real_craters/C177-300m.grd
DSAA
475 475
-71.1725 71.1725
-71.1725 71.1725
1986.305047764 4424.7371368837
[rows 180 to 209 of 475, columns 335 to 401 of 475]
3550.93 3546.79 3544.02 3542.95 3544.29 3543.39 3541.81 3539.67 3537.46 3535.39 3532.97 3530.46 3527.82 3527.2 3528.69 3529.52 3528.31 3530 3536.43 3538.31 3536.06 3536.52 3536.88 3536.35 3533.93 3530.12 3528.06 3529.13 3527.69 3526.65 3525.48 3524.31 3522.5 3520.23 3517.53 3515.93 3513.81 3510.71 3508.21 3515.13 3523.24 3519.81 3515.31 3512.76 3510.79 3510.94 3513.34 3529.46 3527.58 3531.46 3535.73 3541.5 3547.06 3551.29 3553.18 3558.49 3563.07 3567.79 3573.09 3577.85 3580.31 3578.14 3587.44 3597.62 3602.58 3602.9 3601.76
3536.3 3540.06 3543.69 3544.02 3543.7 3542.4 3540.81 3539.17 3536.88 3535.71 3533.89 3532.55 3532.32 3532.33 3531.63 3531.3 3530.69 3529.88 3529.36 3529.38 3534.33 3535.24 3533.67 3533.41 3532.84 3529.81 3527.28 3528.32 3527.95 3526.7 3525 3523.36 3521.45 3519.26 3517.77 3515.49 3512.87 3510.89 3510.63 3512.98 3513.52 3514.94 3514.3 3508.22 3501.32 3504.19 3510.88 3526.97 3527.17 3526.1 3529.57 3534.64 3539.04 3542.96 3549.44 3553.23 3557.43 3562.47 3567.62 3573.38 3577.88 3577.29 3584.19 3594.11 3599.23 3598.22 3595.34
3542.82 3543.09 3547.79 3547.57 3544.82 3542.81 3540.89 3539.2 3537.38 3535.83 3534.44 3534.12 3534.83 3535.32 3534.3 3533.96 3533.8 3531.31 3530.28 3531.55 3530.5 3530.37 3527.55 3529.41 3532.08 3531.13 3530.47 3529.95 3528.44 3526.56 3524.43 3522.32 3520.42 3518.66 3516.73 3514.59 3512.45 3511.31 3511.15 3512.74 3515.11 3512.09 3506.82 3502.8 3500.25 3501.12 3509.26 3516.04 3516.16 3517.32 3522.5 3529.04 3534.85 3539.09 3541.66 3545.47 3551.38 3556.95 3562.35 3567.76 3577.07 3577.72 3581.48 3586.79 3591.1 3589.95 3588.71
3545.55 3545.17 3547.61 3547.16 3544.81 3543.17 3541.4 3539.91 3538.32 3536.94 3535.18 3534.35 3534.92 3535.68 3535.12 3535.6 3535.52 3531.81 3527.34 3524.71 3522.34 3522.23 3524.2 3526 3531.39 3533.98 3532.44 3531.59 3529.75 3527.45 3524.77 3522 3519.63 3517.37 3515.8 3513.83 3510.77 3510.11 3509.44 3509.07 3509.61 3505.68 3500.87 3499.42 3503.75 3508.55 3502.18 3507.51 3507.54 3507.05 3515.96 3525.09 3533.18 3538.67 3539.77 3541.8 3546.71 3552.01 3557.75 3565.15 3578.65 3579.08 3578.14 3581.51 3582.29 3582.26 3582.53
3546.39 3545.39 3546.57 3545.59 3544.22 3542.61 3540.72 3539.46 3538.06 3536.72 3535.45 3534.27 3533.18 3532.87 3533.47 3535.2 3535.51 3529.08 3523.44 3514.43 3517.84 3517.72 3527.91 3534.36 3537.87 3540.65 3539.71 3534.34 3531.33 3528.39 3525.31 3521.92 3518.39 3515.41 3512.76 3510.27 3506.07 3505.86 3505.58 3504.48 3502.37 3503.96 3502.26 3501.31 3501.12 3497.81 3501.17 3498.16 3499.68 3504.97 3512.24 3522.83 3533.68 3541.12 3542.65 3541.71 3542.42 3546.7 3552.46 3560.21 3570.75 3570.79 3568.63 3565.62 3572.64 3577.02 3576.69
3546.42 3544.17 3544.45 3543.53 3542.5 3541.12 3539.75 3538.41 3537.17 3536.32 3535.06 3533.54 3531.21 3527.58 3531.23 3534.25 3532.67 3528.3 3525.06 3526.79 3522.82 3524.7 3530.59 3534.4 3535.29 3537.83 3539.84 3536.94 3533.1 3529.87 3526.29 3522.57 3518.42 3513.34 3507.09 3499.96 3498.74 3498.11 3501.88 3504.9 3507.83 3508.29 3509.33 3507.61 3502.41 3498.09 3491.49 3490.06 3493.62 3497.68 3508.12 3520.47 3533.44 3546.17 3540.83 3534.04 3536.78 3541 3545.97 3550.87 3556.48 3562 3564.28 3564.4 3566.27 3568.53 3571.06
3548.36 3545.18 3542.73 3542.74 3542.16 3541.36 3540.16 3539.05 3537.92 3537.65 3536.3 3534.62 3532.64 3530.87 3532.11 3533.62 3532.68 3525.91 3523.12 3524.38 3523.38 3524.61 3534.41 3534.09 3531.55 3535.62 3537.06 3536.52 3534.77 3531.81 3528.09 3524 3518.9 3513.54 3506.68 3500.05 3498.86 3496.31 3504.19 3510.16 3512.62 3518.13 3513.58 3511.13 3506.35 3498.33 3492.07 3490.34 3493.86 3497.8 3506.78 3517.66 3528.13 3536.48 3534.28 3529.83 3531.72 3535.69 3540.25 3545 3551.13 3558.79 3566.52 3570.4 3567.54 3568.24 3569.45
3553.78 3549.34 3544.35 3543.78 3542.47 3542.35 3541.59 3540.65 3539.6 3538.25 3536.89 3535.77 3535.13 3536.23 3533.29 3528.71 3524.07 3519.03 3518.7 3517.47 3521.6 3529.27 3531.23 3537.06 3539.75 3544.48 3543.06 3540.37 3537.48 3533.94 3530.12 3526.19 3521.58 3516.69 3512.27 3511.26 3507.4 3509.01 3511.99 3518.52 3514.1 3507.91 3514.14 3520.07 3510.83 3500.32 3494.59 3497.42 3499.37 3503.33 3509.08 3514.95 3520.06 3523.49 3523.3 3523.68 3527.74 3531.28 3535.41 3539.24 3544.44 3552.07 3559.45 3567.48 3568.71 3568.24 3568.38
3561.85 3558.56 3549.19 3546.08 3544.57 3543.27 3542.24 3540.91 3539.84 3538.83 3537.81 3536.89 3536.47 3535.05 3531.74 3526 3521.77 3519.07 3520.34 3521.85 3525.54 3530.26 3538.36 3543.12 3549.98 3550.25 3547.65 3544.27 3540.35 3536.79 3533.31 3529.47 3525.37 3521.4 3517.15 3512.22 3514.57 3515.26 3516.01 3515.25 3511.39 3507.34 3514.18 3517.12 3512.02 3502.14 3498.75 3503.27 3504.22 3508.04 3511.09 3512.08 3513.2 3510.51 3513.06 3522.41 3524.2 3527.2 3531.31 3535.39 3538.46 3545.49 3551.84 3563.19 3567.84 3563.56 3562.54
3567.9 3567.7 3555.38 3548.76 3545.51 3544.23 3543.48 3542.27 3541.04 3539.92 3538.84 3537.76 3537.3 3536.92 3534.28 3527.98 3525.79 3526.56 3528.02 3530.05 3533.29 3537.41 3542.29 3546.75 3548.5 3548.95 3547.9 3545.18 3542.48 3539.6 3536.42 3533.16 3530 3526.93 3524.2 3523.06 3531.5 3532.79 3521.18 3509.97 3512.47 3519.96 3520.41 3517 3510.12 3503.97 3501.74 3505.1 3504.35 3505.26 3506.63 3508.55 3510.99 3513.16 3515.66 3515.83 3517.97 3522.54 3528.44 3534.53 3541.71 3547.98 3548.57 3557.3 3558.32 3553.28 3551.71
3568.57 3564.25 3555.77 3549.86 3545.93 3544.31 3543.02 3541.72 3539.77 3538.64 3538.87 3537.88 3537.12 3537.53 3536.69 3532.86 3531.5 3534.35 3535.93 3536.68 3539.11 3543.52 3547.89 3549.99 3550.32 3549.84 3548.78 3545.57 3544.73 3542.47 3539.51 3537.09 3534.62 3532.97 3532.95 3536.6 3545.89 3543.2 3528.11 3516.13 3521.46 3529.03 3528.23 3516.42 3511.16 3502.98 3497.04 3499.22 3501.39 3500.85 3500.2 3505.49 3509.4 3515.93 3519.51 3510.94 3511.58 3518.75 3525.85 3533.76 3542.92 3544.64 3540.98 3547.39 3548.08 3541.73 3538.93
3568.92 3564.71 3553.84 3549 3546.54 3545.8 3543.94 3542.36 3540.75 3538.51 3537.54 3536.12 3534.92 3533.32 3531.18 3529.54 3532.51 3537.78 3540.71 3541.1 3542.71 3546.86 3551.6 3554.19 3554.64 3552.33 3551.64 3553.04 3549.61 3545.4 3542.28 3540.19 3538.59 3537.93 3538.39 3540.52 3546.56 3545.78 3535.52 3528.45 3535.7 3548.07 3546.9 3527.66 3515.46 3497.44 3493.45 3499.22 3501 3502.66 3504.92 3503.72 3504.74 3506.34 3506.14 3504.06 3508.77 3516.57 3523 3529.6 3536.56 3537.4 3539.22 3547.27 3542.93 3537.39 3535.78
3567.13 3559.12 3547.32 3548.62 3548.56 3548.26 3546.82 3545.06 3542.79 3540.11 3538.03 3536.33 3533.5 3529.23 3524.76 3525.66 3532 3537.92 3541.65 3544.18 3546.64 3548.35 3557.65 3558.73 3554.86 3551.55 3551.62 3552.69 3549.43 3546.13 3543.04 3541.22 3540.58 3540.58 3541.86 3545.01 3549.16 3546.98 3541.51 3539.59 3546.65 3558.97 3558.73 3536.39 3521.55 3502.19 3503.22 3500.82 3502.91 3502.68 3501.53 3500.28 3499.11 3497.36 3496.07 3506.03 3513.33 3516.33 3519.79 3523.39 3527.65 3539.65 3542.18 3541.78 3539.55 3536.18 3536.73
3564.41 3555.42 3552.02 3553.06 3552.66 3550.12 3548.14 3546.2 3544.37 3542.15 3540.39 3537.13 3533.66 3529.9 3526.97 3528.77 3534.09 3540.32 3545.83 3547.94 3547.03 3552.65 3567.82 3560.94 3553.81 3550.26 3549.01 3546.14 3545.06 3545.21 3543.84 3542.39 3541.22 3542 3543.95 3546.86 3549.91 3549.46 3545.65 3544.33 3549.76 3554.08 3549.68 3534.97 3521.11 3511.71 3507.71 3511.19 3506.99 3503.42 3499.85 3498.02 3495.4 3493.2 3496.32 3502.68 3512.6 3515.01 3516.48 3517.96 3521.7 3540.4 3539.6 3538.5 3537.03 3535.06 3534.35
3567.65 3570.49 3569.21 3560.58 3556.08 3552.71 3549.73 3548.25 3546.72 3544.22 3541.18 3538.6 3535.46 3533.18 3533.17 3532.55 3538.68 3544.68 3549.73 3555.78 3561.21 3563.04 3562.28 3556.3 3549.5 3548.35 3547.03 3547.24 3547.1 3544.65 3543.09 3542.3 3542.25 3542.83 3544.37 3546.94 3549.07 3553.88 3554.93 3552.11 3549.99 3547.34 3542.23 3529.3 3518.8 3516.05 3514.33 3515.23 3508.49 3504.68 3501.96 3498.31 3493.82 3488.38 3481.72 3495.2 3508.38 3511.13 3512.8 3513.83 3515.54 3525.83 3532.66 3534.94 3535.37 3535.45 3538.63
3562.13 3566.46 3568.13 3562.05 3557.37 3554.16 3551.74 3549.69 3547.93 3545.89 3544.08 3541.86 3539.1 3536.35 3535.13 3540.45 3547.08 3551.47 3554.62 3564.05 3574.97 3568.97 3556.93 3549.71 3544.38 3544.05 3544.18 3545.75 3545.68 3543.41 3542.5 3542.25 3542.78 3543.37 3544.22 3546.4 3554.44 3558.83 3561.48 3556.87 3548.88 3539.82 3527.84 3530.01 3525.42 3520.69 3509.58 3503.48 3505.39 3504.7 3503.34 3499.87 3495.16 3491.27 3491.42 3496.71 3502.17 3508.14 3510.11 3511.56 3513.44 3518.5 3531.33 3534.8 3534.76 3533.88 3535.47
3551.42 3553.46 3556.77 3558.98 3557.48 3555.11 3552.99 3551.53 3550.6 3550.26 3549.06 3547.45 3544.95 3542.22 3542.19 3552.93 3559.94 3564.16 3567.37 3568.64 3567.72 3561.61 3549.63 3546.63 3547.08 3541.62 3540.89 3541.09 3540.74 3540.72 3541.46 3542.32 3543.4 3544.21 3544.34 3543.57 3552.95 3560.16 3560.58 3554.49 3545.96 3538.43 3533.52 3532.74 3525.82 3517.87 3504.99 3506.02 3504.97 3504.72 3503.95 3501.64 3498.07 3494.62 3494.41 3497.28 3505.71 3506.79 3508.85 3512.52 3516.92 3520 3536.3 3543.08 3533.75 3528.83 3532.5
3560.8 3557.79 3558.49 3559.21 3557.96 3556.3 3555.12 3554.5 3553.9 3554.32 3554.79 3555.77 3555.75 3553.51 3551.46 3569.92 3575.88 3577.44 3576.37 3571.8 3563.61 3555.88 3549.81 3549.21 3549.75 3543.05 3539.95 3538.49 3538.17 3538.31 3540.94 3543.65 3545.1 3546.82 3547.94 3548.79 3558.52 3556.97 3550 3546.32 3541.68 3536.89 3533.3 3529.97 3519.17 3514.62 3506.18 3503.98 3503.59 3506.05 3507.66 3506.65 3502.04 3496.9 3491.06 3491.67 3498.11 3503.88 3508.89 3514.83 3522.41 3533.63 3544.14 3534.81 3529.9 3520.74 3516.15
3563.81 3562.48 3563.7 3561.44 3558.32 3557.09 3557.13 3557.29 3557.81 3559.73 3562.2 3565.43 3569.3 3574.49 3580.5 3592.51 3591.99 3589.77 3587.27 3575.82 3559.12 3550.01 3551.24 3552.5 3552.12 3547.35 3543.07 3537.26 3531.64 3536.13 3541.62 3545.96 3548.61 3550.44 3552.32 3555.57 3551.63 3545.27 3538.72 3538.15 3537.24 3534.98 3531.45 3534.18 3529.1 3521.86 3516.33 3508.97 3506.49 3508.99 3511.3 3510.86 3506.45 3502.24 3497.32 3495.08 3498.23 3500.93 3507.93 3516.66 3524.77 3525.89 3547.23 3540.38 3530.35 3518.11 3509.86
3553.46 3558.4 3561.47 3559.94 3557.51 3557.11 3557.96 3559.01 3561.15 3564.07 3568.76 3574.79 3582.99 3595.33 3608.3 3608.8 3604.13 3596.97 3587.67 3572.94 3558.48 3552.82 3555.67 3559.35 3558.61 3556.84 3550.25 3541.03 3531.41 3540.49 3547.03 3550.55 3552.35 3553.51 3554.31 3554.94 3552.13 3545.52 3537.02 3534.91 3535.37 3535.88 3537.57 3540.66 3532.72 3527.55 3519.48 3513.37 3514.49 3511.88 3511.66 3510.67 3510.55 3509.86 3510.16 3508.45 3496.45 3496.16 3506.98 3519.16 3531.97 3545.74 3546.85 3548.6 3531.19 3516.71 3504.23
3563.12 3559.11 3557.04 3555.16 3554.86 3556.78 3558.87 3561.38 3564.21 3567.82 3573.62 3580.94 3590.21 3602.35 3615.05 3617.36 3611.88 3601.34 3586.26 3571.25 3557.85 3553.26 3561.55 3569.17 3563.9 3557.43 3551.78 3550.44 3558.47 3557.46 3556.07 3556.61 3557.26 3557.08 3556.46 3555.84 3560.18 3555.13 3538.83 3535.29 3535.59 3537.25 3543.13 3551.13 3539.65 3530.52 3522.33 3514.44 3512.23 3512.62 3512.92 3515.19 3513.81 3515.64 3519.12 3516.97 3502.43 3499.33 3509.51 3521.33 3533.11 3542.72 3527.15 3525.73 3521.81 3513.13 3505.19
3577.6 3563.46 3551.81 3548.1 3552.82 3557.28 3561.08 3564.01 3566.57 3570.04 3575.56 3583.05 3592.35 3603.15 3613.1 3622.64 3616.19 3605.06 3594.23 3581.95 3567.36 3556.68 3562.93 3570.74 3565.35 3553.2 3547.8 3555.5 3562.3 3564.52 3563.97 3563.34 3562.57 3561.99 3560.85 3559.95 3559.71 3548.56 3539.28 3536.63 3536.59 3536.02 3534.13 3533.74 3532.64 3521.76 3520.73 3524.44 3516.4 3513.1 3511.06 3508.97 3513.38 3518.6 3523.93 3523.91 3515.15 3509.63 3515.42 3522.86 3526.84 3517.26 3513.83 3515.13 3518.01 3518.52 3514.98
3582.67 3567.43 3553.83 3549.18 3555.17 3560.44 3563.8 3565.99 3568.06 3570.25 3573.74 3579.83 3588.48 3602.5 3614.3 3619.98 3614.19 3603.67 3592.41 3576.19 3552.08 3557.53 3563.05 3568.36 3563.52 3554.96 3552.52 3560.29 3567.12 3570.67 3570.65 3569.28 3568.14 3567.5 3567.6 3567.67 3567.81 3559.51 3540.65 3541.7 3540.62 3537.7 3530.45 3522.42 3524.86 3525.99 3524.46 3518.73 3518.94 3513.58 3508.27 3509.03 3510.26 3519.08 3530.09 3538.74 3529.8 3522.05 3523.13 3527.75 3532.4 3533.77 3523.21 3521.16 3521.96 3522.89 3518.42
3581.36 3572.19 3563.55 3559.22 3564.68 3567.49 3568.8 3569.29 3569.13 3570.35 3571.53 3573.79 3577.35 3583.34 3596.41 3607.44 3607.07 3598.4 3584.96 3568.34 3560.15 3565.04 3566.24 3562.51 3559.76 3559.56 3560.92 3569.22 3576.56 3579.58 3575.49 3573.84 3573.13 3572.91 3572.8 3575.12 3576.95 3567.41 3554.93 3552.22 3549.04 3546.06 3542.38 3532.88 3539.26 3548.07 3537.97 3526.93 3524.86 3513.3 3503.92 3495.09 3503.06 3516.63 3530.66 3541.57 3536.47 3527.57 3529.4 3532.13 3536.22 3542.79 3532.23 3522.14 3517.68 3513.94 3510.82
3578.72 3578.68 3579.76 3583.89 3579.12 3577 3574.78 3572.59 3571.05 3570.17 3569.07 3568.24 3566.7 3565.88 3580.31 3595.33 3598.92 3594.63 3584.88 3575.45 3577.7 3576.34 3569.7 3561.36 3557.75 3566.39 3578.71 3576.98 3576.49 3574.68 3576.13 3576.07 3577.05 3578.75 3579.46 3582.83 3588.83 3593.35 3577.44 3566.11 3558.11 3552.91 3548.94 3539.64 3553.47 3564.27 3549.95 3533.56 3519.77 3514.06 3504.19 3494.72 3500.91 3514.51 3527.79 3537.44 3539.5 3537.96 3538.65 3536.33 3529.71 3532.92 3521.57 3509.6 3501.21 3501.63 3500.73
3581.17 3586.57 3591.53 3591.71 3590.72 3586.03 3581.24 3576.82 3573.25 3570.52 3567.87 3565.38 3562.89 3562.34 3574.71 3587.01 3594.71 3595.85 3591.37 3587.34 3592.22 3582.85 3573.21 3560.26 3558.93 3568.74 3578.05 3577.65 3576.78 3577.5 3575.3 3576.42 3578.69 3583.5 3590.59 3593.83 3597.32 3601.42 3590.91 3576.07 3564.28 3556.23 3549.8 3545.69 3563.17 3571.72 3562.09 3546.92 3535.65 3522.67 3510.33 3503.5 3505.7 3513.72 3524.83 3535.9 3545.12 3551.01 3545.56 3541.45 3542.4 3542.85 3505.07 3498.41 3493.73 3492.28 3493.57
3589.07 3595.34 3601.9 3607.7 3602.26 3593.72 3585.3 3579.39 3575.07 3571.39 3568.13 3565.17 3564.29 3567.22 3577.43 3590.17 3598.64 3600.81 3601.78 3606.66 3602.84 3593.61 3579.69 3566.16 3567.3 3571.36 3572.3 3576.09 3574.25 3570.53 3572.07 3574.14 3577.95 3583.49 3590.76 3595.11 3598.34 3600.58 3592.96 3579.43 3567.09 3556.48 3547.23 3539.33 3560.46 3582.69 3579.76 3563.71 3547.05 3528.46 3515.65 3509.72 3507.86 3511.22 3520.57 3533.12 3542.3 3545.04 3544.07 3539.01 3536.23 3532.68 3503.57 3503.75 3513.41 3496.99 3494.2
3596.61 3601.8 3608.8 3617.59 3608.34 3595.45 3586.2 3579.42 3574.6 3571.08 3568.25 3566.34 3566.32 3570.26 3580.96 3593.5 3602.38 3603.87 3604.52 3605.6 3597.69 3584.74 3570.69 3567.2 3571.17 3574.32 3582.62 3577.1 3569.88 3569.52 3566.76 3570.09 3574.64 3579.18 3583.69 3588.43 3592.32 3595.59 3588.1 3577.56 3566.91 3556.34 3548.32 3546.5 3560.42 3588.76 3593.11 3582.36 3556.58 3531.07 3520.15 3506.32 3499.77 3506.76 3513.32 3519.04 3525.9 3538.15 3536.65 3529.61 3527.97 3532.96 3509.47 3507.7 3505.82 3508.08 3503.19
3602.13 3602.45 3604.7 3607.92 3599.91 3589.17 3581.52 3576.05 3572.22 3569.46 3568.07 3567.87 3569.02 3573.09 3582.38 3594.57 3603.73 3601.38 3599.22 3595.89 3588.22 3576.24 3563.84 3565.29 3569.39 3573.08 3570.26 3567.13 3563.37 3551.46 3560.05 3567.39 3571.58 3574.27 3577.35 3581.65 3578.58 3575.66 3578.38 3573.06 3567.02 3557.85 3550.18 3549.99 3557.22 3584.06 3595.13 3584.31 3568.21 3550.12 3529.74 3514.44 3507.29 3507.12 3508.48 3508.68 3510.52 3520.39 3520.24 3514.39 3515.05 3518.93 3503.91 3511.67 3520.81 3518.53 3514.85
3602.16 3596.99 3592.13 3586.73 3579.97 3575.93 3573.28 3571.3 3569.74 3568.88 3568.48 3569.19 3570.62 3573.83 3579.34 3587.5 3593.85 3590.16 3587.95 3589.56 3583.12 3578.11 3569.96 3574.8 3579.79 3575.66 3569.54 3567.37 3567.58 3565.97 3567.07 3569.61 3571.26 3571.5 3573.65 3581.32 3584.54 3574.01 3567.94 3567.44 3569.8 3571.28 3561.9 3553.13 3556.93 3578.02 3589.03 3578.94 3567.08 3555.87 3536.49 3522.12 3513.85 3508 3508.02 3509.69 3514.26 3511.51 3508.08 3501.16 3492.24 3494.32 3493.99 3504.19 3525.88 3523.8 3521.09
