real_craters/C177-750m.grd
DSAA
191 191
-71.1725 71.1725
-71.1725 71.1725
1999.1411768544 4408.6254994752
[rows 152 to 189 of 191, columns 0 to 83 of 191]
3528 3528 3545 3566 3581 3579 3567 3555 3545 3538 3533 3530 3532 3543 3576 3581 3564 3552 3614 3665 3658 3636 3623 3617 3636 3656 3653 3627 3611 3585 3584 3593 3642 3725 3788 3729 3530 3303 3070 2855 2703 2583 2531 2521 2519 2529 2560 2591 2596 2645 2649 2621 2574 2540 2513 2553 2618 2755 2914 3114 3441 3763 3893 3860 3795 3721 3640 3596 3608 3645 3630 3606 3594 3590 3581 3580 3592 3623 3656 3676 3688 3679 3671 3659
3532 3534 3538 3547 3580 3579 3565 3554 3545 3539 3533 3534 3534 3540 3550 3553 3537 3549 3597 3647 3655 3646 3644 3650 3651 3659 3658 3645 3623 3602 3579 3591 3630 3716 3781 3752 3607 3411 3200 2993 2871 2709 2586 2551 2527 2520 2532 2534 2531 2583 2616 2616 2598 2561 2613 2672 2741 2879 3045 3276 3656 3833 3854 3833 3783 3719 3638 3590 3605 3614 3605 3591 3581 3578 3569 3580 3604 3629 3653 3671 3684 3693 3689 3646
3534 3535 3537 3539 3563 3566 3561 3549 3542 3538 3540 3549 3524 3526 3539 3538 3528 3553 3577 3609 3625 3637 3655 3673 3657 3629 3633 3639 3634 3630 3613 3597 3604 3694 3775 3799 3671 3508 3338 3173 3053 2846 2710 2626 2560 2531 2536 2536 2546 2576 2616 2649 2668 2702 2762 2823 2907 3050 3224 3437 3735 3820 3797 3778 3739 3693 3637 3597 3589 3609 3567 3561 3572 3580 3574 3568 3615 3639 3647 3657 3669 3682 3679 3626
3537 3539 3537 3544 3554 3557 3548 3543 3538 3532 3524 3522 3511 3530 3533 3540 3526 3536 3552 3564 3581 3612 3645 3682 3659 3629 3634 3642 3641 3635 3641 3616 3598 3670 3744 3769 3695 3588 3466 3338 3173 2994 2867 2746 2665 2602 2586 2557 2555 2592 2657 2714 2764 2818 2906 3004 3112 3272 3468 3634 3748 3766 3748 3725 3697 3664 3632 3610 3582 3573 3578 3599 3589 3592 3592 3597 3619 3638 3644 3649 3648 3639 3614 3610
3535 3526 3537 3544 3544 3533 3537 3535 3533 3526 3517 3508 3505 3517 3517 3520 3523 3528 3535 3538 3547 3585 3614 3634 3641 3651 3661 3667 3659 3641 3621 3620 3617 3653 3704 3727 3700 3646 3583 3517 3396 3168 3037 2907 2835 2776 2700 2579 2544 2612 2716 2825 2913 2985 3101 3229 3361 3515 3698 3770 3740 3716 3696 3682 3665 3645 3623 3597 3592 3580 3569 3580 3583 3572 3599 3619 3633 3639 3640 3636 3631 3615 3600 3607
3540 3539 3542 3538 3538 3533 3534 3528 3525 3522 3514 3501 3495 3517 3513 3505 3517 3529 3532 3538 3547 3571 3588 3595 3617 3654 3695 3701 3685 3661 3632 3630 3612 3638 3678 3706 3706 3691 3674 3642 3530 3364 3229 3107 3053 2981 2875 2614 2535 2640 2804 2971 3127 3232 3345 3485 3633 3750 3760 3755 3713 3670 3662 3654 3644 3633 3621 3609 3596 3608 3571 3560 3581 3580 3595 3616 3635 3645 3644 3631 3617 3601 3597 3591
3544 3546 3546 3547 3539 3530 3515 3514 3516 3520 3523 3512 3506 3514 3500 3511 3520 3530 3530 3540 3557 3567 3577 3589 3612 3659 3727 3733 3710 3683 3657 3639 3618 3635 3665 3694 3707 3716 3733 3760 3780 3612 3488 3378 3311 3264 3140 2654 2536 2693 2914 3150 3382 3488 3608 3733 3805 3810 3731 3700 3688 3669 3643 3642 3641 3634 3627 3628 3626 3644 3624 3625 3602 3592 3606 3656 3660 3660 3650 3635 3616 3596 3576 3579
3546 3551 3557 3553 3535 3512 3494 3499 3507 3513 3516 3513 3504 3517 3514 3504 3503 3506 3519 3535 3560 3564 3572 3581 3598 3648 3723 3737 3725 3706 3688 3672 3652 3652 3665 3689 3697 3713 3741 3782 3820 3825 3731 3651 3562 3493 3401 2746 2599 2771 3035 3329 3603 3744 3782 3867 3861 3761 3698 3665 3647 3624 3628 3639 3643 3643 3635 3627 3651 3683 3626 3617 3611 3603 3618 3689 3690 3682 3667 3644 3621 3601 3584 3581
3546 3555 3558 3552 3536 3521 3490 3497 3506 3510 3502 3504 3506 3510 3511 3507 3496 3495 3509 3529 3544 3561 3570 3582 3619 3647 3696 3722 3728 3729 3717 3707 3685 3670 3669 3679 3685 3701 3723 3738 3743 3785 3806 3803 3742 3691 3665 2880 2727 2898 3167 3480 3813 3846 3809 3784 3764 3719 3680 3644 3628 3618 3629 3646 3652 3656 3651 3644 3639 3640 3653 3651 3640 3625 3643 3655 3710 3704 3677 3651 3629 3610 3596 3602
3546 3556 3561 3551 3535 3521 3504 3505 3511 3517 3518 3508 3508 3506 3515 3515 3514 3504 3510 3528 3550 3560 3566 3578 3596 3635 3681 3704 3723 3737 3736 3729 3697 3686 3680 3678 3678 3688 3698 3702 3709 3728 3759 3804 3808 3841 3888 3078 2934 3076 3302 3545 3739 3759 3746 3720 3698 3670 3631 3624 3616 3628 3652 3669 3676 3673 3670 3676 3654 3634 3722 3707 3662 3641 3628 3642 3680 3694 3670 3645 3625 3610 3599 3593
3547 3557 3561 3553 3533 3515 3514 3516 3518 3521 3513 3512 3518 3505 3509 3509 3509 3503 3512 3527 3533 3541 3556 3565 3579 3608 3648 3682 3707 3725 3731 3723 3711 3703 3695 3685 3677 3682 3685 3682 3679 3680 3690 3716 3782 3806 3839 3272 3203 3294 3432 3587 3691 3683 3674 3665 3646 3619 3615 3624 3630 3658 3684 3689 3694 3694 3682 3640 3617 3640 3724 3748 3690 3673 3653 3647 3667 3667 3658 3644 3628 3608 3592 3576
3550 3558 3561 3556 3529 3518 3528 3523 3522 3524 3520 3524 3517 3505 3504 3506 3512 3527 3532 3530 3535 3544 3558 3564 3565 3589 3627 3661 3691 3711 3720 3716 3720 3726 3711 3699 3691 3686 3681 3675 3665 3645 3661 3726 3764 3763 3735 3596 3478 3479 3543 3630 3682 3652 3638 3618 3622 3626 3626 3644 3670 3685 3700 3707 3712 3716 3716 3676 3662 3660 3700 3731 3710 3700 3686 3687 3655 3640 3646 3636 3618 3598 3573 3540
3549 3557 3562 3550 3535 3529 3523 3521 3520 3518 3516 3528 3520 3504 3505 3519 3544 3527 3523 3535 3548 3557 3570 3575 3576 3569 3605 3640 3675 3702 3702 3709 3716 3720 3719 3709 3700 3692 3683 3674 3665 3652 3664 3727 3755 3737 3724 3799 3669 3626 3651 3678 3678 3668 3652 3610 3624 3657 3650 3668 3690 3695 3701 3713 3719 3724 3735 3727 3684 3678 3641 3714 3717 3730 3701 3665 3662 3667 3648 3633 3617 3598 3573 3561
3547 3550 3548 3540 3517 3526 3523 3518 3517 3519 3516 3528 3514 3506 3513 3539 3529 3519 3520 3543 3566 3588 3586 3583 3575 3554 3575 3615 3657 3687 3685 3683 3698 3708 3718 3714 3706 3696 3686 3676 3666 3654 3664 3709 3724 3709 3743 3726 3719 3711 3715 3723 3722 3702 3709 3704 3662 3705 3703 3686 3688 3699 3705 3714 3714 3712 3706 3702 3659 3689 3656 3671 3725 3712 3684 3664 3663 3665 3645 3623 3609 3597 3590 3583
3537 3541 3526 3518 3521 3518 3515 3513 3516 3517 3536 3522 3507 3505 3514 3555 3518 3521 3539 3561 3579 3591 3589 3582 3566 3548 3564 3590 3620 3648 3646 3681 3700 3715 3720 3714 3706 3697 3686 3672 3660 3650 3645 3654 3660 3678 3698 3679 3689 3707 3722 3729 3722 3719 3718 3722 3723 3721 3695 3681 3688 3701 3724 3718 3707 3694 3680 3688 3720 3748 3706 3675 3712 3684 3669 3654 3647 3646 3631 3615 3601 3597 3604 3616
3526 3523 3524 3517 3520 3514 3516 3519 3518 3520 3521 3526 3511 3512 3513 3525 3519 3536 3563 3583 3591 3590 3588 3576 3555 3546 3553 3565 3579 3601 3610 3649 3677 3695 3707 3707 3703 3697 3684 3665 3646 3638 3604 3595 3602 3670 3700 3657 3668 3682 3703 3724 3730 3726 3719 3717 3722 3712 3690 3660 3650 3686 3728 3718 3689 3681 3691 3703 3704 3732 3714 3687 3667 3657 3641 3626 3616 3614 3606 3595 3585 3581 3586 3605
3523 3520 3517 3512 3516 3514 3516 3518 3517 3518 3517 3516 3509 3510 3516 3527 3526 3554 3595 3606 3603 3597 3589 3583 3569 3549 3546 3548 3546 3551 3565 3603 3624 3665 3684 3688 3698 3705 3682 3654 3624 3593 3589 3598 3598 3682 3736 3650 3661 3673 3695 3715 3728 3725 3727 3727 3726 3723 3701 3666 3645 3657 3657 3632 3638 3652 3684 3683 3602 3676 3707 3663 3676 3645 3588 3573 3576 3580 3577 3570 3561 3553 3547 3555
3517 3519 3516 3513 3514 3517 3514 3506 3512 3507 3511 3516 3523 3531 3516 3507 3524 3565 3604 3614 3607 3599 3583 3557 3553 3546 3541 3543 3547 3542 3557 3575 3587 3623 3634 3651 3674 3687 3670 3644 3615 3588 3583 3604 3594 3672 3714 3596 3630 3650 3677 3697 3705 3707 3705 3710 3715 3708 3698 3693 3673 3638 3594 3570 3584 3594 3596 3598 3568 3628 3655 3651 3638 3590 3530 3528 3541 3550 3552 3543 3537 3528 3515 3513
3520 3518 3506 3511 3512 3511 3513 3517 3516 3514 3517 3522 3529 3532 3523 3518 3535 3581 3602 3608 3602 3592 3577 3558 3552 3542 3546 3548 3553 3561 3566 3565 3562 3581 3585 3611 3639 3657 3651 3635 3615 3593 3590 3592 3567 3632 3655 3542 3582 3619 3658 3688 3687 3680 3680 3680 3684 3694 3693 3697 3675 3635 3596 3564 3555 3550 3548 3568 3570 3561 3614 3636 3585 3534 3523 3514 3514 3514 3509 3516 3517 3515 3507 3495
3519 3517 3512 3505 3502 3503 3509 3516 3517 3508 3511 3519 3523 3522 3525 3527 3544 3587 3600 3600 3596 3584 3567 3569 3563 3553 3553 3560 3560 3566 3572 3568 3568 3573 3568 3583 3609 3625 3632 3628 3619 3606 3581 3552 3555 3597 3614 3529 3544 3590 3634 3660 3653 3650 3648 3649 3656 3687 3676 3671 3657 3627 3599 3559 3545 3546 3567 3590 3589 3600 3621 3638 3566 3530 3516 3507 3501 3497 3501 3500 3504 3506 3510 3496
3508 3514 3510 3505 3499 3499 3506 3510 3519 3520 3513 3515 3518 3522 3527 3535 3561 3593 3597 3595 3592 3584 3574 3576 3564 3556 3564 3565 3569 3566 3567 3569 3567 3565 3549 3575 3601 3616 3626 3628 3625 3616 3591 3539 3530 3555 3560 3519 3531 3565 3606 3637 3625 3619 3617 3620 3630 3642 3644 3646 3629 3603 3576 3539 3538 3550 3592 3614 3595 3584 3600 3603 3547 3538 3510 3500 3496 3493 3487 3494 3498 3499 3497 3497
3517 3512 3517 3511 3509 3505 3504 3505 3510 3512 3508 3506 3513 3520 3527 3541 3565 3580 3591 3595 3594 3588 3583 3571 3572 3568 3566 3574 3577 3571 3572 3575 3572 3566 3582 3594 3606 3620 3626 3631 3633 3630 3622 3566 3534 3549 3546 3514 3516 3538 3567 3586 3594 3592 3592 3590 3581 3577 3593 3614 3597 3571 3543 3527 3530 3540 3566 3573 3548 3530 3553 3569 3561 3521 3496 3495 3494 3494 3494 3494 3497 3498 3498 3502
3516 3512 3516 3515 3510 3505 3503 3503 3505 3508 3506 3501 3510 3512 3520 3543 3564 3580 3596 3602 3600 3591 3583 3579 3574 3573 3572 3578 3591 3585 3583 3586 3593 3602 3611 3612 3614 3624 3631 3634 3635 3637 3632 3592 3551 3541 3537 3506 3494 3512 3535 3552 3563 3575 3579 3579 3569 3559 3556 3551 3564 3546 3525 3521 3525 3537 3540 3545 3530 3518 3531 3555 3559 3529 3507 3499 3497 3497 3497 3500 3501 3498 3495 3495
3524 3511 3520 3521 3517 3508 3506 3504 3503 3504 3506 3506 3509 3517 3529 3547 3564 3596 3615 3617 3607 3591 3579 3578 3569 3572 3585 3591 3582 3589 3591 3594 3600 3616 3619 3616 3617 3624 3629 3629 3630 3632 3626 3609 3571 3533 3520 3501 3489 3498 3508 3521 3550 3573 3584 3586 3582 3567 3559 3562 3556 3532 3514 3513 3519 3528 3546 3542 3521 3501 3520 3542 3539 3526 3511 3501 3501 3505 3512 3512 3508 3501 3496 3498
3520 3522 3523 3519 3510 3509 3508 3507 3506 3502 3509 3508 3514 3508 3538 3546 3573 3606 3625 3627 3608 3588 3573 3577 3563 3572 3591 3600 3604 3604 3594 3593 3599 3609 3616 3611 3613 3617 3619 3620 3619 3618 3618 3596 3573 3531 3512 3502 3496 3501 3509 3522 3548 3574 3591 3596 3596 3596 3585 3573 3545 3524 3508 3508 3513 3523 3525 3522 3513 3504 3508 3509 3524 3515 3501 3500 3503 3509 3516 3520 3518 3514 3499 3490
3527 3539 3531 3516 3513 3512 3510 3511 3507 3516 3515 3510 3505 3505 3523 3539 3568 3602 3625 3611 3595 3580 3577 3573 3564 3569 3578 3591 3596 3588 3583 3583 3587 3594 3602 3608 3610 3608 3607 3605 3601 3595 3586 3567 3555 3529 3519 3515 3509 3513 3529 3542 3556 3570 3585 3599 3608 3597 3591 3561 3528 3518 3512 3508 3510 3518 3525 3526 3512 3504 3504 3513 3515 3502 3492 3495 3501 3508 3517 3521 3518 3519 3478 3488
3529 3530 3532 3523 3524 3512 3511 3511 3513 3517 3523 3511 3509 3507 3512 3531 3558 3588 3606 3599 3579 3567 3552 3558 3567 3565 3563 3582 3574 3556 3563 3566 3568 3567 3583 3610 3603 3594 3589 3589 3579 3574 3563 3547 3544 3539 3528 3532 3537 3536 3545 3556 3562 3571 3586 3601 3603 3603 3588 3548 3517 3514 3513 3507 3506 3515 3530 3530 3520 3512 3512 3515 3506 3498 3490 3494 3500 3504 3505 3505 3505 3500 3493 3492
3521 3529 3530 3521 3518 3513 3514 3513 3512 3515 3522 3511 3509 3515 3506 3522 3549 3573 3596 3591 3575 3558 3551 3557 3561 3561 3562 3574 3562 3552 3552 3552 3550 3552 3555 3586 3584 3579 3574 3569 3562 3557 3552 3545 3553 3537 3532 3541 3551 3556 3563 3569 3569 3570 3591 3614 3621 3601 3577 3540 3511 3513 3513 3509 3509 3518 3524 3539 3522 3512 3511 3503 3501 3498 3493 3502 3503 3501 3497 3492 3493 3491 3469 3483
3519 3519 3518 3514 3519 3522 3518 3518 3525 3517 3515 3509 3505 3505 3508 3527 3544 3567 3594 3589 3566 3555 3555 3557 3555 3558 3564 3573 3561 3549 3546 3544 3541 3533 3541 3562 3561 3557 3552 3546 3546 3548 3552 3560 3550 3546 3536 3545 3559 3560 3555 3574 3576 3583 3604 3630 3624 3594 3570 3536 3514 3513 3514 3514 3520 3519 3522 3543 3533 3512 3502 3499 3499 3483 3522 3512 3505 3499 3492 3483 3488 3491 3493 3489
3515 3507 3525 3516 3517 3516 3516 3515 3518 3526 3522 3508 3500 3510 3511 3515 3539 3557 3589 3587 3573 3562 3565 3557 3553 3557 3564 3584 3566 3548 3544 3541 3540 3543 3539 3539 3536 3533 3528 3528 3531 3539 3547 3552 3547 3556 3535 3540 3554 3563 3565 3576 3577 3586 3611 3644 3632 3569 3532 3528 3511 3509 3509 3515 3516 3509 3516 3519 3510 3505 3499 3499 3505 3516 3518 3511 3506 3500 3495 3494 3494 3504 3492 3495
3511 3516 3537 3512 3512 3510 3512 3514 3514 3529 3542 3520 3506 3509 3510 3506 3537 3568 3581 3579 3572 3568 3570 3555 3551 3556 3563 3575 3563 3549 3543 3539 3537 3540 3533 3522 3518 3516 3511 3512 3521 3533 3545 3549 3566 3551 3527 3528 3539 3556 3562 3569 3570 3576 3598 3620 3605 3552 3534 3526 3523 3509 3512 3519 3519 3512 3505 3511 3509 3503 3505 3509 3504 3514 3509 3508 3507 3505 3501 3501 3493 3485 3493 3498
3521 3538 3523 3516 3506 3504 3506 3506 3505 3518 3527 3511 3507 3507 3508 3515 3538 3557 3570 3577 3573 3570 3574 3566 3559 3556 3560 3567 3565 3551 3540 3535 3529 3519 3507 3506 3512 3508 3503 3498 3514 3530 3545 3562 3572 3541 3523 3521 3534 3556 3563 3560 3558 3564 3582 3602 3580 3541 3514 3516 3522 3517 3516 3523 3530 3511 3507 3511 3499 3501 3506 3510 3507 3510 3509 3510 3512 3511 3505 3493 3484 3480 3503 3502
3540 3552 3527 3504 3499 3498 3500 3502 3503 3507 3511 3512 3508 3508 3512 3518 3537 3552 3566 3579 3576 3574 3573 3571 3564 3555 3553 3563 3546 3542 3537 3530 3522 3512 3509 3504 3507 3509 3507 3506 3514 3525 3540 3556 3564 3540 3514 3524 3534 3547 3555 3547 3540 3545 3564 3573 3561 3531 3504 3508 3514 3513 3514 3519 3523 3510 3507 3502 3498 3494 3504 3512 3523 3521 3519 3525 3525 3521 3513 3503 3490 3485 3497 3502
3540 3547 3528 3497 3493 3497 3496 3495 3497 3501 3503 3511 3514 3513 3510 3513 3537 3559 3577 3578 3572 3573 3571 3568 3559 3546 3539 3543 3535 3535 3530 3524 3516 3509 3507 3509 3516 3522 3524 3523 3530 3537 3543 3540 3552 3535 3529 3527 3537 3544 3546 3537 3524 3528 3554 3575 3549 3526 3510 3509 3512 3507 3506 3508 3505 3501 3505 3500 3499 3497 3512 3521 3532 3538 3545 3550 3541 3531 3521 3514 3505 3491 3492 3500
3532 3528 3509 3498 3491 3490 3486 3484 3491 3492 3492 3499 3504 3503 3502 3507 3530 3553 3571 3562 3562 3573 3576 3569 3553 3531 3517 3522 3532 3530 3524 3518 3513 3508 3506 3530 3547 3543 3541 3540 3542 3548 3550 3545 3566 3523 3524 3520 3535 3547 3544 3534 3519 3522 3540 3552 3536 3520 3518 3521 3512 3500 3499 3499 3496 3496 3497 3495 3500 3508 3515 3524 3539 3554 3565 3565 3552 3537 3524 3515 3505 3492 3493 3502
3526 3512 3506 3492 3489 3486 3486 3487 3486 3485 3484 3483 3491 3490 3494 3499 3516 3537 3551 3556 3552 3555 3563 3561 3537 3516 3507 3521 3529 3524 3520 3516 3514 3514 3519 3554 3568 3558 3551 3547 3546 3550 3557 3570 3545 3517 3513 3501 3530 3553 3549 3536 3530 3526 3532 3536 3522 3511 3528 3538 3531 3506 3499 3496 3492 3489 3494 3496 3502 3505 3511 3527 3542 3565 3583 3588 3553 3533 3521 3512 3504 3496 3499 3507
3518 3519 3513 3499 3488 3486 3487 3484 3482 3486 3495 3483 3488 3480 3488 3495 3505 3523 3534 3533 3529 3534 3541 3546 3513 3499 3500 3510 3508 3511 3511 3513 3516 3522 3535 3576 3580 3562 3555 3553 3552 3555 3558 3561 3536 3524 3515 3505 3529 3556 3547 3535 3529 3528 3525 3521 3513 3508 3528 3545 3543 3519 3504 3498 3491 3487 3498 3505 3512 3519 3542 3544 3560 3577 3585 3549 3530 3521 3516 3511 3511 3500 3508 3518
3524 3518 3503 3498 3490 3488 3484 3489 3488 3489 3502 3483 3466 3484 3490 3493 3496 3515 3525 3511 3506 3528 3506 3470 3487 3485 3496 3505 3497 3500 3504 3510 3519 3531 3552 3575 3567 3556 3559 3557 3554 3555 3552 3541 3523 3527 3505 3507 3526 3545 3527 3524 3529 3530 3531 3523 3512 3511 3526 3542 3537 3520 3508 3500 3490 3484 3495 3510 3524 3534 3544 3558 3571 3580 3574 3513 3508 3511 3509 3508 3508 3513 3522 3528
