real_craters/C177-500m.grd
DSAA
286 286
-71.1725 71.1725
-71.1725 71.1725
1992.5219207935 4397.9392632885
[rows 120 to 149 of 286, columns 201 to 267 of 286]
3561.87 3557.69 3558.32 3556.37 3558.55 3562.34 3568.17 3578.38 3595.4 3615.72 3609.53 3591.85 3566.88 3552.15 3565.62 3561.1 3552.97 3544.87 3550.17 3553.61 3555.33 3555.04 3556.51 3544.47 3535.05 3536.62 3544.27 3530.76 3525.52 3513.17 3512.38 3512.57 3513.04 3518.06 3501.79 3502.13 3522.83 3542.47 3537.77 3524.38 3504.63 3505.65 3524 3540.35 3561.04 3583.64 3591.05 3588.21 3577.62 3565.14 3550.6 3533.73 3516.04 3505.33 3513.65 3520.72 3516.74 3510.9 3507.48 3502.9 3491.61 3482.7 3481.93 3483.27 3489.07 3501.46 3514.31
3587.1 3565.09 3544.81 3554.37 3561.36 3565.93 3571.7 3581.92 3599.43 3617.99 3617.16 3599.04 3578.2 3557.44 3567.32 3562.38 3548.13 3560.4 3565.72 3564.9 3563.72 3561.56 3561.1 3543.54 3537.55 3536.48 3526.64 3527.43 3520.06 3518.84 3512.61 3508.44 3515.79 3526.91 3521.06 3514.32 3525.02 3519.9 3515.22 3519.33 3517.58 3516.36 3523.09 3536.84 3556.28 3572.7 3587.48 3589.38 3580.74 3569.25 3555.81 3540.16 3519.41 3504.8 3515.96 3515.71 3509 3504 3498.55 3495.69 3489.5 3484.32 3484.23 3481.93 3485.9 3500.79 3513.89
3587.96 3572.09 3557.83 3564.57 3568.18 3568.78 3570.7 3574.42 3582.01 3601.61 3608.18 3591.44 3564.07 3563.22 3564.25 3559.72 3558.26 3572.44 3577.8 3573.63 3572.55 3572.8 3576.16 3555.69 3550.42 3545.65 3536.12 3540.13 3538.27 3524.33 3511.57 3497.15 3510.32 3533.25 3537.8 3527.46 3532.32 3542.73 3525.9 3517.81 3512.31 3510.26 3519.59 3537.23 3553.58 3566.16 3579.22 3585.15 3578.99 3569.89 3560.34 3551.11 3542.05 3530.01 3516.97 3501.99 3505.98 3503.24 3501.21 3503.56 3498.69 3499.86 3492.79 3493.28 3499.75 3504.96 3514.73
3576.93 3582.9 3591.89 3584.89 3578.24 3572.72 3569.34 3566.21 3561.55 3579.84 3594.53 3591.08 3576.58 3578.34 3565.17 3559.82 3578.16 3577.27 3575.46 3576.04 3579.97 3586.9 3594.03 3593.73 3569.9 3555.69 3545.46 3563.38 3557.78 3534.62 3516.38 3500.04 3508.44 3527.9 3541.06 3548.74 3539.12 3539.25 3506.41 3494.93 3495.91 3498.36 3510.16 3527.21 3541.05 3551.03 3565.72 3576.36 3574.14 3569.36 3564.66 3562.1 3563.24 3557.65 3543.55 3527.4 3519.15 3511.66 3498.67 3501.67 3501.3 3499.03 3497.21 3497.35 3501.69 3504.95 3512.93
3587.93 3596.88 3609.48 3601.59 3586.66 3576.67 3570.43 3565.49 3565.69 3581.72 3599.03 3602.53 3610.49 3593.21 3568.67 3569.91 3575.19 3574.95 3569.86 3572.95 3580.13 3590.14 3597.19 3597.37 3576.75 3557.64 3540.78 3563.82 3585.54 3560.91 3525.84 3509.54 3507.19 3520.9 3538.9 3546.57 3536.68 3534.77 3502.58 3511.39 3496.45 3489.64 3503.73 3511.82 3518.45 3534.83 3550.73 3564.87 3565.55 3565.71 3565.75 3566.36 3569.49 3567.33 3562.19 3550.72 3538.95 3530.02 3522.06 3496.73 3497.28 3503.53 3493.78 3489.95 3491.08 3498.47 3508.57
3600.87 3602.62 3608.53 3597.72 3582.5 3573.81 3569.08 3567.66 3570.41 3585.4 3604 3600.68 3594.83 3577.96 3563.67 3570.34 3571.74 3566.26 3552.18 3566.86 3573.51 3579.03 3580.6 3581.04 3572.29 3558.75 3549.06 3561.94 3595.8 3576.82 3544.29 3515.08 3506.07 3509.07 3509.95 3523.51 3515.4 3525.45 3507.18 3520.46 3514.29 3515.75 3513.3 3513.46 3518.2 3530.4 3538.03 3546.37 3555.59 3561.03 3563.78 3565.22 3565.51 3571.34 3574.44 3569.48 3558.29 3549.02 3537.99 3512.28 3494.2 3476.71 3475.72 3478.29 3482.08 3489.83 3502.3
3602.33 3592.73 3578.49 3567.28 3568.57 3568.17 3568.15 3569.43 3571.66 3576.76 3583.5 3579.17 3578.1 3581.4 3583.66 3583.32 3574.61 3574.41 3574.01 3572.17 3572.21 3576.22 3589.14 3565.06 3565.54 3579.81 3566.68 3561.17 3582.45 3570.53 3551.71 3523.29 3506.2 3508.75 3516.96 3506.78 3500.54 3493.7 3497.19 3525.71 3521.09 3520.99 3518.96 3524.44 3540.11 3536.06 3540.85 3540.21 3550.16 3557.12 3562.01 3563.86 3561.12 3573.03 3579.53 3577.08 3570.78 3562.85 3541.34 3517.89 3494.85 3479.02 3472.17 3469.43 3471.11 3480.17 3495.79
3589.6 3582.6 3563.76 3552.36 3560.79 3563.06 3564.95 3570.52 3572.41 3563.78 3551.99 3562.23 3562.92 3577.45 3577.45 3555.07 3575.01 3585.56 3583.88 3577.24 3570.58 3572.2 3574.75 3554.35 3560.39 3575.31 3581.39 3580.31 3572.48 3561.83 3543.06 3533.2 3528.59 3513.07 3508.07 3518.92 3517.7 3498.43 3501.63 3512.82 3518.08 3516.15 3516.26 3517.68 3516.96 3529.59 3539.57 3547.48 3551.65 3555.75 3560.18 3566.14 3573.52 3576 3581.27 3585.11 3581.21 3571.7 3545.27 3515.56 3496.11 3481.64 3471.33 3467.36 3466.84 3477.29 3493.03
3598.23 3585.56 3576.12 3573.82 3562.44 3559.44 3559.45 3562.1 3563.97 3559.25 3555.35 3569.09 3575.57 3571.35 3557.48 3555.95 3566.22 3579.33 3583.32 3579.87 3563.32 3557.89 3566.64 3553.84 3561.08 3579.21 3577.76 3573.5 3572.11 3556.95 3538.04 3537.38 3527.37 3515.43 3500.82 3498.07 3490.46 3486.31 3503.13 3510.83 3515.54 3509.8 3509.02 3513.35 3514.53 3525.08 3537.65 3545.59 3550.17 3553.42 3557.17 3563.2 3569.67 3573.16 3576.42 3575.26 3578.79 3577.37 3555.79 3521.56 3501.43 3479.99 3470.69 3476.89 3478.16 3485.74 3497.62
3607.71 3593.19 3580.61 3566.75 3562.65 3557.36 3552.5 3548.23 3550.12 3558.01 3566.48 3566.4 3570.7 3577.78 3551.96 3553.93 3533.71 3510.01 3566.68 3578.18 3557.48 3541.93 3538.32 3558.22 3563.57 3557.58 3571.13 3563.26 3554.1 3551.55 3548.55 3542.45 3536.13 3520.45 3499.77 3487.21 3480.96 3484.05 3496.92 3506.41 3510.15 3506.34 3510.82 3521.99 3531.65 3533.48 3527.43 3538.22 3545.44 3548.76 3552.17 3554.36 3557.83 3564.79 3570.45 3576.66 3571.02 3578.22 3559.48 3529.44 3516.64 3505.48 3502.06 3501.84 3503.82 3508.74 3512.31
3619.4 3609.19 3593.18 3576.62 3567.33 3558.44 3548.59 3538.15 3542.61 3554.86 3569.35 3563.58 3569.44 3576.21 3563.82 3570.24 3541.26 3518.86 3562.45 3573.41 3550.31 3551.29 3550.39 3562.26 3566.78 3549.89 3540.46 3543.36 3548.72 3551.93 3548.59 3545.67 3551.88 3529.63 3501.64 3486.26 3479.17 3480.22 3491.19 3493.21 3502.49 3518.15 3529.78 3534.81 3542.89 3541.54 3540.38 3540 3541.49 3543.29 3546 3551.1 3552.53 3554.58 3558.19 3560.87 3565.68 3567.9 3558.77 3548.89 3534.06 3527.92 3527.56 3528.04 3539.03 3545.46 3532.79
3649.9 3631.2 3611.87 3600.14 3579.52 3562.68 3549.73 3541.83 3541.25 3548.3 3557.3 3560.93 3568.82 3575.76 3566.71 3566.98 3561.25 3559.39 3562.22 3564.42 3558.86 3570.79 3575.91 3569.77 3567.05 3542.59 3526.54 3533.87 3544.39 3548.74 3538.96 3539.46 3546.45 3533.11 3517.38 3508.09 3482.53 3483.35 3488.19 3489.84 3507.84 3529.57 3541.44 3539.84 3537.67 3536.13 3538.34 3536.79 3535.67 3538.2 3537.76 3534.63 3539.21 3542.04 3544.16 3546.67 3552.61 3556.72 3549.84 3546.97 3542.52 3539.66 3538.11 3541.91 3545.46 3540.87 3541.57
3667.07 3644.67 3620.46 3602.94 3583.51 3565.64 3552.66 3545.82 3543.75 3545.5 3544.29 3541.29 3557.73 3566.78 3558.04 3557.56 3552.61 3536.29 3547.66 3554.07 3562.75 3579.16 3580.86 3579.83 3573.9 3535.16 3511.62 3527.43 3543.3 3551.88 3552.37 3541.08 3534.59 3530.49 3521.19 3498.94 3501.55 3493.9 3491.69 3499.35 3533.57 3543.24 3546.79 3543.66 3536.5 3533.96 3537.93 3539.73 3540.14 3535.12 3532.96 3536.92 3529.31 3529.65 3530.86 3533.66 3539.4 3539.63 3538.59 3541.44 3544.26 3547.63 3548.03 3548.65 3544.39 3544.26 3543.1
3650.07 3628.25 3609.87 3594.99 3580.9 3564.6 3551.33 3545.22 3546.08 3549.23 3550.46 3558.11 3552.13 3543.73 3548.18 3552.27 3554.75 3550.45 3557.52 3574.82 3583.22 3595.04 3590.81 3585.26 3581.58 3543.39 3520.85 3530.55 3548.88 3559.18 3557.59 3544.57 3541.39 3535.04 3524.77 3511.67 3497.81 3505.75 3503.92 3527.15 3555.31 3554.05 3556.22 3545.47 3539.28 3538.45 3538.29 3538.02 3536.38 3526.81 3522.45 3531.93 3521.26 3518.09 3517.43 3519.51 3530.08 3535.44 3537.91 3537.13 3542.21 3549.11 3558.35 3548.15 3538.23 3533.53 3536.67
3577.47 3589.03 3588.65 3586.87 3577.72 3563.68 3549.28 3541.73 3551.71 3558.7 3563.15 3579.68 3549.51 3538.55 3533.41 3533.86 3541.86 3548.67 3558.55 3572.3 3577.58 3588.06 3584.72 3578.05 3566.44 3563.15 3536.08 3534.44 3544.29 3550.73 3538.87 3538.68 3538.22 3535.96 3533.92 3539.13 3514.16 3520.26 3534.73 3515.64 3527.55 3543.75 3538.87 3532.86 3535.15 3541.64 3541.45 3540.02 3519.73 3512.09 3501.89 3486.3 3503.46 3507.94 3507.88 3505.98 3513.36 3525.52 3532.87 3534.37 3536.24 3539.39 3541.97 3535.69 3526.33 3519 3527.75
3579.66 3567.48 3568.24 3563.17 3559.85 3566.78 3565 3561.55 3567.5 3572.98 3579.32 3567.38 3543.87 3521.32 3523.81 3529.97 3534.85 3532.71 3544.62 3566.28 3569.94 3571.82 3567.75 3565.73 3564.67 3562.84 3546.64 3531.04 3522.94 3536.87 3526.47 3530.16 3533.45 3534.01 3534.43 3532.14 3533.34 3525.15 3536.16 3538.85 3546.97 3535.83 3511.27 3509.3 3516.86 3524.13 3521.3 3516.11 3505.8 3505.38 3502.32 3502.63 3502.05 3505.98 3506.29 3502.65 3504.46 3514.77 3523.02 3528.27 3527.49 3523.52 3521.94 3517.92 3515.9 3518.49 3523.19
3590.74 3565.58 3559.98 3558.36 3564.15 3579.54 3595.04 3594.81 3586.86 3583.43 3582.45 3570.57 3550.84 3534.73 3537.33 3544.52 3532.96 3534.66 3543.28 3549.16 3549.54 3543.58 3548.85 3552.26 3553.07 3565.81 3560.62 3531.64 3512.57 3517.81 3530.82 3529.94 3528.11 3531.83 3539.92 3542.73 3536.01 3518.54 3527.65 3546.28 3549.42 3531.93 3503.29 3495.06 3497.14 3490.91 3494.33 3493.01 3505.98 3505.95 3505.72 3508.15 3509.01 3510.74 3514.11 3515.12 3515.4 3515.57 3518.33 3517.86 3511.54 3503.35 3496.66 3496.45 3502.6 3509.74 3514.81
3563.51 3557.39 3559.48 3559.63 3565.86 3585.68 3619.52 3613.64 3593.89 3584.49 3582.91 3591.96 3586.28 3567.83 3558.3 3540.19 3530.74 3531.95 3534.26 3530.61 3530.68 3523.95 3537.15 3552.99 3563.53 3564.83 3556.93 3534.58 3520.26 3514.24 3520.24 3521.97 3527.74 3531.6 3550.04 3554.19 3528.64 3500.85 3509.24 3543.27 3550.59 3535.92 3512.02 3500.09 3495.77 3491.34 3487.08 3492.05 3493.73 3501.5 3509.69 3513.82 3517.91 3521.37 3524.32 3530.72 3530.93 3536.28 3517.97 3499.88 3487.26 3484.74 3480.44 3480.74 3488.23 3494.58 3498.42
3567.88 3579.03 3564.12 3556.75 3550.92 3569.71 3589.18 3592.51 3583.54 3575.47 3571.59 3592.44 3584.55 3577.14 3570.36 3563.78 3537.27 3535.62 3548.77 3540.72 3520.48 3517.49 3531.61 3549.47 3560.97 3555.91 3541.79 3528.25 3520.23 3511.01 3524.42 3535.79 3533.23 3532.18 3539 3535.57 3525.12 3526.99 3518 3515.04 3544.45 3541.79 3532.45 3523.81 3510.34 3493.38 3490.78 3487.27 3488.66 3500.99 3518.67 3525.92 3526.86 3529.02 3532.03 3536.86 3540.89 3520.51 3512.09 3490.41 3476.03 3476.84 3475.95 3476.21 3481.03 3477.73 3479.94
3580.93 3567.77 3563.7 3560.47 3566.69 3555.38 3540.16 3561.07 3566.93 3564.37 3564.82 3573.3 3574.05 3561.14 3549.33 3534.39 3522.47 3525.4 3534.67 3539.4 3525.13 3521.88 3525.4 3535.31 3535.59 3526.42 3518.2 3516.31 3511.21 3505.64 3525.61 3551.94 3534.15 3504.22 3512.55 3518.15 3520.2 3535.74 3527.1 3518.14 3531.83 3540.53 3540.27 3538.25 3527.95 3531.79 3514.9 3484.18 3486.14 3503.74 3523 3529.95 3533.21 3534.91 3534.67 3532.42 3523.9 3523.87 3507.92 3491.43 3479.94 3480.16 3486.37 3492.88 3482.68 3479.52 3480.56
3601.96 3565.92 3565.02 3562.66 3554.13 3556.44 3551.4 3555.27 3559.75 3556.89 3550.57 3556.83 3542.27 3541.32 3530.35 3521.03 3514.54 3517.33 3530.02 3542.46 3537.09 3519.8 3514.55 3514.77 3527.59 3523.75 3515.47 3513.34 3505.46 3503.39 3518.46 3545.21 3525.86 3497.15 3503.34 3522.83 3520.66 3532 3526.28 3515.25 3499.23 3524.75 3526.52 3525.23 3529.67 3523.5 3504.55 3492.35 3491.23 3504.05 3519.46 3531.34 3536.93 3539.41 3539.27 3534.82 3526.65 3517.64 3506.74 3495.56 3488.04 3482.89 3483.43 3482.63 3479.14 3477.19 3476
3604.57 3578.08 3564.38 3565.7 3578.49 3571.61 3566.32 3558.37 3563.2 3566.03 3561.19 3561.6 3557.24 3539.01 3525.52 3526.56 3522.25 3516.97 3518.96 3517.19 3514.45 3510.7 3505.05 3499.86 3507.36 3517.1 3518.89 3518.45 3520.82 3514.39 3508.98 3503.78 3505.76 3496.47 3512.28 3519.4 3515.07 3529.97 3521.96 3510.59 3513.8 3498.67 3518.51 3531.32 3530.79 3517.16 3499.47 3482.75 3476.16 3491.53 3517.1 3533.23 3539.46 3541.64 3542.44 3543.64 3542.85 3524.58 3510.58 3499.28 3487.5 3483.78 3479.77 3475.75 3473.85 3473.22 3472.85
3588.44 3565.99 3551.41 3558 3564.63 3552.35 3543.07 3555.55 3566.32 3582.25 3581.22 3560.24 3557.97 3539.76 3528.44 3526.99 3525.58 3524.92 3529.06 3526.35 3510.62 3507.86 3503.96 3499.81 3499.2 3515.17 3517.79 3523.19 3530.6 3529.35 3515.6 3503.35 3498.52 3491.19 3503.14 3503.64 3504.78 3524.44 3514.15 3503.81 3516.56 3504.99 3521.8 3536.65 3539.33 3537.82 3528.59 3493.82 3478.13 3497.12 3533.37 3538.86 3542.87 3544.22 3544.72 3542.84 3543.07 3535.3 3519.58 3507.42 3494.83 3489.01 3481.51 3475 3472.73 3472.75 3475.55
3608.71 3565.79 3541.59 3550.6 3563.16 3562.47 3551.12 3557.77 3562.64 3566.35 3557.85 3530.12 3533.92 3535.19 3518.95 3520.28 3521.45 3525.05 3543.82 3547.63 3527.23 3517.71 3508.67 3502.4 3498.11 3505.45 3512.59 3521.28 3529.7 3527.24 3513.73 3512.56 3508.78 3502.14 3508.26 3506.03 3516.69 3507.17 3506.7 3506.28 3520.9 3529.59 3535.05 3544.02 3547.32 3547.5 3536.86 3512.28 3491.67 3504.53 3532.22 3542 3545.21 3546.11 3545.79 3546.23 3543.34 3535.33 3526.33 3516.06 3510.27 3496.68 3484.5 3478.07 3472.89 3471.82 3472.92
3623.24 3570.54 3537.27 3547.72 3560.43 3570.46 3573.97 3567.41 3558.98 3542.37 3532.02 3515.94 3539.59 3539.21 3541.03 3531.43 3519.3 3521.84 3542.19 3558.55 3548.77 3528.62 3513.66 3503.4 3498.75 3498.98 3507.72 3516.17 3519.45 3516.48 3519.59 3518.05 3511.07 3501.9 3487.34 3496.25 3501.63 3501.3 3513.24 3517.8 3531.88 3550.73 3551.86 3550.22 3551.3 3551.96 3549.93 3540.52 3536.09 3514.6 3536.94 3543.07 3546.02 3547.94 3546.55 3541.39 3542.18 3531.76 3529.71 3519.93 3507.95 3495.79 3485.12 3475.17 3469.82 3470.31 3470.93
3621.33 3575.66 3549.49 3554.01 3562.73 3579.14 3584.13 3577.69 3567.9 3547.23 3544.92 3551.4 3529.34 3535.04 3549.8 3543.32 3532.98 3532.03 3536.17 3549.69 3547.07 3527.66 3514.56 3506.7 3499.69 3497.77 3504.01 3515.01 3523.52 3524.83 3512.61 3506.39 3505.09 3510.68 3501.2 3505.08 3508.17 3534.87 3535.63 3537.7 3554.54 3567.36 3562 3555.98 3555.17 3553.18 3547.73 3548.94 3549.51 3541.68 3540.38 3543.68 3547.17 3550.91 3553.29 3553.24 3543.2 3536.3 3533 3525.54 3512.35 3501.44 3491.33 3474.79 3470.14 3474.26 3478.76
3599.91 3581.56 3567.47 3565.6 3573.08 3575.23 3590.68 3589.37 3586.83 3588.22 3564.84 3540.81 3532.21 3531.2 3542.14 3540 3529.62 3529.09 3527.93 3554.17 3540.87 3524.62 3509.79 3501.61 3498.26 3493.86 3500.72 3516.98 3529.92 3542.99 3532 3509.47 3497.7 3524.61 3525.49 3524.11 3533.92 3533.84 3531.62 3537.01 3546.98 3561.64 3557.84 3559.98 3558.63 3554.65 3552.72 3546.3 3536.41 3536.2 3536.87 3542.25 3546.83 3552.45 3562.48 3574.48 3564.04 3546.98 3542.94 3537.92 3531.62 3523.13 3509.68 3496.76 3488.83 3485.8 3483
3582.66 3569.79 3567.24 3575.77 3589 3605.3 3601.52 3597.56 3593.68 3588.46 3570.51 3547.58 3521.33 3515.83 3529.11 3528.49 3518.06 3537.86 3540.87 3524.87 3518.57 3517.77 3509.83 3498.56 3496.68 3504.61 3516.41 3521.52 3527.08 3528.41 3527.62 3521.91 3517.5 3525.48 3535.81 3533.04 3534.97 3522.88 3515.51 3531.77 3547.17 3557.74 3547 3550.13 3551.96 3551.1 3549.72 3543.38 3537.04 3542.77 3539.22 3543.65 3547.22 3548.91 3551.23 3561.69 3565.84 3556.3 3556.23 3552.65 3548.74 3542.11 3534.55 3523.63 3514.08 3505.97 3495.28
3585.9 3585.27 3573.49 3578.83 3592.15 3603.51 3602.73 3599.98 3591.76 3572.86 3568.65 3550.59 3519.65 3513.51 3529.01 3537.93 3527.25 3559.22 3561.97 3533.48 3512.62 3505.38 3501.46 3498.77 3494.08 3510.69 3527.74 3521.73 3519.31 3516.12 3508.77 3510.98 3517.04 3517.55 3518.06 3535.39 3539.55 3521.28 3517.08 3533.78 3552.55 3536.44 3536.43 3542.64 3546.01 3546.32 3542.89 3541.8 3541.47 3542.77 3550.53 3547.82 3546.59 3544.51 3538.64 3536.61 3552.21 3559.79 3562.54 3563.88 3566.87 3568.17 3560.79 3553.66 3546.43 3533.85 3522.96
3600.03 3592.6 3578.55 3580.64 3588.29 3595.8 3600.33 3600.28 3602.54 3594.66 3560.51 3538.15 3526.58 3521.6 3530.06 3537.51 3542.75 3552.33 3554.1 3526.18 3517.92 3508.48 3505.48 3499.75 3504.08 3508.36 3511.74 3514.83 3509.91 3501.61 3495.61 3498.65 3494.84 3500.18 3527.66 3539.11 3544.74 3525.89 3523.28 3538.63 3552.61 3537.94 3534.32 3537.58 3546.84 3539.75 3542.23 3545.17 3547.79 3549.18 3550.01 3549.85 3549.48 3546.52 3540.51 3537.38 3546.58 3567.32 3571.54 3568.89 3577.16 3583.66 3580.59 3574.02 3565.54 3558.66 3545.55
