real_craters/C177-750m.grd
DSAA
191 191
-71.1725 71.1725
-71.1725 71.1725
1999.1411768544 4408.6254994752
[rows 114 to 151 of 191, columns 0 to 83 of 191]
3632 3620 3609 3598 3591 3589 3589 3585 3585 3586 3578 3575 3567 3561 3556 3548 3561 3583 3579 3574 3572 3556 3562 3568 3571 3600 3625 3647 3663 3673 3656 3608 3612 3620 3602 3612 3637 3651 3675 3713 3735 3743 3748 3748 3750 3751 3754 3761 3772 3772 3759 3721 3693 3699 3775 3850 3835 3784 3729 3704 3690 3662 3651 3661 3647 3654 3681 3680 3673 3673 3696 3729 3752 3784 3879 4078 4133 4235 4316 4158 3952 3779 3692 3575
3626 3612 3602 3594 3588 3584 3589 3586 3586 3576 3577 3574 3569 3562 3561 3578 3585 3597 3579 3571 3565 3556 3564 3579 3594 3630 3663 3676 3693 3714 3713 3600 3602 3610 3637 3635 3576 3609 3673 3724 3754 3753 3749 3748 3755 3756 3756 3755 3747 3745 3776 3809 3717 3703 3773 3840 3829 3782 3733 3699 3678 3658 3654 3658 3663 3662 3678 3678 3668 3663 3720 3733 3742 3756 3816 3927 4003 4123 4261 4242 4163 4122 3946 3800
3605 3603 3598 3593 3586 3579 3579 3575 3570 3581 3584 3582 3573 3570 3568 3595 3598 3602 3577 3559 3545 3557 3571 3596 3626 3632 3664 3687 3708 3715 3711 3730 3662 3626 3597 3614 3588 3633 3677 3727 3753 3758 3757 3757 3756 3756 3759 3755 3748 3756 3785 3807 3739 3722 3766 3815 3800 3763 3720 3687 3666 3647 3635 3635 3642 3660 3674 3677 3671 3680 3707 3729 3737 3739 3807 3867 3874 3961 4017 4053 4118 4176 4115 3988
3593 3598 3597 3592 3584 3573 3562 3566 3572 3586 3593 3575 3574 3577 3591 3594 3586 3588 3563 3547 3546 3554 3577 3609 3647 3669 3676 3691 3721 3754 3758 3723 3691 3645 3610 3615 3645 3649 3680 3714 3745 3753 3757 3760 3763 3761 3759 3759 3758 3749 3782 3790 3768 3752 3755 3744 3731 3720 3707 3688 3669 3647 3626 3621 3620 3637 3680 3677 3678 3688 3714 3729 3733 3742 3791 3822 3798 3803 3829 3865 3969 4158 4215 4103
3604 3602 3600 3597 3592 3583 3579 3569 3572 3576 3578 3575 3569 3569 3569 3555 3550 3543 3524 3532 3539 3547 3578 3611 3639 3657 3660 3681 3720 3760 3763 3746 3702 3659 3611 3602 3635 3647 3672 3701 3720 3743 3753 3759 3766 3772 3774 3774 3776 3778 3785 3792 3806 3782 3761 3741 3728 3721 3697 3698 3680 3664 3642 3610 3605 3605 3656 3663 3680 3700 3721 3730 3724 3729 3785 3815 3802 3811 3819 3818 3879 4036 4169 4123
3626 3613 3606 3601 3598 3596 3592 3575 3566 3562 3565 3560 3559 3558 3551 3543 3533 3528 3519 3520 3531 3550 3577 3606 3630 3615 3637 3673 3703 3732 3752 3739 3687 3645 3630 3624 3623 3647 3667 3690 3722 3741 3751 3762 3773 3779 3786 3792 3796 3797 3796 3789 3788 3798 3782 3760 3744 3726 3711 3716 3714 3684 3658 3632 3613 3607 3593 3638 3669 3695 3717 3726 3717 3705 3790 3862 3872 3839 3841 3832 3845 3964 4092 4070
3622 3616 3611 3607 3603 3603 3597 3577 3575 3558 3555 3554 3555 3553 3548 3543 3536 3533 3530 3530 3543 3555 3580 3605 3623 3619 3623 3659 3676 3690 3683 3683 3663 3630 3593 3631 3641 3651 3667 3686 3712 3727 3749 3765 3778 3791 3804 3815 3827 3832 3821 3796 3813 3822 3802 3770 3730 3735 3732 3724 3716 3696 3677 3655 3630 3611 3603 3631 3664 3687 3700 3704 3700 3687 3772 3824 3841 3816 3815 3818 3816 3882 3967 3986
3623 3622 3617 3609 3602 3595 3581 3574 3573 3561 3552 3556 3556 3551 3542 3540 3534 3531 3537 3535 3540 3559 3585 3607 3617 3586 3580 3619 3647 3667 3655 3650 3652 3638 3629 3623 3633 3653 3670 3676 3687 3720 3750 3770 3786 3802 3820 3836 3855 3873 3849 3794 3842 3845 3819 3794 3786 3760 3749 3719 3700 3698 3696 3679 3652 3633 3631 3646 3666 3677 3680 3675 3675 3657 3715 3767 3803 3807 3800 3796 3815 3853 3908 3914
3654 3641 3627 3612 3597 3581 3566 3556 3570 3570 3560 3558 3557 3554 3545 3537 3533 3524 3533 3543 3544 3561 3587 3612 3630 3633 3593 3599 3637 3667 3679 3670 3662 3658 3653 3616 3636 3643 3653 3666 3691 3728 3750 3768 3785 3805 3826 3847 3867 3871 3845 3801 3818 3837 3824 3805 3783 3790 3784 3721 3694 3699 3705 3692 3678 3659 3650 3669 3661 3675 3681 3681 3682 3659 3701 3757 3795 3818 3790 3784 3805 3824 3851 3861
3660 3656 3638 3616 3592 3569 3557 3558 3559 3570 3571 3570 3569 3557 3550 3542 3529 3525 3530 3539 3540 3563 3592 3617 3644 3656 3647 3643 3649 3658 3674 3677 3672 3663 3646 3640 3645 3645 3645 3652 3665 3718 3743 3763 3785 3808 3826 3851 3874 3892 3886 3822 3806 3832 3826 3812 3793 3816 3804 3741 3711 3708 3711 3710 3699 3692 3695 3701 3697 3688 3688 3694 3682 3702 3706 3742 3775 3791 3778 3772 3774 3793 3820 3822
3666 3666 3642 3615 3588 3568 3556 3552 3548 3566 3571 3574 3568 3555 3540 3536 3534 3529 3541 3547 3544 3573 3599 3623 3648 3671 3690 3664 3662 3678 3670 3676 3681 3674 3641 3640 3658 3642 3644 3642 3650 3701 3726 3755 3781 3807 3832 3855 3877 3901 3914 3858 3855 3845 3831 3822 3813 3809 3787 3778 3744 3720 3705 3719 3697 3688 3701 3707 3699 3695 3689 3679 3701 3714 3702 3676 3735 3769 3741 3738 3728 3763 3797 3794
3660 3665 3644 3613 3581 3557 3546 3546 3544 3547 3559 3571 3570 3551 3534 3536 3538 3539 3555 3578 3589 3598 3612 3628 3643 3655 3663 3661 3651 3644 3653 3664 3690 3714 3684 3619 3679 3656 3642 3637 3636 3661 3710 3754 3788 3822 3848 3865 3877 3879 3868 3854 3830 3818 3827 3830 3827 3770 3774 3772 3755 3730 3716 3692 3697 3713 3750 3735 3709 3705 3695 3688 3686 3723 3704 3689 3702 3708 3730 3728 3719 3729 3745 3747
3653 3662 3638 3605 3571 3542 3535 3540 3536 3537 3554 3564 3560 3547 3537 3537 3538 3541 3566 3577 3604 3619 3628 3636 3645 3648 3652 3652 3607 3603 3627 3655 3681 3705 3685 3663 3668 3664 3664 3640 3629 3656 3715 3767 3806 3839 3862 3881 3886 3871 3825 3837 3831 3826 3830 3831 3819 3770 3770 3792 3759 3732 3709 3704 3723 3738 3756 3759 3745 3727 3717 3702 3703 3697 3704 3705 3698 3681 3692 3705 3703 3689 3681 3681
3639 3648 3625 3594 3563 3535 3530 3535 3528 3538 3548 3554 3553 3547 3542 3540 3540 3557 3577 3602 3634 3640 3643 3646 3651 3661 3695 3688 3630 3616 3637 3649 3660 3666 3657 3648 3644 3655 3664 3649 3650 3679 3738 3782 3812 3833 3856 3873 3883 3883 3869 3838 3837 3851 3843 3833 3808 3788 3758 3746 3751 3743 3745 3740 3770 3783 3750 3739 3749 3741 3733 3726 3684 3702 3741 3744 3705 3701 3701 3674 3664 3649 3617 3609
3620 3626 3604 3582 3559 3541 3533 3532 3527 3537 3542 3545 3544 3551 3556 3552 3560 3577 3605 3634 3656 3660 3657 3655 3653 3658 3664 3673 3631 3632 3650 3633 3630 3637 3643 3631 3609 3633 3642 3648 3689 3713 3800 3817 3830 3845 3858 3869 3885 3907 3923 3841 3834 3842 3864 3854 3799 3753 3746 3756 3755 3760 3754 3766 3807 3819 3806 3776 3759 3745 3737 3734 3702 3725 3742 3740 3693 3680 3693 3671 3655 3631 3609 3603
3602 3587 3581 3573 3558 3538 3539 3544 3543 3541 3539 3537 3544 3552 3552 3546 3552 3587 3621 3642 3665 3667 3662 3659 3655 3650 3646 3654 3640 3625 3616 3601 3601 3603 3632 3625 3585 3607 3600 3643 3735 3865 3860 3847 3851 3863 3875 3887 3897 3915 3947 3819 3858 3884 3899 3903 3903 3794 3754 3758 3766 3778 3786 3779 3766 3788 3787 3755 3751 3740 3729 3725 3748 3675 3687 3688 3687 3692 3701 3663 3647 3624 3598 3579
3599 3589 3583 3575 3562 3554 3555 3555 3555 3553 3555 3544 3547 3547 3538 3547 3579 3609 3638 3663 3678 3670 3666 3664 3660 3657 3650 3639 3622 3619 3605 3601 3608 3618 3639 3632 3618 3614 3628 3646 3733 3813 3836 3858 3878 3891 3903 3903 3906 3903 3869 3939 3930 3940 3946 3938 3909 3866 3801 3775 3784 3787 3804 3800 3798 3793 3770 3764 3747 3736 3724 3709 3696 3682 3660 3661 3654 3654 3665 3684 3655 3627 3598 3567
3601 3602 3598 3583 3569 3560 3551 3558 3554 3568 3571 3560 3543 3533 3533 3564 3596 3622 3657 3660 3658 3659 3658 3658 3660 3666 3685 3673 3642 3605 3600 3604 3619 3651 3643 3638 3631 3634 3641 3667 3728 3782 3824 3876 3887 3900 3908 3929 3930 3915 3886 3938 3957 3983 3979 3971 3929 3905 3860 3824 3824 3828 3834 3819 3816 3802 3781 3761 3745 3740 3729 3704 3665 3666 3652 3657 3667 3641 3672 3674 3655 3624 3596 3580
3596 3604 3607 3588 3575 3566 3559 3569 3581 3562 3558 3546 3538 3536 3538 3558 3589 3614 3633 3621 3633 3643 3651 3655 3658 3658 3654 3627 3627 3591 3599 3607 3615 3626 3629 3636 3643 3648 3654 3694 3745 3782 3834 3885 3876 3881 3892 3922 3939 3955 3943 3920 3922 3970 3999 3980 3965 3956 3924 3883 3870 3878 3867 3842 3816 3800 3791 3756 3753 3746 3735 3715 3692 3683 3663 3666 3656 3657 3672 3674 3648 3621 3591 3563
3582 3584 3581 3580 3582 3582 3588 3581 3571 3559 3557 3547 3536 3536 3540 3543 3573 3596 3602 3606 3620 3632 3644 3652 3654 3650 3635 3617 3618 3621 3612 3616 3627 3628 3621 3638 3660 3643 3675 3729 3782 3825 3918 3892 3837 3837 3856 3911 3957 3996 3984 3859 3806 3897 3975 3986 4011 4007 3981 3937 3906 3886 3880 3856 3809 3791 3783 3765 3763 3752 3737 3720 3719 3712 3708 3699 3675 3691 3678 3661 3631 3606 3582 3558
3561 3559 3553 3565 3580 3589 3585 3582 3579 3562 3548 3541 3532 3533 3544 3562 3569 3594 3599 3614 3610 3633 3650 3653 3649 3642 3628 3600 3599 3587 3602 3617 3637 3632 3618 3641 3663 3678 3715 3767 3825 3872 3897 3759 3723 3747 3802 3884 3967 4018 3989 3674 3578 3703 3853 3934 4053 4033 3997 3966 3936 3909 3893 3867 3826 3797 3785 3777 3775 3755 3733 3719 3706 3693 3716 3712 3693 3690 3684 3640 3613 3593 3581 3570
3542 3543 3539 3551 3557 3558 3548 3563 3560 3535 3540 3533 3530 3544 3557 3569 3571 3580 3612 3652 3661 3666 3662 3656 3648 3638 3630 3621 3597 3574 3588 3608 3621 3618 3625 3657 3685 3720 3778 3821 3838 3771 3645 3503 3533 3601 3694 3803 3910 3987 3924 3496 3318 3449 3615 3769 3935 3981 4012 3989 3954 3913 3906 3886 3843 3806 3785 3766 3762 3745 3718 3684 3694 3706 3683 3688 3679 3674 3688 3640 3590 3579 3578 3580
3535 3541 3548 3556 3564 3574 3572 3555 3557 3548 3544 3541 3547 3558 3570 3590 3590 3603 3640 3675 3693 3690 3677 3663 3649 3636 3625 3612 3588 3582 3593 3601 3603 3614 3645 3690 3743 3804 3857 3821 3752 3569 3378 3260 3326 3431 3551 3671 3789 3877 3819 3339 3097 3206 3375 3526 3703 3819 3964 3988 3959 3920 3919 3928 3879 3814 3784 3772 3759 3742 3729 3709 3743 3732 3694 3681 3687 3669 3652 3594 3563 3570 3575 3577
3534 3548 3557 3570 3582 3602 3578 3572 3572 3559 3554 3554 3550 3545 3553 3595 3620 3639 3654 3673 3692 3696 3682 3664 3648 3636 3620 3604 3571 3581 3592 3595 3609 3635 3680 3727 3786 3873 3815 3593 3487 3330 3156 3056 3133 3250 3377 3499 3604 3665 3567 3172 2940 3013 3164 3307 3459 3591 3780 3924 3953 3937 3925 3884 3856 3818 3785 3753 3737 3745 3740 3749 3747 3748 3729 3702 3698 3689 3651 3599 3572 3582 3580 3575
3539 3560 3583 3604 3614 3612 3590 3585 3572 3567 3563 3546 3534 3529 3575 3636 3648 3673 3668 3672 3689 3697 3673 3656 3644 3631 3616 3584 3554 3563 3571 3582 3607 3667 3716 3734 3753 3720 3614 3359 3220 3114 3000 2917 2984 3091 3204 3308 3388 3408 3291 3000 2812 2857 2979 3095 3225 3366 3586 3802 3924 3958 3939 3896 3854 3818 3783 3746 3755 3760 3749 3758 3768 3751 3757 3737 3722 3723 3701 3662 3645 3611 3596 3588
3546 3571 3599 3621 3624 3615 3589 3561 3560 3574 3561 3534 3526 3532 3566 3588 3638 3659 3653 3657 3662 3660 3646 3635 3628 3620 3613 3601 3567 3560 3561 3571 3601 3679 3724 3720 3687 3622 3391 3164 3020 2951 2886 2838 2879 2958 3047 3121 3169 3161 3050 2835 2694 2718 2814 2917 3038 3168 3378 3632 3831 3941 3935 3911 3854 3798 3795 3766 3768 3765 3707 3737 3772 3736 3758 3764 3725 3703 3683 3679 3658 3633 3625 3618
3551 3572 3594 3611 3613 3601 3583 3557 3569 3582 3562 3547 3537 3545 3554 3597 3640 3666 3674 3653 3635 3613 3614 3613 3610 3605 3603 3594 3581 3565 3562 3572 3631 3744 3752 3692 3591 3448 3237 3003 2876 2840 2816 2790 2804 2853 2911 2957 2979 2957 2859 2691 2575 2599 2683 2781 2881 2999 3202 3467 3693 3860 3905 3894 3845 3797 3780 3761 3752 3745 3707 3711 3748 3751 3736 3722 3708 3698 3704 3667 3628 3638 3647 3651
3553 3563 3579 3607 3611 3603 3592 3579 3579 3583 3566 3552 3548 3560 3576 3633 3652 3666 3661 3640 3618 3598 3593 3594 3594 3592 3583 3572 3575 3565 3557 3581 3679 3850 3781 3653 3498 3305 3076 2883 2784 2767 2760 2747 2735 2764 2799 2820 2820 2796 2715 2591 2502 2519 2582 2646 2741 2860 3051 3307 3606 3812 3874 3888 3855 3810 3788 3750 3713 3699 3735 3704 3744 3736 3718 3720 3718 3702 3689 3679 3679 3667 3666 3675
3547 3551 3551 3545 3581 3559 3559 3582 3585 3573 3560 3552 3549 3581 3611 3627 3643 3645 3638 3626 3607 3587 3578 3580 3583 3584 3581 3569 3558 3549 3565 3589 3676 3790 3729 3586 3410 3211 2995 2791 2728 2714 2696 2671 2669 2691 2710 2717 2698 2649 2592 2536 2501 2490 2512 2549 2630 2740 2922 3155 3402 3667 3824 3889 3859 3801 3767 3741 3718 3683 3596 3718 3740 3721 3707 3733 3743 3733 3720 3700 3702 3689 3683 3685
3542 3539 3537 3534 3543 3529 3536 3564 3576 3569 3556 3555 3546 3599 3633 3645 3655 3649 3636 3626 3601 3577 3567 3571 3578 3584 3584 3569 3528 3549 3572 3599 3654 3709 3652 3508 3329 3133 2931 2697 2671 2658 2638 2614 2627 2633 2645 2649 2628 2583 2555 2515 2492 2468 2448 2489 2555 2643 2814 3010 3201 3512 3765 3884 3861 3802 3767 3737 3713 3739 3667 3645 3670 3688 3695 3752 3756 3718 3701 3702 3692 3696 3700 3702
3520 3529 3537 3542 3547 3547 3551 3561 3568 3566 3558 3570 3571 3620 3640 3650 3671 3613 3639 3628 3601 3578 3566 3567 3574 3580 3584 3572 3547 3552 3578 3602 3671 3698 3598 3440 3249 3048 2837 2671 2625 2602 2604 2609 2596 2598 2608 2612 2611 2582 2559 2521 2518 2505 2445 2463 2515 2591 2743 2919 3090 3423 3743 3884 3861 3791 3741 3729 3724 3716 3662 3563 3606 3664 3731 3737 3755 3719 3705 3710 3719 3723 3722 3726
3510 3525 3540 3555 3554 3566 3560 3565 3560 3559 3562 3604 3646 3648 3644 3648 3665 3631 3632 3622 3599 3575 3557 3567 3574 3577 3577 3562 3540 3560 3581 3606 3676 3686 3561 3389 3190 2981 2782 2652 2592 2571 2575 2585 2568 2568 2591 2608 2628 2636 2588 2541 2521 2508 2523 2462 2501 2561 2697 2848 3008 3370 3738 3879 3853 3787 3736 3716 3703 3687 3649 3629 3639 3665 3687 3690 3727 3726 3723 3725 3726 3730 3738 3747
3515 3526 3536 3547 3549 3557 3544 3533 3545 3553 3572 3625 3668 3654 3638 3644 3649 3639 3619 3606 3594 3580 3573 3572 3576 3578 3568 3577 3565 3562 3593 3620 3672 3658 3542 3349 3146 2943 2747 2637 2574 2546 2545 2552 2547 2558 2586 2609 2632 2648 2603 2566 2530 2521 2522 2473 2488 2545 2666 2796 2963 3320 3676 3819 3823 3779 3721 3703 3683 3656 3639 3649 3664 3646 3624 3653 3720 3753 3742 3740 3739 3745 3761 3771
3536 3532 3532 3524 3532 3533 3529 3532 3538 3547 3553 3561 3612 3647 3655 3664 3656 3636 3616 3603 3597 3588 3579 3580 3583 3586 3596 3592 3585 3587 3596 3640 3698 3670 3542 3324 3153 2931 2721 2624 2555 2514 2516 2517 2527 2550 2589 2614 2609 2607 2609 2582 2543 2530 2539 2478 2468 2531 2647 2782 2962 3285 3573 3742 3792 3789 3736 3695 3684 3675 3641 3631 3604 3607 3598 3592 3650 3721 3732 3743 3766 3799 3781 3774
3536 3534 3534 3537 3537 3535 3536 3536 3537 3540 3545 3542 3544 3635 3663 3682 3664 3651 3634 3618 3606 3598 3601 3591 3587 3592 3607 3597 3583 3570 3598 3623 3718 3683 3558 3395 3186 2957 2733 2613 2543 2505 2502 2508 2514 2545 2602 2661 2655 2645 2649 2610 2557 2535 2538 2468 2445 2516 2640 2765 2994 3307 3570 3713 3767 3760 3685 3682 3674 3656 3631 3629 3589 3580 3595 3591 3582 3649 3695 3730 3760 3766 3781 3776
3533 3535 3535 3529 3531 3538 3533 3532 3536 3534 3529 3527 3564 3639 3642 3649 3641 3662 3653 3632 3615 3599 3594 3583 3585 3592 3597 3617 3600 3597 3614 3609 3702 3688 3590 3448 3243 3004 2774 2599 2534 2505 2498 2508 2514 2546 2633 2748 2860 2821 2725 2639 2561 2512 2499 2440 2430 2526 2665 2822 3059 3379 3634 3739 3764 3744 3726 3684 3657 3626 3617 3598 3594 3565 3556 3622 3568 3589 3665 3713 3751 3780 3781 3765
3541 3540 3542 3546 3546 3548 3544 3540 3537 3533 3527 3523 3538 3572 3595 3611 3625 3676 3661 3648 3623 3597 3560 3560 3588 3607 3616 3616 3603 3598 3625 3621 3688 3700 3649 3522 3322 3088 2848 2650 2539 2516 2498 2511 2526 2549 2640 2768 2945 2886 2754 2652 2567 2488 2443 2427 2443 2571 2731 2912 3169 3494 3727 3791 3783 3747 3692 3657 3651 3651 3619 3608 3609 3577 3578 3585 3608 3639 3667 3703 3738 3763 3757 3739
3534 3536 3547 3561 3562 3563 3554 3546 3540 3536 3531 3525 3526 3537 3562 3606 3596 3618 3636 3618 3634 3614 3590 3590 3609 3626 3632 3634 3606 3585 3576 3628 3672 3715 3732 3638 3429 3193 2951 2726 2587 2534 2509 2514 2522 2547 2608 2698 2767 2772 2714 2639 2567 2493 2456 2466 2507 2650 2813 3014 3297 3638 3842 3842 3795 3728 3656 3619 3634 3641 3624 3603 3596 3596 3598 3561 3615 3648 3664 3688 3707 3718 3711 3694
