real_craters/C177-500m.grd
DSAA
286 286
-71.1725 71.1725
-71.1725 71.1725
1992.5219207935 4397.9392632885
[rows 240 to 269 of 286, columns 67 to 133 of 286]
3705.94 3681.07 3664.56 3146.28 2750.11 2727.36 2825.21 2979.25 3167.09 3371.92 3586.82 3812.74 3866.93 3829.36 3808.79 3796.05 3767.94 3764.1 3738.15 3702.84 3679.64 3652.44 3638.12 3628.15 3621.43 3618.43 3629.07 3641.59 3648.96 3651.95 3655.83 3655.22 3650.89 3647.15 3641.97 3639.36 3637.23 3661.12 3653.47 3651.24 3648.66 3639.7 3629.15 3630.06 3642.69 3649.27 3665.98 3710.39 3716.37 3693.95 3676.63 3659.63 3642.96 3628.59 3615.56 3603.8 3596.14 3595.52 3609.84 3588.58 3534.73 3519.05 3511.93 3504.41 3503.42 3515.41 3531.33
3802.04 3838.14 3844.23 3286.24 2889.17 2859.78 2947.27 3088.82 3257.48 3438.34 3616.53 3754.36 3787.83 3785.02 3770.53 3750.76 3729.19 3716.05 3698.68 3673.26 3644.9 3634.91 3627.06 3618.41 3616.21 3622.21 3641.92 3655.38 3664.24 3668.03 3667.26 3666.33 3665.51 3668.78 3675.51 3662.79 3643 3658.75 3703.55 3698.69 3677.85 3656.1 3641.89 3624.05 3625.47 3636.87 3650.18 3681.05 3693.59 3689.65 3672.57 3655.34 3640.12 3627.58 3616.82 3605.85 3598.78 3596.81 3591.34 3576.85 3544.42 3525.12 3516.49 3513.04 3510.59 3517.31 3528.15
3825.67 3849.52 3862.58 3386.39 3044.33 3013.67 3084.71 3202.81 3341.37 3487.49 3622.88 3723.73 3733.23 3729.35 3719.66 3708.19 3699.25 3681.11 3661.82 3642.89 3622.18 3621.52 3621.03 3617.98 3626.07 3649.45 3663.37 3671.98 3679.07 3682.39 3682.52 3679.06 3673.85 3668.38 3644.38 3640.26 3623.65 3652.63 3727.77 3739.48 3698.02 3668.19 3658.83 3642.45 3635.3 3640.84 3655.25 3680.09 3701.2 3682.69 3665.95 3649.95 3636.13 3623.44 3612.56 3604.43 3596.52 3581.6 3585.51 3555.72 3540.35 3526.31 3519.04 3514 3511.2 3518.42 3525.98
3803.4 3803.43 3839.22 3462.94 3212.31 3202.79 3249.95 3333.01 3431.67 3536.16 3632.36 3691.47 3686.13 3681.77 3673.8 3666.41 3659.41 3646.37 3630.47 3605.67 3615.45 3621.43 3626.73 3630.37 3645.09 3670.75 3684 3687.8 3690.36 3693.67 3695.36 3691.66 3681.76 3657.49 3614.92 3617.19 3639.4 3657.48 3724.14 3766.16 3723.04 3690.03 3686.34 3662.45 3653.47 3650.89 3653.51 3666.84 3669.77 3664.73 3657.78 3649.51 3638.9 3627.53 3613.31 3601.77 3592.1 3586.43 3564.87 3540.12 3527.37 3523.43 3520.71 3520.94 3519.31 3522.41 3525.36
3777.21 3777.78 3779.08 3589.88 3432.12 3389.52 3404.48 3449.85 3512.49 3584.42 3649.44 3679.53 3652.46 3651.95 3644.49 3628.33 3624.71 3626.03 3622.1 3617.04 3619.97 3630.86 3642.47 3656.59 3669.37 3685.9 3696.67 3700.47 3703.21 3707.06 3709.09 3708.6 3698.6 3659.01 3633.97 3640.4 3657.99 3667.83 3713.4 3742.59 3733.78 3709.65 3688.48 3665.54 3674.15 3681.01 3673.09 3656.38 3639.87 3646.99 3648.22 3642.5 3632.72 3619.81 3608.24 3595.18 3580.57 3563.18 3542.02 3531.36 3524.7 3522.76 3520.96 3519.95 3532.25 3526.1 3523.89
3757.61 3740.74 3715.53 3726.87 3639.06 3560.88 3535.04 3552.56 3582.25 3625.71 3665.84 3684.14 3662.59 3650.64 3637.72 3623.19 3619.59 3620.58 3630.25 3638.98 3635.42 3644.98 3659.24 3673.47 3685.37 3694.12 3701.81 3707.05 3712.05 3715.33 3718.18 3723.37 3731.08 3739.93 3680.2 3677.6 3674.98 3666.32 3680.15 3713.81 3727.43 3713.73 3712.73 3728.46 3696.41 3674.31 3665.84 3656.09 3643.49 3646.63 3646.63 3640.51 3629.92 3617.79 3603.7 3589.09 3570.83 3548.3 3546.86 3539.28 3527.58 3524.08 3522.16 3520.74 3519.38 3523.81 3522.5
3741.71 3729.91 3724.13 3810.94 3742.46 3669.46 3630.79 3635.76 3651.17 3669.61 3682.05 3678.05 3670.67 3664.6 3651.95 3622.98 3608.08 3624.04 3647.18 3661.34 3649.5 3661.94 3674.37 3690.3 3693.25 3696.62 3700.92 3709.01 3714.95 3718.57 3721.66 3727.34 3735.2 3737.88 3701.21 3684.49 3689.2 3660.61 3640.58 3692.82 3717.92 3717.2 3723.17 3729.03 3700.7 3673.45 3662.45 3661.77 3666.9 3660.46 3648.22 3637.61 3627.82 3616.8 3604.6 3590.48 3572.8 3561.66 3564.18 3542.82 3531.83 3528.27 3527.81 3527.81 3529.28 3526.58 3522.68
3725.65 3718.9 3756.59 3780.15 3739.32 3716 3691.01 3689.31 3691.98 3703.11 3712.55 3704.5 3692.73 3689.75 3690.48 3686.61 3640.08 3645.4 3674.72 3690.99 3684.77 3680.38 3682.96 3687.88 3695.18 3698.36 3701.16 3710.69 3717.18 3716.39 3715.52 3715.93 3718.53 3714.89 3686.91 3659.08 3669.33 3662.61 3637.24 3667.04 3691.95 3711.47 3726.21 3706.14 3690.99 3676.22 3665.78 3665.02 3669.78 3663.83 3648.15 3632.99 3620.83 3610.39 3599.25 3589.89 3582.93 3574.97 3577.4 3539.52 3534.85 3534.05 3533.82 3534.78 3536.14 3534.16 3524.14
3700.39 3697.51 3719.9 3743.46 3708.68 3710.64 3714.69 3718.41 3718 3726.71 3734.81 3729.17 3714.02 3711 3718.77 3730.04 3687.43 3684.69 3707.51 3734.5 3712.08 3691.18 3686.65 3688.28 3696.48 3704.42 3711.41 3712.7 3711.12 3711.32 3707.56 3701.95 3693.29 3690.87 3706.63 3671.97 3697.08 3699.99 3680.38 3667.89 3685.23 3737.21 3722.83 3696.84 3678.13 3656.51 3658.24 3659.26 3661.9 3657.5 3641.73 3627.1 3616.35 3608.18 3602.31 3597.95 3596.45 3591.31 3581.77 3555 3546.47 3541.07 3538.34 3538.44 3543.6 3535.74 3525.37
3672.09 3683.87 3697.52 3700.4 3678.92 3688.81 3700.28 3714.54 3721.92 3726.79 3728.91 3722.31 3720.28 3718.69 3718.31 3721.54 3725.57 3723.2 3720.07 3719.8 3694.5 3683.51 3681.77 3687.87 3694.37 3708.74 3723.55 3723.94 3714.89 3706.62 3698.36 3689.99 3680.34 3685.22 3690.1 3719.58 3751.69 3736.08 3706.1 3683.21 3681.59 3711.73 3693.43 3679.21 3668.89 3658.41 3650.15 3646.84 3646.98 3643.03 3631.42 3619.77 3609.68 3601.03 3597.57 3597.4 3604.27 3616.37 3602.2 3581.27 3560.02 3546.78 3538.57 3535.52 3533.25 3531.76 3524.63
3652.89 3682.08 3688.48 3666.68 3661.69 3667.72 3677.04 3689.56 3704.78 3719.01 3727.18 3724.07 3724.01 3721.4 3713.35 3698.34 3720.55 3723.61 3716.31 3697.9 3683.59 3672.54 3662.11 3665.66 3681.73 3705.1 3726.94 3733.09 3717.19 3698.86 3689.35 3686.02 3686.72 3704.95 3691.49 3713.57 3765.26 3741.17 3717.71 3697.5 3693.01 3678.37 3671.53 3662.02 3655.04 3649.44 3633.92 3627.98 3626.63 3623.65 3615.5 3605.66 3597.2 3592.11 3588.72 3589.19 3595.49 3604.41 3601.56 3584.71 3562.52 3546.4 3535.83 3529.75 3528.79 3531.65 3522.5
3647.67 3693.35 3695.74 3644.14 3665.45 3669.98 3679.04 3687.93 3702.32 3716.28 3729.31 3735.8 3729.59 3726.34 3726.34 3728.09 3722.79 3721.62 3721.68 3713.04 3697.1 3671.84 3640.48 3639.45 3664.34 3689.66 3722.71 3718.23 3690.25 3676.55 3673.97 3679.49 3689.09 3708.09 3691.9 3684.25 3689.47 3718.81 3712.34 3687.98 3665.74 3661.42 3653.7 3643.14 3624.95 3611.78 3605.39 3603.49 3603.11 3604.8 3596.91 3590.24 3583.5 3577.14 3572.53 3572.6 3574.26 3583.53 3590.01 3572.36 3552.78 3538.04 3526.91 3519.67 3517.84 3518.06 3517.09
3649.42 3711.75 3735.69 3622.96 3658.31 3661.38 3668.38 3679.81 3694.67 3709.45 3719.32 3727.72 3725.82 3724.25 3726.87 3728.44 3725.97 3725.83 3725.56 3717.1 3701.03 3679.08 3651.13 3644.7 3653.5 3659.05 3656.73 3635.16 3633.46 3638.21 3646.12 3660.85 3683.92 3685.69 3653.75 3602.12 3636.39 3709.98 3707.27 3677.3 3651.91 3675.85 3663.84 3623.54 3588.24 3573.42 3572.8 3575.64 3579.35 3580.23 3577.24 3572.64 3566.79 3561.02 3555.66 3550.1 3546.99 3547.11 3555.48 3543.48 3534.69 3525.05 3514.43 3505.87 3499.29 3503.81 3512.82
3645.02 3711.32 3721.43 3582.29 3628.21 3641.81 3652.26 3667.51 3683.89 3698.2 3707.93 3712.2 3713.56 3713.95 3716.12 3718.38 3719 3719.65 3718.94 3710.2 3699.6 3689.89 3686.51 3667.08 3650.11 3632.61 3602.16 3572.18 3585.45 3599.87 3609.61 3621.21 3639.77 3632.92 3603.98 3574.22 3615.1 3674.86 3677.43 3664.47 3663.12 3658.95 3640.39 3589.8 3545.38 3535.04 3543.67 3552.79 3558.36 3560.62 3559.31 3554.25 3549.87 3545.51 3538.8 3532.08 3523.92 3524.72 3522.89 3517.6 3515.85 3510.71 3503.1 3495.1 3487.33 3489.5 3511.87
3624.83 3691.89 3698.92 3561.73 3603.59 3614.55 3630.28 3649.92 3671 3688.98 3696.22 3698.12 3698.7 3699.08 3700.97 3700.57 3702.9 3707.26 3705.49 3701.13 3696.79 3694.77 3692.62 3675.3 3649.71 3622.58 3592.89 3570.51 3567.3 3571.81 3574.21 3572.14 3564.82 3584.4 3579.71 3568.43 3578.27 3605.9 3635.6 3644.26 3633.37 3616.83 3578.6 3551.98 3524.66 3517.86 3524.02 3530.75 3536.51 3545.08 3541.76 3535.31 3533.41 3530.49 3526.32 3518.68 3507.71 3507.17 3497.84 3502.09 3502.64 3500.7 3496.7 3490.79 3486.06 3492.84 3517.11
3597.77 3660.67 3654.84 3547.25 3557.07 3581.66 3606.2 3632.35 3657.86 3680.03 3691.44 3686.83 3681.63 3678.78 3679.72 3680.71 3680.7 3683.8 3691 3694.76 3692.64 3694.09 3698.31 3675.27 3648.13 3621.37 3595.9 3571.65 3559.21 3555.22 3552.21 3546.55 3547.94 3560.59 3570.96 3570.46 3562.01 3573.76 3613.93 3636.22 3627.86 3585.25 3544.61 3529.45 3522.67 3515.06 3513.27 3514.33 3515.28 3512.54 3508.69 3514.25 3517.21 3517.42 3516.57 3512.83 3506.84 3497.49 3493.71 3496.26 3497.13 3496.43 3493.95 3490.73 3490.54 3497.81 3511.31
3584.93 3633.82 3631.21 3549.66 3534.58 3554.46 3583.68 3613.53 3642.26 3665.25 3668.8 3664.4 3661.29 3657.28 3649.17 3653.71 3658.3 3658.78 3683.82 3688.68 3681.32 3675.65 3681.79 3665.04 3642.31 3619.8 3598.74 3572.48 3554.31 3546.89 3544.27 3542.97 3554.03 3572.4 3583.49 3578.57 3576.63 3587.43 3616.94 3638.09 3627.8 3565.92 3522.19 3522.21 3521.68 3512.41 3507.38 3504.46 3501.35 3494.75 3489.96 3501.1 3505.69 3507.93 3508.59 3509.88 3512.67 3498.31 3494.71 3493.87 3495.94 3495.06 3493.6 3491.74 3491.56 3493.6 3506.99
3560.46 3601.1 3597.69 3544.14 3520.36 3538.44 3566.26 3596.35 3625.59 3648.36 3644.97 3641.9 3640.43 3640.37 3645.3 3640.33 3642.22 3654.04 3679.35 3673.93 3668.15 3667.48 3661.34 3648.38 3630.23 3611.58 3594.68 3567.47 3547.22 3542.69 3545.39 3557.09 3581.59 3595.32 3605.21 3599.56 3599.33 3617.87 3621.2 3631.62 3607.48 3565.1 3548.87 3530.57 3516.2 3507.77 3502.46 3498.66 3495.94 3496.62 3501.2 3496.55 3498.8 3501.09 3502.91 3503.17 3500.34 3491.92 3498.36 3502.75 3499.41 3496.7 3495.27 3495.79 3495.33 3494.01 3499.07
3542.2 3563.32 3560.37 3531.73 3520.08 3530.68 3551.43 3578.25 3606.4 3632.6 3633.99 3624.91 3620.75 3617.54 3616.92 3618.24 3621.85 3629.7 3639.15 3642.77 3644.24 3648.18 3642.22 3629 3612.1 3593.97 3575.84 3550.33 3536.54 3537.72 3544.26 3558.95 3591.51 3610.94 3615.67 3594.84 3580.98 3591.59 3599.84 3606.96 3581.71 3547.19 3544.93 3525.94 3510.5 3502.19 3498.06 3495.82 3493.73 3491.4 3487.42 3492.1 3495.52 3498.06 3499.59 3498.75 3496.69 3494.67 3498.97 3502.78 3498.93 3497.45 3497.47 3499.07 3501.97 3504.12 3496.44
3541.23 3551.18 3544.78 3526.34 3515.09 3521.38 3536.48 3558.15 3580.66 3598.62 3608.94 3605.36 3601.95 3597.53 3592.77 3596.7 3597.83 3597.53 3599.51 3603.25 3610.8 3621.5 3621.33 3608.83 3590.24 3572.28 3552.3 3535.27 3528.78 3532.42 3538.93 3547.8 3578.28 3589.38 3586.01 3558.3 3543.94 3545.42 3565.78 3575.85 3567.18 3558.44 3532.38 3509.21 3497.54 3496.87 3495.61 3494.92 3494.21 3492.52 3492.37 3492.77 3495.08 3496.64 3497.73 3499.18 3499.6 3499.82 3499.75 3493.85 3494.21 3496.29 3498.31 3502.09 3506 3510.2 3493.62
3541.58 3556.62 3545.33 3521.33 3505.76 3505.76 3519.25 3537.52 3555.7 3565.33 3571.9 3581.26 3584.69 3586.02 3587.45 3585.12 3581.52 3569.24 3555.62 3569.31 3576.8 3584.94 3593.37 3584.46 3569.36 3552.79 3535.49 3526.66 3525.34 3528.57 3535.31 3543.6 3552.36 3561.71 3562.93 3545.29 3526.6 3527.94 3543.95 3560.62 3568.44 3560.4 3535.49 3509.63 3498.6 3495.96 3494.9 3494.2 3494.1 3494.4 3494.44 3494.41 3496.24 3497.31 3497.22 3497.9 3498.44 3501.16 3498.48 3492.29 3490.62 3492.31 3495.34 3499.71 3505.05 3508.87 3507.7
3533.98 3549.08 3537.21 3515.92 3498.54 3494.36 3505.27 3519.85 3534.9 3555.01 3553.31 3563.41 3572.31 3576.33 3578.71 3579.8 3576.52 3568.8 3560.52 3558.3 3555.76 3547.55 3560.36 3563.86 3552.95 3538.29 3524.62 3519.82 3521.26 3525.12 3532.45 3539.59 3539.88 3550.06 3538.14 3529.99 3521.71 3518.68 3531.35 3546.67 3561.03 3559.09 3540.65 3519.7 3506.9 3500.5 3497.65 3497.22 3497.16 3497.85 3497.25 3498.46 3500.36 3500.66 3498.56 3496.74 3495.29 3494.1 3494.63 3489.39 3487.57 3489.32 3492.81 3497.54 3501.82 3504.93 3506.37
3543.29 3532.46 3524.07 3509.4 3495.02 3491.76 3496.84 3506.32 3513.39 3519.45 3539.87 3553.3 3566.36 3574.26 3578.8 3581.99 3581.11 3577.27 3568.75 3561.26 3554.77 3551.41 3558.3 3556.1 3543.13 3528.63 3516.65 3513.86 3515.91 3521.06 3527.4 3533.47 3543.02 3550.59 3547.73 3526.48 3511.1 3508.06 3523.71 3550.77 3552.41 3546.65 3536.93 3526.23 3512.11 3503.57 3500.56 3500.28 3502.08 3504.76 3507.79 3509.14 3507.42 3504.76 3501.58 3497.86 3495.84 3500.9 3493.77 3487.02 3484.08 3485.44 3489.69 3493.61 3496.68 3498.73 3498
3545.42 3530.57 3516.14 3505.44 3496.01 3489.05 3493.74 3500.64 3506.67 3512.17 3525.86 3547.06 3565.74 3583.49 3589.62 3589.39 3589.24 3586.15 3580.47 3575.61 3567.46 3555.39 3575.63 3554.91 3537.42 3522.4 3512.43 3510.07 3512.76 3517.38 3524.55 3533.61 3539.18 3535.25 3531.95 3518.83 3505.98 3503.61 3515.86 3532.09 3528.82 3532.4 3526.91 3514.17 3508.07 3502.33 3500.75 3502.17 3505.37 3509.39 3514.33 3516.38 3513.47 3511.11 3507.1 3498.88 3491.52 3497.9 3491.03 3481.45 3476.64 3483.24 3487.3 3489.1 3490.01 3490.29 3489.65
3552.72 3516.39 3511.94 3505.85 3498.61 3496.13 3498.2 3503.61 3508.94 3515.49 3530.06 3547.99 3565.59 3581.53 3590.92 3594.25 3596.74 3595.52 3595.64 3590.33 3585.42 3583.14 3561.74 3545.42 3530.52 3517.52 3508.21 3507.57 3509.15 3513.33 3519.66 3525.92 3525.33 3526.52 3518.49 3512.69 3506.31 3503.68 3507.68 3507.76 3514.83 3524.03 3523.38 3508.72 3500.99 3499.69 3500.69 3503.18 3506.45 3511.51 3516.4 3518.5 3519.42 3517.67 3515.75 3510.81 3498.87 3491.5 3488.55 3484.53 3482.53 3484.45 3485.77 3486.28 3486.14 3485.07 3482.18
3535.47 3522.92 3515.65 3511.53 3507.4 3503.17 3504.45 3512.52 3522.24 3532.95 3541.93 3552.73 3564.78 3575.58 3586.58 3594.86 3602.08 3608.26 3598.36 3592.56 3591.81 3581.91 3552.32 3534.17 3523.79 3516.48 3510.88 3507.83 3507.46 3510.43 3514.96 3521.23 3527.51 3529.08 3519.97 3510.09 3503.54 3501.32 3502.62 3509.3 3514.77 3517.44 3511.88 3500.96 3495.01 3495.29 3497.27 3501.24 3506.35 3511.37 3518.13 3526.87 3521.85 3520.03 3520.42 3521.72 3495.44 3486.65 3488.7 3490.13 3492.61 3489.18 3487.23 3485.41 3483.67 3481.4 3479.76
3537.45 3528.58 3521.84 3520.44 3521.05 3516.61 3515.82 3524.71 3535.03 3544.26 3551.05 3557.9 3565.95 3573.8 3585.1 3594.79 3601.5 3602.69 3603.45 3601.66 3589.66 3568.47 3537.89 3522.65 3517.93 3515.38 3512.24 3508.68 3508.08 3509.31 3513.65 3524.46 3529.08 3531.36 3522.57 3516.52 3510.26 3506.39 3507.9 3510.91 3518.14 3512.01 3501.31 3493.24 3489.77 3492.86 3496.44 3501.07 3504.37 3509.12 3513.31 3515.34 3515.87 3514.95 3514.59 3509.83 3475.33 3490.67 3490.48 3492.3 3494.79 3491.71 3487.3 3484.72 3481.95 3479.75 3478.24
3542.16 3528.56 3527.73 3529.89 3534.97 3536.7 3532.5 3539.49 3545.32 3553.23 3558.58 3562.31 3566.86 3576.64 3585.7 3597.13 3603.05 3602.63 3604.72 3600.51 3588.37 3564.86 3533.62 3516.75 3513.59 3514.45 3512.71 3508.62 3505.84 3506.21 3511.39 3519.81 3530.19 3533.81 3525.41 3519.84 3514.36 3510.11 3512.1 3520.1 3512 3506.22 3500.52 3493.84 3489.96 3493.5 3496.19 3500.46 3502.57 3504.25 3505.08 3505.1 3504.85 3505.05 3503.13 3498.26 3493.12 3493.51 3490.74 3491.05 3491.09 3489.32 3487.85 3485.31 3481.75 3478.28 3475.09
3544.67 3533.81 3530.82 3535.67 3541.73 3545.67 3553.36 3553.47 3560.52 3565.55 3566.26 3566.99 3566.89 3568.09 3587.63 3602.83 3612.98 3613.96 3607.26 3596.27 3580.59 3556.71 3527.39 3510.91 3511.31 3512.76 3512.13 3509.53 3506.72 3506.97 3513.25 3518.89 3525.3 3538.26 3532.78 3520.45 3514.02 3510.32 3507.39 3507.05 3502.69 3501.79 3497.98 3494.65 3491.67 3497.68 3502.57 3504.5 3503.59 3502.22 3498.93 3495.42 3495.38 3496.34 3495.11 3488.53 3481.58 3483.21 3487.81 3489.76 3489.57 3489.98 3488.69 3485.87 3482.44 3477.86 3471.75
3533.44 3533.58 3533.42 3539.55 3547.44 3556.55 3557.25 3557.6 3562.82 3570.7 3571.69 3571.82 3574.1 3581.86 3595.71 3612.93 3625.83 3622.9 3608.89 3594.4 3575.7 3551.52 3527.16 3513.13 3512.14 3515.13 3514.5 3511.99 3510.67 3509.73 3514.83 3516.79 3523.43 3535.34 3534.4 3522.39 3515.55 3509.9 3505.89 3505.8 3500.74 3500.14 3503.13 3498.82 3499.44 3505.28 3504.46 3502.73 3500.62 3497.8 3494.68 3491.01 3489.84 3490.61 3490.52 3485.99 3473.39 3480.07 3487.18 3491.34 3493.61 3493.74 3491.22 3488.12 3484.28 3479.82 3473.92
