real_craters/C177-300m.grd
DSAA
475 475
-71.1725 71.1725
-71.1725 71.1725
1986.305047764 4424.7371368837
[rows 300 to 329 of 475, columns 134 to 200 of 475]
3813.51 3802.49 3790.77 3777.35 3761.8 3744.62 3737.4 3740.89 3740.21 3739.78 3738.23 3734.11 3728.9 3724.24 3720.38 3716.19 3710.38 3704.07 3698.21 3692.64 3687.82 3684.87 3681.34 3667.48 3653.77 3642.3 3632.19 3622.3 3612.39 3620.71 3613.14 3609.19 3619.92 3631.99 3644.09 3655.5 3665.89 3676.01 3682.3 3687.4 3690.66 3691.42 3685.5 3678.9 3689.88 3694.11 3696.03 3690.82 3682.54 3694.02 3735.33 3759.57 3785.24 3804.39 3818.1 3826.81 3828.11 3822.88 3816.1 3813.71 3816.47 3812.22 3811.28 3811.17 3811.65 3816.36 3825.15
3821.67 3810.38 3798.58 3786.98 3775.63 3765.77 3760.25 3756.77 3753.93 3751.81 3747.37 3740.27 3731.85 3722.73 3714.89 3709.28 3704.71 3700.98 3697.91 3695.99 3694.39 3693.87 3690.22 3677.42 3663.42 3651.24 3640.38 3630.61 3623.96 3623.05 3623.5 3624.89 3629.63 3638.28 3647.68 3656.32 3661.26 3668.37 3677.48 3682.24 3683.39 3681.33 3674.49 3672.18 3679.1 3683.71 3685.58 3680.81 3670.83 3684.94 3722.75 3737.21 3760.04 3779.86 3793.95 3807 3813.93 3814.31 3811.32 3809.72 3808.65 3804.16 3798.9 3800.98 3806.42 3816.6 3837.21
3827.01 3816.38 3805.32 3796.59 3789.2 3787.89 3788.26 3772.03 3760.65 3759.33 3755.56 3746.85 3734.89 3721.18 3707.77 3700.03 3698.67 3698.51 3698.05 3697.55 3696.95 3696.2 3692.11 3680.66 3670.21 3659.96 3650.07 3640.54 3633.9 3635.81 3632.3 3633.52 3640.55 3646.72 3653.82 3662.05 3670.21 3673.95 3676.84 3678.96 3680.01 3678.73 3675.92 3675.4 3676.93 3676.41 3671.55 3661.77 3654.09 3673.77 3703.94 3719.65 3742.82 3763.85 3779.96 3795.43 3805.06 3809.07 3807.49 3799.51 3801.63 3797.24 3794.02 3794.61 3800.45 3808.72 3818.26
3828.22 3818.51 3808.67 3801.89 3796.61 3794.61 3791.45 3780.79 3771.81 3765.05 3765.01 3756.32 3740.23 3721.78 3704.76 3695.56 3694.99 3696.49 3698.18 3699.33 3698.96 3695.56 3684.6 3682.32 3676.63 3668.93 3660.25 3650.95 3640.06 3631.04 3635.92 3648.9 3650.92 3655.19 3659.87 3665.41 3675.99 3677.67 3676.72 3678.03 3679.13 3679.22 3678.79 3680.91 3678.07 3674.93 3666.28 3654.1 3643.94 3665.05 3687.27 3705.34 3732.93 3757.15 3776.18 3790.69 3801.97 3808.34 3810.91 3811.6 3806.38 3791.91 3783.41 3787.36 3794.99 3803.36 3811.85
3828.51 3820.36 3813.58 3805.96 3799.03 3791.75 3781.01 3778.36 3789.39 3801.12 3789.88 3771.09 3748.01 3724.27 3703.71 3694.52 3693.97 3695.76 3698.16 3700.4 3701.84 3701.69 3693.49 3690.23 3684.56 3678.6 3672.38 3664.27 3653.83 3631.53 3639.5 3648.05 3657.96 3664.49 3666.37 3664.57 3660.1 3668 3674.52 3677.85 3680.02 3680.92 3680.96 3678.72 3680.09 3679.56 3674.48 3660.86 3655.59 3671.88 3690.98 3705.86 3731.19 3755.55 3775.27 3789.07 3800.14 3809.27 3816.61 3816.65 3799.67 3787.38 3779.91 3783.62 3791.5 3801.25 3811.67
3828.83 3821.44 3814.05 3806.46 3799.31 3792.12 3785.28 3774.54 3784.54 3826.01 3813.51 3785.96 3757.22 3729.38 3705.61 3695.9 3695.62 3697.43 3699.56 3702.39 3705.76 3709.95 3703.08 3696.82 3692.6 3687.64 3683.31 3679.23 3674.51 3653.19 3656.36 3665.91 3675.08 3678.38 3676.89 3672.07 3664.1 3670.33 3676.5 3679.97 3682.01 3683.55 3685.15 3686.33 3686.02 3683.52 3679.48 3667.79 3661.52 3684.8 3702.8 3713.19 3733.22 3757.06 3774.34 3785.98 3796.87 3806.51 3814.77 3804.04 3790.35 3784.33 3779.88 3782.03 3788.06 3797.28 3805.13
3827.82 3822.95 3816.22 3809.04 3801.92 3795.01 3788.84 3783.85 3804.18 3840.82 3823.72 3795.11 3765.79 3736.88 3712.26 3703.28 3701.71 3702.2 3703.67 3705.68 3708.56 3712.23 3716.36 3706.95 3700.98 3696.19 3692.73 3690.69 3690.49 3683.11 3680.12 3692.36 3700.06 3694.16 3689.76 3687.19 3686.72 3682.89 3682.79 3683.77 3684.92 3686.79 3689.34 3692.4 3691.69 3684.75 3679.06 3679.32 3683.88 3698.37 3704.19 3713.14 3730.74 3753.19 3769.1 3778.82 3789.42 3798.4 3802.84 3786.35 3788.03 3783.65 3780.94 3778.74 3780.87 3788.23 3795.14
3830 3824.58 3819.03 3813.35 3805.89 3798.15 3791.37 3786.3 3806.12 3834.08 3818.73 3796.56 3772.52 3747.77 3724.91 3715.95 3712.33 3710.05 3709.2 3708.29 3708.71 3712.4 3712.61 3711.34 3708.09 3702.56 3698.16 3695.85 3693.59 3686.72 3686.67 3700.62 3709.79 3702.35 3699.33 3698.96 3697.42 3692.82 3689.22 3688.29 3687.94 3688.63 3690.32 3693.18 3693.24 3686.21 3682.13 3687.05 3703.06 3710.06 3705.31 3709.03 3720.39 3737.64 3751.62 3764.9 3778.39 3789.08 3790.68 3788.07 3775.12 3778.46 3778.32 3771.26 3768.31 3769.59 3775.45
3831.77 3827.2 3820.05 3815.14 3809.94 3801.67 3789.05 3784.2 3794.79 3800.76 3803.65 3792.52 3777.69 3762.53 3747.12 3734.39 3725.46 3718.94 3714.72 3710.43 3706.45 3702.93 3710.76 3720.94 3713.05 3705.2 3699.39 3695.98 3695.51 3682.94 3682 3692.96 3696.48 3702.13 3703.25 3704.65 3704.7 3697.63 3692.91 3690.29 3688.91 3688.32 3687.83 3687.46 3687.92 3689.16 3689.46 3694.99 3708.37 3717.45 3714.85 3705.99 3703.14 3708.71 3726.05 3745.61 3764.58 3780.42 3790.81 3770.48 3764.13 3765.82 3764.91 3757.54 3751.44 3750.61 3756.85
3832.94 3828.35 3824.05 3819.12 3814.43 3810.03 3807.94 3819.13 3810.43 3798.74 3792.73 3787.21 3780.3 3775.34 3768.33 3750.1 3736.89 3727.38 3720.46 3713.42 3706.8 3700.39 3708.8 3723.56 3713.07 3703.64 3696.33 3691.01 3686.75 3686.18 3689.58 3698.33 3701.69 3705.04 3704.15 3702.17 3700.1 3697.61 3695.39 3692.88 3690.48 3688.14 3685 3680.86 3679.21 3693.22 3699.69 3703.4 3711.71 3722.12 3715.18 3699.22 3686.01 3679.29 3701.54 3726.97 3749.44 3767.91 3777.29 3760.49 3748.42 3746.46 3747.21 3742.95 3734.98 3726.72 3737.84
3831.27 3829.89 3827.79 3825.44 3821.87 3819.2 3817.19 3817.07 3792.74 3785.69 3783.88 3781.84 3778.57 3774.75 3770.01 3756.04 3743.51 3733.47 3724.74 3717.49 3712.07 3711.29 3716.58 3712.13 3706.03 3699.4 3692.99 3687.29 3688.16 3697.92 3709.63 3713.89 3717.36 3712.36 3706.24 3698.81 3696.2 3696.94 3696.66 3694.63 3692.07 3688.44 3684.32 3679.17 3674.96 3687.07 3699.74 3708.89 3712.82 3714.17 3699.73 3690.91 3679.48 3674.63 3691.14 3713.05 3733.95 3753.15 3760.09 3745.54 3735.99 3736.63 3737.72 3734.02 3726.86 3721.75 3728.73
3828.5 3828.73 3829.29 3828.99 3827.46 3824.79 3814.22 3782.18 3773.34 3771.74 3774.9 3776.58 3775.13 3767.48 3759.43 3756.73 3747.95 3737.7 3728.53 3721.12 3716.41 3715.96 3714.29 3701.97 3697.72 3695.68 3693.09 3689.53 3691.85 3711.97 3726.13 3731.52 3726.56 3722.62 3713.71 3700.27 3697.51 3699.97 3699.53 3697.26 3694.53 3690.81 3686.4 3683.15 3682.39 3675.99 3686.65 3697.41 3711.28 3704.46 3697.18 3691.41 3682.63 3679.07 3689.51 3703.63 3718.48 3734.07 3747.08 3731.11 3730.59 3741.09 3737.93 3730.6 3723.46 3720.18 3723.7
3826.66 3828.07 3829.28 3830.43 3831.27 3831.29 3827.64 3801.85 3772.8 3767.61 3770.54 3775.12 3778.09 3776.21 3769.69 3762.55 3752.34 3741.28 3731.43 3723.05 3718.06 3714.72 3708.3 3695.03 3694.06 3696.17 3698.81 3704.2 3714.13 3731.3 3751.74 3751.82 3747.24 3739.53 3729.02 3716.43 3710.79 3709.04 3706.68 3702.62 3698.46 3694.63 3690.48 3688.54 3688.71 3688.09 3689.7 3698.23 3721.3 3737.35 3714.95 3700.94 3694.82 3691.87 3692.79 3697.78 3702.72 3704.01 3702.34 3710.43 3721.86 3733.5 3732.86 3727.69 3722.89 3717.83 3719.18
3826.15 3828.86 3830.72 3832.1 3832.73 3832.75 3834.87 3819.48 3775.17 3766.61 3768.67 3775 3783.51 3792.06 3785.52 3770.21 3756.52 3743.16 3732.3 3723.38 3717.63 3720.59 3711.66 3701.01 3697.86 3701.53 3706.42 3713.91 3726.48 3742.53 3761.2 3762.7 3760.28 3755.32 3746.1 3738.28 3728.47 3721.44 3716.51 3711.09 3706.61 3702.43 3696.15 3692.54 3691.18 3693.93 3700.19 3693.22 3716.64 3728.66 3716.55 3705.51 3699.86 3698.22 3696.7 3696.08 3693.56 3684.38 3682.7 3696.97 3713.16 3723.19 3721.83 3721.63 3723.23 3721.95 3714.99
3826.63 3827.8 3828.25 3829.01 3828.71 3827.2 3817.41 3796.59 3773.56 3765.81 3767.98 3773.02 3782.14 3794.4 3786.81 3770.35 3756.02 3743.71 3732.9 3722.28 3713.64 3707.29 3708.27 3702.14 3703 3712.14 3718.23 3718.67 3730.42 3745.85 3755.58 3759.5 3764.12 3763.46 3753.53 3750.98 3740.25 3731.39 3725.61 3720.21 3715.92 3711.38 3705.21 3699.96 3693.5 3694.22 3708.23 3703.91 3702.14 3700.73 3704 3704.96 3703.84 3701.81 3701.14 3698.75 3694.92 3689.65 3677.93 3686.59 3697.68 3699 3705.49 3709.87 3714.79 3712.67 3704.99
3833.55 3833.22 3834.57 3832.05 3829.41 3824.35 3815.45 3789.34 3769.79 3765.54 3765.81 3767.4 3770 3773.78 3771.06 3763.01 3754.27 3744.92 3734.54 3723.34 3710.84 3715.7 3716.04 3715.94 3720.61 3730.58 3739.92 3747.12 3750.49 3752.08 3750.28 3747.84 3747.6 3746.22 3746.52 3746.47 3744.18 3738.43 3731.57 3728.01 3723.08 3718.31 3714.78 3709.6 3703.59 3701.8 3712.31 3718.55 3695.26 3690.08 3701.39 3708.43 3707.68 3709.03 3707.7 3703.66 3699.64 3699.37 3684.14 3683.43 3683.84 3685.28 3690.8 3694.17 3696.72 3695.16 3689.27
3841.27 3839.64 3837.48 3833.03 3828.95 3822.57 3818.99 3798.11 3771.77 3768.85 3764.51 3760.36 3755.79 3747.33 3753.29 3754.54 3751.56 3746.4 3738.72 3730.75 3720.41 3723.04 3729.14 3735.58 3746.34 3749.45 3761.46 3776.49 3771.95 3763.02 3750.1 3739.67 3733.57 3722.65 3740.66 3751.26 3746.62 3742.06 3737.83 3732.81 3728.9 3726.06 3722.12 3718.34 3713.04 3696.51 3703.55 3708.97 3703.7 3701.22 3713.37 3724.38 3722.42 3723.15 3718.09 3709.16 3700.8 3693.35 3691.25 3688.79 3682.04 3677.21 3683.59 3680.07 3673.08 3673.19 3672.43
3846.3 3842.64 3839.83 3834.47 3825.96 3815.26 3802.29 3801.99 3795.11 3776.44 3763.14 3755.83 3750.42 3746.51 3747.67 3749.83 3749.69 3747.17 3744.98 3743.06 3747.2 3746.86 3741.53 3740.61 3742.31 3761.24 3777.81 3784.32 3786.98 3779.18 3765.89 3754.44 3750.97 3745.53 3748.55 3747.92 3748.91 3746.06 3742.28 3738.01 3734.86 3733.46 3730.49 3727 3719.82 3689.6 3686.84 3699.75 3704.02 3713.47 3731.97 3754.02 3767.57 3750.13 3730.62 3713.51 3700.72 3696.83 3702.94 3698.74 3701.15 3698.27 3682.74 3673.67 3664.8 3663.39 3661.39
3852.44 3850.34 3847.84 3841.1 3828.78 3812.83 3799.25 3808.36 3806.03 3774.68 3758.54 3751.77 3748.6 3748.73 3748.75 3749.69 3750.05 3750.42 3750.96 3750.61 3752.51 3751.24 3749.65 3749.8 3751.77 3777.39 3799.83 3811.62 3807.04 3798.19 3790.77 3786.57 3778.9 3780.85 3766.33 3757.26 3753.11 3749.65 3746.2 3741.61 3740.05 3737.37 3735.25 3733.4 3726.67 3695.49 3685.36 3699.94 3718.05 3725.8 3744.57 3771.81 3792.03 3764.35 3735.66 3713.06 3695.2 3687.97 3698.73 3699.46 3700.9 3688.82 3676.75 3672.81 3668.59 3662.31 3655.57
3858.63 3859.09 3856.78 3850.2 3837.98 3818.37 3794.25 3787.22 3770.04 3754 3748.02 3748.22 3750.91 3750.33 3752.45 3753.44 3754.4 3756.43 3757.53 3756.79 3751.81 3752.36 3756.37 3762.26 3779.72 3791.43 3816.45 3832.83 3820.38 3810.69 3805.65 3801.8 3790.79 3779.61 3770.77 3763.51 3756.13 3752.17 3747.48 3742.05 3739.17 3736.71 3735.36 3734.28 3733.1 3709.82 3687.5 3705.62 3725.33 3730.33 3740.54 3757.28 3767.64 3750.61 3728.51 3706.95 3686.98 3670.93 3680.53 3694.96 3699.59 3682.41 3670.99 3672.32 3673.17 3662.31 3652.17
3866.82 3872.76 3872.7 3868.42 3859.49 3842.27 3812.62 3763.82 3735.74 3731.42 3738.18 3745.45 3755.03 3762.01 3757.05 3757.17 3759.01 3761.07 3765.28 3768.55 3766.37 3762.9 3763.74 3765.64 3768.34 3780.86 3804.92 3821.64 3814.62 3810.44 3808.94 3806.76 3791.94 3772.84 3769.76 3764.99 3756.71 3750.4 3745.38 3740.63 3737.01 3734.45 3732.01 3730.52 3728.5 3718.01 3712.02 3709.34 3715.49 3719.09 3721.47 3723.27 3724.82 3723.95 3713.47 3699.98 3685.21 3671.35 3679.41 3696.16 3703.84 3687.04 3671.32 3667.02 3664.42 3657.1 3648.46
3882.64 3887.26 3891.53 3887.3 3884.91 3880.56 3863.92 3818.81 3751.29 3734.69 3741.58 3747.06 3750.36 3753.79 3757.87 3759.66 3762.4 3766.56 3772.66 3781.33 3785.68 3775.79 3773.1 3770.13 3763.6 3766.21 3769.74 3782.04 3796.04 3800.96 3802.06 3801.73 3784.22 3763.81 3757.49 3758.14 3753.91 3748.79 3743.96 3739.63 3736.32 3731.46 3728.74 3727.66 3727.36 3740.49 3736.65 3703.26 3689.45 3695.48 3699.4 3697.84 3698.09 3701.27 3698.44 3693.29 3689.78 3687.34 3689.67 3700.65 3707.07 3692.08 3673.94 3662.98 3656.14 3652.47 3645.84
3899.56 3904.37 3905.8 3906.71 3907.42 3909.72 3904.02 3875.1 3812.68 3773.16 3758.8 3756.3 3757.78 3758.97 3760.59 3763.52 3767.09 3771.6 3777.43 3784.7 3789.56 3787.94 3784.5 3781.7 3780.26 3777.87 3764.04 3769.39 3785.75 3790.91 3788.84 3780.16 3767.33 3755.13 3756.01 3751.93 3748.32 3744.14 3739.82 3735.3 3731.29 3726.67 3723.47 3723.09 3732.16 3746.76 3733.8 3696.35 3673.87 3679.4 3684.04 3685.73 3685.9 3685.97 3685.04 3683.54 3686.95 3691.07 3691.11 3697.29 3708.54 3690.82 3674.72 3663.91 3657.65 3651.53 3644.07
3920.34 3921.9 3922.09 3923.21 3921.67 3922.37 3922.1 3901.95 3840.75 3794.43 3780.18 3769.24 3763.67 3763.19 3766.36 3770.33 3773.85 3776.73 3780.22 3784.75 3800.17 3799.63 3794.81 3793.14 3796.84 3801.76 3800.54 3793.05 3788.89 3785.93 3778.69 3766.09 3755.44 3748.84 3742.89 3745.13 3744.35 3740.6 3736.4 3732.22 3727.37 3723.01 3718.56 3714.07 3710.49 3718.06 3714.12 3703.8 3687.61 3677.51 3674.99 3675.32 3674.93 3673.33 3672.24 3669.97 3668.19 3681.14 3678.87 3678.21 3678.28 3678.4 3674.37 3670.17 3663.77 3656.91 3648.02
3939.52 3940.06 3939.12 3935.3 3928.47 3916.14 3916.38 3906.72 3866.16 3831.62 3807.68 3787.19 3768.09 3768.9 3774.69 3778.9 3782.82 3783.34 3784.44 3786.73 3802.51 3804.09 3801.29 3798.85 3797.41 3798.13 3809.01 3803.1 3793.63 3785.85 3776.25 3764.81 3758.31 3757.84 3752.84 3747.96 3744.51 3740.44 3735.6 3731.5 3727.06 3721.64 3715.48 3710.32 3703.99 3696.37 3698.19 3701.16 3690.91 3675.59 3666.51 3663.38 3663.1 3663.21 3662.34 3659 3653.53 3654.65 3659.12 3659.68 3659.71 3669.6 3674.67 3681.17 3673.65 3661.4 3649.8
3958.91 3957.29 3954.04 3949.18 3937.76 3918.58 3907.09 3898.39 3882.86 3866.08 3837.04 3812.8 3793.91 3788.16 3788.91 3791.2 3793.22 3794.88 3794.21 3792.15 3799.23 3806.69 3807.02 3803.44 3797.57 3790.59 3794.78 3799.67 3795.66 3788.12 3778.47 3769.08 3765.48 3773.67 3774.32 3754.3 3745.26 3741.03 3736.77 3733.46 3728.77 3723.03 3715.45 3705.7 3695.77 3696.33 3683.94 3678.09 3671.87 3665.78 3657.44 3648.15 3653.49 3656.89 3657.19 3653.65 3645.97 3637.88 3644.24 3651.87 3660.32 3670.48 3679.67 3684.28 3675.45 3664.1 3652.46
3978.1 3970.79 3966.25 3961.86 3954.26 3942.27 3907.81 3893.1 3892.76 3883.84 3862.16 3837.68 3821.8 3810 3806.84 3807.52 3808.79 3810.8 3810.54 3809.81 3812.18 3817.58 3816.36 3811.59 3805.12 3801.09 3806.1 3805.27 3799.82 3791.53 3782.31 3773.07 3767.16 3774.08 3766.53 3750 3745.25 3741.81 3738.55 3734.18 3730.03 3724.09 3716.01 3703.28 3687.92 3677.29 3660.92 3659.26 3663.45 3661 3655.88 3653.8 3652.17 3655.3 3658.28 3656.63 3640.84 3626.21 3637.94 3650.38 3662.69 3674.13 3682.49 3676.31 3670.97 3661.88 3651.01
3983.41 3978.81 3976.72 3973.38 3969.22 3961.38 3916.01 3902.82 3907.3 3908.28 3883.13 3854.85 3835.35 3827.68 3825.4 3825.59 3826.73 3829.45 3832.41 3834.96 3842.89 3835.28 3829.11 3822.38 3817 3815.48 3820.86 3814.45 3804.34 3795.12 3786.69 3779.14 3772.15 3760.18 3747.63 3744.88 3744.7 3743.2 3740.39 3737.59 3733.64 3727.82 3720.31 3708.26 3692.09 3682.09 3658.41 3657.97 3668.47 3661.7 3652.74 3649.01 3651.65 3656.83 3662.53 3668.5 3662.58 3638.6 3641.92 3650.04 3663.31 3677.8 3686.91 3677.8 3669.72 3660.65 3648.62
3983.08 3986.15 3984.04 3978.39 3971.53 3961.94 3945.19 3930.17 3925.99 3917.57 3899.28 3873.07 3847.96 3848.08 3846.49 3845.53 3846.4 3850.36 3855.68 3862.48 3859.73 3850.92 3841.91 3833.58 3828 3828.46 3833.25 3817.43 3806.7 3798.13 3790.75 3784.73 3774.76 3757.03 3748.38 3747.9 3746.72 3745.17 3742.81 3739.41 3734.89 3730.25 3725.2 3714.92 3697.77 3685.15 3674.96 3675.52 3679.66 3665.91 3650.23 3643.54 3651.88 3658 3664.13 3671.73 3675.18 3656.49 3649.88 3652.47 3664 3680.59 3698.69 3686.64 3669.07 3657.48 3647.23
3996 3994.92 3989.44 3981.16 3969.51 3961.06 3956.98 3955.09 3949.23 3938.17 3925.14 3907.28 3889.27 3876.48 3869.59 3866.1 3865.07 3867.51 3873.2 3877.78 3871.54 3861.5 3851.18 3841.93 3833.33 3826.65 3819.98 3809.27 3802.81 3797.28 3793.32 3790.36 3787.62 3758.94 3746.93 3749.34 3750.73 3748.92 3745.93 3741.98 3738.02 3733.22 3726.79 3716.95 3702.92 3692.22 3689.09 3687.1 3682.35 3673.46 3661.71 3656.43 3659.9 3663.1 3664.18 3662.52 3657.18 3654.53 3654.95 3659.24 3667.02 3676.42 3681.98 3676.08 3665.27 3655.03 3644.18
