real_craters/C177-500m.grd
DSAA
286 286
-71.1725 71.1725
-71.1725 71.1725
1992.5219207935 4397.9392632885
[rows 150 to 179 of 286, columns 134 to 200 of 286]
2576.92 2585.18 2586.5 2593.57 2624.6 2655.25 2682.59 2676.6 2674.85 2679.4 2678.15 2669.39 2660.11 2625 2572.93 2521.81 2501.55 2496.62 2501.57 2509.55 2519.82 2549.59 2567.26 2562.78 2505.08 2445.15 2374.83 2315.44 2261.93 2222.64 2209.4 2225.01 2247.3 2286.91 2383.24 2486.28 2586 2679.93 2772.58 2858.39 2940.52 3050.3 3218.39 3364.92 3513.19 3648.8 3769.2 3876.2 4022.67 4117.54 3993.35 3848.61 3781.54 3736.13 3726.06 3717.49 3707.15 3698.38 3692.41 3689.86 3680.53 3668.22 3656.26 3641.89 3632.76 3622.48 3612.96
2558.36 2573.95 2586.45 2593.51 2614.08 2641.03 2669.47 2634.53 2610.17 2604.76 2597.23 2581.72 2569.89 2559.22 2547.27 2554.26 2516.15 2499.31 2498.99 2507.93 2539.89 2554.82 2570.08 2557.49 2518.93 2454.02 2390.94 2331.44 2277.19 2237.7 2223.46 2261.86 2316.09 2390.77 2459.71 2548.05 2636.71 2728.87 2819.31 2908.92 2999.37 3107.19 3278.44 3419 3580.94 3715.26 3827.67 3926.6 4025.14 4158.09 4029.24 3876.31 3788.59 3749.08 3734.54 3723.03 3712.24 3702.75 3697.03 3694.65 3687.45 3675.08 3661.4 3651.25 3635.91 3624.69 3616.12
2540.51 2562.17 2581.11 2587.98 2600.36 2613.26 2617.22 2582.95 2553.32 2540.96 2531.71 2515.95 2507.28 2489.7 2488.59 2495.74 2492.7 2490.4 2495.91 2506.68 2537.61 2554.97 2571.42 2578.97 2532.53 2468.12 2407.88 2348.38 2296.13 2254.97 2244.38 2295.23 2374.8 2462.36 2531.08 2611.53 2695.19 2785.73 2875.52 2966.55 3057.1 3173 3332.19 3464.67 3603.89 3762.13 3905.92 4026.3 4137.93 4256.88 4148.45 3937.89 3832.39 3781.48 3758.27 3735.61 3719.38 3708.63 3699.88 3699.61 3691.67 3683.12 3670.28 3642.2 3640.33 3628.07 3614.37
2535.08 2547.55 2562.2 2571.25 2584.92 2590.18 2575.68 2538.46 2503.51 2487.65 2480.73 2475.31 2471 2451.59 2435.12 2433.37 2459.03 2474.07 2487.81 2501.48 2529.1 2550.32 2562.77 2567.21 2532.29 2474.66 2420.41 2367.65 2318.22 2280.68 2278.14 2335.27 2417.01 2509.17 2592.12 2680.74 2770.92 2856.79 2944.56 3030.19 3118.96 3248.6 3412.36 3527.64 3659.23 3831.69 4006.74 4151 4266.57 4279.84 4139.21 3975.57 3872.04 3859.27 3781.09 3738.75 3719.12 3709.69 3701.98 3689.59 3695.68 3691.46 3684.95 3680.51 3653.38 3632.33 3612.22
2513.89 2529.05 2540.1 2552.73 2569.54 2581.66 2548.86 2493.35 2453.67 2443.82 2441.37 2439.87 2436.03 2416.33 2415.41 2426.85 2445.8 2462.76 2477.53 2499.41 2513.94 2534.45 2544.32 2541.25 2524.16 2479.27 2434.52 2390.61 2352.91 2324.26 2326.7 2392.88 2462.83 2556.78 2659.3 2759.73 2851.53 2941.38 3025.94 3112.88 3203.79 3333.57 3489.97 3600.64 3738.87 3923.01 4111.68 4268.48 4332.57 4272.41 4116.81 3980.53 3861.86 3804.99 3752.06 3722.3 3711.62 3712.28 3718.01 3715.75 3708.34 3701.94 3690.79 3673.47 3660.21 3639.83 3617.29
2497.63 2519.08 2524.81 2534.9 2545.1 2553.16 2509.94 2442.11 2404.38 2404.48 2411.15 2415.22 2413 2405.82 2414.52 2425.56 2437.39 2452.14 2465.72 2481.57 2496.45 2513.88 2527.84 2538.39 2527.38 2482.8 2445.68 2416.18 2395.86 2394.58 2425.81 2478.39 2546.1 2642.05 2746.23 2846.99 2944.03 3039.83 3129.04 3209.43 3287.93 3425.08 3567.85 3672.2 3820.57 4013.02 4205.81 4340.59 4346.44 4242.49 4086.43 3962.43 3848.54 3746.55 3702.43 3695.06 3698.69 3711.36 3728.48 3727.68 3718.84 3711.02 3706.98 3694.84 3669.25 3646.64 3626.76
2507.81 2517.82 2527.48 2514.79 2505.73 2489.99 2430.55 2386.24 2370.79 2374.82 2387.57 2402.75 2412 2413.49 2419.12 2424.44 2430.56 2440.01 2450.97 2459.63 2476.77 2487.88 2499.86 2523.33 2521.6 2476.42 2453.34 2442.81 2441.54 2453.44 2501.41 2572.03 2663.91 2748.44 2845.52 2941.62 3044.33 3144.47 3238.9 3327.04 3399.19 3510.07 3647.68 3749.88 3894.49 4083.53 4274.89 4366.83 4303.56 4162.63 4036.58 3972.36 3888.67 3754.74 3682.68 3671.86 3684.27 3704.76 3725.28 3726.6 3718.48 3711.05 3707.33 3695.25 3672.16 3652.51 3635.48
2499.7 2500.79 2496.94 2484.57 2462.03 2425.03 2366.78 2342.36 2342.6 2349.53 2366.19 2386.85 2405.24 2409.78 2414.22 2421.11 2424.77 2426.06 2429.86 2436.02 2446.9 2453.63 2459.65 2463.73 2460.32 2449.26 2453.34 2467.87 2492.97 2525.24 2589.37 2668.19 2758.26 2844.08 2936.93 3032.25 3136.49 3244.64 3350.82 3457.11 3554.84 3586.6 3698.65 3812.55 3958.55 4132.3 4295.45 4365.11 4276.08 4168.12 4049.19 3972.22 3866.16 3719.98 3647.75 3649.97 3668.18 3693.25 3718.77 3717.53 3709.81 3699.95 3687.91 3679.39 3667.39 3653.05 3640.13
2490.37 2484.54 2476.15 2456.44 2427.82 2392.48 2351.84 2330.46 2320.14 2328.45 2345.74 2362.35 2377.69 2394.05 2399.75 2410.79 2414.37 2420.57 2423.23 2424 2429.01 2429.38 2424.85 2412.06 2403.53 2430.38 2453.07 2491.01 2545.38 2629.69 2689.34 2753.11 2847.19 2926.08 3015.76 3112.05 3218.98 3330.17 3447.29 3563.16 3667.09 3632.18 3746.58 3892.55 4028.13 4157.77 4258.43 4256.88 4219.8 4133.34 4016.46 3914.22 3796.84 3690.8 3636.49 3638.54 3655.91 3677.63 3690.63 3701.56 3699.86 3691.9 3675.19 3668.75 3661.43 3651.67 3639.94
2479.62 2467.52 2458.32 2435.16 2405.85 2371.08 2354.43 2336.52 2318.13 2319.06 2331.16 2342.21 2350.48 2376.32 2390.97 2402.41 2410.68 2415.9 2420.35 2420.45 2417.39 2416.93 2410.46 2398.68 2398.23 2428.46 2459.33 2508.36 2571.24 2652.85 2735.93 2804.49 2881.38 2982.43 3077.55 3180.58 3285.67 3398.94 3517.43 3630.48 3700.91 3676.91 3818.11 3994.36 4103.6 4193.82 4247.67 4225.34 4173.38 4090.32 4016.69 3896.12 3753.89 3664.45 3636.61 3637.08 3650.06 3667.87 3680.95 3686.02 3690.83 3691.6 3684.21 3673.82 3659.83 3645.16 3632.43
2452.66 2443.41 2434.23 2419.61 2399.59 2372.99 2353.14 2334.65 2318.58 2317.55 2326.78 2336.43 2347 2371.75 2387.7 2399.64 2408.04 2417.29 2421.47 2425.37 2422.07 2418.27 2411.84 2411.48 2422.75 2446.95 2474.66 2522.81 2581.31 2650 2749.65 2846.25 2949.64 3031.53 3128.8 3232.91 3339.25 3453.14 3566.78 3674.89 3744.33 3745.47 3894.24 4069.59 4170.68 4248.47 4275.22 4254.78 4169.44 4059.46 3971.17 3868.52 3783.99 3670.1 3645.56 3641.27 3649.46 3663.24 3675.4 3677.3 3682.57 3690.66 3697.16 3674.24 3654.63 3638.02 3622.99
2421.8 2414.34 2410.79 2406.54 2401.17 2385.55 2352.81 2327.17 2321.29 2324.03 2332.96 2342.77 2353.37 2375.88 2391.47 2397.58 2405.68 2416.22 2427.91 2434.01 2439.09 2439.07 2436.55 2435.37 2453 2471.13 2497.01 2545.09 2600.71 2665.29 2761.85 2846.26 2952.64 3060.72 3168.02 3280.57 3389.35 3499.23 3601.68 3698.03 3764.33 3806.51 3976.53 4123.67 4242.06 4297.37 4355.43 4303.02 4140.8 3997.74 3884.52 3785.54 3698.57 3660.88 3646.37 3643.04 3648.5 3660.6 3668.83 3667.57 3668.73 3672.69 3675.59 3660.14 3643.26 3627.84 3613.18
2394.4 2388.12 2389.14 2393.97 2395.5 2383.33 2355.12 2329.17 2330.33 2335.38 2348.29 2357.86 2365.07 2377.79 2392.66 2396.71 2411 2424.5 2439.57 2454.24 2468.22 2472.75 2471.97 2469.25 2472.19 2497.45 2532.18 2581.88 2638.06 2708.35 2784.05 2856.91 2963.77 3087.93 3208.29 3327.5 3440.46 3545.22 3640.14 3719.13 3794.81 3870.23 4049.34 4226.02 4246.67 4273.59 4290.03 4219.7 4059.95 3912.9 3800.71 3711.99 3658.57 3653.69 3649.47 3640.87 3641.94 3650.73 3658 3654.47 3649.25 3643.96 3639.39 3636.63 3627.84 3615.27 3602.84
2374.04 2366.31 2377.8 2386.72 2386.05 2379.61 2365.64 2353.6 2354.64 2365.09 2374.44 2379.01 2381.3 2381.79 2384.97 2391.52 2417.75 2448.93 2477.66 2489.42 2510.26 2522.21 2529.63 2525.53 2514.76 2540.42 2591.05 2639.57 2686.07 2747.11 2814.61 2884.08 3002.77 3132.41 3258.56 3383.15 3496.99 3594.52 3682.91 3757.86 3844.69 3944.35 4067.21 4156.62 4189.05 4188.76 4170.52 4113.49 3958.05 3838.08 3745.17 3676.1 3653.43 3646.03 3634.59 3634.32 3635.77 3635.53 3635.96 3641.54 3634.35 3624.02 3618.03 3619.29 3613.72 3605.12 3595.51
2383.98 2383.57 2388.5 2395.45 2396.81 2393.92 2387.93 2380.11 2387.57 2403.56 2408.46 2406.82 2399.93 2392.66 2383.94 2391.8 2435.33 2480.42 2525.22 2561.96 2569.88 2594.11 2610.62 2628.7 2625.71 2651.71 2690.01 2725.56 2758.2 2810.28 2879.46 2963.4 3071.23 3195.67 3319.55 3439.7 3553.43 3657.15 3750.84 3829.57 3905.38 3990.95 4057.21 4081.89 4121.5 4090.44 4062.85 4022.91 3888.26 3792.69 3719.34 3667.75 3644.26 3637.43 3635.16 3633.87 3636.38 3645.05 3642.11 3637.28 3629.62 3624.27 3616.61 3611.67 3606.49 3599.98 3590.98
2436.71 2421.96 2419.91 2423.45 2426.44 2428.66 2425.84 2419.37 2428.09 2445.13 2450.56 2443.06 2424.8 2407.12 2393.45 2412.17 2472.78 2535.77 2585.88 2631.53 2674.63 2703.23 2710.64 2757.27 2792.67 2836.8 2828.45 2846.89 2873.13 2922.83 2979.77 3039.62 3157.24 3274.65 3388.29 3503.21 3614.95 3723.95 3827.55 3904.12 3955.5 3972.25 3980.68 4004.18 4021.34 3992.47 3969.19 3938.66 3862.56 3765.51 3699.97 3655.12 3638.44 3632.38 3624.63 3627.05 3638.77 3646.34 3645.36 3638.9 3630.67 3622.27 3615.53 3607.25 3600.8 3594.97 3586.39
2515.41 2496.1 2476.98 2479.45 2473.94 2485.17 2483.94 2475.6 2485.78 2508.03 2509.01 2492.47 2465.81 2441.18 2448.6 2472.66 2538.7 2604.3 2664.6 2718.89 2769.33 2811.58 2846.2 2882.86 2923.79 2957.83 2958.29 2977.75 3022.73 3064.94 3120.21 3200.15 3270.22 3363 3465.46 3575.08 3683 3793.41 3898.79 3995.74 3991.55 3963.34 3931.51 3948.9 3901.93 3879.86 3873.58 3836.02 3772.31 3725.93 3679.92 3638.42 3628.75 3630.1 3628.24 3635.69 3646.5 3662.42 3651.67 3639.13 3628.31 3616.05 3610.52 3603.21 3597.11 3591.09 3585.83
2629.18 2592.59 2562.6 2570.99 2575.25 2571.83 2566.1 2560.94 2564.08 2578.32 2577.15 2558.03 2532.22 2514.05 2544.05 2568.94 2630.61 2695.12 2755.34 2820.54 2874.87 2922.64 2961.59 2995.35 3027.48 3057.79 3063.09 3086.67 3131.37 3176.34 3235.89 3317.77 3376.17 3456.04 3548.81 3649.02 3754.95 3854.48 3941.91 3978.73 3996.91 3972.43 3985.99 3921.26 3823.92 3781.24 3755.15 3746.24 3712.86 3697.34 3669.88 3640.87 3625.92 3619.32 3630.05 3644.4 3652.69 3658.05 3654.29 3639.95 3627.23 3618.21 3607.44 3600.72 3593.95 3587.66 3581.74
2744.26 2694.26 2681.31 2686.63 2687.43 2675.06 2660.6 2650.35 2647.25 2645.32 2644.79 2635.05 2627.5 2630.13 2653.06 2675.3 2736.37 2800.19 2864.67 2923.47 2988.49 3038.9 3077.52 3103.58 3125.34 3133.63 3152.49 3172.6 3223.01 3250.92 3295.75 3366.29 3455.75 3543.73 3632.23 3723.88 3812.65 3900.89 3990.51 4042.54 3994.85 3950.32 3926.8 3852.18 3777.6 3752.49 3718.03 3711.14 3702.32 3691.74 3676.68 3659.74 3648.14 3636.86 3630.19 3629.09 3653.53 3669.01 3655.1 3637.91 3622.47 3606.96 3603.87 3599.7 3594.14 3588.54 3583.87
2871.81 2838.34 2831.61 2819.35 2807.12 2789.5 2764.5 2731.26 2695.69 2696.63 2703.99 2717.84 2728.43 2743.51 2755.53 2773.21 2848.07 2918.81 2986.71 3048.12 3109.53 3157.8 3195.57 3215.4 3230.28 3247.54 3248.2 3254.06 3272.51 3327.3 3369.19 3442.72 3537.98 3625.49 3704.63 3780.2 3856.09 3923.05 3972.95 3992.4 3955.68 3895.63 3844.28 3813.46 3787.11 3733.44 3707.32 3706.73 3701.23 3694.92 3687.89 3682.26 3669.59 3654.07 3649.55 3647.89 3660.15 3665.23 3653.36 3637.04 3619.02 3605.05 3603.99 3600.55 3596.44 3591.75 3586.1
3089.12 3027.86 3005.55 2977.12 2950.93 2927.12 2891.82 2845.54 2796.36 2791.89 2799.35 2820.59 2835.59 2854.62 2879.5 2874.32 2972.1 3054.49 3125.27 3181.36 3237.22 3283.68 3315.4 3327.55 3331.81 3336.14 3337.36 3350.27 3384.29 3437.14 3487.21 3559.29 3641.88 3713.82 3779.55 3842.05 3897.34 3939.67 3954.88 3947.28 3908.02 3842 3788.96 3786.71 3764.21 3714.53 3705.98 3703.82 3701.17 3697.88 3695.5 3692.61 3683.36 3668.65 3667.58 3658.77 3661.21 3660.71 3650.31 3638.29 3626.89 3614.51 3610.14 3606.39 3601.17 3596.05 3588.5
3266.83 3234.29 3199.78 3148.73 3115.02 3083.54 3047.01 3006.07 2971 2949.59 2951.52 2955.6 2967.1 2990.17 3022.4 3028.59 3128.1 3204.25 3264.77 3316.69 3370.01 3413.35 3444.06 3442.39 3425.64 3412.76 3421.95 3457.72 3515.58 3589.29 3646.77 3707.86 3764.41 3814.05 3853.87 3892.6 3929.33 3958.47 3980.94 3946.96 3874.43 3811.2 3766.25 3758.79 3733.43 3699.24 3698.33 3694.41 3696.09 3695.84 3695.9 3699.6 3696.97 3675.43 3664.1 3658.53 3647.62 3645.81 3643.48 3639.64 3641.81 3632.68 3618.06 3610.42 3603.28 3598.16 3591.96
3472.95 3487.76 3393.06 3334.36 3295.7 3258.29 3220.11 3184.54 3157.86 3132.12 3121.16 3116.96 3119.01 3144.51 3177.9 3216.81 3315.57 3367.15 3403.32 3439.94 3475.6 3524.68 3574.04 3548.47 3513.3 3497.43 3520.05 3587.34 3679.46 3776.53 3837.07 3877.14 3895.8 3906.67 3920.06 3933.02 3947.42 3960.64 3960.56 3923.81 3850.9 3790.83 3748.49 3719.18 3701.01 3680.32 3687.23 3690.41 3689.92 3690.12 3691.12 3691.66 3686.84 3681.86 3674.16 3669.78 3647.52 3638.7 3639.16 3637.54 3631.71 3628.32 3621.57 3614.22 3607.59 3600.6 3593.7
3680.6 3675.41 3637.74 3555.74 3498.02 3446 3397.6 3361.64 3333.76 3322.15 3313.33 3326.25 3307.49 3339.93 3383.15 3423.79 3518.27 3527.54 3521.54 3524.01 3546 3579.58 3625.47 3597.9 3585.42 3598.5 3640.79 3726.57 3849.58 3988.29 4074.41 4049.9 4009.61 3978.64 3963.92 3953.06 3948.37 3944.59 3925.49 3882.84 3822.11 3757.36 3715.23 3704.22 3682.43 3660.6 3672.49 3679.53 3679.79 3679.58 3679.44 3676.89 3673.55 3679.09 3681.62 3670.31 3661.06 3646.67 3640.66 3636.12 3627.75 3625.78 3623.16 3618.19 3612.17 3606.5 3599.89
3806.08 3876.72 3880.88 3804.21 3700.22 3615.41 3561.82 3533.43 3518.85 3534.53 3593.32 3590.64 3560.3 3582.77 3630.61 3676.73 3726.23 3658.91 3606.87 3586.9 3576.62 3578.27 3565 3593.08 3644.78 3704.72 3777.99 3865.16 3997.23 4150.3 4252.38 4160.49 4080.37 4025.06 3985.48 3961.93 3941.49 3922.52 3889.28 3848.1 3797.91 3747.21 3705.35 3674.08 3659.69 3661.7 3662.91 3666.5 3667.85 3668.7 3669.28 3667.8 3663.39 3671.32 3675.87 3666.79 3656.45 3649.27 3642.44 3639.18 3639.97 3630.51 3624.11 3619.73 3614.08 3608.07 3601.71
3948.66 3997.02 4014.59 3954.3 3830.27 3740.54 3689.53 3678.77 3691.65 3726.86 3771.07 3816.59 3829.45 3802.78 3837.99 3865.49 3808.86 3707.43 3648.66 3617.37 3598.71 3585.6 3572.36 3616.15 3709.98 3813.3 3921.48 4018.41 4106.79 4190.07 4222.7 4164.53 4091.73 4035.48 3988.76 3951.77 3923.52 3901.5 3866.71 3815.37 3776.39 3732.16 3695.69 3670.42 3658.06 3649.08 3647.71 3649.3 3651.35 3654.59 3657.96 3662.61 3668.78 3664.69 3656.15 3659.25 3661.7 3652.1 3645.31 3637.94 3631.31 3631 3628.85 3624.28 3618.28 3611.42 3603.64
3942.47 3961.2 3971.97 3966.1 3861.37 3787.2 3758.02 3771.77 3835.2 3902.93 3904.65 3910.96 3916.34 3871.38 3880.81 3886.84 3712.74 3667.95 3649.11 3636.97 3626.03 3615.67 3612.68 3664.87 3785.54 3920.34 4057.02 4202.54 4169.12 4142.93 4130.25 4101.71 4061.48 4013.74 3973.87 3933.41 3897.23 3864.89 3830.19 3786.59 3750.44 3722.16 3685.84 3661.46 3652.01 3642.67 3632.99 3631.49 3637.27 3642.14 3647.23 3653.81 3664.83 3663.12 3659.63 3650.21 3645.15 3650.81 3650.03 3641.52 3630.4 3635.97 3634.4 3629.66 3623.15 3615.66 3606.66
3909 3856.92 3828.38 3832.79 3800.27 3778.4 3772.54 3796.76 3849.14 3897.94 3858.49 3812.76 3778.03 3802.58 3809.58 3800.19 3623.39 3631.75 3650.01 3661.17 3664.96 3670.41 3684.66 3745.12 3866.29 4009.13 4152.07 4240.48 4153.24 4062.28 4028.69 4025.55 4008.47 3978.21 3940.88 3903.09 3867.2 3823.51 3784.77 3756.96 3716.82 3669.32 3662.22 3653.89 3644.07 3634.6 3626.17 3622.99 3626.05 3630.41 3635 3639.64 3638.01 3648.55 3657.64 3649.12 3650.33 3650.46 3656.16 3663.63 3662.93 3650.55 3642.62 3635.98 3629.41 3622.17 3612.71
3822.05 3743.33 3677.67 3679.21 3704.75 3726.23 3747.28 3767.5 3778.34 3753.51 3737.85 3692.5 3702.92 3726.97 3724.28 3693.33 3631.61 3650.97 3678.69 3697.76 3715.02 3737.02 3772.22 3827.68 3937.94 4050.08 4162.94 4140.6 4078.99 4000.32 3970.49 3962.59 3949.38 3927.55 3901.44 3869.6 3842.54 3808.58 3769.87 3735.3 3695.18 3664.03 3648.35 3643.82 3640.48 3635.96 3620.74 3615.22 3616.53 3619.18 3622.67 3626.48 3635.91 3640.92 3642.32 3638.35 3639.28 3647.64 3657.93 3670.59 3671.28 3658.91 3648.36 3640.12 3633.33 3626.97 3620.11
3709.87 3649.73 3609.18 3578.73 3622.19 3673.42 3707.41 3727.3 3730.8 3706.21 3697.84 3676.91 3683.92 3691.86 3695.37 3691.85 3686.96 3718.03 3731.84 3746.08 3771.54 3813.18 3874.66 3954.52 4000.48 4041.27 4058.55 4035.65 4006.69 3951.37 3931.94 3922.81 3908.95 3886.5 3863.98 3842.11 3821.28 3805.41 3762.05 3718.69 3678.78 3647.69 3637.8 3635.55 3635.53 3627.85 3615.63 3608.63 3608.69 3610.33 3613.7 3615.14 3612.23 3614.77 3621.68 3639.25 3634.85 3635.51 3645.95 3661.69 3663.44 3654.65 3646.94 3640.76 3637.2 3633.28 3630.41
