real_craters/C177-1000m.grd
DSAA
82 82
-40.67 40.67
-40.67 40.67
2753.3354979091 5361.7454406388
[rows 30 to 59 of 82, columns 0 to 66 of 82]
4344.8 4345.75 4353.61 4367.04 4374.3 4392.32 4413.83 4435.89 4449.5 4463.22 4474.62 4486.42 4501.01 4519.37 4539.29 4602.21 4672.92 4768.91 4932.97 5026.6 5167.39 5173.79 5035.3 4843.13 4668.91 4308.72 4060.61 3892.74 3784.89 3510.47 3320.61 3184.7 3144.93 3134.3 3127.57 3123.95 3118.28 3115.39 3111.44 3109.2 3107.26 3116.98 3107.01 3106.41 3108.27 3111.26 3112.83 3115.92 3117.12 3118.95 3132.69 3156.07 3196.72 3385.82 3583.88 3714.93 3768.8 3920.74 4092.14 4418.45 4823.34 4964.51 4999.15 5061.95 5070.99 4817.5 4787.65
4349.07 4352.99 4362.8 4373.36 4373.12 4382.06 4394.74 4423.87 4444.7 4463.01 4477.92 4489.25 4515.65 4573.01 4593.3 4624.79 4688.6 4766.99 4948.89 5119.83 5307.91 5206.04 5021.86 4803.64 4580.43 4264.22 4038.76 3885.34 3599.93 3394.57 3252.83 3155.66 3154.79 3128.77 3109.13 3106.26 3104.8 3104.2 3104.12 3101.41 3099.03 3100.24 3102.05 3104.53 3107.49 3108.45 3103.05 3113.59 3119.13 3114.12 3132.62 3133.55 3164.87 3299.2 3443.78 3567.5 3687.59 3806.11 3898.88 4163.12 4428.2 4478.28 4601.06 4950.26 5304.27 5224.87 4834.26
4358.39 4359.27 4373.55 4390.82 4393.61 4392.9 4411.11 4426.44 4447.33 4466.59 4487.26 4505.26 4534.49 4570.84 4595.46 4649.19 4720.07 4812.67 5009.97 5214.39 5361.75 5199.03 4932.41 4687.55 4402.97 4156.89 4012.4 3806.37 3614.54 3397.13 3241.37 3142.89 3162.23 3119.74 3095.53 3093.92 3094.84 3097.28 3098.96 3099.89 3093.62 3101.29 3102.67 3118.14 3129.09 3113.54 3103.28 3103.28 3104.64 3104.46 3107.4 3124.58 3152.9 3240.97 3360.11 3538.52 3674.13 3817.8 3986.8 4258.51 4418.31 4346.97 4421.23 4760.58 5092.1 5239.06 4853.39
4361.63 4356.37 4366.48 4380.28 4387.69 4390.84 4411.34 4434.59 4457.41 4482.54 4507.73 4533.2 4555.25 4587.76 4607.21 4670.92 4764.88 4888.79 5070.61 5184.82 5333.16 4946.83 4754.97 4565.14 4392 4198.34 4056.32 3767.29 3555.02 3460.69 3232.11 3117.15 3120.22 3105.19 3091.49 3088.32 3089.71 3092.12 3093.14 3095.18 3089.85 3087.44 3097.38 3115.53 3120.2 3113.41 3102.28 3102.94 3104.36 3095.15 3082.9 3102.64 3129.27 3192.02 3303.85 3467.51 3666.13 3837.02 4030.75 4305.3 4485.11 4323.41 4326.83 4579.98 4879.71 5030.49 4732.57
4372.94 4360.01 4378.69 4395.37 4398.96 4396.13 4409.68 4438.36 4466.4 4494.6 4526.48 4557.75 4576.3 4584.66 4585.93 4685.74 4816.49 4960.92 5129.12 5282.69 4968.62 4679.49 4553.7 4451.66 4355.01 4175.83 3867.62 3624.42 3480.35 3373.54 3205.95 3111.31 3101.97 3100.78 3086.09 3085.23 3085.35 3087.61 3090.05 3089.75 3087.41 3088.83 3099.37 3115.78 3118.78 3109.8 3096.21 3089.63 3091.77 3082.17 3071.61 3082.91 3092.12 3135.03 3217.13 3418.75 3631.27 3826.02 4043.08 4294.1 4357.21 4234.12 4186.99 4478.72 4851.57 5044.64 4871.53
4391.17 4389.4 4378.1 4391.13 4408.01 4424.13 4429.31 4451.31 4476.34 4506.24 4537.66 4565.33 4576.21 4569.73 4588.14 4704.38 4847.14 4983.35 5082.8 5019.48 4648.05 4457.4 4399.35 4340.23 4251.56 4052.27 3749.12 3563.75 3424.73 3253.84 3149.45 3100.76 3098.65 3104.07 3090.06 3090.92 3092.73 3095.52 3096.77 3098.34 3106.89 3116.77 3124.32 3130.89 3126.7 3107.12 3077.84 3057.12 3064.03 3062.57 3065.42 3080.48 3063.39 3090.13 3164.76 3331.95 3557.84 3782.44 4012.48 4229.84 4278.48 4185.43 4151.19 4416.59 4843.04 4936.14 4873
4405.38 4401.62 4391.74 4388.05 4411.51 4430.99 4448.71 4463.98 4481 4506.07 4534.65 4555.88 4581.18 4597.67 4649.19 4741.76 4846.4 4923.61 4964.85 4865.48 4486.72 4365.85 4330.27 4280.38 4207.67 3933.91 3716.23 3571.17 3338.12 3202.21 3121.38 3094.29 3095.61 3103.12 3094.05 3098.79 3111.06 3120.46 3126.36 3121.2 3121.45 3138.38 3154.42 3153.81 3140.54 3112.25 3068.15 3034.94 3035.76 3039.11 3044.82 3061.2 3053.64 3072.37 3147.42 3297.78 3507.08 3730.66 3958.85 4179.82 4249.08 4187.92 4166.73 4304.77 4736.95 4880.59 4773.03
4407.82 4406.34 4405.1 4399.29 4426.32 4458.34 4456.04 4458.59 4485.29 4509.28 4528.92 4543.73 4575.87 4639.67 4730.97 4780.3 4846.67 4905.09 4882.61 4808.73 4425.26 4370.97 4319.16 4245.22 4121.67 3862.62 3665.04 3456.7 3265.08 3178.65 3116.4 3095.83 3093.17 3089.36 3087.66 3109.25 3129.46 3152.51 3186.18 3191.69 3156.88 3211.97 3190.86 3181.05 3191.86 3140.16 3062.62 3021.75 3012.45 3015.82 3021.42 3035.78 3045.08 3057.14 3094.98 3243.85 3438.27 3659.51 3882.67 4136.4 4227.76 4216.99 4225.91 4258.03 4622.3 4908.66 4820.46
4409.94 4410.12 4401.22 4433.25 4439.68 4428.37 4437.15 4464.39 4481.57 4501.88 4527.95 4534.11 4542.62 4649.84 4794.8 4759.23 4783.21 4805.84 4765.02 4628.23 4401.08 4391.27 4319.37 4216.94 4063.79 3835.49 3657.51 3433.25 3251.71 3174.64 3131.76 3102.62 3098.8 3105.39 3108.87 3125.55 3149.79 3181.65 3216.82 3298.24 3355.57 3284.47 3224.56 3173.71 3147.24 3104.92 3055.44 3013.79 2996.41 2995.49 2999.17 3015.2 3028.29 3033.74 3079.85 3219.02 3402.62 3602.36 3785.1 3948.58 4141.04 4230.49 4321.91 4357.72 4506.9 4776.79 4781.24
4443.37 4431.08 4423.48 4452.17 4453.07 4455.11 4443.53 4467.45 4487.42 4509.14 4531.77 4549.11 4607.2 4699.04 4744.77 4647.47 4712.67 4734.97 4682.84 4533.32 4400.06 4399.83 4314.81 4191.02 4054.71 3834.27 3602.36 3396.63 3254.55 3167.16 3116.54 3102.2 3105.86 3117.46 3124.08 3145.37 3164.22 3186.03 3226.05 3260.41 3191.06 3135.52 3144.27 3116.89 3121.61 3113.31 3061.86 3015.37 2988.79 2977.94 2971.21 2976.46 3004.76 3011.06 3054.57 3206.09 3389.95 3564.98 3734.12 3896.7 4088.61 4221.15 4322.81 4359.45 4567.92 4728.78 4765.99
4435.9 4433.25 4436.17 4439.31 4445.71 4448.12 4458.76 4468.34 4493.26 4515.46 4540.14 4572.03 4630.77 4695.71 4600.42 4596.24 4736.83 4801.59 4766.11 4628.54 4421.41 4430.92 4308.93 4153.64 3979.51 3804.1 3561.24 3377.37 3232.92 3150.33 3101.46 3099.98 3112 3128.7 3144.79 3168.8 3187.85 3191.59 3166.4 3097.72 2933.08 2902.04 2960.15 3026.53 3094.26 3110.23 3078.38 3019.62 2984.89 2960.47 2947.76 2941.63 2969.64 2978.07 3031.48 3182 3372.66 3509.47 3691.34 3906.57 4075.88 4214.38 4337.3 4438.46 4537.21 4681.8 4748.65
4394.23 4411.52 4426.3 4421.87 4442.48 4445.65 4433.96 4482.28 4507.73 4522.69 4540.74 4565.31 4611.02 4692.56 4595.14 4577.15 4728.7 4867.4 4936.09 4910.22 4478.08 4404.85 4314.53 4157.82 3947.86 3753.34 3506.67 3339.2 3217.31 3141.17 3104.49 3107.1 3122.59 3144.11 3170.62 3179.04 3177.21 3156.3 3116.9 3011.2 2823.72 2753.34 2774.66 2938.45 3122.41 3207.97 3109.31 3008.48 2959.49 2940.49 2931.92 2923.18 2941.6 2963.11 3017.94 3128.04 3236.89 3410 3575.35 3799.75 4037.74 4176.62 4300.95 4444.64 4521.83 4639.24 4689.29
4383.63 4397.17 4416.53 4411.84 4416.26 4442.92 4485.31 4504.49 4521.83 4532.6 4543.97 4559.22 4589.18 4656.08 4610.99 4643.64 4775.2 4929.84 5058.75 5138.12 4653.22 4422.86 4356.92 4226.98 3987.75 3661.68 3447.39 3293.88 3207.19 3152.54 3122.73 3122.64 3135 3152.9 3174.4 3183.14 3166.84 3143.42 3119.91 3093.64 2979.22 2800.97 2831.8 3002.44 3199.4 3331.78 3176.44 3001.1 2941.61 2934.91 2928.22 2923.43 2936.1 2962.81 3014.19 3110.76 3228.37 3369.34 3518.57 3740.23 3969.32 4094.8 4194 4324.51 4594.13 4646.28 4661.72
4407.53 4398.39 4407.39 4414.69 4428.93 4459.08 4505.05 4518.79 4534.59 4536.93 4543.06 4561.72 4608.13 4671.97 4625.68 4684.41 4880.18 4973.12 5039.27 5021.82 4698.81 4444.14 4408.64 4330.9 4093.38 3661.21 3401.99 3290.2 3237.51 3171.73 3140.12 3136.34 3142.96 3155.31 3171.09 3182.04 3175 3164.27 3153.41 3140.15 3065.01 2929.34 3072.37 3220.96 3281.78 3266.9 3153.86 3006.5 2950.1 2936.96 2931.25 2930.35 2944.08 2956.77 3013.93 3122.42 3250.21 3400.81 3552.45 3740.76 3924.15 4024.76 4096.64 4316.45 4642.77 4675.87 4645.01
4409.84 4407.07 4410.6 4419.55 4428.37 4456.55 4478.86 4514.74 4539.27 4536.65 4535.76 4543.47 4583.57 4652.25 4667.48 4730.58 4881.77 4944.98 4945.59 4878.89 4668.6 4560.95 4440.57 4288.97 4067.98 3771.82 3493.41 3435.94 3310.44 3206.95 3159.26 3147.68 3146.16 3155.78 3175.42 3180.74 3172.41 3170.54 3174.13 3196.77 3252.86 3194.87 3394.16 3504.99 3325.32 3163.43 3037.04 3000.67 2963.56 2942.38 2933.34 2930.51 2935.16 2937.89 2999.75 3148.03 3327.17 3491.83 3607.55 3782.75 3943.74 3986.97 4013.89 4379.93 4729.86 4740.46 4673.74
4418.09 4405.57 4407.15 4422.73 4454.52 4461.61 4472.8 4499.25 4524.1 4530.18 4531.76 4525.45 4544.23 4598.1 4689.1 4804.53 4860.24 4890.54 4864.63 4801.95 4718.38 4518.3 4456.09 4180.65 3919.25 3702.1 3625.23 3550.89 3364.09 3230.89 3180.68 3162.62 3159 3158.78 3150.56 3159.5 3166.11 3169.48 3175.88 3196.19 3230 3410.28 3582.04 3493.29 3296.48 3063.26 2981.16 2970.83 2958.2 2938.81 2932.1 2930.76 2930.04 2948.17 2999.17 3175.46 3389.42 3588.18 3735.88 3841.5 3961.92 3996.1 4044.32 4493.95 4879.62 4832.13 4705.16
4394.32 4394.46 4401.43 4426.32 4459.47 4466.76 4474.72 4499.11 4514.79 4537.99 4547.44 4548.26 4540.62 4539.18 4640.6 4828.14 4878.98 4863.13 4822.89 4789.12 4744.39 4447.82 4450.33 4243.29 3959.83 3728.79 3645.22 3544.74 3388.06 3267.96 3210.78 3189.72 3177.81 3170.91 3164.62 3157.43 3157.68 3159.63 3164.15 3183.24 3193.91 3420.32 3550.42 3393.45 3221.67 3017.99 2941.17 2940.09 2923.99 2927.81 2934.05 2935.44 2946.51 2981.33 3021.64 3194.06 3395.99 3582.3 3747.71 3856.1 3968.28 4072.83 4165.07 4639.35 5014.14 4895.91 4733.93
4377.82 4383.54 4399.82 4426.25 4442.33 4461.24 4488.59 4512.2 4545.05 4552.21 4567.45 4580.62 4551.96 4525.2 4573.55 4751.64 4847.87 4835.86 4795.02 4782.39 4789.98 4501.25 4341.42 4166.91 3943.18 3759.31 3702.16 3495.96 3385.21 3301.08 3251.31 3222.06 3210.02 3199.88 3185.61 3164.86 3153.22 3145.35 3132.91 3105.89 3077.33 3039.76 3137.46 3180.14 3074.55 2970.58 2930.85 2928.58 2918.78 2923.66 2942.45 2963.48 2987.09 3076.86 3105.98 3238.67 3391.23 3496.7 3696.22 3876.8 4029 4252.7 4527.34 4655.33 4976.72 4884.52 4767.59
4367.05 4365.14 4381.89 4393.39 4406.5 4440.23 4470.89 4501.52 4526.92 4548.09 4572.05 4601.1 4559.3 4525.68 4536.83 4570.34 4810.91 4788.72 4760.5 4772.82 4872.86 4725.14 4266.94 4129.44 3980.15 3834.16 3748.79 3475.23 3380.91 3329.11 3299.42 3273.53 3249.13 3227.81 3204.08 3172.01 3153.79 3135.06 3109.62 3076.07 3032.76 3002.54 2978.46 2948.75 2956.26 2945.3 2937.97 2932.3 2922.33 2937.35 2967.13 3016.83 3062.52 3105.28 3173.1 3312.38 3456.16 3606.67 3752.19 3969.38 4193.68 4499.76 4817.54 4659.68 4779.58 4789.27 4765.05
4374.41 4364.28 4368.69 4375.33 4394.45 4422.76 4457.17 4491.96 4509.55 4522.71 4529.78 4532.3 4532.65 4509.7 4495.11 4557.65 4657.3 4711.55 4734.43 4734.82 4715.52 4423.4 4079.79 4025.64 3968.22 3864.37 3796.62 3460.82 3451.66 3416.16 3364.44 3323.78 3288.39 3255.38 3221.62 3191.45 3162.93 3136.66 3102.98 3069.3 3035.61 3004.57 2973 2953.73 2934.89 2918.49 2920.45 2929.16 2924.92 2947.79 3001.35 3066.7 3160.4 3188.6 3294.69 3427.21 3555.18 3666.72 3844.98 4127.58 4413.7 4697.88 4911.48 4758.44 4649.9 4676.05 4720.63
4379.32 4384.25 4374.87 4369.11 4383.35 4410.94 4434.98 4448.85 4471.66 4486.59 4495.48 4490.73 4507.21 4508.43 4529.74 4541.23 4568.81 4659.15 4757.83 4739.62 4602.85 4280.31 4063.31 4048.45 3924.32 3897.21 3904.63 3565.29 3520.99 3486.98 3422.62 3376.81 3324.91 3280.9 3240.02 3206.4 3174.47 3144.68 3114.09 3076.44 3040.77 3008.59 2978.41 2953.94 2933.73 2912.65 2932.59 2938.98 2939.2 2963.82 3021.09 3078.52 3117.54 3211.84 3333.8 3476.8 3681.34 3827.65 4025.46 4339.96 4664.39 4967.03 4932.46 4696.76 4566.13 4603.67 4669.06
4360.32 4363.52 4370.24 4377.56 4385.21 4405.25 4428.83 4452.09 4457.65 4468.27 4498.99 4520.12 4514.76 4518.66 4523.6 4555.04 4535.58 4613.56 4764.68 4751.36 4642.99 4426.75 4154.75 4065.24 3947.78 3983.83 4053.37 3629.27 3536.93 3522.51 3473.74 3414.31 3357.95 3303.52 3248.98 3206.16 3173.56 3148.92 3129.05 3089.3 3050.09 3009.82 2961.25 2946.75 2936.38 2930.37 2948.45 2963.04 2976.13 2999.93 3062.92 3117.61 3176.16 3347.27 3354.89 3532.07 3870.75 4196.96 4342.93 4550.13 4769.18 4947.37 4804.08 4687.46 4547.52 4602.39 4665.35
4346.2 4345.15 4356.24 4360.2 4382.13 4401.22 4420.14 4435.7 4447.61 4466.65 4489.55 4506.99 4514.14 4522.43 4537.22 4536.62 4477.22 4528.27 4594.02 4698.77 4748.56 4748.54 4515 4192.25 3980.6 3979.28 3937.58 3801.74 3753.54 3623.16 3534.26 3459.7 3391.13 3320.31 3260.11 3199.43 3167.57 3149.99 3127.36 3099.79 3059.98 3017.97 2967.34 2948.15 2943.53 2938.9 2956.52 3016.88 3062.64 3075.42 3159.46 3200.27 3245.97 3401.18 3444.99 3645.95 4088.39 4479.62 4674 4701.92 4780.72 4758.44 4724.24 4685.78 4688.99 4673.72 4706.23
4334.9 4350.97 4370.89 4394.67 4391.07 4404.37 4418.04 4425.23 4448.93 4469.81 4491.81 4497.76 4502.73 4510.86 4523.81 4505.17 4459.65 4466.08 4530.15 4660.75 4796.95 4935.88 4915.22 4487.19 4046.62 3970.16 3934.62 3883.68 3802.26 3685.54 3589.47 3507.96 3442.17 3363.75 3286.48 3223.08 3184.27 3161.64 3133.84 3108.29 3069.95 3026.9 2981.4 2960.2 2963.67 2976.89 3021.77 3131.17 3215.17 3320.87 3311.74 3316.86 3376.23 3624.28 3650.44 3849.79 4285.82 4685.03 4694.47 4724.92 4795.05 4863.32 4790.02 4710.81 4689.42 4703.19 4731.19
4332.09 4366.33 4396.6 4388.09 4399.52 4406.61 4417.94 4444.97 4461.84 4469.89 4482.44 4483.71 4480.96 4477.98 4471.63 4453.13 4458.37 4470.59 4540.91 4631.24 4764.57 4898.91 4935.87 4772.82 4376.47 4027.55 3962.58 3874.87 3775.63 3737.96 3681.07 3605.67 3517.96 3427.13 3333.89 3250.65 3209.75 3190.86 3154.46 3116.66 3079.03 3044.51 3014.4 2991.29 3002.12 3045.47 3140.47 3283.36 3348.31 3432.49 3434.68 3453.85 3555.58 3817.48 3914.59 4034.87 4324.92 4568.87 4529.43 4646.29 4779.35 4830.32 4666.09 4690.18 4725.26 4738.37 4735.25
4344.97 4377.89 4374.85 4381 4399 4399.88 4409.77 4422.54 4434.47 4447.68 4457.68 4450.95 4447.84 4443.92 4431.23 4437.04 4447.93 4479.27 4493.23 4590.66 4688.6 4770.27 4783.44 4831.54 4806.42 4509.6 4181.35 3959.68 3845.31 3867.26 3829.43 3751.55 3650.92 3537.64 3418.59 3308.53 3250.03 3265.28 3190.47 3126.62 3095.06 3067.88 3043.27 3065.49 3179.04 3233.41 3299.18 3382.5 3433.7 3459.49 3506.02 3585.55 3698.44 3901.16 3912.91 3867.19 4161.97 4381.67 4326.53 4628.28 4852.05 4905.96 4720.04 4688 4733.83 4754.32 4727.8
4361.51 4364.66 4359.35 4355.99 4362.83 4381.6 4394.56 4403.32 4406.2 4400.68 4391.58 4411.28 4416.93 4417.81 4420.02 4427.24 4446.76 4444.51 4481.25 4559.59 4632.05 4681.71 4674.81 4593.59 4654.4 4747.95 4567.92 4285.82 4173.47 4115.62 4022.86 3910.01 3787.69 3653.72 3532.6 3424.19 3375.23 3366.03 3239.77 3168.56 3146 3122.69 3094.22 3161.63 3309.12 3411.9 3481.23 3539.69 3517.06 3505.95 3562.94 3679.38 3754.14 3727.51 3727.91 3759.37 3966.71 4251 4473.98 4771.41 4941.74 4952.13 4674.33 4675.87 4729.81 4763.17 4719.23
4367.45 4363.24 4369.67 4363.33 4356.95 4369.99 4382.18 4389.65 4396.42 4391.67 4390.88 4398.42 4402.06 4399.7 4395.72 4407.83 4433.14 4446.58 4480.3 4546.27 4609.22 4641.2 4613.78 4610.94 4614.82 4683.84 4724.95 4728.66 4609.31 4417.42 4233.34 4076.72 3933.62 3801.17 3682.55 3582.29 3560.02 3503.84 3271.44 3248.41 3245.4 3232.44 3196.14 3277.15 3373.43 3662.41 3650.93 3590.89 3585.69 3613.88 3645.82 3656.68 3691.61 3708.4 3700.38 3740.61 4061.84 4480.61 4940.6 4938.75 4928.9 4852.94 4623.8 4657.88 4715.44 4733.14 4706.33
4367.72 4365.61 4361.45 4358.51 4360.85 4365.12 4373.77 4379.32 4377.48 4383.59 4401.28 4398.39 4397.03 4390.69 4378.33 4401.93 4429.95 4472.19 4513.09 4556.97 4600.92 4659.07 4694.07 4642.67 4625.7 4650.79 4718.3 4800.87 4846.15 4637.34 4443.91 4260.11 4105.42 3966.96 3829.7 3742.34 3708.4 3627.21 3482.57 3419.64 3420.74 3430.55 3486.03 3553 3601.35 3726.02 3688.14 3601.32 3639.29 3708.38 3732.9 3688.6 3718.93 3749.17 3755.78 3973.68 4416.06 4712 4784.13 4793.53 4742.6 4632.5 4621.78 4677.22 4718.23 4730.17 4691.58
4364.44 4367.43 4358.68 4354.51 4356.5 4363.63 4369.74 4376.49 4374.29 4374.64 4389.71 4397.17 4398.38 4401.65 4412.6 4408.99 4440.53 4491.65 4529.49 4564.14 4600.93 4629.12 4650.26 4657.08 4583.66 4648.89 4689.29 4731.97 4808.82 4720.79 4588.32 4443.43 4301.47 4152.6 4005.66 3876.42 3744.65 3736.08 3653.36 3604.64 3607.74 3633.28 3660.54 3658.62 3713.17 3744.35 3722.17 3657.84 3728.12 3842.62 3905.76 3765.41 3846.25 3963.51 3938.95 4335.54 4871.11 4896.85 4720.68 4665.45 4675.28 4674.13 4708.45 4715.76 4723.76 4735.3 4674.63
