real_craters/C177-300m.grd
DSAA
475 475
-71.1725 71.1725
-71.1725 71.1725
1986.305047764 4424.7371368837
[rows 60 to 89 of 475, columns 268 to 334 of 475]
3545.61 3548.76 3552.19 3554.21 3556.45 3559.84 3562.59 3565.2 3567.8 3570.66 3572.97 3574.85 3575.6 3574.75 3574.64 3574.09 3572.46 3572.78 3582.09 3588.42 3590.99 3591.64 3592 3593.55 3595.34 3597.21 3598.89 3600.35 3602.22 3604.69 3607.27 3609.27 3611.04 3613.48 3618.23 3618.93 3614.77 3607.62 3601.58 3596.4 3591.01 3586.71 3582.6 3579.48 3579.26 3569.83 3561.83 3557.95 3552.88 3550.62 3549.64 3547.77 3546.07 3544.99 3543.8 3540.46 3537.25 3534.69 3532.98 3532.52 3532.31 3532.18 3533.21 3534.39 3537.79 3538.37 3539.05
3546.15 3550.56 3552.37 3554.41 3556.7 3559.2 3561.5 3564.24 3566.37 3568.03 3569.82 3571.35 3572.6 3574.49 3575.04 3573.24 3572.69 3575.8 3582.47 3588.97 3589.04 3589.63 3590.86 3592.85 3594.99 3597.03 3598.47 3598.75 3598.66 3602.78 3607.04 3609.24 3610.12 3609.84 3610.97 3622.64 3610.49 3605.86 3601.92 3597.79 3593.85 3589.57 3585.57 3582.23 3577.8 3570.62 3562.5 3556.92 3557.73 3554.46 3551.09 3548.32 3546.32 3545.68 3545.06 3541.29 3537.54 3534.85 3533.14 3532.51 3534.4 3535.84 3537.25 3539.95 3542.56 3544.74 3544.62
3546.82 3549.07 3550.7 3554.92 3557.36 3558.92 3560.46 3562.13 3563.59 3565.44 3566.76 3568.01 3569.13 3569.99 3570.35 3572.27 3573.99 3579.26 3582.01 3583.08 3584.46 3585.86 3588.4 3591.56 3594.59 3597.51 3599.63 3600.36 3600 3604.62 3608.8 3610.96 3610.68 3606.58 3593.88 3582.79 3599.69 3603.2 3601.96 3598.91 3594.82 3590.65 3586.38 3582.44 3578.29 3569.98 3560.52 3560.69 3560.43 3557.04 3552.48 3548.53 3545.07 3542.4 3543.79 3540.25 3536.91 3534.46 3532.98 3532.16 3536.7 3539.27 3540.52 3542.91 3546.45 3549.27 3547.82
3550.06 3548.01 3549.72 3555.22 3557.45 3558.59 3559.66 3560.81 3561.89 3562.97 3564.07 3564.92 3565.71 3566.62 3568.27 3571.1 3576.13 3580.88 3577.35 3575.81 3577.56 3581.37 3585.78 3590.34 3594.85 3599.22 3603.04 3605.96 3608.1 3610.68 3613 3614.58 3614.95 3612.5 3606.76 3601.71 3604.17 3605.38 3603.72 3600.63 3596.47 3592.02 3587.13 3581.44 3575.49 3568.88 3563.29 3561.5 3559.13 3556.45 3552.88 3548.82 3544.68 3540.66 3539.24 3538.14 3535.58 3533.36 3532.9 3534.39 3536.1 3540.59 3543.99 3546.87 3548.87 3547.8 3543.83
3554.55 3555.29 3555.67 3556.06 3557 3557.54 3558.17 3559.01 3559.68 3560.36 3560.97 3561.55 3562.02 3562.62 3564.81 3566.52 3571.23 3572.47 3568.49 3567.39 3570.71 3577.37 3583.56 3589.74 3595.45 3601.2 3606.71 3611.79 3615.32 3616.65 3617.95 3619.43 3620.75 3622.73 3626.37 3622.84 3614.84 3610.6 3607.08 3603.26 3598.81 3593.87 3588.38 3581.77 3574.92 3569.6 3568.44 3563.11 3561.52 3557.53 3553.84 3549.89 3545.92 3542.76 3539.63 3537.27 3534.72 3532.43 3532.19 3538.38 3541.43 3544.34 3547.8 3554.69 3550.42 3545.61 3539.37
3560.51 3557.99 3554.05 3556.54 3555.49 3555.64 3555.91 3556.58 3556.85 3557.18 3557.52 3557.85 3558.16 3557.87 3555.23 3559.51 3560.66 3559.23 3561.8 3564.61 3568.74 3574.86 3581.98 3588.33 3594.99 3601.71 3609.07 3616.16 3620.02 3620.95 3621.72 3622.89 3625.29 3628.76 3632.08 3628.8 3621.23 3614.9 3609.59 3605.29 3600.76 3595.69 3590.45 3584.32 3576.13 3569.01 3569.01 3566.88 3561.17 3558.86 3555.42 3551.59 3547.68 3544.04 3541.49 3538.15 3534.9 3532.25 3532.89 3540.01 3544.32 3547.18 3549.76 3550.67 3549.64 3545.04 3538.33
3564.94 3557.47 3544.53 3547.25 3552.37 3553.58 3553.87 3554.09 3554.14 3554.15 3554.29 3554.5 3554.83 3555.47 3557.82 3555.89 3553.72 3553.74 3560.32 3562.61 3565.76 3573.51 3580.79 3587.58 3594.29 3601.4 3609.13 3617.82 3621.86 3621.78 3622.5 3624.14 3626.88 3630.2 3632.12 3629.17 3623.04 3616.87 3611.11 3605.78 3601.41 3596.64 3592.52 3588.46 3586 3587.25 3581.55 3576.65 3567.61 3561.58 3557.32 3553.22 3549.45 3546.3 3543.1 3539.88 3536.28 3533.1 3533.43 3539.55 3544.15 3548.21 3551.37 3551.33 3549.23 3545.15 3538.66
3565.73 3562.1 3557.35 3554.68 3552.92 3552.68 3552.33 3551.86 3551.58 3551.41 3551.3 3551.34 3551.64 3552.35 3552.83 3552.33 3550.34 3550.83 3560.62 3563.92 3567.55 3574.58 3580.7 3586.66 3592.44 3598.43 3605.57 3614.5 3618.13 3618.56 3620.51 3622.58 3624.97 3627.91 3630.31 3626.81 3621.94 3616.5 3611.31 3606.27 3601.7 3597.01 3593.7 3591.12 3589.84 3587.88 3581.64 3575.81 3571.61 3564.16 3558.86 3554.71 3551.41 3548.4 3546.49 3543.03 3538.82 3535.56 3536.89 3542.28 3544.76 3548.37 3551.14 3551.07 3549.09 3546.04 3542.13
3565.97 3562.53 3556.12 3557.29 3553.73 3551.33 3550.46 3548.61 3547.75 3547.47 3547.29 3547.36 3547.64 3548.41 3550.38 3549.93 3548.88 3551.12 3559.22 3566.5 3573.28 3578.03 3581.81 3586.04 3590.45 3594.75 3597.93 3601.02 3607.16 3612.27 3616.32 3618.93 3620.98 3621.96 3622.85 3621.64 3619.03 3614.96 3610.57 3605.78 3601.52 3597.77 3594.51 3591.86 3589.92 3586.4 3580.88 3575.4 3571.53 3564.76 3560.12 3556.68 3553.83 3551.82 3553.83 3546.88 3542.46 3539.77 3541.18 3545.36 3546.41 3547.85 3550.67 3550.49 3548.13 3545.33 3541.72
3566.45 3566.54 3558.2 3555.12 3551.77 3548.98 3547.81 3546.46 3546 3545.71 3545.96 3545.28 3544.79 3544.24 3543.5 3544.11 3547.59 3553.63 3559.41 3568.45 3579.55 3579.85 3582.02 3585.39 3588.95 3591.95 3592.72 3590.55 3598.49 3606.84 3612.38 3615.56 3616.83 3615.52 3613.94 3616.25 3615.5 3612.94 3609.63 3606.14 3602.67 3598.78 3595.42 3591.55 3588.96 3586.8 3583.95 3581.3 3568.13 3563.13 3560.23 3558.21 3556.56 3555.25 3552.82 3548.09 3545.49 3544.47 3543.44 3545.35 3546.68 3546.11 3545.99 3547.8 3546.45 3543.14 3537.2
3565.85 3568.86 3559.13 3552.2 3549.5 3547.92 3546.05 3545.62 3546.05 3545.88 3545.48 3544.49 3543.68 3541.67 3538.72 3539.15 3546.62 3554.88 3562.06 3567.46 3571.54 3575.97 3580.49 3584.5 3588.17 3591.5 3594.5 3597.11 3600.32 3605.57 3610.03 3613.03 3614.67 3614.23 3613.18 3613.95 3613.23 3611.16 3608.14 3604.35 3601.03 3597.95 3594.57 3591.95 3587.82 3583.83 3580.14 3575.75 3564.37 3561.97 3561.05 3560.31 3559.05 3555.05 3547.18 3547.82 3548.49 3548.51 3545 3545.45 3548.01 3547.71 3547.58 3548.04 3546.15 3542.62 3538.1
3565.5 3566.57 3558.24 3550.04 3546.17 3544.74 3544.36 3544.98 3545.08 3544.13 3544.07 3544.35 3543.22 3541.57 3539.62 3540.59 3547.55 3555.64 3562.77 3566.49 3567.49 3573.34 3579.11 3583.38 3587.31 3591.42 3596.61 3602.14 3602.52 3605.13 3608.24 3611.18 3613.8 3616.03 3616.18 3613.92 3612.13 3609.52 3606.68 3604.69 3602.02 3599.43 3595.22 3590.59 3584.97 3577.74 3572.09 3566.01 3561.98 3562.13 3562.37 3561.91 3561.07 3556.47 3547.76 3550.81 3554.23 3554.23 3555.01 3555.8 3556 3554.82 3552.8 3550.74 3547.51 3543.31 3539.28
3564.32 3562.66 3552.37 3545.95 3542.99 3542.69 3542.36 3542.44 3543 3543.52 3543.98 3544.14 3544.37 3543.99 3543.82 3545.04 3550.66 3556.6 3561.79 3566.68 3572 3576.06 3578.79 3582.22 3585.97 3589.95 3594.01 3598.06 3600.48 3602.53 3605.97 3608.69 3611.8 3614.99 3615.1 3612.75 3610.83 3609.2 3606.76 3604.63 3602.1 3598.98 3594.67 3589.83 3584.78 3577.89 3570.03 3564.95 3565.1 3565.29 3564.92 3564.06 3561.91 3558.76 3553.5 3560.27 3565.92 3570 3571.3 3571.16 3567.24 3564.15 3559.88 3555.07 3549.77 3543.67 3536.85
3561.8 3558.9 3554.13 3539.79 3539.39 3540.65 3541.94 3543.72 3544.81 3545.45 3546.53 3546.99 3547.95 3548.7 3549.95 3552.3 3555.46 3558.89 3562.85 3564.59 3570.27 3574.78 3577.21 3580.29 3584.03 3587.77 3590.73 3593.36 3597.14 3599.69 3602.71 3605.33 3607.95 3610.81 3611.04 3609.43 3608.16 3607.6 3606.4 3604.11 3600.38 3598.05 3595.37 3592.17 3588.28 3582.83 3574.06 3564.17 3568.02 3570.11 3569.06 3568.04 3567.51 3568.18 3573.08 3574.62 3578.64 3585.2 3585.94 3582.09 3575.95 3570.58 3565.85 3559.93 3553.14 3545.35 3537.26
3558.85 3555.02 3548.24 3539.34 3539.99 3541.26 3542.77 3543.46 3544.82 3546.47 3547.71 3549.21 3550.79 3552.84 3555.59 3559.14 3560 3560.09 3559.04 3560.63 3566.17 3570.81 3573.11 3576.93 3581.24 3585.64 3590.38 3593.24 3594.93 3596.37 3599.08 3600.64 3602.05 3603.48 3604.83 3605.3 3605.05 3604.23 3603.63 3602.68 3601.44 3599.84 3596.95 3595.15 3592.42 3589.43 3586.24 3573.25 3570.17 3573.4 3573 3572.97 3573.46 3576.85 3581.1 3584.34 3586.17 3587.43 3588.62 3586.95 3582.89 3575.29 3570.9 3565.85 3557.44 3548.04 3538.96
3553.5 3552.39 3549.29 3546.6 3542.99 3542.7 3544.02 3545.09 3546.64 3548.66 3550.25 3552.14 3554.2 3556.79 3559.91 3563.15 3563.06 3561.27 3559.22 3559.56 3560.33 3561.97 3567.84 3573.06 3578.15 3582.93 3586.59 3590.03 3592.11 3593.15 3594.9 3595.54 3595.45 3595.77 3598.45 3600.68 3601.41 3602.02 3602 3601.58 3601.91 3600.61 3599.83 3597.4 3595.43 3592.38 3585.64 3579.03 3573.33 3575.07 3576.71 3577.99 3580.67 3584.34 3589.94 3592.76 3592.81 3592.77 3594.35 3593.95 3592.27 3590.84 3585.11 3573.62 3562.51 3551.67 3541.85
3559.85 3555.26 3552.15 3547.66 3544.79 3544.89 3545.96 3548.36 3548.94 3551.41 3552.79 3554.89 3557.23 3559.95 3562.79 3565.15 3565.12 3562.86 3561.34 3557.61 3557.14 3559.26 3564.19 3569.78 3575.37 3580.78 3586.23 3587.94 3589.19 3589.7 3590.53 3590.94 3590.7 3590.44 3593.88 3596.59 3598.54 3600 3601 3601.76 3601.88 3601.47 3600.67 3600.78 3599.28 3596.9 3592.27 3582.83 3577.69 3579.09 3581.53 3583.56 3583.32 3590.69 3595.63 3598.62 3600.04 3602.12 3601.57 3600.75 3600.43 3600.86 3592.04 3579.12 3566.72 3555.11 3544.9
3575.14 3560.05 3551.9 3546.93 3546.36 3547.82 3548.93 3550.14 3552.13 3554 3555.79 3557.83 3560.16 3562.56 3564.81 3567.17 3566.68 3563.25 3558.69 3554.62 3555.98 3557.96 3561.93 3566.87 3572.62 3578.11 3581.81 3585.19 3586.25 3586.56 3586.87 3587.3 3587.98 3589.57 3591.09 3593.71 3596.4 3598.53 3599.7 3600.98 3601.57 3602.16 3602.69 3603.61 3602.72 3601.9 3599.95 3591.45 3585.73 3584.59 3587.46 3591.65 3597.15 3597.98 3601.65 3604.77 3604.65 3604.4 3605.09 3604.91 3604.17 3599.83 3592.53 3581.77 3569.77 3558.13 3546.54
3577.72 3563.85 3550.41 3549.69 3550.54 3551.13 3552.14 3552.88 3554.57 3556.64 3558.02 3559.87 3561.87 3563.79 3565.77 3567.08 3566.39 3563.66 3561.34 3559.14 3557.32 3558.06 3559.09 3563.63 3569.92 3576.54 3580.96 3582.79 3583.2 3583.24 3583.35 3583.35 3583.71 3585.37 3588.38 3591.6 3594.37 3597.14 3599.05 3600.93 3603.04 3603.86 3604.25 3604.58 3605.35 3605.79 3606.45 3597.37 3588.38 3587.89 3592.7 3596.91 3599.95 3602.34 3603.87 3605.98 3607.93 3603.97 3607.06 3607.87 3606.44 3601.9 3593.88 3583.48 3572.15 3560.54 3549.36
3576.29 3570.49 3564.78 3560.14 3556.49 3556.13 3556.13 3556.48 3556.96 3558.57 3560.29 3561.96 3563.82 3565.31 3566.5 3566.99 3566.32 3563.54 3561.24 3561.12 3558.29 3552.92 3554.38 3559.78 3566.4 3575.01 3583.53 3581.16 3579.99 3579.66 3579.82 3580.22 3580.64 3582.33 3585.96 3589.53 3592.41 3595.49 3598.06 3600.57 3602.33 3605.35 3606.56 3607.13 3606.89 3606.6 3604.43 3600.63 3593.57 3589.52 3595.75 3602.14 3605.57 3604.7 3603.47 3601.16 3604.76 3601.67 3607.47 3609.29 3609.24 3604.24 3595.17 3584.6 3573.79 3563.42 3553.99
3577.49 3572.88 3575.21 3570.73 3563.46 3560.79 3559.64 3559.53 3560.19 3561.32 3563.08 3564.62 3565.99 3567.26 3567.44 3566.65 3565.23 3562.79 3560.61 3560.39 3557.46 3552.97 3552.83 3556.33 3561.01 3566.88 3572.09 3574.71 3575.49 3576.18 3576.67 3577.97 3579.7 3581.86 3585.04 3588.68 3592.29 3595.38 3597.93 3600.78 3603.39 3605.78 3607.74 3609.33 3609.26 3608.35 3606.45 3607.64 3604.22 3597.9 3598.08 3603.98 3606.57 3605.67 3604.49 3604.8 3604.3 3604.79 3606.58 3609.44 3610.82 3604.65 3595.08 3585.05 3574.94 3565.21 3556.9
3582.75 3576.48 3577.19 3574.98 3570.29 3564.97 3562.1 3561.48 3561.88 3563.44 3564.95 3566.55 3568.52 3569.13 3568.95 3567.49 3564.83 3563.04 3560.33 3557.12 3557.56 3555.63 3553.9 3553.45 3555.31 3558.01 3561.69 3567.24 3570.73 3572.97 3574.49 3576.05 3577.18 3580.51 3584.44 3588.07 3591.77 3594.96 3598.3 3600.87 3603.18 3605.7 3609.01 3611.17 3612.98 3614.18 3615.4 3617.43 3613.37 3608.25 3601.2 3606.02 3606.26 3604.71 3603.93 3602.9 3602.07 3604.95 3604.37 3606.37 3607.92 3601.93 3593.35 3584.07 3574.95 3565.83 3557.44
3589.81 3586.7 3580.8 3576.19 3570.7 3565.76 3563.33 3563.1 3564.02 3565.66 3567.72 3570.11 3571.69 3572.76 3572.5 3570.95 3568.03 3566.69 3564.24 3561.3 3562 3556.84 3552.1 3549.73 3550.78 3553.11 3557.3 3562.98 3567.69 3571.23 3573.66 3575.77 3576.86 3580.59 3584.41 3587.68 3591.27 3594.09 3596.97 3599.72 3603.28 3606.6 3610.15 3613.56 3616.32 3621.16 3624.48 3623.73 3616.34 3609.04 3601.47 3599.49 3601 3601.31 3601.74 3603.05 3602.07 3597.91 3598.98 3602.31 3602.48 3596.94 3590.63 3582.6 3574.45 3566.25 3558.24
3593.27 3589.8 3582.68 3574.47 3566.83 3563.59 3562.92 3563.26 3566.39 3569.31 3571.7 3573.7 3575.42 3576.33 3576.77 3576.82 3576.1 3574.45 3571.77 3571.13 3567.05 3555.83 3546.1 3546.37 3548.4 3551.14 3556.09 3562.07 3567.19 3571.31 3574.56 3577.77 3580.12 3582.89 3585.79 3588.4 3591.44 3593.82 3596.56 3599.84 3603.16 3606.28 3609.75 3613.94 3617.34 3621.07 3622.16 3619.21 3614.86 3606.92 3599.08 3595.93 3596.59 3596.77 3597.28 3598.81 3596.9 3590.57 3593.47 3598.96 3601.42 3594.65 3588.03 3581.3 3574.22 3567.12 3560.11
3595.17 3591.79 3583.07 3574.23 3564.3 3561.29 3562.98 3565.33 3568.5 3571.5 3574.42 3577.22 3579.8 3581.44 3582.65 3583.3 3584.41 3581.75 3578.39 3574.39 3570.75 3558.79 3548.94 3546.21 3548.34 3555.35 3559.42 3563.91 3569.31 3573.87 3577.48 3581.17 3583.76 3585.72 3587.64 3589.63 3591.64 3594.36 3596.59 3598.99 3601.9 3604.66 3607.91 3612.08 3616 3620.93 3618.4 3612.08 3607.76 3601.75 3595.3 3594.49 3592.74 3591.69 3590.36 3588.97 3588.38 3585.83 3589 3595.72 3596.59 3589.92 3584.56 3579.05 3573.4 3567.79 3562.42
3594.7 3588.17 3581.7 3573.88 3561.83 3560.17 3563.78 3567.75 3571.87 3576.12 3579.09 3582 3584.71 3586.75 3588.3 3588.69 3586.65 3584.63 3584.86 3583.5 3574.96 3561.72 3551.19 3546.9 3548.59 3552.66 3560.26 3567.58 3573.86 3578.37 3581.26 3584.44 3586.96 3588.22 3589.9 3591.91 3593.47 3595.14 3596.66 3598.38 3599.91 3601.92 3604.15 3607.66 3610.44 3615.21 3611.43 3604.37 3598.19 3592.51 3591.69 3589.96 3587.9 3585.18 3582.57 3580.25 3580.84 3578.45 3583.68 3590.56 3589.47 3584.69 3581.39 3577.56 3573.64 3569.54 3565.94
3595.15 3589.11 3582.13 3573.6 3563.33 3562.67 3567.92 3572.54 3576.7 3580.19 3583.78 3587.12 3590.33 3593.07 3595.28 3596.73 3596.42 3595.9 3593.47 3587.46 3579.4 3567.47 3550.85 3553.42 3557.13 3549.56 3565.97 3575.86 3581.82 3584.99 3586.05 3586.88 3588.37 3590.45 3592.37 3593.95 3595 3595.67 3596.67 3597.3 3597.7 3598.53 3599.47 3601.49 3601.65 3601.41 3601.08 3597.22 3587.85 3579.82 3578.87 3585.9 3582.21 3578.76 3575.8 3573.6 3580.66 3580.82 3581.6 3584.59 3582.18 3580.65 3579.13 3576.88 3573.79 3570.8 3568.13
3595.75 3591.89 3584.95 3576.7 3570.52 3570.29 3574.02 3577.89 3581.89 3585.55 3589.23 3592.53 3596.18 3599.07 3602.23 3605.55 3610.13 3611.28 3602.82 3596.37 3592.68 3585.6 3577.9 3582.53 3586.25 3590.78 3588.61 3590.9 3592.61 3593.6 3592.68 3590.14 3591 3593.88 3595.3 3596 3596.38 3596.39 3596.03 3595.73 3595.28 3594.92 3594.22 3593.85 3592.7 3591.18 3590.06 3587.49 3574.13 3545.37 3560.63 3576.66 3574.31 3571.44 3569.51 3570.17 3569.87 3578.41 3579.54 3581.39 3579.8 3578.87 3578.12 3576.53 3574.18 3571.89 3569.42
3596.92 3593.77 3588.45 3582.95 3578.8 3578.96 3583.01 3585.72 3588.49 3591.43 3594.71 3597.71 3601.65 3605.55 3609.17 3612.39 3614.77 3613.54 3609.39 3603.94 3601.72 3604.78 3615.14 3617.47 3617.64 3617.68 3613.13 3608.57 3606.21 3604.8 3602.77 3600.45 3598.9 3599.28 3599.06 3598.66 3597.97 3597.27 3596.18 3594.76 3593.01 3591.33 3589.01 3586.43 3583.36 3580.64 3578.69 3575.58 3571.46 3575.78 3568.54 3565.59 3564.51 3563.46 3562.64 3563.02 3569.02 3572.58 3575.55 3577.83 3578.31 3578.44 3578.18 3576.89 3574.63 3571.59 3569.67
3597.58 3596.09 3592.53 3586.59 3586.53 3593.58 3593.91 3594.51 3595.5 3597.7 3601.01 3603.71 3607.39 3610.75 3614.64 3618.29 3620.35 3620.19 3615.02 3609.76 3608.65 3618.25 3625.7 3630.55 3639.29 3643.64 3631.37 3623.27 3618.78 3615.87 3613.43 3610.39 3608.03 3605.61 3603.36 3601.48 3599.44 3597.45 3595.12 3593.16 3591.04 3587.85 3583.73 3579.59 3574.15 3570.38 3568.21 3565.51 3564.31 3565.87 3560.7 3553.64 3555.42 3556.71 3557.48 3557.63 3567.29 3568.88 3574.15 3576.41 3577.87 3580.02 3579.22 3577.32 3574.81 3572.28 3569.64
