real_craters/C177-1000m.grd
DSAA
82 82
-40.67 40.67
-40.67 40.67
2753.3354979091 5361.7454406388
[rows 0 to 29 of 82, columns 0 to 66 of 82]
4317.16 4319.41 4314.23 4316.52 4316.48 4310.75 4301.23 4310.98 4319.7 4312.75 4316.2 4318.87 4327.86 4335.43 4334.34 4321.38 4316.08 4333.96 4339.89 4339.22 4339.75 4353.23 4363.25 4362.14 4358.63 4356.88 4363.58 4370.66 4384.55 4414.69 4422.36 4429.62 4431.39 4409.99 4404.52 4402.75 4397.92 4396 4415.93 4440.82 4451.17 4443.34 4438.16 4440.57 4448.16 4459.63 4445.33 4429.86 4409.67 4425.5 4443.38 4449.98 4445.91 4434.12 4454.66 4461.2 4451.89 4439.77 4432.64 4425.53 4398.71 4391.34 4400.14 4391.01 4378.41 4365.66 4350.03
4288.75 4321.67 4325.58 4333.18 4336.68 4337.66 4331.68 4329.9 4332.12 4320.79 4317.36 4326.85 4334.81 4340.59 4340.31 4320.16 4316.63 4353.61 4355.49 4350 4351.19 4351.75 4354.55 4358.28 4354.68 4353.08 4362.15 4370.74 4380.42 4386.73 4403.74 4413.62 4431.95 4424.06 4412.27 4398.2 4402.65 4405.09 4424.24 4450.44 4464.07 4453.3 4446.81 4445.64 4454.5 4481.43 4499.03 4465.91 4437.85 4441.7 4459.2 4468.21 4458.95 4464.08 4475.55 4479.27 4459.44 4447.69 4437.14 4422.53 4394.98 4383.09 4387.32 4379.7 4373.25 4370.35 4360.39
4297.7 4333.86 4355.39 4361.04 4353.48 4356.84 4345.32 4345.62 4347.78 4334.71 4332.23 4341.37 4346.37 4348.1 4347.83 4339.14 4319.19 4347.46 4351.06 4351.51 4353.78 4354.72 4356 4357.68 4359.15 4361.92 4363.94 4368.71 4373.89 4393.21 4400.85 4407.25 4436.12 4438.66 4425.4 4413.12 4409.18 4409.94 4428.06 4455.97 4473.76 4459.11 4441.15 4446.93 4467.86 4498.27 4512.64 4486.08 4455.77 4456.47 4473.33 4491.2 4470.19 4463.44 4460.59 4451.68 4456.54 4451.15 4440.57 4418.51 4395.91 4387.25 4392.09 4387.5 4382.2 4383.46 4386.14
4323.65 4336.49 4358.56 4349.18 4349.17 4348.52 4347.63 4345.3 4348.12 4342.89 4362.14 4360.8 4359.16 4355.57 4347.73 4335.25 4319.59 4321.42 4339.3 4347.2 4350.54 4353.04 4356.5 4360.58 4363.65 4365.59 4365.84 4365.17 4366.75 4392.17 4413.75 4416 4417.78 4436.86 4423.43 4414.15 4422.49 4413.54 4430.1 4458.62 4472.74 4467.54 4452.44 4460.81 4495.42 4514.84 4512.39 4494.43 4472.56 4474.64 4480.58 4484.44 4474.52 4466.46 4464.8 4464.52 4459.27 4449.83 4432.69 4407.12 4399.13 4403.26 4424.37 4388.71 4387.32 4388.03 4388.8
4329.29 4326.28 4340.3 4337.08 4338.13 4339.37 4342.08 4338.83 4338.06 4363.38 4372.42 4376.43 4370.26 4363.18 4353.14 4338.19 4317.91 4323.85 4337.67 4347.5 4350.04 4347.51 4357.81 4364.41 4373.67 4374.47 4372 4370.24 4370.76 4385.67 4419.8 4431.57 4435.52 4433.72 4421.47 4424.35 4429.07 4431.71 4442.66 4463.46 4481.89 4482.08 4477.88 4490.12 4509.84 4524.84 4516.81 4505.84 4506.83 4497.79 4484.12 4472.69 4465.35 4470.57 4476.5 4472.35 4465.52 4448.7 4426.43 4409.49 4404.05 4399.86 4398.98 4381.8 4386.94 4390.49 4394.49
4323.83 4322.09 4340.65 4345.72 4332.77 4339 4338.87 4337.04 4339.29 4365.93 4398.22 4388.75 4376.38 4368.61 4365.3 4365.24 4346.62 4343.6 4347.58 4356.98 4367.26 4378.83 4367.39 4366.89 4368.17 4375.41 4380.48 4385.65 4392.13 4419.35 4430.2 4432.41 4437.52 4432.26 4429.52 4441.06 4456.44 4443.33 4443.84 4466.76 4492.98 4495.68 4499.29 4506.66 4520.55 4523.77 4514.77 4502.22 4499.32 4494.56 4491.29 4466.35 4475.06 4481.04 4485.94 4483.6 4470.99 4451.52 4435.01 4426.32 4412.77 4397.32 4379.64 4384.39 4390.69 4392.43 4393.29
4315.67 4319.01 4321.7 4321.79 4322.29 4323.38 4330.92 4331.93 4346.1 4356.51 4384.15 4378.48 4371.86 4367.7 4365.57 4362.76 4352.55 4354.42 4360.57 4368.36 4375.79 4368.71 4370.09 4371.56 4367.28 4380.25 4392.53 4402.47 4415.79 4429.93 4446.54 4449.72 4430.69 4438.72 4445.51 4454.23 4466.96 4456.04 4450.12 4475.5 4487.25 4505.29 4518.3 4524.64 4530.12 4535.24 4519.04 4509.2 4502 4504.41 4508.29 4516.31 4505.37 4498.21 4496.11 4491.58 4473.16 4453.95 4436.34 4435.88 4424.04 4412.34 4395.92 4404.14 4399.81 4399.75 4396.24
4314.25 4314.43 4308.4 4309.05 4319.3 4330.9 4326.65 4329.81 4347.18 4354.8 4357.43 4359.31 4362.95 4363 4360.83 4356.12 4350.06 4358.53 4367.69 4376.74 4384.7 4382.21 4376.15 4385.65 4397.88 4398.97 4406.39 4416.44 4426.49 4425.41 4457.11 4464.18 4465.02 4459.36 4449.34 4461.94 4463.3 4476.17 4497.88 4497.62 4514.33 4530.41 4545.06 4566.84 4554.56 4547.64 4522.19 4492.49 4501.57 4508.26 4506.95 4505.87 4527.33 4518.56 4505.79 4494.7 4473.62 4448.55 4441.83 4444.07 4438.51 4424.71 4430.25 4425 4419.67 4419.33 4410.4
4314.89 4309.79 4308.43 4309.89 4318.75 4325.39 4323.66 4324.71 4340.8 4354.98 4350.96 4351.99 4357.5 4359.62 4357.91 4352.89 4362.56 4367.41 4374.04 4381.61 4388.17 4384.47 4386.19 4398.86 4407.97 4415.14 4421.01 4428.04 4433.8 4440.74 4454.24 4485 4487.55 4487.21 4496.92 4487.52 4478.25 4482.48 4491.26 4509.96 4530.92 4545.43 4553.47 4573.25 4585.56 4542.51 4532.28 4519.74 4523.07 4519.79 4526.33 4535.77 4542.74 4527.3 4509.85 4490.43 4465.8 4440.36 4426.19 4454.06 4461.98 4461.01 4463.4 4466.84 4467.46 4453.51 4434.08
4316.06 4316.66 4318.9 4327.61 4332.77 4330.8 4328.06 4326.71 4335.83 4346.19 4359.79 4356.47 4361.35 4361.96 4360.4 4359.9 4357.62 4370.49 4376.51 4380.54 4381.95 4381.35 4393.47 4410.6 4424.3 4428 4431.82 4433.65 4436.68 4437.3 4428.27 4506.12 4502.32 4506.43 4510.39 4516.51 4526.57 4531.06 4516.45 4524 4536.44 4546.91 4547.22 4531.21 4539.41 4540.17 4543.5 4571.93 4552.21 4533.99 4550.1 4566.15 4548.45 4536.74 4518.33 4486.45 4459.91 4449.95 4458.1 4501 4492.79 4479.98 4474.7 4494.25 4507.46 4470.46 4446.51
4315.17 4317.9 4326.41 4336.75 4344.5 4340.06 4350.85 4352.58 4344.6 4346.04 4365.91 4376.03 4370.21 4369.26 4370.11 4369.91 4378.53 4383.58 4382.69 4382.46 4381.23 4387.19 4398.13 4414.84 4431.58 4440.32 4445.87 4445.43 4446.93 4448.89 4455.07 4503.72 4520.97 4521.79 4530.97 4537.96 4554.3 4565.11 4551.53 4539.45 4534.15 4528.79 4547.1 4568.25 4542.1 4535.14 4538.35 4531.32 4537.21 4548.24 4545.88 4546.39 4564.17 4558.1 4535.66 4509.59 4496.56 4491.01 4507.56 4539.13 4519.77 4495.62 4483.51 4487.35 4468.14 4459.16 4439
4312.69 4319.93 4338.68 4358.49 4364.04 4361.84 4365.43 4362.66 4351.68 4344.3 4361.55 4371.82 4378.43 4383.63 4392.53 4393.74 4393.67 4396.56 4409.03 4407.68 4381.31 4383.55 4394.9 4409.35 4429.59 4450.8 4466.81 4474.44 4464.3 4473.48 4484.85 4508.04 4522.55 4524.79 4534.11 4553.16 4565.02 4571.41 4567.47 4562.25 4550.92 4531.49 4568.58 4582 4584.46 4558.54 4544.77 4531.96 4538.7 4571.07 4545.18 4545.05 4577.52 4578.92 4559.23 4539.47 4519.83 4543.64 4555.3 4555.76 4536.42 4515.16 4506.42 4513.63 4475.15 4450.17 4429.08
4312.34 4319.8 4342.82 4366.15 4373.88 4373.22 4378.43 4367.83 4348.95 4355.62 4370.1 4366.38 4380.73 4404.98 4427.02 4433.03 4423.17 4419.6 4463.68 4434.66 4398.69 4390.52 4399.76 4421.69 4444.87 4467.67 4487.81 4511.69 4519.85 4483.68 4538.78 4545.93 4543.75 4537.65 4554.65 4582.14 4594.13 4573.03 4586.08 4590.81 4599.58 4625.94 4609.46 4616.92 4596.81 4577.46 4563.45 4546.31 4545.35 4568.73 4607.58 4581.27 4596.33 4592.3 4577.89 4572.34 4587.87 4583.45 4580.4 4561.57 4555.86 4532.72 4509.55 4488.49 4470.72 4449.74 4432.3
4316.75 4328.54 4357.24 4373.14 4366.96 4373.16 4370.52 4363.01 4352.57 4349.09 4354.05 4358.34 4373.56 4408.02 4429.36 4411.28 4059.58 4348.85 4488.43 4449.36 4414.81 4408.11 4415.34 4441.66 4462.89 4484.11 4504.46 4521.31 4530.8 4525.15 4556.16 4598.97 4587.22 4571.89 4594.13 4627.46 4664.97 4685.32 4647.15 4641.62 4637.19 4637.08 4618.62 4593.05 4585.94 4609.34 4609.44 4577.64 4525.36 4578.56 4617.86 4650.31 4619.66 4599.22 4582.39 4581.51 4594.18 4596.16 4605.24 4621.61 4598.54 4550.25 4509.14 4493.35 4468.82 4457.88 4449.17
4321.11 4340.82 4375.48 4384.63 4387.43 4382.59 4375.06 4365.89 4351.78 4350.05 4349.13 4347.66 4370.32 4408.85 4447.48 4477.58 4485.89 4452 4455.2 4451.76 4431.05 4431.75 4431.96 4448.19 4478.07 4503.31 4524.65 4530.44 4547.18 4588.45 4651.18 4648.37 4639.5 4654.33 4659.41 4683.08 4707.7 4711.39 4702.08 4681.09 4681.05 4650.6 4673.26 4667.32 4701.98 4724.63 4732.68 4688.06 4594.57 4574.77 4633.1 4669.06 4618.39 4581.08 4582.69 4581.75 4579.04 4570.13 4598.16 4644.24 4613.96 4556.63 4511.33 4494.46 4475.63 4475.34 4468
4316.56 4325.88 4357.91 4370.84 4369.64 4373.34 4374 4372.13 4374.47 4386.17 4379.3 4362.2 4375.53 4404.09 4428.95 4454.68 4477.98 4462.74 4444.4 4460.91 4463.89 4465.5 4474.48 4476.67 4506.92 4523.97 4541.54 4583.16 4600.12 4626.47 4693.93 4715.35 4708.85 4723.18 4740.1 4751.35 4745.51 4751.98 4758.2 4771.77 4770.93 4797.32 4890.93 5010.68 4903.27 4883.4 4905.09 4902.81 4784.44 4654.96 4624.97 4655.59 4616.86 4567.15 4610.74 4602.78 4559.48 4535.91 4560.95 4572.64 4571.43 4565.5 4518.25 4532.29 4520.72 4509.29 4496.36
4310.43 4309.57 4326.97 4350.76 4357.95 4365.54 4376.88 4374.78 4380.58 4389.81 4393.24 4391.85 4388.48 4404.33 4427.82 4454.65 4495.68 4524.01 4483.49 4482.06 4493.11 4491.38 4497.75 4537.92 4545.73 4554.23 4561.35 4566.58 4660.33 4729.2 4761.99 4746.03 4833.59 4857.17 4870.57 4833.15 4793.63 4749.64 4765.81 4789.73 4844.21 4927.82 5016.62 5006.87 4979.19 5038.04 5087.6 5118.11 5099.11 4866.03 4792.46 4762.7 4763.67 4748.68 4729.76 4666.74 4587.23 4540.64 4553.72 4557.9 4567.24 4598.38 4621.51 4592.31 4566.1 4534.9 4522.17
4311.81 4313.29 4315.47 4330.07 4352.85 4357.27 4362.18 4369.33 4375.2 4387.62 4396.39 4413.61 4409.82 4419.06 4434.2 4452.92 4510.67 4552.5 4505.78 4489.22 4497.35 4517.07 4539.85 4572.23 4588.37 4600.22 4605.94 4606.32 4719.28 4769 4764.32 4868.7 5015.85 5117.28 4999.91 4899.29 4830.65 4777.04 4789.36 4822.21 4874.28 4907.94 4952.47 5040.16 5107.78 5185.73 5214.2 5265.1 5250.28 5020 4909.6 4961.07 4973.97 4973.47 4862.7 4769.38 4681.36 4602.4 4599.97 4591.96 4594.57 4603.5 4627.29 4648.98 4608.65 4559.7 4567.19
4312.44 4309.78 4311.67 4320.98 4326.6 4341.61 4356.36 4370.59 4382.29 4390.28 4403.07 4411.06 4429.93 4445.1 4455.04 4471.84 4532.19 4565.74 4542.82 4520.41 4525.73 4543.92 4570.87 4613.39 4633.57 4644.63 4668.9 4740.6 4799.43 4931.28 5124.26 5019.86 5184.38 5206.42 5014.17 4880.95 4802.09 4790.91 4825.34 4826.27 4804.34 4901.68 4994.23 5108.95 5217.94 5239.35 5231.53 5271.97 5324.26 5181.36 5245.83 5177.2 5070.23 4990.51 4911.11 4874.9 4840.36 4772.07 4697.29 4635.45 4589.09 4604.54 4624.32 4625.19 4606.31 4605.3 4599.68
4312.06 4307.72 4309.29 4315.08 4326.08 4333.94 4346.06 4353.2 4370.12 4390.65 4411.38 4444.11 4469.94 4480.16 4489.15 4518.79 4573.24 4602.81 4578.92 4588.13 4579.09 4569.09 4588.93 4644.07 4673.03 4704.22 4731.84 4802.38 5047.64 5250.99 5355.2 5249.19 5120.69 5027.02 4899.32 4785.88 4694.78 4631.68 4623.67 4500.12 4590.78 4831.53 5161.73 5103.87 5095.63 5124.09 5146.4 5175.68 5238.3 5246.71 5330.16 5239.76 5113.11 4955.79 4949.63 4963.17 4983.56 4916.43 4801.67 4689.34 4582.07 4613.01 4636.52 4643.16 4642.77 4659.91 4638.97
4311.77 4311.28 4310.65 4308.45 4322.82 4333.89 4338.63 4338.1 4361.37 4391.98 4418.09 4446.48 4481.08 4508.86 4531.09 4567.19 4619.49 4682.43 4669.02 4676.76 4628.81 4576.34 4551.16 4653.73 4718.17 4794.52 4887.9 5002.04 5183.89 5212.27 5098.89 4841.76 4693.57 4705.62 4679.36 4599.9 4523.63 4457.32 4354.38 4435.23 4523.86 4575 4601.59 4556.13 4797.34 4974.31 4941.82 5002.99 5096.58 5154.52 5262.89 5254.12 5165.62 5127.9 5079.93 5036.24 4994.61 4973.77 4894.08 4776.07 4671.23 4607.15 4651 4716.96 4703.56 4662.78 4656.15
4315.87 4318.43 4320.34 4325.6 4330.76 4332.87 4341.8 4355.27 4371.1 4397.87 4426.61 4451.78 4490.41 4528.22 4558.56 4595.86 4637.76 4697.14 4743.76 4738.43 4654.6 4580.09 4546.91 4616.73 4774.17 4882.84 4958.1 5028.86 5038.87 4761.3 4526.03 4428.01 4529.58 4520.2 4473.91 4411.4 4339.49 4261.93 4253.78 4345.28 4384.93 4274.17 4143.06 4253.95 4361.97 4454.54 4544.59 4684.44 4897.5 5077.05 5094.97 5187.47 5137.5 5126.09 5106.64 5071 5085.92 5077.02 4996.95 4875.8 4757.61 4692.69 4702.07 4786.12 4723.97 4667.19 4649.19
4326.15 4329.59 4331.15 4331.32 4336.63 4343.74 4355.63 4364.47 4386.91 4408.73 4431.25 4451.04 4479.73 4517.41 4558.19 4593.49 4621.08 4653.05 4729.09 4730.06 4673 4618.33 4578.01 4752.68 4888.82 4958.95 4983.68 4913.73 4732.26 4427.78 4333.57 4378.35 4444.48 4332.37 4268.52 4218.1 4159.19 4101.42 4058.59 4113.51 4087.71 4031.37 3945.58 3984.8 3965.79 3907.68 4092.47 4296.93 4523.93 4822.63 4941.53 4985.26 4954.27 5008.52 5071.87 5076.09 5057.04 5139.48 5095.1 4952.83 4794.07 4658.58 4678.03 4733.2 4702.39 4704.77 4689.11
4337.41 4339.07 4341.71 4342.72 4354.45 4369.38 4390.18 4399.74 4407.02 4419.51 4435 4458.46 4484.24 4498.31 4536.85 4570.27 4594.1 4612.05 4644.79 4686.44 4710.8 4720.08 4758.86 4972.21 4986.85 4967.46 4993.36 4737.67 4443.24 4277.6 4280.87 4243.94 4051.8 4084.95 4074.6 4025.81 3971.07 3922.45 3886.67 3952.2 3937.64 3868.98 3818.67 3810.32 3703.63 3630.47 3745.02 3907.12 4051.11 4221.72 4291.01 4414.98 4619.96 4820.03 5007.59 5091.51 5124.49 5222.34 5164.29 5015.61 4863.6 4619.11 4637.76 4677.18 4703.58 4732.86 4726.42
4355.13 4355.09 4360 4372.16 4398.6 4420.64 4428.06 4431.3 4429.94 4431.42 4433.45 4452.14 4491.69 4505.26 4532.88 4553.72 4574.19 4597.17 4611.19 4679.55 4786.61 4885.55 4965.09 5038.54 4971.88 4808.97 4605.28 4421.11 4227.36 4207.53 4190.54 4060.74 3942.71 3943.41 3930.56 3873.01 3818.8 3760.89 3725.2 3690.72 3699.66 3694.62 3632.54 3597.14 3515.78 3455.51 3503.06 3600.78 3679.31 3769.42 3877.24 4048.77 4294.08 4541.94 4782.5 5094.4 5307.21 5255.75 5180.01 5060 4897.57 4700.01 4660.57 4664 4692.54 4717.34 4755.55
4349.47 4362.73 4378.52 4396.56 4415.69 4434.22 4445.36 4449.17 4447.71 4446.85 4448.92 4463.42 4490.86 4494.26 4507.98 4532.85 4557.74 4577.62 4626.93 4738.73 4897.41 5068.95 5145.31 5129.19 4907.82 4588.94 4321.22 4246.26 4199.93 4177.81 4168.51 4033.51 3982.2 3886.76 3802.51 3721.8 3653.86 3583.88 3524.53 3524.23 3599.99 3504.15 3413.51 3404.15 3347.06 3301.52 3334.84 3414.25 3507.53 3639.56 3768.37 3858.86 4035.52 4255.8 4555.43 4943.52 5231.23 5227.08 5190.52 5099.7 4965.96 4844.03 4726.22 4642.19 4603.93 4710.68 4756.53
4352.84 4364.68 4380.9 4395.1 4411.74 4443.92 4460.31 4465.25 4462.84 4461.66 4465.44 4474.42 4487.4 4478.75 4487.61 4517.85 4550.14 4589.13 4667.36 4775.48 5012.84 5205.37 5190.8 4967.02 4679.65 4408.96 4179.62 4160.94 4121.15 4045.11 4004.73 3961.41 3886.63 3786.81 3668.97 3570.82 3498.94 3422.38 3348.79 3308.41 3302.15 3282.66 3220.03 3201.1 3213.32 3207.6 3228.46 3276.81 3342.99 3453.96 3616.36 3687.52 3802.67 3953.95 4122.41 4572.23 4916.62 5032.63 5104.14 5141.94 5105.5 4947.31 4850.15 4714.97 4597.13 4632.3 4684.93
4348.55 4358.56 4371.89 4387.67 4405.63 4432.53 4461.16 4473.5 4471.52 4473.58 4479.27 4490.1 4491.21 4490.53 4490.81 4526.78 4566.71 4610.93 4711.81 4966.13 5144.71 5225.89 5080.57 4706.45 4429.16 4366.6 4203.99 4096.59 3994.7 3967.57 3868.24 3773.3 3674.85 3572.95 3483.65 3419.18 3356.86 3290.99 3217.25 3166.66 3146.78 3140.47 3125.86 3120.1 3141.79 3153.12 3167.56 3188.4 3201.83 3362.51 3472.71 3539.9 3629.14 3728.97 3821.44 4102.54 4454.44 4739.65 4981.62 5148.65 5325.37 5221.53 5053.56 4889.07 4718.33 4626.44 4679.27
4340.19 4346.43 4353.73 4372.6 4398.5 4416.24 4432.66 4459.11 4467.86 4473.6 4480.55 4486.42 4493.82 4512.83 4515.66 4553.23 4601.1 4668.85 4758.76 5054.84 5218.8 5264.63 5045.38 4694.2 4440.25 4439.72 4319.24 3988.97 3950.48 3886.24 3671.02 3518.35 3455.8 3317.3 3310.98 3287.04 3251.79 3197.98 3139.48 3103.82 3109.3 3121.28 3121.36 3118.44 3123.58 3132.24 3142.06 3145.06 3155.75 3196.74 3456.66 3514.54 3588.5 3615.65 3690.74 3763.75 4071.63 4422.13 4772.94 5020.83 5271.81 5361.01 5229.64 5044.07 4927.83 4754.24 4784.73
4336.41 4342 4349.59 4366.17 4391.97 4410.22 4434.25 4448.4 4459.59 4468.65 4477.55 4490.06 4491.68 4506.29 4532.61 4577.16 4642.98 4726.25 4829.56 4992.64 5150.34 5143.52 5020.3 4773.58 4533.98 4346.72 4142.96 3926.16 3769.49 3629.1 3451.1 3267.96 3179.39 3163.06 3185.29 3179.82 3170.29 3148.15 3119.3 3106.34 3108.41 3111.83 3108.61 3111.11 3114.51 3119.88 3124.31 3126.85 3131.28 3138.59 3253.07 3331.8 3366.6 3500.73 3631.07 3711.98 3883.22 4133.92 4375.82 4747.34 5133.52 5353.28 5266.77 5092.68 4889.01 4783.71 4814.58
