real_craters/C177-300m.grd
DSAA
475 475
-71.1725 71.1725
-71.1725 71.1725
1986.305047764 4424.7371368837
[rows 0 to 29 of 475, columns 201 to 267 of 475]
3590.38 3589.94 3591.81 3595.43 3600.56 3605.96 3610.74 3611.8 3609.52 3604.77 3597.61 3600.83 3600.12 3597.4 3595.58 3594.01 3592.55 3591.12 3592.2 3587.77 3581.38 3582.75 3579.78 3577.6 3578.76 3579.45 3579.54 3579.2 3578.59 3578.36 3577.45 3584.03 3589.81 3596.23 3595.26 3594.09 3593.31 3591.43 3589.95 3587.51 3585.4 3583.49 3581.91 3580.29 3578.25 3576.8 3574.83 3573.37 3571.89 3571.43 3568.86 3567.15 3566.13 3564.95 3564.75 3565.1 3557.12 3549.51 3544.48 3547.74 3551.92 3555.07 3556.77 3558.32 3559.29 3555.06 3554.26
3587.99 3589.22 3593.45 3599.06 3604.2 3609.54 3612.87 3610.87 3604.43 3605.21 3599.19 3599.94 3600.72 3597.95 3595.69 3593.42 3590.18 3587.49 3588.23 3584.48 3580.21 3581.65 3577.61 3576.49 3579.61 3580.51 3580.91 3580.87 3580.01 3578.95 3579.51 3582.98 3586.93 3590.63 3592.44 3593.19 3593.35 3593.59 3590.93 3588.88 3586.93 3585.08 3583.29 3581.85 3580.17 3578.73 3577.07 3575.8 3574.29 3572.04 3570.03 3568.31 3567.03 3566.09 3565.57 3563.52 3558.24 3552.35 3549.93 3551.46 3554.02 3555.94 3556.54 3557.01 3556.52 3551.79 3553.5
3585.98 3590.83 3598.83 3601.28 3605.97 3611.22 3615.12 3610.87 3604.93 3602.09 3598.47 3597.17 3597.82 3596.48 3595.35 3593.88 3590.67 3586.56 3583.37 3579.44 3578.52 3579.13 3577.2 3576.41 3578.75 3581.46 3582.96 3583.65 3584.13 3583.27 3581.08 3581.25 3583.59 3586.05 3588.56 3590.95 3591.65 3590.55 3590.82 3589.09 3587.2 3585.52 3583.95 3582.52 3581.08 3579.72 3578.33 3576.47 3574.82 3572.93 3572.2 3569.76 3568.05 3565.7 3564.46 3563.16 3557.85 3554.03 3552.28 3553.57 3554.42 3553.8 3554.87 3555.36 3552.79 3552.76 3554.54
3586.84 3589.03 3594.4 3599.86 3604.58 3609.34 3611.94 3607.51 3601.66 3598.62 3596.35 3593.14 3592.53 3594.01 3595.29 3595.73 3593.32 3586.18 3580.48 3577.22 3578.01 3579.59 3578.01 3578.06 3580.55 3583.48 3585.39 3586.56 3587.36 3585.84 3580.39 3577.87 3577 3580.08 3584 3588.34 3592.38 3593.44 3590.79 3589.06 3587.51 3586.21 3585.14 3584.2 3583.22 3582.25 3580.92 3579.5 3578.23 3575.89 3573.8 3570.63 3567.72 3564.14 3560.7 3557.69 3555.43 3554.53 3554.38 3550.55 3548.31 3550.57 3553.9 3556.39 3557.29 3556.58 3556.95
3588.54 3588.5 3592.55 3598.04 3601.81 3604.98 3605.72 3601.28 3595.74 3592.99 3592.53 3589.04 3588.16 3591.19 3595.1 3598.27 3598.82 3588.59 3580.47 3575.73 3575.39 3579.63 3578.59 3580.14 3584.35 3586.39 3587.98 3589.19 3589.83 3589 3580.7 3576.26 3572.84 3574.47 3579.58 3584.26 3589.93 3591.66 3588.86 3587.67 3586.86 3586.39 3585.87 3585.43 3584.89 3584.58 3583.22 3581.76 3580.24 3578.27 3576.29 3572.86 3568.99 3564.03 3558.14 3553.83 3553.21 3550.47 3549 3547.46 3546.88 3549.79 3554 3558.02 3560.52 3559.59 3559.13
3590.32 3591.98 3597.97 3598.06 3598.1 3598.51 3597.96 3593.94 3589.24 3586.9 3588.32 3588.4 3584.28 3588.78 3594.33 3599.43 3601.38 3593.05 3582.13 3575.19 3573.03 3575.33 3577.3 3580.24 3587.26 3588.99 3590 3590.55 3590.19 3588.11 3580.28 3576.54 3577.18 3576.04 3576.36 3578.12 3580.45 3582.9 3584.13 3584.9 3585.43 3585.96 3586.34 3586.33 3586.23 3585.72 3585.06 3584.29 3583.13 3581.72 3579.32 3576.15 3572.74 3567.33 3561.11 3557.1 3556.03 3552.08 3548.31 3547.46 3547.86 3550.39 3554.29 3558.72 3561.33 3560.15 3560.29
3601.43 3596.2 3597.18 3595.15 3593.63 3591.97 3589.77 3587.73 3583.97 3581.7 3590.66 3589.22 3584.79 3587.56 3592.39 3597.62 3601.38 3595.33 3586.34 3575.65 3573.25 3574.08 3577.36 3582.13 3588.02 3590.04 3590.96 3590.88 3589.5 3585.33 3578.46 3575.27 3573.07 3573.37 3573.28 3572.33 3570.32 3574.57 3579.59 3582.43 3584.15 3585.41 3586.26 3586.85 3587.58 3587.88 3587.6 3586.87 3586.08 3585.43 3583.72 3581.09 3577.58 3573.43 3568.75 3565.18 3563.58 3564.34 3557.1 3550.82 3550.02 3549.82 3552.75 3558.22 3557.65 3558.87 3560.42
3607.18 3598.69 3591.28 3590.02 3590.5 3588.87 3586.86 3585 3582.87 3582.22 3587.2 3587.05 3585.46 3586.16 3589.05 3592.45 3594.85 3593.19 3584.86 3575.61 3572.08 3573.5 3577.82 3582.99 3587.74 3589.94 3590.91 3591.14 3589.78 3584.02 3577.68 3575.09 3573.62 3572.88 3572.06 3570.33 3569.25 3572.52 3577.27 3581.16 3583.84 3585.63 3587.22 3588.29 3589.07 3589.72 3590.39 3590.72 3590.37 3589.67 3588.48 3586.65 3584.22 3581.04 3577.92 3573.59 3569.94 3566.58 3561.6 3554.65 3553.42 3548.39 3550.2 3559.53 3558.6 3558.38 3560.58
3614.94 3604.93 3601.16 3596.97 3590.46 3587.17 3585.53 3584.41 3583.69 3584.45 3585.74 3583.39 3582.14 3583.39 3584.94 3586.5 3587.38 3589.65 3582.96 3577.66 3574.69 3575.2 3579.01 3583.27 3587.71 3589.33 3590.25 3590.63 3591.21 3591.23 3578.92 3575.68 3574.81 3573.91 3573 3571.63 3570.74 3574.04 3577.8 3581.48 3584.06 3586.46 3588.3 3589.68 3590.81 3591.74 3592.29 3592.84 3593.27 3593.86 3593.46 3592.74 3591.09 3588.67 3584.84 3580.32 3574.82 3570.19 3562.09 3556.65 3553.97 3549.45 3551.65 3560.48 3555.55 3557.8 3560.8
3627.81 3614.55 3603.66 3593.12 3590.33 3588.09 3586.06 3584.68 3584.22 3584.92 3585.48 3581.23 3578.71 3579.79 3580.98 3582.19 3584.49 3589.07 3586.2 3577.37 3575.81 3576.91 3580 3584.72 3587.07 3587.6 3587.74 3587.78 3587.49 3584.08 3576.37 3575.12 3575.81 3575.62 3574.93 3574.77 3576.49 3577.28 3579.74 3582.29 3584.59 3586.65 3588.94 3591.07 3592.35 3593.51 3594.51 3595.54 3595.62 3596.45 3597.3 3597.53 3597.44 3596.15 3594.64 3587.29 3579.48 3572.95 3570.24 3565.22 3559.48 3556.38 3557.77 3561.24 3556.78 3558.32 3561.69
3640.13 3625.21 3607.24 3593.1 3590.91 3590.89 3587.32 3584.45 3583.31 3583.74 3582.08 3577.96 3575.13 3576.75 3578.43 3580.14 3584.52 3590.26 3590.97 3576.8 3576.34 3577.86 3580.01 3580.76 3584.35 3585.3 3584.83 3583.54 3581.33 3578.82 3571.15 3573.61 3576.64 3577.59 3577.79 3577.61 3577.25 3580.29 3582.64 3584.75 3586.67 3588.34 3589.9 3590.41 3591.75 3593.18 3594.73 3595.97 3597.43 3599 3600.73 3602.24 3603.51 3603.47 3599.77 3594.22 3586.24 3581.02 3577.71 3570.99 3563.62 3560.38 3563.92 3566.43 3558.08 3560.43 3563.51
3642.74 3630.08 3612.05 3594.46 3591.54 3588.94 3585.78 3582.63 3580.47 3579.45 3577.89 3575.5 3573.36 3574.05 3576.92 3580.72 3584.12 3588.3 3590.49 3577.35 3577.17 3578.95 3581.4 3583.82 3583.58 3583.27 3581.82 3579.31 3575.55 3569.75 3565.71 3571.77 3576.9 3579.58 3581.28 3583.51 3585.04 3584.65 3585.55 3586.48 3587.55 3588.93 3590.05 3591.59 3593.06 3594.52 3595.78 3597.76 3599.65 3601.76 3604.4 3607.09 3609.27 3611.11 3609.94 3601.6 3593.77 3588.84 3582.45 3574.37 3565.86 3562.33 3568.41 3570.98 3565.29 3563.69 3565.71
3639.24 3628.19 3617.12 3603.48 3594.56 3587.44 3583.71 3580.27 3577.08 3572.99 3571.66 3574.28 3572.2 3573.15 3576.27 3578.4 3581.66 3586.98 3589.31 3578.37 3578.52 3579.29 3581.99 3584.45 3583.9 3581.83 3579.37 3576.39 3572.72 3570.78 3568.02 3572.71 3577.52 3581.64 3584.65 3586.81 3588.15 3588.27 3588.37 3588.73 3589.54 3590.37 3591.29 3592.33 3593.52 3594.7 3597.1 3598.43 3600.81 3604.07 3606.92 3610.16 3613.38 3615.74 3613.79 3607.03 3598.86 3595.03 3586.86 3576.9 3568.75 3565.1 3568.2 3566.01 3564.75 3565.24 3567.77
3640.62 3638.11 3624.16 3612.39 3599.25 3589.79 3582.97 3578.57 3575.09 3572.43 3572.1 3572.2 3574.29 3576.31 3577.22 3578.29 3578.88 3579.74 3584.65 3576.57 3575.59 3577.36 3580.58 3582.61 3582.61 3579.22 3576.79 3575.01 3572.41 3570.51 3574.47 3576.29 3579.66 3583.95 3588.03 3591.68 3592.28 3591.13 3590.34 3589.74 3589.95 3590.45 3591.31 3592.36 3593.55 3595.45 3596.65 3599.42 3601.81 3604.43 3607.49 3611.03 3614.77 3618.31 3617.32 3610.96 3604.05 3600.75 3590.22 3578 3571.26 3567.81 3561.32 3556.01 3560.91 3564.85 3568.09
3641.45 3638.47 3627.17 3611.73 3596.75 3587.08 3581.78 3577.73 3573.99 3571.03 3568.75 3570.46 3577.59 3579.94 3578.65 3577.23 3578.29 3580.4 3578.86 3569.18 3569.53 3573.77 3578.18 3579.01 3574.68 3573.3 3573.94 3575.12 3576.7 3574.6 3576.07 3577.61 3581.05 3585.36 3589.9 3595.62 3594.71 3592.29 3590.74 3589.53 3589.16 3589.67 3590.56 3591.67 3592.81 3594.7 3595.98 3598.78 3601.02 3602.95 3605.97 3609.6 3613.05 3615.62 3615.33 3612.66 3610.07 3605.71 3593.26 3580.44 3573.68 3569.57 3560.84 3559.3 3562.75 3566.37 3569.56
3641.81 3642.78 3628.31 3609.89 3592.72 3584.83 3581.37 3577.51 3573.78 3570.81 3569.29 3571.05 3577.55 3583.05 3580.15 3577.33 3579.65 3581.79 3577.55 3566.94 3566.21 3570.71 3574.08 3573.41 3568.97 3568.6 3571.14 3574.24 3578.25 3576.93 3577.4 3578.89 3581.94 3585.42 3588.65 3591 3592.17 3591.22 3590.1 3589.27 3588.84 3588.83 3589.38 3590.17 3591.62 3592.69 3594.53 3596.31 3598.38 3600.99 3603.56 3606.62 3609.42 3612.28 3612 3610.82 3610.37 3606.38 3595.12 3584.16 3576.79 3572.59 3570.34 3568.65 3567.49 3568.72 3571.22
3641.38 3640.2 3627.77 3608.96 3600.41 3591.12 3583.42 3578.54 3574.54 3572.11 3570.58 3576.49 3581.19 3583.9 3581.18 3577.27 3579.19 3579.55 3579.96 3566.43 3565.25 3569.9 3573.57 3571.73 3567.35 3566.37 3569.19 3572.46 3573.55 3577.34 3579.66 3581.12 3582.56 3584.58 3586.3 3587.73 3588.76 3588.88 3588.51 3588.23 3588.28 3588.52 3588.86 3589.59 3590.51 3591.96 3593.92 3595.09 3596.95 3598.91 3600.8 3602.61 3604.24 3605.14 3605.89 3605.55 3605.65 3603.37 3595.35 3585.41 3579.23 3576.33 3574.81 3572.69 3571.04 3571.99 3574.22
3641.67 3641.73 3629.03 3608.96 3598.17 3591.95 3584.45 3579.09 3576.03 3574.01 3573.88 3578.85 3584.88 3586.38 3583.16 3578.56 3576.25 3575.73 3576.71 3566.7 3567.28 3570.66 3575.33 3571.39 3565.88 3564.76 3568.64 3573.1 3576.75 3577.82 3580.79 3582.18 3582.41 3582.92 3583.83 3584.32 3585.37 3585.69 3586.02 3586.31 3586.38 3586.92 3587.49 3588.26 3588.98 3590.1 3591.73 3592.61 3594.85 3596.48 3597.66 3598.51 3599.19 3599.16 3600.66 3600.23 3597.27 3598.54 3595.49 3592.04 3588.72 3582.87 3578.92 3572.56 3572.35 3573.71 3575.55
3642.01 3640.88 3629.41 3609.52 3593.12 3588.64 3583.86 3579.85 3577.28 3575.98 3575.08 3581.77 3586.45 3584.82 3583.28 3579.08 3575.49 3573.8 3572.83 3574.13 3571.05 3570.69 3569.08 3569.31 3565.27 3563.58 3570.77 3575.23 3575.12 3578.55 3582.78 3582.22 3580.63 3580.4 3581.16 3582.26 3581.93 3582.64 3583.53 3583.83 3584.66 3585.46 3586.28 3586.92 3588.02 3588.82 3590.25 3590.75 3592.08 3593.15 3593.98 3594.79 3595.21 3595.65 3597.8 3599.91 3599.81 3596.99 3594.42 3592.84 3590.27 3584.09 3579.86 3574.12 3574.08 3574.88 3577.11
3641.45 3640.32 3630.46 3611.91 3592.67 3587.98 3583.58 3580.37 3578.63 3578.18 3579.21 3583.18 3585.18 3582.97 3581.44 3577.17 3574.53 3572.23 3567.49 3572.27 3572.13 3572.3 3572.72 3572.71 3572.37 3573.74 3577.89 3581.9 3583.2 3580.55 3581.3 3578.15 3576.84 3576.36 3576.26 3576.85 3577.79 3578.81 3580.09 3581.61 3582.73 3583.43 3584.67 3585.91 3586.71 3587.87 3588.52 3589.28 3590.17 3590.56 3590.9 3591.02 3591.54 3592.71 3594.82 3598.79 3600.22 3594.92 3590.22 3586.02 3580.78 3578.27 3572.95 3573.67 3575.71 3576.92 3577.92
3639.41 3637.59 3627.92 3609.08 3599.63 3589.86 3584.27 3580.36 3578.36 3578.51 3578.93 3581.26 3583.32 3582.4 3581.52 3577.23 3574.34 3570.23 3565.48 3568.68 3572.64 3575.12 3577.34 3579.41 3582.97 3587.73 3585.19 3583.18 3580.63 3577.25 3574.97 3573.31 3573.17 3571.88 3570.51 3571.02 3573.04 3574.93 3576.9 3578.98 3580.22 3581.43 3583.07 3584.25 3585.62 3586.7 3587.4 3588.26 3588.83 3588.73 3588.58 3588.01 3586.99 3587.28 3589.35 3591.94 3591.29 3588.25 3583.77 3579.14 3575.85 3573.32 3574.12 3576.91 3576.74 3576.1 3578.37
3636.02 3634.09 3627.14 3604.6 3590.49 3587.56 3583.85 3580.28 3577.94 3575.96 3575.27 3576.36 3582.18 3581.13 3581.06 3577.52 3574.23 3567.64 3565.31 3569.93 3575 3578.9 3581.21 3584.66 3587.85 3590.43 3586.52 3581.16 3573.68 3571.82 3570.36 3571.85 3570.1 3567.8 3565.91 3566.6 3568.97 3571.18 3573.58 3575.78 3577.97 3579.62 3581.96 3583.52 3584.93 3586.56 3587.45 3588.2 3588.21 3588.25 3587.61 3586.23 3583.72 3581.97 3583.02 3584.09 3583.92 3580.82 3576.7 3572.01 3567.45 3565.84 3569.92 3573.54 3574.62 3575.55 3577.81
3631.03 3627.79 3618.65 3598.56 3590.89 3588.01 3583.74 3580.16 3577.26 3574.74 3573.76 3574.55 3578.59 3577.52 3580.05 3576.59 3573.02 3566.23 3566.04 3572.47 3579.05 3585.99 3589.58 3588.33 3588.18 3586.68 3583.8 3578.64 3572.76 3567.98 3564.88 3566.32 3566.11 3564.18 3562.41 3563.35 3565.64 3568.3 3570.98 3574.14 3576.25 3578.47 3580.49 3582.34 3584.1 3585.55 3586.5 3587.47 3587.2 3587.14 3586.51 3585.6 3584.51 3581.61 3577.76 3574.91 3576.12 3574.1 3569.91 3565.3 3561.94 3560.48 3565.97 3568.63 3571.08 3574.75 3577.57
3627.77 3623.44 3611.22 3595.49 3589.8 3587.92 3583.7 3579.62 3576.24 3573.31 3571.97 3573.73 3574.66 3568.6 3574.19 3572.38 3570.95 3567.76 3571.02 3577.92 3583.48 3587.3 3590.1 3589.85 3587.88 3584.98 3581.4 3578.63 3569.63 3566.85 3564.87 3564.88 3563.84 3561.31 3559.84 3561.13 3563.56 3566.6 3569.84 3573.3 3575.82 3578.49 3580.47 3582.53 3584.18 3585.78 3586.87 3587.72 3587.53 3587.43 3586.71 3585.49 3583.57 3579.58 3574.83 3570.54 3571.77 3568.93 3564.55 3559.77 3555.69 3556.95 3563.71 3567.23 3570.07 3573.79 3577.17
3628.36 3625.91 3618.9 3607.73 3596.26 3589.69 3585.27 3580.18 3575.39 3571.28 3567.91 3567.1 3573.08 3562.49 3557.27 3564.56 3566.38 3573.28 3579.87 3586.95 3591.51 3588.71 3590.99 3592.46 3588.29 3581.82 3576.05 3572.32 3569.24 3567 3565.1 3562.7 3559.95 3558.94 3557.85 3559.97 3562.48 3565.55 3568.75 3571.81 3574.86 3578.21 3580.91 3583.19 3584.67 3586.5 3587.33 3588.39 3589.33 3589.16 3587.59 3585.47 3583 3578.25 3574.02 3572.5 3570.34 3565.65 3560.58 3555.13 3551.89 3552.9 3559.73 3562.51 3564.31 3573.78 3578.25
3631.08 3631.99 3630.77 3617.32 3608.03 3600.09 3587.59 3580.39 3575.02 3570.78 3566.19 3560.5 3573.35 3572.27 3568.91 3563.55 3569.05 3583.46 3590.43 3599.01 3606.58 3613.26 3607.09 3599.52 3590.73 3579.99 3570.9 3567.36 3567.08 3568.47 3566.94 3561.26 3558.09 3558.33 3558.99 3559.61 3561.77 3564.85 3568.11 3571.16 3574.45 3578 3581.04 3583.72 3585.91 3587.86 3589.6 3590.79 3591.32 3591.15 3589.65 3586.55 3580.27 3576.63 3571.98 3570.08 3568.27 3563.93 3558.54 3552.49 3546.34 3547.14 3560.25 3570.18 3577.17 3578.9 3580.22
3633.52 3636.74 3637.65 3628.93 3614.18 3597.93 3587.05 3581.29 3576.45 3572.78 3570.08 3571.45 3576.65 3577.58 3567.92 3570.29 3579.14 3594.91 3603.9 3610.54 3618.68 3626.43 3619.19 3607.42 3595.99 3583.74 3571.73 3564.98 3566.14 3568.68 3567.92 3563.97 3561.54 3558.15 3557.22 3559.02 3561.52 3564.93 3568.38 3571.99 3575.67 3579.09 3582.29 3585.69 3587.55 3590.51 3591.67 3593.63 3594.47 3594.5 3593.1 3591.02 3586.63 3579.38 3572.18 3570.49 3568.53 3563.7 3558.16 3553.07 3548.82 3551.37 3561.28 3574.41 3587.35 3583.09 3580.27
3633.91 3639.14 3642.42 3640.67 3619.44 3594.61 3588.29 3583.35 3578.74 3574.73 3572.39 3572.86 3576.64 3578.98 3578.28 3573.55 3582.24 3597.46 3608.63 3616.99 3622.92 3624.27 3621.12 3612.23 3602.07 3592.17 3583.07 3570.33 3566.69 3567.27 3565.35 3561.35 3557.68 3556.06 3556.67 3558.65 3561.52 3565.27 3568.75 3572.64 3576.55 3580.51 3583.93 3587.43 3589.25 3592.81 3594.09 3596.6 3597.63 3597.87 3597.4 3595.86 3591.81 3582.62 3574.99 3572.95 3569.36 3564.59 3559.6 3555.38 3552.9 3554.67 3560.36 3569.7 3580.63 3578.47 3577.17
3633 3639.11 3645.41 3645.72 3625.71 3609.54 3593.65 3586.88 3581.64 3577.17 3573.73 3571.89 3574.09 3574.14 3568.13 3574.75 3590.14 3606.22 3613.97 3620.68 3626 3628.11 3622.32 3614.76 3606.12 3598.01 3590.95 3576.25 3568.25 3565.23 3562.38 3558.08 3553.45 3552.98 3554.58 3558.28 3561.71 3565.97 3569.33 3573.16 3577.11 3580.84 3584.54 3587.98 3590.23 3594.09 3595.89 3598.92 3600.54 3601.72 3601.49 3599.59 3593.89 3584.13 3574.52 3572.75 3569.51 3565.51 3561.7 3558.36 3556.47 3554.48 3555.26 3554.74 3560.28 3566.89 3571.35
3629.92 3634.75 3640.21 3642.21 3627.06 3606.22 3597.57 3591.79 3585.31 3579.02 3574.35 3571.91 3572.15 3571.45 3572.69 3572.88 3592.84 3610.36 3616.95 3621.48 3625.23 3625.94 3621.69 3615.14 3607.71 3598.63 3580.49 3569.83 3569.41 3564.07 3561.6 3558.54 3555.73 3554.72 3555.82 3559.16 3562.59 3566.6 3570.55 3574.37 3578.15 3581.9 3585.59 3589.19 3591.62 3596.73 3598.59 3602.08 3603.97 3605.05 3604.99 3603.02 3596.56 3585.63 3575.1 3571.94 3570.05 3566.92 3563.9 3561.4 3559.97 3557.07 3555.98 3553.74 3552.54 3560.91 3567.52
