real_craters/C177-750m.grd
DSAA
191 191
-71.1725 71.1725
-71.1725 71.1725
1999.1411768544 4408.6254994752
[rows 76 to 113 of 191, columns 84 to 167 of 191]
3167 3110 3110 3043 2945 2833 2713 2651 2612 2587 2565 2520 2513 2534 2564 2566 2562 2551 2566 2640 2742 2858 2976 3101 3226 3349 3484 3634 3803 4053 4121 4172 4067 3957 3855 3765 3716 3693 3694 3691 3699 3702 3695 3665 3639 3617 3597 3584 3592 3565 3568 3559 3545 3542 3539 3538 3535 3531 3535 3544 3548 3546 3541 3534 3530 3544 3513 3525 3509 3502 3501 3509 3519 3518 3536 3544 3551 3547 3561 3571 3576 3572 3560 3543
3009 2892 2875 2814 2741 2652 2561 2477 2438 2423 2407 2411 2423 2426 2434 2430 2407 2377 2389 2486 2600 2722 2842 2969 3098 3224 3357 3488 3603 3749 3966 4085 4033 3961 3882 3821 3791 3744 3691 3693 3692 3689 3680 3663 3642 3620 3602 3584 3575 3575 3569 3546 3550 3546 3540 3534 3525 3537 3545 3556 3554 3552 3545 3541 3543 3548 3541 3563 3519 3500 3502 3499 3499 3515 3523 3542 3539 3540 3557 3566 3571 3573 3563 3547
2865 2750 2646 2610 2556 2494 2425 2344 2301 2301 2308 2330 2314 2330 2329 2315 2291 2264 2274 2368 2487 2608 2735 2855 2976 3098 3224 3356 3496 3612 3771 3947 3956 3934 3897 3844 3797 3783 3735 3703 3681 3680 3674 3659 3643 3628 3612 3593 3562 3566 3564 3574 3556 3549 3545 3538 3533 3547 3564 3562 3545 3547 3544 3542 3545 3556 3555 3533 3518 3509 3504 3496 3488 3507 3512 3528 3535 3540 3549 3558 3566 3579 3565 3548
2739 2653 2532 2468 2416 2356 2286 2234 2201 2197 2185 2155 2208 2241 2243 2229 2187 2174 2191 2279 2400 2520 2644 2760 2878 2984 3096 3212 3347 3487 3612 3801 3856 3890 3910 3915 3862 3802 3752 3725 3696 3668 3656 3648 3637 3625 3617 3605 3573 3558 3560 3559 3558 3555 3555 3557 3558 3578 3570 3551 3549 3539 3539 3545 3548 3559 3545 3534 3519 3506 3507 3504 3490 3502 3517 3539 3528 3520 3535 3558 3577 3575 3570 3552
2580 2519 2414 2351 2301 2243 2172 2123 2106 2114 2082 2054 2163 2170 2170 2163 2138 2114 2122 2210 2321 2431 2542 2662 2767 2861 2958 3058 3178 3330 3460 3637 3740 3829 3901 3960 3899 3832 3780 3751 3710 3668 3649 3641 3634 3625 3617 3603 3585 3567 3562 3559 3556 3560 3568 3586 3616 3602 3567 3557 3561 3547 3550 3555 3555 3555 3535 3540 3531 3511 3512 3513 3518 3494 3523 3538 3524 3499 3524 3550 3584 3592 3578 3558
2479 2372 2278 2250 2226 2184 2126 2065 2018 2021 2026 2045 2075 2119 2139 2143 2129 2086 2071 2161 2277 2384 2483 2574 2666 2750 2838 2916 3008 3177 3289 3475 3637 3769 3874 3911 3861 3802 3779 3757 3725 3678 3649 3641 3635 3629 3618 3606 3584 3607 3591 3557 3557 3566 3571 3586 3615 3606 3568 3562 3561 3559 3572 3569 3568 3568 3542 3534 3526 3521 3512 3508 3532 3524 3529 3532 3522 3517 3522 3547 3569 3586 3580 3564
2361 2269 2187 2191 2189 2174 2138 2066 2003 1999 2024 2228 2040 2087 2143 2174 2175 2158 2098 2176 2283 2372 2451 2525 2596 2666 2738 2817 2921 3053 3227 3403 3558 3720 3864 3945 3913 3818 3774 3736 3717 3671 3650 3644 3643 3643 3638 3621 3618 3600 3577 3586 3585 3575 3569 3564 3580 3595 3577 3571 3560 3579 3575 3577 3587 3598 3570 3551 3563 3546 3516 3500 3528 3550 3539 3518 3495 3496 3510 3536 3551 3573 3574 3567
2212 2130 2084 2145 2183 2197 2193 2178 2165 2152 2134 2116 2082 2122 2175 2216 2251 2306 2306 2287 2337 2390 2443 2489 2537 2585 2646 2727 2841 2968 3147 3278 3465 3665 3861 4001 3942 3919 3860 3758 3704 3667 3652 3653 3655 3656 3663 3663 3605 3573 3593 3607 3604 3581 3570 3566 3584 3604 3604 3573 3571 3580 3568 3573 3584 3596 3575 3550 3567 3587 3530 3499 3514 3533 3528 3516 3507 3501 3507 3504 3531 3551 3560 3564
2131 2082 2100 2162 2219 2253 2276 2309 2335 2290 2289 2307 2237 2216 2228 2262 2305 2365 2399 2407 2409 2424 2444 2468 2490 2525 2570 2643 2772 2942 3125 3193 3375 3596 3819 3972 3960 3951 3911 3804 3741 3677 3662 3663 3665 3667 3672 3666 3591 3577 3602 3586 3567 3568 3568 3570 3577 3581 3578 3588 3583 3576 3574 3572 3576 3581 3566 3579 3561 3577 3552 3508 3509 3512 3501 3494 3526 3521 3519 3532 3536 3540 3550 3560
2112 2134 2166 2234 2287 2330 2368 2393 2397 2393 2401 2390 2335 2328 2337 2359 2383 2407 2444 2468 2466 2462 2455 2454 2453 2466 2492 2555 2688 2891 3112 3142 3290 3514 3741 3909 3955 3933 3876 3810 3766 3698 3676 3667 3673 3672 3668 3656 3608 3607 3593 3576 3564 3561 3563 3573 3561 3553 3575 3574 3551 3585 3582 3573 3566 3565 3561 3580 3578 3569 3544 3539 3515 3503 3511 3497 3505 3516 3514 3513 3526 3544 3552 3557
2184 2285 2334 2334 2366 2406 2442 2454 2418 2419 2471 2473 2415 2406 2422 2443 2451 2455 2489 2506 2524 2499 2474 2445 2430 2420 2423 2458 2579 2750 2992 3095 3213 3422 3646 3832 3935 3922 3841 3812 3769 3717 3694 3678 3673 3667 3656 3639 3628 3643 3608 3587 3567 3560 3553 3546 3558 3568 3571 3570 3554 3514 3567 3568 3542 3549 3564 3567 3563 3552 3549 3540 3520 3491 3481 3490 3506 3508 3511 3526 3533 3532 3545 3550
2341 2451 2427 2428 2438 2469 2511 2550 2506 2514 2551 2558 2456 2474 2506 2532 2543 2535 2591 2653 2575 2525 2480 2440 2400 2373 2360 2386 2495 2649 2895 3025 3138 3321 3544 3756 3934 3950 3836 3837 3788 3733 3707 3690 3675 3664 3652 3639 3641 3655 3635 3612 3583 3566 3548 3537 3552 3574 3571 3572 3571 3558 3568 3561 3562 3565 3568 3529 3536 3552 3542 3547 3532 3499 3478 3485 3490 3514 3539 3540 3540 3539 3536 3541
2478 2483 2488 2478 2474 2511 2565 2615 2631 2646 2624 2582 2553 2563 2596 2621 2658 2673 2650 2596 2572 2523 2469 2408 2366 2333 2319 2335 2443 2581 2779 2918 3033 3203 3391 3624 3843 3939 3851 3858 3807 3745 3715 3694 3681 3669 3665 3651 3637 3627 3667 3631 3603 3574 3553 3544 3545 3541 3558 3563 3558 3545 3548 3559 3579 3581 3574 3517 3527 3548 3552 3539 3530 3513 3502 3494 3499 3540 3547 3540 3534 3539 3540 3534
2530 2531 2520 2494 2484 2529 2596 2685 2785 2796 2709 2679 2704 2674 2673 2693 2742 2782 2696 2635 2586 2519 2450 2381 2324 2286 2286 2355 2416 2540 2681 2824 2965 3105 3274 3518 3753 3950 3897 3791 3761 3740 3722 3705 3688 3671 3660 3654 3638 3614 3622 3604 3593 3572 3550 3545 3553 3556 3552 3542 3543 3549 3560 3574 3594 3586 3576 3535 3533 3559 3548 3541 3535 3525 3504 3524 3521 3549 3548 3539 3542 3540 3533 3515
2577 2558 2520 2487 2480 2517 2589 2682 2806 2861 2779 2794 2884 2768 2727 2725 2751 2749 2705 2692 2613 2514 2427 2348 2283 2231 2208 2235 2357 2481 2615 2757 2902 3029 3204 3457 3778 4108 4013 3806 3753 3734 3717 3703 3687 3669 3652 3652 3642 3630 3580 3569 3563 3564 3565 3564 3573 3581 3544 3519 3530 3534 3545 3570 3572 3567 3565 3555 3531 3531 3526 3533 3534 3533 3533 3530 3539 3545 3511 3513 3524 3520 3506 3504
2647 2571 2502 2444 2447 2487 2547 2621 2686 2814 2794 2866 2936 2767 2724 2704 2709 2701 2653 2611 2556 2496 2422 2333 2249 2180 2140 2173 2295 2425 2556 2684 2816 2959 3129 3386 3666 3950 4019 3847 3753 3726 3708 3696 3682 3672 3656 3665 3659 3621 3574 3559 3561 3576 3609 3599 3585 3585 3563 3550 3537 3531 3539 3544 3529 3547 3558 3568 3534 3515 3522 3524 3535 3551 3532 3502 3543 3545 3505 3495 3486 3490 3501 3505
2695 2607 2513 2432 2422 2465 2530 2581 2659 2751 2818 2907 2922 2766 2721 2670 2601 2585 2595 2574 2542 2494 2417 2324 2224 2139 2093 2132 2253 2384 2514 2644 2788 2927 3104 3350 3604 3879 4077 3925 3772 3722 3711 3693 3680 3675 3677 3672 3658 3603 3568 3570 3557 3560 3589 3588 3575 3580 3585 3577 3564 3534 3549 3522 3517 3540 3561 3550 3528 3515 3524 3536 3532 3543 3525 3522 3515 3546 3532 3517 3493 3489 3489 3510
2698 2625 2529 2436 2397 2445 2519 2587 2624 2786 2875 2923 2906 2817 2752 2673 2587 2567 2584 2608 2586 2518 2425 2321 2212 2113 2058 2105 2228 2359 2492 2620 2786 2943 3118 3347 3601 3827 3997 3931 3773 3734 3705 3699 3680 3669 3668 3675 3680 3650 3588 3564 3561 3556 3550 3560 3560 3561 3557 3541 3524 3516 3536 3538 3520 3522 3529 3509 3513 3503 3523 3547 3500 3513 3521 3533 3518 3532 3535 3531 3536 3500 3491 3514
2641 2586 2510 2439 2392 2452 2539 2624 2722 2854 2949 2989 2978 2882 2804 2713 2643 2602 2608 2629 2632 2546 2432 2315 2201 2099 2048 2105 2232 2360 2492 2626 2794 2951 3128 3337 3582 3777 4005 3895 3800 3760 3737 3712 3681 3650 3640 3662 3664 3638 3605 3570 3566 3580 3566 3560 3566 3561 3557 3532 3527 3518 3519 3517 3511 3502 3507 3519 3518 3522 3509 3506 3496 3522 3515 3528 3511 3502 3519 3533 3517 3493 3476 3506
2583 2546 2484 2443 2425 2475 2559 2650 2737 2888 2995 3063 3082 2962 2863 2767 2658 2629 2625 2647 2666 2549 2426 2306 2190 2104 2060 2130 2239 2374 2513 2651 2830 2957 3117 3302 3534 3829 3994 3846 3813 3787 3750 3716 3684 3660 3654 3658 3660 3631 3596 3544 3553 3564 3536 3560 3581 3560 3559 3528 3520 3524 3543 3533 3512 3504 3498 3515 3523 3543 3518 3505 3498 3502 3530 3513 3505 3515 3527 3542 3544 3519 3482 3518
2592 2544 2479 2452 2454 2503 2570 2647 2747 2904 3007 3098 3183 3036 2932 2825 2757 2651 2613 2613 2623 2523 2404 2297 2195 2123 2105 2175 2273 2404 2543 2697 2885 3015 3143 3326 3596 3897 3968 3883 3870 3807 3761 3721 3685 3659 3654 3657 3654 3642 3623 3539 3548 3565 3574 3564 3542 3526 3540 3539 3531 3521 3542 3553 3529 3505 3499 3504 3516 3517 3520 3517 3502 3490 3502 3507 3518 3545 3552 3550 3552 3544 3536 3530
2616 2560 2490 2480 2497 2542 2589 2635 2711 2872 2975 3060 3132 3109 2962 2786 2672 2610 2576 2559 2554 2478 2388 2296 2206 2138 2133 2219 2332 2439 2569 2704 2857 2995 3172 3386 3680 3984 3990 3904 3844 3796 3750 3711 3678 3657 3656 3655 3645 3635 3610 3568 3559 3573 3587 3581 3572 3556 3532 3540 3542 3529 3526 3563 3526 3504 3499 3495 3516 3533 3516 3498 3518 3511 3526 3544 3540 3561 3561 3561 3554 3550 3543 3541
2640 2590 2529 2523 2562 2581 2604 2637 2692 2798 2890 2951 2986 2978 2839 2666 2550 2538 2527 2513 2484 2445 2388 2302 2216 2148 2138 2231 2345 2463 2596 2735 2900 3057 3222 3466 3755 4058 4032 3888 3832 3777 3737 3703 3671 3644 3652 3652 3647 3620 3583 3567 3576 3598 3602 3596 3588 3560 3521 3523 3528 3526 3541 3513 3518 3504 3497 3514 3522 3529 3528 3523 3525 3532 3535 3510 3532 3562 3547 3552 3551 3548 3537 3536
2614 2598 2551 2534 2548 2583 2602 2613 2660 2734 2778 2806 2822 2803 2702 2570 2491 2498 2508 2529 2526 2490 2410 2317 2236 2174 2166 2223 2336 2485 2628 2769 2924 3076 3278 3466 3732 3957 3986 3911 3814 3754 3723 3701 3677 3658 3654 3647 3633 3614 3598 3589 3580 3592 3601 3599 3577 3558 3525 3524 3542 3556 3562 3531 3506 3501 3499 3519 3519 3512 3501 3506 3507 3531 3543 3514 3536 3540 3535 3545 3544 3545 3545 3553
2588 2608 2560 2528 2529 2573 2585 2588 2625 2668 2677 2678 2678 2665 2625 2549 2502 2497 2510 2526 2567 2538 2445 2345 2262 2211 2225 2267 2383 2536 2680 2816 2941 3152 3365 3584 3769 3937 4118 3904 3782 3731 3717 3702 3692 3686 3668 3650 3633 3618 3608 3609 3582 3589 3595 3591 3590 3559 3537 3530 3532 3543 3555 3535 3515 3505 3495 3507 3511 3502 3504 3511 3526 3498 3524 3527 3543 3565 3528 3516 3525 3541 3544 3547
2559 2612 2587 2537 2527 2537 2568 2587 2608 2641 2608 2575 2562 2537 2521 2529 2508 2496 2507 2547 2570 2552 2461 2369 2286 2235 2276 2395 2497 2622 2761 2890 3029 3239 3441 3668 3863 4015 4206 3992 3809 3754 3729 3711 3699 3692 3679 3655 3637 3621 3611 3599 3574 3550 3556 3566 3578 3589 3563 3546 3533 3550 3564 3566 3515 3502 3499 3514 3520 3511 3495 3513 3505 3504 3512 3516 3524 3524 3523 3525 3526 3514 3540 3540
2531 2585 2602 2560 2534 2531 2548 2564 2585 2585 2538 2494 2481 2474 2452 2430 2459 2482 2501 2545 2563 2554 2475 2394 2318 2271 2335 2470 2592 2725 2857 2985 3119 3344 3528 3743 4007 4210 4280 4057 3872 3816 3739 3714 3702 3695 3691 3684 3653 3623 3590 3588 3571 3545 3553 3556 3576 3597 3573 3553 3555 3555 3572 3571 3569 3563 3554 3563 3563 3553 3546 3536 3535 3496 3505 3515 3514 3517 3502 3517 3520 3518 3528 3549
2512 2568 2607 2568 2525 2497 2522 2536 2559 2577 2469 2424 2425 2425 2407 2420 2441 2465 2491 2514 2537 2530 2482 2421 2373 2358 2432 2543 2700 2851 2990 3118 3243 3455 3635 3873 4161 4327 4268 4036 3847 3740 3709 3708 3725 3720 3707 3689 3665 3633 3603 3585 3582 3570 3565 3569 3572 3574 3571 3568 3553 3563 3563 3563 3586 3634 3643 3632 3626 3613 3571 3519 3544 3499 3511 3522 3522 3523 3521 3521 3525 3544 3543 3541
2486 2583 2617 2562 2524 2505 2518 2521 2506 2468 2386 2371 2388 2410 2413 2422 2431 2446 2460 2482 2500 2538 2476 2447 2442 2468 2572 2707 2846 2993 3144 3285 3399 3580 3750 3987 4275 4344 4163 4006 3889 3716 3672 3694 3725 3723 3711 3704 3672 3644 3621 3610 3607 3589 3579 3573 3576 3571 3560 3541 3528 3531 3538 3579 3629 3667 3697 3710 3723 3684 3641 3540 3528 3542 3543 3556 3549 3539 3555 3537 3527 3540 3545 3537
2443 2493 2554 2550 2525 2500 2492 2479 2444 2380 2332 2330 2355 2386 2403 2413 2419 2425 2428 2439 2441 2429 2434 2465 2521 2599 2714 2849 2978 3127 3289 3459 3611 3658 3846 4068 4277 4289 4158 3987 3830 3656 3642 3673 3719 3709 3695 3670 3664 3646 3633 3629 3625 3581 3556 3584 3588 3574 3553 3522 3528 3547 3581 3614 3649 3682 3704 3737 3758 3719 3663 3548 3517 3556 3534 3510 3520 3503 3529 3511 3491 3535 3551 3562
2423 2433 2494 2525 2513 2491 2468 2447 2406 2362 2337 2316 2331 2346 2376 2396 2411 2419 2420 2416 2410 2397 2428 2482 2571 2696 2804 2936 3078 3230 3399 3576 3701 3730 3994 4152 4248 4203 4090 3965 3754 3646 3637 3659 3681 3689 3692 3680 3660 3638 3623 3618 3558 3561 3565 3564 3564 3565 3555 3553 3557 3576 3620 3679 3689 3662 3691 3726 3736 3719 3677 3596 3503 3496 3503 3497 3519 3495 3480 3498 3556 3566 3596 3608
2447 2407 2436 2477 2470 2443 2428 2418 2401 2366 2331 2318 2329 2343 2373 2393 2406 2421 2428 2429 2423 2429 2460 2507 2589 2705 2851 3002 3150 3311 3475 3637 3755 3834 4102 4244 4322 4231 4035 3878 3737 3655 3643 3655 3675 3674 3684 3681 3650 3626 3603 3587 3604 3581 3564 3546 3554 3557 3560 3565 3575 3600 3662 3699 3716 3677 3688 3716 3725 3707 3662 3604 3522 3518 3525 3527 3528 3503 3487 3505 3570 3596 3622 3619
2515 2445 2422 2430 2422 2402 2388 2392 2396 2370 2329 2332 2348 2361 2378 2393 2411 2433 2454 2470 2472 2468 2497 2556 2638 2744 2857 3027 3208 3385 3545 3681 3795 3937 4226 4258 4290 4144 3913 3749 3659 3649 3641 3645 3658 3651 3644 3639 3628 3609 3590 3572 3571 3586 3573 3552 3549 3561 3570 3575 3576 3615 3701 3701 3720 3661 3689 3714 3724 3698 3655 3619 3518 3513 3525 3523 3528 3516 3520 3536 3559 3605 3636 3611
2620 2552 2487 2442 2416 2383 2370 2385 2387 2380 2366 2377 2391 2392 2387 2384 2424 2481 2530 2547 2568 2568 2586 2659 2717 2812 2922 3097 3288 3468 3627 3754 3875 4040 4144 4154 4115 3996 3811 3696 3648 3638 3634 3636 3638 3636 3622 3615 3610 3598 3584 3582 3588 3586 3595 3585 3572 3577 3586 3596 3593 3634 3695 3674 3701 3719 3703 3714 3727 3690 3616 3549 3503 3492 3502 3517 3512 3518 3539 3550 3576 3608 3652 3606
2746 2678 2606 2528 2466 2445 2422 2422 2426 2428 2419 2437 2451 2435 2407 2392 2473 2563 2632 2689 2711 2771 2837 2836 2873 2957 3040 3216 3388 3559 3724 3873 3955 3981 4004 4007 3969 3908 3766 3674 3638 3628 3627 3645 3645 3634 3622 3611 3601 3592 3580 3567 3565 3578 3593 3595 3600 3594 3594 3606 3611 3623 3643 3717 3678 3677 3698 3698 3694 3652 3581 3495 3481 3490 3513 3531 3543 3530 3531 3560 3579 3623 3627 3603
2888 2807 2725 2660 2628 2584 2549 2518 2522 2525 2517 2535 2543 2511 2476 2489 2582 2681 2768 2843 2902 2959 3011 3022 3088 3149 3274 3364 3507 3664 3825 3958 3997 3956 3944 3840 3805 3752 3709 3654 3624 3626 3644 3656 3653 3633 3618 3605 3596 3588 3578 3567 3571 3577 3592 3587 3606 3597 3593 3599 3626 3636 3631 3675 3661 3687 3677 3655 3627 3590 3559 3526 3483 3486 3516 3537 3542 3535 3550 3572 3573 3587 3583 3574
3051 2955 2859 2790 2800 2761 2694 2683 2687 2668 2650 2643 2645 2631 2630 2648 2736 2833 2923 3013 3078 3116 3134 3161 3223 3269 3366 3498 3632 3769 3901 4037 3995 3940 3852 3764 3718 3708 3692 3669 3648 3633 3629 3665 3655 3631 3607 3602 3594 3587 3579 3577 3559 3581 3595 3602 3597 3588 3577 3568 3575 3622 3588 3633 3673 3649 3633 3608 3576 3544 3505 3491 3488 3483 3506 3530 3543 3530 3547 3558 3557 3566 3571 3557
3251 3140 3029 2972 2992 2990 2930 2906 2875 2842 2781 2734 2747 2772 2793 2817 2909 3018 3114 3198 3252 3277 3297 3296 3329 3400 3496 3630 3743 3845 3930 3954 3930 3837 3802 3751 3708 3705 3697 3690 3677 3660 3657 3670 3652 3630 3606 3605 3598 3590 3580 3569 3567 3541 3554 3559 3574 3572 3562 3548 3531 3575 3585 3603 3607 3604 3588 3567 3533 3501 3532 3526 3503 3496 3499 3513 3529 3526 3518 3503 3541 3586 3572 3555
