real_craters/C178-1000m.grd
DSAA
83 83
-40.91 40.91
-40.91 40.91
3713.0395311563 5655.7079725122
[rows 0 to 29 of 83, columns 0 to 66 of 83]
4980.5 4999.88 5020.09 5098.9 5174.91 5181.12 5142.84 5128.44 5147.34 5171.75 5184.88 5172.25 5160.23 5140.41 5119.13 5099.37 5083.33 5075.58 5105.22 5114.96 5117.39 5111.73 5107.06 5087.21 5107.41 5124.78 5139.83 5158.02 5174.5 5171.57 5174.72 5184.3 5191.09 5181.06 5193.36 5200.75 5180.56 5131.82 5126.64 5130.87 5129.13 5128.56 5141.07 5125.75 5145.73 5154.68 5162.25 5165.57 5175.36 5163.03 5146.64 5153.44 5136.44 5137.42 5136.48 5151.62 5151.16 5158.89 5170.41 5166.33 5193.01 5230.29 5224.98 5216.8 5210.41 5175.43 5164.04
4956.9 4984.35 5000.43 5028.84 5122.6 5166.41 5149.09 5130.25 5144.2 5173.2 5185.39 5190.79 5174.99 5143.71 5122.05 5108.34 5097.48 5094.07 5112.91 5130.09 5142.85 5132.13 5109.86 5109.23 5114.03 5125.52 5138.52 5150.97 5159.42 5162.48 5160.1 5164.65 5165.89 5158.55 5175.82 5189.61 5174.32 5141.94 5127.87 5128.71 5131.18 5133.28 5128.81 5119.6 5139.66 5149.19 5155.73 5167.07 5180.96 5189.89 5165.11 5159.4 5144.72 5137.2 5146.08 5161.18 5155.2 5168.88 5176.94 5176.9 5212.25 5220.08 5213.68 5210.02 5198.62 5181.13 5186.33
4940.32 4973.32 4991.71 5023.69 5133.52 5194.48 5147.77 5141.64 5151.86 5188.69 5215.79 5210.14 5183.82 5139.1 5129.26 5121.76 5118.08 5121.35 5129.16 5149.01 5167.39 5150.13 5121.58 5116.37 5119.58 5126.85 5136.75 5143.77 5147.2 5152.92 5164.61 5157.97 5144.03 5130.27 5149.28 5154.94 5157.59 5154.87 5130.05 5128.52 5139.65 5140.83 5138.82 5125 5147.64 5156.45 5163.66 5174.05 5178.47 5175.4 5163.96 5159.55 5127.13 5152.16 5160.93 5159.94 5158.13 5169.09 5178.03 5185.43 5209.84 5203.59 5205.32 5202.91 5190.07 5195.7 5209.44
4939.92 4967.31 4989.02 5040.9 5168.26 5204.12 5158.25 5146.47 5165.93 5193.3 5224.83 5218.6 5183.96 5148.17 5138.62 5132.81 5131.23 5137.84 5140.88 5148.39 5162.53 5159.05 5143.54 5125.17 5126.4 5132.07 5139.17 5140.56 5136.27 5144.54 5149.26 5149.53 5146.29 5139.06 5115.69 5120.51 5120.73 5139.65 5154.87 5155 5155.32 5134.5 5126.11 5126.17 5138.08 5150.12 5160.94 5185.39 5186.35 5171.25 5159.04 5150.21 5128.82 5165.7 5174.02 5162.3 5153.59 5156.54 5175.25 5195.2 5204.35 5201.03 5203.11 5216.82 5235.12 5250.26 5257.05
4954.97 4973.75 5004.15 5079.45 5235.4 5250.61 5183.91 5157.04 5169.45 5187.36 5208.11 5226.65 5240.42 5189.91 5163.26 5152.14 5143.69 5132.65 5128.37 5132.65 5146.25 5148.12 5137.11 5128.45 5132.36 5139.94 5143.23 5145.68 5154.08 5151.87 5145.2 5147.07 5161.79 5169.1 5134.65 5122.94 5122.37 5158.5 5192.57 5192.01 5177.37 5150.38 5132.98 5131.2 5125.96 5147.48 5163.8 5172.62 5183.25 5181.42 5179.61 5171.71 5159.18 5163.56 5176.24 5181.36 5182.47 5177.36 5177.52 5198.72 5203.73 5218.1 5236.69 5260.88 5284.23 5297.27 5286.87
4965.72 4982.19 5015.74 5135.17 5329.02 5308.32 5202.82 5156.27 5156.38 5172.24 5196.36 5221.99 5236.89 5209.34 5182.91 5167.61 5155.59 5144.34 5133.37 5140.96 5142.44 5139.78 5133.6 5143.02 5141.56 5141.26 5142.5 5145.02 5148.86 5152.2 5160.19 5160.36 5177.18 5177.15 5169.21 5145.6 5136.66 5165.55 5196.82 5191.4 5184.8 5174.83 5138.47 5125.78 5130.99 5146.14 5166.34 5173.81 5184.51 5204.57 5233.88 5211.03 5193.17 5164.03 5185.12 5239.98 5230.92 5218.46 5219.38 5205.88 5223.83 5245.62 5271.41 5280.66 5286.18 5284.76 5264.87
4961.39 4988 5059.85 5227.63 5354.7 5297.07 5198.36 5154.49 5153.55 5172.97 5186.83 5201.28 5236.15 5234.65 5197.04 5181.35 5170.55 5167.68 5149.82 5150.72 5163.72 5158.85 5135.8 5135.92 5144.51 5144.51 5142.79 5141.83 5139.72 5142.11 5150.37 5151.63 5157.13 5160.74 5168.97 5168.81 5174.73 5199.5 5218.75 5207.75 5213.72 5187.67 5162.21 5128.88 5132.37 5147.16 5160.3 5177.16 5200.09 5221.29 5246.72 5235.13 5199.35 5171.33 5195.85 5221.11 5228.56 5211.99 5200.58 5201.63 5225.34 5302.85 5285.47 5257.49 5270.16 5274.91 5251.32
4976.69 5000.35 5183.3 5327.02 5312.71 5253.75 5187.78 5160.14 5166.82 5177.84 5186.05 5186.1 5205.43 5205.01 5193.85 5182.99 5175.97 5172.23 5172.02 5162.9 5163.55 5152.34 5136.81 5150.52 5148.02 5147.38 5148.01 5145.16 5139.34 5130.29 5130.23 5129.91 5134.76 5140.87 5160.35 5180.76 5206.66 5191.35 5222.68 5219.67 5185.41 5201.74 5166.95 5135.86 5126.55 5139.01 5157.01 5173.72 5199.76 5220.95 5233.54 5235.78 5242.31 5204.28 5191.28 5198.83 5202.79 5192.16 5182.14 5183.91 5218.63 5273.62 5243.98 5236.18 5256.13 5260.91 5227.68
5015.81 5104.73 5312.05 5298.97 5258.88 5220.99 5179.87 5169.15 5178.27 5187.01 5188.56 5192.22 5194.07 5184.38 5184.57 5177.93 5171.94 5172.61 5172.99 5169.78 5151.92 5141.73 5122.24 5130.78 5138.65 5145.29 5151.02 5154.66 5154.14 5144.34 5131.48 5123.67 5124 5133.62 5150.54 5178.41 5203.84 5213.24 5229.63 5208.96 5185.07 5176.69 5162.93 5136.64 5127.72 5125.94 5147.94 5164.84 5173.36 5193.74 5206.72 5226.88 5259.94 5214.85 5188.68 5180.73 5178.48 5187.32 5179.5 5168.52 5193.94 5209.5 5208.72 5218.32 5250.46 5276.5 5242.63
5098.63 5267.59 5328.12 5250.49 5226.23 5206.5 5183.07 5180.95 5192.02 5206.66 5197.24 5202.53 5202.19 5190.53 5172.22 5169.07 5163.25 5151.97 5150.84 5142.76 5133.06 5121.07 5123.44 5125.2 5133.24 5144.32 5155.4 5164.56 5174.84 5189.48 5142.09 5127.97 5131.18 5130.12 5143.69 5167.84 5185.71 5182.69 5182.23 5200.74 5198.59 5186.36 5154.97 5139.78 5130.28 5124.94 5138.4 5153.58 5152.57 5160.7 5183.3 5200.4 5214.96 5194.09 5185 5189.05 5192.67 5211.23 5203.66 5173.08 5193.79 5195.89 5187.5 5208.65 5242.99 5274.14 5243.34
5276.5 5401.89 5306.14 5220.5 5196.13 5203.09 5190.84 5192.25 5199.86 5204.12 5204.99 5203.17 5204.54 5193.26 5172.14 5166.03 5158.77 5145.37 5123.35 5128.08 5127.71 5123.78 5123.74 5126.93 5133.16 5145.92 5158.31 5170.53 5180.06 5180.24 5148.05 5128.15 5132.12 5122.97 5149.32 5158.38 5162.1 5159.99 5156.66 5166.7 5176.85 5180.21 5169.86 5162.77 5136.4 5126.81 5130.17 5136.38 5138.91 5151.54 5168.88 5179.47 5192.92 5187.57 5185.79 5192.67 5205.71 5221.81 5221.22 5184.07 5185.58 5172.74 5175.92 5199.35 5223.06 5232.24 5228.54
5293.35 5301.74 5241.33 5193.06 5187.62 5213.61 5207.39 5200.99 5201.51 5207.51 5215.7 5204.62 5212.58 5208.55 5184.13 5163.68 5154.31 5141.05 5117.32 5120.69 5127.66 5140.78 5140.04 5137.44 5141.22 5153.37 5164.09 5171.96 5175.54 5168.12 5146.77 5135.66 5146.93 5128.85 5146.8 5154.86 5153.64 5152.41 5160.89 5163.58 5171.4 5178.67 5170.14 5158.11 5134.07 5136.7 5136.95 5139.49 5144.21 5156.12 5165.61 5179.98 5196.65 5180.49 5185.76 5194.69 5193.4 5196.23 5206.66 5182.87 5181.1 5170.75 5175.04 5194.2 5208.33 5211.25 5221.98
5223.14 5222.69 5200.21 5175.5 5189.2 5204.44 5210.56 5202.92 5192.78 5191.24 5202.13 5202.2 5203.84 5210.16 5178.64 5150.75 5140.26 5127.1 5116.56 5114.34 5124.11 5139.44 5150.55 5155.32 5158.44 5161.81 5164.71 5168.98 5172.19 5165.5 5146.44 5139.58 5130.28 5133.94 5152.27 5161.76 5166.87 5174.79 5170.58 5163.33 5161.48 5172.06 5164.23 5156.62 5145.38 5146.79 5152.72 5171.3 5158.59 5160.53 5171.02 5185.2 5195.08 5190.47 5198.22 5203.08 5195.59 5185.42 5196.64 5190.64 5190.05 5187.42 5177.57 5191.82 5201.01 5212.7 5227.83
5183.56 5194.63 5181.7 5169.7 5170.73 5183.38 5205.91 5202.06 5192.38 5182.06 5193.63 5202.14 5185.29 5166.7 5141.12 5132.73 5124.96 5119.53 5125.93 5120.4 5131.52 5147.27 5162.9 5169.11 5175.82 5165.9 5163.49 5164.69 5166.06 5169.44 5144.44 5130.31 5138.85 5150.32 5170.59 5174.24 5182.87 5196.1 5190.7 5178.22 5164.75 5170.46 5173.04 5177.83 5161.91 5166.05 5162.96 5162.38 5168.92 5170.41 5183.97 5209.41 5216.02 5210.73 5203 5212.18 5207.3 5189.2 5187.77 5187.89 5191.4 5192.78 5196.53 5202.08 5203.04 5218.78 5235.44
5164.28 5177.16 5179.06 5179.87 5181.71 5196.27 5206.89 5201.34 5193.57 5179.2 5177.1 5171.32 5148.95 5134.66 5126.66 5121.43 5122.13 5130.34 5136.89 5126.97 5135.68 5150.59 5167.22 5165.09 5161.43 5159.32 5157.03 5156.65 5155.01 5153.02 5154.63 5144.12 5148.08 5156.49 5160.62 5176.21 5188.42 5195.69 5195.97 5200.77 5184.12 5179.85 5189.69 5201.29 5169.86 5158.43 5167.7 5174.44 5175.65 5188.06 5191.33 5212.01 5225.72 5221.02 5215.89 5219.55 5204.29 5195.61 5199.44 5192.76 5197.23 5198.83 5200.32 5207.19 5218.24 5226.05 5237.97
5170.23 5177.99 5185.84 5191.25 5208.98 5216.17 5206.13 5196.56 5189.22 5168.56 5153.13 5140.93 5122.45 5118.75 5110.6 5112.77 5119.51 5132.11 5140.39 5128.29 5125.97 5135.53 5147.72 5151.19 5143.57 5147.93 5149.4 5149.05 5152.04 5149.32 5150.62 5150.8 5149.95 5160.91 5176.05 5188.03 5192.4 5198.47 5205.91 5217.05 5211.29 5202.55 5189.87 5198.86 5180.31 5162.66 5178.71 5188.23 5181.16 5202.93 5213.17 5212.48 5225.46 5222.64 5228.6 5218.56 5211.65 5202.59 5214.31 5208.62 5200.73 5203.49 5210.14 5215.37 5219.89 5231 5244.81
5180.48 5180.23 5180.46 5201.32 5224.11 5201.31 5193.43 5184.25 5166.92 5147.3 5130.41 5131.18 5129.31 5125.38 5111.6 5108.94 5112.1 5120.32 5131.93 5128.35 5127.92 5126.02 5136.23 5141.64 5143.12 5141.38 5142.14 5144.44 5147.39 5140.41 5132.38 5140.25 5154.01 5172.03 5195.65 5203.06 5198 5201.96 5217.63 5212.95 5207.26 5193.24 5188.47 5184.51 5171.6 5179.37 5196.53 5208.08 5222.25 5223.86 5235.37 5215.53 5217.17 5227.27 5210.46 5217.07 5221.64 5213.17 5221.45 5227.86 5217.29 5214.96 5209.28 5207.84 5215.39 5226.65 5247.38
5191.89 5186.56 5171.17 5174.49 5195.3 5199.65 5184.06 5173.59 5157.51 5137.69 5125.84 5127.78 5134.92 5128.03 5122.91 5110.88 5109.03 5100.2 5106.83 5117.3 5113.87 5126.09 5137.78 5134.63 5129.02 5128.97 5135.66 5141.35 5147.14 5137.07 5127.92 5142.11 5155.07 5175.84 5195.77 5203.08 5200.79 5205.42 5219.89 5213.24 5208.02 5241.64 5207.52 5184.52 5181.89 5199.63 5208.44 5217.66 5224.09 5212.39 5220.18 5220.7 5228.36 5236.74 5223.76 5212.35 5222.1 5212.2 5226.72 5239.05 5249.92 5230.95 5213.44 5206.71 5203 5219.55 5230.71
5224.59 5202.15 5162.24 5142.99 5149.06 5158.51 5163.97 5162.02 5157.58 5135.3 5125.1 5124.62 5121.56 5118.69 5122.3 5110.67 5114.47 5094.35 5092.78 5107.04 5107.32 5121.48 5128.76 5131.43 5123.33 5122.69 5132.14 5142.3 5154.53 5142.82 5132.69 5144.52 5160.95 5181.1 5198.68 5206.89 5202.19 5204.82 5212.49 5231.79 5216.13 5212.26 5213.01 5208.81 5218.85 5224.53 5227.99 5217.15 5212.52 5220.8 5233.15 5244.39 5240.15 5236.65 5230.91 5206.16 5236.21 5219.55 5230.15 5246.9 5253.19 5238.97 5226.4 5220.92 5228.04 5233.22 5236.86
5199.09 5173.27 5144.5 5128.26 5117.16 5136.31 5142.47 5142.93 5139.65 5130.05 5123.26 5122.81 5131.11 5137.58 5131.51 5124.39 5117.73 5103.64 5099.52 5105.87 5099.83 5111.67 5132.39 5131.88 5125.66 5125.35 5134.19 5143.07 5153.06 5150.82 5153.55 5161.57 5170.5 5188.65 5202.26 5207.8 5198.05 5197.73 5204.42 5214.43 5215.52 5208.74 5192.52 5207.97 5223.31 5222.61 5232.97 5217.06 5212.37 5213.91 5216.32 5221.44 5247.83 5234.83 5230.65 5216.52 5228.02 5237.55 5242.87 5246.05 5246.71 5233.21 5222.05 5218.44 5222.79 5225.51 5235.56
5148.21 5132.01 5121.26 5112.66 5121.76 5121.82 5126 5122.2 5121.64 5127.34 5119.94 5120.24 5129.47 5142.87 5137.59 5138.71 5140.89 5132.09 5118.64 5110.92 5115.06 5121.23 5126.57 5130.66 5133.78 5134.2 5141.29 5143.15 5141.49 5152.11 5164.33 5181.48 5193.56 5201.02 5204.35 5198.59 5186.08 5191.14 5187.84 5211.53 5218.3 5215.26 5219.06 5219.23 5232.03 5240.66 5230.11 5216.89 5203.04 5208.46 5225.46 5232.31 5242.35 5248.91 5236.61 5237.51 5234.92 5232.09 5246.74 5230.6 5233.84 5225.55 5218.27 5211.17 5204.46 5206.1 5214.69
5141.53 5121.01 5105.53 5100.71 5116.78 5123.91 5118.28 5110.23 5110.02 5118.24 5117.59 5117.51 5126.83 5127.2 5129.22 5133.37 5140.01 5140.91 5131.88 5125.62 5133.13 5144.7 5141.41 5139.99 5150.13 5157.85 5153.17 5148.3 5145.83 5156.61 5176.45 5207.85 5216.29 5217.02 5214.45 5206.11 5209.12 5215.37 5221.73 5207.36 5238.93 5274.76 5278.73 5262.15 5281.35 5275.72 5256.52 5244.56 5222.82 5221.63 5229.73 5240.44 5221.03 5231.42 5214.41 5227.85 5243.61 5249.99 5235.3 5208.13 5219.04 5218.51 5215 5212.13 5201.99 5201.95 5210.38
5145.58 5123.08 5106.72 5103.09 5118.4 5118.91 5113.22 5110.79 5111.78 5113.34 5116.48 5116.7 5118.07 5115.14 5128.63 5133.51 5128.31 5127.66 5137.95 5155.17 5173.51 5183.4 5173.66 5168.66 5168.36 5165.05 5161.52 5157.16 5154.23 5155.25 5186.45 5220.86 5229.09 5233.26 5237.46 5238.58 5236.29 5243.81 5236.29 5231.95 5256.65 5276.9 5274.5 5277 5299.79 5285.3 5267.15 5276.89 5255.5 5244.45 5237.26 5245.95 5261.22 5234.25 5227.35 5224.96 5252.33 5242.08 5234.49 5210.63 5212.7 5209.16 5206.95 5209.24 5213.49 5219.02 5232.02
5134.15 5122.44 5114.89 5118.15 5124.59 5111.44 5104.44 5103.64 5110.61 5121.86 5122.09 5119.74 5121.87 5118.05 5130.5 5135.76 5123.98 5118.91 5138.15 5163.31 5191.78 5207.1 5200.72 5197.41 5183.12 5171.4 5167.25 5165.8 5163.44 5158.4 5184.66 5214.84 5233.67 5253.44 5268.4 5276.32 5279.32 5284.21 5271.49 5262.58 5264.37 5275.34 5279.22 5276.25 5264.16 5282.97 5271.5 5274.22 5277.27 5259 5252.48 5261.74 5282.8 5278.87 5264.92 5228.86 5231.47 5220.28 5208.59 5199.57 5197.76 5199.18 5199.72 5200.83 5221.06 5225.79 5246.17
5125.53 5122.16 5115.58 5116.14 5123.52 5104.15 5097.65 5093.45 5105.54 5120.08 5126.88 5132.27 5132.31 5136.59 5131.39 5140.3 5135.45 5123.88 5139.8 5154.61 5173.5 5202.45 5202.12 5197.46 5186.33 5179.26 5176.02 5177.52 5173.38 5172.28 5198.91 5219.61 5252.66 5292.28 5315.12 5328.08 5336.36 5352.07 5352.02 5334.88 5323.12 5324.64 5330.28 5324.53 5315.76 5299.78 5285.17 5268.72 5277.36 5266.75 5273.46 5290.7 5272.66 5297.63 5273.35 5232.45 5223.62 5210.92 5200.54 5194.84 5191.9 5198.29 5199 5198.67 5204.99 5217.89 5245.21
5126.07 5125.35 5123.48 5120.95 5117.81 5105.87 5103.79 5100.91 5107.29 5119.89 5126.91 5125.58 5132.39 5131.95 5127.19 5132.07 5144.92 5145.14 5149.13 5156.19 5163.07 5190.7 5193.25 5184.56 5184.17 5180.32 5185.14 5199.41 5198.47 5198.57 5222.21 5254.59 5295.46 5349.12 5396.4 5424.22 5442.07 5462.02 5478.87 5466.56 5423.95 5428.71 5444.98 5439.57 5420.31 5385.3 5364.36 5353.45 5334.08 5295.32 5270.88 5269.07 5263.45 5260.91 5249.13 5259.14 5248.2 5226.27 5210.95 5209.55 5211.06 5206.55 5201.45 5199.87 5195.88 5200.6 5220
5129.33 5129.83 5130.48 5123.87 5122.21 5120.42 5115.06 5116.82 5113.98 5123.27 5130.67 5140.6 5136.1 5124.33 5122.73 5121.74 5143.02 5160.56 5157.18 5165 5177.88 5188.16 5189.81 5191.36 5191.1 5192.39 5202.9 5221.99 5223.26 5224.66 5264.58 5301.38 5360.29 5426.58 5503.25 5574.56 5610.73 5587.77 5568.42 5589.12 5506.05 5508.91 5562.28 5622.05 5569.18 5498.86 5484.97 5451.61 5414.64 5355.86 5306.37 5275.03 5259.83 5259.04 5257.66 5266.22 5261.98 5249.13 5220.21 5212.86 5212.8 5204.44 5200.18 5198.45 5193.66 5188.97 5198.61
5126.67 5125.97 5121.61 5108.7 5110.3 5114.38 5114.95 5113.32 5116.2 5121.94 5128.82 5133.83 5132.57 5131.07 5130.79 5128.59 5148.23 5159.77 5155.35 5164.36 5181.78 5177.68 5189.74 5195.36 5196.49 5195.9 5205.59 5232.16 5247.13 5277.33 5326.45 5368.02 5422.93 5475.54 5542.67 5655.71 5583.04 5422.82 5379.45 5347.13 5288.53 5263.17 5331.59 5450.24 5520.61 5611.37 5561.79 5552.93 5506.28 5443.34 5373.67 5319.23 5277.53 5256.46 5247.63 5264.73 5243.87 5229.48 5229.51 5218.56 5205.9 5195.49 5196.3 5194.97 5201.41 5200.11 5202.61
5120.78 5120.19 5105.26 5089.67 5086.71 5097.48 5107.41 5111.01 5111.26 5116.68 5122.05 5124.24 5126.04 5126.12 5118.88 5118.6 5129.89 5149.12 5155.5 5169.38 5189.33 5198.97 5197.14 5198.17 5199.3 5201.68 5213 5246.48 5275.3 5315.03 5382.38 5448.48 5487.68 5476.92 5455.65 5425.39 5294.72 5207.07 5163.35 5135.03 5100.36 5097.09 5100.89 5138.77 5243.66 5258.16 5404.39 5581.01 5552.99 5550.91 5465.36 5390.39 5339.41 5300.59 5284.29 5249.83 5229.26 5205.44 5226.17 5229.26 5213.08 5202.34 5198.74 5197.89 5204.97 5219.61 5219.94
5127.47 5125.9 5115.98 5101.16 5090.35 5085.53 5092.72 5100.41 5099.59 5111.14 5116.42 5118.35 5120.77 5127.5 5125.43 5129.3 5134.79 5154.52 5167.37 5186.96 5200.71 5206.2 5203.89 5198 5199.17 5209.8 5229.34 5276.1 5321.82 5365.49 5430.89 5517.15 5543.63 5430.45 5305.89 5171.77 5068.68 4988.12 4926.11 4892.82 4883.28 4909.42 4950.76 4961.53 5012.13 5042.3 5102.62 5301.42 5434.9 5578.05 5548.46 5481.86 5409.57 5358.96 5303.09 5264.73 5237.98 5226.88 5226.51 5218.92 5205.84 5200.2 5201.75 5208.2 5215.29 5217.03 5207.88
