real_craters/C178-500m.grd
DSAA
287 287
-71.5925 71.5925
-71.5925 71.5925
3835.5301567137 5842.7713612084
[rows 120 to 149 of 287, columns 0 to 66 of 287]
4683.81 4684.86 4686.29 4689.77 4691.79 4681.61 4692.24 4722.3 4750.11 4773.21 4778.47 4771.43 4789.09 4815.09 4799.18 4814.27 4840.38 4867.1 4881.24 4888.01 4896.24 4907.99 4912.39 4905.9 4906.11 4911.49 4923.77 4934.48 4936.8 4930.2 4915.71 4898.27 4882.33 4886.92 4896.06 4903.05 4910.31 4900.65 4887.54 4916.55 4908.47 4900.14 4892.83 4884.67 4876.73 4869.85 4864.86 4868.31 4871.12 4874.72 4876.11 4874.38 4874.65 4876.78 4877.22 4865.19 4877.85 4880.32 4880.27 4879.5 4879.4 4879.59 4879.38 4878.67 4878.37 4877.96 4878.98
4690.28 4685.51 4681.12 4692.73 4703.44 4707.1 4711.52 4731.72 4753.83 4776.82 4785.69 4766.86 4772.05 4781.95 4792.86 4817.66 4835.45 4858.69 4870.73 4879.69 4877.39 4882.2 4884.6 4881.17 4881.24 4886.85 4904.57 4924.39 4932.3 4922.48 4909.8 4900.78 4901.44 4911.04 4906.39 4911.6 4916.95 4913 4901.45 4883.83 4898.27 4901.18 4895.87 4887.36 4876.82 4869.45 4879.64 4886.57 4883.49 4881.93 4879.94 4877.51 4876.01 4874.81 4876.64 4875.46 4878.13 4880.2 4880.67 4880.64 4880.58 4880.86 4882.41 4881.19 4878.07 4875.81 4874.94
4703.45 4695.52 4692.14 4705.09 4715.69 4724.5 4732.43 4738.4 4750.29 4762.22 4756.8 4748.95 4760.01 4786.51 4828.58 4823.69 4830.09 4855.51 4887.08 4870.15 4854.8 4850.52 4843.09 4851.95 4857.1 4859.46 4854.91 4894.82 4914.71 4904.87 4901.21 4897.8 4893.82 4892.6 4908.64 4918.54 4920.85 4918.47 4915.67 4906.51 4906.05 4905.62 4900.66 4892.03 4880.6 4866.41 4847.52 4887.01 4885.11 4883.02 4880.79 4878.32 4875.98 4874.15 4873.73 4870.65 4873.39 4878.63 4881.42 4881.05 4880.59 4880.28 4880.78 4880.72 4878.67 4875.53 4873.43
4730.92 4729.07 4727.65 4729.72 4729.92 4731.52 4733.27 4737.98 4743.8 4744.92 4740.09 4739.53 4757.24 4779.96 4794.13 4811.02 4825.9 4842.31 4837.65 4840.31 4838.14 4833.99 4824.65 4833.4 4844.73 4846.54 4848.32 4850.57 4849.18 4880.56 4892.97 4899.28 4898.73 4902.59 4918.52 4928.56 4931.96 4926.6 4909.72 4918.34 4923.38 4917.83 4910.48 4903.22 4892.94 4883.07 4883.04 4886.71 4886.65 4883.16 4879.99 4878.72 4876.88 4873.75 4872.67 4872.67 4880.16 4885.34 4884.31 4881.11 4877.9 4878.26 4880.85 4881.04 4879.39 4876.37 4873.7
4761.31 4764.27 4759.95 4757.55 4760.46 4744.87 4736.37 4740.12 4744.67 4741.98 4722.89 4741.57 4772.65 4787.66 4785.35 4815.06 4849.54 4850.29 4828.2 4830.68 4850.59 4843.92 4831.83 4832.2 4843.45 4846.81 4845.56 4849.75 4857.79 4878.64 4898.77 4909.59 4918.08 4929.91 4939.34 4946.97 4945.25 4944.03 4934.3 4935.02 4936.93 4931.62 4925.77 4919.67 4910.59 4899.99 4891.03 4888.25 4886.34 4884.25 4881.01 4881.64 4880.75 4877.83 4879.04 4888.39 4896.1 4894.8 4888.63 4883.2 4877.73 4876.8 4879.34 4884.09 4886.79 4884.64 4883.05
4836.76 4822.19 4788.69 4782.04 4790.08 4780.15 4759.24 4752.25 4759.94 4770.39 4792.06 4812.42 4826.68 4848.05 4854.42 4871.78 4907.82 4911.8 4901.32 4897.49 4900.8 4877.22 4841.04 4849.22 4863.16 4863.26 4856.34 4858.7 4864.3 4894.92 4913.86 4922.59 4932.55 4941.79 4957.44 4968.2 4981.52 4972.18 4953.99 4945.76 4946.35 4946.63 4942.53 4936.89 4930.05 4922.97 4907.55 4889.88 4890.73 4890.28 4887.63 4889.58 4891.5 4886.55 4884.41 4898.87 4893.15 4893.12 4890.67 4888.24 4884.44 4881.31 4875.34 4894.24 4913.13 4925.19 4920.59
4867.59 4852.92 4826.7 4807.55 4791.34 4789.1 4770.44 4768.05 4787.49 4805.52 4826.48 4844.32 4888.57 4938.24 4981.95 4997.7 4993.47 4990.78 5002.53 5004.81 4965.26 4924.69 4904.09 4907.18 4904.33 4902.58 4903.91 4911.83 4917.5 4941.57 4946.92 4945.23 4945.87 4957.54 4963.31 4974.32 4990.66 4982.55 4964.58 4963.56 4966.65 4959.97 4956.18 4953 4950.87 4949.67 4928.31 4904.59 4906.46 4901.28 4897.08 4897.94 4904.75 4900.3 4898.92 4899.41 4888.99 4889.26 4890.13 4892.87 4902.02 4898.43 4890.27 4913.76 4944.62 4975.8 4982.81
4808.04 4832.42 4828.71 4807.82 4787.02 4805.76 4810.88 4816.98 4838.64 4856.01 4850.97 4875.56 4956.33 5021.82 5093.44 5116.7 5055.43 5027.05 5026.18 5056.22 4967.62 4934.44 4964.95 4968.04 4921.77 4930.95 4956.14 4982.89 5031.89 5002.84 4981.89 4970.48 4953.94 4932.81 4939.56 4962.82 4982.96 4980.17 4976.66 4973.44 4974.12 4969.81 4966.19 4963.02 4960.95 4959.1 4945.05 4927.95 4921.63 4912.18 4906.48 4903.45 4896.98 4893.86 4895.1 4890.82 4888.84 4886.83 4886.85 4889.55 4894.74 4902.71 4919.28 4929.04 4956.46 4992.58 5013.11
4789.78 4824.78 4828.59 4817.63 4814.49 4845.05 4867.88 4873.85 4912.81 4952.34 4969.03 5001.78 5043.51 5071.46 5097.75 5087.67 5043.5 4983.93 4916.45 4858.79 4847 4850.54 4872.08 4868.71 4844.68 4867.89 4920 4982.98 5015.52 5018.47 5008.26 4991.33 4969.63 4936 4921.86 4942.59 4967.18 4980.35 4989.91 4986.89 4977.23 4976.84 4974.26 4970.83 4966.75 4958.58 4945.07 4941.91 4926.53 4915.8 4912.15 4907.64 4901.74 4898.74 4896.8 4893.8 4886.41 4882.99 4881.64 4881.75 4881.81 4888.58 4906.53 4922.92 4943.2 4973.47 4996.33
4837.57 4865.39 4868.58 4868.71 4869.41 4888.03 4900.92 4920.28 5004.89 5077.52 5148.33 5184.81 5112.91 5076.24 5062.8 5044.85 4969.83 4890.77 4795.55 4674.09 4693.79 4722.88 4701.68 4666.28 4713.96 4729.09 4774.37 4853.49 4943.86 4997.53 5012.16 5011.9 5003.18 4980.66 4953.32 4940.91 4941.7 4973.55 4989.74 5004 5001.93 4990.99 4983.07 4977.02 4970.65 4964.59 4952.74 4924.44 4918.05 4911.11 4905.63 4900.34 4901.09 4894.71 4894.45 4892.14 4883.92 4878.89 4877.48 4875.75 4875.69 4879.21 4888.81 4907.27 4917.94 4926.91 4967.57
4967.73 4940.37 4917.29 4900 4915.55 4937.03 4959.87 5032.41 5116.65 5171.2 5229.35 5192.84 5090.31 5023.78 4972.18 4903.09 4841.36 4782.17 4715 4684.3 4637.27 4621.4 4601.28 4586.79 4631.82 4678.79 4688.69 4741.97 4888.51 4976.94 4997.36 5019.63 5043.65 5074.3 5069.87 5030.32 5004.25 5010.4 5011.25 5044.47 5019.7 5001.6 4992.77 4983.54 4973.59 4962.72 4957.25 4931.88 4912.32 4904.96 4902.93 4899.75 4892.22 4888.9 4887.01 4888.02 4884.29 4877.96 4873.21 4869.58 4868.9 4882.84 4899.23 4896.66 4897.36 4899.38 4928.45
5024.84 5000.27 4974 4955.24 4964.22 5004.93 5062.8 5225.15 5206 5190.37 5169.22 5079.18 4994.76 4927.91 4868.55 4822.06 4738.65 4670.35 4609.62 4558.71 4523.07 4532.99 4552.83 4583.48 4580 4567.98 4565.59 4616.03 4808.68 4918.84 4949.64 4996.81 5055.12 5123.07 5184.07 5153.02 5103.82 5059.37 5056.47 5067.27 5045.49 5020.71 5003.88 4991.05 4983.47 4985.07 4976.05 4935.77 4900.93 4902.2 4902.33 4900.6 4884.64 4887.27 4883.82 4877.66 4880.46 4877.9 4871.56 4865.71 4860.67 4859.87 4883.77 4886.47 4886.43 4888.75 4907.97
5018.91 5034.91 5036.25 5039.32 5032.39 5057.35 5141.8 5182.84 5139.51 5116.08 5127.66 5024.17 4893.43 4807.51 4741.84 4694.93 4612.52 4561.91 4502.57 4434.85 4416.01 4461.81 4501.67 4557.82 4514.6 4460.26 4444.67 4485.7 4639.67 4762.47 4850.51 4937.19 5030.23 5120.41 5186.09 5227.56 5172.36 5118.05 5105.44 5093.33 5068.95 5037.75 5011.42 4994.35 4979.99 4972.66 4975.55 4955.88 4919.42 4910.88 4901.44 4888.53 4887.26 4887.67 4889.42 4887.81 4881.2 4877.39 4872.87 4867.7 4861.58 4861.34 4871.11 4879.9 4883.55 4887.33 4882.56
5071.9 5075.81 5083.92 5095.34 5063.29 5024.3 4997.84 4946.41 4923.88 4924.16 4927.96 4883.96 4756.05 4660.89 4591.3 4524.41 4484.18 4470.84 4443.19 4411.83 4403.77 4424.14 4433.11 4410.39 4408.97 4421.71 4372.69 4394.79 4495.59 4611.59 4732.1 4850.28 4973.16 5096.62 5211.05 5243.01 5194.3 5151.85 5133.17 5104.06 5068.54 5034.97 5012.26 4996.2 4983.56 4971.85 4965.38 4954.47 4948.63 4925.56 4906.78 4894.19 4910.92 4908.93 4898.94 4898.64 4894.36 4881.43 4878.45 4874.89 4871.45 4867.26 4875.71 4883.69 4889.37 4901.41 4904.46
5098.17 5107.98 5114.74 5103.76 5027.89 4929.95 4824.47 4722.12 4684.39 4683.87 4676.13 4651.93 4551.62 4500.34 4457.85 4417.48 4409.71 4399.7 4394.38 4403.17 4419.6 4400.49 4386.07 4364.63 4340.37 4315.59 4306.74 4328.64 4399.55 4497.6 4614.55 4750.22 4894.35 5034.94 5152.26 5198.46 5196.66 5163.76 5130.94 5102.59 5068.39 5031.11 5013.42 4996.44 4979.68 4956.81 4940.23 4943.66 4945.61 4933.63 4919.25 4907.81 4929.61 4947.89 4933.83 4918.51 4903.26 4893.47 4887.16 4884.22 4885.74 4899.78 4896.79 4894.01 4898.46 4916.06 4948.36
5099.54 5111.08 5109.33 5087.36 4949.11 4817.22 4685.4 4554.88 4487.29 4484.57 4461.84 4457.68 4371.69 4360.27 4340.85 4319.04 4319.19 4316.69 4330.35 4361.14 4391.05 4379.93 4350.39 4323.84 4293.3 4270.29 4273.5 4286.19 4317.68 4379.75 4500.62 4648.67 4803.28 4955.74 5085.25 5137.09 5159.67 5134.66 5122.42 5107.01 5083.98 5048.31 5024.2 4998.15 4973.06 4952.13 4941.13 4940.23 4938.09 4937.5 4934.54 4933.77 4932.27 4937.37 4924.18 4914.85 4906.5 4901.42 4892.62 4889.96 4891.97 4895.39 4895.32 4896.66 4900.5 4907.19 4914.08
5126.41 5091.79 5046.99 4983.68 4854.9 4695.63 4540.87 4402.3 4371.58 4404.87 4411.41 4385.52 4318.8 4272.94 4242.92 4215.82 4193.75 4206.32 4241.86 4289.9 4355.43 4329.81 4301.29 4303.4 4318.74 4297.61 4264.43 4256.68 4258.93 4282.68 4401.72 4554.92 4711.15 4859.45 4998.23 5123.46 5144.29 5132.49 5114.87 5099.98 5081.73 5070.71 5039.57 5002.22 4968.61 4950.11 4929.31 4925.59 4936.69 4942.7 4945.8 4957.8 4948.2 4930.69 4926.7 4920.47 4900.43 4889.08 4889.69 4891.4 4892.77 4890.26 4890.25 4895.31 4902.27 4906.67 4912.05
5156.57 5064.57 4962.11 4827.64 4710.91 4568.3 4426.49 4320.99 4325.48 4368.36 4386.02 4353.69 4290.26 4210.36 4167.96 4133.65 4094.51 4090.45 4137.33 4181.89 4217.13 4215.9 4214.03 4235.92 4258.92 4241.36 4268.86 4243.66 4224.73 4241.19 4333.93 4468.12 4613.27 4759.63 4910.77 5043.81 5067.49 5099.96 5086.11 5087.45 5094.65 5080.09 5049.26 5007.76 4970.95 4960.6 4919.67 4916.25 4926.46 4934.64 4944.66 4955.82 4956.34 4927.71 4907.62 4896.79 4890.12 4888.69 4888.98 4890.98 4894.66 4894.67 4888.78 4896.29 4905.21 4913.9 4916
5142.57 5017.42 4886.05 4747.47 4580.6 4450.58 4345.2 4270.57 4314.74 4322.42 4309.28 4284.65 4219.75 4134.76 4095.76 4078.29 4080.4 4025.08 4045.79 4069.03 4067.9 4082.79 4104.76 4120.27 4129.77 4139.4 4198.66 4196.24 4191.19 4213.52 4284.02 4390.86 4506.98 4629.16 4760.42 4871.06 4930.95 4987.38 5027.41 5059.68 5077.77 5076.73 5050.4 5015.64 4977.87 4958.43 4942.84 4921.98 4909.89 4910.13 4938.22 4968.44 4956.49 4930.96 4911.52 4900.71 4894.49 4890.67 4889.19 4889.2 4891.14 4892.17 4893.41 4898.34 4907.82 4917.76 4917.37
5092.61 4945.51 4783.64 4610.01 4443.94 4342.2 4290.97 4279.34 4321.21 4329.17 4280.53 4206.49 4118.86 4041.51 4023.85 4014.9 3998.77 3974.07 3984.9 3995.58 3990.1 3998.59 4020.95 4025.22 3997.93 4034.47 4076.34 4120.39 4147.1 4182.51 4240.39 4321.18 4406.89 4491.96 4571.74 4643.31 4711.5 4837.13 4949.59 5032.37 5088.9 5087.54 5057.48 5032.47 5003.08 4973.31 4946.4 4931.96 4913.09 4908.23 4932.67 4953.12 4935.13 4927.75 4911.13 4893.76 4893.54 4888.87 4885.09 4886.88 4888.58 4889.6 4891.01 4895.75 4905.66 4921.53 4925.1
5042.4 4860.29 4670.46 4481.79 4309.63 4241.76 4241.56 4274.21 4292.85 4294.07 4231.68 4129.31 4017.06 3964.63 3961.48 3961.82 3957.61 3960.25 3954.74 3948.64 3942.57 3945.37 3970.28 3986.41 4011.87 4025.53 4032.6 4068.42 4104.39 4141.98 4189.65 4255.29 4317.44 4367.33 4395.31 4470.72 4599.43 4745.85 4880.26 5000.64 5092.76 5106.63 5076.19 5056.29 5038.06 5011.97 4994.58 4952.91 4926.33 4915.87 4931.15 4943.14 4922.18 4919.7 4913.55 4903.84 4900.25 4891.95 4885.75 4890.6 4890.54 4890.42 4890.62 4897.01 4899.99 4900.66 4910.61
4976.05 4764.5 4558.51 4370.36 4205.23 4167.65 4190.11 4219.91 4217.11 4217.83 4154.11 4064.42 3978.36 3928.43 3926.99 3935.89 3934.99 3938.97 3933.75 3926.09 3925.97 3936.71 3951.07 3966.79 4003.85 4026.17 4032 4038.35 4064.65 4104.7 4158.02 4194.33 4246.14 4290.89 4316.85 4365.36 4509.55 4662.68 4816.88 4969.59 5089.85 5127.58 5090.06 5067.65 5045.52 5026.93 4997.9 4969.03 4941.36 4928.35 4935.24 4926.12 4917.97 4909.82 4908.48 4908.74 4910.63 4911.6 4915.28 4903.39 4898.41 4897.27 4905.43 4900.96 4895.55 4896.71 4906.15
4868.72 4656.95 4454.94 4299.73 4204.5 4158.91 4150.43 4149.3 4118.04 4080.43 4060.66 4008.84 3949.59 3918.36 3916.85 3924.66 3932.94 3926.69 3909.19 3911.1 3914.55 3923.67 3935.85 3952.71 3952.73 3974.72 3984.7 4002.21 4020.66 4041.43 4067.55 4122.53 4190.19 4255.65 4322.27 4328.1 4384.75 4569.81 4755.85 4931.72 5095.67 5181.42 5122.99 5105.19 5083.45 5060.06 5021.6 4986.74 4952.7 4924.13 4939.9 4935.03 4907.1 4902.79 4907.27 4914.35 4925.89 4924.82 4924.23 4909.56 4897.35 4899.49 4896.66 4892.92 4891.27 4883.3 4902.33
4764.12 4552.88 4354.57 4244.13 4193.56 4159.58 4125.05 4088.06 4032.15 4011.13 3998.98 3975.83 3946.01 3927.6 3920.15 3923.11 3928.55 3922.65 3901.1 3904.46 3907.18 3900.83 3931.11 3956.22 3974.27 3958.43 3956.8 3972.12 3983.82 3992.08 4002.36 4068.09 4139.27 4211.09 4280.61 4332.76 4368.35 4517.37 4696.45 4872.1 5033.79 5130.9 5133.41 5128.82 5098.78 5071.22 5045.71 5005.6 4970.61 4943.21 4944.41 4938.22 4916.53 4904.82 4918.87 4922.63 4924.73 4924.64 4912.94 4916.21 4919.05 4913.57 4911.67 4908.23 4906.41 4897.42 4909.05
4684.22 4474.9 4281.28 4208.59 4196.32 4173.05 4109.4 4056.07 4016.97 3977.6 3973.17 3962.36 3949.1 3932.23 3928.49 3927.64 3927.2 3914.86 3916.19 3911.16 3922.85 3945.94 3950.34 3954.17 3967.32 3966.75 3952.7 3959.01 3966.7 3977.36 4007.48 4044.48 4098.7 4164.34 4244.88 4335.71 4382.46 4499.93 4648.83 4797.67 4934.57 5034.44 5085.93 5119.63 5091.86 5068.57 5051.15 5021.31 4990.13 4967.19 4957.89 4943.47 4929.88 4924.17 4916.87 4925.52 4930.02 4942.48 4957.7 4950.48 4925.35 4941.33 4956.97 4966.51 4936.36 4922.58 4923.89
4621.61 4436.8 4272.15 4206.7 4183.48 4150.75 4090.41 4031.27 3991.09 3972.02 3959.86 3952.34 3947.85 3939.57 3938.58 3934.22 3930.37 3923.96 3894.64 3922.95 3938.53 3946.41 3939.83 3940.05 3948.35 3968.65 3959.32 3956.35 3956.95 3963.56 3979.86 4013.35 4058.34 4114.59 4200.46 4343.02 4413.73 4489.32 4607.67 4737.9 4852.78 4937.77 5077.03 5104.09 5088.89 5078.63 5062.06 5036.1 5008.37 4982.33 4969.21 4949.69 4945.26 4948.01 4932.05 4939.22 4951.17 4969.92 4992.22 4992.49 4980.42 4974.95 4978.64 4974.88 4953.62 4934.13 4938.95
4584.25 4434 4304.6 4228.94 4183.07 4126.89 4074.62 4010.88 3959.46 3953.16 3938.77 3937.39 3946.45 3956.3 3943.48 3944.74 3948.38 3939.78 3952.19 3972.72 3969.39 3941.94 3930.86 3941.48 3941.21 3947.53 3953.15 3953.77 3951.35 3951.95 3962.59 3983 4021.26 4071 4139.82 4233.24 4369.19 4446.14 4561.41 4692.58 4821.27 4939.56 5071.85 5091.2 5079.34 5096.6 5075.7 5048.29 5023.15 5002.12 4989.92 4955.47 4948.83 4947.74 4947.62 4952.17 4970.72 4992.7 5006.01 5017.47 5011.52 4994.96 4982.74 4967.84 4966.32 4961.09 4948.78
4572.85 4445.29 4339.21 4252.97 4196.92 4152.99 4074.11 3993.21 3922.17 3907.05 3903.63 3915.18 3933.29 3949.56 3938.05 3960.63 3987.74 4012.2 4049.17 4050.9 4028.66 4009.58 3999.81 3995.39 3969.22 3938.69 3963.74 3961.55 3951.79 3942.93 3936.25 3946.12 3990.3 4041.55 4096 4169.09 4293.9 4372.17 4503.69 4651.25 4804.63 4953.42 5063.36 5092.19 5082.79 5091.73 5076.56 5054.18 5032.98 5016.88 4998.58 4966.45 4962.22 4951.02 4952.16 4956.94 4962.22 4969.16 4999.68 5017.45 5013.88 4997.81 4980.46 4968.8 4950.08 4945.04 4945.46
4572.6 4447.86 4339.89 4256.92 4199.14 4164.32 4068.9 3981 3916.28 3863.89 3868.61 3896.51 3913.96 3921.39 3938.62 3982.75 4034.23 4087.21 4119.16 4106.88 4085.47 4072.96 4065.27 4054.55 4024.87 4002.75 4001.36 3977.65 3958.89 3945.64 3941.03 3955.96 3973.33 4004.16 4050.08 4105.95 4194.31 4292.8 4442.4 4605.44 4773.22 4937.74 5058.01 5086.99 5089.56 5077.85 5067.99 5053.2 5035.38 5015.89 4994 4978.11 4971.18 4961.28 4959.54 4960.44 4959.14 4961.84 4985.81 5009.38 5010.06 4988.51 4967.04 4947.12 4929.99 4933.81 4944.68
4572.17 4442.85 4331.1 4238.53 4166.73 4097.42 4024.8 3961.64 3904.22 3876.88 3883.45 3897.29 3910.33 3912.78 3954.33 4014 4076.48 4143.3 4177.49 4144.82 4127.18 4113.32 4099.2 4084.85 4061.62 4039.78 4014.37 3989.11 3967.52 3951.95 3943.31 3949.87 3968.52 3995.6 4024.57 4075.39 4116.75 4230.26 4390.36 4560.29 4732.72 4898 5046.29 5099.29 5077.66 5068.18 5065.23 5053.73 5037.24 5019.67 5005.69 4970.14 4968.03 4977.56 4973.49 4967.49 4964 4963.01 4973.09 4978.91 4983.38 4970.39 4952.16 4934.66 4957.18 4963.16 4951.46
