real_craters/C178-500m.grd
DSAA
287 287
-71.5925 71.5925
-71.5925 71.5925
3835.5301567137 5842.7713612084
[rows 0 to 29 of 287, columns 67 to 133 of 287]
5521.47 5521.2 5522.25 5525.44 5525.05 5525.65 5527.77 5530.06 5532.83 5536.12 5538.95 5540.75 5545.44 5549.35 5552.49 5554.26 5554.83 5555.55 5557.43 5560.54 5558.49 5554.88 5550.96 5546.43 5543.11 5541.41 5540.81 5541.52 5543.1 5544.52 5544.02 5545.19 5550.49 5553.46 5555.68 5557.65 5559.32 5560.1 5558.01 5553.51 5554.42 5557.36 5560.76 5562.05 5559.88 5555.31 5549.95 5544.68 5541.2 5541.3 5538.67 5536.99 5536.67 5537.51 5536.26 5536.4 5537.03 5537.9 5537.85 5537.75 5537.08 5536.05 5534.61 5533.89 5533.51 5532.38 5531.27
5526.85 5528.44 5527.99 5525.74 5526.49 5528.53 5530.66 5532.48 5534.88 5538.03 5541.44 5543.86 5547.99 5551.08 5552.63 5553.21 5553.09 5552.11 5550.54 5550.76 5555.17 5557.2 5553.51 5546.24 5541.46 5539.09 5540.1 5541.75 5545.29 5549.78 5549.41 5542.46 5557.56 5556.62 5557.53 5557.53 5558.1 5557.59 5555.7 5555.2 5554.85 5555.56 5557.59 5559.36 5557.84 5552.74 5546.68 5540.56 5534.94 5535.61 5534.55 5532.7 5530.44 5529.88 5531.82 5533.06 5534.07 5534.86 5535.18 5535.36 5535.09 5534.41 5532.76 5532.34 5532.19 5530.78 5529.65
5530.95 5533.96 5532.28 5528.15 5532.26 5533.09 5532.92 5533.6 5535.78 5539.23 5543.81 5549.89 5551.44 5554.06 5554.02 5553.43 5551.33 5548.03 5545.87 5545.4 5546.34 5547.29 5545.71 5541.78 5539.25 5538.95 5540.16 5541.68 5546.8 5552.51 5551.74 5547.55 5559.13 5557.92 5558.2 5558.34 5558.04 5557 5554.85 5552.68 5550.33 5551.22 5554.31 5556.65 5554.63 5549.77 5543.88 5538.08 5533.6 5532.52 5531.21 5529.35 5527.09 5526.96 5528.67 5530.07 5531.14 5531.87 5532.43 5532.09 5532.25 5532.69 5531.91 5530.77 5529.67 5528.79 5528.22
5525.87 5525.51 5523.63 5522.67 5534.86 5533.9 5532.27 5532.73 5535.1 5539.04 5544.03 5547.65 5552.56 5556.99 5561.41 5556.13 5549.24 5542.81 5536.99 5534.64 5533.41 5531.25 5533.43 5534.91 5535.91 5538.95 5541.48 5545.72 5551.83 5558.31 5560.34 5562.4 5557.9 5557.49 5558.21 5559.33 5558.26 5556.68 5553.32 5552.11 5550.35 5549.25 5551.54 5552.94 5552.49 5546.76 5540.99 5536.11 5532.79 5530.78 5529.25 5527.52 5526.03 5525.89 5526.96 5528.14 5528.93 5528.88 5527.69 5528.51 5529.46 5529.54 5528.49 5527.88 5526.55 5527.13 5526.86
5513.96 5516.28 5515.57 5516.49 5525 5527.82 5528.43 5529.91 5532.32 5535.8 5541.18 5547.32 5550.15 5555.37 5559.52 5553.82 5545.33 5537.29 5530 5526.77 5525.71 5525.46 5526.85 5528.49 5530.47 5534.74 5540.6 5550.36 5557.2 5564.43 5570.1 5564.09 5553.68 5556.28 5557.75 5558.83 5559.27 5559.49 5557.18 5555.29 5548.87 5548.75 5549.92 5550.39 5548 5543.26 5537.41 5532.75 5530.01 5529.04 5528.15 5526.55 5525.26 5525.42 5526.27 5527.32 5527.9 5527.88 5527.27 5527.83 5529.08 5530.13 5531.2 5529.5 5528.55 5526.06 5525.27
5508.02 5508.47 5510.23 5511.81 5515.15 5519.22 5522.04 5524.46 5526.91 5529.54 5531.82 5535.65 5541.84 5547.61 5552.32 5546.09 5538.74 5531.86 5526.16 5522.88 5521.33 5522.79 5522.88 5523.12 5523.97 5525.61 5535.87 5548.71 5557.78 5565.14 5572.8 5561.96 5553.46 5557.5 5557.32 5557.79 5559.66 5562.99 5566.09 5563.93 5557.88 5552.69 5549.3 5547.25 5544.68 5539.9 5534.52 5528.72 5526.6 5527.61 5527.55 5526.18 5525.06 5525.42 5526.15 5527.04 5527.98 5528.67 5529.14 5529.88 5530.57 5531.09 5532.11 5528.86 5525.14 5524.2 5523.39
5501.3 5505.23 5504.8 5505.21 5507.53 5511.47 5515.04 5518.02 5520.74 5523.13 5525.13 5527.84 5531.4 5533.67 5534.63 5534.31 5530.6 5525.72 5520.11 5519.86 5519.16 5518.96 5518.53 5518.89 5520.05 5522.39 5533.7 5548.42 5555.1 5559.07 5560.92 5554.69 5548.55 5555.5 5553.86 5553.98 5556.9 5562.09 5570.22 5567.42 5559.45 5551.24 5547.26 5544.78 5540.46 5537.99 5532.8 5527.84 5525.77 5525.93 5526.06 5525.97 5525.89 5525.78 5526.54 5527.55 5528.77 5530.1 5531.86 5532.38 5529.92 5529.2 5527.45 5526.47 5524.59 5522.52 5521.78
5497.02 5499.88 5500.13 5499.71 5501.24 5504.72 5508.76 5512.1 5515.09 5517.65 5519.58 5521.21 5522.46 5521.13 5520.76 5523.38 5522.84 5520.47 5518.53 5517.89 5518.5 5515.53 5513.78 5515.74 5519.13 5524.66 5535.07 5546.55 5550.43 5550.84 5545.08 5538.92 5536.14 5544.48 5545.32 5547.08 5549.58 5553.02 5556.67 5553.87 5547.87 5544.56 5543.72 5543.14 5543.78 5537.52 5531.83 5527.34 5525.51 5525.57 5526.13 5525.08 5525.16 5525.77 5526.88 5528.22 5529.65 5530.95 5531.98 5531.56 5529.77 5529.13 5528.26 5525.66 5522.1 5521.29 5521.2
5496.26 5498.32 5497.9 5495.48 5495.93 5499.42 5502.9 5506.52 5509.78 5512.81 5515.4 5516.44 5516.61 5515.72 5515.47 5516.84 5517.2 5516.48 5515.75 5515.74 5516.1 5511.06 5509.11 5512.87 5518.97 5526.68 5534.35 5540.37 5545.68 5546.53 5540.86 5529.51 5529.2 5531.09 5534.37 5537.94 5539.93 5540.52 5536.17 5533.94 5538.19 5540.12 5539.73 5540.05 5538.18 5535.38 5531.06 5526.53 5524.82 5524.56 5523.93 5523.15 5523.69 5525.84 5527.75 5529.22 5530.54 5531.75 5532.55 5532.66 5530.4 5530.93 5530.58 5526.92 5523.2 5521.8 5522.95
5496.49 5499.43 5497.92 5492.69 5492.17 5495.19 5498.59 5502 5505.14 5507.78 5509.1 5511.57 5512.4 5512.94 5512.8 5512.47 5512.49 5513.13 5513.81 5512.12 5510.8 5504.95 5504.21 5510.19 5518.28 5527.29 5534.68 5537.52 5542.42 5545.34 5544.37 5518.74 5522.24 5517.72 5525.01 5529.73 5531.94 5532.52 5532.61 5532.04 5529.71 5531.77 5535.61 5538.19 5538.74 5536.18 5530.51 5526.2 5524 5523.78 5524.49 5523.66 5524.63 5527.24 5529.76 5530.88 5532.3 5532.54 5532.77 5531.94 5529.96 5532.62 5532.85 5529.67 5525.14 5523.66 5525.74
5494.4 5499.47 5493.64 5491.72 5491.07 5493.05 5495.59 5498.17 5501.11 5503.53 5505.51 5507.04 5508.41 5509.12 5508.95 5508.17 5507.51 5506.84 5506.77 5506.7 5504.74 5500.36 5501.06 5508.04 5517.01 5526.22 5532.83 5535.52 5539.14 5542.18 5542.65 5516.31 5514 5519.18 5521.11 5523.78 5525.38 5525.46 5524.46 5520.74 5521.84 5527.83 5533.36 5537.46 5539.66 5536.84 5529.87 5523.61 5523.15 5522.99 5523.39 5526.19 5527.52 5530.42 5533.85 5536.54 5536.22 5536.78 5534.57 5532.61 5532.4 5534.27 5535.78 5534.76 5531.81 5529.19 5528.22
5493.32 5493.59 5492.01 5490.92 5490.86 5491.64 5493.44 5495.35 5497.33 5499.33 5501.49 5502.2 5503.62 5506.5 5504.77 5503.58 5502.58 5501.59 5501.36 5501.68 5500.97 5498.12 5498.94 5506.22 5515.79 5525.22 5532.36 5533.06 5534.26 5534.41 5531.37 5516.42 5512.32 5516.09 5518.29 5519.44 5520.01 5520.39 5520.07 5520.19 5521.93 5525.48 5534.21 5538.04 5538.34 5535.21 5530.94 5525.88 5523.63 5522.76 5522.86 5524.26 5528 5532.16 5536.66 5542.52 5545.32 5545.78 5542.86 5538.25 5536.08 5538.22 5541.06 5542.21 5541 5538.25 5530.68
5491.49 5489.82 5488.12 5489.47 5488.98 5490.04 5491.01 5491.96 5493.08 5494.57 5495.34 5496.41 5496.81 5496.39 5498.44 5498.77 5498.26 5497.58 5497.47 5497.67 5497.51 5495.07 5496.63 5505.24 5514.75 5523.82 5531.2 5531.29 5529.31 5524.95 5517.24 5509.8 5507.97 5512.95 5515.3 5515.11 5515.59 5516.72 5518.6 5521.5 5524.13 5533.39 5537.32 5539.9 5541.66 5540.03 5534.31 5528.13 5524.99 5523.07 5521.84 5525.37 5528.53 5533.53 5540.4 5546.37 5554.08 5557.21 5555.04 5547.38 5542.29 5546.41 5549.85 5552.14 5552.19 5543.93 5537.85
5494.08 5487.99 5484.64 5485.8 5488.21 5489.02 5489.11 5488.84 5488.69 5488.45 5489.57 5490.47 5491.52 5492.52 5493.35 5494.26 5494.59 5494.21 5494.25 5494.52 5495.42 5495.06 5497.95 5505.48 5514.16 5523.09 5529.44 5529.44 5525.62 5519.2 5510.72 5508.69 5506.81 5508 5509.73 5510.12 5511.36 5513.21 5515.39 5516.43 5521.76 5532.91 5535.88 5540.21 5545.43 5548.51 5538.24 5530.2 5526.64 5524.21 5521.84 5522.5 5528.45 5537.52 5546.24 5555.27 5563.58 5572.02 5573.86 5566.93 5555.24 5559.32 5560.9 5563.9 5567.74 5570.44 5547.68
5492.88 5481.26 5480.88 5492.46 5490.12 5488.6 5487.47 5486.3 5484.94 5483.76 5483.64 5485.22 5486.46 5487.96 5489.16 5490.43 5491.55 5492.44 5491.54 5491.2 5492.02 5494.81 5500.14 5506.26 5514.18 5521.52 5525.23 5528.17 5524.54 5518.29 5509.98 5508.73 5505.35 5502.78 5502.7 5504.18 5506.16 5507.92 5510.34 5509.72 5514.59 5520.28 5529.72 5537.09 5543.54 5547.06 5539.09 5532.01 5528.12 5526.02 5524.65 5522.76 5529.95 5540.97 5553.1 5565.18 5577.9 5589.58 5602.61 5612.24 5591.59 5571.81 5576.04 5576.35 5575.11 5572.82 5551.08
5488.34 5479.86 5480.24 5488.63 5488.89 5487.52 5485.94 5484.28 5482.46 5478.31 5479.95 5481.12 5481.68 5482.86 5484.94 5486.86 5488.74 5489.43 5488.63 5487.64 5489 5493.59 5499.48 5506.9 5514.58 5523.14 5530.22 5528.69 5525.25 5520.59 5515.56 5508.17 5502.3 5497.5 5496.05 5498.26 5500.66 5502.99 5505.22 5507.15 5509.04 5515.93 5524.46 5532.25 5537.97 5538.97 5534.92 5530.77 5528.16 5526.73 5528.36 5524.74 5532.01 5545.18 5560.62 5577.98 5594.39 5610.44 5628.22 5651.04 5658.75 5619.08 5603.62 5591.95 5578.25 5560.16 5544.45
5488.6 5485.63 5484.56 5486.1 5486.72 5485.77 5484.32 5482.75 5481.39 5482.51 5479.36 5478.64 5478.88 5479.83 5481.5 5483.51 5485.75 5487.85 5485.7 5484.61 5486.78 5492.98 5500.41 5506.95 5513.82 5520.9 5527.17 5529.22 5526.41 5521.84 5515.04 5507.59 5500.5 5494.82 5492.41 5493.88 5495.94 5498.45 5500.33 5499.27 5502.68 5511.22 5520.71 5527.89 5532.74 5535.31 5532.35 5529.39 5527.16 5525.19 5522.68 5524.14 5532.61 5547.74 5566.53 5586.97 5606.86 5625.96 5641.84 5660.05 5700.83 5663.62 5634.39 5611.31 5587.15 5559.01 5546.72
5490.95 5489.39 5486.71 5485.84 5485.47 5484.25 5482.71 5481 5479.12 5475.56 5476.96 5476.57 5476.29 5477.16 5478.46 5479.67 5480.84 5481.82 5482.23 5482.4 5486 5493.33 5500.57 5507.44 5512.58 5516.54 5522.51 5527.99 5527.27 5522.4 5514.95 5506.35 5498.08 5490.89 5489.07 5489.16 5491.11 5493.92 5496.45 5495.76 5498.47 5511.08 5520.56 5524.11 5527.48 5529.22 5529.7 5529.01 5527.18 5524.52 5521.96 5520.68 5533.07 5551.14 5572.77 5596.1 5619.44 5642.68 5659.27 5671.91 5712.71 5684.64 5658.88 5632.78 5607.71 5584.12 5581.32
5492.4 5486.13 5487.83 5486.16 5484.47 5482.82 5481.15 5479.3 5478.34 5479.62 5475.45 5474.72 5475.17 5475.23 5475.86 5476.62 5476.84 5477.66 5479.89 5482.29 5487.11 5494.96 5504.26 5509.83 5512.18 5514.96 5521.72 5528.6 5527.99 5523.26 5514.3 5503.34 5493.52 5488.44 5483.59 5484.36 5486.77 5490.07 5493.51 5492.6 5494.71 5504.48 5513.1 5519.01 5523.23 5525.5 5528.15 5529.91 5528.36 5524.9 5522.49 5524.16 5536.55 5556.42 5580.69 5607.89 5636.68 5664.56 5692.3 5716.5 5729.64 5707.55 5680.98 5655.26 5632.69 5619.55 5620.4
5490.26 5482.68 5483.91 5483.88 5482.36 5481.16 5479.75 5477.62 5473.59 5470.07 5472.75 5472.57 5472.69 5473.33 5474.09 5474.88 5476.06 5477.38 5479.34 5482.28 5488.28 5496.02 5504.27 5509.62 5511.76 5513.91 5521.11 5528.72 5527.61 5522.49 5511.87 5499.24 5488.8 5485.74 5482 5480.85 5483.02 5485.78 5489.02 5488.22 5488.47 5497.55 5505.72 5512.82 5520.46 5527.97 5533.42 5533.51 5532.31 5529.32 5527.26 5529.75 5540.44 5559.73 5587.55 5618.46 5650.78 5682.9 5715.45 5743.41 5745.43 5726.03 5699.78 5673.72 5650.93 5643.22 5649.65
5488.17 5483.19 5482.22 5481.38 5480.82 5479.98 5478.97 5477.48 5476.07 5474.81 5472.33 5471.28 5470.86 5471.98 5473.39 5474.48 5475.72 5477.59 5480.06 5483.21 5489.11 5496.25 5503.52 5509.11 5512.01 5513.06 5520.8 5527.68 5525.04 5516.25 5506.54 5494.88 5484.75 5484.15 5479.73 5478.04 5480.03 5481.51 5481.48 5484.4 5488.84 5491.74 5496.86 5506.09 5517.55 5528.3 5534.92 5537.66 5537.88 5537.13 5533.34 5527.17 5534.49 5562.28 5596.9 5630.65 5666.08 5699.8 5730.8 5756.85 5778.16 5746.01 5719.43 5690.47 5661.82 5637.02 5620.94
5489.41 5486.05 5479.46 5479.75 5479.88 5479.78 5479.48 5479.2 5478.49 5476.72 5474.22 5471.74 5470.66 5472.31 5473.98 5475.14 5476.3 5478.66 5481.8 5486.04 5490.6 5496.39 5502.55 5508.17 5513.9 5518.97 5521.37 5522.21 5519.02 5513.06 5501.86 5490.8 5482.59 5480.3 5478.66 5477.75 5479.02 5479.86 5480.59 5483.28 5486.98 5486.06 5487.93 5499.82 5514.24 5528.44 5537.88 5542.67 5543.33 5543.62 5540.41 5530.48 5537.42 5573.2 5608.16 5644.72 5682.1 5720.03 5752.51 5781.6 5795.25 5766.16 5741.08 5712.47 5677.23 5633.37 5599.57
5486.77 5484.68 5479.96 5479.7 5480.21 5480.32 5480.26 5480.4 5481.22 5479.56 5476.47 5473.87 5472.98 5474.45 5476.11 5477.55 5478.45 5480.94 5483.69 5487.07 5491.24 5496.14 5501.74 5507.81 5514.92 5521.43 5520.44 5518.83 5514.87 5506.26 5496.13 5486.25 5477.61 5475.97 5478.18 5479.68 5479.47 5479.41 5480.17 5479.8 5480.03 5481 5484.4 5495.31 5510.79 5527.02 5541.95 5547.69 5548.64 5548.84 5549.11 5555.98 5574.73 5590.55 5620.17 5656.27 5694.32 5737.08 5782.15 5811.06 5823.8 5789.06 5765.27 5738.68 5707.98 5665.6 5632.84
5481.54 5482.26 5481.38 5480.47 5479.71 5479.55 5479.76 5479.56 5479.96 5479.61 5478.64 5477.95 5477.52 5478.11 5479.41 5481.45 5484.13 5484.57 5486.02 5488.32 5491.58 5495.09 5499.64 5508.51 5510.45 5514.98 5515.75 5514.93 5508.02 5498.05 5489.72 5482.43 5476.67 5474.97 5477.73 5480.84 5479.49 5478.32 5477.33 5477.23 5476.81 5478.55 5481.4 5491.87 5507.1 5523.95 5542.29 5548.59 5553.34 5556.13 5562.12 5567.55 5576.86 5599.35 5627.2 5660.93 5697.5 5736.09 5776.06 5799.77 5813.33 5807.76 5781.1 5766.24 5756.97 5748.25 5727.28
5470.99 5475.65 5479.1 5476.38 5474.52 5474.49 5475.67 5477.49 5478.8 5479.56 5480.29 5481.32 5481.45 5481.52 5482.55 5484.35 5486.32 5487.65 5489.01 5490.49 5492.43 5493.84 5493.36 5479.02 5497.09 5506.67 5508.51 5505.86 5498.28 5488.32 5484.27 5479.67 5475.92 5474.64 5476.47 5479.02 5478.61 5477.8 5476.87 5476.77 5477.94 5479.02 5482.55 5490.87 5502.83 5516.9 5527.61 5541.43 5555.42 5570.34 5570.94 5573.92 5580.26 5599.66 5622.48 5650.37 5685 5718.39 5734.34 5758.21 5765.72 5767.85 5778.22 5782.39 5791.51 5808.46 5805.79
5472.26 5477.41 5476.96 5471.58 5469.31 5470.39 5473.49 5477.42 5481.16 5481.03 5481.29 5482.5 5483.42 5484.25 5485.23 5486.07 5487.48 5489.86 5492.08 5493.67 5494.12 5494.34 5494.84 5500.38 5501.96 5502.8 5502.96 5500.63 5494.46 5486.25 5482.55 5478.93 5475.51 5474.35 5475.4 5476.78 5477.02 5477.12 5477.19 5476.75 5477.88 5480.11 5484.79 5491.33 5498.51 5505.95 5521.14 5535.97 5550.88 5564.94 5569.47 5576.32 5588.03 5596.34 5606.39 5624.65 5656.99 5700.93 5732.41 5733.55 5737.44 5749.44 5768.55 5779.17 5785.23 5791.96 5773.91
5471.18 5484.84 5472.27 5461.21 5461.76 5465.9 5471.3 5476.3 5479.92 5481.47 5481.62 5482.63 5484.73 5486.64 5488.13 5488.96 5489.8 5492.01 5494.2 5495.21 5495.06 5495.69 5497.24 5498.7 5497.08 5497.3 5498.57 5498.19 5495.48 5487.85 5482.36 5478.49 5475.83 5474.12 5474.18 5475.47 5475.97 5474.97 5475.28 5476.74 5478.33 5481.7 5485.95 5491.31 5497.83 5502.83 5514.74 5526.9 5541.55 5552.04 5557.27 5566.45 5579.81 5576.92 5564.59 5568.03 5594.18 5645.5 5698.18 5664.31 5679.03 5726.21 5753.72 5754.56 5753.03 5745.53 5734.6
5475.32 5438.21 5429.71 5439.58 5451.09 5461.26 5469.45 5475.6 5479.72 5481.36 5482.5 5483.15 5485.88 5489.94 5492.8 5494.47 5495.1 5495.11 5494.16 5494.58 5495.27 5495.98 5497.38 5498.67 5496.52 5494.55 5494.8 5495 5493.6 5487.58 5482.33 5478.51 5475.93 5474.25 5470.61 5474.72 5477.46 5474.59 5475.09 5478.16 5481.36 5483.88 5487.08 5493.35 5500.71 5508.28 5511.98 5518.8 5533.63 5536.6 5529.84 5526.16 5541.25 5523.12 5486.74 5480.01 5490.09 5512.08 5524.83 5508.64 5561.44 5664.75 5697.87 5697.81 5715.78 5722.99 5715.74
5474.26 5341.53 5390.16 5425.49 5445.54 5458.6 5468.97 5476.52 5480.79 5481.58 5483.19 5484.83 5487 5490.98 5495.55 5500.33 5500.39 5498.65 5497.04 5495.93 5494.74 5494.61 5495.75 5498.82 5499.32 5492.83 5490.57 5490.92 5491.9 5485.04 5481.28 5478.08 5475.34 5472.71 5468.76 5475.7 5481.69 5482.03 5480.85 5480.35 5480.43 5482.02 5486.53 5493.39 5503.1 5511.74 5514.41 5518.83 5534.37 5522.94 5487.18 5450.77 5413.8 5380.13 5371.07 5371.51 5370.48 5352.76 5339.26 5356.44 5409.15 5480.44 5533.17 5587.38 5660.21 5697.8 5697.11
5471.02 5462.42 5429.31 5436.27 5448.91 5461.1 5471.75 5479.94 5483.45 5483.25 5482.49 5482.72 5486.44 5491.26 5496.81 5501.45 5500.72 5499.17 5501.39 5495.63 5492.32 5490.96 5490.33 5490.3 5488.34 5485.34 5482.58 5480.52 5482.27 5481.18 5479.2 5477.34 5475.11 5472.27 5469.06 5472.85 5481.19 5488.9 5485.51 5482.05 5480.23 5480.78 5485.56 5491.08 5504.09 5514.65 5518.77 5519.3 5522.91 5490.76 5435.83 5370.3 5291.23 5239.13 5258 5271.55 5274.87 5273.63 5242.3 5221.96 5267.51 5304.35 5350.02 5439.58 5528.65 5600.52 5654.91
