real_craters/C178-750m.grd
DSAA
192 192
-71.5925 71.5925
-71.5925 71.5925
3836.2260412061 5827.4668589352
[rows 114 to 151 of 192, columns 84 to 167 of 192]
4751 4727 4695 4683 4671 4661 4658 4655 4647 4640 4613 4601 4601 4609 4603 4589 4571 4549 4550 4523 4539 4557 4622 4741 4868 4924 4927 4947 5002 5108 5323 5446 5494 5528 5578 5566 5456 5400 5361 5358 5353 5331 5308 5300 5293 5276 5259 5271 5280 5283 5285 5285 5286 5281 5292 5304 5315 5317 5308 5306 5303 5295 5291 5299 5304 5312 5321 5323 5317 5316 5314 5310 5309 5307 5304 5306 5306 5308 5308 5307 5301 5310 5310 5309
4955 4871 4788 4755 4745 4720 4705 4693 4684 4675 4650 4619 4632 4642 4630 4551 4525 4550 4550 4516 4544 4600 4690 4824 4978 5052 5035 5094 5229 5379 5583 5571 5529 5571 5594 5543 5413 5335 5353 5392 5370 5339 5319 5303 5287 5265 5252 5271 5289 5294 5292 5289 5283 5281 5282 5298 5309 5296 5302 5304 5300 5290 5308 5313 5313 5319 5325 5325 5320 5318 5317 5315 5311 5308 5305 5305 5306 5307 5308 5308 5306 5312 5311 5310
5157 5037 4937 4832 4826 4798 4762 4740 4710 4696 4692 4685 4657 4637 4590 4539 4522 4513 4522 4535 4587 4677 4783 4871 4964 5083 5167 5308 5491 5710 5728 5610 5527 5545 5529 5465 5357 5279 5385 5406 5373 5340 5311 5302 5287 5273 5265 5282 5304 5303 5297 5293 5292 5288 5288 5300 5308 5306 5300 5297 5295 5293 5320 5309 5310 5326 5337 5334 5324 5320 5318 5314 5311 5307 5303 5302 5302 5304 5306 5308 5307 5308 5309 5309
5288 5159 4984 4910 4872 4835 4829 4828 4836 4797 4715 4679 4680 4657 4609 4555 4534 4528 4548 4555 4638 4731 4818 4878 4966 5170 5373 5546 5596 5617 5623 5546 5524 5596 5481 5405 5354 5357 5456 5417 5381 5342 5288 5291 5286 5281 5283 5287 5292 5296 5294 5292 5292 5292 5299 5303 5314 5312 5295 5290 5293 5313 5313 5316 5325 5333 5343 5340 5321 5318 5315 5311 5309 5308 5304 5302 5302 5303 5304 5304 5303 5305 5307 5310
5435 5343 5221 5065 4981 4911 4926 4950 4934 4880 4766 4722 4747 4767 4744 4700 4636 4607 4636 4649 4723 4805 4891 4993 5155 5341 5510 5503 5452 5418 5460 5446 5417 5407 5383 5359 5348 5363 5396 5436 5411 5356 5323 5286 5284 5282 5281 5283 5291 5288 5289 5289 5295 5296 5288 5297 5305 5294 5279 5261 5271 5290 5322 5340 5335 5335 5333 5327 5318 5319 5316 5310 5307 5306 5304 5303 5302 5303 5302 5302 5299 5301 5306 5310
5533 5469 5414 5315 5188 5102 5101 5109 5128 5102 4901 4860 4876 4864 4869 4839 4894 4933 4822 4777 4862 4948 5057 5225 5496 5514 5530 5389 5346 5363 5376 5358 5349 5366 5366 5346 5344 5351 5380 5389 5380 5352 5318 5309 5291 5278 5276 5276 5276 5280 5281 5280 5281 5294 5295 5295 5271 5275 5273 5265 5272 5282 5312 5321 5334 5334 5332 5326 5323 5317 5315 5310 5306 5300 5305 5304 5302 5301 5301 5300 5297 5299 5305 5310
5597 5526 5451 5423 5432 5372 5324 5285 5235 5247 5199 5121 5088 5045 5061 5086 5235 5320 5175 5089 5075 5126 5306 5523 5632 5556 5485 5355 5362 5358 5369 5346 5306 5312 5315 5332 5353 5349 5342 5329 5320 5341 5343 5299 5271 5268 5272 5274 5274 5275 5275 5275 5276 5286 5290 5298 5314 5293 5282 5286 5304 5302 5316 5336 5330 5329 5331 5325 5315 5311 5311 5311 5307 5302 5304 5304 5301 5299 5300 5300 5301 5301 5305 5308
5624 5625 5582 5591 5564 5572 5512 5497 5524 5590 5495 5369 5335 5353 5355 5431 5434 5425 5372 5406 5412 5459 5528 5631 5621 5495 5363 5343 5355 5366 5343 5316 5300 5289 5291 5321 5345 5328 5308 5306 5310 5325 5329 5274 5246 5258 5267 5272 5272 5272 5272 5273 5276 5281 5288 5302 5295 5287 5284 5287 5300 5310 5321 5320 5319 5321 5323 5326 5326 5317 5312 5310 5310 5307 5306 5305 5302 5300 5301 5302 5303 5303 5306 5309
5609 5596 5611 5606 5649 5613 5580 5570 5560 5501 5472 5460 5467 5513 5507 5510 5455 5456 5491 5474 5502 5543 5541 5572 5536 5436 5351 5347 5348 5355 5339 5325 5306 5289 5287 5308 5329 5298 5278 5286 5308 5286 5275 5270 5261 5258 5263 5264 5267 5269 5270 5271 5276 5284 5290 5294 5298 5287 5282 5285 5295 5308 5316 5312 5313 5315 5322 5332 5340 5324 5322 5318 5315 5312 5307 5309 5305 5303 5303 5304 5306 5304 5309 5313
5591 5648 5587 5544 5579 5605 5574 5528 5493 5416 5417 5456 5489 5513 5517 5467 5433 5499 5577 5516 5445 5494 5488 5472 5431 5402 5367 5345 5345 5354 5366 5344 5327 5319 5301 5287 5273 5262 5258 5260 5246 5275 5281 5270 5255 5265 5265 5266 5267 5268 5269 5270 5274 5282 5285 5287 5288 5286 5281 5283 5293 5304 5316 5317 5310 5307 5312 5333 5354 5355 5335 5325 5318 5311 5309 5314 5311 5306 5307 5309 5310 5308 5308 5309
5565 5605 5533 5430 5430 5478 5461 5411 5386 5389 5407 5435 5466 5503 5506 5503 5469 5523 5591 5483 5506 5513 5443 5415 5395 5375 5345 5336 5349 5364 5347 5336 5316 5310 5293 5267 5241 5248 5253 5264 5286 5282 5282 5287 5294 5280 5272 5269 5269 5268 5267 5267 5269 5273 5277 5281 5287 5284 5283 5287 5293 5305 5319 5314 5308 5305 5311 5330 5347 5349 5337 5327 5323 5316 5312 5311 5308 5307 5310 5313 5313 5308 5306 5308
5498 5472 5484 5444 5393 5403 5395 5365 5361 5373 5407 5417 5418 5421 5438 5451 5495 5505 5492 5485 5433 5381 5330 5329 5345 5370 5340 5333 5354 5361 5328 5309 5292 5265 5266 5261 5257 5257 5260 5267 5274 5286 5293 5295 5293 5285 5275 5269 5267 5266 5266 5267 5268 5270 5275 5279 5281 5281 5284 5293 5306 5311 5316 5314 5310 5311 5317 5328 5340 5339 5333 5329 5325 5323 5317 5313 5310 5311 5314 5311 5307 5305 5307 5310
5487 5465 5469 5462 5413 5377 5344 5353 5367 5381 5402 5411 5417 5417 5413 5423 5461 5492 5450 5341 5315 5256 5248 5236 5220 5272 5322 5328 5343 5345 5321 5290 5285 5268 5263 5264 5265 5267 5268 5271 5270 5286 5296 5295 5288 5283 5275 5266 5265 5265 5266 5268 5268 5271 5277 5283 5280 5279 5283 5296 5310 5309 5308 5313 5314 5305 5313 5326 5336 5331 5332 5332 5332 5323 5324 5320 5326 5328 5320 5319 5311 5307 5307 5313
5463 5473 5466 5472 5429 5384 5385 5385 5391 5413 5414 5406 5405 5406 5405 5402 5405 5466 5463 5324 5287 5264 5237 5212 5187 5190 5274 5301 5316 5318 5317 5288 5273 5268 5261 5278 5278 5273 5274 5279 5289 5299 5298 5298 5297 5292 5282 5269 5263 5264 5266 5268 5269 5270 5277 5282 5278 5278 5281 5293 5305 5301 5297 5302 5307 5313 5317 5325 5333 5333 5334 5335 5329 5333 5338 5338 5334 5330 5317 5307 5306 5301 5305 5313
5409 5414 5425 5436 5381 5362 5379 5391 5393 5399 5398 5387 5378 5386 5411 5382 5362 5406 5384 5290 5258 5250 5233 5217 5205 5191 5212 5268 5289 5281 5295 5278 5268 5252 5267 5283 5280 5272 5278 5284 5291 5298 5297 5299 5301 5298 5291 5279 5268 5266 5266 5268 5270 5273 5278 5279 5277 5277 5281 5289 5298 5296 5292 5293 5295 5306 5317 5322 5325 5336 5336 5334 5336 5344 5350 5349 5328 5308 5305 5302 5299 5297 5300 5313
5380 5380 5373 5350 5314 5323 5323 5337 5365 5384 5370 5363 5351 5355 5351 5346 5350 5380 5340 5264 5251 5243 5226 5217 5222 5226 5244 5283 5305 5298 5279 5280 5267 5258 5282 5283 5280 5279 5284 5287 5288 5285 5291 5296 5298 5298 5298 5287 5272 5268 5268 5269 5273 5277 5281 5280 5276 5277 5282 5294 5301 5297 5296 5297 5302 5309 5318 5327 5333 5332 5337 5340 5348 5343 5337 5332 5317 5303 5298 5297 5295 5292 5301 5312
5362 5352 5334 5308 5317 5309 5304 5309 5337 5353 5352 5349 5343 5334 5325 5319 5334 5375 5318 5232 5254 5248 5233 5229 5250 5262 5307 5334 5358 5364 5308 5286 5249 5262 5297 5279 5290 5294 5291 5291 5291 5283 5292 5298 5302 5303 5297 5286 5273 5270 5270 5272 5275 5281 5284 5281 5277 5279 5285 5293 5294 5296 5297 5300 5305 5313 5325 5336 5339 5340 5342 5344 5326 5318 5311 5308 5306 5300 5296 5294 5295 5299 5304 5309
5309 5317 5317 5311 5302 5305 5305 5300 5307 5320 5331 5330 5328 5316 5299 5298 5304 5330 5283 5235 5298 5294 5306 5291 5274 5298 5347 5372 5400 5437 5358 5284 5239 5249 5283 5281 5294 5298 5295 5293 5296 5296 5298 5302 5305 5303 5293 5285 5277 5274 5273 5274 5276 5279 5282 5274 5278 5281 5285 5288 5294 5296 5300 5304 5311 5323 5333 5346 5356 5347 5341 5331 5316 5306 5306 5303 5302 5301 5298 5296 5297 5298 5298 5305
5271 5283 5297 5309 5305 5310 5314 5292 5277 5284 5288 5308 5334 5307 5296 5290 5277 5261 5262 5278 5304 5329 5360 5338 5302 5332 5373 5379 5390 5394 5372 5282 5248 5235 5266 5273 5291 5295 5293 5290 5288 5297 5303 5306 5309 5304 5297 5292 5288 5282 5275 5274 5277 5277 5275 5275 5277 5280 5284 5289 5289 5293 5299 5307 5317 5328 5335 5341 5345 5346 5335 5313 5304 5301 5305 5303 5301 5298 5299 5301 5300 5294 5293 5301
5238 5259 5271 5275 5280 5296 5304 5284 5291 5288 5288 5292 5298 5291 5283 5296 5278 5263 5242 5274 5332 5336 5369 5349 5308 5336 5358 5355 5347 5321 5287 5298 5250 5240 5256 5268 5279 5285 5286 5287 5291 5297 5303 5306 5314 5329 5310 5304 5304 5293 5283 5280 5280 5278 5277 5278 5279 5279 5284 5291 5292 5287 5298 5309 5316 5323 5331 5339 5340 5335 5322 5298 5294 5296 5297 5302 5301 5299 5305 5307 5306 5302 5293 5301
5237 5246 5259 5271 5281 5278 5284 5305 5309 5304 5300 5302 5308 5309 5300 5295 5289 5279 5249 5293 5343 5316 5328 5333 5346 5305 5316 5317 5312 5313 5321 5315 5254 5243 5245 5258 5272 5276 5280 5282 5286 5290 5293 5299 5305 5307 5314 5310 5308 5304 5297 5291 5285 5282 5281 5280 5281 5281 5285 5296 5301 5296 5303 5310 5313 5312 5319 5333 5332 5322 5306 5297 5293 5295 5308 5304 5303 5304 5310 5309 5310 5314 5305 5304
5230 5238 5246 5254 5259 5270 5293 5310 5315 5319 5321 5332 5340 5349 5325 5291 5298 5283 5270 5326 5354 5298 5290 5309 5311 5292 5293 5292 5290 5290 5293 5282 5266 5239 5244 5251 5258 5270 5275 5277 5275 5278 5282 5294 5298 5295 5305 5310 5312 5312 5312 5301 5291 5283 5280 5282 5281 5283 5288 5295 5305 5312 5308 5308 5305 5291 5300 5311 5317 5314 5310 5299 5295 5294 5301 5304 5305 5305 5302 5304 5308 5311 5307 5304
5219 5232 5253 5262 5268 5284 5309 5314 5318 5328 5338 5317 5274 5296 5311 5291 5292 5279 5288 5338 5338 5303 5304 5307 5300 5286 5280 5277 5273 5263 5244 5242 5249 5233 5241 5253 5262 5270 5276 5281 5283 5287 5295 5299 5303 5302 5302 5308 5309 5314 5317 5306 5294 5284 5282 5283 5285 5286 5290 5293 5302 5310 5306 5302 5279 5265 5290 5309 5312 5310 5305 5304 5302 5299 5304 5306 5307 5306 5301 5300 5301 5306 5309 5304
5204 5224 5252 5268 5276 5289 5311 5324 5326 5329 5335 5345 5315 5323 5305 5299 5296 5282 5292 5334 5327 5309 5310 5306 5297 5279 5271 5267 5262 5257 5257 5240 5240 5226 5245 5259 5266 5273 5279 5285 5294 5297 5302 5310 5316 5326 5318 5312 5314 5321 5316 5306 5294 5284 5285 5289 5287 5286 5289 5292 5294 5297 5302 5304 5302 5285 5302 5323 5315 5311 5307 5302 5304 5301 5305 5309 5310 5310 5304 5298 5297 5298 5304 5300
5197 5217 5241 5269 5292 5305 5299 5313 5317 5320 5321 5306 5310 5303 5302 5296 5296 5300 5284 5301 5311 5308 5304 5302 5288 5269 5267 5264 5262 5260 5262 5244 5242 5234 5253 5266 5268 5275 5285 5295 5299 5308 5314 5323 5331 5334 5331 5319 5297 5288 5310 5304 5294 5284 5287 5296 5287 5278 5281 5286 5291 5295 5301 5303 5307 5320 5307 5295 5314 5317 5315 5309 5311 5314 5314 5313 5313 5311 5301 5299 5300 5298 5295 5295
5197 5218 5247 5274 5298 5305 5286 5289 5295 5307 5313 5313 5307 5308 5300 5291 5293 5302 5313 5311 5314 5309 5303 5300 5290 5274 5271 5267 5261 5254 5244 5242 5220 5233 5245 5244 5259 5276 5291 5309 5319 5323 5333 5338 5344 5356 5349 5334 5319 5312 5307 5303 5294 5285 5284 5294 5292 5279 5282 5286 5292 5297 5302 5312 5322 5331 5326 5317 5322 5327 5329 5325 5327 5331 5320 5316 5315 5315 5309 5303 5301 5299 5297 5295
5195 5226 5260 5278 5289 5287 5272 5271 5292 5302 5313 5321 5314 5313 5300 5290 5286 5325 5329 5316 5313 5301 5297 5291 5291 5287 5279 5270 5259 5249 5235 5239 5221 5231 5245 5248 5262 5279 5295 5304 5321 5335 5345 5351 5353 5352 5366 5346 5327 5318 5316 5306 5297 5290 5289 5284 5282 5281 5285 5288 5294 5295 5302 5311 5324 5338 5341 5339 5336 5339 5342 5341 5336 5328 5319 5318 5317 5317 5313 5303 5294 5295 5298 5295
5205 5245 5276 5283 5278 5266 5272 5291 5292 5298 5311 5318 5323 5319 5305 5299 5309 5343 5336 5324 5315 5309 5298 5285 5278 5286 5289 5272 5259 5248 5236 5233 5220 5239 5254 5257 5271 5285 5303 5326 5334 5344 5356 5359 5357 5360 5367 5343 5331 5326 5320 5309 5302 5301 5298 5280 5281 5284 5287 5285 5277 5288 5300 5313 5324 5333 5332 5335 5341 5347 5352 5344 5336 5326 5320 5319 5317 5315 5311 5304 5298 5295 5297 5294
5232 5279 5298 5287 5274 5263 5268 5278 5271 5292 5310 5316 5312 5313 5304 5307 5319 5337 5319 5323 5330 5322 5306 5288 5285 5282 5272 5266 5258 5250 5242 5234 5226 5235 5251 5264 5278 5291 5302 5313 5331 5345 5356 5356 5348 5338 5323 5328 5328 5325 5318 5310 5305 5306 5297 5281 5277 5282 5287 5285 5271 5284 5299 5313 5324 5333 5338 5339 5343 5346 5341 5336 5334 5331 5326 5322 5317 5311 5309 5305 5303 5299 5296 5293
5240 5289 5293 5285 5274 5265 5271 5275 5280 5294 5315 5326 5321 5311 5303 5312 5322 5323 5330 5335 5349 5359 5321 5297 5307 5285 5267 5262 5258 5250 5242 5247 5241 5228 5227 5266 5281 5295 5305 5314 5331 5343 5351 5351 5335 5325 5328 5325 5320 5313 5309 5305 5299 5301 5293 5283 5280 5284 5288 5286 5281 5289 5301 5312 5323 5331 5338 5341 5340 5338 5335 5321 5330 5334 5331 5326 5320 5314 5309 5306 5305 5301 5301 5299
5249 5286 5283 5280 5275 5278 5281 5278 5282 5296 5315 5327 5338 5318 5302 5314 5329 5336 5342 5338 5342 5344 5335 5307 5299 5290 5282 5266 5259 5256 5251 5251 5261 5256 5227 5247 5276 5297 5316 5328 5332 5336 5345 5351 5327 5318 5315 5315 5316 5312 5307 5303 5298 5286 5290 5284 5284 5289 5293 5291 5290 5295 5304 5314 5322 5331 5346 5339 5334 5331 5329 5329 5331 5334 5334 5329 5324 5314 5313 5303 5296 5302 5305 5303
5256 5280 5271 5271 5274 5275 5281 5286 5285 5303 5324 5328 5317 5315 5304 5308 5334 5359 5351 5347 5336 5336 5332 5317 5302 5291 5274 5267 5261 5256 5253 5258 5252 5264 5250 5247 5271 5295 5317 5330 5329 5324 5309 5282 5319 5322 5316 5314 5315 5309 5298 5299 5304 5295 5297 5303 5306 5298 5299 5298 5297 5300 5306 5318 5319 5323 5323 5330 5329 5325 5323 5323 5324 5327 5328 5329 5334 5336 5322 5315 5308 5306 5306 5300
5228 5247 5247 5257 5270 5281 5283 5289 5300 5313 5325 5325 5324 5316 5312 5312 5335 5346 5294 5322 5318 5321 5321 5306 5311 5293 5280 5269 5262 5257 5255 5261 5239 5271 5259 5251 5267 5290 5310 5320 5320 5317 5312 5318 5313 5316 5315 5315 5314 5301 5288 5293 5304 5301 5304 5311 5319 5316 5302 5305 5306 5305 5303 5303 5315 5321 5325 5323 5324 5323 5322 5318 5319 5322 5322 5323 5326 5328 5324 5322 5316 5312 5309 5304
5214 5193 5216 5240 5259 5269 5277 5290 5307 5318 5318 5307 5280 5286 5297 5297 5320 5332 5316 5296 5288 5295 5302 5308 5298 5287 5273 5265 5261 5256 5252 5241 5253 5266 5257 5244 5267 5279 5298 5305 5308 5312 5318 5320 5309 5311 5317 5318 5307 5295 5285 5287 5287 5308 5306 5307 5315 5301 5311 5309 5309 5311 5311 5312 5314 5316 5314 5317 5323 5326 5323 5321 5322 5321 5318 5318 5317 5318 5320 5319 5317 5314 5311 5308
5192 5178 5202 5231 5252 5263 5262 5285 5308 5313 5283 5288 5277 5269 5282 5289 5312 5318 5295 5293 5289 5290 5297 5311 5297 5282 5268 5261 5263 5274 5254 5252 5257 5278 5262 5240 5267 5263 5259 5275 5292 5305 5319 5334 5310 5307 5310 5313 5303 5292 5287 5287 5292 5301 5303 5301 5319 5317 5324 5309 5312 5319 5325 5323 5317 5311 5308 5316 5327 5330 5329 5327 5328 5323 5318 5317 5318 5317 5316 5316 5317 5315 5311 5306
5180 5179 5203 5234 5259 5273 5280 5279 5301 5303 5288 5265 5265 5268 5276 5286 5288 5296 5299 5304 5297 5297 5302 5295 5288 5277 5264 5257 5255 5254 5261 5260 5270 5292 5286 5255 5260 5248 5238 5260 5279 5296 5310 5319 5310 5300 5298 5297 5291 5287 5285 5287 5288 5300 5303 5303 5309 5313 5320 5312 5318 5326 5339 5333 5323 5313 5313 5321 5334 5342 5343 5336 5333 5326 5321 5320 5320 5317 5314 5315 5316 5315 5312 5310
5179 5186 5212 5242 5277 5280 5276 5292 5293 5292 5277 5261 5264 5274 5274 5277 5273 5280 5301 5300 5303 5298 5305 5296 5285 5274 5262 5254 5252 5250 5251 5265 5274 5278 5283 5277 5243 5242 5248 5256 5270 5285 5296 5300 5290 5286 5284 5284 5284 5284 5285 5292 5302 5307 5306 5307 5305 5310 5318 5323 5324 5325 5326 5332 5330 5328 5323 5330 5345 5357 5359 5340 5331 5327 5323 5321 5322 5318 5314 5314 5315 5313 5311 5309
5168 5186 5217 5239 5260 5273 5278 5283 5284 5277 5261 5250 5258 5271 5258 5257 5267 5267 5282 5301 5296 5292 5288 5296 5286 5273 5261 5252 5252 5253 5253 5266 5283 5293 5302 5287 5248 5238 5251 5253 5262 5274 5285 5288 5276 5276 5275 5269 5277 5283 5288 5289 5296 5305 5303 5300 5300 5304 5309 5323 5324 5324 5322 5333 5341 5340 5347 5351 5356 5358 5364 5364 5337 5332 5324 5319 5320 5320 5318 5314 5313 5310 5308 5306
