real_craters/C178-500m.grd
DSAA
287 287
-71.5925 71.5925
-71.5925 71.5925
3835.5301567137 5842.7713612084
[rows 60 to 89 of 287, columns 134 to 200 of 287]
5538.16 5532.25 5527.98 5526.38 5529.16 5529.37 5528.85 5526.9 5522.9 5517.21 5511.09 5505.65 5499.61 5493.69 5490.21 5489.78 5491.25 5492.75 5496.35 5504.08 5509.71 5508.22 5502.3 5496.8 5492.47 5489.57 5488.95 5488.23 5481.62 5474.36 5465.27 5462.18 5457.9 5454.22 5451.53 5451.8 5461.17 5471.55 5478.51 5483.73 5491.92 5483.54 5476.7 5474.08 5476.65 5477.99 5480 5487.84 5477.17 5464.21 5453.24 5443.82 5435.67 5428.16 5421.78 5417.23 5414.66 5413.97 5410.84 5404.42 5403.11 5402.61 5403.23 5406.02 5410.26 5413.06 5417.69
5533.41 5528.73 5524.61 5521.71 5519.71 5516.22 5520.76 5521.74 5520.05 5516.59 5512.68 5507.74 5500.33 5492.78 5487.99 5486 5485.16 5484.41 5480.79 5472.59 5494.53 5497.25 5496 5496.07 5490.82 5485.59 5486.47 5485.32 5479.68 5473.49 5467.93 5461.58 5456.5 5452.81 5451.75 5454.56 5464.65 5475.22 5479.69 5475.67 5474.01 5474.95 5467.89 5469.98 5470.45 5469.4 5472.31 5472.87 5468.49 5459.26 5450.1 5440.45 5432.2 5424.14 5417.51 5412.75 5409.88 5409.7 5408.35 5400.67 5397.5 5396.17 5396.85 5401.41 5408.25 5410.23 5413.8
5535.89 5531.47 5526.28 5519.79 5512.94 5515.32 5518.24 5519.6 5518.77 5516.71 5513.58 5508.24 5500.37 5492.72 5486.67 5482.95 5480.43 5478.08 5477.99 5480.88 5479.89 5480.76 5481.43 5491.25 5486.98 5484.14 5483.47 5481.54 5476.1 5469.9 5464.36 5460.45 5457.5 5453.56 5452.57 5460.52 5474.51 5487.89 5493.37 5492.77 5484.73 5477.12 5469.51 5467.26 5465.39 5460.92 5455.32 5450.3 5453.75 5450.56 5443.67 5435.72 5427.76 5420.64 5414.34 5408.42 5403.39 5403.54 5403.57 5397.97 5393.02 5389.68 5390.05 5394.2 5399.56 5404.55 5409.26
5544.86 5536.59 5529.78 5522.97 5514.42 5517.3 5520.24 5519.68 5518.39 5517.09 5515.04 5509.02 5499.94 5489.85 5484.73 5481.48 5478.35 5473.9 5468.75 5474.02 5474 5472.36 5473.77 5480.21 5479.61 5476.13 5476.89 5475.91 5471.7 5466.76 5461.75 5458.31 5458.55 5453.84 5449.95 5457.75 5483.56 5501.29 5506.81 5502.6 5492.4 5483.89 5478.61 5472.31 5464.48 5456.2 5448.9 5448.07 5447.73 5443.03 5437.04 5430.05 5423.15 5416.11 5409.49 5404.05 5400.43 5398.36 5397.24 5394.18 5388.6 5384.59 5383.84 5387.56 5391.85 5398.46 5403.92
5548.49 5539.78 5533.69 5530.37 5531.97 5530.22 5523.29 5519.54 5517.51 5516.61 5517.4 5518.74 5513.46 5492.05 5486.34 5482.16 5478.23 5474.11 5471.58 5470.99 5469.53 5464.36 5469.75 5474.52 5472.32 5468.3 5467.1 5467.18 5466.65 5465.2 5460.41 5454.06 5448.06 5453.22 5456.8 5467.74 5492.27 5508.31 5506.65 5499.81 5491.66 5486.39 5482.76 5475.33 5465.57 5456.08 5447.52 5446.51 5444.82 5436.41 5429.96 5424.29 5417.63 5411.26 5404.64 5398.15 5394.5 5395.55 5394.78 5390 5386.75 5382.43 5381.76 5384.86 5389.35 5394.11 5399.39
5544.68 5538.72 5534.66 5532.92 5532.84 5526.08 5521.4 5517.35 5514.85 5513.66 5513.96 5518.48 5516.96 5504.17 5492.11 5485.04 5479.61 5475.35 5472.9 5471.01 5469.15 5465.21 5466.99 5470.48 5466.87 5459.29 5449.17 5457.33 5462.31 5464.02 5459.24 5452.26 5449.34 5457.87 5472.94 5486.2 5498.92 5508.08 5499.57 5495.84 5488.69 5484.18 5480.21 5473.07 5465.98 5459.01 5451.71 5443.42 5433 5427.41 5423.04 5418.2 5413.5 5407.65 5401.67 5395.75 5391.5 5391.95 5392.22 5393.86 5388.78 5381.45 5380.6 5383.19 5386.89 5390.91 5395.11
5538.91 5534.19 5530.96 5529.15 5527.59 5520.45 5515.57 5511.9 5509.66 5508.44 5508.69 5508.74 5506.42 5501.12 5493.87 5486.77 5480.75 5475.91 5472.63 5469.26 5469.6 5470 5468.37 5469.21 5464.53 5458.1 5458.02 5458.02 5460.7 5462.77 5457.59 5452.07 5453.14 5463.06 5476.77 5489.31 5499.08 5504.75 5498.11 5491.61 5484.79 5479.7 5474.32 5472.03 5464.95 5459.29 5450.55 5435.48 5423.53 5419.21 5415.61 5411.98 5408.32 5404.2 5399.7 5395.45 5392.04 5389.53 5390.11 5391.72 5388.21 5382.58 5381.47 5384.34 5385.92 5387.78 5390.72
5533.75 5527.8 5523.72 5521.05 5517.53 5512.21 5507.31 5503.95 5502.5 5501.95 5501.12 5500.11 5498.33 5499.21 5493.24 5487.53 5482.33 5477.12 5470.4 5467.03 5471.24 5472.13 5471.33 5467.53 5464.94 5463.99 5465.75 5460.68 5458.47 5459 5454.02 5450.7 5454.49 5467.68 5480.37 5490.42 5495.65 5494.67 5493.78 5488.05 5479.3 5473.93 5470.11 5463.45 5459.74 5456.39 5449.46 5434.28 5416.78 5415.05 5412.43 5409.24 5405.91 5402.64 5399.44 5395.92 5392.36 5389.68 5387.79 5385.42 5383.18 5383.89 5380.91 5379.03 5382.1 5384.75 5387.25
5521.22 5515.79 5512.77 5510.75 5510.16 5501.07 5495.77 5494.07 5493.61 5494.71 5495.06 5493.05 5492.7 5494.57 5491.02 5486.79 5482.64 5479.08 5476.68 5470.17 5466.98 5466.22 5468.78 5469.01 5465.84 5464.39 5460.68 5458.73 5455.9 5450.02 5449.84 5450.05 5458.1 5474.03 5490.42 5494.22 5494.41 5495.22 5492.11 5474.23 5471.6 5467.21 5461.68 5455.25 5454.28 5454.3 5447.78 5435.51 5423.72 5415.97 5411.09 5407.34 5404.17 5401.57 5399.88 5398.98 5394.99 5390.55 5388.46 5385.94 5384.76 5383.24 5381.91 5378.02 5380 5382.41 5384.7
5498.18 5501.09 5499.94 5496.74 5491.32 5484.37 5483.2 5484.15 5484.67 5483.96 5485.09 5486.33 5486.81 5488.27 5487.98 5485.41 5482.6 5479.48 5475.17 5471.01 5467.54 5462.54 5462.07 5465.96 5464.82 5463.89 5457.69 5457.7 5459.25 5458.85 5450 5446.46 5457.94 5479.3 5494.62 5496.58 5491.53 5483.93 5481.43 5476.95 5467.41 5461.64 5456.67 5451.53 5451.08 5453.59 5446.86 5436.99 5428.2 5417.61 5410.56 5405.71 5402.46 5399.83 5398.37 5398.06 5395.84 5391.2 5388.64 5385.79 5385.47 5386.01 5384.31 5387.15 5380.88 5380.41 5382.06
5488.62 5490.54 5488.39 5484.19 5478.54 5474.42 5474.26 5477.62 5478.88 5478.07 5479.06 5481.44 5483.47 5484.84 5485.47 5483.88 5481.93 5479.85 5477 5471.13 5464.53 5462.08 5462.15 5461.87 5460.17 5462.8 5461.15 5458.4 5460.82 5459.47 5450.87 5445.26 5460.21 5485.51 5502.28 5498.38 5488.67 5477.04 5471.67 5467.95 5463.88 5456.51 5450.39 5446.79 5446.55 5446.23 5440.56 5431.58 5421.1 5414.69 5409.21 5404.2 5399.68 5396.03 5394.45 5393.61 5394.14 5392.83 5386.96 5383.42 5383.11 5384.32 5379.15 5375.2 5376.33 5376.95 5378.86
5480.52 5481.2 5479.33 5475.96 5472.27 5468.56 5471 5476.43 5478.14 5477.73 5478.13 5479.24 5480.91 5483.96 5484.11 5483 5481.17 5477.83 5474.18 5470.63 5466.41 5463.42 5462.69 5459.28 5457.51 5459.42 5455.88 5456.47 5462.05 5462.96 5456.8 5444.45 5467.68 5493.95 5506.24 5500.51 5490.15 5478.14 5474.35 5467.65 5464.66 5456.91 5449.03 5445.65 5442.38 5441.61 5435.19 5425.92 5416.53 5412.13 5407.06 5401.04 5395.75 5391.48 5389.01 5389.21 5390.64 5388.59 5383.75 5380.48 5377.39 5378.74 5372.99 5369.6 5371.02 5372.82 5375.06
5469.31 5472.62 5472.13 5470.58 5471.43 5476.21 5481.1 5480.15 5480.22 5481.68 5479.44 5478.1 5478.19 5482.53 5483.09 5482.38 5480.8 5477.99 5473.71 5469.06 5465.87 5462.96 5465.11 5456.77 5450.28 5455.38 5458.96 5461.79 5465.71 5471.22 5475.95 5481.87 5489.32 5503.01 5507.9 5500.16 5490.95 5487.78 5481.43 5470.93 5469.07 5470.22 5460.34 5446.55 5436.1 5427.13 5422.53 5419.39 5418.11 5412.97 5405.67 5399.29 5392.53 5386.89 5382.41 5381.74 5386.33 5385.72 5380.85 5377.98 5377.3 5373.79 5368.92 5366.8 5368.04 5369.71 5371.99
5465.64 5468.08 5466.35 5464.7 5467.94 5477.38 5483.95 5479.77 5479.22 5473.64 5478.47 5477.66 5478.41 5481.43 5482.46 5482.4 5481.15 5478.68 5473.17 5466.38 5460.88 5466.4 5463.06 5455.38 5447.28 5451.08 5457.44 5460.92 5463.9 5480.12 5496.41 5508.35 5507.45 5508.5 5505.34 5496.08 5484.54 5472.25 5467.78 5467.95 5468.55 5470.66 5460.69 5444.49 5430.7 5420.09 5406.58 5411.74 5414.36 5410.5 5403.4 5396.49 5390.24 5383.43 5376.89 5376.67 5383.08 5382.38 5377.76 5374.78 5370.61 5367.58 5366.61 5366.16 5367.01 5368.91 5370.67
5460.67 5463.03 5461.25 5459.84 5461.72 5465.3 5466.86 5472.19 5477.98 5483.15 5476.85 5475.28 5478.42 5481.18 5481.95 5481.91 5481.45 5478.49 5471.57 5462.76 5455.56 5462.02 5454.59 5450.07 5441.8 5450.09 5457.77 5464.98 5485.37 5501.55 5514.04 5519.91 5516.44 5508.42 5501.5 5491.97 5479.85 5469.89 5465.19 5464.41 5463.21 5458.28 5450.92 5439.42 5429.11 5420.74 5410.87 5407.16 5407.1 5404.23 5398.93 5393.66 5388.34 5382.62 5376.02 5375.42 5383.35 5382.76 5377.86 5373.19 5369.9 5365.44 5365.23 5365.92 5366.55 5367.64 5368.99
5456.06 5456.59 5456.86 5456.56 5456.58 5456.83 5457.8 5462.63 5468.14 5470.83 5470.18 5468 5468.74 5474.4 5478.54 5481.16 5481.37 5476.88 5470.07 5459.66 5450.97 5445.82 5447.59 5447.33 5440.15 5453.33 5479.81 5506.97 5529.17 5529.51 5530.37 5528.59 5522.91 5515.3 5502.09 5489.08 5477.88 5473.66 5470.46 5464.07 5460.71 5454.05 5445.27 5433.92 5421.28 5413.86 5406.56 5403.28 5399.34 5395.28 5394.1 5391.22 5387.66 5384.13 5380.72 5376.82 5375.14 5375.64 5374.8 5369.42 5365.96 5364.66 5365.56 5366.24 5366.81 5367.52 5368.39
5452.99 5452.57 5454.21 5455.1 5453.43 5451.05 5448.34 5453.16 5458.39 5460.89 5461.47 5462.92 5465.85 5468.68 5475 5480.12 5483.57 5481.91 5471.71 5458.55 5442.91 5443.67 5441.08 5443.06 5452.08 5480.99 5510.35 5535.62 5543.65 5544.33 5540.34 5533.42 5523.74 5514.36 5499.93 5485.25 5473.41 5467.86 5471.43 5462.84 5458.18 5451.85 5441.41 5429.59 5418.51 5410.72 5405.69 5402.39 5397.61 5392.81 5393.29 5390.42 5386.83 5384.56 5384.37 5376.21 5364.82 5364.91 5364.17 5364.76 5364.16 5365.44 5367.77 5366.88 5366.77 5367.1 5367.86
5451.59 5451.38 5452.17 5453.12 5451.2 5448.46 5445.27 5447.34 5451.67 5453.16 5452.62 5452.52 5457.9 5466.6 5473.14 5478.12 5483.29 5486.28 5473.78 5462.27 5456.66 5451.8 5452.45 5455.79 5486.78 5524.28 5537.34 5549.24 5557.13 5551.48 5538.82 5528.22 5516.69 5503.81 5492.62 5480.04 5468.5 5460.51 5458.12 5455.14 5451.58 5446.2 5435.07 5425.61 5419.92 5413.69 5408.32 5405.24 5403.87 5404.84 5396.68 5390.13 5384.48 5380.64 5379.75 5372.83 5369.32 5362.76 5361.18 5361.65 5362.3 5361.63 5366.19 5366.91 5366.38 5366.5 5366.55
5450.14 5451.18 5450.92 5449.57 5450.73 5449.38 5447.85 5445.8 5442.33 5444.74 5446.38 5445.4 5452.19 5462.9 5469.01 5473.42 5476.68 5474.96 5471.33 5462.74 5456.63 5457.55 5461.11 5486.9 5529.78 5548.34 5554.67 5560.3 5565.83 5554.56 5541.89 5526.14 5511.08 5496.9 5486.94 5476.96 5465.06 5456.36 5454.99 5450.54 5442.56 5433.4 5426.51 5419.88 5415.92 5414.97 5410.45 5408.85 5407.89 5403.68 5398.68 5389.54 5380.25 5371.57 5363.96 5364.95 5364.03 5360.97 5355.5 5360.16 5360.42 5360.35 5365.07 5365.38 5365.41 5365.32 5365.2
5445.56 5450.8 5452.21 5453.71 5453.85 5451.54 5448.67 5445.52 5444.5 5444.73 5447.05 5448.08 5451.91 5456.22 5460.89 5466.31 5477.05 5480.21 5470.76 5464.57 5461.21 5466.34 5474.88 5515.51 5548.53 5554.43 5561.22 5566.26 5562.97 5549.45 5536.2 5521.53 5506.44 5493.67 5484.09 5477.05 5478.34 5478.2 5464.57 5455.04 5441.36 5428.49 5418.64 5411.91 5414.04 5410.2 5409.74 5409.45 5409.42 5408.03 5399.34 5388.19 5376.62 5365.33 5357.12 5359.09 5360.96 5361.71 5364.25 5363.85 5362.09 5363.1 5363.43 5363.64 5363.98 5364.27 5364.2
5433.5 5415.89 5435.64 5459.8 5457.48 5453.42 5448.9 5445.49 5444.89 5446.31 5450.42 5456.78 5454.64 5454.25 5456.37 5458.52 5450.98 5459.65 5472.37 5474.3 5478.61 5490.75 5503.08 5543.66 5552.35 5558.17 5559.59 5557.23 5547.37 5538.3 5525.47 5513.94 5502.89 5490.96 5480.51 5472.88 5466.22 5461.3 5458.24 5455.3 5439.53 5425.8 5412.66 5396.4 5390.34 5409.49 5409.19 5408.91 5407.85 5404.99 5397.42 5386.76 5374.54 5362.16 5355.02 5357.16 5359.13 5359.56 5362.82 5361.35 5359 5358.6 5362.13 5363.25 5363.08 5363.03 5363.24
5432.22 5424.13 5446.1 5459.93 5458 5454.42 5451.06 5448.12 5444.9 5446.36 5449.73 5453.09 5452.71 5452.05 5454.25 5459.77 5473.35 5476.24 5484.08 5492.46 5502.72 5517.28 5538.28 5558.19 5559.35 5560.11 5556.27 5551 5538.51 5529.66 5516.99 5506.09 5493.68 5483.79 5474.85 5466.73 5457.18 5446.04 5444.34 5441.81 5433.99 5423.04 5412.02 5405.34 5403.68 5408.22 5407.45 5406.85 5405.95 5403.04 5396.98 5386.63 5374.9 5362.23 5354.09 5353.9 5353.72 5352.73 5352.73 5348.03 5350.26 5357.98 5361.67 5362.82 5363.45 5362.7 5363.05
5438.97 5442.19 5448.99 5453.91 5455.03 5453.96 5451.42 5447.52 5445.11 5445.81 5447.88 5449.37 5449.73 5449.83 5452.59 5462.16 5473.5 5488.21 5501.54 5514.5 5527.9 5541.73 5554.89 5554.14 5563.5 5560.91 5553.6 5544.25 5542.05 5527.76 5513.75 5500.94 5488.92 5477.44 5468.01 5460.47 5453.45 5439.43 5434.26 5425.78 5426.75 5418.99 5410.78 5406.89 5405.73 5403.95 5403.05 5403.74 5403.49 5400.9 5395.51 5386.98 5377.02 5368.6 5359.23 5351.37 5348.78 5346.41 5338.59 5325.07 5343.89 5359.09 5361.28 5361.63 5361.6 5361.09 5360.06
5440.77 5437.46 5439.88 5447.08 5451.78 5452.93 5451.46 5447.41 5445.06 5445.46 5447.02 5448.53 5448.17 5449.36 5455.33 5466.31 5481.62 5501.27 5520.19 5536.58 5550.17 5561.59 5565.81 5567.21 5568.15 5560.77 5553.86 5547.86 5541.14 5526.68 5510.68 5498.21 5484.8 5472.8 5462.17 5451.39 5443.8 5438.05 5433.09 5425.83 5419.73 5414.78 5406.23 5398.24 5396.45 5396.37 5396.87 5398.51 5399.97 5399.76 5395.89 5387.17 5378 5368.08 5359.34 5351.48 5347.96 5346.59 5346.83 5353.51 5350.67 5357.31 5360.84 5362 5361.09 5357.98 5356.35
5443.5 5437.99 5435.76 5445.18 5451.89 5454.33 5454.47 5452.03 5449.73 5446.91 5444.85 5445.51 5447.87 5450.48 5453.94 5471.49 5495.02 5516.44 5539.5 5558.12 5569.43 5574.9 5578.35 5576.69 5570.54 5558.85 5557.03 5552.05 5540.11 5526.19 5511.82 5495.22 5481.09 5468.03 5457.56 5450.54 5452.26 5451.87 5437 5426.4 5422.15 5416.1 5405.24 5391.44 5389.61 5389.17 5392.07 5395.96 5398.06 5397.8 5394.17 5387.65 5379.36 5371.05 5361.75 5351.91 5350.89 5349.9 5348.8 5348.4 5352.8 5360.49 5362.56 5360.32 5358.68 5356.49 5353.88
5453.55 5448.64 5445.94 5455.24 5459.22 5460.32 5459.98 5460.73 5456.79 5450.7 5445.38 5446.34 5451.26 5455.87 5463.05 5478.94 5501.02 5528.86 5556 5583.4 5584.53 5583.5 5579.61 5574.72 5569.62 5559.62 5557.31 5552.31 5519.08 5514.69 5504.22 5487.33 5473.93 5460.85 5452.01 5445.96 5446.2 5443.36 5438.14 5433.92 5434.22 5422.57 5412.01 5402.42 5397.13 5393.61 5394.25 5396.47 5397.57 5397.94 5396.49 5387.57 5379.91 5375.51 5369.57 5365.31 5358.66 5354.75 5351.95 5350.81 5350.1 5350.19 5358.48 5358.69 5357.08 5355.02 5353.55
5471.3 5473.71 5475.66 5475.39 5472.28 5469.07 5465.09 5460.28 5459.2 5457.45 5456.53 5456.43 5460 5465.79 5474.53 5492.06 5515.43 5540.61 5564.7 5579.81 5588.93 5588.17 5583.32 5582.56 5579.22 5568.72 5558.71 5543.85 5522.05 5509.37 5494.92 5477.89 5462.17 5452.76 5445.6 5440.38 5435.23 5434.55 5436.31 5436.99 5434.23 5427.55 5421.45 5415 5406.29 5403.53 5401.05 5398.54 5397.53 5395.76 5390.42 5385.41 5377.45 5370.14 5373.01 5372.29 5365.09 5358.94 5355.56 5353.68 5349.61 5350.54 5355.62 5356.49 5354.98 5353.32 5351.99
5495.26 5506.59 5507.34 5496.69 5489.28 5481.28 5473.99 5468.41 5467.5 5466.65 5466.2 5467.42 5470.36 5476.73 5488.78 5505.43 5525.91 5550.39 5574.26 5589.84 5593.23 5590 5585.12 5579.73 5572.68 5563.54 5548.31 5531.64 5521.09 5506.37 5486.89 5467.58 5455.17 5446.42 5440.11 5435.36 5432.67 5430.96 5433.47 5434.39 5427.91 5430.29 5428.75 5421.72 5413.48 5404.91 5399.88 5398.84 5397.84 5395.58 5390.54 5385.76 5379.37 5372.68 5374.66 5373.83 5366.7 5360.14 5354.52 5347.58 5347.76 5351.02 5354.19 5353.91 5352.7 5351.62 5350.03
5519.48 5536.36 5529.85 5517.77 5506.63 5493.81 5482.48 5476.53 5474.18 5475 5477.55 5477.59 5480.35 5486.32 5494.49 5511.8 5537.29 5558.87 5576.5 5591.28 5597.46 5594.73 5580.84 5575.55 5565.27 5551.24 5526.29 5528.99 5514.32 5500.09 5480.35 5456.03 5443.96 5442.49 5436.83 5428.73 5425.67 5429.73 5434.16 5435.27 5434.79 5436.07 5433.99 5424.26 5406.9 5401.18 5399 5398.98 5399.02 5398.48 5395.7 5390.41 5383.72 5379.12 5373.2 5369.89 5364.95 5359.75 5354.78 5352.35 5350.8 5349.37 5350.43 5350.29 5350.16 5350.28 5351.19
5537.47 5556.43 5561.3 5546.87 5522.86 5504.05 5489.92 5480.82 5483.06 5479.31 5483.96 5483.38 5488.77 5495.74 5503.38 5523.88 5548.99 5569.89 5586.25 5596.21 5606.01 5608.49 5608.87 5595.79 5578.55 5559.51 5555.62 5537.26 5510.83 5492.13 5478.61 5466.03 5454.21 5446.94 5441.43 5433.22 5426.78 5435.09 5440.09 5444.11 5449.06 5441.23 5435.35 5420.15 5397.51 5399 5397.34 5399.44 5401 5402.4 5405.66 5394.51 5376.7 5368.46 5368.99 5365.97 5362.48 5359.91 5357.8 5360.3 5354.84 5348.54 5345.19 5347.14 5348.49 5348.83 5349.17
