real_craters/C178-300m.grd
DSAA
478 478
-71.5925 71.5925
-71.5925 71.5925
3822.4639281806 5862.2962593754
[rows 150 to 179 of 478, columns 134 to 200 of 478]
5215.47 5214.33 5213.45 5212.39 5211.37 5210.44 5212.07 5215.66 5219.25 5222.63 5225.1 5227.43 5229.28 5234.15 5238.1 5238.98 5241.87 5245.19 5248.97 5253.34 5256.54 5260.25 5262.05 5265.01 5267.12 5268.44 5269.18 5269.33 5271.43 5273 5274.35 5276.27 5279.38 5281.95 5284.27 5286.24 5287.81 5288.94 5289.95 5291.3 5293.48 5294.99 5295.82 5295.73 5293.86 5292.5 5294.02 5304.04 5312.2 5321.77 5331.69 5338.48 5344.81 5351.86 5360.49 5369.82 5380.78 5392.87 5406.64 5417.45 5423.15 5425.43 5431.21 5430.71 5424.47 5423.87 5424.52
5213.76 5212.07 5211.38 5210.04 5209.39 5209.09 5210.01 5212.17 5214.92 5217.96 5220.94 5225.05 5228.21 5231.25 5232.33 5235.82 5238.97 5243.65 5247.35 5251.78 5255.11 5257.88 5260.83 5263.24 5265.07 5266.46 5268.01 5271.41 5272.7 5274.99 5278.17 5281.64 5283.65 5285.55 5287.31 5288.53 5289.72 5290.42 5290.55 5292.02 5295.2 5297.42 5298.85 5299.66 5300.01 5300.64 5304.89 5310.18 5317.35 5324.21 5329.5 5334.27 5340.74 5348.92 5358.43 5368.76 5380.1 5391.69 5405.24 5418.21 5426.97 5431.73 5428.21 5425.16 5422.68 5421.86 5422.48
5210.51 5209.38 5208.44 5207.12 5206.45 5206.88 5207.57 5208.73 5210.25 5212.4 5215.09 5221.6 5228.99 5226.52 5228.28 5231.96 5235.72 5240.53 5244.48 5248.43 5251.99 5255.41 5258.13 5260.82 5263.25 5264.93 5266.43 5269.08 5273.29 5277.17 5281.56 5285.38 5287.76 5289.35 5290.62 5291.74 5292.64 5293.48 5294.25 5295.87 5299.16 5301.6 5303.5 5305.2 5307.61 5308.9 5310.37 5317.02 5325.32 5331.17 5326.51 5328.5 5335.36 5344.47 5353.9 5364.41 5375.57 5386.94 5397.52 5407.87 5415.19 5421.03 5418.45 5417.28 5417.34 5417.73 5418.75
5206.01 5204.81 5203.63 5202.82 5202.43 5202.94 5203.8 5204.57 5205.16 5205.84 5206.41 5209.62 5214.66 5218.16 5222.22 5227.55 5232.32 5236.68 5240.97 5244.57 5248.33 5251.91 5255.76 5258.93 5261.91 5264.13 5266.07 5268.42 5274.51 5279.43 5284.58 5288.28 5291.81 5293.08 5294.04 5294.96 5296.16 5297.76 5299.97 5302.58 5304.59 5306.63 5308.7 5310.83 5313.19 5317.38 5320.63 5324.38 5324.51 5321.89 5320.4 5322.72 5329.99 5340.03 5350.7 5361.08 5371.23 5380.41 5387.09 5390.46 5386.46 5393.78 5406.4 5409.57 5411.92 5413.04 5413.71
5198.62 5197.53 5197.83 5197.12 5197.9 5199.08 5200.09 5200.64 5200.97 5200.04 5197.45 5195.3 5199.33 5208.16 5215.82 5222.42 5228.05 5232.92 5237.49 5242.12 5246.07 5249.71 5253.04 5256.77 5260.59 5264.54 5268.81 5272.93 5277.04 5281.47 5287.7 5295.24 5296.29 5295.96 5296.56 5297.67 5299.27 5301.28 5304.25 5307.87 5309.25 5311.78 5314.1 5316.17 5319.92 5324.97 5333.78 5330.38 5322.74 5315.76 5313.01 5313.9 5325.47 5337.27 5347.63 5357.34 5366.11 5374.13 5380.17 5384.42 5382.78 5389.9 5403.56 5409.62 5408.58 5408.54 5408.35
5190.08 5191.36 5190.77 5191.6 5192.76 5194.15 5196.69 5197.99 5198.34 5196.75 5191.85 5186.96 5191.63 5202.46 5211.5 5218.73 5225.14 5230.36 5235.22 5240.05 5243.6 5247.26 5251.26 5255.36 5259.68 5264.54 5270.48 5275.33 5278.28 5281.96 5287.73 5293.6 5295.75 5296.63 5298.06 5299.7 5301.63 5304.13 5306.25 5307.68 5313.01 5317.06 5320.18 5321.45 5321.17 5327.65 5330.58 5327.99 5321.79 5315.03 5313.37 5314.97 5327.69 5337.64 5346.75 5354.5 5362.31 5369.47 5375.21 5379.91 5388.22 5393.65 5402.75 5406.96 5405.6 5404.21 5402.93
5180.54 5183.51 5185.88 5187.14 5188.7 5190.99 5194.41 5197.35 5198.45 5197.23 5192.96 5190.16 5194.07 5202.69 5210.75 5217.48 5223.13 5228.05 5231.93 5236.85 5241.21 5245.18 5249.12 5253.35 5257.99 5262.66 5267.34 5272.41 5277.16 5280.7 5285.39 5288.92 5292.37 5296 5298.73 5300.79 5303.25 5306.03 5309.01 5313.43 5317.3 5322.53 5327.73 5331.15 5331.18 5331.61 5329.44 5325.9 5322.51 5320.7 5324.62 5333.69 5335.69 5339.61 5345.81 5352.75 5359.73 5366.34 5372.47 5378.01 5382.81 5391.26 5397.84 5402.33 5402.26 5400.06 5398.28
5174.9 5179.48 5182.8 5184.41 5183.55 5187.1 5194.37 5198.94 5201.74 5202.38 5199.67 5195.74 5201.11 5207.91 5213.67 5218.82 5222.48 5226.62 5231.04 5235.01 5238.92 5243.06 5247.09 5251.13 5255.7 5260.07 5265.18 5269.86 5274.93 5278.65 5283.32 5287.68 5291.83 5295.52 5298.98 5301.99 5305.05 5307.84 5310.95 5313.91 5319.9 5327.02 5334.49 5343.25 5345.71 5336.28 5328.96 5324.03 5323.18 5325.65 5329.31 5334.66 5336.13 5339.76 5345.52 5351.57 5357.58 5363.89 5370.18 5378.61 5390.44 5387.44 5386.16 5390.96 5393.95 5392.98 5392.25
5170.6 5176.31 5182.16 5186.29 5187.52 5191.15 5198.05 5203.51 5208.22 5210.66 5211.36 5211.03 5213.2 5216.13 5218.36 5221.04 5224.24 5227.57 5230.69 5234.53 5238.27 5241.73 5245.36 5249.29 5253.41 5257.25 5261.05 5266.63 5272.37 5276.62 5281.82 5286.53 5290.44 5295.52 5299.15 5302.45 5306.09 5309.72 5313.47 5317.62 5323.53 5329.75 5336.34 5343.67 5344.46 5335.99 5327.52 5321.89 5322.45 5324.95 5327.29 5326.9 5332.95 5339.36 5344.83 5350.09 5354.99 5360.32 5364.53 5370.77 5380.14 5374.82 5375.63 5379.76 5382.34 5385.88 5387.76
5166.15 5173.23 5181.11 5190.32 5200.61 5202.05 5203.21 5207.74 5214.45 5220.12 5227.27 5226.13 5227.98 5224.87 5223.41 5223.57 5225.26 5227.67 5230.92 5234.06 5237.46 5240.62 5243.94 5247.22 5251.17 5255.7 5258.85 5264.63 5269.17 5274.68 5280.54 5287.34 5294.93 5295.79 5298.48 5301.93 5306.29 5310.5 5315.23 5321.21 5326.27 5329.83 5333.66 5335.08 5335.54 5332.19 5325.7 5320.22 5322.01 5325.61 5329.06 5332.59 5337.27 5340.7 5345.22 5350.15 5354.52 5356.81 5357.29 5351.71 5342.28 5355.35 5374 5375.14 5376.66 5381.41 5385.84
5160.34 5167.76 5176.71 5188.29 5201.45 5202.64 5202.78 5206.87 5214.78 5224.51 5242.83 5258 5239.66 5229.6 5225.36 5224.38 5225.47 5227.87 5229.99 5233.51 5237.36 5240.25 5242.98 5245.83 5249.18 5254.5 5261.77 5263.4 5266.92 5272.5 5278.38 5284.45 5289.18 5293.15 5296.9 5300.96 5305.26 5309.84 5314.96 5320.11 5324.48 5327.3 5330 5332.66 5332.03 5329.57 5325.84 5322.11 5323.61 5325.96 5329.05 5334.01 5337.53 5340.55 5345.12 5349.53 5353.81 5356.31 5356.63 5351.04 5337.99 5341.45 5361.2 5370.3 5373.36 5381.23 5387.5
5153.96 5160.51 5167.99 5176.63 5185.75 5190.47 5193.79 5198.53 5206.43 5214.97 5232.14 5242.55 5232.92 5224.36 5221.62 5221.14 5222.88 5226.11 5229.7 5233.65 5236.29 5241.45 5243.85 5245.69 5245.34 5246.85 5253.89 5258.17 5264.19 5270.47 5275.98 5280.55 5283.79 5289.56 5294.8 5299.7 5304.17 5308.64 5312.9 5317.5 5320.9 5322.47 5324.95 5328.12 5328.63 5328.3 5327.96 5327.9 5327.79 5326.58 5325.05 5328.59 5332.12 5338.93 5344.39 5349.69 5354.27 5358.58 5362.19 5363.72 5346.87 5339.73 5358.03 5372.35 5379.78 5388.24 5391.87
5146.65 5151.41 5156.26 5160.88 5165.77 5173.48 5179.41 5184.54 5189.86 5192.68 5201.86 5209.92 5211.25 5211.18 5212.14 5214.61 5218.39 5223.29 5226.92 5231.63 5236.88 5242.85 5245.56 5247.52 5244.9 5238.58 5238.23 5254.44 5263.47 5270.06 5275.1 5279.1 5283.15 5287.91 5293.43 5298.72 5303.35 5307.42 5310.92 5312.96 5313.84 5316.62 5318.5 5320.78 5323.71 5326.95 5330.07 5333.42 5333.36 5330.77 5329.63 5331.51 5334.95 5340.26 5344.88 5349.84 5355.47 5361.13 5366.79 5374.54 5365.88 5361.29 5369.44 5382.79 5397.3 5398.14 5396.29
5138.5 5141.9 5144.62 5147.25 5151.92 5157.91 5163.92 5168.06 5170.16 5165.7 5164.2 5173.28 5186.08 5194.4 5200.88 5206.4 5212.72 5217.78 5224.79 5230.73 5236.59 5243.67 5248.66 5252.8 5254.32 5254.64 5255.54 5262.29 5267.44 5272.06 5276.12 5279.57 5281.86 5287.42 5293.45 5298.42 5303.05 5307.03 5310.22 5311.65 5311.28 5313.86 5314.6 5311.82 5320.09 5325.95 5330.63 5335.36 5335.92 5334.29 5335.54 5337.45 5341.46 5342.18 5345.17 5350.63 5357.17 5363.56 5368.22 5368.22 5375.86 5385.89 5389.71 5391.18 5396.09 5397.23 5396.85
5134.49 5135.87 5135.3 5133 5136.27 5144.37 5150.52 5153.67 5153.1 5144.5 5136.11 5147.96 5165.73 5179.13 5188.9 5197.45 5205.87 5213.72 5221.8 5228.84 5236.77 5243.99 5251.22 5258.24 5267.07 5280.48 5280.54 5275.05 5273.73 5275.61 5278.33 5281.65 5286.98 5291.38 5294.26 5298.93 5303.67 5307.95 5311.82 5315.06 5315.57 5319.35 5319.01 5318.41 5322.22 5326.83 5330.51 5332.26 5332.95 5334.84 5336.12 5337.67 5340.35 5339.52 5343.12 5350.43 5358.68 5367.13 5373.62 5377.51 5383 5383.27 5390.2 5394.62 5394.53 5394.11 5394.67
5133.4 5133.63 5131.13 5124.53 5126.02 5136.21 5142.17 5144.29 5142.7 5135.61 5132.7 5140.58 5154.41 5168.24 5179.91 5190.08 5200.62 5209.13 5217.9 5226.58 5234.63 5243.45 5252.04 5261.62 5271.85 5284.12 5285.51 5281.56 5278.33 5278.71 5280.51 5283.08 5285.31 5288.43 5294.47 5299.45 5304.45 5309.57 5314.79 5321.12 5329.62 5329.41 5326.27 5326.54 5326.95 5329.61 5332.14 5333.19 5333.48 5334.65 5335.17 5331.04 5326.2 5329.01 5338.29 5349.56 5361.26 5372.66 5383 5390.39 5395.97 5403.11 5401.9 5398.82 5395.53 5393.06 5391.93
5134.95 5135.17 5135.34 5135.6 5134.62 5137.33 5140.06 5141.01 5139.57 5133.81 5133.65 5139.44 5149.6 5161.27 5171.88 5183.23 5192.97 5202.66 5212.01 5221.81 5231.65 5240.29 5249.73 5259.62 5269.47 5276.41 5281 5282.92 5279.95 5280.55 5281.93 5284.15 5287.22 5292.08 5295.54 5300.16 5305.41 5311.37 5317.06 5322.96 5329.75 5330.84 5327.99 5327.96 5330.83 5333.48 5335.78 5337.5 5338.23 5334.44 5329.23 5321.59 5313.46 5319.76 5334.59 5349.12 5363.07 5377 5390.86 5402.73 5404.54 5410.1 5409.99 5402.16 5394.94 5389.7 5388.56
5139.11 5140.67 5141.49 5144.34 5142.98 5141.01 5140.94 5141.1 5136.81 5135.45 5133.14 5139.95 5147.43 5156.18 5166.26 5175.63 5186.1 5195.67 5206.28 5216.91 5227.09 5235.95 5246.6 5257.36 5265.93 5270.75 5276.88 5277.97 5279.44 5280.61 5282.19 5284.51 5287.98 5292.85 5295.88 5300.97 5306.83 5312.61 5317.95 5322.25 5325.37 5326.81 5328.28 5331.33 5335.26 5338.62 5340.7 5341.42 5339.88 5335.44 5328.41 5320.24 5314.43 5320.77 5336.56 5351.61 5365.26 5378.4 5390.91 5399.68 5402.36 5405.87 5409.02 5402.74 5394.39 5387.22 5386.31
5144.47 5143.7 5143.52 5144.61 5143.42 5142.49 5142.67 5142.76 5138.56 5139.7 5142.74 5142.09 5146.39 5152.83 5160.01 5168.26 5179.22 5189.08 5199.98 5210.52 5220.29 5231.77 5244.17 5257.2 5265.65 5269.71 5276.34 5277.05 5278.61 5280.42 5282.14 5284.07 5285.93 5287.79 5294.33 5301.53 5307.62 5313.64 5319.06 5322.26 5321.55 5321.2 5330.25 5336.64 5340.95 5344.63 5346.82 5347.1 5344.05 5341.51 5335.54 5329 5328.15 5333.9 5345.9 5357.68 5368.82 5379.49 5388.7 5394.17 5396.03 5397.69 5405.29 5404.33 5398 5388.82 5389.62
5148.22 5147.41 5142.97 5138.95 5140.49 5141.92 5143.04 5143.35 5139.94 5139.45 5140.11 5141.45 5143.83 5148.39 5154.13 5162.2 5171.94 5181.65 5191.96 5202.34 5215.84 5228.49 5241.34 5256.86 5269.95 5276.52 5278.62 5277.05 5278.1 5279.84 5281.9 5284.22 5285.69 5286.67 5294.74 5302.84 5309.89 5315.98 5322.16 5327.13 5328.98 5329.61 5334.11 5341.74 5348.05 5351.63 5354.14 5356.27 5357.35 5355.29 5350.05 5347.47 5349.92 5356 5359.68 5365.4 5372.4 5380.52 5389.04 5392.32 5392.29 5396.5 5405.06 5412.41 5412.22 5405.44 5405.54
5155.67 5152.21 5144.34 5136.6 5138.71 5140.52 5141.85 5143.79 5141.41 5137.02 5136.26 5138.95 5139.79 5141.99 5146.38 5153.48 5162.76 5172.04 5183.73 5194.91 5208.48 5221.66 5236.1 5253.75 5272.27 5281.88 5278.62 5275.32 5276.53 5279.09 5282.05 5285.29 5288.85 5292.78 5298.92 5305.61 5312.6 5319.49 5326.87 5335.49 5345.9 5357.43 5355.1 5356.38 5357.99 5359.36 5361.34 5364.72 5370.37 5367.53 5362.05 5362.45 5365.61 5370.97 5371.23 5372.94 5376.71 5381.12 5386.47 5390.77 5392.8 5400.1 5419.92 5432.73 5437.25 5440.34 5437.31
5163.08 5159.42 5151.84 5144.31 5140.61 5138.02 5138.1 5142.66 5146.54 5143.32 5140.11 5138.24 5133.27 5131.91 5135.6 5141.73 5151.96 5163.14 5175.09 5188.16 5201.25 5214.07 5226.97 5243.01 5259.01 5269.09 5269.66 5269.75 5273.29 5277.63 5282.13 5287.2 5292.55 5297.88 5303.8 5309.16 5314.91 5321.56 5329.89 5340.99 5355.17 5371.43 5380.59 5372.96 5367.67 5365.32 5365.92 5367.72 5369.6 5368.65 5366.52 5366.59 5371.53 5377.89 5378.53 5379.62 5381.66 5383.68 5384.28 5393.91 5406.71 5423.2 5445.85 5454.8 5459.61 5471.83 5468.11
5169.96 5167.93 5162.29 5153.05 5141.67 5131.24 5126.57 5131.3 5147.01 5175.5 5159.68 5132.97 5119.65 5115.47 5120.23 5128.14 5139.85 5153.44 5167.48 5182.06 5195.17 5207.33 5217.53 5228.2 5233.12 5244 5256.11 5261.56 5269.04 5275.79 5282.11 5288.66 5295.61 5303.07 5308.65 5311.62 5315.73 5321.73 5330.04 5341.01 5354.32 5369.53 5385.92 5376.67 5369.9 5367.51 5366.71 5367.87 5368.15 5367.45 5367.02 5367.66 5371.1 5378.68 5381.79 5384.89 5388.7 5392.2 5395.82 5403.77 5414.88 5432.96 5452.11 5462.41 5468.55 5472.33 5469
5173.08 5175.19 5174.24 5161.46 5138.27 5116.67 5100.68 5096.15 5109.46 5162.56 5132.38 5101.75 5091.88 5093.56 5102.67 5115.33 5128.45 5143.59 5159.61 5175.04 5189.37 5201.78 5210.9 5219.39 5221.12 5233.57 5249.79 5255.97 5265.61 5273.66 5282.04 5289.62 5297.25 5304.63 5309.85 5311.82 5314.06 5318.74 5326.38 5335.45 5345.8 5357.44 5363.91 5364.79 5364.17 5365 5366.03 5368.14 5368.8 5368.53 5369.34 5365.19 5369.22 5375.81 5383.06 5391.04 5398.22 5404.85 5412.29 5418.04 5425.15 5443.21 5462.71 5475.75 5476.92 5468.54 5466.72
5168.75 5175.87 5178.47 5160.61 5127.18 5092.36 5060.51 5035.09 5016.98 5018.83 5032.13 5039.5 5050.46 5065.69 5083.14 5101.22 5118.46 5136.19 5154.08 5170.18 5186 5200.17 5214.63 5219.23 5223.45 5235.7 5244.95 5254.34 5264.16 5272.72 5280.68 5288.51 5296.48 5304.31 5310.05 5310.39 5310.39 5314.17 5321.31 5327.8 5332.62 5336.17 5339.66 5346.92 5354.49 5360.42 5365 5369.41 5373.41 5377.06 5379.63 5380.9 5383.12 5383.97 5389.88 5400.19 5410.56 5419.13 5428.8 5439.58 5442.38 5461.95 5481.7 5497.02 5492.16 5490.26 5511.13
5157.54 5167.6 5172.4 5148.84 5108.3 5063.35 5016.54 4967.98 4915.19 4884.17 4929.5 4972.74 5007.72 5036.97 5063.69 5087.55 5110.03 5130.84 5151.21 5169.51 5186.43 5202.29 5219.42 5226.35 5231.93 5244.32 5247.68 5256.65 5265.21 5271.99 5279.05 5286.32 5293.97 5301.62 5306.95 5308.21 5308.74 5312.07 5317.72 5322.1 5322.13 5314.61 5314.03 5332.64 5346.99 5357.1 5364.2 5370.8 5377.53 5385.6 5390 5399.01 5403.62 5396.45 5399.85 5413.22 5426.98 5440.62 5453.91 5473.01 5489.45 5490.06 5494.26 5498.67 5505.5 5521.17 5558.72
5138.53 5147.59 5155.01 5127.25 5085.26 5037.45 4982.2 4914.74 4847.52 4812.56 4867.84 4927.67 4976.94 5016.67 5050.28 5078.97 5104.22 5127.63 5149.72 5171.16 5190.53 5208.08 5227.45 5239.49 5249.35 5257.63 5255.48 5261.98 5268.8 5272.95 5279.03 5284.32 5290.66 5297.16 5305.49 5304.43 5306.43 5310.65 5316.31 5321.27 5323.03 5319.05 5315.84 5331.55 5346.01 5356.95 5365.07 5372.39 5378.44 5383.27 5392.88 5404.15 5410.95 5413.82 5421.18 5426.88 5441.72 5466.26 5486.79 5503.48 5521.5 5512.97 5505.18 5502.29 5517.18 5548.52 5590.29
5112.64 5114.37 5109.76 5094.01 5063.21 5021.39 4968.69 4899.23 4829.72 4802.04 4855.36 4915.21 4967.36 5009.86 5045.77 5075.77 5102.92 5129.32 5152.36 5174.45 5195.27 5214.87 5236.61 5252.49 5265.18 5269.26 5264 5267.48 5271.78 5275.2 5279.36 5282.99 5286.72 5289.53 5291.74 5296.35 5302.26 5308.76 5316.14 5323.81 5332.02 5342.96 5339.72 5342.96 5351.76 5360.79 5368.14 5375.25 5381.82 5387.3 5396.38 5404.63 5411.62 5416.76 5420.83 5432.95 5446.54 5466.12 5490.25 5515.16 5532.09 5526.15 5515.92 5508.5 5528.94 5579 5632.08
5086.87 5082.4 5070.07 5067.12 5050.03 5021.23 4980.79 4923.09 4863.84 4845.29 4887.85 4935.44 4979.08 5016.36 5049.5 5079.33 5106.43 5131.98 5156.95 5179.29 5201.79 5221.8 5243.99 5259.79 5271.45 5277.7 5269.02 5270.73 5273.12 5275.96 5278.49 5281.55 5283.42 5284.01 5282.76 5289.88 5298.67 5306.74 5315.26 5324.91 5336.93 5349.77 5353.79 5353.78 5359.36 5366.01 5373.08 5379.69 5386.52 5395.55 5400.85 5403.21 5407.07 5417.96 5430.15 5438.58 5445.65 5457.46 5485.3 5514.14 5533.37 5536.04 5531.16 5524.92 5546.9 5615 5685.51
5067.46 5065.73 5063.25 5057.69 5049.87 5036.11 5015.83 4982.37 4947.06 4935.06 4954.3 4979.68 5006.82 5034.35 5061.14 5087.73 5112.55 5139.44 5162.84 5185.06 5209.16 5227.91 5249.64 5264.95 5275.32 5283.32 5272.58 5273.01 5274.23 5276.36 5278.52 5280.49 5282.01 5283.11 5285.05 5290.5 5297.8 5305.53 5313.81 5323.23 5334.65 5349.02 5351.97 5359.16 5365.88 5372.01 5377.71 5383.12 5388.11 5392.54 5396.07 5402.07 5408.88 5424.99 5443.62 5446.14 5449.49 5453.7 5491.23 5517.94 5536.38 5551.91 5555.22 5557.87 5579.5 5650.41 5717.81
