real_craters/C178-750m.grd
DSAA
192 192
-71.5925 71.5925
-71.5925 71.5925
3836.2260412061 5827.4668589352
[rows 38 to 75 of 192, columns 0 to 83 of 192]
4925 4921 4919 4915 4914 4915 4908 4923 4944 4969 5004 5042 5074 5086 5103 5127 5170 5179 5197 5206 5224 5194 5161 5129 5123 5170 5171 5144 5158 5169 5221 5294 5318 5316 5314 5296 5278 5315 5349 5367 5392 5433 5458 5435 5420 5418 5410 5404 5396 5397 5398 5392 5388 5384 5387 5392 5397 5405 5415 5425 5430 5433 5437 5438 5439 5442 5444 5438 5436 5438 5437 5449 5459 5470 5480 5497 5501 5476 5471 5452 5393 5334 5317 5330
4924 4908 4914 4902 4907 4913 4919 4939 4962 4977 5006 5038 5068 5088 5104 5126 5168 5187 5210 5220 5208 5113 5015 5003 5027 5092 5110 5118 5109 5094 5097 5209 5267 5292 5312 5300 5280 5284 5313 5341 5362 5400 5428 5403 5406 5405 5401 5388 5387 5388 5390 5393 5392 5387 5378 5381 5389 5397 5403 5411 5421 5427 5430 5430 5433 5435 5434 5439 5435 5431 5428 5436 5451 5467 5485 5496 5501 5506 5518 5519 5520 5523 5485 5459
4926 4910 4915 4908 4916 4931 4944 4966 4986 4992 5012 5033 5055 5081 5100 5114 5113 5176 5212 5241 5168 5023 4956 4978 5010 5027 5044 5053 5043 5035 5059 5095 5190 5254 5291 5288 5268 5261 5276 5310 5335 5346 5368 5402 5386 5391 5400 5376 5383 5392 5395 5395 5393 5386 5375 5375 5384 5392 5401 5406 5413 5420 5422 5428 5429 5428 5429 5432 5431 5428 5427 5430 5436 5456 5481 5491 5497 5505 5518 5527 5544 5555 5530 5515
4923 4902 4914 4931 4951 4967 4979 4993 5007 5014 5021 5032 5044 5076 5096 5115 5139 5148 5186 5218 5141 4962 4958 4975 4993 5004 5015 5012 5008 4994 5017 5055 5141 5218 5273 5279 5259 5263 5264 5286 5290 5301 5316 5320 5346 5354 5350 5368 5375 5379 5389 5397 5399 5390 5376 5375 5381 5389 5397 5402 5405 5408 5410 5410 5411 5418 5425 5430 5426 5423 5424 5430 5435 5443 5456 5474 5480 5492 5510 5528 5533 5554 5576 5587
4914 4911 4929 4957 4988 5001 5007 5013 5019 5026 5032 5041 5051 5073 5090 5110 5131 5132 5138 5127 5044 4958 4973 4962 4970 4979 4979 4995 5004 4994 4993 5054 5132 5202 5259 5280 5267 5268 5259 5275 5291 5291 5291 5303 5320 5330 5337 5356 5370 5385 5390 5396 5398 5389 5382 5374 5378 5388 5398 5398 5398 5400 5397 5394 5396 5408 5417 5420 5422 5420 5421 5426 5432 5435 5445 5461 5466 5482 5501 5515 5514 5525 5555 5570
4908 4915 4946 4977 5005 5020 5031 5042 5041 5038 5043 5053 5066 5065 5082 5097 5109 5104 5088 5053 4995 4956 4958 4959 4962 4966 4971 4974 4972 4983 4983 5063 5142 5203 5240 5252 5258 5262 5270 5261 5280 5288 5304 5307 5310 5319 5328 5333 5358 5378 5384 5385 5391 5373 5363 5363 5369 5380 5391 5392 5389 5387 5390 5389 5392 5404 5414 5425 5422 5419 5420 5433 5431 5430 5435 5453 5473 5491 5496 5492 5498 5513 5535 5546
4923 4945 4954 4982 5008 5023 5044 5068 5060 5053 5056 5065 5073 5074 5073 5078 5078 5074 5052 5012 4967 4950 4956 4958 4959 4963 4966 4962 4957 4967 4978 5074 5180 5215 5226 5228 5235 5253 5249 5250 5263 5268 5281 5291 5297 5301 5304 5315 5343 5370 5368 5361 5338 5349 5335 5350 5357 5364 5374 5383 5393 5395 5390 5388 5390 5407 5420 5427 5424 5419 5424 5430 5438 5429 5427 5440 5469 5491 5496 5495 5487 5510 5521 5525
4909 4931 4954 4976 4997 5019 5042 5060 5067 5064 5067 5076 5075 5060 5062 5064 5062 5053 5031 4999 4964 4959 4958 4953 4954 4958 4962 4957 4954 4954 4987 5172 5235 5229 5219 5209 5219 5232 5229 5247 5257 5266 5282 5283 5280 5282 5291 5302 5325 5346 5349 5349 5354 5351 5353 5346 5348 5350 5354 5371 5384 5390 5390 5392 5398 5414 5430 5428 5421 5416 5415 5420 5441 5426 5424 5434 5465 5489 5497 5502 5500 5504 5513 5520
4910 4921 4939 4964 4988 5016 5039 5057 5066 5068 5073 5085 5086 5068 5058 5055 5053 5042 5022 5005 4985 4965 4952 4951 4949 4951 4954 4950 4943 4962 5059 5217 5239 5223 5208 5189 5198 5211 5217 5239 5244 5248 5254 5259 5260 5257 5253 5282 5300 5315 5323 5326 5329 5338 5342 5338 5338 5344 5352 5360 5368 5379 5387 5396 5412 5414 5429 5416 5409 5413 5417 5418 5431 5450 5444 5449 5468 5481 5497 5505 5506 5509 5505 5504
4905 4924 4934 4959 4987 5021 5042 5057 5068 5068 5069 5078 5076 5058 5047 5047 5049 5052 5018 5014 5021 4994 4945 4941 4942 4942 4942 4945 4958 5026 5136 5177 5188 5197 5195 5188 5185 5195 5204 5212 5215 5222 5227 5237 5244 5244 5232 5255 5276 5288 5298 5306 5311 5311 5317 5323 5326 5327 5337 5349 5360 5373 5384 5394 5394 5402 5388 5384 5401 5419 5428 5432 5437 5440 5453 5469 5478 5489 5501 5506 5508 5503 5492 5478
4899 4909 4932 4959 4989 5023 5045 5068 5066 5063 5069 5065 5060 5045 5036 5038 5038 5028 5005 5011 5019 5012 4965 4946 4947 4944 4941 4959 5014 5102 5140 5139 5145 5159 5175 5171 5167 5193 5201 5198 5201 5210 5213 5227 5241 5253 5269 5269 5268 5273 5282 5287 5292 5304 5306 5312 5318 5320 5330 5341 5354 5365 5380 5394 5410 5417 5434 5430 5435 5433 5442 5452 5446 5444 5459 5472 5485 5495 5505 5509 5499 5489 5478 5467
4904 4921 4940 4960 4991 5020 5032 5043 5049 5046 5045 5051 5051 5045 5039 5028 5020 5014 4998 4994 5003 5011 4996 4979 4960 4953 4962 4998 5070 5103 5132 5118 5117 5123 5134 5154 5184 5196 5209 5218 5192 5212 5216 5223 5237 5255 5268 5272 5273 5273 5275 5275 5280 5280 5292 5303 5313 5326 5330 5336 5343 5359 5375 5391 5406 5411 5406 5420 5426 5436 5451 5465 5464 5471 5472 5475 5489 5512 5514 5498 5478 5469 5464 5460
4910 4928 4937 4954 4977 5002 5010 5015 5020 5031 5035 5057 5048 5035 5023 5010 4996 4982 4964 4962 4968 4972 4971 4980 4962 4955 4960 4977 5028 5069 5081 5076 5079 5090 5101 5136 5170 5184 5197 5203 5197 5193 5204 5216 5230 5248 5257 5245 5265 5274 5270 5269 5277 5286 5289 5294 5304 5319 5321 5330 5342 5349 5363 5380 5399 5406 5400 5403 5416 5421 5439 5448 5449 5481 5480 5486 5500 5513 5505 5485 5460 5453 5454 5454
4902 4926 4945 4954 4970 4986 4986 4999 5023 5024 5022 5028 5024 5014 5003 4986 4970 4949 4929 4934 4939 4950 4952 4955 4952 4953 4958 4979 5020 5031 5033 5035 5044 5057 5072 5106 5142 5160 5180 5199 5183 5185 5195 5204 5213 5224 5236 5247 5265 5270 5266 5260 5271 5285 5280 5281 5286 5293 5301 5310 5322 5334 5348 5363 5382 5392 5376 5372 5371 5389 5405 5406 5390 5438 5469 5495 5511 5505 5490 5465 5453 5448 5449 5449
4906 4926 4940 4958 4965 4963 4978 4997 5016 5015 5012 5004 5000 4991 4976 4966 4951 4930 4915 4918 4919 4912 4918 4924 4937 4948 4963 4983 5012 5028 5009 5011 5016 5031 5043 5064 5085 5132 5170 5190 5201 5186 5196 5195 5195 5201 5224 5251 5256 5267 5268 5258 5253 5251 5260 5265 5268 5272 5281 5287 5298 5313 5327 5338 5342 5339 5345 5341 5342 5359 5381 5411 5413 5425 5459 5493 5518 5506 5490 5470 5450 5447 5446 5448
4897 4916 4935 4940 4953 4966 4987 4996 4996 4997 4991 4983 4980 4977 4971 4960 4942 4924 4911 4911 4915 4916 4899 4908 4925 4939 4955 4978 4995 4991 4999 5003 5003 5016 5026 5056 5089 5119 5149 5190 5208 5203 5198 5191 5184 5181 5218 5268 5282 5275 5278 5275 5242 5221 5240 5252 5256 5260 5267 5271 5282 5296 5308 5316 5320 5323 5326 5323 5319 5336 5358 5381 5412 5416 5447 5481 5505 5499 5482 5482 5452 5445 5444 5446
4914 4913 4920 4924 4951 4976 4977 4985 4987 4988 4981 4965 4964 4967 4967 4955 4938 4921 4907 4903 4906 4903 4900 4904 4915 4929 4943 4958 4970 4978 4991 5003 5018 5027 5045 5057 5091 5114 5133 5170 5208 5223 5204 5193 5189 5191 5218 5257 5280 5273 5272 5270 5257 5247 5239 5245 5251 5255 5262 5263 5273 5285 5293 5301 5305 5308 5312 5310 5313 5321 5331 5338 5362 5400 5431 5463 5493 5506 5508 5501 5473 5460 5443 5435
4908 4910 4916 4937 4961 4976 4985 4986 4992 4992 4982 4950 4962 4966 4963 4953 4936 4918 4902 4898 4900 4898 4895 4901 4910 4921 4932 4944 4960 4976 4986 5001 5021 5023 5048 5070 5096 5113 5117 5156 5194 5232 5198 5198 5200 5208 5215 5229 5244 5254 5250 5246 5248 5240 5231 5235 5264 5267 5261 5268 5277 5287 5293 5293 5294 5297 5300 5300 5302 5310 5320 5336 5351 5374 5402 5443 5485 5509 5530 5504 5501 5480 5438 5428
4902 4907 4914 4951 4964 4970 4972 4980 4982 4985 4993 4988 4977 4972 4964 4951 4934 4918 4903 4900 4899 4896 4894 4898 4906 4913 4921 4926 4933 4959 4962 4992 5005 4984 5019 5068 5092 5104 5116 5125 5158 5213 5206 5201 5205 5208 5208 5207 5218 5234 5254 5256 5249 5234 5214 5193 5196 5223 5250 5272 5281 5284 5289 5289 5290 5284 5290 5290 5292 5300 5313 5330 5348 5348 5373 5416 5454 5479 5478 5485 5474 5441 5421 5422
4896 4924 4921 4924 4945 4950 4944 4965 4971 4975 4981 4995 4994 4981 4964 4949 4933 4919 4909 4900 4900 4895 4894 4898 4905 4909 4912 4913 4915 4933 4964 4991 5023 5046 5062 5079 5088 5090 5094 5103 5120 5165 5184 5189 5190 5197 5196 5198 5196 5209 5228 5237 5234 5225 5206 5169 5067 5154 5239 5286 5285 5281 5284 5288 5285 5278 5278 5280 5285 5293 5305 5314 5323 5338 5359 5390 5422 5446 5456 5456 5443 5435 5417 5429
4929 4948 4934 4927 4926 4936 4949 4962 4976 4985 4985 5008 5009 4989 4968 4942 4935 4920 4910 4899 4896 4896 4900 4904 4904 4906 4910 4916 4922 4942 4966 4985 5001 5020 5063 5093 5085 5079 5087 5088 5101 5132 5169 5173 5149 5151 5177 5201 5188 5184 5202 5214 5222 5218 5213 5218 5292 5228 5244 5270 5277 5287 5288 5285 5281 5276 5264 5275 5286 5296 5300 5304 5311 5322 5342 5369 5386 5397 5419 5431 5417 5397 5415 5436
4952 4944 4927 4911 4912 4933 4957 4968 4982 4997 5022 5022 5010 4991 4974 4972 4939 4920 4907 4898 4902 4902 4900 4898 4900 4902 4905 4907 4912 4931 4953 4969 4974 4971 5012 5084 5083 5078 5084 5078 5072 5099 5144 5149 5125 5128 5154 5177 5172 5164 5166 5195 5213 5217 5218 5222 5221 5236 5238 5249 5263 5265 5264 5271 5277 5277 5271 5277 5286 5293 5296 5298 5304 5312 5341 5359 5371 5375 5387 5420 5420 5432 5434 5444
4905 4913 4919 4913 4911 4942 4977 4977 4988 5007 5013 5011 4998 4984 4965 4942 4927 4914 4904 4897 4898 4902 4898 4894 4896 4900 4901 4902 4909 4920 4943 4955 4973 4982 5046 5072 5070 5071 5063 5066 5067 5082 5104 5116 5116 5121 5130 5142 5150 5155 5160 5193 5222 5219 5215 5213 5212 5221 5228 5236 5242 5251 5259 5266 5269 5272 5275 5282 5287 5290 5295 5295 5291 5314 5338 5355 5378 5410 5424 5427 5425 5430 5442 5450
4912 4921 4936 4927 4924 4973 5013 4987 4992 4997 4998 5002 4998 4973 4951 4928 4917 4913 4906 4899 4898 4902 4898 4898 4902 4902 4900 4901 4908 4913 4915 4938 4974 5017 5029 5037 5046 5044 5045 5044 5060 5074 5087 5099 5124 5114 5106 5102 5127 5146 5154 5185 5209 5211 5209 5205 5206 5209 5217 5225 5234 5245 5254 5261 5266 5275 5286 5291 5294 5297 5303 5308 5313 5328 5325 5346 5372 5396 5412 5415 5417 5421 5435 5452
4942 4950 4958 4950 4939 4981 4994 4994 4996 4992 4990 4982 4968 4956 4943 4928 4921 4917 4910 4906 4902 4898 4902 4909 4913 4908 4902 4901 4906 4912 4923 4941 4962 4994 5000 5010 5023 5027 5030 5037 5047 5061 5076 5090 5094 5094 5090 5089 5104 5119 5140 5156 5176 5187 5192 5193 5197 5198 5188 5206 5224 5237 5248 5257 5269 5279 5293 5297 5301 5306 5316 5320 5331 5320 5310 5340 5361 5377 5392 5406 5404 5403 5415 5445
4955 4959 4963 4969 4993 5026 5015 5011 4996 4992 4984 4965 4942 4943 4941 4942 4940 4924 4914 4906 4898 4899 4905 4910 4918 4920 4908 4903 4905 4913 4927 4940 4950 4967 4982 4992 5010 5031 5040 5051 5055 5056 5060 5071 5068 5074 5076 5083 5091 5098 5124 5133 5145 5164 5178 5185 5194 5205 5200 5212 5222 5232 5242 5252 5263 5275 5287 5297 5305 5313 5327 5348 5330 5324 5330 5341 5355 5371 5387 5388 5390 5386 5409 5439
4957 4935 4952 4957 4973 4995 4985 4978 4977 4982 4968 4959 4948 4938 4935 4933 4926 4926 4923 4915 4902 4895 4918 4950 4954 4944 4919 4911 4911 4919 4920 4920 4934 4951 4958 4972 4993 5018 5037 5051 5041 5038 5041 5046 5062 5059 5059 5067 5086 5113 5122 5130 5138 5150 5168 5194 5203 5219 5256 5227 5225 5231 5240 5247 5262 5269 5284 5295 5305 5317 5327 5333 5327 5324 5334 5342 5353 5355 5340 5372 5386 5399 5416 5437
4933 4935 4929 4924 4917 4928 4932 4931 4948 4963 4977 4958 4937 4933 4933 4931 4938 4929 4934 4944 4947 4915 4922 4954 5026 4967 4923 4917 4924 4929 4923 4913 4913 4921 4929 4944 4970 4991 5016 5028 5025 5019 5022 5028 5039 5041 5041 5051 5074 5105 5114 5113 5123 5136 5147 5157 5173 5185 5197 5207 5215 5227 5241 5248 5239 5267 5278 5289 5302 5311 5315 5319 5330 5334 5333 5342 5355 5369 5372 5389 5397 5403 5414 5440
4915 4899 4896 4898 4895 4892 4904 4914 4930 4945 4954 4960 4956 4946 4934 4926 4914 4925 4937 4943 4931 4910 4912 4899 4956 4946 4917 4917 4932 4946 4931 4912 4902 4903 4903 4915 4951 4988 5005 5000 4999 5003 5000 5013 5022 5023 5022 5033 5058 5070 5094 5089 5113 5129 5134 5123 5142 5140 5139 5174 5200 5222 5242 5265 5287 5278 5282 5291 5303 5316 5329 5325 5331 5334 5334 5333 5359 5384 5398 5397 5392 5400 5426 5447
4911 4896 4878 4890 4893 4892 4891 4895 4919 4952 4968 4963 4955 4945 4937 4925 4915 4921 4937 4956 4945 4931 4920 4932 4931 4921 4913 4912 4929 4957 4943 4907 4901 4907 4908 4899 4930 4958 4952 4962 4963 4961 4973 4989 5013 5011 5006 5017 5047 5096 5117 5137 5133 5138 5142 5145 5141 5137 5140 5158 5181 5208 5234 5261 5275 5280 5284 5293 5306 5319 5324 5334 5342 5339 5323 5328 5364 5393 5402 5401 5386 5397 5424 5451
4901 4898 4895 4897 4899 4893 4883 4886 4912 4937 4954 4962 4962 4955 4942 4927 4916 4916 4925 4939 4938 4925 4917 4923 4925 4918 4904 4916 4941 4964 4953 4925 4913 4912 4907 4896 4910 4916 4929 4936 4937 4938 4950 4975 5004 5000 4993 5000 5023 5068 5124 5143 5154 5155 5151 5137 5142 5140 5139 5144 5163 5189 5221 5260 5279 5278 5284 5293 5311 5329 5353 5355 5360 5372 5360 5370 5375 5389 5395 5430 5432 5422 5439 5457
4879 4885 4896 4900 4899 4882 4871 4876 4910 4944 4960 4968 4970 4974 4945 4929 4916 4911 4908 4902 4898 4902 4900 4892 4913 4938 4915 4946 4951 4961 4956 4938 4919 4906 4899 4895 4902 4908 4926 4931 4921 4922 4932 4953 4987 4987 4982 4983 4992 5016 5108 5186 5168 5169 5171 5151 5120 5154 5131 5111 5135 5170 5203 5226 5250 5270 5288 5307 5315 5332 5364 5372 5367 5368 5366 5380 5390 5403 5431 5467 5464 5484 5475 5485
4841 4870 4893 4895 4897 4878 4865 4855 4902 4962 4975 4974 4961 4934 4936 4928 4921 4913 4902 4893 4892 4893 4889 4886 4911 4934 4907 4915 4933 4949 4952 4942 4924 4898 4892 4887 4912 4940 4959 4941 4912 4904 4907 4927 4971 4973 4967 4964 4973 5001 5034 5102 5133 5151 5170 5139 5031 4919 4978 5051 5109 5157 5199 5226 5251 5268 5285 5304 5309 5320 5319 5339 5363 5380 5395 5394 5421 5454 5484 5499 5538 5611 5600 5593
4825 4847 4860 4870 4884 4893 4868 4855 4919 4978 4980 4970 4959 4943 4934 4930 4927 4920 4903 4894 4898 4895 4887 4881 4895 4942 4915 4903 4921 4942 4949 4936 4919 4914 4901 4907 4916 4920 4944 4919 4901 4889 4891 4919 4956 4961 4951 4945 4944 4966 5016 5039 5074 5097 5104 5076 4978 4816 4910 5023 5100 5161 5214 5260 5265 5273 5282 5288 5300 5319 5345 5349 5368 5386 5403 5415 5444 5497 5531 5513 5640 5701 5722 5746
4804 4812 4828 4849 4863 4855 4853 4890 4969 4996 4987 4981 4958 4940 4932 4932 4930 4921 4906 4896 4898 4901 4892 4887 4899 4918 4918 4923 4932 4938 4933 4925 4919 4927 4915 4905 4896 4912 4914 4899 4897 4900 4913 4928 4959 4952 4936 4931 4930 4946 4973 4996 5034 5051 5053 5055 5053 5038 5022 5060 5117 5177 5230 5274 5274 5275 5280 5284 5297 5315 5338 5368 5381 5390 5402 5431 5458 5528 5570 5599 5712 5693 5651 5587
4762 4770 4799 4828 4831 4833 4839 4890 4950 4977 4981 4974 4956 4936 4931 4937 4940 4936 4911 4898 4901 4902 4896 4889 4888 4914 4920 4948 4943 4942 4941 4917 4927 4935 4910 4891 4881 4904 4903 4896 4901 4908 4918 4924 4937 4934 4925 4926 4930 4940 4954 4986 5007 5024 5034 5060 5107 5156 5114 5113 5143 5188 5237 5287 5276 5276 5281 5289 5304 5314 5332 5374 5391 5413 5427 5428 5500 5528 5552 5578 5565 5567 5477 5306
4724 4730 4747 4794 4803 4808 4822 4869 4918 4967 4966 4966 4958 4946 4941 4945 4949 4953 4920 4904 4904 4906 4899 4894 4896 4915 4926 4930 4938 4943 4952 4913 4904 4903 4882 4867 4876 4930 4907 4905 4910 4910 4909 4917 4931 4926 4916 4926 4936 4941 4953 4976 4990 5010 5028 5051 5071 5086 5111 5126 5154 5187 5217 5240 5260 5271 5279 5286 5290 5317 5346 5370 5390 5407 5421 5482 5589 5491 5487 5479 5477 5526 5343 5178
4696 4701 4710 4743 4783 4788 4803 4847 4895 4934 4959 4968 4969 4959 4951 4952 4951 4942 4920 4909 4908 4905 4900 4897 4897 4905 4915 4926 4928 4929 4912 4900 4892 4882 4860 4844 4855 4919 4907 4929 4917 4910 4906 4914 4933 4947 4936 4930 4931 4936 4949 4961 4976 4997 5031 5031 5033 5056 5091 5125 5157 5188 5215 5234 5252 5266 5278 5293 5297 5315 5349 5389 5390 5392 5409 5507 5562 5475 5478 5527 5529 5374 5199 5043
