real_craters/C178-750m.grd
DSAA
192 192
-71.5925 71.5925
-71.5925 71.5925
3836.2260412061 5827.4668589352
[rows 38 to 75 of 192, columns 84 to 167 of 192]
5310 5277 5341 5418 5468 5546 5576 5561 5546 5560 5550 5529 5508 5499 5494 5491 5494 5497 5496 5494 5494 5492 5489 5484 5479 5474 5468 5460 5459 5461 5464 5482 5502 5507 5498 5488 5480 5475 5470 5460 5450 5440 5429 5434 5436 5428 5422 5420 5425 5434 5440 5445 5450 5454 5457 5459 5459 5456 5448 5448 5455 5460 5459 5457 5459 5463 5467 5473 5479 5482 5486 5487 5496 5513 5533 5553 5568 5578 5575 5578 5602 5613 5646 5535
5464 5479 5476 5508 5578 5585 5544 5542 5536 5547 5539 5525 5510 5501 5495 5493 5495 5501 5504 5504 5495 5491 5489 5487 5482 5475 5468 5459 5455 5455 5468 5486 5498 5497 5488 5488 5490 5486 5469 5458 5446 5433 5422 5422 5425 5418 5413 5413 5413 5419 5429 5437 5445 5457 5454 5452 5452 5450 5451 5451 5453 5459 5458 5454 5458 5463 5468 5475 5484 5480 5474 5479 5489 5500 5521 5542 5560 5571 5582 5587 5594 5610 5639 5562
5556 5588 5550 5546 5557 5546 5534 5528 5528 5531 5528 5522 5512 5504 5495 5490 5491 5495 5506 5511 5504 5496 5490 5489 5484 5473 5463 5457 5452 5454 5469 5480 5493 5483 5475 5478 5481 5487 5469 5452 5438 5427 5419 5415 5413 5405 5404 5404 5409 5414 5422 5428 5434 5440 5444 5446 5446 5445 5442 5444 5447 5452 5453 5454 5457 5464 5470 5473 5476 5475 5474 5473 5484 5496 5514 5532 5549 5562 5574 5580 5587 5601 5625 5587
5567 5563 5561 5557 5550 5538 5531 5524 5519 5517 5520 5519 5514 5506 5495 5487 5483 5481 5478 5489 5491 5494 5487 5486 5480 5471 5463 5456 5452 5459 5476 5485 5477 5473 5463 5468 5465 5463 5458 5446 5433 5422 5413 5407 5408 5399 5394 5395 5404 5409 5415 5422 5427 5432 5437 5439 5442 5444 5446 5441 5442 5442 5440 5445 5455 5465 5473 5471 5476 5476 5477 5476 5483 5499 5511 5523 5538 5554 5565 5575 5584 5590 5605 5598
5551 5546 5550 5552 5551 5551 5538 5527 5515 5518 5520 5518 5516 5506 5493 5484 5479 5473 5471 5474 5473 5482 5478 5478 5474 5466 5460 5458 5451 5463 5497 5505 5495 5482 5473 5463 5451 5448 5446 5437 5426 5416 5406 5399 5398 5394 5386 5385 5390 5400 5408 5417 5428 5427 5428 5431 5434 5439 5445 5442 5443 5440 5437 5443 5456 5467 5475 5473 5477 5479 5479 5478 5479 5492 5506 5522 5530 5540 5552 5557 5573 5581 5585 5593
5539 5535 5540 5547 5549 5553 5542 5534 5533 5528 5520 5516 5516 5523 5502 5487 5480 5474 5471 5463 5470 5472 5466 5463 5464 5465 5455 5448 5461 5480 5507 5501 5492 5485 5477 5464 5451 5446 5435 5426 5418 5409 5399 5392 5395 5392 5384 5381 5387 5394 5401 5408 5411 5418 5420 5418 5422 5432 5439 5448 5449 5445 5443 5452 5460 5468 5474 5474 5482 5483 5482 5483 5479 5487 5499 5513 5520 5527 5542 5559 5575 5579 5590 5598
5520 5524 5531 5543 5560 5547 5536 5531 5529 5520 5514 5510 5509 5509 5504 5492 5482 5475 5470 5470 5468 5469 5459 5456 5460 5462 5453 5454 5472 5491 5505 5497 5487 5479 5473 5464 5454 5434 5421 5416 5410 5404 5397 5392 5390 5392 5384 5382 5386 5389 5393 5397 5406 5402 5399 5402 5401 5415 5449 5444 5456 5457 5458 5460 5462 5467 5472 5479 5482 5478 5483 5486 5480 5483 5492 5502 5512 5522 5533 5545 5561 5573 5576 5572
5523 5515 5518 5526 5539 5535 5525 5519 5514 5507 5501 5499 5500 5497 5499 5491 5484 5477 5469 5471 5471 5469 5465 5463 5458 5454 5451 5458 5480 5493 5494 5492 5478 5470 5462 5457 5452 5431 5416 5411 5406 5402 5398 5393 5388 5384 5384 5380 5378 5384 5388 5389 5385 5400 5405 5395 5377 5358 5379 5451 5462 5457 5462 5463 5461 5462 5466 5473 5481 5486 5481 5494 5485 5484 5488 5492 5503 5514 5525 5541 5561 5562 5559 5546
5493 5495 5497 5500 5497 5500 5502 5501 5496 5484 5485 5486 5486 5487 5489 5488 5483 5479 5472 5467 5460 5466 5464 5457 5458 5456 5447 5462 5491 5496 5488 5482 5470 5461 5453 5452 5450 5435 5421 5410 5403 5400 5399 5395 5390 5386 5386 5385 5382 5381 5384 5392 5404 5407 5418 5399 5373 5328 5343 5438 5449 5440 5439 5450 5451 5453 5456 5467 5482 5488 5487 5482 5485 5485 5490 5496 5499 5509 5518 5520 5536 5542 5533 5526
5470 5474 5478 5478 5474 5478 5487 5484 5476 5469 5475 5478 5478 5481 5484 5485 5482 5479 5473 5466 5462 5461 5461 5459 5460 5459 5446 5468 5502 5498 5481 5470 5465 5453 5447 5446 5441 5427 5415 5407 5400 5394 5393 5393 5387 5381 5382 5376 5374 5376 5379 5385 5392 5404 5408 5408 5403 5402 5398 5411 5422 5423 5425 5436 5441 5439 5442 5446 5462 5469 5484 5481 5477 5484 5493 5500 5502 5510 5518 5527 5532 5523 5522 5516
5458 5462 5465 5467 5465 5467 5473 5472 5471 5476 5480 5480 5480 5478 5482 5483 5481 5477 5470 5465 5466 5455 5454 5459 5463 5471 5475 5490 5509 5498 5488 5480 5469 5468 5450 5435 5426 5420 5415 5405 5395 5387 5382 5387 5383 5378 5378 5369 5368 5371 5374 5377 5386 5401 5415 5419 5426 5452 5440 5418 5412 5413 5426 5441 5439 5430 5430 5426 5430 5446 5465 5467 5471 5484 5498 5509 5514 5512 5510 5522 5496 5479 5503 5504
5453 5456 5460 5463 5459 5458 5467 5464 5464 5475 5477 5479 5478 5478 5482 5482 5482 5477 5467 5456 5462 5452 5449 5456 5465 5490 5511 5511 5506 5492 5472 5466 5467 5465 5447 5428 5411 5410 5410 5401 5391 5381 5372 5384 5378 5374 5368 5366 5366 5368 5371 5376 5384 5395 5410 5415 5419 5422 5423 5412 5405 5411 5432 5450 5442 5429 5420 5413 5415 5425 5443 5451 5463 5485 5512 5531 5537 5510 5483 5457 5469 5463 5467 5468
5451 5455 5459 5462 5460 5456 5457 5457 5457 5458 5462 5471 5472 5468 5475 5480 5482 5476 5463 5452 5450 5448 5445 5481 5519 5527 5528 5521 5506 5487 5475 5465 5462 5452 5438 5421 5409 5403 5398 5394 5389 5383 5378 5378 5377 5369 5365 5367 5367 5368 5369 5372 5378 5386 5392 5397 5400 5401 5409 5415 5420 5421 5430 5443 5445 5443 5433 5431 5409 5412 5419 5436 5462 5491 5501 5527 5533 5503 5476 5461 5465 5462 5460 5450
5453 5455 5458 5460 5457 5453 5452 5454 5453 5449 5449 5457 5458 5461 5466 5476 5483 5483 5463 5444 5445 5449 5488 5526 5550 5546 5535 5520 5502 5481 5467 5464 5457 5449 5432 5417 5408 5403 5397 5394 5388 5383 5378 5366 5363 5364 5366 5368 5367 5367 5368 5373 5374 5378 5381 5384 5388 5390 5401 5413 5416 5406 5415 5426 5437 5447 5431 5425 5413 5414 5421 5425 5485 5522 5555 5519 5504 5496 5471 5462 5470 5465 5462 5448
5452 5455 5458 5459 5455 5451 5451 5450 5451 5449 5446 5442 5447 5446 5461 5471 5477 5476 5465 5456 5459 5492 5544 5554 5565 5552 5531 5508 5490 5475 5458 5454 5446 5434 5423 5417 5411 5408 5405 5397 5384 5372 5367 5363 5358 5360 5359 5366 5366 5366 5365 5363 5368 5371 5372 5375 5379 5385 5394 5403 5406 5398 5404 5414 5421 5422 5417 5410 5402 5412 5430 5450 5510 5522 5537 5545 5519 5500 5477 5472 5474 5475 5464 5485
5448 5453 5457 5460 5456 5446 5445 5453 5456 5451 5445 5445 5448 5454 5455 5460 5467 5474 5468 5468 5476 5534 5555 5562 5560 5543 5523 5501 5485 5475 5480 5464 5446 5425 5409 5408 5409 5409 5408 5397 5380 5363 5358 5360 5364 5364 5361 5363 5363 5364 5364 5364 5365 5366 5366 5367 5371 5376 5386 5392 5394 5394 5400 5409 5410 5408 5412 5405 5398 5404 5435 5512 5531 5581 5615 5620 5536 5496 5495 5496 5499 5483 5485 5481
5442 5448 5455 5460 5457 5441 5420 5451 5459 5453 5449 5445 5449 5454 5452 5455 5466 5475 5488 5502 5528 5558 5559 5556 5541 5528 5511 5493 5478 5466 5450 5446 5438 5421 5405 5402 5408 5407 5404 5395 5379 5360 5354 5354 5354 5351 5356 5362 5363 5363 5363 5364 5363 5363 5365 5368 5373 5377 5381 5385 5385 5386 5396 5408 5407 5402 5400 5401 5405 5408 5450 5501 5578 5354 5295 5296 5390 5456 5495 5517 5512 5489 5478 5473
5433 5442 5452 5456 5453 5444 5439 5446 5453 5453 5450 5445 5447 5449 5449 5455 5472 5496 5519 5539 5558 5557 5564 5552 5544 5525 5504 5485 5469 5455 5437 5431 5424 5416 5405 5403 5401 5402 5401 5394 5381 5369 5354 5348 5343 5335 5355 5361 5361 5361 5359 5360 5359 5360 5362 5365 5366 5371 5377 5382 5382 5371 5391 5408 5408 5398 5395 5394 5399 5410 5482 5491 5335 5101 4973 4985 5231 5443 5553 5563 5529 5491 5480 5475
5439 5452 5453 5454 5453 5446 5439 5438 5450 5454 5452 5448 5445 5446 5449 5456 5487 5520 5551 5569 5576 5577 5560 5556 5544 5525 5500 5479 5461 5449 5455 5434 5422 5414 5395 5390 5391 5397 5398 5393 5382 5367 5354 5350 5349 5349 5358 5362 5359 5356 5352 5352 5355 5356 5357 5357 5358 5365 5373 5379 5382 5377 5387 5399 5401 5395 5391 5390 5395 5404 5513 5467 5157 4900 4916 5001 5236 5499 5674 5636 5560 5497 5485 5493
5454 5471 5459 5448 5448 5457 5457 5457 5464 5463 5461 5457 5449 5450 5458 5469 5498 5539 5578 5587 5584 5575 5564 5557 5527 5509 5489 5465 5452 5443 5441 5437 5440 5423 5408 5401 5397 5397 5397 5394 5382 5373 5370 5360 5354 5352 5348 5358 5357 5354 5353 5352 5353 5354 5355 5356 5362 5365 5370 5375 5376 5379 5386 5394 5393 5384 5383 5386 5397 5427 5474 5399 5160 4933 4926 5064 5283 5542 5703 5665 5584 5516 5504 5508
5461 5480 5463 5453 5461 5482 5500 5502 5488 5477 5467 5466 5465 5466 5473 5491 5518 5555 5584 5592 5587 5582 5567 5547 5525 5503 5475 5455 5443 5436 5431 5434 5428 5430 5424 5413 5400 5399 5396 5390 5381 5372 5376 5365 5357 5347 5351 5355 5353 5352 5348 5351 5352 5353 5354 5354 5361 5363 5367 5371 5376 5378 5383 5389 5394 5385 5386 5393 5404 5422 5435 5388 5269 5146 4988 5049 5327 5570 5682 5656 5583 5504 5501 5502
5456 5455 5450 5464 5486 5512 5541 5538 5517 5494 5477 5477 5478 5480 5488 5498 5536 5566 5581 5600 5594 5579 5554 5546 5519 5494 5465 5446 5439 5427 5430 5436 5440 5438 5427 5401 5400 5399 5400 5399 5385 5376 5369 5364 5357 5357 5350 5349 5349 5350 5353 5351 5352 5352 5353 5353 5353 5358 5362 5366 5370 5375 5381 5383 5379 5382 5389 5403 5403 5418 5448 5431 5396 5359 5269 5280 5415 5582 5663 5627 5573 5526 5502 5542
5461 5468 5460 5471 5507 5534 5559 5565 5535 5505 5493 5485 5470 5490 5504 5517 5548 5587 5619 5617 5618 5602 5567 5550 5513 5482 5475 5459 5449 5448 5445 5446 5444 5440 5429 5409 5401 5402 5402 5398 5376 5359 5360 5358 5360 5361 5350 5347 5348 5348 5345 5351 5352 5353 5354 5355 5351 5355 5359 5364 5367 5377 5380 5383 5384 5389 5391 5393 5402 5415 5418 5457 5506 5539 5526 5486 5496 5525 5570 5579 5549 5519 5505 5537
5471 5495 5526 5548 5538 5546 5553 5553 5533 5508 5492 5510 5516 5514 5527 5535 5557 5604 5629 5627 5616 5591 5568 5540 5502 5473 5459 5453 5449 5450 5458 5465 5451 5434 5428 5419 5417 5412 5399 5380 5367 5351 5342 5347 5349 5343 5337 5342 5345 5351 5357 5354 5354 5353 5354 5353 5354 5355 5359 5363 5369 5375 5381 5382 5388 5389 5390 5396 5402 5404 5419 5454 5505 5548 5556 5550 5551 5584 5569 5541 5512 5496 5508 5529
5477 5525 5612 5560 5546 5546 5556 5543 5532 5525 5522 5552 5537 5544 5555 5569 5587 5622 5637 5623 5603 5574 5554 5520 5485 5465 5452 5446 5445 5448 5446 5440 5435 5419 5404 5412 5426 5422 5399 5374 5356 5351 5346 5339 5336 5338 5337 5338 5341 5345 5350 5353 5354 5355 5355 5354 5353 5356 5359 5364 5370 5380 5384 5383 5381 5387 5388 5395 5405 5414 5424 5429 5440 5490 5486 5519 5547 5562 5551 5518 5484 5473 5499 5536
5469 5501 5551 5544 5531 5528 5529 5534 5544 5557 5567 5561 5567 5575 5589 5605 5619 5635 5634 5616 5591 5565 5551 5502 5478 5472 5451 5447 5448 5453 5438 5426 5413 5407 5403 5407 5419 5417 5396 5376 5358 5343 5339 5336 5334 5341 5342 5342 5341 5341 5346 5353 5356 5356 5356 5356 5354 5358 5362 5367 5374 5382 5387 5390 5386 5389 5401 5407 5420 5414 5409 5409 5408 5429 5444 5481 5526 5553 5536 5509 5480 5463 5493 5524
5456 5468 5477 5499 5514 5510 5511 5538 5566 5593 5590 5574 5576 5602 5620 5629 5644 5626 5627 5618 5593 5564 5548 5502 5477 5461 5451 5449 5453 5455 5438 5418 5411 5407 5408 5404 5402 5397 5387 5377 5372 5356 5349 5344 5341 5345 5354 5343 5340 5350 5354 5357 5358 5358 5357 5355 5357 5361 5368 5374 5380 5386 5391 5392 5394 5403 5415 5413 5396 5397 5393 5399 5408 5413 5418 5441 5478 5547 5510 5502 5493 5487 5489 5508
5462 5476 5494 5509 5530 5528 5518 5555 5616 5695 5659 5601 5608 5633 5644 5656 5647 5629 5643 5646 5614 5587 5546 5514 5496 5466 5456 5449 5445 5443 5442 5433 5427 5420 5402 5393 5387 5378 5377 5376 5382 5375 5363 5356 5349 5346 5352 5349 5355 5363 5365 5363 5362 5361 5360 5358 5358 5365 5375 5388 5391 5395 5401 5403 5402 5406 5416 5406 5390 5392 5385 5392 5402 5408 5412 5410 5369 5360 5457 5493 5515 5515 5503 5498
5469 5496 5525 5535 5568 5600 5597 5565 5566 5571 5578 5568 5635 5642 5649 5656 5679 5704 5700 5699 5708 5638 5574 5526 5510 5472 5458 5443 5442 5443 5442 5442 5424 5402 5386 5384 5381 5381 5369 5362 5359 5371 5365 5361 5349 5328 5337 5347 5357 5376 5372 5367 5364 5363 5364 5368 5365 5370 5378 5389 5391 5393 5399 5410 5400 5397 5401 5393 5381 5385 5384 5386 5391 5403 5411 5424 5441 5441 5469 5496 5513 5527 5512 5505
5477 5509 5535 5560 5591 5639 5620 5535 5435 5441 5454 5481 5570 5593 5656 5702 5715 5770 5767 5738 5673 5655 5613 5557 5515 5491 5455 5435 5430 5443 5440 5426 5416 5412 5396 5384 5375 5365 5356 5345 5331 5344 5351 5353 5349 5344 5346 5350 5355 5354 5363 5364 5364 5364 5364 5365 5370 5374 5377 5380 5385 5388 5399 5412 5400 5391 5389 5386 5383 5381 5381 5388 5396 5403 5413 5443 5497 5513 5500 5512 5529 5530 5518 5511
5486 5515 5569 5571 5567 5573 5546 5496 5474 5470 5398 5311 5330 5489 5636 5736 5792 5827 5799 5781 5763 5710 5654 5619 5560 5541 5471 5442 5420 5433 5454 5442 5405 5380 5394 5382 5367 5349 5343 5337 5328 5334 5338 5335 5342 5346 5346 5349 5352 5355 5359 5362 5364 5365 5365 5368 5374 5379 5379 5381 5381 5383 5388 5397 5391 5389 5384 5384 5384 5383 5384 5393 5405 5417 5425 5439 5463 5485 5497 5517 5536 5536 5523 5517
5527 5545 5549 5583 5539 5442 5433 5435 5437 5438 5400 5350 5320 5387 5523 5630 5720 5778 5728 5755 5789 5754 5725 5699 5700 5682 5537 5469 5445 5464 5473 5454 5410 5388 5390 5377 5359 5345 5338 5333 5334 5335 5337 5340 5343 5346 5347 5351 5358 5354 5358 5361 5364 5367 5369 5372 5377 5379 5378 5377 5379 5380 5383 5383 5381 5380 5381 5385 5386 5384 5382 5386 5407 5428 5441 5437 5445 5459 5475 5497 5532 5536 5525 5517
5613 5627 5738 5649 5526 5435 5373 5359 5365 5376 5381 5363 5286 5288 5271 5353 5428 5470 5514 5536 5567 5608 5711 5669 5720 5736 5634 5575 5502 5485 5482 5455 5420 5402 5390 5366 5347 5335 5333 5344 5340 5339 5341 5344 5347 5351 5354 5357 5358 5358 5361 5364 5367 5369 5371 5375 5378 5379 5379 5378 5378 5379 5381 5379 5380 5379 5382 5387 5385 5384 5385 5390 5406 5418 5423 5421 5431 5431 5437 5446 5501 5529 5520 5512
5626 5636 5621 5626 5449 5329 5276 5254 5258 5277 5298 5309 5318 5261 5196 5204 5241 5267 5296 5289 5310 5321 5377 5480 5591 5689 5794 5767 5724 5582 5480 5471 5435 5392 5360 5343 5332 5322 5325 5343 5340 5341 5347 5352 5353 5357 5362 5362 5362 5365 5366 5368 5370 5372 5374 5377 5380 5380 5379 5378 5379 5380 5381 5381 5382 5382 5385 5388 5386 5386 5394 5397 5406 5410 5385 5387 5393 5403 5405 5411 5467 5518 5517 5511
5423 5299 5341 5338 5257 5201 5150 5137 5141 5195 5202 5230 5250 5267 5234 5163 5080 5090 5143 5182 5190 5164 5141 5203 5347 5464 5561 5711 5820 5714 5641 5580 5511 5426 5346 5337 5331 5322 5325 5345 5340 5350 5355 5360 5367 5369 5370 5370 5369 5370 5372 5373 5374 5376 5376 5379 5382 5381 5377 5377 5379 5380 5381 5381 5382 5383 5386 5384 5377 5379 5385 5389 5394 5395 5386 5387 5392 5393 5395 5399 5421 5495 5510 5511
5194 5107 5080 5030 5002 4983 5011 5030 5028 5057 5143 5202 5264 5301 5318 5135 5003 4927 5009 5152 5137 5101 5078 5065 5109 5222 5294 5406 5584 5684 5813 5694 5617 5514 5386 5374 5358 5333 5313 5326 5366 5358 5364 5372 5382 5380 5382 5384 5379 5378 5378 5377 5377 5379 5381 5382 5385 5386 5384 5380 5380 5379 5382 5385 5384 5384 5382 5376 5373 5373 5374 5379 5383 5383 5383 5380 5384 5391 5394 5399 5414 5458 5500 5513
5077 5048 4982 4866 4822 4845 4899 4962 5026 5106 5144 5192 5254 5286 5208 5040 4869 4766 4836 4981 5030 5042 5043 5015 4964 5049 5073 5103 5278 5412 5534 5652 5710 5611 5510 5473 5419 5364 5321 5325 5353 5359 5375 5380 5378 5388 5393 5398 5397 5393 5387 5381 5379 5378 5382 5381 5384 5391 5389 5382 5380 5380 5382 5381 5381 5381 5381 5369 5369 5371 5374 5384 5383 5384 5385 5382 5386 5391 5396 5401 5428 5493 5507 5519
5020 5033 4890 4699 4687 4743 4820 4892 4948 4994 5021 5116 5205 5214 5058 4915 4771 4660 4682 4757 4863 4966 4934 4888 4887 4955 4920 4879 4999 5129 5280 5511 5685 5668 5673 5587 5493 5413 5351 5341 5355 5374 5381 5388 5393 5396 5400 5404 5404 5397 5385 5377 5373 5373 5373 5375 5378 5379 5372 5376 5378 5382 5382 5378 5379 5383 5370 5367 5368 5371 5378 5389 5400 5396 5391 5386 5389 5393 5396 5413 5445 5474 5518 5531
