real_craters/C178-300m.grd
DSAA
478 478
-71.5925 71.5925
-71.5925 71.5925
3822.4639281806 5862.2962593754
[rows 60 to 89 of 478, columns 134 to 200 of 478]
5474.51 5472.61 5471.19 5470.56 5470.11 5469.86 5470.53 5469.79 5468.02 5466.64 5465.83 5464.73 5463.7 5462.35 5462.13 5463.14 5466.08 5464.52 5460.81 5459.2 5459.25 5459.64 5459.92 5460.27 5461.08 5462.04 5463.04 5464.54 5466.06 5467.51 5468.97 5470.71 5472.53 5474.6 5476.88 5478.3 5478.35 5479.15 5480.29 5483.53 5487.05 5491.12 5494.37 5497.92 5499.99 5500.73 5497.45 5487.94 5468.73 5444.22 5415.52 5385.24 5356.41 5326.19 5297.57 5273.25 5256.86 5256.89 5257.41 5239.2 5225.6 5211.65 5199.52 5190.25 5179.27 5169.06 5159.64
5473.28 5470.4 5467.91 5466.64 5464.83 5462.95 5461.74 5461.35 5460.88 5460.63 5460.29 5460.01 5459.9 5460.59 5460.82 5461.21 5462.41 5462.77 5461.51 5460.59 5460.47 5460.53 5460.37 5459.72 5461.34 5462.81 5464.48 5466.12 5466.71 5467.76 5469.25 5470.97 5472.95 5475.18 5477.49 5479.16 5479.7 5479.72 5482.03 5485.99 5488.53 5492.89 5497.17 5501.41 5503.48 5504.18 5500.21 5489.18 5468.27 5442.48 5415.69 5391.37 5355.03 5317.09 5286.41 5263.53 5249.31 5248.37 5248.3 5232.55 5217.4 5207.88 5197.09 5187.12 5177.62 5169.27 5160.33
5473.46 5470.62 5467.46 5464.26 5460.46 5456.14 5452.08 5452.46 5453.75 5454.71 5455.37 5455.88 5456.28 5457.07 5457.86 5458.63 5457.7 5459.48 5461.14 5461.77 5461.95 5462 5461.94 5462.27 5462.52 5463.42 5464.66 5466.04 5466.44 5467.43 5468.99 5470.84 5472.82 5475.04 5477.17 5479.31 5481.95 5484.28 5487.3 5485.1 5487.44 5493.8 5499.81 5504.97 5508.04 5508.44 5503.7 5490.62 5467.88 5437.7 5406.54 5378.29 5339.23 5299.03 5268.55 5247.82 5236.75 5230.66 5226.66 5217.03 5207.27 5200.51 5192.68 5184.76 5176.92 5169.19 5161.68
5474.7 5472.45 5468.46 5463.29 5457.55 5451.67 5446.69 5446.63 5448.3 5449.81 5450.98 5452.15 5453.28 5454.57 5455.97 5457.37 5458.96 5459.91 5461.41 5462.67 5463.39 5463.78 5463.69 5463.4 5463.75 5463.84 5463.95 5464.18 5464.95 5466.63 5468.49 5470.38 5472.36 5474.56 5476.85 5479.61 5484.18 5490.15 5493.66 5481.78 5486.5 5493.54 5500.56 5506.6 5510.6 5511.77 5508.14 5495.43 5468.08 5428.9 5387 5345.67 5305.56 5270.67 5243.23 5223.65 5213.09 5204.72 5199.78 5196.97 5194.32 5191.53 5186.76 5181.31 5175.62 5169.64 5163.72
5476.54 5474.55 5469.76 5463.19 5456.16 5449.43 5444.38 5443.6 5444.55 5445.94 5447.37 5448.84 5450.19 5451.95 5454.02 5456.32 5458.73 5460.09 5461.74 5463.48 5464.86 5465.77 5466.21 5466.02 5465.3 5464.52 5463.51 5462.26 5464.07 5466.03 5467.79 5469.62 5471.55 5473.67 5476.06 5479.29 5483.06 5488.93 5490.35 5483.88 5486.26 5493.02 5500.43 5507.15 5511.98 5513.51 5511.28 5502.93 5467.78 5415.91 5362.59 5310.06 5266.55 5237.64 5214.68 5195.93 5181.87 5178.46 5173.89 5179.76 5182.65 5182.98 5180.94 5177.72 5174.33 5170.24 5166.04
5478.25 5477 5470.97 5463.11 5455.34 5448.5 5443.62 5441.96 5442.11 5442.93 5444.19 5445.66 5447.62 5449.33 5451.53 5454.27 5457.1 5458.95 5461.41 5464.3 5466.61 5467.18 5468.28 5468.19 5466.71 5465.55 5464.54 5464.31 5464.57 5465.82 5467.33 5468.83 5470.53 5472.38 5474.4 5476.11 5478.37 5479.3 5480.55 5481.49 5484.54 5491.84 5499.8 5506.71 5511.38 5511.66 5506.52 5493.07 5453.58 5397.74 5338.16 5279.29 5232.13 5206.78 5189.49 5175.84 5166.75 5165.96 5168.34 5172.79 5175.65 5176.69 5176.25 5175.26 5173.39 5171.06 5168.58
5478.1 5478.67 5470.51 5461.99 5454.1 5447.53 5442.93 5440.59 5440.15 5440.83 5441.89 5443.24 5444.56 5446.47 5448.36 5450.78 5453.64 5456.64 5459.91 5463.27 5465.93 5467.17 5467.51 5467.87 5467.47 5466.59 5465.59 5464.66 5464.93 5465.84 5466.77 5467.96 5469.34 5470.77 5472.3 5473.92 5473.7 5473.1 5474.25 5474.46 5480.34 5490.19 5499.08 5506.02 5510.41 5508.69 5498.01 5471.92 5431.5 5379.53 5317.68 5254.72 5203.96 5181.84 5170.45 5163.84 5161.35 5162.49 5167.75 5171.05 5172.37 5173.18 5173.74 5173.17 5172.85 5172.2 5171.39
5474.7 5472.18 5466.8 5459.29 5451.82 5445.54 5441.13 5438.91 5438.29 5438.52 5439.03 5440.16 5441.76 5443.47 5445.04 5447.31 5450.07 5453.68 5457.49 5461.43 5465.09 5467.08 5467.18 5468.27 5468.32 5467.5 5466.69 5466.33 5466.28 5465.99 5466.23 5466.93 5467.84 5468.83 5469.81 5470.36 5469.27 5467.55 5470.76 5472.92 5479.78 5489.89 5499.1 5506.38 5510.3 5508.59 5496.77 5470.54 5428.31 5370.84 5304.15 5238.52 5185.27 5165.26 5158.16 5155.77 5156.7 5160.16 5166.43 5169.4 5169.12 5169.72 5170.86 5172.35 5173.47 5174.27 5174.94
5470.95 5467.57 5462.53 5455.71 5448.66 5442.39 5438.45 5436.64 5436 5436.06 5436.83 5437.73 5439.09 5440.59 5442.17 5444.71 5447.52 5450.68 5454.51 5458.71 5463.39 5467.46 5470.88 5470.75 5469.37 5467.92 5466.96 5466.97 5467.06 5465.7 5465.48 5465.71 5466.35 5467.04 5467.62 5467.69 5466.2 5464.5 5468.38 5474.56 5482.34 5491.2 5500.79 5508.68 5513.17 5512.62 5503.91 5483.04 5440.02 5371.64 5296.82 5229.89 5178.86 5157.44 5152.62 5154.25 5155.6 5157.67 5161.99 5164.51 5164.74 5166.29 5168.68 5171.13 5173.5 5175.74 5177.75
5467.36 5464.42 5458.39 5451.93 5445.34 5439.43 5436 5434.66 5434.24 5434.15 5434.67 5435.43 5436.53 5437.91 5439.17 5441.1 5444.04 5447.49 5451.23 5455.25 5459.22 5466.75 5474.15 5472 5469.38 5467.26 5465.64 5464.57 5463.76 5463.29 5463.72 5464.48 5465.36 5465.92 5466.16 5465.9 5464.55 5462.91 5466.81 5475.27 5482.65 5491.64 5501.54 5510.25 5516.19 5518.46 5514.5 5500.12 5461.29 5376.27 5289.66 5224.8 5176.62 5154.54 5151.43 5155.37 5155.91 5155.18 5155.39 5156.13 5159.48 5163.15 5166.89 5170.54 5173.98 5177.37 5180.71
5461.15 5458.12 5453.57 5448.2 5442.47 5436.56 5434.39 5433.39 5432.89 5432.68 5433.04 5433.61 5434.42 5435.57 5436.82 5438.96 5441.34 5444.52 5447.96 5451.61 5456.7 5462.8 5469.81 5469.5 5467.44 5465.41 5463.37 5460.97 5458.91 5460.45 5461.92 5463.07 5464.15 5464.72 5465.12 5465.12 5464.72 5465.3 5469.25 5474.87 5481.26 5490.86 5501.51 5511.56 5519.22 5523.3 5521.18 5511.19 5476.16 5381.9 5282.96 5226.4 5178.3 5154.93 5152.61 5156.98 5155.87 5153.63 5151.21 5150.58 5155.92 5161.45 5166.52 5171.17 5175.52 5179.66 5183.51
5455.51 5452.25 5448.77 5444.86 5441.03 5437.83 5434.72 5433.12 5432.22 5431.81 5431.73 5431.93 5432.54 5433.41 5434.81 5437.16 5439.14 5441.97 5445.27 5448.31 5449.33 5455.91 5463.69 5464.68 5464.05 5462.85 5461.33 5459.55 5458.59 5459.39 5460.73 5462.3 5463.35 5464.19 5464.92 5465.55 5466.38 5468.5 5471.71 5475.57 5479.88 5489.22 5500.68 5511.08 5519.71 5524.68 5522.9 5510.18 5473.4 5394.74 5309.17 5240.35 5187.17 5159.24 5155.59 5157.85 5156.68 5153.98 5151.75 5151.06 5155.74 5161.37 5166.82 5171.9 5176.83 5181.48 5185.89
5451.57 5447.14 5443.81 5441.63 5439.56 5437.46 5435.06 5432.92 5431.73 5431.14 5430.85 5430.85 5431.06 5431.69 5432.3 5433.69 5436.48 5439.93 5443.59 5447.48 5452.71 5456.11 5456.54 5459.49 5460.31 5460.28 5459.64 5458.75 5458.2 5458.96 5460.48 5461.81 5462.94 5463.75 5464.86 5466.56 5469.1 5471.46 5473.76 5476.24 5479.18 5487.48 5498.82 5509.52 5519.25 5524.28 5522.19 5507.59 5471.64 5407.28 5330.08 5257.35 5197.66 5163.76 5160.22 5164.46 5158.78 5155.63 5154.25 5154.62 5158.17 5162.98 5168.13 5173.25 5178.35 5183.35 5188.27
5432.94 5437.15 5438.92 5438.45 5437.75 5436.76 5434.36 5432.38 5431.31 5430.75 5431 5430.94 5430.91 5430.95 5430.59 5430.87 5434.65 5438.64 5442.45 5446.33 5450.08 5451.59 5452.68 5455.53 5457.33 5458.23 5458.59 5458.48 5457.5 5459.02 5461.07 5462.16 5462.9 5463.61 5464.55 5466.14 5468.52 5470.42 5472.82 5475.82 5478.41 5485.51 5497.06 5507.75 5517.58 5522.57 5521.53 5509.53 5479.75 5422.19 5347.64 5272.25 5206.69 5165.65 5159.39 5161.07 5158.44 5156.91 5156.86 5158.56 5161.28 5165.18 5169.75 5174.45 5179.77 5184.81 5190.22
5442.67 5438.48 5436.76 5435.37 5434.93 5435.17 5432.31 5431.02 5430.74 5431.01 5431.4 5431.69 5431.8 5432.12 5431.78 5432.18 5435.12 5438.48 5441.78 5444.97 5447.7 5450.08 5451.95 5453.48 5455.15 5456.68 5458.06 5459.52 5461.14 5462.91 5462.88 5462.69 5462.76 5463.08 5463.65 5464.36 5465.55 5467.65 5471.22 5474.82 5476.25 5482.95 5494.08 5505.39 5515.57 5521.83 5521.98 5514.25 5492.64 5438.76 5362.79 5285.27 5213.44 5167.34 5158.9 5158.76 5156.42 5157.14 5158.6 5161.06 5163.68 5166.97 5170.95 5175.66 5180.8 5185.87 5191.71
5447.68 5440.62 5435.74 5431.8 5428.2 5427.24 5428.32 5429.39 5430.51 5431.66 5432.96 5433.73 5434.05 5434.61 5435.76 5436.64 5437.29 5439.31 5441.7 5444.02 5446.09 5449.31 5450.95 5451.51 5453.06 5454.86 5457.22 5460.14 5464.59 5466.49 5463.84 5462.7 5462.43 5462.33 5462.31 5462.21 5462.25 5464.32 5468.33 5472.39 5475.27 5481.16 5491.32 5502.39 5512.66 5520.4 5521.59 5515.75 5497.12 5448.13 5374.2 5296.61 5221.95 5170.38 5158.63 5156.62 5154.03 5156.94 5159.07 5162.16 5164.83 5167.92 5172.12 5176.59 5181.84 5187.3 5192.84
5444.25 5439.48 5434.21 5428.9 5423.41 5422.19 5425.37 5428.1 5430.45 5432.62 5434.81 5435.98 5436.73 5437.06 5437.78 5438.89 5439.48 5440.89 5442.29 5443.52 5444.37 5445.83 5448.17 5449.06 5450.66 5452.79 5455.24 5457.95 5461.03 5462.18 5461.71 5461.57 5461.52 5461.48 5461.34 5460.78 5459.83 5461.13 5465.08 5468.82 5470.52 5475.07 5487.39 5499.36 5509.74 5517.24 5519.63 5513.93 5494.69 5450.91 5383.32 5307.67 5233.77 5175.19 5158.01 5153.29 5151.69 5153.22 5159.04 5162.38 5165.26 5168.47 5172.61 5177.03 5181.96 5187.24 5192.9
5441.94 5437.65 5432.74 5427.82 5424.04 5422.99 5424.95 5428.12 5431.47 5434.7 5437.76 5439.88 5440.79 5440 5437.82 5439.75 5442.14 5443.38 5443.75 5443.73 5443.36 5443.73 5444.68 5446.12 5448.1 5450.31 5452.66 5454.71 5455.6 5456.09 5458.32 5459.65 5460.29 5460.68 5460.82 5460.6 5460.23 5460.31 5462.28 5465.1 5467.68 5473.72 5484.46 5496.27 5506.36 5513.89 5516.62 5512.3 5494.59 5456.05 5394.44 5321 5245.99 5182.89 5158.81 5151.33 5149.98 5152.22 5159.29 5163.1 5166.41 5168.31 5171.73 5175.84 5180.84 5186.63 5192.11
5441.14 5436.5 5431.32 5426.86 5424.69 5423.98 5425.41 5428.77 5432.89 5437.17 5441.08 5444.35 5446.4 5446.58 5443.99 5445.33 5447.11 5447.34 5446.36 5444.81 5442.68 5441.3 5441.77 5443.69 5445.83 5448.04 5449.99 5451.91 5453.33 5454.45 5456.77 5458.42 5459.45 5460.13 5460.71 5461.07 5460.52 5459.47 5460.01 5461.51 5466.19 5473.04 5482.11 5493.12 5503.39 5508.95 5512.69 5510.74 5499.08 5469.61 5410.05 5337.71 5262.59 5195.9 5164.27 5153.63 5150.32 5152.66 5160.13 5163.54 5166.81 5167.86 5169.89 5173.63 5179.14 5184.54 5189.38
5442.32 5435.53 5429.13 5424.3 5423.4 5422.69 5425.19 5429.51 5434.71 5440.06 5445.29 5450.32 5454.43 5457.01 5457.83 5456.39 5454.85 5452.54 5449.51 5446.36 5443 5440.93 5440.23 5441.58 5443.55 5445.84 5448.26 5450.57 5452.85 5455.42 5456.74 5457.82 5458.79 5459.57 5460.34 5461.35 5461.17 5457.16 5459.24 5461.78 5465.72 5470.55 5479.05 5488.57 5498.06 5505.84 5509.63 5509.12 5502.56 5483.04 5427.94 5358.23 5285.1 5215.26 5173.32 5160.38 5155.29 5156.51 5158.75 5163.81 5165.55 5166.02 5167 5171.94 5176.24 5180.72 5186.32
5440.31 5433.45 5426.46 5419.55 5413.29 5418.45 5423.9 5429.59 5435.61 5442.08 5448.92 5455.92 5462.68 5468.38 5471.29 5467.78 5463.02 5458.03 5453.01 5448.08 5443.42 5440.55 5438.97 5440.3 5442.16 5444.47 5446.91 5449.43 5452.01 5454.32 5455.82 5456.88 5457.86 5458.7 5459.4 5459.81 5459.71 5458.8 5459.99 5462.5 5465.73 5469.35 5476.61 5485.72 5495.37 5501.47 5506.42 5505.84 5499.34 5489.36 5444.84 5381.71 5313.37 5244.97 5192.91 5173.45 5166.23 5164.48 5164.62 5165.39 5163.18 5163.5 5165.27 5169.98 5172.12 5178.11 5182.02
5436 5430.31 5424.66 5418.77 5413.44 5418.11 5423.95 5430.03 5436.7 5443.93 5451.91 5460.54 5469.46 5477.81 5481.89 5476.54 5469.7 5462.97 5456.55 5449.99 5442.98 5439.43 5439.12 5439.48 5441.2 5443.41 5445.79 5448.22 5450.8 5453.34 5455.11 5455.66 5456.59 5457.61 5458.44 5458.72 5458.44 5459.72 5460.97 5463.16 5465.51 5467.12 5474.04 5482.6 5491.47 5498.33 5501.95 5501.57 5495.8 5493.15 5458.18 5405.99 5347.7 5284.94 5220.36 5194.39 5184.38 5178.16 5175.31 5170.89 5165.01 5163.33 5164.13 5166.2 5169.96 5173.47 5178.36
5429.77 5426.28 5423.41 5422.41 5423.18 5422.03 5425.34 5430.57 5437.16 5444.65 5453.07 5462.47 5472.58 5482.9 5487.62 5480.99 5473.54 5466.61 5460.2 5453.45 5445.41 5440.4 5438.39 5439.03 5440.63 5442.65 5444.81 5447.01 5449.23 5451.55 5452.85 5453.72 5454.85 5456.18 5457.6 5458.99 5459.54 5459.7 5461.39 5464.02 5466.58 5468.32 5473.62 5480.92 5488.11 5494.35 5498.08 5499.65 5495.41 5484.47 5464.62 5430.51 5386.19 5333.78 5259.48 5225.65 5210.3 5198.75 5189.55 5180.55 5170.95 5165.87 5164.54 5165.02 5167.96 5170.34 5175.2
5422.05 5420.75 5420.33 5421.15 5422.07 5422.99 5425.63 5430.3 5436.66 5443.88 5452.14 5461.17 5470.9 5480.42 5484.37 5479.74 5473.9 5468.38 5463.03 5458.05 5453.17 5446.19 5440.32 5439.62 5440.94 5442.57 5444.18 5445.81 5447.26 5448.58 5449.97 5451.33 5452.77 5454.59 5456.58 5458.31 5458.55 5458.67 5460.81 5465.15 5469.35 5471.09 5474.72 5480.81 5486.96 5493.07 5497.26 5499.46 5498.06 5492.56 5479.82 5457.15 5426.62 5384.35 5309.96 5267.29 5243.3 5225.41 5208.35 5193.38 5179.24 5170.13 5165.82 5164.29 5165.54 5168.24 5172.51
5413.98 5413.96 5414.91 5418 5420 5420.62 5423.83 5428.7 5434.76 5441.65 5449.26 5457.11 5465.08 5472.08 5475.41 5474.29 5471.25 5467.66 5464.16 5461.34 5458.67 5451.09 5443.13 5441.75 5442.43 5443.24 5444.04 5444.73 5445.53 5446.73 5448.32 5448.74 5450.31 5452.47 5454.87 5457.38 5457.16 5456.04 5458.61 5464.57 5471.85 5472.27 5475.24 5481.04 5487.14 5492.76 5497.08 5499.75 5501.06 5502.23 5495.77 5480.93 5465.2 5436.35 5367.62 5315.79 5282.37 5254.78 5229.79 5208.44 5189.41 5175.65 5168.77 5165.4 5165.41 5166.85 5171.19
5406.89 5406.86 5407.19 5408.96 5412 5415.45 5420.16 5425.67 5431.95 5438.45 5445.08 5451.55 5457.39 5462.18 5465.65 5467.1 5466.54 5465.17 5463.35 5461.86 5460.66 5454.31 5448.18 5445.57 5444.92 5444.57 5444.33 5444.15 5443.94 5443.29 5442.38 5444.94 5447.65 5450.06 5452.16 5453.74 5454.46 5454.44 5456.14 5458.85 5461.23 5465.86 5473.49 5480.5 5486.03 5491.58 5495.54 5497.97 5497.84 5497.55 5495.58 5491.8 5493.94 5485.28 5420.1 5363.72 5320.93 5285.14 5253 5225.27 5199.73 5180.33 5171.36 5166.33 5165.54 5167.2 5171.48
5401.45 5400.73 5399.4 5397.01 5402.01 5409.45 5416.01 5422.19 5428.45 5434.54 5440.46 5445.79 5450.03 5453.2 5457.15 5460.12 5461.24 5461.28 5460.77 5459.65 5457.96 5455.46 5452.5 5450.07 5447.88 5446.21 5444.95 5443.99 5442.93 5441.64 5440.99 5443.28 5445.72 5448.02 5449.86 5450.87 5452.4 5453.97 5455.15 5454.71 5452.04 5463.95 5475.55 5480.63 5485.09 5489.47 5493.79 5495.75 5491.59 5477.5 5466.61 5488.05 5503.86 5501.1 5453.35 5401.87 5355.3 5313.39 5275.64 5241.99 5212.39 5189.55 5176.24 5169.01 5167.27 5167.94 5172.38
5397.48 5396.78 5395.81 5393.63 5398.76 5406 5412.61 5418.8 5424.76 5430.52 5435.92 5440.43 5444.08 5447.23 5450.92 5454.11 5456.29 5457.31 5457.55 5457 5456.05 5455.69 5455.46 5453.41 5450.11 5447.62 5445.72 5444.13 5442.83 5442.12 5442.72 5443.15 5444.47 5446.51 5448.6 5450.3 5451.1 5452.2 5453.66 5456.49 5464.09 5470.24 5475.88 5479.21 5483.39 5487.59 5491.53 5494.94 5492.27 5475.17 5464.23 5487.02 5501.32 5498.3 5468.46 5428.18 5382.14 5338.05 5296.75 5258.14 5224.65 5199.91 5180.47 5171.54 5168.2 5170.24 5174.44
5393.99 5394.3 5395.84 5401.51 5400.96 5404.98 5410.33 5415.97 5421.72 5426.94 5431.79 5435.71 5439.18 5443.02 5446.07 5449.25 5451.72 5453.48 5454.28 5454.65 5454.8 5454.7 5454.47 5453.05 5450.65 5448.27 5446.2 5444.37 5442.84 5441.8 5441.44 5441.69 5443.08 5445.09 5447.37 5449.08 5449.29 5449.55 5450.59 5454.39 5461.21 5466.09 5468.84 5474.95 5479.95 5484.09 5487.76 5491.07 5491.37 5488.83 5496.58 5495.71 5496.29 5490.08 5472.67 5442.08 5402.13 5359.57 5316.12 5273.22 5233.45 5199.61 5180.5 5174.04 5172.54 5175.09 5178.68
5390.79 5391.86 5393.13 5394.35 5399.42 5403.86 5408.76 5414.05 5419.17 5423.94 5428.23 5431.65 5434.27 5436.89 5441.43 5445.12 5448.03 5450 5450.98 5451.42 5452.18 5452.68 5452.71 5451.76 5450.17 5448.28 5446.28 5444.46 5442.72 5441.13 5439.61 5439.72 5441.56 5443.46 5445.17 5446.54 5446.97 5447.31 5447.84 5448.7 5449.77 5453.8 5463.75 5471.75 5476.42 5479.96 5482.93 5485.2 5488.31 5493.63 5500.25 5499.07 5495.23 5489.22 5476.09 5451.29 5419.9 5380.12 5335.96 5289.87 5244.64 5203.67 5183.76 5180.21 5180.88 5182.71 5185.53
