real_craters/C178-500m.grd
DSAA
287 287
-71.5925 71.5925
-71.5925 71.5925
3835.5301567137 5842.7713612084
[rows 90 to 119 of 287, columns 67 to 133 of 287]
5118.39 5122.47 5127.71 5134.45 5142.45 5148.84 5154.33 5155.96 5163.06 5184.03 5209.97 5224.32 5219.73 5216.14 5213.93 5212.33 5210.57 5212.1 5218.03 5223.51 5227.31 5232.54 5239.55 5241.81 5247.86 5254.35 5260.23 5264.27 5267.57 5269.12 5271.03 5273.9 5277.11 5281.75 5285.49 5288.16 5289.71 5292.39 5295.36 5296.16 5292.63 5296.29 5310.92 5326.56 5338.87 5350.54 5365.51 5383.21 5404.18 5421.05 5426.91 5432.31 5423.79 5424.37 5427.71 5432.88 5443.8 5449.71 5457.07 5464.07 5469.05 5468.49 5462.58 5470.11 5491.46 5514.05 5531.41
5118.97 5113.26 5110.53 5108.97 5116.75 5134.55 5150.71 5151.74 5161.41 5179.81 5203.17 5216.54 5214.9 5212.44 5210.34 5208.23 5207.25 5208.36 5210.86 5215.16 5224.04 5228.34 5230.82 5237.11 5244.71 5250.86 5256.43 5260.79 5264.53 5267.05 5272.38 5278.54 5285 5288.09 5290.3 5291.96 5293.1 5296.37 5300.75 5303.55 5306.6 5309.27 5322.11 5328.63 5330.68 5343.53 5359.74 5378.16 5397.3 5415.84 5424.48 5419.38 5418.67 5419.66 5422.15 5428.76 5440.21 5449.28 5459.95 5471.74 5485.83 5502.41 5504.6 5519.13 5525.69 5532.21 5541.58
5108.02 5102.57 5097.64 5091.92 5099.6 5118.28 5135 5137.94 5147.17 5167.08 5189.35 5199.59 5201.9 5202.25 5202.25 5200.92 5200.91 5202.24 5203.11 5203.18 5203.27 5212.1 5222.01 5230.55 5238.42 5245.3 5251.29 5257.17 5262.35 5267.37 5274.45 5283 5291.18 5294.44 5295.71 5297.7 5301.63 5306.2 5309.17 5312.73 5318.26 5329.29 5324.58 5317.77 5320.85 5336.57 5353.99 5369.97 5383.04 5388.1 5391.71 5408.11 5410.82 5411.6 5413.18 5421.8 5431.52 5444.96 5460.78 5478.78 5498.17 5526.39 5582.02 5569.3 5552.29 5545.03 5547
5091.62 5090.38 5088.92 5088.78 5093.7 5103.19 5110.54 5127.99 5139.54 5148.67 5158.41 5172.47 5182.09 5188.26 5190.03 5190.98 5192.66 5196.5 5198.32 5194.45 5186.25 5199.88 5214.64 5225.52 5233.99 5241.65 5247.49 5254.28 5261.64 5271.1 5277.43 5284.31 5293.54 5296.26 5298.8 5302.15 5306.14 5310.8 5318.14 5322.21 5324.99 5330.27 5323.13 5314.72 5318.67 5336.15 5350.61 5363.68 5373.34 5382.83 5394.71 5406.78 5404.72 5402.13 5401.48 5397.15 5417.3 5438.21 5458.97 5481.72 5513.75 5569.6 5611.33 5565.29 5550.05 5544.67 5544.33
5076.95 5078.59 5080.3 5084.83 5088.57 5092.83 5096.49 5112.43 5127.35 5133.91 5133.7 5149.32 5163.43 5173.06 5180.7 5184.57 5185.71 5194.7 5200.37 5199.54 5194.29 5204.82 5215.38 5223.28 5230.09 5237.19 5243.88 5250.8 5258.1 5266.49 5274.29 5281.23 5288.18 5294.81 5300.24 5304.75 5309.82 5315.42 5327.01 5339.43 5339.48 5328.35 5323.23 5327.03 5338.41 5339.08 5348.38 5358.82 5369.71 5381.23 5388.43 5392.93 5395.46 5393.36 5391.74 5404.04 5413.64 5434.43 5455.09 5477 5502.28 5532.99 5569.69 5557.52 5541.47 5535.2 5532.49
5066.26 5067.58 5069.04 5072.98 5080.37 5089.49 5099.57 5112.18 5122.54 5129.32 5134.81 5143.2 5153.58 5164.94 5175.83 5186.74 5194.92 5201.24 5210.22 5216.74 5217.84 5220.41 5221.33 5224.97 5230.03 5235.91 5241.67 5247.82 5253.92 5260.06 5270.15 5278.23 5287.48 5295.07 5300.26 5306.63 5313.52 5322.87 5330.79 5339.27 5338.18 5325.67 5321.57 5326.45 5327.84 5338.81 5347.86 5355.37 5360.3 5360.7 5366.5 5376.77 5381.4 5387.01 5389.17 5398.11 5419.45 5433.64 5449.3 5465 5479.11 5490.57 5512.78 5523.99 5522.8 5521.38 5518.18
5057.74 5056.63 5057.64 5062.22 5072.58 5087.31 5106.07 5119.17 5121.64 5125.77 5133.76 5137.51 5145.91 5155.62 5167.76 5184.38 5202.37 5202.44 5212.37 5231.24 5256.52 5231.5 5224.39 5225.29 5229.68 5235.29 5240.89 5245.17 5250.57 5261.59 5265.52 5274.89 5284.57 5291.81 5298.51 5305.74 5313.92 5322.17 5327.19 5331.7 5330.8 5325.54 5323.56 5327.13 5333.88 5339.55 5347.15 5354.38 5357.28 5346.42 5342.78 5368.85 5376.99 5388.56 5396.56 5408.06 5420.06 5433.44 5446.49 5458.47 5466.74 5467.36 5476.26 5489 5508.56 5513.98 5511.17
5046.25 5045.31 5046.23 5051.38 5063.14 5080.04 5101.14 5118.72 5116.27 5116.34 5120.96 5127.9 5136.32 5145.19 5154.01 5163.19 5173.28 5183.2 5192.38 5202.72 5217.87 5214.91 5215.23 5218.75 5226.77 5234.63 5242.71 5246.71 5242.82 5240.73 5261.53 5272.43 5279.67 5286.95 5295.91 5303.88 5310.6 5314.35 5318.08 5321.81 5325.96 5330.03 5332.54 5328.72 5330.47 5338.51 5347.28 5355.98 5364.97 5371.84 5355.48 5377.71 5399.57 5395.66 5399.2 5407.22 5418.35 5434.64 5449.67 5461.53 5469.87 5474.98 5485.37 5499.55 5514.2 5524.46 5522.29
5031.71 5031.68 5032.02 5037.96 5052.53 5068.54 5081.78 5101 5103.78 5102.51 5107.77 5117.7 5127.5 5134.62 5139.16 5140.98 5148.01 5157.6 5161.56 5152.68 5161.57 5184.58 5198.1 5209.46 5221.72 5233 5244.64 5254.47 5263.8 5268.25 5269.5 5275.12 5280.81 5287.59 5296.01 5303.82 5310.01 5311.68 5315.26 5313.7 5323.16 5331.01 5334.53 5335.28 5338.94 5341.93 5347.18 5358.97 5369.32 5374.24 5386.42 5392.58 5395.01 5396.14 5400.31 5409.36 5422.86 5438.57 5454.74 5469.4 5482.18 5497.03 5507.92 5516.21 5532.9 5548.2 5556.5
5021.57 5020.16 5020.09 5026.29 5041.81 5058.89 5071.35 5072.46 5095.85 5091.95 5095.98 5115.63 5126.85 5132.21 5133.13 5126.7 5130.86 5142.06 5142.74 5133.51 5141.53 5164.15 5183.32 5200.18 5215.52 5229.51 5244.11 5259.05 5276.8 5284.8 5278.79 5279.62 5283.51 5286.1 5296.67 5305.05 5314.09 5325.12 5329.45 5327.68 5328.54 5332.71 5333.84 5334.53 5328.96 5325.93 5343.08 5363.08 5381.95 5394.73 5407.49 5400.05 5394.16 5391.66 5397.32 5410.66 5429.9 5443.45 5457.67 5473.24 5491.48 5511.23 5525.34 5531.78 5554.37 5577.38 5601.91
5014.73 5011.87 5009.67 5015.79 5031.69 5053.71 5083.51 5112.37 5113.08 5119.75 5121.92 5127.42 5133.34 5137.36 5138.73 5142.94 5140.88 5140.61 5140.1 5133.6 5140.3 5155.24 5171.67 5188.79 5205.77 5223.01 5239.56 5255.59 5268.8 5277.99 5279.33 5281.19 5284.87 5292.25 5298.26 5307.19 5316.67 5324.59 5328.01 5329.63 5335.8 5339.7 5340.1 5332.05 5318.75 5316.78 5343.16 5366.9 5388.82 5402.22 5408.82 5404.29 5390.72 5386.69 5392.44 5409.45 5428.01 5445.22 5461.92 5478.81 5499.85 5526.43 5534.18 5548.69 5567.89 5595.1 5628.82
5008.21 5003.3 4999.59 5004.56 5019.63 5041.33 5070.45 5097.93 5118.61 5122.39 5134.84 5141.73 5144.24 5147.3 5145.74 5143.11 5142.32 5142.86 5139.26 5141.42 5142.45 5148.89 5161.08 5175.77 5193.5 5212.48 5231.92 5253.46 5269.81 5277.82 5277.98 5280.64 5284.1 5286.24 5297.75 5309.58 5319.15 5324.17 5321.72 5337.3 5345.99 5350.45 5349.55 5344.79 5336.95 5341.18 5356.07 5371.87 5387.27 5393.64 5397.72 5406.95 5398.79 5395.12 5397.93 5414.92 5432.83 5449.74 5465.57 5484 5501.83 5517.24 5549.74 5567.46 5577.01 5591.31 5615.02
5000.62 4995.29 4991.24 4994.36 5005.25 5021.48 5048.23 5090.15 5130.74 5150.49 5156.35 5155.65 5156.17 5157.91 5152.27 5137.52 5139.71 5141.85 5141.98 5135.02 5138.75 5140.49 5148.4 5162.57 5179.94 5200.81 5222.4 5249.32 5279.52 5277.82 5275.93 5280.37 5286.1 5292.45 5302.39 5313.82 5325.55 5341.13 5360.38 5358.26 5359.61 5362.34 5369.39 5365.01 5363.41 5371.24 5372.79 5377.74 5384.84 5392.56 5405.32 5434.67 5442.66 5440.18 5426.78 5433.75 5443.96 5454.34 5471.7 5492.16 5514.07 5533.75 5581.6 5571.88 5568.18 5560.44 5554.74
4992.01 4988.16 4984.21 4984.65 4990.15 4998.7 5008.73 5065.81 5129.12 5190.54 5178.6 5167.28 5167.45 5168.33 5165.78 5153.55 5137.71 5130.12 5143.76 5171.37 5133.29 5120.2 5126.74 5143.58 5166.33 5188.69 5210.53 5228.53 5240.25 5259.77 5268.55 5278.93 5289.32 5300.6 5309.24 5316.38 5328.33 5347.22 5372.18 5379.5 5368.48 5366.82 5368.37 5367.34 5369.13 5377.96 5382.36 5387.39 5392.09 5406.49 5434.35 5460.57 5470.32 5469.93 5468.1 5468.66 5457.52 5462.99 5496.46 5519.28 5534.19 5546.67 5516.95 5564.77 5566.2 5533.28 5475.82
4982.21 4978.33 4975.02 4973.82 4976.7 4985.12 5000.91 5031.94 5079.66 5136.98 5154.67 5158.28 5163.2 5169.19 5176.51 5169.12 5122.2 5081.76 5068.59 5103.72 5075.39 5079.38 5100.01 5126.16 5152.75 5179.03 5201.46 5217.65 5225.39 5247.8 5262.24 5276.9 5289.77 5303.08 5310.84 5312.71 5322.51 5335.72 5350.33 5356.15 5361.26 5366.25 5370.3 5372.59 5370.6 5376.91 5389.71 5404.52 5417.5 5428.8 5453.51 5489.53 5480.25 5485.95 5529.45 5533.72 5516.08 5510.94 5546.26 5563.33 5558.93 5594.36 5665.72 5640.01 5581.96 5520.55 5461.7
4971.21 4968.73 4964.17 4962.02 4963.87 4971.85 4992.83 5007.61 5032.23 5075.55 5109.62 5129.13 5141.51 5152.37 5166.62 5155.28 5086.49 5006.69 4915.98 4890.74 4969.88 5027.17 5072.92 5111.49 5146.49 5177.8 5204.03 5226.19 5238.69 5250.39 5263.33 5275.11 5286.98 5299.37 5307.71 5308.75 5316.22 5322.45 5311.79 5327.93 5351.76 5365.11 5376.19 5387.47 5401.69 5399.39 5407.78 5431.14 5454.67 5485.75 5493.53 5498.31 5514.27 5573.12 5626.33 5622.83 5616.56 5607.63 5622.79 5625.82 5644.72 5683.6 5726.3 5665.86 5588.6 5501.97 5435.66
4963.67 4959.91 4955.18 4949.96 4948.71 4950.21 4960.45 4990.75 5022.54 5036.66 5067.38 5090.62 5102.49 5115.03 5122.19 5107.8 5049.82 4963.92 4844.86 4820.24 4921.05 5001.38 5059.59 5106.11 5146.4 5182.61 5215.21 5244.76 5265.19 5262.87 5270.13 5277.15 5284.02 5290.45 5296.2 5303.79 5314.64 5326.56 5338.15 5338.19 5354.77 5368.16 5379.57 5388.46 5405.83 5416.44 5426.95 5448.69 5486.17 5524.65 5522.57 5507.11 5547.12 5623.07 5682.38 5693.16 5717.32 5769.18 5680.35 5637.9 5666.88 5652.19 5666.96 5674 5555.16 5450.98 5363.18
4962.23 4951.02 4940.52 4938.59 4936.23 4935.75 4946.53 4973.04 5002.59 5011.32 5035.16 5056.74 5070.7 5077.66 5072.29 5062.25 5040.45 4990.92 4908.11 4894.75 4957.71 5016.21 5067.04 5111.82 5152.99 5192.39 5226.97 5258.96 5276.56 5271.12 5273.26 5277.5 5281.19 5282.66 5285.25 5298.98 5312.65 5329.72 5350.37 5355.37 5364.98 5375.81 5386.08 5399.74 5403.03 5418.3 5441.07 5446.53 5477.41 5522.27 5542.5 5538.33 5591.9 5715.24 5722.9 5710.37 5717.44 5727.03 5627.27 5534.76 5485.82 5487.31 5532.02 5545.29 5445.26 5358.63 5298.97
4954.41 4942.84 4934.31 4930.52 4929.23 4929.2 4937.84 4955.97 4970.49 4981.46 5010.34 5032.26 5046.53 5049.35 5047.35 5053.04 5059.12 5067.11 5081.85 5053.95 5040.2 5058.09 5089.88 5124.88 5166.21 5201.92 5236.17 5267.21 5281.52 5274.87 5275.21 5277.48 5280.25 5283.84 5289.12 5299.7 5310.86 5322.46 5337.58 5367.52 5376.28 5383.86 5390.69 5390.37 5407.41 5424.67 5440.3 5467.82 5518.01 5576.56 5577.39 5599.16 5664.74 5714.58 5691 5657.19 5623.22 5574.4 5476.59 5368.05 5268.5 5277.37 5306.74 5302.89 5260.71 5214.14 5187.19
4939.53 4932.83 4927.45 4925.87 4926.9 4929.5 4936.38 4947.19 4960.17 4978.43 4998.46 5012.99 5024.73 5031.24 5034.25 5050.61 5075.74 5107.21 5164.5 5139.42 5101.59 5099.82 5118.02 5143.56 5174.09 5207.09 5241.61 5270.48 5284.36 5276.23 5276.31 5278.6 5281.21 5286.65 5294.67 5303.82 5310.95 5319.3 5334.64 5372.05 5382.16 5391.81 5403.94 5421.46 5420.91 5416.62 5441.2 5495.11 5532.54 5567.58 5569.32 5593.33 5637.81 5592.27 5593.4 5563.56 5493.78 5388.06 5297.34 5216.48 5147.32 5124.15 5118.23 5082.59 5069.36 5044.3 5023.92
4932.17 4922.11 4919.12 4923.54 4928.35 4933.32 4938.15 4944.27 4953.88 4984.14 4990.05 4999.45 5012.12 5022.76 5035.43 5050.77 5073.63 5095.71 5122.25 5126.06 5117.59 5119.07 5133.21 5153.94 5180.15 5207.01 5236.23 5274.88 5275.76 5270.25 5273.25 5277.42 5281.4 5285.43 5294.67 5303.07 5311.82 5325.55 5344.39 5364.93 5380.81 5393.69 5408.93 5431.56 5430.64 5438.18 5514.86 5543.92 5515.85 5496.26 5515.21 5516.99 5489.63 5516.54 5545.5 5487.99 5384.29 5260.63 5170.86 5108.16 5050.29 5044.16 5006.5 4943.05 4920.55 4903.45 4896.22
4930.5 4919.34 4917.61 4924.64 4930.68 4937.97 4940.24 4944.58 4954.56 4969.75 4980.22 4989.87 5002.85 5018.26 5029.37 5044.1 5058.97 5067.95 5070.29 5097.39 5110.75 5123.48 5137.92 5157.64 5179.45 5200.33 5216.21 5225.75 5250.03 5259.29 5267.87 5274.82 5279.84 5284.69 5284.44 5290.89 5310.56 5331.97 5351.05 5365.61 5381.3 5391.71 5401.13 5410.57 5421.35 5454.88 5580.97 5584.05 5509.22 5471.82 5485.68 5485.25 5448.17 5510.57 5557.28 5429.41 5300.87 5191.3 5114.07 5060.27 5043.7 5048.5 4950.17 4865.13 4812.62 4804.22 4825.12
4941.79 4934.48 4929.81 4929.46 4930.79 4933.24 4937.08 4942.27 4951.61 4961.21 4969.98 4980.49 4994.76 5014.64 5033.27 5034.81 5039.98 5043.62 5061.95 5077.33 5098.13 5118.61 5138.91 5159.66 5181.42 5199.78 5213.35 5217.98 5244.34 5252.84 5263.31 5272.03 5279.94 5288.34 5297.7 5295.04 5309.48 5332.57 5356.66 5376.91 5387.62 5390.42 5393.12 5397.37 5419.51 5470.97 5554.44 5560.12 5496.22 5467.13 5482.54 5510.03 5546.57 5529.16 5460.74 5330.8 5205.96 5102.53 5039.95 5033.71 5041.95 5012.58 4883.31 4756.71 4702.07 4709.33 4744.29
4947.63 4956.38 4944.65 4933.2 4927.85 4927.64 4928.69 4932.48 4940.91 4947.15 4957.37 4969.3 4980.54 4993.9 5010.7 5016.32 5019.49 5013.78 5022.37 5057.04 5087.3 5114 5137.97 5161.27 5182.67 5204.56 5226.59 5248.55 5246.1 5255.89 5266.02 5271.88 5279.22 5287.53 5296.93 5294.19 5305.6 5322.31 5347.58 5377.57 5386.85 5389.68 5391.33 5393.19 5420.99 5527.66 5560.28 5532.17 5476.26 5464.39 5481.64 5504.94 5527.58 5419.19 5293.9 5196.38 5098.93 5005.01 4946.87 5004.74 5004.86 4927.87 4804 4683.59 4636.46 4671.27 4713.08
4926.91 4948.71 4944.67 4930.14 4916.39 4914.2 4916.63 4924.04 4927.63 4933.88 4944.9 4957.37 4967.11 4969.18 4977.01 5000.64 5009.22 5003.49 5016.11 5049.69 5081.53 5109.96 5136.02 5161.31 5184.23 5208.71 5229.32 5245.59 5249.5 5256.85 5265.51 5271.08 5277.17 5280.23 5281.81 5282.91 5299.03 5326.91 5345.15 5360.07 5376.09 5390.53 5398.77 5410.37 5445.67 5534.82 5551.64 5519.64 5500.75 5489.05 5471.77 5448.89 5387.88 5239.09 5138.44 5063.68 4998.73 4939.54 4914.58 4946.8 4912.29 4827.64 4731.59 4643.69 4612.7 4653.09 4699.03
4909.84 4931.19 4941.49 4925.64 4903.2 4892.3 4905.15 4920.2 4927.76 4924.46 4935.62 4951.81 4964.67 4975.22 4985.71 5002.22 5014.02 5011.2 5024.93 5053.9 5081.07 5108.07 5136.3 5161.09 5185.95 5207.82 5228.65 5244.87 5248.24 5255.64 5262.94 5270.29 5275.19 5276.1 5271.63 5270.56 5286.59 5311.43 5335.37 5361.88 5384.96 5395.8 5411.74 5434.72 5468.1 5504.8 5526.7 5573.25 5601.27 5528.4 5449.56 5370.74 5269.28 5088.95 4992.15 4949.85 4915.35 4880.39 4857.7 4854.3 4786.51 4729.21 4679.5 4618.64 4590.6 4663.96 4699.04
4936.35 4972.03 4950.68 4925.86 4902.54 4892.74 4899.16 4910.53 4918.55 4920.16 4935.44 4954.28 4969.02 4984.22 4996.65 5010.7 5027.51 5046.85 5056.69 5065.78 5086.06 5108.73 5131.7 5155.91 5181.21 5203.28 5225.07 5240.38 5243.34 5251.5 5260.65 5268.71 5275.86 5278.61 5273.62 5262.37 5274.83 5291.89 5320.8 5349.26 5375.67 5396.43 5422.75 5453.04 5488.21 5480.28 5486.22 5597.73 5620.14 5522.77 5408.89 5277.23 5133.05 4992.91 4908.43 4883.41 4867.17 4841.7 4805.04 4750.15 4715.99 4695.55 4673.71 4636.82 4596.06 4662.33 4721.24
4951.59 4971.85 4947.72 4924.02 4905.06 4895.22 4896.39 4904.18 4916.84 4937.38 4954.9 4961.9 4974.17 4984.13 4999.61 5013.95 5031.02 5047.61 5062.23 5071.65 5086.93 5107.2 5129.04 5149.61 5172.18 5193.49 5211.58 5230.05 5235.72 5245.75 5256.95 5268.14 5278.56 5285.92 5282.6 5276.76 5278.36 5291.75 5314.88 5337.51 5362.21 5393.49 5427.21 5462.31 5492.34 5483.49 5491.46 5605.77 5540.31 5471.28 5368.31 5235.45 5083.25 4954.83 4880.21 4866.93 4854.38 4833.17 4804.96 4750.3 4744.45 4723.85 4716.22 4722.75 4762.14 4807.22 4781.45
4918.37 4931.91 4928.25 4915.74 4905.47 4896.93 4893.34 4895.47 4912.31 4935.8 4951.93 4963.16 4974.94 4992.97 5001.5 5011.3 5021.79 5038.39 5053.73 5066.84 5083.33 5102.73 5123.64 5142 5163.09 5184.82 5209.53 5220.82 5226.52 5237.89 5249.78 5262.76 5276.26 5291.48 5287.32 5267.64 5276.19 5304.67 5318.58 5337.21 5358.81 5396.81 5434.14 5464.22 5484.79 5487.19 5495.26 5577.3 5495.73 5421.71 5334.24 5247.03 5117.81 4972.4 4896.61 4889.68 4862.68 4832.14 4810.04 4785.03 4758.77 4750.27 4760.83 4794.91 4857.85 4876.86 4813.2
4892.14 4901 4906.84 4904.33 4896.8 4893.62 4891.19 4893.06 4908.69 4929.52 4949.09 4961.19 4968.91 4969.38 4993.14 5005.97 5010.15 5014.89 5038.71 5058.75 5077.36 5098.23 5117.57 5138.38 5156.12 5172.59 5187.04 5207.25 5216.31 5228.92 5241.25 5253.35 5264.83 5276.36 5273.26 5258.48 5267.53 5296.43 5320.59 5345.4 5369.75 5410.35 5445.98 5475.42 5495.31 5514.57 5530.04 5574.82 5494.69 5363.4 5263.38 5194.29 5097.57 5000.55 4958.58 4935.83 4870.26 4824.07 4794.25 4771.77 4745.25 4755.28 4775.86 4812.04 4854.34 4845.78 4786.16
