real_craters/C178-300m.grd
DSAA
478 478
-71.5925 71.5925
-71.5925 71.5925
3822.4639281806 5862.2962593754
[rows 150 to 179 of 478, columns 268 to 334 of 478]
5539.13 5523.7 5507.78 5491.89 5482.31 5477.73 5475.04 5474.92 5470.7 5461.03 5454.62 5451.04 5449.54 5450.1 5450.08 5448.51 5447.13 5447.05 5447.64 5447.42 5444.74 5443.12 5444.06 5443.07 5440.62 5437.76 5434.13 5427.08 5418.63 5411.64 5406.91 5403.71 5400.8 5401.29 5402.76 5403.05 5402.63 5401.71 5400.66 5398.33 5392.55 5382.49 5371.43 5362.4 5358.59 5357.68 5358.71 5357.59 5357.1 5357.34 5358.17 5359.53 5360.67 5361.01 5361.39 5359.09 5353.01 5348.31 5346.67 5346.91 5347.71 5347.81 5348 5348.42 5348.56 5348.03 5345.14
5531.96 5518.46 5504.78 5491.19 5480.51 5474.41 5470.62 5468.35 5464.74 5459.27 5454.72 5451.94 5451.19 5452.43 5456.06 5461.31 5459.42 5455.87 5454.98 5454.49 5451.3 5447.25 5444.68 5441.34 5438.84 5436.41 5432.58 5428.58 5424.16 5417.86 5412.85 5410.1 5408.3 5408.27 5407.18 5405.35 5402.82 5399.91 5396.36 5392.08 5385.99 5376.92 5367.86 5359.13 5353.87 5348.43 5345.67 5348.77 5351.15 5353.03 5355.05 5358.12 5363.03 5360.38 5359.39 5364.02 5348.51 5344.94 5345.04 5347.18 5348.74 5347.54 5347.69 5348.55 5349.72 5351.13 5351.82
5525.22 5512.5 5501.49 5491.92 5478.97 5469.89 5464.53 5459.91 5457.36 5455.17 5452.53 5450.63 5450.03 5451.24 5453.19 5460.36 5459.84 5458.72 5459.7 5462.5 5464.81 5457.88 5446.99 5439.79 5435.71 5434.01 5433.3 5427.5 5423.28 5419.51 5416.58 5415.61 5416.76 5415.59 5411.43 5407.76 5403.17 5397.92 5391.69 5384.29 5376.28 5370.84 5366.66 5360.82 5352.26 5343.52 5338.51 5343.28 5346.44 5348.53 5350.37 5352.13 5352.96 5352.24 5347.79 5336.74 5336.95 5339.48 5341.53 5343.74 5345.14 5345.42 5346.55 5348.31 5350.78 5354.29 5357.32
5521.24 5505.2 5494.92 5485.37 5470.47 5464.39 5459.44 5454.65 5452.63 5451.28 5449.69 5448.25 5447.14 5445.48 5446.23 5447.52 5453.51 5456.07 5459.32 5464.94 5470.01 5461.61 5446.42 5435.41 5429.89 5426.99 5425.36 5421.51 5418.81 5417.89 5417.7 5418.36 5417.83 5416.04 5414.57 5409.97 5403.88 5396.42 5388.15 5378.45 5368.89 5365.12 5363.01 5359.11 5353.2 5347.32 5343.14 5343.22 5343.83 5344.5 5345.15 5345.5 5345.25 5344.02 5340.28 5334.38 5333.74 5336.48 5338.42 5339.49 5340 5342.35 5344.76 5347.18 5350.29 5354.42 5358.53
5507.84 5494.98 5486.41 5476.68 5467.72 5460.8 5456.58 5453.93 5450.35 5448.42 5447.39 5446.3 5445.33 5445.24 5445.62 5446.15 5448.77 5450.6 5452.6 5457.95 5467.82 5455.02 5438.85 5427.11 5422.96 5416.71 5411.85 5412.1 5413.13 5414.52 5417.32 5420.54 5422.71 5422.75 5419.5 5412.49 5404.41 5395.61 5386.24 5376.01 5366.25 5361.51 5358.97 5355.98 5353.73 5354.47 5350.66 5345.01 5342.66 5341.58 5340.88 5340.37 5340.07 5339.4 5338.25 5337.47 5336.38 5336.51 5337.2 5337.63 5338.07 5340.45 5342.85 5345.09 5347.56 5350.42 5352.66
5493.05 5486.27 5483.69 5477.11 5466.5 5458.35 5451.74 5448.91 5446.81 5445.99 5445.81 5445.28 5444.54 5444.76 5447.31 5449.82 5446.11 5444.11 5441.02 5435.66 5431.73 5434.6 5431.88 5428.33 5420.17 5411.26 5405.14 5402.74 5403.83 5409.82 5415.68 5421.68 5428.07 5432.31 5423.83 5414.38 5404.97 5395.35 5385.61 5375.86 5367.01 5359.66 5354.07 5351.3 5350.18 5351.87 5348.58 5343.63 5340.8 5338.97 5337.41 5335.83 5335.5 5336.7 5337.58 5338.66 5338.25 5337.43 5337.7 5338.01 5338.7 5339.92 5341.52 5342.95 5344.45 5345.72 5347.5
5487.35 5482.54 5483.79 5480.1 5468.2 5459.12 5449.12 5440.86 5443.54 5444.8 5445.45 5445.42 5445.6 5447.49 5451.06 5447.72 5444.04 5439.13 5432.17 5420.33 5406.57 5416.98 5424.66 5427.56 5417.84 5407.49 5401.62 5397.81 5398.62 5406.55 5413.86 5420.58 5426.51 5428.95 5422.86 5413.91 5404.26 5394.68 5385.36 5376.32 5367.67 5359.07 5349.97 5347.43 5344.45 5339.69 5340.69 5340.38 5338.82 5337.2 5335.33 5334.04 5334.08 5335.8 5337.41 5337.53 5337.62 5338.39 5339.01 5339.4 5339.61 5340.27 5340.98 5341.6 5342.04 5342.54 5344.46
5489.82 5481.57 5478.51 5476.05 5471.72 5464.58 5454.82 5447.96 5446.18 5446.17 5446.53 5447.12 5447.69 5450.36 5454.13 5450.47 5443.37 5436.72 5429.8 5424.51 5419.93 5415.03 5415.21 5414.93 5410.68 5409.38 5404.42 5400.59 5401.19 5406.25 5412.06 5417.73 5422.26 5423.56 5419.31 5411.26 5402.43 5393.66 5385.08 5377.04 5369.42 5361.81 5355.19 5348.57 5343.02 5337.23 5337.84 5338.49 5337.8 5336.36 5334.87 5334 5334.31 5336.17 5339.25 5340.97 5338.52 5340.9 5341.3 5341.44 5341.86 5341.75 5341.18 5340.97 5340.81 5340.73 5343.08
5491.71 5482.88 5472.88 5470.48 5472.15 5468.99 5462.13 5455.03 5450.28 5448.76 5448.82 5450.12 5451.76 5453.01 5451.28 5447.79 5442.76 5435.68 5428.64 5423.22 5419.23 5412.41 5406.24 5398.66 5399.19 5403.98 5404.71 5404.28 5404.6 5406.64 5409.75 5413.45 5416.66 5418.64 5414.12 5406.51 5398.98 5391.75 5384.59 5377.88 5371.42 5364.94 5358.13 5352.59 5346.58 5341.62 5340.24 5339.82 5338.97 5337.38 5335.47 5333.69 5334.71 5336.77 5339.04 5343.04 5347.46 5345.05 5344.01 5343.1 5343.61 5342.64 5341.09 5341.52 5341.9 5340.43 5344.34
5498.41 5487.18 5471.34 5467.13 5467.44 5464.9 5460.97 5456.54 5451.83 5449.93 5449.93 5451.9 5456.49 5459.31 5461.27 5449.54 5442.48 5435.27 5427.07 5418.22 5412.9 5410.01 5404.05 5394.64 5395.29 5396.76 5404.18 5407.45 5406.52 5406.16 5406.79 5408.02 5409.13 5409.23 5405.97 5400 5394.51 5389.15 5383.24 5378.16 5373.96 5371.19 5364.51 5358.57 5352.45 5347.71 5345.16 5343.87 5342.57 5340.77 5338.25 5335.15 5337.02 5338.88 5339.59 5341.83 5345.79 5348.37 5346.6 5343.34 5339.15 5337.06 5340.45 5343.3 5346.24 5349.96 5349.98
5497.66 5487.74 5473.98 5467.4 5461.77 5455.38 5451.14 5450.69 5450.25 5449.28 5448.97 5449.95 5452.67 5457.15 5455.86 5449.25 5442.3 5435.63 5428.31 5420.65 5415.85 5413.6 5410.9 5409.2 5410.28 5410.63 5409.16 5408.46 5406.25 5404.11 5402.76 5401.9 5400.45 5398.69 5395.49 5392.05 5388.94 5385.28 5381.36 5377.43 5372.8 5369.29 5371.22 5365.28 5358.47 5353.57 5351.12 5349.2 5347.42 5345.45 5343.76 5343.3 5342.08 5343.52 5346.05 5350.07 5355.19 5354.01 5349.48 5344.57 5339.3 5337.52 5342.25 5346.3 5349.95 5354.82 5354.56
5500.41 5492.69 5484.18 5472.67 5462.32 5453.59 5450.21 5450.13 5449.89 5448.96 5447.73 5446.65 5445.57 5447.36 5450.21 5446.54 5442.23 5437.47 5432.24 5427.07 5422.88 5420.43 5419.85 5421.81 5422.86 5420.81 5412.75 5408.59 5403.5 5400.31 5397.85 5395.39 5391.96 5386.74 5383.2 5383.86 5383.03 5381.42 5379.4 5377.12 5374.26 5373.59 5376.14 5371.76 5365.01 5359.89 5357.48 5355.01 5352.58 5350.47 5348.38 5346.52 5346.01 5347.39 5352.12 5355.79 5361.93 5356.37 5351.16 5347.17 5344.34 5344.19 5347.56 5350.78 5352.41 5353.16 5357.51
5504.17 5498.13 5491.87 5478.5 5466.95 5459.07 5455.66 5453.29 5450.99 5448.79 5446.79 5445.02 5443 5443.01 5441.49 5443.83 5442.52 5440.04 5437 5432.66 5429.24 5426.63 5425.58 5425.85 5422.63 5413.97 5408.38 5403.6 5398.06 5395.11 5392.63 5389.89 5386.41 5380.89 5377.3 5379.13 5379.01 5378.18 5377.14 5376.88 5378.24 5383.9 5381.19 5376.69 5373.65 5368.77 5363.86 5360.26 5357.48 5355.34 5352.9 5350.13 5347.6 5346.84 5348.88 5351.44 5350.39 5352.13 5351.06 5349.14 5349.22 5352.19 5354.17 5357.41 5359.52 5360.15 5362.86
5504.42 5491.99 5490.31 5481.64 5470.8 5464.49 5463.88 5457.4 5451.92 5448.31 5446.34 5445.62 5446.13 5448.06 5448.61 5444.97 5443.85 5442.94 5441.33 5438.67 5434.23 5430.2 5427.39 5426.08 5423.34 5410.02 5398.46 5392.21 5390.43 5389.48 5388.16 5386.17 5383.66 5381.06 5378.95 5378 5376.51 5375.14 5374.07 5374.05 5375.41 5377.48 5376.29 5376.62 5376.27 5372.65 5367.88 5364.16 5361.45 5359.41 5357.67 5353.68 5347.53 5342.68 5341.19 5344.19 5350.91 5352.11 5349.56 5349 5350.26 5355.15 5357.67 5364.53 5371.95 5373.4 5370.35
5510.58 5501.08 5498.2 5485.4 5472.52 5463.54 5464.37 5457.91 5451.22 5445.95 5443.53 5444.99 5445.65 5445.09 5443.87 5444.21 5443.67 5443.92 5445.08 5444.12 5436.95 5430.29 5425.02 5420.04 5413.35 5402.69 5388.45 5381.71 5384.84 5385.28 5384.68 5383.49 5382.75 5381.97 5381.53 5377.98 5374.12 5371.33 5369.35 5368.44 5368.92 5369.88 5368.32 5372.14 5375.88 5372.77 5368.59 5365.17 5362.78 5361.39 5360.73 5355.45 5346.48 5337.22 5330.98 5335.76 5341.3 5344.17 5345.64 5347.22 5348.21 5346.07 5356.43 5368.34 5380.92 5381.44 5374.74
5525.5 5517.33 5505.37 5489.55 5475.31 5462.29 5461.74 5455.25 5448.51 5441.95 5438.71 5438.43 5439.05 5440.07 5442.64 5443.45 5442.4 5441.7 5443.17 5443.24 5434.25 5427.31 5420.85 5412.52 5401.44 5396.38 5390.26 5385.4 5384.02 5383.69 5382.72 5381.56 5380.64 5380.5 5380.93 5375.89 5370.74 5366.62 5363.3 5360.59 5359.14 5359.28 5357.09 5363.93 5369.78 5368.63 5365.78 5363.4 5361.71 5360.47 5357.98 5353.87 5346.42 5336.78 5328.28 5331.91 5334.44 5336.64 5341.6 5346.37 5350.16 5354.2 5361.08 5367.97 5373.57 5375.66 5373.15
5542.15 5521.49 5505.33 5493.23 5481.82 5471.3 5460.78 5452.49 5445.41 5438.87 5433.27 5429.31 5428.96 5435.32 5443.49 5443.33 5441.27 5437.07 5429.11 5426.01 5426.8 5423.19 5417.9 5411.76 5403.52 5396.43 5391.24 5388.03 5385.54 5383.25 5381.19 5379.21 5377.55 5376.27 5374.73 5370.51 5365.76 5361.29 5356.96 5352.48 5346.82 5340.15 5344.13 5353.23 5361.43 5361.2 5360.02 5359.04 5358.44 5358.32 5357.78 5353.55 5348.57 5345.3 5341.55 5336.4 5333.67 5332.4 5341.17 5347.47 5353.64 5362.71 5365.86 5364.42 5367.02 5367.87 5368.38
5542.19 5525.8 5508.39 5498.6 5489.9 5480.42 5461.35 5451.66 5443.66 5436.86 5431.03 5428.25 5431.15 5439.51 5443.57 5443.08 5441.24 5437.01 5428.6 5423.04 5423.2 5420.08 5415.43 5413.12 5417.6 5402.91 5395.39 5392.55 5388.43 5384.29 5380.95 5377.67 5374.53 5371.46 5367.59 5363.79 5360.11 5355.97 5351.88 5346.95 5341.35 5335.17 5333.77 5340.37 5348.05 5351.03 5352.37 5353.01 5353.46 5354.49 5355.59 5352.25 5349.13 5346.85 5345.4 5342.34 5341.25 5342.92 5346.28 5349.51 5353.49 5357.61 5358.61 5357.08 5353.58 5360.01 5363.29
5539.72 5531.16 5515.91 5508.28 5499.91 5487.31 5468.25 5454.55 5444.52 5435.98 5429.89 5427.98 5432.35 5440.72 5440.89 5442.2 5443.03 5442.77 5440.22 5433.38 5425.52 5418.07 5410.57 5404.92 5400.55 5402.35 5408.04 5398.92 5391.14 5384.98 5380.44 5376.03 5371.46 5367.11 5363.1 5359.15 5354.6 5350.63 5346.89 5342.9 5339.36 5332.78 5326.2 5329.19 5334.74 5341.84 5345.1 5346.64 5347.15 5347.82 5349.42 5348.07 5347.57 5347.65 5346.35 5346 5347.85 5352.98 5351.19 5350.73 5351.58 5351.37 5350.75 5353.02 5353.04 5356.78 5359.99
5561.98 5547.37 5530.62 5528.19 5517.84 5497.3 5475.95 5459.57 5447.75 5438.28 5428.82 5423 5423.55 5426.32 5433.56 5441.43 5446.74 5449.18 5448.82 5440.27 5428.45 5416.41 5404.38 5394.14 5389.26 5395.15 5405.46 5398.55 5391.28 5384.95 5379.12 5373.78 5368.06 5362.61 5357.79 5352.78 5348.62 5345.43 5342.67 5339.67 5336.02 5330.37 5325.32 5328 5332.5 5336.92 5339.8 5341.01 5340.73 5339.11 5338.43 5342.33 5344.71 5346.68 5347.2 5347.1 5348.5 5351.37 5350.33 5350.09 5350.59 5350.82 5351.82 5353.89 5356.57 5356.65 5358.26
5596.97 5583.27 5568.82 5567.67 5554.39 5523.69 5488.17 5469.92 5456.68 5445.85 5436.44 5426.64 5419.13 5413.22 5430.36 5443.89 5452.45 5455.53 5452.15 5444.69 5431.43 5416.15 5400.37 5384.88 5377.61 5382.92 5391.8 5391.41 5388.21 5383.42 5377.57 5370.94 5364.78 5357.85 5349.82 5343.8 5342.79 5341.31 5339.17 5337.04 5335 5331.07 5328.52 5330.83 5333.28 5335.42 5337.16 5337.7 5336.85 5334.74 5334.91 5338.96 5342.12 5343.67 5345.2 5345.97 5345.91 5344.75 5346.07 5348.69 5350.67 5352.06 5352.3 5353.72 5354.75 5356.08 5357.44
5632.86 5629 5629.32 5625.22 5611.5 5578 5525.51 5492.71 5471.13 5456.71 5448.79 5443.61 5430.65 5428.28 5441.31 5451.57 5460.11 5465.52 5465.53 5451.85 5435.45 5418.19 5400.11 5383.58 5376.8 5377.64 5377.97 5385.55 5385.1 5380.77 5374.82 5368.49 5361.2 5354.08 5346.76 5341.27 5339.82 5338.46 5336.57 5334.75 5332.91 5331.63 5331.83 5332.56 5333.8 5335.19 5336.15 5336.5 5335.91 5334.47 5335.3 5338.85 5341.86 5344.14 5345.06 5345.33 5344.7 5343.12 5344.76 5348.52 5351.67 5354.53 5357.25 5354.44 5353.67 5355.4 5357.27
5675.92 5677.16 5688.45 5684.07 5670.35 5632.75 5566.92 5518.9 5490.8 5469.09 5451.77 5443.81 5451.57 5469.77 5460.45 5462.14 5467.54 5473.12 5472.3 5457.31 5439.01 5420.37 5403.72 5389.75 5384.98 5387.53 5388.06 5387.63 5384.25 5378.74 5372.03 5364.75 5357.91 5351.42 5346.3 5342.67 5339.39 5337.14 5335.29 5333.22 5330.01 5331.82 5334.03 5334.68 5334.98 5335.69 5336.37 5336.88 5337.39 5338.36 5339.02 5340.82 5343.09 5344.71 5345.94 5346.18 5345.92 5345.71 5347.11 5350.11 5353.19 5356.22 5359.09 5355.62 5354.13 5355.26 5357.3
5698.06 5703.61 5720.16 5721.16 5709.62 5666.49 5592.34 5542.88 5516.63 5489 5457.39 5443 5450.12 5469.48 5468.71 5469.37 5471.8 5475.33 5470.91 5458.05 5440.96 5423.52 5409.06 5399.02 5394.81 5395.42 5400.64 5392.63 5384.52 5376.58 5368.82 5361.2 5354.39 5348.49 5344.09 5341.41 5338.28 5336.54 5335.77 5334.59 5332.64 5333.42 5333.87 5335.62 5336.11 5336.74 5337.43 5338.22 5339.14 5340.57 5341.67 5343.13 5345.34 5347.26 5347.64 5348 5348.34 5348.89 5350.3 5352.52 5354.65 5356.45 5356.71 5353.87 5354.12 5355.96 5357.19
5666.46 5694.19 5726.86 5741.98 5728.08 5687.09 5623.94 5579.68 5559.07 5529.65 5491.1 5473.08 5466.19 5466.48 5472.81 5475.88 5476.9 5475.04 5468.31 5456.64 5442.09 5426.72 5413.31 5404.89 5402.56 5412.56 5405.75 5393.13 5381.98 5371.35 5363.02 5355.92 5349.3 5343.67 5339.49 5336.37 5335.2 5335.66 5337.18 5338.78 5338.39 5337.35 5336.13 5336.2 5337.17 5338.08 5339.04 5340.06 5341.1 5342 5343.36 5344.83 5346.7 5348.49 5349.32 5350.15 5351.13 5352.42 5353.97 5355.06 5356.28 5356.98 5356.68 5354.29 5355.57 5357.24 5358.81
5663.06 5683.66 5732.19 5756.56 5745.12 5713.7 5672.41 5641.87 5624.2 5596.3 5560.53 5533.65 5498.51 5484.59 5488.47 5488.34 5485.17 5482.57 5472.63 5457.99 5443.76 5429.99 5416.11 5403.34 5401.16 5399.65 5396.26 5386.06 5374.16 5364.46 5356.38 5349.27 5343.26 5337.95 5333.88 5330.97 5331.15 5334.02 5338.1 5343.62 5345.78 5341.52 5339.6 5338.79 5338.57 5339.54 5340.83 5342.3 5343.56 5343.99 5345.34 5346.15 5347.44 5349.07 5350.64 5352.3 5353.93 5355.45 5356.2 5357.92 5358.25 5358.24 5357.87 5358.38 5358.54 5359.55 5360.5
5637.11 5640.94 5691.09 5723.19 5733.12 5730.65 5724.61 5718.45 5702.56 5677.77 5650.2 5625.63 5567.64 5533.97 5522.5 5509.22 5494.22 5486.25 5473.9 5460.68 5448.38 5435.46 5421.63 5409.28 5398.06 5389.6 5385.28 5373.32 5363.93 5355.38 5349.82 5342.11 5337.02 5332.31 5328.44 5326.04 5327.09 5331.36 5337.22 5342.17 5344.04 5342.54 5340.51 5339.27 5339.65 5340.97 5342.62 5344.6 5346.9 5348.72 5348.26 5347.71 5346.55 5348.94 5352.32 5354.83 5357.02 5359.37 5362.15 5361.1 5360.25 5359.88 5359.79 5360.18 5361.33 5361.93 5362.64
5555.14 5581.16 5628.25 5673.86 5697.13 5720.46 5753.92 5787.8 5767.97 5751.46 5745.04 5738.23 5666.67 5605.75 5571.17 5538.6 5504.18 5474.05 5469.32 5467.18 5458.59 5444.85 5427.83 5412.38 5395.78 5384.33 5373.33 5360.7 5352.73 5345.61 5340.58 5335.65 5331.16 5327.19 5323.56 5321.08 5322.69 5328.54 5335.8 5342.3 5343.76 5342.02 5340.06 5339.58 5340.48 5342.23 5344.35 5346.59 5349.39 5351.66 5351.32 5351.08 5350.92 5352.48 5355.48 5357.99 5360 5361.56 5362.61 5362.19 5361.78 5361.37 5361.99 5364.26 5364.03 5364.18 5364.71
5441.44 5485.01 5553.1 5617.27 5646.46 5675.25 5723.9 5776.04 5775.13 5779.77 5792.96 5787.66 5730.9 5673.44 5628.14 5582.63 5529.09 5475.41 5483.48 5488.76 5480.82 5462.53 5435.25 5412.09 5394.3 5373.39 5354.66 5347.74 5342.93 5340.11 5334.69 5331.01 5327.73 5324.07 5320.59 5317.59 5319.07 5326.52 5334.7 5340.28 5342.45 5341.53 5339.54 5339.07 5341.57 5344.45 5346.77 5348.63 5349.92 5351.84 5354.25 5355.63 5356.64 5358.18 5360 5361.79 5363.06 5363.68 5362.83 5363.54 5363.57 5362.75 5361.69 5364.83 5365.91 5366.42 5367.02
5329.89 5378.18 5451.96 5513.54 5541.98 5585.16 5630.67 5673.57 5710.13 5754.88 5793.03 5797.45 5765.96 5726.92 5684.39 5641.39 5591.5 5544.71 5539.78 5535.18 5520.59 5495.36 5459.46 5431.22 5407.27 5376.13 5350.62 5341.51 5337.42 5335.45 5332.82 5330.25 5327.02 5323.76 5320.58 5318.21 5319.95 5326.36 5335.06 5341.35 5342.63 5341.41 5340.96 5341.37 5344.62 5347.86 5350.18 5351.79 5352.81 5355.15 5358.4 5360.9 5362.74 5363.91 5365.06 5366.05 5366.79 5367.19 5367.72 5367.31 5366.5 5365.64 5364.39 5366.49 5367.64 5368.68 5369.42
