real_craters/C178-750m.grd
DSAA
192 192
-71.5925 71.5925
-71.5925 71.5925
3836.2260412061 5827.4668589352
[rows 152 to 189 of 192, columns 0 to 83 of 192]
4958 4940 4932 4930 4936 4943 4952 4960 4968 4978 4986 5021 5052 5053 5055 5052 5050 5046 5038 5025 5035 5037 5036 5034 5048 5030 5018 5006 5035 4955 4818 4785 4753 4717 4682 4648 4628 4621 4618 4618 4616 4616 4612 4615 4629 4627 4633 4672 4647 4640 4708 4806 4896 5007 5082 5122 5138 5136 5122 5116 5107 5101 5093 5078 5062 5045 5050 5070 5075 5076 5069 5061 5054 5047 5040 5034 5033 5039 5074 5137 5167 5174 5148 5126
4962 4950 4944 4949 4948 4953 4959 4967 4975 4985 4990 5029 5075 5058 5054 5055 5047 5049 5037 5024 5035 5038 5041 5040 5028 5017 5009 4998 5016 4893 4784 4760 4731 4694 4659 4634 4623 4617 4613 4613 4617 4613 4605 4598 4602 4605 4612 4616 4619 4623 4670 4745 4820 4914 5036 5120 5150 5148 5131 5125 5115 5103 5090 5080 5067 5046 5054 5074 5071 5061 5056 5049 5042 5035 5031 5024 5029 5054 5089 5122 5161 5185 5149 5137
4954 4947 4944 4948 4950 4956 4970 4974 4974 4980 4990 5028 5068 5064 5066 5062 5053 5035 5038 5024 5032 5033 5022 5029 5015 5007 5008 5019 4957 4832 4770 4732 4695 4674 4652 4631 4625 4619 4618 4619 4620 4613 4606 4599 4604 4601 4600 4601 4600 4608 4644 4707 4785 4890 5007 5118 5168 5169 5150 5141 5124 5105 5096 5091 5088 5093 5078 5067 5066 5060 5048 5038 5029 5022 5019 5020 5033 5057 5081 5091 5147 5178 5144 5147
4935 4935 4933 4933 4938 4949 4963 4967 4965 4970 4986 5021 5063 5071 5077 5060 5044 5046 5036 5028 5027 5022 5015 5014 4990 4974 4994 4985 4850 4775 4748 4713 4681 4665 4648 4633 4625 4623 4630 4632 4629 4619 4615 4617 4617 4611 4605 4601 4597 4600 4622 4674 4731 4841 4967 5113 5188 5196 5190 5155 5133 5118 5109 5102 5099 5095 5089 5078 5065 5053 5041 5029 5020 5011 5008 5029 5043 5052 5058 5092 5130 5148 5142 5144
4917 4919 4920 4921 4925 4935 4943 4947 4952 4958 4980 5002 5022 5038 5047 5049 5042 5033 5023 5017 5014 5005 4995 4981 4958 4941 4941 4878 4794 4774 4736 4711 4691 4667 4653 4639 4634 4636 4641 4643 4640 4626 4625 4629 4627 4619 4614 4606 4601 4600 4612 4642 4666 4727 4904 5086 5185 5189 5168 5145 5119 5113 5109 5111 5113 5107 5099 5083 5068 5055 5040 5028 5012 5002 4999 5034 5042 5045 5060 5089 5121 5142 5130 5131
4907 4908 4911 4911 4916 4923 4930 4937 4943 4949 4963 4980 4993 5007 5010 5007 5008 5001 4994 4993 4994 4981 4965 4945 4936 4923 4891 4816 4778 4737 4725 4706 4685 4674 4662 4657 4654 4651 4648 4651 4652 4636 4633 4638 4631 4627 4614 4607 4608 4609 4615 4627 4642 4686 4841 5033 5151 5159 5144 5115 5086 5073 5090 5111 5126 5122 5109 5095 5061 5045 5038 5027 5017 5004 4993 5017 5028 5035 5042 5086 5110 5134 5114 5117
4903 4905 4905 4904 4906 4913 4921 4930 4942 4952 4957 4963 4966 4965 4948 4948 4957 4956 4956 4958 4959 4957 4949 4926 4923 4906 4860 4809 4746 4724 4715 4706 4696 4690 4678 4668 4664 4657 4655 4653 4654 4641 4637 4638 4636 4624 4613 4615 4617 4621 4623 4630 4639 4670 4801 4981 5096 5115 5100 5080 5062 5060 5069 5107 5136 5121 5017 4999 5036 5044 5034 5023 5012 5007 4999 4987 5013 5032 5042 5065 5086 5100 5116 5116
4902 4901 4900 4898 4897 4905 4911 4919 4932 4946 4952 4949 4938 4927 4921 4917 4929 4924 4922 4923 4920 4920 4911 4911 4914 4905 4825 4793 4731 4718 4710 4703 4697 4683 4677 4668 4670 4666 4655 4650 4643 4642 4639 4637 4634 4626 4622 4623 4625 4633 4654 4639 4625 4666 4789 4967 5096 5081 5059 5046 5035 5043 5074 5099 5121 5098 4996 4951 5030 5046 5031 5019 5009 5006 5005 4991 5010 5038 5052 5043 5071 5103 5124 5143
4906 4902 4897 4894 4895 4899 4903 4912 4928 4950 4955 4938 4920 4900 4900 4896 4901 4901 4893 4895 4898 4897 4895 4901 4910 4902 4846 4799 4736 4721 4711 4698 4677 4672 4657 4658 4654 4661 4654 4646 4641 4640 4639 4636 4637 4636 4629 4626 4626 4631 4633 4627 4632 4673 4785 4959 5104 5047 5025 5024 5022 5037 5062 5086 5097 5094 5091 5062 5029 5027 5025 5020 5008 4999 4989 4983 5007 5039 5050 5032 5062 5092 5117 5143
4907 4899 4892 4887 4886 4889 4895 4904 4931 4948 4941 4922 4904 4887 4884 4876 4877 4872 4870 4872 4874 4874 4876 4886 4910 4923 4879 4811 4758 4730 4716 4698 4682 4660 4652 4658 4664 4656 4647 4646 4644 4639 4637 4643 4651 4639 4623 4619 4622 4624 4624 4626 4641 4693 4793 4951 5056 5039 5017 5015 5023 5040 5065 5080 5081 5078 5066 5049 5028 5017 5011 4997 4982 4977 4967 4968 4997 5029 5042 5038 5061 5090 5115 5138
4899 4896 4887 4880 4875 4877 4885 4897 4917 4917 4908 4898 4888 4881 4875 4869 4858 4858 4852 4857 4858 4859 4873 4891 4906 4926 4942 4834 4741 4724 4718 4699 4681 4651 4657 4664 4670 4648 4643 4646 4646 4641 4640 4658 4655 4627 4620 4617 4621 4627 4636 4648 4666 4748 4846 4975 5037 5026 5014 5008 5015 5034 5061 5075 5073 5069 5055 5039 5020 5002 4991 4980 4969 4957 4946 4957 4984 5009 5020 5026 5049 5081 5106 5141
4896 4889 4876 4868 4862 4863 4867 4876 4874 4863 4867 4869 4868 4866 4859 4852 4848 4847 4845 4852 4860 4868 4879 4883 4893 4910 4962 4873 4747 4726 4717 4701 4685 4678 4672 4667 4654 4643 4647 4645 4647 4651 4658 4663 4632 4624 4631 4619 4623 4631 4636 4644 4697 4820 5017 5018 5029 5022 5004 4996 4999 5018 5045 5065 5077 5067 5050 5033 5014 4993 4976 4965 4954 4943 4933 4947 4975 5004 5011 5009 5035 5076 5113 5118
4881 4876 4866 4861 4854 4850 4846 4839 4826 4831 4837 4844 4847 4847 4843 4838 4837 4841 4845 4852 4861 4871 4880 4880 4887 4897 4938 4899 4770 4735 4721 4703 4688 4678 4677 4670 4659 4660 4658 4659 4656 4657 4656 4642 4631 4630 4629 4621 4626 4640 4652 4654 4686 4799 4899 4971 5011 5006 4994 4986 4984 5000 5019 5040 5060 5058 5045 5018 4998 4974 4959 4948 4941 4938 4926 4939 4967 4996 5004 5014 5044 5080 5122 5149
4874 4870 4859 4853 4846 4836 4826 4813 4839 4812 4822 4830 4833 4832 4829 4831 4836 4840 4846 4851 4860 4866 4869 4880 4893 4910 4908 4872 4772 4741 4719 4702 4691 4681 4683 4677 4668 4660 4664 4658 4658 4658 4654 4639 4637 4639 4631 4615 4626 4648 4682 4732 4692 4765 4827 4929 5003 5011 4989 4979 4979 4982 4990 5002 5025 5030 5018 4980 4952 4947 4938 4929 4923 4923 4918 4929 4952 4978 4986 4991 5027 5066 5097 5124
4859 4852 4847 4841 4829 4820 4813 4805 4809 4815 4819 4823 4825 4824 4825 4825 4829 4837 4842 4851 4858 4867 4880 4890 4902 4913 4916 4884 4817 4766 4722 4699 4695 4697 4692 4684 4679 4679 4668 4666 4662 4659 4656 4643 4645 4646 4637 4617 4625 4649 4679 4704 4701 4773 4878 4966 5013 5013 4991 4976 4968 4970 4972 4978 4993 4995 4981 4954 4931 4926 4919 4911 4901 4893 4902 4916 4935 4950 4968 4982 5011 5047 5077 5118
4849 4841 4834 4829 4822 4814 4811 4808 4810 4819 4818 4818 4819 4820 4821 4832 4830 4837 4847 4856 4864 4873 4885 4895 4905 4921 4931 4961 4907 4808 4733 4700 4697 4701 4699 4695 4690 4687 4676 4663 4665 4661 4653 4648 4649 4652 4636 4607 4622 4645 4661 4652 4689 4772 4887 4974 5017 5009 4995 4982 4972 4967 4966 4966 4967 4971 4960 4939 4924 4915 4907 4897 4886 4877 4884 4901 4921 4943 4955 4973 5001 5028 5056 5085
4836 4829 4825 4821 4817 4812 4814 4814 4814 4814 4812 4813 4815 4820 4825 4829 4830 4840 4851 4863 4872 4877 4894 4906 4925 4927 4925 4934 4923 4841 4751 4710 4699 4695 4697 4687 4695 4692 4690 4687 4681 4667 4652 4640 4638 4630 4614 4606 4626 4651 4666 4668 4698 4756 4810 4878 5009 5018 4999 4985 4973 4966 4965 4962 4956 4950 4944 4937 4920 4908 4897 4887 4876 4870 4876 4889 4905 4924 4940 4957 4980 5010 5038 5078
4821 4815 4812 4813 4819 4835 4818 4810 4801 4797 4802 4806 4810 4816 4821 4826 4836 4845 4858 4877 4878 4888 4904 4911 4924 4926 4924 4930 4919 4877 4813 4762 4719 4687 4688 4695 4703 4710 4722 4724 4704 4679 4652 4626 4631 4626 4619 4626 4648 4672 4689 4707 4725 4763 4800 4870 5034 5038 5003 4980 4967 4962 4962 4965 4951 4935 4927 4924 4912 4900 4890 4881 4874 4865 4866 4878 4891 4907 4924 4937 4961 4995 5035 5068
4804 4800 4799 4801 4808 4820 4811 4804 4793 4788 4793 4800 4807 4812 4819 4829 4840 4850 4862 4874 4886 4902 4910 4918 4930 4934 4929 4927 4928 4930 4930 4889 4763 4688 4673 4698 4706 4713 4743 4749 4723 4694 4670 4669 4653 4650 4644 4651 4687 4713 4727 4738 4744 4794 4871 4993 5122 5051 4995 4972 4960 4955 4953 4949 4938 4921 4911 4901 4897 4890 4883 4877 4873 4869 4865 4871 4881 4896 4914 4933 4949 4979 5007 5035
4784 4779 4780 4785 4786 4770 4798 4806 4797 4784 4791 4798 4806 4812 4819 4833 4843 4853 4866 4879 4893 4904 4913 4922 4933 4937 4929 4918 4936 4971 5008 4980 4819 4723 4689 4691 4715 4735 4760 4756 4730 4706 4687 4684 4675 4678 4692 4719 4748 4758 4756 4754 4747 4825 4927 5028 5063 5015 4971 4964 4952 4946 4942 4933 4923 4913 4899 4886 4884 4881 4876 4871 4865 4866 4864 4862 4867 4883 4905 4931 4947 4974 5007 5023
4759 4760 4762 4766 4772 4784 4793 4805 4801 4795 4794 4800 4807 4815 4826 4834 4843 4857 4875 4889 4903 4916 4915 4930 4935 4930 4923 4919 4944 4986 5022 5005 4912 4821 4750 4713 4696 4714 4734 4739 4732 4723 4702 4697 4702 4712 4703 4706 4808 4799 4774 4765 4790 4857 4950 5027 5006 4986 4964 4955 4944 4938 4933 4928 4914 4906 4892 4878 4877 4876 4872 4867 4860 4857 4856 4855 4858 4874 4896 4913 4942 4972 4999 5008
4735 4742 4747 4752 4756 4762 4777 4795 4801 4797 4797 4802 4808 4816 4827 4841 4853 4871 4885 4897 4907 4921 4925 4926 4925 4923 4921 4915 4946 4986 5018 5014 4998 4937 4887 4788 4724 4718 4738 4720 4747 4758 4765 4765 4762 4755 4724 4659 4851 4824 4788 4777 4806 4890 4963 5010 4994 4978 4965 4949 4938 4931 4923 4916 4910 4906 4891 4880 4876 4874 4870 4866 4860 4853 4851 4851 4853 4871 4894 4918 4933 4958 4991 5011
4728 4732 4736 4739 4741 4748 4768 4790 4803 4799 4799 4804 4811 4820 4834 4858 4877 4886 4898 4910 4917 4918 4922 4915 4921 4932 4927 4924 4948 4980 5008 5017 5010 4997 4985 4909 4838 4789 4741 4757 4806 4816 4800 4815 4815 4812 4805 4869 4846 4827 4807 4831 4891 4961 4991 4994 4981 4972 4960 4942 4933 4923 4914 4908 4906 4902 4895 4886 4880 4875 4870 4866 4860 4853 4850 4852 4858 4872 4893 4917 4924 4944 4984 5024
4725 4725 4728 4731 4733 4736 4754 4789 4803 4799 4800 4805 4815 4828 4850 4867 4883 4898 4909 4921 4924 4922 4919 4917 4921 4926 4930 4946 4956 4976 4999 5013 5016 5008 4993 4986 4973 4902 4850 4916 4906 4898 4897 4859 4842 4872 4863 4874 4847 4859 4839 4890 5039 5062 5018 4991 4975 4965 4955 4942 4928 4918 4907 4899 4899 4899 4899 4892 4885 4879 4873 4867 4862 4849 4850 4855 4868 4875 4891 4906 4929 4956 4989 5025
4719 4721 4723 4726 4728 4733 4743 4759 4787 4790 4795 4803 4816 4834 4858 4876 4892 4900 4916 4930 4933 4925 4922 4921 4927 4927 4936 4945 4950 4966 4989 5010 5005 5002 4998 4999 4993 4973 4964 4957 4953 4945 4944 4942 4983 4989 4997 5002 4985 4960 4949 4974 5034 5041 5013 4984 4969 4957 4945 4933 4923 4914 4908 4907 4911 4907 4898 4893 4889 4884 4878 4869 4859 4851 4849 4852 4861 4875 4891 4910 4933 4966 4994 5019
4717 4717 4720 4722 4726 4730 4734 4742 4757 4771 4781 4801 4816 4830 4853 4872 4888 4905 4918 4926 4913 4922 4920 4914 4915 4908 4901 4912 4927 4950 4975 4999 5002 4999 5000 4999 5004 4984 4964 4959 4962 4960 4963 4980 5026 5037 5054 5073 5091 5043 5021 5009 4999 4993 4989 4973 4960 4949 4931 4923 4917 4910 4905 4907 4913 4912 4900 4895 4891 4885 4881 4872 4857 4850 4848 4851 4861 4876 4892 4911 4933 4965 4992 5011
4715 4716 4720 4723 4727 4730 4735 4737 4748 4768 4792 4805 4819 4832 4851 4864 4878 4896 4907 4915 4919 4928 4923 4911 4889 4906 4904 4907 4909 4934 4961 4986 4996 4995 4997 5006 4999 4983 4966 4964 4964 4962 4967 4975 4977 5006 5010 5042 5044 5016 4996 4990 4981 4974 4973 4971 4963 4949 4939 4923 4913 4906 4900 4901 4908 4915 4913 4902 4890 4881 4877 4886 4866 4840 4846 4855 4865 4879 4895 4914 4936 4957 4982 5003
4716 4715 4718 4722 4726 4731 4742 4736 4748 4770 4790 4811 4827 4843 4859 4868 4876 4885 4892 4902 4909 4918 4916 4904 4897 4903 4908 4904 4906 4923 4945 4971 4998 4997 4986 5004 4999 4988 4974 4963 4964 4971 4971 4969 4976 4990 4995 5005 5004 4994 4987 4975 4969 4963 4962 4962 4962 4952 4936 4916 4907 4902 4901 4900 4902 4913 4922 4905 4886 4870 4857 4849 4835 4832 4845 4860 4872 4882 4898 4917 4937 4961 4987 5005
4714 4714 4718 4721 4725 4729 4736 4741 4755 4778 4803 4821 4836 4851 4865 4872 4886 4889 4890 4907 4916 4920 4909 4896 4902 4906 4902 4902 4905 4916 4929 4947 4983 4998 5006 4999 4996 4994 4980 4964 4960 4966 4969 4967 4971 4981 4989 4996 4992 4978 4975 4969 4961 4956 4955 4958 4966 4952 4926 4904 4899 4898 4898 4902 4905 4912 4912 4898 4879 4858 4834 4805 4821 4839 4849 4859 4872 4888 4897 4910 4933 4963 4995 5014
4717 4717 4719 4722 4725 4726 4729 4739 4759 4785 4811 4829 4841 4850 4860 4872 4881 4891 4894 4904 4906 4910 4903 4892 4899 4906 4909 4904 4913 4912 4915 4922 4954 4978 4985 4983 4988 4992 4978 4960 4963 4967 4967 4967 4967 4977 4986 4990 4992 4982 4973 4966 4958 4950 4950 4956 4966 4949 4912 4893 4890 4894 4898 4907 4911 4906 4901 4888 4871 4852 4830 4807 4843 4848 4853 4862 4879 4895 4906 4893 4912 4981 4998 5009
4721 4721 4722 4723 4726 4727 4733 4744 4765 4789 4813 4831 4842 4849 4858 4871 4885 4887 4893 4905 4908 4898 4899 4898 4897 4904 4888 4893 4900 4899 4900 4904 4920 4961 4990 4981 4983 4989 4975 4958 4958 4965 4967 4972 4980 4987 4984 4983 4981 4977 4971 4965 4957 4948 4947 4956 4968 4950 4908 4890 4881 4885 4908 4902 4902 4895 4889 4876 4862 4847 4835 4836 4839 4849 4855 4860 4879 4895 4905 4844 4745 4842 5035 5001
4725 4727 4724 4726 4729 4731 4739 4754 4772 4791 4810 4828 4841 4853 4861 4868 4876 4880 4892 4890 4900 4900 4897 4899 4904 4890 4883 4884 4881 4885 4890 4894 4896 4937 4982 4984 4988 4996 4976 4957 4955 4959 4965 4970 4977 4982 4987 4989 4983 4978 4973 4966 4960 4956 4953 4957 4965 4950 4911 4881 4872 4867 4860 4869 4872 4872 4871 4865 4856 4847 4839 4834 4835 4847 4855 4864 4878 4893 4899 4838 4733 4820 5014 4973
4721 4720 4722 4727 4736 4742 4753 4769 4780 4793 4806 4819 4836 4846 4856 4863 4869 4883 4894 4888 4907 4877 4888 4910 4908 4895 4886 4881 4879 4880 4883 4887 4885 4917 4968 4990 4991 4989 4979 4966 4960 4963 4966 4968 4976 4985 4987 4983 4985 4984 4977 4969 4962 4960 4956 4958 4966 4960 4926 4891 4872 4863 4858 4858 4856 4851 4859 4859 4855 4849 4843 4839 4843 4850 4858 4865 4878 4887 4891 4883 4918 4931 4944 4937
4716 4718 4719 4731 4744 4760 4772 4780 4784 4791 4800 4812 4829 4843 4851 4863 4872 4887 4899 4891 4874 4857 4881 4903 4907 4886 4885 4871 4863 4862 4875 4888 4880 4894 4935 4983 4992 4990 4984 4976 4972 4972 4970 4970 4978 4994 4989 4985 4987 4989 4977 4969 4962 4955 4951 4956 4963 4966 4932 4892 4871 4862 4857 4851 4852 4860 4855 4856 4856 4854 4853 4853 4856 4857 4861 4866 4874 4881 4888 4898 4915 4926 4922 4925
4710 4704 4713 4732 4750 4763 4769 4776 4783 4789 4795 4801 4819 4842 4857 4866 4879 4886 4878 4879 4879 4878 4883 4890 4873 4873 4866 4859 4858 4861 4867 4868 4870 4873 4885 4920 4985 4994 4988 4989 4991 4988 4984 4971 4974 4976 4983 4988 4989 4985 4976 4970 4961 4952 4949 4947 4945 4937 4912 4888 4870 4861 4857 4855 4853 4852 4852 4857 4861 4862 4862 4865 4864 4862 4864 4867 4872 4878 4885 4892 4898 4909 4915 4930
4707 4699 4710 4735 4759 4775 4774 4780 4783 4788 4794 4802 4815 4832 4849 4865 4881 4894 4880 4872 4866 4861 4873 4871 4857 4865 4851 4849 4857 4866 4863 4861 4862 4865 4865 4886 4922 4950 4972 4999 5020 5021 5004 4984 4977 4975 4983 4993 4994 4988 4981 4973 4963 4951 4937 4932 4919 4900 4888 4878 4868 4859 4856 4861 4856 4856 4855 4859 4864 4868 4869 4865 4865 4866 4866 4869 4873 4876 4881 4886 4891 4901 4911 4939
4709 4702 4712 4743 4773 4797 4789 4783 4787 4792 4796 4802 4814 4826 4843 4861 4876 4885 4876 4861 4864 4858 4862 4860 4846 4845 4841 4846 4853 4859 4858 4856 4858 4857 4858 4868 4884 4903 4942 4981 4961 5023 5004 4992 4980 4981 4987 4995 4997 4993 4985 4975 4965 4955 4941 4923 4906 4881 4873 4875 4875 4872 4864 4861 4857 4849 4857 4865 4872 4877 4881 4871 4870 4875 4876 4878 4878 4877 4880 4885 4892 4902 4912 4946
4719 4712 4720 4754 4785 4807 4792 4792 4797 4798 4799 4802 4817 4828 4839 4853 4867 4875 4864 4861 4866 4856 4850 4847 4845 4841 4837 4841 4849 4854 4853 4854 4856 4862 4863 4864 4867 4882 4906 4919 4906 4926 4967 4972 4981 4983 4988 4995 4999 4995 4980 4974 4967 4961 4943 4921 4910 4898 4880 4880 4879 4882 4874 4867 4878 4880 4870 4878 4882 4884 4887 4872 4881 4891 4902 4896 4890 4885 4886 4893 4901 4911 4925 4948
