real_craters/C178-300m.grd
DSAA
478 478
-71.5925 71.5925
-71.5925 71.5925
3822.4639281806 5862.2962593754
[rows 60 to 89 of 478, columns 0 to 66 of 478]
4823.61 4833.98 4847.61 4862.67 4872.21 4881.14 4888.09 4894.88 4899.87 4904.62 4909.74 4927.77 4946.32 4964.4 4984.02 5004.77 5022.08 5033.71 5034.6 5036.77 5041.47 5047.9 5055.56 5065.45 5078.23 5101.61 5123.16 5132.89 5143.27 5155.35 5168.64 5182.72 5197.43 5212 5226 5238.34 5246 5256.92 5266.55 5277.29 5288.3 5298.52 5308.77 5316.49 5321 5318.71 5316.83 5314.25 5312.9 5311.79 5311.1 5310.69 5310.39 5310.42 5310.64 5310.65 5311.69 5313.37 5316.54 5319.3 5319.54 5318.9 5319.73 5320.93 5321.53 5322.32 5323.48
4814.51 4821.91 4835.21 4847.03 4861.96 4875.93 4882.11 4886.58 4891.64 4896.58 4904.64 4924.62 4938.71 4954.52 4972.49 4996.22 5011.78 5026.21 5027.82 5032.62 5039.4 5047.21 5056.17 5066.31 5078.45 5096.79 5115.09 5130.26 5143.08 5155.86 5169.35 5182.64 5197.31 5212.25 5226.63 5239.21 5245.46 5253.63 5262.75 5272.38 5282.47 5292.33 5301.9 5310.18 5315.24 5316.35 5312.88 5310.59 5309.35 5308.38 5307.68 5307.38 5306.88 5306.82 5306.89 5306.91 5307.15 5308.07 5308.23 5308.94 5311.46 5313.1 5315.89 5320.05 5320.77 5319.76 5320.76
4809.62 4816.62 4827.64 4839.3 4853.89 4867.98 4872.92 4876.69 4882.65 4889.01 4899.42 4915.9 4928.34 4941.81 4955.08 4963.63 4985.57 4997.79 5013.15 5024.68 5035.06 5045.37 5055.8 5066.34 5077.22 5094.09 5110.61 5126.83 5140.33 5153.33 5166.66 5180.63 5195.27 5210.17 5224.66 5237.53 5242.85 5249.86 5258.61 5267.51 5276.77 5286.23 5295.17 5302.88 5308.13 5310.73 5307.99 5305.75 5304.56 5303.6 5303.06 5302.62 5302.4 5302.61 5303.33 5302.77 5302.78 5302.36 5300.69 5299.96 5302.72 5305.54 5308.6 5313.38 5314.14 5314.05 5315.98
4806.98 4814.13 4823.56 4833.73 4845.01 4855.71 4860.39 4864.19 4868.75 4877.41 4888.58 4901.39 4915.26 4929.05 4942.23 4956.23 4970.17 4985.07 5000.99 5016.31 5029.99 5042.77 5055.09 5067.2 5079.86 5094.76 5110.99 5124.51 5136.27 5148.62 5161.57 5175.2 5189.29 5204.23 5218.7 5230.44 5235.65 5244.98 5252.98 5261.14 5269.98 5279.08 5287.92 5295.99 5302.88 5305.32 5302.65 5300.73 5299.78 5299.05 5298.45 5298.17 5298.08 5298.16 5299.26 5298.9 5298.54 5297.94 5296.72 5294.74 5296.76 5298.72 5299.09 5298.14 5301.76 5305.56 5309.44
4804.54 4813.67 4820.87 4826.36 4833.4 4840.25 4846.44 4851.03 4857.3 4865.44 4875.7 4886.72 4902.68 4918.06 4932.36 4945.85 4961.08 4975.66 4992.36 5009.35 5025.17 5039.92 5054.06 5067.93 5081.66 5094.61 5109.05 5119.56 5129.75 5141.29 5153.72 5166.85 5180.4 5194.83 5209.63 5222.48 5220.35 5235.3 5244.51 5252.36 5260.97 5269.92 5279 5288.02 5296.24 5298.75 5296.2 5295.51 5293.86 5293.44 5293.22 5293.2 5293.36 5293.66 5294.8 5295.37 5294.93 5295.29 5295.01 5295.81 5295.03 5295.09 5293.16 5289.72 5292.01 5298.17 5302.74
4798.92 4805.25 4810.28 4818.31 4826.14 4830.41 4834.62 4838.09 4843.9 4853.67 4865.15 4878.19 4893.56 4908.97 4925.3 4940.61 4955.01 4969.69 4986.77 5004.57 5021.18 5036.9 5052.14 5067.22 5081.09 5090.4 5098.06 5107.98 5121.11 5133.13 5144.88 5157.04 5169.55 5182.13 5194.62 5206.44 5217.73 5226.12 5233.85 5241.53 5250.45 5259.74 5269.11 5277.67 5284.89 5289.11 5288.87 5288.63 5287.71 5287.75 5287.94 5288.28 5288.76 5289.38 5290.32 5291.34 5292.44 5293.1 5293.64 5292.95 5293.89 5294.77 5293.79 5290.49 5291.88 5294.43 5296.91
4792.2 4792.7 4796.59 4810.95 4821.22 4824.09 4826.26 4827.8 4831.97 4844.42 4857.4 4872.22 4886.19 4899.41 4916.12 4935.07 4948.58 4965.85 4983.92 5001.02 5017.24 5032.88 5048.27 5063.36 5076.38 5084.54 5092.03 5102.11 5112.79 5123.89 5135.23 5146.53 5157.63 5167.99 5177.15 5186.17 5198.11 5210.2 5219.31 5228.68 5238.75 5248.62 5258.15 5266.83 5273.94 5279.59 5283.96 5281.95 5282.03 5282.68 5283.29 5283.94 5284.66 5285.12 5286.35 5287.72 5289.45 5291.36 5293.43 5294.61 5294.23 5296.6 5299.37 5300.44 5294.84 5291.82 5292.1
4789.62 4792.82 4798.39 4808.86 4815.32 4819.05 4821.48 4823.57 4828.62 4839.58 4851.55 4864.79 4877.9 4888.59 4898.66 4915.25 4939.42 4961.73 4981.9 4997.35 5012.48 5027.57 5042.36 5056.46 5068.25 5077.02 5085.91 5095.26 5103.59 5113.81 5124.63 5135.17 5145.37 5154.47 5162.42 5171.63 5184.48 5192.23 5203.02 5215.91 5227.43 5237.95 5247.77 5256.66 5264.46 5271.49 5275.62 5274.75 5275.7 5276.78 5277.81 5278.74 5279.71 5280.21 5281.34 5283.53 5285.41 5288.18 5290.73 5293.38 5295.15 5297.37 5299.83 5298.87 5290.38 5286.45 5287.53
4790.58 4798.65 4808.83 4812.57 4815.12 4816.88 4819.36 4823.82 4830.11 4838.11 4847.78 4858.02 4869.83 4881.32 4892.2 4909.4 4932.97 4955.89 4975.69 4992.49 5006.91 5020.69 5034.51 5048.59 5059.18 5066.52 5073.77 5080.7 5092.16 5103.16 5113.88 5124.52 5134.43 5143.42 5151.53 5162.01 5175.2 5183.5 5193.67 5205.82 5217.3 5227.97 5237.88 5246.99 5254.95 5261.48 5266.58 5267.1 5268.72 5270.3 5271.33 5272.48 5273.65 5274.93 5276.42 5277.61 5280.53 5283.24 5286.33 5291.44 5295.39 5295.49 5294.98 5291.63 5283.92 5282.23 5284.96
4791.86 4801.13 4810.46 4812.3 4812.74 4813.54 4817.3 4823.69 4830.68 4838.11 4846.47 4855.54 4866.17 4878.42 4892.97 4909.44 4929.42 4951.53 4971.81 4987.45 5000.09 5011.98 5024.1 5036.86 5046.85 5054.85 5062.41 5071.65 5081.83 5092.88 5104.14 5115.09 5125.38 5134.94 5143.89 5155.43 5169.2 5178.42 5187.46 5197.99 5208.46 5218.6 5228.33 5237.61 5246.2 5254.2 5257.28 5259.4 5261.69 5263.59 5265.05 5265.75 5267.23 5268.66 5270.09 5272.05 5274.48 5277.02 5280.33 5285.86 5289.89 5291.17 5290.92 5288.52 5285.7 5284.6 5284.97
4792.54 4800.25 4806.19 4808.04 4806.2 4808.33 4814.36 4822.12 4829.88 4838.01 4846.98 4856.7 4867.27 4876.58 4888.34 4905.11 4925.23 4947.34 4969.19 4981.89 4991.76 5001.47 5011.37 5021.39 5032.04 5041.87 5050.89 5060.41 5071 5083.06 5095.19 5106.75 5117.71 5127.98 5138.78 5150.78 5162.78 5172.91 5182.07 5191.01 5200.16 5209.53 5218.73 5227.64 5235.91 5242.35 5247.66 5252.3 5254.81 5256.54 5257.79 5259.06 5260.25 5261.7 5264.01 5265.42 5268.07 5270.27 5272.64 5277.86 5283.43 5285.4 5286.62 5285.6 5284.04 5283.89 5285.34
4792.95 4799.53 4805.25 4807.54 4805.1 4806.32 4812.42 4819.43 4828.6 4838.27 4847.99 4858.13 4868.27 4874.83 4882.51 4899.78 4919.65 4940.38 4961.53 4972.87 4981.22 4989.91 4998.33 5007.4 5018.63 5029.93 5039.36 5046.83 5059.73 5074.25 5087 5098.96 5110.58 5121.86 5132.68 5145.41 5157.7 5167.97 5176.16 5183.88 5192.04 5200.65 5209.34 5217.9 5225.98 5233.32 5242.18 5247.21 5249.14 5250.02 5250.98 5252.23 5253.24 5254.74 5256.68 5258.76 5261.32 5264.18 5267.2 5272.01 5276.88 5277.63 5279.12 5280.31 5281.39 5283.05 5286.24
4793.84 4799.14 4803.53 4805.4 4805.24 4807.61 4813.39 4820.35 4829.56 4839.48 4849.28 4858.78 4867.25 4874.63 4882.35 4897.16 4913.8 4930.6 4946.26 4958.46 4968.84 4978.5 4987.03 4993.95 5008.5 5020.89 5031.76 5041.74 5054.6 5068.26 5080.58 5092.36 5103.92 5115.75 5127.48 5140.07 5153.07 5163.26 5168.79 5175.69 5183.35 5191.46 5199.82 5208.18 5216.6 5226.96 5240.18 5243.84 5242.84 5243.02 5243.77 5245.21 5246.44 5247.84 5249.53 5251.58 5254.21 5257.73 5262.41 5264.8 5265.86 5267.32 5269.39 5274.18 5279.36 5284.6 5287.78
4796.38 4799.47 4801.66 4803.02 4806.41 4811.76 4817.79 4823.63 4832.78 4842.22 4851.43 4860.28 4869.02 4877.29 4885.72 4896.46 4908.83 4921.13 4932.01 4943.59 4956.7 4968.51 4980.22 4993.11 5002.79 5014.66 5026.98 5040.47 5052.99 5063.88 5074.77 5085.74 5096.91 5108.86 5122.21 5132.64 5143.11 5151.78 5159.31 5166.3 5174.14 5182.53 5190.82 5198.83 5206.59 5214.03 5229.57 5234.82 5234.35 5235 5236.1 5237.46 5238.85 5240.45 5242.02 5243.69 5246.08 5249.29 5253.79 5255.84 5255.81 5258.94 5262.24 5269.87 5277.35 5284.33 5288.42
4800.53 4801.23 4802.31 4804.43 4810.89 4820.12 4826.07 4831.11 4838.23 4846.04 4854.07 4862.31 4871.57 4880.75 4888.02 4896.05 4904.78 4914.15 4923.21 4933.8 4947.23 4959.48 4971.65 4984.1 4996.65 5008.98 5022.02 5036.14 5048.71 5058.6 5068.68 5078.78 5088.91 5099.6 5110.85 5122.03 5131.96 5140.88 5147.31 5155.68 5164.8 5173.77 5182.16 5190.03 5197.36 5204.4 5213.49 5220.73 5223.82 5226.17 5228.12 5229.87 5231.48 5233.05 5234.53 5235.93 5237.51 5239.61 5243.57 5248.39 5252.93 5257.89 5262.34 5269.19 5276.26 5282.45 5287.7
4804.02 4803.49 4804.04 4807.05 4816.4 4829.01 4835.08 4839.56 4844.11 4849.91 4856.47 4863.26 4870.87 4881.06 4890.53 4894.37 4900.96 4908.89 4918.82 4931.16 4939.48 4951.44 4963.69 4976.02 4989.85 5002.89 5015.98 5028.82 5039.91 5052 5062.15 5071.39 5080.3 5089.21 5099.58 5110.7 5120.91 5129.32 5137.29 5146.33 5156.39 5165.85 5174.52 5182.3 5189.44 5196.11 5202.35 5208.6 5213.76 5217.28 5220.16 5222.52 5224.72 5226.25 5227.96 5228.98 5229.73 5230 5232.75 5243.11 5254.91 5261.91 5265.22 5270.68 5277.02 5282.28 5288.63
4806.29 4805.54 4805.82 4808.84 4821.1 4835.18 4841.45 4844.69 4848.33 4852.77 4857.79 4863.21 4867.94 4873.27 4882.39 4890.08 4896.85 4903.81 4910.95 4917.11 4930.81 4944.17 4959.25 4972.5 4983.78 4996.72 5010.01 5023.15 5035.34 5046.37 5055.88 5064.13 5071.92 5078.93 5087.66 5100.78 5111.81 5120.72 5129.23 5138.63 5149.46 5159.08 5167.59 5175.13 5182.07 5188.03 5193.8 5201.08 5205.68 5209.4 5212.8 5215.8 5218.63 5220.64 5222.53 5223.65 5224.44 5224.71 5228.13 5239.76 5251.85 5259.91 5265.95 5272.41 5279.66 5287.61 5293.35
4808.2 4808.02 4808.28 4810.17 4822.77 4838.43 4845.26 4847.6 4850.6 4854.24 4858.46 4863.19 4867.8 4872.26 4878.95 4886.34 4893.2 4899.84 4906.33 4913.22 4925.19 4937.13 4948.94 4962.78 4976.55 4990.19 5004.13 5018.68 5033.27 5041.98 5049.69 5057.31 5065.11 5072.4 5081.54 5094.19 5105.59 5115.98 5125.31 5134.91 5144.64 5153.51 5161.55 5168.88 5175.77 5181.98 5188.38 5194.62 5199.08 5202.14 5205.87 5209.6 5213.07 5216.01 5218.58 5220.43 5222.16 5224.33 5229.87 5239.24 5249.37 5258.15 5265.7 5273.87 5282.16 5290.3 5296.03
4811.9 4812.48 4813.18 4814.71 4823.83 4838.7 4847.34 4849.16 4850.35 4853.18 4857.5 4862.79 4868.66 4874.21 4878.83 4884.41 4890.78 4897.61 4905.13 4914.46 4923.21 4932.19 4942.04 4955.02 4969.59 4983.63 4997.53 5011.69 5025.77 5034.51 5042.28 5050.59 5059.7 5069.65 5079.62 5090.13 5101.06 5112.11 5122.34 5131.53 5141.6 5149.14 5156.28 5163.2 5169.75 5176.56 5183.83 5187.81 5191.77 5195.22 5199.68 5204.18 5208.49 5212.22 5215.79 5218.96 5221.78 5224.63 5230.98 5240.39 5249.97 5258.16 5266.31 5276 5285.34 5293.46 5299.2
4817.8 4819.23 4821.17 4823.5 4827.8 4834.2 4841.3 4844.69 4846.73 4850.04 4855.04 4860.91 4867.82 4875.11 4878.52 4882.89 4889.12 4896.31 4904.05 4913.3 4921.51 4929.58 4937.57 4950.76 4964.46 4977.57 4990.29 5002.61 5013.84 5023.75 5033.3 5042.91 5053.51 5065.21 5075.74 5085.94 5096.75 5107.6 5120.32 5135.75 5139.38 5144.78 5151.05 5157.11 5163.82 5170.31 5176.35 5179.94 5183.97 5188.48 5193.87 5199.11 5204.37 5209.22 5213.99 5218.34 5222.92 5227.65 5234.48 5243.2 5251.69 5259.25 5268.81 5279.61 5290.14 5299.48 5306.84
4825.02 4827.25 4830.82 4834.18 4834.6 4829.99 4828.36 4835.22 4840.64 4846.1 4851.85 4857.8 4863.83 4871.25 4874.57 4880.33 4887.48 4895.04 4903.03 4910.89 4919.98 4929.88 4939.61 4949.94 4961.17 4972.45 4983.5 4993.95 5004 5013.92 5024.06 5034.69 5045.85 5058.29 5069.63 5080.57 5092.28 5104.85 5117.61 5124.97 5132.9 5139.06 5145.34 5151.4 5157.94 5164.03 5168.87 5172.17 5176.53 5182.04 5188.27 5194.86 5201.11 5206.91 5213.22 5219.01 5225.61 5232.94 5240.31 5247.68 5255.28 5263.06 5273.05 5284.36 5295.97 5307.01 5316.6
4831.16 4835.33 4840.57 4844.85 4844.54 4833.96 4823.99 4829.25 4836.06 4842.39 4848.32 4854.01 4858.87 4859.89 4868.99 4878.19 4886.47 4894.61 4902.98 4911.71 4921.23 4931.45 4942.32 4949.92 4958.84 4968.58 4978.2 4987.06 4994.78 5003.61 5015.92 5027.24 5037.6 5048.52 5061.71 5074.71 5086.98 5099.04 5111.07 5118.93 5125.94 5132.84 5139.27 5146.05 5152.57 5158.8 5164.67 5167.98 5171.06 5177.08 5184.55 5191.76 5199.03 5206.05 5212.97 5220.31 5228.29 5236.85 5245.1 5252.71 5260.26 5268.16 5277.92 5289.71 5302.01 5313.82 5323.89
4836.52 4843.83 4850.54 4854.38 4855.04 4844 4827.44 4829.27 4834.87 4840.72 4846.05 4851.15 4857.07 4864.98 4870.72 4878.04 4886.18 4894.59 4903.25 4912.55 4922.18 4930.82 4940.06 4947.84 4956.52 4965.81 4975.09 4983.34 4990.23 4998.53 5011.85 5023.23 5032.29 5039.21 5056.1 5070.38 5082.21 5091.25 5096.44 5108.38 5117.82 5126.73 5133.93 5141.01 5147.45 5153.43 5159.22 5163 5165.47 5174.21 5182.59 5190.72 5198.48 5206.13 5213.53 5221.59 5230.27 5240.47 5249.33 5258.11 5266.37 5272.63 5282.72 5295.56 5308.22 5320.04 5329.33
4846.39 4855.81 4864.71 4867.11 4863.6 4853.15 4837.89 4834.45 4837.61 4841.36 4845.2 4849.18 4854.15 4862.22 4870.64 4878.31 4886.45 4894.56 4902.82 4911.72 4920.94 4927.11 4934.83 4944.3 4954.14 4964.2 4974.05 4983.41 4992.48 5002.99 5013.86 5024.08 5033.19 5044.4 5056.69 5069.99 5081.06 5089.29 5094.66 5101.45 5111.38 5122.32 5130 5137.01 5143.16 5148.4 5152.15 5155.46 5162.59 5174.52 5183.05 5191.7 5199.82 5207.51 5215.25 5222.99 5231.19 5240.07 5251.9 5263.64 5274.8 5283.21 5289.78 5302.18 5315.02 5327.15 5337.67
4865.26 4871.24 4884.39 4883.6 4871.58 4861.38 4850.78 4843.25 4842.8 4844.01 4846.05 4848.23 4850.68 4856.01 4868.09 4878.92 4887.36 4894.71 4901.72 4908.67 4915.37 4921.88 4930.52 4940.86 4952.33 4963.88 4975.21 4986.2 4997.12 5009.05 5019.65 5029.83 5037.84 5046.41 5061.32 5073.95 5084.28 5092.86 5101.41 5107.56 5114.86 5121.85 5128.19 5134.67 5140.61 5145.79 5149.96 5155.17 5169.08 5177.98 5185.64 5193.39 5201.54 5209.67 5217.51 5225.12 5233.11 5241.4 5254.94 5269.12 5282.29 5291.54 5298.08 5309.07 5321.44 5333.88 5345.72
4885.67 4884.92 4890.26 4887.68 4875.55 4862.5 4859.52 4851.96 4848.52 4848.41 4848.89 4849.88 4851.81 4858.77 4872.17 4882.56 4889.3 4895.15 4900.68 4905.76 4910 4915.95 4925.59 4938.69 4952.3 4965.61 4978.6 4990.93 5002.52 5013.69 5027.4 5041 5049.97 5057.92 5071.34 5081.63 5090.3 5098.05 5104.32 5111.01 5117.2 5122.18 5127.95 5133.94 5139.96 5145.82 5152.08 5161.06 5171.23 5180.28 5188.09 5196.96 5205.15 5212.91 5220.9 5228.76 5237.03 5246.91 5259.76 5274.31 5288.35 5297.8 5304.51 5314.45 5326.5 5338.74 5350.06
4900.5 4899.25 4902.72 4893.75 4878.56 4863.39 4859.39 4856.64 4854.11 4853.64 4853.67 4854.33 4856.23 4865.01 4881.63 4887.34 4891.52 4896.11 4900.37 4904.38 4908.46 4913.41 4923.88 4938.45 4953.78 4968.95 4983.68 4997.76 5010.63 5021.13 5039.01 5057.92 5072.74 5080.71 5085.63 5090.63 5096.86 5104.02 5110.79 5116.16 5118.42 5123 5128.37 5134.36 5140.75 5147.16 5153.91 5162.61 5171.6 5181.23 5190.5 5201.32 5210.49 5219.47 5227.3 5233.62 5241.23 5250.33 5263.61 5277.88 5292.81 5301.39 5306.24 5317.36 5329.42 5341.28 5352.41
4918.64 4917.02 4916.84 4899.55 4882.5 4867.53 4861.91 4860.85 4859.53 4859.6 4860.03 4861.17 4862.89 4870.29 4881.13 4888.14 4892.9 4897.2 4901.24 4904.82 4907.03 4911.27 4924.53 4940.76 4957.29 4973.78 4990.02 5006.3 5022.83 5041.2 5058.41 5073.81 5095.82 5101.97 5096.42 5097.26 5101.64 5108.34 5117.88 5124.84 5123.11 5123.21 5128.58 5135.55 5142.69 5149.48 5155.69 5161.15 5170.81 5181.69 5193.45 5205.98 5216.42 5226.19 5233.93 5241.07 5247.28 5255.02 5266.98 5278.94 5289.36 5299.15 5307.98 5318.57 5329.78 5341.1 5351.92
4933.14 4924.36 4905.73 4898.45 4886.63 4873.98 4867.77 4866.21 4865.66 4865.86 4867.01 4869.42 4873.93 4878.07 4883.01 4889.33 4894.34 4898.7 4903.2 4907.57 4911.74 4918.77 4930.3 4945.52 4962.15 4979.22 4996.57 5014.35 5033.12 5053.05 5067.88 5076.94 5088.02 5094.85 5096.27 5098.8 5103.08 5108.49 5114.05 5116.78 5114.63 5120.11 5128.99 5137.76 5145.78 5153.26 5160.09 5166.47 5175.09 5185.58 5198.4 5211.48 5222.84 5233.45 5242.25 5249.93 5254.69 5261.12 5270.99 5279.72 5286.36 5296.79 5307.2 5317.18 5326.91 5337.33 5347.98
4928.11 4914.8 4903.87 4900.2 4893.3 4884.84 4877.37 4872.49 4872.53 4872.83 4873.79 4876.27 4881.11 4883.83 4888.44 4892.99 4896.07 4900.59 4905.48 4911.26 4916.96 4925.03 4937.31 4951.59 4967.9 4984.95 5002.51 5020.4 5038.52 5056.44 5069.35 5070.07 5071.02 5080.85 5090.22 5096.73 5102.04 5106.61 5108.77 5105.77 5105.19 5119.71 5132.37 5142.17 5151.05 5159.27 5167.2 5174.98 5183.7 5192.95 5205.08 5218.16 5230.07 5241.07 5251.14 5260.92 5269.37 5272.01 5274.53 5279.95 5288.68 5294.72 5303.13 5312.31 5319.06 5328.2 5341.11
