real_craters/C178-1000m.grd
DSAA
83 83
-40.91 40.91
-40.91 40.91
3713.0395311563 5655.7079725122
[rows 30 to 59 of 83, columns 0 to 66 of 83]
5134.56 5134.44 5116.51 5104.02 5097.28 5091.2 5086.48 5085.59 5096.52 5107.91 5113.52 5119 5126.11 5137.08 5148.21 5163.35 5155.11 5168.65 5174.29 5183.94 5198.86 5209.63 5203.32 5197.11 5200.43 5223.83 5255.28 5308.12 5345.87 5385.72 5466.06 5511.87 5470.56 5299.1 5133.19 4979.67 4849.04 4745.79 4694.66 4661.68 4659.76 4688.52 4750.6 4773.97 4798.27 4808.88 4862.05 4979.71 5166.74 5330.17 5412.98 5539.2 5510.35 5459.44 5371.92 5298.13 5255.64 5236.8 5222.04 5217.97 5211.97 5198.81 5201.99 5217.33 5236.96 5213.21 5185.78
5112.65 5127.89 5130.02 5114.91 5099.04 5087.61 5085.85 5087.87 5095.12 5105.05 5113.52 5122.81 5135.94 5143.51 5151.38 5167.8 5171.88 5181.53 5179.69 5190.73 5192.82 5194.3 5192.64 5194.74 5207.02 5240.58 5286.35 5329.29 5356.08 5384.06 5485.62 5421.33 5257.18 5109.55 4953.49 4800.31 4658.41 4570.35 4539.41 4530.3 4531.18 4518.22 4547.85 4585.43 4604.09 4624.64 4681.31 4755.69 4908.58 5021.28 5123.21 5363.57 5570.67 5593.23 5456.61 5362.81 5293.09 5255.76 5232.67 5228.84 5227.79 5201.31 5204.61 5207.64 5198.7 5184.62 5178.69
5097.75 5109.27 5113.38 5131.2 5113.94 5090.28 5076.41 5090.99 5104.18 5109.77 5114.66 5121.74 5131.35 5141.44 5152.29 5180.11 5187.57 5190.81 5184.87 5187.46 5187.29 5180.25 5182.24 5194.37 5212.62 5246.66 5292.84 5333.63 5349.34 5384.25 5410.96 5280.17 5073.75 4925.06 4788.8 4659.75 4558.44 4488.23 4452.36 4428.39 4394.52 4381.65 4404.31 4451.53 4496.56 4528.68 4584.47 4638.59 4744.67 4862.42 4936.53 5095.29 5291.23 5519.31 5567.51 5430.99 5348.95 5297.97 5256.53 5235.55 5232.03 5227.11 5219.13 5207.44 5188.82 5182.41 5172.53
5113.77 5105.9 5096.67 5109.36 5111.15 5098.33 5084.94 5093.25 5110.35 5112.27 5113.27 5116.26 5120.27 5135.2 5156.52 5175.62 5183.06 5197.39 5187.45 5184.18 5188.11 5189.59 5194.67 5200.5 5212.6 5244.1 5288.22 5354.15 5393.33 5413.32 5273.92 5121.1 4931.38 4775.76 4642.9 4528.94 4446.34 4383.8 4340.85 4312 4275.23 4277.99 4285.85 4340.36 4403.4 4448.89 4504.06 4538.45 4607.36 4731.55 4850.26 4969.31 5088.85 5296.07 5567.79 5493.08 5391.65 5328.79 5288.82 5247.73 5263.04 5259.24 5240.58 5219.31 5198.4 5182.5 5183.42
5117.38 5114.76 5101.93 5095.09 5097.67 5091.77 5080.7 5089.02 5108.42 5111.42 5111.4 5112.19 5116.57 5129.48 5150.9 5174.69 5179.85 5187.75 5186.59 5191.31 5199.74 5209.17 5218.16 5212.32 5213.13 5247.3 5310.58 5429.09 5469.28 5306.87 5156.95 4998.3 4826.15 4662.76 4517.75 4407.19 4331.38 4273.2 4226.28 4200.06 4182.78 4190.44 4211.25 4261.65 4320.01 4362.07 4421.09 4479.41 4526.19 4586.18 4741.15 4929.74 5016.17 5118.88 5359.26 5498.1 5427.69 5342.03 5291.95 5259.24 5266.51 5275.17 5253.83 5231.2 5218.47 5205.19 5204.29
5110.92 5111.95 5107.27 5098.22 5094.02 5093.1 5087.54 5086.75 5100.3 5111.32 5114.45 5113.74 5113.13 5122.68 5139.56 5148.82 5165.71 5188.19 5193.9 5206.27 5211.77 5223.29 5236.02 5227.49 5226.06 5260.85 5339.42 5507.55 5420 5240.3 5075.24 4905.49 4731.46 4565.85 4424.66 4311.69 4231.18 4173.4 4120.5 4086.97 4075.18 4086.14 4119.89 4177.63 4222.17 4274.83 4331.37 4391.69 4455.74 4502.38 4601.26 4848.85 4983.66 5062.03 5216.59 5461.28 5436.62 5361.67 5315.11 5274.86 5277.49 5274.04 5252.74 5234.01 5207.95 5176.02 5175.47
5090.66 5101.8 5116.9 5100.34 5092.74 5086.91 5094.96 5095.84 5107.82 5115.14 5118.13 5116.95 5114.36 5118.42 5130.51 5134.62 5157.31 5185.13 5203.27 5205.95 5219.01 5230.61 5242.81 5241.74 5249.1 5283.94 5352.53 5487.4 5354.98 5178.94 5007.9 4826.93 4645.45 4479.9 4355.06 4231.59 4142.84 4069.39 3980.59 3941.48 3890.12 3903.15 3991.08 4066.41 4112.46 4173.12 4224.26 4284.44 4347.48 4415.86 4521.87 4725.28 4908.31 5020.27 5140.07 5412.91 5427.87 5380.72 5345.67 5312.08 5290.24 5280.01 5271.11 5240.92 5198.93 5166.82 5158.02
5082.4 5074.95 5091.68 5096.69 5089.03 5089.55 5092.16 5090.38 5129.22 5126.92 5123.98 5122.12 5120.97 5126.29 5133.72 5151.53 5171.8 5194.29 5206.1 5215.5 5221.39 5230.07 5242.99 5247.7 5258.64 5291.92 5353.4 5377.97 5249.31 5085.32 4927.73 4755.84 4577.74 4413.73 4279.55 4146.25 4024.91 3928.1 3853.28 3862.65 3866.34 3841.51 3853.38 3929.36 3994.69 4074.09 4148.75 4206.97 4265.39 4335.46 4437.66 4627.81 4815.73 4937.57 5076.93 5412.1 5493.03 5417.58 5377.86 5331.37 5312.49 5314.95 5303.68 5251.11 5199.97 5162.86 5145.61
5069.86 5071.03 5064.28 5069.86 5075.98 5079.25 5093.02 5118.17 5136.68 5135.52 5130.49 5126.2 5123.12 5121.63 5131.98 5153.87 5178.68 5190.15 5200.83 5213.65 5219.83 5227.03 5236.25 5248.67 5264.25 5293.93 5334.43 5263.94 5145.2 5012.03 4867.94 4700.46 4521.61 4351.17 4217.49 4077.34 3941.06 3839.59 3845.59 3842.45 3843.5 3848.38 3862.67 3841.95 3863.96 3975.36 4075.65 4149.15 4212.94 4278.23 4381.94 4571.78 4756.1 4859 5007.2 5337.04 5538.77 5464.39 5401.45 5369.52 5333.26 5329.36 5305.57 5248.18 5195.11 5151.13 5151.39
5070.05 5068.43 5072.27 5070.11 5068.75 5065.93 5092.23 5133.08 5133.18 5124.25 5124.28 5122.46 5122.75 5121.8 5129.53 5142.79 5170.95 5180.12 5192.35 5208.29 5217.44 5224.13 5234.08 5250.18 5273.5 5308.51 5336.57 5237.33 5075.31 4979.68 4833.26 4660.66 4479.53 4312.91 4169.39 4032.15 3917.18 3853.63 3831.13 3834.12 3872.59 3919.95 3943.15 3880.98 3830.95 3865.7 3992.22 4087.17 4165.93 4230.67 4349.66 4537.67 4726.5 4822.83 4956.92 5232.54 5504.75 5487.52 5405.49 5368.58 5335.47 5335.71 5283.59 5236.44 5200.75 5174.59 5182.42
5065.65 5066.21 5067.61 5073.24 5073.93 5076.72 5111.51 5118.63 5116.27 5114.31 5112.87 5112.52 5114.49 5120.13 5121.84 5128.81 5161.11 5181.25 5195.46 5211.45 5218.44 5222.02 5226.92 5244.21 5282.51 5328.22 5365.13 5294.95 5063.67 4958.88 4809.74 4636.72 4454.62 4281.53 4134.75 3980.53 3885.04 3846.51 3828.88 3862.05 3933.17 4029.9 4036.54 3932.17 3828.91 3780.21 3891.53 4017.68 4120.01 4197.46 4332.8 4501.49 4665.89 4814.36 4922.68 5149.12 5474.17 5485.96 5394.9 5337.4 5300.47 5307.72 5265.53 5232.85 5221.4 5215.55 5225.53
5104.26 5119.94 5104.45 5090.53 5085.58 5091.47 5100.03 5094.46 5097.33 5100.98 5102.63 5103.87 5106.73 5113.52 5135.24 5137.49 5155.92 5173.43 5206.27 5220.02 5222.18 5224.5 5233.1 5255.02 5285.55 5325.15 5386.07 5372.2 5075.6 4940.01 4794.99 4631.01 4455.78 4281.61 4124.13 3952.51 3875.42 3833.08 3812.65 3850.88 3957.76 4055.36 3998.89 3944.69 3847.88 3769.27 3825.33 3943.79 4056.07 4169.33 4314.11 4483.67 4659 4799.06 4895.61 5063.98 5407.46 5425.35 5364.38 5305.27 5265.47 5256.64 5245.25 5243.56 5256.03 5273.11 5264.87
5145.78 5142.28 5113.32 5099.37 5091.68 5088.93 5089.27 5084.25 5090.1 5093.39 5096.2 5097.18 5098.55 5107.21 5142.71 5157.9 5169.28 5186.35 5226.08 5224.86 5226.33 5230.14 5241.84 5263.39 5279.91 5312.66 5382.94 5332.42 5065.42 4933.25 4794.94 4645.4 4485.52 4330.39 4122.41 3973.94 3877.31 3816.79 3783.1 3806.94 3893.08 4036.42 4020.38 3957.8 3813 3729.34 3758.94 3834.9 3972.52 4129.14 4303.7 4488.86 4663.01 4770.29 4889.72 5081.86 5416.34 5391.61 5340.35 5299.24 5266.86 5243.48 5246.42 5263.11 5282.52 5304.32 5284.92
5157.14 5142.36 5116.3 5104.83 5097.34 5092.13 5093.57 5093.86 5093.4 5095.5 5097.96 5099.99 5099.9 5103.49 5139.86 5166.78 5180.23 5201.71 5212.88 5220.75 5223.98 5228.53 5235.68 5245.65 5264.59 5298.42 5381.45 5345.77 5093.63 4946.48 4816.93 4678.83 4529.23 4369.06 4159.74 4001.05 3892.1 3817.21 3771.2 3762.13 3794.63 3831.78 3853.24 3827.97 3762.16 3716.29 3716.4 3713.04 3879.86 4084.82 4295.89 4492.77 4660.94 4760.01 4927.11 5173.57 5497.14 5414.55 5345.72 5304.4 5281.02 5250.7 5252.39 5272.65 5290.59 5312.1 5297.64
5151.38 5134.2 5120.31 5109.73 5106.08 5103.19 5101.8 5095.82 5092.24 5098.52 5102.26 5105.13 5109.26 5109.99 5128.21 5159.63 5185.72 5200.14 5216.63 5221.58 5224.08 5226.87 5229.06 5236 5249.73 5279.91 5366.43 5412.32 5166.55 4985.92 4865.89 4733.62 4583.9 4405.29 4201.07 4054.7 3930.18 3824.05 3766.97 3759.81 3752.76 3772.49 3764.42 3757.69 3761.54 3765.62 3771.8 3726.44 3832.87 4072.95 4279.97 4496.99 4665.42 4789.63 5022.79 5304.36 5512.79 5416.32 5340.91 5292.9 5263.66 5245.39 5235.52 5249.93 5283.66 5311.16 5297.25
5120.78 5121.49 5110.28 5108.21 5116.98 5126.47 5128.29 5115.38 5107.03 5106.77 5108.75 5112.19 5118.37 5129 5129.38 5151.3 5174.71 5186.65 5204.59 5222.02 5224.18 5223.39 5223.57 5229.04 5240.54 5270.94 5347.86 5485.21 5312.46 5093.4 4941.38 4802.89 4644.49 4470.54 4272.13 4127.39 3996.52 3875 3823 3781.8 3750.15 3743.41 3762.52 3770.56 3804.92 3873.91 3944.34 3975.05 3956.37 4065.97 4294.38 4529.11 4699.64 4860.88 5191.84 5487.89 5484.59 5394.06 5321.9 5277.07 5237.56 5226.25 5212.83 5227.7 5275.61 5324.02 5336.52
5106.41 5094.14 5091.04 5099.06 5104.67 5124.61 5149.63 5132.12 5124.69 5115.24 5114.37 5117.28 5121.93 5123.09 5134.32 5153.38 5160.49 5175.4 5206.73 5225.47 5225.31 5220.67 5217.28 5219.27 5223.24 5253.16 5328.5 5437.4 5434.28 5220.56 5053.25 4888.02 4718.04 4543.41 4363.34 4226.8 4088.73 3968.94 3891 3834.15 3808.08 3792.25 3796.08 3824.1 3864.57 3989.07 4108.76 4234.99 4208.46 4261.19 4407.59 4597.73 4780.55 5002.13 5319.2 5609.92 5488.14 5387.56 5324.56 5272.5 5229.84 5208.25 5195.46 5214.63 5265.76 5319.39 5347.5
5074.5 5075.66 5089.63 5099.02 5099.33 5116.69 5139.09 5127.15 5117.71 5116.13 5116.84 5118.96 5125.58 5136.76 5157.43 5159.63 5152.83 5167.64 5188.41 5217.96 5220.34 5215.38 5208.26 5196.98 5192.46 5226.46 5296.27 5380.23 5491.7 5332.03 5171.96 4986.18 4802 4628.43 4477.91 4342.41 4200.11 4090.74 3988.89 3926.8 3894.72 3883.71 3895.75 3931.74 3995.06 4099.31 4176.62 4266.12 4390.56 4522.72 4581.23 4714.94 4893.69 5093.83 5385.65 5617.07 5484.78 5371.1 5309.08 5263.97 5231.71 5212.64 5194.13 5208.19 5247.09 5287.52 5307.03
5068.54 5091.12 5104.88 5110.86 5123.66 5126.41 5121.83 5117.67 5115.98 5116.03 5117.63 5120.77 5125.73 5136.81 5144.74 5149.36 5150.63 5164.86 5176.1 5196.26 5207.08 5209.72 5208.23 5203.32 5208.41 5237.17 5279.58 5358.44 5484.44 5436.65 5279.34 5090.82 4897.92 4738.84 4634.31 4481.72 4334.14 4239.16 4155.09 4080.17 4037.45 4028.18 4042.28 4078.81 4134.23 4206.49 4276.88 4351.88 4472.49 4552.74 4648.11 4763.44 4974.03 5156.21 5406.81 5506.78 5427.08 5336.95 5272.89 5241.97 5233.22 5211.41 5184.52 5196.59 5226.79 5252.5 5262.82
5065.39 5081.7 5097.42 5112.7 5128.42 5133.53 5128.4 5131.7 5122.15 5118.06 5119.95 5123.47 5127.72 5138.69 5131.94 5131.54 5137.78 5152.72 5164.53 5177.03 5193.7 5205.25 5214.9 5227.85 5250.2 5265.4 5289.52 5345.13 5432.33 5529.1 5383.8 5191.11 4993.21 4851.41 4747.3 4605.14 4493.52 4415.66 4342.75 4265.86 4217.79 4200.23 4210 4255.26 4302.15 4367.66 4439.23 4520.7 4565.46 4629 4703.81 4818.71 4977.99 5279.03 5439.94 5422.01 5352.21 5294.01 5238.27 5238.68 5249.31 5234.62 5199.28 5195.47 5215.32 5227.36 5233.37
5050.26 5053.16 5075.86 5104.68 5126.96 5141.5 5147.38 5137.25 5124.27 5121.62 5124.43 5128.55 5141.01 5147.65 5128.77 5119.13 5133.35 5141.01 5157.77 5173.48 5189.48 5209.08 5231.67 5253.81 5263.91 5284.34 5301.73 5326.01 5407.54 5523.22 5437.75 5292.24 5108.72 4979.24 4870.81 4743.91 4647.9 4583.7 4509.58 4450.04 4410.74 4385.22 4381.16 4415.43 4531.76 4572.19 4583.8 4603.91 4639.86 4702.29 4763.73 4900.33 5140.16 5379.25 5417.22 5363.25 5290.95 5259.89 5249.39 5273.15 5261.58 5236.77 5199.08 5202.68 5213.58 5206.04 5207.19
5045.9 5044.1 5065.95 5097.62 5125.68 5147.21 5156.19 5137.17 5132.81 5134.18 5132.87 5129.67 5131.07 5139.79 5124.34 5109.29 5125.03 5127.63 5149.67 5169.03 5185.68 5213 5244.18 5279.22 5314.97 5298.29 5288.99 5292.15 5353.53 5433.52 5444.48 5409.34 5323.37 5182.69 5042.83 4926.42 4819.74 4752.39 4692.29 4659.7 4628.6 4605.4 4648.97 4752.71 4785.71 4768.73 4736.6 4700.82 4722.83 4785.85 4888.24 5094.22 5371.57 5424.82 5375.64 5337.94 5260.69 5239.9 5242.45 5279.21 5256.34 5226.19 5208.71 5204.27 5188.81 5184.86 5186.03
5043.73 5044.49 5079.81 5094.62 5103.72 5125.46 5136.03 5145.08 5154.26 5155.92 5145.39 5133.97 5128.21 5129.82 5121.08 5118.13 5125.88 5140.15 5142.73 5152.93 5173.88 5207.7 5242.82 5280.22 5308.25 5303.31 5288.85 5269.65 5305.87 5370.76 5435.78 5501.81 5561.73 5412.03 5238.3 5123.62 4990.68 4905.33 4853.07 4832.3 4850.18 4821.83 4849.24 4853.84 4857.62 4854.15 4839.05 4847.24 4906.33 5009.35 5142.72 5344.87 5478.02 5439.37 5329.66 5265.04 5228.42 5227.63 5256.54 5250.15 5240.57 5217.93 5201.65 5191.61 5178.94 5177.18 5181.7
5031.12 5045.74 5088.55 5092.62 5101.8 5101.58 5114.84 5143.17 5166.35 5172.26 5153.6 5134.6 5121.06 5124.07 5118.08 5112.64 5122.14 5137.26 5142.25 5156.6 5175.91 5203.23 5232.49 5260.84 5289.56 5308.94 5309.71 5286.54 5290.51 5333.38 5406.51 5504.83 5591.86 5591.74 5473.13 5278.91 5151.09 5060.71 5008.27 4997.68 5001.29 4964.88 4943.78 4903.73 4894.56 4918.07 4945.9 5109.56 5271.11 5367.96 5487.31 5532.17 5548.4 5446.12 5316.73 5251.47 5226.77 5208.4 5218.08 5230.57 5224.87 5210.56 5190.32 5181.07 5181.4 5179.06 5174.75
5039.67 5039.01 5044.48 5056.34 5060.83 5057.46 5087.15 5119.56 5144.72 5164.01 5147.05 5128.25 5112.39 5106.47 5111.26 5116.03 5116.14 5120.94 5133.15 5151.82 5177.39 5198.67 5222.51 5245.12 5272.25 5310.55 5314.25 5279.16 5278.73 5307.31 5364.79 5442.83 5525.15 5599.97 5562.78 5464.56 5337.67 5236.89 5176.09 5121.07 5089.98 5055 5037.06 4970.39 4995.29 5054.31 5116.05 5396.35 5603.38 5624.77 5652.63 5538.98 5461.03 5384.73 5296.06 5239.9 5220.85 5206.31 5193.49 5191.65 5198.19 5199.62 5182.84 5182.25 5191.69 5189.93 5183.25
5045.65 5047.59 5044.39 5043.17 5045.47 5050.58 5077.02 5103.48 5122.81 5129.03 5126.58 5112.18 5099.39 5098.82 5101.75 5101.81 5098.55 5100.1 5120.33 5141.79 5171.03 5193.6 5222.15 5250.57 5278.28 5298.09 5303.26 5270.56 5264.6 5281.71 5316.3 5375.76 5447.11 5517.92 5534.94 5494.73 5446.49 5388.56 5356.39 5285.8 5234.56 5202.61 5322.02 5407.25 5377.22 5397.08 5424.75 5536.67 5635.44 5614.33 5534.65 5452.39 5385.63 5321.3 5267.24 5227.7 5197.22 5191.44 5179.95 5170.67 5173.44 5175.12 5171.59 5181.55 5189.59 5211.45 5204.65
5052.74 5059.23 5050.1 5046.11 5051.76 5067.59 5083.6 5098.95 5110.83 5115.16 5109.71 5099.15 5086.75 5089.41 5094.85 5092.86 5085.09 5089.58 5102.98 5124.65 5146.9 5185.02 5220 5254.16 5276.96 5286.45 5293.94 5276.33 5262.32 5264.42 5281.12 5310.35 5361.88 5426.85 5478.89 5476.04 5440.33 5451.41 5475.45 5543.52 5523.15 5495.71 5533.54 5603.48 5632.64 5556.88 5517.39 5512.86 5533.03 5506.83 5446.53 5381.62 5332.31 5283.59 5242.46 5215.42 5180.67 5165.76 5167.16 5160.78 5156.25 5151.81 5158.01 5177.42 5189.54 5210.93 5203.47
5062.63 5057.1 5059.07 5062.71 5065.39 5078.5 5090.3 5095.86 5100.6 5100.09 5096.56 5089.58 5090.12 5090.62 5091.26 5094.16 5093.84 5098.16 5108.34 5116.87 5152.31 5183.83 5209.62 5232.49 5257.89 5299.62 5308.27 5302.14 5270.49 5248.19 5240.39 5253.41 5287.95 5330.68 5372.27 5384.72 5383.53 5394.5 5424.53 5459.81 5495.5 5519.28 5534.46 5541.27 5529.83 5486.96 5454.61 5438.47 5411.96 5395.91 5363.85 5333.83 5294.13 5250.6 5219.81 5195.21 5194.18 5175.87 5173.66 5169.58 5151.62 5147.31 5144.08 5152.19 5173.94 5191.52 5200.09
5067.81 5065.4 5064.12 5069.01 5075.16 5098.43 5096.2 5091.99 5084.17 5086.31 5087.67 5082.06 5086.09 5085.45 5080.05 5083.35 5090.98 5092.93 5096.36 5118.34 5147.4 5174.88 5184.09 5187.99 5208.15 5254.4 5263 5279.69 5255.44 5225.14 5207.64 5214.9 5232.98 5251.73 5279.75 5302.34 5322.64 5336.84 5366.89 5402.75 5429.1 5490.24 5493.54 5476.45 5432.62 5395.37 5371.91 5353.29 5329.53 5316.54 5302.3 5292.95 5261.79 5239.16 5218.42 5197.52 5209.03 5190.79 5171.9 5175.75 5158.47 5152.13 5146.76 5147.27 5154.16 5182.26 5187.47
5065.78 5061.34 5056.33 5059.78 5074.01 5092.37 5093.28 5089.74 5086.56 5088.14 5089.42 5085.26 5079.95 5074.99 5066.26 5068.12 5091.26 5093.78 5110.53 5118.75 5138.72 5161.29 5162.15 5160.51 5167.25 5201.73 5192.18 5212.38 5203.76 5199.92 5190.55 5196.79 5199.41 5197.62 5224.46 5244.21 5265.13 5285.86 5316.94 5341.5 5353.81 5377.38 5393.92 5380.09 5348.02 5323.9 5297.9 5278.97 5263.62 5260.81 5254.07 5247.44 5230.95 5231.22 5224.9 5198.32 5203.1 5205.96 5162 5166.23 5179.65 5159.72 5146.96 5150.96 5155.89 5162.75 5164.88
