real_craters/C179-750m.grd
DSAA
197 197
-73.6575 73.6575
-73.6575 73.6575
7064.6812283489 10077.145440171
[rows 76 to 113 of 197, columns 84 to 167 of 197]
9247 9093 8981 8862 8832 8828 8818 8789 8732 8734 8751 8695 8623 8605 8409 8389 8409 8450 8555 8615 8701 8813 8868 8924 8956 8918 8888 8878 8928 9080 9273 9477 9655 9716 9724 9633 9528 9443 9369 9347 9364 9377 9377 9368 9353 9338 9323 9311 9304 9298 9300 9303 9299 9302 9306 9310 9315 9320 9325 9330 9338 9345 9333 9330 9326 9322 9317 9313 9312 9310 9303 9299 9300 9294 9285 9290 9303 9306 9300 9298 9301 9307 9313 9319
9207 9011 8903 8827 8752 8728 8724 8645 8497 8489 8516 8460 8383 8350 8263 8286 8322 8348 8387 8465 8552 8648 8711 8785 8862 8862 8803 8788 8866 9016 9202 9421 9641 9675 9690 9623 9561 9476 9401 9379 9369 9377 9385 9377 9360 9344 9330 9314 9303 9302 9300 9299 9301 9304 9309 9314 9319 9322 9325 9328 9333 9342 9351 9344 9336 9325 9321 9321 9313 9307 9300 9291 9287 9283 9284 9293 9303 9306 9306 9300 9307 9314 9321 9327
9041 8883 8813 8765 8625 8608 8607 8510 8363 8301 8309 8232 8198 8165 8165 8200 8247 8230 8232 8297 8360 8414 8475 8598 8695 8694 8674 8712 8812 8930 9084 9272 9484 9653 9753 9680 9615 9526 9441 9402 9394 9395 9391 9382 9365 9348 9333 9317 9305 9296 9301 9300 9302 9308 9313 9316 9319 9322 9324 9327 9330 9349 9363 9348 9326 9314 9314 9317 9316 9314 9314 9296 9283 9276 9292 9308 9318 9329 9320 9312 9316 9322 9328 9335
8918 8775 8695 8569 8463 8449 8422 8288 8160 8083 8092 8015 7980 8012 8051 8051 8116 8135 8117 8146 8176 8205 8243 8374 8437 8501 8506 8564 8701 8806 8919 9053 9235 9517 9727 9763 9703 9587 9481 9429 9442 9417 9395 9356 9363 9352 9336 9321 9312 9311 9308 9315 9316 9315 9317 9319 9322 9325 9329 9330 9326 9336 9353 9338 9319 9307 9303 9302 9307 9327 9315 9309 9294 9281 9297 9320 9333 9346 9336 9326 9327 9331 9337 9345
8730 8672 8624 8529 8371 8295 8220 8029 7923 7862 7839 7822 7829 7849 7835 7857 7911 8006 7995 8014 8034 8060 8111 8157 8195 8288 8352 8431 8597 8666 8745 8852 9029 9303 9585 9790 9783 9656 9528 9456 9433 9419 9407 9421 9381 9358 9339 9322 9308 9302 9308 9320 9322 9319 9318 9321 9325 9328 9332 9337 9349 9348 9347 9327 9314 9303 9295 9292 9297 9324 9313 9308 9309 9317 9323 9330 9338 9347 9341 9341 9337 9340 9348 9357
8613 8582 8546 8479 8253 8134 8017 7864 7780 7741 7767 7800 7760 7759 7719 7709 7723 7764 7860 7901 7926 7949 7980 8023 8101 8192 8285 8403 8467 8507 8565 8647 8805 9034 9348 9638 9742 9691 9586 9502 9440 9421 9412 9403 9382 9363 9345 9331 9328 9313 9310 9314 9311 9321 9324 9328 9330 9334 9337 9346 9355 9359 9345 9323 9307 9295 9291 9291 9297 9308 9305 9306 9325 9341 9337 9336 9337 9339 9340 9334 9336 9345 9355 9369
8580 8509 8383 8232 8071 7978 7911 7835 7755 7705 7667 7687 7714 7703 7681 7672 7713 7773 7790 7815 7838 7862 7885 7920 8053 8112 8138 8183 8268 8336 8398 8473 8606 8790 9135 9415 9618 9687 9657 9575 9461 9429 9413 9395 9379 9365 9351 9338 9336 9321 9308 9301 9323 9321 9321 9325 9327 9332 9337 9343 9351 9356 9343 9320 9309 9295 9292 9293 9302 9313 9305 9298 9321 9354 9340 9337 9336 9337 9336 9329 9332 9346 9365 9385
8378 8373 8213 8071 7954 7860 7805 7807 7744 7674 7644 7651 7664 7660 7649 7650 7683 7719 7735 7747 7760 7790 7827 7876 7923 7991 8018 8079 8124 8189 8256 8315 8478 8664 8908 9146 9380 9578 9661 9575 9494 9445 9419 9411 9397 9370 9359 9352 9348 9347 9336 9322 9317 9318 9318 9321 9324 9328 9332 9337 9351 9342 9340 9334 9320 9304 9301 9302 9307 9338 9344 9340 9342 9350 9344 9340 9337 9337 9334 9323 9328 9349 9362 9381
8325 8151 8073 7969 7879 7777 7735 7728 7686 7655 7624 7623 7626 7630 7630 7627 7652 7667 7681 7688 7695 7730 7776 7824 7847 7890 7911 7916 7985 8062 8151 8259 8383 8597 8662 8864 9111 9444 9659 9562 9503 9457 9423 9394 9368 9368 9368 9369 9363 9369 9359 9344 9319 9313 9314 9316 9319 9321 9323 9325 9327 9335 9345 9349 9338 9325 9317 9316 9329 9339 9346 9352 9352 9349 9345 9344 9341 9337 9345 9352 9357 9356 9352 9352
8191 8098 7965 7866 7771 7680 7652 7663 7655 7627 7609 7599 7606 7610 7617 7624 7633 7637 7637 7639 7649 7680 7722 7762 7791 7824 7847 7834 7881 7951 8032 8150 8207 8245 8394 8628 8971 9286 9585 9641 9518 9464 9431 9392 9362 9365 9374 9380 9374 9368 9365 9351 9325 9313 9310 9310 9311 9315 9316 9317 9321 9338 9351 9362 9344 9338 9329 9315 9318 9312 9335 9362 9368 9369 9367 9359 9355 9355 9370 9383 9387 9370 9337 9295
7978 7862 7799 7754 7686 7622 7615 7620 7613 7604 7597 7585 7584 7593 7600 7598 7587 7596 7599 7599 7604 7634 7667 7697 7731 7756 7809 7762 7797 7851 7902 7952 8047 8123 8239 8477 8784 9106 9466 9639 9561 9505 9467 9414 9370 9371 9379 9379 9365 9361 9363 9354 9330 9314 9310 9310 9312 9313 9315 9317 9328 9361 9358 9344 9343 9340 9328 9320 9318 9314 9337 9372 9378 9387 9385 9373 9372 9376 9393 9408 9411 9386 9315 9243
7843 7749 7710 7691 7664 7619 7593 7590 7581 7580 7590 7592 7577 7580 7583 7581 7568 7568 7569 7573 7581 7597 7618 7638 7661 7669 7672 7694 7735 7781 7826 7880 7964 8060 8158 8334 8636 9015 9414 9660 9641 9587 9520 9445 9390 9373 9379 9377 9353 9351 9354 9347 9327 9315 9312 9312 9314 9316 9319 9323 9330 9359 9368 9367 9359 9341 9325 9317 9322 9333 9356 9380 9384 9390 9394 9386 9388 9398 9419 9484 9546 9410 9292 9206
7783 7718 7684 7661 7639 7619 7602 7581 7565 7578 7586 7587 7577 7572 7570 7565 7559 7550 7545 7545 7555 7564 7579 7593 7609 7598 7615 7655 7687 7728 7780 7834 7898 7996 8111 8269 8547 8923 9329 9600 9670 9651 9556 9457 9380 9364 9375 9377 9347 9330 9331 9330 9323 9317 9312 9313 9318 9323 9329 9332 9338 9367 9374 9377 9366 9344 9327 9306 9311 9344 9382 9392 9390 9386 9388 9392 9399 9413 9436 9546 9515 9334 9233 9165
7744 7687 7655 7636 7616 7594 7586 7571 7563 7553 7557 7564 7566 7561 7558 7555 7550 7533 7523 7513 7512 7531 7543 7553 7544 7552 7584 7613 7641 7678 7726 7776 7829 7940 8070 8180 8424 8757 9163 9437 9581 9616 9535 9442 9377 9357 9359 9361 9335 9300 9305 9317 9314 9304 9309 9314 9322 9331 9340 9343 9347 9368 9373 9368 9356 9342 9325 9323 9327 9351 9381 9388 9393 9391 9392 9398 9407 9426 9446 9499 9376 9197 9157 9132
7710 7654 7632 7615 7598 7577 7550 7554 7554 7544 7544 7553 7554 7549 7542 7531 7504 7512 7512 7512 7509 7507 7509 7511 7494 7488 7504 7550 7594 7632 7668 7712 7767 7865 7993 8129 8320 8633 8995 9248 9403 9494 9437 9392 9361 9350 9343 9337 9314 9281 9300 9320 9308 9299 9303 9315 9327 9338 9351 9369 9373 9380 9374 9365 9354 9337 9333 9332 9335 9365 9384 9385 9387 9387 9387 9400 9417 9447 9467 9499 9296 9113 9096 9103
7697 7648 7623 7607 7590 7563 7552 7538 7531 7538 7541 7549 7554 7545 7526 7502 7491 7503 7509 7499 7497 7490 7473 7446 7424 7451 7470 7506 7550 7594 7638 7679 7733 7821 7956 8119 8238 8439 8750 8998 9138 9197 9266 9307 9335 9345 9324 9309 9297 9288 9301 9309 9301 9295 9302 9315 9325 9338 9352 9369 9374 9384 9373 9354 9331 9324 9316 9322 9331 9358 9380 9386 9384 9374 9379 9406 9432 9484 9517 9491 9241 9094 9075 9092
7695 7655 7643 7612 7583 7571 7558 7531 7522 7532 7540 7542 7548 7537 7513 7501 7502 7506 7519 7526 7509 7482 7451 7410 7386 7407 7442 7471 7507 7555 7622 7649 7692 7794 7944 8096 8247 8478 8685 8831 8933 8964 9121 9232 9303 9334 9309 9284 9295 9307 9309 9299 9300 9301 9307 9316 9325 9335 9340 9329 9364 9381 9368 9350 9328 9322 9318 9322 9324 9333 9359 9376 9383 9378 9378 9393 9436 9507 9599 9587 9243 9103 9081 9096
7688 7654 7635 7614 7592 7563 7542 7524 7521 7530 7544 7549 7552 7533 7490 7464 7470 7492 7523 7544 7519 7480 7440 7406 7379 7378 7409 7435 7461 7496 7549 7598 7665 7817 7943 8108 8272 8551 8663 8740 8842 8936 9087 9211 9288 9325 9308 9293 9302 9317 9311 9302 9305 9311 9317 9319 9326 9335 9347 9366 9373 9380 9371 9357 9341 9334 9328 9324 9316 9305 9282 9351 9379 9387 9388 9392 9434 9531 9643 9574 9253 9114 9095 9108
7674 7637 7613 7604 7606 7577 7533 7521 7523 7539 7572 7598 7579 7537 7449 7418 7427 7458 7505 7542 7511 7470 7429 7393 7373 7361 7384 7397 7409 7428 7463 7546 7647 7768 7907 8056 8228 8444 8441 8627 8816 8993 9136 9236 9298 9326 9317 9306 9309 9318 9311 9311 9310 9318 9320 9315 9323 9334 9346 9369 9386 9379 9372 9366 9364 9353 9336 9326 9337 9322 9306 9345 9369 9379 9380 9377 9413 9518 9623 9579 9281 9140 9115 9117
7658 7609 7592 7581 7563 7542 7522 7518 7524 7540 7573 7617 7607 7488 7368 7350 7371 7400 7455 7501 7478 7448 7420 7389 7362 7354 7359 7363 7371 7378 7410 7504 7614 7752 7858 7953 8021 8180 8353 8586 8845 9061 9222 9313 9335 9332 9312 9299 9308 9313 9311 9315 9311 9292 9275 9306 9320 9330 9338 9346 9357 9367 9369 9368 9364 9353 9338 9331 9336 9327 9296 9340 9353 9354 9344 9353 9379 9469 9567 9615 9322 9173 9139 9128
7645 7598 7572 7554 7532 7514 7515 7515 7524 7541 7575 7562 7467 7356 7280 7220 7319 7356 7385 7403 7429 7419 7397 7363 7325 7310 7328 7338 7343 7366 7416 7497 7604 7724 7829 7921 8042 8196 8347 8622 8926 9214 9402 9423 9387 9332 9313 9301 9307 9313 9318 9321 9317 9312 9324 9314 9320 9331 9342 9346 9355 9364 9365 9364 9360 9350 9339 9338 9337 9332 9344 9345 9345 9338 9330 9312 9341 9407 9473 9451 9358 9216 9180 9156
7633 7582 7551 7545 7515 7517 7512 7505 7528 7556 7583 7503 7370 7284 7239 7240 7302 7352 7381 7396 7414 7392 7354 7317 7278 7260 7311 7314 7319 7343 7408 7499 7576 7672 7818 7967 8098 8220 8391 8679 9012 9344 9559 9521 9438 9339 9286 9275 9301 9330 9324 9326 9324 9315 9310 9311 9320 9334 9347 9359 9364 9356 9354 9356 9358 9358 9349 9340 9348 9356 9357 9366 9348 9328 9309 9315 9321 9359 9383 9393 9441 9390 9314 9226
7624 7572 7553 7545 7517 7511 7508 7509 7534 7561 7590 7514 7347 7238 7208 7221 7296 7391 7483 7486 7440 7383 7306 7268 7239 7205 7232 7254 7285 7328 7408 7520 7598 7690 7820 7964 8112 8231 8419 8718 9050 9370 9578 9561 9472 9349 9272 9265 9289 9304 9311 9318 9316 9304 9289 9304 9320 9338 9353 9375 9358 9336 9339 9347 9356 9363 9355 9350 9343 9340 9358 9367 9344 9321 9300 9302 9323 9336 9343 9353 9403 9500 9462 9379
7634 7584 7552 7537 7515 7520 7505 7512 7538 7574 7582 7488 7332 7230 7208 7232 7329 7453 7578 7552 7455 7382 7356 7250 7181 7138 7136 7183 7252 7338 7419 7506 7576 7687 7829 7953 8102 8260 8445 8739 9060 9355 9547 9571 9496 9386 9315 9287 9287 9279 9295 9300 9299 9299 9301 9309 9322 9338 9362 9332 9278 9307 9323 9337 9352 9362 9353 9348 9336 9324 9337 9360 9337 9321 9307 9308 9322 9327 9326 9331 9351 9344 9407 9488
7637 7587 7557 7531 7530 7533 7507 7505 7525 7553 7545 7426 7350 7268 7223 7279 7409 7502 7533 7504 7414 7320 7237 7187 7124 7092 7094 7141 7226 7316 7418 7501 7588 7709 7860 8050 8188 8302 8473 8757 9066 9347 9556 9579 9508 9404 9331 9306 9309 9302 9292 9293 9297 9296 9302 9311 9319 9330 9348 9323 9283 9298 9312 9325 9336 9352 9356 9357 9348 9340 9344 9353 9335 9323 9316 9314 9313 9314 9313 9310 9309 9331 9349 9356
7633 7586 7557 7546 7544 7539 7518 7495 7505 7511 7477 7421 7388 7349 7337 7380 7473 7523 7480 7428 7340 7241 7158 7129 7107 7076 7071 7123 7225 7329 7445 7557 7649 7746 7870 8026 8233 8333 8513 8787 9074 9339 9531 9570 9505 9423 9355 9316 9313 9305 9292 9285 9283 9287 9299 9306 9310 9316 9323 9355 9320 9302 9302 9304 9312 9322 9334 9356 9357 9356 9341 9339 9328 9318 9314 9310 9300 9297 9299 9298 9303 9309 9322 9347
7636 7595 7569 7568 7564 7554 7543 7503 7500 7495 7482 7454 7453 7469 7489 7510 7501 7494 7480 7372 7271 7180 7122 7105 7112 7109 7087 7136 7246 7379 7483 7581 7646 7775 7897 8010 8215 8362 8575 8837 9095 9333 9517 9561 9483 9389 9346 9307 9297 9291 9281 9275 9270 9276 9283 9290 9300 9306 9310 9327 9317 9298 9289 9286 9286 9282 9286 9305 9338 9345 9325 9310 9305 9306 9306 9303 9303 9294 9294 9294 9299 9304 9304 9325
7670 7629 7604 7593 7580 7566 7553 7535 7512 7498 7500 7498 7513 7570 7683 7588 7488 7436 7383 7289 7201 7117 7075 7087 7100 7115 7117 7170 7273 7386 7518 7628 7721 7833 7975 8151 8300 8425 8669 8900 9115 9318 9486 9528 9448 9368 9297 9276 9284 9280 9275 9266 9261 9267 9281 9293 9299 9300 9298 9298 9290 9282 9277 9272 9269 9268 9266 9279 9311 9318 9304 9291 9287 9296 9309 9319 9310 9296 9297 9297 9297 9305 9305 9311
7715 7671 7643 7623 7595 7578 7561 7553 7528 7511 7509 7504 7510 7547 7556 7504 7403 7293 7232 7204 7149 7088 7065 7084 7095 7114 7171 7247 7334 7439 7556 7664 7768 7895 8036 8213 8362 8475 8695 8923 9126 9291 9403 9436 9399 9347 9295 9267 9284 9274 9267 9261 9254 9266 9286 9300 9298 9288 9265 9244 9248 9251 9253 9252 9251 9254 9255 9256 9265 9275 9294 9282 9277 9295 9311 9320 9319 9310 9310 9311 9314 9315 9311 9320
7744 7709 7684 7661 7630 7598 7573 7559 7539 7521 7510 7501 7488 7450 7409 7377 7321 7233 7184 7168 7131 7090 7082 7102 7117 7165 7253 7332 7408 7504 7616 7723 7835 7958 8086 8258 8417 8524 8753 8981 9142 9271 9349 9369 9359 9323 9286 9265 9264 9261 9261 9262 9267 9278 9292 9301 9296 9277 9230 9205 9211 9218 9223 9227 9229 9227 9221 9222 9235 9241 9250 9263 9286 9293 9309 9328 9332 9332 9328 9324 9324 9326 9327 9335
7781 7747 7720 7693 7659 7619 7585 7562 7541 7525 7512 7498 7484 7454 7386 7339 7306 7259 7215 7184 7150 7119 7116 7132 7162 7240 7343 7398 7460 7552 7676 7789 7904 8032 8166 8316 8455 8585 8802 9010 9171 9276 9339 9361 9341 9310 9281 9258 9250 9252 9256 9263 9274 9288 9293 9303 9291 9269 9208 9187 9187 9192 9200 9205 9209 9209 9195 9192 9203 9220 9234 9249 9284 9282 9299 9317 9335 9344 9339 9333 9330 9335 9345 9344
7820 7782 7749 7717 7682 7640 7604 7581 7561 7542 7518 7495 7482 7460 7422 7370 7332 7301 7269 7227 7187 7159 7164 7185 7218 7289 7363 7413 7481 7576 7685 7844 7987 8113 8244 8381 8565 8740 8946 9124 9236 9303 9344 9354 9329 9294 9272 9255 9246 9248 9252 9257 9263 9268 9280 9285 9276 9248 9200 9175 9170 9173 9180 9186 9190 9185 9177 9173 9177 9191 9206 9229 9261 9271 9290 9308 9325 9339 9340 9335 9332 9332 9337 9327
7853 7810 7771 7736 7704 7663 7627 7603 7583 7564 7533 7503 7483 7459 7427 7393 7366 7338 7310 7273 7238 7214 7226 7247 7286 7343 7398 7456 7527 7619 7747 7934 8087 8203 8326 8488 8767 9003 9186 9295 9322 9341 9352 9349 9312 9293 9276 9267 9256 9248 9248 9250 9252 9252 9269 9274 9263 9233 9181 9159 9157 9160 9165 9169 9174 9176 9164 9163 9168 9173 9188 9214 9245 9272 9286 9300 9313 9328 9331 9327 9329 9326 9324 9315
7886 7834 7793 7754 7731 7692 7657 7627 7605 7584 7553 7522 7493 7467 7438 7413 7399 7382 7345 7323 7306 7297 7315 7336 7367 7425 7470 7512 7579 7697 7845 8102 8210 8295 8409 8600 8915 9240 9426 9396 9368 9360 9354 9340 9315 9282 9272 9253 9243 9242 9243 9245 9249 9255 9268 9278 9262 9212 9164 9148 9147 9148 9151 9154 9153 9153 9157 9153 9151 9150 9170 9192 9227 9271 9283 9288 9292 9293 9300 9317 9326 9328 9328 9328
7915 7859 7809 7790 7765 7729 7692 7658 7630 7605 7572 7538 7507 7481 7456 7442 7435 7419 7383 7391 7393 7397 7424 7453 7499 7528 7569 7598 7660 7821 8005 8146 8304 8388 8507 8799 9099 9355 9486 9419 9379 9366 9349 9329 9308 9299 9266 9239 9231 9234 9237 9241 9247 9254 9268 9277 9256 9195 9155 9139 9135 9138 9140 9142 9140 9138 9138 9143 9139 9139 9152 9176 9213 9260 9274 9281 9286 9294 9304 9318 9329 9338 9348 9357
7945 7893 7846 7831 7806 7768 7733 7698 7659 7632 7597 7554 7522 7502 7489 7482 7489 7482 7476 7498 7508 7518 7539 7566 7578 7623 7668 7701 7783 7983 8189 8352 8424 8490 8615 8892 9214 9372 9438 9431 9392 9363 9341 9321 9304 9286 9254 9226 9225 9228 9231 9235 9241 9252 9261 9271 9258 9191 9140 9133 9135 9137 9138 9141 9145 9152 9163 9152 9154 9151 9164 9189 9218 9242 9266 9276 9285 9304 9315 9324 9332 9345 9350 9361
7981 7949 7917 7873 7850 7818 7775 7739 7706 7673 7643 7610 7585 7558 7561 7569 7572 7578 7593 7602 7624 7633 7635 7645 7668 7722 7772 7824 7931 8156 8377 8506 8541 8583 8684 8924 9223 9373 9445 9424 9378 9356 9334 9312 9292 9275 9243 9218 9223 9224 9226 9227 9229 9228 9238 9256 9265 9226 9154 9147 9146 9143 9142 9143 9151 9162 9179 9182 9169 9169 9182 9229 9268 9271 9272 9274 9281 9307 9325 9326 9331 9336 9337 9343
8047 8024 8006 7976 7885 7847 7810 7776 7747 7714 7693 7684 7661 7645 7649 7663 7643 7636 7662 7684 7692 7703 7711 7732 7776 7839 7910 7988 8084 8300 8508 8614 8642 8660 8743 8977 9230 9372 9435 9422 9380 9352 9329 9308 9287 9271 9241 9216 9220 9219 9218 9217 9217 9218 9224 9236 9237 9230 9200 9176 9163 9154 9147 9141 9141 9154 9178 9206 9186 9190 9202 9254 9302 9308 9281 9277 9278 9298 9316 9319 9325 9331 9335 9341
