real_craters/C179-500m.grd
DSAA
296 296
-73.6575 73.6575
-73.6575 73.6575
7061.4591716409 10078.120921457
[rows 210 to 239 of 296, columns 134 to 200 of 296]
8948.92 8936.92 8925.97 8913.89 8912.21 8909.29 8906.87 8905.49 8898.4 8898.1 8929.01 8975.97 9021.37 9082.31 9103.56 9109.34 9110.76 9108.82 9101.55 9089.87 9084.81 9085.22 9082.15 9077.13 9081.61 9081.41 9086.84 9085.86 9082.14 9077.48 9083.69 9088.87 9080.72 9038.26 9028.14 9059.67 9087.21 9110.26 9117.56 9097.92 9089.74 9091.6 9088.7 9088.76 9092.89 9097.21 9099.7 9103.94 9109.15 9114.01 9117.28 9118.73 9118.96 9112.67 9129.47 9142.33 9146.19 9152.66 9160.08 9164.6 9167.95 9171.6 9175.2 9179.16 9180.29 9171.29 9164.52
8946.37 8942.93 8938.94 8935.07 8928.33 8919.58 8917.3 8922.69 8919.59 8928.73 8958.63 9000.55 9040 9075.68 9091.91 9100.3 9105.63 9101 9087.46 9079.75 9078.14 9077.71 9075.45 9074.44 9079.43 9087.31 9089.27 9089.75 9088.35 9086.18 9084.56 9083.29 9067.35 9029.05 9024.77 9046.98 9072.93 9094.29 9104.88 9088.32 9077.28 9083.78 9084.78 9085.23 9088.3 9090.89 9094.53 9099.64 9105.8 9109.77 9112.97 9114.54 9117.91 9122.58 9127.58 9129.51 9133.63 9141.42 9151.48 9156.27 9160.19 9163.85 9166.2 9166.5 9162.71 9162.64 9159.62
8942.07 8946.03 8949.83 8953.11 8945.67 8929.75 8918.79 8923.75 8934.6 8954.26 8986.07 9027.6 9068.67 9068.05 9078.15 9092.71 9099.35 9096.61 9086.67 9084.15 9079.26 9077.51 9075.74 9074.9 9077.46 9083.19 9089.59 9092.85 9093.33 9090.64 9081.7 9071.76 9053.56 9017.24 9022.57 9043.2 9062.93 9077.93 9081.66 9075.21 9074.72 9080.4 9079.81 9082.38 9086.64 9090.03 9095 9096.66 9097.73 9103.86 9111.39 9117.67 9122.59 9125.98 9129.74 9124.23 9125.92 9131.15 9138.51 9147.15 9153.11 9156.99 9159.29 9159.04 9156.24 9158.45 9157.14
8942.03 8946.76 8955.9 8963.77 8957.09 8937.94 8920 8923.46 8942.97 8970.1 9005.22 9040.85 9072.73 9073.31 9078.11 9089.36 9095.75 9096.47 9090.96 9081.58 9079.28 9080.24 9077.13 9075.27 9074.97 9077.61 9086.2 9091.7 9092.44 9087.06 9074.75 9060.49 9051.61 9052.48 9043.07 9047.88 9058.53 9069.25 9074.12 9070.65 9071.37 9063.01 9073.56 9080.15 9084.34 9087.45 9091.16 9093.67 9099.02 9103.98 9106.92 9114.96 9123.71 9131.83 9132.39 9132.32 9133.01 9132.83 9127.01 9140.91 9148.4 9153.64 9157.15 9159.29 9161.38 9160.23 9156.57
8933.36 8943.17 8955.93 8967.64 8962.55 8938.43 8923.56 8928.5 8948.59 8975.04 9006.75 9040.45 9066.39 9077.34 9083.46 9089.38 9092.63 9093.57 9088.64 9077.68 9076.32 9078.46 9079.3 9075.19 9070.89 9072.93 9082.49 9086.07 9089.56 9082.86 9067.66 9052.35 9048.58 9053.1 9051.98 9053.15 9058.07 9063.57 9075.94 9066.91 9072.2 9070.03 9071.4 9075.97 9080.41 9084.08 9087.51 9092.55 9096.8 9100.83 9106 9111.91 9121.46 9131.17 9139.24 9142.5 9145.86 9145.37 9145.16 9140.71 9147.12 9151.47 9154.72 9158.31 9165 9159.3 9155.65
8922.91 8936.75 8950.74 8962.54 8959.86 8936.59 8925.82 8934.86 8953.2 8974.58 8999.62 9033.45 9062.3 9077.23 9087.27 9086.17 9087.2 9087.29 9081.71 9075.34 9072.91 9076.04 9082.74 9072.95 9061.8 9050.3 9054.83 9070.94 9075.77 9071.41 9060.28 9049.75 9048.52 9051.08 9054.45 9057.79 9062.68 9066.35 9073.24 9073.83 9072.79 9072.44 9072.99 9074.94 9077.62 9080.84 9084.59 9088.79 9091.02 9094.54 9100.41 9106.57 9115.54 9127.06 9133.13 9136.74 9140.07 9146.69 9151 9149.5 9150.7 9152.32 9153.19 9153.36 9150.18 9151.17 9154.25
8922.73 8933.95 8943.66 8949.02 8944.24 8934.18 8935.15 8947.15 8960.14 8974.45 8992.23 9019.41 9044.53 9062.54 9072.78 9073.74 9075.41 9076.42 9071.28 9067.28 9064.75 9068.36 9071.13 9063.68 9053.71 9044.06 9046.19 9052.93 9054.76 9055.2 9051.81 9049.16 9049.16 9052.12 9055.26 9060.09 9067.46 9078.3 9081.52 9076.29 9071.14 9073.98 9072.12 9073.9 9077.05 9080.25 9082.54 9085.73 9088.17 9091.12 9093.85 9096.78 9106 9118.42 9124.88 9130.16 9134.3 9144.35 9151.23 9155.69 9155.63 9154.87 9153 9151.1 9147.72 9148.53 9152.95
8931.55 8936.71 8942.92 8943.91 8938.38 8949.46 8966.03 8966.54 8970.38 8977.16 8989.22 9011.7 9030.83 9042.2 9047.48 9054.38 9058.06 9059.57 9058.66 9055.69 9052.18 9052.12 9053.89 9052.63 9048.27 9045.05 9043.58 9042.29 9043.53 9043.22 9043.06 9044.56 9047.57 9051.47 9053.96 9058.8 9065.66 9074.49 9076.68 9079.75 9069.87 9065.72 9074.48 9077.03 9078.34 9078.95 9080.17 9082.14 9085.7 9088.03 9089.8 9088.9 9079.41 9100.14 9129.09 9134.28 9137.94 9150.21 9159.52 9162.11 9162.19 9159.37 9156.54 9152.96 9151.53 9152.66 9154.88
8937.24 8943.53 8950.6 8955.41 8959.66 8983.06 8987.9 8982.09 8979.05 8980.22 8986.82 9002.3 9016.93 9024.95 9032.36 9035.58 9039.76 9042.99 9046.84 9046.39 9044.47 9042.8 9042.62 9041.85 9041.86 9042.55 9043.27 9039.34 9036.95 9034.69 9033.75 9035.63 9041.93 9046.95 9049.74 9052.57 9057.8 9065.36 9075.12 9084.47 9086.2 9081.09 9078.72 9078.31 9078.29 9079.13 9079.98 9081.4 9083.53 9086.02 9088.99 9093.04 9102.55 9117.21 9134.82 9136.61 9141.01 9155.5 9165.2 9168.88 9167.01 9164.44 9160.98 9157.26 9153.94 9152.69 9156.85
8944.18 8955.2 8965.6 8977.49 8994.32 9003.67 8999.25 8989.32 8983.58 8982.74 8984.13 8993.28 9003.86 9009.6 9012.21 9017.7 9023.93 9030.46 9039.75 9037.32 9032.59 9029.25 9028.95 9032.04 9035.63 9038.89 9040.73 9035.83 9030.75 9028.8 9026.48 9028.64 9039.59 9044.21 9044.58 9044.58 9045.91 9052.12 9065.25 9075.91 9074.19 9082.92 9080.95 9078.24 9077.85 9077.98 9079.12 9081.1 9083.15 9086.17 9090.88 9098.95 9112.63 9120.97 9127.8 9132.98 9138.34 9150.57 9160.16 9167.64 9168.78 9167.06 9165.83 9162.76 9157.62 9154.04 9162.83
8962.49 8971.71 8981.34 8993.31 9007.83 9011.13 8996.21 8987.97 8985.19 8984.86 8986.68 8990.89 8996.32 8998.13 8998.3 9002.79 9010.68 9021.82 9028.89 9027.96 9028.37 9022.41 9018.77 9023.47 9028.8 9033.57 9037.21 9033.84 9030.02 9027.98 9024.21 9027.19 9039.16 9041.73 9039.63 9036.42 9033.38 9035.29 9051.2 9061.18 9069.14 9075.49 9076.04 9075.67 9075.66 9075.67 9076.71 9079.23 9080.82 9084.04 9088.41 9095.51 9106.51 9111.07 9118.95 9126.81 9131.86 9130.32 9144.47 9160.18 9166.04 9167.84 9168.86 9169.26 9170.26 9173.09 9174.28
8989.13 8990.15 8994.25 9000.42 9005.47 9000.44 8983.86 8984.31 8984.93 8986.13 8991.32 8995.29 8993.09 8990.84 8988.95 8991.92 8998.03 9002.6 9006.82 9014.77 9021.85 9016.09 9012.32 9016.95 9022.87 9027.94 9031.41 9033.97 9033.68 9031.7 9032.24 9034.13 9038.01 9039.28 9036.09 9030.91 9025.53 9026.59 9040.53 9049.66 9057.51 9061.85 9066.99 9069.07 9070.43 9070.39 9072.18 9074.04 9076.73 9080.01 9084.2 9088.4 9093.88 9106.47 9114.65 9121.29 9126.17 9124.17 9133.77 9149.56 9161.21 9167.48 9171.91 9176.35 9181.86 9187.33 9187.83
9010.06 9004.35 9003.26 9003.2 9001.86 8996.03 8987.83 8986.14 8986.14 8986.58 8988.41 8994.96 8988.97 8985.77 8983.09 8985.09 8992.75 8995.42 8995.06 9001.32 9004.43 9005.65 9007.84 9011.83 9017.5 9022.92 9027.52 9031.28 9032.3 9033.72 9038.74 9042.19 9043.04 9039.71 9035.03 9029.41 9023.2 9022.63 9033.14 9040.75 9045.04 9049.59 9057.36 9062.15 9064.72 9067.3 9069.21 9071.82 9074.94 9077.48 9080.56 9083.09 9087.79 9101.89 9110.11 9116.24 9120.09 9118.99 9129.21 9145.91 9158.73 9166.61 9172.9 9179.49 9188.69 9202.19 9196.98
9019.44 9012.34 9008.1 9004.84 9002.12 8999.79 8997.59 8991.63 8988.67 8986.57 8984.07 8980.71 8981.61 8982.4 8982.81 8985.46 8989.4 8991.32 8991.14 8994.59 8993.79 8998.43 9002.38 9008.14 9013.72 9018.7 9022.75 9026.65 9028.18 9031.41 9033.98 9039.43 9043.8 9039.13 9034.73 9030.98 9027.98 9027.15 9031.06 9037.53 9041.61 9045.13 9051.31 9055.84 9059.64 9064.12 9067.54 9070.74 9073.93 9076.99 9080.01 9083.51 9087.64 9092.81 9105.69 9112.84 9115.1 9115.73 9128.51 9143.61 9155.66 9164.09 9169.9 9175.34 9181.64 9187.79 9183.85
9022.13 9015.32 9010.4 9006.02 9001.28 8998.35 8997.22 8994.49 8990.73 8987.34 8983.82 8979.53 8979.16 8981.64 8985.15 8989.68 8991.22 8991.97 8993.39 8995.41 8996.25 8996.57 9001.44 9006.17 9011.03 9015.76 9019.34 9020.11 9024.84 9029.59 9032.29 9034.73 9035.67 9035.55 9033.59 9032.59 9034.26 9033.15 9033 9038.46 9043.7 9044.37 9047.21 9051.27 9055.81 9059.93 9063.66 9067.29 9070.96 9074.73 9079.06 9084.71 9092.57 9101.14 9108.03 9114.56 9118.28 9120.16 9133.49 9146.61 9156.03 9162 9164.13 9165.53 9165.08 9161.93 9158.82
9021.29 9014.87 9010.92 9007.43 9002.77 8997.49 8997.92 8996.17 8993.1 8989 8983.5 8980.55 8979.79 8981.14 8984.45 8988.23 8990.96 8991.99 8994.99 8994.83 8995.11 8996.64 9000.42 9003.91 9008.84 9014.45 9019.12 9021.66 9025.04 9029.93 9033.83 9033.29 9033.04 9033.01 9032.01 9031.22 9032.05 9031.76 9034.08 9040.82 9044.06 9043.61 9043.96 9047.78 9051.46 9055.38 9058.94 9063.05 9067.19 9072 9077.49 9084.81 9095.2 9106.12 9112.27 9119.65 9127.81 9134.6 9143.99 9154.61 9163.42 9160.66 9156.83 9152.91 9148.38 9143.03 9139.95
9018.24 9012.29 9009.45 9008.75 9008.47 8998.37 8996.2 8997.38 8995.78 8991.96 8987.75 8981.97 8979.33 8981.04 8983.25 8982.88 8987.04 8988.77 8987.26 8984.44 8988.56 8994.97 8996.02 8999.85 9006.83 9014.41 9021.53 9025.88 9028.31 9030.73 9032.6 9032.38 9032.52 9032.41 9031.15 9028.26 9026.12 9029.72 9035.05 9041.91 9050.89 9048.32 9044.74 9046.34 9048.44 9050.98 9054.73 9058.58 9062.97 9067.96 9074.19 9081.55 9091.53 9102.76 9113.79 9124.02 9134.17 9148.15 9155.04 9159.29 9162.28 9155.13 9147.2 9139.77 9132.27 9126.14 9122.56
9012.1 9007.99 9005.09 9005.14 9005.59 8997.4 8998.37 9001.57 9000.11 8996.14 8989.26 8981.75 8979.55 8983.12 8986.36 8989.82 8988.77 8987.79 8983.87 8981.46 8988.76 8997.16 8995.41 8997.14 9005.08 9013.76 9024.07 9034.3 9034.29 9031.54 9030.04 9032 9033.27 9033.96 9033.25 9030.76 9024.75 9037.77 9042 9041.75 9041.29 9046.74 9045.92 9045.93 9046.49 9048.39 9051.32 9055.06 9059.59 9065.22 9071.54 9078.79 9089.39 9101.62 9114.23 9127.54 9141.99 9156.13 9159.55 9156.61 9151.18 9144.13 9136.55 9126.13 9115.76 9107.28 9101.66
9006.84 9002.26 8998.67 8994.86 8994.53 8995.04 9000.02 9006.35 9004.99 9002.31 8997.52 8989.43 8985.49 8987.23 8991.55 8993.71 8994.17 8991.3 8987.57 8988.58 8992.89 8998.15 8997.9 8999.23 9003.1 9010.3 9020.99 9033.15 9037.77 9034.93 9033.3 9034.61 9036.91 9037.86 9038.08 9039.32 9042.43 9046.7 9047.42 9046.91 9041.63 9047.04 9046.8 9044.82 9044.04 9045.39 9047.51 9051.07 9055.5 9061.24 9069.24 9079.17 9088.19 9099.83 9113.23 9127.3 9142.33 9154.21 9156.56 9150.41 9140.88 9133.97 9125.19 9113.08 9100.16 9086.89 9075.73
9000.01 8996.61 8994.16 8988.83 8988.66 8993.26 8998.68 9006.69 9007.97 9008.02 9006.16 8996.29 8990.42 8991.48 8996.8 9005.94 9005.09 8995.2 8990.1 8989.43 8989.28 8995.7 8997.55 8998.49 8999.41 9004.28 9012.43 9026.93 9037.25 9042.12 9043.59 9046.54 9044 9042.94 9042.82 9044.05 9045.96 9041.59 9045.09 9045.12 9044.19 9047.94 9045.23 9041.74 9040.66 9042.05 9043.92 9047.22 9051.14 9056.08 9063.46 9076.73 9085.39 9097.49 9110.52 9123.64 9135.4 9146.76 9147.91 9143.04 9137.06 9128.98 9116.69 9101.9 9086.07 9070.13 9057.24
8994.74 8992.94 8992.91 8997.64 9005.23 8998.7 8996.53 9003.98 9009.05 9010.9 9008.61 8999.87 8993.21 8993.16 8997.48 9002.67 9002.24 8993.73 8987.02 8985.5 8990.34 8992.73 8991.17 8990.18 8994.17 8999.1 9004.17 9021.69 9043.13 9048.16 9048.12 9050.02 9048.26 9047.27 9046.32 9044.04 9041.09 9040.11 9042.78 9042.36 9037.92 9036.95 9035.43 9034.21 9035.84 9038.74 9041.53 9044.61 9047.6 9050.62 9053.55 9061.33 9081.36 9094.44 9106.1 9118.62 9132.03 9134.99 9133.3 9132.59 9131.23 9123.84 9109.04 9093.03 9076.65 9060.86 9047.21
8989.33 8988.11 8989.42 8995.3 9006.64 9000.59 8998.28 9005.07 9009.56 9011.98 9009.75 9001.98 8994.03 8993.85 8995.3 8994.72 8993.53 8990.44 8983.56 8985.06 9001.62 8994.64 8987.98 8986.62 8992.15 8999.18 9006.1 9026.98 9050.92 9047.75 9044.85 9043.62 9048.88 9050.86 9050.99 9048.03 9043.82 9042.03 9039.69 9037.7 9033.34 9030.16 9028.19 9027.88 9032.67 9036.52 9039.5 9042.13 9044.5 9047.27 9050.5 9057.29 9078.56 9090.23 9099.56 9108.86 9122.17 9121.33 9117.91 9119.26 9120.1 9115.06 9100.57 9085.26 9070.45 9056.42 9045.87
8985.95 8983.72 8983.07 8984.41 8992.39 8994.59 8996.51 9002.09 9008.09 9014.47 9013.25 9004.97 8997.81 8995.24 8995.23 8994.86 8996.51 8992.26 8986.58 8987.36 9000 8993.88 8987.09 8986.84 8994.76 9005.3 9016.83 9028.38 9039 9040.55 9045.89 9050.04 9051.91 9054.25 9056.59 9057.46 9050.89 9042.88 9039.94 9037.3 9034.79 9034.96 9034.62 9031.03 9033.7 9036.49 9038.75 9041.02 9043.32 9046.46 9052.65 9063.88 9076.67 9085.47 9092.56 9097.5 9105.19 9106.5 9103.13 9104.66 9105.29 9101.09 9090.07 9077.35 9064.83 9053.78 9045.56
8984.4 8980.32 8976.85 8976.51 8978.13 8986.91 8993.17 8995.99 9004.66 9014.58 9014.69 9006.01 8998.96 8995.35 8997.86 9000.52 8999.5 8995.55 8996.27 8998.02 8997.92 8991.36 8986.52 8991.51 9000.04 9012.1 9025.9 9029.42 9029.39 9038.73 9046.57 9052.62 9053.25 9055.7 9059.77 9064.46 9056.67 9047.41 9043.97 9041.44 9039.6 9040.78 9044.51 9038.15 9038.2 9038.58 9039.7 9041.04 9042.94 9045.39 9049.15 9058.37 9071.11 9080.71 9088.36 9092.2 9093.85 9094.52 9091.42 9092.03 9091.99 9088.61 9080.39 9070.58 9060.49 9050.64 9044.19
8985.83 8980.87 8974.33 8963.53 8970.28 8984.54 8994.18 8995.62 9003.01 9013.28 9014.54 9007.37 8995.96 8998.39 9003.71 9001.52 8991.66 8993.82 9002.31 9004.61 8998.61 8993.11 8990.68 8994.95 9002.54 9014.11 9026.75 9029.66 9029.5 9035.24 9042.34 9047 9049.72 9052.89 9056.86 9060.94 9054.9 9049.19 9047.98 9045.82 9044.19 9042.33 9043.87 9047.09 9042.42 9040.15 9040.13 9041.12 9043.29 9045.59 9048.02 9054.39 9065.33 9078.11 9087.25 9094.97 9096.75 9093.19 9086.25 9087.29 9085.44 9078.02 9073.91 9066.53 9057.09 9046.91 9037.53
8988.9 8986.53 8985.17 8986.29 8987.56 8988.13 8991.43 8993.14 9001.33 9015.86 9017.1 9012.5 9008.91 9009.31 9013.63 9013.04 8994.15 8995.06 9000.56 9001.19 8997.46 8997.26 8999.72 8998.54 9002.57 9012.41 9023.09 9031.05 9036.8 9034.21 9037.9 9040.92 9043.58 9046.95 9050.28 9051.94 9053.31 9050.82 9048.47 9048.37 9050.2 9055.65 9045.98 9043.16 9041.06 9039.66 9039.63 9041.39 9044.49 9048.51 9052.83 9059.01 9068.05 9078.56 9087.54 9093.45 9096.72 9096.48 9097.03 9094.82 9088.31 9080.35 9074.48 9066.27 9055.88 9044.49 9032.78
8992.68 8992.78 8995.6 8997.43 8993.8 8989.92 8988.46 8989.93 8998.71 9013.8 9017.45 9016.24 9014.81 9015.21 9018.21 9018.1 9008.54 9002.9 9000.28 8999.27 8995.89 8997.53 8999.99 8999.49 9001.8 9009.85 9019.92 9031.71 9040.19 9036.87 9032.64 9032.98 9036.43 9040.21 9043.87 9049.22 9053.58 9051.84 9047.99 9048.41 9049.4 9050.84 9042.89 9039.41 9038.34 9037.94 9039.56 9042.5 9046.67 9052.41 9060.39 9066.79 9074.94 9083.69 9090.13 9091.05 9095.64 9097.96 9103.06 9101.92 9094.52 9089.62 9079.97 9068.69 9056.78 9044.59 9032.77
8994.91 8995.74 8998.99 8998.04 8993.05 8988.62 8985.55 8986.49 8994.88 9009.49 9015.12 9017.51 9018.57 9017.68 9012.95 9010.06 9009.07 9005.99 9001.77 8996.57 8995.18 8994.86 8997.28 8998.83 9004.18 9010.31 9017.95 9030.89 9042.57 9037.69 9019.49 9024.83 9030.06 9033.94 9037.02 9042.93 9053.24 9053.37 9050.29 9047.6 9044.13 9038.48 9038.17 9036.98 9033.96 9035.13 9038.38 9042.7 9048.01 9054.68 9062.94 9073.42 9082.5 9090.58 9097.27 9100.03 9097.93 9098.16 9100.39 9099.17 9096.28 9090.77 9082.57 9071.43 9059.38 9047.38 9036.34
8995.53 8995.39 8995.72 8994.04 8990.89 8986.67 8982.89 8983.46 8990.88 9003.29 9011.79 9016.91 9019.55 9016.75 9006.33 9002.9 9007.03 9006.3 8999.77 8997.07 8995.84 8991.31 8986.8 8995.24 9012.64 9017.02 9020.91 9027.63 9033.98 9036.65 9026.11 9024.42 9027.07 9029.77 9031.15 9033.26 9040.95 9049.44 9050.94 9045.56 9040.7 9034.62 9038.67 9035.64 9029.32 9031.69 9036.14 9041.76 9048.5 9056.45 9066.01 9078.39 9088.96 9098.09 9104.24 9101 9097.67 9099.34 9098.35 9096.63 9096.97 9093.69 9085.39 9073.12 9061.2 9050.56 9041.22
8995.65 8994.25 8993.3 8992.44 8990.2 8985.48 8980.83 8980.97 8989.9 9001.37 9009.14 9015.5 9019.77 9019.99 9004.79 9001.31 9004.98 9005.53 9004.37 9001.21 8999.37 8992.38 8982.13 8990.19 9016 9026.24 9026.42 9023.27 9020.6 9028.49 9028.05 9025.3 9026.48 9028.48 9028.95 9024.39 9022.66 9034.52 9040.89 9039.81 9039.53 9039.72 9039.13 9032.66 9027.86 9029.74 9034.4 9040.63 9048.33 9057.47 9069.1 9082.24 9093.31 9104.57 9113.28 9097.97 9100.46 9101.01 9102 9101.69 9098.83 9094.23 9085.23 9072.15 9060.75 9052.19 9046.08
