real_craters/C179-300m.grd
DSAA
492 492
-73.6575 73.6575
-73.6575 73.6575
7062.1431280308 10077.762076732
[rows 420 to 449 of 492, columns 201 to 267 of 492]
8933.26 8935.58 8937.56 8938.85 8940.15 8947.92 8955.31 8961.36 8967.24 8974.92 8981.79 8984.99 8984.28 8984.19 8983.61 8984.41 8988.36 8992.19 8995.65 8998.5 9001.14 9003.86 9007.21 9011.81 9016.89 9019.05 9019.58 9019.52 9019.11 9018.21 9016.82 9014.93 9012.55 9009.36 9004.13 8997.41 8991.56 8989.67 8990.02 8992.42 8996.15 9000.24 9004.4 9008.82 9013.8 9018.66 9022.74 9024.89 9024.48 9022.41 9019.93 9017.22 9016.72 9018.53 9023.04 9028.15 9033.48 9038.84 9043.81 9046.57 9049.27 9053.76 9049.63 9033.12 9031.11 9034.34 9029.5
8933.56 8935.46 8937.25 8939.53 8943.31 8950.09 8957.8 8964.34 8969.17 8975.79 8982.65 8985.09 8980.91 8981.66 8983.04 8984.92 8987.19 8989.7 8993.39 8996.07 8998.25 9000.42 9003.1 9006.93 9012.06 9014.74 9016.37 9017.48 9018.11 9018.33 9018.02 9017.35 9016.23 9014.31 9009.37 9001.92 8995.76 8993.34 8993.62 8995.79 8998.7 9002.01 9005.43 9009.69 9014.84 9020.18 9024.89 9026.93 9025.7 9023.19 9020.7 9018.02 9016.2 9016.61 9020.82 9026.33 9032.42 9038.54 9043.43 9044.25 9040.95 9039.26 9014.99 9001.73 9022.27 9043.79 9040.07
8934.48 8936.03 8937.87 8941.03 8946.16 8953.21 8960.85 8966.95 8969.97 8975.91 8982.1 8983.48 8980.34 8980.58 8982.6 8986.09 8986.96 8989.23 8992.23 8993.91 8995.11 8996.48 8998.33 9001.02 9004.52 9009.37 9012.65 9015.06 9016.98 9018.3 9019.05 9019.49 9019.32 9017.79 9013.19 9006.4 8999.86 8997.59 8998.35 9000.02 9002.24 9004.82 9007.3 9010.48 9016.09 9021.61 9026.15 9028.33 9027.16 9024.41 9021.76 9019 9015.77 9015.68 9018.67 9023.75 9030.06 9036.62 9042.35 9040.07 9025.36 8998.9 8967.24 8966.92 9010.82 9050.38 9046.85
8935.89 8936.99 8938.27 8942.49 8948.99 8956.18 8963.52 8969.41 8970.5 8975.57 8980.53 8981.33 8979.59 8979.11 8980.15 8981.94 8984.63 8988.88 8991.67 8991.44 8991.61 8992.26 8993.56 8996.81 9001.2 9005.48 9009.47 9012.99 9015.94 9018.41 9020.33 9021.67 9022.24 9021.69 9017.5 9011.47 9005.5 9003.46 9003.87 9005.21 9007.62 9008.97 9010.61 9013.48 9018.14 9023.11 9027.79 9030.08 9028.46 9025.13 9021.13 9017.55 9014.27 9013.39 9015.51 9020.15 9026.22 9032.7 9037.98 9036.84 9023 8991.27 8962.05 8960.04 9005.41 9045.95 9046.17
8937.31 8938.55 8940.46 8945.35 8951.94 8958.57 8965.19 8970.66 8972.19 8975.81 8980.24 8979.31 8977.11 8976.74 8976.88 8977.5 8980.12 8984.62 8987.46 8987.31 8987.57 8988.12 8988.73 8992.22 8997.79 9002.19 9006.79 9010.44 9014.49 9017.91 9020.83 9023.09 9024.5 9025.01 9022.1 9017.82 9013.62 9012.1 9013.64 9015.32 9014.82 9014.2 9014.66 9016.98 9020.78 9025.27 9029.09 9030.99 9028.47 9024.32 9019.77 9015.56 9012.07 9009.29 9011.16 9015.82 9021.29 9026.95 9032.12 9035.45 9036.63 9031.53 8997.03 8980.98 9011.45 9037.57 9041.97
8937.86 8939.81 8942.98 8948.07 8954.24 8960 8965.65 8970.05 8972.14 8975.21 8979.78 8977.51 8975.19 8974.52 8973.85 8973.38 8974.72 8977.02 8979.49 8981.59 8983.18 8984.63 8986.14 8989.41 8993.9 8998.56 9003.69 9010.25 9015.35 9020.09 9023.86 9026.4 9027.49 9027.61 9027.15 9025.15 9022 9020.54 9023.25 9025.59 9021.66 9019.3 9017.64 9019.63 9023.97 9027.52 9029.92 9030.32 9027.5 9023.33 9018.59 9014.16 9010.16 9007.09 9007.77 9011.31 9015.82 9020.45 9024.69 9029.99 9042.24 9052.1 9030.32 9029.76 9023.9 9033.91 9039.03
8936.93 8939.6 8943.74 8950.08 8955.47 8960.08 8965.32 8970.27 8972.07 8973.67 8975.59 8976.33 8974.51 8972.93 8971.46 8970.34 8970.51 8971.85 8973.36 8976.16 8978.99 8981.57 8984.09 8986.66 8990.33 8996.06 9002.55 9008.97 9015.83 9021.55 9026.49 9030.2 9031.8 9032.07 9033.99 9034.09 9032.19 9029.94 9030.4 9028.85 9025.89 9024.8 9024.59 9025.56 9028.4 9030.85 9031.55 9029.24 9025.57 9023.22 9018.84 9013.92 9009.39 9005.27 9004.69 9007.64 9011.12 9014.67 9017.75 9022.57 9033.36 9038.26 9029.88 9014.91 9022.4 9030.85 9035.89
8934.13 8937.38 8943.06 8950.54 8953.87 8957.76 8963.43 8969.44 8972 8973.32 8977.48 8975.17 8973.67 8971.67 8969.43 8967.5 8966.61 8967.03 8968.43 8971.63 8975.2 8978.64 8981.02 8981.98 8985.94 8993.19 9000.79 9008.36 9015.85 9022.87 9029.26 9035.15 9038.68 9040.57 9042.76 9044.16 9045.17 9045.56 9039.9 9029.1 9030.87 9030.77 9029.72 9031.52 9034.03 9035.68 9035.79 9034.83 9033.53 9027.37 9020.69 9014.74 9009.37 9005.5 9004.13 9004.11 9005.97 9008.68 9011.83 9015.93 9023.03 9026.84 9022.69 9018.15 9020.84 9027.15 9031.71
8929.17 8932.89 8937.95 8945.24 8947.15 8952.07 8958.68 8965.96 8970.44 8971.49 8974.16 8974.57 8973.3 8970.75 8967.62 8964.44 8962.23 8962.83 8964.8 8967.47 8971.55 8976.12 8978.95 8977.07 8982.1 8990.64 8998.93 9007.14 9015.54 9023.63 9032.04 9039.29 9046.51 9049.92 9050 9052.21 9056.3 9054.97 9056 9046.79 9045.28 9038.54 9033.17 9037.24 9040.58 9041.38 9040.85 9040.02 9038.22 9031.56 9023.92 9015.99 9009.16 9004.18 9000.92 8999.8 9001 9003.39 9006.45 9009.45 9015.32 9018.78 9018.14 9017.48 9019.53 9023.75 9027.5
8924.66 8927.79 8929.49 8931.05 8936.62 8944.45 8951.55 8958.78 8964.06 8966.22 8970.78 8975.55 8973.43 8969.88 8966.14 8962.45 8959.44 8959.19 8959.67 8962.46 8967.3 8973.05 8977.7 8978.21 8981.95 8989.15 8997.28 9005.87 9014.66 9023.31 9031.78 9040.76 9049.49 9052.32 9050.84 9052.48 9061.39 9086.48 9064.51 9064.97 9051.91 9045.74 9043.83 9048.93 9048.9 9047.04 9044.86 9042.16 9040.75 9033.58 9025.53 9016.59 9008.05 9000.66 8995.4 8994.26 8995.51 8998.1 9001.47 9005.67 9008.78 9011.57 9013.35 9014.57 9016.55 9019.26 9022.17
8924.15 8926.15 8924.87 8921.8 8930.26 8938.87 8944.58 8948.6 8953.02 8959.49 8968.16 8974.37 8971.79 8968.03 8964.47 8961.27 8958.64 8956.21 8954.65 8957.15 8962.22 8968.29 8973.6 8977.21 8981.07 8987.75 8995.74 9004.27 9013.11 9021.64 9029.74 9038.14 9045.17 9046.46 9043.42 9040.59 9038.58 9029.64 9017.04 9000.04 9009.62 9051.62 9078.69 9064.52 9055.59 9050.52 9047.2 9044.34 9040.81 9033.93 9026.49 9016.56 9006.71 8997.59 8990.77 8989.24 8990.7 8993.51 8997.01 9000.24 9002.23 9006.02 9009.65 9011.91 9013.78 9015.34 9015.95
8928.16 8929.86 8930.24 8929.86 8934.32 8938.96 8940.55 8939.55 8939.76 8952.66 8963.54 8968.44 8966.73 8964.33 8961.91 8959.67 8957.67 8954.49 8951.99 8953.2 8956.62 8961.44 8967.07 8972.49 8977.66 8985.3 8993.61 9002.28 9010.91 9018.97 9026.22 9032.11 9035.97 9036.23 9031.98 9023.79 9009.63 8985.85 8974.48 8969.76 8984.73 9029.39 9064.26 9059.51 9053.57 9050.18 9047.51 9044.52 9038.98 9033.13 9025.87 9016.39 9005.91 8995.58 8987.03 8985.63 8987.61 8990.51 8993.81 8997.44 9001.96 9004.69 9007.51 9010.07 9011.88 9012 9012.23
8933.68 8936.8 8940.93 8943.95 8944.99 8944.04 8941.49 8936.71 8931.62 8944.32 8953.82 8958.45 8959.43 8959.41 8958.6 8957.34 8955.9 8952.36 8949.6 8950.17 8951.16 8952.67 8957.13 8964.41 8973.17 8982.41 8991.27 8999.61 9008.18 9014.95 9022.02 9026.47 9028.82 9027.54 9021.91 9011.46 8995.88 8977.41 8966.35 8964.49 8975.01 8997.55 9019.48 9038.68 9044.92 9046.46 9045.95 9043.69 9039.49 9034.8 9026.96 9016.72 9005.77 8995.38 8987.34 8984.82 8985.94 8988.58 8991.58 8994.91 8999.27 9003.2 9005.67 9007.61 9008.16 9007.52 9008.66
8937.89 8943.34 8949.79 8955.27 8955.57 8951.07 8946.96 8943.1 8939.51 8934.47 8939.53 8946.32 8952.17 8954.85 8955.54 8954.79 8952.9 8949.68 8946.63 8947.11 8948.01 8948.11 8952.47 8960.1 8970.99 8979.95 8988.85 8995.94 9004.1 9012.84 9019.61 9023.63 9024.97 9023.13 9017.29 9007.21 8994.07 8980.35 8971.17 8970.23 8977.99 8990.55 9008.57 9025.78 9036.76 9041.71 9043.44 9041.89 9038.66 9036.03 9028.15 9016.8 9005.77 8995.96 8988.68 8985.32 8985.52 8987.61 8990.36 8993.76 8998.7 9002.17 9004.19 9005.28 9005.31 9005.27 9006.36
8941.13 8947.96 8954.85 8959.35 8959.63 8956 8953.34 8952.1 8952.39 8944.12 8939.38 8943.18 8949.3 8952.84 8954.18 8953.59 8951.54 8948.68 8946.06 8946.61 8949.06 8951.8 8957.27 8963.52 8970.97 8977.66 8985.87 8995.09 9003.03 9010.88 9017.85 9023.92 9025.59 9022.61 9016.95 9008.68 8998.44 8987.82 8980.49 8979.57 8984.09 8994.47 9009.47 9023.11 9031.37 9036.39 9039.7 9043.28 9038.19 9036.03 9026.53 9014.99 9004.74 8995.89 8988.56 8985.21 8986.05 8987.69 8989.82 8992.49 8997.44 9001.87 9003.3 9003.83 9004.38 9004.01 9005.56
8945.08 8950.81 8957.39 8958.62 8958.22 8958.3 8958.04 8958.29 8958.58 8952.32 8950 8948.79 8951.32 8953.69 8954.86 8954.47 8953.12 8950.73 8947.86 8947.82 8951.11 8957.61 8960.71 8964.75 8970.67 8978.81 8986.87 8994.18 9001.56 9008.45 9015.3 9022.26 9026.8 9023.07 9019.56 9015.03 9008.77 9000.48 8992.96 8995 8995.66 9005.22 9020.12 9028.04 9031.34 9032.78 9033.38 9033.47 9028.83 9025.34 9018.79 9010.3 9002.22 8995.59 8990.46 8988.19 8988.14 8988.96 8990.39 8992.32 8997.84 9002.34 9002.82 9002.49 9001.88 9002.22 9004.91
8947.44 8951.48 8955.33 8957.58 8958.39 8960.08 8960.93 8961.65 8962.44 8961.31 8957.14 8955.2 8955.84 8956.98 8957.45 8957.32 8956.25 8953.93 8951.4 8950.34 8951.52 8952.87 8955.59 8962.29 8970.96 8978.95 8987.38 8994.56 9001.5 9007.17 9011.76 9015.26 9018.31 9021.41 9022.48 9022.81 9023.02 9021.78 9015.72 9027.67 9024.54 9047.63 9042.8 9034.73 9030.18 9026.92 9023.6 9019.16 9013.8 9010.05 9007.67 9003.28 8998.7 8994.95 8992.85 8992.04 8990.91 8991.02 8992.03 8993.82 8999.17 9002.64 9002.65 9001.88 9000.58 9002.06 9004.27
8949.59 8951.55 8953.71 8957.56 8960.64 8961.56 8962.28 8962.96 8963.66 8964.11 8961.36 8960.36 8960.45 8960.94 8961.49 8961.7 8961.28 8959.62 8956.55 8954.32 8953.92 8954.66 8957.41 8963.33 8972.13 8980.21 8988.17 8995.39 9001.78 9006.58 9009.29 9009.98 9014.36 9020.97 9025.72 9030.5 9037.47 9051.14 9080.06 9073.24 9086.99 9084.19 9052.62 9034.9 9025.03 9019.28 9014.49 9008.03 9003.34 8999.78 8998.34 8996.55 8994.59 8993.15 8992.85 8993.34 8992.65 8992.87 8994.13 8996.24 8999.49 9002.17 9003.31 9003.13 9003.43 9005.41 9004.97
8950.83 8952.34 8954.64 8957.72 8960.33 8961.66 8962.2 8962.26 8962.33 8964.07 8965.07 8964.82 8964.62 8964.88 8965.54 8966.42 8967.06 8967.27 8962.63 8959.07 8957.81 8958.28 8962.13 8967.42 8974.72 8982.49 8990.21 8997.2 9003.38 9008.13 9011.15 9011.44 9016.36 9022.87 9028.41 9034.41 9042.7 9055.57 9069.24 9061.24 9044.96 9031.8 9030.15 9023.04 9016.46 9011.33 9007.36 9004.46 8998.66 8993.39 8991.05 8990.6 8990.38 8990.44 8991.07 8992.18 8992.9 8994.39 8996.48 8998.44 9001.22 9003.96 9005.87 9006.36 9006.84 9009.39 9009.47
8951.21 8952.73 8955.19 8958.17 8960.44 8961.91 8962.04 8961.44 8960.59 8962.51 8966.82 8968.12 8968.09 8968.57 8969.54 8970.78 8971.86 8971.93 8968.59 8965 8962.3 8961.91 8966.08 8971.73 8978.38 8985.76 8993.02 8999.85 9006.43 9011.83 9016.26 9021.54 9023.71 9026.79 9030.71 9034.86 9038.86 9040.69 9034.66 9026.94 9012.73 9002.1 9007.82 9008.12 9005.21 9001.28 8997.15 8994.8 8993.08 8986.84 8985.04 8985.58 8986.5 8987.52 8988.5 8989.64 8992.33 8995.95 8999.57 9002.99 9006.03 9008.71 9010.34 9011.51 9012.61 9014.12 9015.96
8951.42 8952.65 8955.45 8959.15 8962.19 8963.21 8962.43 8961.48 8961.3 8963.47 8968.26 8969.68 8970.08 8971.24 8972.72 8974.41 8976.02 8976.62 8974.41 8970.93 8967.87 8966.88 8970.4 8976.61 8983.02 8989.87 8997.05 9003.77 9010.1 9016.23 9021.33 9026.36 9028.54 9030.06 9031.82 9033.2 9033.26 9029.84 9022.43 9013.33 9002.92 8996.06 8996.03 8996.58 8995.23 8991.92 8987.9 8987.43 8989.27 8983.31 8980.85 8981.99 8983.71 8985.49 8987.1 8988.91 8992.79 8997.93 9003.02 9007.61 9010.75 9013.27 9015.51 9017.29 9018.89 9020.16 9021.03
8951.67 8954.12 8956.94 8960.22 8963.35 8964.04 8962.54 8961.29 8961.52 8963.66 8965.69 8968.2 8970.68 8972.88 8975.1 8977.27 8979.31 8981.04 8979.9 8977.38 8975.44 8974.2 8977.33 8982.69 8987.8 8994.16 9001.77 9008.44 9014.95 9021.06 9025.78 9029.42 9031.38 9032.47 9032.64 9031.85 9029.46 9024.34 9016.7 9007.3 8999.06 8991.11 8990.51 8989.37 8987.63 8985.6 8983.75 8983.62 8984.99 8979.55 8977.8 8979.82 8982.38 8984.96 8987.41 8990.16 8994.51 9000.33 9006.13 9011.8 9014.67 9017.97 9020.43 9023.25 9026.03 9028.35 9026.31
8949.95 8953.71 8957.42 8960.82 8963.45 8963.96 8962.15 8959.98 8960.25 8963 8964.94 8967.29 8971.04 8974.06 8976.81 8979.37 8981.66 8983.3 8983.76 8983.55 8982.43 8982.06 8984.74 8989.55 8994.7 9000.75 9007.09 9012.59 9018.97 9025.49 9030.48 9033.89 9035.52 9034.12 9032.82 9030.78 9027.51 9022.63 9016.74 9011.02 9004.98 8996.3 8988.47 8986.06 8983.19 8981.46 8980.93 8979.84 8978.92 8976.24 8976.67 8979.21 8982.35 8985.7 8989.19 8992.84 8997.62 9003.27 9008.61 9012.93 9016.62 9019.78 9023.74 9028.57 9032.09 9033.97 9031.87
8949.9 8952.08 8957.1 8961.11 8964.18 8965.01 8961.8 8957.59 8956.06 8962.49 8965.94 8968.64 8971.9 8975.12 8978.21 8981.14 8983.75 8985.86 8987.68 8989.88 8990.9 8991.08 8992.9 8996.63 9001.31 9006.89 9012.66 9018.48 9024.48 9030.08 9034.81 9037.78 9038.59 9038.1 9036.55 9033.91 9030.26 9025.32 9019.98 9013.96 9009.31 8995.6 8987.97 8983 8980.02 8978.24 8976.85 8976.68 8975.8 8976.77 8977.82 8979.76 8983.4 8987.49 8991.89 8996.81 9001.92 9006.55 9011.15 9015.41 9018.11 9020.54 9025.67 9031.52 9034.57 9033.98 9031.78
8950.79 8954.28 8957.75 8961.22 8964.2 8965.19 8962.11 8957.72 8956.51 8961.69 8966.03 8970.4 8972.94 8976.03 8979.42 8982.83 8986.09 8988.87 8991.48 8995.19 8997.99 8997.77 8999.53 9002.94 9006.87 9012.13 9017.53 9023.01 9028.44 9033.93 9038.77 9041.17 9040.96 9039.88 9037.94 9035.19 9031.89 9027.55 9022.26 9015.21 9006.16 8996.33 8987.67 8981.95 8978.47 8976.62 8976.25 8976.12 8976.02 8975.11 8975.68 8980.32 8985.15 8989.81 8994.71 9000.12 9005.44 9009.58 9013.19 9016.47 9019.97 9022.97 9027.14 9032.23 9035.46 9036.74 9036.45
8951.11 8956.42 8957.91 8960.61 8963.49 8965.24 8962.9 8960.58 8960.72 8963.31 8966.02 8969.83 8973.27 8976.84 8980.59 8984.51 8988.36 8992.39 8996.37 8999.31 9001.66 9002.89 9005.1 9008.67 9012.1 9016.61 9021.64 9026.69 9031.46 9036.28 9040.29 9042.51 9042.47 9041.61 9039.88 9037.33 9034.15 9030.55 9025.53 9019.31 9008.4 8996.23 8986.77 8980.86 8977.16 8975.28 8975.33 8976.95 8977.95 8975.97 8977.28 8983.33 8988.19 8992.71 8997.38 9002.3 9007.44 9011.98 9016.99 9020.31 9022.36 9024.26 9027.77 9032.66 9036.01 9038.97 9040.63
8947.6 8951.72 8955.4 8958.61 8961.45 8963.48 8962.15 8960.85 8961.57 8963.06 8964.58 8968.8 8973.18 8977.35 8981.55 8985.87 8990.4 8995.11 8999.68 9002.49 9006.18 9008.34 9010.33 9013.33 9016.43 9020.54 9024.86 9029.44 9033.91 9037.84 9040.25 9042.58 9043.4 9043.14 9041.92 9040.04 9037.64 9034.38 9029.54 9022.99 9011.83 8997.19 8986.23 8980.45 8976.13 8973.98 8975.18 8978.78 8981.98 8984.36 8987.3 8989.08 8992.32 8996.05 8999.87 9003.79 9008.02 9013.05 9018.6 9022.34 9024.73 9027 9029.54 9032.25 9035.19 9037.87 9040.29
8938.22 8944.38 8952.42 8956.33 8958.55 8959.74 8959.36 8959.22 8961.37 8963.47 8965.05 8969.07 8973.43 8977.85 8982.33 8986.95 8991.77 8996.69 9001.52 9004.17 9008.1 9013.1 9014.17 9016.75 9020.18 9023.45 9027.78 9032.04 9035.96 9039.28 9041.85 9043.75 9044.63 9044.72 9043.79 9042.46 9040.79 9037.94 9033.72 9027.99 9017.48 9001.63 8989.03 8981.89 8976.2 8972.53 8974.8 8982.2 8987.48 8990.05 8992.18 8994.24 8996.83 8999.74 9002.68 9005.44 9008.32 9013.57 9019.21 9023.58 9026.78 9029.26 9030.92 9032.42 9034.44 9035.97 9038.84
8944.03 8949.14 8952.23 8954.87 8955.79 8955.26 8956.26 8958.58 8961.87 8964.62 8966.57 8969.82 8974.01 8978.51 8983.13 8987.8 8992.58 8997.12 9001.09 9003.39 9007.78 9011.72 9015.56 9018.63 9022.2 9025.91 9029.94 9033.9 9037.58 9040.62 9043.42 9045.11 9046.07 9046.25 9046.32 9045.1 9043.79 9041.48 9038.11 9033.07 9022.6 9007.7 8995.23 8985.57 8978.48 8973.29 8976.93 8986.6 8992.79 8995.13 8996.49 8998.98 9001.38 9003.71 9005.94 9008.18 9010.69 9015.45 9020.92 9025.03 9028.65 9031.9 9034.04 9033.43 9034.93 9035.88 9037.62
8947.27 8949.67 8953.39 8954.87 8954.89 8954.2 8955.55 8959.33 8962.67 8965.27 8967.64 8970.74 8974.74 8979.03 8983.56 8988.19 8992.86 8997.33 9000.87 9002.47 9007.28 9012.47 9016.17 9019.73 9023.44 9027.2 9031.06 9034.92 9038.41 9041.39 9043.76 9045.89 9047.32 9048.04 9048.29 9047.66 9046.47 9044.57 9041.32 9036.37 9025.37 9011.72 8999.24 8990.25 8983.36 8980.31 8984.2 8992.37 8998.27 9001.02 9002.53 9004.37 9006.13 9007.65 9009.4 9011.62 9014.7 9018.38 9022.41 9026.13 9029.93 9033.56 9035.88 9034.49 9036.53 9038.32 9037.48
