real_craters/C179-1000m.grd
DSAA
85 85
-42.09 42.09
-42.09 42.09
7935.0616674432 10366.234646792
[rows 30 to 59 of 85, columns 0 to 66 of 85]
9774.22 9810.79 9903.08 9915.75 9933.38 9953.88 9976.43 9974.52 9839.47 9753.72 9776.1 9770.71 9748.05 9741 9769.06 9728.2 9697.83 9683.81 9830.1 9882.29 9876.57 9875.33 9851.02 9846.4 9797.51 9814.85 9836.13 9834.75 9887.82 9944.48 9733.25 9545.73 9370.39 9197.2 9034.53 8877.55 8847.15 8790.82 8794.47 8765.56 8732.74 8739.69 8751.02 8755.67 8756.15 8744.12 8801.93 8950.54 9163.9 9229.78 9168.94 9122.64 9138.13 9106.82 9339.04 9614.42 10019.9 9948.43 9806.65 9751.58 9724.14 9787.67 9806.97 9763.95 9817.57 9809.83 9759.23
9790.15 9800.61 9862.35 9913.36 9950.3 9974.59 9986.21 9959.2 9871.24 9756.35 9740.65 9755.28 9771.4 9750.14 9733.04 9732.62 9733.4 9745.46 9823.56 9884.31 9931.48 9951.45 9832.69 9753.33 9753.12 9821.42 9894.79 9903.16 9787.42 9655.62 9395.09 9306.98 9191.97 9030.36 8871.5 8792.23 8788.45 8717.69 8694.89 8675.89 8687.41 8719.06 8711.1 8680.5 8662.76 8643.44 8617.5 8727.59 8845.78 8978.16 9059.7 9032.76 8991.43 9127.21 9213.09 9404.95 9836.24 10056 9947.23 9827.9 9703.19 9759.82 9834.64 9849.1 9804.44 9765.27 9741.99
9829.46 9813.23 9870.52 9922.24 9950.97 9986.46 9991.76 9985.44 9965.98 9853.33 9764.54 9727.72 9690.81 9722.97 9731.29 9753.41 9749.27 9778.63 9739.33 9829.19 9970.8 9883.88 9736.75 9641.42 9692.52 9811.28 9910.1 9855.81 9624.07 9346.45 9232.35 9173.64 9078.23 8963.08 8842.81 8754.16 8727.27 8665.07 8643.48 8633.84 8661.54 8737.74 8600.09 8572.45 8550.32 8507.75 8486.56 8490.22 8529.07 8667.7 8840.33 8920.96 8926.6 9010.99 9087.69 9213.75 9489.49 9866.01 10058.3 10024.1 9784.59 9766.81 9820.02 9846.16 9814.33 9767.28 9740.81
9898.66 9885.16 9923.46 9943.28 9961.4 9956.8 9962.96 9980.1 9980.2 9941.36 9816.84 9716.86 9666.14 9656.88 9676.41 9685.64 9658.19 9629.72 9705.98 9849.94 9895.72 9743.91 9616.09 9580.52 9639.32 9773.75 9880.4 9785.08 9489.57 9224.18 9224.3 9120.08 9022.71 8923.87 8870.65 8759.7 8720.13 8632.48 8608.35 8595.78 8593.63 8556.93 8518.25 8492.49 8486.1 8475.72 8467.23 8466.59 8473.76 8555.23 8675.54 8829.61 8910.73 8950.41 8997.28 9067.66 9213.29 9535.14 9869.51 9995.7 9849.72 9801.02 9764.05 9813.55 9802.04 9765.38 9751.86
9960.84 9973.49 9953.03 9946.45 9942.32 9926.57 9905.2 9911.77 9931.39 9906.87 9776.15 9690.47 9652.17 9644.13 9631.62 9619.5 9608.9 9586.03 9576.29 9578.57 9670.1 9598.15 9532.57 9524.35 9582.05 9713.49 9808.17 9677.95 9386.36 9159.28 9105.01 9099.35 8992.18 8850.63 8733.09 8811.1 8647.53 8608.44 8572.89 8550.45 8555.62 8536.64 8507.9 8489.09 8476.13 8460.98 8453.3 8448.94 8450.49 8500.56 8567.97 8751.41 8873.95 8914.56 8941.54 9029.08 9124.89 9386.53 9753.05 9960.29 9919.16 9791.33 9758.73 9756.93 9782.76 9775.64 9751.97
9978.93 9967.3 9964.32 9954.37 9938.52 9898.49 9837.86 9769.47 9731.93 9738.33 9700.07 9642.31 9611.1 9539.75 9501.21 9507.7 9566.22 9565.85 9526.02 9509.59 9514.17 9498.64 9492.61 9488.08 9536.84 9655.39 9718.55 9567.33 9310.1 9147.49 9254.23 9147.15 8966.01 8776.6 8627.51 8577.42 8587.4 8554.29 8522.21 8504.78 8528.3 8506.5 8429.4 8480.5 8465.21 8451.88 8446.88 8450.69 8457.28 8472.53 8490.08 8648.59 8858.31 8930.09 8882.8 8990.6 9102 9289.97 9658.94 9906.03 9877.67 9769.43 9748.85 9726.11 9760.01 9759.54 9743.12
9982.8 10002.9 9992.86 9966.04 9953.82 9908.35 9830.05 9781.36 9724.75 9692.75 9661.97 9565.67 9500.05 9478.69 9466.12 9471.82 9502.65 9509.06 9497.57 9498.86 9485.73 9480.15 9482.94 9501.35 9541.18 9634.87 9663.27 9514.04 9294.1 9290.99 9339.17 9167.11 8936.72 8739.29 8596.9 8576.11 8491.26 8474.88 8469.76 8466.87 8479.12 8473.27 8454.37 8454.34 8454.25 8444.82 8440.17 8456.78 8467.65 8479.52 8496.06 8553.06 8716.46 8982.82 8818.52 8952.77 9083.91 9151.7 9541.4 9873.18 9914.34 9813.95 9751.4 9711.63 9717.91 9739.83 9725.7
10014.1 10020.3 10007.7 9982.08 9984.91 9941.41 9874.21 9813.09 9725.98 9601.17 9525.34 9495.5 9466.73 9467.43 9463.78 9456.7 9456.34 9464.3 9453.36 9434.23 9437.12 9456.19 9498.34 9542.48 9579.65 9645.1 9662.32 9502.14 9314.83 9337.33 9287.21 9090.28 8862.96 8662.94 8481.7 8406.92 8425.02 8427.71 8428.66 8426.09 8430.59 8438.94 8426.46 8429.66 8429.22 8431.14 8440.46 8453.62 8468.7 8485.84 8504.97 8554.13 8629.27 8750.6 8833.73 8963.65 9097.11 9160.04 9325.85 9706.92 9927.14 9851.74 9773.9 9716.85 9687.82 9700.24 9702.81
10044.6 10024.9 10013.9 10022.8 9998.83 9944.08 9866.35 9834.68 9728.55 9585.22 9504.31 9444.24 9405.17 9403.14 9418.43 9427.77 9436.66 9430.74 9418.78 9408.13 9407.72 9437.52 9514.33 9610.18 9694.37 9683.78 9613.66 9490.42 9382.73 9163.4 9048.29 8893.69 8737.71 8575.72 8437.95 8390.17 8396.31 8401.78 8401.88 8401.83 8405.27 8402.1 8414.89 8399.34 8390.49 8413.17 8440.27 8453.22 8471.3 8486.16 8502.05 8535.56 8614.13 8699.4 8825.88 8960.27 9136.19 9288.47 9343.13 9530.28 9831.71 10043.1 9806.12 9720.22 9712.69 9693.62 9682.5
10050.2 10038.6 10044.3 10058.5 10023.8 9968.45 9920.9 9831.84 9693.95 9570.38 9471.59 9424.85 9389.2 9376.33 9385.22 9394.6 9397.48 9399.28 9394.89 9387.33 9399.46 9420.07 9458.73 9654.34 9816.45 9691.54 9519.92 9434.02 9326.82 9117.51 8898.67 8745.73 8619.77 8503.82 8412.13 8381.37 8378.94 8381.79 8379.15 8380.48 8372.96 8291.77 8298.66 8270.11 8312 8379.1 8439.43 8461.93 8478.18 8488.9 8489.86 8515.09 8603.71 8688.04 8789.32 8923.78 8984.98 9117.3 9224.71 9446.66 9726.06 10014.2 9828.51 9745.33 9702.54 9674.84 9663.9
10042.6 10047.9 10060.1 10086.7 10060.2 10007 9968.53 9753.49 9607.72 9492.74 9425.28 9400.3 9378.68 9371.96 9370.02 9373.87 9380.98 9378.66 9377.39 9373.95 9382.98 9395.61 9487.82 9665.32 9845.7 9690.56 9467.96 9374.36 9220.8 9000.55 8809.25 8651.69 8528.44 8446.48 8386.54 8368.57 8365.36 8362.19 8358.31 8361.18 8347.46 8101.04 7979.94 8085.4 8211.3 8331.09 8434.18 8477.81 8486.81 8483.36 8482.01 8488.24 8565.88 8685.67 8880.34 8905.09 8971.14 9062.32 9169.99 9391.08 9593.11 9946.07 9820.93 9761.03 9685.16 9654.32 9656.39
10072.5 10066.1 10064 10099.8 10075.9 10023.1 9872.67 9619.51 9530.62 9442.72 9405.93 9390.84 9373.3 9365.55 9358.11 9361.13 9362.61 9366.01 9366.82 9369.5 9381.51 9394.32 9425.92 9632.8 9844.08 9683.08 9446.13 9344.79 9220.83 8961.71 8716.09 8508.37 8443.24 8396.23 8363.11 8347.21 8343.02 8342.52 8349.65 8343.41 8282.42 8012.13 7956.86 7998.52 8140.58 8291.19 8422.97 8476.45 8482.77 8483.16 8493.36 8510.74 8572.33 8654.51 8756.52 8850.28 8930.5 9029.93 9182.11 9344.09 9595.85 9946.07 9822.15 9727.22 9691.39 9650.58 9656.42
10074.6 10092.2 10106.3 10082.3 9987.88 9856.75 9634.55 9595.05 9488.28 9413.81 9391.09 9385.98 9382.45 9371.02 9362.34 9357.23 9355.48 9357.86 9360.63 9362.74 9384.77 9427.96 9448.09 9580.27 9757.34 9629.49 9426.58 9317.77 9167 8920.29 8672.42 8463.57 8393.36 8363.13 8344.08 8332.39 8309.79 8307.7 8289.84 8339.23 8278.77 8057.6 7935.06 7963.67 8116.43 8274.47 8404.71 8471.8 8473.7 8482.24 8428.49 8460.63 8570.79 8637.59 8738.79 8869.99 8945.86 9044.81 9271.96 9378 9607.05 9922.74 9802.11 9767.32 9710.26 9674 9652.17
10079.5 10104.2 10104.2 9987.66 9823.13 9637.82 9572.35 9510.7 9448.23 9403.61 9385.35 9377.47 9380.6 9371.42 9360.67 9351.23 9349.49 9351.11 9352.86 9351.56 9370.4 9405.31 9409.55 9513.16 9674.24 9599.24 9432.75 9296.47 9130.82 8906.77 8663.11 8463.03 8379.14 8354.59 8344.12 8333.06 8306.91 8305.74 8324.43 8356.79 8361.72 8184.57 7978.35 8006.29 8156 8291.31 8405.49 8473.94 8473.47 8477.88 8476.51 8492.04 8550.8 8595.13 8775.28 8969.76 9057.64 9132.64 9425.5 9420.97 9557.56 9954.74 9796.18 9803.73 9788.44 9698.19 9674.93
10085.8 10093.7 10057.6 9897 9682.4 9594.58 9513.79 9433.04 9415.68 9402.31 9391.14 9371.51 9370.43 9365.69 9355.53 9345.03 9344.73 9347.18 9347.76 9346.18 9349.72 9369.66 9395.56 9488.65 9633.14 9637.53 9482.34 9300.06 9102.68 8895.39 8669.42 8470.18 8387.47 8364.71 8357.52 8339.06 8313.36 8310.95 8320.09 8342.03 8359.62 8341.53 8251.55 8212.77 8262.41 8342.83 8427.55 8476 8479.71 8481.69 8482.29 8503.29 8558.13 8649.85 8809.4 9014.09 9099.93 9284.89 9328.83 9442.81 9724.93 10037.4 9936.35 9864.34 9857.71 9760.04 9705.4
10088.7 10043.4 10012.9 9818.2 9569.97 9523.44 9461.61 9402.82 9402.19 9398.78 9399.11 9384.37 9366.92 9358.46 9352.11 9347.09 9343.16 9346.49 9350.33 9351.75 9354.7 9358.08 9402.15 9504.98 9609.1 9696.26 9565.5 9370.15 9092.41 8900.52 8704.66 8519.5 8417.17 8378.81 8354.26 8334.06 8319.16 8317.78 8321.71 8336.04 8358.33 8384.48 8388.97 8372.28 8364.15 8392.77 8440.98 8474.64 8483.08 8492.89 8496.98 8539.38 8573.56 8701.25 8814.76 8979.14 9160.98 9256.43 9358.34 9604.88 9979.38 10105.2 10095.4 9932.95 9868.35 9729.68 9698.33
10062.1 9931.31 9839.91 9673.35 9536.7 9492.92 9440.79 9398.5 9391.34 9390.38 9384.51 9374.13 9360.16 9354.56 9345.3 9334.77 9341.95 9350.22 9356.18 9363.82 9374.66 9372.19 9430.92 9556.11 9564.97 9662.65 9653.73 9492.62 9187.3 8987.84 8791.23 8602.42 8470.6 8396.76 8351.1 8336.65 8333.69 8318.07 8332.78 8343.43 8357.7 8381.51 8406.48 8426.62 8414.98 8425.83 8449.26 8471.66 8486.35 8494.05 8523.53 8559.7 8605.92 8755.96 8921.94 9119.13 9310.22 9292.53 9535.43 9890.43 10116.3 10106 9959.79 9932.07 9869.42 9713.73 9672.75
10096.6 9929.4 9756.67 9603.8 9525.92 9466.62 9423.97 9393.28 9382.45 9380.64 9381.42 9372.53 9367.63 9361.07 9349.16 9332.92 9345.38 9355.19 9363.68 9372.05 9388.03 9393.6 9440.53 9560.23 9527.49 9651.47 9741.54 9703.47 9374.74 9144.06 8918.29 8702.62 8528.48 8432.28 8360.57 8342.56 8342.65 8352.33 8344.87 8352.33 8369.95 8380.59 8403.35 8416.82 8432.1 8447.24 8456.58 8473.72 8497.22 8524.36 8551.34 8565.53 8625.39 8766.86 8946.19 9117.9 9236.84 9393.03 9736.59 10124.3 10257.3 10082.9 9898.38 9897.94 9810.64 9702.34 9659.43
10075.7 9935.92 9780.87 9641.5 9524.65 9481.96 9435.97 9394.89 9375.3 9366.22 9363.68 9376.47 9376.66 9366.6 9359.19 9353.03 9355.75 9363.03 9372.95 9375.18 9385.67 9414.82 9478.13 9517.09 9504.25 9662.88 9770 9718.18 9576.25 9315.36 9070.15 8832.24 8639.38 8537.51 8458.53 8392.74 8359.02 8381.8 8376.06 8362.2 8374.94 8387.64 8408.97 8413.98 8448.31 8473.26 8480.56 8498.45 8525.17 8557.98 8551.04 8580.49 8660.02 8768.8 8901.3 9092.75 9322.41 9590.57 10005.8 10141.1 10160.5 9985.55 9836.21 9846.96 9762.04 9702.34 9664.07
10123.4 9952.99 9820.27 9669.15 9573.83 9477.8 9434.61 9397.05 9375.54 9362.3 9361.1 9372.75 9373.27 9356.09 9356.43 9357.03 9359.05 9367.92 9379.65 9386.56 9403.59 9449.87 9497.81 9493.49 9506.82 9610.99 9756.44 9813.52 9679.25 9457.91 9237.46 9035.36 8854.35 8661.3 8547.53 8511.75 8444.55 8460.33 8460.68 8440.66 8413.66 8425.66 8450.42 8466.1 8497.34 8523.98 8546.44 8546.74 8569.05 8581.95 8576.1 8603.16 8712.48 8903.91 9020.58 9181.56 9449.5 9812.72 10062.2 10142.7 10100.4 9907.49 9787.39 9795.99 9760.12 9729.92 9697.29
10111.5 10016.8 9900.14 9786.24 9644.09 9529.2 9451.02 9407.05 9377.75 9373.85 9374.9 9374.95 9376.64 9362.71 9346.23 9343.78 9356.57 9369.32 9383.81 9394.58 9421.06 9466.78 9494.69 9465.12 9498.42 9568.64 9713.77 9862.22 9722.35 9560.31 9382.23 9219.17 9070.22 8921.45 8814.12 8723.01 8652.99 8609.8 8580.4 8492.34 8488.45 8510.42 8513.32 8544.5 8563.8 8581.46 8624.62 8601.52 8603.88 8640.47 8691.62 8726.43 8894.39 9030.17 9242.55 9370.94 9692.21 9993.74 10125.9 10093.1 10073.2 9863.45 9769.45 9763.73 9741.75 9731.36 9688.72
10139.1 10082.9 9983.95 9871.92 9717.61 9562.02 9471.8 9431.01 9387.05 9384.71 9390.77 9393.67 9379.66 9370.34 9357.79 9348.78 9354.52 9367.23 9382.01 9399.42 9420.63 9431.82 9426.3 9428.03 9465.12 9549.82 9645.97 9717.04 9718.37 9609.83 9489.32 9360.87 9243.93 9248.23 9087.84 8962.53 8844.38 8745.09 8685.68 8616.86 8543.97 8526.47 8571.46 8589.99 8604.99 8623.96 8638.74 8667.15 8704.66 8727.14 8794.13 8856.37 9021.29 9179.64 9405.7 9557.55 9938.21 10130.3 10170.4 10227.6 9961.52 9813.1 9758.48 9738.39 9736.71 9735.2 9706.99
10174.7 10118.5 10048 9974.51 9794.83 9578.83 9498.47 9461.06 9399.01 9380.17 9378.01 9386.57 9399.03 9376.54 9341.47 9343.39 9354.32 9367.98 9381.96 9395.26 9409.51 9410.21 9413.02 9430.78 9456.43 9523.58 9582.33 9689.33 9684.44 9631.61 9566.36 9506.98 9474.91 9360.41 9314.21 9165.28 9049.38 8887.93 8821.24 8709.42 8679.17 8666.16 8672.56 8669.33 8668.19 8683.41 8697.74 8747.53 8768.26 8836.89 8884.52 8995.17 9148.2 9360.19 9612.83 9854.17 10084.4 10195 10230.1 10149.3 9966.28 9831.2 9781.1 9759 9739.16 9718.48 9701.94
10237.8 10186.6 10101.5 10000.3 9859.53 9589.74 9507.45 9490.36 9437.64 9405.46 9383.34 9388.86 9395.34 9373.43 9330.76 9342.83 9358.91 9373.7 9386.91 9395.94 9406.24 9423.91 9430.32 9443.73 9485.98 9529.44 9581.06 9611.64 9659.04 9664.93 9640.3 9617.97 9578.52 9445.36 9378.83 9284.27 9188.57 9029.64 9011.22 8900.24 8868.81 8839.55 8817.44 8795.51 8785.99 8794.22 8813.75 8874.47 8960.82 8986.76 9030.82 9185.89 9362.8 9641.02 9964.44 10178.9 10254.5 10273.3 10190.4 10070 9938.78 9862.01 9814.91 9783.71 9747.29 9706.52 9693.52
10284.3 10240.7 10170.1 10074.5 9858.88 9600.28 9535.46 9533.39 9474.92 9463.69 9407.85 9406.55 9402.17 9374.87 9352.99 9352.84 9367.73 9379.19 9389.99 9395.96 9406.24 9421.83 9445.84 9469.87 9498.28 9539.59 9576.89 9619.81 9672.76 9717.3 9754.51 9751.87 9677.73 9489.1 9414.21 9359.93 9300.69 9220.68 9153.89 9108.52 9082.88 9019.74 8962.75 8931.27 8928.23 8929.31 8965.92 9016.65 9081.36 9182.94 9247.58 9436.72 9588.91 9926.49 10196.1 10157.7 10071.9 10103.8 9961.89 9890.13 9869.26 9847.4 9843.62 9831.27 9809.2 9725.76 9710.04
10299.7 10285 10254.1 10234.9 10016.2 9708.79 9588.34 9575.87 9550 9501.8 9470.68 9419.73 9407.7 9383.21 9368.46 9373.48 9384.75 9393.67 9402.83 9412.74 9418.94 9429.75 9449.23 9475.27 9506.64 9550.46 9590.42 9617.48 9692.9 9774.51 9844.25 9886.48 9856.22 9677.35 9550.27 9464.1 9358.99 9307.6 9335.44 9326.05 9271.71 9177.04 9096.33 9037.4 8997.68 9005.49 9068.3 9151.05 9257.5 9410.44 9442.72 9578.99 9809.67 10188.3 10188.7 10040.1 10058.7 10017.3 9893.01 9888.05 9953.17 9925.82 9880.38 9843.18 9800.09 9728.11 9712.93
10309.2 10302.3 10302.7 10332 10191.5 9789.8 9632.08 9597.77 9603.17 9543.14 9507.86 9447.41 9415.87 9406.54 9397.3 9402.92 9411.57 9419.47 9427.01 9432.9 9436.08 9446.47 9464.31 9483.56 9526.76 9573.41 9621.73 9661.24 9727.71 9827.46 9929.46 10034 10131.4 9985.28 9787.76 9645.99 9493.98 9383.55 9372.29 9382.19 9316.11 9271.65 9216.35 9162.87 9101.04 9125.6 9211.25 9311.03 9385.22 9468.56 9576.98 9812.71 10083.6 10126.1 10008.8 9961.76 10012.1 9918.26 9883.38 9965.02 10022.4 9965 9891.39 9826.04 9752.07 9721.44 9718.37
10313 10306.7 10326.5 10366.2 10263.7 9870.8 9699.72 9644.21 9632.76 9604.56 9548.63 9488.55 9457.99 9438.46 9432.95 9435.41 9438.79 9445 9448.73 9454.41 9453.41 9456.23 9468.88 9495.34 9550.72 9579 9593.22 9650.63 9747.01 9860.92 9988.15 10123.1 10231.3 10155.2 9993.34 9863.68 9721.38 9531.24 9462.04 9394.73 9332.93 9363.65 9368.71 9347.88 9323.96 9331.42 9444.79 9558.97 9645.74 9693.68 9793.86 9977.75 10201.2 10130 9952.28 9869.53 9856.99 9868.31 9921.66 10052.2 10002.8 9921.16 9876.89 9832.1 9788.73 9739.37 9709.78
10317.8 10329.4 10350.6 10359.8 10335 10069 9813.48 9675.88 9658.01 9644.36 9608.1 9550.66 9507.71 9489.81 9475.12 9473.66 9471.98 9473.53 9474.37 9475.94 9475.22 9477.4 9488.7 9506.98 9530.84 9562.07 9596.5 9652.1 9766.83 9888.9 10016.8 10137.3 10224.1 10155.9 10113.5 10056.5 10034.5 9777.35 9657.35 9566.37 9511.65 9551.47 9581.57 9593.54 9605.63 9657.62 9743.41 9841.75 9969.69 10075.8 10102.4 10170.8 10149.5 10025.5 9851.43 9792.34 9873.22 9945.3 9978.36 9971.83 9909.15 9877.11 9858.67 9841.45 9832.63 9771.56 9742.74
10303.8 10326.4 10324.3 10324.9 10323 10250.7 10001.3 9787.95 9707.92 9676.93 9639.86 9620.13 9558.15 9538.41 9522.36 9514.79 9511.76 9509.25 9507.83 9507.1 9502.46 9500.57 9505.84 9536.57 9552.46 9577.39 9630.26 9674.11 9787.65 9905.76 10009.9 10090.9 10144.5 10195.1 10144.4 10104.9 10087.7 10084.1 10053.8 9922.92 9817.1 9779.76 9777.76 9827.78 9926.99 10065.2 10027.7 10067.7 10181.3 10306 10209.7 10160.7 10039.8 9887.69 9789.06 9824.55 9900.61 9948.89 9960 9906.66 9901.67 9868.83 9853.46 9839.7 9815.25 9761.04 9727.19
