real_craters/C179-500m.grd
DSAA
296 296
-73.6575 73.6575
-73.6575 73.6575
7061.4591716409 10078.120921457
[rows 60 to 89 of 296, columns 0 to 66 of 296]
8781.37 8782.82 8783.23 8783.79 8785.97 8788.64 8785.1 8782 8779.02 8776.03 8775.29 8777.09 8778.91 8781.79 8787.82 8793.37 8797.34 8802.26 8807.85 8815.83 8823.19 8827.45 8813.67 8804.89 8805.63 8807.54 8811.36 8814.85 8818.94 8815.85 8812.49 8810.13 8807.11 8810.62 8814.01 8814.74 8817.35 8819 8820.54 8821.76 8822.78 8824.22 8825.85 8827.93 8830.75 8836.22 8842.88 8842.29 8843.62 8848.87 8855.94 8864.96 8874.94 8880.36 8885.95 8890.7 8892.63 8895.3 8899.38 8906.44 8913.64 8919.82 8923.86 8925.48 8923.61 8920.8 8920.6
8779.68 8779.1 8778.93 8779.05 8779.98 8782.72 8781.38 8778.43 8778.4 8777.48 8777 8776.79 8777.81 8782.81 8788.08 8793.49 8798.7 8802.62 8809.04 8815.88 8821.79 8824.13 8806.94 8793.63 8793.93 8803.7 8814.8 8825.46 8830.58 8822.37 8815.35 8814.64 8810.01 8813.63 8818.57 8823.58 8822.09 8822.41 8823.06 8823.7 8824.74 8825.76 8827.19 8829.16 8832.57 8837.47 8840.73 8838.49 8839.91 8848.16 8856.15 8864.65 8872.99 8881.84 8888.91 8894.86 8896.01 8896.27 8901.7 8906.43 8916.05 8925.1 8931.87 8934.31 8932.51 8928.99 8925.82
8778.54 8776.65 8775.29 8774.14 8775.25 8777.87 8778.88 8779.22 8779.24 8780.58 8781.34 8778.57 8780.52 8785.31 8789.22 8793.69 8799.14 8804.2 8808.93 8814.42 8817.46 8813.38 8807.87 8798.21 8791.7 8802.4 8816.68 8827.05 8829.94 8823.95 8820.51 8819.82 8817.67 8819.43 8821.98 8824.51 8825.25 8824.98 8825.36 8825.85 8827.03 8828 8828.98 8830.35 8833 8838.22 8842.31 8843.29 8845.61 8848.7 8853.22 8860.62 8868.87 8881.72 8890 8897.98 8900.28 8903.04 8906.97 8911.73 8921.58 8931.31 8940.34 8945.37 8940.29 8934.88 8930.3
8776.48 8774.99 8773.23 8770.51 8766.64 8775.32 8777.98 8779.67 8779.42 8781.02 8782.1 8782.86 8786.44 8788.45 8789.9 8792.46 8796.51 8802.63 8808.44 8813.36 8816.48 8815.92 8812.1 8797.87 8791.59 8802.73 8821.74 8833.85 8834.12 8828.74 8827.65 8825.43 8823.75 8826 8825.37 8827.12 8827.24 8827.38 8828.08 8828.35 8829.34 8830 8831.05 8832.46 8834.96 8840.82 8844.81 8846.14 8846.97 8850.4 8855.11 8857.94 8864.6 8879.21 8888.75 8896.98 8903.17 8908.22 8913.27 8919.18 8927.96 8936.62 8943.42 8946.38 8944.54 8938.23 8931.09
8775.69 8774 8773.01 8772.85 8773.67 8774.72 8775.85 8775.52 8778.59 8780.17 8778.96 8776.57 8787.49 8789.34 8789.25 8789.9 8790.65 8799.48 8807.61 8814.1 8818.6 8820.79 8816.93 8806.97 8794.74 8802.91 8823.1 8836.49 8836.7 8837.79 8833.39 8830 8830.45 8830.86 8826.66 8826.21 8827.98 8829.67 8830.7 8831.55 8831.91 8832.85 8833.88 8835.35 8838.95 8845.39 8848.95 8850.07 8851.52 8851.92 8854.02 8858.35 8863.33 8878.08 8886.83 8895.96 8905.58 8913.47 8920.33 8926.51 8933.73 8940.87 8946.79 8947.23 8944.22 8938.94 8932.61
8772.84 8772.32 8772.87 8774.35 8775.49 8775.84 8777.01 8778.5 8779.48 8780.53 8782.48 8776.64 8780.83 8785.48 8787.84 8789.53 8789.91 8799.82 8808.1 8815.14 8820.89 8824.05 8817.84 8809.9 8802.05 8804.54 8816.3 8832.26 8841.93 8842.21 8839.19 8836.11 8834.89 8830.57 8827.4 8828.51 8830.97 8832.43 8833.92 8834.87 8835.87 8836.9 8837.86 8838.99 8842.86 8851.7 8852.76 8851.83 8853.05 8852.56 8854.04 8860.62 8867.87 8878.07 8884.7 8894.26 8907.25 8917.56 8927.04 8933.72 8937.83 8942.54 8947.96 8945.55 8938.7 8936.4 8936.21
8771.22 8771.27 8771.92 8773.07 8774.69 8776.02 8777.21 8778.85 8779.37 8779.26 8780.53 8780.59 8779.05 8781.94 8787.08 8792.88 8797.89 8801.21 8809.45 8816.97 8822.86 8825.06 8819.3 8803.44 8803.51 8812.39 8820.43 8834.81 8843.67 8844.29 8843.68 8843.81 8841.52 8834.74 8828.03 8830.78 8834.21 8835.38 8836.81 8838.61 8839.95 8841.1 8842.54 8844.18 8849.04 8856.19 8854.07 8848.57 8848.46 8850.99 8860.67 8866.21 8872.33 8880.57 8887.23 8895.83 8907.32 8919.9 8931.95 8937.37 8938.28 8939.45 8941.4 8938.61 8932.97 8933.46 8933.65
8771.71 8771.13 8771.14 8771.19 8771.62 8772.35 8773.91 8777.09 8778.08 8776.16 8770.37 8773.7 8774.32 8777.21 8786.12 8796.11 8806.77 8806.54 8812.06 8819.18 8825.08 8829.06 8826.15 8810.72 8798.57 8812.34 8829.03 8837.03 8842.51 8844.38 8846.77 8849 8845.73 8836.6 8831.93 8834.33 8836.67 8838.43 8840.09 8841.91 8844.01 8845.79 8847.94 8850.86 8855.76 8860.41 8855.41 8845.39 8833.32 8849.73 8867.66 8872.05 8876.16 8882.63 8892.97 8898.92 8908.13 8920.24 8931.64 8935.89 8935.22 8933.38 8930.8 8933.49 8933.1 8931.89 8931.19
8771.66 8771.26 8770.99 8770.68 8770.81 8771.26 8772.73 8775.81 8776.96 8776.06 8775.1 8774.75 8772.65 8777 8786.25 8796.36 8804.59 8809.25 8815.33 8821.09 8826.4 8831.02 8832.68 8824.39 8809.05 8807.83 8824.29 8836.48 8843.04 8847.92 8849.69 8849.45 8847.35 8842.78 8841.32 8840.22 8840.34 8841.97 8843.67 8845.54 8847.46 8849.98 8852.72 8856.67 8861.12 8863.55 8859.6 8853.29 8848.77 8860.72 8872.55 8876.85 8880.76 8887.68 8895.55 8900.56 8908.35 8918.68 8927.57 8931.35 8930.73 8928.51 8928.09 8933.41 8936.74 8932.17 8925.98
8776.15 8773.59 8771.76 8770.27 8770.26 8771.14 8772.85 8774.29 8775.65 8776.26 8778.9 8778.22 8777.11 8781.02 8787.36 8795.76 8804.62 8813.8 8818.65 8822.08 8825.91 8829.18 8831.05 8835.72 8827.28 8816.37 8823.11 8829.31 8841.9 8851.5 8851.52 8849.16 8848.63 8848.44 8847.63 8845.9 8844.71 8845.67 8846.92 8848.67 8850.92 8853.39 8856.26 8860.29 8864.07 8866.38 8865.37 8864.86 8869.17 8872.36 8876.21 8881.11 8885.29 8891.25 8897.57 8900.45 8908.48 8916.79 8923.48 8926.8 8927.01 8925.44 8925.41 8931.82 8935.35 8934.89 8933.67
8778.6 8775.5 8773.33 8771.46 8770.83 8770.66 8770.61 8772.19 8774.27 8773.89 8773.85 8773.75 8776.91 8779.98 8787.81 8795.18 8803.7 8811.93 8817.37 8820.36 8823.26 8825.87 8827.81 8832.8 8830.67 8832.85 8830.42 8831.77 8843.02 8853.41 8852.7 8851.12 8849.69 8850.64 8852.72 8851.72 8849.61 8849.63 8850.45 8852.15 8854.26 8856.55 8858.6 8860.89 8864.65 8868.22 8870.35 8872.69 8875.74 8878.3 8882.27 8886.25 8889.4 8893.34 8900.18 8904.52 8909.92 8915.88 8921.03 8923.94 8924.92 8924.61 8925.4 8929.14 8932.42 8934.17 8934.58
8779.11 8776.75 8775.16 8774.21 8772.29 8770.76 8769.13 8769.32 8764.56 8772.25 8772.19 8772.74 8779.17 8787 8788.54 8790.15 8797.59 8808.15 8813.91 8816.42 8819.66 8823.64 8828.09 8831.08 8830.67 8838.56 8837.33 8838.53 8845.04 8850.88 8851.33 8850.05 8848.95 8851.89 8856.77 8857.01 8853.18 8852.79 8853.99 8855.92 8858.26 8860.42 8861.75 8861.3 8866.21 8870.73 8874.94 8878.99 8882.97 8887.03 8890.65 8893.65 8895.47 8895.99 8901.56 8906.39 8911.39 8916.28 8919.8 8922.85 8924.42 8925.89 8926.24 8926.35 8928.97 8931.71 8933.85
8779.9 8777.94 8776.87 8775.26 8774.07 8772.59 8771.93 8772.28 8776.47 8775.06 8776.55 8777.57 8778.68 8782.92 8789.18 8796.44 8799.92 8802.26 8805.15 8810.85 8816.55 8821.35 8826.72 8830.83 8830.58 8835.85 8836.97 8840.01 8845.7 8849.95 8850.52 8848.58 8848.13 8851.71 8856.1 8856.68 8855.07 8855.13 8856.77 8858.99 8861.69 8865.03 8869.08 8872.24 8872.52 8875.55 8880.01 8885.21 8890.35 8894.69 8899.29 8901.88 8903.42 8903.82 8905.46 8908.11 8913.09 8917.99 8921.6 8922.9 8923.92 8925.09 8925.89 8925.48 8928.18 8931.2 8935.35
8779.24 8779.89 8779.02 8777.18 8776.63 8775.18 8773.69 8772.34 8771.62 8774.08 8776.93 8775.05 8776.56 8776.6 8788.85 8801.61 8802.84 8800.02 8800.81 8809.74 8815.49 8819.13 8821.84 8827.64 8831.87 8833.53 8835.93 8840.57 8846.92 8852.22 8853.27 8851.1 8850.06 8851.14 8853.36 8854.7 8855.91 8857.15 8859.23 8861.84 8864.9 8868.31 8873.08 8876.97 8876.17 8878.75 8883.73 8890.29 8897.42 8906.18 8908.7 8909.97 8911.5 8914.45 8912.83 8912.82 8915.05 8919.02 8921.96 8923.07 8923.68 8923.73 8925.65 8928.59 8931.06 8934.47 8939.78
8786.62 8784.06 8783.49 8782.46 8780.19 8778.34 8776.36 8774.6 8774.98 8777.75 8783.1 8780.33 8780.53 8781.58 8790.49 8798.72 8804.13 8807.07 8811.69 8814.18 8817.91 8819.96 8819.61 8824.3 8831.98 8830.93 8834.46 8841.49 8849.17 8856.05 8858.66 8857.61 8857.46 8857.04 8855.93 8856.11 8857.16 8858.91 8861.6 8864.61 8867.41 8869.5 8871.14 8872.73 8874.58 8879.73 8886.31 8894.32 8904.17 8914.06 8916.25 8915.98 8916.83 8919.24 8916.39 8915.38 8916.47 8918.14 8921.08 8923.69 8925.03 8925.51 8927.46 8931.1 8935.19 8940.03 8944.69
8787.8 8786.76 8786.75 8785.74 8783.43 8781.68 8780.66 8779.88 8779.74 8778.37 8779.42 8784.81 8787.71 8793.52 8796.97 8800.67 8807.07 8811.74 8814.59 8820.22 8824.04 8825.86 8826.39 8829.7 8835.24 8836.53 8835.79 8842.9 8851.84 8859.17 8862.22 8863.03 8865.22 8865.47 8862.89 8859.11 8859.46 8861.36 8864.57 8867.63 8870.09 8871.53 8871.22 8871.76 8874.16 8880.85 8888.04 8895.88 8905.26 8918.19 8918.3 8917.79 8917.96 8917.11 8916.27 8917.11 8918.37 8920.11 8922.64 8925.44 8927.89 8929.93 8930.21 8932.13 8939.16 8946.86 8948.99
8788.77 8788.67 8788.76 8787.39 8785.45 8783.99 8783.74 8783.23 8780.55 8776.25 8777 8784.7 8792.32 8800.32 8804.16 8806.31 8814.49 8820.74 8825.37 8829.95 8832.91 8834.78 8836.21 8837.68 8841.27 8838.12 8841.51 8848.31 8855.91 8861.92 8863.37 8866.01 8869.54 8870.77 8866.6 8864.64 8864.51 8865.87 8868.46 8871.41 8874.34 8876.26 8876.14 8876.57 8878.74 8883.95 8889.7 8895.4 8901.38 8904.3 8911.18 8916.82 8918.23 8916.67 8916.67 8918.97 8920.87 8923.22 8925.1 8927.83 8931.12 8933.4 8935.52 8937.65 8941.63 8946.86 8950.66
8793.22 8792.71 8790.49 8788.28 8786.62 8785.15 8783.97 8783.3 8784.03 8784.73 8784.86 8789.67 8799.11 8808.54 8815.05 8820.28 8825.82 8832.55 8838.31 8842.12 8842.86 8843.81 8846.39 8850.67 8842.24 8844.07 8851.35 8855.41 8860.9 8865.42 8866.99 8869.23 8872.22 8874.63 8871.06 8868.54 8868.99 8870.39 8872.96 8876 8879.18 8883.01 8887.02 8885.24 8885.36 8888.94 8892.42 8895.88 8897.48 8904.75 8913.68 8918.92 8920.75 8920.88 8920.83 8921.78 8923.13 8925.02 8926.73 8929.59 8933.52 8937.48 8939.78 8941.9 8943.33 8946.53 8951.4
8794.2 8794.45 8792.02 8789.02 8787.2 8785.41 8783.52 8783 8786.3 8790.11 8794.66 8803.04 8811.72 8817.61 8824.05 8831.12 8837.13 8843.98 8852.26 8853.22 8851.22 8850.05 8850.15 8849.69 8841.98 8846.6 8853.21 8859 8866.1 8872.55 8873.04 8873.02 8876.8 8879.79 8878.46 8875.29 8873.49 8874.68 8877.19 8880.03 8883.44 8888.16 8893.3 8896.19 8895.86 8895.56 8896.42 8898.66 8904.57 8914.36 8921.29 8922.98 8924.86 8923.76 8927.27 8925.48 8923.86 8924.19 8926.87 8930.17 8933.6 8936.82 8939.88 8943.17 8945.98 8948.85 8953.32
8792.99 8792.39 8792.12 8789.83 8788.81 8787.39 8785.74 8785.5 8789.1 8791.72 8800.57 8812.53 8822.03 8829.15 8836 8841.7 8846.88 8852.4 8856.13 8857.61 8856.09 8853.78 8850.3 8844.71 8844.41 8849.36 8852.47 8859.72 8868.58 8878.05 8879.9 8875.74 8877.7 8882.92 8883.54 8877.86 8874.3 8877.51 8880.11 8882.9 8886.25 8890.52 8896.43 8902.25 8902.75 8900.73 8899.96 8900.16 8903.49 8911.81 8919.03 8924.38 8927.71 8923.49 8924.75 8925.84 8923.29 8923.19 8926.25 8930 8934.21 8937.31 8941.16 8944.56 8949.6 8952.96 8954.9
8790.73 8787.95 8789.28 8791.49 8792.87 8793.2 8791.29 8790.06 8795.99 8798.56 8811.07 8821.7 8831.14 8839.56 8846.78 8851.2 8855.83 8859.29 8861.15 8860.98 8859.6 8857.04 8853.18 8848.27 8849.67 8850.62 8852.8 8858.79 8867 8876.16 8878.65 8876.1 8877.22 8880.72 8881.37 8875.06 8871.83 8876.98 8881.65 8884.23 8886.58 8890.19 8895.2 8901.72 8903.34 8903.22 8903.18 8902.41 8901.65 8911.35 8918.01 8923.62 8927.66 8923.45 8919.16 8921.01 8921.97 8922.96 8925.46 8929.08 8933.17 8935.05 8936.9 8942.77 8949.66 8952.98 8954.02
8791.31 8784.26 8787.97 8795.16 8800.21 8802.37 8802.5 8800.46 8812.46 8824.94 8828.49 8832.38 8837.49 8846.72 8855.24 8861.07 8864.82 8866.43 8865.7 8864.19 8863.35 8861.22 8859.08 8860.41 8860.22 8852.79 8852.71 8856.15 8862.23 8869.15 8873.55 8875.54 8878.88 8881.74 8879.14 8876.56 8873.95 8879.67 8884.79 8884.45 8884.77 8887.08 8891.8 8897.65 8900.76 8903.38 8906.37 8910.01 8912.44 8915.49 8918.94 8921.26 8922.85 8923.22 8919.86 8920.18 8922.04 8922.7 8924.08 8926.92 8931.32 8932.81 8933.57 8939.74 8944.27 8949.19 8951.98
8803.34 8791.36 8795.5 8806.68 8812.26 8815.86 8819.45 8827.25 8831.76 8843.07 8843.44 8843.55 8844.83 8852.36 8866.1 8873.23 8874.17 8873.7 8871.17 8868.35 8868.34 8866.87 8864.25 8861.86 8863.56 8857.93 8851.15 8852.77 8856.96 8860.35 8868.39 8875.1 8881.42 8885.75 8884.06 8879.69 8879.41 8882.04 8884.42 8882.22 8880.56 8879.84 8883.32 8889.36 8895.18 8900.95 8907.38 8916.09 8919.67 8917.85 8918.17 8916.65 8917.2 8918.54 8919.37 8921.27 8922.29 8921.12 8921.01 8922.56 8924.71 8931 8935.86 8939.59 8942.83 8946.24 8949.87
8822.33 8819.12 8822.33 8826.19 8827.99 8830.45 8833.86 8838.23 8839.77 8845.07 8851.46 8855.78 8861.29 8861.05 8870.13 8880.64 8882.86 8881.93 8879.78 8878.78 8877.09 8875.56 8872.01 8864.97 8865.8 8863.03 8857.86 8853.19 8854.73 8858.32 8863.43 8870.41 8879.01 8885.22 8885.01 8883.05 8881.25 8880.22 8879.42 8878.29 8876.63 8874.24 8876.6 8882.39 8889.02 8895.76 8903.06 8910.76 8914.63 8913.81 8912.86 8910.99 8911.61 8912.93 8910.58 8910.94 8911.96 8914.06 8915.83 8918.37 8922.8 8930.25 8935.95 8939.19 8945.16 8943.31 8945.7
8836.91 8840.24 8839.45 8841.65 8841.65 8842.45 8844.35 8846.09 8847.61 8850.06 8856.06 8864.2 8872.01 8870.17 8876.62 8889.04 8891.19 8890.88 8889.95 8888.61 8888.12 8886.71 8884.96 8884.59 8880.97 8873.34 8865.99 8856.83 8856.12 8855.44 8858.53 8864.3 8872.11 8877.51 8878.45 8878.59 8877.35 8876.01 8874.85 8874.73 8874.28 8876.13 8874.27 8876.84 8883.51 8889.98 8895.62 8899.66 8904.55 8906.95 8905.37 8904.75 8906.68 8907.18 8903.74 8901.43 8901.53 8906.94 8910.73 8914.24 8920.34 8929.31 8934.14 8933.31 8932.24 8935.92 8936.97
8843.78 8839.92 8846.07 8853.49 8852.79 8853.44 8854.09 8855.48 8856.88 8856.99 8863.05 8871.24 8877.28 8879.51 8892.4 8900.09 8899.43 8899.52 8900.1 8901.05 8899.7 8897.42 8895.74 8894.28 8890.54 8884.21 8873.88 8865.64 8862.32 8860.52 8859.22 8860.93 8866.44 8869.97 8870.63 8871.82 8871.57 8872.52 8873.4 8872.6 8871.07 8870.7 8871.82 8874.86 8879.75 8885.08 8890.29 8893.81 8899.14 8902.61 8903.56 8902.33 8902.21 8903.55 8903.58 8903.52 8904.33 8905.97 8907.86 8909.48 8914.23 8924.04 8929.12 8929.74 8929.93 8930.13 8931
8850.5 8848.95 8851.05 8859.6 8860.29 8860.69 8861.55 8863.37 8863.91 8868.04 8874.64 8880.62 8885.13 8890.41 8897.3 8902.1 8903.82 8904.99 8907.07 8910.24 8908.75 8905.88 8903.47 8900.62 8897.71 8892.43 8884.82 8879.16 8872.65 8867.46 8866.52 8864.98 8866.78 8866.99 8869.62 8871.94 8871.4 8871.71 8874.04 8871.82 8869.31 8867.26 8870.08 8873.51 8876.98 8880.76 8886.57 8894.05 8896.59 8900.76 8905.22 8907.88 8905.05 8906.37 8908.07 8909.76 8909.53 8908.07 8907 8908.27 8911.93 8918.33 8922.45 8924.34 8925.25 8925.83 8926.77
8855.78 8856.07 8851.74 8862.24 8863.64 8864.83 8867.06 8869.65 8871.69 8879.66 8886.53 8890.51 8895.79 8902.48 8903.42 8904.41 8906.47 8907.9 8909.82 8912.21 8912.3 8911.19 8910.64 8907.29 8905.3 8899.31 8893.67 8890.63 8887.99 8884.11 8878.62 8876.45 8873.14 8869.54 8871.58 8872.58 8872.24 8871.03 8871.43 8870.92 8869.29 8868.97 8871.52 8873.46 8875.23 8876.06 8875.06 8879.5 8889.19 8897.66 8905.48 8908.19 8910.09 8910.08 8912.31 8915.18 8915.07 8911.1 8906.67 8902.72 8905.28 8910.59 8915.64 8919.56 8920.88 8920.59 8921.18
8854.61 8852.69 8854.87 8861.04 8863.84 8866.08 8869.75 8876.4 8883.78 8889.72 8895.32 8897.18 8900.67 8906.27 8907.99 8907.89 8908.65 8909.14 8909.61 8910.35 8911.52 8913.2 8914.12 8912.98 8907.99 8901.14 8895.32 8895.83 8893.67 8891.32 8888.02 8885.82 8881.11 8877.65 8875.51 8872.15 8868.55 8866.96 8869.57 8870.59 8870.42 8871.14 8873.97 8874.31 8874.78 8875.51 8873.78 8868.97 8884.49 8893.86 8900.46 8905.65 8907.82 8909.82 8913.97 8920.32 8920.19 8914.29 8907.9 8902 8901.79 8904.8 8910.79 8913.31 8915.31 8915.33 8915.13
8853.59 8855.49 8861.14 8863.07 8862.79 8863.75 8867.67 8877.54 8887.83 8891.36 8896.41 8898.42 8901.33 8906.1 8909.14 8910.35 8910.06 8909.72 8908.64 8907.78 8909.25 8913.68 8917.52 8915.44 8910.48 8904.48 8899.51 8899.57 8897.7 8895.51 8893.31 8890.62 8886.33 8884.14 8879.95 8873.92 8870.75 8871.82 8872.43 8873.75 8872.81 8872.4 8874.42 8873.53 8874.4 8877.5 8884.38 8888.81 8887.29 8891.35 8896.21 8899.48 8900.64 8905.18 8910.77 8917.62 8920.61 8915.84 8911.09 8905.63 8904.37 8906.06 8911.2 8917.09 8914.61 8910.96 8907.19
