real_craters/C179-500m.grd
DSAA
296 296
-73.6575 73.6575
-73.6575 73.6575
7061.4591716409 10078.120921457
[rows 120 to 149 of 296, columns 134 to 200 of 296]
8333.27 8296.69 8214.76 8086.7 8006.67 7943.56 7915.36 7897.37 7882.14 7860.47 7850.74 7859.08 7883.71 7887.2 7885.17 7909.46 7947.52 7999.07 8049.23 8038.46 8035.59 8046.82 8061.54 8072 8087.87 8123.86 8169.56 8204.5 8227.17 8275.28 8338.88 8373.44 8388.89 8439.67 8563.39 8643.89 8699.14 8755.81 8820.76 8897.01 9003.91 9158.81 9345.05 9521.84 9686.03 9794.5 9808.41 9737.47 9648.52 9553.53 9495.08 9452.81 9432.8 9432.96 9421.76 9409.78 9399.29 9388.22 9384.24 9371.28 9358.62 9346.17 9334.61 9323.2 9314.98 9305.89 9301.96
8232.78 8178.19 8083.66 7948.06 7875.9 7836.6 7796.51 7801.04 7809 7796.59 7787.48 7807.75 7807.09 7791.53 7771.32 7786.08 7809.59 7818.11 7864.24 7923.02 7947.21 7966.02 7981.97 7998.64 8016.92 8039.54 8068.83 8095.16 8125.65 8159.75 8231.8 8295.05 8342.34 8417.98 8551.27 8572.38 8603.71 8644.2 8696.06 8766.84 8865.62 9009.37 9191.01 9401.57 9562.91 9732.11 9816.71 9759.08 9684.88 9610.22 9523.31 9473.37 9443.61 9429.55 9420.67 9413.85 9410.25 9412.66 9397.59 9377.52 9362.06 9349.21 9337.02 9325.7 9309.01 9312.2 9304.64
8120.96 8048.39 7959.92 7853.5 7797.28 7753.12 7738.98 7749.16 7771.7 7795.37 7735.98 7767.05 7755.14 7731.87 7697.53 7704.44 7719.94 7714.86 7758.14 7829.71 7871.03 7894.12 7912.36 7926.16 7942.89 7962.31 7983.48 8013.64 8061.46 8130.65 8186.15 8240.43 8318.07 8390.54 8439.48 8465.37 8494.98 8529.05 8572.19 8627.09 8714.62 8847.28 9000.07 9193.29 9419.27 9607.71 9723.35 9731.55 9697.32 9632.47 9560.37 9511.33 9462.42 9432.85 9422.62 9415.67 9410.66 9402.9 9391.49 9377.13 9364.89 9352.62 9342.03 9333.09 9328.19 9329.67 9316.45
8015.95 7968.68 7900.48 7823.13 7773.4 7730.06 7720.49 7696.81 7682.64 7709.55 7711.81 7729.32 7716.37 7699.26 7685.67 7676.45 7697.17 7735.15 7774.04 7793.35 7817.02 7838.27 7853.45 7869.79 7884.31 7900.07 7911.82 7940.23 8013.23 8115.12 8138.9 8164.73 8198.55 8237.87 8286.03 8338.7 8378.28 8418.58 8458.67 8504.07 8573.71 8700.08 8826.77 9019.86 9280.08 9459.16 9615.58 9673.49 9694.17 9683.41 9622.49 9565.91 9499.9 9442.3 9427.85 9417.7 9408.93 9397.69 9384.99 9375.31 9365.26 9355.97 9346.26 9338.15 9335.92 9335.56 9322.5
7924.46 7871.36 7859.03 7839.13 7777.93 7736.07 7694.02 7664.62 7646.31 7669.51 7694.85 7694.79 7685.12 7671.77 7658.01 7664.81 7686.64 7725.03 7758.86 7764.9 7775.06 7786.63 7799.34 7812.42 7831.77 7850.49 7868.24 7902.14 7960.7 8033.03 8064.79 8079.67 8091.53 8130.78 8182.79 8228.09 8270.64 8313.66 8356.82 8418.16 8501.72 8599.52 8721.26 8904.58 9116.69 9295.62 9477.8 9573.98 9651.63 9690.89 9645.65 9583.89 9513.1 9458.84 9436.71 9421.21 9410.17 9399.17 9383.59 9380.46 9370.01 9360.4 9351.43 9341.91 9334.16 9339.23 9329.87
7853.08 7799.94 7808.45 7801.82 7759.85 7724.63 7670.77 7648.23 7643.19 7649.26 7660.1 7660.48 7657.88 7651.24 7646.16 7648.09 7668.2 7692.61 7715.1 7726.91 7736.14 7743.38 7751.28 7762.76 7785.34 7809.99 7838.17 7871.76 7894.68 7946.82 7983.28 8003.85 8021.52 8068.32 8099.52 8132.96 8178.5 8224.2 8267.87 8305.99 8393.6 8525.42 8648.65 8793.6 8962.35 9113.35 9274.56 9421.07 9555.68 9645.86 9650.71 9584.71 9521.22 9480.18 9449.03 9428.75 9415.18 9411.59 9419.13 9388.82 9372.18 9363.75 9358.11 9353.6 9350.03 9349.06 9348.78
7801.3 7767.31 7757.49 7750.16 7719.3 7670.89 7643.95 7634.19 7625.11 7631.22 7635.69 7634.38 7637.55 7635.84 7633.89 7634.01 7650.54 7664.33 7676.92 7691.5 7698.77 7703.22 7708.08 7719.44 7744.71 7773.63 7805.12 7833.24 7848.35 7877.07 7913.74 7935.25 7950.53 7947.73 7993.34 8041.8 8091.55 8143.84 8202.41 8256.09 8342.93 8466.33 8616.49 8691.62 8763.2 8923.07 9066.49 9259.53 9450.37 9598.71 9649.44 9574.38 9520.83 9489.93 9457.62 9433.3 9416.79 9404.05 9375.98 9375.26 9369.75 9367.05 9365.37 9364.6 9360.74 9358.35 9364.52
7735.04 7697.51 7706.27 7702.92 7684.7 7661.26 7638.04 7623.55 7612.47 7611.24 7612.62 7618.66 7621.93 7623.86 7624.3 7622.74 7637.28 7651.49 7656.51 7661.41 7664.8 7667.92 7671.63 7682.95 7709.31 7739.36 7771.22 7804.05 7819.54 7836.07 7860.76 7878.71 7883.06 7885.9 7916.08 7963.38 8013.62 8071.46 8146.23 8247.18 8293.75 8363.25 8482.3 8542.99 8631.24 8753.43 8918.57 9134.74 9366.48 9569.24 9655.96 9596.16 9540.47 9500.41 9462.47 9438.26 9416.48 9393.24 9369.83 9362.07 9364.75 9368.31 9371.91 9374.83 9373.5 9369.87 9370.64
7673.28 7645.5 7653.34 7660.21 7656.52 7648.33 7626.67 7613.44 7603.68 7598.68 7604.55 7606.09 7609.59 7613.65 7619.03 7623.72 7627.02 7636.11 7635.11 7634.7 7635.6 7637.28 7642.19 7654.96 7677.43 7703.92 7732.36 7758.03 7777.66 7798.21 7819.95 7839.68 7840.84 7828.76 7854.87 7895.5 7942.09 7992.9 8051.44 8127.85 8175.38 8211.83 8222.1 8331.71 8421.63 8595.9 8824.18 9046.34 9252.29 9474.13 9614.69 9645.74 9575.08 9494.65 9469.5 9446.94 9422.43 9396.19 9371.55 9360.49 9364.45 9370.89 9376.37 9380.63 9375.7 9371.27 9368.27
7629.9 7617.01 7627.13 7629.7 7628.14 7624.62 7608.73 7604.46 7596.18 7587.78 7587.74 7592.5 7597.63 7602.86 7607.46 7604.66 7603.47 7601.77 7607.4 7608.59 7609.03 7609.77 7613.38 7626.01 7646.33 7669.71 7692.29 7714.65 7735.38 7760.07 7777.54 7808.2 7807.08 7780.89 7800.73 7836.32 7875.15 7913.81 7946.05 7965.18 8047.69 8101.99 8148.61 8209.88 8316.51 8500.53 8715.88 8930.61 9109.68 9367.72 9557.5 9642.67 9597.54 9516.22 9490 9468.66 9442.05 9409.55 9379.46 9365.22 9367.33 9373.08 9379.52 9381.11 9371.61 9364.25 9362.32
7618.87 7605.38 7609.09 7607.08 7601.99 7595.24 7596.89 7594.94 7590.43 7583.58 7579.11 7580.57 7586.85 7591.69 7594.25 7591.39 7574.57 7578.34 7584.09 7586.57 7587.53 7587.85 7587.03 7598.93 7618.48 7637.67 7655.77 7673.69 7690.03 7706.37 7723.52 7754.74 7754.99 7731.62 7755.17 7785.27 7819.04 7851.43 7881.38 7919.24 7975.08 8037.79 8101.41 8160.07 8247.36 8382.45 8590.89 8806.26 9036.57 9292.06 9514.14 9633.91 9625.77 9564.68 9535.61 9506.64 9472.68 9432.9 9400.42 9382.55 9373.08 9375.73 9381.33 9381.8 9364.56 9358.18 9357.2
7615.85 7596.04 7589.69 7589.31 7582.43 7578.62 7579.35 7588.19 7590.95 7593.3 7583.38 7577.22 7579.4 7582.07 7582.89 7580.73 7570.02 7567.91 7567.22 7567.97 7569.05 7572.26 7577.83 7584.51 7595.71 7609.45 7622.99 7636.11 7654.48 7661.38 7665.1 7665.71 7675.42 7690.48 7716.32 7745.53 7776.09 7807.2 7835.81 7873.82 7925.82 7987.29 8052.08 8112.44 8190.35 8312.93 8503.99 8721.09 8980.23 9251.61 9501.53 9655.95 9661.81 9631.14 9595.76 9554.25 9502.93 9452.06 9409.54 9381.14 9372.52 9374.65 9380.29 9378.34 9360.16 9351.73 9350.41
7620.63 7603.6 7595.81 7582.09 7570.27 7565.7 7580.86 7588.85 7592.45 7591.82 7584.26 7577.02 7574.39 7574 7572.87 7567.89 7562.54 7557.43 7555.47 7553.35 7552 7555.35 7568.69 7568.02 7573.76 7583.49 7595.47 7604.65 7612.81 7625.66 7614.32 7614.27 7638.99 7664.65 7685.95 7711.5 7740.65 7772.62 7804.98 7839.64 7885.8 7939.21 8004.51 8082.38 8159.53 8271.72 8446.69 8659 8919.99 9206.89 9460.46 9630.54 9666.51 9674.44 9646.75 9590.94 9525.96 9464.02 9409.75 9375.33 9366.47 9371.71 9380.48 9380.28 9358.81 9345.92 9338.45
7610.52 7599.9 7589.81 7577.65 7567.93 7563.66 7566.4 7573.85 7578.48 7578.07 7574.46 7569.99 7567.72 7566.05 7564.81 7564.81 7560.82 7553.79 7544.64 7539.1 7534.84 7530.52 7526.78 7540.11 7550.87 7560.59 7569.33 7577.88 7580.59 7593.65 7583.37 7594.63 7616.76 7638.95 7657.29 7679.63 7706.79 7741.08 7784.57 7817.61 7847.7 7896.04 7970.63 8053.67 8129.62 8236.17 8388.62 8603.35 8842.78 9113.54 9356.48 9527.03 9616.25 9663.78 9655.33 9600.37 9531.11 9464.08 9407.47 9365.9 9360.52 9364.96 9374.96 9377.1 9358.14 9337.48 9321.46
7592.5 7587.07 7578.73 7569.86 7565.11 7559.21 7552.58 7553.47 7558.33 7563.36 7566.36 7564.22 7561.04 7558.64 7556.27 7553.75 7549.64 7542.5 7532.27 7525.38 7520.74 7513.25 7505.53 7518.07 7529.24 7537.83 7545.26 7551.59 7546.05 7537.19 7549.05 7570.87 7597.39 7610.34 7627.44 7649.85 7673.92 7704.86 7737.36 7770.44 7802.8 7846.28 7927.91 8026.24 8090.73 8166.9 8311.79 8489.18 8717.13 9000.13 9243.03 9415.36 9527.29 9598.65 9616.82 9576.92 9510.47 9448.8 9400.29 9367.49 9357.47 9357.18 9359.08 9360.79 9351.37 9325.88 9302.32
7582.76 7560.46 7556.59 7558.62 7557.95 7552.83 7546.16 7544.65 7548.86 7554.49 7558.44 7557.32 7553.03 7549.26 7544.44 7536.28 7518.47 7519.08 7517.51 7515.69 7512.92 7512.79 7513.58 7510.12 7513.31 7517.08 7520.58 7526.35 7525.45 7506.15 7500.38 7506.09 7533.48 7566.64 7593.56 7619.49 7644.13 7668.72 7688.76 7723.36 7760.15 7804.36 7877.59 7963.77 8043.98 8130.95 8252.55 8404.84 8638.18 8898.74 9136.72 9296.7 9409.28 9504.4 9558.46 9511.95 9460.61 9416.46 9383.81 9357.45 9352.37 9349.81 9345.81 9346.22 9337.95 9312.76 9287.83
7568.56 7558.46 7550.26 7548.33 7550.66 7545.53 7541.87 7541.15 7543.87 7552.04 7552.99 7542.25 7545.68 7539.69 7531.07 7521.66 7490.75 7497.77 7506.68 7509.71 7509.28 7507.61 7506.78 7502.4 7499.83 7497.08 7492.23 7485.74 7469.83 7471.33 7475.84 7481.62 7498.64 7529.42 7560.38 7588.62 7614.77 7640.9 7666.39 7695.56 7730.12 7772.54 7837.57 7918.66 8012.39 8111.15 8218.06 8346.34 8540.65 8771.56 8997.56 9146.2 9254.42 9339.36 9385.33 9386.39 9374.46 9365.23 9356.91 9351.87 9349.98 9343.07 9335.23 9327.84 9316.98 9300.92 9283.19
7561.98 7554.72 7547.54 7537.65 7527.97 7533.34 7537.79 7540.39 7541.4 7548.75 7552.48 7553.8 7544.44 7532.19 7518.32 7502.15 7491.29 7494.85 7503.36 7508.79 7508.7 7499.72 7494.86 7496.5 7490.27 7479.49 7464.45 7445.45 7426.42 7429.18 7448.7 7461.14 7477.86 7503.39 7532.52 7561.97 7591.06 7622.3 7646.83 7675.89 7707.62 7753.06 7813.72 7894.92 7997.15 8106.55 8198.74 8266.89 8413.05 8625.21 8810.38 8974.15 9085 9152.46 9185.65 9233.34 9272 9301.36 9321.98 9339.5 9345.44 9335.6 9319.4 9309.59 9301.55 9295.23 9289.37
7571.36 7563.2 7547.17 7531.39 7521.54 7525.91 7533.23 7537.67 7539.59 7544.23 7553.2 7550.87 7540.1 7524.98 7510.64 7499.48 7502.85 7501.5 7505 7512.71 7517.18 7514.37 7507.28 7498.09 7484.2 7466.47 7444.92 7417.85 7400.26 7399.75 7418.68 7437.76 7457.55 7480.76 7505.46 7534.17 7566.85 7607.23 7646.2 7659.04 7682.78 7725.49 7796.9 7887.12 7987.44 8085.08 8167.68 8249.2 8386.23 8580.43 8709.76 8852.24 8946.03 8999.55 9024.98 9097.97 9182.5 9244.49 9288.51 9322.61 9338.98 9327.16 9307.61 9290.92 9290.91 9295.51 9300.78
7566.66 7563.11 7543.69 7528.1 7520.57 7523.62 7530.53 7537.98 7540.37 7540.78 7541.01 7543.95 7533.77 7515.37 7499.47 7494.08 7493.6 7495.86 7502.95 7515.43 7528.54 7537.74 7525.05 7504.36 7482.87 7459.7 7436.57 7415.98 7389.16 7382.84 7395.55 7415.03 7439.98 7457.66 7477.38 7502.57 7533.89 7574.59 7612.43 7631.45 7659.01 7709.12 7783.73 7879.61 7985.88 8094.74 8212.45 8334.39 8500.9 8632.97 8735.74 8792.16 8855.5 8905.5 8944.22 9028.49 9131.14 9208.26 9265.16 9306.57 9330.21 9320.59 9298.8 9285.13 9289.39 9299.61 9309.23
7562.04 7546.27 7535.19 7524.07 7519.38 7524.09 7530.73 7538.63 7545.15 7549.27 7553.51 7549.72 7533.31 7504.11 7476.77 7463.03 7464.78 7477.94 7491.81 7512.22 7532.14 7543.99 7531.17 7507.04 7480.46 7453.36 7428.39 7407.18 7386.64 7377.46 7378.08 7390.59 7417.08 7433.17 7450.13 7469.22 7492.34 7525.89 7561.03 7593.97 7631.64 7699.6 7805.54 7888.78 7983.33 8094.96 8210.04 8334.49 8535.1 8619.22 8678.99 8730.05 8797.17 8866.36 8928.62 9021.38 9121.62 9200.49 9257.48 9298.97 9323.94 9318.63 9302.59 9293.65 9296.6 9305.42 9315.36
7573.87 7542.66 7529.13 7521.94 7520.73 7526.25 7536.74 7552.46 7567.03 7577.49 7570.55 7564.1 7537.11 7487.89 7447.48 7433.54 7432.77 7451.79 7471.33 7497.55 7526.22 7540.88 7528.74 7503.66 7475.42 7446.87 7419.16 7395.88 7382.5 7375.81 7358.5 7377.44 7395.97 7407.69 7419.47 7431.34 7446.95 7471.32 7508.34 7557.33 7618.15 7688.86 7779.4 7868.57 7962.13 8065.64 8183.11 8305.37 8482.85 8514.61 8548.76 8646.22 8751.8 8856.45 8962.31 9063.47 9145.39 9213.7 9266.75 9302.86 9321.31 9321.39 9309.84 9303.85 9303.93 9310.05 9317.27
7571.9 7540.07 7524.97 7520.25 7521.15 7528.04 7541.45 7565.81 7620.79 7616.43 7603.36 7579.62 7529.74 7456.48 7401.56 7397.27 7407.62 7418.18 7439.26 7472.15 7512.24 7540.21 7518.27 7491.35 7465.37 7439.13 7415.81 7394.38 7375.7 7357.56 7360.72 7368.33 7378.88 7384.58 7391.78 7398.22 7406.02 7419.18 7461.57 7523.66 7596.2 7667.68 7736.35 7833.9 7921.3 8011.91 8121.79 8218.66 8349.23 8354.71 8425.48 8583.1 8730.76 8868.95 8994.83 9100.99 9187.17 9250.67 9290.18 9316.01 9329.77 9326.39 9314.69 9306.31 9306.15 9311.23 9316.47
7540.21 7525.41 7519.47 7518.51 7520.74 7528.03 7539.82 7557.25 7598.77 7616.14 7613.2 7566.14 7486.57 7400.72 7343.14 7349.11 7365.7 7371.31 7399.31 7435.25 7474.19 7500.32 7487.43 7467.95 7448.93 7429.14 7410.48 7389.64 7368.75 7361.3 7351.42 7353.72 7359.4 7363.03 7367.03 7371.65 7375.94 7386.4 7434.38 7497.87 7559.19 7653.88 7745.61 7815.62 7885.23 7945.74 7985.62 8066.45 8166.72 8278.07 8404.56 8564.69 8740.6 8904.45 9046.35 9156.39 9252.63 9307.83 9331.53 9337.02 9333.72 9322.84 9306.59 9297.52 9303.99 9310.26 9313.36
7516.91 7515.41 7514.69 7514 7519.39 7527.95 7538.04 7551.58 7586.08 7581.15 7543.67 7475.82 7389.48 7331.12 7271 7249.61 7304.35 7336.02 7364.7 7393.56 7412.6 7429.98 7443.28 7440.92 7428.2 7413.83 7396.54 7374.13 7350.78 7335.54 7327.35 7317.05 7340.19 7344.32 7347.52 7352.9 7366.14 7387.94 7430.85 7492.75 7573.68 7648.64 7741.65 7798.89 7861.69 7914.83 7958.26 8064.62 8167.01 8265.07 8406.47 8582.75 8775.24 8963.17 9137.93 9269.19 9354.95 9383.63 9382.34 9362.98 9339.65 9319.79 9307.95 9301.61 9303 9309.07 9313.11
7511.72 7513.24 7512.82 7515.03 7520.4 7533.14 7546.56 7561.12 7582.23 7540.7 7465.38 7384.68 7330.82 7283.45 7248.65 7221.04 7277.32 7331.4 7350.38 7369.64 7372.76 7387.75 7413.82 7418.7 7409.37 7394.96 7381.24 7352.64 7322.08 7294.27 7289.22 7297.72 7322.22 7329.49 7332.88 7339.93 7359.47 7396.3 7435.77 7487.58 7538.91 7607 7681.89 7773.78 7854.4 7927.09 7999.21 8141.48 8209.84 8272.91 8419.13 8614.6 8825.6 9039.15 9242.97 9426.36 9476.89 9463.69 9430.58 9388.28 9336.21 9319.73 9305.11 9296.23 9298.74 9309.6 9317.99
7516.99 7514.32 7508.26 7505.54 7520.36 7537.19 7556.43 7580.53 7560.53 7502.32 7418.17 7329.84 7283.43 7249.82 7235.92 7240.35 7275.47 7322.9 7351.87 7377.26 7379.89 7395.34 7412.88 7410.67 7392.6 7366.82 7343.28 7318.43 7291.73 7268.72 7257.95 7293.89 7318.33 7314.18 7314.64 7323.88 7341.35 7372.51 7433.18 7494.1 7549.16 7594.47 7662.65 7760.39 7855.3 7955.94 8075.2 8114.6 8208.97 8304.11 8450.3 8653.12 8868.9 9094.31 9315.09 9510.1 9559.51 9527.64 9476.58 9415.9 9344.67 9311.96 9274.67 9272.88 9288.03 9307.36 9328.27
7513.38 7509.39 7505.31 7507.41 7522.71 7541.25 7558.34 7579.05 7573.46 7503.94 7403.27 7312.59 7253.83 7221.64 7208.32 7225.64 7269.68 7319.65 7372.47 7421.87 7440.48 7446.98 7440.07 7417.41 7384.97 7341.86 7295.74 7281.57 7263.02 7239.69 7216.83 7265.11 7287.6 7279.72 7287.84 7304.8 7327.55 7365.83 7435.06 7510.11 7573.41 7617.9 7680.2 7763.9 7858.42 7961.63 8070.29 8138.21 8214.95 8318.91 8473.11 8677.92 8899.19 9125.9 9342.24 9520.08 9585.4 9559.66 9505.37 9438.18 9349.79 9289.56 9253.45 9260.53 9279.67 9297.51 9310.23
7511.02 7508.08 7505.55 7511 7526.92 7547.35 7565.6 7582.11 7583.29 7511.55 7393.92 7285.82 7229.09 7206.76 7206.65 7223.43 7272.47 7328.61 7410.16 7490.34 7553.52 7522.14 7474.21 7429.06 7385.61 7337.66 7280.15 7261.87 7236.84 7221.06 7196.96 7186.73 7200.22 7226.53 7255.68 7288.5 7327.54 7375.41 7440.28 7509.79 7567.65 7610.48 7680.22 7765.77 7856.01 7940.33 8035.1 8152.82 8229.29 8329.32 8491.59 8699.83 8916.5 9135.61 9341.02 9507.05 9582.97 9571.63 9523.81 9456.58 9370.89 9320.54 9279.2 9270.51 9279.4 9289.37 9298.33
7519.27 7509.1 7504.56 7512.64 7527.75 7550.24 7574.51 7590.09 7564.76 7486.69 7382.41 7283.22 7230.14 7209.8 7206.1 7232.04 7294.43 7362.58 7451.68 7539.77 7593.1 7553.3 7487.47 7428.67 7383.29 7358.7 7325.05 7253.07 7203.75 7164.44 7138.66 7133.49 7141.71 7180.2 7224.58 7273.92 7332.6 7389.39 7441.97 7500.68 7550.75 7597.59 7677.81 7772.48 7865.75 7945.02 8030.29 8147.23 8250.18 8352.26 8513.28 8712.68 8923.86 9136.06 9331.08 9484.81 9566.47 9574.66 9535.49 9473.63 9393.06 9342.99 9305.84 9288.3 9286.82 9286.27 9276.94
