real_craters/C179-750m.grd
DSAA
197 197
-73.6575 73.6575
-73.6575 73.6575
7064.6812283489 10077.145440171
[rows 152 to 189 of 197, columns 0 to 83 of 197]
8879 8876 8871 8864 8864 8865 8866 8874 8895 8903 8909 8908 8906 8913 8905 8925 8935 8938 8939 8956 8974 8979 8995 9014 9024 9023 9017 8994 9010 8991 8984 8976 8978 8981 8967 8951 8913 8866 8862 8859 8873 8915 8931 8940 8948 8951 8954 8949 8950 8951 8951 8952 8949 8953 8952 8953 8972 8995 9008 8986 8959 8940 8924 8905 8889 8899 8909 8919 8927 8929 8927 8925 8922 8927 8935 8955 8985 9014 9016 9017 9017 9026 9059 9087
8872 8870 8865 8856 8861 8866 8872 8888 8901 8909 8916 8919 8901 8889 8917 8936 8944 8941 8945 8956 8971 8974 8981 8988 9013 9016 9018 9015 9004 8990 8985 8983 8980 8978 8964 8937 8880 8856 8873 8902 8914 8930 8940 8945 8948 8952 8950 8949 8954 8953 8953 8957 8950 8956 8963 8973 8988 9008 9014 8984 8947 8927 8912 8898 8891 8892 8898 8906 8911 8914 8915 8914 8911 8912 8926 8945 8971 8987 8999 9011 9019 9041 9065 9092
8866 8862 8860 8860 8863 8868 8875 8889 8903 8911 8918 8922 8911 8910 8916 8930 8934 8939 8943 8957 8962 8962 8973 8979 8985 9009 9013 9020 9004 8975 8985 8976 8971 8961 8931 8890 8867 8865 8890 8916 8931 8940 8949 8953 8954 8956 8950 8946 8943 8953 8962 8960 8943 8959 8978 8986 8989 9002 9003 8973 8944 8921 8905 8895 8893 8890 8892 8898 8903 8906 8907 8907 8907 8912 8932 8956 8965 8971 8987 9003 9020 9036 9053 9081
8862 8853 8850 8864 8866 8870 8877 8890 8902 8909 8914 8917 8915 8914 8917 8926 8933 8942 8950 8963 8949 8963 8976 8985 8996 9004 9004 9007 8979 8987 8980 8961 8946 8914 8876 8860 8848 8887 8917 8928 8951 8959 8960 8960 8959 8953 8950 8945 8942 8951 8958 8952 8942 8953 8954 8959 8967 8976 8973 8952 8929 8911 8899 8890 8886 8883 8886 8892 8898 8903 8904 8906 8907 8916 8939 8962 8966 8967 8978 8979 9002 9029 9047 9059
8861 8858 8860 8864 8866 8871 8880 8890 8898 8903 8907 8909 8909 8914 8920 8928 8944 8948 8952 8963 8941 8978 8980 8984 8992 8999 8976 9003 8985 8974 8977 8958 8914 8828 8853 8871 8896 8934 8954 8973 8978 8974 8968 8966 8966 8962 8955 8952 8951 8952 8936 8930 8934 8933 8931 8932 8934 8935 8935 8928 8917 8905 8895 8886 8877 8876 8882 8888 8894 8898 8903 8908 8912 8923 8942 8961 8962 8960 8967 8977 9001 9026 9045 9053
8861 8863 8866 8866 8866 8869 8874 8882 8888 8895 8899 8903 8905 8908 8913 8922 8934 8941 8939 8898 8869 8976 8973 8975 8986 8995 8990 8984 8989 8978 8950 8919 8876 8901 8895 8932 8947 8967 8980 8988 8980 8975 8973 8971 8969 8963 8960 8960 8966 8960 8945 8927 8921 8917 8905 8905 8906 8902 8905 8908 8907 8902 8893 8884 8875 8875 8882 8889 8895 8899 8907 8914 8919 8929 8943 8953 8956 8957 8970 8989 9015 9027 9051 9050
8860 8864 8864 8861 8864 8867 8871 8875 8880 8886 8892 8896 8896 8900 8904 8911 8920 8927 8931 8938 8949 8965 8961 8965 8976 8986 8986 8986 8977 8957 8926 8909 8913 8931 8945 8912 8968 8989 8992 8991 8984 8982 8979 8974 8966 8966 8963 8960 8955 8950 8934 8918 8905 8894 8887 8889 8890 8890 8892 8895 8896 8894 8891 8886 8881 8882 8887 8894 8900 8907 8915 8923 8931 8940 8949 8958 8958 8958 8977 8992 9011 9035 9029 9045
8857 8860 8859 8864 8866 8867 8868 8872 8876 8880 8884 8887 8889 8891 8895 8899 8903 8908 8918 8938 8949 8950 8949 8956 8963 8971 8969 8971 8964 8942 8926 8921 8929 8935 8941 8975 8988 8989 8989 8990 8993 8993 8986 8980 8972 8971 8966 8956 8945 8932 8915 8905 8892 8879 8885 8887 8884 8883 8884 8887 8891 8892 8892 8890 8889 8891 8895 8901 8908 8917 8925 8932 8939 8947 8953 8957 8959 8964 8976 8988 8998 9013 9020 9035
8855 8856 8857 8865 8868 8867 8867 8869 8870 8874 8877 8878 8877 8878 8883 8886 8888 8893 8904 8921 8935 8936 8937 8945 8948 8948 8942 8935 8926 8932 8925 8927 8937 8950 8961 8974 8988 8988 8986 8987 8990 8993 8990 8988 8990 8981 8967 8947 8930 8914 8901 8891 8892 8889 8900 8892 8881 8876 8879 8884 8890 8896 8897 8896 8897 8899 8903 8908 8914 8921 8929 8941 8948 8955 8957 8956 8960 8968 8975 8983 8986 8993 9011 9023
8850 8853 8859 8869 8872 8868 8867 8868 8868 8870 8870 8870 8868 8865 8869 8872 8875 8881 8889 8905 8919 8922 8926 8933 8931 8927 8914 8909 8906 8903 8928 8935 8941 8953 8965 8979 8984 8988 8978 8983 8990 8990 8985 8982 8985 8974 8958 8932 8904 8887 8879 8875 8882 8904 8906 8892 8877 8868 8875 8883 8890 8898 8901 8902 8904 8907 8913 8918 8923 8928 8938 8953 8970 8968 8965 8962 8964 8970 8976 8983 8992 9000 9022 9031
8850 8846 8854 8854 8859 8867 8868 8866 8868 8866 8864 8862 8859 8855 8857 8862 8863 8868 8877 8884 8909 8913 8915 8919 8914 8902 8898 8899 8898 8902 8930 8938 8943 8951 8964 8981 8990 8988 8982 8988 8999 8983 8970 8958 8952 8951 8938 8910 8883 8862 8853 8859 8867 8883 8889 8886 8876 8871 8876 8883 8891 8898 8903 8908 8913 8918 8923 8928 8933 8938 8945 8960 8973 8975 8973 8971 8972 8973 8974 8985 8997 9009 9028 9038
8851 8846 8848 8856 8859 8859 8859 8860 8859 8857 8856 8854 8853 8851 8854 8857 8857 8859 8859 8867 8890 8903 8907 8910 8906 8900 8900 8899 8888 8919 8936 8939 8942 8950 8950 8964 8976 8984 8983 8983 8972 8960 8947 8933 8923 8921 8908 8891 8866 8845 8839 8852 8867 8885 8885 8881 8876 8875 8880 8888 8895 8900 8907 8916 8923 8930 8935 8940 8946 8950 8956 8969 8976 8980 8981 8980 8978 8979 8980 8989 9000 9010 9022 9030
8851 8848 8850 8851 8851 8851 8853 8854 8851 8850 8849 8846 8842 8843 8851 8853 8852 8849 8853 8861 8879 8887 8894 8900 8907 8914 8918 8915 8914 8930 8937 8939 8940 8941 8942 8941 8957 8966 8978 8964 8941 8934 8926 8916 8908 8903 8896 8878 8859 8843 8837 8847 8868 8877 8880 8878 8876 8879 8886 8894 8902 8910 8919 8928 8934 8937 8945 8953 8960 8968 8981 8982 8984 8987 8989 8990 8992 8991 8991 8996 8989 8992 9002 9006
8849 8849 8849 8849 8849 8850 8850 8850 8848 8845 8845 8842 8840 8840 8842 8841 8838 8842 8846 8853 8864 8870 8881 8890 8903 8917 8924 8921 8931 8936 8939 8941 8940 8938 8936 8941 8950 8955 8952 8931 8917 8912 8907 8905 8897 8890 8882 8871 8856 8845 8844 8848 8867 8869 8872 8875 8878 8884 8892 8901 8911 8922 8933 8941 8949 8956 8963 8967 8970 8975 8981 8988 8992 8992 8992 8994 8999 8992 8991 8983 8967 8966 8973 8991
8849 8850 8850 8848 8850 8850 8848 8848 8848 8849 8844 8839 8835 8833 8835 8836 8831 8835 8844 8848 8847 8851 8867 8878 8891 8905 8917 8926 8931 8936 8938 8942 8940 8937 8937 8941 8945 8936 8921 8913 8906 8898 8887 8876 8876 8876 8876 8866 8855 8843 8848 8849 8848 8866 8865 8871 8875 8885 8895 8907 8919 8933 8948 8956 8964 8975 8981 8979 8977 8976 8976 8988 8994 8992 8991 8991 8990 8978 8957 8937 8943 8944 8952 8972
8851 8849 8850 8846 8838 8845 8846 8847 8847 8847 8842 8837 8835 8835 8831 8830 8829 8830 8834 8836 8837 8839 8853 8862 8872 8885 8901 8914 8925 8936 8938 8941 8938 8937 8930 8928 8927 8920 8913 8909 8897 8886 8875 8866 8864 8868 8868 8872 8864 8858 8864 8869 8878 8862 8860 8870 8878 8889 8899 8910 8924 8939 8953 8964 8973 8985 8991 8985 8979 8975 8977 8987 8989 8985 8983 8982 8978 8961 8938 8926 8932 8938 8945 8959
8850 8850 8851 8849 8847 8847 8846 8844 8842 8838 8838 8837 8837 8836 8828 8828 8827 8827 8828 8832 8835 8837 8846 8851 8858 8873 8890 8905 8922 8938 8943 8943 8941 8936 8935 8932 8926 8913 8907 8902 8889 8878 8868 8860 8860 8863 8872 8874 8882 8888 8893 8877 8860 8855 8864 8873 8880 8891 8900 8912 8926 8941 8959 8966 8974 8985 8994 8983 8974 8969 8968 8975 8975 8971 8967 8965 8957 8941 8930 8924 8932 8937 8945 8963
8849 8845 8851 8851 8850 8848 8845 8843 8840 8838 8837 8837 8836 8831 8828 8829 8828 8825 8822 8825 8830 8837 8831 8847 8851 8863 8878 8891 8909 8927 8942 8954 8944 8942 8941 8939 8928 8909 8898 8874 8874 8868 8862 8856 8855 8855 8853 8860 8882 8895 8900 8883 8865 8863 8869 8878 8890 8894 8901 8911 8923 8937 8950 8958 8966 8972 8970 8971 8965 8958 8952 8951 8955 8952 8946 8938 8932 8928 8924 8926 8936 8938 8953 8970
8847 8848 8852 8853 8849 8845 8843 8841 8839 8838 8836 8835 8831 8831 8829 8829 8828 8826 8824 8824 8824 8834 8845 8852 8856 8858 8870 8885 8900 8916 8931 8937 8935 8936 8937 8936 8922 8899 8872 8864 8865 8865 8861 8856 8853 8851 8850 8853 8860 8887 8902 8892 8876 8877 8873 8874 8880 8889 8898 8908 8917 8928 8937 8946 8952 8958 8958 8959 8954 8947 8940 8939 8940 8936 8929 8921 8919 8921 8921 8929 8936 8943 8957 8970
8850 8851 8852 8854 8858 8844 8843 8841 8839 8836 8835 8835 8831 8831 8829 8829 8828 8826 8824 8825 8826 8833 8846 8853 8863 8859 8869 8887 8901 8920 8937 8935 8933 8927 8927 8926 8919 8893 8870 8866 8867 8866 8864 8862 8856 8852 8849 8849 8852 8857 8888 8895 8884 8877 8873 8870 8875 8886 8894 8903 8911 8918 8925 8932 8940 8948 8953 8952 8947 8939 8931 8929 8929 8925 8918 8910 8910 8911 8916 8918 8925 8934 8946 8963
8852 8852 8851 8851 8849 8846 8844 8842 8841 8838 8837 8836 8835 8833 8829 8829 8826 8827 8828 8825 8828 8833 8839 8844 8845 8849 8864 8881 8897 8913 8933 8942 8941 8927 8921 8922 8914 8899 8884 8879 8875 8871 8866 8863 8859 8854 8849 8846 8845 8853 8864 8867 8870 8872 8872 8873 8876 8884 8893 8900 8906 8910 8912 8917 8929 8940 8947 8947 8940 8931 8923 8926 8926 8920 8913 8907 8910 8914 8918 8924 8926 8929 8936 8941
8849 8850 8849 8848 8845 8847 8846 8844 8843 8842 8841 8838 8830 8829 8827 8823 8825 8829 8836 8837 8831 8831 8838 8839 8840 8848 8857 8873 8886 8901 8918 8935 8935 8925 8921 8921 8918 8909 8905 8895 8887 8878 8866 8863 8863 8860 8855 8850 8850 8858 8854 8860 8873 8875 8873 8872 8878 8887 8894 8900 8904 8907 8908 8913 8924 8934 8942 8942 8934 8926 8919 8923 8923 8919 8914 8912 8918 8929 8934 8933 8936 8952 8956 8947
8845 8848 8849 8848 8847 8847 8846 8846 8845 8844 8840 8828 8818 8824 8825 8826 8830 8830 8859 8855 8836 8832 8831 8833 8835 8840 8852 8863 8876 8892 8909 8921 8935 8929 8926 8927 8926 8917 8909 8902 8896 8891 8887 8879 8874 8870 8865 8864 8863 8871 8866 8866 8873 8878 8880 8874 8885 8892 8898 8903 8906 8909 8912 8918 8924 8932 8937 8937 8930 8921 8914 8915 8920 8920 8917 8916 8922 8929 8931 8937 8945 8955 8959 8961
8845 8849 8850 8849 8848 8847 8847 8847 8846 8843 8836 8830 8826 8828 8828 8830 8831 8831 8848 8853 8832 8828 8829 8830 8831 8835 8839 8850 8867 8884 8900 8911 8924 8932 8928 8926 8924 8922 8916 8907 8901 8901 8904 8896 8887 8881 8876 8869 8875 8880 8875 8869 8871 8882 8891 8899 8898 8900 8903 8906 8908 8912 8915 8919 8925 8930 8934 8934 8927 8918 8911 8919 8924 8922 8921 8922 8925 8929 8933 8941 8950 8955 8961 8962
8850 8850 8850 8850 8849 8849 8847 8846 8845 8843 8839 8828 8832 8833 8833 8832 8832 8828 8831 8832 8830 8845 8839 8825 8825 8829 8834 8840 8856 8878 8898 8906 8916 8924 8927 8925 8923 8926 8923 8906 8905 8904 8905 8900 8894 8893 8893 8898 8913 8906 8880 8874 8879 8890 8900 8905 8907 8907 8907 8908 8911 8915 8919 8925 8927 8929 8932 8932 8925 8917 8911 8917 8920 8922 8927 8929 8928 8929 8932 8942 8951 8957 8964 8961
8850 8851 8849 8849 8849 8850 8847 8845 8843 8841 8838 8832 8834 8840 8849 8834 8827 8825 8826 8824 8829 8834 8826 8818 8821 8824 8828 8834 8848 8871 8888 8902 8913 8922 8927 8925 8922 8925 8924 8915 8907 8905 8905 8902 8899 8898 8902 8912 8916 8904 8884 8880 8889 8900 8910 8915 8910 8908 8907 8909 8911 8916 8920 8923 8925 8927 8928 8926 8923 8918 8915 8910 8911 8920 8925 8928 8927 8927 8929 8936 8949 8957 8965 8957
8852 8852 8851 8850 8849 8847 8846 8844 8842 8839 8834 8836 8836 8837 8834 8830 8825 8824 8823 8824 8823 8821 8817 8820 8816 8818 8822 8830 8851 8864 8880 8898 8911 8920 8927 8928 8920 8916 8910 8902 8903 8904 8905 8900 8897 8897 8901 8912 8904 8894 8890 8905 8908 8908 8909 8910 8908 8906 8906 8908 8910 8916 8919 8922 8925 8925 8925 8924 8922 8921 8919 8917 8918 8922 8923 8925 8926 8926 8932 8937 8946 8955 8963 8961
8850 8851 8852 8849 8847 8846 8844 8842 8840 8838 8838 8836 8834 8833 8830 8825 8823 8823 8822 8821 8821 8819 8818 8819 8817 8815 8816 8819 8841 8859 8876 8894 8913 8924 8928 8928 8921 8915 8907 8899 8900 8903 8902 8896 8891 8886 8882 8872 8867 8881 8902 8917 8913 8907 8905 8902 8900 8899 8899 8903 8907 8911 8917 8921 8923 8923 8924 8922 8923 8924 8927 8928 8929 8930 8929 8928 8929 8929 8938 8939 8944 8952 8955 8958
8849 8850 8850 8847 8846 8843 8841 8840 8838 8837 8838 8837 8834 8831 8827 8825 8821 8821 8821 8820 8821 8821 8825 8821 8812 8814 8815 8816 8829 8858 8874 8893 8917 8934 8928 8929 8923 8918 8910 8905 8901 8898 8894 8890 8883 8875 8863 8852 8862 8885 8908 8914 8907 8896 8886 8886 8887 8890 8894 8898 8902 8910 8913 8915 8918 8920 8924 8928 8925 8921 8926 8942 8953 8946 8933 8934 8935 8937 8943 8942 8943 8958 8956 8960
8855 8851 8850 8847 8844 8842 8840 8839 8838 8837 8838 8837 8833 8829 8826 8823 8820 8819 8820 8819 8818 8819 8816 8817 8814 8815 8814 8816 8830 8859 8875 8900 8874 8847 8910 8939 8927 8920 8913 8909 8901 8892 8887 8884 8879 8869 8857 8851 8872 8896 8911 8908 8900 8884 8868 8870 8876 8881 8887 8893 8897 8902 8908 8913 8917 8917 8922 8926 8924 8917 8923 8949 8977 8963 8948 8946 8943 8944 8948 8949 8954 8956 8959 8964
8853 8850 8849 8846 8843 8840 8838 8838 8837 8837 8838 8838 8831 8827 8825 8822 8821 8821 8821 8820 8819 8817 8815 8814 8815 8814 8814 8816 8833 8848 8874 8898 8802 8811 8897 8946 8933 8924 8914 8905 8899 8892 8887 8885 8881 8876 8871 8868 8895 8908 8910 8908 8893 8874 8862 8863 8869 8876 8882 8889 8896 8902 8906 8907 8904 8912 8916 8920 8919 8915 8919 8928 8931 8956 8974 8953 8946 8946 8950 8957 8965 8958 8960 8969
8852 8848 8845 8844 8841 8839 8838 8837 8837 8836 8835 8831 8827 8824 8823 8822 8821 8822 8820 8819 8817 8816 8813 8812 8815 8814 8815 8820 8830 8838 8860 8886 8878 8885 8922 8944 8941 8933 8920 8908 8900 8897 8893 8890 8889 8890 8894 8904 8915 8913 8910 8905 8878 8864 8855 8859 8866 8873 8881 8889 8896 8900 8904 8906 8908 8909 8910 8910 8909 8911 8911 8908 8905 8918 8931 8937 8939 8946 8950 8960 8968 8956 8958 8967
8853 8847 8846 8840 8839 8839 8838 8838 8838 8837 8834 8830 8825 8822 8822 8822 8820 8820 8818 8818 8818 8817 8812 8814 8817 8814 8814 8817 8823 8828 8841 8866 8893 8921 8930 8935 8939 8940 8931 8918 8906 8899 8895 8893 8893 8899 8909 8916 8914 8913 8911 8892 8866 8859 8856 8861 8869 8876 8882 8890 8896 8900 8904 8906 8908 8908 8907 8906 8907 8913 8908 8900 8896 8901 8910 8920 8925 8934 8944 8953 8958 8958 8958 8966
8853 8845 8843 8838 8838 8839 8840 8839 8837 8836 8832 8828 8825 8825 8823 8821 8818 8818 8818 8818 8818 8817 8814 8816 8817 8815 8815 8817 8824 8830 8830 8847 8868 8896 8914 8929 8936 8937 8936 8925 8912 8900 8892 8891 8895 8904 8914 8917 8914 8909 8898 8878 8863 8864 8866 8868 8874 8879 8886 8893 8898 8901 8905 8907 8908 8907 8906 8904 8904 8910 8904 8896 8891 8897 8904 8910 8914 8924 8941 8948 8951 8952 8954 8963
8851 8845 8845 8839 8839 8840 8841 8838 8835 8832 8829 8827 8826 8826 8824 8820 8815 8817 8818 8818 8816 8815 8814 8814 8818 8816 8817 8818 8820 8829 8830 8836 8846 8869 8893 8910 8924 8931 8932 8920 8913 8887 8882 8884 8889 8897 8908 8904 8901 8889 8873 8866 8861 8864 8870 8875 8879 8885 8890 8895 8899 8903 8906 8909 8911 8910 8905 8902 8903 8909 8901 8893 8885 8891 8899 8905 8911 8920 8933 8944 8946 8946 8948 8955
8848 8845 8842 8841 8841 8840 8838 8836 8832 8829 8827 8826 8827 8826 8824 8821 8816 8815 8814 8813 8813 8815 8813 8814 8817 8816 8819 8820 8820 8825 8836 8840 8840 8852 8872 8888 8903 8913 8912 8893 8864 8858 8866 8873 8879 8883 8880 8876 8875 8869 8864 8865 8865 8871 8878 8884 8888 8890 8894 8896 8901 8904 8907 8909 8913 8910 8905 8900 8898 8902 8899 8892 8884 8882 8896 8906 8913 8923 8932 8936 8939 8939 8943 8953
8844 8843 8842 8845 8843 8840 8838 8835 8831 8828 8826 8828 8830 8829 8823 8821 8817 8813 8810 8811 8812 8812 8811 8811 8815 8819 8819 8819 8820 8828 8836 8843 8843 8846 8854 8864 8881 8906 8908 8884 8862 8856 8861 8871 8876 8878 8877 8874 8874 8873 8872 8875 8876 8891 8892 8892 8893 8894 8896 8899 8901 8904 8906 8908 8910 8908 8904 8900 8896 8898 8897 8895 8895 8895 8902 8911 8918 8924 8928 8932 8935 8937 8943 8956
8842 8842 8842 8834 8838 8838 8836 8832 8829 8827 8828 8833 8823 8811 8812 8818 8816 8813 8811 8810 8810 8812 8810 8812 8811 8817 8817 8816 8816 8825 8832 8841 8842 8845 8849 8854 8866 8890 8902 8883 8858 8855 8860 8867 8873 8875 8876 8880 8879 8882 8896 8888 8884 8897 8899 8897 8896 8896 8897 8898 8901 8903 8905 8906 8908 8907 8904 8901 8900 8899 8894 8892 8895 8901 8910 8918 8927 8923 8928 8931 8938 8942 8952 8967
