real_craters/C179-750m.grd
DSAA
197 197
-73.6575 73.6575
-73.6575 73.6575
7064.6812283489 10077.145440171
[rows 76 to 113 of 197, columns 0 to 83 of 197]
8816 8817 8817 8823 8836 8841 8843 8859 8865 8877 8892 8893 8883 8876 8875 8876 8879 8887 8906 8922 8934 8941 8952 8955 8948 8947 8943 8933 8926 8923 8921 8920 8925 8940 8954 8964 8975 8988 8996 9017 9024 9031 9035 9027 9025 9045 9024 9017 9012 9005 9002 9015 9021 9023 9027 9029 9028 9037 9051 9051 9049 9046 9045 9051 9074 9091 9112 9095 9066 9096 9124 9138 9170 9223 9253 9255 9241 9303 9370 9419 9474 9520 9543 9500
8815 8813 8811 8818 8834 8841 8849 8855 8863 8873 8882 8886 8886 8883 8882 8883 8888 8901 8925 8941 8947 8952 8956 8957 8953 8950 8945 8940 8931 8926 8923 8921 8924 8941 8957 8970 8983 9000 9016 9038 9043 9050 9053 9050 9044 9031 9016 9019 9013 9010 9005 9016 9019 9019 9019 9016 9020 9030 9037 9041 9042 9040 9039 9070 9090 9112 9111 9099 9090 9099 9130 9182 9243 9284 9273 9248 9280 9349 9392 9421 9452 9486 9493 9443
8815 8811 8807 8812 8827 8837 8846 8852 8863 8875 8882 8887 8892 8886 8886 8888 8898 8914 8933 8948 8954 8957 8961 8966 8960 8955 8942 8936 8957 8950 8938 8936 8940 8955 8969 8981 8994 9015 9033 9044 9048 9049 9046 9031 9023 9009 9014 9011 9008 9009 9013 9021 9014 9014 9013 9011 9015 9021 9027 9034 9036 9042 9055 9076 9100 9121 9125 9114 9103 9114 9168 9264 9350 9360 9336 9321 9418 9396 9389 9396 9406 9418 9404 9286
8815 8809 8806 8812 8824 8831 8836 8844 8859 8879 8882 8886 8893 8887 8887 8890 8908 8923 8934 8948 8952 8959 8963 8967 8968 8965 8961 8966 8973 8968 8963 8959 8963 8976 8992 8996 9009 9024 9036 9050 9049 9038 9029 9019 9006 8995 8988 8995 8996 9002 9013 9016 9012 9013 9014 9010 9011 9018 9028 9031 9034 9043 9063 9082 9095 9115 9127 9123 9125 9173 9226 9367 9495 9434 9411 9439 9411 9399 9367 9339 9319 9305 9290 9201
8812 8807 8805 8807 8815 8824 8832 8836 8847 8864 8871 8871 8879 8876 8884 8901 8917 8928 8940 8953 8958 8960 8961 8963 8962 8961 8961 8962 8967 8965 8969 8979 8985 8987 8993 8999 9004 9021 9033 9038 9043 9034 9021 9006 9000 8998 8995 8994 8995 9002 9015 9016 9007 9012 9016 9020 9009 9014 9023 9023 9024 9034 9055 9069 9071 9081 9119 9152 9195 9298 9389 9451 9458 9404 9442 9468 9434 9373 9311 9261 9213 9155 9084 8930
8811 8805 8802 8806 8813 8823 8832 8839 8846 8855 8869 8859 8875 8870 8884 8899 8913 8927 8939 8949 8953 8957 8957 8958 8958 8953 8951 8948 8944 8948 8958 8972 8980 8987 8995 8994 9001 9012 9019 9027 9032 9015 9012 9008 9001 8995 8997 8990 8993 9009 9017 9021 9017 9014 9015 9013 9010 9011 9005 9004 9009 9013 9031 9041 9036 9060 9153 9213 9279 9405 9451 9475 9487 9450 9452 9465 9375 9305 9245 9176 9104 9011 8882 8733
8807 8802 8801 8806 8816 8830 8841 8851 8861 8868 8898 8907 8853 8905 8897 8905 8916 8924 8931 8939 8947 8949 8950 8951 8950 8945 8945 8941 8941 8944 8948 8953 8961 8966 8974 8981 8988 8992 8996 8997 9013 9008 8997 8989 8980 8998 8999 8993 8987 9029 9015 9023 9027 9016 9017 9019 9020 9018 9017 9018 9006 8993 9007 9025 9038 9105 9212 9291 9355 9454 9467 9485 9520 9461 9436 9437 9347 9264 9195 9112 9015 8898 8732 8618
8803 8802 8805 8815 8823 8833 8849 8865 8880 8875 8897 8911 8941 8907 8906 8912 8918 8924 8928 8933 8938 8942 8944 8943 8943 8941 8938 8938 8941 8935 8945 8952 8953 8947 8954 8966 8966 8963 8972 8979 8983 8984 8976 8972 8978 8989 8995 8999 9000 8998 9012 9021 9003 9012 9031 9032 9028 9025 9025 9018 9008 9006 8978 9015 9081 9169 9293 9382 9436 9533 9557 9547 9500 9392 9374 9356 9296 9237 9149 9050 8941 8834 8737 8560
8809 8803 8808 8828 8842 8847 8858 8871 8881 8877 8881 8883 8893 8898 8906 8914 8920 8927 8928 8929 8934 8935 8940 8946 8953 8946 8943 8947 8947 8947 8952 8963 8964 8962 8966 8968 8956 8943 8945 8941 8946 8948 8953 8959 8965 8984 9005 9021 9016 9008 9014 9016 9007 9010 9026 9029 9021 9028 9025 9015 9007 8988 8972 9013 9057 9180 9341 9450 9524 9603 9600 9569 9471 9362 9318 9283 9231 9196 9125 9001 8864 8748 8679 8488
8808 8804 8814 8835 8848 8862 8868 8874 8878 8881 8884 8887 8889 8898 8907 8920 8934 8931 8930 8933 8935 8934 8938 8946 8961 8964 8966 8964 8958 8955 8958 8965 8977 8988 8990 8993 8985 8972 8957 8940 8932 8931 8936 8957 8977 9006 9040 9057 9063 9049 9033 9023 9015 9006 8996 9019 9032 9039 9041 9034 9014 8995 8997 9042 9090 9177 9337 9443 9504 9557 9570 9538 9450 9374 9299 9248 9200 9241 9114 8938 8753 8578 8442 8299
8812 8816 8827 8844 8858 8868 8874 8878 8882 8892 8900 8899 8894 8897 8903 8911 8913 8923 8928 8936 8938 8935 8936 8938 8947 8955 8966 8968 8957 8954 8960 8970 8985 8998 9005 9009 9012 9007 8987 8970 8954 8941 8940 8961 8991 9020 9051 9071 9078 9059 9037 9026 9018 9011 9005 9024 9041 9054 9061 9061 9025 9007 9028 9096 9156 9224 9316 9380 9400 9442 9508 9440 9372 9306 9290 9257 9247 9280 9063 8825 8599 8376 8166 8076
8824 8832 8842 8855 8867 8874 8879 8881 8884 8889 8896 8895 8891 8892 8893 8893 8906 8914 8920 8926 8932 8937 8932 8933 8936 8947 8959 8954 8948 8950 8962 8976 8990 9001 9012 9018 9029 9036 9018 8998 8981 8963 8959 8965 8980 8999 9013 9027 9041 9039 9033 9026 9029 9027 9025 9036 9056 9065 9076 9080 9037 9021 9083 9142 9235 9275 9291 9313 9341 9403 9482 9382 9307 9260 9262 9244 9245 9116 8903 8668 8446 8231 8056 7937
8847 8852 8857 8865 8875 8881 8881 8881 8884 8886 8891 8896 8884 8884 8882 8882 8890 8899 8905 8912 8923 8923 8896 8919 8931 8937 8941 8940 8940 8951 8965 8980 8996 9011 9018 9027 9038 9046 9040 9021 9013 8994 8981 8981 8975 8983 8991 8995 8991 8998 9012 9018 9021 9021 9028 9038 9051 9065 9078 9093 9087 9070 9085 9129 9238 9276 9254 9248 9342 9466 9496 9367 9272 9210 9197 9175 9079 8758 8652 8484 8304 8111 7949 7860
8856 8864 8867 8872 8876 8880 8880 8879 8880 8884 8893 8885 8879 8875 8874 8875 8876 8881 8889 8898 8909 8887 8834 8858 8929 8931 8925 8929 8934 8949 8961 8978 8992 9005 9019 9031 9036 9037 9036 9035 9022 9019 9020 9014 8987 8972 8974 8977 8982 8982 8991 9007 9017 9025 9026 9033 9046 9054 9066 9075 9062 9027 9066 9150 9255 9265 9237 9234 9350 9479 9511 9401 9271 9182 9169 9122 8995 8631 8467 8340 8190 8029 7896 7811
8865 8868 8872 8874 8877 8876 8877 8873 8871 8872 8875 8876 8867 8865 8866 8866 8865 8867 8877 8882 8893 8897 8886 8900 8922 8923 8921 8923 8926 8937 8956 8975 8993 9004 9012 9015 9019 9022 9034 9040 9043 9035 9034 9029 9002 8975 8968 8965 8974 8979 8992 9003 9010 9012 9018 9025 9025 9037 9050 9048 9027 9016 9079 9184 9253 9262 9236 9239 9356 9511 9508 9361 9246 9184 9188 9094 8923 8595 8401 8261 8121 7986 7870 7784
8865 8873 8872 8872 8873 8868 8869 8866 8862 8859 8866 8861 8859 8856 8858 8861 8867 8873 8871 8871 8875 8884 8894 8898 8899 8904 8911 8914 8914 8927 8955 8970 8979 8990 9000 9008 9002 9006 9020 9034 9037 9033 9028 9022 9015 8993 8981 8973 8976 8987 9003 9006 9001 8998 9010 9026 9043 9054 9052 9045 9038 9024 9099 9197 9293 9276 9241 9234 9326 9453 9423 9367 9298 9201 9200 9065 8848 8566 8375 8225 8088 7969 7857 7768
8858 8865 8866 8865 8862 8859 8861 8862 8861 8861 8862 8857 8850 8847 8852 8859 8863 8868 8864 8861 8862 8863 8871 8879 8885 8889 8902 8905 8913 8926 8946 8956 8962 8973 8983 8989 8991 8998 9015 9027 9031 9029 9027 9032 9016 9015 9010 9001 8998 9013 9023 9016 9005 8996 9011 9032 9052 9062 9058 9055 9062 9062 9116 9207 9316 9279 9241 9222 9275 9349 9341 9324 9312 9235 9218 9062 8764 8449 8317 8185 8052 7924 7831 7754
8857 8861 8860 8858 8854 8848 8854 8859 8863 8864 8866 8858 8839 8836 8839 8846 8852 8858 8854 8852 8854 8850 8855 8861 8872 8880 8883 8891 8908 8925 8933 8936 8945 8958 8972 8984 8995 9005 9020 9029 9031 9028 9035 9042 9041 9037 9040 9038 9031 9034 9034 9030 9023 9017 9028 9040 9050 9053 9060 9062 9065 9052 9094 9178 9261 9252 9231 9220 9244 9274 9251 9270 9265 9320 9345 9095 8743 8445 8277 8145 8015 7904 7810 7741
8856 8857 8854 8851 8850 8851 8856 8860 8865 8869 8862 8856 8842 8830 8832 8837 8840 8840 8840 8840 8838 8840 8846 8854 8865 8875 8872 8877 8885 8894 8904 8918 8931 8948 8968 8989 9008 9017 9027 9038 9038 9034 9041 9045 9047 9051 9052 9053 9047 9034 9042 9048 9053 9057 9056 9057 9058 9059 9075 9084 9086 9066 9047 9058 9167 9205 9213 9225 9243 9263 9302 9327 9342 9418 9412 9067 8710 8392 8217 8105 7976 7852 7785 7725
8847 8850 8851 8851 8856 8866 8859 8861 8864 8865 8860 8851 8837 8831 8832 8832 8831 8827 8829 8833 8832 8837 8838 8845 8857 8863 8864 8867 8871 8880 8888 8912 8932 8941 8953 8967 8991 9022 9038 9040 9041 9046 9053 9055 9046 9042 9047 9052 9055 9061 9061 9065 9074 9070 9067 9073 9082 9094 9102 9108 9091 9071 9058 9078 9129 9169 9196 9218 9240 9270 9324 9386 9415 9425 9315 8975 8653 8361 8183 8082 7961 7854 7775 7714
8847 8850 8850 8854 8861 8871 8863 8859 8859 8861 8853 8852 8846 8841 8833 8832 8831 8827 8830 8838 8842 8848 8848 8857 8857 8852 8862 8868 8873 8880 8888 8903 8919 8929 8938 8948 8969 9001 9018 9017 9026 9043 9069 9068 9051 9033 9035 9040 9052 9066 9069 9073 9076 9074 9079 9090 9102 9117 9120 9122 9094 9083 9093 9094 9119 9155 9187 9214 9241 9265 9307 9392 9437 9404 9236 8902 8604 8336 8160 8068 7951 7846 7769 7702
8849 8848 8848 8848 8856 8864 8856 8850 8849 8847 8843 8846 8853 8856 8851 8841 8840 8843 8847 8850 8856 8863 8863 8870 8870 8871 8871 8873 8886 8888 8891 8898 8908 8918 8927 8934 8948 8963 8976 8988 8999 9012 9027 9035 9029 9020 9024 9034 9041 9051 9065 9077 9088 9093 9099 9104 9111 9117 9115 9106 9096 9094 9096 9097 9130 9162 9190 9216 9248 9259 9289 9375 9461 9422 9226 8863 8577 8335 8151 8054 7945 7845 7763 7693
8849 8852 8847 8847 8848 8852 8844 8840 8842 8839 8836 8845 8853 8855 8846 8848 8850 8854 8857 8858 8863 8870 8873 8880 8884 8890 8884 8886 8900 8905 8901 8905 8912 8919 8924 8933 8938 8944 8961 8969 8978 8988 8999 9004 9001 9001 8998 9003 9021 9038 9056 9079 9093 9105 9111 9109 9111 9117 9109 9095 9097 9102 9119 9129 9157 9181 9204 9226 9252 9265 9293 9338 9489 9465 9232 8857 8575 8327 8141 8042 7925 7831 7760 7691
8858 8859 8846 8832 8837 8838 8834 8834 8838 8841 8836 8846 8851 8854 8856 8859 8858 8856 8855 8858 8862 8867 8873 8882 8886 8894 8894 8895 8905 8910 8909 8915 8919 8925 8932 8934 8933 8939 8947 8962 8963 8969 8983 8988 8998 8993 8994 9000 8992 8999 9046 9083 9100 9101 9103 9099 9100 9103 9095 9082 9084 9103 9156 9188 9189 9203 9222 9244 9265 9278 9285 9349 9484 9471 9257 8911 8597 8345 8151 8045 7913 7832 7764 7695
8868 8862 8848 8837 8835 8831 8830 8835 8837 8837 8837 8841 8850 8854 8859 8865 8862 8858 8857 8859 8860 8864 8869 8876 8882 8883 8891 8901 8905 8907 8915 8916 8920 8926 8931 8930 8922 8929 8946 8956 8962 8964 8964 8974 8984 8981 8983 8993 9003 9014 9044 9078 9089 9083 9072 9080 9083 9080 9073 9072 9086 9122 9165 9200 9203 9212 9230 9256 9287 9302 9307 9364 9482 9503 9282 8917 8636 8382 8176 8073 7975 7866 7781 7703
8873 8864 8853 8846 8843 8843 8840 8841 8841 8840 8847 8853 8854 8855 8860 8865 8863 8861 8860 8861 8863 8865 8867 8873 8881 8885 8889 8894 8896 8900 8905 8910 8914 8919 8925 8925 8923 8930 8945 8962 8965 8961 8955 8960 8959 8967 8981 8997 9012 9023 9037 9059 9070 9069 9059 9071 9074 9068 9063 9084 9113 9121 9146 9172 9191 9206 9224 9251 9289 9317 9341 9366 9463 9489 9335 9049 8699 8420 8196 8098 8026 7899 7797 7708
8883 8873 8861 8854 8854 8857 8856 8850 8849 8853 8858 8857 8856 8857 8858 8861 8861 8860 8860 8861 8863 8867 8868 8874 8887 8895 8896 8897 8900 8896 8889 8892 8902 8911 8917 8920 8922 8931 8945 8954 8950 8941 8944 8942 8945 8956 8974 8989 8998 9015 9027 9035 9053 9067 9078 9075 9073 9070 9075 9088 9103 9107 9126 9146 9167 9186 9205 9227 9254 9301 9370 9409 9467 9486 9339 9069 8720 8437 8212 8089 7979 7894 7804 7717
8891 8883 8872 8864 8863 8863 8858 8859 8857 8854 8853 8857 8856 8857 8858 8860 8859 8859 8859 8860 8862 8867 8874 8884 8898 8907 8905 8903 8902 8904 8896 8883 8896 8908 8916 8920 8925 8929 8936 8935 8934 8935 8944 8938 8942 8950 8963 8980 8992 9013 9028 9041 9055 9068 9076 9081 9077 9070 9068 9074 9088 9102 9116 9133 9148 9163 9178 9199 9229 9290 9395 9482 9496 9501 9306 9024 8676 8418 8213 8076 7951 7885 7814 7739
8894 8890 8880 8872 8869 8868 8866 8865 8861 8858 8856 8855 8855 8854 8855 8857 8857 8857 8858 8858 8860 8867 8880 8895 8906 8913 8911 8911 8911 8907 8899 8897 8900 8910 8918 8920 8921 8922 8919 8923 8920 8935 8940 8934 8941 8952 8965 8986 9012 9019 9030 9044 9059 9075 9092 9096 9085 9070 9047 9045 9073 9106 9129 9129 9137 9149 9165 9181 9202 9253 9385 9519 9532 9440 9227 8922 8589 8382 8199 8055 7962 7893 7830 7768
8894 8891 8884 8877 8873 8871 8868 8863 8858 8852 8850 8853 8855 8854 8852 8852 8854 8855 8856 8856 8857 8862 8874 8889 8902 8914 8919 8913 8913 8910 8904 8901 8905 8908 8913 8918 8921 8918 8922 8922 8935 8940 8935 8936 8940 8953 8961 8987 9010 9016 9030 9045 9060 9074 9090 9096 9091 9083 9065 9049 9066 9084 9113 9119 9128 9140 9154 9170 9190 9206 9334 9438 9516 9413 9181 8843 8547 8366 8207 8054 7980 7911 7853 7795
8889 8885 8881 8876 8873 8870 8864 8857 8853 8850 8849 8851 8850 8847 8850 8850 8853 8854 8855 8856 8855 8859 8869 8879 8895 8912 8928 8924 8918 8916 8910 8911 8910 8912 8910 8911 8912 8911 8914 8935 8943 8946 8943 8928 8935 8955 8978 8982 8974 9001 9024 9043 9057 9069 9075 9079 9092 9099 9091 9072 9068 9074 9080 9107 9129 9149 9163 9180 9206 9256 9307 9360 9460 9416 9196 8866 8567 8375 8221 8071 7984 7928 7879 7829
8884 8880 8874 8876 8874 8870 8864 8856 8855 8853 8854 8854 8849 8843 8849 8852 8853 8852 8853 8856 8859 8863 8869 8877 8886 8901 8922 8922 8917 8912 8905 8908 8907 8907 8910 8913 8917 8919 8923 8933 8952 8960 8949 8941 8934 8958 8996 8974 8957 8989 9021 9040 9051 9065 9076 9087 9097 9102 9095 9082 9072 9066 9077 9103 9132 9159 9178 9199 9227 9259 9299 9358 9458 9403 9204 8889 8595 8407 8256 8107 7990 7951 7909 7864
8881 8885 8883 8879 8875 8870 8863 8857 8855 8852 8852 8852 8852 8847 8848 8853 8852 8848 8846 8848 8855 8857 8866 8870 8877 8882 8885 8892 8899 8904 8898 8896 8901 8910 8920 8925 8932 8940 8943 8941 8938 8936 8938 8938 8939 8956 8973 8971 8969 8984 9013 9028 9043 9059 9077 9097 9099 9095 9082 9081 9073 9062 9088 9111 9134 9157 9184 9213 9243 9266 9297 9325 9386 9328 9138 8872 8627 8453 8301 8144 8026 7980 7942 7900
8876 8884 8886 8881 8875 8870 8866 8857 8846 8841 8844 8845 8847 8843 8840 8844 8844 8842 8838 8833 8845 8845 8856 8860 8867 8869 8874 8881 8889 8892 8891 8893 8909 8918 8925 8939 8944 8954 8953 8954 8941 8930 8926 8931 8937 8949 8956 8964 8973 8977 8980 9008 9029 9048 9066 9081 9093 9097 9073 9064 9063 9076 9101 9118 9136 9155 9183 9216 9255 9305 9317 9304 9340 9272 9075 8882 8656 8489 8368 8241 8083 8030 7984 7941
8869 8865 8879 8879 8873 8867 8860 8857 8844 8849 8845 8842 8848 8843 8833 8835 8837 8838 8837 8838 8841 8848 8853 8846 8848 8852 8861 8870 8873 8876 8877 8897 8916 8924 8933 8942 8945 8941 8939 8937 8931 8926 8939 8948 8937 8921 8936 8966 8973 8977 8990 9001 9019 9036 9053 9069 9082 9090 9067 9073 9102 9115 9113 9119 9133 9157 9183 9214 9252 9289 9296 9284 9345 9306 9129 8937 8706 8507 8400 8249 8137 8081 8028 7974
8872 8869 8871 8870 8867 8863 8857 8855 8857 8858 8851 8846 8849 8845 8839 8836 8837 8839 8840 8840 8836 8840 8836 8836 8843 8838 8849 8863 8868 8873 8882 8900 8919 8933 8939 8946 8940 8938 8920 8922 8917 8930 8948 8951 8955 8929 8935 8953 8968 8970 8976 8994 9010 9026 9039 9046 9066 9086 9091 9098 9127 9132 9114 9110 9124 9146 9174 9202 9231 9257 9264 9252 9297 9325 9189 8977 8720 8548 8458 8328 8196 8133 8063 8006
8879 8885 8870 8863 8864 8864 8865 8870 8873 8867 8856 8847 8848 8844 8840 8840 8843 8842 8841 8841 8839 8836 8830 8837 8847 8848 8853 8862 8869 8878 8893 8908 8916 8922 8926 8924 8927 8922 8915 8920 8924 8933 8954 8965 8972 8965 8954 8970 8967 8970 8977 8992 9006 9019 9032 9047 9059 9070 9091 9124 9148 9132 9106 9095 9110 9135 9160 9185 9206 9218 9216 9229 9267 9299 9166 9010 8831 8614 8508 8368 8239 8190 8098 8005
8881 8878 8871 8866 8863 8866 8870 8872 8871 8865 8856 8848 8845 8846 8840 8841 8843 8844 8842 8841 8839 8837 8839 8855 8862 8859 8865 8867 8881 8903 8916 8920 8918 8919 8917 8918 8919 8923 8923 8930 8930 8953 8980 8970 8956 8955 8930 8938 8961 8976 8984 8993 9002 9013 9025 9035 9040 9051 9084 9137 9149 9132 9099 9075 9105 9130 9154 9177 9194 9200 9198 9234 9277 9302 9215 9074 8872 8664 8577 8447 8328 8280 8170 8081
