real_craters/C179-300m.grd
DSAA
492 492
-73.6575 73.6575
-73.6575 73.6575
7062.1431280308 10077.762076732
[rows 150 to 179 of 492, columns 67 to 133 of 492]
8872.06 8870.02 8867.9 8867.13 8868.42 8869.6 8871.01 8872.71 8875.01 8877.68 8880.15 8881.8 8882.65 8883.48 8884.93 8887.25 8890.82 8893.02 8893.3 8892.69 8894.21 8896.92 8899.99 8903.19 8906.5 8909.84 8914.43 8914.59 8914.72 8915.04 8915.89 8916.68 8913.85 8910.68 8907.97 8910.2 8912.36 8913.67 8914.34 8915.04 8913.59 8910.91 8907.76 8905.99 8904.78 8905.54 8905.78 8907.02 8910.3 8912.87 8919.4 8925.03 8925.82 8928.63 8934.4 8938.38 8938.03 8938.19 8940.17 8942.82 8946.1 8949.14 8950.41 8951.66 8953.16 8954.45 8954.56
8871.29 8868.99 8867.32 8866.42 8866.42 8867.23 8868.42 8870 8871.98 8874.3 8876.73 8877.82 8878.63 8879.45 8880.36 8881.65 8883.41 8886.04 8887.51 8887.38 8889.6 8892.44 8895.56 8898.48 8901.25 8903.75 8908.14 8910.84 8912.7 8914.53 8916.84 8918.81 8917.06 8915.05 8913.84 8913.94 8914.72 8914.72 8914.35 8915.6 8914.97 8913.06 8910.54 8907.42 8909.06 8910.19 8911.23 8913 8915.79 8919.59 8924.83 8929.24 8927.24 8919.83 8935.93 8941.48 8942.53 8941.86 8942.84 8944.73 8947.21 8949.98 8951.98 8954.04 8955.36 8956.7 8957.23
8871.54 8868.17 8865.8 8864.63 8864.3 8864.78 8865.74 8866.94 8868.35 8870.07 8871.8 8873.21 8874.24 8875.06 8875.62 8876.03 8876.65 8878.85 8879.99 8881.6 8884.98 8888.3 8891.49 8894.18 8896.43 8898.8 8902.9 8907.06 8910.1 8912.77 8915.16 8917.25 8917.79 8918.17 8918.32 8917.45 8917.93 8919.7 8919.76 8918.64 8917.86 8916.8 8915.62 8914.96 8915.31 8916.51 8917.56 8918.33 8920.75 8924.57 8929.45 8934.64 8934.88 8937.04 8940.54 8943.13 8943.36 8943.71 8944.73 8946.53 8948 8950.15 8953.08 8954.88 8956.75 8957.81 8957.95
8871.86 8867.21 8863.48 8862.33 8862.2 8862.45 8862.92 8863.62 8864.49 8865.57 8867.02 8868.77 8870.07 8871.03 8871.44 8871.42 8871.94 8873.14 8874.9 8877.68 8881.46 8885.1 8888.36 8891.1 8893.27 8895.87 8900.21 8904.57 8907.9 8910.63 8912.73 8914.61 8916.88 8918.7 8919.41 8919.19 8919.52 8920.77 8921.61 8921.3 8921.25 8921.32 8921.35 8921.03 8921.91 8923.36 8924.92 8924.98 8926.89 8928.78 8930.34 8934.99 8939.51 8943.5 8944.74 8945.32 8944.24 8943.79 8946.55 8949.09 8951.22 8953.14 8955.22 8956.99 8958.31 8959.1 8958.96
8871.93 8866.42 8862.11 8860.82 8860.41 8860.33 8860.4 8860.57 8860.95 8861.33 8862.66 8864.69 8866.6 8867.94 8868.44 8867.56 8867.95 8869 8870.11 8875.11 8879.01 8882.83 8886.4 8889.53 8892.42 8896 8899.27 8903.49 8906.68 8908.86 8910.68 8912.85 8915.44 8917.94 8919.19 8919.53 8919.61 8919.46 8921.28 8923.15 8924.45 8925.69 8927.41 8927.78 8927.42 8929.51 8933.42 8935.95 8935.84 8934.01 8930.94 8932.49 8939.14 8944.16 8947.96 8948.02 8947.21 8946.58 8949.82 8952.28 8954.77 8956.36 8957.69 8959.04 8960.06 8961.15 8962.17
8870.17 8865.86 8862.19 8860.36 8859.33 8858.9 8858.72 8858.5 8858.13 8857.55 8858.79 8861.64 8864.1 8866.08 8867.46 8867.63 8866.97 8867.46 8870.02 8873.91 8877.39 8881.48 8885.58 8889.3 8892.89 8897.39 8900.6 8904.07 8906.56 8908.05 8909.03 8910.87 8913.55 8916.32 8918.12 8919.43 8920.25 8920.41 8922.79 8925.25 8927.2 8928.86 8930.49 8930.1 8929.21 8931.53 8939.39 8948.14 8943.72 8939.62 8937.65 8936.94 8938.56 8942.9 8948.11 8950.46 8952.01 8953.82 8954.18 8955.56 8956.62 8958.42 8959.65 8960.44 8961.25 8962.38 8963.81
8870.08 8865.77 8862.33 8860.39 8859.07 8858.24 8857.6 8857.02 8856.46 8856.38 8857.52 8859.92 8862.51 8865 8867.41 8869.53 8867.18 8866.09 8867.77 8871.36 8875.92 8880.53 8885.34 8890.31 8895.08 8899.99 8904.48 8906.62 8907.86 8908.31 8908.78 8909.94 8911.71 8913.61 8916.54 8919.35 8922.08 8924.74 8925.83 8927.63 8929.52 8931.24 8931.39 8929.49 8926.48 8925.22 8931.29 8951.13 8940.58 8940.75 8943.91 8942.98 8941.22 8942.86 8947.56 8951.13 8953.92 8955.69 8957.15 8959.11 8960.41 8961.36 8961.59 8961.49 8961.52 8961.92 8963.18
8870.98 8866.39 8862.82 8860.79 8859.29 8857.99 8856.49 8855.76 8855.7 8856.53 8857.3 8858.83 8861.41 8864.06 8866.1 8866.51 8865.26 8863.14 8865.19 8870.42 8874.92 8879.89 8885.19 8891.05 8897.3 8902.06 8906.3 8909.55 8909.69 8909.26 8908.93 8909.45 8910.43 8912.14 8915.41 8919.11 8922.55 8926.04 8927.67 8929.32 8931.21 8933.09 8933.22 8928.71 8921.77 8913.14 8902.76 8900.48 8923.06 8937.01 8943.35 8943.05 8944.27 8941 8943.74 8949.22 8952.39 8954.72 8957.78 8962.27 8965.24 8964.32 8963.11 8961.96 8961.05 8960.28 8959.95
8872.72 8868.53 8864.75 8862.01 8859.67 8857.77 8856.12 8854.92 8854.53 8855.67 8856.19 8857.71 8860.22 8863.33 8866.32 8866.54 8864.3 8861.71 8864.26 8869.7 8874.14 8879.33 8884.9 8890.57 8896.58 8903.12 8908.46 8911.82 8911.49 8910.42 8909.56 8909.54 8909.91 8911.14 8914.7 8918.64 8922.6 8925.93 8927.81 8929.82 8931.93 8934.06 8934.41 8928.5 8919.72 8907.3 8890.07 8888.54 8914.19 8935.27 8950.94 8943.48 8941.78 8940.03 8941.83 8945.67 8948.81 8950.31 8956.43 8963.66 8967.53 8965.43 8963.03 8961.59 8960.35 8958.96 8957.95
8874.9 8870.81 8866.98 8863.59 8860.88 8858.51 8856.21 8854.23 8852.62 8851.88 8853.94 8856.17 8858.83 8861.95 8865.56 8866.6 8865.01 8863.64 8864.32 8866.59 8873.4 8879.15 8884.84 8890.72 8897.4 8904.41 8910.36 8913.49 8913.26 8911.72 8910.48 8910.35 8910.56 8911.57 8914.47 8917.89 8921.55 8924.66 8926.75 8929.02 8931.79 8934.03 8933.93 8929.49 8922.61 8914.05 8903.38 8903.84 8919.56 8934.69 8942.37 8942.39 8942.29 8941.09 8941.34 8943.27 8946.52 8950.89 8956.61 8962.92 8966.13 8964.55 8961.77 8961.14 8960.01 8958.43 8956.46
8877.06 8871.63 8868.11 8865.22 8862.44 8859.77 8857.13 8854.51 8852 8850.78 8852.66 8855.06 8857.41 8859.77 8862.25 8864.43 8865.83 8866.93 8867.66 8871.02 8874.52 8879.71 8885.39 8891.17 8898.34 8906 8912.26 8915.48 8915.67 8913.76 8912.06 8912.17 8912.3 8912.89 8914.48 8916.81 8919.76 8922.31 8924.53 8927.19 8930 8932.91 8934.31 8931.13 8927.9 8926.59 8931.73 8929.34 8930.5 8937.43 8941.83 8940.41 8937.5 8940.34 8940.49 8940.84 8945.1 8950.49 8955.21 8959.54 8962.35 8962.75 8963.07 8961.42 8960.3 8958.99 8956.41
8879.79 8874.31 8870.36 8867.21 8864.33 8861.53 8858.75 8856 8853.3 8852.24 8853.45 8855.21 8856.78 8857.9 8859.02 8862.39 8865.9 8869.11 8869.63 8871.43 8875.34 8880.54 8886.55 8893.01 8900.43 8908.2 8914.8 8918.58 8919.86 8917.81 8915.69 8915.39 8914.72 8914.21 8914.35 8915.16 8916.8 8919.12 8921.56 8924.3 8927.01 8929.49 8931.05 8931.33 8931.63 8933.51 8937.01 8937.73 8937.37 8939.83 8943.04 8944.17 8942.97 8942.22 8941.63 8940.73 8945.26 8949.29 8951.55 8952.64 8956.27 8959.69 8961.34 8961.38 8961.1 8960.75 8959.9
8882.32 8876.73 8872.89 8869.59 8866.71 8863.87 8861.31 8858.72 8856.26 8855.28 8855.85 8856.85 8857.66 8858.02 8858.5 8861.35 8864.57 8867.59 8869.3 8871.06 8875.74 8881.16 8887.45 8894.96 8902.19 8910.37 8918.98 8925.73 8925.8 8924.15 8921.56 8919.19 8918.2 8915.82 8913.87 8913.11 8913.5 8915.54 8918.26 8921.1 8923.7 8926.02 8928.26 8930.52 8932.8 8935.56 8938.48 8939.76 8940.12 8940.04 8944.87 8947.33 8949.51 8948.55 8947.9 8947.35 8949.47 8950.61 8950.11 8949.33 8953.76 8958.06 8960.43 8961.33 8961.94 8963.03 8963.81
8884.29 8879.84 8875.59 8872.22 8869.53 8867.08 8864.73 8862.56 8860.77 8859.76 8859.57 8859.9 8860.24 8860.65 8861.03 8861.62 8862.86 8865.56 8869.35 8873.62 8877.17 8881.25 8886.89 8894.1 8901.77 8910.59 8919.85 8927.41 8929.78 8929.13 8925.71 8921.48 8917.2 8915.18 8912.83 8910.97 8910.49 8912.59 8915.45 8918.31 8920.84 8923.48 8926.36 8929.38 8932.8 8935.88 8938.78 8941.06 8942.62 8945.39 8948.05 8951.47 8954.47 8955.44 8956.82 8957.65 8956.8 8956.79 8957.31 8959.12 8958.15 8958.76 8960.37 8962.05 8963.07 8963.53 8966.21
8884.93 8881.23 8877.6 8874.85 8872.65 8870.7 8868.76 8866.89 8865.31 8864.54 8864.23 8864.09 8864.02 8863.57 8863.56 8863.38 8862.97 8865.38 8869.96 8874.34 8877.46 8880.41 8884.53 8891.03 8899.55 8908.85 8917.88 8926.58 8930.25 8930.04 8926.2 8921.9 8919.73 8914.96 8911.9 8909.5 8908.42 8910.86 8913.63 8916.3 8918.63 8921.33 8924.5 8928.15 8932.06 8935.79 8938.81 8942.51 8945.4 8945.13 8954.52 8956.24 8956.64 8957.72 8961.86 8963.96 8963.66 8964.01 8964.97 8962.99 8961.96 8961.7 8962.53 8964.41 8966.36 8967.83 8970.65
8884.98 8880.84 8879.55 8878.04 8876.61 8875 8873.51 8872.02 8870.59 8869.84 8869.41 8869.05 8868.85 8868.55 8867.76 8867.22 8866.91 8868.43 8871.5 8874.6 8877.04 8879.2 8881.9 8887.3 8897.01 8906.61 8915.48 8923.4 8926.39 8926.25 8923.13 8919.14 8915.44 8913.54 8911.48 8909.92 8909.56 8911.13 8913.24 8915.32 8917.01 8918.67 8922.38 8926.45 8930.81 8935.84 8940.15 8943.4 8949.45 8960.14 8961.3 8960.92 8959.89 8960.44 8964.82 8967.24 8968.55 8969.91 8970.65 8968.67 8965.58 8963.15 8964.93 8967.87 8971.37 8976.09 8981.32
8887.64 8883.61 8883.07 8882.07 8880.84 8879.66 8878.53 8877.63 8877.01 8875.72 8874.94 8874.45 8874.18 8873.93 8873.04 8872.41 8872.4 8872.92 8874.25 8875.3 8876.7 8879.21 8881.56 8887 8895.92 8904.84 8912.82 8919.03 8921.42 8920.52 8919.51 8916.29 8913.24 8912.75 8912.13 8911.11 8911.28 8912.89 8914.43 8916.09 8916.99 8917.36 8921.25 8924.77 8928.32 8933.09 8937 8940.09 8946.33 8956.32 8959.57 8961.15 8963.71 8963.98 8963.86 8968.84 8972.64 8974.55 8975.65 8972.58 8968.81 8968.34 8968.76 8972.04 8976.17 8981.21 8988.37
8894.62 8890.44 8888.62 8887.06 8885.61 8884.38 8883.49 8882.84 8881.95 8881.12 8880.31 8879.97 8879.72 8878.94 8878.81 8878 8877.16 8877.54 8878.21 8879.16 8880.58 8881.65 8883.38 8888.61 8896.73 8904.86 8911.86 8916.79 8920.8 8920.6 8919.22 8915.98 8913.94 8914.18 8914.72 8915.39 8915.51 8916.16 8917.06 8918.11 8919.21 8920.73 8921.74 8923.54 8925.28 8926.19 8929.2 8932.67 8936 8939.76 8949.4 8957.61 8965.28 8969.12 8969.88 8974.63 8978.53 8979.17 8975.84 8973.38 8970.86 8967.62 8972.06 8976.5 8981.52 8986.62 8994.93
8903.66 8898.55 8894.94 8892.28 8890.28 8888.88 8887.91 8888.06 8887.8 8885.77 8885.03 8885.23 8886.32 8886.07 8885.08 8884.68 8883.2 8883.15 8882.88 8883.46 8884.54 8885.11 8887.39 8892.25 8899.25 8906.84 8914.08 8920.89 8926.24 8926.57 8922.53 8917.87 8916.35 8917.78 8918.86 8919.2 8920.24 8920.61 8920.72 8920.76 8921.34 8922.21 8922.65 8923.36 8923.76 8924.39 8925.16 8926.28 8925.71 8929.57 8941 8951.38 8963.23 8975.81 8983.93 8986.06 8987 8986.25 8983.6 8978.68 8976.12 8975.51 8977.21 8981.24 8986.78 8991.07 8996.68
8909.72 8904.79 8900.46 8897.41 8894.94 8892.85 8891.12 8889.82 8889.46 8888.78 8888.48 8888.91 8890.76 8890.6 8889.9 8890.79 8892.37 8888.73 8886.91 8886.26 8886.16 8887.86 8890.96 8895.75 8902.44 8909.88 8917.4 8924.95 8933.84 8932.58 8927.55 8922.75 8921.9 8923.96 8925.73 8925.45 8926.06 8926.19 8925.1 8923.96 8922.93 8922.97 8923.93 8924.31 8924.04 8923.5 8923.85 8924.3 8925.78 8931.21 8937.71 8948.7 8965.93 8981.89 8993.76 8996.09 8996.09 8994.38 8990.66 8983.12 8980.84 8982.26 8982.54 8985.71 8989.63 8993.44 9000.89
8912.35 8908.24 8904.68 8901.75 8898.95 8896.38 8893.87 8891.15 8890.45 8890.96 8890.94 8890.85 8890.35 8891.51 8892.06 8892.62 8892.7 8891.33 8889.85 8888.99 8889.2 8890.59 8893.29 8898.82 8905.73 8913.54 8921.48 8929.47 8938.65 8936.94 8932.85 8929.35 8929.19 8931.86 8935.55 8938.3 8935.96 8933.09 8930.35 8928 8926.11 8925.8 8926.61 8926.99 8926.58 8925.37 8925.06 8925.12 8926.98 8932.42 8939.03 8948.85 8967.37 8984.99 8997.9 9003.57 9005.15 9003.34 8994.95 8982.41 8979.48 8981.61 8986.15 8990.8 8994.4 8996.06 9004.53
8908.73 8909.03 8907.37 8905.11 8902.71 8900.2 8897.69 8894.57 8893.97 8894.06 8893.58 8892.76 8892.85 8892.76 8893.31 8893.36 8893.22 8892.9 8892.18 8891.59 8891.56 8892.48 8896.41 8901.72 8909.43 8917.89 8926.42 8935.29 8943.11 8941.71 8937.7 8934.9 8935.81 8939.2 8943.97 8947.77 8943.98 8939.34 8935.52 8932.45 8930.47 8930.05 8930.83 8931.42 8931.51 8931.02 8928.65 8927.25 8927.74 8933.36 8941.53 8952.26 8970.09 8987.78 9001.44 9010.42 9015.06 9015.55 9007.76 8988.31 8981.23 8983.83 8991.84 8998.03 9003.08 9005.06 9010.7
8908.42 8909.98 8909.51 8908.1 8906.16 8904.27 8902.89 8901.58 8899.63 8898.38 8897.28 8895.69 8893.49 8894.74 8895.07 8895.08 8894.98 8894.87 8894.57 8894.15 8894.25 8892.82 8895.02 8904.14 8913.58 8922.9 8932.44 8939.72 8944.48 8945.45 8942.55 8939.21 8941.87 8945.2 8948.53 8950.59 8948.13 8944.32 8940.56 8937.13 8933.9 8934.82 8936.23 8937.05 8937.17 8936.18 8933.38 8930.83 8930.1 8936.11 8945.03 8955.54 8974.28 8991.98 9006.85 9017.6 9025.24 9029.26 9026.54 9009.73 9000.12 8998.42 9002.6 9007.54 9010.93 9012.16 9016.4
8908.76 8911.17 8911.27 8910.52 8909.34 8908.03 8907.46 8907.28 8905.01 8903.19 8901.87 8901.14 8899.99 8898.16 8897.4 8897.38 8897.38 8897.45 8897.57 8897.38 8896.45 8895.45 8898.92 8909.16 8919.1 8928.81 8938.61 8946.45 8952.69 8952.63 8950.33 8947.71 8949.59 8951.25 8951.75 8951.64 8950.97 8948.53 8945.53 8942.85 8941.08 8941.78 8943.14 8943.95 8943.72 8942.35 8939.56 8936.55 8935.55 8939.05 8941.59 8954.62 8975.91 8995.1 9011.79 9024.54 9034.24 9039.82 9037.69 9026.7 9019.44 9015.15 9015.49 9019 9021.96 9021.42 9022.28
8909.68 8912.48 8913.15 8912.87 8911.97 8910.86 8910.16 8909.81 8908.67 8907.38 8906.1 8905.08 8903.61 8901.51 8899.85 8898.88 8899.61 8900.81 8901.79 8902.25 8902.06 8904.87 8909.94 8917.08 8925.85 8935.21 8944.68 8953.94 8960.47 8961.03 8961.05 8960.44 8958.82 8958.51 8957.81 8956.2 8954.85 8952.62 8950.42 8949.07 8948.83 8949.99 8951.51 8952.44 8952.23 8950.92 8948.23 8944.81 8944.83 8945.04 8945.52 8946.44 8971.81 8998.02 9016.84 9031.17 9042.32 9048.94 9047.33 9039.35 9031.28 9027.24 9026.08 9027.98 9030.49 9026.67 9027.64
8911.61 8914.23 8915.18 8915.07 8914.17 8913.21 8911.91 8911.31 8911.74 8911.46 8910.35 8908.34 8906.95 8905.17 8902.9 8901.67 8903.04 8905.33 8907.42 8909.14 8910.5 8913.83 8918.76 8925.24 8932.76 8941.37 8950.21 8959.18 8965.65 8966.97 8967.96 8968.01 8966.43 8965.94 8966.13 8963.34 8959.3 8956.11 8954.31 8954.81 8956.19 8958.38 8961.09 8962.99 8963.05 8962.43 8960.33 8956.77 8955.28 8951.92 8947.39 8954.33 8977.41 9003.23 9022.24 9037.24 9049.5 9057.8 9055.92 9046.99 9040.61 9035.9 9033.49 9032.17 9030.57 9029.94 9032.79
8914.36 8916.84 8917.64 8917.49 8916.68 8915.72 8914.64 8914.45 8915.61 8916.33 8916.01 8914.22 8912.59 8910.27 8907.35 8905.38 8908.05 8911.37 8914.49 8917.31 8919.28 8921.68 8927.1 8933.15 8939.35 8946.57 8954.4 8961.86 8966.32 8969.42 8969.89 8970.6 8971.01 8971.24 8971.54 8967.75 8962.34 8957.94 8955.57 8957.97 8962.19 8965.19 8970.87 8975.65 8977.1 8977.34 8975.68 8973.95 8974.8 8972.71 8970.78 8979.35 8994.02 9011.64 9028 9042.28 9054.72 9063.16 9060.25 9051.05 9044.8 9041.78 9039.53 9037.02 9033.04 9033.88 9039.05
8917.73 8919.98 8920.43 8920.14 8919.42 8918.71 8918.07 8918.61 8920.27 8921.98 8923.35 8922.6 8920.12 8917.12 8914.13 8912.49 8915.26 8918.82 8922.5 8926.21 8929.38 8933.37 8937 8941.28 8945.85 8951.48 8957.97 8965.23 8970.81 8972.32 8972.4 8973.27 8974.35 8974.65 8973.82 8969.38 8963.41 8957.93 8953.57 8950.84 8957.4 8968.94 8980.26 8990.56 8997.12 8994.04 8990.67 8990.79 8993.12 8995.24 8998.5 9005.23 9011.14 9021.55 9033.37 9045.27 9056.23 9065.32 9060.79 9053.06 9048.33 9045.77 9044.95 9045.86 9044.49 9045.23 9048.38
8920.68 8923.02 8922.97 8922.54 8922.16 8921.97 8922.04 8922.9 8924.77 8927.26 8930.34 8931.22 8927.64 8924.64 8922.56 8922.12 8923.99 8927.16 8930.93 8935.08 8939.25 8943.95 8945.97 8947.95 8950.69 8954.23 8958.74 8965.18 8972.08 8976.21 8975.56 8976.43 8977.04 8976.98 8975.49 8970.02 8963.38 8957.3 8952.46 8948.25 8957.09 8972.79 8988.56 9003.66 9013.61 9007.39 9000.59 8998.84 9003.06 9007.85 9011.64 9017 9021.47 9027.79 9036.18 9045.49 9054.04 9057.85 9056.9 9050.65 9050.25 9046.56 9047.01 9053.28 9059.21 9060.03 9059.56
8922.97 8925.17 8924.8 8924.31 8924.26 8924.79 8926.07 8926.65 8928.1 8930.65 8934.05 8935.02 8933.14 8931.4 8930.48 8930.83 8932.63 8935.49 8939.08 8943.11 8947.02 8951.55 8953.32 8953.98 8954.95 8956.02 8957.07 8959.94 8966.69 8977.36 8979.84 8979.6 8978.96 8978.15 8976.05 8969.75 8962.73 8956.51 8953.43 8958.18 8963.59 8977.32 8994.5 9011.19 9019.91 9014.77 9004.63 8994.99 9003.11 9007.72 9014.83 9020.13 9024.22 9029.08 9034.81 9042.7 9050.66 9056.09 9053.51 9049.51 9046.18 9041.46 9042 9051.79 9070.05 9072.33 9069.04
