real_craters/C179-300m.grd
DSAA
492 492
-73.6575 73.6575
-73.6575 73.6575
7062.1431280308 10077.762076732
[rows 450 to 479 of 492, columns 134 to 200 of 492]
8897.11 8896.11 8898.12 8894.71 8893.28 8892.81 8891.84 8892.01 8892.37 8892.85 8893.84 8895.45 8897.16 8898.6 8899.56 8901.16 8902.84 8904.5 8906.49 8908.73 8910.77 8912.63 8915.58 8916.45 8917.48 8918.48 8919.25 8920.26 8920.71 8921.7 8922.52 8923.39 8924.16 8924.89 8925.64 8926.05 8924.74 8923.4 8922.45 8922.06 8922.8 8925.17 8928.74 8932.7 8936.13 8937.81 8938.27 8941.56 8941.25 8938.56 8934.8 8930.86 8929.24 8930.15 8931.03 8931.57 8931.98 8932.31 8932.71 8933.83 8936.71 8941.72 8941.39 8940.93 8940.6 8940.4 8940.69
8889.95 8886.27 8883.64 8884.94 8885.45 8885.97 8886.48 8887.36 8888.42 8889.67 8891.03 8892.81 8894.86 8896.5 8897.52 8899.22 8900.99 8902.73 8904.71 8907.06 8909.04 8910.79 8913.56 8914.52 8915.06 8914.68 8916.65 8918.79 8919.39 8920.51 8921.83 8923.12 8924.55 8926.22 8928.41 8928.61 8926.11 8923.56 8921.52 8920.29 8920.41 8923.86 8929.65 8936.34 8943.23 8949.24 8952.94 8953.71 8950.63 8945.51 8939.64 8934.37 8932.41 8933.14 8934.09 8934.67 8934.89 8935.13 8935.6 8937.04 8939.63 8942.43 8943.73 8942.61 8941.65 8940.64 8940.97
8882.83 8877.36 8874.44 8876.26 8878.25 8879.78 8881.23 8883.2 8884.44 8886.62 8888.49 8890.27 8892.42 8894.27 8896.14 8897.09 8898.96 8900.97 8903.1 8905.02 8907.07 8910.6 8911.86 8912.92 8914.1 8914.42 8916.27 8918.09 8918.42 8919.59 8920.92 8922.48 8924.3 8926.38 8928.56 8928.81 8926.19 8923.31 8920.51 8918.3 8917.9 8922.34 8930.05 8939.18 8949.55 8960.95 8971.06 8966.64 8960.04 8952.94 8945.33 8938.02 8936.5 8937.63 8938.19 8938.25 8938.13 8938.12 8938.34 8938.74 8941.18 8943.75 8944.06 8944.28 8943.61 8942.12 8938.7
8877.08 8871.25 8868.49 8870.06 8872.5 8874.59 8876.64 8878.94 8881 8883.06 8885.14 8887.19 8889.73 8891.42 8893.48 8895.23 8897.24 8899.04 8901.15 8902.8 8904.76 8908.64 8910.33 8911.98 8913.6 8915.64 8917.3 8917.63 8917.31 8918.36 8919.8 8921.54 8923.49 8925.46 8927.06 8927.1 8925.29 8922.41 8919.3 8916.66 8915.91 8921.11 8929.51 8939.66 8951.68 8965.75 8979.68 8973.68 8966.29 8959.86 8952.93 8943.77 8943.59 8944.16 8943.47 8942.45 8941.61 8941.17 8941.31 8942.21 8943.97 8946.03 8946.75 8947.03 8947.04 8946.84 8947.06
8872.92 8867.64 8865.2 8865.88 8868.14 8870.28 8873.01 8875.56 8877.84 8880.21 8882.37 8884.5 8887.26 8889.6 8891.79 8892.9 8895.15 8897.24 8899.25 8901.11 8903.82 8907.48 8908.83 8910.3 8912.12 8914.93 8916.8 8915.92 8915.46 8916.6 8918.18 8920.01 8921.98 8924.03 8925.8 8926.4 8924.71 8921.54 8918.36 8915.82 8915.34 8920.18 8927.73 8936.94 8947.86 8960.43 8972.05 8970.3 8966.46 8964.77 8963.97 8960.25 8956.24 8952.35 8948.91 8946.22 8944.5 8943.61 8943.55 8945.05 8946.33 8948.59 8950.6 8950.03 8951.09 8952.82 8955.8
8869.22 8864.13 8862.14 8863.1 8865.17 8867.31 8869.84 8873.06 8874.95 8877.52 8880.12 8882.84 8885.25 8887.96 8890.79 8892.09 8894.2 8896.24 8899.47 8901.31 8903.12 8906.14 8907.25 8908.39 8909.26 8910.12 8911.13 8911.76 8912.78 8914.47 8916.2 8917.98 8919.87 8921.89 8924.41 8927.05 8923.74 8919.99 8917.3 8915.67 8915.93 8919.26 8924.68 8931.34 8938.91 8946.98 8955.35 8956.78 8959.16 8964.54 8973.32 8980.54 8967.88 8958.53 8952.56 8948.79 8946.45 8945.22 8944.46 8944.6 8947.15 8949.43 8948.17 8951.86 8954.77 8957.6 8960.27
8865.99 8862.41 8860.51 8861.31 8863.2 8865.28 8867.75 8870.53 8873.42 8876.03 8878.72 8881.3 8884.05 8886.49 8889.48 8893.23 8895.35 8897.37 8900.38 8900.94 8902.66 8904.22 8906.07 8906.64 8906.61 8904.84 8901.62 8908.34 8910.5 8912.43 8914.1 8915.65 8917.09 8918.55 8919.95 8920.91 8918.83 8916.98 8915.58 8915.49 8916.01 8917.57 8920.6 8924.27 8927.71 8929.89 8929.07 8935.76 8945.74 8956.07 8968.2 8975.31 8966.94 8958.15 8952.37 8948.6 8946.51 8945.83 8945.64 8946.32 8948.33 8949.92 8951.79 8954.59 8957.99 8961.51 8964.45
8862.75 8859.81 8858.5 8859.39 8861.57 8863.33 8866.02 8868.81 8871.7 8874.46 8877.21 8879.88 8882.92 8885.41 8889.04 8892.2 8895.64 8897.56 8899.54 8901.53 8902.08 8903.23 8904.9 8905.69 8906.03 8906.39 8909.51 8909.09 8909.5 8910.86 8912.14 8913.26 8914.15 8914.73 8914.57 8913.09 8913.13 8913.48 8913.33 8913.13 8913.83 8914.87 8916.18 8917.35 8917.73 8916.55 8914.44 8920.05 8930.93 8941.39 8951.2 8956.69 8955.19 8951.31 8947.92 8945.72 8944.7 8945.08 8946.43 8947.84 8949.37 8952.33 8954.38 8956.81 8960.31 8964.18 8967.27
8858.89 8855.33 8856.28 8857.79 8860.01 8862.24 8864.95 8867.82 8870.8 8873.61 8876.45 8879.14 8882.23 8885.19 8889.65 8893 8895.09 8897.51 8899.4 8901.01 8902.29 8902.96 8904.38 8905.13 8905.81 8906.69 8907.86 8908.87 8908.91 8909.73 8910.54 8911.17 8911.53 8911.48 8910.92 8910.22 8910.16 8910.89 8911.46 8911.87 8912.25 8912.29 8912.29 8911.78 8910.52 8908.5 8906.92 8910.38 8918.12 8925.39 8931.65 8936.98 8940.27 8941.18 8940.94 8940.6 8941.03 8942.51 8945.41 8947.31 8948.23 8950.08 8953.66 8957.1 8961 8965.22 8968.06
8856.81 8854.4 8855.1 8857.17 8859.5 8862.07 8864.9 8867.68 8870.89 8873.67 8876.41 8879.42 8882.04 8886.5 8888.98 8892.96 8895.03 8896.96 8899.24 8900.82 8901.98 8903.05 8904.46 8905.39 8905.8 8906.55 8907.3 8908.41 8908.36 8908.81 8909.19 8909.44 8909.36 8908.99 8908.29 8907.57 8907.81 8909.27 8910.5 8910.51 8910.76 8910.48 8909.37 8907.77 8905.7 8903.62 8902.67 8904.41 8908.45 8911.93 8913.48 8919.69 8926.9 8931.01 8933.04 8934.41 8935.77 8937.62 8940.48 8942.91 8944.85 8947.61 8951.2 8955.27 8959.55 8964.31 8968.32
8856.25 8854.88 8855.56 8857.44 8859.95 8862.78 8865.77 8868.5 8872.1 8874.85 8877.56 8880.17 8882.53 8887.59 8890.21 8893.18 8895.09 8896.98 8898.73 8900.55 8901.66 8903.06 8904.32 8905.38 8906.14 8906.61 8907.78 8908.4 8907.92 8908.02 8908.04 8908.06 8907.76 8907.25 8906.55 8905.82 8906.11 8908.49 8910.87 8912.73 8911.37 8909.47 8907.23 8904.77 8902.28 8900.14 8899.21 8899.9 8902.04 8904.1 8905.17 8910.71 8917.73 8922.67 8925.84 8928.01 8929.83 8931.7 8933.26 8937.23 8940.79 8942.98 8947.93 8952.19 8956.35 8960.24 8963.28
8856.18 8855.53 8857.3 8859.15 8861.37 8864.75 8866.69 8870.79 8873.84 8876.63 8879.24 8881.75 8884.15 8887.83 8890.08 8892.5 8895.37 8896.91 8898.61 8900.73 8902.32 8903.43 8904.42 8905.5 8906.27 8906.89 8907.55 8908.2 8907.7 8907.51 8907.33 8907.01 8906.57 8906.05 8905.58 8905.31 8906 8908.49 8911.21 8913.35 8911.84 8908.57 8905.53 8902.57 8899.71 8897.3 8895.75 8895.74 8898.21 8901.19 8904.6 8908.11 8912.57 8916.59 8919.81 8922.06 8923.96 8925.97 8929.87 8933.88 8938.81 8942.45 8946 8949.18 8952.75 8955.13 8956.99
8859.34 8858.99 8860.37 8862.15 8863.99 8867.28 8869.07 8872.35 8875.2 8877.9 8880.58 8882.95 8885.25 8888.62 8890.86 8893.22 8895.92 8897.67 8899.22 8901.29 8902.85 8904.04 8904.59 8905.57 8906.4 8907.08 8907.93 8908.46 8907.56 8907.21 8906.79 8906.29 8905.73 8905.24 8904.96 8905.41 8906.9 8908.22 8910.46 8911.66 8910.43 8907.27 8903.91 8900.72 8897.65 8895.09 8893.4 8893.4 8896.08 8899.94 8904.05 8906.56 8909.3 8912.18 8914.93 8916.94 8918.47 8919.83 8922.66 8929.9 8938.2 8944.3 8945.48 8947.5 8950.24 8952.21 8953.79
8863.32 8863.67 8864.3 8865.73 8867.33 8869.37 8871.44 8873.95 8876.45 8879.38 8881.82 8883.99 8886.13 8889.68 8892.15 8894.37 8896.27 8898.53 8900.09 8901.5 8903.24 8904.11 8905.51 8905.89 8906.73 8907.2 8907.59 8907.59 8907.42 8907.11 8906.61 8905.94 8905.22 8904.56 8904.17 8904.16 8904.72 8906.66 8909.32 8910.75 8908.95 8905.84 8902.47 8898.91 8895.84 8893.31 8891.81 8891.93 8894.45 8898.46 8902.48 8904.48 8906.63 8908.93 8911.08 8913.17 8914.55 8915.54 8917.42 8926.17 8935.11 8941.39 8943.86 8946.28 8948.63 8950.7 8952.04
8871.87 8868.86 8868.21 8868.86 8870.18 8871.88 8874.06 8876.86 8878.92 8881.09 8883.14 8885.28 8887.66 8891.14 8893.07 8895.21 8897.06 8899.22 8900.7 8902.27 8903.56 8904.68 8905.63 8906.03 8907.28 8907.82 8907.96 8907.72 8907.9 8907.53 8906.77 8905.84 8904.88 8904.05 8903.36 8902.89 8902.77 8904.98 8907.4 8908.37 8907.27 8904.58 8901.32 8897.51 8894.35 8891.73 8890.25 8890.44 8892.53 8895.89 8899.39 8901.91 8904.11 8906.31 8908.4 8910.46 8912.24 8914.4 8917.95 8923.63 8930.11 8936.19 8940.85 8944.45 8947.1 8948.94 8950.1
8870.37 8870.11 8870.29 8871.34 8873.11 8874.79 8876.56 8878.45 8880.77 8883.14 8885.07 8886.99 8888.79 8892 8894.15 8895.84 8898.05 8899.57 8900.66 8902.03 8903.64 8904.97 8906.36 8906.79 8907.86 8908.68 8909.46 8910 8909.21 8908.37 8907.19 8905.91 8904.67 8903.55 8902.72 8902.26 8902.55 8904.67 8906.77 8907.24 8906.1 8903.44 8900.16 8896.66 8893.27 8890.29 8888.33 8888.1 8890.02 8893.14 8896.38 8899.47 8901.81 8904.12 8906.41 8908.64 8910.89 8913.61 8917.27 8921.6 8926.13 8932.09 8937.89 8942.53 8945.58 8947.62 8948.32
8864.52 8869 8871.66 8873.5 8875.39 8877.2 8878.97 8881.52 8883.76 8885.5 8887.63 8889.29 8890.94 8892.52 8895.19 8896.77 8898.62 8900.04 8901.45 8903.24 8904.57 8905.85 8907.17 8907.43 8908.69 8909.77 8910.94 8911.55 8910.89 8909.35 8907.64 8905.97 8904.52 8903.2 8902.22 8901.74 8902.43 8904.57 8908.33 8908.4 8905.57 8902.58 8899.33 8895.8 8892.19 8888.71 8885.92 8884.87 8887.18 8891.59 8895.08 8897.69 8900.27 8902.91 8905.4 8907.76 8910.15 8912.9 8916.62 8920.89 8924.26 8930.2 8935.78 8940.3 8943.75 8946.18 8946.41
8865.59 8869.94 8873.65 8876.14 8878.3 8880.61 8882.33 8884.25 8886.73 8888.29 8889.79 8890.42 8891.9 8893.32 8896.32 8897.78 8899.29 8901.19 8902.48 8903.93 8905.11 8906.49 8907.55 8907.83 8909.38 8910.6 8912.22 8914.2 8912.4 8910.14 8908 8906.02 8904.18 8902.64 8901.45 8900.77 8900.91 8902.91 8905.97 8906.53 8904.23 8901.42 8898.38 8894.99 8891.37 8887.5 8883.63 8880.76 8882.96 8889.65 8893.53 8896.25 8899.32 8902.37 8905.19 8907.88 8910.29 8913.38 8917.37 8922.17 8926.91 8930.63 8934.51 8938.15 8941.27 8943.58 8943.74
8869.85 8873.89 8877.53 8880 8882.23 8884.27 8885.79 8887.59 8888.95 8889.73 8891 8892.28 8893.51 8894.96 8898.26 8899.59 8900.83 8902.3 8903.43 8904.61 8905.68 8906.57 8907.72 8907.97 8909.53 8910.92 8912.44 8913.61 8912.44 8910.2 8907.89 8905.77 8903.78 8902.04 8900.59 8899.58 8899.73 8901.11 8902.79 8903.35 8902.26 8900.16 8897.55 8894.59 8891.33 8887.76 8883.62 8878.47 8880.11 8884.14 8889.96 8894.7 8898.75 8902.32 8905.51 8908.4 8911.15 8914.15 8918.4 8923.65 8928.92 8931.02 8933.36 8935.64 8937.97 8940 8940.56
8877.51 8880.47 8882.99 8885.28 8886.76 8887.29 8888.39 8889.37 8890.42 8891.74 8892.79 8893.96 8894.65 8895.76 8899 8900.21 8901.4 8902.45 8903.58 8904.56 8905.79 8906.46 8907.42 8907.9 8909.26 8910.31 8911.59 8913.09 8911.81 8909.52 8907.35 8905.36 8903.42 8901.56 8899.82 8898.25 8896.88 8896.97 8900.05 8901.08 8900.46 8899.05 8897.06 8894.75 8892.24 8889.68 8887.37 8886.1 8885.02 8884.66 8889.19 8894.6 8899.19 8903.1 8906.61 8909.7 8912.43 8914.99 8919.23 8923.67 8927.7 8930.02 8931.94 8933.68 8935.07 8936.31 8937.6
8887.62 8887.95 8888.66 8888.66 8889.2 8889.95 8890.44 8891.46 8892.28 8893.14 8893.89 8894.56 8895.4 8896.34 8899.18 8900.27 8901.39 8902.34 8903.42 8904.47 8905.29 8906.2 8907.36 8907.48 8908.69 8909.64 8909.88 8910.58 8909.38 8908.31 8906.77 8904.97 8903.16 8901.3 8899.42 8897.53 8895.59 8894.9 8897.97 8899.37 8899.4 8898.58 8897.27 8895.67 8894.01 8892.56 8891.78 8892.07 8890.85 8888.98 8892.31 8896.72 8901.01 8904.96 8908.52 8911.74 8914.52 8917.4 8920.3 8923.08 8925.68 8928.52 8930.46 8932.16 8933.38 8934.2 8935.66
8893.24 8892.68 8892.28 8892.59 8892.49 8892.8 8893.02 8893.58 8893.63 8894.23 8894.93 8895.67 8896.01 8896.72 8899.35 8900.07 8901.17 8902.12 8903.14 8904.04 8904.95 8906.12 8906.98 8907.27 8908.22 8908.67 8908.52 8908.92 8907.75 8907.4 8906.24 8904.78 8903.16 8901.45 8899.72 8897.79 8896.3 8896.11 8897.53 8898.36 8898.4 8897.71 8896.66 8895.6 8894.7 8894.26 8894.53 8895.45 8895.75 8895.28 8897.41 8900.87 8904.67 8908.4 8911.8 8914.73 8916.79 8919.25 8921.43 8923.9 8925.91 8927.56 8929.18 8930.59 8932.04 8933.51 8934.94
8896.61 8896.23 8895.85 8895.49 8895.42 8895.17 8894.75 8895.11 8894.76 8895.23 8895.34 8895.94 8896.6 8897.08 8898.73 8899.59 8900.49 8901.19 8902.14 8903.1 8904.23 8905 8906.53 8907.19 8907.55 8908.09 8909.25 8908.68 8908.31 8906.96 8905.73 8904.41 8903.02 8901.6 8900.12 8898.8 8897.7 8896.99 8898.02 8898.16 8897.83 8897.08 8896.09 8895.33 8894.93 8895.08 8895.17 8897.03 8899.25 8900.68 8901.79 8904.43 8907.74 8911.27 8914.71 8917.77 8919.66 8920.92 8922.52 8923.53 8925.1 8926.89 8928.34 8929.37 8930.59 8933.2 8935.02
8898.78 8898.34 8897.68 8896.9 8896.64 8896.32 8895.94 8896.13 8895.66 8895.41 8895.85 8895.95 8896.55 8897.2 8898.57 8899.35 8900.2 8901.29 8902.13 8903.08 8903.89 8904.67 8905.98 8906.41 8906.74 8907.41 8908.64 8908.05 8907.26 8906.58 8905.39 8904.23 8903.07 8901.96 8900.95 8900.16 8899.62 8899.66 8899.19 8898.02 8896.71 8895.24 8893.92 8893.05 8892.8 8893.46 8894.91 8896.76 8899.01 8901.69 8904.6 8907.72 8911.03 8914.44 8917.93 8921.33 8924.51 8925.52 8924.16 8923.07 8924.52 8926.69 8928.52 8929.54 8930.2 8933.52 8936
8900.94 8899.52 8898.81 8897.67 8896.82 8896.07 8895.92 8896.27 8896.3 8896.55 8897.1 8897.56 8898.07 8898.72 8899.3 8899.84 8900.64 8901.53 8902.31 8902.9 8903.56 8904.28 8905.61 8906.03 8906.15 8906.49 8907.95 8907.54 8907.19 8906.27 8905.17 8904.25 8903.39 8902.63 8902.01 8901.41 8901.32 8901.41 8900.74 8898.7 8896.62 8894.65 8892.99 8891.72 8891.48 8892.34 8894.17 8896.34 8897.49 8901.44 8906.08 8909.6 8912.87 8916.31 8919.92 8923.79 8927.35 8927.94 8925.97 8923.79 8925.44 8927.78 8929.99 8931.76 8933.43 8935.96 8938.2
8901.89 8899.98 8899.96 8898.37 8897.71 8897.35 8896.84 8896.76 8896.68 8896.81 8897.19 8898.25 8898.61 8898.67 8899.21 8900.45 8900.81 8901.43 8902.08 8902.52 8903.16 8903.93 8904.79 8905.22 8905.28 8905.55 8907.01 8906.69 8906.3 8905.56 8904.63 8903.94 8903.37 8902.93 8902.65 8902.63 8902.79 8903.3 8902.23 8899.02 8896.33 8893.98 8891.61 8889.96 8889.34 8890.21 8892.98 8897.3 8900.99 8903.96 8908.29 8911.46 8914.38 8917.44 8920.75 8924.5 8928.96 8929 8927.5 8927.63 8927.76 8929.68 8932.31 8935.33 8938.23 8939.72 8941.05
8899.64 8899.16 8899.62 8899.38 8898.1 8898.1 8897.41 8897.48 8897.54 8897.18 8897.47 8897.8 8898.23 8898.53 8898.16 8899.65 8900.28 8900.94 8901.59 8902.16 8902.76 8903.28 8903.73 8904.28 8904.31 8904.87 8905.85 8905.48 8905.25 8904.48 8903.95 8903.64 8903.39 8903.21 8903.06 8903.19 8903.46 8903.34 8901.22 8898.52 8895.75 8892.96 8890.21 8887.8 8886.26 8886.4 8889.61 8896.93 8905.61 8908.2 8910.13 8912.3 8914.78 8917.48 8920.24 8922.82 8924.8 8926.33 8926.9 8927.29 8929.01 8931.29 8934.29 8938.18 8941.69 8942.61 8943.61
8897.08 8897.44 8898.5 8898.8 8897.57 8897.84 8898.08 8896.98 8897.15 8897.45 8897.21 8897.56 8897.83 8898.4 8898.86 8899.34 8899.23 8900.33 8901.24 8901.94 8902.55 8903 8903.47 8903.77 8903.79 8904.4 8904.83 8904.23 8903.24 8902.91 8903.22 8903.31 8903.31 8903.31 8903.28 8903.39 8903.51 8903.01 8900.02 8897.94 8895.12 8891.85 8888.34 8884.8 8881.64 8879.71 8880.86 8889.33 8906.9 8908.62 8909.54 8911.77 8914.4 8917 8919.34 8921.04 8921.23 8923.98 8925.61 8927.09 8929.49 8932.32 8935.42 8938.84 8942 8943.96 8945.56
8894.48 8895.02 8896.19 8896.68 8898.17 8897.27 8897.71 8898 8898.47 8898.91 8899.28 8898.1 8898.5 8899.44 8899.24 8899.67 8900.45 8900.78 8901.66 8902.01 8902.26 8902.66 8903.1 8903.39 8903.38 8903.95 8904.36 8903.67 8902.97 8902.73 8903.01 8903.12 8903.19 8903.27 8903.33 8903.31 8902.9 8901.94 8900.54 8897.85 8894.83 8891.06 8886.7 8881.94 8876.8 8871.58 8866.97 8865.87 8886.94 8898.31 8904.75 8909.61 8913.17 8916.02 8918.52 8920.77 8922.42 8923.57 8924.9 8926.9 8930.11 8933.24 8936.2 8939.02 8942.07 8945.1 8947.08
8893.52 8894.61 8896.83 8896.92 8897.64 8898.24 8898.74 8899.15 8899.24 8899.62 8899.99 8900.42 8900.84 8901.08 8901.44 8900.74 8901.25 8901.49 8902.15 8901.95 8902.2 8902.68 8902.8 8903.06 8903.28 8904.78 8904.19 8903.69 8903.51 8903.47 8903.21 8903.09 8903.14 8903.25 8903.36 8903.37 8903.01 8901.96 8900.17 8898.7 8895.27 8891.01 8886.03 8880.43 8874.05 8866.36 8856.53 8844.07 8847.73 8883.69 8900.05 8907.42 8911.75 8914.83 8917.57 8920.45 8923.44 8923.85 8925.4 8927.88 8931.37 8934.7 8937.53 8939.96 8942.81 8945.72 8948.38
