real_craters/C179-750m.grd
DSAA
197 197
-73.6575 73.6575
-73.6575 73.6575
7064.6812283489 10077.145440171
[rows 114 to 151 of 197, columns 84 to 167 of 197]
8140 8106 8077 8045 7952 7883 7851 7810 7775 7748 7729 7700 7699 7700 7696 7715 7690 7682 7710 7733 7738 7758 7781 7801 7867 7963 8065 8147 8231 8401 8598 8714 8741 8762 8881 9112 9293 9385 9423 9415 9375 9342 9320 9306 9291 9269 9247 9233 9219 9215 9213 9210 9208 9207 9210 9221 9232 9237 9231 9204 9183 9168 9155 9142 9132 9144 9164 9195 9191 9196 9217 9246 9274 9297 9284 9284 9290 9306 9309 9309 9320 9331 9346 9345
8264 8208 8158 8116 8054 7987 7921 7857 7802 7797 7787 7757 7726 7728 7717 7723 7724 7734 7760 7767 7782 7814 7849 7892 7978 8096 8213 8293 8419 8490 8666 8798 8842 8890 9027 9246 9355 9395 9422 9407 9350 9321 9303 9290 9274 9260 9244 9233 9216 9212 9209 9206 9201 9197 9198 9212 9226 9236 9237 9221 9202 9182 9167 9155 9146 9149 9158 9169 9169 9195 9220 9239 9259 9286 9291 9289 9294 9304 9307 9310 9322 9332 9345 9339
8411 8347 8270 8207 8166 8080 8026 7966 7911 7893 7890 7874 7838 7800 7796 7797 7796 7802 7816 7828 7852 7886 7931 7974 8103 8250 8383 8492 8569 8666 8775 8887 8942 8997 9082 9194 9315 9376 9399 9381 9329 9298 9281 9266 9255 9242 9233 9224 9216 9212 9208 9203 9198 9193 9192 9209 9227 9234 9235 9226 9211 9198 9185 9172 9165 9168 9168 9163 9171 9190 9221 9240 9256 9263 9291 9288 9285 9290 9315 9323 9332 9335 9336 9340
8564 8481 8422 8369 8316 8242 8176 8113 8058 8031 8026 8009 7987 7935 7914 7903 7879 7890 7896 7904 7936 7979 8018 8102 8258 8427 8578 8693 8773 8852 8967 9030 9059 9065 9126 9211 9303 9350 9361 9343 9302 9274 9257 9245 9236 9228 9226 9219 9220 9216 9211 9206 9200 9196 9196 9210 9222 9231 9230 9222 9214 9206 9197 9190 9185 9193 9188 9185 9193 9210 9228 9237 9248 9251 9268 9281 9283 9291 9324 9337 9348 9354 9341 9347
8722 8660 8654 8586 8477 8408 8343 8282 8222 8198 8197 8184 8160 8091 8056 8023 8002 8006 8010 8020 8056 8113 8187 8277 8447 8622 8792 8933 8961 9051 9170 9198 9217 9250 9299 9364 9354 9340 9321 9294 9272 9252 9233 9226 9231 9220 9216 9216 9221 9220 9214 9207 9201 9199 9204 9212 9222 9220 9218 9214 9211 9209 9207 9208 9204 9196 9188 9182 9188 9201 9217 9225 9233 9240 9259 9278 9289 9305 9342 9357 9360 9361 9348 9350
8911 8897 8922 8824 8678 8601 8531 8486 8443 8411 8404 8380 8341 8279 8226 8196 8156 8150 8156 8160 8203 8268 8365 8513 8652 8812 8970 9087 9117 9193 9298 9339 9368 9441 9514 9465 9379 9328 9286 9253 9236 9225 9217 9210 9218 9211 9216 9221 9225 9224 9217 9209 9202 9197 9195 9198 9207 9202 9204 9206 9207 9210 9213 9217 9212 9194 9186 9181 9183 9188 9195 9211 9226 9243 9264 9283 9300 9322 9347 9363 9361 9358 9352 9360
9129 9151 9123 9073 8967 8860 8772 8727 8702 8675 8660 8607 8548 8476 8415 8383 8359 8334 8341 8349 8395 8447 8542 8703 8846 8993 9130 9242 9303 9346 9435 9451 9462 9512 9510 9388 9342 9302 9261 9231 9219 9217 9208 9206 9204 9203 9212 9222 9228 9226 9217 9208 9201 9193 9184 9184 9188 9183 9191 9198 9203 9209 9215 9220 9220 9211 9198 9200 9195 9199 9198 9209 9224 9241 9273 9289 9302 9320 9331 9335 9346 9356 9355 9366
9341 9390 9413 9345 9282 9170 9066 9021 9025 9027 8972 8887 8810 8706 8628 8625 8587 8558 8574 8585 8632 8664 8742 8889 9026 9168 9315 9436 9532 9597 9599 9517 9468 9432 9380 9325 9300 9270 9238 9213 9204 9203 9196 9191 9196 9204 9217 9222 9224 9220 9213 9206 9198 9190 9183 9179 9181 9182 9186 9193 9200 9206 9213 9222 9227 9229 9219 9219 9222 9234 9226 9224 9227 9235 9265 9288 9294 9299 9302 9310 9323 9337 9349 9371
9487 9591 9596 9493 9475 9442 9385 9359 9343 9347 9291 9221 9119 8978 8882 8856 8828 8829 8853 8884 8929 8932 8974 9086 9198 9318 9475 9594 9677 9740 9653 9502 9398 9336 9317 9308 9275 9248 9223 9197 9193 9200 9189 9188 9194 9194 9214 9217 9215 9210 9207 9202 9196 9189 9184 9182 9178 9180 9184 9189 9195 9201 9208 9213 9225 9235 9237 9224 9232 9235 9241 9240 9241 9252 9265 9275 9282 9284 9285 9287 9301 9320 9331 9353
9440 9474 9475 9447 9466 9589 9596 9608 9537 9565 9521 9497 9425 9255 9150 9156 9132 9140 9156 9179 9225 9246 9284 9311 9348 9413 9487 9553 9602 9589 9527 9420 9314 9305 9297 9280 9263 9241 9217 9200 9192 9187 9183 9185 9193 9204 9210 9210 9209 9208 9203 9199 9194 9188 9184 9179 9184 9184 9184 9189 9194 9199 9203 9208 9219 9227 9228 9231 9237 9240 9239 9239 9247 9258 9264 9267 9272 9273 9270 9269 9287 9309 9323 9338
9364 9394 9406 9386 9409 9466 9485 9535 9513 9503 9546 9644 9585 9441 9384 9450 9466 9437 9402 9439 9465 9504 9546 9481 9438 9443 9490 9465 9437 9487 9405 9337 9281 9269 9282 9270 9253 9233 9212 9197 9188 9183 9179 9181 9187 9187 9202 9203 9202 9203 9200 9198 9195 9192 9188 9188 9199 9192 9185 9191 9195 9199 9202 9201 9207 9208 9217 9231 9240 9247 9238 9237 9247 9256 9255 9263 9266 9266 9267 9269 9279 9305 9317 9333
9279 9311 9334 9338 9341 9349 9324 9371 9388 9383 9430 9485 9512 9484 9513 9582 9579 9527 9493 9490 9477 9565 9621 9520 9453 9407 9357 9339 9308 9343 9284 9266 9243 9242 9264 9256 9238 9220 9203 9189 9178 9184 9182 9174 9181 9190 9192 9195 9194 9197 9196 9198 9199 9198 9196 9193 9199 9198 9194 9194 9197 9201 9204 9204 9196 9192 9205 9224 9229 9237 9241 9241 9248 9255 9253 9258 9262 9262 9262 9267 9278 9295 9310 9327
9206 9259 9267 9267 9252 9237 9208 9255 9277 9294 9331 9371 9403 9432 9439 9457 9455 9475 9481 9492 9485 9473 9425 9436 9408 9370 9331 9277 9235 9235 9252 9227 9203 9210 9233 9232 9220 9207 9195 9185 9185 9187 9191 9181 9179 9184 9189 9190 9188 9184 9193 9200 9204 9207 9210 9210 9205 9205 9200 9198 9199 9202 9206 9203 9192 9199 9224 9236 9235 9241 9244 9250 9247 9247 9250 9255 9262 9263 9261 9267 9267 9278 9291 9311
9124 9162 9162 9150 9131 9107 9107 9147 9190 9237 9282 9311 9356 9374 9383 9397 9431 9412 9405 9390 9320 9304 9347 9361 9348 9323 9298 9264 9255 9241 9216 9213 9209 9204 9195 9203 9200 9192 9183 9174 9170 9177 9178 9174 9174 9179 9184 9185 9190 9197 9204 9207 9210 9213 9220 9230 9229 9216 9202 9201 9201 9203 9206 9205 9201 9209 9221 9235 9233 9238 9241 9245 9247 9252 9260 9270 9270 9269 9268 9268 9260 9260 9275 9301
8980 9012 9028 9017 9011 8988 8969 9032 9096 9175 9253 9268 9289 9308 9308 9304 9340 9339 9360 9350 9319 9324 9342 9319 9299 9272 9242 9229 9218 9205 9200 9202 9211 9209 9195 9189 9184 9178 9170 9162 9161 9165 9168 9170 9169 9163 9166 9180 9194 9207 9214 9214 9214 9217 9221 9228 9231 9218 9210 9202 9200 9201 9203 9202 9205 9206 9212 9235 9237 9235 9238 9237 9246 9261 9272 9272 9273 9274 9279 9276 9262 9254 9268 9297
8955 8955 8960 8946 8942 8920 8893 8922 9001 9070 9120 9186 9233 9260 9266 9264 9280 9295 9332 9338 9324 9313 9299 9284 9264 9242 9221 9206 9201 9215 9203 9197 9206 9206 9190 9177 9173 9168 9162 9154 9148 9166 9184 9180 9170 9162 9165 9180 9195 9210 9218 9215 9213 9213 9213 9219 9216 9210 9201 9197 9198 9198 9200 9196 9193 9213 9223 9233 9237 9239 9238 9239 9248 9262 9271 9266 9267 9272 9279 9278 9268 9263 9276 9296
8955 8938 8944 8946 8917 8898 8895 8893 8931 8973 9010 9099 9175 9221 9233 9229 9228 9250 9289 9302 9298 9267 9251 9242 9230 9221 9209 9202 9207 9211 9216 9198 9187 9174 9165 9164 9162 9160 9158 9155 9152 9180 9178 9156 9165 9178 9175 9184 9196 9206 9210 9211 9209 9206 9205 9208 9204 9203 9194 9196 9200 9200 9190 9194 9203 9220 9222 9226 9238 9236 9236 9241 9249 9259 9265 9268 9262 9267 9270 9270 9275 9284 9292 9300
8919 8897 8912 8911 8890 8869 8832 8851 8881 8912 8927 9015 9127 9192 9194 9180 9179 9195 9229 9253 9257 9227 9213 9206 9202 9197 9194 9196 9201 9200 9197 9183 9183 9169 9156 9156 9156 9157 9161 9165 9177 9200 9155 9134 9157 9173 9183 9189 9195 9203 9210 9206 9202 9198 9197 9203 9207 9206 9202 9204 9211 9216 9221 9217 9219 9219 9221 9223 9228 9232 9235 9242 9249 9256 9263 9273 9266 9267 9269 9275 9280 9292 9295 9300
8936 8903 8883 8871 8857 8842 8833 8822 8856 8891 8928 8990 9097 9165 9160 9153 9151 9160 9180 9210 9234 9196 9183 9178 9176 9174 9175 9177 9180 9184 9196 9186 9177 9166 9156 9152 9154 9159 9165 9174 9188 9203 9202 9171 9161 9169 9179 9185 9191 9196 9199 9198 9195 9192 9190 9196 9210 9209 9210 9213 9220 9233 9247 9237 9230 9229 9224 9219 9228 9230 9236 9246 9256 9256 9259 9281 9278 9269 9266 9263 9265 9275 9277 9276
8939 8897 8857 8840 8831 8821 8815 8827 8852 8878 8898 8972 9073 9151 9130 9144 9136 9139 9151 9177 9194 9185 9160 9156 9152 9147 9152 9159 9160 9170 9181 9179 9159 9145 9143 9146 9151 9160 9169 9176 9185 9186 9184 9163 9164 9166 9172 9177 9184 9189 9193 9191 9189 9186 9186 9194 9202 9208 9213 9218 9224 9233 9243 9247 9238 9222 9215 9215 9220 9227 9234 9244 9253 9256 9259 9283 9315 9272 9266 9258 9247 9249 9251 9247
8918 8874 8831 8821 8819 8815 8818 8832 8859 8889 8903 8949 9053 9127 9132 9131 9131 9135 9148 9152 9149 9151 9145 9139 9134 9134 9133 9131 9140 9158 9165 9151 9155 9133 9133 9138 9146 9156 9167 9178 9188 9189 9184 9169 9171 9172 9172 9175 9179 9182 9182 9185 9186 9183 9182 9192 9201 9209 9216 9224 9222 9221 9232 9245 9251 9232 9213 9207 9214 9223 9232 9244 9254 9259 9264 9286 9318 9282 9273 9262 9239 9231 9232 9228
8895 8858 8823 8824 8830 8835 8837 8849 8866 8889 8920 8963 9041 9126 9163 9147 9143 9137 9143 9136 9127 9133 9127 9122 9118 9121 9119 9123 9131 9137 9148 9139 9132 9123 9125 9130 9139 9149 9162 9174 9185 9185 9191 9178 9176 9175 9171 9170 9174 9180 9185 9189 9187 9184 9184 9192 9193 9198 9215 9229 9215 9198 9197 9233 9271 9266 9228 9211 9215 9226 9238 9249 9260 9266 9274 9290 9305 9296 9278 9261 9236 9227 9220 9216
8884 8860 8842 8845 8854 8854 8863 8873 8870 8860 8870 8924 9011 9109 9156 9176 9177 9159 9139 9126 9117 9119 9112 9110 9104 9103 9106 9111 9116 9124 9122 9124 9118 9117 9116 9122 9131 9140 9152 9165 9180 9199 9200 9183 9190 9182 9171 9161 9171 9180 9190 9193 9188 9187 9186 9188 9190 9195 9207 9213 9208 9198 9200 9225 9256 9257 9220 9209 9218 9229 9250 9254 9260 9268 9278 9288 9295 9291 9276 9262 9241 9225 9213 9207
8888 8875 8871 8873 8882 8884 8887 8889 8875 8863 8860 8875 8963 9061 9132 9183 9198 9164 9141 9125 9116 9119 9116 9103 9093 9094 9104 9118 9126 9125 9123 9113 9102 9099 9106 9114 9122 9130 9138 9150 9162 9178 9189 9199 9210 9192 9179 9176 9175 9178 9183 9185 9184 9184 9187 9185 9188 9193 9199 9205 9205 9210 9216 9231 9231 9247 9225 9208 9211 9222 9236 9247 9258 9268 9273 9278 9279 9279 9269 9255 9242 9229 9211 9202
8901 8890 8890 8899 8910 8908 8907 8899 8890 8875 8865 8861 8936 9025 9105 9147 9159 9145 9132 9124 9110 9109 9109 9095 9085 9089 9103 9123 9125 9121 9120 9107 9098 9092 9099 9107 9115 9121 9128 9134 9138 9144 9168 9183 9192 9187 9182 9178 9177 9174 9174 9176 9177 9180 9180 9183 9185 9190 9192 9196 9196 9199 9213 9227 9251 9251 9231 9212 9207 9210 9214 9225 9247 9262 9260 9258 9258 9266 9261 9250 9245 9227 9212 9201
8918 8909 8909 8921 8935 8939 8924 8905 8907 8898 8886 8885 8940 9014 9093 9118 9122 9120 9105 9099 9087 9089 9086 9086 9078 9084 9094 9056 9071 9101 9125 9102 9094 9090 9093 9102 9106 9113 9119 9122 9128 9141 9154 9165 9165 9174 9177 9182 9177 9168 9161 9153 9165 9174 9180 9181 9181 9181 9183 9181 9185 9193 9210 9221 9224 9231 9227 9219 9207 9197 9191 9199 9220 9235 9239 9238 9244 9254 9253 9245 9238 9222 9210 9203
8935 8929 8931 8938 8946 8949 8939 8930 8921 8915 8916 8918 8970 9033 9093 9103 9107 9089 9080 9079 9075 9080 9089 9089 9085 9085 9081 9034 9038 9078 9108 9090 9084 9086 9088 9092 9101 9106 9114 9117 9118 9129 9135 9146 9158 9163 9168 9171 9166 9160 9151 9153 9158 9179 9173 9171 9178 9182 9184 9184 9194 9220 9221 9220 9214 9208 9213 9220 9204 9188 9177 9177 9193 9207 9217 9225 9233 9242 9240 9231 9225 9219 9212 9205
8952 8946 8944 8949 8948 8942 8949 8957 8941 8919 8929 8958 9010 9071 9069 9092 9099 9088 9082 9078 9075 9077 9082 9093 9094 9080 9061 9021 9036 9062 9079 9073 9076 9079 9085 9090 9097 9098 9109 9118 9127 9132 9123 9130 9144 9153 9158 9158 9158 9156 9150 9147 9156 9156 9176 9175 9176 9182 9186 9195 9210 9227 9227 9218 9205 9199 9204 9209 9196 9180 9164 9158 9170 9187 9194 9206 9220 9231 9222 9212 9212 9209 9208 9204
8979 8948 8946 8956 8953 8936 8950 8967 8951 8923 8936 8974 9024 9067 9078 9089 9094 9090 9076 9079 9076 9073 9081 9088 9089 9069 9046 9053 9050 9058 9074 9071 9069 9073 9079 9087 9092 9098 9105 9115 9128 9140 9144 9143 9137 9148 9154 9160 9164 9156 9154 9153 9160 9162 9162 9169 9172 9177 9185 9199 9224 9237 9228 9217 9209 9206 9203 9196 9188 9174 9159 9148 9151 9155 9166 9180 9198 9215 9205 9194 9201 9205 9203 9201
9003 8950 8950 8953 8925 8921 8942 8959 8946 8927 8945 8974 9013 9059 9082 9084 9086 9079 9073 9075 9077 9059 9039 9067 9071 9058 9048 9051 9057 9065 9083 9076 9072 9073 9077 9081 9087 9090 9097 9106 9119 9131 9134 9147 9151 9152 9153 9152 9149 9154 9159 9165 9165 9163 9154 9161 9169 9180 9191 9190 9196 9208 9200 9202 9204 9204 9204 9197 9184 9172 9160 9149 9147 9145 9150 9159 9170 9192 9170 9159 9169 9183 9192 9195
9019 8996 8961 8954 8942 8929 8939 8944 8940 8956 8964 8976 9000 9034 9052 9060 9064 9062 9055 9056 9057 9049 9045 9044 9046 9045 9047 9052 9057 9068 9080 9078 9071 9074 9078 9079 9082 9087 9090 9090 9091 9128 9136 9149 9159 9160 9157 9152 9150 9155 9162 9165 9154 9148 9159 9161 9162 9166 9170 9173 9187 9193 9175 9177 9179 9187 9188 9184 9178 9173 9167 9163 9158 9152 9149 9151 9150 9149 9144 9142 9144 9156 9174 9188
9024 8963 8960 8947 8934 8938 8949 8960 8980 8991 8982 8981 8992 9013 9024 9031 9037 9044 9043 9039 9039 9040 9043 9039 9034 9032 9038 9046 9050 9056 9069 9085 9082 9080 9078 9079 9080 9084 9088 9096 9118 9134 9139 9158 9168 9168 9164 9158 9151 9159 9166 9170 9170 9167 9176 9163 9155 9146 9139 9149 9162 9165 9166 9166 9168 9168 9163 9166 9172 9175 9176 9180 9174 9164 9158 9155 9153 9143 9141 9139 9141 9147 9154 9169
9017 8997 8982 8946 8930 8956 8972 8990 9012 8998 8987 8984 8988 8998 9001 9006 9020 9033 9030 9024 9023 9031 9037 9034 9029 9024 9034 9042 9039 9036 9047 9063 9075 9078 9076 9077 9080 9082 9088 9099 9113 9122 9132 9134 9158 9167 9168 9167 9168 9172 9176 9176 9179 9169 9165 9160 9149 9138 9129 9130 9133 9144 9156 9162 9166 9165 9162 9164 9170 9175 9180 9185 9182 9174 9167 9158 9153 9144 9139 9139 9141 9143 9152 9166
9049 9068 9041 9030 9019 8996 8995 9002 9003 8982 8984 8986 8996 8992 8988 8990 8999 9003 9015 9014 9013 9022 9029 9034 9033 9035 9038 9039 9033 9024 9032 9047 9054 9065 9068 9070 9073 9077 9082 9087 9101 9115 9124 9123 9143 9162 9171 9178 9190 9190 9181 9177 9176 9167 9163 9155 9146 9136 9126 9123 9122 9126 9133 9146 9158 9162 9170 9170 9170 9174 9179 9183 9180 9172 9160 9155 9148 9142 9138 9140 9143 9146 9163 9182
9106 9111 9082 9055 9038 9018 9009 9005 9000 8995 8989 8986 8982 8983 8983 8984 8992 8991 8996 9000 9006 9015 9022 9029 9031 9035 9044 9039 9032 9026 9029 9038 9043 9053 9059 9064 9069 9073 9078 9083 9091 9108 9115 9117 9139 9158 9169 9178 9191 9187 9175 9170 9164 9160 9157 9151 9144 9138 9133 9125 9116 9112 9109 9123 9139 9156 9169 9167 9167 9170 9175 9179 9180 9171 9169 9154 9146 9143 9143 9145 9150 9157 9177 9199
9134 9118 9094 9057 9033 9022 9014 9006 8999 8997 8993 8988 8982 8979 8983 8990 8992 8994 8997 8997 9004 9011 9018 9020 9027 9033 9035 9035 9033 9035 9033 9039 9044 9047 9053 9059 9065 9070 9077 9086 9101 9110 9119 9125 9144 9158 9163 9162 9158 9154 9154 9155 9158 9146 9147 9146 9143 9140 9136 9127 9113 9101 9097 9103 9121 9135 9139 9150 9156 9162 9167 9171 9171 9164 9150 9149 9146 9145 9150 9156 9165 9173 9185 9203
9132 9124 9102 9068 9034 9019 9011 9009 9004 8996 8996 8991 8985 8980 8982 8982 8989 8990 8988 8995 8997 9008 9018 9024 9029 9033 9033 9032 9030 9029 9031 9044 9049 9044 9048 9052 9058 9064 9073 9084 9099 9115 9129 9147 9157 9163 9152 9142 9132 9126 9127 9131 9133 9146 9146 9145 9142 9140 9140 9132 9112 9096 9090 9086 9094 9111 9130 9136 9144 9150 9156 9161 9161 9159 9152 9152 9151 9153 9164 9178 9182 9189 9201 9215
9105 9134 9103 9056 9025 9012 9005 9003 9001 8999 9003 8998 8987 8981 8986 8990 8989 8984 8987 8998 8994 9005 9019 9036 9034 9030 9034 9035 9034 9035 9044 9043 9045 9047 9046 9048 9052 9059 9068 9080 9097 9116 9138 9158 9157 9146 9136 9121 9104 9094 9096 9106 9123 9136 9142 9140 9139 9137 9132 9122 9112 9098 9088 9080 9083 9094 9111 9121 9130 9138 9145 9150 9158 9153 9157 9158 9158 9164 9175 9183 9190 9201 9214 9224
