real_craters/C179-300m.grd
DSAA
492 492
-73.6575 73.6575
-73.6575 73.6575
7062.1431280308 10077.762076732
[rows 90 to 119 of 492, columns 268 to 334 of 492]
9123.05 9121.31 9119.67 9118.25 9117.06 9116.29 9115.74 9115.31 9115.02 9113.83 9112.38 9110.97 9109.73 9108.23 9104.65 9100.13 9095.14 9086.99 9081.68 9079.54 9077.94 9076.62 9075.69 9075.08 9076.73 9078.59 9078.67 9077.99 9077.27 9076.93 9076.21 9074 9072.48 9071.69 9071.65 9072.48 9073.8 9074.6 9076.77 9079.93 9083.54 9085.31 9086.53 9086.9 9087.98 9088.53 9088.61 9088.47 9087.99 9087.37 9086.55 9086.1 9086.09 9088.79 9093.39 9098.72 9108.63 9118.81 9123.83 9124.79 9124.3 9123.21 9121.56 9119.69 9117.88 9115.98 9113.97
9126.86 9123.7 9121.41 9119.74 9118.39 9117.36 9116.38 9115.41 9115.09 9114.64 9114.12 9113.36 9112.12 9111.1 9107.19 9103.25 9098.51 9091.37 9085.78 9082.67 9080.27 9078.45 9076.88 9076.27 9075.67 9076.1 9076.54 9076.81 9076.84 9076.63 9075.78 9074.66 9073.38 9072.5 9072.16 9072.89 9072.07 9073.87 9076.73 9079.9 9083.24 9085.91 9088.75 9091.64 9091.11 9091.19 9091.28 9091.23 9091.08 9090.74 9090.16 9089.96 9089.63 9091.89 9096.06 9101.56 9111.72 9122.23 9127.85 9128.28 9127.51 9126.15 9124.56 9122.58 9120.45 9118.33 9116.17
9125.97 9123.63 9121.74 9120.37 9119.2 9118.19 9116.87 9115.09 9114.05 9115.52 9116.12 9115.74 9114.05 9110.77 9108.57 9106.48 9103.06 9096.82 9090.65 9086.25 9082.85 9080.34 9078.59 9075.9 9074.79 9073.79 9074.91 9075.74 9076.28 9076.36 9076.08 9075.07 9074.05 9073 9072.04 9071.05 9071.63 9074.01 9076.9 9079.7 9082.5 9085.75 9088.94 9091.87 9092.82 9093.46 9093.86 9093.94 9094.14 9094.46 9094.59 9093.77 9093.69 9096.42 9100.8 9106.59 9115.76 9125.46 9130.88 9130.95 9130.08 9128.66 9126.78 9124.74 9122.44 9120.25 9117.83
9121.89 9121.31 9120.63 9120.08 9119.73 9119.11 9118.17 9116.77 9116.27 9117.92 9119.03 9119.11 9117.91 9114.28 9112.58 9110.81 9107.1 9101.35 9095.03 9089.96 9085.71 9081.91 9079.54 9079.77 9074.49 9073.58 9074.45 9075.47 9076.2 9076.61 9076.6 9075.75 9074.7 9073.9 9073.12 9072.94 9074.73 9076.53 9078.08 9080.08 9082.95 9086.04 9088.65 9091.34 9094.42 9096 9096.75 9096.99 9097.27 9097.96 9098.6 9097.75 9098.89 9101.58 9106.43 9112.63 9119.44 9126.75 9131.4 9132.16 9131.57 9130.43 9128.96 9126.93 9124.83 9122.64 9120.03
9116.76 9117.98 9118.81 9119.38 9119.83 9120.18 9120.29 9120.04 9120.52 9121.89 9123.1 9123.81 9124.01 9123.79 9121.66 9116.62 9110.85 9104.75 9098.54 9093.46 9088.94 9084.19 9076.75 9070.94 9073.98 9074.17 9075.3 9076.2 9076.84 9077.09 9077.07 9076.63 9076.17 9075.62 9075.45 9076.07 9077.7 9079.13 9080.21 9081.45 9084.02 9088.51 9091.65 9094.75 9097.94 9099.66 9100.33 9100.36 9100.36 9100.58 9101.11 9101.28 9101.99 9106.32 9111.74 9117.23 9122.37 9127.16 9130.45 9132.26 9132.89 9132.29 9131.04 9129.2 9126.92 9124.52 9121.65
9112.04 9114.83 9117 9118.61 9120.07 9121.42 9122.77 9123.64 9124.83 9126.34 9127.69 9128.92 9130.1 9131.31 9129.42 9121.85 9114.24 9106.89 9101.59 9096.96 9092.77 9089.2 9087.35 9083.27 9078.93 9077.66 9077.65 9078.14 9078.46 9078.35 9077.9 9078.1 9078.13 9077.97 9078.26 9079.26 9080.62 9082.34 9083.8 9085.6 9089.32 9094.55 9098.64 9101.66 9103.85 9104.79 9104.92 9104.33 9103.64 9102.96 9103.45 9104.77 9105.94 9111.72 9117.16 9121.86 9125.45 9128.56 9130.66 9133.14 9134.52 9134.44 9133.24 9131.36 9129.29 9126.49 9123.44
9109.3 9112.97 9115.99 9118.46 9120.71 9122.81 9125.3 9127.73 9129.25 9130.52 9132.18 9133.74 9134.83 9134.42 9130.91 9125.44 9118.41 9111.51 9105.09 9100.48 9096.58 9093.7 9091.5 9087.81 9083.14 9081.24 9080.9 9081.06 9081.35 9081.47 9081.17 9081.77 9081.78 9081.45 9081.04 9082.25 9084.5 9086.58 9089.73 9092.16 9097.2 9103.83 9109.32 9111.13 9111.27 9110.86 9110.24 9108.92 9107.8 9107.13 9108.82 9113.16 9116.61 9119.67 9122.67 9126.13 9129.5 9131.98 9133.39 9135.63 9137.14 9137.21 9136.02 9133.63 9131.09 9128 9124.68
9109.17 9112.81 9116.14 9118.84 9121.44 9123.83 9126.42 9130.1 9132.13 9134.02 9136.31 9138.44 9139.49 9138.49 9134 9130.06 9122.98 9114.08 9108.32 9103.85 9100.05 9097.05 9094.58 9090.89 9086.87 9085.28 9084.91 9084.99 9085.3 9086.09 9087.89 9086.95 9086.6 9086.68 9087.44 9088.99 9091.26 9093.99 9099.3 9104.2 9109.45 9115.02 9119.94 9120.37 9119.24 9117.67 9115.89 9114.33 9113.14 9112.97 9116.45 9123.48 9128.39 9128.91 9129.5 9132.09 9135.22 9137.55 9138.52 9140.23 9141.23 9140.54 9138.61 9135.9 9132.7 9129.21 9125.43
9110.96 9114.45 9117.6 9119.98 9122.46 9124.2 9126.37 9128.96 9132.87 9136.55 9140.05 9143.15 9145.05 9145.46 9144.47 9136.77 9127.85 9118.94 9112.43 9107.58 9103.41 9099.83 9097.4 9094.32 9091.4 9090.19 9089.58 9089.51 9089.67 9090.08 9090.27 9091.29 9092.45 9093.47 9094.86 9098.04 9101.75 9105.59 9112.18 9118.97 9123.15 9126.83 9128.94 9128.94 9127.02 9124.43 9121.83 9119.72 9118.82 9119.99 9123.65 9130.2 9135.4 9137.14 9137.8 9139.93 9142.55 9145.04 9146.14 9146.99 9146.63 9144.55 9141.48 9137.91 9134.09 9130.15 9126.48
9114.73 9117.47 9119.87 9122.17 9124.5 9125.72 9127.02 9128.62 9133.95 9139.1 9143.71 9147.71 9150.76 9152.52 9151.36 9143.84 9132.32 9123.92 9117.67 9112.27 9107.16 9102.26 9098.17 9097.32 9097.94 9095.4 9094.72 9094.82 9095.08 9095.2 9095.38 9097.37 9100.15 9102.35 9103.93 9109.28 9115.16 9121.08 9126.68 9131.79 9135.8 9138.97 9139.55 9137.85 9134.32 9130.47 9126.98 9124.34 9123.08 9124.75 9128.52 9133.94 9140.82 9144.64 9146.69 9148.13 9150.3 9153.23 9155.47 9155.69 9152.85 9148.91 9144.5 9139.96 9135.57 9131.28 9127.15
9120.5 9122.38 9124.03 9125.61 9127.01 9128.53 9130.21 9132.28 9136.98 9142.3 9147.43 9152.12 9156.24 9159.2 9160.23 9152.74 9140.24 9131.17 9124.22 9118.3 9112.05 9105.8 9100.51 9099.3 9098.95 9099.44 9100.13 9101.17 9102.06 9102.4 9102.66 9105.67 9110.43 9114.58 9118.12 9123.27 9129.35 9136.1 9140.17 9142.78 9146.79 9150.76 9151.57 9146.33 9140.79 9135.76 9131.64 9128.46 9126.22 9125.83 9131.76 9137.37 9145.82 9150.69 9153 9154.71 9156.77 9160.06 9163.39 9163.13 9157.83 9152.12 9146.5 9141.27 9136.42 9131.7 9127.03
9127.98 9128.8 9129.44 9130.02 9130.88 9132.09 9134.46 9137.36 9140.91 9145.7 9151.13 9156.44 9161.22 9164.8 9166.01 9161.98 9153.39 9143.34 9134.05 9126.06 9118.5 9111.61 9105.5 9102.47 9101.76 9103.72 9106.32 9108.84 9110.99 9112.27 9112.53 9116.8 9123.3 9129.08 9134.1 9137.36 9141.65 9146.84 9150.07 9152.08 9154.61 9158.79 9158.73 9151.63 9144.98 9139.5 9135.31 9132.54 9131.12 9131.7 9139.15 9147.64 9152 9155.79 9158.24 9159.16 9160.68 9163.65 9166.6 9166.42 9160 9153.02 9146.77 9141.17 9136.12 9131.29 9126.98
9136.8 9135.94 9135.37 9134.93 9134.82 9135.02 9136.85 9139.86 9143.73 9148.91 9154.51 9160.01 9165.39 9169.84 9172.71 9172.22 9166.97 9156.3 9145.61 9134.35 9125.35 9118.91 9112.91 9106.52 9105.62 9109.32 9113.73 9118 9121.81 9125.2 9127.93 9132.35 9137.92 9143.22 9147.38 9148.93 9151.03 9153.62 9155.3 9156.12 9157.1 9159.89 9158.86 9152.41 9146.5 9141.67 9137.81 9136.15 9137.43 9141.41 9147.45 9154.24 9157.6 9159.68 9160.88 9161.08 9161.72 9163.57 9165.41 9165.14 9158.06 9151.15 9145.1 9140.14 9135.39 9130.8 9126.68
9146.02 9143.55 9141.64 9140.09 9138.92 9137.89 9136.49 9139.57 9145.76 9151.67 9157.54 9163.31 9168.91 9174.04 9179.45 9182.55 9177.15 9165.35 9152.8 9141.01 9130.57 9122.8 9116.82 9110.61 9111.36 9117.04 9122.96 9128.82 9134.5 9139.91 9145.6 9149.84 9152.47 9155.24 9157.04 9157.39 9157.71 9158.16 9157.71 9155.99 9155.03 9153.66 9152.54 9149.94 9146.11 9142.27 9138.94 9137.35 9139.8 9146.1 9152.44 9158.53 9160.22 9160.73 9161.28 9160.9 9160.83 9160.42 9159.58 9156.92 9152.16 9147.1 9142.2 9137.61 9133.47 9129.39 9125.85
9154.65 9150.86 9147.94 9145.83 9144.14 9142.79 9141.76 9143.73 9149.32 9154.89 9160.31 9165.68 9171.21 9175.99 9180.99 9183.32 9181.91 9170.97 9158.07 9147.37 9135.8 9123.23 9118.79 9119.82 9122.15 9127.41 9133.87 9140.67 9147.54 9154.42 9160.63 9164.54 9165.83 9165.36 9164.47 9163.55 9162.04 9160.73 9158.5 9154.58 9151.57 9150.21 9148.51 9147.11 9145.07 9142.63 9139.44 9136.5 9134.38 9141.12 9154.23 9162.05 9161.63 9159.85 9160.27 9159.61 9158.35 9156.05 9152.92 9148.41 9145.04 9141.67 9138.22 9134.69 9131.36 9128.32 9125.29
9162.03 9157.57 9154.16 9151.5 9149.73 9148.79 9149.7 9150.7 9153.72 9157.85 9162.41 9167.16 9172.02 9176.27 9180.65 9182.9 9182.27 9174.78 9166.11 9155.6 9144.67 9135.06 9130.34 9130.22 9133.95 9139.42 9145.86 9152.95 9160.44 9168.05 9175.03 9178.67 9178.02 9176.73 9172.77 9168.39 9164.58 9161.08 9157.2 9152.57 9148.12 9143.14 9144.46 9145.16 9144.6 9143.13 9141.31 9138.87 9135.25 9141.22 9156.77 9164.27 9163.5 9161.65 9160.87 9158.47 9155.76 9151.89 9147.26 9142.09 9138.62 9136.46 9134.18 9131.79 9129.28 9126.89 9124.4
9167.66 9163.1 9159.59 9156.81 9154.77 9153.66 9153.61 9155.06 9157.32 9160.56 9164.15 9167.93 9172.1 9175.96 9179.6 9182.06 9181.29 9177.54 9172.21 9164.93 9156.49 9148.13 9144.9 9144.25 9147.48 9152.31 9158.1 9164.91 9172.28 9180.18 9187.66 9190.86 9186.85 9183.26 9177.28 9171.24 9165.93 9160.63 9155.03 9151.04 9147.58 9144.31 9144.75 9145.44 9145.4 9144.9 9144.53 9144.82 9148.24 9153.32 9161.06 9165.38 9164.99 9164.11 9161.19 9157.42 9153.52 9148.56 9142.99 9136.91 9133.54 9132.14 9130.82 9129.34 9127.52 9125.77 9123.54
9171.61 9167.26 9163.75 9161 9159.21 9158.35 9157.95 9158.82 9160.36 9162.34 9165.12 9168.27 9171.79 9175.05 9178.1 9179.49 9180.59 9180.98 9179.11 9176.09 9171.7 9165.04 9162.61 9162.3 9162.54 9165.55 9170.06 9175.69 9182.27 9189.5 9196.84 9199.8 9191.39 9179.53 9176.85 9172.65 9166.85 9160.69 9155.08 9151.35 9149.63 9149.34 9148.07 9147.76 9147.62 9147.56 9147.95 9149.4 9152.54 9157.37 9163.05 9165.03 9164.63 9163.29 9159.95 9156.28 9151.83 9146.33 9140.33 9134.38 9130.67 9129.11 9128.15 9127.2 9126.06 9124.76 9123.03
9174.91 9171.09 9167.57 9164.93 9163.17 9162.97 9162.93 9162.31 9162.66 9164.16 9166.1 9169.06 9172.06 9175.08 9177.93 9178.22 9182.69 9187.17 9189.49 9190.84 9191 9187.68 9181.46 9176.55 9176.73 9178.17 9181.03 9185.06 9189.97 9195.4 9200.72 9202.75 9196.36 9189.05 9181.41 9175.4 9168.6 9161.54 9155.6 9152.1 9152.08 9152.32 9151.67 9150.87 9150.22 9149.78 9150.34 9152.19 9154.58 9157.51 9161.33 9162.36 9162.68 9161.69 9159.03 9155.56 9151.07 9145.29 9139.06 9132.99 9128.73 9126.87 9126.23 9125.63 9124.71 9123.74 9122.35
9177.95 9174.54 9171.07 9167.98 9165.76 9165.94 9166.45 9164.4 9164 9165.33 9167.1 9169.48 9172.77 9176.04 9180.22 9184.31 9189.22 9195.74 9202.58 9208.34 9210.94 9209.61 9200.2 9193.04 9190.33 9189.76 9190.8 9192.92 9195.68 9198.51 9200.37 9199.93 9198.17 9195.32 9187.13 9179.54 9172.17 9164.12 9157.06 9156.71 9156.77 9156.23 9156.54 9155.02 9152.92 9151.73 9151.46 9152.99 9155.16 9153.84 9155.31 9156.95 9159.66 9160.79 9159.21 9156.18 9151.62 9145.61 9139.05 9132.11 9126.79 9125.62 9125.08 9124.43 9123.73 9122.94 9122.48
9181.25 9178.14 9174.69 9171.26 9167.16 9162.14 9161.88 9164.17 9165.07 9166.25 9168.22 9170.38 9173.59 9177.44 9182.4 9188.4 9194.92 9203.62 9213.22 9221.72 9225.72 9224.23 9214.82 9206.94 9202.07 9199.76 9199.18 9199.48 9200.21 9200.66 9199.64 9197.23 9195.8 9193.3 9189.43 9184.19 9178.12 9170.95 9166.15 9166.86 9167.5 9166.07 9163.63 9159.42 9155.46 9152.27 9150.33 9150.03 9149.97 9145.45 9142.01 9150.17 9157.04 9160.76 9161.24 9158.21 9153.48 9147.26 9140.36 9133.63 9128.07 9126.28 9125.5 9124.77 9124.29 9123.6 9122.51
9185.19 9182.19 9178.82 9175.56 9172.01 9166.86 9163.99 9166.64 9167.45 9168.41 9169.45 9171.34 9174.4 9178.42 9183 9189.25 9198.11 9209.68 9220.31 9228.91 9233.79 9231.9 9223.06 9215.68 9210.97 9207.62 9205.6 9204.58 9203.91 9202.96 9200.77 9197.45 9195.31 9193.22 9192.01 9189.95 9186.75 9182.03 9178.73 9180.41 9184.92 9180.89 9172.02 9163.96 9157.21 9151.35 9146.95 9144.21 9142.86 9140.65 9141.14 9148.43 9156.83 9163.01 9164.76 9161.32 9156.36 9150.11 9143.31 9136.9 9131.16 9128.64 9127.01 9125.99 9124.76 9123.88 9123.23
9189.91 9186.77 9183.63 9180.75 9179.29 9181.5 9177.23 9172.44 9170.75 9170.62 9171.06 9172.52 9175 9178.87 9184.01 9191.38 9203.11 9215.38 9225.64 9233.28 9237.92 9235.96 9229.28 9222.6 9217.42 9213.46 9210.47 9208.54 9206.9 9205.56 9203.79 9201.92 9197.99 9195.53 9195.58 9196.11 9196.72 9197.04 9196.2 9196.81 9200.23 9190.62 9177.71 9167.24 9158.27 9150.25 9143.01 9136.72 9135.16 9138.81 9144.24 9150.85 9158.05 9164.2 9167.29 9164.52 9159.61 9153.51 9147.02 9141.04 9135.7 9132.21 9129.63 9127.62 9126.17 9125.12 9124.47
9195.13 9191.78 9188.59 9185.4 9182.62 9180.52 9178.74 9176.2 9173.96 9173.09 9172.67 9173.51 9175.51 9179.46 9185.81 9196.38 9210.92 9220.62 9229.62 9237.19 9239.82 9237.55 9232.79 9227.09 9221.68 9217.34 9213.87 9211.2 9209.21 9207.15 9206.35 9205.6 9199.58 9196.92 9198.71 9201.78 9205.49 9209.08 9207.31 9204.75 9193.44 9188.02 9178.41 9167.96 9158.71 9149.72 9141.39 9133.65 9132.17 9138.17 9145.6 9154.16 9162.82 9168.44 9170.5 9167.99 9163.1 9157.08 9150.65 9145.01 9140.02 9136.22 9132.59 9129.93 9128.34 9126.98 9125.85
9200.63 9197.23 9193.87 9190.33 9186.63 9181.48 9180.36 9179.07 9177.26 9175.29 9174.27 9174.24 9175.67 9179.24 9185.47 9197.33 9211.36 9223.17 9230.93 9236.47 9237.36 9236.13 9233.01 9228.76 9223.88 9219.64 9215.86 9212.88 9210.41 9207.87 9206.2 9204.17 9199.03 9197.94 9201.22 9205.68 9210.27 9213.99 9204.9 9194.8 9197.56 9185.26 9176.68 9167.83 9158.84 9150.07 9142.65 9138.18 9137.33 9140.41 9148.18 9158.31 9166.85 9172.38 9174.65 9171.65 9166.65 9160.53 9153.96 9148.19 9144.21 9139.32 9134.91 9132.26 9130.73 9129.32 9128.02
9206.27 9202.8 9199.55 9196.02 9193.09 9191.27 9186.3 9182.91 9179.97 9177.21 9175.13 9174.3 9174.81 9177.91 9184.51 9197.74 9215.54 9224.67 9229.19 9233.04 9233.76 9233.16 9232.19 9228.53 9224.04 9220.11 9216.26 9213.15 9209.97 9207.19 9204.6 9201.13 9196.73 9198.38 9203.09 9208.12 9211.57 9208.48 9195.94 9174.03 9170.57 9178.09 9175.06 9168.33 9160.17 9151.79 9144.49 9141.01 9142.76 9147.85 9155.28 9164 9172.65 9175.74 9176.76 9174.1 9169.78 9163.59 9156.97 9150.23 9143.68 9138.69 9136.4 9134.76 9133.58 9132.14 9130.7
9211.59 9208.4 9205.1 9201.58 9198.36 9194.4 9190.49 9186.47 9182.64 9179.09 9175.81 9173.77 9173.11 9174.82 9180.21 9193.82 9210.77 9220.07 9223.42 9225.54 9226.09 9227.73 9227.98 9226.34 9222.84 9219.61 9216.26 9213.26 9209.68 9206.75 9204.09 9200.81 9196.8 9199.8 9205.13 9210.29 9214.18 9213.73 9198.57 9180.48 9178.67 9179.71 9176.4 9170.31 9163.09 9155.02 9147.57 9143.09 9149.9 9159.2 9165.61 9170.1 9174.32 9177.94 9178.47 9177.24 9173.13 9167.32 9160.3 9152.95 9145.33 9139.88 9138.87 9138.08 9137.02 9136 9134.44
9216.96 9213.78 9210.85 9207.39 9203.48 9198.85 9194.7 9189.95 9185.06 9180.37 9176.4 9173.14 9171.11 9171.2 9174.31 9186.94 9201.19 9210.64 9214.69 9216.47 9217.59 9221.69 9223.96 9222.82 9220.24 9217.61 9215 9212.59 9209.31 9206.76 9204.01 9201.98 9200.84 9203.17 9207.6 9212.01 9215.35 9215.72 9206.94 9201.81 9198.13 9188.21 9180.79 9174.3 9167.72 9161.22 9154.76 9151.35 9162.02 9173.96 9177.83 9177.79 9175.94 9182.25 9185.35 9184.19 9178.01 9171.5 9164.48 9157.24 9150 9144.28 9143.55 9142.97 9141.76 9140.26 9138.53
9221.4 9219.04 9216.79 9213.95 9210.44 9205.32 9199.79 9193.7 9187.56 9181.88 9176.84 9172.54 9169.46 9168.1 9170.79 9180.44 9192.1 9201.01 9205.31 9208.08 9210.2 9215.64 9218.54 9218.11 9216.44 9214.3 9212.51 9210.62 9207.99 9206.12 9204.11 9202.79 9203.21 9206.03 9209.86 9213.27 9214.05 9212.19 9210.21 9206.78 9202.28 9193.38 9185.1 9178.59 9173.5 9169.88 9167.33 9167.52 9177.62 9188.25 9190.49 9190.16 9188.95 9189.94 9191.42 9189.63 9182.04 9175.08 9168.81 9162.88 9157.69 9153.79 9151.4 9149.43 9147.55 9145.73 9143.89
9225.6 9223.93 9222.38 9220.69 9218.3 9213.03 9205.34 9197.75 9190.22 9183.38 9177.31 9172.17 9168.38 9165.89 9166.35 9174.61 9183.85 9192.1 9195.85 9199.9 9204.99 9211.32 9213.98 9213.08 9211.9 9210.82 9209.81 9207.43 9206.46 9205.42 9204.31 9203.3 9204.17 9208.39 9212.43 9215.8 9217.1 9215.54 9212.33 9207.17 9202.83 9195 9187.96 9182.64 9179.41 9178.67 9180.98 9185.98 9190.81 9197.31 9199.88 9202.22 9201.57 9196.14 9192.55 9188.65 9182.65 9177.35 9172.94 9168.67 9165.57 9163.59 9160.25 9156.42 9153.88 9151.84 9149.96
