real_craters/C179-500m.grd
DSAA
296 296
-73.6575 73.6575
-73.6575 73.6575
7061.4591716409 10078.120921457
[rows 60 to 89 of 296, columns 201 to 267 of 296]
9124.98 9118.34 9112.11 9106.14 9101.32 9099.39 9099.93 9100.71 9102.91 9106.27 9111.09 9118.58 9126.82 9132.31 9136.02 9141.15 9151.01 9161.95 9174.26 9185.32 9198.05 9217.9 9224.73 9229.78 9235.72 9242.87 9250.23 9260.6 9265.55 9267.51 9266.51 9266.51 9269.54 9289.39 9302.8 9305.01 9312.04 9316.85 9319.8 9319.89 9323.5 9329.74 9335.46 9330.14 9325.05 9327.2 9330.16 9333.54 9334.85 9338.25 9342.25 9345.68 9350.24 9356.16 9361.66 9368.43 9376.79 9384.19 9391.43 9398.23 9404.52 9417.24 9432.32 9436.48 9436.12 9433.64 9431.52
9124.88 9118.82 9113.15 9108.1 9103.82 9099.69 9097.3 9096.02 9097.65 9105.27 9110.68 9124.36 9134.39 9138.06 9140.59 9144.23 9154.47 9164.58 9174.03 9183.91 9194.4 9212.94 9225.05 9231.1 9237.43 9248.06 9259.42 9268.53 9280.59 9279.06 9276.43 9276.37 9279.06 9279.46 9312.35 9309.22 9314.42 9319.68 9321.98 9323.82 9325.01 9327.74 9330.75 9325.22 9321.85 9325.06 9329.02 9333.24 9334.79 9338.93 9343.1 9347.26 9352.76 9358.29 9365.85 9373.56 9380.01 9386.61 9393.57 9399.48 9402.96 9406.93 9413.36 9415.38 9420.17 9423.77 9424.98
9123.95 9118.72 9114.03 9110.29 9107.9 9104.74 9098.53 9090.79 9084.96 9090.47 9105.79 9124.32 9137.24 9142.85 9147.6 9152.7 9161.5 9169.06 9176.16 9184.44 9195.2 9211.79 9227.08 9231.68 9237.59 9247.92 9258.53 9267.52 9276.47 9280.14 9281.09 9283.18 9287.99 9298.46 9313.96 9311.12 9311.15 9316.64 9320.73 9322.6 9321.38 9322.8 9323.68 9321.68 9321.17 9324.38 9328.56 9330.96 9334.8 9339.08 9343.43 9348.3 9353.49 9359.28 9366.75 9374.03 9380.94 9388.1 9396.17 9403.97 9409.79 9409.14 9402.93 9406.36 9411.66 9416.26 9419.07
9123.05 9118.84 9114.49 9111.13 9109.93 9107.32 9100.3 9089.64 9076.53 9069.93 9104.14 9124.86 9138.27 9147.68 9156.16 9165.54 9171.33 9175.9 9180.74 9188.45 9202.36 9222.41 9236.98 9240.8 9239.82 9248.79 9260.73 9267.22 9273.24 9278.83 9283.31 9287.69 9293.74 9300.54 9311.69 9310.05 9309.19 9310.35 9317.49 9319.39 9318.33 9317.25 9318.16 9318.43 9320.5 9324.59 9327.29 9331.62 9335.72 9339.99 9344.29 9348.78 9353.71 9359.36 9365.58 9372.65 9379.94 9388.77 9398.95 9408.67 9417.13 9415.1 9406.34 9406.3 9408.3 9411.52 9414.44
9122.58 9119.19 9115.72 9111.68 9107.17 9106.05 9103.62 9097.44 9092.14 9109.2 9121.06 9131.58 9141.56 9152.97 9162.95 9172.8 9179.11 9183.42 9187.36 9194.48 9213.07 9234.25 9244.67 9254.54 9244.27 9252.26 9261.64 9266.02 9270.41 9276.82 9284.16 9290.39 9298.07 9304.77 9306.45 9306.78 9311.24 9313.46 9313.8 9313.11 9310.99 9312.63 9315.07 9318.79 9322.34 9326.04 9330.58 9332.98 9336.6 9341.31 9345.48 9349.54 9353.91 9358.35 9362.85 9365.05 9376.9 9388.16 9400.25 9411.19 9419.68 9416.03 9409.71 9406.33 9406.62 9408.57 9411.21
9121.7 9119.92 9117.53 9115.15 9111.64 9113.37 9112.51 9110.51 9112.66 9121.63 9131.13 9139.44 9149.11 9158.14 9168.17 9178.83 9186.51 9190.81 9195.86 9204.92 9217.5 9229.89 9238.24 9243.87 9245.23 9251.76 9261.11 9266.3 9271.4 9278.04 9285.73 9292.65 9299.13 9305.31 9308.06 9310.14 9315.71 9314.95 9307.66 9305.73 9306.17 9309.38 9313.95 9319.68 9323.97 9326.96 9330.42 9334.48 9338.84 9342.73 9347.05 9351.03 9355.16 9358.79 9363.04 9367.7 9376.44 9387.12 9398.67 9409.39 9418.18 9415.46 9407.85 9406.29 9404.27 9405.43 9408.61
9121.97 9120.75 9120.51 9121.87 9125.03 9123.52 9122.42 9122.74 9126.37 9132.68 9137.52 9143.8 9152.53 9160.31 9171.44 9183.43 9192.18 9196.2 9201.14 9209.23 9218.31 9227.09 9232.23 9235.92 9242.41 9248.63 9257.17 9266.39 9273.83 9282.27 9287.9 9294.03 9300.09 9306.09 9310.37 9313.47 9318.89 9302.78 9299.53 9298.93 9301.06 9307.4 9313.81 9319.24 9324.58 9328.64 9332.81 9336.94 9341.59 9345.39 9349.81 9354.04 9356.92 9360.96 9364.83 9369.02 9376.56 9385.44 9395.07 9404.47 9411.43 9411.16 9401.43 9399.64 9398.75 9400.74 9404.99
9123.32 9122.54 9123.05 9125.06 9129.07 9131.47 9131.12 9131.64 9135.28 9138.61 9141.16 9145.58 9150.06 9159.4 9171.69 9184.29 9194.4 9198.03 9202.56 9207.7 9216.84 9227.03 9235.95 9237.5 9241.4 9247.56 9257.41 9269.19 9279.69 9283.3 9288.05 9292.79 9297.89 9303.01 9309.35 9307.11 9306.36 9298.47 9298.47 9295.58 9297.35 9303.49 9311.51 9319.59 9325.07 9330.52 9334.49 9339.07 9342.87 9347.65 9351.18 9354.75 9358.6 9362.46 9367.02 9371.36 9377.11 9383.31 9389.56 9395.89 9402 9396.24 9388.66 9387.56 9390.27 9394.91 9400.83
9125.93 9124.16 9123.82 9125.8 9130.21 9134.54 9136.26 9136.55 9136.37 9137.92 9143.27 9147.8 9151.16 9159.58 9171.11 9181.68 9189.92 9196.34 9202.01 9207.98 9216.18 9224.96 9231.72 9236.54 9238.8 9247.3 9261.18 9274.31 9284.26 9286.3 9287.62 9287.79 9289.53 9294.49 9285.21 9292.6 9291.68 9293.98 9292.28 9294.54 9297.41 9302.64 9311.17 9319.98 9325.49 9330.28 9334.46 9339.8 9343.9 9348.53 9352.43 9356.04 9360.04 9364.15 9368.85 9374.14 9378.81 9381.1 9382.47 9383.44 9383.27 9379.19 9375.15 9374.71 9381.62 9389.12 9396.75
9129.08 9126.57 9124.3 9124.52 9132.06 9139.11 9140.64 9139.88 9139.1 9142.01 9146.15 9151.05 9157.21 9165.04 9171.48 9178.44 9185.36 9193.15 9201.09 9208.77 9215.63 9220.63 9235.48 9237.41 9241.97 9250.15 9264.04 9276.48 9283.54 9286.66 9283.69 9282.6 9282.34 9282.26 9293.61 9279.1 9282.82 9288.45 9291.08 9292.75 9297.69 9303.73 9312.51 9320.39 9326.31 9331.2 9335.7 9339.9 9344.57 9349.01 9353.48 9357.31 9361.02 9364.94 9369.54 9373.96 9377.22 9377.71 9375.88 9372.18 9365.83 9365.28 9363.55 9366.48 9375.57 9384.67 9393.49
9135.53 9131.81 9128.26 9124.33 9133.7 9143.69 9145.35 9145.14 9145.51 9147.71 9150.39 9154.67 9161.04 9167.98 9171.31 9176.73 9181.9 9192.1 9201.64 9209.13 9215.65 9223.57 9231.23 9237.42 9241.44 9250.9 9260.79 9270.52 9277.8 9274.73 9275.08 9279.16 9277.9 9273.66 9283.79 9275.5 9277.1 9283.41 9286.5 9292.4 9300.46 9307.69 9315.55 9321.52 9326.94 9331.37 9335.49 9339.36 9343.8 9348.57 9353.66 9358.15 9360.98 9365.62 9369.51 9373.08 9376.24 9375.04 9371.82 9367.92 9363.93 9363.11 9360.31 9364.75 9374.89 9384.38 9393.39
9143.85 9140.79 9137.48 9138.46 9144.17 9150.9 9151.68 9149.9 9150.82 9152.88 9154.33 9157.04 9159.82 9162.12 9170.65 9177.38 9184.47 9193.65 9204.33 9214.75 9224.95 9232.41 9241.69 9248.77 9251.64 9254.32 9258.08 9255.52 9267.92 9273.75 9281.38 9282.86 9278.82 9274.7 9281.35 9278.39 9279.59 9285.37 9287.35 9292.77 9307.85 9317.59 9322.54 9325.11 9327.47 9331.27 9335.16 9339.33 9343.65 9348.03 9352.11 9356.66 9360.81 9365.06 9368.52 9371.76 9373.48 9372.88 9369.55 9366.58 9365.69 9366.3 9366.33 9370.58 9377.62 9385.22 9392.83
9154.73 9152.17 9149.51 9147.57 9161.35 9165.28 9161.57 9155.44 9152.88 9156.59 9158.65 9160.68 9163.08 9167.43 9172.77 9179.45 9186.68 9196.93 9208.39 9219.61 9229.23 9233.43 9240.23 9247.64 9250.87 9257.96 9265.78 9277.51 9285.03 9294.52 9297.18 9291.25 9284.93 9280.48 9283.42 9273.28 9276.71 9283.26 9290.72 9301.75 9317.36 9327.32 9321.11 9322.13 9326.38 9330.34 9334.32 9338.29 9342.04 9346.18 9350.38 9353.94 9358.45 9362.55 9366.76 9370.24 9373.69 9371.91 9367.6 9365.4 9366.72 9371.3 9376.26 9377.73 9382.41 9388.43 9395.33
9166.93 9165.88 9167.03 9171.14 9188.46 9183.65 9174.9 9164.81 9160.04 9163.26 9165.1 9165.64 9166.77 9169.71 9174.73 9182.58 9192.48 9202.78 9212.4 9222.13 9233.32 9236.53 9244.46 9247.2 9254.49 9262.11 9271.83 9281.67 9293.26 9302.46 9306.65 9299.77 9291.35 9284.08 9281.44 9281.87 9275.46 9283.65 9291.57 9302.39 9320.91 9330.27 9317.85 9319.47 9325.75 9329.69 9332.96 9336.22 9340.01 9343.97 9347.55 9352.41 9356.35 9360.18 9363.69 9367.03 9370.45 9369.15 9365 9361.51 9364.58 9372.43 9380.9 9384.62 9387.27 9392.18 9397.75
9179.25 9180.3 9184.71 9193.04 9197.61 9196.15 9189.56 9180.9 9176.31 9174.87 9173.36 9171.24 9169.83 9170.09 9175.31 9185.02 9196 9206.73 9215.42 9223.76 9228.5 9237.77 9242.35 9248.12 9257.13 9265.98 9276.86 9289.01 9301.36 9311.57 9310.55 9304.28 9295.53 9286.54 9280.81 9283.14 9275.65 9282.84 9291.64 9301.37 9313.51 9324.47 9333.55 9329.24 9327.5 9329.04 9331.5 9334.25 9337.91 9340.29 9344.13 9348.72 9352.43 9355.86 9359.14 9362.46 9363.87 9363.81 9363.37 9362.74 9368.14 9374.55 9380.69 9388.04 9391 9395.39 9399.78
9190.1 9192.47 9196.23 9201.9 9205.99 9206.4 9203.92 9200.57 9196.46 9188.32 9182.15 9177.52 9174.46 9172.75 9178.03 9187.56 9197.87 9207.98 9216.95 9226.09 9236.47 9242.59 9248.73 9252.53 9259.04 9268.76 9279.88 9292.04 9304.01 9312.76 9314.94 9305.57 9296.73 9289.23 9282.42 9285.32 9279.94 9284.75 9290.46 9298.18 9308.53 9317.74 9324.54 9326.14 9325.45 9325.85 9328.2 9331.24 9334.45 9337.79 9341.79 9346.04 9349.24 9352.46 9355.32 9357.74 9358.67 9359.14 9362.81 9369.6 9370.03 9374.32 9382.13 9389.16 9393.66 9397.48 9401.37
9200.6 9202.86 9204.68 9210.19 9215.61 9214.71 9214.15 9215.85 9206.45 9196.57 9189.68 9184.87 9181.72 9181.81 9185.58 9190.72 9198.47 9206.24 9217.76 9227.19 9234.45 9241.86 9252.15 9261.78 9263.38 9271.29 9279.97 9290.04 9300.15 9308.05 9305 9300.24 9295.6 9291.61 9285.14 9284.6 9288.19 9287.3 9293.2 9300.18 9307.21 9312.71 9316.66 9320.2 9321.87 9323.12 9325.48 9328.16 9331.61 9334.94 9338.98 9343.29 9347.36 9350.13 9352.43 9354.2 9355.94 9356.62 9359.21 9359.49 9376.41 9377.18 9382.93 9390.69 9394.71 9398.65 9403.26
9210.32 9211.22 9212.44 9217.83 9221.68 9218.24 9215.07 9214.93 9204.4 9199.45 9194.96 9191.08 9187.86 9186.19 9187.08 9192.13 9201.02 9212.38 9220.17 9227.15 9236.47 9242.89 9254.11 9268.1 9270.3 9274.37 9279.48 9284.27 9290.59 9300.7 9299.05 9295.19 9292.64 9289.91 9287.89 9290.57 9298.75 9297.93 9305.7 9308.13 9308.32 9310.82 9312.72 9315.15 9317.81 9320.52 9324.02 9327.06 9330.03 9333.5 9336.39 9339.9 9342.8 9345.57 9348.68 9351.06 9353.04 9354.95 9356.25 9361.16 9372.32 9375.24 9382.17 9390.89 9394.78 9400.16 9405.8
9218.61 9218.26 9217.89 9221.49 9222.52 9216.99 9209.25 9198.96 9200.56 9201.58 9199.67 9196.96 9193.95 9190.33 9187.67 9191.27 9196.91 9217.89 9214.31 9222.2 9240.27 9251.26 9256.61 9267.38 9272.82 9276.66 9279.45 9280.92 9283.62 9293.47 9295.49 9292.51 9290.25 9289.47 9291.69 9297.55 9307.9 9307.97 9315.22 9317.18 9314.87 9310.43 9309.25 9311.89 9314.49 9318.04 9321.16 9324.77 9327.82 9330.42 9333.44 9336.72 9339.69 9341.86 9344.85 9347.9 9351.22 9355.48 9354.49 9360.53 9371.27 9371.89 9376 9383.37 9392.37 9401.32 9410
9222.84 9222.8 9223.46 9220.39 9218.53 9215.99 9209.72 9202.24 9207.07 9206.61 9205.21 9201.83 9200.03 9199.41 9199.68 9190.07 9178.39 9156.01 9172.47 9209.4 9242.42 9264.33 9262.68 9252.01 9272.44 9280.4 9282.97 9283.97 9285.22 9289.49 9290.14 9287.98 9288.15 9290.81 9295.34 9302.27 9312.76 9315.09 9316.19 9318.2 9315.44 9307.57 9303.85 9307.93 9311.94 9316.04 9319.7 9321.38 9324.25 9327.24 9330.03 9333.52 9336.79 9339.68 9342.37 9345.9 9349.64 9351.81 9350.29 9349.93 9360.72 9366.43 9371.43 9379.48 9389.4 9402.21 9415.4
9219.83 9220.72 9227.25 9218.14 9216.42 9218.28 9219.65 9221.41 9217.12 9212.16 9209.47 9207.25 9205.85 9205.68 9205.34 9190.52 9171.04 9151.11 9163.46 9204.07 9242.39 9267.45 9262.41 9278.52 9286.27 9291.05 9291.38 9289.4 9289.89 9287.42 9286.48 9284.87 9285.31 9288.69 9297.23 9304.63 9311.94 9315.11 9316.72 9315.8 9315.03 9308.55 9305.16 9306.39 9309.52 9313.04 9316.3 9319.11 9321.46 9323.43 9326.34 9328.59 9331.58 9334.33 9337.3 9341.8 9346.08 9350.3 9348.5 9346.51 9349.43 9355.99 9362.57 9370.24 9384.73 9401.83 9420.14
9206.89 9207.76 9208.07 9213.36 9215.97 9221.31 9227.86 9228.14 9224.25 9219.44 9214.13 9211.24 9209.3 9207.92 9205.79 9195.13 9181.48 9168.11 9175.84 9213.67 9245.93 9269.64 9281.9 9306.77 9309.93 9307.5 9301.78 9294.71 9286.81 9284.46 9283.62 9286.02 9287.36 9291.67 9299.51 9307.57 9311.28 9315.09 9316.63 9318.05 9311.77 9307.04 9305.28 9306.05 9307.74 9310.04 9312.4 9315.03 9317.85 9320.36 9323.09 9324.74 9326.68 9330.29 9333.75 9336.8 9340.35 9342.51 9342.01 9344.41 9348.16 9348.32 9351.82 9360.86 9378.44 9399.72 9422.47
9185.92 9193.13 9199.69 9208.21 9215.22 9222.33 9227.6 9229.62 9226.95 9222.58 9219.3 9216.51 9211.77 9209.61 9207.37 9203.11 9201.48 9208.45 9227.02 9238.47 9255.26 9279.84 9306.99 9328.53 9335.75 9325.47 9313.03 9300.88 9290.64 9285.72 9286.8 9287.47 9290.76 9295.24 9301.09 9305.39 9305.68 9312.24 9315.09 9317.33 9313.2 9307.33 9306.16 9306.55 9307.43 9308.36 9310.28 9312.34 9314.36 9316.86 9319.2 9322.78 9324.75 9327.68 9329.99 9330.77 9332.89 9332.78 9332.38 9333.43 9332.26 9331.42 9340.13 9351.91 9371.31 9395.7 9421.49
9169.37 9185.1 9194.44 9205.44 9214.37 9222.45 9227.94 9231.11 9228.1 9223.62 9220.33 9217.39 9215.11 9212.54 9210.11 9211.54 9218.65 9235.29 9250.98 9257.02 9269.34 9299.76 9331.13 9348.23 9351.97 9337.96 9321.55 9307.28 9294.98 9289.03 9288.47 9292 9295.41 9299.01 9303.13 9305.63 9306.12 9312.6 9314.86 9318.2 9316.25 9313.11 9309.65 9308.07 9308.15 9309.06 9310 9311.19 9313.18 9315.15 9317.16 9320.15 9323.36 9324.74 9326.27 9325.36 9326.12 9326.41 9331.44 9327.28 9320.01 9323.12 9332.21 9344.34 9364.66 9390.49 9417.37
9167.72 9190.32 9201.68 9203.36 9213.88 9222.54 9231.28 9229.88 9224.98 9219.71 9219.01 9216.76 9215.32 9214.13 9214.59 9219.11 9227.29 9238.61 9248.89 9264.6 9282.35 9309.98 9342.45 9359.43 9359.27 9340.95 9326.24 9313.89 9303.34 9297.98 9299.13 9299.12 9300.91 9301.42 9302.98 9303.96 9304.01 9308.24 9311.18 9314.27 9315.13 9312.71 9310.11 9308.31 9307.74 9307.82 9308.59 9310.47 9312.14 9313.94 9314.86 9317.26 9317.94 9319.38 9320.57 9321.45 9322.05 9323.02 9324.78 9323.85 9318.88 9320.83 9329.28 9341.63 9360.43 9384.96 9410.9
9178.53 9196.52 9211.66 9213.04 9214.73 9218.73 9225.19 9222.53 9220.26 9217.63 9215.51 9212.62 9212.14 9215.81 9218.98 9224.6 9231.5 9241.68 9254.57 9271.29 9294.17 9325.03 9346.81 9353.63 9347.17 9333.78 9325.09 9318.23 9314 9313.04 9309.88 9306.27 9303.05 9300.52 9298.78 9299.14 9299.36 9300.29 9302.49 9306.56 9309.59 9308.83 9307.45 9306.73 9306.88 9307.66 9308.82 9309.07 9310.85 9312.46 9313.78 9315.1 9316.1 9316.63 9317.54 9317.6 9317.67 9318.06 9317.77 9321.65 9320.83 9323.49 9329.85 9338.78 9355.04 9380.05 9404.46
9195.74 9183.59 9196.79 9212.62 9213.46 9212.98 9212.3 9214.01 9216.27 9215.73 9215.06 9214.12 9214.19 9215.45 9219.96 9223.01 9234.87 9243.26 9252.66 9273.64 9298.82 9322.12 9331.56 9332.05 9328.33 9323.74 9320.98 9318.96 9318.72 9319.17 9315.37 9309.99 9300.9 9297.3 9296.57 9296.56 9296.82 9295.21 9299.85 9301.49 9305.56 9304 9303.58 9304.37 9304.99 9305.89 9307.35 9308.13 9310.27 9311.75 9312.79 9312.92 9312.87 9313.63 9313.61 9313.97 9314.66 9314.56 9315.58 9312.68 9322.83 9327.74 9332 9340.94 9355.67 9377.61 9400.14
9214.76 9182.76 9191.81 9209.47 9212.6 9209.77 9206.95 9213.63 9215.24 9215.69 9215.18 9214.58 9214.35 9216.11 9222.84 9238.51 9235.12 9242.38 9259.26 9275.42 9290.13 9301.75 9302.84 9307.04 9303.86 9313.5 9316.14 9316.44 9317.62 9318.38 9308.6 9298.9 9293.45 9292.5 9292.83 9294.13 9296.46 9296.68 9300.41 9300.88 9305.28 9300.06 9300.57 9302.99 9305.21 9307.47 9309.32 9311.35 9312.05 9312.7 9313.21 9314.06 9315.67 9315.44 9314.6 9315.13 9313.69 9311.84 9308.06 9315.41 9318.66 9325.07 9331.42 9342.58 9360.27 9374.58 9393.89
9233.85 9216.27 9215.5 9219.18 9217.84 9214.7 9214.69 9217.15 9217.53 9217.62 9217.01 9215.39 9213.7 9212.33 9211.61 9211.82 9217.82 9233.27 9249.86 9262.91 9272.2 9276.02 9278.82 9292.01 9302.39 9309 9311.32 9311.43 9311.3 9308.59 9298.93 9286.34 9288.89 9288.38 9289.24 9290.32 9290.31 9293.51 9296.69 9296.11 9296.85 9294.89 9298.28 9302.37 9306.21 9308.8 9311.23 9312.49 9313.16 9313.18 9313.69 9314.58 9314.76 9315.24 9315.41 9315.37 9314.12 9311.15 9304.78 9304.97 9311.68 9318.83 9327.24 9337.5 9350.49 9365.45 9383.35
9247.86 9235.21 9233.16 9230.73 9226.73 9223.74 9224.07 9223.52 9221.92 9221.02 9219.19 9217.44 9214.63 9210.12 9202.14 9189.03 9203.73 9225.1 9239.55 9249.76 9256.85 9262.88 9273.06 9279.79 9287.87 9301.75 9305.15 9306.2 9305.78 9302.23 9300.29 9298.71 9289.39 9287.87 9288.25 9290.24 9289.95 9289.42 9291.75 9293.85 9295.25 9294.49 9298.74 9303.74 9306.98 9309.94 9311.34 9312.18 9313.08 9313.63 9314.69 9314.12 9314.93 9315.52 9314.82 9315.19 9315.64 9315.32 9311.85 9306.15 9308.64 9315.58 9322.82 9329.96 9336.77 9353.64 9373.24
