real_craters/C179-1000m.grd
DSAA
85 85
-42.09 42.09
-42.09 42.09
7935.0616674432 10366.234646792
[rows 0 to 29 of 85, columns 0 to 66 of 85]
9768.62 9779.12 9774.57 9767.83 9770.91 9789.49 9812.89 9792.85 9778.46 9767.83 9758.18 9750.31 9745.62 9739.53 9723.08 9722.75 9712.09 9677.7 9655.01 9659.5 9643.46 9630.24 9624.8 9619.5 9612.68 9603.85 9597.86 9614.54 9633.27 9651.3 9677.86 9703.67 9666.12 9641.05 9643.22 9663.16 9684.93 9701.95 9690.56 9670.56 9658.8 9656.96 9677.77 9683.93 9670.72 9668.52 9664.45 9662.05 9660.78 9667 9694.65 9727.07 9767.64 9730.37 9705.5 9692.48 9702.1 9757.89 9798.96 9716.8 9689.57 9611.62 9591.61 9685.71 9745.36 9710.45 9688.77
9784.76 9823.43 9800.87 9786.98 9788.99 9794.53 9800.42 9794.01 9784.2 9774.46 9765.17 9754.19 9758.04 9744.77 9724.98 9716.33 9686.35 9674.68 9675.02 9646.45 9637.38 9631.97 9624.97 9620.71 9615.08 9606.85 9609.13 9627.62 9650.21 9672.83 9701.42 9682.32 9649.57 9642.56 9653.53 9675.89 9697.85 9719.15 9702.8 9680.83 9669.39 9672.69 9686.08 9686.44 9677.01 9666.4 9658.09 9663.24 9660.25 9656.76 9673.96 9689.3 9728.3 9729.49 9714.88 9704.93 9711.55 9740.32 9781.89 9805.24 9870.31 9842.37 9791.58 9784.79 9733.86 9691.3 9674.81
9815.54 9839.54 9829.43 9806.21 9796.79 9797.33 9792.61 9790.47 9784.32 9777.7 9775.38 9771.01 9768.65 9751.81 9718.19 9709.16 9693.3 9689.36 9681.34 9650.09 9635.33 9627.05 9622.05 9620.29 9620.97 9618.38 9627.16 9642.53 9661.75 9682.61 9698.37 9677.87 9663.69 9649.4 9672.02 9684.63 9697.51 9704.94 9697.23 9681.73 9685.61 9690.22 9705.13 9706.28 9694.39 9684.02 9673.17 9670.81 9666.61 9663.3 9670.34 9680.24 9713.17 9727.84 9719.52 9708.7 9712.12 9731.6 9754.47 9754.44 9780.62 9765.55 9750.24 9719.01 9686.27 9659.43 9626.55
9831.05 9853.28 9830.53 9813.04 9798.99 9788 9789.41 9787.77 9785.17 9781.33 9780.99 9791.18 9792 9771.9 9740.08 9709.37 9681.21 9668.42 9663.93 9655.93 9633.48 9619.35 9618.96 9620.35 9623.2 9623.85 9635.06 9644.63 9659.17 9676.95 9693.05 9690.31 9689.63 9676.61 9686.37 9689.21 9694.1 9698.94 9698.71 9692.48 9696.15 9699.55 9699.53 9696.34 9686.74 9676.85 9679.21 9672.26 9667.71 9664.73 9670.98 9680.78 9705.53 9733.41 9722.26 9706.99 9706.81 9721.33 9730.67 9722.78 9735.74 9731.22 9683.72 9657.06 9646.14 9623.58 9606.91
9841.7 9851.2 9831.63 9803.78 9781.41 9765.49 9750.86 9787.93 9792.36 9785.01 9773.2 9765.44 9772.8 9771.91 9758.08 9702.7 9667.92 9653.21 9641.99 9625.44 9626.23 9617.38 9617.9 9620.68 9620.89 9624.23 9626 9639.05 9652.43 9665.6 9677.27 9674.12 9683.12 9679.28 9682.06 9683.76 9685.62 9691.63 9693.45 9702.71 9718.61 9715.36 9700.34 9686.36 9682.02 9686.11 9684.25 9679 9671.98 9671.99 9677.76 9692.94 9707.17 9737.55 9718.77 9695.79 9699.8 9722.31 9735.11 9729.72 9690.71 9682.89 9626.49 9609.19 9612.48 9629.54 9630.71
9856.24 9857.57 9832.91 9794.05 9757.46 9755.53 9827.34 9813.42 9804.91 9788.87 9774.33 9754.27 9733.65 9733.11 9715.39 9687.79 9668.66 9651.22 9639.06 9627.84 9616.99 9614.31 9614.38 9616.47 9616.68 9619.86 9627.03 9634.02 9643.96 9654.55 9655.63 9653.87 9654.58 9666.68 9670.71 9670.91 9672.16 9673.23 9676.78 9700.47 9740.42 9729.42 9712.19 9690.37 9692.8 9701.86 9691.85 9684.56 9672.14 9672.72 9690.56 9720.07 9746.41 9744.06 9691.94 9670.61 9679.98 9708.13 9724.59 9725.73 9681.71 9631.32 9599.04 9597.31 9594.87 9605.71 9612.79
9844.57 9854.85 9850.79 9790.03 9715.67 9647.83 9618.27 9783 9757.47 9763.75 9774.6 9775.18 9754.71 9711.35 9685.56 9677.12 9659.4 9641.78 9650.11 9632.2 9615.38 9608.17 9610.74 9613.34 9615.59 9611.9 9610.91 9617.17 9634.04 9648.22 9653.66 9643.68 9638.36 9640.25 9659.14 9668.56 9669.85 9669.46 9678.56 9715.44 9748.42 9733.93 9717.19 9707.74 9706.09 9706.34 9698.91 9693.87 9678.79 9677.32 9706.11 9719.62 9707.77 9680.67 9647.42 9640.38 9653.41 9670.41 9683.51 9689.79 9668.25 9629.28 9595.59 9593.43 9595.14 9594.52 9612.3
9839.28 9867.98 9865.26 9803.19 9682.77 9532.59 9361.08 9508.14 9645.78 9719.21 9763.61 9770.37 9743.7 9710.65 9676.64 9652.02 9637.57 9628.89 9621.72 9618.08 9602.24 9599.12 9601.75 9604.51 9608.65 9608.1 9607.14 9610.76 9624.43 9636.64 9645.87 9624.88 9622.32 9641.03 9661.42 9668.88 9671.16 9672.1 9685.63 9722.77 9735.81 9727.1 9707.39 9713.85 9725.87 9710.14 9717.34 9715.69 9704.74 9692.05 9690.86 9707.86 9674.14 9654.03 9636.64 9633.47 9640.3 9647.31 9656.22 9669.69 9652.11 9639.1 9623.58 9597.01 9589.3 9589.08 9621.18
9842.69 9871.16 9933.93 9837.4 9692.67 9532.89 9424.15 9459.81 9603.31 9703.23 9757.33 9761.53 9728.52 9690.85 9662.99 9640.9 9635.38 9626.57 9620.53 9615.61 9602.28 9591.07 9597.87 9605.01 9611.13 9613.56 9615.98 9620.4 9618.95 9614.84 9607.75 9604.9 9615.1 9658.7 9672.84 9674.36 9675.19 9677.36 9685.5 9718.02 9740.13 9727.62 9712.84 9729.91 9733.14 9731.98 9733.84 9741.04 9727.8 9700.28 9683.38 9671.53 9661.78 9639.68 9633.76 9634.84 9643.14 9651.29 9658.7 9684.81 9672.77 9648.97 9628.9 9607.48 9587.94 9592.73 9606.48
9851.77 9863.65 9931.44 9865.91 9740.91 9616.97 9515.29 9529.53 9652.72 9711.58 9741.25 9746.47 9714.36 9671.63 9653.54 9636.64 9626.69 9619.96 9620.95 9622.98 9609.28 9595.2 9602.74 9606.61 9612.71 9617.18 9621.58 9623.92 9616.54 9608.18 9599.26 9605.96 9618.68 9646.05 9672.19 9682.59 9686.37 9688.65 9688.7 9729.95 9742.9 9730.68 9725.77 9731.79 9746.55 9753.44 9739.32 9722.73 9698.82 9677.11 9668.15 9657.99 9649.61 9638.29 9633.41 9639.7 9656.05 9676.64 9700.51 9687.75 9669.3 9643.3 9637.74 9607.67 9583.45 9584.12 9587.88
9836.76 9839.54 9888.09 9867.09 9793.74 9719.99 9671.63 9791.95 9772.64 9740.35 9725.62 9728.15 9698.98 9665.66 9651.32 9640.6 9625.18 9617.98 9623.74 9644.59 9647.01 9631.06 9616.66 9616.73 9617.21 9620.64 9622.75 9621.93 9614.19 9611.17 9610.93 9611.09 9620.37 9639.73 9666.84 9685.35 9697.85 9709.16 9720.61 9742.08 9740.14 9725.31 9709.6 9714 9734.88 9746.13 9752.84 9735.2 9687.5 9663.09 9667 9647.29 9642 9636.98 9637.8 9644.61 9668.45 9695.5 9714.4 9690.06 9665.3 9637.5 9651.61 9648.2 9615.99 9585.81 9582.88
9841.19 9823.13 9859.29 9860.08 9829.07 9800.36 9818.39 9803.62 9771.15 9749.42 9741.68 9720.19 9686.66 9648.23 9652.27 9660.39 9646.08 9630.02 9650.68 9658 9642.05 9630.48 9623.6 9621.81 9623.11 9623.42 9622.98 9618.3 9610.27 9599.54 9605.56 9620.05 9634.39 9647.58 9666.17 9686.36 9705.56 9727.95 9751.82 9736.86 9730.65 9715.07 9701.35 9711.4 9719.29 9726.05 9740.08 9738.31 9696.92 9662.49 9669.25 9653.23 9649.07 9652.56 9663.51 9655.23 9681.68 9702.55 9710.02 9690.31 9669.64 9638.48 9650.69 9635.55 9619.87 9597.08 9594.86
9832.97 9809.32 9825.35 9855.61 9842.82 9825.15 9806.06 9757.35 9745.81 9745.6 9733.5 9717.55 9689.55 9664.26 9650.55 9646.69 9637.6 9631.63 9641.66 9649.66 9634.79 9624.64 9625.28 9624.32 9625.88 9627.15 9627.79 9624.29 9617.47 9606 9616.08 9635.23 9648.82 9652.39 9675.35 9692.87 9712.33 9732.58 9757.03 9749.46 9726.25 9714.35 9706.5 9707.95 9705.39 9720.2 9735.97 9731.46 9694.28 9682.2 9680.44 9664.53 9658.66 9664.16 9699.43 9695.52 9698.42 9707.44 9713.08 9681.03 9634.06 9625.73 9632 9621.2 9608.02 9593.32 9599.44
9805.74 9795.41 9805.77 9850.84 9857.57 9843.17 9819.34 9793.46 9758.45 9754.38 9745.28 9717.71 9685.77 9664.58 9649.72 9642.11 9637.2 9631.94 9643.86 9660.89 9641.63 9635.09 9624.29 9624.24 9626.01 9629.5 9633.4 9639.1 9632.13 9627.25 9634.69 9648.3 9661.37 9661.58 9674.24 9702.04 9712.38 9715.42 9709.83 9706.75 9712.91 9714.82 9710.52 9694.69 9696.61 9721.5 9738.96 9730.86 9676.12 9690.72 9676.57 9675.21 9673.32 9683.88 9705.49 9715.11 9711.97 9710.41 9701.33 9672.61 9610.38 9615.63 9629.59 9613.77 9604.05 9602.04 9599.97
9780.44 9804.69 9817.65 9858.48 9857.83 9840.86 9818.41 9790.72 9773.32 9757.3 9738.66 9712.08 9687.14 9671.06 9664.65 9646.67 9644.34 9650.36 9651.4 9649.15 9632.16 9611.07 9618.2 9623.62 9628.14 9631.71 9635.94 9635.75 9638.9 9643.87 9651.02 9661.1 9673.24 9684.8 9728.42 9723.8 9714.11 9701.23 9688.38 9686.35 9701.94 9709.77 9708.99 9691.94 9695.3 9728.62 9731.3 9729.91 9707.71 9699.18 9690.7 9688.04 9682.74 9682.62 9707.22 9715.83 9711.42 9701.41 9687.22 9650.3 9604.32 9612.69 9616.19 9619.73 9619.26 9615.82 9602.09
9749.38 9788.38 9827.35 9872.52 9862.04 9839.39 9815.24 9790.53 9769.18 9752.75 9736.54 9722.32 9717.85 9699.71 9692.48 9684.45 9686.83 9672.28 9650.81 9641.77 9627.26 9620.91 9624.33 9626.91 9629.78 9634.8 9640.79 9652.44 9660.77 9658.45 9660.84 9667.1 9681.78 9694.79 9744.34 9732.57 9712.43 9695.06 9685.86 9696.12 9699.87 9702.96 9702.92 9702.92 9719.49 9744.94 9737.36 9740.2 9716.9 9717.47 9711.36 9695.14 9694.83 9699.07 9718.72 9714.9 9702.86 9686.66 9669.46 9645.22 9620.01 9616.95 9624.02 9608.7 9609.93 9614.78 9606.48
9718.55 9801.4 9825.8 9852.36 9856.19 9839.03 9816.39 9786.21 9752.62 9752.1 9737.23 9719.41 9705.36 9695 9686.52 9661.6 9663.06 9654.49 9641.36 9626.49 9625.76 9633.15 9633.12 9633.06 9636.2 9640.29 9644.6 9649.35 9653.81 9663.96 9664.44 9666.14 9679.87 9701.3 9717.54 9718.99 9707.36 9692.14 9690.28 9683.96 9694.37 9698.29 9699.98 9706.28 9735.45 9718.76 9750.9 9739.91 9732.49 9732.39 9724.71 9710.72 9707.28 9707.6 9718.01 9711.49 9699.5 9675.76 9644.54 9611.93 9618.3 9614.9 9616.88 9608.61 9606.77 9602.42 9600.22
9695.78 9784.86 9815.3 9834.91 9847.64 9843.74 9827.62 9805.51 9771.76 9737.5 9730.54 9712.96 9686.19 9667.66 9647.82 9643.37 9648.42 9641.1 9635.83 9628.1 9628.33 9630.68 9631.26 9634.34 9638.87 9644.87 9648.26 9648.26 9650.69 9668.35 9676.53 9673.27 9692.81 9713.96 9725.35 9720.98 9707.94 9691.62 9683.71 9689.31 9693.82 9693.13 9687.56 9692.76 9739.1 9763.2 9762.76 9736.71 9740.99 9729.59 9709.87 9713.46 9706.67 9707.68 9716.55 9727.7 9709.13 9682.56 9645.32 9606.02 9623.72 9625.14 9621.2 9611.49 9603.15 9593.11 9596.99
9709.77 9730.47 9781.96 9823.73 9852.45 9854.85 9841.45 9820.79 9785.05 9746.3 9733.97 9712.91 9687.79 9659.11 9635.22 9650.24 9648.42 9646.09 9641.7 9638.03 9635.38 9628.12 9627.24 9634.88 9642.28 9648.87 9654.9 9660.56 9665.42 9684.96 9713.09 9743.89 9752.22 9766.27 9753.89 9749.71 9732.44 9694.66 9689.29 9707.79 9703.56 9690.78 9679.54 9679.57 9751.38 9778.89 9773.1 9749.46 9755.4 9735 9707.56 9698.38 9705.18 9702.29 9712.4 9733.59 9722.54 9700.67 9675.7 9646.1 9630.42 9629.32 9630.21 9615.45 9606.58 9596.31 9615.37
9737.23 9720.45 9746.31 9809.56 9869.24 9878.05 9860.4 9831.22 9793.69 9764.71 9744.42 9715.77 9690.73 9663.64 9652.11 9650.34 9655.02 9650.12 9650.59 9642.51 9635.37 9631.6 9630.09 9640.06 9648.73 9656.66 9664.86 9676.65 9689.61 9707.77 9738.19 9784.17 9811.67 9798.23 9826.9 9846.67 9783.42 9723.64 9770.5 9735.84 9714.26 9691.24 9688.43 9708.57 9758.95 9768.45 9780.16 9772.48 9771.58 9754.63 9711.35 9711.79 9708.07 9697.29 9703.76 9733.6 9739.58 9727.49 9718.38 9704.85 9655.25 9647.25 9648.01 9646.08 9627.7 9611.42 9609.88
9760.07 9738.69 9751.61 9827.04 9911.97 9905.23 9881.67 9850.61 9815.26 9787.57 9751.73 9722.84 9696.71 9674.83 9661.09 9665.84 9672.53 9673.65 9659.28 9646.59 9644.79 9643.94 9647.17 9650.46 9656.13 9664.89 9672.18 9682.4 9693.21 9718.83 9740.45 9754.01 9776.63 9794.9 9852.23 9917.73 9824.35 9737.53 9724.99 9755.8 9749.45 9712.17 9707.28 9705.46 9748.17 9768.43 9775.27 9777.22 9794.66 9811.3 9769.58 9713.32 9705.92 9696.91 9715.77 9750.99 9745.1 9748.32 9747.51 9730.78 9674.36 9650.45 9652.17 9668.6 9651.73 9625.09 9618.21
9750.47 9752.91 9748.68 9800.55 9913.63 9919.14 9897.04 9867.9 9829.72 9791.59 9762.57 9738.33 9716.56 9704.64 9704.03 9697.12 9678.16 9671.59 9657.46 9647 9648.73 9650.23 9652.27 9656.39 9663.61 9671.55 9680.05 9687.62 9701.24 9733.53 9772.2 9789.75 9785.21 9827.65 9890.57 9942.25 9849.54 9778.71 9780.36 9813.64 9842.24 9814.37 9778.44 9750.9 9772 9778.95 9792.51 9794.45 9789.32 9794.51 9767.69 9739.63 9714.94 9694.26 9691.41 9703.57 9730.81 9758.67 9775.21 9759.28 9682.96 9666.3 9662.95 9652.06 9639.35 9628.63 9624.97
9773.85 9793.47 9759.6 9775.05 9886.26 9911.51 9900.56 9878.01 9842.11 9801.45 9778.9 9752.6 9732.54 9718.02 9698.41 9684.5 9662.39 9658.12 9642.9 9643.37 9651.97 9653.13 9650.68 9660.65 9673.68 9685.08 9695.23 9702.68 9727.01 9776.71 9794.97 9823.55 9882.32 9938.56 9910.7 9858.01 9848.53 9822.07 9811.18 9835.34 9872.11 9921.34 9931.98 9992.01 9923.51 9866.68 9849.57 9832.23 9804.25 9805.94 9815.99 9782.07 9731.51 9700.77 9688.03 9694.49 9735.2 9767.57 9791.94 9786.26 9696.92 9675.09 9667.89 9650.03 9658.63 9647.63 9631.73
9786.44 9813.08 9770.08 9750.93 9851.58 9898.63 9899.87 9890.28 9870.38 9842.6 9801.81 9767.94 9747.51 9732.9 9703.46 9700.09 9688.79 9668.6 9653.93 9659.73 9666.68 9661.98 9656.4 9669.73 9690.21 9712.11 9732.73 9741.57 9764.78 9837.58 9875.13 9889.19 9904.74 9918.82 9892.13 9853.37 9856.12 9849.62 9842.41 9851.88 9853.54 9909.22 10025.5 10080.6 10085.9 10035.4 9948.53 9906.72 9863.26 9820.78 9839.24 9821.04 9774.7 9728.51 9730.24 9741.9 9763.67 9782.47 9795.23 9782.22 9743.35 9691.39 9723.65 9650.99 9646.35 9656.35 9649.98
9819.87 9788.91 9755.06 9747.29 9822.62 9869.75 9888.71 9902.11 9906.39 9877.73 9818.86 9781.13 9755.81 9749 9710.69 9691.7 9696.94 9695.35 9687.59 9688.03 9687.92 9681.45 9677.1 9690.65 9718.57 9748.97 9780.83 9809.9 9853.25 9891.75 9852.15 9842.91 9864.83 9867.76 9885.86 9950.48 9930.52 9888.36 9870.37 9866.31 9927.54 9933.83 9942.25 10044.2 10052.8 10085.9 10170.8 10100.9 10079.1 9961.61 9979.4 9895.06 9826.78 9825.6 9805.43 9841.24 9807.67 9794.71 9786.51 9754.43 9723.08 9762.92 9776.59 9747.21 9693.19 9677.03 9655.51
9756.76 9743.32 9736.93 9743.95 9793.31 9841.06 9880.91 9908.87 9922.29 9890.82 9802.15 9734.66 9744.33 9755.4 9710.95 9688.07 9687.76 9706.37 9712.74 9712.07 9717.2 9712.67 9705.15 9716.49 9743.81 9781.76 9827.95 9883.94 9892.74 9845.97 9819.56 9842.17 9884.75 9893.92 10051.1 10111.7 10088.5 10058.3 9848.78 9744.64 9746.37 9704.44 9627.04 9658.49 9574.75 9628.28 9764.07 9951.47 10062.6 10044.6 10134.9 10069 9912.28 9866.91 9890.39 9886.83 9837.96 9792.73 9762.07 9724.07 9721.19 9741.12 9780.89 9778.72 9701.66 9684.29 9656.28
9735.93 9735.26 9752.43 9789.82 9802.73 9826.02 9881.19 9913.58 9883.6 9797.37 9771.79 9738.57 9734.2 9734.54 9714.23 9698.97 9704.53 9718.17 9727.59 9736.95 9737.9 9736.09 9725.35 9732.64 9760.11 9798.02 9847.65 9897.62 9911.46 9864.49 9839.74 9950.32 9971.12 10086.3 10047.6 9864.14 9751.32 9648.96 9608 9481.54 9305.11 9331.16 9354.79 9337.12 9271.16 9289.43 9369.07 9429.41 9513.74 9619.29 9853.44 9970.99 10049.6 9975.43 9901.37 9863.77 9832.57 9781.19 9733.85 9714.48 9735.65 9746.24 9772.97 9839.77 9712.91 9689.66 9655.8
9733.18 9753.94 9786.02 9834.58 9827.63 9838.76 9901.44 9937.85 9888.02 9773.15 9774.74 9756.66 9725.89 9704.91 9709.34 9708.62 9712.3 9726.93 9773.54 9774.22 9771.03 9767.38 9745.91 9738.12 9768.04 9804.07 9839.8 9891.29 9901.47 9923.76 9962.42 9977.44 9910.12 9833.6 9643.03 9538.03 9481.02 9480.55 9364.91 9277.35 9199.54 9212.82 9212.17 9219.06 9177.6 9196.96 9214.9 9222.11 9196.04 9230.74 9373.7 9467.86 9614.24 9751.96 9833.17 9864.45 9823.39 9782.47 9741.81 9745.12 9772.11 9785.92 9780.49 9837.54 9792.42 9742.32 9685.21
9756.18 9813.65 9884.43 9839.91 9839.37 9888.77 9933.79 9959.02 9884.38 9775.48 9779.85 9754.96 9724.91 9706.64 9703.9 9707.41 9713.93 9709.29 9738.92 9789.48 9795.89 9783.84 9777.45 9764.73 9784.77 9795.69 9804.59 9797.71 9871.87 9887.77 9886.94 9860.68 9736.39 9549.55 9444.95 9380.87 9469.03 9247.04 9173.15 9124.73 9146.48 9068.27 9019.31 9032.25 9070.64 9310.91 9254.24 9227.73 9147.94 9119.77 9180.99 9158.09 9229.24 9421.51 9732.05 9992.73 9836.41 9810.74 9809.46 9753.66 9763.5 9786.59 9797.16 9876.29 9880.8 9830.75 9740.99
9787.33 9844.88 9906.05 9866.84 9867.69 9930.09 9963.37 9972.68 9874.64 9767.26 9765.59 9754.32 9727.97 9712.48 9717.84 9707.33 9704.61 9708.46 9710.96 9812.6 9820.21 9815.89 9825.47 9822.87 9803.79 9800.05 9802.69 9822.12 9900.56 10029.2 10021.8 9766.45 9570.58 9418.25 9261.68 9095.69 9019.4 8995.48 8962.5 8924.08 8859.31 8829.85 8837.61 8826.77 8888.6 8984.81 9077.03 9213.09 9258.56 9144.44 9095.05 9159.43 9124.79 9164.49 9538.5 9874.41 9929.07 9867.4 9809.65 9735.64 9735.55 9788.86 9831.61 9841.99 9947.93 9869.57 9773.37
