real_craters/C180-750m.grd
DSAA
203 203
-75.74 75.74
-75.74 75.74
3790.2947694436 6761.2683620713
[rows 114 to 151 of 203, columns 0 to 83 of 203]
5823 5840 5860 5881 5890 5875 5856 5837 5821 5823 5818 5818 5816 5819 5806 5800 5789 5791 5819 5799 5784 5777 5768 5758 5744 5726 5714 5704 5684 5655 5643 5670 5669 5665 5665 5671 5686 5701 5713 5716 5707 5690 5676 5665 5657 5649 5641 5636 5633 5633 5631 5626 5636 5641 5644 5647 5647 5644 5665 5645 5641 5645 5657 5668 5680 5691 5701 5709 5714 5716 5718 5716 5728 5879 6081 6241 6478 6432 6265 6061 5838 5629 5446 5257
5831 5835 5844 5866 5879 5874 5860 5846 5838 5834 5830 5828 5828 5830 5826 5827 5826 5828 5832 5820 5805 5785 5773 5763 5755 5745 5744 5717 5689 5664 5646 5649 5661 5658 5654 5654 5663 5692 5723 5737 5717 5703 5691 5682 5674 5666 5658 5648 5641 5637 5631 5628 5637 5643 5647 5647 5640 5636 5653 5633 5631 5638 5650 5664 5676 5688 5698 5706 5708 5708 5704 5702 5717 5805 5967 6148 6329 6413 6349 6160 5920 5679 5487 5405
5841 5842 5849 5860 5875 5868 5856 5848 5846 5845 5843 5847 5850 5855 5861 5866 5867 5856 5831 5814 5793 5785 5775 5768 5764 5765 5767 5723 5697 5686 5709 5727 5674 5659 5652 5647 5653 5681 5705 5712 5714 5709 5703 5697 5698 5693 5676 5659 5649 5643 5639 5640 5644 5650 5654 5655 5655 5650 5640 5634 5633 5637 5648 5661 5675 5688 5699 5708 5713 5711 5705 5699 5709 5737 5844 5989 6194 6361 6453 6216 5970 5720 5513 5383
5840 5838 5842 5849 5855 5854 5848 5844 5836 5836 5869 5875 5881 5876 5878 5881 5892 5868 5845 5818 5802 5786 5777 5772 5768 5761 5734 5717 5694 5672 5665 5681 5664 5656 5655 5656 5664 5682 5696 5706 5707 5709 5712 5715 5708 5708 5691 5678 5664 5648 5641 5649 5655 5660 5663 5662 5654 5651 5656 5651 5642 5643 5650 5662 5675 5688 5701 5712 5720 5725 5723 5704 5702 5731 5783 5854 6010 6177 6234 6178 5999 5783 5583 5446
5838 5841 5842 5840 5835 5834 5838 5841 5849 5863 5866 5859 5883 5885 5884 5879 5859 5848 5823 5803 5800 5780 5773 5771 5769 5775 5749 5729 5694 5654 5629 5640 5643 5654 5670 5685 5690 5692 5693 5691 5699 5705 5710 5718 5700 5683 5692 5695 5674 5653 5647 5658 5669 5675 5676 5670 5665 5660 5668 5659 5647 5647 5656 5668 5679 5689 5700 5712 5724 5737 5745 5719 5716 5756 5767 5788 5880 6043 6191 6145 6040 5881 5698 5530
5829 5838 5838 5830 5823 5823 5831 5840 5854 5879 5886 5888 5893 5886 5883 5872 5853 5832 5802 5780 5765 5770 5771 5766 5761 5759 5768 5745 5705 5662 5636 5624 5626 5652 5683 5711 5713 5703 5694 5694 5692 5700 5706 5701 5702 5700 5684 5676 5668 5658 5654 5676 5685 5693 5694 5686 5672 5664 5666 5670 5666 5657 5663 5674 5683 5692 5700 5712 5726 5742 5763 5730 5757 5781 5765 5760 5802 5909 6069 6116 6094 6009 5827 5652
5826 5831 5823 5817 5818 5828 5819 5825 5837 5843 5877 5872 5887 5884 5881 5877 5853 5839 5818 5801 5791 5783 5777 5768 5753 5742 5751 5741 5717 5692 5654 5619 5626 5655 5691 5724 5720 5707 5693 5680 5685 5697 5709 5719 5709 5691 5674 5657 5668 5667 5669 5687 5699 5714 5725 5714 5695 5676 5669 5663 5659 5665 5674 5679 5685 5693 5701 5712 5721 5728 5728 5713 5756 5787 5764 5749 5782 5882 6039 6105 6139 6169 6007 5813
5806 5805 5799 5793 5792 5786 5794 5801 5811 5819 5746 5843 5858 5864 5869 5869 5868 5853 5847 5839 5813 5797 5790 5779 5762 5746 5749 5739 5718 5699 5660 5624 5626 5663 5693 5712 5715 5704 5693 5683 5687 5698 5709 5717 5708 5693 5700 5700 5684 5679 5681 5687 5701 5729 5761 5787 5738 5701 5674 5658 5646 5674 5686 5682 5684 5689 5697 5704 5710 5714 5712 5711 5744 5767 5758 5770 5798 5874 6032 6090 6120 6127 6083 6036
5775 5764 5764 5762 5760 5762 5766 5773 5780 5782 5779 5821 5828 5843 5857 5864 5862 5859 5855 5843 5834 5824 5811 5798 5789 5777 5763 5744 5704 5664 5642 5629 5641 5673 5690 5708 5702 5697 5692 5689 5693 5700 5708 5711 5710 5706 5705 5703 5691 5684 5673 5662 5686 5727 5780 5814 5792 5752 5691 5665 5662 5671 5675 5675 5679 5686 5694 5700 5702 5703 5706 5714 5748 5758 5732 5749 5834 5935 6043 6079 6085 6079 6087 6160
5744 5728 5729 5729 5730 5730 5738 5748 5755 5760 5773 5777 5787 5819 5842 5862 5862 5855 5852 5854 5853 5849 5830 5812 5801 5784 5762 5735 5690 5645 5634 5633 5647 5671 5675 5677 5683 5684 5685 5689 5695 5701 5711 5720 5721 5709 5699 5689 5680 5673 5655 5632 5661 5701 5747 5781 5760 5737 5686 5665 5654 5652 5655 5665 5672 5677 5684 5689 5696 5703 5712 5724 5740 5739 5719 5749 5858 6028 6071 6057 6051 6053 6099 6211
5718 5704 5701 5702 5703 5702 5708 5719 5729 5746 5761 5764 5778 5805 5831 5855 5850 5840 5838 5836 5852 5849 5842 5812 5779 5762 5747 5733 5684 5647 5645 5650 5666 5668 5666 5662 5669 5672 5675 5680 5687 5696 5708 5722 5724 5704 5688 5673 5661 5651 5632 5615 5640 5668 5682 5698 5702 5677 5673 5656 5644 5642 5647 5653 5661 5669 5676 5682 5691 5700 5713 5722 5727 5710 5678 5707 5790 5906 5991 5995 6001 5986 6018 6115
5698 5681 5682 5685 5684 5680 5687 5701 5711 5721 5735 5755 5778 5793 5809 5820 5816 5812 5817 5839 5865 5904 5854 5804 5757 5738 5723 5700 5678 5664 5663 5674 5676 5686 5676 5665 5661 5663 5666 5669 5674 5684 5698 5710 5708 5679 5659 5651 5639 5624 5621 5623 5637 5651 5661 5662 5661 5653 5652 5647 5639 5635 5633 5646 5655 5662 5669 5677 5684 5693 5703 5703 5709 5683 5641 5650 5686 5737 5830 5892 5943 5919 5878 5960
5676 5674 5674 5675 5674 5674 5679 5687 5691 5694 5701 5725 5763 5777 5784 5784 5771 5777 5784 5789 5821 5858 5824 5784 5758 5728 5708 5684 5682 5677 5672 5674 5668 5682 5669 5656 5653 5657 5661 5662 5662 5675 5688 5691 5678 5663 5649 5638 5625 5611 5617 5631 5638 5646 5655 5658 5655 5645 5644 5645 5643 5644 5651 5650 5651 5654 5659 5665 5671 5678 5683 5684 5698 5671 5635 5627 5637 5653 5699 5772 5811 5778 5719 5794
5677 5670 5670 5668 5670 5674 5677 5679 5679 5679 5684 5710 5737 5762 5768 5758 5744 5755 5756 5753 5760 5760 5765 5750 5730 5713 5702 5699 5686 5675 5667 5664 5659 5657 5624 5628 5638 5648 5658 5664 5668 5680 5686 5685 5678 5659 5641 5632 5622 5614 5621 5635 5642 5644 5643 5655 5660 5650 5648 5650 5655 5660 5653 5648 5646 5647 5648 5651 5653 5657 5657 5655 5671 5664 5646 5622 5620 5637 5671 5694 5687 5700 5655 5711
5667 5667 5663 5662 5665 5672 5680 5676 5674 5674 5678 5698 5735 5758 5769 5773 5769 5755 5743 5734 5731 5732 5733 5723 5706 5701 5693 5680 5672 5665 5651 5632 5611 5590 5587 5605 5625 5642 5659 5674 5686 5694 5690 5685 5680 5663 5643 5635 5628 5624 5632 5641 5646 5646 5643 5650 5660 5663 5657 5655 5654 5651 5640 5636 5637 5638 5637 5638 5637 5639 5644 5654 5661 5647 5621 5612 5610 5630 5659 5667 5666 5685 5709 5701
5644 5647 5650 5648 5653 5662 5672 5667 5671 5680 5693 5705 5733 5754 5763 5768 5761 5752 5737 5725 5720 5722 5721 5714 5703 5696 5688 5678 5670 5660 5643 5620 5598 5611 5605 5609 5629 5648 5665 5684 5712 5712 5690 5681 5675 5661 5653 5647 5642 5641 5646 5656 5661 5651 5645 5643 5659 5667 5660 5654 5647 5639 5634 5632 5631 5629 5627 5624 5621 5620 5621 5638 5644 5637 5620 5608 5601 5620 5648 5659 5670 5687 5716 5711
5623 5626 5629 5634 5637 5635 5629 5648 5670 5689 5713 5726 5727 5741 5754 5756 5757 5743 5728 5717 5708 5713 5712 5705 5698 5692 5687 5681 5669 5660 5652 5640 5625 5614 5602 5619 5633 5647 5664 5677 5682 5679 5676 5671 5663 5652 5650 5658 5656 5654 5660 5662 5660 5652 5640 5634 5638 5659 5657 5651 5642 5634 5629 5628 5630 5630 5628 5623 5618 5612 5611 5634 5640 5637 5617 5616 5619 5626 5634 5659 5679 5693 5716 5734
5615 5618 5618 5627 5632 5631 5628 5650 5677 5699 5722 5734 5732 5744 5759 5753 5736 5724 5717 5711 5707 5706 5702 5693 5687 5684 5684 5684 5677 5668 5666 5668 5666 5627 5638 5640 5645 5654 5663 5669 5661 5652 5666 5665 5654 5644 5659 5669 5679 5681 5675 5671 5665 5664 5661 5659 5656 5656 5657 5651 5641 5629 5630 5635 5633 5631 5627 5622 5614 5606 5603 5616 5633 5614 5609 5622 5642 5641 5650 5668 5686 5693 5706 5728
5633 5627 5627 5631 5638 5647 5656 5678 5696 5711 5721 5729 5733 5742 5739 5734 5719 5709 5710 5707 5702 5703 5698 5682 5675 5677 5678 5678 5673 5672 5677 5684 5679 5669 5656 5652 5652 5658 5668 5674 5678 5677 5678 5667 5658 5657 5656 5666 5687 5693 5687 5681 5675 5676 5674 5673 5674 5667 5662 5655 5645 5635 5634 5635 5637 5635 5631 5625 5615 5604 5593 5579 5584 5593 5600 5618 5638 5643 5652 5671 5688 5703 5697 5708
5643 5634 5630 5636 5649 5669 5698 5713 5718 5726 5727 5719 5716 5717 5713 5715 5716 5719 5710 5708 5703 5703 5696 5677 5672 5671 5671 5672 5668 5669 5680 5693 5706 5698 5666 5661 5665 5670 5674 5679 5695 5724 5682 5664 5658 5657 5655 5664 5674 5689 5694 5691 5683 5680 5683 5685 5678 5680 5677 5668 5657 5645 5641 5644 5649 5644 5636 5628 5620 5606 5589 5568 5571 5575 5587 5607 5624 5634 5644 5658 5668 5678 5670 5684
5644 5634 5630 5636 5655 5681 5709 5725 5728 5730 5726 5714 5713 5714 5709 5712 5711 5696 5711 5712 5714 5710 5695 5686 5675 5668 5663 5660 5658 5666 5676 5689 5704 5693 5670 5674 5675 5679 5682 5685 5681 5667 5662 5652 5646 5643 5653 5664 5690 5699 5704 5706 5706 5703 5706 5723 5724 5708 5697 5687 5676 5666 5668 5686 5665 5649 5641 5634 5627 5616 5594 5577 5566 5569 5577 5590 5606 5617 5629 5635 5636 5641 5651 5661
5642 5631 5623 5631 5655 5685 5714 5731 5729 5721 5719 5719 5715 5713 5719 5719 5720 5725 5719 5715 5712 5709 5708 5685 5677 5666 5657 5652 5661 5667 5667 5674 5683 5688 5698 5704 5720 5729 5725 5705 5681 5659 5644 5634 5631 5663 5666 5667 5700 5707 5711 5719 5721 5718 5733 5754 5744 5733 5718 5704 5694 5690 5687 5668 5656 5648 5642 5637 5633 5631 5614 5579 5579 5566 5565 5569 5582 5600 5612 5613 5613 5617 5625 5637
5642 5630 5617 5624 5655 5687 5715 5733 5728 5717 5717 5718 5716 5722 5738 5729 5727 5730 5726 5718 5709 5707 5716 5704 5682 5664 5653 5642 5640 5642 5650 5654 5659 5679 5725 5776 5804 5778 5739 5701 5672 5653 5628 5613 5599 5611 5636 5639 5669 5690 5709 5731 5756 5770 5803 5785 5775 5756 5732 5713 5700 5692 5683 5663 5649 5644 5642 5638 5634 5628 5613 5590 5575 5566 5562 5560 5572 5591 5607 5613 5613 5613 5618 5629
5646 5636 5625 5630 5659 5689 5714 5732 5726 5716 5714 5714 5719 5723 5724 5724 5725 5724 5722 5719 5718 5724 5719 5702 5681 5662 5648 5640 5636 5639 5635 5630 5637 5665 5784 5905 5851 5795 5744 5702 5664 5626 5601 5594 5576 5578 5604 5622 5639 5670 5696 5726 5767 5790 5786 5811 5810 5769 5736 5713 5698 5690 5692 5656 5638 5640 5641 5641 5637 5623 5605 5591 5580 5570 5567 5559 5571 5589 5609 5643 5631 5630 5634 5633
5654 5649 5645 5651 5673 5694 5711 5717 5721 5720 5711 5704 5705 5702 5703 5711 5714 5719 5720 5718 5717 5711 5716 5696 5678 5658 5639 5626 5625 5628 5617 5617 5630 5677 5870 5944 5844 5781 5733 5690 5653 5615 5592 5587 5573 5575 5597 5625 5643 5657 5677 5703 5736 5772 5789 5792 5779 5742 5717 5699 5685 5672 5654 5641 5634 5641 5645 5647 5647 5641 5622 5606 5602 5598 5589 5577 5583 5594 5601 5601 5623 5639 5629 5643
5666 5665 5669 5676 5690 5701 5711 5719 5720 5714 5705 5697 5693 5685 5698 5699 5699 5703 5706 5712 5723 5729 5725 5696 5673 5646 5627 5617 5601 5594 5599 5609 5624 5651 5698 5735 5755 5731 5700 5669 5638 5618 5607 5587 5578 5578 5589 5602 5623 5639 5654 5667 5673 5691 5683 5675 5679 5692 5688 5679 5667 5655 5642 5641 5645 5645 5647 5651 5655 5658 5642 5623 5612 5627 5617 5605 5604 5607 5611 5609 5609 5621 5639 5663
5668 5675 5687 5711 5703 5703 5709 5717 5717 5707 5694 5685 5677 5672 5687 5683 5676 5671 5674 5699 5728 5752 5731 5713 5664 5631 5608 5590 5581 5572 5589 5606 5620 5631 5652 5653 5672 5667 5656 5633 5612 5600 5589 5569 5555 5555 5561 5573 5595 5616 5632 5641 5643 5644 5639 5626 5634 5652 5659 5658 5652 5644 5637 5638 5648 5646 5649 5653 5656 5648 5635 5631 5640 5649 5662 5633 5624 5623 5625 5623 5618 5609 5629 5675
5672 5675 5682 5683 5689 5691 5696 5703 5700 5686 5675 5666 5660 5651 5660 5663 5660 5652 5650 5689 5724 5753 5743 5680 5635 5607 5591 5581 5570 5571 5584 5603 5625 5650 5647 5647 5632 5617 5599 5582 5571 5560 5550 5533 5518 5525 5540 5563 5583 5595 5608 5621 5639 5645 5642 5628 5625 5634 5641 5643 5641 5637 5630 5629 5636 5641 5647 5652 5655 5652 5640 5638 5653 5670 5672 5646 5637 5635 5635 5634 5631 5629 5638 5670
5668 5668 5668 5673 5670 5669 5669 5666 5658 5656 5651 5643 5631 5645 5634 5648 5658 5662 5668 5692 5710 5710 5679 5622 5596 5577 5561 5555 5557 5562 5575 5594 5615 5617 5620 5633 5610 5588 5569 5552 5535 5518 5500 5494 5493 5501 5519 5541 5564 5573 5584 5599 5618 5639 5631 5632 5629 5626 5628 5628 5629 5630 5631 5632 5630 5637 5645 5650 5652 5647 5629 5637 5647 5651 5647 5648 5643 5642 5640 5640 5633 5629 5635 5647
5658 5652 5644 5635 5631 5638 5640 5637 5633 5633 5634 5632 5625 5623 5633 5654 5670 5683 5697 5698 5693 5680 5655 5602 5571 5551 5532 5531 5543 5559 5570 5577 5583 5580 5581 5590 5572 5554 5537 5521 5503 5483 5465 5461 5464 5479 5495 5520 5536 5547 5558 5569 5582 5600 5612 5632 5625 5618 5617 5617 5620 5626 5635 5640 5640 5642 5644 5646 5648 5646 5641 5638 5640 5646 5641 5643 5648 5649 5649 5640 5631 5625 5623 5627
5645 5633 5620 5604 5600 5610 5615 5617 5619 5619 5629 5638 5639 5646 5669 5675 5681 5693 5706 5694 5675 5654 5622 5586 5558 5538 5525 5523 5534 5546 5553 5553 5550 5553 5548 5534 5528 5518 5504 5488 5470 5453 5436 5438 5448 5462 5481 5500 5513 5518 5529 5542 5555 5581 5599 5603 5608 5607 5605 5605 5608 5615 5630 5656 5649 5643 5637 5639 5644 5642 5639 5642 5646 5656 5659 5655 5658 5659 5657 5653 5639 5631 5622 5614
5628 5616 5602 5587 5580 5593 5601 5603 5596 5609 5627 5648 5675 5714 5722 5696 5689 5690 5689 5671 5647 5623 5590 5563 5540 5526 5520 5518 5524 5532 5536 5531 5522 5515 5506 5505 5493 5482 5470 5455 5442 5429 5419 5419 5429 5445 5460 5465 5474 5487 5501 5516 5533 5555 5579 5583 5588 5589 5589 5589 5590 5594 5599 5600 5613 5617 5615 5619 5631 5633 5633 5642 5652 5664 5670 5673 5671 5668 5663 5650 5645 5640 5623 5608
5606 5597 5588 5582 5584 5588 5595 5598 5595 5612 5632 5660 5715 5806 5796 5707 5686 5673 5660 5639 5614 5590 5560 5538 5523 5514 5508 5510 5516 5520 5519 5513 5503 5491 5483 5472 5465 5450 5437 5427 5417 5408 5402 5403 5413 5427 5445 5453 5452 5464 5477 5492 5513 5542 5566 5571 5571 5572 5572 5570 5568 5565 5562 5556 5565 5574 5582 5588 5595 5611 5625 5642 5658 5670 5682 5686 5681 5677 5662 5639 5627 5617 5614 5606
5590 5584 5579 5577 5573 5585 5597 5609 5632 5630 5634 5649 5683 5748 5744 5699 5675 5653 5628 5601 5579 5557 5535 5518 5509 5504 5501 5505 5510 5513 5511 5495 5480 5469 5454 5440 5426 5415 5407 5400 5395 5390 5388 5388 5393 5406 5417 5423 5438 5449 5460 5474 5499 5531 5552 5555 5557 5557 5554 5547 5542 5537 5530 5523 5528 5541 5546 5553 5566 5581 5604 5632 5653 5668 5681 5685 5682 5681 5670 5642 5626 5615 5615 5610
5577 5576 5575 5573 5570 5587 5599 5618 5631 5624 5627 5633 5643 5680 5710 5685 5659 5633 5605 5576 5547 5517 5501 5498 5498 5493 5493 5502 5510 5511 5499 5483 5465 5448 5429 5402 5383 5380 5379 5376 5373 5371 5370 5365 5377 5387 5394 5405 5419 5433 5448 5466 5509 5552 5553 5546 5541 5536 5529 5525 5518 5511 5503 5496 5498 5501 5512 5517 5522 5546 5575 5609 5633 5651 5664 5675 5674 5662 5648 5631 5623 5623 5626 5627
5566 5569 5571 5578 5585 5593 5594 5596 5603 5614 5619 5621 5626 5659 5684 5676 5646 5615 5587 5558 5524 5500 5489 5486 5486 5490 5495 5505 5516 5521 5516 5502 5465 5433 5403 5379 5358 5354 5353 5351 5349 5351 5355 5367 5364 5368 5379 5391 5401 5415 5438 5468 5514 5558 5566 5543 5525 5515 5507 5500 5494 5488 5482 5483 5483 5486 5486 5490 5496 5511 5543 5575 5605 5628 5651 5675 5666 5647 5636 5626 5630 5642 5637 5637
5562 5567 5571 5577 5597 5593 5584 5584 5595 5609 5619 5625 5631 5672 5668 5653 5626 5597 5565 5530 5504 5483 5479 5480 5486 5490 5496 5509 5524 5535 5537 5475 5444 5422 5399 5378 5352 5337 5332 5331 5328 5327 5331 5342 5340 5344 5357 5372 5385 5401 5423 5457 5498 5539 5547 5519 5504 5493 5484 5477 5472 5468 5462 5457 5454 5460 5464 5466 5473 5483 5515 5549 5578 5604 5634 5663 5660 5647 5637 5630 5635 5647 5638 5628
5557 5560 5561 5561 5557 5556 5565 5580 5591 5605 5624 5645 5666 5680 5666 5634 5608 5582 5551 5517 5496 5484 5482 5484 5479 5476 5491 5512 5532 5545 5532 5461 5435 5420 5400 5374 5342 5324 5317 5313 5310 5305 5300 5294 5310 5318 5322 5350 5363 5372 5395 5431 5461 5486 5496 5483 5475 5468 5461 5455 5449 5446 5442 5437 5433 5442 5443 5441 5444 5460 5490 5526 5553 5579 5604 5636 5654 5651 5651 5644 5637 5642 5636 5627
