real_craters/C180-1000m.grd
DSAA
88 88
-43.28 43.28
-43.28 43.28
7067.6840882456 9802.0499631562
[rows 30 to 59 of 88, columns 0 to 66 of 88]
9037.52 9023.3 9005.94 8998.25 8996.57 8993.53 8996.9 9010.85 9016.73 9009.9 9014.49 9019.37 9009.62 9017.79 9021.23 9023.82 9042.54 9064.78 9070.73 9098.86 9155.05 9227.53 9359.76 9453.62 9435.97 9426.23 9465.89 9424.2 9337.24 9261.81 9190.64 9096.31 8947.3 8705.3 8641.63 8577.31 8366.94 8248.73 8059.29 7895.66 7832.44 7820.99 7819.91 7831.6 7819.85 7879.49 7973.92 7989.84 8019.28 8055.6 8132.89 8170.96 8292.64 8360.51 8582.85 8662.51 8773.69 8970.58 9333.99 9669.15 9802.05 9641.67 9490.32 9435.72 9418.48 9408.39 9389.76
9019.33 9006.78 9000.84 8998.55 9000.42 8990.48 8999.03 9017.95 9020.83 9009.44 9014.89 9014.06 9014.14 9008.9 9001.25 9004.66 9006.01 9030.93 9032.03 9139.83 9240.16 9343.12 9448.67 9457.9 9510.79 9451.52 9458.81 9329.46 9256.16 9166.16 9051.28 8890.92 8706.09 8595.8 8518.79 8406.21 8140.64 8026.13 7865.18 7751.77 7720.76 7731.59 7741.29 7721.75 7678.58 7711.8 7781.07 7846.27 7883.9 7914.87 7947.42 8066.3 8175.7 8285.94 8367.83 8442 8520.82 8672.67 8945.57 9406.64 9680.9 9690.11 9578.37 9455.79 9422.48 9406.09 9383.44
8991.77 8983.84 8975.1 8968.27 8996.84 8997.26 8991.74 9004.76 9023.31 9010.34 9022.41 9028.3 9025.68 9024.27 9022.73 9005.43 8988.82 9014.17 9094.58 9222.78 9354.88 9423.93 9530.73 9542.79 9502.11 9398.31 9379.53 9297.55 9205.62 9081.9 8942.53 8793.2 8602.03 8425.46 8354.91 8129.79 7975.95 7846.71 7837.26 7749.42 7664.94 7650.12 7676.13 7664.32 7651.19 7691.75 7739.58 7755.52 7775 7814.02 7867.32 7942.29 8025.43 8058.21 8149.22 8235.32 8320.48 8481.16 8724.77 9085.89 9416.54 9635.47 9629.97 9495.94 9436.57 9410.33 9395.33
8942.03 8949.57 8958.59 8975.39 9000.73 9024.77 9016.7 9015.63 9016.92 9009.09 9018.28 9027.24 9025.24 9028.27 9015.9 9003.86 8977.29 9010.3 9076.81 9271.32 9445.72 9548.68 9604.06 9579.24 9449.01 9334.56 9285.07 9216.14 9170.23 9023.33 8837.4 8697.66 8520.91 8305.09 8105.55 7987.69 7862.69 7737.89 7724.76 7679.88 7636.77 7615.82 7623.01 7628.54 7627.63 7649.62 7669.33 7680.09 7688.94 7737.21 7800.59 7839.03 7890.93 7903.88 7966.15 8069.13 8204.09 8352.67 8600.18 8738.9 9035.74 9491.55 9636.04 9516.22 9451.56 9409.43 9366.32
8935.78 8933.58 8960.38 9001.13 9044.99 9067.59 9068.83 9042.8 9023.91 9006.4 9000.4 9018.93 9036.89 9049.12 9047.92 9010.39 8994.98 9057.79 9110.71 9269.12 9413.93 9474.37 9541.45 9514.69 9407.85 9315.65 9257.5 9218.32 9205.72 8934.55 8665.76 8393.13 8220.2 8087.77 7967.29 7835.67 7724.82 7625.85 7638.52 7638.81 7613.69 7594.14 7597.59 7604.96 7615.39 7618.79 7619.82 7620.5 7631.29 7671 7719.9 7770.3 7808.43 7807.06 7837.94 7920.87 8000.33 8118.33 8200.95 8407.36 8860.89 9259.97 9616.95 9556.2 9470.62 9422.47 9367.6
8958.85 8953.72 8965.65 8993.74 9013.33 9040.36 9056.07 9041.54 9026.85 9030.75 9022.6 9033.42 9059.39 9069.46 9076.18 9009.48 9058.83 9128.27 9244.66 9283.99 9332.9 9347.22 9485.42 9410.97 9308.82 9278.67 9254.08 9265.62 9083.97 8760.39 8458.49 8172.6 7988.34 7847.36 7736.65 7709.75 7665.74 7601.46 7597.56 7588.53 7588.11 7589.47 7574.35 7584.42 7587.47 7570.67 7574.87 7577.82 7582.81 7612.86 7642.9 7675.1 7696.56 7704.91 7744.24 7806.17 7867.97 7970.3 8095.29 8245.88 8614.9 9099.96 9572.27 9633.36 9557.98 9474.08 9402.25
9007.84 8986.14 8982.29 8976.62 8987.98 8993.9 8988.97 8996.61 9017.4 9018.49 9025.03 9037.9 9054.67 9073 9092.66 9086.26 9074.01 9124.18 9266.43 9263.1 9241.55 9368.5 9517.44 9387.33 9257.56 9187.66 9179.46 9042.55 8703.97 8503.73 8264.49 8018.91 7874.6 7772.21 7698.22 7663.89 7635.97 7608.76 7586.21 7564.13 7582.37 7589.75 7575.76 7570.11 7566.74 7559.02 7547.46 7541.83 7550.79 7565.11 7584.94 7602.77 7596.49 7640.25 7679.67 7734.47 7812.75 7883.62 8015.17 8178.4 8490.88 8983.31 9483.21 9658.55 9639.5 9508.05 9392.97
9033.74 9032.14 9028.27 8984.15 8969.33 8969.23 8979.24 8985.29 9003.81 9017.36 9021.98 9029.51 9036.44 9053.59 9062.8 9033.58 9038.87 9162.35 9265.86 9247.08 9227.51 9387.42 9543.07 9408.33 9241 9174.25 9124.72 8936.07 8499.05 8327.45 8136.96 7940.29 7815.32 7722.21 7651.35 7630.91 7605.92 7578.93 7565.09 7559.28 7546.7 7555.69 7561.1 7555.31 7547.21 7534.25 7521.56 7514.19 7508.48 7523.05 7535.36 7531.79 7522.14 7577.08 7619.59 7668.8 7717.27 7794.15 7936.07 8091.42 8333.78 8771.71 9254.39 9500.62 9580.76 9469.22 9380.95
9035.66 9030.71 9020.84 8998.98 8976.98 8969.8 8976.46 8995.49 9004.49 9002.93 9008.14 9025.32 9042.33 9050.7 9043.37 9021.4 9056.42 9180.54 9283.91 9252.53 9232.37 9369.38 9496.42 9378.02 9263.65 9182.75 9101.89 8837.56 8467.37 8261.88 8079.08 7923.67 7789.6 7691.79 7641.04 7612.24 7589.81 7556.73 7545.09 7539.32 7542.1 7546.73 7551.96 7540.54 7516.82 7489.34 7506.66 7505.58 7498.83 7491.11 7470.04 7438.68 7465.86 7498.07 7556.64 7613.57 7665.33 7734.8 7850.67 8042.74 8238.08 8543.94 8964.06 9192.24 9282.27 9324.2 9341.29
9030.47 9026.99 9032.8 9011.88 9012.54 9001.85 9003.88 9025.67 9016.11 9002.72 9004.23 9031.28 9057.29 9059.29 9055.61 9060.72 9089.26 9200.47 9307.68 9255.84 9222.11 9291.53 9349 9319.98 9296.41 9209.79 9103.03 8709.67 8363.89 8209.43 8034.52 7876.86 7769.71 7689.68 7644.69 7620.22 7580.65 7572.76 7536.62 7521.88 7535.65 7539.35 7547.73 7528.79 7502.46 7501.73 7509.56 7526.79 7510.55 7474.17 7427.59 7385.97 7409.58 7456.78 7501.67 7567.54 7637.76 7683.35 7817.28 8025.64 8225.28 8527.94 8760.01 8912.46 8969.67 9176.47 9288.8
9032.02 9035.18 9046.35 9046.05 9045.6 9045.59 9037.05 9033.49 9036.35 9027.65 9034.26 9045.03 9049.57 9059.15 9066.6 9051.33 9063.06 9134.98 9231.01 9231.92 9223.55 9249.53 9256.01 9277.12 9292.82 9399.81 9155.99 8684.55 8316.16 8153.6 7982.83 7843.15 7748.35 7679.08 7637.74 7615.28 7601.16 7552.46 7526.4 7522.13 7538.92 7556.33 7559.33 7516.52 7449.95 7456.01 7493.18 7538.19 7519.76 7465.43 7412.18 7380.06 7369.27 7411.77 7441.18 7480.67 7549.32 7641.22 7831.65 8015.19 8223.7 8556.92 8638.52 8802.27 8978.42 9158.72 9276.46
9041.28 9048.06 9045.29 9045.64 9048.74 9053.68 9054.06 9056.15 9060.97 9073.27 9069.15 9067.59 9075.76 9088.87 9102.25 9090.28 9057.25 9067.8 9148.64 9191.76 9217.89 9245.48 9292.54 9372.31 9409.28 9425.74 9060.05 8618.72 8260.91 8112.22 7947.74 7814.07 7730.49 7658.01 7606.5 7591.75 7576.94 7547.69 7519.92 7524.07 7551.98 7628.52 7603.88 7470.43 7362.57 7392.66 7435.62 7516.5 7492.91 7447.48 7407.44 7365.29 7362.32 7370.48 7380.54 7392.31 7470.22 7613.63 7771.17 7930.16 8072.25 8251.98 8462.07 8786.78 9054.07 9240.44 9314.51
9031.99 9056.87 9067.01 9039.62 9033.72 9040.23 9056.11 9068.36 9073.45 9076.19 9075.88 9089.97 9107.01 9120.24 9122.59 9086.84 9086.83 9094.61 9127.12 9174.19 9211.21 9246.62 9280.97 9383.48 9438.07 9337.56 8951.71 8556.88 8231.32 8088.95 7936.23 7809.73 7716.39 7639.73 7585.37 7557.25 7529.87 7512.64 7513.98 7525.16 7546.9 7580.49 7463.33 7328.22 7234.08 7317.09 7367.49 7386.5 7428.21 7413.15 7378.64 7326.17 7305.22 7333.53 7341.84 7375.13 7455.46 7592.57 7743.85 7879.68 8008.02 8215.52 8475.34 8870.74 9251.49 9423.33 9396.02
8994.52 9011.7 9021.32 9016.84 9012.15 9022.43 9040.5 9057.53 9076.97 9091.88 9103.22 9107.11 9113.97 9114.3 9095.13 9095.38 9101.38 9102.19 9144.13 9183.14 9215.82 9228.46 9274.53 9352.24 9478.59 9344 8899.73 8529.49 8228.4 8070.62 7921.6 7803.27 7706.73 7624.33 7559.61 7548.74 7515.37 7513.91 7504.34 7530.25 7568.2 7526.98 7358.77 7250.75 7224.93 7296.88 7379.29 7401.28 7420.59 7372.45 7307.33 7266.51 7253.44 7307.94 7306.69 7342.67 7461.42 7579.49 7705.44 7896.59 8094.85 8243.51 8538.08 8966.05 9403.31 9572.43 9472.85
8968.26 8984.58 8993.66 8996.51 8993.37 9002.52 8995.16 9037.17 9083.43 9101.41 9107.93 9104.45 9106.64 9110.91 9085.58 9090.63 9129.65 9168.06 9183.49 9208.41 9236.14 9258.17 9277.3 9325.91 9510.97 9375.26 8958.48 8544.53 8229.47 8062.18 7896.7 7798.24 7707.91 7624.17 7566.44 7545.74 7511.9 7511.03 7507.31 7539.19 7582.15 7546.54 7331.77 7215.29 7212.27 7310.48 7473.89 7575.87 7459.1 7368.42 7280.12 7209.76 7165.87 7181.88 7256.39 7354.94 7467.44 7574.28 7712.66 7890.05 8074.2 8268.3 8574.4 8998.49 9397.48 9581.59 9510.11
8962.36 8962.96 8975.05 8984.05 8981.4 8993.02 9009.93 9033.08 9078.04 9088.03 9076.24 9080.05 9082.99 9078.57 9071.53 9094.58 9150.87 9200.2 9204.47 9221.48 9252.96 9291.05 9302.34 9350.25 9502.16 9405.66 8982.05 8592.38 8274.69 8091.05 7961.06 7825.98 7719.35 7631.27 7572 7536.12 7531.03 7522.99 7502.45 7526.85 7554.03 7470.25 7348.54 7233.93 7242.41 7405.32 7516.51 7526.58 7418.79 7297.76 7213.27 7129.01 7090.31 7112.7 7216.82 7338.1 7466.96 7577.25 7736.2 7951.11 8169.2 8320.63 8604.01 9008.27 9380.71 9587.77 9526.88
8960.2 8953.57 8952.86 8954.99 8973.94 8996.92 9016.76 9028.88 9040.56 9065.89 9068.26 9072.87 9071.72 9065.01 9083.77 9111.4 9129.12 9162.45 9188.91 9210.21 9242.56 9284.98 9331.73 9377.65 9474.1 9425.55 9130.94 8663.96 8311.18 8109.96 8011.66 7852.74 7729.28 7626.68 7573.99 7552.95 7549.34 7538.8 7494.17 7501.35 7503.08 7438.93 7404.88 7373.17 7396.98 7481.97 7500.98 7440.83 7322.85 7196 7127.51 7104.61 7067.68 7089.41 7217.53 7367.36 7516.92 7633.69 7776.54 7928.31 8163.56 8356.73 8653.09 9028.76 9368.14 9563.75 9519.03
8935.34 8941.26 8938.59 8945.53 8961.57 8981.91 8997.77 9022.67 9039.01 9057.98 9070.5 9075.89 9073.16 9070.9 9082.09 9096.68 9108.65 9134.03 9157.85 9180.99 9207.99 9248.05 9344.1 9448.69 9495.24 9430.1 9096.25 8651.53 8319.58 8085.58 7943.01 7851.74 7746.64 7648.86 7602.02 7582.07 7573.43 7557.46 7532.32 7505.83 7496.64 7486.29 7495.89 7570.17 7606.06 7502.7 7465.25 7359.21 7230.25 7118.22 7090.03 7104.37 7111.97 7123.81 7249.07 7409.87 7566.13 7678.56 7834.31 8023.45 8234.81 8429.58 8767.7 9065.25 9353.71 9558.12 9483.3
8926.18 8941.32 8933.65 8945.07 8960.48 8986.67 9013.99 9026.49 9043.82 9063.52 9085.65 9095.62 9080.76 9056.18 9045 9082.29 9122.05 9128.84 9140.17 9158.79 9180.02 9209.87 9322.01 9506.88 9522.35 9349.51 8984.51 8555.98 8291.07 8074.32 7951.05 7864.93 7780.4 7708.03 7655.75 7625.76 7592.3 7570.4 7556.6 7525.85 7508.97 7507.55 7512.14 7559.02 7540.34 7408.95 7266.42 7222.12 7153.74 7074.55 7074.69 7094.55 7125.75 7207.91 7321.38 7461.88 7617.11 7750.66 7918.11 8114.79 8346.63 8508.59 8797.08 9091.02 9311.64 9432.42 9413.61
8938.62 8938.98 8933.87 8942.45 8957.96 8986.47 9005.05 9023.36 9044.65 9063.47 9082.07 9091.21 9090.91 9080.42 9055.49 9068.19 9084.56 9112.62 9130.23 9147.71 9168.84 9196.69 9276.62 9396.81 9495.35 9319.64 8905.43 8516.99 8287.92 8084.58 7974.22 7891.84 7815.67 7749.97 7708.11 7678.92 7637.65 7590.84 7563.77 7539.32 7517.54 7503.86 7484.37 7425.75 7360.43 7311.5 7212.62 7176.67 7135.24 7086.77 7101.51 7128.74 7212.2 7325.66 7418.44 7544.69 7703.18 7840.34 8001.77 8172.37 8408.86 8568.25 8887.04 9120.18 9284.58 9355.03 9359.32
8960.09 8946.9 8935.2 8939.3 8999.87 8977.04 8969.79 9015.04 9041.92 9057.87 9071.82 9077.84 9097.9 9107.19 9081.72 9069.32 9073.63 9101.86 9137.21 9167.52 9188.92 9227.69 9282.75 9347.37 9456.59 9336.14 8936.73 8550.18 8319.27 8129.89 7977.25 7918.38 7861.03 7801.6 7755.09 7716.11 7669.82 7615.23 7578.1 7552.13 7527.43 7499.4 7483.05 7451.03 7371.09 7320.32 7280.87 7223.63 7172.63 7141.98 7152.3 7187.35 7295.77 7388.3 7463.22 7589.94 7755.11 7935.26 8105.99 8281.24 8478.51 8689.25 8977.31 9184.79 9298.76 9353.08 9340.38
8934.8 8940.33 8939.61 8942.85 8971.33 8971.04 8971.89 9004.52 9029.68 9049.05 9071.07 9099.03 9099.21 9084.89 9082.11 9073.8 9075.56 9108.64 9140.02 9172.21 9209.18 9247.78 9278.01 9323.01 9394.67 9256.48 8919.2 8594.02 8378.19 8164.62 8015.02 7960.29 7905.77 7845.56 7791.08 7742.32 7700.06 7644.46 7607.17 7580.36 7551.34 7510.05 7481.85 7449.68 7403.35 7363.43 7325 7283.99 7235.14 7209.48 7233.07 7278.27 7353.25 7426.78 7514.11 7639.89 7838.36 8060.67 8219.48 8391.01 8706.66 9016.61 9232.74 9312.16 9340.76 9351.53 9323.83
8935.57 8926.06 8933.34 8939.06 8950.6 8961.62 8974.11 8980.04 9006.1 9032.84 9057.24 9079.77 9093 9079.1 9061.6 9064.88 9097.83 9117.97 9140.18 9171.74 9210.87 9265.38 9328.47 9301.66 9350.78 9178.2 8925.48 8620.7 8432.99 8311.61 8089.65 8021.98 7958.88 7887.29 7820.64 7771.43 7737.56 7684.56 7642.19 7610.79 7577.85 7535.51 7496.94 7463.68 7425.05 7407.95 7380.28 7341.58 7326.18 7326.62 7357.2 7400.11 7461.95 7516.93 7586.63 7755.28 8011.23 8224.77 8335 8526 8906.24 9334.52 9441.65 9377.81 9361.57 9347.32 9316.97
8922.51 8941.04 8951.8 8929.74 8924.46 8956.94 8972.2 8976.42 8996.78 9019.7 9039.91 9052.1 9078.07 9087.63 9087.95 9132.32 9121.45 9114.74 9133.03 9167.01 9203.7 9247.9 9279.28 9266.8 9356.9 9253.19 8999.7 8671.1 8481.06 8321.63 8167.69 8083.23 8008.26 7927.03 7854.73 7814.47 7784.83 7737.58 7690.03 7636.74 7606.97 7556.58 7513.18 7482.77 7465.93 7462.65 7442.29 7441.77 7455.63 7470.55 7504.76 7546.22 7594.09 7645.77 7710.29 7954.68 8205.26 8359.42 8464.82 8724.47 9134.23 9392.31 9450.71 9390.3 9362.44 9335.92 9310.27
8924.85 8951.94 8964.2 8969.43 8953.33 8968.44 8967.27 8972.19 8991.04 9010.22 9028.35 9047.46 9063.8 9081.95 9118.47 9142.93 9119.06 9095.69 9116.97 9151.21 9183.59 9211.65 9222.06 9227.9 9290.52 9248.11 9033.93 8778.12 8551.98 8398.15 8234.8 8145 8012.52 7972.99 7927.42 7875.96 7844.33 7795.9 7744.61 7699.23 7657.03 7611.59 7575.18 7547.52 7554.88 7562.84 7570.11 7589.28 7612.4 7622.36 7634.92 7652.84 7724.37 7787.34 7897.74 8194.77 8447.75 8527.4 8588.75 8773.43 9189.18 9390.58 9442.84 9382.64 9353.38 9324.7 9296.29
8943.1 8983.92 8963.71 8947.94 8930.07 8932.66 8966.25 8984.1 8992.14 9004.87 9019.01 9032.13 9038.12 9064.92 9129.23 9148.02 9115.09 9076.13 9111.07 9141.18 9171.34 9195.37 9200.97 9234.67 9293.18 9284.37 9124.55 8832.03 8639.7 8504.39 8345.25 8257.19 8108.95 8062.68 8032.49 8003.9 7888 7836.87 7791.85 7750.18 7713.73 7694.29 7674.68 7660.86 7675.92 7656.64 7653.9 7693.45 7703.96 7718.96 7737.2 7791.28 7884.69 7998.62 8105.99 8382.15 8599.09 8661.63 8683.22 8863.59 9210.22 9387.41 9432.46 9387.98 9347.13 9317.85 9292.82
8986.68 9009.55 8969.89 8934.58 8933.49 8950.87 8961.43 8973.95 8987.61 9000.77 9011.26 9019.2 9039.46 9058.59 9080.76 9121.86 9117.71 9112.05 9116.53 9136.1 9165.39 9203.75 9256.94 9299.49 9317.61 9338.19 9228.11 8957.98 8782.82 8711.39 8551.25 8446.2 8265.57 8199.02 8140.22 8097.86 8009.72 7917.33 7846.71 7791.17 7765.84 7728.36 7700.06 7710.19 7708.14 7708.18 7717.56 7750.53 7759.81 7796.07 7839.59 7918.65 8062.1 8201.25 8326.49 8460.19 8734.02 8793.25 8849.99 9092.14 9323.52 9400.56 9420.92 9370.67 9328.11 9305.26 9288.96
8957.85 8965.85 8977.21 8968.61 8949.68 8958.37 8955.78 8962.46 8976.7 8987.52 9000.51 9012.12 9036 9065.05 9070.32 9098.92 9103.44 9099.09 9105.14 9125.71 9159.41 9205.02 9270.51 9332.71 9393.01 9336.89 9240.16 9082.39 8991.2 8998.9 8870.69 8738.98 8499.23 8382.6 8306.08 8201.08 8141.98 8039.96 7965.44 7889.44 7877.19 7865.35 7821.89 7784.9 7785.27 7785.72 7796.69 7814.84 7844.9 7886.61 7944.09 8075.31 8263.49 8425.85 8532.06 8663.41 8829.4 8923.2 9005.36 9142.54 9308.42 9386.14 9406.01 9341.58 9298.44 9276.87 9259.74
8933.48 8960.7 8967.94 8970.45 8950.46 8956.97 8963.9 8965.45 8969.82 8979.7 8991.45 9019.11 9036.97 9073.1 9105.14 9083.98 9080.82 9069.15 9088.28 9113.26 9148.52 9187.48 9226.02 9281.74 9370.29 9340.73 9326.09 9264.46 9315.45 9328.32 9271.72 9013.37 8740.37 8583.64 8482.63 8420.69 8339.88 8252.08 8160.27 8083.95 8058.74 8046.93 8018.51 7946.33 7936.17 7900.99 7912.41 7916.79 7955.87 8013.72 8088.03 8280.04 8505.44 8692.49 8807.55 8915.28 9044.89 9085.94 9092.17 9202.4 9300.93 9349.59 9349.45 9304.33 9267.18 9246.88 9236.17
8924.21 8945.83 8959.26 8973.71 8954.29 8952.85 8950.74 8954.43 8959.01 8965.81 8978.06 8987.68 9050.57 9069.77 9076.27 9064.65 9061.61 9057.18 9075.97 9105.61 9137.4 9170.63 9196.9 9221.23 9236.09 9274.27 9290.95 9327.59 9416.83 9427.56 9300.04 9054.32 8869.74 8809.8 8779 8743.4 8567.27 8469.39 8391.38 8332.53 8303.38 8288.17 8257.8 8170.64 8115.3 8069.89 8078.89 8083.28 8126.32 8213.22 8354.53 8542.08 8760.84 8978.78 9031.12 9149.67 9263.09 9296.56 9375.19 9441.77 9384.09 9329.59 9282.42 9255.54 9235.28 9214.25 9225.49
