real_craters/C180-500m.grd
DSAA
304 304
-75.74 75.74
-75.74 75.74
3785.6653999413 6746.5344258219
[rows 240 to 269 of 304, columns 134 to 200 of 304]
5602.68 5603.84 5601.45 5596.23 5589.35 5576.3 5586.33 5592.82 5595.95 5595.96 5597 5604.25 5615.83 5625.23 5628.91 5619.26 5608.56 5604.71 5590.24 5580.28 5574.86 5569.8 5564.13 5559.41 5555.34 5553 5555.44 5562.15 5565.24 5562.75 5560.05 5557.23 5553.75 5548.41 5538.15 5529.01 5520.87 5512.06 5503.01 5495.44 5491.09 5489.1 5487.17 5484.6 5488.76 5489.05 5485.93 5479.41 5482.28 5480.71 5477.19 5474.18 5473.2 5478.63 5489.75 5502.45 5512.34 5522.75 5529.85 5537.17 5544.59 5552.96 5558.84 5570.38 5579.37 5567.11 5579
5602.18 5605.59 5606.25 5606.92 5612.96 5623.52 5608.5 5606.45 5606.06 5601.86 5594.98 5604.83 5620.45 5633.14 5644.82 5660.45 5653.2 5617.53 5585.15 5576.06 5572.93 5569.85 5561.69 5558.72 5560.29 5561.75 5564.84 5569.44 5571.28 5568.12 5564.7 5560.62 5554.58 5546.19 5533.97 5524.53 5518.65 5511.34 5503.1 5496.6 5492.13 5488.19 5486.53 5481.95 5488.16 5497.42 5493.7 5482.85 5485.32 5481.7 5479.3 5477.33 5475.65 5482.22 5496.64 5510.83 5523.91 5535.53 5543.82 5548.82 5558.11 5569.56 5575.34 5577.95 5577.91 5588.78 5589.89
5610.4 5610.3 5609.92 5611.72 5617.72 5623.17 5619.21 5618.58 5620.76 5621.67 5613.03 5620.71 5629.84 5638.59 5649.37 5655.23 5661.13 5621.93 5581.97 5574.69 5572.05 5569.52 5564.68 5564.25 5567.6 5572.18 5576.39 5574.74 5570.11 5571.49 5568.68 5563.73 5557.26 5548.89 5539.27 5530.23 5519.98 5508.71 5500.36 5497.65 5496.07 5496.65 5493.59 5492.95 5490.5 5496.33 5495.03 5497.08 5492.16 5484.22 5481.85 5482.52 5487.33 5500.05 5509.04 5525.06 5541.88 5557.64 5567.59 5577.03 5591.11 5600.6 5607.51 5618.58 5638.83 5641.53 5640.98
5618.73 5614.89 5611.96 5610.78 5610.78 5613.44 5619.04 5624.4 5633.83 5648.26 5665.28 5648.58 5638.18 5635.73 5637.76 5640.09 5644.68 5618.16 5588.44 5581.01 5572.83 5570.24 5571.67 5573.61 5575.5 5577.39 5578.16 5579.87 5581.35 5578.22 5573.16 5567.19 5560.79 5553.64 5546.61 5538.65 5524.54 5512.17 5503.64 5500.39 5498.51 5496.57 5498.36 5498.4 5485.99 5471.71 5480.68 5485.97 5488.11 5483.92 5485.04 5486.93 5492.25 5503.27 5520.33 5542.56 5565.97 5588.52 5604.37 5612.69 5643.88 5679.04 5704.74 5705.37 5740.97 5734.37 5718.9
5622.8 5615.3 5610.08 5607.55 5606.59 5609.74 5616.4 5625.47 5637.73 5654.63 5669.25 5652.59 5636.7 5626.44 5620.48 5616.71 5630.9 5642.97 5619.7 5595.57 5579.54 5578.63 5584.24 5585.43 5583.26 5581.03 5580.69 5581.98 5585.03 5582.21 5576.09 5570.2 5564.39 5557.98 5550.38 5539.62 5528.96 5518.11 5510.78 5503.72 5500.61 5498.18 5499.01 5497.03 5484.7 5475.04 5476.1 5479.96 5484.74 5484.53 5486.53 5489.88 5496.36 5506.62 5531.84 5560.45 5591.19 5624.47 5656.76 5687.18 5718.39 5757.98 5791.8 5799.87 5837.53 5839.29 5816.62
5616.37 5610.34 5605.97 5603.31 5602.69 5605.08 5611.25 5619.59 5629.76 5640.39 5646.93 5637.37 5624.69 5612.08 5601.76 5598.86 5623.8 5655.45 5638.92 5607.71 5584.56 5589.24 5606.47 5598.15 5589.75 5582.77 5576.95 5578.78 5582.86 5581.04 5576.13 5572.28 5568.26 5563.11 5555.92 5546.89 5535.34 5522.02 5508.94 5506.19 5505.43 5503.14 5502.31 5494.66 5483.7 5475.83 5476.64 5481.94 5489.22 5487.92 5489.91 5494.54 5503.28 5521.07 5545.23 5575.52 5613.54 5657.75 5706.13 5751.55 5782.1 5810.52 5844.03 5833.56 5875.11 5910.26 5902.9
5602.83 5604.05 5602 5598.4 5597.88 5600.08 5605.1 5611.39 5617.19 5619.69 5618.75 5616.97 5608.76 5598.16 5590.83 5597.99 5617.78 5636.89 5632.76 5610.89 5591.27 5597.08 5607.47 5601.96 5592.53 5583.72 5576.45 5574.94 5574.08 5572.37 5574.44 5574.78 5573.54 5570.14 5564.63 5556.68 5544.65 5530.24 5514.7 5512.65 5513.52 5517.46 5512.83 5500.12 5482.81 5474.36 5478.12 5485.17 5492.46 5493.38 5495.23 5500.06 5508.61 5525.13 5555 5589.73 5631.43 5680.43 5738.8 5795.44 5831.05 5848.77 5833.55 5837.75 5864.42 5879.49 5899.87
5604.37 5604.06 5600.38 5594.75 5586.82 5592.67 5598.4 5602.83 5605.56 5605.19 5603.08 5599.89 5593.23 5585.65 5581.02 5586.87 5607 5620.92 5619.9 5607.62 5599.22 5598.55 5602.14 5598.67 5591.86 5584.63 5577.62 5575.07 5573.24 5572.19 5577.14 5579.86 5580.74 5579.11 5575.46 5568.23 5560.25 5545.29 5532.46 5524.97 5520.78 5516.45 5512.37 5502.9 5485.6 5477.79 5481.27 5488.12 5496.16 5498.91 5500.74 5506.55 5515.63 5530.84 5565.81 5602.68 5646.06 5692.68 5748.21 5821.29 5884.1 5929.65 5936.41 5949.21 5965 5936.09 5961.81
5612.76 5606.25 5601.16 5596.98 5593.59 5592.7 5593.85 5594.73 5595.12 5592.67 5590.85 5587.41 5581.87 5575.64 5571.4 5580.85 5591.28 5605.09 5608.03 5596.99 5589.49 5590.96 5593.84 5592.87 5589.98 5586.28 5583 5581.75 5581.33 5581.42 5585.43 5587.9 5588.54 5587.91 5586.71 5586.26 5574.54 5559.44 5547.52 5536.84 5527.71 5520.08 5516.62 5506.69 5492.06 5485.58 5486.58 5490.59 5496.68 5502.66 5507.28 5515.07 5527.6 5550.87 5585.19 5617.19 5652 5693.98 5739.94 5829.94 5960.4 6070.57 6154.15 6193.73 6187.51 6155.37 6182.93
5603.02 5603.47 5602.12 5601.55 5598.97 5594.34 5590.97 5588.43 5586.27 5586.63 5582.76 5579.09 5574.68 5570.18 5565.94 5573.99 5590.06 5600.89 5597.98 5581.77 5572.2 5578.94 5585.16 5587.66 5588.28 5587.83 5587.82 5588.74 5590.73 5595.9 5595.62 5596.41 5597.18 5596.74 5594.52 5587.22 5578.26 5569.47 5558.04 5546.04 5534.83 5523.77 5511.87 5507.68 5505.71 5495.83 5491.83 5493.77 5500.13 5507.43 5513.37 5523.88 5540.86 5567.56 5603.63 5632.92 5671.98 5716.37 5768.85 5887.51 6066.87 6238.62 6379.85 6464.63 6452.42 6420.14 6448.89
5604.52 5603.99 5600.89 5600.63 5600.96 5592.35 5586.95 5582.56 5578.99 5572.82 5574.18 5572.75 5570.8 5568.31 5566.36 5570.4 5576.62 5586.16 5585.28 5570.33 5561.91 5569.6 5578.4 5584.55 5587.87 5589.52 5589 5585.19 5596.47 5600.54 5603.22 5604.5 5605.08 5605.24 5603.89 5599.52 5591.85 5580.38 5566.55 5553.08 5541.58 5532.59 5523.2 5511.82 5499.05 5496.37 5495.35 5496.98 5502.65 5510.75 5520.11 5534.44 5553.9 5581.66 5617.76 5649.96 5698.33 5757.35 5836.11 5980.45 6182.67 6400.34 6598.09 6711.01 6664.35 6665.47 6622.74
5605.48 5603.8 5597.29 5589.5 5585.96 5586.17 5582.54 5578.38 5574.36 5571.87 5570.96 5570.99 5570.07 5569.33 5567.33 5570.46 5574.62 5579.05 5581.74 5570.35 5564.48 5575.21 5579.66 5584.21 5588.89 5593.08 5596.52 5603.02 5604.98 5609.09 5610.72 5612.67 5613.54 5613.93 5613.9 5613.24 5608.74 5591.04 5571.99 5555.28 5546.83 5540.03 5530.59 5515.2 5501.87 5498.89 5499.12 5500.75 5505.11 5514.5 5527.48 5544.97 5565.9 5590.86 5623.18 5670 5727.61 5805.37 5903.01 6058.78 6259.43 6496.4 6733.42 6746.53 6662.37 6620.44 6549.24
5601.66 5600.6 5596.54 5589.11 5584.71 5583.52 5580.26 5576.03 5571.75 5567.67 5569.37 5571.56 5573.45 5574.48 5573.3 5577.27 5588.65 5600.28 5596.22 5577.19 5569.03 5571.22 5579.19 5585.61 5592.25 5598.6 5604.76 5610.73 5614.56 5617.73 5620.08 5619.62 5620.39 5620.82 5621.38 5620.9 5615.59 5597.29 5576.73 5559.15 5551.71 5545.81 5539.23 5521.93 5509.32 5505.85 5505.73 5507.17 5510.01 5519.11 5537.62 5557.15 5579.72 5606.64 5644.3 5684.72 5742.49 5828.06 5976.03 6083.37 6249.64 6456.95 6642.42 6586.49 6477.46 6380.94 6337.76
5602.67 5604.11 5602.09 5594.36 5590.12 5586.11 5581.21 5576.18 5572.01 5570.8 5570.32 5572.88 5577.05 5582.26 5583.79 5581.02 5583.92 5598.43 5600.7 5577.47 5571.06 5575.1 5579.97 5587.65 5596.25 5605.04 5613.24 5621.19 5623.84 5624.07 5622.32 5625.52 5625.39 5625.04 5623.74 5621.57 5615.02 5599.46 5582.8 5568.24 5556.4 5547.64 5537.51 5526.03 5518.74 5515.13 5515.47 5518.57 5525.13 5537.4 5553.8 5572.3 5594.93 5623.52 5660.95 5692.8 5732.73 5785.18 5860.22 6003.36 6150.77 6299.87 6377.52 6325.7 6255.67 6206.61 6190.27
5606.53 5612.44 5611.07 5611.88 5599.86 5589.82 5582.91 5577.09 5571.21 5567.95 5569.88 5572.57 5577.2 5583.15 5579.73 5577.06 5576.49 5571.11 5565.74 5565.78 5567.88 5575.23 5580.37 5589.59 5600.72 5611.33 5620.21 5626.56 5630.27 5633.65 5638.47 5631.7 5629.22 5627.37 5624.82 5620.7 5610.91 5600.96 5586.88 5572.4 5559.22 5548.32 5538.03 5531.02 5526.48 5524.19 5526.21 5532.28 5543.27 5559.05 5570.2 5586.7 5608.77 5635.6 5669.91 5692.6 5713.68 5740.99 5796.73 5901.8 6010.92 6099.04 6117.65 6090.59 6048.86 6022.74 5992.18
5605.38 5612.13 5609.85 5608.23 5598.39 5589.7 5584.87 5580.86 5575.59 5570.71 5568.99 5568.49 5570.76 5574.59 5569.13 5567.47 5564.73 5548.55 5545.97 5551.47 5555.71 5563.81 5576.49 5590.15 5604.66 5618.1 5629.23 5633.88 5640.24 5643.59 5638.37 5635.51 5630.9 5627.7 5624.9 5621.31 5616.72 5605.13 5590.4 5574.79 5560.44 5547.96 5542.88 5536.99 5531.18 5532.11 5537.21 5544.82 5555.3 5566.92 5584.18 5599.94 5619.26 5642.56 5668.69 5685.73 5697.79 5708.27 5741.3 5814.26 5878.77 5912.44 5890.02 5909.89 5960.24 5926.51 5873.15
5599.04 5608.43 5598.26 5586.35 5586.56 5585.19 5584.46 5583.93 5580.83 5574.78 5566.28 5559.23 5555.8 5557.67 5554.94 5551.74 5547.95 5531.02 5538.6 5543.06 5545.2 5554.67 5572.87 5591.49 5609.4 5626.12 5642.66 5657.88 5663.71 5656.15 5649.87 5637.16 5628.91 5625.43 5623.2 5620.55 5614.76 5605.73 5593.37 5579.17 5563.53 5550.14 5548.3 5541.93 5535.22 5541.06 5549.5 5559.11 5570.1 5584.15 5598.92 5613.8 5629.05 5646.83 5663.34 5677.9 5688.87 5699.91 5720.89 5754.79 5783.81 5788.46 5781.3 5851.73 5900.31 5840.54 5768.66
5585.3 5592.11 5583.18 5572.87 5574.72 5577.16 5580 5583.01 5585.92 5574.78 5560.13 5546.75 5532.95 5523.2 5516.29 5530.68 5544.39 5547.72 5538.87 5534.77 5542.87 5556.1 5574.72 5594.55 5615.19 5634.66 5653.9 5672.48 5677.77 5660 5638 5625.9 5622.99 5621.64 5619.99 5619.04 5616.13 5609.01 5595.84 5582.41 5566.99 5550.13 5550.33 5549.23 5546.31 5553 5562.25 5572.73 5583.94 5599.58 5610.96 5623.14 5635.92 5649.71 5663.52 5675.42 5681.93 5690.8 5701.99 5714.71 5726.27 5729.39 5731.24 5748.43 5747.98 5729.06 5672.14
5566.45 5569.65 5565.96 5562.9 5563.46 5566.19 5569.62 5573.83 5577.33 5566.75 5551.1 5533.27 5510.93 5484.92 5482.09 5504.19 5533.28 5561.66 5545.87 5533.63 5539.33 5555.69 5576.61 5597.42 5618.91 5638.67 5658.13 5674.41 5679.57 5658.01 5628.53 5618.02 5619.54 5617.78 5615.37 5614.31 5615.42 5612.47 5594.38 5580.22 5567.41 5557 5552.85 5550.08 5557.37 5566.92 5576.25 5585.68 5595.31 5604.36 5615.72 5628.7 5640.14 5649.17 5657.16 5664.36 5671.65 5673.32 5680.12 5684.08 5687.2 5687.53 5681.52 5679.35 5683.69 5669.43 5661.67
5546.57 5543.73 5544.77 5549.8 5550.11 5551.02 5553.64 5557.75 5559.57 5552.19 5540.69 5526.79 5507.28 5482.56 5481.89 5501.52 5530.99 5559.98 5547.48 5540.62 5539.56 5558.95 5580.72 5601.51 5621.88 5640.77 5657.69 5668.94 5669.24 5658.04 5642.79 5633.41 5622.26 5615.41 5609.88 5606.05 5603.17 5600.05 5583.9 5573.89 5563.96 5558.88 5562.39 5562.12 5575.44 5584.14 5592.42 5599.27 5606.38 5615.37 5624.77 5633.71 5641.29 5648.43 5650.79 5651.62 5664.7 5674.65 5668.25 5661.66 5656.35 5648.13 5625.49 5625.85 5626.61 5623.7 5619.61
5532.63 5533.39 5534.77 5535.98 5535.4 5533.93 5533.34 5535.77 5539.59 5533.47 5528.69 5525.89 5523.23 5509.7 5508.96 5524.77 5544.65 5553.78 5547.2 5566.11 5571.16 5576.19 5590.06 5605.73 5624.61 5642.74 5658.2 5667.63 5667.4 5661.83 5649.86 5638.45 5623.69 5614.32 5605.75 5596.18 5582.17 5563.41 5570.21 5575.86 5576.51 5578.05 5592.25 5602.85 5604.26 5604.57 5607.42 5612.48 5618.31 5626.66 5633.96 5638.39 5642.62 5647.7 5652.68 5653.26 5662.01 5659.2 5650.24 5637.72 5624.02 5612.94 5596.44 5596.17 5616.49 5612.61 5597.13
5522.21 5526.92 5532.38 5528.12 5522.52 5516.94 5510.89 5505.87 5505.14 5509.71 5514.38 5521.46 5537.8 5552.33 5547.73 5565.64 5570.15 5576.02 5582.14 5592.9 5595.74 5587.54 5593.97 5608.45 5626.07 5643.66 5659.33 5672.26 5679.51 5672.05 5650.09 5630.59 5622.65 5615.41 5606.72 5595.4 5579.13 5562.24 5574.25 5591.45 5603.32 5610.26 5628.67 5635.11 5625.88 5621.53 5621.76 5622.53 5627.57 5633.89 5638.87 5640.22 5640.41 5643.54 5653.1 5672.74 5655.22 5641.65 5629.54 5614.44 5595.67 5575.46 5578.54 5577.38 5586.43 5597.59 5573.36
5511.06 5514.49 5519.62 5516.97 5508.27 5499.01 5488.61 5478.04 5477.07 5487.15 5496.22 5505.58 5516.79 5534.75 5553.66 5572.29 5581.65 5592.41 5598.76 5574.88 5569.63 5579.65 5591.71 5607.08 5625.1 5642.77 5660.46 5675.62 5685.1 5676.58 5652.73 5634.46 5626.49 5622.64 5617.1 5608.41 5597.17 5587.97 5598.84 5618.28 5634.14 5645.18 5654.08 5651.56 5639.56 5632.28 5628.44 5628.64 5631.58 5637.71 5643.25 5638.06 5633.89 5632.99 5632.95 5622.64 5622.85 5621.83 5612.27 5598.5 5580.68 5567.31 5569.11 5571.87 5572.85 5576.16 5562.83
5499.17 5501.36 5506.78 5503.58 5494.51 5483.94 5472.43 5461.8 5462.06 5471.36 5480.07 5487.69 5492.85 5498.41 5534.86 5562.02 5572.6 5577.63 5575.64 5551.44 5555.31 5570.03 5588.77 5607.41 5626.58 5642.93 5659.06 5672.75 5680.94 5674.13 5655.79 5638.81 5636.16 5637.2 5634.85 5629.98 5624.93 5626.01 5632.6 5647.67 5669.9 5671.53 5662.84 5655.63 5646.83 5638.95 5632.88 5629.58 5628.31 5630.12 5631.65 5625.25 5622.04 5618.95 5613.59 5603.74 5602.35 5603.46 5600.11 5590.75 5577.47 5567.51 5569.05 5571.98 5566.94 5560.36 5556.25
5487.77 5488.28 5495.59 5491.14 5482.36 5472.19 5462.02 5453.73 5455.29 5462.6 5470.28 5476.77 5481.06 5491.35 5526.39 5553.84 5553.55 5549.07 5540.56 5534 5543.68 5568.08 5591.17 5610.29 5629.87 5646.61 5661.52 5670.91 5672.92 5667.78 5665.72 5660.66 5660.04 5658.5 5657.06 5655.33 5654.43 5652.7 5656.64 5668.77 5675.32 5675.14 5667.74 5658.5 5648.51 5639.2 5632.07 5626.82 5622.45 5616.76 5606.43 5609.7 5609.96 5608.53 5606.26 5603.54 5600.27 5598.26 5595.37 5589.76 5583.37 5574.19 5572.87 5575.38 5563.47 5557.45 5557.64
5476.32 5472.04 5473.6 5475.8 5470.53 5463.43 5456.44 5452.01 5453.81 5459.43 5466.29 5472.38 5481.26 5494.97 5514.7 5531.07 5531.62 5524.77 5518.63 5529.63 5546.98 5573.15 5597.56 5617.17 5636 5652.73 5666.32 5675.77 5682.04 5687.87 5687.13 5687.66 5686.16 5683.07 5680.82 5681.06 5684.6 5690.26 5695.28 5691.24 5678.07 5673.23 5671.58 5662.64 5649.04 5638.64 5629.9 5621.49 5614.31 5608.13 5608.65 5601.72 5599.35 5601.46 5604.03 5606.7 5605.2 5601.2 5596.76 5590.97 5587.03 5580.43 5573.57 5569.42 5561.65 5558.34 5558.71
5465.52 5463.31 5461.76 5463.5 5461.76 5458.19 5453.75 5449.29 5455.97 5462.75 5469 5473.5 5476.47 5486.21 5501.57 5513.33 5516.9 5513.22 5526.65 5548.13 5570.02 5588.34 5606.4 5624.33 5640.9 5655.86 5670.34 5682.55 5692.65 5699.48 5705.98 5708.99 5710.97 5707.32 5703.22 5703.11 5708.87 5726.31 5742.5 5715.54 5696.79 5688.81 5686.63 5673.87 5651.61 5639.89 5628.12 5617.18 5606.74 5596.52 5583.8 5581.14 5588.94 5596.4 5603.29 5608.85 5619.2 5612.6 5600.95 5591.76 5583.9 5574.14 5569.69 5564.03 5560.44 5557.71 5557.46
5462.33 5465.69 5461.57 5457.68 5458.02 5457.04 5455.23 5456.44 5462.34 5470.56 5477.63 5483.34 5485.02 5488.42 5496.91 5508.64 5518.55 5526.54 5554.55 5574.81 5591.67 5606.08 5617.05 5629.68 5643.79 5656.6 5673.85 5688.22 5702.01 5712.01 5723.56 5732.31 5736.53 5724.74 5716.51 5714.23 5717.7 5725.21 5725.77 5722.55 5716.78 5718.19 5723.94 5692.18 5663.96 5644.63 5628.3 5614.85 5602.48 5590.17 5577.33 5575.42 5586.08 5596.62 5605.28 5612.31 5617.64 5616.05 5605.05 5592.29 5581.43 5584.53 5569.68 5560.02 5558.05 5557.57 5557.07
5458.91 5464.04 5460.48 5456.71 5459.04 5460.59 5460.53 5462.5 5471.66 5481.14 5489.44 5496.64 5501.31 5499.55 5503.73 5517.26 5533.13 5551.4 5584.11 5598.39 5619.03 5623.7 5628.74 5636.99 5647.74 5661.29 5675.57 5691.82 5710.67 5732.76 5737.64 5738.53 5736.75 5727.87 5717.45 5711.06 5709.7 5711.79 5714.49 5712.6 5715 5720.37 5719.67 5691.94 5669.87 5645.53 5626.34 5612.78 5601.29 5591.37 5584.52 5584.97 5590.8 5600.78 5610.89 5621.5 5633.08 5622.66 5610.87 5597.81 5591.59 5598.11 5569.32 5551.57 5556.69 5559.46 5560.14
5454.56 5455.84 5457.52 5460 5466.08 5468.73 5470.23 5474.47 5483.71 5493.94 5503.05 5506.06 5506.56 5511.17 5517.29 5532.41 5552.51 5577.3 5607.78 5630.98 5634.76 5634.57 5636.38 5643.23 5651.48 5662.32 5675.85 5690.81 5708.32 5728.06 5731.71 5730.73 5732.98 5719.13 5705.83 5697.06 5692.03 5689.08 5685.03 5679.05 5676.72 5679.71 5679.59 5666.64 5647.7 5631.96 5619.2 5609.26 5601.51 5595.38 5592.09 5593.46 5599.42 5607.86 5617.72 5629.01 5637.33 5630.9 5622.23 5610.89 5610.12 5618.83 5588.81 5565.99 5563.95 5567.77 5572.93
