real_craters/C180-750m.grd
DSAA
203 203
-75.74 75.74
-75.74 75.74
3790.2947694436 6761.2683620713
[rows 38 to 75 of 203, columns 84 to 167 of 203]
5500 5533 5541 5525 5493 5482 5487 5515 5508 5491 5498 5521 5534 5523 5522 5587 5608 5620 5625 5628 5636 5655 5676 5705 5742 5792 5846 5918 6004 5987 5979 5949 5903 5845 5829 5808 5799 5779 5752 5727 5716 5703 5692 5685 5676 5658 5644 5640 5639 5634 5616 5586 5564 5554 5553 5557 5565 5579 5599 5608 5609 5594 5548 5482 5444 5421 5403 5389 5385 5379 5375 5374 5378 5400 5415 5414 5404 5393 5387 5383 5376 5371 5365 5363
5563 5575 5566 5517 5482 5462 5457 5471 5471 5478 5486 5512 5526 5525 5542 5592 5606 5615 5612 5613 5617 5627 5651 5677 5709 5741 5808 5881 5947 5954 5933 5932 5908 5880 5851 5830 5820 5787 5760 5741 5730 5720 5710 5705 5702 5689 5657 5648 5647 5655 5668 5600 5562 5550 5552 5555 5561 5569 5576 5588 5612 5606 5551 5483 5437 5411 5390 5385 5384 5380 5379 5382 5393 5413 5444 5430 5400 5387 5379 5376 5371 5371 5367 5366
5519 5527 5536 5507 5467 5457 5448 5452 5458 5471 5474 5472 5492 5518 5542 5565 5575 5588 5590 5597 5602 5611 5634 5651 5660 5696 5766 5826 5857 5890 5893 5886 5899 5883 5850 5827 5786 5781 5770 5761 5743 5732 5720 5709 5699 5684 5651 5648 5647 5648 5647 5623 5570 5562 5554 5551 5553 5555 5560 5577 5615 5621 5559 5491 5425 5395 5389 5387 5383 5382 5383 5390 5416 5511 5505 5452 5409 5390 5381 5373 5367 5366 5367 5368
5474 5493 5509 5509 5495 5465 5451 5445 5450 5464 5467 5466 5480 5514 5498 5495 5521 5531 5559 5576 5591 5612 5624 5635 5644 5680 5743 5794 5831 5835 5839 5882 5893 5862 5822 5795 5787 5784 5776 5765 5756 5744 5732 5715 5697 5677 5660 5650 5643 5634 5635 5638 5576 5560 5550 5546 5542 5543 5550 5570 5611 5612 5550 5478 5407 5390 5387 5384 5384 5385 5389 5394 5410 5511 5500 5449 5410 5391 5382 5375 5370 5364 5366 5368
5463 5460 5482 5489 5486 5466 5448 5454 5450 5463 5469 5464 5469 5476 5468 5464 5493 5527 5541 5557 5571 5582 5598 5617 5665 5695 5729 5774 5795 5794 5771 5763 5808 5815 5787 5781 5792 5791 5784 5786 5766 5752 5738 5719 5696 5665 5667 5650 5636 5623 5627 5647 5589 5557 5548 5540 5533 5530 5535 5556 5611 5604 5523 5434 5390 5388 5386 5385 5389 5394 5400 5404 5416 5419 5426 5423 5405 5390 5381 5375 5374 5370 5364 5365
5478 5469 5475 5464 5459 5460 5452 5445 5448 5464 5472 5470 5469 5474 5477 5471 5480 5503 5529 5542 5551 5557 5565 5577 5595 5646 5698 5758 5785 5765 5741 5707 5732 5743 5759 5784 5812 5798 5791 5783 5776 5760 5740 5721 5705 5704 5668 5655 5639 5627 5623 5629 5603 5555 5538 5534 5524 5517 5515 5527 5596 5581 5488 5401 5390 5387 5383 5382 5391 5405 5417 5417 5402 5408 5407 5403 5398 5392 5385 5381 5377 5374 5370 5365
5508 5509 5501 5479 5470 5469 5462 5450 5457 5467 5467 5465 5463 5471 5404 5416 5448 5501 5527 5530 5527 5522 5528 5548 5574 5604 5648 5695 5724 5737 5752 5742 5708 5727 5757 5771 5782 5793 5798 5807 5798 5773 5750 5728 5712 5694 5678 5660 5642 5621 5603 5598 5602 5547 5540 5528 5514 5500 5491 5497 5520 5509 5449 5394 5390 5386 5384 5382 5398 5424 5449 5465 5447 5426 5403 5395 5392 5390 5385 5381 5377 5373 5369 5366
5548 5551 5551 5532 5506 5488 5476 5465 5462 5479 5463 5457 5460 5491 5389 5372 5453 5502 5519 5520 5517 5511 5513 5526 5543 5561 5592 5622 5658 5685 5705 5695 5640 5667 5722 5758 5770 5779 5791 5807 5799 5778 5758 5738 5716 5685 5665 5662 5647 5631 5602 5588 5575 5537 5530 5520 5502 5483 5465 5447 5442 5438 5417 5397 5393 5388 5385 5385 5405 5433 5470 5520 5531 5451 5402 5392 5390 5388 5386 5382 5377 5371 5368 5367
5610 5638 5619 5571 5541 5514 5492 5479 5480 5485 5459 5459 5465 5484 5533 5526 5513 5508 5511 5515 5515 5512 5512 5521 5532 5551 5563 5569 5602 5628 5637 5654 5619 5639 5670 5706 5734 5751 5768 5787 5791 5774 5755 5739 5721 5711 5694 5677 5652 5623 5595 5576 5557 5524 5520 5509 5492 5471 5447 5424 5403 5402 5396 5390 5394 5392 5390 5386 5406 5432 5462 5490 5488 5445 5402 5393 5393 5398 5390 5384 5377 5372 5370 5370
5664 5713 5682 5631 5578 5537 5507 5485 5481 5473 5459 5467 5480 5475 5490 5506 5530 5524 5516 5518 5514 5514 5514 5535 5542 5545 5552 5567 5582 5597 5599 5611 5675 5608 5603 5641 5679 5711 5738 5760 5769 5760 5750 5736 5731 5732 5726 5691 5658 5618 5600 5588 5587 5532 5515 5505 5486 5466 5440 5414 5396 5391 5390 5392 5397 5396 5388 5384 5401 5421 5438 5446 5443 5425 5401 5395 5396 5407 5393 5384 5377 5373 5371 5369
5696 5725 5699 5660 5603 5555 5516 5492 5477 5465 5460 5472 5487 5397 5327 5484 5539 5533 5525 5521 5519 5518 5525 5533 5543 5549 5554 5561 5574 5588 5598 5592 5635 5612 5580 5608 5638 5673 5702 5720 5725 5743 5731 5725 5725 5724 5720 5694 5670 5646 5610 5588 5573 5536 5504 5496 5482 5466 5445 5421 5400 5389 5391 5396 5396 5394 5391 5394 5402 5412 5417 5414 5414 5409 5402 5395 5393 5389 5386 5382 5378 5374 5372 5370
5748 5738 5695 5649 5609 5566 5527 5496 5471 5460 5456 5466 5475 5507 5531 5516 5536 5534 5522 5524 5526 5524 5514 5520 5538 5556 5569 5567 5570 5578 5587 5581 5633 5675 5612 5575 5611 5645 5675 5706 5729 5736 5724 5723 5721 5714 5700 5704 5686 5648 5608 5576 5548 5520 5490 5486 5488 5491 5478 5446 5408 5397 5394 5413 5390 5390 5393 5400 5404 5406 5406 5402 5402 5400 5394 5392 5390 5387 5384 5381 5377 5374 5373 5371
5750 5725 5692 5648 5611 5573 5536 5499 5473 5460 5453 5458 5468 5491 5523 5533 5538 5537 5535 5534 5536 5540 5543 5532 5541 5553 5562 5569 5564 5558 5551 5559 5631 5653 5637 5602 5606 5626 5652 5683 5720 5718 5708 5711 5718 5720 5715 5721 5715 5671 5598 5567 5538 5515 5487 5477 5505 5535 5548 5510 5459 5438 5401 5404 5390 5390 5397 5402 5403 5403 5402 5401 5398 5396 5394 5391 5389 5386 5384 5381 5378 5376 5372 5372
5757 5689 5655 5642 5612 5584 5549 5517 5486 5466 5456 5454 5465 5494 5513 5535 5545 5543 5536 5540 5546 5557 5572 5565 5555 5552 5548 5557 5553 5546 5535 5553 5596 5600 5607 5607 5600 5610 5628 5649 5668 5679 5686 5704 5723 5741 5757 5746 5762 5713 5628 5576 5537 5509 5485 5484 5530 5590 5656 5710 5656 5515 5407 5401 5398 5398 5399 5401 5401 5400 5400 5399 5397 5395 5393 5391 5389 5385 5382 5381 5380 5379 5375 5372
5735 5685 5635 5622 5608 5593 5580 5534 5503 5469 5455 5457 5470 5496 5525 5540 5551 5544 5539 5541 5551 5563 5574 5574 5564 5557 5554 5548 5547 5545 5555 5549 5560 5557 5579 5571 5587 5599 5608 5617 5619 5638 5669 5703 5734 5765 5793 5790 5753 5704 5640 5587 5545 5518 5504 5514 5560 5625 5711 5828 5712 5547 5434 5403 5411 5399 5399 5399 5397 5397 5397 5396 5396 5396 5395 5394 5391 5387 5383 5382 5381 5380 5377 5374
5726 5682 5641 5619 5605 5590 5566 5525 5509 5477 5462 5470 5484 5508 5530 5539 5537 5537 5536 5541 5554 5563 5568 5566 5557 5557 5558 5545 5545 5544 5539 5542 5536 5532 5533 5561 5575 5585 5598 5605 5600 5623 5666 5706 5741 5775 5809 5819 5762 5704 5646 5596 5556 5533 5542 5562 5584 5615 5656 5682 5629 5533 5444 5406 5411 5395 5398 5397 5396 5396 5395 5395 5396 5397 5398 5398 5394 5388 5384 5382 5380 5379 5377 5374
5721 5677 5644 5624 5601 5576 5554 5529 5521 5505 5489 5491 5506 5528 5541 5543 5531 5534 5544 5551 5557 5560 5558 5547 5544 5545 5550 5538 5545 5552 5561 5540 5519 5507 5514 5535 5556 5576 5596 5615 5634 5667 5686 5716 5746 5775 5795 5786 5760 5702 5647 5605 5573 5558 5578 5581 5578 5582 5575 5540 5532 5514 5473 5407 5394 5390 5392 5395 5395 5395 5394 5394 5396 5398 5400 5400 5396 5391 5387 5382 5380 5379 5377 5375
5701 5654 5643 5632 5595 5562 5542 5533 5531 5522 5511 5510 5529 5551 5569 5571 5558 5555 5563 5570 5562 5557 5555 5534 5533 5528 5519 5534 5545 5556 5557 5546 5527 5511 5501 5517 5546 5571 5597 5627 5655 5678 5701 5722 5744 5763 5779 5776 5735 5652 5629 5616 5600 5596 5615 5612 5574 5559 5536 5507 5512 5520 5510 5424 5389 5388 5384 5396 5397 5394 5393 5394 5397 5400 5402 5404 5400 5392 5385 5382 5381 5379 5379 5377
5678 5638 5631 5620 5584 5548 5534 5547 5554 5537 5527 5535 5571 5598 5605 5602 5591 5580 5577 5574 5561 5553 5547 5540 5534 5528 5527 5544 5539 5535 5542 5549 5520 5511 5513 5518 5534 5562 5593 5629 5667 5700 5710 5720 5737 5752 5765 5765 5732 5704 5658 5640 5631 5631 5628 5618 5578 5555 5534 5518 5514 5511 5507 5491 5432 5413 5418 5416 5402 5394 5393 5394 5398 5401 5403 5405 5399 5392 5385 5382 5383 5381 5378 5373
5660 5629 5620 5603 5571 5540 5525 5529 5554 5556 5539 5534 5592 5627 5634 5634 5621 5602 5583 5564 5554 5546 5539 5544 5538 5533 5540 5534 5532 5516 5520 5519 5512 5516 5503 5502 5524 5553 5584 5620 5658 5693 5695 5707 5724 5740 5751 5748 5743 5705 5682 5665 5657 5656 5639 5607 5584 5562 5546 5536 5528 5523 5520 5508 5494 5511 5498 5448 5413 5397 5396 5398 5400 5403 5404 5402 5398 5393 5386 5382 5377 5382 5381 5374
5652 5624 5604 5583 5564 5540 5540 5561 5558 5553 5555 5562 5585 5626 5657 5672 5648 5619 5591 5561 5555 5548 5529 5534 5524 5516 5521 5542 5544 5554 5533 5525 5509 5509 5492 5491 5512 5540 5572 5605 5632 5635 5670 5691 5707 5726 5745 5765 5739 5715 5695 5681 5672 5666 5643 5606 5580 5567 5558 5553 5552 5556 5552 5548 5546 5520 5502 5462 5424 5404 5401 5402 5404 5406 5407 5404 5399 5395 5387 5381 5380 5379 5380 5376
5640 5621 5593 5570 5578 5574 5562 5583 5589 5578 5609 5598 5611 5643 5675 5683 5669 5631 5608 5595 5578 5563 5558 5531 5515 5501 5507 5522 5540 5553 5554 5535 5506 5478 5481 5485 5503 5529 5559 5589 5618 5651 5665 5673 5693 5714 5737 5749 5757 5711 5704 5692 5681 5667 5641 5604 5578 5575 5570 5568 5570 5579 5594 5586 5555 5529 5505 5466 5429 5407 5405 5407 5408 5409 5411 5413 5414 5402 5389 5382 5381 5381 5384 5379
5624 5602 5578 5586 5617 5629 5597 5581 5588 5699 5692 5676 5666 5676 5701 5725 5696 5647 5628 5606 5585 5568 5557 5563 5553 5528 5534 5557 5566 5547 5568 5548 5505 5488 5487 5484 5496 5520 5546 5571 5592 5602 5623 5647 5676 5702 5725 5735 5731 5729 5706 5683 5668 5661 5645 5608 5590 5590 5599 5589 5584 5589 5620 5621 5569 5523 5495 5470 5438 5410 5418 5414 5411 5410 5411 5415 5424 5401 5389 5380 5380 5386 5403 5397
5615 5602 5602 5610 5655 5673 5600 5579 5585 5674 5691 5690 5676 5712 5723 5713 5691 5683 5647 5602 5582 5602 5608 5602 5598 5578 5582 5601 5587 5560 5562 5548 5515 5488 5475 5467 5483 5511 5534 5553 5568 5570 5590 5616 5646 5680 5716 5745 5738 5726 5702 5683 5668 5653 5644 5646 5621 5605 5606 5601 5596 5602 5618 5613 5570 5505 5498 5482 5463 5460 5434 5420 5413 5409 5407 5403 5393 5391 5386 5382 5379 5413 5269 5281
5623 5622 5625 5638 5674 5671 5585 5594 5625 5779 5875 5884 5820 5812 5775 5711 5682 5691 5665 5619 5595 5607 5628 5639 5645 5631 5626 5615 5590 5567 5555 5567 5552 5508 5496 5489 5498 5515 5529 5541 5549 5548 5563 5590 5620 5650 5689 5727 5764 5708 5704 5687 5674 5654 5638 5664 5648 5616 5609 5600 5592 5588 5592 5572 5553 5508 5507 5492 5474 5462 5426 5417 5413 5409 5404 5398 5391 5387 5384 5382 5380 5394 5312 5306
5642 5648 5658 5673 5672 5651 5608 5644 5794 6024 6196 6176 6102 5953 5873 5799 5758 5748 5707 5654 5629 5631 5655 5675 5673 5658 5667 5661 5656 5631 5648 5627 5598 5585 5537 5519 5523 5525 5531 5537 5543 5542 5550 5575 5598 5621 5644 5684 5728 5722 5696 5681 5670 5660 5652 5635 5646 5629 5613 5603 5587 5555 5557 5535 5527 5517 5507 5496 5468 5423 5410 5412 5409 5406 5400 5395 5391 5387 5383 5380 5380 5382 5396 5379
5660 5659 5665 5665 5656 5652 5639 5721 5921 6087 6167 6119 6065 6020 5975 5951 5922 5819 5739 5708 5682 5703 5724 5734 5734 5748 5723 5711 5720 5709 5703 5689 5640 5568 5513 5527 5536 5532 5530 5535 5540 5549 5566 5572 5581 5588 5590 5597 5631 5688 5685 5679 5680 5686 5696 5677 5649 5639 5635 5612 5583 5551 5521 5521 5511 5515 5529 5512 5476 5436 5421 5414 5410 5406 5401 5396 5393 5386 5382 5380 5382 5381 5380 5378
5677 5674 5668 5657 5652 5675 5680 5803 6005 6078 6067 6052 6045 6051 6046 6045 6022 5920 5828 5817 5794 5851 5810 5800 5807 5792 5767 5746 5726 5718 5706 5684 5637 5572 5526 5530 5540 5526 5522 5526 5530 5546 5559 5560 5559 5563 5567 5568 5561 5621 5646 5664 5676 5686 5695 5665 5619 5631 5627 5618 5600 5574 5508 5494 5506 5513 5517 5512 5493 5466 5438 5431 5428 5427 5417 5404 5390 5380 5381 5379 5379 5379 5379 5377
5690 5692 5687 5685 5705 5719 5723 5845 6025 6117 6150 6120 6108 6107 6107 6102 6078 6073 6054 5973 5905 5859 5854 5842 5835 5821 5795 5776 5767 5746 5713 5667 5624 5577 5540 5525 5521 5511 5509 5513 5519 5524 5534 5535 5539 5545 5551 5565 5563 5565 5596 5616 5634 5649 5661 5610 5593 5613 5612 5611 5620 5550 5488 5489 5472 5478 5499 5511 5506 5492 5459 5465 5469 5462 5442 5420 5396 5380 5381 5379 5379 5380 5380 5379
5680 5690 5705 5734 5753 5747 5751 5829 6008 6156 6219 6201 6166 6141 6135 6143 6178 6176 6193 6061 5969 5929 5881 5855 5836 5820 5807 5795 5783 5762 5703 5635 5613 5584 5544 5514 5489 5489 5496 5498 5501 5497 5477 5492 5518 5532 5536 5544 5553 5567 5571 5585 5599 5612 5614 5587 5588 5612 5605 5589 5568 5549 5475 5462 5437 5450 5475 5493 5512 5509 5493 5525 5527 5506 5475 5439 5407 5384 5384 5383 5382 5380 5379 5377
5678 5690 5706 5733 5811 5761 5809 5811 5973 6167 6243 6231 6182 6151 6139 6144 6158 6148 6109 6041 5951 5905 5879 5854 5831 5815 5811 5803 5793 5732 5674 5620 5603 5577 5547 5506 5478 5477 5485 5492 5492 5490 5497 5506 5510 5523 5539 5522 5507 5541 5537 5549 5566 5574 5573 5553 5564 5569 5576 5579 5576 5544 5514 5467 5438 5452 5470 5494 5532 5567 5586 5624 5601 5556 5504 5458 5420 5399 5388 5381 5378 5378 5377 5378
5689 5708 5717 5713 5824 5742 5774 5822 5954 6110 6190 6175 6167 6142 6118 6097 6090 6077 6067 6043 5971 5914 5878 5854 5834 5813 5813 5811 5754 5663 5643 5621 5595 5572 5526 5494 5483 5476 5484 5491 5491 5488 5491 5492 5498 5505 5502 5488 5459 5456 5486 5509 5526 5541 5550 5555 5551 5529 5547 5575 5587 5579 5579 5508 5488 5489 5495 5515 5573 5680 5808 5762 5670 5591 5526 5472 5427 5391 5384 5379 5377 5378 5376 5373
5727 5743 5758 5802 5796 5729 5755 5839 5973 6054 6122 6165 6144 6111 6078 6044 5999 6000 6070 6085 6075 5948 5904 5877 5849 5826 5812 5799 5739 5665 5653 5638 5637 5614 5576 5543 5501 5493 5504 5503 5497 5487 5472 5464 5476 5489 5494 5473 5441 5426 5455 5477 5493 5508 5528 5551 5540 5565 5585 5571 5558 5575 5576 5568 5573 5531 5531 5556 5603 5732 5929 5812 5685 5597 5531 5475 5427 5391 5383 5382 5378 5374 5374 5374
5806 5797 5786 5773 5764 5757 5824 5932 6070 6186 6175 6148 6089 6030 5997 5986 5999 6036 6073 6121 6194 5987 5946 5908 5870 5855 5834 5795 5785 5826 5725 5674 5688 5679 5662 5633 5599 5574 5546 5530 5512 5489 5461 5440 5458 5471 5470 5444 5430 5426 5442 5458 5472 5486 5496 5506 5532 5580 5600 5557 5512 5531 5585 5559 5532 5540 5557 5593 5629 5674 5696 5673 5621 5566 5517 5471 5428 5393 5385 5385 5378 5382 5373 5372
5854 5859 5833 5783 5793 5830 5979 6137 6187 6206 6198 6132 5996 5907 5860 5871 5965 6087 6067 6126 6143 6102 5981 5940 5914 5897 5920 5946 6060 6076 5843 5751 5759 5749 5742 5719 5668 5613 5592 5568 5539 5508 5473 5442 5457 5461 5449 5432 5432 5453 5450 5457 5460 5457 5459 5459 5496 5580 5564 5542 5502 5546 5562 5546 5530 5540 5560 5584 5583 5576 5537 5527 5532 5516 5490 5461 5431 5399 5383 5387 5381 5378 5371 5372
6015 5981 5945 5896 5958 5967 6126 6238 6171 6205 6079 5929 5800 5711 5666 5655 5668 5667 5700 5703 5720 5807 5843 5947 6022 6031 6100 6170 6268 6210 6019 5891 5825 5840 5837 5808 5753 5703 5650 5605 5566 5528 5498 5482 5463 5457 5452 5434 5428 5426 5465 5456 5446 5439 5434 5435 5455 5512 5533 5533 5491 5506 5533 5523 5534 5537 5546 5560 5555 5520 5469 5451 5467 5469 5462 5450 5438 5425 5397 5385 5383 5379 5374 5372
6158 6132 6134 6141 6284 6204 6103 6034 5907 5794 5703 5581 5543 5496 5435 5379 5328 5272 5274 5274 5303 5373 5517 5736 5904 6046 6133 6243 6290 6313 6268 6098 5981 5960 5939 5909 5844 5772 5710 5652 5598 5550 5510 5478 5450 5442 5438 5440 5411 5407 5446 5436 5428 5422 5417 5414 5422 5422 5424 5461 5528 5502 5500 5506 5524 5525 5528 5533 5544 5499 5448 5425 5438 5448 5448 5443 5441 5439 5414 5392 5386 5384 5376 5372
6265 6229 6256 6390 6243 6077 5871 5722 5617 5501 5413 5350 5331 5291 5233 5147 5042 4930 4903 4903 4930 4986 5119 5299 5472 5601 5679 5825 5929 6037 6110 6203 6171 6057 6013 6004 5921 5841 5760 5695 5636 5582 5526 5472 5444 5438 5428 5414 5388 5364 5382 5400 5408 5411 5411 5410 5418 5412 5415 5447 5474 5494 5496 5516 5507 5502 5502 5507 5513 5487 5453 5434 5436 5442 5444 5444 5439 5436 5440 5418 5392 5390 5378 5373
