real_craters/C180-500m.grd
DSAA
304 304
-75.74 75.74
-75.74 75.74
3785.6653999413 6746.5344258219
[rows 30 to 59 of 304, columns 134 to 200 of 304]
6201.49 6172.65 6148.25 6140.25 6131.88 6129.97 6140.65 6138.3 6147.86 6136.29 6153.59 6118.8 6030.01 5941.11 5876.27 5833.58 5807.61 5804.05 5804.46 5808.29 5798.06 5765.48 5722.07 5675.86 5632.07 5600.27 5568.19 5550.52 5541.04 5534 5529.62 5526.02 5522.79 5499.45 5470.57 5468.16 5467 5459.34 5481.53 5493.38 5489.03 5480.69 5473.76 5472.4 5448.48 5423.72 5434.43 5440.57 5438.75 5441.27 5448.35 5447.73 5449.24 5451.37 5453.21 5455.1 5449.92 5464.52 5501.69 5540.8 5588.47 5630.58 5672.99 5714.21 5758.56 5774.12 5771.22
6206.16 6175.04 6153.37 6145.34 6142.8 6141.83 6136.78 6111.24 6109.48 6113.5 6147.25 6114.39 6041.51 5959.05 5890.59 5840.41 5803.11 5792.59 5794.02 5803.1 5801.98 5776.4 5739.28 5694.45 5650.04 5610.98 5580.72 5563.27 5551.38 5541.35 5533.63 5525.6 5517.68 5504.6 5495.6 5484.8 5482.68 5490.39 5485.75 5489.39 5486.63 5478.71 5467.44 5453.35 5447.02 5447.87 5443.73 5443.81 5443.42 5447.78 5454.34 5456.04 5456.29 5456.63 5455.28 5450.72 5443.96 5472.65 5513.22 5550.1 5581.91 5609.92 5632.91 5646.78 5647.96 5613.67 5565.1
6219.23 6184.69 6163.8 6151.92 6151.66 6155.04 6156.45 6135.54 6105.29 6096.97 6092.25 6097.27 6076.74 5994.03 5922.57 5867.39 5823.4 5790.29 5785.44 5807.53 5810.69 5795.19 5760 5714.19 5664.53 5611.9 5588.07 5574.65 5562.49 5550.23 5537.96 5526.35 5511.89 5503.49 5493.37 5493.71 5496.47 5504.32 5502.05 5497.15 5490.68 5481.45 5468.6 5462.59 5459.82 5455.36 5449.37 5448.56 5452.31 5457.76 5460.99 5463.31 5464.25 5464.48 5463.57 5460.92 5470.64 5506.86 5533.85 5557.12 5569.54 5583.82 5591.06 5585.41 5570.49 5533.4 5482.83
6229.33 6187.32 6163.93 6155.28 6153.41 6157.06 6170.53 6178.14 6097.19 6076.69 6056.18 6056.78 6051.52 5998.43 5942.09 5885.92 5844.79 5811.76 5809.57 5834.68 5848.47 5825.55 5785.21 5736.82 5686.31 5637.78 5609.33 5591.24 5576.26 5561.72 5547.78 5532.62 5519.66 5510.02 5507.35 5504.83 5503.64 5503.56 5507.64 5505.67 5498.3 5488.48 5478.58 5470.98 5469.21 5469.04 5464.27 5464.38 5478 5467.93 5469.1 5472.8 5475.14 5477 5480.02 5488.57 5514.03 5540.71 5552 5561.97 5570.37 5567.35 5564.14 5545.56 5526.17 5497.15 5453.12
6230.54 6186.26 6163.93 6151.54 6142.01 6136.12 6133.35 6102.83 6044.68 6037.3 6015.32 5994.24 5990.07 5960.78 5918.99 5875.57 5857.46 5852.95 5855.24 5871.32 5881.39 5856.96 5809.79 5759.62 5710.97 5667.35 5636.06 5613.88 5594.38 5576.64 5559.08 5542 5525.96 5516.79 5509.84 5506.36 5511.9 5519.89 5521.81 5519.23 5511.52 5500.47 5488.07 5479.95 5477.62 5478.41 5475.42 5470.7 5468.24 5476.07 5480.24 5484.39 5486.68 5489.38 5494.71 5507.04 5533.29 5560.64 5560.14 5557.65 5554.74 5548.48 5532.04 5517.84 5496.79 5470.21 5438.22
6236.73 6190.7 6169.76 6149.35 6127.06 6102.16 6072.25 6022.08 5979.22 5996.67 5980.27 5944.84 5926.8 5913.64 5893.6 5873.2 5873.62 5887.55 5886.68 5893.69 5909.78 5875.47 5823.18 5775.68 5732.35 5692.89 5661.74 5638.16 5617.18 5596.97 5578.1 5558.23 5541.65 5529.87 5519.79 5517.97 5523.58 5534.51 5541.46 5534.34 5527.08 5517.24 5504.11 5491.7 5486.61 5485.86 5492.05 5494.85 5482.17 5494.39 5499.61 5498.77 5499.34 5501.36 5505.87 5513.49 5524.33 5551.08 5556.52 5551.55 5541.9 5527.39 5514.22 5495.46 5477.23 5454.96 5432.52
6250.37 6222.63 6183.62 6148.81 6113.53 6071.01 6017.7 5961.87 5935.01 5966.31 5959.29 5931.88 5914.42 5885.93 5859.92 5881.77 5886.33 5880.28 5885.76 5888.03 5881.72 5856.39 5821.88 5785.17 5749.86 5717.78 5691.93 5664.11 5641.37 5621.43 5602.21 5582.96 5565.9 5552.47 5540.12 5533.69 5539.38 5543.59 5547.33 5548.12 5545.13 5537.58 5527.94 5512.62 5508.56 5507.08 5508.16 5508.4 5504.27 5508.29 5512.09 5512.93 5513.72 5516.22 5518.29 5524.1 5534.85 5553.63 5552.52 5542.93 5530.33 5517.87 5503.3 5486.28 5468.52 5448.53 5433.22
6252.04 6227.05 6187.87 6146.83 6105.16 6057.99 5996.69 5947.89 5927.64 5943.27 5947.32 5931.28 5898.49 5876.06 5863.02 5898.96 5898.72 5890.04 5882.77 5872.64 5854.77 5832.62 5813.97 5790.12 5763.86 5737.35 5711.68 5688.58 5667.08 5646.79 5627.87 5611.76 5596.78 5580.84 5570.05 5564.41 5559.47 5560.92 5559.38 5563.04 5563.95 5560.32 5549.68 5529.96 5531.13 5529.63 5522.56 5516.31 5517.16 5522.48 5526.26 5527.12 5527.36 5527.55 5528.98 5531.9 5537.74 5552.78 5546.89 5535.83 5523.88 5509.55 5495.42 5480.3 5464.93 5448.85 5434.44
6229.39 6221.47 6177.52 6139.37 6104.12 6066.02 6019.84 5974.51 5934.52 5928.53 5922.92 5899.69 5878.92 5875.48 5876.97 5894.32 5903.05 5901.33 5878.23 5860.42 5841.45 5822.87 5810.57 5796.24 5779.05 5757.17 5725.36 5718.48 5699.23 5675.27 5652.67 5633.86 5622.35 5613.13 5601.95 5589.87 5580.35 5578.67 5577.25 5581.94 5588 5584.9 5557.54 5542.04 5549.88 5548.61 5539.87 5530.73 5536.58 5546.54 5541.35 5539.71 5537.63 5537.75 5537.97 5538.83 5538.28 5536.9 5533.37 5525.14 5514.1 5503.97 5492.03 5479.6 5466.32 5451.5 5439.16
6180.68 6164.43 6148.12 6122.02 6096.88 6079.65 6069.09 6017.65 5965.06 5940.02 5897.86 5849.86 5854.47 5876.22 5902.67 5908.1 5889.95 5876.09 5865.2 5849.65 5833.13 5818.97 5812.62 5806.8 5800.01 5793.59 5797.66 5768.01 5736.08 5706.52 5677.78 5654.74 5651.71 5654.59 5651.25 5634.97 5615.79 5597.18 5594.99 5602.21 5616.6 5623.83 5586.68 5561.74 5570.95 5568.73 5561.46 5555.28 5557.33 5551.63 5550.9 5549.63 5547.54 5545.4 5544.43 5544.45 5545.95 5537.42 5525.85 5518.98 5511.51 5503.52 5494.27 5484.22 5473.42 5462.28 5453.7
6144.85 6132.4 6117.3 6096.35 6075.28 6061.25 6052.87 6006.23 5954.2 5899.82 5869.77 5845.98 5841.32 5873.33 5896.21 5884.06 5865.58 5856.93 5849.21 5839.33 5827.82 5818.52 5818.62 5819.27 5820.66 5821.69 5818.65 5801.65 5774.05 5742.7 5709.61 5681.12 5690.84 5707.72 5720.72 5723.71 5694.18 5647.09 5616.89 5619.9 5644.41 5664.74 5613.18 5585.22 5586.31 5588.79 5588.71 5583.94 5577.78 5564.37 5563.22 5559.26 5555.65 5553.18 5549.43 5546.72 5544.07 5534.63 5520.8 5518.51 5515.69 5510.06 5502.81 5492.59 5483.76 5475.48 5469.42
6111.03 6105.26 6087.7 6064.89 6038.83 6008.62 5975.94 5938.32 5893.31 5865.96 5841.32 5812.98 5848.42 5874.76 5865.49 5823.47 5836.08 5840.86 5833.99 5828.04 5824.67 5827.27 5828.32 5831.36 5837.95 5844.8 5845 5838.73 5819.1 5788.93 5753.84 5729.31 5744.82 5768.2 5792.27 5810.18 5771.74 5699.33 5644.66 5639.79 5664.21 5682.28 5639 5609.03 5605.52 5606.68 5614.64 5621.16 5604.95 5590.67 5579.4 5572.08 5565.97 5559.85 5553.21 5547.55 5540.04 5528.64 5517.55 5523.39 5522.95 5519.25 5512.89 5505.18 5496 5488.12 5479.16
6086.93 6076.01 6055.45 6028.63 5995.83 5958.36 5912.85 5879.81 5860.94 5852 5823.7 5859.01 5896.38 5886.82 5859.92 5781.37 5808.24 5818.5 5813.39 5812.38 5816.8 5826.61 5832.63 5839.98 5854.79 5870.62 5886.89 5887.06 5870.71 5846.98 5814.33 5796.51 5808.44 5827.83 5848.83 5867.29 5802.32 5722.88 5680.5 5666.43 5676.51 5683.03 5649.64 5624.12 5613.16 5618.44 5623.85 5631.84 5621.83 5601.46 5592.06 5583.03 5574.66 5566.7 5558.98 5549.91 5537.66 5525.46 5534.18 5539.59 5538.33 5533.15 5525.71 5517.39 5509.69 5502.78 5493.49
6051.62 6041.41 6016.38 5988.7 5958.58 5923.51 5877.56 5828.6 5807.01 5797.46 5786.9 5843.28 5905.76 5880.67 5835.3 5743.33 5753.41 5778.42 5787.76 5793.82 5800.35 5810.87 5821 5840.12 5863.87 5889.58 5916.06 5929.75 5922.64 5912.22 5892.27 5873 5878.87 5882.01 5881.08 5874.86 5822.12 5748.6 5704.98 5683.71 5684.18 5687.16 5648.43 5639.86 5636.61 5632.07 5629 5629.01 5634.44 5614.39 5601.89 5593.01 5583.44 5574.36 5565.66 5555.89 5546.74 5542.01 5564.95 5561.7 5554.6 5546.59 5539.6 5532.24 5524.34 5516.54 5507.03
6017.59 6003.17 5974.99 5946.51 5918.67 5888.81 5837.02 5773.4 5751.02 5748.93 5747.59 5810.58 5868.78 5836.19 5788.3 5713.34 5726.36 5748.23 5763.48 5774.47 5781.9 5783.96 5803.97 5839.45 5870.51 5900.59 5930.26 5953.14 5966.89 5978.78 5989.08 5979.98 5951.01 5927.43 5899.39 5857.3 5798.91 5763.22 5726.18 5700.7 5688.52 5668.85 5647.47 5641.96 5646.1 5651.01 5645.96 5640.46 5634.08 5624.7 5611.21 5599.04 5590.68 5582.12 5573.55 5565.26 5561.67 5567.43 5590.41 5580.1 5568.47 5559.67 5551.75 5543.39 5535.85 5529.24 5524.63
6004.75 5955.3 5924.59 5896.25 5870.27 5846.87 5793.23 5728.51 5717.74 5713.59 5708.72 5751.38 5792.07 5765.2 5719.13 5694.28 5716.27 5728.08 5742.94 5760.28 5776.22 5792.92 5818.29 5850.44 5879.5 5907.69 5935.02 5960.44 6002.56 6038.71 6051.6 6041.19 6009.23 5966.14 5920.49 5868.18 5812.79 5776.85 5743.74 5722.69 5703.39 5689.48 5680.05 5669.18 5671.6 5682.3 5688.54 5672.28 5651.61 5634.63 5619.95 5607.32 5597.02 5587.37 5577.93 5574.2 5573.86 5580.42 5586.39 5584.46 5577.7 5568.89 5560.35 5551.86 5544.52 5538.71 5534.02
5906.68 5891.55 5867.93 5839.69 5808.88 5776.16 5734.94 5682.2 5672.04 5670.65 5663.8 5694 5718.78 5701.77 5676.73 5671.38 5681.8 5704.69 5725.23 5747.32 5772.91 5810.95 5852.42 5859.25 5882.72 5911.26 5941.99 5975.37 6033.13 6093.83 6144.59 6114.1 6054.33 5997.46 5943.98 5892.15 5842.24 5794.28 5750.81 5719.15 5715.15 5738.53 5736.27 5731.94 5718.25 5715.75 5716.95 5698.87 5661.45 5641.52 5629.16 5617.36 5604.27 5594.07 5586.82 5581.9 5580.09 5582.86 5581.54 5585.68 5583.73 5576.43 5568.11 5559.52 5550.69 5542.65 5535.66
5849.25 5839.88 5810.23 5779.14 5744.68 5708.32 5685.13 5671.81 5660.47 5638.22 5631.06 5651.25 5666.08 5654.48 5643.3 5655.02 5672.93 5684 5704.97 5730.2 5760.13 5795.1 5820.6 5851.1 5878.5 5910.52 5949.37 5996.49 6051.93 6115.4 6169.47 6137.1 6071.2 6009.47 5953.93 5906.62 5861.35 5803.09 5758.24 5714.98 5721.56 5732.07 5745.63 5744.48 5742.04 5736.76 5730.23 5718.25 5691.76 5658.7 5641.72 5627.28 5614.58 5603.35 5595.17 5587.89 5582.09 5579.79 5586.54 5592.93 5590.23 5584.53 5575.88 5565.69 5557.17 5547.53 5537.92
5783.2 5778.73 5752.74 5723.58 5691 5659.42 5642.55 5628.81 5620.85 5614.48 5611.92 5624.46 5637.49 5627.43 5623.24 5631.16 5643.75 5661.2 5683.77 5711.18 5739.92 5772.12 5808.7 5833.83 5865.71 5902.52 5946.94 5999.59 6050.4 6090.17 6112.54 6103.56 6057.66 6002.94 5948.58 5898.3 5844.31 5802.91 5771.64 5755.58 5746.15 5732.98 5744.79 5761.38 5753.41 5750.06 5744.44 5735.7 5713.14 5678.3 5656.33 5639.82 5626.1 5613.08 5600.85 5590.4 5581.46 5576.2 5582.17 5595.6 5594.21 5588.41 5579.63 5571.7 5563.02 5553.29 5542.78
5727.41 5715.44 5697.77 5674.36 5648.61 5626.49 5613.14 5600.62 5591.43 5590.74 5596.79 5604.4 5611.44 5619.01 5618.16 5616.65 5622.41 5643.06 5662.83 5689.4 5717.81 5746.34 5774.67 5809.03 5843.52 5882.48 5926.9 5977.88 6020.94 6056.28 6060.77 6063.23 6031.88 5985 5933.48 5883.63 5841.77 5805.88 5779.97 5757.11 5742.53 5741.3 5734.71 5731.47 5747.29 5755.94 5758.51 5745.36 5722.54 5690.77 5669.67 5650.47 5634.14 5619.03 5604.9 5591.97 5580.72 5573.18 5576.92 5596.27 5595.61 5589.82 5583.01 5575.93 5568.7 5560.81 5551.43
5687.75 5665.72 5649.63 5631.78 5614.28 5598.49 5588.32 5578.35 5571.98 5578.86 5586.59 5587.52 5591.55 5604.74 5608.68 5607.84 5602.97 5623.01 5643.12 5668.82 5696.11 5722.21 5753.36 5783.17 5818.03 5855.38 5894.45 5933.45 5980.83 6035.62 6071.82 6040.11 6004 5960.08 5912.97 5868.65 5844.12 5821.66 5788.06 5758.27 5743.71 5738.24 5721.22 5719.17 5741.68 5757.2 5761.34 5749.22 5728.1 5705.9 5680.07 5659.83 5642.34 5626.06 5610.47 5595.99 5582.74 5573.43 5578.83 5597.22 5593.53 5588.25 5584.6 5581.26 5576.56 5573.45 5567.65
5646.61 5626.62 5610.73 5594.7 5579.48 5570.18 5562.39 5555.72 5554.02 5559.47 5569.62 5570.89 5572.97 5581.38 5588.15 5589.83 5587.5 5608.7 5631.88 5656.47 5679.97 5700.1 5723.13 5753.43 5788.91 5824.85 5860.72 5893.87 5934.23 5990.67 6016.56 6004.7 5975.98 5938.41 5895.33 5852.97 5846.91 5834.74 5797.2 5759.6 5735.57 5717.23 5721.89 5732.98 5753.35 5763.69 5768.47 5768.79 5742.16 5707.81 5688.74 5670.78 5652.77 5635.98 5618.77 5603.25 5588.31 5575.4 5566.85 5578.77 5581.88 5582.68 5583.22 5582.03 5581.33 5581.19 5583.77
5628.22 5605.69 5582.58 5564.1 5546.18 5540.51 5545.12 5540.13 5537.41 5536.76 5548.93 5554.06 5556.52 5556.56 5568.03 5577.35 5579.12 5604.3 5627.44 5648.77 5666.77 5682.89 5700.92 5727.65 5761.37 5795.58 5829.31 5865.76 5911.42 5948 5969.07 5965.44 5947.66 5920.68 5888 5856.04 5846.96 5833.12 5805.43 5774.54 5743.74 5731.9 5738.83 5757.79 5780.76 5796.18 5791.43 5774.41 5749.85 5719.52 5698.93 5680.68 5663.5 5646.51 5630.24 5614.94 5598.61 5582.22 5567.65 5561.34 5572.45 5581.63 5585.73 5587.62 5591.21 5592.94 5596.56
5608.54 5579.69 5561.81 5544.15 5525.5 5521.68 5524.6 5527.28 5527.42 5527.58 5532.49 5538.11 5543.94 5548 5554.15 5566.64 5591 5614.28 5628.82 5643.2 5656.25 5669.69 5684.96 5707.87 5734.76 5764.34 5796.38 5827.45 5862.94 5898.31 5922.06 5929.91 5925.28 5913.1 5894.17 5874.03 5856.3 5832.63 5824.29 5805.52 5766.98 5761.59 5783.83 5796.66 5810.98 5825.96 5809.14 5782.81 5755.27 5732.95 5710.82 5691.46 5674.88 5659.01 5642.83 5627.2 5612.96 5598.95 5584.9 5570.71 5576.14 5585.85 5590.46 5595.06 5595.58 5600.58 5604.66
5581.4 5572.38 5551.8 5536.07 5515.65 5514.43 5522.78 5525.98 5522.5 5521.03 5519.75 5524.84 5533.06 5536.02 5545.78 5566.8 5603.07 5626.91 5633.67 5640.56 5648.51 5657.73 5669.63 5687.29 5710.7 5735.65 5762.09 5786.53 5808.81 5844.95 5876.92 5900.04 5911.9 5914.11 5908.36 5899 5887.15 5875.43 5862.87 5845.1 5802.38 5799.45 5823.64 5827.75 5827.02 5827.28 5804.87 5772.05 5755.12 5734.13 5716.67 5702.52 5688.16 5674.67 5660.91 5646.82 5632.25 5619.14 5608.29 5599.33 5596.25 5598.3 5601.86 5603.28 5605.68 5606.89 5606.11
5541.93 5541.5 5545.66 5540.78 5528.03 5515.74 5508.56 5517.93 5514.94 5511.21 5510.46 5514.66 5520.91 5527.84 5546.09 5573.17 5604.84 5624.7 5632.83 5636.87 5642.8 5648.08 5654.73 5665.52 5689 5712.39 5734.28 5754.82 5775.28 5804.37 5843.2 5878.13 5904.12 5921.64 5926.65 5925.81 5924.32 5914.86 5904.21 5884.06 5837.57 5818.19 5831.15 5830.61 5823.29 5818.15 5799.09 5781.09 5759.48 5745 5729.76 5713.43 5699.05 5685.78 5673.13 5662.03 5651.87 5641.92 5631.3 5624.08 5618.8 5614.79 5614.51 5613.99 5614.09 5613.46 5609.58
5507.45 5517.04 5534.74 5541.91 5552.35 5517.05 5500.91 5506.97 5510.75 5511.24 5515.16 5516.77 5515.71 5522.24 5555.4 5587.01 5605.97 5619.97 5627.31 5631.53 5635.81 5639.58 5645.34 5654.82 5673.51 5693.01 5713.3 5733.15 5750.34 5780.41 5822.95 5862.34 5900.47 5935.36 5957.64 5963.8 5961.98 5959.71 5949.67 5925.77 5859.71 5824.6 5817.03 5820.94 5810.95 5796.72 5792.25 5778.4 5765.97 5756.77 5745.36 5721.92 5707.18 5695.62 5687.09 5677.92 5669.81 5663.51 5660.37 5654.91 5631.58 5629.51 5627.88 5627.22 5627.95 5624.28 5615.67
5480.01 5486.89 5515.6 5513.54 5507.64 5497.04 5489.94 5498.38 5513.62 5527.99 5534.3 5530.85 5516.8 5522.13 5565.3 5597.07 5608.27 5615.59 5623.79 5625.49 5627.4 5629.73 5635.99 5649.38 5659.83 5675.63 5695.07 5716.43 5741.72 5782 5806.89 5845.99 5892.72 5943.75 6003.69 5997.37 5980.99 5979.38 5964.72 5930.96 5902.82 5853.13 5839.06 5828.88 5815.69 5803.48 5799.47 5788.1 5769.94 5751.93 5728.19 5724.49 5716.04 5708 5699.1 5691.88 5687.68 5682.31 5676.31 5664.28 5651.46 5644.13 5640.59 5639.17 5638.6 5636.65 5631.26
5463.46 5463.43 5482.75 5481.38 5476.73 5477.61 5478.34 5490.06 5511.4 5533.4 5539.27 5538.89 5521.5 5533.93 5573.25 5599.02 5608.4 5616.72 5618.61 5617.52 5617.99 5619.91 5623.56 5627.12 5641.64 5659.24 5677.12 5696.82 5721.63 5742.24 5778.65 5822.24 5871.12 5923.94 5969.4 5978.64 5964.91 5945.57 5934.02 5948.94 5905.23 5880.6 5867.33 5846.06 5831.26 5819.51 5810.43 5794.56 5774.24 5755.35 5742.21 5731.36 5725.16 5718.9 5712.73 5705.43 5700.65 5696.08 5695.91 5693.78 5674.4 5655.48 5647.4 5645.31 5644.91 5647.78 5653.11
5455.6 5453.78 5457.38 5462.66 5466.54 5477.44 5479.67 5482.15 5489.36 5501.18 5509.64 5509.94 5525.47 5545.44 5579.03 5591.96 5600.42 5617.22 5611.53 5608.23 5606.66 5609.44 5612.16 5617.05 5629.14 5644.12 5660.06 5675.01 5688.32 5701.07 5745.79 5792.29 5840.44 5884.6 5917.59 5933.4 5930.4 5920.39 5917.62 5916.44 5899.93 5874.43 5869.79 5853.29 5837.74 5822.51 5812.13 5795.9 5777.29 5762.63 5748 5741.73 5734.49 5726.33 5720.65 5714.33 5710.19 5705.25 5703.22 5694.16 5674.03 5656.17 5649.02 5647.4 5649.3 5653.36 5661.4
