real_craters/C180-750m.grd
DSAA
203 203
-75.74 75.74
-75.74 75.74
3790.2947694436 6761.2683620713
[rows 76 to 113 of 203, columns 0 to 83 of 203]
5569 5561 5574 5595 5603 5599 5588 5609 5695 5735 5693 5529 5291 5049 4888 4845 4925 5062 5339 5660 5997 6226 6131 5989 5854 5757 5717 5751 5770 5773 5774 5772 5769 5765 5745 5703 5684 5671 5652 5636 5622 5616 5625 5636 5647 5651 5649 5645 5642 5640 5636 5632 5629 5626 5621 5595 5578 5583 5585 5588 5590 5586 5566 5559 5572 5617 5640 5652 5668 5683 5701 5721 5740 5766 5801 5837 5861 5863 5824 5878 6030 6185 6322 6394
5573 5566 5575 5595 5599 5595 5583 5635 5763 5880 5795 5494 5152 4841 4738 4725 4757 4876 5175 5511 5832 6073 6095 5974 5874 5794 5726 5800 5798 5780 5756 5750 5751 5743 5730 5720 5685 5652 5631 5624 5617 5619 5616 5620 5628 5638 5632 5631 5627 5624 5619 5618 5619 5613 5607 5597 5586 5577 5576 5578 5579 5584 5594 5586 5589 5657 5657 5670 5685 5698 5713 5721 5745 5774 5806 5838 5873 5912 5872 5912 6051 6181 6283 6324
5583 5564 5583 5585 5579 5579 5588 5653 5782 5903 5797 5445 5074 4756 4682 4701 4696 4791 5052 5335 5610 5835 5913 5895 5844 5783 5777 5835 5811 5788 5758 5748 5745 5731 5714 5719 5681 5645 5622 5615 5616 5602 5603 5605 5609 5612 5614 5614 5615 5612 5606 5601 5596 5591 5586 5579 5572 5566 5568 5569 5573 5583 5589 5585 5603 5646 5655 5683 5694 5704 5714 5718 5737 5764 5795 5830 5865 5891 5894 5950 6072 6180 6245 6217
5592 5587 5577 5578 5580 5583 5596 5651 5738 5769 5645 5369 5035 4746 4669 4705 4704 4781 4962 5178 5397 5620 5758 5827 5817 5777 5754 5773 5796 5802 5798 5775 5754 5735 5722 5696 5666 5635 5611 5606 5605 5589 5589 5594 5596 5592 5601 5607 5607 5604 5595 5586 5573 5570 5564 5562 5547 5551 5557 5564 5571 5588 5594 5598 5617 5634 5693 5697 5700 5701 5696 5698 5712 5743 5779 5815 5848 5876 5907 5952 6008 6126 6232 6232
5594 5578 5563 5572 5580 5582 5592 5654 5689 5675 5563 5318 5022 4758 4672 4705 4711 4780 4908 5063 5229 5436 5730 5815 5824 5812 5774 5753 5784 5812 5829 5800 5763 5732 5705 5668 5650 5629 5608 5601 5593 5582 5584 5591 5594 5600 5601 5604 5603 5598 5590 5581 5563 5560 5550 5543 5535 5540 5552 5563 5579 5593 5601 5615 5626 5645 5701 5703 5699 5688 5683 5676 5688 5726 5766 5805 5840 5882 5914 5951 6009 6092 6158 6114
5593 5578 5576 5585 5603 5631 5613 5648 5663 5639 5537 5314 5038 4778 4674 4699 4711 4769 4874 5006 5158 5437 5774 5843 5842 5819 5766 5766 5779 5805 5837 5792 5751 5710 5673 5658 5648 5634 5621 5608 5593 5593 5596 5597 5600 5603 5604 5602 5599 5595 5588 5586 5588 5564 5551 5542 5534 5542 5553 5563 5573 5594 5609 5615 5631 5648 5684 5704 5700 5687 5677 5673 5684 5725 5775 5821 5857 5910 5972 5986 6089 6069 5999 5874
5593 5582 5583 5601 5619 5602 5652 5650 5660 5646 5566 5354 5077 4809 4680 4701 4716 4772 4868 4989 5145 5447 5804 5881 5861 5797 5753 5747 5765 5772 5762 5758 5730 5698 5667 5658 5653 5642 5629 5625 5627 5619 5609 5604 5605 5613 5612 5604 5596 5588 5582 5577 5571 5564 5555 5553 5557 5559 5563 5571 5575 5623 5632 5635 5638 5649 5692 5711 5701 5695 5683 5671 5682 5736 5802 5867 5910 5971 6010 6040 6170 6026 5804 5618
5569 5572 5582 5602 5621 5608 5656 5635 5672 5679 5632 5429 5147 4867 4694 4701 4722 4791 4896 5018 5176 5483 5850 5935 5895 5803 5751 5745 5763 5761 5746 5734 5713 5687 5686 5678 5669 5654 5641 5634 5626 5612 5603 5606 5608 5612 5610 5602 5595 5587 5578 5570 5563 5562 5563 5584 5580 5574 5574 5581 5593 5600 5640 5665 5647 5652 5682 5711 5710 5701 5686 5678 5680 5759 5858 5956 6030 6055 6058 6146 6280 5963 5605 5390
5568 5574 5594 5597 5600 5600 5614 5627 5694 5729 5701 5535 5247 4937 4713 4713 4750 4847 4965 5101 5267 5600 5974 6015 5936 5827 5752 5762 5782 5763 5745 5724 5703 5680 5636 5702 5683 5661 5640 5632 5627 5621 5616 5607 5605 5612 5617 5600 5591 5583 5577 5569 5564 5561 5563 5571 5572 5573 5579 5589 5598 5604 5616 5632 5639 5637 5657 5729 5733 5725 5715 5702 5701 5808 5951 6079 6180 6177 6177 6276 6232 5828 5424 5204
5572 5576 5579 5591 5596 5607 5619 5631 5723 5793 5819 5676 5376 5053 4810 4797 4850 4942 5079 5234 5415 5750 6102 6075 5956 5839 5766 5763 5778 5765 5742 5717 5699 5694 5710 5701 5680 5657 5638 5622 5609 5608 5606 5598 5597 5598 5594 5593 5589 5583 5577 5570 5564 5558 5554 5553 5557 5562 5585 5602 5617 5620 5605 5626 5636 5643 5675 5775 5766 5767 5773 5782 5819 5922 6065 6217 6358 6407 6338 6269 5984 5606 5244 5054
5577 5571 5576 5593 5606 5624 5647 5668 5759 5855 5911 5809 5515 5193 4937 4911 4947 5060 5218 5394 5580 5842 6091 6047 5935 5823 5742 5785 5788 5755 5730 5713 5697 5681 5687 5682 5669 5645 5620 5595 5583 5581 5575 5581 5586 5589 5580 5590 5590 5584 5578 5569 5565 5557 5551 5548 5559 5584 5596 5609 5619 5631 5637 5635 5649 5674 5723 5754 5790 5817 5845 5884 5934 6037 6188 6341 6458 6545 6278 5911 5666 5357 5062 4923
5562 5576 5594 5605 5624 5648 5675 5696 5789 5889 5975 5934 5634 5325 5081 5028 5061 5188 5352 5543 5752 5867 5933 5936 5879 5796 5735 5756 5750 5727 5713 5703 5692 5678 5665 5684 5662 5634 5607 5584 5576 5565 5559 5568 5581 5591 5607 5601 5593 5586 5577 5572 5566 5560 5554 5558 5575 5595 5605 5616 5627 5645 5643 5638 5658 5691 5736 5764 5825 5883 5937 6000 6072 6177 6308 6424 6473 6342 6019 5643 5378 5142 4917 4823
5569 5583 5602 5614 5630 5646 5684 5724 5797 5891 5966 5919 5698 5431 5209 5143 5227 5337 5454 5614 5791 5834 5830 5845 5834 5788 5733 5721 5707 5686 5695 5696 5694 5699 5694 5645 5650 5630 5600 5571 5573 5564 5552 5566 5579 5590 5601 5599 5592 5587 5579 5576 5574 5572 5569 5580 5592 5599 5612 5624 5645 5648 5643 5645 5660 5687 5728 5805 5874 5958 6041 6134 6223 6301 6406 6448 6383 6107 5763 5425 5169 5013 4853 4759
5578 5593 5605 5620 5631 5640 5659 5716 5778 5862 5926 5922 5737 5508 5309 5253 5350 5419 5506 5611 5706 5783 5802 5824 5827 5801 5774 5735 5692 5695 5695 5694 5690 5685 5682 5678 5662 5640 5611 5575 5573 5572 5576 5571 5573 5580 5582 5585 5589 5589 5583 5579 5589 5594 5597 5607 5617 5621 5624 5633 5647 5665 5656 5652 5656 5673 5714 5806 5922 6022 6127 6248 6390 6524 6460 6404 6215 5858 5538 5246 5104 4960 4824 4712
5578 5591 5611 5627 5639 5643 5649 5676 5737 5822 5892 5900 5763 5557 5368 5312 5343 5419 5526 5615 5687 5771 5839 5863 5829 5818 5810 5792 5758 5716 5708 5698 5686 5682 5680 5684 5675 5656 5635 5623 5597 5580 5573 5569 5568 5574 5578 5586 5592 5596 5602 5609 5617 5625 5631 5643 5643 5636 5634 5641 5653 5675 5674 5655 5648 5652 5673 5808 5961 6081 6206 6329 6426 6443 6394 6274 6025 5661 5393 5173 5032 4897 4781 4676
5580 5603 5620 5638 5654 5662 5664 5662 5689 5783 5862 5900 5785 5594 5416 5333 5348 5424 5559 5677 5746 5787 5801 5795 5814 5819 5825 5814 5800 5760 5729 5707 5686 5672 5675 5687 5685 5666 5650 5631 5603 5577 5560 5556 5562 5570 5582 5593 5599 5606 5616 5630 5644 5662 5680 5695 5708 5688 5665 5644 5631 5622 5643 5640 5640 5645 5660 5773 5953 6113 6254 6370 6435 6392 6304 6067 5779 5512 5317 5135 4976 4826 4737 4653
5599 5609 5632 5651 5668 5671 5675 5669 5672 5754 5823 5872 5791 5627 5452 5334 5371 5451 5607 5767 5830 5807 5791 5786 5799 5808 5817 5818 5808 5779 5744 5714 5690 5667 5669 5677 5674 5658 5651 5633 5588 5570 5555 5551 5555 5567 5582 5597 5601 5611 5628 5648 5670 5693 5716 5742 5762 5733 5692 5663 5635 5608 5609 5625 5643 5665 5696 5751 5950 6169 6322 6430 6489 6471 6308 5983 5682 5439 5269 5132 5001 4874 4761 4653
5647 5641 5645 5657 5673 5678 5676 5666 5677 5731 5774 5795 5754 5666 5564 5465 5492 5562 5658 5768 5813 5802 5790 5792 5790 5795 5804 5811 5806 5773 5748 5723 5697 5675 5662 5651 5639 5631 5627 5613 5582 5571 5553 5548 5552 5562 5574 5589 5594 5607 5629 5660 5692 5721 5748 5770 5774 5751 5714 5684 5647 5614 5607 5630 5666 5716 5795 5946 6110 6266 6383 6471 6531 6524 6380 6083 5690 5390 5198 5085 5024 4945 4789 4656
5603 5623 5635 5642 5662 5667 5660 5676 5719 5722 5733 5720 5700 5711 5734 5690 5611 5650 5666 5708 5753 5768 5767 5769 5766 5770 5775 5784 5779 5764 5740 5720 5701 5681 5658 5634 5609 5604 5592 5595 5611 5583 5559 5548 5553 5559 5564 5564 5581 5598 5623 5669 5717 5748 5774 5791 5794 5766 5719 5692 5651 5610 5614 5649 5699 5766 5862 6016 6273 6361 6431 6494 6540 6553 6423 6138 5701 5359 5112 5006 4984 4890 4778 4651
5562 5583 5608 5608 5598 5601 5599 5621 5677 5696 5707 5704 5698 5720 5728 5682 5611 5592 5633 5688 5720 5737 5736 5722 5736 5747 5752 5759 5751 5734 5729 5716 5705 5684 5657 5629 5606 5593 5587 5592 5601 5590 5572 5562 5558 5560 5563 5569 5583 5597 5613 5679 5751 5806 5815 5804 5788 5759 5727 5706 5665 5626 5633 5671 5725 5795 5890 6029 6320 6398 6438 6468 6481 6450 6283 5946 5584 5331 5115 4980 4877 4883 4757 4639
5547 5562 5577 5576 5571 5565 5567 5618 5644 5680 5699 5715 5737 5713 5677 5626 5577 5547 5595 5666 5699 5715 5723 5720 5729 5733 5726 5673 5623 5738 5717 5713 5709 5691 5655 5625 5599 5590 5591 5598 5610 5597 5579 5568 5562 5564 5572 5586 5601 5616 5636 5691 5758 5848 5826 5800 5777 5755 5740 5709 5698 5671 5670 5698 5744 5813 5901 6046 6246 6362 6396 6397 6371 6268 6035 5728 5437 5324 5253 5042 4875 4791 4717 4619
5550 5548 5553 5557 5558 5563 5572 5614 5657 5683 5700 5709 5708 5702 5677 5620 5563 5540 5575 5635 5683 5710 5722 5729 5736 5736 5735 5744 5760 5741 5715 5699 5687 5669 5644 5619 5598 5582 5576 5588 5609 5592 5569 5555 5559 5568 5580 5596 5616 5642 5671 5694 5722 5734 5774 5780 5771 5761 5760 5741 5746 5710 5705 5729 5768 5818 5888 5978 6184 6317 6335 6322 6280 6162 5920 5613 5383 5315 5279 5083 4912 4775 4684 4598
5577 5561 5546 5561 5571 5587 5612 5629 5663 5690 5699 5699 5687 5694 5698 5646 5592 5565 5597 5658 5693 5708 5717 5728 5735 5734 5731 5736 5741 5725 5709 5685 5657 5644 5631 5612 5591 5572 5558 5566 5571 5568 5561 5556 5560 5568 5582 5600 5621 5647 5669 5683 5700 5726 5744 5762 5770 5768 5764 5781 5763 5732 5739 5757 5787 5825 5880 5972 6172 6240 6251 6263 6231 6162 6029 5677 5374 5271 5184 5055 4941 4730 4647 4579
5629 5598 5579 5599 5613 5619 5627 5629 5661 5692 5699 5700 5692 5690 5683 5677 5681 5640 5691 5733 5712 5709 5710 5709 5706 5722 5729 5734 5733 5725 5698 5678 5655 5640 5625 5608 5589 5569 5555 5553 5550 5550 5552 5553 5559 5566 5579 5598 5619 5636 5654 5663 5670 5695 5725 5759 5791 5814 5842 5829 5835 5794 5778 5784 5800 5824 5862 5917 5989 6096 6164 6204 6200 6161 6053 5710 5393 5235 5118 4996 4823 4685 4620 4575
5647 5635 5635 5643 5652 5643 5636 5640 5661 5680 5699 5712 5714 5708 5685 5678 5660 5677 5688 5700 5705 5703 5703 5703 5715 5711 5720 5728 5721 5709 5689 5676 5661 5641 5625 5611 5596 5575 5555 5551 5547 5547 5545 5547 5551 5560 5571 5586 5604 5623 5642 5649 5648 5666 5713 5759 5809 5881 5904 5871 5878 5836 5809 5796 5797 5810 5829 5864 5921 6023 6118 6173 6181 6137 5981 5640 5389 5233 5097 4976 4858 4659 4612 4574
5663 5655 5651 5663 5667 5657 5650 5651 5658 5674 5702 5726 5755 5748 5706 5680 5665 5662 5660 5672 5688 5692 5693 5691 5679 5698 5709 5718 5714 5700 5688 5668 5655 5639 5626 5615 5607 5595 5570 5557 5551 5548 5543 5538 5544 5554 5564 5573 5590 5625 5649 5657 5666 5683 5715 5748 5786 5830 5844 5841 5885 5846 5818 5804 5801 5805 5810 5829 5871 5997 6105 6172 6193 6145 5973 5630 5421 5248 5102 4973 4836 4666 4631 4620
5670 5665 5663 5668 5671 5661 5648 5640 5649 5682 5704 5725 5742 5733 5704 5685 5672 5669 5670 5674 5681 5681 5682 5685 5699 5691 5691 5699 5704 5679 5677 5648 5635 5632 5624 5615 5606 5595 5569 5561 5558 5558 5545 5538 5542 5552 5564 5574 5584 5628 5652 5676 5703 5711 5718 5738 5756 5774 5812 5824 5838 5830 5811 5798 5794 5797 5804 5823 5866 6044 6132 6193 6240 6216 6013 5723 5485 5268 5113 4992 4839 4678 4648 4681
5677 5674 5671 5675 5673 5664 5653 5648 5644 5678 5699 5716 5724 5718 5708 5693 5682 5681 5685 5675 5676 5673 5675 5677 5674 5674 5669 5655 5662 5650 5634 5633 5627 5629 5621 5611 5599 5581 5571 5562 5557 5551 5542 5535 5541 5556 5570 5585 5600 5615 5651 5675 5708 5711 5713 5718 5726 5736 5760 5776 5780 5789 5788 5785 5782 5785 5793 5822 5917 6085 6119 6215 6317 6365 6222 5835 5531 5268 5106 5020 4902 4665 4632 4688
5685 5683 5680 5680 5682 5672 5658 5647 5655 5670 5694 5711 5718 5717 5709 5703 5695 5693 5691 5677 5673 5672 5672 5670 5667 5665 5663 5648 5655 5655 5660 5663 5657 5638 5624 5610 5595 5583 5572 5561 5553 5546 5542 5542 5551 5567 5583 5600 5626 5650 5652 5663 5669 5688 5697 5702 5705 5715 5733 5743 5744 5758 5769 5774 5776 5777 5783 5794 5799 5835 6006 6175 6344 6485 6375 5920 5568 5256 5073 4930 4793 4661 4613 4625
5699 5696 5696 5701 5694 5682 5670 5659 5673 5685 5700 5712 5720 5721 5723 5724 5719 5717 5708 5677 5674 5674 5672 5670 5665 5665 5673 5683 5682 5687 5689 5666 5656 5641 5625 5609 5590 5565 5564 5562 5555 5545 5551 5562 5574 5585 5596 5609 5623 5629 5644 5652 5665 5673 5682 5688 5693 5698 5717 5717 5723 5741 5751 5759 5765 5769 5772 5774 5773 5776 5913 6101 6292 6463 6431 6026 5648 5290 5073 4885 4744 4659 4603 4580
5717 5710 5704 5711 5703 5695 5688 5689 5688 5700 5711 5717 5725 5740 5740 5753 5767 5776 5734 5689 5683 5680 5677 5676 5674 5674 5678 5685 5690 5696 5696 5680 5658 5639 5622 5609 5595 5589 5573 5571 5569 5560 5574 5595 5607 5601 5602 5606 5613 5626 5640 5647 5649 5666 5675 5680 5684 5687 5707 5710 5728 5738 5752 5763 5775 5784 5781 5779 5775 5775 5857 6011 6178 6323 6403 6241 5815 5426 5147 4906 4743 4650 4584 4547
5736 5726 5712 5699 5709 5707 5703 5699 5702 5714 5721 5724 5726 5732 5754 5773 5796 5810 5752 5714 5699 5690 5687 5686 5686 5688 5690 5690 5698 5706 5711 5677 5651 5636 5623 5613 5605 5598 5579 5585 5597 5614 5625 5619 5614 5609 5605 5604 5606 5624 5642 5659 5671 5669 5672 5674 5676 5680 5681 5719 5724 5734 5746 5753 5763 5772 5772 5778 5780 5775 5829 5940 6063 6188 6367 6340 6021 5620 5282 4983 4783 4650 4559 4524
5754 5749 5740 5729 5726 5726 5723 5718 5719 5722 5727 5735 5736 5741 5763 5778 5790 5783 5756 5731 5714 5705 5701 5699 5701 5706 5710 5705 5688 5660 5635 5642 5638 5628 5618 5610 5605 5598 5587 5601 5618 5642 5647 5629 5615 5610 5606 5603 5608 5621 5645 5660 5669 5669 5670 5671 5670 5672 5703 5731 5721 5729 5736 5742 5751 5762 5774 5785 5797 5812 5826 5886 5960 6056 6263 6429 6228 5838 5442 5095 4860 4681 4554 4514
5772 5781 5784 5769 5759 5753 5746 5740 5736 5742 5751 5760 5761 5761 5772 5782 5783 5772 5758 5741 5725 5720 5716 5714 5713 5714 5718 5710 5689 5672 5634 5622 5623 5621 5619 5612 5599 5598 5606 5622 5630 5636 5638 5628 5619 5615 5607 5600 5601 5641 5648 5659 5663 5665 5668 5672 5677 5691 5693 5702 5723 5723 5727 5735 5744 5755 5768 5784 5804 5826 5823 5853 5890 5947 6046 6236 6240 5974 5592 5234 4982 4766 4585 4535
5788 5822 5834 5821 5802 5790 5774 5764 5760 5768 5790 5789 5799 5803 5798 5790 5781 5777 5758 5736 5735 5734 5731 5727 5724 5718 5734 5719 5691 5656 5621 5604 5617 5626 5628 5621 5612 5620 5648 5645 5640 5630 5618 5626 5635 5623 5609 5599 5605 5631 5642 5645 5651 5657 5663 5670 5685 5695 5672 5666 5696 5707 5715 5725 5735 5744 5759 5775 5792 5803 5816 5835 5863 5889 5973 6129 6238 6071 5729 5401 5151 4927 4723 4609
5809 5869 5921 5898 5864 5835 5807 5785 5771 5780 5795 5805 5815 5821 5825 5795 5778 5765 5764 5756 5750 5746 5743 5738 5738 5743 5733 5717 5696 5667 5650 5625 5637 5638 5638 5639 5642 5652 5663 5662 5653 5636 5613 5626 5627 5622 5611 5599 5594 5619 5628 5623 5636 5647 5655 5660 5665 5672 5654 5648 5665 5685 5697 5707 5717 5729 5743 5758 5772 5786 5805 5817 5858 5919 5949 6154 6290 6139 5863 5587 5355 5151 5002 4839
5825 5891 5991 5952 5917 5867 5833 5808 5799 5805 5809 5815 5825 5818 5796 5790 5778 5754 5752 5769 5765 5757 5750 5745 5741 5738 5727 5711 5696 5691 5682 5687 5665 5656 5654 5658 5667 5677 5685 5684 5673 5660 5666 5642 5628 5622 5615 5608 5608 5615 5625 5628 5636 5642 5646 5649 5645 5657 5656 5663 5664 5670 5683 5695 5707 5718 5730 5740 5747 5750 5752 5779 5811 5858 5947 6180 6331 6236 6002 5765 5552 5359 5189 5013
5822 5859 5876 5912 5897 5876 5849 5826 5813 5812 5815 5819 5830 5820 5806 5793 5783 5775 5766 5778 5776 5767 5757 5748 5738 5727 5713 5702 5686 5670 5654 5649 5669 5666 5665 5673 5689 5698 5715 5709 5693 5676 5653 5645 5638 5631 5626 5620 5618 5626 5635 5647 5640 5642 5646 5647 5648 5645 5643 5670 5656 5657 5667 5680 5692 5703 5714 5721 5726 5728 5740 5743 5762 5847 5998 6241 6439 6358 6155 5934 5718 5521 5341 5119
