real_craters/C180-500m.grd
DSAA
304 304
-75.74 75.74
-75.74 75.74
3785.6653999413 6746.5344258219
[rows 0 to 29 of 304, columns 0 to 66 of 304]
5663.29 5662.5 5668.04 5674.42 5680.32 5678.01 5674.01 5671.98 5668.1 5665.82 5661.76 5647.97 5632.82 5619.62 5609.19 5599.56 5590.95 5584.56 5578.47 5582.54 5587.54 5593.7 5604.55 5602.32 5604.88 5608.58 5619.93 5638.05 5659.08 5664.19 5679.35 5694.66 5712.91 5735.12 5761.06 5791.29 5837.27 5908.44 5982.54 6056.77 6126.11 6182.1 6210.79 6225.2 6234.08 6240.29 6247.15 6244.75 6170.44 6072.72 5997.84 5940.3 5903.3 5858.68 5811.26 5771.78 5734.5 5693.87 5655.25 5613.25 5565.44 5527.58 5524.52 5533.85 5528.22 5521.09 5513.98
5668.39 5667.08 5670.65 5674.35 5678.89 5675.37 5669.67 5664.8 5661.5 5655.03 5646.53 5640.37 5628.81 5617.31 5608.16 5598.15 5587.71 5578.83 5578.7 5584.31 5585.42 5588.37 5591.62 5597.23 5607.69 5617.87 5630.46 5644.94 5663.78 5671.36 5683.98 5701.27 5720.8 5744.33 5773.67 5811.07 5865.1 5928.57 6002.16 6079.33 6156.58 6208.29 6232.42 6229.65 6215.88 6201.5 6191.38 6179.32 6078.5 5967.91 5918.5 5881.78 5857.82 5816.29 5776.54 5745.31 5714.44 5680.14 5652.57 5625.44 5591.63 5556.95 5551.09 5547.72 5535.79 5524.54 5514.31
5676.06 5674.98 5675.92 5676.94 5677.57 5670.5 5665.25 5661.81 5656.91 5650.09 5645.96 5642.15 5630.79 5620.82 5615.13 5602.02 5588.47 5579.43 5577.52 5580.79 5582.32 5581.96 5579.51 5588.7 5604.64 5620.96 5636.79 5650.56 5667.94 5676.7 5690.42 5706.94 5725.38 5750.66 5782.35 5824.75 5878.42 5943.34 6015.45 6088.02 6157.87 6228.54 6251.91 6219.61 6176.87 6137.35 6097.57 6049.86 5979.67 5897.37 5854.72 5818.58 5784.57 5754.96 5737.59 5718.73 5696.33 5676.47 5655.43 5645.15 5644.45 5620.11 5582.23 5562.71 5543.39 5527.82 5514.99
5687.12 5685.69 5687.47 5687.03 5681.67 5665.64 5665.74 5662.01 5654.68 5646.73 5652.39 5661.08 5655.24 5647.11 5636.3 5615.47 5591.69 5578.4 5575.11 5578.91 5580.49 5580.79 5582.98 5592.68 5608.26 5625.81 5641.18 5649.94 5669.84 5680.56 5696.49 5715 5735.68 5761.39 5791.29 5831.22 5884.86 5946.05 6019.76 6087.9 6143.09 6226.81 6248.34 6176.04 6114.6 6058.31 5996.91 5929.49 5890.37 5854.6 5800.99 5770.79 5742.73 5719.79 5711.6 5696.59 5678.11 5658.18 5644.45 5638.26 5651.87 5631.34 5588.24 5568.16 5546.59 5528.67 5513.52
5703.44 5700.96 5706.28 5711.27 5708.1 5684.52 5685.91 5667.64 5651.12 5651.7 5674.32 5700.23 5716.07 5701.8 5674.78 5641.29 5604.93 5585.26 5579.57 5581.48 5581.25 5582.04 5585.87 5595.73 5611.86 5629.02 5642.87 5652.72 5672.27 5685.56 5700.89 5719.63 5740.46 5766.57 5793.98 5827.18 5866.87 5934.87 6018.24 6097.12 6145.12 6158.02 6127.75 6082.64 6027.93 5975.18 5923.45 5868.15 5817.26 5759.93 5739.48 5735.67 5729.32 5721.58 5698.17 5678.47 5658.86 5640.89 5623.04 5602.99 5575.93 5575.12 5569.26 5562.68 5545.7 5528.41 5511.66
5719.35 5716.56 5727.87 5747.13 5769.51 5768.31 5749.33 5688.99 5650.19 5670.63 5710.39 5750.31 5772.1 5755.67 5719.39 5676.79 5629.67 5599.2 5590.14 5587.23 5583.83 5583.47 5586.12 5594.54 5614.06 5629.89 5642 5656.84 5670.91 5688.39 5705.47 5724.94 5744.98 5769.77 5794.85 5824.66 5857.67 5920.9 6001.77 6090.25 6129.96 6067.67 6001.77 5967.68 5929.35 5886.17 5850.17 5814.56 5766.34 5731.13 5714.95 5714.23 5712.42 5703.43 5681.73 5658.83 5638.2 5619.67 5599.38 5575.21 5544.87 5545.85 5551.87 5549.47 5544.95 5529.46 5511.93
5730.17 5727.68 5744.53 5776.18 5827.92 5910.33 5825.03 5722.39 5669.39 5698.13 5754.87 5802.88 5827.39 5801.94 5759.03 5716.45 5668.65 5618.44 5599.75 5590.3 5584.69 5583.88 5586.15 5593.77 5612.35 5626.5 5641.9 5658.25 5674.32 5688.82 5706.38 5724.07 5744.85 5769.66 5798.38 5827.73 5861.61 5909.67 5960.47 5998.77 6009.22 5964.94 5893.56 5872.53 5837.89 5795.4 5747.74 5727.47 5723.99 5718.12 5710.93 5702.16 5692.75 5681.24 5657.89 5634.48 5615.81 5599.9 5583.48 5566.11 5549.68 5545.1 5548.17 5550.11 5548.01 5535.47 5515.72
5739.42 5735.91 5750.16 5775.9 5812.57 5846.32 5797.21 5740.94 5740.38 5767.44 5802.51 5847.2 5867.96 5830.24 5779.22 5737.15 5705.53 5632.76 5597.05 5585.49 5581.7 5583.21 5587.06 5597.06 5611.5 5628.2 5642.76 5657.1 5671.93 5687.69 5702.69 5720.91 5742.28 5765.81 5795.08 5827.6 5863.52 5898.51 5917.58 5907.52 5898.93 5881.76 5855.1 5804.22 5762.08 5722.53 5683.61 5676.19 5691.27 5709.58 5710.14 5685.45 5664.92 5649.9 5623.51 5603.79 5591.85 5581.64 5567.85 5560.23 5553.66 5550.86 5552.91 5556.69 5558.47 5552.12 5533.72
5750.43 5742.33 5746.22 5754.24 5756.82 5728.83 5708.02 5712.12 5769.94 5799.04 5813.41 5857.5 5878.54 5825.61 5766.49 5711.65 5661.74 5616.93 5588.92 5580.81 5579.93 5581.15 5585.42 5593.59 5611.63 5629.14 5642.95 5654.65 5667.74 5685.27 5704.27 5721.09 5742.36 5760.01 5784.97 5817.35 5853.7 5880.94 5890.19 5884.65 5853.36 5810.88 5759.54 5723.61 5697.69 5670.92 5648.07 5648.64 5664.92 5682.11 5682.85 5657.47 5625.9 5592.55 5574.57 5568.85 5565.62 5557.95 5556.58 5555.31 5554.2 5555.93 5560.7 5566.93 5571.91 5578.22 5585.11
5766.66 5751.05 5741.73 5733.22 5714.8 5686.17 5666.85 5659.47 5685 5719.48 5761.71 5806.17 5823.91 5778.04 5727 5675.22 5629.15 5599.44 5584.5 5577.72 5576.54 5577.77 5581.8 5590.21 5608.34 5627.06 5641.84 5653.95 5664.75 5678.77 5695.95 5714.87 5734.52 5753.08 5771.38 5797.58 5827.83 5855.39 5849.51 5856.55 5806.45 5750.43 5694.48 5663.34 5650 5634.17 5621.21 5626.03 5640.28 5653.51 5650.69 5627.46 5589.9 5549.16 5533.35 5537.86 5537.75 5541.77 5545.81 5549.46 5551.94 5556.42 5562.79 5570.86 5579.64 5590.18 5609.62
5797.15 5766.13 5745.48 5723.25 5696.11 5668.44 5644.91 5632.07 5632.25 5654.4 5686.94 5702.11 5712.36 5705.03 5676.66 5642.99 5615.5 5592.94 5579.46 5576.79 5574.95 5575.78 5578.98 5587.34 5603.38 5621.06 5637.74 5649.91 5656.9 5669.89 5686.1 5701.77 5717.13 5731.99 5745.52 5758 5773.34 5783.54 5765.66 5746.64 5730.85 5697.3 5660.37 5634.59 5619.69 5607.98 5600.71 5604.95 5616.06 5629.62 5637.2 5602.89 5562.76 5526.42 5511.07 5517.36 5523.26 5529.13 5536.58 5545.22 5550.61 5555.6 5562.39 5570.41 5577.78 5581.02 5573.85
5835.13 5789.44 5758.04 5725.85 5692.24 5659.57 5632.28 5621.85 5618.59 5625.24 5633.54 5628.82 5635.14 5643.94 5632.29 5609.64 5598.98 5594.51 5586.95 5578.21 5574.9 5573.59 5574.97 5581.71 5599.43 5612.81 5629.72 5644.64 5649.57 5662.41 5676.76 5688.13 5698.23 5707.25 5713.59 5715.78 5709.21 5686.03 5683.76 5668.5 5668.27 5652.88 5631.84 5612.31 5598.62 5587.94 5581.74 5583.94 5589.37 5595.37 5599.23 5567.94 5539.12 5514.62 5502.66 5506.39 5512.04 5518.97 5527.41 5535.83 5542.8 5551.03 5558.21 5566.33 5572.75 5574.24 5567.13
5847.52 5814.97 5776.66 5737.79 5699.04 5660.74 5629.61 5618.1 5616.07 5610.86 5609.6 5607.45 5609.74 5611.94 5605.81 5593.24 5589.24 5585.74 5578.48 5577.01 5573.65 5570.94 5569.63 5572.86 5588.34 5599.27 5619.52 5640.6 5650.61 5660.86 5670.95 5677.4 5682.77 5683.51 5683.16 5677.31 5665.41 5651.06 5645.65 5644.37 5633.29 5621 5607.15 5594.8 5580.12 5570.67 5564.11 5564.06 5562.86 5554.83 5532.82 5526.78 5518.77 5508.2 5502.94 5501.55 5504.37 5509.99 5516.56 5523.57 5531.72 5543.04 5552.32 5560.56 5568.33 5572.36 5572.27
5845.43 5836.85 5794.37 5751.26 5707.47 5666.05 5631.44 5615.82 5611.89 5601.67 5599.63 5597.88 5598.63 5597.35 5592.93 5588.01 5582.75 5578.12 5579.86 5577.2 5572.53 5568.69 5565.83 5566.4 5578.76 5592.31 5611.97 5632.04 5649.01 5658.32 5663.97 5667.31 5666.24 5664.22 5659.18 5649.33 5637.75 5626 5620.42 5616.43 5607.23 5596.08 5583.42 5569.03 5561.87 5555.24 5549.85 5547.28 5542.9 5532.91 5518.05 5511.95 5508.33 5502.74 5498.47 5497.6 5499.01 5502.3 5506.96 5512.27 5521.58 5533.44 5544.59 5554.71 5563.45 5570.89 5569.01
5840.15 5834.39 5804.05 5761.81 5716.01 5672.86 5635.71 5616.84 5607.82 5597 5595.74 5605.54 5595.8 5592.51 5588.26 5583.27 5578.58 5574.36 5579.74 5575.66 5570.47 5566.39 5564.14 5567.39 5573.03 5588.53 5607.87 5631.13 5648.08 5656.43 5656.79 5654.89 5652.75 5648.09 5640.11 5630.69 5619.38 5608.16 5602.01 5595.6 5587.75 5577.63 5566.03 5554.22 5547.68 5543.09 5538.7 5535.84 5531.67 5525.67 5519.55 5512.65 5506.5 5500.66 5495.04 5495.09 5495.97 5496.43 5498.97 5502.27 5512.43 5524.49 5535.87 5545.67 5553.53 5560.49 5564.81
5841 5842.48 5813.9 5769.26 5720.98 5677.48 5642.91 5620.41 5603.24 5592.43 5590.25 5588.57 5592.27 5591.86 5589.59 5587.42 5581.4 5573.27 5571.58 5569.89 5567.22 5564.63 5562.72 5563.05 5571 5584.6 5603.38 5627.36 5643.32 5651.04 5646.73 5641.88 5636.69 5631.43 5623.65 5613.76 5603.5 5593.13 5585.49 5580.19 5574.24 5565.32 5554.8 5544.78 5537.94 5533.06 5530.27 5528.9 5527.22 5523.66 5519.03 5513.82 5509.59 5504.29 5499 5497.44 5496 5493.26 5492.54 5496.36 5503.6 5516.77 5527.16 5536.72 5544.64 5547.09 5543.89
5845.22 5853.91 5822.41 5770.44 5719.2 5674.43 5638.12 5615.63 5597.39 5590.34 5588.19 5587.69 5589.66 5590.27 5591.27 5590.93 5585.92 5576.96 5569.36 5566.2 5565.26 5564.76 5565.19 5566.54 5571.96 5582.8 5596.35 5614.38 5628.01 5635.25 5632.65 5630.03 5625.63 5618.66 5610.37 5601.63 5591.27 5581.06 5573.88 5569.06 5563.51 5555.52 5546.26 5537.24 5531.3 5528.51 5526.23 5525.65 5524.39 5523.96 5522.98 5520.05 5516.38 5511.03 5509.05 5503.85 5498.08 5494.08 5488.81 5488.4 5499.89 5510.88 5520.43 5529.93 5537.98 5546.89 5547.72
5842.54 5847.66 5815.64 5759.21 5708.01 5664.11 5628.9 5606.2 5594.79 5590.95 5589.04 5588.96 5589.97 5590.44 5591.25 5590.95 5587.56 5583.08 5571.97 5566.13 5565.36 5565.43 5567.31 5570.75 5575.51 5581.81 5589.27 5599.67 5608.63 5612.92 5617.2 5617.24 5614.81 5609.67 5602.34 5593.83 5584.15 5574.5 5568.81 5562.31 5556.9 5549.47 5540.95 5532.37 5527.08 5525.61 5524.2 5523.29 5523.72 5525.54 5529.95 5534.78 5521.98 5514.95 5510.07 5504.7 5501.29 5498.24 5493.42 5492.19 5499.45 5507.48 5516.24 5524.24 5529.92 5529.48 5534.56
5827.57 5814.09 5781.04 5731.16 5687.15 5649.03 5617.88 5597.53 5592.72 5588.98 5590.43 5592.3 5591.27 5589.7 5589.25 5593.99 5589.11 5581.94 5573.58 5568.74 5567.61 5566.17 5564.94 5566.73 5570.79 5577.01 5586.83 5590.59 5594.7 5599.64 5603.78 5607.07 5605.86 5601.21 5594.66 5587.21 5579.05 5570 5565.92 5559.55 5553.46 5546.75 5539.06 5531.1 5526.17 5526.23 5523.9 5523.48 5523.16 5523.39 5523.78 5522.46 5521.57 5518.81 5509.45 5504.44 5509.57 5506.25 5507.97 5504.7 5501.68 5507.06 5515.43 5522.81 5529.04 5531.5 5533.87
5796.67 5761.18 5724.97 5691.14 5660.97 5633.1 5609.23 5595.72 5591.43 5588.5 5593.24 5596.16 5592.79 5589.48 5589.02 5612.37 5618.24 5581.74 5577.54 5574.98 5571.54 5567.97 5565.86 5566.09 5568.61 5573.15 5578.33 5581.53 5585.31 5585.9 5595.38 5602.74 5600.63 5595.25 5588.53 5581.2 5574.14 5566.15 5561.17 5556.6 5551.6 5545.84 5539.58 5533.23 5527.06 5524.27 5523.78 5522.98 5521.68 5519.87 5517.11 5514.27 5521.59 5530.98 5537 5539.71 5531.38 5514.71 5494.93 5494.92 5502.75 5509.06 5516.21 5524.36 5532.06 5541.7 5539.45
5755.63 5709.69 5670.24 5650.7 5634.16 5617.5 5602.84 5593.79 5591.56 5591.1 5596.96 5597.21 5593.41 5590.2 5589.32 5593.47 5592.85 5584.01 5583.57 5584.68 5574.11 5569.12 5567.05 5566.33 5567.74 5570.37 5570.94 5573.02 5580.02 5599.56 5614.57 5605.09 5596.61 5589.51 5582.74 5576.7 5570.5 5563.91 5560.06 5555.53 5551.54 5547.1 5542.04 5537.07 5533.21 5527.51 5523.88 5521.87 5520.86 5519.14 5516.3 5509.84 5526.06 5547.64 5568.7 5584.71 5557.68 5529.25 5501.69 5499.54 5508.31 5514.19 5521.17 5527.17 5532.14 5539.48 5539.24
5714.48 5670.68 5631.7 5621.67 5614.21 5605.47 5596.98 5593.45 5592.8 5593.7 5595.08 5595.62 5592.69 5589.52 5586.6 5584.63 5599.27 5597.71 5585.16 5574.43 5570.75 5567.33 5565.44 5565.14 5565.78 5567.22 5568.42 5569.05 5572.91 5603.02 5611.31 5597.75 5589.31 5582.88 5577.19 5571.25 5566.04 5562.1 5557.93 5554.46 5551.1 5546.51 5542.35 5538.21 5534.39 5530.49 5529.75 5529.98 5527.78 5527.46 5527.82 5523.44 5545.21 5560.24 5579.7 5592.54 5573.35 5550.82 5529.27 5521.26 5521.11 5523.79 5526.39 5530.87 5532.18 5536.22 5539.27
5684.16 5650.81 5621.73 5609.8 5603.49 5599.01 5595 5592.25 5593.15 5595.73 5597.81 5594.23 5590.75 5587.63 5585.64 5582.44 5591.23 5593.23 5582.01 5572.07 5567.95 5565.56 5563.1 5563.43 5563.94 5563.81 5564.94 5565.21 5568.39 5572.5 5572.06 5579.66 5578.82 5575.31 5571.26 5566.46 5561.19 5557.75 5556.27 5554.94 5550.91 5548.01 5545.04 5540.88 5535.93 5534.51 5535.24 5535.34 5533.71 5534.21 5539.82 5562.61 5558.01 5556.58 5567.99 5586.02 5561.61 5550.75 5562.19 5539.47 5531.34 5535.22 5537.62 5539.51 5537.68 5539.54 5548.57
5665.83 5641.22 5624.52 5607.53 5598.63 5595.96 5595.39 5591.25 5592.32 5596.49 5597.28 5592.36 5589.15 5585.62 5582.73 5580.55 5574.93 5577.62 5576.06 5571.14 5567.45 5565.32 5564.31 5562.95 5563.15 5564.14 5563.32 5562.81 5562.64 5563.82 5565.09 5568.41 5569.4 5568.37 5566.05 5562.59 5557.7 5549.12 5550.47 5553.58 5552.31 5552.51 5552.58 5550.27 5541.94 5539.72 5543.41 5543.32 5540.15 5535.03 5532.1 5527.18 5527.23 5534.16 5535.32 5519.54 5523.77 5520.83 5516.9 5534.26 5541.33 5545.18 5555.47 5556.95 5557.32 5560.74 5567.65
5654.42 5632 5614.23 5601.08 5594.41 5592.44 5590.93 5589.79 5591.4 5593.13 5591.69 5589.4 5587.36 5584.85 5583.76 5586.35 5577.55 5574.28 5572.4 5569.85 5566.74 5563.61 5561.81 5561.29 5562.11 5563.53 5562.23 5559.26 5560.16 5559.79 5559.71 5562 5563.28 5563.36 5562.4 5560.75 5559.17 5558.39 5552.3 5548.52 5552.97 5557.02 5561.21 5569.18 5563.69 5555.62 5561.33 5555.9 5546.14 5535.27 5523.48 5510.49 5507.14 5514.4 5518.19 5512.1 5521.36 5523.75 5523.46 5548.41 5561.95 5575.24 5579.32 5581.86 5582.6 5590.06 5599.82
5646.26 5624.29 5610.01 5597.26 5590.76 5589.53 5588.79 5589.56 5590.73 5589.45 5588.39 5587.92 5586.49 5585.85 5586.84 5586.84 5577.79 5572.98 5569.73 5567.49 5564.08 5559.83 5558.18 5558.14 5559.53 5561.61 5561.44 5560.23 5557.12 5556.24 5556.31 5557.97 5558.84 5560.07 5559.53 5559.08 5559.95 5561.59 5557.78 5558.11 5559.29 5561.34 5564.68 5574.65 5602.92 5613.62 5591.06 5571.05 5552.75 5537.14 5520.33 5507 5502.09 5506.77 5515.89 5537.33 5556.6 5573.39 5583.32 5583.17 5590.75 5598.69 5611.35 5615 5613.81 5627.55 5645.32
5636.39 5617.09 5602.69 5592.65 5587.93 5587.03 5585.5 5587.26 5589.51 5587.12 5586.17 5585.47 5584.82 5584.34 5584.53 5582.09 5575.91 5570.84 5566.85 5562.82 5558.38 5554.16 5552.84 5554.09 5555.36 5556.75 5557.33 5556.99 5555.69 5555.9 5556.33 5556.74 5556.51 5556.35 5556.46 5556.88 5557.37 5559.7 5564.34 5569.66 5567.63 5565.29 5562.99 5561.6 5577.35 5634.75 5604.1 5579.55 5559.16 5540.71 5522.42 5507.95 5500.88 5504.77 5513.31 5524.32 5539.96 5586.09 5609.21 5614.09 5624.46 5637.63 5647.01 5657.89 5658.15 5679.75 5704.29
5627.02 5609.27 5599.52 5591.48 5585.89 5585.43 5585.9 5584.29 5583.2 5582.95 5583.25 5583.62 5582.72 5581.49 5580.76 5578.06 5572.59 5568.15 5564.16 5559.81 5554.95 5552 5550.52 5550.79 5551.36 5550.46 5549.23 5553.16 5553.71 5555.97 5556.04 5555.88 5554.82 5554.13 5554.27 5554.88 5555.37 5557.32 5565.45 5572.4 5570.98 5567.91 5565.06 5564 5574.45 5584.43 5589.8 5575.86 5558.15 5541.39 5523.87 5508.97 5499.94 5504.88 5512.64 5523.1 5544.19 5576.2 5607.62 5634.12 5657.51 5679.43 5703.9 5710.64 5718.26 5748.63 5779.42
5614.65 5602.2 5593.3 5586.64 5581.79 5580.66 5577.93 5581.4 5581.83 5580.94 5582.51 5583.2 5580.46 5577.91 5576.43 5572.41 5567.82 5564.96 5561.97 5558.58 5555.87 5549.98 5548.13 5548.12 5548.91 5550.26 5552.8 5551.19 5549.98 5552.7 5554.66 5554.28 5551.7 5551.14 5551.99 5553.93 5556.49 5560.02 5566.12 5570.5 5572.42 5570.89 5569.18 5569.69 5572.06 5581.63 5577.2 5571.73 5559.28 5541.05 5525.78 5512.06 5505.76 5509.58 5519.63 5532.72 5547.81 5579.48 5616.34 5653.52 5691.01 5726.36 5757.19 5776.18 5795.28 5837.23 5875.98
5603.62 5593.51 5585.81 5579.06 5577.45 5578.14 5582.39 5581.14 5581.91 5580.64 5581.49 5582.27 5577.18 5572.84 5573.01 5568.42 5564.15 5562.17 5560.05 5557.68 5553.27 5548.67 5545.79 5545.43 5546.46 5548.88 5552.09 5549.17 5547.46 5551.46 5549.78 5547.11 5546.02 5546.49 5548.78 5552.48 5558.1 5563.2 5567.33 5573.5 5574.84 5573.05 5572.17 5573.65 5571.67 5561.66 5571.74 5571.24 5560.82 5546.78 5530.97 5514.9 5506.32 5512.84 5528.98 5548.56 5566.85 5595.23 5627.55 5675.35 5727.3 5778.28 5825.37 5853.33 5895.17 5928.82 5965.41
