real_craters/C180-1000m.grd
DSAA
88 88
-43.28 43.28
-43.28 43.28
7067.6840882456 9802.0499631562
[rows 0 to 29 of 88, columns 0 to 66 of 88]
8922.74 8932.39 8928.4 8922.81 8916.65 8917.55 8928.07 8937.33 8944.78 8946.78 8950.29 8960.52 8978.99 8963.33 8954.53 8955.59 8980.46 8989.31 8983.16 8988.53 9005.27 8981.8 8951.36 8927.59 8916.23 8911.38 8908.83 8901.62 8894.2 8886.43 8897.47 8911.43 8935.61 8991.27 9060.92 9120.64 9163.06 9169.88 9157.35 9147 9134.47 9130.27 9132.8 9167.61 9185.72 9167.4 9164.99 9166.3 9155.22 9134.84 9129.53 9130.99 9134.35 9146.47 9163.71 9160.13 9128.52 9106.07 9106.73 9114.92 9128.07 9142.31 9153.3 9158.31 9138.01 9133.47 9154.09
8934.29 8946.9 8938.65 8927.36 8927.13 8918.8 8920.08 8937.69 8949.96 8943.35 8942.61 8954.57 8966.95 8965.97 8955.21 8948.33 8963.5 8972.96 8983.01 8991.84 8974.58 8941.77 8930.69 8900.06 8892.77 8895.63 8896.71 8895.54 8893.52 8895.84 8900.03 8906.12 8917.01 8970.83 9042.61 9109.78 9156.46 9182.32 9188.77 9177.36 9150.37 9133.57 9146.16 9190.98 9202.12 9175.02 9170.78 9180.99 9179.21 9174.36 9163.86 9150.55 9146.59 9156.39 9173.34 9184.59 9152.3 9124.55 9137.73 9161.41 9172.67 9164.9 9154.14 9146.02 9141.51 9133.33 9162.2
8941.64 8947.56 8937.26 8934.29 8935.77 8927.7 8927.01 8938.93 8932.49 8918.45 8895.11 8913.83 8959.52 8962.21 8953.5 8935.78 8933.7 8967.51 8998.15 8992.77 8948.96 8922.18 8919.62 8889.54 8887.1 8892.26 8894.99 8895.88 8896.85 8902.35 8921.11 8913.44 8917.63 8959.9 9025.77 9091.31 9130.42 9144.21 9198.1 9190.81 9150.91 9142.76 9169.2 9198.81 9202.28 9182.57 9176.16 9188.83 9197.05 9195.17 9178.48 9166.13 9162.49 9164.07 9173.18 9180 9188.65 9177.61 9178.27 9194.25 9193.89 9171.5 9152.23 9150.97 9149.63 9156.86 9162.95
8934.87 8933.95 8932.14 8930.56 8927.68 8931.38 8939.27 8939.57 8912.29 8897.55 8894.72 8890.57 8938.44 8958.63 8959.72 8950.96 8949.19 8974.3 9004.98 9015.99 8964.37 8910.33 8900.22 8886.23 8894.78 8898.37 8900.3 8900.55 8901.73 8904.46 8920.01 8917.16 8917.66 8951.45 9009.84 9064.28 9105.96 9141.19 9170.97 9189.25 9174.07 9198.01 9199.33 9200.82 9201.2 9200.78 9200.12 9194.25 9201.64 9195.94 9188.4 9178.53 9167.8 9168.53 9175.66 9194.76 9229.5 9221.61 9207.49 9203.52 9195.09 9189.82 9182.76 9171.93 9148.45 9140.43 9157.8
8926.23 8931.04 8934.71 8927.89 8922.07 8932.06 8943.52 8943.41 8901.78 8879.7 8867.44 8870.38 8932.04 8967.05 8977.77 8984.02 8993.15 8989.73 9012.41 9055.21 8995.97 8894.18 8885.04 8890.24 8903.38 8906.86 8907.3 8907.21 8907.39 8909.53 8918.01 8918.05 8920.35 8948.11 8998.75 9047.61 9090.18 9156.46 9189.97 9180.93 9203.51 9212.09 9196.13 9188.78 9195.37 9205.38 9215.05 9203 9218 9218.99 9207.15 9195.3 9184.65 9176.25 9176.14 9207.74 9235.04 9231.75 9217.87 9207.86 9197.6 9209.41 9184.35 9174.36 9147.02 9142.47 9170.3
8925.27 8926.64 8931.7 8933.66 8927.88 8938.3 8950.9 8957.14 8927.11 8883.1 8848.86 8894.58 8968.11 8987.8 8996.89 9003.13 9017.8 8986.14 8976.89 9083.69 9052.01 8958.54 8902.95 8915.33 8916.69 8913.18 8912.69 8913.15 8914.17 8915.33 8916.49 8919.6 8927.06 8953.93 9006.61 9047.48 9101.25 9152.4 9188.09 9192.73 9196.24 9206.15 9201.71 9195.33 9200.04 9212.59 9233.62 9237.15 9237.14 9229.81 9223 9214.74 9200.56 9181.52 9169.18 9189.35 9209.43 9219.78 9213.62 9206.19 9203.46 9214.05 9207.02 9183.22 9166.39 9184.3 9186.5
8923.67 8927.02 8932.81 8944.4 8958.61 8957.66 8979.69 8968.73 8971.43 8957.61 8954.74 8986.04 9004.93 9004.08 9005.21 9008.28 9009.44 8982.36 8960.37 9024.6 9005.56 8953.85 8886.41 8930.52 8919.85 8914.24 8915.7 8918.56 8921.61 8923.01 8923.74 8928.41 8941.4 8970.67 9034.33 9100.4 9131.23 9172.19 9196.67 9195.84 9189.98 9204.15 9209.65 9198.88 9214.39 9235.29 9246.21 9251.1 9251.14 9238 9232.12 9230.7 9215.26 9184.25 9165.89 9169.14 9184.07 9195.61 9201.96 9204.36 9211.51 9222.45 9212.5 9187.44 9188.6 9201.81 9197.64
8928.61 8930.4 8943.79 8950.85 8960.77 8975.54 8981.42 8985.46 8980.76 8995.38 8991.06 9005.89 9009.3 9008.04 9009.56 9006.27 8998.75 8986.13 8988.42 8999.6 8937.09 8877.43 8886.11 8934.53 8930.63 8920.33 8922.73 8926.54 8930.5 8932.05 8932.71 8942.31 8972.58 9013.05 9068.39 9113.35 9160.08 9187.94 9198.05 9202.44 9207 9210.78 9212.83 9211.04 9222.98 9232.45 9243.08 9250.05 9255.01 9243.89 9234.63 9222.86 9205.53 9180.26 9159.72 9164.53 9182.74 9180.57 9194.92 9198.57 9198.19 9217.31 9203.52 9188.15 9177.79 9195.09 9191.19
8936.96 8941.18 8945.08 8954.66 8963.08 8975.82 8983.47 8988.57 8964.63 8982.25 8989.54 8996.45 8996.66 9000.86 9009.99 9009.9 9001.98 9004.06 9026.59 9044.25 8957.37 8875.1 8880.57 8931.78 8936.44 8930.71 8936.89 8943.58 8947.27 8947.19 8937.72 8958.99 9015.4 9071.92 9110.76 9147.02 9179.27 9193.14 9204.62 9212.49 9212 9219.16 9226.84 9234.3 9237.1 9241.07 9236.86 9234.5 9245.82 9249.7 9238.68 9217.76 9199.45 9177.51 9161.86 9163.04 9180.4 9194.57 9202.85 9211.32 9211.23 9225.29 9222.67 9204.47 9196.15 9199.22 9189.84
8936.97 8943.62 8951.93 8957.94 8962.36 8965.59 8980.52 8972.02 8975.41 8983.87 8989.68 8980.33 8981.41 8987.26 8997.93 9007.47 9008.28 9016.15 9033.74 9045.29 9051.72 8998.87 8982.95 8973.42 8941.27 8951.52 8969.64 8981.08 8981.91 8978.96 8981.83 9021.81 9065.08 9107.57 9147.85 9177.38 9193.14 9195.94 9184.94 9214.74 9213.39 9217.44 9234.11 9244.89 9257.63 9249.51 9241.76 9230.75 9240.04 9245.78 9246.22 9239.97 9214.01 9184.15 9154.44 9161.11 9178.51 9206.98 9216.67 9223.58 9230.54 9233.31 9218.46 9236.19 9225.23 9200 9190.65
8933.19 8939.16 8949.98 8953.86 8961.24 8972.03 8973.07 8971.27 8972.24 8967.89 8970.51 8968.7 8969.65 8976.52 9000.69 9004.08 9005.31 9010.2 9018.14 9031.36 9071.22 9087.3 9093.76 9056.42 9026.95 9014.75 9023.23 9023.96 9023.26 9019.04 9019.27 9078.73 9111.49 9144.98 9167.65 9187.53 9205.88 9227.11 9231.72 9231.12 9231.02 9232.79 9250.64 9250.94 9255.1 9277.53 9260.04 9241.56 9231.99 9247.72 9247.69 9251.99 9225.1 9199.82 9182.88 9183.88 9196.15 9211.59 9225.5 9230.29 9232.78 9221.58 9211.33 9236.73 9237.21 9215.32 9201.65
8928.86 8939 8944.3 8952.23 8957.56 8958.55 8955.43 8955.02 8957.42 8953.91 8944.45 8953.78 8961.49 8969.91 8979.26 8998.26 9003.85 8996.72 9008.27 9031.77 9062.07 9102.78 9121.36 9110.39 9126.12 9115.7 9086.82 9068.29 9062.84 9066.78 9090.13 9136.2 9142.62 9151.82 9173.17 9191.13 9201.78 9211.74 9224.04 9229.31 9228.11 9234.61 9247.74 9235.15 9223.91 9280.1 9273.58 9270.3 9275.92 9247.28 9235.17 9225.81 9218.73 9209.21 9205.77 9203.62 9205.26 9204.29 9231.54 9257.15 9237.43 9260.51 9265.32 9271.41 9250.24 9233.01 9221.51
8924.51 8930.57 8931.01 8932.63 8950.46 8947.47 8940.16 8936.24 8939.42 8935.26 8958.46 8959.29 8962.93 8975.87 8990.3 9002.32 9013.66 9019.7 9010.82 9030.45 9065.67 9103.74 9099.41 9106.27 9119.71 9146.74 9128.85 9112.24 9103.08 9106.78 9129.23 9147.83 9152.84 9158.5 9177.28 9186.08 9188.71 9183.9 9196.87 9212.48 9214.55 9243.63 9248.11 9228.32 9225.47 9272.8 9273.95 9257.1 9255.92 9245.31 9227.94 9205.98 9217.02 9213.62 9210.98 9220.44 9214.59 9215.17 9228.71 9242.94 9264.02 9292.02 9272.08 9233.17 9254.82 9251.32 9235.54
8911.83 8920.58 8922.1 8924.17 8932.53 8931.15 8924.82 8931.05 8933.03 8937.39 8945.05 8963.24 8966.18 8974.28 8990.85 9005.88 9023.15 9045.14 9044.32 9035.18 9055.18 9085.08 9101.47 9101.48 9105.94 9134.85 9136.08 9128.28 9123.09 9122.92 9125.7 9135.77 9148.17 9153.51 9161.36 9164.8 9164.8 9159 9167.21 9181.98 9215.68 9230.42 9231.57 9238.31 9256.64 9279.64 9277.57 9261.24 9248.39 9253.17 9246.19 9238.16 9241.06 9234.05 9222.07 9215.59 9232.86 9221.37 9228.43 9248.76 9294.86 9205.75 9224.08 9253.31 9259.93 9254.07 9238
8904.8 8914.41 8912.53 8908.71 8906.29 8920.95 8920.65 8932.67 8940.76 8945.11 8947.43 8955.9 8959.55 8969.48 8989.15 9005.52 9021.42 9039.13 9060.93 9058.9 9063.33 9079.61 9094.27 9106.51 9104.61 9120.7 9123.32 9124.42 9124.87 9126.3 9130.65 9138.13 9142.44 9139.04 9133.33 9140.04 9140.75 9140.03 9150.06 9172.14 9206.33 9218.4 9227.25 9246.35 9270.09 9283.44 9283.97 9291.77 9279.51 9280.68 9280.97 9278.76 9279.94 9285.25 9263.57 9241.36 9253.06 9232.5 9236.92 9268.25 9298.35 9179.09 9219.33 9282.37 9269.16 9247.36 9236.34
8913.65 8914.06 8913.29 8909.19 8914.09 8928.54 8937.52 8942.12 8949.49 8955.46 8957.3 8959.57 8965.07 8973.5 8993.87 9006.58 9016.06 9019.48 9038.46 9065.1 9061.69 9074.24 9110.2 9114.31 9104.16 9099.35 9104.45 9110.44 9114.72 9120.88 9129.87 9142.86 9142.59 9131.31 9123.74 9126.38 9129.41 9132.49 9153.99 9177.34 9203.01 9221.31 9230.83 9252.26 9279.08 9285.04 9284.11 9283.99 9297.43 9310.58 9303.28 9305.26 9311.44 9316.87 9292.81 9253.34 9255.05 9244.73 9241.69 9257.39 9279.37 9286.51 9267.2 9291.9 9271.1 9253.09 9240.13
8919.11 8920.24 8926.6 8928.66 8939.6 8932.22 8947.84 8949.83 8956.64 8960.61 8964.53 8969.57 8980.2 8998.55 9005.98 9013.4 9018.2 9024.61 9045.21 9053.46 9059.94 9057.02 9103.83 9123.73 9105.28 9090.3 9091.62 9100.68 9109.54 9117.74 9123.77 9129.12 9135.04 9126.51 9119.35 9124.87 9134 9144.18 9174 9199.68 9207.54 9224.31 9211.25 9247.89 9273.4 9291.11 9292.9 9266.08 9282.36 9319.98 9333.69 9334.84 9336.53 9325.84 9314.79 9310.84 9285.38 9269.57 9271.36 9269.21 9260.72 9275.95 9289.54 9294.16 9277.08 9255.66 9249.69
8915.89 8927.01 8933.56 8917.99 8903.34 8943.33 8943.02 8953.55 8965.79 8960.47 8962.11 8979.58 8998.1 9008.2 9022.51 9025.08 9026.55 9025.77 9044.4 9061.93 9057.42 9045.71 9091.27 9107.64 9094.29 9094.88 9089.14 9097.97 9113.25 9121.46 9124.93 9121.57 9134.95 9133.4 9121.26 9128.46 9147.83 9169.91 9194.18 9238.61 9226.84 9221.92 9228.6 9264.14 9292.86 9316.33 9327.25 9343.86 9324.2 9334.14 9366.64 9360.98 9352.54 9346.93 9314.15 9291.07 9289.13 9285.42 9281.59 9265.03 9264.1 9279.56 9289.66 9283.76 9277.15 9267.82 9262.86
8914.53 8920.68 8929.48 8931.59 8936.94 8943.76 8941.12 8950.86 8959.29 8961 8959.76 8978.1 8991.99 9027.04 9034.69 9037.44 9039.28 9039.44 9048.51 9061.02 9050.18 9059.02 9065.88 9063.9 9074.23 9059.29 9081.02 9104.28 9117.03 9128.61 9139.02 9145.95 9157.48 9151.28 9139.73 9148.63 9159.48 9178.45 9200.5 9223 9221.36 9224.37 9267.97 9335.76 9341.38 9359.43 9368.73 9373.92 9361.4 9352.82 9358.42 9348.64 9341.02 9354.35 9304.45 9282.85 9289.52 9299.36 9306.29 9278.53 9264.5 9272.12 9287.17 9298.38 9295.16 9286.47 9275.88
8911.1 8912.27 8920.33 8932.61 8944.77 8957.44 8962.97 8966.11 8962.19 8967.79 8975.97 8992.08 8996.27 9010.63 9039.47 9052.3 9059.4 9063.3 9064.51 9082.65 9086.94 9085.16 9076.16 9072.69 9091.63 9121.9 9118.6 9111.15 9118.17 9133.1 9154.91 9185.48 9187.36 9196.06 9200.94 9195.3 9180.87 9192.34 9236.4 9254.98 9231.53 9322.92 9460.34 9491.44 9448.27 9403.49 9384.13 9380.19 9345.11 9348.42 9349.32 9329.41 9293.37 9266.12 9309.83 9323.11 9301.98 9288.88 9303.68 9303.65 9284.97 9264.65 9281.78 9290.07 9284.5 9286.01 9282.16
8917.11 8918.79 8921.65 8924.28 8929.12 8952.14 8978.54 8981.86 8971.14 8985.23 9015.73 9020.77 9024.09 9037.15 9049.35 9065.34 9081.2 9090.2 9092.31 9095.69 9106.34 9106.71 9098.15 9102.56 9109.07 9106.75 9092.52 9102.17 9117.71 9135.3 9157.44 9183.4 9201.91 9217.02 9217.78 9222.99 9233.76 9257.79 9289.19 9268.62 9307.08 9369.17 9450.01 9471.06 9458.2 9422.79 9372.68 9296.91 9299.8 9302.05 9309.36 9332.52 9311.65 9286.05 9303.65 9313.05 9311.88 9294.31 9313.65 9301.89 9283.74 9287.3 9297.31 9284.68 9284.13 9284.46 9291.12
8944.48 8936.5 8929.49 8930.85 8926.9 8949.57 9002.41 9011.64 8981.18 9002.65 9024.31 9036.76 9045.7 9050.58 9060.61 9082.58 9102.15 9121.25 9100.4 9117.01 9126.09 9128.32 9128.63 9129.34 9115.99 9092.46 9072.02 9103.17 9129.71 9143.88 9154.25 9161.54 9203.03 9167.48 9192.66 9222.71 9256.82 9295.44 9280.9 9269.77 9301.85 9393.85 9400.18 9408.27 9429.61 9430.19 9434.88 9373.2 9321.4 9317.66 9334.3 9377.7 9438.05 9443.32 9401.68 9352.69 9350.14 9343.12 9336.86 9303.2 9316.2 9314.74 9310.35 9309.53 9291.46 9296.8 9304.36
8959.17 8952.16 8951.54 8954.02 8945.16 8945.49 9020.23 9051.39 9029.86 9030.33 9032.92 9044.03 9050.05 9057.23 9075.16 9087.14 9103.44 9124.3 9111.49 9133.34 9138.07 9136.01 9140.85 9146.96 9124.91 9116.53 9112.71 9117.52 9137.46 9161.35 9169.19 9156.46 9145.78 9152.65 9182.65 9209.54 9255.96 9339.7 9424.44 9373.45 9377.76 9446.9 9382.99 9321.5 9352.6 9394.86 9443.42 9430.6 9343.05 9324.26 9364.47 9392.81 9474.17 9501.89 9468.91 9473.03 9423.8 9375.16 9362.1 9300.23 9333.1 9320.13 9304.85 9284.44 9319.57 9325.2 9326.34
8973.75 8954.68 8968.95 9005.99 8998.16 9012.79 9036.76 9061.41 9047.24 9052.44 9054.34 9054.18 9059.86 9069.17 9071.69 9078.68 9091.07 9093.12 9128.18 9147.74 9121.08 9122.11 9124.05 9119.17 9114.08 9130.62 9127.46 9135.03 9168.72 9202.08 9225.13 9222.19 9187.12 9201.68 9233.28 9244.5 9238.59 9320.47 9434.26 9348.12 9354.31 9271.21 9252.58 9210.14 9176.05 9247.15 9407.49 9379.42 9247.82 9188.19 9277.1 9324.85 9364.81 9445.84 9563.99 9550.87 9488.81 9429.37 9411.79 9355.47 9314.85 9322.47 9325.66 9317.23 9347.55 9341.37 9343.27
8972.97 8951.33 8978.86 9024.05 9005.05 9013.84 9023.38 9040.46 9027.06 9074.43 9068.76 9053.8 9046.73 9062.07 9070.49 9077.27 9084.6 9082.93 9089.59 9102.57 9085.07 9093.26 9088.44 9101.55 9117.4 9129.58 9132.14 9158.56 9210.07 9267.82 9325.8 9385.04 9455.32 9415.26 9290.47 9216.15 9190.93 9191.23 9161.8 9064.36 9046.16 8971.7 8953.81 8876.41 8902.63 8963.86 9006.33 9037.24 9051.35 9065.86 9208.4 9214.8 9220.74 9282.02 9417.04 9549.73 9503.61 9487.61 9476.63 9438.65 9324.91 9321.47 9332.39 9354.46 9347.75 9376.68 9352.98
8978.97 8977.07 9002 9031.47 9027.63 9012.06 9003.53 9002.1 9017.53 9029.6 9053.14 9047.59 9038.55 9051.95 9063.39 9071.03 9079.28 9081.54 9075.94 9067.06 9078.1 9094.38 9107.7 9108.23 9118.1 9159.16 9174.06 9194.69 9247.04 9313.07 9400.12 9501.88 9611.22 9409.41 9265.61 9200.75 9168.85 9037.57 8927.07 8926.67 8910.33 8863.96 8759.22 8695.93 8679.09 8694.08 8701.65 8806.01 8894.64 8967.07 9097.19 9091.73 9065.03 9144.16 9236.2 9362.2 9453.28 9495.28 9519.83 9475.69 9353.2 9343.33 9346.52 9369.61 9369.56 9357.61 9347.37
8996.62 9011.11 9016.6 9030.72 9022.83 9015.76 9008.49 9008.53 9003.08 9012.78 9033.6 9032.59 9012.65 9047.58 9056.64 9059.95 9065.42 9073.27 9073.66 9082.21 9101.06 9121.69 9115.06 9120.32 9150.13 9211.61 9261.1 9239.68 9289.16 9371.69 9470.11 9540.08 9555.26 9344.37 9154.27 9046.9 8975 8917.82 8890.99 8906.46 8928.6 8868.56 8728.91 8568.45 8517.69 8524.82 8605.32 8711.97 8797.7 8852.38 8939.68 9007.94 8956.54 9013.02 9058.26 9210.31 9415.38 9572.79 9630.68 9554.11 9455.43 9398.84 9395.07 9437.66 9401.02 9341.01 9342.94
9030.78 9039.39 9031.15 9038.98 9031.35 9015.74 9010.64 8999.76 9016.66 9020.8 9024.9 9027.93 9028.74 9046.74 9049.97 9046.86 9042.84 9051.45 9080.38 9109.16 9095.02 9055.38 9111.11 9141.02 9201.81 9246.28 9253.44 9251.7 9333.04 9414.27 9483.02 9532.14 9517.56 9218.76 9033.12 8881.85 8819.65 8810.84 8787.24 8688.58 8711.02 8695.12 8589.78 8499.55 8369.79 8394.38 8466 8568.19 8677.91 8825.93 8871.07 8945.5 8904.2 8866.59 8904.7 9110.67 9377.78 9640.44 9718.2 9693.45 9548.73 9434.09 9352.15 9361.5 9376.88 9377.63 9358.6
9048.33 9054.5 9045.65 9031.76 9019.74 9014.05 9012.04 9007.94 9019.61 9017.22 9016.03 9012.8 9019.57 9028.48 9036.29 9039.13 9043.08 9072.97 9100.97 9121.04 9109.94 9118.45 9121.15 9205.68 9289.9 9307.84 9271.61 9365.05 9383.02 9413.58 9441.81 9461.2 9387.97 9110.28 8909.39 8825 8695.51 8674.14 8619.83 8417.78 8394.67 8366.38 8283.48 8221.37 8228.44 8285.52 8290.7 8356.82 8455.42 8549.63 8660.05 8793.57 8779.09 8730.59 8829.27 9015.8 9262.02 9560.24 9679.26 9684.42 9595.53 9482.96 9400.13 9372.4 9384.55 9381.31 9366.53
9045.3 9033.18 9019.68 9004.12 8993.23 8998.41 8997.2 9010.71 9016.28 9011.93 9013.55 9009.59 9013.4 9023.85 9031.55 9036.33 9053.57 9080.53 9102.74 9129.85 9121.26 9114.67 9182.89 9325.99 9480.24 9407.47 9411.24 9406.31 9386.33 9357.06 9336.85 9327.37 9285.72 8926.26 8761.92 8645.55 8497.17 8478.06 8382.92 8205.48 8142.78 8079.69 8027.35 8053.72 8076.07 8149.21 8134.85 8159.83 8209.8 8257.57 8335.38 8484.61 8538.44 8563.99 8716.84 8858.28 9029.56 9247.38 9600.24 9755.75 9698.48 9555.34 9447.03 9439.13 9409.77 9384.25 9364.14
