real_craters/C180-500m.grd
DSAA
304 304
-75.74 75.74
-75.74 75.74
3785.6653999413 6746.5344258219
[rows 0 to 29 of 304, columns 201 to 267 of 304]
5407.89 5407.3 5406.72 5406.15 5405.56 5405.45 5404.75 5404.24 5404.04 5403.62 5403.33 5403.12 5403.82 5402.09 5400.69 5399.74 5399.61 5399.58 5404.29 5408.87 5414.01 5416.9 5415.47 5412.44 5405.24 5407.28 5419.31 5416.11 5403.84 5399.21 5393.62 5389 5387.05 5383.98 5378.43 5378.66 5385.15 5393.14 5401.13 5408.12 5415.54 5422.72 5423.42 5422.13 5420.79 5419.88 5421.62 5425.19 5430.98 5437.14 5438.5 5434.78 5427.73 5419.99 5413.21 5407.06 5400.68 5395.25 5391.6 5388.91 5388.52 5388.21 5385.36 5382.36 5379.38 5378.54 5378.37
5408.55 5408.37 5408.02 5407.81 5407.02 5405.6 5404.95 5405.71 5405.61 5405.28 5405.1 5404.63 5403.52 5403.19 5401.66 5400.32 5399.55 5399.1 5404.59 5410.53 5412.18 5416.93 5421.95 5423.08 5413.25 5389.88 5396.29 5393.57 5407.8 5398.56 5390.55 5387.77 5384.43 5381.33 5379.45 5381.61 5389.12 5397.99 5406.3 5413.22 5419.53 5425.14 5425.83 5424.02 5421.9 5421.57 5422.08 5426.32 5431.62 5435.92 5441.45 5433.52 5426.34 5419.21 5412.66 5406.27 5399.87 5393.62 5393.22 5390.44 5388.43 5388.09 5385.35 5382.06 5379.23 5377.97 5378.17
5409.57 5409.53 5409.54 5409.39 5409.2 5408.89 5408.98 5407.65 5406.86 5406.58 5406.35 5406.06 5405.63 5405.08 5403.64 5401.92 5400.07 5399.35 5403.68 5409.07 5416.31 5423.1 5431.71 5434.99 5417.68 5350.74 5259.2 5321.9 5452.69 5408.14 5392.83 5389.6 5385.31 5381.77 5380.24 5385.57 5393.92 5403.54 5412.85 5419.07 5422.65 5424.04 5425.94 5424.43 5422.27 5421.26 5423.41 5428.34 5431.81 5433.36 5431.47 5428.01 5422.68 5416.61 5410.68 5405.07 5401.22 5397.36 5392.8 5389.13 5388.78 5388.39 5384.89 5381.42 5379.08 5379.25 5381
5410.55 5410.78 5410.99 5411.24 5411.71 5412.85 5412.68 5410.6 5409.08 5408.38 5408.21 5408.32 5407.78 5408.05 5407.25 5405.42 5403.25 5401.99 5406.11 5412.18 5418.74 5426.82 5432.79 5436.62 5417.96 5355.3 5290.5 5355.07 5463.56 5411.22 5400.45 5397.92 5398.81 5390.16 5386.23 5393.76 5403.17 5411.06 5420.88 5428.09 5429.26 5427.96 5429.87 5428.48 5424.76 5422 5429.71 5432.1 5432.03 5430.19 5426.21 5422.73 5419.23 5414.05 5408.15 5402.58 5397.55 5393.77 5388.06 5386.31 5386.15 5386.51 5383.47 5380.34 5377.53 5377.47 5382.81
5411.51 5411.91 5412.4 5412.8 5413.27 5413.12 5411.66 5410.34 5410.28 5410.78 5410.89 5411.17 5412.07 5412.16 5411.96 5411.6 5410.52 5405.97 5412.58 5416.58 5420.53 5423.31 5426.19 5423.81 5409.85 5387.3 5397.23 5450.21 5433.28 5406.96 5401.69 5402.57 5404.6 5405.79 5406.82 5406.52 5413.2 5422.67 5432.91 5441.81 5445.73 5442.92 5442.32 5436.78 5429.24 5423.92 5432.77 5434.93 5432.75 5429.27 5424.95 5420.69 5416.46 5411.8 5405.97 5399.94 5393.39 5388.69 5389.21 5384.53 5383.1 5384.29 5381.95 5379.25 5376.66 5375.74 5377.04
5412.41 5412.72 5413.2 5413.86 5414.77 5415.09 5414.11 5412.83 5413.07 5412.3 5413.35 5414.35 5414.33 5415.12 5417.46 5419.05 5421.14 5427.49 5424.26 5423.03 5422.73 5422.5 5420.73 5414.29 5406.48 5401.36 5406.12 5405.95 5403.94 5400.15 5403.97 5406.76 5411.98 5410.6 5410.31 5412.53 5420.11 5431.51 5444.69 5459.81 5475.47 5474.65 5461.31 5447.93 5436.22 5429.79 5437.59 5435.15 5433.92 5430.11 5424.12 5418.53 5414.62 5410.37 5404.74 5398.58 5392.63 5387.4 5382.45 5383.12 5382.94 5382.57 5380.51 5378.24 5376.49 5376.15 5373.54
5413.39 5413.78 5414.34 5415.2 5416.19 5417.74 5420.58 5421.92 5417.37 5416.37 5417.19 5418.98 5419.97 5420.64 5424.21 5424.83 5426.01 5426.64 5426.97 5427.37 5425.08 5422.45 5416.39 5406.15 5404.06 5404.12 5402.5 5398.92 5397.95 5400.51 5407.32 5410.71 5408.25 5398.94 5399.33 5411.16 5422.93 5436 5450.74 5468.03 5492.46 5497.48 5473.21 5456.48 5443.49 5431.76 5432.5 5435.46 5435.3 5431.56 5426.11 5419.67 5415.45 5410.08 5404.28 5397.97 5391.52 5387.67 5384.82 5384.49 5384.21 5381.35 5379.22 5377.31 5375.64 5372.63 5374.87
5413.48 5413.9 5414.69 5415.88 5417.22 5418.24 5418.78 5418.7 5418.64 5418.1 5420.63 5424.22 5428.98 5434.28 5430.49 5428.53 5426.89 5425.92 5426.93 5431.12 5433.78 5431.93 5425.32 5414.75 5412.72 5411.55 5406.78 5399.74 5401.23 5406.14 5410.69 5412.27 5402.13 5395.42 5400.34 5411.84 5424.56 5437.71 5449.95 5460.18 5468.57 5473.94 5470.08 5461.47 5452.02 5443.72 5440.55 5442.48 5442.63 5437.93 5431.58 5424.86 5418.46 5411.44 5404.42 5398.47 5393.45 5391.33 5389.89 5385.16 5382.19 5380.03 5378.08 5376.34 5375.07 5374.66 5375.51
5412.91 5413.93 5414.89 5415.96 5417.08 5418.32 5418.21 5418.94 5420.17 5420.84 5423.95 5427.73 5432.32 5435.38 5432.74 5428.17 5425.12 5424.27 5427.89 5437.81 5447.8 5452.69 5448.68 5434.38 5432.82 5426.51 5416.68 5407.83 5406.6 5408.95 5409.69 5405.97 5399.99 5394.54 5401.35 5412.95 5426.54 5440.34 5450.48 5453.68 5444.73 5456.61 5466.01 5465.03 5460.7 5457.29 5459.34 5460.07 5452.04 5444 5436.92 5431.16 5421.38 5413.02 5405.56 5399.18 5396.48 5392.73 5388.97 5385.44 5381.6 5379.34 5377.39 5375.42 5373.92 5373.64 5372.94
5412.52 5413.76 5415.12 5416.09 5417.19 5419.23 5422.5 5425.43 5424.64 5424.33 5426.67 5429.14 5431.96 5434.4 5430.26 5424.17 5420.8 5421.25 5427.91 5444.62 5464.99 5482.98 5490.15 5482.14 5468.12 5448.92 5429.87 5417.2 5414.13 5412.74 5407.92 5402.85 5400.46 5393.14 5400.91 5413.67 5427.78 5442.29 5457.86 5467.73 5455.38 5467.16 5471.97 5469.96 5466.82 5465.48 5470.52 5470.71 5455.21 5446.44 5438.39 5428.66 5422.27 5414.17 5406.17 5399.27 5395.52 5397.88 5394.5 5387.94 5382.22 5378.69 5377.06 5373.98 5371.83 5369.79 5368.95
5412.87 5414.02 5414.64 5416 5417.54 5419.59 5422.86 5427.38 5430.25 5430.49 5428.8 5428.68 5429.05 5428.07 5425.7 5419.03 5414.92 5414.54 5422.69 5448.74 5482.62 5517.52 5542.87 5540.7 5508.07 5470.39 5438.88 5424.41 5424.13 5415.69 5406.9 5400.27 5397.51 5403.03 5403.71 5413.65 5427.03 5443.35 5465.24 5497.41 5533.71 5501.9 5482.52 5473.67 5468.07 5464.43 5461.84 5454.59 5449.24 5442.54 5439.88 5435.04 5425.47 5414.95 5406.17 5400.01 5399.08 5406.14 5400.08 5387.32 5381.15 5376.78 5373.76 5371.48 5369.77 5368.38 5367.63
5413.06 5414.59 5415.61 5416.18 5417.08 5418.43 5420.17 5425.52 5429.73 5429.97 5428.11 5426.44 5425.25 5424.67 5419.94 5412.82 5408.22 5407.52 5415.44 5447.57 5492.07 5543.86 5596.41 5594.8 5537.69 5481.26 5435.98 5413.63 5403.78 5398.09 5397.73 5398.2 5397.43 5397.44 5402.1 5410.88 5422.37 5435.4 5453.65 5480.11 5508.53 5495.07 5479.15 5470.45 5465.49 5461.13 5455.84 5449.57 5447.55 5442.64 5438.76 5434.1 5424 5413.17 5405.22 5399.44 5398.12 5399.5 5395.96 5385.66 5380.64 5378.17 5371.37 5369.34 5368.19 5367.74 5368.04
5414.48 5415.68 5416.28 5416.7 5416.99 5417.09 5418.29 5423.43 5426.12 5426.51 5425.13 5423.39 5420.82 5416.91 5411.78 5407.26 5402.52 5400.98 5407.48 5438.74 5485.69 5542.12 5600.15 5600.16 5537.24 5475.49 5423.64 5400.11 5397.46 5396.22 5393.78 5393.07 5394.53 5393.99 5398.31 5405.26 5414.09 5421.68 5428.72 5429.31 5431.36 5454.02 5460.37 5461.36 5460.62 5458.71 5455.54 5452.12 5449.33 5442.94 5435.47 5424.57 5415.41 5409.95 5403.81 5398.62 5396.29 5394.91 5391.94 5384.76 5380.53 5376.18 5370.46 5368.01 5366.67 5365.37 5363.56
5416.35 5417.53 5417.9 5417.83 5417.4 5416.54 5415.44 5415.74 5419.13 5421.38 5421.73 5420.85 5418.1 5413.87 5409.17 5404.52 5399.36 5395.44 5397.25 5422.5 5462.56 5507.53 5551.91 5546.79 5504.68 5456.23 5412.34 5395.45 5394 5393.34 5392.32 5391.88 5390.84 5390.68 5394.1 5398.64 5403.87 5408.03 5408.83 5405.29 5408.93 5428.46 5442.29 5449.9 5454.59 5456.5 5456.55 5453.68 5452.49 5444.33 5435.11 5423.69 5414.44 5409.02 5403.15 5398.01 5395.5 5394.29 5390.21 5384.23 5379.97 5376.04 5370.36 5367.51 5365.94 5364.7 5364.73
5419.76 5420.07 5419.7 5418.94 5418.11 5416.98 5415.59 5412.98 5413.17 5416.91 5419.26 5419.84 5418.51 5415.07 5410.58 5406.56 5399.48 5393.15 5390.33 5405.31 5431.36 5454.17 5468.22 5474.9 5460.03 5432.11 5403.15 5393.04 5391.92 5391.29 5388.32 5387.77 5386.12 5387.11 5389.75 5392.3 5395.43 5397.75 5398.51 5400.49 5406.52 5418.31 5430.41 5440.62 5449.5 5455.11 5458.16 5461.92 5457.82 5449.42 5438.2 5427.93 5419.35 5410.88 5403.63 5396.54 5395.9 5394.46 5391.08 5386.11 5379.29 5372.97 5369.04 5367.13 5366.07 5365.42 5364.66
5423.23 5422.28 5421.21 5420.1 5418.91 5417.76 5415.63 5412 5411.19 5415.5 5419.57 5422.31 5423.02 5421.46 5416.86 5414.47 5405.89 5396.39 5390.61 5395.05 5406.14 5411.04 5403.23 5418.7 5422 5411.17 5396.65 5389.97 5385.73 5384.44 5381.26 5379.41 5377.14 5379.25 5382.8 5384.28 5387.05 5390.07 5392.64 5396.55 5403.24 5413.21 5424.02 5434.93 5444.15 5452.42 5459.3 5459.51 5458.21 5453.34 5442.4 5431.94 5420.79 5413.67 5406.05 5399.46 5396.27 5394.37 5391.27 5385.53 5378.48 5371.59 5368.82 5366.84 5366.44 5366.05 5366.54
5425.01 5423.66 5422.66 5421.49 5420.04 5418.12 5416.21 5413.84 5412.03 5417.45 5422.5 5426.64 5429.72 5433.22 5439.18 5426.85 5412.92 5401.03 5392.29 5390.17 5393.08 5393.72 5392.64 5396.95 5399.72 5396.68 5391.32 5385.33 5380.63 5376.09 5372.4 5370.07 5367.31 5367.99 5372.2 5376.31 5380.29 5384.39 5387.26 5392.68 5399.51 5408.77 5419.5 5429.99 5440.29 5450.7 5460.54 5467.49 5468.24 5456.9 5445.99 5435.53 5426.18 5416.35 5408.71 5405.68 5398.81 5394.76 5391.85 5385.84 5377.78 5370.81 5367.84 5366.93 5366.81 5366.42 5365.96
5423.63 5423.97 5423.64 5423.37 5422.51 5420.27 5418.97 5419.67 5419.85 5422.96 5426.61 5430.27 5434.43 5439.1 5441.87 5431.94 5417.65 5404.78 5394.74 5389.65 5389.25 5389.58 5389.97 5389.24 5388.72 5386.49 5383.06 5376.92 5374.32 5368.32 5366.77 5366.21 5364.44 5363.35 5364.87 5369.57 5374.25 5378.81 5382.35 5388.17 5395.54 5403.42 5414.15 5425.01 5436.21 5447.52 5458.95 5469.36 5471.8 5459.12 5446.84 5436.48 5427.84 5416.31 5405.51 5399.54 5400.55 5397.41 5391.3 5384.46 5377.38 5371.18 5368.59 5367.8 5367.44 5367.1 5366.66
5424.01 5425.17 5426.37 5426.62 5426.6 5428.66 5426.74 5424.98 5426.11 5429.72 5430.48 5431.99 5434.65 5437.78 5439.41 5431.29 5417.39 5404.71 5395.2 5390.66 5388.32 5389.22 5389.82 5386.7 5383.29 5379.65 5375.93 5373.2 5371.21 5367.63 5366.4 5364.71 5362.37 5361.69 5361.87 5365.85 5369.63 5373.25 5376.1 5383.53 5389.59 5396.56 5406.11 5417.37 5429.67 5440.67 5452.23 5462.94 5467.35 5456.66 5443.16 5432.96 5423.8 5412.35 5403.13 5399.19 5401.54 5398.34 5390.62 5383.7 5377.48 5372.68 5371.08 5369.02 5368.37 5368.23 5368.67
5428.59 5429.04 5431.03 5429.87 5428.29 5428.37 5428.77 5432.09 5441.1 5434.97 5431.44 5430.64 5431.07 5431.74 5431.95 5423.73 5412.23 5402.25 5393.52 5385.94 5387.05 5388.42 5388.21 5385.82 5382.18 5378.09 5375.19 5373.9 5370.93 5368.52 5367.09 5366.23 5364.82 5363.17 5363.26 5364.71 5366.35 5367.96 5368.31 5370.4 5381.27 5391 5400.31 5409.48 5420 5431.08 5440.72 5448.39 5450.22 5445.87 5436.34 5427.78 5417.22 5409.22 5403.13 5399.1 5399.95 5396.19 5386.12 5382.96 5377.9 5373.53 5370.07 5369.7 5369.33 5368.98 5368.95
5440.7 5438.84 5436.67 5432.24 5427.03 5422.05 5422.8 5426.02 5435.44 5431.02 5427.53 5425.93 5424.73 5422.32 5414.98 5408.04 5405.61 5398.66 5391.39 5385.84 5385.81 5389.1 5388.62 5385.95 5383.11 5380.86 5377.46 5374.54 5372.42 5369.64 5369.14 5367.66 5365.96 5365.21 5365.47 5364.97 5364.24 5363.91 5364.37 5368.56 5374.97 5384.48 5393.96 5403.5 5412.13 5419.3 5427.13 5433.18 5433.47 5433.6 5429.36 5425.6 5419.75 5413.6 5406.95 5401.01 5397.81 5394.94 5390.9 5384.43 5378.94 5375.01 5373.6 5371.96 5370.52 5369.63 5368.86
5451.78 5448.09 5443.15 5434.13 5425.99 5423.2 5419.38 5416.06 5418 5419.3 5419.85 5419.83 5418.21 5416.17 5413.07 5409.73 5403.42 5396.21 5389.45 5383.99 5383.88 5386.25 5386.36 5384.56 5383.54 5383.68 5380.29 5376.72 5374.88 5371.33 5370.4 5368.62 5367.08 5366.89 5366.98 5365.9 5363.33 5361.26 5359.6 5362.22 5369.58 5378.61 5388.37 5396.96 5405.25 5411.75 5417.67 5420.97 5422.13 5423.65 5423.27 5424.93 5427.65 5425.59 5411.42 5404.45 5399.97 5396.03 5392.02 5385.94 5380.31 5376.66 5374.94 5373.39 5371.66 5370.39 5369.6
5449.2 5457.12 5447.5 5436.57 5426.52 5419.71 5420.12 5417.72 5411.18 5411.16 5412.8 5413.18 5412.87 5412.03 5411.33 5406.6 5400.58 5394.24 5388.34 5383.85 5381.84 5381.36 5381.82 5381.7 5381.13 5380.52 5379.67 5378.14 5376.01 5373.19 5371.51 5370.11 5369.03 5368.33 5367.4 5365.4 5363.1 5360.5 5357.91 5360.16 5367.15 5375.21 5382.92 5390.36 5397.99 5403.54 5408.52 5411.12 5412.44 5415.22 5417.47 5422.38 5427.7 5427.28 5417.75 5407 5401.22 5396.84 5392.5 5386.61 5381.64 5378.1 5376.14 5374.33 5372.46 5371.15 5370.26
5447.23 5457.91 5451.67 5442.17 5431.41 5427.19 5426.13 5422.22 5412.37 5406.57 5406.48 5406.71 5407.64 5407.06 5404.56 5398.84 5397.17 5392.19 5386.98 5382.38 5379.6 5377.86 5378.86 5379.13 5378.39 5377.46 5378.86 5379.22 5378.69 5377.1 5371.61 5372.36 5371.37 5369.61 5367.86 5366.06 5363.11 5360.64 5358.73 5361.08 5366.65 5373.21 5379.74 5386.03 5391.96 5396.64 5400.37 5403.15 5404.38 5407.26 5411.54 5417.48 5422.42 5423.08 5416.15 5406.64 5399.03 5394.05 5389.93 5386.06 5382.51 5379.28 5376.6 5374.55 5373.04 5371.91 5371.08
5458.43 5456.4 5468.8 5457.7 5437.35 5427.09 5433.06 5432.43 5412.99 5403.51 5403.02 5403.12 5403.24 5403.07 5402.73 5407.15 5396.24 5390.29 5385.62 5381.65 5379.17 5378.27 5378.02 5377.85 5377.21 5376.48 5378.26 5376.81 5377.02 5377.39 5373.79 5374.86 5373.51 5370.48 5367.75 5365 5363.54 5361.65 5360.61 5362.56 5366.93 5372.07 5377.63 5383.38 5388.39 5392.91 5396.19 5398.48 5399.28 5402.05 5407.42 5413.09 5416.77 5417.45 5414.85 5408.35 5400.31 5392.64 5388.1 5385.73 5382.45 5380.16 5377.65 5375.46 5374.01 5372.8 5372.07
5536.59 5533.42 5530.78 5491.56 5445.73 5426.45 5427.38 5424.78 5414.35 5404.67 5402.28 5402.3 5401.99 5401.03 5398.84 5393.39 5390.67 5388.5 5384.92 5381.02 5378.19 5378.4 5378.18 5377.63 5376.81 5375.96 5374.52 5376.55 5376.39 5375.16 5373.06 5373.45 5372.61 5370.3 5368.03 5366.33 5364.78 5363.31 5364.19 5365.06 5368.07 5372.44 5377.13 5382.22 5387.07 5391.31 5393.99 5396.74 5399.27 5403.23 5407.19 5410.71 5415.04 5418.08 5418.58 5409.84 5402.07 5394.16 5389.63 5387.33 5384.65 5381.91 5379.07 5376.91 5375.11 5373.91 5373.15
5706.72 5714.31 5635.25 5533.99 5459.22 5436.3 5437.47 5432.41 5419.05 5406.17 5404.96 5404.77 5403.73 5401.5 5398.17 5393.43 5390.29 5388.01 5384.99 5382.41 5381.2 5380.08 5379.07 5378.1 5377.09 5375.63 5374.73 5374.65 5375 5374.5 5372.79 5372.33 5370.64 5369.28 5368.01 5366.52 5365.5 5364.39 5364.16 5366.55 5369.66 5373.52 5377.78 5382.32 5386.53 5390.49 5394.11 5397.22 5399.88 5401.74 5406.67 5409.95 5414.11 5418.16 5418.56 5412.01 5404.11 5396.34 5391.57 5389.66 5388.62 5383.57 5380.1 5377.88 5375.92 5374.74 5373.98
5935.45 5869.72 5691.85 5549.36 5460.47 5448.06 5467.6 5456 5431.84 5414.31 5412.88 5411.87 5409.23 5405.15 5400.93 5397.03 5392.68 5388.94 5385.64 5383.6 5382 5381.18 5379.91 5378.84 5377.94 5376.39 5374.85 5373.83 5373.07 5371.91 5368.98 5367.34 5368.16 5368.5 5368.2 5367.31 5367.68 5366.69 5366.44 5368.61 5371.25 5374.64 5378.82 5382.99 5387.29 5391.8 5395.81 5398.88 5401.19 5405.09 5407.09 5409.98 5413.43 5416.84 5418.12 5412.57 5405.52 5397.54 5392.38 5388.12 5384.98 5382.89 5380.42 5378.14 5376.55 5375.45 5374.64
5929.78 5757.81 5621.81 5520.98 5451.79 5452.67 5473.99 5466.06 5448.22 5432.69 5427.94 5422.42 5416.54 5410.33 5404.61 5399.23 5393.84 5389.64 5386.08 5383.63 5381.24 5380.81 5380.12 5379.29 5378.32 5376.63 5375.32 5375.67 5372.93 5371.75 5369.91 5366.48 5367.23 5368.31 5369.65 5371.98 5371.41 5369.69 5369.99 5371.47 5373.96 5376.88 5380.46 5384.6 5389.43 5393.6 5397.56 5401.69 5404.38 5404.64 5410.2 5411.49 5412.86 5415.26 5418.32 5414.98 5408.29 5401.07 5394.31 5387.66 5383.11 5382.33 5380.97 5379.28 5377.72 5376.49 5375.12
5789.23 5625.04 5529.59 5480.45 5447.66 5453.21 5471.48 5468.26 5461.53 5459.42 5444.59 5433.44 5424.32 5416.19 5408.32 5401.51 5395.29 5390.06 5386.29 5383.34 5381.31 5380.94 5380.06 5379.25 5378.79 5378.44 5376.98 5375.85 5373.9 5370.62 5368.3 5367.32 5367.41 5368.36 5369.66 5370.88 5371.13 5370.78 5371.32 5373.44 5375.57 5378.54 5382.78 5386.74 5390.61 5394.87 5399.3 5404.36 5409.85 5419.86 5416.84 5412.73 5411.61 5411.9 5416.77 5415.15 5410.81 5405.04 5397.43 5391.34 5386.79 5383.95 5382.37 5381.41 5380.23 5377.88 5376.15
