real_craters/C180-750m.grd
DSAA
203 203
-75.74 75.74
-75.74 75.74
3790.2947694436 6761.2683620713
[rows 76 to 113 of 203, columns 84 to 167 of 203]
6316 6210 6150 6101 5946 5817 5640 5507 5420 5339 5279 5220 5161 5096 5020 4921 4811 4679 4625 4602 4622 4662 4751 4881 5026 5135 5214 5323 5438 5569 5672 5955 6058 6010 6002 6022 5949 5862 5787 5727 5674 5620 5561 5499 5463 5445 5423 5398 5377 5354 5352 5376 5394 5401 5404 5406 5405 5406 5411 5428 5437 5454 5464 5476 5477 5473 5470 5473 5494 5483 5461 5450 5453 5455 5456 5451 5443 5426 5405 5414 5398 5386 5377 5373
6247 6110 5951 5810 5740 5635 5480 5354 5247 5167 5112 5056 4992 4919 4839 4749 4647 4555 4474 4404 4398 4402 4435 4531 4646 4744 4824 4922 5012 5126 5271 5514 5712 5834 5917 5953 5925 5860 5796 5753 5711 5666 5621 5568 5538 5529 5471 5419 5390 5363 5357 5382 5395 5398 5397 5399 5413 5397 5411 5456 5437 5416 5412 5452 5445 5436 5437 5444 5483 5484 5475 5473 5472 5472 5470 5468 5459 5446 5424 5414 5404 5389 5373 5372
6136 5972 5802 5670 5581 5440 5389 5227 5071 4989 4935 4875 4819 4748 4674 4598 4510 4417 4342 4300 4259 4221 4208 4243 4352 4435 4503 4584 4648 4729 4887 5104 5386 5629 5819 5942 5968 5888 5821 5797 5761 5722 5688 5667 5669 5668 5547 5468 5422 5395 5399 5413 5404 5397 5391 5383 5372 5377 5373 5392 5405 5381 5372 5384 5385 5399 5407 5420 5450 5473 5479 5487 5485 5484 5487 5487 5487 5487 5491 5465 5422 5392 5373 5375
6033 5814 5602 5459 5377 5261 5195 5067 4931 4848 4776 4700 4649 4582 4528 4461 4389 4313 4260 4216 4153 4101 4073 4089 4152 4200 4221 4293 4352 4419 4570 4832 5124 5429 5716 5988 6132 6007 5925 5891 5843 5796 5757 5747 5752 5711 5591 5495 5447 5427 5436 5429 5411 5399 5390 5379 5373 5370 5368 5370 5369 5369 5367 5364 5367 5374 5381 5397 5428 5457 5472 5476 5488 5499 5509 5521 5533 5551 5623 5629 5502 5417 5383 5396
5884 5639 5402 5234 5205 5012 4919 4881 4824 4699 4603 4519 4458 4424 4394 4344 4287 4231 4197 4165 4047 4017 3998 4006 4040 4062 4073 4111 4153 4240 4352 4582 4890 5230 5572 5911 6145 6091 6060 5976 5906 5853 5802 5777 5746 5685 5557 5488 5454 5441 5430 5414 5411 5401 5387 5377 5371 5371 5369 5368 5367 5368 5366 5364 5363 5363 5362 5365 5411 5447 5468 5480 5497 5508 5524 5545 5578 5622 5690 5734 5660 5508 5435 5446
5677 5454 5224 5026 4961 4777 4763 4705 4623 4527 4447 4376 4320 4312 4292 4254 4204 4144 4075 4081 3995 3966 3951 3954 3977 3995 4007 4020 4069 4127 4167 4347 4663 5011 5364 5686 5905 6002 6002 6035 5984 5910 5839 5792 5731 5655 5501 5466 5454 5448 5441 5426 5412 5401 5390 5378 5372 5374 5370 5367 5364 5366 5364 5363 5364 5359 5357 5366 5404 5440 5465 5482 5505 5522 5545 5571 5610 5668 5738 5798 5758 5658 5572 5551
5444 5256 5074 4821 4710 4659 4632 4544 4443 4372 4333 4295 4265 4246 4225 4191 4147 4090 4036 4002 3963 3936 3925 3923 3935 3957 3963 3942 3993 4047 4054 4164 4463 4793 5129 5439 5695 5910 6078 6089 6029 5947 5872 5795 5707 5618 5496 5467 5461 5457 5442 5428 5408 5398 5392 5383 5381 5375 5369 5368 5367 5365 5363 5362 5362 5359 5357 5368 5399 5432 5458 5480 5513 5532 5561 5596 5638 5708 5855 5905 5890 5830 5764 5680
5227 5061 4892 4705 4630 4580 4515 4450 4372 4319 4285 4256 4234 4214 4194 4162 4120 4076 4014 3982 3937 3911 3902 3894 3893 3894 3949 3898 3937 3993 3958 4048 4303 4598 4908 5201 5488 5776 6048 6098 6039 5960 5876 5796 5715 5616 5521 5486 5475 5474 5488 5438 5406 5403 5407 5413 5416 5397 5370 5368 5367 5363 5362 5361 5360 5359 5359 5365 5385 5413 5436 5463 5502 5530 5565 5611 5666 5739 5893 5928 5933 5918 5868 5785
5053 4899 4738 4651 4580 4575 4502 4414 4352 4308 4269 4241 4221 4202 4181 4151 4115 4086 4062 4025 3927 3890 3885 3869 3859 3850 3863 3966 3915 3896 3909 3993 4185 4438 4701 4968 5241 5570 5919 6027 5988 5933 5858 5783 5695 5613 5536 5509 5490 5474 5457 5415 5393 5398 5415 5440 5436 5432 5369 5367 5368 5365 5363 5361 5360 5360 5362 5364 5361 5363 5407 5437 5475 5516 5557 5613 5686 5756 5835 5934 5939 5968 5980 5849
4928 4817 4704 4599 4524 4493 4455 4381 4322 4288 4261 4237 4218 4205 4184 4154 4122 4095 4065 3994 3908 3867 3863 3848 3839 3837 3855 3856 3863 3858 3879 3943 4096 4302 4521 4748 4984 5304 5689 5869 5894 5882 5844 5780 5702 5646 5588 5537 5500 5464 5423 5391 5379 5386 5403 5424 5407 5376 5367 5364 5367 5366 5364 5363 5362 5362 5364 5361 5355 5358 5386 5421 5468 5497 5536 5593 5682 5797 5826 5871 5912 5978 5952 5798
4837 4766 4655 4540 4461 4442 4404 4360 4310 4274 4257 4241 4229 4218 4192 4160 4125 4088 4044 3966 3890 3848 3841 3827 3827 3829 3837 3836 3839 3846 3857 3897 4027 4193 4371 4555 4758 5038 5382 5630 5760 5826 5843 5804 5724 5656 5611 5561 5508 5455 5405 5362 5361 5369 5373 5372 5376 5369 5367 5366 5366 5366 5365 5364 5363 5363 5361 5359 5357 5360 5379 5403 5430 5459 5493 5535 5593 5692 5791 5815 5780 5735 5678 5631
4761 4714 4580 4433 4416 4405 4374 4340 4306 4278 4261 4248 4238 4227 4201 4166 4128 4086 4041 3953 3884 3842 3829 3816 3822 3826 3830 3830 3836 3840 3846 3864 3973 4110 4252 4399 4563 4803 5127 5416 5630 5778 5873 5890 5794 5666 5622 5573 5518 5456 5400 5360 5352 5356 5359 5362 5365 5366 5365 5366 5365 5365 5365 5366 5365 5365 5363 5363 5363 5369 5381 5391 5395 5419 5449 5470 5488 5565 5677 5706 5622 5540 5497 5492
4672 4571 4471 4404 4391 4376 4354 4329 4307 4285 4267 4253 4242 4233 4204 4168 4128 4081 4019 3946 3881 3836 3821 3826 3825 3827 3828 3827 3830 3834 3839 3855 3931 4038 4149 4268 4408 4623 4938 5263 5517 5740 5932 6073 6038 5782 5666 5580 5524 5459 5402 5360 5354 5356 5355 5359 5367 5368 5367 5367 5366 5367 5368 5368 5368 5366 5370 5369 5370 5375 5381 5390 5397 5412 5427 5433 5435 5473 5532 5517 5489 5456 5431 5429
4605 4495 4440 4412 4387 4366 4341 4328 4313 4291 4272 4255 4240 4226 4200 4167 4127 4081 4026 3955 3879 3825 3821 3826 3828 3831 3830 3828 3833 3834 3837 3846 3902 3978 4063 4153 4273 4455 4759 5106 5401 5686 5955 6173 6181 5944 5725 5609 5543 5477 5418 5375 5374 5365 5362 5368 5381 5383 5372 5368 5368 5368 5371 5374 5376 5373 5373 5375 5376 5377 5383 5395 5408 5420 5425 5426 5430 5436 5462 5477 5441 5426 5412 5411
4582 4505 4463 4430 4395 4369 4341 4320 4309 4293 4274 4254 4235 4216 4195 4165 4129 4085 4029 3953 3877 3823 3822 3824 3827 3832 3831 3834 3838 3837 3842 3856 3885 3936 3991 4059 4151 4298 4579 4921 5255 5585 5907 6155 6213 6021 5762 5646 5560 5489 5432 5390 5383 5379 5372 5380 5393 5399 5399 5373 5371 5371 5376 5383 5388 5392 5386 5384 5384 5385 5390 5403 5417 5429 5429 5429 5433 5440 5441 5441 5424 5408 5407 5408
4569 4508 4469 4431 4397 4372 4346 4323 4310 4296 4278 4257 4234 4210 4193 4170 4137 4089 4025 3953 3885 3835 3820 3823 3827 3831 3833 3834 3838 3837 3841 3838 3866 3908 3948 3993 4052 4161 4407 4719 5086 5449 5806 6093 6169 5991 5782 5668 5584 5513 5454 5412 5401 5398 5402 5401 5403 5410 5405 5384 5382 5381 5385 5392 5400 5403 5396 5399 5397 5396 5401 5408 5421 5431 5431 5430 5433 5440 5431 5422 5417 5409 5407 5407
4557 4484 4450 4420 4395 4369 4345 4329 4317 4303 4287 4268 4244 4216 4201 4185 4161 4122 4064 3991 3920 3854 3823 3823 3827 3830 3833 3830 3828 3840 3846 3844 3865 3893 3920 3948 3983 4054 4254 4549 4893 5267 5649 6005 6131 6021 5813 5696 5607 5535 5477 5435 5419 5421 5422 5422 5415 5422 5402 5390 5387 5392 5395 5402 5411 5427 5432 5422 5413 5404 5401 5409 5421 5429 5430 5430 5431 5435 5424 5416 5415 5411 5408 5405
4542 4465 4433 4403 4380 4365 4349 4336 4324 4310 4295 4279 4263 4242 4224 4212 4200 4171 4127 4061 3986 3913 3848 3823 3818 3827 3832 3831 3836 3851 3859 3860 3875 3898 3922 3939 3961 4005 4150 4381 4689 5060 5435 5769 6032 5986 5809 5717 5637 5564 5501 5460 5443 5450 5456 5451 5441 5447 5428 5422 5392 5398 5403 5410 5418 5426 5450 5440 5426 5413 5404 5412 5422 5427 5430 5428 5425 5428 5424 5416 5415 5411 5408 5405
4535 4460 4427 4398 4381 4365 4351 4336 4328 4315 4301 4290 4284 4286 4250 4246 4258 4255 4228 4168 4081 3982 3901 3839 3790 3804 3819 3837 3853 3862 3871 3876 3890 3911 3926 3947 3966 4008 4108 4250 4509 4861 5225 5618 5994 5968 5801 5741 5676 5604 5541 5485 5460 5487 5487 5485 5482 5463 5432 5444 5407 5404 5409 5417 5424 5435 5456 5451 5439 5427 5422 5425 5431 5436 5436 5431 5428 5424 5421 5416 5412 5410 5409 5407
4534 4469 4435 4402 4381 4364 4350 4336 4327 4315 4304 4295 4289 4286 4249 4278 4315 4360 4340 4314 4243 4078 3957 3896 3871 3887 3850 3842 3863 3878 3887 3893 3907 3929 3955 3977 4001 4039 4114 4215 4417 4718 5021 5388 5808 5892 5828 5780 5719 5654 5582 5523 5506 5546 5533 5514 5497 5470 5451 5439 5423 5412 5417 5423 5431 5442 5464 5454 5445 5437 5432 5433 5440 5447 5446 5438 5424 5417 5416 5415 5413 5411 5411 5410
4535 4478 4440 4407 4385 4363 4341 4332 4324 4314 4304 4293 4283 4269 4269 4308 4349 4368 4400 4421 4407 4169 4018 3954 3930 3904 3857 3861 3878 3892 3903 3914 3925 3951 3982 4013 4046 4090 4164 4274 4454 4653 4908 5289 5735 5834 5839 5821 5776 5710 5638 5570 5528 5548 5548 5526 5502 5472 5458 5444 5440 5430 5431 5433 5435 5443 5444 5450 5449 5442 5434 5435 5445 5457 5453 5430 5424 5420 5416 5414 5410 5412 5415 5413
4521 4475 4440 4408 4386 4365 4348 4335 4321 4312 4301 4289 4275 4264 4270 4319 4374 4422 4419 4412 4345 4176 4094 3985 3935 3913 3888 3894 3903 3909 3921 3935 3947 3975 4010 4052 4098 4152 4233 4313 4436 4621 4862 5255 5665 5797 5831 5863 5849 5784 5702 5623 5560 5548 5555 5528 5496 5472 5465 5456 5461 5452 5447 5444 5441 5433 5451 5459 5459 5452 5442 5439 5445 5447 5440 5431 5426 5421 5417 5414 5415 5421 5422 5421
4508 4465 4433 4405 4385 4362 4343 4330 4320 4307 4293 4279 4267 4258 4256 4293 4348 4389 4390 4366 4273 4188 4078 4016 3967 3941 3926 3926 3930 3936 3948 3960 3967 4001 4043 4091 4143 4208 4287 4353 4452 4619 4847 5233 5610 5795 5908 5969 5954 5881 5788 5687 5604 5590 5561 5526 5493 5480 5483 5475 5460 5466 5460 5457 5459 5466 5475 5482 5478 5467 5453 5443 5445 5445 5441 5436 5431 5426 5422 5419 5432 5438 5427 5419
4524 4459 4424 4397 4380 4360 4343 4329 4318 4305 4291 4278 4267 4259 4256 4267 4287 4314 4346 4360 4342 4250 4153 4075 3998 3968 3960 3958 3963 3965 3978 3989 3995 4032 4078 4133 4192 4256 4330 4414 4523 4648 4832 5208 5576 5811 6021 6109 6065 5975 5861 5752 5641 5573 5558 5531 5493 5487 5481 5460 5471 5452 5458 5466 5476 5491 5508 5517 5507 5488 5468 5455 5449 5449 5447 5436 5431 5436 5435 5421 5430 5432 5422 5413
4509 4448 4416 4389 4369 4351 4337 4325 4310 4299 4288 4277 4268 4262 4258 4259 4254 4276 4322 4356 4372 4281 4192 4136 4062 3989 3993 3997 3959 4007 4012 4023 4029 4065 4113 4173 4238 4309 4384 4499 4637 4721 4821 5177 5528 5804 6074 6195 6158 6059 5934 5817 5714 5636 5590 5559 5524 5487 5471 5450 5457 5455 5463 5471 5489 5514 5545 5556 5537 5511 5480 5452 5454 5457 5446 5437 5450 5522 5493 5442 5422 5416 5414 5409
4535 4424 4402 4377 4357 4340 4326 4316 4304 4294 4286 4278 4271 4263 4259 4258 4262 4283 4312 4340 4338 4264 4182 4124 4072 4017 4026 4032 4023 4020 4037 4055 4063 4101 4148 4209 4280 4366 4476 4614 4761 4830 4893 5150 5464 5765 6067 6230 6200 6099 5982 5874 5770 5703 5619 5563 5528 5517 5474 5463 5458 5456 5464 5472 5489 5523 5561 5577 5570 5538 5498 5461 5467 5488 5507 5504 5555 5572 5510 5446 5423 5414 5409 5407
4561 4392 4379 4362 4345 4330 4316 4304 4295 4288 4282 4276 4270 4267 4265 4276 4299 4301 4308 4316 4311 4270 4219 4183 4106 4061 4061 4063 4056 4051 4065 4087 4096 4136 4184 4244 4317 4403 4516 4654 4816 4929 4997 5135 5412 5720 6000 6199 6199 6114 6000 5893 5777 5686 5621 5573 5564 5556 5469 5449 5468 5467 5471 5473 5482 5528 5590 5636 5605 5566 5528 5490 5504 5528 5544 5530 5533 5493 5478 5439 5422 5414 5405 5405
4562 4387 4355 4346 4334 4321 4306 4294 4287 4282 4279 4275 4272 4270 4270 4280 4299 4298 4295 4290 4286 4275 4245 4211 4148 4107 4098 4094 4086 4082 4095 4117 4146 4174 4220 4278 4347 4427 4513 4618 4833 5002 5100 5174 5415 5690 5947 6170 6161 6099 5999 5843 5772 5701 5657 5611 5561 5549 5506 5454 5495 5485 5487 5482 5482 5532 5599 5655 5621 5588 5562 5559 5562 5572 5585 5567 5584 5567 5521 5453 5444 5416 5399 5399
4618 4423 4345 4334 4324 4312 4296 4287 4279 4281 4278 4276 4274 4272 4273 4281 4285 4286 4282 4273 4267 4269 4257 4230 4180 4147 4134 4122 4111 4110 4120 4143 4174 4202 4247 4307 4379 4457 4544 4650 4841 5006 5106 5245 5447 5682 5926 6044 6114 6082 5984 5830 5738 5734 5693 5652 5586 5516 5517 5477 5484 5496 5503 5496 5494 5532 5578 5609 5605 5589 5579 5579 5593 5617 5636 5670 5806 5841 5740 5612 5524 5431 5392 5392
4655 4433 4356 4337 4321 4304 4292 4284 4281 4279 4278 4277 4276 4275 4274 4270 4277 4279 4276 4268 4261 4254 4252 4234 4207 4182 4167 4151 4138 4132 4140 4163 4191 4213 4266 4335 4413 4499 4599 4724 4847 4974 5102 5270 5493 5712 5946 6098 6149 6095 5983 5835 5757 5757 5667 5613 5513 5464 5471 5476 5505 5511 5514 5517 5518 5536 5555 5563 5572 5577 5585 5606 5640 5674 5721 5817 6085 6210 6073 5875 5661 5460 5387 5386
4549 4503 4383 4354 4330 4309 4294 4285 4283 4280 4279 4278 4277 4277 4276 4278 4280 4281 4279 4275 4266 4254 4249 4239 4217 4203 4191 4174 4162 4156 4162 4181 4204 4215 4277 4362 4450 4545 4645 4774 4847 4938 5134 5382 5571 5805 6015 6226 6241 6115 5931 5832 5788 5732 5648 5559 5486 5470 5486 5484 5498 5516 5532 5545 5550 5545 5542 5538 5548 5567 5587 5607 5636 5733 5822 5939 6217 6397 6388 6128 5800 5523 5410 5394
4483 4442 4401 4366 4339 4316 4296 4287 4282 4280 4280 4280 4280 4278 4279 4280 4286 4286 4283 4279 4272 4264 4257 4247 4238 4221 4209 4199 4188 4183 4187 4202 4223 4240 4300 4390 4491 4592 4680 4725 4817 4935 5193 5457 5635 5846 6035 6201 6222 6091 5911 5798 5696 5674 5646 5540 5498 5486 5486 5481 5498 5535 5549 5567 5569 5557 5545 5531 5542 5570 5601 5639 5696 5795 5915 6003 6160 6335 6373 6187 5877 5601 5451 5409
4468 4433 4402 4370 4342 4320 4305 4293 4285 4281 4281 4284 4284 4284 4283 4281 4289 4288 4286 4284 4276 4268 4263 4260 4251 4242 4234 4224 4216 4211 4212 4228 4250 4263 4325 4426 4539 4652 4760 4860 4946 5001 5279 5523 5690 5845 5989 6090 6094 6017 5877 5771 5683 5642 5590 5533 5501 5484 5493 5486 5507 5541 5564 5586 5588 5576 5565 5555 5565 5595 5628 5676 5748 5808 5876 5957 6060 6229 6332 6155 5884 5622 5464 5417
4478 4432 4396 4370 4344 4326 4313 4302 4291 4285 4288 4292 4294 4293 4290 4286 4286 4289 4287 4285 4283 4279 4279 4279 4276 4269 4259 4254 4248 4244 4248 4261 4283 4298 4362 4472 4600 4733 4864 4999 5111 5199 5388 5570 5704 5835 5941 5985 5965 5920 5848 5753 5671 5630 5580 5523 5499 5485 5484 5496 5520 5554 5565 5578 5596 5600 5603 5607 5621 5636 5649 5671 5709 5771 5829 5896 5937 6119 6257 6089 5842 5596 5444 5415
4484 4431 4399 4378 4357 4337 4324 4315 4306 4300 4302 4306 4308 4307 4304 4301 4299 4297 4292 4288 4294 4299 4304 4303 4305 4301 4293 4287 4283 4281 4284 4303 4329 4343 4402 4527 4673 4822 4966 5099 5226 5399 5468 5593 5720 5834 5922 5966 5962 5924 5851 5761 5674 5620 5570 5519 5489 5479 5481 5499 5518 5539 5558 5582 5604 5625 5647 5670 5688 5686 5669 5649 5638 5667 5729 5760 5783 5970 6096 5960 5761 5560 5431 5405
4595 4460 4417 4401 4388 4362 4346 4334 4325 4319 4320 4322 4325 4326 4323 4314 4314 4311 4305 4303 4313 4321 4331 4329 4331 4338 4332 4323 4326 4331 4337 4362 4395 4426 4467 4601 4761 4927 5089 5240 5375 5489 5555 5649 5759 5848 5933 6008 6059 5972 5865 5775 5696 5618 5564 5517 5473 5466 5472 5485 5495 5509 5541 5574 5609 5644 5690 5736 5765 5739 5679 5618 5569 5558 5598 5626 5660 5779 5848 5795 5668 5526 5429 5403
4765 4544 4466 4439 4419 4391 4373 4358 4346 4338 4338 4342 4347 4350 4352 4351 4339 4331 4327 4330 4337 4344 4353 4355 4365 4377 4369 4362 4382 4398 4414 4444 4485 4523 4560 4698 4867 5040 5211 5385 5549 5659 5756 5770 5822 5899 5955 6019 6070 5977 5853 5757 5676 5614 5561 5506 5484 5468 5473 5484 5500 5525 5545 5577 5607 5654 5706 5769 5836 5763 5673 5591 5524 5494 5511 5541 5575 5630 5663 5658 5584 5491 5414 5400
4902 4680 4551 4501 4458 4431 4406 4387 4372 4361 4360 4365 4371 4375 4375 4370 4359 4355 4355 4360 4369 4376 4377 4391 4407 4418 4415 4431 4457 4482 4505 4543 4600 4647 4684 4813 4980 5150 5325 5502 5651 5738 5810 5878 5924 5943 5969 5975 5951 5886 5806 5731 5659 5598 5543 5487 5470 5466 5465 5479 5501 5528 5544 5564 5597 5643 5689 5734 5758 5713 5638 5562 5499 5468 5480 5511 5548 5573 5586 5577 5530 5467 5419 5403
