real_craters/C181-300m.grd
DSAA
514 514
-76.9825 76.9825
-76.9825 76.9825
6828.7361323208 9308.7135414683
[rows 90 to 119 of 514, columns 201 to 267 of 514]
8160.09 8172.16 8188.32 8220.27 8260.42 8298.94 8335.45 8370.98 8404.88 8428.64 8438.19 8443.19 8446.41 8448.2 8450.17 8452.07 8447.45 8435.94 8427.34 8421.44 8418.04 8416.06 8414.58 8413.33 8409.84 8406.32 8403.22 8401.02 8402.12 8403.82 8401.88 8399.29 8397.16 8396.4 8398.66 8405.91 8409.98 8411.32 8412.1 8412.69 8413.42 8413.99 8414.66 8415.6 8416.29 8416.42 8416.37 8416.06 8415.78 8415.13 8413.77 8410.1 8404.29 8397.71 8392.04 8388.97 8386.22 8383.65 8381.17 8378.92 8376.52 8374 8371.39 8368.78 8366.83 8366.92 8367.42
8170.14 8186.3 8206.19 8243.42 8287.29 8325.03 8362.58 8400.91 8439.98 8462.5 8460.75 8457.15 8453.39 8447.83 8438.45 8441.68 8447.77 8435.1 8424.59 8419.14 8416.67 8414.94 8413.38 8411.43 8408.78 8405.77 8403.05 8401.53 8403.32 8404.68 8402.27 8399.03 8396.06 8394.57 8397.73 8405.49 8408.95 8409.93 8410.47 8410.92 8412.51 8414.24 8413.78 8414.06 8414.66 8414.98 8415.1 8414.82 8414.54 8414.05 8413.62 8410.84 8404 8396.98 8390.95 8389.14 8387.19 8385.07 8382.72 8380.34 8377.98 8375.59 8373.22 8371 8369.15 8368.94 8368.94
8184.48 8206.44 8232.88 8270.45 8312.23 8348.09 8384.17 8420.43 8454.82 8474.62 8471.52 8465.3 8458.99 8452.8 8446.67 8443.71 8443.27 8432.62 8423.26 8418.67 8415.96 8414.12 8412.32 8410.23 8407.72 8405.08 8402.69 8401.35 8403.58 8405.17 8402.13 8398.49 8395.07 8392.5 8395.8 8404.88 8407.09 8408 8408.71 8409.68 8411.32 8412.33 8411.7 8412.18 8412.91 8413.4 8413.65 8413.27 8412.73 8411.79 8410.54 8408.31 8403.57 8398.33 8393.28 8391.29 8389.02 8386.32 8384.33 8382.05 8379.67 8377.35 8375.31 8373.78 8372.78 8371.84 8370.65
8201.51 8229.42 8262.33 8298.72 8333.39 8366.47 8399.7 8431.08 8456.63 8470.92 8471.61 8467.42 8461.69 8456.36 8452.55 8445.45 8437.59 8429.54 8422.62 8418.29 8415.61 8413.71 8411.82 8409.5 8406.99 8404.41 8402.18 8401.09 8402.73 8403.89 8400.89 8397.67 8394.75 8392.71 8395 8400.61 8403.41 8405.25 8406.57 8407.49 8409.16 8408.98 8409.33 8410.45 8411.33 8411.9 8412.24 8412.23 8411.32 8409.51 8406.46 8405.65 8405.64 8403.5 8398.74 8394.84 8392.07 8389.64 8386.75 8384.11 8381.55 8379.18 8377.15 8375.83 8376.1 8373.98 8371.75
8219.85 8251.63 8288.26 8324.35 8350.61 8380.59 8411.69 8439.02 8457.36 8464.44 8467.33 8466.03 8461.41 8455.5 8448.22 8442.42 8435.03 8428.56 8422.68 8417.65 8415.32 8413.67 8412.1 8409.57 8406.52 8403.6 8401.18 8399.68 8399.93 8399.9 8398.43 8396.47 8394.84 8393.83 8393.66 8395.77 8399.27 8402.47 8404.93 8406.19 8407.34 8407.24 8407.88 8409.37 8410.5 8411.16 8411.47 8411.22 8410.54 8408.82 8406.21 8405.62 8405.88 8405.28 8401.47 8397.41 8394.52 8392 8389.05 8386.1 8383.38 8380.82 8378.55 8376.41 8374.14 8372.48 8371.87
8236.86 8269.24 8305.99 8340.85 8362.21 8391.85 8422.96 8449.4 8464.31 8462.9 8464.89 8464.69 8460.53 8454.6 8447.54 8441.25 8434.51 8428.11 8422.15 8417.38 8415.08 8413.57 8412.69 8409.81 8405.71 8402.34 8399.87 8398.25 8397.29 8396.45 8395.93 8394.92 8394.1 8394.29 8391.07 8391.24 8395.74 8400.32 8404.13 8406.2 8405.93 8406.19 8407.8 8409.22 8410.2 8410.83 8411.1 8411.1 8410.72 8409.89 8408.58 8406.62 8404.42 8401.46 8400.1 8398.1 8396.28 8393.93 8390.82 8387.81 8385.06 8382.61 8380.09 8377.19 8373.58 8371.75 8372.81
8249.96 8282.39 8316.6 8347.64 8371.18 8403.16 8435 8461.09 8476.05 8471.29 8468.52 8465.41 8460.45 8454.32 8447.38 8440.79 8434.22 8428 8421.67 8417.19 8414.39 8412.34 8410.81 8407.77 8403.83 8400.36 8397.68 8396.35 8395.2 8394.67 8394.11 8393.16 8391.93 8390.22 8387.39 8388.21 8393.32 8398.9 8403.77 8406.05 8404.36 8406.14 8408.47 8409.61 8410.53 8411.12 8411.32 8411.35 8411.17 8411.04 8410.53 8407.43 8403.98 8400.72 8398.91 8397.69 8396.82 8395.08 8392.07 8389.38 8386.94 8384.64 8382.35 8379.68 8376.52 8374.48 8376.29
8261.14 8294.68 8327.42 8356.73 8385.96 8419.73 8449.05 8470.55 8482.55 8480.81 8474.26 8467.21 8460.14 8452.97 8446.32 8440.17 8433.85 8428.04 8423.36 8417.35 8413.18 8410.21 8407.61 8404.55 8401.13 8397.86 8394.9 8392.58 8392.95 8393.15 8392.75 8391.73 8389.93 8387.26 8384.55 8386.43 8392.09 8398.16 8403.22 8405.31 8403.74 8405.89 8408.73 8410.16 8411.03 8411.47 8411.73 8411.64 8411.32 8411.08 8410.7 8407.46 8403.85 8400.15 8397.84 8396.76 8395.45 8394.1 8392.31 8390.34 8388.42 8386.6 8385 8383.61 8382.92 8383.44 8382.04
8274.09 8310.02 8343.82 8374.64 8411.72 8445.07 8466.27 8479.42 8484.33 8482.3 8475.71 8467.95 8459.96 8451.97 8445.21 8439.74 8433.23 8426.55 8420.78 8415.24 8411.08 8407.66 8404.37 8401.44 8398.41 8395.4 8392.98 8391.76 8391.37 8391.8 8391.84 8391.14 8389.47 8386.39 8383.66 8386.04 8391.8 8398.21 8403.4 8404.88 8404.45 8406.8 8409.74 8410.79 8411.51 8411.92 8412.03 8411.71 8410.91 8409.75 8408.65 8407.08 8404.42 8399.95 8397.55 8396.39 8395.14 8393.74 8392.5 8391 8389.7 8388.59 8387.7 8387.36 8387.87 8389.39 8386.89
8291.7 8330.74 8367.37 8401.56 8442.86 8472.9 8484.36 8488.42 8488.18 8482.77 8475.4 8468.14 8459.84 8452.23 8445.63 8440.54 8432.47 8423.87 8416.15 8412.12 8408.79 8405.4 8402.2 8398.98 8396.02 8393.11 8390.56 8389.42 8389.81 8390.52 8390.99 8391.25 8390.98 8388.53 8384.69 8386.65 8391.89 8398.38 8404.9 8405.81 8404.26 8406.77 8409.9 8411.36 8412.39 8412.92 8412.94 8412.41 8411.23 8409.01 8407.51 8407.51 8406.38 8403.96 8398.8 8396.51 8395.36 8393.94 8393 8391.98 8391.3 8390.56 8390.01 8389.78 8390.04 8390.27 8389.08
8314.77 8355.52 8395.32 8435.19 8473.01 8495.53 8499.63 8497.76 8493.63 8486.37 8477.93 8469.63 8459.54 8449.55 8443.03 8437.81 8430.19 8421.57 8414.42 8410.7 8407.28 8403.64 8400 8397.19 8394.32 8391.42 8388.88 8388 8388.53 8389.31 8390.29 8391.2 8391.89 8389.59 8385.71 8387.01 8391.4 8397.25 8402.78 8403.52 8402.85 8406.29 8409.12 8412.04 8413.49 8414.07 8414.15 8413.74 8412.77 8411.04 8409.64 8408.92 8407.4 8404.09 8399.16 8395.92 8394.19 8393.69 8393.32 8392.84 8392.45 8392 8391.65 8391.32 8391.01 8390.71 8389.58
8341.42 8382.42 8422.47 8462.51 8494.83 8508.19 8508.99 8504.66 8499.13 8492.06 8483.47 8473.03 8460.76 8448.24 8440.65 8434.02 8427.8 8420.45 8413.95 8410.37 8406.86 8403.25 8399.7 8396.46 8393.36 8390.43 8387.85 8387.11 8387.7 8388.96 8390.25 8390.45 8389.7 8387.31 8384.89 8385.98 8389.82 8395.17 8400.14 8401.76 8403.24 8407.79 8411.74 8413.95 8414.9 8415.34 8415.36 8415.14 8414.81 8414.52 8412.67 8410.46 8408.34 8402.99 8396.37 8395.63 8394.47 8394.09 8393.89 8393.77 8393.6 8393.28 8392.99 8392.49 8391.62 8389.8 8389.06
8370.97 8408.59 8445.72 8481.24 8506.61 8511.8 8511.83 8508.51 8503.02 8496.58 8488.77 8476.89 8464 8451.82 8441.16 8432.98 8427.53 8422.43 8415.99 8410.78 8407.29 8403.73 8400.11 8396.6 8393.22 8390.16 8387.86 8386.77 8386.81 8387.45 8388.23 8388.5 8390.15 8385.61 8381.96 8383.84 8387.26 8392.15 8398.59 8402.28 8405.75 8410.31 8414.31 8415.52 8416.17 8416.45 8416.41 8416.17 8415.99 8416.07 8413.79 8410.95 8407.61 8403 8398.68 8396.92 8396.04 8395.05 8394.79 8394.84 8394.95 8394.82 8394.58 8394.02 8392.83 8391.53 8390.12
8402.05 8433.62 8464.49 8492.43 8511.46 8514.6 8513.61 8509.71 8504.01 8497.91 8490.9 8478.09 8465.01 8454.2 8442.5 8432.94 8428.42 8424.75 8418.11 8412.44 8408.21 8404.82 8401 8397.11 8393.47 8390.23 8387.64 8386.51 8385.93 8385.38 8384.53 8384.47 8383.17 8382.14 8380.65 8381.7 8384.2 8387.84 8393.74 8404.08 8409.85 8412.46 8414.39 8416.3 8417.1 8417.23 8417.09 8416.67 8415.87 8414.56 8413.07 8410.82 8408.04 8404.71 8401.25 8397.92 8396.06 8395.65 8395.83 8396.17 8396.49 8396.66 8396.64 8396.06 8394.87 8392.8 8390.55
8432.25 8456.57 8480.1 8500.43 8514.58 8516.93 8514.25 8508.58 8501.98 8494.76 8486.66 8474.91 8462.39 8452.91 8447.46 8438.95 8428.92 8421.4 8416.23 8411.68 8408.69 8405.57 8401.69 8397.67 8394.1 8390.84 8388.2 8386.77 8385.72 8384.54 8383 8381.64 8380.29 8379.55 8379.35 8379.76 8381.56 8384.58 8390.67 8402.66 8409.99 8413.59 8416.47 8417.69 8417.72 8417.84 8417.72 8417.15 8415.86 8413.63 8412.7 8410.71 8408.39 8406.46 8404.34 8398.71 8395.98 8396.53 8397.16 8397.79 8398.4 8398.78 8399.03 8398.69 8397.77 8396.03 8393.46
8459.39 8476.48 8492.6 8505.64 8514.53 8516.12 8512.04 8505.18 8497.59 8489.19 8479.18 8469.38 8460.08 8453.53 8450.4 8441.63 8427.53 8416.37 8413.54 8412.53 8409.31 8405.34 8401.76 8398.33 8394.9 8391.88 8389.52 8387.76 8386.4 8385 8383.44 8380.39 8377.4 8377.23 8377.36 8378 8379.65 8383.39 8391.58 8403.46 8409.86 8413.26 8415.34 8416.47 8417.36 8418.04 8418.29 8417.96 8416.96 8415.36 8413.45 8411.03 8408.15 8407.5 8406.79 8401.27 8398.4 8398.82 8399.56 8400.29 8400.79 8401.17 8401.62 8401.65 8401.5 8401.04 8399.5
8483.46 8493.14 8502.33 8508.84 8511.81 8511.26 8506.27 8499.79 8492.56 8484.05 8473.87 8465.39 8458.04 8452.1 8447.48 8438.09 8425.06 8414.68 8412.67 8412.88 8409.22 8404.72 8402.08 8399.5 8396.42 8393.13 8390.76 8389.31 8387.96 8386.28 8383.91 8381.15 8378.52 8377.62 8376.75 8376.83 8378.29 8381.75 8390.65 8402.68 8409.15 8412.38 8413.64 8414.58 8416.86 8418.09 8418.79 8418.98 8418.46 8417.1 8414.82 8412.27 8409.96 8408.48 8407.05 8404.5 8402.53 8402.29 8402.78 8403.32 8403.79 8404.02 8404.47 8404.85 8405.42 8405.57 8404.3
8504.23 8507.87 8510.74 8511.15 8508.62 8503.71 8498.46 8493.51 8487.41 8480.08 8472 8464.04 8456.13 8449.1 8441.74 8433.45 8423.48 8415.59 8412.64 8411.43 8408.35 8405.1 8403.94 8402.19 8399.31 8395.46 8392.81 8391.91 8390.54 8388.78 8386.64 8384.32 8381.08 8377.42 8376.42 8376.34 8377.6 8381.39 8391.41 8402.88 8408.72 8411.74 8413.73 8415.68 8416.69 8417.98 8419.15 8419.95 8419.93 8418.47 8416.19 8413.61 8411.44 8409.6 8407.27 8405.65 8405.47 8405.61 8405.78 8405.95 8406.22 8406.77 8407.25 8407.89 8408.73 8409.57 8409.56
8521.35 8519.58 8517.31 8513.27 8505.6 8497.99 8492.51 8488.56 8483.33 8476.99 8470.06 8462.47 8454.06 8446.92 8439.59 8431.51 8423.18 8417.04 8413.99 8410.89 8408.52 8407.95 8408.58 8407.23 8404.54 8400.76 8398 8396.43 8394.42 8392.25 8390.24 8387.25 8382.64 8379.06 8377.11 8376.73 8377.75 8381.09 8392.39 8404.7 8408.15 8410.7 8412.6 8414.21 8415.71 8417.33 8418.94 8420.54 8421.73 8420.19 8416.97 8414.22 8412.42 8411.44 8410.52 8409.06 8409.17 8409.58 8409.47 8409.34 8408.66 8408.7 8408.39 8408.86 8409.72 8410.94 8411.68
8533.77 8527.97 8522.57 8515.95 8507.54 8498.61 8490.75 8486.18 8480.96 8474.76 8467.99 8460.71 8452.98 8446.44 8440.02 8432.53 8425.07 8420.59 8418.92 8416.71 8416.62 8417.78 8416.91 8414.81 8411.86 8408.83 8405.36 8402.24 8399.46 8396.16 8392.5 8388.17 8383.42 8380.13 8378.49 8378.19 8379.17 8382.26 8391.96 8401.17 8406.08 8408.97 8410.91 8412.21 8414.26 8416.09 8417.93 8419.9 8421.44 8419.76 8416.42 8413.62 8412.59 8413.24 8414.84 8415.9 8414.49 8412.63 8411.35 8410.38 8409.61 8409.18 8408.41 8408.72 8409.02 8409.35 8409.57
8541.4 8533.31 8526.13 8518.71 8510.64 8502.48 8492.26 8486.2 8480.21 8473.63 8466.64 8459.86 8453.73 8446.9 8440.84 8435.47 8430.64 8428.01 8427.83 8428.86 8430.73 8430.08 8427.08 8423.7 8420.02 8415.4 8412.64 8409.47 8406 8401.56 8395.62 8388.89 8385.38 8382.01 8381.39 8380.44 8380.89 8385.36 8391.67 8398.96 8403.81 8407.09 8409.38 8411.21 8412.75 8414.37 8416.02 8417.87 8419.39 8417.64 8414.65 8411.47 8411.26 8413.81 8416.93 8419.23 8417.39 8414.76 8412.5 8411.06 8410.11 8409.29 8408.39 8407.75 8407.04 8405.9 8403.81
8544.62 8535.62 8526.99 8519.55 8511.05 8503.3 8494.8 8487.95 8480.78 8473.6 8466.26 8459.35 8454.04 8448.04 8443.26 8440.07 8437.7 8436.85 8437.81 8440.02 8442.28 8440.59 8436.86 8432.52 8428.76 8425.55 8420.93 8417.13 8413.33 8408.73 8402.48 8395.49 8393.22 8390.32 8386.73 8383.55 8381.5 8382.98 8390.25 8397.35 8402.44 8405.6 8407.72 8409.34 8410.64 8412.04 8413.35 8414.53 8415.64 8414.46 8412.84 8411.48 8411.69 8413.79 8416.37 8420.61 8418.39 8416.14 8413.83 8411.93 8410.35 8409.02 8407.86 8406.48 8404.91 8402.39 8398.56
8544.96 8536.22 8527.26 8518.35 8509.69 8501.75 8497.4 8489.46 8481.57 8474.28 8467.08 8459.81 8454.78 8450.69 8447.52 8446.04 8444.68 8445.13 8446.99 8449.88 8452.76 8450.36 8445.04 8439.33 8435.05 8432.22 8427.37 8423.63 8420.62 8417.3 8412.61 8406.73 8405.16 8399.97 8393.11 8387.82 8384 8384.48 8393.58 8399.28 8402.71 8404.89 8406.23 8407.04 8408.18 8409.49 8410.49 8410.89 8410.25 8411.19 8410.99 8410.83 8412.02 8413.91 8415.48 8417.29 8417.63 8415.97 8413.61 8411.9 8410.45 8408.98 8406.98 8405.52 8403.63 8400.76 8396.22
8543.14 8533.75 8525.41 8516.51 8507.98 8499.46 8494.75 8488.29 8481.85 8475.59 8469.56 8463.92 8460.03 8457.94 8455.3 8453.47 8452.57 8452.79 8454.63 8457.68 8460.66 8457.46 8450.64 8443.72 8437.42 8433.05 8430.56 8428.45 8426.93 8425.81 8424.59 8421.81 8415.81 8406.96 8397.61 8392.59 8390.42 8392.63 8399.06 8402.6 8404.22 8405.02 8405.32 8405.61 8406.22 8407.3 8408.55 8409.16 8408.58 8409.64 8409.77 8410.05 8412.17 8414.5 8416.25 8416.06 8416.83 8414.81 8412.63 8410.86 8409.22 8407.67 8405.83 8404.52 8402.8 8400.79 8399.02
8539.61 8530.94 8522.52 8513.94 8505.89 8498.02 8491.81 8486.32 8481.9 8477.29 8472.9 8469.49 8467.45 8466.62 8463.64 8460.28 8458.46 8458.69 8459.98 8462.25 8464.83 8461.12 8454.1 8446.31 8438.72 8433.43 8432.76 8432.14 8431.59 8431.49 8431.59 8420.88 8405.46 8401.05 8397.62 8396.4 8397.09 8399.98 8406.39 8405.82 8406.03 8405.71 8405.16 8403.99 8403.7 8405.66 8407.66 8409.68 8410.83 8409.8 8409.67 8410.32 8413.33 8416.38 8417.33 8423.01 8417.74 8412.39 8410.07 8408.76 8407.7 8406.49 8404.78 8403.57 8402.21 8400.95 8399.88
8536.26 8527.62 8519.24 8511.24 8503.39 8496.27 8489.6 8485.16 8482.47 8479.32 8476.27 8473.84 8473.16 8471.52 8468.68 8465.81 8463.61 8462.81 8463.14 8464.12 8464.98 8461.68 8455.36 8448.81 8442.52 8437.66 8435.84 8434.63 8433.67 8432.36 8427.72 8401.16 8380.01 8390.62 8396.38 8399.31 8402.26 8403.94 8404.42 8407.48 8407.9 8407.29 8405.9 8404.04 8403.04 8405.38 8407.53 8408.84 8409.54 8410.05 8410.16 8411.54 8414.98 8419.23 8421.43 8412.13 8406.22 8407.18 8407.73 8407.66 8406.73 8405.83 8404.12 8403.01 8401.85 8400.51 8399.74
8533.72 8525.2 8516.87 8508.58 8500.87 8493.44 8488.3 8485.95 8483.92 8481.62 8479.43 8478.16 8477.63 8474.41 8471.32 8469.01 8467.03 8465.02 8464.53 8464.04 8462.63 8460.03 8455.13 8450.43 8446.73 8442.6 8438.67 8436.35 8434.49 8431.56 8423.52 8401.9 8389.17 8395.27 8399.88 8402.8 8405.59 8408.12 8409.68 8410.71 8410.6 8409.6 8407.81 8406.06 8405.43 8406.57 8408.42 8410.44 8410.88 8410.63 8410.5 8411.77 8415.66 8419.79 8420.84 8404.94 8398.97 8404.59 8406.31 8406.49 8405.92 8405.06 8403.42 8402.18 8401.04 8399.91 8399.13
8531.02 8522.51 8514.34 8506.66 8499.47 8493.28 8489.43 8487.76 8485.65 8483.92 8482.43 8480.75 8481.27 8477.44 8472.34 8467.61 8465.31 8464.6 8464.75 8464.81 8461.67 8457.52 8453.72 8449.87 8446.79 8443.19 8439.5 8436.84 8434.43 8431.84 8428.36 8419.69 8417.36 8410.11 8407.63 8407.47 8408.58 8413.31 8416.17 8415.48 8414.22 8412.22 8410.35 8408.54 8407.62 8407.99 8409.39 8411.22 8411.64 8411.44 8411.7 8412.88 8415.4 8417.75 8417.79 8413.61 8411.66 8408.03 8406.89 8406.09 8405.27 8404.04 8402.59 8401.38 8400.1 8398.81 8397.58
8528.94 8520.47 8512.42 8504.68 8498.18 8493.2 8490.34 8488.15 8486.5 8485.81 8485.64 8485.28 8483.5 8479.76 8472.14 8465.08 8462.39 8462.69 8463.64 8464.56 8461.38 8456.01 8451.96 8447.95 8443.85 8441.36 8438.87 8436.5 8434.07 8431.3 8428.53 8428.01 8427.64 8419.88 8414.81 8412.8 8413.45 8418.78 8421.23 8420.24 8417.83 8415.32 8413.01 8410.84 8409.35 8408.98 8409.72 8411.5 8411.6 8411.8 8412.57 8413.67 8414.81 8415.46 8415.34 8416.15 8414.3 8410.1 8407.64 8406.06 8404.71 8403.18 8402.05 8400.77 8399.56 8397.88 8395.75
8527.11 8518.7 8510.89 8503.34 8496.7 8491.39 8486.91 8485.58 8486.17 8486.7 8487.14 8486.62 8483.69 8478.76 8470.42 8463.28 8460.29 8460.19 8461.13 8461.34 8458.5 8453.68 8450.39 8446.23 8441.63 8439.91 8438.06 8435.88 8433.32 8430.22 8427.52 8427.02 8425.98 8423.12 8419.52 8417.61 8419.51 8427.13 8427.72 8424.18 8421.06 8418.24 8415.62 8413.04 8410.65 8409.75 8409.6 8409.25 8410.81 8411.72 8412.49 8413.49 8414.36 8414.54 8414.2 8413.4 8411.15 8409.71 8407.95 8406.39 8405.19 8404.15 8403.02 8401.73 8399.56 8397.52 8394.77
