real_craters/C181-500m.grd
DSAA
309 309
-76.9825 76.9825
-76.9825 76.9825
6829.6165775947 9306.9676752765
[rows 180 to 209 of 309, columns 67 to 133 of 309]
8514.81 8510.32 8507.05 8503.63 8500.36 8497.36 8494.28 8491.64 8496.61 8504.77 8511.71 8517.95 8523.46 8528.49 8534.25 8539.35 8545.16 8550.8 8556.64 8563.48 8571.65 8578.66 8583.93 8590.85 8612.4 8650.21 8683.68 8701.95 8716.39 8717.8 8705.58 8696.6 8690.17 8690.36 8697.93 8703.62 8709.68 8719.5 8730.27 8741.86 8754.12 8770.61 8794.83 8828.23 8872.51 8933.54 8964.56 8987.74 8953.48 8885.03 8803.51 8706.83 8586.81 8469 8363.08 8280.11 8211.76 8147.51 8078.52 7998.89 7945.8 7908.73 7885.29 7873.64 7856.67 7839.98 7808.95
8516.8 8511.8 8507.82 8504.81 8502.06 8499.71 8497.58 8496.63 8503.2 8511.8 8517.33 8522.44 8526.38 8530.13 8533.8 8537.52 8540.88 8545.02 8549.6 8554.25 8559.85 8568.55 8570.55 8580.44 8600.17 8629.09 8657.41 8676.28 8690.04 8696.37 8691.69 8688.06 8687.25 8687.69 8687.14 8690.49 8703.92 8709.63 8717.99 8730.48 8741.41 8757.36 8778.36 8804.5 8843.99 8902.17 8949.06 9012.54 9013.69 8945.01 8869.73 8795.99 8683.96 8578.15 8488 8427.59 8377.1 8296.31 8216.67 8099.06 8030.92 7966.69 7924.16 7899.26 7880.99 7854.13 7824.48
8514.89 8512.02 8508.2 8505.53 8503.95 8503.21 8503.65 8505.39 8513.73 8520.95 8523.73 8526.41 8528.51 8531.05 8533.35 8535.44 8537.14 8538.83 8541.28 8543.18 8544.79 8546.24 8550.06 8554.98 8575.21 8601.49 8626.02 8644.96 8659.41 8664.74 8669.96 8673.33 8675.16 8677.83 8680.75 8681.95 8696.12 8701.4 8712.55 8720.46 8727.39 8736.98 8751.18 8770.12 8791.35 8800.52 8854.98 8968.44 9021 8962.96 8893.86 8831.59 8746.2 8671.17 8615.65 8583.16 8551.48 8470.98 8368.1 8225.9 8122.22 8045.89 7986 7944.5 7911.39 7880.94 7845.85
8509.86 8509.23 8507.28 8506.21 8506.29 8507.6 8511.08 8519.57 8530.74 8531.2 8530.07 8529.98 8530.1 8530.36 8530.89 8531.43 8532.16 8532.66 8532.85 8532.94 8532.91 8532.82 8533.27 8535.39 8552.88 8574.91 8594.62 8613.81 8628.09 8635.26 8645.56 8655.06 8661.95 8670.54 8675.77 8677.51 8692.39 8704.14 8710.15 8708.99 8712.44 8715.11 8719.79 8735.49 8751.74 8777.07 8805.94 8851.23 8904.99 8892.51 8848.39 8814.84 8772.14 8736.42 8718.1 8720.63 8718.26 8625.78 8505.78 8355.12 8229.38 8138.86 8061.96 8006.18 7958.81 7928.96 7873.84
8507.57 8504.95 8505.21 8506.04 8507.77 8510.85 8516.12 8526.62 8538.69 8538.24 8535.93 8533.76 8532.1 8530.73 8529.51 8527.6 8527.05 8525.93 8525.33 8524.06 8523.14 8523.52 8522.09 8525.64 8537.92 8553.82 8569.35 8586.07 8600.76 8608.39 8621.63 8634.79 8649.32 8663.2 8673.89 8676.66 8695.49 8707.1 8707.31 8703.4 8702.98 8702.81 8702.71 8711.6 8719.89 8726.33 8740.75 8769.59 8812.64 8813.4 8793.02 8786.75 8773.94 8767.52 8782.75 8805.38 8840.39 8768.67 8606.05 8463.29 8340.86 8251.97 8163.03 8087.87 8023.17 7967.4 7903.97
8504.56 8504.61 8504.22 8506.71 8510.28 8514.59 8519.9 8528.33 8539.17 8540.88 8538.58 8535.94 8532.98 8530.32 8527.51 8525.14 8521.65 8519 8516.94 8514.69 8512.95 8512.33 8513.04 8516.71 8526.32 8538.08 8548.85 8564.3 8578.59 8590.63 8599.38 8613.28 8631.58 8652.69 8668.01 8664.44 8689.28 8698.45 8702.56 8697.62 8696.65 8696.83 8698.07 8699.22 8696.86 8690.26 8692.37 8717.27 8749.63 8765.55 8767.29 8766.03 8761.72 8762.03 8777.23 8809.7 8826.81 8771.99 8670.46 8553.9 8451.51 8372.37 8274 8172.52 8080.3 7996.25 7936.91
8505.42 8499.19 8502.71 8507.54 8512.93 8518.6 8524.82 8536.12 8541.91 8541.89 8538.49 8534.75 8530.83 8527 8523.34 8519.62 8515.87 8512.79 8509.95 8507.31 8505.93 8504.74 8505.4 8509.55 8517.1 8526.83 8537.99 8548.9 8558.75 8564.93 8571.58 8587.55 8604.78 8623.3 8631.29 8622 8661.39 8674.48 8680.66 8686.21 8688.55 8691.32 8694.63 8692.83 8686.68 8681.91 8685.58 8702.53 8726.6 8742.01 8751.79 8750.03 8744.68 8741.22 8754.26 8784.44 8796.74 8773.44 8739.67 8658.96 8569.78 8485.83 8370.78 8248.24 8137.51 8046.43 7980.1
8498.81 8500.16 8502.99 8508.63 8515.52 8523.07 8530.31 8539.34 8543.93 8541.97 8538.1 8533.78 8529.37 8524.83 8521.04 8517.28 8511.82 8507.83 8504.14 8500.21 8496.73 8496.8 8497.35 8501.4 8508.84 8517.62 8525.59 8534.13 8541.88 8546.08 8548.11 8561.64 8574.81 8581.33 8574.29 8588.27 8628.41 8646.59 8657.18 8670.01 8677.38 8682.61 8686.03 8685.91 8682.16 8678.76 8682.45 8692.27 8706.69 8726.75 8737.74 8736.3 8728.77 8722.73 8736.43 8769.74 8803.13 8836.34 8818.58 8753.26 8684.29 8562.87 8447.82 8324.36 8207.97 8112.86 8035.87
8510.21 8503.08 8504.79 8510.45 8518.23 8527.91 8539.08 8551.59 8546.07 8541.05 8536.14 8531.22 8526.23 8521.58 8516.63 8511.96 8506.56 8501.56 8497.91 8495.07 8491.69 8492.37 8493.35 8496.22 8502.39 8509.44 8517.55 8525.08 8527.85 8530.25 8532.07 8539.8 8549.67 8556.63 8553.65 8561.89 8598.47 8620.02 8629.01 8654 8663.47 8671.06 8679.36 8683.88 8680.56 8679.49 8684.58 8692.42 8700.98 8716.58 8729.95 8725.25 8715.26 8710.8 8728.59 8765.54 8817.04 8852.68 8839.84 8799.85 8740.53 8644.11 8518.84 8391.31 8275.19 8171.06 8101.27
8514.16 8508.29 8507.44 8511.93 8519.54 8529.38 8542.43 8545.8 8542.05 8537.37 8532.69 8527.73 8522.55 8517.27 8511.35 8505.74 8500.09 8495.26 8491.86 8489.87 8493.59 8488.97 8493 8493.5 8495.38 8500.5 8506.43 8510.24 8512.7 8513.51 8511.62 8519.97 8529.54 8535.5 8533.53 8549.26 8577.4 8598.17 8617.34 8636.27 8645.46 8654.81 8664.72 8671.93 8677.07 8683.7 8686.98 8689.16 8701.32 8710.62 8716.11 8712.27 8704.18 8702.68 8725.07 8761.86 8812.76 8838.85 8828.15 8819.75 8780.94 8703.44 8573.3 8448.68 8344.04 8253.31 8184.99
8516.32 8508.47 8507.92 8513.1 8519.34 8526.23 8530.68 8532.93 8534.57 8531.91 8527.99 8523.11 8518.54 8512.96 8507.23 8500.33 8495.14 8489.68 8484.33 8478.81 8473.85 8476.96 8477.04 8482.2 8486.82 8490.65 8493.84 8496.15 8498.35 8497.34 8494.26 8505.62 8515.46 8523.02 8522.6 8539.98 8552.45 8571.22 8597.31 8609.55 8623.07 8635.42 8643.91 8652.51 8665.65 8681.39 8686.38 8683.99 8692.53 8700.5 8703.9 8698.52 8693.73 8699.07 8728.97 8772.19 8821.39 8838.58 8832.2 8810.12 8752.74 8691.63 8601.46 8500.99 8416.83 8338.53 8278.88
8520.89 8513.25 8511.93 8515.44 8519.85 8524.29 8528.42 8530 8530.17 8528.15 8525.16 8520.56 8515.11 8509.4 8503.29 8497.43 8491.38 8485.35 8478.98 8471.7 8467.89 8469.72 8469.22 8474.52 8479.32 8482.24 8483.51 8484.26 8489.17 8493.88 8497.28 8501.5 8505.42 8507.24 8502.45 8522.76 8535.45 8550.98 8571.42 8587.1 8605.31 8618.25 8626.84 8634.6 8648.59 8668.33 8675.82 8672.86 8683.63 8678.58 8669.87 8668.32 8684.68 8698.58 8730.64 8774.37 8817.84 8826.31 8817.42 8787.19 8729.91 8673.64 8616.44 8563.43 8491.2 8434.21 8386.42
8529.47 8522.46 8518.78 8520.09 8522.8 8524.58 8526.95 8530.24 8530.25 8527.86 8524.03 8519.05 8513.27 8506.95 8500.1 8492.85 8486.72 8480.99 8476.45 8472.56 8470.08 8472.17 8472.7 8473.48 8475.25 8476.39 8476.98 8478.46 8483.42 8490.89 8498.48 8497.85 8499.17 8499.42 8505.69 8521.67 8531.34 8544.73 8563.28 8582.47 8596.37 8604.29 8611.17 8622.06 8629.91 8635.77 8643.65 8647.08 8648.95 8644.64 8647.56 8662.91 8682.78 8703.4 8727.69 8748.96 8770.14 8789.34 8781.67 8730.26 8674.86 8640.51 8612.69 8583.25 8543.66 8512.28 8480.01
8537.3 8528.39 8523.94 8527.16 8529.81 8530.67 8531.08 8534.45 8532.25 8528.53 8523.7 8518.17 8511.43 8504.64 8497.57 8491.05 8483.67 8477.82 8473.43 8473.17 8472.8 8472.27 8476.42 8472.32 8471.95 8472.69 8473.45 8474.89 8479.35 8484.37 8486.01 8489.77 8498.26 8505.01 8512.55 8522.73 8528.78 8539.52 8556.72 8577.29 8587.51 8589.86 8591.96 8589.91 8580.76 8589.54 8604.4 8617.8 8612.55 8619.49 8628.55 8642.72 8676.68 8714.52 8724.47 8743.95 8758.05 8763.32 8742.67 8709.99 8665.46 8631.73 8605.5 8579.68 8569.19 8558.73 8543.83
8545.52 8533.31 8533.71 8538.66 8541.33 8542.92 8544.15 8542.26 8537.19 8531.75 8525.35 8518.34 8511.14 8503.47 8496.12 8489.18 8481.77 8474.7 8468.33 8463.35 8462.92 8463.33 8463.88 8466.92 8468.19 8469.35 8470.92 8473.16 8475.96 8478.98 8481.28 8486.28 8498.22 8505.67 8508.65 8515.8 8522.06 8532.35 8544.73 8556.67 8570.68 8573.33 8575.06 8574.44 8571.79 8573.96 8576.6 8587.96 8588.88 8592.93 8606.02 8616.91 8643.3 8671.68 8697.2 8721.77 8744.17 8756.41 8760.93 8754.94 8705.73 8655.81 8621.21 8593.07 8584.6 8577.86 8568.88
8551.1 8540.45 8550.48 8554.57 8555.29 8555.19 8554.18 8550.66 8543.99 8536.29 8528.43 8519.89 8511.26 8502.57 8494.41 8486.47 8478.4 8471.11 8463.86 8458.04 8458.57 8460.57 8461.64 8463.7 8465.41 8467.12 8469 8470.91 8473.33 8475.43 8477.47 8484.02 8494.6 8500.03 8500.24 8505.15 8510.73 8519.03 8534.52 8551.12 8547.8 8555.49 8560.37 8564.21 8564.49 8563.55 8558.04 8565.01 8578.26 8585.69 8594.72 8606.75 8614.92 8631.55 8658.08 8684.86 8715.44 8748.84 8780.22 8781.65 8744.71 8688.75 8649.64 8617.85 8596.35 8580.33 8563.66
8554.76 8549.68 8568.9 8570.71 8568.4 8569.46 8568.05 8558.43 8549.06 8541.23 8531.65 8522.04 8512.46 8503.09 8492.9 8483.64 8475.29 8467.63 8461.04 8457.07 8457 8460.83 8461.67 8462 8463.4 8465.3 8466.82 8468.6 8470.61 8472.79 8476.4 8479.22 8484.64 8483.64 8486.66 8493.72 8498.62 8503.77 8519.83 8535.41 8535.36 8541.13 8545.77 8548.37 8547.86 8544.32 8548.6 8558.33 8573.2 8583.09 8592.84 8602.01 8603.84 8614.05 8636.77 8659.55 8691.97 8731.56 8767.06 8774.16 8754.51 8717.85 8663.6 8629.34 8605.97 8584.5 8567.4
8567.14 8576.76 8587.1 8581.98 8575.55 8573.81 8572.12 8563.62 8552.79 8544.65 8534.31 8523.91 8513.29 8503.14 8493.2 8483.67 8474.63 8466.53 8459.6 8455.06 8454.54 8455.85 8457.63 8459.09 8461.06 8462.9 8464.96 8467.26 8469.23 8468.57 8467.86 8466.27 8472.2 8473.64 8482.53 8488.61 8492.39 8493.97 8506.97 8517.7 8526.56 8528.32 8530.82 8532.67 8534.01 8534.71 8547.24 8559.22 8572.42 8587.53 8591.79 8597.47 8596.8 8603.98 8621.13 8640.09 8670.83 8706.9 8736.08 8752.21 8753.68 8718.1 8656.13 8634.78 8619.86 8598.86 8576.27
8584.52 8595.89 8590.47 8581.44 8575.35 8573.9 8574.49 8566.31 8556.47 8546.69 8535.63 8524.75 8513.93 8503.22 8493.18 8483.32 8474.36 8465.77 8458.32 8453.97 8452.57 8452.38 8454.23 8456.35 8458.23 8460.04 8461.89 8463.74 8464.3 8463.76 8460.93 8461 8469.94 8475.7 8487.09 8489.16 8490.94 8499.17 8503.83 8508.82 8511.43 8514.27 8517.15 8520.45 8524.82 8530.4 8533.38 8551.56 8565.62 8575.22 8581.85 8586.6 8585.91 8597.03 8613.43 8636.81 8656.84 8682.37 8709.46 8728.54 8743.03 8720.19 8677.59 8661.31 8646.68 8630.84 8611.83
8591.78 8592.8 8585.29 8576.48 8572.06 8571.59 8575.41 8567.97 8559.19 8548.75 8537.78 8526.54 8515.24 8504.66 8493.46 8482.97 8473.11 8464.43 8457.69 8453.57 8451.65 8451.63 8452.56 8454.04 8455.5 8456.79 8457.97 8459.06 8460.2 8460.4 8461.5 8463.99 8473.98 8471.24 8483.8 8483.13 8485.06 8488.89 8491.85 8493.52 8496.94 8501.46 8504.78 8510.36 8519.14 8525.32 8533.67 8550.43 8558.63 8557.92 8569.48 8579.26 8588.15 8596.03 8605.47 8617.14 8635.6 8656.49 8676.99 8699.35 8727 8744.15 8739.11 8700.77 8680.16 8673.31 8674.87
8585.62 8590.01 8583.43 8573.53 8571.71 8571.29 8573.79 8568.18 8560.29 8550.3 8539.33 8527.32 8515.76 8504.26 8492.41 8481.42 8470.91 8462.24 8456.19 8452.89 8451.82 8451.5 8451.47 8452.39 8453.3 8454.25 8454.77 8455.21 8454.38 8458.45 8461.06 8462.22 8469.9 8462.31 8466.41 8472.24 8475.07 8476.22 8478.38 8481.37 8485.48 8491.19 8493.77 8496.74 8517.89 8520.63 8526.32 8536.74 8548.97 8556.39 8567.54 8575.65 8579.88 8593.07 8600.28 8600.56 8613.66 8630.82 8650.77 8675.64 8700.4 8724.35 8727.85 8708.94 8701.54 8707 8715.72
8573.97 8582.81 8581.68 8575.16 8575.72 8576.4 8574.22 8568.63 8560.93 8550.02 8539.87 8528.23 8515.38 8503.87 8492.3 8481.31 8470.64 8460.45 8451.09 8448.4 8449.74 8450.61 8450.62 8451.19 8451.21 8451.64 8451.82 8452.17 8453.95 8456.52 8461.39 8465.9 8463.24 8458.63 8460.71 8463.26 8465.76 8467.28 8470.27 8478.61 8483.85 8482.79 8486.05 8493.65 8517.29 8503.56 8502.17 8512.82 8528.55 8555.51 8569.79 8577.06 8581.93 8585.9 8585.79 8584.48 8594.59 8607.49 8621.16 8641.37 8664.02 8677.65 8681.3 8688.68 8701.21 8722.14 8747.2
8564.45 8574.27 8579.89 8578.54 8578.92 8583.49 8577.71 8570.13 8560.39 8549.66 8538.59 8527.02 8515.45 8503.68 8492.08 8480.92 8470.64 8460.69 8450.74 8449.01 8448.7 8448.28 8450.28 8450.26 8449.62 8448.88 8448.31 8448.2 8447.71 8452.74 8459.65 8464.29 8458.64 8454.76 8454.61 8455.91 8458.17 8461.96 8466.93 8468.67 8470.59 8472.3 8478.07 8487.58 8488.95 8488.56 8494.14 8506.04 8520.21 8547.6 8568.16 8580.12 8581.38 8574.05 8570.58 8572.54 8580.45 8589.52 8596.91 8614.31 8635.51 8656.08 8661.76 8665.34 8685.85 8714.64 8751.79
8554.39 8568.58 8581.81 8584.37 8585.56 8587.83 8580.69 8571.13 8560.34 8548.92 8537.34 8525.47 8514.09 8502.78 8491.6 8480.79 8471.08 8463.65 8459.95 8456.99 8457.69 8455.25 8452.5 8450.55 8448.84 8447.27 8446.31 8446.04 8448.25 8451.72 8455.77 8457.99 8457.33 8451.47 8447.94 8449.54 8451.02 8451.91 8452.28 8453.42 8454.7 8458.84 8461.93 8467.34 8468.34 8476.17 8490.1 8508.82 8531.28 8554.5 8573.93 8578.84 8573.41 8561.72 8557.82 8562.24 8572.6 8582.21 8590.05 8604.86 8620.15 8635.14 8632.1 8636.09 8657.46 8684.34 8715.86
8544.48 8561.59 8578.4 8582.74 8585.93 8588.89 8580.5 8569.22 8557.5 8547.66 8535.88 8523.94 8511.98 8500.23 8489.28 8479.12 8470.04 8463.53 8461.28 8459.89 8463.31 8459.69 8454.12 8450.68 8448.13 8445.9 8444.1 8442.63 8442.06 8443.57 8449.44 8456.2 8452.4 8447.82 8445.66 8445.03 8444.7 8443.39 8439.47 8441.8 8441.87 8440.32 8443.8 8448.66 8455.35 8468.55 8488.26 8509.61 8531.09 8555.13 8575.33 8575.24 8567.15 8557.81 8553.27 8558.47 8570.5 8583.44 8593.43 8599.97 8603.57 8600.88 8590.36 8604.27 8621.94 8637.31 8647.61
8541.8 8555.44 8571.54 8577.69 8581.34 8583.81 8577.35 8566.97 8555.93 8544.3 8532.72 8521.27 8509.35 8498.83 8488.17 8477.99 8468.64 8460.09 8454.1 8455.4 8454.71 8455.38 8453.12 8450.39 8447.59 8445.1 8442.41 8439.42 8436.32 8435.98 8439.75 8441.92 8434.93 8440.25 8442.27 8441.35 8439.95 8438.79 8440.2 8434.59 8429.19 8429.71 8435.73 8441.48 8452.84 8469.59 8490.9 8512.3 8528.44 8549.49 8569.33 8586.78 8571.36 8554.57 8548.2 8554.45 8568.23 8583.87 8592.57 8593.99 8590.62 8565.53 8557.01 8573.09 8585.13 8589.18 8585.49
8539.25 8550.99 8567.18 8574.24 8579.32 8579.7 8572.64 8563.08 8552.61 8541.74 8530.43 8519.03 8507.67 8497.33 8486.91 8477.25 8468.11 8459.43 8453.28 8453.45 8452.35 8453.19 8451.92 8449.89 8446.96 8443.77 8440.47 8436.92 8434.06 8431.69 8430.94 8430.12 8430.29 8438.34 8440.45 8438.55 8435.33 8432 8427.23 8424.02 8423.17 8434.45 8431.26 8436.62 8451.34 8470.04 8492.67 8517.17 8534.28 8543.23 8553.38 8567.67 8552.76 8542.95 8541.17 8546.8 8559.43 8575.82 8579.5 8571.21 8563.76 8531.6 8528.7 8548.41 8548.71 8547.86 8543.04
8540.22 8547.83 8559 8570.09 8575.36 8574.07 8567.71 8559.38 8549.29 8538.47 8527.58 8515.66 8505 8494.4 8484.62 8475.65 8468.17 8461.82 8457.61 8456.33 8454.48 8453.1 8451.15 8448.71 8446.17 8443.35 8440.03 8436.87 8432.95 8428.91 8426.09 8424.61 8432.27 8442.08 8439.66 8435.82 8431.75 8426.87 8421.18 8418.73 8418.72 8421.96 8421.22 8429.93 8446.45 8468.83 8491.01 8513.62 8527.31 8533.63 8541.37 8543.31 8541.62 8539.77 8533.38 8534.26 8539.86 8547.38 8540.38 8521.41 8500.29 8488.4 8489.51 8498.2 8508.41 8510.92 8507.9
8543.13 8547.15 8554.55 8563.12 8568.13 8567.63 8561.74 8554.45 8545.16 8536.27 8525.14 8514.34 8503.73 8493.61 8484.19 8475.43 8468.41 8463.55 8460.53 8459.34 8456.62 8454.11 8451.27 8448.52 8445.58 8442.72 8439.48 8436.42 8433.35 8430.72 8426.4 8424.18 8432.22 8437.6 8434.69 8431.17 8427.66 8423.03 8418.7 8415.95 8416.68 8419.82 8417.53 8424.57 8441.74 8463.78 8484.24 8503.28 8515.89 8520.77 8519.19 8515.83 8522.62 8522.87 8520.53 8517.21 8511.6 8502.09 8481.89 8465.47 8451.53 8449.45 8457.38 8467.2 8479.66 8480.67 8470.49
8542.21 8544.51 8550.11 8555.83 8561 8562.41 8557.79 8550.22 8541.02 8530.81 8520.64 8510.39 8500.53 8491.24 8481.95 8473.71 8466.66 8462.05 8459.71 8459.95 8458.57 8454.27 8450.96 8447.75 8444.58 8441.53 8438.45 8435.57 8433.39 8430.35 8425.76 8428.12 8424.52 8426.29 8428.05 8426.81 8424.11 8420.07 8414.94 8411.24 8412.61 8412.48 8417.31 8428.97 8442.34 8458.36 8473.24 8488.79 8496.56 8499.95 8502.63 8501.14 8506.76 8519.06 8514.07 8499.76 8484.15 8462.84 8437.25 8427.07 8423.63 8427.45 8436.89 8458.55 8469.3 8462.09 8447.54
