real_craters/C181-1000m.grd
DSAA
89 89
-43.99 43.99
-43.99 43.99
4250.8676799692 6592.823715985
[rows 30 to 59 of 89, columns 0 to 66 of 89]
5827.67 5812.44 5834.59 5842.99 5866.19 5870.24 5853.8 5834.08 5825.88 5831.61 5836.4 5850.97 5873.74 5876.55 5886.6 5901.09 5928.31 5960.54 5972.46 6000.79 6053.23 6055.71 6205.68 6326.02 6393.28 6208.36 5939.71 5726.4 5607.72 5324.95 5091.68 4944.73 4733.33 4680.64 4612.21 4593.58 4578.53 4540.87 4527.97 4546.82 4578.04 4597.33 4603.45 4603.65 4601.41 4582.99 4554.55 4579.55 4630.46 4660.44 4673.19 4716.93 4779.53 4847.2 4910.26 4990.41 5080.31 5177.2 5320.63 5474.29 5600.66 5707.23 5857.49 6042.54 6219.73 6128.89 6128.13
5830.53 5816.6 5800.21 5815.46 5836.57 5849.41 5848.28 5845.18 5838.16 5835.32 5842.65 5857.94 5850.46 5840.18 5857.51 5894.75 5925.07 5953.94 5984.85 6038.06 6088.13 6247.87 6368.16 6282.17 6326.77 6183.15 5837.46 5713.8 5503.94 5205.29 4955.95 4771.82 4688.5 4608.77 4540.21 4506.55 4486.1 4464.4 4456.18 4476.35 4502.2 4519.16 4531.96 4541.61 4526.27 4497.82 4467.39 4482.53 4520.86 4534.17 4562.23 4605.21 4645.23 4667.61 4683.92 4785.24 4881.45 4967.04 5118.25 5311.14 5479.94 5664.68 5912.13 6053.21 6286.29 6272.11 6198.85
5849.97 5812.06 5803.94 5798.01 5826.99 5809.04 5821.18 5837.93 5836.77 5839.01 5838.4 5839.69 5843.31 5839.52 5863.27 5907.53 5937.19 5951.35 5996.27 6052.01 6066.67 6303.8 6261.26 6175.47 6199.32 5910.82 5717.8 5636.51 5352.35 5058.78 4816.28 4665.11 4623.77 4561.17 4493.25 4461.23 4440.41 4424.31 4426.99 4444.6 4461.52 4473.91 4477.05 4473.61 4476.41 4458.04 4447.74 4447.42 4464.17 4478.54 4494.69 4524.94 4547.96 4542.66 4531.83 4638.29 4799.37 4916.15 5040.39 5197.56 5369.85 5539.87 5744.13 6108.07 6369.4 6325.05 6260.03
5853.13 5825.06 5797.43 5804.01 5798.86 5802.32 5810.45 5829.88 5841.11 5837.58 5832.31 5830.26 5839.57 5852.69 5886.42 5929.2 5963.75 5992.79 6054.12 6081.24 6216.81 6303.53 6171.64 6172.68 6042.92 5838.88 5640.61 5406.45 5160.67 4911.08 4680.56 4594.43 4552.6 4499.5 4450.78 4431.42 4410.69 4406.97 4415.82 4436.28 4444.39 4447.72 4447.99 4443.63 4445.82 4434.78 4430.03 4426.56 4435.48 4449.53 4459.98 4475.32 4485.65 4477.66 4481.99 4569.2 4740.99 4849.92 4978.95 5124.49 5270.03 5400.16 5526.57 5837.12 6272.61 6312.21 6297.18
5833.57 5826.97 5807.54 5795.81 5804.54 5810.55 5820.16 5818.6 5843.2 5834.83 5826.5 5819.05 5855.95 5872.9 5915.73 5943.47 5979.93 6077.79 6187.81 6144.79 6284.29 6216.29 6049.98 6033.08 5939.13 5721.41 5336.92 5160.34 5009.1 4827.41 4660.41 4572.45 4514.47 4476.19 4433.12 4406.2 4387.62 4397.93 4406.63 4425.78 4436.41 4437.01 4443.7 4436.02 4431.49 4424.17 4417.21 4410.75 4416.08 4424.44 4439.11 4444.65 4449.61 4450.63 4458.69 4498.26 4608.86 4784.1 4929.12 5066.5 5180.42 5285.23 5389.75 5559.03 5945.07 6152.49 6247.76
5820.85 5831.25 5817.29 5798.63 5802.65 5818.97 5825.11 5829.56 5831.49 5837.08 5836.71 5842.62 5872.95 5933.54 5958.21 5997.62 6066.58 6156 6194.72 6182.48 6196.69 6015.38 5942.57 5927.63 5884.62 5580.5 5151.02 4977.8 4897.77 4782.26 4702.68 4550.57 4514.3 4479.05 4450.33 4403.08 4386.28 4393.1 4450.3 4448.57 4434.46 4437.6 4437.96 4441.32 4436.98 4425.24 4413.2 4408.78 4405.5 4407.32 4411.8 4420.49 4424.75 4427.61 4434.01 4451.95 4492.99 4732.33 4891.19 5003.12 5105.47 5206.49 5277.43 5363.67 5655.93 6001.98 6178.06
5835.27 5828.52 5822.99 5806.51 5803.01 5806.83 5830.18 5841.4 5846.55 5848.99 5855.5 5865.39 5893.69 5979.03 5992.57 6030.77 6145.03 6369.46 6400.4 6063.69 5987.62 5850.74 5844.08 5847.17 5799.52 5414.93 4990.11 4859.32 4769.31 4697.15 4630.91 4573.79 4526.52 4485.85 4441.74 4402.22 4374.79 4382.77 4389.87 4403.14 4429.96 4447.13 4465.76 4470.15 4460.79 4443.05 4431.85 4438.46 4418.57 4404.35 4404.44 4404.14 4403.65 4404.21 4411.81 4427.58 4444.13 4731.94 4819.16 4914.17 5021.01 5138.08 5222.15 5279.87 5522.14 5913.36 6188.17
5849.38 5834.96 5835.64 5827.37 5819.19 5818.23 5821.83 5838.11 5840.93 5860.86 5884.11 5908.14 5962.03 6002.81 5991.3 6027.39 6211.68 6417.95 6396.1 5968.05 5838.58 5787.08 5790.71 5728.68 5524.51 5200.79 4932.01 4808.61 4725.95 4665.5 4628.29 4553.18 4545.58 4497.43 4443.34 4419.99 4397.44 4386.44 4390.27 4406.39 4443.43 4469.13 4485.79 4495.51 4491.9 4494.02 4504.02 4526.06 4501.13 4441.84 4404.05 4394.84 4389.23 4384.9 4392.44 4415.91 4436.31 4511.53 4678.45 4809.63 4934.92 5055.21 5212.67 5290.01 5405.61 5760.56 6131.7
5840.45 5833.18 5845.38 5819.15 5824.8 5839.77 5840.51 5858.49 5859.37 5876.92 5917.28 5976.29 6033.29 5972.55 5990.26 6042.73 6304.46 6442.91 6272.04 5962.66 5762.91 5724.9 5635.67 5549.66 5338.03 5147.53 4907.47 4762.7 4682.55 4654.06 4627.1 4614.1 4565.07 4507.17 4474.76 4450.69 4423.94 4409.07 4418.97 4431.55 4473.73 4497.13 4497.52 4514.51 4530.02 4549.79 4598.64 4645.69 4655.78 4506.83 4423.33 4404.34 4385.65 4374.35 4380.06 4410.37 4448.17 4478.37 4579.83 4721.87 4860.01 4997.35 5203.95 5301.38 5380.8 5649.06 6021.17
5847.46 5862.61 5856.13 5850.81 5825.31 5836.39 5860.05 5867.5 5861.61 5879.31 5934.38 5985.74 5987.01 5975.15 6019.93 6146.18 6297.45 6386.61 6020.15 5996.94 5748.37 5722.48 5555.79 5420.8 5275.65 5089.11 4864.92 4744.69 4669.05 4639.99 4634.25 4633.71 4608.77 4530.52 4513.57 4489.28 4452.71 4442.62 4477.2 4513.01 4521.59 4525.76 4534.01 4527 4555.11 4610.06 4672.09 4738.62 4756.08 4607.08 4494.36 4431.46 4392.37 4372.72 4373.44 4394.2 4435.76 4455.16 4525.99 4661.83 4804.72 4960.66 5135.78 5330.2 5406.75 5623.69 5894.93
5865.41 5868.53 5869.87 5898.86 5843.87 5846.66 5830.42 5874.22 5875.35 5888.59 5934.27 5982.83 6005.99 5995.58 6059.91 6121.43 6244.63 6336.54 6028.5 6011.55 5750.47 5715.52 5467.07 5304.25 5202.39 5045.46 4845.34 4751.75 4666.06 4637.82 4631.23 4634.85 4633.37 4567 4551.02 4531.01 4492.39 4480.7 4522.53 4575.31 4551.22 4534.99 4497.97 4499.64 4537.35 4639.77 4689.47 4761.49 4770.06 4669.63 4554.78 4462.52 4401.77 4369.8 4366.72 4393.44 4419.91 4440.41 4506.21 4638 4777.16 4906.94 5123.15 5347.83 5412.35 5580.03 5885.44
5890.52 5868.63 5850.21 5850.77 5835.79 5837.54 5856.02 5886.09 5879.75 5882.95 5923.5 5961.4 5979.43 5984.01 6120.25 6187.41 6097.77 6185.24 5977.91 5894.73 5706.82 5514.87 5369.71 5272.58 5274.92 5014.64 4813.88 4743.15 4675.05 4636.95 4631.7 4626.66 4604.06 4592.8 4581.86 4569.24 4536.2 4521.65 4545.66 4559.77 4548.87 4523.95 4499.68 4446.53 4435.53 4462.11 4605.34 4713.44 4723.79 4640.52 4556.08 4469.53 4399.24 4361.14 4358.18 4385.83 4407.59 4443.21 4500.9 4619.5 4758.73 4886.75 5083.62 5312.8 5411.47 5552.23 5946.23
5880.62 5846.21 5815.91 5823.69 5831.17 5863.29 5847.41 5844.76 5877.07 5895.29 5915.52 5939.24 5955.93 6002.53 6080.05 6107.9 6043.16 6064.63 5972.74 5766.2 5668.9 5533.86 5374.06 5213.61 5183.71 4941.43 4763.8 4698.74 4669.26 4646.19 4633.53 4618.1 4595.13 4598.11 4592.94 4586.6 4573.38 4570.06 4564.12 4571.54 4539.45 4498.79 4440.77 4385.06 4327.89 4330.82 4526.43 4683.5 4691.31 4597.38 4517.08 4443.47 4380.91 4336.68 4354.35 4377.16 4403.31 4445.03 4500.95 4605.84 4724.86 4820.22 5039.97 5245 5446.96 5600.12 5861.2
5813.95 5803.53 5848.12 5856.36 5835.05 5837.55 5821.19 5833.42 5876.69 5887.68 5903.92 5926.52 5954.48 5961.97 6020.08 6054.91 6032.28 6016.79 6218.84 5798.67 5696.11 5567.65 5320.33 5149.82 5053.06 4881.92 4776.05 4675.42 4653.87 4645.11 4639.13 4621.91 4606.7 4587.32 4590.5 4592.81 4591.67 4583.76 4563.92 4529.98 4494.66 4470.76 4412.32 4365 4311.1 4333.51 4544.38 4712.96 4695.76 4547.59 4477.08 4411.88 4352.74 4319.08 4342.45 4366.79 4401.57 4452.68 4506.57 4595.71 4687.36 4753.96 4930.57 5205.26 5632.34 5745.09 5841.15
5763.4 5772.25 5772.41 5831.14 5841.82 5853.82 5850.75 5860.72 5867.87 5873.6 5891.19 5909.66 5922.64 5937.36 5954.63 5992.29 6090.09 6161.96 6262.87 5873.44 5695.41 5488.7 5242.27 5250.82 5059.69 4824.12 4733.54 4661.78 4640.36 4627.82 4626.67 4607.34 4593 4587.15 4582.53 4589.93 4599.35 4598.27 4566.08 4513.16 4472.69 4455.44 4415.95 4388.39 4384.74 4459.19 4641.4 4767.21 4669.04 4533.57 4456.04 4376.72 4319.68 4296.18 4326.6 4355.37 4402.58 4465.12 4531.74 4590.65 4662.12 4723.27 4932.24 5284.37 5674.07 5782.54 5878.21
5599.59 5622.88 5666.87 5727.92 5788 5805.42 5813.39 5821.99 5839.68 5864.15 5889.59 5902.55 5918.86 5944.81 5973.47 5942.67 5949.07 6259.67 6413.84 5998.14 5716.9 5501.74 5250.32 5200.84 5030.03 4800.09 4700.33 4657.5 4633.67 4614.02 4608.94 4603.58 4594.26 4579.61 4577.74 4587.51 4605.23 4618.68 4577.6 4512.73 4468.57 4450.61 4431.31 4426.49 4454.47 4569 4778.19 4907.57 4712.67 4520.54 4428.39 4348.72 4287 4265.27 4312.04 4354 4413.54 4473.31 4524.58 4581.17 4645.94 4724.47 4930.59 5387.73 5692.16 5725.55 5798.16
5563.96 5564.79 5574.96 5590.71 5672.51 5701.62 5721.49 5764.42 5795.64 5836.64 5869.73 5893.66 5917.65 5929.16 5937.76 5908.83 5953.1 6186.64 6324.31 5977.38 5680.85 5597.48 5306.44 5074.66 4909.1 4782.45 4691.28 4655.59 4631.6 4620.17 4599.86 4590.44 4587.15 4584.41 4576.73 4589.56 4607.75 4620.22 4572.12 4488.07 4428.24 4426.04 4450.16 4490.81 4541.12 4674.55 4878.29 5031.28 4787.98 4568.97 4424.72 4331.42 4267.77 4251.3 4305.04 4353.22 4410.85 4467.96 4510.93 4575.79 4664.34 4765.16 5031.31 5367.29 5638.31 5693.17 5753.79
5586.59 5565.63 5576.85 5614.8 5638.53 5593.42 5634.77 5691.64 5717.65 5768.62 5811.19 5835.98 5890.68 5940.01 5920.96 5871.39 5929.17 6229.28 6317.33 5968.75 5652.5 5579.44 5406.21 5133.37 4850.33 4760.25 4692.07 4652.89 4624.01 4602.92 4585.19 4574.04 4573.92 4583.46 4588.4 4589.89 4590.58 4584.88 4549.15 4475.16 4401.8 4454.54 4497.41 4566.82 4646.56 4758.69 4893.18 4927.4 4687.08 4526.29 4407.01 4316.82 4261.01 4250.87 4305.19 4352.64 4399.42 4451.9 4487.03 4568.43 4730.15 4854.13 5026.08 5278.45 5512.37 5646.68 5710.64
5563.35 5567.3 5573.42 5628.04 5686.58 5596.53 5612.85 5656.72 5671.97 5704.24 5751.59 5828.66 5863.34 5874.07 5873.19 5832.4 5929.71 6283.66 6353.08 6020.51 5639.55 5522 5364.34 5080.5 4898.03 4744 4679.81 4639.26 4610.2 4579.93 4567.44 4558.87 4563.85 4569.96 4585.55 4576.51 4568.46 4575.7 4558.48 4493.82 4447.05 4494.78 4540.89 4615.11 4730.58 4763.76 4828.59 4833.89 4620.64 4486.45 4392.86 4315.08 4260.96 4259.88 4309.84 4353.45 4396.64 4441.24 4480.43 4556.54 4734.39 4938.32 5014.28 5216.61 5395.81 5550.3 5687.93
5549.02 5548.5 5574.79 5604.82 5634.3 5629.96 5632.35 5648.43 5658.08 5696.06 5762.9 5845.06 5842.16 5824.32 5844.42 5799.54 5907.83 6239.35 6351.83 6116.15 5673.11 5505.03 5406.05 5162.77 4976.38 4832.14 4726.23 4671.09 4566.54 4562.59 4550.37 4552.76 4553.88 4548.47 4554.59 4547.73 4545.56 4551.47 4555.75 4534.23 4527.18 4539.74 4565.71 4604.64 4639.04 4692.03 4713.65 4652.83 4544.52 4450.28 4371.38 4309.98 4266.66 4282.63 4316.56 4358.1 4396.26 4440.08 4492.39 4562.71 4729.93 4956.42 5075.16 5250.64 5398.27 5548.38 5725.33
5560.31 5568.99 5595.52 5613.59 5632.94 5655.92 5657.32 5658.46 5653.14 5710.84 5812.76 5863.21 5828.08 5783.21 5798.79 5813.13 5939.65 6216.27 6270.23 6125.95 5707.8 5493.88 5395.51 5239.27 5078.74 4941.32 4790.8 4676.8 4542.61 4541.74 4522.96 4536.61 4521.62 4514.83 4513.72 4513.73 4508.22 4516.41 4527.12 4545.72 4566.72 4565.67 4554.72 4556.18 4567.8 4606.54 4625.98 4547.6 4462.02 4401.42 4349.1 4309.37 4287.71 4299.03 4324.99 4356.17 4395.67 4438.71 4483.49 4628.85 4832.3 5057.9 5238.14 5346.25 5437.98 5523.08 5732.57
5567.96 5575.08 5601.99 5613.21 5644.59 5668.93 5667.81 5671.66 5676.68 5709.17 5785.5 5825.71 5805.51 5774.06 5775.84 5888.33 5978.39 6066.98 6200.97 6213.31 5802.12 5544.7 5402.3 5237.5 5107.72 4984.38 4831.2 4725.14 4562.55 4522.07 4497 4480.28 4481.5 4486.41 4486.17 4488.2 4487.88 4495.43 4515.85 4528.81 4545.36 4538.98 4522.61 4507.04 4503.62 4531.19 4551.89 4464.71 4359.31 4356.82 4337.35 4319.15 4308.81 4315.49 4330.72 4358.57 4390.73 4445.64 4538.15 4671.37 4787.84 5152.18 5338.95 5426.83 5513.69 5570.53 5888.52
5581.71 5571.38 5603.08 5603.1 5629.35 5652.78 5659.64 5669.79 5677.12 5691.43 5714.38 5772.1 5783.01 5770.2 5785.38 5936.8 6000.06 6015.94 6125.06 6166.64 5974.38 5695.26 5481.39 5380.73 5071 4999.92 4904.83 4735.52 4689.61 4487.24 4497.43 4468.69 4456.22 4469.5 4473.76 4473.63 4476.88 4482.23 4487.3 4497.26 4497.91 4491.66 4484.98 4465.28 4454.72 4456.28 4429.5 4373.91 4349.19 4336.79 4331.93 4326.82 4325.25 4325.15 4327.57 4347.28 4381.81 4436.72 4575.73 4692.67 4913.31 5137.13 5341.82 5472.37 5569.2 5619.2 6057.78
5581.65 5595.92 5595.9 5598.03 5597.51 5620.45 5646.54 5661.05 5666.4 5671.85 5669.14 5708.95 5764.46 5789.84 5778.81 5879.08 5983.49 6025.17 6066.66 6108.57 6161.24 5882.78 5523.67 5456.6 5267.61 4978.47 4847.73 4742.96 4635.99 4549.99 4508.2 4474.63 4449.06 4449.2 4455.36 4458.72 4463.14 4468.65 4467.73 4474.28 4473.95 4464.7 4458.73 4442.4 4425.59 4414.25 4391.33 4356.4 4340.55 4340.4 4335.85 4332.47 4331.69 4331.44 4332.03 4351.54 4393.68 4485.83 4668.05 4861.95 5026.39 5165.38 5329.96 5474.41 5609.41 5732.52 6161.57
5595.51 5611.33 5627.89 5606.29 5608.32 5626.38 5644.52 5657.39 5670.96 5668.65 5660.24 5691.59 5744.86 5769.96 5734.39 5796.5 6016.15 6074.1 6043.7 5949.41 5995.74 6031.69 5691.76 5470.13 5274.45 5039.6 4916.31 4756.17 4640.27 4572.92 4529.84 4485.85 4451.2 4434.39 4436.71 4443.54 4448.22 4451.21 4463.98 4468.32 4464.26 4460 4445.74 4434.4 4414.61 4393.8 4375.51 4359.22 4344.06 4340.82 4336.89 4336.53 4340.87 4342.94 4350.83 4377.23 4421.41 4502.61 4808.74 4995.98 5178.01 5226.75 5357.78 5475.98 5618.68 5868.19 6160.26
5600.48 5617.35 5617.29 5613.26 5637.08 5641.99 5644.29 5652.46 5660.25 5658.52 5663.34 5698.84 5721.36 5729.91 5738.34 5737.67 5999.65 6093.94 6055.18 5955.66 5911.41 6100.69 5867.85 5520.95 5383.68 5145.57 5049.81 4801.46 4673.25 4593.61 4550.13 4511.32 4466.46 4433.79 4427.78 4434.41 4439.32 4450.05 4459.43 4464.25 4455.49 4442.46 4430.63 4408.49 4396.71 4379.37 4371.88 4364.79 4353.5 4345.57 4340.37 4339.75 4348.47 4354.61 4375.66 4413.03 4463.74 4554.06 4775.69 4995.42 5250.47 5335.12 5431.44 5537.37 5654.55 5983.32 6227.4
5588.35 5613.49 5616.3 5619.67 5629.81 5635.48 5639.25 5644.99 5650.06 5655.8 5658.66 5684.03 5711.39 5724.44 5732.69 5769.7 6038.77 6087.04 6027.52 5925.52 5870.77 6040.91 5988.93 5629.67 5485.32 5257.85 5119.61 4870.23 4715.38 4626.05 4595.18 4529.48 4477.84 4440.81 4431.4 4432.59 4433.11 4436.67 4442.12 4443.4 4440.08 4430.22 4414.93 4402.34 4382.57 4367.31 4358.41 4352.66 4356.53 4351.09 4345.94 4341.87 4353.77 4361.88 4394.8 4446.02 4513.07 4620.95 4775.7 4954.86 5254.75 5394.06 5515.96 5653.34 5820.39 6159.02 6293.46
5583.2 5612.54 5621.31 5610.81 5603.67 5619.56 5629.28 5637.53 5644.8 5664.1 5669.15 5719.08 5713.01 5730.88 5766.82 5831.55 6070.48 6095.59 6013.94 5946.35 6023.8 6034.43 5990.52 5708.94 5548.24 5441.98 5268.87 5027.07 4897.58 4766.54 4680.91 4559.59 4509.2 4471.76 4447.6 4439.82 4433.24 4424.67 4423.42 4425.32 4423.2 4414.31 4391.95 4373.81 4368.44 4362.7 4356.61 4357.02 4361.67 4361.89 4359.74 4358.04 4362.47 4371.86 4405.03 4489.12 4584.92 4683.01 4832.07 5152.32 5266.79 5440.61 5637.94 5823.16 5996.67 6330.2 6190.16
5630.83 5627.14 5626.93 5609.15 5604.44 5614.54 5625.48 5633.92 5640.14 5646.55 5681.29 5707.69 5694.87 5732.91 5811.13 5944.57 6159.76 6132.63 6068.46 6012.55 6101.74 6098.09 6057.73 5936.29 5663.69 5643.95 5540.48 5310.03 5118.9 4921.18 4855.56 4780.26 4601.61 4494.88 4468.59 4461.39 4446.12 4421.8 4414.11 4418.81 4413.92 4394.39 4372.69 4360.33 4366.12 4367.56 4366.92 4371.23 4376.13 4380.24 4379.03 4377.33 4394.36 4391.59 4426.03 4550.09 4685.37 4813.44 4951.2 5177.5 5352.35 5562.73 5784.43 5979.37 6183.9 6238.49 5976.14
5644.53 5641.5 5621.73 5631.54 5619.24 5623.03 5628.11 5634.68 5643.2 5667.87 5675.99 5662.14 5662.07 5731.42 5853.12 6032.6 6155.03 6133.31 6129.14 6070.96 6019.71 6145.36 6138.31 6158.31 5880.32 5745.84 5779.62 5495.35 5235.08 5101.65 5010.72 4898.63 4740.76 4594.07 4531.11 4509.13 4482.84 4446.15 4427.67 4433.54 4424.58 4408.19 4390.25 4381.51 4386.06 4383.02 4388.08 4394.31 4399.1 4400.36 4402.12 4415.97 4455.61 4479.42 4509.51 4679.4 4838.58 4995.75 5174.89 5306.4 5601.36 5811.66 5951.22 6067.72 6162.42 6123.34 5903.18
