real_craters/C181-750m.grd
DSAA
206 206
-76.9825 76.9825
-76.9825 76.9825
6827.549510887 9293.9569724435
[rows 76 to 113 of 206, columns 84 to 167 of 206]
8782 8823 8867 8856 8854 8865 8879 8911 8903 8823 8792 8799 8760 8772 8807 8755 8697 8660 8627 8597 8621 8583 8598 8602 8637 8698 8744 8770 8777 8757 8760 8736 8675 8596 8504 8438 8436 8440 8445 8475 8504 8538 8546 8538 8532 8529 8530 8531 8519 8490 8460 8429 8401 8387 8392 8397 8393 8390 8381 8371 8362 8354 8336 8324 8332 8330 8324 8313 8309 8315 8312 8302 8306 8304 8294 8280 8268 8261 8263 8274 8270 8264 8257 8252
8912 8936 8955 8911 8894 8878 8806 8769 8685 8656 8625 8613 8590 8548 8544 8561 8525 8464 8402 8402 8377 8412 8432 8462 8529 8612 8715 8791 8789 8818 8828 8845 8812 8738 8582 8470 8448 8449 8462 8501 8532 8551 8544 8548 8549 8550 8555 8561 8545 8514 8480 8447 8415 8397 8408 8427 8407 8397 8387 8382 8361 8338 8318 8312 8311 8316 8310 8304 8302 8310 8323 8324 8324 8319 8296 8286 8281 8281 8282 8283 8295 8286 8272 8270
8975 8989 8990 8887 8773 8670 8616 8544 8521 8532 8540 8527 8522 8493 8453 8408 8373 8325 8287 8275 8274 8286 8291 8320 8367 8435 8528 8613 8650 8715 8762 8808 8813 8764 8651 8531 8486 8484 8524 8554 8577 8581 8571 8566 8573 8573 8578 8593 8570 8533 8495 8461 8432 8411 8389 8374 8396 8390 8383 8378 8356 8327 8313 8305 8304 8309 8301 8293 8296 8306 8313 8313 8305 8298 8286 8286 8284 8284 8279 8278 8279 8273 8270 8268
8979 8966 8918 8755 8615 8533 8517 8501 8501 8514 8494 8452 8422 8386 8306 8267 8232 8205 8192 8181 8177 8192 8218 8245 8235 8252 8282 8345 8424 8489 8562 8668 8721 8746 8703 8639 8572 8560 8605 8624 8628 8635 8614 8602 8612 8620 8612 8602 8579 8546 8507 8473 8445 8423 8406 8410 8395 8386 8379 8370 8349 8327 8314 8300 8306 8301 8288 8278 8290 8296 8297 8298 8294 8293 8292 8288 8283 8274 8264 8260 8258 8259 8261 8261
8978 8896 8774 8600 8535 8518 8539 8546 8568 8593 8531 8342 8212 8218 8169 8117 8085 8072 8077 8107 8106 8103 8104 8104 8105 8117 8134 8195 8267 8319 8372 8466 8547 8628 8663 8695 8675 8671 8697 8704 8714 8727 8683 8666 8660 8655 8640 8617 8588 8554 8518 8483 8453 8423 8416 8404 8398 8388 8375 8363 8342 8322 8307 8301 8303 8302 8275 8268 8289 8282 8287 8288 8289 8295 8295 8292 8289 8281 8263 8256 8250 8251 8255 8256
8977 8807 8645 8548 8545 8596 8655 8642 8547 8480 8332 8162 8003 7986 7971 7939 7916 7918 7980 8041 8065 7992 7962 7983 8008 8012 8049 8113 8192 8202 8236 8266 8341 8401 8470 8588 8661 8738 8765 8760 8773 8778 8735 8709 8704 8699 8667 8641 8598 8562 8526 8491 8459 8433 8417 8401 8388 8370 8369 8359 8334 8308 8305 8304 8302 8284 8267 8264 8269 8283 8279 8279 8283 8293 8296 8294 8291 8283 8272 8261 8251 8251 8254 8259
8935 8722 8577 8576 8641 8620 8626 8500 8339 8187 8092 7973 7858 7866 7790 7745 7724 7715 7714 7818 7838 7800 7783 7800 7933 7885 7857 7959 8028 8057 8085 8125 8157 8191 8245 8356 8494 8662 8734 8753 8791 8801 8770 8734 8739 8733 8676 8628 8601 8571 8538 8503 8470 8441 8422 8400 8386 8370 8357 8347 8334 8319 8313 8300 8286 8280 8277 8281 8288 8286 8271 8271 8279 8292 8294 8293 8291 8288 8279 8270 8265 8259 8256 8252
8808 8624 8505 8472 8426 8381 8340 8212 8097 7963 7903 7822 7753 7717 7571 7538 7521 7514 7517 7541 7538 7564 7585 7653 7777 7781 7777 7801 7823 7907 7956 7967 8015 8047 8087 8186 8303 8492 8597 8689 8768 8824 8804 8771 8775 8764 8692 8631 8612 8583 8548 8514 8479 8448 8418 8395 8386 8368 8351 8342 8342 8337 8323 8316 8301 8288 8291 8287 8286 8277 8261 8266 8272 8282 8287 8290 8291 8294 8293 8277 8270 8267 8261 8255
8668 8449 8317 8237 8173 8126 8067 7992 7916 7827 7756 7692 7596 7492 7366 7353 7353 7341 7329 7300 7305 7345 7369 7393 7491 7619 7679 7683 7721 7811 7879 7897 7931 7972 8012 8057 8120 8311 8452 8589 8722 8824 8826 8803 8830 8824 8759 8692 8652 8611 8569 8530 8492 8454 8421 8407 8398 8378 8362 8349 8347 8341 8326 8321 8300 8287 8286 8283 8274 8263 8269 8270 8268 8270 8279 8286 8293 8296 8289 8279 8274 8279 8268 8262
8571 8319 8179 8090 8021 7958 7892 7823 7761 7694 7603 7558 7490 7333 7222 7211 7213 7201 7159 7101 7140 7180 7204 7210 7267 7344 7455 7562 7660 7746 7820 7845 7870 7919 7977 7966 7989 8117 8269 8464 8666 8780 8822 8847 8896 8902 8848 8772 8700 8646 8598 8554 8513 8473 8442 8417 8400 8384 8371 8357 8347 8333 8310 8300 8295 8284 8275 8282 8270 8265 8280 8273 8261 8268 8275 8281 8287 8294 8287 8284 8283 8288 8276 8270
8442 8215 8099 8015 7898 7831 7737 7671 7592 7521 7445 7328 7247 7197 7121 7109 7105 7090 7069 7049 7053 7083 7105 7117 7126 7163 7291 7445 7579 7667 7705 7749 7802 7850 7892 7887 7893 7968 8106 8316 8546 8694 8786 8827 8871 8881 8830 8782 8731 8676 8625 8576 8532 8493 8457 8421 8387 8379 8367 8359 8344 8329 8314 8302 8297 8294 8281 8269 8268 8264 8277 8272 8272 8274 8273 8274 8276 8284 8286 8285 8287 8287 8281 8277
8278 8142 8023 7976 7844 7709 7629 7547 7444 7390 7322 7166 7083 7049 7047 7034 7028 7019 7006 6989 7003 7021 7039 7049 7055 7094 7196 7335 7488 7579 7607 7667 7725 7772 7795 7819 7844 7892 7984 8162 8353 8575 8731 8781 8848 8869 8818 8791 8753 8706 8653 8604 8554 8509 8470 8427 8403 8391 8385 8367 8346 8331 8318 8307 8301 8289 8278 8270 8280 8265 8268 8267 8270 8273 8267 8264 8262 8269 8272 8271 8273 8277 8278 8276
8110 7962 7874 7786 7679 7586 7536 7431 7322 7252 7175 7076 7017 6994 6978 6978 6976 6968 6957 6957 6969 6982 6990 6993 7005 7036 7114 7215 7323 7425 7536 7587 7659 7713 7748 7783 7822 7853 7915 8047 8213 8425 8617 8721 8838 8888 8869 8837 8793 8744 8688 8632 8576 8519 8469 8443 8426 8407 8391 8378 8366 8349 8339 8321 8305 8282 8275 8272 8264 8255 8256 8254 8259 8258 8256 8252 8251 8255 8259 8256 8256 8256 8259 8263
8015 7835 7746 7653 7563 7509 7434 7309 7201 7121 7042 6992 6969 6956 6951 6946 6941 6936 6929 6935 6940 6948 6955 6957 6963 6979 7037 7098 7141 7217 7398 7526 7601 7670 7727 7770 7813 7842 7881 7973 8103 8289 8487 8665 8799 8896 8935 8881 8826 8770 8713 8655 8598 8539 8496 8467 8447 8425 8402 8389 8372 8355 8337 8325 8312 8285 8290 8272 8258 8257 8253 8250 8250 8250 8249 8244 8238 8247 8253 8250 8245 8241 8245 8248
7943 7769 7673 7596 7521 7453 7276 7184 7132 7064 7006 6966 6947 6934 6925 6918 6914 6911 6909 6912 6916 6923 6930 6936 6941 6953 6984 7020 7052 7116 7245 7412 7521 7621 7722 7788 7812 7831 7863 7925 8028 8220 8453 8643 8788 8884 8932 8890 8837 8783 8728 8672 8618 8565 8520 8489 8470 8447 8422 8398 8389 8360 8339 8333 8322 8297 8290 8274 8260 8254 8254 8251 8249 8248 8246 8243 8243 8245 8246 8251 8238 8224 8225 8231
7907 7738 7636 7529 7405 7267 7132 7104 7083 7031 6985 6953 6928 6913 6903 6897 6894 6893 6893 6895 6896 6903 6909 6917 6926 6937 6953 6978 7010 7059 7143 7303 7421 7545 7686 7812 7797 7805 7834 7882 7978 8159 8389 8634 8837 8873 8876 8875 8840 8791 8740 8688 8638 8592 8548 8520 8493 8447 8414 8394 8377 8363 8344 8338 8328 8301 8286 8271 8265 8261 8256 8253 8252 8249 8246 8243 8240 8238 8235 8231 8226 8216 8209 8212
7868 7731 7642 7537 7379 7213 7096 7062 7033 6998 6965 6939 6912 6899 6888 6880 6880 6879 6877 6881 6884 6889 6892 6898 6907 6919 6935 6954 6976 7009 7065 7165 7289 7435 7590 7761 7784 7781 7803 7843 7926 8099 8311 8562 8806 8885 8883 8866 8836 8794 8749 8700 8657 8619 8574 8545 8500 8445 8413 8392 8379 8369 8352 8342 8327 8306 8294 8282 8273 8256 8253 8249 8245 8245 8245 8245 8240 8230 8228 8225 8221 8217 8214 8202
7870 7751 7646 7490 7278 7136 7058 7019 6996 6971 6948 6928 6911 6893 6881 6875 6872 6871 6875 6880 6884 6879 6877 6883 6896 6911 6925 6938 6950 6970 7003 7053 7166 7313 7473 7710 7763 7756 7779 7820 7898 8044 8224 8448 8697 8842 8872 8860 8834 8801 8755 8712 8668 8626 8578 8530 8496 8462 8432 8405 8386 8374 8360 8348 8334 8312 8297 8278 8262 8256 8247 8239 8238 8244 8243 8239 8228 8221 8220 8220 8217 8214 8210 8202
7904 7745 7571 7393 7198 7062 7017 6985 6968 6947 6926 6910 6897 6885 6874 6866 6864 6866 6871 6874 6875 6869 6863 6869 6885 6899 6910 6921 6930 6944 6968 7010 7090 7204 7348 7611 7738 7731 7765 7799 7872 8008 8178 8385 8632 8803 8848 8851 8827 8792 8759 8722 8676 8619 8576 8524 8500 8483 8454 8427 8406 8382 8359 8347 8326 8303 8296 8274 8263 8257 8245 8240 8250 8249 8246 8243 8242 8226 8219 8212 8215 8212 8208 8202
7904 7703 7443 7274 7101 6999 6980 6966 6950 6932 6913 6897 6886 6876 6867 6859 6858 6858 6853 6863 6864 6861 6856 6861 6872 6885 6894 6906 6917 6932 6946 6967 7025 7119 7237 7455 7638 7726 7763 7784 7853 7986 8151 8348 8591 8780 8843 8850 8817 8797 8771 8740 8702 8654 8603 8551 8516 8495 8459 8423 8406 8383 8358 8338 8319 8296 8294 8279 8267 8263 8252 8250 8256 8253 8250 8249 8250 8239 8233 8227 8220 8215 8211 8202
7843 7604 7366 7188 7040 6977 6963 6952 6937 6921 6909 6885 6874 6870 6863 6858 6854 6852 6854 6857 6859 6858 6856 6857 6861 6864 6877 6890 6903 6918 6929 6945 6989 7057 7171 7373 7586 7721 7766 7774 7842 7970 8129 8314 8562 8782 8838 8852 8816 8800 8778 8756 8731 8697 8633 8582 8534 8503 8463 8425 8408 8388 8362 8342 8316 8299 8284 8277 8268 8270 8265 8263 8261 8256 8251 8248 8250 8243 8239 8233 8226 8218 8211 8208
7750 7489 7287 7124 6998 6965 6954 6939 6924 6907 6888 6877 6876 6868 6858 6851 6848 6850 6850 6853 6856 6855 6854 6852 6853 6853 6863 6874 6885 6897 6914 6935 6971 7007 7074 7290 7508 7692 7759 7767 7835 7963 8110 8279 8523 8758 8821 8825 8793 8781 8768 8756 8743 8715 8646 8592 8537 8506 8473 8444 8424 8407 8374 8350 8329 8307 8284 8285 8266 8272 8264 8264 8263 8258 8253 8249 8245 8241 8237 8234 8232 8227 8217 8217
7611 7379 7208 7083 6988 6963 6951 6931 6913 6896 6885 6888 6879 6866 6855 6845 6842 6846 6849 6849 6850 6850 6847 6845 6844 6848 6854 6861 6870 6881 6899 6927 6959 6978 7030 7226 7418 7630 7727 7741 7817 7950 8094 8269 8498 8706 8790 8781 8778 8766 8755 8746 8738 8719 8677 8612 8558 8530 8495 8474 8438 8412 8382 8355 8336 8316 8299 8290 8268 8264 8255 8258 8262 8257 8252 8250 8246 8239 8237 8236 8237 8239 8221 8224
7483 7320 7178 7063 6982 6962 6953 6928 6905 6888 6877 6872 6868 6860 6850 6842 6838 6842 6842 6845 6846 6846 6844 6840 6839 6842 6847 6851 6856 6865 6884 6916 6952 6969 7015 7174 7324 7543 7670 7713 7799 7933 8088 8276 8513 8705 8764 8774 8762 8757 8747 8734 8726 8726 8715 8684 8603 8555 8512 8477 8443 8416 8389 8364 8347 8328 8315 8301 8285 8266 8255 8249 8255 8250 8247 8244 8243 8238 8236 8237 8237 8231 8217 8223
7433 7280 7156 7050 6981 6963 6945 6919 6894 6883 6873 6862 6858 6854 6849 6840 6834 6828 6841 6848 6847 6846 6845 6841 6839 6841 6843 6846 6852 6861 6878 6910 6948 6972 7020 7130 7274 7440 7589 7720 7810 7935 8092 8288 8532 8673 8728 8764 8769 8761 8745 8726 8709 8736 8787 8724 8619 8578 8534 8475 8450 8424 8404 8388 8367 8338 8322 8310 8293 8277 8265 8254 8243 8243 8239 8233 8236 8236 8237 8239 8239 8232 8221 8216
7423 7222 7129 7042 6981 6959 6946 6915 6890 6881 6879 6870 6860 6857 6852 6846 6848 6864 6865 6858 6851 6850 6852 6849 6845 6843 6843 6845 6849 6861 6881 6911 6945 6979 7028 7107 7222 7353 7501 7718 7802 7928 8092 8296 8531 8671 8732 8771 8781 8768 8748 8724 8701 8723 8731 8682 8617 8584 8528 8486 8465 8449 8432 8418 8405 8380 8353 8338 8317 8288 8269 8260 8252 8244 8236 8234 8232 8235 8237 8243 8248 8246 8238 8227
7455 7269 7144 7047 6985 6960 6944 6916 6896 6899 6911 6907 6879 6871 6865 6860 6866 6900 6887 6867 6854 6849 6852 6848 6846 6844 6845 6845 6849 6862 6884 6915 6951 6989 7043 7118 7200 7312 7449 7621 7749 7901 8075 8285 8513 8685 8775 8802 8800 8782 8755 8731 8712 8708 8688 8657 8614 8595 8556 8510 8493 8476 8466 8447 8425 8401 8374 8350 8331 8307 8287 8275 8263 8252 8246 8241 8238 8239 8242 8250 8257 8254 8241 8232
7446 7310 7139 7056 7000 6965 6945 6917 6902 6948 6964 6943 6909 6891 6878 6869 6873 6868 6878 6864 6852 6844 6846 6845 6844 6845 6846 6845 6852 6867 6890 6921 6959 6995 7050 7133 7202 7301 7422 7571 7711 7891 8077 8293 8520 8710 8828 8840 8826 8799 8768 8738 8717 8706 8680 8668 8675 8647 8611 8556 8503 8487 8482 8458 8429 8413 8393 8368 8348 8340 8325 8301 8283 8270 8260 8249 8245 8247 8251 8257 8261 8256 8242 8230
7389 7227 7105 7057 7010 6972 6947 6923 6913 6979 6996 6972 6940 6911 6887 6871 6858 6860 6861 6856 6848 6842 6845 6846 6843 6840 6836 6843 6854 6870 6894 6925 6961 6995 7045 7128 7220 7322 7424 7570 7756 7939 8106 8334 8561 8726 8826 8865 8846 8806 8768 8736 8713 8704 8685 8669 8682 8690 8675 8593 8501 8485 8483 8459 8435 8423 8406 8372 8352 8340 8348 8356 8332 8313 8281 8264 8254 8258 8261 8262 8263 8254 8240 8226
7395 7268 7091 7037 6998 6971 6948 6934 6938 7023 7055 7015 6966 6925 6896 6873 6858 6855 6853 6849 6844 6846 6845 6844 6843 6842 6844 6843 6850 6870 6894 6923 6963 7002 7041 7126 7249 7373 7478 7665 7878 8040 8165 8361 8568 8758 8896 8882 8845 8802 8759 8719 8694 8703 8665 8641 8653 8691 8674 8582 8496 8475 8463 8449 8432 8418 8408 8371 8351 8347 8349 8354 8345 8330 8327 8291 8265 8265 8263 8261 8262 8249 8232 8226
7401 7266 7093 7030 6995 6971 6950 6944 6967 7050 7082 7043 6970 6937 6902 6872 6851 6853 6850 6846 6840 6836 6839 6841 6844 6845 6846 6848 6855 6878 6901 6929 6961 6995 7047 7136 7248 7364 7559 7782 7971 8108 8202 8369 8605 8777 8856 8846 8815 8777 8738 8695 8672 8675 8614 8614 8640 8686 8675 8556 8469 8456 8456 8444 8427 8408 8384 8357 8347 8345 8338 8337 8332 8322 8327 8319 8287 8268 8258 8251 8246 8230 8222 8220
7471 7274 7081 7029 7003 6981 6956 6953 6969 7066 7121 7070 7001 6956 6914 6878 6851 6852 6849 6845 6839 6835 6841 6846 6848 6852 6857 6865 6877 6894 6915 6937 6965 6996 7062 7165 7284 7412 7613 7847 7979 8076 8198 8374 8616 8769 8775 8773 8765 8740 8713 8685 8656 8630 8601 8605 8619 8644 8674 8536 8440 8446 8447 8435 8418 8397 8376 8356 8347 8345 8340 8336 8333 8330 8337 8351 8308 8270 8253 8242 8230 8219 8217 8217
7549 7329 7109 7054 7032 7011 6978 6969 6984 7051 7119 7088 7023 6982 6938 6893 6852 6852 6849 6846 6844 6844 6847 6851 6855 6860 6866 6880 6897 6913 6934 6958 6987 7019 7099 7216 7361 7532 7702 7911 7985 8055 8181 8365 8642 8791 8751 8725 8717 8699 8683 8675 8658 8627 8610 8602 8593 8599 8614 8494 8427 8433 8432 8422 8408 8388 8366 8356 8349 8346 8341 8340 8339 8340 8345 8345 8316 8276 8257 8240 8224 8216 8215 8217
7526 7374 7203 7120 7072 7041 6992 6978 6992 7004 7073 7078 7056 7016 6966 6917 6878 6854 6849 6848 6849 6849 6849 6855 6863 6870 6877 6890 6911 6931 6954 6982 7017 7064 7136 7266 7431 7627 7829 7945 7990 8061 8199 8378 8656 8822 8782 8723 8678 8658 8643 8630 8636 8645 8626 8592 8564 8554 8582 8483 8418 8419 8420 8417 8398 8377 8368 8358 8354 8348 8345 8340 8339 8338 8339 8342 8330 8306 8274 8244 8224 8216 8216 8215
7508 7395 7308 7185 7119 7074 7008 6976 6972 6983 7013 7050 7056 7040 6996 6937 6876 6858 6851 6851 6853 6854 6855 6863 6874 6884 6894 6908 6927 6949 6974 7000 7036 7092 7165 7300 7462 7648 7818 7866 7995 8109 8273 8472 8717 8841 8759 8662 8619 8614 8616 8618 8644 8663 8634 8577 8535 8501 8482 8426 8415 8416 8403 8397 8392 8378 8368 8359 8352 8345 8341 8336 8332 8333 8329 8342 8344 8333 8293 8250 8219 8218 8216 8216
7538 7456 7346 7244 7164 7098 7032 6992 6967 6960 6984 7028 7063 7060 7019 6963 6894 6861 6854 6854 6859 6861 6866 6877 6889 6901 6913 6927 6946 6972 6998 7023 7049 7102 7190 7344 7491 7591 7730 7898 8062 8226 8393 8608 8788 8837 8686 8551 8555 8573 8600 8641 8664 8679 8641 8586 8525 8465 8426 8407 8397 8397 8389 8386 8384 8380 8372 8367 8369 8353 8339 8335 8328 8328 8325 8333 8348 8343 8307 8262 8225 8217 8213 8209
7641 7555 7480 7323 7200 7120 7059 7010 6978 6962 6978 7011 7043 7055 7030 6997 6910 6877 6862 6859 6859 6866 6880 6894 6908 6920 6932 6941 6969 7003 7034 7062 7091 7162 7268 7432 7587 7703 7834 8012 8163 8295 8504 8734 8812 8769 8639 8513 8523 8554 8585 8617 8665 8671 8644 8602 8530 8452 8402 8387 8384 8376 8374 8374 8385 8390 8385 8382 8383 8373 8367 8336 8325 8326 8325 8330 8338 8336 8316 8292 8253 8221 8216 8214
7735 7635 7548 7423 7302 7192 7100 7028 6993 6970 6974 6994 7012 7022 7021 7022 6954 6900 6880 6873 6868 6877 6893 6914 6928 6941 6953 6968 7002 7044 7082 7120 7164 7270 7404 7558 7719 7847 7942 8124 8253 8365 8592 8807 8820 8742 8632 8537 8529 8558 8592 8619 8677 8656 8628 8596 8534 8463 8382 8375 8374 8372 8372 8376 8384 8379 8379 8383 8388 8382 8373 8357 8331 8323 8323 8323 8318 8315 8314 8311 8285 8234 8220 8215
