real_craters/C181-500m.grd
DSAA
309 309
-76.9825 76.9825
-76.9825 76.9825
6829.6165775947 9306.9676752765
[rows 0 to 29 of 309, columns 0 to 66 of 309]
8934.63 8928.32 8921.29 8916.31 8905.84 8895.84 8890.01 8881.36 8860.79 8834.17 8820.51 8805.21 8791.67 8783.33 8773.91 8773.45 8777.28 8775.3 8776.07 8804.48 8835.25 8845.21 8830.64 8831.54 8834.78 8807.79 8777.45 8758 8761.95 8774.43 8794.69 8815.25 8829.35 8842.81 8850.84 8863.4 8870.71 8877.64 8869.3 8858.4 8842.76 8827.71 8810.67 8792.8 8776.56 8767.23 8762.36 8758.77 8758.44 8758.25 8757.4 8756.19 8754.05 8751.19 8751.44 8749.56 8727.38 8720.97 8719.51 8720.85 8723.56 8724.61 8709.71 8705.32 8710.11 8718.11 8728.03
8933.51 8925.93 8918.86 8913.25 8905.48 8898.61 8892.25 8884.73 8875.84 8863.27 8839.3 8816.12 8795.5 8781.22 8779.6 8772.4 8770.58 8768.62 8767.47 8774.49 8805.87 8819.68 8797.62 8808.07 8822.42 8798.83 8771.47 8753.91 8755.89 8768.3 8785.46 8802.81 8816.41 8828.05 8838.81 8852.3 8861.98 8865.78 8855.96 8842.22 8825.85 8813.99 8801.63 8786.14 8770.99 8763.39 8759.32 8756.1 8754.71 8753.78 8751.86 8748.71 8743.58 8737.28 8735.98 8733.49 8717.95 8705.58 8710.17 8714.09 8713.97 8710.5 8699.37 8696.31 8700.71 8709.24 8719.79
8934.23 8926.94 8917.74 8911.77 8905.16 8901.75 8895.77 8886.34 8883.72 8875.42 8852.97 8828.18 8801.52 8781.35 8776.01 8776.04 8771.81 8768.1 8764.93 8763.16 8766.29 8769.74 8765.11 8781.65 8795.85 8786.53 8767.78 8754.11 8752.85 8763.33 8779.69 8797.03 8811.61 8823.23 8831.58 8847.33 8852.72 8846.78 8841.07 8831.65 8817.77 8808.9 8798.43 8784.55 8770.1 8762.7 8757.47 8754.42 8753.69 8751.56 8748.13 8743.34 8736.53 8728.88 8723.15 8717 8709.05 8706.36 8711.12 8713.02 8707.34 8693.58 8684.17 8686.67 8693.47 8702.08 8713.58
8937.86 8932.26 8926.86 8920.85 8913.55 8908.25 8901.22 8890.67 8884.08 8878.61 8862.12 8842.8 8820.9 8796.79 8781.72 8778.87 8781.55 8772.94 8765.19 8764.67 8757.84 8755.35 8757.23 8767.82 8781.81 8774.35 8762.42 8751.57 8750.29 8758.6 8775.72 8795.28 8814.21 8828.18 8838.56 8847.29 8844.55 8836.27 8831.3 8826.64 8821.67 8812.83 8800.61 8788.15 8775.77 8767.86 8761.86 8758.67 8755.08 8751.82 8747.42 8741.92 8734.87 8725 8717.14 8714.3 8719.25 8723.98 8722.66 8719.48 8711.02 8689 8675.96 8680.75 8689.88 8699.79 8709.74
8944.2 8939.47 8935.49 8931.62 8925.26 8916.11 8908.24 8897.69 8886.82 8879.67 8868.8 8858.08 8849.62 8827.98 8812.35 8823.95 8804.75 8782.99 8769.79 8762.32 8757.76 8753.83 8750.79 8756.64 8761.72 8761.68 8758.59 8755.06 8747.35 8754.65 8772.51 8793.43 8815.77 8830.4 8827.56 8830.44 8830.34 8826.48 8823.01 8821.49 8820.28 8813.53 8803.32 8794.6 8787.62 8778.97 8768.65 8760.06 8758.13 8754.82 8748.93 8742.46 8737.66 8733.28 8722.66 8724.71 8734.59 8738.44 8736.62 8729.29 8714.62 8680.2 8670.52 8679.2 8689.14 8697.15 8706.55
8950.35 8945.97 8942.87 8939.89 8932.18 8920.94 8909.49 8895.64 8886.26 8878.64 8872.44 8868.14 8863.38 8853.55 8845.98 8846.33 8821.64 8791.34 8764.75 8758.79 8757.38 8755.52 8751.37 8749.31 8749.11 8750.55 8754.07 8758.71 8750.23 8753.58 8769.61 8787.92 8805.93 8816.49 8810.87 8810.47 8817.17 8816.52 8814.98 8814.27 8812.46 8808.15 8802.94 8798.69 8796.95 8789.21 8776.23 8773.06 8770.03 8761.18 8752.98 8745.25 8737.6 8733.08 8730.23 8731.36 8748.17 8756.89 8750.09 8740.76 8724.14 8688.32 8679.15 8682.67 8688.34 8695.02 8702.86
8955.03 8949.86 8945.65 8941.97 8930.27 8923.22 8913.19 8899.45 8888.76 8878.24 8873.93 8873.94 8875.04 8870.55 8862.08 8849.09 8829.44 8804.41 8779.19 8763.85 8761.47 8754.08 8752.71 8749.9 8743.22 8743.58 8747.43 8748.92 8748.17 8753.96 8767.01 8782.36 8794.43 8798.02 8810.16 8814.7 8813.41 8810.61 8808.28 8807.09 8805.18 8802.34 8799.46 8797.42 8796.19 8791.67 8784.69 8780.44 8774.5 8766.57 8758.1 8749.59 8740.88 8739.33 8745.22 8750.34 8761.6 8764.33 8756.12 8747.68 8737.18 8719.57 8698.43 8691.52 8691.59 8695.51 8702.12
8957.69 8951.76 8946.47 8942.44 8933.2 8926.34 8918.67 8904.63 8889.79 8879.69 8875.34 8875.52 8877.91 8878.75 8869.77 8855.13 8839.37 8823.05 8808.1 8799.35 8780.64 8761.16 8752.59 8749.93 8746.84 8743.83 8742.52 8744.83 8747.75 8752.46 8764.86 8780 8794.39 8807.04 8815.71 8817.24 8812.85 8807.27 8803.24 8801.13 8798.32 8795.26 8793.84 8792.68 8791.78 8789.86 8787.5 8783.88 8778.16 8771.26 8763.3 8756.23 8751.97 8755.9 8767.7 8768.84 8770.45 8764.12 8751.04 8742.04 8734.78 8725.18 8704.42 8694.89 8692.52 8695.01 8699.82
8958.38 8952.68 8947.63 8943.9 8934.24 8928.95 8921.07 8906.37 8891.92 8882.1 8876.93 8874.28 8874.37 8878.53 8872.85 8862.8 8851.85 8840.85 8833.49 8829.82 8805.3 8777.96 8759.77 8758.2 8749.88 8740.68 8739.27 8738.8 8742.02 8747.93 8760.48 8777.1 8796.11 8815.99 8819.12 8816.74 8811.75 8805.85 8799.94 8796.87 8793.26 8790.57 8787.91 8786.65 8786.36 8787.16 8786.53 8786.95 8783.08 8774.7 8766.71 8760.55 8758.17 8760.78 8763.57 8750.74 8753.57 8747.39 8733.2 8719.08 8700.07 8694.47 8691.38 8689.57 8689.32 8692.63 8697.18
8958.81 8952.07 8945.62 8940.16 8933.98 8927.81 8920.41 8906.42 8893.96 8885.53 8879.53 8873.58 8870.98 8872.98 8871.61 8869.21 8863.87 8855.22 8847.73 8846.34 8827.13 8800.63 8791.99 8784.16 8762.99 8744 8738.84 8739.49 8737.14 8741.47 8755.03 8772.57 8791.24 8806.76 8813.94 8814.27 8810.65 8805.52 8799.79 8794.26 8788.59 8784.47 8780.76 8780.11 8779.6 8776.91 8782.24 8783.17 8781.5 8774.9 8766.44 8759.69 8755.96 8753.21 8748.51 8741.19 8738.08 8728.35 8711.17 8689.23 8669.84 8667.87 8674.53 8679.62 8684.23 8687.3 8693.64
8958.27 8951.32 8943.11 8932.74 8928.69 8921.01 8911.09 8904.24 8894.71 8886.05 8879.33 8872.04 8866.99 8864.76 8867.95 8870.81 8870.71 8866.26 8866.83 8865.98 8851.7 8837.47 8831.44 8813.8 8779.86 8748.73 8741.67 8738.41 8736.56 8735.96 8749.51 8766.52 8783.92 8797.84 8801.21 8807.62 8808.64 8805.46 8800.41 8793.73 8784.19 8772.99 8772.99 8775.56 8777.86 8784.36 8778.83 8778.92 8781.05 8771.3 8761.49 8753.45 8747.23 8741.97 8739.16 8737.17 8730.64 8714.99 8693.22 8669.15 8654.44 8655.81 8663.51 8671.64 8679.33 8686.5 8694.36
8957.71 8951.01 8944.93 8939.48 8930.82 8922.97 8913.21 8904.25 8893.5 8883.6 8876.56 8871.58 8865.63 8862.22 8864.21 8866.81 8868.82 8870.74 8876.08 8879.91 8872.57 8864.42 8849.57 8831.59 8800.12 8768.47 8753.92 8745.42 8741.22 8737.73 8745.71 8760.45 8776.93 8789.43 8795.57 8804.02 8806.58 8806.68 8805.17 8797.45 8786.21 8771.62 8772.08 8775.01 8775.67 8774.47 8770.56 8766.76 8767.78 8761.5 8752.82 8744.92 8736.87 8730.85 8727.05 8730.67 8726.28 8706.65 8681.89 8657.22 8644.82 8647.03 8654.06 8662.38 8672.5 8681.09 8689
8956.94 8950.66 8946.28 8944.89 8937.93 8928.99 8918.83 8907.81 8897.57 8888.74 8881.27 8877.56 8869.56 8863.29 8861.59 8860.96 8861.75 8869.04 8878.23 8885.19 8881.09 8879.07 8870.66 8848.98 8819.74 8793.19 8772.88 8759.15 8746.97 8737.65 8742.81 8755.82 8771.14 8786.46 8795.51 8796.65 8803.32 8808.72 8808.66 8804.85 8796.6 8788.77 8783.15 8779.06 8774.48 8767.9 8762.48 8757.45 8753.56 8749.24 8742.04 8734.79 8727.47 8719.89 8721.89 8728.52 8726.94 8697.08 8671.53 8651.46 8641.01 8641.35 8647.74 8657.24 8665.42 8674.36 8683.51
8954.95 8948.63 8943.22 8938.14 8930.67 8922.86 8920.14 8910.17 8902.12 8895.66 8888.05 8881.56 8870.67 8863.67 8859.78 8856.93 8856.01 8861.38 8868.55 8871.96 8873.66 8879.56 8879.66 8861.26 8835.92 8814.34 8799.45 8784.02 8768.34 8742.78 8741.9 8751.42 8764.18 8779.09 8788.05 8799.1 8807.48 8812.77 8818 8815.49 8808.12 8801.71 8794.15 8785.15 8777.4 8769.08 8760.92 8751.99 8746.14 8742.08 8733.73 8721.63 8714.29 8710 8712.91 8699.73 8689.02 8677.59 8659.24 8643.73 8637.51 8639.82 8646.16 8654.26 8662.11 8669.34 8677.28
8953.07 8946.48 8938.71 8929.73 8922.76 8916.65 8914.38 8909.44 8901.67 8893.23 8887.8 8879.41 8866.86 8862.5 8859.99 8856.13 8851.23 8851.66 8853.1 8852.9 8858.24 8865.94 8872.78 8869.67 8853.24 8837.87 8821.08 8802.67 8781.21 8745.46 8741.18 8745.11 8754.63 8768.67 8781.39 8792.64 8804.15 8814.99 8822.23 8821.26 8814.76 8807.36 8798.71 8790.09 8782.11 8774.15 8764.86 8754.22 8747.7 8743.49 8734.92 8717.84 8712.34 8707.11 8685.95 8680.27 8669.31 8660.1 8648.79 8639.71 8635.71 8641.14 8647.51 8654.23 8660.51 8666.31 8671.86
8953.5 8946.22 8938.01 8928.21 8920.15 8915.1 8915.69 8909.61 8901.51 8892.42 8886.02 8878.57 8872.78 8867.49 8863.89 8860.49 8856.54 8849.15 8845.86 8844.13 8844.52 8847.23 8854.19 8866.09 8864.68 8852.32 8835.38 8811.89 8780.95 8747.13 8737.8 8738.81 8743.1 8752.59 8770.45 8784.92 8801.26 8816.25 8822.87 8822.95 8817.56 8808.6 8799.77 8793.21 8786.63 8780.98 8773.61 8762.48 8755.31 8751.64 8747.53 8741.32 8725.13 8711.04 8697.49 8669.86 8657.52 8650.9 8644.11 8639.65 8641.57 8646.51 8651.28 8656.03 8660.96 8664.92 8668.68
8955.14 8949.22 8941.26 8932.86 8927.3 8921.65 8919.07 8912.86 8903.76 8894.23 8890.62 8886.6 8881.91 8874.5 8869.79 8866.56 8864.4 8858.14 8848.23 8838.86 8833.51 8837.42 8847.82 8860.08 8863.51 8854.15 8839.54 8820.76 8798 8754.83 8738.88 8737.31 8734.68 8731.74 8746.48 8774.99 8806.28 8817.22 8823.68 8824.48 8816.85 8808.7 8801.55 8795.86 8789.62 8782.7 8776.02 8771.74 8767.31 8761.95 8755.75 8753.37 8730.29 8710.79 8688.94 8657.98 8649.78 8648.69 8647.04 8650.14 8651.84 8656.01 8658.3 8660.51 8662.04 8663.52 8664.4
8959.85 8954.41 8948.73 8942.33 8936.62 8933.87 8927.82 8918.88 8909.01 8900.87 8895.28 8889.94 8883.89 8879.76 8875.23 8870.87 8867.42 8862.46 8850.48 8841.5 8836.06 8834.08 8839.8 8850 8854.01 8849.33 8839.31 8826.88 8812.28 8779.2 8757.06 8745.77 8734.8 8726.54 8728.15 8758.77 8798.62 8808.92 8813.17 8815.07 8808.62 8804.61 8801.56 8797.23 8791.59 8785.41 8780.79 8782.08 8781.08 8770.94 8749.69 8730.65 8720.54 8689.2 8660.67 8649.78 8650.01 8655.47 8662.7 8676.48 8669.8 8668.15 8666.15 8664.57 8663.12 8661.99 8660.17
8966.04 8961.84 8958.31 8956.42 8957.43 8950.96 8938.57 8926.5 8915.09 8903.93 8897.81 8894.08 8889.88 8885.39 8878.41 8872.63 8867.41 8858.03 8846.94 8836.51 8828.64 8831.56 8838.61 8841.24 8843.58 8843.07 8837.98 8829.64 8818.21 8799.76 8780.76 8758.02 8739.06 8727.76 8720.65 8740.28 8777.96 8784.25 8787.21 8791.52 8789.38 8793.19 8799.11 8795.04 8791.65 8789.15 8786.94 8787.72 8783.98 8765.68 8745.21 8726.68 8711.74 8672.73 8647.19 8650.39 8656.31 8665.21 8677.26 8691.75 8685.49 8678.25 8673.23 8668.92 8663.99 8659.75 8654.99
8972.7 8969.19 8967.31 8966.43 8966.64 8957.2 8945.18 8933.02 8922.01 8912.91 8908.42 8909.55 8904.37 8892.15 8880.84 8871.33 8860.92 8850.27 8841.07 8829.8 8824.98 8826.99 8833.14 8835.52 8836.48 8836.29 8836.47 8828.35 8816.84 8798.41 8793.06 8768.13 8742.94 8727.25 8718.91 8723.93 8735.67 8747 8750.72 8747.92 8760.61 8772.24 8776.34 8784.24 8787.81 8790.28 8792.86 8784.88 8772.68 8755.1 8741.15 8722.43 8699.42 8658.28 8645.85 8655.99 8664.04 8674.71 8685.64 8693.34 8690.8 8684.9 8678.37 8671.2 8665.2 8658.78 8651.95
8978.3 8975.09 8974.15 8972.32 8969.11 8960.84 8949.66 8938.09 8928.53 8922.75 8922.4 8921.3 8910.81 8895.78 8882.55 8869.21 8855.08 8844.2 8838.37 8827.66 8811.14 8810.53 8812.9 8827.45 8830.16 8826.79 8827.71 8827.12 8821.58 8813.2 8800.64 8776.47 8745.66 8728.57 8720.12 8717.59 8718.55 8721.78 8722.96 8721.31 8737.56 8754.7 8766.9 8776.5 8780.7 8783.02 8784.23 8774.66 8758.99 8748.41 8735.58 8715.3 8687.46 8654.64 8649.93 8660.92 8670.2 8682.17 8693.25 8695.61 8692.93 8688.75 8681.69 8675.27 8668.25 8658.66 8650.56
8981.1 8977.84 8975.65 8974.12 8970.79 8961.92 8950.27 8939.02 8930.38 8925.07 8920.78 8916.49 8907.46 8894.94 8881.7 8868.48 8855.34 8847.82 8841.6 8831.69 8813.65 8802.83 8781.71 8800.86 8826.77 8827.38 8827.04 8829.26 8828.54 8823.27 8814.8 8787.33 8752.3 8732 8722.64 8715.44 8709.97 8709.74 8710.91 8713.78 8726.05 8744.53 8764.31 8770.94 8770.21 8769.45 8767.6 8763.97 8757.1 8741.06 8723.59 8709.1 8683.02 8654.17 8652.22 8660.91 8671.75 8684.89 8696.78 8698.06 8695.68 8692.03 8686.6 8679.01 8671.97 8663.23 8651.93
8980.1 8976.63 8973.58 8971.8 8964.95 8957.72 8946.98 8936.15 8928.16 8922.47 8916.23 8910.33 8903.61 8893.57 8881.3 8869.41 8860.16 8857.88 8846.96 8835.27 8816.76 8804.38 8784.12 8794.83 8821.75 8830.8 8832.64 8831.75 8833.52 8837.45 8808.48 8792.77 8767.09 8743.11 8729.31 8715.34 8711.7 8709.27 8707.98 8707.97 8716.5 8732.65 8749.73 8756.27 8754.17 8751.77 8752.17 8749.91 8748.23 8737.77 8724.63 8710.96 8691.93 8657.24 8660.04 8665.49 8671.25 8680.48 8692.94 8698.49 8696.6 8693.34 8688.52 8682.83 8674.35 8664.61 8653.98
8976.22 8973.05 8969.83 8967.31 8960.74 8951.59 8937.26 8928.43 8922.97 8919.97 8916.91 8909.39 8902.81 8892.96 8881.16 8869.49 8860.05 8856.64 8846.5 8834.91 8818.62 8805.13 8787.92 8790.48 8814.95 8828.1 8824.56 8822.77 8826.86 8829.28 8807.91 8802.74 8786.64 8765.35 8747.41 8730.2 8728.46 8722.49 8711.02 8703.01 8706.71 8718.81 8731.57 8737 8733.36 8728.91 8722.76 8722.96 8729.28 8724.94 8715.54 8707.84 8695.54 8673.24 8668.54 8668.05 8668.49 8671.81 8688.32 8696.87 8696.62 8694.23 8689.68 8684.16 8677.92 8669.75 8660.44
8969.93 8966.62 8963.17 8958.86 8948.39 8934.99 8921.9 8917.96 8914.97 8911.95 8910.04 8906.93 8901.55 8891.98 8881.28 8869.65 8857.82 8849.23 8841.61 8830.05 8815.78 8800.52 8786.09 8778.18 8792.96 8814.35 8803.31 8800.39 8805.75 8816.9 8820.59 8807.67 8796.74 8781.17 8766.73 8765.99 8748.55 8732.17 8711.09 8700.43 8699.79 8706.14 8711.01 8712.51 8711.02 8707.13 8701.25 8700.66 8704.39 8704.32 8701 8696.07 8693.03 8684.48 8673.05 8668.42 8666.81 8667.83 8682.26 8693.14 8696.25 8695.78 8692.89 8689.69 8684.05 8677.67 8669.41
8962.8 8959.11 8954.52 8947.76 8932.91 8920.55 8912.52 8909.08 8906.76 8904.42 8899.92 8898.48 8897.72 8889.82 8881.05 8872.22 8861.86 8852.61 8840.96 8827.39 8813.8 8806.65 8793.77 8779.6 8771.2 8773.57 8770.41 8768.93 8773.79 8775.24 8777.38 8775.73 8784.11 8772.79 8761.84 8758.19 8735.98 8709.82 8702.55 8698.44 8696.93 8696.61 8694.23 8691.13 8693.5 8691.37 8686.53 8684.53 8687.66 8687.92 8683.73 8678.08 8675.13 8673.78 8670.53 8668.1 8667.99 8671.66 8685.1 8694.78 8698.01 8699.4 8698.05 8695.26 8691.82 8687.21 8682.16
8955.8 8951.74 8946.16 8938.15 8924.54 8917.21 8907.18 8903.55 8900.49 8896.14 8891.96 8891.84 8891.55 8885.17 8878.59 8873.08 8864.85 8852.22 8840.84 8829.94 8822.66 8817 8809 8801.1 8777.01 8751.89 8745 8744.43 8748.15 8739.11 8729.76 8731.83 8736.19 8744.53 8739.23 8723.52 8709.55 8701.02 8697.92 8696.72 8695.39 8691.98 8688.6 8685.77 8685.7 8683.05 8677.85 8673.2 8672.88 8669.55 8670.38 8669.04 8666.37 8664.33 8664.1 8668.29 8672.39 8675.56 8691.77 8699.55 8701.95 8703.18 8702.66 8701.69 8699.63 8697.54 8695.29
8950.3 8945.34 8939.23 8931.52 8920.83 8911.89 8906.54 8901.92 8897.58 8892.35 8887.09 8884.8 8882.56 8877.93 8871.49 8864.88 8854.73 8842.63 8835.77 8829.33 8822.17 8817.68 8814.59 8812.33 8790.36 8754.93 8746.03 8747.19 8744.37 8735.73 8725.66 8721.76 8719.35 8725.44 8723.36 8711.99 8703.25 8701.64 8698.41 8695.57 8692.81 8689.85 8688.37 8690.3 8685.01 8681.86 8677.29 8671.71 8668.93 8665.29 8664.82 8663.32 8663.26 8662.1 8663.75 8674.85 8683.67 8689.24 8692.42 8702.99 8706.64 8708.22 8708.37 8708.4 8707.82 8707.64 8708.37
8947.61 8940.24 8932.32 8925.36 8917.06 8911.13 8907.47 8902.57 8897.12 8890.8 8885.52 8881.05 8877.24 8869.36 8860.37 8850.03 8838.14 8824.96 8821.64 8818.82 8810.14 8805.29 8802.15 8802.98 8774.7 8751.75 8750.33 8755.75 8756.01 8749.79 8736.98 8724.1 8722.78 8723.45 8721.31 8714.18 8707.77 8704.2 8701.03 8697.14 8692.23 8690.18 8688.78 8685.61 8686.91 8686.69 8683.71 8679.36 8673.76 8667.92 8666.75 8668.33 8666.38 8671.54 8678.25 8689.72 8700.11 8706.26 8706 8710.8 8712.92 8714.44 8714.67 8715.05 8715.38 8716.42 8718.71
8946.47 8936.58 8925.56 8909.75 8908.83 8908.33 8906.62 8903.45 8897.79 8888.19 8878.38 8875.92 8870.31 8858.24 8848.79 8838.68 8823.75 8807.76 8799.43 8798.02 8789 8775.51 8778.13 8779.58 8762.06 8751.01 8761.63 8773.05 8777.36 8770.25 8755.84 8733.35 8728.78 8731.9 8730.49 8724.85 8718.23 8716.72 8712.65 8704.23 8695.7 8694.94 8696.25 8694.41 8697.49 8698.63 8696.1 8689.31 8687.6 8678.15 8675.67 8679.08 8686.13 8694.5 8701.96 8709.56 8719.27 8726.84 8724.35 8722.42 8721.47 8721.05 8721.17 8721.69 8722.48 8724.34 8726.92
