real_craters/C181-750m.grd
DSAA
206 206
-76.9825 76.9825
-76.9825 76.9825
6827.549510887 9293.9569724435
[rows 38 to 75 of 206, columns 84 to 167 of 206]
8463 8462 8446 8430 8417 8413 8405 8399 8396 8394 8390 8399 8406 8407 8410 8411 8410 8405 8400 8395 8387 8381 8373 8373 8371 8367 8364 8360 8350 8326 8309 8304 8310 8329 8353 8380 8410 8416 8417 8420 8420 8416 8411 8403 8395 8388 8384 8384 8388 8389 8381 8360 8346 8336 8330 8326 8319 8313 8312 8310 8306 8302 8303 8301 8300 8298 8299 8301 8303 8307 8311 8310 8320 8344 8369 8366 8367 8385 8413 8424 8423 8421 8419 8408
8481 8462 8444 8429 8415 8407 8399 8393 8392 8390 8384 8396 8405 8409 8411 8412 8410 8405 8397 8394 8390 8387 8387 8384 8383 8374 8366 8360 8350 8333 8315 8306 8309 8323 8334 8342 8384 8399 8406 8412 8413 8412 8404 8394 8386 8381 8380 8380 8386 8386 8371 8363 8352 8338 8330 8324 8318 8312 8307 8308 8302 8296 8298 8299 8298 8295 8290 8297 8300 8304 8306 8305 8322 8351 8362 8347 8357 8381 8411 8416 8407 8396 8398 8404
8485 8463 8442 8424 8410 8401 8394 8388 8389 8392 8386 8395 8403 8409 8414 8414 8411 8408 8398 8394 8393 8392 8391 8389 8388 8379 8370 8362 8353 8347 8328 8318 8320 8324 8328 8336 8347 8378 8396 8404 8408 8404 8393 8383 8376 8371 8370 8375 8379 8379 8372 8356 8344 8336 8328 8321 8315 8309 8312 8307 8296 8289 8287 8292 8294 8293 8296 8298 8301 8303 8304 8305 8316 8328 8327 8345 8351 8367 8404 8404 8391 8377 8384 8407
8497 8469 8440 8425 8411 8402 8393 8387 8386 8386 8381 8388 8406 8413 8417 8417 8415 8409 8399 8396 8396 8396 8394 8389 8384 8381 8373 8365 8358 8353 8344 8347 8335 8330 8329 8331 8344 8368 8388 8398 8406 8401 8388 8377 8370 8362 8359 8367 8372 8370 8364 8350 8339 8332 8326 8318 8310 8309 8313 8309 8298 8288 8288 8284 8285 8286 8288 8295 8304 8310 8311 8306 8313 8321 8324 8336 8344 8365 8396 8392 8378 8366 8372 8392
8487 8462 8450 8418 8412 8403 8394 8388 8385 8378 8377 8382 8406 8415 8418 8418 8415 8409 8406 8399 8401 8402 8402 8397 8381 8373 8372 8369 8368 8365 8353 8351 8342 8338 8334 8331 8335 8349 8365 8388 8407 8416 8391 8379 8372 8364 8356 8365 8366 8368 8359 8347 8340 8331 8324 8315 8308 8305 8299 8302 8298 8292 8284 8275 8278 8281 8282 8289 8297 8297 8303 8315 8308 8314 8327 8326 8345 8371 8384 8377 8365 8352 8352 8372
8477 8457 8438 8418 8411 8406 8401 8395 8390 8383 8377 8380 8406 8413 8417 8420 8419 8413 8408 8408 8408 8408 8410 8408 8388 8376 8375 8372 8368 8364 8359 8354 8356 8348 8339 8330 8326 8337 8354 8377 8402 8416 8399 8389 8383 8379 8375 8380 8383 8371 8355 8347 8339 8331 8321 8311 8302 8294 8287 8289 8292 8286 8279 8272 8277 8279 8279 8280 8302 8303 8305 8311 8300 8310 8318 8325 8328 8345 8355 8358 8354 8342 8331 8351
8472 8456 8440 8429 8431 8429 8420 8411 8401 8387 8382 8384 8400 8409 8413 8417 8417 8410 8418 8416 8411 8409 8407 8401 8397 8385 8380 8373 8367 8363 8362 8359 8354 8349 8344 8336 8330 8329 8337 8362 8391 8409 8408 8401 8396 8395 8394 8397 8398 8381 8360 8353 8341 8330 8319 8309 8299 8290 8287 8287 8289 8282 8278 8272 8275 8275 8274 8275 8282 8300 8299 8292 8290 8305 8309 8316 8317 8327 8337 8342 8344 8341 8325 8339
8474 8458 8451 8450 8456 8451 8436 8427 8422 8414 8395 8388 8402 8405 8407 8409 8410 8411 8418 8416 8411 8407 8403 8395 8385 8386 8384 8376 8367 8361 8364 8362 8359 8356 8349 8342 8330 8324 8320 8348 8384 8408 8412 8408 8404 8403 8413 8409 8405 8385 8360 8349 8340 8330 8320 8309 8299 8288 8294 8292 8292 8283 8277 8275 8273 8270 8268 8269 8272 8284 8284 8281 8283 8295 8306 8316 8314 8312 8322 8327 8330 8328 8323 8334
8479 8474 8468 8463 8464 8457 8442 8435 8432 8380 8397 8404 8408 8407 8404 8409 8410 8414 8420 8406 8407 8404 8401 8399 8392 8387 8385 8380 8371 8362 8361 8359 8359 8357 8353 8349 8338 8329 8330 8343 8363 8391 8407 8409 8407 8409 8418 8412 8402 8390 8371 8357 8343 8331 8320 8311 8302 8298 8297 8294 8294 8287 8278 8274 8268 8265 8267 8266 8264 8273 8276 8276 8278 8288 8298 8310 8309 8303 8310 8315 8316 8315 8320 8331
8485 8483 8471 8463 8465 8454 8444 8437 8431 8428 8412 8415 8418 8412 8409 8411 8412 8415 8416 8411 8406 8403 8399 8395 8388 8389 8388 8384 8377 8365 8359 8355 8358 8357 8354 8347 8342 8337 8342 8342 8340 8372 8404 8407 8406 8407 8411 8407 8400 8390 8380 8368 8348 8333 8323 8313 8306 8302 8299 8305 8301 8296 8285 8273 8273 8274 8268 8265 8264 8269 8270 8270 8271 8276 8285 8294 8295 8299 8303 8305 8306 8307 8316 8338
8487 8483 8465 8457 8458 8450 8441 8436 8429 8427 8423 8427 8426 8419 8413 8411 8412 8414 8414 8410 8407 8404 8401 8394 8396 8396 8393 8386 8383 8371 8362 8361 8363 8361 8355 8346 8333 8332 8341 8339 8332 8361 8392 8400 8403 8402 8404 8402 8396 8386 8378 8364 8353 8339 8325 8316 8309 8305 8304 8309 8312 8313 8300 8287 8278 8270 8264 8261 8263 8266 8266 8267 8269 8275 8284 8287 8286 8292 8296 8299 8300 8302 8317 8342
8481 8477 8459 8450 8445 8441 8438 8435 8434 8428 8431 8429 8427 8425 8423 8420 8417 8415 8411 8407 8406 8407 8408 8409 8408 8402 8393 8384 8374 8375 8372 8371 8370 8368 8356 8341 8332 8330 8332 8328 8327 8351 8375 8391 8400 8406 8403 8398 8391 8386 8384 8374 8352 8337 8326 8318 8312 8306 8302 8311 8317 8307 8289 8283 8279 8273 8260 8255 8258 8262 8261 8267 8276 8283 8285 8288 8291 8293 8294 8295 8296 8300 8316 8337
8471 8467 8456 8448 8443 8439 8434 8433 8432 8429 8437 8430 8429 8430 8431 8433 8425 8414 8406 8402 8407 8413 8418 8425 8418 8407 8393 8381 8373 8374 8377 8378 8373 8366 8358 8349 8340 8334 8326 8317 8315 8341 8364 8381 8394 8405 8402 8395 8387 8382 8379 8363 8345 8328 8329 8324 8316 8309 8303 8312 8314 8304 8282 8275 8275 8272 8261 8254 8254 8255 8258 8267 8288 8284 8296 8295 8289 8291 8296 8300 8297 8301 8316 8327
8475 8476 8463 8450 8443 8440 8435 8434 8431 8435 8443 8433 8434 8435 8435 8433 8424 8414 8407 8406 8411 8419 8429 8435 8439 8416 8393 8382 8376 8374 8374 8375 8373 8366 8359 8352 8345 8337 8324 8311 8303 8330 8354 8372 8388 8400 8397 8391 8385 8377 8366 8355 8348 8349 8340 8330 8321 8312 8307 8309 8304 8298 8280 8269 8269 8269 8267 8257 8253 8252 8253 8271 8251 8243 8278 8288 8283 8281 8291 8305 8314 8320 8319 8314
8483 8479 8466 8453 8446 8443 8438 8438 8439 8451 8458 8446 8442 8441 8441 8437 8427 8411 8407 8407 8414 8425 8438 8451 8450 8427 8402 8392 8384 8379 8376 8377 8373 8366 8361 8355 8348 8341 8328 8315 8315 8325 8343 8362 8378 8382 8386 8386 8382 8374 8366 8349 8357 8357 8350 8339 8327 8316 8309 8310 8300 8295 8286 8273 8269 8270 8262 8257 8253 8251 8257 8275 8308 8283 8286 8280 8270 8271 8282 8298 8313 8272 8310 8304
8482 8477 8463 8457 8451 8446 8445 8443 8447 8464 8476 8458 8450 8445 8440 8435 8424 8414 8410 8413 8419 8429 8442 8455 8453 8441 8426 8406 8391 8386 8383 8380 8373 8365 8357 8352 8349 8345 8332 8324 8316 8320 8335 8354 8365 8371 8376 8379 8383 8377 8360 8375 8378 8369 8358 8346 8335 8324 8315 8315 8308 8301 8288 8281 8280 8276 8266 8257 8256 8254 8255 8270 8276 8282 8277 8265 8256 8259 8269 8278 8284 8283 8291 8294
8475 8473 8474 8471 8460 8451 8449 8450 8449 8474 8484 8466 8460 8453 8443 8435 8424 8416 8413 8414 8420 8432 8445 8456 8458 8456 8452 8435 8414 8405 8399 8385 8374 8366 8356 8352 8349 8342 8334 8323 8316 8314 8333 8352 8368 8367 8372 8373 8370 8373 8380 8389 8385 8373 8362 8352 8342 8333 8332 8320 8311 8307 8298 8292 8304 8274 8263 8267 8271 8260 8254 8252 8261 8273 8264 8250 8248 8249 8254 8259 8263 8275 8277 8283
8477 8474 8474 8470 8462 8456 8457 8464 8467 8489 8499 8482 8473 8464 8456 8441 8429 8421 8417 8417 8422 8434 8447 8455 8467 8467 8459 8448 8428 8409 8397 8387 8378 8371 8365 8358 8353 8344 8341 8341 8325 8317 8338 8359 8374 8377 8377 8375 8370 8384 8396 8391 8384 8376 8366 8357 8348 8338 8328 8322 8312 8308 8298 8289 8266 8268 8273 8276 8269 8260 8251 8248 8247 8253 8250 8243 8244 8246 8246 8248 8252 8254 8263 8274
8476 8471 8468 8463 8464 8463 8479 8486 8494 8505 8509 8502 8488 8473 8460 8447 8435 8425 8423 8423 8427 8436 8446 8463 8473 8469 8451 8433 8417 8403 8392 8388 8385 8376 8371 8368 8365 8360 8358 8356 8336 8332 8350 8373 8390 8389 8389 8387 8382 8396 8404 8397 8388 8379 8370 8361 8353 8347 8335 8317 8307 8300 8291 8275 8275 8273 8274 8271 8266 8260 8250 8242 8250 8248 8245 8239 8237 8237 8239 8240 8241 8244 8249 8256
8478 8469 8465 8465 8474 8487 8498 8509 8518 8522 8527 8522 8502 8480 8463 8455 8440 8431 8432 8435 8439 8439 8442 8457 8465 8459 8443 8424 8411 8394 8396 8393 8387 8379 8375 8379 8381 8385 8386 8377 8366 8358 8363 8380 8404 8405 8401 8402 8413 8412 8410 8400 8388 8384 8376 8364 8354 8348 8339 8322 8303 8289 8282 8271 8277 8277 8274 8264 8262 8250 8249 8251 8251 8248 8245 8237 8233 8232 8235 8236 8237 8238 8242 8249
8478 8472 8474 8478 8476 8484 8502 8518 8539 8541 8553 8539 8512 8486 8468 8461 8449 8442 8442 8445 8447 8442 8439 8454 8460 8456 8442 8427 8419 8413 8406 8399 8389 8384 8385 8390 8396 8401 8402 8397 8390 8375 8369 8372 8398 8409 8407 8405 8407 8419 8421 8412 8405 8395 8381 8366 8350 8334 8328 8319 8298 8287 8281 8277 8276 8273 8272 8265 8260 8249 8250 8260 8249 8242 8243 8241 8236 8232 8234 8237 8236 8237 8243 8248
8477 8475 8476 8476 8473 8483 8504 8521 8541 8557 8554 8544 8519 8490 8471 8465 8455 8452 8452 8452 8450 8446 8445 8461 8461 8456 8447 8437 8428 8419 8409 8401 8395 8389 8391 8404 8410 8410 8407 8404 8393 8377 8369 8366 8383 8400 8405 8408 8410 8420 8426 8426 8418 8406 8387 8366 8346 8330 8326 8328 8300 8288 8282 8273 8272 8267 8267 8263 8255 8245 8243 8244 8239 8231 8240 8237 8237 8237 8236 8233 8232 8235 8243 8250
8487 8474 8476 8474 8471 8484 8508 8516 8532 8550 8559 8558 8527 8494 8474 8466 8467 8462 8461 8461 8460 8457 8454 8459 8464 8461 8455 8452 8436 8422 8413 8405 8405 8403 8413 8428 8425 8418 8413 8400 8384 8374 8368 8368 8373 8392 8404 8414 8421 8425 8431 8436 8434 8417 8389 8365 8345 8332 8324 8312 8302 8294 8284 8279 8286 8285 8273 8268 8256 8244 8235 8228 8230 8231 8236 8236 8236 8238 8237 8232 8230 8236 8243 8251
8488 8479 8479 8475 8473 8487 8507 8510 8524 8536 8554 8561 8533 8500 8480 8471 8470 8468 8467 8469 8472 8467 8459 8463 8471 8473 8466 8461 8449 8433 8422 8415 8415 8423 8442 8448 8436 8422 8408 8395 8378 8372 8369 8368 8379 8391 8404 8416 8423 8428 8438 8447 8448 8430 8393 8366 8344 8328 8321 8310 8306 8293 8288 8284 8287 8280 8268 8263 8255 8245 8233 8229 8232 8233 8237 8241 8237 8236 8239 8244 8236 8239 8244 8249
8492 8485 8482 8478 8477 8490 8507 8511 8530 8542 8548 8552 8540 8523 8495 8478 8473 8472 8472 8472 8471 8467 8465 8471 8485 8493 8483 8474 8460 8447 8436 8427 8437 8454 8459 8457 8441 8426 8409 8397 8381 8374 8372 8373 8381 8396 8408 8414 8421 8429 8439 8448 8456 8442 8406 8375 8347 8323 8316 8311 8303 8296 8292 8289 8283 8278 8269 8260 8255 8248 8239 8235 8242 8242 8239 8232 8233 8236 8242 8250 8247 8245 8243 8247
8509 8495 8485 8482 8481 8493 8510 8516 8541 8555 8554 8548 8545 8539 8517 8495 8480 8478 8478 8477 8473 8469 8470 8484 8500 8511 8499 8487 8478 8467 8455 8447 8458 8473 8463 8438 8441 8432 8419 8407 8392 8383 8381 8380 8393 8406 8418 8426 8427 8426 8433 8442 8442 8433 8413 8388 8357 8331 8319 8317 8307 8299 8291 8286 8282 8282 8276 8268 8259 8251 8244 8239 8247 8247 8240 8233 8235 8241 8249 8256 8258 8253 8247 8246
8521 8507 8489 8487 8486 8495 8509 8532 8554 8578 8568 8552 8552 8552 8552 8533 8504 8492 8490 8490 8485 8478 8486 8509 8528 8528 8511 8510 8501 8497 8486 8473 8475 8484 8476 8467 8452 8441 8433 8417 8402 8394 8396 8406 8413 8420 8430 8441 8433 8427 8417 8411 8415 8415 8408 8394 8369 8345 8330 8322 8319 8306 8296 8288 8293 8288 8297 8291 8268 8255 8251 8245 8252 8246 8239 8231 8235 8242 8250 8255 8261 8261 8261 8244
8529 8505 8494 8491 8489 8496 8510 8532 8557 8574 8576 8573 8562 8558 8567 8559 8527 8509 8509 8512 8513 8514 8523 8550 8579 8594 8608 8604 8552 8554 8532 8504 8491 8495 8492 8478 8463 8448 8435 8420 8410 8405 8414 8419 8426 8428 8432 8432 8421 8406 8397 8389 8388 8383 8396 8400 8383 8362 8341 8326 8318 8313 8301 8296 8289 8289 8295 8285 8269 8259 8253 8252 8236 8235 8231 8232 8235 8240 8245 8255 8259 8264 8256 8254
8537 8516 8507 8498 8493 8498 8511 8533 8554 8571 8579 8584 8572 8565 8569 8567 8543 8532 8539 8547 8554 8557 8571 8596 8631 8696 8791 8752 8726 8649 8594 8541 8515 8518 8512 8495 8477 8455 8429 8420 8414 8416 8440 8452 8440 8432 8426 8417 8402 8390 8380 8375 8370 8368 8384 8397 8389 8375 8359 8341 8332 8316 8304 8297 8293 8286 8284 8275 8268 8260 8253 8242 8233 8230 8232 8236 8237 8239 8244 8255 8262 8269 8279 8279
8563 8558 8535 8511 8498 8501 8511 8538 8550 8565 8581 8590 8586 8578 8579 8576 8562 8558 8577 8598 8609 8613 8616 8631 8653 8702 8766 8804 8804 8718 8644 8580 8537 8543 8534 8518 8497 8473 8447 8426 8424 8430 8457 8461 8445 8432 8418 8403 8384 8370 8366 8360 8358 8365 8376 8384 8389 8384 8373 8354 8337 8318 8308 8299 8292 8285 8274 8272 8266 8263 8257 8239 8229 8228 8232 8235 8237 8239 8239 8249 8257 8268 8277 8280
8569 8579 8566 8538 8518 8517 8524 8546 8556 8572 8591 8603 8605 8593 8581 8573 8567 8581 8629 8667 8688 8672 8651 8647 8640 8643 8661 8735 8771 8716 8662 8623 8595 8569 8554 8546 8522 8491 8466 8443 8436 8442 8462 8455 8449 8434 8415 8399 8387 8373 8361 8350 8348 8361 8369 8375 8382 8387 8382 8366 8353 8332 8312 8302 8293 8287 8275 8269 8265 8263 8257 8237 8228 8229 8231 8234 8238 8241 8244 8243 8252 8259 8262 8254
8585 8591 8577 8571 8560 8555 8565 8573 8581 8593 8608 8622 8625 8609 8593 8585 8607 8645 8704 8750 8784 8780 8709 8672 8637 8596 8574 8589 8638 8650 8645 8650 8676 8634 8610 8575 8539 8503 8473 8455 8450 8451 8488 8487 8464 8442 8419 8402 8393 8380 8365 8351 8346 8352 8358 8364 8372 8379 8379 8369 8359 8349 8329 8313 8299 8291 8276 8270 8267 8262 8259 8242 8231 8228 8230 8232 8235 8242 8250 8248 8250 8254 8251 8240
8595 8580 8571 8570 8590 8603 8621 8613 8608 8619 8631 8646 8659 8640 8623 8631 8690 8747 8795 8827 8856 8842 8763 8716 8656 8589 8548 8541 8548 8579 8603 8621 8645 8644 8635 8593 8548 8519 8488 8474 8480 8492 8525 8509 8482 8454 8430 8413 8400 8387 8371 8361 8357 8352 8353 8357 8361 8365 8368 8363 8357 8354 8344 8328 8314 8301 8288 8280 8273 8268 8265 8249 8236 8230 8222 8222 8228 8237 8242 8240 8244 8250 8245 8235
8585 8578 8581 8603 8642 8673 8674 8649 8644 8645 8651 8661 8687 8691 8686 8712 8777 8866 8880 8886 8886 8872 8849 8775 8692 8612 8554 8539 8537 8550 8568 8571 8563 8579 8609 8597 8601 8556 8516 8505 8521 8547 8557 8526 8495 8464 8437 8420 8412 8394 8378 8364 8352 8350 8351 8353 8355 8351 8355 8358 8354 8351 8351 8332 8317 8315 8304 8288 8279 8271 8269 8259 8245 8228 8211 8212 8221 8229 8237 8240 8241 8244 8239 8230
8584 8593 8649 8673 8714 8713 8697 8678 8663 8667 8672 8675 8687 8690 8689 8727 8826 8914 8930 8922 8907 8906 8925 8812 8714 8639 8576 8542 8543 8542 8552 8543 8512 8509 8515 8540 8576 8549 8528 8527 8540 8557 8555 8534 8500 8470 8443 8424 8407 8398 8384 8369 8354 8351 8351 8350 8349 8350 8361 8360 8363 8373 8360 8338 8326 8315 8310 8302 8295 8285 8272 8272 8254 8233 8220 8217 8220 8223 8227 8240 8241 8236 8232 8225
8601 8631 8688 8712 8736 8734 8726 8705 8685 8705 8712 8707 8711 8707 8725 8769 8857 8932 8939 8921 8923 8907 8886 8787 8714 8671 8645 8627 8606 8585 8575 8551 8511 8470 8449 8464 8456 8458 8488 8511 8529 8543 8535 8523 8501 8476 8455 8436 8423 8410 8396 8381 8367 8357 8350 8349 8346 8352 8357 8363 8368 8363 8367 8347 8336 8331 8322 8319 8311 8293 8284 8277 8263 8239 8225 8225 8226 8228 8240 8243 8237 8224 8225 8225
8627 8660 8704 8741 8774 8788 8780 8776 8751 8779 8791 8784 8812 8837 8844 8844 8865 8906 8894 8859 8830 8789 8712 8707 8686 8666 8708 8736 8692 8663 8621 8582 8536 8475 8452 8442 8440 8441 8455 8492 8531 8540 8528 8522 8505 8482 8461 8453 8441 8431 8414 8395 8380 8368 8361 8359 8358 8360 8362 8359 8361 8361 8364 8363 8351 8344 8326 8314 8319 8307 8291 8283 8276 8268 8258 8247 8238 8231 8236 8241 8234 8225 8226 8227
8682 8717 8764 8793 8806 8809 8832 8849 8894 8859 8873 8908 8905 8939 8922 8866 8821 8803 8781 8748 8707 8669 8646 8655 8671 8696 8733 8753 8735 8693 8673 8627 8557 8499 8464 8437 8435 8437 8440 8475 8513 8537 8548 8531 8516 8498 8482 8490 8482 8460 8435 8410 8389 8378 8376 8374 8374 8372 8368 8363 8361 8362 8356 8357 8350 8346 8328 8314 8312 8307 8300 8293 8285 8278 8283 8268 8253 8241 8246 8248 8244 8235 8238 8236
