real_craters/C181-750m.grd
DSAA
206 206
-76.9825 76.9825
-76.9825 76.9825
6827.549510887 9293.9569724435
[rows 38 to 75 of 206, columns 0 to 83 of 206]
8978 8970 8970 8975 8980 8977 8957 8967 8958 8938 8909 8886 8873 8860 8857 8861 8863 8850 8839 8837 8838 8833 8826 8825 8821 8810 8799 8795 8793 8794 8793 8787 8768 8754 8751 8757 8759 8745 8736 8728 8721 8713 8705 8696 8686 8674 8668 8664 8663 8663 8662 8662 8662 8663 8663 8644 8610 8561 8488 8345 8248 8233 8217 8205 8197 8192 8180 8171 8162 8155 8157 8162 8149 8135 8126 8127 8144 8163 8171 8180 8217 8296 8368 8443
8975 8971 8975 8979 8989 8981 8968 8970 8959 8940 8914 8897 8885 8877 8874 8869 8867 8857 8847 8839 8835 8830 8823 8818 8810 8801 8793 8783 8780 8787 8790 8793 8780 8764 8750 8744 8752 8746 8737 8726 8719 8711 8704 8695 8684 8674 8666 8663 8661 8658 8657 8659 8664 8664 8659 8642 8609 8558 8475 8373 8288 8239 8225 8215 8204 8194 8187 8177 8165 8155 8154 8153 8149 8141 8133 8137 8154 8170 8183 8193 8241 8327 8406 8471
8989 8992 8991 8998 9001 8988 8975 8962 8950 8935 8919 8905 8896 8890 8881 8876 8874 8865 8853 8841 8841 8831 8822 8815 8803 8796 8789 8781 8776 8768 8779 8791 8780 8774 8762 8740 8740 8740 8734 8728 8720 8712 8704 8694 8684 8673 8667 8663 8659 8654 8651 8651 8659 8661 8655 8639 8611 8570 8521 8437 8313 8255 8235 8223 8215 8206 8200 8188 8173 8155 8153 8149 8148 8144 8143 8151 8172 8191 8197 8211 8284 8386 8482 8499
9004 9000 9005 9011 9006 8987 8965 8950 8941 8928 8914 8909 8904 8897 8889 8881 8872 8860 8849 8847 8844 8831 8826 8812 8800 8795 8789 8784 8778 8772 8771 8769 8763 8762 8756 8747 8733 8733 8729 8723 8715 8710 8704 8700 8688 8677 8675 8668 8659 8652 8645 8637 8641 8653 8654 8644 8614 8577 8539 8467 8368 8288 8261 8241 8237 8225 8210 8198 8184 8165 8162 8164 8161 8161 8167 8181 8196 8209 8224 8276 8362 8447 8511 8511
9006 9002 9005 9003 8996 8984 8970 8950 8939 8927 8920 8915 8908 8901 8894 8882 8869 8858 8850 8845 8840 8829 8819 8808 8799 8795 8792 8789 8783 8774 8772 8768 8760 8756 8754 8743 8743 8738 8730 8722 8712 8703 8697 8696 8695 8693 8690 8671 8659 8649 8641 8635 8638 8642 8645 8640 8616 8577 8518 8444 8393 8341 8318 8306 8277 8250 8225 8211 8198 8175 8173 8177 8184 8190 8190 8209 8229 8251 8278 8373 8448 8489 8515 8507
9005 9001 8999 8999 8993 8979 8961 8948 8939 8931 8926 8918 8909 8901 8891 8878 8864 8851 8843 8835 8828 8821 8814 8806 8800 8796 8793 8790 8784 8787 8779 8765 8762 8761 8764 8756 8754 8744 8733 8721 8709 8698 8687 8682 8691 8682 8669 8665 8657 8647 8639 8636 8628 8633 8639 8643 8626 8592 8547 8500 8482 8444 8415 8368 8338 8305 8268 8237 8219 8201 8200 8204 8216 8218 8220 8228 8275 8320 8374 8485 8514 8515 8505 8492
9007 9002 8999 9008 8992 8975 8962 8950 8937 8929 8923 8920 8906 8896 8888 8877 8862 8850 8848 8838 8828 8820 8812 8807 8802 8797 8792 8788 8783 8783 8777 8765 8762 8761 8761 8754 8754 8749 8737 8723 8709 8695 8683 8681 8688 8677 8664 8662 8654 8643 8634 8627 8626 8631 8646 8654 8646 8626 8608 8597 8595 8612 8553 8471 8429 8396 8346 8291 8257 8266 8273 8277 8279 8272 8279 8291 8361 8429 8511 8553 8548 8528 8509 8488
9008 8997 9006 9006 8990 8974 8961 8947 8937 8929 8921 8915 8903 8893 8885 8875 8862 8854 8840 8836 8828 8818 8811 8807 8801 8794 8790 8787 8781 8780 8773 8763 8761 8758 8749 8749 8762 8754 8740 8725 8709 8694 8682 8678 8685 8694 8684 8666 8654 8642 8630 8621 8633 8653 8667 8677 8670 8662 8667 8687 8683 8703 8664 8602 8556 8502 8435 8380 8351 8365 8383 8386 8379 8374 8409 8451 8489 8543 8584 8571 8551 8529 8506 8491
9010 9007 8980 8982 8980 8970 8960 8947 8937 8925 8914 8903 8894 8888 8880 8871 8861 8850 8840 8832 8824 8817 8809 8804 8795 8790 8786 8783 8779 8775 8768 8759 8762 8757 8747 8746 8751 8751 8741 8727 8711 8695 8681 8672 8670 8680 8677 8666 8656 8645 8634 8632 8654 8681 8690 8696 8686 8688 8700 8724 8749 8773 8751 8741 8700 8632 8582 8526 8483 8485 8500 8497 8497 8511 8555 8601 8594 8603 8597 8563 8542 8522 8501 8486
9011 9006 9002 8984 8971 8965 8960 8942 8927 8918 8908 8897 8891 8885 8878 8869 8861 8851 8838 8829 8823 8814 8809 8802 8792 8786 8782 8778 8776 8772 8761 8757 8760 8756 8752 8749 8749 8750 8743 8728 8711 8694 8680 8665 8657 8660 8664 8662 8658 8653 8647 8655 8675 8699 8692 8679 8682 8690 8706 8731 8769 8796 8806 8810 8779 8718 8668 8626 8599 8597 8608 8600 8598 8621 8639 8645 8634 8617 8591 8561 8537 8516 8498 8489
8988 8976 8965 8962 8960 8959 8958 8940 8925 8916 8907 8898 8890 8885 8879 8869 8861 8853 8843 8837 8827 8818 8809 8800 8789 8783 8777 8773 8768 8766 8761 8752 8752 8754 8754 8754 8757 8759 8746 8730 8713 8693 8671 8656 8643 8642 8653 8658 8659 8661 8666 8672 8678 8680 8681 8676 8677 8684 8697 8720 8754 8784 8818 8807 8779 8751 8737 8709 8695 8691 8683 8660 8653 8662 8661 8646 8635 8612 8588 8557 8532 8512 8494 8485
8965 8957 8952 8950 8947 8943 8943 8942 8933 8916 8906 8899 8894 8888 8883 8876 8860 8846 8842 8838 8829 8819 8804 8793 8786 8781 8773 8765 8759 8758 8751 8745 8746 8752 8759 8760 8766 8762 8749 8733 8717 8699 8679 8662 8652 8654 8656 8657 8658 8662 8674 8669 8673 8676 8675 8673 8668 8670 8678 8688 8726 8769 8799 8784 8762 8743 8729 8725 8701 8702 8697 8682 8674 8668 8656 8630 8612 8589 8576 8550 8528 8510 8493 8485
8951 8939 8945 8936 8930 8925 8920 8921 8915 8907 8901 8898 8893 8889 8885 8886 8861 8845 8833 8832 8825 8815 8793 8774 8784 8782 8768 8756 8744 8746 8744 8741 8739 8749 8759 8769 8775 8762 8749 8736 8722 8710 8700 8684 8676 8674 8664 8658 8654 8652 8654 8663 8669 8675 8671 8652 8646 8654 8665 8676 8717 8762 8768 8755 8734 8720 8709 8700 8692 8692 8691 8683 8674 8663 8646 8626 8602 8576 8560 8536 8523 8506 8491 8479
8923 8903 8907 8910 8911 8914 8905 8892 8894 8893 8890 8886 8891 8884 8876 8867 8856 8836 8811 8813 8807 8790 8780 8771 8777 8772 8759 8747 8733 8736 8740 8742 8738 8743 8757 8774 8770 8757 8746 8737 8728 8715 8705 8701 8694 8683 8671 8659 8649 8641 8636 8655 8659 8664 8657 8637 8628 8639 8660 8685 8725 8741 8739 8729 8713 8700 8688 8682 8682 8679 8678 8676 8670 8660 8643 8621 8599 8574 8544 8543 8519 8502 8489 8480
8913 8892 8881 8888 8890 8886 8881 8879 8882 8878 8876 8875 8879 8870 8861 8851 8840 8821 8802 8796 8791 8780 8768 8764 8756 8751 8746 8738 8727 8727 8736 8740 8736 8732 8746 8772 8767 8749 8743 8737 8733 8735 8729 8722 8708 8690 8672 8656 8642 8633 8630 8637 8639 8639 8632 8612 8606 8623 8649 8687 8714 8730 8723 8712 8697 8685 8674 8670 8665 8667 8672 8673 8669 8659 8645 8615 8593 8568 8545 8523 8510 8499 8489 8481
8921 8898 8890 8895 8882 8859 8860 8858 8861 8866 8864 8860 8858 8848 8841 8835 8823 8801 8779 8776 8772 8763 8743 8732 8723 8727 8731 8732 8718 8708 8714 8718 8722 8719 8731 8760 8762 8755 8743 8735 8732 8737 8733 8725 8711 8689 8668 8650 8635 8622 8616 8619 8615 8608 8596 8588 8586 8607 8636 8660 8699 8708 8708 8699 8688 8678 8666 8661 8657 8664 8675 8674 8667 8659 8649 8615 8585 8568 8548 8513 8503 8497 8490 8487
8944 8948 8952 8925 8898 8878 8871 8870 8874 8864 8853 8832 8823 8824 8818 8809 8790 8778 8767 8754 8751 8733 8721 8716 8708 8718 8713 8712 8705 8687 8694 8698 8692 8691 8716 8749 8757 8748 8737 8726 8716 8708 8711 8714 8697 8676 8657 8641 8627 8615 8601 8597 8594 8586 8576 8571 8570 8595 8632 8663 8700 8707 8694 8687 8688 8676 8659 8647 8646 8658 8680 8675 8665 8651 8632 8604 8577 8558 8538 8518 8506 8498 8492 8485
8961 8975 8962 8934 8921 8908 8899 8890 8880 8868 8858 8842 8817 8815 8805 8785 8768 8768 8759 8750 8744 8742 8737 8731 8721 8706 8702 8690 8686 8672 8671 8665 8665 8664 8699 8740 8750 8742 8728 8711 8696 8685 8673 8668 8662 8652 8643 8632 8620 8609 8597 8585 8580 8573 8565 8560 8558 8588 8636 8681 8705 8705 8690 8677 8671 8660 8646 8637 8637 8652 8679 8673 8659 8638 8612 8597 8588 8563 8541 8526 8513 8502 8493 8485
8968 8976 8962 8942 8946 8944 8927 8914 8895 8876 8868 8859 8846 8829 8812 8790 8784 8780 8772 8772 8763 8760 8755 8749 8743 8728 8715 8706 8699 8688 8675 8670 8658 8661 8687 8719 8733 8726 8713 8692 8670 8654 8634 8620 8619 8631 8632 8626 8614 8598 8580 8578 8575 8568 8560 8556 8556 8579 8624 8675 8697 8703 8688 8667 8653 8638 8629 8627 8630 8637 8671 8668 8652 8631 8607 8593 8581 8566 8548 8533 8519 8506 8495 8485
8982 8979 8967 8952 8953 8953 8943 8929 8895 8883 8878 8873 8867 8850 8832 8813 8807 8799 8793 8788 8778 8775 8770 8757 8749 8740 8730 8721 8710 8705 8692 8680 8655 8652 8671 8696 8712 8712 8701 8671 8643 8624 8620 8617 8617 8627 8630 8628 8618 8599 8589 8584 8577 8568 8561 8557 8557 8566 8595 8645 8681 8697 8689 8663 8643 8626 8615 8610 8613 8631 8668 8664 8647 8625 8603 8587 8579 8569 8557 8539 8522 8510 8499 8488
8994 8978 8969 8958 8951 8948 8946 8936 8916 8898 8891 8888 8882 8865 8854 8854 8826 8809 8800 8786 8778 8772 8769 8751 8741 8738 8731 8715 8701 8684 8672 8660 8667 8669 8662 8671 8680 8696 8671 8650 8629 8616 8619 8630 8638 8640 8638 8635 8632 8633 8622 8600 8583 8569 8559 8553 8551 8554 8574 8621 8667 8694 8684 8661 8643 8628 8610 8604 8606 8625 8662 8657 8641 8622 8601 8584 8573 8571 8558 8541 8526 8513 8503 8493
9001 8982 8969 8957 8950 8944 8937 8926 8913 8908 8904 8897 8888 8875 8860 8847 8828 8808 8791 8776 8763 8751 8728 8730 8731 8714 8706 8702 8690 8684 8688 8682 8682 8674 8656 8652 8649 8647 8644 8639 8629 8630 8644 8660 8665 8656 8647 8641 8638 8641 8633 8609 8587 8567 8552 8544 8545 8543 8553 8592 8639 8668 8660 8653 8642 8631 8605 8596 8596 8613 8640 8642 8634 8620 8606 8595 8583 8563 8553 8540 8524 8516 8507 8497
9020 8998 8978 8958 8948 8940 8928 8920 8912 8905 8901 8894 8886 8869 8853 8841 8820 8801 8785 8764 8758 8742 8712 8715 8710 8706 8707 8706 8708 8701 8692 8664 8649 8646 8645 8645 8646 8647 8648 8652 8648 8658 8675 8691 8685 8669 8655 8642 8632 8632 8628 8608 8586 8564 8542 8529 8533 8528 8531 8562 8595 8613 8626 8634 8630 8624 8597 8588 8589 8609 8621 8629 8625 8616 8606 8594 8581 8566 8558 8547 8534 8524 8513 8501
9026 9016 9001 8988 8972 8946 8926 8917 8910 8897 8889 8882 8868 8848 8838 8830 8809 8794 8782 8766 8745 8737 8741 8735 8730 8727 8720 8713 8706 8692 8673 8662 8650 8644 8643 8645 8649 8660 8670 8683 8691 8701 8710 8715 8699 8678 8658 8638 8622 8619 8618 8602 8584 8564 8541 8522 8522 8514 8517 8539 8562 8573 8577 8596 8607 8615 8598 8589 8594 8610 8626 8626 8621 8614 8607 8600 8593 8584 8573 8560 8548 8535 8521 8505
9022 9010 9000 8985 8975 8958 8934 8919 8905 8895 8884 8872 8860 8841 8822 8810 8799 8788 8777 8760 8747 8750 8747 8746 8749 8737 8723 8710 8696 8672 8655 8653 8661 8653 8643 8651 8658 8687 8709 8721 8732 8744 8743 8718 8701 8680 8658 8637 8616 8596 8599 8594 8583 8570 8555 8541 8527 8509 8510 8523 8541 8555 8550 8559 8573 8580 8583 8579 8584 8612 8615 8616 8615 8612 8607 8599 8595 8596 8584 8572 8558 8545 8532 8514
9015 9004 8994 8981 8976 8966 8950 8919 8894 8883 8877 8861 8845 8826 8812 8804 8795 8785 8772 8758 8753 8761 8764 8768 8752 8731 8720 8701 8670 8661 8663 8676 8681 8668 8654 8674 8696 8714 8735 8755 8768 8770 8758 8726 8700 8679 8658 8639 8618 8598 8594 8590 8584 8577 8572 8570 8537 8509 8502 8513 8526 8535 8534 8537 8543 8541 8551 8554 8558 8580 8596 8606 8607 8608 8610 8608 8609 8608 8596 8581 8566 8553 8542 8527
9009 8999 8990 8980 8969 8956 8938 8913 8885 8871 8862 8850 8834 8817 8808 8801 8790 8779 8770 8762 8757 8765 8769 8765 8753 8723 8703 8688 8672 8672 8699 8700 8708 8700 8698 8707 8727 8745 8765 8774 8779 8782 8757 8719 8698 8679 8660 8645 8635 8615 8597 8588 8582 8578 8575 8570 8540 8509 8501 8506 8513 8517 8515 8516 8522 8526 8529 8531 8543 8550 8573 8588 8596 8606 8613 8619 8620 8618 8607 8589 8570 8558 8552 8538
9007 8997 8987 8980 8962 8949 8931 8909 8888 8859 8851 8839 8825 8813 8800 8795 8784 8773 8772 8769 8769 8771 8766 8757 8723 8696 8677 8667 8661 8679 8715 8728 8738 8733 8734 8734 8744 8759 8773 8776 8780 8784 8755 8717 8697 8679 8660 8644 8627 8605 8593 8584 8578 8573 8569 8554 8540 8518 8504 8502 8503 8502 8503 8508 8505 8503 8510 8509 8517 8540 8553 8562 8585 8605 8620 8626 8636 8633 8617 8598 8579 8565 8558 8550
9006 8993 8983 8963 8946 8940 8924 8902 8880 8859 8848 8834 8818 8803 8793 8792 8787 8783 8778 8776 8775 8771 8761 8746 8715 8686 8676 8679 8682 8695 8721 8741 8750 8747 8745 8745 8751 8761 8770 8772 8778 8783 8756 8724 8701 8679 8658 8638 8620 8591 8583 8576 8570 8564 8559 8558 8544 8523 8508 8502 8497 8491 8489 8488 8486 8492 8489 8496 8491 8517 8533 8548 8578 8610 8636 8652 8649 8643 8625 8609 8592 8579 8571 8559
9001 8983 8966 8944 8929 8931 8915 8894 8871 8852 8846 8836 8820 8801 8789 8795 8795 8790 8780 8770 8757 8753 8748 8736 8709 8681 8687 8718 8724 8724 8735 8749 8753 8751 8745 8744 8750 8758 8764 8771 8777 8781 8761 8733 8707 8681 8655 8631 8608 8587 8577 8569 8561 8553 8546 8539 8535 8535 8514 8503 8494 8486 8479 8475 8475 8485 8483 8487 8494 8501 8515 8538 8574 8615 8654 8672 8662 8650 8633 8623 8608 8592 8586 8573
8983 8964 8940 8912 8900 8911 8905 8892 8875 8860 8851 8841 8831 8824 8815 8809 8804 8807 8777 8749 8723 8725 8725 8708 8693 8688 8700 8726 8743 8752 8753 8752 8755 8749 8738 8738 8743 8751 8759 8769 8775 8771 8768 8742 8711 8681 8652 8624 8597 8583 8574 8565 8556 8546 8535 8524 8523 8531 8516 8505 8495 8486 8477 8471 8475 8478 8478 8483 8488 8494 8509 8534 8577 8622 8658 8666 8661 8654 8657 8643 8629 8616 8604 8584
8957 8946 8934 8909 8891 8891 8899 8896 8888 8873 8859 8848 8839 8831 8840 8817 8800 8785 8759 8732 8714 8711 8705 8696 8693 8708 8723 8753 8750 8737 8741 8740 8747 8744 8735 8732 8732 8735 8748 8761 8770 8773 8766 8743 8713 8681 8650 8622 8602 8586 8572 8561 8550 8540 8529 8519 8515 8516 8513 8505 8496 8488 8482 8472 8474 8478 8478 8477 8484 8495 8513 8540 8588 8637 8669 8678 8667 8659 8663 8654 8642 8638 8607 8594
8933 8932 8919 8910 8930 8911 8909 8907 8903 8900 8876 8858 8847 8839 8832 8814 8786 8752 8737 8729 8725 8722 8709 8705 8716 8743 8761 8755 8749 8744 8748 8742 8738 8739 8733 8728 8722 8717 8730 8741 8761 8769 8765 8741 8711 8678 8646 8619 8597 8585 8572 8561 8549 8539 8528 8519 8512 8509 8510 8503 8496 8489 8482 8477 8473 8477 8476 8478 8488 8502 8524 8561 8614 8663 8700 8699 8669 8663 8661 8650 8637 8618 8607 8604
8924 8932 8938 8943 8947 8931 8922 8917 8913 8905 8881 8866 8853 8844 8832 8808 8777 8745 8735 8745 8760 8750 8736 8734 8746 8767 8778 8782 8763 8757 8749 8739 8740 8733 8731 8726 8718 8709 8713 8723 8749 8763 8757 8736 8708 8675 8641 8610 8600 8583 8570 8559 8548 8538 8528 8520 8516 8511 8505 8500 8494 8489 8482 8479 8475 8481 8479 8482 8497 8514 8535 8603 8659 8692 8713 8708 8682 8668 8662 8651 8636 8614 8604 8595
8934 8944 8950 8960 8954 8943 8932 8924 8920 8908 8888 8866 8852 8847 8834 8809 8778 8747 8742 8763 8776 8770 8767 8769 8777 8782 8777 8764 8756 8749 8748 8735 8729 8732 8734 8731 8721 8715 8708 8707 8727 8747 8748 8731 8703 8671 8638 8607 8584 8576 8565 8555 8545 8535 8526 8519 8515 8502 8498 8496 8494 8490 8487 8484 8482 8482 8480 8487 8510 8541 8578 8654 8702 8715 8718 8704 8679 8662 8652 8655 8648 8635 8619 8592
8957 8962 8967 8972 8966 8950 8935 8923 8912 8904 8875 8857 8839 8833 8831 8811 8786 8767 8766 8782 8795 8784 8787 8789 8790 8786 8779 8761 8751 8745 8739 8734 8732 8740 8737 8732 8720 8715 8714 8705 8716 8748 8750 8725 8694 8664 8635 8612 8591 8573 8561 8551 8542 8533 8525 8516 8506 8499 8494 8495 8495 8494 8493 8490 8485 8484 8480 8494 8532 8577 8655 8699 8720 8730 8727 8700 8672 8664 8677 8683 8663 8640 8617 8595
8978 8979 8979 8979 8967 8951 8929 8910 8900 8872 8857 8843 8815 8814 8826 8805 8791 8788 8793 8797 8803 8803 8804 8800 8799 8787 8776 8760 8750 8743 8740 8747 8750 8753 8730 8716 8714 8704 8701 8702 8714 8748 8743 8714 8683 8653 8627 8602 8579 8567 8558 8549 8541 8533 8524 8515 8507 8504 8506 8496 8497 8499 8500 8496 8486 8486 8484 8503 8560 8638 8699 8729 8742 8739 8730 8695 8672 8667 8680 8699 8671 8639 8626 8615
8994 8989 8984 8968 8958 8944 8914 8885 8859 8841 8833 8819 8794 8780 8780 8776 8787 8793 8799 8804 8805 8801 8799 8798 8797 8787 8783 8763 8755 8745 8747 8759 8744 8717 8718 8721 8716 8708 8704 8691 8712 8711 8712 8696 8669 8638 8608 8580 8563 8558 8551 8544 8537 8529 8521 8515 8513 8507 8502 8499 8501 8503 8505 8507 8500 8495 8489 8503 8577 8663 8711 8733 8742 8733 8717 8684 8675 8675 8691 8704 8679 8657 8672 8674
