real_craters/C181-500m.grd
DSAA
309 309
-76.9825 76.9825
-76.9825 76.9825
6829.6165775947 9306.9676752765
[rows 60 to 89 of 309, columns 134 to 200 of 309]
8399.61 8394.83 8390.1 8388.12 8389.24 8390.85 8392.05 8386.02 8389.02 8398.45 8403.92 8404.57 8409.61 8413.25 8414.08 8413.52 8411.17 8409.19 8406.96 8400.15 8394.98 8393.64 8392.9 8392.16 8391.51 8391.03 8390.3 8388.51 8388.01 8386.43 8376.31 8371.11 8366.06 8360.75 8354.71 8349.17 8345.91 8329.99 8321.69 8315.86 8317.99 8321.11 8324.31 8327.56 8331.59 8338.38 8346.09 8364.22 8382.07 8393.52 8400.99 8405.43 8407.73 8407.22 8403.21 8396.6 8388.09 8382.74 8378.27 8374.17 8370.95 8370.78 8374.03 8375.92 8379.62 8380.31 8379.4
8399.26 8393.72 8388.83 8386.85 8388.03 8389.42 8389.56 8383.22 8386.4 8394.6 8401.56 8406.96 8414.58 8415.64 8416.07 8415.78 8415.77 8412.2 8407.48 8397.93 8396.08 8394.65 8394.43 8394.24 8393.76 8392.43 8390.11 8388.46 8386.78 8385.58 8382.09 8374.08 8368.22 8362.81 8356.43 8350.68 8347.52 8341.92 8339.45 8337.57 8331.81 8328.51 8327.57 8328.19 8329.94 8333.97 8340.99 8356.49 8375.08 8389.44 8395.73 8401.31 8405.24 8405.1 8398.75 8392.07 8383.35 8377.88 8373.24 8368.5 8363.51 8360.52 8365.27 8370.04 8372.71 8374.35 8372.46
8400.46 8394.1 8388.77 8386.34 8385.13 8383.67 8381.6 8380.37 8382.15 8387.47 8401.98 8411.58 8415.48 8417.28 8417.38 8416.6 8414.49 8411.94 8407.83 8402.55 8396.5 8395.85 8396.47 8397.1 8397.23 8395.84 8391.88 8389.08 8383.62 8377.32 8376.69 8373.39 8369.46 8365.74 8361.74 8357.34 8354.33 8347.65 8346.45 8345.17 8338.04 8333.49 8331.74 8330.75 8330.1 8331.74 8341.08 8351.48 8367.37 8380.84 8388.37 8397.2 8404.81 8408.64 8405.07 8392.63 8380.82 8375.79 8371.49 8366.35 8360.48 8356.57 8360.37 8366.17 8371.29 8371.46 8368.61
8401.1 8395.32 8390.5 8387.39 8385.17 8382.1 8377.53 8377.38 8378.8 8384.53 8401.61 8411.84 8415.82 8417.28 8418.19 8417.78 8415.53 8412.25 8407.88 8406.86 8398.58 8398.75 8400.01 8400.84 8401.35 8401.34 8400.1 8393.94 8383.97 8374.85 8373.25 8372.71 8370.64 8368.55 8367.58 8369.64 8361.9 8353.44 8351.72 8349.04 8342.71 8338.55 8336.82 8334.37 8331.51 8331.17 8334.15 8342.2 8352.25 8361.06 8377.09 8391.18 8403.8 8413.68 8413.64 8396.24 8381.44 8377.42 8373.44 8368.45 8362.41 8356.7 8358.33 8366.08 8368.26 8369.15 8366.97
8402.6 8398.42 8392.33 8390.41 8387.89 8383.83 8379.46 8376.58 8376.92 8382.6 8400.92 8410.7 8414.05 8416.59 8418.64 8419.58 8418.14 8414.38 8410.62 8407.46 8404.86 8404.44 8404.79 8405.46 8406.29 8407.45 8408.07 8401.32 8388.45 8378.6 8375.29 8373.79 8372.36 8370.64 8369.15 8367.3 8363.11 8358.22 8354.26 8352.41 8350.31 8348.1 8343.12 8338.2 8333.28 8328.96 8326.79 8333.89 8342.24 8351.87 8368 8384.37 8400.13 8413.82 8415.5 8401.12 8388.9 8383.25 8379.19 8375.1 8369.68 8363.91 8367.25 8373.47 8377.28 8375.18 8367.48
8410.3 8406.76 8401 8397.5 8393.62 8389.66 8382.13 8377.61 8377.33 8382.67 8402.76 8409.14 8412.45 8415.07 8417.92 8420.78 8420.83 8415.46 8412.41 8411.8 8410.68 8410.48 8409.02 8408.6 8408.57 8409.53 8411.3 8406.06 8395.05 8382.33 8377.04 8376.36 8374.33 8371.53 8368.41 8364.89 8362.25 8360.1 8357.89 8355.78 8356.4 8355.37 8347.42 8341.56 8335.42 8329.68 8325.11 8329.61 8336.77 8347.77 8360.49 8376.69 8394.05 8408.68 8412.55 8403.69 8395.83 8391.28 8387.45 8384.95 8384.24 8383.64 8382.53 8385.36 8387.87 8384.47 8371.03
8425.75 8419.96 8413.28 8408.33 8401.88 8391.66 8384.37 8381.27 8380.21 8386.22 8398.24 8405.77 8409.79 8412.63 8415.33 8418.38 8418.28 8413.2 8411.73 8416.34 8418.49 8414.24 8410.96 8409.64 8408.24 8407.31 8405.38 8400.73 8398.08 8386.55 8383.82 8380.92 8376.65 8372.42 8368.21 8364.37 8362.73 8361.89 8359.89 8358.25 8355.56 8349.67 8348.41 8344.66 8339.85 8334.82 8331.32 8328.62 8330.54 8336.37 8349.1 8367.35 8386.73 8402.23 8409.44 8408.48 8403.69 8399.14 8395.64 8393.94 8394.23 8392.57 8394.72 8396.58 8397.83 8393.22 8377.64
8440.94 8433.33 8427.52 8420.48 8414.34 8404.6 8399.53 8391.38 8383.98 8384.69 8397.33 8403.92 8407.01 8408.85 8411.1 8412.27 8412.46 8411.4 8412.3 8415.14 8418.74 8415.74 8412.38 8409.65 8407.52 8404.6 8399.16 8391.76 8386.75 8384.66 8391.09 8384.39 8378.75 8373.57 8368.31 8363.97 8361.98 8363.54 8363.25 8360.17 8357.09 8353.18 8351.83 8348.42 8344.08 8338.84 8331.85 8327.03 8324.54 8324.48 8336.45 8357.8 8380.52 8400.03 8409.56 8412.91 8409.91 8405.21 8401.81 8400.05 8400.69 8405.07 8405.49 8405.1 8403.71 8397.97 8380.04
8450.41 8438.6 8431.86 8429.29 8427.81 8426.31 8415.3 8399.08 8392.64 8395.84 8403.29 8405.1 8405.31 8405.42 8407.55 8409.23 8409.57 8409.71 8412.84 8415.64 8417.08 8413.89 8410.37 8408.2 8405.41 8402.92 8400.24 8399.25 8389.76 8387.31 8388.83 8385.41 8380.61 8375.19 8369.31 8363.79 8362.36 8362.68 8363.31 8361.61 8360.41 8361.71 8357.15 8352.09 8347.79 8342.84 8334.72 8328.27 8323.12 8318.53 8327.82 8350.1 8373.44 8397.46 8406.47 8409.27 8410.24 8408.16 8405.52 8403.82 8403.76 8415.28 8413.56 8410.07 8406.26 8398.47 8383.71
8454.12 8443.04 8436.28 8434.27 8432.67 8420.06 8382.34 8395.83 8400.46 8403.8 8407.13 8407.53 8405.52 8402.58 8406.5 8408.89 8410.03 8410.54 8415.57 8421.45 8408.52 8407.67 8407.84 8406.41 8404 8402.1 8400.12 8398.9 8394.9 8388.15 8385.73 8385.94 8382.71 8378.12 8372.43 8366.49 8361.67 8361.15 8361.31 8359.59 8359.42 8359.14 8356.53 8353.62 8350.81 8347.67 8340.15 8332.71 8328.02 8326.9 8333.91 8345.69 8360.29 8383.91 8395.29 8405.75 8409.12 8408.75 8407.18 8406.28 8410.04 8418.76 8415.42 8410.74 8404.98 8397.14 8389.11
8453.56 8447.64 8441.12 8436.35 8432.15 8419.23 8404.86 8404.14 8406.26 8411.83 8413.58 8412.01 8408.94 8406.79 8408.16 8411.3 8411.17 8411.04 8416.15 8419.47 8403.71 8406.25 8406.03 8404.61 8402.74 8400.67 8398.7 8397.02 8392.46 8388.53 8388.91 8387.79 8385.05 8380.95 8376.16 8369.34 8361.15 8359.78 8356.81 8355.7 8357.05 8355.53 8354.8 8353.94 8351.44 8348.96 8341.63 8335.89 8334.6 8337.53 8342.48 8342.92 8344.61 8351.17 8382.03 8403.93 8407.99 8407.92 8406.75 8405.88 8407.6 8413.63 8412.55 8408.45 8402.86 8395.38 8388.82
8450.74 8443.82 8439.68 8435.86 8431.49 8427.54 8426.18 8416.77 8414.16 8421.49 8421.69 8417.45 8413.16 8409.83 8409.3 8411.36 8411.71 8413.1 8414.8 8414.92 8414.37 8409.62 8406.27 8403.92 8401.9 8399.52 8396.5 8391.86 8388.47 8388.71 8390.51 8389.62 8386.94 8383.66 8380.21 8374.76 8365.4 8362.39 8358.07 8356.38 8358.29 8359.22 8358.42 8355.04 8350.75 8346.12 8342.39 8340.89 8337.2 8340.97 8344.02 8340.34 8337.26 8346.26 8376.29 8400.13 8404.64 8405.43 8405.15 8404.51 8406.5 8409.13 8408.16 8405.06 8400.76 8395.27 8389.33
8448.49 8441.95 8438.45 8435.02 8430.38 8426.82 8426.93 8422.86 8420.28 8428.12 8426.45 8421.76 8417.52 8413.23 8410.93 8410.33 8411.97 8413.06 8414.5 8414.33 8411.91 8409.32 8406.86 8405.1 8403.54 8401.5 8397.77 8392.06 8393.87 8395.05 8394.76 8392.92 8389.11 8385.09 8382.95 8378.5 8368.19 8362.57 8360.94 8360.7 8362.37 8363.01 8360.7 8356.39 8350.48 8343.99 8336.36 8330.07 8333.69 8339.88 8345.03 8338.19 8332.82 8341.05 8368.31 8390.31 8397.33 8400.86 8402.79 8403.05 8401.49 8403.45 8403.99 8401.67 8397.77 8393.02 8385.32
8444.19 8441.08 8437.23 8434.65 8433.14 8431.15 8423.93 8426.73 8430.71 8428.96 8427.15 8424.52 8421.8 8419.36 8416.74 8414.24 8414.87 8415.09 8414.67 8413.73 8411.73 8408.88 8406.75 8406.14 8405.89 8405.32 8404.06 8403.15 8405.08 8402.39 8400.25 8396.93 8389.73 8383.64 8378.1 8375.25 8373.2 8365.79 8365.92 8367.11 8367.43 8367.24 8365.13 8357.83 8349.38 8341.54 8333.23 8326.11 8330.26 8335.38 8338.52 8332.74 8329.95 8338.62 8357.95 8376.23 8388.05 8395.17 8400.16 8403.85 8404.68 8403.23 8402.11 8398.91 8394.65 8390.37 8386.37
8438.01 8436.81 8435.35 8434.02 8432.73 8431.28 8428.17 8431.19 8433.49 8428.07 8427.63 8426.84 8425.96 8425.37 8425.09 8423.42 8419.94 8416.38 8413.99 8410.72 8406.54 8404.1 8405.16 8406.53 8408.29 8409.92 8411.17 8411.42 8408.73 8406.51 8401.04 8393.19 8387.74 8381.12 8375.26 8373.64 8376.69 8376.6 8373.69 8373.4 8372.14 8370.32 8367.77 8358.99 8349.46 8340.86 8335.71 8332.24 8330.35 8330.4 8328.19 8324.38 8322.42 8332.54 8351.75 8368.37 8380.59 8389.74 8396.9 8402.62 8405.52 8404.02 8400.49 8396.23 8391.58 8387.13 8386.54
8437.23 8434.63 8433.92 8433.23 8432.2 8429.08 8429.38 8434.88 8436.4 8429.41 8428.7 8429.23 8429.73 8430.55 8433.13 8431.33 8425.79 8419.42 8412.11 8407.39 8403.52 8402.23 8406.01 8409.5 8412.95 8416.52 8419.99 8424.7 8418.29 8412.51 8404.22 8396.49 8386.74 8379.88 8374.31 8373.21 8374.15 8376.45 8377.09 8378.32 8374.49 8370.46 8364.47 8359.68 8353.87 8347.15 8340.7 8336.13 8332.17 8327.7 8323.51 8316.94 8314.06 8325.77 8344.94 8361.11 8373.39 8383.62 8392.3 8398.76 8406.54 8403.59 8399.08 8394.6 8389.08 8383.37 8383.15
8437.49 8434.49 8433.73 8432.89 8431.74 8431.37 8432.8 8438.26 8436.21 8429.96 8430.84 8432.16 8432.88 8433.08 8432.79 8432.19 8426.84 8419.54 8412.11 8407.11 8405.26 8406.86 8408.32 8412.75 8418.21 8423.43 8428.11 8432.16 8431.94 8421.79 8408.31 8394.02 8386.05 8380.18 8377.16 8374.01 8373.13 8373.93 8375.71 8374.5 8373.63 8370.3 8366.64 8360.9 8355.22 8349.98 8344.79 8340.47 8334.17 8326.5 8317.44 8309.17 8306.57 8319.69 8341.24 8354.93 8366.72 8377.97 8388.03 8397.14 8401.1 8400.59 8396.95 8392.55 8387.55 8383.59 8380.13
8439.66 8435.98 8434.97 8434.38 8433.76 8431.24 8440.03 8446.24 8442.2 8436.15 8435.52 8435.72 8436.24 8436.48 8435.3 8433.41 8426.66 8418.96 8412.1 8407.35 8405.36 8405.22 8409.89 8415.91 8422.74 8429.54 8435.49 8439.99 8444.78 8431.71 8414.08 8396.97 8387.47 8381.76 8375.73 8375.06 8374.36 8373.19 8375.08 8375.69 8373.72 8369.71 8363.83 8360.05 8355.85 8352.01 8347.49 8342.75 8336.09 8327.39 8318.54 8309.67 8300.93 8315.13 8331.32 8346.73 8359.68 8371.83 8383.23 8394.28 8399.97 8395.85 8392.55 8389.38 8385.29 8380.35 8370.56
8441 8437.39 8437.53 8437.79 8438 8440.42 8452.96 8459.19 8450.54 8444.23 8441.51 8440.33 8440 8440.68 8441.87 8435.57 8429.15 8418.78 8409.74 8407.02 8406.27 8407.56 8412.16 8418.97 8426.62 8435 8444.12 8451.12 8452.27 8438.93 8422.24 8404.23 8395.42 8389.3 8384.84 8379.74 8378.39 8376.63 8376.46 8376.76 8374.35 8369.65 8365.07 8361.73 8359.59 8354.04 8349.27 8344.45 8338.35 8329.96 8321.19 8314.12 8314.72 8316.96 8328.56 8339.74 8352.84 8365.05 8376.22 8384.36 8386.08 8387.43 8386.91 8385.59 8383.34 8376.84 8371.87
8443.75 8441.57 8440.93 8441.38 8443.64 8450.76 8462.73 8470.71 8460.72 8451.86 8447.45 8444.76 8442.71 8441.31 8438.98 8434.09 8427.38 8418.74 8411.61 8408.52 8408.55 8410.17 8415.4 8421.95 8429.91 8438.8 8449.09 8457.86 8451.79 8443.47 8432.74 8422 8409.69 8397.65 8390.05 8385.36 8381.87 8379.26 8379.11 8378.17 8374.64 8369.42 8364.68 8360.27 8356.26 8353.2 8349.8 8346.32 8340.96 8333.15 8325.97 8323.19 8319.94 8316.29 8320 8333.48 8346.58 8358.27 8367.1 8371.93 8374.69 8378.67 8380.99 8382.14 8383.13 8383.33 8379.2
8446.62 8447.05 8444.8 8444.14 8445.68 8455.09 8470.4 8479.67 8465.46 8457.94 8453.25 8449.55 8445.75 8441.25 8437.77 8432.8 8425.46 8419.17 8413.68 8411.23 8411.28 8414.64 8418.44 8424.32 8432.2 8440.6 8447.97 8457.05 8456.54 8450.37 8443.11 8433.17 8420.74 8405.97 8394.56 8393.18 8388.69 8386.77 8384.63 8379.96 8374.63 8369.1 8363.35 8357.31 8352.14 8351.17 8349.54 8347.48 8344.95 8335.16 8326.89 8318.24 8313.53 8315.43 8320.86 8330.56 8343.07 8354.66 8362.81 8365.73 8369.04 8372.96 8375.74 8377.71 8380.03 8382.97 8373.08
8449.06 8449.03 8448.89 8448.65 8447.7 8459.07 8477.04 8485.19 8470.91 8463.86 8459.61 8455.3 8450.42 8443.8 8437.92 8433.07 8425.41 8419.7 8415.61 8413.3 8412.95 8414.33 8418.46 8425.38 8433.71 8442.22 8450.25 8457.02 8458.48 8456.74 8453.87 8449.81 8443.44 8427.79 8413.69 8406.61 8403.96 8398.84 8392.2 8383.06 8375.05 8369.78 8363.94 8357.14 8352.81 8351.38 8349.6 8346.5 8341.45 8335.35 8328.27 8319.37 8316.35 8312.03 8316.49 8328.54 8341.95 8354.7 8364.7 8366.02 8367.58 8370.95 8372.78 8373.04 8372.17 8370.84 8372.54
8453.26 8451.43 8455.03 8457.4 8456.63 8468.8 8486.34 8494.35 8476.93 8472.55 8467.59 8462.56 8457.45 8452.28 8444.01 8435.09 8428.4 8422.05 8417.59 8415.56 8414.72 8415.05 8418.88 8426.39 8435.02 8443.92 8451.6 8455.83 8461.9 8463.98 8462.73 8460.8 8456.97 8447.95 8432.01 8416.21 8407.49 8402.8 8395.12 8385.04 8377.05 8372.35 8367.49 8362.61 8356.67 8354.47 8351.54 8346.91 8340.92 8337.57 8335.32 8332.53 8325.21 8312.71 8316.25 8329.74 8344.4 8357.64 8367.74 8370.45 8371.64 8373.34 8373.55 8372 8370.2 8372.18 8380.21
8455.47 8459.35 8465.97 8469.89 8473.34 8483.19 8496.85 8504.32 8494.22 8485.23 8478.13 8471.09 8464.58 8458.8 8450.32 8440.86 8432.62 8425.18 8420.69 8418.5 8417.82 8418.48 8422.08 8427.96 8436.07 8445.45 8456.01 8460.19 8468 8472.37 8467.19 8459.51 8450.03 8443.11 8430.22 8416.05 8405.47 8397.31 8390.27 8385.8 8381.02 8376.3 8371.73 8368.05 8363.33 8359.95 8356.77 8351.63 8344.18 8343.5 8344.72 8343.97 8332.29 8318.04 8321.71 8335.5 8350.64 8364.16 8372.67 8378.94 8379.88 8380 8378.92 8375.88 8370.94 8374.55 8388.51
8464.62 8475.21 8480.75 8486.6 8490.44 8497.61 8505.44 8509.42 8505.35 8497.63 8488.55 8478.94 8469.74 8461.65 8453.43 8445.19 8436.48 8427.39 8423.6 8422.5 8422.32 8422.68 8423.85 8430.44 8436.96 8444.55 8453.5 8464.78 8471.63 8475.49 8466.68 8455.5 8444.22 8431.52 8421.29 8410.5 8401.13 8394.17 8389.08 8387.16 8385.27 8380.12 8374.93 8371.75 8368.98 8366.64 8364.6 8361.29 8357.07 8355.99 8356.56 8353.22 8338.78 8327.08 8332.27 8344.41 8359.02 8374.51 8386.85 8386.45 8388.42 8388.24 8386.97 8384.71 8380.45 8384.56 8396.63
8484.36 8493 8494.95 8496.99 8505.92 8511.25 8514.35 8517.18 8517.35 8510.26 8498.85 8486.19 8473.93 8462.24 8455.66 8448.87 8440.11 8431.77 8428.14 8427.45 8428.48 8430.25 8433.44 8435.24 8438.05 8442.6 8451.13 8463.38 8468.2 8469.35 8461.58 8449.74 8435.55 8423.59 8414.62 8403.83 8396.49 8394.29 8391.81 8389.78 8386.77 8382.05 8376.72 8373.71 8374.35 8374.01 8373.81 8373.95 8373.31 8373.11 8371.41 8364.88 8354.13 8344.39 8347.07 8354.91 8366.66 8382.63 8403.29 8400.14 8398.74 8397.07 8396.05 8397.09 8401.89 8403.67 8406.84
8488.99 8496.08 8505.88 8518.12 8524.42 8526.22 8527.99 8531.43 8534.83 8523.57 8508.18 8492.81 8478.48 8467.62 8460.29 8454.78 8444.25 8434.91 8433.19 8433.63 8435.37 8438.32 8442 8440.73 8439.13 8439.65 8444.91 8456.35 8462.3 8460.91 8455.67 8445.6 8433.22 8421.51 8414.57 8406.04 8399.08 8399.04 8398.42 8393.7 8388.69 8383.54 8379.26 8376.46 8379.77 8382.06 8384.24 8387.23 8391.49 8393.99 8387.98 8383.35 8377.29 8369.62 8363.09 8363.98 8370.41 8381.47 8397.13 8410.35 8407.02 8404.13 8402.97 8404.86 8411.52 8413.75 8415.11
8487.5 8498.81 8508.76 8523.54 8537.07 8539.11 8540.32 8549.61 8551.2 8533.25 8515.39 8497.8 8481.7 8469.71 8463.69 8458.13 8449.58 8442.37 8440.18 8440.5 8442.05 8444.5 8447.23 8444.2 8440.62 8438.41 8443.71 8455.39 8460.13 8459.41 8453.95 8444.73 8433.47 8425.15 8419.8 8416.1 8410.82 8405.72 8403.27 8396.95 8390.31 8385.39 8383.21 8383.89 8385.71 8389.6 8393.7 8397.46 8401.28 8402.48 8398.64 8395.35 8391.35 8382.21 8373.03 8369.03 8369.6 8374.33 8389.98 8408.52 8408.84 8407.07 8405.57 8405.05 8406.53 8413.3 8419.93
8486.27 8498.97 8510.44 8525.88 8540.06 8547.81 8554.84 8555.92 8548.44 8537.3 8520.43 8501.82 8483.9 8471.8 8466.26 8461.9 8456.31 8452.47 8447.91 8447.42 8448.08 8448.76 8448.64 8446.26 8443.08 8441.61 8455.03 8460.64 8461.12 8460.21 8454.82 8446.63 8438.06 8431.38 8425.96 8420.78 8414.74 8409.31 8404.14 8398.71 8393.22 8388.16 8386.29 8386.79 8390.4 8397.99 8402.86 8405.49 8406.15 8404.18 8403.59 8400.97 8397.88 8384.16 8375.65 8370.23 8367.33 8365.7 8378.17 8401.45 8405.06 8406.23 8406.22 8404.89 8402.83 8412.43 8419.59
8486.95 8502.21 8512.25 8524.18 8536.94 8548.54 8556.68 8554.24 8552.6 8542.93 8525.73 8505.27 8485.86 8473.51 8468.34 8465.28 8458.17 8450.79 8453.79 8453.84 8453.92 8453.64 8451.75 8449.54 8447.76 8446.72 8454.9 8460.66 8461.56 8459.74 8455.63 8450.26 8444.22 8438.62 8432.17 8425.21 8418.06 8411.7 8406.3 8401.58 8398.09 8395.58 8390.72 8392.04 8401.9 8409.91 8412.93 8413.37 8412.1 8410.07 8407.03 8402.22 8394.97 8382.29 8374.91 8369.94 8367.04 8367.65 8376.51 8390.09 8398.8 8403.85 8407.17 8409.7 8412.13 8417.02 8422.22
