real_craters/C181-300m.grd
DSAA
514 514
-76.9825 76.9825
-76.9825 76.9825
6828.7361323208 9308.7135414683
[rows 0 to 29 of 514, columns 268 to 334 of 514]
8454.1 8451.09 8449.27 8448.12 8449.6 8456.94 8467.65 8480.21 8493.84 8507.69 8519.38 8530.38 8540.72 8550.72 8560.39 8570.02 8580.62 8598.23 8623.09 8627.25 8627.23 8626.7 8626.55 8626.33 8621.99 8617.86 8614.38 8611.79 8610.94 8612.44 8614.64 8616.89 8618.62 8617.89 8616.19 8614.49 8613.04 8611.9 8611.54 8611.81 8612.21 8612.81 8613.7 8615.11 8617.66 8621.49 8626.53 8632.44 8639.16 8644.76 8649.52 8654.25 8660.03 8668.73 8684.67 8699.22 8709.56 8715.11 8721.44 8730.83 8740.96 8755.27 8775.68 8796.14 8814.64 8829.12 8840.87
8449.37 8445.36 8442.47 8441.59 8443.78 8451.92 8463.89 8477.94 8492.9 8506.83 8519.41 8529.35 8538.32 8546.95 8555.7 8564.46 8574.05 8589.01 8616.75 8622.02 8624.2 8626.17 8627.8 8627.9 8624.9 8620.26 8615.24 8611.29 8610.51 8613.3 8616.94 8620.17 8621.64 8620.78 8618.21 8615.56 8613.13 8611.52 8610.86 8611.32 8611.59 8611.66 8612.18 8613.62 8616.21 8620.14 8625.09 8630.48 8635.47 8640.94 8647.79 8653.92 8660.17 8667.96 8679.12 8689.63 8697.89 8704.39 8712.16 8717.36 8724.37 8736 8752.01 8768.18 8783.66 8795.77 8805.5
8443.29 8439.1 8436.23 8436.03 8438.68 8447.31 8460.21 8475.23 8491.57 8508.94 8520.07 8527.55 8535.36 8543.5 8551.94 8560.29 8568.66 8580.51 8602.15 8611.81 8617.98 8623.1 8627.25 8629.35 8627.19 8622.15 8616.08 8610.56 8610.05 8614.65 8619.64 8624.02 8626.13 8623.43 8619.62 8615.65 8612.3 8609.88 8608.88 8610.09 8610.85 8609.8 8610.31 8612.18 8615.09 8619.62 8625.16 8630.83 8636.21 8642.14 8649.88 8657.06 8663.77 8671.4 8678.55 8685.59 8691.87 8698.32 8704.71 8708.26 8712.83 8722.03 8735.91 8749.5 8761.91 8772.3 8779.92
8434.08 8431.68 8430.74 8431.68 8435.09 8443.63 8456.53 8471.46 8487.75 8505.37 8516.44 8523.05 8530.85 8539.53 8548.44 8557.32 8565.23 8573.77 8587.21 8600.1 8609.99 8618.22 8625.2 8630.32 8629.11 8624.12 8617.63 8611.5 8611.84 8617.04 8622.59 8627.49 8629.33 8625.21 8620.13 8615.02 8610.56 8607 8604.75 8604.67 8605.29 8605.99 8607.76 8610.85 8614.95 8620.26 8626.6 8633.34 8640.19 8646.97 8654.84 8661.83 8668.57 8674.37 8679.71 8683.8 8687.51 8692.05 8698.81 8702.42 8705.49 8712.96 8724.4 8735.56 8745.91 8754.76 8762.53
8426.1 8426.31 8427.09 8428.77 8432.6 8440.67 8453.04 8466.71 8480.89 8494.53 8505.46 8515.31 8524.71 8534.6 8544.53 8554.36 8562.45 8568.71 8577.71 8590.58 8602.07 8612.36 8621.52 8628.64 8629.96 8626.31 8620.6 8614.31 8615.58 8620.63 8625.5 8629.57 8629.86 8625.33 8619.45 8613.56 8608.07 8603.19 8599.38 8596.81 8597.64 8601.15 8604.8 8609.3 8614.9 8621.15 8628.65 8636.83 8645.51 8654.74 8660.69 8666.82 8672.99 8678.98 8682.18 8682.69 8683.78 8687.48 8695.06 8699.35 8702.28 8707.83 8716.78 8725.79 8734.46 8742.56 8750.82
8421.34 8422.81 8424.39 8427.1 8431.98 8439.77 8450.24 8462.07 8473.78 8484.59 8494.96 8506.46 8517.55 8528.7 8539.63 8550.16 8557.81 8564.17 8572.95 8583.55 8594.24 8605.3 8616.14 8625.76 8629.95 8628.43 8625.06 8621.7 8622.21 8625.18 8628.22 8630.61 8629.28 8624.05 8617.66 8611.1 8604.83 8599.18 8594.48 8591.55 8592.8 8597.36 8602.3 8607.75 8613.32 8621.71 8630.57 8639.93 8649.44 8658.22 8664.65 8669.77 8674.98 8681.26 8682.93 8679.66 8678.45 8681.92 8692.06 8697.91 8700.27 8704.89 8711.96 8719.01 8726.58 8734.2 8742.56
8417.26 8418.71 8422.24 8426.49 8431.65 8438.74 8448.46 8458.65 8468.19 8477.16 8486.8 8498.06 8510.19 8522.13 8533.68 8544.58 8551.84 8558.23 8567.16 8575.54 8584.82 8596.02 8608.2 8620.06 8627.65 8629.36 8629.2 8628.37 8628.74 8629.58 8630.31 8630.57 8627.65 8621.91 8615.25 8608.25 8601.42 8595.3 8590.5 8588.34 8590.14 8595.06 8600.89 8607.16 8614.34 8622.67 8632.17 8642.03 8652.08 8661.62 8666.9 8669.64 8672.3 8675.72 8676.37 8673.15 8671.64 8675.38 8689.18 8696.89 8698.47 8702.67 8708.23 8713.9 8720.62 8728 8736.92
8415 8416.32 8422.07 8427.76 8433.12 8439.23 8448.45 8457.26 8464.71 8471.25 8477.5 8490.31 8503.08 8515.28 8526.74 8537.37 8545.21 8550.42 8555.97 8563.3 8572.75 8584.22 8597.19 8611.39 8623.49 8627.18 8631.57 8634.34 8634.14 8633.01 8631.47 8629.66 8625.37 8619.29 8612.61 8605.27 8598.12 8591.69 8586.7 8584.57 8587.85 8593.77 8600.68 8607.66 8614.62 8623.69 8632.93 8642.46 8652.45 8662.03 8666.24 8665.92 8665.13 8664.9 8664.86 8663.91 8665.24 8671.8 8685.5 8694.84 8697.91 8700.3 8704.19 8708.54 8713.96 8721.11 8730.24
8415.04 8418.14 8425.09 8431.89 8438.02 8443.66 8451.99 8458.67 8463.88 8468.59 8474.55 8485 8496.87 8508.56 8519.19 8528.4 8537.63 8539.83 8542.4 8548.57 8558.5 8570.08 8582.74 8595.96 8609.01 8619.26 8630.66 8638.53 8637.67 8635.19 8631.57 8627.77 8622.62 8616.42 8609.63 8602.54 8595.05 8588.34 8583.36 8581.95 8586.07 8593.07 8601.35 8610.19 8618.06 8624.75 8632.37 8640.73 8649.54 8658.1 8661.25 8658.42 8654.76 8651.12 8648.37 8653.87 8660.31 8670.04 8683.45 8692.39 8695.89 8697.88 8699.6 8701.78 8705.78 8711.68 8719.81
8417.42 8423.37 8430.77 8438.44 8446.38 8454.26 8459.62 8462.54 8464.87 8467.85 8472.85 8480.88 8491.36 8502.34 8512.26 8519.04 8523.03 8524.9 8527.54 8533.23 8544.04 8555.72 8567.65 8578.43 8587.21 8608.06 8626.33 8637.21 8639.35 8636.79 8631.36 8624.36 8620.28 8614.64 8607.51 8600.25 8592.28 8585.21 8580.2 8579.8 8584.43 8592.34 8601.82 8611.55 8618.69 8624.16 8630.02 8636.44 8643.21 8649.21 8651.16 8647.99 8643.12 8638.5 8636.94 8646.11 8658.23 8670.78 8683.31 8691.49 8693.77 8693.52 8692.65 8692.75 8694.7 8698.85 8705.17
8421.31 8428.13 8436.53 8445.52 8455.18 8465.46 8468.06 8466.65 8465.97 8466.72 8469.72 8476.12 8485.66 8496.29 8506.07 8510.76 8503.57 8509.63 8514.2 8520.78 8530.78 8543.07 8555.45 8566.6 8577.63 8601.42 8624.06 8637.01 8640.91 8639.31 8633.87 8626.58 8621.27 8614.63 8606.7 8598.1 8589.58 8582.27 8576.2 8575.62 8582.08 8590.84 8601.04 8611.71 8617.65 8621.15 8625.16 8629.63 8634.15 8638.22 8639.96 8635.6 8631.18 8627.48 8626.67 8640.09 8658.61 8671.49 8682.05 8692.3 8692.01 8686.61 8682.49 8680 8679.91 8682.13 8686.65
8427.29 8432.9 8442.26 8451.95 8460.91 8469.98 8471.67 8468.36 8465.81 8464.51 8465.13 8470.03 8479.17 8489.83 8500.23 8505.05 8500.04 8500.02 8502.75 8507.55 8519.27 8533.07 8547.22 8561.39 8576.69 8601.73 8627.02 8640.13 8643.43 8642.92 8639.58 8633.62 8625.04 8616.01 8606.5 8596.69 8587.56 8579.94 8574.65 8574.28 8579.82 8588.21 8598.23 8607.84 8613.06 8615.54 8618.03 8620.74 8623.04 8624.46 8624.25 8621.4 8619 8617.56 8620.08 8632.6 8651.89 8662.97 8671.61 8682.25 8680.95 8673.25 8667.08 8662.96 8661.26 8661.77 8665
8435.08 8444.2 8452.74 8457.39 8463.25 8468.23 8469.21 8467.28 8464.39 8461.98 8460.66 8463.7 8472.15 8482.08 8492.4 8498.9 8495.12 8493.16 8494.44 8498.73 8511 8526.23 8542.19 8559.36 8580.81 8604.33 8628.03 8640.32 8644.57 8645.74 8644.84 8639.61 8628.66 8617.26 8606.13 8595.13 8585.28 8577.41 8573.42 8573.2 8576.83 8584.04 8593.04 8603.13 8605.91 8607.81 8609.56 8610.97 8611.41 8610.26 8606.9 8606.98 8606.96 8607.17 8609.84 8619.14 8632.33 8641.2 8648.62 8657.63 8658.81 8652.64 8646.61 8641.99 8639.01 8637.73 8639.3
8444.36 8451.11 8456.31 8460.22 8463.68 8466.9 8468.11 8464.91 8462.31 8459.83 8457.67 8458.69 8465.77 8473.14 8479.75 8484.74 8485.4 8485.72 8488.72 8494.13 8506.92 8522.76 8538.92 8555.87 8575.56 8598.2 8621.03 8636.06 8643.21 8646.12 8646.35 8640.92 8629.96 8617.65 8605.26 8593.25 8582.07 8573 8567.46 8567.45 8571.54 8578.31 8585.76 8589.81 8596.1 8598.47 8599.86 8600.63 8600.38 8598.87 8595.6 8595.58 8596.04 8596.08 8597.95 8602.63 8608.97 8613.7 8617.94 8623.96 8630.11 8626.53 8622.18 8617.68 8614.13 8611.35 8609.46
8457.15 8458.31 8458.92 8461.76 8463.06 8462.94 8460.85 8461.45 8460.71 8459.34 8457.74 8457.7 8462.23 8465.65 8467.16 8467.07 8471.58 8478.56 8486.06 8494.9 8507.68 8522.8 8537.65 8552.04 8565.84 8585.76 8616.33 8631.73 8640.27 8644.25 8644.98 8639.5 8629.12 8616.91 8603.87 8591.18 8578.84 8567.7 8559.27 8559.93 8565.05 8571.65 8579.35 8586.83 8587.28 8588.59 8589.61 8590.36 8590.45 8590.12 8588.98 8588.05 8586.59 8584.56 8582.82 8581.07 8581.03 8585.05 8587.71 8590.37 8598.01 8598.01 8596.11 8593.29 8589.69 8585.16 8579.83
8464.53 8463.76 8463.4 8463.74 8462.74 8460.67 8459.04 8459.59 8460.09 8460.41 8461 8462.25 8462.86 8461.71 8459.64 8458.08 8463.75 8474.76 8486.47 8499.01 8512.23 8525.85 8539.08 8551.87 8564.08 8581.72 8612.33 8627.94 8636.75 8641.03 8641.57 8636.51 8627.02 8615.28 8602.54 8589.64 8576.59 8563.99 8553.91 8554.61 8559.02 8564.32 8570.17 8575.57 8576.84 8578 8579.08 8580.06 8581 8582.06 8583.58 8582.33 8577.92 8573.38 8568.48 8562.82 8559.27 8562.29 8562.95 8563.02 8566.98 8571.02 8572.39 8570.69 8567.56 8562.43 8555.86
8459.25 8463.12 8467.23 8464.91 8462.63 8460.42 8459.4 8459.05 8459.8 8461.49 8464.34 8468.84 8465.71 8461.12 8456.2 8452.93 8461.7 8475.41 8489.82 8504.79 8518.7 8530.73 8542.57 8555.57 8570.07 8588.6 8612.72 8624.66 8632.85 8637.33 8637.73 8632.95 8623.96 8612.8 8600.39 8587.93 8575.47 8563.72 8554.59 8552.92 8554.65 8557.25 8559.28 8562.04 8565.22 8567.15 8568.47 8569.7 8570.79 8572.61 8574.86 8574.15 8568.57 8563.29 8557.73 8552.03 8549.26 8548.54 8546.19 8543.08 8543.98 8549.24 8552.39 8552.71 8549.56 8545.02 8538.7
8450.91 8458.36 8461.99 8463.31 8461.52 8459.34 8458.01 8458.05 8459.32 8461.4 8464.41 8467.46 8465.77 8462.61 8460.09 8456.01 8465.92 8480.25 8495.2 8511.35 8526.54 8535.26 8546.28 8559.66 8576.08 8598.46 8608.99 8619.88 8628.14 8633.8 8635.16 8629.48 8620.22 8609.44 8597.96 8586.28 8575.01 8564.69 8556.76 8552.71 8551.38 8551.71 8552.12 8553.4 8555.12 8556.61 8557.82 8559.04 8559.97 8560.93 8561.49 8560.98 8557.41 8554.62 8550.71 8545.68 8544.93 8542.02 8538.11 8533.5 8530.53 8535.12 8537.98 8538.67 8536.56 8533.01 8528.24
8447.73 8454.81 8461.78 8461.79 8459.1 8457.23 8456.01 8456.75 8458.41 8460.34 8462.2 8463.11 8463.78 8464.76 8466.14 8467.33 8476.74 8489.04 8501.77 8514.68 8526.18 8536.9 8548.29 8561.21 8575.53 8588.76 8601.67 8613.53 8622.06 8628.47 8630.95 8624.32 8615.34 8605.31 8594.98 8584.44 8574.49 8565.42 8557.4 8551.57 8547.82 8546.59 8548.1 8547.07 8546.2 8546.91 8547.86 8548.74 8549.3 8549.23 8546.97 8541.66 8547.21 8547.78 8547.09 8546.67 8544.44 8539.04 8534.3 8529.81 8526.74 8527.74 8529.17 8529.47 8528.66 8526.38 8524.22
8447.75 8451.55 8454.36 8455.33 8455.12 8454.69 8455.1 8456.38 8457.61 8459.52 8461.16 8461.86 8464.62 8469.93 8474.61 8482.63 8491.92 8501.14 8510.21 8519 8527.46 8537.68 8549 8560.87 8573.09 8584.5 8596.11 8607.51 8614.73 8619.3 8620.49 8615.91 8608.54 8600.03 8590.86 8581.49 8572.68 8564.88 8556.95 8548.82 8542.57 8538.88 8538.65 8537.09 8536.34 8537.16 8538.26 8539.09 8539.54 8539.4 8539.05 8544.81 8540.61 8542.16 8544.44 8545.75 8543 8536.05 8529.7 8525.77 8524 8523.81 8523.99 8524.12 8523.89 8523.28 8523.88
8447.94 8448.22 8449.71 8450.78 8450.32 8451.06 8452.44 8454.43 8457.02 8460.02 8462.96 8465.71 8471.03 8480.72 8492.83 8504.72 8509.95 8515.13 8520.15 8525.07 8530.64 8539.06 8549.75 8560.75 8571.76 8582.47 8595.21 8602.8 8607.42 8608.62 8607.99 8606.33 8601.06 8593.74 8585.67 8577.2 8568.97 8561.27 8552.96 8544.09 8535.73 8528.37 8523.05 8523.57 8525.76 8527.46 8529.19 8530.28 8530.79 8530.56 8529.15 8525.78 8530.88 8535.94 8540.77 8543.72 8539.46 8530.68 8525.09 8521.89 8521.48 8521.27 8520.64 8520.66 8520.87 8521.72 8522.67
8445.7 8444.04 8443.08 8442.59 8445.04 8447.23 8449.09 8451.75 8457.08 8461.99 8467.08 8473.52 8482.96 8494.41 8510.22 8524.15 8527.62 8529.55 8531.33 8532.98 8534.41 8541.96 8551.9 8561.43 8571.07 8582.02 8592.29 8598.63 8601.75 8601.81 8600.49 8598.41 8593.52 8586.92 8579.42 8571.6 8563.77 8555.83 8547.38 8538.63 8529.4 8519.57 8509.24 8513.11 8516.62 8518.91 8520.92 8522.11 8522.87 8522.91 8522.02 8520.89 8524.73 8529.22 8534 8537.25 8529.19 8520.91 8515.34 8515.04 8517.33 8517.82 8517.22 8517.85 8518.87 8520.8 8523.68
8441.52 8439.63 8438.03 8438.02 8441.04 8444.79 8448.76 8453.33 8459.27 8464.92 8471.39 8480.35 8493.45 8508.97 8529.22 8541.49 8543.36 8543.43 8543.19 8543.34 8544.51 8549.2 8556.33 8563.3 8570.18 8578.05 8590.25 8594.78 8597.44 8598.08 8596.1 8592.1 8586.65 8580.05 8572.82 8565.33 8557.93 8550.76 8542.32 8533.51 8525.18 8517.23 8511.46 8509.65 8510.94 8512.37 8513.74 8514.49 8515.43 8516.36 8517.56 8520.29 8521.59 8521.28 8521.81 8521.19 8512.27 8508.79 8506.77 8507.84 8509.1 8510.41 8513.57 8515.48 8516.93 8519.18 8522.53
8438.17 8436.19 8434.54 8434.57 8438.22 8443.68 8450.57 8458.47 8462.72 8467.93 8474.81 8483.47 8495.39 8519.43 8544.96 8555.09 8555.93 8555.46 8554.99 8554.81 8555.65 8558.47 8562.81 8566.73 8570.33 8575.14 8585.16 8590.56 8593.42 8594.01 8591.34 8586.45 8580.27 8573.33 8565.85 8558.3 8550.97 8544.21 8536.15 8528.32 8521.57 8516.6 8512.8 8508.32 8506.85 8506.84 8507.38 8508.05 8509 8510.22 8512.17 8515.83 8515.89 8511.32 8506.83 8502.01 8499.23 8500.1 8499.56 8503.29 8506.16 8508.87 8511.74 8513.64 8515.44 8516.79 8517.96
8436.21 8434.21 8432.48 8431.76 8436.32 8442.82 8450.43 8458.57 8463.74 8469.98 8478 8487.14 8498.54 8526.31 8551.71 8561.87 8564.27 8564.81 8565.12 8565.45 8566.73 8568.62 8570.45 8571.77 8572.95 8575.54 8581.69 8587.12 8589.71 8589.64 8586.03 8580.61 8573.82 8566.55 8558.54 8550.49 8542.77 8535.69 8528.54 8522.02 8516.49 8512.94 8509.91 8505.05 8502.84 8502.15 8501.98 8502.4 8502.92 8503.58 8504.46 8506.59 8506 8500.12 8495.53 8492.92 8495.28 8497.02 8500.18 8501.57 8505.59 8511.1 8510.53 8512 8514.23 8516.05 8517.19
8435.13 8433.78 8432.73 8432.46 8436.59 8442.28 8448.33 8454.66 8461.91 8470.83 8481.53 8494.26 8510.72 8536.56 8553.86 8564.54 8569.43 8571.71 8573.05 8574.43 8576.51 8578.51 8578.33 8577.89 8577.95 8579.64 8583.19 8585.9 8586.41 8584.92 8580.37 8574.5 8567.48 8559.75 8551.34 8542.56 8533.61 8525.93 8520.22 8514.75 8509.63 8504.83 8501.82 8499.62 8498.22 8497.55 8497.35 8497.35 8497.44 8497.21 8496.14 8493.64 8489.25 8488.93 8488.04 8488.71 8490.77 8493.13 8495.43 8499.03 8502.1 8504.98 8506.96 8509.98 8513.8 8518.15 8522.08
8434.82 8434.57 8434.96 8437.04 8439.54 8442.74 8446.66 8451.52 8459.7 8471.22 8484.8 8501.18 8521.65 8541.95 8556.18 8567.22 8573.09 8576.23 8578.59 8580.74 8583.4 8586.5 8584.56 8583.54 8583.16 8584.38 8587.08 8585.93 8582.78 8578.93 8574.19 8568.42 8561.14 8553.46 8544.59 8535.39 8525.65 8517.07 8512.64 8507.79 8502.96 8498.27 8495.56 8494.34 8493.67 8493.4 8493.39 8493.57 8493.36 8492.21 8489.84 8485.42 8479.67 8482.21 8483.4 8485.64 8489.43 8493.38 8495.93 8497.4 8498.46 8498.38 8502.96 8508.09 8513.4 8519.99 8527.27
8435.05 8435.84 8437.32 8439.89 8441.87 8443.66 8446.05 8450.1 8458.36 8470.97 8486.11 8504 8524.64 8545.73 8562.76 8571.16 8575.9 8579.38 8582.26 8584.88 8587.07 8587.21 8588.74 8588.18 8586.51 8586.32 8587.35 8583.92 8578.69 8573.75 8568.84 8563.22 8556.05 8547.85 8539.1 8529.99 8520.88 8512.88 8507.16 8502.09 8497.62 8494.04 8491.35 8490 8489.55 8489.74 8490.47 8490.52 8490.36 8489.42 8487.43 8484.2 8480.85 8482.27 8484.34 8486.2 8489.72 8493.88 8496.16 8497.12 8497.56 8498.3 8501.91 8507.3 8512.56 8518.05 8526.02
8436 8436.85 8438.71 8442.65 8444.9 8443.93 8445.14 8449.37 8457.56 8469.71 8484.92 8502.81 8522.93 8545.04 8566.34 8573.11 8576.78 8580.37 8583.82 8587.2 8590.28 8592.45 8593.67 8592.74 8590.59 8587.27 8582.83 8578.13 8574.22 8569.88 8565.13 8559.41 8552.18 8543.56 8534.79 8526.04 8518.07 8509.99 8502.95 8497.15 8492.7 8489.77 8487.21 8486.34 8486.43 8486.87 8487.47 8488.05 8488.3 8488.07 8487.51 8486.75 8486.92 8486.52 8485.78 8486.29 8487.19 8490.94 8496.29 8498.14 8498.87 8499.71 8503.08 8508.43 8512.73 8515.57 8521.44
8437.01 8436.68 8437.68 8441.07 8443.11 8440.95 8442.07 8447.07 8455.81 8466.71 8481.42 8498.91 8519.32 8545.48 8563.69 8569.87 8574.28 8578.72 8583.17 8587.61 8592.27 8597.31 8598.31 8596.75 8594.21 8588.68 8580.63 8574.44 8572.33 8568.35 8563.11 8556.9 8549.28 8540.76 8531.51 8522.17 8513.77 8506.03 8498.87 8492.7 8487.46 8483.81 8482.37 8482.63 8483.36 8484.45 8485.62 8486.82 8487.16 8487.66 8488.35 8489.51 8492.59 8491.35 8488.8 8487.77 8487.89 8494.28 8498.53 8500.43 8501.99 8503.28 8506.8 8512.52 8516.22 8517.32 8519.54
