real_craters/C181-500m.grd
DSAA
309 309
-76.9825 76.9825
-76.9825 76.9825
6829.6165775947 9306.9676752765
[rows 0 to 29 of 309, columns 201 to 267 of 309]
8847 8859.35 8902.18 8957.83 8986.3 8991.71 8990 8992.15 9019.94 9037.01 9022.37 9034.89 9043.17 9044.68 9034.82 9028.66 9026.7 9028.32 9036.11 9048.12 9063.24 9082.33 9101.38 9120.52 9133.77 9145.56 9152.83 9151.11 9154.74 9152.48 9126.53 9101.17 9100.4 9110.1 9115.04 9097.99 9105.04 9120.96 9139.2 9158.15 9167.02 9173.41 9163.28 9169.88 9165.6 9157.37 9150.45 9140.19 9134.33 9139.64 9145.75 9142.71 9136.63 9124.65 9111.76 9116.1 9146.79 9144.75 9128.96 9132.8 9133.09 9124.32 9113.19 9098.13 9075.84 9051.21 9023.49
8793.88 8807.41 8844.19 8908.48 8917.57 8896.3 8918.47 8942.15 8951.75 8973.55 8969.52 8973.17 8973.18 8973.99 8983.4 8995.5 9007.05 9017.14 9029.39 9043.63 9059.91 9076.89 9096.18 9116.19 9125.68 9139.55 9139.77 9127.66 9126.18 9127.28 9112.89 9090.93 9091.14 9100.51 9105.69 9090.62 9101.69 9116.78 9130.63 9146.7 9147.67 9153.9 9140.66 9150.73 9143.4 9141.44 9142.64 9125.89 9116.16 9119.03 9128.19 9129.22 9124.45 9115.85 9098.14 9087.38 9108.16 9116.77 9111.94 9098.05 9102.59 9110.62 9114.51 9113.38 9094.71 9064.32 9037.29
8764.32 8782.03 8829.74 8879.97 8876.27 8846.75 8860.25 8881.55 8884.6 8893.26 8909.65 8912.66 8912.02 8910.45 8936.05 8963.41 8985.5 9002.99 9019.55 9035.67 9051.22 9066.98 9087.05 9112.72 9138.01 9143.51 9135.32 9123.16 9120.95 9123.51 9108.32 9090.71 9084.78 9085.44 9087.25 9090.43 9098.78 9106.71 9108.79 9105.13 9100.46 9097.2 9077.84 9118.69 9116.78 9120.23 9120.12 9108.1 9100.8 9105.27 9116.5 9117.46 9112.38 9107.58 9097.21 9063.56 9081.71 9089.13 9088.77 9079.47 9082.04 9096.32 9112.15 9124.61 9115.99 9086.29 9055.75
8749.97 8770.99 8821.22 8863.81 8863.28 8822.24 8816.58 8826.53 8837.87 8845.35 8851.85 8864.66 8877.21 8885.84 8910.76 8938.49 8962.62 8985.37 9005.25 9023.64 9040.48 9055.05 9073.96 9097.84 9120.18 9129.74 9129.71 9130.75 9123.15 9115.39 9104.23 9090.62 9081.18 9072.89 9071.76 9082.84 9096.6 9099.95 9088.16 9068.47 9045.8 9013.21 9017.62 9051.85 9081.52 9101.53 9096.35 9076.29 9074.02 9085.8 9109.42 9105.41 9095.67 9084.69 9069.93 9041.07 9060.13 9061.05 9054.72 9052.63 9061.29 9079.42 9103.62 9128.95 9133.06 9115.95 9074.85
8741.48 8764.35 8796.53 8836.34 8858.56 8800.48 8779.4 8787.25 8804.93 8825.27 8833.32 8850.81 8863.75 8880.06 8899.16 8921.03 8944.63 8967.07 8989.01 9010.39 9029.82 9044.79 9058.27 9072.06 9091.29 9103.88 9110.9 9121.49 9114.47 9105.8 9100.74 9095.81 9080.67 9068.08 9065.85 9076.18 9088.51 9089.69 9075.86 9049.79 9012.34 8978.48 8976.75 8997.09 9051.44 9071.55 9060.72 9038.86 9050.1 9080.37 9098.16 9089.21 9074.19 9054.04 9031.09 9018.72 9033.97 9034.2 9029.24 9021.31 9035.03 9056.73 9083.63 9117.94 9139.67 9120.26 9088.04
8723.09 8737.07 8756.16 8791.84 8814.78 8763.83 8744.07 8751.07 8779.77 8804.59 8817.99 8841.43 8853.72 8869.76 8887.65 8908.19 8929.75 8952.05 8973.84 8997.51 9021.1 9041.73 9042.9 9040.35 9047.62 9064.25 9075.89 9085.49 9091.8 9094.06 9095.89 9094.45 9079.1 9063.64 9055.2 9064.36 9079.64 9079.46 9065.48 9036.81 8996.6 8965.69 8950.1 8973.09 9012.8 9022.9 9016.21 9008.36 9029.71 9063.33 9074.19 9071.81 9052.82 9029.44 9007.79 8997.64 9004.5 9010.22 9009.13 9002.46 9011.38 9029.5 9051.67 9075.54 9120.88 9117.39 9098.24
8691.31 8697.27 8712.04 8730.44 8739.27 8726.48 8720.04 8728.54 8748.53 8771.39 8789.54 8818.25 8837.46 8855.02 8873.54 8894.21 8916.21 8937.78 8959.08 8981.55 9004.26 9025.95 9021.85 9011.84 9009.3 9026.52 9039.04 9055.11 9065.76 9081.24 9093.47 9088.9 9075.61 9061.85 9048.55 9054.44 9068.27 9066.87 9053.52 9024.72 8986.18 8956.28 8945.04 8943.45 8958.58 8961.61 8972.45 8984.73 9012.49 9044.83 9074.2 9059.05 9033.73 9007.37 8988.37 8980.47 8983.84 8989.7 8992.88 8989.16 8990.86 9003.04 9019.5 9040.52 9076.6 9096.21 9096.25
8652.81 8655.14 8670.17 8696.52 8701.65 8701.85 8706.14 8713.09 8724.27 8743.51 8765.19 8795.8 8820.49 8839.92 8858.35 8880.62 8902.04 8922.67 8942.9 8961.45 8979.13 8991.25 8997.14 8998.09 9005.39 8997.37 8995.02 9007.11 9031.66 9059.59 9077.95 9074.1 9067.68 9063 9052.04 9051.83 9055.2 9047.94 9038.47 9010.42 8976.17 8949.37 8932.87 8921.47 8931.18 8937.3 8954.33 8974.11 9015.45 9047.56 9059.35 9043.66 9015.03 8984.29 8967.19 8964.15 8966.35 8972.29 8977.4 8972.97 8971.31 8980.07 8991.99 9006.63 9029.3 9058.12 9077.19
8597.42 8599.99 8627.74 8662.28 8674.49 8685.37 8699.94 8701.05 8712.61 8730.83 8759.02 8785.81 8809.11 8828.41 8847.27 8869.22 8889.18 8907.63 8925.49 8941.61 8954.13 8963.05 8974.58 8982.23 8981.05 8960.03 8943.57 8950.86 8989.64 9030.28 9062.88 9059.09 9049.22 9049.07 9056.1 9045.98 9030.63 9019.19 9002.52 8983.3 8957.35 8932.3 8916.47 8909.98 8916.82 8928.97 8959.33 8989.42 9016.27 9037.31 9042.13 9027.44 8998.7 8965.37 8949.28 8945.26 8947.83 8955.46 8960.85 8957.1 8954.04 8961.1 8971.45 8984.94 9011.76 9033.6 9051.39
8551.37 8560.4 8590.52 8623.88 8648.81 8669.45 8679.46 8687.45 8707.96 8731.5 8750.94 8772.15 8797.87 8820.95 8840.42 8858.46 8874.83 8890.21 8905.72 8920.38 8933.15 8941.3 8948.21 8954.5 8932.76 8918.06 8903.93 8912.15 8949.13 8991.25 9034.52 9023.7 9011.8 9026.8 9053.6 9030.94 9007.09 8989.22 8973.85 8959.41 8939.8 8917.22 8906.1 8900.88 8908.59 8933.05 8969.19 8998.22 9002.63 9014.65 9024.05 9011.17 8986.12 8957.15 8936.78 8926.25 8929.87 8939.26 8945.5 8941.12 8937.3 8944.65 8956.24 8972.42 8986.8 9001.74 9019.58
8527.85 8536.57 8563.12 8590.24 8618.82 8647.11 8659.7 8678.76 8706.75 8733.2 8745.74 8768.6 8793.69 8814.65 8833.54 8845.67 8856.92 8869.98 8883.34 8897.75 8912.04 8917.38 8915.36 8908.05 8899.86 8889.28 8876.51 8884.11 8911.39 8939.69 8948.77 8957.51 8956.37 8975.57 9019.16 8997.17 8972.39 8963.09 8950.59 8943.22 8938.53 8916.81 8895.5 8895.7 8919.65 8946.57 8966.69 8982.97 8987.37 8994.35 8999.3 8991.85 8973.88 8955.41 8924.89 8908.41 8913.65 8924.52 8935.61 8928.76 8921.16 8931.35 8937.98 8940.84 8946.89 8963.98 8982.62
8523.93 8531.01 8548.3 8568.54 8595.32 8636.59 8663.08 8682.33 8708.1 8735.3 8757.65 8773.93 8792.83 8805.94 8818.73 8827.38 8834.8 8845.05 8858.57 8872.89 8885.68 8887.01 8882.18 8886.15 8886.98 8868.79 8852.58 8858.81 8878.89 8897.25 8907.01 8911.06 8910.11 8929.57 8967.15 8956.93 8943.45 8944.98 8942.24 8925.17 8907.64 8909.58 8880.69 8899.82 8928.07 8945.62 8950.6 8960.23 8965.1 8973.49 8976.89 8970.49 8955.66 8938.14 8918 8894.67 8900.47 8908 8916.74 8919.32 8923.22 8925.8 8924.27 8913.6 8920.44 8931.48 8944.07
8523.47 8529.06 8543.39 8563.75 8595.01 8636.21 8672.43 8690.84 8710.21 8739.84 8765.22 8770.08 8779.84 8790.12 8799.11 8802.93 8807.16 8817.4 8829.49 8843.83 8853.44 8851.71 8845.21 8862.98 8873.03 8849.04 8831.92 8837.17 8853.26 8871.68 8881.93 8889.4 8890.64 8907.12 8930.78 8930.19 8926.48 8929.4 8925.13 8905.2 8886.4 8882.27 8872.68 8901.4 8911.52 8919.78 8930.33 8943.75 8955.54 8954.26 8949.5 8941.86 8931.25 8927.47 8918.63 8887.92 8887.3 8888.91 8894.84 8903.76 8919.32 8918.64 8917.05 8900.14 8891.03 8901.83 8913.6
8524.8 8529.03 8543.27 8563.69 8591.4 8642.19 8667.72 8689.69 8709.43 8733.16 8741.96 8742.91 8768.79 8764.75 8759.46 8760.51 8771.43 8784.61 8799.08 8813.84 8825.71 8816.48 8804.66 8820.85 8835.36 8821.59 8810.98 8817.08 8833.62 8850.51 8862.31 8871.41 8886.85 8903.8 8915 8915.85 8915.9 8915.65 8907.34 8888.76 8867.59 8854.89 8865.75 8885.53 8884.5 8896.17 8921.62 8935.42 8940.51 8935.2 8919.11 8898.26 8899.29 8897.52 8898.5 8880.76 8876.58 8872.06 8870.19 8880.99 8886.32 8900.47 8909.79 8890.56 8877.71 8881.06 8891.35
8519.17 8529.67 8545.67 8565.58 8593.88 8634.45 8672.39 8692.26 8706.44 8719.12 8711.79 8716.74 8726.8 8720.59 8713.47 8714.97 8735.87 8752.18 8764.65 8775.81 8788.32 8776.95 8765.02 8779.58 8794.98 8791.75 8788.39 8797.95 8813.95 8831.08 8840.22 8843.33 8871.09 8892.25 8904.84 8910.21 8909.48 8906.05 8897.45 8881.95 8861.25 8849.06 8868.86 8885.64 8875.83 8901.13 8905 8926.27 8937.01 8921.35 8897.32 8874.04 8871.05 8875.9 8875.42 8870.16 8864.29 8860.44 8861.55 8866.08 8872.85 8890.71 8908.19 8888.25 8866.1 8864.67 8870.28
8523.49 8534.18 8550.24 8569.46 8591.54 8638.01 8676.22 8687.53 8690.48 8690.91 8687.59 8684.35 8673.88 8678.57 8686.78 8695.75 8713.14 8725.28 8732 8732.89 8726.3 8734.83 8736.65 8751.47 8767.44 8765.85 8764.29 8776.79 8792.39 8806.57 8815.97 8825.52 8855.42 8878.24 8894.55 8904.8 8900.45 8896.01 8890.03 8881.87 8867.26 8855.65 8870.43 8871.45 8863.46 8883.24 8885.82 8917.03 8930.72 8908.8 8882.82 8859.8 8844.45 8842.95 8855.51 8857.65 8851.51 8846.5 8846.89 8854.29 8867.79 8880 8884.33 8871.2 8856.17 8849.2 8849.5
8533.86 8542.03 8555.63 8575.01 8600.81 8635 8658.43 8666.04 8668.88 8670.65 8668.69 8663.61 8656.78 8661.52 8677.92 8693.71 8702.85 8706.82 8707.4 8704.19 8701.64 8710.15 8719.82 8750.71 8751.65 8746.82 8746.44 8756.95 8768.77 8782.31 8794.69 8809.49 8839.97 8879.29 8887.64 8885.59 8882.77 8879.77 8879.11 8879.47 8871.83 8863.12 8857.18 8834.38 8828.12 8844.57 8885.86 8905.07 8908.52 8892.08 8869.63 8848.01 8838.34 8836.23 8840.86 8845.78 8841.38 8834.59 8834.55 8839.86 8844.94 8847.21 8847.2 8842.94 8841.06 8834.85 8832.36
8527.54 8542.58 8557.46 8575.97 8599.18 8620.44 8628.7 8638.76 8648.34 8654.47 8654.08 8653.26 8648.84 8655.3 8674.95 8696.12 8696.55 8694.52 8691.84 8688.96 8690.63 8701.6 8713.52 8734.58 8737.03 8731.98 8730.76 8738.2 8746.72 8757.98 8773.76 8796.6 8826.2 8868.87 8875.16 8865.55 8862.89 8857.37 8862.92 8872.57 8871.83 8859.45 8842.71 8824 8811.14 8845.72 8881.1 8889.08 8887.4 8874.9 8856.44 8838.23 8828.77 8821.29 8862.17 8846.83 8828.14 8827.74 8827.85 8827.59 8826.13 8824.76 8830.01 8835.02 8832.23 8823.79 8820.31
8528.79 8542.15 8553.85 8568.17 8584.28 8596.52 8615.31 8636.42 8645.72 8645.22 8645.56 8645.49 8650.48 8658.82 8671.34 8680.4 8685.23 8683.74 8680.9 8679.1 8684.13 8698.18 8715.25 8719.66 8720.04 8720.15 8720.29 8722.52 8727.28 8732.84 8752.96 8777.01 8807.91 8848.13 8858.6 8858.18 8848.9 8839.48 8846.22 8854.46 8859.75 8848.4 8837.54 8829.44 8832.59 8847.34 8862.66 8873.53 8871.47 8860.6 8844.26 8827.68 8818.27 8812.7 8807.13 8820.71 8818.2 8821.59 8820.6 8818.68 8817.36 8817.43 8822.07 8823.09 8821.07 8815.37 8813.38
8549.39 8540.59 8541.95 8551.84 8568.58 8587.09 8608.47 8621.42 8625.25 8631.84 8635.19 8648.9 8659.68 8663.53 8669.41 8675.45 8676.52 8674.02 8670.32 8666.18 8672.62 8689.76 8703.03 8698.27 8693.52 8698.33 8703.19 8707.92 8715.41 8721.93 8739.55 8759.06 8777.76 8800.09 8834.3 8847.78 8836.16 8828.97 8833 8841.7 8842.75 8843.34 8852.28 8849.87 8846.03 8847.05 8852.19 8862.09 8859.24 8846.68 8831.29 8815.59 8805.63 8805.89 8803.71 8806.39 8809.51 8807.32 8808.67 8810.55 8812.41 8814.72 8813.08 8812.24 8810.56 8809.16 8811.54
8536.58 8517.81 8513.8 8522.84 8543.96 8573.96 8587.43 8600.08 8608.12 8621.93 8635.3 8650.74 8661.38 8663.67 8666.98 8668.43 8667 8663.93 8661.08 8659.63 8660.98 8668.77 8676.71 8658.56 8651.69 8655.57 8672 8692.94 8712.93 8726.8 8733.61 8741.93 8748.4 8766.81 8804.18 8823 8817.08 8811.81 8817.02 8829.21 8829.84 8852.07 8880.12 8869.12 8846.97 8836.46 8826.69 8844.71 8843.18 8832.85 8820.17 8807 8795.17 8792.21 8797.48 8798.27 8802.33 8799.45 8799.12 8802.28 8805.8 8809.11 8806.61 8803.83 8801.32 8801.95 8809.44
8466.33 8469.77 8472.42 8479.76 8495.4 8527.87 8556.69 8582.8 8597.64 8613.63 8630.19 8643.93 8659.76 8663.94 8658.75 8654.94 8653.05 8650.08 8649.96 8650.12 8643.17 8630.58 8606.07 8600.12 8603.29 8607.83 8640.72 8678.68 8712.13 8728.05 8724.34 8720.45 8723.51 8743.83 8776.11 8792.98 8793.75 8793.03 8796.28 8805.71 8823.8 8856.79 8873.71 8861.88 8839.79 8825.85 8806.68 8819.81 8824.45 8819.27 8811.02 8803.36 8799.05 8792.87 8783.9 8788.28 8791.78 8790.07 8790.54 8793.08 8796.73 8801.85 8798.48 8792.76 8790.65 8791.18 8792.68
8407.35 8419.28 8425.71 8429.66 8432.23 8444.84 8499 8543.31 8583.96 8596.33 8611.38 8630.28 8651.62 8646.16 8636.48 8630.26 8628.93 8629.83 8633.78 8634.41 8621.06 8598.53 8563.86 8560.33 8570.74 8586.61 8622.99 8667.85 8706.65 8721.61 8706.24 8690.41 8686.57 8723.46 8761.8 8773.91 8766.83 8765.17 8776.29 8795.13 8831.39 8857.58 8856.94 8844.44 8830.99 8818.9 8809.06 8810.38 8812.97 8808.43 8800.76 8795.65 8797.94 8796.72 8784.12 8779.21 8779.23 8781.02 8780.67 8781.55 8783.16 8782.32 8776.83 8777.53 8778.03 8781.47 8789.42
8372.89 8381.48 8385.5 8385.05 8381.51 8387.49 8417.21 8464.69 8537.57 8558.93 8580.79 8607.3 8634.01 8615.12 8600.55 8594.23 8593.73 8603.3 8614.75 8616.51 8599.59 8571.45 8538.74 8539.22 8557.74 8582.73 8613.67 8651.78 8689.74 8699.99 8678.69 8662.01 8669.28 8710.84 8755.02 8759.49 8746.8 8746.58 8763.29 8791.1 8835.22 8858.65 8836.25 8818.4 8814.14 8821.55 8826.22 8818.25 8811.56 8802.02 8789.63 8777.72 8772.58 8775 8773.25 8769.21 8764 8766.71 8768.24 8769.71 8770.11 8766.21 8758.13 8758 8765.64 8774.06 8783.77
8356.93 8356.44 8355.91 8353.34 8349.68 8354.82 8373.44 8397.11 8451.85 8504.23 8550.28 8596.36 8609.36 8579.21 8560.54 8556.66 8554.16 8575.4 8594.74 8602.79 8579.98 8552.84 8527.16 8530.09 8551.45 8577.18 8599.27 8625.28 8652.83 8657.68 8640.51 8632.16 8654.64 8697.03 8740.5 8739.68 8729.81 8735.9 8756.31 8786.32 8833.7 8851.16 8822.85 8799.46 8799.49 8821.39 8832.76 8827.37 8811.82 8797.95 8782.72 8764.89 8754.08 8758.2 8763.26 8762.39 8755.5 8752.04 8756.77 8759.15 8759.45 8759.21 8748.87 8746.54 8757.83 8770.81 8784.66
8342.22 8338.99 8336.85 8334.01 8332.42 8336.9 8347.44 8360.44 8392.49 8453.24 8514.21 8560.09 8575.53 8543.3 8524.96 8527.51 8532.93 8550.32 8569.45 8575.84 8552.23 8531.03 8511.34 8523.48 8546.69 8566.14 8580.54 8590.11 8595.18 8599.78 8597.22 8600.35 8630.74 8665.44 8697.91 8707.5 8708.28 8726.36 8751.85 8780.55 8824.32 8842.54 8816.46 8793.82 8787.81 8795.29 8815.67 8816.89 8807.5 8795.35 8781.58 8765.17 8750.68 8751.28 8760.18 8763.53 8761.09 8752.9 8752.01 8750.89 8748.62 8743.1 8740.68 8740.15 8753.6 8769.89 8784.99
8326.77 8324.77 8322.15 8319.66 8318.55 8323.68 8333.05 8338.49 8357.73 8415.06 8485.79 8544.99 8542.46 8512.86 8500.88 8505.77 8516.3 8523.53 8532.07 8531.74 8510.48 8491.47 8490.11 8516.79 8549.8 8566.03 8563.6 8558.21 8550.47 8555.84 8560.99 8571.24 8596 8617.79 8641.35 8680.17 8704.23 8731.59 8756.55 8785.79 8819.19 8832.04 8814.47 8782.6 8778.26 8788.12 8799.89 8802.57 8801.78 8794.53 8784.77 8774.13 8758.85 8748.87 8756.09 8767.01 8779.03 8767.81 8752.2 8745.21 8741.06 8734.78 8733.63 8736.12 8748.74 8767.52 8782.73
8314.59 8313.25 8311.16 8308.91 8307.54 8312.11 8319.85 8329.8 8337.73 8385.75 8457.61 8528.74 8533.26 8498.4 8486.94 8487.26 8486.31 8486.15 8483.28 8477.08 8465.22 8455.33 8472.61 8505.13 8543.84 8556.85 8547.05 8534.27 8522.48 8529.21 8538.7 8553.11 8573.56 8598.88 8630.93 8668.64 8715.45 8746.13 8775.87 8801.81 8813.55 8802.55 8781.21 8759.52 8765.49 8782.71 8790.87 8797.8 8802.11 8797.19 8787.77 8779.87 8766.8 8738.15 8745.39 8763.46 8778.87 8764.11 8744.37 8737.36 8735.41 8731.43 8720 8725.48 8737.41 8753.96 8771.46
8306.34 8305.06 8303.02 8300.59 8299.61 8303.62 8310.9 8321.03 8327.27 8362.93 8424.51 8472.36 8511.04 8489.53 8473.14 8470.09 8465.47 8458.36 8445.27 8436.71 8431.27 8431.3 8457.61 8493.95 8526.77 8537.36 8528.88 8516.27 8509.14 8515.62 8528.73 8550.51 8574.86 8589.5 8608.59 8645.74 8694.82 8743.66 8799.6 8807.58 8797.49 8775.2 8747.16 8725.56 8743.65 8770.58 8791.1 8807.43 8808.6 8800.14 8786.08 8765.38 8757.14 8725.05 8733.02 8753 8767.38 8747.07 8726.62 8726.07 8727.95 8724.65 8710.3 8715.76 8719.5 8726.83 8739.55
8302.93 8300.64 8298.61 8296.06 8293.99 8298.92 8305.32 8312.2 8320.85 8347.3 8402.54 8458 8489.62 8470.74 8453.87 8448.61 8442.21 8435.14 8423.5 8415.94 8413.04 8417.88 8443.77 8480.26 8514.17 8519.16 8509.6 8497.35 8498.9 8506.51 8520.75 8545.09 8566.43 8572.77 8588.62 8612.6 8649.29 8712.51 8772.33 8788.99 8772.34 8760.36 8726.74 8702.46 8718.62 8754.24 8794.73 8814.81 8812.32 8804.18 8792.54 8771.63 8749.09 8724.06 8725.57 8739.52 8749.36 8729.14 8711.62 8714.23 8717.52 8712.62 8695.36 8695.47 8699.03 8705.83 8713.82
