real_craters/C181-750m.grd
DSAA
206 206
-76.9825 76.9825
-76.9825 76.9825
6827.549510887 9293.9569724435
[rows 76 to 113 of 206, columns 0 to 83 of 206]
8999 8988 8973 8958 8945 8927 8896 8866 8845 8844 8832 8808 8797 8776 8768 8775 8791 8801 8809 8811 8811 8801 8797 8795 8800 8801 8790 8772 8760 8757 8772 8771 8749 8705 8720 8741 8724 8710 8703 8699 8707 8691 8695 8682 8654 8621 8587 8566 8558 8554 8549 8543 8535 8527 8520 8514 8512 8510 8512 8511 8508 8507 8506 8510 8523 8517 8505 8518 8590 8670 8715 8730 8729 8720 8708 8694 8687 8688 8696 8694 8702 8714 8752 8759
8990 8976 8951 8923 8903 8884 8876 8866 8857 8859 8844 8823 8841 8819 8805 8799 8802 8811 8818 8819 8817 8807 8801 8804 8816 8811 8794 8779 8767 8780 8806 8773 8759 8754 8735 8723 8718 8708 8699 8716 8749 8744 8708 8680 8649 8615 8579 8564 8561 8556 8550 8543 8535 8528 8521 8514 8513 8513 8517 8518 8515 8510 8507 8509 8530 8529 8535 8557 8608 8666 8708 8726 8721 8715 8708 8699 8698 8703 8706 8721 8755 8794 8842 8868
8975 8942 8914 8881 8864 8856 8868 8871 8874 8871 8875 8882 8876 8853 8822 8806 8814 8825 8831 8830 8823 8815 8816 8822 8821 8808 8791 8774 8769 8792 8780 8775 8761 8749 8742 8740 8732 8721 8727 8759 8770 8754 8719 8684 8651 8619 8592 8578 8571 8562 8554 8545 8537 8529 8522 8516 8516 8514 8519 8525 8519 8514 8513 8525 8537 8535 8545 8582 8625 8665 8698 8717 8724 8717 8711 8708 8712 8717 8731 8762 8821 8914 8949 8949
8936 8896 8882 8867 8871 8875 8882 8884 8888 8900 8920 8903 8884 8862 8834 8824 8832 8841 8847 8846 8838 8831 8831 8830 8820 8808 8791 8783 8796 8802 8785 8778 8764 8744 8751 8757 8753 8745 8759 8777 8773 8751 8719 8684 8652 8626 8605 8593 8580 8569 8558 8548 8539 8530 8522 8517 8514 8511 8516 8521 8519 8515 8514 8520 8538 8538 8565 8601 8641 8678 8710 8723 8725 8715 8718 8724 8732 8740 8759 8790 8864 8956 8979 8975
8893 8880 8892 8907 8913 8910 8904 8910 8910 8910 8906 8896 8880 8864 8848 8837 8849 8858 8866 8864 8857 8853 8847 8831 8818 8807 8796 8794 8809 8808 8788 8778 8770 8760 8774 8779 8776 8767 8772 8774 8765 8739 8710 8681 8653 8629 8611 8598 8585 8572 8560 8550 8540 8531 8523 8516 8512 8511 8513 8518 8519 8514 8512 8520 8545 8549 8581 8613 8649 8687 8720 8740 8742 8745 8753 8758 8766 8781 8811 8858 8936 9020 9031 8991
8894 8909 8924 8935 8921 8898 8914 8926 8923 8915 8902 8886 8882 8875 8867 8869 8872 8877 8879 8877 8870 8861 8843 8827 8820 8814 8808 8804 8805 8795 8779 8770 8764 8781 8792 8792 8786 8776 8772 8769 8749 8723 8699 8672 8647 8625 8611 8597 8586 8574 8562 8552 8542 8532 8523 8514 8510 8507 8509 8514 8517 8516 8515 8518 8562 8564 8584 8613 8650 8696 8731 8751 8758 8766 8804 8801 8801 8818 8865 8956 9038 9066 9017 9007
8940 8966 8954 8942 8921 8906 8926 8943 8934 8921 8905 8898 8894 8890 8886 8884 8891 8892 8891 8886 8876 8860 8840 8830 8818 8808 8806 8796 8789 8782 8773 8772 8776 8799 8811 8796 8778 8774 8769 8761 8729 8708 8684 8660 8637 8615 8601 8596 8585 8575 8564 8554 8543 8534 8525 8518 8510 8507 8510 8513 8515 8517 8522 8527 8547 8561 8585 8621 8665 8707 8747 8756 8765 8777 8819 8822 8822 8835 8877 8953 9023 9023 9006 9024
8996 8992 8966 8942 8920 8923 8934 8945 8941 8930 8916 8908 8907 8905 8904 8906 8907 8905 8902 8894 8885 8862 8834 8826 8812 8798 8801 8787 8780 8777 8778 8784 8795 8812 8818 8798 8781 8776 8758 8742 8721 8692 8670 8649 8629 8610 8595 8590 8583 8574 8564 8554 8545 8536 8527 8519 8513 8509 8513 8522 8514 8521 8532 8547 8532 8563 8585 8625 8672 8714 8750 8763 8779 8796 8812 8823 8834 8846 8877 8950 9018 9015 9034 9018
8997 8983 8974 8955 8937 8944 8948 8956 8950 8942 8934 8930 8923 8916 8914 8913 8911 8913 8921 8928 8899 8874 8835 8817 8806 8794 8793 8781 8777 8778 8784 8796 8809 8824 8812 8795 8781 8767 8749 8731 8706 8679 8658 8638 8620 8608 8605 8591 8580 8571 8562 8553 8545 8537 8531 8525 8517 8512 8511 8512 8508 8522 8538 8551 8540 8559 8581 8630 8679 8722 8751 8771 8783 8784 8794 8825 8859 8888 8928 9018 9064 9068 9046 8905
8990 8982 8981 8968 8953 8957 8966 8964 8958 8952 8949 8941 8927 8924 8920 8915 8911 8912 8909 8885 8892 8887 8846 8812 8797 8785 8790 8788 8784 8781 8792 8807 8825 8825 8798 8786 8774 8761 8743 8721 8693 8666 8648 8629 8611 8593 8587 8583 8575 8567 8559 8551 8543 8537 8533 8529 8520 8511 8507 8506 8511 8524 8538 8545 8537 8557 8588 8645 8700 8739 8760 8775 8780 8780 8796 8840 8892 8952 9015 9085 9126 9093 9002 8850
8992 8985 8981 8974 8962 8981 8971 8965 8963 8961 8959 8950 8940 8934 8927 8921 8914 8908 8895 8870 8881 8877 8846 8806 8795 8787 8799 8800 8790 8789 8798 8809 8822 8818 8804 8785 8763 8749 8730 8703 8680 8659 8643 8624 8606 8586 8574 8574 8569 8562 8554 8547 8540 8535 8534 8529 8521 8513 8509 8513 8518 8527 8536 8540 8539 8554 8603 8664 8726 8757 8777 8788 8780 8790 8808 8855 8915 8993 9085 9017 8932 8867 8775 8640
9001 8995 8993 8990 8989 8994 8964 8965 8968 8969 8967 8959 8956 8946 8935 8925 8916 8910 8906 8924 8883 8849 8819 8807 8802 8796 8799 8813 8798 8797 8799 8803 8806 8806 8805 8782 8756 8734 8710 8689 8671 8659 8639 8620 8604 8593 8584 8573 8566 8559 8552 8544 8537 8530 8528 8527 8522 8517 8515 8518 8522 8529 8540 8547 8550 8576 8621 8682 8730 8760 8775 8785 8806 8817 8828 8867 8902 8950 8989 8837 8686 8603 8517 8394
9025 9020 9014 9015 9012 8991 8974 8975 8976 8978 8979 8980 8970 8951 8936 8927 8920 8906 8891 8867 8852 8836 8822 8819 8812 8808 8811 8817 8804 8797 8794 8794 8789 8781 8781 8764 8739 8714 8692 8681 8661 8644 8632 8614 8598 8587 8580 8569 8561 8554 8547 8541 8534 8527 8521 8524 8522 8518 8518 8519 8518 8529 8546 8558 8563 8591 8653 8707 8746 8769 8778 8789 8840 8834 8851 8865 8861 8838 8777 8628 8522 8435 8367 8245
9047 9048 9047 9038 9030 9002 8988 8988 8988 8988 8988 8982 8964 8944 8928 8917 8909 8892 8876 8849 8844 8842 8833 8828 8823 8810 8807 8807 8795 8792 8794 8792 8782 8764 8743 8730 8713 8700 8682 8673 8658 8642 8625 8607 8587 8568 8563 8558 8553 8547 8542 8537 8533 8529 8527 8526 8522 8518 8516 8518 8522 8534 8556 8571 8579 8611 8682 8735 8771 8793 8796 8797 8820 8849 8894 8864 8805 8719 8592 8476 8417 8367 8352 8236
9057 9062 9061 9052 9045 9027 9009 9001 8999 8996 8992 8971 8947 8928 8913 8896 8876 8876 8874 8875 8870 8859 8848 8827 8818 8807 8798 8798 8792 8798 8802 8799 8792 8780 8759 8739 8717 8693 8677 8660 8651 8636 8618 8599 8581 8562 8553 8550 8546 8542 8538 8534 8533 8533 8531 8529 8523 8518 8514 8518 8526 8540 8569 8587 8594 8634 8693 8757 8797 8820 8813 8810 8822 8862 8920 8857 8755 8627 8487 8398 8360 8344 8359 8216
9061 9059 9052 9055 9056 9056 9046 9020 9009 9000 8986 8956 8928 8914 8902 8888 8871 8871 8875 8880 8878 8867 8853 8831 8820 8807 8801 8801 8795 8805 8811 8807 8799 8789 8773 8742 8711 8693 8678 8649 8640 8626 8612 8593 8577 8563 8550 8545 8541 8538 8535 8532 8530 8532 8534 8527 8522 8518 8516 8517 8522 8548 8588 8610 8621 8665 8731 8768 8796 8820 8817 8819 8821 8876 8922 8849 8713 8565 8430 8369 8371 8321 8333 8170
9064 9059 9054 9060 9068 9087 9077 9041 9024 9006 8986 8952 8924 8910 8901 8892 8885 8880 8880 8877 8870 8868 8858 8837 8827 8814 8804 8798 8792 8803 8814 8811 8800 8789 8766 8728 8703 8693 8674 8654 8635 8620 8609 8588 8561 8544 8543 8539 8536 8533 8530 8527 8524 8522 8520 8521 8520 8518 8516 8518 8526 8558 8619 8640 8650 8701 8734 8759 8776 8787 8810 8828 8847 8891 8967 8843 8680 8511 8367 8298 8308 8266 8287 8120
9067 9062 9061 9068 9077 9095 9110 9076 9046 9011 8982 8955 8927 8912 8904 8899 8895 8890 8887 8885 8885 8883 8867 8844 8830 8817 8803 8790 8778 8792 8822 8808 8796 8784 8762 8724 8710 8699 8679 8655 8638 8640 8617 8584 8561 8550 8541 8536 8532 8529 8526 8522 8518 8513 8514 8517 8519 8520 8521 8525 8535 8570 8646 8665 8675 8723 8765 8762 8765 8772 8809 8846 8857 8866 8896 8806 8638 8455 8296 8239 8224 8215 8209 8069
9072 9065 9069 9078 9088 9102 9118 9111 9067 9021 8991 8961 8933 8917 8909 8905 8902 8897 8896 8895 8891 8887 8872 8850 8833 8817 8801 8791 8779 8782 8789 8788 8781 8770 8758 8704 8702 8696 8675 8653 8638 8620 8599 8572 8550 8542 8537 8533 8530 8527 8524 8520 8517 8514 8514 8516 8520 8523 8528 8538 8551 8589 8663 8682 8698 8740 8763 8768 8766 8775 8822 8863 8873 8859 8875 8778 8598 8400 8232 8181 8180 8204 8180 8052
9080 9074 9080 9088 9099 9105 9107 9116 9081 9031 8993 8969 8944 8923 8916 8911 8908 8903 8905 8904 8899 8898 8876 8854 8838 8820 8802 8797 8787 8778 8764 8763 8761 8757 8716 8697 8686 8666 8646 8634 8618 8600 8576 8558 8539 8533 8532 8529 8527 8524 8521 8518 8515 8513 8514 8517 8521 8528 8536 8548 8577 8620 8692 8703 8720 8753 8774 8769 8770 8785 8846 8922 8926 8866 8864 8753 8553 8346 8175 8140 8191 8206 8137 8032
9087 9087 9089 9096 9104 9103 9118 9127 9099 9055 8998 8976 8953 8932 8925 8921 8916 8915 8917 8916 8919 8903 8881 8862 8838 8822 8805 8794 8786 8781 8750 8753 8750 8724 8706 8705 8694 8671 8654 8640 8629 8593 8568 8554 8540 8532 8530 8529 8526 8523 8519 8515 8513 8511 8512 8517 8524 8533 8546 8569 8596 8640 8719 8730 8752 8801 8793 8773 8769 8782 8833 8883 8825 8850 8833 8708 8504 8298 8142 8114 8206 8141 8104 7998
9103 9095 9096 9105 9113 9122 9136 9140 9123 9095 9036 8994 8965 8946 8940 8936 8933 8940 8933 8925 8912 8901 8888 8866 8840 8824 8808 8790 8789 8787 8779 8773 8767 8761 8748 8735 8719 8703 8690 8666 8649 8614 8582 8560 8545 8537 8532 8530 8527 8524 8519 8515 8510 8504 8510 8517 8525 8536 8552 8574 8610 8657 8750 8764 8777 8802 8793 8776 8767 8757 8771 8773 8806 8854 8787 8631 8445 8257 8097 8084 8094 8127 8085 7939
9112 9112 9111 9119 9129 9142 9155 9166 9147 9112 9064 9019 8977 8958 8956 8957 8957 8954 8947 8936 8925 8911 8894 8869 8847 8830 8820 8813 8796 8779 8796 8800 8787 8778 8767 8749 8729 8716 8699 8675 8650 8624 8600 8574 8550 8542 8536 8531 8528 8524 8519 8515 8511 8509 8512 8518 8525 8537 8554 8584 8616 8664 8786 8791 8781 8774 8777 8788 8776 8759 8758 8778 8813 8871 8769 8575 8390 8228 8102 8038 8041 8072 7970 7809
9119 9128 9128 9138 9149 9165 9176 9175 9168 9149 9110 9052 8998 8973 8976 8980 8982 8981 8962 8949 8935 8917 8901 8876 8855 8839 8827 8814 8795 8785 8822 8819 8793 8772 8757 8747 8725 8711 8692 8673 8656 8638 8620 8587 8561 8549 8541 8535 8532 8527 8522 8518 8515 8515 8515 8517 8523 8533 8547 8572 8619 8688 8795 8779 8772 8761 8767 8789 8783 8772 8777 8781 8809 8902 8784 8523 8331 8189 8092 8003 8012 8018 7863 7677
9134 9139 9147 9160 9173 9189 9203 9191 9193 9185 9149 9090 9037 9001 9007 9005 9000 8993 8980 8961 8942 8923 8905 8881 8860 8850 8817 8808 8801 8795 8794 8793 8785 8773 8758 8742 8721 8708 8682 8669 8652 8635 8615 8593 8575 8558 8549 8542 8537 8531 8526 8521 8515 8513 8513 8513 8516 8523 8537 8566 8634 8719 8767 8780 8774 8761 8761 8783 8777 8763 8753 8762 8815 8938 8794 8457 8266 8138 8072 8000 7951 7973 7814 7618
9152 9158 9174 9180 9191 9200 9218 9216 9220 9220 9183 9123 9063 9029 9039 9023 9014 9010 8992 8969 8948 8931 8899 8870 8845 8825 8805 8803 8820 8815 8798 8780 8774 8765 8751 8735 8717 8703 8685 8670 8662 8645 8616 8598 8570 8561 8554 8547 8542 8537 8532 8528 8521 8517 8511 8506 8504 8507 8522 8552 8643 8763 8749 8784 8776 8764 8754 8743 8753 8749 8752 8758 8821 8886 8737 8401 8217 8120 8090 8028 7891 7932 7804 7628
9174 9183 9190 9198 9198 9209 9209 9228 9261 9269 9218 9151 9086 9041 9033 9028 9019 9006 8987 8969 8951 8927 8900 8875 8856 8845 8832 8853 8839 8813 8795 8776 8766 8757 8749 8730 8708 8696 8683 8668 8655 8634 8604 8581 8570 8564 8558 8552 8546 8541 8538 8535 8533 8523 8509 8495 8488 8486 8500 8533 8628 8731 8727 8758 8766 8763 8755 8718 8715 8734 8752 8772 8837 8855 8690 8380 8190 8113 8123 8065 7877 7834 7768 7650
9190 9206 9207 9225 9237 9234 9244 9267 9294 9287 9229 9167 9118 9069 9041 9034 9023 9011 8993 8971 8948 8935 8928 8903 8863 8858 8852 8817 8792 8811 8797 8775 8760 8753 8745 8725 8698 8688 8679 8664 8644 8621 8601 8590 8581 8569 8561 8555 8549 8544 8541 8539 8539 8525 8506 8491 8479 8473 8479 8507 8607 8737 8736 8761 8763 8753 8732 8717 8706 8728 8745 8764 8834 8836 8670 8368 8173 8106 8141 8091 7899 7717 7691 7615
9202 9216 9219 9235 9241 9223 9236 9235 9251 9231 9195 9158 9128 9089 9062 9045 9028 9012 8995 8980 8965 8946 8925 8903 8879 8866 8851 8845 8858 8818 8792 8760 8757 8749 8741 8724 8713 8702 8684 8660 8638 8623 8609 8592 8580 8571 8562 8557 8550 8545 8541 8538 8535 8522 8504 8486 8472 8464 8463 8480 8579 8755 8755 8774 8764 8746 8725 8732 8736 8731 8731 8753 8805 8798 8630 8345 8155 8109 8177 8090 7923 7710 7575 7508
9184 9187 9177 9162 9157 9148 9146 9142 9168 9155 9134 9109 9105 9104 9078 9053 9030 9015 8992 8990 8975 8949 8922 8898 8890 8863 8857 8842 8825 8803 8774 8770 8764 8754 8743 8727 8712 8700 8676 8649 8629 8612 8605 8596 8579 8569 8560 8554 8547 8542 8537 8534 8530 8518 8502 8486 8469 8464 8459 8469 8552 8733 8754 8776 8758 8743 8731 8722 8726 8729 8721 8723 8767 8750 8583 8326 8145 8120 8159 8088 7947 7739 7563 7468
9126 9079 9047 9024 9041 9052 9050 9060 9114 9091 9051 9024 9028 9086 9096 9044 9008 9003 8996 8997 8976 8942 8906 8895 8884 8882 8868 8840 8812 8793 8775 8781 8774 8765 8749 8735 8714 8700 8665 8633 8614 8604 8591 8579 8573 8564 8557 8551 8545 8538 8534 8529 8526 8517 8506 8495 8484 8474 8476 8490 8550 8675 8686 8733 8741 8737 8726 8725 8738 8724 8703 8730 8747 8714 8557 8322 8155 8134 8135 8110 8003 7788 7577 7490
9047 8985 8956 8949 8965 8976 8973 8962 8953 8968 8945 8908 8873 8879 8952 8927 8922 8950 8982 8976 8951 8966 8945 8919 8897 8892 8868 8840 8819 8796 8785 8783 8784 8782 8769 8746 8728 8698 8642 8606 8597 8591 8580 8575 8566 8559 8551 8544 8538 8533 8530 8527 8526 8520 8511 8505 8500 8492 8496 8522 8565 8631 8653 8703 8730 8740 8744 8749 8739 8718 8706 8706 8738 8725 8554 8337 8184 8154 8128 8098 8027 7845 7614 7520
8956 8912 8906 8914 8922 8924 8922 8909 8895 8873 8839 8792 8726 8645 8741 8757 8787 8801 8800 8754 8847 8952 8976 8941 8912 8893 8888 8846 8811 8800 8791 8790 8792 8792 8781 8751 8729 8667 8625 8596 8588 8582 8570 8560 8553 8548 8544 8539 8533 8529 8526 8525 8527 8524 8520 8521 8523 8521 8531 8554 8573 8586 8625 8692 8723 8745 8765 8772 8746 8713 8713 8701 8734 8727 8569 8364 8193 8135 8113 8095 8035 7854 7705 7598
8867 8872 8896 8899 8884 8872 8866 8856 8805 8776 8746 8710 8673 8662 8661 8670 8674 8659 8640 8634 8722 8858 8945 8931 8920 8906 8888 8855 8825 8818 8824 8808 8796 8784 8775 8754 8729 8656 8624 8598 8586 8575 8558 8550 8544 8539 8535 8530 8525 8521 8519 8517 8522 8524 8529 8536 8543 8551 8559 8577 8594 8585 8633 8696 8726 8749 8768 8771 8748 8729 8725 8721 8741 8735 8628 8435 8232 8146 8114 8088 8014 7808 7731 7640
8790 8828 8874 8866 8829 8806 8781 8725 8693 8690 8681 8664 8646 8631 8620 8600 8605 8595 8582 8580 8610 8652 8787 8877 8899 8883 8877 8855 8837 8820 8830 8811 8799 8799 8768 8769 8753 8680 8643 8617 8589 8568 8554 8546 8536 8530 8525 8521 8516 8512 8509 8510 8514 8523 8534 8545 8552 8561 8570 8578 8580 8578 8634 8694 8728 8746 8754 8738 8731 8712 8721 8726 8754 8765 8699 8526 8303 8193 8116 8074 7994 7821 7730 7658
8738 8762 8778 8750 8754 8739 8713 8677 8651 8637 8633 8626 8620 8610 8593 8577 8571 8564 8553 8555 8553 8563 8646 8788 8886 8919 8855 8837 8817 8786 8805 8809 8783 8773 8757 8753 8750 8711 8665 8623 8592 8569 8553 8542 8531 8524 8519 8514 8509 8504 8499 8493 8505 8520 8533 8545 8555 8564 8569 8568 8556 8560 8630 8700 8734 8737 8749 8781 8759 8770 8752 8749 8782 8787 8724 8577 8397 8249 8144 8080 8010 7884 7749 7635
8710 8720 8718 8710 8701 8689 8669 8643 8620 8607 8606 8605 8600 8593 8575 8562 8555 8551 8547 8545 8539 8540 8554 8599 8759 8880 8864 8830 8805 8770 8768 8755 8750 8741 8740 8735 8732 8731 8683 8627 8591 8573 8562 8540 8524 8518 8513 8508 8504 8499 8493 8490 8505 8519 8532 8544 8554 8564 8572 8576 8572 8583 8675 8763 8736 8702 8670 8633 8562 8512 8649 8777 8819 8800 8758 8671 8489 8306 8158 8081 8018 7956 7861 7730
8690 8696 8693 8675 8671 8662 8649 8634 8613 8591 8589 8586 8581 8573 8562 8551 8546 8543 8542 8531 8532 8532 8534 8546 8586 8751 8832 8773 8788 8780 8753 8729 8731 8724 8702 8703 8714 8730 8687 8623 8586 8565 8543 8531 8519 8514 8510 8506 8502 8498 8497 8502 8510 8521 8534 8546 8557 8567 8577 8591 8599 8610 8685 8751 8716 8642 8540 8413 8369 8377 8486 8698 8792 8786 8755 8715 8583 8382 8183 8081 8016 7972 7921 7836
