real_craters/C181-1000m.grd
DSAA
89 89
-43.99 43.99
-43.99 43.99
4250.8676799692 6592.823715985
[rows 0 to 29 of 89, columns 0 to 66 of 89]
5769.32 5755.29 5775.84 5782.22 5793.97 5781.95 5771.3 5765.92 5757.26 5752.06 5752.41 5754.14 5767 5768.85 5771.74 5778.64 5770.85 5756.68 5757.02 5760.64 5765.82 5785.22 5883.82 5959.41 6018.88 6094.77 6088.7 6003.08 5979.61 5996.4 6014.27 6003.11 6010.13 6009.9 6009.04 6000.28 5988.79 5983.72 5998.21 6013.6 6025.03 6027.28 6018.88 6051.75 6064.72 6082.49 6095.82 6100.89 6126.29 6163.77 6201.63 6152.32 6117.18 6079.75 6126.91 6141.89 6059.43 5988.6 5972.64 5986.88 5971.29 5965.89 5958.48 5960.52 5985.79 6002.84 6025.52
5774.17 5766.74 5762.09 5772.35 5784.63 5779.41 5767.01 5759.66 5752.86 5751.34 5749.18 5760.14 5770.35 5768.74 5770.47 5774.95 5778.21 5787.42 5773.33 5776.37 5780.45 5778.55 5800.53 5958.74 5942.34 5982.46 5976.48 5930.46 5917.8 5941.04 5912.37 5953.12 5974.46 5985.08 6003.47 6008.13 6002.44 6004.36 6017.36 6039 6053.31 6050.94 6043.28 6059.55 6060.84 6071.7 6084.43 6100.56 6121.21 6154.74 6142.94 6067.14 6006.73 5980.86 5999.13 6022.78 6012.86 5995.15 5997.97 5993.25 5960.61 5944.93 5939.9 5942.54 5948.8 5957.62 5968.54
5788.99 5786.25 5777.99 5777.48 5777.08 5786.77 5773.36 5764.62 5758.82 5771.06 5766.74 5780.06 5775.75 5770.43 5772.62 5775.93 5780.85 5789.26 5790.39 5791.87 5802.38 5790.91 5770.48 5797.11 5820.62 5850.14 5836.72 5830.25 5836.4 5818.69 5821.08 5863.71 5913 5932.19 5953.78 5983.96 6029.22 6049.97 6049.3 6065.43 6074.13 6069.99 6056.68 6057.41 6058.05 6063.71 6068.47 6077.52 6085.15 6089.69 6051.75 5997.57 5964.85 5951.22 5947.88 5957.35 5965.39 5966.76 5966.86 5973.53 5953.06 5933.86 5919.98 5926.13 5924.54 5923.85 5938.13
5812.69 5813.76 5804.18 5793.36 5787.93 5786.28 5778.9 5773.57 5768.59 5794.58 5794.67 5826.54 5819.46 5795.56 5775.77 5770.66 5769.66 5785.94 5804.57 5821.07 5819.45 5814.39 5765.95 5754.88 5768.02 5787.96 5779.78 5786.37 5798.37 5801.23 5783.55 5798.71 5828.86 5879.09 5913.22 5945.22 5989.8 6061.48 6066.85 6083.84 6103.59 6084.09 6053.4 6051.94 6048.22 6044.76 6044.47 6043.67 6042.58 6025.01 5991.25 5957.41 5924.56 5912.85 5909.09 5914.52 5925.23 5931.51 5934.15 5948.41 5930.48 5954.47 5881.48 5898.62 5931.59 5918.53 5921.25
5829.34 5836.55 5815.16 5813.98 5805.21 5796.73 5791.54 5780.81 5777.79 5793.09 5857.35 5928.15 5865 5820.4 5779.29 5773.36 5771.02 5781.68 5804.55 5825.98 5830.24 5813.28 5772.26 5750.71 5759.44 5774.29 5773.28 5771.67 5782.91 5799.16 5769.65 5755.53 5743.24 5835.78 5883.19 5898.04 5956.06 6004.42 6049.02 6068.84 6073.16 6071.15 6044.49 6035.12 6024.35 6014.29 6007.51 6001.94 5990.2 5983.16 5962.59 5924.02 5887.99 5880.78 5871.87 5881.64 5893.63 5905.97 5910.99 5915.44 5888.39 5958.1 5646.16 5878.86 5941.21 5922.54 5939.59
5832.16 5844.73 5849.75 5840.25 5828.98 5813.29 5802.99 5793.98 5805.47 5825.19 5881.73 5871.93 5853.97 5820.51 5799.96 5791.09 5786.35 5781.91 5799.53 5823.11 5819.58 5806.57 5789.22 5773.17 5755.28 5775.55 5777.11 5773.17 5768.89 5757.96 5747.85 5727.76 5721.94 5814.44 5909.02 5987.6 5978.19 6016.64 6035.13 6045.28 6049.35 6047.79 6023.55 6015.52 6003.66 5990.62 5980.33 5972.91 5952.86 5950.83 5932.81 5896.95 5863.77 5842.72 5842.25 5853.93 5867.08 5881.25 5904.03 5872.87 5837.95 5868.54 5779.73 5842.3 5888.36 5898.67 5908.16
5834.82 5827.4 5844.84 5858.49 5855.97 5830.91 5823.56 5817.74 5842.8 5852 5853.97 5837.52 5828.54 5816.51 5805.91 5809.54 5817.27 5801.53 5805.87 5822.4 5816.23 5810.78 5809.89 5800.41 5768.8 5778.86 5785.55 5779.96 5774.78 5767.83 5756.84 5741.88 5828.27 5936.58 5983.93 6083.12 6045.98 6017.65 6013.71 6013.35 6014.6 6013.55 5991.97 5986.45 5979.26 5968.85 5959.21 5950.27 5927.43 5916.28 5895.89 5870.43 5830.81 5814.32 5818.34 5831.82 5843.92 5848.21 5847.81 5854.53 5819.79 5821.94 5830.64 5828.89 5842.82 5862.26 5876.49
5859.17 5852.96 5857.14 5856.33 5856.79 5833.75 5837.04 5835.04 5851.42 5848.93 5836.14 5823.29 5809.32 5797.17 5801.93 5810.99 5813.66 5819.38 5830.3 5837.99 5819.22 5816.11 5807.03 5815.32 5808.94 5775.19 5778.82 5786.69 5785.8 5777.07 5780.01 5812.39 5965.78 6073.52 6093.89 5996.87 6027.64 6004.26 5981.19 5982.49 5982.25 5980.93 5962.38 5966.8 5959.85 5950.74 5940.44 5927.96 5906.62 5889.1 5866.72 5846.45 5806.25 5793.97 5800.26 5816.55 5830.95 5834.55 5830.24 5818.92 5803.01 5797.95 5800.03 5817.05 5832.11 5844.63 5867.91
5895.22 5879.89 5859.89 5846.19 5852.33 5836.98 5836.57 5826.89 5826.61 5842.2 5836.07 5820.29 5800.17 5781.99 5799.13 5813.07 5818.56 5832.2 5850.94 5854.79 5829.05 5817.48 5807.46 5807.08 5812.57 5783.26 5787.47 5789.7 5796.16 5788.4 5824.79 5945.86 6078.87 6132.22 6096.3 5928.87 5917.19 5923.84 5931.76 5931.56 5945.9 5957.3 5953.1 5944.52 5947.46 5940.94 5930.7 5914.94 5892.68 5866.42 5844.1 5817.12 5786.37 5773.57 5793.19 5819.37 5839.41 5844.6 5835.04 5818.93 5776.69 5790.62 5799.83 5806.48 5814.26 5838.83 5869.02
5891.99 5889.9 5902.21 5864.03 5835.49 5823.37 5819.97 5822.03 5829.42 5836.22 5843.1 5821.07 5800.05 5785.04 5794.85 5811.31 5829.7 5840.34 5850.47 5864.27 5843.56 5830.68 5803.99 5804.6 5815.98 5808.09 5805.8 5792.09 5813.78 5827.32 5924.27 6087.61 6148.17 6145.12 6118.83 6030.37 5900.19 5885.98 5895.09 5906.24 5921.29 5945.37 5944.36 5935.02 5945.96 5941.25 5931.52 5917.14 5903.03 5890.16 5846.53 5810.25 5777.32 5776.17 5801.37 5832.48 5856.89 5854 5829.43 5770.74 5744.65 5762.18 5800.63 5814.07 5812.54 5868.2 5860.22
5859.89 5860.51 5896.3 5899.05 5843.59 5814.14 5810.09 5817.47 5819.76 5826.8 5816.82 5814.13 5802.4 5794.95 5794.33 5799.39 5809.64 5820.33 5838.15 5848.69 5848.68 5842.46 5807.07 5813.37 5816.07 5825.94 5825.22 5816.43 5839.96 5876.91 6005.45 6203.41 6215.37 6181.42 6212.76 6133.3 5911.27 5879 5881.73 5887.41 5918.17 5921.5 5938.27 5936.47 5951.73 5951.04 5941.45 5918.38 5901.35 5876.28 5853.29 5822.35 5782.42 5779.92 5820.56 5844.21 5881.11 5917.9 5859.68 5797.18 5754.02 5759.44 5795.94 5818.45 5832.85 5752.99 5788.92
5845.91 5844.73 5850.02 5846.42 5853.68 5822.92 5814.92 5812.28 5817.99 5808.84 5812.37 5807.3 5801.94 5796.79 5792.49 5792.3 5796.89 5810.7 5817.53 5829.31 5842.44 5845.74 5850.38 5839.09 5840.29 5841.26 5851.99 5853.06 5859.8 5904.85 6018.83 6129.06 6141.09 6148.78 6076.9 6024.64 5919.21 5886.65 5889.13 5905.78 5916.35 5932.63 5944.61 5946.61 5949.73 5948.7 5962.05 5949.23 5907.08 5862.56 5881.7 5882 5865.32 5863.56 5806.11 5849.05 5884.83 5900.91 5868.65 5799.47 5791.62 5779.49 5796.4 5817.02 5821.85 5848.57 5860.06
5822.76 5829.13 5825.13 5824.84 5828.35 5808.54 5820.18 5832.25 5808.67 5802.89 5799.43 5801.86 5800.54 5799.14 5798.31 5792.92 5803.3 5812.5 5810.62 5822.89 5838.38 5857.13 5861.62 5874.15 5895.88 5899.23 5893 5900.2 5883.22 5897.36 5960.47 6008.61 6029.31 6032.62 6005.07 5979.06 5916.2 5911.67 5905.22 5890.21 5928.42 5952.71 5963.8 5963.22 5969.14 5973.49 5983.85 5974.69 5960.09 5937.65 5974.48 5973.67 5922.55 5934.05 5862.98 5864.05 5891.73 5896.15 5872.64 5836.66 5814.8 5795.11 5802.67 5820.92 5841.88 5861.87 5838.09
5787.79 5797.39 5810.81 5806.01 5808.66 5802.87 5820.81 5837.2 5818.88 5797.21 5796.88 5797.48 5797.28 5797.76 5796.42 5797.4 5802.04 5804.92 5810.82 5831.44 5833.65 5857.85 5877.93 5875.52 5912.48 5947.11 5925.04 5902.9 5883.4 5884.71 5917.22 5955.99 5991.49 6015.55 6031.79 6038.49 5999.14 5982.23 6012.9 6009.26 5976.97 5976.24 5982.1 5990.43 5997.01 6003.93 6000.83 6016.35 6057.39 6081.56 6076.53 6126.35 6071.16 5926.85 5871.19 5868.8 5903.7 5941.95 5900.21 5864.85 5851.25 5821.19 5815.5 5825.93 5870.16 5888.02 5815.2
5784.57 5800.1 5812.26 5801.77 5801.38 5807.51 5822.1 5828.52 5814.62 5793.88 5789.58 5791.36 5795.13 5797.05 5790.76 5797.24 5803.59 5795.43 5814.42 5828.86 5822.3 5863.62 5889.69 5911.77 5960.21 6010.57 5953.42 5901.44 5894.04 5907.89 5930.08 5977.77 6042.11 6051.23 6077.65 6093.2 6072.27 6038.39 6045.21 6049.27 6000.93 6001.93 6002.88 6020 6027.55 6036.01 6032.61 6059.56 6074.53 6091.84 6096.34 6104.14 6090.89 5968.01 5842.91 5855.2 5891.15 5915.31 5910.53 5902.32 5879.12 5851.17 5836.57 5837.92 5888.57 5896.7 5805.99
5796.5 5816.76 5821.06 5806.2 5804.75 5813.23 5817.97 5812.56 5801.67 5786.55 5779.04 5786.11 5793.51 5800.39 5802.84 5795.74 5799.1 5799.74 5796.14 5803.16 5815.06 5864.74 5905.24 5927.84 5952.58 5975 5944.88 5904.5 5916.95 5953.96 6041 6066.72 6106.48 6148.38 6188.72 6170.34 6135.41 6056.84 5970.19 5964.27 5993.77 6019.01 6027.17 6050.71 6057.73 6063.78 6068.3 6090.49 6097.25 6091.03 6073.17 6038.77 6033.74 6027.75 5870.8 5859.13 5884.55 5903.84 5914.85 5911.66 5920.32 5905.35 5891.91 5878.35 5900.92 5916.62 5861.87
5796.88 5814.96 5817.44 5821.31 5816.28 5819.01 5813.67 5797.75 5791.46 5776.14 5774.06 5783.23 5793.2 5804.74 5820.98 5815.59 5807.86 5806.17 5810.03 5818.46 5844.72 5888.93 5921.98 5905.3 5902.06 5929.33 5917.23 5915.54 5942.91 6010.08 6110.85 6165.68 6182.86 6198.86 6274.67 6226.04 6173.81 6093.64 6003.11 5999.39 6041.44 6065.2 6079.82 6090.92 6094.61 6097.44 6104.43 6101.84 6081.06 6083.65 6067.71 6009.89 5963.88 5975.72 5927.16 5904.01 5932.01 5938.08 5927.46 5926.4 5945.99 5960.76 5929.29 5977.86 5955.71 6003.87 5947.07
5798.09 5806.37 5815.03 5813.96 5822.98 5824.74 5814.45 5801.31 5782.14 5769.96 5776.26 5782.18 5791.72 5802.7 5812.91 5827.28 5824.8 5810.43 5815.59 5836.98 5895.97 5958.97 5940.86 5920.53 5895.72 5896.32 5912.51 5917.54 5977.37 6084.92 6193.98 6243.81 6241.53 6241.3 6240.57 6196.15 6153.33 6166.13 6134.87 6111.1 6122.64 6107.74 6107.17 6102.32 6098.8 6118.87 6114.98 6124.45 6080.38 6107.38 6107.89 6059.85 5979.52 5974.25 5984.56 5990.8 6009.39 5994.41 5958.22 5921.47 5966.41 5955.06 5927.11 6000.29 6051.54 5974.79 6037.2
5800.37 5804.75 5806.44 5799.84 5805.35 5814.12 5831.27 5801.65 5782.63 5770.75 5769.09 5783.62 5793.62 5800.8 5803.81 5812.69 5836.28 5824.56 5821.04 5846.62 5910.16 5903.48 5939.84 5945.25 5917.04 5921.65 5929.57 5973.05 6038.29 6139.94 6259.18 6306.23 6311.88 6306.2 6235.93 6162.83 6276.93 6279.47 6237.98 6214.08 6203.59 6148.29 6122.62 6119.12 6117.39 6127.32 6115.04 6132.3 6198.26 6165.03 6140.57 6109.44 6048.62 6050.55 6092.31 6063.8 6079.18 6059.31 6001.09 5944.81 5931.82 5996.72 6045.99 5952.27 6045.97 6006.35 6011.73
5803.11 5804.16 5803.59 5795.6 5818.73 5817.71 5841.23 5817.93 5794.17 5781.05 5789.3 5789.43 5794.51 5799.76 5809.17 5820.39 5832.2 5836.25 5830.89 5847.21 5904.9 5912.84 5910.4 5896.41 5912.63 5948.53 5966.43 6033.89 6130.34 6209.26 6270.55 6361.01 6386.99 6345.62 6302.46 6213.12 6282.98 6364.53 6368.95 6306.78 6222 6158.31 6124.39 6100.77 6094.96 6077.14 6042.27 6102.94 6146.67 6173.36 6159.98 6170.82 6179.35 6100.59 6087.11 6089.7 6160.33 6115.61 6063.99 5968.28 5907.08 5929.83 6026.98 6020.28 5987.75 5974.84 5984.24
5783.14 5798.3 5809.58 5821.84 5814.69 5824.74 5809.47 5803.62 5796.25 5789.32 5792.68 5794.32 5797.11 5800.19 5800.12 5800.09 5810.14 5839.61 5834.1 5852.5 5882.95 5889.24 5866.57 5853.73 5844.78 5904.4 5935.88 6075.59 6305.2 6285.55 6315.8 6358.13 6368.79 6319.74 6330.34 6244.58 6303.42 6370.4 6398.17 6342.23 6230.43 6157.07 6103.28 6066.92 6045.24 6006.84 5985.87 6110.25 6175.24 6163.43 6191.65 6187.37 6171.22 6111.4 6101.52 6041.54 6050.12 6128.24 6158.1 6149.76 5980.53 5934.47 5991.78 5986.67 5960.53 5958.29 5972.71
5789.57 5791.09 5803.21 5810.99 5810.97 5816.94 5813.29 5792.58 5814.03 5828.63 5811.71 5804.28 5798.89 5792.82 5790.87 5802.54 5804.5 5828.84 5839.42 5847.07 5862.1 5866.13 5831.87 5825.17 5873.83 5901.7 5979.83 6103.38 6209.64 6304.38 6337.41 6326.55 6323.81 6311.2 6277.31 6297.42 6332.11 6310.81 6319.95 6306.82 6193.59 6119.49 6055.12 5999.83 5960.65 5906.7 5857.17 5980.37 6081.93 6051.08 6038.93 5996.19 5970.29 5983.1 6080.37 6241.35 6110.97 6163.33 6202.15 6193.05 6049.77 5945.17 5933.33 5928.35 5937.08 5943.49 5965
5786.84 5787.29 5797.36 5806.41 5819.73 5830.42 5824.99 5804.62 5801.46 5810.56 5816.31 5811.28 5798.59 5787.33 5787.78 5831.33 5844.38 5836.88 5833.93 5844.76 5869.96 5897.38 5891.47 5900.93 5907.67 5944.8 6026.52 6173.22 6267.35 6317.83 6328.42 6317.45 6309.74 6319.61 6332.94 6312.87 6294.1 6246.19 6222.53 6197.26 6082.17 6002.66 5934.46 5877.9 5827.7 5776.89 5652.75 5627.07 5722.15 5843.12 5867.7 5875.08 5880.75 5873.49 5905.03 5986.39 6202.35 6179.34 6174.55 6157.93 6112.66 6027.13 5992.38 5978 5953.28 5899.17 5948.51
5783.08 5795.07 5818.32 5820.03 5834.84 5826.01 5814.37 5817.83 5812.17 5818.44 5831.47 5812.71 5799.63 5789.12 5787.69 5849.14 5879.31 5895.81 5852.71 5850.55 5866.69 5900.28 5927.26 5917.31 5918.5 5953.27 6111.42 6206.15 6315.25 6382.35 6379.11 6379.21 6407.47 6351.51 6343.66 6309.46 6233.93 6207.86 6107.2 6027.55 5903.66 5831.01 5775.49 5724.1 5628.14 5606.87 5472.31 5438.94 5528.1 5680.35 5825.46 5861.69 5855.11 5834.31 5821.38 5827.79 5990.14 6100.04 6163.25 6170.54 6155.75 6084.75 6025.62 5999.28 5906.22 5933.9 5962.63
5794.63 5808.28 5838.97 5856.9 5878.71 5848.78 5806.45 5803.69 5806.5 5814.34 5815.96 5808.33 5802.06 5796.23 5800.32 5829.77 5866.42 5881.73 5849.34 5857.71 5897.26 5904.92 5911.97 5926.15 5949 6050.13 6136.34 6281.05 6391.54 6446.21 6410.53 6399.44 6392.54 6316.9 6321.99 6055.49 6024.87 6109.49 5897.84 5820.56 5704.37 5650.64 5601.28 5558.33 5476.49 5462.89 5397.17 5411.76 5446.59 5511.39 5597.3 5686.8 5764.92 5823.97 5844.54 5801.93 5852.71 5971.2 6136.29 6172.2 6153.08 6140.34 6043.05 5989.86 5998.79 5962.04 5992.37
5786.58 5810.63 5834.5 5863.33 5886.29 5854.86 5827.19 5808.68 5808.36 5806.53 5795.48 5800.62 5806.67 5800.64 5797.82 5829.43 5857.53 5864.13 5863.32 5870.72 5896.68 5907.42 5913.89 5938.99 5997.51 6159.97 6205.58 6466.08 6490.09 6405.46 6354.92 6375.96 6302.79 6096.66 5879.24 5663.4 5634.07 5578.87 5552.88 5521.9 5473.09 5441.83 5407.29 5376.97 5351.15 5343.86 5311.86 5371.81 5349.93 5336.35 5299.51 5342.48 5546.14 5803.3 5863.06 5844.2 5815.76 5822.4 5806.29 5956.27 6083.25 6147.46 6131.72 6016.29 6001.83 5985.34 6012.89
5786.01 5818.22 5840.35 5864.25 5896.56 5890.27 5838.47 5804.15 5801.89 5809.06 5814.72 5810.98 5813.93 5811.47 5815.56 5831.16 5851.2 5867.56 5876.65 5886.44 5899 5912.94 5920.11 5965.55 6042.11 6156.34 6335.08 6478.84 6444.42 6299.88 6211.79 6089.27 6010.3 5681.23 5501.29 5424.82 5322.23 5248.86 5269.64 5258.63 5242.02 5232.69 5213.85 5196.87 5190.75 5158.39 5155.88 5206.84 5219.48 5210.98 5163.51 5197.43 5354.06 5509.18 5672.3 5860.56 5845.72 5755.22 5682.83 5838.15 6029.83 6155.15 6132.86 6014.56 5958.83 5958.46 6015.45
5783.77 5805.22 5847.6 5868.87 5889.67 5875.94 5863.37 5822.05 5818.84 5821.39 5824.92 5836.11 5834.09 5832.49 5826.99 5839.15 5850.66 5871.45 5897.88 5922.91 5924.28 5932.63 5940.62 5978.31 6138.23 6345.71 6381.98 6358.94 6297.49 6237.71 5984.99 5761.97 5506.84 5369.15 5289.82 5201.06 5135.84 5067.87 5039.13 5028.15 5029.12 5023.7 5019.1 5012.53 4990.27 4979 4979.99 5009.31 5069.49 5120.93 5101.65 5092.18 5210.04 5360.14 5505.56 5594.11 5731.01 5732.48 5717.66 5843.51 6000.34 6174.77 6239.31 6177.78 5962.32 5954.96 6017.62
5787.15 5794.73 5811.11 5855.13 5897.91 5909.26 5882 5845.24 5827.14 5830.74 5844.74 5851.87 5860.95 5862.63 5862.88 5867.12 5878.15 5898 5929.82 5979.99 5971.36 5986.26 6024.06 6171.52 6416.95 6530.92 6348.21 6171.39 5981.86 5785.34 5553.01 5308.22 5125.07 5101.27 5136.37 5064.97 4964.64 4869.31 4816.93 4821.22 4833.18 4836.68 4832.07 4837.79 4838.54 4832.65 4827.75 4843.35 4911.46 4947.43 4935.17 4974.25 5081.64 5230.36 5371.07 5427.15 5486.6 5679.44 5903.73 5846.11 5924.42 6087.43 6300.98 6265.98 6070.91 6016.96 6096.82
5819.66 5814.57 5818.42 5852.31 5895.18 5901.24 5870.61 5843.45 5826.35 5831.49 5848.33 5878.92 5890.11 5891 5892.16 5896 5906.5 5938.93 5948.95 5983.88 6025.03 6034.49 6031.65 6380.53 6473.18 6460.2 6142.31 5820.92 5678.92 5412.13 5205.15 4995.71 4846.69 4810.9 4776.47 4805.44 4761.6 4685.19 4642.65 4659.43 4682.77 4695.6 4708.16 4708.84 4699.9 4700.36 4716.23 4744.51 4774.2 4831.28 4829.15 4848.84 4940.24 5052.56 5165.22 5310.36 5341.33 5452.45 5594.25 5690 5771.38 5857.3 6171.16 6247.08 6140.77 6068.6 6110.41
