real_craters/C181-300m.grd
DSAA
514 514
-76.9825 76.9825
-76.9825 76.9825
6828.7361323208 9308.7135414683
[rows 300 to 329 of 514, columns 268 to 334 of 514]
7413.91 7440.7 7470.67 7499.45 7526.24 7551.15 7572.96 7591.6 7602.6 7611.83 7621.19 7631.97 7645.38 7666.71 7691.7 7718.78 7748.43 7781.24 7816.95 7855.6 7896.31 7923.86 7931.31 7934.29 7943 7963.52 7989.27 8016.85 8047.52 8085.29 8143.6 8217.02 8290.81 8338.47 8373.27 8431.39 8499.38 8577.12 8664.14 8752.38 8791.85 8830.53 8870.02 8903.47 8905.33 8888.06 8864.94 8842.05 8810.13 8775.07 8747.78 8723.54 8700.53 8682.08 8662.53 8642.86 8621.61 8596.94 8582.88 8567.58 8552.09 8537.68 8525.5 8517.79 8512.94 8508.98 8505.88
7492 7519.14 7550.35 7581.41 7612.99 7644.13 7672.83 7697.29 7705.54 7704.62 7703.55 7703.94 7707.36 7724.19 7743.56 7765.01 7789.17 7816.23 7845.54 7876.66 7909.98 7935.21 7950.06 7962.42 7974.27 7992.6 8021.75 8053.64 8089.38 8132.35 8194.37 8274.84 8357.46 8406.64 8442.96 8492.09 8555.55 8629.2 8710.03 8787.27 8825.84 8856.66 8884.75 8905.54 8910.81 8889.51 8857.54 8823.3 8786.89 8756.4 8732.11 8708.38 8685.77 8665.54 8649.36 8630.31 8610.71 8590.6 8576.92 8565.19 8552.96 8542.12 8532.99 8524.66 8517.25 8510.85 8505.91
7570.19 7597.03 7627.45 7660.08 7695.53 7732.13 7767.68 7796.51 7799.97 7790.03 7780.63 7775.44 7776.94 7784.02 7793.87 7807.98 7825.88 7845.19 7869.14 7892.35 7919.47 7945.89 7968.52 7988.3 8003.68 8026.22 8058.08 8093.38 8133.14 8180.89 8243.39 8321.1 8393.81 8444.47 8486.43 8535.61 8595.91 8662.3 8730.15 8788.45 8833.31 8866.52 8889.02 8903.97 8912.54 8884.56 8843.88 8798.95 8765.91 8741.63 8716.61 8691.78 8670.39 8651.36 8636.58 8619.98 8603.99 8588.18 8576.2 8564.8 8554.1 8545.54 8539.06 8530.68 8520.34 8511.71 8504.97
7641.27 7667.32 7696.64 7730.53 7769.04 7810.7 7852.13 7884.09 7880.78 7862.57 7846.24 7836.51 7835.09 7835.85 7836.48 7843.65 7855.96 7872.13 7889.96 7908.65 7929.46 7960.17 7990.76 8017.76 8039.84 8065.87 8098.29 8134.37 8175.78 8225.64 8287.89 8360.61 8428.45 8465.39 8508.36 8563.43 8623.14 8684.16 8742.55 8790.92 8835.83 8871.58 8892.32 8904.46 8910.13 8875.93 8829.89 8780.83 8751.76 8729.63 8698.93 8672.39 8651.07 8634.27 8622.3 8609.41 8598.32 8588.44 8577.93 8564.62 8553.05 8544.6 8539.93 8532.32 8519.31 8509.99 8503.29
7699.9 7724.91 7754.94 7789.13 7828.92 7873.87 7920.09 7954.78 7942.38 7917.33 7895.93 7881.92 7876.52 7874.17 7869.92 7873.51 7883.73 7896.92 7913.55 7929.84 7950.62 7985.39 8021.43 8054.15 8083.97 8111.71 8140.1 8174.34 8214.02 8261.21 8319.74 8388.13 8455.11 8485.24 8527.48 8582.9 8642.36 8701.41 8756.9 8804.16 8846.23 8878.86 8897.87 8908.41 8900.14 8862.74 8816.5 8768.93 8735.87 8709.08 8673.26 8647.06 8628.17 8614.08 8605.47 8596.64 8590.07 8585.49 8576.94 8561.03 8547.68 8536.96 8529.84 8521.45 8511.31 8504.9 8500.58
7748.35 7773.45 7802 7834.29 7872.59 7916.51 7962.91 7997.32 7978.4 7951.13 7927.28 7910.08 7900.99 7896.82 7892.68 7896.83 7907.22 7922.07 7939.31 7957.32 7979.55 8020.98 8061.35 8097.5 8125.63 8150.06 8179.74 8212.03 8247.93 8287.31 8331.87 8395.4 8454.88 8492.55 8540.42 8596.5 8655.07 8714.76 8772.4 8824.68 8865.11 8885.57 8895.39 8895.87 8877.88 8842.65 8799.89 8754.31 8707.89 8667.25 8635.92 8615.52 8601.56 8591.6 8584.69 8580.8 8577.4 8574.86 8567.94 8552.7 8537.46 8523.79 8511.72 8500.56 8497.67 8496.81 8496.22
7787.7 7812.66 7837.22 7866.05 7900.03 7938.08 7976.86 8000.87 7987.86 7965.17 7942.51 7923.63 7910.66 7904.83 7905.79 7914.97 7929.66 7948.33 7969.42 7992.89 8022.45 8065.75 8109.73 8146.2 8170.52 8191.45 8220.09 8249.49 8280.33 8313.3 8348.29 8399.28 8449.24 8496.08 8549.04 8605.49 8663.96 8723.1 8781.67 8837.7 8878.93 8884.87 8880.24 8869.67 8850.73 8814.97 8775.44 8731.86 8670.97 8612.57 8593.33 8582.14 8574.07 8567.86 8563.9 8561.79 8560.32 8559.79 8555.57 8539.8 8523.56 8508.57 8494.76 8482.84 8484.72 8488.42 8489.05
7816.62 7837.42 7860.37 7886.5 7914.43 7943.37 7971.93 7987.62 7981.18 7966.01 7947.48 7928.95 7913.26 7904.7 7913.74 7931.17 7952.31 7976.42 8002.95 8033.49 8072.44 8118.22 8165.48 8203.46 8225.63 8242.24 8263.75 8287.37 8313.23 8342.79 8380.07 8414.13 8452.66 8499.08 8555.79 8611.99 8669.02 8724.87 8779.58 8830.49 8865.61 8871.59 8863.22 8844.26 8816 8776.19 8736.07 8692.75 8632.56 8576.29 8558.78 8553.14 8548.92 8545.46 8543.16 8540.87 8539.72 8539.56 8537.37 8521.77 8506.53 8493.49 8482.38 8474.19 8476.9 8482.71 8485.55
7840.91 7856.67 7877.96 7901.25 7922.61 7940.73 7956.6 7967.3 7969.57 7962.58 7949.57 7933.6 7918.76 7908.79 7925.29 7950.11 7977.82 8007.07 8038.42 8073.27 8117.98 8171.66 8225.27 8265.51 8282.78 8295.21 8306.73 8323.7 8345.77 8370.5 8395.75 8423.07 8461.51 8510.75 8566.05 8619.49 8672.52 8723.04 8769.7 8810.48 8839.27 8847.6 8842.57 8812.76 8770.01 8726.89 8684.16 8641.35 8597.24 8556.31 8538.18 8532.15 8528.45 8525.25 8522.47 8519.61 8516.64 8513.36 8509.94 8497.14 8486.6 8478.54 8472.55 8468.91 8472.35 8478.58 8482.62
7866.38 7877.9 7897.38 7918.16 7933.19 7940.61 7943.2 7952.75 7962.55 7962.44 7954.38 7942.74 7932.52 7928.23 7944.54 7973.86 8006.67 8041.13 8075.9 8113.06 8161.81 8222.51 8283.54 8324.55 8330.14 8333.08 8340.83 8356.76 8378.13 8400.99 8421.4 8444.1 8481.36 8529.01 8581.52 8630.93 8676.98 8719.13 8756.77 8786.2 8805.1 8813.9 8811.66 8773.06 8722.62 8678.46 8637.07 8599.89 8570.24 8543.46 8526.49 8518.09 8513.2 8509.1 8505 8499.91 8494.05 8485.83 8473.23 8468.44 8466.16 8463.82 8462.93 8464.47 8467.87 8472.37 8476.03
7898.26 7909.1 7925.9 7944.41 7954.85 7955.18 7946.44 7957.01 7969.27 7971.2 7966.43 7958.15 7952.33 7951.3 7969.85 8002.64 8040.44 8079.86 8118.41 8156.52 8206.41 8266.83 8327.87 8365.7 8360.17 8355.47 8365.48 8386.72 8412.76 8440.24 8465.75 8489.28 8522.55 8564.66 8607.94 8648.02 8683.77 8715.76 8743.41 8763.72 8774.86 8775.48 8760.9 8728.14 8683.43 8642.55 8605.61 8575.41 8552.49 8532.2 8517.1 8507.81 8501.55 8495.95 8490.04 8483.26 8474.86 8464.65 8453.91 8448.59 8449 8450.12 8451.31 8453.15 8455.33 8459.83 8465.43
7938 7952.2 7968.07 7983.68 7991.2 7990.42 7986.15 7988.55 7992.31 7991.78 7986.87 7980.1 7975.36 7978.81 7999.13 8035.4 8078.72 8123.92 8167.9 8207.78 8253.57 8302.88 8349.22 8374.58 8374.96 8372.61 8387.25 8417.13 8452.16 8487.81 8522.53 8551.15 8581.53 8613.91 8642.41 8669.95 8693.37 8714.65 8732.08 8744.24 8749.15 8741.08 8718.33 8688.24 8652.44 8618.27 8588.47 8562.61 8541.58 8523.67 8509.56 8500.36 8492.78 8485.46 8478.74 8470.42 8461.12 8450.34 8440.03 8434.54 8436.23 8438.54 8440.18 8440.14 8439.94 8440.68 8436.5
7984.8 8005.09 8022.27 8033.67 8039.31 8038.9 8034.85 8031.18 8026.75 8020.99 8013.67 8007.34 8004.21 8008.37 8030.24 8071.06 8120.11 8172.17 8223.68 8268.6 8302.86 8333.56 8362.12 8379.56 8385.35 8389.26 8409.73 8450.04 8495.66 8540.95 8583.76 8625.47 8650.36 8667.49 8678.12 8692.16 8703.49 8713.53 8721.14 8724.84 8724.22 8709.47 8681.77 8653.68 8624.74 8597.24 8575.5 8553.21 8533.71 8518.35 8506.57 8494.91 8486.01 8477.55 8469.62 8461.12 8451.81 8441.92 8433.5 8427.82 8427.96 8429.76 8431.49 8432.74 8432.76 8425.66 8415.03
8034.73 8058.91 8078.02 8088.49 8093.1 8094.92 8088.51 8077.78 8065.4 8054.73 8045.84 8039.4 8037.01 8042.14 8064.7 8108.77 8162.65 8221.4 8281.02 8331.3 8349.65 8360.83 8371.83 8386.68 8400.28 8411.52 8437.87 8488.36 8543.21 8595.89 8644.51 8693.11 8717.68 8716.58 8710.6 8709.08 8709.56 8709.82 8708.14 8703.55 8690.96 8667.13 8642.33 8624.15 8602.15 8580.27 8560.09 8541.59 8525.37 8511.63 8500.08 8489.44 8480.59 8472.27 8463.88 8454.96 8446.16 8437.38 8430.4 8424.68 8422.92 8423.09 8423.89 8425.05 8425.14 8418.18 8409.56
8085.25 8112.26 8133.93 8142.7 8145.52 8148.13 8142.21 8121.72 8103.72 8089.6 8079.83 8073.98 8072.92 8079.66 8102.79 8146.53 8201.96 8264.78 8330.85 8384.32 8387.67 8385.46 8387.87 8404.62 8425.57 8445.14 8476.75 8533.73 8594.27 8651.28 8701.67 8748.06 8763.11 8749.78 8731.96 8720.97 8712.12 8705.9 8696.5 8685.09 8665.98 8643.11 8622.62 8603.23 8583.58 8565.88 8546.64 8530.13 8516.3 8504.05 8492.62 8484.42 8476.31 8468.22 8459.86 8451.7 8442.96 8435.3 8428.55 8422.86 8419.39 8417.18 8415.6 8413.71 8410.49 8408.95 8403.28
8132.53 8162.39 8185.17 8192.22 8188.81 8187.19 8177.32 8155.09 8136.43 8122.75 8113.54 8109.59 8110.63 8118.5 8139.9 8183.24 8236.29 8296.93 8362.1 8412.06 8411.66 8407.99 8409.57 8434.65 8463.42 8491.38 8526.72 8585.29 8646.89 8704.52 8754.33 8787.47 8783.61 8764.38 8741.09 8722.42 8711.57 8699.54 8687.24 8671.33 8652.23 8635.09 8612.01 8587.57 8564.96 8544.38 8530.71 8518.06 8507.32 8497.73 8489.09 8481.27 8473.42 8465.44 8457.18 8448.77 8440.98 8433.88 8427.63 8421.72 8416.67 8412.4 8407.53 8402.48 8397.93 8393.99 8387.83
8174.61 8205.57 8233.05 8231.48 8216.79 8207.12 8194.56 8176.25 8162.26 8152.71 8147.41 8145.45 8149.57 8159.52 8179.82 8218.79 8265.73 8317.9 8370.35 8409.85 8424.7 8430.73 8439.77 8474.89 8513.33 8549.58 8587.9 8642.62 8697.65 8749.78 8796.65 8808.6 8789.98 8764 8737.72 8717.37 8705.44 8692.04 8677.47 8661.09 8640.18 8617.84 8597.08 8573.78 8549.32 8525.81 8514.17 8505.73 8498.3 8492.06 8486.39 8479.6 8471.67 8463.12 8454.46 8445.95 8438.88 8432.43 8427.01 8420.98 8414.92 8407.43 8399.04 8391.55 8385.26 8380.16 8373.69
8208.41 8234.77 8257.07 8250.47 8226.74 8208.22 8197.68 8189.25 8183.83 8180.82 8180.56 8182.11 8189.54 8202.5 8223.25 8255.45 8293.74 8335.18 8375.67 8412.46 8440.67 8461.28 8484.97 8526.23 8571.81 8616.96 8659.78 8703.84 8740.95 8775.78 8808.58 8802.4 8774.43 8747.62 8723.62 8705.6 8694.21 8681.85 8668.56 8653.48 8633.52 8607.78 8585.15 8563.41 8538.98 8516.66 8502.66 8493.86 8489.19 8486.29 8483.13 8478.49 8470.72 8460.47 8451.3 8442.91 8434.98 8429.5 8425.66 8422.96 8414.79 8401.67 8389.42 8379.08 8370.25 8367.14 8361.55
8235.05 8251.45 8261.31 8250.8 8223.94 8200.55 8197.62 8200.18 8203.94 8207.34 8212.69 8219.99 8230.43 8245.46 8267.35 8293.58 8323.72 8356.25 8388.86 8428.35 8468.35 8501.5 8536.54 8580.85 8630.33 8683.98 8739.6 8765.23 8770.14 8775.18 8781.14 8768.53 8733.76 8716.88 8700.66 8687.26 8678.88 8668.85 8659.16 8648.36 8634.36 8615.26 8583.08 8557.81 8532 8507.28 8489.62 8481.81 8479.09 8479.51 8483.58 8482.3 8468.36 8457.68 8447.39 8438.23 8429.73 8422.99 8419.09 8420.52 8410.08 8391.21 8377.07 8365.93 8356.83 8353.3 8348.97
8260.66 8264.71 8260 8243.85 8220.01 8199.71 8205.37 8216.6 8227.61 8238.42 8248.37 8259.21 8272 8287.6 8308.27 8331.22 8358.06 8386.86 8417.09 8461.82 8510.07 8550.99 8589.8 8631.82 8676.84 8729.3 8787.73 8797.24 8772.58 8752.34 8736.29 8727.81 8699.32 8684.55 8674.3 8665.71 8658.63 8652.02 8647.36 8641.89 8634.31 8614.94 8582.5 8554.31 8526.38 8499.38 8476.3 8469.02 8468.12 8469.61 8469.68 8462.96 8461.38 8452.85 8442.22 8431.39 8421.04 8411.86 8403.68 8396.83 8385.61 8372.39 8361.35 8352.41 8345.09 8342.09 8337.81
8289.95 8283.87 8267.03 8244.69 8228.45 8213.45 8226.21 8241.87 8258.35 8273.66 8286.87 8301.05 8315.65 8331.81 8348.98 8370.51 8399.82 8429.17 8460.57 8511.09 8564.73 8610.43 8645.4 8675.13 8705.41 8739.36 8772.08 8771.53 8744.02 8715.42 8692.56 8684.79 8665.08 8653.93 8647.03 8640.96 8635.66 8632.2 8630.25 8630.52 8631.49 8619.26 8582.86 8548.87 8519.41 8492.64 8463.95 8455.81 8456.4 8459.71 8462.84 8464.5 8457.5 8447.03 8434.87 8422.2 8409.57 8397.04 8383.96 8369.56 8356.11 8349.64 8344.15 8339.08 8335.56 8332.39 8328.82
8327.08 8315.76 8297.34 8275.94 8257.95 8248.99 8261.23 8278.37 8297.34 8315.47 8330.5 8347.07 8363.71 8380.33 8397.69 8419.35 8452.07 8484.33 8516.74 8572.2 8627.57 8672.2 8696.09 8708.13 8717.49 8725.95 8727.01 8715.59 8697.95 8673.34 8651.71 8644.36 8634.84 8627.04 8620.37 8614.85 8610.3 8607.6 8607.12 8608.73 8614.44 8606.39 8567.91 8533.85 8505.45 8481.12 8450.59 8442.21 8444.15 8449.91 8457.43 8463.23 8453.06 8439.75 8425.87 8411.62 8397.23 8382.1 8365.9 8347.7 8330.66 8330.19 8328.72 8326.83 8325.73 8324.28 8321.57
8373.55 8359.98 8342.21 8322.97 8301.64 8294.25 8306.94 8323.96 8343.19 8362.15 8379.04 8397.55 8416.13 8435.17 8454.89 8476.86 8516.48 8553.38 8588.81 8640.3 8693.07 8731.88 8738.72 8729.34 8718.42 8705.3 8687.04 8666.2 8653.34 8636.68 8620.43 8612.86 8610.95 8602.54 8593.93 8587.96 8583.1 8580.13 8576.85 8573.59 8569.38 8558.88 8537.19 8507.56 8480.57 8456.73 8433.43 8427.48 8430.49 8437.31 8445.54 8451.81 8442.07 8428.46 8414.29 8399.75 8384.63 8368.92 8352.2 8335.34 8321.66 8318.27 8317.26 8316.35 8315.78 8315.64 8314.87
8428.5 8413.84 8395.64 8374.55 8353.75 8348.09 8361.88 8377.5 8394.99 8411.4 8429.66 8449.72 8470.69 8494.43 8520.87 8548.06 8591.62 8631.88 8665.18 8702.05 8745.3 8788.6 8764.25 8735.79 8710.51 8684.55 8656.38 8630.29 8620.36 8610.07 8599.44 8591.92 8582.16 8572.39 8565.15 8559.66 8554.69 8548.8 8542.03 8532.95 8519.39 8508.7 8495.4 8473.26 8449.65 8428.73 8414.75 8412 8415.89 8422.13 8427.91 8428.97 8423.75 8413.63 8400.76 8386.89 8372.49 8357.43 8342.14 8327.67 8316.65 8311.15 8309.42 8308.5 8307.27 8307.92 8308.38
8489.34 8475.08 8457.03 8435.07 8417.24 8414.93 8425.72 8437.76 8451.18 8464.81 8481.24 8500.51 8523.47 8552.05 8587.82 8627.45 8666.52 8706.54 8733.27 8738.72 8756.56 8778.58 8752.05 8722.28 8693.66 8663.77 8633.77 8607.33 8597.85 8591.09 8580.98 8568.78 8550.91 8539.99 8536.88 8531.94 8525.34 8517.58 8508 8495.84 8482 8468.99 8454.58 8439.21 8420.79 8404.35 8397.15 8397.14 8401.37 8406.5 8410.4 8411.09 8407.02 8397.88 8386.22 8373.72 8360.59 8347.08 8333.81 8321.44 8310.56 8305.72 8304.04 8303.15 8302.59 8302.53 8302.82
8554.32 8543 8527.29 8505.27 8493.36 8493.58 8496.88 8502.49 8509.34 8518.01 8530.72 8547.1 8570.12 8599.85 8640.16 8691.44 8717.09 8740.27 8750.32 8739.75 8728.93 8718.18 8713.66 8694.46 8670.11 8642.45 8615.09 8590.62 8580.91 8575.66 8560.04 8541.11 8528.16 8518.3 8513.06 8506.46 8498.07 8488.72 8477.67 8464.21 8448.18 8438.31 8427.28 8413.68 8398.67 8387.89 8383.91 8384.59 8387.81 8391.34 8394.14 8396.53 8392.94 8381.74 8371.3 8360.38 8349.41 8337.87 8326.82 8316.74 8308.08 8302.99 8300.52 8299.37 8299.4 8298.95 8298.87
8618.56 8613.79 8606.14 8594.65 8583.55 8578.38 8571.78 8567.31 8564.98 8567.34 8574.09 8587.1 8606.18 8632.05 8666.23 8701.95 8723.96 8733.78 8733.08 8718.99 8697.41 8680.84 8676.57 8663.74 8644.56 8622.21 8598.33 8576.11 8566.05 8559.82 8542.35 8524.18 8514.68 8505.32 8493.76 8483.3 8473.03 8462.79 8451.71 8439.08 8426.32 8416.43 8407.47 8394.19 8379.65 8372.56 8372.43 8373.92 8375.39 8376.59 8376.81 8374.82 8369.24 8363.54 8356.21 8347.82 8338.97 8329.56 8320.66 8312.87 8306.37 8301.47 8297.76 8295.55 8295.22 8295.2 8295.74
8678.29 8682.31 8686.94 8689.56 8679.38 8664.34 8643.72 8625.95 8614.19 8608.44 8609.87 8617.43 8630.89 8649.72 8672.8 8693.59 8708.98 8717.17 8709.97 8693.37 8672.87 8657.59 8648.37 8636.78 8622.3 8603.74 8584.13 8565.31 8553.85 8544.73 8532.51 8516.89 8503.08 8490.38 8474.38 8461.14 8450.12 8440.05 8429.92 8419.23 8408.68 8398.95 8389.26 8377.31 8364.54 8360.4 8362.78 8364.45 8364.09 8363.05 8360.58 8355.85 8350.35 8346.83 8342.18 8336.15 8329.25 8322.17 8315.14 8308.82 8304.08 8299.98 8294.6 8291.05 8289.26 8290.51 8292.16
8730.13 8741.12 8757.83 8776.62 8780.49 8741.79 8702.3 8672.21 8651.29 8639.42 8635.89 8637.8 8646.76 8657.21 8669.72 8680.81 8688.11 8689.9 8682.62 8667.28 8649.61 8636.4 8626.01 8615.16 8602.82 8587.61 8571.37 8554.67 8542.84 8533.92 8525.76 8508.64 8487.59 8468.68 8451.28 8438.28 8428.48 8419.87 8411.26 8402.37 8393.84 8384.48 8375.18 8365.7 8357.15 8354.21 8354.9 8355.26 8353.93 8351.58 8347.76 8342.12 8335.6 8333.67 8330.71 8326.51 8320.97 8315.3 8309.58 8304.16 8299.23 8294.67 8290.89 8287.41 8285.39 8287.85 8290.34
8765.8 8780.76 8804.9 8835.37 8842.41 8786.63 8736.44 8699.97 8674.13 8658.21 8651.62 8649.24 8652.9 8657.62 8663.19 8665.27 8663.34 8659.28 8655.99 8643.59 8625.49 8615.73 8607.49 8597.64 8587.02 8573.59 8559.47 8544.28 8532.14 8523.29 8517.46 8495.65 8467.46 8441.93 8425.1 8415.19 8408 8401.66 8395.91 8388.95 8381.5 8373.4 8364.89 8357.15 8353.11 8350.52 8349.1 8347.61 8345.33 8342.44 8338.36 8333.27 8328.37 8325.13 8322.25 8318.67 8314.3 8309.42 8304.45 8299.5 8294.51 8290.16 8288.5 8286.63 8285.67 8289.01 8292.29
