real_craters/C181-300m.grd
DSAA
514 514
-76.9825 76.9825
-76.9825 76.9825
6828.7361323208 9308.7135414683
[rows 60 to 89 of 514, columns 201 to 267 of 514]
8544.05 8544.6 8543.85 8541.44 8541.23 8539.61 8531.44 8524.32 8517.87 8514.11 8509.43 8504.84 8501.8 8498.83 8491.93 8482.76 8472.38 8461.98 8452.22 8445.79 8441.4 8435.45 8428.65 8423.43 8421.51 8422.98 8425.42 8426.98 8424.53 8418.88 8412.54 8406.8 8405.05 8405.97 8407.25 8408.07 8407.36 8406.67 8409.53 8408.39 8406.3 8404.23 8402.23 8400.16 8397.16 8393.58 8391.43 8388.19 8384.58 8381.01 8378.01 8375.21 8372.45 8369.48 8366.16 8364.13 8363.68 8363.33 8363.59 8364.34 8364.9 8362.18 8359.79 8358.86 8358.13 8357.23 8356.85
8537.61 8542.64 8543.82 8543.54 8542.32 8537.07 8531.46 8524.98 8521.03 8516 8511.05 8506.79 8502.74 8497.85 8490.96 8482.75 8472.03 8460.82 8450.63 8443.76 8439.03 8434.11 8429.09 8424.93 8422.09 8421.74 8426.2 8427.88 8425.19 8419.28 8412.3 8405.87 8403.58 8403.73 8404.28 8404.47 8404.02 8404.21 8404.36 8404.57 8404.77 8404.59 8404.24 8403.8 8402.71 8400.08 8395.77 8391.45 8386.77 8382.91 8380.1 8377.01 8373.95 8371.04 8368.22 8365.77 8364.45 8363.76 8363.6 8364.28 8364.96 8359.9 8358.94 8358.71 8358.74 8358.77 8358.6
8533.54 8533.68 8538.49 8547.45 8544.37 8536.85 8529.66 8524.84 8521.69 8517.2 8512.86 8508.11 8503.11 8497.44 8490.76 8482.24 8471.53 8460.1 8448.76 8442.47 8437.78 8434.1 8430.46 8427.46 8424.6 8422.72 8429.48 8433.16 8427.28 8420.18 8412.53 8406.18 8403.13 8402.49 8402.54 8402.47 8402.34 8402.28 8401.65 8402.37 8404.05 8405.11 8405.88 8406.49 8406.49 8404.69 8399.75 8394.96 8390.74 8387.04 8382.85 8379.1 8375.67 8372.86 8371.07 8368.13 8365.31 8363.61 8363.01 8362.54 8361.57 8358.86 8358.14 8358.54 8359.37 8360.3 8360.51
8516.18 8499.51 8517.99 8546.92 8543.51 8532.43 8526.03 8522.77 8520.52 8517.52 8513.41 8508.25 8502.54 8496.59 8489.49 8481.53 8471.41 8460.93 8451.2 8443.52 8437.84 8436.65 8434.54 8433.06 8434.17 8437.14 8437.63 8433.55 8429.57 8421.54 8412.94 8405.74 8403.07 8402.15 8401.78 8401.58 8401.67 8402.16 8402.41 8402.92 8404.13 8405.65 8406.93 8407.72 8407.77 8405.81 8401.83 8397.52 8393.51 8389.38 8385.12 8381 8377.17 8373.75 8370.76 8368.48 8365.99 8363.23 8361.92 8361.08 8358.95 8357.13 8357.33 8358.19 8359.4 8360.7 8360.94
8461.5 8432.17 8484.28 8536.03 8535.46 8525.53 8521.09 8520.7 8518.64 8516.64 8512.47 8507.61 8501.4 8494.54 8486.55 8479.91 8471.38 8462.53 8454.32 8447.03 8442.32 8442.8 8443.15 8441.78 8442.49 8449.56 8450.03 8444.22 8432.78 8423.07 8414.08 8406.87 8404.19 8402.93 8402.1 8401.59 8401.44 8402.99 8404.24 8403.76 8404.58 8405.81 8407.46 8408.71 8407.88 8405.94 8402.75 8398.91 8394.99 8391.22 8386.88 8382.77 8378.75 8374.85 8371.25 8369.19 8367.56 8366.14 8363.96 8361.72 8358.91 8356.66 8356.98 8357.62 8358.68 8360.52 8363.5
8394.24 8383.23 8453.91 8510.07 8519.54 8516.72 8516.84 8519.21 8518.08 8515.03 8511.21 8506.32 8500 8492.64 8483.3 8478.1 8471.63 8463.98 8456.99 8451.66 8449 8449.97 8451.84 8446.74 8439.67 8434.63 8440.74 8440.66 8431.46 8423.27 8416 8410.04 8406.53 8404.44 8402.96 8401.94 8400.91 8400.87 8402.41 8403.2 8404.41 8405.64 8406.98 8408.38 8408.67 8406.44 8403.21 8399.63 8395.86 8391.96 8388.26 8384.68 8380.83 8376.65 8373.16 8371.05 8369.38 8368.34 8365.9 8363.55 8361.85 8359.27 8357.59 8356.77 8356.69 8356.88 8355.54
8353.57 8375.57 8426.66 8476.15 8499.12 8512.14 8519.43 8518.51 8516.72 8513.76 8509.43 8504.95 8498.46 8491.6 8484.7 8478.91 8472.38 8465.64 8459.94 8455.98 8454.05 8454.57 8455.27 8446.54 8433.61 8419.35 8420.23 8426.98 8426.28 8422.15 8417.35 8412.93 8409.25 8406.7 8404.82 8403.17 8401.31 8399.53 8400.11 8402.73 8404.31 8405.23 8405.18 8405.37 8406.21 8405.57 8403.24 8400.13 8396.42 8392.65 8389.76 8387.24 8384.16 8379.99 8375.84 8374.23 8371.5 8368.05 8366.82 8365.23 8363.19 8360.71 8357.38 8355.43 8354.26 8353.3 8352.06
8312.1 8335.91 8401.11 8446.92 8475.98 8498.46 8511.65 8514.36 8513.54 8511.75 8508.43 8502.72 8496.69 8490.24 8483.72 8478.43 8472.99 8467.64 8462.91 8459.39 8457.17 8455.92 8453.45 8444.95 8432.91 8420.43 8416.24 8421.19 8422.82 8420.99 8417.78 8414.2 8411.01 8408.4 8406.58 8405.1 8403.65 8402.93 8403.48 8404.11 8405.21 8406.03 8406.33 8405.84 8405.13 8404.88 8403.57 8401.06 8397.63 8393.93 8391.88 8390.84 8389.18 8386.59 8383.22 8380.18 8376.68 8371.47 8369.5 8366.79 8364.68 8359.3 8355.98 8353.76 8352.23 8350.87 8349.97
8276.31 8324.24 8369.12 8413.6 8450.76 8478.56 8496.11 8506.86 8509.97 8508.67 8504.73 8500.22 8494.17 8488.12 8481.48 8477.07 8473.17 8469.86 8465.87 8461 8458.23 8455.4 8451.98 8444.54 8436.44 8428.35 8423.07 8424.4 8423.25 8420.81 8418.07 8414.91 8411.93 8409.87 8408.84 8407.8 8406.92 8405.92 8405.37 8406 8406.64 8407.26 8408.16 8408.02 8407.13 8406.25 8404.94 8402.85 8399.98 8396.69 8395.36 8395.53 8395.18 8394.22 8391.13 8386.65 8383.67 8380.71 8373.31 8367.49 8361.73 8357.59 8354.28 8352.2 8350.63 8349.13 8347.52
8249.48 8311.98 8342.52 8384.34 8428.13 8463.66 8490.46 8501.91 8505.25 8503.58 8500.16 8495.65 8490.51 8485.49 8480.51 8476.67 8473.09 8468.8 8468.09 8467.22 8461.28 8454.4 8447.8 8444.69 8441.19 8440.23 8441.25 8431.69 8425.15 8420.62 8417.49 8414.38 8412.12 8411 8410.58 8410.77 8410.81 8409.25 8408.68 8408.53 8408.29 8408.23 8408.23 8408.61 8408.34 8408.11 8407.08 8405.48 8403.49 8401.25 8400.35 8400.88 8400.81 8400.03 8396.12 8390.28 8385.49 8381.26 8374.65 8368.03 8361.68 8355.9 8352.73 8351.3 8349.85 8348.26 8346.99
8224.99 8291.42 8324.07 8364.71 8409.3 8449.7 8481.44 8494.98 8498.36 8497.23 8494.04 8490.09 8486.24 8482.68 8479.28 8476.83 8474.44 8470.87 8470.73 8469.73 8463.01 8455.5 8449.09 8445.26 8442.93 8443.07 8441.9 8433.04 8424.75 8418.82 8415.04 8412.69 8411.55 8411.34 8411.81 8413.23 8414.78 8412.78 8411.39 8410.69 8409.84 8409.27 8409.4 8410.79 8411.3 8410.58 8409.42 8408.22 8407.38 8407.23 8407.39 8405.95 8405 8403.87 8398.39 8390.96 8383.68 8378.4 8375.11 8369.68 8362.07 8356.81 8353.28 8351.64 8349.85 8348.24 8347.13
8186.43 8268.59 8305.84 8347.76 8392.3 8434.56 8467.83 8485.03 8489.21 8487.96 8485.13 8482.49 8480.17 8478.48 8476.89 8475.61 8477.86 8478.49 8473.18 8469.64 8462.42 8456.29 8450.37 8444.65 8440.76 8438.06 8434.45 8427.82 8421.58 8415.77 8410.65 8410.5 8410.85 8411.48 8412.21 8413.52 8415.78 8414.55 8413.26 8412.47 8411.16 8410.04 8410.2 8413.1 8414.2 8412.73 8411.36 8410.29 8409.93 8410.71 8411.05 8408.2 8406.05 8403.84 8397.41 8389.54 8383.23 8378.74 8376.42 8375.16 8370.87 8362.87 8357.21 8353.43 8350.48 8348.32 8347.02
8170.32 8253.42 8289.43 8329.49 8373.29 8416.78 8455.18 8472.67 8474.66 8473.7 8472.55 8472.27 8472.85 8474.04 8475.49 8478.46 8480.15 8478.86 8472.11 8464.1 8459.94 8454 8448.25 8442.58 8436.93 8430.97 8424.25 8420.98 8417.89 8413.69 8409.84 8409.67 8410.22 8410.88 8411.46 8411.83 8412.42 8414.46 8415.19 8414.07 8412.3 8410.75 8410.4 8413.37 8414.46 8413.43 8412.15 8411.06 8410.34 8409.83 8408.75 8406.92 8404.37 8400.07 8393.85 8385.97 8378.8 8375.51 8375.42 8378.23 8376.05 8366.88 8360.38 8354.98 8351.05 8348.1 8345.79
8167.49 8236.19 8269.85 8307.82 8349.48 8392.31 8434.04 8452.25 8451.85 8452.46 8454.62 8458.21 8463.24 8467.35 8471.97 8478.1 8480.61 8480.61 8472.8 8464.35 8459.13 8453.3 8446.79 8440.37 8433.69 8426.32 8420.23 8418.23 8416.07 8413.63 8411.73 8409.91 8409.92 8410.54 8411.06 8410.81 8410.42 8416.13 8416.08 8414.45 8413.01 8412.19 8412.19 8413.6 8413.78 8412.96 8411.84 8410.7 8409.54 8407.96 8405.67 8404.78 8402.87 8398.52 8391.2 8382.23 8373.51 8370.78 8370.39 8370.4 8368.98 8364.52 8359.76 8355.01 8351.05 8347.73 8344.99
8156.52 8204.74 8244.93 8281.23 8318.52 8355.9 8393.87 8413.93 8416.68 8423.6 8432.61 8441.72 8451.17 8459.08 8466.33 8472.99 8480.56 8483.75 8476.82 8468.05 8460.19 8452.71 8445.46 8438.7 8432.2 8426.23 8423.18 8420.06 8415.84 8412.16 8410.21 8409.53 8409.98 8410.98 8412.22 8413.06 8412.91 8416.12 8415.2 8413.51 8412.8 8413.02 8413.2 8412.85 8412.45 8411.73 8410.87 8409.81 8408.64 8407.07 8405.05 8404.05 8402.06 8397.84 8389.93 8380.45 8371.04 8367.65 8365.06 8361.42 8360.74 8359.93 8357.55 8354.21 8350.86 8347.64 8344.64
8145.22 8176.57 8220.21 8252.78 8282.94 8310.06 8331.53 8347.23 8370.14 8390.05 8407.36 8422.99 8437.55 8450.62 8462.06 8471.79 8484.41 8488.89 8481.86 8472.34 8461.74 8451.15 8444.16 8437.54 8431.52 8426.88 8424.64 8421.14 8415.86 8411.08 8408.6 8409.06 8409.9 8411.27 8413.51 8416.76 8418.2 8414.3 8413.36 8411.94 8411.32 8411.66 8411.64 8410.69 8410.46 8410.09 8409.43 8408.67 8407.73 8406.83 8406.44 8404.67 8401.41 8396.81 8390.02 8381.74 8372.73 8367.89 8363.11 8358.25 8357.22 8356.94 8355.61 8353.34 8350.92 8348.08 8345.33
8136.86 8163.92 8198.12 8224.78 8248.59 8267.39 8279.46 8294.06 8328.19 8358.32 8383.72 8405.63 8425.55 8443.39 8458.9 8472.09 8483.59 8488.28 8488.12 8476.54 8462.93 8451.42 8443.48 8436.57 8430.57 8425.97 8422.67 8419.21 8415.62 8412.6 8410.13 8409.14 8409.53 8410.7 8412.91 8416.41 8418 8414.85 8412.6 8410.41 8409.09 8407.98 8408.45 8408.91 8408.67 8408.26 8407.79 8407.42 8406.54 8405.62 8404.86 8403.1 8400.88 8397.03 8391.17 8384.91 8378.68 8370.46 8364.29 8359.43 8357.53 8356.45 8354.68 8353.6 8351.73 8349.25 8346.88
8127.13 8151.53 8175.63 8199.12 8219.8 8237.3 8251.56 8270.07 8301.6 8334.01 8363.25 8389.94 8414.61 8436.41 8455.83 8471.33 8480.78 8482.31 8482.13 8473.4 8462.15 8451.45 8443.14 8435.66 8429.09 8423.7 8420.17 8417.12 8414.58 8413.16 8410.62 8408.73 8408.27 8408.98 8410.33 8412.07 8414.7 8415.49 8412.87 8409.68 8407.9 8406.19 8406.46 8407.15 8406.71 8406.37 8406.18 8406.05 8405.37 8404.09 8401.63 8400.58 8401.54 8398.18 8392.04 8385.58 8379.23 8372 8366.29 8362.56 8359.62 8358.19 8357.27 8355.66 8353.57 8351.06 8348.68
8116.58 8138.7 8156.99 8179.05 8199.47 8217.42 8234.89 8255.36 8285.04 8317.49 8348.56 8378.77 8405.58 8430.06 8452.22 8468.19 8476.83 8475.18 8469.68 8466.36 8459.95 8451.69 8442.45 8434.43 8427.53 8422.11 8418.3 8415.09 8412.43 8410 8408.36 8407.13 8406.65 8406.82 8407.58 8408.66 8413.36 8416.13 8413.73 8410.5 8408.2 8406.78 8405.02 8404.55 8404.31 8404.46 8404.92 8404.9 8404.62 8403.94 8402.76 8402.69 8403.52 8399.18 8392.16 8384.55 8377.75 8372.46 8367.14 8363.15 8361.62 8360.6 8359.59 8358.27 8356.18 8353.44 8350.87
8111.22 8131.62 8147.24 8166.43 8185.9 8205.1 8224.35 8246.19 8274.95 8307.2 8339.34 8369.66 8397.87 8423.75 8447.84 8467.32 8478.66 8472 8464.03 8461.38 8456.03 8448.73 8440.49 8432.66 8425.65 8420.31 8416.58 8413.27 8410.36 8407.79 8405.88 8404.82 8404.54 8404.94 8406.2 8407.66 8413.66 8416.73 8414.66 8411.25 8407.9 8405.13 8401.45 8400.44 8401.79 8403.1 8403.9 8404.57 8404.71 8404.57 8404.54 8404.43 8401.98 8397.53 8391.47 8385.8 8379.29 8373.13 8368.26 8365.16 8363.78 8363.37 8363.32 8362.25 8359.25 8356.04 8353.23
8108.48 8126.62 8142.36 8159.66 8178.45 8198.09 8218.74 8241.98 8269.71 8300.96 8333.77 8363.84 8391.92 8417.92 8442.64 8461.91 8473.85 8470.56 8466.17 8459.6 8452.59 8445.36 8437.84 8430.45 8423.85 8418.9 8415.39 8412.43 8408.42 8404.95 8403.17 8402.37 8402.34 8403.18 8405.37 8410.38 8414.49 8417.24 8415.98 8411.89 8407.6 8403.57 8399.6 8399.05 8401.07 8403.02 8404.17 8405.02 8405.24 8405.16 8404.35 8402.79 8400.58 8395.63 8389.18 8383.94 8378.38 8373.55 8368.96 8366.35 8366.1 8365.83 8366.18 8365.39 8361.56 8358.57 8355.83
8105.26 8122.43 8139.16 8156.41 8175.02 8194.99 8216.28 8239.53 8266.86 8298.1 8329.31 8360.69 8389.14 8414.38 8436.61 8452.17 8463.17 8467.07 8464.96 8457.51 8450.29 8442.49 8434.94 8427.92 8421.82 8417.29 8413.92 8410.8 8406.08 8401.58 8400.54 8400.07 8400.16 8401.01 8403.32 8408.17 8416.38 8420.25 8419.14 8415.28 8410.88 8406.13 8402.12 8401.35 8402.97 8404.46 8405.75 8406.23 8406.32 8405.93 8404.92 8403.39 8401.32 8394.07 8386.15 8377.41 8375.67 8374.42 8373.14 8370.79 8368.88 8367.56 8366.19 8364.29 8362.76 8361.05 8359.16
8104.62 8120.7 8137.68 8155.86 8175.47 8195.76 8217.04 8240.03 8266.76 8298.24 8328.92 8358.84 8386.76 8411.55 8432.62 8447.61 8459.2 8461.94 8459.14 8453.05 8446.23 8438.81 8431.54 8424.84 8419.48 8415.26 8412.21 8409.12 8404.64 8400.45 8398.75 8398.24 8398.55 8399.27 8401.36 8408.77 8424.59 8426.61 8423.16 8419.42 8415.58 8411 8407.22 8405.53 8405.96 8406.72 8407.62 8407.94 8407.78 8407.14 8405.71 8403.18 8398.28 8392.39 8385.04 8378.57 8375.92 8375.58 8376.36 8374.23 8371.34 8369.23 8367.02 8364.55 8364.52 8363.95 8363
8108.48 8123.39 8141.09 8160.21 8179.18 8199.73 8221.5 8244.76 8271.12 8301.96 8332.33 8361.17 8388.72 8412.26 8432.27 8446.28 8453.76 8455.69 8452.65 8447.18 8440.6 8434.26 8427.84 8421.61 8415.05 8412.95 8410.56 8407.79 8403.31 8399.08 8397.5 8397.22 8397.64 8398.6 8400.62 8410.06 8429.63 8429.11 8424.49 8420.79 8417.52 8413.85 8411.04 8409.37 8409.22 8409.38 8409.53 8409.51 8409.43 8408.49 8406.81 8403.99 8399.1 8392.22 8385.32 8379.35 8376.95 8375.81 8375.31 8374.26 8372.59 8371.13 8369.69 8368.01 8367.95 8367.22 8366.56
8115.45 8130.57 8148.03 8166.48 8184.93 8206.03 8228.72 8252.97 8279 8309.28 8339.07 8367.32 8393.87 8416.45 8435.82 8448.61 8452.14 8449.64 8446.68 8441.46 8435.68 8429.65 8424.25 8419.43 8415.94 8411.75 8409.11 8406.55 8401.87 8397.5 8396.62 8396.85 8397.78 8399.22 8401.48 8408.24 8419.84 8422.65 8421.66 8419.73 8417.57 8415.06 8412.88 8412.76 8412.58 8412.37 8412.04 8411.88 8411.12 8410.29 8408.35 8404.91 8399.16 8392.84 8386.66 8381.5 8378.45 8376.04 8373.9 8373.71 8373.37 8372.94 8373.1 8373.79 8372.48 8370.05 8368.82
8124.74 8140.04 8155.79 8171.47 8191.4 8214.31 8238.84 8264.17 8290.73 8319.67 8348.22 8375.41 8400.9 8423 8442.08 8455.59 8454.79 8450.61 8443.9 8436.19 8429.43 8425.24 8420.84 8416.54 8412.86 8410.08 8407.45 8405.03 8400.32 8396.49 8396.28 8397.06 8398.52 8400.81 8403.66 8405.39 8407.63 8414.54 8417.44 8417.66 8416.93 8417.72 8417.33 8417.29 8416.44 8415.38 8414.54 8414.19 8413.35 8412.14 8410.09 8406.68 8399.58 8394.04 8388.65 8384.04 8380.78 8377.81 8374.91 8374.62 8374.25 8373.93 8374.47 8377.1 8374.04 8370.53 8369.01
8134.48 8148.53 8163.05 8177.24 8199.22 8224.42 8250.57 8277.22 8304.64 8331.66 8359.05 8385.07 8408.68 8428.99 8446.02 8456.94 8455.42 8450.19 8441.71 8432.96 8426.32 8422.15 8418.15 8414.01 8410.56 8408.34 8405.98 8403.6 8399.68 8396.72 8396.81 8397.71 8399.13 8401.84 8406.49 8406.1 8406.32 8411.2 8414.92 8416.77 8418.18 8423.91 8425.67 8422.2 8419.56 8417.74 8416.66 8415.84 8414.94 8413.92 8412 8408.15 8401.36 8395.93 8390.9 8386.75 8383.58 8381.56 8379.52 8376.95 8375.13 8373.77 8372.59 8370.66 8369.14 8368.56 8367.9
8141.54 8154.19 8168.55 8184.63 8209.08 8236.98 8264.73 8291.02 8316.03 8343.81 8371.67 8396.22 8417.18 8434.71 8447.78 8454.88 8452.85 8445.63 8437.85 8430.52 8424.55 8420.24 8416.62 8412.91 8409.71 8407.38 8404.84 8402.61 8399.55 8398.43 8398.17 8398.34 8399.16 8400.91 8402.86 8405.04 8407.08 8410.94 8414.36 8417.25 8420 8426.21 8428.08 8423.45 8420.59 8418.82 8417.49 8417.08 8416.22 8415.16 8413.76 8411.41 8404.73 8397.62 8391.98 8388.02 8385.42 8384.23 8382.6 8378.58 8375.66 8373.18 8370.69 8367.71 8366.09 8366.56 8366.73
8145.9 8158.33 8173.52 8193.63 8221.72 8253.25 8283.12 8309.43 8331.31 8360.12 8388.26 8409.75 8427.28 8441.07 8450.47 8453.59 8450.13 8440.05 8433.51 8426.9 8422.13 8418.73 8415.96 8413.53 8410.29 8407.01 8404.11 8401.84 8401.05 8401.16 8399.84 8398.98 8398.79 8399.69 8401.44 8406.08 8409.47 8411.83 8414.32 8416.93 8419.15 8418.37 8420.02 8420.63 8419.7 8418.7 8417.94 8417.21 8416.57 8415.6 8414.06 8410.97 8403.65 8398.08 8393.27 8389.09 8385.78 8383.03 8380.9 8378.41 8375.65 8372.86 8370.02 8367.25 8365.7 8365.73 8366.22
8151.74 8163.57 8179.28 8204.19 8238.27 8273.92 8307.34 8337.32 8362.15 8388.74 8411.14 8426.52 8437.39 8446.79 8456.5 8457.72 8449.44 8438.38 8430.31 8423.66 8419.83 8417.33 8415.35 8413.33 8410.25 8406.72 8403.55 8401.13 8401.51 8402.86 8401.1 8399.28 8398.1 8398.29 8400.89 8407.2 8410.87 8412.14 8413.57 8414.82 8414.76 8413.51 8415.66 8417.47 8417.83 8417.59 8417.27 8416.81 8416.27 8415.41 8413.61 8409.7 8403.28 8398.13 8394.03 8389.49 8385.79 8382.33 8379.91 8378.13 8375.73 8373.13 8370.31 8367.48 8365.62 8365.83 8366.49
