real_craters/C182-300m.grd
DSAA
516 516
-77.1925 77.1925
-77.1925 77.1925
6824.9316022647 9613.5006644682
[rows 390 to 419 of 516, columns 402 to 468 of 516]
8486.87 8486.15 8485.37 8484.54 8483.78 8482.9 8483.05 8484.12 8483.54 8483.5 8484.03 8484.65 8483.81 8484.3 8483.99 8483.64 8483.18 8482.67 8481.85 8481.81 8482.11 8483.25 8485.4 8488.72 8490.75 8491.44 8492.06 8492.48 8493.03 8494.25 8495.65 8497.44 8498.06 8492.3 8488.3 8490.96 8494.32 8497.83 8503.54 8501.58 8500.92 8502.53 8491.92 8478.1 8478.54 8482.33 8497.78 8502.73 8499.49 8494.19 8488.15 8482.31 8475.78 8470.1 8466.47 8468.4 8474.55 8478.19 8478.12 8471.59 8464.77 8457.8 8451.14 8445.9 8447.03 8451.95 8456.81
8487.77 8486.99 8486.12 8485.19 8484.14 8482.9 8481.26 8480.15 8482.88 8483.94 8484.86 8485.69 8486.4 8486.76 8486.85 8486.53 8483.5 8482.98 8482.12 8481.98 8482.2 8482.81 8483.68 8483.73 8485.47 8488.74 8489.09 8489.66 8490.88 8491.92 8493.77 8496.51 8497.43 8489.98 8483.45 8490.15 8493.65 8494.31 8486.29 8489.33 8492.13 8494.52 8482.32 8450.52 8475.72 8492.52 8499.92 8501.68 8498.05 8492.65 8486.53 8480.1 8473.56 8467.92 8464.46 8466.61 8471.79 8475.66 8477.04 8470.65 8463.6 8456.81 8449.86 8443.71 8444.78 8448.8 8452.76
8489.03 8488.19 8487.12 8486.39 8485.29 8484.23 8482.82 8481.7 8483.05 8484.61 8486.03 8487.25 8487.97 8488.35 8488.45 8488.33 8485.8 8485.43 8484.94 8484.63 8484.41 8484.12 8483.51 8482.08 8482.39 8484.88 8484.97 8486.02 8487.23 8488.51 8489.98 8491.74 8493.2 8492.29 8495.16 8494.13 8496.04 8497.79 8503.38 8504.94 8493.13 8493.34 8495.62 8510.39 8497.23 8493.81 8497.46 8498.98 8495.12 8490.59 8485.89 8479.79 8473.52 8466.77 8461.91 8464.68 8468.5 8469.86 8469.71 8466.38 8461.87 8456.54 8450.8 8445.98 8445.42 8446.53 8447.34
8490.46 8490.01 8489.07 8487.98 8486.91 8486.3 8487.03 8486.3 8484.67 8486.52 8488.27 8489.84 8490.67 8491.12 8491.28 8491.22 8491.26 8493.23 8492.41 8490.85 8489.56 8487.88 8486 8483.33 8479.08 8477.34 8480.04 8482.5 8484.22 8485.36 8485.7 8485.71 8487.37 8491.31 8493.97 8496.94 8498.95 8500.53 8499.78 8492.11 8489.33 8500.48 8504.16 8502.48 8499.36 8493.89 8492.36 8491.48 8492.16 8489.47 8484.59 8478.84 8472.04 8467.22 8462.15 8464.83 8468.35 8464.38 8461 8461.83 8459.77 8456.58 8452.96 8449.51 8448.06 8446.71 8444.59
8493.21 8492.55 8491.58 8490.38 8489.03 8487.9 8487.24 8487.46 8487.94 8490.16 8491.88 8493.16 8494 8494.13 8494.31 8494.86 8494.57 8494.05 8493.27 8491.98 8490.72 8489.04 8486.84 8484.44 8478.9 8474.35 8478.61 8481.91 8483.63 8484.19 8483.93 8482.87 8485.2 8491.53 8496.82 8500.43 8502.28 8503.47 8503.46 8503.68 8501.57 8507.79 8508.31 8506.68 8503.32 8499.06 8495.04 8493.04 8492.05 8488.91 8484.13 8478.45 8472.68 8468.28 8467.25 8463.99 8465.13 8463.36 8461.55 8459.87 8458.41 8457.09 8455.99 8454.82 8452.22 8450.16 8448.95
8494.29 8493.9 8493.37 8492.47 8491.3 8489.65 8487.14 8489.48 8493.59 8495.26 8496.1 8496.77 8497.02 8497.42 8497.35 8497.08 8496.69 8496.16 8495.43 8494.69 8493.36 8491.68 8489.31 8486.79 8483 8480.51 8482.42 8483.92 8484.87 8485.24 8485.1 8485.94 8488.69 8494.32 8500.7 8504.11 8505.74 8507.04 8508.6 8508.44 8500.21 8510.62 8509.63 8508.87 8508.73 8503.39 8499.75 8499.12 8495.42 8491.25 8485.84 8479.69 8473.85 8468.39 8462.94 8461.15 8457.51 8462.17 8461.11 8458.5 8457.73 8457.86 8458.25 8458.21 8456.2 8454.6 8453.5
8497.49 8497.31 8496.7 8496.12 8495.12 8494.03 8493.86 8495.59 8499.15 8500.52 8500.89 8500.92 8500.82 8500.21 8500.28 8499.83 8499.26 8498.56 8497.73 8496.74 8495.58 8494.19 8492.47 8490.31 8487.31 8488.58 8488.15 8487.71 8487.82 8487.93 8487.5 8486.88 8491.31 8496.95 8502.96 8506.37 8507.96 8509.94 8510.95 8511.38 8509.64 8512.68 8512.51 8512.37 8511.88 8507.58 8505.16 8502.58 8499.49 8494.28 8487.88 8481.03 8474.57 8469.71 8468.36 8466.4 8462.87 8457.44 8455.34 8455.14 8456.28 8457.85 8458.96 8459.37 8459.46 8458.72 8458.36
8500.25 8500.44 8500.35 8500.33 8499.81 8499.35 8499.68 8501.8 8504.24 8505.73 8505.68 8505.12 8504.62 8504.12 8502.9 8502.3 8501.69 8500.25 8499.88 8499.09 8498.25 8497.36 8496.41 8495.35 8495.06 8493.96 8492.76 8491.71 8491.64 8492.15 8493.06 8493.74 8495.94 8499.85 8503.18 8505.97 8509.2 8510.77 8511.82 8511.52 8510.57 8507.46 8510.2 8511.57 8508.54 8512.03 8511.76 8510.83 8505.63 8498.26 8490.56 8482.91 8475.43 8467.11 8464.29 8467.83 8461.82 8448.12 8448.26 8451.04 8454.22 8458.15 8462 8463 8462.49 8462.23 8462.37
8503.56 8504.12 8504.65 8505.04 8505.09 8504.83 8504.97 8507.61 8510.74 8511.19 8510.04 8509 8508.21 8507.47 8506.29 8505.56 8504.83 8503.19 8502.54 8501.92 8501.33 8501.01 8500.51 8500.22 8499.92 8496.62 8495.77 8495.5 8495.75 8496.63 8498.43 8501.77 8501.7 8502.93 8505.97 8508.97 8510.21 8510.98 8512.71 8513.26 8507 8503.75 8512.28 8516.32 8520.13 8519.11 8518.51 8517.35 8510.88 8502.28 8493.57 8485 8477.85 8472.56 8468.9 8465.56 8457.31 8449.21 8445.53 8448.11 8452.11 8456.79 8464.8 8465.3 8464.1 8464.42 8465.21
8507.25 8508.12 8509.07 8509.93 8510.96 8511.43 8511.15 8513.16 8514.43 8514.09 8513.11 8512.14 8511.23 8510.47 8509.61 8508.79 8508 8506.49 8505.83 8505.28 8504.37 8504.15 8504.02 8503.7 8502.76 8500.14 8499.27 8499.31 8499.52 8500.28 8502.17 8502.88 8503.27 8503.67 8506.17 8514.19 8507.8 8510.4 8513.36 8515.04 8508.86 8506.33 8517.46 8521.25 8523.02 8524.55 8525.58 8522.31 8513.9 8503.8 8494.51 8486.03 8479.24 8474.54 8470.12 8467.59 8454.06 8439.72 8442.91 8446.68 8450.44 8452.92 8451.9 8459.17 8463.41 8465.61 8467.19
8511.08 8512.03 8513.31 8514.92 8517.17 8519.87 8520.79 8518.94 8517.33 8516.07 8515.53 8514.52 8513.37 8511.96 8510.71 8509.49 8508.67 8507.9 8507.15 8506.59 8505.91 8505.91 8506.15 8506.24 8506.55 8504.69 8503.91 8503.73 8503.23 8502.83 8503.23 8505.57 8504.1 8502.96 8499.09 8482.02 8502.41 8510.01 8513.64 8514.3 8515.94 8509.73 8513.86 8520.46 8524.87 8528.25 8528.34 8521 8511.98 8504.87 8495.52 8486.09 8477.99 8472.33 8466.36 8459.27 8451.01 8444.19 8444.32 8447.81 8451.33 8453.79 8455.66 8459.12 8463.73 8466.65 8468.67
8514.59 8515.38 8516.69 8518.83 8521.79 8525.08 8525.72 8523.48 8520.76 8518.8 8518.26 8517.19 8515.93 8514.58 8513.24 8511.98 8510.65 8509.67 8508.84 8508.42 8507.64 8507.62 8507.79 8508.46 8509.96 8510.63 8509.7 8508.5 8507.02 8505.13 8502.32 8501.22 8504.44 8505.21 8504.97 8511.65 8510.37 8513.56 8516.03 8516.98 8516.45 8505.98 8509.74 8520.06 8527.85 8531.34 8532.78 8526.88 8517.22 8507.08 8496.17 8484.9 8474.13 8466.84 8462.63 8456.09 8451.52 8446.43 8448.22 8451.01 8454.4 8458.08 8462.04 8463.34 8465.62 8467.83 8469.44
8517.1 8517.82 8518.7 8520.51 8523.75 8529.42 8529.25 8525.87 8523.62 8522.37 8521.35 8519.98 8518.56 8517.31 8516.03 8514.85 8513.71 8512.75 8511.92 8511.07 8510.25 8510.03 8510.2 8510.6 8511.45 8512.76 8514.42 8512.58 8510.75 8508.73 8507.01 8506.93 8508.52 8510.39 8512.19 8512.39 8515.97 8518.38 8519.92 8521.11 8522.63 8505.11 8515.86 8523.64 8527.28 8532.3 8536.52 8532.44 8521.91 8509.92 8496.98 8484.92 8472.36 8458.5 8462.49 8466.44 8458.51 8454.63 8453.71 8455.36 8458.4 8461.62 8464.2 8466.2 8467.34 8468.68 8469.91
8519.91 8519.51 8519.47 8520.03 8521.44 8523.62 8525.27 8524.92 8525 8525.87 8523.78 8521.85 8520.24 8518.77 8517.86 8516.82 8515.77 8514.82 8513.91 8513.15 8512.22 8511.52 8511.23 8511.27 8511.45 8512.19 8514.28 8515.3 8514.89 8513.6 8512 8512.46 8514.45 8516.61 8519.03 8523.16 8524.1 8523.46 8523.31 8521.8 8519.35 8526.57 8528.03 8529.22 8535.1 8542.45 8541.77 8540.51 8533.67 8509.96 8496.65 8486.51 8477.8 8471.34 8462.93 8457.74 8461.26 8459.85 8457.79 8459.3 8462.38 8465.76 8467.76 8468.62 8468.69 8469.14 8470.25
8522.43 8521.08 8519.99 8518.79 8517.42 8514.7 8518.52 8521.85 8523.66 8524.31 8523.75 8522.91 8521.7 8520.35 8519.09 8518.14 8517.14 8516.24 8515.55 8514.62 8513.93 8513.2 8512.55 8512.09 8511.61 8512.08 8514.28 8518.33 8519.64 8519.87 8519.2 8519.78 8521.23 8522.88 8524.88 8526.48 8527.42 8528.29 8527.86 8526.54 8525.48 8523.89 8528.36 8528.47 8529.29 8531.32 8542.11 8544.63 8504.26 8499.72 8494.4 8488.23 8481.76 8474.74 8469.17 8463.21 8454.33 8455.98 8459.17 8461.77 8465.23 8470 8471.99 8470.15 8469.06 8468.62 8468.47
8524.76 8522.32 8520.17 8518.12 8516.33 8515.71 8516.99 8519.91 8522.5 8523.63 8524.52 8523.74 8522.14 8520.71 8519.42 8518.57 8517.61 8516.95 8516.04 8515.34 8514.72 8513.99 8513.16 8512.15 8510.62 8510.11 8515.32 8522.13 8524.61 8527.04 8528.65 8528.45 8527.98 8528.25 8529.32 8531.19 8532.95 8532.23 8532.17 8530.91 8523.71 8529.63 8526.33 8525.33 8523.54 8523.33 8533.05 8530.18 8507.8 8497.65 8494.27 8491.16 8486.94 8479.7 8471.48 8465.39 8461.59 8459.84 8461.16 8463.38 8466 8468.02 8469.47 8468.97 8467.88 8466.78 8465.65
8526.59 8523.71 8520.8 8517.95 8515.79 8515.11 8516.56 8519.09 8522.23 8525.72 8525.79 8524.01 8522.39 8521.14 8520.12 8519.62 8518.93 8518.09 8517.55 8517.03 8516.61 8515.95 8515.19 8514.09 8512.01 8510.21 8514.55 8523.1 8528.1 8533.22 8536.86 8535.77 8533.91 8532.85 8532.31 8532.75 8533.36 8534.78 8536.76 8537.39 8533.93 8535.09 8526.7 8525.33 8523.53 8518.07 8529.03 8531.06 8512.65 8499.71 8496.09 8495.13 8492.62 8483.57 8472.65 8466.75 8466.62 8463.44 8462.94 8464.13 8466.16 8468.09 8467.88 8467.15 8465.64 8464.17 8462.77
8528.05 8524.86 8521.64 8518.44 8515.26 8513.66 8515.82 8518.4 8521.07 8523.23 8523.72 8522.86 8521.81 8520.97 8520.39 8519.89 8519.47 8519.26 8519.29 8519.14 8518.77 8518.34 8517.89 8517.23 8515.94 8515.95 8516.69 8522.47 8530.38 8537.31 8541.56 8540.27 8538.05 8536.35 8534.71 8533.12 8532.14 8536.01 8540.38 8545 8542.37 8541.28 8532.89 8531.03 8533.32 8535.42 8536.17 8527.78 8505.72 8496.96 8497.85 8499.62 8497.09 8484.72 8468.3 8463.93 8463.29 8463.51 8463.17 8463.72 8465.24 8467.58 8466.24 8464.31 8462.46 8460.76 8459.18
8529.81 8526.51 8523.11 8519.85 8516.75 8515.15 8516.33 8518.13 8519.66 8520.93 8521.4 8521.09 8520.79 8520.58 8520.69 8520.52 8520.6 8520.63 8520.5 8520.69 8521.08 8521.2 8521.16 8521.26 8521.37 8522.86 8524.02 8526.39 8533.1 8539.39 8543.28 8542.41 8540.45 8537.96 8535.61 8533.84 8533.39 8536.71 8541.62 8545.24 8544.39 8544.14 8538.16 8538.05 8545.03 8554.86 8545.31 8526.54 8507.39 8498.96 8499.82 8503.48 8506.53 8487.07 8465.65 8462.44 8464.11 8463 8462.39 8462.07 8462.22 8462.59 8461.69 8460.16 8458.54 8456.71 8455.6
8531.4 8528.21 8525.08 8522.15 8519.6 8518.14 8517.89 8518.41 8518.79 8518.71 8518.52 8519.23 8519.83 8520.3 8521 8521.32 8522.12 8522.55 8523.1 8523.72 8524.09 8524.61 8525.07 8525.57 8526.19 8528.07 8528.69 8530.95 8536.22 8540.16 8542.57 8542.87 8541.38 8539.18 8536.8 8534.75 8534.17 8536.59 8541.4 8545.83 8546.83 8549.78 8545.9 8546.5 8553.04 8553.56 8543.67 8523.35 8505.15 8499.89 8499.59 8502.32 8502.51 8485.4 8465.42 8463.62 8462.62 8462.7 8461.53 8460.32 8458.71 8456.32 8456.95 8456.16 8454.76 8453.09 8451.52
8533.36 8530.33 8527.46 8524.77 8522.67 8520.97 8519.87 8519.35 8518.71 8517.84 8516.98 8518.23 8519.47 8520.33 8521.34 8521.87 8522.7 8523.46 8524.39 8525.15 8526.11 8526.99 8527.99 8529.03 8530.28 8531.52 8530.63 8535.66 8539.03 8541.67 8543.44 8543.87 8542.48 8540.01 8537.55 8535.33 8533.59 8535.56 8540.3 8544.75 8547.79 8554.53 8556.81 8557.31 8562.93 8565.83 8555.95 8528.48 8506.57 8498.91 8496.68 8496.83 8496.58 8484.38 8471.95 8468.47 8467.66 8462.77 8460.94 8459.32 8457.85 8456.73 8454.51 8453.1 8451.57 8449.63 8447.39
8535.33 8532.61 8529.95 8527.32 8525.18 8523.31 8521.89 8520.73 8519.74 8518.73 8518.39 8518.77 8519.35 8520.23 8521.31 8522.25 8523.33 8524.41 8525.66 8526.82 8528.09 8529.49 8531.4 8532.98 8534.93 8535.72 8535.64 8536.18 8542.5 8546.9 8547.17 8545.56 8542.92 8540.19 8537.7 8535.9 8535.08 8535.26 8535.86 8541.89 8547.55 8560.8 8564.79 8565.6 8571.28 8576.25 8568.9 8534.17 8506.07 8498.31 8492.05 8489.45 8486.15 8484.87 8477.17 8462.7 8459.35 8461.99 8460.9 8458.94 8456.47 8454.34 8452.8 8450.79 8448.73 8446.63 8444.11
8537.05 8534.51 8532.24 8529.79 8526.97 8525.48 8524 8522.41 8520.98 8519.65 8519.81 8519.16 8519.19 8520.1 8521.33 8522.92 8524.82 8526.11 8527.53 8529 8530.57 8532.58 8534.45 8536.65 8538.19 8540.7 8543.17 8545.38 8547.67 8550.71 8550.1 8546.88 8543.5 8539.86 8537.19 8535.34 8535.92 8535.87 8529.8 8528.74 8545.17 8561.87 8572.37 8570.58 8575.61 8576.99 8566.28 8538.45 8506.27 8494.28 8485.1 8483.21 8486.72 8487.83 8485.39 8478.05 8469.45 8464.8 8461.62 8458.92 8456.71 8454.13 8451.46 8449 8446.67 8444.47 8442.39
8538.46 8536.37 8534.56 8533.13 8531.86 8528.79 8526.4 8524.2 8522.16 8519.88 8518.38 8517.94 8518.98 8520.53 8522.1 8523.61 8524.82 8526.26 8527.82 8529.37 8531.32 8533.26 8535.48 8538.75 8541.7 8544.82 8548.84 8551.84 8552.77 8550.59 8550.75 8548.04 8543.84 8539.14 8535.24 8532.2 8530.56 8529.62 8533.34 8537.76 8542.96 8561.28 8577.07 8575.43 8576.84 8576.49 8568.97 8548.41 8524.05 8489.26 8477.29 8469.65 8472.72 8487.22 8490.23 8485.85 8476.23 8467.72 8462.2 8458.31 8455.71 8453.1 8450.09 8447.34 8445.26 8443.41 8441.82
8540.16 8538.33 8536.69 8535.44 8534.27 8531.35 8528.62 8526.16 8523.69 8520.49 8517.5 8517.23 8519.32 8521.15 8522.81 8524.17 8525.49 8526.89 8528.48 8529.97 8532.07 8534.02 8536.41 8539.22 8542.82 8547.28 8551.57 8554.9 8558.7 8561.37 8555.36 8549.29 8543.65 8538.48 8533.05 8528.09 8523.08 8518.92 8517.87 8523.23 8531.66 8539.06 8556.9 8571.44 8572.65 8574.07 8572.27 8556.53 8534.34 8498.31 8476.42 8463.48 8464.22 8472.93 8479.43 8481.47 8473.91 8466.39 8460.51 8456.1 8453.09 8450.32 8447.85 8445.56 8443.58 8442.2 8440.93
8541.81 8540.11 8538.32 8536.25 8534.39 8532.58 8530.58 8528.34 8525.91 8522.7 8520.24 8519.6 8521.27 8522.58 8523.8 8524.62 8525.91 8527.2 8528.67 8530.13 8531.97 8534 8536.65 8539.17 8542.37 8547.27 8552.18 8556.62 8560.96 8560.91 8555.1 8548.66 8542.65 8536.48 8530.6 8524.55 8517.61 8510 8510.94 8514.55 8518.84 8526.36 8540.84 8553.91 8560.78 8566.71 8568.41 8556.37 8535.32 8503.82 8479.74 8466.5 8463.47 8466.08 8469.01 8466.87 8466.79 8462 8456.63 8452.08 8449.93 8447.06 8445.06 8443.67 8443.01 8442.05 8441.17
8543.46 8542.09 8540.12 8537.28 8534.99 8534.32 8532.89 8530.97 8528.98 8526.1 8524.62 8523.88 8524.57 8525.06 8525.29 8525.74 8526.2 8526.91 8528.23 8529.48 8531.11 8532.86 8535.54 8537.99 8541.29 8545.09 8549.1 8552.43 8556.01 8554.68 8550.74 8545.44 8539.94 8534.35 8528.74 8522.89 8517.03 8511.76 8510.12 8512.89 8516 8519.06 8523.43 8529.82 8546.61 8556.81 8559.54 8550.97 8530.36 8500.95 8480.68 8472.32 8465.27 8462.85 8465.45 8465.25 8461.85 8457.21 8451.94 8446.23 8441.27 8441.85 8442.45 8442.3 8442.31 8442.09 8442.09
8545.26 8544.36 8543.12 8541.39 8539.13 8537.4 8535.69 8533.9 8532.29 8530 8529.68 8529.65 8528.67 8527.6 8526.9 8526.63 8526.94 8527.39 8527.95 8528.9 8530.14 8531.54 8534.36 8536.37 8538.24 8540.89 8543.11 8544.82 8545.99 8546.4 8544.97 8541.64 8537.68 8533.34 8528.46 8523.98 8519.7 8515.82 8517.29 8514.61 8513.98 8514.36 8516.38 8529.57 8537.76 8548.68 8555.47 8549.88 8528.38 8501.24 8480.83 8465.21 8461.65 8464.82 8462.61 8463.52 8457.75 8452.93 8448.19 8443.07 8438.28 8439.42 8440.99 8442.17 8442.97 8443.53 8443.46
8547.55 8546.86 8546.45 8545.4 8543.37 8540.67 8538.27 8536.34 8534.92 8533.15 8533.56 8534.33 8531.96 8529.73 8528.27 8527.49 8527.59 8527.65 8528.14 8528.98 8529.53 8531.5 8532.51 8533.59 8533.96 8535.35 8535.49 8534.59 8535.69 8540.17 8539.15 8537.25 8534.64 8531.34 8528.23 8525.21 8523.29 8524.2 8526.3 8518.55 8514.02 8517.75 8521.35 8525.06 8530.64 8541.78 8550.71 8548.8 8529.9 8507.64 8481.96 8467.37 8452.67 8445.53 8450.46 8452.67 8451.29 8448.82 8446.07 8443.5 8441.86 8440.87 8441.52 8442.52 8443.78 8444.84 8445.98
8549.66 8549.03 8549.21 8549.72 8546.54 8542.87 8539.98 8537.85 8536.32 8535.56 8535.07 8535.42 8533.08 8530.51 8528.7 8527.82 8527.73 8527.65 8528.18 8528.87 8529.27 8529.36 8529.66 8529.81 8529.48 8529.57 8527.93 8525.42 8525.21 8531.99 8533.85 8533.93 8532.96 8531.33 8529.21 8527.43 8526.09 8524.94 8523.73 8526.07 8526 8526.57 8531.22 8533.15 8526.74 8535.01 8541.85 8539.95 8523.57 8502.41 8474.26 8459.58 8448.91 8439.36 8440.26 8442.64 8445.47 8445.81 8444.78 8443.84 8443.41 8442.88 8443.06 8444.11 8445.5 8447.11 8448.93
