real_craters/C182-300m.grd
DSAA
516 516
-77.1925 77.1925
-77.1925 77.1925
6824.9316022647 9613.5006644682
[rows 270 to 299 of 516, columns 268 to 334 of 516]
7012.31 7029.51 7033.25 7033.71 7034.33 7034.12 7034.74 7035.23 7036.05 7036.9 7037.97 7039.1 7040.59 7042.24 7046.07 7051.26 7055.48 7064.21 7077.2 7092.77 7109.35 7127.36 7146.47 7157.4 7176.65 7195.71 7209.69 7230.4 7249.2 7272.6 7297.03 7326.41 7362.89 7414.06 7476.75 7540.97 7614.4 7690.13 7768.42 7853.33 7941.62 8000.49 8061.49 8124.41 8186.01 8247.56 8309.91 8372.67 8438.43 8511.01 8586.88 8641.01 8698.91 8772.66 8860.05 8955.14 9052.02 9146.19 9229.36 9294.14 9364.44 9415.37 9437.76 9449.32 9444.68 9406.63 9363.47
7020.51 7031.67 7031.93 7032.43 7033.13 7033.98 7034.98 7035.92 7037.14 7038.51 7039.98 7041.5 7043.23 7044.69 7046.01 7050.58 7058.81 7069.27 7083.22 7098.94 7116.15 7134.68 7149.17 7168.95 7184.2 7204.44 7225.05 7246.5 7264.93 7287.78 7312 7342.12 7377.54 7424.66 7485.12 7546.31 7614.4 7683.42 7751.6 7817.28 7889.71 7971.26 8043.73 8112.07 8177.3 8241.14 8304.01 8365.54 8429.1 8493.03 8554.28 8596.47 8653.5 8738.19 8832.1 8931.04 9029.71 9126.1 9215.05 9299.21 9376.27 9438.25 9476 9493.23 9463.96 9417.66 9364.08
7024.09 7022.49 7028.22 7029.96 7031.09 7032.28 7033.71 7035 7037.24 7039.25 7041.36 7043.58 7046.02 7048.67 7053.26 7057.42 7063.94 7075 7090.1 7106.45 7125.02 7144.58 7162.99 7184.1 7200.69 7221.14 7237.57 7260 7282.95 7306.21 7330.77 7361.6 7396.21 7441.58 7499.15 7556.24 7619.43 7682.93 7743.86 7800.04 7867.08 7953.01 8031.3 8102.86 8168.65 8232.97 8294.81 8354.14 8412.11 8464.12 8509.64 8553.76 8611.44 8707.36 8808.67 8911.5 9013.35 9110.7 9206.46 9301.93 9386.97 9461.01 9527.84 9533.62 9463.81 9416.72 9359.14
7026.41 7027 7026.84 7027.76 7029.39 7031.34 7033.28 7035.54 7038.04 7040.66 7043.36 7046.02 7049.13 7052.63 7058.09 7063.15 7070.37 7082.25 7097.47 7114.6 7133.98 7152.59 7173.85 7195.91 7215.12 7237.92 7255.65 7279.34 7298.84 7325.11 7353.37 7385.24 7421.38 7468.78 7519.85 7575.1 7629.83 7690.76 7751.11 7812.74 7879.81 7953.19 8026.58 8096.67 8162.01 8225.67 8285.02 8342.61 8396.23 8443.17 8487.07 8533.28 8594.06 8689 8792.43 8897.73 9000.98 9099.25 9192.82 9276.99 9364.14 9460.67 9537.89 9523.39 9455.75 9406.76 9346.05
7023.03 7023.26 7023.46 7024.58 7026.92 7029.75 7032.77 7035.98 7039.26 7042.58 7045.99 7049.33 7052.82 7056.29 7060.29 7067.09 7076.26 7089.09 7105.81 7123.98 7142.57 7163.05 7185.22 7207.18 7230.52 7253.16 7277.52 7296.78 7322.66 7345.94 7375.73 7407.81 7446.29 7493.15 7540.8 7592.74 7644.65 7703.88 7766.37 7836.59 7900 7962.1 8029.07 8096.12 8160.67 8223.2 8281.3 8337.19 8387.58 8432.76 8474.6 8525.94 8590.53 8681.62 8783.67 8888.74 8992.38 9090.86 9182.26 9262.53 9346.87 9443.07 9512.29 9514 9448.63 9386.54 9330.64
7016.02 7016.03 7017.55 7020.51 7024.15 7028.11 7032.08 7036.2 7040.33 7044.44 7048.59 7052.67 7056.83 7060.99 7066.14 7072.07 7081.56 7096.18 7114.53 7133.65 7155.41 7175.42 7198.81 7221.94 7246.61 7270.53 7296.21 7319.22 7346.33 7370.56 7400.93 7430.99 7468.61 7510.75 7558.66 7610.82 7660.84 7717.8 7777.39 7842.31 7907.84 7969.4 8033.72 8098.32 8161.31 8222.63 8280.43 8335.7 8386.67 8433.25 8477.74 8531.8 8596.53 8683.05 8781.57 8884.75 8987.09 9086.68 9179.49 9259.95 9334.84 9423.75 9476.37 9459.8 9404.47 9347.81 9298.93
7010.26 7010.35 7012.37 7016.54 7021.54 7026.67 7031.58 7036.64 7041.64 7046.57 7051.33 7056.2 7061.04 7066.6 7073.01 7078.16 7087.51 7103.92 7123.54 7144.39 7166.97 7190.53 7211.73 7236.9 7262.75 7288.12 7313.58 7339.94 7368.3 7396.1 7426.05 7456.85 7492.34 7530.87 7578.62 7631 7679.47 7734.12 7788.91 7840.8 7910.74 7977.18 8041.03 8104.23 8165.53 8225.99 8284.19 8339.19 8391.64 8441.14 8491.49 8548.69 8609.61 8690.24 8784.45 8885.17 8988.57 9091.2 9186.78 9272.23 9349.31 9404.21 9427.46 9373.57 9326.39 9296.94 9263.57
7005.72 7005.67 7007.73 7013.46 7019.5 7025.54 7031.19 7037.09 7042.94 7048.7 7054.47 7060.12 7065.59 7071.82 7078.92 7085.07 7096.05 7113.37 7134.26 7155.45 7178.92 7203.5 7228.69 7255.41 7279.03 7305.86 7332.83 7361.61 7391.17 7420.47 7451.21 7483.9 7519.77 7558.62 7605.19 7655.05 7700.94 7754.5 7812.02 7871.13 7929.71 7990.62 8051.9 8113.95 8175.26 8233.77 8291.94 8347.81 8401.19 8454.04 8509.94 8568.65 8627.6 8699.98 8790.64 8890.38 8993.31 9096.67 9195.06 9284.73 9355.89 9371.23 9340.83 9299.93 9269.2 9255.09 9232.93
7002.72 7003.54 7005.98 7012.24 7018.42 7024.93 7031.54 7038.19 7044.85 7051.36 7057.93 7064.43 7070.52 7076.7 7083.78 7092.73 7105.52 7124.09 7146.14 7167.45 7191.67 7217.67 7244.78 7272.73 7298.87 7327.4 7352.73 7382.87 7412.87 7443.42 7476.83 7511.05 7548.49 7589.55 7635.45 7681.21 7723.85 7775.02 7831.14 7893.46 7947.82 8006.11 8067.09 8126.62 8187.29 8245.42 8303.67 8359.6 8413.78 8467.71 8522.72 8579.71 8630.34 8701.39 8797.31 8898.3 9000.88 9102.39 9201.18 9287.97 9355.49 9342.25 9288.33 9265.37 9249.08 9234.89 9215.03
7001.14 7003.78 7008.01 7012.72 7018.57 7025.22 7032.33 7039.64 7046.74 7054.16 7061.64 7069.07 7076.42 7085.14 7093.19 7102.15 7116.22 7135.29 7157.56 7181.01 7206.47 7231.76 7259.9 7287.26 7316.88 7347.08 7376.6 7408.05 7436.32 7468.22 7502.85 7538.24 7576.88 7618.93 7665.3 7707.19 7746.91 7793.59 7843.04 7897.73 7960.22 8021.08 8081.77 8141.85 8202.19 8260.01 8318.4 8375.25 8428.3 8482.29 8533.58 8584.66 8639.46 8712.36 8809.86 8909.18 9010.13 9109.25 9204.46 9285.05 9342.49 9328.68 9280.88 9262.25 9248.41 9233.05 9210.03
7001.12 7004.2 7008.36 7013.29 7019.25 7026.33 7033.98 7041.9 7049.62 7057.91 7066.21 7074.58 7082.72 7090.93 7100.2 7110.73 7126.07 7145.96 7169.3 7194 7220.06 7248.45 7276.88 7304.51 7335.26 7366.43 7398.47 7431.1 7461.09 7495.26 7527.71 7564.52 7603.56 7645.06 7689.68 7731.27 7770.16 7815.84 7864.54 7917.98 7978.49 8039.16 8099.54 8158.28 8218.36 8277.21 8335.87 8393.32 8447.03 8500.91 8550.5 8598.91 8665.46 8749.84 8827.7 8922.64 9020.56 9115.76 9205.62 9281.02 9331.76 9328.03 9289.16 9279.8 9266.94 9245.24 9212.49
7002.05 7004.37 7007.65 7013.31 7020.35 7028.12 7036.4 7044.92 7053.41 7062.24 7071.21 7080.29 7089.62 7101.38 7108.69 7117.95 7135.09 7157.2 7181.15 7207.79 7235.05 7264.57 7293.66 7325.03 7356.96 7386.42 7419.02 7450.17 7484.67 7519.83 7554.82 7591.72 7629.76 7668.65 7710.74 7753.77 7793.95 7840.97 7893.82 7947.9 8002.7 8060.95 8120.77 8179.31 8239.57 8299.52 8356.48 8414.82 8470.81 8526.38 8578.49 8628.43 8686.9 8747.12 8841.44 8938.5 9033.61 9123.85 9203.49 9277.99 9328.61 9341.38 9326.6 9310.2 9291.92 9260.94 9217.11
7003.49 7005.3 7007.94 7014.16 7022.08 7030.53 7039.34 7048.18 7057.27 7066.55 7075.91 7085.79 7095.6 7106.35 7116.24 7127.24 7145.85 7169.22 7193.68 7220.8 7249.94 7280.53 7311.53 7344.16 7375.16 7406.97 7441.13 7472.96 7508.46 7544.51 7580.93 7617.98 7655.69 7692.96 7732.56 7776.69 7817.85 7865.13 7918.08 7972.44 8026.89 8084.57 8144.43 8203.81 8264.66 8323.38 8381.33 8440.9 8499.65 8556.67 8614.24 8673.38 8728.31 8775.28 8865.96 8960.14 9049.44 9131.96 9205.57 9273.79 9328.78 9378.91 9372.65 9331.9 9303.87 9267.39 9217.33
7005.62 7007.7 7011.29 7017.25 7024.88 7033.64 7042.86 7052.06 7061.55 7071.23 7080.93 7091.27 7101.43 7112.6 7124.49 7138.26 7157.84 7181.67 7206.76 7235.17 7265.43 7296.19 7328.99 7362.76 7394.3 7429.85 7465.39 7499.15 7535.47 7572.14 7607.11 7644.61 7682.72 7720.15 7759.52 7804.96 7843.09 7888.33 7937.74 7993.26 8050.47 8109.21 8169.66 8231.16 8291.42 8349.45 8410.4 8470.02 8530.03 8589.22 8649.59 8716.57 8780.66 8837.93 8908.78 8991.06 9071.64 9145.4 9211.36 9266.66 9307.83 9343.65 9339.4 9320.66 9302 9270.67 9207.25
7008.56 7010.99 7014.62 7020.44 7028.65 7037.75 7047.07 7056.44 7066.13 7075.79 7085.97 7096.76 7108.09 7121.61 7133.67 7149.57 7170.07 7194.71 7221.06 7250.93 7281.6 7312.48 7346.34 7380 7415.54 7452.33 7488.1 7524.9 7561.99 7597.54 7635.22 7673.16 7709.54 7749.72 7791.16 7834.7 7869.49 7912.37 7960.49 8016.34 8074.4 8133.76 8195.06 8256.73 8318.01 8378.44 8440.41 8501.35 8562.07 8622.26 8680.27 8742.96 8807.54 8877 8950.17 9026 9098.16 9164.49 9222.2 9262.97 9285.8 9288.55 9290.03 9282.45 9272.71 9249.84 9176.13
7012.17 7015.24 7019.38 7025.36 7033.99 7043 7052.31 7061.59 7070.73 7080.35 7090.52 7100.6 7113.32 7127.31 7141.42 7159.07 7181.31 7207.68 7235.04 7266.4 7298.47 7332.89 7368.39 7402.87 7439 7476.73 7513.12 7550.8 7588.63 7626.28 7664.33 7700.56 7739.19 7779.88 7821.55 7864.11 7897.49 7938.58 7986.51 8041.94 8100.09 8160.17 8222.12 8285.04 8346.64 8410.15 8477.88 8539.91 8600.81 8659.74 8713.92 8767.61 8826.58 8908.66 8990.63 9066.8 9132.67 9190.13 9237.13 9268.07 9280.5 9276.21 9254.15 9228.42 9201.41 9166.07 9107.27
7016.37 7020.56 7026.11 7033.3 7040.63 7049.03 7058.02 7066.9 7076.13 7085.2 7095.04 7104.95 7117.28 7131.36 7147.12 7167.14 7191.39 7219.91 7250 7282.8 7317.92 7354.28 7390.13 7427.81 7465.82 7502.86 7541.24 7579.67 7618.09 7652.25 7691.03 7729.95 7769.15 7809.46 7849.7 7890.9 7925.14 7965.75 8013.87 8070.03 8129.51 8191.02 8254.55 8319.18 8384.19 8448.83 8517.45 8581.27 8642.31 8701.63 8755.39 8809.13 8870.18 8956.66 9043.12 9115.98 9173.3 9219.57 9255.13 9279.18 9285.7 9267.86 9220.24 9166.9 9113.28 9055.55 9020.37
7021.25 7026.39 7032.55 7039.26 7047.72 7056.1 7064.89 7073.34 7082.19 7090.72 7099.96 7109.33 7121.21 7134.27 7150.93 7173.19 7200.92 7232.51 7265.17 7301.1 7338.43 7375.78 7414.53 7453.68 7492.35 7529.47 7568.85 7604.46 7642.33 7681.66 7720.66 7759.56 7798.25 7837.99 7877.14 7917.84 7956.02 7994.69 8044.14 8100.6 8160.59 8223.78 8287.89 8354.07 8421.62 8488.25 8556.67 8622.95 8686.99 8749.33 8807.88 8862.55 8925.03 9020.11 9113.31 9171.96 9216.41 9251.07 9276.1 9294.56 9293.84 9272.65 9179.4 9102.24 9037.37 8975.58 8949.02
7027.16 7032.93 7039.56 7046.45 7055.65 7064.15 7072.75 7081.58 7089.95 7098.31 7106.56 7114.47 7125.14 7137.4 7153.84 7178.9 7210.87 7245.95 7282.18 7319.99 7359.38 7397.64 7434.4 7474.49 7513.72 7553.98 7594.21 7634.43 7673.02 7712.51 7751.89 7789.79 7828.14 7866.88 7904.43 7943.35 7982.72 8023.62 8075.22 8132.48 8194.04 8258.74 8324.5 8392.53 8459.46 8528.78 8597.89 8667.17 8735.45 8801.79 8866.03 8926.64 8991 9085.92 9178.54 9228.29 9259.96 9279.76 9291.63 9298.43 9294.12 9226.41 9102.96 9035.31 8978.68 8928.61 8905.7
7033.9 7040.17 7047.62 7056.05 7065.2 7073.26 7082.15 7091.02 7099.18 7107.16 7114.17 7121.55 7130.69 7141.86 7158.25 7186.58 7222.35 7259.56 7299.08 7339.75 7380.11 7421.17 7462.57 7503.12 7544.51 7585.8 7626.88 7666.6 7706.85 7746.54 7785.86 7823.16 7860.43 7897.74 7932.88 7968.98 8010.42 8052.89 8106.5 8164.96 8227.35 8292.92 8359.34 8428.58 8499 8570.44 8642.61 8715.07 8787.44 8859.4 8930.44 9000.78 9074.66 9161.77 9233.26 9283.21 9297.51 9297.86 9292.85 9280.92 9247.92 9152.24 9030.04 8978.58 8937.74 8905.06 8885.08
7040.83 7047.93 7056.09 7065.2 7074.99 7083.94 7093.44 7102.86 7111.04 7119.1 7125.56 7132.04 7138.49 7149.75 7167.15 7199.21 7239.09 7279.67 7321.97 7365.52 7408 7450.9 7493.79 7535.86 7578.41 7620.68 7662.56 7702.66 7743.33 7783.16 7821.3 7858.47 7895.03 7931.11 7965.35 8000.72 8041.83 8086.14 8140.45 8199.12 8261.24 8327.36 8395.83 8464.47 8536.12 8610.58 8684.59 8759.05 8835.46 8913.1 8992.34 9073.12 9158.62 9249.92 9334.65 9345.27 9325.3 9302.47 9280.19 9255.26 9211.49 9111.01 8990.13 8942.4 8910.87 8888.85 8871.82
7048.01 7055.87 7064.77 7074.65 7085.45 7095.63 7105.89 7116.33 7125.2 7134.21 7141.82 7149.1 7157.4 7165 7180.7 7218.14 7261.51 7303.57 7347.08 7390.56 7433.38 7476.86 7519.76 7563.14 7606.41 7649.46 7691.42 7733.49 7775.05 7815.76 7854.86 7893.14 7929.9 7965.78 7999.24 8033.4 8073.67 8121.1 8175.87 8234.76 8297.25 8364.15 8433.21 8502.56 8574.82 8648.57 8723.45 8799.88 8878.94 8960.49 9045.2 9133.27 9224.61 9316.88 9406.35 9376.17 9324.23 9284.41 9250.04 9217.03 9176.36 9077.53 8971.81 8923.94 8895.43 8876.3 8860.75
7055.3 7064.24 7074.07 7084.92 7097.01 7107.94 7119.75 7131.13 7142.68 7153.29 7163.23 7171.71 7180.98 7192.72 7209.07 7249 7292.11 7334.25 7378.03 7421.27 7462.42 7505.66 7549.66 7593.75 7637.81 7681.14 7724.47 7767.64 7810.17 7852.74 7892.85 7931.72 7968.89 8004.83 8036.85 8066.92 8103.19 8149.74 8209.4 8270.04 8333.75 8400.72 8469.68 8538.97 8611.05 8684.77 8760.19 8838.2 8917.21 8999.61 9085.19 9174.51 9267.5 9343.53 9351.23 9321.75 9283.74 9243.88 9202.93 9160.13 9109.17 9034.32 8959.64 8915.05 8888.56 8871.29 8856.95
7062.88 7072.95 7083.82 7096.05 7109.43 7122.11 7135.87 7149.76 7163.76 7177.26 7189.86 7202.76 7217.43 7234.76 7258.03 7290.91 7329.45 7369.24 7411.56 7454.71 7498.33 7542.98 7587.97 7633.1 7677.64 7722.49 7759.6 7803.51 7846.86 7889.3 7930.76 7970.86 8009.27 8046.56 8078.79 8110.85 8143.9 8182.5 8247.14 8308.18 8373.77 8440.76 8508.86 8578.63 8648.26 8720.94 8795.48 8871.52 8949.2 9028.48 9109.44 9190.88 9270.42 9321.03 9281.16 9246.03 9225.97 9192.77 9149.49 9097.35 9037.08 8991.45 8945.11 8911.28 8887.41 8870.1 8856.75
7071.51 7082.74 7094.64 7107.79 7122.36 7137.41 7153.64 7170.67 7187.14 7203.71 7220.09 7238.62 7259.52 7282.42 7307.24 7335.82 7369.06 7405.1 7444.65 7486.4 7528.85 7572.75 7617.31 7661.87 7707.04 7752.28 7797.42 7842.28 7887.32 7930.17 7972.74 8014.13 8054.07 8092.26 8127.99 8163.74 8199.29 8237.54 8293.33 8351.92 8415.2 8480.17 8545.32 8612.99 8682.53 8752.98 8824.76 8899.48 8973.27 9047.33 9120.25 9192.89 9245.04 9264.14 9233.61 9198.18 9179.1 9147.23 9103.23 9049.75 8999.7 8968.51 8941.3 8914.38 8890.19 8870.64 8854.24
7081.81 7094.26 7107.09 7120.88 7135.82 7153.76 7173.37 7193.51 7213.08 7232.5 7251.28 7273.67 7299.23 7329.91 7356.28 7379.55 7409.59 7443.33 7481.77 7522.66 7565.28 7609.11 7653.03 7698.2 7743.73 7789.41 7835.08 7880.59 7925 7969.39 8004.67 8049.05 8092.56 8135.34 8176.21 8215.57 8252.59 8293.71 8347.67 8403.01 8463.74 8526.3 8584.92 8650.03 8716.43 8782.12 8850.61 8922.1 8990.99 9058.62 9122.64 9183.44 9224.75 9239.31 9216.55 9180.71 9152.56 9116.73 9071.53 9021.16 8983.54 8959.91 8940.16 8918.35 8894.39 8873.82 8855.36
7094.22 7108.23 7122.1 7136.65 7150.08 7172.29 7195.63 7218.73 7241.43 7263.55 7283.31 7301.18 7329.78 7362.21 7391 7417.01 7447.28 7480.18 7517.8 7557.96 7600.02 7642.79 7686.71 7731.77 7777.35 7823.22 7861.64 7907.6 7953 7999.1 8045.14 8091.07 8136.85 8182.25 8227.57 8271.33 8310.29 8349.7 8402.28 8454.64 8509.97 8570.16 8631.28 8693.32 8756.26 8819.77 8881.64 8947.17 9009.66 9069.67 9130.4 9177.62 9211.77 9232.28 9214.06 9175.07 9141.93 9100.18 9053.01 9007.65 8981.05 8955.44 8937.08 8918.87 8898.6 8880.72 8863.53
7109.95 7125.92 7141.46 7157.75 7174.28 7196.94 7221.34 7246.4 7271.8 7297.42 7321.69 7344.18 7365.57 7383.39 7416.62 7449.83 7482.33 7517.79 7552.92 7591.77 7633.26 7676.22 7719.31 7764.15 7809.72 7855.77 7901.09 7943.35 7990.12 8037.11 8084.3 8131.74 8179.26 8227.72 8275.96 8327.4 8375.57 8409.82 8457.47 8506.16 8557.11 8612.18 8667.86 8725.82 8784.62 8843.82 8902.93 8962.69 9019.58 9073.43 9127.92 9169.67 9198.11 9213.77 9205.39 9182.87 9143.36 9094.3 9041.74 8993.92 8968.96 8948.61 8933.25 8918.16 8903.45 8888.25 8876.4
7129.68 7147.73 7165 7183.44 7204.88 7226.24 7248.93 7275.38 7303.13 7331.74 7362.46 7394.97 7410.34 7428.71 7453.97 7484.12 7516.6 7552.67 7591.13 7631.76 7674.14 7712.5 7755.93 7800.76 7846.53 7891.2 7937.74 7983.73 8023.8 8071.63 8119.92 8168.74 8217.92 8268.31 8318.81 8372.79 8429.64 8470.68 8512.26 8558.46 8606.71 8659.22 8707.85 8761.93 8814.69 8869.65 8924.11 8980.38 9030.16 9083.12 9125.56 9162.82 9185.37 9193.66 9192.06 9189.19 9147.58 9093.55 9036.46 8982.45 8954.94 8939.4 8930.13 8926 8906.74 8894.45 8887.82
7154.11 7174.22 7192.59 7210.5 7228.16 7249.04 7276.37 7305.53 7333.92 7362.4 7392.91 7423.04 7443.05 7469.72 7490.28 7518.1 7551.23 7588.24 7627.66 7669 7711.89 7755.99 7791.95 7837.56 7883.41 7929.73 7976.36 8022.29 8069.38 8109.41 8157.88 8206.67 8255.59 8306.56 8358.06 8408.67 8453.62 8510.8 8558.04 8604.86 8653.67 8700.65 8750.03 8801.14 8852.57 8903.47 8953.25 9003.67 9052.86 9094.34 9130.4 9159.63 9181.11 9191.34 9189.95 9178.36 9145.54 9095.28 9037.34 8979.03 8943.78 8930.55 8921.6 8912.42 8902.92 8894.53 8889.98
