real_craters/C182-500m.grd
DSAA
310 310
-77.1925 77.1925
-77.1925 77.1925
6827.922282242 9596.3631904615
[rows 120 to 149 of 310, columns 67 to 133 of 310]
8740.15 8751.18 8762.74 8773.05 8781.71 8781.36 8775.98 8769.73 8768.72 8765.98 8762.57 8759.14 8757.37 8762.77 8770.12 8785.75 8801.55 8815.95 8827.84 8855.58 8874.1 8881.36 8886.84 8890.77 8896.23 8900.77 8905.08 8908.26 8910.25 8908.88 8901.98 8896.26 8907.71 8925.45 8945.85 8964.82 8991.58 9028.53 9038.25 9044.13 9052.48 9062.84 9071.84 9081.03 9100.95 9132.28 9143.01 9121.99 9119.89 9121.61 9119.54 9147.14 9182.58 9224.28 9260.88 9297.02 9330.09 9364.53 9380.59 9363.37 9333.81 9284.02 9250.46 9198.46 9139.29 9075.87 9010.63
8720.27 8726.18 8731.4 8733.95 8741.76 8750.74 8755.21 8755.89 8752.89 8749.45 8745.03 8737.97 8728.63 8721.41 8743.17 8764.5 8782.11 8798.04 8813.57 8833.82 8860.7 8866.43 8873.52 8881.43 8890.01 8897.43 8904.25 8910.46 8915.46 8917.11 8914.08 8912.5 8918.81 8930.14 8936.33 8957.08 8982.87 9017.4 9033.92 9043.48 9052.79 9062.91 9074.05 9087.09 9107.6 9133.46 9142.46 9127.3 9126.14 9134.9 9143.84 9171.63 9206.19 9243.52 9288.61 9320.04 9367.97 9407.08 9407.28 9342.76 9329.84 9304.18 9219.76 9091.52 8973.12 8862.1 8758.84
8702.31 8704.79 8707.82 8708.84 8713.82 8726 8734.49 8739.11 8738.98 8736.52 8732.41 8726.36 8718.2 8711.79 8732.75 8753.04 8770.48 8786 8801.2 8815.61 8834.97 8845.93 8860.2 8872.65 8884.04 8895.12 8905.73 8914.94 8924.39 8931.38 8938.27 8948.27 8943.7 8947.16 8950.21 8957.02 8977.41 9003.87 9022.53 9036.82 9048.84 9061.21 9075.31 9090.99 9112.61 9133.47 9141.63 9149.22 9162.89 9177.56 9177.98 9204.17 9230.26 9259.85 9295.16 9344.96 9383.89 9440.3 9474.12 9393.57 9323.43 9262.71 9125.71 8947.96 8791.59 8647.15 8517.5
8684.55 8685.62 8687.63 8690.21 8697.45 8708.85 8719.13 8725.33 8727.19 8726.95 8725.58 8723.91 8723.97 8736.75 8739.65 8750.61 8764.64 8778.27 8794.52 8811.01 8822.18 8832.56 8850.08 8867.31 8884 8901.75 8916.5 8930.85 8943.78 8953.83 8961.51 8967.73 8964.01 8963.55 8958.29 8961.98 8976.57 9000.95 9013.97 9028.54 9042.72 9058.09 9073.26 9094.77 9124.35 9143.58 9185.14 9188.97 9201.94 9224.12 9232.87 9237.5 9251.1 9270.57 9296.5 9333.51 9388.47 9444.55 9501.32 9438.98 9275.97 9105.17 8929.05 8759.5 8593.99 8434.72 8287.95
8666.49 8668.07 8669.86 8672.18 8682.35 8696.43 8708.19 8715.53 8718.62 8719.56 8721.21 8723.72 8728.29 8734.27 8742.29 8750.19 8760.8 8771.68 8786.07 8808.85 8815.03 8823.33 8841.97 8862.69 8884.56 8905.87 8926.92 8946.57 8962.91 8974.54 8978.34 8974.65 8978.42 8982.13 8981.13 8972.63 8969.45 8983.66 9005.21 9023.41 9039.54 9052.63 9066.88 9081.47 9095.42 9130.84 9164.84 9198.18 9230.39 9253.82 9266.15 9258.04 9254.72 9257.28 9270.15 9294.97 9326.31 9369 9396.74 9352.72 9146.82 8919.58 8712.76 8557.29 8395.76 8233.29 8087.79
8649.38 8653.15 8657.16 8662.04 8673.39 8687 8701 8707.54 8711.2 8715 8718.22 8722.46 8727.84 8735.1 8742.25 8748.17 8755.14 8762.48 8773.56 8793.35 8808.44 8818.43 8839.02 8863.42 8888.28 8914.06 8938.68 8960.78 8982.81 9000.65 9008.16 8995.58 9004.01 9007.71 9000.49 8989.52 8981.3 8985.7 9002.16 9019.22 9035.95 9048.25 9060.31 9071.38 9088.29 9124.67 9158.93 9215.16 9250.89 9288.68 9281.66 9253.95 9229.97 9219.19 9213 9217.62 9224.64 9222.22 9201.72 9088.1 8908.02 8715.59 8538.63 8369.71 8213.51 8061.04 7928.49
8634.93 8640.76 8650.51 8660.34 8668.16 8677.76 8689.47 8697.28 8703.64 8709.71 8715.01 8720.19 8726.44 8733.17 8740.15 8745.86 8751.37 8756.95 8766.22 8783.7 8800.34 8813.53 8842.34 8871.12 8898.29 8923.87 8949.82 8974.04 9000.77 9028.19 9054.66 9051.8 9045.42 9048.03 9028.27 9011.73 8996.86 8997.81 9010.24 9024.72 9041.78 9054.69 9063.76 9074.35 9089.43 9137.88 9189.77 9201.69 9232.72 9271.27 9258.05 9229.64 9199.55 9172.16 9144.4 9113.68 9085.47 9041.58 8958.54 8818.37 8651.6 8493.7 8335.79 8190.11 8054.39 7919.47 7803.38
8626.43 8631.64 8638.73 8654.88 8662.3 8667.79 8675.07 8687.04 8697.12 8704.94 8711.67 8717.95 8724.25 8730.82 8737.93 8744.63 8749.75 8755.32 8760.94 8780.39 8802.47 8825.18 8852.67 8881.21 8908.22 8933.81 8959.63 8987.84 9015.27 9045.32 9079.88 9087.68 9079.6 9072.53 9055.63 9037.26 9024.7 9018.74 9026 9038.66 9051.66 9067.38 9077.89 9088.89 9104.51 9157.97 9224.63 9215.14 9195.66 9204.23 9206.49 9190.45 9155.68 9113.95 9062.36 9007.87 8941.31 8861.47 8746.6 8585.63 8418.24 8282.43 8135.92 8028.43 7922.36 7812.81 7710.03
8622.69 8627.63 8635.98 8650.98 8659.13 8664.22 8669.71 8682.23 8693.38 8701.75 8708.36 8715.39 8721.88 8729.94 8739.88 8743.89 8750.65 8758.14 8769.61 8789.25 8812.46 8839.56 8868.9 8894.86 8919.38 8943.49 8969.88 8995.16 9019.89 9041.11 9060.6 9068.04 9070.8 9089.25 9073.4 9058.72 9043.57 9038.05 9044.8 9056.4 9072.14 9085.99 9099.75 9116.22 9136.22 9175.93 9213.89 9201.9 9178.66 9174.08 9182.95 9163.28 9112.48 9050.13 8977.5 8891.33 8798.75 8695.52 8571.71 8397 8232.13 8120.06 8009.02 7913 7819.37 7722.44 7629.01
8624.47 8630.68 8636.05 8648.39 8660.38 8671.57 8679.16 8684.15 8691.97 8699.03 8705.6 8711.72 8717.99 8725.24 8733.82 8742.03 8750.33 8764.48 8784.66 8806.07 8833.54 8863.22 8888.39 8908.43 8930.12 8953.63 8978 9000.56 9019.44 9031.95 9032.98 9032.37 9034.69 9057.29 9076.47 9079.85 9067.01 9058.37 9067.64 9080.24 9092.16 9108.1 9125.24 9147.78 9173.8 9199.63 9211.51 9196.13 9205.7 9220.6 9211.31 9155.81 9080.43 8989.73 8889.61 8779.52 8659.52 8531.48 8391.47 8244.21 8101.26 8004.39 7920.39 7833.62 7738.85 7642.93 7552.49
8628.68 8637.42 8644.31 8650.76 8661.41 8675.29 8683.75 8686.06 8690.85 8696.47 8702.78 8707.81 8714.14 8720.21 8728.56 8739.64 8753.42 8768.7 8789.77 8823.09 8855.14 8882.89 8903.33 8918.97 8939.93 8961.92 8983.84 9002.46 9020.35 9033.13 9035 9031.71 9040.84 9066.42 9093.39 9112.84 9108.46 9092.46 9095.7 9101.24 9112.34 9131.1 9153.79 9179.06 9204.9 9220.07 9220.62 9230.34 9280.4 9348.5 9248.01 9142.77 9036.42 8930.31 8812.46 8679.61 8539.97 8388.03 8244.73 8119.18 7993.72 7912.84 7853.79 7775.56 7672.93 7571.53 7488.08
8631.49 8640.13 8642.71 8648.51 8659.02 8669.59 8677.45 8683.32 8688.75 8693.57 8699.83 8706.35 8711.81 8717.85 8724.76 8740.38 8756.93 8778.21 8806.07 8844.27 8877.88 8892.9 8908.96 8924.45 8943.37 8963.03 8983.5 9004.6 9022.03 9039.96 9050 9050.42 9065.08 9105.24 9121.06 9143.2 9163.85 9138.45 9116.01 9115.5 9127.38 9145.41 9169.47 9198.9 9230.18 9249.43 9251.18 9287.58 9370.14 9361.92 9250.24 9123.24 8997.96 8869.96 8739.51 8598.51 8444.06 8281.14 8141.31 8029.85 7913.4 7833.41 7768.69 7690.74 7603.72 7528.88 7430.75
8631.01 8636.6 8640.28 8645.8 8653.52 8662.15 8670.4 8677.89 8684.61 8691.8 8697.97 8704.78 8712.4 8720.25 8731.74 8747.03 8764.95 8790.42 8823.45 8862.96 8896.66 8895.68 8905.71 8924.17 8944.07 8962.51 8980.59 9000.55 9021.24 9046.16 9064.92 9068.16 9091.82 9128.08 9126.67 9127.2 9129.54 9120.66 9110.77 9117.05 9134.83 9157.98 9186.62 9216.09 9247.05 9294.28 9303.33 9352 9438.53 9304.61 9203.51 9080.33 8952.57 8820.16 8686.36 8544.45 8385.21 8217.71 8084.59 7978.3 7864.05 7772.69 7694.2 7609.31 7520.97 7434.57 7362.98
8628.77 8632.6 8636.96 8642.09 8647.29 8655.21 8663.36 8671.65 8680.32 8688.17 8697.13 8705.95 8714.3 8724.52 8738.14 8754.65 8774.19 8800.96 8835.29 8873.63 8902.97 8899.97 8906.56 8927.24 8945.87 8964.28 8982.48 8997.87 9017.74 9041.69 9062.79 9068.68 9082.47 9106.2 9109.11 9092.81 9077.35 9073.08 9085.68 9106.38 9133.27 9161.06 9192.1 9217.12 9241.37 9252.07 9286.14 9369.19 9360.24 9238.04 9136.18 9016.47 8900.61 8771.27 8644.54 8509.31 8360.66 8192.19 8068.79 7963.8 7845.5 7738.79 7641 7537.34 7443.72 7361.2 7299.5
8626.97 8633.78 8633.68 8637.98 8640.67 8646.67 8655.98 8666.38 8676.9 8687.53 8696.74 8707.8 8718.56 8730.44 8743.9 8762.41 8785.17 8811.68 8846.32 8881.44 8908.67 8915.67 8926.55 8936.05 8950.93 8967.82 8982.93 8998.48 9011.85 9025.98 9050.84 9060.18 9078.2 9106.48 9098.76 9078.14 9055.11 9041.68 9062.33 9093.05 9125.03 9154.81 9186.06 9215.97 9241.4 9250.09 9312.25 9430.97 9364.69 9200.93 9082.5 8962.04 8844.12 8729.61 8603.33 8488.54 8373.75 8247.29 8093.08 7969.13 7852 7728.04 7589.85 7473.82 7375.2 7301.87 7247.3
8625.6 8630.51 8633.93 8635.41 8635.19 8640.33 8650.39 8662.12 8674.56 8687.34 8700.37 8712.7 8726.07 8739.59 8754.8 8776.09 8802.3 8831.52 8863.03 8891.44 8911.91 8931.89 8938 8943.62 8957.27 8973.99 8988.3 8999.65 9006.77 9010.8 9032.76 9061.04 9084.51 9117.34 9097.3 9065.5 9042.98 9031.76 9054.7 9091.06 9125.65 9164.38 9194.75 9227.91 9265.36 9310.89 9366.82 9431.91 9338.18 9163.09 9043.69 8916.68 8803.68 8685.94 8578.32 8472.24 8378.85 8256.97 8098.99 7954.28 7810.23 7664.41 7527.1 7397.46 7313.29 7253.81 7206.21
8626.38 8634.16 8633.72 8633.21 8630.89 8636.04 8646.2 8659.94 8674.95 8690.38 8705.85 8721.82 8737.48 8752.58 8769.11 8792.01 8826.77 8859.74 8886.89 8906.54 8920.32 8934.57 8935.26 8946.17 8964.72 8981.53 8998.96 9009.19 9017.8 9022.43 9042.17 9079.88 9116.35 9133.73 9100.99 9062.98 9047.31 9044.74 9066.07 9101.84 9139.54 9178.6 9216.21 9250.28 9278.4 9315.63 9374.11 9415.83 9349.58 9148.47 9023.31 8909.93 8785.73 8660.51 8540.69 8425.39 8329.47 8238.13 8054.13 7905.47 7748.76 7602.78 7475.05 7365.04 7276.44 7215.67 7173.98
8626.52 8635.66 8634.56 8630.57 8625.62 8631.1 8642.53 8657.48 8674.68 8692.47 8710.98 8733.89 8752.39 8771.14 8790.39 8816.64 8859.11 8898.68 8914.98 8926.01 8933.38 8936.73 8940.47 8952.75 8971.97 8992.95 9010.29 9028.86 9043.11 9050.21 9067.64 9097.56 9115.36 9121.65 9099.58 9085.57 9070.24 9071.89 9086.05 9115.27 9153.93 9194.54 9237.56 9274.78 9289.39 9266.77 9297.43 9335.62 9313.06 9136.32 9030.55 8909.8 8776.77 8637.47 8500.32 8358.46 8208.2 8068.36 7955.44 7837.44 7691.28 7552.13 7432.34 7335.88 7239.54 7190.17 7154.12
8631.42 8637.74 8632.92 8626.41 8618.88 8626.13 8641.71 8661.43 8682.65 8704.68 8727.24 8749.82 8772.19 8794.28 8815.74 8843.38 8888.09 8930.37 8937.48 8943.3 8948.49 8948.86 8953.22 8963.27 8982.89 9008.33 9031.96 9057.36 9077.45 9089.1 9097.35 9112.25 9111.43 9083.29 9085.4 9090 9086.08 9084.5 9098.61 9131.22 9170.65 9213.06 9256.4 9298.67 9332.05 9266.39 9227.36 9263.42 9241.14 9162.72 9050 8918.18 8771.49 8617.82 8458.81 8294.62 8129.17 7989.17 7870.97 7750.58 7634.14 7494.72 7391.75 7305.15 7237.04 7190.14 7146.72
8635.16 8637.83 8631.6 8620.02 8612.49 8623.11 8642.08 8664.91 8689.14 8714.41 8740.36 8766.58 8792.79 8819.06 8844.54 8869.74 8906.96 8935.97 8947.74 8954.92 8961.61 8965.71 8967.84 8971.03 8995.04 9024 9052.4 9084.6 9115.05 9121.46 9122.61 9122.89 9104.61 9058.18 9072.99 9102.35 9095.86 9092.03 9105.12 9141.83 9179.62 9214.27 9253.52 9294.19 9324.82 9274.42 9203.86 9172.07 9168.68 9184.61 9066.99 8922.12 8758.73 8588.82 8416.26 8242.2 8064.42 7923.52 7811.63 7722.01 7593.27 7467.96 7370.46 7295.33 7259.67 7191.69 7138.5
8641.63 8652.08 8634.94 8617.78 8610.52 8623.89 8644.34 8668.44 8693.9 8721.1 8749.47 8779.43 8810.06 8841.7 8873.62 8903.94 8932.91 8944.6 8949.61 8960.27 8972.47 8979.46 8971.57 8979.34 9009.1 9038.76 9067.58 9101.94 9139.77 9157.43 9137.68 9127.95 9105.85 9059.59 9062.67 9082.18 9103.24 9112.67 9128.09 9157.18 9181.55 9206.06 9232.08 9259.42 9272.16 9228.27 9159.12 9120.83 9120.63 9148.94 9058.07 8900.11 8726.11 8548.74 8371.97 8199.92 8032.91 7889.78 7769.95 7656.88 7565.73 7455.6 7356.09 7279.61 7225.2 7176.44 7123.24
8629.97 8629.26 8626.04 8616.88 8614.74 8631.1 8650.14 8674.38 8701.46 8727.81 8757.46 8788.14 8821.94 8857.56 8896.22 8933.11 8937.33 8926.84 8936.94 8958.13 8979.56 8995.23 8990.91 9011.13 9027.51 9049.67 9075.72 9104.09 9128.78 9140.91 9129.28 9118.37 9104.67 9081.39 9081.53 9097.4 9121.79 9149.63 9174.28 9180.63 9185.1 9192.98 9203.59 9210.3 9221.31 9216.15 9160.03 9114.2 9116.56 9153.15 9023.24 8855.86 8677.99 8499.94 8325.94 8159.62 8008.76 7858.25 7734.95 7626.53 7520.21 7426.78 7329.94 7253.41 7203.18 7151.89 7101.18
8619.88 8611.08 8615.05 8618.11 8626.01 8638.67 8656.98 8679.56 8705.34 8731.74 8761.62 8793.38 8827.37 8865.45 8901.97 8925.17 8857.53 8873.56 8919.32 8951.64 8981.75 9010.92 9014.84 9026.02 9038.44 9054.35 9077.82 9098.25 9112.58 9117.33 9110.71 9105.48 9105.41 9101.3 9101.04 9113.45 9139.5 9173.46 9205.3 9192.65 9184.04 9177.23 9170 9159.86 9164.05 9202.42 9174.86 9123.24 9103.56 9074.55 8941.74 8777.51 8610.36 8440.22 8272.26 8110.24 7956.38 7825.08 7705.78 7600.23 7510.77 7400.26 7303.39 7226.06 7166.87 7117.17 7073.01
8594.87 8596.39 8607.17 8616.62 8630.2 8645.74 8662.09 8682.79 8706 8733.75 8761.11 8791.41 8824.22 8858.49 8894.26 8925.09 8925.92 8899.38 8919.93 8946.31 8973.56 8996.77 9009.18 9030.94 9037.63 9054.07 9072.93 9090.77 9105.26 9103.36 9096.53 9090.73 9095.44 9095.78 9099.5 9116.62 9142.62 9169.61 9185.38 9182.62 9170.33 9157.77 9146.13 9128.22 9111.7 9128.02 9133.7 9113.72 9093.82 8991.7 8828.43 8681.54 8531.96 8371.65 8214.58 8058.86 7906.47 7785.34 7675.63 7572.98 7468.7 7376.79 7278.29 7201.36 7125.93 7074.39 7040.94
8584.36 8587.89 8602.56 8613.94 8628.25 8648.21 8665.68 8687.16 8709.65 8733.98 8759.24 8786.56 8813.13 8841.89 8872.45 8903.66 8929.49 8918.91 8922.24 8939.72 8960.29 8979.83 8990.45 9003.18 9024.46 9047.41 9068.15 9083.6 9091.71 9090.66 9088.4 9089.37 9087.62 9087.23 9100.96 9119.9 9135.89 9154.26 9171.26 9162.69 9148.8 9138.56 9129.52 9118.33 9080.71 9066.74 9085.54 9099.84 9039.08 8889.81 8718.65 8592.38 8451.79 8307.35 8159.25 8013.64 7876.1 7758.02 7649.8 7547.33 7444.79 7348.34 7252.86 7166.92 7087.68 7038.42 7008.67
8584.56 8589.29 8602.45 8615.8 8631.65 8651.92 8670.78 8690.88 8712.93 8736.12 8752.43 8776.47 8798.71 8820.25 8840.63 8857.16 8875.47 8896.86 8911.79 8928.51 8945.53 8961.6 8972.6 8989.71 9015.83 9043.53 9067.32 9081.92 9086 9082.61 9079.13 9078.87 9081.66 9085.01 9095.99 9110.68 9117.53 9123.68 9121.9 9121.15 9120.28 9119 9112.99 9098.95 9049.7 9029.02 9045.93 9097.44 8977.17 8807.42 8657.92 8512.69 8379.22 8245.72 8107.2 7971.7 7841.77 7730.58 7628.83 7527.07 7432.37 7336.02 7238.23 7150.46 7073.14 7020.21 6988.78
8573.27 8582.83 8604.38 8623.16 8638.86 8655.76 8672.5 8689.98 8711.68 8731.46 8749.84 8768.23 8784.01 8798.26 8807.31 8816.9 8841.79 8875.57 8897.69 8915.71 8931.48 8946.23 8957.31 8973.46 9008.96 9044.75 9071.82 9088.86 9088.13 9081.96 9073.03 9073.27 9080.32 9083.38 9083.15 9095.17 9095.36 9089.21 9076.49 9080.02 9090.7 9093.7 9090.98 9073.13 9022.43 9009.05 9039.67 9104.64 8930.31 8701.18 8552.49 8439.42 8324.59 8196.88 8065.22 7930.68 7806.72 7702.9 7603.99 7512.47 7418.56 7330.21 7243.09 7159.47 7078.13 7014.64 6975.7
8567.99 8581.59 8604.89 8632.55 8644.41 8655.26 8667.7 8681.25 8695.12 8714.78 8729.99 8742.66 8756.63 8767.99 8776.85 8788.46 8828.7 8864.08 8886.75 8905.54 8922.41 8937.32 8951.55 8964.55 9016.97 9052.42 9076.5 9098.65 9108.37 9087.04 9076 9082.88 9085.62 9087.17 9098.98 9084.65 9073.38 9064.44 9052.16 9054.81 9065.36 9073.33 9073.98 9060.54 9011.09 9002.79 9023.29 9065.58 8938.42 8733.93 8551.87 8423.35 8299.12 8168.16 8038.31 7913.3 7786.83 7680.28 7585.94 7496.54 7406.19 7326.97 7252.8 7172.89 7082.48 7009.78 6966.31
8559.67 8579.94 8602.24 8622.14 8641.25 8655.63 8668 8679.33 8691.72 8704.16 8715.63 8727.94 8738.93 8748.75 8756.47 8769.58 8811.01 8848.82 8872.07 8893.4 8911.49 8929.85 8950.98 8969.94 9041.64 9060.83 9071.73 9083.35 9085.24 9083.43 9081.57 9096.96 9086.18 9077.98 9057.47 9053.07 9050.45 9046.2 9039.54 9039.67 9047.92 9055.09 9058.57 9050.38 9013.87 9008.44 9011.37 9030.3 9000.47 8908.8 8659.52 8451.2 8293.54 8149.74 8019.8 7907.97 7776.99 7662.17 7564.87 7477.83 7395.79 7320.63 7254.2 7173.78 7078.21 6994.42 6957.99
8560.87 8580.68 8600.72 8620.08 8637.11 8650.84 8661.95 8673.86 8685.66 8697.07 8708.45 8718.65 8729.76 8739.93 8750.87 8764.74 8790.98 8829.27 8861.9 8885.41 8905.61 8924.33 8945.72 8982.06 9049.93 9065.29 9059.32 9051.36 9057.1 9071.18 9092.67 9090.61 9070.76 9057.63 9047.63 9033.74 9033.15 9030.82 9026.88 9026.08 9035.14 9038.62 9041.14 9040.94 9023.24 9013.35 9006.45 9032.96 9055.25 9018.44 8720.17 8468.73 8276.08 8129.17 7990.73 7862.92 7744.09 7637.75 7538.95 7457.22 7380.26 7308.91 7246.31 7165.59 7073.05 6992.4 6956.16
