real_craters/C182-750m.grd
DSAA
207 207
-77.1925 77.1925
-77.1925 77.1925
6828.8756316994 9594.8790108523
[rows 38 to 75 of 207, columns 0 to 83 of 207]
8918 8930 8935 8947 8956 8967 8976 8980 8986 8990 8995 9003 9016 9007 9032 9033 9032 9022 8997 8967 8943 8949 8970 8999 9024 9043 9044 9039 9029 9026 9020 9019 9018 9017 9025 9032 9043 9057 9070 9075 9072 9066 9052 9033 9013 9002 9001 9012 9020 8977 8976 8985 8985 8990 8985 9007 9104 9235 9372 9483 9483 9286 9034 8799 8630 8567 8500 8427 8357 8289 8241 8277 8342 8359 8401 8557 8789 9012 9178 9216 9148 9183 9166 9157
8924 8934 8936 8946 8953 8958 8961 8962 8955 8984 8990 8997 9008 9011 9012 9010 9008 9001 8983 8955 8933 8936 8957 8981 9006 9025 9027 9026 9019 9021 9021 9023 9012 9010 9017 9030 9049 9061 9063 9069 9074 9069 9057 9041 9021 9011 8999 8990 8982 8986 8988 9001 9015 9014 9002 9024 9110 9220 9342 9462 9505 9233 8959 8739 8560 8490 8438 8384 8327 8261 8195 8157 8263 8369 8318 8469 8717 8958 9160 9234 9189 9196 9182 9186
8920 8944 8948 8946 8945 8944 8947 8954 8973 8978 8992 8995 8989 8988 8979 8981 8987 8986 8974 8951 8933 8934 8949 8968 8986 9001 9008 9012 9014 9014 9003 8995 9010 9017 9030 9048 9072 9077 9076 9080 9084 9080 9074 9064 9049 9026 9002 8983 9023 9018 9010 9015 9028 9030 9025 9046 9104 9176 9250 9301 9261 9052 8805 8614 8488 8427 8382 8345 8311 8262 8193 8143 8178 8275 8269 8435 8682 8926 9136 9245 9244 9232 9231 9227
8928 8948 8948 8943 8938 8935 8934 8937 8947 8974 9008 8995 8966 8939 8940 8953 8965 8973 8966 8952 8943 8941 8944 8956 8967 8978 8988 8998 9003 9000 8998 8995 9027 9055 9081 9105 9105 9112 9118 9107 9102 9098 9093 9089 9080 9047 9020 9005 9041 9037 9030 9028 9033 9026 9039 9060 9090 9119 9131 9098 8986 8824 8637 8484 8417 8371 8333 8300 8278 8246 8186 8138 8139 8240 8279 8451 8678 8909 9107 9226 9249 9253 9265 9269
8923 8939 8944 8939 8930 8921 8916 8921 8945 8968 8994 8973 8932 8901 8915 8932 8948 8955 8956 8949 8943 8941 8934 8943 8954 8963 8976 8991 9007 9029 9035 9036 9062 9085 9103 9103 9114 9125 9132 9126 9120 9114 9108 9101 9089 9066 9044 9031 9056 9062 9042 9035 9028 9029 9045 9063 9081 9087 9062 8966 8782 8663 8563 8460 8376 8332 8295 8256 8201 8145 8167 8151 8154 8231 8323 8494 8700 8911 9099 9226 9246 9261 9281 9287
8926 8945 8939 8930 8919 8910 8900 8898 8931 8963 8963 8937 8893 8872 8892 8920 8941 8956 8959 8944 8922 8909 8918 8933 8948 8961 8977 8995 9010 9027 9046 9078 9095 9112 9128 9122 9123 9126 9135 9138 9137 9133 9127 9107 9095 9086 9070 9057 9043 9039 9041 9036 9039 9052 9061 9076 9091 9091 9062 8965 8777 8646 8557 8448 8358 8308 8272 8234 8190 8157 8162 8164 8159 8226 8367 8540 8728 8923 9100 9229 9247 9264 9280 9280
8936 8948 8932 8919 8909 8898 8892 8888 8922 8952 8945 8903 8863 8850 8892 8912 8935 8957 8964 8938 8910 8889 8909 8933 8954 8975 8994 9004 9015 9027 9063 9086 9103 9124 9144 9140 9136 9136 9143 9146 9148 9152 9152 9152 9131 9108 9090 9085 9063 9051 9044 9034 9044 9055 9074 9094 9112 9126 9124 9090 9003 8833 8559 8425 8358 8302 8268 8234 8200 8180 8166 8194 8169 8267 8439 8587 8759 8930 9087 9207 9237 9244 9242 9242
8933 8920 8914 8903 8893 8886 8885 8894 8908 8906 8876 8867 8853 8843 8888 8902 8920 8939 8946 8932 8912 8900 8920 8943 8965 8986 9001 9013 9022 9032 9061 9078 9099 9120 9136 9138 9138 9137 9141 9149 9156 9165 9172 9156 9154 9127 9098 9080 9087 9081 9056 9034 9024 9053 9084 9101 9129 9159 9191 9233 9280 9136 8682 8482 8385 8321 8288 8258 8225 8189 8176 8185 8222 8301 8462 8642 8805 8952 9079 9172 9207 9212 9208 9225
8937 8917 8896 8886 8876 8870 8867 8874 8869 8861 8851 8844 8842 8844 8866 8882 8897 8917 8935 8928 8924 8927 8948 8969 8983 8996 9002 9023 9038 9051 9065 9083 9099 9115 9127 9135 9139 9141 9143 9152 9161 9173 9186 9202 9173 9143 9107 9082 9100 9094 9065 9048 9050 9076 9076 9113 9159 9199 9245 9305 9367 9263 8828 8623 8466 8383 8347 8319 8277 8224 8211 8250 8311 8403 8566 8726 8857 8969 9066 9136 9183 9225 9214 9210
8910 8884 8874 8864 8857 8852 8845 8833 8843 8839 8838 8828 8820 8834 8845 8852 8869 8882 8883 8913 8941 8973 8990 8997 9007 9017 9034 9042 9056 9066 9068 9078 9100 9113 9123 9131 9136 9137 9141 9147 9156 9169 9185 9197 9182 9162 9140 9120 9116 9075 9063 9062 9055 9060 9080 9148 9183 9208 9212 9255 9299 9280 9109 8828 8605 8510 8484 8446 8379 8300 8297 8394 8443 8650 8758 8825 8894 8967 9041 9109 9180 9244 9208 9198
8875 8867 8850 8842 8838 8837 8836 8837 8844 8851 8840 8817 8792 8808 8808 8823 8852 8866 8863 8912 8959 8997 9013 9017 9025 9035 9045 9052 9060 9066 9069 9080 9099 9108 9118 9127 9122 9119 9126 9134 9145 9159 9174 9183 9180 9177 9182 9174 9133 9099 9079 9048 9069 9134 9233 9172 9121 9117 9122 9135 9118 9096 9161 8963 8803 8716 8684 8636 8578 8518 8487 8564 8728 8948 8910 8892 8916 8966 9023 9073 9133 9179 9196 9199
8833 8819 8817 8816 8817 8821 8829 8838 8851 8859 8855 8823 8787 8785 8795 8829 8866 8893 8918 8952 8981 9001 9017 9027 9034 9043 9050 9055 9055 9061 9066 9075 9083 9094 9103 9108 9108 9108 9114 9122 9132 9142 9153 9166 9174 9180 9181 9195 9201 9187 9136 9104 9125 9195 9209 9104 9047 9039 9026 9012 8957 8853 8928 8975 9007 9006 8879 8801 8787 8818 8818 8919 8944 8921 8901 8885 8907 8945 8997 9045 9091 9146 9186 9199
8818 8798 8792 8790 8793 8799 8809 8829 8853 8861 8861 8834 8804 8815 8848 8875 8901 8932 8974 8997 9003 9013 9023 9030 9037 9045 9055 9058 9054 9059 9065 9067 9072 9080 9082 9083 9090 9097 9101 9109 9119 9128 9133 9146 9167 9179 9180 9193 9202 9155 9103 9093 9106 9106 8965 8929 8935 8929 8910 8902 8880 8898 8918 8977 9051 9080 8956 8893 8894 8966 8971 8914 8833 8732 8779 8810 8839 8884 8933 9005 9084 9139 9184 9203
8790 8774 8766 8768 8773 8780 8790 8817 8852 8866 8850 8827 8807 8833 8870 8911 8927 8955 8992 9013 9013 9017 9023 9027 9033 9041 9050 9058 9073 9065 9066 9070 9073 9072 9069 9067 9077 9083 9092 9101 9110 9120 9128 9145 9168 9183 9174 9148 9117 9086 9047 9018 9026 9003 8878 8847 8852 8875 8865 8855 8847 8847 8897 8938 8946 8900 8895 8866 8837 8794 8728 8707 8659 8654 8698 8741 8780 8818 8864 8922 9035 9144 9207 9211
8746 8739 8740 8746 8754 8762 8771 8803 8837 8830 8793 8795 8811 8846 8881 8902 8930 8960 8986 9002 9008 9010 9011 9018 9024 9032 9043 9052 9056 9060 9063 9069 9070 9069 9062 9054 9063 9081 9091 9090 9106 9117 9131 9149 9172 9192 9189 9120 9066 9032 8991 8971 8956 8908 8859 8834 8832 8830 8828 8824 8828 8847 8889 8891 8870 8834 8815 8786 8738 8670 8641 8626 8611 8630 8655 8691 8724 8752 8785 8837 8996 9151 9209 9211
8720 8724 8728 8727 8735 8747 8766 8787 8810 8792 8768 8810 8838 8865 8895 8903 8930 8955 8977 8993 8997 9001 9004 9007 9012 9019 9027 9034 9043 9050 9058 9065 9069 9071 9064 9057 9084 9104 9102 9112 9110 9110 9118 9141 9170 9195 9188 9113 9051 8991 8937 8944 8924 8884 8848 8833 8828 8819 8809 8806 8808 8824 8851 8841 8814 8785 8748 8712 8669 8621 8603 8609 8618 8631 8638 8657 8668 8689 8716 8771 8972 9129 9179 9209
8712 8698 8697 8701 8709 8723 8742 8758 8772 8769 8778 8831 8854 8876 8897 8916 8935 8953 8966 8975 8984 8987 8993 8993 8996 9003 9010 9015 9028 9039 9051 9062 9071 9067 9064 9072 9079 9085 9095 9110 9105 9098 9099 9128 9160 9190 9196 9155 9079 9002 8948 8957 8932 8891 8872 8851 8820 8799 8785 8781 8782 8787 8803 8791 8760 8719 8690 8665 8636 8615 8615 8611 8598 8617 8623 8632 8645 8659 8673 8717 8925 9084 9180 9219
8696 8671 8672 8673 8682 8694 8712 8732 8738 8759 8786 8824 8854 8879 8898 8921 8938 8950 8959 8962 8967 8966 8962 8963 8972 8984 8996 9009 9016 9029 9041 9052 9057 9055 9056 9058 9062 9066 9080 9087 9091 9091 9093 9115 9138 9165 9181 9172 9114 9051 8998 9016 8976 8925 8899 8841 8801 8780 8765 8756 8758 8769 8764 8755 8724 8691 8662 8638 8620 8608 8614 8628 8612 8615 8623 8633 8645 8650 8657 8695 8855 9086 9221 9240
8690 8659 8644 8651 8663 8673 8694 8733 8770 8799 8837 8858 8866 8881 8896 8920 8938 8946 8953 8960 8957 8945 8931 8934 8948 8962 8980 9004 9009 9020 9030 9039 9043 9044 9047 9049 9056 9062 9069 9077 9083 9090 9096 9107 9117 9116 9135 9151 9142 9120 9113 9109 9067 8984 8884 8815 8781 8757 8735 8719 8715 8732 8768 8732 8695 8659 8634 8623 8613 8612 8609 8605 8617 8612 8627 8639 8653 8666 8675 8679 8811 9083 9188 9218
8684 8653 8629 8636 8659 8685 8715 8753 8789 8834 8877 8876 8881 8883 8890 8908 8928 8936 8943 8948 8942 8930 8921 8921 8926 8938 8953 8975 8996 9006 9017 9026 9034 9035 9037 9041 9047 9052 9063 9073 9083 9092 9100 9106 9111 9115 9143 9174 9164 9166 9171 9141 9085 8996 8891 8816 8770 8736 8706 8681 8661 8668 8683 8685 8664 8637 8619 8612 8607 8610 8621 8612 8611 8624 8628 8643 8659 8674 8686 8680 8781 9058 9154 9195
8680 8658 8620 8630 8666 8707 8743 8777 8815 8847 8871 8890 8892 8887 8885 8895 8915 8919 8926 8926 8924 8916 8905 8900 8904 8912 8920 8931 8970 8988 9003 9015 9020 9023 9023 9026 9027 9049 9063 9072 9082 9096 9104 9106 9112 9131 9141 9155 9159 9166 9151 9121 9062 8982 8889 8813 8757 8719 8683 8649 8622 8625 8648 8649 8635 8620 8613 8608 8609 8611 8620 8618 8607 8606 8624 8644 8666 8686 8698 8692 8767 9042 9143 9176
8654 8625 8612 8634 8678 8726 8762 8795 8825 8854 8876 8886 8886 8885 8884 8885 8882 8902 8913 8918 8916 8905 8890 8880 8886 8894 8900 8913 8946 8971 8990 9006 9017 9006 9007 9010 9027 9043 9063 9076 9087 9108 9109 9103 9101 9103 9110 9123 9135 9140 9145 9126 9057 8978 8873 8810 8753 8709 8667 8626 8596 8595 8610 8615 8609 8599 8589 8606 8619 8618 8620 8623 8616 8601 8623 8649 8677 8700 8708 8700 8806 9062 9171 9182
8628 8608 8624 8657 8695 8733 8769 8805 8837 8855 8866 8880 8882 8883 8882 8879 8884 8895 8905 8912 8910 8896 8882 8873 8876 8884 8893 8907 8933 8962 8985 9003 9010 9007 8997 9003 9036 9055 9073 9083 9094 9106 9105 9095 9086 9083 9095 9102 9109 9115 9122 9135 9123 8995 8878 8799 8749 8700 8654 8611 8578 8575 8587 8594 8590 8586 8588 8612 8637 8631 8626 8626 8619 8611 8624 8650 8682 8714 8739 8740 8891 9182 9213 9192
8620 8629 8659 8692 8719 8743 8775 8802 8828 8854 8872 8885 8883 8884 8886 8892 8891 8893 8898 8901 8898 8889 8878 8869 8872 8881 8893 8911 8935 8951 8971 8992 9013 8978 8978 8982 9026 9051 9073 9085 9098 9105 9095 9084 9072 9069 9085 9088 9087 9087 9102 9130 9103 8989 8859 8772 8737 8695 8650 8603 8563 8562 8570 8574 8575 8581 8591 8607 8628 8634 8626 8640 8624 8612 8626 8655 8691 8729 8761 8794 8940 9153 9193 9186
8644 8672 8709 8741 8750 8761 8784 8807 8829 8851 8876 8884 8885 8885 8885 8887 8889 8891 8892 8891 8887 8884 8877 8872 8874 8878 8886 8901 8917 8935 8952 8971 8989 8991 8981 8999 9015 9040 9065 9078 9088 9085 9082 9075 9065 9061 9077 9073 9070 9073 9085 9099 9075 8968 8846 8775 8731 8695 8653 8612 8582 8563 8555 8553 8565 8579 8586 8595 8611 8634 8650 8631 8618 8610 8627 8660 8697 8738 8773 8864 9080 9161 9174 9158
8686 8722 8750 8766 8771 8782 8793 8810 8828 8845 8856 8862 8880 8879 8880 8883 8887 8887 8885 8885 8886 8882 8880 8882 8880 8877 8875 8885 8903 8915 8927 8940 8949 8953 8969 8990 9015 9034 9056 9071 9083 9080 9073 9065 9064 9061 9042 9058 9058 9052 9069 9074 9044 8948 8840 8763 8736 8701 8659 8619 8590 8571 8558 8555 8570 8587 8600 8600 8593 8621 8634 8628 8612 8607 8623 8647 8684 8731 8784 8887 9120 9180 9176 9158
8724 8750 8764 8764 8766 8774 8790 8807 8826 8838 8844 8856 8863 8868 8869 8870 8874 8876 8873 8873 8875 8875 8879 8884 8882 8874 8867 8871 8881 8893 8906 8919 8927 8935 8964 8980 8998 9016 9042 9062 9078 9083 9068 9051 9035 9034 9040 9051 9060 9053 9046 9052 9021 8936 8840 8775 8760 8702 8662 8625 8595 8580 8573 8577 8579 8592 8612 8612 8594 8594 8607 8618 8609 8599 8616 8640 8671 8718 8801 8973 9165 9189 9180 9171
8756 8762 8765 8761 8761 8769 8785 8806 8821 8839 8849 8842 8854 8857 8856 8853 8854 8860 8858 8857 8859 8863 8871 8883 8884 8869 8859 8856 8857 8870 8889 8905 8921 8937 8948 8965 8986 9005 9022 9051 9076 9088 9066 9041 9016 9020 9028 9044 9056 9050 9035 9048 9015 8937 8837 8745 8709 8680 8655 8642 8615 8588 8576 8576 8572 8578 8595 8599 8573 8554 8576 8599 8602 8599 8598 8627 8667 8707 8793 8999 9129 9160 9151 9134
8769 8764 8762 8765 8759 8766 8779 8795 8814 8833 8839 8828 8840 8846 8841 8837 8839 8844 8840 8838 8837 8844 8857 8870 8872 8858 8845 8842 8842 8857 8880 8901 8920 8939 8950 8964 8977 8990 9008 9043 9077 9083 9060 9038 9028 9036 9045 9037 9035 9027 9027 9036 9027 8957 8860 8751 8700 8651 8630 8626 8608 8584 8569 8559 8554 8551 8548 8555 8567 8542 8557 8572 8592 8595 8588 8639 8702 8761 8881 9032 9097 9121 9122 9107
8769 8760 8752 8764 8766 8767 8776 8789 8806 8820 8823 8816 8827 8830 8824 8820 8819 8822 8821 8819 8818 8825 8839 8851 8856 8841 8831 8835 8844 8859 8879 8899 8918 8936 8951 8962 8974 8990 9018 9034 9060 9054 9042 9028 9017 9021 9023 9021 9018 9021 9026 9044 9053 8995 8912 8813 8687 8619 8598 8574 8575 8570 8559 8548 8536 8529 8522 8543 8570 8558 8563 8575 8591 8601 8600 8677 8778 8887 9019 9071 9084 9103 9112 9096
8775 8760 8751 8765 8766 8767 8776 8785 8795 8808 8812 8812 8810 8805 8805 8804 8804 8799 8804 8806 8804 8808 8822 8831 8835 8828 8826 8836 8847 8860 8879 8897 8915 8931 8945 8962 8974 8990 9007 9032 9042 9028 9019 9013 9011 8998 8998 9002 9006 9012 9026 9056 9084 9036 8977 8913 8767 8644 8609 8578 8573 8574 8564 8545 8532 8524 8513 8514 8554 8582 8575 8588 8603 8603 8621 8735 8856 8998 9089 9082 9084 9095 9099 9091
8768 8755 8750 8760 8759 8761 8762 8769 8777 8784 8791 8795 8792 8786 8787 8788 8789 8789 8795 8799 8802 8808 8811 8814 8815 8826 8836 8845 8855 8865 8880 8896 8912 8926 8940 8955 8969 8990 9009 9030 9033 9009 8991 8982 8979 8971 8977 8985 8992 9008 9029 9060 9088 9055 9015 8981 8927 8780 8678 8607 8604 8601 8588 8569 8552 8539 8524 8507 8537 8562 8556 8554 8585 8640 8724 8812 8916 9008 9076 9091 9093 9094 9091 9091
8750 8738 8733 8747 8759 8752 8748 8748 8754 8762 8767 8768 8765 8767 8772 8776 8778 8792 8792 8793 8797 8801 8802 8803 8806 8834 8853 8855 8863 8877 8883 8893 8904 8916 8928 8940 8957 8976 9004 9019 8997 8976 8963 8952 8946 8956 8963 8975 8989 9018 9031 9052 9065 9043 9012 8973 8927 8872 8768 8693 8670 8654 8633 8603 8573 8585 8577 8552 8583 8599 8585 8592 8613 8707 8808 8888 8976 9049 9066 9090 9103 9101 9094 9094
8721 8716 8713 8730 8749 8739 8723 8728 8732 8737 8745 8753 8757 8753 8762 8770 8777 8781 8783 8785 8787 8793 8792 8796 8807 8832 8850 8857 8864 8872 8879 8887 8895 8902 8919 8929 8943 8961 8990 9010 8998 8975 8960 8946 8940 8945 8953 8967 8992 9009 9018 9030 9040 9021 8994 8963 8931 8892 8855 8804 8755 8724 8701 8680 8663 8676 8678 8652 8645 8646 8662 8693 8740 8836 8932 8984 9047 9089 9100 9106 9124 9115 9103 9094
8703 8699 8703 8716 8721 8720 8724 8717 8717 8721 8731 8741 8749 8749 8758 8767 8778 8780 8777 8776 8774 8769 8777 8788 8800 8826 8842 8850 8855 8857 8869 8880 8888 8895 8905 8916 8931 8946 8973 9004 9001 8987 8973 8958 8943 8940 8942 8954 8968 8983 8986 8995 9000 8993 8977 8959 8948 8939 8918 8883 8831 8797 8780 8776 8800 8789 8791 8745 8744 8763 8794 8842 8924 9010 9062 9074 9100 9134 9133 9162 9148 9129 9115 9106
8684 8686 8697 8704 8690 8693 8693 8699 8707 8714 8722 8730 8738 8750 8757 8761 8765 8769 8773 8770 8765 8758 8769 8782 8798 8819 8829 8837 8847 8860 8869 8874 8881 8887 8895 8914 8921 8928 8947 8987 8993 8986 8977 8959 8918 8902 8923 8949 8957 8958 8959 8967 8976 8971 8960 8950 8952 8945 8931 8909 8880 8857 8847 8854 8865 8883 8900 8872 8921 8925 8959 8979 9023 9077 9104 9105 9100 9084 9116 9146 9148 9136 9122 9112
8670 8678 8692 8699 8687 8678 8671 8681 8695 8706 8713 8722 8732 8748 8753 8752 8752 8756 8764 8765 8764 8767 8771 8778 8786 8794 8807 8820 8835 8852 8860 8865 8873 8883 8884 8892 8904 8923 8952 8973 8976 8966 8949 8926 8880 8870 8903 8936 8942 8937 8937 8942 8948 8949 8944 8934 8917 8921 8918 8918 8904 8893 8893 8907 8939 8942 8947 8965 9024 9031 9058 9046 9049 9060 9090 9098 9094 9081 9098 9148 9145 9137 9126 9117
8666 8675 8689 8703 8706 8679 8658 8667 8679 8691 8702 8712 8725 8735 8741 8742 8740 8739 8754 8758 8765 8772 8777 8774 8772 8772 8787 8803 8817 8829 8839 8848 8857 8877 8872 8853 8882 8913 8945 8960 8954 8938 8921 8889 8844 8846 8884 8918 8925 8913 8907 8917 8928 8933 8931 8922 8914 8909 8923 8925 8920 8917 8916 8925 8936 8941 8943 8954 8977 9019 9036 9046 9054 9070 9093 9101 9107 9111 9109 9122 9135 9140 9139 9127
