real_craters/C182-750m.grd
DSAA
207 207
-77.1925 77.1925
-77.1925 77.1925
6828.8756316994 9594.8790108523
[rows 114 to 151 of 207, columns 0 to 83 of 207]
8545 8536 8474 8426 8424 8426 8427 8429 8428 8422 8420 8422 8425 8429 8433 8439 8444 8450 8474 8478 8478 8483 8484 8480 8477 8475 8473 8473 8481 8476 8477 8485 8496 8508 8514 8513 8512 8513 8522 8539 8550 8576 8598 8602 8607 8622 8649 8671 8699 8719 8733 8747 8758 8762 8789 8807 8822 8833 8839 8836 8824 8792 8764 8816 8855 8893 8943 9001 9057 9109 9143 9155 9160 9100 9098 9115 9099 9060 9014 8967 8823 8675 8517 8346
8464 8462 8436 8436 8436 8433 8429 8428 8426 8417 8416 8418 8421 8425 8427 8430 8434 8444 8460 8471 8473 8475 8474 8472 8472 8470 8467 8464 8460 8461 8463 8473 8485 8496 8502 8502 8500 8495 8503 8530 8558 8564 8580 8606 8622 8635 8658 8684 8699 8713 8726 8737 8747 8758 8772 8788 8802 8818 8825 8812 8799 8779 8760 8785 8836 8892 8949 9009 9072 9132 9181 9218 9143 9089 9031 9074 9109 9131 9129 9026 8931 8759 8599 8446
8456 8456 8438 8447 8441 8431 8424 8422 8418 8414 8416 8417 8419 8420 8421 8423 8425 8429 8443 8458 8465 8469 8471 8474 8472 8468 8463 8455 8449 8450 8451 8464 8478 8490 8499 8502 8497 8485 8488 8512 8540 8552 8568 8601 8619 8632 8665 8685 8697 8704 8715 8727 8745 8756 8761 8769 8778 8785 8783 8785 8785 8786 8762 8754 8814 8876 8945 9012 9078 9142 9195 9206 9164 9074 9015 9071 9138 9196 9211 9069 8920 8796 8668 8544
8436 8444 8448 8455 8443 8431 8423 8420 8414 8418 8419 8418 8418 8418 8417 8418 8418 8420 8430 8451 8457 8465 8472 8480 8474 8468 8462 8455 8448 8448 8451 8459 8473 8486 8502 8514 8498 8492 8486 8497 8530 8543 8568 8602 8616 8660 8673 8687 8687 8691 8703 8718 8734 8746 8748 8752 8756 8752 8750 8759 8765 8763 8746 8760 8818 8893 8946 9008 9073 9136 9186 9233 9174 9077 9033 9100 9181 9255 9289 9163 8996 8847 8732 8626
8416 8434 8444 8445 8442 8435 8428 8424 8425 8421 8419 8419 8418 8417 8416 8414 8414 8413 8417 8423 8444 8459 8471 8476 8471 8466 8462 8457 8455 8450 8446 8456 8471 8481 8489 8490 8485 8485 8484 8503 8525 8532 8545 8565 8585 8648 8651 8651 8654 8668 8686 8705 8724 8734 8737 8740 8739 8733 8724 8749 8766 8757 8755 8789 8832 8870 8938 8999 9060 9120 9165 9197 9189 9106 9057 9105 9189 9278 9340 9229 9065 8913 8790 8690
8399 8385 8426 8423 8429 8427 8423 8423 8422 8419 8418 8421 8420 8417 8415 8411 8409 8410 8414 8422 8437 8452 8464 8471 8467 8464 8463 8467 8463 8457 8451 8460 8474 8488 8478 8467 8466 8468 8470 8487 8511 8513 8522 8550 8568 8596 8607 8600 8612 8641 8670 8696 8717 8731 8737 8732 8736 8736 8739 8753 8781 8773 8761 8839 8858 8881 8937 8993 9046 9096 9144 9187 9152 9053 9045 9092 9162 9250 9344 9325 9151 8945 8837 8738
8390 8396 8390 8392 8395 8404 8417 8411 8412 8418 8424 8424 8420 8417 8414 8411 8409 8406 8405 8419 8433 8446 8457 8462 8460 8461 8462 8465 8465 8464 8466 8468 8472 8477 8464 8449 8454 8466 8478 8487 8501 8496 8515 8525 8530 8552 8571 8572 8587 8622 8658 8689 8713 8727 8732 8728 8733 8743 8751 8755 8748 8753 8759 8811 8864 8906 8943 8986 9028 9060 9096 9093 9056 8987 9002 9058 9116 9175 9216 9214 9158 8977 8901 8798
8385 8383 8378 8382 8376 8378 8380 8388 8392 8403 8427 8423 8417 8413 8410 8409 8408 8406 8407 8417 8429 8441 8450 8457 8453 8458 8464 8469 8468 8465 8465 8466 8464 8457 8452 8447 8451 8466 8483 8486 8480 8488 8494 8501 8511 8531 8553 8559 8577 8614 8651 8686 8719 8723 8727 8732 8733 8748 8771 8763 8740 8764 8792 8821 8869 8915 8953 8984 9020 9036 9028 9055 8982 8943 8953 9003 9049 9088 9107 9123 9093 9052 9003 8943
8382 8377 8369 8368 8373 8373 8372 8374 8376 8386 8411 8411 8409 8408 8408 8408 8408 8408 8410 8417 8429 8443 8454 8454 8453 8464 8467 8472 8470 8463 8459 8458 8464 8462 8447 8434 8438 8453 8459 8472 8480 8485 8484 8482 8504 8532 8542 8559 8578 8615 8647 8673 8693 8706 8712 8715 8717 8730 8745 8741 8735 8776 8810 8832 8897 8948 8962 8970 8978 8999 9036 9033 9007 8936 8933 8970 9007 9035 9057 9140 9123 9095 9139 9189
8380 8379 8370 8375 8375 8370 8367 8371 8379 8391 8384 8391 8398 8402 8405 8407 8409 8411 8415 8418 8428 8439 8450 8461 8465 8464 8466 8468 8465 8458 8452 8451 8460 8463 8445 8430 8428 8443 8459 8465 8468 8462 8464 8468 8478 8506 8543 8575 8603 8627 8646 8663 8675 8687 8691 8692 8695 8696 8693 8688 8708 8769 8816 8812 8882 8943 8950 8948 8942 8943 8969 9016 9041 8957 8937 8968 8998 9021 9035 9046 9128 9177 9216 9343
8384 8386 8379 8379 8382 8379 8375 8375 8378 8379 8376 8382 8391 8399 8403 8406 8409 8413 8417 8426 8432 8436 8439 8455 8505 8436 8460 8460 8459 8453 8442 8429 8435 8438 8436 8435 8438 8439 8450 8457 8457 8458 8462 8472 8486 8512 8558 8593 8629 8636 8645 8659 8667 8672 8674 8674 8674 8668 8658 8661 8698 8729 8754 8795 8921 8942 8929 8916 8904 8880 8849 8961 9031 8997 8976 8986 9009 9036 9056 9017 9080 9113 9162 9223
8423 8401 8382 8384 8388 8387 8385 8383 8379 8375 8375 8379 8388 8395 8401 8405 8409 8414 8421 8432 8439 8429 8414 8360 8214 8359 8447 8457 8460 8451 8441 8430 8427 8424 8425 8428 8429 8441 8447 8456 8457 8460 8470 8483 8505 8533 8572 8598 8615 8627 8634 8647 8656 8654 8656 8658 8655 8652 8647 8651 8681 8711 8718 8772 8854 8893 8896 8887 8875 8859 8846 8913 9026 9016 9006 9005 9018 9047 9078 9033 9081 9134 9127 9113
8446 8431 8408 8400 8399 8410 8398 8391 8387 8381 8381 8384 8391 8396 8401 8406 8410 8414 8418 8424 8426 8424 8414 8390 8397 8402 8441 8443 8443 8443 8442 8445 8412 8405 8415 8427 8441 8450 8463 8465 8467 8471 8483 8503 8531 8560 8583 8595 8604 8612 8618 8621 8631 8639 8645 8645 8644 8644 8646 8654 8681 8709 8717 8741 8794 8840 8858 8857 8852 8856 8865 8871 8930 8983 8995 9004 9002 9015 9053 9028 9074 9182 9174 9100
8463 8448 8428 8421 8418 8411 8403 8398 8399 8402 8402 8402 8399 8401 8405 8408 8412 8414 8417 8419 8424 8426 8427 8441 8458 8444 8436 8432 8431 8431 8429 8424 8384 8393 8412 8429 8447 8454 8465 8475 8483 8482 8496 8520 8553 8576 8582 8590 8598 8604 8606 8609 8621 8631 8637 8641 8643 8646 8650 8660 8690 8724 8726 8734 8790 8822 8829 8832 8830 8834 8871 8899 8910 8960 9004 8997 8969 8932 8918 8970 9018 9074 9152 9154
8453 8439 8444 8443 8433 8417 8411 8410 8412 8418 8415 8407 8405 8407 8410 8413 8416 8417 8419 8423 8424 8431 8437 8442 8438 8435 8432 8429 8421 8421 8415 8396 8390 8403 8420 8436 8446 8464 8473 8481 8499 8503 8517 8544 8567 8588 8594 8587 8588 8592 8601 8611 8619 8627 8634 8637 8641 8644 8650 8658 8700 8739 8737 8751 8806 8821 8814 8809 8804 8793 8816 8896 8901 8949 8991 8981 8942 8894 8887 8943 8986 8978 8998 9036
8421 8412 8431 8430 8420 8422 8421 8416 8419 8418 8413 8405 8408 8411 8414 8418 8422 8424 8425 8426 8433 8438 8443 8440 8432 8435 8432 8427 8421 8419 8414 8410 8412 8420 8433 8449 8461 8466 8471 8477 8484 8508 8533 8548 8564 8583 8587 8582 8584 8589 8599 8609 8620 8629 8636 8638 8640 8641 8646 8666 8704 8730 8728 8731 8777 8798 8802 8800 8795 8785 8791 8828 8882 8924 8960 8957 8932 8902 8900 8934 8951 8942 8923 8946
8412 8419 8428 8428 8418 8430 8432 8445 8421 8412 8410 8411 8412 8415 8420 8423 8428 8434 8435 8439 8443 8445 8448 8449 8449 8444 8433 8429 8432 8426 8418 8418 8430 8434 8444 8456 8464 8460 8468 8474 8477 8507 8527 8538 8549 8554 8580 8585 8587 8592 8604 8614 8626 8632 8635 8636 8638 8639 8641 8655 8698 8709 8712 8716 8736 8765 8780 8786 8792 8797 8792 8812 8847 8890 8930 8939 8922 8922 8920 8934 8984 8932 8881 8909
8419 8425 8435 8441 8444 8411 8370 8364 8393 8415 8420 8419 8420 8421 8424 8429 8433 8438 8440 8442 8445 8452 8458 8461 8465 8458 8434 8426 8428 8420 8413 8414 8428 8434 8443 8455 8464 8466 8464 8476 8489 8504 8514 8530 8547 8570 8599 8600 8595 8593 8616 8633 8636 8637 8638 8638 8639 8640 8642 8660 8691 8703 8710 8713 8732 8750 8759 8767 8784 8792 8777 8784 8802 8848 8890 8899 8882 8873 8888 8899 8888 8901 8895 8914
8415 8419 8425 8429 8424 8420 8439 8436 8438 8429 8424 8425 8425 8427 8430 8433 8436 8440 8441 8447 8457 8465 8468 8471 8473 8465 8431 8415 8401 8394 8402 8409 8420 8429 8434 8437 8444 8437 8448 8460 8482 8495 8520 8519 8542 8575 8592 8608 8610 8610 8630 8643 8645 8644 8643 8641 8640 8638 8645 8663 8682 8705 8721 8736 8743 8724 8724 8739 8760 8780 8745 8726 8783 8797 8810 8818 8824 8830 8854 8879 8902 8924 8956 8957
8409 8413 8415 8413 8417 8425 8430 8443 8448 8444 8437 8432 8430 8430 8433 8437 8440 8440 8444 8444 8457 8472 8469 8466 8465 8456 8418 8402 8395 8397 8399 8408 8418 8426 8428 8428 8435 8435 8436 8440 8445 8465 8468 8491 8523 8554 8584 8620 8621 8632 8650 8656 8652 8648 8643 8641 8638 8637 8643 8669 8713 8711 8727 8748 8746 8696 8683 8704 8723 8722 8700 8692 8728 8747 8754 8757 8778 8803 8833 8874 8906 8939 8965 8967
8412 8412 8412 8415 8417 8419 8423 8450 8466 8454 8440 8434 8431 8430 8434 8441 8448 8453 8451 8453 8463 8467 8461 8449 8435 8405 8391 8388 8388 8390 8395 8406 8424 8428 8428 8426 8437 8424 8432 8438 8450 8460 8468 8482 8507 8530 8561 8598 8614 8618 8633 8647 8647 8645 8643 8634 8632 8634 8644 8669 8691 8706 8723 8732 8725 8665 8667 8686 8693 8680 8685 8708 8704 8712 8719 8732 8752 8782 8818 8867 8926 8946 8934 8946
8414 8410 8412 8414 8416 8422 8433 8456 8471 8459 8442 8430 8424 8429 8434 8442 8452 8458 8454 8454 8458 8459 8453 8431 8402 8374 8375 8380 8380 8376 8392 8405 8419 8425 8428 8432 8432 8435 8435 8434 8450 8461 8470 8481 8501 8525 8548 8577 8603 8614 8638 8641 8640 8639 8639 8639 8639 8632 8639 8661 8686 8701 8716 8720 8706 8691 8681 8686 8693 8691 8701 8714 8695 8689 8693 8700 8715 8747 8790 8840 8897 8920 8887 8904
8411 8408 8412 8414 8418 8427 8440 8456 8466 8458 8443 8434 8432 8429 8432 8438 8447 8452 8450 8448 8449 8472 8453 8420 8387 8377 8377 8383 8390 8402 8401 8403 8410 8416 8424 8423 8423 8439 8440 8443 8459 8467 8477 8481 8500 8521 8543 8576 8601 8607 8615 8624 8630 8635 8637 8638 8632 8628 8631 8658 8680 8704 8715 8712 8684 8682 8695 8697 8690 8682 8728 8722 8687 8676 8677 8679 8679 8705 8754 8794 8821 8835 8852 8871
8407 8409 8412 8417 8416 8427 8438 8450 8459 8453 8447 8437 8422 8425 8430 8433 8434 8440 8446 8450 8456 8473 8457 8417 8379 8369 8374 8388 8403 8420 8416 8413 8419 8429 8435 8437 8433 8430 8441 8457 8466 8473 8478 8487 8501 8521 8547 8588 8597 8595 8589 8609 8619 8626 8630 8634 8630 8630 8640 8665 8700 8722 8721 8712 8706 8705 8707 8709 8714 8722 8727 8714 8688 8677 8672 8669 8677 8699 8729 8753 8765 8767 8795 8844
8401 8408 8412 8414 8417 8434 8446 8451 8443 8446 8442 8433 8425 8425 8429 8432 8435 8440 8448 8455 8468 8489 8465 8418 8374 8365 8373 8395 8414 8429 8424 8419 8436 8448 8445 8446 8447 8442 8451 8461 8468 8476 8481 8488 8502 8523 8549 8575 8579 8595 8602 8613 8618 8625 8630 8635 8629 8634 8645 8673 8710 8761 8731 8715 8727 8726 8706 8718 8720 8722 8739 8709 8700 8690 8678 8673 8691 8707 8721 8734 8740 8739 8747 8795
8395 8404 8411 8417 8422 8439 8446 8445 8449 8448 8443 8438 8432 8430 8432 8435 8439 8445 8452 8461 8471 8481 8465 8420 8377 8375 8389 8407 8425 8437 8439 8438 8447 8456 8450 8452 8459 8463 8466 8465 8467 8473 8477 8480 8497 8523 8551 8570 8569 8602 8621 8615 8618 8625 8631 8630 8635 8646 8665 8685 8720 8761 8729 8708 8702 8688 8709 8730 8735 8710 8700 8703 8693 8683 8684 8688 8700 8714 8726 8735 8736 8733 8744 8779
8399 8406 8412 8417 8424 8435 8445 8452 8451 8450 8445 8437 8434 8435 8438 8440 8444 8450 8458 8465 8467 8480 8467 8426 8393 8395 8403 8423 8435 8442 8443 8441 8450 8460 8460 8458 8464 8473 8475 8471 8470 8470 8485 8487 8497 8513 8532 8553 8561 8581 8590 8607 8616 8623 8631 8635 8642 8651 8664 8678 8707 8739 8726 8702 8688 8689 8711 8732 8747 8716 8709 8699 8692 8689 8692 8699 8714 8727 8737 8743 8748 8752 8757 8776
8402 8406 8411 8418 8423 8431 8442 8445 8455 8458 8451 8446 8443 8445 8447 8447 8447 8455 8464 8473 8483 8474 8444 8432 8424 8425 8441 8445 8444 8441 8427 8431 8445 8452 8441 8449 8459 8473 8490 8463 8471 8490 8488 8489 8497 8503 8505 8520 8544 8572 8597 8610 8616 8622 8631 8639 8652 8655 8656 8659 8695 8743 8721 8699 8677 8672 8696 8709 8718 8715 8712 8708 8702 8695 8705 8713 8728 8740 8749 8757 8765 8765 8758 8771
8408 8412 8417 8423 8430 8431 8439 8441 8454 8461 8459 8452 8457 8462 8460 8456 8456 8460 8467 8476 8486 8470 8437 8442 8446 8450 8464 8461 8450 8436 8419 8425 8439 8446 8446 8439 8441 8444 8422 8419 8462 8489 8488 8492 8500 8502 8502 8507 8523 8565 8594 8606 8610 8618 8628 8640 8654 8677 8664 8652 8694 8739 8728 8704 8680 8666 8671 8695 8719 8706 8720 8716 8719 8730 8723 8721 8730 8745 8753 8763 8775 8781 8772 8756
8413 8420 8428 8432 8432 8439 8440 8447 8458 8470 8472 8470 8481 8485 8475 8468 8463 8466 8469 8471 8469 8460 8456 8454 8460 8465 8467 8466 8454 8437 8422 8423 8434 8448 8439 8426 8425 8420 8404 8412 8464 8498 8485 8479 8502 8504 8505 8509 8524 8552 8572 8584 8595 8607 8619 8628 8641 8652 8662 8679 8704 8735 8728 8713 8696 8688 8686 8673 8666 8679 8693 8713 8728 8733 8733 8725 8745 8746 8751 8760 8773 8776 8756 8743
8416 8427 8440 8446 8448 8449 8446 8448 8461 8478 8485 8499 8498 8485 8473 8480 8476 8469 8468 8466 8462 8454 8449 8461 8471 8477 8481 8473 8454 8438 8425 8422 8427 8430 8422 8418 8421 8424 8422 8435 8469 8489 8482 8480 8496 8504 8513 8519 8519 8541 8552 8565 8581 8596 8609 8616 8624 8635 8655 8680 8707 8734 8734 8719 8705 8700 8675 8665 8670 8681 8690 8708 8728 8750 8741 8722 8714 8730 8741 8748 8753 8755 8750 8733
8421 8436 8455 8460 8456 8450 8453 8456 8464 8471 8490 8496 8482 8450 8454 8452 8461 8463 8463 8463 8460 8454 8456 8475 8485 8481 8482 8460 8447 8440 8424 8417 8419 8422 8422 8422 8429 8438 8449 8458 8465 8476 8481 8486 8490 8503 8515 8526 8544 8548 8549 8555 8571 8588 8603 8612 8616 8625 8637 8659 8698 8731 8736 8716 8700 8687 8669 8669 8673 8684 8689 8704 8718 8727 8726 8725 8717 8722 8731 8736 8737 8739 8740 8724
8426 8444 8471 8474 8463 8456 8471 8471 8481 8505 8498 8479 8457 8445 8448 8451 8455 8461 8464 8465 8464 8466 8473 8474 8477 8474 8460 8435 8438 8439 8426 8415 8415 8414 8425 8430 8446 8458 8461 8469 8462 8470 8483 8490 8493 8507 8520 8530 8550 8547 8548 8548 8565 8584 8601 8613 8621 8624 8632 8650 8687 8717 8724 8708 8690 8667 8678 8671 8662 8680 8691 8698 8705 8705 8709 8719 8724 8726 8727 8726 8724 8722 8717 8706
8442 8464 8484 8481 8470 8462 8474 8489 8501 8511 8494 8469 8453 8451 8454 8460 8460 8462 8465 8467 8469 8473 8477 8474 8474 8471 8459 8450 8441 8434 8424 8417 8417 8420 8430 8445 8464 8490 8505 8499 8472 8486 8504 8508 8506 8517 8536 8555 8564 8569 8559 8551 8569 8588 8605 8620 8630 8637 8649 8665 8685 8705 8708 8700 8690 8680 8676 8663 8660 8680 8685 8692 8701 8708 8714 8719 8730 8730 8720 8713 8704 8696 8687 8673
8466 8501 8492 8485 8484 8490 8497 8496 8495 8480 8471 8460 8447 8455 8456 8459 8460 8462 8465 8467 8471 8474 8474 8472 8476 8477 8476 8473 8447 8429 8422 8421 8423 8429 8439 8455 8447 8464 8454 8489 8495 8529 8535 8533 8516 8524 8549 8578 8572 8582 8577 8580 8587 8601 8616 8629 8646 8656 8668 8677 8683 8693 8698 8693 8691 8694 8680 8667 8656 8652 8671 8685 8699 8714 8730 8727 8725 8720 8706 8697 8694 8668 8648 8637
8470 8503 8497 8493 8494 8492 8502 8485 8458 8464 8464 8458 8457 8455 8456 8456 8462 8466 8469 8472 8475 8478 8483 8493 8486 8480 8481 8481 8445 8421 8422 8428 8428 8428 8436 8439 8402 8290 8140 8287 8579 8583 8559 8532 8516 8525 8548 8575 8591 8586 8586 8596 8604 8614 8624 8639 8654 8665 8675 8670 8673 8680 8680 8683 8686 8689 8676 8674 8663 8651 8666 8682 8695 8709 8719 8717 8711 8696 8682 8665 8649 8635 8619 8620
8453 8473 8486 8496 8499 8505 8512 8493 8461 8461 8462 8457 8452 8457 8459 8460 8467 8471 8474 8476 8478 8481 8487 8496 8482 8477 8472 8458 8443 8427 8427 8433 8438 8444 8456 8453 8430 8340 8201 8354 8597 8593 8559 8533 8517 8528 8547 8560 8563 8565 8584 8599 8611 8623 8635 8646 8656 8665 8664 8660 8656 8658 8668 8664 8668 8673 8670 8673 8672 8671 8675 8682 8692 8700 8703 8711 8703 8685 8663 8631 8612 8611 8605 8618
8434 8445 8468 8487 8494 8502 8516 8511 8484 8471 8464 8461 8457 8458 8466 8471 8475 8475 8476 8476 8477 8479 8478 8461 8462 8467 8469 8466 8454 8443 8436 8434 8444 8455 8456 8465 8486 8549 8509 8554 8531 8553 8544 8522 8518 8541 8547 8549 8555 8561 8580 8596 8612 8628 8643 8654 8659 8669 8677 8659 8638 8609 8620 8633 8649 8663 8673 8671 8673 8685 8686 8688 8693 8698 8706 8710 8701 8695 8655 8615 8597 8603 8614 8629
