real_craters/C182-750m.grd
DSAA
207 207
-77.1925 77.1925
-77.1925 77.1925
6828.8756316994 9594.8790108523
[rows 114 to 151 of 207, columns 84 to 167 of 207]
8160 8002 7863 7718 7558 7441 7351 7277 7218 7158 7094 7052 7026 7004 6993 6988 6989 6993 6996 6998 6999 7001 7005 7011 7019 7038 7062 7085 7113 7150 7208 7282 7368 7458 7551 7645 7739 7843 7939 8071 8222 8378 8540 8688 8827 9030 9190 9277 9254 9186 9054 8951 8867 8796 8754 8805 8830 8835 8831 8842 8823 8824 8814 8799 8788 8780 8788 8836 8812 8804 8812 8824 8798 8785 8799 8766 8739 8717 8697 8682 8684 8689 8697 8700
8288 8120 7966 7814 7673 7541 7436 7371 7304 7232 7163 7110 7071 7028 7010 7002 7003 7009 7011 7011 7010 7011 7012 7022 7036 7056 7078 7099 7123 7163 7238 7328 7425 7521 7617 7714 7812 7911 8009 8147 8306 8476 8645 8806 8954 9176 9267 9299 9144 8976 8916 8879 8827 8782 8777 8841 8852 8838 8819 8795 8809 8825 8816 8806 8798 8799 8820 8848 8802 8808 8819 8811 8790 8766 8763 8750 8730 8713 8703 8693 8690 8688 8694 8701
8415 8248 8084 7929 7782 7664 7578 7489 7409 7334 7257 7201 7144 7074 7043 7026 7027 7034 7033 7029 7024 7020 7026 7038 7056 7079 7103 7122 7138 7182 7280 7387 7494 7600 7703 7802 7895 7982 8086 8229 8396 8574 8759 8952 9159 9348 9302 9237 8990 8899 8857 8830 8803 8785 8801 8892 8880 8841 8801 8792 8816 8818 8817 8810 8807 8810 8821 8818 8824 8806 8791 8780 8777 8778 8746 8726 8713 8702 8701 8697 8692 8690 8688 8693
8510 8356 8199 8050 7911 7786 7697 7609 7531 7451 7371 7319 7253 7154 7104 7060 7064 7068 7066 7055 7041 7032 7040 7055 7079 7109 7140 7171 7198 7250 7350 7458 7565 7674 7784 7890 7988 8072 8161 8320 8489 8667 8855 9057 9275 9292 9219 9101 8952 8878 8841 8810 8790 8792 8819 8914 8893 8849 8805 8803 8825 8817 8805 8799 8805 8819 8781 8726 8801 8786 8763 8756 8754 8747 8727 8707 8694 8681 8673 8673 8675 8670 8671 8678
8589 8447 8307 8170 8039 7919 7826 7744 7673 7592 7512 7469 7412 7274 7216 7158 7135 7119 7104 7084 7064 7047 7050 7076 7107 7144 7194 7242 7299 7367 7443 7544 7653 7767 7881 7982 8093 8197 8294 8433 8585 8750 8922 9091 9225 9197 9117 8998 8940 8883 8842 8813 8786 8799 8887 8901 8895 8862 8837 8846 8850 8805 8788 8780 8777 8797 8769 8647 8776 8753 8737 8734 8732 8725 8709 8691 8676 8660 8647 8647 8653 8650 8652 8661
8645 8534 8420 8301 8188 8079 8007 7925 7828 7741 7667 7630 7578 7486 7365 7276 7224 7187 7155 7124 7093 7068 7071 7110 7153 7200 7261 7329 7388 7450 7536 7629 7736 7850 7965 8079 8200 8325 8442 8556 8688 8829 8970 9106 9192 9194 9094 8973 8932 8898 8871 8828 8786 8737 8903 8917 8900 8867 8841 8848 8822 8782 8760 8741 8722 8712 8728 8628 8706 8703 8717 8706 8711 8708 8692 8676 8661 8646 8637 8635 8640 8641 8641 8650
8704 8640 8547 8442 8335 8221 8169 8080 7971 7885 7814 7744 7676 7599 7472 7386 7318 7262 7215 7169 7126 7097 7109 7172 7226 7258 7339 7401 7458 7533 7623 7728 7839 7946 8062 8170 8292 8421 8547 8670 8783 8904 9020 9114 9179 9197 9100 8955 8914 8893 8877 8844 8816 8837 8862 8926 8904 8858 8817 8818 8793 8759 8730 8702 8675 8627 8577 8631 8629 8643 8679 8683 8686 8684 8674 8660 8649 8634 8622 8625 8631 8637 8640 8645
8863 8784 8683 8576 8478 8393 8285 8170 8085 8005 7933 7853 7774 7676 7566 7482 7415 7352 7288 7228 7174 7144 7185 7270 7338 7417 7441 7469 7523 7612 7715 7828 7940 8058 8164 8276 8377 8485 8649 8762 8864 8951 9030 9099 9151 9151 9065 8964 8898 8879 8869 8844 8831 8834 8870 8886 8874 8838 8823 8773 8745 8723 8694 8667 8640 8595 8571 8620 8604 8613 8663 8655 8663 8662 8657 8648 8640 8629 8623 8620 8625 8630 8635 8636
9100 8955 8827 8711 8603 8494 8384 8281 8193 8113 8033 7953 7873 7770 7679 7605 7531 7448 7375 7307 7249 7223 7327 7406 7455 7488 7511 7544 7609 7700 7806 7922 8044 8164 8274 8380 8473 8568 8727 8848 8929 8987 9038 9069 9088 9068 8955 8888 8855 8839 8831 8825 8823 8840 8820 8837 8826 8795 8761 8743 8704 8681 8657 8631 8600 8554 8549 8616 8620 8621 8610 8629 8614 8635 8644 8648 8633 8619 8613 8614 8619 8622 8628 8624
9241 9080 8949 8835 8722 8606 8494 8395 8297 8214 8128 8053 7962 7884 7801 7715 7633 7553 7486 7421 7364 7358 7523 7563 7565 7557 7570 7612 7692 7788 7902 8030 8147 8277 8397 8516 8611 8666 8823 8952 9003 9026 9038 9037 9016 8955 8875 8832 8801 8776 8786 8793 8793 8781 8788 8811 8807 8761 8721 8702 8677 8658 8633 8599 8566 8533 8549 8610 8625 8631 8635 8636 8643 8633 8630 8625 8614 8604 8599 8604 8610 8619 8621 8610
9205 9120 9024 8936 8845 8738 8619 8497 8401 8331 8254 8171 8090 8013 7931 7823 7732 7666 7614 7563 7514 7502 7694 7710 7674 7638 7635 7679 7758 7880 8009 8142 8266 8396 8532 8668 8802 8933 9056 9101 9075 9053 9028 9001 8963 8907 8851 8808 8777 8756 8766 8776 8777 8775 8788 8804 8796 8739 8693 8679 8655 8629 8599 8572 8545 8522 8533 8572 8599 8621 8646 8635 8633 8627 8619 8606 8599 8596 8593 8594 8599 8603 8593 8590
9137 9116 9069 9017 8962 8892 8782 8620 8509 8451 8380 8297 8218 8133 8044 7935 7841 7790 7751 7723 7714 7726 7827 7816 7776 7738 7731 7780 7875 8009 8138 8259 8381 8510 8641 8793 8964 9129 9182 9166 9103 9049 8999 8958 8921 8878 8824 8787 8764 8766 8775 8791 8782 8783 8793 8793 8776 8734 8692 8679 8640 8605 8571 8552 8539 8517 8518 8541 8565 8578 8609 8617 8621 8618 8615 8609 8602 8591 8585 8584 8586 8587 8581 8580
9114 9107 9092 9075 9065 9051 8977 8777 8647 8587 8515 8430 8336 8258 8154 8060 7989 7923 7888 7875 7896 7942 7897 7885 7878 7869 7882 7942 8059 8181 8285 8390 8498 8608 8730 8867 9028 9170 9155 9121 9082 9026 8966 8920 8876 8844 8805 8761 8744 8736 8765 8796 8791 8803 8800 8790 8769 8729 8696 8671 8630 8594 8557 8539 8530 8516 8516 8533 8548 8560 8583 8598 8603 8610 8612 8611 8602 8578 8572 8573 8576 8578 8576 8582
9098 9085 9082 9090 9116 9167 9193 9005 8878 8803 8707 8598 8473 8396 8303 8201 8113 8048 8016 7998 7989 7983 7967 7970 7996 8019 8058 8220 8334 8386 8448 8514 8595 8683 8775 8874 8979 9069 9096 9105 9043 8991 8935 8883 8834 8786 8759 8732 8721 8723 8744 8768 8785 8812 8798 8786 8771 8758 8746 8674 8633 8598 8562 8536 8519 8530 8521 8528 8543 8558 8579 8591 8599 8602 8605 8607 8600 8569 8562 8563 8568 8575 8587 8590
9041 9040 9057 9085 9115 9158 9163 9139 9119 9021 8941 8815 8668 8586 8465 8345 8234 8169 8136 8111 8079 8062 8069 8091 8139 8194 8258 8424 8533 8547 8574 8622 8676 8737 8803 8858 8900 8945 8985 8985 8988 8954 8904 8851 8796 8742 8700 8691 8698 8706 8720 8745 8759 8785 8786 8777 8763 8758 8755 8702 8655 8611 8582 8551 8529 8564 8529 8525 8541 8557 8574 8582 8587 8590 8593 8594 8589 8562 8554 8556 8561 8569 8580 8592
8984 9008 9025 9049 9079 9094 9066 9124 9212 9339 9183 9065 8928 8774 8623 8485 8365 8294 8258 8245 8236 8221 8222 8252 8319 8392 8488 8589 8649 8668 8680 8703 8741 8775 8807 8831 8854 8887 8921 8958 8943 8917 8876 8820 8766 8713 8681 8675 8682 8687 8695 8715 8742 8764 8770 8769 8767 8766 8758 8712 8652 8620 8596 8579 8578 8582 8532 8518 8532 8549 8564 8574 8575 8575 8574 8574 8567 8551 8545 8547 8553 8560 8569 8585
8954 8986 9004 9021 9036 9049 9066 9063 9100 9254 9266 9273 9197 8973 8772 8586 8472 8400 8376 8381 8406 8402 8416 8458 8490 8556 8669 8740 8748 8747 8765 8775 8794 8805 8827 8834 8811 8847 8890 8915 8917 8889 8846 8797 8742 8693 8675 8679 8684 8692 8700 8716 8728 8751 8760 8762 8763 8779 8754 8712 8655 8631 8611 8599 8604 8606 8542 8523 8529 8545 8547 8551 8554 8554 8552 8549 8544 8538 8533 8535 8541 8548 8558 8566
8941 8962 8978 8989 8998 9000 9005 8985 8952 9039 9200 9339 9336 9160 8962 8729 8601 8507 8506 8523 8525 8544 8564 8587 8610 8653 8700 8737 8790 8824 8845 8866 8871 8869 8867 8872 8894 8881 8894 8927 8909 8870 8826 8777 8727 8685 8695 8675 8696 8710 8726 8730 8742 8752 8754 8757 8759 8760 8755 8722 8679 8647 8626 8619 8596 8563 8546 8545 8533 8520 8516 8520 8528 8531 8530 8525 8516 8512 8516 8521 8527 8533 8540 8540
8955 8957 8964 8966 8964 8962 8952 8928 8918 8969 9083 9188 9222 9196 9081 8958 8785 8666 8643 8671 8729 8697 8677 8666 8700 8742 8770 8803 8888 8914 8933 8923 8916 8914 8910 8910 8910 8902 8897 8905 8885 8850 8807 8764 8722 8687 8693 8715 8714 8721 8730 8722 8724 8740 8749 8754 8752 8740 8734 8712 8686 8656 8636 8619 8589 8552 8572 8555 8530 8526 8512 8509 8514 8515 8511 8506 8501 8499 8504 8508 8512 8515 8517 8519
8957 8953 8950 8950 8949 8944 8933 8922 8921 8930 8959 8981 9012 8988 8952 8989 8854 8742 8734 8785 8836 8821 8796 8774 8819 8863 8899 8990 9024 9022 9005 8986 8969 8951 8936 8933 8919 8909 8893 8889 8865 8834 8803 8770 8736 8710 8708 8718 8722 8721 8716 8708 8710 8732 8748 8757 8758 8745 8704 8684 8661 8647 8640 8639 8570 8554 8566 8560 8537 8527 8509 8509 8505 8504 8499 8492 8483 8486 8491 8496 8498 8499 8496 8499
8943 8940 8938 8937 8931 8925 8922 8916 8910 8880 8873 8843 8878 8872 8844 8830 8785 8736 8773 8851 8920 8913 8921 8944 8991 9024 9064 9208 9162 9100 9050 9010 8989 8969 8959 8956 8952 8916 8892 8870 8847 8823 8802 8782 8758 8743 8734 8730 8727 8723 8715 8709 8720 8735 8746 8759 8768 8723 8669 8654 8638 8628 8619 8597 8553 8545 8552 8555 8555 8526 8507 8499 8500 8498 8494 8487 8479 8479 8486 8489 8489 8489 8490 8496
8915 8915 8920 8920 8919 8916 8908 8902 8876 8848 8852 8868 8871 8880 8866 8826 8785 8765 8806 8865 8921 8953 9014 9118 9169 9181 9244 9295 9225 9133 9061 9020 8991 8977 8962 8944 8920 8908 8881 8851 8828 8816 8808 8799 8790 8768 8765 8754 8738 8731 8723 8715 8725 8733 8739 8746 8750 8708 8656 8635 8621 8607 8594 8577 8552 8540 8540 8535 8533 8520 8510 8502 8501 8498 8495 8490 8484 8486 8490 8489 8485 8483 8480 8476
8889 8898 8901 8903 8905 8904 8894 8870 8851 8841 8865 8883 8908 8939 8979 8888 8844 8882 8890 8866 8883 8949 9025 9125 9186 9212 9238 9258 9183 9110 9059 9019 8993 8981 8966 8944 8917 8906 8879 8845 8805 8819 8823 8824 8825 8818 8783 8760 8755 8742 8733 8728 8727 8725 8723 8717 8702 8659 8640 8618 8597 8581 8571 8561 8541 8542 8535 8518 8507 8520 8517 8509 8503 8500 8498 8498 8500 8507 8498 8490 8484 8477 8469 8460
8861 8871 8880 8885 8890 8894 8896 8893 8869 8866 8899 8930 8937 8962 8980 8969 8973 9007 8982 8918 8904 8933 8974 9020 9063 9121 9163 9109 9060 9044 9029 9011 8987 8979 8960 8954 8931 8907 8883 8863 8857 8845 8838 8837 8836 8823 8788 8758 8757 8750 8739 8732 8724 8709 8699 8690 8664 8637 8623 8600 8578 8563 8556 8546 8532 8543 8539 8519 8517 8529 8522 8508 8505 8502 8502 8503 8508 8505 8498 8490 8481 8473 8466 8454
8832 8847 8855 8862 8867 8871 8878 8906 8876 8884 8905 8917 8923 8949 8990 9020 9056 9049 9012 8947 8915 8918 8921 8896 8851 8901 9016 8956 8943 8974 8979 8977 8967 8957 8944 8932 8919 8905 8891 8883 8874 8862 8850 8840 8844 8829 8784 8752 8758 8735 8726 8727 8699 8682 8680 8674 8643 8622 8597 8580 8564 8555 8551 8553 8532 8543 8540 8525 8532 8542 8536 8519 8510 8505 8504 8503 8502 8501 8495 8486 8476 8467 8457 8449
8808 8826 8836 8843 8845 8839 8842 8834 8833 8892 8852 8844 8870 8903 8943 8983 9006 9000 8949 8898 8906 8917 8915 8887 8831 8827 8859 8886 8900 8934 8951 8956 8954 8944 8930 8900 8907 8904 8894 8886 8881 8860 8838 8817 8803 8784 8765 8749 8747 8688 8652 8719 8676 8660 8658 8655 8635 8601 8574 8562 8552 8544 8542 8544 8531 8535 8536 8531 8534 8547 8546 8526 8511 8507 8506 8506 8503 8499 8491 8480 8471 8463 8456 8452
8795 8808 8816 8823 8827 8826 8821 8801 8789 8773 8750 8768 8804 8833 8865 8896 8943 8971 9000 8931 8936 8946 8958 8970 8984 8879 8867 8900 8926 8923 8922 8927 8932 8935 8928 8918 8906 8901 8892 8880 8863 8843 8817 8784 8753 8745 8739 8736 8711 8643 8518 8510 8643 8634 8627 8617 8598 8580 8565 8553 8540 8531 8539 8537 8525 8529 8530 8534 8537 8545 8557 8519 8506 8505 8506 8507 8502 8491 8480 8473 8467 8462 8456 8452
8785 8793 8801 8805 8806 8803 8794 8774 8747 8706 8700 8729 8757 8773 8769 8778 8827 8895 8954 9012 8976 8968 8981 9017 9072 8989 8913 8925 8935 8903 8898 8905 8916 8927 8935 8933 8915 8899 8883 8867 8852 8827 8795 8757 8720 8720 8716 8706 8706 8663 8621 8673 8658 8607 8601 8593 8574 8555 8564 8545 8533 8527 8537 8535 8531 8523 8518 8519 8513 8510 8529 8515 8503 8500 8500 8501 8493 8479 8467 8465 8462 8460 8457 8452
8771 8771 8773 8773 8772 8773 8770 8755 8694 8680 8708 8725 8737 8749 8759 8778 8810 8860 8908 8971 8963 8951 8956 8980 9018 9026 8981 8904 8818 8870 8881 8887 8898 8919 8942 8940 8917 8893 8870 8846 8820 8788 8779 8749 8720 8712 8705 8698 8699 8682 8676 8653 8622 8595 8584 8578 8571 8550 8536 8532 8530 8527 8525 8527 8526 8514 8508 8497 8496 8500 8503 8500 8495 8493 8493 8490 8484 8474 8464 8463 8461 8457 8455 8455
8749 8754 8755 8754 8755 8753 8748 8745 8690 8692 8711 8719 8728 8741 8766 8810 8838 8869 8886 8913 8912 8901 8897 8895 8894 8949 8962 8908 8888 8870 8869 8873 8885 8906 8942 8943 8908 8875 8847 8823 8807 8810 8772 8757 8738 8721 8704 8689 8669 8665 8667 8625 8592 8580 8574 8572 8583 8560 8537 8532 8535 8534 8525 8527 8525 8518 8512 8510 8497 8491 8491 8490 8487 8487 8486 8487 8479 8473 8468 8466 8463 8462 8461 8462
8738 8739 8736 8737 8735 8733 8723 8710 8734 8711 8700 8704 8716 8730 8744 8752 8769 8782 8812 8843 8857 8850 8834 8808 8776 8804 8852 8856 8864 8844 8844 8851 8861 8881 8927 8926 8885 8853 8824 8796 8766 8695 8744 8760 8761 8727 8699 8674 8652 8657 8662 8629 8609 8579 8573 8575 8578 8566 8548 8542 8546 8552 8547 8536 8530 8526 8518 8517 8501 8492 8487 8487 8486 8481 8475 8469 8472 8473 8473 8472 8470 8464 8467 8469
8722 8719 8716 8717 8716 8716 8715 8718 8699 8702 8681 8694 8704 8711 8714 8713 8728 8742 8753 8783 8803 8810 8798 8766 8708 8704 8753 8781 8783 8795 8812 8825 8839 8848 8848 8856 8847 8829 8803 8775 8747 8743 8733 8741 8740 8720 8695 8670 8652 8645 8626 8620 8608 8580 8574 8582 8581 8576 8566 8563 8560 8560 8549 8529 8526 8528 8522 8519 8509 8496 8492 8489 8486 8478 8471 8464 8470 8476 8483 8482 8480 8482 8477 8477
8707 8694 8691 8693 8698 8701 8700 8693 8688 8693 8692 8699 8701 8702 8702 8705 8723 8754 8751 8749 8767 8776 8776 8770 8743 8694 8710 8731 8751 8766 8786 8808 8824 8827 8810 8819 8819 8808 8788 8764 8739 8712 8713 8715 8718 8706 8688 8669 8647 8640 8639 8636 8621 8592 8585 8583 8572 8576 8577 8573 8564 8555 8543 8525 8521 8530 8523 8527 8518 8509 8498 8491 8485 8479 8474 8472 8473 8478 8486 8487 8483 8481 8485 8486
8655 8658 8665 8674 8680 8686 8694 8691 8681 8681 8706 8697 8691 8689 8691 8700 8714 8725 8726 8745 8754 8761 8772 8782 8789 8711 8704 8708 8715 8730 8766 8795 8816 8836 8861 8842 8811 8795 8777 8755 8731 8714 8700 8703 8704 8700 8689 8675 8674 8671 8658 8653 8626 8610 8601 8592 8568 8568 8577 8582 8561 8540 8534 8523 8527 8534 8523 8519 8514 8511 8501 8491 8483 8479 8479 8477 8475 8476 8479 8482 8484 8488 8490 8494
8628 8635 8643 8652 8662 8670 8676 8676 8668 8656 8663 8677 8675 8671 8673 8682 8696 8710 8711 8740 8747 8751 8757 8763 8772 8753 8719 8715 8719 8732 8771 8798 8814 8837 8870 8846 8805 8782 8762 8742 8724 8704 8696 8691 8700 8697 8686 8676 8669 8674 8674 8663 8646 8633 8614 8586 8565 8564 8569 8566 8553 8538 8530 8531 8528 8522 8515 8509 8508 8501 8496 8490 8484 8479 8474 8473 8472 8471 8469 8470 8481 8489 8491 8496
8632 8627 8626 8631 8645 8655 8659 8662 8661 8650 8660 8664 8658 8654 8651 8649 8661 8695 8713 8730 8737 8738 8736 8726 8708 8708 8727 8743 8765 8777 8809 8818 8820 8821 8821 8817 8795 8777 8760 8744 8728 8724 8734 8748 8717 8697 8682 8671 8664 8669 8673 8667 8655 8640 8610 8584 8567 8563 8562 8557 8550 8541 8532 8531 8525 8515 8506 8505 8513 8511 8495 8490 8486 8479 8470 8469 8471 8469 8466 8465 8476 8484 8489 8493
8648 8611 8604 8617 8632 8648 8667 8664 8664 8664 8643 8640 8640 8637 8632 8626 8632 8665 8684 8707 8720 8726 8726 8721 8723 8741 8760 8795 8838 8892 8872 8854 8836 8827 8816 8805 8788 8775 8759 8743 8729 8723 8730 8730 8713 8695 8682 8670 8659 8655 8663 8661 8660 8643 8609 8572 8563 8563 8563 8563 8555 8546 8546 8521 8514 8516 8510 8516 8524 8521 8504 8492 8484 8481 8486 8479 8475 8472 8470 8471 8476 8480 8484 8486
8614 8565 8575 8596 8622 8642 8650 8659 8653 8632 8626 8623 8626 8624 8619 8614 8616 8637 8654 8677 8703 8720 8730 8740 8757 8773 8797 8840 8886 8921 8915 8893 8860 8835 8818 8810 8802 8785 8764 8744 8722 8698 8670 8682 8691 8687 8682 8672 8662 8654 8633 8651 8652 8643 8636 8581 8570 8565 8563 8563 8558 8551 8541 8529 8519 8513 8515 8522 8526 8522 8505 8495 8488 8486 8488 8484 8479 8476 8474 8473 8470 8476 8480 8483
