real_craters/C182-1000m.grd
DSAA
89 89
-44.11 44.11
-44.11 44.11
7967.3891777391 10541.317452238
[rows 30 to 59 of 89, columns 0 to 66 of 89]
9460.07 9453.7 9457.16 9467.36 9475.08 9481.54 9493.82 9496.3 9501.72 9500.91 9511.31 9533.73 9543.5 9542.5 9548.93 9571.71 9587.19 9601.14 9625.88 9643.54 9646.98 9688.55 9856.66 9865.64 9838.41 9803.66 9701.39 9647.52 9582.04 9487.06 9350.82 9183.09 9015.75 8838.68 8651.11 8620.02 8583.1 8483.18 8437.84 8352.87 8298.13 8286.01 8297.48 8307.46 8324.9 8336.34 8343.72 8368.62 8439.62 8540.98 8631.31 8663.46 8722.14 8818.75 8921.11 9130.01 9206.12 9076.87 9140.37 9130.44 9199.25 9287.49 9420.35 9564.98 9705.51 9828.99 9920.18
9452.1 9448.98 9453.16 9464.73 9477.35 9487.7 9501.78 9514.32 9507.73 9517.17 9533.46 9558.13 9566.51 9588.59 9598.7 9602.91 9609.04 9624.39 9672.24 9759.99 9748.23 9810.92 9897.03 9857.71 9774.3 9647.05 9585.75 9534.68 9447.35 9331.42 9177.11 9009.89 8862.79 8718.95 8560.71 8497.28 8435.11 8353.14 8326.44 8290.01 8252.17 8244.35 8261.51 8279.81 8290.19 8300.94 8316.28 8327.13 8348.38 8399.15 8496.89 8573.31 8617.01 8708.07 8809.31 8911.63 8951.9 8933.99 8962.75 8979.27 9009.28 9101.89 9282.67 9487.65 9690.36 9877.96 9969.56
9442.39 9442.66 9448.79 9465.55 9485.97 9504.91 9515.3 9483.61 9520.03 9538.16 9573.84 9609.47 9663.05 9647.65 9644.79 9639.6 9635.58 9638.56 9701.25 9758.8 9771.69 9807.61 9835.94 9837.86 9752.46 9642.66 9560.91 9471.42 9344.26 9197.36 9011.96 8837.94 8738.06 8657.53 8515 8434.95 8382.87 8328.46 8285.73 8244.64 8220.59 8218.09 8223.39 8244.58 8252.88 8263.1 8279.86 8295 8332.07 8387.83 8438.16 8493.01 8556.09 8652.55 8760.46 8839.59 8867.54 8874.5 8885.47 8934.08 8980.8 9025.79 9178.46 9387.59 9621.32 9881.3 10101.4
9439.82 9443.87 9450.02 9465.55 9480.31 9493.72 9499.72 9521.69 9535.72 9551.69 9584.54 9649.4 9715.97 9714.74 9696.28 9676.23 9665.4 9679.91 9728.76 9786.45 9757.55 9818.42 9934.24 9874.51 9754.25 9663.54 9605.5 9452.33 9260.9 9077.53 8870.33 8713.1 8634.41 8540.1 8425.28 8382.54 8346.35 8309.44 8277 8230.78 8217.36 8219.98 8225.16 8232.65 8237.9 8244.92 8256.61 8277.4 8313.23 8366.84 8421.14 8467.13 8521.18 8583.14 8652.4 8733.22 8869.24 8817.25 8809.36 8874.81 8985.77 9000.7 9112.59 9297.96 9499.15 9729.47 9977.73
9445.34 9453.87 9464.65 9469.77 9474.8 9478.14 9507.93 9540.41 9552.04 9581.98 9611.01 9667.15 9724.99 9743.98 9722.56 9698.12 9679.73 9685.66 9723.75 9749.7 9748.51 9834.18 9959.22 9891.4 9737.1 9620.73 9629.79 9423.4 9152.81 8899.49 8741.19 8614.81 8565.22 8521.93 8388.28 8343.48 8311.75 8297.48 8296.66 8288.48 8270.94 8250.69 8264.53 8268.95 8255.06 8259.65 8272.77 8295.18 8322.76 8342.88 8395.01 8434.19 8476.26 8503.45 8516.35 8597.1 8719.44 8786.97 8735.17 8767.09 8934.7 9063.1 9091.08 9228.44 9356.85 9474.9 9701.03
9462.79 9466.83 9469.52 9477.81 9479.91 9480.39 9485.83 9515.53 9540.35 9587.01 9632.67 9663.19 9695.09 9689.21 9703.58 9707.71 9687.11 9682.47 9740.43 9768.25 9767.5 9827.86 9901.73 9842.35 9693.65 9585.16 9641.3 9355.48 9052.13 8798.25 8651.8 8546.5 8487.18 8413.36 8363.46 8321.16 8286.92 8310.6 8344.62 8367.68 8365.65 8336.46 8333.27 8328.86 8315.04 8311.47 8328.79 8359.19 8374.12 8377.71 8388.08 8397.68 8426.06 8444.38 8444.85 8442.65 8479.34 8580.42 8603.61 8696.66 8830.89 9005.63 9105.67 9186.76 9252.39 9345.79 9605.72
9469.63 9481.3 9488.87 9493.56 9491.28 9486.49 9476.92 9481.13 9520.21 9568.26 9626 9680.52 9702.66 9683.81 9702.72 9713.46 9710.09 9724.46 9768.2 9806.03 9805.75 9807.07 9776.29 9707.79 9643.44 9549.06 9431.26 9209.28 8949.15 8723.94 8574.49 8476.59 8420.56 8371.42 8341.75 8324.1 8313.3 8366.84 8416.82 8450.85 8462.4 8456.16 8427.91 8415.8 8411.57 8397.53 8413.77 8445.12 8452.18 8442.62 8416.78 8382.99 8390.51 8398.34 8404.93 8407.58 8398.48 8463.44 8576.86 8668.13 8768.09 8959.1 9175.54 9153.93 9162.27 9234.09 9531.19
9479.51 9498.7 9510.78 9510.49 9503.99 9490.66 9490.65 9494.69 9531.08 9576.31 9660.57 9722.29 9721.21 9704.77 9700.85 9700.6 9733.01 9760.57 9784.8 9839.7 9877.62 9801.93 9689.78 9603 9608.32 9513.45 9272.01 9079.35 8867.97 8655.1 8484.37 8396.64 8372.7 8349.45 8341.34 8357.63 8393.49 8453.35 8508.57 8547.88 8560.32 8546.86 8535.36 8529.34 8543.39 8546.13 8546.51 8534.58 8530.41 8499.23 8441.08 8387.77 8366.89 8366.92 8367.37 8360.91 8361.97 8393.09 8437.32 8542.24 8615.67 8763.06 9022.34 9047.88 9074.42 9178.59 9450.82
9515.07 9517.23 9525.47 9532.75 9528.47 9525.67 9525.59 9537.12 9571.65 9621.03 9701.48 9755.88 9732.9 9756.5 9758.79 9729.32 9760.83 9780.07 9803.03 9871.43 9896.94 9831.9 9720.21 9627.67 9595.03 9470.45 9233.68 9016.47 8812.4 8602.64 8431.56 8343.87 8315.82 8295.54 8338.32 8397.72 8478.45 8539.94 8607.75 8671.29 8702.2 8662.49 8673.15 8695.87 8749.26 8823.98 8830.29 8731.62 8621.22 8553.68 8469.71 8399.01 8370.52 8353.73 8344.76 8307.94 8303.15 8319.02 8369.28 8473.16 8548.74 8698.97 8813.68 8915.39 8992.12 9068.3 9329.25
9507.41 9532.05 9565.65 9575.85 9559.69 9550.93 9556.07 9592.74 9614.62 9658.58 9728.85 9726.44 9720.79 9746.29 9769.99 9740.79 9777.25 9778.97 9778.19 9899.72 9950.18 9866.07 9780.71 9732.09 9547.21 9383.57 9207.02 8969.69 8712.59 8511.83 8367.57 8292.68 8269.9 8275.12 8341.4 8418.2 8514.83 8599.51 8691.83 8792.37 8896.21 8825.56 8882.4 8990.74 9102.79 9213.02 9204.16 9102.5 8928.06 8727.43 8549.41 8434.34 8372.52 8337.47 8323.65 8275.51 8250.12 8234.46 8231.25 8365.14 8500.43 8662.93 8679.71 8803.83 8977.7 9095.68 9256.46
9528.92 9547.8 9564.45 9574.37 9587.64 9573.94 9587.93 9606.66 9656.64 9701.28 9758.96 9769.74 9759.74 9794.66 9775.06 9789.83 9758.35 9773.6 9808.26 9928 9951.91 9865.17 9757.67 9610.7 9454.67 9288.57 9111.36 8864.09 8587.7 8415.82 8292.67 8246.91 8246.91 8290.96 8351.53 8426.96 8526.18 8636.41 8750.08 8863.63 8961.51 9003.72 9105.22 9342.81 9640.09 9694.04 9672.06 9597.51 9294.46 8958.69 8633.38 8449.12 8395.59 8344.69 8281.55 8251.89 8191.03 8169.5 8152.94 8240.88 8392.96 8523.89 8546.87 8713.48 8987.2 9260.87 9241.54
9572.49 9581.33 9594.01 9602.2 9630.83 9620.15 9646.89 9666.43 9717.26 9791.84 9865.53 9873.56 9863.92 9867.83 9858.75 9856.65 9807.45 9805.88 9853.08 9910.69 9909.1 9826.84 9707.58 9568.11 9420.63 9227.34 9021.42 8793.71 8565.04 8373.89 8249.18 8213.94 8221.6 8276.87 8349.87 8443.58 8557.39 8681.7 8808.74 8921.7 9030.63 9130.53 9285.21 9516.74 10013.5 10117.3 10220.4 9982.85 9693.93 9230.92 8798.2 8503.39 8439.48 8442.41 8258.89 8239.68 8165.01 8151.34 8148.74 8158.13 8247.1 8487.43 8482.76 8629.8 8891.98 9106.32 9183.56
9621.88 9621 9641.04 9668.51 9669.6 9645.92 9661.17 9694.76 9757.73 9838.36 9860.49 9863.65 9896.62 9924.17 9931.82 9924.78 9876.22 9831.31 9832.74 9879.27 9852.04 9765.37 9652.55 9516.13 9361.17 9163.81 8957.98 8761.93 8584.4 8361.11 8222.8 8197.58 8201.42 8238.31 8330.56 8438.38 8585.83 8725.95 8869.06 8993.24 9094.61 9214.82 9450.48 9624.86 10027.1 10244.6 10349.8 10236 9940.55 9465.21 8965.66 8583.53 8375.9 8263.4 8191.43 8184.94 8167.6 8168.47 8168.12 8155.19 8164.91 8305.53 8470.47 8565.75 8785.41 8983.33 9128.84
9655.1 9648.39 9659.38 9675.48 9684.53 9677.98 9667.2 9712.5 9770.07 9831.1 9839.24 9845.84 9885.07 9898.43 9909.69 9913.44 9872.54 9872.57 9868.45 9872.97 9814.26 9717.27 9600.25 9481.38 9267.27 9085.12 8887.88 8701.76 8547.72 8354.64 8232.76 8203.27 8197.54 8233.11 8310.52 8405.37 8592.38 8741.92 8899.31 9050.09 9228.07 9493.77 9875.97 10006.4 10055.1 10279.7 10415.3 10476.9 10084.7 9588.36 9074.73 8677.27 8336.5 8204.56 8191.16 8180.39 8185.11 8195.92 8194.45 8175.56 8146.59 8211.44 8378.95 8527.83 8756.16 8961.37 9110.42
9655.55 9653.7 9654.42 9656.96 9667.74 9693.81 9706.4 9726.57 9768.2 9816.87 9834.12 9834.12 9878.06 9902.79 9935.74 9935.05 9905.53 9897.88 9882.53 9855.33 9792.41 9685.91 9550.51 9390.26 9223.2 9021.64 8821.7 8630.29 8506.49 8391.24 8284.47 8229.52 8198.9 8240.77 8314.91 8417.19 8585.07 8747.82 8923.79 9095.22 9378.54 9813.43 10313.1 10451.9 10354.2 10412.5 10541.3 10382.9 9946.02 9428.66 8951.97 8615.73 8378.78 8247.92 8199.04 8191.57 8216.67 8227.57 8224.09 8217.8 8169.32 8245.24 8391.16 8508.37 8727.75 8954.31 9141.17
9639.91 9642.95 9648.24 9652.65 9664.04 9666.51 9705.43 9744.52 9776.83 9791.13 9791.34 9816.52 9868.13 9917.16 9950.2 9944.1 9925.52 9920.18 9897.7 9857.34 9779.8 9663.79 9521.51 9345.88 9157.56 8987.61 8806.47 8604.62 8482.21 8360.67 8294.09 8263.59 8241.8 8275.49 8341.18 8433.45 8566.11 8716 8892.84 9121.11 9428.61 9985.24 10160.7 10116.9 10235.1 10314.2 10399.7 10110.1 9684 9213.52 8840.22 8577.82 8390.36 8271.02 8222.74 8214.13 8257.89 8258.64 8236.73 8183.04 8185.55 8254.76 8354.75 8519.9 8709.87 8960.07 9200.01
9623.13 9625.87 9646.34 9664.89 9657.02 9674.95 9718.05 9755.66 9777.41 9778.06 9787.06 9808.51 9864 9893.63 9926.28 9975.72 9979.74 9928.38 9918.27 9902.22 9788.8 9665.5 9534.32 9384.37 9145.12 9015.01 8860.46 8682.82 8475.2 8336.84 8276.93 8275.25 8297.44 8320.83 8371.65 8444.55 8550.58 8673.51 8823.83 9015.04 9283.76 9758.83 9782.8 9720.07 9907.43 10056.9 10088.4 9855.77 9466.36 9026.87 8736.3 8520.89 8354.24 8278.07 8244.03 8248.61 8297.93 8288.6 8254.55 8181.48 8186.09 8264.16 8343.58 8529.09 8760.19 8992.16 9222.37
9619.68 9617.51 9645.26 9683.94 9684.02 9675.17 9713.7 9742.31 9753.05 9763.29 9780.95 9818.31 9889.71 9890.8 9948.98 10058.1 10016.3 9940.62 9908.54 9869.44 9796.04 9697.28 9576.51 9421.91 9258.12 9068.93 8930.17 8766.85 8470.76 8351.22 8264.09 8219.66 8289.73 8332.83 8387.63 8467.57 8532.81 8616.24 8719.37 8851.25 9038.17 9444.52 9579.39 9675.22 9891.22 10017.7 9962.8 9604.84 9295.98 8941.75 8656.86 8442.41 8328.53 8286.03 8265.28 8271.56 8320.14 8312.55 8271.49 8205.13 8206.61 8324.4 8420.04 8670.89 8830.77 9008.75 9206.81
9624.92 9615.5 9634.93 9668.23 9691.7 9681.86 9694.35 9713.77 9740.84 9774.49 9774.69 9827.91 9883.42 9899.7 9965.79 10087.3 10043.3 9942.2 9913.07 9875.5 9823.76 9752.64 9647.14 9487.67 9233.36 9071.79 8971.52 8814.15 8537.64 8393.75 8270.92 8186.13 8248.93 8299.08 8363.66 8463.38 8491.96 8533.31 8595.58 8694.78 8851.85 9161.81 9482.08 9726.29 9842.92 9902.41 9655.74 9506.74 9241.26 8782.56 8563.97 8407.72 8311.74 8294.86 8286.83 8290.72 8344.75 8323.99 8278.77 8206.18 8239.1 8416.98 8646.11 8753.14 8811.42 8992.83 9167.79
9629.99 9611.17 9626.91 9651.96 9694.28 9690.65 9677.33 9693.82 9765.28 9821.41 9821.44 9817.15 9871.45 9899.59 9942.55 10023.2 10005.9 9935.99 9904.28 9881.95 9861.09 9824.93 9742.63 9561.14 9208.7 9047.2 8998.42 8874.55 8619.07 8491.83 8317.7 8182.98 8189.39 8245.37 8314.69 8409.26 8426.04 8443.7 8482.52 8551.77 8687.38 9054.27 9183.06 9299.94 9412.77 9401.26 9305.05 9125.49 9000.2 8669.18 8493.28 8373.31 8315.63 8319.04 8354.53 8370.36 8362.6 8303.54 8204.76 8160.69 8202.05 8377.96 8612.53 8719.52 8823.95 9014.6 9163.16
9630.43 9616.68 9636.46 9676.01 9686.6 9676.04 9681.15 9701.63 9764.75 9806.44 9827.18 9826.19 9866.06 9906.27 9935.84 9974.7 9991.48 9956.37 9899.63 9893.88 9906.96 9906.95 9866.75 9676.5 9247.09 9058.1 9058.85 8958.61 8705.88 8573.59 8391.33 8216.95 8174.56 8201.56 8285.57 8360.83 8367.35 8375.49 8386.32 8406.03 8487.19 8752.88 8829.8 8880.82 8973.23 8977.72 8995.69 8882.5 8746.92 8514.72 8403.72 8320.96 8301.87 8299.79 8351.79 8334.58 8288.01 8214.62 8141.68 8150.01 8228.5 8347.13 8483.78 8748.54 8968.29 9100.01 9208.8
9631.44 9632.28 9637.81 9651.28 9671.71 9683.22 9695.04 9726.18 9739.93 9761.25 9818.84 9846.42 9882.63 9909.42 9946.95 9943.1 9979.46 9960.19 9922.56 9914.53 9944.97 9969.55 9978.2 9889.53 9377.91 9150.47 9148.76 9036.27 8806.61 8634.01 8481.55 8336.82 8193.85 8156.06 8196.82 8272.74 8290.41 8289.81 8285.51 8285.24 8318.55 8402.61 8470 8595.52 8642.44 8654.27 8625.23 8558.46 8513 8400.46 8292.28 8244.44 8185.75 8163.71 8173.42 8165.81 8123.31 8085.13 8111.94 8163.09 8258.66 8332.52 8431.46 8800.39 9081.59 9190.58 9259.78
9621.82 9619.61 9631.25 9642.46 9644.14 9671.46 9698.37 9729.4 9755.84 9792.58 9841.02 9882.32 9900.42 9904.91 9926.58 9924.49 9927.63 9919.93 9851.16 9928.54 9970.04 9994.34 9971.76 9820.19 9495.26 9291.36 9274.82 9140.29 8902.39 8715.27 8511.66 8303.07 8173.92 8101.3 8119 8193.32 8219.58 8226.65 8220.63 8211.3 8213.09 8241.69 8278.91 8330.39 8368.69 8357.18 8341.37 8303.39 8332.62 8275.81 8206.29 8163.72 8112.38 8105.39 8096.8 8067.96 8034.6 8020.76 8078.99 8161.93 8233.35 8342.91 8601.17 8900.58 9164.57 9283.15 9328.57
9616.07 9618.66 9618.26 9626.92 9629.91 9661.34 9692.68 9733.65 9778.71 9857.47 9888.06 9917.75 9922.59 9929.12 9961.23 9959.01 9922.58 9916.62 9944.63 9962.67 9987.87 10001.5 9971.33 9831.7 9589.42 9415.47 9373.62 9210.92 8937.52 8733.37 8537.23 8345.35 8205.15 8076.63 8058.96 8116.88 8146.2 8158.09 8162.1 8160.94 8159.23 8151.71 8159.35 8175.43 8182.87 8175.69 8169.5 8108.29 8161.47 8158.16 8130.94 8124.51 8102.4 8112.64 8125.16 8057.06 8071.67 8114.09 8175.06 8223.33 8286.51 8623.03 8822.48 9034.56 9287.99 9408.39 9528.19
9613.09 9613.07 9614.61 9612.96 9627.91 9667.24 9688.15 9712.94 9774.97 9910.55 9899.51 9885.31 9953.6 9987.31 10026.6 10046.8 10002.4 9940.91 9953.26 9978.4 10000 10012.3 9989.84 9875.71 9682.74 9521.54 9400.88 9300.42 9110.46 8794.62 8623.04 8487.34 8286.77 8093.11 8018.01 8071.45 8102.6 8114.83 8112.49 8102.74 8096.22 8086.34 8083.05 8058.02 8047.54 8034.18 8019.49 8007.9 8031.8 8071.46 8101.7 8125.2 8153.25 8167.65 8159.5 8102.49 8145.57 8208.34 8260.03 8354.86 8505.99 8746.75 8965.49 9243.2 9342.54 9466.66 9579.26
9610.52 9611.8 9625.36 9644.7 9671.34 9687.43 9683.95 9698.14 9741.52 9812.42 9854.5 9879.89 9991.44 10008.7 10047.3 10081.5 10026.1 9967.88 9964.2 9988.4 10006.1 10018.6 10016.3 9915.34 9768.43 9639.34 9538.41 9456.95 9300.73 8975.49 8743.06 8586.95 8381.21 8155.05 8035.76 8070.72 8092.93 8095.9 8081.13 8052.6 8041.28 8036.81 8005.22 7990.54 7980.33 7978.43 7986.08 7967.39 7978.45 8045.08 8082 8131.23 8157.55 8152.28 8148.96 8161.51 8205.3 8260.08 8341.76 8497.46 8693.83 8901.58 9159.65 9405.27 9503.88 9479.83 9531.97
9613.86 9616.45 9628.82 9636.38 9656.53 9669.71 9671.53 9670.77 9690.44 9763.01 9814.58 9847.88 9929.58 9987.97 10044.7 10069.8 10036.9 9991.59 9970.65 9968.47 9999.25 10012.9 9998.51 9927.06 9822.08 9709.85 9596.1 9593.2 9534.8 9183.95 8894.2 8683.95 8503.42 8305.02 8167.44 8149.91 8142.58 8125.37 8097.46 8060.2 8047.25 8051.65 8028.07 8009.96 7993.38 7980.79 7981.29 7983.64 8001.53 8065.04 8124.95 8160.77 8197.75 8212.29 8219.64 8220.42 8298.89 8345.36 8480.54 8654.13 8807.64 9063.22 9375.41 9576.95 9550.4 9552.95 9583.92
9618.5 9621.82 9613 9631.89 9653.78 9668.26 9659.04 9658.09 9687.8 9756.66 9777.22 9798.44 9839.44 9934.08 10041.3 10044.5 10057.5 9990.32 9964.83 9974.79 10003.2 10008.3 9976 9940.05 9868.79 9762.75 9621.35 9589.92 9557.55 9426.03 9108.9 8877.46 8687.46 8471.85 8318.78 8275.24 8237.81 8196.89 8150.75 8113.34 8085.84 8081.47 8083.38 8068.76 8055.39 8045.15 8057.23 8051.41 8064.12 8108.95 8180.06 8184.37 8258.45 8316.44 8337.53 8371.47 8465.53 8583.95 8736.26 8851.04 9040.47 9296.6 9521.12 9553.73 9571.65 9608.63 9646.29
9621.5 9618.88 9607.49 9617.99 9640.78 9639.44 9650.95 9656.4 9689.33 9728.99 9750.45 9764.66 9789.02 9864.01 9955.95 10019.4 10032.4 9963.5 9961.09 9978.75 9999.01 10008.7 10024.4 9965.93 9919.8 9879.27 9719.99 9574.14 9554.51 9641.3 9426.14 9134.94 8903.1 8693.39 8521.34 8441.85 8379.85 8306 8227.69 8166.33 8142.47 8131.3 8125.96 8128.21 8133.56 8133.29 8122.98 8136.28 8155.37 8176.19 8221.06 8263.72 8292.76 8346.68 8434.87 8529.44 8635.72 8750.17 8849.03 9009.4 9197.99 9403.07 9554.77 9522.82 9646.8 9626.82 9716.18
9622.1 9619.74 9614.82 9629.78 9647.67 9662.35 9649.9 9641.67 9652.76 9708.11 9744.27 9769.79 9808.99 9854.33 9906.04 9973.71 9986.84 9988.61 9994.83 9997.02 9986.25 9958.75 9930.76 9948.09 9941.41 9947.15 9871.58 9622.53 9513.86 9466.75 9447.66 9293.69 9118.51 8887.12 8731.66 8644.03 8559.06 8467.33 8354.49 8248.2 8259.49 8225.41 8197.5 8186.86 8236.4 8239.83 8253.78 8257.22 8246.24 8257.44 8281.44 8313.35 8355.44 8542.53 8584.49 8727.22 8760.82 8800.02 8951 9142.62 9279.76 9390.65 9452.46 9501.01 9608.18 9664.61 9864.95
