real_craters/C182-500m.grd
DSAA
310 310
-77.1925 77.1925
-77.1925 77.1925
6827.922282242 9596.3631904615
[rows 120 to 149 of 310, columns 201 to 267 of 310]
8827.51 8813.96 8806.03 8804.28 8800.66 8795.67 8795.59 8792.59 8789.4 8785.42 8774.51 8767.7 8763.95 8763.09 8762.66 8759.73 8758.62 8765.51 8776.94 8787.58 8794.14 8807.15 8799.17 8800.66 8807.99 8819.47 8828.95 8836.81 8841.19 8839.11 8828.89 8806.11 8796.25 8811.85 8827.12 8831.42 8827.93 8824.31 8823.39 8797.25 8780.08 8763.2 8744.81 8726.62 8710.43 8698.14 8693.74 8684.59 8646.6 8640.19 8656.46 8651.31 8648.81 8655.7 8664 8674.44 8683.84 8693 8699.64 8698.68 8683.99 8665.42 8645.53 8627.32 8610.65 8599.73 8593.97
8840.47 8830.3 8821.72 8818.17 8825.54 8827.62 8819.57 8807.34 8793.5 8779.37 8769.58 8764.98 8765.87 8767.44 8764.54 8759.09 8755.37 8760.2 8770.57 8783.45 8795.32 8803.04 8797.82 8800.59 8806.38 8813.69 8822.49 8829.28 8831.91 8825.6 8814.45 8796.63 8791.46 8804.04 8816.25 8817.67 8814.66 8812.89 8813.14 8795.5 8772.87 8745.14 8731.24 8719.4 8709.27 8701.61 8691.13 8679.33 8664.89 8652.47 8656.88 8654.34 8651.52 8656.86 8662.78 8670.25 8677.37 8683.11 8685.79 8681.52 8668.64 8651.16 8631.28 8611.88 8595 8583.89 8579.2
8860.23 8849.83 8844.1 8846.32 8854.79 8860.52 8843.79 8823.39 8798.63 8773.26 8762.34 8758.98 8760.83 8765.2 8763.03 8758.2 8755.25 8757.04 8763.98 8773.5 8783.15 8783.63 8794.3 8798.16 8803.6 8810.41 8816.97 8823.12 8826.26 8823.66 8809.32 8794.86 8790.75 8797.81 8804.2 8803.07 8798.33 8794.41 8779.15 8771.06 8760.3 8738.49 8722.05 8712.34 8705.07 8698.97 8686 8670.18 8660.44 8661.31 8662.12 8657.81 8654.12 8655.06 8659.89 8665.24 8670.59 8673.25 8672.28 8665.74 8653.04 8636.14 8617.1 8597.75 8579.31 8567.24 8565.98
8879.1 8870.6 8868.05 8874.48 8881.71 8879.89 8869.9 8844.74 8810.83 8776.61 8758.72 8753.14 8754.94 8760.04 8759.53 8756.4 8753.34 8753.26 8757.66 8760.84 8767.1 8774.85 8787.34 8794.47 8799.12 8804.71 8811.49 8817.41 8822.6 8827.57 8815.91 8793.69 8788.77 8793.43 8795.99 8791.16 8782.21 8773.37 8762.81 8749.15 8737.7 8718.68 8711.46 8704.53 8696.85 8688.56 8673.02 8657.67 8642.22 8654.7 8660.52 8653.06 8649.82 8649.09 8653.62 8660.19 8663.53 8663.95 8661.13 8652.69 8639.38 8622.85 8604.7 8585.51 8568.39 8556.83 8555.64
8897.14 8889.64 8891.92 8898.46 8912.34 8920.39 8907.05 8874.93 8832.4 8785.6 8759.33 8749.96 8749.03 8755.9 8755.95 8754.54 8754.57 8756.82 8753.84 8755.17 8764.61 8771.63 8782.97 8787.88 8793.06 8798.07 8802.61 8807.91 8813.3 8818.33 8811.3 8788.82 8785.92 8789.77 8789.52 8782.67 8772.52 8763.65 8750.48 8739.81 8727.89 8705.57 8703.06 8697.48 8689.14 8677.34 8665.88 8654.13 8643.11 8663.56 8661.65 8654.65 8651.85 8652.95 8654.03 8654.84 8656.11 8655.89 8651.67 8641.97 8627.92 8611.67 8593.79 8575.73 8560.71 8550.67 8547.52
8915.42 8908.36 8914.72 8919.95 8939.35 8959.92 8948.13 8910.87 8864.49 8813.24 8776.61 8755.68 8742.83 8749.93 8752.75 8753.56 8752.54 8749.3 8749.89 8752.09 8759.26 8763.57 8771.63 8779.78 8786.16 8792 8796.59 8799.59 8801.27 8801.26 8807.52 8790.81 8787.33 8788.16 8785.56 8778.41 8769.74 8764.46 8746.84 8734 8723.93 8715.01 8701.97 8695.47 8688.2 8679.43 8670.11 8663.3 8660.06 8669.14 8663.53 8654.81 8657.62 8655.43 8647.92 8647.56 8647.63 8647.21 8644.54 8632.56 8616.67 8599.91 8582.95 8567.12 8553.4 8542.75 8540.54
8926.52 8915.42 8909.4 8920.99 8952.03 8982.9 8981.11 8947.36 8906.8 8861.22 8816.35 8775.92 8750.83 8750.66 8757.58 8758.05 8754.66 8750.32 8749 8749.41 8757.25 8759.06 8764.29 8773.85 8780.62 8785.36 8789.68 8790.54 8789.06 8786.49 8796.68 8794.4 8788.2 8785.41 8782.28 8776.72 8769.15 8762.82 8746.94 8728.74 8708.96 8701 8697.27 8693.82 8689.99 8684.22 8677.48 8677.89 8674.45 8669 8660.55 8669.69 8655.77 8644.13 8639.16 8635.77 8636.51 8635.72 8633.89 8619.74 8603.84 8588.41 8573.3 8559.21 8546.63 8537.51 8535.14
8927.23 8904.89 8900.78 8914.06 8950.89 8984.69 8994.75 8978.07 8953.51 8924.28 8884 8813.19 8772.11 8778.12 8777.09 8772.6 8765.08 8755.84 8755.87 8752.21 8754.19 8757.43 8765.47 8774.46 8780.39 8784.98 8786.87 8786.88 8784.42 8780.63 8783.29 8790.26 8786.86 8782.56 8781.4 8780.27 8774.18 8767.4 8749.15 8725.16 8699.42 8693.34 8693.8 8693.68 8693.73 8694.17 8698.77 8696.22 8684.97 8663.94 8651.5 8644.84 8649.66 8635.42 8629.53 8625.97 8622.49 8619.96 8616.63 8603.63 8590.04 8576.65 8563.62 8551.17 8540.64 8533.55 8530.27
8926.38 8898.12 8895.13 8910.17 8944.58 8980.2 9003.15 9001.25 8997.75 8986.97 8958.22 8895.94 8842.55 8820.26 8807.66 8794.98 8782.11 8774.78 8775.23 8782.48 8771.55 8771.04 8774.94 8778.37 8781.13 8783.91 8784.64 8783.66 8783.25 8782.41 8776.42 8786.82 8787.73 8782.82 8785.9 8789.56 8797.56 8793.7 8765.63 8731 8700.51 8691.98 8691.9 8693.8 8696.33 8700.21 8704.27 8709.54 8703.11 8609.35 8617.31 8649.84 8639.5 8628.41 8619.7 8610.24 8605.31 8599.09 8592.77 8584.64 8574.72 8564.18 8553.2 8542.92 8534.19 8526.59 8523.69
8928.71 8900.62 8890.99 8902.4 8939.15 8971.21 8991.12 9021.09 9037.06 9043.03 9029.59 8951.75 8898.6 8871.55 8846.52 8823.05 8803.99 8786.32 8784.06 8793.24 8790.63 8793.3 8788.44 8786.58 8786.81 8785.6 8786.53 8785.39 8784.36 8781.75 8777.93 8791.8 8793.07 8793.88 8793.22 8795.52 8800.54 8808.8 8778.62 8739.14 8703.17 8691.94 8691.44 8693.77 8696.82 8699.84 8703.58 8709.75 8702.89 8554.24 8568.23 8652.33 8643.19 8620.61 8607.03 8596.16 8588.37 8579.38 8571.94 8566.61 8559.65 8551.5 8543.29 8534.93 8527.5 8521.59 8519.36
8927.16 8898.64 8873.83 8900.62 8943.49 8983.08 9017.97 9046.64 9071.81 9089.17 9083.17 9014.45 8982.56 8933.27 8885.74 8852.52 8828.3 8811.88 8805.43 8805.15 8815.33 8803.03 8798.14 8795.68 8794.46 8792.8 8792.32 8790.89 8790.17 8793.21 8794.24 8788.79 8790.82 8800.07 8795.06 8793.21 8795.15 8791.29 8770.65 8744.59 8715.52 8697.15 8692.98 8693.2 8695.04 8697.28 8699.46 8696.4 8671.03 8602.93 8571.99 8621.34 8635.69 8612.13 8593.43 8583.78 8574.71 8565.09 8557.87 8552.66 8547.05 8540.49 8534.05 8527.3 8521.77 8517.92 8516.61
8923.3 8884.46 8887.88 8919.06 8960.34 9003.2 9037.42 9071.12 9098.41 9121.52 9146.62 9120.58 9037.35 8960.95 8908.68 8874.02 8848.21 8831.49 8821.64 8813.61 8810.85 8809.08 8805.99 8804.17 8802.28 8801.81 8799.41 8795.76 8795.46 8807.91 8818.33 8754.1 8774.93 8790.11 8786.53 8781.35 8778.77 8767.96 8758.79 8745.16 8722.59 8695.22 8690.98 8689.06 8689.71 8691.06 8690.77 8684.55 8666.87 8646.91 8612.86 8617.13 8638.33 8619.15 8592.65 8576.38 8563.32 8551.61 8545.03 8541.04 8536.49 8531.24 8526.47 8521.08 8515.93 8512.55 8510.34
8925.9 8894.19 8901.11 8940.91 8986.29 9030.79 9069.63 9098.72 9117.17 9125.82 9115.73 9086.03 8987.25 8950.89 8915.83 8884.93 8860.4 8839.71 8822.38 8817.55 8814.06 8811.31 8813.59 8814.77 8814.32 8812.13 8809.58 8806.11 8801.25 8820.5 8835.71 8774.12 8762.65 8774.29 8775.55 8771.99 8769.46 8765.26 8754.02 8740.09 8717.26 8693.17 8685.24 8682.72 8683.9 8685.55 8683.13 8681.47 8677.93 8656.05 8628.86 8622.69 8623.83 8613.13 8591.15 8569.53 8556.49 8546.75 8538.12 8533.05 8527.73 8523.45 8518.84 8514.57 8510.52 8507.63 8503.55
8937.04 8917.58 8937.97 8971.96 9016.95 9063.32 9103.21 9125.5 9133.07 9125.07 9100.94 9068.81 8987.2 8946.01 8916.99 8892.86 8870.87 8852.04 8837.83 8830.55 8828.58 8828.21 8827.94 8826.86 8825.6 8822.93 8821.16 8820.68 8829.73 8848.77 8856.12 8771.76 8751.19 8761.27 8771.29 8774.86 8774.7 8769.99 8749.68 8730.32 8707.1 8680.49 8673.6 8674.77 8679.3 8682.89 8685.77 8691.83 8701.11 8668.32 8644 8615.37 8593.69 8586.98 8570.01 8556.58 8546.87 8539.18 8530.65 8524.31 8519.69 8516.38 8512.47 8508.33 8505.35 8503.59 8502.67
8954.32 8943.46 8962.19 9003.75 9051.68 9097 9132.9 9150.1 9147.84 9127.41 9092.51 9048.82 8987.92 8942.98 8915.25 8897.12 8881.31 8866.8 8852.69 8847.65 8848.19 8845.23 8840.24 8842.7 8840.6 8836.42 8831.96 8829.9 8834.44 8851.76 8853.49 8780.73 8751.35 8762.27 8776.77 8792.29 8800.04 8763.56 8741.04 8714.58 8688.68 8664.98 8659.57 8668.09 8674.83 8680.68 8687.65 8693.44 8684.9 8665.86 8639.27 8592.53 8544.63 8541.27 8549.15 8542.07 8533.41 8525.44 8519.51 8516.23 8512.8 8509.38 8506.61 8504.19 8501.61 8498.96 8496.15
8976.85 8968.65 8985.86 9032.24 9080.87 9127.65 9170.56 9188.99 9163.03 9126.47 9087.7 9028.09 8963.67 8932.38 8913.47 8901.72 8893.08 8886.94 8878.03 8877.65 8882.53 8879.15 8873.8 8865.21 8858.1 8850.45 8843.75 8836.34 8830.28 8838.95 8828.71 8789.58 8780.68 8782.55 8785.28 8790.44 8798.83 8774.61 8731.67 8695.02 8669.04 8646.48 8656.59 8665.48 8671.54 8676.13 8680.81 8681.42 8673.79 8657.83 8628.61 8562.25 8496.63 8488.66 8515.78 8526.99 8518.84 8510.33 8508.83 8507.89 8506.36 8504.78 8502.22 8499.73 8497.64 8495.38 8493.16
9004.46 8996.07 9030.76 9063.74 9102.46 9144.54 9188.3 9208.73 9160.78 9110.25 9058.19 8984.36 8934.35 8918.87 8908.92 8904.58 8902.33 8905.43 8905.37 8901.83 8918.81 8907.11 8900.23 8884.71 8872.9 8864.01 8856.01 8846.14 8836.48 8838.03 8829.96 8810.63 8809.29 8800.61 8790 8783.33 8783.9 8754.12 8717.92 8679.28 8668.78 8670.37 8677.07 8673.05 8671.09 8670.98 8670.71 8666.13 8656.7 8636.34 8602.36 8536.41 8482.53 8470.32 8498.54 8506.99 8504.47 8501.07 8501.14 8501.54 8501.77 8500.94 8499.29 8497.17 8495.23 8493.27 8492.29
9048.24 9027.94 9056.62 9084.35 9109.91 9138.74 9163.22 9158.29 9130.55 9082.97 9022.54 8950.7 8924.81 8909.85 8904.21 8903.43 8905.65 8912.26 8914.39 8901.64 8905.76 8907.33 8901.88 8892.15 8882.04 8874.58 8868.17 8862.24 8853.65 8844.15 8834.65 8826.88 8821.21 8807.02 8786.42 8770.86 8754.56 8728.36 8708.36 8699.03 8690.77 8700.17 8685.57 8675.68 8668.67 8667.63 8662.7 8651.11 8635.05 8607.57 8565.26 8522.64 8477.34 8470.56 8490.78 8489.12 8495.29 8495.52 8495.66 8497.24 8497.53 8496.91 8495.63 8494.31 8492.07 8489.96 8488.86
9092.49 9076.45 9081.93 9093.95 9109.38 9123.49 9130.7 9122.12 9094.85 9054.5 9009.6 8960.83 8912.79 8901.51 8897.73 8897.58 8900.3 8904.71 8907.68 8899.68 8890.67 8897.18 8892.46 8890.86 8886.28 8880.23 8875.84 8873.4 8863.69 8838.04 8830.55 8833.53 8834.27 8809.17 8783.22 8757.61 8730.49 8711.43 8696.46 8686.36 8691.47 8701.19 8680.01 8671.08 8663.92 8660.36 8654.93 8643.05 8618.64 8587.76 8546.71 8492.18 8468.13 8468.09 8489.15 8495.49 8490.9 8490.56 8491.96 8493.69 8493.96 8493.82 8493.41 8491.57 8489.48 8487.01 8483.72
9146.27 9128.79 9107.73 9098.31 9099.76 9103.62 9100.75 9093.37 9060.76 9023.32 8984.33 8929.36 8902.85 8896.98 8894.95 8894.73 8894.95 8890.86 8891.61 8895.37 8890.84 8892.51 8897.66 8894.73 8886.82 8881.62 8876.7 8869.47 8852.61 8824.63 8819.88 8823.49 8816.21 8804.91 8787.86 8779.36 8738.51 8709.75 8691.02 8675.21 8680.12 8678.84 8669.36 8660.99 8655.34 8651.88 8644.49 8633.85 8608.79 8576.09 8537.87 8480.26 8459.46 8466.55 8481.02 8485.8 8488.72 8489.66 8489.99 8491.61 8490.79 8492.09 8491.47 8490.25 8488.3 8485.08 8482.12
9168.28 9166.72 9127.69 9098.34 9089.03 9081.52 9070.74 9047.47 9023.36 8995.4 8958.79 8924.38 8903.3 8893.13 8890.51 8891.12 8891.35 8890.77 8889.38 8887.67 8886.44 8887.66 8887.17 8884.05 8882.6 8879.47 8873.91 8862.44 8840.54 8817.43 8814.05 8818.11 8814 8802.08 8788.34 8776 8731.39 8715.03 8702.56 8688.86 8681.43 8668.09 8648.64 8648.84 8647.02 8641.49 8633.37 8614.41 8592.01 8564.83 8529.2 8468.74 8449.36 8470.47 8478.14 8477.37 8485.42 8487.53 8487.36 8487.92 8488.16 8486.86 8486.2 8485.84 8486.21 8485.78 8485.18
9208.12 9184.93 9141.7 9106.92 9074.91 9063.89 9054.39 9032.01 9013.34 8989.34 8949.63 8927.07 8903.62 8889.45 8886.5 8888.46 8890.95 8891.87 8894.05 8898.78 8884.91 8881.91 8877.27 8875.37 8877.82 8875.3 8869.84 8861.11 8832.87 8804.02 8807.4 8818.26 8811.61 8799.29 8786.81 8774.34 8732.28 8725.21 8723.29 8715.66 8692.32 8670.58 8647.42 8646.97 8644.86 8636.76 8625.54 8604.68 8581.45 8554.19 8524.15 8463.82 8438.54 8456.08 8472.03 8475.63 8478.63 8483.39 8484.39 8486.55 8487.12 8486.64 8487.22 8487.13 8487.25 8488.15 8490.09
9223.69 9199.89 9123.26 9064.56 9046.17 9048.91 9056.22 9063.68 9058.16 9018.69 8968.69 8930.01 8895.43 8882.4 8882.93 8888.06 8893.41 8894.58 8883.72 8884.31 8876.24 8877.3 8879.89 8879.55 8876.47 8872.32 8863.81 8849.09 8820.32 8795.45 8799.62 8811.46 8806.82 8795.05 8784.07 8773.14 8747.2 8736.34 8731.25 8721.64 8703.81 8683.63 8666.11 8660.04 8646.67 8630.82 8616.86 8599.64 8567.23 8539.57 8511.4 8464.52 8444.61 8463.86 8477.16 8479.51 8479.56 8482.77 8483.78 8485.02 8486.58 8487.84 8488.26 8488.78 8489.31 8490.26 8493.03
9214.28 9157.96 9083.98 9010.17 9017.04 9037.9 9059.53 9085.55 9096.25 9065.4 8997.16 8916.77 8874.21 8874.41 8879.06 8884.71 8893.22 8906.98 8891.42 8868.35 8870.17 8875.3 8877.53 8876.07 8876.56 8870.34 8858.79 8841.04 8812.1 8788.82 8791.77 8795.89 8794.95 8788.23 8777.68 8767.11 8748.26 8742.87 8740.91 8731.11 8715.51 8700.98 8690.31 8673.41 8647.66 8619.22 8592.7 8568.27 8541.37 8521.71 8505.48 8484.99 8465.74 8473.89 8480.47 8476.28 8478.43 8483.73 8485.46 8487.02 8488.26 8488.64 8489.48 8490.27 8490.59 8490.95 8491.92
9140.98 9117.86 9067.79 9016.16 9015.31 9031.44 9052.2 9072.72 9087.73 9078.58 8978.75 8893.82 8876.52 8877.39 8880.48 8883.21 8883.5 8880.95 8875.79 8865.26 8872.26 8874.11 8880.29 8890.63 8881.23 8871.12 8856.74 8837.94 8814.67 8796.02 8788.27 8782.86 8781.33 8775.51 8765.26 8745.78 8738.22 8739.69 8747.19 8736.76 8721.8 8710.15 8699.95 8682.86 8647.07 8605.58 8562.8 8532.78 8513.26 8504.52 8500.99 8493.35 8481.89 8485.52 8482.8 8477.8 8482.65 8486.53 8487.85 8488.75 8488.67 8488.95 8489.76 8490.84 8491.16 8491.94 8492.71
9138.81 9111.15 9073 9046.74 9027.2 9029.14 9038.34 9044.71 9044.17 9049.09 8953.13 8894.39 8893.06 8889 8884.3 8883.06 8883.6 8884.72 8881.31 8856.8 8860.96 8868.86 8879.26 8885.64 8882.3 8872.38 8859.25 8839.39 8825.76 8804.32 8785.18 8774.73 8767.15 8760.66 8751.36 8734.11 8728.07 8727.25 8724.91 8724.51 8719.8 8713.53 8703 8686.89 8645.3 8595.49 8546.67 8515.54 8498.67 8496.1 8502.36 8505.34 8494.05 8494.62 8483.69 8493.97 8493.69 8491.43 8490.59 8490.88 8492.03 8491.28 8492.2 8492.54 8492.97 8494.07 8495.22
9159.15 9120.47 9078.77 9038.32 9024.61 9028.05 9028.76 9023.52 9005.54 8985 8938.74 8910.25 8909.05 8898.26 8887.17 8883.65 8884.74 8892.74 8891.31 8848.29 8848.14 8863.34 8874.14 8882.26 8877.33 8870.51 8865.58 8856.56 8832.35 8806.65 8778.94 8760.04 8755.11 8744.85 8729.2 8723.56 8719.34 8714.76 8709.65 8712.49 8714.06 8714.58 8714.42 8690.41 8644.54 8591.38 8540.82 8514.04 8501.56 8500.31 8507.32 8511.86 8496.74 8499.91 8500.77 8498.03 8498.46 8496.23 8495.13 8497.3 8496.8 8497.37 8496.91 8496.45 8496.16 8496.47 8498.38
9154.72 9121.59 9086.41 9060.22 9044.36 9031.09 9023.8 9018.57 9014.39 8976.15 8945.55 8920.58 8903.32 8890.94 8885.19 8882.35 8880.65 8884.95 8882.84 8873.17 8866.04 8866.42 8868.29 8865.34 8863.84 8862.73 8856.83 8845.71 8830 8804.74 8777.68 8759.5 8752.8 8740.64 8722.02 8724.65 8713.62 8705.73 8701.4 8702.57 8705.85 8708.88 8709.39 8686.32 8644.96 8593.21 8545.12 8523.3 8513.79 8509.71 8510.12 8525.11 8506.65 8506.36 8508.31 8507.39 8506.15 8500.85 8499.42 8499.6 8500.31 8499.87 8499.6 8499.68 8499.7 8500.64 8501.56
9138.71 9116.57 9090.59 9067.62 9044 9027.25 9017.36 9009.31 8997.47 8959.46 8948.74 8925.2 8899.45 8884.81 8882.83 8882.14 8885.26 8891.3 8889.55 8876.33 8875.21 8867.45 8865.18 8864.58 8862.84 8855.26 8843.84 8829.87 8811.62 8801.77 8785.2 8769.27 8758.6 8747.5 8717.3 8715 8706.69 8697.51 8692.24 8693.39 8696.24 8698.53 8697.71 8681.33 8647.12 8599.04 8556.22 8537.14 8530.17 8523.08 8500.88 8474.93 8494.75 8528.45 8515.84 8510.15 8503.68 8501.46 8505.32 8504.28 8505.55 8504.55 8503.64 8504.16 8504.31 8505.08 8505.4
9146.47 9121.04 9093.35 9061.39 9034.73 9020.88 9011.33 9000.11 8986.51 8966.03 8957.78 8931.42 8907.33 8891.17 8885.56 8880.93 8878.96 8883.86 8889.82 8885.01 8869.78 8864.33 8861.93 8860.96 8858.26 8849.17 8837.1 8822.49 8810.73 8806.72 8807.94 8790.01 8764.08 8736.78 8712.49 8708.96 8701.45 8692.02 8686.16 8684.35 8685.22 8685.54 8683.41 8670.13 8649.15 8605.64 8567.04 8549.9 8541.99 8535.2 8498.81 8459.94 8502.9 8550.53 8524.04 8527 8510.02 8511.86 8511.1 8510.28 8509.2 8507.67 8508.87 8509 8508.53 8509.25 8509.94
