real_craters/C182-500m.grd
DSAA
310 310
-77.1925 77.1925
-77.1925 77.1925
6827.922282242 9596.3631904615
[rows 60 to 89 of 310, columns 0 to 66 of 310]
8919.67 8935.6 8949.45 8948.14 8945.87 8945.28 8945.43 8943.56 8945.42 8947.14 8950.25 8959.93 8972.78 8975.78 8983.26 8992.49 8995.06 8993.61 8988.88 8987.48 8986.45 8978.83 8980.13 8983.3 8986.71 8987.21 8983.58 8973.72 8958.03 8944.44 8933.11 8930.73 8938.54 8948.94 8962.38 8974.55 8986.1 8997.35 9004.61 9007.51 9010.16 9012.11 9013.86 9013.87 9016.05 9003.1 8991.21 8999.84 9009.57 9015.93 9016.61 9029.9 9040.3 9057.47 9071.89 9076.79 9073.97 9075.85 9080.22 9084.64 9084.05 9082.17 9078.03 9073.75 9067.83 9060.84 9048.94
8927.1 8941.78 8949.86 8948.4 8945.9 8943.17 8940.88 8937.7 8936.49 8937.23 8940.5 8945.09 8954.45 8965.29 8979.36 9003.3 9004.01 8989.03 8974.3 8964.8 8950.81 8949.51 8957.77 8965.08 8971.33 8976.4 8977.93 8969.17 8956.8 8947.28 8940.46 8938.85 8941.2 8947.29 8955.87 8964.8 8974.04 8982.26 8990.43 8994.53 9000.15 9004.51 9007.35 9006.13 9003.53 8993.1 8975.04 8997.43 9018.33 9034.83 9053.98 9069.38 9084.41 9098.6 9096.21 9098.78 9105.7 9106.44 9098.88 9097.57 9094.88 9092.63 9089.72 9086.41 9083.88 9081.92 9070.85
8932.1 8941.19 8946.96 8947.61 8945.23 8940.5 8937.05 8933.17 8929.18 8928.1 8929.34 8935.15 8946.96 8965.49 8987.39 9007.3 9001.97 8978.48 8956.12 8934.86 8925.71 8933.2 8940.66 8950.3 8958.66 8964 8964.85 8961.75 8954.64 8948.58 8945.68 8943.55 8943.28 8942.18 8947.91 8954.97 8962 8968.23 8971.64 8982.55 8991.33 8999.08 9002.66 9004.96 8997.27 9021.16 9021.19 9022.94 9038.23 9055.82 9073.59 9088.5 9103.99 9109.03 9109.64 9114.18 9121.4 9123.49 9115.5 9112.23 9108.2 9104.75 9101.22 9098.16 9095.21 9093.3 9083.15
8922.64 8934.1 8942.7 8944.06 8941.53 8936.91 8929.69 8923.71 8918.78 8916.1 8918.09 8925.62 8944.57 8961.81 8974.58 8994.47 8985.25 8959.51 8932.3 8908.61 8905.48 8915.13 8926.46 8938.24 8947.98 8954.03 8953.94 8955.64 8951.93 8946.1 8943.21 8946.29 8935.9 8934.28 8939.22 8946.87 8954.05 8959.79 8967.02 8975.93 8986.93 8996.37 9006.64 9019.28 9035.19 9035.45 9033.51 9044.69 9061.82 9077.68 9092.09 9103.48 9105.84 9107.03 9114.27 9121.06 9129.38 9132.09 9126.63 9123.78 9120.33 9116.71 9112.43 9108.01 9103.23 9099.33 9088.66
8923.09 8937.1 8942.9 8941.26 8935.6 8928.24 8922.01 8916.71 8910.63 8906.4 8904.33 8909.68 8936.94 8959.23 8968.26 8974.01 8961.82 8935.42 8906.7 8887.98 8885.35 8896.21 8914.86 8929.9 8942.56 8951.53 8956.3 8956.7 8950.25 8939.97 8928.49 8914.52 8917.14 8923.37 8930.02 8939.71 8949.2 8956.51 8961.78 8974.07 8987.4 8998.26 9010.03 9023.87 9040.64 9038.51 9043.92 9071.66 9084.81 9097.83 9110.39 9118.56 9117.26 9114.89 9119.24 9123.72 9126.78 9132.43 9134.26 9133.15 9130.89 9128.47 9124.91 9119.38 9109.56 9097.34 9092.38
8931.19 8947.86 8946.63 8938.62 8929.86 8922.13 8913.86 8908.63 8902.56 8896.71 8893.98 8896.32 8925.81 8952.8 8970.86 8962.68 8939.64 8910.92 8880.86 8856.28 8870.31 8890.97 8909.53 8925.29 8939.49 8951.67 8960.78 8960.33 8949.08 8933.39 8917.4 8904.16 8904.18 8913.65 8925.41 8937.14 8949.07 8960.14 8970.74 8981.6 8992.66 9001.63 9010.15 9018.18 9032.15 9057.03 9083.9 9098.79 9101.58 9111.71 9125.56 9139.14 9133.6 9128.43 9127.76 9128.18 9129.9 9139.12 9141.2 9141.5 9141.23 9140.57 9138.04 9134.57 9126.52 9117.65 9104.64
8935.87 8947.72 8943.05 8931.93 8923.75 8916.09 8908.53 8901.32 8895.91 8891.56 8888.87 8892.85 8921.51 8945.5 8956.31 8945.18 8916.22 8888.91 8863.36 8845.58 8862.03 8891.72 8903.89 8919.73 8935.17 8949.45 8964.26 8964.29 8946.51 8928.47 8910.01 8893.42 8894.23 8909.14 8924.94 8939.75 8953.54 8967.73 8982.5 8993.8 9000.84 9007.2 9014.66 9022.1 9037.85 9063.2 9082.48 9091.47 9102.92 9116.51 9131.28 9143.56 9141.8 9138.15 9136.24 9134.86 9137.2 9143.39 9144.9 9146.51 9148.47 9151.16 9152.11 9152.28 9153.49 9145.6 9131.06
8930.8 8928.35 8927.14 8920.5 8912.17 8904.26 8898.32 8892.93 8889.2 8888.14 8889.55 8896.6 8915.57 8930.47 8913.03 8896.47 8885.49 8870.53 8855.05 8843.69 8852.49 8861.39 8896.74 8911.91 8925.95 8939.98 8950.04 8949.81 8940.91 8925.78 8909.46 8895.48 8897.3 8913.47 8930.41 8946.6 8961.28 8976.14 8993.8 9005.52 9008 9013.66 9020.27 9031.31 9045.41 9060.02 9070.92 9078.95 9098.99 9114.67 9128.77 9139.91 9140.61 9138.13 9138.8 9137.51 9137.48 9140.55 9145.72 9150.15 9154.37 9159.32 9163.67 9166.8 9169.24 9178.74 9150.36
8939.48 8921.08 8916.46 8908.88 8901.07 8893.07 8886.95 8882.36 8880.28 8881.25 8890.16 8896.3 8896.35 8892.84 8880.23 8861.09 8860.3 8855.33 8851.74 8847.26 8852.85 8883.87 8893.01 8901.83 8913.55 8926.25 8937.54 8942.96 8935.79 8925.3 8914.64 8908.05 8911.7 8927.06 8942.74 8956.61 8970.74 8982.45 8992.42 9000.64 9011.07 9019.72 9026 9027.97 9044.76 9062.18 9076.74 9087.23 9099.33 9112.12 9123.59 9131.11 9135.12 9135.95 9138.22 9138.06 9136.82 9141.82 9147.34 9152.87 9158.62 9165.74 9172.18 9177.03 9173.26 9159.84 9158.39
8937.13 8928.7 8908.53 8896.47 8889.25 8882.4 8875.68 8872 8868.47 8866.66 8870.09 8872.94 8868.57 8859.58 8864.4 8851.09 8845.57 8842.96 8842.26 8842.51 8849.24 8865.63 8878.02 8886.26 8896.8 8909.76 8924.07 8935.05 8930.8 8925.45 8923.78 8925.05 8931.76 8947.88 8962.96 8974.44 8983.3 8992.22 8997.08 9001.71 9016.56 9028.44 9038.01 9046.46 9054.83 9065.1 9076.8 9088.16 9099.41 9110.24 9119.85 9126.92 9132.25 9136.58 9138.66 9140.68 9139.56 9143.05 9148.68 9154.25 9160.94 9168.31 9176.79 9186.43 9197.05 9194.57 9172.86
8917.47 8900.01 8889.14 8881.54 8874.34 8868.72 8864.2 8860.06 8855.62 8850.06 8839.66 8842.95 8848.15 8845.58 8843.11 8843.08 8836.04 8830.47 8829.21 8833.7 8842.5 8853.45 8860.67 8867.65 8878.17 8889.23 8900.69 8917.1 8914.68 8923.06 8935.22 8948.54 8960.87 8975.23 8984.02 8992.04 8999.59 9005.95 9010.36 9017.74 9029.94 9039.83 9051.04 9060.28 9063.34 9067.21 9072.09 9082.31 9098.01 9109.39 9117.7 9124.23 9129.86 9134.61 9138.47 9137.74 9141 9144.84 9149.08 9153.04 9158.35 9166.79 9176.59 9187.31 9197.45 9194.97 9180.35
8903.23 8885.06 8874.89 8866.72 8860.04 8855.03 8851.12 8847.86 8845.05 8841.22 8839.63 8837.68 8840.97 8838.42 8837.94 8833.58 8827.27 8817.94 8812.25 8820.64 8836.98 8832.67 8834.73 8847.28 8860.09 8869.97 8871.97 8866.04 8892.24 8921.05 8946.88 8973.37 9006.75 9002.6 9003.47 9007.52 9013.6 9020.68 9027.19 9041.22 9044.74 9050.06 9058.32 9066.59 9067.52 9069.29 9074.75 9090.79 9103.33 9109.29 9115.59 9121.89 9127.44 9131.06 9129.92 9131.09 9133.05 9135.84 9139.86 9146.27 9154.3 9162 9171.87 9181.84 9187.74 9188.83 9181.74
8874.58 8869.05 8860.82 8850.27 8843.68 8839.92 8837.8 8837.1 8836.47 8835.97 8835.32 8838.86 8844.24 8848.88 8850.12 8839.59 8825.58 8807.45 8792.39 8800.51 8813.71 8808.27 8813.6 8834.11 8851.99 8863.68 8866.67 8863.44 8892.99 8928.56 8958.72 8985.18 9005.61 9012.84 9015.46 9019.65 9024.8 9031.29 9038.92 9045.23 9050.17 9054.63 9059.97 9064.53 9066.88 9069.35 9073.98 9088.38 9099.4 9104.6 9110.87 9118.4 9124.92 9127.3 9122.22 9117.7 9121.35 9125.72 9130.72 9137.84 9145.23 9154.22 9163.42 9173.68 9181.94 9182.6 9179.88
8846.58 8839.73 8832.89 8828.95 8826.68 8824.66 8824.31 8825.21 8827.25 8831.22 8832.59 8840.94 8849.24 8856.18 8859.05 8850.14 8831.45 8805.8 8781.77 8784.7 8786.15 8792.9 8807.42 8835.61 8858.08 8874.3 8886.01 8897.24 8921.24 8948.7 8972.61 8992.07 9004.98 9015.46 9021.46 9026.41 9031.59 9038.03 9044.35 9047.83 9052.32 9055.25 9058.22 9061.6 9064.36 9067.35 9071.61 9080.08 9088.74 9095.86 9102.36 9109.96 9119.13 9117.62 9116.17 9111.01 9113.1 9117.46 9122.85 9129.28 9136.27 9143.74 9151.19 9161.33 9173.42 9174.96 9176.7
8823.13 8814.88 8804.11 8806.44 8806.69 8807.26 8807.58 8809.92 8815.07 8824.22 8836.06 8842.21 8851.96 8859.48 8863.24 8858.7 8840.86 8815.12 8796.92 8791.32 8791.6 8807.38 8831.56 8855.13 8876.71 8896.08 8916.03 8937.62 8958.83 8974.71 8988.71 9001.22 9009.99 9018.94 9025.49 9030.93 9035.87 9041.54 9048.34 9052.43 9056.09 9055.1 9051.53 9055.25 9061.58 9065.87 9069.67 9074.41 9077.53 9085.32 9091.32 9095.07 9095.37 9099.24 9100.43 9103.17 9105.99 9109.58 9115.24 9120.33 9126.78 9133.46 9139.09 9143.13 9146.48 9161.22 9170.96
8817.9 8804.33 8794.99 8791.75 8789.92 8790.91 8793.44 8796.65 8801.55 8808.91 8820.41 8838.08 8853.29 8861.81 8860.96 8861.12 8847.38 8820.02 8803.56 8808 8826.04 8848.22 8862.62 8884.24 8901.03 8920.48 8944.39 8974.21 8995.16 9000.01 9003.5 9009.7 9015.45 9022.87 9028.04 9031.87 9036.7 9042.68 9048.81 9054.96 9058.57 9057.09 9054.04 9056.42 9061.72 9065.32 9066.95 9067.33 9072.47 9077.88 9080.96 9082 9081.91 9084.95 9089.7 9095.61 9097.99 9101.03 9106.62 9112.6 9119.24 9125.75 9130.04 9133.04 9138.61 9153.98 9166.67
8801.62 8790.02 8781.78 8776.24 8774.95 8777.01 8779.99 8784.09 8789.01 8796.04 8810.75 8832.34 8853.36 8868.14 8850.16 8857.22 8848.6 8818.25 8806.49 8819.29 8843.98 8870.43 8901.1 8909.74 8920.8 8938.84 8962.6 8990.17 9009.45 9012.61 9011.9 9014.81 9020.15 9025.9 9027.39 9031.08 9035.23 9040 9045.83 9051.54 9056.46 9060.88 9063.7 9063.51 9063.92 9065.75 9068.33 9070.94 9073.45 9074.39 9074.12 9072.77 9071.44 9074.12 9079.95 9087.08 9089.93 9094.56 9100.68 9106.78 9112.9 9119.78 9125.05 9128.21 9137.13 9152.86 9167.78
8776.11 8766.11 8756.25 8755.97 8758.83 8762.39 8766.09 8770.86 8775.81 8782.14 8800.49 8825.24 8847.79 8860.12 8845.18 8834.91 8828.39 8805.51 8805.7 8825.22 8847.28 8871.08 8899.98 8915.64 8929.84 8948.01 8969.42 8991.68 9008.75 9012.98 9013 9014.64 9015.8 9019.06 9022.56 9026.21 9030.87 9035.89 9041.8 9048.09 9054.05 9060.36 9066.07 9065.52 9064.6 9065.78 9068.08 9069.88 9070.68 9071.56 9069.13 9065.72 9062.37 9064.36 9073.62 9073.1 9083.32 9089.58 9092.54 9098.26 9107.34 9115.25 9123.07 9131.58 9141.09 9154.91 9169.76
8745.72 8742.06 8735.76 8739.96 8744.2 8748.87 8753.76 8759.34 8764.96 8770.65 8790.34 8815.26 8836.61 8846.93 8805.58 8792.76 8791.52 8797.22 8811.33 8834.53 8858.08 8880.98 8894.9 8911.2 8930.41 8949.78 8968.89 8985.56 8996.43 9006.05 9008.41 9009.77 9010.43 9010.9 9015.64 9019.55 9023.7 9029.37 9035.67 9043 9050.64 9053.09 9055.66 9058.88 9060.84 9063.48 9066.77 9071.57 9070.44 9070.86 9067.29 9062 9056.14 9056.23 9062.84 9072.81 9086.46 9091.25 9090.62 9096.51 9106.27 9113.77 9121.3 9131.28 9143.36 9156.18 9171.51
8725.07 8726.89 8730.97 8732.66 8732.7 8736.25 8741.59 8748.41 8757.49 8770.92 8784.23 8803.18 8819.84 8819.81 8778.75 8770.21 8789.22 8809.7 8828.38 8848.28 8869.79 8889.96 8896.81 8909.41 8929.82 8948.71 8965.05 8979.71 8991.38 8999.08 9001.82 9003.37 9004.71 9006.24 9009.51 9012.46 9016.68 9021.23 9026.81 9033.32 9038.31 9042.61 9046.43 9051.41 9055.82 9060.09 9064.32 9067.51 9068.25 9071.32 9068.02 9062.2 9055.93 9057.2 9075.62 9098.49 9098.53 9099.04 9104.05 9109.58 9109.55 9111.42 9115.45 9121.59 9136.51 9153.67 9171.87
8719.29 8718.2 8720.78 8721.19 8718.66 8721.13 8726.62 8735.16 8747.05 8764.62 8773.31 8785.84 8798.69 8800.78 8766.56 8767.92 8804.4 8835.53 8846.6 8860.46 8878.08 8896.26 8903.22 8913.99 8931.43 8947.16 8961.39 8973.34 8983.72 8989.7 8994.52 8995.35 8997.78 8999.39 9002.74 9004.73 9007.23 9011.32 9016.29 9020.78 9024.22 9030.24 9037.53 9043.8 9049.9 9056.04 9061.71 9066.32 9072.36 9076.01 9069.43 9065.09 9064.12 9071.97 9086.22 9098.2 9099.72 9101.98 9108.89 9114.05 9110.08 9106.99 9107.3 9113.73 9127.79 9147.25 9167.5
8712.02 8699.99 8697 8696.56 8699.37 8703 8708.91 8717.38 8728.94 8742.41 8753.23 8763.29 8772.03 8774.17 8764.64 8777.76 8816.09 8840.74 8854.23 8867.87 8883.25 8897.07 8910.7 8922.35 8934.65 8946.69 8957.48 8966.15 8971.74 8978.33 8983.8 8985.29 8988.36 8993.34 8994.27 8993.08 8995.52 9000.38 9005.19 9009.55 9012.19 9019.45 9028.39 9035.77 9043.24 9050.75 9058.07 9066.26 9071.43 9068.66 9065.8 9064.29 9067.67 9076.65 9079.48 9082.19 9088.38 9095.46 9104.28 9113.47 9104.99 9100.14 9097.6 9098.86 9117.41 9138.23 9159.58
8699.47 8678.86 8677.59 8679.63 8680.66 8685.08 8691.17 8698.57 8706.97 8717.33 8732.83 8742.66 8745.5 8752.83 8764.43 8781.86 8813.3 8832.75 8853.96 8870.8 8886.05 8901.1 8914.06 8926.35 8937.33 8946.67 8954.43 8960.63 8964.85 8969.11 8971.91 8973.04 8973.61 8975.65 8975.65 8975.74 8980.09 8986.55 8993.35 9000.2 9005.94 9012.03 9020.22 9028.61 9036.67 9044.52 9052.54 9059.92 9061.01 9058.81 9059.17 9059.5 9061.31 9062.88 9065.65 9069.42 9075.84 9084.77 9091.64 9093.33 9095.47 9094.05 9091.39 9093.21 9109.23 9127.21 9146.01
8694.4 8671.45 8663.01 8659.54 8662.16 8667.61 8674.33 8681.24 8691.39 8705.59 8721.95 8735.38 8739.54 8754.32 8777.67 8797.47 8819.83 8837.16 8856.63 8871.84 8885.48 8897.63 8912.77 8928.99 8938.36 8945.74 8951.77 8956.94 8961.06 8964.25 8964.81 8960.2 8955.48 8948.18 8947.66 8955.44 8963.43 8972.04 8981.31 8992.16 9002.74 9007.12 9013.44 9022.11 9030.44 9038.35 9045.72 9051.58 9052.19 9050.02 9051.66 9052.83 9053.79 9054.42 9059.68 9066.52 9069.16 9075.66 9082.21 9086.28 9089.6 9090.08 9090.27 9094.15 9105.19 9118.06 9130.84
8689.82 8667.33 8652.59 8644.05 8648.1 8654.48 8662.98 8670.65 8676.02 8694.27 8721.42 8745.01 8769.79 8787.71 8811.51 8836.83 8852.46 8857.41 8865.96 8875.86 8885.71 8896.2 8911.37 8928.79 8938.15 8943.27 8948.27 8952.98 8957.96 8960.28 8957.11 8948.58 8940.44 8931.47 8929.49 8939 8947.85 8957.04 8967.33 8980.29 8996.54 9005.95 9009.24 9016.06 9023.33 9030.34 9036.76 9041.45 9043.23 9043.5 9044.81 9046.82 9048.19 9050.64 9055.92 9060.25 9063.09 9068.73 9075.02 9074.86 9082.98 9088.21 9091.73 9096.12 9103.36 9110.75 9117.46
8684.98 8661.47 8647.04 8639.47 8637.1 8646.07 8658.67 8671.61 8685.19 8704.97 8731.96 8758.63 8785.48 8812.36 8841.23 8872.8 8873.02 8871.01 8876.04 8880.6 8885.53 8892.19 8904.29 8922.61 8932.5 8937.89 8942.63 8947.26 8952.09 8955.21 8947.86 8939.07 8930.68 8925.12 8925.68 8927.66 8933.64 8941.35 8951.12 8963.49 8980.6 8995.55 9002.01 9008.14 9014.77 9021.43 9027.55 9033.08 9035.93 9034.26 9038.5 9040.75 9042.58 9046.16 9051.57 9055.63 9055.91 9063.58 9070.59 9079.61 9084.57 9088.4 9094.35 9099.01 9103.62 9108.41 9111.84
8684.09 8665.54 8643.15 8621.77 8624.92 8640.9 8660.28 8681.24 8703.78 8724.6 8748.41 8773.49 8797.03 8825.69 8852.78 8875.15 8884.36 8884.86 8885.48 8884.35 8885.18 8887.55 8894.02 8911.07 8923.07 8928.82 8933.11 8937.22 8939.98 8939.81 8935.97 8929.09 8921.18 8916.48 8915.68 8915.43 8919.25 8925.45 8932.88 8941.41 8952.35 8975.23 8989.13 8996.8 9004.56 9012.21 9018.86 9025.12 9030.58 9033.09 9033.42 9033.65 9035.18 9038.27 9039.93 9047.45 9054.96 9062.57 9068.71 9073.65 9080.09 9089.28 9096.89 9101.47 9104.95 9108.21 9111.98
8679.81 8670.82 8640.73 8620.06 8622.46 8640.7 8665.66 8693.19 8721.57 8742.53 8765.01 8789.77 8815.2 8836.81 8856.77 8870.7 8881.06 8896.84 8891.99 8887.83 8884.67 8884.65 8887.37 8904.61 8914.62 8917.17 8921.88 8926.13 8927.55 8924.61 8923.8 8919.37 8912.29 8905.46 8900.44 8900.99 8904.49 8909.65 8915.09 8920.32 8925.74 8947.64 8969.84 8982.66 8993.31 9002.93 9011.25 9017.75 9020.08 9022.66 9023.3 9022.81 9024.38 9028.87 9027.15 9040.78 9055.82 9062.73 9068.7 9074.12 9082.07 9092.43 9099.28 9104 9105.53 9107.95 9112.17
8664.13 8644.3 8626.09 8614.61 8620.77 8644.27 8673.06 8703.94 8731.71 8755.79 8778.93 8801.64 8824.03 8843.6 8860.34 8875.51 8886.81 8892.47 8889.3 8886.37 8884.65 8884.78 8889.02 8889.27 8890.16 8902.83 8911.11 8916.62 8919.17 8918.69 8917.2 8911.71 8903.55 8894.52 8886.76 8887.38 8891.5 8896.35 8901.05 8905.38 8910.49 8928.12 8952.13 8969.23 8982.9 8993.93 9003.86 9012.06 9017.63 9015.24 9011.06 9011.2 9012.62 9014.63 9024.92 9036.98 9049.08 9062.03 9070.88 9078.65 9087.9 9098.77 9110.18 9107.99 9105.58 9104.72 9105.76
8644.89 8625.62 8613.6 8612.17 8624.98 8653.01 8682.77 8713.36 8743.17 8764.76 8788.05 8812.19 8831.23 8847.6 8861.35 8874.5 8884.02 8880.85 8883.03 8884.19 8883.89 8883.07 8882.11 8879.85 8883.8 8894.32 8903.33 8909.92 8914.57 8917.78 8914.71 8906.15 8896.76 8886.96 8877.91 8877.82 8881.97 8887.09 8891.91 8897.02 8904.3 8919.86 8940.11 8959.48 8975.5 8989.15 9000.73 9009.51 9015.08 9009.09 9001.23 9002.59 9003.53 9010.07 9028.68 9040.77 9051.43 9065.93 9074.49 9080.67 9086.7 9102.11 9113.71 9108.95 9103.13 9099.02 9095.82
