real_craters/C182-300m.grd
DSAA
516 516
-77.1925 77.1925
-77.1925 77.1925
6824.9316022647 9613.5006644682
[rows 420 to 449 of 516, columns 335 to 401 of 516]
8544.21 8538.16 8534.99 8538.46 8550.36 8552.69 8552.85 8553.41 8561.69 8570.18 8575.36 8579.26 8580.29 8577.91 8572.02 8564.09 8556.47 8554.67 8553.23 8551.1 8550.05 8553.08 8556.87 8560.22 8562.21 8563.42 8566.61 8568.53 8569.5 8568.36 8566.39 8566.46 8567.13 8568.15 8571.59 8577.83 8580.42 8588.8 8591.52 8594.68 8597.15 8598.61 8599.75 8600.23 8599.68 8598.15 8595.94 8593.1 8589.75 8585.97 8581.57 8576.85 8571.53 8565.68 8559.78 8556.26 8555.94 8557 8558.71 8559.29 8559.11 8558.51 8557.86 8556.75 8555.28 8554.31 8553.18
8542.49 8535.33 8530.15 8530.1 8540.46 8546.05 8548.27 8552.27 8556.72 8563.58 8572.6 8579.62 8583.88 8582.39 8575.86 8567.17 8559.42 8556.98 8556.52 8555.14 8553.31 8557.13 8560.25 8563.42 8566.72 8568.39 8568.23 8569.24 8570.87 8569.82 8567.95 8567.57 8568.13 8569.9 8573.18 8579.13 8585.2 8590.32 8595.08 8598.02 8600.67 8602.74 8602.91 8602.9 8602.36 8601.35 8599.99 8597.8 8595.04 8591.77 8588 8583.64 8578.44 8571.94 8564.97 8562.14 8564.72 8566.67 8566.5 8565.94 8564.91 8563.67 8562.16 8560.51 8559.13 8557.77 8556.13
8541.2 8533.52 8527.87 8525.56 8530.52 8537.08 8544.2 8550.37 8555.93 8561.34 8570.98 8579.89 8587.85 8587.66 8580.69 8572.08 8564.36 8561.94 8562.32 8563.61 8564.25 8563.38 8564.61 8566.64 8568.78 8569.32 8568.63 8568.55 8569.49 8570.59 8569.49 8568.35 8569.07 8571.85 8578.72 8585.28 8589.53 8595.65 8598.53 8600.76 8602.79 8604.35 8605.54 8606 8605.95 8605.21 8604.15 8602.65 8600.45 8597.77 8594.66 8591.31 8587.23 8581.97 8574.54 8572.69 8576.25 8577.11 8575.13 8572.89 8570.94 8569.21 8567.24 8565.04 8563.83 8562.06 8559.63
8541.1 8533.43 8527.17 8523.57 8523.65 8530.29 8543.07 8552.7 8567.34 8566.78 8568.01 8577.37 8587.84 8590.36 8584.41 8577.04 8570.56 8567.62 8567.71 8569.39 8569.95 8568.47 8568.5 8569.3 8570.15 8569.3 8567.57 8566.17 8565.79 8567.01 8567.77 8567.83 8568.96 8571.5 8578.68 8586.36 8591.5 8595.9 8599.85 8602.91 8605.17 8606.76 8608.35 8609.24 8609.43 8609.15 8608.79 8607.85 8606.18 8604.23 8601.83 8599.51 8597.3 8595.68 8594.73 8590.78 8588.76 8587.46 8583.1 8579.58 8577.15 8575.34 8573.93 8572.91 8570.06 8567.26 8564.25
8541.79 8533.78 8527.5 8522.81 8521.65 8529.41 8545.22 8547.07 8536.12 8544.07 8556.36 8570.61 8583.67 8589.43 8585.89 8580.67 8576.48 8573.47 8571.04 8569.2 8569.99 8571.08 8571.77 8571.9 8570.35 8568.96 8566.24 8563.11 8561.43 8562.46 8564.55 8566.87 8568.96 8571.96 8577.97 8585.01 8592.81 8598.53 8602.34 8604.84 8607.88 8609.74 8611.29 8612.65 8613.75 8614.19 8613.95 8613.16 8612 8610.62 8608.93 8607.43 8606.39 8607.3 8610.23 8604.6 8597.63 8592.87 8588.01 8585.05 8582.91 8581.28 8580 8578.36 8575.89 8573 8569.89
8542.43 8534.9 8528.55 8523.87 8522.89 8529.2 8544.9 8534.74 8502.54 8518.48 8544.02 8563.11 8577.62 8585.35 8584.47 8581.72 8580.07 8577.26 8573.25 8569.06 8570.93 8573.61 8575.43 8576.13 8574.19 8571.07 8566.02 8560.52 8556.62 8559.41 8563.74 8567.35 8570.48 8574.45 8584.32 8591.32 8596.53 8600.62 8603.45 8605.82 8608.41 8611.13 8613.81 8616.29 8618.46 8619.76 8619.23 8618.72 8618.25 8617.13 8615.85 8614.22 8612.82 8612.23 8613.02 8607.71 8600.69 8593.89 8591.46 8589.78 8588.29 8587.02 8585.44 8583.03 8581.54 8579.37 8576.48
8543.61 8536.92 8530.86 8527.07 8526.34 8530.35 8541.92 8535.01 8516.02 8524.15 8543.23 8559.82 8572.16 8579.18 8581.08 8579.92 8577.73 8575.09 8573.73 8575.31 8574.63 8576.72 8579.54 8581.91 8581.81 8575.27 8567.66 8560.1 8555.32 8559.6 8565.99 8569.82 8573.85 8579.83 8590.54 8597.89 8601.69 8603.98 8605.26 8607.82 8608.81 8612.98 8616.85 8619.95 8622.24 8623.55 8623.98 8624.32 8624.22 8623.73 8622.8 8621.03 8618.01 8612.78 8607.16 8606.66 8603.48 8599.23 8595.93 8594.61 8593.85 8593.16 8592.12 8590.15 8588.81 8586.71 8583.84
8545.02 8538.47 8533.32 8530.33 8529.21 8533.73 8541.02 8545.35 8546.84 8543.49 8550.67 8561.3 8570.52 8576.21 8578.74 8577.96 8574.69 8570.91 8570.78 8572.09 8575.24 8579.09 8583.11 8586.51 8587.01 8579.23 8570.72 8562.65 8558.49 8562.75 8568.22 8573.35 8577.54 8584.44 8596.23 8603.28 8607.83 8610.33 8611.6 8613.84 8615.22 8618.16 8621.33 8624.06 8626.07 8627.31 8628.81 8629.93 8630.43 8630.59 8630.26 8629.15 8626.16 8618.86 8608.87 8610.78 8608.2 8603.29 8600.31 8599.63 8599.64 8599.88 8600.03 8600.21 8598.45 8594.53 8591.16
8545.01 8538.98 8534.38 8531.41 8530.44 8533.87 8538.96 8546.91 8553.04 8553.44 8557.32 8564.71 8572.35 8577.26 8579.96 8578.29 8573.72 8568.91 8567.8 8569.69 8575.35 8581.07 8585.96 8588.89 8587.85 8582.47 8574.8 8567.21 8563.68 8567.82 8576.1 8577.86 8580.85 8588.49 8601.39 8609.76 8615.09 8618.89 8620.98 8622.54 8623.32 8624.58 8626.95 8628.99 8630.91 8632.73 8634.26 8635.59 8636.88 8637.7 8638.12 8638.16 8638.08 8639.22 8635.39 8624.14 8616.13 8609.3 8605.31 8605 8605.73 8606.8 8607.64 8607.57 8605.38 8601.55 8597.41
8544.49 8538.86 8534.41 8531.35 8531.29 8533.21 8536.15 8544.83 8551.49 8555.66 8561.05 8568.01 8576.05 8584.16 8584.67 8580.66 8575.22 8569.5 8567.45 8569.94 8576.96 8583.74 8589.1 8592.66 8591.64 8586.39 8579.85 8573.5 8570.32 8571.72 8572.79 8577.09 8583.8 8594.35 8609.76 8616.53 8622.22 8627.97 8633.63 8633.85 8630.88 8631.67 8632.92 8634.27 8635.79 8637.07 8639.29 8641.43 8643.48 8644.99 8645.91 8646.55 8647.31 8649.18 8646.99 8634.7 8624.13 8615.72 8610.92 8610.74 8612.24 8614.06 8615.27 8615.01 8612.95 8608.05 8602.22
8543.52 8537.99 8533.61 8530.31 8529.83 8530.62 8533.44 8539.49 8547.21 8554.67 8562.02 8569.96 8578.45 8585.82 8586.99 8583.19 8578.6 8574.35 8572.26 8574.39 8580.97 8587.49 8592.84 8596.45 8595.24 8590.43 8585.16 8580.37 8577.28 8576.63 8578.18 8581.64 8586.53 8599.03 8613.31 8620.13 8626.48 8633.61 8642.58 8643.66 8641.52 8638.14 8638.38 8639.46 8640.92 8642.31 8644.96 8647.71 8650 8651.58 8652.75 8653.5 8652.8 8649.63 8645.54 8639.49 8630.63 8621.9 8616.12 8616.69 8619.15 8621.71 8623.5 8623.76 8621.16 8614.79 8606.28
8542.07 8536.74 8531.88 8528.73 8526.28 8528.47 8534.28 8536.44 8542.61 8552.7 8561.46 8570.08 8578.03 8584.47 8587.07 8585.03 8582.04 8580.22 8579.46 8581.4 8586.44 8592.36 8597.24 8599 8597.92 8593.76 8589.14 8586.98 8583.28 8581.21 8582.31 8584.08 8587.02 8597.62 8611.13 8620.1 8627.41 8633.94 8638.4 8640.44 8640.98 8640.95 8642.5 8644.05 8646.48 8648.62 8651.65 8654.77 8656.79 8658.35 8659.72 8659.93 8658.9 8655.78 8651.3 8645.3 8637.37 8628.82 8622.68 8624.14 8627.11 8630.1 8632.38 8632.91 8629.35 8622.77 8611.44
8541.15 8535.49 8529.96 8525.98 8524.18 8526.03 8532.16 8537.65 8543.85 8551.67 8559.78 8567.65 8575.55 8582.77 8586.95 8585.18 8583.67 8583.03 8582.52 8586.4 8591.82 8597.64 8602.63 8606.02 8602.33 8596.32 8589.78 8584.71 8583.42 8583.29 8584.11 8585.47 8588.24 8598.48 8610.33 8619.71 8627.12 8632 8635.39 8636.44 8637.98 8641.32 8644.95 8648.88 8652.28 8655.45 8658.92 8661.59 8663.4 8664.61 8665.61 8665.96 8665.69 8663.87 8659.11 8652.59 8645.34 8638.07 8632.76 8633.1 8635.95 8638.75 8641.32 8643.56 8644.92 8633.49 8618.3
8540.54 8534.4 8528.42 8523.11 8522.79 8524.65 8528.28 8538.1 8544.75 8551.11 8557.97 8564.75 8571.3 8577.3 8581.67 8582.14 8583.51 8585.61 8588.71 8591.89 8596.47 8601.69 8606.72 8610.44 8605.36 8598.29 8590.04 8581.75 8582.97 8585.56 8587.36 8589.05 8592.94 8602.13 8611.35 8620.35 8627.48 8630.88 8632.49 8630.91 8635.13 8641.66 8648.15 8653.2 8657.95 8662.3 8666.04 8668.36 8669.6 8670.12 8670.33 8670.72 8671.18 8671.02 8665.84 8659.62 8653.75 8648.18 8643.1 8643.9 8645.2 8646.46 8648 8649.79 8648.66 8638.87 8624.81
8540.21 8534.82 8529.31 8525.08 8524.97 8526.52 8527.29 8537.63 8544.53 8550.3 8555.98 8561.47 8566.33 8570.02 8572.42 8577.12 8582.05 8586.67 8591.57 8594.9 8599.36 8604.28 8608.71 8609.42 8606.74 8600.75 8593.92 8588.69 8588.57 8590.8 8592.78 8595.36 8599.7 8605.71 8614.12 8622.54 8629.07 8632.95 8632.27 8631.84 8636.93 8643.9 8650.87 8657.19 8663.08 8668.48 8672.87 8674.99 8675.04 8674.56 8673.91 8673.23 8673.14 8672.22 8669.13 8665.11 8661.54 8658.95 8657.84 8656.02 8653.84 8652.22 8651.51 8651.45 8651.64 8643.4 8629.05
8541.14 8536 8531.27 8528.11 8526.99 8527.86 8531.24 8538.72 8544.7 8549.44 8554.17 8559.08 8562.71 8565.38 8567.04 8573.95 8580.77 8586.12 8590.39 8595.63 8600.19 8604.46 8609.7 8611.82 8607.73 8603.28 8599.11 8596.26 8596.78 8598.15 8599.64 8601.09 8603.43 8611.02 8619 8626.32 8632.25 8636.31 8635.86 8634.95 8640.89 8647.07 8653.55 8659.89 8666.57 8673.12 8678.59 8680.44 8679.66 8677.67 8675.63 8673.99 8672.95 8671.43 8670.16 8668.54 8667.32 8667.06 8667.3 8665.55 8660.26 8655.34 8651.25 8647.94 8645.21 8636.86 8628.16
8543.43 8538.56 8534.37 8531.02 8530.5 8532.02 8535.03 8540.99 8545.46 8549.92 8554.16 8558.38 8561.19 8563.84 8567.97 8573.4 8581.13 8588.38 8591.94 8598.11 8599.94 8600.15 8604.26 8608.26 8604.34 8604.37 8605.06 8604.85 8605.52 8606.32 8607.34 8608.47 8611.07 8619.75 8625.85 8630.96 8635.67 8640.42 8642.87 8644.74 8646.52 8649.23 8654.09 8660.07 8667.25 8675.3 8682.18 8684.59 8682.17 8678.88 8675.85 8673.4 8671.46 8670.65 8670.16 8670.25 8670.58 8671.5 8673.25 8671.06 8662.83 8655.41 8648.46 8640.62 8630.44 8623.1 8623.36
8546.6 8542.36 8538.67 8536.53 8536.01 8536.01 8536.12 8539.91 8546.27 8551.17 8555.44 8558.79 8561.28 8563.5 8565.55 8572.3 8582.74 8593.68 8604.06 8606.55 8599.31 8590.24 8582.98 8585.42 8594.31 8603.14 8611.75 8615.18 8613.98 8614.55 8615.58 8618.91 8623.44 8630.05 8631.88 8633.65 8636.28 8641.4 8646.73 8650.92 8649.05 8648.21 8650.95 8655.86 8663.64 8673.38 8684.04 8686.01 8681.79 8678.01 8674.5 8670.85 8667.7 8667.72 8669.07 8670.52 8671.44 8671.83 8671.49 8668.01 8660.97 8653.34 8645.16 8635.6 8624.2 8615.91 8620.43
8550.46 8546.83 8544.53 8542.96 8542.14 8540.07 8539.78 8543.33 8549.57 8554.34 8557.65 8560.91 8563.09 8565.12 8567.1 8574.22 8585.69 8596.83 8617.19 8614.74 8596.63 8578.54 8563.34 8567.32 8583.76 8600.43 8615.15 8620.96 8619.11 8618.44 8620.12 8623.26 8628.07 8635.23 8634.36 8631.56 8631.81 8636.38 8643.56 8648.32 8645.29 8641.42 8642.44 8646.63 8654.12 8664.03 8674.87 8677.96 8675.7 8673.17 8670.72 8667.63 8663.2 8664.24 8667.98 8670.3 8671.07 8670.4 8667.55 8661.72 8657.69 8650.96 8642.22 8633.32 8626.77 8626.56 8622.47
8555 8551.04 8547.62 8547.43 8548.01 8549.1 8550.16 8553.21 8556.58 8560.03 8562.37 8564.79 8566.91 8569.16 8572.43 8579.85 8591.41 8602.14 8615.91 8610.43 8588.79 8567.2 8551 8556.28 8574.46 8595.47 8612.79 8619.89 8618.54 8617.8 8619.98 8624.51 8634.09 8638.91 8630.57 8622.67 8618.83 8620.79 8629.73 8633.21 8628.47 8626.07 8627.75 8631.88 8638.76 8647.65 8656.92 8662.46 8664.14 8664.95 8666.12 8666.02 8664.14 8665.79 8668.73 8670.24 8670.53 8669.52 8667.12 8661.43 8657.31 8649.39 8639.96 8630.58 8623.41 8618.12 8617.2
8559.53 8555.33 8549.11 8548.08 8552.69 8558.21 8562.45 8564.83 8565.25 8566.39 8567.56 8568.7 8570.51 8573.17 8577.65 8585.41 8595.69 8607.46 8608.38 8597.87 8576.07 8553.27 8543.17 8545.54 8563.89 8588.46 8611.22 8615.37 8611.17 8609.32 8612.41 8622.77 8636.47 8634.72 8616.76 8603.81 8595.45 8591.86 8592.89 8599.38 8604.27 8603.34 8606.01 8612.22 8618.94 8626.67 8635.69 8643.9 8647.32 8653.8 8660.81 8666.09 8668.43 8670.24 8670.9 8670.71 8669.64 8668.69 8668.78 8668.75 8659.86 8648.17 8637.6 8626.81 8615.89 8605.36 8610.51
8568.83 8564.86 8559.63 8556.72 8556.86 8563.09 8570.27 8572.56 8572.82 8572.95 8573.03 8573.29 8573.84 8575.77 8578.77 8584.29 8589.7 8597.96 8597.71 8587 8560.78 8532.44 8513.09 8526.56 8547.84 8574.2 8601.84 8602.02 8595.79 8592.05 8590.94 8599.33 8609.92 8601.8 8588.33 8577.26 8567.18 8557.65 8550.62 8557.44 8566.15 8574.61 8581.63 8589.76 8596.76 8603.1 8607.06 8609.95 8624.89 8640.13 8654.43 8666.6 8672.73 8673.81 8671.67 8669.26 8667.28 8665.65 8664.24 8663.5 8652.52 8644.25 8634.93 8624.76 8614.67 8607.78 8608.89
8575.33 8574.98 8574.21 8569.09 8563.47 8567.71 8574 8578.69 8579.58 8579.47 8578.28 8577.91 8577.05 8576.73 8576.01 8573.25 8574.16 8575.56 8580.14 8574.27 8542.89 8511.97 8493.38 8508.92 8529.63 8548.38 8563.14 8574.37 8575 8569.89 8561.75 8543.96 8541.75 8549.8 8553.94 8549.37 8539.87 8527.27 8516 8523.42 8534.94 8547.2 8558.5 8568.01 8575.79 8581.59 8584.49 8588.99 8607.13 8626.17 8645.45 8665.83 8680.24 8674.53 8668.09 8664.17 8661.81 8659.96 8656.48 8645.19 8643.62 8641.62 8633.35 8623.55 8614.13 8606.76 8606.44
8581.78 8583.15 8584.52 8580.65 8574.87 8575.53 8578.46 8583.36 8585.02 8585.59 8584.25 8582.11 8580.02 8577.44 8575.37 8573.06 8565.19 8556.62 8554.44 8545.8 8518.18 8496.02 8487.33 8499.18 8517.09 8531.67 8539.67 8551.84 8554.51 8550.52 8543.06 8533.23 8521.01 8524 8528.89 8527.16 8519.42 8506.95 8496.11 8502.48 8512.62 8524.94 8537.43 8548.28 8557.38 8565.01 8572.14 8581.82 8595.38 8611.57 8629.59 8650.82 8668.29 8661.73 8656.06 8653.44 8653.29 8653.26 8653.83 8656.26 8653.36 8642.54 8632.2 8622.27 8613.49 8607.8 8606
8586.37 8587.49 8586.61 8585.61 8596.46 8583.3 8585.57 8588.72 8591.01 8591.31 8589.47 8585.65 8581.4 8577.04 8573.79 8573.19 8564.54 8547.98 8528.48 8502.96 8489.64 8481.6 8482.26 8493.44 8511.4 8530.67 8542.58 8542.83 8540.31 8535.39 8529.61 8527.71 8522.83 8515.55 8515.6 8513.67 8508.5 8499.93 8490.41 8493.72 8497.22 8508.31 8520.56 8531.47 8541.48 8550.85 8560.56 8571.63 8583.64 8595.16 8606.09 8614.53 8624.52 8633.31 8636.65 8638.62 8640.57 8643.5 8647.19 8651.19 8649.04 8640.26 8629.92 8619.84 8610.99 8604.95 8600.69
8588.68 8590.33 8587.96 8576.2 8559.22 8580.86 8587.84 8595.83 8599.66 8599.15 8595.11 8589.77 8583.06 8575.18 8566.4 8563.2 8560.57 8541.24 8512.84 8482.73 8469.99 8466.82 8472.27 8486.78 8506.45 8527.11 8537.83 8534.24 8528.82 8522.5 8515.8 8512.62 8518.66 8512.39 8508.97 8506.26 8504.05 8503.49 8500.88 8494.28 8493.79 8499.32 8507.98 8517.2 8526.77 8536.93 8548.26 8560.91 8570.35 8577.18 8583.11 8585.88 8591.45 8605.08 8613.75 8619.69 8624.96 8630.75 8636.41 8641.03 8641.21 8635.17 8624.71 8615.04 8606.42 8599.07 8593.32
8589.57 8592.19 8590.72 8586.63 8586.14 8590.12 8596.79 8603.33 8607.44 8605.84 8601.57 8594.66 8585.5 8573.82 8557.48 8531.32 8525.74 8528.67 8505.91 8478.37 8462.72 8456.72 8462.54 8478.23 8498.4 8517.95 8526.09 8522.59 8516.38 8510.5 8505.77 8504.86 8506.81 8505.87 8501.34 8498.76 8498.07 8499.95 8499.17 8492.14 8489.91 8492.09 8496.98 8503.56 8511.89 8521.9 8533.27 8544.87 8553.5 8558.81 8563.07 8568.06 8574.57 8582.68 8591.46 8599.4 8606.64 8614.11 8621.27 8629.39 8637.25 8624.72 8615.4 8607.66 8600.67 8594.84 8590.23
8587.74 8591.54 8592.2 8591.35 8593.66 8597.08 8602.21 8608.39 8611.92 8611.92 8606.97 8599.73 8589.27 8576.61 8561.09 8543.67 8532.12 8523.24 8507.48 8487.09 8468.6 8453.74 8454.58 8468.46 8487.74 8506.77 8512.44 8508.6 8502.93 8497.94 8495.21 8494.8 8494.21 8494.22 8491.89 8490.02 8489.61 8488.08 8485.56 8483.61 8483.09 8484.28 8484.83 8488.42 8495.4 8505.13 8516.44 8528.31 8536.88 8539.55 8542.18 8546.66 8552.36 8560.7 8569.66 8578.65 8587.04 8594.76 8601.57 8605.42 8603.22 8604.7 8602.74 8598.53 8594.76 8591.75 8589.87
8582.46 8585.26 8585.72 8584.31 8586.5 8593.6 8604.55 8614.66 8619.34 8618.96 8613.36 8604.79 8594.11 8582.53 8569.91 8558.73 8549.11 8528.6 8512.55 8500.72 8479.84 8446.89 8444.55 8456.72 8474.3 8490.41 8495.04 8491.64 8486.3 8481.8 8480.31 8483.19 8483.36 8480.93 8479.55 8477.76 8476.88 8481.46 8475.43 8469.04 8469.48 8471.34 8467.89 8469.85 8476.54 8485.85 8497.19 8509.2 8517.85 8518.63 8518.57 8520.48 8528.1 8538.06 8547.92 8557.49 8566.03 8574.09 8580.99 8585.77 8586.35 8591.05 8590.27 8588.12 8587.06 8587.62 8589.54
8576.07 8577.88 8576.98 8577.14 8579.85 8587.56 8602.87 8617.91 8627.54 8625.46 8617.55 8607.11 8596.85 8586.08 8575.07 8562.72 8535.03 8522.73 8511.66 8500.46 8476.8 8436.79 8432.81 8443.79 8459.31 8472.75 8476.21 8473.15 8467.93 8463.29 8461.23 8469.22 8470.68 8468.04 8466.06 8462.17 8457.24 8450 8448.62 8445.55 8443.87 8443.13 8442.94 8446.66 8454.31 8464.3 8475.58 8486.84 8495.14 8496.33 8495.48 8495.28 8504.41 8515.79 8526.22 8535.76 8544.51 8552.78 8560.67 8568.68 8580.37 8579.76 8576.35 8575.49 8576.61 8579.9 8586.19
