real_craters/C182-1000m.grd
DSAA
89 89
-44.11 44.11
-44.11 44.11
7967.3891777391 10541.317452238
[rows 0 to 29 of 89, columns 0 to 66 of 89]
9383.77 9372.17 9371.15 9370.29 9358.98 9368.6 9367.6 9365.93 9368.23 9357.09 9350.89 9351.91 9352.91 9353.8 9353.21 9348.19 9338.61 9365.9 9349.62 9338.68 9332.28 9325.89 9320.05 9320.2 9332.78 9347.89 9354.23 9350.08 9343.06 9333.55 9332.24 9333.69 9335.74 9337.25 9342.26 9342.59 9358.39 9364.24 9377.63 9383.84 9390.69 9402.24 9402.51 9386.11 9377.55 9367.51 9389.22 9409.93 9429.77 9445.94 9457.59 9445.84 9429.22 9421.22 9421.34 9406.98 9400.7 9395.64 9380.18 9373.58 9386.13 9373.69 9367.42 9368.86 9360.49 9372.08 9375.91
9387.67 9366.64 9371.09 9378.63 9388.85 9394.91 9365.56 9367.94 9379.07 9353.56 9356.21 9352.04 9356.51 9358.9 9359.64 9359.3 9353.18 9344.1 9346.47 9341.32 9338.59 9334.56 9325.99 9324.8 9338.3 9348.11 9352.5 9350.68 9348.79 9349.47 9346.87 9343.07 9343.33 9346.51 9352.14 9368.24 9378.32 9379.75 9371.87 9371.51 9378.76 9383.56 9393.28 9395.44 9382.05 9380.98 9393.23 9418.14 9435.85 9448.64 9464.43 9453.08 9445.18 9439.87 9429.13 9414.63 9415.98 9403.96 9385.05 9375.74 9381 9379.34 9379.09 9372.64 9374.84 9370.67 9377.11
9412.58 9351.11 9382.19 9385.66 9401.79 9409.17 9395.15 9367.33 9372.99 9358.44 9352.31 9355.79 9364.16 9367.91 9370.34 9373.29 9370.81 9354.55 9345.99 9344.94 9348.57 9349.2 9341.06 9331.63 9349.13 9357.92 9351.13 9347.78 9343.26 9340.48 9346.79 9347.91 9349.56 9353.38 9360.39 9369.14 9391.28 9412.63 9391.04 9387.95 9375.61 9385.64 9386.81 9377.57 9383.15 9387.73 9405.28 9427.94 9446.37 9455.93 9453.26 9447.14 9437.56 9445.63 9445.03 9425.76 9417.32 9406.27 9391.49 9388.48 9370.88 9373.86 9378.49 9381.46 9388.08 9378.89 9378.49
9398.36 9398.95 9383.47 9384.3 9390.95 9397.58 9393.12 9381.4 9368.29 9358.8 9369.38 9374.91 9375.84 9377.86 9380.68 9382.13 9380.47 9371.99 9357.01 9354.81 9357.84 9360.93 9356.41 9347.56 9340.26 9343.37 9344.84 9342.65 9337.63 9337.49 9344.31 9351.36 9355.44 9357.98 9367.8 9376.6 9390.74 9393.69 9395.64 9402.64 9385.48 9387.02 9384.64 9382.87 9383.42 9385.84 9402.02 9434.24 9451.71 9460.83 9457.68 9444.1 9441.16 9440.22 9427.33 9436.36 9431.32 9423.82 9381.92 9363.13 9394.77 9371.52 9381.62 9397.78 9379.06 9376.04 9376.76
9389.09 9391.33 9392.45 9390.01 9392 9396.35 9399.08 9394.49 9377.65 9367.23 9384.94 9389.29 9386.01 9384.3 9384.74 9388.26 9385.4 9377.34 9373.81 9369 9361.41 9355.49 9346.43 9348.6 9343.78 9340.92 9340.41 9338.98 9334.91 9335.14 9348.01 9361.23 9369.96 9374 9382.54 9388 9388.24 9392.68 9397.51 9398.12 9385.5 9391.81 9388.29 9380.01 9384.58 9386.55 9410.22 9442.07 9463.79 9464.24 9454.01 9438.16 9431.77 9437.85 9445.56 9444.92 9437.74 9416.21 9394.47 9376.72 9381.62 9375.36 9383.08 9388.36 9373.94 9378.65 9384.22
9382.89 9382.95 9393.28 9403.55 9396.83 9389.55 9396.15 9396.65 9385.29 9382.9 9381.6 9390.49 9388.08 9385.19 9382.29 9377.07 9372.75 9370.81 9370.8 9367.18 9363.54 9354.84 9350.27 9347.07 9335.89 9337.32 9339.39 9340.04 9336.63 9341.95 9357.09 9374.15 9390.79 9393.58 9381.49 9382.1 9388.83 9394.07 9402.2 9402.25 9399.94 9392.2 9391.17 9387.15 9387.69 9395.01 9418.71 9448.54 9460.06 9468.73 9465.44 9457.86 9438.36 9450.07 9462.81 9440.31 9445.18 9434.42 9404.9 9391.97 9378.29 9383.23 9384.53 9382.34 9387.11 9386.49 9386.01
9407.31 9397.59 9417 9424.96 9400.39 9378.41 9386.33 9396.73 9388.16 9387.52 9391.19 9386.89 9388.08 9386.62 9382.63 9378.47 9374.57 9374.38 9375.08 9375.87 9372.52 9367.42 9360.59 9353.65 9342.49 9341.94 9343.86 9345.14 9343.12 9350.35 9366.51 9384.66 9403.31 9403.56 9381.47 9377.48 9383.76 9393.23 9405.87 9417.12 9415.55 9404.32 9401.57 9401.32 9402.63 9407.84 9422.93 9456.25 9474.83 9464.45 9468.58 9465.13 9432.28 9448.4 9459.6 9469.36 9460.94 9477.77 9430.86 9404.51 9399.04 9392.44 9390.62 9394.19 9392.26 9394 9395.58
9419.21 9413.13 9427.68 9416.06 9396.89 9386.08 9379.04 9393.37 9395.18 9396.97 9394.43 9390.88 9391.41 9388.62 9384.61 9379.45 9384.8 9383.71 9378.88 9371.23 9378.86 9376.23 9361.37 9356.31 9351.76 9350.19 9352.57 9355.33 9353.44 9360.94 9378.81 9392.75 9400.31 9400.64 9396.1 9394.07 9398.38 9419.96 9410.32 9414.92 9406.51 9403.26 9403.91 9410.13 9410.72 9420.41 9431.82 9473.06 9467.35 9461.54 9467.89 9463 9453.89 9459.05 9465.62 9476.07 9462.88 9446.54 9428.73 9419.06 9400.88 9393.46 9393.97 9395.55 9396.58 9402.28 9403.81
9422.8 9408.09 9407.11 9398.85 9388.97 9378.65 9377.97 9386.38 9402.41 9408.99 9403.93 9403.47 9401.16 9395.18 9389.84 9387.53 9392.27 9393.81 9387.58 9375.87 9377.78 9373.81 9363.3 9351.1 9352.53 9357.4 9362.66 9369.51 9377.99 9383.69 9392.38 9403.67 9410.69 9413.3 9405.16 9419.31 9435.15 9430.6 9417.99 9408.91 9398.5 9402.09 9408.66 9424.07 9419.28 9419.36 9441.69 9485.17 9492.12 9489.11 9474.7 9457.08 9485.96 9468.76 9447.44 9471.35 9449 9434.25 9430.57 9415.38 9421.34 9406.46 9395.46 9388.04 9395.77 9402.47 9398.6
9401.05 9393.58 9391.79 9390.55 9389.41 9383.46 9374.98 9371.24 9405.95 9425.07 9407.52 9413.13 9407.7 9403.82 9400.03 9395.84 9416.87 9410.47 9403.89 9398.35 9386.6 9378.56 9365.46 9346.07 9356.66 9363.26 9371.79 9380.75 9389.15 9395.85 9403.93 9415.9 9437.5 9436.71 9443.94 9455.47 9455.16 9455.11 9433.52 9424.14 9413.15 9410.7 9419.58 9431.36 9429.49 9426.61 9459.65 9489.14 9508.23 9513.19 9491.5 9465.88 9491.18 9487.12 9473.41 9454.56 9440 9439.82 9402.71 9411.3 9408 9406.33 9400.04 9393.07 9387.28 9399.02 9403.7
9393.4 9400.38 9395.25 9398.63 9393.6 9386.17 9374.99 9369.82 9423.51 9440.49 9415.68 9411.15 9411.56 9412.51 9417.03 9423.56 9426.54 9421.46 9417.01 9416.83 9403.42 9391.42 9375.65 9356.46 9357.99 9371.58 9383.03 9391.84 9401.52 9406.14 9413.73 9420.66 9425.81 9439.01 9457.82 9497.76 9546.15 9528.96 9469.9 9452.68 9426.21 9419.66 9414.81 9428.16 9422.26 9439.77 9485.71 9492.21 9517.36 9541.15 9530.84 9507.87 9495.73 9485.16 9474.26 9456.52 9442.12 9435.17 9408.14 9401.18 9403.41 9405.85 9405.72 9407.1 9393.97 9396.28 9391.58
9385.59 9397.17 9391.75 9394.95 9394.36 9389.49 9378.36 9382.91 9424.86 9425.2 9411.55 9412.22 9414.52 9417.35 9421.74 9425.33 9427.42 9424.14 9420.14 9416.1 9409.09 9402.78 9392.77 9378.23 9373.94 9387.18 9398.55 9407.46 9409.94 9421.51 9430.17 9432.68 9432.62 9435.03 9456.34 9509.51 9587.54 9584.71 9557.98 9492.25 9448.86 9437.12 9434.38 9405.74 9407.19 9464.32 9523.56 9518.56 9521.58 9565.24 9565.34 9540.07 9498.98 9504.2 9485.43 9461.6 9444.68 9423.04 9414 9419.13 9406.34 9408.47 9408.2 9401.3 9401.47 9398.11 9399.6
9375.54 9383.62 9396.17 9398.15 9393.36 9391.39 9384.92 9379.46 9419.93 9417.75 9417.79 9416.12 9416.84 9420.65 9424.68 9427.17 9425.47 9422.63 9417.33 9411.09 9403.55 9407.83 9400.8 9377.68 9392.71 9411.22 9424.86 9434.58 9441.27 9447.79 9455.85 9457.47 9452.42 9439.53 9448.71 9482.23 9493.69 9565.12 9575.01 9512.91 9461.57 9453.55 9447.33 9424.17 9435.33 9492.69 9533.87 9516.8 9502.34 9545.05 9565.12 9521.51 9504.24 9502.19 9493.25 9467.93 9441.63 9422.77 9411.1 9411.58 9414.63 9413.24 9410.47 9408.3 9398.7 9395.89 9390.87
9373.76 9387.77 9405.96 9401.34 9390.16 9387.61 9382.08 9382.12 9411.18 9426.1 9428.22 9426.13 9424.01 9423.51 9423.72 9429.52 9429.78 9421.92 9413.79 9402.19 9395.76 9406.43 9411.11 9415.5 9427.18 9449.75 9467.57 9468.96 9475.49 9487.06 9492.35 9490.57 9485.23 9460.7 9466.31 9485.98 9469.43 9481.09 9507.46 9502.62 9488.16 9474.15 9465.16 9455.45 9479.11 9528.04 9550.78 9558.64 9518.5 9569.96 9565.39 9527.86 9516.48 9536.36 9531.59 9497.96 9444.56 9427.91 9410.87 9412.29 9424.21 9416.81 9406.21 9401.04 9398.65 9407.76 9399.09
9392.49 9407.48 9404.94 9396.84 9389.04 9388.4 9385.42 9390.91 9410.95 9426.59 9429.34 9421.99 9422.09 9424.47 9430.33 9429.43 9428.07 9421.88 9412.51 9404.71 9400.31 9401.27 9410.52 9423.44 9459.14 9484.21 9507.24 9512.84 9520.47 9522.06 9518.47 9519.9 9516.45 9499.75 9511.79 9540.22 9542.18 9504.33 9521.65 9553.44 9546.85 9517.21 9463.51 9465.33 9533.52 9554.17 9564.05 9645.18 9578.07 9622.37 9605.43 9540.36 9510.72 9493.7 9485.91 9451.17 9434.61 9421.09 9434.5 9442.72 9439.28 9421.4 9403.32 9395.44 9407.83 9428.51 9404.41
9415.75 9422.61 9409.79 9404.03 9404.33 9395.97 9386.55 9391.42 9406.76 9412.97 9402.88 9398.54 9403.72 9417.35 9431.38 9432.27 9430.04 9423.44 9414.82 9406.21 9408.77 9416.19 9432.19 9451.3 9472.92 9504.7 9530.05 9536.7 9541.29 9546.64 9530.35 9510.96 9516.89 9538.93 9564.84 9588.91 9580.77 9564.84 9554.75 9599.48 9617.01 9583.24 9512.02 9499.56 9567.9 9661.79 9614.88 9567.29 9668.48 9665.58 9624.84 9524.21 9491.95 9483.5 9478.91 9468.66 9418.62 9427.82 9447.81 9469.19 9451.67 9428.79 9406.73 9401.72 9416.25 9417.35 9405.91
9395.87 9413.86 9411.94 9409.06 9412.86 9406.47 9401.19 9400.4 9438.7 9419.35 9392.65 9386.9 9393.26 9405.28 9408.01 9431.39 9430.81 9427.18 9421.63 9416.04 9421.46 9449.15 9469.54 9490.06 9502.07 9507.46 9519.83 9544.93 9554.67 9560.3 9544.4 9506.1 9529.08 9552.31 9608.25 9659.68 9645.54 9623.95 9614.16 9638.26 9664.49 9633.88 9539.9 9489.36 9511.48 9544.52 9601.24 9754.65 9869.62 9744.53 9703.99 9576.61 9577.69 9525.42 9506.81 9496.15 9475.42 9459.91 9479.08 9480.51 9464.16 9442.77 9417.03 9411 9419.86 9412.61 9411.38
9394.91 9410.24 9418.29 9421.79 9420.05 9410.86 9405.42 9412.23 9133.55 9220.51 9391.48 9379.93 9398.81 9415.25 9420.02 9422 9435.72 9437.86 9434.81 9432.03 9440.88 9452.32 9481.87 9509.63 9509.01 9471.28 9432.48 9497.27 9508.72 9545.69 9596.81 9610.65 9617.15 9616.55 9664.22 9679.78 9659.45 9645.81 9650.58 9636.11 9661.37 9619.63 9474.24 9309.83 9249.55 9253.12 9296.66 9424.22 9485.51 9696.34 9862.93 9738.26 9635.56 9563.73 9548.54 9524.19 9489.91 9464.92 9476.42 9510.06 9487.21 9472.94 9443.14 9431.92 9427.55 9415.01 9416.46
9428.69 9423.7 9429.71 9432.92 9420.15 9414.08 9410.19 9429.6 9348.02 9355.46 9392.3 9387.34 9419.96 9439.79 9446.08 9448.45 9455.1 9455.3 9455 9452.41 9457.52 9482.92 9502.01 9532.58 9531.98 9434.21 9275.7 9151.5 9308.39 9505.67 9686.51 9791.48 9763.44 9761.3 9748.84 9776.3 9755.91 9704.27 9660.29 9581.84 9602.94 9599.27 9414.5 9255.86 9119.63 9101.51 9118.47 9268.82 9565.5 9649.27 9867.48 9888.51 9802.09 9672.79 9613.93 9573.81 9537.12 9522.41 9543.34 9547.72 9540.86 9510.9 9487.19 9460.33 9441.67 9428.89 9413.36
9440.87 9436.9 9438.07 9433.06 9425.8 9417.93 9415.32 9413.67 9422.4 9417.18 9403.11 9401.23 9437.34 9466.75 9477.86 9487.63 9487.26 9482.68 9480.68 9483.78 9473.76 9488.84 9517.32 9566.43 9572.44 9430.21 9195.55 9045.09 9235.15 9500.19 9751.45 9882.32 9821.03 9771.61 9795.62 9843.37 9829.01 9748.04 9680.3 9577.23 9512.07 9422.8 9362.82 9305.96 9206.94 9101.61 9086.75 9156.44 9292.42 9415.97 9560.83 9583.57 9654.82 9685.42 9629.84 9629.68 9617.15 9585.27 9646.76 9683.16 9617.34 9539.64 9509.17 9477.36 9465.83 9453.8 9452.26
9444.33 9442.52 9444.37 9445.57 9433.11 9423.31 9422.72 9420.07 9418.51 9413.01 9410.5 9425.57 9467.34 9443.37 9483.84 9528.22 9514.94 9500.95 9487.55 9482.54 9469.84 9481.56 9538.23 9594.78 9617.29 9477.22 9256.99 9075.06 9305.46 9558.41 9802.4 9911.53 9845.36 9818.29 9806.45 9801.89 9773.86 9708.9 9641.09 9545.97 9435.34 9335.53 9317.84 9343.25 9341.16 9296.75 9213.66 9132.93 9094.99 9175.1 9258.49 9265.08 9378.03 9477.19 9548.75 9650.69 9725.39 9739.82 9767.52 9702.23 9629.02 9555.75 9459.14 9480.93 9495.8 9504.3 9468.08
9450.36 9446.72 9447.68 9449.32 9438.89 9432.63 9436.55 9441.2 9427.14 9420.2 9433.3 9458.94 9485.44 9482.65 9503.49 9543.93 9532.57 9515.49 9495.3 9478.5 9477.4 9482.53 9517.82 9591.13 9647.98 9587.67 9500.95 9457.38 9511.41 9646.99 9778.1 9826.87 9767.83 9770.31 9794.17 9770.7 9723.17 9665.03 9595.32 9494.38 9410.47 9331.07 9306.78 9276.62 9264.21 9246.41 9183.6 9116.28 9028.48 9026.88 8956.61 8962.17 9015.32 9221.02 9379.37 9555.37 9825.1 9870.32 9860.6 9853.25 9777.85 9678.52 9558.82 9551.22 9533.45 9514.49 9540.93
9450.6 9448.75 9446.96 9443.56 9440.86 9442.38 9446 9443.3 9433.46 9442.72 9464.56 9490.29 9499.56 9514.22 9516.56 9530.61 9543.58 9542.64 9527.25 9516.51 9516.59 9507.8 9532.31 9570.99 9610.41 9620.38 9627.38 9672.67 9696.19 9769.25 9820.9 9814.21 9779.63 9781.59 9799.89 9762.85 9712.03 9652.71 9582.14 9505.57 9452.03 9425.3 9378.83 9317.45 9255.03 9213.51 9181.61 9147.93 9070.35 9003.68 8913.63 8899.62 8913.84 8986.81 9194.54 9341.24 9420.12 9723.03 9868.1 9872.99 9909.15 9841.6 9782.01 9655.48 9572.98 9512.83 9485.48
9446.44 9447.16 9447.31 9447.65 9449.71 9453.37 9454.81 9458.54 9462.04 9455.24 9469.72 9489.1 9515.13 9514.28 9506.46 9522.37 9545.37 9566.27 9579.13 9574.77 9560.64 9543 9542.4 9565.69 9578.15 9604.62 9615.33 9673.2 9791.13 9894.7 9959.13 9932.56 9862.82 9825.62 9835.4 9802.14 9691.15 9640.04 9604.03 9549.85 9504.56 9480.77 9466.53 9437.83 9385.61 9326.98 9286.21 9243.64 9209 9119.69 9025.9 8978.7 8969.22 9008.32 9147.82 9242.85 9292.67 9525.1 9820.89 9892.42 9856.82 9879.56 9832.42 9728.61 9630.51 9537.51 9493.44
9451.58 9451.14 9451.42 9451.95 9455.21 9470.05 9463.77 9472.21 9486.99 9471.03 9467.94 9481.53 9518.69 9507.76 9508.04 9526.2 9555.52 9591.97 9637.71 9623.57 9592.86 9578.67 9597.12 9587.41 9575.75 9610.56 9682.98 9766.33 9869.37 10000.6 10115.5 10019.2 9924.96 9782.62 9712.99 9658.11 9566.08 9528.73 9554.42 9491.33 9455.44 9467.83 9482.93 9499.04 9487.17 9397.13 9361.94 9314.96 9284.11 9242.86 9179.3 9113.43 9105.89 9153.22 9231.78 9298.6 9331.89 9553.65 9869.74 9913.32 9812.16 9861.52 9851.56 9767.81 9687.14 9609.95 9541.16
9457.33 9452.76 9457.96 9461.78 9465.18 9461.16 9465.87 9472.9 9478.77 9488.84 9472.64 9466.55 9489.26 9498.97 9492.37 9522.87 9559.28 9597.94 9633.02 9650.32 9649.58 9680.43 9659.52 9615.3 9609.41 9650.7 9723.9 9813.36 9906.67 10004.6 10061 9900.35 9765.46 9610.82 9489.56 9391.04 9369.36 9332.9 9359.01 9341.28 9310.22 9302.04 9315.41 9294.79 9305.76 9258.59 9322.09 9299.47 9301.04 9325.11 9331.3 9277.47 9315.2 9335.85 9368.49 9417.56 9511.66 9570.4 9805.34 9829.68 9811.54 9770.34 9783.52 9776.6 9736.6 9692.33 9657.07
9465.91 9471.34 9467 9470.63 9471.47 9467.86 9465.12 9464.73 9466.8 9468.43 9482.94 9474.77 9475.97 9498.26 9490.3 9526.57 9561.8 9597.59 9618.35 9656 9677.89 9647.93 9630.77 9633.25 9631.84 9667.78 9773.16 9863.53 9896.24 9903.62 9857.77 9648.73 9439.29 9424.2 9359.04 9308 9213.1 9153.39 9173.96 9135.01 9053.72 8992.51 8941.14 8947.34 9001.42 8968.65 9026.37 9094.98 9155.31 9238.28 9292.89 9356.2 9372.67 9410.88 9421.49 9439.07 9464.05 9456.81 9526.98 9623.84 9770.8 9865.4 9829.96 9794.22 9766.43 9744.15 9748.76
9469.4 9465.61 9468 9472.7 9477.32 9477.28 9469.73 9471.63 9491.73 9493.47 9500.52 9513.14 9495.37 9518.18 9521.98 9542.01 9568.54 9602.14 9635.72 9628.9 9629.56 9600.43 9614.64 9669.37 9709.61 9760.89 9946.47 9923.53 9871.56 9785.98 9643.39 9501.87 9366.63 9334.38 9339.22 9234.7 9079.99 8949.63 8972.43 8914.94 8764.78 8680.42 8588.05 8657.35 8718.99 8722.6 8742.12 8803.62 8878.55 8979.25 9090.78 9253.04 9285.22 9332.27 9366.84 9380.05 9390.68 9452.3 9547.14 9567.58 9638.37 9789.52 9817.84 9785.09 9765.52 9754.18 9751.62
9468.72 9461.46 9463.76 9472.91 9481.84 9485.84 9483.23 9480.81 9496.03 9499.61 9503.35 9503.16 9511.64 9540.63 9546.2 9553.88 9571.07 9589.5 9604.24 9592.64 9584.69 9595.3 9667.03 9750.44 9843.64 9979.91 9995.4 9909.69 9823.67 9748.59 9613.61 9431.49 9296.63 9233.24 9177.67 9067.8 8951.62 8836.67 8811.11 8760.87 8616.34 8525.29 8455.69 8451.11 8482.01 8476.99 8514.57 8582.42 8645 8706.99 8849.96 9009.54 9096.89 9185.01 9258.2 9302.87 9339.43 9314.56 9354.69 9541.1 9698.14 9741.56 9738.07 9739 9747.1 9761.36 9778.67
9463.04 9451.63 9457.83 9472.26 9487.11 9488.61 9488.3 9485.3 9483.26 9505.31 9513.54 9517.74 9531.01 9546.37 9550.34 9564.45 9577.46 9584.11 9595.84 9625.64 9621.51 9658.99 9763.15 9821.65 9878.79 9919.35 9859.58 9794.11 9721.98 9655.84 9527.78 9340.84 9178.7 9070 8934.55 8837.36 8790.58 8705.73 8631.33 8551.48 8473 8399.05 8352.18 8343.94 8360.51 8363.75 8386.23 8437.54 8533.18 8655.35 8722.95 8821.45 8896.55 9001.68 9122.29 9243.63 9308.68 9236.18 9235.08 9314.07 9511.66 9541.62 9585.99 9650.36 9721.43 9783.77 9836.52
