real_craters/C182-750m.grd
DSAA
207 207
-77.1925 77.1925
-77.1925 77.1925
6828.8756316994 9594.8790108523
[rows 0 to 37 of 207, columns 84 to 167 of 207]
9050 9060 9064 9058 9040 9036 9041 9038 9030 9024 9031 9041 9048 9055 9063 9075 9079 9079 9074 9074 9074 9073 9072 9081 9093 9101 9103 9102 9096 9094 9104 9109 9116 9125 9135 9144 9152 9161 9172 9184 9209 9244 9271 9267 9256 9303 9324 9318 9304 9282 9256 9266 9283 9299 9326 9337 9345 9355 9373 9372 9319 9250 9184 9116 9059 9028 9026 9028 9023 9019 9022 9035 9045 9040 9029 9025 9011 9003 8996 8990 8984 8986 8995 9005
9050 9058 9067 9069 9063 9060 9065 9050 9041 9038 9046 9058 9064 9071 9075 9079 9086 9092 9090 9092 9092 9092 9094 9100 9107 9113 9115 9110 9106 9105 9109 9115 9123 9133 9144 9152 9155 9162 9174 9190 9218 9259 9302 9305 9273 9329 9362 9359 9347 9333 9325 9327 9334 9354 9365 9367 9366 9365 9366 9367 9288 9205 9131 9070 9031 9006 9040 9029 9020 9011 9009 9022 9031 9037 9027 9013 9000 8998 8995 8990 8987 8980 8983 9004
9052 9059 9068 9068 9062 9059 9051 9047 9048 9053 9061 9073 9083 9090 9092 9092 9101 9110 9109 9111 9112 9113 9117 9120 9123 9125 9125 9121 9116 9116 9117 9123 9128 9137 9153 9160 9159 9165 9183 9202 9227 9263 9296 9303 9290 9353 9394 9397 9390 9384 9384 9384 9383 9395 9401 9387 9369 9349 9321 9274 9213 9143 9080 9055 9025 9015 9022 9020 9011 9005 9002 9012 9021 9034 9022 9005 8999 8999 8997 8992 8981 8983 8990 8998
9056 9062 9073 9070 9063 9058 9044 9046 9055 9062 9073 9090 9105 9117 9122 9113 9128 9134 9131 9132 9133 9134 9137 9139 9141 9141 9138 9132 9127 9126 9130 9130 9130 9135 9148 9156 9162 9174 9196 9223 9257 9263 9269 9274 9316 9380 9426 9428 9424 9421 9426 9429 9424 9459 9432 9401 9364 9323 9275 9215 9158 9099 9046 9037 9019 9013 9019 9009 9005 9004 8999 9015 9015 9036 9029 9014 9007 9007 9006 9006 9006 9006 8990 8987
9062 9063 9073 9073 9069 9067 9061 9061 9066 9073 9087 9108 9127 9146 9167 9182 9168 9161 9153 9152 9152 9153 9154 9155 9158 9158 9153 9144 9136 9138 9141 9134 9131 9132 9142 9157 9174 9189 9212 9231 9236 9261 9275 9304 9347 9403 9447 9448 9443 9440 9447 9454 9454 9460 9445 9400 9345 9291 9233 9178 9122 9077 9038 9013 9001 8994 8996 8994 8995 9003 9009 9010 9009 9040 9036 9024 9023 9014 9015 9017 9016 9014 8998 8982
9069 9068 9073 9075 9083 9082 9079 9077 9077 9086 9104 9131 9147 9167 9191 9205 9191 9179 9170 9169 9169 9171 9170 9170 9179 9178 9170 9156 9145 9157 9155 9135 9132 9142 9150 9178 9214 9228 9232 9241 9262 9270 9293 9325 9373 9417 9447 9451 9444 9438 9441 9454 9469 9487 9454 9384 9314 9249 9189 9128 9076 9046 9018 8996 8986 8975 8979 8973 8990 9004 9003 9013 9018 9022 9016 9010 9004 9012 9018 9025 9017 9008 9013 8992
9075 9073 9073 9078 9104 9091 9079 9073 9081 9100 9138 9148 9157 9172 9187 9199 9194 9188 9185 9182 9185 9190 9195 9200 9213 9214 9193 9172 9159 9169 9163 9145 9143 9128 9170 9237 9250 9251 9248 9251 9236 9283 9315 9345 9399 9431 9452 9445 9426 9413 9410 9414 9439 9469 9428 9344 9270 9205 9145 9089 9048 9025 9012 8998 8978 8966 8952 8977 8985 8991 8995 9008 9015 9005 8995 8995 9005 9008 9016 9021 9010 9001 9007 8988
9077 9077 9076 9082 9093 9089 9076 9068 9082 9095 9119 9143 9156 9166 9174 9184 9188 9190 9192 9193 9196 9205 9220 9244 9239 9233 9212 9188 9167 9179 9182 9176 9175 9189 9231 9284 9250 9247 9259 9272 9299 9323 9345 9371 9417 9435 9445 9422 9393 9369 9353 9351 9385 9376 9332 9266 9208 9153 9104 9060 9031 9048 9003 8980 8973 8967 8964 8955 8975 8984 8987 8998 9000 8988 8980 8983 8994 9003 9010 9015 9010 9002 8995 8981
9082 9081 9082 9081 9090 9088 9083 9085 9093 9104 9118 9137 9151 9158 9159 9171 9184 9191 9195 9199 9204 9212 9224 9234 9235 9234 9228 9215 9200 9205 9209 9204 9209 9227 9264 9302 9269 9264 9275 9289 9306 9341 9393 9401 9429 9420 9404 9377 9344 9316 9297 9279 9266 9238 9196 9169 9136 9103 9067 9035 9011 8995 8987 8970 8969 8971 8973 8977 8982 8984 8984 8989 8994 8984 8980 8978 8990 8996 9002 9008 9010 9008 8999 8992
9091 9086 9088 9085 9089 9088 9089 9094 9106 9124 9134 9143 9151 9157 9160 9171 9183 9192 9199 9205 9210 9215 9218 9216 9226 9239 9249 9254 9252 9243 9234 9239 9234 9241 9265 9303 9292 9291 9296 9306 9318 9345 9376 9398 9409 9384 9348 9317 9289 9260 9230 9198 9171 9133 9095 9087 9074 9054 9032 9011 8999 8992 8951 8956 8967 8973 8980 8976 8987 8989 8983 8982 8987 8992 8983 8978 8984 8990 8995 9000 9012 9020 9018 9001
9105 9093 9091 9090 9089 9090 9092 9098 9112 9131 9140 9145 9153 9162 9170 9178 9185 9192 9200 9207 9213 9218 9219 9220 9233 9253 9269 9285 9293 9281 9269 9260 9255 9249 9245 9299 9320 9321 9317 9321 9334 9353 9366 9362 9362 9334 9296 9261 9238 9206 9169 9144 9111 9066 9030 9033 9032 9023 9009 8993 8979 8985 8952 8965 8976 8982 8983 8980 8997 9001 8995 8986 8982 8986 8993 8981 8981 8987 8996 9004 9015 9025 9023 9007
9124 9111 9092 9087 9091 9093 9094 9096 9114 9138 9143 9144 9154 9166 9179 9185 9189 9195 9201 9208 9215 9221 9226 9233 9250 9268 9281 9298 9308 9309 9305 9285 9283 9287 9304 9335 9349 9338 9329 9330 9345 9359 9332 9321 9307 9279 9250 9220 9190 9153 9119 9093 9061 9035 9022 9009 9006 9001 8991 8982 8976 8984 9007 8993 8990 8990 8993 8999 9012 9014 9014 8996 8987 8974 8976 8987 8988 8991 8999 9010 9019 9024 9021 9009
9138 9128 9102 9093 9096 9101 9104 9106 9127 9148 9149 9147 9157 9171 9183 9188 9191 9195 9199 9204 9211 9220 9233 9256 9277 9276 9278 9290 9306 9323 9347 9327 9321 9326 9346 9363 9370 9336 9321 9318 9320 9311 9289 9268 9241 9219 9206 9191 9143 9102 9080 9059 9038 9019 9001 8994 8994 8991 8986 8981 8980 8996 9018 9010 9002 8997 8996 9004 9016 9018 9025 9020 8940 8950 8978 9004 8997 8995 9000 9011 9023 9026 9021 9015
9136 9137 9120 9105 9108 9113 9120 9137 9158 9165 9155 9150 9159 9174 9189 9189 9190 9193 9195 9198 9204 9215 9228 9251 9270 9260 9251 9252 9276 9312 9351 9374 9358 9346 9334 9326 9309 9302 9295 9289 9281 9256 9239 9222 9189 9151 9119 9111 9037 9034 9048 9059 9043 9017 9000 8992 8992 8992 8992 8991 8994 9013 9025 9021 9013 9003 8993 9004 9004 9008 9013 9037 8989 8988 8977 9003 8991 8991 9009 9019 9026 9020 9021 9022
9130 9142 9145 9135 9126 9125 9129 9139 9149 9155 9153 9151 9160 9170 9180 9187 9189 9190 9191 9191 9196 9200 9210 9223 9229 9221 9212 9214 9239 9279 9324 9365 9373 9348 9334 9318 9270 9265 9260 9255 9252 9247 9224 9194 9157 9096 8989 8817 8889 8980 9026 9048 9043 9014 8998 8991 8993 8997 9001 9003 9007 9017 9026 9023 9017 9009 9003 8994 8993 8991 8977 8934 8999 8994 8965 8979 8980 8980 9011 9006 9001 9023 9023 9021
9129 9132 9156 9149 9139 9134 9134 9133 9132 9142 9149 9155 9163 9174 9182 9188 9187 9185 9180 9178 9178 9178 9182 9184 9185 9175 9168 9175 9198 9233 9271 9310 9330 9320 9323 9318 9272 9237 9223 9219 9220 9223 9203 9172 9145 9089 8995 8891 8940 8996 9027 9042 9020 9008 8999 8995 9001 9007 9013 9020 9026 9023 9030 9025 9020 9016 9009 8997 8992 8982 8968 8965 8983 8985 8998 9014 9000 9004 9014 9023 9025 9028 9024 9021
9125 9128 9139 9146 9145 9141 9137 9134 9138 9144 9148 9153 9165 9179 9186 9185 9179 9172 9164 9158 9153 9148 9145 9141 9134 9129 9122 9118 9151 9182 9210 9229 9246 9254 9262 9257 9219 9192 9182 9180 9179 9172 9153 9144 9123 9093 9074 9125 9103 9052 9043 9036 9022 9015 9012 9012 9012 9016 9024 9033 9039 9043 9032 9026 9021 9018 9017 9001 8998 8991 8988 8995 9033 9006 9007 9025 9010 9012 9013 9026 9025 9020 9024 9025
9140 9129 9127 9136 9141 9139 9137 9137 9140 9145 9150 9156 9172 9197 9193 9178 9163 9148 9137 9127 9119 9112 9105 9101 9096 9092 9091 9097 9116 9139 9158 9168 9161 9180 9188 9182 9156 9142 9142 9141 9140 9135 9123 9117 9108 9097 9102 9110 9094 9072 9053 9043 9036 9031 9024 9019 9019 9025 9032 9040 9045 9039 9031 9022 9016 9013 9016 9012 9012 9005 9005 9017 9056 9032 9013 9032 9018 9019 9021 9028 9026 9022 9024 9032
9144 9138 9135 9138 9137 9137 9137 9137 9138 9145 9152 9161 9183 9219 9192 9162 9140 9123 9109 9097 9086 9076 9067 9057 9054 9057 9065 9076 9091 9108 9119 9120 9115 9129 9131 9123 9111 9101 9106 9107 9105 9100 9099 9101 9102 9102 9109 9100 9084 9078 9059 9044 9046 9041 9029 9019 9023 9031 9038 9044 9045 9035 9028 9012 9001 8998 8999 9016 9015 9019 9018 9022 9048 9061 9020 9025 9023 9020 9029 9026 9029 9030 9024 9025
9148 9143 9141 9136 9136 9141 9143 9143 9143 9150 9152 9159 9177 9179 9152 9127 9107 9092 9078 9067 9055 9045 9034 9025 9023 9031 9044 9056 9067 9079 9090 9097 9112 9113 9108 9102 9089 9078 9082 9084 9080 9076 9078 9093 9109 9123 9124 9117 9109 9089 9070 9056 9049 9044 9032 9027 9030 9035 9039 9043 9040 9032 9022 9007 8989 8981 9011 9030 9037 9037 9032 9039 9060 9073 9033 9026 9015 9023 9026 9028 9033 9034 9034 9043
9163 9147 9147 9145 9146 9152 9153 9153 9156 9161 9143 9127 9106 9075 9081 9077 9069 9059 9049 9040 9029 9018 9008 8999 9003 9014 9027 9037 9043 9050 9063 9083 9100 9101 9094 9094 9085 9072 9073 9073 9070 9063 9065 9089 9115 9139 9133 9123 9114 9094 9075 9059 9045 9034 9035 9039 9042 9038 9037 9036 9027 9020 9024 9006 8981 8946 8971 9039 9020 9043 9039 9046 9077 9090 9070 9043 9022 9027 9032 9039 9045 9042 9041 9046
9182 9160 9161 9165 9169 9166 9160 9161 9169 9160 9119 9081 9041 9010 9023 9032 9033 9030 9024 9016 9009 9000 8991 8986 8987 8994 9008 9017 9019 9018 9020 9043 9114 9064 9078 9096 9090 9074 9077 9075 9075 9072 9078 9098 9118 9132 9129 9118 9106 9092 9082 9063 9041 9019 9034 9049 9047 9037 9031 9025 9022 9025 9028 9013 8996 8975 8980 9014 9016 9035 9038 9042 9078 9095 9102 9081 9032 9031 9038 9042 9048 9043 9036 9045
9181 9162 9158 9184 9200 9169 9150 9148 9144 9112 9082 9041 8997 8978 8989 9000 9009 9010 9007 9001 8993 8984 8977 8974 8974 8979 8997 9000 8995 8982 8957 8904 8826 8908 9066 9115 9108 9103 9096 9087 9077 9095 9102 9115 9124 9124 9118 9109 9096 9083 9071 9056 9041 9039 9034 9036 9035 9031 9026 9020 9023 9026 9022 9019 9018 9037 9025 9015 9034 9036 9042 9045 9052 9073 9084 9092 9051 9042 9048 9051 9051 9046 9040 9048
9166 9135 9137 9160 9170 9142 9116 9091 9082 9072 9048 9013 8977 8968 8974 8984 8989 8990 8992 8987 8980 8974 8965 8964 8966 8972 8985 8990 8985 8969 8932 8847 8724 8839 9093 9145 9132 9126 9114 9108 9114 9095 9120 9133 9132 9122 9112 9101 9084 9064 9050 9044 9038 9032 9029 9027 9026 9025 9023 9019 9026 9024 9017 9019 9020 9022 9015 9022 9037 9043 9040 9035 9044 9057 9072 9082 9058 9051 9059 9062 9062 9055 9053 9059
9151 9118 9116 9124 9115 9105 9080 9046 9042 9048 9027 8997 8969 8970 8973 8976 8981 8982 8981 8977 8971 8965 8957 8957 8964 8974 8982 8990 8987 8979 8965 8953 8981 9025 9127 9146 9131 9122 9118 9116 9111 9109 9130 9143 9141 9137 9127 9102 9065 9042 9035 9038 9036 9029 9025 9022 9019 9021 9023 9028 9025 9023 9018 9023 9022 9019 9036 9044 9053 9060 9037 9031 9050 9066 9065 9073 9063 9057 9053 9058 9062 9062 9067 9068
9127 9111 9110 9108 9096 9085 9063 9035 9029 9030 9013 8989 8969 8973 8976 8978 8979 8979 8978 8977 8972 8965 8958 8960 8969 8977 8987 8998 9005 9009 9020 9047 9110 9121 9112 9120 9106 9120 9120 9117 9116 9115 9126 9136 9142 9155 9160 9110 9067 9049 9054 9048 9039 9030 9022 9017 9015 9017 9021 9024 9025 9029 9041 9038 9035 9035 9067 9065 9062 9052 9041 9043 9059 9077 9080 9069 9060 9046 9049 9056 9065 9072 9081 9080
9137 9115 9114 9107 9099 9082 9059 9038 9027 9019 9004 8987 8975 8982 8981 8982 8984 8984 8984 8980 8977 8972 8967 8971 8982 8996 9008 9014 9021 9031 9048 9074 9102 9108 9088 9097 9107 9119 9122 9102 9096 9113 9114 9106 9133 9145 9141 9109 9075 9064 9077 9061 9044 9027 9014 9016 9017 9016 9016 9020 9027 9033 9040 9046 9051 9058 9077 9074 9067 9055 9046 9052 9064 9078 9098 9088 9072 9057 9055 9061 9073 9090 9106 9094
9135 9140 9123 9106 9094 9077 9062 9046 9028 9013 8998 8987 8980 8978 8984 8989 8990 8991 8990 8990 8989 8988 8988 8991 8999 9014 9028 9028 9034 9044 9063 9082 9087 9100 9090 9086 9089 9107 9120 9117 9123 9121 9120 9126 9129 9131 9121 9104 9082 9077 9083 9068 9050 9033 9022 9021 9023 9017 9013 9015 9026 9036 9042 9049 9064 9080 9080 9073 9067 9059 9054 9072 9075 9081 9101 9115 9108 9074 9063 9068 9082 9100 9113 9110
9119 9126 9114 9095 9076 9061 9059 9055 9029 9007 8993 8987 8984 8981 8989 8997 9002 9002 9002 9003 9004 9007 9015 9011 9012 9018 9028 9038 9047 9056 9064 9071 9073 9077 9077 9076 9077 9089 9098 9110 9115 9117 9116 9115 9121 9123 9118 9103 9085 9075 9077 9068 9055 9043 9035 9027 9020 9018 9017 9026 9038 9044 9046 9052 9066 9073 9073 9067 9059 9054 9073 9070 9068 9083 9101 9118 9144 9095 9076 9080 9092 9109 9119 9106
9105 9104 9101 9083 9056 9036 9040 9041 9023 9005 8992 8986 8987 8995 9004 9010 9013 9014 9015 9016 9017 9018 9019 9022 9021 9023 9032 9040 9047 9052 9058 9063 9066 9063 9063 9067 9073 9080 9088 9091 9098 9105 9110 9115 9116 9117 9117 9104 9083 9068 9068 9064 9055 9046 9035 9031 9027 9027 9031 9049 9055 9055 9061 9069 9071 9068 9066 9068 9062 9056 9072 9074 9070 9088 9104 9114 9141 9113 9091 9090 9100 9112 9118 9102
9101 9120 9106 9083 9055 9029 9021 9017 9018 9007 8996 8999 9007 9021 9026 9025 9024 9024 9025 9026 9027 9027 9026 9028 9028 9028 9039 9041 9045 9049 9054 9058 9060 9058 9060 9062 9065 9069 9074 9077 9084 9094 9100 9104 9108 9110 9109 9099 9081 9065 9064 9060 9055 9050 9039 9040 9036 9039 9054 9048 9053 9059 9068 9078 9080 9086 9083 9078 9078 9084 9087 9089 9090 9099 9115 9134 9147 9119 9105 9111 9112 9113 9118 9098
9130 9142 9121 9097 9073 9056 9049 9040 9031 9020 9012 9022 9031 9040 9043 9038 9034 9033 9034 9036 9038 9037 9036 9037 9037 9041 9038 9038 9040 9044 9047 9051 9055 9057 9058 9056 9053 9052 9061 9066 9076 9084 9090 9095 9098 9099 9098 9092 9079 9068 9062 9059 9055 9053 9061 9050 9040 9040 9043 9040 9047 9057 9067 9073 9080 9086 9086 9088 9093 9098 9098 9099 9103 9106 9126 9154 9155 9124 9116 9137 9128 9121 9108 9074
9137 9142 9137 9120 9097 9076 9085 9071 9054 9043 9037 9042 9045 9050 9051 9043 9041 9041 9041 9043 9047 9051 9051 9048 9043 9033 9034 9033 9035 9037 9041 9044 9049 9054 9053 9052 9050 9051 9053 9060 9071 9074 9080 9085 9088 9086 9082 9077 9073 9070 9062 9057 9051 9046 9042 9033 9027 9021 9025 9035 9045 9055 9064 9077 9080 9070 9084 9094 9101 9107 9109 9114 9114 9116 9133 9162 9161 9123 9123 9147 9133 9129 9090 9020
9150 9154 9159 9144 9126 9108 9085 9080 9071 9065 9058 9048 9046 9045 9042 9039 9040 9043 9047 9050 9055 9059 9060 9058 9058 9053 9038 9032 9031 9032 9034 9038 9041 9041 9047 9047 9045 9042 9040 9040 9046 9058 9067 9077 9084 9072 9060 9049 9060 9068 9063 9053 9045 9037 9025 9016 9014 9010 9019 9036 9043 9052 9062 9073 9086 9082 9089 9099 9109 9117 9114 9123 9123 9126 9139 9160 9176 9132 9129 9139 9113 9083 9069 9057
9159 9194 9184 9165 9151 9142 9109 9090 9085 9084 9087 9059 9046 9036 9030 9032 9037 9043 9049 9056 9060 9061 9063 9064 9064 9057 9042 9031 9026 9026 9030 9033 9036 9038 9045 9041 9038 9032 9028 9024 9029 9040 9050 9058 9062 9054 9046 9042 9049 9054 9051 9045 9039 9032 9024 9017 9012 9008 9011 9027 9040 9050 9060 9070 9075 9093 9090 9100 9113 9124 9130 9131 9133 9134 9139 9155 9159 9141 9139 9137 9100 9081 9068 9055
9167 9202 9189 9172 9159 9146 9108 9097 9092 9090 9089 9069 9049 9035 9024 9029 9038 9045 9054 9061 9066 9063 9067 9065 9058 9048 9031 9018 9018 9021 9023 9027 9031 9032 9030 9034 9032 9028 9023 9021 9020 9027 9033 9035 9033 9035 9037 9045 9040 9038 9039 9036 9032 9029 9027 9026 9016 9011 9013 9025 9039 9051 9062 9067 9069 9072 9084 9095 9109 9136 9148 9148 9144 9145 9150 9154 9158 9135 9139 9125 9084 9072 9066 9045
9173 9165 9174 9168 9157 9140 9113 9103 9093 9085 9077 9065 9050 9038 9027 9034 9042 9049 9057 9065 9076 9086 9076 9068 9057 9044 9027 9015 9014 9016 9020 9022 9025 9028 9031 9028 9026 9024 9019 9016 9016 9018 9019 9019 9016 9020 9027 9032 9037 9035 9031 9028 9027 9026 9025 9026 9016 9013 9017 9028 9042 9055 9066 9071 9069 9072 9079 9089 9099 9114 9160 9148 9149 9156 9158 9155 9142 9141 9124 9096 9066 9084 9049 9029
9170 9179 9162 9158 9149 9140 9134 9109 9091 9077 9066 9053 9049 9046 9047 9047 9049 9054 9060 9068 9077 9082 9079 9071 9066 9047 9029 9014 9015 9017 9018 9019 9019 9020 9020 9020 9021 9020 9017 9014 9013 9014 9012 9010 9008 9012 9018 9023 9033 9030 9020 9022 9025 9024 9021 9013 9011 9010 9024 9033 9045 9056 9069 9082 9075 9064 9076 9089 9103 9129 9150 9143 9151 9158 9166 9159 9161 9119 9111 9091 9056 9058 9038 9023
