real_craters/C182-300m.grd
DSAA
516 516
-77.1925 77.1925
-77.1925 77.1925
6824.9316022647 9613.5006644682
[rows 270 to 299 of 516, columns 134 to 200 of 516]
8820.72 8830.51 8841.07 8847.94 8857.3 8866.83 8877.51 8890.13 8901.05 8899.43 8900.73 8903.44 8905.94 8908.26 8909.73 8911.89 8911.54 8910.93 8913.37 8913.47 8896.93 8884.54 8890.12 8904.28 8921.08 8939.08 8956.17 8962.22 8962.27 8961.63 8961.64 8959.54 8958 8953.4 8949.13 8946.26 8944.27 8943.49 8942.97 8941.07 8938.57 8934.6 8931.09 8927.89 8927.52 8938.39 8972.7 9010.71 9055.15 9079.16 9087.39 9091.03 9070.98 9018.8 8944.8 8859.35 8770.29 8681.85 8601.2 8535.39 8492.06 8457.74 8416.56 8380.09 8339.52 8286.46 8220.28
8831.77 8838.58 8845.86 8851.4 8859.75 8868 8875.9 8882.22 8884.94 8891.52 8897.05 8900.85 8903.39 8905.56 8906.79 8906.11 8905.16 8904.99 8904.16 8899.52 8885.35 8881.65 8894.44 8914.42 8935.05 8953.93 8969.43 8970.29 8968.46 8967.44 8968.6 8970.8 8966.2 8959.99 8955.74 8953.68 8952.8 8953.93 8953.54 8950.07 8945.97 8940.42 8935.57 8932.66 8935.28 8949.35 8965.98 8982.28 9015.63 9048.93 9073.87 9100.03 9101.84 9053.1 8980.83 8893.65 8803.14 8712.54 8626.2 8549.49 8501.23 8464.96 8427.31 8397.14 8370.51 8313.82 8248.05
8833.12 8841.59 8848.48 8853.6 8861.18 8868.45 8874.09 8876.13 8876.39 8886.53 8894.36 8899.43 8901.01 8902.15 8902.17 8902.33 8900.92 8897.88 8892.11 8886.96 8876.54 8878.13 8898.14 8922.53 8951.16 8975.02 8978.53 8972.44 8968.2 8966 8967.54 8974.28 8968.03 8962.25 8959.98 8959.61 8961.28 8961.88 8960.19 8961.68 8956.23 8950.09 8944.55 8940.62 8942.46 8949.72 8956.07 8966.55 8995.18 9030.74 9071.17 9130.48 9152.77 9090.01 9014.25 8926.95 8835.75 8744.22 8655.69 8574.9 8521.3 8483.29 8448.89 8422.16 8400.62 8337.75 8263.64
8833.24 8841.7 8847.1 8854.6 8862.33 8869.66 8875.55 8879.95 8885.35 8891.56 8896.89 8899.85 8902.13 8902.44 8901.62 8901.28 8898.76 8895.57 8891.65 8885.22 8883.19 8885.86 8903.25 8924.28 8947.8 8962.81 8966.26 8964.3 8960.56 8957.12 8954.48 8952.74 8957.48 8959.06 8961.08 8964.26 8968.65 8975.7 8983.79 8977.13 8967 8959.5 8952.07 8948.05 8946.03 8945.34 8949.43 8957.39 8985.87 9019.85 9058.63 9132.27 9164.11 9114.44 9042.03 8958.59 8868.75 8778.24 8691.04 8612.01 8552.25 8507.26 8468.94 8436.28 8398.24 8345.01 8281.01
8831.96 8839.65 8846.02 8854.35 8863 8871.28 8878.88 8885.52 8892.49 8897.63 8901.03 8902.88 8903.65 8902.7 8901.87 8899.74 8897.1 8895.7 8895.14 8899.43 8910.91 8903.24 8907.02 8917.12 8933.91 8945.71 8949.25 8949.68 8948.14 8945.34 8941.04 8938.29 8947.18 8954.53 8960.7 8966.2 8972.12 8980.12 8990 8980.99 8971.21 8964.22 8957.36 8952.94 8949.83 8948.55 8950.86 8962.62 8989.55 9021.02 9051.37 9109.71 9151.78 9127.4 9063.57 8984.68 8897.56 8809.75 8725.43 8649.43 8585.75 8532.52 8484.91 8438.38 8400.38 8363.43 8326.48
8822.68 8835.18 8843.37 8853.28 8863.02 8872.69 8881.75 8890.38 8897.28 8902.77 8905.37 8905.11 8903.44 8900.37 8898.57 8896.88 8896.88 8894.99 8898.33 8909.28 8916.74 8910.95 8902.76 8900.44 8903.85 8921.88 8929.41 8932.04 8933.43 8933.95 8933.93 8935.92 8943.63 8951.75 8959.12 8965.81 8971.17 8974.89 8973.98 8973.15 8970.48 8965.82 8961.41 8957.22 8953.79 8954.11 8957.5 8973.33 9006.88 9045.09 9088.24 9163.69 9187.95 9149.76 9085.22 9008.07 8923.45 8838.16 8755.16 8679.86 8613.85 8558.39 8509.34 8464.02 8427.81 8400.21 8377.74
8819.23 8831.62 8841.02 8851.84 8862.4 8873.13 8884.46 8895.08 8905.01 8911.12 8909.94 8906.56 8903.01 8899.83 8896.81 8894.51 8891.94 8890.9 8892.85 8896.83 8899.83 8899.65 8888.64 8878.54 8877.3 8897.35 8905.71 8912.12 8917.92 8923.29 8929.35 8935.81 8942.73 8950.99 8958.89 8966.43 8970.96 8972.81 8971.71 8972.14 8972.27 8967.82 8963.78 8959.8 8957.07 8960 8967.1 8990.47 9035.62 9085.62 9147.58 9228.62 9228.99 9176.43 9109.08 9032.45 8949.67 8865.05 8781.97 8703.32 8636.09 8583.76 8540.11 8503.5 8464.51 8438.52 8424.01
8816.93 8829.97 8838.81 8849.57 8860.94 8872.28 8884.13 8896.6 8908.8 8915.04 8912.01 8906.33 8900.55 8895.98 8891.95 8889.35 8887.57 8885.48 8887.14 8886.93 8884.11 8883.23 8870.24 8853.24 8846.78 8860.95 8878.21 8891.36 8902.87 8912.66 8922.42 8932.09 8941.61 8950.84 8959.77 8967.63 8973.47 8976.41 8977.79 8977.61 8976.15 8973.29 8969.31 8965.46 8963.3 8967.79 8983.87 9016.61 9073.25 9124.82 9176.58 9254.82 9241.01 9193.35 9129.17 9055.32 8975.36 8892.65 8809.43 8727.49 8657.11 8609.87 8571.43 8537.08 8503.1 8479.68 8464.33
8820.84 8830.18 8837.93 8847.91 8858.16 8869.09 8880.5 8893.04 8906.43 8915.33 8909.17 8901.48 8895.59 8890.55 8887.03 8884.68 8882.17 8879.49 8882.37 8882.26 8881.44 8874.16 8851.51 8827.23 8816.75 8832.35 8854.36 8873.39 8889.65 8903.47 8914.99 8927.71 8940.66 8952.67 8963.18 8972.04 8979.04 8983.25 8985.98 8986.47 8985.3 8982.59 8978.64 8974.18 8972.27 8977.83 9015.07 9057.65 9119.79 9179.75 9211.31 9223.04 9233.95 9200.96 9144.33 9075.54 8999.42 8919.5 8839.6 8759.74 8689.99 8644.68 8605.33 8570.94 8543.85 8541.03 8529.37
8823.73 8830.49 8836.41 8844.55 8853.48 8863.16 8873.45 8883.92 8894.67 8901.68 8897.29 8891.85 8888.67 8885.7 8882.7 8879.93 8876.29 8869.82 8862.11 8852.65 8854.02 8846.89 8825.94 8805.43 8798.97 8816 8839.87 8862.34 8881.74 8897.96 8911.52 8926.79 8942.16 8956.13 8968.42 8978.8 8987.04 8992.46 8996.53 8996.83 8997.79 8996.09 8991.43 8985.26 8982.23 8993.88 9058.95 9099.48 9158.38 9241.71 9281.73 9254.44 9241.27 9206.85 9152.81 9088.76 9018.88 8945.13 8871.41 8799.72 8735.57 8686.8 8644.96 8608.16 8579.18 8568.5 8553.18
8821.23 8827.52 8832.03 8838.92 8846.87 8855.24 8863.4 8870.69 8875.76 8878.11 8879.35 8879.16 8878.64 8877.3 8875.96 8873.21 8870.08 8862.81 8853.17 8840.54 8836.94 8819.62 8801.33 8792.65 8792.2 8809.52 8835.18 8858.26 8879.12 8896.95 8912.96 8929.5 8946.05 8961.05 8975.24 8987.11 8997.93 9006.37 9011.29 9009.64 9016.51 9015.36 9009.26 9000.47 8993.13 8992.86 9040 9092.97 9151.05 9238.05 9304.66 9297.94 9258.47 9214.29 9160.53 9100.82 9035 8969.16 8903.83 8839.14 8780.14 8731.89 8691.1 8654.34 8620.28 8587.81 8566.22
8816.17 8819.76 8825.78 8833.18 8840.16 8846.35 8853.28 8857.82 8859.39 8858.35 8861.29 8865.82 8867.83 8868.02 8868.68 8867.47 8865.57 8862.13 8859.34 8858.32 8840.47 8809.43 8789.67 8790.21 8800.9 8818.61 8839.8 8860.55 8880.39 8899.63 8918.01 8934.42 8951.15 8967.19 8982.48 8997.17 9011.12 9024.42 9035.73 9044.64 9047.22 9040.86 9032.33 9022.05 9012.65 9010.22 9029.14 9066.47 9098.55 9143.7 9247.09 9295.67 9254.77 9209.54 9158.74 9105.22 9048.11 8990.85 8935.03 8878.95 8827 8780.65 8740.69 8704.18 8671.21 8630.87 8604.22
8809.39 8813.4 8820.1 8826.77 8833.4 8839.37 8844.49 8847.63 8847.41 8845.59 8849.35 8855.49 8858.62 8860.08 8860.33 8860.33 8859.85 8856.69 8861 8860.56 8829.39 8792.5 8782.28 8796.82 8823.37 8835.82 8848.84 8865.43 8883.76 8902.77 8921.21 8938.66 8956.34 8974.17 8991.47 9007.86 9024.93 9042.31 9061.06 9084.05 9079.07 9068.12 9058.86 9049.39 9040.97 9039.2 9048.53 9057.85 9049.88 9040.32 9141.67 9233.33 9226.09 9192.5 9151.42 9106.34 9058.29 9011.47 8965.88 8919.42 8875.14 8832.86 8793.96 8753.19 8710.76 8688.84 8667.34
8801.7 8806.04 8812.8 8818.3 8824.63 8830.42 8835.45 8838.91 8840.11 8840.29 8842.88 8848.58 8851 8852.05 8851.57 8849.07 8847.79 8847.15 8849.24 8851.22 8802.94 8778.07 8777.49 8798.42 8823.95 8841.84 8855.03 8869.8 8886.54 8905.45 8924.53 8942.15 8960.6 8979.84 8998.96 9017.48 9037.31 9056.47 9073.91 9089.78 9092.6 9092.04 9089.46 9082.46 9074.84 9071.38 9074.5 9072.6 9051.13 9034.96 9107.8 9178.91 9184.35 9165.48 9136.04 9102.8 9070.25 9034.66 9000.18 8963.78 8927.11 8892.62 8856.2 8815.51 8771.49 8771.97 8749.84
8792.76 8797.4 8804.61 8811.25 8816.86 8822.78 8828.24 8832.42 8835.43 8839.47 8842.85 8843.82 8844.22 8843.34 8841.85 8839.75 8836.29 8830.35 8823.5 8802.95 8775.25 8767.4 8775.21 8801.1 8826.6 8842.27 8856.59 8871.14 8887.21 8904.63 8924.31 8943.22 8963.56 8984.51 9005.77 9026.58 9048.14 9067.71 9083.47 9090.58 9104.25 9116.47 9119.28 9118.12 9114.78 9114.45 9118.7 9113.99 9088.63 9080.08 9127.16 9141.01 9145.63 9137.64 9124.4 9104.34 9084.22 9059.69 9035.1 9008.3 8982.83 8959.88 8926.28 8893.91 8860.92 8852.88 8797.25
8782.93 8788.57 8796.41 8803.56 8810.08 8816.23 8821.9 8826.05 8830.84 8836.25 8839.44 8838.73 8837.82 8836.93 8834.76 8829.34 8823.53 8814.1 8800.97 8782.96 8767.17 8764.07 8774.81 8805.27 8826.37 8841.06 8855.04 8869.79 8885.76 8901.29 8919.99 8943.45 8966.8 8989.09 9011.79 9034.3 9057.49 9078.86 9098.88 9120.02 9136.11 9143.39 9149.4 9153.5 9154.6 9148.86 9160.04 9170.25 9121.8 9085.4 9079.97 9098.46 9112.82 9115.6 9111.99 9104.69 9098.84 9084.63 9068.41 9049.43 9030.64 9014.35 8989.5 8970.84 8968.7 8919.77 8822.64
8775.93 8780.73 8788.99 8796.05 8802.68 8808.93 8814.9 8820.2 8825.15 8827.94 8829.17 8831.96 8830.9 8828.34 8824.63 8819.78 8810.56 8801.67 8788.26 8775.42 8764.83 8761.25 8773.58 8801.05 8824.01 8835.56 8850.39 8866.61 8884.72 8903.78 8923.66 8945.99 8969.53 8992.73 9016.23 9039.97 9065.12 9088.24 9111.49 9136.75 9156.28 9165.39 9175 9183.72 9187.03 9167.22 9169.94 9175.7 9124.75 9075.24 9053.7 9063.74 9085.25 9099.52 9106.21 9108.12 9105.09 9101.35 9095.99 9086.37 9072.64 9054.2 9038.34 9018.06 8999.66 8948.16 8867.12
8770.63 8774.52 8781.62 8788.09 8794.47 8800.6 8806.64 8812.69 8818.59 8823.85 8827.94 8827.67 8823.17 8818.94 8814.65 8809.72 8801.81 8794.06 8783.14 8770.63 8761.44 8762.59 8763.06 8781.96 8807.54 8823.54 8841.59 8861.18 8882.45 8906.57 8927.7 8948.65 8971.55 8995.34 9019.67 9045.54 9069.6 9094.52 9117.89 9141.01 9160.46 9177.5 9193.06 9205.42 9205.24 9168.16 9151.52 9136.84 9107.47 9061.27 9033.95 9038.6 9059.77 9076.69 9090.83 9100.21 9105.44 9111.88 9116.36 9117.42 9115.3 9106.44 9081.44 9043.12 8998.14 8955.26 8909.6
8766.09 8769.2 8774.77 8780.87 8786.4 8791.86 8797.63 8803.45 8810.03 8817.66 8825.45 8821.05 8814.01 8808.74 8803.5 8799.87 8795.29 8791.63 8787.91 8775.95 8767.29 8761.7 8759.6 8767.54 8787.8 8808.33 8830.36 8853.01 8876.85 8902.01 8925.25 8947.95 8971.53 8995.59 9020.77 9047 9072.08 9096.73 9121.48 9143.07 9160.97 9184.01 9203.11 9217.73 9222.12 9162.97 9138.85 9113.4 9095.09 9054.64 9022.29 9024.49 9037.34 9055.42 9074.58 9089.99 9111.6 9124.46 9137.34 9146.31 9153.52 9149.41 9118.19 9063.85 9004.58 8962.29 8933.15
8760.67 8764.95 8769.46 8774.05 8778.61 8783.03 8788.49 8793.21 8798.23 8803.43 8807.63 8804.68 8800.36 8797.16 8795.11 8790.75 8789.75 8788.63 8784.44 8783.29 8780.86 8766.87 8759.37 8755.42 8772.24 8795.29 8820.19 8845.27 8869.8 8895.36 8921.16 8946.57 8972.21 8998.14 9023.85 9049.6 9075.53 9100.85 9123.81 9147.43 9167.76 9188.9 9205.88 9216.46 9215.87 9179.6 9147.35 9115.91 9088.93 9041.63 9013.98 9015.29 9034.53 9054 9076.05 9097.8 9120.51 9140.28 9157.75 9173.81 9185.27 9182.92 9148.33 9085.92 9021.6 8970.14 8926.67
8757.67 8760.65 8763.94 8767.58 8771.2 8774.67 8778.14 8781.49 8784.05 8785.34 8782.94 8783.13 8784.76 8784.9 8784.86 8783.38 8784.87 8786.67 8785.5 8786.37 8784.49 8761.9 8752.3 8748.09 8764.84 8787.92 8814.1 8839.99 8864.04 8888.5 8917.46 8945.22 8972.01 8998.65 9024.96 9051.16 9077.51 9103.31 9128.92 9153.96 9176.23 9195.19 9205.83 9207.22 9207.07 9199.64 9163.64 9129.61 9098.8 9041.74 9012.2 9014.66 9035.83 9059.44 9084.03 9112.93 9137.97 9163 9184.93 9204.21 9214.51 9211.13 9175.7 9107.74 9031.98 8968.67 8920.44
8754.66 8756.04 8758.88 8761.46 8763.94 8766.26 8769.02 8770.58 8771.02 8770.27 8768.72 8769.82 8771.69 8773.35 8775.52 8776 8778.5 8782.99 8789.19 8780.17 8770.69 8750.37 8745.14 8746.9 8764.17 8786.34 8812.6 8839.03 8863.61 8886.51 8916.61 8944.09 8970.19 8997.55 9023.17 9049.44 9076.02 9102.9 9130.5 9156.57 9184.26 9200.43 9209 9204.45 9202.29 9201.61 9171.84 9140.95 9111.09 9050.26 9014.81 9018.17 9040.13 9066.76 9094.88 9124.56 9155.25 9183.59 9210.22 9231.25 9246.05 9246 9213.4 9137.47 9051.82 8980.77 8927.08
8751.84 8750.76 8752.98 8754.8 8756.83 8758.91 8759.59 8759.79 8759.3 8756.91 8758.74 8759.67 8759.02 8762.01 8764.34 8767.62 8769.85 8771.11 8770.27 8766.71 8756.85 8745.64 8744.06 8749.49 8767.41 8789.36 8815.5 8843.6 8871.37 8895.38 8921.43 8945.86 8970.45 8995.89 9021.93 9048.29 9074.62 9100.65 9126.96 9151.4 9173.94 9193.76 9215.23 9229.88 9207.77 9185.08 9172.27 9148.14 9110.05 9045.71 9016.37 9028.66 9050.53 9078.16 9107.94 9141.1 9172.59 9203.49 9231.57 9257.39 9273.84 9277.82 9251.83 9179.13 9104.88 9040.72 8967.65
8746.72 8744.8 8746.64 8748.81 8750.1 8750.24 8750.06 8748.97 8747.39 8743.24 8740.62 8739.23 8744.61 8751.73 8756.89 8761.05 8761.97 8760.86 8759.67 8756.04 8748.76 8745.87 8746.93 8753.8 8773.24 8795.05 8820.38 8848.99 8882.17 8910.28 8925.96 8946.72 8970.31 8994.33 9020.22 9045.96 9071.85 9096.18 9120.9 9144.05 9161.93 9184 9210.87 9240.58 9204.07 9184.19 9177.33 9159.19 9118.94 9040.7 9022.17 9037.35 9059.52 9086.78 9117.01 9148.98 9185.17 9217.32 9248.79 9275.66 9293.09 9297.96 9271.9 9209.1 9145.67 9098.23 9021.84
8742.34 8740.48 8741.37 8742.52 8743.32 8743.35 8742.6 8740.4 8737.59 8732.78 8726.93 8723.23 8734.32 8745.66 8753.12 8758.72 8759.63 8755.52 8753.85 8751 8746.85 8748.83 8754.3 8760.43 8782.11 8803.32 8825.79 8849.45 8878.31 8904.69 8921.91 8944.26 8967.93 8992.15 9017.38 9042.91 9068.26 9092.68 9116.78 9138.78 9163.82 9185.76 9191.6 9186.47 9216.63 9206.75 9186.37 9163.93 9124.3 9056.67 9036.59 9047.87 9066.8 9089.54 9119.23 9154.34 9191.04 9224.76 9258.51 9287.7 9309.64 9318.39 9296.27 9237.96 9172.89 9114.12 9049.02
8740.11 8737.25 8738.13 8739.23 8739.78 8739.81 8739.28 8737.26 8734.39 8729.93 8725.85 8723.97 8733.71 8745.13 8753.88 8762.18 8765.99 8760.56 8757.48 8754.6 8750.19 8755.19 8768.1 8779.64 8799.23 8815.82 8832.09 8847.24 8862.08 8885.6 8913.06 8937.63 8962.61 8986.62 9011.44 9035.28 9059.52 9085.29 9108.27 9131.49 9149.83 9165.46 9184.24 9180.35 9211.43 9210.74 9189.16 9160.13 9123.29 9074.16 9053.63 9056.62 9070.66 9091.68 9122.55 9154.04 9188.57 9225.84 9259.8 9293.63 9321.7 9339.74 9332.5 9266.74 9197.8 9130.97 9065.08
8738.02 8741.51 8734.93 8736.79 8737.47 8737.66 8737.22 8736.01 8734.52 8731.72 8731.14 8733.78 8739 8747.29 8756.68 8768.13 8780.15 8788.24 8775.11 8762.16 8753.88 8758.24 8787.16 8808.92 8820.84 8830.58 8840.91 8850.07 8860.34 8881.49 8909.41 8934.39 8958.73 8982.5 9006.73 9029.85 9053.32 9076.26 9098.42 9120.79 9142.64 9166.39 9194.37 9220.15 9213.54 9203.32 9183.71 9159.94 9135.27 9091.4 9061.02 9060.22 9071.79 9091.43 9122.09 9151.68 9185.69 9218.52 9253.16 9290.25 9324.58 9354.95 9365 9309.91 9234.66 9157.43 9077.52
8736.28 8738.51 8731.77 8733.01 8734.1 8735.17 8735.7 8735.41 8734.76 8733.84 8735.74 8739.08 8742.61 8749.37 8758.01 8769.99 8786.71 8813.38 8786.66 8766.31 8754.95 8762.06 8804.47 8825.73 8835.33 8845.52 8852.39 8858.53 8863.52 8885.05 8910.98 8935.59 8959.75 8982.98 9005.76 9028.38 9049.58 9071.3 9091.81 9111.18 9133.84 9159.22 9181.32 9195.18 9207.1 9187.73 9166.21 9144.12 9102.41 9063.81 9051.44 9052.76 9065.16 9084.08 9110.91 9141.71 9174.16 9210.33 9245.14 9281.66 9316.52 9354.6 9382.69 9353.68 9276.25 9200.01 9121.84
8733.58 8735.58 8728.82 8730.17 8731.9 8733.01 8735.56 8736.79 8737.17 8737.76 8738.02 8738.55 8742.26 8749.3 8756.39 8763.76 8771.95 8779.83 8774.81 8762.05 8752.21 8757.94 8798.1 8825.15 8854.2 8857.1 8863.03 8872.11 8883.06 8898.71 8917.4 8939.14 8960.88 8982.11 9001.22 9021.43 9040.53 9061.25 9079.58 9099.34 9117.83 9131.07 9148.56 9156.36 9168.81 9155.79 9135.39 9108.95 9074.35 9033.84 9031.82 9039.47 9054.25 9073.32 9101.01 9124.26 9154.52 9189.34 9223.21 9257.75 9291.86 9326.21 9355.01 9352.6 9290.6 9231.65 9181.84
8733.02 8734.96 8735.19 8727.09 8728.85 8731.86 8734.36 8736.3 8738.25 8741.45 8741.82 8740.73 8743.44 8750.86 8753.89 8755.33 8752.53 8750.14 8757.63 8755.14 8750.05 8750.73 8774.92 8808.79 8846.13 8858.45 8867.1 8882.36 8903.45 8910.3 8923.58 8940.61 8959.31 8978.02 8995.35 9012.26 9031.69 9049.99 9065.07 9082.68 9101.23 9119.12 9131.63 9130.77 9125.15 9114.67 9096.76 9073.65 9034.24 9005.88 9009.06 9021.62 9039.42 9060.75 9080.59 9105.64 9138.63 9167.14 9194.32 9224.13 9251.29 9276.18 9294.36 9295.34 9262.56 9224.3 9175.2
