real_craters/C182-500m.grd
DSAA
310 310
-77.1925 77.1925
-77.1925 77.1925
6827.922282242 9596.3631904615
[rows 30 to 59 of 310, columns 201 to 267 of 310]
9075.12 9061.29 9054.33 9045.46 9036.68 9033.87 9034.6 9037.72 9041.27 9041.52 9039.36 9037.67 9036.98 9036.18 9035.28 9027.44 9015.57 9025.46 9023.73 9012.88 8998.77 8980.69 8958.8 8934.78 8970.55 9041 9031.97 9020.17 9045.77 9041.77 9038.86 9041.14 9054.19 9077.02 9088.07 9089.31 9069.79 9053.87 9030.85 9021.98 9024.83 9029.85 9031.91 9036.33 9040.33 9045.47 9044.3 9040.29 9040.78 9045 9045.69 9045.59 9049.49 9052.2 9049.89 9048.5 9045.62 9039.74 9033.87 9031.97 9029.13 9020.41 9016.78 9006.31 8993.85 8979.07 8962.99
9082.77 9071.63 9055.52 9042.21 9031.23 9027.47 9034.26 9044.42 9057.63 9047.84 9040.87 9036.22 9032.88 9029.67 9024.98 9022.78 9022.37 9026.66 9025.59 9015.82 9003.14 8988.17 8968.25 8943.35 8969.94 9017.39 9019.66 9011.31 9033.73 9038.99 9038.5 9040.33 9055.02 9080.42 9094.04 9101.37 9101.23 9086.16 9050.09 9029.86 9027.99 9031.21 9034.94 9035.9 9042.85 9049.44 9046.58 9039.8 9033.44 9042.17 9045.1 9046.49 9051.02 9053.27 9050.12 9046.29 9041.31 9035.43 9030.2 9027.03 9026.14 9020.82 9011.25 9000.04 8987.23 8972.35 8957.11
9080.26 9068.53 9054.06 9040.24 9026.35 9023.94 9033.63 9041.68 9046.73 9043.79 9038.21 9033.6 9029.27 9025.47 9022.93 9022.67 9023.82 9027.59 9026.65 9018.7 9010.72 9003.98 9000.9 8999.5 8994.8 9001.71 9016.15 9026.62 9033.1 9037.01 9038.76 9038.55 9048.17 9067.85 9083.2 9093.24 9096.36 9090.99 9066.31 9038.88 9034.35 9037.36 9041.06 9044.94 9046.74 9047.86 9045.55 9039.82 9035.8 9042.74 9045.38 9044.67 9049.87 9051.71 9049.41 9045.24 9039.8 9033.42 9027.73 9026.1 9023.74 9017.03 9006.56 8994.3 8980.82 8966.2 8950.77
9070.75 9061.55 9050.19 9040.98 9036.68 9037.49 9034.41 9035.91 9036.79 9034.91 9032.68 9029.45 9025.68 9021.9 9020 9023.26 9025.32 9025.12 9022.21 9021.29 9017.63 9018.19 9027.74 9047.13 9024.95 9012.14 9020.26 9034.25 9034.72 9038.33 9042.25 9049.06 9043.46 9051.74 9066.06 9078.94 9083.84 9084.13 9079.35 9051.46 9041.73 9043.9 9048.32 9049.04 9052.05 9050.95 9048.17 9043.12 9039.84 9047.36 9048.52 9048.18 9049.11 9049.93 9049.23 9045.51 9040.26 9034.64 9031.72 9027.56 9022.84 9014.28 9002.62 8989.63 8976.09 8961.05 8947.13
9058.43 9051.14 9044.69 9039.39 9036.14 9033.21 9031.38 9030.14 9027.67 9027.13 9027.23 9025.88 9023.48 9019.86 9018.71 9023.52 9025.33 9026.6 9034.94 9021.75 9019.58 9021.56 9027.93 9036.03 9014.38 9012.28 9024.17 9030.93 9035.12 9040.05 9041.03 9040.14 9040.28 9041.73 9051.42 9067.76 9078.39 9076.05 9081.43 9056.65 9047.55 9051.18 9056.27 9059.72 9059.32 9058.78 9054.05 9049.59 9048.75 9055.16 9054.19 9053.8 9055.34 9055.37 9052.29 9046.4 9040.07 9033.81 9028 9023.61 9017.18 9009.13 8998 8985.47 8971.56 8957.46 8942.26
9041.95 9040.97 9039.52 9036.55 9032.5 9028.35 9027.13 9025.99 9025.82 9025.05 9023.58 9023.21 9022.99 9022.59 9022.74 9026.38 9024.92 9020.14 9011.15 9016.71 9020.06 9019.54 9016.58 9007.71 9011.71 9021.08 9033.11 9044.45 9051.24 9046.29 9039.74 9033.21 9028.69 9048.66 9052.43 9063 9065.59 9066.53 9081.52 9060.3 9053.61 9055.97 9059.21 9062.22 9062.34 9062.81 9059.24 9057.15 9060.37 9063.77 9060.21 9059.52 9060.99 9061.89 9055.09 9047.17 9039.21 9032.06 9026.54 9016.67 9006.73 9002.9 8992.58 8978.96 8964.91 8951.51 8938.89
9034.95 9037.73 9038.19 9035.52 9031.4 9026.73 9024.57 9022.48 9020.47 9018.54 9019.97 9021.45 9023.41 9026.39 9026.96 9025.09 9024.17 9021.36 9017.82 9021.1 9023.57 9021.79 9018.64 9022.24 9035.59 9040.98 9046.81 9052.96 9060.87 9052.11 9037.19 9029.36 9033.42 9050.3 9064.36 9067.23 9065.49 9063.74 9080.31 9063.46 9055.92 9056.37 9053 9054.79 9059.66 9062.25 9062.58 9062.79 9067.24 9069.51 9066.23 9067.57 9072.26 9065.16 9056.46 9047.91 9038.31 9028.27 9017.39 9007.34 9019.04 9004.49 8989.29 8975.86 8962.24 8949.05 8936.38
9044.43 9044.38 9041.61 9037.05 9031.9 9027.74 9023.12 9019.5 9017.23 9016.43 9017.27 9019.37 9022.2 9025.33 9025.66 9024.21 9025.98 9028.34 9031.94 9034.22 9031.87 9029.33 9026.43 9034.75 9059.72 9060.92 9059.21 9059.18 9057.94 9050.5 9040.41 9037.27 9044.62 9056.22 9072.53 9075.31 9075.82 9068 9074.11 9059.33 9049.59 9047.79 9048.13 9052.01 9058.29 9063.19 9066.76 9067.97 9073.87 9077.18 9075.04 9075.95 9076.28 9065.89 9058.77 9048.21 9035.6 9023.95 9013.9 9006.52 9011.57 8997.51 8982.84 8969.71 8957.41 8944.59 8933.5
9064.56 9056.78 9048.78 9040.38 9032.46 9025.88 9019.89 9016.94 9015.23 9013.82 9015.67 9017.46 9019.46 9022.43 9022.75 9021.61 9027.98 9033.63 9041.94 9042.67 9040.68 9040.59 9044.2 9054.26 9067.94 9070.35 9067.36 9063.55 9057.4 9049.23 9042.73 9042.2 9048.69 9061.11 9074.03 9081.22 9086.12 9082.36 9074.2 9062.29 9049.44 9046.84 9050.72 9055.2 9060.38 9067.21 9074.45 9079.97 9087.46 9087.05 9081.01 9082.6 9082.61 9077.67 9065.7 9049.13 9032.01 9015.84 9002.1 8987.76 8982.66 8979.6 8971.47 8961.04 8950.64 8940.29 8930.7
9076.84 9067.06 9055.66 9044.2 9032.94 9020.66 9014.49 9015.79 9016.41 9017.13 9016.73 9016.03 9015.98 9018.01 9022.24 9027.39 9030.23 9035.3 9039.55 9043 9047.39 9051.22 9054.78 9067.33 9077.31 9075.88 9072.11 9067.15 9059.86 9050.78 9046.07 9048.99 9054.96 9063.74 9071.66 9084.83 9098.39 9100.46 9082.69 9072.2 9061.33 9053.14 9055.28 9059.1 9064.55 9073.24 9084.17 9096.69 9105.81 9098.14 9090.42 9088.94 9087.88 9082.83 9069.59 9048.61 9027.03 9007.04 8986.86 8972.03 8968.76 8966.54 8960.66 8952.21 8942.27 8934 8925.34
9082.61 9072.36 9060.24 9048.15 9036.15 9024.25 9018.29 9018.74 9019.91 9023.11 9019.19 9015.36 9012.83 9012.1 9017.73 9024.54 9031.71 9036.92 9043.04 9049.59 9052.52 9060.5 9072.08 9077.52 9080.3 9077.33 9072.6 9068.46 9065.14 9053.19 9047.62 9059.86 9067.04 9070.78 9076.06 9087.54 9102.65 9110.35 9103.49 9092.53 9074.42 9062.67 9059.11 9062.89 9068.84 9078.93 9091.5 9105.07 9111.33 9107.66 9099.48 9095 9089.38 9082.89 9066.88 9042.15 9019.71 8999.6 8982.6 8972.09 8966.12 8956.76 8950.32 8942.4 8935.08 8927.19 8920.04
9081.89 9073.55 9063 9052.31 9041.83 9033.12 9027.67 9024.43 9022.4 9021.56 9018.44 9015.45 9013.58 9015.86 9022.21 9029.55 9035.46 9039.29 9041.02 9040.83 9053.16 9065.06 9076.7 9080.58 9078.71 9073.94 9068.55 9063.73 9060.21 9060 9063.16 9072.22 9080.13 9075.68 9077.06 9087.12 9100.59 9110.89 9127.37 9128.4 9089.8 9074.3 9067.61 9069.42 9075.42 9085.36 9096.32 9103.4 9114.63 9115.32 9110.88 9098.52 9084.87 9069.98 9051.42 9028.75 9008.35 8991.24 8976.15 8966.01 8954.65 8948.29 8942.34 8937.07 8929.72 8921.9 8915.53
9076.92 9071.37 9063.37 9054.7 9046.36 9040.18 9035.42 9029.27 9024.31 9019.99 9017.46 9017.8 9017.45 9020.82 9030.86 9038 9042.43 9044.95 9045.75 9046.47 9057.74 9065.84 9071.18 9073.79 9072.72 9069.36 9064.69 9058.54 9052.7 9063.09 9073.15 9077.49 9064.97 9068.3 9077.32 9088.71 9100.56 9112.19 9127.93 9143.67 9102.84 9085.35 9075.51 9076.81 9083.89 9092.1 9103.08 9114.31 9119.2 9111.39 9103.11 9090.3 9073.57 9051.5 9030.61 9011.16 8997.22 8982.95 8967.99 8949.76 8941.76 8939.28 8934.93 8928.76 8922.36 8916.13 8910.76
9070.65 9068.22 9062.44 9055.44 9048.55 9042.14 9035.61 9031.34 9027.25 9024.24 9022.55 9024.15 9025.89 9034.57 9049.44 9050.35 9050.53 9052.67 9056.33 9064.13 9066.74 9068.53 9066.71 9057.17 9063.97 9067.24 9064.43 9057.92 9048.96 9056.92 9069.98 9071.93 9048.62 9064.85 9079.82 9091.93 9101.78 9109.57 9120.18 9140.08 9121.69 9095.59 9085.68 9084.49 9088.14 9097.15 9107.93 9122.01 9120.49 9107.82 9099.17 9093.06 9065.97 9035.19 9005.53 8997.62 8988.84 8977.93 8965.45 8953.33 8940.82 8936.85 8931.61 8926.05 8920.52 8913.08 8906.65
9065.22 9064.5 9060.59 9055.34 9049.78 9043.35 9036.89 9033.83 9031.87 9029.92 9029.65 9034.23 9039.92 9046.33 9054.93 9055.75 9055.76 9058.63 9063.54 9069.03 9073.25 9074.81 9075.17 9076.93 9072.36 9071.13 9069.07 9066.34 9065.41 9071.88 9076.09 9079.83 9077.23 9077.23 9086.47 9097.58 9107.02 9115.01 9118.51 9142.73 9136.48 9106.14 9096.75 9094.8 9097.3 9103.02 9108.12 9113.67 9117.04 9109.02 9096.4 9083.61 9056.93 9030.3 9008.56 8995.62 8986.3 8976.48 8966.7 8957.19 8947.76 8936.78 8931.36 8925.09 8918.79 8912.15 8905.29
9063.96 9061.78 9058.87 9055.2 9051.81 9047.46 9039.4 9040.38 9038.77 9036.29 9034.41 9043.13 9054.24 9052.06 9048.16 9052.8 9056.85 9061.68 9067.53 9074.58 9078.85 9080.17 9084.12 9084.42 9083.14 9079.15 9077.47 9077.88 9080.96 9085.77 9086.93 9088.86 9090.21 9090.3 9094.83 9103.66 9114.91 9127.79 9132.74 9147.45 9134.09 9111.58 9105.38 9109.37 9112.17 9112.39 9111.8 9116.92 9117.74 9107.78 9084.9 9058.57 9043.68 9025.22 9009.31 8997.33 8987.79 8978.6 8969.7 8959.01 8940.21 8936.31 8932.08 8925.87 8919.77 8913.06 8906.02
9062.81 9060.15 9057.71 9055.18 9053.4 9053.64 9059.49 9055.69 9044.73 9040.47 9041.67 9043.82 9049.92 9046.08 9042.73 9048.47 9054.96 9061.36 9067.77 9073.52 9077.45 9081.21 9086.41 9093.21 9087.64 9085.39 9085.96 9088.32 9091.76 9094.04 9094.26 9096.89 9099.67 9099.41 9101.31 9105.58 9122.12 9139.47 9146.03 9149.68 9135.1 9114.93 9112.61 9126.33 9129.4 9123.58 9117.34 9122.61 9113.81 9105.7 9075.96 9050.9 9033.45 9019.39 9009.3 8999.2 8990.69 8982.44 8973.17 8961.32 8946.54 8939.82 8935.08 8929.56 8923.51 8917.46 8911.04
9061.73 9059.48 9056.48 9053.68 9051.99 9052.76 9055.68 9051.56 9041.63 9036.64 9035.2 9034.3 9035.17 9035.24 9038.11 9045.66 9053.24 9059.98 9065.66 9069.45 9071.6 9074.49 9074.6 9077.51 9084.32 9088.61 9092.41 9096.39 9099.44 9102.02 9100.89 9099.69 9104.46 9106.42 9107.95 9113.16 9128.97 9150.26 9166.19 9159.16 9136.14 9115.68 9118.21 9137.41 9140 9132.32 9125.86 9129.02 9101.75 9065.64 9053.18 9040.56 9019.84 9012.01 9005.83 8999.5 8992.41 8985.86 8977.14 8964.67 8950.38 8945 8940.76 8934.39 8928.87 8922.92 8918.54
9062.18 9058.61 9054.61 9050.84 9047.72 9044.94 9041.62 9036.26 9030.55 9026.59 9021.52 9022.07 9024.88 9032.2 9038.16 9044.54 9051.14 9058.04 9064.44 9071.15 9080.01 9080.13 9075.98 9073.16 9084.07 9091.31 9096.79 9101.46 9105.58 9107.86 9109.46 9109.75 9113.85 9113.52 9114.66 9119.05 9132.94 9153.31 9167.28 9161.5 9134.73 9115.9 9123.18 9146.76 9142.31 9132.96 9130.32 9121.59 9089.89 9049.3 8985.96 8982.32 9001.64 9006.07 9005.12 9001.89 8996.39 8990.63 8983.8 8971.27 8958.18 8952.49 8946.97 8939.51 8933.09 8928.15 8924.77
9062.37 9057.23 9052.07 9047.31 9042.38 9036.65 9028.92 9020.94 9019.26 9016.65 9013.67 9014.51 9021.77 9033.14 9039.3 9043.72 9049.89 9056.48 9063.24 9069.64 9076.3 9081.18 9088.11 9089.17 9088.53 9093.92 9100.63 9106.26 9111.04 9113.55 9112.88 9120.22 9120.87 9120.29 9121.09 9125.49 9137.21 9153.34 9168.89 9182.52 9145.02 9128.53 9127.09 9135.17 9134.57 9119.72 9098 9083.45 9074.56 9051.36 9015.55 8999.13 9005.27 9008.31 9008.29 9005.99 9000.62 8995.74 8991.77 8982.1 8971.15 8962.06 8953.91 8945.12 8937.55 8931.08 8925.22
9060.19 9053.62 9048.35 9043.44 9037.85 9031.41 9023.07 9014.57 9014.02 9011.85 9008.41 9008.13 9015.71 9027.8 9036.21 9041.73 9048.31 9055.3 9062.39 9069.44 9076.34 9085.54 9076.92 9081 9089.48 9096.03 9103.12 9110.99 9116.75 9121.4 9117.69 9122.25 9124.95 9125.85 9127.23 9130.7 9138.45 9151.43 9164.19 9173.5 9140.26 9126.65 9133.37 9150.37 9131.13 9107.72 9085.97 9079.14 9067.11 9062.42 9075.87 9042.49 9022.45 9016.22 9013.13 9009.34 9004.59 8999.59 8993.93 8987.76 8980.73 8968.45 8958.91 8950.01 8941.07 8932.82 8923.64
9050.7 9046.99 9042.91 9038.86 9034.41 9029.22 9023.71 9019.19 9015.75 9012.11 9008.94 9006.73 9010.53 9020.13 9031.55 9040.27 9047.6 9054.06 9060.4 9066.52 9072.98 9075 9091.16 9087.85 9089.87 9096.04 9103.49 9113.04 9121.27 9127.18 9130.38 9128.7 9131.95 9133.29 9133.43 9134.2 9138.52 9149.52 9157.98 9159.2 9143.59 9138.42 9138.73 9143.7 9125.17 9100.27 9083.34 9076.82 9067.95 9059.63 9048.34 9041.66 9030.13 9023.16 9019.11 9015.09 9009.35 9002.87 8996.17 8991.05 8986.44 8975.62 8964.26 8953.96 8944.15 8935.87 8928.3
9038.63 9039.57 9037.21 9034.42 9031.24 9028.36 9026.17 9024.77 9020.74 9015.13 9011.3 9009.32 9011.8 9020.07 9029.68 9038.97 9045.88 9053.32 9059.97 9064.87 9067.57 9070.52 9074.09 9081.63 9086.13 9091.69 9099.64 9110.46 9126.17 9136.05 9144.03 9145.45 9142.18 9141.08 9140.99 9140.4 9137.3 9150.88 9159.83 9152.42 9138.5 9136.08 9143.94 9139.57 9116.08 9089.71 9073.41 9072.42 9069.24 9054.74 9040.38 9035.38 9030.5 9026.82 9024.53 9021.89 9015.16 9006.33 8998.24 8992.94 8989.13 8981.02 8967.38 8955.33 8944.97 8936.11 8931.06
9037.31 9034.03 9032.31 9030.55 9028.71 9027.24 9027.24 9028.27 9024.06 9016.91 9012.68 9010.82 9013.56 9021.22 9030.64 9039.22 9048.27 9055.96 9061.73 9066.59 9069.03 9070.84 9071.12 9076.18 9081.88 9088.37 9096.23 9105.42 9120.4 9136.97 9149.64 9153.27 9148.63 9146.5 9148.12 9151.96 9162.03 9155.34 9147.99 9155.4 9143.54 9137.3 9135.99 9131.74 9103.63 9080.73 9075.39 9072.07 9061.38 9046.8 9036.45 9031.65 9030.42 9029.78 9029.33 9029.45 9021.24 9010.04 9000.04 8993.32 8986.4 8975.44 8965.43 8955.41 8944.1 8933.57 8923.83
9031.27 9028.48 9027.44 9027 9026.32 9025.71 9025.36 9025.64 9021.94 9015.71 9012.75 9015.36 9016.86 9023.22 9032.39 9041.53 9050.53 9058.99 9066.17 9070.97 9070.61 9068.89 9071.8 9073.27 9079.11 9085.82 9092.66 9099.3 9102.96 9139.02 9160.27 9150.19 9148.58 9149.36 9152.83 9157.92 9157.61 9157.6 9149.88 9141.51 9142.14 9133.63 9124.41 9101.31 9085.17 9066.23 9089.32 9072.79 9049.33 9035.52 9026.46 9027.16 9029.02 9030.38 9030.62 9028.35 9021.7 9012.37 9002.23 8993.73 8983.95 8973.06 8964.14 8953.07 8940.91 8929.2 8919.25
9023.24 9022.14 9023.92 9025.01 9024.74 9023.78 9021.71 9017.74 9014.15 9012.1 9010.53 9013.2 9022.33 9027.97 9035.36 9043.26 9052.05 9061.38 9068.71 9075.63 9081.34 9075.04 9061.01 9067.96 9076.66 9084.78 9092.58 9101.25 9115.83 9140.75 9148.27 9139.67 9144.85 9150.1 9155.24 9159.94 9163.89 9162.16 9160.47 9169.73 9123.15 9118.87 9114.8 9104.2 9076.8 9047.91 9073.47 9063.16 9043.89 9029.3 9023.47 9024.72 9027.34 9029.8 9031.3 9029.07 9024.03 9015.8 9005.47 8995.19 8985.54 8978.63 8965.25 8950.79 8937.12 8924.22 8914.11
9019.09 9019.77 9023.42 9025.18 9025.19 9023.48 9020.14 9014.87 9010.24 9011 9011.19 9014.69 9024.85 9030.73 9038.45 9046.84 9055.82 9064.5 9072.04 9079.22 9085.45 9075.23 9063.05 9068.6 9076.06 9084.98 9094.04 9103.99 9116.01 9140.62 9155.39 9143.61 9146.68 9152.03 9156.09 9159.12 9161.35 9156.84 9153.36 9141.13 9118.94 9118.35 9109.47 9098.37 9071.22 9051.28 9047.73 9044.41 9033.94 9025.64 9023.02 9024.84 9028 9031 9033.33 9034.78 9031.16 9019.58 9007.81 8996.44 8985.51 8975.19 8961.73 8946.76 8931.78 8918.02 8905.99
9024.15 9025.37 9026.98 9028.11 9028.22 9026.67 9023.2 9018.02 9013.15 9015.25 9017.24 9021.71 9028.8 9033.31 9040.07 9048.26 9055.9 9063.55 9071.89 9078.56 9083.13 9072.16 9068.97 9072.8 9078.75 9088.34 9099.26 9111.43 9121.42 9145.68 9149.94 9148.4 9150.63 9152.41 9154.76 9155.98 9154.84 9148.08 9136.68 9126.23 9118.43 9110.37 9099.01 9087.26 9058.29 9039.92 9041.48 9035.98 9030.5 9025.76 9025.29 9027.47 9030.15 9033.08 9035.67 9037.07 9033.26 9022.09 9009.59 8997.34 8984.43 8971.02 8955.11 8940.68 8926.26 8912.04 8897.83
9029.92 9031.35 9031.95 9033.27 9033.81 9033 9030.49 9026.85 9023.64 9025.14 9027.3 9029.07 9029.54 9035.99 9042.48 9048.16 9055.03 9061.24 9067.44 9072.65 9072.47 9070.91 9073.34 9076.34 9085.12 9096.58 9108.57 9121.76 9139.4 9139.19 9133.17 9141.12 9150.29 9152.51 9153.57 9154.44 9154.2 9146.09 9130.49 9126.66 9115.81 9112.38 9092.17 9065.57 9052.35 9044.09 9043.94 9037.67 9034.7 9033.27 9030.97 9030.87 9031.99 9034.19 9036.38 9038 9036.13 9024.78 9011.94 8998.86 8984.46 8967.52 8947.88 8934.89 8922.48 8908.15 8894.06
9032.52 9032.92 9037.84 9040.71 9041.94 9042.32 9041.42 9039.99 9037.86 9039.24 9039.92 9039.69 9038.2 9042.01 9046.8 9051.64 9055.95 9059.69 9063.97 9067.67 9069.31 9069.21 9065.76 9077.06 9087.77 9098.44 9109.52 9115.09 9114.46 9118.18 9112.5 9128.72 9145.01 9150.1 9151.29 9151.2 9151.17 9145.69 9126.32 9125.21 9115.42 9116.98 9095.65 9059.09 9057.79 9051.6 9049.12 9045.04 9041.19 9040.84 9036.12 9033.5 9033.49 9034.31 9035.63 9036.98 9036.88 9027.58 9014.68 9000.94 8986.4 8971.14 8946.37 8934.89 8920.8 8905.86 8892.6
