real_craters/C183-500m.grd
DSAA
316 316
-78.6975 78.6975
-78.6975 78.6975
7370.0508445755 10003.385219464
[rows 150 to 179 of 316, columns 0 to 66 of 316]
8868.73 8871.85 8874.06 8879.52 8886.49 8893.97 8900.62 8904.86 8908.88 8912.44 8908.28 8901.03 8902.14 8899.95 8898.6 8894.7 8895.04 8899.64 8899.16 8899.9 8901.34 8902.77 8904.17 8905.23 8905.28 8903.39 8903.96 8903.84 8902.77 8900.69 8898.22 8895.04 8892.78 8889.25 8886.1 8882.51 8879.58 8877.41 8875.26 8872.93 8870.86 8870.82 8869.7 8870.06 8871.28 8874.88 8876.37 8877.19 8878.6 8880.64 8883.35 8886.94 8895.45 8903.09 8908.5 8914.75 8921.28 8927.68 8932.33 8933.61 8932.05 8939.84 8964.83 8982.06 8992.54 9001.67 9009.41
8863.43 8865.21 8868.2 8875.82 8884.33 8892.82 8899.66 8903.62 8905.34 8904.76 8903.27 8903.97 8903.15 8901.25 8899.33 8897.87 8898.2 8897.59 8901.62 8902.42 8903.43 8904.18 8905.34 8906.64 8907.58 8905.27 8902.7 8902.26 8901.65 8900.02 8896.31 8889.9 8887.29 8884.24 8881.51 8878.89 8876.35 8873.81 8871.8 8870.37 8869.75 8870.8 8870.3 8868.87 8868.53 8870.48 8872.64 8873.94 8875.75 8878.37 8882.23 8888.31 8895.72 8902.65 8909.03 8917.32 8926.37 8937.6 8945.63 8949.35 8958.17 8965.58 8975.65 8986.65 8994.92 9002.97 9010.56
8862.12 8856.56 8862.98 8872.64 8882.74 8892.29 8899.4 8901.61 8901.57 8897.77 8898.3 8897.64 8900.66 8901.08 8900.94 8903.38 8903.71 8906.19 8904.97 8904.96 8904.75 8904.97 8905.65 8906.92 8909.74 8909.34 8903.2 8900.77 8899.89 8899.58 8897.19 8886.93 8882.28 8879.26 8876.76 8874.22 8871.76 8869.72 8868.09 8867.3 8867.41 8866.96 8867.34 8868.08 8867.66 8868.08 8868.82 8870.7 8872.82 8875.74 8879.78 8885.54 8892.39 8900.18 8908.49 8917.45 8927.66 8939.22 8949.04 8958.1 8968.35 8976.53 8982.46 8989.31 8994.36 8998.82 9004.34
8863.26 8858.65 8861.98 8871.83 8882.08 8891.32 8898.01 8899.46 8898.81 8896.55 8894.67 8893.36 8897.42 8902.28 8907.97 8910.13 8912.94 8911.2 8908.46 8906.97 8905.78 8905.03 8904.59 8903.89 8903.98 8903.29 8899.31 8896.98 8896.34 8896.72 8896.53 8883.96 8877.38 8874.63 8871.9 8869.13 8866.67 8864.71 8863.85 8864.01 8865.5 8865.88 8866.4 8866.76 8865.02 8865.7 8865.82 8866.93 8868.86 8871.78 8875.53 8880.12 8887.19 8897.36 8906.26 8914.94 8924.74 8937.09 8950.46 8957.2 8971.49 8984.33 8994.44 8994.05 8992.3 8990.2 8996.01
8864.11 8858.35 8862.75 8873.3 8882.72 8890.37 8894.91 8896.48 8897.25 8897.57 8893.42 8891.81 8894.82 8901.99 8909.61 8912.02 8910.47 8910.64 8909.53 8908.08 8906 8904.41 8903.16 8900.04 8894.08 8891.48 8891.4 8891.08 8890.55 8890.34 8886.58 8876.32 8873.76 8871.27 8867.94 8864.06 8861.06 8858.6 8857.36 8857.63 8861.5 8866.99 8863.58 8863.31 8864.49 8863.8 8861.85 8862.07 8863.95 8866.81 8870.93 8876.23 8884.58 8897.43 8902.67 8911.23 8919.6 8925.5 8927.72 8945.66 8964.53 8979.85 8993.82 8995.2 8991.42 8987.91 8997.76
8867.63 8866.89 8871.16 8877.34 8884.19 8891.12 8894.19 8893.04 8891.69 8890.67 8889.97 8888.87 8893.27 8900.28 8908.73 8911.75 8913.73 8911.11 8909.01 8907.33 8906.05 8904.53 8902.48 8898.96 8894.7 8889.55 8887.08 8885.16 8884.19 8882.39 8880.69 8878.48 8874.22 8869.13 8864.6 8859.59 8855.7 8852.38 8849.55 8847.59 8847.76 8852.47 8852.12 8855.15 8860.18 8860.13 8856.91 8856.64 8858.46 8862.02 8866.72 8872.34 8879.42 8886.48 8897.43 8908.12 8917.57 8922.8 8923.84 8936.84 8950.36 8976.28 8992.74 8996.36 8995.95 8995.82 9007.8
8870.03 8874.77 8878.7 8880.08 8884.45 8887.91 8889.91 8888.57 8884.29 8882.99 8884.76 8889.24 8893.99 8896.41 8898.19 8904.35 8910.83 8909.67 8907.28 8905.47 8904.02 8903.49 8902.39 8899.32 8895.23 8886.03 8879.39 8879.43 8878.99 8877.59 8876.08 8876.67 8872.77 8866.59 8860.33 8854.33 8849.16 8845.21 8840.71 8835.91 8828.64 8825.83 8835.68 8841.74 8844.58 8845.8 8849.4 8848.51 8851.7 8856.85 8862.72 8868.31 8873.27 8881.77 8893.54 8906.99 8919.98 8934.73 8955.12 8948.23 8942.33 8968.78 8988.76 8999.68 9004.87 9012.05 9016.86
8867.28 8870.88 8873.12 8877.65 8882.61 8889.05 8887.56 8884.67 8882.45 8880.04 8879.68 8882.89 8887.31 8891.25 8897.37 8902.92 8904.81 8904.04 8903.05 8902.36 8902.53 8902.51 8902.23 8900.54 8896.58 8884.73 8876.92 8876.24 8875.53 8875.33 8874.88 8874.25 8871.43 8863.59 8855.55 8848.86 8842.45 8837.13 8832.06 8827.66 8823.45 8821.96 8825.27 8829.26 8829.61 8828.67 8829.84 8836.16 8843.9 8852.07 8860.11 8867.54 8873.99 8882.09 8894.62 8908.25 8921.72 8937.24 8944.24 8949.08 8955.93 8978.44 8997.65 9007.58 9013.01 9015.59 9017.57
8862.88 8865.87 8868.75 8871.78 8875.65 8880.59 8879.89 8877.77 8879.1 8876.32 8874.2 8873.64 8876.17 8884.3 8891.22 8895.31 8895.11 8895.88 8897.46 8898.3 8899.36 8900.52 8902.09 8901.62 8897.55 8888.05 8879.25 8875.75 8873.09 8868.3 8868.66 8871.17 8867.58 8857.14 8849.27 8842.24 8836.01 8830.36 8825.29 8821.49 8822.42 8820.03 8819.19 8820.67 8820.48 8820.04 8816.34 8826.1 8838 8848.71 8859.19 8869.53 8880.28 8891.08 8902.03 8911.07 8920.96 8929.92 8937.04 8944.32 8966.42 9002.88 9014.16 9017.07 9018.7 9021.32 9023.18
8859.5 8861.88 8863.52 8864.91 8865.59 8864.21 8867.61 8867.74 8863.35 8869.58 8870.48 8871.74 8874.34 8879.32 8883.79 8887.23 8889.82 8890.39 8890.91 8892.47 8894.9 8897.49 8900.31 8902.38 8899.95 8890.98 8882.88 8874.89 8870.83 8872.1 8863.08 8857.49 8851.65 8846 8840.28 8834.7 8829.17 8823.84 8818.61 8812.98 8808.52 8810.53 8812.9 8815.73 8816.06 8814.67 8818 8825.69 8836.02 8847.41 8859.37 8872.45 8886.17 8899.6 8906.92 8913.29 8920.59 8927.06 8930.58 8941.65 8974.15 9010.9 9020.61 9023.8 9024.96 9027.5 9030.23
8857.69 8859.71 8860.41 8859.93 8857.73 8857.36 8858.36 8861.52 8865.83 8866.99 8873.17 8872.5 8874.36 8875.17 8877.54 8880.6 8882.67 8881.97 8883.35 8886.18 8889.32 8892.69 8895.83 8899.01 8896.83 8888.13 8879.99 8868.2 8860.6 8855.98 8849.96 8843.56 8838.02 8833.7 8830.37 8826.92 8823.33 8818.79 8813.96 8808.22 8799.63 8804.42 8809.41 8813.4 8816.4 8820.18 8824.07 8828.24 8834.94 8845.83 8858.51 8872.58 8887.97 8897.16 8903.71 8912.66 8921.15 8930.32 8940.33 8961.41 8991.32 9018.03 9019.65 9027.93 9034.23 9035.27 9030.44
8856.81 8859.64 8861.46 8857.48 8850.83 8846.35 8849.84 8852.94 8856.35 8859.5 8861.59 8865.38 8865.81 8869.3 8871.63 8872.77 8870.49 8870.1 8874.64 8878.85 8882.69 8885.74 8887.76 8887.13 8882.78 8873.61 8863.56 8853.71 8845.87 8838.75 8834.8 8829.11 8823.31 8821.77 8821.49 8820.29 8818.17 8815.05 8811.79 8809.11 8810.24 8807.75 8810.12 8813.14 8816.42 8821.54 8819.71 8822.71 8832.41 8844.06 8856.49 8869.05 8881.35 8892.34 8901.63 8910.64 8920.92 8934.89 8954.29 8978.6 9000.18 9011.89 9016.64 9028.82 9041.04 9041.87 9033.77
8856.18 8858.95 8860.38 8856.7 8849.53 8844.83 8844.46 8845.25 8847.84 8851.9 8855.94 8860.2 8865.21 8865.69 8865.11 8863.07 8862.5 8863.19 8867.7 8872.18 8875.56 8877.73 8878.82 8877.01 8869.42 8856.63 8841.38 8838.85 8833.93 8828.42 8824.73 8819.15 8812.67 8814.05 8815.27 8815.08 8813.97 8812.05 8809.12 8807.28 8808.92 8809.31 8811.94 8814.44 8816.06 8815.74 8813.83 8817.87 8830.98 8842.27 8852.35 8862.74 8874.09 8886.62 8898.13 8905.8 8919.78 8936.08 8956.35 8978.53 9000.55 9020.78 9018.92 9023.81 9032.34 9040.27 9041.51
8854.8 8856.92 8858.93 8854.74 8848.98 8844.83 8842.06 8839.7 8841.45 8845.41 8850.95 8856.36 8860.9 8861.88 8860.78 8857.29 8857.78 8858.54 8864.31 8868.14 8870.07 8870.66 8869.84 8868.06 8859.19 8847.17 8837 8831.58 8827.21 8823.35 8820.35 8817 8814 8813.49 8812.88 8812.31 8811.21 8809.72 8807.97 8806.46 8806.16 8810.8 8814.55 8817.98 8819.64 8817.73 8820.82 8827.56 8837.62 8844.65 8850.44 8855.95 8862.3 8870.66 8878.33 8897.65 8916.2 8936.31 8952.21 8970.73 8986.23 8995.06 8996.18 9013.99 9031.51 9038.7 9040.6
8852.63 8852.91 8851.49 8848.6 8845.94 8843.62 8842.04 8840.73 8841.91 8843.76 8847.2 8853.45 8857.67 8859.37 8859.41 8859.37 8860.83 8863.53 8865.34 8866.56 8866.55 8864.88 8860.37 8853.35 8849.27 8841.78 8833.02 8830.41 8826.97 8822.99 8819.88 8817.59 8817.78 8814.82 8812.39 8811.27 8809.43 8808.23 8808.03 8808.65 8810.8 8814.47 8818.89 8823.93 8828.94 8835.65 8842.73 8849.85 8850.52 8851.73 8853.39 8853.72 8851.78 8849.97 8868.21 8895.64 8919.24 8937.36 8946.74 8952.18 8962.81 8970.86 8981.81 9004.87 9026.42 9036.99 9043.04
8850.43 8849.77 8847.51 8844.92 8841.72 8842.73 8843.89 8845.62 8846.1 8848.19 8850.69 8853.88 8857.16 8858.55 8858.7 8861.34 8863.31 8867.09 8867.32 8867.16 8865.59 8862.18 8856.7 8848.91 8845.65 8841.24 8836.91 8833.55 8832.42 8826.32 8820.59 8817.04 8814.12 8812.21 8810.88 8810.13 8808.88 8808.36 8809.01 8810.73 8813.5 8818.27 8824.03 8830.47 8838.39 8847.07 8855.67 8864.06 8859.56 8857.7 8858.13 8857.6 8855.09 8854.24 8870.97 8900.77 8925.9 8944.77 8954.38 8951.16 8953.43 8968.33 8989.29 9003.92 9017.91 9034.9 9044.37
8848.66 8848.12 8847.09 8846.18 8845 8844.27 8844.89 8845.32 8848.17 8849.1 8851.97 8855.13 8857.59 8858.92 8858.36 8857.82 8863.14 8866.15 8868.89 8869.1 8867 8862.74 8857.31 8852.26 8846.19 8841.63 8839.76 8833.12 8831.06 8825.04 8819.54 8815.63 8813.93 8811.64 8809.06 8808.27 8808.48 8809.08 8810.02 8811.08 8816.17 8821.8 8828.7 8836.34 8844.79 8854.59 8860.89 8854.84 8856.57 8857.96 8860.4 8864.23 8866.67 8859.56 8896.06 8918.45 8920.95 8941.29 8991.07 9004.17 8987.82 8998.71 9004.98 9014.3 9025.47 9040.17 9051.3
8847.88 8847.24 8846.73 8846.31 8849.04 8845.6 8844.43 8844.04 8847.3 8850.39 8853.08 8856.84 8860.74 8863.76 8865.25 8867 8870.98 8873.78 8875.25 8873.59 8870.84 8865.65 8858.25 8852.3 8847.83 8840.97 8830.2 8826.41 8820.08 8820.68 8817.78 8813.93 8809.04 8805.23 8806.92 8807.31 8807.89 8809.09 8810.71 8814.56 8818.4 8824.6 8831.7 8839.8 8847.41 8853.59 8853.73 8850.28 8850.14 8853.15 8856.84 8865.73 8887.63 8927.37 8976.08 8932.25 8869.31 8869.57 8946.85 9017.17 9071.85 9041.81 9026.78 9035.63 9041.8 9050.05 9051.34
8847.21 8846.98 8847.1 8846.27 8844.91 8845.46 8845.65 8846.34 8847.76 8850.84 8854.24 8858.88 8864.53 8871 8874.68 8879.6 8883.66 8883.69 8883.53 8880.72 8877.28 8872.43 8864.74 8858.65 8854.02 8846.5 8836.85 8829.2 8822.51 8820.45 8818.01 8814.38 8810.3 8807.12 8807.75 8808.04 8809.08 8809.84 8811.37 8814.67 8819.86 8826.63 8833.96 8841.14 8848.8 8855.14 8857.44 8849.78 8846.23 8844.38 8841.31 8843.43 8863.63 8927.08 8880.62 8789.73 8732.68 8704.74 8693.07 8762.89 8902.75 8994.85 9089.51 9083.89 9073.29 9067.6 9052.95
8847.06 8847.16 8847.29 8848.83 8847.32 8845.26 8845.64 8846.86 8847.58 8850.7 8855.23 8860.02 8865.24 8869.3 8875.62 8885.23 8892.74 8893.84 8893.64 8890.66 8888.3 8883.54 8875.75 8870.23 8864.35 8858.08 8851.62 8841.67 8831.78 8825.79 8821.41 8817.17 8814.1 8813.64 8810.37 8810.62 8809.67 8810.28 8812.82 8816.72 8820.58 8827.01 8834.43 8842.38 8849.83 8856.7 8860.05 8856 8847.58 8833.51 8814.67 8793.46 8768.8 8717.63 8637.84 8577.41 8566.85 8541.18 8493.65 8546.36 8677.39 8852.3 9017.89 9143.02 9128.15 9088.15 9056.78
8846.87 8846.68 8845.92 8842.84 8841.96 8842.94 8843.87 8845.62 8846.52 8850.16 8857.34 8863.39 8867.94 8872.98 8876.01 8892.04 8900.4 8902.92 8900.48 8901.59 8899.79 8896.4 8893.46 8884.17 8876.09 8869.83 8865.22 8853.44 8840.82 8832.37 8825.44 8820.18 8815.59 8813.44 8811.3 8811.5 8810.11 8810.6 8811.76 8814.62 8821.24 8827.66 8835.2 8842.54 8849.81 8856.29 8863.19 8859.77 8848.37 8822.34 8784.95 8737.82 8677 8598.51 8502.98 8436.53 8457.81 8455.31 8442.34 8449.7 8521.1 8700.19 8864.12 9064.75 9110.55 9089.28 9064.34
8846.49 8846.95 8846.04 8843.8 8841.04 8840.66 8842.9 8844.9 8848.4 8852.78 8859.88 8867.67 8874.57 8877.49 8894.78 8911.03 8917.51 8919.83 8912.36 8913.39 8907.7 8902.57 8899.94 8893.52 8886.58 8879.39 8873.07 8862.21 8848.3 8837.27 8829.24 8823.11 8818.47 8815.35 8813.71 8812.86 8810.9 8811.34 8811.34 8813.9 8821.13 8828.19 8835.1 8842.07 8848.27 8853.38 8855.25 8860.52 8851.96 8814.89 8760.64 8693.53 8613.32 8520.2 8440.22 8425.99 8426.86 8433.86 8440.93 8440.34 8474.08 8606.75 8761.84 8936.68 9038.35 9076.47 9084.65
8845.95 8846.11 8846.49 8846.9 8839.94 8837.82 8836.74 8842.38 8849.86 8854.55 8858.96 8868.37 8889.54 8911.69 8929.07 8923.51 8940.65 8931.2 8937.64 8920.69 8906.65 8901.12 8898.2 8899.23 8894.31 8885.48 8877.65 8864.08 8849.52 8839.23 8831.63 8825.43 8821.34 8819.18 8815.85 8814.34 8814.23 8813.28 8816.13 8818.4 8822.4 8828.44 8834.44 8840.9 8846.88 8852 8856.45 8865.82 8862.18 8813.81 8748.3 8667.48 8580.23 8492.34 8432.37 8433.55 8427.75 8431.69 8438.95 8444.5 8460.41 8558.08 8697.8 8850.22 8986.75 9064.27 9095.95
8845.21 8844.96 8844.59 8840.72 8836.38 8835.37 8838.73 8842.46 8845.99 8849.02 8851.66 8860.41 8885.47 8938.99 8956.89 8874.54 8829.57 8834.41 8896.61 8880.85 8887.53 8900.16 8906.46 8911.72 8903.6 8887.12 8867.24 8852.95 8845.2 8838.44 8832.39 8827.11 8822.42 8818.47 8816.28 8814.99 8814.83 8814.38 8816.91 8819.53 8823.42 8828.44 8834.15 8840.17 8845.65 8850.64 8855.48 8864.06 8863.42 8810.96 8741.25 8660.03 8572.79 8489.94 8436.17 8434.54 8431.35 8432.64 8438.03 8445.44 8456.95 8527.79 8647.88 8831.44 8974.66 9064.14 9104.05
8843.4 8842.65 8842.19 8840.2 8834.08 8833.63 8837.62 8844.53 8847.98 8843.32 8837.02 8827.92 8829.91 8838.5 8820.23 8759.21 8682.56 8675.97 8707.36 8777.26 8856.69 8918.05 8938.33 8935.35 8915.88 8889.91 8862.86 8846.48 8841.87 8837.49 8832.51 8827.6 8823.22 8819.45 8816.66 8815.55 8815.04 8813.75 8815.33 8818.86 8823.17 8828.9 8834.48 8840.02 8845.18 8849.26 8851.82 8855.08 8848.34 8806.75 8742.32 8664.69 8580.12 8498.77 8439.27 8433.34 8432.16 8434.38 8440.2 8448.3 8456.49 8515.11 8626.68 8848.27 8990.9 9070.9 9107.11
8841.12 8839.27 8838.15 8836.66 8834.96 8833.94 8837.78 8851.04 8855.11 8837.87 8812.73 8788.55 8752.65 8696.91 8663.9 8659.25 8629.54 8615.75 8619.98 8708.62 8832.45 8950.16 8986.92 8957.17 8926.18 8894.88 8864.58 8845.67 8842.39 8838.08 8833.21 8828.67 8824.33 8820.28 8817.67 8816.4 8815.4 8812.48 8810.67 8817.21 8823.35 8829.05 8834.94 8840.39 8845 8848.74 8851.34 8852.67 8847.43 8811.85 8752.09 8679.36 8599.33 8517.18 8446.9 8432.23 8433.82 8441.65 8450.35 8458.78 8466.41 8524.76 8642.71 8884.72 9022.03 9081.7 9108.58
8837.56 8834.9 8833.03 8834.14 8836.67 8836.95 8845.15 8859.3 8860.23 8830.87 8792.05 8750.78 8697.56 8637.8 8611.61 8614.25 8614.47 8611.64 8615.16 8688.12 8812.15 8924.87 8969.35 8957.73 8930.63 8900.2 8869.82 8851.21 8845.17 8839.32 8834.61 8829.93 8825.94 8822.25 8819.37 8818.73 8818.01 8815.92 8815.22 8819.9 8824.94 8830.56 8836.21 8841.36 8846 8849.36 8849.96 8849.07 8852.53 8824.1 8771.64 8708.33 8636.97 8559.23 8479.54 8445.25 8444.12 8462.39 8474.02 8488.66 8505.98 8574.45 8701.83 8942.84 9064.87 9101.88 9113.81
8834.34 8830.6 8827.66 8830.12 8835.33 8838.74 8849.45 8864.89 8858.56 8822.28 8775.62 8724.25 8673.17 8626.91 8609.31 8604.22 8607.31 8610.86 8612.95 8674.15 8795 8915.62 8953.37 8947.98 8926.64 8899.49 8872.51 8856 8847.7 8841.29 8836.4 8832.61 8828.8 8825.64 8823.73 8822.28 8821.78 8822.28 8823.76 8824.99 8829.12 8834.23 8839.18 8844.49 8849.19 8852.38 8853.89 8854.42 8858.22 8837.98 8796.69 8746.79 8691.61 8630.85 8564.88 8504.77 8481.8 8507.16 8519.07 8542.93 8597.38 8685.81 8821.31 9032.48 9096.96 9097.77 9111.49
8833.15 8828.87 8824.35 8827.87 8835.19 8839.92 8852.61 8864.66 8853.31 8813.05 8764.69 8712.14 8663.04 8627.74 8610.65 8605.4 8609.88 8614.99 8612.15 8659.61 8769.45 8878.05 8925.85 8931.83 8917.02 8892.53 8867.09 8853.98 8846.64 8841.72 8837.68 8834.28 8831.56 8829.83 8828.29 8825.58 8823.92 8825.29 8827.01 8828.15 8832.19 8837.42 8843.16 8848.61 8853.7 8858.02 8861.56 8864.62 8865.31 8851.69 8822.15 8789.4 8755.84 8722.63 8684.29 8617.84 8567.29 8587.59 8621.51 8668.77 8758.28 8867.46 8994.85 9043.36 9063.96 9073.78 9101.57
8833.63 8830.17 8828.02 8829.55 8832.31 8841.94 8852.59 8858.66 8843.5 8806.81 8760.04 8707.06 8656.54 8621.95 8614.8 8608.81 8610.33 8616.92 8608.99 8648.24 8755.46 8848.68 8904.97 8918.49 8906.88 8884.34 8858.11 8845.69 8844.36 8841.88 8838.79 8835.78 8833.08 8831.61 8831.61 8826.05 8823.13 8819.81 8823.1 8828.58 8833.77 8839.87 8846.03 8851.38 8857.19 8862.92 8868.41 8872.15 8870.9 8860.5 8846.24 8832.69 8823.47 8821.08 8822.16 8776.44 8709.59 8764.99 8817.79 8863.47 8946.48 9052.71 9076.09 9031.13 9028.23 9062.84 9101.13
