real_craters/C183-500m.grd
DSAA
316 316
-78.6975 78.6975
-78.6975 78.6975
7370.0508445755 10003.385219464
[rows 120 to 149 of 316, columns 134 to 200 of 316]
9373.11 9381.76 9393.73 9412.54 9431.5 9465.56 9554.11 9628 9515.02 9400.15 9284.83 9174.46 9057.13 8958.67 8878.54 8804.17 8800.56 8877.88 8940.38 8946.64 8904.52 8625.45 8458.83 8554.63 8670 8738.07 8760.72 8763.44 8748.24 8740.36 8751.52 8791.71 8851.99 8903.72 8940.29 8964.28 8970.46 9059.08 9145.02 9221.95 9295.13 9375.3 9456.73 9450.52 9370.76 9356.93 9353.13 9370.37 9407.18 9432.59 9443.51 9446.13 9443.14 9418.37 9367 9296.7 9224.06 9181.47 9171.85 9183.88 9206.36 9220.55 9219.59 9207.86 9191.91 9186.13 9179.53
9330 9354.07 9360.04 9386 9401.11 9423.65 9429.89 9419.99 9348.25 9223.32 9103.53 8988.02 8885.52 8804.96 8745.08 8710.56 8716.44 8763.96 8824.28 8840.42 8770.55 8581.6 8438.62 8446.94 8519.62 8575.86 8588.76 8577.34 8554.35 8564.89 8598.99 8635.43 8718.87 8777.37 8828.29 8869.42 8914.26 8957.77 9019.84 9079.32 9138.82 9195.18 9247.68 9236.21 9196.49 9194.16 9181.16 9170.71 9283.01 9371.78 9435.53 9486.7 9527.88 9530.38 9446.4 9339.88 9236.31 9203.39 9171.17 9172.53 9183.5 9191.41 9187.25 9179.05 9172.54 9176.32 9185.81
9303.6 9329.36 9333.46 9335.01 9341.9 9340.45 9296.64 9212.02 9083.02 8978.71 8864.94 8762.45 8695.03 8639.76 8601.34 8588.49 8599.54 8635.65 8659.36 8694.39 8655.91 8490.29 8343.58 8349.5 8411.34 8446.03 8445.24 8437.45 8406.27 8446.14 8513.08 8565.27 8621.65 8677.07 8731.4 8783.77 8828.71 8857.56 8889.55 8922.89 8955.51 8980.43 8978.47 8959.29 9000.14 9054.83 9088.22 9111.79 9238.36 9348.6 9442.33 9522.35 9583.44 9581.18 9540.31 9438.94 9326.99 9276.63 9195.13 9175.49 9176.13 9184.14 9184.19 9151.6 9152.52 9161.04 9166.46
9303.11 9300.68 9296.72 9293.98 9286.44 9278.94 9237.28 9133.88 8897.1 8783.54 8666.23 8564.65 8520.53 8481.03 8450.91 8440.21 8458.63 8503.03 8562.9 8567.04 8491.91 8386.23 8299.3 8266.24 8280.22 8297.26 8321.48 8345.44 8368.69 8398.96 8448.35 8497.29 8544.23 8589.62 8638.7 8685.17 8719.9 8741.43 8755.64 8768.33 8774.81 8768.15 8733.6 8736.98 8834.13 8945.91 9076.25 9186.46 9249.45 9341.01 9448.13 9547.48 9638.88 9703.78 9652.65 9565.04 9473.73 9374.2 9256.28 9212.45 9196.84 9181.46 9143.97 9141.03 9143.12 9151.88 9153.73
9313.47 9287.49 9269.31 9240.22 9220.91 9197.65 9165.71 9041.28 8866.61 8676.2 8536.84 8421.37 8375 8327.88 8302.54 8306.56 8308.46 8344.7 8394.09 8413.24 8348.16 8271.52 8218.26 8188.47 8165.88 8169.71 8207.3 8260.11 8330.78 8344.02 8379.2 8443.18 8454.47 8485.09 8537.79 8584.42 8606.5 8617.43 8616.94 8610.17 8599.03 8580.43 8541.95 8564.3 8677.78 8830.8 9010.06 9143.46 9218.67 9310.46 9417.99 9538.72 9653.12 9739.35 9724.22 9653.72 9559.29 9483.2 9343.7 9305.78 9272.76 9211.99 9150.6 9141.71 9143.35 9156.01 9166.76
9307.3 9240.78 9178 9139.65 9105.29 9065.9 8985.95 8805 8688.3 8556.9 8434.82 8347.69 8250.07 8187.56 8143.33 8126.62 8143.5 8168.5 8191.03 8185.41 8158.82 8130.23 8124.38 8098.24 8061.13 8069.51 8081.78 8134.51 8198.74 8231.23 8260.1 8278.76 8313.31 8368.72 8420.93 8482.29 8500.07 8489.94 8480.01 8466.05 8444.54 8419.81 8390.88 8400.44 8507.28 8685.99 8880.98 9023.07 9126.45 9233 9350.63 9477.58 9608.69 9719.46 9742.2 9702.72 9640.65 9557.33 9462.42 9435.37 9392.25 9263.03 9167.12 9147.59 9159.37 9170.06 9176.01
9247.98 9154.15 9080.87 9018.99 8968.67 8923.02 8848.64 8668.18 8551.51 8441.43 8311.04 8185.19 8116.09 8063.4 8011.36 7973.83 7996.08 8004.41 7989.45 7956.55 7961.81 7965.65 7953.74 7929.2 7913.78 7883.09 7937.81 7980.87 8030.75 8090.06 8138.64 8175.14 8206.06 8256.03 8293.05 8310.86 8339.14 8351.48 8345.1 8331.39 8311.15 8280.93 8262.82 8275.5 8370.18 8528.76 8696.58 8844.78 8980.29 9107.07 9240.14 9378.54 9520.61 9654.05 9707.23 9707.41 9715.37 9686.07 9578.38 9513.66 9411.99 9296.25 9184.13 9159.76 9178.86 9184.39 9175.61
9129.92 9038.59 8964.88 8895.72 8832.05 8777.83 8727.04 8658.09 8526.53 8344.57 8194.89 8068.54 8001.47 7967.63 7945.44 7926.22 7904.24 7887.95 7859 7802.23 7817.94 7831.37 7819.77 7802.69 7813.39 7817.42 7830.47 7844.21 7881.8 7958.4 8027.17 8086.51 8131.49 8160.21 8186.09 8192.02 8214.01 8228.9 8226.34 8215.78 8199.2 8177.59 8159.54 8181.75 8259.25 8377.37 8511.05 8659.59 8815.96 8959.16 9102.28 9250.87 9392.26 9513.34 9584.8 9630.55 9681.87 9730.66 9679.17 9590.42 9477.66 9331.33 9209.89 9191.51 9202.31 9200.57 9178.89
8966.87 8888.73 8825.16 8744.69 8665.65 8592.83 8535.4 8465.41 8366.65 8213.68 8079.04 7965.4 7906.81 7886.25 7878.71 7864.55 7834.92 7811.22 7790.82 7762.32 7742.79 7749.41 7754.81 7763.24 7761.19 7765.9 7759.26 7751.33 7779.49 7850.92 7923.19 7986.48 8025.77 8065.31 8097.29 8132.31 8126.49 8124.57 8124.04 8116.16 8106.03 8087.51 8078.31 8096.19 8151.7 8243.48 8353 8493.36 8642.47 8789.58 8939.07 9084.84 9234.09 9378.05 9485.01 9476.63 9502.19 9637.44 9673.69 9624.79 9499.79 9347.34 9246.04 9224.61 9222.16 9211.54 9190.72
8799.89 8733.15 8657.8 8574.55 8479.68 8384.1 8296.13 8219.6 8134.83 8050.98 7960.53 7876.83 7826.65 7808.57 7800.23 7789.05 7772.97 7754.38 7736.32 7707.73 7692.85 7697.05 7706.38 7718.34 7717.82 7717.78 7706.78 7693.41 7713.05 7764.95 7827.79 7897.83 7950.19 7960.51 7991.74 8030.53 8025.16 8022.65 8025.08 8024.79 8020.54 8014.3 8010.04 8027.85 8065.92 8130.86 8218.2 8339.02 8475.96 8616.94 8759.51 8900.52 9036.63 9169.03 9259.37 9256.52 9268.59 9436.47 9610.17 9602.8 9416.3 9325.45 9285.41 9260.93 9239.4 9211.25 9180.62
8663.71 8592.97 8509.33 8429.83 8316.15 8186.7 8068.71 7996.32 7932 7907.07 7855.61 7799.82 7760.14 7742.02 7731.3 7725.46 7719.3 7709.92 7696.36 7670.62 7655.24 7659.23 7666.59 7672.76 7675.67 7676.34 7665.9 7651.26 7660.84 7690.78 7726.55 7767.7 7814.57 7819.64 7839.2 7870.46 7894.75 7913.12 7927.71 7938.48 7944.92 7948.8 7950.81 7965.73 8000.16 8017.3 8079.96 8190 8320.71 8456.18 8588.49 8712.69 8822.12 8913.65 8968.16 9035.13 9110.88 9337.16 9514.51 9524.23 9395.88 9317.27 9305.76 9308.35 9251.15 9197.65 9176.87
8568.08 8475.93 8385.36 8283.61 8189.27 8067.05 7968.52 7918.68 7855.62 7816.49 7776.9 7734.03 7701.07 7692.09 7684.49 7679.9 7676.98 7671.84 7665.1 7644.29 7626.71 7628.33 7632.35 7635.39 7638.73 7638.44 7628.43 7606.71 7613.56 7623.93 7629.05 7616.59 7602.16 7649.11 7672.33 7702.99 7765.34 7806.28 7834.86 7856.06 7871.26 7887.03 7900.77 7882.37 7876.88 7877.18 7931.59 8049.27 8182.61 8310.99 8433.85 8542.68 8635.93 8705.16 8762.79 8864.2 9000.12 9232.78 9403.4 9458.1 9381.83 9314.48 9306.86 9299.28 9263.3 9203.24 9181.87
8474.44 8375.58 8279.32 8200.19 8094.7 8003.16 7940.63 7889.41 7813.02 7760.54 7723.64 7691.28 7667.93 7655.81 7648.65 7641.05 7637.41 7634.08 7629.05 7614.97 7602.98 7602.43 7604.37 7607 7607.69 7604.78 7597.83 7587.17 7578.1 7571.99 7560.27 7538.91 7527.9 7551.92 7571.48 7608.24 7670.2 7720.18 7756.09 7782.1 7801.54 7815.76 7810.35 7784.52 7736.79 7740.54 7809.11 7934.84 8065.96 8190.07 8302.14 8401.45 8484.73 8551.27 8617.47 8756.28 8949.7 9191.69 9411.92 9493.81 9424.32 9361.1 9361.53 9351.45 9319.77 9267.86 9227.38
8382.27 8289.01 8189.57 8106.79 8005.64 7919.15 7880.05 7832.11 7750.68 7709.37 7681.58 7660.89 7645.64 7626.41 7611.51 7604.4 7600.04 7596.51 7592.55 7586.36 7581.55 7577.24 7576.62 7577.29 7576.88 7574.31 7570.58 7567.78 7550.16 7535.41 7520.51 7505.48 7500.17 7513 7532.75 7564.51 7611.57 7654.83 7689.42 7715.88 7735.57 7742.92 7734.69 7709.62 7670.97 7677.39 7746.36 7858.88 7978.27 8091.98 8202.08 8293.18 8374.36 8448.7 8535.76 8694.18 8923.38 9188.2 9419.06 9566.87 9500.8 9446.63 9445.16 9428.68 9384.68 9357.23 9312.41
8322.8 8212.67 8107.91 8011.18 7927.34 7836.83 7827.07 7801.76 7706.93 7665.74 7645.29 7631.55 7620.13 7597.34 7578.37 7571.01 7566.22 7561.07 7555.71 7553.88 7554.14 7548.21 7546.94 7548.64 7548.93 7543.79 7543.19 7538.17 7520.81 7506.1 7494.27 7485.05 7481.73 7490.2 7513.25 7539.46 7574.6 7608.64 7637.2 7659.26 7676.66 7684.03 7680.15 7666.88 7655.12 7669.51 7726.25 7815.65 7920.74 8025.97 8128.94 8213.93 8301.75 8386.29 8474.66 8623.51 8830.9 9045.9 9245.43 9480.05 9526.63 9497.12 9472.19 9417.34 9375.83 9378.85 9348.61
8246.83 8136.7 8036.79 7945.02 7865.87 7803.75 7758.6 7719.18 7656.62 7624.43 7609.18 7599.9 7590.56 7567.68 7549.09 7541.27 7536.08 7530.53 7524.27 7519.5 7515.03 7513.68 7513.77 7514.23 7513.38 7505.12 7500.71 7493.24 7490.13 7484.36 7476.79 7471.74 7467.89 7475.72 7496 7515.39 7542.77 7567.47 7590.68 7610.19 7626.7 7638.11 7641.79 7639.49 7642.44 7661.28 7716.07 7789.14 7882.88 7978.77 8076.81 8162.93 8252.19 8346.64 8455.63 8583.38 8722.32 8907.1 9113.21 9341.54 9494.24 9607.59 9530.13 9412.33 9352.03 9352.75 9352.65
8139.6 8052.43 7963.66 7879.89 7805.06 7731.24 7692.73 7652.72 7612.93 7584.76 7574.04 7568.27 7561.22 7538.64 7520.71 7515.2 7509.54 7504.19 7499.19 7490.46 7482.12 7482.55 7482.34 7476.11 7465 7466.52 7460.59 7459.87 7466.09 7467.37 7465.22 7461.89 7460.27 7465 7478.5 7494.14 7515.07 7534.36 7552.5 7567.95 7581.34 7593.45 7605.06 7615.05 7632.37 7658.74 7707.62 7771.96 7852.28 7938.91 8029.71 8123.08 8206.35 8310.39 8414.24 8511.58 8624.75 8793.04 8972.3 9169.6 9356.51 9528.01 9531.15 9436.77 9374.99 9381.45 9372.9
8054.24 7970.42 7891.48 7818.45 7754.07 7694.86 7655.61 7614.43 7572.14 7549.02 7541.54 7538.55 7536.71 7523.96 7505.6 7494.68 7486.78 7479.27 7472.92 7468.41 7463.15 7462.02 7460.05 7454.31 7448.06 7444.74 7443.23 7445.41 7450.84 7454.78 7455.42 7454.31 7455.08 7459.12 7468.09 7477.26 7493.38 7507.02 7520.3 7532.35 7542.38 7550.82 7568.27 7588.54 7611.91 7645.56 7695.5 7756.86 7825.37 7905.74 7993.19 8085.07 8168.6 8267.75 8369.01 8461.65 8557.29 8701.63 8850.23 9010.66 9175.63 9345.88 9483.2 9456.12 9413.74 9384.59 9369.95
7972.98 7888.78 7821.31 7760.55 7710.99 7665.26 7623.51 7584.07 7546.7 7522.05 7511.41 7507.96 7509.68 7507.65 7487.12 7475.36 7468.01 7459.87 7454.27 7453.4 7452.36 7450.23 7446.39 7442.2 7437.59 7434.84 7431.23 7437.26 7442.66 7446.87 7448.5 7449.1 7449.69 7452.23 7453.07 7461.18 7474.99 7486.66 7496.36 7504.27 7512.92 7521.24 7539.04 7560.03 7584.95 7625.11 7673.91 7732.58 7801.96 7880.49 7965.61 8054.74 8131.81 8224.33 8322.28 8421.42 8506.71 8639.01 8768.67 8902.57 9039.04 9221.98 9418.69 9476.59 9503.28 9509.76 9480.15
7861.76 7807.09 7754.69 7704.93 7658.95 7620.71 7597.17 7557.21 7520.35 7494.1 7481.83 7475.59 7468.4 7455.63 7456 7455.16 7452.76 7449.38 7445.61 7443.67 7442.46 7439.33 7435.7 7433.36 7433.33 7431.72 7431.79 7435.12 7439.48 7442.22 7443.96 7444.6 7445.61 7445.6 7445.94 7453.44 7462.31 7471.06 7479.84 7485.94 7490.31 7495.93 7513.19 7533.14 7555.23 7590.57 7642.78 7704.51 7773.25 7852.12 7932.84 8019.35 8107 8178.18 8270.28 8365.89 8470.98 8588.46 8704.94 8800.38 8913.25 9093.9 9339.05 9479.18 9605.83 9650.62 9608.05
7787.75 7745.56 7703.13 7658.36 7610.58 7579.87 7564.05 7530.27 7493.42 7462.54 7455.4 7448.89 7438.4 7425.89 7432.06 7437.71 7441.24 7442.02 7439.21 7435.26 7432.8 7429.8 7424.24 7421.91 7424.09 7422.69 7426.02 7432.54 7436.86 7438.79 7439.89 7440.92 7442.15 7443.95 7445.28 7448.99 7454.83 7461.14 7466.87 7471.4 7474.14 7479.06 7490.83 7506.45 7527.57 7558.18 7603.84 7663.46 7734.93 7812.85 7893.71 7970.64 8049.2 8126.65 8212.94 8321.23 8441.27 8537.4 8625.7 8694.11 8788.05 8972.04 9229.05 9423.58 9586.49 9663.65 9650.52
7764.34 7713.47 7668.05 7628.85 7593.03 7560.69 7537.57 7507.95 7477.31 7452.62 7440.49 7432.25 7425.22 7421.69 7418.31 7423.71 7431.18 7436.75 7432.64 7425.65 7419.5 7413.91 7409.76 7406.56 7401.13 7399.71 7410.47 7429.71 7433.36 7433.45 7434.51 7436.37 7438.21 7439.61 7441.82 7444.46 7447.91 7451.65 7456.94 7461.56 7464.69 7467.09 7471.58 7480.17 7497.45 7518.55 7558.02 7620.78 7691.1 7768.44 7848.25 7922.83 8000.87 8072.37 8151.29 8255.63 8387.91 8491.15 8582.94 8632.49 8706.43 8888.72 9147.13 9312.27 9457.98 9548.02 9624.54
7776.9 7686.1 7638.09 7606.66 7583.62 7545.73 7514.65 7489.94 7466.5 7445.95 7431.91 7420.26 7412.43 7404.75 7402.9 7409.61 7419.52 7429.29 7423.06 7413.65 7404.51 7395.7 7396.26 7395.28 7393.41 7391.87 7398.09 7424.97 7425.53 7425.27 7427.17 7430.74 7433.96 7437.58 7439.62 7439.47 7439.92 7441.89 7446.49 7452.96 7459.84 7460.3 7453.69 7450.56 7452.64 7469.69 7512.72 7578.97 7652.84 7729.81 7808.88 7887.72 7963.34 8034.3 8095.18 8185.77 8318.96 8451.4 8558.67 8606.58 8639.64 8793.44 9023.3 9176.18 9254.89 9398.05 9546.55
7680.31 7634.67 7602.01 7580.51 7563.58 7528.61 7497.45 7474.89 7455.59 7440.71 7423.96 7408.87 7399.01 7387.99 7387.96 7394.48 7400.53 7408.35 7405.54 7400.81 7394.92 7390.37 7389.11 7389.46 7390.81 7392.06 7392.82 7397.96 7407.54 7412.87 7417.83 7422.48 7428.38 7433.55 7437.02 7433.85 7431.78 7431.9 7435.1 7441.84 7450.74 7448.45 7435.06 7424.89 7421.56 7439.9 7484.43 7548.08 7619.93 7697.15 7776.36 7854.78 7934.45 8011.83 8085.91 8156.22 8269.79 8444.01 8560.41 8605.91 8604.89 8725.07 8939.02 9077.6 9184.48 9286.6 9448.06
7627.67 7582.9 7561.33 7548.58 7537.66 7509.43 7481.44 7459.5 7442.34 7427.65 7412.66 7397.8 7382.82 7376.82 7380.38 7382.49 7381.91 7379.86 7388.46 7390.61 7388.8 7387.01 7385.5 7387.05 7388.41 7390.57 7388.83 7387.42 7391.48 7399.26 7406.21 7412.87 7420.15 7430.02 7435.03 7421.79 7418.25 7417.65 7418.84 7422.1 7436.02 7429.26 7414.49 7405.17 7404.18 7427.04 7470.09 7526.72 7595.85 7668.86 7748.08 7829.3 7915.25 8007.48 8114.92 8240.36 8382.44 8481.95 8564.95 8608.1 8596.58 8673.53 8819.99 8992.72 9157.13 9206.16 9376.98
7581.61 7538.74 7522.41 7511 7500.21 7474.91 7457.13 7441.54 7427.01 7413.77 7400.61 7389.03 7381.54 7379.08 7378.59 7376.64 7375.53 7377.38 7383.05 7388.13 7387.99 7381.92 7386.95 7392.84 7391.9 7382.31 7382.26 7378.72 7379.94 7388.17 7396.03 7401.47 7406.59 7408.7 7396.54 7400.1 7402.67 7402.77 7401.24 7396.02 7384.36 7392.11 7395.5 7393.11 7395.25 7418.28 7458.57 7510.26 7573.91 7648.31 7728.5 7813.65 7906.05 8002.87 8112.3 8273.88 8447.33 8502.88 8543.88 8568.85 8593.03 8657.83 8762.28 8907.22 9060.56 9164.31 9329.29
7551.14 7509.42 7495.25 7480.94 7464.2 7449.06 7437.3 7424.76 7411.72 7398.6 7387.82 7383.17 7379.54 7378.91 7378.4 7375.21 7373.24 7377.51 7388.03 7396.46 7400.09 7399.2 7404.83 7412.39 7413.03 7409.13 7395.84 7380.68 7376.55 7384.5 7389.12 7390.06 7390.99 7387.75 7380.94 7385.47 7390.21 7391.38 7389.79 7382.97 7375.95 7380.89 7389.01 7393.86 7402.38 7415.43 7442.39 7494.57 7557.58 7632.03 7711.99 7795.64 7889.39 7991.26 8104.64 8254.37 8394.13 8477.31 8516.81 8537.68 8588.52 8663.65 8764.75 8875 8994.05 9194.83 9329.36
7541.06 7504.29 7487.4 7467.86 7452.56 7442.84 7423.83 7410.33 7399.54 7389.37 7381.77 7381.44 7382.34 7381.59 7380.03 7377.19 7376.5 7385.75 7403.26 7418.53 7428.42 7432.91 7440.53 7448.71 7451.33 7443.26 7423.85 7403.18 7391.91 7392.56 7389.57 7384.42 7377.9 7375.35 7380.15 7381.72 7384.96 7387.13 7386.89 7383.76 7379.19 7386.16 7394.22 7402.23 7411.89 7417.07 7439.11 7482.11 7540.98 7610.42 7687.56 7773.48 7866.14 7974.02 8099.5 8231.53 8366.8 8445.01 8490.03 8533.48 8577.04 8658.83 8788.67 8909.68 9047.57 9268.24 9361.43
7562.21 7529.44 7491.93 7461.76 7435.4 7418.39 7405.16 7396.77 7389.98 7384.85 7382.7 7381.43 7383.72 7383.06 7385.96 7381.86 7383.29 7402.34 7429.15 7451.85 7468.57 7481.37 7491.54 7495.75 7501.87 7495.74 7466.57 7445.17 7427.13 7415.6 7403.97 7390.4 7378.03 7376.98 7379.45 7379.18 7384.24 7387.65 7391.39 7395.87 7399.6 7400.31 7405.09 7412.6 7419.3 7419.77 7433.81 7470.15 7523.77 7587.57 7658.68 7740.78 7831.76 7935.27 8057.82 8169.28 8292.32 8372.66 8446.9 8515.8 8570.51 8652.25 8806.27 8950.94 9109.78 9342.18 9412.8
7561.11 7533.76 7491.25 7455.25 7414.74 7386.55 7386.09 7384.71 7383.01 7381.56 7380.22 7379.99 7378.32 7377.86 7379.25 7387.7 7403.64 7433.28 7469.19 7498.99 7520.66 7530.7 7532.9 7548.07 7552.61 7552 7525.05 7499.59 7478.5 7447.2 7423.71 7402.31 7388.28 7391.13 7413.49 7392.59 7389.13 7391.06 7395.64 7403.58 7413.22 7411.9 7415.51 7420.87 7423.98 7423.15 7431.81 7462.8 7510.75 7568.55 7635.01 7709.58 7791.59 7885.12 7984.12 8082.79 8160.33 8269.67 8394.77 8487.41 8544.55 8622.23 8810.07 9009.89 9193.67 9422.1 9475.79
