real_craters/C183-300m.grd
DSAA
526 526
-78.6975 78.6975
-78.6975 78.6975
7368.6979180432 10025.354095858
[rows 450 to 479 of 526, columns 0 to 66 of 526]
8915.6 8916.01 8916.01 8917.3 8920.03 8922.75 8925.24 8927.67 8930.12 8932.32 8933.8 8935.55 8937.8 8940.23 8939.71 8938.67 8937.95 8937.62 8937.43 8937.55 8938.2 8939.9 8943.86 8947.62 8948.93 8948.96 8949.51 8950.46 8951.62 8953.06 8954.72 8956.53 8958.09 8960.2 8962.05 8963.95 8967.28 8968.31 8968.77 8968.52 8968.4 8967.89 8962.79 8956.9 8949.95 8942.08 8937.15 8934.47 8932.37 8929.47 8926.86 8924.62 8922.35 8920.17 8917.99 8915.83 8913.74 8911.87 8910.66 8909.46 8909.14 8910.07 8907.8 8904.77 8902.59 8900.94 8900.41
8920.04 8920.62 8920.61 8921.22 8923.54 8926.06 8928.28 8930.29 8932 8933.23 8934.72 8935.95 8937.17 8938.62 8938.75 8938.56 8938.24 8937.83 8937.52 8937.26 8937.03 8937.02 8937.59 8942.08 8945.43 8947.26 8948.48 8949.88 8951.14 8952.56 8954.11 8955.44 8957.14 8958.77 8960.34 8961.79 8965.1 8966.59 8966.74 8967.07 8966.87 8965.64 8960.24 8953.7 8946.28 8937.98 8933.75 8932.35 8930.31 8928.15 8926.26 8924.1 8921.78 8919.5 8917.28 8915.18 8913.24 8912.16 8911 8910.04 8909.98 8910.4 8908.5 8905.51 8903.37 8901.83 8901.19
8927.33 8927.06 8926.33 8926.09 8928.52 8930.54 8932.14 8933.46 8934.58 8935.44 8936.02 8935.98 8935.85 8935.61 8937.34 8938.04 8938.23 8938.07 8937.74 8937.17 8936.27 8934.94 8933.72 8938.01 8942.22 8945.46 8947.08 8948.35 8949.67 8951 8952.82 8954.86 8956.36 8957.81 8959.17 8960.39 8963.59 8964.15 8964.27 8964.31 8963.87 8962.13 8957.22 8951.44 8945.15 8938.85 8934.86 8932.86 8929.89 8927.94 8926.57 8924.27 8921.85 8919.46 8917.22 8915.16 8913.28 8912.34 8911.15 8910.04 8909.25 8908.24 8906.66 8905.04 8903.6 8902.4 8901.93
8934.62 8935.02 8934.83 8935.18 8935.66 8936.32 8936.9 8937.15 8937.48 8938.35 8937.15 8936.08 8935.76 8935.91 8937.03 8937.92 8938.41 8938.53 8938.32 8937.79 8936.9 8935.91 8935.56 8939.52 8943.81 8944.93 8946.11 8947.35 8948.71 8949.6 8950.95 8952.68 8954.03 8955.35 8956.61 8958.28 8961.16 8961.81 8962.01 8961.26 8959.57 8957.79 8953.99 8949.64 8945.29 8941.42 8938.39 8936.01 8934.21 8932.01 8928.01 8924.78 8921.99 8919.45 8917.19 8915.14 8913.29 8912.27 8910.87 8909.48 8908.27 8907.1 8905.79 8904.33 8903.35 8902.67 8902.58
8943.4 8944.39 8943.98 8943.24 8943.12 8943.22 8942.67 8941.31 8939.33 8937.33 8935.82 8935.7 8936.46 8937.04 8937.5 8938.34 8939.03 8939.38 8939.58 8939.28 8938.76 8938.62 8939.06 8940.92 8943.94 8943.49 8944.34 8945.64 8947.02 8948.39 8949.98 8951.57 8952.89 8954.17 8955.38 8956.84 8958.94 8959.81 8959.67 8958.7 8955.58 8953.6 8950.85 8947.73 8945.11 8943.7 8942.5 8938.39 8935.93 8932.82 8928.62 8924.68 8921.7 8919.12 8916.92 8914.96 8913.77 8912.12 8910.75 8908.98 8907.45 8906.02 8905.14 8903.39 8902.55 8902.41 8903.07
8955.92 8955.5 8954.01 8951.94 8951.63 8951.08 8949.3 8946.18 8941.83 8936.59 8934.73 8935.23 8936.6 8937.45 8938.12 8939.28 8940.26 8940.95 8941.56 8941.51 8941.12 8940.76 8940.35 8940.01 8938.98 8940.39 8942.27 8943.88 8945.29 8946.55 8948 8949.18 8950.87 8952.09 8953.55 8954.54 8955.36 8956.61 8957.08 8957.45 8955.4 8951.61 8947.81 8945.29 8943.49 8942.28 8940.43 8937.69 8934.92 8931.86 8927.78 8923.98 8921.15 8918.7 8916.75 8915 8914.23 8912.6 8911.29 8909.37 8906.79 8903.63 8900.86 8901.7 8902.54 8903.01 8903.55
8969.19 8967.09 8965.18 8963.02 8962.04 8960.58 8957.43 8952.58 8946.58 8940.26 8936.76 8935.93 8934.8 8937.02 8939.17 8940.91 8942.27 8943.33 8943.99 8944.32 8943.96 8943.08 8941.68 8939.86 8937.13 8938.37 8941 8942.86 8944.16 8945.25 8946.08 8947.13 8948.24 8949.69 8950.81 8951.49 8952.57 8954.16 8954.75 8955.95 8956.82 8947.21 8943.92 8942.08 8940.71 8939.67 8938.19 8935.17 8932.05 8929.38 8925.29 8922.24 8920.05 8918.37 8916.91 8916.34 8915.36 8913.94 8912.26 8910.12 8907.45 8903.51 8898.62 8901.98 8904.03 8904.53 8904.93
8978.53 8976.9 8976.14 8974.69 8974.14 8971.83 8967.06 8960.51 8953.14 8945.98 8941.44 8939.48 8938.46 8939.57 8941.4 8943.22 8944.78 8946.14 8947.22 8947.9 8947.7 8945.85 8944.45 8942.49 8938.64 8939.44 8941.28 8942.03 8942.47 8943.23 8943.84 8944.62 8945.55 8946.15 8947.25 8948.37 8949.44 8950.52 8951.59 8951.88 8951.12 8942.71 8939.92 8938.51 8937.26 8936.13 8935.23 8931.01 8926.88 8922.98 8921.16 8920.04 8919.23 8918.55 8917.81 8917.51 8916.61 8915.57 8914.14 8912.58 8910.55 8908.36 8906.23 8907.36 8907.72 8907.08 8906.76
8981.66 8982.9 8985.8 8988.38 8988.56 8984.19 8977.04 8968.67 8960.15 8952.36 8946.83 8944.44 8944.38 8943.85 8944.67 8946.06 8947.65 8949.22 8950.65 8951.97 8952.71 8952.17 8950.13 8948.04 8945.67 8944.28 8942.98 8941.87 8941.11 8940.92 8941.03 8941.58 8942.74 8943.63 8944.42 8945.47 8946.4 8947.1 8947.52 8946.03 8942.27 8939.01 8936.76 8935.09 8933.55 8931.71 8928.67 8925.8 8921.93 8917.72 8917.31 8917.89 8918.32 8918.52 8918.4 8918.64 8918.07 8917.39 8916.43 8915.57 8914.88 8915.13 8917.83 8915.14 8912.29 8910.34 8908.72
8977.09 8983.63 8991.94 9000.27 9002.81 8995.52 8985.52 8975.61 8966.49 8957.96 8951.26 8949.05 8947.6 8947.37 8947.97 8948.92 8950.38 8952.02 8953.83 8955.68 8957.57 8958.9 8956.07 8953.2 8951.56 8948.8 8944.29 8940.88 8938.86 8938.06 8937.66 8937.9 8938.87 8939.74 8940.33 8941.7 8942.7 8943.4 8944.03 8942.37 8939.28 8937.29 8934.41 8932.04 8930.38 8928.5 8925.59 8922.9 8919.52 8916.15 8915.61 8916.93 8918.19 8918.99 8920.05 8920.02 8919.93 8919.52 8918.98 8918.56 8918.46 8919.25 8919.85 8918.34 8915.69 8913.08 8911.05
8966.56 8978.73 8992.07 9006.32 9012.67 9001.9 8989.52 8979.26 8971.27 8964.44 8958.44 8954.61 8952.06 8950.47 8950.79 8951.28 8952.42 8954 8955.79 8957.99 8960.1 8960.98 8957.88 8954.35 8952.26 8948.88 8942.79 8938.45 8935.89 8934.29 8933.43 8933.52 8934.37 8935.25 8936.35 8937.56 8938.75 8939.87 8941.17 8941.2 8938.59 8934.18 8930.71 8928.85 8927.93 8926.99 8925.6 8923.2 8919.52 8915.43 8915.33 8917.58 8919.18 8920.12 8921.26 8921.5 8921.67 8921.4 8921.3 8920.98 8921.02 8921.25 8921.13 8919.88 8917.53 8915.12 8912.77
8955.71 8969.16 8983.6 9000.03 9009.97 8997.45 8985.47 8977.64 8973.08 8970.42 8967.59 8960.91 8955.2 8953.29 8952.7 8952.65 8953.52 8954.93 8956.68 8958.47 8959.97 8960.03 8956.06 8951.31 8947.08 8942.83 8937.57 8933.72 8931.4 8930.22 8929.85 8929.51 8930.13 8931.07 8932.33 8933.67 8934.96 8936.4 8937.7 8938.83 8935.58 8928.58 8925.23 8925.81 8925.99 8926.07 8926.58 8925.17 8921.26 8918.42 8918.6 8920.47 8921.73 8923 8923.46 8923.52 8923.64 8923.37 8923.05 8922.89 8922.77 8922.53 8922.17 8920.83 8918.59 8916.44 8914.08
8945.97 8955.92 8966.43 8977.7 8985.55 8977.63 8971.89 8969.64 8970.21 8972.97 8977.11 8972.48 8962.7 8955.63 8952.68 8952.21 8952.85 8954.38 8956.03 8957.19 8956.93 8955.4 8951.51 8945.65 8938.81 8932.43 8930.14 8927.9 8926.22 8925.61 8925.59 8925.91 8926.62 8927.62 8928.56 8929.81 8931.09 8932.38 8933.18 8932.89 8930.72 8926.34 8923.99 8924.71 8924.82 8924.67 8924.93 8924.51 8922.83 8922.92 8923.99 8925.06 8925.83 8926.02 8926.02 8925.74 8925.47 8925.08 8924.63 8924.16 8923.8 8923.37 8922.73 8921.32 8919.07 8916.91 8914.95
8935.97 8940.79 8944.76 8945.72 8943.08 8946.34 8951.55 8956.42 8961.77 8967.87 8972.89 8968.97 8960.52 8954.18 8951.18 8949.62 8950.54 8952.43 8954.47 8955.71 8954.67 8951.48 8946.83 8939.67 8931.82 8925.96 8922.62 8921.36 8921.03 8921.28 8921.82 8922.1 8923.05 8924.06 8925.23 8926.42 8927.53 8928.7 8929.11 8927.47 8927.82 8927.23 8926.8 8925.62 8924.55 8923.03 8921.2 8920.2 8923.11 8926.97 8929.9 8930.15 8929.93 8929.26 8928.45 8927.8 8927.3 8926.71 8926.16 8925.61 8924.86 8923.84 8922.58 8920.58 8919.32 8917.65 8915.99
8925.73 8926.36 8925.34 8919.97 8910.91 8920.42 8932.06 8941.28 8949.07 8956.72 8962.72 8957.81 8949.76 8946.53 8945.5 8944.77 8946.48 8949.04 8951.98 8954.58 8955.29 8951.13 8943.34 8934.37 8925.28 8916.38 8915.3 8915.35 8916.02 8916.79 8917.78 8918.18 8919.33 8920.72 8921.81 8922.85 8924.05 8925.38 8926.74 8927.99 8927.97 8928.37 8927.8 8927.41 8925.25 8922.36 8919.13 8917.61 8923.42 8930.36 8935.12 8934.83 8933.61 8932.34 8931.05 8930.1 8929.05 8928.14 8927.46 8926.8 8926.03 8924.77 8923.18 8921.23 8920.28 8918.79 8917.28
8916.6 8915.24 8912.24 8907.24 8903.34 8908.21 8918.04 8927.33 8934.81 8940.91 8943.68 8932.32 8933.87 8935.97 8935.89 8938.11 8940.8 8944.05 8947.83 8952.12 8955.46 8949.58 8939.52 8929.27 8919.82 8912 8910.1 8910.5 8911.45 8912.69 8914.09 8915.26 8916.48 8917.77 8918.29 8919.41 8920.38 8921.45 8923.34 8927.88 8927.51 8930.06 8932.71 8930.15 8926.76 8923.27 8919.84 8917.54 8925.1 8933.09 8938.45 8938.2 8936.03 8934.42 8932.77 8931.57 8930.44 8929.74 8928.98 8928.23 8927.38 8926.27 8924.95 8923 8922.28 8920.65 8919.01
8909.24 8907.74 8905.2 8901.67 8898.71 8902.29 8909.33 8916.29 8921.55 8924.45 8922 8916.83 8921.25 8926.18 8927.85 8931.15 8934.34 8937.7 8941.39 8945.43 8948.01 8942.83 8933.64 8924.19 8915.78 8909.31 8906.74 8906.9 8908.05 8909.53 8911.07 8912.48 8913.82 8914.88 8915.85 8916.79 8917.05 8917.52 8916.6 8916.3 8924.06 8929.5 8933.93 8931.33 8927.94 8925.16 8923.17 8922.98 8928.56 8935.56 8941.04 8939.88 8937.1 8935.23 8933.69 8932.46 8931.69 8931 8930.49 8929.88 8929.14 8928.28 8927.61 8927.17 8925.31 8923.19 8921.2
8905.48 8904.19 8901.91 8899.94 8899.4 8901.05 8904.44 8908.62 8911.62 8912.99 8911.69 8911.69 8914.78 8918.96 8920.5 8924 8927.07 8929.92 8932.63 8935.59 8936.41 8932.49 8925.78 8918.77 8912.08 8906.51 8903.94 8904.08 8905.59 8907.22 8908.82 8910.26 8911.6 8912.68 8913.44 8914.15 8915 8915.72 8917.62 8919.45 8922.06 8926.45 8929.17 8929.28 8927.79 8926.71 8926.85 8928.99 8932.14 8936.16 8939.82 8938.44 8936.1 8934.73 8933.76 8932.95 8932.33 8931.88 8931.6 8931.21 8930.92 8930.42 8929.93 8929.22 8927.73 8925.86 8923.65
8904.02 8903.28 8902.14 8900.69 8899.95 8900.43 8902.28 8904.47 8905.79 8906.1 8905.07 8907.18 8910.86 8913.61 8916.37 8917.15 8920.51 8922.3 8923.2 8923.58 8923.83 8921.69 8918.3 8913.52 8908.25 8903.22 8901.13 8902.21 8904.05 8905.69 8907.17 8908.44 8909.7 8910.71 8911.74 8912.46 8913.16 8913.83 8915.46 8917.74 8919.84 8922.7 8925.69 8926.3 8926.23 8926.88 8928.64 8931.84 8933.35 8933.97 8933.55 8933.53 8933.33 8933.06 8933 8932.81 8932.8 8932.86 8932.77 8932.77 8932.61 8932.4 8931.97 8930.98 8929.89 8928.35 8926.31
8906.48 8906.08 8905.39 8904.05 8902.61 8901.98 8903.09 8904.05 8904.35 8903.52 8901.94 8906.25 8908.9 8910.44 8911.99 8913.76 8913.98 8915.12 8914.74 8912.78 8910.51 8912.4 8911.79 8909.38 8905.91 8901.94 8900.21 8901.86 8903.46 8904.6 8905.81 8907.03 8908.05 8909.11 8909.9 8910.76 8911.52 8911.97 8911.91 8914.02 8916.72 8918.74 8920.32 8921.67 8923.45 8925.5 8928.05 8930.7 8931.77 8931.07 8929.72 8929.82 8930.41 8931.25 8931.69 8932.32 8932.78 8933.49 8934.05 8934.11 8934.23 8934.28 8934.16 8933.79 8932.81 8931.3 8929.23
8911.06 8912.05 8911.97 8910.64 8908.49 8907.46 8907.31 8907.35 8907.06 8906.03 8906.01 8908.4 8907.93 8908.3 8908.67 8910.44 8909.76 8910.19 8909.64 8908.59 8907.21 8907.6 8907.77 8906.9 8905.42 8904.32 8904.3 8903.16 8903.55 8904.16 8904.92 8905.82 8906.74 8907.73 8908.58 8909.54 8910.43 8911.21 8911.95 8912.96 8914.48 8915.43 8915.9 8917.36 8920.39 8923.24 8925.98 8928.81 8929.61 8927.89 8927.29 8927.14 8927.58 8929.42 8930.83 8932.16 8933.11 8933.99 8934.59 8935.13 8935.67 8935.98 8936.29 8936.27 8935.47 8933.8 8932.02
8919.28 8920.85 8921.33 8919.77 8916.99 8915.34 8913.99 8914.3 8913.48 8911.39 8910.01 8907.27 8906.89 8907.3 8907.04 8907.91 8907.29 8907.9 8907.4 8907.26 8906.13 8905.59 8905.77 8905.65 8905.38 8905.45 8905.71 8904.35 8903.94 8903.91 8904.39 8905.12 8905.77 8907.05 8907.78 8908.81 8909.95 8911.13 8912.5 8912.73 8913.33 8913.73 8913.69 8914.79 8918.34 8920.97 8923.07 8924.54 8924.68 8923.55 8921.43 8920.85 8924.76 8927.94 8930.21 8931.89 8933.31 8934.47 8935.33 8936.3 8937.07 8937.68 8937.97 8938.06 8937.34 8935.92 8934.19
8930.62 8933.95 8935.4 8933.41 8928.09 8921.38 8924.35 8926.61 8924.64 8919.38 8913.91 8910.72 8908.46 8907.38 8907.1 8907.02 8906.66 8906.82 8906.98 8906.86 8905.8 8905.23 8905.25 8905.17 8905.18 8905.4 8904.96 8904.67 8904.31 8904.12 8904.26 8904.56 8905.13 8905.45 8906.55 8907.79 8909.79 8910.7 8911.24 8912.27 8912.77 8913.4 8914.65 8917.01 8917.75 8919.26 8920.48 8920.72 8920.18 8920.8 8920.18 8921.27 8924.56 8927.61 8930.02 8931.95 8933.77 8935.01 8936.24 8937.33 8938.27 8939.08 8939.55 8939.59 8938.92 8937.71 8936.18
8945.56 8950.88 8953.58 8953.55 8949.99 8942.94 8946.79 8947.23 8942.39 8932.63 8922.36 8916.79 8912.6 8910.33 8908.86 8908.17 8908.39 8907.85 8908.13 8908.08 8906.84 8906.19 8905.62 8905.18 8905.32 8905.59 8907.19 8904.78 8904.26 8904.14 8904.18 8903.74 8904.61 8904.77 8905.85 8907.24 8909.32 8911.14 8912.04 8912.12 8912.36 8913.02 8914.21 8915.49 8916.77 8918.05 8919.09 8919.42 8919.57 8920.98 8922.5 8924.19 8925.94 8928.25 8930.46 8932.32 8934.17 8935.5 8936.99 8938.29 8939.46 8940.37 8940.97 8941.12 8940.74 8939.48 8937.66
8963.52 8970.58 8975.77 8978.97 8980.45 8982.63 8980.43 8975.53 8967.77 8954.36 8939.19 8928.48 8919.66 8915.43 8912.69 8910.88 8910.46 8910.2 8910.5 8910.35 8908.9 8907.78 8906.83 8906.11 8905.6 8904.87 8903.77 8903.33 8903.56 8903.64 8903.85 8903.63 8904.09 8904.24 8905.13 8906.66 8908.61 8911.05 8912.09 8911.64 8911.62 8912.12 8912.94 8914 8915.63 8917.35 8918.89 8920.09 8920.39 8922.95 8924.32 8925.55 8927.55 8929.53 8931.3 8932.97 8934.65 8936.21 8937.68 8939.3 8940.68 8941.77 8942.52 8942.62 8941.82 8940.91 8939.08
8983.51 8992.67 9000.42 9006.62 9011.61 9014.92 9012.92 9006.5 8998.49 8988.65 8969.58 8946.61 8930.38 8922.65 8918.15 8915.21 8913.68 8912.97 8913.61 8913.65 8911.64 8910.13 8908.76 8907.78 8906.48 8904.9 8903.39 8902.6 8903.09 8903.2 8903.41 8903.62 8903.82 8904.41 8904.6 8905.24 8906.55 8909.05 8910 8909.94 8910.32 8911.09 8911.99 8912.93 8914.91 8917.06 8919.23 8921.82 8926.05 8925.88 8926.59 8928.02 8929.6 8931.02 8932.31 8933.9 8935.45 8937.01 8938.64 8940.12 8941.64 8942.94 8944.01 8944.56 8944.08 8942.93 8940.5
9006.77 9017.55 9027.28 9035.77 9042.57 9046.05 9043.56 9035.61 9026.1 9017.61 8994.42 8964.54 8943.15 8932.17 8925.89 8921.58 8918.87 8916.83 8916.09 8915.95 8914.38 8913.06 8912.05 8910.6 8908.78 8906.5 8904.35 8903.07 8903.46 8903.38 8903.48 8904.21 8904.45 8904.13 8903.93 8903.73 8903.66 8904.57 8905.95 8907.26 8908.71 8910.09 8911.46 8912.66 8914.8 8917.07 8919.26 8921.65 8923.94 8925.8 8927.8 8930.34 8931.52 8932.4 8933.44 8934.76 8936.23 8937.72 8939.39 8940.79 8942.4 8943.9 8945.31 8946.55 8947.25 8945.3 8941.71
9030.76 9042.98 9053.98 9064.11 9072.66 9077.12 9073.21 9060.2 9043.91 9027.46 9003.36 8976.33 8955.84 8942.21 8934.83 8930.07 8926.27 8922.42 8918.53 8916.98 8917.86 8917.93 8917.12 8915.15 8912.89 8909.77 8906.55 8904.52 8904.57 8904.95 8905.04 8904.82 8904.94 8904.2 8903.33 8902.11 8900.74 8899.57 8901.98 8904.76 8907.2 8909.38 8911.47 8913.52 8915.51 8917.28 8918.88 8920.4 8922.04 8924.19 8927.23 8930.58 8931.94 8932.79 8934 8935.29 8936.77 8938.31 8940.01 8941.52 8943.01 8944.54 8946.08 8947.36 8948.19 8946.15 8942.02
9055.93 9068.65 9080.87 9091.2 9100.38 9106.75 9101.86 9079.01 9052.46 9029.92 9004.2 8980.85 8963.19 8950.94 8945.56 8941.52 8937.19 8932.17 8926.95 8925.3 8925.63 8925.77 8924.69 8922.11 8918.76 8914.79 8911.02 8907.91 8907.31 8906.67 8907.16 8906.58 8905.77 8904.55 8903.43 8901.82 8899.7 8898.93 8900.41 8903.31 8906.2 8908.93 8911.65 8914.41 8916.41 8917.56 8918.44 8919.22 8919.68 8921.94 8925.64 8928.25 8930.37 8932.46 8934.01 8935.55 8937.12 8938.71 8940.38 8941.85 8943.34 8944.73 8945.96 8946.82 8947.2 8945.22 8941.17
9082.02 9093.86 9104.94 9114.6 9123.19 9129.54 9124.11 9091.15 9052.37 9018.71 9002.62 8984.89 8964.49 8961.9 8960.55 8957.4 8952.58 8946.86 8942.03 8939.34 8937.99 8937.18 8935.14 8931.49 8926.85 8921.6 8916.94 8913.07 8910.46 8909.6 8909.14 8908.25 8908.11 8906.29 8904.26 8902.48 8899.94 8898.45 8900.3 8902.89 8905.62 8908.52 8911.67 8915.06 8917.17 8917.55 8917.92 8918.59 8919.75 8922 8924.87 8927.65 8930.11 8931.94 8933.73 8935.45 8937.12 8938.72 8940.26 8941.7 8943.08 8944.33 8945.2 8945.41 8944.67 8942.54 8939.4
