real_craters/C183-300m.grd
DSAA
526 526
-78.6975 78.6975
-78.6975 78.6975
7368.6979180432 10025.354095858
[rows 150 to 179 of 526, columns 134 to 200 of 526]
8935.64 8938.7 8941 8945.04 8948.28 8951.93 8956.62 8962.82 8970.62 8979.6 8989.69 9003.46 9012.17 9016.42 9018.28 9019.21 9020.15 9022.23 9024.87 9026.54 9026.71 9022.71 9019.13 9016.83 9015.05 9013.93 9013.18 9013.19 9007.71 9005.31 9013.17 9018.16 9021.37 9022.78 9024.94 9026.86 9028.25 9029.05 9029.77 9030.51 9031.3 9032.21 9033.3 9032.13 9031.08 9030.61 9029.62 9028.79 9027.51 9026 9023.93 9021.27 9022.41 9036.79 9039.8 9041.88 9044.32 9047.14 9050.06 9052.54 9052.68 9050.17 9048.23 9048.75 9052.04 9056.5 9062.7
8934.68 8938.43 8941.87 8944.83 8947.25 8950.53 8955.04 8960.96 8968.37 8977.09 8986.83 8996.7 9004.61 9009.92 9013.58 9016.57 9019.19 9022.53 9026.8 9031.17 9031.52 9026.74 9020.88 9016.42 9012.64 9009.62 9006.47 9001.56 9002.77 9011 9014.93 9020.71 9024.99 9025.26 9026.45 9027.19 9027.76 9028.06 9028.18 9027.96 9027.62 9026.93 9025.48 9025.34 9026.45 9026.8 9026.43 9025.79 9024.83 9023.52 9021.5 9019.17 9020.87 9028.15 9033.22 9036.78 9039.75 9042.23 9044.03 9044.53 9043.3 9039.98 9036.44 9035.82 9040.99 9049.26 9057.93
8934.54 8939.37 8944.4 8944.9 8946 8948 8952.18 8958.07 8965.09 8973.82 8983.31 8991.43 8997.62 9003.39 9008.12 9012.35 9016.04 9019.66 9022.72 9025.01 9027.26 9024.32 9019.33 9014.08 9009.4 9005.42 9001.89 8999.73 9002.13 9007.96 9016.42 9022.75 9025.9 9030.77 9029.04 9027.53 9027.05 9026.36 9025.97 9025.56 9024.77 9023.34 9020.9 9021.06 9023.23 9023.8 9023.93 9023.65 9023.19 9022.49 9021.57 9020.21 9020.68 9023.47 9028.02 9032.29 9035.55 9037.7 9038.66 9038.09 9035.88 9031.35 9026.14 9022.32 9032.13 9044.4 9055.28
8933.13 8937.58 8941.19 8943.52 8944.53 8945.81 8949.52 8954.77 8960.61 8967.08 8974.85 8982.86 8989.99 8996.37 9002.18 9007.17 9011.36 9015.24 9018.04 9019.65 9020.78 9019.64 9015.65 9010.98 9006.31 9002.02 8998.57 8996.39 8998.64 9008.59 9014.98 9021.59 9025.6 9028.96 9028.08 9026.58 9025.44 9024.65 9024.04 9023.34 9022.69 9022.04 9022.79 9023.88 9022.11 9021.63 9021.77 9022.06 9022.26 9022.59 9023.09 9023.91 9023.58 9023.21 9025.63 9029.32 9032.39 9034.55 9035.23 9033.86 9029.95 9026.33 9022.42 9018.72 9030.65 9044.97 9054.6
8930.82 8936.04 8940.76 8942.82 8943.55 8944.55 8947.55 8951.87 8956.46 8960.25 8966.22 8974.36 8982.76 8990.14 8996.29 9001.57 9006.36 9010.88 9015.1 9016.16 9017.88 9015.52 9011.24 9006.52 9001.89 8997.9 8994.75 8993.41 8995.65 8999.32 9010.29 9020.43 9021.63 9022.64 9024.17 9023.68 9023.49 9022.39 9021.7 9020.85 9019.69 9019.54 9020.72 9020.74 9019.01 9019.16 9019.77 9020.58 9021.69 9022.89 9024.27 9025.97 9025.32 9023.79 9024.86 9027.71 9030.39 9032.82 9034.25 9033.69 9029.93 9027.57 9025.42 9027.56 9032.84 9043.79 9053.4
8928.21 8934.35 8939.73 8942.21 8942.65 8943.46 8945.86 8949.6 8954.16 8958.9 8960.98 8968.01 8977.24 8985 8991.73 8997.2 9002.03 9006.78 9012.19 9018.55 9017.06 9011.04 9005.78 9001.08 8996.56 8992.64 8989.89 8988.57 8988.84 8995.97 9005.3 9015.88 9016.6 9019.12 9020.76 9021.15 9020.49 9019.45 9018.67 9018.24 9017.32 9016.16 9014.06 9012.04 9014.85 9016.41 9017.82 9019.23 9020.72 9022.33 9024.38 9026.38 9025.64 9024.88 9025.5 9026.51 9028.93 9032.21 9035.59 9038.44 9039.86 9038.37 9031.74 9027.54 9035.43 9042.57 9052.02
8925.12 8932.03 8938.52 8941.36 8941.09 8941.76 8943.82 8947.26 8952.11 8958.34 8960.45 8966.64 8974.72 8981.77 8988.16 8992.98 8997.59 9001.5 9005.48 9008.07 9007.73 9003.55 8999.29 8994.65 8990.51 8986.84 8984.11 8983.39 8988.07 8988.52 8996.38 9006.33 9015 9017.18 9017.8 9017.82 9017.01 9016.59 9015.42 9014.72 9013.93 9012.86 9011.87 9011.85 9012.82 9014.48 9016.4 9018.09 9019.47 9020.94 9022.61 9025.23 9023.23 9022.48 9022.97 9023.54 9026.99 9031.71 9037.21 9043.76 9051.13 9051.97 9044.99 9042.12 9045.09 9049.22 9054.1
8921.6 8928.57 8935.51 8938.79 8937.85 8938.44 8941.18 8944.46 8948.57 8954.63 8964.45 8968.98 8974.23 8979.96 8985.38 8990.18 8994.07 8996.56 8997.96 8996.13 8996.13 8994.86 8991.72 8988.14 8984.54 8981.12 8978.03 8974.39 8968.11 8972.58 8981.76 8995.85 9007.88 9012.49 9013.88 9014.97 9014.29 9013.84 9013.16 9012.25 9011.53 9010.84 9010.01 9009.41 9010.83 9013.44 9015.52 9017.14 9018.4 9018.97 9019.03 9018.39 9017.89 9015.71 9013.89 9018.8 9023.95 9029.96 9037.15 9045.49 9054.55 9058.81 9054.8 9052.66 9055.45 9057.37 9057.13
8917.62 8923.78 8929.1 8932.3 8934.01 8936.21 8939.31 8942.14 8945.34 8951.44 8962.26 8968.27 8973.54 8978.7 8983.48 8987.16 8990.54 8992.59 8992.92 8991.23 8991 8988.04 8985.19 8981.97 8978.98 8975.86 8973 8969.95 8965.81 8959.62 8958.79 8986.23 9001.27 9005.79 9009.03 9010.9 9012.16 9011.17 9011.2 9010.39 9009.8 9009.27 9008.94 9009.19 9010.78 9012.5 9015 9016.84 9017.89 9017.81 9016.54 9014.78 9014.03 9012.39 9012.15 9015.19 9020.43 9026.82 9034.28 9042.53 9051.13 9057.23 9059.03 9057.33 9056.46 9057.99 9058.29
8914.07 8919.47 8923.65 8927.26 8932.83 8936.5 8939.3 8941.45 8943.62 8948.85 8958.26 8966.77 8972.83 8977.79 8982.49 8985.92 8988.94 8990.81 8991.02 8988.21 8985.12 8981.91 8978.89 8976.02 8973.61 8971.51 8969.93 8969.24 8970.6 8966.82 8966.9 8977.22 8985.93 8999.23 9004.02 9007.48 9009.07 9009.06 9009.22 9009.05 9008.84 9008.46 9007.99 9008.34 9009 9011.75 9014.51 9016.63 9017.93 9018.31 9017.01 9014.73 9012.76 9010.37 9008.89 9011.7 9016.57 9022.59 9029.27 9036.15 9042.38 9047.01 9049.71 9052.8 9053.65 9055.98 9058.18
8911.38 8916.69 8922.17 8929.05 8936.93 8939.6 8940.94 8943.11 8945.15 8951.15 8960.27 8967.84 8973.3 8977.46 8981.38 8984.46 8987.27 8989.43 8990.45 8987.1 8979.51 8975.86 8972.62 8970.62 8968.61 8967.36 8966.85 8967.42 8969.66 8971.78 8976.56 8983.68 8992.43 8992.25 9001.33 9005.73 9006.95 9007.59 9008.26 9008.54 9008.51 9008.14 9007.36 9005.01 9007.65 9012.05 9015.01 9017.29 9019 9020.14 9020.06 9017.57 9013.13 9009.3 9006.98 9008.53 9012.61 9017.76 9023.34 9028.65 9032.81 9035.86 9039.61 9045.72 9053.04 9054.14 9056.56
8909.46 8914.63 8919.76 8924.9 8932.85 8938.55 8942.44 8946.89 8952.15 8960.14 8967.3 8970.65 8974.25 8977.74 8980.8 8982.81 8985.29 8987.45 8989.21 8985.92 8977.01 8969.93 8966.57 8964.82 8963.91 8963.46 8963.69 8964.39 8965.56 8969.99 8981.97 8991.54 9003.13 9002.85 9003.15 9004.38 9005.55 9006.34 9006.28 9006.86 9007.47 9008.04 9008.55 9009.71 9011.78 9014.21 9016.28 9018.27 9020.09 9021.99 9022.72 9019.35 9013.48 9008.36 9005.01 9005.4 9008.45 9012.73 9017.31 9021.47 9024.68 9026.41 9027.59 9035.65 9042.37 9046.53 9049.97
8907.99 8913.18 8918.31 8922.41 8926.18 8935.4 8943.62 8950.92 8958.09 8964.85 8969.58 8971.82 8974.5 8976.88 8979.02 8980.01 8981.66 8982.81 8983.34 8978.73 8966.37 8961.87 8959.82 8959.13 8959.45 8960.1 8960.68 8962.16 8963.04 8966.32 8976.13 8986.82 8997.13 9005 9004.08 9003.58 9003.15 9003.78 9004.85 9005.78 9006.97 9008.22 9010.12 9012.28 9014.75 9016.25 9017.42 9018.73 9020.14 9021.65 9024.38 9019.46 9012.58 9006.82 9002.68 9002.08 9004.66 9008.33 9012.14 9015.55 9018.47 9020.04 9020.44 9026.14 9032.8 9036.97 9040.66
8907.84 8913.32 8918.84 8924 8928.6 8936.87 8946.38 8954.83 8961.62 8963.57 8967.77 8971.73 8974.11 8975.43 8975.77 8976.79 8977.43 8976.8 8973.44 8966.13 8957.24 8953.76 8953.63 8954.41 8955.94 8957.18 8958.73 8960.31 8963.42 8967.71 8975.97 8981.53 8992.63 8999.61 9000.18 9000.34 9000.8 9001.36 9002.23 9003.68 9005.33 9007.57 9010.34 9013.65 9016.9 9017.17 9017.4 9017.83 9018.55 9018.7 9017.31 9015.23 9010.38 9005.03 9000.34 8999.25 9001.64 9004.61 9007.61 9010.57 9013.2 9016.82 9017.81 9018.54 9022.12 9027.81 9030.95
8908.91 8914.61 8920.58 8927.23 8932.43 8941.47 8950.94 8959.32 8965.11 8966 8969.51 8972.43 8973.49 8973.96 8973.2 8973.3 8973.01 8971.8 8968.09 8959.18 8948.8 8947.26 8948.87 8950.66 8952.01 8953.94 8956.45 8959.19 8964.02 8972.25 8974.04 8976.84 8981.58 8987.57 8992.26 8995.42 8996.67 8998 9000.01 9001.8 9003.91 9006.29 9009.29 9012.37 9015.07 9015.51 9015.61 9015.8 9016.12 9015.96 9014.61 9012.14 9008.25 9003.85 9000.18 8999.06 8999.67 9002.02 9004.63 9006.98 9008.61 9007.42 9007.95 9015.84 9019.89 9021.41 9022.89
8910.9 8916.67 8923.18 8931.42 8940.16 8948.19 8956.96 8964.84 8971.5 8973.9 8974.76 8973.9 8972.25 8971.1 8969.45 8968.76 8968 8967 8965.45 8957.22 8947.69 8945.02 8945.78 8947.33 8949.12 8951.55 8954.45 8957.61 8961.51 8964.89 8969.87 8973.44 8976.85 8982.43 8987.83 8991.07 8993.73 8995.24 8997.47 8999.21 9001.31 9003.51 9006.09 9008.82 9010.81 9011.82 9012.47 9012.93 9013.31 9013.52 9012.94 9010.07 9006.55 9002.74 8998.73 8995.99 8998.61 9000.67 9002.87 9004.97 9006.62 9007.02 9005.81 9011.8 9014.79 9015.32 9016.16
8913.99 8919.36 8925.43 8933.65 8946.49 8955.64 8963.55 8970.07 8978.26 8986.19 8979.52 8973.77 8969.88 8967.27 8965.4 8963.56 8962.29 8960.62 8957.96 8952.19 8945.13 8943.74 8944.15 8945.77 8947.68 8950.1 8952.77 8956.29 8959.26 8961.93 8964.48 8966.27 8978.28 8986.25 8988.44 8989.37 8992.15 8994.38 8996.07 8997.37 8998.93 9000.58 9002.41 9004.34 9005.73 9007.2 9008.28 9009.03 9009.77 9010.14 9009.63 9007.92 9005.22 9002.22 8999.8 8999.3 8998.81 9000 9001.63 9003.54 9006.08 9009.23 9008.57 9008.19 9009.46 9009.27 9008.68
8918.61 8923.57 8928.33 8934.51 8952.4 8963.17 8970.09 8974.6 8980.6 8985.61 8976.24 8969.39 8965.3 8962.07 8959.85 8957.66 8956.05 8954.16 8951.36 8947.5 8943.63 8942.27 8942.89 8944.49 8946.51 8949.09 8951.8 8954.66 8957.51 8961.1 8961.75 8963.64 8972.97 8980.69 8983.07 8986.48 8989.73 8992.33 8994.03 8995.4 8995.82 8996.65 8997.64 8999.12 9001.35 9002.4 9002.55 9004.03 9005.76 9006.72 9006.96 9006.06 9004.25 9002.02 8999.87 8998.89 8998.11 8999.02 8999.93 9000.85 9002.14 9007.33 9004.9 9006.12 9006.06 9003.86 9001.16
8926.25 8930.96 8934.98 8940.33 8961.54 8971.42 8976.2 8978.57 8972.71 8968.2 8964.12 8961.01 8957.94 8955.64 8953.16 8951.28 8949.42 8947.99 8946.82 8943.72 8941.15 8940.56 8941.6 8943.41 8945.64 8947.97 8950.45 8953.24 8955.41 8956.27 8957.73 8962.2 8971.59 8978.86 8979.7 8983.21 8987.41 8990.31 8992.09 8992.97 8992.99 8992.67 8991.94 8991.78 8993.59 8993.26 8994.55 8998.01 9001.89 9004.41 9005.22 9004.66 9003.22 9001.39 8999.27 8996.24 8997.25 8998.23 8998.43 8998.11 8996.09 8988.42 8995.87 9006.64 9003.52 8999.28 8996.08
8935.88 8941.27 8947.05 8955.32 8973.4 8978.76 8979.51 8976.85 8956.88 8945.72 8951.19 8951.68 8950.37 8948.46 8946.41 8944.52 8942.67 8940.89 8939.8 8939.3 8938.99 8939.45 8940.43 8942.35 8944.96 8947.15 8949.77 8952.54 8954.75 8957.36 8959.49 8962.33 8966.19 8970.15 8972.27 8981.57 8987.16 8990.12 8991.16 8991.11 8990.28 8988.72 8986.46 8983.13 8978.15 8978.23 8985.11 8991.76 8998.21 9003.46 9004.26 9002.96 9001.83 9000.85 8999.92 8999.33 8998.69 8998 8997.1 8996.41 8995.98 8996.6 8995.9 9002.86 8997.14 8992.67 8990.33
8946.75 8952.91 8960.49 8970.36 8981.39 8981.57 8978.84 8973.5 8960.42 8948.37 8945.31 8944.96 8943.96 8942.57 8940.58 8938.62 8936.56 8934.71 8933.97 8935.06 8936.28 8937.13 8939.33 8941.67 8944.38 8947.15 8949.84 8952.23 8955.23 8958.28 8959.71 8957.01 8962.65 8968.79 8979.54 8986.79 8989.93 8990.83 8990.87 8989.93 8988.48 8986.04 8982.52 8977.74 8971.43 8970.53 8978.71 8986.28 8993.43 9000.51 9000.82 8999.92 8999.65 8999.76 9000.31 9001.18 9000.08 8997.35 8994.94 8993.83 8994.21 8992.87 8988.33 8986.95 8986.81 8983.53 8980.91
8957.16 8962.81 8969.67 8976.42 8979.58 8978.24 8973.96 8967.07 8952.1 8944.26 8941.59 8940.61 8939.58 8938 8935.66 8933.46 8931.48 8930.17 8930.42 8931.94 8934.27 8936.76 8939.06 8941.61 8944.75 8947.41 8950.53 8952.97 8955.73 8959.12 8962.43 8961.28 8968.55 8982.03 8994.78 8995.73 8994.34 8993.06 8991.57 8989.84 8987.64 8984.88 8981.34 8977.21 8972.7 8971.63 8977.33 8982.42 8986.63 8990.26 8993.35 8995.02 8996.22 8997.6 8999.06 9001.06 8999.42 8994.54 8990.53 8988.24 8989.23 8988.95 8983.72 8980.86 8978.78 8973.93 8969.26
8967.96 8971.62 8974.47 8976.14 8975.77 8971.64 8965.85 8958.14 8943.38 8940.14 8939.2 8938.23 8936.79 8934.71 8932.31 8929.64 8927.49 8926.34 8927.21 8929.69 8932.97 8936.04 8938.24 8941.65 8945.34 8948.18 8951.04 8953.62 8956.44 8959.03 8962.32 8967.87 8977.1 8986.6 8996.8 8998.3 8996.59 8994.85 8992.86 8990.66 8988.16 8985.57 8982.63 8979.81 8978.22 8978.95 8979.51 8980.73 8981.34 8981.88 8986.56 8989.89 8992.32 8994.38 8995.89 8995.99 8993.44 8989.79 8983.98 8978.76 8975.89 8977.94 8981.52 8981.01 8974.25 8965.87 8956.47
8978.85 8980.72 8979 8975.19 8969.98 8962.85 8956.64 8950.19 8942.39 8941.45 8940.43 8938.72 8936.14 8933.66 8930.36 8927.04 8924.4 8923.65 8925.14 8928.43 8932.04 8934.51 8937.76 8942.49 8946.91 8949.97 8952.41 8954.84 8957.09 8958.84 8962.03 8971.38 8982.76 8994.17 8997.4 8997.87 8997.27 8995.57 8993.81 8991.77 8989.58 8986.82 8984.51 8982.75 8982.1 8982.94 8981.37 8980.33 8979.54 8980.22 8982.62 8985.45 8987.97 8989.89 8991.68 8993.26 8992.52 8984.68 8976.46 8968.67 8961.15 8968.22 8976.3 8978.66 8970.12 8960.22 8950.85
8989.92 8992.38 8992.46 8983.59 8968.62 8957.61 8953.86 8950.57 8951.66 8948.18 8944.94 8941.48 8937.86 8934.47 8930.23 8925.74 8921.69 8919.79 8923.28 8928.68 8933.79 8936.8 8939.54 8945.46 8949.84 8953.25 8955.21 8957.5 8958.83 8960.53 8963.33 8971.74 8981.85 8992.94 8997.74 8998.09 8997.5 8996.82 8995.32 8993.16 8990.33 8987.96 8986 8984.36 8984 8983.62 8982.32 8980.06 8978.61 8978.61 8979.9 8981.66 8983.48 8984.88 8986.02 8987.3 8987.2 8977.53 8968.91 8961.64 8957.91 8965.68 8981.04 8973.61 8965.45 8955.95 8947.8
8999.14 9002.39 9005.03 8996.15 8980.77 8969.59 8967.07 8964.53 8963.41 8957.45 8951.59 8946.53 8941.81 8937.47 8932.3 8927.01 8921.82 8918.6 8924.09 8931.53 8938.55 8944.47 8947.57 8951.19 8954.33 8957.01 8959.27 8960.87 8962.33 8964.92 8969.02 8974.83 8981.99 8990.55 8995.05 8995.78 8997.3 8997.28 8996.22 8994.36 8991.28 8988.98 8986.88 8985.3 8984.57 8985.2 8982.14 8978.76 8977.1 8976.95 8977.53 8978.52 8979.33 8979.53 8978.87 8977.28 8972.39 8967.38 8960.95 8955.57 8953.82 8959.55 8965.38 8966.96 8960.27 8951.73 8943.84
9005.29 9007.53 9009.16 9003.68 8997.68 8995.48 8985.4 8980.09 8973.69 8965.26 8958.34 8952.63 8947.47 8942.25 8937.31 8931.89 8926.88 8924.48 8929.72 8937.05 8944.68 8952.29 8956.63 8957.44 8959.23 8961.21 8963.06 8963.73 8966.39 8970 8974.81 8977.73 8981.17 8989.87 8995.04 8995.93 8997.83 8998.2 8997.2 8995.14 8992.8 8990.23 8987.54 8985.15 8982.81 8980.83 8978.07 8976.07 8974.38 8974.58 8975.54 8975.95 8975.66 8974.5 8972.07 8968.02 8963.66 8957.83 8953.48 8949.42 8947.7 8952.25 8958.03 8959.27 8954.14 8946.59 8939.91
9007.95 9008.08 9008.22 9005.45 9002.57 8998.93 8992.05 8984.64 8977.44 8970.31 8963.83 8957.87 8952.71 8947.64 8943.52 8939.77 8936.64 8935.1 8938.54 8943.76 8950.06 8956.45 8960.99 8962.15 8963.17 8964.75 8966.44 8967.28 8969.69 8972.93 8977.72 8980.76 8982.53 8990.62 8996.75 8998.89 9000.66 9000.71 8999.22 8997.06 8994.23 8991.39 8988.29 8984.98 8981.04 8975.75 8973.83 8974.75 8973.97 8974.43 8974.94 8974.51 8973.16 8970.75 8966.88 8961.42 8952.26 8950.57 8948.47 8945.03 8942.77 8944.98 8948.08 8951.48 8946.9 8939.88 8932.75
9008.98 9005.92 9003.63 9003.1 9001.55 8998.52 8992.03 8984.49 8979.07 8973.85 8968.32 8962.4 8957.43 8953.14 8950.16 8948.23 8947.94 8947.76 8947.61 8950.03 8954.23 8959.17 8963.73 8964.88 8965.81 8967.65 8969.01 8971.07 8973.02 8974.79 8977.55 8981.14 8985.36 8994.01 9002.86 9004.35 9005.34 9003.6 9001.18 8998.85 8995.91 8992.89 8989.6 8985.71 8981.64 8977.63 8976.09 8976.74 8977.73 8976.89 8975.87 8974.13 8971.75 8968.53 8964.34 8959.36 8956.03 8951.17 8946.72 8943.79 8941.49 8940.79 8941.95 8942.67 8938.71 8932.36 8926.02
9010.89 9004.49 9000.5 9001.35 9000.29 8995.43 8991.54 8986.45 8981.57 8976.68 8971.44 8966.02 8961.62 8957.86 8955.21 8954.61 8955.73 8955.35 8954.03 8954.67 8956.99 8960.06 8963.36 8965.8 8967.92 8970.88 8973.21 8975.44 8976.92 8977.67 8978.84 8981.55 8988.26 8996.89 9004.93 9013.96 9010.49 9005.94 9002.65 8999.83 8997.09 8994.17 8991.03 8987.44 8983.82 8980.33 8978.74 8980.14 8980.8 8979.74 8977.59 8974.74 8971.51 8967.71 8963.27 8958.48 8953.2 8948.58 8945.87 8943.31 8939.86 8935.73 8935.27 8935.55 8931.64 8924.55 8919.47
