real_craters/C183-300m.grd
DSAA
526 526
-78.6975 78.6975
-78.6975 78.6975
7368.6979180432 10025.354095858
[rows 150 to 179 of 526, columns 201 to 267 of 526]
9071.18 9084.7 9101.7 9106.99 9108.07 9114.44 9118.43 9115.91 9111.4 9105.64 9099.91 9094.14 9087.05 9078.46 9069.95 9061.97 9055.4 9050.63 9047.06 9044 9041.07 9038.16 9035.79 9033.63 9031.7 9029.82 9028.43 9028.18 9028.5 9029.13 9030.15 9030.9 9031.16 9031.09 9036.27 9041.97 9046.71 9050.98 9054.58 9056.97 9056.77 9050.88 9039.14 9027.77 9024.22 9021.56 9020.36 9024.37 9029.36 9033.28 9035.83 9036.91 9036.48 9033.79 9028.58 9020.9 9010.91 9005.47 9003.85 9002.07 8999.85 8996.85 8997.11 9012.58 9026.55 9037.78 9045.43
9067.84 9079.69 9092.37 9097.58 9102.08 9108.03 9111.98 9111.81 9109.26 9105.53 9101.39 9096.87 9090.16 9080.4 9070.03 9060.04 9050.94 9046.59 9044.27 9042.12 9039.86 9037.34 9034.89 9032.58 9030.5 9028.59 9027.49 9027.05 9027.71 9028.44 9029.61 9031.01 9032.67 9035.78 9039.05 9042.6 9046.36 9049.95 9053.27 9055.48 9055.32 9050.03 9039.14 9029.16 9029.11 9029.16 9030.78 9032.28 9033.62 9035.14 9035.74 9034.61 9032.36 9028.76 9024.1 9015.99 9005.77 9000.97 9001.13 9002.17 9002.57 9002.77 9007.19 9020.8 9035.8 9049.62 9061.9
9064.91 9074.51 9082.87 9089.26 9095.56 9102.73 9106.61 9107.32 9106.17 9104.04 9101.37 9098.17 9092.59 9081.98 9070.66 9059.23 9049.17 9045.08 9043.44 9041.87 9039.75 9037.38 9034.51 9032.04 9029.74 9027.94 9026.39 9026.34 9026.77 9027.67 9029.32 9031.49 9033.9 9037.53 9040.59 9043.16 9046.3 9049.32 9052.01 9054.43 9056.23 9052.62 9046.15 9041.09 9038.69 9038.15 9038.66 9038.65 9038.88 9039.07 9037.54 9034.06 9028.63 9022.46 9018.51 9011.96 9004.66 9001.33 9002.87 9006.55 9010.58 9015.53 9023.04 9034.11 9047.93 9062.8 9077.87
9063.76 9073.5 9081.74 9087.32 9091.41 9098.34 9102.16 9102.56 9102.31 9101.42 9099.9 9097.03 9091.12 9082.88 9072.28 9060.56 9050.4 9046.8 9045.26 9043.61 9041.16 9038.31 9035.08 9032.07 9029.48 9027.74 9027.77 9025.95 9025.76 9026.89 9029.05 9031.73 9034.51 9037.72 9040.76 9043.41 9046.39 9048.95 9051.03 9052.53 9055.05 9055.06 9053.16 9051.56 9050.05 9048.39 9045.56 9044.08 9045.95 9045.25 9041.75 9036.17 9028.68 9021.23 9015.23 9010.04 9004.89 9003.14 9007.57 9014.75 9021.83 9029.3 9037.47 9047.22 9059.14 9072.96 9088.5
9061.57 9068.16 9071.87 9074.01 9080.91 9089.12 9094.45 9096.97 9098.31 9098.83 9098.48 9096.93 9093.33 9086.25 9075.95 9064.53 9054.52 9051.7 9049.75 9047.33 9044.13 9040.52 9036.44 9032.09 9028.62 9026.21 9025.43 9023.65 9023.75 9025.73 9028.96 9032.3 9035.23 9037.38 9039.76 9044.18 9048.01 9050.22 9050.54 9049.52 9050.89 9056.48 9061.06 9062.81 9062.55 9061.51 9059.14 9057.17 9057.79 9054.67 9048.49 9040.95 9032.42 9023.71 9019.48 9013.96 9008.47 9004.89 9016.39 9027.45 9036.07 9043 9050.65 9058.83 9067.8 9078.01 9089.3
9059.07 9063.38 9062.98 9062.21 9069.04 9077.77 9084.42 9089.15 9092.2 9094.08 9095.28 9096.15 9096.9 9089.07 9080.82 9072.37 9064.57 9060.27 9056.61 9052.65 9048.04 9043.41 9038.22 9032.8 9027.81 9023.33 9019.77 9018.61 9020.8 9025.07 9029.45 9033.8 9037.38 9039.34 9040.59 9047.32 9052.04 9054.21 9053.44 9048.86 9046.47 9059.38 9073.65 9074.9 9074.69 9076.2 9078.54 9079.78 9074.74 9066.15 9056.46 9047.11 9039.08 9034.05 9027.36 9023.07 9021.75 9023.5 9035.02 9046.44 9054.91 9059.21 9064.68 9069.39 9073.7 9078.47 9082.39
9057.88 9059.51 9055.55 9056.49 9058.65 9066.92 9075.72 9082.12 9086.34 9089.29 9091.14 9091.59 9089.51 9087.78 9085.68 9082.47 9077.61 9070.6 9065.04 9059.4 9053.48 9047.48 9041.39 9035.16 9028.62 9021.89 9013.8 9012.98 9019.4 9025.79 9031.41 9036.79 9042.07 9045.84 9049.91 9054.54 9059.12 9061.72 9062.27 9059.92 9057.54 9065.55 9073.85 9079.49 9083.43 9088.63 9095.44 9101.21 9090.97 9078.2 9065.45 9053.91 9044.26 9038.11 9031.6 9034.66 9042.16 9051.86 9061.18 9069.81 9077.65 9084.17 9081 9078.59 9077.34 9076.88 9076.14
9057.27 9055.38 9042.51 9025.4 9048.83 9063.02 9070.02 9075.68 9080.34 9084.22 9087.05 9088.31 9087.63 9089.34 9091.15 9089.6 9086 9080.2 9073.52 9066.39 9059.4 9052.51 9045.6 9038.78 9031.57 9024.46 9018.36 9017.96 9022.25 9028.64 9035.08 9041.64 9047.78 9053.91 9057.98 9063.82 9068.24 9071.54 9074.59 9078.48 9078.29 9073.59 9075.41 9080.52 9087.68 9095.32 9103.32 9108.83 9100.26 9087.03 9073.31 9059.95 9047.54 9036.96 9036.57 9048.51 9064.43 9080.02 9088.37 9092.86 9097.16 9099.01 9092.12 9084.44 9078.59 9074.51 9071.52
9057.35 9053.32 9047.24 9047.07 9049.31 9059.81 9065.11 9070.48 9075.65 9080.32 9084.39 9087.81 9091.06 9095.48 9099.53 9100.58 9096.49 9089.25 9081.29 9073.05 9065.51 9057.93 9050.69 9043.44 9036.65 9030.1 9025.83 9024.95 9027.69 9033.29 9040.19 9047.04 9054.4 9062.62 9069.73 9074.69 9077.63 9080.79 9084.58 9088.67 9087.08 9077.8 9070.86 9081.79 9090.88 9098.85 9106.01 9109.8 9104.36 9093.42 9081.35 9068.22 9054.32 9043.01 9047.4 9066 9087.38 9105.13 9112.53 9112.4 9110.51 9107.44 9096.43 9086.74 9078.58 9071.64 9065.29
9059.27 9056.7 9052.85 9047.33 9049.36 9052.77 9058.87 9064.95 9070.73 9076.38 9081.91 9087.29 9092.99 9099.56 9107.15 9114.3 9107.66 9097 9087.61 9078.65 9070.7 9063.26 9056.16 9049.22 9042.75 9036.83 9031.9 9028.76 9033.78 9039.89 9046.01 9052.38 9060.11 9069.47 9079.36 9083.58 9084.36 9087.45 9091.64 9093.63 9092.18 9086.9 9083.4 9088.15 9095.18 9101.25 9106.12 9108.88 9105.54 9099.15 9091.26 9081.08 9068.81 9053.81 9061.32 9089.2 9114.51 9133.17 9137.94 9128.59 9114.73 9103.98 9095.58 9087.42 9078.99 9070.21 9061.01
9060.18 9065.32 9063.29 9055.49 9048.75 9049.36 9054.18 9060.21 9065.77 9072.26 9078.81 9085.58 9092.7 9100.28 9109.36 9114.52 9110.02 9100.42 9091.06 9082.25 9074.16 9066.83 9060.42 9055.21 9050.08 9045.7 9041.48 9038.83 9043.56 9048.28 9052.88 9057.75 9063.92 9071.6 9080.03 9084.08 9085.2 9090.08 9097.47 9103.84 9102.33 9098.21 9095.59 9097.04 9100.47 9104.28 9106.88 9106.73 9106.23 9105.98 9103.73 9100.09 9095.99 9091.21 9095.86 9123 9146.24 9163.31 9164.41 9143.39 9116.64 9099.64 9094.79 9088.4 9080.68 9070.99 9060.45
9054.1 9056.74 9051.56 9046.58 9042.27 9042.81 9047.47 9052.95 9059.29 9067.46 9074.6 9081.93 9091.57 9101.61 9107.95 9110.8 9106.67 9099.32 9090.96 9083.05 9076.07 9069.86 9064.87 9060.97 9057.52 9055.33 9054.61 9056.6 9057.29 9057.67 9059.3 9061.7 9064.96 9069.29 9070.92 9072.9 9079.88 9087.43 9098.07 9111.05 9109.13 9105.71 9103.61 9104.3 9106.05 9108.7 9110.23 9110.61 9111.99 9115.08 9118.31 9122.43 9129.39 9141.97 9154.25 9165.26 9177.88 9188.15 9185.15 9157.87 9126.57 9107.24 9100.07 9093.51 9085.21 9075.22 9063.64
9043.95 9044.91 9040.2 9037.56 9035.8 9037.34 9042.44 9048 9053.87 9060.42 9067.62 9076 9085.74 9096.69 9100.84 9104.2 9100.27 9094.93 9088.11 9082.29 9076.6 9071.69 9067.91 9065.04 9063.75 9063.73 9065.55 9069.21 9068.55 9066.36 9065 9064.43 9064.69 9066.52 9065.79 9067.19 9073.44 9080.03 9087.82 9097.34 9102.28 9108.94 9108.58 9109.31 9111.48 9113.83 9115.27 9116.4 9119.1 9124.99 9133.1 9143.02 9156.12 9174.69 9195.3 9200.26 9202.27 9203.68 9196.41 9170.05 9140.48 9121.34 9110.77 9102.27 9093.82 9084.35 9073.26
9032.47 9034.06 9033.07 9033.12 9031.73 9033.35 9037.1 9041.58 9047.13 9053.08 9059.68 9066.41 9072.8 9078.22 9082.94 9088.33 9090.61 9088.2 9084.19 9079.35 9075.49 9072.06 9069.25 9067.44 9067.59 9069.28 9072.2 9075.77 9076.07 9073.16 9069.8 9066.81 9065.17 9065.14 9064.61 9067.61 9067.97 9071.89 9075.83 9080.06 9089.88 9093.81 9104.52 9112.64 9117.1 9119.9 9121.6 9122.94 9125.84 9134.82 9146.38 9159.15 9174.31 9193.24 9217.68 9220.39 9215.04 9209.38 9199.23 9177.51 9155.9 9136.23 9122.95 9113.41 9105.53 9098.27 9091.13
9023.66 9028.68 9038.84 9031.23 9030.08 9031.06 9033.92 9037.45 9041.79 9046.62 9052.03 9057 9060.28 9059.93 9072.22 9080.46 9082.23 9080.81 9078.42 9075.7 9072.93 9070.99 9068.98 9068.17 9068.99 9071.58 9075.6 9080.86 9082.16 9077.32 9072.28 9068.35 9066.78 9063.76 9060.61 9057.09 9062.15 9067.22 9070.64 9078.13 9090.32 9094.91 9108.64 9118.09 9123.14 9126.4 9129.39 9131.95 9135.02 9145.42 9157.04 9170.6 9186.92 9205.15 9223.45 9223.82 9215.83 9206.88 9193.95 9177.33 9159.83 9145.64 9134.02 9125.09 9118.9 9114.52 9114.67
9019.21 9025.64 9028.44 9024.59 9028.29 9028.19 9029.95 9032.68 9035.8 9039.77 9044.39 9048.95 9054.33 9062.46 9073.4 9076.3 9073.55 9071.63 9070.2 9068.9 9067.32 9066.65 9066.34 9066.48 9067.63 9070.61 9074.59 9079.67 9081.27 9077.48 9072.68 9068.67 9067.19 9063.98 9060.13 9056.81 9062.78 9070.35 9075.46 9085.21 9106.22 9126.25 9124.97 9127.99 9131 9134.63 9138.76 9143.64 9149.83 9156.51 9163.99 9174.77 9191.71 9207.37 9210.76 9211.36 9208.18 9200.77 9191.98 9177.59 9161.45 9152.72 9145.07 9139.6 9134.69 9131.84 9135.09
9009.81 9014.71 9019.67 9019.82 9020.19 9022.84 9024.87 9026.89 9028.95 9031.94 9035.25 9039.66 9046.01 9056.17 9062.05 9061.66 9060.46 9060.38 9060.78 9060.63 9060.56 9061.1 9061.96 9063.13 9065.1 9067.85 9070.47 9073.31 9074.67 9074.37 9071.8 9069.58 9068.79 9067.38 9065.91 9065.53 9072.13 9082.08 9091.99 9104.39 9120.63 9135.06 9136.3 9136.51 9138.17 9141.2 9146.15 9153.66 9162.78 9165.94 9165.31 9168.74 9178.51 9191.41 9198.93 9203.12 9198.51 9191.88 9185.92 9175.59 9167.11 9164.06 9161.52 9159.47 9153.59 9151.16 9148.78
8998.75 9003.22 9008.21 9013.86 9015.98 9017.97 9019.12 9020.31 9021.18 9022.45 9024.41 9027.63 9031.75 9036.4 9037.26 9040.71 9044.24 9046.99 9049.6 9051.46 9053.61 9055.25 9056.49 9058.53 9060.8 9063.27 9065.51 9066.7 9067.56 9070.27 9070.52 9069.9 9071.47 9073.43 9076 9079.1 9087.21 9098.34 9109.79 9120.59 9130.2 9137.48 9141.94 9142.45 9142.95 9145.39 9149.58 9157.4 9170.18 9168.2 9159.1 9155.11 9154.39 9165.62 9184.6 9194.59 9187.94 9182.62 9176.11 9171.24 9174.8 9182.5 9185.73 9184.93 9175.18 9168.3 9159.55
8994.44 8999.2 9006.23 9014.6 9015.34 9013.6 9012.54 9012.45 9012.84 9013.43 9014.45 9015.32 9016.53 9017.57 9017.58 9023.06 9028.54 9034.31 9038.88 9042.4 9045.83 9048.11 9050.49 9053.03 9055.37 9057.85 9060.48 9062.34 9064.34 9068.86 9070.17 9070.12 9074.28 9080.28 9088.18 9097.45 9107.13 9115.03 9123.65 9133.07 9143.8 9149.3 9147.73 9147.18 9146.53 9147.29 9148.52 9151.19 9155.3 9152.16 9146.3 9142.96 9141.08 9148.61 9161.39 9169.88 9177.27 9182.43 9180.01 9177.07 9194.62 9212.97 9219.65 9218.68 9210 9190.06 9173.4
8991.9 8995.58 9000.51 9009.27 9009.7 9006.74 9005.21 9004.63 9003.97 9004.2 9003.87 9003.4 9002.87 9001.65 9002.45 9011.03 9017.04 9024.44 9030.32 9034.96 9039.34 9042.55 9045.26 9047.84 9050.93 9053.19 9055.45 9059.22 9066.19 9067.12 9067.87 9068.03 9074.83 9084.7 9098.01 9114.71 9127.43 9129.19 9131.67 9139.4 9149.5 9153.63 9151.6 9150.21 9149.19 9147.75 9145.68 9143.22 9134.51 9129.17 9135.81 9137.89 9140.79 9145.12 9148.15 9152.74 9179.2 9203.1 9216.42 9225.74 9244.58 9261.13 9266.3 9260.54 9247.2 9219.72 9197.33
8980.96 8987.22 8990.52 8999.3 8998.85 8997.15 8996.12 8996 8996.01 8995.57 8995 8993.7 8992.34 8991.84 8997.2 9004.67 9010.55 9017.98 9024.1 9028.58 9035.55 9038.67 9041.46 9044.18 9046.75 9048.63 9050.29 9052 9054.98 9058.59 9063.32 9064.2 9073.18 9085.59 9101.72 9120.89 9135.7 9138.24 9139.94 9142.45 9144.59 9150.18 9153.18 9153.76 9152.91 9150.35 9146.29 9140.97 9135.92 9135.28 9137.21 9142.28 9149.84 9157.56 9161.87 9168.9 9207.88 9250.07 9284.29 9309.39 9318.96 9325.52 9322.15 9310.47 9291.11 9265.8 9233.13
8967.29 8971.04 8973.32 8980.02 8983.19 8984.32 8985.71 8986.75 8987.64 8987.98 8987.53 8986.35 8985.08 8984.76 8993.14 9001.1 9006.49 9014.31 9020.82 9025.03 9030.75 9034.16 9036.84 9039.8 9041.93 9043.25 9044.03 9045.01 9044.47 9048.66 9056.71 9058.7 9068.91 9082.16 9098.44 9116.76 9133.41 9140.07 9144.99 9145.01 9145.28 9151.11 9156.65 9159.47 9159.72 9157.54 9152.83 9146.85 9141.94 9144.81 9145.83 9157.2 9172.44 9191.21 9206.01 9221.64 9266.35 9318.51 9363.04 9391.22 9401.93 9400.31 9385.34 9363.4 9339.03 9309.81 9278.74
8952.06 8952.25 8956.84 8958.98 8966.72 8971.98 8976.58 8979.31 8981.1 8982.33 8982.06 8981.41 8980.72 8980.55 8989.29 8996.3 9002.84 9011.35 9018.37 9023.08 9027.57 9032.76 9034.94 9037.42 9038.72 9039.8 9040.03 9040.16 9039.84 9043.45 9051.5 9053.76 9063.84 9076.3 9090.67 9106.01 9120.77 9133.92 9144.22 9147.61 9150.25 9157.67 9164.79 9169.48 9171.73 9170.59 9167.12 9160.86 9150.51 9138.72 9164.83 9189.05 9213.8 9249.36 9277.93 9304.07 9350.12 9403.94 9449.66 9489.6 9501.09 9480.92 9449.72 9418.63 9387.83 9358.88 9328.26
8948.13 8950.2 8950.28 8950.76 8956.43 8964.06 8969.74 8974.39 8977.13 8978.55 8979.28 8979.42 8979.32 8978.83 8982.88 8991.93 9000.75 9010.48 9018.66 9023.75 9028.43 9033.35 9035.99 9037.35 9039.9 9040.13 9039.03 9038.63 9038.55 9041.61 9048.62 9050.45 9059.86 9071.39 9083.35 9094.59 9105.73 9122.16 9138.78 9150.83 9159.39 9169.05 9176.99 9183.78 9188.63 9191.32 9190.05 9187.43 9181.77 9180.81 9213.4 9252.25 9289.57 9333.19 9371.83 9406.27 9450.93 9499.66 9541.82 9587.89 9596.71 9552.13 9507.7 9466.78 9432.74 9404.84 9377.55
8945.89 8947.68 8948.38 8949.58 8953.27 8960.89 8967.36 8972 8975.53 8978.22 8979.64 8980.65 8982.09 8983.92 8987.1 8994.9 9003.03 9012.9 9021.92 9027.7 9032.28 9037.82 9040.64 9042.89 9043.25 9042.14 9040.73 9039.44 9038.62 9040.6 9046.6 9053.41 9059.29 9070.17 9080.23 9088.09 9095.97 9110.74 9132.08 9156.93 9175.12 9183.21 9192.97 9202.53 9211.46 9218.61 9223.21 9227.53 9233.1 9246.08 9285.58 9339.22 9388.13 9430.76 9475.62 9523.1 9564.29 9591.1 9622.55 9663.01 9648.64 9592.6 9542.7 9501.15 9466.41 9441.55 9416.24
8940.78 8942.39 8946.77 8950.62 8954.21 8961.35 8967.71 8973.17 8977.37 8980.25 8981.95 8983.44 8986.12 8991.95 8996.98 9003.66 9010.34 9019.69 9027.23 9033.4 9039.36 9043.07 9048.27 9050.31 9049.3 9048.16 9044.99 9042.15 9039.65 9039.87 9046.34 9055.25 9062.33 9073.78 9083.28 9089.74 9095.49 9108.97 9130.95 9160.69 9183.67 9194.79 9209.09 9223.56 9237.92 9251.79 9262.37 9277.13 9295.01 9318.87 9368.33 9430.03 9480.95 9522.68 9567.07 9621.62 9657.42 9650.72 9655.08 9662.17 9636.2 9592.36 9553.53 9520.63 9495.45 9472.94 9455.81
8933.62 8937.67 8945.68 8951.92 8956.59 8963.05 8970.14 8975.92 8980.45 8983.36 8985.28 8986.37 8988.49 8994.3 9004.39 9014.02 9020.01 9026.81 9036.2 9043.38 9049.27 9054.05 9057.42 9059.47 9059 9057.38 9054.4 9048.04 9043.16 9042.5 9047.85 9060.66 9071.88 9085.27 9095.27 9100.97 9108.24 9119.41 9132.42 9156.6 9181.83 9203.01 9226.22 9247.61 9268.31 9288.88 9307.28 9331.4 9360.94 9399.24 9458.29 9526.62 9570.48 9597.64 9625.74 9661.09 9679.87 9659.02 9640.85 9618.7 9591.67 9569.93 9546.58 9525.6 9510.76 9495.03 9485.49
8927.77 8934.32 8946.89 8956.48 8963.82 8969.62 8975.9 8980.71 8985.19 8989.92 8990.98 8991.94 8992.98 8998.31 9010.74 9022.62 9029.3 9037.65 9047.29 9055.03 9062.68 9067.55 9071.6 9074.57 9074.87 9073.07 9067.49 9059 9050.65 9044.83 9052.17 9073.19 9090.63 9107.34 9118.22 9122.18 9122.96 9124.17 9134.52 9147.52 9178.48 9214.12 9244.33 9274.92 9302.25 9328.43 9356.43 9386.09 9424.44 9472.99 9543.52 9628.23 9650.11 9649.69 9650.65 9653.07 9646.62 9628.46 9604.92 9576.11 9549.68 9540.7 9530.86 9524.38 9520.13 9519.69 9517.52
8920.34 8932.05 8950.09 8962.03 8971.22 8977.71 8983.51 8988.75 8994.14 8999.71 9001.41 9001.36 8999.74 9005 9018.1 9031.36 9038.43 9047.32 9058.87 9068.31 9077.43 9085.48 9088.11 9092.31 9093.42 9090.89 9087.21 9079.93 9068.61 9054.56 9065.93 9097.68 9123.39 9143.76 9156.41 9159.61 9153.11 9147.29 9155.95 9171.98 9201.4 9239.82 9275.29 9306.45 9337.44 9365.28 9397.78 9434.36 9480.17 9538.66 9617.41 9699.49 9695.66 9672.32 9651.59 9629.28 9602.67 9588.64 9567.05 9540.36 9517.54 9514.69 9517.96 9524.93 9533.08 9539.58 9547.81
8920.18 8932.06 8950.49 8964.7 8978.92 8985.55 8991.91 8998.94 9006.77 9013.63 9016.8 9016.72 9012.44 9015.24 9027.41 9038.67 9046.21 9059.76 9069.31 9079.48 9091.85 9100.71 9107.82 9113.45 9113.72 9117.32 9114.44 9110.54 9102.97 9093.46 9105.87 9143.95 9172.52 9195.1 9209.75 9215.39 9211.5 9205.98 9207.69 9215.81 9246.05 9281.89 9314.68 9344.77 9373.15 9402.91 9436.61 9475.34 9520.18 9577.03 9639.83 9698.48 9690.89 9665.65 9637.32 9606.36 9575.41 9563.28 9550.03 9519.75 9493.13 9494.72 9508.68 9525.78 9544.94 9559.24 9571.29
