real_craters/C183-750m.grd
DSAA
211 211
-78.6975 78.6975
-78.6975 78.6975
7372.3605405307 9955.0202831816
[rows 114 to 151 of 211, columns 0 to 83 of 211]
8846 8846 8844 8841 8843 8846 8853 8863 8875 8885 8911 8920 8912 8911 8903 8897 8887 8876 8862 8842 8829 8821 8815 8813 8811 8812 8814 8825 8835 8845 8853 8858 8852 8789 8694 8568 8440 8424 8434 8437 8474 8684 8937 9063 9085 9077 9079 9073 9046 9025 9027 9043 9037 9027 9019 9014 9014 9017 9011 9005 9003 9006 8998 8992 8986 8981 8977 8975 8989 9029 9091 9199 9491 9532 9474 9539 9549 9382 9238 9107 8967 8799 8660 8547
8846 8846 8845 8837 8837 8845 8852 8860 8893 8953 8910 8906 8947 8902 8900 8904 8898 8880 8859 8843 8832 8824 8818 8815 8815 8815 8819 8825 8834 8844 8851 8860 8866 8780 8664 8530 8434 8432 8432 8441 8459 8602 8838 9025 9100 9100 9096 9082 9069 9047 9041 9059 9045 9026 9007 9008 9015 9015 9013 9010 9006 9001 9000 8997 8991 8984 8979 8978 8988 9027 9093 9212 9436 9453 9429 9564 9588 9433 9308 9209 9068 8835 8681 8634
8843 8842 8840 8834 8838 8848 8843 8832 8830 8835 8759 8652 8707 8818 8918 8940 8916 8876 8846 8840 8833 8825 8819 8816 8815 8814 8819 8826 8834 8843 8849 8853 8848 8777 8665 8538 8439 8433 8434 8444 8456 8564 8848 9037 9107 9119 9111 9089 9071 9049 9056 9065 9049 9029 9012 9006 9007 9014 9009 9009 9007 9005 9004 9001 8998 8991 8983 8977 8986 9015 9073 9163 9286 9302 9340 9541 9597 9461 9358 9270 9118 8892 8726 8685
8839 8836 8836 8836 8843 8861 8835 8783 8721 8625 8630 8617 8616 8758 8936 8972 8929 8882 8849 8841 8834 8827 8821 8818 8816 8812 8818 8827 8835 8843 8849 8850 8851 8791 8692 8576 8458 8435 8449 8466 8481 8597 8912 9072 9111 9122 9113 9096 9070 9038 9036 9057 9047 9031 9017 9013 9013 9010 9004 8989 8997 9004 9008 9009 9007 9001 8993 8983 8989 9004 9040 9092 9298 9346 9351 9443 9512 9456 9383 9307 9169 8987 8825 8732
8834 8829 8830 8837 8849 8867 8822 8750 8673 8615 8604 8611 8613 8732 8916 8954 8927 8885 8856 8844 8836 8831 8826 8823 8822 8824 8825 8832 8839 8847 8852 8854 8858 8818 8747 8662 8565 8481 8507 8524 8597 8751 9032 9096 9111 9113 9102 9091 9067 9045 9038 9049 9044 9035 9028 9027 9025 9019 9012 9016 9010 9013 9020 9022 9020 9014 9012 9004 8991 8991 9022 9141 9413 9445 9413 9368 9409 9404 9379 9340 9232 9091 8973 8817
8833 8827 8828 8837 8853 8858 8810 8736 8660 8619 8607 8614 8610 8703 8848 8922 8911 8875 8851 8844 8838 8834 8831 8829 8824 8826 8828 8836 8844 8853 8860 8868 8869 8846 8811 8781 8752 8643 8665 8720 8856 9031 9037 9054 9100 9107 9092 9079 9056 9044 9036 9042 9044 9039 9033 9033 9029 9012 9008 9020 9031 9042 9047 9040 9032 9024 9011 8998 8981 8974 8986 9087 9368 9487 9425 9387 9361 9366 9372 9386 9273 9126 8974 8860
8835 8831 8831 8837 8849 8848 8804 8735 8652 8615 8609 8613 8611 8710 8883 8917 8903 8870 8846 8844 8841 8836 8830 8823 8822 8821 8830 8839 8848 8857 8866 8875 8873 8865 8868 8886 8934 8932 8968 9053 9026 9016 9019 9050 9099 9109 9090 9071 9048 9044 9041 9043 9044 9046 9044 9036 9026 9027 9028 9031 9045 9071 9070 9052 9043 9034 9021 9000 8983 8965 8959 9024 9265 9479 9414 9315 9324 9338 9337 9337 9254 9127 9001 8875
8837 8832 8831 8832 8846 8845 8814 8762 8689 8634 8620 8634 8673 8805 8936 8927 8900 8870 8857 8851 8846 8840 8833 8826 8826 8830 8836 8846 8855 8863 8871 8874 8870 8878 8900 8928 8958 8971 8981 8993 9008 8997 9028 9064 9096 9097 9079 9065 9048 9046 9052 9047 9044 9045 9044 9038 9036 9044 9052 9046 9053 9053 9050 9056 9052 9044 9028 9009 8986 8968 8964 9032 9223 9374 9388 9298 9312 9334 9338 9283 9226 9111 8973 8872
8838 8834 8832 8834 8847 8850 8836 8818 8797 8727 8706 8776 8862 8923 8921 8917 8895 8870 8862 8858 8854 8849 8843 8839 8832 8833 8843 8853 8862 8871 8878 8885 8896 8902 8916 8933 8948 8945 8955 8987 8996 9009 9021 9052 9082 9084 9071 9062 9043 9056 9053 9044 9040 9039 9037 9035 9036 9049 9065 9064 9065 9062 9062 9068 9061 9050 9042 9018 8994 8978 8974 9023 9157 9351 9320 9318 9320 9341 9389 9343 9235 9102 8966 8885
8841 8837 8834 8836 8846 8852 8853 8857 8873 8862 8876 8884 8911 8902 8904 8901 8889 8875 8870 8866 8863 8859 8855 8862 8848 8848 8854 8862 8870 8878 8885 8891 8896 8916 8932 8946 8957 8958 8953 8976 8998 9006 9010 9029 9061 9073 9087 9080 9066 9060 9040 9031 9029 9031 9030 9028 9030 9041 9052 9068 9078 9091 9106 9090 9074 9055 9033 9025 9011 8998 8986 9034 9148 9208 9272 9320 9302 9304 9316 9373 9246 9107 8975 8912
8845 8843 8841 8844 8851 8855 8857 8859 8866 8887 8897 8896 8889 8889 8891 8889 8884 8878 8879 8876 8873 8870 8868 8872 8866 8866 8867 8871 8878 8886 8894 8902 8913 8931 8941 8953 8964 8969 8978 8986 8997 9006 9009 9033 9041 9053 9065 9085 9072 9037 9021 9019 9017 9013 9018 9023 9027 9037 9060 9071 9080 9092 9101 9093 9085 9074 9055 9043 9028 9028 9035 9112 9137 9107 9187 9227 9246 9244 9255 9307 9236 9120 9007 8959
8848 8847 8849 8853 8856 8857 8857 8856 8864 8886 8896 8899 8890 8890 8890 8892 8890 8885 8886 8884 8881 8880 8881 8882 8876 8876 8878 8882 8887 8897 8906 8916 8930 8940 8948 8958 8967 8973 8988 8986 8981 8989 8999 9020 9020 9037 9046 9064 9045 9012 9018 9016 9013 9013 9016 9022 9028 9040 9056 9066 9070 9072 9072 9075 9084 9099 9094 9065 9049 9060 9152 9200 9173 9169 9186 9180 9191 9194 9220 9279 9240 9148 9056 9015
8854 8856 8858 8863 8862 8860 8857 8855 8865 8891 8915 8908 8894 8892 8893 8898 8903 8902 8895 8890 8889 8889 8889 8887 8883 8887 8892 8894 8899 8906 8914 8924 8937 8945 8951 8958 8965 8976 8971 8975 8972 8985 8995 9007 9010 9032 9052 9036 9027 9015 9012 9010 9009 9011 9017 9024 9033 9044 9058 9062 9061 9053 9042 9045 9060 9100 9101 9064 9061 9090 9173 9174 9158 9169 9211 9193 9172 9167 9196 9298 9270 9187 9093 9027
8859 8863 8867 8873 8874 8866 8862 8861 8871 8891 8911 8909 8902 8895 8898 8907 8915 8913 8902 8896 8896 8896 8897 8899 8900 8902 8906 8911 8916 8920 8924 8928 8929 8942 8953 8956 8957 8960 8952 8968 8988 8989 8998 8991 9000 9023 9045 9022 9011 9008 8999 8997 9005 9012 9018 9027 9038 9050 9066 9067 9054 9039 9022 9009 9001 9017 9021 9009 9034 9145 9184 9089 9096 9142 9197 9203 9176 9163 9207 9360 9314 9227 9142 9082
8861 8866 8873 8877 8874 8871 8867 8867 8874 8885 8896 8902 8903 8902 8905 8917 8925 8923 8914 8909 8905 8904 8904 8906 8909 8917 8921 8925 8929 8932 8935 8936 8935 8944 8955 8956 8949 8952 8962 8965 8952 8980 8992 8997 8992 9008 9022 9015 8996 9004 8993 8989 8997 9008 9016 9029 9044 9064 9075 9065 9048 9029 9009 8976 8933 8874 8890 8910 8912 8885 8957 8946 8996 9097 9171 9188 9167 9156 9202 9380 9333 9263 9192 9128
8864 8868 8874 8878 8878 8874 8872 8871 8873 8878 8884 8895 8907 8914 8920 8928 8937 8932 8925 8920 8915 8912 8910 8914 8930 8934 8936 8938 8940 8941 8944 8947 8952 8960 8963 8961 8964 8969 8971 8971 8975 8983 8991 8981 8976 8988 9001 9000 8990 8996 8987 8982 8988 8997 9009 9024 9042 9059 9059 9046 9036 9020 8999 8961 8903 8846 8838 8844 8827 8809 8847 8894 8959 9092 9177 9167 9153 9149 9191 9281 9299 9275 9240 9203
8861 8867 8874 8878 8879 8875 8873 8876 8872 8872 8872 8884 8911 8930 8936 8933 8934 8933 8930 8928 8922 8919 8917 8917 8944 8947 8948 8949 8950 8952 8954 8959 8968 8972 8968 8969 8964 8969 8967 8964 8969 8981 8985 8976 8961 8968 8972 8986 8986 8980 8981 8982 8976 8984 8998 9013 9029 9044 9035 9025 9015 9011 9002 8970 8898 8840 8817 8808 8799 8804 8804 8856 9041 9180 9159 9155 9145 9138 9159 9229 9254 9271 9281 9283
8865 8868 8873 8875 8869 8870 8868 8867 8868 8869 8870 8881 8909 8930 8931 8933 8933 8934 8933 8927 8927 8925 8926 8934 8946 8953 8955 8956 8956 8958 8962 8966 8972 8974 8976 8977 8982 8975 8967 8969 8975 8977 8982 8967 8960 8960 8960 8968 8967 8968 8973 8984 8979 8978 8985 8996 9007 9010 8996 8985 8991 8996 8996 8972 8911 8839 8828 8805 8783 8772 8762 8798 9091 9225 9166 9162 9153 9135 9136 9147 9203 9244 9292 9371
8870 8866 8867 8868 8865 8865 8865 8866 8867 8869 8874 8880 8885 8910 8933 8943 8936 8940 8937 8934 8931 8929 8930 8936 8950 8957 8959 8961 8962 8963 8966 8969 8973 8973 8976 8975 8976 8979 8978 8972 8974 8973 8984 8971 8958 8956 8969 8965 8956 8945 8949 8967 8970 8963 8965 8974 8981 8984 8962 8961 8973 8983 8982 8974 8951 8918 8866 8817 8773 8738 8721 8785 9056 9230 9200 9192 9187 9144 9131 9179 9183 9202 9246 9304
8870 8865 8867 8874 8872 8870 8868 8865 8866 8868 8872 8876 8878 8889 8953 8965 8958 8950 8944 8940 8935 8931 8930 8934 8948 8956 8959 8961 8963 8965 8966 8969 8971 8973 8971 8972 8972 8971 8979 8980 8977 8982 8978 8968 8949 8941 8935 8928 8912 8917 8917 8913 8924 8934 8944 8952 8955 8950 8949 8952 8975 8981 8971 8951 8989 8973 8901 8832 8769 8716 8711 8780 9025 9280 9327 9325 9245 9180 9134 9104 9110 9141 9170 9176
8865 8869 8871 8873 8876 8874 8872 8871 8868 8868 8869 8871 8873 8894 8962 8971 8964 8955 8947 8943 8937 8931 8929 8933 8945 8954 8957 8958 8960 8962 8963 8964 8965 8967 8965 8969 8975 8972 8970 8974 8980 8987 8976 8958 8940 8926 8918 8915 8911 8902 8893 8878 8877 8910 8928 8940 8947 8952 8979 9005 9003 8992 8978 8955 9000 8991 8923 8854 8783 8732 8738 8789 8979 9148 9169 9251 9199 9166 9109 9059 9058 9092 9120 9140
8862 8863 8870 8874 8875 8873 8867 8865 8866 8865 8867 8867 8892 8947 8958 8961 8958 8952 8945 8937 8932 8931 8929 8930 8944 8951 8954 8955 8957 8958 8958 8959 8958 8956 8957 8962 8966 8963 8962 8974 8976 8981 8960 8944 8932 8911 8901 8908 8903 8900 8896 8887 8892 8906 8921 8935 8952 8975 8999 9018 9019 9008 9002 9014 8966 8953 8930 8874 8813 8771 8760 8888 9036 9002 8997 9021 9057 9039 9048 9038 9041 9073 9103 9139
8862 8867 8867 8870 8872 8870 8862 8863 8865 8869 8874 8887 8933 8947 8955 8955 8954 8947 8941 8934 8932 8934 8936 8939 8943 8946 8950 8951 8951 8951 8953 8953 8952 8954 8952 8953 8960 8962 8958 8966 8961 8947 8934 8923 8908 8902 8902 8905 8900 8902 8904 8903 8907 8911 8920 8931 8946 8964 8975 9001 9014 9012 9007 9008 9018 8981 8949 8921 8891 8885 8978 9013 9007 8990 8988 8994 9020 9035 9033 9033 9043 9068 9104 9148
8860 8863 8865 8865 8864 8863 8861 8862 8868 8876 8888 8915 8948 8955 8954 8955 8949 8943 8937 8933 8932 8936 8946 8949 8947 8948 8949 8948 8946 8946 8947 8948 8947 8943 8943 8945 8950 8952 8953 8959 8942 8923 8921 8908 8904 8905 8907 8904 8902 8903 8908 8916 8916 8913 8919 8927 8937 8949 8965 8995 9015 9012 9004 8993 9004 8993 8971 8960 8983 9022 9024 9006 8998 8993 8990 9013 9034 9042 9034 9032 9045 9059 9092 9130
8858 8860 8857 8857 8855 8851 8852 8861 8871 8884 8900 8917 8971 8960 8951 8947 8943 8938 8933 8928 8927 8934 8945 8948 8951 8954 8944 8941 8940 8940 8940 8942 8943 8943 8944 8949 8945 8940 8930 8925 8931 8926 8918 8911 8909 8916 8916 8915 8907 8900 8896 8907 8902 8913 8918 8924 8934 8950 8972 8998 9012 9013 9001 8986 8978 8983 8980 8978 8978 8991 9007 9008 9004 8998 8992 9017 9030 9039 9031 9022 9014 9039 9063 9082
8858 8855 8848 8852 8855 8856 8853 8864 8879 8896 8917 8952 8976 8963 8950 8943 8939 8935 8931 8928 8925 8929 8930 8935 8935 8932 8933 8932 8932 8933 8934 8936 8939 8944 8947 8939 8939 8932 8922 8921 8925 8927 8924 8925 8925 8924 8920 8909 8900 8896 8892 8894 8911 8915 8919 8923 8929 8950 8979 9005 9020 9017 9001 8981 8967 8980 8989 8993 8992 9001 9014 9017 9009 9010 9013 9027 9033 9035 9028 9017 9012 9022 9038 9045
8858 8856 8854 8853 8855 8855 8860 8871 8886 8906 8931 8956 8967 8960 8947 8938 8936 8934 8931 8929 8929 8928 8929 8927 8925 8921 8922 8923 8926 8927 8930 8931 8934 8938 8942 8933 8934 8929 8920 8916 8924 8930 8935 8934 8931 8924 8917 8910 8903 8898 8893 8893 8904 8917 8922 8924 8928 8948 8974 9005 9034 9027 9009 8991 8982 8983 8992 9003 9021 9023 9025 9022 9024 9032 9043 9043 9044 9034 9026 9017 9007 9014 9024 9029
8857 8854 8852 8856 8859 8862 8866 8875 8890 8909 8931 8952 8962 8960 8952 8943 8936 8933 8931 8930 8930 8928 8924 8921 8916 8911 8912 8916 8919 8922 8925 8927 8928 8927 8921 8923 8922 8925 8922 8918 8929 8922 8925 8933 8926 8915 8908 8909 8908 8904 8897 8903 8925 8931 8930 8931 8942 8952 8971 9001 9034 9029 9010 8992 8985 8985 8996 9009 9021 9024 9022 9022 9036 9045 9064 9048 9049 9033 9023 9018 9015 9017 9020 9024
8853 8858 8859 8859 8860 8865 8867 8876 8892 8909 8926 8946 8964 8964 8957 8943 8934 8932 8931 8931 8932 8929 8924 8918 8911 8901 8905 8910 8914 8917 8920 8922 8921 8919 8915 8925 8922 8926 8928 8912 8912 8917 8920 8924 8923 8918 8904 8911 8911 8908 8907 8914 8938 8938 8934 8934 8942 8954 8968 8989 9021 9019 9004 8993 8979 8989 9001 9013 9020 9027 9029 9035 9028 9038 9050 9035 9014 9018 9020 9020 9023 9024 9022 9020
8851 8860 8862 8860 8857 8850 8858 8873 8889 8907 8925 8944 8968 8964 8955 8937 8932 8930 8930 8929 8928 8927 8923 8916 8909 8905 8904 8906 8909 8913 8915 8918 8919 8919 8924 8927 8933 8929 8922 8910 8912 8913 8914 8915 8916 8919 8913 8902 8919 8914 8903 8907 8916 8928 8937 8937 8941 8956 8974 8995 9005 8999 8989 8982 8987 8995 9004 9015 9025 9026 9024 9022 9020 9023 9026 9017 9008 9010 9016 9020 9027 9028 9023 9017
8856 8859 8860 8859 8857 8853 8854 8869 8886 8905 8930 8948 8959 8959 8949 8941 8933 8929 8928 8928 8928 8928 8923 8916 8910 8905 8902 8904 8908 8910 8912 8914 8917 8920 8922 8935 8939 8928 8918 8909 8911 8912 8912 8906 8909 8914 8901 8908 8919 8913 8900 8911 8925 8937 8949 8952 8952 8959 8970 8985 8972 8969 8968 8968 8989 8999 9001 9007 9015 9009 9006 8997 9002 9010 9015 9015 9008 9009 9012 9017 9022 9024 9019 9013
8861 8856 8858 8860 8860 8860 8859 8867 8881 8897 8913 8933 8948 8956 8953 8940 8933 8928 8925 8924 8932 8940 8924 8916 8910 8904 8903 8905 8906 8910 8911 8914 8919 8923 8931 8940 8936 8925 8915 8915 8914 8920 8917 8912 8905 8898 8899 8905 8914 8909 8896 8934 8945 8956 8964 8977 8974 8960 8950 8932 8944 8954 8957 8958 8983 8994 8991 8984 8985 8990 8992 8985 8994 8999 8999 8997 9005 9006 9007 9010 9014 9016 9012 9008
8863 8860 8859 8860 8862 8862 8858 8866 8878 8891 8905 8925 8944 8960 8961 8946 8936 8929 8923 8914 8895 8875 8908 8915 8913 8909 8907 8908 8906 8911 8914 8915 8918 8922 8931 8930 8933 8930 8923 8918 8928 8929 8924 8919 8897 8892 8898 8903 8902 8902 8917 8931 8951 8965 8962 8964 8963 8952 8940 8931 8946 8961 8961 8965 8975 8983 8984 8979 8984 8996 8986 8995 8997 8991 8982 8974 8985 8999 9000 9002 9004 8997 9002 9000
8862 8862 8861 8861 8861 8857 8855 8864 8875 8888 8905 8925 8945 8966 8969 8950 8938 8930 8925 8918 8905 8927 8923 8923 8919 8914 8912 8908 8910 8911 8912 8914 8917 8919 8923 8934 8936 8938 8930 8920 8927 8925 8923 8921 8912 8893 8904 8908 8906 8909 8920 8931 8941 8944 8943 8942 8940 8938 8936 8940 8945 8951 8959 8971 8982 8991 8987 8981 8986 8997 9002 8989 8989 8984 8973 8960 8966 8981 8991 8993 8991 8984 8989 8989
8867 8864 8863 8863 8862 8860 8862 8865 8874 8886 8905 8929 8953 8976 8967 8940 8935 8933 8931 8933 8943 8958 8949 8935 8925 8915 8906 8909 8913 8914 8914 8914 8915 8915 8916 8919 8933 8938 8930 8916 8920 8918 8918 8913 8898 8894 8901 8908 8912 8914 8911 8923 8924 8921 8922 8917 8921 8926 8930 8936 8938 8937 8950 8964 8981 8995 8992 8984 8989 8991 8986 8975 8990 8981 8970 8964 8967 8981 8985 8984 8980 8973 8976 8979
8865 8867 8865 8864 8863 8861 8859 8865 8874 8885 8904 8934 8966 8987 8965 8941 8940 8939 8940 8940 8950 8960 8952 8942 8931 8922 8918 8912 8915 8914 8912 8911 8911 8911 8911 8912 8928 8932 8922 8913 8898 8911 8917 8908 8895 8895 8903 8907 8910 8912 8904 8902 8909 8914 8910 8905 8909 8915 8920 8926 8930 8935 8936 8948 8969 8990 8994 8997 8993 8991 8991 8992 8991 8981 8968 8960 8970 8985 8979 8976 8973 8971 8973 8976
8868 8867 8865 8864 8865 8861 8857 8866 8875 8887 8907 8937 8964 8970 8960 8949 8944 8945 8945 8945 8946 8945 8946 8940 8932 8925 8918 8916 8916 8914 8912 8910 8910 8911 8913 8920 8931 8913 8909 8901 8904 8942 8923 8908 8893 8893 8900 8903 8904 8903 8900 8902 8906 8905 8904 8902 8903 8907 8909 8910 8914 8922 8915 8927 8951 8974 8989 8998 8988 8982 8974 8984 8987 8977 8963 8956 8958 8962 8967 8971 8973 8973 8976 8979
8867 8865 8864 8863 8864 8861 8863 8868 8877 8891 8912 8937 8962 8972 8962 8957 8958 8953 8950 8947 8945 8948 8944 8939 8933 8928 8924 8920 8919 8915 8913 8910 8908 8910 8924 8941 8929 8920 8908 8907 8935 8938 8920 8900 8898 8892 8898 8898 8897 8895 8896 8903 8906 8906 8899 8894 8898 8901 8903 8903 8905 8908 8900 8913 8936 8957 8978 8991 8982 8977 8973 8982 8980 8971 8956 8939 8938 8949 8961 8971 8977 8984 8988 8985
