real_craters/C183-500m.grd
DSAA
316 316
-78.6975 78.6975
-78.6975 78.6975
7370.0508445755 10003.385219464
[rows 210 to 239 of 316, columns 0 to 66 of 316]
8857.88 8858.67 8854.83 8854.32 8853.02 8853.97 8855.29 8855.41 8856.49 8859.8 8866.23 8875.49 8886.35 8898.82 8913.19 8930.62 8949.02 8962.56 8966.83 8963.82 8956.2 8946.75 8937.8 8937.74 8936.49 8934.73 8932.94 8931.1 8929.7 8928.22 8928.57 8927.54 8927.76 8928.85 8927.23 8926.08 8924.53 8922.17 8921.6 8922.11 8922.9 8923.87 8925.58 8926.97 8928.03 8929.62 8930.21 8932.2 8934.24 8936.73 8940.28 8942.44 8937.03 8933.16 8934.45 8931.21 8925.86 8920.48 8916.08 8918.01 8923.54 8927.41 8933.2 8935.22 8935.33 8934.39 8931.02
8855.76 8854 8852.72 8851.65 8853.78 8855.63 8857.12 8857.73 8858.68 8863.86 8869.84 8878.38 8888.72 8900.88 8915.11 8931.23 8947.5 8957.79 8962.08 8961.54 8954.93 8948.18 8944.9 8939.5 8936.16 8933.83 8932.32 8931.24 8930.15 8929.62 8928.73 8928.18 8926.59 8924.7 8923.27 8921.17 8918.53 8916 8914.98 8915.3 8917.14 8919.4 8921.65 8923.39 8925.08 8926.78 8928.31 8929.55 8930.16 8930.82 8931.47 8931.46 8932.04 8928.47 8925.69 8926.86 8925.03 8920.25 8912.73 8919.61 8930.44 8928.08 8924.41 8929.6 8934.82 8934.23 8927.56
8856.67 8856.55 8854.28 8853.34 8855.86 8857.56 8859.67 8863.04 8865.49 8867.36 8872.13 8880.24 8890.71 8902.62 8915.65 8929.68 8944.17 8955.37 8962.25 8963.01 8960.38 8956.11 8947.47 8939.87 8935.82 8933.37 8932.04 8931.24 8930.91 8930.86 8931.22 8929.39 8926.6 8923.52 8920.98 8917.63 8913.55 8908.82 8906.59 8908.7 8911.57 8914.21 8916.61 8918.84 8921.06 8922.89 8923.92 8924.72 8925.64 8924.53 8920.74 8914.78 8917.26 8920.32 8920.42 8924.12 8926.38 8927.14 8920.4 8919.71 8919.95 8920.56 8919.03 8923.21 8928.28 8928.65 8924.55
8853.14 8856.42 8858.86 8859.04 8858.7 8859.15 8860.35 8863.15 8866.81 8867.29 8872.43 8880.98 8891.52 8903.04 8914.63 8926.07 8939.73 8953.2 8963.55 8965.33 8962.49 8956.82 8947.2 8938.51 8934.49 8932.86 8931.83 8931.29 8930.98 8931.14 8931.83 8929.87 8927.43 8923.86 8920.05 8915.61 8910.68 8904.65 8900.26 8904.84 8908.3 8911.12 8913.98 8916.62 8918.51 8920.49 8921.56 8922.74 8921.33 8919.88 8917.53 8915.06 8919.97 8925.03 8922.27 8925.25 8927.33 8928.05 8917.26 8911.06 8912.16 8915.05 8919.49 8920.4 8923.13 8924.69 8923.2
8851.75 8857.04 8862.91 8862.41 8860.29 8858.89 8857.97 8856.75 8856.6 8862.04 8869.36 8879.13 8890.16 8902.01 8913.48 8922.91 8930.76 8952.42 8966.65 8966.72 8961.72 8953.86 8943.5 8934.33 8932.58 8931.5 8930.93 8930.64 8930.57 8930.21 8929.54 8928.26 8926.92 8924.04 8918.85 8913.74 8909.07 8905.68 8905.54 8904.5 8906.21 8908.58 8911.21 8913.82 8916.02 8918.03 8918.94 8919.55 8919.92 8919.75 8919.92 8920.96 8921.42 8928.69 8928.68 8928.51 8926.72 8921.16 8913.98 8909.46 8909.05 8912.57 8913.53 8915.89 8917.18 8916.46 8919.63
8854.26 8857.29 8860.02 8861.45 8860.39 8858.82 8856.29 8851.48 8847.17 8855.49 8865.77 8876.66 8888.26 8900.55 8913.83 8927.78 8940.94 8954.15 8966.23 8965.23 8960.54 8955.4 8943.75 8933.9 8932.12 8931.02 8930.21 8929.74 8929.48 8928.92 8927.07 8925.69 8925.68 8923.2 8918.85 8913.98 8909.46 8906.05 8902.67 8903.56 8904.42 8906.32 8908.52 8910.45 8911.3 8914.58 8915.73 8916.27 8917.2 8919.02 8920.66 8924.68 8925.12 8935.82 8937.54 8931.6 8926.13 8919.41 8911.4 8906.68 8912.92 8913.66 8913.64 8913.28 8912.24 8912.07 8912.81
8856.04 8857.95 8859.87 8859.7 8859.74 8858.96 8856.99 8854.06 8847.56 8854.04 8863.71 8874.26 8885.57 8897.94 8912.29 8930.09 8944.75 8951.46 8959.01 8960.35 8957.36 8949.06 8943.6 8938.66 8933.05 8930.24 8928.62 8927.73 8927.33 8927.94 8928.41 8928.21 8926.31 8923.18 8918.69 8914.04 8909.66 8905.99 8903.85 8902.48 8903.22 8905.27 8907.71 8909.78 8911.14 8912.26 8913.8 8914.71 8916.75 8919.28 8921.33 8922.07 8927.17 8940.56 8939 8931.89 8924.23 8917.9 8911.55 8908.55 8911.43 8912.11 8912.69 8911.89 8909.02 8903.8 8909.2
8858.92 8857.77 8856.63 8858.27 8859.26 8859.52 8859.23 8857.98 8858.32 8858.35 8863.71 8872.54 8882.86 8894.04 8906.23 8918.66 8932.4 8943.15 8950.48 8955.62 8956.36 8951.77 8943.81 8937.7 8932.97 8929.74 8927.24 8925.54 8925.19 8926.9 8931.43 8934.51 8931.35 8924.4 8918.55 8914.03 8909.97 8905.79 8901.26 8902.13 8902.26 8904.14 8906.23 8908 8909.34 8911.5 8912.86 8915.17 8918.35 8921.21 8923.97 8928.36 8936.86 8941.16 8937.45 8929.95 8921.47 8915.86 8913.46 8912.68 8911.58 8912.94 8913.6 8913.99 8911.24 8907.36 8907.23
8862.04 8859.2 8856.68 8858.21 8859.4 8860.45 8861.52 8862.31 8857.01 8857.28 8863 8870.9 8879.9 8889.73 8899.7 8909.51 8922.52 8935.48 8945.3 8953.79 8958.54 8954.28 8944.88 8937.71 8933.4 8929.88 8926.48 8923.54 8921.58 8921.33 8929.61 8948.8 8934.09 8920.99 8916.69 8914.07 8911.1 8907.46 8903.52 8902.92 8907.25 8906.91 8906.09 8909.28 8911.4 8913.03 8913.64 8915.87 8918.48 8921.73 8926.22 8933.14 8941.6 8937.97 8934.38 8929.13 8921.46 8916.49 8915.6 8915.75 8919.42 8925.71 8923.64 8919.61 8916.33 8911.81 8903.47
8863.48 8860.79 8859.72 8859.19 8859.89 8860.99 8862.46 8864.15 8859.27 8858.41 8862.35 8869.21 8877.57 8886.3 8895.14 8905.15 8918.36 8931.71 8943.63 8954.96 8963.81 8961.19 8949.61 8942.82 8936.22 8931.11 8926.95 8922.79 8917.58 8909.78 8895.24 8852.39 8892.93 8907.53 8914.25 8915.17 8913.42 8910.85 8908.63 8906.66 8910.14 8908.45 8906.41 8910.45 8911.56 8913.52 8914.56 8916.26 8917.9 8920.75 8924.57 8931.18 8933.77 8927.97 8933.05 8931.91 8927.67 8922.67 8919.15 8918.82 8927.62 8930.02 8926.8 8923.59 8920.93 8916.64 8897.11
8862.48 8860.52 8859.58 8860.31 8860.89 8861.34 8861.45 8860.54 8856.99 8856.29 8861.33 8868.03 8875.79 8884.03 8892.92 8903.15 8916.86 8931.06 8943.77 8957.01 8969.02 8967.95 8956.32 8945.68 8938.04 8932.28 8927.83 8923.54 8917.8 8907.86 8886.95 8849.92 8879.09 8910.31 8918.44 8918.83 8916.7 8914.07 8911.84 8910.19 8907.69 8909.88 8912.4 8911.19 8912.09 8913.03 8914.08 8915.11 8916.64 8918.83 8920.88 8922.07 8929.75 8933.09 8936.16 8936.39 8936.85 8928.89 8922.11 8922.3 8929.41 8928.83 8926.15 8924 8922.81 8921.17 8907.4
8863.6 8861.97 8861.66 8861.73 8861.84 8861.53 8860.35 8858.24 8855.82 8856.18 8861.41 8867.1 8874.25 8882.43 8892.61 8904.4 8918.56 8933.44 8947.4 8961.92 8974.84 8968.63 8952.2 8942.21 8936.38 8932.49 8929.39 8926.7 8924.05 8921.48 8924.4 8960.09 8957.04 8936.05 8929.81 8925.46 8921 8916.66 8912.5 8911.01 8910.46 8911.41 8910.92 8911.96 8912.71 8913.53 8914.16 8915.02 8916.54 8917.17 8918.61 8923.05 8933.36 8931.74 8934.94 8938.11 8938.14 8930.59 8921.8 8918.09 8924.32 8923.54 8922.28 8921.47 8920.09 8917.52 8905.49
8866.77 8863.97 8863.53 8863.37 8863.05 8862.57 8861.79 8860.23 8859.45 8861.82 8862.57 8866.98 8873.55 8881.71 8891.93 8905.04 8920.82 8937.79 8953.4 8968.03 8979.95 8966.63 8944.65 8937.93 8934.7 8933.35 8932.21 8931.4 8931.76 8934.77 8943.42 8955.31 8958.51 8948.95 8938.98 8931.42 8924.99 8918.73 8911.47 8905.9 8907.91 8906.04 8912.6 8913.27 8913.71 8913.61 8913.92 8914.39 8914.62 8914.42 8914.77 8916 8917.58 8924.24 8933.01 8937.5 8936.56 8930.15 8921.45 8915.14 8919.8 8920.57 8917.9 8917.78 8915.35 8908.68 8898.3
8863.85 8865.5 8865.11 8864.54 8864.03 8863.48 8862.7 8861.7 8859.7 8859.61 8862.39 8867.23 8873.54 8881.11 8889.87 8903.83 8922.81 8942.63 8962.07 8979.3 8986.73 8966.26 8943.65 8937.07 8935.93 8936.21 8936.02 8936.37 8938.26 8942.44 8949.75 8959.16 8958.53 8950.7 8942.13 8934.44 8927.9 8921.72 8916.69 8911.58 8911.03 8910.36 8914.3 8914.55 8914.55 8914.2 8913.62 8913.22 8912.87 8912.23 8911.94 8912.17 8913.51 8920.39 8930.17 8934.8 8935.42 8926.6 8921.48 8916.16 8902.93 8899.34 8913.69 8916 8912.43 8905.43 8898.84
8866.63 8867.79 8866.36 8865.06 8864.34 8864.11 8864.37 8862.3 8859.39 8858.57 8862.06 8867.5 8873.84 8881.22 8890.88 8905.56 8925.05 8945.98 8966.83 8985.03 8975.36 8962.64 8946.23 8942.7 8943.35 8940.81 8940.43 8941.38 8943.16 8946.21 8950.36 8954.12 8953.95 8950.77 8945.23 8938.76 8932.2 8926.14 8921.62 8920.58 8915.33 8912.26 8910.71 8912.86 8911.9 8910.99 8910.21 8909.71 8909.69 8909.99 8910.27 8910.36 8910.92 8920.05 8925.11 8924.48 8921.7 8917.05 8910.64 8903.62 8898.28 8912.81 8922.48 8919.01 8912.24 8904.03 8892.14
8867.56 8867.33 8866.32 8865.04 8864.17 8863.75 8864.53 8862.22 8859.58 8857.49 8862.86 8868.6 8875.22 8882.82 8891.92 8907.43 8926.59 8946.88 8964.11 8971.86 8965.88 8959.52 8952.98 8946.97 8944.13 8945.38 8945.05 8944.66 8945.05 8945.74 8946.25 8946.84 8945.51 8946.37 8942.68 8937.46 8931.95 8926.99 8922.51 8917.86 8916.57 8914.68 8915.72 8914.62 8913.27 8911.89 8910.77 8909.83 8909.51 8910.06 8911.81 8913.23 8914.19 8925.44 8931.39 8919.84 8913.03 8909.15 8903.15 8900.59 8903.99 8941.94 8935.55 8923.38 8912.32 8903.58 8892.98
8866.06 8865.02 8865.01 8864.38 8863.56 8862.99 8861.83 8861.26 8860.82 8862.52 8865.45 8870.15 8876.77 8885.22 8895.69 8910.47 8928.11 8946.73 8962.61 8972.85 8967.02 8960.3 8954.07 8953.09 8954.58 8951.92 8950.11 8948.73 8947.7 8946.34 8944.18 8942.95 8947.78 8944.86 8941.21 8937.27 8933.52 8929.47 8925.52 8921.54 8919.91 8917.67 8917.56 8915.7 8914.56 8912.89 8911.31 8909.82 8908.99 8909.55 8912.68 8920.45 8927.92 8931.81 8915.73 8923.19 8916.38 8907.53 8901.44 8909.69 8931.19 8942.27 8936.08 8922.52 8909.04 8898.93 8894.88
8867.94 8866 8864.51 8863.59 8862.6 8862.01 8862.99 8861.46 8861.77 8863.85 8867.13 8871.3 8877.95 8887.19 8898.16 8912.33 8928.41 8945.01 8960.58 8970.64 8968.53 8962.53 8960.14 8958.93 8958.24 8955.71 8952.73 8950.29 8948.23 8946.47 8945.42 8945.39 8946.72 8943.06 8939.49 8936.18 8933.14 8930.19 8927.74 8926.17 8923.95 8920.51 8917.5 8916.99 8915.15 8913.16 8911.18 8909.5 8908.35 8908.18 8911.18 8925.91 8942.21 8939.14 8933.66 8921.51 8915.28 8909.41 8905.89 8918.61 8935.08 8936.61 8928.51 8917.34 8904.86 8892.12 8897.4
8865.62 8864.83 8863.94 8863.26 8862.16 8860.14 8858.46 8860.33 8861.73 8864.04 8866.95 8870.62 8876.73 8885.64 8897.21 8911.49 8927.23 8943.48 8957.26 8965.5 8964.75 8962.19 8961.75 8961.38 8959.83 8957.28 8954.3 8951.41 8948.73 8946.41 8945.16 8943.68 8939.17 8939.27 8937.54 8935.39 8933.08 8930.95 8929.05 8928.08 8925.17 8922.08 8919.3 8918.35 8916.37 8914.27 8912.25 8910.48 8908.76 8907.65 8911.39 8921.39 8929.72 8927.08 8920.03 8916.82 8915.71 8914.3 8916.58 8922.27 8928.39 8922.87 8917.65 8911.02 8903.21 8897.97 8893.88
8866.4 8863.69 8863.85 8863.52 8863.09 8861.82 8860.47 8860.86 8861.28 8862.55 8864.88 8868.33 8873.97 8881.72 8892.75 8907.63 8924.06 8940.21 8954.12 8961.87 8959.65 8959.57 8961.82 8963.02 8960.99 8958.26 8954.81 8951.88 8949.23 8946.23 8941.35 8939.38 8938.84 8937.22 8936.14 8934.78 8933.06 8931.27 8929.11 8926.27 8923.65 8923.07 8921.7 8919.58 8917.44 8915.39 8913.59 8911.32 8909.67 8907.92 8908.17 8914.5 8919.63 8920.91 8914.82 8916.81 8917.13 8918.62 8920.38 8922.12 8919.81 8916.26 8912.07 8906.3 8900.81 8896.55 8895.09
8866.92 8865.14 8864.52 8864.39 8864.8 8866.56 8865.86 8862.9 8861.36 8860.29 8861.31 8865.83 8870.56 8876.92 8888.03 8903.78 8920.62 8937.05 8951.83 8960.66 8952.54 8955.57 8960.28 8962.69 8960.46 8957.22 8953.88 8951.38 8949.27 8947.24 8946.58 8941.48 8937.52 8936.66 8936.21 8935.15 8933.8 8932.15 8930.36 8928.89 8927.65 8925.39 8923.09 8920.71 8918.46 8916.5 8914.56 8913.33 8912.32 8911.37 8910.08 8910.73 8910.79 8910.5 8907.18 8912.43 8916.64 8920.84 8924.1 8922.84 8921.44 8916.19 8907.93 8904.21 8899.54 8896.31 8896.24
8867.68 8866.94 8864.65 8864.5 8865.2 8866.18 8866.41 8864.05 8862.35 8861.25 8862.01 8865.43 8868.59 8871.97 8883.46 8900.55 8917.42 8933.18 8946.86 8956.7 8949.69 8952.13 8955.09 8956.31 8954.36 8952.6 8951.28 8950.31 8949.38 8948.21 8946.65 8943.11 8940.33 8938.53 8937.46 8936.58 8935.2 8933.66 8932.25 8932.53 8932.5 8928.08 8924.71 8922.23 8919.91 8917.61 8916.21 8915.16 8915.23 8916.83 8914.58 8909.56 8906.81 8904.3 8904.64 8909.49 8915 8919.7 8923.35 8924.83 8923.58 8918.2 8910.14 8905.45 8900.54 8897.47 8895.99
8860.72 8860.59 8862.85 8864.42 8864.83 8864.48 8864.9 8864.59 8864.04 8864.14 8865.5 8867.65 8870.19 8874.44 8884.63 8899.66 8915.14 8929.08 8939.5 8943.74 8948.73 8950.45 8949.64 8948.59 8947.41 8947.17 8948.33 8948.99 8949.15 8948.98 8947.58 8945.25 8941.78 8939.78 8939.78 8938.97 8937.39 8935.51 8933.65 8932.33 8929.57 8927.81 8925.76 8923.53 8921.44 8919.22 8917.61 8916.21 8915.78 8916.42 8913.54 8908.22 8905.85 8903.69 8904.27 8908.21 8914.82 8919.01 8923.42 8926.61 8924.56 8918.96 8913.54 8908.01 8903.69 8901.21 8901.02
8863.97 8863.17 8864.56 8865.07 8865.09 8865.83 8865.55 8865.64 8865.8 8867 8871.53 8870.68 8873.56 8878.04 8888.3 8900.81 8914.19 8926.7 8936.99 8945.65 8956.31 8948.73 8944.2 8940.22 8942.11 8943.36 8946.15 8947.63 8948.91 8950.15 8950.76 8948.53 8945.74 8944.5 8944.16 8942.57 8940.29 8937.79 8935.02 8932.88 8928.9 8928.05 8927.52 8925.38 8923.38 8921.09 8918.76 8916.2 8914.25 8912.2 8910.53 8906.09 8908.1 8909.11 8906.63 8908.84 8917.16 8924 8925.74 8928.01 8924.65 8918.08 8912.3 8911.09 8908.85 8905.66 8904.13
8862.17 8866.63 8867.19 8866.19 8865.9 8865.44 8866.47 8867.14 8867.42 8867.79 8867.53 8871.94 8876.89 8881.75 8891.47 8902.3 8914.02 8925.55 8934.98 8940.16 8940.85 8940.35 8939.67 8939.66 8941.82 8945.19 8944.94 8946.19 8948.3 8950.25 8951.56 8952.46 8953.3 8953.12 8950.04 8946.99 8944.03 8941.15 8938.06 8935.11 8933.61 8931.4 8929.57 8928.06 8925.86 8923.07 8920.3 8917.06 8913.45 8909.95 8912.23 8913.31 8911.67 8911.4 8907.3 8930.73 8920.55 8910.23 8918.65 8927.68 8924.04 8917.09 8918.32 8915.87 8911.18 8907.8 8902.96
8860.28 8862.55 8864.29 8866.22 8867.95 8868.61 8868.79 8868.95 8869.34 8869.96 8870.92 8875.55 8880.85 8888.18 8894.05 8903.24 8913.69 8924.18 8934.46 8935.78 8930.22 8932.21 8935.73 8938.56 8939.71 8941.32 8941.13 8943.88 8947.3 8950.4 8952.93 8955.44 8957.52 8958.27 8955.19 8951.46 8948.32 8945.04 8942.15 8940.64 8937.2 8935.49 8933.63 8931.93 8930.13 8927.2 8923.67 8919.7 8915.66 8913.27 8916.87 8918.67 8913.26 8908.02 8902.92 8909.01 8910.2 8897.79 8907.62 8919.25 8917.92 8919.36 8921.08 8920.05 8916.11 8911.66 8906.04
8859.43 8859.64 8861.45 8865.31 8869.59 8872.44 8870.42 8870.18 8870.83 8872.68 8877.63 8879.02 8881.94 8888.01 8894.59 8903.22 8912.69 8921.57 8927.73 8929.57 8927.01 8928.82 8932.72 8936.45 8935.4 8932.53 8935.49 8940.38 8946.1 8950.94 8954.39 8957.09 8959.31 8958.78 8957.95 8954.95 8952.08 8949.14 8946.44 8944.02 8943.89 8940.96 8938.9 8936.45 8934.6 8931.31 8927.37 8923.1 8919.1 8917.07 8918.27 8917.19 8912.48 8907 8902.04 8900.67 8901.79 8900.78 8901.31 8901.8 8904.58 8902.77 8910.9 8918.51 8921.96 8915.97 8912.15
8856.87 8858.59 8861.07 8864.06 8866.45 8868.73 8869.7 8870.25 8871.26 8872.74 8874.48 8875.79 8877.98 8884.31 8893.15 8903.51 8912.84 8920.33 8924.31 8927.49 8928.22 8929.16 8930.25 8931.45 8929.97 8927.47 8929.58 8935.87 8944.18 8953.63 8955.83 8957.12 8958.34 8958.67 8958.64 8958.04 8956.48 8954.37 8951.98 8950.81 8947.03 8944.62 8944.32 8942.79 8940.11 8936.5 8931.86 8927.02 8921.97 8919.06 8920.21 8916.92 8910.44 8905.98 8903.77 8901.22 8901.42 8902.6 8901.36 8901.31 8898.22 8895.21 8905.79 8912.78 8912.98 8914.23 8914.8
8853.85 8858.32 8861.43 8862.44 8863.81 8866.08 8868.1 8869.75 8871.09 8872.17 8872.15 8871.9 8871.44 8878.2 8890.91 8903.63 8914.78 8923.18 8927.65 8929.91 8930.48 8929.7 8927.46 8924.82 8921.56 8918.82 8922.69 8930.14 8939.02 8948.07 8952.79 8955.27 8957.03 8957.28 8959.95 8961.64 8961.51 8960.3 8958.38 8957.75 8954.19 8951.21 8952.15 8949.85 8946.54 8942.36 8937.49 8932.24 8926.61 8921.54 8918.43 8913.82 8907.53 8901.79 8899.36 8897.24 8895.84 8895.73 8898.25 8899.36 8896.87 8898.19 8904.17 8906.44 8906.06 8910.18 8916.29
8856.16 8858.04 8859.44 8861.5 8861.29 8864.46 8867.15 8869.37 8871.22 8872.67 8873.39 8872.68 8871.04 8878.09 8890.58 8904.15 8917.14 8928.21 8934.75 8933.98 8931.55 8928.93 8924.83 8919.95 8915.37 8915.97 8918.62 8924.25 8931.92 8940.07 8947.3 8953.61 8957.78 8959.86 8964.2 8966.51 8966.8 8966.12 8965.39 8966.49 8965.5 8964.14 8962.52 8959.1 8954.19 8949.38 8944.47 8939.13 8932.62 8924.69 8914.8 8911.29 8905.36 8896.02 8892.33 8888.16 8883 8884.03 8884.39 8889.01 8893.75 8898.07 8904.3 8909.21 8906.82 8906.24 8907.69
