real_craters/C183-500m.grd
DSAA
316 316
-78.6975 78.6975
-78.6975 78.6975
7370.0508445755 10003.385219464
[rows 60 to 89 of 316, columns 0 to 66 of 316]
8852.98 8843.74 8843.02 8844.23 8844.99 8849.48 8850.16 8847.3 8846.18 8845.82 8845.03 8843.24 8845.29 8851.4 8859.85 8866.45 8875.71 8881.84 8886.66 8892.09 8906.46 8917.51 8909.72 8923.15 8932.38 8948.35 8980.2 9010.58 9039.02 9067.05 9094.24 9109.54 9125.61 9143.17 9168.6 9208.05 9264 9312.78 9345.34 9359.4 9358.08 9350.75 9334.09 9295.72 9245.64 9213.91 9189.41 9174.1 9176.5 9189.8 9206.25 9223.81 9242.63 9261.6 9276.11 9285.3 9288.76 9287.45 9285.31 9290.4 9293.54 9296.8 9301.4 9311.25 9324.9 9338.29 9349.9
8847.87 8843.97 8844.75 8845.15 8847.13 8854.38 8857.42 8846.42 8843.35 8847.12 8849.01 8842.52 8845.6 8852.5 8861.57 8872.74 8879.64 8886.4 8892.01 8896.13 8914.02 8921.64 8921.88 8951.15 8968.95 8987.1 9013.38 9036.87 9059.38 9082.04 9102.31 9118.74 9133.01 9149.25 9173.85 9216.13 9256.23 9294.57 9324.26 9340.07 9344.7 9336.09 9318.54 9278.54 9247.13 9214.47 9186.19 9164.59 9167.05 9179.7 9195.66 9212.99 9232.48 9254.58 9274.09 9283.49 9280.5 9277.31 9277.11 9277.52 9280.1 9285.32 9290.69 9303.4 9320.15 9333.34 9344.32
8843.47 8849.33 8849.07 8847.55 8846.28 8849.63 8851.36 8845.54 8844.57 8849.16 8850.81 8840.14 8845.93 8853.66 8862.25 8871.53 8881.56 8891.62 8900.36 8909.45 8921.35 8937.99 8949.6 8990.77 9034.09 9047.49 9053.11 9067.43 9083.04 9097.96 9113.79 9128.31 9141.37 9157.04 9182.42 9211.18 9244.21 9275.3 9302.72 9321.14 9331.33 9335.75 9322.94 9286.95 9252.16 9218.91 9188.72 9167.92 9161.77 9170.49 9188.15 9198.66 9217.5 9241.48 9266.05 9274.33 9267.71 9263.67 9262.95 9264.49 9268.45 9277.78 9290.91 9304.62 9317.41 9331.31 9346.03
8845.46 8850.27 8851.65 8850.92 8849.18 8850.66 8846.52 8843.79 8846.15 8851.1 8851.11 8842.4 8849.39 8854.39 8861.33 8871.36 8882.32 8895.79 8908.99 8913.12 8914.95 8944.63 8995.62 9021.15 9058.15 9075.15 9080.6 9090.54 9103.64 9118.66 9130.84 9139.12 9148.26 9159.91 9173.8 9196.2 9225.65 9259.96 9285.6 9303.5 9315.45 9320.77 9316.77 9295.76 9258.44 9223.36 9191.21 9165.77 9153.1 9153.89 9161.39 9174.74 9196.41 9218.76 9238.88 9249.68 9247.59 9240.61 9248.94 9243.41 9251.96 9268.14 9287.54 9303.08 9314.61 9328.53 9342.19
8850.72 8852.79 8852.66 8852.23 8852.22 8852.28 8846.42 8846.42 8848.76 8852.74 8853.97 8846.23 8849.3 8854.27 8859.58 8866.1 8880.27 8898.98 8916.34 8918.35 8894.24 8845.68 8962.63 9025 9057.9 9080.03 9092.97 9105.04 9118.64 9132.88 9143.08 9148.27 9154.44 9163.4 9175.5 9190.93 9216.99 9251.83 9273.18 9288.59 9299.33 9303.77 9300.35 9286.93 9258.76 9226.22 9193.83 9165.36 9147.74 9139.59 9131.25 9150.47 9174.47 9197.52 9218.99 9243.62 9217.91 9203.54 9185.13 9203.82 9234.69 9256.83 9273.28 9289.7 9308.99 9323.41 9337.02
8851.49 8849.64 8849.75 8851.18 8854.44 8857.71 8848.24 8848.68 8850.7 8853.47 8849.85 8849.26 8851.89 8853.97 8858.5 8865.54 8881.54 8903.21 8920.22 8930.74 8930.73 8934 8987.68 9035.47 9068.41 9087.1 9101.95 9116.36 9129.7 9141.29 9151.93 9158.38 9163.57 9170.24 9178.72 9193.68 9212.79 9235.28 9258.93 9274.89 9284.4 9288.77 9285.82 9281.64 9256.58 9227.79 9198.84 9171.11 9151.42 9142.02 9135.56 9142.19 9155.95 9167.69 9171.4 9158.94 9169.79 9176.78 9179.95 9204 9231.44 9252.21 9269.82 9287.43 9305.84 9321.69 9334.08
8848.55 8847.57 8848.46 8851.97 8852.51 8851.89 8850.09 8849.22 8852.49 8854.71 8850.18 8849.12 8850.69 8853.8 8857.9 8865.96 8881.04 8909.26 8942.45 8959.9 8983.08 9027.32 9037.98 9051.27 9074.26 9094.7 9111.87 9128.22 9142.32 9158.51 9165.47 9171.48 9176.37 9178.99 9183.32 9192.57 9208.05 9228.78 9251.13 9265 9273.29 9276.46 9275.54 9267.29 9250.39 9226.85 9204.4 9185.21 9168.77 9157.52 9144.56 9140.85 9141.57 9142.54 9132.05 9119.05 9138.94 9166.06 9202.28 9228.16 9237.66 9254.19 9269.81 9286.45 9307.4 9321.41 9331.83
8848.48 8847.93 8849.84 8854.45 8854.7 8852.08 8852.51 8851.54 8854.9 8855.82 8849.82 8850.95 8852.2 8853.85 8857.64 8865.02 8878.2 8903.73 8946.74 8966.3 8999.72 9038.41 9042.28 9050.33 9067.54 9091.45 9112.34 9131.26 9147.25 9164.59 9175.35 9183.1 9188.18 9190.33 9183.09 9193.1 9225.76 9244.48 9254.45 9262.57 9268.87 9268.06 9263.05 9260.76 9239.79 9219.34 9203.66 9197.79 9198.73 9170.29 9156.22 9142.96 9126.28 9118.86 9108.62 9108.55 9123.37 9152.22 9189.11 9216.89 9233.35 9256.33 9279.56 9299.64 9315.23 9324.66 9330.89
8847.71 8849.09 8849.74 8852.22 8853.53 8852.46 8853.85 8855.73 8857.91 8859.78 8851.11 8850.5 8852.82 8854.57 8857.68 8863.38 8872.85 8885.41 8900.86 8938.92 8975.83 9007.32 9026.35 9044.08 9064.42 9092.16 9117.77 9137.65 9154.2 9167.13 9182.06 9191.47 9199.57 9206.11 9210.11 9218.83 9232.61 9255.12 9262.28 9265.77 9264.19 9261.68 9259.18 9239.14 9217.17 9199.76 9188.23 9180.84 9170.15 9157.38 9146.35 9127.58 9103.05 9083.63 9084.6 9088.09 9108.16 9135.98 9159.75 9182.99 9221.67 9257.57 9291.09 9317.44 9323.06 9325.59 9324.39
8852.49 8851.17 8851.39 8852.47 8852.51 8850.03 8850.64 8851.69 8858.72 8862.27 8852.9 8855.8 8855.12 8855.84 8857.89 8862.03 8869.33 8873.29 8885.15 8910.16 8934.08 8961.46 9020.43 9043.9 9066.36 9095.98 9125.84 9154.47 9174.76 9186.03 9198.49 9204.87 9211.05 9225.42 9255.76 9287.1 9271.93 9262.39 9271.1 9265.92 9258.48 9245.81 9217.45 9196.23 9181.32 9170.22 9163.52 9156.47 9145.63 9135.91 9121.39 9102.36 9077.84 9065.84 9072.04 9087.26 9108.63 9129.14 9150.51 9178.65 9213.54 9254.57 9292.62 9319.52 9324.17 9321.97 9318.3
8853.27 8852.45 8853.13 8853.88 8851.32 8853.77 8854.35 8853.05 8859.93 8861.23 8854.12 8853.73 8856.04 8856.5 8858.11 8860.62 8864.16 8870.22 8878.81 8893.65 8907.38 8937.24 9011.93 9034.34 9059.28 9094.25 9141.25 9185.83 9214.14 9222.38 9220.92 9213.72 9209.76 9220.71 9263.43 9334.86 9344.43 9307.93 9275.88 9260.88 9248.93 9227.04 9179.72 9153.07 9141.46 9137.42 9136.65 9136.01 9132.77 9116.24 9093.95 9068.27 9053.03 9048.81 9064.38 9092.8 9117.5 9126.33 9143.79 9165.41 9206.31 9250.47 9287.33 9312.42 9319.33 9317.55 9310.81
8852.8 8851.94 8850.62 8851.09 8851.44 8851.63 8857.85 8856.05 8862.27 8864.28 8857.32 8857.86 8857.82 8858.31 8858.29 8860.24 8865.78 8870.73 8878.28 8888.61 8900.02 8915.45 8942.86 8978.75 9031.94 9086.65 9152.23 9217.9 9276.39 9268.84 9238.8 9211.34 9189.25 9173.21 9166.92 9169 9218.22 9265.1 9238.49 9231.85 9233.74 9233.75 9189.06 9127.99 9103.26 9106.46 9110.38 9113.06 9112.28 9095.54 9068.67 9042.69 9035.4 9039.66 9056.57 9076.07 9096.62 9122.31 9145.12 9167.38 9207.72 9248.07 9281.34 9304.37 9311.61 9309.42 9301.57
8852.59 8851.63 8851.26 8851.52 8851 8850.8 8850.93 8853.45 8863.38 8862.18 8859.94 8861.37 8860.38 8859.53 8859.11 8859.16 8860.54 8865.17 8876.87 8889.76 8904.04 8915.54 8931.56 8950.53 9010.27 9079.35 9154.75 9225.49 9298.48 9279.37 9234.56 9191.82 9155.07 9111.04 9053.74 8974.24 9000.3 9115.43 9155.21 9181.93 9202.79 9216.3 9188.8 9128.71 9089.29 9082.78 9085.65 9090.59 9091.36 9077.68 9051.08 9032.67 9026.08 9036 9053.33 9073.44 9095.44 9126.56 9154.71 9187.37 9216.28 9248.18 9276.85 9295.36 9305.59 9303.38 9294.68
8852.76 8851.71 8851.33 8853.01 8857.09 8850.94 8850.13 8857.12 8864.36 8863.42 8863.81 8864.8 8862.23 8860.87 8860.17 8859.1 8860.28 8868.64 8878.88 8891.8 8906.67 8916.71 8930.03 8950.32 9003.52 9064.49 9141.19 9200.64 9234.29 9240.53 9210.08 9169.52 9120.84 9065.83 9006.07 8955.83 8960.58 9000.8 9078.02 9133.69 9164.91 9156.85 9133.63 9091.81 9066.95 9059 9060.42 9066.62 9075.45 9065.96 9032.92 9010.26 9016.58 9032.26 9054.46 9082.33 9115.8 9136.57 9161.25 9189.3 9216.08 9245.61 9275.28 9301.51 9303.36 9297.79 9286.49
8853.69 8851.93 8851.06 8852.22 8852.52 8851.97 8852.26 8858.64 8863.77 8864.91 8863.48 8863.43 8862.47 8861.71 8860.74 8859.86 8862.53 8868.44 8877.83 8890.17 8905.76 8918.25 8932.8 8959.59 9004.97 9068.09 9123.49 9168.97 9198.61 9201.06 9182.64 9147.7 9103.02 9048.32 8997.54 8962.2 8954.61 8965.17 9029.04 9096 9145.69 9156.54 9111.55 9058.55 9040.17 9034.56 9035.04 9036.96 9037.95 9027.39 9010.22 8998.41 9001.63 9026.1 9054.62 9087.01 9118.07 9141.4 9160.2 9180.68 9205.25 9236.32 9267.76 9293.6 9296.89 9289.43 9278.1
8854.62 8852.28 8849.71 8854.77 8856.85 8855.2 8854.8 8855.83 8862.4 8864.53 8863.47 8862.86 8862.14 8862.1 8861.19 8860.99 8861.67 8863.51 8874.65 8884.22 8891.98 8918.79 8952.64 8972.41 9009.36 9054.28 9112.32 9149.53 9167.92 9173.65 9158.42 9124.89 9083.96 9035.91 8991.7 8961.48 8946.24 8942.1 9001.98 9071.29 9138.41 9181.2 9117.01 9058.41 9028.37 9018 9012.28 9008.07 9000.98 8991.88 8988.66 8987.99 9002.26 9021.9 9051.89 9087.68 9125.39 9142.42 9152.93 9165.79 9187.31 9220.4 9251.71 9276.87 9282.43 9278.11 9268.3
8855.66 8854.28 8853.08 8852.58 8857.2 8858.77 8857.7 8856.85 8859.77 8862.87 8862.51 8862.31 8862.13 8862.12 8861.92 8862.49 8863.7 8868.25 8874.06 8880.34 8886.19 8912.7 8944.12 8978.19 9015.35 9058.35 9110.91 9137.95 9156.78 9158.25 9142.02 9109.57 9069.37 9024.66 8986.64 8952.72 8940.69 8942.32 8990.01 9053.62 9109.6 9134.98 9111.46 9064.48 9030.91 9004.86 8995.01 8987.79 8981.03 8973.96 8975.14 8978.79 8988.03 9014.45 9044.79 9079.56 9113.88 9129.98 9139.01 9151.45 9171.94 9202.32 9231.42 9253.15 9264.19 9264.55 9258.66
8856.77 8856.12 8857.58 8853.34 8855.76 8861.36 8862.77 8858.6 8860.54 8862.16 8862.55 8861.41 8861.49 8862.07 8862.76 8864.69 8867.44 8869.34 8873.9 8879.77 8886.56 8906.3 8923.01 8965.54 9018.72 9069.43 9126.88 9147.9 9161.17 9161.9 9140.66 9108.96 9062.89 9019.93 8974.21 8952.42 8943.19 8939.58 8986.03 9047.21 9087.97 9107.34 9108.55 9087.95 9014.1 8990.7 8981.55 8974.32 8968.87 8968.58 8967.07 8974.18 8984.71 9006.1 9032.77 9058.67 9085.98 9103.85 9118.35 9133.26 9151.97 9182.54 9211.59 9236.84 9247.92 9249.9 9247.67
8857.74 8857.31 8857.86 8858.34 8858.39 8858.87 8858.48 8859.7 8861.1 8858.82 8856.82 8859.63 8861.14 8862.2 8863.62 8865.82 8869.33 8872.13 8874.58 8879.29 8886.24 8906.78 8944.15 8982.35 9023 9095.91 9164.18 9214.32 9215.91 9188.85 9154.7 9111.8 9061.71 9011.34 8966.42 8946.13 8929.23 8932.93 9000.99 9066.26 9103.82 9110.81 9104.92 9082.4 9020.88 8988.02 8973.53 8963.63 8958.39 8954.98 8958.98 8963.62 8975.89 8998.8 9019.17 9039.87 9058.82 9077.59 9095.55 9113.9 9135.86 9161.8 9189.85 9212.4 9227.63 9232.92 9233.26
8858.42 8857.76 8856.35 8853.77 8859.74 8865.79 8859.76 8861.92 8860.08 8858.38 8858.52 8859.3 8860.7 8862.34 8863.9 8865.75 8867.72 8870.44 8874.07 8878.48 8884.25 8898.19 8908.67 8940.99 9012.54 9102.05 9193.3 9284.58 9261.32 9212.89 9163.71 9114.5 9063.02 9014.07 8958.44 8931.53 8948.08 9002.04 9062.39 9108.65 9146.83 9130.4 9091.91 9053.86 9019.7 8990.75 8969 8956.34 8950.42 8951.65 8958.7 8963.17 8983.55 8998.69 9007.95 9024.15 9040.44 9057.64 9076.64 9092.7 9113.76 9136.28 9165.93 9193.77 9208.97 9213.72 9214.76
8858.84 8858.55 8857.83 8857.92 8860.99 8861.88 8861.62 8865.96 8861.2 8858.46 8859.18 8859.71 8860.93 8862.63 8864 8865.28 8866.95 8870.58 8875.65 8879.57 8885.93 8900.08 8910.91 8932.15 8998.78 9092.52 9181.57 9259.57 9253.58 9217.91 9173.8 9125.51 9077.51 9029.73 8975.98 8959.79 9022.84 9114.97 9152.2 9138.42 9125.1 9099.5 9062.76 9023.3 9001.82 8979.84 8959.25 8947.38 8941.25 8942.82 8967.42 8997.64 9026.32 8983.1 8991.13 9010.88 9033.14 9054.18 9059.55 9068.1 9077.53 9105.45 9138.61 9171.31 9186.57 9188.58 9189.78
8860.28 8860 8860.04 8862.87 8865.18 8864.89 8864.64 8871.08 8859.29 8855.52 8858.12 8860.33 8861.44 8862.73 8863.87 8865.68 8866.86 8871.61 8876.97 8881.51 8883.62 8896.58 8909.69 8920.8 8987.93 9074.28 9155 9195.14 9224.33 9210.59 9180.43 9141.1 9101.07 9064.55 9024.29 9032.41 9123.72 9228.46 9222.09 9129.35 9066.54 9047.24 9026.9 9000.19 8971.77 8950.62 8943.1 8937.45 8933.85 8936.19 8974.01 9031.14 8892.13 8933.67 8972.26 8998.49 9020.06 9035.45 9043.99 9046.94 9054.14 9076.19 9106.48 9134.95 9151.01 9156.68 9160.43
8863.36 8863.59 8864.29 8866.51 8869.04 8868.84 8867.89 8872.37 8867.69 8865.04 8863.17 8862.65 8862.01 8862.43 8863.91 8866.02 8869.75 8869.83 8870.39 8870.29 8875.58 8882.4 8892.63 8923.21 8976.08 9060.48 9148.76 9211.32 9212.48 9199.73 9176.78 9148.85 9124.59 9111.77 9110.46 9143.38 9239.9 9232.06 9159.83 9075.48 9010.21 9012.73 8999.3 8976.27 8950.46 8931.71 8931.3 8930.57 8931.77 8938.57 8968.19 9002.63 8956.52 8955.37 8972.39 8990.58 9008.98 9024.1 9028.88 9029.48 9033.85 9050 9072.42 9094.3 9109.74 9120.03 9128.77
8868.51 8869.62 8870.21 8870.9 8871.91 8871.08 8870.8 8878.37 8870.7 8871.43 8867.84 8865.18 8863.97 8863.14 8863.54 8863.74 8864.06 8866.12 8866.63 8864.68 8868.98 8875.46 8879.63 8892.93 8955.91 9045.06 9129.93 9183.99 9193.61 9184.02 9165.9 9145.07 9132.99 9137.83 9184.76 9218.65 9221.25 9098.79 8963.22 9020.41 9050.72 9008.8 8979.8 8953.31 8934.63 8929.57 8927.49 8928.15 8932.27 8943.57 8962.26 8977.92 9008.61 8990.06 8978.05 8983.53 8995.13 9008.41 9008.43 9009.75 9014.54 9025.51 9039.26 9051.63 9065.47 9082.86 9095.95
8874.35 8877.6 8876.06 8875.09 8876.07 8872.79 8865.57 8877.81 8873.8 8871.16 8869.96 8867.56 8865.15 8863.49 8862.58 8862.58 8862.51 8862.62 8862.51 8864.96 8867.26 8872.32 8871.8 8882.62 8939.58 9029.66 9115.51 9164.18 9170.22 9162.25 9145.69 9127.81 9115.39 9115.27 9133.71 9155.14 9134.66 9026.94 8915.22 8986.5 9025.85 8992.73 8961.56 8936.28 8921.7 8928.17 8925.21 8924.66 8928.9 8937.67 8948.34 8961.36 8966.5 8966.79 8967.35 8971.52 8977.21 8981.75 8985.45 8988.96 8994.27 9002.14 9009.7 9017.99 9031.14 9050.65 9067.61
8878.51 8879.87 8879.14 8878.89 8879.03 8876.09 8874.37 8884.21 8879.34 8873.01 8871.98 8868.92 8865.45 8862.71 8860.54 8860.05 8860.96 8860.88 8862.62 8863.73 8866.55 8870.59 8869.15 8875.7 8929.11 9018.21 9107.94 9145.64 9143.71 9134.72 9118.69 9101.82 9086.1 9068 9040.9 9071.71 9087.14 9046.41 9003.66 8971.46 8969.17 8962.57 8943.84 8925.36 8915.57 8921.4 8918.39 8919.72 8923.3 8928.86 8934.75 8939.43 8942.31 8946.05 8954.56 8958.5 8960.9 8961.96 8963.59 8967.14 8971.56 8977.75 8983.57 8991.28 9003.64 9025.94 9044.79
8881.02 8881.55 8881.63 8880.37 8879.75 8879.83 8881.54 8889.73 8886.81 8882.61 8875.05 8870.33 8866.7 8862.19 8858.24 8854.69 8855.96 8859.73 8863.38 8863.89 8865.46 8875.88 8873.85 8883.64 8928.05 9003.9 9076.56 9109.06 9111.23 9101.64 9085.15 9068.05 9049.31 9033.22 9017.62 9031.41 9041.23 9026.78 8981.16 8958.31 8945.24 8942.76 8931.93 8917.69 8907.76 8903.39 8907.94 8912.25 8916.35 8920.78 8923.69 8928.4 8931.65 8936.29 8946.02 8949.91 8949.39 8946.57 8946.88 8948.33 8949.15 8952.25 8962.08 8973.71 8988.96 9008.81 9027.85
8883.57 8882.09 8883.44 8880.78 8881.1 8882.64 8885.28 8889.55 8886.7 8882.97 8875.19 8870 8865.35 8860.74 8856.96 8854.75 8856.09 8861.18 8867.26 8868.44 8861.21 8865.49 8887.37 8907.32 8943.91 9000.47 9031.97 9068.79 9079.28 9073.13 9056.96 9039.43 9018.87 9003 8996.09 9005.84 9016.95 9014.39 8998.08 8971.16 8945.68 8932.28 8922.15 8910.51 8900.59 8898.78 8901.18 8905.73 8910.05 8913.91 8917.82 8925.47 8933.69 8939.15 8943.75 8943.59 8941.46 8938.46 8936.45 8934.68 8932.76 8935.06 8945.05 8960.81 8978.05 8996.53 9015.23
8890.33 8887.52 8883.6 8879.7 8879.93 8881.58 8885.05 8888.04 8883.4 8880.64 8874.42 8868.5 8864.64 8861.69 8857.55 8853.63 8856.38 8861.01 8870.27 8877 8863.82 8877.88 8920.15 8962.36 9001.19 9030.88 9043.81 9051.27 9051.05 9043.01 9028.86 9012.93 8992.36 8975.49 8968.86 8983.78 8997.02 8999.05 8989.18 8960.05 8941.63 8926.24 8913.45 8903.47 8897.16 8894.65 8897.13 8901.05 8904.43 8909.74 8916.24 8928.54 8940.02 8951.48 8943.77 8938.41 8935.35 8933.15 8930.7 8924.78 8919.24 8917.23 8930.1 8948.59 8965.22 8985.28 9003.6
8891.61 8888.31 8883.47 8877.96 8874.71 8878.65 8883.68 8888.46 8882.33 8881.24 8874.05 8868.41 8863.22 8860.24 8858.67 8859.73 8857.85 8860.94 8869.32 8866.02 8873.91 8907.88 8963.49 9029.9 9087.38 9071.6 9054.2 9039.88 9028.23 9015.85 9000.41 8983.61 8966.95 8951.73 8949.85 8965.45 8984.25 8993.94 8988.1 8962.99 8940.01 8921.85 8908.29 8898.34 8892.03 8891.76 8895.42 8898.73 8902.01 8906.61 8917.27 8930.59 8935.63 8940.25 8933.45 8930.78 8929 8927.71 8925.31 8916.63 8909.6 8907.88 8919 8937.19 8956.01 8974.78 8992.63
