real_craters/C183-1000m.grd
DSAA
91 91
-44.97 44.97
-44.97 44.97
1988.4187875447 4368.7420342208
[rows 0 to 29 of 91, columns 0 to 66 of 91]
3591.24 3564.68 3560.2 3610.36 3596.98 3579.87 3559.03 3533.91 3542.63 3543.81 3544.14 3541.99 3538.64 3538.51 3542.46 3546.59 3555.73 3568.16 3576.96 3570.06 3555.47 3550.23 3547.18 3542.52 3547.1 3551.81 3558.34 3567.52 3565.02 3567.85 3572.9 3583.79 3596.54 3587.68 3582.49 3573.77 3567.17 3593.91 3595.2 3581.92 3561 3565.34 3555.56 3565.48 3566.05 3585.93 3611.17 3606.77 3613.06 3620.07 3610.27 3600.95 3597.83 3595.69 3597.46 3583.63 3574.45 3586.78 3598.23 3609.74 3598.8 3591.53 3595.86 3596.22 3592.96 3596.64 3595.52
3587.11 3567.74 3561.51 3566.41 3580.7 3566.06 3552.68 3546.88 3540.93 3541.98 3540.91 3536.76 3527.94 3534.25 3540.31 3531.57 3560.17 3571.37 3577.41 3571.52 3556.44 3555.66 3556.45 3548.56 3554.55 3549.51 3552.69 3557.93 3567.27 3570.08 3573.14 3597.21 3610.97 3603.05 3584.02 3587.44 3594 3616.23 3604.71 3574.21 3549.9 3563.12 3557.75 3559.6 3566.04 3577.39 3585.78 3598.14 3623.77 3626.84 3632.02 3613.79 3596.3 3586.68 3587.35 3596.91 3605.58 3604.35 3614.35 3628.8 3625.55 3639.33 3642.29 3629.5 3617.95 3603.72 3589.38
3595.44 3580.33 3567.88 3570.04 3566.95 3556.62 3543.99 3544.6 3541.82 3543.31 3544.69 3544.11 3540.42 3537.31 3524.44 3569.79 3577.41 3579.4 3573.41 3571.08 3577.38 3573.09 3575.81 3584.19 3559.28 3565.82 3559.21 3570.62 3572.91 3576.11 3565.69 3587.95 3604.36 3608.06 3599.77 3601.14 3600.96 3614.06 3600.31 3575.01 3539.09 3550.29 3554.45 3560.89 3564.31 3569.62 3569.9 3591.21 3625.22 3619.2 3613.13 3611.68 3591.14 3570.49 3556 3580.06 3604.87 3601.79 3611.37 3633.76 3642.97 3652.52 3651.41 3639.7 3623.94 3604.85 3588.5
3595.86 3584.02 3572.42 3561.81 3569.44 3555.38 3535.6 3538.83 3551.03 3551.26 3554.88 3558.92 3568.57 3562.5 3563.92 3585.86 3590.03 3588.44 3585.53 3581.86 3570.65 3575.31 3581.67 3596.69 3615.94 3611.24 3584.66 3552.73 3565.77 3566.52 3557.38 3577.73 3613.33 3596.9 3611.93 3604.4 3607.26 3610.07 3601.87 3589.19 3540.25 3546.21 3564.46 3563.96 3568.25 3576.91 3593.74 3597.4 3582.96 3600.32 3616.11 3604.05 3581.74 3555.85 3528.31 3544.29 3561 3575.75 3594.55 3613.14 3626.14 3636.85 3633.09 3637.55 3625.18 3606.46 3589.79
3595.79 3585.69 3576.4 3557.17 3559.7 3556.38 3548.45 3553.07 3553.06 3556 3560.98 3568.84 3575.17 3572.97 3571.53 3584.37 3597.33 3597.17 3594.61 3590.71 3582.36 3574.01 3573.42 3571.75 3597.88 3627.86 3655.68 3605.37 3575.86 3561.6 3565.1 3576.83 3593.41 3583.53 3600.15 3612.95 3595.11 3594.42 3592 3594.05 3567.69 3547.09 3548.76 3559.35 3570.26 3577.65 3584.95 3585.06 3583.41 3583.53 3603.24 3592.18 3575.22 3560.65 3566.42 3585.99 3567.52 3557.94 3580.06 3594.95 3602.27 3603.98 3613.28 3617.69 3615.62 3606.52 3593.51
3593.31 3588.2 3573.19 3568.15 3561.13 3555.22 3554.8 3552.79 3558.33 3563.83 3569.53 3576.16 3582.49 3581.9 3574.28 3589.94 3604.06 3602.05 3596.41 3584.42 3572.9 3573.8 3572.63 3567.36 3589.96 3610.54 3637.76 3649.73 3592.55 3566.13 3565.99 3570.12 3573.82 3577.29 3593.19 3621.86 3613.14 3599.33 3614.77 3611 3593.43 3562.15 3547.43 3558.19 3564.19 3565.12 3561.23 3545.19 3586.75 3580.23 3576.94 3577.26 3570.75 3562.72 3556.86 3577.81 3575.27 3567.15 3580.99 3598.99 3614.75 3615.37 3611.49 3612.75 3609.01 3606.06 3599.85
3590.27 3592.9 3585.76 3570.51 3565.26 3561.6 3559.64 3564.77 3564.09 3570.72 3577.16 3580.14 3578.06 3572.89 3572.37 3583.4 3600.65 3598.59 3594.33 3574.57 3580.84 3582.34 3586.17 3590.28 3578.51 3598.83 3621.97 3642.14 3624.93 3584.48 3570.94 3588.2 3577.4 3591.83 3602.59 3612.57 3593.6 3601.05 3616.58 3610.05 3576.13 3561.95 3578.12 3572.57 3560.17 3546.95 3549.77 3552.5 3571.15 3574.01 3568.65 3570.87 3568.39 3566.88 3570.62 3572.11 3577.92 3576.9 3586.15 3600.92 3618.32 3613.37 3602.56 3594.33 3601.17 3606.2 3607.27
3583.55 3589.94 3591.1 3573.63 3570.34 3572.79 3570.27 3566.77 3574.71 3582.93 3585.55 3586.5 3585.92 3582.72 3589.68 3585.77 3593.95 3599.49 3600.09 3602.82 3587.63 3590.71 3599.63 3612.67 3609.85 3611.86 3624.12 3605.18 3596.78 3594.27 3590.95 3615.15 3605.62 3591.53 3601.18 3613.1 3583.24 3577.67 3602.89 3593.32 3576.1 3574.35 3591.75 3577.29 3558.79 3547.02 3542.75 3542.55 3553.64 3570.49 3562.16 3561.1 3562.21 3568.8 3574.33 3574.85 3596.18 3581.45 3584.69 3590.77 3596.11 3595.56 3582.49 3594.07 3596.73 3601.97 3609.68
3578.28 3582.84 3601.1 3589.57 3582.19 3578.82 3561.87 3581.82 3592.6 3594.2 3593.77 3595.53 3602.35 3616.79 3618.11 3633.42 3610.4 3603.8 3601.12 3592.17 3586.72 3594.76 3606.99 3618.27 3630.53 3616.66 3625.68 3626.95 3585.49 3611.83 3631.63 3641.08 3616.75 3593.95 3595.45 3577.07 3601.06 3575.85 3606.1 3570.66 3575.88 3597.8 3590.11 3576.55 3556.56 3534.24 3538.04 3539.16 3547.64 3543.72 3549.3 3553.13 3556.1 3552.9 3565.91 3584.77 3601.99 3584.53 3579.43 3574.22 3568.78 3583.76 3575.38 3581.69 3590.48 3597.88 3604.02
3573.15 3573 3572.65 3579.09 3572.05 3568.67 3561.86 3582.47 3596.76 3597.76 3596.61 3597.73 3602.1 3608 3612.66 3619.23 3605.31 3604.09 3600.54 3593.03 3583.71 3597.32 3614.08 3637.81 3641.27 3623.39 3612.03 3634.57 3634.09 3622.7 3630.15 3649.04 3622.11 3609.12 3604.84 3603.32 3614.61 3602.91 3612.43 3581.04 3580.4 3601.22 3590.89 3583.34 3560.03 3539.11 3535.22 3549.84 3549.98 3546.33 3547.16 3553.25 3558.15 3561.53 3569.03 3581.93 3591.27 3585.94 3576.51 3570.5 3559.98 3558.47 3582.76 3579.42 3588.51 3595.98 3594.58
3569.46 3570.54 3567.11 3553.79 3560.31 3553.12 3557.58 3577.26 3581.46 3586.63 3592.65 3596.65 3599.61 3597.97 3604.85 3601 3606.13 3606.4 3598.49 3595.73 3590.67 3605.38 3615.3 3612.47 3629.52 3652.52 3629.24 3614.39 3637.87 3622.99 3627.56 3652.57 3655.33 3628.43 3630.42 3616.69 3603.54 3639.95 3628.74 3588.13 3585.67 3582.91 3598.89 3587.82 3561.03 3537.01 3531.69 3540.28 3551.82 3554.83 3554.77 3559.67 3566.57 3574.75 3574.88 3575.55 3575.09 3571.35 3573.3 3577.63 3580.57 3568.19 3573.66 3584.27 3586.58 3593.77 3599.88
3565.22 3562.35 3558.04 3545.86 3555.11 3555.18 3558.67 3568.61 3573.04 3581.2 3589.19 3595.32 3601 3608.87 3620.59 3635.09 3640.31 3619.46 3599.63 3597.68 3609.04 3614.99 3616.22 3596.93 3613.63 3627.59 3644.2 3636.53 3626.46 3636.65 3634.62 3640 3633.85 3612.01 3634.72 3616.19 3627.33 3641.74 3632.05 3622.54 3602.58 3587.8 3586.12 3583.03 3563.16 3539.38 3535.37 3541.89 3560.58 3558.74 3565.92 3568.43 3569.13 3568.09 3570.77 3567.81 3559.47 3565.59 3571.25 3575.75 3579.11 3530.16 3546.7 3568.92 3582.11 3590.27 3603.22
3560.01 3556.19 3547.67 3549.34 3549.74 3547.22 3545.67 3552.1 3565.99 3576.84 3584.45 3591.37 3600.68 3613.55 3627.93 3643.4 3649.91 3630.26 3600.49 3592.58 3629.32 3621.62 3617.58 3619.93 3620.01 3649.97 3665.2 3652.91 3631.09 3633.15 3627.48 3616.59 3621.15 3616.1 3634.14 3613.51 3633.27 3610.01 3611.55 3585.49 3601.91 3592.33 3594.85 3593.17 3570.81 3546.22 3538.39 3547.7 3566.88 3580.72 3578.14 3576.73 3576.11 3572.18 3569.31 3566.9 3568.11 3572.03 3565.13 3562.74 3553.36 3533 3543.25 3561.98 3574.8 3578.61 3572.19
3558.68 3556.58 3555.63 3552 3543.72 3542.4 3528.43 3545.86 3559.4 3568.62 3581.6 3592.09 3601.92 3612.95 3627.9 3636.25 3641.94 3624.55 3599.76 3594.14 3627.34 3621.62 3602.54 3595.86 3613.18 3655.65 3671.92 3663.08 3638.72 3625.26 3613.97 3617.3 3623.32 3616.08 3631.17 3648.29 3635.89 3622.58 3593.97 3569.68 3594.83 3574.43 3588.34 3601.91 3580.38 3558.32 3539.56 3567.39 3569.1 3587.74 3582.84 3579.34 3580.89 3584.97 3572.19 3566.26 3567.06 3560.88 3552.93 3554.59 3545.22 3548.57 3550.2 3572.84 3568.6 3568.87 3570.06
3561.3 3562 3569.1 3563.05 3560.07 3553.5 3551.23 3557.23 3563.74 3571.82 3582.93 3592.34 3598.55 3605.88 3614.53 3613.05 3613.07 3623.63 3609.33 3606.21 3630.45 3624.54 3612.92 3596.18 3587.95 3592.52 3577.65 3595.28 3617.05 3598.34 3597.95 3604.41 3622.7 3621.19 3630.73 3656.53 3630.6 3631.35 3623.42 3573.98 3596.27 3576.88 3587.31 3595.21 3589.91 3579.04 3571.95 3576.67 3578.49 3575.68 3578.15 3577.79 3575.46 3568.61 3570.89 3564.21 3550.34 3541.3 3539.85 3559.3 3571.65 3564.89 3554.93 3562.26 3560.82 3568.44 3574.35
3572.61 3573.8 3573.45 3564.76 3561.49 3556.19 3558.96 3566.84 3573.77 3585.35 3585.96 3589.26 3592.31 3590.86 3577.71 3593.13 3606.4 3616.27 3631.69 3632.01 3624.19 3622.07 3611.25 3590.72 3597.74 3650.47 3635.21 3636.57 3625.16 3624.28 3592.95 3597.46 3626.42 3644.77 3669.61 3647.64 3622.32 3635.85 3643.28 3633.27 3655.84 3624.56 3603.89 3584.51 3584.01 3588.88 3592.02 3594.55 3585.1 3570.31 3576.88 3581.58 3585.66 3583.38 3575.75 3568.15 3554.54 3541.6 3544.12 3567.45 3594.34 3563.77 3526.55 3531.71 3549.26 3568.44 3578.87
3583.33 3584.41 3577.69 3564.75 3552.94 3555.34 3572.63 3575.38 3579.05 3576.68 3584.47 3590.53 3592.12 3592.44 3597.26 3590.8 3593.59 3612.67 3623.92 3629.69 3631.49 3625.44 3623.77 3608.57 3606.44 3623.26 3620.08 3588.38 3597.12 3605.63 3576.45 3586.71 3642.04 3678.48 3656.68 3626.71 3623.47 3634.77 3626.69 3666.16 3687.45 3655.64 3624.53 3579.36 3588.8 3601.78 3616.87 3605.16 3588.3 3579 3584.73 3592.54 3598.36 3595.13 3586.36 3577.77 3572.23 3574.9 3566.8 3569.65 3573.82 3589.36 3545.03 3521.05 3545.96 3574.85 3584.26
3594.26 3593.34 3592.48 3573.6 3557.55 3557.07 3575.27 3586.37 3587.22 3586.86 3588.37 3588.87 3590.62 3597.31 3611.66 3592.94 3565.15 3578.49 3623.2 3624.38 3615.97 3608.32 3616.5 3626.55 3607.55 3614.1 3600.37 3565.11 3576.36 3580.43 3584.54 3608.26 3651.91 3671.3 3646.77 3622.77 3637.19 3647.89 3670.33 3660.48 3671.35 3667.84 3638.76 3594.8 3608.44 3633.17 3625.71 3595.54 3586.27 3593.17 3600.84 3606.9 3623.32 3610.67 3596.59 3587.66 3580.44 3588.34 3591.82 3575.14 3572.6 3576.42 3547.72 3543.51 3555.03 3577.82 3582.41
3608.26 3609.21 3593.71 3580.88 3566.98 3566 3580.73 3593.01 3592.96 3593.34 3590.72 3586.94 3586.7 3586.68 3584.69 3582.65 3591.25 3591.44 3604.15 3615.13 3618.69 3609.46 3577.4 3620.91 3612.95 3628.64 3630.45 3602.18 3591.79 3571.7 3619.42 3652.71 3667.14 3663.33 3638.89 3668.98 3646.39 3655.76 3667.16 3647.16 3652.94 3679 3675.32 3633.53 3634.91 3650.72 3632.28 3612.76 3606.2 3610.25 3613.9 3618.11 3622.87 3621.36 3607.09 3597.28 3592.03 3596.95 3587.86 3576.2 3570.97 3573.5 3560.75 3560.22 3555.96 3570.97 3578.9
3604.8 3595.06 3599.46 3594.3 3589.75 3594.45 3593.91 3599.57 3593.47 3585.71 3580.45 3579.54 3578.45 3571.49 3559.89 3570.2 3604.93 3623.45 3604.73 3600.84 3606.86 3598.69 3575.26 3594.41 3633.9 3643.4 3647.16 3610.92 3621.26 3613.55 3650.94 3682.5 3690.14 3694.6 3687.74 3679.75 3672.66 3674.34 3656 3671.66 3656.21 3670.51 3674.71 3652.56 3655 3642.53 3637.97 3635.25 3635.28 3634.77 3631.91 3632.71 3648.04 3633.8 3619.31 3611.78 3604.37 3601.4 3582.36 3588.87 3591.31 3583.32 3566.58 3550.83 3537.68 3544.82 3559.97
3611.89 3601.08 3607.02 3610.58 3618.56 3628.23 3615.85 3605.5 3593.43 3586 3581.71 3585.81 3580.81 3575.16 3569.13 3577.57 3611.5 3638.43 3598.74 3594.6 3600.26 3601.86 3587.67 3602.13 3641.51 3639.55 3672.6 3630.78 3603.15 3610.7 3687.06 3697.07 3699.63 3711.5 3703.55 3695.01 3669.75 3692.32 3698.22 3707.39 3689.44 3678.97 3676.65 3679.63 3677.42 3686.82 3686.35 3671.42 3646.03 3649.43 3648.92 3643.1 3644.48 3650.66 3646.01 3633.88 3613.03 3594.85 3590.66 3593.44 3595.69 3594.15 3556.32 3521.47 3525.13 3532.82 3542.04
3625.01 3610 3621.24 3622.17 3622.81 3619.52 3609.49 3593.36 3592.37 3593.27 3598.86 3594.03 3588.48 3587.91 3592.15 3600.24 3599.18 3626.58 3625.85 3606.7 3596.17 3588.82 3612.02 3607.28 3591.81 3626.31 3671.09 3675.8 3666.8 3621.87 3634.82 3682.52 3692.78 3703.76 3710.25 3671.78 3703.2 3696.92 3729.16 3719.22 3714.65 3716.21 3707.13 3709.95 3727.01 3736.35 3743.51 3698.47 3682.71 3684.41 3687.74 3688.17 3683.08 3689.09 3681.65 3661.85 3631.73 3611.01 3592.05 3598.25 3589.71 3567.85 3541.88 3519.6 3527.59 3538.27 3530.7
3596.55 3589.34 3622.93 3624.31 3614.47 3603.29 3601.45 3597.56 3593.54 3595.36 3597.44 3598.07 3598.7 3601.84 3601.71 3600.56 3584.41 3605.75 3629.88 3617.47 3598.09 3578.09 3596.72 3611.18 3613.68 3615.32 3625.18 3667.94 3719.32 3683.19 3678.16 3695.69 3699.5 3689.48 3716.08 3760.32 3750.12 3789.71 3752.88 3751.39 3769.56 3775.25 3765.72 3790.23 3835.32 3831.79 3885.8 3803 3763.27 3716.38 3760.86 3778.41 3765.01 3749.32 3723.78 3690.18 3654.08 3627.85 3620.6 3600.94 3591.33 3575.01 3549.48 3530.46 3542.99 3537.53 3533.74
3610.98 3612.47 3621.66 3626.07 3629.25 3607.69 3597.51 3597.78 3593.87 3594.41 3587.88 3602.26 3609.67 3614.81 3614.02 3599.26 3591.31 3654.39 3652.35 3621.9 3607.83 3608.57 3621.01 3624.24 3624.48 3635.27 3637.68 3631.88 3690.96 3703.71 3714.04 3736.05 3738.81 3698.77 3696.86 3746.54 3753.6 3803.78 3828.98 3835.4 3785.26 3790.46 3864.24 3883.59 3921.39 3905.37 3945.68 3933.08 3907.92 3860.28 3894.5 3894.44 3865.24 3808.46 3759.57 3706.35 3670.31 3644.89 3632.59 3613.71 3604.75 3590 3577.76 3551.51 3540.04 3545.6 3555.31
3602.88 3620.68 3620.71 3625.49 3630.84 3620.79 3607.27 3586.49 3587.92 3597.47 3604.02 3610.82 3617.49 3622.95 3631.65 3652.21 3636.45 3656.43 3618.83 3607.08 3618.52 3639.58 3663.05 3637.61 3630.44 3652.16 3695.22 3663.38 3701.71 3740.36 3775.83 3773.22 3777.13 3811.55 3776.47 3740.07 3769.97 3780.86 3869.06 3922.84 3902.98 4015 4020.16 3976.4 3987.66 3973.37 4020.53 4042.31 4065.52 4072.96 4055.1 3966.09 3910.85 3853.38 3778.87 3711.75 3684.98 3669.83 3650.6 3645.2 3637.77 3620.65 3592.03 3577.25 3564.64 3566.2 3575.02
3638.19 3625.6 3618.52 3616.44 3604.16 3618.32 3616.07 3594.3 3593.22 3604.22 3615.45 3622.46 3619.77 3623.52 3630.21 3629.61 3612.82 3636.52 3580.69 3594.99 3619.54 3646.48 3669.5 3638.91 3641.54 3686.21 3687.46 3670.97 3707.77 3751.8 3794.21 3785.28 3772.96 3789.12 3816.52 3802.21 3967.53 3954.02 3997.61 3979.14 4018.53 4098.75 4048.48 4067.17 4081.73 4126.44 4023.76 4029.35 3967.44 4058.5 4054.26 4109.45 4012.71 3887.06 3797.88 3757.34 3738.68 3706.82 3680.18 3659.07 3654.45 3645 3626.75 3606.75 3590.96 3585.38 3583.71
3641.56 3619.51 3614.12 3610.9 3609.59 3622.1 3611.69 3609.3 3607.21 3606.98 3611.09 3610.18 3608.22 3611.66 3616.18 3624.4 3609 3660.79 3601.54 3612.89 3630.98 3641.31 3663.25 3653.66 3664.34 3720.55 3774.73 3738.77 3714.52 3729.64 3756.29 3795.9 3839.02 3890.24 3814.38 3894.04 4127.33 4119.39 4018.22 3946.35 3954.2 3926.66 3812.82 3784.11 3723.64 3664.22 3678.68 3629.37 3607.17 3613.93 3742.52 3951.75 3915.78 3827.34 3802.3 3787.15 3780.39 3764.66 3719.78 3685.28 3670.73 3660.91 3651.6 3634.9 3627.58 3600.51 3580.79
3634.07 3608.27 3614.06 3614.8 3614.98 3617.23 3610.28 3614.28 3608.68 3599.29 3592.59 3587.04 3593.22 3596.96 3598.68 3594.65 3604.53 3611.76 3654.39 3638.94 3641.67 3674.64 3680.69 3715.38 3699.43 3720.18 3777.23 3767.49 3727.68 3715.73 3762.6 3858.39 3910.77 3938.59 3890.77 3956.87 4088.44 4065.29 3848.8 3755.27 3694.07 3599.53 3532.21 3460.3 3407.97 3411.48 3364.77 3305.57 3308.33 3310.89 3403.96 3503.21 3631.87 3688.47 3713.9 3747.97 3781.38 3828.45 3875.19 3858.88 3747.8 3701.45 3681.34 3666.5 3633.12 3597.29 3587.94
3647.53 3636.93 3621.92 3616.62 3623.39 3628.57 3634.7 3614.12 3595.11 3592.81 3585.29 3584.54 3585.05 3588.43 3587.56 3580.31 3592.93 3591.74 3643.72 3631.3 3633.89 3652.71 3724.66 3712.44 3704.35 3724.75 3730 3714.98 3739.45 3815.81 3918.66 3977.14 3968.34 3967.18 3976.41 3960.5 3811.64 3684.04 3585.55 3533.89 3478.79 3404.94 3355.34 3300.61 3309.41 3263.39 3175.27 3124.76 3101.28 3128.92 3185.37 3241.22 3379.29 3502.05 3588.17 3671.82 3750.08 3858.59 3984.19 4028.33 3811.01 3769.02 3728.79 3694.22 3638.82 3617.21 3617.64
3656.5 3637.75 3624.97 3613.46 3610.15 3626.54 3637.97 3616.98 3596.39 3593.01 3589.5 3598.61 3585.76 3584.08 3587.2 3593.96 3615.15 3624.96 3633.61 3610.43 3644.23 3689.83 3708.28 3700.89 3688.14 3701.88 3702.07 3673.56 3767.53 3884.3 4023.54 4098.67 4143.81 4031.65 3876.28 3724.43 3599.83 3428.38 3427.21 3401.37 3327.74 3292.88 3164.61 3084.92 3048.16 2993.44 2918.9 2900.73 2914.49 2937.1 2973.28 3033.35 3143.36 3275.37 3398.64 3524.9 3670.42 3819.47 3918.83 4053.94 4014.88 3886.19 3786.42 3701.95 3660.48 3652.07 3653.05
