real_craters/C183-300m.grd
DSAA
526 526
-78.6975 78.6975
-78.6975 78.6975
7368.6979180432 10025.354095858
[rows 150 to 179 of 526, columns 67 to 133 of 526]
8932.42 8922.87 8914.22 8906.32 8899.46 8893.49 8888.36 8885.59 8887.29 8891.18 8894.27 8896.8 8899.07 8901.49 8902.72 8903.97 8907.27 8922.24 8928.49 8927.38 8923.54 8916.25 8914.48 8920 8922.02 8922.02 8921.21 8920.25 8918.9 8917.57 8914.46 8909.92 8905.58 8902.27 8900.67 8902.04 8908.68 8918.35 8929.26 8940.19 8951.73 8962.29 8973.16 8982.94 8991.58 8998.7 9004.43 9008.5 9009.99 9004.25 8997.14 8989.53 8981.04 8971.64 8961.48 8950.64 8941.96 8938.58 8936.75 8935.61 8936.28 8936.57 8936.17 8931.9 8923.73 8924.83 8931.33
8930.21 8920.27 8911.61 8904.25 8897.65 8891.72 8887.08 8884.19 8886.09 8890.79 8893.96 8896.83 8899.57 8902.35 8904.15 8905.21 8907.42 8920.83 8925.64 8924.23 8921.92 8919.27 8919.05 8919.17 8919.15 8918.24 8916.79 8914.85 8913.11 8911.72 8908.88 8904.6 8900.85 8898.35 8897.47 8899.63 8905.64 8915.45 8926.4 8937 8945.75 8958.51 8968.88 8977.79 8985.33 8991.17 8995.26 8996.74 8995.17 8989 8980.22 8973.09 8967.46 8960.87 8953.57 8946.69 8942.24 8936.57 8934.32 8934.53 8932.94 8929.35 8929.64 8930.1 8930.68 8929.62 8931.31
8925.01 8915.74 8908.02 8901.33 8895.43 8890.33 8886.42 8884.51 8885.99 8889.74 8893.49 8897.21 8900.77 8904.21 8907.37 8909.77 8912.35 8915.1 8918.21 8921.15 8921.94 8922.82 8923.37 8920.11 8917.36 8914.94 8912.29 8909.61 8907 8904.86 8902.74 8898.68 8895.92 8894.56 8894.6 8896.16 8903.07 8913.86 8925.07 8936.26 8948.05 8956.97 8966 8973.71 8979.89 8984.4 8986.85 8985.96 8982.04 8975.35 8964.86 8958.35 8956.1 8952.19 8947.2 8941.52 8934.17 8933.02 8931.19 8930.13 8928.08 8926.01 8925.96 8928.13 8932.29 8931 8931.47
8916.31 8909.47 8903.39 8897.9 8892.97 8889 8885.92 8884.78 8886 8889.38 8893.4 8897.57 8901.96 8906.64 8911.31 8915.06 8916.83 8916.21 8917.4 8919.88 8921.53 8922.84 8923.25 8919.29 8915.44 8911.81 8908.04 8904.22 8900.42 8896.85 8893.95 8891.86 8890.9 8891.19 8892.95 8896.77 8903.91 8913.72 8924.75 8935.96 8944.95 8955.75 8964.13 8970.34 8975.21 8978.62 8980.24 8979.3 8974.67 8966.9 8956.88 8951.23 8949.04 8945.96 8942.17 8938.56 8937.65 8930.71 8927.33 8924.84 8922.7 8921.97 8921.6 8922.07 8924.46 8926.5 8929.24
8906.56 8902.95 8899.2 8895.11 8891.2 8888.12 8885.24 8883.64 8884.68 8889.01 8893.26 8897.41 8902.47 8908.45 8915.08 8921.46 8923.33 8920.75 8918.9 8919.98 8920.63 8920.54 8918.64 8916.37 8912.67 8908.16 8903.58 8898.79 8894.06 8889.25 8885.91 8885.21 8886.08 8887.94 8891.31 8897.15 8905.03 8913.5 8924.36 8936.72 8949.1 8957.78 8962.87 8967.24 8970.99 8973.74 8974.88 8973.73 8969.59 8962.77 8954.93 8949.21 8945.35 8941.81 8938.01 8933.74 8929.2 8925.89 8923.04 8921.18 8919.77 8918.5 8917.01 8915.83 8915.49 8920.85 8925.73
8898.45 8897.16 8895.75 8892.93 8889.91 8886.99 8884.22 8882.17 8882.35 8887.53 8891.89 8895.78 8901.58 8908.58 8916.53 8925.21 8927.74 8923.9 8921.52 8920.34 8919.37 8918.39 8917.13 8913.93 8909.53 8904.54 8899.32 8893.93 8888.67 8883.36 8878 8880.11 8882.25 8885.02 8888.72 8894.49 8902.88 8910.57 8922.41 8935.38 8949.61 8956.98 8959.78 8963.31 8966.6 8969.06 8970.15 8969.01 8965.45 8960.01 8954.06 8948 8943.06 8938.75 8934.65 8930.04 8922.99 8919.44 8918.55 8918.04 8917.6 8915.16 8912.79 8911.82 8913.62 8916.8 8922.15
8893.46 8893.44 8892.38 8890.05 8888 8886.04 8884.18 8882.71 8882.69 8883.84 8886.09 8892.17 8899.28 8906.65 8913.99 8920.62 8923.6 8923.26 8922.67 8919.01 8916.91 8915.84 8914.19 8911.32 8906.48 8900.78 8895.13 8889.6 8884.45 8880.16 8879.51 8877.95 8879.63 8882.71 8886.29 8889.22 8890.59 8907.14 8919.26 8930.53 8939.78 8947.07 8953.61 8958.09 8961.73 8964.35 8965.81 8965.6 8962.2 8957.08 8950.76 8945.77 8940.6 8935.95 8931.76 8927.28 8919.94 8915.43 8914.71 8914.52 8913.51 8911.37 8908.37 8906.07 8907.36 8912.5 8918.58
8889.27 8889.69 8889.28 8888.1 8887.02 8885.63 8884.56 8884.08 8884.23 8881.64 8881.77 8889.27 8896.81 8903.84 8909.84 8913.37 8915.98 8916.59 8915.6 8913.13 8912.11 8912.24 8912.67 8909.47 8903.02 8896.7 8890.79 8885.49 8880.93 8877.15 8873.3 8874.51 8877.8 8881.34 8885.71 8891.99 8903.69 8907.98 8916.14 8925.06 8933.21 8940.62 8946.71 8951.91 8956.19 8959.36 8960.97 8960.69 8959.04 8955.48 8949.56 8943.51 8937.52 8932.36 8928.31 8925.19 8918.09 8912.72 8911.6 8911.36 8911.1 8908.33 8904.46 8901.91 8903.47 8908.46 8914.81
8886.91 8887.31 8887.11 8886.47 8885.77 8884.79 8884.31 8884.36 8884.65 8883.38 8884.08 8889 8895.1 8901.22 8906.82 8910.58 8910.38 8908 8904.02 8904 8905.25 8906.51 8908.4 8905.33 8897.76 8891.65 8886.53 8881.94 8878.36 8875.54 8874.74 8875.15 8877.11 8880.33 8884.95 8891.29 8898.28 8905.19 8912.06 8919.45 8926.49 8933.08 8939.48 8945.21 8950.18 8954.19 8956.34 8956.02 8954.86 8952.88 8948.46 8939.86 8932.91 8927.47 8923.06 8919.61 8914.72 8910.5 8908.55 8907.94 8907.89 8904.88 8900.78 8898.05 8900.15 8905.18 8911.28
8886.19 8886.32 8886.08 8885.58 8884.82 8884.22 8883.74 8883.87 8884.35 8884.63 8886.45 8889.35 8893.61 8898.48 8903.2 8906.97 8905.39 8901.63 8896.88 8896.86 8898.22 8898.41 8897.68 8894.37 8889.53 8885.33 8881.81 8878.54 8875.88 8874.26 8874.56 8874.98 8876.12 8878.85 8883.21 8888.5 8895.05 8900.5 8906.99 8913.71 8919.92 8924.53 8932.37 8937.97 8943.46 8948.61 8952.57 8952.52 8948.53 8944.61 8939.36 8932.33 8926.13 8920.95 8916.18 8912.18 8909.6 8907.1 8904.27 8902.99 8902.7 8900.23 8897.24 8895.32 8897.86 8902.64 8908.29
8886.66 8886.6 8886.29 8885.82 8885.22 8884.31 8883.73 8883.09 8883.14 8883.9 8886.02 8888.34 8891.81 8895.61 8898.57 8900.36 8900.69 8898.43 8894.84 8893.59 8893.15 8890.61 8886.18 8881.89 8880.64 8879.34 8877.48 8875.43 8873.5 8872.13 8872.44 8873.2 8873.78 8876.73 8880.89 8885.28 8889.04 8894.97 8901.89 8907.95 8914.12 8924.76 8924.71 8929.45 8935.28 8941.32 8946.63 8945.73 8938.4 8931.06 8926.2 8922.06 8917.83 8913.68 8909.28 8905.11 8903.12 8900.78 8899.04 8896.51 8894.96 8895.27 8894.15 8894.15 8896.28 8900.52 8905.76
8887.96 8887.7 8887.39 8886.94 8886.24 8885.1 8884.07 8882.83 8881.62 8881.84 8883.28 8886.29 8889.89 8893.29 8895.87 8897.53 8898.47 8897.93 8895.92 8894.06 8891.32 8885.89 8878.7 8873.17 8873.76 8874.81 8874.91 8873.63 8871.55 8869.57 8867.75 8866.88 8870.34 8874.44 8879.09 8883.75 8888.39 8893.35 8898.05 8902 8904.99 8905.13 8912.91 8919.3 8925.3 8931.24 8935.87 8933.69 8925.62 8916.81 8913.18 8911.76 8909.68 8907.15 8903.92 8900.33 8899.02 8897.36 8895.53 8893.07 8891.43 8891.86 8891.26 8891.84 8894.44 8898.79 8903.66
8889.2 8889.07 8888.97 8888.58 8887.69 8886.57 8885.1 8883.37 8881.49 8881.24 8882.42 8885.2 8888.65 8891.76 8894.46 8896.64 8897.79 8899.02 8900.56 8899.21 8892.58 8885.16 8876.51 8868.57 8871.89 8874.24 8874.4 8873.09 8871.13 8868.32 8865.4 8864.81 8867.99 8872.94 8877.97 8883.12 8889.43 8893.74 8894.89 8896.59 8898.09 8899.91 8904.08 8909.11 8914.15 8918.95 8922.73 8919.59 8912.33 8905.9 8903.45 8903.18 8902.48 8901.52 8900.99 8900.29 8897.59 8896.15 8893.93 8892.13 8891.36 8890.63 8888.72 8889.12 8892.88 8897.62 8902.69
8890.06 8890.54 8890.74 8890.2 8889.5 8888.36 8886.72 8884.94 8883.02 8882.36 8883.35 8885.63 8888.39 8890.89 8892.56 8894.77 8896.87 8898.77 8901.03 8899.72 8893.59 8887.47 8881.54 8877.87 8877.8 8877.94 8877 8875.01 8872.24 8869.12 8865.67 8861.9 8867.86 8872.98 8877.77 8882.35 8886.29 8888.97 8891.45 8892.5 8892.96 8894.68 8896.3 8899.54 8903 8905.3 8906.57 8905.02 8900.04 8894.65 8895.59 8896.87 8896.73 8895.93 8895.99 8896.42 8894.89 8895.13 8892.27 8889.6 8888.99 8889.23 8887.54 8888.38 8892.76 8897.45 8902.46
8891.67 8892.71 8893.12 8892.93 8892.24 8891.22 8889.5 8887.53 8885.23 8884.02 8885.11 8886.81 8888.88 8891.27 8892.95 8894.46 8895.76 8896.6 8896.64 8895.07 8893.2 8890.88 8889.15 8888.77 8886.86 8884.37 8881.52 8878.42 8875.15 8872.08 8869.92 8870.99 8871.87 8874.62 8878.42 8882.35 8885.29 8886.96 8890.01 8890.14 8888.78 8885.47 8886.9 8891.84 8894.19 8893.68 8891.27 8894 8893.53 8890.79 8892.79 8893.96 8893.36 8891 8886.83 8887.62 8890.38 8890.23 8889.9 8888.08 8886.57 8885 8887.9 8890.74 8894.02 8898.47 8903.57
8894.08 8895.46 8896 8895.61 8895.13 8894.19 8892.91 8891.24 8888.99 8886.93 8887.02 8887.6 8889.32 8892.04 8894.95 8894.96 8894.55 8894.24 8893.56 8892.74 8893.08 8893.87 8895.22 8896.69 8895.07 8891.05 8886.73 8882.33 8878.46 8875.23 8873.7 8874.74 8874.64 8876.22 8879.5 8883.43 8887.59 8892.21 8891.28 8890.14 8888.2 8885.74 8886.16 8888.73 8889.88 8889.61 8888.64 8891.41 8894.04 8895.13 8894.65 8894.6 8893.7 8891.04 8885.39 8886.52 8890.28 8891.72 8892.3 8891.95 8888.63 8886.58 8888.41 8891.6 8895.56 8900.37 8905.59
8898.77 8899.71 8899.57 8898.93 8898.01 8897.21 8896.51 8895.79 8894.69 8892.59 8890.42 8888.25 8889.03 8891.5 8893.83 8893.52 8892.64 8891.89 8891.19 8890.98 8892.85 8895.81 8899.39 8903.17 8901.92 8896.46 8891.01 8885.93 8881.45 8877.76 8874.99 8873.01 8873.73 8876.67 8880.33 8884.51 8888.74 8892.25 8892.35 8891.22 8890.05 8889.88 8890.36 8888.81 8888.61 8889.79 8891.72 8892.81 8895.91 8897.83 8897.56 8897.45 8897.41 8897.26 8898.04 8895.82 8895.77 8896.13 8895.34 8894.33 8891.54 8890.01 8889.56 8892.81 8897.66 8902.86 8908.4
8905.93 8904.55 8903.15 8901.95 8900.99 8900.43 8900.17 8900.44 8901.38 8901.72 8895.49 8888.57 8888.06 8889.49 8890.71 8890.69 8890.15 8889.56 8889.07 8889.17 8892.24 8896.47 8901.06 8904.91 8904.41 8899.72 8894.11 8888.6 8883.76 8879.63 8876.14 8872.86 8873.56 8877.29 8880.98 8884.97 8889.09 8892.4 8893.14 8892.15 8891.33 8890.86 8890.07 8888.66 8887.46 8887.09 8888.95 8892.32 8896.61 8899.2 8900.09 8901.14 8902.38 8903.9 8905.95 8904.84 8903.1 8900.67 8898.06 8896.08 8893.66 8889.72 8889.58 8895.22 8901.55 8907.47 8912.97
8910.54 8907.71 8905.71 8904.25 8903.29 8902.77 8902.72 8903.23 8905.07 8907.14 8898.84 8889.18 8887.16 8887.59 8887.66 8887.46 8887.26 8887.2 8887.42 8888.27 8891.61 8896.12 8900.85 8904.69 8905.16 8901.07 8895.66 8890.19 8885.39 8881.24 8878.14 8876.82 8877.28 8878.54 8881.32 8884.73 8888.48 8893.2 8892.92 8892.1 8891.91 8891.15 8889.08 8888.8 8886.8 8884.62 8885.7 8890.41 8895.8 8899.34 8901.95 8904.73 8907.5 8909.37 8910.41 8912.2 8912.01 8910.13 8907.29 8903.89 8900.24 8896.35 8895.8 8901.05 8907.49 8914.32 8920.51
8909.49 8908.22 8906.9 8905.71 8904.66 8904.07 8903.53 8903.41 8903.48 8902.54 8896.51 8889.84 8885.66 8884.35 8884.39 8883.71 8884.1 8884.82 8885.9 8887.65 8890.82 8894.97 8899.27 8903.62 8905.32 8900.44 8895.45 8890.73 8886.33 8882.47 8879.61 8878.13 8877.68 8879.08 8881.37 8884.08 8886.24 8887.05 8888.65 8891.28 8892.71 8893.31 8894.06 8890.75 8887.56 8885.5 8885.32 8888.17 8893.16 8897.96 8903 8908.35 8913.32 8917.05 8919.33 8921.57 8922.45 8922.45 8920.56 8914.76 8910.51 8906.92 8905.31 8909.66 8916.36 8923.41 8929.79
8906.08 8907.04 8906.69 8905.79 8904.84 8903.86 8902.91 8901.6 8899.6 8895.85 8891.4 8886.93 8881.45 8877.6 8877.47 8879.27 8880.84 8882.43 8884.25 8886.5 8889.36 8892.79 8896.25 8898.82 8898.79 8897.13 8894.01 8890.24 8886.4 8882.96 8880.07 8878.05 8877.42 8879 8881.31 8883.87 8885.77 8885.71 8887.94 8892.15 8893.83 8894.78 8894.99 8892.1 8888.4 8885.36 8884.33 8885.01 8889.07 8895.85 8904.04 8912.24 8920.01 8926.91 8931.07 8932.08 8932.79 8933.17 8931.48 8927.01 8922.51 8917.19 8914.44 8919.97 8926.83 8933.63 8940.53
8905.27 8906.07 8905.68 8904.92 8904.18 8903.25 8901.9 8899.67 8896.42 8891.93 8886.58 8881.14 8876.88 8873.17 8873.5 8875.92 8878.28 8880.37 8882.54 8884.6 8887.16 8890.35 8893.07 8894.37 8894.31 8894.07 8892.24 8889.36 8886.05 8882.76 8879.96 8877.97 8877.4 8878.75 8881.24 8884.24 8887.74 8892.41 8896.25 8894.94 8894.95 8894.97 8894.86 8892.28 8889.62 8887.18 8884.55 8882.46 8883.79 8894.74 8906.13 8916.44 8926.34 8935.26 8940.13 8941.26 8942.08 8942.76 8941.74 8939.19 8936.18 8932.85 8929.27 8933.5 8939.91 8945.96 8951.8
8905.74 8904.53 8903.74 8903.18 8902.65 8901.79 8900.62 8898.47 8894.73 8888.29 8881.92 8878.96 8874.51 8871.61 8872.38 8874.48 8876.83 8879 8881.14 8883.29 8885.7 8888.35 8890.67 8892.29 8893.08 8892.58 8890.95 8888.41 8885.39 8882.34 8879.64 8877.46 8876.37 8878.18 8881.12 8884.63 8888.83 8893.4 8896.02 8896.21 8895.58 8894.54 8892.39 8891.06 8890.49 8890.37 8887.58 8885.16 8886.61 8898.39 8910.33 8921.5 8932.09 8941.21 8946.2 8948.15 8949.61 8951.6 8953.94 8952.03 8949.92 8949.7 8947.63 8949.9 8954.53 8959.26 8963.82
8901 8900.62 8900.43 8900.28 8900.43 8900.29 8900 8898.52 8895.82 8890.8 8884.39 8877.76 8872.21 8871.89 8873.47 8875.06 8876.78 8878.4 8880.25 8882.32 8884.56 8886.69 8889.01 8891.01 8892.04 8891.93 8890.22 8887.68 8884.79 8881.87 8879.25 8877.1 8876.15 8877.77 8880.78 8884.51 8888.69 8892.88 8896.17 8896.34 8896.03 8895.01 8892.88 8891.62 8890.95 8890.76 8892.34 8894.03 8898.15 8906.91 8916.85 8926.96 8936.95 8946.27 8950.61 8952.83 8954.82 8957.29 8959.98 8960.87 8961.16 8961.82 8964.28 8966.68 8969.49 8972.53 8975.82
8894.64 8895.39 8896 8896.73 8897.42 8897.84 8898.36 8898.97 8898.83 8898.09 8895.01 8885.91 8878.83 8877.38 8877.63 8877.72 8878.28 8879.07 8879.89 8881.21 8882.76 8885.11 8887.72 8890.18 8892.4 8892.15 8889.79 8887.09 8884.29 8881.4 8878.91 8877.01 8875.88 8877.58 8880.43 8884.1 8887.98 8891.75 8894.19 8896.17 8896.9 8897.07 8896.87 8895.96 8894.25 8894.98 8899.93 8905.79 8911.13 8917.15 8924.38 8932.25 8940.3 8948.24 8952.69 8955.73 8958.3 8960.43 8963.59 8969.68 8972.46 8971.86 8980.08 8983.02 8983.75 8984.71 8987.09
8888.6 8889.64 8891.16 8892.44 8893.65 8895.01 8896.29 8898.34 8901.02 8904.49 8906.01 8898.66 8892.12 8887.83 8882.74 8880.67 8879.75 8879.59 8879.93 8880.48 8881.58 8883.67 8886.13 8888.77 8891.4 8891.27 8888.86 8886.28 8883.74 8881.1 8878.78 8877.09 8877.13 8878.05 8880 8883.47 8887.28 8890.98 8894.67 8896.41 8898.11 8899.61 8901.28 8901.46 8899.35 8901.88 8908.85 8917.46 8922.87 8927 8932.03 8937.27 8942.26 8947.29 8953.31 8958.21 8961.98 8965.95 8973.28 8982.92 8985.56 8990.39 8995.53 8996.5 8995.38 8995.34 8996.85
8882.35 8885.08 8886.98 8888.47 8889.93 8891.63 8893.83 8896.75 8900.81 8906.18 8910.88 8903.92 8895.04 8888.9 8885.13 8882.65 8881.1 8880.18 8879.76 8879.81 8880.33 8881.95 8884.18 8886.3 8887.9 8888.12 8886.9 8885.24 8883.24 8881.02 8878.79 8876.7 8875.05 8875.73 8879.26 8883.28 8887.28 8890.88 8893.07 8897 8899.68 8901.88 8903.7 8904.12 8903.85 8908.71 8917.37 8926.27 8931.82 8935.87 8939.81 8943.41 8945.99 8948.45 8955.91 8961.64 8966.07 8971.29 8982.93 8992.52 8993.3 8997.22 9002.31 9003.59 9002.53 9002.76 9003.63
8882.45 8883.1 8883.4 8884.48 8885.92 8887.79 8889.95 8892.78 8896.37 8901.01 8905.03 8901.14 8895.06 8888.46 8885.35 8883.2 8881.52 8880.29 8879.59 8879.24 8879.41 8880.56 8882.2 8883.69 8884.51 8884.96 8885.1 8884.34 8883.06 8881.52 8879.47 8877.18 8874.34 8874.78 8879.88 8884.21 8888.02 8891.72 8896.95 8899.25 8901.62 8904.61 8906.45 8906.36 8909.17 8916.87 8926.75 8934.19 8939.86 8943.6 8947.11 8951.08 8954.93 8957.85 8962.27 8966.91 8971.17 8974.41 8981.76 8990.45 8995.6 8998.23 9002.56 9004.43 9007.04 9007.82 9007.91
8879.87 8879.42 8879.59 8880.75 8882.25 8883.68 8885.33 8887.03 8888.69 8890.34 8892.5 8888.29 8884.98 8884.86 8884.57 8883.11 8881.47 8880 8878.95 8878.35 8878.62 8879.13 8880.1 8881.45 8882.5 8883.26 8884.13 8884.21 8883.61 8882.58 8881.21 8879.93 8879.09 8880.38 8883.45 8886.67 8889.59 8892.13 8894.02 8897.73 8903.69 8909.2 8913.59 8916.39 8919.6 8927.58 8937.05 8945.98 8947.8 8950.29 8953.5 8958 8964.56 8968.23 8969.08 8972.45 8977.7 8984.14 8989.42 8995.48 9004.95 9008.77 9008.75 9010.1 9012.64 9013.04 9011.66
8874.53 8873.94 8875.35 8876.84 8877.81 8879.55 8880.5 8880.87 8880.23 8877.63 8871.27 8869.51 8876.32 8883.83 8883.85 8882.54 8880.88 8879.3 8877.96 8877.16 8876.6 8876.95 8878.26 8880.06 8881.83 8883.09 8884.38 8884.77 8884.68 8884.24 8883.87 8883.84 8885.03 8887.25 8888.31 8890.28 8892.5 8894.21 8895.01 8899.01 8907.09 8914.91 8923.4 8934.08 8937.43 8940.07 8945.07 8949.76 8952.64 8954.61 8957.1 8960.59 8965.85 8969.47 8971.44 8975.35 8982.05 8992.19 9000.77 9010.69 9017.26 9019.59 9019.58 9020.15 9020.15 9018.87 9015.7
