real_craters/C183-750m.grd
DSAA
211 211
-78.6975 78.6975
-78.6975 78.6975
7372.3605405307 9955.0202831816
[rows 0 to 37 of 211, columns 84 to 167 of 211]
9185 9156 9126 9106 9082 9051 9016 9037 9030 9010 8991 8976 8977 8976 8971 8963 8962 8960 8956 8952 8949 8949 8950 8951 8951 8952 8952 8951 8950 8950 8953 8953 8953 8948 8944 8943 8944 8945 8946 8946 8946 8948 8946 8944 8945 8948 8952 8953 8948 8946 8946 8947 8947 8949 8951 8951 8952 8955 8958 8956 8957 8961 8962 8959 8955 8951 8958 8968 8971 8968 8963 8955 8940 8933 8931 8928 8925 8929 8929 8928 8928 8929 8930 8929
9183 9163 9144 9123 9101 9080 9042 9016 9015 9013 9012 8990 8977 8975 8972 8970 8970 8965 8959 8953 8949 8951 8951 8952 8952 8951 8952 8952 8953 8953 8953 8952 8950 8950 8945 8944 8945 8946 8946 8945 8946 8947 8946 8945 8944 8948 8952 8953 8950 8947 8947 8947 8945 8941 8947 8953 8958 8963 8964 8962 8962 8963 8963 8961 8958 8956 8966 8970 8968 8967 8966 8962 8945 8937 8931 8928 8932 8934 8932 8931 8930 8933 8937 8937
9178 9164 9151 9131 9112 9079 9042 9019 9011 9012 9021 9007 8990 8978 8974 8974 8976 8968 8961 8955 8951 8950 8952 8953 8952 8951 8950 8952 8953 8953 8953 8953 8953 8952 8947 8942 8943 8945 8946 8948 8946 8947 8947 8947 8946 8948 8949 8950 8951 8952 8952 8949 8947 8946 8950 8957 8963 8964 8964 8966 8968 8969 8968 8965 8962 8963 8977 8970 8968 8968 8967 8962 8950 8940 8927 8922 8931 8935 8933 8931 8930 8932 8940 8942
9170 9163 9155 9150 9117 9068 9038 9017 9000 9004 9002 8994 8982 8979 8974 8970 8963 8965 8961 8956 8953 8951 8953 8954 8954 8952 8951 8952 8955 8955 8955 8955 8955 8950 8948 8946 8943 8945 8948 8943 8946 8946 8948 8952 8952 8951 8946 8947 8949 8952 8954 8952 8951 8954 8956 8962 8966 8967 8967 8969 8972 8974 8976 8972 8969 8983 8986 8980 8970 8969 8967 8961 8951 8935 8926 8926 8932 8935 8933 8931 8931 8934 8939 8940
9160 9155 9154 9152 9147 9113 9057 9027 9010 9001 8992 8988 8990 8984 8978 8970 8968 8969 8962 8955 8951 8953 8954 8955 8956 8954 8951 8952 8954 8957 8959 8960 8958 8953 8951 8951 8944 8945 8947 8946 8948 8951 8952 8955 8953 8955 8948 8949 8951 8955 8958 8954 8953 8955 8961 8968 8973 8975 8976 8974 8974 8976 8979 8979 8983 8989 8991 8985 8977 8973 8969 8961 8952 8932 8927 8927 8932 8933 8932 8928 8924 8926 8932 8934
9142 9138 9141 9127 9072 9154 9059 9037 9019 9005 8999 8992 8994 8990 8984 8976 8972 8972 8964 8956 8953 8955 8955 8955 8955 8952 8950 8952 8953 8957 8960 8961 8957 8952 8951 8946 8947 8949 8945 8947 8950 8954 8953 8953 8954 8954 8955 8955 8957 8957 8958 8952 8955 8958 8964 8972 8981 8978 8976 8975 8976 8978 8978 8982 8987 8991 8994 8993 8986 8977 8968 8956 8952 8940 8929 8932 8934 8936 8930 8925 8921 8921 8923 8925
9121 9118 9114 9131 9063 9080 9074 9046 9023 9009 8996 8996 9004 8997 8991 8984 8980 8974 8966 8956 8953 8954 8954 8955 8954 8950 8951 8952 8955 8956 8957 8956 8953 8952 8945 8943 8950 8951 8946 8946 8950 8953 8954 8951 8954 8958 8960 8959 8959 8956 8948 8953 8960 8965 8967 8968 8971 8977 8979 8979 8979 8980 8983 8987 8991 8993 8997 9011 8995 8980 8966 8947 8949 8932 8929 8934 8933 8929 8927 8922 8916 8917 8918 8919
9113 9106 9089 9115 9131 9126 9078 9056 9040 9018 9006 9004 9004 9003 8999 8993 8986 8979 8969 8959 8953 8953 8954 8955 8954 8957 8957 8956 8953 8959 8958 8952 8950 8947 8944 8952 8955 8953 8945 8946 8951 8954 8959 8954 8951 8959 8962 8959 8958 8955 8961 8960 8963 8967 8969 8972 8975 8979 8981 8980 8981 8983 8985 8987 8993 8992 8993 9011 8996 8976 8960 8946 8943 8933 8932 8933 8931 8927 8925 8921 8920 8918 8919 8919
9122 9109 9092 9076 9073 9091 9077 9050 9031 9016 9009 9016 9015 9014 9010 9003 8996 8986 8975 8966 8958 8955 8957 8958 8958 8958 8967 8975 8975 8974 8969 8959 8955 8947 8947 8954 8954 8946 8947 8949 8954 8960 8961 8958 8960 8964 8957 8958 8957 8957 8961 8959 8958 8964 8972 8979 8982 8982 8983 8982 8985 8987 8990 8991 8994 8986 8985 9001 8991 8970 8950 8947 8939 8935 8931 8931 8931 8929 8926 8921 8916 8918 8920 8918
9124 9115 9109 9071 9058 9032 9039 9037 9028 9015 9008 9017 9026 9026 9020 9013 9007 8994 8981 8969 8963 8960 8962 8965 8967 8973 8984 8994 8998 8991 8988 8991 8973 8949 8947 8952 8952 8947 8947 8952 8958 8963 8964 8964 8955 8962 8956 8959 8962 8965 8959 8957 8957 8965 8974 8982 8985 8984 8984 8985 8989 8991 8993 8994 8997 8983 8989 9000 8986 8963 8944 8946 8939 8936 8933 8930 8929 8929 8926 8922 8921 8920 8919 8918
9111 9100 9089 9058 9041 9028 9023 9024 9022 9015 9013 9021 9028 9029 9026 9021 9016 9005 8987 8971 8961 8965 8970 8975 8982 8991 9000 9001 8999 8997 8995 8996 8982 8962 8956 8944 8953 8951 8949 8955 8959 8963 8966 8962 8954 8960 8961 8961 8964 8970 8960 8959 8969 8974 8979 8984 8985 8985 8984 8991 8992 8993 8996 8998 8995 8987 9014 9012 8983 8960 8947 8943 8939 8939 8931 8928 8926 8922 8920 8923 8924 8922 8923 8919
9075 9069 9066 9062 9052 9037 9021 9017 9017 9017 9018 9024 9030 9032 9030 9026 9020 9007 8992 8983 8972 8974 8979 8985 8992 8998 9009 9037 9012 8990 8987 8988 8984 8973 8923 8926 8955 8953 8955 8955 8957 8961 8966 8961 8954 8953 8957 8960 8963 8963 8960 8965 8980 8983 8985 8986 8987 8987 8989 8991 8993 8994 8996 9001 9012 9011 9013 8990 8973 8956 8948 8946 8941 8939 8930 8929 8926 8923 8921 8923 8922 8924 8922 8920
9063 9048 9045 9064 9061 9004 9012 9015 9016 9017 9018 9024 9030 9035 9033 9028 9020 9011 8996 8984 8986 8984 8988 8995 9003 9011 8995 8959 8959 8964 8972 8978 8984 8984 8965 8958 8958 8959 8956 8950 8953 8957 8957 8965 8956 8955 8955 8959 8962 8962 8965 8977 8986 8988 8990 8991 8991 8990 8988 8991 8993 8994 8994 8996 9005 9005 9004 8983 8963 8950 8946 8940 8933 8933 8933 8930 8929 8929 8932 8932 8929 8926 8922 8921
9056 9045 9041 9050 9077 9025 9017 9018 9017 9017 9019 9019 9023 9034 9033 9028 9021 9010 8997 8990 8989 8990 8994 9000 9007 9024 8996 8859 8896 8941 8962 8974 8984 8985 8961 8957 8963 8965 8961 8951 8953 8957 8961 8969 8963 8958 8958 8960 8964 8969 8973 8969 8981 8989 8994 8997 8996 8994 8990 8992 8994 8994 8992 8988 8996 9004 8998 8974 8955 8939 8931 8932 8936 8934 8937 8931 8928 8930 8936 8938 8934 8926 8923 8920
9047 9047 9048 9044 9066 9051 9034 9029 9025 9020 9026 9030 9036 9038 9035 9030 9023 9016 8996 8987 8987 8991 8996 9003 9014 9026 9027 8948 8941 8953 8967 8978 8987 8992 8965 8959 8967 8962 8955 8953 8956 8959 8965 8975 8973 8964 8962 8962 8965 8970 8972 8970 8981 8991 8997 8999 9000 9001 9002 9001 8999 8998 8996 8997 9004 9003 8989 8963 8945 8933 8928 8938 8943 8931 8930 8925 8924 8922 8920 8928 8928 8920 8918 8918
9049 9040 9045 9046 9050 9055 9048 9041 9038 9038 9034 9033 9036 9039 9037 9031 9023 9012 9000 8990 8988 8990 8994 9002 9009 9012 9007 9043 8996 8978 8979 8989 9000 8986 8960 8969 8969 8965 8963 8964 8962 8961 8961 8963 8970 8964 8961 8965 8968 8969 8970 8976 8991 8998 9001 9001 9003 9003 9004 9002 9002 9002 9004 9011 9011 9002 8976 8951 8943 8931 8925 8938 8941 8928 8921 8920 8919 8917 8913 8911 8916 8919 8919 8918
9061 9057 9042 9038 9048 9055 9052 9046 9042 9037 9032 9032 9035 9038 9037 9032 9025 9015 9003 8990 8988 8989 8990 8993 8999 9006 9012 9013 9004 8993 8989 8991 8986 8976 8965 8967 8965 8968 8975 8972 8967 8963 8961 8971 8971 8971 8970 8973 8975 8975 8976 8989 9003 9005 9009 9009 9005 9000 8997 9001 9003 9003 9006 9011 9011 8989 8967 8948 8945 8943 8922 8933 8937 8931 8925 8921 8919 8915 8911 8905 8913 8920 8920 8918
9071 9052 9053 9045 9050 9053 9049 9044 9040 9035 9032 9031 9031 9034 9036 9034 9027 9019 9005 9000 8995 8991 8989 8986 8986 8999 9013 9009 9004 9000 8999 8996 8988 8975 8966 8969 8968 8970 8975 8972 8970 8969 8973 8972 8975 8973 8979 8985 8987 8987 8989 8997 9005 9009 9010 9009 9005 9001 8997 8994 8993 9000 9011 9017 8995 8983 8969 8954 8951 8942 8925 8934 8934 8931 8929 8924 8921 8918 8916 8917 8915 8916 8918 8918
9084 9073 9076 9059 9058 9051 9045 9039 9036 9034 9032 9031 9030 9038 9043 9037 9032 9027 9022 9013 9002 8996 8992 8988 8988 8991 8996 8995 8999 9001 9000 8998 8993 8981 8973 8971 8968 8979 8972 8970 8973 8975 8978 8987 8987 8983 8994 9001 8999 9000 9004 9005 9010 9012 9008 9006 9004 9002 8998 8991 8983 8996 9003 9003 8985 8986 8972 8954 8957 8937 8928 8934 8946 8955 8931 8929 8923 8922 8920 8917 8917 8914 8917 8917
9095 9099 9100 9094 9063 9048 9038 9033 9029 9031 9033 9034 9034 9039 9041 9038 9034 9029 9022 9014 9007 9001 8996 8991 8989 8989 8985 8986 8994 8998 8999 8998 8994 8990 8986 8985 8977 8983 8973 8973 8980 8979 8982 8992 8997 8999 9004 9008 9009 9011 9013 9008 9020 9017 9009 9005 9001 9000 8997 8995 9001 8997 8990 8971 8980 8972 8972 8959 8938 8926 8928 8937 8951 8919 8928 8927 8925 8923 8923 8925 8921 8921 8918 8919
9085 9076 9086 9087 9070 9043 9034 9029 9027 9029 9033 9036 9038 9039 9037 9037 9035 9032 9024 9014 9012 9007 9003 9000 8996 8993 8988 8995 8998 9000 9001 9002 9000 8991 8995 8989 8989 8989 8988 8991 8997 8989 8984 8995 9002 9000 9002 9008 9012 9014 9017 9022 9031 9023 9011 9002 8998 8993 8992 8992 8995 8989 8983 8979 8976 8978 8965 8950 8928 8922 8927 8932 8934 8942 8934 8929 8924 8923 8924 8926 8922 8918 8919 8918
9080 9068 9073 9079 9069 9039 9033 9029 9032 9030 9037 9038 9038 9038 9038 9037 9035 9033 9029 9026 9019 9013 9007 9003 9002 9001 9004 9008 9004 9003 9004 9005 9005 9001 8999 8990 8999 8998 8997 9001 9006 9000 8998 8999 9010 9002 8999 9012 9015 9016 9019 9029 9040 9021 9008 8998 8994 8990 8986 8982 8977 8974 8972 8969 8971 8966 8956 8939 8929 8928 8925 8927 8928 8937 8933 8925 8923 8923 8922 8923 8926 8923 8922 8922
9095 9081 9083 9084 9063 9046 9039 9039 9039 9036 9038 9038 9040 9041 9040 9040 9037 9033 9033 9033 9024 9017 9011 9007 9005 9007 9009 9004 9005 9006 9006 9007 9011 9016 9009 9007 9012 9009 9009 9013 9012 9010 9009 9014 9008 9008 9004 9012 9015 9014 9014 9029 9024 9009 8988 8990 8991 8986 8982 8974 8966 8963 8966 8960 8964 8963 8951 8936 8928 8929 8930 8930 8932 8928 8930 8924 8924 8926 8925 8933 8931 8926 8925 8925
9093 9091 9104 9080 9058 9046 9046 9055 9061 9048 9038 9037 9041 9043 9046 9044 9039 9035 9033 9030 9025 9021 9015 9011 9008 9007 9010 9007 9007 9008 9009 9009 9015 9026 9019 9011 9003 9008 9013 9014 9023 9030 9025 9018 9021 9014 9005 9014 9015 9011 9007 9013 9012 9004 8990 8986 8990 8997 8977 8965 8957 8948 8938 8952 8964 8955 8947 8938 8931 8932 8935 8933 8932 8936 8934 8928 8929 8930 8934 8932 8923 8924 8927 8929
9079 9084 9102 9082 9066 9050 9050 9058 9062 9053 9044 9043 9045 9046 9048 9046 9042 9037 9031 9025 9024 9023 9020 9015 9011 9004 9000 9007 9011 9012 9014 9015 9020 9026 9021 9008 9003 9007 9015 9025 9030 9032 9028 9022 9022 9010 9007 9015 9013 9007 9006 9009 9004 8996 8988 8977 8970 8965 8961 8952 8941 8934 8939 8945 8950 8951 8944 8940 8936 8935 8930 8932 8935 8938 8933 8929 8932 8930 8930 8926 8928 8930 8931 8933
9064 9072 9084 9091 9073 9057 9053 9055 9057 9056 9052 9049 9051 9051 9050 9050 9050 9039 9031 9025 9024 9026 9028 9026 9019 9013 9009 9011 9013 9017 9021 9026 9028 9029 9023 9014 9014 9013 9022 9032 9036 9034 9029 9024 9018 9009 9011 9010 9004 9000 8993 8991 8985 8976 8968 8961 8951 8945 8946 8942 8935 8931 8941 8945 8951 8948 8943 8940 8938 8936 8934 8935 8939 8930 8924 8921 8918 8929 8934 8936 8936 8936 8936 8937
9053 9053 9065 9067 9064 9058 9056 9055 9058 9061 9061 9062 9059 9060 9061 9065 9065 9064 9045 9033 9028 9028 9032 9032 9027 9024 9020 9016 9018 9022 9028 9033 9034 9032 9028 9022 9015 9025 9035 9037 9039 9036 9035 9030 9029 9024 9012 9004 8995 8997 9000 8984 8977 8966 8953 8950 8945 8941 8939 8938 8935 8934 8940 8948 8951 8950 8945 8943 8940 8937 8934 8932 8922 8921 8919 8924 8934 8933 8938 8942 8943 8942 8943 8945
9033 9038 9042 9050 9055 9055 9058 9072 9070 9067 9069 9069 9063 9058 9070 9082 9072 9058 9039 9034 9027 9027 9028 9030 9029 9027 9027 9025 9024 9025 9030 9036 9036 9035 9034 9032 9027 9028 9033 9038 9044 9048 9043 9036 9038 9027 9017 8999 8989 8992 8993 8980 8965 8953 8948 8947 8946 8942 8939 8938 8936 8937 8950 8955 8956 8955 8949 8941 8936 8889 8933 8928 8921 8920 8920 8926 8930 8934 8939 8945 8948 8947 8947 8949
9027 9033 9041 9050 9053 9056 9060 9063 9069 9071 9069 9067 9068 9070 9079 9087 9068 9049 9037 9030 9026 9026 9026 9028 9031 9033 9030 9028 9027 9024 9025 9029 9035 9041 9047 9046 9038 9031 9041 9049 9056 9051 9045 9046 9034 9026 9004 8996 8985 8990 8988 8971 8957 8952 8949 8947 8946 8944 8942 8939 8938 8940 8955 8956 8953 8952 8944 8935 8929 8927 8927 8925 8924 8922 8921 8927 8934 8940 8942 8947 8947 8950 8952 8954
9024 9041 9049 9049 9056 9060 9065 9063 9069 9074 9078 9081 9081 9076 9073 9073 9056 9040 9037 9041 9029 9027 9025 9027 9031 9036 9031 9027 9025 9021 9017 9019 9033 9046 9053 9054 9047 9041 9048 9056 9055 9044 9035 9032 9026 9014 8997 8995 9000 8991 8977 8963 8953 8953 8950 8948 8947 8945 8943 8942 8942 8945 8953 8955 8955 8947 8935 8931 8930 8925 8925 8925 8927 8929 8929 8937 8945 8948 8949 8951 8954 8955 8958 8960
9023 9029 9045 9062 9063 9057 9046 9058 9070 9080 9089 9098 9096 9091 9085 9067 9053 9060 9055 9037 9031 9028 9029 9024 9023 9028 9024 9021 9017 9017 9016 9019 9035 9048 9054 9055 9056 9053 9056 9058 9047 9027 9022 9015 9015 9002 8999 9004 9013 8986 8962 8953 8946 8947 8948 8946 8944 8945 8946 8946 8946 8947 8953 8954 8953 8943 8931 8926 8924 8926 8930 8928 8937 8941 8947 8948 8948 8954 8956 8955 8957 8960 8961 8963
9020 9029 9037 9069 9068 9060 9053 9061 9071 9078 9087 9098 9098 9093 9086 9073 9067 9075 9063 9039 9023 9022 9022 9014 9008 9008 9011 9014 9013 9023 9027 9034 9046 9056 9057 9063 9073 9061 9060 9057 9040 9024 9023 9017 9010 9007 9000 8991 8988 8968 8950 8948 8947 8949 8946 8946 8944 8947 8948 8949 8950 8951 8950 8956 8951 8940 8928 8918 8920 8933 8933 8937 8948 8951 8954 8955 8958 8959 8957 8957 8960 8963 8963 8964
9022 9029 9049 9060 9067 9067 9068 9081 9070 9064 9069 9079 9086 9079 9062 9072 9078 9052 9048 9038 9023 9011 9002 9000 8994 8994 9002 9014 9032 9042 9045 9053 9065 9076 9082 9087 9087 9075 9065 9061 9042 9044 9040 9027 9009 8994 8980 8972 8962 8956 8952 8949 8949 8949 8947 8948 8949 8949 8950 8951 8952 8951 8948 8947 8945 8938 8926 8919 8922 8933 8937 8945 8954 8958 8962 8963 8961 8953 8955 8958 8962 8965 8965 8965
9025 9035 9047 9058 9064 9074 9086 9082 9056 9033 9027 9069 9084 9055 9067 9068 9069 9054 9042 9030 9012 9002 8998 8990 8984 8984 8993 9006 9027 9044 9066 9075 9083 9098 9121 9122 9119 9104 9078 9077 9084 9063 9033 9011 9000 8990 8966 8954 8955 8953 8952 8951 8952 8954 8951 8952 8952 8952 8952 8952 8953 8952 8948 8949 8947 8941 8933 8939 8943 8940 8945 8951 8958 8963 8968 8970 8968 8965 8960 8961 8963 8966 8964 8964
9028 9039 9055 9050 9058 9075 9089 9069 9028 8986 8943 8894 8876 8997 9106 9093 9043 9051 9038 9023 9002 8992 8988 8984 8981 8981 8985 8991 8994 9015 9068 9075 9084 9101 9122 9122 9126 9121 9109 9105 9092 9066 9032 9010 8994 8980 8962 8958 8954 8954 8954 8954 8954 8956 8955 8955 8955 8954 8954 8953 8952 8948 8944 8948 8951 8946 8942 8948 8950 8953 8953 8956 8960 8964 8968 8960 8970 8969 8964 8961 8962 8961 8963 8963
9028 9042 9051 9042 9051 9072 9082 9055 9000 8938 8867 8787 8784 8937 9084 9087 9039 9043 9033 9021 9006 8991 8984 8982 8980 8979 8980 8981 8985 8996 9010 9045 9068 9087 9104 9112 9118 9127 9121 9102 9076 9062 9028 9008 8992 8977 8968 8964 8960 8955 8956 8956 8955 8958 8959 8956 8955 8956 8956 8955 8953 8951 8950 8950 8951 8950 8951 8955 8957 8957 8956 8956 8960 8964 8967 8976 8969 8961 8964 8964 8963 8963 8963 8963
9026 9038 9038 9040 9052 9070 9080 9050 8991 8919 8843 8779 8780 8907 9042 9074 9057 9036 9024 9011 9000 8991 8983 8980 8980 8978 8977 8977 8978 8984 9004 9026 9049 9066 9077 9085 9102 9112 9107 9097 9080 9056 9021 9007 8989 8972 8969 8969 8964 8961 8961 8962 8962 8962 8963 8962 8960 8959 8958 8957 8955 8956 8955 8950 8949 8950 8952 8954 8954 8955 8955 8957 8960 8964 8967 8970 8969 8968 8966 8964 8964 8966 8961 8960
9023 9028 9031 9046 9060 9067 9065 9050 8996 8928 8857 8797 8785 8900 9045 9090 9036 9019 9013 9004 8993 8989 8982 8980 8980 8978 8978 8977 8978 8988 8998 9015 9031 9045 9060 9076 9087 9093 9096 9097 9076 9048 9021 9009 8992 8977 8975 8974 8969 8967 8968 8970 8968 8967 8967 8969 8965 8962 8961 8960 8961 8958 8950 8947 8947 8950 8952 8952 8953 8953 8953 8956 8960 8964 8966 8965 8967 8970 8967 8966 8963 8955 8956 8958
