real_craters/C183-750m.grd
DSAA
211 211
-78.6975 78.6975
-78.6975 78.6975
7372.3605405307 9955.0202831816
[rows 76 to 113 of 211, columns 0 to 83 of 211]
8865 8867 8866 8858 8862 8863 8858 8856 8858 8859 8861 8865 8869 8871 8869 8866 8864 8864 8864 8863 8865 8866 8869 8872 8874 8872 8871 8870 8872 8876 8879 8880 8878 8876 8876 8877 8879 8882 8889 8896 8901 8906 8909 8910 8908 8905 8907 8917 8939 8963 8994 9015 9038 9058 9058 9020 8987 8964 8956 8952 8953 8964 8978 8994 9008 9012 9000 8996 8999 9010 9013 9015 9018 9009 9001 8991 8979 8961 9010 9171 9280 9334 9337 9367
8865 8870 8866 8863 8859 8856 8855 8854 8860 8862 8863 8866 8870 8872 8874 8869 8864 8863 8862 8862 8863 8865 8866 8868 8869 8870 8870 8872 8877 8878 8879 8880 8876 8876 8878 8882 8886 8889 8893 8899 8909 8916 8917 8920 8915 8904 8910 8925 8949 8980 9007 9025 9033 9047 9044 9013 8977 8961 8960 8961 8964 8968 8978 8994 9004 9012 9002 9007 9010 9014 9016 9015 9016 9014 9006 9000 9001 9034 9135 9283 9342 9357 9331 9348
8870 8873 8867 8864 8860 8858 8858 8859 8860 8868 8869 8867 8869 8871 8872 8864 8863 8865 8868 8865 8860 8864 8866 8868 8869 8872 8873 8875 8880 8879 8877 8875 8876 8874 8878 8884 8889 8890 8893 8898 8905 8910 8913 8918 8909 8902 8915 8934 8957 8989 9015 9014 9021 9032 9026 8999 8985 8970 8965 8968 8968 8970 8972 8964 8980 8995 9001 9007 9016 9022 9019 9016 9013 9017 9021 9028 9057 9175 9252 9315 9316 9324 9293 9285
8869 8872 8867 8863 8862 8861 8861 8860 8861 8864 8867 8866 8868 8870 8869 8862 8861 8868 8869 8871 8868 8868 8868 8868 8872 8876 8880 8885 8884 8882 8879 8876 8870 8871 8877 8883 8888 8889 8890 8893 8893 8894 8898 8902 8906 8911 8927 8942 8956 8983 9025 9020 9018 9021 9018 8999 8989 8980 8971 8965 8970 8975 8976 8970 8995 9008 9009 9016 9031 9026 9020 9021 9024 9028 9043 9064 9097 9266 9265 9257 9262 9296 9325 9375
8871 8873 8867 8864 8863 8868 8863 8867 8861 8867 8867 8866 8868 8870 8871 8856 8862 8870 8878 8879 8875 8871 8871 8873 8875 8879 8883 8882 8882 8883 8883 8880 8874 8873 8875 8880 8885 8888 8891 8890 8884 8879 8883 8890 8902 8927 8941 8951 8959 8984 9016 9030 9026 9018 9011 8998 8986 8980 8976 8970 8975 8982 8991 9014 9023 9023 9019 9013 9014 9016 9014 9016 9024 9033 9062 9105 9152 9161 9182 9170 9219 9299 9378 9426
8874 8875 8867 8866 8864 8870 8864 8861 8861 8872 8870 8868 8868 8868 8866 8871 8869 8870 8871 8872 8872 8872 8872 8875 8877 8881 8887 8900 8892 8883 8877 8877 8875 8875 8873 8876 8880 8890 8896 8890 8883 8879 8878 8887 8908 8932 8944 8952 8963 8990 9019 9029 9026 9015 9002 8993 8992 8990 8984 8981 8984 8990 9003 9020 9033 9029 9027 9026 9016 9007 9004 9001 9010 9037 9069 9125 9205 9198 9159 9192 9243 9365 9458 9543
8874 8873 8866 8866 8865 8864 8866 8869 8870 8872 8866 8866 8867 8867 8867 8868 8868 8869 8869 8868 8870 8870 8871 8871 8876 8881 8885 8885 8881 8877 8871 8875 8879 8835 8867 8877 8885 8891 8897 8889 8883 8881 8882 8898 8917 8938 8944 8950 8964 8988 9009 9015 9015 9014 9004 9010 9000 8989 8990 8993 8989 8995 9008 9019 9031 9029 9026 9021 9015 9008 8999 8997 9004 9013 9054 9098 9137 9199 9227 9268 9407 9501 9527 9549
8876 8873 8869 8867 8865 8863 8864 8866 8870 8868 8867 8866 8867 8868 8868 8867 8867 8868 8869 8869 8870 8871 8872 8873 8876 8879 8881 8880 8876 8872 8871 8877 8880 8886 8877 8881 8886 8886 8884 8884 8885 8882 8887 8901 8926 8953 8958 8957 8963 8983 8998 9003 9003 9005 9014 9017 9008 8999 8981 8978 8985 8994 9004 9011 9018 9024 9026 9026 9026 9009 9000 9000 9010 9032 9062 9081 9113 9193 9285 9326 9537 9596 9541 9473
8877 8872 8870 8868 8866 8867 8866 8865 8865 8869 8869 8869 8869 8869 8869 8869 8870 8869 8870 8873 8871 8872 8873 8875 8876 8877 8878 8876 8872 8872 8876 8880 8883 8886 8887 8886 8887 8886 8881 8887 8893 8899 8899 8908 8929 8959 8976 8964 8963 8984 8994 8995 8995 8997 9010 9020 9013 9002 8978 8968 8981 8992 9002 9014 9020 9031 9030 9027 9016 9018 9011 9000 9023 9063 9089 9122 9214 9320 9351 9386 9555 9582 9508 9415
8877 8870 8861 8867 8866 8866 8866 8868 8872 8874 8873 8871 8870 8870 8870 8871 8871 8870 8869 8868 8871 8871 8871 8873 8875 8877 8878 8877 8876 8876 8876 8886 8894 8898 8892 8890 8888 8887 8893 8898 8906 8917 8919 8926 8948 8958 8964 8956 8954 8973 8981 8986 8988 8993 8996 9009 9010 9005 8991 8983 8986 8993 9003 9018 9043 9046 9038 9028 9017 9034 9039 9050 9044 9055 9090 9173 9349 9461 9413 9459 9569 9530 9469 9403
8876 8874 8873 8868 8867 8865 8865 8870 8874 8877 8873 8871 8869 8867 8868 8870 8870 8872 8873 8872 8872 8871 8869 8872 8876 8878 8880 8881 8882 8887 8892 8893 8896 8892 8893 8895 8893 8893 8897 8903 8916 8931 8938 8938 8944 8944 8943 8942 8940 8946 8963 8977 8988 8985 8984 8998 9009 9011 9001 8996 8996 8999 9006 9018 9058 9058 9047 9038 9033 9038 9055 9077 9070 9063 9094 9209 9460 9538 9473 9497 9544 9475 9447 9371
8875 8874 8872 8869 8868 8869 8870 8871 8869 8876 8873 8871 8869 8869 8869 8871 8873 8875 8875 8874 8873 8873 8875 8875 8877 8880 8883 8888 8892 8896 8900 8898 8898 8901 8904 8901 8900 8902 8901 8907 8920 8932 8938 8939 8931 8918 8922 8929 8931 8930 8954 8974 8983 8982 8980 8997 9014 9026 9025 9013 9007 9006 9010 9017 9044 9051 9043 9040 9042 9039 9064 9104 9094 9082 9095 9161 9392 9499 9501 9480 9507 9519 9479 9410
8870 8873 8870 8868 8867 8868 8870 8872 8874 8876 8874 8872 8869 8865 8869 8873 8876 8878 8879 8877 8876 8875 8876 8878 8879 8882 8886 8892 8899 8896 8897 8898 8900 8909 8910 8903 8901 8901 8901 8906 8918 8934 8947 8939 8927 8910 8902 8915 8923 8932 8957 8982 9002 9007 9000 9011 9024 9037 9034 9024 9016 9011 9012 9026 9033 9036 9035 9035 9039 9064 9112 9140 9115 9101 9098 9107 9278 9384 9435 9410 9459 9454 9505 9550
8866 8868 8866 8867 8866 8865 8868 8871 8877 8876 8874 8872 8872 8874 8873 8876 8880 8880 8880 8879 8877 8878 8879 8880 8882 8884 8887 8888 8884 8890 8890 8891 8894 8898 8898 8896 8895 8894 8897 8900 8912 8924 8933 8925 8923 8920 8926 8932 8941 8954 8968 8989 9017 9035 9030 9027 9031 9037 9035 9026 9016 9010 9007 9007 9013 9020 9030 9035 9048 9109 9119 9127 9121 9113 9118 9089 9127 9270 9359 9412 9480 9478 9477 9413
8871 8865 8866 8866 8865 8862 8861 8864 8866 8873 8872 8873 8875 8876 8876 8877 8878 8879 8880 8879 8878 8878 8880 8881 8883 8885 8887 8888 8888 8881 8882 8883 8882 8880 8881 8886 8889 8894 8894 8901 8906 8910 8914 8931 8935 8935 8939 8944 8955 8966 8976 8991 9013 9040 9037 9031 9030 9032 9032 9019 9010 9003 8998 9001 9014 9026 9032 9043 9063 9095 9115 9115 9112 9110 9104 9091 9123 9263 9460 9616 9586 9567 9436 9198
8873 8867 8868 8867 8866 8865 8865 8872 8875 8874 8869 8873 8876 8877 8877 8877 8875 8877 8878 8878 8878 8877 8879 8883 8886 8889 8889 8889 8886 8877 8880 8880 8877 8874 8870 8878 8883 8887 8892 8897 8905 8909 8911 8922 8933 8922 8925 8934 8953 8967 8979 8992 9014 9038 9032 9032 9025 9015 9016 9007 9001 8994 8990 8992 9009 9023 9032 9044 9065 9077 9078 9095 9109 9112 9108 9102 9161 9331 9528 9641 9599 9516 9344 9180
8883 8882 8874 8869 8869 8870 8874 8876 8872 8874 8873 8874 8877 8879 8879 8878 8878 8877 8878 8879 8880 8880 8881 8885 8888 8890 8890 8890 8886 8885 8884 8882 8878 8876 8882 8879 8882 8889 8896 8903 8914 8920 8922 8923 8936 8946 8942 8955 8966 8970 8978 8990 9009 9025 9039 9035 9024 9009 8996 8997 8994 8989 8985 8989 9004 9018 9026 9036 9048 9061 9070 9094 9117 9131 9118 9133 9233 9431 9545 9622 9523 9360 9119 8858
8881 8877 8875 8872 8870 8870 8874 8870 8868 8866 8872 8876 8880 8881 8880 8879 8877 8877 8878 8880 8883 8886 8888 8890 8891 8892 8892 8893 8893 8894 8893 8888 8881 8873 8872 8876 8881 8885 8897 8918 8933 8940 8939 8936 8937 8937 8948 8949 8956 8967 8973 8984 9001 9025 9038 9036 9029 9019 9009 9000 8994 8987 8983 8988 9001 9012 9018 9023 9027 9035 9072 9105 9144 9188 9231 9255 9308 9408 9503 9563 9413 9169 8905 8717
8886 8881 8879 8876 8872 8869 8873 8868 8869 8871 8874 8878 8884 8883 8882 8881 8880 8880 8883 8886 8889 8895 8896 8895 8894 8893 8894 8897 8903 8911 8908 8897 8888 8879 8874 8881 8886 8890 8906 8934 8949 8951 8948 8943 8941 8951 8961 8962 8957 8960 8966 8975 8984 9008 9028 9034 9034 9030 9018 9009 8999 8988 8980 8985 8998 9010 9014 9011 9010 9012 9066 9109 9171 9245 9335 9399 9357 9361 9566 9590 9309 9008 8767 8652
8897 8889 8884 8881 8877 8874 8876 8874 8869 8868 8870 8877 8878 8883 8884 8883 8882 8883 8889 8896 8904 8909 8902 8898 8896 8895 8895 8895 8896 8901 8905 8901 8894 8893 8897 8896 8896 8900 8911 8930 8946 8959 8952 8941 8942 8958 8965 8965 8955 8961 8964 8960 8967 8978 9009 9028 9038 9043 9036 9026 9009 8993 8981 8984 8996 9010 9008 9003 9002 9014 9046 9104 9190 9270 9345 9346 9377 9450 9655 9442 9165 8921 8771 8646
8900 8894 8889 8886 8885 8882 8876 8870 8871 8874 8878 8881 8879 8884 8887 8888 8888 8893 8897 8901 8904 8898 8902 8900 8897 8894 8893 8894 8893 8895 8905 8899 8895 8894 8898 8905 8903 8907 8915 8922 8934 8954 8967 8951 8942 8948 8966 8973 8968 8968 8971 8976 8971 8979 9002 9025 9039 9047 9051 9041 9018 9000 8986 8986 8991 8996 8995 8995 8998 9009 9034 9136 9227 9278 9307 9328 9457 9618 9612 9248 9002 8846 8731 8587
8894 8891 8891 8891 8891 8888 8882 8879 8884 8891 8897 8894 8895 8891 8892 8894 8898 8903 8904 8907 8913 8908 8904 8899 8895 8891 8889 8888 8889 8888 8891 8892 8891 8891 8894 8898 8904 8910 8917 8919 8927 8940 8942 8947 8950 8957 8966 8972 8978 8976 8977 8984 8985 8996 9018 9028 9039 9044 9041 9029 9018 9006 9000 8990 8986 8984 8984 8983 8985 8999 9082 9255 9292 9292 9308 9372 9582 9726 9470 9104 8887 8779 8677 8506
8883 8884 8888 8892 8895 8894 8887 8886 8886 8879 8883 8889 8894 8895 8897 8899 8902 8905 8906 8907 8909 8910 8902 8897 8892 8887 8883 8880 8884 8883 8883 8885 8886 8888 8891 8894 8903 8909 8912 8919 8925 8935 8954 8974 8968 8966 8971 8984 8986 8983 8978 8981 8995 9019 9030 9036 9043 9042 9036 9023 9014 9003 8995 8990 8986 8982 8981 8976 8969 8990 9177 9409 9369 9310 9332 9533 9717 9688 9347 9043 8836 8719 8631 8423
8873 8879 8885 8892 8899 8905 8910 8903 8892 8886 8882 8885 8889 8896 8899 8902 8905 8908 8907 8905 8904 8904 8897 8891 8886 8881 8877 8870 8865 8877 8878 8880 8882 8884 8887 8895 8905 8912 8916 8920 8923 8936 8959 8994 9009 9000 8990 9008 9002 8989 8979 8980 8998 9015 9027 9040 9051 9050 9036 9032 9012 8998 8990 8990 8990 8990 8988 8979 8969 8991 9192 9444 9407 9332 9362 9577 9757 9578 9229 8960 8754 8632 8529 8304
8869 8872 8880 8890 8901 8907 8912 8903 8902 8900 8895 8897 8899 8901 8903 8905 8905 8904 8904 8902 8898 8894 8889 8884 8880 8876 8873 8871 8870 8871 8875 8877 8879 8882 8887 8900 8908 8918 8928 8933 8932 8952 8982 8997 9009 9022 9012 9012 9004 8990 8985 8986 8997 9017 9029 9037 9040 9036 9024 9000 9003 8996 8991 8993 8994 8997 9002 8987 8981 8998 9111 9372 9401 9340 9357 9462 9665 9478 9123 8861 8656 8529 8345 8186
8862 8862 8874 8888 8898 8903 8904 8901 8902 8899 8901 8901 8903 8904 8904 8906 8909 8904 8902 8900 8896 8886 8882 8878 8873 8870 8869 8868 8868 8868 8869 8872 8874 8879 8887 8896 8909 8922 8939 8951 8965 8975 8988 8999 9009 9020 9020 9000 8997 8990 8981 8987 8997 9021 9033 9035 9028 9021 9014 9013 9007 9008 9004 8999 8998 8997 8992 8992 8992 9003 9104 9361 9422 9353 9354 9502 9655 9365 9059 8844 8676 8543 8358 8144
8863 8859 8872 8887 8898 8899 8897 8894 8897 8905 8910 8913 8908 8906 8905 8904 8904 8901 8897 8896 8897 8880 8875 8871 8867 8864 8864 8866 8866 8866 8866 8866 8869 8874 8880 8892 8906 8920 8937 8953 8971 8990 8994 8992 8996 9013 9031 9025 9007 8998 8992 8995 9018 9032 9038 9036 9017 9010 9007 9004 9006 9011 9009 9003 8997 8994 8994 8996 9001 9016 9121 9400 9492 9422 9388 9540 9649 9314 9045 8861 8692 8563 8368 8154
8866 8861 8875 8887 8894 8895 8895 8891 8894 8906 8913 8911 8910 8907 8905 8901 8893 8888 8888 8887 8885 8876 8870 8864 8859 8854 8853 8861 8859 8861 8862 8859 8861 8867 8874 8886 8900 8914 8922 8932 8954 8987 8996 8990 9001 9019 9032 9044 9031 9006 8994 8994 9011 9028 9047 9035 9012 9003 9000 8999 9002 9008 9007 9003 8999 8993 8992 8999 9012 9030 9127 9453 9550 9492 9478 9564 9557 9299 9064 8889 8742 8565 8387 8212
8870 8878 8880 8887 8890 8887 8883 8886 8894 8898 8904 8911 8907 8905 8903 8901 8895 8881 8879 8878 8876 8876 8867 8857 8849 8843 8836 8823 8836 8843 8846 8848 8852 8860 8868 8877 8894 8913 8935 8957 8942 8980 9000 9008 9017 9025 9025 9036 9038 9012 8987 8990 9000 9010 9012 9007 8999 8996 8997 8999 9001 9000 9003 9002 9001 8997 8998 9006 9018 9048 9139 9431 9512 9467 9480 9588 9512 9272 9081 8902 8722 8544 8441 8361
8865 8868 8875 8883 8885 8882 8879 8877 8881 8891 8900 8900 8900 8901 8902 8902 8898 8883 8876 8873 8872 8876 8861 8849 8839 8831 8825 8822 8822 8825 8823 8826 8841 8855 8868 8881 8897 8915 8933 8940 8964 9004 9013 9020 9022 9017 9025 9028 9030 9023 9010 8998 8993 8992 8988 8985 8986 8989 8994 8999 9002 9001 9001 9001 9003 9000 9007 9022 9045 9103 9212 9334 9413 9438 9499 9614 9498 9257 9086 8906 8701 8536 8461 8379
8860 8863 8865 8865 8868 8866 8870 8871 8874 8882 8887 8890 8891 8894 8897 8902 8900 8887 8875 8871 8863 8854 8846 8837 8829 8821 8813 8809 8813 8816 8815 8821 8836 8853 8872 8893 8907 8917 8927 8933 8974 9018 9024 9025 9030 9015 9018 9016 9016 9022 9017 9000 8987 8986 8984 8977 8976 8986 8993 8998 9000 9000 8998 8999 8994 8998 9012 9034 9079 9145 9235 9329 9375 9445 9565 9639 9507 9281 9117 8953 8776 8590 8488 8372
8857 8861 8859 8852 8854 8861 8864 8870 8871 8874 8878 8875 8879 8884 8890 8893 8891 8879 8862 8849 8842 8833 8828 8825 8820 8815 8809 8806 8809 8815 8819 8824 8834 8851 8871 8890 8903 8917 8932 8959 8997 9012 9029 9042 9034 9031 9026 9010 9011 9023 9020 8996 8990 8987 8984 8981 8980 8986 8991 8996 8998 8988 8993 8994 8995 8997 9002 9021 9078 9154 9234 9295 9390 9516 9613 9617 9495 9319 9165 9015 8898 8696 8530 8347
8856 8860 8857 8847 8844 8847 8852 8858 8865 8866 8863 8862 8868 8874 8878 8879 8869 8848 8839 8831 8825 8816 8814 8815 8814 8811 8807 8809 8812 8815 8816 8814 8831 8847 8863 8880 8898 8913 8936 8968 9001 9021 9024 9037 9042 9030 9022 9012 9013 9023 9030 9022 9003 8993 8982 8969 8977 8985 8988 8990 8986 8986 8989 8991 8994 8994 8996 9005 9032 9149 9283 9325 9448 9513 9571 9579 9538 9365 9193 9033 8900 8737 8580 8430
8854 8855 8852 8846 8842 8839 8843 8851 8858 8860 8859 8860 8864 8868 8868 8863 8854 8839 8830 8823 8820 8817 8815 8812 8810 8808 8808 8810 8817 8823 8826 8836 8844 8849 8853 8854 8871 8905 8937 8955 8975 8974 9009 9035 9044 9036 9032 9024 9024 9033 9042 9046 9018 9002 8987 8975 8981 8986 8988 8987 8986 8988 8987 8988 8989 8991 8994 9004 9025 9146 9282 9433 9483 9502 9552 9668 9625 9374 9187 9020 8862 8724 8605 8459
8850 8849 8845 8842 8844 8846 8848 8852 8857 8859 8861 8865 8867 8867 8862 8853 8846 8839 8834 8831 8821 8816 8812 8810 8809 8809 8811 8816 8824 8834 8847 8860 8860 8858 8858 8853 8871 8914 8945 8950 8953 8980 9004 9027 9044 9046 9040 9025 9028 9023 9029 9046 9030 9012 8999 9001 8992 8989 8988 8987 8985 8986 8986 8986 8986 8985 8984 8985 9019 9148 9313 9461 9555 9520 9542 9658 9630 9344 9160 9005 8880 8742 8614 8458
8848 8847 8847 8846 8845 8847 8849 8854 8859 8861 8861 8868 8872 8870 8864 8854 8847 8838 8830 8826 8819 8813 8809 8808 8808 8810 8812 8820 8830 8842 8854 8854 8853 8858 8867 8881 8933 8915 8918 9051 9037 9020 9024 9039 9053 9056 9047 9025 9028 9016 9011 9021 9029 9017 9005 8997 8989 8985 8989 8989 8988 8986 8987 8986 8985 8982 8978 8972 9012 9135 9306 9529 9640 9528 9504 9584 9552 9295 9135 8987 8868 8777 8641 8450
8847 8847 8846 8845 8846 8847 8851 8856 8865 8872 8880 8884 8884 8879 8872 8861 8854 8842 8829 8821 8818 8812 8807 8808 8809 8811 8815 8823 8834 8845 8855 8854 8846 8843 8843 8887 8881 8757 8705 8716 8903 9040 9084 9073 9053 9048 9042 9025 9034 9031 9022 9026 9027 9019 9007 9004 9000 8997 8996 8995 8994 8987 8988 8986 8983 8980 8976 8974 9005 9095 9219 9418 9632 9580 9484 9466 9520 9302 9135 8979 8842 8846 8681 8459
8847 8847 8846 8845 8845 8846 8850 8859 8866 8872 8887 8897 8897 8895 8890 8879 8870 8862 8848 8833 8823 8817 8810 8811 8810 8812 8817 8824 8834 8846 8857 8861 8849 8815 8765 8689 8556 8498 8487 8461 8588 8858 9143 9111 9059 9051 9054 9058 9041 9034 9028 9034 9031 9024 9017 9008 9008 9009 9004 8997 8990 8993 8992 8988 8984 8980 8976 8973 8995 9049 9123 9250 9566 9581 9489 9523 9521 9311 9167 9014 8862 8841 8685 8475
