real_craters/C183-1000m.grd
DSAA
91 91
-44.97 44.97
-44.97 44.97
1988.4187875447 4368.7420342208
[rows 60 to 89 of 91, columns 0 to 66 of 91]
3637.44 3574.69 3651.82 3722.8 3754.41 3750.42 3748.27 3754.83 3756.1 3755.53 3741.75 3765.55 3808.51 3688.66 3746.93 3839.24 3815.33 3746.97 3699.2 3672.6 3656.22 3658.41 3659.24 3674.29 3678.34 3664.49 3699.56 3733.24 3746.03 3773.54 3926.23 4031.22 4222.2 4241.37 4151.48 4000.79 3801.93 3647.44 3529.43 3497.43 3464.44 3591.86 3477.49 3375.26 3291.16 3235.64 3208.16 3214.74 3286.76 3436.84 3479.3 3536.21 3616.1 3547.13 3615.85 3829.65 3966.91 3950.87 3944.79 3951.29 3926.56 3803.25 3713.21 3671.4 3681.1 3684.99 3684.96
3608.63 3612.21 3665.57 3723.95 3756.24 3757.52 3757.37 3755 3754.2 3755.16 3752.15 3773.85 3800.82 3720.32 3749.77 3791.38 3767.03 3724.12 3685.7 3651.71 3634.66 3629.63 3636.1 3677.34 3677.91 3672.25 3698.31 3728.08 3734.27 3760.14 3858.21 3860.47 3933.94 3987.11 4095.79 4196.71 4030.83 3884.22 3830.37 3906.83 3885.53 3920.06 3947.95 3728.93 3617.7 3614.41 3699.44 3696.02 3769.33 3743.5 3614.98 3585.05 3568.12 3717.64 3896.15 4121.98 4215.08 4060.14 3973.78 3919.79 3855.75 3761.54 3682.24 3655.88 3657.65 3660.6 3663.84
3603.37 3644.24 3665.45 3703.65 3733.65 3751.34 3758.05 3763.8 3768.58 3771.05 3771.22 3782.02 3790.35 3794.91 3762.12 3737.84 3722.4 3705.21 3694.27 3672.88 3641.51 3611.19 3605.58 3648.62 3669.56 3685.93 3711.97 3730.34 3729.4 3776.47 3807.37 3790.17 3801.49 3812.24 3939.34 4189.27 4128.14 4014.4 3963.5 3977.93 3959.26 3920.85 3926.87 3812.67 3775.78 3908.31 3888.43 3841.94 3854.38 3644.76 3648 3642.87 3661.06 3897.3 4180.78 4134.36 4071.64 4016.27 3939.23 3861.51 3784.42 3712.45 3664.66 3643.27 3626.41 3633.38 3643.87
3624.67 3634.5 3659.48 3689.43 3734.49 3748.5 3763.01 3775.95 3784.46 3791.31 3797.67 3797.36 3788.92 3796.73 3789.16 3760.3 3737.12 3713.19 3715.79 3704.3 3665.95 3633.18 3611.2 3594.94 3637.17 3677.11 3710.14 3726.29 3714.25 3747.96 3861.19 3856.02 3853.77 3831.49 3870.64 4074.58 4070.15 4000.28 3936.3 3917.33 3865.94 3728.81 3617.3 3680.2 3736.5 3735.08 3689.41 3696.48 3689.4 3659.31 3711.36 3758.77 3857.79 4011.31 4088.51 4003.85 3947.4 3920.02 3867.44 3820.59 3745.7 3667.46 3640.55 3638.47 3613.92 3614.08 3619.88
3628.76 3644.17 3665.16 3682.78 3703.8 3738.11 3767.2 3786.54 3806.27 3822.14 3841.19 3845.24 3797.46 3830.89 3816.96 3776.96 3742.57 3740.08 3723.29 3706.45 3690.17 3668.36 3629.07 3616.9 3634.66 3668.04 3688.46 3675.67 3695.86 3722.36 3799.89 3823.6 3817.09 3808.42 3834.77 3903.06 3957.44 3923.53 3853.02 3753.61 3668.27 3589.47 3562.27 3627.58 3683.86 3709.97 3694.9 3680.48 3695.89 3817.03 3793.17 3844.22 3989.69 4009.51 3994.85 3964.06 3910.76 3865.19 3811.79 3755.27 3694.23 3636.76 3616.82 3612.05 3597.84 3603.35 3604.39
3619.27 3639.63 3655.11 3669.51 3708.78 3740.49 3768.77 3793.84 3816.58 3844.95 3867.75 3856.75 3798.44 3847.71 3829.77 3802.34 3782.96 3777.46 3719.46 3694.71 3699.88 3685.46 3662.76 3634.72 3660.38 3667.88 3679.4 3679.35 3662.49 3683.2 3758.26 3804.49 3807.99 3785.36 3816.33 3864.48 3874.84 3855.43 3818.3 3801.99 3778.24 3764.15 3634.13 3663.99 3680.54 3678.07 3649.71 3667.1 3684.62 3738.89 3749.92 3833.33 3894.49 3945.72 3965.13 3989.08 3900.4 3825.12 3749.25 3668.74 3630.5 3578.96 3596.43 3594.46 3599.86 3593.93 3596.05
3640.2 3645.38 3644.25 3651.23 3675.59 3734.84 3762.36 3792.11 3821.24 3850.33 3880.31 3896.34 3823.49 3812.6 3830.39 3812.46 3789.71 3823.92 3742.12 3710.01 3708.5 3710.56 3696.43 3685.66 3701.34 3694.14 3687.63 3693.97 3682.66 3706.99 3741.12 3784.83 3776.49 3772.31 3780.03 3809.48 3822.12 3799.28 3777.52 3773.88 3790.77 3796.99 3769.78 3705.69 3738.17 3782.66 3839.02 3757.39 3661.91 3604.61 3693.21 3798.43 3888.89 3955.4 3952.52 3905.58 3843.56 3776.45 3712.59 3656.63 3633.47 3613.91 3609.62 3575.21 3576.27 3585.14 3587.36
3627.21 3665.61 3652.92 3640.65 3655.49 3707.75 3751.39 3788.38 3822.83 3855.97 3884.89 3904.4 3868.19 3848.19 3832.08 3825.44 3816.15 3782.21 3771.62 3739 3713.59 3709.42 3689.99 3710.68 3713.31 3696.56 3693.26 3679.41 3700.46 3697.35 3676.17 3739.06 3736.45 3732.58 3731.6 3770.38 3778.75 3762.23 3754.56 3753 3801.73 3849.21 3808.86 3762.47 3775.1 3826.34 3898.6 3801.72 3734.49 3709.61 3728.33 3770.89 3841.19 3898.92 3912.09 3846.51 3765.72 3724.64 3684.49 3651.91 3652.45 3648.63 3602.95 3592.37 3570.23 3577.89 3573.23
3652.2 3666.14 3660.86 3637.84 3626.62 3689.37 3762.05 3811.35 3845.54 3872.82 3878.4 3848.24 3852.84 3821.36 3825.56 3829.43 3824.67 3767.85 3798.02 3750.92 3716.89 3699.92 3712.92 3755.99 3760.94 3731.94 3711.9 3695.44 3706.6 3710.5 3698.21 3690.63 3702.08 3716.31 3708.22 3703.47 3706.98 3704.33 3724.52 3777.63 3820.92 3824.74 3793.55 3783.03 3751.47 3754.78 3778.98 3842.97 3812.87 3815.1 3710.97 3711.03 3733.99 3733.56 3710.61 3674.94 3677.09 3668.98 3667.29 3666.21 3654.88 3638.34 3613.49 3589.5 3609.42 3577.3 3568.31
3646.9 3643.19 3662.84 3649.52 3654.55 3716.5 3781.23 3819.56 3849.37 3872.46 3884.58 3877.34 3839.05 3842.53 3845.92 3832.9 3803.04 3765.17 3745.56 3749.46 3743.05 3740.07 3779.37 3765.94 3739.74 3747.93 3735.42 3726.14 3695.39 3724.43 3744.92 3697.94 3697.61 3673.58 3660.99 3629.72 3608.89 3652.5 3680.5 3707.35 3692.16 3686.92 3699.16 3683.56 3688.04 3671.8 3648.68 3686.81 3778.8 3845.56 3653.84 3633.65 3628.52 3612 3601.29 3591.44 3620.45 3633.12 3637.27 3643.46 3658.5 3656.53 3662.37 3629.14 3580.27 3567.86 3563.07
3628.8 3607.35 3627.2 3645.95 3730.93 3836.22 3829.14 3840.41 3856.96 3872.66 3893.22 3929.72 3833.24 3841.17 3870.91 3871.09 3798.15 3736.47 3759.51 3760.91 3771.63 3766.06 3809.49 3808.45 3769.58 3753.52 3737.25 3729.93 3712.53 3716.64 3718.73 3680.54 3703.61 3665.37 3644.19 3611.31 3591.15 3614.06 3630.45 3611.04 3588.74 3594.49 3617.4 3634.54 3650.5 3636.47 3615.8 3610.37 3662.74 3659.92 3589.21 3587.22 3580.01 3559.64 3585.59 3571.36 3592.78 3614.48 3625.24 3632.81 3646.92 3648.94 3627.29 3615.62 3592.97 3573.46 3562.42
3628.45 3611.27 3613.79 3643.52 3767.36 3842.14 3854.9 3870.41 3884.02 3896.54 3907.63 3900.37 3897.73 3911.63 3929.59 3929.67 3919.28 3796.53 3765.36 3778.59 3797.11 3796.84 3812.29 3778.75 3750.06 3742.05 3727.51 3710.74 3704.48 3671.93 3667.86 3659.22 3664.12 3676.72 3644.89 3606.76 3576.21 3591.75 3613.04 3630.05 3584.81 3588.74 3601.47 3615.18 3630.13 3621.3 3598.84 3600.28 3593.57 3566.04 3574.92 3574.52 3573.57 3577.83 3559.66 3584.19 3591.03 3610.03 3634.36 3633.46 3618.86 3638.36 3650.69 3592.43 3568.64 3564.71 3557.1
3638.21 3628.89 3638.77 3665.97 3746.23 3806.68 3875.13 3890.56 3905.76 3928.82 3927.58 3899.04 3936.35 3962.03 3985.04 3971.17 3899.13 3885.46 3824.18 3826.33 3840.53 3819.88 3816.33 3787.64 3760.73 3744.47 3733.78 3704.51 3651.4 3655.26 3656.96 3638.38 3660.17 3674.62 3644.13 3605.64 3580.43 3575.81 3598.62 3609.6 3591.45 3571.63 3573.15 3588.15 3612.43 3611.63 3576 3570.15 3576.47 3559.37 3568.36 3567.12 3564.68 3559.45 3573.02 3563.69 3583.09 3602.05 3621.67 3622.8 3617.91 3622.37 3612.32 3597.8 3569.2 3563.07 3561.76
3636.4 3651.82 3651.05 3696.15 3769.31 3817.01 3890.77 3858.75 3869.98 3912.67 3959.38 3971.81 3909.46 3907.84 4007.14 3982.84 3986.1 3963.63 3905.72 3882.12 3878.19 3846.29 3795.05 3791.29 3753.86 3757.05 3741.67 3714.97 3694.03 3684.09 3675.09 3647.57 3669.2 3658.92 3634.92 3598.37 3557.73 3557.83 3576.51 3601.28 3585.7 3561.45 3551.76 3576.38 3600.95 3589.96 3558.25 3568.43 3585.84 3554.38 3547.72 3556.64 3555.78 3556.76 3572.92 3571.47 3579.05 3588.68 3585.57 3599.76 3609.73 3620.2 3595.87 3578.3 3569.78 3562.81 3575.68
3639.93 3668.23 3685.62 3739.91 3828.47 3918.77 3826.44 3763.22 3800.41 3890.36 3986.33 4015.08 3739.9 3684.26 3860.07 3958.69 4043.04 3997.62 3957.17 3918.15 3893.64 3864.59 3811.74 3787.1 3767.39 3766.2 3741.35 3700.02 3712.51 3710.63 3712.87 3688.29 3694.41 3645.98 3610.79 3586.09 3565.46 3557.66 3570.28 3573.22 3599.94 3546.53 3538.5 3576.04 3602.36 3582.77 3573.62 3584.78 3586.01 3541.98 3537.62 3557.04 3551.52 3550.4 3560.38 3577.36 3586.7 3585.96 3592.55 3591.22 3587.65 3627.71 3606.04 3587.03 3559.48 3561.77 3577.36
3656.39 3692.89 3752.14 3821.49 3818.94 3704.51 3500.35 3548.55 3658.1 3799.03 3938.01 3980.56 3502.04 3342.56 3556.55 3762.55 3950.73 4007.86 3988.98 3939.76 3908.92 3886.92 3830.27 3791.49 3766.06 3757.07 3728.66 3684.09 3695.14 3677.03 3688.06 3678.58 3682.25 3639.78 3583.74 3578.22 3580.06 3569.99 3577.28 3558.76 3567.13 3563.49 3564.71 3587.01 3609 3575.48 3582.65 3587.88 3557.14 3539.92 3537.29 3560.72 3557.6 3561.08 3570.84 3583.15 3587.02 3584.29 3579.6 3596.75 3602.03 3589.56 3580.33 3576.84 3570.94 3559.88 3570.18
3702.74 3786.34 3888.47 3756.21 3614.77 3359.98 3180.11 3290.13 3451.44 3612.82 3762.27 3812.38 3290.99 3050.51 3239 3442.82 3660.78 3828.19 3974.15 3948.32 3922.53 3924.36 3849.66 3793.75 3765.89 3752.56 3737.69 3721.48 3740.45 3708.84 3684.39 3682.64 3659.45 3592.21 3564.75 3573.86 3573.47 3570.99 3578.04 3545.88 3551.58 3575.51 3582.82 3566.84 3565.74 3572.27 3573.15 3571.99 3535.08 3540.7 3539.91 3560.58 3579.32 3576.76 3571.22 3573.47 3578.88 3588.4 3595.51 3602.23 3602.7 3577.5 3561.89 3562.66 3560.14 3547.48 3550.31
3735.07 3772.8 3729.37 3435.12 3264.77 3092.76 2955.14 3062.94 3219.35 3369.13 3475.6 3448.54 3060.86 2852.25 2984.79 3157.32 3338.11 3551.26 3845.77 3954.47 3943.86 3876.08 3842.6 3794.44 3745.61 3770.1 3748.92 3762.88 3749.97 3757.69 3733.3 3724.1 3695.27 3639.39 3611.54 3592.8 3582 3579.48 3573.34 3581.01 3614.66 3574.69 3545.95 3567.27 3578.03 3545.76 3557.55 3558.23 3533.73 3536.94 3548.91 3554.28 3600.63 3579.09 3571.76 3584.7 3595.74 3586.21 3588.87 3594.5 3593.87 3592.25 3557.45 3554.98 3550.39 3536.61 3542.63
3720.1 3668.74 3490.82 3165.88 2990.55 2908.22 2837.56 2900.96 3011.57 3117.42 3170.64 3105.61 2836.12 2685.25 2776.42 2912.53 3074.26 3284.75 3625.64 3883.97 3939.51 3910.71 3833.53 3794.33 3766.77 3779.16 3724.99 3735.54 3760.13 3756.56 3763.18 3714.42 3690.36 3678.65 3648.33 3627.18 3618.66 3598.77 3613.31 3598.72 3612.19 3564.78 3566.57 3583.33 3565.51 3550.1 3547.83 3539.28 3527.74 3529.33 3526.69 3542.72 3576.73 3573.36 3566.35 3578.36 3591.41 3574.31 3574.72 3585.51 3590.25 3572.11 3556.35 3550.33 3541.22 3541.89 3527.62
3681.22 3512.87 3257.36 2959.4 2826.45 2800.95 2777.02 2789.99 2850.88 2902.95 2917.47 2851.63 2653.11 2532.13 2616.35 2736.05 2863.58 3063.1 3409.38 3740.86 3886.85 3891.3 3831 3779.65 3758.42 3748.02 3713.33 3697.97 3746.33 3731.22 3715.31 3693.41 3690.1 3666.07 3626.64 3650.63 3660.11 3659.37 3631.75 3629.35 3623.82 3599.21 3551.77 3559.32 3566.85 3561.48 3546.19 3529.62 3526.82 3526.65 3530.86 3549.4 3573.26 3582.9 3564.65 3558.29 3545.38 3573.69 3575.44 3583.36 3608.53 3593.7 3558.6 3551.03 3552.03 3532.94 3521.44
3612.7 3379.37 3098.14 2824.75 2740.51 2721.58 2699.35 2694.04 2728.57 2744.65 2721.12 2657.58 2549.93 2489.51 2517.22 2576.03 2692.84 2886.01 3203.59 3607.02 3806.31 3893.28 3840.73 3779.04 3742.76 3695.72 3615.9 3718.57 3744.91 3714.49 3745.49 3729.09 3718.29 3696.78 3700.79 3679.13 3683.92 3682.86 3728.85 3694.2 3668.92 3664.27 3569.88 3522.86 3565.97 3564.22 3551.09 3533.8 3522.82 3523.18 3528.58 3524.88 3545.53 3553.19 3541.1 3552.66 3586.76 3544.55 3560.6 3587.05 3602.29 3599.21 3568.07 3556 3544.44 3541.03 3526.25
3510.88 3268.16 3006.91 2697.63 2669.85 2644.53 2614.26 2628.73 2638.12 2648.21 2614.9 2566.24 2515.16 2480.22 2455.58 2487.36 2577.62 2745.45 3005.17 3296.78 3686.86 3883.24 3842.68 3776.94 3736.73 3715.97 3678.32 3641.52 3679.05 3689.28 3752.24 3748.47 3697.68 3701.99 3688.9 3699.94 3701.35 3708.07 3739.9 3707.85 3675.83 3652.97 3587.69 3510.85 3530.68 3561.26 3550.67 3537.56 3532.54 3520.1 3512.27 3525.32 3555.29 3512.66 3522.51 3544.09 3574.28 3547.4 3557.83 3577.76 3571.85 3593.93 3584.36 3559.7 3537.89 3524.52 3554.61
3424.7 3162.48 2882.88 2669.07 2598.43 2591.96 2606.15 2584.68 2597.36 2610.62 2612.09 2579.35 2528.73 2523.07 2492.52 2461.51 2524.94 2667.24 2894.43 3163.73 3634.57 3885.76 3838.83 3743.87 3724.54 3731.4 3678.82 3572.93 3615.48 3704.89 3722.9 3738.53 3708.42 3715.29 3734.78 3727.7 3734.53 3740.78 3766.2 3727.81 3677.83 3618.89 3537.27 3554.35 3511.85 3530.09 3540.92 3544.61 3538.17 3519.95 3516.84 3525.61 3524.22 3513.36 3515.07 3525.06 3525.83 3513.85 3550.08 3588.78 3617.84 3591 3578.13 3558.19 3542.34 3551.65 3534.8
3365.74 3092.97 2822.64 2643.29 2564.07 2551.49 2562.13 2552.45 2569.28 2608.7 2645.88 2617.45 2553.32 2522.55 2534.06 2469.5 2504.15 2627.41 2804.27 3076.19 3583.66 3842.45 3820.13 3736.16 3706.58 3681.04 3643.38 3656.29 3665.6 3647 3664.16 3728.38 3741 3735.45 3729.39 3748.83 3766.54 3777.64 3750.43 3749.68 3657.5 3564.71 3525.26 3585.02 3533.75 3525.97 3530.12 3521.09 3513.66 3549.93 3541.12 3541.46 3517.33 3511.36 3510.77 3514.7 3523.41 3511.76 3531.04 3597.51 3628.1 3572.05 3563.57 3551.78 3549.43 3548.1 3530.5
3329.15 3085.27 2791.21 2625.08 2537.36 2513.53 2516.75 2533.4 2569.01 2614.09 2603.73 2612.73 2582.71 2537.1 2546.11 2479.29 2479.88 2602.59 2779.88 3060.76 3483.65 3739.35 3795.28 3759.35 3694.63 3681.29 3655.85 3631.46 3603.66 3603.12 3590.97 3674.34 3727.95 3743.08 3777.87 3784.88 3774.23 3778.76 3782.63 3677.81 3624.92 3551.06 3499.3 3583.79 3532.29 3545.29 3530.78 3518.42 3510.08 3527.16 3521.34 3515.1 3498.39 3508.2 3507.46 3507.65 3517.37 3515.62 3513.91 3523.71 3511.54 3606.5 3562.88 3554.75 3551.81 3553.01 3536.1
3413.19 3133.78 2821.31 2612.47 2521.83 2499.36 2507.3 2511.28 2587.6 2688.82 2706.18 2689.33 2621.68 2548.13 2537.36 2459.83 2453.69 2598.09 2773.95 3111.36 3523.42 3717.72 3762.3 3723.61 3683.29 3661.98 3624.87 3616.83 3577.61 3568.4 3605.44 3581.31 3661.49 3723.79 3761.72 3778.89 3775.24 3761.52 3732.07 3660.22 3621.3 3590.43 3571.11 3567.51 3553.11 3534.17 3532.76 3534.14 3537.46 3509.97 3498.68 3499.78 3498.88 3513.06 3507.32 3504.6 3506.3 3536.55 3516.92 3516.07 3526.73 3538.88 3545.3 3538.24 3533.18 3531.04 3554.01
3505.99 3222.91 2905.15 2626.57 2525.54 2494.82 2509.89 2521.29 2605.31 2778.21 2983.24 2797.07 2653.72 2543.45 2474.14 2427.38 2466.83 2649.93 2879.19 3232.3 3627.91 3772.15 3770.12 3723.5 3668.22 3648.23 3614.1 3601.75 3593.19 3557.9 3584.1 3598.24 3649 3706.49 3757.4 3778.21 3749.76 3729.13 3698.19 3668.29 3640.58 3615.73 3592.26 3605.2 3559.75 3522.85 3530.34 3540.47 3550.79 3505.39 3498.38 3498.27 3473.48 3489.82 3499.33 3502.04 3502.06 3528.23 3521.66 3519.96 3530.62 3534.02 3534.74 3529.3 3525.35 3517.27 3534.79
3645.11 3362.03 3037.54 2732.9 2568.24 2515.57 2513.07 2526.2 2582.62 2694.04 2774.94 2735.87 2639.96 2542.61 2460.86 2466.86 2557.05 2756.59 3013 3404.48 3816.07 3843.52 3774.5 3682.41 3618.07 3642.08 3626.44 3602.88 3596.31 3598.02 3559.42 3633.54 3657.08 3687.35 3710.5 3715.48 3693.2 3663.12 3653.81 3656.72 3649.04 3641.72 3646.25 3639.87 3611.24 3563.65 3529.88 3532.41 3526.44 3506.17 3513.79 3523.49 3476.44 3486.81 3499.08 3512.2 3525.53 3533.19 3545.57 3524.05 3520.2 3541.48 3540.8 3539.06 3539.54 3525.58 3549.5
3738.25 3494.17 3194.14 2905.46 2711.3 2550.96 2528.5 2519.62 2537 2563.77 2577.26 2630.77 2615.79 2566.46 2523.98 2589.19 2703.78 2895.87 3171.6 3640.18 3882.29 3854.79 3768.78 3666 3592.9 3615.19 3618.24 3605.06 3588.28 3578.79 3579.53 3596.61 3645.07 3674.4 3685.68 3668.21 3652.75 3617.49 3633.54 3634.33 3635.05 3647.61 3674.43 3654.18 3623.24 3564.24 3541.97 3535.04 3522.6 3515.72 3502.52 3481.3 3493.07 3491.67 3504.19 3525.66 3568.64 3607.55 3539.54 3512.79 3529.69 3534.94 3534.69 3531.92 3541.31 3575.15 3532.05
3783.06 3601.25 3360.52 3121.83 2950.16 2721.37 2600.07 2525.15 2528.89 2531.32 2548.44 2601.98 2638.45 2641.46 2692.08 2773.05 2889.95 3100.67 3384.49 3810.21 3808.02 3796.75 3743.67 3659.58 3596.85 3596.4 3583.1 3563.51 3575.62 3569.24 3568.95 3632.4 3645.98 3662.5 3679.19 3696.54 3633.53 3605.27 3632.63 3609.63 3617.33 3628.74 3639.95 3635.04 3623.41 3594.49 3580.78 3546.08 3523.64 3508.42 3495.23 3480.02 3484.52 3491.75 3500.99 3514.22 3539.45 3593.35 3544.6 3518.96 3503.29 3512.23 3521.35 3527.66 3531.13 3532.33 3594.71
