real_craters/C183-750m.grd
DSAA
211 211
-78.6975 78.6975
-78.6975 78.6975
7372.3605405307 9955.0202831816
[rows 38 to 75 of 211, columns 84 to 167 of 211]
9016 9023 9031 9046 9059 9064 9064 9056 9010 8953 8897 8844 8805 8913 9046 9071 9013 9009 9005 9002 8999 8980 8975 8975 8977 8977 8978 8979 8982 8989 8996 9007 9017 9026 9038 9059 9071 9079 9078 9075 9063 9049 9038 9016 9002 8990 8989 8986 8978 8975 8975 8978 8979 8971 8974 8967 8965 8965 8963 8963 8961 8961 8954 8950 8953 8954 8954 8954 8954 8954 8957 8959 8962 8965 8967 8968 8962 8969 8977 8973 8965 8959 8957 8958
9010 9018 9031 9044 9059 9062 9059 9049 9024 8988 8956 8937 8946 8998 9028 9020 9002 9004 9003 9000 8992 8973 8970 8970 8971 8975 8978 8981 8985 8990 8997 9003 9008 9012 9017 9037 9059 9071 9060 9059 9059 9054 9039 9018 9014 9009 9005 9005 9000 8991 8983 8979 8996 9005 8980 8974 8972 8972 8967 8965 8964 8965 8964 8965 8961 8959 8959 8958 8951 8954 8961 8962 8965 8968 8971 8973 8969 8972 8983 8974 8967 8961 8958 8958
9011 9017 9026 9034 9039 9061 9067 9059 9042 9024 9009 9019 9071 9062 9031 9012 9018 9010 9005 8998 8988 8972 8969 8970 8972 8974 8978 8982 8988 8994 8998 9001 9005 9008 9010 9031 9047 9048 9039 9045 9047 9057 9038 9034 9031 9031 9032 9022 9016 8999 8992 8981 8924 8884 8954 8983 8979 8975 8970 8968 8967 8968 8969 8968 8967 8965 8964 8962 8961 8959 8963 8964 8970 8974 8976 8978 8977 8976 8976 8971 8966 8960 8958 8960
9011 9015 9021 9026 9032 9057 9068 9058 9050 9043 9038 9040 9038 9035 9031 9018 9015 9016 9004 8994 8984 8973 8971 8971 8971 8972 8976 8982 8988 8991 8995 9001 9006 9011 9013 9029 9034 9026 9017 9018 9025 9040 9033 9041 9042 9046 9046 9040 9030 9016 9010 9004 9003 9009 8996 8988 8985 8979 8974 8972 8971 8970 8969 8972 8971 8969 8968 8966 8962 8963 8968 8975 8980 8983 8983 8981 8977 8975 8976 8970 8967 8964 8963 8965
9016 9014 9022 9028 9032 9041 9054 9059 9056 9049 9044 9042 9038 9034 9031 9034 9021 9013 8999 8989 8981 8975 8969 8969 8967 8966 8973 8982 8990 9001 9000 9003 9009 9018 9027 9028 9022 9011 9010 9010 9011 9012 9022 9033 9047 9056 9060 9058 9037 9028 9022 9011 9002 8999 8991 8991 8989 8984 8982 8977 8973 8974 8973 8974 8975 8973 8969 8972 8979 8970 8983 8994 8994 8991 8988 8985 8980 8973 8965 8968 8969 8969 8969 8970
9016 9030 9033 9038 9042 9046 9053 9058 9053 9043 9038 9034 9033 9030 9024 9019 8995 8991 8990 8984 8977 8977 8964 8925 8938 8960 8971 8980 8989 8996 8998 9003 9010 9019 9027 9020 9012 9012 9008 9003 9007 9007 9046 9047 9053 9062 9071 9062 9049 9034 9029 9016 9003 8998 8993 8996 8993 8991 8990 8989 8989 8980 8980 8986 8983 8981 8979 8986 8987 8987 8992 8998 9002 8998 8993 8989 8984 8976 8969 8972 8974 8973 8973 8974
9032 9036 9045 9053 9065 9075 9063 9048 9035 9033 9028 9022 9018 9017 9002 8987 8983 8990 8986 8982 8978 8979 8976 8974 8960 8965 8973 8980 8985 8987 8995 9000 9008 9014 9018 9018 9017 9005 9004 8997 9004 9052 9063 9057 9057 9061 9065 9057 9050 9037 9034 9024 9010 8999 8994 8988 8994 8998 9000 8999 8999 8988 8997 8998 8995 8993 8993 8993 8991 8993 8998 9006 9009 9006 8999 8991 8981 8983 8987 8985 8982 8980 8978 8981
9057 9054 9058 9066 9075 9080 9068 9049 9032 9026 9020 9012 9001 8987 8988 8984 8983 8987 8985 8982 8980 8982 8982 8980 8975 8975 8978 8983 8985 8985 8985 8999 9008 9012 9011 9008 8998 8991 8994 9016 9047 9064 9070 9062 9056 9053 9051 9054 9049 9036 9048 9028 9013 9007 9001 9000 9005 9010 9011 9010 9006 9004 9000 9002 9002 9001 9000 8996 8992 8998 9011 9024 9023 9015 9005 8995 8992 8994 8994 8991 8990 8990 8991 8991
9065 9066 9069 9075 9080 9080 9070 9051 9030 9021 9014 9005 8995 8986 8985 8984 8987 8986 8984 8982 8982 8982 8983 8980 8981 8982 8985 8988 8991 8991 8996 9002 9011 9017 9013 9000 8983 8976 8975 9002 9044 9058 9065 9059 9049 9043 9038 9038 9041 9044 9046 9028 9022 9023 9021 9026 9027 9028 9028 9022 9029 9013 9007 9011 9010 9006 9002 9001 8993 9001 9015 9037 9036 9022 9011 9003 8999 8999 8999 8998 8997 8997 8998 8998
9064 9072 9076 9081 9087 9091 9076 9056 9032 9023 9012 9002 8993 8989 8985 8984 8985 8983 8982 8982 8983 8985 8987 8985 8987 8989 8991 8994 9000 9002 9000 9004 9012 9021 9014 8992 8975 8964 8964 8999 9031 9048 9053 9045 9037 9035 9031 9034 9036 9029 9024 9038 9043 9048 9055 9053 9050 9045 9047 9056 9046 9020 9015 9018 9016 9011 9006 9003 9005 9014 9025 9037 9030 9020 9014 9011 9007 9006 9006 9005 9004 9004 9004 9003
9068 9075 9079 9083 9092 9098 9080 9061 9042 9027 9013 9000 8990 8984 8985 8982 8983 8984 8984 8985 8985 8985 8985 8992 8993 8994 8995 8996 8998 8999 8996 9001 9008 9013 9004 8983 8958 8957 8970 8982 9003 9018 9049 9045 9037 9036 9032 9030 9038 9042 9046 9064 9065 9069 9080 9081 9067 9057 9054 9055 9044 9031 9030 9025 9018 9015 9015 9017 9021 9021 9027 9034 9019 9018 9016 9013 9013 9012 9013 9013 9010 9011 9011 9010
9078 9077 9077 9078 9081 9084 9074 9057 9043 9027 9012 8999 8989 8982 8988 8984 8986 8988 8991 8991 8989 8990 8991 8999 9000 8998 8997 8995 8994 8995 8997 8998 9000 8998 8995 8983 8969 8969 8978 8982 8988 9004 9035 9045 9044 9040 9039 9045 9049 9057 9064 9074 9071 9075 9090 9087 9066 9059 9051 9039 9040 9033 9037 9031 9022 9016 9021 9024 9026 9027 9029 9027 9025 9023 9020 9016 9020 9027 9033 9025 9019 9018 9018 9016
9072 9073 9074 9071 9064 9068 9062 9048 9036 9021 9008 8998 8991 8986 8997 8992 8990 8999 9006 9004 9003 9001 8998 9011 9007 9003 8999 8994 8989 8989 8991 8991 8991 8989 8990 8988 8988 8990 8989 8991 8987 8986 9006 9025 9040 9039 9041 9046 9060 9077 9075 9060 9057 9064 9076 9077 9064 9057 9058 9059 9052 9047 9042 9039 9035 9037 9030 9031 9036 9036 9038 9034 9031 9031 9031 9031 9039 9048 9043 9039 9030 9027 9026 9024
9072 9073 9075 9070 9058 9057 9050 9035 9020 9008 9004 8998 8993 8991 8996 9004 9010 9013 9016 9025 9025 9020 9022 9018 9014 9007 9000 8993 8986 8984 8982 8982 8984 8989 8990 8993 8995 8997 8994 8986 8981 8993 9001 9013 9023 9027 9034 9048 9049 9047 9039 9025 9031 9038 9048 9048 9040 9048 9062 9058 9063 9064 9057 9051 9049 9058 9044 9041 9045 9051 9052 9053 9052 9047 9042 9048 9055 9059 9047 9043 9039 9036 9033 9033
9077 9079 9082 9083 9079 9055 9037 9026 9014 9004 9002 9000 8999 8997 8996 9014 9032 9031 9015 9032 9035 9033 9037 9034 9024 9013 9002 8993 8989 8981 8976 8977 8982 8988 8994 8999 9002 9005 8995 8981 8991 9000 9004 9006 9006 9012 9017 9016 9022 9016 9013 9007 9011 9015 9019 9020 9014 9030 9053 9058 9069 9079 9071 9061 9055 9060 9052 9053 9060 9059 9065 9073 9079 9065 9052 9046 9062 9071 9049 9057 9051 9047 9039 9031
9081 9089 9095 9097 9092 9061 9036 9022 9013 9010 9006 9006 9006 9005 8998 9017 9044 9049 9035 9034 9038 9037 9034 9040 9031 9018 9002 8987 8979 8977 8976 8978 8984 8992 9001 9005 9007 9005 9000 8996 8999 9000 9000 8998 8998 9003 9005 9005 9014 9006 9003 9002 8999 8998 9003 8999 8998 9009 9026 9036 9053 9058 9060 9059 9070 9082 9068 9075 9084 9077 9069 9075 9082 9065 9065 9065 9066 9065 9070 9069 9067 9052 9045 9041
9093 9101 9104 9103 9089 9062 9036 9019 9012 9007 9010 9013 9017 9018 9019 9030 9050 9058 9058 9054 9044 9046 9048 9054 9039 9023 9004 8985 8976 8977 8975 8972 8992 9004 9011 9012 9012 9010 9002 9003 9000 9002 8999 8999 9005 9006 9001 9000 8994 9012 9011 8993 8993 9002 8999 8998 8994 8994 8993 9011 9020 9020 9030 9039 9044 9040 9056 9068 9087 9058 9050 9056 9064 9067 9064 9068 9068 9073 9064 9064 9057 9050 9048 9048
9099 9106 9108 9110 9096 9062 9032 9019 9013 9010 9016 9025 9033 9039 9048 9054 9055 9058 9056 9041 9041 9048 9054 9046 9039 9025 9010 8993 8986 8993 8997 8995 9022 9028 9026 9021 9017 9014 9010 9005 9006 9007 8999 8999 9007 9006 8997 8993 9006 9004 8995 9002 8996 9003 9001 8998 9000 8995 8986 8994 8989 8993 8996 9007 9031 9037 9029 9033 9020 9020 9016 9023 9036 9022 9036 9043 9049 9054 9049 9046 9044 9046 9047 9049
9100 9101 9103 9107 9094 9062 9040 9022 9017 9020 9029 9039 9051 9058 9064 9067 9052 9039 9052 9040 9037 9029 9024 9034 9036 9030 9023 9019 9016 9021 9033 9056 9065 9055 9040 9029 9022 9014 9019 9010 9017 9008 9000 9004 9004 9005 9010 9004 8997 8992 8994 9000 8993 8997 9005 9009 9005 8998 8998 9000 9005 9002 8982 8967 8933 8898 9004 9027 8988 8977 8981 8987 8985 8999 9003 9011 9019 9026 9031 9032 9037 9041 9043 9046
9095 9082 9087 9089 9077 9053 9028 9020 9023 9033 9038 9050 9066 9074 9063 9064 9052 9050 9058 9060 9037 9022 9026 9035 9034 9034 9036 9043 9041 9041 9054 9080 9062 9052 9042 9033 9028 9032 9033 9023 9032 9018 9009 9008 9009 9010 9012 9005 8984 8999 9004 8996 8991 9005 9014 9024 9019 9005 9013 9014 9012 9007 8988 8958 8894 8873 9021 9032 8988 8972 8968 8968 8963 8972 8984 8992 9001 9008 9020 9018 9022 9032 9037 9039
9097 9077 9075 9070 9062 9045 9028 9022 9025 9030 9041 9053 9064 9060 9038 9045 9045 9044 9048 9039 9029 9024 9031 9042 9037 9035 9036 9044 9042 9043 9049 9049 9046 9043 9038 9032 9029 9028 9034 9039 9041 9021 9016 9017 9018 9019 9010 9006 9006 9008 9007 8998 9004 9012 9020 9023 9020 9026 9035 9032 9025 9010 9004 9000 9028 9035 9011 9009 8986 8974 8966 8965 8965 8971 8979 8980 8981 8986 8990 9001 9007 9023 9032 9038
9103 9082 9071 9062 9052 9041 9033 9030 9029 9035 9043 9052 9060 9048 9022 9028 9038 9050 9043 9033 9016 9013 9024 9033 9038 9035 9026 9020 9027 9032 9035 9033 9040 9039 9035 9031 9028 9032 9037 9040 9038 9030 9027 9035 9031 9006 9013 9019 9022 9018 9008 9007 9017 9027 9029 9031 9031 9023 9043 9040 9024 9022 9019 9021 9020 9011 9001 8994 8978 8972 8967 8969 8973 8975 8971 8974 8975 8977 8983 8991 9010 9021 9025 9031
9106 9091 9070 9053 9044 9037 9032 9028 9029 9031 9036 9049 9057 9045 9024 9022 9033 9037 9029 9007 9002 8995 9027 9048 9054 9040 9020 9007 9014 9023 9028 9033 9036 9035 9032 9029 9024 9025 9034 9041 9044 9029 9046 9048 9046 9036 9035 9031 9035 9025 9021 9029 9043 9041 9034 9027 9009 9027 9042 9045 9038 9034 9027 9023 9014 9000 9006 8992 8982 8977 8975 8978 8979 8977 8971 8972 8972 8974 8973 8979 8988 9008 9010 9013
9103 9096 9071 9047 9042 9036 9030 9027 9027 9033 9041 9048 9054 9052 9044 9040 9042 9031 9016 9003 9010 9026 9054 9092 9084 9048 9019 9001 9009 9019 9027 9034 9035 9037 9036 9033 9031 9034 9045 9048 9050 9043 9044 9048 9046 9048 9040 9036 9033 9044 9030 9039 9056 9049 9035 9022 9015 9023 9042 9040 9037 9032 9030 9026 9022 9014 9005 9000 8990 8987 8987 8991 8990 8987 8980 8976 8976 8976 8975 8977 8981 8983 8990 8992
9094 9097 9081 9062 9053 9041 9028 9019 9025 9036 9041 9053 9049 9066 9075 9080 9066 9043 9027 9022 9046 9062 9074 9083 9072 9048 9021 9006 9013 9022 9031 9040 9044 9043 9041 9039 9038 9043 9050 9057 9056 9049 9037 9047 9065 9062 9052 9039 9027 9024 9032 9037 9041 9047 9034 9018 9002 9013 9045 9056 9046 9034 9030 9029 9033 9030 9016 9000 8992 8998 9007 9006 9004 8998 8986 8983 8979 8981 8986 8990 8981 8973 8979 8982
9082 9089 9095 9088 9070 9052 9034 9022 9031 9047 9064 9075 9085 9073 9089 9108 9090 9057 9041 9085 9103 9100 9079 9067 9067 9048 9037 9026 9024 9031 9038 9046 9050 9051 9050 9047 9046 9047 9051 9062 9050 9038 9036 9046 9056 9055 9051 9041 9033 9032 9039 9043 9045 9045 9033 9017 9006 9014 9023 9028 9037 9030 9026 9024 9023 9020 9024 9007 9001 9007 9016 9016 9015 9014 9005 8993 8985 8988 8991 8990 8985 8978 8979 8983
9072 9089 9109 9105 9082 9064 9050 9040 9048 9061 9080 9087 9104 9097 9100 9107 9106 9098 9096 9156 9143 9097 9081 9055 9047 9048 9046 9037 9032 9036 9043 9053 9058 9062 9060 9056 9049 9051 9050 9034 9039 9040 9045 9048 9041 9044 9041 9043 9043 9046 9047 9048 9036 9048 9035 9020 9009 9014 9025 9022 9018 9023 9020 9015 9009 9005 9008 9002 9007 9012 9018 9019 9017 9015 9011 9005 8999 8997 8997 8996 8993 8987 8990 8991
9057 9076 9093 9094 9081 9070 9066 9071 9070 9065 9065 9073 9083 9106 9114 9119 9130 9158 9208 9209 9175 9122 9099 9077 9067 9073 9030 9033 9044 9049 9051 9058 9081 9074 9071 9069 9062 9062 9056 9047 9054 9058 9051 9052 9049 9054 9055 9049 9045 9044 9044 9034 9039 9040 9036 9023 9013 9026 9041 9044 9038 9028 9020 9009 9003 8995 8994 9012 9011 9012 9010 9010 9013 9017 9017 9013 9009 9004 9000 8998 8999 9003 9003 9003
9040 9052 9073 9073 9069 9067 9068 9077 9077 9067 9060 9067 9085 9125 9131 9141 9157 9182 9211 9205 9178 9148 9135 9138 9187 9114 9084 9063 9068 9067 9061 9059 9063 9075 9083 9087 9088 9084 9082 9083 9088 9088 9069 9064 9056 9055 9057 9054 9048 9043 9042 9031 9031 9054 9040 9025 9013 9010 9040 9036 9036 9030 9021 9010 8996 8990 9006 9022 9014 9010 9007 9007 9005 9006 9014 9021 9018 9008 9000 8995 9001 9016 9020 9013
9018 9023 9026 9038 9047 9053 9058 9064 9069 9072 9082 9102 9128 9144 9145 9152 9162 9147 9174 9182 9172 9201 9193 9157 9099 9112 9102 9111 9101 9088 9074 9062 9067 9082 9096 9105 9110 9103 9097 9105 9098 9075 9084 9070 9061 9059 9062 9057 9051 9050 9047 9037 9047 9054 9041 9025 9012 9012 9030 9028 9026 9025 9022 9014 8989 8983 9002 9018 9010 9006 9005 9004 9000 9002 9018 9024 9017 9006 8996 8992 8998 9009 9023 9016
8996 8993 8997 9015 9029 9040 9047 9051 9059 9068 9102 9137 9142 9152 9153 9144 9135 9146 9162 9230 9309 9326 9291 9220 9149 9198 9231 9187 9155 9126 9101 9088 9094 9106 9115 9122 9123 9120 9107 9108 9105 9097 9080 9078 9067 9060 9059 9060 9054 9043 9046 9040 9044 9042 9035 9023 9011 9004 9006 9003 9009 9020 9025 9015 8989 8990 8990 8989 8997 8998 8999 8997 8993 8993 9005 9012 9008 8998 8989 8985 8988 8997 9011 9015
8980 8980 8985 9004 9024 9034 9038 9039 9042 9056 9087 9120 9149 9167 9179 9175 9158 9227 9323 9426 9525 9501 9415 9344 9321 9304 9304 9245 9200 9164 9134 9117 9123 9130 9137 9142 9145 9139 9134 9115 9108 9097 9082 9076 9071 9066 9069 9071 9064 9052 9046 9033 9035 9028 9030 9023 9013 9010 9008 9004 9008 9019 9029 9027 8992 8995 8995 8991 8991 8992 8991 8986 8985 8985 8995 9003 8998 8992 8982 8971 8971 8995 9018 9018
8980 8985 8997 9013 9033 9045 9049 9043 9040 9057 9083 9100 9161 9201 9238 9270 9319 9457 9567 9654 9662 9572 9495 9448 9395 9302 9263 9267 9236 9200 9174 9162 9161 9165 9159 9153 9150 9151 9156 9120 9113 9114 9114 9104 9090 9073 9086 9087 9075 9063 9046 9036 9055 9040 9029 9029 9029 9032 9018 9005 9008 9019 9030 9028 9013 8998 8995 8991 8990 8990 8988 8986 8984 8988 8996 8997 8995 8991 8982 8970 8967 8992 9017 9023
8994 8995 9014 9036 9062 9076 9083 9073 9048 9097 9136 9130 9154 9243 9318 9390 9508 9686 9653 9616 9556 9525 9526 9536 9537 9456 9361 9330 9292 9246 9196 9181 9188 9189 9181 9175 9169 9158 9147 9140 9146 9129 9139 9142 9124 9093 9080 9083 9080 9076 9069 9055 9059 9047 9038 9040 9043 9032 9017 9005 9008 9017 9026 9029 9017 9006 9001 8995 8995 8996 8994 8989 8994 9002 9007 9000 9005 9001 8994 8986 8982 9004 9026 9019
9030 9040 9045 9067 9095 9127 9146 9155 9165 9224 9280 9291 9288 9348 9407 9482 9591 9659 9615 9551 9506 9496 9554 9592 9638 9641 9503 9428 9375 9319 9250 9225 9225 9215 9207 9198 9197 9196 9191 9236 9231 9186 9170 9172 9152 9131 9102 9097 9092 9083 9080 9073 9065 9054 9047 9052 9054 9039 9028 9007 9010 9016 9021 9028 9028 9024 9028 9020 9011 9011 9010 9011 9012 9017 9029 9036 9026 9018 9014 9012 9016 9017 9012 9011
9085 9112 9120 9138 9155 9192 9234 9274 9319 9388 9488 9589 9555 9486 9477 9501 9538 9553 9556 9534 9557 9585 9589 9600 9601 9564 9573 9511 9452 9411 9368 9318 9281 9260 9247 9235 9242 9257 9275 9290 9291 9261 9232 9213 9210 9190 9142 9107 9102 9088 9071 9069 9080 9079 9062 9059 9057 9047 9036 9025 9019 9017 9020 9032 9036 9037 9047 9045 9037 9030 9028 9028 9028 9030 9034 9039 9040 9037 9034 9035 9035 9033 9027 9007
9172 9132 9151 9157 9223 9271 9321 9387 9468 9550 9613 9675 9637 9554 9499 9481 9475 9472 9477 9556 9602 9670 9592 9578 9621 9741 9668 9582 9522 9488 9519 9402 9330 9282 9285 9316 9286 9269 9267 9257 9247 9298 9327 9278 9262 9263 9232 9136 9099 9089 9079 9075 9073 9073 9065 9058 9053 9046 9040 9035 9024 9019 9021 9031 9031 9041 9047 9051 9047 9044 9042 9041 9038 9039 9041 9039 9045 9047 9048 9050 9054 9045 9025 9014
9313 9325 9308 9314 9335 9367 9405 9469 9572 9650 9611 9599 9593 9540 9477 9428 9391 9332 9331 9319 9405 9480 9475 9485 9515 9566 9624 9585 9536 9469 9385 9381 9334 9278 9291 9318 9308 9281 9267 9259 9270 9288 9304 9289 9261 9269 9259 9240 9157 9112 9088 9073 9068 9069 9068 9058 9047 9044 9039 9035 9025 9019 9023 9053 9072 9063 9048 9052 9056 9056 9053 9054 9047 9043 9044 9041 9051 9052 9053 9056 9061 9050 9024 9036
