real_craters/C183-1000m.grd
DSAA
91 91
-44.97 44.97
-44.97 44.97
1988.4187875447 4368.7420342208
[rows 30 to 59 of 91, columns 0 to 66 of 91]
3644.92 3632.57 3626.35 3615.54 3604.26 3604.04 3602.61 3600.33 3591.73 3590.51 3583.43 3574.21 3579.17 3586.04 3595.69 3610 3634.49 3651.07 3666.74 3623.07 3650.47 3685.54 3692.53 3671.33 3659.04 3683.85 3709.09 3728.36 3820.62 3994.36 4101.02 4143.35 4063.86 3942.61 3692.58 3513.67 3417.52 3287.95 3384.22 3262.06 3116.85 2984.5 2867.73 2810.39 2763.8 2655.3 2716.74 2718.49 2723.39 2739.58 2784.01 2820.49 2933.17 3078.43 3233.72 3398.24 3569.6 3751.04 4021.33 4190.44 4156.91 3994.21 3844.66 3730.15 3689.18 3670.97 3678.62
3633.56 3630.89 3624.59 3622.77 3597.44 3588.47 3582.6 3590.86 3596.74 3589.93 3581.22 3573.44 3579.72 3591.8 3605.08 3612.05 3597.71 3620.03 3625.89 3631.75 3643.45 3647.87 3656.91 3648.91 3635.12 3630.55 3754.76 3830.99 3941.61 4006.99 4061.49 4029.61 3852.1 3649.26 3463.72 3317.44 3225.47 3088.68 3038.68 2970.99 2843.74 2695.16 2596.25 2543.07 2523.84 2496.16 2462.07 2510.51 2518.94 2502.68 2485.92 2586.81 2734.29 2890.47 3055.04 3224.3 3398.82 3587.67 3782.92 4034.51 4150.29 4026.4 3895.23 3790.23 3722.2 3689.91 3693.1
3633.25 3621.18 3613.02 3595.42 3580.14 3584 3589.54 3587.4 3579.13 3582.08 3585.35 3585.71 3594.45 3603.86 3605.43 3613.67 3636.31 3640.64 3627.01 3633.57 3632.96 3637.54 3633.66 3640.33 3647.05 3666.9 3891.52 4115.94 4203.72 4121.39 3898.53 3678.05 3588.42 3395.73 3297.55 3210.29 3036.96 2870.2 2719.44 2674.42 2590.77 2495.38 2384.57 2340.72 2335.04 2354.71 2397.95 2367.03 2350.89 2317.9 2295.23 2406.37 2562.99 2728.4 2895.96 3058.46 3225.33 3406.04 3574.77 3769.6 4000.19 3975.78 3907.9 3829.6 3785.69 3737.58 3697.87
3588.24 3587.57 3590.25 3583.64 3597.5 3588.94 3580.78 3573.85 3571.01 3580.46 3594.7 3606.63 3615.95 3618.83 3619.23 3614.44 3618.94 3629.04 3623.28 3653.63 3646.91 3618.44 3623.5 3651.83 3668.93 3753.95 4040.93 4250.62 4235.03 3983.29 3708.06 3482.98 3348.59 3185.06 3169.54 3008.24 2854.38 2709.2 2586.23 2469.24 2398.77 2313.09 2234.98 2199.69 2203.19 2156.76 2226.3 2245.75 2229.85 2180.48 2181.6 2280.24 2441.26 2600.95 2761.56 2908.93 3061.73 3214.13 3397.71 3578.99 3804.38 3870.26 3904.69 3913.71 3833.73 3760.04 3724.47
3584.62 3579.11 3579.14 3575.56 3592.75 3591.91 3578.55 3572.44 3577.89 3590.23 3604.07 3631.19 3649.47 3634.86 3624.37 3618.06 3619.44 3630.96 3621.42 3624.17 3641.58 3623.35 3622.13 3672.71 3911.67 3985.21 4125.95 4241.36 4150.41 3730.44 3515.57 3312.63 3174.41 3088.87 2954.32 2737.61 2633.05 2515.1 2390.84 2313.31 2252.14 2174.89 2100.58 2078.71 2075.13 2045.72 2154.94 2153.64 2151.11 2117.66 2086.54 2190.79 2338.93 2482.93 2634.3 2764.53 2890.49 3008.04 3178.83 3375.3 3586.25 3741.86 3868.1 3946.71 3860.72 3784.03 3756.49
3588.11 3583.79 3584.99 3583.72 3602.61 3595.98 3582.42 3568.89 3571.82 3574.26 3601.03 3632.72 3653.02 3637.9 3627.34 3627.97 3641.5 3653.46 3646.4 3651.03 3649.91 3644.72 3643.84 3808.89 3933.79 4101.75 4175.01 4141.68 3936.57 3555.67 3378.59 3235.36 3121.27 3026.6 2767.98 2596.01 2457.15 2374.32 2237.84 2209.17 2194.83 2147.49 2053.76 1988.42 1998.49 2126.12 2053.01 2130.6 2167.58 2143.64 2065.02 2158.23 2309.92 2429.91 2540.98 2643.76 2741.16 2847.17 2993.56 3187.5 3414.97 3634.77 3827.46 3913.15 3856.68 3780.43 3741.64
3569.96 3590.04 3610.83 3624.46 3620.41 3605.66 3601.15 3597.67 3587.22 3576.73 3599.28 3615.42 3623.49 3623.13 3623.56 3626.95 3642.36 3673.9 3653.79 3642.79 3666.35 3661.05 3674.54 3691.1 3908.94 4125.04 4217.75 4022.56 3686.46 3429.7 3272.1 3162.87 3234.43 2846.16 2609.78 2507 2293.46 2180.47 2092.32 2145.1 2190.24 2195.39 2176.58 2161.84 2149.25 2114.91 2090.38 2156.91 2215.06 2265.78 2335.06 2286.14 2349.19 2425.78 2489.91 2550.98 2623.88 2728.6 2883.77 3076.03 3281.2 3531.97 3800.04 4000.4 3928.26 3897.61 3756.69
3618.7 3596.67 3600.07 3601.73 3603.21 3595.78 3594.63 3593.53 3595.77 3601.21 3604.12 3600.57 3607.02 3607.58 3618.24 3623.81 3638.82 3671.69 3664.54 3669.1 3682.46 3664.44 3656.09 3694.47 3923.7 4178 4211.67 3933.81 3531.38 3339.06 3193.57 3093.47 2971.1 2709.29 2526.25 2366.61 2202.45 2098.11 2102.93 2179.95 2251.65 2297.62 2344.48 2356.47 2331.27 2374.85 2256.78 2250.58 2281.74 2343.64 2406.54 2441.79 2431.64 2443.32 2461.94 2485.81 2525.83 2616.22 2805.7 3082.96 3174.56 3421.12 3724.96 3946.16 3955.78 3939.17 3810.66
3609.21 3590.43 3581.5 3574.98 3578.57 3578.23 3575.59 3566 3574.2 3592.29 3595.25 3594.9 3581.89 3609.96 3628.81 3637.55 3652.59 3683.43 3699.86 3644.99 3658.06 3655.53 3668.35 3741.54 3981.52 4257.7 4286.23 3904.9 3461.72 3260.29 3089.58 2923.98 2763.28 2554.07 2407.53 2257.29 2138.46 2169.7 2261.47 2302.7 2351.65 2407.1 2430.66 2396.05 2436.02 2427.09 2384.38 2384.57 2413.76 2429.89 2456.03 2477.59 2494.87 2470.83 2451.21 2437.21 2439.48 2493.77 2673.91 2954.99 3111.54 3308.63 3607.04 3860.09 3942.95 3868.92 3814.18
3579.35 3573.65 3574.04 3545.33 3556.16 3567.32 3567.51 3564.18 3570.27 3558.89 3582.44 3607.98 3632.21 3649.28 3657.99 3661.98 3671.71 3696.58 3653.73 3624.14 3649.98 3651.64 3677.05 3790.58 4092.78 4328.64 4333.31 3873.33 3404.69 3177.2 3000.62 2835.39 2630.91 2418.58 2290.12 2188.41 2235.47 2392.49 2433.65 2427.63 2445.53 2495.76 2549.66 2488.05 2540.31 2558.47 2458.02 2494.63 2530.89 2542.45 2567.13 2653.47 2554.89 2497.87 2440.04 2390.33 2361.88 2386.47 2542.78 2814.25 3025.82 3194.95 3468.56 3758.57 3978.68 3849.4 3836.76
3597.04 3580.17 3575.91 3564.45 3561.71 3566.63 3574.02 3581.42 3584.35 3594.05 3606.46 3621.86 3648.54 3670.39 3684.12 3702.8 3699.03 3669.66 3645.57 3612.6 3641.39 3657.99 3675.96 3748.46 4048.41 4350.42 4321.67 3811.45 3328.47 3098.13 2923.55 2772.64 2496.57 2336.25 2225.11 2219.26 2343.74 2509.14 2500.91 2488.27 2490.94 2558.64 2639.84 2679.05 2663.41 2605.03 2603.59 2610.39 2648.83 2707.06 2684.02 2594.19 2558.05 2483.65 2403.47 2339.66 2307.05 2319.89 2474.01 2685.64 2880.9 3056.83 3285.91 3584.48 3861.43 3891.94 3824.45
3607.66 3604.92 3588.2 3583.36 3568.24 3573.21 3582.69 3593.51 3597.13 3605.91 3611.31 3617.08 3644.54 3670.26 3682.67 3711.02 3702.99 3664.84 3655.48 3680.11 3670.07 3694.14 3688.67 3726.68 4019.84 4321.21 4230.36 3729.46 3262.21 3021.2 2842.19 2713.43 2428.71 2253.67 2189.56 2226.96 2463.86 2568.76 2532.29 2498.5 2493.9 2567.33 2696.54 2871.28 2789.28 2755.59 2763.56 2717.41 2719.91 2764.18 2726.54 2679.2 2575.36 2458.61 2360.69 2277.61 2236.04 2286.48 2420.2 2591.64 2779.47 2969 3164.55 3480.55 3873.62 4026.77 3791.84
3607.79 3604.84 3575.48 3555.87 3571.57 3580.21 3588.7 3600.22 3611.09 3595.12 3590.66 3595.23 3599.73 3604.94 3653.7 3689.31 3688.29 3668.01 3661.43 3657.5 3664.11 3685.35 3697.7 3749.61 4020.26 4327.23 4183.35 3640.05 3201.63 2972.3 2778.37 2640.64 2394.01 2221.63 2215.76 2333.53 2579.68 2624.89 2521.96 2443.8 2457.45 2524.18 2621.5 2716.67 2804.43 2865.34 2853.16 2733.99 2703.96 2724.41 2667.26 2611.73 2539.28 2449.61 2333.07 2221.8 2149.67 2174.2 2338.14 2514.23 2686.02 2862.83 3066.12 3389.34 3773.24 4035.42 3845
3624.49 3597 3609.94 3602.74 3586.41 3588.14 3594.84 3598.27 3594.52 3576.89 3557.26 3573.57 3582.23 3592.72 3624.34 3648.91 3671.34 3682.01 3685.24 3677.83 3662.46 3693.32 3710.58 3755.64 3897.35 4259.23 4081.12 3551.58 3160.61 2959.95 2763.49 2686.71 2528.87 2287.33 2337.6 2501.28 2663.97 2682.15 2558.69 2433 2423.85 2498.94 2575.62 2679.09 2816.95 2906.51 2859.21 2745.97 2668.87 2563.6 2584.03 2586.17 2541.72 2446.68 2319.55 2186.36 2090.55 2121.09 2284.29 2461.51 2635.63 2834.32 3025 3351.15 3707.94 4028.28 3927.64
3650.49 3641.6 3601.31 3574.61 3587.39 3594.47 3597.41 3595.9 3595.54 3579.54 3565.03 3574.49 3580.52 3599.93 3614.11 3635.21 3662.95 3686.6 3682.71 3670.4 3635.97 3683.41 3711.88 3767.71 3973.96 4151.09 3937.12 3458.56 3138.15 2961.49 2810.39 2718.27 2572.65 2272.48 2388.55 2577.32 2659.33 2648.84 2548.12 2438.85 2404.03 2504.52 2610.8 2727.42 2908.17 2965.06 2909.36 2812.27 2697.89 2610.93 2593.23 2627.95 2590.73 2466.01 2316.47 2168.84 2060.33 2104.12 2273.3 2446.62 2622.56 2856.34 3080.81 3345.63 3648.83 3924.48 3929.67
3653.26 3632.42 3621.61 3612.65 3609.02 3608.88 3603.1 3600.2 3591.45 3587.37 3592.64 3583.17 3581.08 3584.02 3613.38 3640.63 3665.69 3676 3676.47 3671.97 3675.96 3682.08 3701.16 3780.8 4071.54 4189.17 3890.83 3414.01 3153.59 3031.04 2870.09 2683.88 2549.89 2360.63 2309.16 2458.71 2593.7 2575.14 2504.23 2443.54 2432.09 2527.94 2650.15 2798.29 2961.5 3062.33 3066.29 2894.67 2766.61 2641.99 2623.42 2647.33 2634.78 2465.04 2305.16 2158.24 2067.38 2130.89 2283.27 2467.77 2652.47 2882.53 3054.25 3304.12 3644.16 3987.18 3845.32
3653.58 3629.83 3635.34 3654.81 3636.59 3625.32 3612.89 3600.67 3585.53 3581.91 3583.74 3581.44 3584.76 3592.06 3638.23 3682.4 3667.53 3658.35 3643.62 3634.73 3687.36 3676.38 3707.04 3828.08 4163.37 4331.37 3916.28 3433.84 3197.17 3079.08 2896.61 2659.06 2545.85 2374.14 2282.92 2403.12 2595.96 2587.14 2498.14 2458.22 2477.53 2555.82 2638.86 2805.18 2981.42 3093.73 3176.41 2993.81 2827.66 2716.24 2612.43 2595.54 2576.49 2432.65 2292.59 2171.33 2111 2192.3 2333.74 2506.75 2700.9 2925.1 3098.13 3338.07 3734.81 4006.56 3900.9
3656.61 3636 3639.37 3662.94 3652.42 3638.03 3621.87 3606.54 3597.39 3588.41 3573.61 3581.65 3603.6 3632.26 3652.03 3656.45 3653.35 3642.17 3629.96 3619.06 3640.48 3698.69 3717.26 3922.43 4224.8 4310.67 3942.14 3495.14 3245.6 3077.76 2944.6 2775.29 2620.25 2359.45 2274.71 2397.89 2569.65 2628.56 2533.4 2508.75 2546.3 2587.57 2634.95 2735.16 2905.08 2994.16 3047.04 2958.04 2706.81 2573.56 2548.73 2523.73 2481.79 2411.13 2297.49 2185.92 2125.03 2231.54 2378.77 2541.44 2723.25 2955.84 3139.67 3467.8 3852.23 4092.55 3895.87
3664.48 3657.21 3660.72 3657.77 3647.93 3636.14 3623.87 3612.26 3600.67 3592.5 3594.6 3605.99 3618.51 3632.85 3633.73 3629.24 3627.27 3626.89 3627.2 3658.49 3655.97 3669.75 3696.38 3833.78 4135.76 4308.47 3983.35 3556.56 3319.43 3095.24 2917.09 2892.26 2726.51 2463.12 2323.81 2392.99 2531 2621.98 2563.88 2534.08 2560.95 2596.51 2613.54 2687.36 2764.06 2805.78 2822.78 2737.7 2570.39 2492.27 2505.75 2528.72 2524.24 2440.16 2316.66 2211.19 2157.26 2223.47 2386.78 2581.39 2770.34 2981.72 3215.89 3468.04 3819.2 4032.58 3910.14
3661.28 3667.41 3663.38 3649.81 3640.96 3631.03 3625.05 3618.77 3603.42 3588.53 3607.15 3615.28 3623.76 3638.91 3629.2 3600.09 3613.11 3622.85 3630.86 3647.19 3644.13 3653.99 3668.37 3808.61 4056.41 4346.36 4102.64 3731.4 3457.4 3202.62 3013.17 3002.78 2772.56 2642.21 2470.93 2407.67 2484.4 2599.67 2581.41 2528.35 2534.48 2574.3 2591.71 2633.44 2670.55 2641.38 2631.01 2622.75 2554.85 2503.12 2502.38 2546.31 2570.84 2483.62 2352.26 2247.29 2225.01 2306.39 2467.98 2658.33 2839.46 3016.65 3321.72 3625.83 3849.26 4129.87 3921.16
3650.49 3663.24 3629.14 3640.45 3642.37 3647.21 3641.36 3634.71 3628.34 3624.49 3619.91 3613.05 3613.77 3615.04 3586.04 3601.89 3616.23 3626.8 3632.77 3630.9 3629.03 3635.88 3673.43 3818.64 4007.45 4277.76 4187.23 3942.14 3608.63 3293.63 3064.37 2970.04 2781.71 2669.86 2449.81 2424.23 2477.86 2559.02 2620.04 2553.14 2532.58 2545.81 2577.91 2597.99 2578.36 2519.14 2498.42 2479.57 2453.51 2478.87 2496.22 2547.98 2575.4 2503.18 2383.94 2283.41 2285.67 2441.94 2603.48 2774.19 2950.16 3138.07 3430.21 3710.57 4025.71 4254.35 4052.61
3652.67 3668.92 3653.28 3653.93 3656.1 3655.91 3653.81 3653.27 3651.15 3644.44 3622.47 3590.31 3604 3609.81 3639.77 3628.66 3625.9 3629.27 3642.02 3654.1 3633.38 3652.82 3643.88 3720.5 3888.31 4116.84 4199.32 4031.62 3717.47 3382.57 3118.21 2858.11 2769.24 2624.75 2474.2 2431.37 2468.17 2529.65 2604.14 2568.23 2511.05 2511.75 2536.37 2566.71 2499.43 2424.11 2426.08 2414.78 2419.67 2450.22 2478.4 2513.77 2538.84 2506.23 2421.02 2363.47 2404.92 2543.63 2751.74 2944.61 3117.75 3293.77 3574.9 3875.67 4244.33 4313.27 4033.67
3672.91 3678.38 3667.25 3682.15 3673.01 3670.49 3672.06 3672.91 3671.21 3670.56 3643.83 3619.65 3610.22 3599.07 3605.12 3638.34 3637.91 3636.69 3640.86 3656.48 3654.22 3659.31 3647.37 3680.99 3792.88 4004.07 4167.3 4081.89 3783.49 3478.24 3257.95 2915.79 2801.57 2641.82 2509.18 2394.2 2399.2 2499.53 2592.98 2555.58 2514.87 2505.76 2507.07 2472.09 2371.18 2358.31 2386.15 2412.25 2421.21 2431.78 2445.94 2464.97 2488.53 2481.94 2453.31 2475.85 2588.32 2750.74 2939.57 3144.09 3348.29 3512.45 3730.07 4019.89 4368.74 4227.54 4008.3
3684.26 3694.76 3689.84 3688.84 3691.79 3689.44 3687.65 3688.89 3685.32 3668.03 3658.21 3651.79 3623.16 3609.97 3611.25 3629.33 3642.49 3656.8 3662.59 3676.77 3655.14 3639.19 3648.48 3668.72 3739.81 3877.07 4001.44 3976.1 3795.43 3547.32 3306.71 3045.91 2893.68 2724.19 2599.21 2447.89 2402.9 2433.26 2491.82 2540.41 2512.01 2480.18 2457.4 2398.18 2347.24 2317.59 2344.32 2372.63 2399.54 2416.55 2423.02 2419.58 2407.48 2410.12 2476.48 2606.01 2757.13 2913.63 3099.29 3311.32 3546.68 3665.49 3867.26 4124.9 4258.44 4153.23 3955.84
3688.45 3685.07 3690.76 3704.38 3699.78 3694.61 3696.27 3699.17 3700.87 3700.31 3682.97 3627.03 3627.57 3628.42 3625.59 3630.8 3648.45 3664.84 3673.95 3680.4 3619.81 3619.71 3644.5 3664.57 3688.74 3783.28 3888.32 3933.51 3857.07 3665.4 3420.49 3219.3 3016.41 2860.85 2718.24 2587.65 2493.47 2433.18 2413.37 2476.42 2461 2431.18 2417.72 2393.29 2341.32 2318.11 2333.45 2359.78 2393.2 2411.03 2425.57 2428.69 2421.6 2448.72 2507.74 2622.4 2798.78 3002.99 3205.16 3420.57 3638.48 3761.89 4032.56 4244.8 4319.71 4095.33 3876.01
3667.62 3678.35 3677.07 3692.51 3698.87 3700.26 3706.21 3711.59 3714.91 3715.11 3708.57 3702.86 3670.94 3630.39 3622.23 3640.13 3661.01 3670.62 3689.14 3681.76 3667.1 3629.76 3686.48 3669.64 3690.77 3769.23 3881.49 3933.94 3964.06 3966.02 3686.74 3421.42 3184.96 3019.92 2851.1 2730.19 2619.2 2523.13 2435.32 2426.4 2407.42 2376.44 2386.3 2388.16 2348.06 2343.55 2364.21 2374.54 2388.95 2424.78 2463.3 2491.8 2495.81 2496.1 2583.08 2690.11 2830.89 3047.06 3295.64 3519.49 3698.77 3864.3 4145.14 4227.19 4212.21 3929.82 3719.29
3683.72 3684.1 3687.1 3680.71 3698.14 3705.07 3708.82 3709.95 3718.36 3723.4 3727.45 3722.77 3694.75 3633.66 3618.83 3663.15 3687.87 3698.86 3705.78 3681.89 3654.54 3638.38 3635.15 3642.74 3670.93 3726.95 3781.35 3890.08 4002.98 4145.95 3911.37 3613.56 3356.62 3181.44 3023.39 2868.11 2772.32 2680.26 2596.2 2493.17 2432.81 2408.4 2404.43 2410.67 2401.61 2414.21 2427.45 2403.59 2383.38 2476.21 2574.75 2644.28 2684.85 2714.4 2770.99 2831.31 2959.56 3173 3414.54 3640.35 3831.66 3961.46 4018.57 4058.95 4009.45 3819.85 3682.39
3699.31 3695.65 3686.68 3691.69 3700.79 3710.35 3718.34 3723.18 3729.21 3730.16 3729.22 3764.87 3760.95 3653.99 3643.95 3698.74 3727.77 3738.73 3704.46 3704.42 3664.06 3649.59 3629.94 3629.45 3656.68 3705.77 3763.63 3825.25 3922.01 4102.96 4060.58 3887.98 3647.55 3425.54 3258.13 3082.86 2966.23 2861.47 2752 2660.92 2613.02 2573.04 2518.79 2524.18 2519.9 2535.53 2534.01 2482.06 2489.69 2617.43 2741 2843.86 2924.57 2997.99 3022.45 3109.72 3236.39 3365.76 3560.17 3775.52 3959.02 3985.67 3954.85 3838.96 3802 3721.95 3652.87
3679 3680.37 3675 3673.14 3707.41 3723.9 3727.79 3732.88 3742.46 3746.85 3738.99 3771.04 3739.95 3660.32 3679.66 3736.56 3777.28 3759.79 3702.15 3687.32 3688.14 3666.47 3637.23 3642.44 3665.69 3690.66 3714.47 3762.29 3834.2 3963.84 4231.17 4329.88 4005.6 3773.05 3545.88 3320.91 3212.22 3081.89 2946.05 2831.91 2854.45 2785.04 2752.32 2739.05 2701.32 2670.57 2674.73 2687.54 2697.05 2826.29 2958.76 3075.36 3147.97 3184.91 3205.48 3260.32 3355.36 3540.77 3711.75 3876.93 4028.11 3944.13 3851.26 3762.55 3706.45 3697.89 3678.91
3636.25 3659.29 3668.86 3698.92 3731.19 3743.2 3746.59 3751.47 3751.73 3761.21 3788.23 3767.42 3726.42 3684.27 3739.56 3866.31 3819.07 3758.02 3705.15 3683.72 3655.75 3660.51 3640.91 3667.66 3678.99 3674.98 3681.01 3729.37 3772.44 3879.44 4131.84 4192.19 4267.77 4099.48 3789.22 3630.15 3497.45 3350.41 3220.06 3193.3 3164.75 3155.29 3081.39 3018.08 2945.25 2870.93 2878.08 2910.1 2951.15 3086.33 3225.68 3330.01 3384.85 3376.55 3389.47 3481.51 3595.63 3735.32 3845.18 3935.21 3953.91 3854.49 3774.82 3720.48 3699.78 3697.95 3696.57
