real_craters/C184-1000m.grd
DSAA
91 91
-45.09 45.09
-45.09 45.09
7970.5226142598 10577.133564977
[rows 0 to 29 of 91, columns 0 to 66 of 91]
9410 9391.25 9384.79 9367.29 9363.48 9371.12 9364.67 9353.91 9349.09 9352.92 9344.72 9350.61 9352.01 9351.88 9350.87 9348.78 9348.69 9335.73 9334.84 9329.63 9324.83 9322.82 9318.09 9318.01 9350.53 9364.33 9353.25 9339.27 9323.57 9306.44 9312.35 9321.98 9331.73 9338.17 9333.17 9336.67 9346.82 9370.09 9372.42 9379.04 9387.97 9392.6 9378.29 9386.78 9378.31 9377.18 9387.98 9397.05 9429.67 9442.19 9439.58 9428.85 9415.21 9404.08 9395.06 9394.59 9388.56 9383.71 9378.43 9379 9374.93 9369.58 9338.47 9344.03 9341.12 9363.68 9366.99
9376.32 9372.43 9372.81 9364.91 9359.35 9363.8 9363.76 9365.89 9360.9 9355.45 9349.36 9350.7 9353.06 9353.53 9351.2 9343.92 9348.06 9363.51 9341.69 9334.59 9328.58 9319.97 9318.81 9323.59 9341.59 9354.29 9353.44 9346.28 9335.13 9324.79 9329.88 9332.69 9336.17 9341.74 9341.29 9344.67 9363.46 9362.88 9382.29 9386.09 9403.2 9404 9406.95 9383.15 9372.94 9368.25 9395.23 9417.73 9436.93 9450.62 9451.9 9437.68 9419.22 9425.03 9415.81 9401.61 9399.99 9388.4 9376.6 9377.4 9385.39 9367.21 9364.62 9363.05 9357.28 9378.99 9375.43
9376.75 9370.08 9375.09 9378.21 9382.45 9382.44 9362.11 9371.14 9364.01 9356.04 9349.26 9354.59 9356.76 9358.68 9357.67 9353.31 9349.44 9350.5 9344.75 9339.06 9335.6 9331.02 9323.03 9327.79 9338.76 9350.16 9352.16 9349.12 9346.99 9347.67 9342.93 9341.21 9341.94 9343.11 9354.66 9367.58 9376.9 9371.86 9370.87 9376.73 9381.25 9390.06 9394.84 9387.09 9377.76 9382.42 9401.5 9424.45 9436.43 9453.79 9459 9448.07 9440.84 9432.12 9422.88 9410.03 9412.68 9390.98 9378.35 9383.55 9377.88 9379.37 9379.71 9365.27 9367.4 9365.1 9377.97
9348.37 9361.64 9378.6 9391.75 9415.14 9405.95 9375.05 9371.77 9367 9356.46 9354.02 9358.8 9364.22 9367.13 9369.41 9371.87 9362.19 9348.8 9343.68 9344.98 9346.48 9339.34 9333.09 9336.16 9365.58 9354.95 9350.16 9347.37 9344.14 9346.36 9347.46 9347.49 9350.44 9356.86 9362.81 9378.46 9399.26 9396.18 9384.14 9380.28 9374.35 9386.62 9390.54 9382.47 9384.23 9390.88 9413.81 9435.59 9450.67 9456.37 9451.56 9444.44 9445.69 9440.89 9436.61 9421.6 9410.87 9398.09 9387.83 9379.23 9373.84 9376.76 9379.42 9385.39 9381.31 9377.04 9380.6
9410.86 9388.4 9378.16 9388.18 9393.94 9399 9382.38 9374.24 9363.3 9360.68 9365.88 9371.87 9374.66 9377.44 9379.96 9381.06 9376.44 9362.66 9347.97 9354.1 9358.88 9364.18 9350.83 9341.09 9339.35 9346.47 9345.42 9342.28 9336.75 9338.62 9347.41 9351.94 9353.86 9359.64 9368.24 9380.57 9398.34 9390.3 9398.65 9393.2 9378.88 9385.69 9380.08 9382.62 9384.08 9388.8 9419.18 9440.15 9458.83 9459.52 9454.78 9440.32 9442.52 9437.72 9436.21 9431.72 9426.88 9414.28 9357.73 9407.74 9381.47 9372.59 9387.15 9390.86 9382.45 9373.46 9380.63
9390.28 9395.39 9392.37 9389.92 9392.96 9399.21 9398.44 9385.46 9369.91 9373.89 9387.78 9386.84 9384.03 9383.43 9385.23 9388.8 9382.08 9373.83 9375.38 9364.03 9359.89 9353.34 9348.96 9346.38 9343.8 9341.55 9340.75 9338.61 9333.39 9338.32 9352.39 9363.11 9368.16 9374.11 9382.83 9386.9 9390.94 9391.87 9400.18 9395.14 9383.55 9392.97 9383.57 9386.02 9384.35 9390.65 9423.67 9449.7 9465.34 9461.32 9444.46 9431.77 9434.16 9434.76 9444.06 9440.34 9429.63 9403.51 9392.25 9394.36 9379.21 9376.98 9387.4 9385.33 9372.86 9381.58 9384.55
9383.47 9381.76 9395.41 9398.84 9392.08 9392.64 9398.39 9391.36 9381.51 9377.03 9387.89 9389.63 9386.55 9383.95 9381.63 9375.94 9371.2 9372.2 9368.32 9365.77 9358.55 9353.09 9350.47 9343.15 9336.39 9338.47 9339.65 9339.48 9338.12 9347.51 9362.04 9378.47 9389.9 9387.08 9381.9 9385.96 9389.66 9401.1 9401.62 9397.8 9391.79 9391.68 9389.44 9380 9388.32 9400.46 9432.92 9454.21 9466.66 9465.35 9463.08 9444.65 9440.1 9459.39 9450.92 9441.04 9441.46 9413.96 9403.1 9384.42 9377.93 9382.81 9383.35 9387.09 9390.95 9384.35 9386.47
9395.32 9398.27 9422.51 9413.03 9391.51 9383.66 9394.22 9393.09 9383.53 9391.44 9388.05 9387.2 9387.61 9385.1 9380.22 9374.81 9373.01 9373.59 9374.19 9372.39 9369.12 9361.6 9357.9 9346.57 9339.67 9341.52 9342.95 9343.6 9342.37 9354.24 9371.96 9391.27 9409.72 9394.05 9373.1 9380.03 9388.31 9398.35 9410.73 9416.96 9407.41 9398.05 9398.75 9397.83 9401.3 9411.88 9437.76 9464.34 9475.99 9466.48 9472.65 9460.95 9433.15 9449.45 9455.79 9463.04 9463.19 9447.96 9430.57 9403.64 9398.54 9390.95 9390.29 9394.73 9384.42 9394.54 9393.62
9416.04 9420.62 9426.23 9410.34 9390.47 9382.74 9386.36 9394.25 9392.3 9400.32 9391.95 9390.55 9389.89 9386.38 9381.95 9380.3 9386 9380.36 9376.15 9375.31 9383.28 9369.06 9359.67 9353.5 9348.75 9349.73 9352.34 9353.49 9349.87 9366.21 9383.42 9396.03 9399.93 9397.68 9391.82 9389.26 9406.63 9407.51 9412.53 9420.02 9407.45 9403.54 9406.59 9408.94 9412.97 9426.03 9441.61 9479.35 9422.69 9463.17 9465.78 9452.32 9455.82 9461.82 9464.98 9474.23 9456.76 9439.54 9425.25 9408.29 9394.34 9392.41 9393.93 9399.51 9400.76 9400.99 9397.62
9417.23 9410.68 9408.16 9396.2 9384.82 9375.97 9380.24 9394.2 9406.26 9403.73 9398.14 9400.54 9396.8 9391.46 9387.01 9388.48 9391.07 9389.48 9381.14 9376.2 9376.75 9369.25 9355.23 9351.21 9353.56 9357.59 9363.25 9368.42 9378.57 9382.99 9394.69 9404.85 9406.25 9407.13 9403.69 9420.61 9433.45 9419.11 9413.41 9400.41 9399.34 9402.59 9412.76 9424.59 9416.28 9425.49 9451.06 9484.42 9489.77 9480.58 9468.55 9463.07 9479.44 9454.82 9489.83 9465.59 9447.62 9427.26 9419.68 9419.15 9416.55 9399.72 9392.23 9389.98 9398.96 9402.34 9395.03
9401.37 9395.44 9392.99 9389.55 9385.74 9379.19 9368.58 9387.86 9415.51 9415.05 9409.13 9412.28 9404.74 9400.07 9394.18 9402.02 9410.73 9404.32 9396.96 9389.79 9378.68 9374.01 9351.65 9352.51 9358.4 9365.63 9373.98 9380.64 9390.79 9396.84 9406.77 9422.04 9436.21 9432.88 9440.5 9450.04 9448.64 9439.34 9425.32 9421.93 9409 9412.17 9422.85 9431.35 9423.81 9437.55 9477.01 9494.62 9506.73 9500.53 9474.73 9471.95 9489.9 9481.43 9468.87 9444.44 9438.48 9432.34 9352.38 9406.09 9410.07 9403.65 9395.15 9387.5 9393.41 9401.74 9403.81
9396.55 9394.83 9395.47 9399.04 9390.07 9381.92 9371.56 9383.38 9438.96 9430.01 9409.22 9409.43 9410.89 9411.91 9416.34 9422.24 9423.11 9417.5 9414.29 9412.04 9393.81 9383.25 9363.15 9348.49 9362.34 9374.63 9384.52 9393.32 9401.7 9406.77 9414.84 9423.11 9432.86 9445.76 9471.48 9503.66 9526.85 9486.54 9454.86 9430.94 9419.49 9415.29 9419.94 9448.95 9430.55 9454.1 9489.08 9491.48 9526.72 9532.66 9511.04 9494.46 9488.54 9478.54 9468.37 9448.72 9440.07 9424.74 9400.76 9402.4 9404.51 9405.41 9404.33 9399.97 9394.44 9396 9386.75
9395.42 9396.37 9393.06 9393.35 9392.05 9384.77 9373.04 9409.47 9438.74 9421.01 9409.26 9412.2 9415.12 9418.73 9425.16 9429.15 9426.75 9422.46 9418.53 9411.35 9406.52 9398.04 9383.32 9370.22 9374.89 9388.63 9398.52 9405.85 9413.69 9421.4 9427.9 9429.41 9431.36 9442.65 9478.78 9542.72 9570.22 9559.71 9518.28 9461.19 9438.14 9432.18 9424.14 9393.28 9437.74 9482.84 9537.51 9510.18 9542.29 9564.91 9558.2 9508 9500.42 9494.81 9470.31 9453.01 9434.9 9419.08 9408.61 9409.84 9406.62 9407.93 9406.64 9402.32 9399.69 9397.4 9403.92
9377.76 9390.32 9395.82 9394.59 9392.79 9390.75 9377.39 9395.17 9424.72 9415.43 9415.97 9413.4 9417.86 9421.56 9428.77 9425.09 9424.45 9420.93 9415.77 9407.56 9405.83 9403.18 9387.57 9377.77 9393.59 9408.52 9420.34 9430.19 9437.84 9443.68 9450.48 9450.33 9443.01 9434.89 9464.99 9501.46 9534.48 9585.89 9559.24 9484.25 9453.54 9448.59 9434.35 9410.19 9465.9 9508.91 9533.25 9487.78 9529.37 9564.62 9558.25 9496.97 9501.25 9496.2 9482.16 9457.09 9432.64 9417.02 9405.94 9411.62 9412.67 9411.22 9410.29 9404.98 9401.8 9391.19 9391.6
9375.93 9395.09 9408.71 9396.93 9389.8 9386.46 9380.52 9389.76 9422.83 9425.4 9424.8 9424.46 9422.89 9423.25 9422.9 9430.98 9425.98 9418.59 9410.09 9396.21 9400.85 9410.27 9408.75 9408.86 9431.37 9451.55 9458.69 9464.67 9475.14 9483.33 9487.43 9485.46 9468.49 9452.82 9470.76 9477.81 9473.26 9512.43 9514.99 9494.05 9473.91 9464.77 9460.17 9452.2 9504.55 9532.93 9555.12 9501.82 9533.44 9572.3 9554.56 9515.27 9520.1 9555.26 9514.94 9474.56 9434.58 9412.56 9408.98 9421.41 9421.16 9412.45 9405.69 9400.55 9397.89 9399.81 9396.55
9394.59 9404.9 9401.24 9391.83 9388.38 9386.61 9385.72 9394.13 9416.99 9434.2 9427.3 9426.28 9423.89 9426.81 9428.28 9428.12 9425.46 9417.63 9408.73 9404.74 9399.49 9404.69 9412.17 9440.42 9464.62 9489.15 9498.13 9507.89 9509.5 9514.48 9515.09 9525.09 9500.51 9486.49 9512.79 9539.78 9503.56 9499.54 9540.41 9543.63 9523.04 9488.53 9443.61 9486.81 9547.85 9553.71 9578.7 9621.38 9582.33 9621.19 9563.28 9535.64 9502.87 9501.73 9478.9 9436.96 9427.31 9444.3 9425.56 9437.83 9429.34 9413.12 9396.54 9398.28 9412.74 9415.03 9399.3
9428.11 9415.89 9403.77 9401.17 9398.29 9390.72 9387.77 9397.73 9409.62 9413.76 9404.29 9403.89 9411.78 9426.2 9436.43 9436.96 9427.15 9419.27 9410.34 9402.67 9407.71 9417.69 9435.68 9455.32 9485.4 9513.15 9525.61 9532.23 9537.7 9538.11 9522.23 9514.21 9521.64 9537.79 9566.59 9572.55 9565.16 9546.65 9543.92 9597.01 9599.23 9540.65 9481.46 9515.78 9585.52 9619.08 9565.91 9594.53 9652.62 9625.67 9590.01 9504.46 9485.25 9479.57 9474.22 9450.54 9398.14 9437.64 9446.43 9461.81 9441.47 9417.7 9400.44 9405.38 9423.42 9413.72 9397.59
9414.24 9414.87 9408.41 9411.91 9410.32 9400.62 9398.33 9404.08 9405.13 9403.25 9390.28 9390.06 9400.5 9412.13 9425.92 9432.11 9428.74 9423.4 9416.42 9411.53 9427.62 9450.34 9468.08 9479.82 9500.65 9516.21 9535.8 9544.83 9549.16 9552 9525 9507.34 9535.38 9569.44 9621.07 9672.27 9623.95 9607.89 9616.29 9645.93 9652.94 9590.12 9520 9504.43 9583.05 9601.15 9726.23 9846.4 9795.39 9731.21 9630.19 9559.1 9541.43 9506.51 9496.21 9484.09 9471.2 9460.45 9486.38 9476.91 9453.08 9427.62 9405.82 9412.84 9421.32 9413.06 9406.19
9400.59 9414.3 9416.78 9418.56 9415.16 9406.69 9407.6 9358.18 9162.16 9332.1 9389.85 9383.28 9401.83 9413.25 9418.29 9428.75 9435.12 9433.91 9429.83 9432.59 9443.2 9465.41 9496.49 9515.11 9497.14 9468.55 9474.56 9612.17 9527.87 9564.44 9584.84 9574.43 9593.28 9621.96 9664.5 9662.59 9647.85 9626.39 9636.86 9649.76 9697.97 9582.63 9425.2 9324.46 9336.21 9321.84 9367.66 9567.97 9606.58 9754.31 9760.79 9671.17 9570.02 9546.4 9532.21 9500.34 9472.06 9478.69 9511.82 9488.5 9474.61 9454.5 9426.11 9427.28 9422.56 9411.66 9410.89
9419.66 9424.41 9429.66 9426.62 9415.61 9411.37 9404.56 9423.61 9260.12 9348.08 9393.5 9394.33 9428.65 9440.65 9441.42 9445.13 9450.25 9452.17 9449.64 9448.36 9460.65 9483.9 9509.4 9532.06 9494.22 9375.08 9251.16 9226.72 9416.27 9593.22 9720.41 9756.61 9732.52 9727.97 9742.27 9749.75 9717.81 9678.42 9627.18 9600.5 9623.02 9529.18 9347.4 9187.74 9122.59 9128.8 9174.71 9417.21 9571.98 9751.72 9921.02 9829.48 9677.66 9624.51 9584.83 9553.39 9517.04 9511.61 9540.73 9521.97 9517.25 9493.69 9474.01 9447.37 9433.08 9413.33 9415.28
9435.66 9435.31 9437.57 9431.19 9419.4 9416.69 9416.89 9413.79 9422.53 9408.57 9398.14 9409.03 9448.13 9459.7 9475.07 9480.24 9480.82 9477.35 9476.14 9474.65 9479.55 9499.48 9524.18 9575.58 9516.87 9322.83 9117.7 9106.19 9351.32 9618.34 9816.63 9855.34 9778.6 9777.64 9804.4 9878 9786.44 9726.17 9635.88 9558.9 9509.16 9424.64 9337.78 9241.3 9133.55 9086.38 9104.26 9227.35 9451.79 9505.83 9692.99 9655.51 9766.65 9672.56 9624.09 9609.84 9574.89 9595.46 9653.88 9660.52 9573.45 9519.09 9491.31 9466.94 9455.05 9439.24 9453.07
9442.24 9442.31 9443.69 9439.9 9426.24 9421.67 9417.39 9416.92 9414.2 9410.15 9409.46 9433.33 9475.56 9472.51 9509.32 9516.13 9504.68 9492.65 9484.91 9477.32 9471.35 9502.76 9559.08 9607.22 9564.64 9366.82 9120.82 9128.84 9392.87 9651.67 9870.16 9886.92 9827.66 9802.52 9810.03 9801.83 9761.22 9686.34 9615.14 9509.57 9403.4 9329.64 9329.39 9361.57 9291.59 9229.66 9155.48 9127.94 9146.06 9254.97 9349.84 9369.14 9495.2 9542.05 9600.24 9687.53 9680.91 9716.75 9745.22 9659.01 9598.07 9507.9 9467.71 9484.41 9494.99 9489.82 9470.23
9443.19 9446.2 9448.35 9448.61 9431.14 9431.31 9437.6 9435.64 9418.29 9421.39 9432.6 9469.3 9488.21 9438.51 9545.98 9539.71 9523.07 9503.71 9480.81 9474.92 9471.55 9493.06 9544.08 9627.81 9632.94 9523.45 9395.62 9393.67 9529.81 9700.08 9840.76 9834.43 9758.72 9789.98 9804.33 9757.94 9708.98 9643.98 9563.23 9457.94 9372.56 9304.94 9300.78 9276.45 9285.21 9242.75 9173.19 9084.21 9038.23 9042.04 8995.11 9015.45 9155.61 9339.14 9485 9686.96 9889.9 9844.3 9830.55 9778.95 9705.28 9582.54 9521.87 9530.33 9516.5 9516.23 9552.76
9453.95 9448.07 9446.36 9441.53 9440.16 9441.83 9444.91 9438.51 9432.1 9445.6 9474.94 9494.46 9500.07 9516.99 9518.44 9539.2 9542.04 9531.83 9506.45 9507.08 9508.51 9510.84 9544.95 9600.06 9623.68 9610.4 9670.21 9657.74 9695.83 9770.79 9792.4 9791.77 9757.56 9785.29 9783.97 9739.05 9688.67 9628.3 9548.93 9466.7 9423.63 9397.66 9334.33 9257.12 9233.95 9182.51 9157.25 9102.2 9028.18 8958.96 8898.39 8901.51 8929.11 9104.4 9298.55 9432.93 9559.07 9857.3 9882.88 9903.84 9861.74 9804.94 9696.73 9603.32 9541.31 9499.01 9516.12
9444.86 9446.78 9446.49 9446.65 9447.65 9450.99 9455.06 9458.35 9455.89 9459.48 9480.4 9498.88 9513.25 9510.22 9510.56 9532.25 9551.3 9565.73 9572.75 9558.64 9547.16 9530.35 9550.78 9573.61 9593.52 9608.02 9602.95 9716.24 9819.88 9905.35 9926.68 9883.62 9829.41 9823.07 9843.58 9754.64 9672.52 9631.85 9574.53 9523.57 9482.61 9463.19 9435.46 9388.17 9331.54 9282.89 9246.98 9210.54 9169.23 9050.13 8970.93 8947.65 8960.42 9054.25 9196.18 9269.66 9356.34 9674.51 9892.06 9854.72 9874.13 9858.97 9780.97 9671.05 9579.44 9495.53 9500.18
9450.84 9450.07 9450.81 9450.45 9459.56 9465.05 9460.96 9484.82 9479.16 9466.76 9470.92 9504.72 9522.12 9508.95 9514.46 9537.44 9568 9604.61 9625.83 9600.54 9577.34 9572.87 9583.94 9577.04 9568.28 9625.81 9731.22 9788.57 9906.66 10037.9 10079.5 9965.4 9866.33 9772.41 9755.98 9657.08 9575.85 9573.97 9555.97 9490.93 9472.22 9504.89 9488.96 9503.34 9433.87 9374.09 9328.02 9288.04 9260.24 9195.64 9119.93 9077.53 9081.43 9153.3 9239.22 9294.54 9370.35 9706.2 9919.54 9831.57 9834.28 9930.42 9818.19 9726.8 9642.88 9561.89 9520.11
9454.48 9454.22 9457.88 9460.19 9464.42 9463.51 9468.98 9476.36 9485.6 9478.22 9467.41 9480.7 9501.1 9494.56 9505.72 9537.86 9575.1 9616.62 9649.82 9641.56 9645.18 9703.97 9631.36 9603.47 9610.55 9664.46 9739.51 9845.41 9947.38 10056.5 10038.8 9880.33 9743.74 9598.46 9454.15 9424.95 9390.51 9368.5 9392.26 9366.01 9342.96 9353.03 9351.36 9362.64 9327.43 9325.89 9343.35 9304.65 9317.09 9303.39 9279.12 9254.07 9273.46 9320.32 9361.67 9431.95 9456.91 9707.1 9868.93 9846.71 9796 9758.4 9789.87 9753.13 9705.58 9655.33 9588.92
9463.36 9464.67 9466.25 9472.96 9470.58 9464.03 9468.74 9466.5 9470.29 9476.47 9475.54 9471.08 9486.37 9494.86 9503.83 9540.42 9577.5 9608.53 9636.38 9672.55 9669.21 9645.48 9631.99 9627.13 9630.42 9707.71 9809.3 9876.63 9914.59 9938.77 9837.72 9576.09 9474.99 9426.11 9343.51 9285.81 9212.89 9201.4 9200.69 9161.61 9092.96 9062.75 9023.25 9043.98 9051.39 9026.83 9151.23 9164.89 9235.47 9292.15 9338.73 9363.3 9390.06 9429.73 9425.18 9458.55 9480.29 9476.92 9619.45 9715.74 9842.14 9827.46 9808.73 9780.33 9747.92 9735.32 9752.67
9468.93 9468.13 9469.98 9474.83 9476.83 9475.5 9456.34 9472.5 9487.68 9496.12 9499.18 9503.13 9499.2 9519.02 9522.98 9550.91 9582.52 9617.14 9634.11 9648.86 9629.62 9595.68 9637.2 9672.96 9686.26 9820.13 9922.48 9899.47 9854.19 9748.2 9616.26 9445.33 9356.14 9349.93 9344.68 9191.4 9051.76 8994.43 9011.59 8898.2 8781.28 8683.89 8660.13 8743.27 8779.02 8783.42 8816.06 8894.56 8974.08 9108.08 9220.49 9296.88 9328.66 9372.9 9387.94 9397.08 9418.16 9496.94 9545.06 9587.32 9702.26 9853.65 9816.96 9786.73 9757.44 9751.54 9757.92
9465.17 9462.6 9467.82 9475.86 9481.7 9483.13 9484.87 9483.52 9499.11 9500.95 9505.11 9497 9517.66 9539.08 9545.61 9560.15 9578.69 9604.85 9608.14 9579.88 9588.54 9612.32 9688.33 9767.32 9876.7 10001.4 9983.21 9882.1 9802.13 9702.96 9536.91 9379.72 9283.14 9244.91 9177.95 9051 8922.88 8831.8 8830.61 8724.94 8595.07 8513.12 8466.25 8506.84 8525.81 8537.65 8567.92 8649.34 8697.8 8821.25 8970.75 9097.2 9174.28 9253.43 9301.47 9330.24 9357.45 9362.72 9463.72 9662.44 9704.63 9755.05 9756.91 9750.07 9755.71 9761.28 9780.62
