real_craters/C184-750m.grd
DSAA
211 211
-78.9075 78.9075
-78.9075 78.9075
4568.5085736066 6827.1328381791
[rows 76 to 113 of 211, columns 0 to 83 of 211]
5719 5725 5723 5723 5727 5713 5719 5725 5726 5722 5718 5715 5713 5708 5709 5702 5710 5717 5732 5764 5782 5749 5731 5713 5706 5703 5700 5694 5689 5686 5690 5697 5707 5716 5726 5735 5742 5747 5753 5757 5765 5782 5800 5813 5819 5821 5819 5816 5812 5812 5813 5812 5811 5811 5809 5806 5797 5780 5763 5746 5770 5777 5777 5776 5775 5776 5772 5762 5761 5770 5778 5787 5795 5802 5807 5810 5810 5809 5802 5812 5820 5844 5882 5938
5734 5734 5720 5721 5721 5718 5725 5733 5737 5730 5720 5718 5713 5708 5707 5737 5755 5763 5758 5765 5767 5739 5733 5718 5714 5713 5697 5688 5684 5681 5684 5692 5701 5711 5723 5735 5746 5753 5756 5759 5767 5785 5804 5819 5824 5825 5823 5820 5816 5816 5815 5812 5810 5809 5806 5807 5800 5782 5769 5768 5772 5778 5777 5777 5778 5777 5775 5770 5769 5776 5784 5793 5801 5811 5817 5821 5822 5818 5808 5818 5827 5852 5897 5960
5729 5724 5715 5713 5719 5724 5732 5744 5757 5768 5755 5730 5713 5728 5746 5776 5787 5768 5776 5759 5729 5748 5745 5755 5735 5714 5698 5687 5681 5678 5681 5686 5696 5707 5720 5735 5752 5760 5758 5762 5774 5791 5809 5825 5829 5828 5826 5824 5822 5819 5815 5811 5808 5805 5802 5800 5808 5786 5775 5778 5778 5778 5775 5775 5775 5776 5775 5776 5777 5782 5791 5802 5811 5820 5827 5833 5836 5835 5820 5832 5834 5861 5912 5965
5719 5712 5710 5710 5714 5726 5739 5753 5772 5789 5775 5743 5728 5735 5751 5757 5754 5745 5748 5736 5718 5717 5731 5750 5734 5709 5690 5682 5678 5676 5676 5682 5690 5701 5712 5726 5742 5750 5755 5767 5781 5797 5812 5827 5831 5828 5825 5822 5818 5814 5810 5808 5806 5804 5802 5800 5807 5804 5783 5776 5780 5773 5775 5776 5774 5773 5773 5772 5777 5787 5797 5807 5817 5828 5838 5847 5854 5854 5842 5848 5854 5883 5932 5977
5715 5713 5710 5710 5713 5725 5739 5755 5770 5784 5767 5741 5724 5717 5722 5727 5723 5731 5725 5721 5722 5715 5713 5710 5708 5698 5683 5679 5673 5665 5667 5677 5684 5695 5704 5714 5719 5727 5748 5770 5787 5801 5814 5824 5827 5825 5821 5816 5811 5809 5805 5805 5804 5804 5805 5818 5810 5808 5791 5782 5775 5774 5782 5785 5782 5777 5775 5771 5780 5791 5803 5814 5827 5837 5849 5859 5871 5882 5876 5891 5909 5930 5969 6010
5712 5710 5709 5712 5716 5723 5736 5749 5758 5757 5747 5723 5715 5714 5715 5714 5710 5716 5717 5717 5719 5706 5702 5695 5688 5691 5692 5681 5673 5664 5665 5674 5681 5691 5698 5706 5710 5721 5746 5771 5791 5802 5810 5818 5822 5819 5814 5809 5803 5799 5798 5799 5800 5803 5805 5805 5798 5796 5794 5792 5789 5792 5793 5796 5795 5790 5785 5781 5786 5796 5808 5820 5831 5838 5850 5863 5881 5896 5902 5917 5972 5991 6013 6036
5700 5700 5703 5700 5707 5721 5733 5742 5747 5748 5736 5724 5716 5721 5718 5715 5713 5713 5712 5711 5703 5695 5690 5686 5682 5687 5688 5682 5674 5666 5666 5673 5678 5687 5699 5706 5715 5728 5746 5770 5800 5800 5803 5813 5816 5814 5809 5803 5793 5789 5790 5793 5796 5798 5802 5796 5782 5782 5793 5788 5788 5785 5797 5811 5807 5801 5792 5786 5791 5802 5813 5826 5832 5843 5855 5867 5890 5917 5943 5981 6014 6027 6019 6032
5711 5711 5713 5705 5714 5726 5732 5738 5741 5738 5730 5723 5721 5725 5720 5718 5716 5712 5707 5701 5695 5690 5684 5684 5688 5687 5686 5681 5676 5671 5672 5674 5682 5691 5700 5709 5719 5732 5747 5765 5773 5775 5794 5804 5806 5804 5801 5795 5788 5782 5783 5787 5789 5791 5792 5797 5783 5774 5781 5793 5798 5790 5796 5805 5815 5812 5796 5789 5797 5806 5818 5828 5831 5843 5863 5878 5893 5927 5985 6048 6119 6049 6036 6032
5727 5739 5746 5760 5755 5735 5731 5731 5734 5735 5723 5714 5715 5716 5718 5716 5714 5711 5704 5698 5696 5693 5683 5685 5690 5685 5682 5679 5675 5671 5668 5673 5681 5691 5701 5711 5722 5731 5750 5766 5777 5790 5799 5802 5801 5798 5793 5788 5782 5776 5778 5781 5786 5788 5789 5791 5785 5776 5788 5798 5798 5800 5799 5805 5814 5810 5800 5797 5804 5818 5822 5834 5841 5860 5876 5888 5906 5942 5992 6050 5987 6020 6031 6018
5757 5773 5767 5757 5739 5732 5728 5724 5720 5719 5719 5716 5716 5715 5717 5713 5709 5708 5703 5695 5692 5696 5697 5690 5684 5684 5682 5678 5673 5668 5663 5671 5682 5692 5704 5716 5728 5740 5757 5776 5803 5820 5807 5801 5799 5791 5786 5781 5775 5775 5776 5779 5783 5785 5786 5795 5788 5779 5792 5795 5790 5797 5800 5802 5804 5804 5795 5799 5813 5829 5847 5844 5863 5881 5889 5906 5922 5961 5994 6000 6028 6055 6035 5993
5753 5765 5761 5752 5736 5730 5725 5722 5715 5715 5723 5725 5731 5731 5724 5717 5709 5711 5702 5697 5695 5697 5695 5689 5684 5683 5681 5678 5674 5670 5667 5672 5685 5697 5710 5721 5734 5745 5761 5781 5800 5808 5802 5795 5786 5781 5777 5774 5770 5771 5772 5776 5781 5788 5793 5795 5783 5788 5793 5789 5786 5788 5785 5785 5790 5798 5799 5807 5822 5839 5860 5873 5891 5899 5912 5926 5972 5995 6031 6065 6144 6117 6057 5970
5751 5747 5743 5735 5732 5728 5725 5724 5723 5723 5728 5736 5738 5738 5733 5727 5719 5708 5701 5695 5690 5688 5686 5686 5685 5686 5683 5680 5676 5672 5667 5675 5688 5702 5716 5730 5743 5754 5769 5785 5799 5805 5797 5787 5778 5772 5769 5766 5765 5765 5766 5770 5776 5784 5797 5786 5774 5771 5770 5775 5784 5775 5781 5780 5782 5797 5808 5817 5833 5854 5876 5883 5901 5907 5915 5924 5938 6016 6090 6155 6172 6178 6107 5970
5744 5741 5733 5726 5726 5725 5723 5724 5727 5726 5727 5730 5734 5737 5738 5737 5732 5718 5704 5696 5693 5695 5698 5686 5685 5686 5685 5684 5681 5678 5674 5680 5693 5709 5725 5740 5755 5771 5784 5791 5797 5801 5792 5778 5769 5764 5761 5761 5760 5762 5764 5765 5767 5770 5771 5766 5759 5759 5763 5763 5751 5746 5762 5776 5792 5794 5797 5818 5841 5866 5874 5895 5917 5932 5946 5951 5965 6061 6158 6245 6309 6328 6172 5970
5738 5734 5726 5718 5720 5720 5719 5720 5723 5721 5721 5725 5733 5737 5740 5744 5744 5729 5715 5709 5714 5710 5703 5696 5693 5691 5691 5691 5689 5685 5676 5681 5701 5718 5735 5750 5766 5784 5799 5794 5787 5781 5773 5766 5758 5754 5755 5756 5756 5758 5760 5757 5757 5757 5758 5752 5751 5762 5759 5760 5742 5735 5746 5758 5772 5784 5794 5819 5847 5878 5911 5915 5939 5968 5997 6031 6075 6144 6225 6309 6396 6444 6221 5955
5727 5725 5723 5717 5713 5713 5714 5714 5714 5714 5713 5718 5726 5731 5735 5738 5739 5728 5730 5744 5753 5731 5714 5705 5703 5701 5700 5701 5700 5698 5693 5699 5714 5728 5743 5758 5772 5787 5798 5788 5775 5759 5755 5754 5751 5751 5750 5750 5750 5749 5749 5749 5749 5744 5747 5752 5750 5743 5747 5747 5736 5725 5725 5735 5752 5773 5795 5820 5852 5888 5901 5935 5968 6007 6056 6126 6185 6224 6292 6381 6475 6440 6233 5928
5718 5712 5713 5711 5711 5711 5712 5709 5708 5710 5714 5716 5717 5725 5729 5727 5734 5743 5750 5763 5757 5739 5739 5735 5712 5706 5716 5718 5719 5717 5715 5721 5725 5738 5749 5762 5773 5780 5781 5776 5766 5753 5747 5745 5746 5745 5746 5747 5747 5743 5736 5742 5746 5754 5762 5759 5750 5741 5740 5734 5728 5732 5724 5735 5749 5764 5788 5819 5856 5897 5940 5952 5991 6033 6082 6153 6222 6268 6331 6414 6487 6456 6222 5870
5708 5699 5694 5701 5709 5716 5709 5703 5702 5706 5713 5715 5722 5724 5731 5739 5748 5763 5761 5764 5751 5742 5744 5750 5743 5737 5738 5737 5733 5732 5732 5731 5734 5744 5753 5762 5770 5774 5773 5769 5762 5753 5740 5741 5743 5744 5746 5745 5745 5744 5742 5742 5743 5748 5748 5744 5738 5736 5734 5724 5725 5726 5732 5736 5744 5750 5775 5812 5854 5898 5922 5964 6003 6049 6095 6131 6210 6294 6358 6438 6519 6519 6183 5773
5702 5689 5684 5697 5703 5707 5699 5699 5700 5701 5703 5704 5708 5719 5729 5743 5753 5757 5749 5757 5756 5766 5770 5778 5787 5777 5769 5762 5756 5749 5742 5735 5740 5750 5758 5765 5770 5770 5767 5765 5764 5761 5752 5745 5745 5747 5744 5744 5745 5747 5751 5746 5735 5725 5730 5742 5741 5749 5746 5745 5732 5728 5742 5738 5737 5741 5767 5807 5852 5899 5919 5966 6013 6069 6125 6172 6250 6332 6405 6475 6532 6398 6005 5621
5702 5693 5706 5705 5699 5684 5685 5691 5696 5698 5700 5698 5702 5716 5730 5759 5754 5763 5768 5782 5830 5865 5889 5901 5848 5820 5805 5794 5782 5770 5759 5749 5749 5759 5765 5771 5773 5774 5771 5769 5768 5767 5762 5751 5744 5738 5738 5740 5744 5749 5755 5748 5731 5719 5734 5748 5744 5744 5740 5738 5738 5746 5747 5742 5741 5741 5766 5807 5852 5899 5920 5966 6011 6074 6161 6271 6307 6372 6422 6450 6426 6171 5753 5438
5706 5722 5730 5716 5711 5706 5703 5692 5694 5696 5696 5697 5704 5715 5730 5748 5760 5770 5776 5825 5922 5971 5980 5977 5908 5865 5845 5831 5819 5800 5783 5768 5762 5774 5779 5782 5782 5781 5778 5775 5774 5772 5768 5756 5745 5736 5733 5736 5741 5744 5747 5740 5727 5730 5741 5743 5752 5755 5747 5732 5743 5751 5758 5753 5750 5749 5771 5808 5850 5896 5913 5958 6010 6065 6132 6212 6291 6368 6423 6371 6246 5950 5535 5276
5711 5742 5723 5721 5734 5740 5736 5736 5720 5705 5695 5695 5701 5711 5725 5742 5758 5777 5802 5876 5959 6012 6041 6019 5949 5914 5889 5866 5851 5830 5808 5791 5781 5792 5797 5797 5794 5789 5784 5779 5777 5773 5769 5758 5748 5736 5733 5736 5737 5737 5732 5724 5723 5731 5747 5753 5747 5747 5741 5737 5746 5757 5764 5755 5756 5758 5776 5808 5848 5876 5917 5959 5999 6040 6078 6136 6237 6322 6335 6248 6072 5778 5361 5145
5713 5729 5698 5731 5773 5802 5807 5780 5759 5727 5706 5702 5702 5708 5718 5736 5757 5785 5833 5928 6002 6077 6099 6034 5981 5960 5931 5902 5878 5862 5841 5821 5808 5822 5823 5817 5810 5801 5791 5786 5779 5775 5773 5764 5751 5744 5741 5742 5738 5734 5727 5721 5722 5726 5740 5749 5750 5747 5741 5746 5744 5751 5756 5764 5756 5753 5779 5811 5850 5891 5923 5957 5995 6021 6039 6098 6217 6288 6262 6132 5912 5608 5189 5043
5717 5722 5728 5760 5821 5897 5948 5882 5810 5763 5728 5709 5706 5711 5716 5731 5761 5792 5845 5933 6004 6103 6109 6054 6051 6003 5964 5934 5912 5894 5882 5872 5863 5865 5855 5841 5825 5810 5795 5781 5778 5772 5764 5751 5751 5755 5760 5750 5742 5734 5727 5721 5720 5716 5735 5749 5754 5748 5731 5734 5729 5733 5730 5740 5747 5752 5780 5814 5853 5888 5928 5949 5985 6016 6049 6125 6248 6315 6241 6056 5769 5431 5067 4979
5717 5727 5740 5778 5848 5922 5954 5903 5842 5802 5753 5716 5714 5722 5742 5755 5771 5798 5848 5922 5977 6038 6062 6055 6055 6010 5975 5953 5935 5923 5920 5928 5932 5910 5884 5860 5839 5820 5802 5787 5775 5768 5753 5740 5745 5754 5759 5754 5744 5735 5726 5717 5708 5707 5731 5747 5754 5743 5724 5719 5718 5724 5715 5728 5740 5751 5782 5820 5860 5872 5907 5938 5974 6024 6090 6192 6324 6434 6351 6039 5670 5289 5133 4965
5716 5725 5743 5783 5858 5926 5963 5901 5857 5783 5759 5743 5726 5726 5743 5761 5783 5811 5855 5927 5976 6004 6037 6085 6021 5986 5965 5951 5943 5938 5943 5953 5956 5930 5900 5871 5846 5825 5807 5793 5777 5765 5749 5738 5740 5751 5761 5754 5744 5734 5726 5717 5712 5713 5724 5747 5757 5751 5743 5728 5719 5720 5723 5727 5734 5754 5787 5825 5865 5868 5903 5937 5970 6018 6083 6185 6374 6501 6388 6031 5624 5231 5049 4930
5732 5737 5755 5794 5864 5931 5981 5965 5932 5843 5803 5765 5739 5729 5735 5758 5790 5841 5905 5957 6000 6034 6060 6073 5998 5957 5945 5940 5938 5939 5943 5948 5943 5928 5898 5870 5844 5823 5806 5792 5774 5761 5746 5735 5733 5741 5750 5746 5738 5731 5726 5719 5716 5726 5739 5759 5779 5785 5779 5749 5730 5736 5730 5729 5728 5755 5793 5832 5874 5882 5898 5933 5966 6008 6063 6221 6397 6476 6342 6015 5622 5240 5018 4905
5786 5785 5789 5818 5877 5934 5977 6009 6062 6071 5894 5788 5766 5749 5744 5765 5801 5844 5909 5977 6026 6077 6114 6119 5997 5948 5937 5933 5928 5930 5931 5935 5940 5912 5884 5858 5836 5816 5799 5780 5763 5753 5739 5730 5721 5723 5729 5729 5729 5728 5726 5723 5723 5731 5743 5758 5786 5803 5793 5775 5761 5753 5745 5753 5752 5770 5803 5842 5883 5881 5906 5943 5979 6027 6100 6254 6427 6530 6352 6017 5641 5286 5070 4930
5933 5851 5847 5867 5904 5936 5942 5989 6100 6165 5965 5855 5832 5793 5770 5786 5817 5859 5931 6035 6093 6171 6175 6137 6019 5957 5936 5922 5913 5909 5906 5900 5888 5866 5857 5840 5821 5804 5789 5777 5767 5744 5725 5708 5699 5703 5704 5710 5720 5725 5729 5733 5734 5726 5724 5734 5783 5839 5824 5809 5785 5754 5747 5762 5780 5782 5809 5847 5888 5884 5911 5946 5989 6052 6147 6256 6449 6528 6343 6017 5660 5326 5109 4952
6129 5984 5945 5949 5959 5970 5962 5966 6005 6054 6087 6019 5938 5867 5821 5825 5842 5877 5931 6009 6207 6279 6250 6192 6078 5990 5946 5922 5900 5886 5873 5860 5843 5826 5826 5817 5804 5790 5775 5759 5741 5729 5714 5696 5690 5696 5702 5710 5717 5723 5729 5735 5734 5723 5724 5736 5775 5822 5861 5859 5793 5758 5742 5745 5763 5780 5813 5854 5862 5897 5924 5955 5997 6046 6136 6263 6456 6516 6318 6011 5666 5332 5068 4950
6121 6095 6011 5998 6019 6025 6005 5964 5952 6030 6185 6140 6039 5972 5914 5884 5876 5903 5961 6068 6257 6327 6307 6279 6179 6031 5969 5926 5897 5872 5854 5835 5821 5804 5802 5796 5788 5776 5761 5741 5720 5717 5712 5706 5700 5702 5709 5715 5719 5722 5723 5726 5722 5708 5729 5752 5799 5825 5844 5827 5790 5752 5746 5769 5751 5783 5826 5873 5910 5913 5951 5984 6019 6051 6123 6265 6462 6509 6296 6000 5674 5345 5076 4973
5893 5968 6028 6078 6078 6096 6081 6008 5956 6007 6132 6125 6078 6047 6003 5936 5905 5919 6002 6125 6259 6351 6387 6268 6215 6070 5975 5917 5878 5852 5832 5815 5805 5789 5787 5782 5773 5764 5751 5737 5722 5719 5717 5716 5713 5711 5718 5722 5721 5718 5712 5705 5688 5687 5760 5855 5873 5857 5819 5785 5768 5736 5740 5757 5774 5798 5835 5858 5889 5929 5970 6012 6054 6106 6183 6285 6431 6427 6261 6002 5703 5395 5129 4988
5848 5911 5992 6047 6099 6143 6141 6059 5993 5989 5995 6060 6057 6031 6001 5961 5933 5944 6037 6153 6286 6374 6288 6134 6055 6006 5941 5888 5853 5832 5815 5802 5796 5791 5787 5776 5768 5760 5750 5742 5734 5727 5724 5721 5716 5721 5731 5736 5725 5714 5701 5687 5674 5685 5783 5896 5885 5844 5790 5745 5734 5731 5737 5741 5763 5801 5837 5866 5911 5956 5996 6040 6090 6171 6242 6319 6420 6388 6242 6009 5750 5482 5250 5096
5834 5892 5955 6011 6089 6142 6132 6051 5984 6028 6079 6058 6035 6000 5998 5997 5984 5998 6074 6179 6318 6312 6112 6010 5969 5931 5879 5845 5824 5810 5800 5794 5792 5795 5789 5773 5766 5760 5753 5748 5743 5738 5731 5724 5731 5753 5742 5732 5725 5713 5699 5684 5677 5679 5739 5792 5806 5791 5755 5716 5714 5729 5729 5728 5739 5771 5824 5864 5916 5970 6012 6066 6123 6179 6263 6353 6475 6422 6241 6027 5800 5584 5379 5176
5824 5885 5947 6010 6082 6130 6116 6039 5980 6023 6063 6044 6019 6028 6013 6027 6061 6080 6096 6153 6240 6234 6034 5944 5884 5825 5802 5800 5801 5798 5794 5789 5786 5784 5784 5773 5767 5762 5757 5754 5758 5750 5736 5726 5724 5738 5736 5730 5725 5715 5703 5683 5686 5700 5715 5730 5738 5740 5725 5707 5705 5715 5726 5733 5759 5754 5812 5854 5910 5966 6037 6097 6156 6187 6264 6350 6481 6406 6225 6037 5848 5680 5520 5349
5825 5882 5945 6013 6079 6136 6143 6098 6064 6038 6007 6008 5996 5966 6004 6039 6077 6089 6077 6066 6044 6045 5993 5915 5827 5756 5745 5767 5781 5789 5794 5794 5791 5780 5782 5785 5782 5776 5768 5760 5753 5744 5737 5732 5729 5721 5727 5733 5727 5717 5715 5723 5709 5706 5711 5715 5715 5713 5708 5702 5703 5708 5740 5749 5771 5773 5810 5861 5914 5973 6056 6134 6211 6270 6275 6289 6322 6282 6174 6040 5892 5747 5615 5447
5824 5871 5932 6002 6055 6111 6162 6219 6257 6096 6019 5993 5995 6039 6016 6036 6061 6064 6050 6010 5967 5954 5945 5868 5778 5730 5729 5746 5760 5771 5779 5785 5789 5788 5787 5788 5783 5775 5766 5758 5747 5738 5738 5737 5736 5727 5723 5719 5715 5714 5712 5716 5712 5703 5701 5700 5697 5699 5699 5705 5717 5713 5741 5757 5768 5782 5825 5873 5930 5990 6064 6149 6238 6302 6259 6210 6171 6169 6118 6039 5929 5803 5637 5400
5811 5848 5900 5958 6006 6053 6135 6219 6188 6079 6010 5974 5948 5949 6000 6029 6007 6043 6042 5984 5920 5863 5823 5783 5753 5734 5736 5736 5740 5747 5755 5764 5777 5785 5787 5781 5770 5759 5753 5749 5747 5743 5742 5738 5730 5725 5718 5716 5715 5709 5705 5701 5694 5687 5693 5687 5683 5690 5695 5705 5725 5719 5741 5764 5783 5841 5834 5865 5912 5969 6042 6111 6190 6236 6202 6140 6132 6108 6091 6047 5976 5867 5693 5426
5791 5821 5862 5908 5952 6001 6069 6124 6089 6056 6004 5964 5935 5943 6003 6062 6089 6059 6029 5987 5835 5800 5800 5773 5752 5738 5737 5734 5733 5735 5742 5755 5771 5788 5795 5783 5763 5751 5745 5746 5750 5755 5746 5737 5729 5719 5712 5711 5705 5704 5702 5697 5686 5685 5680 5679 5680 5687 5696 5707 5718 5725 5761 5772 5816 5809 5817 5840 5889 5913 5957 6009 6088 6156 6152 6130 6053 6120 6120 6082 6017 5928 5793 5417
