real_craters/C184-500m.grd
DSAA
317 317
-78.9075 78.9075
-78.9075 78.9075
4569.3888124089 6823.960192207
[rows 120 to 149 of 317, columns 201 to 267 of 317]
5699.14 5603.32 5523.47 5484.15 5477.04 5475.91 5467.97 5455.87 5446.57 5434.87 5429.03 5425.56 5424.56 5427.15 5431.7 5436.42 5438.63 5436.56 5436.59 5446.04 5450.95 5438.72 5428.51 5429.47 5432.15 5435.04 5438.62 5442.35 5439.94 5439.18 5438.85 5435.02 5426.9 5422.41 5427.09 5427.33 5424.16 5417.7 5410.3 5401.84 5396.54 5392.97 5390.85 5389.71 5382.29 5373.77 5366.27 5359.63 5353.85 5348.54 5343.94 5340.63 5341.37 5344.18 5347.75 5352.16 5355.14 5355.02 5367.74 5382.63 5399.93 5421.6 5440.58 5467.88 5492.04 5507.63 5517
5694.12 5597.17 5518.58 5485.88 5484.11 5493.58 5483.49 5469.72 5452.78 5438.23 5432.1 5433.79 5436.46 5438.61 5441.25 5442.91 5446.48 5448.17 5450.25 5454.38 5450.89 5443.59 5434.64 5433.07 5432.92 5433.12 5433.33 5432.97 5432.98 5434.58 5436.27 5436.79 5429.07 5429.8 5433.74 5435.23 5426.97 5418.28 5408.85 5400.92 5395.94 5390.76 5386.04 5380.47 5374.6 5367.82 5360.69 5353.83 5347.38 5341.25 5335.63 5329.97 5327.89 5334.29 5338.26 5342.57 5345.96 5343.32 5358.37 5375.84 5395.26 5420.95 5439.33 5457.95 5476.64 5493.91 5506.31
5677.45 5587.95 5524.81 5488.26 5483.36 5490.88 5501.06 5497.66 5474.85 5451.16 5436.13 5443.29 5452.38 5459.76 5451.96 5447.06 5452.74 5457.54 5464.47 5460.16 5458.05 5448.28 5444.76 5438.5 5434.45 5431.08 5427.14 5422.66 5425.24 5429.28 5432.35 5431.89 5428.1 5430 5433.54 5433.25 5426.85 5418.32 5408.8 5399.5 5394.46 5388.15 5381.16 5372.6 5367.64 5361.35 5355.59 5349.25 5342.82 5336.29 5329.64 5323.44 5324.28 5327.49 5327.97 5328.6 5331.44 5339.93 5353.63 5373.04 5392.55 5412.18 5429.75 5446.07 5464.91 5482.95 5498.49
5647.78 5562.98 5496.95 5465.45 5477.31 5505.56 5529.98 5534.35 5520.16 5469.08 5451.93 5458.16 5463.99 5463.85 5459.46 5458.88 5453.49 5451.16 5453.17 5449.04 5447.04 5446.98 5443.51 5440.16 5435.57 5430.01 5424.41 5419.92 5421.23 5424.83 5429.01 5430.74 5429.34 5430.35 5432.44 5430.29 5424.74 5417.33 5410.67 5405.93 5395.97 5385.7 5377.39 5371.07 5362.11 5356.08 5350.21 5344.33 5338.52 5332.4 5325.9 5317.93 5317.31 5319.47 5319.03 5317.71 5321.46 5332.53 5347.76 5366.84 5383.21 5395.12 5409.72 5429.62 5449.54 5472.49 5494.26
5615.72 5534.11 5461.09 5432.15 5476.08 5547.53 5567.93 5554.08 5532.49 5469.63 5473.58 5481.03 5472.88 5457.78 5457.28 5455.96 5453.45 5450.47 5451.5 5445.7 5444 5445.47 5446.35 5443.8 5436.83 5429.66 5423.69 5419.89 5418.52 5420.99 5425.36 5428.83 5430.24 5435.58 5437.24 5430.42 5422.07 5414.74 5408.15 5401.52 5392.15 5381.97 5370.65 5361.32 5355.51 5349.95 5344.23 5338.67 5333.44 5328.72 5324.4 5321.32 5315.56 5313.15 5312.11 5314.08 5317.35 5325.8 5338.21 5353.48 5370.03 5381.85 5394.95 5415.74 5437.29 5462.89 5491.76
5594.33 5521.41 5456.01 5440.87 5492.48 5560.08 5561.98 5519.6 5493.68 5479.79 5520.39 5509.97 5488.35 5468.35 5460 5459.81 5458.51 5465.33 5447.35 5444 5443.37 5443.97 5446.32 5444.72 5435.67 5429.24 5423.24 5417.28 5415.25 5416.64 5418.72 5421.96 5424.15 5434.16 5433.53 5424.9 5416.53 5409.12 5401.71 5394.95 5391.48 5377.73 5364.06 5354.51 5349.73 5344.78 5339.13 5333.9 5329.09 5325.17 5322.36 5318.78 5311.7 5305.62 5304.03 5304.37 5307.01 5312.66 5324.04 5341.31 5358.77 5374.25 5388.21 5406.65 5427.79 5455.75 5488.57
5597.88 5534.09 5477.74 5472.27 5503.63 5501.57 5476.88 5439.24 5415.34 5447.68 5515.49 5522.8 5493.41 5467.49 5455.61 5454.28 5451.65 5445.58 5443.85 5443.3 5441.09 5440.37 5437.93 5432.65 5433.31 5429.27 5424.09 5419.28 5415.61 5413.12 5412.29 5417.63 5425.73 5427.55 5423.02 5416.32 5409.65 5401.87 5393.68 5385.02 5379.47 5370.9 5360.28 5351.68 5346.05 5340.21 5334.45 5328.83 5323.69 5320.45 5317.27 5315.06 5295.84 5295.02 5294.99 5294.1 5295.79 5298.81 5310.45 5329.67 5349.17 5363.8 5381.39 5401.78 5424.94 5453.28 5488.22
5628.11 5574.23 5522.15 5493.55 5492.56 5461.69 5412.59 5388.97 5368.75 5385.78 5486.39 5503.53 5475.02 5450.25 5439.95 5442.96 5441.06 5436.63 5439.79 5435.86 5435.84 5437.5 5438.17 5439.21 5435.35 5430.32 5424.71 5420.6 5417.37 5409.78 5406.45 5413.39 5420.21 5417.64 5412.37 5407.39 5401.77 5394.8 5386.88 5377.67 5369.43 5365.67 5362.68 5353.3 5344.39 5337.33 5330.97 5324.68 5318.59 5312.88 5306.67 5301.21 5289.88 5288.05 5288.72 5289.71 5287.26 5286.5 5298.64 5332.07 5349.58 5361.87 5378.13 5398.88 5422.82 5451.38 5485.28
5681.11 5637.26 5596.42 5568.37 5549.52 5505.29 5439.17 5404.43 5370.6 5355.3 5408.49 5443.22 5437.36 5425.37 5424.07 5433.91 5436.11 5433.32 5434.43 5432.4 5433 5437.01 5440.46 5442.19 5438.32 5432.03 5424.83 5417.09 5407.52 5404.5 5405.9 5410.19 5413.73 5407.74 5401.5 5400.13 5395.18 5388.5 5381.22 5373.91 5368.48 5362.93 5357.44 5349.55 5341.53 5334.52 5328.14 5321.71 5314.82 5306.69 5296.01 5288.01 5289.34 5281.74 5280.47 5284.78 5281.92 5283.44 5294.28 5338.51 5346.05 5357.04 5375.39 5396.97 5420.84 5447.69 5479.33
5748.01 5715.58 5684.95 5658.48 5699.07 5595.96 5493.46 5434.6 5390.14 5339.49 5357.22 5382.76 5390.42 5409.05 5426.17 5438.47 5437.71 5441.6 5438.67 5431.07 5433.23 5438.03 5442.52 5444.25 5441.65 5434.33 5425.64 5415.63 5406.14 5401.16 5400.25 5404.83 5406.71 5401.06 5400.02 5397.33 5391.01 5383.9 5376.7 5369.95 5364.04 5356.69 5347.08 5342.51 5337.67 5332.14 5326.38 5319.93 5312.92 5304.72 5295.32 5288.51 5283.45 5272.08 5261.76 5263.25 5276.51 5293.44 5322.6 5336.16 5338.48 5354.94 5375.01 5396.91 5419.84 5446.15 5479.44
5819.74 5801.74 5793.25 5788.48 5793.67 5690.8 5544.29 5442.23 5401.5 5334.32 5282.67 5279.72 5341.51 5403.89 5459.38 5468.54 5470.5 5457.66 5447.22 5435.99 5436.1 5440.75 5445.42 5448.93 5445.28 5437.49 5427.73 5417.4 5406.9 5402.39 5398.61 5399.48 5400.42 5398.62 5399.96 5393.68 5386.93 5379.77 5372.84 5365.94 5358.52 5350.45 5341.8 5337.72 5334.34 5330.14 5324.97 5318.86 5311.6 5305.07 5302.11 5297.12 5281.64 5266.6 5250.48 5250.35 5276.31 5301.61 5326.77 5336.3 5341.22 5357.84 5377.13 5399.26 5422.19 5448.27 5479.01
5881.49 5878.24 5895.11 5933.81 5906.9 5798.28 5645.53 5523.23 5455.03 5350.09 5262.01 5249.26 5306.1 5381.25 5458.84 5463.23 5467.89 5451.26 5436.01 5434.5 5439.7 5444.56 5448.67 5450.31 5447.3 5440.55 5430.86 5420.65 5414.99 5407.48 5404.15 5399.46 5398.35 5398.8 5393.84 5387.25 5381.42 5374.79 5368.3 5362.54 5358.76 5351.34 5340.31 5335.63 5332.51 5328.42 5323.56 5317.12 5310.64 5303.22 5295.22 5291.54 5277.64 5269.33 5265.5 5269.65 5285.47 5306.31 5326.97 5336.75 5343.64 5358.79 5381.49 5404.45 5427.49 5449.61 5477.45
5922.35 5932.65 5950.82 5969.41 5987.37 5899.75 5733.09 5603.11 5495.24 5358.15 5262.77 5249.86 5281.81 5328.42 5370.57 5395.02 5412.61 5425.8 5434.84 5439.19 5444.16 5449.79 5454.47 5456.18 5453.57 5443.98 5433.02 5421.53 5410.22 5405.59 5405.81 5406.1 5398.82 5391.71 5386.04 5381.01 5376.2 5370.4 5363.63 5356.88 5350.51 5344.22 5337.78 5334.04 5330.94 5328.08 5324.26 5319.33 5312.8 5304.24 5291.44 5275.52 5276.54 5275 5276.49 5283.71 5296.65 5312.34 5324.66 5336.79 5350.67 5367.91 5388.7 5411.6 5436.18 5461.35 5478.96
5955.59 5965.42 5986.37 6001.57 6026.74 5961.7 5784.5 5645.73 5505.37 5363.5 5271.69 5252.39 5265.15 5288.95 5303.38 5328.79 5360.56 5397.74 5433.33 5440.84 5448.26 5456.35 5460.14 5460.91 5456.68 5445.32 5432.53 5421.5 5411.93 5411.34 5410.65 5402.9 5395.99 5387.8 5381.9 5378.03 5372.74 5366.78 5359.48 5351.3 5340.61 5335.47 5336.53 5333.73 5331.09 5328.48 5326.04 5322.58 5318.19 5311.57 5302.81 5288.94 5285.93 5284.82 5282.92 5293.74 5307.94 5322.15 5333.32 5345.21 5361.41 5378.55 5396.63 5418.01 5441.77 5467.74 5484.88
5962.43 5986.63 6001.62 6013.04 6025.36 5992.2 5831.48 5659.54 5508.72 5375.01 5284.34 5257.03 5273.77 5285.67 5280.24 5294.09 5316.45 5379.34 5436.57 5449.25 5460.46 5466.87 5465.35 5462.04 5456.01 5445.55 5430.97 5420.32 5415.18 5413.95 5409.23 5401.49 5394.51 5383.05 5379.7 5375.56 5370.8 5364.38 5356.99 5349.03 5342.51 5342.81 5338.02 5333.69 5331.79 5330.72 5329.56 5328 5325.84 5322.41 5317.12 5308.48 5302.07 5300.06 5304.96 5308.81 5320 5335.38 5352.62 5354.1 5364.6 5383.96 5401.65 5420.61 5440.37 5460.41 5477.12
5984.32 6001.86 6014.5 6030.17 6051.8 6044.38 5899.53 5687.03 5550.16 5415.79 5321.09 5323.91 5335.47 5329.54 5313.15 5319.64 5357.79 5408.84 5442.53 5468.91 5485.38 5478.16 5466.17 5458.09 5453.53 5439.77 5428.6 5418.33 5410.21 5402.1 5404.16 5405.04 5396.72 5391.59 5382.88 5377.11 5371.03 5363.72 5355.42 5347.37 5341.13 5329.66 5329.91 5332.18 5334.57 5335.71 5336.58 5336.57 5335.98 5334.56 5333.61 5330.64 5315.88 5308.16 5312.18 5317.49 5329.93 5344.63 5355.54 5356.57 5369.68 5389.41 5406.47 5422.59 5437.71 5449.36 5464.1
5994.95 6010.62 6024.08 6037.33 6058.17 6106.02 5961.71 5766.49 5640.13 5492.39 5398.53 5417.96 5432.37 5405.61 5374.61 5365.99 5392.4 5417.35 5444.26 5476.68 5505.99 5470.38 5454.52 5443.55 5432.43 5424.04 5419.95 5415.18 5410.19 5405.66 5402.53 5399.42 5395.47 5390.27 5385.83 5379.65 5373.59 5364.98 5355.44 5345.55 5334.77 5326.3 5326.21 5332.41 5336.48 5339.41 5341.43 5343.31 5344.78 5346.13 5345.28 5337.79 5324.29 5308.42 5300.78 5319.1 5336.64 5353.47 5364.77 5372.78 5391.22 5398.85 5411.08 5424.72 5438.05 5451.12 5466.24
6002.3 6013.01 6030.78 6045.89 6092.09 6171.37 6007.39 5805.23 5697.34 5570.38 5490.48 5527.69 5545.07 5481.17 5428.48 5389.92 5357.47 5342.44 5357.8 5383.07 5402.99 5427.78 5433.45 5428.33 5416.21 5410.57 5414.03 5414 5413.09 5410.91 5405.4 5402.03 5396.31 5390.94 5389.17 5386.08 5377.3 5367.13 5356.97 5346.54 5337.59 5332.28 5331.58 5336.27 5340.72 5344.21 5347.12 5349.42 5351.96 5354.88 5357.8 5347.83 5333.81 5321.13 5316.81 5327.95 5343.17 5360.15 5374.04 5380.7 5390.7 5402.71 5414.96 5428.14 5441.4 5454.19 5468.46
6016.09 6020.86 6026.85 6038.92 6062.02 6123.57 6022.44 5811.65 5711.58 5623.99 5575.12 5580.16 5575.8 5530.31 5466.09 5395.73 5345.83 5307.7 5308.71 5320.28 5357.01 5402.64 5420.19 5421.73 5412.72 5406.95 5416.87 5417.02 5413.24 5406.14 5404.29 5405.22 5402.27 5396.68 5392.76 5388.72 5380.09 5370.62 5360.3 5349.51 5339.7 5334.3 5337.78 5343.05 5347.42 5350.69 5353.26 5355.16 5356.15 5355.85 5355.9 5350.77 5343.36 5338.88 5337.69 5341.26 5349.22 5357.91 5370.3 5381.13 5389.26 5404.33 5418.25 5431.97 5444.26 5458.87 5472.45
6027.84 6027.12 6026.04 6026.88 6045.61 6119.77 6023.07 5840.91 5720.19 5651.46 5618.52 5612.52 5611.3 5572.36 5517.11 5452.45 5384.14 5325.13 5317.89 5328.33 5391.92 5415.76 5425.41 5430.6 5431.27 5434.12 5434.14 5428.83 5418.35 5408 5411.65 5410.59 5406.27 5401.37 5395.57 5389.1 5382.97 5373.93 5363.63 5352.89 5342.39 5337.75 5346.09 5350.14 5353.11 5355.24 5357.45 5358.97 5359.84 5356.9 5350.24 5351.15 5350.59 5350.99 5351.82 5354.08 5358.42 5363.52 5376.92 5388.68 5395.19 5407.04 5421.28 5435.62 5451.08 5467.62 5486.29
6036.07 6030.17 6023.76 6017.78 6016.71 6073.93 6085.95 5887.71 5722.24 5669.92 5643.21 5640.35 5637.88 5625.1 5581.84 5529.06 5465.05 5409.07 5386.23 5375.82 5414.43 5432.46 5441.08 5449.38 5458.08 5464.66 5458.91 5448.75 5435.89 5428.11 5437.21 5422.62 5405.24 5399.84 5398.56 5396.08 5388.91 5378.7 5369.07 5360.1 5350.93 5342.98 5353.72 5358.15 5359.59 5360.76 5362.13 5363.5 5365.22 5366.81 5358.2 5354.71 5356.66 5360.98 5363.22 5365.97 5370.7 5377.05 5391.05 5400.52 5402.71 5410.86 5424.45 5441.27 5459.08 5475.91 5492.51
6048.97 6044.66 6036.76 6028.39 6023.81 6070.29 6091.92 5939.69 5751.1 5704.24 5686.33 5696.1 5717.5 5691.95 5641.56 5600.07 5557.53 5533.44 5504.14 5457.69 5448.15 5451 5460.24 5468.41 5477.85 5484.3 5480.03 5472.18 5462.21 5450.26 5445.64 5429.55 5415.56 5406.97 5402.52 5398.14 5391.72 5383.06 5374.91 5368.01 5363 5355.28 5363.46 5365.2 5365.14 5365.02 5365.39 5365.79 5366.82 5368.88 5358.64 5358.38 5361.7 5367.86 5371.36 5376.65 5384.16 5394.51 5403.41 5409.31 5405.21 5410.94 5426.8 5446.72 5467.05 5486.09 5502.64
6046.11 6049.19 6050.5 6048.64 6047.74 6052.75 6038.32 5948.21 5806.8 5754.28 5734.89 5739.73 5775.13 5732.1 5667.35 5625.42 5599.32 5620.39 5624.28 5565.56 5520.13 5490.44 5482.36 5485.03 5493.25 5500.81 5501.56 5491.59 5484.91 5455.49 5429.46 5427.19 5421.81 5413.56 5406.61 5400.46 5393.64 5386.3 5379.55 5373.79 5369.17 5361.45 5363.46 5367.17 5367.79 5367.82 5367.6 5366.84 5364.52 5359.52 5359.84 5362.65 5364.69 5368.92 5376.18 5384.23 5393.58 5403.8 5405.45 5391.64 5389.99 5408.76 5432.3 5456.52 5480.08 5502.7 5522.25
6041.47 6058.76 6071.63 6084.62 6091.29 6088.57 6024.49 5962.28 5863.85 5813.83 5777.37 5751.77 5748.55 5711.58 5654.69 5604.09 5589.45 5623.04 5647.77 5644.29 5580.44 5519.94 5493.11 5494.97 5506.89 5521.3 5520.39 5495.61 5474.83 5449.77 5431.88 5427.29 5420.91 5416.18 5409.48 5402.08 5393.13 5389.25 5383.52 5378.02 5373.07 5364.78 5364.01 5368.57 5369.47 5369.74 5370.12 5369.65 5368.06 5365.81 5369.49 5371.79 5372.97 5372.41 5383.76 5391.77 5398.96 5409.13 5417.77 5388.91 5388.19 5413.1 5443.18 5471.34 5497.17 5521 5543.15
6038.56 6069.79 6093.92 6121.06 6142.55 6144.03 6083.47 6008.5 5938.09 5880.94 5839.36 5805.38 5759.46 5697.84 5627.35 5575.58 5564.56 5605.16 5632.16 5606.03 5539.18 5486.6 5486.69 5497.7 5510.81 5519.6 5509.94 5483.51 5457.35 5442.8 5433.09 5430.42 5430.11 5419.79 5412.77 5406.36 5402.01 5393.37 5387.23 5381 5374.96 5371.77 5371.87 5372.47 5371.63 5372.3 5372.99 5373.68 5375.4 5380.49 5381.64 5385.36 5390.54 5396.15 5400.32 5403.65 5402.76 5408.11 5418.52 5423.45 5405.92 5432.52 5463.95 5491.91 5516.41 5537.85 5556.18
6022.83 6067.81 6098.24 6141.96 6177.89 6198.41 6154.19 6066.37 5990.47 5940.61 5910.02 5869.42 5785.88 5683.43 5597.95 5539.79 5517.37 5579.2 5648.82 5597.12 5518.09 5476.88 5486.83 5500.63 5510.31 5511.08 5494.19 5474.38 5443.6 5437.21 5430 5427.21 5425.15 5420.83 5415.7 5410 5401.21 5398.05 5391.27 5384.13 5378.24 5377.73 5380.16 5371.18 5372.74 5376.06 5378.28 5379.38 5378.94 5380.64 5390.54 5400.32 5409.92 5417.18 5421.44 5424.52 5424.82 5429.73 5445.31 5448.28 5450.28 5470.77 5495.51 5519.19 5540.12 5558.21 5573.48
5994.9 6051.83 6100.21 6144.71 6181.23 6195.77 6079.84 6039.64 5986.56 5980.36 5975.29 5947.89 5823.89 5669.47 5571.74 5508.41 5479.44 5580.55 5718.22 5630.08 5549.73 5511.68 5505.88 5507.2 5512.09 5519.83 5527.93 5485.76 5442.41 5434.38 5429.4 5424.44 5422.04 5420.41 5417.17 5414.67 5417.38 5406.02 5395.25 5387.56 5382.15 5378.1 5372.92 5368.81 5376.18 5382.46 5387.06 5389.31 5389.41 5394.06 5405.41 5417.94 5428.54 5437.7 5444.76 5451.01 5459.92 5466.32 5469.91 5480.53 5502.59 5519.22 5533.66 5550.2 5568.04 5584.85 5601.72
5962.25 6029.65 6083.65 6128.16 6140.14 6084.93 6038.98 6028.3 6017.36 6017.29 6022.74 6014.93 5871.86 5656.6 5564.55 5499.59 5463.71 5550.42 5661.21 5590.23 5525.26 5525.91 5522.79 5513.23 5507.62 5510.31 5510.14 5486.45 5459.37 5434.49 5429.22 5428.83 5425.59 5421.77 5417.8 5413.96 5408 5402.09 5397.21 5392.6 5387.36 5382.6 5375.8 5377.8 5385.6 5393.65 5399.74 5403.87 5406.2 5412.62 5425.27 5439.24 5450.31 5460.95 5469.52 5476.09 5480.2 5492.99 5505.11 5520.81 5546.5 5560.59 5567.77 5580.4 5595.89 5613.19 5629.87
5924.57 5994.86 6063.8 6113.23 6124.54 6034.59 5939.12 5951.15 5979.69 6008.14 6035.32 6038.02 5914.47 5710.1 5589.23 5519.35 5487.18 5496.83 5504.47 5513.99 5504.42 5541.91 5534.13 5509.69 5495.35 5485.59 5477.15 5461.24 5446.95 5438.93 5434.51 5436.42 5428.86 5423.24 5418.76 5412.58 5403.24 5399.47 5400.71 5400.28 5398.07 5393.86 5390.89 5391.3 5400.58 5408.78 5415.66 5421.61 5426.1 5433.59 5445.85 5463.3 5482.32 5489.5 5494.95 5500.94 5510.65 5519.13 5527.3 5540.26 5562.92 5579.23 5592.33 5605.9 5620.68 5635.97 5649.24
5894.38 5979.39 6051.37 6102.71 6138.39 6070.49 5917.96 5895.12 5919.61 5958.92 6021.74 6051.42 5968.87 5760.33 5638.91 5560.44 5501.77 5484.65 5482.84 5499.99 5511.68 5526.58 5514.39 5492.65 5476.39 5459.9 5441.12 5436.13 5439.17 5432.35 5428.18 5423.27 5424.21 5423.54 5421.51 5417.08 5409.51 5406.52 5410.29 5409.68 5408.58 5408.32 5408.89 5414.42 5420.42 5425.65 5432.15 5439.21 5447.37 5449.54 5462.16 5480.49 5504.18 5510.42 5516.07 5523.25 5527.79 5534.38 5536.16 5552.14 5571.97 5590.87 5610.34 5627.58 5642.9 5652.98 5663.5
