real_craters/C184-500m.grd
DSAA
317 317
-78.9075 78.9075
-78.9075 78.9075
4569.3888124089 6823.960192207
[rows 240 to 269 of 317, columns 0 to 66 of 317]
5250.53 5410.18 5558.76 5760.94 5966.97 6141.4 6040.01 5997.37 5984.99 5982.25 5977.38 5924.03 5851.41 5827.39 5823.23 5819.36 5793.94 5763.12 5738.96 5722.08 5713.41 5709.97 5712.58 5713.89 5714.78 5707.45 5700.66 5695.87 5693.71 5690.9 5689.74 5689.29 5689.24 5689.59 5689.53 5690 5690.55 5689.78 5689.72 5685.73 5681.11 5687.77 5692.39 5693.71 5689.6 5682.31 5667.6 5652.68 5641.67 5639.25 5638.25 5637.92 5638.37 5640.18 5641.53 5642.34 5644.2 5641.07 5640.95 5642.39 5644.33 5655.88 5665.56 5673.04 5680.25 5688.71 5698.45
5496.43 5650.08 5806.28 5996.61 6055.13 6025.95 6010.02 5981.85 5961.76 5934.89 5895.14 5881.41 5850.91 5828.42 5810.95 5800.2 5778.41 5755.78 5735.31 5716.95 5712.28 5716.79 5705.33 5689.75 5685.53 5688.3 5687.28 5686.06 5683.87 5682.8 5681.83 5681.67 5681.29 5681.55 5681.88 5682.44 5682.6 5683.24 5683 5679.03 5671.23 5673.35 5677.59 5678.33 5674.67 5668.51 5656.53 5647.31 5641.5 5635.48 5632.07 5631.64 5632.78 5634.61 5637.25 5640.95 5644.19 5642.12 5647.38 5654.81 5664.1 5669.18 5674.68 5681.65 5688.62 5694.02 5696.9
5726.51 5858.23 6031.67 6102.49 6039.43 5923.3 5933.56 5936.72 5929.98 5913.83 5887.47 5863.55 5844.68 5820.51 5787.51 5765.63 5757.59 5747.73 5734.99 5719.14 5709.29 5702.82 5688.56 5673.04 5670.36 5674.52 5676.84 5676.53 5675.34 5676.16 5675.3 5676.49 5676.17 5676.49 5676.61 5677.17 5677.92 5678.22 5679.21 5680 5677.62 5667.69 5664.65 5666.41 5676.02 5654.59 5642.93 5633.58 5630.62 5627.33 5625.95 5626.63 5629.84 5632.73 5636.2 5639.49 5637.34 5643.22 5653.28 5664.23 5674.41 5679.83 5681.94 5686.83 5692.75 5698.87 5701.35
5897.47 5956.91 6029.09 6042.15 5950.14 5867.77 5877.99 5891.48 5899.59 5903.23 5887.62 5850.28 5819.63 5786.09 5761.37 5741.64 5740.6 5741.02 5738.07 5726.01 5702.5 5681.48 5670.83 5664.75 5662.14 5664.31 5665.58 5667.46 5668 5667.52 5668.1 5668.76 5669.4 5670.37 5670.81 5672.09 5672.09 5671.64 5672.55 5674.47 5676.71 5656.96 5648.32 5641.34 5624.3 5630 5629.64 5625.73 5621.8 5618.61 5619.6 5622.3 5625.35 5628.5 5632.49 5638.34 5636.05 5643.64 5653.15 5667.99 5684.42 5684.34 5683.73 5686.62 5692.93 5701.22 5710.89
5975.7 5971.87 5976.28 5961.19 5889.7 5847.78 5840.56 5850.03 5865.09 5877.59 5865.08 5829.52 5799.06 5771.99 5745.92 5730.01 5730.75 5734.59 5739.66 5731.24 5694.3 5668.62 5661.21 5660.89 5656.7 5656.55 5658.02 5660.02 5661.11 5662.68 5663.38 5664.27 5666.13 5664.87 5665.54 5665.16 5664.53 5663.59 5662.69 5659.26 5650.81 5640.49 5631.46 5624.01 5618.97 5618.84 5622.55 5628.27 5614.05 5609.02 5614.75 5618.81 5622.39 5626.12 5630.25 5635.14 5636.09 5640.37 5649.09 5660.59 5673.7 5674.73 5674.64 5678.32 5685.39 5695 5708.85
5980.22 5963.88 5939.64 5929.61 5892.17 5831.53 5815.31 5818.97 5825.73 5824.94 5817.67 5799.51 5776.02 5752.81 5739.06 5728.67 5722.93 5722.95 5725.95 5715.71 5682.08 5660.61 5653.45 5649.94 5648.64 5648.72 5650.12 5653.48 5655.56 5655.81 5657.7 5658.29 5658.55 5658.29 5657.84 5657.23 5655.99 5654.03 5651.14 5644.91 5635.6 5620.54 5617.28 5612.67 5608.07 5608.21 5613.82 5619.77 5614.6 5612.42 5613.33 5615.08 5618.23 5621.2 5624.85 5629.07 5632.79 5634.96 5639.62 5645.35 5648.1 5651.91 5657.41 5663.49 5670.15 5678.23 5686.35
5963.82 5987.79 5957.07 5888.28 5826.48 5800.79 5792.06 5790.25 5796.38 5791.91 5784.63 5771.23 5753.95 5737.69 5727.62 5719.55 5711.65 5705.85 5699.13 5688.24 5672.4 5659.3 5652.06 5642.1 5641.66 5642.57 5643.81 5643.93 5644.79 5647.84 5648.81 5650.05 5650.19 5650.92 5650.39 5649.2 5647.39 5644.56 5641.87 5635.53 5624.23 5613.33 5610.54 5605.81 5598.89 5599 5605.63 5609.06 5612.73 5615.29 5612.23 5612.48 5614.17 5616.93 5620.22 5623.03 5626.5 5628.57 5630.26 5630.45 5629.8 5632.62 5639.27 5646.23 5652.19 5656.84 5655.84
5917.18 5952.29 5924.51 5843.88 5777.8 5773.31 5774.06 5773.06 5777.29 5774.64 5762.98 5750.87 5735.57 5720.98 5707.36 5703.94 5699.44 5690.5 5675.99 5668.11 5660.7 5654.29 5647.69 5636.95 5635.86 5637.02 5636.67 5637.99 5639.72 5640.34 5640.74 5641.85 5641.76 5642.37 5643.7 5642.15 5639.95 5636.9 5632.54 5628.28 5622 5616.75 5611.1 5605.88 5601.16 5599.44 5602.02 5603.98 5605.37 5606.03 5605.98 5607.37 5609.75 5612.58 5615.73 5618.24 5619.88 5620.86 5620.04 5617.85 5614.94 5616.57 5623.85 5631.36 5637.01 5639.75 5635.95
5851.76 5838.78 5832.61 5801.64 5764.23 5763.75 5765.38 5763.65 5761.1 5758.33 5747.05 5735.75 5723.27 5709.56 5700.35 5697.88 5691.78 5682.65 5673.32 5665.13 5659.83 5651.68 5641.5 5635.09 5632.94 5633.14 5632.98 5634.43 5635.15 5635.55 5636.5 5636.44 5636.09 5633.73 5633.46 5632.21 5630.57 5628.54 5626.37 5624.35 5620.19 5619.32 5614.55 5609.41 5607.66 5610.53 5600.92 5598.44 5596.65 5595.64 5598.91 5602.72 5606.04 5608.9 5611.59 5613.43 5613.72 5614.31 5613.05 5610.26 5606.54 5604.3 5613.99 5621.16 5626.14 5629.49 5636.04
5803.78 5807.06 5797.72 5786.9 5776.51 5767.12 5755.73 5747.79 5741.03 5734.69 5729.92 5723.75 5716.08 5706.87 5703.86 5697.51 5688.21 5678.96 5671.98 5665.43 5660.81 5652.45 5644.19 5636.11 5631.63 5629.99 5630.96 5631.24 5631.39 5631.17 5630.82 5630.38 5629.76 5628.9 5627.92 5626.73 5625.33 5624.15 5622.12 5621.83 5623.92 5622.59 5618.34 5612.39 5601.85 5561.21 5597.34 5600.12 5598.34 5594.01 5597.11 5601.13 5603.47 5605.18 5606.78 5608.27 5610.01 5609.04 5607.32 5606.16 5604.85 5608.13 5610.44 5614.9 5619.32 5622.32 5624.38
5765.78 5755.55 5772.51 5780.86 5776.61 5757.31 5743.52 5731.25 5721.43 5716.73 5716.6 5716.11 5713.25 5708.78 5706.59 5698.22 5684.09 5673.74 5667.38 5661.53 5657.62 5651.12 5642.72 5632.93 5629.84 5628.08 5627.92 5627.9 5628.1 5627.9 5627.33 5626.62 5626.02 5625.98 5624.68 5623.22 5621.62 5619.98 5617.83 5617.81 5621.35 5620.42 5620 5617.87 5616.68 5628.53 5614.57 5606.55 5599.34 5601.31 5601.34 5601.78 5602.8 5604.29 5604.9 5605.49 5605.17 5604.84 5603.75 5602.42 5602.88 5604.96 5606.4 5610.43 5615.89 5623.19 5626.92
5741.59 5739.03 5754.17 5767.04 5762.69 5744.37 5728.61 5715.93 5703.35 5701.12 5707.96 5712.74 5715.68 5714.77 5708.63 5692.03 5676.15 5664.76 5656.86 5654.15 5652.03 5649.98 5642.5 5629.32 5630.19 5628.86 5627.85 5626.36 5625.17 5623.64 5623.41 5622.03 5621.65 5620.1 5618.3 5616.79 5615.36 5614.05 5613.07 5612.57 5611.17 5610.7 5619.96 5621.96 5626.42 5629.78 5624.66 5615.35 5608.24 5605.08 5602.4 5602.21 5601.81 5601.93 5602.33 5602.48 5602.25 5601.67 5601.62 5600.7 5600.06 5600.21 5602.36 5607.55 5614.02 5621.29 5628.04
5731.92 5735.12 5743.82 5750.34 5741.86 5723.76 5714.91 5706.12 5695.17 5695.71 5705.2 5713.54 5719.13 5718.5 5701.56 5677.34 5666.5 5657.09 5651.28 5651.88 5651.98 5651.5 5648.32 5636.86 5634.05 5633.38 5629.28 5627.11 5625.35 5623.46 5621.56 5619.82 5618.13 5616.55 5615 5613.52 5612.64 5611.15 5609.94 5606.16 5605.64 5606.25 5613.09 5620.42 5626.3 5630.76 5627.85 5621.89 5617.34 5610.1 5604.6 5603.21 5601.44 5600.62 5600.29 5600.02 5600.68 5600.97 5600.2 5599.73 5598.31 5595.58 5599.38 5606.85 5614.36 5622.33 5637.76
5724.31 5730.38 5735.7 5738.28 5727 5710.79 5707.51 5705.26 5698.22 5700.47 5708.29 5716.99 5724.27 5724.81 5702.75 5673.21 5660.53 5652.38 5650.07 5652.85 5654.66 5653.08 5650.19 5645.14 5638.33 5635 5630.54 5626.84 5624.31 5621.62 5620.06 5617.96 5615.98 5614.19 5612.38 5610.67 5608.77 5607.34 5606.84 5602.99 5603.73 5604.34 5609.78 5617.32 5622.97 5626 5625.15 5623.1 5621.88 5615.43 5609.75 5603.9 5600.61 5599.15 5598.56 5598.6 5599.06 5601.39 5601.34 5601.82 5600.76 5599.84 5602.89 5609.92 5617.19 5625.78 5641.74
5710.81 5717 5725.31 5732.27 5723.72 5707.75 5711.23 5712.23 5714.44 5709.95 5711.6 5718.78 5727.5 5731.25 5709.63 5677.76 5658.43 5645.58 5643.57 5648.13 5652.66 5654.12 5651.93 5646.15 5640.47 5637.08 5632.38 5628.82 5625.76 5623.07 5620.86 5617.77 5615.56 5613.57 5611.52 5609.57 5607.97 5606.22 5605.65 5605.27 5603.5 5606.5 5610.59 5615.89 5619.51 5620.45 5620.43 5620.56 5616.87 5612.57 5607.19 5602.19 5599.62 5598.74 5598.85 5600.13 5601.29 5602.64 5604.16 5605.6 5606.42 5607.01 5609.43 5615.15 5620.56 5625.46 5634.98
5694.05 5700.07 5710.34 5721.28 5723.73 5732.56 5720.69 5709.42 5713.23 5706.52 5708.13 5715.44 5724.24 5731.44 5708.36 5676.93 5656.85 5643.53 5642.53 5648.42 5653.01 5655.5 5653.34 5644.89 5641.1 5638 5632.48 5627.8 5623.72 5620.42 5617.38 5614.79 5612.21 5610.04 5608.06 5606.09 5604.46 5603.24 5603.89 5603.41 5602.3 5605.03 5611.62 5615.11 5617.49 5619.65 5621.46 5619.09 5615.82 5609.99 5601.01 5598.06 5597.14 5597.59 5598.51 5599.9 5601.76 5604.17 5606.81 5610.22 5614.24 5617.99 5620.51 5620.69 5619.84 5624.79 5609.42
5678.55 5684.3 5692.05 5698.86 5708.68 5716.93 5705.97 5688.12 5673.84 5687.26 5697.11 5705.07 5710.94 5712.51 5694.77 5672.66 5654.42 5645.75 5645.98 5650.06 5654.54 5657.02 5654.75 5647.92 5643.59 5639.25 5634.06 5629.09 5624.92 5622.19 5619.26 5616.61 5614.13 5611.87 5606.23 5604.29 5602.61 5601.23 5601.94 5601.14 5599.46 5600.75 5605.05 5612.44 5615.36 5617.1 5617.6 5617.63 5616.82 5610.98 5598.79 5594.53 5594.71 5595.33 5597.24 5599.35 5601.31 5604.17 5607.65 5612.39 5619.16 5629.22 5636.5 5622.51 5607.34 5592.74 5586.78
5671.37 5676.11 5679.59 5681.92 5687.3 5685.32 5678.57 5669.54 5664.06 5674.95 5686.11 5693.27 5693.68 5684.08 5676.64 5658.68 5648.24 5650.48 5652.38 5653.93 5656.28 5657.14 5655.27 5652.54 5645.66 5638.52 5632.32 5626.81 5623.06 5620.25 5617.21 5613.86 5611.26 5608.59 5606.25 5604.38 5602.72 5601.49 5601.51 5600.36 5598.41 5598.99 5604.7 5611.73 5613.33 5613.69 5613.85 5616.27 5617.27 5612.48 5600.38 5594.54 5594.51 5596.51 5597.54 5599.83 5601.17 5604.02 5607.36 5612.08 5618.04 5626.98 5634.9 5615.19 5595.51 5581.69 5580.22
5674.5 5675.99 5677.32 5676.47 5673.34 5666 5660.06 5659.96 5662.1 5669.89 5679.15 5686.32 5687.32 5679.17 5670.79 5657.59 5648.81 5650.13 5658.38 5663.22 5658.04 5651.81 5648.74 5645.86 5640.51 5635.15 5629.71 5623.71 5619.93 5616.84 5613.39 5611.49 5609.11 5608.28 5606.85 5604.97 5603.09 5601.47 5601.35 5599.83 5597.76 5598.01 5599.96 5608.12 5611.65 5613.01 5613.21 5617.76 5619.56 5613.43 5601.52 5594.27 5594.92 5596.63 5598.79 5601.29 5603.03 5604.05 5606.08 5608.53 5610.82 5611.08 5604.73 5597.46 5588.51 5581.13 5580.71
5673.75 5679.06 5682.25 5678.18 5668 5654.88 5646.19 5652.36 5659.56 5666.09 5674.64 5683.85 5691.99 5689.9 5673.82 5660.69 5655.08 5651.98 5661.83 5666.66 5658.34 5645.87 5642.17 5637.44 5632.45 5629.43 5624.44 5619.53 5616.1 5613.95 5611.46 5609.55 5607.94 5606.04 5605.06 5603.3 5602.11 5600.42 5600 5598.73 5596 5598.26 5603.59 5607.7 5611.54 5615.7 5618.61 5624.8 5628.34 5626.23 5609.77 5598.74 5598.58 5598.62 5599.18 5600.31 5601.34 5602.33 5603.55 5603.6 5602.08 5596.66 5584.8 5583.95 5586.08 5587.53 5586.61
5676.3 5682.87 5688.74 5682.11 5668.06 5654.25 5646.6 5649.63 5655.45 5663.25 5670.17 5677.91 5688.77 5688.83 5671.21 5658.04 5649.63 5650.63 5663.83 5666.63 5659.77 5650.34 5640.41 5634.45 5630.37 5623.68 5619.5 5616.19 5613.73 5611.62 5610.24 5608.36 5606.93 5605.66 5604.92 5603.37 5601.85 5600.83 5600.28 5598.98 5596.13 5598.13 5599.73 5603.76 5611.73 5620.38 5630.2 5635.87 5638.08 5638.62 5624.77 5612.24 5606.21 5602.92 5601.08 5600.55 5601.02 5600.42 5599.81 5599.07 5596.3 5591.37 5584.79 5582.74 5584.14 5589.16 5589.95
5676.86 5684.51 5691.11 5682.58 5668.28 5657.51 5653.49 5657.48 5659.75 5662.25 5665.53 5668.44 5667.67 5666.48 5661.03 5652.8 5645.61 5657.14 5673.73 5671.89 5658.27 5646.45 5636.29 5627.22 5619.06 5617.55 5615.97 5611.84 5610.59 5609.62 5608.57 5607.3 5606.53 5605.42 5603.7 5602.52 5601.31 5600.89 5600.48 5599.13 5596.48 5597.46 5598.39 5602.45 5611.6 5623.26 5633.87 5639.78 5641.96 5640.14 5632.41 5622.18 5611.86 5605.42 5601.94 5600.07 5597.79 5596.85 5599.41 5597.73 5594.61 5591.06 5589.49 5586.5 5583.6 5589.9 5588.55
5684.48 5678.31 5656.4 5670.04 5664.78 5657.29 5652.58 5659.9 5658.86 5659.15 5660.56 5660.03 5656.1 5654.52 5651.96 5648.56 5652.49 5662.17 5669.01 5664.06 5652.82 5639.8 5630.09 5621.74 5617.74 5613.59 5612.52 5610.21 5609.17 5607.34 5606.98 5606.83 5606.37 5606.33 5605.26 5603.66 5602.93 5603.85 5602.35 5600.67 5597.87 5597.36 5595.75 5598.23 5612.24 5625.81 5636.01 5641.79 5643.26 5639.08 5631.04 5621.69 5611.23 5605.76 5602.33 5599.91 5598.68 5597.98 5596.72 5592.29 5590.86 5591.84 5591 5588.71 5587.48 5588.82 5587.85
5690.63 5685.3 5681.93 5668.13 5661.84 5656.01 5652.79 5651.06 5652.46 5654.49 5655.45 5655.57 5655.11 5650.04 5646.16 5642.33 5639.67 5647.44 5662.99 5659.86 5646.97 5633.88 5623.71 5616.1 5611.56 5608.6 5607.95 5606.83 5607.61 5607.08 5605.98 5605.59 5605.28 5605.01 5604.49 5603.43 5602.9 5604.78 5603.61 5601.96 5600.14 5598.96 5596.86 5604.31 5615.73 5630.17 5644.22 5652.76 5643.77 5634.23 5622.95 5607.78 5605.51 5603.42 5601.62 5600.65 5599.65 5597.31 5595.76 5594.59 5592.81 5591.91 5591.37 5588.41 5586.98 5586.89 5584.32
5686.9 5682.38 5679.92 5668.35 5659.12 5653.32 5647.87 5645.11 5646.53 5648.46 5650.22 5651.26 5650.86 5644.81 5638.03 5635.26 5635.58 5631.83 5642.37 5641.27 5634.57 5625.83 5614.9 5607.81 5603.49 5601.25 5603.87 5605.22 5606.5 5608.41 5607.99 5607.63 5607.81 5608.18 5608.37 5608.6 5608.38 5610.04 5608.81 5607.17 5604.88 5603.74 5601.5 5606.08 5618.33 5633.3 5646.59 5652.59 5639.38 5620.78 5604.83 5602.93 5601.62 5600.26 5599.34 5598.25 5599.24 5599.38 5599.95 5599.68 5598.83 5597.17 5593.8 5590.05 5583.34 5582.15 5576.85
5670.42 5660.97 5655.74 5654.79 5653.25 5650.66 5645.17 5640.57 5642.31 5643.53 5645.24 5646.39 5644.27 5636.38 5627.23 5620.58 5621.03 5617.18 5628.61 5620.89 5609.9 5605.71 5604.08 5600.09 5594.22 5595.98 5602.29 5605.44 5608.42 5609.24 5609.92 5610.08 5608.01 5607.22 5607.64 5608.02 5608.17 5610.27 5609.67 5609.09 5608.43 5609.46 5609.84 5612.25 5621.3 5636.53 5648.19 5648.39 5636.83 5612.58 5592.73 5596.99 5599.19 5597.96 5597.39 5597.88 5599.01 5599.98 5601 5604 5603.69 5601.63 5598.67 5606.24 5599.18 5586.61 5578.09
5647.69 5637.73 5635.05 5642.05 5647.85 5651.49 5651.94 5644.12 5639.27 5637.64 5638 5640.11 5637.8 5625.31 5612.73 5601.19 5591.94 5596.42 5602.4 5601.53 5593.44 5593.87 5597.26 5598.53 5598.6 5601.64 5605.44 5607.07 5609.78 5608.42 5608.56 5607.09 5607.49 5609.01 5606.79 5608.24 5606.76 5609.73 5610.14 5610.69 5611.72 5613.95 5616.44 5620.94 5627.99 5642.25 5654.44 5660.41 5641.36 5613.06 5593.31 5593.35 5595.84 5594.23 5594.9 5595.31 5597.38 5599.1 5600.62 5603.23 5604.45 5605.49 5604.26 5592.62 5602.58 5598.97 5592.05
5629.66 5622.44 5623.99 5634.63 5644.71 5652.19 5659.24 5643.74 5635 5629.45 5625.75 5626.76 5626.32 5610.3 5597.78 5586.99 5581.04 5585.57 5590.34 5591.65 5588.44 5591.78 5596.88 5601.7 5608.17 5612.01 5610.56 5610.57 5611.33 5611.81 5612.44 5611.9 5610.85 5610.94 5610.21 5610.55 5610.36 5611.19 5612.45 5614.07 5616.57 5619.62 5622.54 5626.46 5636.51 5648.67 5657.48 5662.43 5641.8 5611.81 5591.1 5589.15 5591.45 5591 5591.76 5593.01 5594.19 5595.82 5600.34 5602.6 5606.68 5612.38 5623.18 5637.1 5641.76 5621.09 5611.06
5623.09 5621.95 5623.75 5630.6 5639.05 5648.21 5654.93 5642.15 5630.48 5619.45 5608.65 5597.51 5591.92 5589.9 5584.34 5578.8 5577.62 5585.58 5590.33 5591.27 5592.38 5595.02 5599.35 5604.58 5610.76 5614.99 5614.67 5614.42 5613.61 5612.72 5612.66 5613.17 5613.21 5613.07 5610.2 5610.62 5611.56 5612.89 5614.66 5617.29 5620.5 5624.81 5632.66 5638.55 5649.39 5656.1 5653.69 5646.07 5626.02 5604.51 5588.04 5585.69 5588.49 5587.65 5588.79 5590.07 5592.93 5593.64 5596.48 5599.44 5604.47 5612.83 5627.51 5654.44 5655.85 5621.68 5589.66
5623.51 5624.84 5625.83 5627.55 5631.11 5637.25 5646.91 5637.49 5623.81 5608.62 5593.22 5577.49 5572.06 5573.64 5573.63 5573.85 5576.29 5580.78 5584.89 5592.23 5598.33 5599 5601.65 5605.85 5610.29 5612.57 5614.84 5615.31 5614.39 5613.07 5612.79 5613.24 5613.44 5614.12 5610.84 5611.62 5612.72 5614.27 5616.4 5619.38 5624.01 5630.4 5638.88 5654.13 5673.75 5664.14 5647.91 5623.11 5604.17 5598.84 5587.43 5581.79 5582.33 5584.68 5587.87 5589.37 5592.55 5594.57 5595.77 5598.39 5598.69 5605.75 5614.48 5621.91 5641.05 5605.96 5565.92
