real_craters/C184-750m.grd
DSAA
211 211
-78.9075 78.9075
-78.9075 78.9075
4568.5085736066 6827.1328381791
[rows 152 to 189 of 211, columns 84 to 167 of 211]
5676 5681 5684 5682 5682 5689 5683 5680 5680 5683 5687 5688 5694 5700 5706 5708 5716 5732 5745 5759 5772 5781 5793 5811 5824 5829 5822 5790 5747 5728 5693 5663 5658 5642 5685 5702 5705 5703 5715 5713 5702 5687 5667 5665 5671 5674 5662 5659 5652 5640 5629 5621 5612 5607 5604 5594 5587 5583 5581 5580 5577 5575 5569 5559 5548 5539 5535 5534 5537 5541 5550 5546 5539 5531 5523 5524 5553 5586 5584 5564 5544 5532 5529 5534
5676 5681 5683 5680 5680 5679 5677 5674 5671 5672 5674 5678 5685 5691 5697 5705 5707 5716 5726 5735 5742 5745 5756 5770 5782 5788 5783 5759 5713 5688 5666 5658 5671 5695 5714 5723 5722 5720 5719 5710 5698 5683 5667 5663 5665 5659 5658 5659 5652 5640 5627 5620 5610 5611 5595 5579 5575 5573 5572 5572 5575 5575 5563 5553 5559 5538 5544 5541 5538 5539 5537 5536 5536 5529 5520 5523 5549 5587 5584 5567 5547 5531 5536 5545
5674 5680 5676 5672 5668 5672 5672 5666 5661 5656 5660 5665 5670 5677 5685 5692 5698 5700 5706 5712 5715 5721 5726 5741 5759 5767 5766 5759 5708 5679 5661 5673 5713 5760 5767 5753 5735 5724 5714 5707 5696 5684 5675 5670 5664 5664 5669 5668 5655 5640 5626 5611 5612 5612 5585 5561 5562 5563 5565 5564 5566 5571 5568 5562 5482 5516 5551 5545 5540 5545 5551 5544 5539 5531 5524 5519 5535 5566 5576 5569 5563 5543 5541 5557
5668 5671 5668 5664 5658 5661 5662 5657 5651 5645 5649 5653 5655 5658 5672 5683 5681 5685 5687 5689 5690 5689 5700 5726 5751 5766 5764 5744 5724 5681 5660 5684 5745 5818 5810 5771 5737 5716 5714 5705 5695 5685 5677 5670 5665 5660 5670 5670 5658 5643 5630 5618 5622 5625 5588 5564 5560 5559 5560 5560 5558 5559 5561 5560 5562 5560 5551 5547 5545 5547 5551 5556 5544 5533 5520 5511 5522 5544 5558 5548 5551 5537 5542 5555
5661 5664 5661 5659 5656 5654 5650 5648 5644 5642 5642 5646 5649 5654 5660 5668 5671 5669 5672 5673 5672 5670 5686 5724 5763 5790 5786 5739 5717 5682 5658 5685 5745 5812 5808 5764 5728 5703 5706 5701 5693 5684 5677 5671 5664 5661 5666 5664 5655 5644 5633 5626 5619 5606 5585 5570 5561 5560 5560 5561 5560 5552 5554 5557 5570 5573 5559 5553 5550 5547 5541 5545 5544 5534 5525 5521 5525 5538 5542 5532 5527 5542 5544 5552
5652 5658 5657 5654 5651 5648 5647 5641 5638 5639 5638 5640 5644 5650 5650 5651 5650 5656 5659 5661 5661 5663 5678 5727 5781 5833 5863 5819 5751 5689 5660 5678 5717 5751 5750 5730 5713 5706 5705 5697 5690 5683 5676 5673 5663 5662 5663 5660 5652 5641 5631 5625 5604 5577 5571 5566 5559 5558 5560 5562 5562 5555 5556 5558 5570 5569 5561 5556 5556 5542 5539 5547 5545 5537 5529 5525 5522 5530 5532 5525 5532 5544 5551 5554
5641 5647 5650 5649 5647 5645 5637 5631 5628 5628 5631 5633 5636 5641 5641 5639 5645 5648 5649 5652 5656 5662 5680 5730 5791 5865 5959 5999 5808 5705 5671 5675 5686 5682 5676 5690 5693 5694 5695 5691 5685 5679 5672 5661 5656 5652 5659 5655 5648 5638 5627 5613 5598 5578 5571 5557 5558 5560 5562 5564 5565 5567 5563 5560 5573 5587 5557 5553 5558 5552 5548 5547 5546 5542 5540 5528 5517 5517 5516 5515 5528 5547 5556 5553
5632 5638 5642 5642 5640 5636 5617 5621 5625 5625 5625 5627 5628 5626 5632 5640 5643 5642 5641 5644 5651 5664 5684 5724 5777 5840 5908 5907 5783 5706 5699 5684 5677 5664 5655 5671 5676 5684 5686 5683 5679 5673 5668 5663 5655 5652 5656 5650 5641 5630 5619 5603 5589 5598 5586 5569 5563 5565 5568 5570 5573 5577 5571 5562 5571 5573 5559 5551 5550 5562 5560 5551 5553 5544 5534 5532 5524 5515 5509 5497 5511 5537 5551 5545
5627 5636 5637 5634 5630 5624 5619 5616 5619 5620 5620 5621 5622 5625 5631 5635 5634 5631 5631 5633 5640 5655 5677 5707 5741 5773 5791 5779 5730 5703 5713 5689 5679 5680 5692 5673 5669 5675 5675 5674 5672 5670 5666 5660 5656 5652 5652 5644 5635 5624 5614 5603 5594 5597 5592 5578 5573 5573 5574 5574 5575 5580 5570 5568 5571 5576 5563 5556 5558 5576 5573 5555 5560 5560 5543 5537 5534 5517 5509 5499 5501 5516 5531 5531
5621 5629 5629 5626 5621 5615 5611 5609 5606 5608 5612 5614 5617 5620 5625 5626 5621 5618 5622 5622 5623 5639 5659 5679 5699 5709 5694 5689 5686 5679 5681 5679 5678 5681 5678 5670 5658 5656 5663 5665 5666 5666 5665 5662 5659 5656 5648 5638 5630 5619 5610 5605 5609 5602 5595 5590 5586 5583 5581 5579 5575 5571 5569 5562 5567 5577 5579 5578 5583 5590 5587 5575 5578 5573 5550 5544 5538 5518 5504 5492 5496 5504 5517 5518
5616 5621 5622 5619 5614 5608 5605 5601 5599 5601 5605 5607 5610 5614 5619 5626 5621 5620 5619 5617 5615 5625 5633 5649 5667 5674 5664 5660 5655 5643 5654 5665 5671 5674 5670 5666 5656 5652 5655 5658 5661 5663 5665 5665 5663 5654 5643 5636 5627 5617 5607 5598 5598 5604 5602 5602 5600 5595 5591 5586 5580 5573 5573 5569 5568 5576 5591 5600 5608 5620 5609 5604 5599 5587 5559 5548 5534 5515 5499 5487 5480 5494 5509 5513
5615 5619 5617 5613 5607 5602 5596 5593 5595 5598 5600 5602 5605 5608 5614 5626 5627 5627 5624 5620 5616 5624 5631 5642 5651 5658 5671 5659 5652 5648 5649 5655 5662 5667 5670 5666 5659 5651 5649 5654 5659 5664 5667 5667 5662 5651 5644 5636 5627 5616 5606 5595 5593 5602 5610 5610 5608 5603 5598 5593 5588 5577 5571 5570 5566 5569 5584 5609 5634 5654 5679 5639 5629 5604 5575 5554 5536 5517 5502 5496 5483 5492 5503 5507
5616 5618 5612 5606 5601 5594 5587 5587 5590 5593 5595 5596 5598 5601 5608 5620 5628 5631 5630 5629 5629 5630 5639 5645 5643 5641 5640 5649 5655 5653 5645 5647 5652 5659 5664 5660 5649 5637 5644 5652 5658 5665 5670 5673 5669 5651 5647 5640 5629 5619 5608 5597 5593 5601 5606 5607 5610 5606 5602 5597 5584 5573 5571 5570 5570 5575 5590 5620 5616 5586 5451 5520 5651 5615 5574 5560 5544 5528 5513 5506 5494 5495 5498 5502
5613 5611 5606 5600 5594 5589 5589 5582 5588 5590 5592 5592 5593 5596 5604 5616 5628 5640 5635 5631 5631 5632 5639 5646 5635 5628 5623 5644 5660 5669 5642 5642 5646 5650 5654 5649 5635 5636 5645 5653 5661 5668 5674 5676 5668 5651 5646 5640 5632 5622 5614 5610 5611 5607 5590 5598 5602 5599 5599 5597 5580 5567 5564 5566 5575 5586 5611 5646 5544 5347 5288 5332 5494 5656 5599 5562 5544 5539 5528 5529 5512 5502 5498 5495
5605 5603 5599 5594 5588 5582 5577 5580 5586 5588 5589 5589 5588 5588 5595 5607 5622 5634 5631 5623 5620 5624 5625 5623 5624 5626 5631 5642 5655 5657 5639 5639 5640 5641 5640 5641 5646 5645 5649 5655 5662 5669 5676 5680 5673 5652 5650 5647 5636 5625 5615 5608 5602 5593 5593 5586 5576 5586 5594 5595 5578 5567 5560 5564 5575 5592 5627 5685 5532 5312 5341 5438 5536 5650 5630 5568 5542 5543 5548 5537 5522 5508 5495 5487
5601 5598 5593 5588 5581 5575 5569 5585 5587 5587 5587 5586 5585 5583 5583 5596 5612 5623 5626 5622 5620 5621 5615 5606 5616 5629 5637 5639 5643 5641 5637 5637 5636 5634 5630 5627 5645 5651 5652 5656 5661 5669 5675 5679 5672 5654 5651 5648 5637 5625 5614 5605 5597 5591 5583 5577 5577 5581 5590 5591 5577 5566 5562 5563 5573 5589 5613 5675 5563 5384 5462 5620 5718 5683 5613 5558 5535 5533 5546 5551 5530 5513 5497 5486
5600 5595 5588 5583 5578 5573 5573 5581 5584 5584 5584 5583 5583 5583 5582 5593 5608 5620 5628 5631 5631 5627 5621 5614 5622 5628 5632 5635 5635 5637 5642 5640 5637 5632 5626 5625 5639 5646 5651 5656 5660 5665 5670 5673 5666 5655 5650 5646 5639 5627 5613 5601 5598 5597 5583 5574 5570 5574 5585 5588 5577 5566 5567 5561 5571 5585 5609 5641 5600 5521 5616 5748 5722 5621 5589 5548 5530 5522 5532 5527 5526 5516 5504 5492
5601 5590 5584 5579 5575 5572 5571 5581 5579 5577 5576 5578 5580 5584 5587 5598 5610 5621 5632 5644 5642 5638 5636 5642 5640 5635 5633 5632 5633 5640 5649 5646 5641 5636 5629 5622 5628 5641 5648 5654 5657 5660 5662 5663 5654 5644 5649 5654 5644 5630 5615 5600 5598 5593 5584 5575 5568 5569 5582 5587 5581 5572 5568 5571 5569 5577 5596 5624 5624 5623 5672 5689 5638 5616 5602 5571 5544 5523 5529 5523 5533 5524 5512 5499
5583 5581 5578 5575 5573 5572 5573 5574 5568 5568 5569 5570 5573 5576 5584 5603 5615 5625 5635 5647 5648 5645 5644 5646 5642 5637 5633 5629 5630 5638 5647 5649 5646 5644 5640 5639 5635 5639 5645 5648 5651 5652 5651 5647 5636 5634 5646 5655 5648 5635 5621 5611 5603 5598 5597 5597 5585 5581 5579 5580 5578 5573 5567 5574 5571 5572 5583 5603 5610 5609 5612 5627 5676 5671 5637 5607 5564 5536 5527 5539 5542 5522 5514 5517
5571 5573 5573 5571 5569 5567 5566 5563 5558 5561 5560 5560 5562 5565 5580 5605 5621 5633 5645 5651 5650 5646 5642 5637 5635 5634 5628 5623 5624 5631 5648 5646 5648 5650 5651 5648 5643 5640 5639 5640 5642 5643 5642 5641 5635 5634 5642 5654 5648 5636 5623 5614 5607 5604 5603 5601 5595 5587 5579 5578 5575 5570 5567 5568 5561 5557 5573 5585 5591 5579 5573 5600 5640 5684 5644 5604 5570 5557 5553 5565 5524 5493 5505 5520
5567 5566 5565 5563 5561 5560 5556 5556 5556 5555 5554 5550 5550 5556 5581 5612 5627 5639 5648 5659 5650 5643 5636 5631 5631 5636 5624 5615 5608 5619 5624 5639 5647 5652 5657 5659 5645 5640 5639 5639 5639 5639 5636 5629 5633 5622 5633 5643 5641 5632 5622 5613 5608 5603 5601 5601 5599 5600 5588 5574 5569 5566 5562 5559 5555 5552 5553 5570 5578 5569 5565 5579 5608 5627 5618 5594 5566 5555 5624 5388 5361 5448 5490 5514
5562 5561 5559 5557 5555 5551 5549 5554 5558 5553 5549 5542 5539 5551 5580 5612 5628 5643 5657 5650 5644 5636 5629 5624 5621 5621 5618 5610 5607 5618 5637 5645 5647 5651 5653 5650 5641 5639 5641 5643 5643 5641 5639 5640 5639 5624 5628 5635 5636 5628 5620 5613 5609 5605 5601 5597 5596 5596 5592 5573 5565 5562 5560 5554 5550 5547 5558 5570 5573 5567 5563 5553 5575 5603 5596 5580 5562 5553 5597 5472 5450 5474 5493 5507
5557 5556 5554 5551 5546 5544 5545 5553 5552 5551 5546 5541 5536 5552 5579 5601 5624 5638 5644 5639 5634 5629 5622 5615 5611 5617 5617 5612 5609 5619 5628 5637 5645 5648 5648 5647 5634 5637 5642 5647 5651 5650 5643 5637 5638 5630 5627 5627 5624 5622 5618 5613 5609 5604 5596 5588 5587 5587 5580 5571 5569 5565 5562 5562 5550 5549 5563 5573 5562 5564 5566 5549 5544 5581 5605 5593 5570 5553 5564 5578 5562 5518 5506 5508
5558 5553 5550 5547 5543 5540 5537 5546 5550 5549 5546 5542 5540 5556 5585 5611 5626 5631 5630 5629 5625 5620 5615 5612 5612 5625 5620 5615 5618 5622 5631 5639 5643 5646 5650 5644 5636 5641 5647 5652 5658 5662 5658 5644 5641 5633 5628 5623 5617 5618 5615 5613 5610 5605 5596 5587 5583 5584 5577 5574 5571 5567 5561 5552 5552 5564 5572 5568 5561 5562 5567 5556 5541 5569 5600 5599 5585 5563 5557 5550 5525 5518 5513 5509
5553 5548 5545 5543 5541 5539 5537 5542 5546 5547 5547 5549 5553 5567 5592 5617 5626 5623 5621 5620 5616 5614 5613 5614 5623 5632 5620 5608 5608 5622 5633 5640 5644 5642 5638 5648 5643 5644 5648 5654 5664 5679 5694 5684 5660 5648 5640 5631 5623 5623 5621 5618 5614 5611 5609 5599 5592 5583 5576 5576 5573 5567 5561 5553 5556 5568 5572 5559 5553 5556 5565 5557 5536 5546 5566 5590 5602 5575 5547 5541 5527 5521 5519 5518
5541 5540 5539 5539 5538 5538 5539 5538 5540 5543 5547 5553 5565 5577 5590 5607 5614 5613 5609 5608 5609 5608 5608 5611 5621 5625 5615 5607 5610 5624 5640 5652 5648 5639 5631 5636 5648 5648 5648 5651 5661 5679 5712 5701 5670 5660 5654 5645 5637 5629 5625 5619 5616 5615 5615 5609 5602 5591 5582 5580 5574 5569 5564 5562 5555 5561 5560 5553 5546 5550 5556 5555 5537 5525 5541 5575 5611 5600 5567 5550 5533 5524 5522 5518
5529 5532 5534 5535 5536 5537 5538 5535 5535 5539 5544 5551 5560 5571 5580 5587 5594 5600 5607 5602 5601 5602 5602 5604 5604 5611 5605 5604 5609 5623 5642 5659 5648 5636 5629 5636 5638 5638 5638 5639 5642 5648 5657 5665 5659 5664 5668 5653 5641 5628 5620 5616 5614 5614 5612 5609 5603 5601 5586 5582 5577 5571 5566 5562 5555 5557 5553 5543 5543 5550 5550 5544 5537 5534 5539 5557 5577 5578 5565 5559 5543 5533 5528 5525
5519 5523 5526 5529 5531 5534 5540 5533 5530 5530 5539 5546 5550 5558 5568 5574 5580 5586 5589 5593 5595 5595 5596 5598 5602 5597 5592 5586 5599 5617 5635 5647 5643 5629 5621 5627 5624 5626 5627 5624 5619 5609 5586 5586 5620 5649 5666 5649 5630 5619 5612 5608 5608 5610 5612 5608 5599 5577 5582 5580 5580 5571 5564 5558 5553 5554 5546 5546 5550 5555 5553 5548 5549 5545 5541 5543 5538 5540 5564 5574 5559 5545 5537 5530
5514 5518 5521 5523 5525 5525 5523 5528 5528 5529 5537 5544 5548 5553 5561 5566 5573 5576 5578 5588 5586 5586 5587 5588 5589 5591 5585 5580 5593 5609 5624 5636 5630 5619 5616 5622 5624 5622 5615 5609 5600 5587 5574 5580 5600 5627 5643 5634 5621 5607 5598 5598 5600 5603 5606 5602 5590 5593 5577 5573 5570 5568 5563 5557 5549 5551 5548 5551 5557 5557 5554 5553 5559 5556 5549 5542 5534 5538 5568 5585 5571 5560 5547 5537
5512 5514 5515 5517 5519 5522 5525 5522 5524 5529 5537 5546 5548 5553 5557 5561 5563 5573 5577 5575 5574 5576 5579 5580 5580 5576 5583 5591 5594 5601 5609 5610 5610 5609 5614 5618 5616 5611 5607 5600 5589 5578 5575 5568 5586 5606 5622 5611 5594 5582 5584 5587 5590 5591 5592 5588 5582 5580 5579 5574 5571 5568 5566 5563 5560 5549 5551 5554 5554 5554 5555 5564 5572 5568 5552 5547 5540 5542 5564 5581 5563 5551 5560 5553
5510 5509 5510 5511 5513 5516 5517 5517 5519 5526 5537 5547 5558 5556 5558 5559 5561 5566 5564 5554 5557 5565 5572 5577 5573 5568 5579 5590 5591 5593 5596 5599 5598 5597 5607 5608 5610 5608 5602 5594 5584 5569 5558 5562 5574 5585 5587 5587 5580 5577 5578 5580 5581 5580 5576 5568 5566 5563 5562 5566 5571 5571 5569 5567 5565 5556 5557 5559 5561 5559 5550 5553 5571 5568 5556 5551 5544 5542 5550 5558 5537 5516 5537 5542
5507 5506 5506 5507 5507 5509 5509 5509 5514 5527 5539 5542 5557 5556 5557 5560 5563 5560 5553 5543 5546 5557 5567 5577 5574 5565 5570 5578 5582 5584 5584 5583 5580 5579 5582 5593 5601 5604 5599 5594 5586 5573 5560 5562 5566 5571 5575 5576 5579 5581 5577 5578 5578 5574 5568 5563 5557 5558 5561 5573 5576 5573 5569 5566 5564 5558 5561 5563 5561 5554 5544 5542 5561 5574 5570 5556 5548 5541 5538 5527 5523 5516 5512 5520
5505 5505 5504 5503 5502 5503 5501 5500 5504 5523 5557 5565 5549 5551 5555 5558 5558 5553 5547 5541 5544 5553 5563 5569 5566 5557 5561 5569 5573 5575 5576 5575 5575 5572 5581 5586 5590 5589 5593 5594 5595 5592 5581 5565 5561 5563 5566 5570 5574 5570 5579 5580 5577 5573 5567 5558 5560 5560 5557 5577 5579 5574 5569 5564 5560 5561 5568 5564 5552 5541 5535 5535 5545 5552 5562 5554 5548 5547 5538 5533 5528 5520 5508 5515
5503 5502 5501 5500 5498 5495 5493 5491 5492 5535 5571 5577 5549 5545 5549 5555 5565 5557 5546 5540 5541 5553 5563 5568 5563 5555 5557 5563 5566 5568 5568 5567 5566 5578 5582 5581 5581 5582 5587 5593 5600 5603 5572 5554 5555 5560 5566 5570 5573 5582 5584 5578 5573 5568 5566 5568 5565 5557 5557 5570 5572 5569 5565 5559 5554 5550 5556 5552 5541 5534 5534 5532 5537 5549 5550 5546 5544 5544 5541 5540 5543 5551 5556 5533
5502 5499 5498 5497 5496 5492 5491 5488 5487 5504 5531 5534 5534 5536 5539 5544 5549 5547 5540 5540 5546 5555 5564 5571 5564 5554 5558 5560 5561 5561 5562 5562 5565 5572 5577 5575 5572 5573 5577 5588 5598 5594 5561 5545 5549 5557 5569 5577 5560 5582 5585 5574 5568 5564 5562 5563 5566 5552 5547 5552 5562 5562 5559 5555 5550 5546 5545 5538 5535 5537 5538 5535 5533 5548 5546 5542 5543 5537 5541 5547 5551 5555 5560 5545
5500 5496 5493 5492 5495 5498 5491 5487 5487 5494 5498 5506 5518 5522 5527 5530 5528 5521 5529 5537 5546 5555 5566 5569 5563 5552 5552 5555 5556 5557 5558 5560 5565 5572 5573 5569 5562 5553 5561 5581 5596 5598 5558 5545 5547 5553 5560 5562 5548 5543 5557 5561 5559 5557 5554 5549 5557 5549 5553 5564 5560 5556 5553 5552 5556 5552 5543 5533 5538 5540 5527 5530 5533 5535 5543 5540 5537 5537 5540 5544 5548 5556 5571 5554
5500 5494 5489 5486 5486 5487 5486 5486 5489 5491 5485 5491 5504 5511 5518 5522 5522 5519 5523 5530 5538 5554 5568 5575 5562 5550 5546 5550 5553 5554 5555 5556 5555 5568 5568 5565 5560 5554 5560 5576 5590 5595 5564 5548 5546 5549 5549 5538 5543 5541 5542 5549 5551 5549 5547 5545 5551 5570 5566 5563 5554 5547 5543 5540 5545 5560 5544 5536 5533 5530 5525 5528 5525 5526 5534 5530 5530 5535 5540 5544 5549 5555 5571 5555
5499 5491 5484 5478 5474 5474 5480 5485 5488 5486 5482 5488 5494 5502 5509 5516 5520 5517 5516 5523 5534 5548 5565 5570 5556 5541 5537 5547 5550 5551 5552 5554 5558 5564 5565 5565 5563 5563 5567 5571 5574 5566 5557 5546 5544 5547 5549 5552 5536 5532 5538 5542 5544 5544 5545 5546 5546 5597 5581 5556 5546 5539 5533 5528 5527 5511 5524 5533 5531 5529 5528 5522 5518 5521 5529 5538 5529 5534 5541 5546 5548 5551 5566 5551
