real_craters/C184-750m.grd
DSAA
211 211
-78.9075 78.9075
-78.9075 78.9075
4568.5085736066 6827.1328381791
[rows 0 to 37 of 211, columns 84 to 167 of 211]
5872 5883 5871 5860 5843 5829 5817 5788 5751 5741 5740 5742 5738 5731 5733 5745 5903 6055 6113 6134 6167 6231 6264 6104 5899 5738 5689 5697 5722 5748 5751 5761 5787 5813 5813 5816 5779 5763 5747 5733 5721 5717 5714 5701 5682 5676 5678 5678 5675 5668 5666 5662 5664 5658 5646 5631 5641 5653 5663 5655 5636 5622 5615 5615 5620 5640 5695 5749 5759 5745 5713 5676 5638 5604 5590 5589 5583 5586 5600 5615 5627 5700 5797 5655
5850 5862 5862 5864 5858 5853 5849 5809 5757 5745 5755 5769 5770 5747 5749 5761 5940 6070 6084 6092 6112 6170 6238 6126 5928 5754 5699 5710 5738 5770 5779 5785 5814 5832 5820 5805 5798 5768 5747 5734 5722 5717 5712 5701 5682 5673 5676 5684 5674 5667 5664 5669 5669 5668 5670 5675 5665 5643 5649 5643 5630 5618 5613 5614 5622 5639 5675 5711 5704 5691 5671 5646 5618 5595 5588 5580 5576 5580 5584 5592 5602 5690 5796 5739
5831 5842 5844 5841 5851 5859 5855 5815 5762 5752 5770 5799 5843 5890 5800 5777 5942 6036 6035 6025 6007 5989 6081 6057 5929 5788 5718 5725 5761 5786 5806 5824 5829 5827 5807 5806 5779 5771 5757 5740 5727 5711 5710 5702 5688 5677 5675 5679 5671 5668 5664 5665 5670 5675 5685 5705 5676 5647 5641 5635 5625 5614 5610 5613 5618 5624 5623 5651 5655 5651 5638 5620 5603 5590 5581 5575 5570 5571 5580 5603 5644 5717 5764 5792
5814 5827 5828 5821 5839 5856 5864 5821 5770 5761 5779 5808 5854 5880 5796 5781 5911 5978 5982 5961 5935 5980 6051 6061 5952 5796 5721 5738 5778 5820 5822 5827 5816 5795 5780 5763 5778 5790 5782 5760 5734 5720 5715 5709 5692 5677 5677 5679 5674 5669 5664 5669 5671 5669 5670 5664 5645 5630 5634 5630 5622 5613 5609 5611 5613 5609 5601 5615 5626 5628 5620 5606 5592 5579 5575 5570 5566 5566 5577 5607 5666 5727 5730 5673
5800 5811 5814 5816 5828 5842 5850 5825 5793 5781 5783 5789 5793 5786 5761 5782 5867 5924 5937 5923 5906 5955 6153 6183 5982 5819 5742 5757 5786 5821 5820 5799 5778 5759 5808 5808 5847 5834 5809 5779 5744 5726 5718 5715 5704 5684 5689 5687 5688 5674 5669 5668 5660 5659 5653 5637 5625 5625 5629 5630 5627 5618 5612 5615 5613 5605 5595 5607 5609 5609 5604 5597 5587 5578 5575 5568 5562 5563 5570 5581 5585 5603 5579 5562
5789 5798 5799 5803 5815 5822 5822 5820 5808 5797 5785 5771 5751 5746 5753 5783 5851 5895 5929 5935 5920 5920 6032 6036 5931 5836 5788 5788 5802 5807 5820 5852 5906 5994 5997 5965 5953 5884 5842 5814 5776 5741 5736 5747 5725 5704 5714 5700 5688 5687 5684 5670 5656 5653 5647 5637 5632 5632 5634 5640 5639 5633 5628 5627 5625 5618 5622 5615 5608 5602 5596 5591 5584 5578 5575 5570 5565 5561 5562 5563 5561 5559 5556 5552
5782 5791 5798 5802 5804 5809 5812 5816 5817 5811 5785 5759 5742 5746 5761 5780 5816 5884 5943 5992 6026 5980 5913 5849 5851 5831 5811 5827 5838 5818 5783 5792 5844 5757 5752 5899 5922 5853 5832 5838 5832 5763 5736 5738 5729 5716 5726 5724 5717 5705 5691 5669 5661 5659 5654 5648 5647 5649 5655 5660 5657 5652 5647 5641 5638 5642 5631 5615 5608 5602 5597 5591 5588 5582 5577 5572 5567 5561 5559 5558 5555 5557 5555 5555
5778 5784 5790 5791 5792 5797 5803 5810 5816 5811 5785 5754 5735 5747 5767 5798 5834 5896 5965 6037 6109 6007 5886 5808 5808 5831 5876 5863 5859 5798 5671 5534 5381 5300 5277 5456 5626 5696 5760 5823 5872 5804 5740 5732 5731 5729 5737 5734 5731 5720 5704 5686 5683 5676 5669 5665 5668 5674 5690 5683 5677 5673 5663 5655 5638 5623 5612 5611 5607 5603 5599 5595 5590 5585 5580 5574 5568 5562 5558 5559 5562 5558 5555 5558
5775 5781 5778 5776 5779 5783 5790 5802 5809 5807 5786 5755 5733 5768 5802 5827 5859 5909 5969 6031 6057 5983 5871 5800 5789 5816 5847 5870 5858 5754 5563 5321 5051 5009 4988 5134 5322 5498 5644 5763 5848 5821 5757 5737 5744 5762 5761 5745 5744 5746 5731 5716 5705 5691 5680 5676 5677 5675 5686 5688 5691 5694 5700 5673 5637 5622 5619 5612 5610 5607 5604 5600 5597 5590 5583 5576 5569 5563 5558 5560 5562 5565 5555 5560
5777 5784 5788 5771 5773 5773 5781 5793 5802 5808 5792 5767 5744 5764 5796 5843 5871 5901 5943 5988 6013 5932 5839 5773 5774 5804 5832 5874 5885 5735 5497 5234 5000 5006 5125 5072 5142 5352 5549 5699 5789 5831 5784 5739 5741 5756 5753 5734 5733 5743 5742 5722 5705 5691 5680 5677 5688 5685 5680 5689 5699 5703 5703 5678 5641 5626 5621 5616 5613 5610 5607 5605 5602 5595 5586 5578 5570 5564 5560 5561 5557 5553 5554 5571
5778 5786 5778 5775 5773 5777 5779 5785 5791 5795 5792 5789 5777 5748 5780 5827 5851 5868 5891 5914 5920 5862 5802 5756 5769 5811 5864 5889 5877 5710 5472 5224 5032 5033 5156 5093 5108 5304 5515 5685 5798 5827 5787 5740 5727 5742 5740 5718 5714 5714 5715 5701 5689 5680 5673 5668 5671 5700 5707 5707 5703 5700 5695 5674 5643 5630 5624 5621 5617 5614 5611 5608 5604 5597 5587 5578 5569 5563 5559 5561 5556 5555 5570 5586
5777 5789 5794 5773 5772 5777 5777 5776 5776 5773 5782 5798 5789 5746 5763 5786 5805 5822 5829 5827 5803 5790 5773 5758 5774 5816 5860 5871 5826 5691 5487 5257 5040 4976 5068 5095 5160 5349 5558 5721 5817 5828 5791 5752 5738 5740 5741 5714 5709 5711 5701 5686 5674 5670 5667 5667 5682 5710 5715 5712 5698 5688 5678 5662 5641 5632 5627 5625 5620 5616 5612 5611 5610 5598 5588 5579 5569 5561 5559 5561 5557 5560 5571 5585
5771 5784 5784 5766 5765 5769 5769 5768 5767 5766 5773 5785 5783 5757 5759 5766 5776 5784 5780 5766 5747 5756 5761 5761 5780 5817 5853 5874 5848 5718 5548 5350 5137 4988 5010 5176 5305 5501 5660 5769 5833 5821 5789 5754 5745 5737 5741 5715 5710 5708 5697 5680 5665 5663 5665 5671 5678 5689 5693 5686 5680 5672 5659 5644 5635 5631 5627 5624 5621 5616 5612 5608 5602 5597 5588 5580 5572 5561 5550 5570 5564 5562 5573 5579
5763 5771 5770 5755 5759 5764 5764 5762 5759 5756 5757 5763 5772 5772 5770 5773 5765 5761 5752 5742 5755 5762 5770 5783 5800 5817 5827 5840 5844 5753 5636 5511 5384 5279 5272 5471 5682 5778 5787 5800 5808 5797 5755 5734 5725 5722 5721 5717 5709 5701 5688 5673 5661 5659 5664 5673 5672 5675 5673 5666 5665 5659 5646 5634 5630 5630 5627 5625 5620 5616 5612 5607 5603 5598 5592 5584 5579 5569 5563 5579 5557 5553 5564 5575
5755 5755 5752 5751 5757 5763 5763 5759 5754 5748 5746 5752 5768 5795 5790 5777 5764 5754 5745 5737 5762 5775 5786 5802 5815 5815 5813 5810 5797 5769 5718 5678 5680 5732 5750 5860 5967 5945 5861 5827 5808 5784 5750 5730 5714 5708 5704 5701 5699 5694 5683 5670 5662 5659 5664 5667 5673 5673 5668 5662 5659 5652 5642 5634 5627 5625 5623 5620 5617 5615 5613 5611 5608 5605 5601 5594 5586 5581 5578 5575 5553 5558 5570 5582
5758 5745 5741 5746 5758 5766 5763 5757 5750 5745 5746 5758 5772 5802 5794 5773 5763 5758 5753 5754 5777 5786 5794 5802 5805 5806 5808 5817 5807 5793 5783 5791 5850 5981 5969 5963 5891 5848 5847 5825 5802 5776 5755 5725 5683 5703 5692 5691 5688 5688 5679 5661 5661 5666 5667 5672 5678 5668 5670 5670 5662 5651 5639 5629 5626 5628 5621 5616 5614 5614 5614 5615 5618 5618 5619 5616 5606 5595 5586 5559 5561 5572 5581 5589
5794 5756 5752 5746 5757 5768 5764 5757 5748 5740 5737 5744 5755 5772 5777 5765 5764 5766 5767 5773 5785 5791 5794 5795 5794 5796 5794 5790 5796 5801 5808 5835 5851 5830 5857 5850 5852 5837 5827 5802 5788 5771 5734 5523 5631 5699 5686 5685 5684 5679 5667 5654 5658 5661 5667 5675 5672 5677 5676 5678 5666 5651 5637 5627 5623 5622 5618 5614 5613 5611 5612 5613 5623 5636 5650 5654 5651 5632 5603 5560 5573 5586 5593 5597
5908 5853 5831 5800 5778 5775 5770 5761 5750 5738 5728 5732 5748 5759 5768 5772 5775 5775 5778 5784 5792 5793 5794 5792 5787 5789 5787 5783 5789 5802 5825 5841 5858 5883 5857 5860 5849 5843 5821 5797 5781 5761 5735 5724 5702 5703 5689 5680 5682 5672 5661 5658 5655 5656 5662 5668 5674 5675 5676 5672 5662 5648 5635 5623 5620 5619 5615 5611 5611 5610 5610 5612 5629 5652 5677 5699 5710 5699 5647 5604 5603 5601 5604 5609
6102 6085 5978 5875 5827 5795 5780 5766 5753 5741 5729 5734 5744 5759 5771 5779 5781 5783 5786 5790 5789 5792 5793 5791 5788 5787 5785 5782 5785 5797 5807 5818 5830 5853 5850 5834 5839 5833 5808 5806 5776 5756 5729 5716 5729 5714 5693 5672 5669 5662 5657 5665 5658 5659 5662 5664 5669 5677 5675 5669 5659 5645 5631 5621 5619 5618 5613 5610 5611 5609 5608 5612 5635 5664 5696 5730 5767 5794 5776 5706 5645 5628 5615 5612
6243 6283 6067 5898 5811 5802 5786 5771 5759 5748 5740 5741 5752 5765 5766 5774 5782 5787 5788 5785 5789 5792 5794 5794 5790 5789 5786 5786 5793 5797 5802 5809 5807 5795 5850 5860 5827 5795 5772 5748 5769 5764 5746 5742 5748 5728 5699 5679 5667 5663 5658 5654 5653 5659 5661 5661 5670 5675 5669 5661 5650 5639 5628 5618 5618 5617 5614 5612 5614 5610 5605 5618 5644 5676 5713 5754 5812 5884 5965 5908 5693 5644 5621 5611
6193 6135 6031 5899 5818 5803 5788 5776 5766 5759 5754 5755 5759 5761 5763 5776 5787 5791 5794 5794 5795 5797 5799 5802 5803 5799 5791 5790 5792 5792 5795 5803 5821 5848 5814 5798 5788 5785 5784 5779 5794 5785 5772 5773 5757 5729 5698 5681 5677 5671 5660 5652 5653 5655 5653 5662 5671 5664 5656 5648 5640 5634 5627 5622 5618 5618 5615 5614 5618 5613 5612 5625 5657 5691 5726 5765 5819 5891 5970 5881 5657 5634 5621 5613
6082 6013 5958 5889 5822 5804 5793 5785 5778 5773 5772 5767 5758 5764 5771 5779 5785 5795 5803 5800 5801 5803 5805 5809 5813 5806 5792 5786 5786 5788 5788 5788 5789 5773 5760 5760 5766 5786 5866 5900 5849 5815 5789 5766 5749 5726 5689 5686 5704 5679 5665 5656 5656 5657 5658 5680 5675 5659 5647 5641 5635 5630 5626 5622 5621 5618 5616 5616 5618 5621 5630 5647 5680 5707 5730 5751 5777 5793 5791 5805 5638 5639 5623 5616
5971 5922 5899 5862 5819 5804 5798 5792 5786 5781 5773 5766 5767 5773 5779 5783 5789 5796 5805 5811 5808 5809 5810 5812 5811 5804 5793 5785 5784 5778 5775 5773 5765 5754 5744 5741 5759 5803 5880 5915 5869 5828 5794 5764 5747 5705 5677 5682 5688 5680 5675 5673 5669 5655 5669 5682 5683 5663 5647 5651 5639 5623 5622 5625 5621 5625 5630 5622 5617 5638 5689 5705 5713 5724 5729 5734 5724 5697 5663 5661 5643 5638 5629 5622
5908 5890 5868 5844 5822 5809 5803 5799 5794 5790 5783 5774 5773 5779 5785 5786 5788 5796 5803 5807 5809 5810 5812 5813 5813 5807 5794 5781 5769 5767 5765 5760 5749 5739 5726 5727 5745 5784 5838 5859 5845 5820 5793 5770 5739 5693 5672 5690 5694 5711 5754 5778 5763 5700 5679 5684 5724 5733 5716 5708 5649 5625 5620 5636 5644 5663 5675 5666 5625 5672 5715 5743 5751 5746 5732 5711 5679 5646 5625 5637 5650 5644 5635 5625
5888 5873 5855 5839 5822 5814 5811 5806 5802 5798 5793 5780 5778 5782 5786 5790 5794 5798 5804 5810 5808 5807 5808 5810 5812 5804 5781 5770 5766 5760 5755 5750 5744 5733 5723 5722 5733 5758 5780 5806 5807 5795 5776 5757 5725 5681 5669 5707 5733 5798 5940 6003 5937 5836 5756 5733 5814 5907 5957 5823 5690 5661 5675 5735 5761 5746 5766 5800 5840 5874 5780 5806 5806 5778 5741 5702 5658 5626 5618 5633 5653 5652 5641 5627
5828 5844 5843 5836 5830 5826 5820 5814 5808 5803 5797 5790 5787 5789 5791 5791 5793 5796 5799 5803 5802 5801 5802 5803 5803 5795 5768 5758 5755 5751 5748 5745 5741 5733 5723 5722 5730 5746 5759 5772 5774 5769 5755 5736 5710 5687 5682 5734 5798 5942 6217 6390 6218 6013 5898 5834 5919 6030 6125 5898 5727 5738 5858 5958 5906 5842 5859 5930 6062 6104 6084 5965 5882 5816 5753 5699 5650 5618 5617 5634 5652 5653 5644 5629
5816 5826 5834 5840 5839 5837 5831 5823 5814 5806 5800 5795 5788 5790 5790 5789 5791 5792 5791 5790 5791 5792 5792 5792 5789 5780 5759 5750 5747 5743 5741 5741 5741 5733 5726 5726 5734 5744 5752 5755 5754 5748 5736 5723 5718 5725 5750 5836 5929 6094 6464 6733 6481 6283 6158 6018 6030 6034 5949 5864 5774 5833 6011 6056 5981 5912 5911 5954 6049 6173 6210 6052 5929 5834 5759 5695 5649 5618 5621 5640 5653 5656 5644 5635
5820 5824 5831 5837 5843 5845 5841 5831 5820 5809 5803 5800 5791 5787 5785 5783 5783 5782 5775 5776 5779 5781 5782 5780 5775 5765 5755 5744 5734 5730 5735 5736 5731 5734 5734 5734 5732 5741 5749 5746 5739 5731 5719 5714 5727 5760 5898 6022 6193 6356 6634 6811 6783 6673 6554 6299 6207 6088 5934 5856 5824 5917 6131 6099 6030 5964 5924 5901 5913 6051 6096 6031 5935 5848 5772 5705 5650 5616 5624 5648 5661 5651 5638 5629
5829 5824 5825 5836 5847 5859 5850 5838 5827 5816 5807 5802 5789 5784 5779 5776 5772 5771 5768 5767 5769 5771 5771 5770 5766 5760 5749 5742 5734 5730 5738 5742 5738 5736 5736 5735 5733 5738 5744 5743 5735 5725 5715 5709 5738 5837 6026 6300 6597 6744 6768 6804 6817 6809 6780 6642 6432 6256 6067 5981 5945 6024 6228 6184 6094 6038 5894 5825 5789 5833 5957 5949 5907 5846 5781 5714 5653 5609 5630 5650 5652 5638 5632 5624
5826 5821 5817 5820 5841 5853 5852 5842 5831 5823 5807 5798 5788 5779 5774 5770 5766 5764 5766 5763 5765 5766 5764 5762 5760 5757 5751 5744 5741 5745 5744 5748 5744 5739 5737 5738 5733 5739 5746 5743 5735 5731 5728 5728 5792 5967 6209 6488 6729 6779 6794 6801 6784 6775 6776 6754 6623 6497 6387 6256 6082 6005 6190 6156 6008 5835 5797 5762 5743 5753 5814 5853 5860 5837 5801 5745 5676 5612 5645 5650 5645 5634 5630 5624
5826 5820 5814 5820 5838 5856 5852 5842 5830 5816 5807 5799 5786 5771 5768 5764 5762 5760 5758 5762 5762 5761 5758 5756 5753 5751 5748 5744 5742 5743 5746 5750 5746 5741 5737 5731 5732 5736 5740 5742 5741 5745 5763 5806 5900 6098 6389 6561 6659 6741 6793 6795 6785 6783 6779 6774 6730 6692 6693 6541 6235 6072 6061 6045 5899 5762 5731 5725 5719 5717 5738 5806 5841 5850 5836 5803 5753 5688 5651 5647 5643 5638 5631 5624
5827 5822 5817 5822 5838 5850 5848 5840 5827 5811 5807 5796 5789 5773 5767 5762 5761 5767 5766 5765 5762 5759 5757 5753 5749 5743 5742 5742 5740 5738 5745 5749 5746 5742 5739 5737 5735 5736 5740 5746 5749 5764 5804 5893 6027 6366 6468 6526 6634 6739 6802 6791 6778 6783 6784 6775 6774 6771 6757 6602 6299 6021 5950 5888 5833 5746 5722 5717 5696 5664 5729 5804 5836 5851 5851 5843 5822 5763 5659 5647 5641 5643 5631 5623
5831 5832 5832 5836 5843 5847 5844 5836 5827 5816 5803 5792 5783 5778 5767 5760 5755 5757 5773 5765 5761 5757 5754 5751 5748 5742 5741 5741 5740 5739 5744 5750 5746 5743 5742 5741 5738 5738 5739 5745 5753 5773 5820 5900 6030 6339 6565 6621 6708 6781 6808 6794 6782 6786 6799 6800 6799 6779 6734 6605 6328 6134 6036 5904 5844 5786 5776 5773 5751 5747 5853 5874 5886 5890 5896 5909 5901 5820 5727 5651 5641 5639 5630 5620
5834 5841 5852 5851 5848 5848 5843 5834 5823 5811 5798 5795 5782 5772 5763 5758 5752 5747 5756 5759 5758 5755 5753 5751 5749 5750 5744 5741 5741 5744 5744 5743 5742 5742 5743 5745 5741 5738 5736 5742 5752 5772 5808 5872 5958 6186 6543 6736 6772 6795 6801 6797 6789 6799 6812 6827 6806 6757 6665 6497 6308 6107 5979 5922 5886 5886 5877 5873 5878 5905 5986 5960 5939 5931 5926 5944 6025 5998 5833 5707 5663 5645 5628 5615
5833 5845 5856 5855 5848 5842 5834 5829 5823 5810 5799 5788 5776 5762 5759 5758 5757 5756 5756 5756 5758 5757 5754 5750 5746 5741 5741 5739 5739 5740 5737 5733 5736 5738 5740 5743 5739 5731 5731 5737 5746 5763 5789 5816 5863 5996 6325 6661 6736 6792 6792 6785 6801 6805 6802 6792 6772 6737 6658 6487 6344 6089 6000 5966 5931 5908 5906 5951 6047 6058 6010 6028 6007 5967 5929 5890 5867 5925 5854 5733 5680 5646 5624 5613
5831 5840 5854 5849 5843 5836 5828 5821 5814 5797 5779 5773 5766 5755 5754 5753 5755 5757 5748 5752 5753 5752 5751 5750 5746 5741 5734 5734 5732 5732 5730 5727 5731 5734 5737 5737 5733 5726 5724 5727 5741 5760 5785 5800 5806 5860 6063 6359 6541 6708 6715 6685 6710 6714 6725 6704 6733 6757 6753 6746 6527 6239 6046 6029 5971 5913 5901 5974 6136 6340 6210 6174 6097 5998 5909 5819 5722 5709 5750 5736 5685 5651 5627 5611
5813 5820 5832 5834 5832 5830 5827 5811 5793 5780 5770 5764 5760 5753 5750 5747 5737 5730 5751 5755 5756 5755 5754 5752 5749 5742 5732 5729 5726 5721 5715 5723 5726 5729 5732 5734 5735 5729 5724 5724 5737 5758 5786 5802 5784 5794 5886 6058 6214 6317 6358 6533 6604 6672 6738 6763 6789 6784 6789 6779 6708 6575 6320 6127 5996 5917 5894 5936 6027 6313 6507 6330 6151 6020 5898 5794 5702 5679 5697 5701 5675 5650 5628 5605
5800 5800 5806 5815 5818 5819 5816 5801 5782 5774 5759 5753 5745 5750 5764 5762 5741 5738 5756 5756 5754 5753 5753 5752 5754 5748 5738 5728 5721 5715 5709 5715 5721 5725 5728 5730 5731 5730 5725 5724 5732 5748 5770 5783 5774 5759 5766 5837 5939 6016 6277 6455 6643 6744 6751 6753 6769 6771 6771 6758 6761 6708 6378 6153 6020 5937 5899 5917 5978 6200 6443 6304 6120 5984 5867 5785 5732 5690 5678 5673 5659 5639 5618 5596
