real_craters/C184-300m.grd
DSAA
527 527
-78.9075 78.9075
-78.9075 78.9075
4564.5734845056 6827.311859168
[rows 390 to 419 of 527, columns 268 to 334 of 527]
5723.88 5737.61 5750.92 5762.5 5772.09 5778.53 5782.32 5779.03 5769.51 5754.85 5737.52 5728.28 5721.31 5710.61 5696.51 5681.66 5669.18 5661.21 5659.7 5668.54 5684.91 5706.75 5732.6 5760.87 5790.53 5818.1 5833.22 5823.45 5806.33 5787.83 5770.4 5754.27 5739.39 5726.01 5714.47 5705.63 5705.13 5705.86 5706.4 5704.55 5701.68 5698.29 5694.84 5691.26 5687.99 5684.46 5681.33 5678.58 5676.46 5674.99 5672.74 5668.68 5665.77 5663.37 5662.27 5661.99 5663.84 5665.44 5667.58 5668.2 5666.26 5662.94 5658.78 5654.1 5648.82 5643.94 5639.69
5723.39 5740.57 5756.71 5771.35 5783.8 5793.14 5797.42 5795.05 5784.56 5766.17 5743.68 5734.13 5725.18 5713.06 5697.64 5682.33 5668.9 5659.56 5657.19 5666.77 5683.21 5704.05 5728.37 5754.64 5781.38 5806.4 5821.79 5813.46 5797.01 5779.48 5763.03 5747.98 5734.09 5721.48 5710.02 5702.3 5704.68 5706.2 5705.28 5703.12 5700.44 5697.27 5694.22 5690.9 5687.8 5684.74 5681.67 5678.71 5675.92 5673 5669.7 5667.53 5665.33 5663.07 5661.65 5660.9 5663.66 5664.85 5665.61 5665.94 5663.9 5660.44 5656.38 5652.49 5647.71 5643.61 5639.3
5724.78 5743.59 5762.39 5780.14 5796.17 5809.27 5817.75 5819.12 5810.93 5790.95 5766.69 5753.63 5739.05 5721.54 5701.45 5684.42 5669.89 5659.36 5656.27 5665.32 5680.46 5699.19 5720.52 5742.93 5765.36 5786.83 5802.47 5794.53 5779.33 5764.43 5750.91 5738.52 5727.19 5716.91 5707.5 5701.84 5706.64 5707.23 5705.01 5702.27 5699.5 5696.42 5693.46 5690.22 5687.31 5684.35 5681.36 5678.41 5675.49 5671.78 5668.06 5666.98 5664.94 5663.07 5661.03 5659.37 5660.67 5664.22 5666.74 5665.01 5662.44 5659.4 5655.72 5651.33 5647.15 5642.94 5638.66
5726.26 5747.22 5768.43 5789.37 5809.31 5827.9 5842.77 5851.48 5849.49 5832.28 5805.67 5787.63 5761.9 5731.3 5706.48 5688.57 5672.77 5661.56 5658.62 5665.07 5677.72 5693.59 5710.5 5727.72 5744.03 5758.85 5769.77 5764.7 5753.61 5743.92 5735.14 5726.88 5719.13 5712.41 5707.16 5705.05 5707.56 5706.61 5703.83 5700.99 5698.14 5695.11 5692.11 5689.06 5686.01 5682.96 5680.13 5677.71 5675.45 5673.37 5671.54 5668.45 5664.64 5662.35 5660.83 5660.93 5660.64 5663.78 5664.11 5663.25 5660.66 5657.65 5653.95 5649.87 5645.77 5641.45 5637.53
5727.64 5750.14 5773.43 5797.85 5822.02 5846.02 5868.84 5888.69 5900.68 5895.72 5869.33 5837.01 5794.42 5750.82 5718.15 5695.72 5677.26 5663.71 5659.99 5665.33 5675.47 5687.53 5699.74 5711.24 5720.46 5726.17 5725.43 5724.13 5723.38 5721.11 5717.62 5713.83 5710.05 5707 5705.87 5706.01 5706.56 5704.03 5701.45 5698.96 5696.35 5693.63 5690.65 5687.76 5684.78 5681.82 5679.11 5676.57 5674.53 5673.68 5673.86 5668.66 5663.36 5660.54 5659.32 5661.54 5666.72 5666.04 5663.31 5661.32 5659 5656.2 5652.92 5649.15 5644.99 5640.93 5637.11
5728.58 5752.31 5777 5803.04 5830.47 5859.67 5890.06 5922.23 5954.14 5977.77 5953.81 5890.49 5827.6 5774.97 5734.34 5703.35 5682.71 5669.15 5664.84 5667.48 5674.42 5682.49 5689.97 5696.03 5698.95 5698.1 5692.85 5691.68 5695.67 5699.2 5700.66 5700.91 5700.21 5699.75 5699.97 5699.75 5698.36 5698.83 5697.65 5695.95 5693.71 5691.24 5688.59 5685.9 5683 5680.08 5677.62 5675 5672.59 5670.4 5667.72 5663.65 5660.04 5657.45 5655.37 5656.29 5665.1 5664.73 5660.91 5659.07 5656.68 5654.46 5651.58 5648.12 5644.56 5640.54 5636.04
5729.33 5752.66 5776.67 5803.64 5832.89 5864.59 5899.68 5939.3 5984.39 6031.28 6005.3 5920.35 5844.22 5781.15 5733.42 5705.63 5687.76 5675.8 5672.26 5672.25 5675.46 5679.33 5682.63 5684.12 5682.84 5677.87 5671.04 5667.92 5674.19 5681.5 5686.36 5689.31 5690.61 5691.25 5692.35 5693.02 5692.87 5694.01 5693.84 5692.38 5690.45 5688.28 5685.9 5683.41 5681.08 5678.54 5675.9 5673.01 5670.08 5666.34 5660.83 5657.96 5656.76 5654.57 5651.81 5651.3 5657.03 5658.24 5657.87 5657.39 5655.23 5652.23 5649.44 5645.87 5642.3 5639.11 5634.17
5727.99 5750.31 5774.24 5800.33 5828.73 5859.68 5894.12 5932.68 5972.8 6006.57 5980.22 5910.76 5838.58 5773.05 5724.44 5705.03 5693.44 5684.91 5681.55 5678.87 5678.58 5678.87 5678.67 5677.09 5673.39 5666.33 5657.41 5651.98 5660.67 5669.96 5676.54 5680.35 5682.47 5683.25 5683.47 5688.05 5690.96 5690.86 5690.31 5689.09 5687.43 5685.23 5682.99 5680.82 5678.87 5676.43 5673.94 5671.29 5668.39 5664.95 5661.03 5658.45 5656.13 5653.44 5650.54 5650.14 5654.62 5659.6 5658.11 5655.82 5653.43 5650.51 5647.37 5644.06 5640.26 5635.98 5631.41
5724.73 5745.34 5767.89 5791.93 5817.62 5845.16 5874.47 5904.64 5930.52 5943 5923.27 5875.54 5818 5762.75 5722.26 5706.26 5701.16 5698.7 5692.71 5686.62 5682.9 5680.56 5677.86 5674.68 5670.27 5663.6 5655.08 5647.71 5657.7 5666.04 5671.73 5674.77 5676.69 5677.72 5678.25 5684.53 5688.07 5687.52 5686.84 5685.67 5684.07 5682.33 5680.48 5678.38 5676.32 5674.14 5671.89 5669.5 5667.02 5664.67 5662.79 5660.51 5656.92 5653.94 5651.61 5651.1 5654.21 5657.1 5656.21 5653.82 5651.43 5648.4 5644.88 5640.95 5637.4 5633.25 5628.47
5719.63 5738.07 5757.63 5778.77 5800.52 5823.36 5845.57 5865.87 5879.92 5878.33 5865.34 5832.96 5790.31 5746.96 5713.41 5705.2 5708.61 5710.22 5702.55 5693.82 5687.39 5682.89 5678.82 5675.34 5671.68 5668.22 5665.12 5662.66 5667.12 5669.64 5671.19 5672.19 5673.3 5674.62 5676.49 5680.78 5683.49 5683.3 5682.84 5681.87 5680.72 5679.39 5677.92 5676.22 5674.23 5672.38 5670.25 5668.33 5666.24 5664.23 5662.46 5660.3 5657.31 5654.71 5653.34 5652.71 5652.66 5653.3 5652.93 5651.09 5648.05 5644.65 5641.33 5637.48 5633.57 5629.07 5623.78
5712.71 5728.57 5745.08 5761.95 5778.86 5795.93 5811.03 5823 5830.88 5832.84 5816.49 5792.13 5761.85 5729.52 5702.35 5702.7 5714.74 5720.03 5708.23 5697.79 5689.83 5684.15 5679.93 5677.14 5675.41 5675.65 5679.02 5687.2 5682.6 5676.22 5672.83 5671.15 5670.97 5672.01 5674.6 5677.24 5678.79 5678.7 5678.52 5677.89 5677.1 5676.16 5675.06 5673.75 5672.16 5670.4 5668.79 5667.04 5665.24 5663.49 5661.51 5659.42 5657.05 5654.9 5652.89 5651.85 5651.03 5649.59 5651.15 5649.19 5646.26 5642.88 5638.9 5635.33 5631.31 5627.44 5622.38
5704.6 5717.17 5730.52 5744.03 5756.16 5766.37 5774.67 5778.86 5778.56 5775.43 5768.62 5754.74 5736.14 5716.26 5701.45 5703.21 5713.8 5717.28 5706.53 5696.49 5689.1 5683.98 5680.61 5678.88 5678.48 5680.48 5685.45 5691.82 5687.48 5679.23 5673.73 5669.89 5668.26 5668.09 5669.85 5673.48 5673.69 5673.71 5673.75 5673.63 5673.27 5672.75 5672.1 5671.15 5670.34 5669.26 5667.75 5666.33 5664.71 5662.8 5660.46 5657.75 5656.7 5655.58 5654.39 5652.31 5650.49 5654.04 5650.67 5647.02 5643.79 5639.72 5637.6 5632.91 5628.77 5624.55 5620.5
5694.55 5704.75 5715.25 5725.07 5733.2 5739.12 5740.68 5738.42 5730.68 5725.65 5726.83 5722.12 5713.22 5704.12 5700.93 5701.03 5701.65 5701.97 5697.29 5690.65 5685.49 5681.97 5680.71 5680.02 5680.15 5682 5684.25 5685.06 5682.41 5677.95 5672.54 5668.07 5664.57 5663.03 5663.82 5665.97 5667.27 5668.26 5668.97 5669.29 5669.38 5669.56 5669.31 5668.85 5668.45 5667.75 5666.84 5665.78 5664.16 5662.68 5660.77 5658.94 5657.95 5656.43 5655.4 5653.62 5651.07 5647.76 5646.97 5644.44 5641.13 5637.73 5634.15 5630.22 5626.43 5622.37 5618.37
5682.31 5691.02 5699.54 5706.86 5712.51 5714.66 5712.58 5706.17 5696 5691.66 5695.71 5695.97 5692.68 5688.4 5686.41 5684.96 5685.62 5685.7 5684.47 5682.62 5680.66 5679.29 5678.31 5679.21 5679.61 5681 5681.39 5680.49 5678.08 5675.63 5670.88 5665.82 5661 5656.63 5655.87 5657.69 5660.59 5662.8 5664.26 5665.44 5665.92 5666.29 5666.42 5666.39 5666.49 5666.17 5665.7 5665.09 5664.25 5663.39 5662.09 5661.33 5660 5657.89 5655.27 5654.97 5653.4 5649.85 5646.26 5642.82 5639.14 5635.56 5631.61 5627.82 5623.75 5619.71 5615.87
5669.22 5677.34 5684.73 5690.7 5694.5 5695.49 5691.8 5683.52 5673.44 5671.1 5674.99 5676.7 5675.27 5671.58 5666.51 5662.62 5661.97 5667.77 5671.99 5673.78 5674.95 5675.42 5675.77 5677.46 5678.73 5679.26 5679.72 5680.22 5680.06 5673.94 5669.18 5664.33 5659.23 5654.77 5653.09 5654.03 5656.19 5658.68 5660.34 5661.87 5662.75 5663.46 5663.98 5664.34 5664.68 5664.78 5664.75 5664.65 5664.2 5663.94 5663.46 5662.83 5662.12 5660.96 5659.62 5657.68 5658.09 5652.1 5645.7 5641.33 5637.81 5634.46 5630.97 5627.23 5623.35 5619.83 5615.33
5656.89 5665.08 5672.3 5677.71 5681.02 5681.72 5678.24 5670.32 5659.04 5658.99 5663.32 5664.52 5662.98 5658.93 5652.61 5647.53 5648.61 5655.56 5661.95 5665.76 5668.83 5670.76 5672.99 5674.21 5676.23 5676.71 5676.79 5675.79 5673.23 5670.7 5667.46 5663.37 5658.85 5655.61 5652.85 5652.46 5653.62 5655.46 5656.98 5658.57 5659.75 5660.76 5661.63 5662.35 5662.99 5663.52 5664.11 5664.43 5664.63 5664.65 5664.59 5664.61 5664.11 5662.69 5660.83 5656.69 5651.93 5647.71 5642.65 5639.68 5636.65 5633.38 5630.23 5626.51 5622.39 5618.49 5614.5
5646.97 5655.07 5662.03 5667.22 5670.52 5671.91 5671.5 5668.35 5662.39 5660.36 5659.91 5658.66 5656.06 5652.01 5646.3 5642.54 5646.65 5650.95 5655.32 5659.91 5664.15 5666.95 5669.38 5671.15 5673.01 5673.78 5673.46 5671.35 5668.19 5668.05 5666.29 5663.09 5659.16 5654.44 5652.4 5651.45 5651.81 5652.94 5654.53 5655.85 5657.15 5658.38 5659.53 5660.99 5662 5662.9 5664 5664.53 5664.95 5665.43 5665.49 5665.47 5664.7 5662.3 5659.21 5654.46 5648.42 5644.71 5641.42 5638.78 5636.04 5632.84 5628.97 5625.02 5621.27 5617.39 5613.41
5641.6 5648.94 5654.74 5659.4 5662.77 5665.62 5668.47 5672.27 5674.23 5667.07 5660.68 5656.69 5653.31 5649.94 5646.1 5644.56 5646.18 5648.9 5652.01 5656.19 5659.68 5662.74 5665.71 5667.91 5669.82 5670.73 5670.95 5670.25 5669.53 5668.26 5666.37 5663.52 5660.39 5657.49 5652.99 5651.01 5650.58 5651.13 5652.58 5654.02 5655.56 5657.11 5658.39 5659.81 5661.52 5662.88 5663.71 5664.47 5665.38 5665.89 5665.93 5665.28 5663.77 5661.32 5657.97 5653.71 5649.57 5644.88 5640.83 5638.97 5635.91 5632.48 5628.85 5624.48 5620.36 5616.41 5612.16
5640.9 5646.05 5650.12 5653.72 5656.66 5659.75 5663.57 5669.88 5677.52 5667.92 5659.64 5655.57 5652.62 5650.47 5648.28 5647.07 5645.83 5647.75 5649.94 5653.01 5655.58 5658.79 5661.58 5664.04 5666.2 5667.81 5669.08 5670.12 5669.89 5669.12 5666.67 5663.65 5660.64 5657.78 5655.49 5651.31 5649.19 5649.07 5650.72 5652.42 5654.22 5656.36 5658.22 5660.01 5661.86 5663.42 5664.62 5665.88 5666.78 5666.92 5667 5665.74 5663.18 5660.75 5657.02 5652.53 5648.64 5645.52 5644.65 5640.14 5636.36 5632.82 5629.15 5625.05 5621.07 5616.86 5612.24
5643.32 5645.36 5647.73 5649.2 5651.01 5652.73 5654.64 5655.83 5657.89 5658.59 5655.85 5653.7 5652.52 5652.03 5651.16 5651.11 5648.96 5647.47 5648.03 5649.88 5652.34 5655.12 5657.84 5660.11 5662.42 5664.64 5666.89 5669.56 5672.1 5670.45 5666.1 5662.5 5659.14 5655.34 5651.51 5647.93 5646.29 5646.75 5648.12 5650.54 5652.77 5654.92 5657.78 5659.97 5662.1 5664.02 5665.03 5666.17 5667.4 5668.45 5668.86 5668.33 5666.98 5662.94 5657.16 5650.72 5646.12 5644.85 5642.27 5640.69 5637.44 5633.73 5629.66 5625.47 5621.69 5617.86 5613.56
5644.64 5644.8 5645.27 5645.35 5645.65 5645.5 5645.58 5643.23 5643.83 5649.64 5651.67 5652.42 5653.33 5653.82 5654.33 5653.71 5649.81 5646.86 5646.17 5647.18 5648.68 5650.97 5653.43 5655.65 5658.3 5661.58 5664.1 5666.8 5668.31 5666.91 5663.26 5659.64 5655.56 5648.94 5642 5641.44 5642.26 5644.07 5647.08 5649.61 5652.08 5654.91 5657.16 5659.48 5661.88 5663.96 5666.59 5668.17 5669.55 5670.61 5670.69 5671.15 5670.69 5666.32 5658.73 5650.77 5646.31 5645.71 5645.28 5643.07 5639.09 5635.13 5631.04 5626.8 5622.68 5618.72 5614.39
5644.69 5644.03 5643.08 5641.87 5640.68 5639.73 5639.32 5640.3 5641.69 5644.93 5648.6 5652.2 5654.52 5656.45 5658.07 5654.15 5648.14 5645.47 5644.65 5645.29 5646.3 5648.22 5650.36 5652.74 5655.34 5657.97 5660.36 5662.55 5662.53 5661.03 5658.96 5655.3 5651.21 5642.61 5634.6 5636.14 5639.14 5642.2 5645.2 5648.36 5652.04 5654.72 5657.39 5659.97 5663.09 5665.01 5667.29 5669.61 5671.19 5672.22 5672.96 5673.2 5671.92 5667.5 5660.22 5652.76 5648.59 5647.52 5647.95 5645.31 5640.22 5636.34 5632.28 5628.16 5624.05 5619.89 5615.6
5645.09 5643.21 5640.82 5638.23 5635.87 5633.52 5632.54 5634.93 5637.99 5641.55 5646.24 5651.7 5656.31 5660.57 5663.31 5661.55 5648.38 5643.95 5642.91 5643.26 5644.45 5646.11 5648.11 5650.18 5652.4 5654.55 5656.52 5658.59 5659.73 5659.7 5655.11 5649.97 5644.88 5637.55 5632.7 5634.31 5637.91 5641.55 5644.75 5648.59 5652.46 5655.61 5658.67 5661.09 5664 5666.48 5669.02 5671.38 5673.18 5674.18 5674.74 5674.36 5672.5 5666.96 5660.81 5657.06 5651.52 5648.19 5646.35 5643.65 5640.03 5636.96 5633.19 5629.4 5625.34 5621.29 5617.25
5646.22 5642.21 5638.15 5634.81 5631.95 5628.88 5625.21 5621.31 5628.33 5636.93 5644.45 5651.45 5656.91 5663.01 5667.93 5667.34 5649.23 5643.06 5641.74 5641.8 5642.69 5644.05 5645.71 5647.51 5649.3 5650.98 5652.73 5654.41 5655.88 5656.09 5650.94 5644.8 5637.37 5634.34 5633.3 5635.16 5638.52 5642.23 5645.55 5649.51 5652.68 5656.5 5659.47 5662.13 5664.98 5667.95 5670.37 5672.59 5674.52 5675.62 5676.16 5675.28 5672.05 5665.4 5659.45 5653.13 5650.62 5647.79 5644.49 5641.2 5639.93 5637.61 5634.25 5630.54 5626.48 5622.54 5618.58
5644.32 5638.53 5634.34 5631.21 5628.62 5626.05 5623.02 5621.54 5627.09 5635.13 5643 5649.99 5657 5663.55 5668.34 5667.79 5650.46 5642.88 5640.76 5640.35 5640.95 5641.99 5643.27 5644.74 5646.02 5647.36 5648.6 5649.58 5650.05 5649.09 5646.68 5642.5 5636.8 5635.14 5635.44 5637.55 5640.55 5643.92 5647.38 5650.6 5653.69 5656.78 5659.3 5662.78 5665.71 5668.4 5670.94 5673.27 5675.31 5676.88 5677.58 5676.68 5673.74 5665.86 5659.36 5654.28 5650.35 5647.94 5645.87 5643.73 5641.81 5639.34 5635.79 5631.8 5627.65 5623.7 5619.89
5634.89 5630.89 5628.74 5627.27 5626.42 5625.5 5624.61 5624.84 5629.51 5635.7 5642.43 5648.92 5655.3 5660.78 5664.37 5661.28 5648.91 5641.91 5639.44 5638.96 5639.34 5640.19 5641.07 5642.07 5642.84 5643.59 5644.2 5644.52 5644.47 5644.41 5643.78 5643.43 5642.16 5639.15 5639.46 5641.3 5643.6 5645.96 5648.96 5651.09 5654.28 5657.23 5660.08 5662.93 5665.95 5668.71 5671.03 5673.88 5676.34 5678.13 5678.94 5678.58 5676.08 5668.44 5659.64 5653.33 5650.49 5649.05 5648.54 5647.76 5644.91 5641.44 5637.3 5633.08 5628.76 5624.49 5620.74
5618.8 5620.28 5622 5623.48 5624.91 5626.3 5627.85 5630.27 5632.96 5637.16 5642.11 5647.1 5652.15 5656.55 5659.37 5656.33 5645.67 5640.07 5638.34 5638 5638.27 5638.8 5639.37 5639.72 5640.06 5640.14 5640.05 5639.53 5639.07 5638.88 5640.42 5644.28 5647.99 5646.84 5645.6 5645.49 5646.4 5647.71 5649.98 5652.35 5654.79 5657.72 5660.35 5663.42 5666.11 5668.78 5671.59 5674.58 5676.41 5678.47 5679.87 5680.41 5678.58 5669.76 5659.22 5651.66 5650.34 5650.27 5650.95 5651.72 5647.93 5643.26 5638.6 5634.01 5629.57 5625.19 5621.1
5607 5611.59 5616.6 5620.72 5624.39 5627.67 5631.1 5633.54 5635.5 5638.04 5641.15 5644.65 5648.05 5650.87 5652.14 5649.39 5642.28 5638.36 5637.5 5637.39 5637.63 5637.87 5637.92 5637.87 5637.58 5637.14 5636.2 5635.12 5633.98 5633.84 5635.49 5640.54 5647.3 5652.2 5650.23 5648.81 5648.66 5649.47 5651.09 5652.65 5655.07 5657.56 5660.35 5663.94 5666.55 5669.29 5671.83 5674.34 5676.63 5678.76 5680.16 5680.52 5679.21 5671.06 5659.93 5652.4 5650.92 5651.08 5651.81 5652.71 5649.03 5644.14 5639.35 5634.66 5630.06 5625.64 5621.36
5605.18 5608.49 5613.96 5619.16 5624.05 5628.95 5633.74 5636.53 5636.82 5637.88 5639.54 5641.57 5643.69 5644.94 5644.05 5642.36 5638.96 5636.99 5637.19 5637.28 5637.3 5637.05 5636.6 5636.05 5635.57 5634.22 5633.05 5631.62 5629.68 5628 5628.56 5633.04 5641.23 5649.24 5650.74 5650.4 5650.38 5650.88 5652.2 5653.91 5655.26 5657.18 5660.4 5662.79 5665.43 5667.93 5670.52 5673.77 5675.95 5678.11 5679.63 5679.48 5677.11 5669.15 5660.14 5654.06 5651.89 5651.34 5651.21 5650.16 5647.95 5644.05 5639.54 5635.13 5630.37 5625.85 5621.37
5606.39 5608.83 5613.92 5619.25 5624.24 5629.01 5633.48 5635.84 5636.41 5637 5637.98 5639.05 5639.87 5640.27 5639.97 5639.28 5638.46 5638.37 5638.29 5638.08 5637.63 5637 5635.88 5635.33 5634.11 5632.21 5631.04 5629.14 5627.01 5625.01 5624.61 5628.14 5637.23 5646.26 5648.96 5649.88 5650.49 5651.25 5652.55 5654.08 5654.92 5657.36 5660.65 5662.81 5664.95 5667.26 5669.36 5672.29 5674.45 5676.38 5677.68 5677.32 5674.64 5666.46 5658.58 5654.22 5652.45 5651.37 5650.54 5649.91 5647.63 5643.63 5639.75 5635.52 5630.9 5626.24 5621.55
