real_craters/C184-300m.grd
DSAA
527 527
-78.9075 78.9075
-78.9075 78.9075
4564.5734845056 6827.311859168
[rows 270 to 299 of 527, columns 268 to 334 of 527]
5337.57 5306.95 5278.42 5250.18 5225.51 5200.13 5176.96 5156.18 5138.38 5123.02 5107.59 5087.74 5060.87 5036.66 5017.23 5001.07 4988.09 4978.66 4969.96 4963.76 4959.11 4956.09 4954.26 4953.37 4953.02 4951.75 4949.41 4941.42 4929.7 4922.08 4909.78 4898.48 4886.33 4878.97 4876.17 4879.56 4878.29 4881.88 4888.57 4898.96 4915.08 4947.39 4986.7 5028.6 5073.08 5116.17 5159.34 5200.66 5239.92 5277.48 5311.68 5340.96 5364.8 5381.38 5396.11 5416.37 5438.45 5466.54 5504.58 5556.42 5650.08 5774.83 5904.89 6028.4 6134.48 6156.14 6153.01
5287.65 5263.57 5238.29 5213.12 5189.22 5166.54 5145.33 5125.95 5108.27 5092.57 5075.07 5050.81 5030.67 5014.07 4999.9 4987.86 4977.85 4968.95 4962.11 4956.7 4952.65 4949.37 4947.15 4944.99 4941.97 4936.46 4928.13 4926.9 4923.23 4916.04 4906.28 4896.77 4888 4879.17 4876.97 4881.86 4883.62 4891.54 4902.23 4916.4 4935.5 4967.22 5006.14 5047.4 5088.99 5130.08 5170.45 5209.65 5247 5282.3 5315.93 5344.34 5363.28 5377.24 5390.53 5410.24 5435.37 5470.72 5517.74 5579.64 5675.66 5801.07 5931.08 6049.55 6135.02 6182.81 6193.24
5233.46 5215.57 5195.38 5173.98 5154.09 5133.31 5113.14 5093.7 5074.53 5055.58 5033.11 5003.64 4994.58 4986.95 4979.18 4972.03 4964.3 4958.35 4953.25 4948.61 4944.89 4941.65 4938.71 4935.69 4932.59 4929.5 4925 4917.87 4914.93 4907.96 4901.04 4893 4885.95 4879.39 4877.19 4881.47 4888.08 4900.67 4917.15 4936.67 4959.55 4991.65 5029.44 5067.79 5105.42 5143.17 5180.16 5217.28 5252.27 5286.43 5315.49 5341.06 5361.38 5373.42 5385.61 5404.95 5433.09 5476.2 5532.5 5605.19 5703 5826.87 5957.14 6076.14 6167.88 6219.17 6232.75
5181.69 5169.23 5153.18 5135.47 5116.94 5098.02 5078.94 5060.2 5039.97 5018.36 4990.87 4964.3 4961.09 4960.12 4957.94 4954.97 4951.05 4947.35 4943.57 4940 4936.52 4933.16 4929.48 4926.38 4922.91 4920.41 4916.48 4910.01 4906.67 4900.89 4894.35 4888.17 4882.22 4876.96 4873.27 4879.18 4890.69 4909.29 4932.14 4958.88 4988.46 5022.27 5056.43 5089.35 5122.06 5156.03 5189.29 5223.51 5258.19 5290.93 5322.4 5343.71 5359.09 5370.62 5382.87 5402.28 5432.24 5483.11 5547.26 5624.72 5723.08 5851.3 5985.83 6109.6 6208.96 6263.13 6272.46
5134.74 5125.66 5113.08 5099.67 5083.44 5065.93 5046.67 5027 5007.82 4985.45 4961.55 4936.37 4935.31 4937.56 4938.46 4938.38 4937.01 4935.02 4932.62 4929.9 4926.95 4923.17 4920.01 4916.86 4912.7 4907.17 4903.95 4901.68 4898.74 4893.7 4887.99 4882.5 4876.91 4872.05 4867.6 4874.87 4891.78 4915.93 4945.61 4979.57 5019.1 5057.93 5084.03 5109.41 5136.46 5166.49 5197.94 5230 5262.74 5294.27 5324.18 5343.23 5356.89 5370.33 5383.91 5402.77 5437.8 5493.55 5564.79 5646.04 5742.04 5878.05 6016.94 6144.32 6249.1 6306.16 6306.47
5090 5082.8 5072.84 5061.28 5047.28 5031.82 5015.53 4997.43 4978.37 4957.66 4936.86 4919.77 4918.35 4920.91 4922.59 4923.49 4922.37 4921.43 4920.05 4918.2 4915.61 4913.1 4910.23 4907.38 4904.41 4901.47 4897.47 4894.35 4891.44 4886.85 4881.79 4876.72 4871.22 4865.96 4861.51 4868.77 4891.88 4920.86 4955.07 4994.32 5040.67 5092.81 5102.28 5122.57 5147.72 5175.12 5204.14 5234.46 5264.94 5294.84 5325.41 5343.76 5359.68 5375.99 5390.27 5409.18 5444.54 5507.02 5589.63 5681.56 5780.74 5916.02 6049.61 6172.47 6280.59 6345.25 6324.29
5047.28 5041.38 5034.81 5024.61 5012.63 4999.01 4983.56 4968.03 4951.8 4935.31 4920.69 4910.52 4908.3 4909.48 4910.63 4911.87 4912.24 4911.65 4910.66 4908.77 4906.71 4904.26 4901.44 4898.68 4896.35 4897.43 4891.73 4887.94 4884.55 4880.51 4876.28 4871.82 4866.97 4862.56 4859 4866.78 4893.34 4925.24 4961.55 5000.19 5037.7 5065.43 5100.01 5128.66 5154.59 5180.08 5206.92 5235.86 5266.01 5294.49 5319 5353.99 5375.52 5389.99 5402.91 5420.04 5452.38 5523.5 5621.71 5731.19 5846.55 5967.27 6079.55 6184.35 6276.03 6332.57 6311.46
5007.47 5005.36 4999.5 4991.36 4981.41 4968.87 4956.69 4943.12 4929.59 4917.24 4908.44 4903.47 4901.15 4900.4 4900.11 4900.57 4900.88 4900.67 4899.96 4898.47 4896.49 4894.31 4891.67 4888.75 4885.51 4882.67 4881.96 4880.64 4878.29 4875.38 4872.03 4868.44 4864.94 4862.79 4861.59 4870.93 4896.53 4929.36 4966.79 5004.75 5038.28 5059.35 5103 5135.62 5158.54 5180.87 5205.75 5233.94 5267.09 5302.84 5332.83 5374.76 5397.75 5409.7 5421.23 5439.28 5471.92 5547.37 5655.7 5778 5911.94 6015.56 6096.9 6177.93 6245.55 6282.73 6270.36
4971.98 4970.89 4966.7 4960.5 4952.53 4943.55 4932.5 4920.45 4908.75 4899.68 4895.2 4895.35 4893.86 4891.55 4890.29 4890.22 4890.01 4889.97 4889.34 4888.21 4886.57 4884.7 4882.22 4879.26 4875.57 4872.95 4873.22 4873.92 4873.19 4871.37 4869.18 4866.61 4864.68 4863.72 4865.27 4875.45 4899.94 4933.02 4971.16 5012.71 5056.81 5100.46 5132.17 5146.47 5159.8 5176.93 5198.57 5225.26 5259.97 5312.48 5376.9 5413.19 5424.06 5428.72 5440.33 5464.41 5510.29 5584.98 5682.21 5798.98 5929.45 6020.97 6091.18 6158.97 6208.89 6230.8 6223.02
4940.37 4939.28 4936.78 4932.48 4927.35 4919.61 4910.39 4900.15 4889.19 4881.38 4879.78 4882.4 4882.85 4881.6 4880.57 4880.39 4880.37 4880.25 4879.73 4879.05 4877.66 4876.28 4874.35 4871.96 4868.97 4866.77 4867.93 4869.03 4869.35 4868.68 4867.58 4866.44 4866.36 4866.64 4868.97 4878.57 4901.91 4935.46 4973.44 5016.65 5069.46 5138.09 5156.71 5146.46 5152.95 5166.67 5185.15 5207.84 5235.99 5273.99 5337.19 5411.65 5430.12 5436.7 5452 5481.77 5535.17 5607.36 5695.27 5797.79 5889.72 5980.35 6074.06 6139.9 6178.08 6192.42 6178.2
4909.6 4910.61 4910.17 4908.5 4904.89 4899.13 4891.87 4883.24 4872.56 4862.52 4863.78 4868.01 4869.91 4871.21 4871.66 4872.09 4871.93 4871.7 4871.48 4871.12 4870.36 4869.35 4868.35 4866.94 4866.04 4865.14 4865.26 4866.02 4866.61 4867.08 4867.19 4867.63 4869.37 4871 4873.82 4881.97 4904.87 4936.77 4971.97 5010.19 5052.04 5086.85 5105.76 5121.63 5135.73 5150.9 5167.62 5186 5206.91 5233.27 5296.95 5376.23 5410.18 5430.29 5452.98 5484.84 5530.37 5598.09 5699.44 5806.14 5898.15 5985.78 6080.25 6136.92 6159.53 6153.34 6136.04
4881.87 4885.86 4887.65 4887.56 4885.63 4881.93 4877.01 4870.69 4862.82 4855.23 4856.03 4857.88 4858.82 4862.36 4863.79 4864.54 4864.81 4864.71 4865.07 4864.8 4864.25 4863.72 4863.45 4863.14 4864.07 4863.83 4863.57 4864.14 4865.17 4866.26 4867.65 4869.59 4873.3 4876.16 4880.62 4890.32 4910.49 4938.13 4968.61 4998.98 5026.75 5042.99 5061 5092.03 5115.58 5133.91 5149.7 5165.37 5182.74 5207.24 5267.17 5337.37 5383 5416.97 5448.96 5484.71 5527.25 5592.42 5713.05 5839.65 5954.07 6050 6124.29 6159.84 6161.73 6137.56 6110.77
4861.4 4866.08 4869.24 4870.17 4869.78 4868.18 4865.39 4862.02 4858.59 4856.27 4854.05 4854.05 4855.37 4856.74 4857.93 4858.65 4859.24 4859.42 4859.4 4859.06 4858.94 4858.85 4858.87 4859.38 4860.73 4861.15 4861.66 4862.74 4864.31 4866.04 4868.34 4871.66 4876.87 4881.24 4887.74 4899.09 4917.32 4941.02 4966.4 4992.45 5013.58 5028.77 5046.27 5076.8 5102.18 5120.67 5135.56 5149.96 5166.46 5192.95 5247.07 5308.92 5360.89 5405.47 5447.7 5491.84 5543.55 5619.23 5747.24 5892.14 6032.27 6143.5 6196.8 6204.05 6184.29 6146.01 6107.79
4847.76 4851.01 4854.21 4856.17 4856.82 4856.69 4855.54 4854.62 4854.28 4853.77 4851.77 4851.53 4852.39 4852.54 4852.98 4852.83 4852.87 4852.93 4853.28 4853.05 4853.53 4854 4854.64 4855.45 4856.73 4858.11 4859.76 4861.3 4863.43 4866.02 4869.11 4873.42 4879.54 4885.55 4893.85 4905.82 4922.8 4944.03 4967.51 4990.5 5014.42 5032.79 5045.56 5079.54 5099.13 5113.52 5126.41 5139.84 5155.42 5181.73 5235.17 5293.85 5348.03 5400.25 5451.81 5506.42 5570.21 5656.38 5788.35 5946.46 6109.04 6245.8 6273.62 6253.55 6215.58 6169.67 6126.36
4835.63 4838.74 4842.02 4844.38 4845.87 4846.8 4847.21 4847.47 4847.85 4848.04 4847.34 4847.2 4847.14 4847.64 4848.09 4847.64 4847.58 4847.6 4847.85 4848.23 4848.71 4849.33 4850.38 4851.9 4854.46 4855.91 4857.79 4860.18 4863.05 4866.19 4870.09 4875.86 4881.74 4889.43 4898.8 4911.91 4928.75 4947.42 4969.32 4994.05 5020.19 5052.86 5097.21 5097.19 5101.47 5109.93 5120.71 5134 5150.6 5179.49 5225.93 5283.55 5343.79 5402.65 5462.71 5526.33 5597.26 5685.32 5821.37 5987.28 6155.01 6295.9 6322.11 6289.77 6240.44 6184.29 6127.92
4825.17 4829.05 4832.33 4835.01 4837.07 4838.32 4839.33 4840.21 4841.06 4841.26 4841.87 4842.31 4842.81 4843.25 4843.28 4842.66 4842.6 4843.08 4843.03 4843.29 4843.93 4844.5 4845.81 4847.86 4851.48 4853.15 4855.79 4858.96 4862.66 4866.93 4871.31 4877.8 4884.44 4892.53 4902.35 4915.11 4931.29 4948.89 4969.92 4994.47 5022.3 5055.08 5088.79 5095.68 5098.64 5105.93 5116.56 5130.78 5150.42 5181.16 5226.7 5283.24 5347.31 5412.72 5480.31 5551.29 5627.3 5715.35 5849.17 6013.64 6172.43 6298.88 6333.56 6304.61 6252.69 6191.55 6129.12
4818.5 4822.25 4825.13 4827.57 4829.58 4830.87 4831.85 4832.84 4834.51 4835.53 4835.91 4836.92 4838.42 4838.73 4838.26 4837.6 4837.6 4838.21 4838.44 4838.71 4839.14 4839.75 4840.88 4842.87 4845.79 4849.56 4853.4 4857.66 4862.41 4867.7 4873.3 4880.69 4887.98 4895.47 4904.68 4916.22 4929.42 4948.48 4968.45 4991.74 5017.08 5041.87 5060.85 5076.89 5089.25 5100.06 5112.41 5128.16 5149.85 5184.03 5230.7 5290.26 5357.25 5428.2 5503.19 5581.12 5663.76 5754.67 5881.07 6034.08 6176.69 6284.26 6325.31 6303.52 6252.65 6191.42 6132.75
4816.25 4817.95 4819.29 4821 4822.42 4823.73 4825.05 4825.76 4824.97 4827.19 4829.37 4830.71 4831.64 4832.15 4832.63 4832.42 4832.86 4833.16 4833.51 4833.87 4834.5 4835.3 4835.99 4838.06 4841.98 4846.14 4851.14 4856.32 4861.96 4868.34 4874.76 4884.19 4891.84 4897.68 4905.95 4916.89 4931.77 4947.55 4965.85 4987.58 5009.98 5030.79 5046.92 5064.83 5081.93 5096.12 5110.31 5127.21 5150.05 5186.67 5235.47 5301.52 5372.99 5448.83 5528.72 5614.14 5705.1 5803.02 5921.74 6055.05 6178.8 6277.51 6317.97 6293.31 6241.29 6179.51 6119.9
4815.6 4814.22 4813.87 4814.49 4815.6 4816.98 4818.74 4820.28 4821.44 4822.43 4823.63 4824.63 4825.2 4826.05 4827.03 4826.68 4827.54 4828.38 4828.93 4829.6 4830.25 4831.05 4831.67 4833.24 4837.05 4843.22 4849.33 4855.48 4861.77 4867.88 4875.17 4884.6 4892.47 4898.29 4906.03 4916.08 4929.18 4944.57 4962.2 4983.16 5004.72 5025.78 5045.58 5064.36 5080.5 5095.24 5110.81 5128.4 5150.19 5193.21 5252.07 5319.41 5393.2 5473.34 5557.46 5647.76 5744.45 5849.81 5965.5 6071.86 6175.02 6261.97 6300.21 6272.25 6219.52 6155.33 6090.93
4810.66 4808.9 4807.82 4807.83 4808.58 4810.2 4812.26 4815.11 4817.75 4817.84 4818.24 4818.98 4820.03 4821.36 4822.08 4821.83 4822.16 4823.79 4825.17 4826.23 4827.06 4828.18 4828.72 4831.31 4835.72 4841.67 4848.15 4853.8 4860.72 4867.4 4874.63 4882.57 4891.09 4898.19 4905.58 4914.25 4925.62 4940.63 4958.85 4979.8 5002.11 5025.06 5047.65 5068.23 5083.14 5098.03 5114.57 5134.63 5161.24 5209.18 5273.48 5341.7 5417.31 5500.28 5587.85 5679.53 5775.4 5877.74 5981.24 6072.11 6160.27 6230.72 6261.5 6242.34 6192.53 6127.59 6055.33
4803.25 4801.83 4800.85 4800.76 4801.59 4803.14 4805.33 4808.18 4811.06 4811.53 4812.32 4813.3 4814.67 4816.21 4817.18 4817.08 4817.69 4818.97 4821.2 4822.57 4824.34 4825.9 4827.29 4830.42 4835.28 4840.66 4846.82 4852.96 4860.1 4867.4 4875.46 4884.37 4892.36 4899.32 4906.23 4913.68 4922.9 4937 4956.85 4979.15 5002.05 5025.49 5049.16 5072.16 5087.03 5103.69 5122.07 5143.87 5171.99 5221.85 5289.15 5362.41 5443.85 5529.73 5619.04 5709.32 5799.31 5885.41 5964.22 6057.02 6141.72 6202.97 6231.14 6212.89 6167.73 6106.55 6040.74
4795.98 4793.77 4792.82 4792.82 4793.91 4795.59 4798.03 4800.52 4802.01 4804.33 4805.9 4807.39 4808.96 4810.77 4812 4812.26 4813.18 4814.74 4816.79 4818.81 4821.99 4824.57 4826.94 4830.77 4835.64 4841.07 4846.57 4852.76 4859.8 4867.78 4876.95 4888.3 4895.84 4903.03 4910.03 4916.58 4924.54 4938.04 4958.39 4982.08 5005.03 5027.33 5048.83 5068.9 5090.78 5112.3 5134.69 5158.14 5187.21 5229.91 5300.23 5384.87 5474.51 5563.79 5652.34 5741.33 5826.11 5901.12 5964.9 6053.4 6133.77 6184.55 6200.56 6190.51 6150.92 6093.99 6033.69
4786.37 4784.36 4783.64 4784.35 4786.01 4788.05 4790.8 4793.67 4796.33 4797.76 4799.67 4801.39 4803.11 4804.59 4806.65 4807.34 4808.59 4810.58 4813.24 4815.94 4819.58 4823.94 4827.86 4832.95 4837.31 4841.57 4846.48 4852.6 4860.21 4867.96 4877.47 4887.84 4899.55 4909.55 4918.23 4925.3 4930.26 4940.03 4966.02 4991.68 5012.99 5032.6 5051.49 5073.82 5097.46 5125.57 5155.55 5184.41 5209.37 5251.13 5325.44 5417.19 5510.99 5601.46 5690.77 5779.6 5863.6 5939.15 6003.71 6079.88 6146.14 6187.36 6201.53 6187.59 6144.28 6088.78 6031.09
4776.9 4774.49 4774.03 4775.49 4778.02 4780.89 4783.97 4786.71 4788.98 4791.65 4793.83 4795.77 4797.73 4800.05 4802.2 4802.83 4804.75 4806.66 4809.95 4813.6 4817.63 4822.84 4828.84 4836.58 4839.07 4842.56 4847.13 4853.18 4861.08 4869.68 4880.43 4892.65 4906.16 4919.59 4932.15 4943.48 4951.24 4952.08 4989.69 5011.75 5028.14 5042.38 5056.7 5075.18 5105.42 5144.35 5186.12 5228.75 5271.66 5311.55 5379.85 5464.65 5555.92 5644.52 5733.72 5822.98 5909.16 5990.55 6065.95 6130.38 6172.77 6200.07 6214.78 6189.25 6141.25 6089.54 6037.65
4766.02 4762.84 4763.94 4767.09 4770.5 4774.49 4778.23 4782.7 4784.93 4786.49 4788.42 4790.43 4792.59 4795.23 4797.46 4798.37 4800.37 4802.65 4806.51 4810.72 4815.23 4820.27 4827.77 4835.61 4839.84 4844.04 4849.19 4855.13 4863.08 4872.53 4885.29 4900.33 4915.8 4932.98 4951.19 4970.56 4992.46 5027.21 5032.86 5041.92 5050.88 5059.24 5067.71 5080.47 5117.81 5170.3 5224.45 5276.97 5327.62 5378.74 5444.83 5521.65 5606.71 5694.64 5778.07 5867.01 5955.41 6040.41 6121.04 6177.64 6197.94 6205.7 6196.54 6171.61 6134.87 6092.1 6050.41
4754.43 4750.77 4754.51 4759.47 4764.17 4768.67 4772.76 4776.99 4779.67 4781.55 4783.32 4785.26 4787.37 4789.93 4792.38 4793.83 4796.13 4798.99 4803.04 4807.62 4812.42 4817.57 4825.33 4833.46 4840.24 4846.26 4852.78 4858.85 4866.25 4875.83 4889.9 4907.14 4926.46 4948.16 4972.38 4998.91 5028.24 5055.62 5070.65 5075.23 5078.67 5082.97 5088.86 5102.11 5142.99 5206.58 5272.36 5331.33 5386.09 5440.34 5507.28 5580 5659.86 5743 5823.3 5910.1 5997.29 6080.15 6150.25 6195.9 6214.06 6207.98 6185.23 6157.22 6127.12 6093.19 6058.9
4748.56 4744.38 4749.17 4754.36 4759.41 4764.13 4768.34 4772.04 4775.03 4777.1 4778.71 4780.44 4782.3 4784.89 4787.78 4789.45 4792.23 4795.86 4800.14 4804.28 4809.74 4815.09 4823.22 4832.78 4842.47 4850.94 4858.73 4865.11 4872.13 4879.84 4892.92 4912.94 4937.86 4964.49 4993.21 5024.12 5057.42 5093 5106.23 5106.78 5108.33 5112.29 5120.26 5135.99 5179.96 5254.11 5331.55 5403.47 5460.31 5512.08 5570.21 5636.11 5710.53 5788.88 5868.11 5947.36 6030.54 6110.39 6179.18 6228.47 6230.52 6209.59 6176.69 6144.67 6119.12 6093.77 6065.42
4749.55 4747.92 4748.71 4751.78 4756.19 4760.84 4765.61 4770.57 4772.15 4773.63 4774.88 4775.95 4777.29 4778.98 4781.67 4784.92 4788.62 4792.81 4797.93 4802.59 4808.56 4814.37 4823.16 4834.9 4847.69 4859.88 4869.46 4876.77 4882.47 4887.25 4898.38 4921.82 4952.06 4983 5014.27 5046 5079.39 5113.37 5129.89 5133.34 5137.95 5145.76 5159.31 5181.03 5228.15 5310.92 5398.87 5472.49 5526.07 5571.53 5626.24 5687.18 5755.48 5828.38 5903.01 5976.22 6054.02 6130.09 6200.57 6252.39 6239.9 6207.5 6166.06 6126.94 6112.62 6096.07 6074.6
4750.56 4749.51 4748.62 4750.42 4754.01 4758.41 4763.17 4767.54 4769.49 4770.91 4771.8 4771.73 4772.5 4773.7 4776.8 4781.11 4786.05 4791.42 4797.79 4803.15 4808.42 4815.97 4826.96 4842.4 4859.22 4874.41 4886.63 4896.6 4900.99 4903.04 4911.85 4938.6 4972.35 5004.99 5036.26 5066.07 5095.43 5125.34 5143.55 5154.76 5166.77 5181.76 5202.96 5234.34 5288.81 5369.78 5466.41 5567.78 5586.97 5616.82 5673.24 5731.57 5794.14 5860.85 5930.66 6001.14 6067.45 6134.65 6193.42 6232.15 6226.59 6200.44 6163.73 6127.19 6115.25 6100.46 6083.39
4748.65 4747.76 4746.98 4748.75 4752.44 4756.98 4761.6 4765.49 4767.62 4768.95 4769.31 4769.3 4769.16 4769.44 4772.14 4777.98 4785.24 4792.77 4800.98 4806.34 4812.66 4822.02 4837.76 4856.32 4877.51 4898.01 4914.01 4925.05 4930.88 4931.79 4938.98 4969.05 5002.44 5033.37 5061.46 5087.21 5111.08 5135.47 5153.28 5173.48 5194.83 5218.47 5247.72 5284.34 5336.22 5418.68 5512.4 5599.67 5632.84 5665.87 5716.47 5770.54 5828.62 5889.36 5951.09 6013.51 6074.8 6129.63 6173.1 6196.74 6201.23 6189.74 6167.56 6147.42 6125.57 6100.96 6081.85
