real_craters/C184-300m.grd
DSAA
527 527
-78.9075 78.9075
-78.9075 78.9075
4564.5734845056 6827.311859168
[rows 120 to 149 of 527, columns 134 to 200 of 527]
5820.5 5822.71 5825.24 5827.75 5829.52 5829.88 5829.09 5827.34 5826.59 5826.9 5825.6 5823.2 5819.27 5812.79 5814.29 5831.83 5832.93 5833.72 5834.78 5832.03 5828.38 5825.27 5822.56 5819.35 5816.11 5812.98 5809.19 5806.48 5803.89 5800.19 5795.93 5791.46 5787.06 5782.85 5779.07 5776.19 5774.06 5772.06 5770.61 5771.01 5769.03 5768.32 5768.12 5768.17 5768.5 5767.77 5764.91 5762.22 5759.5 5756.56 5753.34 5749.92 5746.88 5745.61 5747.6 5749.32 5750.45 5751.1 5751.05 5750.47 5749.53 5748.41 5747.23 5746.16 5745.27 5744.77 5744.67
5824.27 5826.9 5831.76 5837.33 5843.59 5840.4 5836.93 5833.62 5830.77 5829.36 5827.92 5826.12 5824.31 5824.66 5823.45 5824.48 5829.57 5832.26 5833.76 5831.96 5827.49 5823.42 5820.42 5817.06 5813.1 5809.52 5805.9 5802.93 5799.79 5796.14 5792.02 5787.58 5783.02 5778.19 5772.66 5768.34 5768.29 5767.03 5765.04 5762.45 5764.23 5764.72 5764.86 5764.52 5763.46 5762.79 5761.68 5759.71 5757.29 5754.66 5751.67 5748.66 5746.69 5747.78 5745.03 5746.21 5749.19 5750.55 5750.74 5750.26 5749.24 5747.98 5746.64 5745.11 5744.06 5743.45 5743.37
5827.26 5830.69 5836.94 5843.58 5848.66 5848.58 5845.18 5840.78 5835.97 5833.75 5831.55 5829.59 5828.59 5829.19 5826.38 5824.72 5827.96 5830.26 5829.89 5828.66 5825.33 5820.38 5814.67 5811.94 5809.82 5806.91 5803.47 5800.26 5796.72 5792.99 5788.85 5784.34 5779.7 5775.05 5771.11 5767.69 5765.38 5763.93 5762.19 5760.65 5761.26 5761.97 5762.2 5762 5761.09 5760.29 5759.34 5757.86 5755.85 5753.64 5751.03 5748.18 5744.56 5738.48 5743.36 5747.99 5750.53 5751.44 5751.14 5750.15 5748.75 5747.13 5745.46 5743.86 5742.69 5741.82 5741.29
5831.45 5834.84 5840.28 5847.15 5853.99 5855.57 5853.25 5847.59 5843.43 5839.03 5835.39 5832.58 5830.41 5828.84 5827.36 5826.62 5827.66 5830.03 5831.28 5828.11 5823.84 5818.71 5813.24 5809.62 5807.56 5805.19 5802.33 5798.33 5794.45 5790.56 5786.38 5781.93 5777.22 5772.65 5768.8 5766.01 5763.89 5762.52 5761.64 5760.94 5760.22 5760.3 5760.47 5760.6 5760.27 5759.3 5758.09 5756.72 5755.25 5753.58 5751.57 5749.42 5747.57 5748.17 5749.31 5752.46 5753.54 5753.14 5751.99 5750.43 5748.83 5746.83 5744.77 5742.76 5740.86 5739.25 5738.18
5831.8 5836.03 5841.09 5847.57 5854.51 5856.92 5855.04 5851.36 5846.12 5842.04 5838.6 5835 5831.51 5827.78 5824.66 5824.83 5826.51 5828.34 5829.59 5826.79 5823.03 5818.32 5812.31 5809.4 5806.41 5803.43 5800.38 5796.34 5792.45 5788.53 5784.4 5780.19 5775.48 5770.73 5766.4 5764.03 5762.86 5761.87 5761.07 5760.35 5759.55 5759.18 5759.16 5759.63 5759.89 5758.59 5757.29 5756.18 5755.1 5754.03 5752.85 5751.7 5750.79 5750.32 5751.97 5755.25 5756.1 5754.94 5753.15 5750.93 5748.53 5746.27 5743.76 5741.28 5738.86 5736.8 5734.77
5828.96 5834.05 5839.64 5845.19 5849.93 5853.31 5855.39 5853.73 5850.36 5845.9 5841.28 5837.02 5833.2 5829.39 5826.12 5825.19 5825.3 5825.02 5824.64 5824.14 5822.29 5819.87 5816.68 5810.82 5805.79 5801.04 5797.23 5794.21 5790.89 5787.22 5783.28 5779.02 5774.49 5769.81 5765.81 5763.73 5762.88 5762.06 5760.81 5759.92 5759.3 5758.36 5757.7 5758.01 5758.5 5757.18 5756.33 5755.83 5755.33 5754.97 5754.55 5754.27 5754.24 5754.35 5755.96 5758.52 5758.66 5756.81 5754.17 5751.25 5748.25 5745.45 5742.56 5739.81 5736.9 5734.04 5731.15
5828.24 5832.47 5837.98 5842.21 5845.24 5848.42 5852.77 5853.38 5854.52 5849.63 5842.04 5838.23 5835.56 5832.36 5829.15 5826.45 5824.91 5823.22 5822.11 5822.18 5821.41 5820.09 5817.55 5811.63 5805.42 5799.83 5795.71 5793.02 5790.2 5786.95 5783.26 5779.09 5774.72 5770.07 5765.84 5764.63 5764.19 5763.76 5762.57 5761.35 5759.96 5758.07 5755.91 5754.56 5754.69 5754.69 5755.29 5755.78 5756.03 5756.39 5756.64 5757.06 5757.97 5759.79 5761.83 5762.11 5760.89 5758.22 5754.63 5750.99 5747.69 5744.61 5741.52 5738.4 5735.17 5731.79 5728.2
5832.83 5835.12 5839.03 5841.03 5841.67 5842.6 5847.74 5848.91 5845.68 5840.21 5839.67 5837.58 5836.72 5834.56 5829.44 5826.93 5825.12 5823.49 5822.21 5821.26 5820.24 5818.73 5815.76 5810.96 5805.09 5799.12 5795.54 5793.22 5790.62 5787.57 5784.08 5780.38 5776.52 5772.42 5767.97 5767.3 5766.66 5766.33 5767.26 5764.17 5761.69 5758.99 5755.22 5749.56 5748.49 5752.64 5755.13 5756.45 5757.29 5757.79 5758.44 5759.32 5760.83 5763 5765.11 5765.59 5764.3 5758.86 5754.12 5750.1 5746.6 5743.08 5740.03 5736.96 5733.88 5730.38 5726.52
5844.72 5845.01 5842.25 5841.63 5841.44 5840.18 5845.02 5845.49 5843.11 5841.05 5836.39 5834.99 5834.07 5832.65 5829.71 5826.98 5825.1 5823.75 5822.23 5820.63 5818.96 5817.04 5814.52 5810.79 5805.85 5799.94 5796.86 5794.84 5792.23 5789.15 5785.79 5782.38 5779.13 5777.02 5775.74 5771.66 5769.81 5768.35 5766.22 5765.89 5764.41 5762.21 5758.98 5753.16 5751.31 5754.85 5756.83 5757.88 5758.58 5759.04 5759.88 5760.79 5762.2 5764.04 5765.84 5765.2 5762.91 5756.55 5751.63 5747.89 5744.73 5742.55 5739.83 5737.02 5733.88 5730.63 5727.12
5854.6 5846.23 5841.54 5842.31 5844.69 5849.19 5848.41 5846.33 5841.67 5833.43 5832.98 5832.86 5830.6 5829.16 5828.03 5825.91 5824.35 5823.08 5821.45 5819.72 5817.85 5814.73 5813.08 5811.61 5808.75 5804.89 5801.21 5798.04 5794.77 5791.44 5788.01 5784.64 5781.36 5778.27 5776.08 5774.88 5773.43 5771.69 5769.33 5769.05 5768.05 5766.9 5766.51 5767.51 5763.85 5760.9 5760.01 5759.84 5759.96 5760.16 5760.58 5761.05 5761.8 5762.48 5763.09 5759.49 5754.76 5750.86 5747.91 5745.47 5743.21 5740.76 5738.52 5736.33 5734 5731.57 5729.17
5842.4 5838.19 5838.86 5841.64 5845.61 5850.97 5851.53 5849.68 5845.34 5839.76 5836.02 5833.89 5830.87 5827.34 5825.31 5824.06 5822.93 5821.65 5820 5818.35 5817.39 5817.52 5814.98 5813.15 5812.3 5810.91 5806.01 5801.45 5797.69 5794.15 5790.73 5787.27 5783.7 5780.57 5778.58 5777.98 5777.69 5777.23 5775.64 5773.83 5772.04 5770.99 5771.26 5773.28 5770.08 5765.58 5763.27 5762.17 5761.51 5761.23 5761.06 5760.88 5760.54 5759.26 5756.45 5752.31 5746.42 5744.48 5743.63 5742.44 5741.17 5739.82 5738.53 5737.06 5735.41 5733.69 5731.73
5833.57 5838.25 5837.74 5839.19 5842.5 5846.84 5850.43 5852.49 5850.11 5846.75 5841.82 5836.57 5831.24 5825.93 5823 5822.23 5821.43 5819.95 5818.02 5815.9 5814.65 5815.46 5813.86 5812.74 5813.38 5813.27 5808.45 5803.94 5800.18 5796.81 5793.45 5790.08 5786.5 5783.13 5781.76 5781.66 5781.93 5782.85 5782.29 5778.21 5775.38 5773.37 5771.73 5770.5 5769.15 5767.05 5765.17 5763.84 5762.79 5762.05 5761.37 5760.3 5759.11 5757.09 5754.1 5748.98 5742.5 5740.65 5740.55 5740.24 5739.89 5739.41 5738.9 5738.26 5737.45 5736.48 5734.78
5822.07 5827.56 5831.31 5834.39 5836.87 5838.88 5844.08 5852.58 5851 5851.51 5846.26 5838.99 5831.92 5825.9 5822.31 5820.74 5820.22 5819.16 5815.93 5812.66 5809.06 5805.79 5807.85 5809.44 5810.66 5810.64 5807.89 5804.71 5801.73 5799.03 5796.48 5793.82 5790.48 5786.1 5785.43 5785.69 5785.48 5784.37 5782.82 5780.44 5777.78 5774.97 5771.58 5768.19 5768.26 5767.54 5766.19 5765.02 5763.73 5762.66 5761.43 5760.12 5758.37 5755.78 5752.75 5747.87 5742.99 5740.04 5738.97 5739.08 5739.22 5739.45 5739.51 5739.93 5740.04 5739.91 5739.42
5813.91 5819.59 5826.1 5829.99 5831.66 5831.69 5833.71 5836.8 5844.41 5850.05 5846.98 5839.02 5831.61 5824.28 5820.69 5818.71 5817.51 5816.25 5813.29 5810.04 5806.08 5802.36 5804.16 5805.91 5806.74 5806.83 5806.01 5804.7 5803.05 5801.36 5799.73 5798.2 5796.36 5794.62 5792.02 5790.42 5789.09 5787.91 5785.39 5782.33 5779.74 5776.94 5773.96 5770.88 5769.66 5768.39 5767.04 5765.65 5764.38 5763.07 5761.5 5760.02 5757.89 5755.2 5751.55 5746.88 5741.79 5738.59 5738.27 5738.65 5739.34 5740.19 5741.02 5741.95 5742.89 5743.93 5744.96
5817.65 5823.04 5826.2 5827.09 5828.22 5829.26 5830.5 5832.07 5837.96 5843.44 5842.99 5835.42 5828 5822.64 5819.46 5816.41 5813.53 5811.6 5810.38 5808.63 5807.06 5805.71 5804.22 5803.82 5803.52 5803.91 5804.41 5804.67 5804.22 5803.51 5802.81 5802.3 5802 5801.88 5798.14 5794.74 5792.24 5789.78 5787.09 5783.87 5781.24 5778.73 5777.28 5775.48 5771.94 5769.73 5767.92 5766.36 5764.88 5763.4 5761.43 5759.72 5757.68 5755.49 5752.28 5748.05 5743.62 5740.51 5738.37 5738.73 5739.78 5741.09 5742.68 5744.14 5745.69 5747.42 5749.36
5817.54 5819.19 5821.63 5823.27 5825.39 5828.33 5830.72 5830.43 5833.18 5837.12 5837.18 5831.75 5827.29 5825.24 5819.04 5814.32 5811.02 5809.11 5808.43 5807.82 5807.15 5806.4 5804.92 5803.08 5800.64 5801.83 5803.87 5805.07 5805.37 5805.29 5805.24 5805.16 5805.32 5805.16 5801.34 5797.44 5794.23 5792.45 5788.36 5785.15 5782.14 5779.37 5776.51 5774.53 5772.52 5770.6 5768.62 5766.97 5765.16 5763.57 5761.94 5760.15 5758.41 5756.48 5754.27 5750.86 5744.45 5738.67 5738.07 5739.11 5740.85 5742.56 5744.36 5746.06 5747.69 5749.48 5751.22
5810.97 5811.06 5814.92 5818.81 5822.11 5825.57 5830.02 5826.66 5828.04 5831.54 5832.31 5824.29 5820.54 5820.86 5815.24 5811.4 5808.92 5807.64 5807.2 5807.29 5807.48 5806.93 5805.97 5804.78 5803.04 5803.62 5805.18 5806.17 5806.63 5806.73 5806.73 5806.6 5806.12 5804.81 5802.35 5798.79 5794.69 5790.26 5788.38 5785.86 5782.79 5779.7 5776.94 5774.29 5772.72 5771.19 5769.41 5767.92 5766.4 5764.7 5762.92 5761.04 5759.16 5757.23 5755.6 5752.94 5745.21 5738.46 5738.57 5740.15 5742.05 5743.89 5746 5747.66 5749.14 5750.49 5751.59
5805.83 5806.72 5811.59 5815.24 5818.64 5821.32 5820.24 5822.93 5824.06 5825.44 5823.76 5815.85 5808.74 5807.41 5808.69 5807.88 5806.4 5806.1 5806.17 5806.65 5807.82 5807.74 5807.17 5807.85 5809.24 5808 5807.71 5808.09 5808.23 5808.21 5808.13 5807.63 5806.98 5805.54 5802.99 5800.12 5796.44 5791.32 5789.76 5787.02 5783.69 5779.97 5776.46 5774.61 5773.29 5771.98 5770.82 5769.35 5767.52 5765.73 5763.81 5761.9 5759.76 5757.56 5755.54 5752.46 5746.68 5741.94 5740.82 5742.26 5744.2 5745.95 5747.59 5749.07 5750.29 5750.96 5750.89
5805.83 5805.36 5809.24 5812.66 5816.02 5819.12 5823.51 5821.82 5820.68 5821 5820.71 5816.19 5807.36 5803.76 5805.37 5806.26 5806.09 5805.89 5805.55 5805.25 5805.84 5806.21 5806.92 5808.59 5810.54 5810.32 5810.11 5810.41 5810.61 5810.57 5810.05 5808.52 5807.22 5805.63 5803.42 5801.51 5800.22 5798.47 5792.72 5788.88 5785.27 5781.17 5776.29 5774.99 5774.47 5773.21 5771.95 5770.3 5768.73 5766.78 5764.66 5762.45 5760.07 5757.56 5755.01 5751.9 5747.41 5743.14 5743.57 5745.24 5746.89 5748.23 5749.33 5750.4 5751.18 5751.4 5750.42
5810.73 5808.73 5809.83 5811.93 5814.51 5816.53 5817.09 5817.42 5817.2 5817.05 5815.22 5813.13 5806.08 5803.6 5805.59 5807.48 5807.58 5807.73 5806 5803.45 5802.05 5803.38 5805.66 5807.63 5809.15 5811.18 5812.33 5813.52 5813.91 5813.62 5812.43 5809.95 5805.49 5804.26 5803.76 5802.06 5800.29 5797.96 5794.06 5790.65 5787.37 5784.68 5782.58 5778.81 5776.95 5775.24 5773.36 5771.47 5769.65 5767.54 5765.8 5763.34 5760.57 5757.68 5754.56 5750.9 5748.39 5747.58 5748.24 5749.31 5750.17 5750.73 5751.39 5751.95 5752.3 5752.39 5751.85
5818.92 5817.48 5814.77 5813.35 5814.57 5815.37 5814.84 5816.35 5820.14 5813.98 5807.48 5803.97 5800.49 5802.63 5807.96 5812.84 5814.38 5812.55 5808.62 5803.07 5798.52 5801.83 5805.54 5808.32 5810.66 5813.09 5815.08 5816.67 5817.59 5817.47 5816.47 5814.13 5812.12 5808.34 5805.66 5802.59 5798.98 5796.51 5794.46 5791.89 5789.75 5787 5784.14 5781.91 5779.48 5777.16 5775.29 5773.37 5771.3 5769.02 5766.78 5764.19 5761.55 5758.43 5755.02 5751.77 5750.91 5752.79 5754.25 5754.16 5753.66 5753.33 5753.16 5753.16 5753.28 5753.21 5752.74
5827.67 5828.79 5824.66 5817.88 5816.75 5816.41 5816.77 5817.2 5814.09 5810.45 5804.97 5801.49 5800.54 5804.18 5811.18 5819.84 5823.67 5819.14 5814.26 5807.73 5801.63 5804.84 5807.82 5810.63 5813.35 5815.97 5818.8 5821.37 5823 5823.42 5822.44 5819.62 5815.67 5812.95 5809.21 5804.75 5799.14 5796.83 5795.67 5793.85 5792.39 5790.32 5787.12 5784.73 5782.19 5779.71 5777.35 5774.89 5772.52 5770.1 5767.72 5765.14 5762.63 5759.78 5756.57 5753.6 5753.53 5758.93 5761.33 5758.48 5756.62 5755.29 5754.47 5753.95 5753.66 5753.4 5752.41
5833.76 5835.42 5831.95 5823.49 5819.77 5817.96 5816.56 5814.51 5812.61 5809.78 5805.12 5801.49 5802.01 5805.39 5811.77 5820.11 5824.66 5822.95 5821.39 5819.94 5816.67 5813.15 5811.67 5812.1 5814.86 5818.88 5823.33 5827.15 5829.79 5831.02 5830.16 5827.17 5823.41 5818.93 5814.35 5809.29 5804.57 5800.65 5798.14 5796.27 5795.18 5794.6 5792.58 5788.2 5784.91 5782.21 5779.64 5776.96 5774.51 5772.08 5769.87 5767.29 5764.71 5762.24 5759.56 5757.2 5757.11 5761.69 5763.37 5760.35 5758.11 5756.33 5754.95 5753.84 5753.1 5752.87 5751.86
5836.93 5837.8 5833.73 5826.61 5821.64 5819.08 5817.68 5817.56 5816.55 5812.59 5807.41 5802.86 5801.97 5805.31 5809.72 5814.24 5819.4 5823.43 5827.03 5831.5 5830.09 5821.65 5815.66 5812.56 5816.55 5823.27 5829.88 5835.16 5838.23 5840.49 5840.39 5837.05 5830.88 5827.01 5820.92 5814.59 5809.11 5804.39 5800.95 5798.71 5797.25 5795.24 5793.21 5790.25 5787.26 5784.25 5781.51 5779.39 5776.89 5774.62 5772.21 5769.75 5767.39 5765.12 5763.15 5762.04 5762.32 5761.84 5760.39 5759.77 5758.42 5756.75 5755.01 5753.23 5751.43 5750.39 5751.51
5837.26 5835.65 5830.72 5824.17 5821.46 5820.02 5818.37 5815.66 5814.4 5811.39 5808.33 5805.45 5804.39 5806.02 5808.41 5810.07 5815.94 5822.69 5828.74 5835.31 5834.37 5826.74 5819.87 5815.78 5821.46 5830.28 5838.53 5844.94 5848.63 5852.01 5853.49 5852.06 5846.4 5838.04 5828.22 5818.61 5813.05 5806.55 5803.19 5801.04 5799.41 5797.29 5794.7 5791.98 5789.24 5786.34 5783.69 5781.37 5778.85 5776.64 5774.26 5772.01 5769.89 5768.02 5766.59 5765.72 5764.72 5763.09 5760.53 5759.69 5758.76 5757.14 5754.99 5752.29 5749.06 5744.95 5740.81
5836.96 5831.69 5825.6 5822.59 5822.41 5822.03 5820.92 5818.64 5816.01 5812.96 5809.72 5805.51 5805.77 5807.46 5810.08 5813.24 5816.92 5822.06 5827.44 5831.01 5832.94 5830.73 5826.57 5823.33 5831.84 5841.65 5850.48 5857.31 5860.68 5864.76 5867.49 5869.43 5864.64 5849.73 5835.78 5821.7 5808.19 5807.79 5805.42 5803.47 5802.28 5800.31 5797.71 5794.27 5791.21 5788.26 5785.61 5783.31 5780.83 5778.3 5776.18 5774.08 5772.2 5770.56 5769.26 5768.66 5768.67 5765.43 5762.02 5760.66 5759.81 5758.14 5755.74 5752.42 5748.08 5741.99 5735.73
5839.41 5833.61 5828.52 5827.23 5826.17 5825.58 5825.09 5824.64 5822.52 5820.11 5816.76 5809.71 5808.1 5809.28 5812.38 5817.14 5818.65 5821.52 5826.16 5834.43 5835.56 5837.53 5839.56 5842.26 5849.25 5857.87 5865.9 5871.99 5875.43 5878.75 5879.61 5877.81 5871.17 5857.76 5842.84 5830.07 5820.04 5811.98 5807.99 5805.84 5805.34 5804.69 5800.57 5796.38 5793.02 5790.29 5787.57 5784.86 5782.44 5780.14 5778.3 5776.42 5774.57 5772.97 5771.67 5770.42 5769.12 5766.71 5763.41 5762.78 5761.87 5759.82 5757.06 5753.6 5749.29 5744.55 5740.82
5844.7 5841.39 5837.79 5833.81 5830.79 5829.68 5829.27 5829.3 5827.82 5824.84 5821.55 5814.77 5811.32 5810.72 5812.27 5815.41 5817.89 5821 5823.44 5822.45 5837.25 5847.38 5855.85 5863.81 5870.85 5878.42 5885.12 5889.59 5892.16 5893.24 5891.85 5889.06 5878.58 5863.06 5847.26 5833.54 5822.91 5814.84 5809.89 5807.36 5806.69 5806.9 5801.95 5797.53 5794.11 5791.37 5788.76 5786.19 5783.87 5781.96 5780.03 5778.06 5776.49 5775.05 5773.6 5771.97 5770.15 5768.83 5768.78 5767.49 5764.74 5761.85 5759 5755.83 5752.12 5747.36 5743.13
5850.15 5850.92 5853.06 5846.03 5837.03 5833.99 5832.57 5832.27 5830.83 5828.14 5822.58 5817.54 5814.55 5811.67 5811.31 5812.93 5816.88 5822.69 5830.77 5840.66 5849.61 5861.72 5872.97 5884.26 5894.84 5903.31 5909.02 5910.86 5909.96 5907.27 5902.25 5894.19 5882.74 5866.2 5848.82 5833 5822.37 5815.65 5810.78 5807.02 5804.38 5802.57 5800.11 5797.5 5794.84 5792.62 5790.32 5787.97 5785.78 5784.29 5782.24 5780.58 5778.97 5777.27 5775.64 5774.17 5772.19 5771.51 5773.68 5771.72 5766.81 5763.64 5761.11 5758.55 5756.06 5753.48 5748.97
5853.72 5855.41 5857.6 5854.76 5843.45 5837.38 5834.77 5833.37 5831.25 5827.59 5827.04 5823.65 5815.95 5812.7 5811.27 5812.17 5816.84 5824.71 5837.87 5854.56 5868.28 5881.65 5892.44 5908.17 5924.24 5933.67 5937.04 5934.92 5929.22 5921.23 5912.19 5902.67 5886.38 5867.98 5849.49 5831.75 5822.22 5816.71 5811.88 5806.91 5802.4 5799.28 5798.43 5797.45 5795.68 5794.39 5792.47 5790.92 5788.86 5786.26 5784.2 5782.16 5780.55 5779.02 5777.74 5776.79 5775.88 5774.94 5772.59 5769.01 5766.64 5764.66 5762.57 5760.57 5758.88 5757.88 5752.92
