real_craters/C184-1000m.grd
DSAA
91 91
-45.09 45.09
-45.09 45.09
7970.5226142598 10577.133564977
[rows 30 to 59 of 91, columns 0 to 66 of 91]
9459.61 9449.83 9464.98 9480.09 9495.17 9488.68 9479.92 9479.43 9496.81 9511.75 9512.85 9519.54 9547.33 9550.58 9554.51 9567.29 9580.34 9582.59 9602.79 9632.01 9620.38 9682.68 9771.09 9838.56 9912.28 9933.36 9868.26 9789.75 9719.84 9657.89 9470.88 9281.73 9160 9088.12 8943.69 8860.63 8811.49 8700.71 8662.12 8572.12 8493.09 8406.09 8359.86 8369.53 8374.09 8390.52 8413.15 8499.49 8597.16 8693.27 8783.1 8888.93 8979 9088.49 9194.59 9280.64 9278.51 9242.25 9290.22 9411.62 9588.42 9605.37 9637.5 9689.9 9746.34 9796.24 9846.1
9457.46 9453.76 9461.87 9472.44 9477.04 9483.89 9502.31 9495.78 9499.52 9502.72 9519.61 9539.28 9540.22 9539.94 9558.39 9576.35 9589.36 9603.3 9627.78 9633.35 9629.46 9750.36 9855.53 9856.94 9847.87 9793.17 9707.55 9650.41 9577.24 9463.07 9318.59 9150.16 8980.72 8790.77 8664.38 8646.61 8592.59 8512.65 8437.28 8359.73 8296.37 8303.53 8309.81 8318.7 8339.89 8343.21 8354.61 8409.64 8518.51 8606.84 8670.93 8695.54 8795.03 8887.89 9042.61 9235.94 9179.1 9170.57 9171.49 9193.38 9315.96 9382.79 9506.29 9633.9 9757.94 9854.29 9923.78
9452.05 9450.4 9458.82 9470.48 9478.58 9490.71 9511.4 9507.9 9509.83 9516.86 9538.46 9555.88 9565.76 9579.09 9589.59 9599.54 9608.17 9630.67 9690.82 9734.06 9746.92 9864.58 9900.35 9830.9 9739.14 9610.35 9585.87 9522.35 9430.25 9313.15 9143 8973.59 8828.19 8663.91 8545.1 8494.34 8416.69 8364.3 8321.24 8276.24 8254.68 8256.89 8279.81 8290.59 8303.48 8314.14 8330.69 8344.57 8368.63 8430.34 8581.94 8599.61 8671.18 8763.98 8884.23 8964.64 8959.07 8974.66 8988.33 9000.78 9086.83 9199.17 9389.04 9588.08 9773.12 9918.26 9969.61
9443.69 9442.42 9455.82 9473.68 9495.16 9505.41 9490.83 9502.04 9525.22 9546.35 9578.26 9616.82 9637.78 9636.22 9632.86 9629.55 9630.54 9650.78 9726.42 9766.67 9783.04 9830.11 9848.18 9807.34 9703.39 9600.29 9531.49 9432.49 9301.97 9135 8970.42 8818.47 8723.94 8624.4 8486.29 8420.48 8372.61 8312.72 8276.53 8241.84 8219.02 8224.46 8240.92 8256.17 8263.71 8277.67 8292.84 8314.13 8356.16 8408.95 8460.78 8523.58 8604.81 8702.77 8805.81 8849.71 8878.71 8876.8 8930.72 8953.71 9004.33 9089.88 9280.52 9499.58 9742.89 9991.56 10052
9441.27 9445.26 9456.5 9472.75 9490.48 9500.56 9512.83 9526.46 9536.55 9558.02 9605.81 9672.38 9710.44 9694.42 9678.82 9662.64 9660.79 9689.6 9758.23 9776.1 9760.32 9860.33 9914.31 9817.97 9707.27 9639.63 9542.06 9383.97 9205.55 9018.17 8826 8694.85 8620.98 8503.33 8418.14 8375.74 8337.79 8296.51 8255.93 8213.78 8216.82 8219.23 8224.3 8235.54 8240.49 8252.64 8261.69 8292.46 8342.53 8402.79 8444.15 8496.77 8557.05 8636.6 8732.83 8839.96 8908 8807.38 8841.01 8930.17 8984.19 9033.7 9200.1 9400.23 9628.71 9900.69 10058.4
9447.18 9454.21 9463.74 9472.36 9474.79 9490.36 9523.11 9541.16 9558.75 9587.86 9626.47 9700.83 9736.93 9735.33 9712.32 9685.89 9678.74 9703.59 9744.11 9754.34 9770 9890.97 9964.65 9829.42 9685.57 9637.45 9556.31 9322.81 9063.67 8859.37 8699.75 8603.96 8557.91 8444.62 8372.25 8336.55 8305.45 8295.08 8283.14 8267.5 8245.3 8244.76 8257.05 8255.4 8246.3 8258.83 8270.42 8299.07 8326.98 8363.37 8423.74 8459.07 8501.42 8528.37 8549.86 8703.55 8765.24 8782.9 8739.95 8861.12 9040.08 9028.32 9146.07 9294.01 9439.56 9577.23 9887.58
9460.96 9467.13 9472.22 9476.7 9478.99 9478.32 9515.48 9532.7 9562.7 9614.53 9639.73 9679.1 9701.56 9700.26 9701.5 9696.66 9675.88 9702.72 9747.08 9758.42 9777.45 9871.58 9914.51 9791.66 9642.11 9637.91 9549.75 9243.53 8948.2 8746.64 8615.48 8532.57 8489.19 8436.95 8348.83 8309.56 8286.31 8317.9 8341.64 8353.98 8330.77 8314.59 8316.44 8308.75 8296.77 8302.95 8323.79 8356.39 8368.01 8377.17 8378.33 8421.94 8450.68 8457.28 8457.65 8490.77 8565.4 8622.61 8648.57 8772.24 8913.63 9035.83 9140.88 9231.24 9305.84 9436.34 9772.54
9473.29 9481.3 9487.43 9489.69 9487.72 9484.44 9470.64 9501.78 9539.32 9600.58 9649.68 9691.9 9695.33 9685.13 9729.05 9709.14 9704.07 9733.85 9795.65 9801.62 9805.04 9814.49 9793.35 9705.71 9609.8 9538.26 9391.1 9126.04 8865 8668.53 8546.13 8463.62 8406.23 8356.6 8334.12 8311.07 8319.16 8373.32 8415.87 8438.87 8439.02 8422.07 8400.98 8392.14 8384.69 8376.32 8405 8431.54 8426.19 8422.87 8386.03 8388.44 8403.18 8410.29 8415.17 8408.28 8421.43 8524.29 8619.53 8719.15 8812.02 9090.55 9162.66 9166.94 9202.46 9340.76 9718.36
9485.6 9500.51 9510.79 9504.19 9496.41 9483.44 9483.76 9504.38 9542.72 9606.43 9679.64 9721.16 9715.7 9687.75 9687.46 9712.63 9745.9 9765 9792.99 9852.09 9837.23 9761.05 9644.37 9619.59 9598.1 9433.05 9201.2 9008.88 8774.25 8589.27 8441.86 8396.78 8376.96 8344.55 8341.97 8352.29 8399.09 8456.68 8506.8 8536.1 8535.89 8520.95 8506.63 8502.97 8515.56 8513.96 8515.37 8514.03 8511.36 8470.68 8413.44 8378.56 8364.07 8373.84 8373.24 8371.86 8380.02 8433.91 8504.53 8592.05 8687.73 8945.74 9081.13 9077.37 9116.01 9257.42 9634.32
9510.23 9517.9 9518.75 9526.81 9519.53 9517.88 9519.65 9541.24 9580.72 9648.48 9719.88 9745.47 9727.84 9780.75 9729.22 9734.33 9776.12 9783.92 9828.71 9888.62 9872.76 9776.29 9646.41 9607.59 9575.36 9381.98 9143.61 8940.38 8733.71 8534.13 8392.04 8339.12 8322.72 8317.32 8359.83 8418.08 8488.36 8550.66 8613.42 8656.83 8656.47 8619.97 8648.25 8655.3 8724.15 8749.9 8729.68 8641.19 8565.77 8506.39 8425.68 8382.21 8365 8352.4 8337.81 8316.24 8323.6 8349.41 8421.6 8512.91 8623.97 8757.92 8892.71 8968.94 9037.27 9182.69 9476.95
9516.1 9540.93 9583 9560.8 9547.19 9536.22 9555.46 9586.6 9627.31 9687.07 9735.84 9736.39 9733.62 9770.32 9750.51 9751.26 9794.85 9776.09 9822.16 9947.98 9911.01 9821.52 9745.36 9644.74 9497.79 9323.97 9129.25 8873.2 8650.46 8460.43 8338.88 8288.69 8272.64 8300.66 8371.73 8447.66 8543.52 8623.87 8716.5 8812.77 8839.08 8791.67 8868.54 8953.88 9070.05 9141.34 9085.79 8941.86 8796.67 8606.88 8490.23 8399.13 8355.09 8334.51 8313.73 8268.33 8257.57 8252.69 8292.11 8446.38 8578.67 8726.09 8750.43 8888.82 9022.21 9152.08 9335.2
9529.94 9553.41 9564.74 9578.31 9580.1 9573.76 9588.52 9619.67 9664.51 9716.04 9753.46 9747.98 9761.5 9775.99 9772.02 9766.81 9758.08 9778.69 9848.56 9956.4 9920.71 9825.52 9714.84 9568.85 9394.09 9238.5 9051.13 8766.71 8521.13 8372.99 8277.57 8248.89 8257.94 8311.28 8381.33 8457.43 8570.7 8675.68 8785.97 8895.05 8956.82 8987.75 9137.88 9394.89 9564.72 9575.7 9550.09 9375.68 9109.5 8760.37 8512.19 8414.72 8364.62 8316.93 8282.95 8222.17 8192.83 8169.59 8164.97 8338.79 8482.15 8573.23 8610.57 8832.61 9115.75 9246.51 9253.28
9564.63 9579.12 9583.64 9608.41 9625.17 9606.88 9639.94 9673.56 9732.55 9804.56 9869.35 9847.8 9846.32 9841.55 9838.94 9822.7 9790.25 9816.38 9874.18 9939.75 9889.61 9788.15 9659.72 9514.86 9342.01 9153.91 8945.31 8698.89 8474.99 8316.54 8231.67 8218.94 8257.82 8310.84 8387.75 8478.61 8599.25 8722.15 8843.64 8956.83 9056.31 9158.85 9335.35 9689.97 10012.6 10088 10055.9 9757.54 9465.56 8981.62 8619.7 8444.95 8449.34 8348.19 8263.15 8209.98 8159.93 8149.85 8153.99 8176.15 8361.89 8496.57 8522.67 8754.54 9026.36 9178.12 9202.14
9606.96 9619.71 9648.95 9663.43 9655.87 9645.52 9673.6 9714.01 9787.27 9865.25 9856.18 9881.15 9906.63 9923.48 9917.77 9907.31 9839.79 9817.9 9858.92 9882.72 9831.86 9733.47 9607.44 9454.18 9297.14 9088.85 8883.51 8693.04 8482 8287.44 8207.06 8199.67 8202.93 8281.05 8380.7 8509.83 8637.04 8773.99 8907.9 9020.09 9125.55 9284.57 9481.25 9751.38 10138.9 10303.8 10285.9 10180.7 9744.54 9201.15 8756.68 8448.78 8382.1 8272.63 8201.73 8174.49 8163.48 8163.83 8159.97 8143.91 8246.24 8422.38 8479.11 8670.64 8888.15 9069.92 9175.54
9644.92 9649.13 9668.89 9681.99 9678.15 9658.36 9680.79 9734.9 9799.28 9850.36 9830.21 9869.84 9896.81 9906.75 9914.83 9894.15 9865.22 9860.5 9870.11 9856.1 9782.28 9676.34 9561.98 9435.27 9206.96 9017.36 8820.25 8650.41 8466.7 8285.29 8210.8 8197.76 8203.08 8265.1 8352.68 8507.06 8655.43 8803.69 8964.24 9101.76 9260.86 9576.09 9854.36 9945.63 10125.7 10339.5 10446.3 10392.8 9884.08 9361.62 8881.83 8456.4 8270.1 8190.34 8181.38 8179.16 8182.65 8189.3 8184.86 8151.97 8170.05 8272.52 8429.51 8623.06 8851.36 9029.24 9157.68
9655.52 9654.55 9658.09 9664.75 9677.68 9693.78 9708.72 9736.86 9793.01 9841.11 9827.9 9858.66 9889.18 9906.81 9933.53 9917.91 9894.54 9893.48 9883.67 9842.44 9753.63 9633.99 9497.31 9339.32 9146.49 8945.29 8748.93 8589.35 8456.36 8316.48 8244.24 8209.06 8207.57 8267.53 8348.6 8499.66 8654.86 8821.7 9010.71 9187.73 9491.04 9968.35 10350.3 10318.3 10308.8 10437.4 10577.1 10225.8 9726.51 9234.6 8826.87 8502.54 8301.8 8207.1 8192.34 8192.68 8215.31 8220.01 8218.4 8181.67 8183.01 8298.63 8423.99 8599.14 8840.69 9035.31 9180.35
9646.79 9647.3 9650.9 9656.64 9665.4 9686 9721.07 9756.22 9785.73 9797.92 9803.97 9847.07 9890.4 9940.26 9955.94 9934.37 9918.64 9908.36 9883.78 9825.92 9733.68 9605.79 9454.56 9262.75 9092.62 8914.36 8717.15 8551.7 8434.84 8335.37 8276.54 8255.29 8233.8 8293.6 8371.23 8493.91 8634.6 8797.94 8995.73 9220.04 9648.71 10111.4 10246.4 10252.9 10352 10400.9 10439.9 9978.01 9524.27 9067.93 8744.82 8507.54 8331.68 8238.53 8209.5 8226.06 8255.07 8246.33 8220.64 8175.17 8204.94 8295.09 8416.28 8592.32 8802.05 9060.48 9269.05
9626.49 9636.5 9654.05 9662.06 9656.37 9690.36 9735.94 9771.29 9780.27 9780.24 9795.4 9831.31 9880.21 9910.63 9942.36 9962.62 9947.7 9918.91 9931.78 9851.42 9733.2 9606.16 9463.99 9298.52 9079.23 8936.48 8765.1 8592.27 8411.46 8301.3 8272.54 8279.19 8292.74 8333.65 8389.48 8489.98 8606.04 8747.25 8920.58 9151.47 9506.03 9889.26 9803.29 9870.63 9998.3 10148.8 10113.4 9746.05 9319.66 8918.17 8655.77 8452.55 8322.75 8255.91 8235.77 8264.01 8292.58 8271.12 8230.79 8157.27 8218.42 8297.54 8391.79 8623.96 8837.16 9086.8 9297.99
9614.12 9628.79 9661.85 9695.78 9666.41 9691.48 9733.81 9752.14 9762.34 9771.91 9805.12 9854.15 9885.96 9896.13 10000.9 10049.7 9979 9915.69 9896.87 9843.72 9749.58 9637.65 9501.42 9342.79 9158.27 8993.97 8856.1 8581.64 8406.7 8305.28 8246.83 8254.8 8315.14 8353.79 8417.2 8497.14 8574.98 8678.15 8802.61 8964.52 9232.53 9597.86 9571.37 9758.65 9930.45 10015 9854.86 9507.23 9152.85 8823.71 8574.36 8380.23 8308.14 8272.04 8258.12 8289.1 8319.13 8293.45 8245.8 8180.3 8220.65 8344.63 8440.67 8740.18 8895.46 9095.21 9277.32
9620.64 9622.42 9653.18 9686.08 9682.05 9686.95 9709.61 9729.89 9755.64 9769.32 9779.42 9866.66 9891.42 9910.71 10038.2 10074.8 9994.26 9922.06 9901.65 9850.14 9786.82 9697.53 9567.47 9367.72 9157.37 9025.17 8912.76 8662.49 8452.22 8326.41 8224.36 8210.27 8285.71 8332.19 8413.77 8480.43 8523.69 8580.21 8659.03 8782.31 9011.56 9351.87 9654.87 9789.17 9993.79 9874.16 9629.54 9485.73 9092.67 8705.66 8509.52 8358.73 8301.04 8285.41 8271.41 8311.3 8342.94 8305.36 8260.02 8191.09 8317.23 8496.41 8648.15 8784.8 8882.81 9075.92 9226.7
9625.16 9613.49 9639.75 9663.98 9699.76 9682.48 9680.51 9721.44 9782.3 9830.54 9800.55 9846.1 9884.85 9918.76 9998.33 10037.7 9976.79 9918.72 9896.22 9869.4 9836.82 9777.52 9659.27 9416.63 9111.44 9025.06 8956.53 8735.22 8545.65 8393.79 8241.84 8173.45 8221.43 8283.88 8375.81 8432.05 8451.24 8481.12 8536.2 8629.48 8859.91 9197.37 9296.52 9466.75 9536.63 9468.81 9271.23 9175.85 8902.36 8594.83 8448.14 8343.01 8304.96 8328.74 8341.35 8356.45 8347.32 8273.44 8203.22 8167.31 8271.6 8487.07 8686.89 8765.04 8893.3 9074.41 9194.21
9622.16 9616.56 9648.33 9689.58 9669.16 9678.69 9679.73 9729.9 9798.43 9832.14 9824.87 9834.57 9883.81 9914.48 9957.74 9992.06 9979.29 9926.97 9888.5 9892.65 9894.97 9874.04 9779.66 9479.75 9098.45 9045.05 9021.75 8809.8 8646.75 8478.13 8295.32 8171.87 8187.72 8237.79 8342.2 8374.14 8383.27 8397.77 8417.94 8460.52 8653.11 8956.88 8911.11 9013.12 9066.87 9064.25 9088.43 8888.41 8703.18 8512.11 8383 8310.95 8317.22 8297.63 8391.99 8337.75 8314.16 8199.31 8139.03 8157.55 8263.83 8417.37 8585.32 8823.7 8992.64 9133.52 9225.43
9635.44 9633.71 9647.88 9657.02 9693.29 9684.96 9704.83 9732.25 9750.61 9789.21 9834.39 9844.13 9898.22 9927.06 9956.67 9959.95 9992.87 9937.96 9901.94 9921.2 9947.43 9964.5 9950.29 9642.01 9169.54 9122.56 9111.29 8922.01 8701 8551.08 8398.34 8262.04 8171.59 8174.86 8255.67 8294.32 8308.36 8306.79 8307.91 8316.32 8402.93 8478.86 8577.8 8684.14 8724.5 8723.21 8702.04 8586.44 8512.22 8353.93 8291.93 8248.6 8201.6 8206.95 8207.9 8185.69 8134.7 8108.53 8130.39 8201.22 8286.75 8367.84 8514.5 8974.48 9119.12 9208.64 9264.71
9623.59 9625.73 9637.34 9643.74 9661.84 9684.95 9711.84 9739.84 9761.07 9799.55 9858.9 9885.72 9891.31 9917.63 9931.2 9928.4 9944.36 9896.05 9877.49 9942.21 9977.46 9992.22 9944.08 9686.64 9334.2 9251.04 9250.73 9011.84 8827.06 8615.81 8437.6 8227.43 8143.87 8102.8 8183.7 8223.8 8241.11 8241.03 8230.4 8220.41 8244.24 8287 8347.65 8405.2 8419 8410.72 8365.03 8383.53 8335.54 8263.6 8204.99 8158.59 8109.51 8116.85 8092.99 8068.25 8019.63 8047.42 8119.24 8188.51 8269.68 8411.97 8647.05 8955.18 9200.14 9288.11 9350.39
9616.37 9624.92 9624.93 9637.12 9646.03 9676.65 9708.55 9750.49 9801.79 9862.23 9893.78 9921.6 9909.24 9934.73 9943.99 9930.96 9906.52 9934.72 9933.31 9968.43 9995.82 9996.89 9921.34 9711.78 9467.93 9369.19 9316.79 9078.45 8845.19 8643.13 8440.69 8263.38 8139.3 8041.7 8107.78 8151.3 8171.44 8178.08 8173.96 8173.02 8164.84 8172.61 8186.83 8209.38 8217.42 8207.39 8177.82 8166.66 8209.84 8155.49 8137.68 8115.83 8100.7 8113.96 8063.79 8052.95 8062.8 8115.79 8174.67 8224.27 8353.91 8673.38 8880.33 9078.13 9314.6 9427.88 9524.59
9613.01 9610.32 9612.99 9614.45 9642.07 9675.65 9699.89 9734.38 9824.72 9922.69 9893.49 9917.72 9953.3 9991.06 10031.6 10019.5 9947.37 9943.52 9951.32 9985.73 10004.5 10006.6 9962.27 9777.34 9577.04 9452.41 9344.19 9202.7 8885.39 8697.11 8530.63 8379.2 8183.77 8033.48 8052.41 8096.4 8118.51 8123.89 8120.04 8113.48 8100.64 8100.04 8092.03 8077.72 8070.32 8050.37 8038.07 8033.11 8067.2 8091.64 8112.03 8130.89 8133.66 8163.83 8102.05 8102.22 8155.24 8211.73 8273.21 8364.84 8529.67 8811.45 9009.1 9321.04 9378.08 9529.67 9587.37
9611.42 9617.4 9623.84 9644.3 9683.17 9683.33 9690.83 9720.53 9783.31 9851.71 9865.42 9921.15 9998.3 10022.6 10072 10068.2 9987.91 9960.76 9975.41 9993.77 10007.9 10017.6 9981.42 9838.4 9687.96 9562.76 9465.51 9369.42 9078.03 8830.19 8650.4 8487.86 8260.38 8044.01 8040.1 8082.05 8098.32 8095.15 8076.13 8049.28 8047.3 8035.57 8008.39 7983.35 7987.44 7987.71 7978.02 7970.52 8009.19 8067.56 8103.6 8144.93 8174.79 8143.73 8140.56 8163.93 8217.29 8270.1 8377.6 8545.31 8789.54 8939.28 9226.24 9441.72 9466.23 9468.07 9614.26
9613.31 9615.94 9627.01 9649.53 9666.56 9675.4 9674.72 9685.59 9723.35 9801.79 9837.17 9895.95 9971.83 10016.3 10062.7 10056.9 10010.7 9976.3 9964.96 9991.17 10008.1 10016.9 9983.43 9876.32 9763.32 9646.96 9576.46 9565.7 9331.41 9012.98 8751.36 8582.2 8383.66 8197.12 8125.22 8127.77 8123.58 8106.53 8075.65 8046.38 8042.63 8030.82 8005.65 7993.36 7982.22 7975.8 7981.03 7977.66 8015.12 8089.26 8128.67 8167.57 8197.48 8196.8 8196.51 8232.96 8294.66 8326.68 8514.84 8681.26 8826.45 9182.32 9408.36 9596.32 9522.32 9564.44 9630.71
9619.32 9627.56 9618.77 9641.96 9664.01 9665.25 9659.86 9657.79 9713.34 9774.24 9794.23 9827.83 9898.27 9993.64 10052.5 10062.2 10026.8 9979.22 9965.68 9994.16 10006.8 10001 9964.36 9904.11 9813.12 9681.89 9601.47 9601.8 9496.53 9241.23 8939.1 8750.78 8554.01 8334.34 8261.13 8227.99 8196.09 8158.32 8119.86 8091.81 8075.23 8080.23 8074.66 8045.27 8032 8020.35 8033.42 8035.33 8066.3 8120.3 8190.55 8169.97 8271.69 8313.47 8303.83 8365.07 8467.12 8641.65 8727.29 8878.04 9089.94 9358.36 9583.92 9533.51 9588.25 9608.53 9701.75
9620.52 9614.15 9615.7 9628.43 9643.01 9648.1 9653.52 9671.83 9720.27 9748.03 9761.72 9772.22 9811.35 9921.18 9999.87 10055.7 10011.3 9954.06 9964.03 9980.15 10006.4 10019.4 9999.3 9938.39 9886.17 9780.84 9636.56 9533.88 9614.26 9504.69 9206.16 8979.6 8765.47 8561.37 8439.23 8375.12 8315.92 8246.16 8179.79 8140.06 8121.53 8115.16 8114.83 8115.68 8114.87 8106.97 8110.75 8125.54 8141.27 8177.14 8236.46 8268.51 8304.33 8379.27 8454.67 8545.22 8649.44 8778.23 8887.53 9053.77 9267.43 9484.12 9543.95 9566.93 9624.97 9639.52 9784.64
