real_craters/C184-500m.grd
DSAA
317 317
-78.9075 78.9075
-78.9075 78.9075
4569.3888124089 6823.960192207
[rows 0 to 29 of 317, columns 67 to 133 of 317]
6196.68 6242.83 6295.69 6341.5 6362.25 6381.54 6394.27 6374.22 6254.11 6127.04 6074.35 6046.58 6023.6 5994.74 5982.17 5940.39 5925.25 5915.09 5905.31 5895.33 5918.25 5906.31 5894.52 5883.21 5884.66 5848.03 5816.94 5815.79 5816.31 5814.11 5813.77 5813.73 5810.52 5806.2 5802.43 5801.93 5804.61 5804.34 5802.61 5802.04 5807.04 5814.49 5821.34 5825.84 5824.55 5830.32 5829.29 5823.28 5813.84 5804.63 5804.34 5812.88 5826.4 5835.98 5835 5837.89 5843.5 5854.15 5861.69 5868.85 5875.53 5883.16 5875.44 5865.69 5859.74 5849.12 5837.2
6181.05 6203.06 6240.44 6291.2 6318.24 6309.47 6281.72 6215.38 6096.61 5984.48 6001.07 6010.35 6021.79 6008.37 5979.76 5946.23 5932.89 5923.07 5920.89 5910.31 5899.34 5889.32 5877.64 5883.35 5880.22 5851.95 5813.21 5812.71 5813.28 5811.86 5811.47 5815.54 5812.58 5806.9 5802.95 5802.46 5802.42 5802.94 5802.61 5804.28 5811.29 5822.14 5835.79 5852.16 5863.4 5865.16 5870.37 5845.79 5822.23 5802.18 5797.19 5806.38 5813.69 5820.6 5818.2 5821.27 5827.91 5836.03 5844.69 5856.38 5864.34 5869.4 5869.08 5866.06 5866.4 5859.43 5851.62
6148.9 6161.13 6190.4 6230.2 6263.4 6213.03 6129.31 6038.26 5995.23 5961.79 5985.52 6006.74 6017.78 6021.89 6008.7 5969.55 5959.02 5946.5 5934.64 5922.92 5919.92 5907.94 5896.06 5884.02 5874.29 5843.54 5812.66 5814.33 5813.69 5810.83 5809.74 5810.72 5814.93 5811.55 5805.76 5806.21 5800.8 5801.69 5801.53 5804.44 5813.54 5826.78 5843.91 5861.74 5871.54 5871.84 5871.22 5849.63 5829.45 5810.26 5801.49 5798.98 5794.58 5787.76 5794.77 5802.17 5810.88 5820.84 5830.39 5840.6 5847.86 5849.74 5850.69 5856.08 5857.95 5857.61 5856.65
6112.96 6105.07 6115.51 6147.49 6142.24 6111.87 6059.64 6011.87 6012.05 6019.27 6012.85 6007.33 6024.02 6030.33 6053.49 5999.07 5972.06 5960.1 5948.23 5934.7 5914.34 5902.32 5890.38 5878.64 5868.88 5836.16 5804.85 5806.53 5812.04 5811.59 5812.18 5819.23 5827.94 5830.46 5827.38 5820.83 5807.95 5798.57 5796.83 5801.13 5811.67 5826.3 5843.16 5858.69 5864.07 5859.8 5848.17 5840.64 5835.28 5827.28 5813.04 5796.74 5782.39 5771.56 5775.8 5785.44 5795.93 5806.97 5817.25 5827.4 5837.01 5842.9 5846.11 5842.83 5841.63 5848.4 5854.75
6077.96 6046.17 6013.5 6044.83 6067.19 6060.97 6045.32 6046.97 6050.54 6060.31 6034.63 6007.26 5992.55 5987.28 5981.57 5950.81 5932.74 5922.51 5914.52 5904.32 5906.1 5893.63 5882.27 5871.06 5859.77 5830.68 5799.29 5802.96 5807.64 5815.03 5824.09 5836.42 5842.9 5847.59 5844.68 5838.07 5834.84 5807.96 5792.54 5795.99 5807.56 5822.41 5837.82 5849.52 5851.29 5844.41 5833.42 5833.85 5837.1 5841.82 5820.29 5798.18 5776.85 5761.66 5763.44 5773.05 5784.38 5795.48 5806.17 5816.39 5825.25 5832.93 5834.09 5829.13 5827.34 5838.35 5849.67
6050.86 6018.18 5985.89 5996.61 6021.78 6023.38 6013.93 6011.86 6014.99 6010.51 6000.87 5982.41 5967.87 5955.59 5945.21 5905.84 5896.41 5886.32 5891.29 5881.15 5871.68 5862.53 5853.75 5845.45 5837.8 5828.65 5796.89 5800.78 5808.27 5816.2 5827.31 5844.81 5848.55 5847.81 5845.58 5843.61 5842.1 5817.93 5789.73 5793.06 5805.17 5818.09 5831.11 5846.1 5839.24 5829.24 5824.8 5826.22 5829.31 5829.22 5815.48 5795.88 5774.52 5758.87 5757.48 5765.48 5775.33 5786.32 5796.64 5806.22 5814.68 5822.37 5824.8 5821.42 5820.12 5830.85 5842.83
6036.14 6005.98 5971.93 5962.49 5971.3 5975.83 5969.11 5953.85 5954.15 5955.07 5955.32 5953.75 5948.05 5942.29 5934.8 5902.54 5893.18 5883.28 5873.89 5865.52 5856.4 5848.49 5841.03 5834.1 5828.69 5828.19 5794.14 5800.55 5807.72 5816.82 5828.78 5848.61 5845.84 5836.57 5836.27 5838.42 5839.59 5823.57 5792.02 5796.13 5806.77 5814.71 5817.11 5795.29 5819.13 5816.94 5812.11 5812.9 5818.04 5816.22 5807.17 5791.37 5772.47 5759.39 5756.03 5760.99 5769.6 5778.89 5788.6 5797.46 5804.43 5811.47 5814.34 5813.49 5816.78 5824.31 5833.81
6028.99 5995.34 5959.04 5939.81 5940.04 5944.4 5935.75 5923.49 5915.84 5915.86 5922.45 5929.51 5933.19 5936.3 5917.51 5900.74 5890.16 5881.58 5871.62 5863.13 5850.65 5843.11 5835.92 5829.16 5822.99 5822.49 5790.94 5798.12 5804.39 5813.93 5831.53 5850.3 5842.2 5827.66 5826.44 5826.9 5826.96 5820.36 5812.72 5814.92 5816.05 5816.95 5818 5827.31 5809.96 5804.44 5799.81 5801.11 5809.82 5813.09 5800.31 5786.64 5770.72 5758.69 5753.8 5758.17 5765.05 5772.75 5781.43 5789.1 5796.02 5801.63 5801.08 5802.06 5807.17 5815.95 5823.33
6017.79 5982.53 5946.7 5927.52 5926.13 5921.12 5911.4 5900.66 5895.82 5893.54 5895.37 5902.62 5910.4 5916.64 5903.13 5895.15 5886.58 5879.69 5865.1 5857.96 5850.6 5843.23 5836.49 5829.46 5822.78 5815.81 5802.87 5794.65 5798.55 5803.93 5817.44 5843.16 5837.12 5828.94 5820.04 5817.43 5824.21 5837.19 5869.24 5844.85 5830.56 5822.27 5814.94 5807.03 5804.32 5797.88 5793.43 5793.73 5799.52 5800.21 5792 5781.71 5769.17 5759 5754.56 5757.76 5763.37 5770.09 5776.78 5783.93 5790.17 5796.82 5802.97 5802.02 5803.1 5808.87 5814.1
6020.76 5971.03 5929.75 5904.03 5900.72 5898.51 5893.64 5886.49 5881.88 5877.77 5875.44 5879.69 5884.55 5891.95 5879.19 5872.85 5866.25 5864.26 5858.3 5852.94 5846.37 5839.88 5833.28 5826.68 5820.21 5811.33 5800.13 5793.26 5794.76 5795.42 5804.77 5827.37 5824.34 5817.78 5813.2 5815.99 5840.01 5881.51 5891.87 5856.34 5838.34 5827.66 5818.9 5811.08 5803.89 5795.66 5792.19 5789.66 5788.97 5787.7 5783.59 5776.72 5767.53 5760.95 5759.4 5758.88 5762.99 5768.43 5774.14 5779.99 5786.1 5792.89 5797.6 5802.26 5801.73 5803.1 5805.81
6011.12 5958.02 5910.89 5878.35 5883.94 5885.1 5881.55 5877.41 5871.6 5865.24 5860.65 5863.66 5866.97 5870.59 5861.35 5858.64 5853.84 5849.24 5844.24 5839.96 5835.76 5830.1 5824.36 5818.63 5812.35 5807.72 5798.27 5789.62 5791.64 5793.5 5800.39 5809.74 5808.68 5803.96 5805.21 5810.73 5841.17 5882.52 5871.81 5847.53 5837.53 5830.12 5823.04 5814.15 5805.55 5801.7 5792.17 5789.03 5783.4 5780.68 5777.03 5772.27 5765.02 5760.51 5757.15 5758.76 5762.15 5766.65 5771.88 5777.19 5782.31 5787.5 5790.64 5794.46 5795.46 5796 5798.21
5995.24 5943.25 5895.71 5864.84 5880.94 5884.53 5877.57 5873.53 5866.45 5858.37 5853.24 5853.97 5855.39 5858.04 5851.12 5847.45 5843.6 5839.54 5834.99 5830.29 5825.34 5818.57 5813.42 5808.37 5803.52 5799.02 5794.84 5787.1 5788.95 5791.94 5797.45 5801 5801.45 5799.48 5799.13 5804.22 5822.7 5838.49 5837.17 5831.41 5832.71 5832.08 5827.79 5816.45 5801.59 5791.13 5784.31 5778.08 5777.73 5775.95 5772.65 5768.56 5764.54 5759.38 5756.81 5757.7 5760.9 5765.07 5770.13 5774.9 5779.12 5783.3 5784.86 5787.55 5786.4 5787.5 5789.28
5978.39 5929.92 5886.06 5856.43 5861.5 5877.08 5880.55 5872.72 5863.16 5855.39 5849.41 5848.28 5847.63 5850.3 5842.64 5838.68 5834.94 5831.94 5827.73 5823.01 5818.4 5814.89 5810.05 5805.22 5800.5 5796.04 5790.39 5782.54 5784.78 5786.58 5788.68 5795.48 5802.14 5800.14 5795.31 5795.92 5806.24 5813.63 5817.3 5824.96 5834.17 5836.59 5830.08 5818.83 5798.98 5781.74 5778.88 5773.84 5773.25 5771.89 5769.35 5765.9 5762.1 5757.18 5754.56 5755.34 5758.15 5762.55 5767.85 5773.15 5778.44 5781.5 5780.77 5775.27 5776.39 5778.57 5780.96
5958.78 5916.58 5878.43 5853.69 5845.04 5854.64 5874.44 5871.81 5860.9 5853.94 5847.13 5843.77 5842.2 5844.03 5835.89 5833.16 5829.36 5825.5 5822 5819.3 5815.87 5811.57 5807.18 5801.26 5797 5793.42 5788.43 5781.24 5783.64 5785.38 5782.89 5791.91 5798.22 5797.93 5792.96 5791.97 5799.18 5804.88 5815.18 5832.86 5844.23 5849.81 5846.31 5832.72 5812.1 5792.71 5784.78 5778.2 5772.6 5769.2 5767.56 5763.7 5759.49 5753.92 5752.2 5751.62 5754.44 5759.88 5766.58 5773.01 5779.74 5783.4 5785.33 5773.44 5771.48 5773.22 5775.17
5939.56 5903.02 5871.76 5851.71 5843.5 5850.42 5877.68 5877 5864.45 5852.15 5845.75 5841.7 5838.67 5838.5 5831.14 5828.74 5826.73 5822.96 5820.1 5816.14 5812.11 5809.21 5806.28 5802.02 5797.75 5793.19 5788.63 5780.96 5780.48 5783.3 5785.71 5794.01 5795.89 5796.22 5792.1 5792.03 5799.68 5810.9 5822.09 5840.73 5857.69 5870.74 5869.26 5855.87 5836.48 5815.2 5795.96 5783.63 5775.53 5769.47 5767.17 5762.41 5755.43 5750.1 5744.41 5743.95 5750.18 5757.39 5765.16 5774.53 5780.44 5784.72 5786.48 5777.66 5771.72 5771.77 5771.99
5921.99 5893.52 5866.27 5848.04 5842.07 5858.38 5892.83 5886.81 5869.32 5857.55 5844.5 5836.88 5836.23 5833.32 5829.15 5826.72 5823.57 5820.4 5816.61 5812.76 5809.62 5805.8 5803.97 5799.84 5795.73 5791.5 5786.35 5778.63 5777.98 5780.77 5798.38 5802.71 5806.18 5798.14 5791.04 5791.7 5800.28 5814.15 5831.96 5847.62 5869.68 5893.52 5903.54 5878.9 5848.16 5824.75 5804.51 5787.25 5776.79 5770.52 5768.07 5762.49 5753.98 5747.33 5740.71 5739.86 5746.67 5755.73 5765.34 5775.29 5782.06 5786.06 5782.52 5777.96 5774.36 5772.87 5774.47
5905.95 5882.23 5860.49 5843.16 5834.76 5858.72 5896.37 5890.1 5875.95 5857.87 5843.22 5836.21 5836.37 5832.53 5828.77 5826.49 5822.62 5819.23 5815.69 5812.27 5809.82 5806.11 5802.37 5798.06 5794.35 5791.55 5785.46 5782.34 5778.61 5780.1 5794.59 5803.96 5812.16 5797.11 5786.35 5788.39 5799.53 5813.74 5834.04 5845.42 5869.73 5900.78 5915.07 5893.22 5863.87 5837.31 5811.68 5788.93 5777.22 5771.87 5768.6 5762.3 5754.24 5746.94 5740.13 5737.89 5745.9 5755.6 5764.52 5774.73 5782.93 5788.77 5793.32 5783.25 5774.55 5772.84 5776.05
5894.77 5873.88 5853.36 5839.17 5833.02 5844.61 5877.63 5883.07 5867.83 5849.17 5840.35 5841.44 5837.94 5833.5 5829.44 5827.14 5821.95 5818.44 5815.56 5812.01 5808.26 5804.7 5801.16 5798.9 5795.23 5790.91 5787.85 5785.14 5783.27 5785.45 5788.85 5794.89 5794.53 5790.3 5784.52 5787.43 5798.37 5813.66 5825.98 5833.97 5853.66 5881.3 5897.55 5891.45 5884.37 5848.82 5817.01 5792.37 5783.56 5775.17 5768.38 5762.13 5756.05 5749.86 5744.24 5741.71 5748.5 5756.38 5763.97 5771.51 5780.7 5789.5 5795.11 5781.58 5770.84 5769.6 5771.18
5883.4 5865.77 5850.22 5838 5831.07 5833.41 5863.82 5872.51 5859.14 5843.43 5835.34 5836.75 5837.64 5833.65 5830.74 5827.08 5824.12 5820.73 5817.69 5814.17 5810.61 5807.04 5803.53 5799.96 5796.46 5793.42 5789.69 5788.18 5788.55 5790.74 5790.76 5792.36 5790.84 5785.2 5781.84 5785.65 5795.59 5808.72 5820.94 5822.42 5831.96 5846.12 5862.39 5872.93 5868.2 5845.51 5816.85 5791.64 5785.15 5777.84 5768.76 5763.61 5758.98 5754.34 5750.93 5750.41 5753.39 5757.99 5761.49 5768.06 5776.8 5785.59 5788.05 5776.08 5765.73 5764.81 5767.2
5878.64 5862.84 5848.88 5836.39 5828.43 5823.92 5842.12 5855.54 5850.39 5841.41 5832.96 5834.47 5836.11 5833.51 5830.07 5827.18 5823.66 5820.62 5817.23 5814.16 5810.93 5807.62 5804.59 5801.26 5797.95 5793.9 5791.29 5788.66 5787.17 5788.69 5788.95 5789.5 5789.57 5785.23 5779.76 5784 5792.4 5805.1 5818.16 5817.3 5819.03 5831.28 5844.68 5855.6 5854.73 5837.41 5814.25 5792.26 5783.81 5778.84 5769.05 5765.76 5761.59 5758.96 5757.82 5757.54 5758.46 5759.17 5760.67 5762.87 5769.8 5777.88 5781.22 5768.2 5758.85 5759.81 5763.1
5874.7 5861.01 5847.98 5837.2 5827.13 5819.91 5824.47 5835.99 5841.03 5839.77 5833.01 5833.13 5834.83 5832.1 5829.92 5827.05 5823.63 5822.11 5819.42 5816.7 5814 5811.2 5808.11 5805.16 5801.69 5798.79 5793.99 5788.3 5783.44 5782.37 5786.75 5786.88 5794.63 5797.32 5795.33 5788.44 5789.43 5799.51 5814.39 5815.64 5813.45 5823.94 5834.54 5840.73 5840.45 5830.06 5813.57 5796.18 5787.71 5780.51 5773.22 5768.14 5765.41 5764.88 5765.14 5764.87 5764.5 5761.41 5761 5759 5762.56 5765.87 5766.34 5758.73 5753.33 5756.41 5761.19
5873.99 5862.88 5851.1 5840.25 5828.64 5819.97 5820.28 5825.52 5835.08 5840.27 5832.13 5832.07 5833.04 5830.11 5828.66 5826.56 5824.16 5822.6 5820.27 5818.27 5816.18 5813.99 5812.07 5809.45 5806.87 5802.02 5793.84 5789.3 5786.92 5787.19 5806.27 5815.15 5836.44 5833.56 5813.71 5804.99 5786.1 5793.45 5809.16 5813.83 5810.59 5814.52 5824.11 5830.49 5830 5825 5815.38 5803.3 5788.97 5779.26 5774.05 5771.81 5770.07 5770.02 5771.1 5772.49 5769.99 5764.25 5760.46 5757.56 5755.06 5755.17 5754.66 5751.04 5751.11 5755.02 5760.27
5874.27 5863.09 5852.05 5843.88 5833.4 5822.13 5818.63 5820.88 5830.14 5841.55 5831.8 5827.21 5828.6 5827.01 5826.34 5824.93 5823.58 5822.66 5821.25 5819.76 5818.17 5816.14 5813.93 5811.72 5799.57 5797.61 5794.01 5791.6 5793.63 5792.98 5854.94 5912.78 5935.93 5932.06 5902.47 5863.05 5809.24 5808.16 5815.27 5814.88 5808.21 5807.58 5814.85 5826.85 5827.72 5820.28 5814.52 5805.64 5788.85 5777.85 5772.86 5775.59 5775.9 5775.67 5776.61 5777.83 5775.58 5768.48 5763.06 5757.29 5752.27 5746.1 5743.74 5744.53 5749.19 5754.37 5761.59
5873.72 5863.87 5854.99 5847.89 5842.95 5841.64 5817.98 5811.95 5822.47 5828.91 5823.22 5821.58 5823.98 5823.1 5823.17 5822.55 5821.73 5820.41 5819.13 5818.23 5816.92 5815.48 5814.43 5812.82 5811.44 5796.16 5793.21 5795.76 5797.65 5811.54 5906.51 6014.02 6043.78 6071.13 6045.21 5967.54 5882.36 5861 5836.49 5811.23 5803.94 5800.79 5802.73 5804.85 5809.76 5810.72 5808.34 5801.83 5789.58 5780.33 5777.28 5782.27 5784 5784.5 5782.55 5781.04 5779.23 5774.27 5772.33 5766.94 5755.1 5745.81 5740.95 5741.49 5744.02 5752.1 5764.63
5867.86 5860.12 5852.54 5846.48 5844.1 5843.23 5817.9 5814.64 5819.07 5822.4 5820.61 5817.71 5816.95 5817.96 5819.05 5819.75 5819.76 5818.94 5817.7 5816.52 5815.28 5814.08 5812.99 5812.07 5811.34 5794.85 5795.69 5800.3 5795.85 5815.85 5917.37 6031.68 6098.45 6140.43 6151.05 6108.31 6021.03 5953.99 5877.03 5811.96 5801.75 5795.89 5793.06 5790.35 5795.99 5801.4 5803.38 5799.76 5793.68 5788.7 5785.83 5790.9 5793.82 5794.43 5789.56 5779.66 5772.22 5784.53 5796.94 5796.33 5778.51 5753.05 5749.2 5750.14 5745.09 5750.84 5764.53
5873.6 5860.75 5852.98 5846.69 5837.67 5829.06 5823.75 5820.45 5821.78 5824.72 5823.41 5818.96 5814.99 5814.65 5814.46 5815.14 5815.29 5817.03 5815.82 5814.55 5813.73 5812.83 5812.08 5811.7 5796.09 5800.33 5802.86 5808.66 5804.75 5818.47 5894.03 5995.03 6106.84 6212.86 6239.38 6260.6 6216.24 6054.24 5924.47 5826.58 5801.64 5793.87 5788.76 5788.51 5790.86 5794.6 5798.58 5798.38 5795.97 5798.94 5794.11 5800.44 5806.69 5810.63 5806.74 5793.32 5779.43 5815.89 5849.42 5856.98 5834.86 5786.91 5787.7 5785.04 5767.77 5761.42 5766.04
5863.09 5854.8 5847.36 5840.51 5834.84 5829.06 5830.22 5825.36 5828.78 5833.7 5833.09 5832.03 5822.62 5814.75 5813.01 5811.94 5812.59 5812.28 5815.95 5813.61 5812.71 5812.9 5812.14 5811.69 5802.8 5801.45 5806.88 5813.18 5812.1 5819.36 5856.82 5939.84 6065 6187.17 6228.84 6261.99 6222.96 6080.16 5950.25 5853.16 5809.12 5790.44 5786.52 5786.31 5788.72 5789.95 5789.18 5790.05 5791.85 5791.02 5797.97 5809.37 5823.03 5836.18 5845.87 5846.13 5835.45 5893.48 5938.59 5956.73 5944.87 5905.86 5880.45 5851.88 5822.41 5802.44 5782.32
5855.29 5848.37 5841.67 5833.3 5827.37 5831.28 5842.32 5822.19 5851.4 5849.01 5838.41 5847.2 5825.99 5814.4 5810.25 5806.5 5805.18 5806.62 5808.52 5809.14 5808.61 5808.19 5807.91 5810.45 5807.48 5807.21 5809.03 5815.41 5822.3 5822.37 5830.83 5889.74 5982.38 6061.06 6115.06 6130.87 6105.68 6029.79 5939.46 5864.98 5814.52 5787.25 5787.17 5790.28 5790.11 5790.51 5789.83 5788.44 5789.56 5793.26 5803.48 5820.71 5846.29 5876.02 5908.19 5939.88 5976.67 6019.37 6054.68 6082.17 6095.15 6064.74 5999.68 5927.24 5867.97 5834.14 5812.58
5849.77 5842.08 5832.61 5824.1 5811.68 5785.55 5716.77 5755.92 5869.43 5864.59 5862.87 5860.95 5831.91 5814.06 5807.92 5804.1 5802.22 5801.67 5805.49 5805.35 5805.23 5805.53 5805.48 5806.88 5805.72 5804.85 5805.84 5810.75 5821.9 5821.83 5834.43 5865.04 5910.02 5951.65 5991.9 5993.18 5987.56 5958.81 5905.36 5847.12 5802.33 5787.98 5788.72 5790.89 5791.37 5793.18 5797.75 5788.34 5786.83 5789.97 5803.62 5831.93 5868.8 5913.94 5965.82 6030.93 6110.41 6145.91 6158.74 6190.25 6240.72 6235.6 6098.59 5980.97 5885.44 5819.97 5808.31
5846.98 5836.17 5827.94 5818.81 5809.4 5796.02 5792.72 5817.84 5845.29 5860.51 5865.71 5867.54 5837.71 5816.95 5808.63 5803.98 5802.09 5800.92 5801.15 5802.76 5802.65 5810.23 5808.91 5807.42 5803.4 5801.45 5799.9 5801.01 5800.28 5811.95 5825.48 5840.34 5860.64 5885.7 5908.68 5910.99 5915.41 5902.79 5870.71 5830.18 5799.83 5798.41 5794.2 5792.46 5792.31 5791.65 5790.06 5786.34 5782.83 5788.74 5805.71 5838.4 5884.71 5939.02 6006.68 6082.39 6159.62 6194.24 6208.05 6231.31 6269.32 6252.03 6119.31 5995.83 5891.73 5819.18 5803.32
