real_craters/C184-500m.grd
DSAA
317 317
-78.9075 78.9075
-78.9075 78.9075
4569.3888124089 6823.960192207
[rows 0 to 29 of 317, columns 0 to 66 of 317]
6036.87 6033.27 6030.88 6029.47 6028.78 6029.37 6032.42 6033.15 6046.04 6110.54 6246.43 6354.18 6450.46 6500.27 6416.81 6328.19 6236.01 6085.1 6107.73 6201.8 6343.05 6378 6293.93 6212.48 6147.13 6092.58 6046.19 6007.2 5978.4 5961.73 5952.4 5946.79 5941.8 5935.94 5933.5 5934.1 5933.17 5931.02 5934.17 5946.47 5994.89 6037.71 6001.55 5962.56 5929.9 5915.07 5913.74 5914.71 5918.02 5920.85 5916.45 5921.25 5933.73 5957.3 5976.55 5981.29 5965.37 5942.36 5940.83 5962.58 5991.27 6017.28 6039.65 6065.32 6093.03 6117.9 6151.5
6032.5 6029.59 6027.2 6026.24 6027.4 6029.1 6032.02 6032.05 6047.03 6128.72 6278.86 6389.05 6484.23 6546.84 6472.02 6383.08 6259.88 6086.32 6082.4 6131.22 6202.09 6259.85 6226.33 6176.25 6125.73 6079.58 6037.87 6001.06 5969.15 5944.89 5942.99 5941.85 5938.72 5934.17 5929.67 5927.85 5926.99 5930.06 5939.47 5963.31 6018.09 6067.22 6019.42 5973.95 5938.66 5921.03 5918.73 5916.86 5918.61 5921.85 5920.73 5930.71 5955.75 5997.68 6018.06 6024.65 6015.58 5982.58 5970.25 5996.33 6023.82 6046.24 6069.36 6090.49 6109.27 6130.82 6155.55
6029.22 6026.81 6024.87 6025.88 6026.24 6028.35 6032.49 6030.48 6041.62 6106.72 6206.47 6301.22 6400.48 6475.72 6395.39 6300.55 6153.33 6055.04 6044.62 6052.46 6063 6116.06 6134.84 6118.67 6089.38 6056.3 6022.81 5991.29 5963.36 5949.8 5943.18 5939.85 5937.32 5935.73 5926.95 5922.62 5921.74 5925.66 5935.13 5955.11 5990.81 6014.96 5998.58 5966.61 5937.27 5919.57 5915.84 5914.87 5917 5919.8 5931.96 5958.87 6003.05 6083.17 6127.48 6131.02 6107.74 6060.77 6028.55 6055.52 6074.71 6089.94 6102.41 6113.37 6118.5 6131.09 6141.66
6027.54 6025.93 6024.42 6024.02 6024.75 6026.83 6032.33 6033.28 6043.84 6078.91 6117.35 6174.54 6254.7 6263.85 6238.57 6164.14 6118.61 6069.37 6035.16 6015.26 6005.18 6038.37 6059.37 6062.64 6049.17 6028.01 6003.95 5980.01 5958.08 5944.26 5943.53 5938.74 5933.92 5928.98 5923.16 5918.22 5916.63 5918.94 5923.5 5931.19 5950.02 5974.67 5965.97 5947.35 5926.7 5912.26 5907.51 5909.14 5909.31 5917.42 5944.57 6022.97 6112.57 6212.44 6295.85 6284.94 6233.56 6178.8 6148.97 6140.76 6142.06 6144.72 6144.5 6140.65 6131.3 6127.56 6122.26
6026.04 6025.53 6025.35 6024.69 6021.86 6022.57 6029.4 6039.98 6055.39 6075.7 6087.17 6117.91 6175.86 6162.19 6164.42 6176.88 6239.82 6130.95 6048.62 6019.9 6006.08 6010.9 6017.84 6019.83 6013.51 6004.3 5987.1 5970.29 5956.68 5948.59 5944.19 5937.37 5930.63 5924.49 5919.48 5915.41 5912.69 5912.15 5911.98 5911.32 5913.32 5928.35 5932.33 5925 5912.91 5903.24 5904.13 5905.99 5907.87 5922.33 5974.26 6097.38 6226.9 6334.36 6423.68 6407.51 6352.79 6297.36 6245.6 6231.87 6217.42 6202.9 6186.59 6166.79 6144.94 6123.48 6104.18
6025.08 6024.66 6024.13 6023.72 6021.31 6021.96 6035.36 6055.94 6073.19 6090.11 6091.12 6112.43 6190.74 6256.56 6198.13 6213.01 6268.45 6133.61 6054.94 6032.72 6022.54 5999.02 5995.94 5997.36 5994.52 5985.16 5972.4 5960.55 5953.18 5949.98 5941.61 5935.15 5929.2 5923.39 5917.66 5912.95 5909.69 5907.2 5905.25 5902.6 5899.91 5902.5 5906.49 5905.39 5901.12 5897.99 5902.5 5909.03 5920.07 5941.27 6004.74 6171.17 6317.04 6426.54 6493.59 6495.15 6455.46 6406.69 6368.04 6328.04 6292.2 6258.08 6220.24 6185.97 6152.95 6119.3 6084.61
6024.38 6024.83 6024.7 6023.53 6023.92 6032.09 6062.9 6097.68 6107.2 6113.5 6115.21 6122.27 6203.99 6311.18 6255.96 6175.96 6168.27 6120.08 6081.15 6042.85 6006.78 5983.63 5976.35 5966.18 5969.61 5953.69 5959.96 5949.55 5942.12 5937.29 5935.33 5931.72 5925.83 5920.8 5916.12 5912.36 5908.64 5906.57 5904.53 5902.57 5898.03 5888.88 5890.21 5890.15 5890.23 5887.9 5900.92 5924.61 5953.18 5988.36 6095.16 6266.07 6399.41 6507.83 6577.75 6571.97 6540.88 6500.1 6451.53 6416.79 6365.56 6307.4 6257.45 6205.5 6163.45 6124.16 6079.86
6023.15 6024.49 6025.18 6025.21 6028.87 6045.04 6100.98 6188.03 6222.53 6189.88 6167.11 6135.13 6173.14 6250.88 6291.19 6191.05 6159.5 6202.54 6165.23 6069.79 6008.13 5977.79 5961.45 5951.07 5939.1 5937.99 5948.18 5938.13 5929.91 5929.32 5930.74 5929.02 5925.82 5919.52 5913.82 5910.45 5906.98 5905.1 5904.65 5903.94 5895.23 5882.27 5881.39 5882.21 5882.66 5881.49 5901.7 5945.03 6005.98 6089.66 6242.27 6344.56 6453.72 6565.37 6634.28 6625.57 6599.06 6570.27 6555.12 6503.22 6421.08 6353.47 6289.97 6230.87 6172.75 6124.08 6074.17
6021.42 6023.75 6024.27 6025.27 6032.32 6053.62 6115.22 6206.91 6273.4 6300.63 6227.34 6163.05 6144.61 6167.03 6233.19 6183.84 6230.97 6284.44 6238.55 6086.27 6003.28 5971.59 5952.57 5938.66 5933.09 5931.69 5927.19 5922.58 5920.79 5923.49 5927.79 5927.13 5922.07 5916.75 5909.37 5904.47 5903.38 5902.85 5903.22 5903.59 5896.34 5879.51 5876.75 5876.66 5870.95 5877.38 5899.68 5963.03 6050.8 6167.33 6259.96 6348.92 6474.82 6579.32 6642.79 6644.26 6624.79 6598.7 6570.26 6520.87 6449.55 6376.37 6309.07 6241.28 6178.73 6122.45 6066.17
6018.72 6021.5 6021.29 6024.28 6032.89 6054.4 6100.63 6153.97 6215.35 6262.49 6218.7 6180.96 6145.73 6123.09 6109.43 6115.7 6216.76 6295.35 6258.87 6079.35 5997.66 5969.26 5952.58 5941.63 5935.84 5939.25 5930.83 5922 5915.22 5920.59 5926.12 5924.19 5923.49 5913.78 5906.3 5901.58 5899.83 5898.69 5898.56 5898.02 5890.59 5878.78 5874.6 5873.81 5870.69 5877.03 5896.65 5967.15 6061.34 6170.53 6273.52 6398.29 6497.89 6582.73 6628.24 6637.54 6620.85 6594.37 6561.71 6514.1 6456.94 6385.43 6311.95 6239.43 6175.64 6114.69 6058.06
6015.16 6018.2 6021.77 6023.23 6030.17 6050.32 6086.42 6109.9 6149.49 6153.26 6158.46 6156.6 6132.64 6100.92 6083.08 6101.98 6164.99 6213.17 6173.72 6064.16 5996.66 5963.22 5944.45 5940.58 5942.11 5942.84 5934.44 5926.67 5916.92 5920.75 5921.99 5916.25 5909.4 5906.05 5902.4 5898.58 5895.41 5893.06 5891.25 5890.01 5883.73 5874.76 5872.3 5871.66 5869.37 5870.77 5889.66 5960.8 6056.78 6170.63 6302.98 6407.18 6501.5 6604.36 6629.58 6610.69 6590.83 6569.57 6545.56 6508.28 6453.21 6384.76 6310.82 6237.32 6172.97 6110.46 6067.52
6011.64 6016.69 6019.73 6022.56 6029.57 6052.44 6107.08 6125.63 6143.28 6131.81 6131.82 6141.67 6132.21 6100.15 6080.62 6084.37 6113.56 6164.13 6126.84 6048.72 5994.07 5960.69 5950.91 5948.91 5947.03 5936.48 5933.91 5932.71 5923.43 5922.58 5916.64 5907.55 5903.29 5899.41 5898.37 5895.29 5891.27 5886.36 5881.77 5877.89 5874.76 5872.16 5870.63 5870.77 5871.9 5874.53 5890.02 5947.52 6030.38 6149.68 6273.25 6368.25 6455.75 6520.81 6551.08 6548.3 6537.64 6528.26 6522.73 6499.09 6443.69 6372.01 6295.8 6218.44 6151.1 6090.96 6051.9
6006.03 6012.33 6018.33 6019.21 6034.19 6073.91 6136.59 6225.5 6165.8 6129.99 6121.25 6129.12 6123.9 6099.96 6080.49 6068.78 6158.24 6216.75 6156.65 6028.51 5982.29 5960.07 5955.38 5948.89 5941.6 5936.4 5938.74 5945.02 5943.81 5927.28 5908.56 5899.59 5898.22 5898.8 5897.31 5894.9 5890.23 5884.24 5875.45 5866.76 5865.82 5868.2 5868.36 5869.85 5874.69 5883.49 5913.75 5926.48 5969.73 6071.87 6227.71 6329 6379.15 6439.58 6449.77 6454.28 6457.88 6464.76 6480.04 6473.91 6426.68 6348.3 6266.22 6189.96 6129.12 6085.71 6029.48
6000.73 6007.57 6013.98 6011.02 5998.37 6021.78 6081.5 6122.07 6125.87 6113.34 6110.24 6115.05 6116.07 6092.76 6076.15 6059.93 6182.12 6246.71 6146.17 6013.88 5980 5971.53 5957.97 5948.91 5940.25 5935.32 5937.33 5946.64 5951.4 5940.04 5915.07 5915.23 5917.96 5917.1 5905.09 5905.31 5900.62 5889.31 5874.98 5862.2 5860.09 5863.71 5863.74 5866.46 5873.24 5878.76 5883.13 5895.64 5915.67 5994.7 6123.25 6180.72 6228.11 6279.75 6314.74 6338.42 6358.39 6378.59 6404.04 6437.85 6385.66 6303.38 6230.39 6159.66 6108.71 6055.47 6005.17
5997.7 6004.39 6010.97 6013.05 6023.18 6022.14 6028.49 6041.81 6068.05 6078.61 6084.26 6088.71 6089.42 6069.51 6054.98 6040.81 6141.54 6195.78 6103.5 6011.04 5999.42 5980.64 5978.28 5961.11 5950.32 5938.29 5931.27 5934.52 5949.63 5973.67 5990.39 5995.1 5992.57 5974.34 5942.51 5942.89 5930.56 5906.41 5880.28 5858.97 5853.42 5854.62 5856.2 5859.16 5863.67 5868.91 5874.2 5878.95 5888.56 5933 5986.29 6015.97 6056.1 6089.13 6164.15 6216.89 6249.84 6273.01 6292 6317.79 6273.38 6220.8 6163.83 6119.03 6065.22 6022.95 5980.27
5993.26 5998.32 6008.16 6016.38 6018.28 6017.2 6010.17 6014.16 6028.48 6038.58 6043.88 6049.73 6054.65 6041.52 6028.09 6032.13 6092.24 6132.85 6122.56 6078.84 6053.42 6029.82 5984.29 5960.88 5947.86 5930.9 5924.57 5928.08 5955.56 6012.65 6074.39 6107.94 6107.76 6079.31 6040.84 6018.83 5982.47 5937.14 5890.4 5855.94 5847.89 5847.79 5849.75 5852.36 5856.45 5862.93 5871.19 5872.39 5874.13 5895.43 5923.83 5944.51 5961.16 5994.73 6060.88 6114.51 6148.02 6164.81 6162.63 6130.02 6114.88 6127.09 6115.24 6081.16 6023.59 5988.84 5954.22
5991.25 5995.42 6010.52 6024.92 6024.7 6013.98 5998.4 5995.47 6002.5 6007.9 6006.46 6014.82 6017.75 6022.47 6023.04 6038.64 6095.48 6156.02 6213.86 6182.63 6123.8 6069.06 6001.48 5967.47 5942.69 5926.51 5918.22 5920.22 5954 6024.33 6121.56 6229.35 6216.6 6210.56 6172.5 6112.72 6044.37 5976.45 5908.16 5858.57 5851.91 5848.14 5848.13 5849.77 5853.71 5860.46 5867.55 5869.61 5869.77 5876.76 5890.37 5905.09 5923.09 5954.64 6002.26 6042.19 6068.05 6077.66 6069.75 6055.65 6048.57 6061.16 6059.91 6010.37 5988.3 5961.69 5933.95
6009.51 6003.85 6020.56 6041.69 6056.88 6020.18 5989.37 5983.41 5989.79 5995.53 5997.46 6004.63 6015.94 6025.13 6041.61 6062.46 6141.36 6213.97 6332.29 6271.09 6167.44 6087.56 6025.12 5971.52 5941.01 5921.88 5911.47 5914.77 5939.37 5997.86 6062.77 6131.79 6216.42 6316.9 6300.31 6179.53 6091.93 6018.44 5944.35 5889.73 5872.74 5856.04 5848.38 5849.9 5856.67 5860.94 5865.26 5867 5866.61 5869.48 5875.56 5895.49 5916.66 5941.16 5969.05 5993.78 6012.78 6019.66 6017.19 6021.31 6016.26 6020.16 6018.37 6008.1 5958.64 5937.99 5917.23
6014.7 6024.67 6032.11 6044.5 6050.66 6011.48 5977.01 5979.48 5994.94 6006.85 6010.4 6018.91 6039.44 6062.7 6092.19 6127.2 6242.57 6355.76 6435.67 6295.49 6165.18 6080.08 6011.85 5963.73 5936.01 5914.26 5903.08 5904.66 5916.84 5950.77 5976.27 6013.62 6119.07 6208.33 6225.76 6165.35 6104.11 6055.5 6013.07 5959.32 5908.07 5867.57 5846.87 5851.66 5860.28 5862.77 5864.19 5863.57 5869.29 5868.95 5877.91 5897.12 5916.94 5936.65 5955.31 5969.71 5982.01 5986.07 5986.62 5996.44 5994.1 5992.31 5988.16 5951.54 5937.05 5920.44 5903.62
6019.26 6033.53 6034.85 6031.42 6016.45 5996.25 5969.21 5986.34 6012.01 6043.49 6068.45 6108.35 6169.21 6224.65 6264.74 6292.02 6376.43 6459.43 6398.97 6192.29 6111.82 6055.78 6003.55 5965.52 5937.41 5911.57 5895.8 5889.39 5893.11 5911.75 5918.82 5944.54 6012.57 6067.92 6100.03 6099.23 6079.24 6065.15 6065.06 6012.93 5933.23 5878.39 5848.04 5854.99 5864.84 5864.53 5865.36 5866.32 5862.12 5867.24 5879.69 5901.18 5929.16 5944.73 5959.26 5968.89 5972.66 5972.86 5970.67 5979.56 5977.37 5971.14 5946.66 5936.41 5924.46 5909.93 5895.41
6018.12 6034.52 6031.98 6024.67 6010.71 5992.48 5990.99 5998.57 6034.39 6091.16 6179.16 6293.73 6333.07 6435.13 6481.57 6515.18 6478.06 6409.24 6301.23 6130.17 6071.29 6028.28 5990.56 5958.76 5932.42 5907.75 5889.86 5881.23 5880.08 5883.37 5887.02 5899.88 5938.48 5971.02 6007.67 6025.18 6027.82 6026.95 6037.87 5991.76 5924.86 5875.42 5845.42 5856.75 5865.92 5861.57 5860.42 5862.15 5857.32 5862.22 5879.64 5906.99 5937.14 5954.96 5969.29 5974.43 5972.82 5968.86 5962.95 5965.53 5953.43 5951.32 5953.24 5926.25 5915.22 5902.82 5889.1
6012.22 6029.1 6026.92 6018.79 6002.35 5985.04 5982.95 6004.66 6042.67 6102.2 6192.36 6255.02 6303.44 6378.39 6475.42 6518.97 6447.64 6311.08 6186.57 6100.56 6040.6 5999.85 5969.46 5944.14 5922.8 5902.94 5886.14 5876.28 5873.4 5875.12 5876.34 5883.75 5900.93 5910.59 5941.28 5957.93 5959.14 5948.79 5928.2 5919.12 5892.71 5861.91 5839.56 5843.81 5852.7 5851.73 5848.15 5847.53 5844.36 5845.28 5871.32 5908.87 5942.07 5979.35 5991.57 5988.66 5981.31 5972.93 5963.57 5953.79 5951.64 5944.8 5932.99 5923.57 5912.2 5899.92 5887.23
6009.4 6022.23 6022.12 6017.01 6000.6 5978.72 5975.97 6005.14 6035.08 6077.18 6112.97 6123.78 6177.76 6233.99 6296.74 6351.69 6322.31 6218.18 6115.34 6054.67 6006.52 5971.85 5949.57 5929.37 5912.85 5897.77 5885.41 5876.67 5873.7 5874.57 5877.02 5893.25 5899.4 5896.44 5902.03 5905.26 5897.96 5879.54 5854.13 5857.82 5855.39 5844.35 5834.06 5842.59 5844.72 5841.57 5834.61 5823.79 5827.77 5835.03 5873.18 5925.72 5984.4 6019.83 6017.12 6003.08 5990.11 5977.84 5963.96 5956.62 5956.18 5948.44 5935.98 5923.7 5910.95 5898.16 5886.58
6027.07 6023.98 6022.43 6012 5997.57 5980.95 5980.29 5999.3 6024.06 6045.8 6059.45 6062.2 6085.9 6099.37 6133.32 6183.22 6175.58 6129.63 6060.49 6005.62 5967.7 5947.27 5931.35 5917.7 5907.15 5895.83 5887.53 5880.54 5877.04 5877.43 5879 5896.78 5898.01 5886.75 5877.47 5869.12 5855.46 5836.81 5818.99 5825.54 5831.24 5831.67 5833.25 5837.28 5839.65 5836.17 5830 5825.82 5833.81 5848.74 5887 5949.1 6027.2 6048.88 6033.1 6011.06 5992.15 5978.21 5967.66 5962.25 5967.69 5958.88 5940.76 5922.82 5907.82 5893.82 5885.05
6074.78 6047.06 6033.93 6019.25 5997.96 5978.42 5979.6 5993.46 6012.05 6027 6033.02 6033.91 6034.58 6039.07 6046.59 6064.29 6061.4 6047.3 6003.21 5959.85 5932.55 5922.99 5915.97 5907.01 5898.59 5890.86 5885.83 5880.4 5879.19 5879.81 5882.15 5877.75 5871.57 5863.67 5854.55 5843.35 5829.99 5815.21 5805.92 5809.98 5817.08 5823.14 5828.12 5833.9 5837.74 5834.8 5831.25 5831.27 5843.12 5855.36 5890.13 5942.69 6019.23 6048.49 6029.29 6007.55 5991.35 5979.79 5970.61 5966.63 5969.93 5963.4 5943.16 5927.53 5906.67 5891.93 5879.27
6136.25 6091.43 6056.28 6019.74 6003.99 5982.17 5981.97 5992.94 6005.75 6016.86 6017.03 5999.46 5995.38 6003.13 6009.17 6004.25 5995.88 5979.97 5949.84 5926.76 5911.55 5906.5 5901.73 5897.22 5891.2 5885.32 5880.15 5877.85 5878.22 5877.3 5872.32 5859.93 5845.98 5838.9 5833.87 5824.93 5814.05 5803.6 5799.6 5803.22 5811.4 5820.23 5828.68 5840.47 5839.21 5835.41 5832.47 5838.15 5847.02 5857.32 5879.32 5908.34 5960.13 6004.07 5996.64 5985.55 5976.39 5968.53 5960.94 5957.57 5960.96 5956.86 5937.7 5925.11 5907.81 5895.93 5883.6
6168.92 6128.43 6091.13 6055.9 6028.89 6008.5 5996.37 5996.95 6003.6 6011.98 6020.38 5996.35 5971.52 5965.15 5962.52 5963.81 5957.25 5944.87 5921.07 5907.3 5901.01 5896.07 5893.11 5889.85 5885.59 5880.22 5875.72 5875.54 5876.49 5875.92 5867.46 5849.19 5831.33 5823.54 5819.9 5814.3 5807.95 5797.49 5795.25 5801.92 5809.42 5818.63 5828.22 5836.83 5839.57 5836.87 5832.1 5828.07 5838.26 5851.82 5866.53 5884.19 5899.37 5919.37 5944.65 5951.42 5951.71 5948.42 5944.47 5940.99 5939.02 5929.4 5921.46 5910.58 5894.61 5884.04 5872.47
6132.95 6139.61 6125.75 6097.13 6057.59 6026.11 6006.44 5998.86 6000.09 6005.52 6010.34 5985.42 5960.07 5949.35 5940.33 5940.77 5937.33 5925.66 5903.16 5893.23 5891.1 5890.17 5888.48 5885.85 5882.2 5876.83 5871.22 5872.83 5873.44 5872.89 5865.05 5842.84 5826.64 5817.49 5813.96 5812.35 5812.03 5809.13 5806.47 5807.75 5810.87 5817.81 5828.56 5838.8 5838.49 5838.54 5840.41 5841.96 5840.86 5849.26 5859.44 5863.9 5872.27 5883.69 5910.22 5923.36 5929.19 5929 5924.81 5921.36 5914.84 5904.63 5900.68 5891.83 5881.01 5872.18 5863.71
6124.09 6148.65 6150.6 6124.81 6072.4 6032.33 6005.5 5992.4 5989.12 5989.44 5989.48 5972.97 5958.14 5948.36 5935.13 5925.96 5916.08 5904.09 5892.56 5888.24 5886.84 5887.11 5886.39 5883.86 5881.02 5878.01 5873.59 5871.47 5868.88 5863.83 5851.79 5832.69 5817.7 5810.84 5811.83 5814.92 5819.31 5824.89 5819.72 5813.8 5812.03 5814.12 5821.9 5829.73 5832.9 5836.99 5841.19 5848.28 5861.63 5860.82 5863.46 5870.47 5872.02 5883.1 5897.4 5906.46 5911.52 5912.66 5911.66 5904.09 5895.83 5884.74 5879.78 5874.64 5868.94 5860.87 5856.91
6141.19 6162.4 6156.89 6121.61 6066.31 6020.26 5993.62 5980.33 5973.14 5968.81 5964.71 5953.75 5942.23 5936.94 5926.28 5915.8 5907.96 5897.08 5892.27 5892.52 5891.54 5888.91 5885.79 5882.98 5880.31 5878.89 5876.19 5870.34 5864.73 5855.85 5841.35 5823.39 5807.52 5806.4 5813.84 5818.98 5821.87 5821.95 5821.01 5815.84 5811.01 5807.31 5807.82 5814.36 5821.91 5833.28 5846.59 5850.66 5846.39 5854.93 5866.17 5881.18 5881.64 5892.96 5891.47 5898.59 5905.46 5905.91 5899.71 5890.01 5873.92 5864.17 5859.58 5862.04 5858.87 5856.02 5851.64
