real_craters/C184-750m.grd
DSAA
211 211
-78.9075 78.9075
-78.9075 78.9075
4568.5085736066 6827.1328381791
[rows 38 to 75 of 211, columns 84 to 167 of 211]
5790 5786 5788 5796 5803 5806 5805 5796 5781 5765 5756 5746 5751 5754 5819 5832 5773 5740 5751 5745 5739 5738 5741 5745 5749 5743 5734 5725 5719 5714 5714 5714 5718 5721 5724 5726 5729 5728 5726 5722 5724 5730 5740 5755 5770 5785 5773 5806 5837 5860 6001 6217 6470 6631 6700 6709 6719 6729 6732 6729 6728 6668 6340 6117 6028 5984 5985 5932 5939 6013 6047 6049 5990 5902 5820 5761 5719 5693 5671 5664 5653 5629 5602 5589
5779 5773 5772 5780 5787 5794 5797 5795 5782 5761 5748 5744 5785 5862 5959 5989 5920 5790 5759 5733 5721 5724 5728 5736 5743 5736 5728 5720 5716 5713 5710 5714 5716 5717 5720 5721 5720 5723 5723 5722 5719 5711 5702 5723 5758 5804 5833 5816 5804 5806 5851 5981 6134 6334 6652 6672 6678 6681 6682 6686 6686 6630 6301 6082 6027 6014 5995 5954 5886 5890 5897 5880 5859 5815 5771 5742 5727 5713 5680 5687 5674 5637 5599 5585
5763 5758 5758 5767 5775 5782 5785 5788 5787 5758 5750 5782 5896 6102 6167 6196 6169 5909 5782 5721 5707 5706 5713 5727 5737 5730 5720 5714 5714 5713 5711 5712 5715 5717 5720 5720 5719 5722 5725 5721 5715 5701 5691 5701 5729 5769 5814 5816 5797 5818 5861 5924 6005 6173 6573 6633 6637 6610 6601 6629 6649 6617 6298 6062 6029 6052 6103 6012 5885 5834 5817 5753 5753 5740 5715 5696 5760 5818 5808 5774 5722 5660 5604 5588
5747 5741 5747 5756 5765 5772 5778 5785 5785 5764 5775 5910 6065 6232 6318 6310 6210 6037 5846 5734 5704 5699 5704 5714 5722 5721 5717 5713 5713 5713 5709 5711 5715 5718 5720 5720 5719 5718 5718 5720 5714 5698 5685 5683 5692 5714 5786 5803 5793 5820 5871 5907 5963 6057 6423 6504 6473 6423 6439 6515 6601 6606 6279 6046 6034 6064 6106 6016 5849 5787 5729 5707 5707 5697 5682 5675 5741 5891 5954 5874 5773 5687 5621 5591
5741 5738 5742 5749 5757 5765 5772 5778 5784 5780 5801 5951 6118 6308 6370 6356 6373 6165 5915 5766 5717 5702 5702 5708 5717 5713 5714 5712 5714 5713 5705 5711 5717 5719 5720 5721 5717 5711 5717 5714 5710 5687 5679 5667 5666 5675 5747 5763 5768 5777 5800 5840 5898 5969 6089 6130 6107 6141 6209 6273 6342 6411 6215 6051 6027 6038 6034 5948 5833 5773 5737 5719 5697 5687 5679 5686 5730 5906 6041 5906 5791 5697 5625 5590
5739 5738 5738 5743 5751 5759 5769 5776 5780 5789 5808 5905 6036 6178 6254 6273 6307 6146 5938 5794 5738 5714 5702 5707 5714 5711 5717 5716 5719 5716 5712 5724 5720 5719 5719 5719 5713 5704 5706 5707 5698 5687 5673 5664 5658 5657 5680 5705 5693 5717 5743 5791 5842 5893 5904 5892 5873 5923 5999 6031 6024 6063 6075 6034 6019 6011 5975 5890 5824 5787 5740 5703 5690 5686 5687 5699 5743 5799 5854 5830 5759 5685 5619 5597
5735 5734 5732 5738 5745 5753 5761 5767 5771 5784 5789 5790 5906 5989 6033 6080 6091 6021 5909 5818 5754 5723 5707 5707 5709 5711 5723 5750 5723 5718 5711 5718 5718 5716 5714 5711 5705 5699 5706 5706 5704 5705 5698 5676 5660 5649 5636 5646 5651 5681 5718 5762 5790 5810 5819 5807 5787 5814 5873 5910 5943 5971 6004 6020 6015 6010 5990 5963 5929 5844 5745 5692 5697 5699 5701 5701 5674 5690 5720 5739 5710 5661 5614 5591
5727 5722 5725 5731 5739 5745 5751 5753 5753 5764 5785 5814 5841 5857 5858 5898 5875 5888 5845 5794 5747 5720 5707 5702 5701 5705 5709 5698 5710 5712 5712 5714 5713 5712 5708 5703 5696 5692 5695 5700 5705 5710 5705 5682 5663 5645 5636 5637 5646 5668 5698 5717 5739 5747 5751 5748 5752 5783 5809 5831 5845 5886 5948 5997 5999 6015 6043 6106 6071 5922 5800 5721 5712 5713 5706 5685 5659 5674 5684 5681 5660 5629 5599 5581
5724 5721 5721 5725 5731 5738 5742 5745 5731 5742 5778 5812 5816 5830 5862 5837 5828 5813 5783 5747 5724 5712 5704 5697 5695 5699 5704 5713 5708 5703 5710 5711 5708 5707 5703 5695 5690 5687 5693 5700 5700 5696 5689 5680 5666 5648 5632 5632 5629 5651 5679 5680 5708 5723 5720 5711 5731 5762 5769 5772 5792 5869 5909 5919 5968 6014 6066 6109 6068 5954 5850 5792 5745 5731 5724 5690 5655 5670 5665 5650 5632 5610 5587 5583
5728 5722 5719 5722 5726 5729 5731 5729 5718 5725 5756 5783 5790 5803 5823 5830 5794 5769 5743 5710 5704 5701 5696 5691 5690 5692 5697 5703 5701 5700 5702 5702 5705 5704 5701 5694 5689 5684 5687 5691 5693 5690 5685 5675 5657 5634 5607 5579 5587 5626 5687 5683 5716 5708 5693 5680 5711 5736 5736 5738 5831 5921 5931 5927 5965 6019 6059 6099 6034 5940 5845 5767 5755 5737 5733 5700 5645 5647 5644 5631 5616 5599 5582 5588
5735 5726 5719 5720 5722 5722 5720 5714 5714 5716 5725 5740 5755 5756 5737 5743 5738 5737 5726 5712 5705 5697 5688 5683 5683 5685 5687 5686 5691 5694 5697 5706 5707 5702 5699 5703 5688 5681 5684 5694 5693 5692 5686 5672 5653 5625 5591 5563 5594 5656 5677 5695 5699 5698 5685 5670 5675 5706 5719 5734 5837 5969 6011 5965 6001 6053 6045 5997 5983 5940 5872 5748 5736 5764 5722 5671 5642 5637 5629 5619 5609 5599 5597 5610
5735 5727 5718 5721 5721 5720 5718 5718 5716 5709 5715 5722 5727 5726 5720 5719 5714 5718 5715 5713 5706 5694 5685 5678 5678 5680 5681 5684 5690 5691 5695 5706 5705 5698 5689 5677 5681 5680 5682 5683 5689 5699 5685 5669 5660 5625 5591 5566 5602 5662 5656 5667 5690 5703 5700 5687 5671 5689 5731 5796 5983 6158 6181 6164 6162 6139 6102 6007 5965 5983 5999 5988 5948 5879 5786 5679 5631 5624 5615 5608 5601 5596 5598 5604
5721 5724 5733 5724 5720 5720 5720 5722 5722 5709 5708 5713 5716 5715 5708 5704 5705 5708 5706 5703 5698 5690 5683 5681 5678 5679 5679 5679 5687 5697 5697 5699 5698 5691 5686 5681 5677 5674 5671 5669 5676 5677 5671 5657 5638 5622 5601 5595 5613 5612 5625 5683 5728 5717 5708 5692 5680 5706 5773 5915 6261 6409 6331 6315 6279 6210 6197 6129 5993 6050 6151 6313 6241 6007 5848 5711 5643 5614 5611 5604 5599 5593 5589 5583
5718 5718 5718 5716 5716 5719 5723 5720 5716 5710 5707 5711 5713 5715 5715 5715 5708 5704 5700 5694 5686 5685 5682 5681 5680 5680 5681 5683 5691 5697 5694 5692 5688 5684 5679 5678 5676 5675 5672 5672 5673 5669 5658 5649 5636 5624 5613 5613 5620 5586 5613 5704 5728 5721 5719 5679 5672 5706 5812 6046 6373 6380 6320 6284 6237 6180 6142 6097 6048 6082 6180 6302 6161 6044 5933 5851 5726 5648 5630 5615 5602 5592 5584 5580
5720 5714 5705 5706 5712 5716 5720 5714 5704 5707 5713 5710 5712 5715 5719 5713 5708 5703 5698 5690 5682 5681 5681 5681 5680 5681 5684 5688 5691 5689 5687 5684 5681 5677 5670 5670 5678 5683 5683 5677 5672 5657 5647 5649 5646 5627 5614 5616 5607 5567 5601 5685 5723 5712 5678 5662 5673 5725 5876 6088 6276 6193 6227 6215 6157 6089 6007 5983 6004 6041 6096 6120 6072 6100 6103 6044 5856 5729 5671 5638 5618 5601 5585 5581
5727 5715 5705 5705 5710 5712 5711 5711 5711 5705 5701 5707 5710 5712 5713 5707 5706 5703 5698 5692 5683 5683 5679 5678 5681 5683 5685 5687 5687 5683 5682 5680 5680 5678 5675 5679 5687 5692 5693 5678 5666 5653 5642 5647 5644 5625 5604 5580 5585 5571 5605 5661 5679 5686 5667 5656 5668 5738 5880 6028 6094 6103 6196 6188 6094 6017 5896 5878 5914 5968 6008 6027 6059 6159 6222 6071 5927 5785 5695 5652 5632 5620 5611 5595
5721 5715 5712 5712 5711 5712 5707 5703 5701 5702 5705 5705 5707 5709 5707 5708 5708 5708 5706 5702 5703 5691 5684 5681 5681 5683 5685 5686 5685 5680 5680 5677 5674 5681 5696 5695 5697 5702 5702 5681 5662 5654 5646 5643 5636 5621 5604 5592 5631 5599 5613 5642 5650 5656 5656 5655 5673 5767 5900 6013 6114 6313 6273 6207 6165 5979 5834 5810 5864 5904 5947 5987 6041 6128 6111 5968 5799 5729 5686 5658 5644 5639 5625 5611
5719 5714 5710 5708 5710 5713 5713 5704 5703 5700 5699 5703 5707 5710 5714 5718 5720 5721 5717 5711 5702 5694 5684 5681 5682 5682 5683 5686 5696 5687 5682 5677 5676 5678 5689 5695 5700 5706 5707 5683 5653 5652 5650 5634 5629 5626 5617 5603 5571 5588 5601 5653 5641 5622 5659 5682 5681 5749 5859 6069 6234 6310 6234 6139 6061 5891 5725 5740 5794 5842 5897 5966 6034 6116 6049 5882 5758 5702 5678 5663 5656 5661 5652 5629
5717 5711 5705 5700 5708 5714 5710 5700 5695 5700 5699 5703 5708 5714 5721 5731 5741 5737 5728 5719 5714 5703 5691 5685 5683 5684 5684 5683 5678 5684 5682 5679 5676 5675 5668 5688 5701 5708 5710 5686 5651 5655 5660 5644 5641 5646 5644 5634 5610 5607 5644 5676 5642 5644 5661 5674 5690 5742 5845 6005 6106 6078 6041 5983 5880 5784 5711 5703 5734 5777 5838 5914 6010 6015 5917 5810 5726 5692 5671 5658 5654 5645 5641 5639
5713 5709 5705 5706 5709 5716 5713 5694 5691 5692 5695 5701 5709 5720 5731 5766 5769 5748 5733 5721 5710 5700 5694 5689 5686 5686 5686 5687 5692 5687 5684 5682 5686 5685 5684 5693 5705 5711 5705 5683 5667 5676 5681 5661 5672 5686 5692 5692 5678 5656 5662 5672 5661 5673 5668 5671 5676 5729 5824 5898 5931 5906 5873 5836 5769 5729 5711 5673 5677 5707 5758 5817 5858 5817 5775 5745 5730 5685 5663 5653 5644 5632 5630 5640
5711 5708 5704 5703 5706 5708 5703 5692 5690 5688 5695 5702 5709 5718 5730 5756 5759 5745 5732 5720 5708 5698 5695 5691 5688 5687 5687 5690 5688 5686 5684 5682 5678 5678 5689 5703 5717 5723 5713 5693 5699 5738 5732 5710 5739 5755 5758 5748 5737 5690 5692 5694 5689 5682 5662 5649 5653 5693 5773 5828 5817 5777 5746 5732 5708 5676 5643 5621 5610 5624 5671 5710 5719 5697 5691 5688 5683 5658 5644 5640 5638 5636 5630 5634
5712 5707 5702 5698 5702 5706 5703 5697 5694 5693 5700 5707 5712 5715 5723 5729 5731 5731 5726 5718 5710 5701 5692 5691 5690 5687 5687 5688 5686 5688 5684 5683 5681 5685 5698 5721 5742 5762 5779 5806 5849 5867 5876 5867 5851 5846 5837 5817 5764 5783 5728 5686 5667 5653 5648 5637 5634 5653 5691 5733 5726 5697 5675 5661 5637 5592 5571 5568 5561 5566 5599 5621 5625 5620 5629 5619 5618 5620 5616 5614 5619 5636 5622 5619
5715 5708 5704 5700 5706 5717 5707 5692 5698 5708 5711 5714 5717 5724 5714 5715 5718 5720 5719 5714 5709 5705 5699 5692 5690 5688 5685 5678 5675 5679 5684 5686 5687 5692 5717 5748 5779 5811 5853 5912 5950 5989 6012 5997 5962 5924 5899 5897 5935 5864 5723 5674 5660 5657 5646 5633 5631 5638 5652 5671 5659 5642 5627 5612 5599 5583 5534 5534 5537 5542 5550 5558 5565 5567 5554 5579 5579 5578 5577 5576 5576 5576 5584 5590
5714 5710 5707 5708 5714 5717 5712 5705 5705 5709 5720 5721 5720 5714 5708 5711 5715 5716 5715 5712 5707 5697 5694 5692 5689 5687 5684 5682 5674 5685 5688 5694 5700 5711 5741 5781 5815 5851 5894 5947 6060 6181 6216 6163 6052 5981 5935 5911 5893 5774 5711 5682 5678 5662 5645 5644 5640 5628 5639 5627 5599 5589 5579 5571 5556 5530 5522 5521 5523 5521 5516 5503 5492 5501 5513 5516 5533 5538 5539 5537 5533 5532 5547 5556
5718 5713 5709 5710 5719 5720 5719 5712 5723 5737 5733 5728 5724 5712 5704 5711 5720 5714 5712 5709 5704 5699 5693 5690 5687 5686 5683 5679 5679 5684 5693 5699 5711 5744 5773 5811 5854 5889 5939 5999 6157 6312 6310 6189 6061 5991 5932 5880 5810 5740 5710 5694 5682 5660 5637 5633 5625 5615 5620 5570 5545 5544 5542 5533 5525 5528 5523 5517 5512 5507 5487 5461 5422 5410 5438 5475 5488 5500 5504 5504 5504 5508 5517 5528
5732 5719 5711 5701 5703 5729 5737 5733 5729 5731 5732 5731 5731 5731 5709 5708 5710 5710 5709 5707 5704 5697 5690 5689 5688 5687 5683 5675 5680 5704 5705 5702 5704 5725 5791 5846 5903 5951 6008 6066 6220 6327 6190 6060 6025 5973 5907 5836 5768 5726 5714 5697 5664 5635 5616 5616 5611 5595 5589 5533 5510 5508 5503 5498 5495 5505 5513 5506 5496 5481 5464 5440 5407 5368 5399 5446 5458 5468 5471 5472 5475 5483 5495 5507
5731 5724 5719 5720 5729 5735 5738 5740 5731 5728 5730 5730 5729 5720 5710 5708 5704 5707 5708 5707 5703 5698 5688 5693 5694 5690 5685 5681 5682 5703 5708 5702 5700 5719 5801 5873 5942 6012 6099 6217 6296 6215 6132 6080 6016 5948 5880 5809 5750 5716 5684 5652 5629 5609 5608 5604 5596 5576 5567 5519 5503 5485 5476 5472 5474 5481 5494 5487 5474 5458 5445 5438 5436 5415 5419 5434 5437 5442 5444 5440 5436 5450 5470 5489
5730 5730 5728 5727 5730 5746 5740 5732 5732 5733 5732 5732 5724 5717 5715 5714 5712 5713 5715 5711 5705 5702 5700 5703 5701 5693 5682 5674 5682 5697 5705 5710 5716 5754 5830 5896 5967 6045 6145 6274 6324 6210 6122 6086 6004 5929 5859 5794 5737 5687 5653 5625 5605 5597 5591 5583 5584 5548 5524 5499 5491 5460 5440 5451 5470 5484 5488 5465 5449 5437 5431 5431 5432 5425 5406 5410 5416 5421 5421 5417 5414 5431 5453 5476
5742 5741 5739 5739 5745 5767 5760 5747 5747 5747 5749 5739 5732 5719 5723 5730 5730 5732 5736 5727 5713 5705 5723 5728 5719 5704 5689 5677 5687 5698 5712 5731 5751 5792 5857 5913 5977 6042 6120 6188 6163 6121 6058 6024 5965 5905 5843 5779 5718 5656 5624 5595 5587 5582 5578 5556 5520 5534 5488 5456 5443 5427 5424 5449 5489 5488 5449 5432 5423 5417 5415 5418 5414 5400 5399 5398 5402 5404 5405 5403 5406 5422 5443 5467
5761 5757 5752 5751 5759 5769 5760 5765 5767 5766 5755 5752 5748 5743 5752 5761 5773 5779 5766 5759 5758 5766 5785 5758 5739 5720 5702 5698 5708 5719 5734 5778 5807 5832 5865 5937 5986 6025 6054 6086 6120 6089 6030 5967 5922 5891 5834 5767 5695 5642 5616 5589 5579 5570 5566 5541 5512 5486 5485 5433 5379 5388 5420 5449 5465 5442 5394 5396 5398 5400 5404 5404 5406 5375 5384 5392 5395 5397 5399 5398 5404 5418 5438 5459
5777 5773 5767 5759 5756 5770 5766 5790 5806 5799 5785 5776 5773 5784 5788 5794 5801 5800 5795 5792 5788 5791 5786 5780 5758 5740 5721 5723 5750 5772 5806 5862 5920 5946 5964 6003 6026 6037 6039 6083 6165 6205 6170 6048 5963 5905 5833 5758 5692 5645 5621 5596 5577 5564 5552 5528 5495 5454 5466 5380 5313 5344 5396 5426 5411 5392 5374 5373 5378 5381 5368 5386 5383 5379 5385 5388 5388 5391 5394 5395 5404 5416 5431 5450
5800 5798 5779 5764 5763 5788 5788 5832 5866 5845 5822 5811 5803 5817 5826 5831 5830 5823 5831 5831 5826 5818 5819 5783 5761 5759 5775 5793 5814 5845 5888 5961 6061 6095 6124 6108 6093 6074 6072 6136 6280 6401 6385 6205 6075 5972 5868 5770 5689 5659 5614 5593 5572 5548 5537 5504 5447 5422 5414 5325 5275 5310 5360 5386 5376 5367 5356 5361 5367 5370 5370 5381 5380 5374 5386 5379 5385 5388 5390 5390 5398 5410 5424 5441
5807 5803 5788 5769 5772 5805 5845 5865 5882 5887 5887 5853 5815 5847 5862 5876 5881 5872 5884 5878 5850 5814 5776 5744 5741 5761 5811 5840 5883 5932 5969 6041 6087 6162 6203 6190 6140 6105 6085 6150 6272 6416 6358 6264 6179 6030 5901 5784 5690 5641 5602 5585 5563 5542 5518 5477 5425 5404 5365 5310 5269 5298 5338 5362 5373 5366 5359 5362 5367 5369 5372 5381 5382 5375 5379 5379 5384 5386 5387 5384 5390 5404 5418 5433
5818 5827 5804 5784 5780 5820 5859 5919 5933 5919 5891 5858 5853 5880 5906 5929 5945 5952 5955 5936 5902 5818 5724 5699 5723 5751 5781 5868 5948 6029 6110 6181 6195 6192 6278 6227 6148 6134 6138 6161 6200 6251 6220 6202 6151 6034 5919 5806 5682 5612 5607 5585 5548 5509 5470 5442 5432 5414 5386 5324 5298 5315 5341 5359 5365 5367 5368 5370 5372 5373 5373 5373 5379 5385 5389 5389 5387 5387 5388 5387 5392 5400 5413 5425
5818 5827 5817 5819 5813 5834 5912 5996 5999 5952 5900 5872 5875 5915 5954 5981 6009 6035 6022 5989 5929 5838 5736 5704 5738 5769 5825 5924 6000 6091 6235 6252 6133 6048 6047 6037 6062 6127 6218 6174 6139 6122 6088 6078 6054 5997 5923 5845 5732 5612 5597 5566 5518 5485 5457 5435 5423 5414 5410 5358 5343 5350 5358 5367 5368 5372 5376 5380 5384 5385 5383 5386 5412 5416 5404 5398 5393 5389 5387 5388 5391 5397 5409 5419
5815 5788 5836 5885 5881 5882 5954 5986 5999 5989 5971 5969 5981 5992 6017 6039 6065 6080 6085 6049 5972 5883 5802 5773 5804 5856 5966 5980 5997 6031 6064 5971 5785 5741 5705 5752 5911 6069 6155 6156 6095 6029 5981 5981 5966 5946 5919 5883 5802 5657 5587 5546 5494 5479 5465 5440 5418 5406 5399 5389 5384 5375 5377 5378 5375 5384 5393 5400 5401 5401 5405 5416 5421 5420 5411 5402 5393 5386 5382 5382 5385 5391 5401 5413
5864 5868 5914 5933 5957 5968 5953 5920 5975 6034 6084 6127 6114 6087 6069 6069 6089 6143 6132 6057 6006 5920 5873 5857 5879 5919 5971 5977 5939 5901 5829 5674 5483 5461 5444 5524 5786 6042 6179 6156 6084 6023 5979 5936 5898 5901 5906 5890 5809 5712 5614 5544 5515 5485 5454 5432 5426 5416 5395 5387 5385 5385 5393 5400 5395 5401 5413 5421 5417 5417 5418 5422 5430 5414 5401 5394 5388 5382 5375 5369 5376 5384 5396 5407
5946 6021 6061 6053 6085 6032 5924 5906 5996 6094 6204 6364 6290 6169 6100 6058 6044 6041 6001 5954 5917 5908 5920 5950 5923 5934 5971 5913 5836 5739 5618 5443 5319 5296 5302 5399 5708 6035 6208 6141 6055 6002 5949 5898 5865 5866 5895 5921 5883 5774 5673 5546 5524 5489 5453 5426 5423 5416 5403 5394 5390 5397 5405 5414 5413 5414 5420 5422 5428 5429 5432 5438 5424 5407 5392 5385 5383 5379 5374 5368 5374 5383 5391 5399
