real_craters/C184-1000m.grd
DSAA
91 91
-45.09 45.09
-45.09 45.09
7970.5226142598 10577.133564977
[rows 60 to 89 of 91, columns 0 to 66 of 91]
9621.4 9618.93 9610.36 9646.05 9649.47 9654.27 9646.38 9643 9681.47 9718.63 9754.01 9777.43 9829.18 9874.42 9949.02 10007.6 9986.53 9976.44 9990.91 9991.96 9983.24 9976.61 9974.27 9947.48 9938.18 9955.6 9745.48 9515.51 9528.52 9512.13 9418.22 9183.65 8978.8 8730.65 8645.36 8564.87 8481.16 8385.13 8264.99 8223.98 8215.75 8185.92 8168.57 8186.17 8214.61 8211.97 8236.29 8228.38 8226.72 8247.42 8291.94 8311.21 8394.84 8453.76 8605.02 8718.56 8750.54 8808.3 9004.11 9176.05 9321.64 9436.11 9476.79 9529.96 9624.61 9701.66 9894.82
9617.99 9618.15 9628.64 9632.87 9644.83 9644.9 9624.4 9637.48 9676.38 9740.74 9747.62 9789.02 9819.54 9884.2 9922.37 9947.84 9996.25 10032.4 10027.1 10009.1 9991.42 9916 9921.5 9944.48 9937.52 9939.71 9869.09 9679.98 9556.52 9414.26 9340.44 9302.99 9221.54 9008.86 8870.59 8768.1 8670.49 8578.82 8501.74 8435.7 8414.26 8355.21 8266.06 8280.15 8319.89 8340.6 8373.4 8329.56 8336.09 8344.74 8360.28 8380.47 8527.8 8713.16 8791.87 8814.72 8906.16 9070.7 9216.85 9297.11 9368.99 9438.54 9514.63 9564.42 9723.03 9891.2 9997.8
9614.47 9609.37 9615.33 9613.36 9613.54 9606.75 9590.39 9600.97 9667.22 9664.28 9702.85 9759.55 9808.46 9895.62 9934.28 9945.97 9973.87 10053.8 10046.6 10022.9 10025.8 10087.1 10003.4 9947 9924.33 9904.64 9953.54 9931.4 9811.25 9727.02 9503.62 9427.48 9357.08 9221.35 9061.2 8953.45 8865.39 8779.44 8678.94 8650.25 8601.84 8547.58 8479.46 8457.04 8463.78 8497.99 8504.98 8461.1 8468.43 8486.99 8483.25 8521.83 8679.42 8868.41 8941.3 8914.94 9143.01 9323.83 9381.5 9409.74 9468.74 9529.45 9583.93 9785.11 9947.81 9968.76 10014.8
9612.7 9608.89 9605.95 9600.06 9593.32 9581.24 9561.05 9506.29 9686.69 9650.64 9673.91 9738.95 9792.51 9825.3 9881.82 9911.97 9957.34 10011.3 10017.1 10007.4 9990.52 9954.1 9970.29 9952.41 9942.14 9942.99 9982.17 9986.74 9933.65 9877 9741.92 9544.29 9364.47 9292.61 9218.53 9131.21 9053.59 8985.12 8897.02 8856.89 8775.91 8736.52 8722.61 8704.94 8723.82 8717.33 8654.17 8664.19 8666.6 8671.78 8685.18 8783.26 8860.36 8971.73 9110.94 9275.37 9400.25 9351.49 9370.24 9498.73 9602.08 9655.42 9739.28 9906.65 9947.7 10029.1 10006.8
9608.96 9607.15 9600.64 9597.75 9592.84 9586.83 9576.39 9589.57 9621.13 9635.59 9657.87 9709.05 9745.25 9748.2 9801.83 9831.81 9914.49 9966.44 9969.79 9983.41 9980.81 9961.47 9966.61 9958.97 9951.11 10023.5 10104 10058.3 9957.76 9872.56 9806.99 9670.76 9509.01 9411.48 9348 9296.44 9242.5 9190.89 9152.5 9060.1 9033.71 8936.72 8881.69 8874.3 8997.36 8945.06 8984.97 8925.9 8895.75 8923 8988.74 9056.91 9127.47 9278.73 9375.33 9513.11 9356.78 9385.33 9467.41 9606.26 9763.56 9943.12 9916.7 9961.2 10026.1 10042.8 9961.1
9608.73 9593.49 9601.54 9600 9593.62 9594.29 9596.7 9615.49 9640.45 9631.7 9637.9 9651.61 9653.9 9673.98 9722.98 9776.4 9893.35 9942.47 9944.71 9975.48 10009.7 10025.1 10005.6 9990.78 9961.81 9979.74 10096.4 10121 10021.6 9878.49 9862.04 9813.04 9700.46 9592.45 9516.76 9447.2 9391.29 9353.77 9314.58 9200.88 9056.73 9071.46 9048.86 9043.62 9088.86 9133.64 9180.01 9216.55 9227.15 9290.14 9350.54 9400.08 9394.96 9407.73 9453.42 9407.97 9413.5 9483.48 9582.12 9721.37 9872.14 9990.51 9959.8 9976.01 9984.8 9902.5 9903.45
9617.92 9608.25 9607.67 9602.16 9597.66 9590.2 9603.5 9621.68 9614.84 9607.18 9606.07 9601.33 9597.81 9620.79 9660.12 9760.09 9867.46 9904.95 9904.97 9959.13 10011.8 10043.6 10034.4 10027.4 10024.2 9979.43 9983.97 10055.5 10089.5 10072.2 9983.42 9975.19 9862.48 9757.02 9666.21 9584.54 9517.2 9467 9422.54 9358.54 9301.37 9267.23 9268.83 9336.72 9266.26 9233.2 9287.45 9406.79 9567.59 9672.83 9689.93 9629.14 9564.75 9641.75 9515.57 9530.78 9583.09 9664.59 9735.31 9845.67 9908.35 9920.4 9910.88 9914.68 9882.38 9876.52 9896.54
9628.77 9623.67 9616.69 9610.78 9604.22 9603.22 9602.98 9604.04 9583.46 9570.93 9566.57 9580.48 9591.33 9601.16 9668.11 9739.02 9829.19 9890.36 9888.59 9936.13 9997.23 10031.2 10032.8 10042.6 10047.3 9982.33 9882.71 9999.33 10102.2 10106.7 10042.7 10039.7 10014.1 9896.58 9791.31 9710.6 9624.12 9526.85 9479.47 9468.75 9457.24 9444.87 9472.65 9485.92 9403.11 9381.3 9426.37 9506.21 9614.53 9644.29 9614.48 9571.73 9575.02 9587.62 9545.24 9650.09 9752.37 9844.98 10012.6 9972.19 9926.96 9904.66 9896.57 9906.33 9878.13 9894.74 9914.93
9635.88 9633.81 9634.58 9622.42 9607.89 9595.69 9589.7 9583.43 9569.58 9562.76 9566.66 9577.64 9596.98 9641.12 9664.18 9688.52 9752.65 9888.61 9873.66 9893.22 9912.87 9954.87 9990.74 10025.6 10045.4 10029.1 10008.9 10033.4 10109.2 10121.6 10063.6 10032.4 10034.8 9954.37 9880.04 9813.9 9752.78 9657.99 9612.35 9588.65 9567.91 9583.02 9605.16 9602.49 9535.55 9545.64 9574.43 9635.86 9656.68 9616.99 9650.61 9585.23 9591.24 9603.08 9649.08 9736.1 9776.56 9886.58 9936.09 9945.82 9923.57 9882.45 9906.39 9931.65 9888.64 9905.32 9896.53
9638.41 9642.79 9638.74 9621.56 9610.12 9596.17 9590.68 9589.7 9576.09 9573.03 9572.13 9582.49 9610.8 9668.43 9664 9696.98 9775.83 9876.47 9861.43 9853.54 9837.61 9878.19 9934.21 9980.94 10011.9 10028.2 10040.8 10027.6 10041.2 10101.3 10051.9 10008.8 9976.55 9977.37 9947.2 9910.39 9895.73 9956.13 9840.8 9724.13 9693.3 9708.86 9741.82 9779.39 9910.19 9891.87 9943.19 9957.52 9880.11 9803.59 9762.21 9726.41 9843.68 9778.62 9820.96 9868.49 9893.29 9919.21 9912.55 9905.59 9915.85 9916.81 9884.17 9842.4 9802.74 9788.61 9808.56
9640.44 9641.05 9633.65 9627.64 9614.74 9601.03 9591.78 9594.77 9600.17 9591.81 9576.86 9591.13 9632.75 9681.12 9681.52 9703.3 9743.3 9809.3 9834.66 9824.67 9798.06 9838.58 9897.86 9943.48 9960.22 9963.21 9957.28 9987.88 10026.5 10026.2 10022.5 10015.4 10002.5 9993.01 9976.29 9954.51 9931.85 9894.07 9870.87 9812.35 9788.68 9801.76 9877.94 10013.4 10108.1 10119.1 10182.3 10176.1 10091.5 10098.4 10040.6 10076.9 10066.1 9915.81 9934.54 9994.49 10057.7 9986.13 9912.17 9893.72 9911.86 9926.04 9928.14 9780.52 9789.79 9758.37 9724
9637.36 9633.51 9630.93 9628.38 9618.05 9608.44 9595.48 9526.22 9551.71 9633.65 9601.05 9615.28 9660.98 9685.67 9666.37 9710.74 9732.26 9777.86 9804.64 9797.3 9814.02 9820.12 9868.23 9937.1 9979.85 9948.65 9922.24 9968.06 10044.3 10038 10036.1 10044.2 10044.4 10025.7 10009.4 9989.42 9958.06 9904.55 9896.73 9862.58 9860.16 9889.3 9941.06 10018 10053.2 10084.5 10176.1 10112 10069 10055.2 9897.67 9843.89 9837.85 9914.1 9973.15 10042.5 10077.9 10016.9 9961.08 9931.25 9924.43 9901.45 9828.95 9748.51 9736.32 9737.4 9677.81
9629.83 9635.11 9630.8 9624.45 9619.07 9612.73 9609.57 9616.72 9602.38 9595.81 9637.94 9654.87 9660.44 9668.87 9665.9 9671.66 9685.14 9747.49 9747.11 9735.74 9732.33 9776.51 9830.89 9889.18 9931.27 9962.01 9975.95 9968.57 9964.09 9993.01 10031 10080.6 10066.6 10046 10035.2 10029.5 10023.8 10005.9 9977.33 9941.74 9933.86 9939.42 9935.48 9917.05 10007.9 9990.89 9986.04 9948.29 9932.18 9870.63 9858.47 9817.73 9896.88 9968.46 10062.6 10115.1 10035.6 9987.83 9977.54 9967.28 9920.14 9843.24 9734.46 9705.23 9755.99 9723.94 9645.55
9627.34 9641.05 9635.51 9625.96 9620.59 9611.42 9612.38 9603.97 9639.87 9681.25 9692.29 9688.24 9658.42 9658.12 9660.65 9645.71 9623.66 9677.06 9689.16 9667.06 9690.63 9718.53 9771.97 9819.73 9841.61 9850.46 9866.81 9899.72 9939.62 9911.69 9903.89 10001.7 10030 10033.4 10032.5 10044.8 10066.5 10083 10051.1 10012.2 9992.79 9984.85 9983.51 9960.44 9960.62 9896.15 9886.27 9888.64 9854.82 9825.7 9849.78 9930.99 9991.96 10032.3 10079.3 10051.1 9965.2 9935.79 9967.59 9999.98 9897.63 9802.05 9715.8 9720.35 9760.55 9734.24 9663.54
9629.96 9648.53 9634.85 9627.16 9620 9610.67 9598.12 9664.67 9676.21 9694.72 9678.11 9645.08 9626.31 9599.34 9587.15 9581.8 9585.44 9620.28 9619.24 9589.04 9600.54 9658.51 9707.48 9750.64 9753.38 9729.78 9791.76 9851.46 9827.2 9838.38 9834.93 9887.11 9942.15 9967.35 9982.71 10020.4 10070.7 10098 10095.1 10086.3 10030.3 10012 10030.8 10039 9969.71 9918.96 9868.95 9834.3 9823.2 9844.52 9922.83 10010.2 10046.9 10031.8 10020.9 9972.53 9910.09 9883.11 9892.17 9878.76 9859.74 9781.66 9709.13 9717.44 9735.61 9696.56 9677.45
9622.26 9623.31 9621.76 9613.85 9618.23 9638.94 9673.57 9704.85 9685.91 9643.33 9631.41 9619.4 9606.75 9598.22 9571.9 9562.99 9566.6 9571.77 9570.77 9570.64 9587.35 9614.62 9645.39 9678.86 9676.59 9667.42 9741.52 9813.42 9795.63 9785.38 9825.72 9826.93 9851.86 9883.56 9920.6 9965.68 10021.4 10052.8 10050.8 10046.9 10010.7 9989.74 9991.99 9991.29 9954.6 9937.66 9881.06 9851.43 9842.14 9848.82 9921.69 9996.5 10008.6 9971.88 9931.29 9873.59 9834.2 9819.27 9825.39 9826.39 9796.91 9739.2 9685.74 9720.07 9719.85 9672.35 9644.68
9603.47 9612.11 9618.66 9617.42 9637.06 9677.94 9708.26 9727.25 9685.91 9638.1 9612.92 9603.27 9588.75 9573.43 9564.03 9553.39 9554.35 9552.32 9553.31 9557.89 9574.42 9584.22 9591.77 9583.15 9625.76 9673.35 9674.45 9664.88 9660.88 9700.31 9723.05 9746.3 9778.71 9806.28 9835.63 9873.5 9919.92 9951.86 9956.77 9950.47 9946.71 9927.23 9909.55 9956.85 9984.21 9959.88 9905.42 9867.21 9860.74 9864.2 9861.81 9927.33 9930.79 9881.84 9830.14 9775.03 9747.52 9753.28 9768.55 9766.27 9715.78 9688.95 9691.09 9703.62 9676.41 9641.49 9625.05
9611.85 9619.47 9632.72 9649.9 9678.49 9712.02 9739.45 9731.51 9680.55 9632.82 9603.91 9590.1 9572.56 9558.97 9557.65 9552.21 9553.92 9555.77 9540.89 9547.86 9557.42 9563.62 9565.83 9565.88 9592.24 9608.15 9615.68 9586.63 9595.69 9634.16 9658.49 9698.6 9715.83 9740.52 9762.7 9780.72 9792.96 9845.87 9912.65 9911.01 9877.85 9853.79 9839.28 9849.1 9881.01 9914.23 9870.43 9873.13 9882.73 9899.79 9878.49 9860.83 9863 9790 9686.96 9615.06 9659.95 9685.49 9719.33 9722.02 9662.55 9632.9 9627.5 9622.14 9630.01 9614.75 9593.39
9615.06 9627.49 9649.47 9673.78 9695.05 9710.87 9708.71 9686 9662.85 9626.47 9598.01 9574.2 9561.14 9560.18 9561.38 9561.41 9553.85 9552.94 9542.93 9545.62 9550.8 9549.29 9551.88 9557.02 9562.8 9575.1 9589.54 9578.74 9574.15 9619.77 9639.61 9621.51 9660.09 9687.16 9704.09 9710.64 9713.13 9744.33 9815.09 9816.78 9790.03 9772.2 9779.12 9787.62 9817.6 9864.53 9866.43 9866.19 9900.72 9868.39 9834.65 9804.63 9767.95 9708.49 9615.5 9568.16 9610.82 9669.44 9667.09 9659.21 9600.25 9587.11 9576.31 9600.19 9582.01 9568.45 9560.76
9621.46 9647.85 9671.64 9685.91 9688.48 9698.32 9699.38 9691.83 9651.33 9621.15 9596.11 9579.04 9565.66 9555.44 9546.39 9555.69 9553.7 9552.28 9561.86 9584.12 9551.48 9537.13 9530.96 9536.81 9539.95 9559.85 9585.29 9598.09 9593.02 9630.64 9667.54 9643.42 9652.45 9667.71 9673.82 9668.3 9649.33 9643.21 9628.71 9672.31 9690.92 9686.39 9666.54 9685.74 9692 9731.08 9765.92 9818.88 9861.63 9858.99 9803.66 9726.11 9663.97 9649.13 9579.28 9535.99 9568.12 9590.57 9606.12 9603.24 9596.35 9565.8 9547.17 9558.8 9547.1 9533.82 9538.2
9622.95 9677.97 9691.68 9703.52 9708.68 9703.22 9712.3 9661.59 9644.02 9623.87 9598.67 9578.74 9563.72 9553.94 9548.54 9551.51 9558.33 9558.4 9591.54 9579.21 9542.43 9518.84 9505.21 9505.13 9520.85 9542.68 9572.08 9591.57 9589.91 9614.72 9638.56 9668.65 9662.98 9655.14 9652.7 9655.87 9645.93 9591.43 9549.47 9585.17 9624.2 9641.08 9656.85 9647.46 9620.59 9634.93 9709.95 9746.46 9778.25 9796.14 9729.28 9623.02 9578.26 9584.48 9564.68 9583.31 9580.78 9564.25 9556.01 9550.73 9555.65 9547 9535.77 9526.85 9520.58 9521.35 9512.46
9619.8 9695.05 9709.58 9706.2 9689.14 9682.95 9668.72 9668.71 9654.81 9632.94 9608.49 9580.99 9558.95 9552.54 9551.48 9546.38 9548.44 9548.51 9589.39 9548.57 9517.46 9498.37 9486.77 9489.54 9500.6 9530.2 9558.66 9574.46 9556.85 9574.72 9636.58 9656.98 9646.92 9634.49 9623.62 9614.97 9615.89 9570.01 9533.56 9568.5 9603.22 9643.31 9653.26 9610.78 9587.46 9632.09 9647.64 9664.41 9679.71 9705.71 9683.21 9555.62 9520.72 9523.86 9556.47 9576.8 9573.75 9539.98 9523.28 9509.59 9518.8 9518.2 9511.35 9505.09 9506.71 9510.46 9507.23
9660.39 9718.38 9708.64 9693.91 9689.86 9654.54 9654.6 9679.38 9666.03 9638.22 9614.31 9581.18 9553.9 9544.73 9532.75 9530.34 9523.04 9523.16 9531.67 9519.14 9500.79 9481.59 9474.29 9484.68 9504.64 9524.24 9544.27 9544.72 9522.89 9542.55 9600.53 9615.82 9608.91 9594.67 9586.69 9561.1 9554.95 9591.45 9597.82 9587.41 9597.01 9615.43 9669.42 9610.02 9607.56 9651.76 9620.5 9602.3 9606.57 9617.39 9576.72 9524.8 9498.9 9475.44 9455.37 9510.92 9534.26 9527.8 9507.51 9495.25 9482.51 9493.37 9497.9 9496.11 9499.96 9494.91 9501.21
9747.58 9729.59 9699.01 9677.04 9650.3 9631.43 9649.66 9667.82 9656.72 9629.89 9599.95 9572.5 9544.71 9529.23 9517.51 9506.07 9499.65 9497.36 9493.71 9492.32 9474 9466.55 9459.77 9480.42 9516.06 9519.19 9524.19 9521.04 9516.31 9525.23 9560.71 9562.3 9561.07 9566.06 9565.02 9559.15 9560.37 9579.21 9595.97 9592.31 9584.15 9576.18 9593.52 9613.86 9639.57 9652.22 9595.54 9566.15 9588.74 9594.5 9556.71 9537.56 9543.5 9501.34 9490.23 9551.36 9577.51 9538.72 9522.49 9513.17 9491.78 9486.5 9487.69 9487.33 9494.31 9495.15 9493.04
9616.12 9647.41 9655.16 9644.82 9634.99 9635.27 9649.92 9646.7 9634.67 9616.9 9595.09 9560.18 9532.58 9507.45 9506.88 9500.11 9470.81 9476.03 9476.5 9473 9464.29 9459.31 9460.75 9470.7 9483.05 9498.4 9504.24 9506.49 9519.89 9519.1 9536.8 9539.32 9542.99 9548.61 9551.57 9560.3 9560.8 9553.98 9557.56 9568.92 9571.52 9576.87 9566.51 9577.27 9591.99 9586.59 9564.53 9548.13 9557.74 9560 9526.97 9540.9 9545.85 9583.22 9576.54 9586.05 9558.89 9563.13 9580.37 9556.19 9513.63 9491.27 9481.94 9477.33 9475.24 9469.87 9489.54
9577.05 9620.08 9622.29 9619.05 9612.29 9619.83 9646.81 9631.99 9613.34 9597.56 9572.38 9534.44 9518.75 9493.18 9474.93 9459.64 9468.18 9473.05 9468.59 9451.23 9446.08 9455.13 9457.66 9461.63 9467.89 9481.48 9489.86 9494.13 9497.87 9511.98 9531.05 9533.83 9535.81 9540.59 9541.07 9537.42 9545.08 9552.5 9554.05 9554.98 9558.64 9567.3 9564.61 9558.55 9558.24 9542 9540.73 9546.69 9534.39 9535.51 9513.75 9511.02 9532.73 9584.11 9621.29 9604.46 9575.6 9570.74 9595.18 9563.87 9540.41 9508.73 9480.48 9475.79 9469.75 9476.8 9478.49
9603.55 9590.85 9607.44 9614.4 9616.63 9636.31 9637.53 9623.09 9602.35 9581.09 9542.33 9509.36 9502.86 9478.53 9451.26 9440.04 9468.61 9450.92 9440.28 9436.75 9446.43 9455.48 9460.13 9460.58 9466.34 9477.43 9488.95 9500.65 9503.37 9514.29 9527.56 9533.03 9538.18 9536.65 9534.98 9534.36 9539.96 9546.88 9545.76 9539.98 9536.08 9535.56 9554.09 9550.77 9532.53 9519.34 9518.47 9528.04 9524.13 9522.91 9512.43 9515.74 9546.42 9597.55 9608.95 9591.56 9560.54 9546.43 9577.2 9561.19 9533.14 9507.98 9486.03 9477.8 9477.17 9469.45 9475.71
9602.24 9603.53 9607.79 9615.58 9629.24 9653.61 9647.09 9614.49 9586.17 9577.86 9545.91 9497.22 9446.4 9423.61 9430.39 9422.75 9421.53 9423.2 9425.34 9428.76 9446.92 9450.27 9451.2 9455.97 9466.42 9481.8 9492.28 9498.45 9508.54 9515.51 9521.93 9527.43 9526.48 9533.25 9534.2 9533.83 9538.07 9544.02 9537.95 9528.62 9518.61 9520.89 9537.16 9543.53 9534.36 9514.03 9512.31 9530.14 9524.43 9517.88 9509.33 9518.73 9555.57 9588.96 9577.67 9571.7 9549.66 9507.93 9514.54 9515.87 9516.27 9508.18 9494.12 9481.97 9480.37 9468.79 9474.11
9606.35 9614.56 9619.1 9617.96 9620.4 9632.3 9626.82 9601.75 9574.91 9538.41 9491.5 9430.8 9417.75 9415.46 9417.32 9410.38 9413.08 9411.27 9413.66 9430.47 9441.24 9447.2 9449.84 9455.29 9466.28 9481.53 9483.14 9487.11 9500.22 9507.35 9518.06 9526.38 9535.13 9533.43 9532.41 9535.25 9534.26 9531.79 9528.81 9519.79 9511.59 9509.44 9519.18 9525.78 9528.2 9522.13 9521.7 9520.2 9519.43 9513.49 9514.19 9523.49 9555.45 9610.64 9568.63 9554.93 9537.25 9489.38 9496.95 9504.25 9500.16 9498.88 9504.05 9483.55 9475.19 9464.67 9473.01
9602.64 9624.09 9622.43 9612.67 9606.28 9597.85 9593.63 9570.07 9533.99 9487.92 9448.14 9429.81 9422.07 9428.61 9418.11 9412.25 9407.83 9405.1 9399.19 9409.07 9425.08 9437.13 9446.85 9465.66 9468.13 9470.62 9469.8 9479.49 9497.29 9509.58 9514.56 9522.48 9532.13 9526.35 9520.52 9519.76 9527.88 9531.68 9523.73 9514.9 9507.62 9507.07 9515.6 9526.54 9530.45 9518.97 9509.71 9516.49 9518.52 9515.31 9513.38 9520.44 9540.44 9553.93 9558.06 9543.91 9517.46 9495.2 9495.8 9500.53 9495.58 9486.98 9469.42 9480.62 9475.25 9464.67 9471.46
