real_craters/C184-300m.grd
DSAA
527 527
-78.9075 78.9075
-78.9075 78.9075
4564.5734845056 6827.311859168
[rows 120 to 149 of 527, columns 67 to 133 of 527]
5896.73 5903.92 5894.98 5884.6 5876.7 5888.19 5902.48 5914.83 5924.11 5929.21 5930.87 5930.43 5928.56 5926.06 5922.07 5919.63 5917.79 5914.32 5910.73 5907.25 5903.83 5900.4 5896.97 5893.69 5890.7 5887.59 5884.61 5882.02 5879 5875.63 5871.85 5867.79 5865.78 5864.14 5862.31 5860.38 5858.51 5856.46 5854.18 5852.12 5849.9 5847.95 5846.06 5844.76 5843.18 5841.49 5839.78 5838.02 5838.08 5836.63 5835.05 5833.74 5832.03 5830.09 5828.71 5826.55 5824.73 5822.88 5821.13 5819.46 5818.02 5816.58 5815.27 5813.93 5811.72 5806.96 5815.13
5891.26 5898.2 5888.26 5878.67 5875.63 5884.61 5899.68 5914.54 5925.66 5930.85 5931.51 5930.34 5928.35 5926.19 5924.96 5922 5917.32 5913.11 5909.11 5905.27 5901.8 5898.36 5895.47 5893.6 5890.38 5889.25 5888.09 5883.61 5879.04 5874.69 5870.52 5866.97 5864.46 5862.6 5861.02 5859.45 5857.7 5855.98 5854.36 5852.58 5850.66 5848.91 5847.15 5845.97 5844.77 5842.79 5841.18 5839.9 5839.78 5838.4 5836.86 5835.44 5833.69 5831.95 5830.39 5827.74 5825.98 5824.26 5823.18 5821.63 5820.4 5819.11 5817.93 5816.77 5814.87 5813.91 5824.79
5877.34 5880.94 5876.49 5870.26 5870.01 5882.07 5898.49 5915.19 5929.6 5932.69 5931.46 5929.45 5926.92 5924.67 5922.82 5919.26 5914.82 5910.86 5907.14 5903.56 5899.96 5896.46 5892.53 5887.71 5888.61 5889.29 5889.65 5883.84 5878.36 5873.65 5869.38 5865.8 5863.07 5861.46 5860.1 5858.78 5857.32 5855.95 5854.32 5852.8 5851.43 5849.9 5848.43 5847.47 5845.22 5843.66 5842.82 5841.7 5841.66 5840.33 5838.84 5837.18 5835.54 5833.85 5832.86 5830.75 5829.15 5827.58 5826.51 5825.06 5823.92 5822.72 5821.79 5821.5 5822.4 5827.8 5832.48
5861.33 5864.85 5865.03 5862.57 5864.59 5880.41 5897.56 5914.28 5927.1 5930.29 5929.28 5927.03 5924.44 5921.16 5916.91 5912.02 5910.68 5908.04 5905 5901.71 5898.3 5894.93 5891.66 5888.78 5887.81 5886.6 5884.71 5880.72 5876.44 5872.22 5868.24 5864.14 5861.52 5860.85 5859.84 5858.6 5857.28 5856.09 5854.78 5853.51 5852.26 5851.02 5849.68 5848.94 5847.34 5845.98 5844.85 5843.68 5843.36 5841.85 5840.19 5838.58 5837.11 5835.44 5834.16 5833.33 5831.84 5830.38 5829.72 5828.34 5827.07 5825.95 5825.17 5825.25 5826.21 5829.19 5831.2
5847.4 5852.8 5857.93 5861.31 5868.03 5881.62 5896.82 5911.91 5923.55 5925.87 5925.32 5923.71 5921.17 5917.67 5913.18 5908.63 5907.66 5905.43 5902.57 5899.54 5896.39 5893.49 5891.01 5890.23 5886.55 5882.83 5878.61 5876.59 5874.05 5870.85 5867.68 5864.58 5862.37 5861.56 5860.04 5858.6 5857.25 5856.06 5854.97 5853.94 5852.97 5852.07 5851.15 5850.41 5849.61 5848.07 5847.32 5846.18 5844.8 5842.86 5840.86 5839.31 5837.44 5835.44 5833.92 5834.14 5832.65 5831.22 5829.74 5828.5 5827.43 5826.6 5826.11 5826.45 5826.75 5827.88 5828.57
5837.39 5845.72 5855.5 5864.36 5873.44 5884.19 5895.82 5907.14 5916.26 5919.49 5920.3 5919.41 5917.49 5914.58 5911.52 5909.81 5906.02 5903.02 5900.2 5897.36 5894.51 5891.59 5888.65 5885.43 5882.6 5880.1 5877.7 5874.83 5872.07 5869.42 5867.42 5866.55 5866.32 5862.73 5860.17 5858.46 5857.28 5856.17 5855.26 5854.43 5853.55 5852.97 5852.52 5852.39 5852.61 5852.19 5850.98 5848.85 5846.68 5844.42 5842.27 5840.24 5838.85 5836.54 5834.97 5833.33 5831.77 5830.33 5830.84 5829.66 5828.65 5827.77 5827.26 5827.7 5827.14 5826.53 5825.74
5829.96 5841.67 5855.86 5869.15 5878.66 5886.53 5894.6 5901.77 5907.78 5912.95 5915.08 5915.03 5913.72 5911.24 5908.29 5905.22 5902.22 5900.15 5897.83 5895.34 5892.47 5889.46 5886.16 5882.51 5879.61 5877.78 5875.99 5873.1 5870.26 5867.82 5866.04 5865.28 5864.41 5861.53 5859.59 5858.28 5857.38 5856.22 5855.44 5854.74 5854.11 5853.73 5853.56 5853.95 5855.35 5856.12 5853.94 5850.52 5846.85 5845.26 5842.97 5840.86 5838.59 5836.85 5834.94 5834.21 5832.66 5831.23 5827.32 5826.4 5827.7 5828.11 5828.04 5828 5827.86 5827.15 5825.24
5826.61 5839.99 5856.31 5874.12 5881.89 5887.32 5893.38 5899.19 5904.28 5908.45 5910.89 5911.16 5910.3 5907.89 5904.39 5899.51 5897.82 5897.19 5895.46 5893.42 5890.83 5887.83 5884.51 5880.83 5877.61 5875.47 5873.09 5870.63 5868.11 5865.74 5863.78 5861.58 5858.74 5858.47 5858.5 5858.11 5857.61 5856.87 5856.17 5855.52 5854.69 5854.49 5854.37 5854.72 5856.11 5857.37 5855.31 5851.05 5847.74 5845.79 5843.58 5841.52 5840.07 5838.36 5836.78 5832.98 5831.42 5830.05 5833.27 5832.18 5831.11 5830.83 5830.37 5830.2 5830.44 5831.49 5833.31
5826.69 5838.45 5853.63 5869.23 5878.84 5885.65 5891.56 5897.09 5901.78 5905.44 5907.93 5908.69 5907.59 5905.18 5902.08 5898.52 5896.38 5895.3 5893.59 5891.76 5889.41 5886.84 5883.71 5880.11 5876.39 5874.27 5871.62 5868.63 5865.98 5863.94 5861.97 5859.58 5856.42 5857.25 5858.46 5858.36 5857.95 5857.41 5856.66 5855.92 5855.16 5854.72 5854.13 5853.95 5854.43 5855.13 5852.81 5849.39 5847.82 5845.87 5843.98 5842.12 5838.85 5837.19 5836.04 5837.41 5836.01 5834.68 5833.43 5832.65 5831.53 5830.5 5830.15 5830.44 5831.72 5835.06 5841.27
5822.29 5835.38 5849.33 5861.68 5874.34 5883.15 5889.45 5894.16 5899.45 5903.8 5906.24 5906.92 5905.67 5903.46 5900.63 5897.59 5895.2 5893.97 5892.32 5890.39 5888.33 5886.25 5883.6 5880.82 5878.35 5873.43 5869.5 5866.03 5863.65 5862.46 5861.04 5860.1 5859.2 5859.8 5860.19 5859.66 5858.99 5858.29 5857.42 5856.58 5855.75 5854.93 5854.09 5853.11 5851.6 5846.97 5844.38 5846.94 5846.64 5845.64 5843.94 5842.18 5842.33 5840.71 5839.41 5837.99 5836.52 5835.09 5833.72 5832.08 5831.39 5830.44 5829.97 5830.16 5831.39 5834.35 5840.03
5820.11 5832.24 5846.78 5860.36 5872.29 5882.06 5889.26 5893.42 5899.47 5903.77 5905.71 5906.02 5904.54 5902.28 5899.26 5896.19 5893.8 5892.2 5890.92 5889.6 5887.74 5885.72 5883.52 5880.6 5876.35 5871.92 5866.7 5862.95 5861.02 5860.28 5860.63 5861.88 5863.72 5864.24 5862.85 5861.21 5859.97 5858.78 5857.73 5856.75 5855.79 5854.95 5853.96 5852.84 5851.68 5849.31 5849.54 5849.01 5847.16 5846.21 5844.65 5843.08 5841.82 5839.94 5838.57 5837.23 5835.64 5834.09 5832.59 5831.11 5829.9 5829.35 5828.43 5828.25 5828.79 5830.18 5832.96
5814.64 5828.55 5844.76 5860.26 5871.56 5882.54 5892.32 5899.35 5903.3 5905.59 5906.5 5906.09 5904.12 5901.44 5898.07 5894.04 5890.35 5890.46 5889.62 5888.37 5887.06 5885.34 5883.35 5881 5877.61 5871.37 5863.83 5858.99 5857.95 5858.6 5860.21 5862.77 5865.97 5866.92 5864.71 5862.16 5860.49 5859.25 5858.09 5856.93 5855.85 5854.86 5853.81 5852.92 5852.95 5855.38 5857.5 5851.05 5847.7 5845.9 5844.33 5842.77 5840.96 5839.23 5838.59 5836.23 5834.34 5832.59 5830.9 5829.22 5827.81 5827.17 5826.42 5825.72 5825.42 5825.44 5826.75
5811.81 5824.67 5840.12 5855.86 5869.83 5883.15 5894.81 5904.52 5907.13 5908.32 5908.01 5906.49 5904.07 5901 5897.56 5893.66 5890.55 5889.78 5888.41 5886.95 5885.71 5884.25 5882.9 5881.17 5879.34 5871.17 5860.04 5854.61 5855.09 5856.76 5858.99 5862.01 5865.75 5868.09 5864.38 5861.96 5860.55 5859.41 5858.26 5857.1 5855.95 5854.78 5853.62 5852.56 5851.98 5851.26 5848.78 5847.83 5846.48 5845.48 5844.23 5843.4 5841.95 5840.16 5838.62 5836.78 5834.09 5832.19 5830.26 5828.47 5826.78 5825.62 5824.19 5822.93 5821.88 5820.81 5820.26
5812.27 5821.24 5833.58 5849.73 5867.53 5884.15 5897.3 5904.61 5910.25 5911.03 5909.81 5907.64 5904.5 5900.92 5897.39 5894.21 5892.17 5889.49 5887.35 5885.61 5884.15 5882.9 5881.41 5879.63 5877.18 5869.57 5859.27 5853.71 5853.59 5855.12 5857.16 5859.08 5860.55 5859.58 5860.77 5860.53 5859.87 5859.1 5858.01 5856.82 5855.63 5854.51 5853.22 5851.79 5850.26 5848.25 5845.1 5845.32 5845.34 5845.02 5844.06 5842.95 5841.4 5839.33 5837.42 5835.5 5834.52 5832.53 5830.53 5828.54 5826.58 5824.98 5823.02 5821.12 5819.44 5817.5 5815.34
5813.59 5818.24 5827.26 5844.78 5866.18 5886.5 5903.99 5913.75 5914.72 5913.65 5911.26 5908.17 5904.64 5900.93 5896.84 5893.03 5889.25 5886.71 5885.64 5883.88 5882.48 5880.84 5879.26 5876.85 5873.11 5866.68 5859.19 5854.12 5853.02 5854.01 5855.64 5857.04 5856.99 5856.19 5858.81 5859.98 5859.77 5858.68 5857.8 5856.77 5855.58 5854.38 5853.1 5851.66 5849.95 5848.01 5845.18 5845.25 5845.9 5845.97 5844.9 5843.48 5841.86 5840.29 5838.34 5835.73 5835.09 5832.9 5830.65 5828.35 5826.01 5824.86 5822.47 5820.12 5818.07 5816.12 5815.17
5811.23 5816.4 5823.32 5843.06 5866.42 5888.86 5908.31 5917.21 5917.17 5915.23 5912.38 5908.74 5904.71 5899.88 5895.57 5891.04 5886.43 5884.04 5883.37 5882.08 5880.52 5878.47 5876.88 5874.52 5870.97 5865.51 5859 5854.04 5852.56 5853.06 5854.6 5856.53 5857.91 5859.2 5860.39 5860.64 5859.78 5858.47 5857.42 5856.34 5855.51 5854.46 5853.37 5852.32 5851.01 5850.02 5848.52 5848.73 5848.16 5847.73 5846.62 5845.25 5843.47 5842.3 5840.38 5837.99 5836.28 5833.97 5831.56 5829.06 5826.47 5824.62 5821.89 5819.19 5816.72 5814.92 5814.55
5809.66 5818.29 5827.93 5846.64 5867.93 5889.37 5909.64 5917.42 5916.7 5914.72 5911.93 5908.13 5903.75 5899.08 5894.28 5889.56 5884.58 5881.96 5881.16 5879.51 5878.23 5876.48 5875.07 5873.14 5870.54 5866.16 5859.16 5853.6 5851.74 5852.36 5854.31 5856.72 5859.76 5862.97 5863.13 5861.48 5859.84 5858.3 5857.12 5855.89 5855.28 5854.52 5853.89 5853.26 5852.78 5853.33 5854.12 5853.68 5851.45 5850.08 5848.46 5846.86 5844.86 5843.24 5841.45 5839.28 5839 5836.63 5834.28 5831.8 5829.17 5825.32 5822.52 5819.64 5816.79 5814.19 5812.14
5810.44 5822.92 5837.89 5852.02 5869.1 5886.44 5901.75 5910.44 5912.84 5912.26 5909.98 5906.63 5902.15 5897.74 5892.79 5887.92 5882.99 5880.16 5879.04 5877.19 5875.83 5874.72 5873.26 5872.07 5870.12 5866.97 5858.6 5852.03 5850.46 5851.43 5853.61 5856.4 5860.08 5863.97 5864.06 5861.49 5859.18 5857.4 5856.27 5855.22 5854.81 5854.45 5854.5 5854.34 5854.41 5855.57 5856.36 5856.09 5853.87 5851.87 5850.51 5848.8 5847.84 5845.81 5844.17 5842.09 5840.24 5837.24 5834.86 5832.36 5829.75 5827.61 5824.64 5821.45 5818.01 5814.22 5809.99
5810.99 5825.3 5841.26 5854.52 5869.23 5883.1 5893.58 5903.73 5908.62 5909.58 5908.01 5904.83 5900.61 5896.09 5891.1 5886.07 5881.29 5878.55 5876.4 5874.78 5873.61 5872.89 5871.78 5870.5 5868.86 5864.95 5857.58 5850.5 5849.32 5850.48 5852.24 5854.83 5858.41 5862.21 5862.51 5859.17 5856.81 5855.5 5854.68 5854.05 5854.12 5854.23 5854.56 5854.91 5855.33 5856.59 5856.33 5855.2 5854.97 5854.06 5852.71 5851.04 5849.31 5846.88 5844.74 5842.74 5841.16 5837.21 5834.81 5832.37 5829.87 5827.3 5824.61 5821.59 5818.45 5814.92 5810.57
5808.99 5823.02 5838.85 5853.65 5868.96 5882.86 5893.45 5901.84 5906.25 5907.51 5906.09 5903.17 5898.96 5894.16 5889.01 5883.75 5878.15 5873.97 5873.37 5872.26 5871.75 5871.26 5870.83 5869.59 5868 5864.86 5858.25 5851.02 5849.59 5849.92 5850.92 5852.1 5854.24 5856.31 5856.23 5854.05 5852.73 5852.39 5852.28 5852.53 5853.01 5853.65 5854.55 5855.33 5856.17 5857.63 5857.1 5855.96 5856.79 5856.23 5854.33 5852.42 5850.7 5848.59 5845.55 5843.26 5840.96 5838.62 5836.3 5833.97 5831.62 5829.23 5826.34 5823.79 5821.04 5818.06 5814.35
5804.97 5817.16 5832.75 5851 5868.73 5884.59 5896.65 5902.68 5905.67 5906.15 5904.66 5901.55 5897.25 5892.42 5887.02 5881.23 5875.7 5872.89 5870.81 5869.85 5870.06 5870.22 5870.12 5869.11 5867.43 5865.04 5859.8 5854.62 5851.15 5849.66 5849.23 5848.85 5848.87 5848.34 5847.23 5847.34 5847.84 5848.39 5849.16 5850.47 5851.8 5852.97 5854.23 5855.59 5856.98 5859.47 5860.31 5860.91 5860.2 5858.71 5856.3 5853.64 5851.38 5849.06 5846.75 5844.45 5842.18 5839.96 5837.53 5835.35 5833.18 5831.04 5828.75 5826.67 5825.05 5822.92 5820.63
5800.65 5811.29 5827.83 5848.5 5868.61 5885.94 5898.2 5903.57 5905.37 5905.44 5903.64 5900.21 5895.95 5890.89 5884.95 5879.1 5873.19 5868.97 5867.58 5867.74 5868.77 5869.63 5869.79 5869.04 5867.04 5863.41 5859.1 5855.54 5851.76 5849.16 5847.59 5845.96 5844.29 5842.08 5839.95 5841.27 5843 5844.75 5846.16 5848.05 5849.71 5851.81 5853.82 5855.64 5857.56 5859.73 5862.71 5864.79 5863.19 5860.66 5858.12 5855.05 5852.74 5850.43 5848.04 5846.05 5843.91 5842.31 5840.66 5838.89 5836.92 5834.98 5832.13 5830.42 5828.64 5827.65 5827.16
5798.31 5806.19 5824.22 5847.05 5869.03 5887.53 5899.12 5903.88 5904.96 5904.33 5902.28 5898.6 5894.52 5889.53 5883.5 5877.29 5869.97 5863.91 5864.13 5866.23 5868.43 5870.01 5870.78 5870.35 5868.34 5864.3 5859.4 5855.23 5851.06 5848.51 5846.41 5843.74 5841.32 5838.67 5836.77 5837.56 5839.39 5841.55 5843.5 5845.77 5847.85 5850.32 5852.86 5855.06 5857.33 5859.85 5863.02 5864.4 5863.19 5861.52 5859.32 5855.99 5853.68 5852.09 5850.48 5848.66 5846.8 5844.91 5842.91 5841.05 5839.36 5837.73 5835.04 5833.77 5832.21 5831.95 5832.49
5796.92 5807.84 5824.53 5846.34 5869.31 5890.3 5900.89 5902.74 5903.2 5902.49 5900.61 5897.28 5893.46 5888.89 5882.76 5876.75 5869.82 5863.97 5863.65 5867.07 5869.73 5872.07 5873.34 5873.35 5871.88 5868.91 5863.79 5855.65 5851.01 5848.61 5846.26 5842.83 5839.81 5837.28 5835.65 5835.51 5836.74 5839.06 5841.3 5843.7 5846.06 5848.69 5851.41 5853.73 5856.24 5858.81 5862.1 5863.41 5863.5 5861.46 5859.34 5856.18 5854.31 5852.58 5850.64 5848.82 5847.08 5845.52 5843.19 5841.76 5840.39 5839.14 5838.33 5837.39 5836.38 5836.06 5836.25
5795.52 5805.49 5823.57 5844.62 5866.43 5887.98 5897.32 5898.91 5899.11 5899.15 5897.87 5895.47 5892.56 5888.71 5883.77 5878.25 5872.14 5867.35 5866.74 5870.06 5873.27 5875.97 5877.8 5878.13 5877.02 5874.68 5870.42 5861.06 5854.7 5850.76 5847.43 5843.08 5839.71 5836.8 5834.63 5834.12 5834.9 5836.99 5839.26 5842.19 5844.47 5847.22 5850 5852.46 5854.94 5857.29 5860.34 5862.29 5861.25 5859.57 5858.51 5855.86 5854.07 5852.49 5850.32 5848.55 5846.89 5845.78 5844.36 5843.13 5842.04 5841.09 5840.61 5839.92 5839.33 5838.72 5838.11
5795.12 5805.57 5822.18 5841.11 5859.43 5876.7 5887.32 5892.34 5894.76 5895.84 5895.79 5894.9 5892.35 5890.39 5886.48 5881.9 5876.11 5871.23 5870.54 5874.94 5879.06 5881.83 5883.83 5884.18 5882.9 5880.07 5875.14 5867.41 5860.1 5854.22 5849.7 5844.76 5840.53 5836.9 5834.23 5833.04 5833.5 5835.6 5837.79 5840.51 5842.86 5846.02 5848.56 5850.97 5853.34 5855.36 5857.2 5856.46 5855.61 5856.98 5856.99 5855.49 5854.08 5852.88 5851.16 5849.66 5848.26 5847.32 5846.21 5845.23 5844.37 5844.72 5844 5842.36 5841.9 5841.01 5839.43
5796.96 5805.59 5820.15 5837.2 5851.96 5864.47 5877.81 5884.74 5889.48 5892.52 5893.31 5893.76 5893.45 5892.38 5890.25 5887.22 5882.28 5877.5 5877.02 5882.17 5887.26 5890.18 5891.88 5891.75 5889.91 5886.14 5880 5872.17 5864.12 5857.63 5852.57 5846.9 5842.21 5837.77 5833.56 5831.47 5832.41 5834.37 5836.22 5838.74 5840.86 5843.68 5846.16 5848.7 5851.44 5853.36 5855.51 5855.96 5856.09 5856.06 5855.85 5854.61 5853.36 5851.95 5850.76 5849.63 5848.5 5848.04 5847.23 5846.56 5846.01 5847 5846.52 5846.73 5845.95 5844.83 5842.92
5797.65 5804.54 5819 5833.65 5846.95 5859.45 5870.67 5881.33 5888.4 5893.43 5896.44 5898.31 5899.46 5899.65 5898.44 5896.93 5893.38 5886.96 5883.71 5892.95 5899.66 5902.21 5902.32 5901.14 5898.5 5894.15 5886.94 5877.28 5866.94 5860.99 5855.83 5850.83 5845.29 5840.2 5835.43 5832.85 5833.22 5834.15 5835.4 5837.45 5839.43 5842.21 5844.6 5847.34 5849.66 5851.79 5853.81 5855.13 5854.86 5855.21 5855.24 5854.33 5853.1 5851.79 5851.12 5850.09 5849.03 5848.26 5848.64 5848.27 5848.01 5849.62 5849.4 5849.1 5848.61 5848.2 5846.9
5803.99 5812 5818.25 5829.41 5842.83 5855.38 5865.81 5874.28 5881.29 5885.92 5891.35 5898.99 5901.88 5903.59 5905.55 5907.34 5907.57 5904.35 5899.44 5912.42 5917.34 5917.07 5914.19 5911.3 5907.96 5903.97 5898.39 5887.23 5873.63 5866 5859.96 5854.43 5848.11 5843.67 5839.63 5836.99 5835.77 5834.98 5835.07 5835.66 5837.54 5839.9 5842.19 5845.15 5847.69 5850.17 5852.62 5854.63 5854.42 5855.38 5854.86 5853.3 5851.7 5850.21 5848.94 5848.62 5847.8 5847.68 5848.45 5848.33 5848.34 5849.54 5849.72 5849.91 5850.07 5850.09 5850.12
5823.71 5809.73 5810.26 5822.31 5837.86 5851.31 5860.66 5868.33 5874.69 5880.29 5886.46 5891.57 5898.33 5901.85 5907.75 5915.91 5922.52 5931.33 5943.1 5944.05 5938.54 5931.98 5925.56 5920.74 5916.7 5913.17 5909.33 5898.62 5882.32 5872.11 5864.73 5858.28 5851.26 5846.74 5843.67 5842.45 5838.08 5835.21 5834.35 5834.21 5835.4 5837.43 5839.58 5842.52 5844.78 5848.06 5851.48 5855.19 5858.09 5856.82 5854.31 5851.7 5849.75 5848.18 5846.96 5846.79 5846.46 5845.94 5846.24 5846.31 5846.54 5847.71 5848.24 5848.9 5849.71 5851.18 5852.41
