real_craters/C185-1000m.grd
DSAA
93 93
-45.82 45.82
-45.82 45.82
7296.1932887468 10356.164677976
[rows 0 to 29 of 93, columns 0 to 66 of 93]
9525.19 9534.57 9543.79 9558.68 9552.95 9544.72 9548.71 9536.04 9522.1 9519.22 9517.36 9512.93 9519.48 9524.97 9533.19 9542.27 9549.38 9554.12 9547.81 9533.07 9516.33 9499.87 9545.78 9536.76 9522.85 9501.97 9486.47 9486.51 9506.15 9507.7 9508.41 9531.44 9564.38 9542.66 9529.28 9508.95 9471.54 9452.41 9440.15 9433.54 9444.9 9499.09 9522.1 9516.51 9507.65 9499.63 9487.42 9470.62 9465.69 9434.95 9403.04 9416.19 9402.35 9382.57 9380.4 9410.44 9441.91 9475.51 9499.9 9481.71 9459.99 9437.46 9423.98 9409.71 9396.41 9387.99 9393.82
9517.32 9522.44 9533.79 9547.3 9541.47 9527.05 9508.94 9480.49 9489.28 9494.2 9495.13 9489.82 9495.65 9512.28 9528.52 9542.81 9552.39 9552.47 9553.26 9545.62 9524.71 9497.52 9480.56 9538.86 9531.02 9518.54 9498.25 9492.84 9512.16 9511.66 9509.81 9523.81 9542.3 9536.17 9531.98 9518.55 9478.51 9461.37 9455.66 9454.55 9472.31 9518.52 9520.2 9516.29 9510.74 9504.08 9494.57 9476.43 9456.04 9439.17 9415.85 9410.95 9402.24 9391.35 9392.06 9429.98 9467.26 9499.43 9505.86 9486.67 9467.17 9452.81 9426.18 9412.07 9400.39 9386.34 9376.18
9528.09 9512.33 9522.38 9532 9529.19 9512.4 9481.92 9460.83 9468.17 9477.97 9483.11 9485.05 9484.55 9508.21 9532.28 9551.01 9565.57 9572.05 9568.39 9564.31 9546.41 9536.25 9541.04 9519.85 9517.97 9503.28 9488.81 9490.33 9498.72 9546.86 9523.34 9524.26 9512.28 9523.86 9536.15 9540.28 9494.48 9475.49 9465.62 9456.75 9496.52 9512.82 9510.2 9510.33 9511.67 9513.04 9509.1 9500.03 9483.75 9469.85 9436.02 9412.41 9412.57 9416.57 9431.16 9461.77 9498.63 9533.88 9515.38 9503.01 9470.99 9435.64 9425.28 9414.92 9403.5 9393.2 9384.97
9514.59 9507.44 9514.68 9525.51 9523.63 9513.62 9491.57 9463.65 9467.27 9474.46 9484.97 9497.84 9509.93 9522.06 9540.9 9560.08 9577.48 9590.15 9582.01 9570.23 9558.63 9545.95 9532.98 9529.53 9526.31 9516.31 9506.26 9501.87 9507.45 9520.68 9535.2 9534.62 9519.32 9521.48 9534.82 9555.28 9517.42 9500.27 9478.41 9463.45 9495.77 9509.98 9509.24 9510.27 9515.82 9524.34 9528.38 9487.58 9511.15 9493.69 9462.86 9437.88 9438.91 9446.76 9471.95 9491.08 9528.6 9560.47 9555.91 9520.36 9484.86 9455.72 9433.64 9417.03 9404.84 9399.35 9395.29
9487.46 9506.37 9522.43 9531.61 9538.39 9526.9 9509.43 9463.39 9471.06 9480.33 9492.91 9505.71 9519.68 9537.52 9545.56 9562.18 9583.77 9600.31 9586.55 9575.95 9567.03 9557.85 9550.42 9546.89 9540.66 9529.27 9519.59 9518.04 9510.35 9529.24 9542.33 9546.34 9533.77 9527.2 9539.62 9558.92 9562.91 9537.56 9510.19 9476.31 9494.54 9506.54 9507.92 9514.43 9519.54 9527.46 9552.83 9562.59 9532.87 9513.83 9497.7 9481.79 9477.33 9472.17 9472.73 9499.19 9539.76 9579.61 9569.05 9533.24 9494.26 9470.39 9443.68 9419.8 9402.49 9388.79 9383.02
9504.15 9515.4 9531.1 9564.23 9575.19 9535.48 9504 9469.75 9473.23 9485.66 9499.24 9514.28 9525.8 9529.64 9534.1 9550.22 9574.37 9587.75 9581.95 9578.74 9577.54 9575.34 9561.66 9569.11 9557.08 9539.75 9532.85 9541.9 9544.31 9547.08 9561.03 9578.3 9561.95 9548.36 9547.2 9557.2 9572.18 9552.77 9523.17 9483.02 9500.28 9517.17 9517.51 9523.49 9524.07 9525.27 9540.9 9549.82 9531.47 9530.17 9510.99 9509.21 9515.42 9509.18 9515.04 9508.08 9503.12 9559.03 9633.8 9503.15 9466.22 9460.65 9442.93 9420.11 9404.58 9382.77 9373.67
9511.45 9503.4 9503.56 9526.73 9533.26 9513.41 9495.62 9482.33 9484.34 9488.83 9498.87 9513.31 9524.96 9506.14 9510.85 9524.87 9542.82 9557.63 9561.61 9572.69 9580.88 9586.97 9569.83 9559.35 9553.88 9556.56 9561.39 9559.41 9550.61 9568.18 9579.09 9613.88 9591.72 9560.59 9555.61 9557.36 9557.68 9544.43 9520.63 9481.33 9500.8 9549.49 9546.53 9545.61 9538.05 9533.15 9530.1 9537.55 9540.47 9551.91 9550.16 9548.72 9567.43 9559.19 9551.85 9509.85 9415.15 9288.44 9275.06 9410.47 9453.15 9455.68 9447.7 9442.4 9409.71 9389.77 9380.94
9492.57 9484.1 9484.32 9482.29 9472.16 9488.18 9492.25 9494.51 9487.31 9492.56 9495.79 9498.48 9499.68 9472.83 9485.33 9498.64 9510.19 9521.74 9534.18 9541.26 9552.93 9563.48 9565.69 9560.18 9578.88 9576.65 9578.93 9587.12 9596.44 9596.73 9598.39 9619.48 9608.8 9570.3 9567.34 9565.52 9558.65 9544.55 9527.72 9510.83 9557.8 9596.92 9592.39 9569.65 9553.86 9539.31 9527.7 9539.39 9564.33 9556.81 9582.55 9579.91 9584.06 9583.1 9576.61 9524.1 9394.94 9210.52 9231.16 9404.85 9457.22 9473.37 9470.99 9463.57 9426.89 9406.43 9409.14
9497.86 9473.84 9484.95 9472.58 9487.9 9481.8 9492.67 9502.02 9495.22 9495.38 9489.68 9477.55 9451.88 9463.31 9469.49 9479.62 9488.59 9502.27 9512.43 9515.97 9531.93 9571.6 9578.64 9591.66 9603.38 9610.18 9610.35 9616.91 9621.14 9622.82 9629.1 9636.11 9620.5 9596.45 9581.77 9583.37 9577.18 9557.44 9544.17 9534.28 9569.52 9598.25 9599.82 9582.65 9562.94 9546.93 9533 9551.04 9601.73 9627.96 9597.59 9582.51 9574.66 9578.9 9569.26 9529.43 9480.6 9509.06 9612.22 9527.93 9500.57 9494.25 9488.39 9464.78 9454.63 9446.59 9460.55
9495.06 9455.62 9453.42 9458.13 9457.35 9478.3 9494.48 9510 9514.5 9499.88 9486.05 9470.37 9450.8 9448.09 9462.04 9474.71 9476.81 9493.37 9502.65 9505.93 9514.3 9558.02 9616.94 9632.42 9652.27 9670.75 9670.74 9661.36 9654.49 9648.43 9646.63 9642.57 9627.09 9599.45 9592.42 9599.79 9593.13 9585.64 9578.18 9583.72 9580.57 9591.09 9599.73 9593.88 9569.62 9547.38 9549.81 9571.37 9597.11 9588.24 9575.11 9578.77 9578.01 9569.48 9562.08 9549.8 9555.45 9546.45 9565.91 9555.13 9537.18 9517.14 9493.01 9489.15 9485.3 9481.35 9483.09
9498.2 9461.43 9455.73 9461.54 9478.58 9485.99 9493.84 9502.89 9509.5 9497.48 9487.08 9477.09 9469.36 9461.92 9470.44 9490.22 9506.69 9508 9510.49 9513.25 9517.58 9552.1 9603.34 9640.22 9669.9 9720.73 9724.06 9714.52 9687.02 9670.15 9656.05 9640.95 9629.25 9630.78 9604.61 9602.65 9605.24 9617.5 9604.03 9596.11 9592.18 9586.01 9615.29 9610.8 9603.9 9587.87 9587.49 9588.42 9604.32 9615.55 9599.51 9598.38 9597.82 9595.96 9594.76 9613.1 9611.18 9622.84 9595.86 9585.53 9567.79 9549.74 9534.05 9524.89 9515.31 9492.69 9493.03
9511.32 9485.94 9466.58 9466.84 9483.02 9489.07 9487.96 9482.27 9480.66 9492.55 9494.14 9490.04 9487.61 9482.32 9486.84 9507.99 9529.46 9526.22 9524.45 9527.78 9538.67 9559.81 9588.22 9628.94 9652.25 9688.38 9719.41 9743.24 9730.83 9688.17 9651.38 9640.72 9635.36 9623.22 9609.29 9611.58 9609.29 9631.73 9625.1 9622.17 9612.28 9583.44 9605.91 9612.45 9628.53 9613.71 9587.14 9597.46 9626.43 9645.56 9638.56 9622.37 9615.42 9611.89 9615.65 9628.2 9623.58 9614.04 9610.13 9601.48 9590.06 9580.26 9579.29 9563.33 9547.36 9529.12 9502.91
9509.82 9498.91 9469.17 9467.09 9479.21 9486.51 9488.66 9490.31 9487.12 9502.78 9504.04 9500.77 9498.09 9496.05 9502.9 9520.9 9534.39 9533.74 9531.06 9531.15 9533.74 9550.76 9564.8 9623.28 9656.29 9656.86 9673.97 9690.55 9724.55 9691.87 9660.04 9650.64 9641.79 9634.88 9626.67 9630.67 9635.46 9636.13 9639.51 9661.53 9668.82 9596.06 9588.98 9608.5 9605.83 9595.64 9599.67 9603.72 9608.08 9633.42 9650.21 9647.75 9643.07 9638.57 9632.16 9617.02 9609.3 9628.81 9624.76 9618.27 9605.38 9596.35 9590.51 9578.98 9567.16 9545.56 9509.84
9479.95 9460.76 9466.46 9472.07 9478.25 9483.24 9491.32 9500.79 9530.56 9522.39 9511.72 9506.68 9504.66 9505.62 9512.56 9527.8 9538.34 9534.75 9531.21 9530.09 9542.43 9547.31 9551.18 9598.57 9647.15 9626.61 9638.53 9669.84 9684.84 9683.07 9686.73 9671.9 9666.12 9662 9654.66 9621.34 9626.53 9652.89 9667.59 9675.82 9673.77 9651.68 9602.78 9671.9 9683.29 9648.99 9621.28 9620.38 9612.57 9629.65 9645.6 9655.2 9657.66 9657.77 9653.71 9650.7 9633.29 9635.26 9635.89 9625.64 9610.38 9597.3 9587.26 9579.6 9576.52 9568.47 9550.04
9464.97 9469.32 9470.66 9481.65 9486.06 9489.29 9489.83 9491.43 9508.97 9513.78 9509.72 9509.31 9510.01 9510.91 9517.8 9528.4 9533.98 9533.47 9532.54 9531.42 9549.61 9555.5 9563.65 9602.26 9618.79 9609.99 9631.57 9644.28 9661.98 9656.27 9653.9 9684.3 9707.01 9688.1 9620.32 9612.95 9616.7 9678.48 9697.63 9705.88 9710.58 9714.34 9780.39 9796.58 9814.07 9751.45 9696.06 9695.8 9653.04 9656.65 9665.2 9674.62 9682.48 9683.22 9676.73 9663.97 9646.14 9647.03 9629.94 9614.81 9605.08 9595.43 9588.78 9587 9593.44 9601.18 9598.34
9455.36 9450.85 9464.58 9491.57 9495.45 9495.35 9487.3 9475.76 9471.46 9486.11 9499.07 9508.81 9518.09 9530.02 9531.76 9524.07 9528.86 9535.02 9536.16 9538.78 9539.46 9553.36 9578.03 9626.85 9609.34 9620.12 9651.54 9669.66 9659.09 9650.57 9659.63 9705.38 9734 9744.3 9710.14 9670.51 9675.06 9718.87 9735.85 9744.38 9745.84 9751.3 9805.3 9836.29 9818.02 9843.57 9890.41 9835.58 9808.29 9738.38 9714.55 9721.55 9721.87 9712.02 9695.71 9673.62 9638.53 9615.77 9613.51 9592.31 9596.15 9593.74 9586.01 9582.76 9599.47 9618.31 9613.53
9461.85 9449.74 9464.47 9496.17 9501.41 9489.14 9487.45 9467.86 9449.52 9467.46 9487.04 9504.02 9520.94 9540.29 9539.5 9538.16 9539.97 9541.2 9541.61 9540 9537.36 9562 9578.98 9586.05 9609.09 9634.53 9668.47 9675.58 9661.27 9667.27 9696.87 9746.68 9782.4 9791.97 9755.68 9745.29 9783.78 9788.8 9781.62 9772.51 9778.36 9774.81 9801.65 9902.66 9963.62 9963.82 9978.61 9914.66 9900.23 9878.2 9822.61 9795.07 9774.18 9751.15 9722.25 9693.21 9656.72 9632.43 9624.24 9626.82 9606.64 9586.73 9581.41 9586.31 9580.76 9602.27 9604.71
9475.6 9472.66 9486.44 9506.3 9516.39 9517.19 9501.1 9475.91 9456.86 9465.34 9481.91 9498.81 9515.21 9529.2 9539.54 9554.86 9555.72 9553.02 9550.29 9549.24 9549.73 9579.36 9579.9 9586.76 9632.59 9658.81 9704.1 9690.76 9687.83 9713.52 9749.61 9793.93 9844.58 9839.57 9780.22 9776.17 9790.78 9796.33 9798.88 9804.95 9840.53 9886.8 9922.32 9957.49 10013.2 10005.6 9941.36 9918.79 9898.76 9923.38 9945.9 9879.34 9840.5 9802.14 9758.95 9716.98 9681.22 9664.68 9640.97 9625.18 9599.69 9577.71 9563.32 9557.94 9554.75 9572.93 9580.2
9460.46 9479.18 9499.19 9516.32 9530.72 9541.61 9522.1 9492.22 9462.36 9466.4 9482.43 9496.04 9507.51 9516.31 9535.88 9562.09 9568.49 9563.79 9560.02 9559.98 9581.67 9600.19 9583.74 9582.14 9630.64 9738.37 9754.6 9710.35 9706.28 9802.73 9819.38 9817.6 9821.96 9801.93 9784.61 9790.1 9796.34 9798.04 9822.02 9842.63 9914.13 9981.86 9988.54 9959.89 9935.39 9899.76 9934.83 9970.22 9953.29 9976.88 9964.04 9944.86 9906.42 9868.23 9826.55 9761.36 9704.08 9691.06 9671.97 9619.83 9585.9 9575.33 9555.12 9529.69 9537.79 9552.35 9563.17
9462.33 9476.09 9507.01 9512.51 9529.25 9547.92 9543.08 9513.52 9486.54 9486.02 9487.79 9496.49 9505.72 9518.06 9552.96 9580.75 9583.3 9575.13 9567.16 9571.28 9581.89 9586.49 9596.46 9594.16 9611.21 9744.66 9763.37 9703.14 9737.03 9804.48 9825.03 9817.67 9790.75 9761.96 9770.07 9807.07 9848.04 9874.07 9896.86 9920.59 9986.65 10053.5 10046.1 9911.6 9885.7 9888.58 9964.76 10048.6 10054.6 10036.8 10018.2 9985.49 9971.37 9950.21 9919.79 9875.69 9840.67 9814.77 9747.35 9664.65 9610.14 9623.28 9585.45 9531.15 9538.62 9535.77 9550.15
9452.58 9474.07 9492.09 9498.78 9519.33 9561.24 9560.27 9528.85 9504.07 9490.86 9493.35 9499.34 9509.17 9526 9565.53 9604.67 9596.19 9583.7 9571.29 9564.1 9577.14 9574.39 9597.07 9622.81 9642.18 9720.2 9715.9 9738.91 9839.76 9807.32 9822.98 9826.4 9810.59 9789.75 9820.85 9891.72 9990.09 10101.5 10012.8 10007.9 10034.7 10079.8 10057.9 9910.79 9920.25 9993.7 10045.8 10085.5 10150.2 10167.9 10170.3 10091.1 10078 10041.6 10016.3 10035.9 10074.6 9977.76 9903.56 9868.58 9838.19 9758.76 9664.43 9569.99 9530.62 9523.77 9546.42
9469.58 9488.26 9518.24 9514.28 9516.63 9540.7 9548.24 9531.69 9509.95 9497.03 9495.93 9501.91 9513.7 9531.52 9566.26 9602.27 9599.13 9587.84 9579.65 9575.15 9596.61 9622.38 9663.67 9705.89 9710.66 9729.29 9770.66 9792.97 9831.88 9854.19 9850.89 9858.89 9878.8 9931.07 9994.76 10105.2 10102.4 10111.6 10075.7 10057.3 10012.7 10003.7 10043 9936.25 9811.09 9956.18 10050.7 10222.7 10265.4 10213 10251.2 10284.2 10162.9 10095.8 10069.3 10070.7 10074.3 10068.1 10050.5 10080.1 10062.3 9938.95 9783.04 9633.02 9553.81 9533.57 9563.73
9479.79 9496.77 9514.32 9506.03 9493.25 9521.64 9537.34 9529.52 9514.39 9496.81 9497.94 9507.92 9519.48 9532.99 9554.5 9589.11 9593.89 9588.44 9588.81 9591.28 9617.07 9705.87 9847.14 9810.09 9802.73 9801.09 9861.56 9832.48 9867.59 9874.36 9875.83 9896.08 9941.86 10018.2 10107.7 10157.6 10216.9 10216.6 10169.1 10037.4 9850.91 9753.06 9636.63 9509.13 9496.72 9630.57 9818.67 10011.4 9849.29 9946.03 10083.4 10153 10105.2 10068.9 10080.9 10091.3 10078.9 10109.7 10135.7 10229.1 10266.4 10103.8 9888.76 9682.79 9546.62 9548.96 9582.34
9465.96 9475.11 9489.79 9486.67 9483.56 9508.27 9521.9 9533.57 9530.19 9525.38 9508.8 9518.05 9528.94 9538.59 9547.82 9583.1 9590.34 9587.15 9586.92 9627.34 9683.96 9740.25 9800.76 9822.5 9822.92 9826.08 9817.55 9820.72 9844.69 9865.37 9893.1 9920.77 9965 10032.3 10102.5 10136 10077.6 9955.36 9734.27 9647.33 9567.31 9462.95 9339.08 9322.48 9328.75 9380.78 9474.45 9468.63 9447.71 9600.91 9766.65 9852.22 9872.87 9919.36 10010 10104.8 10049.8 10078.9 10144.5 10244.9 10325 10168.1 9982.32 9798.83 9614.94 9564.65 9625.4
9442.45 9448.13 9457.93 9468.89 9499.28 9517.13 9543.02 9547.35 9543.32 9534.6 9519.17 9517.62 9528.8 9551.3 9569.06 9592.84 9599.71 9595.28 9592.78 9650.87 9733.77 9763.44 9787.42 9801.98 9812.45 9798.1 9768.17 9802.78 9845.39 9903.88 9895.8 9898.36 9917.99 9984.92 9970.82 9877.64 9617.4 9416.62 9265.39 9264.05 9281.33 9228.56 9144.77 9129.04 9140.7 9155.98 9207.85 9227.56 9211.72 9325.12 9427.43 9452.87 9548.77 9677.17 9822.65 10003.1 9981.28 10029.5 10067.8 10138 10169.1 10128.8 10033.2 9945.78 9853.54 9803.9 9741.52
9441.32 9446.03 9447.85 9453.05 9468.66 9507.14 9550.68 9549.06 9543.23 9536.6 9521.89 9517.14 9521.49 9550.09 9593.55 9620.4 9643.36 9630.71 9629.01 9669.19 9726.06 9778.26 9825.9 9826.3 9848.66 9854.75 9767.56 9812.72 9872.44 9914.63 9878.81 9839.52 9798 9747.55 9618.2 9386.03 9186.51 9102.86 9081.98 9099.8 9114 9092.48 9057.04 9062.11 9064.78 9034.15 9017.43 9001.8 9019.66 9106.13 9171.75 9203.51 9302.35 9432.79 9537.36 9613.44 9764.67 9793.57 9928.11 10019.1 10081.2 10081.6 10046 9980.85 9878.08 9856.1 9793.93
9445.43 9452.08 9457.25 9466.78 9462.43 9489.05 9520.63 9534.47 9532.73 9525.94 9515.48 9510.13 9488.48 9467.28 9499.86 9640.13 9689.12 9646.94 9631.86 9699.74 9736.61 9794.53 9869.82 9889.88 9906.16 9922.96 9801.83 9856.75 9923.62 9877.54 9836.84 9746.2 9619.13 9468.14 9288.18 9095.35 9039.7 9042.07 9058.37 9049.02 9047.68 9018.96 8983.58 8956.12 8981.2 8923.31 8869.06 8842.73 8869.2 8932 8979.65 9015.01 9120.45 9229.51 9324.42 9401.97 9539.85 9713.87 9791.89 9907.62 10005 10054.2 10041.8 9991.03 9914.48 9874.68 9759.65
9438.37 9443.31 9461.4 9493.02 9470.33 9482.23 9510.19 9516.08 9521.31 9525.01 9527.71 9510.63 9478.75 9399.22 9271.9 9494.79 9683.46 9654.15 9658.87 9724 9755.11 9795.31 9839.1 9895.34 9927.7 9933.91 9876.89 9931.79 10049.5 9976.64 9808.7 9607.28 9424.22 9225.54 9036.69 9017.05 9042.34 9053.49 9090.43 9082.05 9025.94 8950.65 8896.2 8853.84 8773.59 8759.57 8738.81 8732.87 8752.9 8799.43 8853.14 8913.07 9018.17 9043.83 9142.95 9249.98 9363.26 9491.99 9635.35 9780.53 9940.81 10039.3 10012.2 10012.5 10005.1 9938.06 9808.4
9434.09 9417.54 9446.31 9449.66 9476.57 9487.71 9474.58 9486.54 9513.83 9534.2 9544.3 9529.77 9522.73 9553.29 9586.98 9651.68 9658.62 9655.78 9692.96 9775.09 9812.78 9834.41 9849.89 9868.89 9931.95 9965.98 9897.54 9982.71 10088.2 9983.33 9663.24 9408.33 9227.71 9069.66 8960.31 8983.16 9034.82 9055.31 9022.21 9013.85 8931.26 8838.79 8786.77 8762.21 8665.99 8587.6 8621.29 8629.85 8626.71 8648.07 8698.53 8780.29 8761.31 8824.09 8903.51 9089.49 9212.15 9325.3 9467.27 9609.33 9745.95 9837.8 9939.19 9994.36 10051.7 10050 9940.12
9446.39 9451.07 9451.1 9451.71 9474.81 9491.12 9485.88 9492.42 9514.69 9537.19 9542.45 9540.11 9544.5 9565.45 9595.61 9603.56 9644.69 9690.35 9775.17 9890.73 9897.25 9844.83 9867.65 9890.54 9954.74 9978.88 9957.17 9995.87 9982.04 9586.83 9326.53 9186.09 9073.6 8983.34 8938.75 8975.9 9017.74 8970.57 8786.71 8739.58 8703.05 8647.07 8620.06 8581.46 8452.87 8367.19 8308.74 8401.01 8430.29 8463.41 8492.96 8498.27 8485.15 8576.79 8689.57 8841.72 9008.88 9155.57 9280.78 9399.51 9551.12 9739.17 9858.81 9962.26 10028.2 10088.3 10015.1
