real_craters/C185-300m.grd
DSAA
536 536
-80.185 80.185
-80.185 80.185
7923.1937797902 10353.895070342
[rows 390 to 419 of 536, columns 0 to 66 of 536]
9400.17 9398 9396.94 9396.79 9396.03 9394.37 9392.39 9390.59 9388.13 9386.62 9385.52 9385.46 9385.9 9385.28 9384.72 9384.41 9384.23 9384.11 9384.04 9383.95 9383.9 9385.45 9386.33 9386.86 9387.66 9388.74 9389.21 9388.53 9388.21 9388.08 9388.06 9388.1 9388.83 9389.6 9391.28 9393.17 9395.88 9397.54 9398.2 9397.73 9397.97 9398.39 9398.84 9399.86 9397.77 9395.27 9392.36 9387.55 9391.31 9394.46 9396.1 9397.01 9397.8 9398.41 9398.99 9399.58 9400.45 9401.11 9402.02 9403.49 9406.56 9413.6 9411.36 9409.53 9409.25 9409.74 9410.95
9402.03 9399.51 9395.67 9395.71 9395.12 9393.45 9390.58 9387.03 9385.88 9385.56 9385.84 9386.2 9385.76 9385.48 9385.05 9384.75 9384.54 9384.52 9384.34 9384 9383.91 9385.29 9386.76 9387.39 9388.14 9389.43 9389.94 9389.05 9388.49 9388.17 9387.9 9387.69 9387.68 9388.85 9391.07 9394.71 9395.81 9395.45 9395.6 9395.72 9396.75 9397.54 9399.2 9401.72 9398.74 9396.88 9395.57 9393.52 9396.33 9398.16 9398.85 9399.3 9398.93 9399.31 9399.8 9400.35 9401.23 9402.02 9403.11 9405.05 9408.84 9411.04 9408.79 9409.08 9410.04 9411.2 9412.71
9400.34 9399.91 9397.52 9396.13 9395.02 9394.24 9389.95 9385.88 9384.49 9384.63 9384.89 9385.07 9385.93 9385.75 9385.31 9385.06 9384.87 9384.82 9384.9 9384.98 9386.13 9386.79 9387.14 9387.51 9387.81 9388.13 9388.62 9388.7 9388.49 9388.19 9387.91 9387.55 9387.35 9388.08 9389.39 9389.95 9390.97 9392.21 9392.68 9393.78 9394.93 9395.86 9396.68 9396.52 9396.79 9398.06 9400.39 9405.48 9404.82 9401.91 9400.62 9400.09 9400.03 9400.99 9401.52 9402.16 9402.76 9403.5 9403.94 9404.2 9403.72 9398.35 9403.18 9408.02 9410.15 9411.33 9411.61
9398.2 9399.12 9398.64 9397.07 9395.03 9391.28 9389.26 9385.63 9384.23 9384.41 9384.77 9385.47 9385.84 9385.68 9385.55 9385.28 9385.13 9385.23 9385.59 9386.47 9386.67 9387.39 9387.33 9387.61 9387.62 9386.64 9387.52 9388.34 9388.51 9388.32 9388.02 9387.69 9387.39 9387.83 9388.73 9388.63 9389.54 9390.72 9391.85 9392.29 9393.05 9394.2 9394.67 9393.92 9395.18 9398.13 9401.78 9406.57 9406.6 9403.45 9401.83 9401.2 9401.21 9401.9 9402.43 9403.03 9403.63 9404.2 9404.76 9404.56 9403.69 9404.56 9407.55 9409.01 9410.05 9410.71 9411.34
9398.84 9399.91 9399.43 9398.2 9396.62 9394.14 9390.67 9387.38 9385.46 9384.9 9384.78 9384.41 9385.05 9385.25 9385.37 9385.31 9384.97 9385.04 9385.4 9386.27 9388.55 9387.55 9387.18 9387.75 9388.49 9389.23 9388.79 9388.75 9388.67 9388.63 9388.47 9388.28 9388.22 9388.7 9389.97 9390.72 9389.79 9389.7 9390.1 9390.76 9391.88 9393 9394.09 9394.74 9395.33 9397.39 9399.83 9401.77 9402.22 9401.72 9401.49 9401.53 9401.8 9402.15 9402.78 9403.48 9404.08 9405.15 9406.05 9406.51 9406.8 9409.2 9411.91 9410.93 9410.22 9409.8 9409.87
9400.42 9400.33 9399.85 9399.09 9398.25 9396.75 9392.69 9389.27 9386.95 9385.79 9384.99 9384.81 9384.53 9384.97 9385.48 9385.6 9385.54 9385.42 9385.17 9385.03 9385.59 9385.83 9386.8 9387.98 9389.12 9390.37 9389.85 9389.28 9389.06 9388.87 9388.82 9388.99 9389.47 9390.25 9390.99 9391.33 9390.15 9388.68 9388.14 9389.46 9391.33 9392.76 9394.06 9395.2 9395.5 9396.45 9397.2 9396.95 9397.08 9399.08 9400.28 9401.22 9402.29 9403 9403.72 9404.57 9405.41 9406.94 9407.81 9408.83 9409.71 9410.44 9413.13 9411.93 9410 9408.25 9407.25
9402.55 9399.98 9399.84 9399.7 9398.41 9396.17 9393.85 9391.38 9389.15 9386.43 9384.88 9384.53 9384.73 9384.98 9385.72 9385.95 9385.94 9385.49 9384.79 9383.86 9383.39 9385.16 9387.04 9388.25 9388.78 9388.96 9389.54 9389.53 9389.45 9389.29 9389.23 9389.53 9390.14 9391.21 9390.93 9390.39 9388.53 9388.22 9387.84 9389.24 9391.58 9393.23 9394.36 9395.18 9395.14 9395.53 9395.67 9395.31 9395.62 9397.9 9399.79 9401.06 9402.36 9403.5 9404.81 9405.82 9407.02 9408.13 9409.34 9411.02 9413.07 9416.09 9415.18 9412.23 9409.32 9406.5 9403.93
9404.56 9400.62 9400.46 9400.46 9400.77 9398.04 9394.01 9391.3 9389.96 9385.37 9383.93 9384.04 9384.93 9385.37 9386.19 9386.44 9386.55 9386.11 9385.48 9384.19 9383.74 9386.25 9388.35 9389.33 9389.33 9389.12 9389.39 9389.41 9389.29 9389.14 9389.28 9389.43 9389.75 9389.54 9389.79 9389.84 9390.02 9389.76 9389.01 9390.85 9393.03 9394.15 9394.99 9395.81 9395.39 9394.94 9395.09 9395.48 9397.13 9398.04 9399.89 9401.72 9402.98 9404.42 9405.59 9406.63 9407.69 9408.78 9410.29 9412.18 9414.24 9416.76 9414.79 9411.4 9408.47 9405.91 9404.06
9403.92 9403.03 9401.6 9400.59 9398.7 9396.63 9392.99 9387.86 9379.6 9383.55 9383.55 9384.32 9384.9 9386.08 9386.33 9387.25 9387.6 9387.83 9387.81 9387.38 9388.83 9387.75 9390.62 9391.39 9390.78 9390 9389.74 9389.28 9388.89 9388.9 9388.9 9389.08 9389.38 9390.08 9388.81 9389.3 9391.18 9392.49 9394.27 9395.61 9395.76 9395.63 9395.44 9394.91 9394.11 9394.6 9394.82 9395.35 9395.45 9398.01 9400.46 9402.51 9404.18 9405.51 9406.34 9407.39 9408.48 9409.44 9410.76 9411.76 9412.71 9413.06 9411.25 9409.45 9407.7 9406.22 9405.46
9401.73 9402.92 9402.2 9400.66 9398.95 9395.84 9392.56 9389.73 9391.69 9385.16 9383.51 9383.52 9384.92 9386.61 9388.25 9389.08 9389.97 9389.21 9390.4 9392.98 9395.39 9387.9 9393.07 9393.35 9394.51 9392.64 9390.2 9389.04 9388.86 9388.83 9388.66 9388.72 9388.85 9388.8 9388.85 9390.19 9391.85 9395.05 9399.12 9400.39 9398.52 9396.96 9395.87 9394.52 9393.89 9394.8 9395.2 9395.89 9396.79 9398.95 9401.52 9403.5 9404.86 9406.01 9406.84 9407.78 9408.6 9409.38 9410.4 9410.59 9410.56 9409.71 9408.28 9407.87 9407.43 9406.89 9406.66
9403.71 9404.05 9402.49 9400.4 9398.13 9395.19 9392.13 9389.3 9386 9384.52 9383.08 9383.59 9386.27 9388.41 9389.6 9390.46 9390.87 9390.83 9391.47 9392.53 9392.86 9389.92 9392.73 9392.14 9392.25 9391.09 9389.25 9388.24 9388.05 9388.13 9388.31 9388.46 9388.57 9388.62 9390 9392.78 9395.57 9398.46 9401.12 9401.63 9399.47 9398.06 9396.69 9395.71 9396.07 9395.51 9396.55 9397.9 9398.21 9401.42 9403.55 9404.68 9405.46 9406.1 9407.08 9407.67 9408.3 9408.76 9409.29 9410.01 9409.79 9408.4 9406.98 9407.17 9407.42 9407.74 9407.74
9403.98 9404.22 9402.51 9399.99 9396.76 9394.57 9391.44 9388.15 9385.26 9384.5 9385.2 9389.17 9391.4 9391.78 9391.56 9391.35 9391.48 9392.15 9392.15 9390.27 9392.28 9392.18 9391.33 9388.73 9385.78 9385.8 9386.43 9386.87 9387.31 9387.67 9388.05 9388.6 9389.12 9389.65 9392.44 9396.31 9400.14 9402.11 9400.9 9399.17 9399.18 9398.75 9397.77 9396.52 9395.54 9395.42 9398.17 9401.44 9405.76 9406.9 9406.72 9406.76 9406.95 9407.34 9407.91 9408.41 9408.8 9409.15 9409.51 9409.77 9409.63 9408.82 9407.97 9407.51 9407.37 9407.53 9407.63
9401.2 9402.35 9402.42 9401 9398.29 9394.97 9391.16 9387.52 9385.24 9385.37 9390.02 9395.26 9396.77 9394.39 9393.41 9392.93 9392.69 9393.02 9395.05 9396.4 9394.84 9395.42 9393.69 9386.37 9380.38 9382.16 9384.51 9385.94 9386.75 9387.43 9388.1 9389.04 9390.24 9392.4 9395.78 9399.52 9403.57 9405.35 9402.39 9399.15 9400.28 9400.41 9399.2 9397.28 9394.02 9395.83 9399.63 9403.78 9408.35 9409.84 9408.88 9408.19 9408.12 9408.35 9408.59 9409.01 9409.31 9409.43 9409.79 9409.73 9409.63 9409.55 9409.87 9407.85 9407.23 9406.87 9407.02
9399.4 9401.42 9402.94 9403.06 9400.42 9396.01 9391.38 9386.95 9383.06 9383.81 9390.36 9394.42 9394.29 9394.32 9394.09 9393.63 9392.92 9391.67 9392.6 9397.74 9396.45 9398.73 9394.48 9385.49 9380.04 9382.38 9384.52 9385.81 9386.62 9387.34 9388.16 9389.32 9391.13 9393.85 9397.26 9401.18 9405.28 9408.06 9406.49 9404.17 9404.87 9403.29 9401.24 9399.34 9398.94 9399.19 9400.71 9404.09 9408.87 9410.53 9408.94 9408.51 9408.49 9408.63 9409.08 9409.34 9409.54 9409.71 9409.7 9409.62 9409.43 9408.78 9406.79 9407.74 9407.23 9406.43 9406.57
9399.02 9400.87 9402.96 9405.87 9402.51 9396.6 9391.46 9387.1 9383.54 9383.15 9388.2 9392.36 9392.38 9394.27 9394.56 9394.08 9392.9 9389.19 9377.89 9355.35 9382.48 9398.77 9386.31 9386.13 9387.74 9387.03 9386.75 9387.1 9387.41 9387.82 9388.51 9389.32 9391.24 9393.97 9397.62 9401.42 9404.84 9407.37 9410.96 9415.04 9410.74 9406.19 9402.74 9400.45 9399.53 9399.16 9400.08 9402.26 9404.79 9405.84 9407.01 9407.89 9408.42 9408.76 9409.11 9409.45 9409.68 9409.77 9409.73 9409.5 9409.44 9409.41 9410.56 9408.72 9407.45 9407.35 9406.46
9398.26 9399.52 9400.55 9400.91 9399.21 9395.29 9391.17 9387.83 9386.39 9387.58 9389.46 9392.45 9395.64 9395.37 9395.15 9395.4 9394.87 9393.66 9390.94 9381.23 9385.93 9391.57 9382.86 9388.31 9392.46 9391.02 9388.96 9388.18 9387.87 9387.79 9388.14 9388.98 9390.56 9393.53 9397.9 9400.67 9403.79 9407.51 9411.03 9414.72 9411.53 9406.76 9402.86 9399.81 9397.6 9396.85 9398.29 9399.95 9401.39 9402.04 9404.97 9406.91 9408.08 9408.8 9409.38 9409.76 9409.97 9409.73 9409.5 9409.43 9409.32 9409.19 9408.73 9407.61 9406.73 9406.1 9406.33
9397.8 9397.96 9397.35 9395.89 9395.01 9392.95 9390.12 9387.73 9386.71 9387.88 9389.94 9391.96 9393.84 9394.66 9395.36 9396.02 9396.71 9399.02 9404.66 9408.06 9397.25 9394.38 9393.77 9393.82 9394 9392.63 9390.45 9389.2 9388.38 9387.96 9387.79 9388.09 9389.02 9391.16 9395.23 9398.55 9401.54 9403.98 9407.77 9409.3 9408.45 9405.22 9401.59 9398.49 9395.99 9395 9396.74 9398.7 9400.63 9402.47 9404.69 9406.33 9407.57 9408.47 9409.1 9409.55 9409.84 9409.84 9409.79 9409.6 9409.31 9408.76 9407.99 9406.91 9407.38 9407.57 9407.25
9397.71 9397.22 9395.55 9393.31 9392.71 9391.37 9389.22 9387.13 9385.59 9384.8 9388.83 9390.78 9392.13 9393.18 9394.37 9395.63 9397.11 9398.61 9399.49 9399.3 9397.36 9398.6 9395.54 9396.73 9395.41 9393.38 9391.28 9389.71 9388.5 9387.83 9387.55 9387.26 9387.54 9388.36 9392.5 9395.72 9398.79 9402.38 9404.07 9405.82 9404.78 9402.31 9399.55 9396.86 9394.73 9394.49 9396.26 9398.8 9401.27 9404.73 9405.28 9406.63 9407.75 9408.63 9409.02 9409.25 9409.44 9409.53 9409.51 9409.45 9409.26 9408.9 9408.38 9408.63 9409.07 9409.57 9409.32
9398.23 9397.67 9395.91 9393.6 9392.49 9390.92 9388.94 9386.9 9385.56 9386.56 9388.28 9389.55 9390.55 9391.79 9393.19 9395.06 9396.8 9397.32 9395.47 9395.28 9392.3 9382.15 9393.24 9397.07 9395.19 9393.15 9391.41 9390.26 9389.08 9388.22 9387.6 9387.07 9386.66 9387.24 9389.66 9392.72 9395.5 9397.09 9398.99 9399.5 9399.44 9399 9397.59 9395.85 9394.12 9393.27 9396.91 9399.72 9401.83 9402.12 9405.6 9407.54 9408.53 9409.16 9409.55 9409.65 9409.76 9409.8 9409.81 9409.76 9409.69 9409.71 9410.06 9410.95 9411.67 9412.95 9412.74
9399.85 9399.12 9397.97 9395.94 9393.26 9390.98 9388.9 9387.13 9385.65 9386.92 9387.68 9388.29 9388.54 9389.45 9391.73 9394.7 9397.39 9399.29 9398.98 9396.08 9393.68 9395.62 9394.59 9394.42 9393.31 9392.25 9391.16 9390.43 9389.61 9388.77 9387.97 9387.24 9386.47 9386.27 9387.55 9390.52 9393.58 9395.37 9396.83 9397.61 9397.5 9396.57 9396.17 9395.66 9395.2 9396.48 9399.46 9401.94 9404.32 9406.56 9408.57 9409.43 9410 9410.38 9410.22 9410.31 9410.34 9410.35 9410.25 9410.26 9410.35 9410.64 9410.93 9413.81 9420.95 9419.46 9416.86
9401.4 9400.1 9399.14 9396.88 9393.57 9390.87 9388.78 9387.34 9386.23 9389.61 9389.13 9387.63 9385.48 9385.6 9390.48 9394.16 9397.41 9400.58 9401.42 9396.66 9393.45 9392.02 9390.36 9389.46 9389.9 9389.87 9389.61 9389.95 9388.7 9388.23 9387.84 9387.65 9387.27 9387.14 9387.74 9390.09 9393.35 9396.36 9397.36 9395.62 9394.26 9394.41 9395.16 9396.17 9397.73 9401.03 9402.8 9404.45 9407.22 9411.77 9412.07 9411.21 9411.02 9411.13 9411.27 9411.22 9410.8 9411.26 9411.15 9411.15 9411.37 9412.06 9413.61 9418.19 9425.2 9423.34 9419.81
9400.81 9398.82 9398.53 9395.8 9392.48 9390.14 9388.52 9387.62 9387.39 9389.81 9389.76 9388.48 9387.05 9387.35 9391.16 9394.17 9396.27 9397.4 9394.67 9392.97 9390.56 9387.82 9386.79 9386.93 9387.2 9387.81 9388.07 9388.29 9388.73 9388.7 9388.62 9388.5 9388.41 9388.59 9389.06 9390.74 9393.43 9396.42 9397.19 9393.77 9391.36 9392.79 9394.63 9396.81 9399.64 9403.13 9404.17 9405.35 9407.6 9409.96 9411.08 9411.37 9411.52 9411.59 9411.92 9411.83 9411.66 9411.55 9411.38 9411.46 9411.88 9412.9 9415.24 9420.12 9424.4 9423.68 9421
9397.33 9394.7 9392.1 9391.41 9390.06 9388.48 9387.47 9387.28 9387.76 9388.65 9389.15 9390.16 9391.15 9392.83 9393.81 9394.9 9395.08 9393.72 9391.96 9390.04 9387.66 9384.68 9383.76 9384.2 9385.23 9386.58 9387.59 9388.18 9388.56 9388.34 9388.74 9389.28 9389.9 9389.89 9390.18 9391.2 9392.85 9394.6 9394.52 9392.54 9390.67 9392.23 9394.7 9397.29 9399.85 9402.2 9402.88 9404.72 9406.78 9408.29 9409.72 9411.05 9412.06 9412.11 9412.08 9411.89 9411.99 9411.81 9412.17 9412.25 9412.55 9413.15 9413.88 9415.64 9421.94 9422.54 9421.1
9393.31 9390.18 9387.59 9387.36 9387.36 9387.04 9386.79 9386.76 9387.39 9386.43 9389.25 9392.33 9395.03 9396.13 9396.8 9395.88 9394.81 9393.9 9392 9388.55 9385.84 9383.31 9381.71 9382.11 9383.85 9385.44 9386.62 9387.33 9387.93 9388.55 9389.05 9389.6 9390.9 9390.55 9390.04 9390.34 9391.76 9393.13 9394.19 9391.94 9390.93 9392.7 9395.07 9397.53 9399.59 9400.33 9400.68 9404.29 9406.87 9407.81 9408.91 9411.91 9413.31 9413.61 9413.71 9413.35 9412.7 9412.88 9412.27 9412.28 9412.47 9413.08 9413.19 9414.32 9419.83 9421.49 9421.23
9390.22 9386.83 9383.99 9385.12 9385.94 9386.29 9386.29 9385.99 9384.49 9384.25 9389.44 9395.46 9399.71 9402.42 9399.94 9396.45 9393.4 9391.17 9388.57 9386.43 9384.77 9384.18 9384.39 9382.93 9384.46 9385.77 9386.72 9387.54 9388.2 9388.77 9389.24 9389.16 9388.66 9389.55 9389.79 9389.71 9390.96 9391.26 9390.48 9391.28 9392.19 9393.92 9395.94 9398.41 9400.62 9402.17 9402.44 9406 9408.96 9411.16 9412.96 9414.84 9415.04 9414.63 9414.4 9414 9413.86 9413.62 9413.56 9413.57 9413.44 9413.71 9414.3 9416.05 9420.55 9421.29 9421.58
9387.87 9386.15 9385.05 9385.23 9386.07 9386.66 9386.98 9387.29 9388.06 9389.76 9394.52 9400.57 9403.55 9405.27 9400.74 9395.34 9390.7 9385.6 9383.99 9383.98 9383.53 9383.39 9383.3 9384.84 9385.74 9386.4 9387.11 9387.79 9388.39 9389.06 9389.68 9390.04 9389.22 9390.08 9390.76 9392.07 9391.11 9390.76 9389.73 9391.66 9393.64 9394.84 9396.84 9399.5 9402.5 9405.23 9406.32 9409.2 9412.06 9415.84 9419.46 9417.95 9416.4 9415.57 9415.14 9414.9 9414.83 9414.67 9414.94 9415.11 9415.15 9415.29 9416.13 9419.59 9421.08 9420.96 9422.35
9386.26 9386.07 9386.09 9386.51 9387.24 9388.21 9388.8 9389.39 9391.96 9400.3 9408.98 9406.75 9405 9403.05 9397.65 9391.89 9389.12 9386.17 9383.23 9382.94 9382.41 9382.02 9381.13 9384.76 9386.56 9387.12 9387.51 9388 9388.66 9389.29 9390.18 9391.79 9393.02 9391.25 9390.61 9390.33 9390.63 9391.4 9393.55 9393.05 9392.73 9394.57 9397.43 9400.35 9403.82 9408.15 9412.44 9411.73 9413.32 9416.86 9421.14 9418.37 9416.72 9415.89 9415.71 9415.87 9416.09 9416.53 9416.66 9416.75 9416.87 9416.71 9416.27 9415.81 9415.58 9420.33 9424.12
9385.84 9386.9 9387.43 9388.17 9389.4 9390.94 9392.33 9393.26 9398.3 9407.7 9412.99 9408.71 9403.17 9397.82 9391.16 9384.96 9381.56 9389.04 9385.55 9382.72 9381.76 9381.34 9382.35 9385.81 9387.52 9387.48 9387.62 9388.05 9388.55 9389.15 9389.8 9390.5 9391.44 9390.59 9389.75 9388.58 9390.07 9391.54 9391.99 9393.29 9394.61 9396.3 9398.08 9400.61 9403.73 9406.93 9409.58 9410.45 9411.57 9413.04 9412.5 9414.23 9415.16 9415.76 9416.37 9416.82 9417.47 9418.11 9418.78 9419.07 9418.86 9418.85 9417.53 9413.1 9416.67 9423.48 9427.48
9386.28 9385.92 9387.86 9389.87 9391.86 9394.37 9397.43 9401.86 9409.87 9411.85 9411.39 9406.09 9399.04 9390.55 9384.06 9378.31 9368.95 9368.98 9379.38 9381.46 9381.77 9381.89 9384.67 9387.28 9387.65 9387.11 9387.34 9387.93 9388.61 9389.08 9389.23 9388.3 9388.44 9389.62 9389.78 9390.32 9391.02 9392.37 9394.15 9395.3 9396.17 9397.38 9398.47 9400.63 9402.66 9404.25 9404.2 9407.44 9409.11 9409.52 9409.48 9411.13 9412.97 9414.44 9415.53 9416.61 9417.51 9418.57 9419.63 9420.6 9420.59 9422.27 9424.21 9427 9430.11 9430.34 9431.57
9388.12 9389.54 9389.9 9391.81 9394.26 9397.24 9401.41 9407.29 9412.79 9410.56 9406.35 9401.49 9395.27 9388.56 9383.18 9379.2 9376.12 9375.83 9379.11 9381.66 9382.72 9383.44 9385.7 9385.98 9384.75 9385.74 9386.88 9387.87 9388.79 9389.53 9390 9389.94 9389.83 9390.03 9390.12 9390.37 9391.28 9393.08 9395.55 9396.55 9395.46 9395.53 9398.36 9400.71 9402.24 9403.51 9405.3 9406.17 9407.25 9408.08 9408.15 9409.98 9411.96 9412.51 9413.52 9414.65 9415.73 9417.31 9418.84 9420.59 9422.48 9425.66 9429.89 9434.17 9435.66 9435.23 9435.45
