real_craters/C185-1000m.grd
DSAA
93 93
-45.82 45.82
-45.82 45.82
7296.1932887468 10356.164677976
[rows 60 to 89 of 93, columns 0 to 66 of 93]
9606.85 9622.53 9615.68 9612.85 9606.77 9609.25 9634.77 9664.17 9689.29 9692.48 9686.84 9688.79 9702.94 9729.75 9749.51 9764.88 9777.62 9794.68 9819.45 9796.73 9881.02 9949.74 10020.6 10123.4 10152.2 10075 9928.1 9787.45 9615.03 9423.93 9241.11 9124.61 8957.75 8814.04 8746.1 8647.53 8577.75 8515.16 8459.79 8296.94 8201.64 8142.81 8098.51 8071.54 8050.42 8062.47 8053.94 8084.9 8138.08 8141.55 8130.35 8109.49 8144.59 8181.43 8209.74 8224.24 8279.92 8423.83 8568.12 8755.95 8952.36 9069.82 9259.84 9383.36 9409.37 9501.58 9816.36
9641.56 9667.06 9656.21 9645.01 9632.14 9618.73 9647.1 9674.24 9684.65 9659.84 9648.33 9654.4 9683.78 9703.62 9726.41 9754.69 9768.75 9789.98 9801.35 9790.97 9811.33 9855.5 9914.3 10011.2 10095.4 10106.5 10126.7 10011.4 9789.41 9545.57 9345.56 9265.58 9107.39 8939.28 8862.02 8803.72 8749.53 8698.61 8664.74 8592.27 8390.28 8293.5 8221.02 8156.23 8152.05 8152.63 8132.94 8162.65 8222.11 8236.58 8224.3 8211.05 8254.72 8312.88 8364.9 8401.28 8469.49 8595.98 8727.68 8859.68 9018.66 9229.57 9463.07 9569.24 9623.78 9700.57 9833.89
9702.67 9710.96 9703.34 9683.05 9665.15 9656.87 9670 9674.89 9666.72 9647.54 9626.85 9633.45 9668.54 9708.2 9719.05 9743.02 9772.92 9802.78 9816.65 9823.6 9798.3 9795.73 9833.85 9882.88 9973.26 10142.5 10274.3 10209.8 9949.73 9675.91 9445.02 9314.13 9219.95 9093.93 8980.2 8950.64 8909.15 8853.73 8804.47 8752 8604.83 8497.83 8425.37 8541.17 8379.23 8313.31 8281.03 8295.03 8326.89 8334.04 8336.89 8331.77 8398.65 8481.89 8556.07 8644.32 8702.09 8832.02 8949.98 9063.24 9285.68 9410.35 9548.75 9689.06 9791.56 9911.96 9875.32
9750.32 9740.05 9727.2 9709.58 9698.19 9694.05 9691.13 9682.29 9667.13 9656.79 9636.68 9636.67 9661.21 9682.48 9695.52 9732.94 9754.34 9774.58 9796.09 9821.1 9811.1 9796.77 9806.53 9846 9936.36 10086.1 10278.1 10263.6 10015.7 9794.85 9598.54 9451.19 9344.19 9265.98 9168.54 9110.82 9074.02 9031.46 8982.54 8934.96 8869.48 8743.29 8637.23 8567.12 8475.78 8490.65 8517.61 8516.11 8462 8434.14 8457.4 8482.65 8567.88 8673.21 8792.11 8909.95 9037.78 9143.44 9232.92 9377.44 9535.65 9590.07 9679.57 9811.81 9890.84 9897.59 9909.49
9760.04 9756.53 9739.92 9723.51 9711.25 9700.44 9698.14 9690.81 9680.42 9658.5 9654.26 9654.58 9660.48 9667.14 9659.16 9685.19 9704.41 9724.25 9759.96 9782.98 9801.6 9795.23 9813.08 9837.77 9912.62 10007.2 10082.6 10044.7 9999.05 9893.17 9793.75 9678.95 9528.56 9334.69 9280.56 9243.96 9225.91 9200.86 9135.6 9093.93 9102.8 9011.01 8900.58 8840.66 8665.14 8702.25 8762.44 8760.98 8652.75 8573.61 8584.02 8652.07 8756.02 8873.22 8999.99 9152.17 9302.57 9390.82 9507.03 9625.55 9734.74 9797.1 9884.51 9969.67 9990.86 10032.3 9954.01
9726.43 9739.26 9727.51 9714.56 9707.11 9699.91 9694.98 9689.95 9682.87 9675.39 9672.79 9679.24 9663.03 9644.21 9637.56 9654.83 9680.42 9703.88 9732.55 9758.7 9786.41 9794.77 9839.17 9873.24 9920.47 9949.96 9958.38 9953.36 9980.69 9983.82 9973.48 9838.27 9711.74 9576.08 9397.85 9366.81 9361.08 9394.66 9355.81 9263.06 9255.9 9189.71 9141.36 8986.54 8893.6 8914.62 8973.46 8994.31 8908.19 8801.2 8730.04 8826.6 8939.46 9070.3 9196.36 9334.04 9443.1 9559.84 9706.28 9825.43 9910.05 10028.1 10205.1 10114.6 10026.5 9967.66 9876.74
9722.33 9732.37 9731.41 9712.73 9700.33 9693.41 9686.59 9678.12 9676.19 9674.26 9670.48 9664.76 9657.48 9660.23 9638.11 9639.17 9656.53 9686.99 9719.49 9756.32 9754.43 9763.43 9850.14 10004.1 9939.79 9921.75 9928 9949.96 9977.94 10031.1 10112.3 10009.6 9842.33 9671.68 9555.91 9483.4 9450.22 9429.24 9441.17 9454.23 9377 9365.79 9313.94 9238.74 9138.09 9119.2 9146.58 9129.27 9098 8989.3 8915.13 9045.54 9154.61 9259.14 9369.47 9453.57 9520.14 9637.66 9827.47 9951.32 10047.3 10157.8 10202.9 10070.6 9972.7 9882.61 9846.48
9723.57 9728.33 9720.46 9705.61 9685.93 9664.7 9649.98 9654.95 9656.93 9658.45 9657.29 9660.09 9640.64 9622.61 9637.17 9613.22 9624.12 9671.07 9716.28 9723.9 9708.92 9720.72 9766.58 9769.65 9866.84 9892.04 9912.08 9931.84 9965.02 10006.8 10078.4 10196.2 10083.4 9899.36 9702.01 9652.45 9571.47 9457.71 9450.47 9537.83 9603.96 9553.94 9549.07 9553.02 9391.34 9345.53 9338.46 9335.76 9248.25 9104.16 9158.26 9295.17 9393.03 9476.41 9549.21 9612.21 9674.02 9847.83 9987.63 10149 10154.2 10119.2 10007.8 9935.76 9894.61 9833.72 9800.5
9740.49 9732.47 9711.52 9692.24 9669.03 9645.46 9629.65 9641.81 9645.07 9641.23 9644.58 9633.39 9625.04 9610.91 9616.05 9565.79 9591.99 9638.02 9679.98 9681.38 9697.28 9714.44 9729.88 9757.18 9807.89 9863.09 9916.2 9985.66 9977.71 9972.8 10038.6 10259.2 10270.7 10147.6 10038.7 9937.22 9793.15 9577.16 9487.91 9518.97 9580.4 9532.45 9505.73 9510.36 9527.68 9518.38 9522.21 9506.01 9447.04 9358.05 9491.92 9566.26 9630.12 9677.92 9722.55 9779.05 9883.55 10043.4 10179 10141.5 10092.8 10088.1 9970.16 9879.94 9846.42 9838.65 9819.33
9775.18 9738.76 9710.49 9687.55 9666.78 9648.3 9637.85 9638.42 9639.2 9588.68 9633.32 9632.4 9628.47 9637.46 9623.55 9591.4 9577.27 9592.13 9617.42 9645.85 9683.25 9733.58 9717.97 9724.39 9784.4 9840.75 9892.52 9945.62 9939.19 9925.13 9962.73 10128 10144.8 10135.8 10226.4 10131.5 10071.9 9990.41 9663.7 9546.98 9517.27 9510.78 9507.12 9513.91 9577.28 9652.48 9713.49 9743.72 9797.18 9809.86 9835.3 9840.72 9838.17 9848.59 9876.35 9926.41 10026.9 10196.2 10278.3 9960.7 9918.76 9863.27 9839.02 9806.14 9812.09 9819.16 9825.64
9752.71 9715.82 9693.97 9675.13 9660.2 9649.93 9654.96 9639.3 9623.32 9632.68 9637.31 9638.94 9635.41 9623.65 9620.37 9602.2 9576.85 9576.59 9592.83 9616.9 9676.97 9752.41 9741.37 9742.62 9777.42 9816.49 9852.99 9872.71 9874.81 9863.59 9897.46 9909.8 9896.94 9977.15 9989.67 10043.5 10176 10249.5 10026.9 9838.96 9742.02 9741.34 9671.61 9640.68 9733.6 9824.94 9912.8 10095.1 10191.8 10260.9 10208.2 10038.8 9969.14 9937.1 9948.19 9981.69 10037.2 10092.9 10062.4 9910.22 9859.35 9794.9 9782.6 9771.69 9794.93 9800.42 9806.58
9682.54 9680.8 9669.74 9658.51 9648.93 9640.82 9636.07 9640.43 9652.18 9653.87 9640.13 9640.17 9638.74 9630.03 9624.26 9599.56 9574.67 9579.96 9591.1 9609.28 9672.9 9745.08 9755.37 9763.45 9780.61 9806.87 9829.61 9836.45 9834.98 9828 9837.9 9882.95 9899.68 9916.78 9943.08 9997.62 10059.1 10119.6 10204.7 10098.7 10105.7 10081.9 10012 9924 9905.01 9937.11 10013.6 10124.8 10219.9 10261.3 10187.9 10081.6 10004.4 9965.01 9973.69 9982.94 10048 10147.9 10004.7 9981 9888.64 9859.45 9835.66 9851.24 9809.85 9793.07 9788.13
9672 9657.25 9652.36 9647.85 9640.85 9633.99 9630.89 9642.85 9655.3 9654.13 9638.38 9632.21 9625.34 9609.92 9617.67 9605.44 9576.69 9552.15 9593.42 9645.89 9672.1 9693.62 9721.29 9743.06 9769.2 9798.87 9822.01 9833.23 9838.48 9852.11 9819.82 9858.42 9866.57 9893.73 9930.56 9962.99 9938.7 9951.4 10003.2 10040.7 10033.3 9975.21 9991.04 10060.6 10063.1 10069 10009.9 10023.3 10081.9 10124.3 10045.6 10023.5 10015.2 9979.23 9965.04 9959.35 9939 9857.02 9899.2 9874.76 9880.26 9854.2 9852.99 9846.66 9790.44 9737.14 9727.79
9659.22 9640.46 9645.48 9644.33 9639.17 9631.53 9624.17 9634.27 9648.14 9643.83 9629.46 9624.76 9620.72 9609.21 9604.2 9587.65 9562.67 9555.91 9603.78 9653.05 9641.73 9668.49 9690.28 9725.85 9763.46 9799.44 9831.5 9854.39 9867.07 9888.67 9830.2 9854.64 9883.61 9879.17 9872.52 9862.72 9922.9 9981.62 10015.5 10000.4 9977.85 9969.36 9956.48 9968.32 9888.09 9875.88 9907.65 9906.73 9908.99 9987.09 9911.35 9933.39 9951.8 9955.17 9938.96 9901.73 9851.89 9827.88 9838.11 9836.82 9876.11 9879.19 9829.61 9781.4 9743.3 9709.71 9677.04
9626.59 9643.21 9653.47 9651.97 9644 9634.44 9627.45 9628.41 9630.99 9625.95 9615.36 9625.91 9624.7 9619.97 9602.37 9579.81 9566.7 9576.18 9615.48 9663.97 9655.95 9664.26 9675.41 9717.72 9760.77 9802.31 9844.03 9883.49 9930.25 9902.54 9862.12 9842.6 9857.07 9863.23 9842.18 9832.96 9855.97 9876.89 10034.1 10004.8 10027 10015.7 9928.67 9876.6 9835.26 9829.69 9857.47 9874.54 9857.46 9783.1 9859.69 9891.96 9884.04 9873.41 9850.64 9839.13 9823.26 9820.09 9865.01 9872.6 9858.85 9837.36 9789.04 9734.27 9708.65 9693.29 9674.84
9669.05 9688.31 9674.92 9664.62 9653.73 9642.84 9632.66 9624.64 9626.94 9631.75 9644.08 9630.43 9637.31 9603.53 9583.75 9584.31 9580.61 9584.57 9602.94 9623.54 9636.5 9640.24 9682.4 9714.83 9753.88 9796.93 9842.04 9887.15 9905.95 9901.5 9873.84 9835.26 9862.96 9846.73 9822.35 9799.33 9810.3 9797.59 9860.32 9915.04 9975.1 9993.95 9948.78 9853.38 9838.97 9843.23 9859.48 9896.47 9923.05 9792.54 9875.14 9870.44 9854.32 9848.3 9841.6 9832.98 9816.18 9825.61 9863.77 9855.36 9803.61 9774.91 9749.72 9712.97 9691.02 9677.39 9679.29
9685.98 9701.97 9687.08 9672.84 9660.01 9648.29 9638.29 9631.94 9636 9640.52 9655.57 9608.5 9479.62 9582.06 9577.59 9576.44 9579.74 9581.73 9589.11 9601.07 9614.4 9626.63 9668.02 9706.08 9745.43 9789.31 9835.86 9882.79 9918.86 9917.89 9841.39 9823.19 9837.63 9821.64 9810.23 9808.76 9798.74 9788.95 9742.62 9800.54 9824.03 9946.86 9915.82 9824.92 9806.91 9829.18 9849.58 9860.72 9856.71 9754.37 9812.04 9814.06 9811.15 9809.39 9807.56 9806.15 9803.38 9791 9818.14 9812.98 9779.37 9751.24 9731.59 9712.54 9697.98 9691.99 9681.73
9690.61 9697.61 9684.83 9669.65 9659.01 9650.14 9646.49 9651.01 9639.54 9632.78 9629.3 9611.76 9585.96 9564.55 9565.82 9578.74 9573.73 9584.3 9588.23 9594.28 9598.31 9615.68 9655.37 9693.86 9730.53 9768.17 9810.69 9854.29 9911.02 9910.53 9841.08 9809.25 9774.78 9783.28 9789.58 9789.04 9788.94 9766.89 9719.61 9755.85 9780.35 9768.39 9772.03 9782.99 9769.46 9805.21 9818.86 9787.6 9740.44 9716.77 9706.17 9738.46 9769.4 9784.81 9789.03 9783.6 9782.78 9801.74 9805.52 9783.51 9760.67 9742.17 9727.87 9713 9706.48 9704.71 9688.89
9704.16 9678.91 9671.97 9662.99 9652.57 9644.02 9638.9 9633.64 9626.25 9618.85 9617.46 9596.81 9573.42 9561.4 9564.33 9577.08 9583.58 9593.97 9591.49 9570.41 9583.09 9593.4 9635.94 9668.07 9698.3 9732.23 9769.45 9799.5 9810.43 9791.94 9799.62 9795.22 9781.31 9775.45 9775.77 9770.43 9784.82 9759.62 9735.84 9768.37 9793.05 9769.54 9771.66 9758.83 9740.2 9719.98 9720.41 9743.08 9726.79 9712.63 9704.5 9719.84 9741.72 9761.05 9775.48 9787.29 9780.73 9765.18 9812.1 9771.59 9748.6 9732.73 9726.12 9724.47 9723.84 9718.15 9710.06
9725.48 9692.52 9668.74 9657.78 9648.47 9636.26 9626.46 9618.72 9610.05 9604.38 9596.63 9596.79 9573.31 9554.04 9559.76 9563.35 9574.53 9600.33 9607.47 9598.51 9599.15 9618.72 9632.48 9651.63 9680.83 9708.63 9734.11 9751.19 9758.55 9763.74 9768.28 9775.07 9771.73 9790.78 9769.49 9753.93 9754.57 9744.59 9750.37 9783.52 9791.09 9761.43 9719.08 9731.54 9705.6 9698.77 9707.31 9731.62 9747.77 9709.45 9706.81 9712.88 9731.54 9755.2 9783.04 9803.33 9821.24 9794.26 9793.15 9749.7 9718.44 9724.69 9731.72 9739.74 9750.94 9743.37 9733.53
9734.13 9705.78 9675.27 9656.76 9640.05 9622.98 9609.11 9599.66 9598.66 9597.24 9591.49 9590.73 9575.86 9561.36 9561.45 9567.86 9583.41 9603.54 9612.73 9610.25 9606.83 9599.12 9601.18 9626.63 9653.85 9676.92 9698.37 9712.48 9723 9758.86 9758.91 9759.42 9759.81 9767.15 9757.12 9753.52 9756.35 9723.06 9724.07 9761.1 9781.78 9733.46 9727.5 9726.13 9708.29 9726.88 9745.21 9707.01 9700.21 9701.73 9700.82 9705.46 9728.64 9751.1 9775.03 9811.24 9869.52 9874.61 9743.81 9730.94 9719.8 9727.82 9741.04 9753.61 9759.46 9765.31 9767.87
9742.16 9704.73 9677.89 9660.24 9638.99 9615.63 9596.11 9594.29 9599.21 9598.59 9592.35 9584.99 9572.12 9567.45 9580.62 9584.34 9599.69 9615.77 9607.93 9619.25 9615.3 9605.21 9593.03 9611.85 9635.29 9660.2 9680.83 9699.72 9705.83 9703.05 9716.19 9726.29 9744.54 9755.59 9718.76 9710.3 9767.31 9704.19 9684.07 9694.88 9714.05 9695.78 9705.45 9708.97 9686.11 9684.87 9686.03 9679.24 9712.04 9707.95 9712.76 9723.07 9725.17 9741.87 9759.59 9774.4 9769.17 9731.75 9710.32 9717.39 9729.65 9736.49 9751.82 9770.21 9784.81 9792.56 9796.13
9771.78 9730.64 9701.3 9673.24 9645.3 9616.46 9592.63 9599.12 9610.62 9605.84 9600.8 9597.1 9583 9584.99 9592.8 9602.67 9621.62 9624.07 9632.13 9631.67 9619.9 9618 9595.12 9607.94 9625.61 9647.95 9673.38 9699.66 9727.35 9700.53 9685.32 9687.87 9686.09 9652.67 9659.74 9647.2 9634.69 9657.14 9645.8 9633.77 9644.39 9658.6 9694.4 9700.71 9691.9 9678.58 9673.45 9682.93 9697.24 9722.54 9714.81 9702.57 9714.47 9725.85 9739.36 9743.5 9722.37 9699.47 9702.81 9721.22 9727.21 9741.53 9757.78 9784.93 9829.48 9819.64 9813.16
9778.84 9748.05 9720.85 9689.13 9655.61 9624.86 9598.97 9608.74 9620.13 9610.77 9600.93 9589.65 9589.04 9603.08 9612.73 9620.21 9625.99 9612.01 9600.64 9619.46 9616.5 9612.93 9611.9 9605.56 9614.42 9632.1 9656.04 9682.32 9700.85 9695.58 9674.15 9665.14 9655.99 9659.73 9637.6 9610.12 9602.35 9608.89 9620.48 9625.58 9639.02 9665.58 9691.69 9693.98 9690.97 9680.07 9684.29 9694.24 9723.17 9718.98 9698.9 9689.12 9700.31 9713.37 9723.5 9725.82 9720.11 9705.96 9725.74 9755.19 9737.11 9749.05 9760.13 9772.84 9800.38 9824.47 9797.08
9765.37 9761.92 9747.37 9707.93 9672.2 9639.62 9617.83 9616.96 9616.4 9610.12 9600.41 9591.44 9592.94 9627.51 9627.93 9621.12 9618.84 9619.42 9611.17 9615.12 9614.41 9610.51 9596.58 9588.65 9598.91 9616.85 9640.63 9662.89 9686.44 9700.22 9656.53 9647.67 9647.76 9637.86 9621.27 9604.86 9589.99 9607.31 9608.4 9598.99 9641.15 9679.83 9696.37 9679.96 9675.51 9665.51 9688.56 9680.96 9656.69 9650.66 9659.89 9667.39 9680.53 9696.65 9714.21 9733.14 9746.32 9726.27 9761.65 9818.12 9769.05 9762.58 9762.15 9762.74 9776.43 9798.9 9721.54
9755.18 9761.96 9749.74 9716.91 9686.58 9658.75 9636.49 9626.85 9618.54 9611.77 9602.5 9597.14 9611.66 9634.2 9632.53 9611.96 9609.01 9610.74 9615.21 9615.43 9611.61 9597.46 9573.87 9567.59 9580.77 9602.09 9624.99 9648.33 9685.22 9702.47 9666.32 9646.36 9637.81 9623.87 9615.4 9604.2 9593.84 9596.64 9603.19 9604.91 9623.38 9659.84 9678.47 9657.59 9669.69 9664.75 9662.2 9644.35 9626.95 9634.55 9644.77 9649.99 9666.5 9690.21 9713.02 9737.04 9758.26 9790.81 9785.36 9834.75 9815.29 9777.66 9766.24 9773.27 9780.73 9743.26 9584.59
9753.45 9761.3 9749.09 9719.37 9697.41 9679.2 9662.51 9647.72 9622.72 9618.97 9602.89 9591.71 9600.78 9604.22 9602.49 9601.83 9608.38 9611.71 9621.68 9609.28 9593.92 9567.36 9535.62 9540.85 9559.98 9584.23 9609.8 9634.73 9656.87 9671.06 9659.73 9651.74 9637.35 9622.53 9619.54 9618.28 9597.76 9601.06 9604.22 9606.33 9613 9618.28 9616.23 9659.69 9674.62 9665.94 9661.92 9685.71 9644.25 9645.29 9650.55 9650.93 9663.37 9684.46 9707.32 9732.79 9762.89 9790.16 9775.18 9793.56 9812.5 9781.08 9744.92 9733.06 9685.58 9594.3 9390
9751.76 9747.04 9732.22 9715.58 9703.04 9694.57 9686.12 9669.05 9661.85 9635.93 9609.98 9586.09 9573.44 9571.34 9573.94 9574.55 9600.07 9612.34 9618.72 9591.16 9558.89 9540.11 9524.36 9521.59 9545.39 9572.56 9600.83 9624.82 9637.3 9649.28 9670.39 9661.38 9642.91 9617.45 9615.06 9613.54 9606.73 9613.31 9608.19 9604.59 9604.56 9602.93 9598.07 9683.67 9674.41 9646.04 9640.76 9667.37 9655.34 9654.2 9657.39 9655.78 9665.79 9682.08 9698.96 9722.62 9763.41 9788.99 9766.3 9761.51 9805.2 9765.1 9684.59 9582.37 9464.1 9294.55 9158.22
9750.71 9747.57 9752 9716.52 9706.36 9699.65 9688.04 9672.27 9663.12 9642.15 9622.19 9605.56 9580.55 9567.33 9558.53 9575.73 9587.8 9604.09 9588.68 9562.45 9535.44 9527.07 9527.65 9516.88 9539.49 9566.35 9592.96 9620.49 9635.04 9650.82 9670.85 9667.72 9651.83 9636.29 9619.41 9618.88 9619.77 9625.75 9606.88 9592.66 9598.14 9609.57 9639.97 9666.93 9669.2 9655.92 9655.42 9639.11 9645.53 9653.31 9661.09 9667.95 9677.06 9681.48 9691.83 9708.35 9742.61 9788.8 9789.72 9762.24 9838.06 9725.38 9583.39 9437.3 9230.36 9004.97 8969.88
9753.07 9771.13 9758.13 9719.47 9703.13 9691.31 9677.96 9662.53 9644.04 9637.61 9645.47 9628.01 9614.65 9579.39 9560.37 9556.34 9562.99 9562.14 9541.55 9531.38 9525.06 9515.44 9513.93 9519.74 9539.29 9558.72 9580.58 9606.17 9632.19 9650.39 9689.77 9667.93 9658.29 9652.85 9643.16 9623.77 9622.31 9595.25 9602.75 9597.89 9596.13 9613.34 9630.98 9637.61 9660.9 9661.67 9673.25 9666.05 9650.56 9656.84 9661.03 9671.3 9682.85 9679.43 9685.61 9701.18 9754.19 9806.61 9844.23 9847.77 9822.19 9635.52 9441.68 9244.52 9042.16 8906.38 8892.67
