real_craters/C185-750m.grd
DSAA
215 215
-80.185 80.185
-80.185 80.185
7926.9729851511 10324.898374411
[rows 37 to 73 of 215, columns 84 to 167 of 215]
9268 9264 9256 9272 9260 9262 9263 9263 9263 9262 9260 9257 9257 9249 9238 9229 9221 9222 9206 9210 9221 9243 9247 9244 9251 9251 9244 9235 9224 9214 9214 9201 9197 9201 9207 9211 9207 9206 9210 9211 9219 9230 9222 9223 9222 9222 9222 9222 9225 9240 9249 9255 9259 9261 9256 9239 9221 9212 9207 9209 9205 9201 9197 9195 9195 9195 9204 9205 9212 9222 9226 9223 9217 9213 9211 9207 9195 9194 9198 9180 9170 9163 9164 9167
9269 9260 9255 9265 9260 9260 9261 9263 9264 9265 9263 9257 9248 9242 9234 9227 9220 9212 9225 9235 9243 9253 9261 9257 9263 9249 9238 9234 9231 9230 9226 9210 9199 9204 9208 9211 9211 9209 9211 9213 9226 9242 9237 9227 9222 9223 9225 9224 9226 9241 9247 9253 9257 9260 9259 9237 9221 9226 9249 9225 9213 9204 9197 9193 9194 9198 9201 9203 9208 9218 9222 9216 9211 9207 9203 9196 9190 9197 9212 9185 9179 9180 9177 9175
9268 9259 9259 9264 9264 9261 9261 9263 9265 9268 9271 9268 9250 9235 9231 9225 9221 9212 9227 9253 9263 9270 9287 9365 9267 9240 9237 9241 9247 9249 9244 9226 9215 9212 9214 9222 9223 9218 9218 9222 9243 9250 9240 9229 9224 9225 9226 9225 9226 9233 9244 9249 9252 9253 9248 9233 9223 9229 9227 9222 9210 9201 9196 9192 9195 9201 9205 9206 9207 9215 9218 9213 9207 9203 9198 9191 9186 9192 9211 9207 9193 9196 9194 9183
9271 9264 9267 9276 9273 9263 9261 9262 9264 9267 9272 9279 9263 9236 9228 9225 9220 9220 9238 9258 9267 9285 9305 9137 9182 9210 9227 9241 9252 9255 9248 9235 9225 9222 9220 9224 9230 9233 9230 9245 9259 9250 9240 9230 9217 9222 9226 9227 9229 9240 9245 9248 9248 9247 9241 9231 9220 9217 9216 9209 9200 9197 9195 9195 9198 9206 9217 9213 9210 9216 9215 9210 9204 9200 9193 9185 9179 9181 9193 9205 9204 9201 9199 9193
9276 9271 9272 9279 9281 9267 9262 9260 9260 9260 9262 9267 9263 9226 9230 9229 9225 9224 9253 9265 9260 9237 9164 9139 9158 9192 9221 9242 9259 9265 9245 9231 9236 9229 9227 9229 9227 9244 9247 9255 9263 9257 9246 9236 9223 9219 9229 9231 9236 9246 9245 9242 9242 9240 9238 9231 9220 9216 9202 9182 9186 9190 9193 9196 9196 9198 9211 9210 9206 9213 9210 9205 9198 9193 9187 9180 9174 9174 9178 9187 9185 9186 9183 9185
9289 9281 9273 9284 9282 9268 9262 9259 9257 9255 9251 9253 9257 9249 9239 9238 9232 9226 9265 9272 9258 9224 9173 9155 9162 9194 9227 9250 9266 9271 9247 9226 9232 9230 9227 9225 9230 9240 9257 9254 9252 9257 9246 9241 9235 9219 9226 9234 9240 9242 9234 9232 9232 9232 9231 9226 9223 9218 9181 9172 9182 9187 9191 9193 9193 9193 9200 9201 9202 9205 9206 9203 9197 9191 9185 9180 9175 9174 9173 9175 9173 9173 9173 9185
9301 9258 9267 9272 9279 9267 9261 9258 9256 9253 9251 9251 9256 9248 9246 9241 9232 9226 9256 9275 9266 9245 9216 9193 9191 9219 9242 9260 9273 9278 9257 9232 9232 9230 9228 9229 9232 9250 9254 9248 9249 9260 9246 9241 9237 9222 9222 9233 9237 9225 9218 9218 9220 9223 9226 9225 9215 9206 9200 9191 9186 9188 9192 9194 9194 9193 9194 9194 9199 9205 9206 9201 9195 9188 9182 9182 9180 9176 9172 9173 9174 9172 9177 9186
9292 9292 9267 9270 9269 9264 9258 9256 9256 9255 9251 9249 9251 9255 9250 9244 9237 9231 9248 9277 9277 9276 9295 9278 9266 9261 9261 9269 9276 9282 9267 9250 9234 9231 9232 9233 9233 9243 9249 9246 9241 9238 9237 9233 9231 9227 9218 9222 9234 9220 9203 9205 9211 9216 9219 9219 9209 9200 9193 9191 9190 9190 9192 9194 9194 9192 9193 9194 9197 9201 9204 9197 9190 9184 9183 9185 9189 9178 9172 9174 9174 9174 9180 9194
9279 9284 9274 9268 9266 9251 9253 9255 9257 9259 9260 9252 9249 9256 9253 9247 9242 9234 9244 9277 9283 9288 9290 9310 9307 9290 9279 9276 9273 9267 9254 9243 9235 9233 9236 9237 9236 9241 9245 9244 9239 9236 9235 9233 9235 9222 9222 9226 9231 9211 9194 9200 9207 9213 9215 9211 9205 9195 9192 9192 9192 9193 9193 9193 9193 9192 9192 9193 9191 9194 9195 9191 9186 9182 9182 9183 9183 9174 9173 9174 9174 9176 9183 9202
9281 9277 9268 9263 9269 9254 9253 9256 9260 9264 9265 9259 9262 9260 9254 9249 9246 9241 9247 9276 9284 9292 9300 9309 9313 9302 9289 9277 9264 9248 9242 9250 9246 9238 9237 9240 9245 9243 9244 9247 9241 9237 9240 9238 9237 9232 9229 9237 9226 9204 9196 9201 9207 9215 9218 9214 9204 9192 9192 9192 9193 9193 9193 9193 9193 9192 9193 9192 9191 9192 9188 9187 9185 9183 9181 9180 9179 9175 9175 9174 9174 9177 9190 9206
9287 9267 9265 9267 9269 9258 9255 9259 9265 9271 9271 9274 9274 9272 9265 9252 9248 9244 9245 9261 9274 9291 9314 9309 9314 9303 9289 9275 9261 9243 9232 9262 9256 9242 9241 9242 9244 9243 9249 9254 9246 9240 9240 9239 9235 9234 9240 9239 9217 9206 9204 9205 9209 9217 9224 9229 9205 9191 9191 9191 9194 9195 9194 9193 9192 9191 9192 9191 9191 9191 9188 9186 9185 9184 9181 9179 9178 9175 9174 9173 9173 9176 9189 9204
9294 9289 9282 9277 9278 9265 9260 9264 9269 9277 9285 9285 9288 9294 9286 9260 9252 9249 9253 9248 9260 9272 9286 9290 9294 9289 9282 9272 9264 9258 9266 9262 9254 9246 9246 9246 9245 9243 9250 9262 9258 9249 9243 9238 9238 9254 9278 9260 9228 9217 9204 9205 9211 9219 9224 9220 9197 9192 9191 9191 9197 9201 9201 9198 9192 9193 9193 9191 9192 9190 9188 9187 9185 9184 9182 9180 9177 9175 9173 9173 9173 9176 9185 9193
9283 9299 9290 9289 9274 9268 9266 9269 9273 9277 9283 9291 9299 9301 9295 9274 9253 9252 9252 9247 9256 9257 9261 9277 9271 9277 9277 9274 9270 9269 9269 9258 9250 9249 9248 9251 9254 9256 9255 9267 9273 9261 9249 9242 9254 9277 9289 9280 9260 9232 9206 9202 9212 9218 9219 9206 9193 9192 9192 9200 9206 9207 9208 9207 9205 9200 9197 9197 9195 9189 9188 9186 9185 9184 9184 9181 9177 9176 9174 9173 9174 9176 9181 9187
9273 9306 9295 9292 9279 9277 9277 9277 9276 9276 9280 9286 9302 9311 9301 9273 9255 9254 9255 9266 9263 9261 9265 9276 9279 9274 9275 9274 9273 9271 9266 9259 9252 9251 9252 9258 9266 9269 9272 9268 9272 9262 9255 9257 9264 9288 9289 9273 9255 9236 9207 9205 9215 9221 9224 9214 9194 9192 9192 9199 9205 9208 9213 9210 9208 9204 9205 9205 9202 9191 9189 9187 9185 9183 9181 9180 9177 9176 9175 9174 9175 9178 9183 9190
9274 9300 9290 9284 9284 9288 9290 9284 9279 9276 9278 9284 9297 9313 9309 9284 9269 9261 9259 9265 9268 9267 9271 9278 9281 9277 9276 9276 9276 9275 9272 9263 9253 9254 9255 9263 9272 9279 9274 9276 9277 9272 9268 9267 9280 9283 9276 9260 9248 9241 9225 9220 9223 9226 9229 9222 9211 9200 9194 9195 9199 9204 9205 9206 9204 9203 9203 9204 9203 9194 9191 9186 9184 9183 9181 9178 9177 9176 9176 9176 9176 9178 9185 9193
9280 9305 9291 9292 9294 9295 9296 9289 9284 9280 9282 9287 9298 9308 9302 9296 9288 9283 9275 9278 9277 9271 9275 9282 9286 9281 9278 9278 9278 9277 9275 9268 9261 9257 9261 9269 9278 9281 9291 9293 9291 9287 9282 9278 9290 9277 9260 9243 9245 9254 9260 9246 9236 9231 9226 9221 9214 9203 9196 9196 9200 9203 9205 9203 9204 9203 9204 9206 9208 9208 9196 9186 9183 9182 9180 9178 9176 9176 9177 9177 9176 9178 9186 9198
9286 9308 9290 9287 9295 9298 9296 9290 9287 9289 9291 9296 9302 9305 9308 9306 9304 9303 9290 9283 9279 9274 9280 9286 9289 9284 9280 9280 9280 9279 9275 9267 9261 9258 9265 9277 9289 9301 9307 9303 9295 9295 9289 9280 9270 9255 9249 9241 9250 9261 9273 9259 9245 9234 9224 9218 9217 9207 9202 9200 9202 9204 9206 9205 9204 9207 9216 9217 9213 9208 9201 9190 9183 9182 9181 9179 9177 9177 9178 9178 9175 9177 9188 9205
9289 9301 9296 9288 9298 9303 9296 9291 9288 9290 9303 9305 9310 9313 9311 9307 9308 9309 9294 9284 9279 9281 9288 9295 9298 9290 9284 9283 9282 9283 9283 9281 9265 9260 9272 9288 9302 9314 9313 9310 9302 9298 9299 9288 9262 9253 9250 9252 9252 9260 9263 9259 9249 9239 9229 9221 9212 9207 9203 9214 9205 9205 9207 9211 9216 9215 9216 9213 9215 9218 9210 9194 9185 9184 9182 9179 9177 9178 9181 9176 9175 9178 9193 9212
9297 9297 9304 9292 9300 9303 9297 9295 9295 9300 9325 9328 9322 9315 9311 9307 9303 9300 9294 9289 9288 9288 9299 9308 9309 9302 9290 9286 9285 9284 9284 9279 9271 9272 9287 9302 9315 9325 9327 9317 9304 9301 9303 9288 9269 9262 9253 9250 9252 9258 9262 9263 9252 9242 9234 9224 9215 9208 9205 9205 9205 9206 9209 9210 9214 9211 9212 9213 9221 9229 9221 9203 9191 9188 9185 9182 9181 9182 9178 9176 9176 9179 9190 9211
9303 9306 9309 9303 9309 9315 9306 9303 9307 9319 9336 9339 9329 9321 9319 9311 9302 9297 9300 9303 9300 9305 9314 9323 9324 9309 9296 9290 9287 9284 9280 9276 9279 9289 9304 9316 9327 9336 9337 9316 9307 9299 9286 9286 9278 9261 9254 9257 9259 9263 9268 9268 9255 9242 9232 9226 9221 9215 9216 9207 9204 9206 9210 9213 9213 9213 9215 9217 9227 9237 9231 9211 9196 9192 9190 9185 9191 9181 9177 9176 9178 9183 9193 9213
9306 9322 9322 9314 9320 9323 9314 9310 9317 9327 9334 9332 9328 9324 9318 9312 9309 9306 9307 9313 9320 9318 9328 9340 9345 9320 9302 9295 9291 9286 9282 9281 9293 9310 9325 9329 9335 9342 9336 9315 9305 9289 9270 9282 9276 9261 9256 9269 9270 9270 9271 9263 9252 9243 9233 9226 9221 9217 9212 9208 9208 9209 9215 9217 9217 9223 9230 9234 9239 9245 9239 9218 9201 9194 9192 9190 9190 9187 9180 9177 9181 9192 9206 9229
9305 9328 9331 9328 9330 9330 9318 9313 9323 9329 9329 9327 9325 9322 9314 9320 9315 9312 9315 9319 9325 9328 9340 9353 9355 9321 9303 9303 9298 9292 9288 9286 9301 9327 9327 9335 9341 9342 9335 9307 9296 9279 9270 9283 9279 9263 9261 9273 9277 9279 9272 9257 9249 9246 9242 9231 9225 9223 9216 9213 9213 9218 9223 9225 9222 9231 9245 9248 9249 9251 9245 9223 9201 9195 9196 9196 9194 9191 9183 9178 9184 9201 9227 9254
9305 9313 9320 9338 9336 9331 9324 9321 9326 9330 9327 9326 9324 9320 9318 9331 9321 9319 9322 9328 9330 9338 9351 9364 9365 9346 9333 9320 9311 9303 9299 9296 9313 9343 9343 9348 9348 9344 9329 9312 9292 9277 9274 9276 9286 9278 9271 9276 9285 9281 9272 9261 9249 9246 9243 9237 9231 9227 9223 9222 9221 9223 9230 9233 9226 9238 9250 9248 9255 9257 9250 9228 9205 9196 9198 9202 9202 9195 9186 9180 9185 9205 9233 9257
9306 9310 9318 9330 9334 9339 9338 9331 9330 9335 9337 9333 9328 9323 9322 9327 9327 9328 9330 9330 9331 9347 9362 9375 9384 9368 9346 9333 9321 9315 9314 9319 9336 9352 9368 9368 9357 9349 9342 9322 9293 9278 9279 9284 9291 9295 9282 9277 9281 9276 9271 9264 9248 9241 9239 9239 9233 9225 9228 9231 9231 9231 9232 9230 9233 9250 9260 9259 9263 9265 9259 9237 9209 9197 9198 9203 9204 9198 9189 9182 9185 9202 9222 9237
9304 9323 9326 9320 9329 9339 9342 9340 9335 9339 9341 9337 9333 9332 9328 9335 9339 9339 9339 9338 9335 9358 9370 9381 9389 9376 9356 9339 9330 9325 9327 9337 9362 9364 9374 9374 9361 9352 9354 9327 9304 9291 9291 9289 9293 9305 9285 9275 9277 9276 9268 9256 9246 9241 9240 9243 9238 9233 9235 9238 9241 9237 9238 9233 9242 9252 9265 9272 9274 9275 9271 9248 9216 9201 9204 9204 9207 9202 9192 9185 9185 9198 9214 9221
9304 9334 9328 9321 9327 9338 9343 9342 9341 9348 9342 9339 9337 9336 9332 9344 9348 9351 9354 9354 9345 9361 9373 9381 9383 9372 9346 9340 9337 9331 9328 9327 9319 9328 9347 9366 9371 9369 9368 9344 9317 9314 9307 9293 9304 9311 9285 9277 9278 9274 9266 9255 9246 9245 9244 9243 9242 9243 9245 9247 9247 9251 9249 9243 9249 9257 9282 9279 9282 9284 9283 9265 9233 9218 9224 9226 9213 9204 9194 9186 9188 9198 9210 9221
9303 9313 9317 9320 9328 9339 9347 9347 9353 9357 9349 9345 9341 9339 9347 9363 9357 9363 9372 9381 9383 9376 9380 9381 9379 9372 9361 9350 9345 9337 9328 9318 9311 9315 9345 9380 9375 9375 9376 9340 9313 9309 9299 9298 9307 9301 9282 9282 9283 9276 9266 9259 9252 9252 9248 9244 9246 9249 9253 9256 9257 9256 9248 9242 9252 9263 9277 9281 9283 9286 9290 9281 9258 9250 9247 9251 9224 9207 9196 9189 9190 9199 9208 9211
9304 9310 9317 9323 9331 9342 9351 9354 9361 9362 9357 9353 9351 9355 9371 9366 9363 9378 9392 9407 9418 9406 9390 9384 9378 9372 9381 9371 9361 9355 9338 9322 9318 9325 9357 9389 9390 9372 9359 9332 9310 9303 9299 9300 9304 9305 9292 9292 9294 9281 9270 9268 9266 9267 9254 9246 9250 9256 9262 9269 9269 9254 9244 9248 9254 9269 9273 9278 9279 9279 9278 9270 9255 9245 9253 9252 9225 9210 9197 9190 9193 9202 9207 9210
9317 9324 9324 9326 9334 9347 9353 9356 9366 9372 9361 9362 9366 9372 9379 9382 9384 9392 9405 9420 9431 9406 9393 9392 9389 9389 9390 9376 9389 9386 9365 9332 9319 9339 9378 9411 9395 9374 9341 9317 9304 9302 9302 9308 9308 9312 9310 9304 9297 9285 9278 9279 9272 9275 9260 9251 9255 9260 9263 9262 9256 9255 9253 9251 9263 9273 9275 9276 9272 9265 9255 9240 9243 9243 9250 9247 9215 9205 9195 9190 9193 9202 9210 9216
9340 9334 9328 9334 9345 9358 9368 9362 9372 9373 9369 9370 9375 9382 9390 9401 9407 9400 9409 9420 9414 9393 9399 9414 9418 9402 9426 9426 9457 9456 9425 9376 9332 9354 9395 9426 9427 9390 9334 9309 9305 9303 9303 9314 9327 9321 9323 9313 9300 9292 9292 9289 9280 9272 9267 9261 9261 9263 9267 9258 9258 9258 9259 9258 9272 9279 9278 9272 9266 9257 9247 9238 9238 9239 9245 9239 9205 9194 9191 9190 9193 9201 9209 9216
9325 9326 9330 9337 9347 9369 9392 9382 9377 9382 9379 9380 9382 9394 9421 9434 9388 9407 9411 9409 9399 9396 9428 9469 9494 9519 9580 9597 9576 9553 9524 9481 9422 9400 9397 9419 9429 9393 9331 9311 9307 9308 9320 9317 9325 9333 9333 9319 9307 9306 9318 9306 9288 9280 9276 9271 9267 9263 9254 9257 9259 9264 9261 9267 9288 9288 9276 9266 9258 9250 9244 9241 9239 9238 9236 9223 9202 9195 9191 9191 9193 9201 9207 9210
9327 9331 9335 9342 9352 9376 9397 9397 9386 9385 9390 9393 9399 9410 9430 9443 9451 9437 9439 9420 9440 9474 9518 9557 9586 9637 9696 9728 9684 9647 9623 9618 9579 9506 9413 9423 9421 9396 9342 9340 9326 9316 9331 9327 9321 9337 9329 9320 9314 9315 9338 9325 9304 9298 9290 9282 9275 9268 9266 9262 9270 9281 9263 9270 9284 9277 9267 9259 9253 9247 9241 9236 9235 9236 9232 9216 9205 9196 9192 9192 9195 9203 9207 9208
9339 9340 9346 9354 9365 9383 9400 9405 9398 9392 9404 9414 9415 9420 9436 9438 9434 9477 9518 9544 9590 9642 9666 9653 9660 9686 9723 9744 9739 9709 9685 9671 9639 9573 9515 9473 9441 9454 9467 9452 9438 9402 9364 9336 9340 9333 9336 9328 9328 9338 9347 9338 9326 9317 9307 9296 9285 9275 9264 9269 9275 9273 9268 9268 9281 9280 9264 9257 9251 9245 9237 9230 9230 9242 9248 9226 9200 9197 9193 9193 9195 9203 9206 9209
9369 9364 9366 9369 9374 9387 9405 9417 9404 9397 9428 9457 9466 9479 9471 9463 9492 9547 9617 9695 9727 9758 9745 9717 9706 9712 9730 9775 9768 9736 9707 9677 9641 9596 9561 9539 9529 9528 9531 9550 9565 9508 9455 9399 9369 9355 9346 9347 9350 9345 9345 9346 9339 9325 9316 9306 9295 9286 9280 9277 9275 9270 9271 9278 9288 9279 9265 9258 9251 9245 9238 9231 9231 9235 9230 9217 9213 9201 9195 9194 9195 9198 9206 9216
9384 9392 9390 9382 9376 9386 9406 9434 9438 9435 9480 9523 9578 9553 9529 9545 9587 9623 9670 9731 9749 9758 9755 9740 9726 9719 9725 9752 9763 9745 9715 9678 9662 9635 9599 9592 9592 9573 9575 9542 9527 9534 9521 9475 9474 9461 9424 9407 9392 9373 9370 9368 9351 9328 9328 9317 9307 9297 9288 9284 9279 9278 9277 9285 9290 9276 9270 9263 9256 9249 9241 9236 9233 9235 9235 9225 9210 9203 9199 9196 9196 9200 9212 9233
9399 9429 9411 9398 9389 9392 9410 9458 9484 9530 9551 9565 9569 9579 9579 9597 9646 9668 9674 9693 9727 9733 9750 9743 9733 9724 9725 9741 9761 9750 9730 9711 9705 9693 9665 9627 9574 9566 9551 9535 9526 9528 9516 9514 9538 9525 9504 9480 9439 9424 9416 9404 9388 9352 9335 9331 9322 9312 9303 9297 9293 9291 9286 9281 9274 9271 9270 9266 9260 9255 9249 9244 9241 9238 9233 9220 9212 9205 9200 9199 9198 9202 9218 9242
9413 9423 9419 9411 9403 9402 9414 9457 9530 9612 9620 9627 9637 9642 9646 9648 9656 9690 9707 9716 9750 9759 9750 9749 9746 9734 9722 9730 9763 9759 9753 9749 9765 9775 9770 9744 9674 9589 9546 9542 9537 9519 9509 9509 9523 9500 9493 9477 9453 9443 9437 9428 9414 9372 9360 9358 9346 9330 9315 9310 9300 9297 9285 9272 9273 9277 9276 9273 9270 9264 9258 9252 9245 9238 9231 9220 9216 9212 9207 9207 9206 9207 9226 9247
