real_craters/C185-300m.grd
DSAA
536 536
-80.185 80.185
-80.185 80.185
7923.1937797902 10353.895070342
[rows 60 to 89 of 536, columns 134 to 200 of 536]
9265.46 9267.26 9271.09 9277.67 9287.78 9302.49 9321.48 9325.87 9305.34 9287.61 9276.14 9264.91 9257.15 9251.03 9246.19 9243.03 9241.69 9240.63 9239.54 9238.86 9239.72 9242.82 9245.9 9248.75 9251.75 9254.55 9257.22 9259.64 9261.95 9263.74 9265.33 9265.69 9278.08 9274.62 9275.72 9265.63 9258.41 9254.55 9252.71 9252.36 9254.18 9257.89 9262.65 9267.26 9271.38 9275.4 9279.02 9282.38 9284.91 9285.7 9285.29 9284.78 9283.49 9279.37 9274.82 9268.92 9262.77 9256.73 9250.82 9242.56 9234.83 9231.27 9229.4 9228.01 9226.4 9225.32 9228.07
9262.53 9263.17 9265.2 9269.19 9275.91 9288.82 9314.08 9329.13 9328.96 9307.05 9283.34 9269.38 9260.76 9254.64 9249.3 9246.05 9245.17 9243.74 9242.47 9241.67 9242.58 9244.84 9247.22 9249.74 9252.18 9255.18 9257.62 9258.91 9259.93 9260.96 9259.69 9258.17 9268.8 9278.79 9284.06 9271.59 9263.63 9259.01 9256.72 9256 9257.31 9262.22 9268.02 9273.59 9277.48 9279.67 9281.63 9283.43 9284.54 9285.24 9285.17 9284.87 9282.46 9277.93 9271.86 9265.64 9259.5 9253.6 9247.25 9239.51 9232.73 9230.29 9228.75 9227.56 9224.55 9224.38 9229.73
9259.35 9257.52 9256.67 9256.21 9255.47 9255.8 9257.88 9265.87 9268.97 9284.87 9272.11 9264.68 9259.98 9256.36 9252.51 9248.84 9247.69 9246.71 9245.32 9245.5 9246.43 9247.63 9249.58 9251.97 9253.78 9255.79 9257.41 9258.42 9258.78 9257.63 9257.06 9259.05 9261.83 9265.73 9267.02 9266.65 9263.01 9260.19 9258.91 9259.7 9261.98 9265.92 9272.38 9279.83 9282.74 9282.67 9283.26 9284.17 9284.93 9285.08 9284.51 9282.71 9279.97 9275.25 9268.78 9261.78 9255.75 9251.16 9244.73 9238 9233.04 9229.99 9228.28 9227.19 9224.05 9225.55 9231.92
9255.28 9251.92 9247.37 9242.05 9234.36 9223.52 9206.21 9210.22 9222.9 9235.49 9250.14 9255.57 9258.28 9258.61 9257.5 9255.35 9252.01 9248.96 9247.67 9247.29 9248.16 9249.62 9250.82 9252.36 9253.86 9254.5 9255.59 9256.43 9256.64 9255.94 9253.95 9252.33 9254.84 9257.22 9259.22 9260.09 9260.13 9259.71 9259.63 9260.44 9263.06 9267.01 9272.76 9281.62 9283.58 9282.91 9283.48 9284.23 9284.75 9284.62 9283.85 9281.28 9277.86 9272.57 9265.95 9258.76 9252.94 9250.13 9248.41 9238.98 9232.76 9229.54 9227.61 9226.69 9225.14 9228.11 9234.15
9254.32 9247.62 9241.19 9232.21 9220.22 9207.3 9196.11 9194.68 9206.4 9218.79 9237.23 9251.09 9258.74 9263.05 9264.19 9264.32 9258.54 9251.3 9250.62 9250.7 9251.75 9252.27 9252.7 9253.91 9255.07 9255.69 9256.68 9257.45 9257.74 9257 9254.88 9252.01 9250.37 9247.97 9250.61 9254.76 9257.49 9259.05 9260.2 9261.3 9264.01 9266.87 9268.56 9271.09 9276.53 9280.59 9282.83 9283.83 9283.83 9283.71 9283.39 9281.48 9276.74 9270.73 9263.75 9256.54 9250.55 9247.37 9245.39 9237.51 9231.84 9228.47 9226.62 9225.61 9227.08 9230.22 9235.55
9253.61 9247.57 9240.59 9230.14 9215.51 9201.32 9188.92 9184.22 9191.46 9214.47 9235.8 9251.63 9261.81 9267.65 9270.64 9272 9266.69 9257.17 9255.48 9254.91 9254.86 9254.85 9254.52 9255.01 9255.69 9257.27 9258.63 9259.54 9260.25 9259.95 9260.41 9257.66 9251.52 9246.78 9248.4 9252.65 9256.31 9259.15 9261.51 9264.2 9266.87 9269.04 9268.04 9263.33 9273.19 9279.83 9282.84 9283.9 9283.78 9283.36 9282.5 9280.16 9275.72 9269.26 9262.04 9254.7 9248.2 9243.83 9239.31 9231.48 9228.88 9226.95 9225.54 9224.52 9226.77 9230.21 9235.54
9254.4 9250.11 9242.82 9230.99 9218.49 9204 9191.44 9186.5 9194.28 9219 9242.13 9258.73 9269.24 9274.08 9277.16 9277.5 9273.09 9265.26 9262.05 9259.79 9258.04 9257.2 9256.06 9255.68 9256.01 9256.84 9257.88 9259.47 9260.99 9262.93 9263.93 9260.69 9253.79 9248.18 9249.84 9253.72 9257.77 9261.22 9264.02 9266.8 9271.29 9275.41 9278.33 9278.72 9280.89 9283.14 9284.44 9284.78 9284.44 9283.47 9281.23 9278.04 9274.08 9267.64 9260.42 9253.25 9246.68 9241.67 9235.62 9231.38 9227.46 9225.81 9224.79 9224.02 9225.43 9229.5 9234.9
9258.87 9253.03 9246.68 9235.72 9225 9214.17 9205.33 9202.62 9209.68 9231.28 9257.44 9272.64 9279.97 9282.85 9283.27 9282.07 9278.3 9273.27 9269.12 9265.38 9262.16 9258.83 9257.19 9256.78 9257.01 9257.83 9258.98 9260.8 9262.48 9264.19 9265.86 9262.92 9256.4 9251.8 9253.21 9256.69 9260.75 9264.64 9267.94 9271.46 9276.89 9282.88 9290.17 9295.14 9290 9287.76 9286.77 9285.96 9284.91 9283.4 9280.78 9276.64 9271.97 9265.85 9258.87 9251.89 9245.67 9240.88 9235.36 9227.39 9226.26 9225.23 9224.52 9224.21 9224.85 9228.86 9234.42
9263.97 9258.27 9255.1 9250.1 9242.33 9232.18 9224.06 9223.5 9230.08 9256.71 9285.55 9292.36 9292.47 9290.76 9289.13 9286.54 9283.9 9281.14 9274.91 9269.7 9265.37 9259.4 9257.52 9256.96 9257.22 9258.01 9259.19 9260.82 9262.52 9264.02 9264.11 9262.84 9258.28 9255.87 9257.66 9261.17 9265.44 9269.74 9273.72 9277.53 9282.24 9287.47 9293.24 9296.01 9293.22 9290.44 9288.4 9286.8 9285.13 9283.37 9281.18 9276.83 9270.39 9264.25 9257.39 9250.6 9244.23 9239.71 9235.3 9229.99 9226.8 9225.37 9224.61 9224.37 9224.68 9228.43 9234.6
9269.65 9268.64 9268.22 9268.23 9266.54 9258.71 9249.68 9245.72 9260.59 9292.86 9318.09 9311.39 9303.87 9297.95 9293.07 9289.35 9285.63 9282.21 9276.5 9271.1 9265.52 9260.1 9257.38 9256.5 9256.56 9257.8 9259 9260.55 9262.15 9263.57 9263.97 9261.63 9259.78 9259.25 9262.49 9266.19 9270.58 9275.33 9280.24 9283.94 9286.44 9289.42 9291.96 9293.27 9292.75 9290.95 9288.95 9287.05 9285.12 9283.34 9281.57 9277.11 9269.91 9262.92 9256.06 9249.5 9243.42 9239.14 9235.39 9231.77 9228.09 9225.89 9224.77 9224.72 9224.84 9227.94 9235.3
9275.15 9277.28 9280.41 9286.6 9295.37 9302.1 9292.18 9281.64 9302.1 9334.82 9334.82 9318.05 9307.69 9300.24 9294.5 9289.64 9284.47 9279.63 9275.75 9271.15 9264.92 9259.75 9256.88 9256.1 9256.39 9257.32 9258.77 9259.98 9261.55 9262.78 9262.62 9261.83 9263.95 9265.63 9268.17 9271.58 9275.68 9280.28 9285.2 9288.06 9289.11 9290.25 9291.05 9291.62 9291.53 9290.35 9288.71 9286.78 9284.68 9282.5 9280.09 9275.73 9268.28 9261.48 9254.74 9248.31 9242.44 9237.04 9233.03 9230.47 9227.94 9225.89 9224.4 9223.78 9224.72 9227.63 9236.29
9279.44 9282.94 9288.47 9297.55 9313.49 9336.63 9330.37 9321.71 9323.05 9329.37 9315.79 9309.27 9303.06 9297.9 9293.32 9289.4 9285.45 9281.37 9277.31 9272.21 9266.07 9258.65 9256.24 9255.96 9256.54 9257.25 9258.34 9259.78 9260.95 9261.79 9263.29 9265.66 9269.42 9271.64 9273.56 9276.59 9280.18 9283.99 9287.54 9289.73 9290.55 9290.76 9290.28 9290.57 9290.37 9289.33 9287.87 9286.01 9283.87 9281.16 9278.15 9274.58 9267.57 9260.08 9253.28 9246.94 9241 9234.65 9231.67 9229.59 9227.51 9225.74 9224.44 9224.25 9224.44 9226.8 9237.38
9282.12 9285.32 9290.07 9297.65 9307.96 9319.28 9321.73 9320.37 9314.29 9306.93 9294.81 9295.14 9294.22 9292.45 9290.17 9288.05 9286.23 9284.52 9280.58 9273.8 9266.38 9258.15 9256.4 9256.53 9257.05 9257.84 9258.59 9259.87 9260.87 9262.35 9266.26 9269.56 9272.75 9275.3 9277.84 9280.87 9284.04 9287.07 9289.33 9290.98 9291.6 9291.51 9290.6 9290.33 9289.64 9288.43 9286.85 9284.95 9282.91 9280.73 9278.26 9274.04 9265.74 9258.31 9251.79 9245.66 9240.06 9235.32 9231.79 9229.35 9227.35 9225.77 9224.68 9224.73 9224.56 9226.7 9238.88
9282.17 9284.53 9287.76 9290.97 9292.35 9291.71 9293.99 9295.43 9295.8 9289.43 9283.04 9283.83 9285.54 9286.34 9286.16 9285.33 9283.74 9283.35 9281.82 9274.28 9267.55 9261.12 9258.44 9258.02 9258.4 9259.01 9259.53 9260.36 9261.32 9263.15 9267.71 9271.31 9273.08 9277.81 9281.6 9284.73 9287.55 9290.05 9291.91 9292.58 9292.6 9292.3 9292.03 9290.44 9289.12 9287.63 9285.9 9283.8 9281.88 9279.74 9277.05 9272.14 9263.64 9256.71 9250.48 9244.33 9238.98 9234.82 9231.37 9228.9 9227.04 9225.63 9224.88 9225.52 9225.33 9227.8 9240.13
9281.18 9283.04 9284.49 9284.37 9282.31 9279.01 9280.56 9282.43 9282.68 9277.9 9273.68 9275.89 9278.86 9280.43 9281.89 9282.35 9282.2 9281 9276.75 9272.05 9268.29 9264.57 9261.11 9260.24 9260.34 9260.75 9261.21 9261.78 9262.53 9264.03 9268.65 9274.26 9278.11 9282.24 9285.65 9288.48 9290.78 9292.69 9294.02 9293.96 9293.44 9292.4 9290.89 9289.88 9288.27 9286.57 9284.58 9282.45 9280.3 9277.58 9274.34 9270.03 9263.51 9256.59 9249.69 9243 9237.23 9234.2 9230.94 9228.65 9226.93 9225.54 9224.59 9225.49 9225.73 9228.11 9239.24
9280.07 9281.15 9281.83 9281.7 9280.36 9278.26 9277.29 9277.6 9277.46 9275.37 9271.82 9272.3 9274.42 9276.64 9278.27 9279.61 9281.05 9279.41 9270.19 9268.6 9267.67 9265.23 9263.27 9262.88 9262.84 9263.09 9263.65 9264.47 9265.28 9266.57 9273.21 9279.44 9284.95 9287.54 9290.07 9292.29 9293.91 9294.84 9295.18 9295.08 9294.23 9292.84 9291.11 9289.37 9287.46 9285.57 9283.29 9280.91 9278.39 9275.54 9272.61 9268.77 9263.23 9256.48 9249.1 9242.04 9235.1 9231.98 9231.52 9228.99 9226.98 9225.59 9224.99 9225.96 9225.76 9227.03 9235.51
9278.37 9279.15 9279.69 9279.89 9280.23 9278.37 9275.86 9275.96 9276.57 9276.93 9274.53 9272.25 9272.38 9273.49 9274.72 9275.78 9276.33 9274.13 9267.54 9266.88 9267.2 9267.65 9267.31 9265.55 9265.19 9265.53 9266.35 9267.67 9269.65 9273.22 9278.08 9284.02 9289.19 9291.99 9294.12 9295.96 9297.16 9297.3 9296.95 9296.45 9295.05 9293.26 9291.06 9288.68 9286.25 9283.81 9281.41 9279.11 9276.3 9273.35 9270.72 9266.72 9261.27 9255.09 9248.44 9242.08 9236.9 9233.01 9231.71 9229.39 9227.32 9225.95 9225.64 9226.57 9225.98 9226.19 9230.57
9277.56 9277.54 9278.03 9278.05 9277.86 9276.61 9275.13 9275.49 9276.64 9277.65 9275.83 9272.39 9271.66 9272.01 9272.55 9272.31 9271.47 9269.32 9267.55 9266.94 9266.95 9267.17 9267.23 9267.22 9267.27 9267.94 9269.15 9270.94 9273.24 9275.88 9280.24 9287.11 9292.48 9295.52 9297.89 9299.74 9300.85 9300.88 9300 9298.38 9296.05 9293.27 9290.5 9287.85 9285.05 9282.29 9279.72 9277.02 9274.21 9271.23 9268.36 9263.68 9258.52 9253.1 9247.61 9242.26 9236.97 9235.47 9232.48 9229.9 9228.14 9226.58 9225.91 9226.89 9226.68 9226.97 9228
9276.77 9276.7 9276.94 9276.7 9276.02 9275.24 9274.91 9275.44 9276.61 9277.48 9275.26 9271.6 9271.25 9271.2 9270.94 9269.99 9268.77 9267.38 9267.4 9267.06 9266.76 9266.9 9267.92 9268.33 9268.85 9269.8 9271.45 9273.86 9276.72 9278.8 9282.92 9289.69 9294.97 9298.38 9301.04 9303.19 9304.67 9304.83 9303.22 9300.34 9296.87 9293.46 9290.05 9286.93 9283.8 9280.74 9277.88 9275.38 9272.43 9268.86 9265.06 9260.28 9255.69 9251.17 9246.94 9243.42 9240.08 9235.9 9232.39 9231.07 9230 9228.1 9226.24 9227.09 9227.98 9228.61 9228.7
9277.16 9276.48 9276.15 9275.87 9275.59 9274.45 9274.33 9275.47 9276.88 9277.5 9275.42 9272.39 9271.75 9271.2 9270.04 9268.86 9267.32 9265.69 9265.95 9266.37 9266.36 9266.65 9268.48 9269.05 9269.73 9270.9 9272.96 9276.18 9280.41 9283.25 9286.87 9292.03 9297.11 9300.89 9303.68 9305.96 9307.87 9308.96 9306.06 9301.82 9297.39 9292.85 9289.28 9285.69 9282.06 9278.6 9275.56 9273.47 9271.47 9267.98 9262.01 9257.12 9252.97 9249.24 9245.76 9243.62 9245.18 9240.3 9233.17 9234.09 9234.32 9232.93 9229.93 9230.63 9230.9 9230.23 9229.37
9277.62 9276.35 9275.43 9274.86 9274.9 9273.55 9273.86 9275.77 9277.84 9279.08 9278.15 9274.77 9273.42 9272.04 9270.32 9268.8 9266.99 9265.88 9265.49 9265.91 9266.74 9267.17 9268.66 9269.4 9270.15 9271.37 9273.43 9276.92 9282.57 9287.02 9291.66 9296.44 9300.36 9303.32 9305.66 9307.64 9309.24 9310.24 9306.77 9302.27 9297.52 9292.89 9288.59 9284.46 9280.36 9276.35 9272.76 9270.24 9269.84 9268.44 9261.6 9254.62 9250.61 9247.2 9244.43 9240.96 9236.42 9243.27 9239.65 9239.77 9241.55 9243.13 9242.92 9239.4 9235.79 9232.34 9229.95
9278.31 9276.35 9274.58 9273.04 9272.09 9272.1 9273.41 9276.11 9279.12 9281.82 9282.8 9278.93 9275.94 9273.44 9271.09 9269.01 9267.1 9265.88 9265.58 9266.63 9267.73 9268.9 9269.39 9269.74 9270.3 9271.22 9272.93 9275.55 9280.26 9290.72 9296.59 9301.13 9303.56 9305.34 9306.84 9308.04 9308.71 9308.14 9305.58 9301.64 9297.02 9292.24 9287.8 9283.26 9278.67 9274.06 9269.41 9264.92 9261.35 9262.31 9260.54 9252.42 9249.32 9246.97 9245.17 9244.12 9245.98 9246.47 9244.95 9246.2 9249.52 9252.87 9253.22 9247.68 9241.02 9235.17 9231.05
9278.82 9276.47 9274.04 9271.75 9270.36 9270.74 9272.86 9276.15 9279.86 9283.65 9286.15 9282.18 9278.14 9274.49 9271.69 9269.13 9267.44 9266.1 9266.38 9267.94 9268.71 9269.31 9270.06 9270.17 9270.34 9271.03 9272.22 9274.07 9277.77 9290.14 9298.65 9303.91 9305.52 9306.41 9307.16 9307.62 9307.47 9306.25 9304.09 9300.61 9296.31 9291.59 9287.16 9282.44 9277.43 9272.19 9266.6 9260.59 9253.31 9254.06 9256.5 9250.96 9249.45 9248.31 9247.35 9247.52 9250.8 9253.8 9249.54 9252.38 9257.08 9260.39 9260.2 9253.71 9245.56 9238.11 9232.94
9279.31 9276.87 9274.22 9271.85 9270.4 9270.34 9272.49 9275.74 9279.42 9283.38 9286.97 9284.48 9278.68 9274.61 9271.73 9269.35 9267.94 9267.45 9268.43 9269.63 9269.55 9268.71 9268.76 9269.71 9270.07 9270.94 9272.2 9274.34 9279.19 9288.67 9298.27 9304.56 9305.59 9306.29 9306.74 9306.75 9306.12 9304.98 9302.95 9299.92 9295.89 9291.4 9286.92 9281.97 9276.61 9271.04 9265.46 9260.07 9255.95 9254.17 9253.73 9252.41 9251.11 9250.04 9249.62 9251.24 9257.99 9263 9258.38 9260.54 9264.84 9267.81 9266.35 9258.05 9248.97 9240.85 9234.73
9279.83 9277.51 9274.97 9272.67 9271.25 9271.13 9272.46 9274.9 9277.75 9280.45 9281.99 9279.39 9276.05 9273.43 9271.02 9269.3 9268.11 9267.55 9268.41 9270.98 9270.58 9269.5 9268.1 9268.4 9270.2 9271.48 9272.98 9275.33 9281.5 9291.56 9296.58 9300.81 9303.83 9305.33 9305.91 9305.69 9304.63 9303.54 9302.14 9299.79 9296.1 9291.76 9287.08 9281.78 9276.22 9270.7 9265.27 9260.62 9257.86 9257.26 9256.89 9256.48 9253 9251.39 9251.52 9253.34 9264.51 9272.24 9269.61 9269 9271.38 9273.85 9268.19 9259.59 9251.35 9244.25 9239.44
9280.49 9278.5 9276.09 9273.39 9271.76 9271.37 9272.1 9273.75 9275.62 9276.86 9276.26 9274 9272.68 9271.79 9270.4 9269.2 9268.18 9267.5 9267.96 9270.53 9271.3 9271.49 9271.63 9270.59 9271.57 9272.94 9274.66 9277.13 9283.21 9291.67 9295.06 9298.58 9302.23 9304.32 9305.16 9304.97 9303.73 9302.91 9302.07 9300.37 9297.66 9293.1 9287.7 9282.12 9276.38 9270.7 9265.35 9260.73 9258.36 9259.88 9259.03 9255.76 9252.8 9251.59 9253.41 9260.64 9273.85 9281.57 9277.86 9276.13 9274.41 9271.99 9265.66 9258.61 9252.76 9247.93 9243.78
9281.34 9279.73 9277.71 9275.21 9272.14 9270.54 9271.31 9272.54 9273.76 9274.5 9274.44 9272.64 9271.04 9270.87 9270.09 9269.24 9268.33 9267.61 9267.82 9270.13 9271.64 9272.73 9273.87 9273.2 9273.83 9275.09 9277.08 9280.32 9286.39 9292.5 9295.7 9298.88 9301.91 9303.9 9304.9 9304.98 9303.96 9303.28 9302.38 9300.78 9299.01 9293.87 9288.24 9282.53 9276.78 9271.11 9265.75 9260.99 9258.02 9258.72 9257.14 9253.36 9252.74 9252.66 9256.39 9268.08 9281.34 9288.72 9289.81 9284.27 9273.47 9264.38 9258.67 9255.81 9253.65 9252.14 9249.95
9282.19 9281.11 9279.65 9277.23 9273.37 9270.87 9271.01 9271.71 9272.5 9273.08 9273.31 9272.55 9271.43 9271.24 9270.65 9269.87 9268.89 9267.93 9267.47 9269.41 9271.19 9272.78 9274.18 9275.42 9276.06 9277.23 9279.24 9282.8 9288.07 9293.41 9297.54 9300.31 9302.44 9304 9304.95 9305.55 9305.39 9304.35 9302.91 9300.69 9296.6 9293.52 9288.55 9283.01 9277.36 9271.77 9266.52 9262.06 9259.46 9259 9256.67 9255.19 9253.83 9255.55 9261.1 9271.98 9283.19 9290.43 9293.77 9286.64 9268.16 9254.07 9251.6 9253.45 9255.04 9257.09 9259.56
9282.74 9282.29 9281.54 9279.4 9274.91 9272.05 9271.28 9271.39 9271.82 9272.24 9272.5 9272.51 9272.51 9272.37 9271.82 9271.03 9270.08 9269.01 9267.9 9268.49 9270.43 9272.74 9275.08 9277 9278.02 9279.06 9280.63 9283.17 9287.93 9294.08 9299.87 9301.61 9302.89 9304 9304.93 9305.85 9306.72 9304.93 9303.29 9301.33 9298.24 9293.97 9289.01 9283.65 9278.14 9272.73 9267.59 9263.07 9259.89 9257.82 9255.05 9252.14 9253.37 9258.15 9264.8 9272.77 9282.51 9287.26 9286.46 9277.24 9261.27 9250.96 9250.65 9253.49 9257.48 9262.53 9270.09
9282.76 9282.91 9282.54 9280.27 9275.55 9272.57 9271.54 9271.32 9271.51 9271.83 9272.28 9273.18 9274.54 9274.12 9273.36 9272.6 9271.82 9271.08 9270.51 9269.77 9270.42 9273.02 9275.92 9278.63 9279.36 9280.26 9281.77 9284.07 9288.61 9294.34 9299.21 9301.62 9302.77 9303.57 9304.12 9304.6 9304.88 9304.11 9303.07 9301.92 9299.47 9294.6 9289.5 9284.17 9278.81 9273.56 9268.67 9264.32 9260.68 9257.46 9254.72 9252.16 9253.91 9260.04 9267.23 9273.8 9282.25 9283.28 9278.63 9268.81 9256.26 9250.67 9251.75 9255.14 9260.28 9266.81 9276.79
