real_craters/C185-300m.grd
DSAA
536 536
-80.185 80.185
-80.185 80.185
7923.1937797902 10353.895070342
[rows 120 to 149 of 536, columns 134 to 200 of 536]
9306.8 9317.86 9324.76 9329.94 9333.77 9336.53 9337.76 9338.22 9338.26 9337.45 9336.46 9335.06 9333.44 9331.55 9329.43 9326.55 9325.3 9326.05 9326.42 9326.44 9325.75 9324.09 9322.12 9317.3 9319.44 9322.45 9324.32 9323.45 9327.61 9333.19 9338.77 9342.83 9344.1 9342.09 9337.73 9332.88 9329.01 9326.13 9323.37 9321.22 9319.63 9318.48 9317.81 9317.36 9315.61 9312.84 9310.65 9309.33 9308.92 9309.45 9311.52 9313.99 9316.51 9323.38 9325.15 9319.7 9311.06 9300.98 9295.97 9288.65 9282.55 9278.51 9276.19 9275.67 9276.22 9277.3 9279.04
9313.03 9325.62 9334.61 9339.3 9341.94 9343.07 9343.11 9342.34 9341.46 9339.94 9338.54 9336.56 9334.38 9331.99 9329.48 9327.09 9326.91 9329.45 9331.43 9332.79 9333.7 9334.21 9333.87 9327.44 9322.85 9323.86 9324.94 9325.86 9329.47 9334.37 9339.19 9342.65 9343.01 9340.86 9336.87 9331.94 9328.29 9325.84 9323.08 9320.58 9318.57 9316.81 9315.49 9313.52 9312.64 9310.87 9308.56 9306.79 9305.62 9305.22 9306.86 9310.98 9315.07 9316.84 9317.77 9316.53 9313.2 9309.2 9302.99 9293.4 9285.27 9279.89 9278.59 9279.39 9280.97 9282.44 9283.74
9318.93 9337.62 9346.52 9349.78 9350.69 9350.3 9348.65 9346.36 9344.49 9342.38 9340.37 9337.95 9335.31 9332.8 9330.44 9329.05 9331.07 9334.39 9337.1 9339.41 9341.47 9343.66 9344.96 9339.36 9331.43 9327.6 9326.52 9327.99 9332.07 9336.73 9340.73 9343.64 9343.24 9340.66 9336.95 9332.68 9328.89 9325.97 9322.87 9319.89 9317.22 9314.93 9313.49 9312.45 9309.42 9307.87 9306.31 9304.37 9302.37 9300.54 9299.55 9304.25 9309.33 9310.99 9312.38 9313.27 9315.71 9315.3 9307.01 9295.24 9286.42 9281.06 9280.9 9282.95 9285.96 9288.09 9287.89
9332.26 9351.73 9358.88 9359.9 9358.67 9356.66 9354.09 9351.06 9348.24 9345.26 9342.38 9339.67 9337.05 9334.53 9332.48 9331.09 9336.6 9340.23 9342.97 9345.56 9348.34 9351.28 9353.42 9349.76 9342.63 9338.49 9333.24 9332.32 9337.02 9341.34 9343.45 9343.94 9343.37 9341.24 9338.01 9334.05 9329.99 9326.41 9322.86 9319.41 9316.1 9313.08 9310.62 9308.41 9307.96 9306.53 9304.86 9302.77 9300.23 9297.38 9295.17 9297.54 9301.66 9305.06 9307.33 9309 9309.93 9309.04 9300.41 9292.75 9286.09 9282.27 9283.27 9285.98 9288.72 9291.3 9290.68
9343.44 9362 9368.71 9367.75 9365.34 9362.12 9358.42 9354.91 9351.85 9348.64 9345.32 9342.43 9339.59 9337.38 9335.86 9336.6 9342.54 9345.97 9348.25 9350.64 9353.5 9356.16 9358.46 9358.31 9356.13 9356.61 9348.13 9342.72 9347.51 9350.19 9348.99 9345.88 9345.21 9343.25 9339.99 9336.06 9331.36 9327.03 9322.85 9318.95 9315.26 9311.71 9308.43 9305.99 9306.62 9305.86 9304.43 9302.22 9299.44 9296.37 9294.03 9294.47 9297.21 9300.78 9303.29 9303.89 9305.44 9303.93 9297.12 9290.17 9285.26 9283.6 9285.75 9289.23 9291.28 9293.28 9292.48
9352.18 9369.44 9375.43 9373.68 9370.46 9366.59 9362.43 9358.53 9355.81 9352.55 9348.66 9345.34 9342.21 9339.81 9338.96 9339.88 9347 9350.05 9351.64 9353.72 9356.32 9359.21 9361.2 9364.03 9367.32 9371.14 9368.29 9365.58 9366.04 9364.69 9359.5 9352.96 9350.56 9346.93 9342.34 9337.48 9332.42 9327.52 9323 9318.86 9315.11 9311.68 9308.63 9306.71 9305.3 9306.49 9305.2 9302.67 9299.69 9296.82 9294.3 9292.07 9294.23 9298.08 9301.39 9301.92 9301.74 9300.79 9293.62 9287.18 9284.01 9284.38 9288.02 9292.84 9296.64 9295.91 9293.12
9358.43 9374.04 9378.44 9377.09 9374.3 9370.63 9367.21 9363.16 9360.03 9356.35 9351.95 9347.92 9344.44 9341.82 9340.18 9342.31 9348.18 9351.32 9352.99 9355.04 9357.81 9361.36 9365.53 9368.1 9374.79 9379.22 9385.83 9393.1 9388.66 9382.18 9374.96 9366.69 9359.19 9351.93 9344.87 9338.3 9333.19 9328.19 9323.31 9319.12 9315.52 9312.5 9310.24 9310.97 9312.45 9310.26 9307.34 9303.87 9300.33 9297.39 9294.51 9290.51 9292.33 9296.02 9301.16 9307.22 9309.02 9301.87 9291.55 9284.69 9283.19 9285.26 9289.95 9294.8 9296.61 9294.64 9291.43
9365.11 9377.04 9378.65 9378.21 9376.93 9374.26 9371.19 9367.04 9362.82 9357.92 9353.77 9349.55 9345.87 9343.03 9340.33 9340.4 9345.43 9350.26 9352.41 9354.6 9357.41 9361.89 9368.52 9372.31 9378.76 9384.1 9393.26 9403.4 9403.15 9395.18 9389.42 9380.1 9367.2 9356.54 9347.99 9340.32 9333.95 9328.43 9323.62 9319.49 9316.15 9313.88 9313.69 9316.97 9319.05 9314.7 9309.91 9305.28 9300.82 9297.02 9293.93 9291.21 9291.34 9293.64 9297.83 9306.1 9313.69 9301.81 9290.96 9284.94 9284.55 9287.8 9292.17 9294.96 9291.41 9290.82 9288.2
9362.1 9374.21 9375.58 9377.38 9377.37 9376.13 9372.96 9369.01 9364.75 9359.84 9355.33 9350.99 9346.91 9342.75 9340.24 9338.87 9342.92 9348.16 9350.49 9352.86 9355.71 9359.48 9365.41 9374.81 9382.24 9386.27 9392.42 9397.05 9400.8 9397.38 9394.33 9384.61 9370.25 9357.93 9348.26 9340.42 9333.74 9328.29 9323.75 9319.92 9316.77 9314.84 9314.78 9320.16 9321.86 9317.05 9311.55 9306.29 9301.26 9296.37 9292.97 9290.82 9290.08 9290.18 9289.72 9288.27 9288.06 9292.82 9290.43 9288.17 9289.54 9292.86 9296 9296.98 9292.78 9289.41 9285.49
9351.83 9365.22 9372.26 9376.04 9377.21 9376.21 9373.84 9370.08 9365.38 9361.17 9356.53 9352.23 9347.95 9343.22 9339.83 9338.02 9340.15 9344.68 9347.73 9350.62 9353.5 9356.29 9361.78 9374.1 9382.17 9385.11 9388.99 9391.23 9391.84 9391.33 9387.26 9379.34 9367.74 9355.76 9345.11 9338.02 9332.65 9327.99 9323.83 9320.28 9317.33 9315.44 9315.42 9320.68 9321.39 9316.93 9311.83 9306.75 9301.96 9297.99 9294.53 9291.85 9290.07 9288.12 9284.79 9279.61 9281.05 9289.36 9293.33 9294.52 9299.22 9299.87 9301.13 9301.61 9297.3 9290.18 9283.6
9337.58 9353.72 9368.02 9375.54 9378.16 9377.44 9375.27 9371.6 9367.43 9362.78 9357.98 9353.22 9348.42 9343.34 9340.11 9337.69 9337.78 9340.94 9344.77 9348.51 9352.24 9356.18 9362.15 9372.74 9378.23 9382.34 9385.73 9386.3 9386.38 9384.49 9379.15 9372.32 9363.15 9352.38 9341.86 9336.14 9331.87 9327.88 9324.12 9320.75 9317.95 9316.04 9315.63 9316.42 9317.31 9315.06 9311.05 9306.56 9302.27 9298.93 9296.96 9294.42 9291.61 9289.29 9286.9 9286.13 9292.7 9298.7 9301.02 9303.02 9303.49 9304.44 9305.29 9305.47 9299.3 9290.28 9281.9
9335.91 9351.97 9369.24 9378.22 9380.12 9378.53 9375.89 9371.96 9367.77 9363.12 9358.36 9353.26 9347.97 9343.98 9340.71 9338.17 9337.52 9338.56 9342.56 9346.95 9351.68 9357.34 9363.58 9370.82 9377.44 9381.98 9383.45 9384.09 9382.78 9379.82 9374.63 9367.47 9359.31 9350.49 9341.7 9336.2 9331.99 9328.12 9324.64 9321.29 9318.55 9316.55 9315.75 9315.94 9315.32 9313.39 9310.03 9306.03 9302.02 9298.98 9297.56 9295.66 9293.55 9292.17 9291.94 9294.02 9300.81 9306.38 9308.63 9310.66 9307.5 9307.98 9307.65 9305.04 9298.56 9289.44 9280.22
9348.91 9363.2 9379.05 9384.27 9383.01 9380.19 9376.56 9372.31 9368.26 9363.63 9358.92 9353.41 9349.09 9344.85 9341.43 9338.94 9337.78 9337.71 9341.37 9345.79 9350.79 9356.79 9363.03 9369.81 9375.42 9379.65 9380.28 9381.04 9380.66 9376.03 9369.49 9363.13 9356.48 9349.86 9343.76 9337.58 9332.85 9328.89 9325.35 9322.14 9319.35 9317.3 9316.63 9317.08 9315.35 9312.81 9309.54 9305.78 9302.08 9299.68 9297.47 9296.14 9295.19 9295.24 9296.59 9299.06 9303.8 9308.74 9313.23 9316.21 9313.02 9311.55 9309.58 9306.23 9298.14 9288.47 9278.87
9358.63 9370.52 9384.56 9387.73 9384.54 9381.13 9377.86 9373.68 9369.17 9364.63 9359.89 9354.69 9350.3 9345.97 9342.35 9339.72 9337.88 9338.43 9341.34 9345.09 9349.43 9354.61 9360.36 9366.38 9369.72 9374.01 9375.26 9374.98 9374.65 9370.35 9364.18 9359.08 9353.83 9348.52 9343.48 9338.29 9334.03 9330.29 9326.85 9323.61 9320.59 9318.23 9317.35 9317.04 9315.43 9312.81 9309.58 9305.9 9302.05 9298.83 9297.17 9296.51 9296.74 9297.96 9300.63 9303.81 9307.23 9311.65 9315.82 9318.66 9317.61 9314.44 9310.9 9305.62 9297.83 9288.16 9278.74
9364.97 9371.18 9379.33 9383.58 9383.51 9381.39 9378.69 9374.62 9370.49 9366.03 9360.93 9356.2 9351.61 9347.01 9343.16 9340.49 9339.13 9339.76 9341.95 9344.92 9348.36 9352.34 9360.07 9364.95 9367.27 9370.05 9370.81 9368.85 9365.14 9363.15 9359.54 9356.06 9351.6 9346.73 9342.5 9338.87 9335.46 9332.21 9328.96 9325.75 9322.61 9319.15 9318.11 9317.7 9315.86 9313.38 9310.28 9306.7 9303.02 9299.93 9296.5 9297.02 9297.93 9299.4 9302.28 9306.4 9309.64 9313.57 9317.59 9318.72 9318.35 9316.14 9312.11 9306.83 9298.06 9288.89 9279.27
9375.45 9372.35 9376.88 9379.95 9381.67 9380.96 9378.7 9375.43 9371.6 9366.77 9362.01 9357.31 9352.64 9348.39 9344.3 9341.21 9339.04 9340.36 9342.75 9345.22 9348.36 9353.63 9361.47 9366.69 9369.76 9369.69 9369.22 9366.93 9364.21 9361.53 9358.22 9355.01 9350.7 9345.87 9342.43 9340.2 9337.68 9334.72 9331.88 9328.84 9325.84 9322.42 9319.92 9318.45 9316.93 9314.66 9311.74 9308.24 9304.66 9301.98 9299.59 9298.63 9299.03 9299.95 9301.27 9305.25 9310.31 9315.3 9319.88 9323.71 9322.61 9317.37 9311.14 9305.16 9298.12 9291.2 9285.79
9387.27 9385.71 9382.68 9381.77 9382.13 9381.06 9379.45 9375.92 9372.21 9367.76 9363.24 9358.61 9354.03 9349.7 9345.55 9341.95 9339.43 9340.7 9343.14 9345.74 9348.91 9352.79 9360.49 9366.82 9370.56 9371.69 9369.94 9367.24 9364.91 9362.75 9359.91 9355.91 9351.47 9346.77 9344.1 9342.43 9340.51 9338.22 9335.65 9332.87 9330.1 9327.15 9323.45 9321.01 9319.41 9317.36 9314.67 9311.24 9307.05 9304.03 9301.7 9300.53 9300.63 9301.34 9302.47 9305.73 9310.51 9315.18 9320.4 9325.79 9325.88 9317.43 9308.09 9302.04 9297.8 9292.8 9288.62
9391.12 9391.81 9388.38 9385.86 9384.53 9383.01 9380.51 9377.43 9373.46 9369.24 9364.51 9359.92 9355.31 9350.9 9346.75 9343.08 9340.23 9340.1 9342.32 9346.24 9351.46 9356.6 9360.45 9365.45 9371.58 9372.78 9370.81 9367.67 9364.47 9364.34 9361.47 9357.85 9353.99 9349.96 9347.59 9346.09 9344.35 9342.29 9339.97 9337.4 9334.54 9330.84 9327.18 9324.9 9323.33 9321.37 9318.91 9316.07 9313.46 9307.35 9303.19 9302.41 9302.66 9303.5 9305.21 9307.42 9310.9 9315.02 9318.7 9321.54 9321.09 9315.85 9309.36 9304.14 9298.86 9293.65 9288.65
9389.64 9390.94 9390.06 9388 9387.22 9385.55 9382.98 9379.36 9375.46 9370.96 9366.08 9361.47 9356.86 9352.61 9348.46 9344.54 9341.55 9340.02 9341.33 9346.15 9352.07 9357.13 9360.03 9363.28 9371.23 9373.85 9371.89 9368.45 9365.03 9364.04 9362.54 9360.21 9357.45 9354.73 9352.27 9350.35 9348.52 9346.73 9344.75 9342.43 9340.04 9337.02 9333.05 9330.32 9328.4 9326.37 9323.81 9320.85 9318.51 9310.41 9305.57 9304.9 9305.24 9306.1 9306.57 9308 9311.19 9314.87 9316.78 9316.74 9317.75 9313.85 9309.13 9305.77 9300.85 9295.66 9291.07
9388.2 9391.61 9392.69 9391.92 9390.81 9388.66 9385.52 9381.58 9377.41 9373.06 9368.07 9363.55 9358.88 9354.35 9350.27 9346.73 9343.57 9341.63 9342.08 9346.1 9350.29 9354.89 9359.01 9363.45 9370.51 9374.08 9372.88 9369.47 9366.25 9365.2 9363.83 9362.56 9361.37 9359.35 9356.79 9354.55 9352.68 9351.15 9349.63 9347.61 9344.84 9341.64 9339.17 9335.95 9333.88 9331.87 9329.01 9324.54 9319.46 9314.16 9309.5 9307.68 9307.65 9308.46 9305.42 9306.01 9311.72 9315.83 9317.52 9316.71 9315.17 9312.4 9309.36 9307 9303.36 9298.87 9294.57
9387.89 9395.32 9397.03 9397.49 9395.21 9391.89 9388.03 9383.59 9379.09 9374.61 9370.09 9365.55 9361 9356.67 9352.66 9349.29 9346.44 9344.8 9344.93 9347.51 9350.29 9354.34 9358.83 9363.39 9369.37 9373.39 9373.5 9370.26 9366.43 9364.86 9364.63 9364.43 9364.45 9363.71 9360.34 9357.86 9356.16 9355.06 9354.36 9353.29 9350.52 9345.54 9340.64 9340.27 9339.47 9338.06 9335.59 9330.87 9325.03 9317.14 9312.55 9310.44 9310.02 9310.48 9310.85 9310.82 9314.72 9318.12 9319.51 9317.64 9313.97 9312.64 9312.46 9309.68 9306.62 9303.65 9299.71
9385.34 9394.63 9396.78 9399.1 9397.88 9394.36 9390.05 9385.11 9380.47 9375.94 9371.4 9367.15 9362.96 9358.79 9355.23 9351.86 9349.59 9348.48 9348.46 9350.4 9353.25 9355.85 9359.37 9363.96 9368.57 9373.44 9375.28 9371.19 9366.39 9365.03 9365.95 9365.6 9364.83 9363.72 9361.89 9360.29 9359.08 9358.51 9358.78 9359.61 9359.7 9353.93 9346.71 9346.14 9345.65 9344.79 9343.53 9341.15 9334.07 9320.05 9314.9 9312.92 9312.58 9312.9 9315.16 9317.6 9319.2 9320.7 9320.19 9317.23 9313.87 9313.41 9314.31 9312.13 9309.63 9306.98 9303.44
9380.3 9389.54 9393.45 9398.98 9399.17 9395.82 9391.4 9386.46 9381.8 9377.32 9372.97 9368.62 9364.86 9361.43 9358.21 9355.04 9352.74 9350.83 9351.29 9352.87 9356.11 9357.99 9359.75 9362.75 9367.75 9372.75 9374.88 9371.93 9368.63 9368.82 9369.07 9367.28 9364.54 9362.93 9362.61 9361.79 9360.87 9360.52 9361.21 9363.67 9367.66 9363.93 9357.64 9353.64 9351.75 9350.76 9350.27 9349.69 9341.33 9324.06 9318.26 9315.27 9315.01 9318.51 9322.1 9323.04 9323.5 9323.55 9321.69 9318.6 9315.11 9313.53 9313.45 9313.38 9312.17 9309.77 9306.22
9375.96 9386.27 9394.71 9398.81 9399.27 9395.69 9391.39 9386.82 9381.72 9377.4 9373.66 9369.82 9366.47 9363.33 9361.07 9358.47 9356.12 9354.01 9352.5 9353.84 9356.88 9360.45 9362.52 9364.19 9366.75 9369.08 9371.74 9372.11 9371.84 9373.95 9373.04 9370.12 9366.41 9364.62 9364.01 9362.95 9361.69 9360.76 9360.72 9362.01 9364.67 9365.54 9362.72 9358.6 9356.11 9354.72 9353.95 9352.82 9345.36 9331.89 9323.29 9317.21 9313.37 9319.02 9328.15 9326.45 9326.91 9327.17 9325.81 9321.99 9317.42 9314.02 9313.73 9315.2 9315.55 9313.6 9310.12
9373.32 9383.25 9391 9395.6 9396.69 9393.7 9389.75 9385.48 9380.87 9377.26 9373.66 9370.38 9367.58 9364.98 9363.3 9361.16 9359.49 9357.85 9355.58 9355.36 9358.9 9364.22 9368.17 9368.34 9366.8 9367.11 9372.07 9372.59 9371.94 9374.54 9375.85 9373.44 9370.48 9368.26 9366.47 9364.34 9362 9359.82 9358.06 9356.95 9357.43 9360.7 9361.42 9359.86 9358.04 9356.46 9354.99 9353.3 9348.28 9339.06 9328.66 9319.94 9310.85 9296.99 9314.93 9325.16 9329.29 9331.48 9331.23 9326.78 9320.67 9315.81 9315.96 9318.16 9320.4 9320.87 9315
9371.65 9379.63 9385.27 9390.35 9392.68 9390.13 9386.74 9383.06 9379.66 9376.65 9373.68 9370.81 9368.21 9366.75 9365.3 9363.75 9362.46 9361.02 9358.5 9357.94 9362.16 9368.03 9371.51 9370.49 9367.5 9366.67 9372.38 9373.19 9371.99 9374.27 9375.72 9376.62 9375.75 9372.7 9369.26 9365.77 9362.16 9358.5 9354.96 9351.88 9351.97 9356.8 9359.21 9359.39 9358.39 9356.79 9354.57 9352.01 9348.73 9342.03 9332.86 9324.9 9319.11 9318.48 9320.53 9326.57 9331.82 9336.11 9337.29 9331.77 9324.45 9319.02 9319.84 9321.44 9323.01 9323.49 9317.65
9369.98 9375.16 9379.96 9384.14 9386.78 9384.86 9382.49 9379.93 9377.45 9375.02 9373.04 9372.03 9369.89 9368.06 9366.74 9366.01 9365.7 9365.59 9364.14 9362.8 9366.18 9370.77 9374.07 9371.62 9368.01 9366.37 9371.75 9373.87 9373.55 9374.3 9378.29 9380.83 9379.92 9376.69 9372.13 9367.35 9362.45 9357.58 9352.79 9348.29 9348.43 9354.53 9357.7 9358.48 9357.98 9356.6 9354.2 9351.72 9347.95 9342.68 9335.78 9329.67 9326.26 9327.35 9327.45 9329.89 9334.22 9338.95 9341.17 9335.93 9329.09 9325.39 9325.2 9324.86 9323.99 9321.17 9318
9367.03 9369.17 9372.04 9375.45 9377.55 9377.49 9376.67 9375.55 9375.6 9374.36 9372.81 9371.35 9370.12 9368.79 9367.81 9367.31 9367.97 9370.12 9372.08 9370.77 9370.17 9371.61 9373.05 9370.73 9368.04 9367.19 9371.43 9374.22 9376.01 9380.67 9384.4 9386.73 9385.55 9380.37 9374.68 9368.81 9362.98 9357.42 9352.38 9348.65 9349.8 9355.31 9357.14 9357.71 9357.55 9356.82 9355.35 9352.83 9347.25 9343.13 9338.1 9333.07 9328.67 9326 9328.3 9331.47 9334.98 9338.56 9340.1 9337.66 9333.04 9330 9328.25 9328.24 9328.46 9325.85 9320.43
9362 9362.24 9364.31 9367.14 9368.59 9369.64 9371.02 9371.92 9372.24 9371.91 9371.29 9370.5 9369.51 9368.42 9367.73 9367.32 9367.85 9369.7 9372.43 9373.88 9371.15 9370 9369.76 9368.16 9366.8 9367.22 9370.62 9374.08 9378.12 9386 9392.89 9390.94 9387.91 9382.74 9376.64 9370.19 9363.88 9357.92 9352.92 9350.08 9351.77 9355.62 9356.27 9356.52 9356.75 9356.9 9356.97 9355.64 9350.67 9345.42 9340.54 9336.18 9332.53 9330.35 9330.81 9332.71 9335.01 9336.87 9338.46 9338.68 9336.22 9332.47 9329.48 9330.74 9331.78 9329.55 9323.18
9355.46 9354.64 9354.25 9356.69 9358.81 9361.92 9365.55 9368.12 9369.44 9369.92 9370.05 9369.61 9369.02 9368.06 9367.21 9366.56 9365.84 9365.04 9364.57 9367.1 9365.62 9365.03 9365.09 9364.19 9363.84 9364.98 9367.87 9371.63 9377.13 9384.61 9388.14 9389.53 9388.58 9383.76 9377.72 9371.13 9364.49 9358.34 9353.11 9349.74 9350.36 9352.72 9353.97 9354.8 9355.53 9356.3 9357.25 9356.61 9352.89 9347.33 9342.39 9338.6 9336.24 9333.72 9333.2 9334.21 9335.42 9336.13 9338.31 9339.9 9338.84 9335.32 9331.61 9333 9333.25 9330.35 9324.75
