real_craters/C185-300m.grd
DSAA
536 536
-80.185 80.185
-80.185 80.185
7923.1937797902 10353.895070342
[rows 390 to 419 of 536, columns 67 to 133 of 536]
9412.09 9407.74 9404.92 9402.76 9401.04 9401.09 9400.25 9399.99 9401.18 9404.9 9411.35 9418.75 9426.37 9433.98 9441.19 9447.4 9450.55 9452.19 9453.47 9454.46 9455.12 9454.5 9451.25 9446.66 9441.69 9437.52 9434.43 9433.57 9434.28 9430.92 9425.73 9423.12 9420.02 9416.04 9411.89 9410.93 9411.29 9411.17 9410.55 9409.64 9408.16 9406.59 9406.2 9408.03 9411.14 9415.21 9419.29 9423.26 9426.91 9430.39 9433.52 9435.69 9436.59 9436.61 9437.91 9439.92 9442.58 9446.08 9444.84 9439.34 9432.72 9425.83 9421.33 9417.25 9413.68 9410.41 9407.6
9413.35 9409.89 9406.75 9404.08 9401.66 9400.09 9399.97 9400.38 9401.97 9405.66 9411.3 9418.04 9425.02 9431.97 9438.25 9443.45 9447.73 9450.4 9452.69 9454.97 9457.17 9457.34 9452.16 9445.39 9438.51 9431.82 9425.19 9419.86 9418.31 9416.6 9414.36 9413.72 9413.71 9413.13 9412 9410.17 9409.18 9408.66 9408.13 9407.68 9407.19 9406.98 9408.43 9410.96 9412.21 9415.19 9418.7 9422.18 9425.57 9428.76 9431.06 9433.03 9434.37 9435.86 9437.76 9440.49 9444.3 9448.36 9446.48 9439.54 9431.9 9424.83 9419.86 9415.65 9411.92 9408.58 9404.92
9411.04 9409.8 9407.59 9405.3 9403.15 9400.32 9400.42 9401.06 9402.54 9406.25 9411.38 9417.29 9423.41 9429.62 9435.61 9440.9 9444.47 9447.45 9450.31 9453.11 9455.86 9456.68 9450.78 9442.96 9434.81 9426.64 9417.92 9408.8 9406.62 9406.14 9405.11 9406.71 9409.09 9410.66 9411.17 9408.85 9407.2 9406.59 9406.37 9406.47 9406.75 9407.22 9408.34 9408.96 9412.29 9415.47 9418.45 9421.73 9424.75 9427.51 9429.79 9431.78 9433.49 9435.85 9437.93 9440.64 9444.47 9447.01 9445.3 9439.32 9431.4 9424.26 9419.26 9414.8 9410.65 9406.33 9402.36
9410.79 9409.39 9407.85 9406.27 9404.78 9402.46 9401.79 9402.34 9404.07 9407.19 9411.48 9416.51 9421.71 9426.84 9431.84 9436.59 9440.33 9443.49 9446.12 9448.82 9451.06 9451.31 9446.11 9438.63 9430.82 9422.91 9414.94 9408.15 9404.85 9403.95 9403.13 9404.63 9406.1 9406.99 9407.17 9405.85 9404.77 9404.65 9405.02 9405.6 9406.52 9407.49 9408.93 9410.64 9413.04 9415.84 9418.78 9421.29 9423.93 9426.35 9428.46 9430.73 9432.74 9433.62 9436.8 9440.53 9444.34 9446.8 9445.81 9439.59 9431.54 9424.33 9419.47 9414.53 9409.85 9405.54 9401.36
9409.36 9408.61 9407.76 9406.95 9405.8 9404.21 9403.19 9403.6 9405.37 9408.1 9411.91 9416.16 9420.59 9424.44 9427.33 9431.48 9435.83 9438.96 9441.13 9442.75 9443.69 9443.7 9439.09 9432.74 9426.49 9420.09 9413.64 9407.74 9403.45 9401.83 9405.41 9406.56 9403.76 9402.47 9401.93 9401.7 9402.09 9402.96 9404.08 9405.29 9406.6 9408.02 9409.83 9412.35 9413.93 9416.49 9419.14 9421.37 9423.21 9425.43 9427.5 9429.61 9431.42 9432.58 9436.7 9440.85 9444.06 9446.01 9445.01 9439.76 9433.41 9426.79 9420.73 9414.99 9409.42 9404.56 9401.38
9407.22 9407.45 9407.43 9407.26 9406.96 9405 9403.97 9404.13 9405.69 9408.62 9412.32 9416.44 9420.5 9423.85 9425.62 9429 9432.67 9434.84 9435.9 9435.95 9434.74 9432.36 9429.01 9425.83 9422.19 9418 9413.45 9408.35 9403.82 9402.04 9405.36 9405.82 9399.83 9394.83 9394.75 9397.16 9399.44 9401.51 9403.29 9405.09 9406.92 9408.82 9410.44 9410.33 9414.06 9417.36 9419.6 9421.51 9423.19 9424.93 9426.56 9428.47 9429.75 9431.82 9437.62 9441.99 9443.28 9443.52 9442.19 9438.89 9434.55 9428.61 9422.15 9416.07 9410.15 9404.86 9402.03
9405.43 9406.8 9407.51 9407.23 9405.71 9404.58 9404.93 9404.7 9406.09 9409.38 9413.06 9417.05 9421.12 9425.06 9428.84 9429.91 9430.99 9431.54 9431.26 9429.68 9426.5 9421.2 9419.44 9419.73 9418.67 9416.59 9413.73 9409.5 9404.73 9401.46 9402.69 9401.53 9395.97 9388.57 9389.5 9394.28 9397.59 9400.24 9402.73 9405.08 9407.43 9410.02 9412.72 9415.85 9418.16 9419.24 9420.07 9421.06 9422.56 9424.12 9425.85 9427.79 9428.85 9431.25 9438.08 9441.9 9441.33 9440.18 9438.63 9436.35 9434.96 9429.06 9422.98 9417.57 9412.45 9407.24 9402.87
9405.28 9406.88 9408.4 9409.1 9408.41 9408.31 9408.04 9406.8 9407.69 9410.76 9414.16 9417.85 9421.72 9425.74 9429.35 9429.6 9429.49 9429 9427.73 9425.35 9421.61 9416.81 9415.03 9416.23 9416.48 9415.74 9413.92 9410.18 9405.69 9402.6 9400.95 9399.52 9396.27 9392.44 9392.24 9394.86 9397.48 9399.84 9402.36 9404.83 9407.74 9410.94 9415.01 9419.83 9421.87 9420.79 9420.34 9420.75 9421.72 9423.24 9424.9 9426.91 9427.19 9428.82 9435.55 9438.62 9437.81 9435.74 9432.76 9431.14 9429.59 9426.74 9422.84 9418.94 9415.37 9410.69 9405.07
9406.27 9407.9 9410.16 9413.16 9415.62 9415.98 9413.12 9410.16 9410.53 9412.86 9415.72 9418.83 9422.09 9425.16 9427.49 9428.21 9427.9 9426.99 9425.34 9422.8 9419.63 9416.28 9414.81 9415.06 9415.48 9415.46 9414.68 9410.94 9406.16 9401.77 9400.08 9398.97 9398.41 9398.86 9397 9396.74 9397.96 9399.85 9401.98 9404.39 9407.5 9410.85 9414.95 9420 9422.3 9420.13 9419.51 9419.71 9420.54 9421.96 9423.27 9424.67 9424.35 9426.42 9430.75 9434.01 9434.01 9431.83 9428.69 9426.9 9424.99 9424.37 9422.34 9419.75 9417.69 9415.1 9412.59
9407.33 9408.68 9410.9 9414.75 9419.48 9421.57 9419.07 9414.36 9414.13 9415.59 9417.5 9419.78 9422.27 9424.89 9426.36 9426.96 9426.8 9425.82 9424.23 9421.83 9419.15 9416.68 9415.21 9414.74 9414.69 9414.7 9414.53 9410.73 9406.39 9402.78 9400.37 9398.9 9399.21 9399.49 9398.7 9398.08 9398.43 9399.66 9401.64 9403.81 9406.37 9409.35 9412.31 9414.7 9415.59 9416.79 9417.2 9417.79 9418.86 9420 9421.21 9422.14 9422.1 9426.05 9431.15 9432.41 9431.37 9429.27 9427.26 9425.71 9424.5 9424.05 9422.5 9420.31 9418.27 9418.87 9420.08
9407.89 9408.78 9410.17 9412.08 9418.61 9426.82 9423.35 9421.53 9418.4 9418.29 9419.53 9420.86 9421.84 9424.06 9426.11 9425.83 9425.97 9425.25 9423.8 9421.62 9419.37 9417.1 9415.5 9414.75 9413.73 9412.84 9411.36 9409.13 9406.11 9403.28 9401.19 9399.87 9400.58 9400.57 9399.5 9398.7 9398.81 9399.69 9401.15 9403.18 9405.2 9407.24 9409.14 9410.55 9411.76 9413.2 9414.34 9415.18 9416.58 9417.96 9419.29 9420.75 9421.26 9426.07 9433.31 9431.21 9429.26 9427.03 9425.05 9425.48 9426.82 9425.58 9423.62 9421.29 9420.04 9422.15 9425.29
9407.88 9408.52 9409.57 9411 9415.92 9421.32 9419.98 9418.29 9418.6 9419.98 9421.89 9422.97 9421.66 9418.37 9420.79 9424.79 9426.26 9425.65 9424.14 9421.87 9419.71 9418.08 9417.17 9414.75 9412.64 9410.99 9409.21 9407.73 9405.79 9403.49 9402.24 9402.68 9402.3 9401.3 9399.34 9398.54 9398.83 9399.87 9401.09 9402.47 9403.74 9405.18 9406.33 9407.62 9409.06 9410.01 9411.39 9412.8 9414.28 9415.76 9417.26 9419.12 9419.13 9423.36 9426.99 9427.76 9426.76 9425.39 9423.59 9425.37 9428.88 9427.81 9425.47 9423.09 9421.07 9424.37 9427.74
9407.4 9408.02 9409.26 9411.13 9412.91 9414.06 9413.79 9413.77 9417.4 9421.09 9424.92 9427.98 9427.77 9419.34 9423.04 9428.21 9428.85 9427.26 9425.01 9422.31 9419.65 9417.32 9415.47 9413.28 9411.5 9409.71 9407.95 9406.97 9405.76 9404.94 9404.18 9402.18 9399.89 9398.07 9397.37 9397.64 9398.14 9399.31 9400.53 9401.31 9402.48 9403.41 9404.05 9404.61 9404.81 9406.82 9408.88 9410.82 9412.45 9413.71 9414.55 9415.74 9417.63 9419.74 9422.8 9423.71 9424.46 9424.96 9425.98 9431.87 9432.96 9430.01 9427.22 9425.45 9425.41 9425.31 9427.07
9406.7 9407.12 9408.08 9409.36 9409.58 9408.92 9410.01 9412.57 9416.64 9422.09 9428.42 9435.34 9442.62 9448 9442.31 9437.14 9433.34 9429.69 9426.42 9422.72 9419.34 9415.88 9412.4 9411.3 9410.83 9409.84 9408.2 9406.84 9405.33 9404.04 9402.53 9399.93 9395.93 9393.9 9394.79 9396.12 9397.16 9398.52 9399.21 9400.2 9401.26 9401.96 9402.23 9402.54 9403.07 9404.71 9406.9 9409.32 9411.17 9412.54 9412.99 9412.85 9414.39 9414.26 9416.01 9419.87 9422.36 9424.76 9427.51 9430.41 9432.31 9430.7 9427.99 9425.31 9423.77 9424 9423.57
9406.19 9406.02 9406.11 9406.6 9406.94 9407.12 9407.25 9409.9 9415.45 9422.28 9430.31 9440.08 9453.03 9466.64 9454.78 9444.18 9437.2 9431.67 9427.25 9423.43 9419.48 9415.43 9411.61 9410.51 9410.86 9411.31 9409.56 9406.85 9404.52 9402 9398.72 9397.32 9392.57 9391.12 9392.85 9394.72 9396.22 9397.67 9398.85 9399.86 9400.6 9401.14 9401.22 9401.33 9401.87 9403.37 9405.84 9408.7 9411.02 9412.71 9413.75 9413.86 9412.96 9412.88 9414.41 9417.75 9420.99 9424.17 9427.43 9430.66 9431.81 9430.63 9428.24 9426.18 9424.34 9422.87 9420.4
9405.75 9405.06 9404.33 9404.42 9404.94 9405.34 9403.8 9407.12 9414.29 9421.59 9429.46 9438.25 9448.58 9459.26 9451.72 9443.93 9437.57 9432.63 9428.17 9424.04 9420.01 9416.1 9412.75 9411.42 9411.04 9410.27 9408.69 9406.28 9403.69 9401.18 9399.39 9395.32 9391.47 9391.23 9392.34 9393.81 9395.39 9396.97 9398.33 9399.57 9400.51 9401.22 9401.34 9400.95 9400.59 9402.34 9405.77 9409.27 9411.96 9413.82 9415.01 9415.06 9413.63 9413.22 9414.43 9417.06 9420.01 9423.19 9426.98 9431.2 9431.59 9430.15 9428.52 9427.19 9425.37 9423.29 9420.6
9406.49 9405.09 9403.33 9403.46 9404.79 9405.65 9404.71 9407.79 9414.24 9420.71 9426.94 9432.35 9435.1 9436.3 9441.24 9439.46 9435.78 9431.56 9427.85 9423.93 9420.37 9417.12 9414.78 9412.98 9411.46 9409.8 9407.86 9405.49 9402.85 9400.06 9397.05 9394.96 9393.16 9392.56 9392.8 9393.53 9394.95 9396.56 9398.07 9399.79 9401.29 9402.14 9402.47 9402.09 9401.23 9403 9407.52 9411.38 9414.01 9415.49 9416.02 9414.94 9413.54 9413.13 9415.12 9417.41 9419.49 9421.46 9423.98 9427.43 9428.34 9428.74 9428.7 9428.37 9426.76 9424.73 9423
9408.34 9406.73 9404.61 9405.03 9406.76 9407.83 9407.93 9410.6 9415.68 9420.55 9424.91 9427.99 9429.14 9430.64 9433.61 9434.18 9432.47 9429.54 9426.4 9423.3 9420.43 9417.86 9415.64 9413.77 9411.72 9409.74 9407.28 9404.82 9402.21 9399.32 9396.09 9396.13 9396.32 9393.97 9392.97 9393.28 9394.51 9396.3 9398.14 9399.98 9402.09 9403.68 9405.06 9405.74 9405.09 9406.61 9412.34 9415.52 9417.25 9417.79 9416.78 9413.31 9414.12 9415.79 9417.62 9419.22 9420.12 9420.39 9419.97 9420.49 9424.35 9427.3 9428.88 9430.06 9428.08 9426.03 9424.51
9411.65 9410.6 9409.89 9410.33 9411.48 9411.4 9410.71 9414.79 9418.38 9421.64 9424.44 9426.3 9427.31 9428.48 9429.92 9430.47 9429.37 9427.46 9424.95 9422.37 9419.86 9417.73 9416.13 9414.63 9411.57 9408.54 9406.54 9404.18 9401.77 9399.46 9397.56 9396.61 9395.85 9392.91 9392.06 9392.73 9394.16 9395.67 9397.91 9400.31 9403.27 9405.95 9408.96 9411.96 9415.38 9419.38 9420.75 9421.57 9421.64 9421.21 9419.52 9416.09 9418.02 9420.3 9421.63 9422.43 9422.66 9421.88 9419.97 9420.14 9423.85 9427.27 9429.25 9429.93 9428.58 9426.62 9424.64
9414.85 9414.34 9415.98 9416.63 9418.18 9419.64 9422.6 9420.74 9421.83 9423.7 9425.41 9426.45 9426.73 9427.54 9428.08 9427.79 9426.77 9425.15 9423.06 9420.6 9418.46 9416.57 9414.72 9413.02 9410.98 9408.63 9405.86 9403.37 9401.11 9399.22 9398.03 9394.22 9389.5 9389.29 9390.11 9391.45 9393.46 9395.67 9398.31 9401.25 9404.51 9408.3 9412.7 9417.95 9424.76 9430.37 9429.01 9427.53 9426.42 9425.34 9424.18 9421.66 9423.88 9426.58 9426.48 9426.92 9427.29 9426.8 9425.08 9425.29 9427.81 9430.12 9430.61 9430.08 9429.03 9427.14 9424.72
9416.98 9415.38 9416.53 9420.73 9424.88 9427.81 9422.71 9423.64 9425.29 9426.18 9426.98 9427.83 9428.29 9427.94 9427.3 9425.95 9424.49 9422.74 9420.74 9418.54 9416.63 9414.77 9412.84 9410.6 9409.42 9407.28 9404.64 9402.07 9399.77 9397.64 9395.14 9390.97 9386.76 9386.77 9388.74 9390.99 9393.43 9395.91 9399.04 9402.43 9405.89 9410.19 9415.23 9421.23 9428.36 9434.06 9433.35 9431.93 9430.8 9429.31 9427.63 9427.09 9428.07 9429.6 9430.67 9431.91 9433.28 9434.43 9435.4 9435.48 9436.03 9436.19 9434.3 9431.92 9430.67 9428.31 9425.26
9418.27 9416.37 9417.34 9425.06 9431.98 9434.81 9433.63 9431.09 9429.51 9428.76 9428.7 9429.13 9430.11 9428.25 9426.17 9424.66 9422.67 9420.83 9418.7 9416.68 9414.81 9412.96 9410.98 9409.59 9407.4 9405.07 9402.51 9399.96 9397.62 9395.34 9392.74 9388.62 9385.65 9386.08 9387.83 9390.24 9392.96 9395.9 9399.11 9402.72 9406.6 9411.12 9416.26 9421.8 9427.57 9432.28 9433.77 9434.48 9434.79 9434.05 9433.04 9432.59 9431.69 9432.41 9434.39 9436.73 9439.59 9442.8 9444.81 9446.8 9446.67 9444.99 9441.21 9437.39 9433.93 9430.15 9426.25
9419.42 9418.75 9422.7 9431.46 9440.63 9447.45 9444.4 9437.5 9432.87 9430.54 9429.68 9429.3 9428.9 9427.22 9424.83 9422.57 9420.65 9419.01 9416.34 9414.35 9412.83 9410.82 9408.91 9406.86 9404.67 9402.28 9399.86 9397.44 9395.15 9392.99 9390.83 9387.14 9385.18 9385.83 9387.36 9389.59 9392.28 9395.31 9398.63 9402.35 9406.31 9410.71 9415.47 9420.36 9424.81 9427.93 9432.06 9435.85 9438.88 9440.87 9442.12 9441.04 9435.98 9436.2 9438.14 9440.47 9444.43 9450.64 9456.76 9458.62 9459.42 9455.28 9447.8 9442.55 9437.7 9431.99 9426.55
9420.73 9421.54 9427.05 9437.73 9448.08 9453.97 9446.74 9438.08 9433.43 9430.78 9429.44 9428.72 9427.51 9425.57 9422.85 9420.28 9417.98 9416.27 9414.2 9412.08 9410.24 9408.57 9406.88 9405.2 9401.47 9399.36 9397.06 9394.75 9392.53 9390.35 9388.38 9385.83 9384.59 9385.25 9386.83 9388.97 9391.53 9394.45 9397.67 9401.1 9405.11 9409.31 9413.77 9418.32 9422.42 9426.12 9431.07 9436.47 9442 9448.04 9451.12 9448.96 9446.48 9442.77 9441.45 9442 9444.98 9452.55 9462.54 9463.34 9467.1 9463.54 9458.84 9450.56 9441.43 9432.76 9425.04
9422.21 9424.41 9431.97 9442.96 9453.42 9458.18 9446.45 9435.96 9431.69 9429.42 9428.2 9427.69 9426.65 9424.01 9421.38 9418.54 9415.89 9413.71 9411.19 9409.73 9407.71 9405.49 9404.22 9403.64 9400.31 9396.72 9394.13 9391.83 9389.57 9387.49 9385.51 9383.59 9383.22 9384.29 9386.23 9388.23 9390.54 9392.82 9395.89 9399.38 9403.31 9407.29 9411.64 9416.05 9420.55 9425.21 9430.24 9435.6 9441.57 9448.72 9452.08 9451.11 9450.61 9446.09 9442.75 9440.94 9440.42 9440.52 9445.48 9454.98 9460.61 9464.14 9467.28 9455.5 9442.97 9431.74 9421.48
9424.43 9427.21 9435.59 9446.74 9456.19 9457.45 9444.74 9433.25 9429.02 9427.12 9425.99 9424.75 9423.37 9421.4 9419.08 9416.37 9413.55 9410.75 9408.42 9405.97 9403.86 9401.88 9400.07 9398.4 9395.78 9393.05 9390.65 9388.49 9386.55 9384.59 9382.75 9381.12 9381.78 9384.1 9385.56 9386.86 9388.61 9391.55 9394.18 9397.06 9400.78 9404.22 9408.6 9412.97 9417.96 9423.57 9428.57 9432.48 9436.77 9441.38 9444.35 9446.69 9447.08 9444.92 9441.61 9438.58 9435.78 9433.03 9436.58 9446.36 9451.42 9458.22 9463.64 9452.45 9440.58 9428.7 9417.17
9427.62 9432.86 9440.14 9449.02 9456.74 9455.73 9442.05 9430.13 9426.19 9424.58 9423.62 9422.95 9421.06 9418.34 9416 9413.33 9410.65 9407.56 9405.15 9402.62 9400.28 9397.88 9395.53 9392.97 9390.6 9388.95 9387.16 9385.4 9383.65 9381.95 9380.32 9378.54 9380.15 9383.32 9384.48 9385.76 9387.42 9389.54 9392.05 9394.57 9397.57 9401.12 9405.21 9409.19 9413.79 9419.43 9424.2 9427.25 9430.17 9431.52 9434.63 9440.6 9443.37 9441.94 9439.27 9436.29 9433.5 9432.36 9436.6 9444.85 9451.84 9452.57 9446.22 9444.71 9435.65 9424.39 9412.72
9430.98 9435.67 9442.6 9449.41 9453.75 9450.52 9438.99 9427.76 9424.09 9422.39 9421.27 9419.64 9418.04 9415.59 9413.29 9410.73 9408.01 9405.42 9402.94 9400.41 9397.45 9394.66 9391.58 9388.5 9386.36 9385.27 9383.88 9382.65 9381.21 9379.76 9378.62 9377.35 9378.27 9381.14 9382.59 9383.93 9385.56 9387.57 9390 9392.45 9395.44 9398.28 9401.45 9404.72 9408.18 9411.89 9415.55 9420.94 9425.33 9427.37 9429.98 9436.01 9438.8 9438.51 9436.5 9434.27 9432.26 9431.63 9437.23 9445.84 9453.91 9455.3 9449.72 9440.47 9430.85 9419.81 9408.31
9433.88 9438.49 9444.19 9449.39 9450.7 9446.45 9437.33 9428.03 9422.94 9420.57 9419.34 9418.12 9415.7 9413.16 9410.66 9408.14 9405.76 9403.16 9400.71 9398.11 9395.55 9392.56 9389.27 9385.42 9383.72 9382.27 9381.13 9379.98 9378.89 9377.66 9376.26 9375.15 9376.07 9378.81 9380.17 9381.46 9383.28 9385.44 9387.91 9390.51 9393.12 9395.42 9397.99 9400.41 9402.64 9404.72 9408.18 9415.33 9422.49 9426.18 9427.82 9434.91 9436.79 9434.44 9433.01 9432.28 9431.94 9432.12 9438.1 9446.09 9454.21 9455.34 9447.43 9436.68 9426.09 9415.34 9404.51
9436.05 9439.05 9445.3 9450.31 9452.76 9446.1 9436.16 9426.85 9421.19 9418.37 9416.96 9416.16 9412.95 9410.26 9407.87 9405.75 9403.4 9401.17 9398.82 9396.37 9393.53 9390.69 9387.97 9385.65 9381.44 9379.66 9378.7 9378.02 9377.36 9376.55 9375.03 9374.15 9374.34 9376.28 9376.9 9378.33 9380.72 9383.31 9385.92 9388.45 9390.98 9392.85 9395.04 9396.93 9398.39 9399.47 9401.29 9410.64 9420.21 9422.72 9422.43 9427.08 9428.63 9427.83 9427.87 9429.4 9432.39 9435.98 9438.68 9443.48 9449.4 9448.5 9439.72 9430.72 9421.32 9411.15 9401.18
