real_craters/C185-500m.grd
DSAA
322 322
-80.185 80.185
-80.185 80.185
7925.9379542389 10328.140730516
[rows 120 to 149 of 322, columns 67 to 133 of 322]
9432.84 9425.73 9422.37 9422.27 9422.17 9425.6 9428.55 9424.48 9421.02 9411.95 9405.34 9401.38 9399.05 9397.3 9398.19 9405.19 9413.31 9422.81 9430.37 9416.5 9403.95 9400.37 9402.78 9403.98 9405.92 9408.41 9412.47 9419.07 9427.69 9426.14 9425.86 9425.9 9424.8 9422.41 9417.39 9418.81 9431.27 9446.21 9449.28 9449.29 9448.89 9460.92 9444.17 9433.62 9436.68 9446.4 9451.53 9462.21 9481.56 9520.22 9563.85 9609.72 9651.62 9634.49 9614.56 9586.06 9572.63 9536.87 9566.15 9600.02 9621.32 9641.05 9666.43 9681.16 9719.15 9773.92 9838.89
9444.24 9436.36 9429.79 9424.85 9425.54 9430.02 9433.2 9432.88 9429.61 9423.76 9418.68 9416.34 9412.92 9412.11 9413.12 9414.21 9419.4 9425.94 9427.73 9415.3 9406.02 9403.35 9400.04 9404.64 9405.9 9406.39 9408.12 9411.85 9419.23 9427.81 9431.71 9432.66 9430.43 9427.45 9427.22 9431.21 9455.04 9480.49 9475.7 9455.32 9438.17 9421.31 9423.57 9416.46 9417.24 9431.4 9441.53 9457.66 9480.71 9515.13 9545.06 9561.93 9556.74 9553.31 9544.93 9550.63 9545.19 9578.32 9623.56 9635.1 9625.64 9612.54 9599.01 9644.77 9707.58 9771.32 9828.19
9449.81 9443.28 9436.11 9429.19 9429.52 9434.67 9438.88 9440.15 9437.5 9432.79 9427.44 9423.48 9419.75 9417.57 9416.91 9418.26 9421.82 9425.6 9427.31 9418.55 9413.92 9410.54 9410.25 9409.39 9408.12 9406.87 9406.77 9407.48 9412.45 9431.47 9441.2 9444.11 9440.82 9434.95 9450.68 9468.8 9477.43 9470.67 9467.82 9451.74 9432.61 9422.84 9414.53 9409.32 9409.99 9420.33 9432 9456.9 9485.82 9511.74 9538.66 9549.2 9549.69 9562.15 9559.63 9591.32 9612.03 9665 9702.49 9672.46 9634.31 9604.97 9586.39 9628.51 9701.16 9770.31 9824.62
9454.55 9449.14 9443.29 9438.18 9439.23 9445.59 9449.14 9450.14 9446.78 9440.33 9432.71 9424.05 9419.09 9418.49 9417.15 9418.57 9421.37 9423.09 9422.62 9418.21 9419.48 9420.74 9419.62 9415.56 9412.1 9409.15 9408.78 9411.03 9424.66 9445.47 9457.02 9464.56 9467.81 9480.03 9493.71 9498.06 9484.19 9469.93 9462.47 9444.83 9428.94 9420.8 9413.61 9409.88 9409.91 9413.7 9423.49 9445.47 9474.67 9508.62 9547.11 9588.79 9613.58 9625.11 9638.67 9636.61 9658.43 9681.97 9673.18 9658.11 9635.4 9613.19 9598.17 9636.37 9707.4 9775.93 9833.42
9458.64 9453.87 9450.3 9450.43 9454.95 9457.77 9460.24 9461.66 9455.88 9446.7 9437.31 9429.2 9424.31 9420.46 9416.53 9418.5 9420.19 9421.13 9419.92 9416 9416.91 9421.04 9423.93 9420.63 9417.69 9415.41 9415.47 9417.85 9428.68 9457.86 9473.52 9488.27 9506.57 9521.12 9517.92 9491.59 9475.04 9465.07 9454.89 9438.65 9422.33 9417.85 9413.95 9411.69 9411.4 9413.28 9415.13 9425.04 9457.01 9500.71 9549.02 9603.99 9635.48 9637.04 9628.73 9629.53 9642.27 9638.71 9610.25 9633.33 9636.6 9633.2 9637 9670.05 9726.56 9784.69 9836.36
9458.46 9456.08 9453.43 9453.35 9455.87 9461.01 9464.35 9467.22 9460.28 9449.76 9440.47 9433.91 9428.88 9423.34 9421.73 9420.78 9420.85 9419.55 9418.14 9416.28 9416.17 9418.17 9422.05 9424.26 9424.74 9423.39 9425.88 9431.41 9446.36 9471.22 9485.8 9501.19 9516.74 9522.96 9512.06 9487.56 9472.44 9461.75 9450.54 9436.84 9424.09 9419.21 9415.53 9412.42 9411.88 9413 9410.78 9414.97 9445.17 9489.76 9535.11 9572.56 9615.07 9632.15 9620.28 9616.49 9641.83 9644.67 9635.48 9641.26 9649.62 9658.32 9674.14 9703.69 9745.31 9789.36 9824.5
9460.05 9457.15 9453.17 9450.13 9450.08 9453.76 9459.81 9465.47 9457.67 9448.75 9440.34 9432.05 9424.41 9425.03 9424.53 9424.4 9422.94 9420.63 9417.54 9415.01 9414.34 9418.64 9423.79 9428.89 9434.26 9437.68 9437.81 9442.58 9456.95 9475.65 9491.14 9504.42 9511.36 9510.43 9502.06 9489.27 9476.78 9467.49 9451.96 9439.81 9428.75 9425.68 9420.25 9412.71 9413.07 9413.82 9411.26 9416.53 9442.64 9479.15 9522.25 9568.98 9601.91 9622.19 9638.02 9642.89 9669.28 9674.85 9672.85 9664.74 9666.94 9678.84 9697.41 9721.81 9748.86 9778.39 9800.54
9459.66 9456.93 9451.26 9446.16 9441.63 9448.58 9449.76 9449.5 9449.11 9445.31 9439.8 9433.62 9429.18 9429.06 9430.91 9429.24 9426.3 9423.41 9420.13 9419.08 9417.54 9420.24 9425.86 9433.07 9440.95 9447.13 9446.81 9448.61 9463.1 9479.39 9492.18 9506.78 9521.42 9508.75 9495.27 9481.98 9469.43 9456.57 9448.11 9443.12 9444.23 9436.38 9429.85 9423.07 9416.85 9415 9414.65 9422.41 9441.23 9470.05 9506.78 9553.42 9597.29 9638.71 9668.92 9682.54 9687.86 9684.66 9682.48 9679.87 9679.81 9686.72 9701.57 9717.74 9724.21 9735.75 9753.95
9455.93 9451.96 9448.66 9446.54 9445.26 9445.89 9443.15 9441.42 9443.03 9443.67 9441.41 9437.7 9432.58 9434.09 9434.24 9432.16 9429.58 9427.03 9423.24 9416.01 9420.67 9422.64 9429.76 9436.84 9442.42 9447.69 9452.73 9458.29 9466.11 9478.27 9490.14 9498.89 9506.84 9511.33 9493.02 9476.7 9452.82 9445.49 9441.93 9438.38 9441.62 9440.38 9438.28 9433.77 9422.34 9418.02 9420.49 9427.1 9442.43 9462.65 9488.46 9526.05 9589.85 9652.64 9704.48 9701.87 9690.85 9693.17 9696.42 9691.42 9682.18 9677.05 9679.77 9687.19 9660.61 9639.04 9628.01
9439.24 9439.58 9446.1 9450.13 9453.84 9452.9 9445.8 9440.76 9444.91 9446.22 9445.57 9444.23 9444.01 9439.98 9435.96 9433.86 9431.8 9430.29 9429.38 9428.42 9425.31 9429.77 9437.36 9443.56 9445.85 9450.68 9456.88 9461.74 9462 9469.52 9489.82 9503.74 9512.33 9504.9 9498.51 9474.88 9454.92 9445.76 9440.32 9434.51 9435.48 9438.6 9440.44 9438.64 9435.27 9431.11 9432.05 9438.83 9446.67 9460.14 9479.08 9517.09 9598.03 9702.95 9747.9 9712.71 9712.57 9732.92 9725.54 9699.36 9672.11 9643.87 9620.44 9598.03 9548.34 9497.34 9439.17
9437.39 9440.57 9448.41 9454.9 9458.98 9458.77 9455.36 9453.89 9452.56 9451.71 9450.37 9448.85 9447.53 9442.39 9436.47 9434.17 9432.37 9432.41 9433.57 9434.79 9431.9 9441.8 9448.07 9454.4 9458.78 9460.78 9460.58 9458.61 9457.01 9461.59 9487.3 9508.48 9512.99 9501.15 9485.96 9467.31 9455.32 9449.09 9441.06 9435.81 9433.87 9434.9 9434.53 9432.41 9436.94 9434.29 9439 9447.11 9453.2 9463.35 9480.22 9518.61 9589.79 9697.49 9747.17 9740.36 9759.73 9777.13 9747.59 9694.89 9643.61 9592.91 9539.26 9471.23 9418.45 9364.18 9294.34
9447.4 9450.52 9455.3 9461.32 9465.39 9465.58 9465.73 9463.78 9461.46 9457.45 9454.12 9451.55 9447.07 9441.75 9434.35 9429.1 9430.51 9432.78 9435.87 9436.73 9442 9451.19 9456.26 9464.37 9475.48 9473.11 9469.04 9462.66 9457.06 9456.19 9483.81 9508 9517.65 9503.16 9481.91 9462.04 9450.07 9446.28 9440.01 9436.06 9435.48 9432.6 9429.06 9421.25 9403.91 9421.33 9441.08 9452.27 9460 9472.97 9491.01 9525.99 9583.62 9675.64 9750.06 9786.53 9803.83 9808.45 9746.98 9674.67 9609.42 9541.8 9470.81 9386.79 9323.62 9267.71 9203.92
9450.61 9454.62 9463.88 9469.99 9472.04 9476.2 9485.57 9480.33 9469.91 9462.21 9456.41 9452.96 9453 9447.22 9432.1 9424.42 9428.59 9432.31 9437.03 9441.71 9449.14 9449.84 9457.34 9466.28 9474.59 9477.01 9478.7 9472.68 9461.85 9462.69 9484.74 9505.03 9506.27 9498.43 9484.43 9465.97 9453.12 9443.24 9438.45 9432.85 9433.35 9433.9 9430.91 9430.52 9431.92 9429.11 9438.23 9452.44 9468.34 9488.26 9512.65 9545.01 9598.75 9702.22 9825.46 9834.05 9813.05 9775.19 9702.41 9629.87 9560.65 9494.3 9421.56 9342.64 9275.08 9206.47 9128.42
9460.88 9468.89 9476.29 9482.95 9485.93 9491.41 9492.57 9484.51 9472.14 9462.14 9454.06 9448.6 9444.63 9437.34 9429.4 9429.23 9428.37 9430.25 9435.01 9441.52 9445.92 9447.28 9453.58 9461.04 9468.21 9470.85 9474.15 9469.67 9462.6 9465.85 9501.18 9512.33 9502.07 9495.28 9484.11 9466.21 9455 9448.51 9441.24 9433.42 9437.78 9442.93 9443.29 9447.52 9448.49 9443.3 9445.51 9458.6 9478.23 9506.67 9542.55 9568.56 9611 9715 9834.61 9831.43 9757.82 9683.69 9624.49 9566.81 9507.2 9450.4 9390.07 9327 9272.49 9219.11 9133.42
9469.56 9480.3 9486.91 9493.96 9498.79 9492.79 9487.34 9477.71 9466.82 9456.68 9448.23 9440.22 9431.77 9424.06 9421.25 9420.99 9423.53 9425.94 9429.92 9434.75 9440.39 9443.51 9448.47 9453.78 9456.69 9458.37 9457.09 9457.93 9458.36 9465.76 9503.48 9516.59 9505.46 9493.73 9479.07 9466.56 9458.01 9454.86 9449.84 9442.88 9445.37 9455.15 9469.85 9461.91 9456.81 9452.76 9460.54 9469.07 9487.33 9514.45 9555.09 9586.53 9646.18 9775.46 9872.2 9781.41 9654.96 9573.73 9535.89 9496.6 9450.26 9403.96 9360.39 9323.13 9287.64 9217.48 9126.63
9474.42 9485.45 9491.12 9493.04 9488.05 9477.27 9471.39 9464.61 9455.75 9447 9438.33 9430.58 9423.08 9417.41 9412.08 9410.43 9415.23 9420.63 9425.59 9431.64 9440.39 9440.25 9444.05 9449.2 9451.34 9449.42 9444.48 9448.42 9453.73 9462.09 9494 9509.88 9503.93 9495.07 9483.77 9469.77 9461.19 9464.77 9458.79 9452.38 9451.47 9455.24 9461.55 9465.27 9460.56 9463.65 9466.56 9480.88 9496.67 9517.12 9548.18 9603.41 9678.74 9815.3 9818.7 9687.56 9550.24 9487.85 9459.4 9428.42 9393.09 9353.97 9316.2 9278.08 9231.92 9140.66 9063.72
9475.51 9486.09 9488.92 9488.5 9478.44 9464.23 9455.76 9449.47 9442.55 9436.31 9429.2 9421.35 9413.12 9405.51 9403.37 9404.31 9409.28 9416.09 9424.66 9434.72 9441.91 9437.16 9440.66 9445.83 9448.03 9447.03 9446.51 9447.12 9452.02 9463.94 9494.72 9515.5 9511.6 9496.29 9480.29 9461.73 9471.61 9465.61 9459.83 9457.3 9454.64 9452.86 9458.73 9471.86 9475.12 9485.28 9498.93 9502.3 9512.81 9530.15 9571.18 9663.8 9740.5 9801.42 9737.14 9613.39 9502.15 9445.79 9408.95 9379.46 9344.1 9307.71 9264.3 9216.41 9148.84 9079.01 9007.73
9472.71 9481.32 9480.43 9474.05 9460.64 9443.89 9438.75 9434.57 9430.32 9425.22 9420.44 9413.76 9406.23 9396.87 9398.76 9401.18 9405.1 9410.95 9419.15 9427.97 9431.37 9431.91 9437.46 9443.66 9445.94 9446.51 9446.53 9447.4 9451.13 9460.33 9484.5 9516.07 9513.52 9494.74 9474.1 9461.87 9467.37 9458.91 9453.47 9457.99 9455.97 9454.89 9462.55 9481.8 9486.15 9497.85 9512.93 9524.17 9536.39 9555.4 9620.61 9761.93 9805.16 9778.29 9692.67 9578.83 9483.38 9426.41 9382.44 9341.35 9299.12 9258.25 9215.05 9165.75 9107.73 9029.69 8954.94
9466.62 9469.2 9465.49 9454.99 9441.36 9426.88 9423.03 9421.06 9419.06 9416.41 9413.78 9409.56 9405.09 9402.48 9401.4 9401.49 9403.13 9406.18 9408.16 9414.62 9419.23 9423.16 9430.69 9437.98 9443.17 9446.98 9448.92 9447.93 9449.38 9454.71 9471.8 9509.28 9506.58 9491.18 9475.31 9465.55 9454.7 9452.97 9449.72 9451.95 9459.13 9461.68 9465.54 9470.99 9483.16 9504.41 9528.33 9551.6 9572.34 9597.25 9660.63 9753.67 9706.21 9580 9621.9 9561.46 9454.84 9408.89 9363.64 9317.4 9268.44 9218.98 9171.63 9117.6 9059.92 8989.91 8896.6
9459.11 9457.75 9451.61 9442.61 9427.92 9414.75 9411.42 9411.15 9410.67 9410.4 9409.66 9407.77 9406.04 9405.54 9405.46 9407.3 9409.31 9406.13 9401.68 9407.15 9412.25 9416.55 9424.54 9432.51 9439.61 9444.92 9447.73 9447.77 9448.48 9452.18 9463.86 9489.27 9491.12 9483.63 9471.49 9461.53 9457.59 9459.14 9465.56 9462.25 9469.89 9475.32 9474.15 9470.34 9481.48 9512.1 9549.12 9588.25 9623.46 9654.03 9712 9751.42 9662.99 9565.05 9581.96 9548.99 9455.4 9404.56 9352.88 9300.28 9244.42 9197.68 9138.3 9075.24 9002.78 8928.52 8829.21
9451.06 9446.23 9438.15 9426.8 9419.46 9410.36 9404.68 9405.42 9406.09 9406.92 9407.18 9407.11 9407.18 9407.62 9409.24 9411.64 9414.08 9410.88 9408.47 9410.19 9412.07 9413.12 9420.82 9431.38 9437.39 9442.6 9445.53 9446.46 9447.49 9448.88 9451.89 9462.43 9472.63 9476.27 9477.9 9477.7 9469.76 9473.76 9485.24 9476.9 9484.44 9490.89 9484.92 9485.34 9487.21 9502.11 9568.73 9637.56 9694.55 9733.66 9792.06 9831.11 9709.28 9597.32 9573.53 9514.05 9453.75 9404.34 9346.52 9284.86 9223.11 9163.03 9099.56 9034.02 8979.57 8899.89 8754.81
9442.95 9434.68 9425.32 9418.01 9417.25 9415.17 9406.07 9403.74 9403.96 9404.56 9406.33 9407.57 9409.04 9411.02 9412.9 9413.93 9415.24 9413.22 9409.86 9415.73 9418.15 9419.83 9420.84 9428.99 9434.79 9440.81 9443.98 9446.63 9448.73 9448.89 9448.64 9449.75 9459.1 9466.46 9474.32 9474.2 9467.64 9463.59 9462.5 9476.12 9494.14 9508.09 9487.35 9478.93 9508.3 9546.29 9619.68 9700.69 9778.25 9846.98 9868.53 9867.42 9770.11 9666.75 9523.95 9463 9424.9 9383.12 9328.7 9265.49 9199.25 9133.25 9062.78 8977.23 8884.01 8774.63 8672.96
9434.99 9425.22 9416.86 9417.63 9418.03 9417.79 9405.68 9402.36 9402.95 9404.36 9406.28 9408.53 9411.13 9413.23 9414.65 9415.83 9415.09 9414.21 9414.17 9415.41 9422.25 9427.69 9428.36 9428.65 9431.44 9433.4 9440.13 9445.09 9448.71 9450.27 9448.94 9448.53 9451.72 9455.17 9456.87 9456.05 9460.77 9463.86 9465.55 9482.09 9499.1 9511.1 9501.04 9502.93 9562.36 9619.66 9690.27 9760.93 9833.18 9899.3 9872.58 9809.02 9707.23 9588.17 9442.6 9424.15 9390.73 9361.25 9310.06 9245.1 9177.22 9102.33 9020.85 8926.56 8780.14 8645.22 8568.02
9429.04 9420.52 9415.28 9416.58 9417.85 9415.52 9401.98 9401.44 9402.79 9404.8 9406.96 9409.47 9412.4 9416.38 9420.99 9418.28 9418.34 9416.42 9416.44 9419.12 9422.83 9423.71 9423.8 9426.53 9430.41 9433.28 9438.94 9444.25 9448.78 9454.52 9456.71 9448.24 9448.55 9450 9450.93 9454.95 9475.66 9484.03 9489.11 9500.39 9517.87 9534.84 9548.79 9568.42 9649.44 9723.94 9761.74 9803.53 9841.67 9857.22 9813.84 9733.35 9638.26 9508.87 9387.82 9359.23 9354.19 9342.18 9286.34 9220.62 9149.06 9073.06 8989.63 8908.07 8826.65 8680.36 8514.64
9425.3 9419.41 9413.99 9414.74 9416.74 9415.56 9403.42 9403.33 9403.97 9405.12 9406.78 9409.01 9411.84 9414.8 9416.59 9417.56 9416.77 9419.09 9422.5 9424.42 9426.49 9426.08 9425.28 9428.01 9432.56 9437.75 9439.92 9443.64 9447.3 9449.58 9453.02 9449.23 9448.02 9448.08 9450.32 9461.83 9503.25 9503.14 9495.62 9517.34 9568.14 9607.8 9640.26 9663.01 9734.06 9792.28 9815.71 9830.14 9831.6 9804.13 9743.13 9652.12 9556.73 9447.53 9345.94 9321.32 9311.65 9292.31 9254.48 9191.81 9115.38 9034.32 8950 8870.88 8791.6 8607.05 8458.4
9423.83 9420.51 9415.38 9414.07 9414.77 9413.89 9412.25 9407.46 9406.21 9406.65 9407.98 9409.81 9411.64 9413.24 9413.74 9419.73 9423.91 9426.61 9427.72 9430.56 9432.73 9434.01 9433.99 9433.08 9433.78 9436.21 9439.81 9443.53 9446.68 9447.17 9447.07 9450.37 9448.53 9447.06 9446.93 9461.95 9516.06 9511.58 9493.63 9530.45 9627.63 9685.7 9715.15 9738.7 9793.57 9836.97 9848.47 9844.88 9827.79 9780.63 9692.92 9592.84 9491.55 9397.21 9310.99 9300.74 9292.61 9275.43 9232.22 9165.37 9083.28 8988.89 8892.29 8789.51 8665.08 8509.31 8374.57
9425.4 9425.06 9422.56 9416.18 9413.2 9412.34 9409.19 9408.32 9407.51 9407.78 9408.83 9410.27 9412.11 9414.64 9421.21 9425.64 9436.6 9444.87 9440.07 9438.23 9436.86 9438.4 9436.44 9435.72 9435.57 9436.42 9439.74 9443.2 9447.08 9452.38 9448.51 9451.97 9447.86 9447.19 9450.84 9488.2 9548.59 9546.16 9499.8 9533.95 9627.09 9686.32 9710.16 9754.28 9826.51 9865.15 9866.71 9854.12 9820.88 9757.67 9666.72 9582.54 9501.72 9382.41 9295.31 9282.39 9286.38 9273.44 9221.43 9144.77 9050.53 8947.26 8835.24 8712.81 8579.23 8444.75 8318.2
9428.69 9428.89 9423.37 9409.51 9409.75 9409.62 9408.48 9407.75 9408.03 9408.84 9409.52 9410.68 9412.35 9414.41 9416.69 9422.98 9431.05 9436.38 9442.14 9440.41 9435.32 9430.8 9432.76 9436.4 9436.23 9437.85 9440.21 9443.29 9445.73 9449.26 9455.04 9454.61 9452.64 9451.07 9454.62 9507.94 9593.13 9580.37 9539.63 9542.74 9609.5 9659.48 9685.78 9751.04 9833.06 9874.86 9877.96 9860.32 9823.25 9751.79 9655.03 9587.47 9517.98 9360.67 9275.89 9275.69 9285.99 9271.21 9212.09 9127.44 9022.22 8906.43 8782.26 8656.62 8526.15 8398.32 8283.02
9430.66 9430.2 9419.81 9408.18 9406.16 9406.04 9405.3 9405.91 9408.13 9409.31 9410.18 9411.38 9412.74 9414.17 9415.86 9420.21 9425.85 9434.09 9436.75 9434.94 9431.11 9428.27 9428.16 9430 9431.37 9436.12 9442.31 9446.51 9446.43 9440.82 9449.21 9455.02 9456.64 9458.6 9460.38 9497.34 9552 9558.61 9536.08 9548.65 9607.23 9647.39 9674.6 9759.59 9842.24 9880.65 9887.23 9870.04 9824.81 9748.48 9653.48 9560.71 9462.93 9342.62 9286.62 9293.96 9304.94 9284.05 9222.3 9115.7 8991.75 8860.9 8729.3 8602.69 8485.73 8373.98 8280.85
9429.82 9430.59 9426.13 9412.72 9403.16 9402.77 9405.8 9408.81 9410.13 9410.89 9411.88 9412.98 9414.15 9415.58 9418.1 9419.33 9419.5 9420.06 9419.67 9424.17 9426.25 9426.3 9426.04 9429.08 9429.46 9437.84 9448.91 9457 9458.84 9457.52 9461.76 9464.21 9462.01 9460.26 9468.47 9479.25 9495.12 9513.7 9531.88 9565.9 9598.26 9659.69 9700.57 9781.99 9858.5 9889.42 9895.06 9882.13 9839.21 9749.39 9639.93 9545.6 9441.93 9334.19 9304.8 9307.83 9300.68 9313.8 9232.23 9098.21 8960.12 8821.53 8685.6 8556.44 8457.11 8376.11 8285.62
