real_craters/C185-1000m.grd
DSAA
93 93
-45.82 45.82
-45.82 45.82
7296.1932887468 10356.164677976
[rows 30 to 59 of 93, columns 0 to 66 of 93]
9457.68 9455.34 9462.72 9473.23 9499.36 9517.63 9509.16 9502.92 9517.1 9538.31 9550.6 9546.76 9548.15 9555.42 9584.46 9619.35 9667.05 9718.73 9821.36 9967.69 9947.01 9952.09 9887.86 9900.8 10010.5 10098.8 10010.7 9929.25 9704.06 9254.37 9039.58 9003.3 8953.89 8917.01 8904 8886.48 8831.53 8711.59 8645.36 8485.5 8435.23 8408.69 8362.49 8360.22 8218.51 8181.72 8175.23 8169.78 8232.89 8273.43 8267.24 8213.13 8224.58 8337.88 8509.59 8691.77 8777.4 8875.55 9003.06 9167.04 9319.45 9445.79 9733.32 9943.03 9958.08 10027.8 10099.5
9469.47 9474.85 9485.25 9497.31 9525.65 9557.28 9527.17 9506.67 9521.17 9535.19 9542.68 9547.13 9552.18 9557.22 9600.4 9653.3 9704.69 9740.96 9828.59 9904.99 9911.38 9903.25 9877.62 9913.42 10029.2 10210.9 10073.6 9664.43 9327.57 9077.83 8934.4 8901.78 8873.96 8851.91 8849.81 8783.64 8670.01 8608.05 8430.89 8306.78 8247.92 8213.56 8165.06 8131.08 8106.23 8083.27 8059.48 8065.56 8109.92 8130.75 8114.45 8083.96 8068.27 8129.2 8157.54 8372.51 8519.4 8641.99 8787.51 8942.3 9115.21 9319.92 9498.53 9691.9 9922.06 10087.6 10035.4
9475.16 9496.62 9497.18 9485.29 9501.42 9545.55 9528.88 9527.26 9524.31 9535.84 9545.15 9553.27 9565.53 9599.04 9633.83 9690.14 9739.75 9805.39 9880.2 9908.1 9886.03 9875.04 9912.5 9972.81 10012.7 10200.6 9880.9 9375.77 9093.34 9002.04 8939.25 8877.86 8829.95 8786.45 8760.18 8662.41 8620 8400.57 8274.36 8184 8139.8 8106.14 8069.93 8059.58 8045.23 8030.15 8017.56 8019.86 8036.36 8047.26 8044.24 8033.48 8031.7 8039.12 8049.98 8165.41 8308.46 8424.8 8544.25 8757.58 8949.64 9140.34 9385.9 9557.08 9693.64 9910.67 10165
9465.63 9466.36 9467.39 9470.3 9476.72 9502.76 9505.34 9498.12 9520.74 9538.37 9551.83 9553.97 9571.12 9603.03 9647.01 9711.31 9764.66 9845.59 9915.96 9942.2 9918.48 9911.65 10002.7 10091.9 10115.6 10044.1 9608.48 9181.4 9027.73 8974.34 8934.17 8848.59 8774.07 8687.61 8574.37 8404.35 8276.19 8191.7 8139.95 8091.44 8069.12 8056.68 8038.26 8024.57 8014.82 8002.37 7976.37 7975.64 7991.27 7998.68 8001.83 8003.22 8012.9 8016.41 8034.64 8085.58 8195.07 8268.83 8395.55 8583.14 8782.68 9012.47 9291.74 9522.36 9625.71 9682.85 9926.76
9453.42 9453.92 9464.06 9473.41 9490.32 9483.97 9491.64 9504.53 9526.36 9545.55 9555.89 9560.73 9575.3 9601.19 9649.19 9689.33 9754.35 9865.22 9986.91 10016.8 9998.45 9972.38 9952.51 10095.5 10156 9832.37 9411.22 9093.51 8998.95 8944.36 8901.61 8806.46 8696.39 8579.53 8459.98 8290.54 8198.61 8131.57 8074.98 8042.34 8036.19 8022.93 8004.52 7979.73 7973.19 7961.84 7949.71 7957.08 7968.93 7972.84 7974.02 7972.14 7968.89 7988.33 8014.32 8045.6 8075.29 8132.72 8217.92 8415.99 8645.02 8917.01 9159.17 9323.47 9479.18 9638.45 9780.43
9436.29 9430.58 9429.14 9474.86 9500.99 9495.68 9502.8 9526.07 9547.98 9560.22 9567.72 9566.89 9580.19 9618.9 9668.33 9718.2 9792.41 9947.46 9991.11 9966.37 9948.93 9954.74 9942 10059.2 9886.12 9538.74 9266.45 9076.13 8941.89 8896.53 8901.37 8734.55 8588.95 8460.45 8349.21 8225.79 8124.17 8061.89 8039.62 8018.96 8010.14 7994.31 7980.73 7947.02 7944.4 7943.26 7955.99 7958.14 7956.72 7956.47 7951.31 7947 7944.16 7961.85 7980.6 8009.87 8019.39 8047.23 8115.7 8277.39 8490.17 8737.01 8959.81 9002.49 9266.98 9615.23 9810.52
9434.28 9431.12 9440.09 9483.66 9523.94 9520.57 9526.52 9555.23 9575.2 9583.4 9583.91 9575.28 9594.9 9637.05 9716.08 9808.58 9916.85 10007.8 9979.13 9957.07 9958.96 10016.9 10073.1 9928.43 9603.31 9377.31 9122.78 8905.37 8822.89 8771.72 8696.78 8607.47 8495.58 8374.37 8239.61 8168.7 8068.17 8040.49 8011.76 7997.53 7974.21 7969.15 7971.85 7965.28 7949.63 7940.88 7946.09 7948.46 7948.43 7944.22 7937.51 7929.97 7917.02 7941.42 7945.23 7981.84 8013.71 8012.99 8034.41 8163.79 8325.09 8449.92 8503.72 8711.49 9074.46 9519.58 9822.45
9436.04 9446.4 9471.21 9492.02 9516.28 9520.9 9535.28 9575.49 9597.82 9604.45 9617.65 9641.75 9634.1 9669.01 9752.45 9870.59 9985.14 9843.23 9905.38 9992.55 9973.41 10059.1 10052.5 9859.79 9565.03 9289.96 9004.6 8796.74 8731.76 8667.46 8579 8483.09 8383.21 8275.31 8146.15 7841.21 7996.6 8012.43 7976.92 7947.9 7929.9 7932.97 7961.12 7968.49 7964.22 7952.61 7939.33 7941.09 7944.01 7942.14 7935.29 7924.49 7921.63 7932.12 7952.2 7971.31 7984.51 8004.35 8038.45 8115.35 8208.82 8295.76 8408.1 8591.97 8927.63 9346.34 9783.68
9440.19 9451.15 9468.34 9488.76 9511.44 9535.95 9566.3 9587.2 9606.09 9612.55 9625.74 9654.23 9648.03 9675.76 9747.08 9818.93 9822.82 9784.39 9975.74 10061.4 10042.9 10114.1 10080.6 9882.07 9563.28 9214.56 8932 8737.37 8665.45 8583.13 8481.89 8382.1 8293.99 8192.56 8083.73 8043.33 8022.77 7978.84 7962.75 7945.27 7934.3 7942.88 7965.22 7973.7 7977.98 7969.08 7946.42 7945.81 7945.53 7942.45 7938.27 7931.6 7928.53 7926.97 7947.92 7966.03 7976.25 7995.5 8025.77 8077.51 8142.22 8224.86 8351.7 8525.07 8830.2 9145.53 9547.12
9437.27 9449.22 9460.02 9481.44 9502.02 9525.79 9553.69 9571.35 9583.45 9600.92 9617.33 9643.89 9634.36 9669.6 9727 9765.18 9783.3 9812.42 9863.24 10032.4 10087.2 10129.6 10071.8 9906.27 9595.84 9227.36 8928.21 8719.2 8631.16 8529.72 8413.15 8308.12 8222.73 8139.38 8074.31 8042.73 8008.01 7991.6 7976.74 7963.1 7969.74 7978.35 7975.28 7979.06 7987.19 7982.58 7970.49 7960.36 7955.9 7950.29 7945.52 7940.27 7932.85 7934.76 7944.33 7964.19 7975.88 7988.23 8006.36 8038.97 8094.09 8160.37 8286.29 8517.15 8809.75 9116.91 9423.45
9428.73 9444.12 9467.77 9484.39 9490.94 9503.29 9535.85 9548.05 9568.46 9584.46 9602.6 9625.4 9647.16 9676.26 9718.81 9754.05 9773.42 9807.26 9963.23 10054.7 10120.3 10208.5 10095.1 9867.15 9471.36 9224.56 8993.24 8794.73 8633.45 8507.7 8383.12 8265.85 8171.76 8101.35 8055.03 8030.41 8010.59 8002.98 7995.73 7990.43 7982.02 7994.68 7994.1 7998.73 8011.83 8027.34 7986.99 7987.54 7983.65 7981.53 7970.77 7951.21 7948.29 7951.05 7947.78 7960.26 7970.36 7983.94 8002.43 8038.86 8063.47 8112.81 8233.88 8499.76 8822.16 9120.44 9307.63
9418.68 9434.62 9456.77 9475.47 9493.02 9525.78 9508.74 9531.85 9551.89 9572.85 9587.5 9603.24 9639.61 9682.31 9728.85 9777.04 9828.86 9805.49 9938.53 10108.9 10215.1 10279.5 10069.8 9761.99 9460.94 9212.38 9025.35 8881.38 8698.31 8512.07 8353.28 8218.11 8128.9 8066.47 8035.77 8028.19 8022.68 8011.95 8016.22 8014.56 8004.71 8002.28 8008.45 8014.85 8030.74 8028.57 8020.15 8005.81 7984.88 7969.92 7959.86 7957.22 7955.56 7952.28 7949.01 7957.69 7969.29 7984.11 8000.08 8024.74 8046.39 8089.14 8235.3 8489.41 8796.36 9072.95 9224.73
9406.75 9415.83 9421.9 9435.49 9465.79 9496.86 9511.75 9519.94 9546.93 9568.01 9580.78 9596.99 9633.85 9690.59 9747.74 9798.46 9830.02 9838.65 9937.63 10161.8 10255.8 10215.1 9947.64 9602.24 9394.65 9177.79 8957.65 8833.8 8686.07 8493.66 8326.05 8185.34 8106.93 8055.6 8031.73 8021.98 8018.19 8035.61 8038.89 8030.77 8012.04 8008.01 8007.11 8005.45 8018.6 8037.05 8092.85 7968.59 7926.26 7912.76 7919.73 7939.07 7959.16 7945.87 7941.98 7956.7 7968.2 7981.2 7996.82 8022.68 8041.7 8078.68 8193.66 8433.81 8708.96 8992.26 9250.33
9401.29 9406.77 9402.78 9403.38 9432.97 9444.01 9449.25 9478.12 9537.18 9561.81 9576.56 9594.7 9638.74 9696.39 9758.23 9814.88 9846.67 9859.54 9964.05 10080.1 10158.5 10097.4 9855.51 9559.08 9416.53 9176.39 8891.9 8745.47 8604.77 8450.91 8307.97 8186.47 8103.93 8051.82 8030.97 8019.05 8019.61 8039.87 8046.11 8034.93 8016.61 8012.17 8010.16 7995.6 7974.53 8034.04 7872.55 7815.2 7808.62 7833.96 7878.25 7922.8 7963.45 7960.79 7955.79 7961.17 7971.95 7981.84 7994.34 8012.83 8042.24 8109.37 8183.75 8361.19 8650.69 8947.13 9237.29
9403.95 9411.03 9416.27 9426.79 9424.31 9422.8 9411.62 9442.39 9499.28 9540.66 9573.6 9598.32 9641.31 9694.07 9762.48 9832.92 9892.12 9915.61 9978.97 10059.7 10115.6 10024.7 9843.25 9621.55 9455.9 9178.08 8899.38 8724.27 8564.14 8412.56 8291.91 8183.48 8100.65 8051.49 8040.69 8018.75 8019.77 8030.89 8031.03 8021.53 8011.31 8013.63 8035.43 8012.31 7960.47 7860.99 7683.84 7601.87 7664.15 7745.18 7838.26 7912.27 7966.16 7957.92 7957.67 7963.78 7971 7979.29 7990.52 8008.47 8034.93 8068.46 8141.81 8401.28 8593.1 8904.64 9240.35
9408.97 9421.07 9431.38 9433.75 9433.1 9423.2 9420.7 9443.71 9481.75 9532.31 9580.02 9607.05 9623.39 9687.62 9759.73 9849.8 9950.02 9981.43 10007.7 10071.7 10166.2 10127.1 9873.6 9632.15 9403.04 9149.28 8911.62 8725.08 8548.04 8411.76 8284.13 8174.83 8096.3 8052.54 8036.22 8017.18 8013.83 8014.54 8006.06 8007.82 8008.67 8007.54 8003.64 8018.9 7997.62 7695.92 7372.3 7399.8 7544.3 7684.98 7813.39 7917.77 7998.12 7975.07 7956.17 7960.31 7968.99 7979.86 7991.77 8006.13 8034.88 8084.25 8163.16 8408.79 8668.17 8935.3 9216.67
9421.11 9433.17 9446.95 9465.31 9451.52 9438.34 9444.35 9481.98 9534.58 9583.72 9604.58 9620.37 9646.73 9686.57 9744.9 9813.32 9937.18 10027.5 10035.2 10088.6 10156.9 10094.8 9863.04 9591.57 9390.1 9119.45 8869.21 8743.69 8655.33 8423.32 8277.11 8166.64 8094.25 8057.67 8035.09 8017.49 8007.6 8007.1 8008.81 8009.92 8012.79 8008.34 7939.55 7943.45 7915.95 7482.85 7296.19 7355.2 7541.39 7706.31 7830.18 7934.7 8009.71 7978.43 7959.1 7958.61 7970.84 7981.11 7991.89 8004.96 8030.34 8091.4 8209.61 8404.46 8692.77 8940.43 9179.24
9433.13 9442.09 9447.12 9447.01 9451.28 9471.27 9497.74 9513.37 9560.9 9590.15 9629.71 9649.18 9624.39 9680.28 9731.86 9781.37 9886.95 10031.8 10026.8 10055.7 10202.6 10118.3 9890.29 9733.57 9410.36 9084.07 8868.34 8740.1 8604.56 8386.41 8269.94 8163.27 8094.32 8064.34 8035.27 8010.27 8001.1 8002.89 8010.33 8008.35 8015.19 8019.44 7950.23 7819.65 7640.72 7438.41 7401.52 7489.22 7659.15 7795.38 7901.24 7970.14 7993.8 7979.49 7961.63 7966.81 7979.34 7989.78 7999.82 8012.36 8026.27 8078.14 8261.91 8491.73 8671.4 8927.02 9131.15
9448.81 9453.62 9453.74 9437.11 9460.31 9498.01 9537.37 9583.09 9607.14 9638.01 9653.23 9660.02 9633.77 9675.57 9738.38 9800.56 9834.92 9979.09 10001.2 10031.4 10151.1 10082.4 9888.86 9723.13 9423.56 9098.9 8907.73 8744.25 8571.33 8409.66 8283.02 8171.14 8097.09 8057.4 8028.82 8001.27 7994.42 7993.72 8001.17 7989.62 7995.48 8022.43 7932.8 7816.92 7669.63 7646.61 7709.97 7770 7847.05 7911.49 7967.21 8006.77 8012.12 7980.81 7981.1 7991.12 7996.97 8004.57 8013.62 8024.43 8048.63 8111.57 8253.25 8462.56 8797.75 8965.68 9147.75
9473.47 9477.98 9486.23 9507.89 9522.61 9520.87 9540.72 9596.33 9628.19 9652.93 9664.45 9672.32 9658.96 9684.96 9744.39 9807.8 9805.13 9932.27 10019.9 10022.6 10038.9 10010.1 9862.07 9662.38 9449.07 9245.56 8973.92 8779.97 8604.76 8452.97 8307.03 8177.05 8089.42 8055.89 8029.37 8019.86 7992.84 7983.68 7981.77 7974.21 7991.65 8011.41 7981.91 7987.18 8026.58 8130.46 8114.84 8154.75 8065.32 8020.75 8018.08 8026.84 8017.27 7985.76 7991 7999.92 8008.9 8016.96 8028.98 8040.7 8062.4 8114.58 8250.13 8458.67 8755.02 8984.67 9187.22
9510.17 9512.68 9510.98 9530.55 9537.45 9528.24 9536.73 9585.51 9624.61 9642.02 9661.82 9671.13 9680.66 9680.72 9725.97 9748.27 9760.35 9998.52 10044.2 10028.9 10026.3 10044.9 9926.06 9630.02 9435.54 9216.93 9029.07 8828.47 8634.01 8461.88 8321.24 8185.8 8089.76 8051.01 8023.85 8004.44 7988.72 7973.48 7984.93 7971.82 7984.01 8002.92 8023.22 8055.56 8110.23 8170.75 8245.34 8289.48 8166.45 8091.1 8051.51 8028.52 8001.49 7994.44 8005.57 8006.17 8014.04 8026.62 8040.33 8052.53 8080.82 8130.6 8281.01 8509.4 8765.46 9001.73 9215.06
9535.54 9529.71 9522.79 9514.3 9508.33 9521.07 9532.44 9580.88 9627.31 9639.17 9654.94 9669.45 9683.2 9681.99 9710.68 9725.32 9750.56 9966.97 10033.2 10051.5 10087.2 10166.7 10150.5 9761.53 9492.72 9271.81 9060.77 8874.75 8688.07 8506.52 8335.75 8198.83 8096.14 8064.03 8027.83 8008.58 7993.87 7983.45 7987.06 7983.08 7993.41 8005.63 8011.08 8024.21 8059.07 8069.66 8158.35 8170.87 8151.89 8102.47 8058.68 8021.18 8009.96 8005.33 8005.46 8006.32 8020.53 8039.04 8050.89 8067.15 8096.37 8216.7 8353.28 8535.93 8806.78 9023.74 9217.99
9564.04 9542.28 9526.6 9512.81 9508.65 9526.03 9547.22 9611.16 9655.2 9660.15 9668.05 9680.19 9694.93 9693.54 9696.61 9708.96 9749.73 9919.89 10032.8 10092.5 10146.5 10225 10199.4 9916.37 9577.22 9272.48 9102.1 8939.54 8765.32 8551.68 8377.86 8225.36 8103.89 8058.56 8029.96 8013.04 8004.97 7994.75 7991.84 7994.37 8001.16 7990.61 7991.25 7992.9 8006.38 8037.93 8082.72 8112.93 8111.65 8084.28 8048.31 8015.46 8007.63 8007.88 8007.57 8010.59 8029.42 8050.84 8074.52 8102.33 8151.27 8253.69 8385.31 8563.87 8801.74 9037.35 9211.84
9566.55 9545.13 9527.48 9514.04 9520 9531.25 9571.29 9625.74 9656.82 9666.57 9673.01 9686.1 9699.88 9700.64 9695.22 9709.07 9745.89 9893.13 10057.9 10160.5 10227.2 10204.9 10168 9996.08 9694.39 9399.28 9186.14 9023.06 8861.79 8680 8486.96 8277.85 8098.75 8059.14 8029.07 8016.26 8012.45 8006.21 8002.07 7996.2 7991.91 7981.26 7985.32 7987.89 8000.39 7998.91 8028.82 8082.5 8061.53 8045.73 8028.2 8011.96 8011.26 8010.23 8011.82 8021.75 8038.23 8064.84 8098.61 8142.2 8206.34 8288.21 8414.23 8571.3 8886.07 9044.22 9201.8
9578.48 9554.04 9535.07 9513.33 9495.23 9525.7 9564.32 9602.83 9631.3 9663.05 9678.76 9693.67 9712.56 9717.79 9714.75 9731.13 9771.81 9905.49 10073.6 10213.9 10289.4 10210 10140.7 10034.6 9830.22 9557.11 9311.97 9122.4 8958.85 8818.2 8626.58 8368.46 8137.83 8069.43 8039.17 8030.56 8024.33 8010.71 7999.76 7988.55 7990.28 7986.56 7982.21 7988.07 7990.72 7993.36 7996.57 7989.13 8006.61 8016.81 8013.44 8010.61 8009.31 8011.94 8018 8026.98 8050.73 8087.92 8124.95 8166.16 8253.07 8336.75 8476.15 8652.35 8809.43 9027.21 9221.77
9570.78 9557.57 9540.55 9527.64 9515.98 9539.07 9560.59 9576.55 9612.43 9657.05 9676.6 9704.35 9731.64 9745.85 9734.94 9755.08 9818.8 9934.04 10177.3 10281.8 10345.8 10288.5 10154.2 10098.1 9994.22 9750.28 9444.15 9202.78 9029.7 8894.74 8728.79 8479.56 8261.38 8120.85 8076.02 8061 8048.59 8026.21 8004.2 7981.7 7992.77 7994.57 7989.32 7973.46 7979.05 7985.56 7986.48 7993.86 8000.18 8003.31 8003.21 8000.93 8006.12 8013 8020.4 8027.99 8062.66 8115.61 8167.94 8200.92 8238.94 8404.23 8565.63 8710.68 8885.36 9097.49 9279.36
9571.36 9559.82 9552.93 9550.93 9562.95 9569.26 9575.3 9595.38 9629.94 9665.72 9698.04 9717.02 9735.39 9769.08 9758.31 9834.22 9869.79 9971.64 10020.1 10091 10250 10356.2 10250.7 10194.8 10140.4 9832 9458.64 9261.97 9093 8937.85 8809.63 8560.36 8319.45 8173.99 8158.7 8120.29 8084.81 8043.33 8007.28 8003.89 8004.35 8005.03 8001.04 7986.74 7984.69 7983.81 7984.84 7992.46 7999.19 7999.73 7997.43 8002.08 8006 8016 8026 8039.65 8075.56 8145.17 8227.06 8326.49 8380.39 8527.94 8721.45 8868.15 9056.43 9226.7 9407.2
9572.29 9566.18 9565.39 9567.42 9572.04 9580.72 9592.57 9605.87 9648.21 9679.64 9737.79 9722.32 9709.67 9689.04 9737.7 9787.92 9868.94 9982.09 9996.63 9998.9 10161.4 10276.7 10242.3 10253.1 10181.1 9907.92 9555.94 9346.18 9179.07 9046.06 8970.93 8660.57 8410.7 8251.86 8214.58 8181.81 8134.9 8079.64 8032.76 8011.81 8005.73 8013.45 8017.48 8004.37 7997.23 7988.82 7981.31 7994.9 8003.06 8000.98 7994.89 7993.44 8009.21 8025.3 8035.99 8049.62 8089.57 8170.73 8268.33 8394.45 8470.36 8679.3 8888.36 9021.54 9106.24 9288.46 9575.15
9576.44 9576.83 9579.58 9582.9 9592.53 9605.07 9609.21 9617.21 9644.82 9671.86 9698.72 9708.9 9701.06 9694.61 9760.24 9777.37 9866.83 9933.53 9951.66 9977.72 10112.5 10180.5 10175.2 10270.3 10349.3 10011.7 9668.72 9471.98 9308.65 9183.82 9040.83 8774.51 8518.46 8362.42 8308.34 8288.79 8246.36 8171.81 8085.66 8050.91 8029.11 8021.9 8026.03 8022.87 8014.84 8003.64 7996.49 8000.57 8004.14 8014.16 8015.85 8019.61 8034.84 8050.68 8057.98 8062.11 8106.44 8206.99 8303.8 8369.4 8488.67 8779.74 8968.63 9068.03 9145.5 9326.37 9675.22
9589.62 9595.74 9593.4 9597.63 9605.31 9613.61 9623.39 9640.77 9666.82 9686.62 9694.32 9700.82 9709.39 9733.86 9735.57 9760.89 9814.51 9915.6 9916.1 9900.54 10025.2 10148 10133 10205 10209.8 10045 9809.4 9616.91 9454.62 9315.91 9211.37 8988.15 8712.55 8525.5 8492.53 8453.42 8390.16 8321.5 8218.81 8125.77 8064.26 8051.3 8044.74 8041.27 8028.25 8021.45 8025.28 8027.66 8030.45 8057.8 8057.63 8060.16 8079.96 8098.88 8112.54 8121.03 8174.33 8291.08 8410.27 8518.07 8699.29 8920.63 9086.87 9185.07 9228.88 9368.08 9768.77
