real_craters/C185-500m.grd
DSAA
322 322
-80.185 80.185
-80.185 80.185
7925.9379542389 10328.140730516
[rows 0 to 29 of 322, columns 134 to 200 of 322]
9177.4 9176.03 9178.69 9173.18 9177.15 9175.33 9174 9171.65 9172.17 9173.23 9174.04 9175.76 9175.35 9174.84 9175.05 9176.59 9180.46 9186.84 9197.55 9199.39 9192.2 9191.47 9192.07 9192.33 9192.15 9190.42 9184.8 9177.33 9171.42 9169.27 9166.29 9165.82 9165.05 9167.48 9169.23 9164.61 9159.47 9153.89 9149.41 9148.11 9145.73 9143.97 9144.26 9145.05 9143.88 9141.31 9142.92 9149.35 9152.35 9154.67 9156.34 9156.82 9156.16 9152.4 9149.2 9148.04 9146.87 9149.58 9151.73 9151.39 9149.8 9147.59 9146.09 9146.79 9147.59 9147.76 9146.71
9178.38 9178.72 9183.7 9186.02 9174.14 9175.79 9175.64 9175.17 9175.84 9177.36 9178.35 9175.19 9173.23 9173.57 9174.46 9175.86 9180.66 9191.11 9198.32 9202.9 9196.12 9191.97 9189 9187.39 9186.93 9185.4 9180.84 9175.46 9173.4 9172.55 9173.3 9168.09 9165.66 9167.19 9167.59 9164.39 9158.93 9153.33 9149.56 9145.52 9144.79 9143.84 9144.5 9145.7 9145.19 9143.71 9144.61 9147.54 9151.95 9156.05 9159.58 9161.99 9162.01 9155.47 9150.28 9149.48 9149.02 9151.89 9153.04 9153.39 9150.85 9148.12 9146.72 9147.17 9148.4 9149.12 9147.98
9182.74 9182.32 9185.52 9202.56 9175.37 9180.01 9182.19 9179.31 9179.72 9181.4 9181.93 9176.06 9172.21 9173.34 9175.24 9177.22 9182.45 9193.92 9188.57 9204.29 9198.6 9193.18 9187.51 9182.73 9182.1 9181.92 9178.96 9174.7 9177.53 9174.51 9168.72 9165.95 9165.97 9167.86 9168.13 9164.88 9158.81 9152.5 9148.61 9146.35 9145.62 9146.36 9147.34 9147.75 9149.11 9146.75 9144.78 9147.29 9151.59 9156.72 9162 9166.06 9164.32 9157.11 9152.87 9152.6 9154.11 9155.6 9154.71 9154.81 9151.47 9148.13 9146.57 9147 9148.31 9149.68 9148.08
9187.1 9184.88 9183.72 9199.66 9178.23 9184.25 9186.35 9182.83 9182.6 9183.79 9183.28 9177.89 9173.44 9174.51 9177.62 9182.64 9187.45 9193.59 9201.83 9208.67 9202.67 9194.83 9187.26 9181.92 9180.18 9180.53 9179.91 9178.47 9182.28 9175.2 9166.71 9163.83 9165.77 9172.45 9173.07 9166.69 9159.12 9151.6 9146.53 9145.72 9146.17 9147.06 9147.73 9147.57 9147.73 9145.56 9142.72 9145.52 9149.97 9156.22 9162.87 9167.29 9162.77 9155.38 9154.51 9155.18 9156.95 9158.54 9157.55 9155.53 9151.38 9147.62 9146.12 9146.34 9146.79 9146.82 9146.37
9185.43 9185.06 9188.2 9200.87 9181.31 9185.66 9186.7 9183.81 9184.22 9185.54 9185.94 9180.98 9175.9 9176.13 9178.98 9183.7 9187.44 9188.56 9192.77 9203.06 9204.91 9195.82 9186.98 9179.43 9179.94 9181.13 9182.37 9183.45 9180.73 9173.6 9166.75 9164.2 9166.12 9174.6 9175.13 9167.42 9159.18 9151.41 9146.2 9145.51 9145.96 9146.03 9145.84 9145.79 9144.78 9143.1 9143.37 9144.81 9148.11 9154.4 9161.49 9168.39 9162.21 9154.9 9155.66 9156.77 9158.26 9159.32 9156.18 9154.36 9151.01 9147.57 9146.28 9146.11 9145.72 9145.2 9145.88
9185.21 9185.7 9188.52 9203.3 9181.92 9185.33 9184.97 9183.54 9184.92 9185.94 9186.14 9181.72 9177.39 9177.49 9178.95 9181.94 9184.23 9186.92 9193.08 9202.64 9201.14 9196.3 9187.93 9180.66 9179.99 9181.46 9183.06 9184.58 9176.08 9170.3 9166.87 9165.33 9166.99 9171.6 9171.96 9166.21 9158.59 9151.15 9145.84 9144.33 9145.49 9144.91 9144.52 9144.74 9144.62 9144.17 9146.62 9146.81 9147.33 9151.76 9156.51 9160.22 9157.91 9154.29 9156.07 9157.1 9157.73 9157.4 9153.68 9152.7 9150.91 9148.95 9147.73 9146.99 9146.27 9146.06 9145.72
9189.94 9187.78 9191.05 9208.12 9193.67 9187.37 9186.44 9186.15 9186.86 9186.11 9183.57 9181.29 9179.63 9178.76 9178.99 9179.19 9183.45 9188.15 9194.96 9201.94 9204.88 9198.61 9190.43 9184 9183.04 9180.88 9179.96 9178.99 9172.75 9169.71 9168.16 9166.83 9168.26 9171.12 9169.41 9164.27 9157.65 9150.77 9145.09 9142.8 9143.55 9143.91 9143.89 9144.41 9145.45 9146.83 9148.93 9148.43 9147.92 9149.39 9150.61 9150.5 9152.54 9153.61 9155.84 9156.71 9156.88 9156.26 9153.29 9151.96 9151.27 9150.9 9149.65 9148.78 9148.09 9147.88 9148.03
9195.29 9190.27 9192.12 9199.95 9194.41 9191.34 9193.29 9193.18 9192.15 9188.87 9184.91 9181.47 9180.4 9179.77 9179.85 9181.79 9184.94 9189.83 9195.69 9202.7 9207.04 9201.65 9192.93 9184.91 9181.11 9178.35 9176.41 9174.38 9174.02 9173.47 9172.79 9171.64 9170.73 9169.85 9167.71 9162.82 9156.76 9150.31 9144.18 9141.88 9143.64 9143.23 9143.42 9144.23 9145.59 9146.56 9147.18 9147.14 9147.61 9148.24 9148.23 9148.12 9150.54 9153.03 9154.94 9156.1 9156.45 9155.44 9152.37 9151.71 9151.59 9151.58 9151.01 9150.66 9150.71 9150.82 9150.14
9198.99 9191.74 9198.89 9194.52 9208.7 9220.46 9212.77 9207.6 9201.29 9193.27 9185.48 9180.8 9181.08 9180.9 9180.45 9181.6 9185.89 9191.65 9196.47 9204.83 9209.52 9205.38 9197.19 9186.01 9176.95 9174.87 9175.07 9175.92 9176.82 9177.91 9178.67 9179.34 9173.5 9170.8 9167 9161.97 9156.23 9150.67 9146.18 9145.01 9143.59 9143.43 9142.96 9144.27 9146.39 9148.17 9147.55 9147.65 9148.29 9148.85 9149.06 9149.55 9151.08 9152.96 9154.67 9156.49 9156.98 9155.65 9153.92 9152.13 9152.22 9152.02 9152.22 9152.04 9151.91 9152.13 9151.07
9199.32 9192.47 9204.99 9196.19 9227.37 9251.87 9244.03 9227.22 9211.3 9198.19 9187.7 9181.74 9182.04 9182.57 9181.28 9181.78 9186.05 9190.74 9196.12 9206.22 9213.45 9208.94 9201.57 9186.27 9172.99 9171.89 9173.76 9176.42 9179.17 9181.17 9182.02 9180.9 9174.53 9169.44 9166.31 9161.54 9156.36 9151.51 9147.53 9145.68 9145.19 9144.9 9145.31 9146.46 9147.86 9149.07 9148.91 9149.02 9150.1 9150.82 9151.35 9151.95 9152.83 9153.99 9156.52 9159.06 9159.34 9158.6 9155.14 9153.18 9153.21 9153.47 9153.35 9153.14 9152.87 9152.99 9152.1
9197.06 9193.06 9205.4 9201.94 9241.68 9271.3 9264.37 9238.16 9216.34 9200.76 9188.97 9181.75 9182.42 9183.32 9182.4 9182.79 9185.64 9191.25 9196.51 9205.31 9211.78 9209.34 9202.99 9184.18 9169.86 9170.28 9174.24 9177.9 9181.11 9183.91 9183.88 9182.29 9175.92 9170.58 9166.42 9161.77 9157.07 9152.68 9148.97 9147.39 9146.62 9147.14 9147.84 9148.66 9149.67 9150.28 9150.48 9151.6 9152.76 9153.71 9154.23 9154.84 9155.66 9156.82 9160.33 9163.43 9161.82 9160.25 9158.69 9154.77 9154.62 9154.64 9154.42 9154.17 9154.44 9153.58 9155.4
9194.74 9195.44 9205.72 9206.8 9242.64 9264.16 9251.95 9230.02 9212.4 9199.1 9188.87 9182.38 9182.45 9183.77 9182.96 9182.95 9184.04 9187.91 9195.89 9203.22 9206.83 9206.21 9202.13 9181.83 9169.16 9169.97 9174.48 9178.73 9181.97 9184.33 9185.26 9183.7 9177.67 9171.22 9167.05 9162.78 9158.45 9154.13 9150.17 9147.74 9149.01 9150.12 9150.5 9150.87 9152.36 9152.78 9152.28 9153.54 9155.82 9156.89 9156.63 9157.56 9159.21 9161.16 9164.09 9165.49 9163.3 9160.43 9159.62 9156.76 9156.88 9156.57 9155.83 9155.12 9154.47 9154.18 9159.95
9194.82 9196.42 9204.01 9204.78 9230.69 9227.86 9212.09 9210.66 9203.96 9196.03 9188.55 9183.84 9183.11 9184.58 9183.67 9184.12 9185.15 9188.4 9195.17 9200.99 9206.2 9206.84 9200.45 9180.53 9170.03 9170.93 9174.78 9178.93 9182.49 9185.62 9186.24 9185.09 9179.66 9173.33 9168.64 9164.41 9160.28 9156.32 9152.77 9150.77 9151.23 9152.54 9154.23 9156.08 9156.06 9156.12 9155.18 9156.22 9158.43 9159.63 9159.83 9161.12 9163.12 9165.11 9166.71 9166.71 9165.06 9163.07 9162.91 9159.97 9158.85 9158.46 9157.67 9156.45 9155.62 9155.9 9159.14
9194.54 9197.55 9204.32 9211.6 9229.92 9209.25 9194.44 9198.68 9197.11 9192.85 9188.24 9184.02 9183.37 9184.36 9184.78 9186.78 9190.02 9191.79 9195.08 9200.79 9207.67 9209.39 9205.47 9180.57 9171.62 9173.26 9177.19 9180.14 9182.68 9184.47 9185.89 9185.76 9181.75 9175.83 9170.82 9166.86 9163.13 9159.43 9156.12 9153.55 9153.36 9155.53 9157.39 9158.2 9160.2 9160.68 9159.73 9161.4 9163.31 9164.55 9164.7 9165.89 9167.5 9168.88 9169.43 9169.52 9167.83 9166.68 9165.85 9163.77 9162.52 9161.26 9160.01 9158.86 9158.64 9160.7 9161.56
9194.57 9198.1 9203.19 9212.31 9219.99 9215.8 9203.13 9199.17 9196.63 9193.11 9189.86 9186.84 9186.12 9187.08 9188.63 9190.12 9191.89 9192.73 9195.35 9200.85 9204.9 9206.92 9206.09 9180.25 9175.69 9176.55 9180.02 9181.34 9183.02 9184.41 9186.27 9187.51 9185.96 9179.4 9173.55 9169.95 9166.83 9163.64 9160.54 9157.77 9157.13 9159.46 9162.98 9164.09 9166.65 9167.33 9167.04 9167.13 9168.63 9169.95 9170.79 9171.14 9172.26 9173.49 9174.24 9173.59 9171.97 9170.25 9169.16 9167.1 9166.59 9164.21 9162.59 9162.02 9162.74 9164.73 9160.2
9195.57 9199.79 9202.73 9207.93 9216.85 9220.02 9211.78 9203.38 9199.19 9196.16 9193.17 9191.14 9190.19 9191.06 9191.86 9192.88 9194.28 9193.62 9196.67 9200.96 9203.69 9202.14 9200.92 9193.77 9184.12 9180.63 9179.25 9182.69 9184.67 9186.29 9187.65 9188.68 9187.87 9182.71 9176.73 9174.08 9171.72 9169.2 9166.86 9164.86 9165.65 9168.39 9171.57 9177.57 9174.17 9174.02 9175.98 9174.48 9174.22 9176.42 9175.05 9175.48 9176.96 9178.7 9179.64 9180.29 9179.22 9176.82 9173.67 9168.84 9167.25 9165.78 9164.22 9162.88 9160.17 9156.7 9157.82
9197.51 9203.57 9201.46 9205.86 9215.44 9221.97 9212.61 9206.98 9202.89 9200.5 9198.45 9196.25 9194.98 9195.06 9194.62 9195.55 9195.79 9198.14 9199.15 9203.26 9205.83 9206.92 9204.06 9195.03 9191.82 9187.76 9186.1 9187.16 9188.35 9188.77 9188.93 9189.04 9189.54 9186.69 9182.16 9179.54 9177.65 9175.8 9174.26 9173.8 9175.21 9181.75 9177.47 9162.65 9164.53 9178.73 9187.12 9182.1 9178.41 9178.31 9177.03 9177.9 9180.5 9183.87 9186.83 9188.1 9185.63 9182.41 9178.76 9173.87 9168.93 9166.66 9165.12 9164.29 9163.99 9162.24 9157.23
9199.6 9206.31 9200.46 9205.29 9211.6 9210.88 9208.6 9208.53 9207.2 9205.82 9204.14 9203.06 9202.06 9200.87 9200.21 9198.14 9196.61 9198.26 9200.46 9203.73 9206.78 9210.18 9209.05 9206.61 9201.55 9197.49 9195.31 9195.12 9194.25 9192.29 9190.48 9190.9 9192.52 9191.52 9187.49 9185.74 9184.15 9182.58 9181.34 9180.29 9179.95 9187.11 9185.07 9175.74 9177.69 9186.51 9192.32 9187.82 9181.64 9178.61 9176.27 9178.59 9182.61 9187.89 9193.61 9194 9188.82 9185.63 9182 9175.85 9169.34 9166.97 9165.19 9163.63 9162.51 9158.97 9154.88
9200.89 9206.87 9199.46 9204.85 9210.99 9207.89 9209.15 9210.28 9210.53 9210.1 9209.61 9209.92 9210.35 9206.47 9202.86 9199.72 9198.12 9198.12 9200.32 9201.62 9204.12 9207.88 9209.18 9210.58 9211.2 9209.39 9207.86 9206.43 9202.79 9198.32 9194.99 9193.78 9196.71 9198.79 9196.65 9194.27 9191.5 9189.33 9188.22 9189.2 9190.33 9192.19 9192.76 9194.5 9196.83 9192.73 9193.95 9191 9185.12 9178.29 9175.88 9178.46 9183.16 9188.99 9195.61 9196.81 9193.02 9189.96 9183.93 9176.67 9169.98 9167.49 9165.56 9163.75 9162.19 9157.09 9153.75
9201.53 9208.06 9199.56 9203.88 9208.91 9211.62 9211.57 9212.85 9213.24 9213.13 9213.3 9213.66 9213.45 9207.18 9200.72 9199 9198.01 9199.72 9200.37 9201.26 9202.37 9203.16 9207.43 9214.51 9223.2 9226.61 9225.51 9220.41 9213.33 9206.12 9199.94 9198.75 9204.25 9208.63 9207.17 9202.56 9197.18 9193.97 9192.75 9193.41 9193.41 9192.88 9193.69 9191.78 9189.15 9189.96 9190.51 9188.83 9183.07 9176.53 9174.5 9177.84 9182.52 9187.56 9191.96 9194.93 9197.46 9192.88 9186.17 9177.19 9171.06 9168.9 9166.8 9164.59 9164.1 9157.56 9154.58
9203.17 9209.02 9202.65 9204.09 9205.72 9209.6 9214.87 9216.13 9215.84 9215.46 9214.7 9214 9212.06 9203.4 9199.45 9198.58 9197.6 9199.27 9200.37 9202.27 9203.7 9203.23 9206.61 9218.85 9236.54 9253.61 9246.49 9234.48 9224.14 9215.18 9208.02 9210.57 9215.45 9216.36 9210.56 9204.79 9199.24 9195.59 9193.69 9193.48 9193.05 9191.15 9190.11 9186.64 9183.74 9184.28 9184.06 9181.99 9177.27 9174.27 9174.09 9177.8 9182.2 9186.1 9188.98 9191.19 9195.53 9193.67 9189.01 9183.83 9175.67 9171.68 9169.42 9167.94 9166.18 9161.76 9157.11
9204.96 9207.44 9204.79 9204.67 9207.76 9213.57 9219.27 9219.53 9218.56 9217.2 9215.47 9212.97 9208.35 9202.14 9199.73 9199.47 9198.3 9198.81 9199.86 9200.4 9200.99 9204.66 9208.19 9221.68 9241.47 9260.28 9254.54 9243.05 9232.62 9224.46 9218.91 9217.37 9215.03 9211.45 9207.3 9202.13 9197.63 9194.05 9191.66 9190.46 9189.32 9185.87 9183.3 9180.99 9179.54 9179.63 9179.37 9177.42 9176.56 9175 9175.24 9179.36 9182.99 9186.26 9188.87 9191.6 9194.85 9194.8 9190.74 9184.89 9178.29 9175.07 9172.39 9170.23 9168.14 9162.14 9159.09
9206.44 9206.37 9203.38 9205.88 9213.64 9223.72 9223.45 9222.41 9220.59 9219.05 9216.84 9213.58 9208.88 9203.92 9201 9200.08 9198.31 9198.6 9200.11 9201.08 9202.2 9206.46 9210.21 9222.58 9237.79 9249.02 9250.33 9244.78 9237.36 9230.36 9224.36 9214.18 9210.75 9207.12 9203.24 9198.18 9194.16 9190.84 9187.95 9185.26 9181.88 9177.98 9175.79 9175.8 9174.8 9176 9177.23 9177.41 9176.79 9176.07 9180.28 9182.4 9185.25 9187.88 9190.24 9191.89 9196.41 9197 9193.36 9188.59 9183 9180.43 9177.28 9174.04 9170.24 9163.38 9160.95
9207.68 9207.41 9204.53 9209.23 9218.71 9231.57 9228.3 9224.3 9222.97 9221.85 9219.75 9216.42 9212.08 9205.55 9202.26 9199.94 9198.7 9200.07 9202.02 9204.3 9207.67 9210.77 9214.01 9223.53 9234.46 9241.66 9245.79 9243.59 9238.52 9232.76 9226 9216 9211.03 9206.43 9200.2 9194.37 9189.31 9185.96 9183.37 9180.25 9175.57 9173.17 9172.81 9172.76 9172.92 9173.97 9176.14 9178.26 9176.34 9176.27 9180.89 9184.62 9187.54 9190.66 9193.85 9197.25 9200.62 9200.59 9197.69 9194.24 9191.79 9188.95 9185.47 9181.63 9175.24 9167.51 9163.77
9212.83 9203.73 9206.17 9211.42 9222.78 9236.9 9228.02 9224.21 9224.48 9224.63 9223.91 9221.7 9215.97 9208.9 9203.97 9201.57 9200.34 9202.98 9206.43 9208.55 9209.57 9213.59 9215.92 9225.73 9236.66 9243.54 9244.39 9242.19 9237.7 9233.01 9228.48 9220.67 9211.11 9204.45 9195.24 9187.16 9182.8 9180.86 9179.37 9177.81 9175.32 9171.39 9170.58 9170.4 9169.85 9171.13 9174.2 9176.86 9176.78 9178.2 9183.48 9186.51 9188.86 9193.19 9198.3 9202.75 9205.45 9206.72 9204.46 9202.24 9204.94 9197.31 9191.63 9187.63 9180.61 9171.85 9167.39
9219.29 9204.63 9205.91 9209.48 9219.05 9234.34 9227.73 9224.82 9226.67 9227.28 9227.81 9229.24 9225.96 9216.05 9212.45 9209.23 9205.84 9211.28 9214.22 9215.25 9215.98 9217.55 9220.12 9228.45 9240 9245.85 9244.22 9240.27 9235.57 9230.25 9224.27 9215.52 9204.29 9197.16 9186.35 9177.64 9176.31 9176.15 9176.19 9176.34 9177.3 9172.44 9167.8 9168.48 9168.52 9169.5 9171.55 9173.9 9175.86 9178.57 9180.13 9182.36 9187.28 9194.15 9201.92 9209.77 9213.14 9213.93 9213.25 9213.32 9209.93 9202.13 9197.01 9189.8 9182.02 9175.48 9171.4
9225.04 9205.67 9206.89 9205.81 9207.73 9221.97 9226.55 9227.69 9228.66 9231.02 9232.77 9238.13 9239.41 9232.7 9233.32 9232.62 9230.31 9227.81 9226.33 9224.21 9222.69 9223.94 9224.86 9232.21 9241.95 9245.54 9243.2 9238.57 9232.91 9225.17 9214.04 9200.02 9193.46 9181.01 9176.32 9174.41 9172.99 9173.14 9173.56 9173.82 9173.49 9169.85 9167.8 9168.49 9168.22 9168.43 9168.99 9168.72 9169.2 9171.14 9171.65 9175.25 9183.74 9192.78 9202.66 9212.67 9217.07 9219.1 9222.39 9220.82 9217.08 9207.07 9200.24 9191.7 9184.12 9178.95 9175.74
9230.14 9207.54 9208.79 9205.8 9205.1 9213.18 9220.49 9225.02 9227.62 9229.16 9233.13 9247.83 9265.12 9259.25 9272.82 9253.58 9252.06 9246.59 9241.3 9237.78 9233.85 9234.03 9234.73 9239.73 9244.28 9244.8 9241.65 9236.26 9229.85 9221.87 9213.11 9202.62 9189.17 9182.43 9177.63 9172.63 9170.79 9170.93 9171.26 9171.06 9169.97 9167.76 9167.15 9168.02 9167.56 9167.51 9167.76 9168.22 9167.99 9168.48 9168.98 9172.6 9180.26 9189.75 9200.83 9212.86 9221.73 9229.22 9236.11 9232.96 9220.96 9209.56 9200.79 9193.38 9186.83 9182.64 9180.5
9231.37 9211.72 9210.61 9205.36 9202.75 9205.96 9213.87 9221.09 9224.49 9222.22 9221.11 9233.46 9291.31 9329.39 9338.8 9310.52 9279.63 9271.22 9259.77 9251.77 9251.63 9254.47 9250.37 9249.77 9249.28 9245.23 9239.88 9233.2 9226.01 9218.2 9208.89 9191.93 9183.49 9180.06 9176.19 9172.16 9170.32 9169.98 9169.99 9169.73 9168.85 9167.27 9166.96 9167.06 9167.07 9166.55 9167.35 9167.91 9167.65 9167.35 9167.77 9170.61 9176.77 9185.31 9195.93 9208.44 9221.68 9231.79 9237.7 9234.95 9225.84 9212.8 9203.52 9196.42 9190.46 9186.36 9184.86
9233.6 9216.92 9208.16 9204.36 9201.04 9201.57 9213.29 9228.58 9226.46 9213.51 9194.95 9174.56 9156.13 9206.93 9276.54 9357.27 9328.63 9286.91 9268.96 9258.86 9256.75 9259.88 9258.09 9255.6 9250.32 9244.38 9237.16 9229.48 9221.51 9213.74 9204.21 9187.3 9178.52 9175.57 9173.31 9171.38 9170.13 9169.66 9169.37 9169.26 9169.23 9169.33 9165.52 9168.6 9167.38 9167.47 9167.41 9167.73 9167.5 9167.53 9167.27 9168.02 9173.9 9180.68 9188 9198.49 9211.8 9223.9 9230.53 9230.46 9225.35 9212.12 9204.68 9198.09 9194.91 9190.63 9189.47
