real_craters/C185-750m.grd
DSAA
215 215
-80.185 80.185
-80.185 80.185
7926.9729851511 10324.898374411
[rows 74 to 110 of 215, columns 0 to 83 of 215]
9262 9267 9277 9290 9301 9326 9346 9360 9369 9374 9380 9384 9381 9383 9381 9394 9403 9400 9398 9397 9405 9414 9402 9391 9380 9366 9355 9350 9349 9349 9348 9348 9349 9350 9349 9348 9347 9345 9344 9343 9344 9343 9343 9347 9351 9352 9354 9363 9374 9383 9388 9393 9395 9384 9387 9391 9392 9391 9392 9397 9404 9410 9409 9408 9409 9401 9391 9384 9386 9394 9393 9395 9401 9406 9387 9383 9395 9402 9405 9401 9391 9355 9409 9358
9267 9270 9283 9304 9327 9353 9376 9383 9384 9393 9392 9395 9389 9386 9386 9403 9412 9399 9399 9397 9404 9415 9409 9400 9386 9370 9355 9354 9354 9355 9354 9353 9352 9352 9353 9354 9352 9351 9351 9352 9354 9352 9349 9349 9352 9356 9359 9365 9372 9377 9378 9395 9404 9398 9395 9394 9395 9392 9391 9394 9418 9420 9419 9409 9407 9394 9390 9397 9398 9400 9399 9396 9399 9401 9387 9381 9387 9421 9436 9430 9432 9423 9443 9394
9270 9271 9293 9325 9357 9387 9409 9415 9421 9426 9415 9407 9403 9395 9388 9400 9404 9399 9401 9406 9409 9418 9429 9413 9397 9380 9368 9362 9361 9362 9360 9355 9355 9356 9356 9353 9357 9357 9356 9355 9354 9351 9352 9355 9359 9362 9366 9370 9373 9374 9376 9380 9386 9398 9398 9392 9386 9380 9390 9408 9406 9424 9426 9420 9400 9395 9401 9397 9418 9411 9406 9401 9398 9400 9396 9400 9420 9492 9488 9486 9469 9467 9444 9449
9275 9288 9320 9360 9391 9430 9462 9472 9494 9514 9499 9476 9444 9415 9390 9392 9390 9391 9410 9418 9426 9424 9425 9419 9409 9396 9379 9373 9368 9358 9354 9358 9360 9363 9365 9369 9365 9366 9372 9364 9359 9363 9362 9365 9366 9370 9374 9377 9380 9383 9380 9377 9378 9384 9389 9387 9383 9380 9384 9400 9434 9431 9435 9413 9408 9404 9401 9417 9427 9416 9408 9403 9405 9409 9416 9438 9465 9512 9505 9471 9454 9472 9522 9601
9285 9306 9359 9417 9460 9515 9588 9642 9667 9669 9669 9646 9558 9483 9419 9404 9390 9386 9397 9419 9436 9430 9425 9424 9420 9417 9407 9389 9380 9376 9370 9365 9367 9370 9373 9377 9370 9367 9365 9368 9369 9368 9373 9380 9380 9380 9381 9383 9388 9389 9385 9380 9377 9376 9381 9387 9387 9392 9394 9392 9410 9420 9423 9408 9413 9412 9412 9410 9417 9411 9404 9404 9398 9410 9418 9452 9477 9516 9525 9501 9532 9599 9640 9624
9300 9333 9396 9471 9574 9644 9616 9496 9493 9566 9635 9712 9663 9597 9520 9450 9391 9388 9398 9416 9421 9431 9431 9427 9425 9425 9411 9392 9387 9389 9380 9375 9377 9379 9378 9369 9375 9372 9366 9371 9372 9372 9385 9401 9402 9401 9401 9402 9403 9400 9394 9389 9380 9380 9384 9396 9404 9413 9404 9395 9404 9410 9412 9415 9413 9418 9418 9418 9416 9412 9413 9424 9429 9431 9444 9462 9476 9512 9566 9650 9691 9655 9607 9567
9326 9380 9413 9463 9548 9554 9268 9168 9164 9207 9295 9361 9459 9646 9643 9502 9413 9405 9406 9413 9435 9430 9429 9428 9424 9413 9398 9385 9390 9392 9387 9387 9390 9394 9397 9401 9402 9396 9387 9382 9378 9379 9403 9427 9438 9429 9422 9422 9426 9426 9421 9408 9401 9398 9398 9409 9423 9425 9404 9401 9404 9407 9412 9424 9426 9426 9425 9418 9419 9440 9449 9448 9461 9437 9437 9450 9462 9500 9564 9634 9634 9590 9573 9549
9360 9411 9417 9400 9344 9199 9118 9110 9111 9119 9130 9138 9188 9437 9537 9507 9448 9424 9410 9412 9423 9429 9430 9430 9425 9413 9397 9385 9397 9408 9411 9404 9404 9408 9416 9427 9429 9434 9426 9408 9401 9410 9430 9447 9453 9444 9433 9425 9432 9436 9433 9426 9420 9416 9415 9419 9426 9422 9409 9407 9407 9407 9407 9410 9428 9437 9434 9430 9449 9472 9473 9445 9418 9415 9412 9429 9457 9498 9539 9543 9541 9550 9570 9646
9391 9460 9436 9361 9241 9110 9113 9121 9125 9127 9124 9124 9129 9170 9345 9477 9531 9416 9410 9431 9442 9447 9441 9436 9432 9432 9412 9408 9404 9419 9432 9417 9413 9420 9430 9437 9444 9446 9438 9429 9429 9442 9453 9459 9459 9452 9443 9437 9446 9450 9447 9437 9424 9419 9417 9420 9423 9420 9419 9421 9416 9411 9409 9415 9445 9461 9468 9492 9498 9475 9462 9436 9421 9411 9410 9416 9445 9491 9547 9609 9625 9634 9658 9676
9445 9526 9473 9365 9237 9136 9126 9132 9131 9131 9129 9130 9120 9124 9260 9424 9506 9431 9424 9436 9451 9451 9446 9439 9430 9418 9406 9394 9398 9409 9411 9407 9416 9427 9441 9462 9470 9454 9438 9426 9438 9454 9459 9460 9460 9457 9452 9456 9462 9465 9459 9444 9433 9425 9419 9420 9420 9419 9416 9421 9423 9420 9420 9427 9464 9488 9518 9528 9488 9467 9452 9429 9418 9413 9412 9413 9416 9472 9543 9623 9636 9613 9639 9621
9442 9592 9519 9390 9257 9152 9134 9136 9134 9131 9130 9127 9122 9136 9217 9332 9470 9487 9452 9436 9448 9454 9448 9440 9430 9417 9402 9385 9394 9403 9404 9407 9421 9431 9440 9446 9441 9439 9432 9427 9438 9452 9455 9452 9457 9459 9453 9449 9454 9463 9458 9445 9432 9425 9425 9424 9421 9416 9414 9422 9429 9437 9438 9448 9476 9498 9511 9507 9489 9473 9452 9434 9426 9417 9413 9412 9417 9461 9522 9586 9622 9641 9669 9676
9464 9635 9554 9422 9282 9165 9142 9140 9139 9139 9136 9132 9128 9142 9193 9250 9434 9514 9463 9434 9444 9449 9445 9439 9433 9425 9412 9404 9406 9411 9416 9430 9432 9435 9436 9433 9427 9430 9430 9427 9443 9454 9455 9448 9454 9459 9450 9444 9445 9443 9445 9442 9435 9430 9433 9429 9425 9419 9418 9424 9435 9445 9450 9459 9479 9497 9522 9499 9478 9454 9445 9442 9439 9432 9419 9416 9425 9453 9497 9564 9643 9698 9689 9683
9500 9621 9572 9451 9309 9183 9148 9153 9151 9147 9145 9145 9136 9157 9214 9297 9494 9508 9459 9440 9440 9442 9440 9436 9431 9426 9422 9422 9421 9422 9433 9441 9441 9439 9436 9431 9428 9433 9435 9442 9445 9454 9459 9451 9446 9437 9446 9452 9453 9442 9445 9446 9444 9442 9436 9433 9430 9429 9425 9433 9444 9447 9457 9462 9470 9497 9512 9499 9475 9448 9440 9433 9439 9441 9435 9430 9439 9453 9479 9555 9703 9732 9713 9733
9495 9588 9586 9472 9332 9204 9160 9161 9159 9157 9152 9155 9149 9185 9270 9391 9622 9489 9446 9438 9439 9437 9438 9434 9429 9424 9421 9425 9425 9426 9430 9439 9444 9442 9438 9432 9429 9429 9431 9433 9437 9445 9451 9450 9445 9452 9452 9461 9463 9455 9457 9454 9450 9446 9436 9432 9433 9436 9437 9450 9460 9468 9464 9458 9458 9499 9519 9495 9464 9451 9441 9437 9433 9427 9419 9433 9450 9462 9484 9549 9675 9748 9783 9782
9479 9676 9623 9491 9351 9228 9175 9171 9171 9170 9161 9162 9161 9229 9346 9449 9597 9484 9443 9437 9443 9444 9440 9433 9428 9419 9413 9408 9410 9423 9435 9448 9452 9446 9440 9435 9427 9435 9430 9425 9425 9434 9437 9444 9449 9451 9464 9471 9476 9486 9470 9459 9453 9455 9432 9426 9432 9439 9449 9454 9466 9476 9479 9466 9463 9497 9506 9492 9466 9447 9438 9432 9434 9431 9432 9433 9452 9478 9513 9568 9702 9835 9813 9740
9454 9587 9589 9493 9372 9252 9195 9191 9183 9178 9175 9183 9186 9291 9451 9557 9521 9463 9451 9442 9442 9451 9442 9430 9419 9410 9403 9396 9399 9423 9451 9467 9454 9444 9439 9439 9444 9446 9445 9436 9430 9433 9436 9445 9456 9470 9482 9494 9496 9488 9470 9456 9445 9432 9426 9427 9428 9435 9445 9448 9457 9464 9468 9462 9467 9515 9505 9488 9464 9453 9445 9438 9450 9457 9455 9451 9464 9496 9554 9598 9746 9847 9711 9604
9442 9494 9544 9500 9410 9289 9216 9212 9203 9200 9198 9210 9227 9371 9524 9581 9456 9451 9451 9453 9449 9452 9439 9418 9402 9397 9395 9397 9408 9420 9437 9444 9440 9435 9434 9436 9444 9447 9446 9445 9442 9438 9438 9447 9463 9480 9491 9491 9477 9469 9456 9443 9431 9420 9412 9412 9421 9428 9440 9442 9449 9451 9444 9451 9462 9507 9504 9489 9470 9461 9459 9451 9455 9464 9461 9465 9481 9506 9548 9632 9815 9764 9550 9474
9455 9514 9532 9516 9481 9405 9293 9249 9230 9233 9229 9304 9402 9477 9517 9492 9442 9455 9465 9461 9457 9453 9434 9406 9389 9384 9387 9393 9402 9409 9418 9422 9421 9421 9422 9427 9439 9448 9452 9457 9455 9447 9437 9449 9464 9479 9485 9479 9457 9445 9436 9427 9418 9405 9400 9404 9414 9429 9439 9437 9444 9447 9447 9449 9463 9509 9514 9486 9461 9468 9457 9458 9453 9469 9482 9503 9513 9531 9597 9762 9808 9651 9493 9411
9443 9460 9495 9526 9569 9619 9518 9402 9351 9372 9403 9541 9668 9573 9499 9442 9431 9445 9465 9465 9459 9457 9435 9400 9377 9379 9383 9387 9391 9398 9402 9396 9400 9409 9414 9412 9410 9442 9469 9481 9476 9461 9450 9453 9461 9469 9465 9449 9427 9422 9419 9415 9410 9403 9401 9401 9406 9411 9419 9427 9438 9445 9449 9448 9455 9497 9507 9483 9466 9455 9450 9456 9462 9468 9483 9516 9552 9583 9661 9761 9580 9616 9455 9386
9420 9421 9462 9508 9574 9705 9734 9627 9620 9663 9692 9677 9639 9554 9476 9435 9432 9446 9467 9468 9463 9456 9433 9401 9383 9381 9383 9386 9389 9395 9399 9397 9399 9410 9419 9424 9425 9440 9467 9512 9493 9468 9456 9457 9456 9454 9444 9428 9411 9407 9408 9409 9407 9406 9407 9412 9408 9405 9411 9418 9432 9441 9447 9447 9450 9466 9482 9477 9469 9465 9478 9473 9481 9480 9484 9530 9611 9674 9748 9750 9580 9578 9458 9378
9412 9410 9424 9462 9488 9494 9543 9596 9603 9624 9537 9514 9471 9467 9437 9432 9441 9455 9461 9467 9461 9448 9426 9399 9386 9384 9387 9390 9391 9399 9408 9413 9411 9419 9430 9445 9455 9464 9480 9489 9483 9464 9457 9459 9450 9439 9425 9418 9415 9404 9404 9405 9408 9410 9413 9414 9413 9411 9418 9420 9429 9438 9444 9448 9449 9448 9459 9470 9474 9465 9463 9485 9508 9478 9508 9580 9701 9814 9869 9822 9667 9487 9425 9359
9417 9409 9414 9434 9443 9446 9471 9491 9514 9488 9482 9456 9432 9431 9432 9435 9449 9464 9467 9467 9453 9428 9405 9390 9387 9390 9395 9400 9403 9414 9424 9435 9430 9428 9437 9451 9451 9443 9458 9466 9465 9458 9455 9455 9441 9427 9414 9418 9417 9402 9403 9406 9409 9413 9417 9417 9415 9416 9422 9426 9428 9431 9439 9447 9452 9449 9450 9452 9454 9471 9483 9498 9515 9521 9603 9699 9785 9868 9848 9724 9544 9391 9374 9328
9424 9418 9426 9436 9441 9446 9451 9462 9490 9480 9483 9473 9438 9433 9437 9443 9453 9466 9469 9462 9441 9412 9388 9390 9392 9397 9404 9413 9428 9434 9434 9434 9429 9428 9435 9443 9439 9429 9437 9444 9446 9448 9445 9441 9430 9423 9414 9416 9416 9403 9404 9406 9409 9413 9417 9418 9419 9423 9426 9425 9428 9435 9440 9446 9450 9453 9448 9449 9462 9505 9496 9543 9608 9644 9734 9805 9830 9822 9743 9605 9448 9329 9312 9277
9428 9422 9443 9443 9442 9443 9446 9451 9454 9464 9465 9460 9449 9443 9439 9443 9451 9458 9463 9450 9433 9410 9398 9404 9402 9406 9412 9420 9428 9432 9436 9435 9427 9429 9431 9421 9425 9424 9425 9428 9429 9424 9423 9411 9423 9424 9418 9414 9413 9410 9407 9408 9410 9413 9415 9427 9439 9435 9435 9438 9435 9434 9440 9445 9448 9448 9448 9447 9472 9534 9491 9581 9694 9726 9814 9858 9851 9802 9677 9532 9388 9294 9290 9253
9433 9422 9434 9445 9449 9444 9446 9453 9452 9454 9455 9455 9460 9459 9443 9441 9444 9452 9447 9441 9426 9409 9397 9403 9408 9412 9418 9424 9431 9437 9437 9440 9445 9439 9434 9439 9433 9439 9436 9433 9424 9412 9418 9425 9428 9429 9423 9409 9410 9408 9408 9409 9411 9413 9417 9427 9436 9443 9435 9430 9436 9438 9440 9444 9449 9454 9453 9452 9508 9601 9540 9574 9659 9708 9833 9879 9860 9792 9655 9555 9361 9272 9286 9243
9442 9427 9425 9438 9449 9442 9449 9453 9450 9459 9457 9454 9458 9460 9455 9444 9438 9435 9442 9430 9420 9412 9410 9413 9415 9418 9421 9425 9428 9432 9435 9438 9440 9438 9434 9430 9435 9424 9434 9439 9435 9429 9427 9429 9430 9431 9425 9407 9404 9402 9409 9410 9412 9414 9417 9421 9427 9429 9429 9427 9430 9433 9445 9452 9448 9458 9460 9462 9488 9534 9531 9572 9652 9724 9851 9892 9875 9788 9644 9493 9339 9301 9308 9285
9449 9436 9433 9432 9428 9434 9450 9459 9448 9466 9470 9458 9463 9469 9460 9448 9442 9437 9426 9417 9414 9412 9412 9414 9417 9420 9423 9424 9424 9422 9434 9438 9430 9440 9442 9438 9446 9437 9428 9442 9444 9444 9435 9431 9427 9424 9418 9407 9405 9411 9413 9413 9414 9416 9417 9416 9413 9418 9424 9425 9427 9434 9460 9480 9479 9472 9463 9462 9469 9480 9531 9598 9689 9763 9871 9892 9887 9807 9634 9494 9335 9312 9313 9251
9450 9440 9435 9429 9431 9434 9450 9458 9468 9529 9493 9478 9467 9456 9453 9445 9441 9435 9419 9410 9410 9411 9410 9415 9418 9421 9425 9429 9432 9437 9447 9459 9475 9468 9461 9461 9456 9458 9460 9451 9445 9439 9433 9423 9419 9418 9413 9410 9410 9413 9414 9415 9416 9416 9416 9419 9423 9422 9421 9420 9431 9444 9478 9517 9521 9492 9477 9448 9462 9490 9519 9600 9789 9767 9830 9852 9850 9770 9608 9468 9353 9319 9267 9140
9442 9439 9434 9427 9437 9458 9460 9474 9485 9459 9455 9469 9468 9458 9442 9435 9433 9428 9410 9406 9410 9412 9413 9416 9417 9421 9427 9435 9443 9457 9458 9467 9476 9469 9456 9455 9456 9459 9469 9452 9441 9436 9431 9425 9421 9421 9417 9415 9411 9411 9414 9416 9417 9419 9420 9424 9423 9421 9419 9417 9419 9439 9481 9528 9530 9489 9434 9415 9438 9472 9538 9631 9686 9717 9764 9794 9768 9706 9599 9488 9327 9309 9241 9070
9435 9441 9439 9434 9431 9443 9460 9478 9454 9433 9434 9457 9460 9449 9438 9425 9407 9414 9412 9416 9417 9416 9412 9410 9416 9422 9429 9437 9447 9454 9460 9461 9455 9440 9439 9461 9460 9456 9442 9442 9440 9435 9431 9430 9428 9420 9414 9405 9411 9414 9416 9418 9419 9421 9421 9419 9418 9419 9419 9419 9416 9432 9467 9501 9498 9473 9429 9393 9419 9459 9543 9602 9617 9686 9747 9777 9762 9706 9631 9497 9315 9289 9189 9026
9441 9446 9449 9445 9436 9442 9449 9446 9441 9441 9457 9445 9439 9443 9436 9424 9417 9423 9429 9429 9431 9426 9416 9410 9418 9424 9431 9438 9447 9463 9466 9463 9458 9441 9483 9501 9553 9516 9453 9450 9446 9439 9432 9423 9414 9410 9411 9416 9416 9415 9416 9421 9424 9426 9425 9420 9419 9420 9421 9424 9432 9433 9450 9462 9471 9459 9434 9411 9412 9437 9569 9621 9623 9675 9745 9795 9812 9736 9660 9502 9298 9244 9191 9033
9451 9451 9455 9453 9454 9450 9447 9436 9438 9431 9427 9420 9412 9419 9423 9426 9428 9429 9435 9450 9452 9441 9430 9423 9419 9420 9425 9431 9440 9450 9464 9479 9471 9511 9525 9454 9444 9531 9507 9482 9461 9445 9432 9420 9412 9417 9415 9418 9419 9419 9423 9426 9430 9432 9434 9432 9435 9433 9432 9439 9442 9440 9444 9445 9451 9453 9448 9418 9419 9453 9586 9653 9668 9728 9776 9810 9814 9727 9674 9486 9283 9215 9184 9072
9446 9445 9448 9451 9452 9450 9453 9448 9439 9394 9401 9400 9396 9401 9411 9416 9416 9422 9442 9484 9463 9444 9433 9421 9414 9414 9418 9424 9433 9441 9469 9514 9561 9531 9337 9349 9344 9358 9500 9515 9466 9446 9435 9424 9417 9423 9421 9416 9420 9424 9427 9430 9434 9439 9445 9451 9450 9451 9450 9458 9468 9458 9448 9448 9451 9457 9460 9440 9438 9460 9568 9684 9732 9806 9812 9797 9769 9693 9631 9498 9268 9193 9185 9130
9428 9433 9431 9416 9433 9432 9433 9423 9409 9388 9391 9397 9400 9410 9415 9408 9407 9409 9428 9459 9449 9441 9425 9414 9410 9408 9410 9414 9425 9436 9465 9529 9589 9463 9346 9342 9355 9348 9495 9527 9463 9444 9438 9435 9437 9440 9434 9427 9425 9428 9429 9433 9437 9443 9449 9454 9457 9456 9461 9462 9462 9456 9448 9445 9448 9455 9457 9447 9448 9473 9546 9704 9805 9861 9830 9772 9713 9689 9693 9546 9296 9180 9109 8981
9426 9425 9415 9397 9400 9409 9409 9401 9391 9388 9390 9396 9402 9414 9424 9413 9408 9402 9405 9410 9417 9415 9412 9405 9405 9408 9409 9412 9417 9428 9453 9509 9543 9454 9351 9354 9359 9368 9520 9535 9456 9444 9440 9442 9451 9442 9444 9444 9440 9437 9435 9436 9439 9443 9447 9453 9459 9460 9465 9458 9451 9448 9449 9453 9455 9450 9451 9453 9460 9511 9583 9779 9911 9898 9846 9775 9717 9703 9692 9546 9313 9183 9072 8939
9435 9422 9407 9394 9395 9399 9396 9390 9387 9387 9394 9395 9399 9412 9430 9421 9400 9396 9394 9391 9393 9395 9395 9391 9399 9405 9412 9417 9421 9424 9442 9474 9504 9489 9403 9386 9381 9394 9463 9467 9448 9444 9442 9441 9436 9444 9456 9459 9455 9445 9438 9438 9440 9444 9453 9463 9464 9462 9470 9463 9460 9454 9453 9465 9458 9451 9459 9482 9529 9604 9708 9791 9871 9900 9858 9797 9743 9731 9745 9555 9330 9214 9123 9041
9442 9423 9405 9400 9398 9396 9396 9401 9386 9386 9395 9395 9392 9401 9404 9405 9395 9375 9390 9396 9389 9383 9390 9391 9401 9409 9410 9414 9418 9419 9420 9441 9453 9458 9531 9488 9479 9498 9446 9436 9443 9445 9448 9450 9452 9458 9461 9464 9460 9448 9444 9441 9441 9444 9449 9463 9468 9479 9481 9469 9458 9453 9451 9450 9454 9447 9461 9615 9576 9640 9720 9799 9849 9896 9872 9833 9787 9770 9779 9590 9378 9270 9185 9109
