real_craters/C185-750m.grd
DSAA
215 215
-80.185 80.185
-80.185 80.185
7926.9729851511 10324.898374411
[rows 74 to 110 of 215, columns 84 to 167 of 215]
9404 9422 9429 9430 9428 9426 9440 9504 9587 9647 9668 9678 9672 9679 9695 9704 9733 9776 9818 9823 9804 9789 9768 9779 9772 9753 9732 9727 9733 9770 9798 9813 9828 9849 9865 9877 9795 9660 9587 9570 9560 9547 9526 9510 9509 9489 9467 9449 9440 9431 9424 9428 9429 9426 9421 9396 9371 9346 9321 9296 9288 9282 9275 9275 9288 9286 9282 9280 9277 9271 9266 9259 9246 9243 9231 9228 9224 9227 9217 9223 9220 9219 9256 9262
9403 9428 9447 9460 9470 9479 9491 9545 9618 9675 9714 9724 9713 9720 9748 9733 9728 9779 9860 9879 9856 9827 9856 9848 9804 9778 9756 9750 9747 9783 9837 9861 9859 9883 9895 9882 9834 9752 9662 9603 9574 9572 9556 9534 9506 9473 9448 9432 9426 9422 9420 9421 9431 9470 9464 9422 9391 9364 9335 9295 9286 9287 9286 9295 9291 9285 9289 9288 9285 9280 9276 9272 9275 9274 9271 9243 9208 9177 9237 9246 9241 9245 9283 9278
9456 9464 9479 9502 9529 9552 9571 9613 9672 9727 9765 9808 9816 9754 9713 9728 9737 9811 9897 9894 9885 9907 9925 9862 9787 9782 9815 9805 9749 9798 9849 9854 9833 9812 9828 9875 9843 9791 9722 9650 9622 9612 9559 9523 9519 9507 9463 9435 9424 9420 9418 9420 9427 9442 9446 9424 9402 9382 9362 9330 9304 9304 9307 9295 9292 9313 9305 9299 9292 9285 9281 9279 9281 9274 9260 9252 9214 9188 9236 9255 9258 9269 9296 9288
9574 9529 9525 9560 9599 9642 9677 9714 9731 9745 9786 9828 9787 9746 9721 9756 9827 9897 9877 9843 9828 9845 9782 9680 9675 9724 9819 9871 9850 9853 9903 9847 9782 9748 9803 9922 9890 9836 9772 9710 9671 9648 9579 9514 9508 9499 9477 9444 9430 9423 9418 9417 9418 9417 9412 9412 9405 9394 9382 9358 9334 9331 9316 9301 9313 9321 9317 9309 9300 9292 9284 9278 9271 9263 9259 9258 9245 9253 9256 9261 9264 9273 9289 9293
9614 9586 9585 9628 9671 9706 9782 9786 9764 9760 9784 9771 9709 9723 9721 9748 9808 9769 9761 9708 9677 9631 9528 9444 9512 9590 9693 9778 9834 9813 9796 9728 9679 9683 9778 9884 9875 9849 9808 9768 9719 9708 9662 9536 9510 9483 9458 9444 9436 9433 9426 9423 9414 9395 9396 9402 9400 9395 9387 9368 9350 9346 9322 9319 9318 9327 9324 9316 9307 9298 9290 9280 9267 9258 9259 9260 9258 9258 9259 9262 9264 9266 9274 9280
9591 9626 9671 9690 9744 9826 9880 9838 9807 9797 9791 9775 9726 9731 9714 9655 9609 9522 9516 9510 9493 9480 9445 9335 9362 9400 9436 9465 9493 9511 9502 9511 9514 9522 9528 9628 9687 9756 9811 9854 9804 9771 9705 9608 9521 9492 9457 9442 9443 9455 9468 9471 9445 9424 9413 9403 9399 9395 9385 9368 9350 9336 9323 9333 9339 9337 9331 9323 9313 9303 9292 9280 9269 9260 9260 9260 9262 9262 9263 9262 9261 9258 9255 9264
9600 9631 9666 9698 9774 9873 9897 9864 9833 9810 9789 9767 9729 9678 9612 9499 9408 9318 9303 9313 9299 9284 9276 9268 9233 9203 9183 9170 9189 9218 9247 9306 9344 9372 9401 9491 9543 9646 9741 9874 9849 9852 9806 9723 9620 9561 9491 9456 9455 9481 9515 9530 9505 9448 9410 9400 9397 9394 9389 9373 9355 9355 9358 9355 9349 9341 9334 9322 9313 9301 9291 9282 9273 9265 9263 9265 9266 9266 9265 9263 9258 9255 9254 9260
9659 9618 9588 9668 9770 9843 9861 9840 9821 9787 9729 9702 9629 9503 9405 9301 9183 9125 9162 9127 9090 9034 8969 9101 9060 9002 8956 8918 8986 9041 9120 9154 9201 9235 9270 9356 9460 9510 9565 9679 9892 9973 9937 9854 9751 9678 9579 9507 9481 9506 9550 9571 9544 9472 9412 9398 9394 9392 9386 9373 9359 9350 9352 9356 9361 9352 9336 9324 9311 9302 9293 9286 9280 9277 9275 9271 9267 9264 9260 9257 9254 9253 9255 9264
9658 9624 9598 9672 9776 9853 9851 9807 9755 9635 9542 9499 9448 9348 9236 9122 8987 8898 8963 8939 8904 8843 8774 8802 8812 8798 8766 8735 8780 8871 8923 9018 9086 9131 9160 9194 9214 9306 9395 9545 9818 1.001e+004 1.002e+004 9932 9830 9738 9659 9588 9515 9528 9567 9587 9553 9480 9417 9399 9394 9392 9386 9374 9362 9346 9348 9351 9353 9344 9333 9322 9312 9305 9297 9290 9284 9280 9277 9273 9271 9266 9259 9254 9251 9251 9253 9256
9633 9643 9657 9712 9788 9840 9805 9731 9602 9480 9474 9444 9338 9231 9117 9009 8900 8819 8752 8774 8756 8714 8667 8621 8623 8638 8627 8617 8647 8698 8805 8918 8987 9046 9113 9116 9134 9173 9280 9422 9614 9810 9946 9967 9901 9798 9710 9648 9560 9556 9574 9571 9544 9482 9427 9406 9402 9400 9390 9375 9362 9347 9342 9346 9332 9328 9326 9319 9312 9305 9298 9290 9285 9281 9275 9273 9272 9273 9273 9257 9251 9250 9252 9258
9665 9672 9697 9735 9778 9801 9763 9598 9455 9391 9449 9366 9230 9091 9021 8944 8855 8756 8691 8683 8662 8627 8583 8545 8539 8545 8546 8554 8641 8805 8852 8855 8885 8926 8974 9042 9044 9095 9168 9274 9440 9588 9801 9978 9973 9880 9757 9648 9613 9594 9587 9588 9539 9493 9440 9418 9417 9413 9396 9382 9356 9344 9336 9331 9328 9323 9319 9315 9311 9305 9300 9293 9284 9276 9273 9273 9272 9278 9283 9267 9256 9252 9252 9255
9686 9682 9695 9703 9695 9690 9540 9425 9317 9262 9273 9197 9133 9039 8965 8899 8845 8797 8713 8654 8616 8582 8540 8507 8491 8496 8501 8516 8593 8707 8773 8763 8778 8788 8781 8886 8949 8966 9029 9140 9336 9555 9740 9963 1.008e+004 9962 9803 9691 9650 9624 9623 9614 9580 9529 9472 9438 9442 9439 9433 9416 9373 9345 9338 9334 9333 9320 9314 9311 9309 9305 9301 9295 9287 9277 9273 9275 9275 9281 9280 9269 9261 9258 9257 9263
9699 9657 9620 9575 9497 9412 9309 9249 9174 9112 9107 9074 9056 9014 8910 8834 8794 8779 8680 8613 8574 8549 8536 8526 8494 8466 8465 8490 8539 8550 8586 8645 8682 8716 8756 8765 8842 8885 8965 9121 9275 9475 9692 9935 1.005e+004 9983 9842 9754 9687 9634 9634 9634 9637 9598 9518 9473 9464 9461 9459 9447 9399 9351 9343 9339 9336 9317 9314 9312 9310 9306 9302 9297 9294 9285 9277 9281 9288 9286 9282 9278 9275 9269 9268 9267
9687 9598 9502 9389 9311 9213 9115 9052 9038 9000 8985 8970 8937 8887 8803 8730 8663 8581 8548 8536 8515 8498 8496 8489 8446 8419 8424 8442 8462 8469 8494 8542 8587 8637 8697 8723 8839 8865 8877 8944 9083 9273 9581 9851 9984 9959 9850 9832 9755 9660 9628 9642 9693 9685 9577 9491 9461 9453 9451 9452 9424 9389 9362 9354 9343 9322 9317 9315 9314 9309 9305 9300 9296 9291 9288 9287 9285 9282 9277 9276 9279 9280 9273 9254
9630 9527 9422 9310 9206 9101 9014 8976 8953 8935 8911 8859 8778 8716 8663 8610 8556 8509 8495 8477 8448 8424 8404 8374 8350 8349 8358 8365 8371 8390 8425 8465 8498 8523 8570 8656 8765 8808 8829 8877 8944 9088 9365 9623 9843 9894 9846 9870 9837 9760 9664 9662 9693 9707 9608 9513 9450 9420 9417 9427 9437 9446 9432 9390 9358 9337 9329 9325 9321 9317 9311 9304 9297 9298 9294 9289 9284 9283 9287 9291 9297 9288 9278 9278
9531 9454 9377 9311 9231 9081 8959 8915 8859 8824 8780 8702 8601 8545 8517 8487 8469 8459 8452 8413 8365 8336 8313 8290 8282 8284 8293 8300 8306 8334 8381 8414 8437 8459 8499 8579 8669 8724 8741 8788 8835 8947 9147 9362 9593 9742 9859 9909 9893 9863 9721 9700 9692 9698 9614 9501 9435 9400 9397 9420 9429 9442 9453 9442 9399 9359 9348 9342 9335 9328 9321 9311 9299 9296 9293 9289 9289 9290 9301 9305 9291 9286 9284 9287
9428 9373 9316 9259 9141 9026 8902 8801 8722 8665 8589 8527 8488 8426 8376 8339 8342 8353 8351 8276 8252 8238 8226 8210 8210 8220 8230 8244 8263 8294 8348 8373 8389 8406 8449 8503 8559 8583 8678 8698 8766 8874 8988 9200 9388 9543 9788 9889 9838 9893 9798 9746 9711 9697 9631 9530 9452 9401 9385 9388 9387 9388 9399 9408 9413 9397 9380 9364 9353 9343 9333 9323 9307 9299 9295 9293 9302 9312 9314 9311 9291 9279 9282 9280
9359 9302 9240 9159 9054 8947 8848 8661 8582 8497 8439 8425 8391 8311 8243 8177 8105 8127 8138 8120 8130 8143 8151 8165 8169 8169 8175 8190 8210 8242 8296 8327 8344 8367 8413 8475 8511 8474 8544 8544 8694 8822 8914 9124 9293 9435 9538 9544 9523 9643 9766 9803 9750 9722 9674 9603 9510 9426 9394 9373 9372 9371 9373 9389 9432 9423 9402 9382 9367 9356 9348 9341 9332 9310 9305 9306 9316 9327 9321 9307 9294 9289 9282 9268
9317 9246 9172 9092 8990 8851 8761 8601 8465 8388 8314 8352 8208 8165 8122 8063 7991 7993 7989 7995 8040 8068 8082 8084 8085 8097 8118 8139 8165 8199 8228 8265 8295 8332 8375 8426 8428 8373 8376 8412 8552 8712 8876 9080 9204 9331 9297 9235 9200 9345 9571 9825 9878 9803 9737 9679 9624 9548 9440 9369 9369 9371 9372 9382 9399 9411 9408 9387 9374 9367 9361 9353 9339 9326 9318 9317 9324 9329 9319 9302 9287 9277 9263 9244
9291 9209 9118 9022 8905 8727 8575 8449 8336 8253 8219 8162 8059 8054 8041 8011 7984 7974 7987 7988 8005 8024 8035 8035 8034 8044 8070 8093 8116 8151 8168 8203 8240 8277 8309 8325 8277 8276 8279 8339 8377 8563 8751 8913 9024 9068 9099 9112 9107 9213 9456 9749 9879 9857 9818 9804 9774 9696 9506 9386 9373 9371 9371 9372 9369 9376 9375 9374 9371 9367 9367 9366 9354 9333 9324 9324 9321 9322 9315 9295 9278 9254 9236 9219
9265 9169 9063 8932 8775 8626 8462 8298 8218 8179 8129 8076 8020 8005 8000 7991 7981 7978 7983 7984 7992 8003 8009 8012 8014 8020 8038 8056 8073 8093 8111 8157 8192 8214 8227 8218 8222 8229 8243 8270 8311 8455 8616 8763 8867 8917 8990 9081 9133 9242 9465 9763 9861 9858 9862 9888 9873 9743 9581 9469 9418 9379 9376 9378 9371 9364 9360 9361 9360 9361 9364 9369 9362 9338 9322 9307 9309 9319 9314 9294 9273 9244 9220 9200
9235 9128 9005 8860 8651 8468 8347 8204 8129 8094 8039 8008 7996 7993 7994 7991 7986 7984 7985 7984 7987 7994 7998 8000 8001 8003 8018 8032 8048 8067 8080 8133 8156 8166 8167 8168 8189 8207 8223 8256 8296 8400 8531 8688 8765 8832 8967 9101 9191 9325 9560 9815 9856 9838 9850 9860 9811 9715 9647 9592 9524 9422 9388 9405 9422 9367 9360 9350 9346 9346 9350 9354 9343 9330 9317 9310 9308 9307 9296 9269 9248 9237 9216 9197
9192 9077 8950 8833 8607 8397 8252 8154 8074 8021 8009 7998 7989 7991 7994 7996 7996 7993 7992 7990 7988 7991 7993 7995 7997 8000 8007 8017 8031 8053 8071 8109 8125 8135 8135 8141 8163 8184 8209 8252 8289 8360 8455 8532 8710 8929 9089 9171 9297 9475 9723 9861 9846 9829 9864 9819 9693 9649 9651 9660 9688 9531 9419 9482 9529 9415 9366 9344 9335 9331 9332 9330 9324 9315 9308 9303 9298 9283 9265 9257 9249 9228 9216 9207
9154 9016 8862 8684 8472 8281 8160 8094 8028 8005 8003 7994 7991 7994 7997 7997 7997 7996 7995 7994 7991 7991 7992 7992 7994 7995 8002 8011 8022 8040 8056 8080 8096 8110 8115 8121 8136 8159 8187 8222 8255 8331 8454 8604 8788 8992 9148 9249 9410 9646 9800 9782 9814 9848 9920 9824 9702 9626 9628 9648 9638 9556 9480 9522 9587 9491 9388 9345 9331 9324 9318 9318 9312 9304 9296 9288 9275 9270 9259 9258 9251 9231 9209 9193
9127 8966 8782 8592 8398 8237 8130 8053 7990 7986 7991 7992 7997 7993 7993 7998 7996 7993 7993 7994 7993 7991 7990 7991 7991 7995 8001 8012 8024 8035 8058 8084 8098 8105 8110 8109 8104 8115 8156 8175 8212 8296 8480 8614 8799 8968 9088 9217 9370 9585 9742 9745 9786 9814 9810 9786 9728 9585 9581 9617 9610 9556 9510 9543 9615 9537 9414 9359 9341 9324 9309 9297 9291 9291 9286 9279 9270 9269 9271 9259 9250 9230 9201 9187
9108 8908 8706 8516 8372 8244 8138 8052 8007 7997 7993 7998 7998 7987 7975 7971 7977 7981 7988 7993 7990 7991 7993 7994 7997 7998 8004 8012 8023 8038 8060 8078 8084 8103 8112 8110 8101 8097 8130 8148 8182 8272 8470 8624 8802 8958 9104 9194 9319 9495 9693 9778 9778 9753 9748 9741 9668 9573 9570 9604 9585 9514 9507 9544 9608 9584 9475 9408 9371 9335 9304 9280 9281 9279 9276 9273 9269 9268 9264 9248 9226 9209 9198 9188
9064 8860 8657 8484 8414 8254 8140 8051 7996 7992 7994 7997 7997 7981 7955 7927 7945 7968 7984 7992 7991 7995 8000 8001 7996 8000 8010 8015 8026 8040 8061 8084 8090 8108 8119 8119 8118 8123 8135 8144 8164 8240 8447 8611 8746 8925 9052 9180 9312 9435 9642 9799 9787 9724 9719 9724 9696 9657 9613 9577 9546 9514 9498 9525 9563 9565 9532 9471 9406 9348 9303 9272 9269 9268 9266 9266 9269 9264 9246 9224 9204 9194 9194 9186
8982 8810 8634 8496 8437 8249 8132 8044 7994 7993 7995 8003 8007 7988 7955 7932 7943 7967 7986 7983 7991 8009 8020 8021 8013 8009 8016 8028 8036 8046 8062 8085 8108 8118 8120 8122 8125 8128 8133 8138 8152 8197 8377 8584 8730 8898 9025 9146 9284 9407 9628 9839 9802 9710 9683 9700 9681 9720 9683 9619 9565 9526 9491 9496 9537 9572 9570 9532 9421 9353 9305 9275 9264 9260 9256 9252 9255 9245 9220 9204 9187 9175 9172 9172
8918 8770 8621 8475 8323 8203 8111 8039 7996 7993 7999 8010 8028 8005 7966 7946 7957 7980 8003 8023 8032 8048 8060 8060 8052 8046 8048 8049 8055 8063 8078 8104 8120 8121 8120 8121 8122 8124 8130 8139 8156 8200 8341 8503 8654 8814 8907 9046 9235 9408 9591 9840 9789 9679 9634 9676 9690 9743 9745 9705 9684 9648 9524 9497 9526 9554 9544 9427 9380 9342 9305 9277 9266 9257 9245 9230 9203 9171 9196 9199 9181 9173 9169 9164
8866 8739 8620 8462 8296 8167 8095 8031 7992 7993 8002 8018 8043 8026 7985 7954 7982 8006 8031 8055 8084 8107 8115 8113 8105 8096 8087 8074 8081 8094 8108 8120 8119 8120 8120 8120 8122 8126 8130 8139 8149 8179 8296 8415 8500 8674 8799 8965 9159 9410 9632 9765 9735 9647 9610 9678 9725 9814 9828 9797 9731 9693 9614 9567 9535 9481 9439 9384 9353 9328 9305 9290 9271 9254 9237 9218 9193 9187 9185 9184 9179 9171 9168 9160
8853 8714 8567 8400 8242 8157 8085 8031 8000 7997 8006 8023 8046 8038 8023 8020 8020 8041 8070 8101 8140 8173 8180 8168 8155 8144 8109 8100 8107 8121 8133 8125 8122 8121 8120 8120 8122 8124 8127 8128 8146 8188 8282 8396 8494 8648 8784 8974 9264 9603 9825 9761 9670 9609 9587 9669 9729 9833 9879 9869 9780 9781 9709 9668 9570 9456 9398 9380 9352 9323 9296 9285 9270 9252 9234 9216 9202 9193 9183 9173 9165 9160 9155 9154
8886 8710 8527 8362 8264 8189 8099 8030 8000 8002 8006 8006 8009 8026 8027 8032 8047 8075 8112 8156 8216 8265 8244 8220 8197 8169 8144 8132 8137 8146 8160 8150 8131 8121 8120 8120 8119 8122 8127 8132 8149 8186 8289 8414 8538 8696 8829 9008 9284 9581 9803 9656 9579 9585 9606 9633 9721 9852 9935 9964 9853 9827 9773 9741 9573 9455 9410 9391 9362 9324 9291 9278 9261 9244 9229 9214 9203 9194 9183 9173 9162 9157 9153 9150
8929 8707 8541 8383 8292 8216 8117 8039 8009 8007 8004 8000 8007 8021 8022 8037 8061 8098 8144 8200 8263 8294 8283 8258 8234 8202 8182 8167 8161 8161 8144 8128 8125 8122 8120 8120 8120 8122 8125 8137 8148 8184 8298 8434 8585 8743 8881 9010 9180 9397 9657 9617 9566 9582 9624 9663 9774 9873 9941 9986 9924 9841 9737 9554 9472 9449 9449 9407 9361 9328 9294 9262 9248 9238 9226 9214 9202 9189 9181 9175 9166 9158 9154 9152
8812 8660 8496 8412 8293 8214 8129 8056 8020 8014 8008 8006 8005 8005 8006 8032 8067 8109 8157 8217 8277 8313 8288 8276 8270 8270 8231 8200 8190 8178 8172 8150 8138 8121 8120 8121 8121 8119 8123 8129 8143 8194 8317 8461 8602 8793 8952 9080 9173 9269 9530 9598 9579 9583 9606 9678 9842 9976 9917 9909 9907 9838 9706 9516 9433 9446 9455 9424 9372 9336 9306 9250 9245 9236 9226 9213 9200 9188 9179 9173 9170 9161 9159 9161
8773 8679 8533 8414 8357 8231 8134 8073 8038 8020 8013 8014 8016 8010 8008 8033 8068 8105 8150 8197 8238 8246 8265 8276 8289 8296 8258 8241 8217 8192 8169 8154 8137 8123 8123 8121 8120 8119 8122 8116 8146 8219 8337 8489 8673 8850 8979 9130 9193 9266 9431 9539 9537 9589 9629 9709 9895 9972 9924 9888 9926 9913 9748 9562 9465 9469 9486 9449 9390 9345 9305 9274 9253 9238 9224 9211 9198 9186 9176 9172 9171 9166 9166 9168
8970 8762 8566 8393 8322 8242 8162 8101 8053 8025 8023 8022 8020 8017 8014 8035 8066 8101 8137 8170 8196 8213 8240 8272 8300 8315 8306 8286 8236 8196 8161 8143 8133 8129 8125 8121 8120 8120 8120 8138 8176 8226 8342 8486 8632 8700 8924 9115 9194 9220 9303 9462 9546 9624 9718 9816 9915 9908 9938 9913 9941 9949 9787 9610 9509 9507 9524 9469 9403 9356 9321 9292 9267 9248 9233 9218 9202 9188 9178 9172 9170 9168 9169 9172
8952 8751 8555 8382 8298 8248 8197 8145 8085 8052 8038 8030 8023 8022 8021 8040 8066 8094 8120 8143 8167 8183 8227 8283 8324 8346 8344 8300 8230 8182 8153 8135 8120 8121 8124 8124 8121 8119 8114 8145 8185 8236 8336 8478 8622 8764 8953 9029 9125 9161 9282 9468 9555 9665 9790 9920 9933 9904 9887 9890 9963 9899 9761 9638 9561 9545 9537 9457 9397 9353 9325 9297 9278 9260 9242 9225 9208 9192 9176 9174 9172 9170 9170 9174
