real_craters/C185-500m.grd
DSAA
322 322
-80.185 80.185
-80.185 80.185
7925.9379542389 10328.140730516
[rows 30 to 59 of 322, columns 67 to 133 of 322]
9275.48 9277.33 9280.02 9278.9 9285.97 9291.43 9289.26 9283.6 9280.66 9272.71 9268.94 9267.08 9263.93 9262.76 9262.71 9262.6 9261.68 9259.72 9257.13 9255.86 9253.08 9249.41 9245.93 9240.52 9235.89 9232.74 9233.56 9235.34 9237.31 9238.23 9235.45 9234.28 9230.86 9226.63 9232.2 9233.39 9232.59 9230.26 9229.03 9233.12 9242.6 9256.29 9268.07 9273.6 9275.49 9274.76 9274.04 9271.36 9269.81 9268.71 9257.99 9247.96 9239.68 9226.9 9222.5 9221.01 9221.41 9222.39 9225.86 9227.8 9229.58 9224.62 9217.84 9216.94 9216.33 9218.79 9233.04
9269.37 9270.08 9271.1 9272.55 9284 9311.4 9293.39 9281.16 9270.28 9268.21 9266.19 9266.66 9263.26 9262.16 9262.05 9261.09 9258.78 9255.14 9252.6 9250.23 9248.58 9246.59 9243.54 9240.65 9236.07 9233.46 9235.03 9238.02 9240.98 9242.48 9244.37 9243.33 9243.13 9245.7 9251.06 9247.46 9240.99 9235.57 9232.35 9234.01 9240.14 9256.32 9271.1 9277.41 9278.73 9277.51 9275.34 9271.36 9266.86 9261.36 9251.72 9257.99 9244.32 9234.51 9224.4 9220.21 9217.02 9218.58 9220.7 9223.53 9226.32 9226.81 9224.86 9219.6 9218.64 9223.86 9241.69
9265.53 9267.18 9265.96 9274.23 9284.87 9285.64 9295.33 9288.29 9265.92 9257.25 9256.62 9256.53 9260.29 9263 9263.28 9262.87 9259.96 9253.58 9245.99 9245.58 9245.92 9245.14 9244.52 9242.38 9238.29 9234.96 9236 9238.26 9242.23 9248.86 9254.22 9257.39 9257.91 9259.75 9265.02 9258.13 9247.83 9241.15 9238.24 9236.45 9239.85 9256.51 9272.8 9280.27 9282.55 9281.02 9276.59 9270.18 9263.04 9253.66 9243.73 9242.25 9235.18 9225.79 9222.32 9218.44 9218.69 9219.13 9220.87 9225.6 9228.66 9230.79 9228.81 9220.88 9220.38 9229.23 9242.37
9261.99 9257.63 9259.35 9274.19 9292.59 9310.4 9300.51 9293.13 9279.14 9264.34 9255.4 9254.24 9260.53 9266.64 9271.19 9270.91 9270.03 9264.91 9257.32 9249.56 9246.76 9245.02 9244.28 9243.12 9237.97 9234.28 9237.29 9241.04 9246.82 9252.76 9258.92 9266.52 9276.23 9289.94 9275.96 9258.52 9248.35 9242.78 9239.8 9239.99 9244.99 9260.33 9276.57 9283.72 9285.78 9284.36 9277.95 9269.59 9260.77 9251.32 9243.42 9233.75 9226.02 9223.28 9221.54 9220.06 9219.37 9218.8 9222.44 9230.84 9238.33 9237.38 9231.01 9221.01 9222.26 9233.58 9234.54
9262.84 9265.79 9267.61 9271.12 9279.15 9291.02 9293.12 9288.42 9278.46 9271.04 9263.19 9260.52 9261.79 9265.12 9272.02 9280.59 9282.78 9279.48 9266.46 9254.51 9249 9245.56 9242.96 9240.99 9237.01 9235.64 9239.13 9244.01 9249.64 9255.26 9261.59 9267.19 9265.53 9225.22 9225.18 9242.01 9245.28 9244.88 9244.79 9245.69 9248.58 9265.12 9278.32 9284.96 9286.91 9288.58 9281.44 9269.69 9258.74 9247.06 9237.09 9228.03 9223.93 9224.27 9222.88 9221.68 9220.8 9218.91 9225.22 9238.84 9249.81 9245.22 9237.17 9223.74 9225.11 9235.79 9232.54
9264.22 9268.53 9270.19 9274.11 9280.31 9283.91 9283.37 9279.55 9274.92 9271.16 9267.48 9265.02 9265.28 9267.51 9269.43 9277.14 9291.33 9293.98 9275.93 9258.55 9254.54 9248.49 9240.56 9237.84 9237.09 9237.49 9241.23 9246.19 9251.32 9256.99 9262.86 9267.16 9264.1 9237.48 9236.84 9244.36 9247.04 9247.22 9250.37 9256.28 9264.08 9272.84 9282.47 9285.95 9287.01 9287.52 9279.02 9267.26 9256.02 9242.72 9233.73 9228.92 9225.13 9225.5 9226.58 9224.36 9226.57 9224.37 9230.87 9245.37 9253.17 9252.13 9245.51 9230.18 9229.49 9238.73 9242.71
9264.18 9265.47 9268.39 9274.47 9282.21 9281.27 9278.84 9275.49 9271.01 9269.62 9264.42 9264.54 9263.7 9264.44 9267.26 9274.98 9292.04 9321.48 9312.88 9283.62 9264.91 9252.91 9244.88 9241.69 9239.89 9238.79 9242.82 9247.75 9252.7 9257.22 9261.04 9264.2 9265.69 9274.3 9272.55 9258.41 9253.15 9252.66 9257.89 9265.78 9272.79 9279.02 9284.25 9285.7 9284.78 9280.67 9272.96 9262.77 9252.76 9239.48 9231.27 9228.49 9226.13 9228.07 9235.06 9239.34 9236.81 9233.59 9239.75 9249.54 9258.54 9260.02 9255.23 9244.51 9233.24 9235.29 9249.98
9265.17 9264.06 9267.46 9274.35 9274.21 9280.17 9280.32 9275.3 9269.58 9258.73 9264.21 9264.06 9262.17 9260.84 9259.67 9260 9264.55 9282.27 9296.82 9291.2 9266.95 9257.39 9249.98 9246.82 9244.76 9244.67 9246.54 9250.78 9254.8 9257.87 9259.18 9258.54 9257.98 9267.92 9271.54 9263.62 9258.79 9259.65 9265.11 9275.7 9281.35 9282.83 9284.46 9285.12 9283.57 9278.35 9267.58 9256.88 9247.48 9235.97 9229.99 9227.71 9223.33 9231.15 9243.49 9251.63 9248.04 9244.95 9251.57 9258.62 9268.18 9268.19 9262.48 9252.01 9233.55 9228.19 9235.48
9270.95 9270.9 9278.88 9283.25 9287.12 9288.45 9282.77 9276.84 9268.15 9265.11 9264.73 9263.19 9260.96 9257.04 9250.21 9240.12 9224.77 9202.5 9214.56 9234.17 9252.77 9259.65 9259.34 9253.99 9248.68 9248.14 9250.53 9251.86 9253.8 9255.76 9256.77 9255.4 9250.49 9253.17 9256.72 9258.86 9259.62 9261.12 9266.99 9276.25 9281.76 9283.29 9284.39 9284.25 9281.55 9273.95 9262.75 9252.19 9248.49 9235.89 9229.24 9226.65 9226.86 9234.76 9247.24 9255.56 9255.39 9256.66 9263.46 9274.91 9277.83 9273.25 9264.27 9251.86 9234.77 9239.62 9237.57
9281.17 9286.42 9293.66 9297.85 9304.51 9303.4 9291.95 9282.89 9273.96 9267.1 9264.73 9264.14 9261.72 9257.31 9247.57 9234.07 9210.83 9188.92 9186.72 9222.05 9251.63 9266.01 9271.32 9266.69 9255.77 9254.74 9254.85 9254.73 9256.42 9258.63 9260.05 9260.11 9257.66 9247.98 9249.69 9256.31 9260.75 9265.14 9269.04 9264.6 9275.99 9282.84 9283.91 9283.15 9280.16 9271.55 9259.55 9248.2 9241.35 9230.12 9226.95 9224.98 9228 9235.54 9246.2 9254.2 9256.33 9257.07 9271.24 9283.99 9279.52 9273.67 9267.02 9258.65 9245.4 9249.98 9237.49
9291.47 9301.92 9307.09 9310.34 9315.29 9314.63 9304.47 9291.14 9279.59 9272.62 9269.34 9267.98 9265.39 9261.07 9251.86 9237.4 9217.5 9199.89 9199.18 9233.94 9266.84 9279.01 9281.17 9276.51 9268.03 9262.43 9258.38 9256.57 9257.13 9259.08 9261.56 9264.53 9262.11 9251.64 9252.93 9259.5 9265.46 9271.4 9280.55 9292.77 9286.92 9286.07 9285.12 9282.69 9276.92 9268.66 9257 9246.08 9238.62 9228.54 9225.35 9224.31 9226.18 9234.53 9244.25 9252.47 9258.09 9266.33 9275.54 9280.4 9278.19 9275.62 9273.92 9270.63 9257.25 9257.5 9247.15
9296.02 9306.63 9315.59 9314.67 9315.87 9317.27 9310.54 9295.66 9283.35 9275.19 9274.99 9273.35 9270.59 9267.48 9261.76 9256.99 9246.83 9231.14 9235.04 9281.76 9299.35 9294.61 9289.78 9285.29 9278.41 9268.97 9259.81 9257.06 9257.26 9259.31 9262.07 9264.04 9262.5 9256.87 9260.26 9267.14 9274.57 9281.12 9288.34 9294.92 9292.43 9288.73 9285.83 9282.82 9277.22 9266.07 9254.77 9243.96 9237.03 9229.78 9225.54 9224.41 9225.49 9234.77 9245.94 9255.59 9261.9 9269.77 9272 9272.02 9274.99 9276.73 9278.77 9280.25 9273.02 9264.8 9256.87
9295.44 9304.29 9310.73 9311.68 9309.87 9309.4 9304.88 9294.73 9285.33 9278.76 9278.01 9276.37 9275.18 9274.5 9277.28 9284.17 9298.47 9292.18 9292.68 9339.94 9318.05 9302.41 9292.89 9284.47 9276.94 9269.23 9259.75 9256.15 9256.7 9258.77 9261.05 9263.11 9261.83 9265.07 9269.23 9275.68 9283.54 9288.4 9290.25 9291.47 9291.22 9288.71 9285.41 9281.78 9275.73 9263.73 9252.56 9242.44 9233.97 9229.61 9225.89 9223.92 9225.04 9236.29 9253.32 9261.78 9266.68 9266.88 9265.91 9268.74 9271.37 9274.53 9281.18 9277.24 9258.42 9260.65 9259.76
9290.74 9296.49 9299.42 9298.43 9296.56 9294.02 9293.47 9291.1 9286.91 9281.54 9282.14 9279.68 9278.63 9279.93 9284.95 9295.76 9317.27 9330.01 9320.83 9309.23 9299.49 9295.34 9290.5 9286.45 9281.17 9271.06 9258.38 9256.19 9256.97 9258.55 9260.39 9262.66 9268.63 9273.79 9277.5 9282.79 9287.89 9290.89 9291.21 9290.24 9289.51 9287.23 9284 9279.71 9274.2 9261.34 9250.17 9240.3 9232.27 9228.72 9225.77 9224.4 9224.3 9238.33 9259.43 9266.29 9268.53 9265.48 9265.09 9267.42 9269.72 9274.05 9281.36 9261.05 9241.76 9256.18 9254.81
9284.76 9287.15 9286.09 9284.82 9285.61 9286.45 9287.05 9288.41 9289.71 9293.09 9286.47 9280.89 9279.33 9280.33 9283.91 9288.07 9286.92 9287.68 9291.08 9282.15 9280.72 9284.19 9284.86 9282.76 9283.76 9271.77 9262.61 9258.78 9259.14 9260.03 9261.24 9264.38 9272.04 9277.53 9283.94 9288.65 9292.21 9293.07 9292.35 9290.76 9288.42 9285.48 9281.99 9278.07 9271.21 9258.45 9247.95 9238.49 9232.41 9228.15 9225.6 9225.25 9225.72 9240.14 9262.96 9266.24 9265.93 9262.19 9261.55 9264.75 9268.16 9272.66 9276.53 9259.5 9246.22 9253.71 9258.28
9275.31 9277.19 9276.27 9275.3 9277.69 9281.07 9283.7 9287.27 9290.96 9291.78 9286.65 9278.91 9277.77 9279.22 9281.15 9281.87 9279.73 9277.29 9277.69 9274.36 9272.3 9276 9278.76 9281.05 9272.52 9268.32 9265.23 9263.02 9262.84 9263.65 9264.94 9268.43 9279.44 9286.67 9290.86 9293.91 9295.07 9294.87 9292.85 9289.97 9286.73 9283.29 9279.2 9274.57 9268.77 9258.93 9246.72 9235.1 9232.2 9228.26 9225.59 9225.56 9225.81 9235.51 9253.58 9258.8 9260.33 9256.74 9254.57 9260.15 9265.24 9270.78 9273.47 9260.88 9252.37 9256.23 9262.64
9264.16 9269.27 9272.06 9272.38 9275.51 9277.43 9281.68 9286.66 9291.52 9296.24 9291.38 9277.59 9276.4 9277.28 9278.26 9278.64 9278.52 9274.94 9276.22 9277.71 9272.51 9272.28 9273.26 9272.96 9268.04 9266.84 9267.3 9266.96 9266.84 9268.27 9271.39 9276.6 9286.17 9293.56 9297.34 9299.6 9299.22 9297.13 9293.23 9289.03 9284.63 9280.17 9275.83 9271.1 9264.8 9255.71 9245.96 9236.91 9233.85 9229.11 9226.37 9226.8 9226.32 9228.33 9237.1 9247.28 9252.13 9251.09 9251.68 9257.43 9261.69 9263.23 9264.84 9258.46 9256.06 9252.71 9260.4
9259.56 9265.07 9271.96 9276.99 9276.68 9278.07 9281.35 9286.14 9290.54 9296.96 9298.59 9280.75 9277.56 9276.85 9276.72 9276.52 9275.53 9274.64 9276.25 9277.29 9271.73 9271.09 9270.29 9268.1 9266.51 9266.78 9266.76 9268.48 9269.5 9272.1 9276.91 9280.72 9290.38 9298.2 9302.78 9305.87 9305.23 9299.67 9293.29 9287.64 9282.26 9277.4 9273.05 9266.87 9259.18 9251.92 9245.5 9242.54 9233.84 9231.63 9229.19 9226.72 9228.82 9229.11 9231.97 9240.18 9244.81 9247.91 9252.11 9258.86 9260.76 9259.43 9256.95 9253.51 9252.3 9249.08 9254.4
9257.07 9261.96 9269.15 9278.86 9274.55 9274.81 9280.66 9286.28 9290 9293.94 9294.78 9286.91 9281.86 9278.69 9276.35 9274.96 9274.39 9273.86 9277.18 9279.15 9274.77 9272.51 9269.9 9266.99 9265.58 9266.23 9267.17 9269.23 9270.48 9273.43 9280.44 9288.3 9296.44 9302.41 9306.35 9309.24 9308.12 9300.69 9292.89 9285.83 9278.98 9272.76 9269.66 9266.46 9254.62 9248.31 9243.45 9236.42 9241.05 9240.36 9243.13 9240.64 9234.55 9229.95 9233.09 9241.19 9246.31 9247.86 9256.67 9264.22 9263.34 9258.91 9254.56 9250.47 9250.58 9249.26 9243.75
9256.73 9258.44 9261.5 9269.78 9269.27 9272.42 9281.73 9288.61 9292.2 9293.32 9292.91 9291.21 9285.39 9280.35 9276.47 9272.72 9270.8 9273.07 9278.51 9284.24 9281.41 9275.28 9270.48 9267.27 9264.63 9267.83 9269.5 9270.12 9270.59 9272.44 9276.3 9295.12 9303.1 9305.81 9307.41 9307.89 9305.48 9299.61 9291.78 9284.27 9276.17 9267.4 9256.76 9258.02 9251.22 9248.26 9246.34 9249.02 9248.88 9251.65 9257.96 9254.24 9241.62 9232.8 9236.57 9245.57 9249.48 9250.25 9262.04 9271.06 9268.06 9261.45 9255.48 9250.21 9259.57 9249.36 9243.95
9254.9 9256.01 9257.42 9262.52 9266.77 9277.21 9288.07 9291.7 9294.4 9291.37 9286.82 9286.4 9284.47 9281 9276.88 9272.83 9270.46 9272.48 9277.76 9283.9 9283.59 9275.44 9270.89 9268.05 9267.99 9270.39 9268.74 9269.04 9270.33 9272.34 9277.71 9292.9 9303.55 9305.74 9306.47 9305.6 9303.35 9298.66 9291.44 9283.63 9274.62 9265.34 9257.6 9253.89 9254.1 9250.85 9250.49 9260.07 9263.89 9264.76 9269.99 9261.85 9247.09 9236.04 9243.49 9258.12 9257.98 9254.15 9267.01 9277.72 9273.55 9266.35 9258.92 9252.77 9263.2 9257.87 9255.22
9253.87 9256.02 9257.02 9263.51 9269 9281.17 9291.55 9291.81 9290.09 9286.42 9281.49 9281.97 9283.13 9281.59 9278.5 9274.3 9271.5 9272.1 9275.02 9276.94 9274 9272.1 9269.99 9268.18 9267.58 9270.99 9271.49 9270.56 9272 9274.66 9280.29 9293.13 9298.58 9303.75 9305.21 9303.73 9302.48 9299.6 9293.1 9283.96 9274.47 9265.35 9258.73 9260.48 9255.76 9251.81 9255.33 9273.85 9279.71 9275.73 9271.99 9260.83 9251.03 9243.78 9252.61 9271.6 9266.28 9256.35 9267.41 9278.67 9276.93 9272.48 9265.4 9258.91 9263.09 9260.95 9264.62
9255.69 9258.11 9262.34 9264.95 9272.41 9283.04 9291.33 9289.12 9285.07 9282.44 9280 9280.63 9283.66 9282.65 9280.66 9277.46 9271.48 9271.03 9272.57 9273.59 9272.73 9270.96 9270.16 9268.66 9267.51 9270.92 9272.84 9274.6 9275.67 9278.6 9285.83 9294.52 9299.79 9303.47 9305.12 9304.88 9303.23 9299.76 9293.61 9284.75 9275.26 9266.29 9259.55 9258.95 9255.85 9253.91 9262.61 9283.33 9292.83 9281.32 9256.71 9253.8 9254.73 9256.03 9268.72 9286.08 9272.84 9258.53 9264.6 9272.91 9277.34 9276.59 9268.86 9265.85 9263.59 9264.27 9265.89
9257.96 9259.13 9261.37 9264.04 9271.69 9280.83 9287.37 9286.19 9282.18 9280.8 9278.8 9280.13 9283.45 9282.93 9282.58 9280.96 9273.73 9271.32 9271.51 9272.16 9272.74 9273.1 9272.06 9270.65 9268.98 9269.26 9272.82 9277.31 9278.82 9281.01 9286.08 9296.24 9301.74 9303.55 9305.03 9306.17 9303.85 9300.84 9294.22 9285.63 9276.57 9267.95 9260.93 9256.61 9251.96 9256.78 9267.55 9282.79 9285.06 9269.32 9250.46 9252.7 9260.11 9272.84 9288.4 9293.96 9277 9261.59 9263.92 9270.3 9274.03 9274.7 9265.31 9263.31 9261.8 9262.68 9266.53
9259.78 9259.63 9260.16 9262.36 9268.42 9278.14 9285.85 9286.25 9283.63 9281.45 9279.92 9277.85 9279.55 9281.64 9283.07 9280.85 9274.25 9271.77 9271.55 9271.85 9273.14 9275.89 9274.53 9273.86 9273.52 9271.52 9273.83 9277.16 9280 9282.83 9287.92 9296.09 9301.12 9302.92 9303.04 9302.13 9302.28 9300.69 9294.29 9286.11 9277.67 9269.7 9264.09 9258.83 9254.33 9259.59 9270.61 9281.58 9276.17 9260.72 9252.18 9255.84 9265.24 9279.85 9293.29 9292.99 9278.1 9265.46 9264.28 9265.41 9267.85 9265.38 9259.79 9264.07 9261.49 9260.5 9260.61
9261.06 9262.52 9262.37 9262.02 9265.83 9277.58 9287.61 9288.08 9285.56 9283.14 9280.36 9278.53 9277.5 9280.24 9282.65 9280.1 9272.4 9272.93 9272.93 9272.53 9272.8 9274.59 9276.15 9276.93 9278.65 9279.03 9276.94 9275.88 9279.19 9284.5 9287.54 9295.7 9300.67 9302.82 9302.67 9301.76 9301.2 9297.46 9293.3 9286.62 9278.77 9270.91 9264.8 9261.69 9260.66 9263.11 9272.76 9280.26 9273.07 9259.98 9255.73 9259.71 9266.09 9279.05 9290.21 9288.08 9277.5 9268.82 9266.58 9267.4 9266.35 9262.18 9256.63 9267.89 9260.06 9259.61 9260.24
9262.57 9265.22 9266 9265.17 9268.29 9278.92 9289.26 9290.08 9287.84 9285.88 9282.77 9280.71 9277.07 9279.83 9283.98 9283.64 9278.91 9277.63 9276.1 9274.56 9273.98 9276.73 9277.23 9277.97 9279.47 9280.78 9279.15 9276.85 9279.42 9285.92 9292.29 9297.62 9301.45 9304.17 9304.56 9303.68 9303.02 9300.24 9294.26 9287.73 9280.52 9272.95 9266.05 9263.73 9265.29 9266.23 9270.72 9283.89 9274.29 9262.99 9264.7 9266.38 9268.88 9278.26 9286.45 9281.9 9274.6 9269.64 9268.21 9267.4 9265.04 9259.77 9256.23 9273.43 9260.26 9259.39 9260.16
9265.53 9268.38 9267.98 9268.15 9272.67 9280.49 9288.83 9293.58 9291.79 9289.54 9287.37 9285.13 9280.27 9280.96 9285.12 9289.76 9288.72 9283.84 9280.18 9277.25 9275.38 9276.85 9277.32 9277.58 9277.52 9277.22 9278.77 9278.67 9281.01 9285.52 9292.81 9297.9 9302.67 9306.76 9309.28 9307.7 9304.37 9300.85 9295.31 9289.44 9283.23 9276.65 9269.68 9267.01 9267.5 9270.54 9283.07 9289.73 9278.04 9264.81 9268.23 9274.02 9279.78 9280.62 9282.25 9277.66 9271.45 9269.06 9269.16 9269.25 9264.11 9257.03 9254.91 9270.1 9259.69 9259.74 9259.83
9268.19 9267.2 9269.82 9271.81 9277.26 9281.31 9285.47 9291.27 9292.88 9292.49 9291.91 9289.89 9283.77 9281.78 9284.12 9291.07 9292.76 9288.31 9283.66 9279.75 9276.87 9275.93 9276.58 9277.12 9277.43 9277.82 9279.7 9282.48 9283.22 9286.68 9293.46 9299.01 9304.23 9309.11 9312.36 9309.48 9302.81 9298.07 9295.75 9291.9 9286.83 9282.24 9276.92 9272.19 9272.08 9277.02 9292 9295.25 9284.03 9273.09 9274.03 9278.66 9284.25 9278.34 9271.14 9272.81 9271.21 9270.89 9270.46 9267.96 9261.67 9255.34 9256.67 9283.16 9265.21 9262.01 9259.96
9269.93 9267.8 9271.35 9278.42 9278.86 9281.29 9283.96 9288.18 9292.42 9294.32 9295.07 9293.32 9285.62 9282.18 9284.1 9292.42 9294.23 9290.42 9285.96 9281.99 9278.34 9275.95 9276.67 9277.45 9278.24 9279.25 9282.27 9289.28 9293.5 9293.6 9296.19 9299.15 9305.23 9310.45 9314.03 9310.02 9302.38 9298.33 9297.95 9295.69 9291.07 9283.75 9277.79 9276.56 9279.01 9287.9 9297.22 9297.69 9288.04 9283.57 9278.91 9277.03 9276.71 9272.92 9272.57 9277.07 9278.19 9276.75 9273.32 9268.22 9262.23 9257.57 9261.81 9277.96 9270.51 9267.8 9262.68
