real_craters/C185-500m.grd
DSAA
322 322
-80.185 80.185
-80.185 80.185
7925.9379542389 10328.140730516
[rows 180 to 209 of 322, columns 0 to 66 of 322]
9395.24 9392.02 9390.36 9387.84 9391.69 9392.76 9392.32 9385.8 9380.45 9382.91 9384.57 9384.46 9388.42 9390.45 9390.86 9389.94 9390.18 9394.7 9397.34 9399.33 9396.03 9390.4 9390.91 9388.27 9386.06 9385.28 9384.07 9383.25 9381.85 9379.71 9377.29 9377.33 9375.88 9373.27 9371.33 9369.3 9366.19 9367.16 9372.35 9376.45 9380.59 9385.34 9390.76 9395.38 9400.04 9403.66 9405.45 9407.55 9408.07 9409.01 9407.61 9404.69 9400.01 9402.3 9409.59 9415.94 9422.6 9431.78 9446.83 9460.15 9466.74 9466.9 9467.09 9475.47 9508.04 9478.74 9454.35
9392.74 9386.53 9393.79 9400.91 9396.79 9395.46 9390.98 9388.69 9384.05 9382.5 9393.12 9405.43 9402.68 9401.07 9398.08 9391.99 9389 9392.49 9392.42 9391.61 9387.87 9387.81 9385.21 9383.71 9383.85 9383.93 9383.65 9382.54 9381.88 9382.66 9382.32 9382.97 9376.72 9373.47 9371.67 9370.34 9369.43 9371.14 9373.86 9377.43 9380.53 9384.62 9388.47 9392.97 9395.96 9397.91 9399.87 9406.16 9413.33 9406.67 9400.59 9394.2 9397.48 9400.04 9402.24 9405.83 9409.9 9419.26 9433.59 9447.51 9458 9465.4 9472.42 9481.57 9482.88 9483.48 9465.71
9395.63 9389.84 9389.83 9396.07 9399.41 9401.1 9400.14 9397.53 9395.94 9390.58 9401.48 9412.15 9410.25 9403.66 9395.53 9386.87 9385.14 9384.78 9386.96 9387.07 9385.15 9383.75 9382.4 9382.64 9382.87 9382.59 9382.18 9381.36 9379.99 9377.38 9379.89 9377.16 9372.86 9371.93 9371.39 9371.54 9372.11 9374.08 9375.41 9377.64 9380.84 9384.32 9387.02 9390.65 9392.27 9392.57 9393.09 9395.42 9404.14 9401.01 9397.76 9397.79 9399.89 9398.82 9398.68 9400.52 9402.63 9409.61 9425.8 9439.36 9447.77 9461.25 9468.31 9472.09 9471.98 9469.18 9459.69
9393.68 9387.19 9384.69 9391.73 9402.23 9409.05 9412.64 9408.37 9396.66 9400.9 9409.53 9415.85 9412.65 9404.28 9393.77 9384.23 9384.72 9383.57 9384.82 9385.59 9385.88 9384.52 9381.78 9381.27 9382.04 9382.16 9381.81 9380.79 9378.66 9375.76 9371.76 9364.04 9368.76 9370.88 9371.44 9372.14 9373.01 9376.17 9375.3 9378.11 9381.45 9384.53 9388.24 9390.21 9390.73 9391.42 9389.98 9389.02 9392.27 9394.19 9391.79 9391.42 9390.88 9391.99 9396.19 9399.61 9403.22 9411.9 9425.1 9440.75 9455.4 9460.16 9460.96 9460.04 9457.96 9456.84 9450.72
9389.09 9373.97 9390.31 9398.99 9407.63 9416.85 9426.08 9423.95 9411.44 9407.32 9415.16 9420.44 9414.35 9404.77 9393.87 9382.7 9383.92 9384.33 9384.74 9385.83 9385.28 9384.34 9382.26 9380.81 9382.17 9382.66 9382.48 9381.84 9380.56 9377.44 9374.34 9373.25 9371.9 9371.72 9371.86 9372.05 9371.57 9369.85 9374.5 9378.84 9382.93 9386.57 9389.56 9391.93 9393.28 9393.72 9391.66 9389.72 9390.92 9393.13 9391.96 9389.47 9387.46 9392.29 9398.87 9402.79 9407.37 9414.28 9425.64 9439.98 9457.15 9453.43 9450.06 9449.17 9446.97 9444.98 9442.07
9390.98 9391.52 9400.05 9403.81 9410.11 9419.1 9426.2 9422.95 9408.44 9405.63 9416.24 9419.85 9413.34 9404.54 9394.56 9383.88 9382.54 9383.34 9384.04 9385.17 9387.24 9387.16 9386.88 9386.29 9384.93 9383.55 9383.21 9383.67 9384.78 9382.93 9380.07 9380.49 9376.02 9373.18 9372.85 9372.83 9373.27 9374.51 9376.85 9381 9388.04 9392.87 9396.78 9400.44 9402.33 9402.54 9398.72 9390.92 9395.74 9399.16 9397.25 9398.38 9401.54 9406.92 9406.16 9407.86 9410.56 9416.87 9423.99 9430.43 9431.78 9433.98 9434.24 9431.97 9431.71 9431 9430.05
9392.46 9398 9398.02 9401.29 9408.41 9417.28 9421.98 9415.86 9404.39 9404.67 9415.49 9416.56 9409.17 9401.6 9395.22 9387.95 9382.2 9382.93 9382.83 9381.84 9382.62 9385.46 9387.43 9389.67 9384.34 9383.24 9383.08 9383.06 9384.37 9383.32 9380.02 9377.78 9375.35 9373.89 9373.38 9374.29 9375.32 9376.51 9379.7 9384.84 9389.19 9393.2 9398.26 9403.08 9407.36 9409.29 9412.32 9413.51 9410.42 9410.42 9413.45 9410.44 9412.36 9408.41 9410.51 9413.27 9416.89 9419.82 9422.57 9423.33 9419.65 9420.81 9420.42 9415.83 9414.82 9416.02 9413.56
9392.47 9397.42 9397.96 9396.85 9401.66 9407.5 9414.06 9411.34 9406.94 9405.97 9410.7 9406.92 9400.59 9395.5 9391.58 9383.94 9380.89 9379.32 9378.93 9379.97 9381.02 9380.64 9380.15 9377.77 9380.22 9381.77 9382.03 9380.88 9376.88 9377.7 9376.98 9374.29 9374.83 9374.23 9374.47 9375.75 9377.12 9378.66 9381.83 9387.5 9392.83 9398.43 9403.52 9409.3 9413.47 9418.49 9423.95 9424.88 9416.97 9414.6 9417.6 9410.38 9401.33 9405.61 9411.41 9416.75 9421.76 9422.6 9423.05 9422.37 9421.37 9418.69 9413.54 9407.48 9406.89 9407 9403.49
9391.94 9392.61 9392.22 9392.96 9394.4 9393.61 9394.15 9402.85 9420.55 9403.29 9385.46 9388.85 9389.9 9387.31 9381.59 9379.74 9378.85 9378 9378.15 9378.31 9379.53 9381.15 9382.23 9380.05 9380.71 9381.84 9381.88 9381.42 9382.32 9378.08 9376.1 9374.62 9373.76 9374.84 9376.18 9377.72 9379.77 9382.46 9386.01 9391.06 9396.2 9402 9407.64 9414.04 9418.22 9424.82 9429.89 9419.18 9395.68 9406.18 9416.16 9407.02 9400 9406.22 9413.7 9420.64 9423.58 9425.24 9424.05 9422.07 9419.69 9415.63 9409.65 9405.68 9403.99 9404.29 9403.45
9387.35 9386.31 9385.89 9388.81 9391.19 9391.34 9394.14 9404.3 9405.45 9394.62 9380.23 9381.44 9383.05 9382.49 9380.81 9381.31 9380.66 9380.29 9379.92 9381.17 9382.99 9384.78 9381.17 9384.46 9385.18 9383.69 9382.09 9380.93 9380.32 9378.03 9375.63 9373.77 9374.54 9375.73 9377.72 9379.88 9382.55 9386.38 9390.98 9394.05 9399.6 9405.78 9411.65 9416.85 9422.3 9426.6 9426.53 9392.56 9367.79 9398.33 9410.28 9407.25 9405.54 9410.88 9418.31 9427.54 9432.45 9429.13 9425.58 9421.27 9416.78 9411.05 9405.7 9400.85 9402.63 9404.83 9407.17
9383.08 9383.05 9382.89 9387.18 9392.41 9398.54 9399.28 9389.06 9388.33 9388.18 9386.05 9382.32 9381.51 9380.99 9381.07 9383.84 9384.78 9384.9 9384.3 9383.02 9385.33 9386.07 9389.51 9391.35 9389.63 9384.86 9381.77 9379.39 9377.29 9376.8 9375.73 9374.84 9375.66 9377.71 9380.55 9383.11 9385.12 9385.88 9389.22 9396.13 9403.25 9409.41 9414.79 9419.26 9423.13 9425.6 9427.33 9418.84 9412.62 9410.05 9412.96 9412.07 9415.05 9416.9 9425.01 9432.22 9434.25 9431.99 9426.56 9419.96 9412.57 9405.56 9403.03 9400.56 9403.58 9406.05 9406.89
9388.54 9384.3 9381.95 9385.82 9391.65 9397.5 9397.42 9389.67 9383.65 9385.35 9385.59 9384.09 9383.09 9382.38 9381.36 9387.07 9387.05 9387.33 9386.65 9384.55 9389.82 9395.71 9396.95 9392.1 9387.58 9384.07 9381.16 9378.69 9377.32 9376.97 9376.85 9377.13 9377.46 9380.68 9384.51 9387.62 9389.39 9388.69 9389.32 9400.42 9408.41 9414.33 9418.66 9421.01 9422.12 9421.12 9416.92 9415.59 9412.65 9410.74 9410.54 9412.12 9416.14 9426.59 9436.39 9444.73 9442.11 9434.51 9427.06 9419.42 9411.12 9404.63 9404.99 9405.66 9406.03 9409.3 9410.59
9384.95 9382.44 9381.44 9384.96 9388.54 9390.73 9387.52 9384.54 9384.09 9384.3 9385.22 9385.71 9385.55 9385.83 9385.24 9386.43 9388.2 9388.98 9388.54 9387.79 9393.22 9401.4 9396.73 9388.8 9383.74 9382.22 9380.6 9378.91 9378.04 9378.01 9378.25 9378.28 9378.54 9384.38 9389.67 9394.02 9397.6 9401 9406.88 9411.18 9416.25 9420.31 9421.99 9422.5 9421.23 9418.85 9415.34 9411 9406.5 9403.12 9403.31 9404.26 9416.95 9429.64 9437.27 9440.06 9440.72 9434.6 9426.74 9418.72 9411.94 9408.9 9401.51 9401.64 9405.64 9412.67 9422
9383.63 9382.67 9384.28 9385.4 9385.75 9386.53 9387.65 9384.15 9388.09 9384.88 9384.9 9386.65 9388.31 9388.83 9388.19 9388.37 9388.38 9388.53 9388.17 9389.78 9391 9389.57 9385.87 9383.79 9381.5 9381.1 9380.87 9379.63 9379.89 9380.57 9381.22 9381.91 9384.46 9390.45 9395.09 9400.71 9407.98 9413.79 9418.18 9424.03 9427.18 9427.77 9426.36 9422.84 9419.52 9414.87 9412.03 9407.93 9401.38 9400.79 9400.83 9403.84 9420.12 9434.74 9441.27 9445.34 9440.01 9433.02 9425.12 9416.87 9409.11 9401.88 9393.78 9394.15 9402.15 9410.22 9416.16
9385.06 9384.69 9387.15 9386.56 9384.19 9384.27 9385.44 9386.49 9384.43 9385.19 9386.54 9388.09 9390.18 9395.93 9396.28 9388.28 9388.59 9390.38 9388.13 9388.46 9389.23 9386.79 9381.39 9380.66 9380.51 9381.43 9382.67 9384.72 9383.39 9383.2 9384.27 9386.79 9393.14 9395.51 9400.06 9407.84 9418.26 9427.77 9435.29 9438.92 9437.62 9433.51 9428.68 9422.99 9417.62 9412.58 9408.63 9408.25 9407.06 9405.48 9407.26 9410.77 9428.43 9439.84 9438.37 9442.99 9437.39 9430.09 9422.3 9413.87 9405 9395.19 9389.42 9392.73 9399.77 9406.03 9410.54
9387.3 9385.47 9388.36 9386.48 9382.94 9382.15 9384.68 9386.09 9388.19 9389.95 9388.89 9388.81 9390.48 9397.36 9401.1 9389.11 9387.56 9388.34 9386.91 9386.45 9387.84 9389.02 9380.77 9380.97 9381.77 9382.69 9383.26 9384.08 9384.58 9384.95 9385.92 9387.1 9388.04 9392.3 9401.38 9412.65 9426.95 9441.49 9454.68 9455.39 9448.52 9440.86 9432.98 9425.64 9419.3 9414 9411.13 9411.45 9413.6 9416.01 9423.27 9427.87 9436.45 9440.05 9434.93 9433.05 9431.98 9427 9420.4 9413.11 9404.76 9395.71 9392.32 9395.15 9399.64 9404.27 9407.1
9386.42 9385.27 9384.51 9383.55 9382.8 9381.81 9382.88 9385.88 9389.82 9390.86 9388.91 9388.45 9387.98 9385.47 9390.39 9388 9386.59 9386.77 9384.9 9385.66 9385.73 9382.69 9382.61 9383.58 9385.34 9383.87 9382.41 9382.15 9383.83 9385.57 9387 9387.02 9383.17 9389.35 9400.89 9414.84 9431.97 9449.47 9465.25 9465.63 9456.81 9446.45 9437.02 9428.4 9419.99 9416.94 9414.38 9415.7 9424.5 9432.52 9441.26 9446.52 9442.48 9439.44 9435.2 9432.73 9429.35 9424.96 9419.44 9413.17 9407.07 9402.72 9402.11 9399.59 9399.54 9401.65 9403.61
9388.25 9387.2 9384.31 9382.77 9382.98 9381.02 9383.06 9384.88 9386.17 9384.14 9386.14 9387.38 9387.36 9388.15 9389.11 9387.47 9386.49 9386.55 9385.92 9385.65 9385.74 9386.75 9386.95 9384.74 9384.01 9382.4 9380.79 9381.12 9383.38 9385.97 9388.62 9390.63 9389.03 9389.99 9399.81 9415.78 9433.05 9450.9 9465.94 9468.24 9458.93 9447.81 9437.24 9427.94 9421.7 9416.57 9412.98 9413.5 9425.45 9441.81 9445.67 9445.27 9443.03 9441.65 9437.69 9431.93 9427.88 9423.41 9418.64 9413.63 9409.35 9405.89 9404.76 9401.03 9397.73 9395.78 9395.64
9389.19 9389.29 9387.09 9385.7 9384.57 9387.11 9386.16 9387.62 9388.17 9385.75 9385.86 9386.99 9389.7 9392.37 9393.97 9392.42 9390.82 9387.96 9386.36 9385.36 9383.49 9383.5 9384.3 9383.76 9382.12 9380.45 9379.44 9379.85 9383.17 9386.54 9390.21 9394.85 9403.47 9389.22 9398.34 9413.91 9430.15 9446.83 9462.17 9465.56 9455.34 9444.23 9433.96 9427.52 9420.58 9415.64 9410.65 9405.96 9409.42 9462.9 9437.96 9430.51 9438.01 9442.75 9438.16 9432.21 9427.06 9421.97 9417.94 9413.93 9410.03 9406.73 9403.74 9399.46 9394.58 9391.39 9390.29
9389.19 9389.99 9388.58 9386.04 9384.38 9385.22 9387.51 9388.48 9387.05 9387.33 9386.48 9386.76 9392.88 9404.54 9399.32 9401.71 9399.32 9389.4 9383.73 9381.35 9382.61 9383.02 9383.6 9384.74 9381.68 9380.02 9380.81 9381.81 9384.32 9388.07 9391.55 9394.33 9393.25 9390.84 9399.06 9411.28 9424.64 9437.39 9448.31 9451.15 9444.14 9437.2 9430.28 9423.17 9416.1 9411.74 9407.77 9404.54 9409.02 9440.59 9426.23 9423.59 9434.64 9441.2 9440.82 9432.73 9426.78 9421.34 9416.07 9411.64 9408.6 9407.49 9403.5 9394.91 9389.58 9385.81 9385.98
9392.23 9391.8 9391.37 9389.19 9388.46 9387.34 9389.28 9391.38 9390.21 9388.5 9388.6 9385.27 9374.62 9381.51 9396.53 9404.17 9402.45 9390.4 9384.95 9383.76 9385.28 9387.91 9391.12 9390.7 9390.03 9388.32 9383.65 9383.51 9386.4 9389.65 9392.34 9393.39 9392.18 9391.85 9399.54 9409.66 9418.92 9426.05 9429.31 9428.16 9428.96 9426.82 9421.87 9417.85 9413.32 9410.55 9407.25 9407.98 9415.91 9419.75 9416.52 9424.67 9436.54 9445.54 9440.23 9430.2 9426.05 9419.88 9413.55 9407.47 9403.15 9400.63 9391.23 9385.39 9382.74 9382.84 9382.17
9395.41 9398.22 9398.47 9397.76 9393.01 9391.26 9392.46 9396.99 9405.14 9396.81 9395.27 9393.04 9388.94 9387 9396.78 9404.09 9402.04 9383.16 9387.27 9385.25 9387.77 9391.57 9396.91 9395.91 9395.73 9393.79 9386.4 9386.55 9389.74 9392.84 9394.99 9395.8 9394.51 9395.8 9402.5 9409.57 9414.71 9417.95 9417.17 9414.59 9417.56 9417.52 9415.33 9411.81 9408.3 9406.07 9406.07 9407.54 9411.95 9413.79 9424.96 9431.76 9439.59 9448.06 9433.26 9434.24 9427.76 9419.2 9410.57 9402.27 9394.22 9386.53 9376.24 9374.66 9374.61 9375.28 9377.63
9394.1 9400.2 9401.49 9406.02 9399.53 9393.76 9392.8 9397.62 9401.04 9406.44 9402.05 9401.8 9409 9402.01 9399.69 9402.3 9400.9 9391.59 9392.03 9390.89 9395 9396.31 9393.39 9395.57 9395.48 9393.33 9390.51 9391.6 9394.62 9397.37 9399.62 9401.39 9403.4 9409.27 9408.74 9410.89 9412.95 9414.01 9413.75 9414.08 9413.84 9413.31 9411.79 9408.54 9406.16 9405.68 9407.11 9407.42 9409.05 9422.08 9436.4 9439.18 9441.3 9442.46 9441.41 9441 9428.41 9417.45 9407.25 9397.08 9386.36 9374.66 9367.98 9370.32 9371.39 9370.31 9375.29
9389.1 9389.48 9396.31 9399.99 9397.05 9392.37 9397.11 9397.74 9402.13 9402.07 9400.53 9399.77 9397.66 9398.5 9398.91 9398.35 9393.48 9392.43 9393.01 9396.42 9398.08 9405.5 9409.5 9405.91 9395.57 9378.18 9392.74 9397.92 9400.62 9402.25 9403.83 9405.87 9410.09 9416.59 9412.95 9412.21 9412.75 9413.74 9413.62 9412.88 9412.95 9412.45 9410.85 9408.21 9405.35 9406.98 9413.29 9418.85 9425.88 9438.29 9442.81 9441.93 9438.56 9435.06 9435.59 9432.24 9423.57 9413.69 9404.04 9394.12 9383.08 9374.03 9374.16 9376.42 9379.03 9379.48 9378.13
9388.72 9390.33 9392.39 9388.42 9391.81 9400.1 9400.56 9398.21 9396.15 9395.59 9396.95 9396.16 9393.51 9395.59 9396.76 9396.91 9398.99 9397.94 9393.53 9407.16 9416.36 9415.48 9419.85 9417.26 9408.24 9406.06 9409.58 9407.99 9407.38 9407.62 9407.94 9408.9 9409.9 9403.34 9408.41 9412.24 9413.8 9414.7 9414.82 9414.27 9414.68 9414.69 9413.21 9411.3 9409.56 9412.71 9422.16 9434.36 9442.86 9450.83 9450.18 9443.93 9436.26 9426.3 9423.2 9419.57 9416.91 9410.29 9401.97 9393.05 9384.58 9379.04 9383.19 9384.72 9383.81 9382.73 9380.54
9388.56 9390.55 9395.1 9400.82 9396.13 9403.8 9406.38 9400.95 9398.29 9400.1 9397.01 9394.9 9395.11 9394.67 9395.6 9396.36 9395.76 9392.95 9396.83 9409.15 9415.94 9414.9 9415.66 9419.29 9417.64 9418.53 9419.94 9417.03 9413.36 9412.28 9411.25 9410.78 9409.93 9407.73 9410.49 9413.14 9415 9416.94 9418.17 9419.18 9419.55 9420 9419.13 9417.66 9416.65 9420.36 9428.36 9439.96 9446.02 9449.45 9449.39 9443.4 9435.89 9427.31 9421.22 9418.26 9413.27 9406.79 9399.65 9392.82 9387.35 9385.62 9388.61 9387.53 9381.8 9380.64 9380.53
9387.24 9386.7 9397.63 9406 9405.46 9411.92 9412.9 9402.06 9400.48 9400.01 9394.18 9392.39 9392.57 9393.1 9394.06 9394.85 9394.79 9390.81 9395.19 9402.92 9407.93 9408.39 9406.08 9412.86 9420.77 9424.44 9425.81 9422.48 9418.97 9415.51 9413.54 9412.69 9412.49 9415.08 9414.85 9414.8 9416.82 9419.87 9422.88 9425.21 9426.83 9427.43 9426.23 9425.01 9426.47 9427.24 9430.71 9434.23 9439.55 9441.73 9444.65 9440.12 9433.89 9431.77 9422.72 9416.63 9410.19 9403.96 9398.28 9392.64 9387.38 9384.17 9382.61 9380.67 9378.89 9379.78 9380.96
9389.71 9391.49 9402.79 9399.76 9400.84 9415.44 9411.19 9401.23 9396.97 9392.8 9390.93 9390.09 9391.09 9392.87 9393.62 9394.35 9394.91 9395.54 9396.82 9400.18 9402.48 9403.71 9404.76 9414.3 9425.43 9430.83 9429.76 9424.11 9420.41 9417.07 9414.48 9412.83 9411.82 9411.88 9412.39 9413.91 9417.75 9422.98 9428.57 9434 9437.19 9436.02 9433.49 9431.02 9429.27 9430.45 9432.22 9435.83 9437.3 9438.85 9441.86 9436.05 9427.41 9417.04 9406.74 9405.18 9403.67 9400.52 9396.41 9392.18 9388.16 9383.61 9377.61 9374.55 9381.1 9382.05 9382.71
9394.19 9398.86 9402.67 9391.73 9395.73 9401.84 9406.12 9410.68 9398.11 9389.23 9390.54 9392.8 9393.36 9393.14 9393.4 9393.7 9395.62 9396 9395.41 9394.2 9395.89 9401.47 9411.89 9428.9 9428.49 9431.39 9428.51 9420.96 9416.81 9414.66 9413.6 9411.61 9409.88 9408.04 9407.6 9412.12 9417.88 9424.4 9432.24 9442.13 9447.28 9442.7 9439.48 9437.08 9434.54 9433.64 9432.01 9431.59 9436.48 9439.31 9440.55 9429.92 9420.46 9412.79 9410.57 9405.83 9402.28 9398.02 9394.38 9391.57 9391.02 9385.84 9381.91 9382.41 9384.37 9385.07 9385.05
9394.44 9403.08 9410.29 9406.81 9405.37 9398.83 9400.58 9394.48 9395.93 9391.2 9393.49 9392.6 9394.44 9393.19 9391.82 9390.59 9390.47 9393 9391.44 9389.19 9388.24 9398.32 9409.41 9416.96 9418.21 9415.93 9412.8 9412.71 9413.46 9414.03 9413.13 9411.66 9409.38 9406.45 9405.86 9411.52 9418.26 9424.84 9431.89 9439.49 9443.23 9442.14 9441.91 9444.02 9443.51 9437.74 9433.36 9431.9 9436.68 9437.93 9425.06 9421.65 9415.13 9408.38 9406.7 9405.14 9401.84 9396.67 9392.97 9390.19 9386.09 9384.99 9383.74 9384.3 9387.46 9387.74 9387.6
