real_craters/C185-750m.grd
DSAA
215 215
-80.185 80.185
-80.185 80.185
7926.9729851511 10324.898374411
[rows 111 to 147 of 215, columns 84 to 167 of 215]
8942 8722 8529 8386 8317 8263 8218 8178 8123 8074 8055 8043 8035 8025 8031 8048 8067 8086 8104 8121 8142 8172 8235 8299 8348 8390 8388 8260 8197 8161 8137 8123 8121 8121 8123 8127 8122 8119 8117 8139 8174 8191 8316 8482 8669 8857 9022 9048 9111 9159 9292 9516 9610 9721 9840 1.002e+004 1.006e+004 9966 9814 9771 9761 9706 9687 9643 9601 9568 9537 9454 9372 9341 9320 9299 9282 9263 9245 9229 9214 9200 9188 9180 9177 9175 9176 9184
8953 8711 8546 8424 8341 8281 8228 8199 8154 8101 8073 8062 8048 8044 8054 8061 8075 8088 8101 8114 8126 8180 8271 8319 8346 8377 8347 8218 8161 8140 8126 8122 8120 8118 8116 8120 8109 8112 8120 8118 8138 8168 8291 8479 8683 8824 9018 9032 9069 9157 9343 9628 9706 9808 9925 1.008e+004 1.004e+004 9918 9762 9718 9643 9628 9643 9641 9628 9579 9511 9401 9361 9353 9349 9315 9287 9268 9250 9235 9222 9211 9207 9202 9185 9182 9183 9184
8867 8704 8572 8455 8367 8304 8249 8214 8180 8144 8111 8090 8075 8068 8073 8080 8088 8099 8110 8124 8149 8237 8343 8323 8302 8281 8241 8164 8133 8125 8121 8122 8115 8112 8110 8112 8110 8106 8113 8109 8101 8140 8267 8475 8703 8951 9044 9011 9057 9193 9375 9561 9746 9878 9998 1.007e+004 1.001e+004 9883 9735 9665 9635 9629 9641 9644 9637 9580 9496 9396 9355 9337 9326 9306 9284 9265 9250 9237 9226 9216 9210 9205 9192 9184 9185 9194
8906 8755 8612 8494 8408 8335 8271 8233 8203 8179 8146 8119 8104 8097 8095 8098 8104 8109 8120 8137 8171 8250 8323 8274 8235 8184 8144 8134 8125 8122 8121 8121 8114 8118 8116 8111 8108 8106 8114 8132 8152 8154 8274 8470 8667 8818 8850 8997 9122 9249 9453 9617 9789 9918 1.004e+004 1.008e+004 1.001e+004 9904 9704 9626 9643 9646 9647 9648 9638 9584 9496 9412 9365 9366 9321 9293 9277 9264 9250 9238 9226 9220 9211 9205 9205 9201 9198 9198
8976 8792 8659 8563 8466 8373 8291 8245 8210 8185 8161 8138 8120 8107 8112 8115 8116 8121 8129 8143 8164 8180 8172 8188 8173 8143 8124 8123 8123 8123 8125 8117 8118 8122 8117 8112 8109 8114 8124 8137 8144 8197 8325 8482 8642 8741 8899 9109 9295 9363 9438 9738 9836 9922 1.008e+004 1.013e+004 1.008e+004 9919 9728 9627 9622 9628 9641 9648 9640 9590 9500 9401 9358 9333 9296 9283 9274 9262 9250 9238 9227 9219 9217 9220 9210 9198 9188 9185
8995 8891 8724 8623 8528 8417 8295 8228 8207 8188 8169 8149 8130 8121 8130 8130 8133 8133 8138 8146 8154 8157 8138 8138 8135 8125 8120 8122 8121 8119 8118 8114 8116 8130 8114 8110 8106 8100 8128 8157 8161 8205 8340 8520 8699 8870 9032 9205 9342 9392 9434 9617 9816 9932 1.006e+004 1.012e+004 1.006e+004 9926 9767 9604 9615 9616 9629 9638 9639 9603 9514 9417 9362 9328 9301 9286 9273 9260 9247 9235 9224 9215 9212 9204 9200 9192 9187 9182
9017 8868 8769 8687 8582 8481 8381 8270 8222 8194 8178 8161 8144 8138 8141 8143 8146 8149 8150 8148 8145 8142 8125 8121 8117 8113 8116 8120 8119 8115 8110 8112 8117 8112 8115 8106 8103 8118 8141 8163 8154 8228 8392 8580 8776 8983 9113 9190 9264 9345 9454 9665 9866 9969 1.012e+004 1.009e+004 1.002e+004 9885 9718 9590 9589 9601 9613 9619 9621 9594 9524 9460 9407 9346 9314 9287 9268 9255 9240 9229 9216 9204 9190 9179 9177 9184 9179 9163
9135 8967 8814 8722 8621 8521 8444 8331 8225 8196 8187 8170 8159 8155 8147 8149 8150 8148 8145 8141 8136 8132 8124 8119 8113 8108 8110 8113 8112 8111 8109 8110 8116 8124 8118 8102 8102 8121 8132 8132 8183 8280 8466 8649 8811 8959 9032 9122 9238 9361 9528 9788 9965 1.004e+004 1.006e+004 1.001e+004 9897 9854 9683 9592 9594 9600 9604 9599 9582 9531 9513 9477 9432 9352 9308 9281 9263 9248 9233 9219 9209 9196 9184 9170 9159 9173 9156 9129
9243 9052 8875 8773 8647 8512 8378 8242 8194 8194 8201 8191 8163 8153 8163 8157 8147 8139 8133 8127 8121 8118 8120 8122 8116 8114 8110 8110 8110 8106 8104 8104 8106 8122 8120 8106 8106 8122 8142 8167 8274 8400 8586 8716 8823 8908 8993 9140 9272 9374 9589 9870 1.003e+004 1.007e+004 1.003e+004 9935 9916 9786 9651 9621 9611 9612 9594 9574 9552 9534 9490 9457 9413 9338 9288 9272 9259 9246 9230 9215 9200 9185 9170 9155 9144 9136 9130 9126
9281 9082 8943 8834 8689 8516 8384 8256 8229 8245 8258 8238 8181 8139 8149 8149 8140 8136 8130 8123 8112 8093 8100 8122 8113 8106 8108 8112 8105 8110 8113 8114 8123 8122 8123 8115 8143 8168 8200 8278 8406 8539 8646 8741 8821 8904 8996 9142 9215 9438 9714 9920 1e+004 1.002e+004 9883 9816 9807 9731 9651 9650 9693 9631 9592 9554 9516 9472 9440 9418 9384 9326 9282 9274 9264 9249 9235 9221 9202 9180 9163 9149 9139 9135 9130 9125
9277 9119 9046 8937 8769 8581 8418 8303 8279 8295 8301 8281 8234 8174 8130 8127 8132 8135 8134 8130 8120 8112 8118 8119 8106 8099 8102 8110 8105 8117 8127 8131 8136 8139 8130 8161 8171 8196 8273 8372 8465 8555 8653 8734 8806 8889 8977 9120 9281 9571 9878 1.002e+004 9921 9922 9719 9685 9642 9703 9719 9623 9639 9611 9564 9523 9479 9431 9404 9384 9357 9336 9319 9286 9269 9254 9240 9224 9207 9181 9162 9150 9142 9136 9130 9126
9368 9245 9204 9059 8867 8671 8498 8376 8339 8341 8336 8311 8269 8213 8166 8127 8132 8138 8139 8139 8136 8130 8123 8121 8106 8097 8098 8096 8111 8120 8147 8169 8181 8188 8183 8169 8177 8225 8315 8415 8480 8522 8598 8690 8788 8884 9039 9187 9380 9733 9905 9909 9827 9826 9678 9639 9598 9639 9662 9588 9585 9563 9531 9497 9461 9418 9390 9376 9358 9327 9309 9289 9271 9255 9241 9228 9216 9202 9165 9156 9145 9139 9134 9130
9476 9390 9274 9126 8945 8763 8549 8460 8416 8389 8366 8330 8281 8228 8178 8152 8147 8153 8158 8163 8164 8159 8135 8127 8123 8118 8110 8096 8109 8140 8194 8228 8240 8243 8242 8226 8222 8279 8366 8438 8480 8523 8583 8676 8797 8909 9069 9218 9463 9838 9906 9823 9809 9777 9730 9684 9604 9617 9651 9623 9539 9514 9493 9470 9443 9413 9391 9380 9361 9317 9302 9286 9272 9260 9249 9238 9230 9224 9191 9169 9152 9144 9143 9138
9470 9384 9292 9147 8989 8853 8649 8553 8490 8429 8386 8339 8284 8237 8197 8178 8161 8166 8178 8193 8202 8214 8235 8176 8154 8150 8145 8141 8152 8201 8253 8285 8289 8284 8275 8283 8286 8351 8418 8472 8512 8565 8633 8728 8857 8974 9088 9182 9530 9898 9909 9780 9797 9755 9702 9670 9610 9596 9629 9591 9506 9491 9471 9456 9440 9426 9415 9393 9368 9334 9304 9283 9273 9263 9253 9244 9235 9230 9211 9189 9162 9149 9146 9141
9535 9389 9282 9164 9013 8846 8739 8633 8530 8455 8400 8345 8289 8248 8203 8159 8170 8191 8215 8235 8246 8256 8248 8211 8225 8207 8196 8189 8204 8275 8307 8321 8329 8325 8324 8321 8357 8429 8500 8538 8566 8631 8719 8833 8959 9064 9150 9187 9471 9749 9813 9748 9720 9701 9672 9685 9661 9615 9592 9519 9484 9476 9461 9452 9440 9432 9422 9403 9384 9350 9316 9288 9275 9265 9256 9246 9237 9222 9226 9208 9179 9161 9156 9148
9659 9500 9382 9243 9105 8979 8870 8709 8576 8491 8429 8363 8315 8276 8230 8187 8190 8226 8257 8283 8299 8301 8269 8238 8246 8249 8252 8264 8292 8335 8360 8371 8381 8384 8381 8381 8420 8514 8606 8639 8653 8731 8828 8981 9078 9153 9177 9197 9392 9624 9729 9719 9753 9746 9719 9748 9807 9741 9571 9490 9479 9464 9458 9451 9442 9432 9421 9411 9393 9382 9337 9304 9285 9272 9261 9249 9241 9237 9229 9214 9204 9195 9174 9163
9826 9644 9510 9386 9235 9118 8994 8824 8657 8568 8497 8410 8359 8329 8287 8233 8238 8277 8312 8344 8365 8376 8375 8310 8254 8290 8312 8336 8369 8409 8418 8427 8438 8448 8445 8465 8503 8602 8711 8771 8805 8890 8996 9142 9148 9153 9204 9261 9421 9629 9744 9755 9769 9763 9790 9860 9864 9681 9542 9495 9474 9459 9454 9448 9438 9431 9430 9415 9396 9370 9337 9310 9295 9283 9268 9254 9242 9234 9228 9223 9221 9219 9212 9187
9929 9848 9734 9583 9366 9243 9150 8994 8837 8723 8631 8535 8462 8422 8383 8335 8323 8361 8399 8434 8452 8470 8473 8420 8365 8370 8391 8412 8434 8464 8464 8473 8491 8510 8521 8550 8591 8682 8821 8929 9015 9073 9115 9129 9151 9185 9261 9332 9506 9707 9824 9791 9774 9770 9794 9872 9748 9586 9520 9541 9508 9476 9456 9443 9430 9417 9404 9391 9367 9349 9338 9322 9313 9299 9281 9262 9243 9230 9228 9230 9232 9237 9232 9208
9839 9763 9733 9671 9580 9489 9374 9213 9055 8921 8814 8711 8600 8549 8505 8460 8433 8461 8495 8525 8552 8568 8561 8511 8465 8483 8489 8492 8495 8498 8507 8522 8540 8562 8583 8618 8657 8761 8939 9056 9158 9193 9178 9171 9206 9281 9362 9444 9622 9789 9855 9814 9771 9675 9635 9629 9585 9532 9527 9542 9530 9490 9461 9440 9421 9404 9384 9374 9363 9347 9361 9355 9340 9320 9297 9273 9248 9230 9228 9229 9234 9236 9220 9204
9808 9784 9735 9682 9710 9768 9598 9427 9284 9149 9028 8902 8766 8698 8642 8587 8557 8580 8609 8639 8664 8682 8681 8658 8644 8631 8608 8582 8560 8563 8575 8582 8589 8610 8626 8696 8779 8876 9022 9163 9228 9245 9246 9257 9324 9427 9526 9609 9754 9858 9883 9771 9650 9618 9591 9585 9547 9522 9532 9536 9522 9493 9450 9426 9412 9395 9379 9364 9371 9354 9373 9377 9363 9340 9314 9286 9257 9235 9237 9239 9243 9245 9244 9213
9868 9873 9799 9699 9665 9703 9708 9643 9521 9391 9261 9124 8961 8867 8796 8734 8700 8725 8759 8792 8814 8835 8848 8898 8870 8799 8744 8682 8640 8646 8645 8647 8647 8669 8728 8854 8986 9099 9239 9331 9350 9343 9345 9382 9504 9614 9726 9845 9906 9854 9767 9689 9631 9566 9569 9569 9519 9533 9515 9506 9476 9432 9423 9413 9402 9388 9377 9372 9378 9382 9391 9392 9381 9358 9331 9302 9274 9256 9257 9259 9257 9257 9251 9233
9843 9950 9879 9772 9685 9663 9743 9794 9714 9634 9500 9316 9165 9053 8970 8904 8849 8885 8922 8953 8975 8990 8997 8964 8977 8948 8884 8806 8721 8733 8725 8738 8762 8790 8900 9040 9244 9419 9548 9549 9532 9505 9487 9501 9610 9705 9825 9876 9798 9744 9661 9634 9614 9550 9567 9530 9517 9524 9547 9520 9463 9416 9407 9400 9395 9384 9374 9365 9369 9387 9403 9402 9398 9372 9345 9319 9299 9280 9275 9273 9269 9264 9260 9250
9675 9824 9902 9844 9723 9675 9699 9746 9813 9859 9738 9559 9364 9248 9162 9082 9047 9075 9099 9124 9150 9175 9184 9175 9166 9103 9037 8975 8919 8849 8823 8873 8930 8965 9145 9345 9536 9723 9793 9744 9721 9720 9674 9672 9714 9791 9862 9824 9727 9697 9685 9645 9588 9536 9525 9529 9534 9532 9488 9482 9463 9432 9408 9402 9395 9387 9375 9363 9363 9372 9380 9395 9401 9374 9351 9332 9317 9304 9292 9283 9278 9274 9258 9241
9633 9686 9813 9880 9787 9715 9685 9719 9816 9909 9842 9739 9564 9457 9377 9308 9288 9287 9290 9301 9325 9349 9375 9407 9311 9234 9185 9130 9064 8999 8991 9063 9118 9162 9434 9638 9768 9839 9869 9866 9859 9852 9840 9832 9869 9875 9873 9810 9726 9698 9673 9621 9539 9536 9548 9572 9549 9513 9489 9500 9474 9435 9414 9401 9398 9389 9381 9369 9363 9365 9370 9376 9372 9366 9353 9338 9323 9319 9308 9299 9288 9270 9249 9244
9675 9636 9643 9784 9836 9768 9691 9709 9776 9791 9790 9767 9732 9658 9580 9543 9507 9479 9455 9438 9451 9476 9511 9524 9433 9375 9336 9275 9223 9214 9243 9345 9413 9477 9722 9825 9872 9872 9918 9941 9957 9977 9962 9934 9897 9931 9884 9786 9693 9673 9637 9592 9567 9574 9579 9549 9546 9518 9538 9497 9459 9434 9417 9406 9398 9393 9389 9393 9374 9365 9358 9362 9366 9362 9353 9342 9334 9331 9324 9316 9309 9297 9281 9269
9777 9685 9637 9680 9764 9780 9721 9738 9778 9794 9791 9799 9821 9775 9713 9708 9739 9651 9577 9545 9542 9564 9591 9586 9575 9567 9534 9478 9456 9505 9576 9668 9744 9847 9858 9893 9941 9976 1.001e+004 1e+004 1.001e+004 1.004e+004 1.001e+004 9960 9978 1.001e+004 9943 9805 9687 9644 9614 9583 9585 9594 9527 9499 9500 9502 9495 9474 9449 9438 9423 9411 9401 9395 9386 9378 9375 9367 9360 9359 9358 9359 9358 9351 9332 9334 9328 9331 9333 9331 9308 9294
9841 9766 9676 9664 9758 9819 9820 9825 9830 9827 9820 9827 9809 9777 9755 9746 9735 9688 9635 9607 9611 9636 9692 9775 9850 9803 9749 9737 9727 9766 9836 9879 9929 9908 9949 9983 1.002e+004 1.006e+004 1.008e+004 1.003e+004 9989 9980 9957 9978 1.005e+004 1.003e+004 9902 9779 9662 9636 9603 9602 9611 9595 9480 9487 9466 9476 9474 9452 9431 9432 9420 9412 9403 9394 9388 9381 9374 9371 9368 9367 9367 9367 9366 9365 9363 9353 9353 9350 9349 9343 9325 9315
9933 9837 9742 9677 9735 9861 9986 9911 9880 9889 9888 9864 9814 9765 9763 9743 9706 9657 9638 9631 9637 9658 9719 9840 9977 9931 9877 9877 9880 9888 9922 9941 9932 9971 9970 9990 1.003e+004 1.007e+004 1.005e+004 9990 9923 9845 9808 9854 9918 9932 9842 9735 9671 9636 9602 9594 9585 9530 9491 9503 9497 9486 9473 9455 9443 9433 9423 9410 9401 9394 9390 9386 9379 9378 9380 9379 9378 9378 9379 9377 9374 9367 9361 9362 9361 9355 9343 9335
9839 9836 9806 9775 9772 9801 9863 9870 9873 9910 9984 9926 9863 9815 9793 9754 9689 9625 9640 9645 9644 9644 9649 9703 9747 9852 9877 9903 9929 9950 9990 1.001e+004 1.001e+004 9951 9944 9954 9903 9925 9964 9910 9852 9795 9770 9759 9798 9776 9699 9675 9632 9624 9596 9571 9545 9502 9480 9489 9494 9484 9470 9454 9443 9434 9422 9408 9397 9389 9383 9384 9384 9382 9385 9386 9388 9392 9395 9394 9386 9381 9371 9373 9372 9366 9351 9348
9757 9793 9816 9800 9748 9736 9722 9784 9814 9838 9906 9932 9915 9894 9851 9792 9732 9681 9671 9666 9657 9639 9609 9616 9628 9729 9816 9895 9898 9902 9924 9924 9950 9932 9883 9883 9824 9827 9823 9821 9804 9766 9731 9738 9722 9697 9686 9651 9610 9605 9576 9538 9512 9470 9471 9478 9476 9469 9460 9444 9438 9431 9416 9404 9394 9384 9375 9370 9372 9378 9382 9385 9393 9397 9408 9410 9413 9410 9405 9389 9375 9364 9358 9356
9698 9757 9818 9868 9855 9779 9742 9748 9761 9762 9814 9889 9925 9956 9903 9833 9768 9730 9720 9704 9687 9673 9662 9639 9642 9706 9749 9787 9813 9801 9841 9851 9870 9864 9819 9798 9801 9801 9778 9793 9794 9767 9734 9776 9793 9757 9748 9654 9575 9551 9542 9529 9474 9449 9458 9468 9472 9467 9461 9452 9442 9429 9418 9403 9394 9383 9369 9369 9373 9377 9380 9384 9397 9411 9413 9419 9420 9431 9432 9406 9380 9362 9351 9341
9698 9728 9767 9837 9848 9789 9755 9739 9739 9744 9753 9818 9897 9952 9919 9848 9795 9790 9759 9733 9717 9709 9695 9679 9658 9671 9701 9728 9797 9845 9902 9923 9919 9866 9802 9785 9782 9809 9836 9840 9811 9793 9822 9836 9808 9804 9734 9616 9533 9509 9500 9491 9450 9437 9445 9454 9461 9463 9460 9464 9443 9421 9415 9404 9397 9390 9385 9381 9379 9383 9382 9381 9400 9404 9403 9388 9385 9422 9432 9414 9389 9366 9348 9334
9723 9714 9684 9686 9735 9735 9733 9738 9747 9754 9752 9786 9848 9910 9877 9822 9787 9777 9756 9741 9736 9741 9759 9733 9722 9724 9762 9816 9862 9912 9982 9993 9885 9811 9804 9785 9816 9850 9885 9877 9808 9763 9758 9788 9783 9682 9592 9535 9485 9444 9452 9459 9437 9440 9445 9435 9425 9424 9444 9462 9446 9424 9412 9406 9398 9393 9393 9385 9395 9395 9391 9397 9411 9433 9410 9355 9373 9434 9444 9417 9385 9362 9345 9337
9765 9749 9719 9690 9690 9689 9707 9736 9769 9796 9790 9782 9788 9766 9760 9775 9756 9724 9734 9741 9744 9748 9760 9784 9815 9835 9863 9916 9942 9965 9956 9897 9866 9850 9835 9817 9836 9871 9871 9831 9754 9669 9589 9561 9537 9468 9441 9453 9443 9430 9431 9434 9431 9431 9435 9430 9421 9420 9430 9444 9432 9416 9412 9410 9400 9387 9383 9390 9399 9400 9395 9397 9418 9449 9426 9354 9390 9464 9459 9414 9374 9352 9340 9333
9802 9791 9793 9757 9735 9700 9696 9732 9779 9845 9811 9767 9767 9750 9755 9774 9764 9740 9744 9755 9757 9753 9767 9819 9872 9905 9920 9945 9959 9960 9933 9910 9933 9905 9868 9819 9823 9863 9826 9802 9674 9572 9469 9423 9422 9412 9412 9422 9424 9423 9425 9425 9424 9424 9424 9434 9425 9425 9424 9414 9405 9402 9406 9409 9399 9395 9401 9397 9397 9397 9395 9398 9423 9436 9430 9427 9431 9456 9445 9402 9359 9341 9332 9331
9764 9790 9805 9775 9756 9692 9688 9715 9750 9782 9781 9771 9778 9804 9828 9817 9805 9799 9798 9796 9786 9781 9797 9841 9889 9912 9881 9896 9941 9921 9897 9870 9842 9801 9762 9736 9774 9773 9699 9617 9548 9497 9443 9411 9406 9411 9415 9417 9417 9416 9417 9418 9416 9422 9426 9431 9438 9439 9430 9412 9402 9396 9398 9395 9392 9386 9385 9390 9394 9394 9392 9396 9414 9431 9446 9440 9455 9459 9431 9390 9351 9335 9325 9315
9708 9752 9795 9774 9748 9696 9687 9701 9716 9716 9738 9754 9778 9827 9873 9852 9844 9860 9878 9845 9819 9803 9815 9846 9883 9909 9853 9841 9823 9802 9749 9706 9692 9678 9653 9628 9628 9574 9553 9469 9459 9455 9435 9414 9408 9412 9420 9418 9414 9410 9406 9409 9408 9413 9418 9424 9412 9422 9414 9404 9398 9397 9397 9395 9389 9379 9378 9385 9387 9388 9388 9389 9394 9423 9449 9446 9446 9446 9418 9385 9355 9339 9325 9315
