real_craters/C186-1000m.grd
DSAA
97 97
-47.78 47.78
-47.78 47.78
9499.6844859947 12446.137251584
[rows 0 to 29 of 97, columns 0 to 66 of 97]
12018.7 12011.4 12004 11989.4 12016.7 12046.3 11973.6 11991.6 11988.6 11984.8 11988 11985.9 11991.3 11996.2 11986.4 11987.5 11983.3 11972.6 11972.9 11971.3 11968.8 11969.4 11948.6 11950.2 11953.7 11961 11970.2 11972 11964.2 11949.3 11925.8 11913.5 11922.6 11920 11911.8 11906.7 11905.9 11906.1 11909.1 11897.9 11885.6 11872.9 11862.9 11852.8 11843.3 11843.5 11847.6 11857.7 11871.1 11878.5 11897.2 11905.6 11895.1 11873.3 11881.8 11906 11901.8 11897.1 11888.1 11866.2 11843.7 11830.9 11798.2 11787.5 11796.5 11819.2 11849.8
12012.5 12006.5 12003 11998.9 12028.7 12070.4 12021.6 11984.3 11982.5 11980.7 11983.4 11985.4 11990.9 11983.2 11981.1 11991.7 11992.8 11987 11982.3 11977.5 11974.3 11976 11967.8 11954 11954 11966.6 11968.1 11963.7 11959.4 11958.9 11950.1 11939.7 11932.6 11925.8 11919.7 11912.1 11910.5 11909.9 11896.2 11896.4 11885.2 11875.2 11865.3 11854.7 11844.6 11836.9 11843.5 11852.5 11858.7 11868.9 11879.3 11884.5 11890 11893.2 11886.8 11888.3 11891.6 11884.4 11878.8 11863.7 11841.1 11826.4 11793.3 11783.2 11794.5 11803.3 11834.1
12009.4 12006.8 12003.8 11998.6 12021 12030.6 12014.6 11995.9 11986.1 11981.2 11988.4 11995.4 11997.6 11986.5 11982.8 11982.5 11995.5 12002.4 11990.5 11978.7 11968.6 11957.1 11953.5 11948.7 11952.8 11974.3 11966.4 11956.6 11956.1 11971.6 11999.9 11988.1 11963 11943.3 11926.4 11918.1 11903.7 11897.5 11889.3 11885.4 11881.7 11875.2 11867.8 11857.4 11844.7 11835.8 11843.2 11854.8 11860.3 11862.6 11873.6 11882.5 11886.7 11887.1 11886.3 11883.8 11889.3 11890.6 11886.2 11872.2 11856.3 11839 11813.2 11797 11803.9 11815.7 11825.2
12013.4 12012.5 12010 12004.7 12006.8 12008.2 11999.8 11994.7 11989.8 11987.9 11996.2 12007.2 12003 11998.7 12002.5 12000.7 12000.9 12004 11989.7 11975.8 11963.8 11952.9 11953.3 11941.7 11944.2 11969.2 11963.2 11948.2 11944 11968.4 11997 12003.2 11981.1 11948.3 11931.5 11916.4 11905.3 11897.2 11889.7 11882.6 11880.9 11877.1 11873.2 11859.4 11850.1 11839.9 11850.2 11868.5 11879.8 11873.7 11876.8 11882.1 11889.7 11889.3 11894.8 11890 11880.3 11882.5 11888.7 11882.6 11865.3 11857.1 11841 11825.5 11824.7 11829.6 11817.5
12020.2 12017.7 12009.5 12001.6 12001.7 12000.3 11997.2 11994.7 11992 11993.8 12001.2 12008.5 12005 12009.7 12015 12013.6 11999.3 11990.8 11978.8 11967 11958.6 11955.6 11946.5 11943.8 11948.3 11978.3 11965.1 11945.4 11931.6 11957 11979.6 11995.9 11986.8 11961.4 11942.2 11926 11911.6 11902.8 11889 11884.8 11886.9 11886.3 11881.5 11868.8 11862 11857.2 11866.6 11887.8 11908.6 11897.1 11894 11903.9 11909.4 11907.8 11908.9 11899.9 11886.5 11887.2 11889.9 11885.6 11885.8 11875.2 11856.9 11843.4 11831.7 11813.1 11813.1
12026.1 12020.1 12010.2 12001.7 12000.8 12000.6 11999.2 11999.6 12000.4 12002.5 12004.7 12005.9 12007.6 12005.2 12010.8 12006.2 11989 11970 11964 11955.9 11948.2 11944.4 11954 11958.9 11960.3 11979.3 11976.2 11954.7 11938.3 11952.2 11971.5 11962.3 11965.8 11972.9 11959.2 11930.2 11924 11922.2 11914.5 11902.6 11901 11896.6 11891.1 11886.2 11880.4 11882.5 11889.7 11900.7 11915.9 11921.4 11912.9 11917.7 11921.7 11920 11904.8 11901 11902.7 11901.9 11896.9 11890.6 11898.7 11869.8 11848.2 11826.2 11830.3 11821.4 11819.7
12020.3 12018.2 12013.9 12007.1 12005 12003 12004.8 12006.9 12011.2 12013 12007.7 12003.6 12000 11991.7 12001.9 12008.3 11987.1 11968.1 11953 11945.8 11940.3 11941.3 11955.2 11973.7 11991.6 12016.3 11995.2 11971.5 11951.7 11948.6 11954.9 11972.4 11979.2 11980.4 11976.6 11963.6 11955.3 11957.6 11940.5 11929.3 11921.2 11917.1 11911.7 11907.4 11904.2 11904.3 11905.8 11907.5 11911.8 11918.8 11910.6 11912.8 11913.2 11900.1 11887.4 11894.6 11902.2 11910 11900.4 11888.1 11884.1 11855.8 11848.6 11831.6 11813.8 11818.1 11817.9
12016.9 12016.6 12019.5 12013.3 12010.5 12009.7 12012.3 12016 12022.7 12018.5 12008.4 11998.2 11988.2 11983 11998.5 12006.7 11992 11956 11945.4 11941.5 11940.8 11944.5 11955.3 11992 12028.2 12022.7 12011.7 11989.3 11972 11959.7 11966.6 12001 12002.9 12005.7 12003.6 11988.6 11981.5 11973.8 11964.1 11953.1 11945.8 11939.6 11935.4 11930.6 11925 11923.2 11925.8 11913.1 11905.5 11890.5 11893.5 11893 11887.6 11886.4 11884.8 11892.6 11899.5 11877.6 11860.2 11859.1 11854.3 11843.1 11855.4 11825.8 11787.7 11801.9 11801.3
12014.6 12012.3 12014.6 12012.4 12011.8 12014.6 12002.4 12017.3 12013.9 12014 12005 11992.3 11978.9 11969.6 11982.1 11984.6 11984 11959.3 11948 11944.4 11944.6 11947.7 11957.3 11992.7 12019.8 12042.1 12019.5 11994.6 11978 11965.2 11973.9 12011.2 12010.8 12013.5 12018.4 12019.9 12022.9 12008.1 11976.2 11969.1 11965.9 11963 11955.8 11952.9 11945.5 11936.1 11920.2 11917.7 11902.6 11884.9 11890.2 11885.1 11875.3 11880.6 11881.9 11896.1 11900.3 11858.3 11843.4 11835.8 11832.9 11838.6 11845.1 11812.4 11806.6 11804.5 11806.7
12014.1 12011.3 12007.9 12008.9 12009.3 12006.7 12007.5 12016.7 12020.2 12015.7 12006.3 11991.4 11971.6 11971.2 11976.4 11982.3 11979.6 11972.8 11964.9 11956.2 11945.9 11947.1 11951.9 11968.7 11983.2 11999.5 11995.6 11985.1 11977.2 11972.5 11977.3 11988.1 12000.6 12002.7 12007.7 12022.3 12029.1 12014.5 11991.9 11986.5 11985.6 11983.3 11979.6 11975.2 11970.8 11959.8 11942.5 11931.6 11930.4 11923 11911.6 11900.9 11892.1 11886.4 11883.1 11894.8 11902.1 11859.7 11843.6 11831.3 11827.5 11829.1 11806.7 11795.1 11803.5 11806.5 11801.4
12004.9 11997.2 12001.8 12007.4 12009.3 12007 12010 12015.8 12023.3 12020.7 12012.9 12002 11986.5 11984.5 11992.6 12002 12003.7 11995.9 11987.5 11980.6 11968.4 11961.7 11952.9 11948.2 11961.8 11955.3 11960.4 11975.1 11978.2 11976.5 11982.7 11993 11996.3 11998.2 12006.6 12012 12014.5 12003.9 12000.6 12000.6 12005.5 12012.4 12014.2 12011.7 12005.1 11998.1 11994.2 11969.9 11950.1 11957.4 11943.4 11926.5 11910.1 11884.6 11871.4 11878.6 11878.8 11873.3 11853 11844.8 11829.6 11823.6 11807.3 11790.3 11791.2 11802.4 11801.6
11996.6 11996.4 12004.2 12010.4 12014.3 12014.5 12006.4 12003.2 12026.2 12024.1 12019.7 12017.3 12012.9 12006.1 12015.6 12019.9 12017.2 12008.3 12004.1 12006.7 12008.7 11987.5 11967.1 11953.1 11965.2 11958.2 11964.4 11981.9 11990.8 11987 11989.5 11997 11999.1 11997.1 11993.3 12005.6 12011 11999.4 11989.6 12019.2 12034.8 12041.6 12045.3 12047 12041.7 12036.4 12026.7 12021.6 12005.1 12006.3 11985.2 11954.9 11919.4 11900.7 11878.5 11867.1 11867 11869.2 11852.3 11866 11854.3 11837.2 11826.1 11801.8 11790.9 11799.1 11796.1
12003.7 12005.1 12012.7 12015.2 12015.1 12016.1 12016 12019.9 12021.6 12025.1 12024 12023 12024.2 12021.3 12039.1 12026 12017.5 12017.7 12020.6 12023.4 12026.1 12008.9 11988.3 11972.3 11978.8 11983.9 11991.5 12005.6 12015.2 12010.9 12007.9 12008.8 12007.7 12005.2 12003.3 12009.2 12013.1 12006.8 12037.5 12058.8 12063.2 12069.5 12077.1 12084.5 12091.6 12090 12081 12094.9 12111.3 12080.2 12036 11993.4 11956.7 11936.1 11903.6 11873.4 11875 11876.4 11854.2 11886.3 11897.7 11875 11852.3 11809.8 11798.5 11807.4 11802.5
12011.5 12028 12024 12021.8 12023.6 12024.7 12027 12032.6 12030.9 12029.4 12026.9 12025 12031.2 12041.7 12049.6 12027 12018.1 12020 12022.9 12031.7 12034.1 12028.2 12018.9 12007.7 12005.4 12011.4 12018.7 12031.9 12046.2 12051.2 12030.9 12024.5 12020.5 12018.4 12016.6 12018 12033.4 12064.2 12084 12083.6 12083.4 12088.7 12098.3 12111.6 12131.2 12149.8 12171.8 12162.1 12133.4 12115.8 12076 12044.5 12006.8 11967.8 11937.4 11902.4 11888.5 11877.2 11856.1 11869.2 11874.7 11856.6 11868.6 11836.3 11808.7 11812.5 11792.8
12021.3 12032.4 12023.4 12025.4 12034.6 12034.3 12033 12036.8 12041.5 12034.5 12030.6 12029.4 12035.2 12038 12044.9 12031.3 12023 12025.3 12033.5 12039.2 12045.9 12046.5 12046.1 12045.7 12040.6 12039 12041.5 12050.2 12065.1 12067.8 12046.3 12041.1 12039 12036 12028.2 12026.4 12037.9 12084.8 12087.6 12093.9 12095.5 12100.3 12108.9 12123.6 12145.5 12178.4 12229.8 12275.5 12193.3 12136.2 12102.2 12082.2 12061.4 12034.3 11986.5 11930.9 11904.1 11888.6 11868.9 11868.1 11862.2 11855.8 11859.8 11822.6 11804 11802.7 11763
12033.1 12038.5 12033.5 12031.6 12035.3 12034.7 12034.8 12035.6 12036.3 12034.1 12032 12032.4 12037.9 12052 12041 12029 12023.7 12027.9 12034.2 12040.2 12050.3 12061.8 12072.3 12080.2 12066.8 12056 12053.3 12055.8 12064.2 12068.5 12064.2 12061.7 12061.3 12063.3 12058 12043.2 12046.2 12056.6 12086.4 12096.6 12090.6 12085.4 12093.3 12111.5 12135.3 12161.4 12192.6 12187.5 12163.4 12130.8 12106.5 12091.1 12083.5 12087.4 12037.9 12018.1 11969.8 11935.7 11903.4 11875.7 11875.7 11864.6 11830.9 11790.6 11782.2 11777.9 11744.2
12048.4 12044.1 12039.1 12032.5 12029.5 12032.2 12034.4 12034.6 12032.9 12033.1 12031.6 12030.2 12036.4 12049.6 12051.7 12019.2 12025.1 12031.2 12040.1 12048.1 12058.5 12073.1 12090.5 12097.5 12082.6 12067.1 12055.5 12057.1 12062.9 12070.8 12083.5 12083.6 12086.3 12088.8 12093.9 12084.2 12068.2 12073.1 12085.1 12082 12070.8 12068.1 12070.4 12079.6 12087.4 12098.5 12108.8 12107.3 12114.6 12105.3 12088.5 12081.2 12066.6 12052.9 12060.2 12050.4 12045.6 12000.9 11945.4 11898.1 11883.8 11886.8 11840.4 11774.3 11762.8 11748.7 11744
12048.8 12046.8 12036.8 12028.5 12025.4 12028.9 12034.8 12035.2 12036 12034.5 12033.6 12033.6 12040.7 12048.3 12048.3 12036.7 12032.8 12035.3 12039.8 12049.1 12063.1 12077.8 12089.3 12100.6 12093.4 12075.3 12059.2 12059.8 12072.5 12086.8 12096.1 12102.3 12105.1 12113.4 12128.5 12148.3 12184.2 12173.7 12070.3 12035.2 12034.9 12047.8 12051.6 12053.4 12043.8 12031 12025.5 12052.5 12095.4 12077 12052.4 12038.8 12022.4 12034.4 12073.9 12103.7 12081.5 12037.6 12035.1 11971.8 11912.5 11892.5 11830 11763.7 11764.8 11758.2 11765.6
12047.9 12043.3 12034.9 12027.1 12024.2 12026.9 12028.1 12028.8 12035.6 12036.8 12037.4 12041.7 12047.1 12054.5 12050.4 12049.4 12043.9 12041.6 12041.9 12049 12066.8 12081.1 12095.2 12108.5 12104 12082.9 12062.7 12065.9 12086.3 12092.1 12100 12116.2 12132.7 12147.7 12158.4 12175.3 12179.6 12146.6 12037.8 11968.4 12013.9 12053.8 12077.5 12082.4 12069.7 12026.8 11968.5 11957.5 12026.2 12055.4 12029 11946.9 11969.5 11967 12021.3 12064.3 12024 11972.4 11964.3 11983.3 11977.1 11935.4 11849.2 11785.2 11805.7 11811.7 11792.8
12047 12040.2 12034.2 12030.1 12028.3 12027.7 12027.7 12030.4 12036.7 12036.9 12035.5 12037.4 12046.2 12043.6 12040.3 12050.7 12053 12051.4 12049 12062.1 12075.1 12086.8 12105.6 12118.7 12108.7 12094.6 12077.2 12079.3 12098.6 12105.2 12107.6 12136 12158.9 12174.3 12184.4 12170.7 12155.8 12125 12048.6 11976.6 12046.2 12083.4 12101.7 12107.4 12100.7 12083.4 12025.7 12023 12063.6 12090.3 12097.3 12090.6 12104 11990 11923 11933.5 11926.8 11917.5 11927.8 11982 12051.2 12030.5 11950.5 11891 11866.8 11839.1 11807.2
12046.7 12043.9 12038.6 12033.4 12031.4 12029.5 12027.4 12025.3 12030.9 12033.2 12033.2 12035.9 12049.9 12058.7 12043.6 12055.4 12058.7 12061.3 12065.7 12077.4 12080.9 12084.4 12097.7 12111.6 12122 12109.1 12096.4 12107.1 12137.6 12173.5 12154.4 12178.8 12187.2 12198.9 12216.8 12247.3 12172 12129.4 12144.9 12181.5 12146.8 12121.7 12106.7 12100.1 12126.3 12178.7 12248.9 12204.5 12161.7 12165.5 12183.9 12204.9 12192.3 12094.6 11966.9 11916.2 11895.1 11887.5 11909.5 12002 12098.8 12115.9 12040.7 11991.9 11939.7 11875.2 11822.3
12055.6 12052 12047.2 12037.2 12034 12030.5 12032 12028.3 12025.5 12028 12035 12043.9 12056 12075.9 12076.3 12063.9 12069.1 12073.2 12077.2 12087.6 12083.4 12083.2 12069.2 12088.2 12111.3 12105 12113.2 12137.3 12192.2 12248.4 12274.1 12226.5 12214.5 12226 12234.9 12207.6 12120.9 12184.8 12245.5 12219 12198.2 12148.9 12101.4 12074.7 12087.4 12153.8 12254.7 12228.7 12228 12221.4 12266.6 12278.2 12297.6 12235.7 12159.6 12039.5 11968.3 11896.8 11882.8 11994.2 12036.4 12018.2 12036.6 12057.3 12016 11938.6 11882.9
12069.5 12069.5 12060.9 12047.4 12038.9 12033.7 12037.6 12035.4 12028.8 12029.8 12032.5 12047.9 12070.6 12084.7 12079.8 12086.1 12083.3 12084.3 12087 12079 12080.4 12082 12081 12090.5 12103.7 12108.2 12148.3 12192 12242.8 12249.4 12210.9 12195.2 12211.7 12231.2 12239.5 12207.6 12149.5 12423.5 12329.9 12239.8 12233.1 12125.6 12020.5 11966.9 11947.8 11981.4 12092.9 12213.1 12194.1 12119.5 12226.9 12281.1 12188.1 12107.9 12115 12147.3 12090.2 12073.6 11920.9 11932 11971.2 11906.6 11944.1 12031.6 12052.7 12027.5 12013.2
12079 12083.6 12073.9 12062.5 12046.2 12024.1 12035.1 12045.9 12035.4 12035 12039.5 12053.7 12080.9 12093.3 12088.9 12098.7 12093.8 12089.9 12086.7 12081.1 12082.2 12082.8 12080.5 12098.2 12123.9 12139 12198.2 12294.6 12288.9 12199 12148.4 12157.5 12199.7 12229.4 12246.7 12252.7 12376.4 12361.7 12277.3 12248 12172.4 11985.9 11873 11795.1 11739.1 11691.5 11669.6 11712 11701.9 11782 11825.6 11817.6 11746.2 11739.5 11746.3 11800.4 11902.4 12052.4 11979.1 11959 11961.4 11925.7 11925.7 12022.3 12106.4 12118.2 12088.1
12090.6 12079 12069.9 12067.5 12057.9 12051.1 12046.9 12052.4 12037.8 12038 12041.2 12060.6 12072.9 12088.2 12093.1 12095.6 12103.8 12098.7 12085.8 12091 12091.9 12084.2 12078.8 12112 12146.5 12155.1 12225.4 12293.8 12273.3 12210.4 12188.7 12208.1 12219 12256.7 12313 12366.9 12446.1 12245.3 12038 11856.2 11772.7 11694.4 11628.5 11569.1 11513 11460.8 11449.6 11397.6 11432.3 11490.9 11458.8 11448 11421.6 11432.6 11425.5 11435.7 11571.7 11676.7 11873.7 12126.5 12221.8 12100 12077.4 12108.9 12154.8 12182.7 12155.4
12102.9 12096 12086.6 12080 12071.9 12071 12067.8 12067.1 12067.8 12061.9 12062.5 12066.1 12073.3 12084.2 12093.7 12111.8 12120.8 12107.7 12100.2 12107.1 12109.2 12101.4 12104.1 12138.5 12175.9 12192.8 12258.7 12326.6 12258.1 12182.6 12191.7 12203.9 12212.2 12246 12341.9 12350 12137.1 11918.4 11656.6 11412.5 11324.4 11344.3 11354.4 11340.8 11316.2 11273.1 11253.7 11273.7 11318.3 11333 11326.6 11328.7 11328.4 11299.2 11300 11332.8 11393.6 11441.8 11588.7 11794.5 12087.1 12106.6 12164.4 12160.4 12220.4 12213.2 12209.6
12117.9 12113.6 12106.8 12098.3 12088.7 12089.5 12087 12083.8 12084.7 12079.5 12067.5 12062.2 12062.5 12078.9 12079.8 12106.2 12113.5 12108.6 12110.9 12121.5 12126 12124.7 12136.5 12169.6 12210.9 12250.9 12274.3 12324 12211.6 12148.6 12173 12157 12173.4 12113.1 12054.6 11898.4 11655.3 11439.8 11224.9 11052.2 10970.8 11046.3 11095.6 11127.1 11150.6 11159.2 11169.5 11161 11140.1 11177.4 11320 11229.6 11223.1 11251.5 11280.5 11303.8 11340.7 11376.5 11437 11534.4 11663.3 11853.2 11997.4 12051.4 12090 12152.9 12222.2
12128.1 12120.8 12113.7 12108.5 12100.2 12088.1 12087.3 12086.9 12087.8 12079.6 12067.4 12064.4 12064.8 12068.5 12075.9 12077.9 12085.3 12097.6 12111.7 12122.2 12139.9 12156 12169.8 12198.6 12224.8 12239 12242.2 12239.4 12165.8 12166.6 12265.7 12370.4 12109.6 11866.1 11639 11403.4 11175 11023.6 10868 10830.1 10812.6 10858.8 10901.9 10939.5 10999.7 11122.2 11136.5 11045.8 10964.1 10969 10997.8 11117.4 11178.7 11236.8 11282.3 11314.4 11343 11369.9 11394.5 11449.8 11447.8 11562 11714.6 11876.1 12001.5 12071.4 12119.8
12128.6 12120 12117.1 12118.3 12106.9 12092.4 12087 12084.1 12080.7 12073.1 12065.1 12059 12055 12057.8 12061.6 12064.1 12070.9 12087.2 12108.2 12133.8 12171.2 12217.9 12220.3 12225.5 12235.5 12232.9 12221 12196.1 12160.1 12161.2 12178.6 12155.1 11854.6 11544.6 11260.5 11057.3 10893.7 10806.7 10732 10727.7 10736 10746.7 10774.1 10797.8 10820 10825.4 10841.9 10839.9 10834.4 10853.5 10915.8 11075 11130.1 11247 11275 11307.6 11393.3 11411.4 11424.4 11415.1 11407.5 11402 11508.2 11686.2 11932.1 12066.4 12117.4
12119.6 12116.4 12118.4 12124 12110.1 12095.4 12089.3 12082.2 12073.2 12061.8 12059 12052.8 12049.4 12049.9 12055.5 12061.3 12064.7 12083.1 12110.1 12144.7 12188.1 12226.4 12233.4 12241.8 12266 12281.9 12252.6 12205.1 12249.1 12116.7 11944.7 11708.6 11478.6 11232.6 10960.8 10841.1 10769.6 10734.9 10695.3 10666.1 10635.6 10656.8 10683.8 10686.6 10674.5 10634.5 10667.5 10707.6 10744.2 10772 10776.9 10793.3 10882 10957.8 11118.9 11209.4 11216.3 11274.3 11403.4 11560.7 11685.1 11473.5 11441.4 11494.4 11656.9 11881.7 12070.6
