real_craters/C186-750m.grd
DSAA
224 224
-83.615 83.615
-83.615 83.615
2750.8322768074 5387.8001131762
[rows 76 to 113 of 224, columns 84 to 167 of 224]
4431 4432 4431 4436 4447 4468 4490 4508 4523 4531 4529 4552 4583 4626 4687 4649 4640 4640 4653 4662 4681 4698 4716 4714 4705 4684 4682 4679 4655 4650 4683 4661 4699 4712 4726 4730 4697 4632 4561 4580 4626 4660 4655 4615 4583 4581 4582 4582 4580 4574 4575 4601 4636 4643 4596 4555 4519 4497 4489 4475 4475 4473 4465 4459 4455 4451 4447 4443 4438 4434 4430 4428 4436 4459 4477 4476 4459 4442 4426 4410 4395 4384 4383 4389
4454 4456 4460 4467 4475 4491 4509 4520 4535 4558 4584 4586 4608 4688 4693 4698 4690 4680 4687 4715 4731 4733 4729 4725 4745 4745 4745 4746 4747 4775 4864 4916 4901 4836 4841 4853 4845 4776 4590 4617 4621 4661 4651 4604 4564 4583 4600 4593 4571 4548 4547 4571 4588 4587 4578 4558 4515 4514 4518 4511 4503 4494 4482 4468 4465 4465 4460 4458 4452 4447 4443 4447 4466 4485 4497 4490 4477 4459 4439 4419 4404 4390 4387 4393
4486 4479 4481 4489 4505 4519 4531 4541 4549 4571 4613 4635 4654 4691 4742 4735 4758 4762 4784 4801 4796 4779 4759 4758 4761 4786 4802 4819 4872 4965 5041 5069 4959 4953 4973 4997 5008 5025 4850 4765 4709 4648 4674 4655 4586 4646 4651 4623 4576 4533 4538 4553 4558 4549 4570 4584 4598 4549 4560 4541 4528 4515 4509 4495 4488 4486 4492 4473 4464 4460 4458 4461 4472 4492 4500 4497 4487 4469 4449 4431 4413 4398 4394 4404
4492 4495 4500 4509 4549 4552 4561 4568 4568 4558 4599 4698 4759 4762 4799 4778 4867 4926 4927 4898 4860 4822 4779 4753 4765 4794 4825 4858 4917 4982 4993 4955 4981 5045 5096 5135 5156 5158 4976 4896 4848 4848 4813 4820 4855 4799 4743 4684 4622 4559 4550 4561 4563 4562 4580 4603 4626 4611 4613 4577 4543 4533 4521 4521 4509 4497 4485 4477 4476 4476 4473 4472 4474 4481 4483 4502 4494 4476 4458 4441 4425 4413 4411 4429
4496 4511 4525 4545 4570 4586 4596 4601 4605 4611 4650 4741 4777 4749 4838 4874 4995 5122 5069 4980 4905 4850 4806 4767 4777 4818 4843 4878 4903 4921 4996 5043 5092 5159 5192 5217 5257 5263 5180 5001 4921 4927 4961 4970 4982 4910 4828 4765 4697 4622 4600 4598 4592 4592 4596 4604 4620 4648 4643 4606 4561 4562 4564 4549 4533 4511 4487 4484 4488 4489 4488 4487 4485 4486 4479 4489 4488 4476 4463 4450 4438 4429 4430 4442
4514 4529 4547 4565 4606 4617 4628 4634 4652 4708 4748 4762 4819 4935 4995 4932 5116 5215 5122 4997 4899 4833 4808 4845 4891 4851 4924 4853 4894 4954 4986 5048 5196 5273 5235 5240 5272 5310 5308 5128 5134 5173 5096 5048 5017 4944 4882 4842 4805 4750 4705 4667 4633 4606 4594 4604 4618 4633 4627 4606 4581 4594 4598 4585 4560 4537 4516 4508 4507 4506 4505 4503 4504 4503 4491 4482 4480 4477 4469 4459 4453 4444 4434 4428
4549 4554 4569 4609 4634 4647 4660 4671 4691 4727 4826 4928 5103 5194 5299 5207 5216 5247 5081 4958 4861 4788 4737 4685 4664 4671 4603 4714 4858 5029 5142 5258 5197 5209 5199 5205 5231 5280 5342 5268 5316 5308 5177 5080 4977 4921 4922 4917 4919 4908 4812 4744 4675 4614 4590 4611 4628 4629 4625 4621 4641 4626 4611 4599 4583 4566 4549 4539 4530 4522 4517 4514 4518 4511 4499 4482 4483 4481 4479 4473 4468 4461 4454 4435
4591 4575 4569 4578 4641 4672 4699 4731 4752 4767 4948 5149 5284 5378 5281 5207 5057 4975 4915 4837 4754 4689 4635 4608 4617 4522 4459 4595 4761 4966 5079 5008 5031 5022 5107 5117 5137 5180 5201 5213 5298 5262 5205 5119 5010 4959 4977 4982 4984 4988 4908 4817 4729 4640 4592 4612 4634 4648 4657 4654 4656 4652 4635 4617 4604 4591 4583 4573 4552 4536 4525 4517 4510 4504 4502 4492 4497 4492 4484 4481 4477 4474 4470 4445
4629 4589 4559 4559 4652 4698 4746 4799 4874 4957 5068 5222 5229 5159 4984 4824 4716 4709 4713 4671 4614 4559 4508 4463 4383 4406 4484 4532 4578 4618 4603 4600 4790 4965 4963 4956 5002 5067 5129 5157 5236 5279 5222 5159 5121 5116 5057 5032 5004 4979 4954 4885 4797 4711 4647 4602 4631 4688 4718 4702 4668 4657 4656 4638 4619 4607 4600 4592 4565 4544 4529 4519 4506 4499 4493 4498 4503 4499 4491 4485 4481 4477 4474 4455
4651 4595 4555 4558 4620 4719 4803 4876 4951 5043 5076 5040 4890 4746 4584 4480 4514 4562 4560 4520 4472 4411 4360 4300 4263 4334 4440 4434 4367 4289 4228 4327 4468 4606 4642 4678 4762 4888 5030 5083 5108 5228 5200 5155 5140 5127 5089 5065 5055 5047 5030 4960 4873 4786 4718 4667 4677 4736 4783 4708 4665 4652 4644 4636 4623 4611 4599 4579 4565 4546 4534 4516 4502 4492 4489 4500 4509 4499 4491 4485 4481 4476 4470 4465
4665 4609 4561 4550 4623 4775 4868 4930 4957 4961 4983 4887 4614 4473 4379 4388 4476 4476 4421 4375 4329 4277 4227 4188 4198 4228 4267 4241 4169 4076 4093 4143 4181 4167 4229 4349 4489 4659 4872 5077 5094 5137 5109 5071 5076 5093 5085 5073 5069 5094 5093 5036 4943 4841 4762 4709 4694 4737 4774 4710 4686 4690 4648 4636 4626 4612 4597 4589 4559 4540 4528 4512 4498 4488 4495 4496 4496 4489 4486 4484 4481 4474 4464 4467
4681 4647 4619 4649 4841 4899 4945 4982 4995 4936 4809 4592 4391 4343 4329 4384 4413 4307 4254 4216 4182 4143 4093 4052 4009 4050 4073 4050 4005 3944 3927 3944 3911 3847 3881 4028 4183 4346 4513 4789 4790 4864 4878 4900 4962 5037 5075 5077 5060 5122 5180 5109 4999 4877 4742 4629 4655 4697 4727 4701 4701 4721 4678 4653 4632 4609 4586 4556 4543 4528 4518 4503 4490 4482 4478 4481 4469 4474 4479 4480 4481 4480 4474 4469
4708 4713 4718 4799 4962 4991 4973 4972 4996 4857 4618 4402 4284 4297 4269 4250 4075 4091 4095 4073 4038 3998 3959 3921 3890 3967 3956 3939 3886 3837 3854 3809 3734 3657 3664 3778 3897 4018 4124 4277 4307 4388 4511 4653 4795 4955 5038 5093 5110 5186 5224 5156 5045 4927 4813 4615 4628 4663 4683 4704 4727 4752 4708 4671 4639 4608 4576 4549 4524 4516 4502 4488 4476 4468 4469 4470 4466 4471 4477 4482 4485 4490 4492 4477
4756 4812 4849 4925 5021 5011 4938 4850 4762 4613 4375 4253 4223 4230 4178 4066 3955 3968 3968 3952 3918 3886 3841 3808 3807 3787 3786 3758 3757 3728 3693 3654 3584 3522 3512 3578 3664 3737 3777 3869 3935 4047 4209 4402 4584 4749 4933 5119 5297 5262 5225 5169 5074 4964 4830 4667 4647 4655 4676 4700 4718 4752 4734 4693 4650 4609 4568 4535 4509 4503 4491 4476 4462 4460 4473 4478 4478 4477 4481 4484 4484 4485 4485 4473
4829 4936 5037 5081 5087 5009 4847 4663 4482 4366 4253 4208 4194 4233 4132 4011 3961 3940 3904 3859 3827 3765 3721 3673 3607 3587 3642 3707 3627 3540 3497 3502 3446 3400 3382 3429 3495 3558 3621 3718 3791 3889 4026 4189 4374 4585 4825 5074 5257 5284 5246 5189 5104 4997 4871 4760 4698 4666 4650 4663 4719 4745 4737 4699 4653 4608 4565 4523 4495 4497 4487 4472 4453 4449 4476 4480 4480 4481 4484 4479 4476 4467 4448 4434
4911 5053 5149 5162 5132 4989 4729 4490 4288 4239 4215 4188 4168 4175 4087 4014 3973 3907 3835 3766 3707 3649 3588 3540 3500 3492 3504 3565 3478 3397 3372 3362 3326 3295 3275 3317 3372 3428 3527 3625 3754 3781 3869 4002 4155 4344 4592 4916 5172 5201 5199 5177 5124 5048 4934 4848 4764 4692 4620 4594 4679 4745 4733 4692 4651 4609 4569 4536 4512 4499 4486 4472 4456 4441 4464 4529 4549 4513 4491 4479 4473 4473 4462 4442
4998 5151 5256 5155 4999 4792 4571 4363 4186 4165 4165 4126 4056 4021 3996 3960 3891 3839 3747 3663 3593 3537 3476 3424 3368 3323 3322 3316 3299 3264 3223 3215 3221 3215 3214 3238 3274 3318 3382 3472 3613 3665 3733 3828 3944 4064 4258 4632 4914 5009 5070 5117 5137 5125 5049 4931 4865 4774 4668 4593 4620 4670 4691 4681 4653 4619 4583 4547 4520 4506 4492 4478 4475 4500 4461 4470 4535 4510 4488 4475 4466 4463 4465 4464
5097 5202 5206 5055 4780 4499 4433 4321 4188 4130 4086 4002 3979 3936 3879 3840 3771 3677 3600 3530 3473 3420 3360 3311 3260 3211 3186 3174 3170 3153 3128 3127 3152 3164 3169 3187 3209 3229 3285 3414 3496 3558 3601 3687 3772 3849 3984 4273 4548 4741 4901 5034 5132 5225 5302 5143 5020 4906 4782 4674 4626 4665 4681 4686 4665 4630 4598 4563 4521 4522 4499 4481 4472 4500 4504 4480 4501 4476 4474 4465 4456 4446 4460 4464
5191 5234 5174 4986 4699 4444 4409 4414 4307 4103 3987 3965 3954 3842 3740 3671 3620 3521 3437 3399 3364 3329 3288 3240 3185 3128 3121 3121 3122 3127 3121 3120 3129 3137 3145 3156 3163 3168 3206 3328 3416 3502 3520 3600 3660 3708 3770 3948 4200 4464 4693 4880 5067 5233 5353 5290 5175 5046 4924 4834 4704 4678 4719 4702 4672 4642 4611 4586 4581 4537 4507 4484 4472 4487 4506 4498 4489 4486 4472 4462 4451 4441 4449 4451
5213 5256 5214 4978 4720 4491 4432 4428 4311 4060 3942 3898 3871 3688 3555 3433 3394 3263 3281 3283 3271 3246 3219 3183 3143 3105 3104 3109 3118 3120 3116 3116 3120 3127 3133 3139 3140 3144 3156 3192 3380 3470 3561 3580 3588 3638 3712 3743 3954 4220 4471 4760 4928 5127 5297 5388 5294 5147 5019 4943 4795 4776 4780 4734 4692 4656 4621 4586 4546 4532 4513 4491 4474 4481 4495 4495 4484 4475 4470 4460 4449 4437 4435 4432
5154 5176 5116 4973 4779 4581 4454 4315 4167 3997 3861 3758 3650 3522 3387 3255 3196 3161 3180 3189 3186 3186 3168 3146 3123 3106 3107 3109 3112 3110 3109 3112 3115 3118 3123 3126 3128 3131 3133 3143 3207 3328 3365 3402 3489 3583 3663 3718 3846 4035 4234 4417 4691 4981 5213 5366 5313 5170 5042 4886 4760 4832 4794 4748 4701 4663 4628 4591 4554 4532 4524 4505 4481 4484 4485 4492 4493 4494 4479 4462 4449 4438 4423 4421
5134 5165 5104 4988 4837 4695 4494 4250 4087 3960 3861 3761 3570 3413 3287 3187 3153 3139 3140 3142 3143 3138 3130 3123 3114 3109 3109 3109 3109 3109 3107 3108 3110 3112 3115 3119 3119 3119 3122 3120 3123 3180 3181 3238 3386 3529 3681 3716 3777 3899 4034 4189 4446 4777 5040 5154 5143 5094 5069 4977 4823 4793 4784 4733 4707 4673 4638 4604 4569 4551 4545 4532 4521 4494 4503 4507 4507 4495 4477 4459 4442 4428 4424 4417
5224 5229 5137 4999 4849 4694 4479 4225 4061 3933 3831 3607 3420 3329 3229 3161 3142 3140 3127 3118 3113 3110 3108 3111 3108 3105 3102 3104 3109 3106 3105 3103 3104 3108 3108 3106 3113 3116 3117 3117 3128 3138 3140 3192 3314 3449 3562 3609 3704 3799 3895 3993 4202 4472 4666 4728 4780 4929 5082 5200 4995 4840 4739 4704 4671 4661 4644 4615 4598 4582 4569 4555 4538 4524 4514 4507 4490 4482 4467 4456 4441 4427 4422 4422
5322 5255 5128 4966 4796 4633 4427 4186 4042 3936 3778 3571 3420 3290 3197 3150 3157 3156 3115 3105 3103 3102 3102 3102 3103 3101 3100 3098 3099 3099 3104 3107 3111 3111 3107 3103 3110 3128 3114 3114 3127 3138 3134 3171 3264 3368 3463 3563 3658 3748 3831 3899 4076 4330 4443 4432 4478 4750 5025 5307 5267 5125 4767 4703 4663 4637 4617 4611 4609 4596 4589 4584 4571 4554 4530 4514 4496 4480 4465 4458 4452 4438 4428 4432
5360 5287 5081 4892 4709 4513 4289 4126 4021 3877 3735 3560 3402 3292 3185 3143 3160 3187 3102 3096 3094 3095 3096 3097 3099 3099 3097 3094 3100 3099 3107 3120 3129 3118 3109 3103 3103 3103 3105 3106 3109 3123 3130 3159 3227 3313 3402 3541 3647 3749 3853 3986 4192 4364 4409 4346 4365 4609 4880 5130 5300 5080 4765 4697 4656 4637 4621 4612 4605 4596 4600 4609 4616 4578 4551 4538 4516 4501 4474 4463 4458 4447 4440 4445
5364 5118 4942 4776 4617 4452 4293 4139 4057 3907 3634 3566 3463 3303 3169 3123 3133 3128 3101 3092 3090 3091 3093 3095 3096 3096 3099 3092 3094 3095 3106 3120 3129 3120 3110 3101 3102 3106 3105 3098 3091 3104 3117 3140 3193 3270 3377 3526 3643 3760 3888 4040 4240 4495 4440 4335 4339 4497 4723 4951 5130 4912 4696 4682 4663 4645 4630 4622 4611 4597 4604 4605 4603 4584 4558 4535 4497 4473 4475 4461 4454 4438 4439 4456
5225 4903 4755 4637 4525 4417 4287 4143 4016 3848 3574 3562 3463 3293 3150 3109 3109 3108 3097 3087 3085 3089 3091 3092 3093 3091 3086 3088 3086 3088 3103 3115 3119 3117 3108 3102 3102 3102 3097 3089 3078 3083 3098 3118 3156 3221 3321 3489 3623 3753 3894 4043 4202 4465 4404 4284 4227 4388 4616 4864 5039 4885 4732 4677 4660 4651 4640 4635 4625 4625 4615 4605 4598 4578 4557 4540 4507 4474 4461 4452 4442 4443 4446 4454
4939 4691 4582 4509 4439 4371 4292 4098 3856 3668 3517 3457 3363 3248 3151 3106 3101 3105 3088 3085 3084 3084 3086 3088 3090 3091 3089 3089 3091 3093 3109 3119 3120 3115 3103 3092 3085 3086 3089 3079 3071 3071 3083 3090 3117 3167 3247 3432 3589 3730 3886 4055 4254 4335 4313 4218 4155 4313 4571 4876 5098 4955 4836 4721 4665 4651 4645 4636 4630 4627 4617 4615 4584 4569 4551 4533 4517 4478 4458 4447 4441 4441 4445 4446
4692 4501 4443 4401 4351 4301 4184 4009 3772 3609 3525 3369 3269 3189 3118 3100 3099 3104 3094 3089 3091 3092 3094 3095 3096 3096 3099 3106 3113 3117 3125 3129 3127 3115 3098 3077 3061 3063 3068 3065 3066 3079 3076 3065 3084 3132 3202 3355 3522 3690 3857 4029 4195 4294 4261 4184 4140 4271 4530 4867 5022 4901 4824 4691 4663 4652 4644 4644 4637 4628 4617 4599 4582 4567 4549 4525 4524 4503 4473 4451 4446 4448 4448 4451
4532 4391 4367 4343 4302 4256 4117 3915 3747 3619 3504 3323 3222 3153 3106 3094 3096 3104 3100 3094 3096 3103 3109 3111 3107 3109 3110 3117 3127 3140 3145 3144 3137 3120 3096 3066 3042 3041 3044 3048 3051 3060 3065 3055 3069 3115 3206 3310 3473 3647 3821 3992 4153 4282 4242 4181 4153 4235 4437 4794 4926 4819 4770 4683 4678 4676 4666 4654 4647 4642 4629 4612 4591 4574 4559 4544 4546 4528 4487 4459 4455 4457 4451 4451
4465 4374 4344 4316 4272 4214 4143 3871 3693 3595 3404 3270 3196 3139 3101 3093 3094 3095 3088 3091 3103 3117 3129 3142 3151 3148 3131 3137 3154 3164 3163 3162 3154 3133 3102 3060 3031 3027 3028 3031 3035 3042 3055 3051 3061 3091 3166 3298 3453 3604 3772 3945 4116 4236 4232 4196 4179 4213 4322 4711 4927 4852 4741 4708 4710 4697 4686 4672 4658 4646 4631 4616 4600 4585 4575 4576 4576 4557 4508 4471 4449 4440 4440 4433
4424 4388 4350 4304 4246 4159 4005 3817 3679 3520 3369 3241 3182 3136 3105 3097 3094 3093 3086 3093 3110 3127 3145 3165 3189 3201 3205 3183 3231 3212 3193 3183 3190 3185 3108 3055 3021 3014 3011 3013 3017 3025 3041 3043 3053 3067 3131 3248 3389 3555 3716 3880 4066 4218 4223 4223 4236 4251 4282 4618 4864 4897 4784 4785 4751 4720 4696 4674 4656 4638 4617 4615 4604 4590 4580 4577 4565 4558 4525 4488 4456 4439 4434 4422
4402 4404 4359 4303 4224 4122 3974 3799 3675 3510 3344 3234 3180 3143 3114 3100 3099 3101 3105 3108 3123 3140 3159 3186 3214 3261 3329 3335 3312 3246 3204 3175 3159 3124 3093 3050 3017 3001 2998 2998 3001 3010 3028 3030 3033 3052 3119 3232 3371 3519 3666 3802 3919 4098 4181 4233 4296 4359 4379 4514 4743 4828 4752 4727 4738 4722 4699 4676 4653 4633 4614 4603 4599 4587 4574 4558 4551 4561 4551 4523 4495 4470 4449 4423
4399 4417 4368 4297 4207 4107 3970 3785 3636 3475 3335 3238 3176 3131 3110 3101 3104 3110 3118 3121 3138 3155 3173 3195 3222 3263 3319 3246 3199 3184 3164 3142 3129 3107 3087 3052 3018 2993 2987 2983 2981 2984 3008 3015 3019 3034 3105 3220 3358 3497 3630 3753 3852 4004 4140 4229 4305 4354 4384 4567 4705 4791 4745 4738 4740 4716 4694 4670 4648 4631 4620 4605 4593 4581 4568 4555 4545 4564 4557 4545 4556 4534 4489 4423
4403 4409 4371 4286 4183 4076 3947 3787 3599 3451 3328 3230 3167 3123 3104 3101 3107 3116 3125 3133 3150 3166 3180 3198 3204 3209 3190 3049 3050 3060 3073 3090 3109 3119 3097 3061 3027 3001 2982 2971 2963 2959 2981 2993 2995 3009 3087 3215 3370 3483 3600 3738 3890 4014 4127 4224 4307 4363 4395 4569 4683 4763 4746 4722 4717 4700 4680 4660 4639 4619 4600 4594 4584 4574 4564 4559 4558 4566 4549 4591 4671 4609 4547 4502
4430 4445 4383 4279 4157 4016 3890 3758 3570 3423 3302 3215 3154 3108 3098 3101 3112 3124 3137 3151 3168 3179 3185 3181 3165 3117 3029 2884 2870 2915 2967 3023 3085 3111 3114 3073 3027 2998 2972 2956 2947 2939 2944 2966 2972 2989 3069 3186 3325 3433 3547 3689 3851 3996 4118 4219 4311 4408 4469 4529 4645 4728 4736 4717 4700 4690 4676 4655 4634 4609 4584 4573 4574 4570 4565 4564 4569 4556 4550 4577 4618 4612 4569 4520
4469 4413 4377 4284 4163 4007 3858 3722 3529 3387 3280 3205 3147 3110 3102 3108 3119 3134 3152 3174 3177 3178 3173 3159 3130 3062 2936 2799 2762 2784 2818 2967 3095 3179 3177 3089 3021 2975 2954 2943 2936 2927 2926 2946 2961 2984 3051 3142 3233 3345 3473 3597 3756 3962 4089 4187 4282 4395 4472 4517 4618 4680 4699 4689 4688 4686 4671 4651 4630 4605 4574 4570 4573 4571 4565 4557 4543 4537 4534 4559 4597 4589 4559 4506
4622 4418 4384 4312 4203 4046 3851 3666 3516 3342 3249 3196 3148 3116 3113 3118 3129 3145 3162 3183 3185 3179 3169 3150 3126 3088 3035 2891 2751 2761 2819 2984 3143 3259 3254 3133 3021 2960 2940 2937 2930 2924 2920 2937 2958 2984 3044 3118 3196 3304 3423 3539 3702 3898 4040 4128 4208 4279 4418 4573 4627 4659 4673 4681 4698 4692 4673 4651 4631 4615 4596 4583 4580 4571 4562 4551 4539 4531 4525 4538 4558 4557 4550 4526
