real_craters/C186-500m.grd
DSAA
335 335
-83.615 83.615
-83.615 83.615
2738.5835234933 5376.9392397044
[rows 210 to 239 of 335, columns 134 to 200 of 335]
4627.33 4671.69 4637.46 4651.28 4670.27 4695.83 4717.87 4722.26 4736.97 4730.72 4721.62 4707.28 4698.22 4690.63 4680.35 4664.07 4656.89 4661.4 4657.75 4663.35 4683.97 4707.5 4741.18 4808.73 4882.23 4912.19 4802.61 4708.93 4638.45 4573.45 4519.75 4481.16 4448.98 4421.28 4393.78 4362.81 4322.08 4268.98 4210.58 4199.86 4161.38 4116.17 4185.34 4209.66 4197.34 4178.44 4150.89 4118.05 4118.02 4143.56 4170.62 4183.22 4170.73 4219.12 4338.21 4465.75 4604.82 4749.84 4901.52 5045.02 5142.12 5076.9 4930.84 4802.79 4701.83 4700.26 4705.11
4597.42 4617.46 4614.79 4627.62 4643.71 4658 4676.26 4693.02 4708.31 4713.18 4705.11 4693.71 4687.01 4681.47 4678.87 4682.74 4683.17 4704.85 4715.94 4733.68 4785.07 4802.62 4872.92 4937.47 5037.28 5156.14 5118.47 5029.15 4885.11 4768.8 4690.86 4646.36 4590.45 4557.74 4535.29 4518.2 4504.1 4500.49 4497 4473.4 4421.81 4384.15 4368.3 4341.31 4301.39 4257.56 4200.63 4142.81 4145.65 4217.4 4296.87 4359.87 4413.5 4482.05 4565.28 4638.76 4715.04 4801.29 4905.13 4975.14 4999.24 4985.69 4850.25 4709.55 4640.8 4644.36 4667.37
4565.49 4582.85 4592.21 4603.31 4619.04 4633.35 4648.93 4660.69 4668.79 4678.35 4685.52 4687.99 4690.53 4689.9 4693.67 4680.14 4708.75 4717.1 4762.94 4789.6 4834.3 4909.61 4940.93 5011.61 5079 5153.79 5234.95 5168.99 5036.15 4934.48 4851.18 4783.21 4738.58 4701.88 4682.36 4677.18 4688.1 4717.34 4779.91 4776.13 4723.31 4695.44 4564.47 4484.81 4430.46 4369.71 4295.97 4208.21 4209.29 4331.09 4452.22 4564.99 4686.48 4807.5 4804.47 4791.25 4801.52 4838.13 4868.72 4881.43 4872.12 4853.83 4744.1 4638.07 4610.5 4621.38 4632.92
4552.06 4557.37 4563.18 4572.75 4592.3 4620.61 4624.94 4631.14 4637.99 4646.67 4662.1 4680.82 4691.48 4702.93 4705.51 4723.72 4728.07 4757.61 4767.77 4819.96 4859.35 4924.5 4976.66 5037.74 5073.54 5103.18 5179.32 5169.88 5111.56 5026.53 4959.93 4901.99 4850.68 4814.21 4805.33 4811.41 4838.8 4886.83 4981.2 5007.31 4970.06 4947.41 4767.95 4655.19 4585.71 4520.24 4456.81 4385.55 4390.62 4508.47 4629.36 4750.56 4877 4977.4 4946.17 4896.98 4863.35 4847.8 4828.2 4794.47 4735.5 4665.87 4645.08 4598.45 4596.52 4608.96 4619.01
4534.59 4528.63 4531.17 4538.1 4550.54 4568.37 4588.75 4603.6 4615.97 4628.61 4657.11 4677.21 4693.49 4706.64 4719.75 4737.1 4752.05 4783.45 4794.93 4844.9 4872.54 4934.09 4972.21 5018.97 5051.33 5074.07 5139.53 5183.05 5152.39 5095.38 5047.57 4994.81 4946.46 4919.52 4922.11 4930.64 4948.04 5007.31 5048 5059.76 5056.69 5019.35 4917.79 4825.4 4750.76 4696.09 4657.12 4642.38 4667.27 4739.91 4812 4897.18 4983.45 5029.8 5010.04 4953.72 4899.41 4842.03 4791.15 4735.87 4667.36 4609.62 4602.55 4595.62 4598.74 4610.63 4616.73
4502.48 4490.32 4494.58 4499.85 4505.24 4517.54 4552.45 4583.78 4609.97 4630.19 4658.91 4674.46 4694 4709.95 4725.64 4754.27 4773.4 4795.5 4823.99 4849.02 4881.62 4908.28 4948.27 4993.68 5054.52 5105.86 5081.23 5145.81 5144.29 5116.43 5094.51 5081.21 5037.76 5022.18 5011.07 5007.61 5023.08 5049.98 5059.62 5051.72 5088.2 5064.27 5013.17 4959.12 4913.7 4865.23 4850.91 4901.88 4998.79 4963.2 4954.84 4998.83 5057.35 5075.66 5038.19 4980.84 4912.91 4842.46 4771.75 4709.95 4650.36 4606.27 4604.94 4614.04 4629.14 4636.86 4623.95
4462.56 4458.73 4464.58 4472.12 4477.58 4491.62 4531.76 4571.68 4611.48 4649.75 4664.9 4679.85 4695.8 4712.8 4733.7 4755.88 4779.45 4799.12 4822.75 4846.24 4865.09 4881.99 4905.81 4938.35 4992.29 5070.92 5078.32 5137.65 5135.61 5110.74 5090.9 5077.91 5057.08 5046.75 5042.71 5036.61 5040.56 5051.91 5051.19 5054.07 5067.06 5081.43 5106.71 5124.57 5049.65 4985.51 4967.09 5015.75 5125.52 5037.4 5003.95 5038.31 5101.79 5111.1 5059.14 4985.32 4904.55 4831.34 4765.48 4705.25 4649.38 4612.97 4618.49 4635.76 4646.71 4643.63 4631.84
4418.16 4429.89 4446.15 4457.74 4469.52 4490.89 4522.81 4561.32 4601.83 4639.87 4652.63 4663.12 4676.63 4692.29 4714.02 4732.08 4752.5 4771.93 4791.77 4809.9 4833.3 4839.17 4855.29 4862.97 4852.86 4877.68 4974.64 5084.9 5098.5 5086.78 5072.62 5052.37 5030.63 5021 5004.9 5002.46 5009.34 5023.21 5047.22 5039.36 5017.55 5046.43 5122.19 5190.04 5109.76 5024.31 4973.97 4953.51 4928.83 4919.76 4943.38 4997.45 5096.32 5160.37 5074.61 4970.52 4883.55 4806.14 4746.14 4695.51 4652.45 4623.35 4632.96 4658.41 4663.74 4663.55 4640.06
4408.6 4425.32 4441.35 4454.39 4464.08 4485.26 4518.21 4550.77 4583.27 4610.34 4626.96 4637.99 4649.24 4664.13 4681.96 4695.38 4711.9 4731.12 4744.99 4765.38 4781.91 4795.26 4810.1 4806.8 4789.98 4793.2 4866.8 5004.89 5021.74 5009.88 4992.12 4974.68 4958.75 4949.96 4940.97 4937.99 4946.51 4972.96 4993.22 4979.08 4942.1 4976.76 5054.21 5112.19 5059.58 4983.21 4917.61 4850.03 4759.79 4770.21 4829.78 4878.35 4932.54 5009.12 4994.3 4894.43 4828 4773.11 4727.2 4687.89 4657.21 4636.05 4638.25 4656.59 4670.53 4675.29 4643.9
4423.94 4434.14 4444.22 4459.03 4479.78 4496.01 4514.53 4536.96 4558.72 4573.42 4588.64 4605.44 4618.71 4632.7 4646.88 4668.09 4686.32 4702.65 4719.18 4735.9 4746.4 4764.92 4780.78 4789.9 4789.17 4794.85 4812.52 4906.52 4939.72 4932.78 4919.16 4907.73 4895.55 4885.72 4878.43 4871.2 4866.45 4877.85 4912.88 4881.89 4863.93 4896.05 4938.95 4967.1 4936.36 4891.84 4844.49 4784.27 4716.76 4708.46 4742.69 4749.81 4709.78 4725.66 4749.38 4763.83 4751.35 4727.82 4700.92 4676.56 4657.28 4647.74 4643.86 4648.83 4657.19 4659.21 4628.56
4434.8 4435.26 4450.48 4466.58 4480.01 4496.84 4511.17 4524.78 4536.31 4540.01 4553.04 4574.75 4591.7 4608.22 4626.6 4643.95 4662.37 4677.03 4687.08 4704.77 4722.9 4732.27 4756.96 4779.95 4815.58 4855.48 4848.47 4865.47 4866.65 4850.93 4840.98 4832.85 4827.61 4822.75 4812.18 4801.37 4779.08 4745.61 4713.27 4764.16 4798.9 4818.87 4816.97 4774.82 4776.9 4797.15 4782.36 4753.54 4721.45 4709.85 4711.55 4691.4 4645.79 4611.71 4608.53 4668.3 4687.78 4684.72 4672.76 4658.98 4649.88 4646.19 4645.36 4636.51 4628.56 4610.14 4592.26
4435.73 4439.24 4457.07 4475.4 4489.62 4499.44 4506.65 4513.65 4520.31 4525.45 4543.22 4550.54 4567.74 4583.79 4602.16 4618.34 4634.85 4646.82 4662.02 4673.87 4682.67 4705.7 4734.52 4774.75 4831.2 4881.68 4856.81 4819.43 4768.79 4752.43 4753.09 4754.1 4754.6 4754.21 4753.56 4738.81 4712.43 4675.48 4653.51 4677.7 4712.75 4745.29 4739.77 4710.02 4713.64 4737.15 4741.84 4742.37 4745.97 4747.98 4720.43 4688.86 4660.41 4633.84 4634.84 4646.34 4650.69 4649.16 4644.66 4637.67 4631.37 4627.8 4625.46 4620.06 4604.86 4578.41 4565.83
4434.39 4456.66 4466.08 4482.72 4504.19 4500.38 4501.02 4503.87 4506.81 4506.6 4512.57 4526.45 4543.67 4558.8 4577.49 4591.81 4608.35 4611.79 4626.65 4639.11 4655.91 4674.82 4698.22 4730.56 4777.31 4785.49 4761.74 4673.44 4639.87 4658.04 4674.27 4686.78 4699.04 4704.24 4703.78 4693.8 4675.68 4654.02 4638.49 4640.37 4665.97 4696.33 4703.42 4703.32 4710.56 4713.15 4722.56 4729.98 4749.25 4769.41 4728.21 4699.72 4666.12 4659.72 4669.69 4640.91 4627.57 4622.74 4619.79 4614.97 4611.45 4608.97 4608.02 4610.06 4596.18 4580.63 4567.48
4443.2 4456.66 4467.01 4474.52 4480.42 4489.85 4492.76 4494.39 4494.77 4490.48 4492.49 4505.94 4523.02 4537.93 4551.36 4564.77 4575.42 4588.45 4601.09 4616.93 4629.27 4641.08 4650.48 4654.17 4661.44 4704.39 4674.93 4609.31 4571.69 4591.15 4614.83 4634.73 4653.14 4669.04 4676.75 4676.21 4668.33 4654.31 4642.72 4638.21 4655.62 4678.92 4685.42 4683.56 4680.53 4693.55 4702.69 4711.01 4716.43 4706.2 4712.56 4714.47 4710.53 4662.86 4621.18 4607.75 4601.96 4597.9 4594.4 4591.72 4589.58 4591.97 4600.21 4598.77 4590.06 4581.3 4565.52
4447.82 4460.77 4463.06 4466.39 4473.5 4478.69 4483.29 4485.31 4485.85 4483.26 4484.68 4496.24 4510.71 4523.75 4537.06 4548.22 4556.89 4568.77 4579.62 4589.59 4603.52 4608.43 4609.81 4600.38 4588.25 4599.68 4604.47 4583.1 4540.06 4555.58 4579.64 4601.03 4621.6 4641.89 4655.43 4664.57 4671.3 4670.19 4659.99 4646.52 4643.78 4645.82 4659.84 4665.38 4675.42 4679.93 4685.91 4692.03 4690.52 4682.58 4695.34 4706.56 4696.96 4649.87 4605.36 4582.17 4573.26 4570.22 4568.16 4568.6 4569.28 4571.45 4582.31 4587.66 4579.58 4565.09 4547.34
4445.99 4446.14 4451.79 4458.11 4464.52 4471.88 4475.54 4477.56 4478.94 4480.82 4485.29 4492.26 4503.2 4515.69 4528.42 4539.24 4551.37 4562.61 4569.69 4577.48 4582.54 4588.64 4582.46 4569.86 4546.73 4525.52 4551.56 4557.54 4523.68 4535.09 4559.84 4581.92 4604.59 4623.72 4644.56 4662.1 4678.53 4690.85 4676.33 4661.05 4639.42 4622.45 4636.42 4650.12 4656.63 4664.62 4670.56 4675.46 4679.18 4683.16 4687.28 4682.81 4664.45 4624.06 4586.44 4562.84 4554.68 4551.47 4551.75 4553.56 4554.8 4553.6 4560.64 4574.73 4569.66 4561.19 4552.06
4438.56 4437.84 4444.31 4463.65 4470.62 4469.16 4470.39 4471.96 4473.91 4476.2 4478.33 4486 4496.94 4508.36 4516.48 4529.06 4540.66 4551.32 4560.97 4567.58 4570.85 4570.88 4564.08 4552.75 4533.92 4520.34 4526.81 4527.48 4523.09 4532.49 4548.04 4570.62 4586.8 4614.83 4638.27 4661.62 4682.23 4694.41 4678.47 4655.87 4641.87 4632.88 4634.91 4643.44 4648.57 4650.38 4652.6 4656.39 4664.24 4680.33 4666.14 4637.92 4617.71 4592.1 4564.01 4544.16 4538.67 4536.24 4537.45 4541.43 4546.42 4551.4 4559.85 4564.72 4557.49 4550.28 4539.03
4443.11 4440.8 4443.76 4456.64 4464.7 4464.93 4465.55 4466.96 4469.03 4472.12 4475.97 4482.11 4489.56 4498.42 4506.28 4517.05 4528.36 4538.4 4547.03 4554.97 4558.38 4554.81 4551.86 4543.07 4530.21 4520.11 4516.17 4517.94 4523.63 4531.37 4544.13 4561.17 4581.44 4603.87 4628.41 4653.81 4679.8 4691.32 4673.99 4650.67 4643.21 4638.35 4642.6 4643.5 4637.14 4635.56 4636.08 4634.28 4631.7 4621.57 4608.39 4594.96 4580.48 4564.52 4546.47 4534.08 4522.54 4520.33 4522.74 4528.24 4536.16 4550.71 4547.58 4545.67 4537.8 4528.73 4523.46
4430.47 4436.42 4442.1 4447.55 4455.06 4458.17 4459.85 4461.57 4463.74 4466.48 4470.4 4475.8 4479.82 4487.28 4496.88 4508.57 4519.38 4524.23 4532.27 4539.86 4545.47 4547.59 4544 4533.56 4510.64 4503.11 4507.73 4515.36 4519.22 4529.01 4542.03 4556.46 4573.78 4594.22 4615.14 4637.4 4663.62 4679.26 4661.21 4649.32 4638.7 4649.63 4662.11 4638.53 4628.04 4622.91 4617.1 4609.6 4599.72 4586.14 4578.04 4576.2 4562.12 4543.24 4523.5 4505.47 4504.1 4504.68 4507.29 4511.8 4518.15 4522.53 4520.44 4520.33 4513.65 4499.09 4475.34
4419.47 4422.24 4428.27 4437.92 4447.71 4452.73 4455.67 4457.05 4457.83 4458.47 4458.24 4460.25 4466.35 4474.59 4484.19 4494.13 4503.94 4512.94 4522 4530.4 4537.73 4543.28 4543.59 4532.65 4501.97 4493.24 4501.23 4510.6 4519.89 4528.53 4537.26 4549.89 4564.93 4581.12 4596.71 4611.16 4624.12 4630.08 4626.46 4621.79 4611.99 4603.49 4603.44 4606.43 4611.28 4608.62 4597.2 4585.45 4573.8 4561.18 4553.85 4562.24 4545.64 4525 4505.96 4495.57 4488.01 4489.22 4493.55 4496.92 4499.5 4500.16 4502.2 4499.8 4495.19 4480.93 4463.51
4428.58 4427.58 4437.88 4440.87 4446.21 4449.06 4450.99 4451.8 4451.53 4450.07 4444.39 4439.16 4453.82 4465.08 4475.61 4485.39 4494.39 4503.46 4512.32 4520.83 4528.71 4537.39 4544.59 4536.73 4512.85 4498.06 4499.58 4504.18 4512.45 4521.12 4530.76 4543.6 4556.57 4568.96 4578.55 4583.52 4583.8 4586.63 4583.93 4583.52 4583.45 4568.49 4556.67 4574.43 4587.9 4586.85 4572.92 4561.43 4551.53 4541.8 4536.95 4537.33 4523.63 4506.46 4489.62 4474.49 4473.61 4476.85 4480.2 4483.57 4484.77 4485.81 4492.88 4498.87 4485.58 4471.99 4463.66
4428.46 4436.53 4443.69 4449.59 4445.62 4445.07 4445.39 4445.93 4446.59 4445.48 4441.78 4442.45 4451.89 4460.13 4469.35 4477.79 4486.33 4495.35 4503.63 4511.85 4520.09 4528.55 4537.48 4537.58 4504.7 4499.4 4500.85 4505.55 4509.35 4509.46 4522.61 4535.87 4548.37 4558.75 4565.79 4566.47 4557.58 4566.04 4574.52 4577.72 4577.21 4568.22 4565.38 4571.73 4563.99 4551.73 4543.98 4538.98 4532.89 4526.15 4515.55 4503.58 4500.48 4490.61 4477.77 4466.52 4463.83 4466.15 4468.94 4471.05 4473.23 4476.79 4480.23 4481.97 4472.96 4461.27 4450.32
4438.18 4445.08 4440.71 4440.08 4440.36 4441.24 4442.33 4443.02 4444.15 4444.4 4445.58 4451.22 4453.23 4458.5 4466.53 4474.65 4482.46 4490.79 4497.96 4504.62 4510.56 4514.76 4515.67 4512.66 4504.45 4501.76 4503.36 4504.85 4501.15 4507.73 4519.52 4531.2 4541.52 4552.41 4561.28 4567.3 4567.86 4583.51 4601.6 4597.39 4587.43 4580.09 4577.09 4573.55 4551.36 4523.81 4524.41 4523.3 4518.31 4511.18 4501.19 4492.01 4486.06 4477.98 4469.14 4461.17 4458.24 4458.19 4458.63 4459.98 4460.46 4462.21 4465.59 4464.3 4459.4 4450.84 4439.47
4443.89 4438.07 4430.32 4429.55 4432.57 4434.15 4435.98 4437.99 4440.13 4442.79 4443.97 4445.2 4449.9 4456.89 4464.27 4471.25 4477.89 4484.13 4489.82 4494.71 4498.9 4501.37 4500.71 4501.44 4504.92 4504.38 4506.9 4511.54 4517.09 4515.11 4521.12 4528.99 4538.23 4549.22 4561.01 4576.3 4600.84 4605.26 4620.71 4607.9 4592.54 4587.83 4595.64 4584.56 4556.38 4529.45 4518.61 4512.49 4506.41 4499.67 4489.59 4484.52 4476.21 4468.78 4462.57 4458.95 4456.52 4452.42 4451.43 4451.12 4451.83 4452.95 4456.19 4455.17 4452.53 4445.44 4436.19
4442.8 4432.73 4428.03 4426.56 4426.92 4428.45 4431.75 4434.43 4437.38 4440.81 4443.77 4443.83 4450.37 4457.12 4462.52 4467.68 4473.06 4477.51 4481.84 4485.27 4487.53 4489.11 4492.7 4497.97 4501.84 4501.9 4507.46 4516.77 4527.65 4527.76 4524.05 4527.68 4535.31 4545.97 4557.61 4571.8 4587.85 4595.99 4599.19 4592.36 4581.25 4574.1 4568.66 4577.37 4553.38 4531.68 4516.13 4505.33 4497.07 4491.4 4492.83 4479.42 4466.17 4459.02 4454.09 4452.51 4450.4 4446.36 4444.82 4444.83 4446.76 4449.4 4454.07 4457.08 4452.38 4444.22 4433.42
4441.75 4436.64 4424.62 4421.58 4422.37 4425.71 4429.07 4433.38 4438.49 4443.11 4448.89 4455.68 4462.1 4462.59 4465.36 4469.07 4473.56 4476.8 4479.6 4481.11 4480.28 4477.23 4473.93 4475.88 4483.64 4493.65 4503.96 4514.13 4521.19 4521.38 4517.85 4521.73 4529.36 4538.99 4548.27 4554.99 4560.06 4570.1 4575.51 4565.24 4556.35 4549.26 4545.02 4539.54 4531.05 4519.9 4508.57 4496.08 4484.7 4476.15 4466.26 4454.9 4451.43 4447.66 4443.68 4439.64 4436.05 4436.68 4437.53 4438.85 4441.15 4445.18 4451.39 4463.12 4461.84 4443.9 4427.9
4433.76 4436.57 4425.85 4419.34 4418.41 4423.23 4427.79 4433.51 4439 4444.85 4451.69 4457.72 4462.7 4462.52 4465.8 4468.3 4471.4 4474.17 4475.66 4476.2 4475.52 4471.09 4463.64 4461.34 4471.29 4485.97 4497.51 4507.24 4516.35 4505.26 4504.64 4513.25 4522.27 4531.71 4539.59 4544.3 4541.88 4536.82 4533.14 4528.96 4523.64 4518.59 4513.14 4508.78 4510.84 4511.12 4500.3 4482.32 4468.44 4456.79 4445.86 4436.85 4440.6 4438.41 4433.9 4428.89 4425.08 4427.98 4432.09 4434.73 4433.41 4440.49 4446.82 4454.68 4454.92 4438.6 4420.41
4435.57 4440.83 4429 4414.69 4415.67 4419.62 4424.53 4430.56 4436.23 4442.21 4448.33 4453.63 4457.81 4459.67 4460.49 4463.1 4465.84 4468.48 4470.93 4472.84 4474.05 4474.2 4472.85 4467.89 4473.59 4483.89 4492.63 4498.45 4498.09 4491.19 4495.53 4506.09 4515.4 4524.09 4530.9 4533.78 4522.78 4498.69 4488.37 4489.86 4490.58 4488.29 4484.38 4486.7 4493.17 4491.12 4479.65 4461.63 4450.14 4441.1 4432.77 4440.96 4437.31 4432.53 4427.13 4421 4417.05 4422.53 4430.38 4436.79 4441.37 4440.8 4440.8 4442.21 4441.87 4429.8 4410.46
4422.23 4422.22 4423.81 4417.01 4414.73 4418.48 4423.75 4429.69 4435.81 4440.93 4445.28 4448.07 4451.2 4454.84 4458.04 4462.04 4464.7 4467.79 4470.68 4473.41 4475.8 4479.27 4484.11 4482.07 4482.53 4485.76 4489.7 4492.42 4494.49 4496.96 4497.18 4500.76 4508.07 4515.21 4520.35 4518.9 4498.74 4464.17 4450.75 4457.56 4462.56 4464.79 4465.64 4468.99 4472.89 4458.41 4438.78 4431.79 4431.33 4431.66 4433.9 4443 4433.81 4427.63 4422.38 4417.72 4413.99 4421.9 4432.16 4441.03 4443.75 4441.68 4435.89 4432.58 4425.42 4416.35 4400.89
4416.37 4413.72 4417.24 4411.57 4414.73 4419.14 4423.67 4428.87 4433.95 4439.2 4442.74 4443.26 4442.39 4450.7 4456.79 4461.21 4464.92 4468.15 4470.96 4473.8 4477.58 4481.25 4485.76 4491.39 4490.95 4489.53 4488.53 4487.21 4486.26 4484.57 4486.33 4492.92 4498.29 4503.21 4506.86 4505.45 4481.68 4449.81 4435.13 4437.34 4442.55 4447.24 4449.91 4453.73 4458.91 4426.51 4395.16 4404.17 4414.59 4423.51 4429.41 4425.96 4424.93 4421.88 4419.25 4417.54 4418.74 4424.43 4433.36 4445.19 4452.59 4440.18 4430.54 4424.8 4417.54 4406.69 4394.17
