real_craters/C186-750m.grd
DSAA
224 224
-83.615 83.615
-83.615 83.615
2750.8322768074 5387.8001131762
[rows 152 to 189 of 224, columns 0 to 83 of 224]
4296 4296 4310 4309 4307 4304 4304 4300 4306 4312 4319 4322 4328 4322 4320 4322 4323 4324 4322 4323 4327 4333 4337 4339 4343 4352 4362 4376 4385 4384 4383 4382 4380 4379 4369 4370 4368 4366 4363 4360 4355 4352 4348 4344 4345 4348 4361 4374 4371 4361 4352 4347 4343 4344 4341 4339 4338 4342 4340 4343 4349 4360 4366 4367 4355 4348 4366 4391 4425 4439 4458 4465 4467 4461 4448 4437 4427 4419 4415 4408 4400 4385 4375 4370
4294 4298 4291 4290 4297 4298 4294 4299 4307 4312 4317 4323 4331 4328 4321 4319 4320 4320 4318 4322 4327 4333 4338 4340 4343 4350 4359 4368 4380 4382 4381 4379 4378 4367 4365 4364 4360 4357 4355 4347 4344 4342 4340 4339 4342 4351 4364 4388 4377 4357 4349 4347 4342 4343 4348 4347 4351 4343 4340 4343 4351 4367 4378 4386 4366 4352 4357 4377 4408 4436 4468 4479 4481 4472 4447 4432 4421 4414 4410 4399 4386 4383 4376 4370
4292 4295 4299 4297 4297 4299 4300 4310 4315 4316 4320 4331 4340 4328 4322 4319 4320 4322 4325 4327 4331 4336 4341 4346 4342 4349 4356 4363 4370 4377 4378 4378 4377 4366 4364 4356 4353 4350 4346 4331 4330 4331 4332 4335 4336 4340 4355 4357 4351 4340 4342 4343 4338 4344 4359 4379 4376 4360 4351 4357 4370 4377 4383 4385 4364 4342 4343 4354 4372 4411 4445 4465 4473 4461 4433 4422 4415 4406 4394 4395 4395 4377 4368 4386
4298 4302 4297 4299 4302 4304 4310 4313 4313 4318 4328 4350 4340 4327 4326 4324 4322 4330 4337 4337 4337 4340 4344 4349 4351 4352 4356 4361 4371 4376 4375 4373 4372 4362 4358 4350 4346 4343 4339 4335 4326 4327 4329 4333 4339 4346 4355 4357 4352 4346 4345 4344 4345 4351 4371 4396 4384 4363 4359 4368 4385 4380 4376 4373 4356 4338 4335 4340 4352 4386 4416 4438 4449 4440 4418 4417 4412 4405 4398 4393 4384 4375 4372 4387
4288 4295 4300 4305 4308 4310 4310 4306 4306 4315 4329 4347 4328 4329 4333 4333 4332 4338 4345 4343 4340 4344 4347 4350 4355 4353 4355 4359 4367 4369 4367 4365 4363 4355 4348 4346 4342 4339 4335 4334 4325 4326 4327 4332 4346 4358 4363 4373 4376 4369 4357 4350 4354 4353 4361 4375 4370 4360 4356 4359 4365 4363 4360 4353 4343 4334 4337 4345 4355 4371 4385 4403 4431 4448 4428 4419 4415 4411 4405 4399 4386 4386 4386 4381
4284 4293 4306 4310 4314 4316 4315 4312 4310 4311 4318 4326 4319 4326 4324 4330 4337 4342 4347 4349 4352 4351 4349 4349 4350 4350 4352 4354 4355 4355 4355 4353 4352 4347 4340 4339 4336 4333 4330 4328 4322 4324 4324 4328 4339 4351 4363 4377 4385 4375 4364 4358 4354 4347 4348 4348 4351 4344 4339 4339 4340 4346 4347 4340 4335 4338 4346 4358 4365 4366 4366 4375 4413 4444 4434 4422 4419 4421 4422 4416 4416 4411 4405 4395
4314 4300 4309 4316 4317 4320 4326 4327 4305 4306 4309 4325 4334 4320 4318 4325 4333 4339 4346 4350 4357 4351 4348 4349 4350 4348 4349 4349 4350 4352 4347 4344 4342 4338 4335 4333 4332 4330 4326 4324 4319 4321 4322 4324 4329 4340 4353 4364 4368 4367 4360 4353 4343 4345 4345 4343 4332 4315 4303 4321 4333 4341 4344 4343 4342 4346 4353 4363 4367 4365 4364 4371 4398 4417 4421 4418 4418 4420 4422 4427 4435 4428 4403 4398
4284 4289 4300 4308 4315 4319 4322 4319 4307 4306 4309 4312 4325 4326 4326 4328 4330 4335 4341 4343 4339 4340 4343 4344 4348 4348 4349 4348 4344 4338 4337 4336 4334 4331 4328 4327 4327 4325 4322 4321 4318 4319 4322 4327 4326 4333 4341 4348 4352 4351 4352 4349 4344 4344 4336 4321 4307 4302 4301 4320 4335 4344 4348 4348 4349 4346 4349 4358 4365 4367 4369 4374 4393 4408 4409 4408 4412 4418 4421 4425 4432 4425 4402 4399
4289 4291 4299 4305 4314 4317 4316 4310 4308 4310 4315 4321 4339 4346 4336 4332 4334 4337 4337 4338 4335 4334 4337 4337 4335 4339 4339 4336 4329 4323 4323 4324 4324 4324 4322 4320 4320 4319 4320 4318 4317 4317 4319 4322 4324 4328 4331 4332 4331 4338 4345 4345 4337 4326 4319 4309 4298 4313 4323 4331 4345 4355 4354 4349 4346 4346 4349 4356 4363 4369 4375 4383 4392 4400 4397 4394 4400 4410 4412 4411 4409 4400 4387 4387
4293 4298 4309 4314 4320 4320 4319 4321 4319 4320 4316 4322 4324 4328 4330 4332 4335 4337 4335 4340 4337 4335 4333 4331 4331 4334 4324 4319 4314 4308 4312 4316 4317 4318 4317 4316 4316 4317 4316 4314 4313 4313 4315 4320 4328 4328 4328 4326 4323 4338 4341 4337 4320 4316 4326 4323 4312 4318 4327 4338 4353 4371 4355 4347 4342 4346 4356 4355 4363 4372 4380 4387 4385 4377 4370 4373 4377 4387 4390 4392 4389 4381 4377 4379
4300 4308 4324 4340 4329 4324 4322 4318 4327 4333 4332 4328 4327 4326 4328 4331 4334 4334 4334 4336 4339 4337 4331 4326 4323 4323 4314 4309 4309 4310 4312 4312 4313 4314 4313 4313 4313 4313 4312 4311 4311 4311 4313 4319 4324 4327 4326 4326 4331 4337 4337 4332 4327 4322 4326 4332 4330 4325 4328 4337 4344 4342 4347 4345 4342 4345 4348 4353 4366 4375 4382 4383 4375 4360 4351 4356 4356 4349 4367 4376 4377 4372 4373 4377
4322 4317 4343 4331 4332 4328 4323 4321 4326 4332 4331 4331 4331 4328 4328 4330 4332 4336 4335 4337 4341 4339 4329 4319 4311 4318 4317 4307 4307 4312 4312 4311 4309 4311 4310 4311 4310 4310 4308 4307 4307 4309 4309 4316 4323 4326 4327 4326 4325 4331 4331 4330 4325 4329 4331 4333 4334 4330 4332 4338 4342 4343 4345 4346 4347 4353 4363 4369 4374 4380 4386 4392 4385 4363 4353 4351 4354 4358 4364 4371 4376 4380 4382 4388
4319 4328 4335 4344 4334 4327 4324 4323 4324 4324 4326 4327 4318 4331 4328 4329 4331 4332 4333 4335 4336 4331 4324 4315 4304 4300 4301 4303 4303 4306 4306 4305 4306 4305 4307 4307 4308 4309 4309 4309 4307 4308 4309 4316 4323 4326 4327 4328 4332 4330 4323 4316 4319 4324 4325 4328 4329 4330 4337 4342 4345 4350 4349 4348 4352 4362 4375 4381 4380 4382 4386 4390 4385 4368 4354 4354 4359 4366 4369 4373 4377 4384 4391 4393
4312 4320 4326 4324 4324 4323 4322 4321 4322 4322 4326 4331 4334 4331 4329 4333 4331 4328 4327 4329 4329 4325 4323 4314 4303 4292 4295 4297 4296 4294 4294 4299 4302 4303 4306 4306 4307 4308 4307 4308 4309 4310 4312 4322 4324 4324 4327 4329 4330 4327 4321 4320 4320 4321 4320 4323 4325 4329 4338 4344 4345 4346 4347 4347 4349 4356 4369 4378 4379 4379 4382 4382 4376 4365 4355 4360 4368 4373 4377 4377 4376 4376 4390 4387
4313 4311 4313 4317 4318 4318 4318 4319 4322 4331 4331 4330 4328 4331 4342 4339 4332 4326 4323 4324 4326 4337 4329 4313 4304 4294 4292 4291 4292 4292 4294 4298 4302 4303 4304 4305 4307 4307 4307 4309 4310 4311 4309 4307 4316 4321 4325 4331 4334 4332 4331 4328 4328 4325 4322 4322 4323 4328 4333 4338 4342 4345 4347 4345 4342 4344 4356 4367 4372 4374 4375 4374 4368 4362 4360 4372 4392 4396 4390 4383 4376 4371 4377 4381
4311 4305 4306 4310 4313 4313 4313 4314 4318 4323 4331 4333 4328 4327 4343 4340 4334 4328 4326 4327 4333 4322 4314 4306 4298 4289 4285 4287 4291 4294 4303 4301 4302 4303 4303 4305 4306 4307 4308 4310 4312 4314 4313 4317 4316 4318 4320 4323 4329 4336 4334 4331 4330 4326 4323 4321 4320 4321 4328 4334 4337 4342 4344 4340 4340 4342 4345 4355 4363 4369 4371 4371 4368 4363 4364 4381 4413 4413 4398 4387 4377 4368 4367 4371
4304 4303 4304 4307 4307 4307 4307 4308 4310 4317 4323 4337 4336 4333 4338 4333 4332 4333 4334 4330 4320 4306 4300 4296 4292 4287 4283 4287 4291 4295 4299 4300 4303 4306 4306 4308 4310 4311 4313 4314 4315 4320 4321 4321 4315 4315 4315 4317 4320 4322 4323 4324 4323 4320 4323 4319 4319 4320 4325 4329 4330 4329 4325 4332 4336 4339 4338 4349 4359 4365 4368 4370 4368 4363 4364 4376 4398 4404 4396 4387 4380 4373 4371 4373
4298 4300 4311 4307 4302 4303 4304 4304 4302 4306 4311 4314 4324 4331 4327 4324 4325 4328 4335 4322 4312 4297 4291 4290 4287 4287 4290 4290 4292 4294 4294 4299 4304 4307 4308 4310 4312 4313 4314 4315 4315 4316 4316 4315 4312 4312 4311 4312 4317 4322 4323 4322 4318 4311 4315 4317 4318 4321 4324 4326 4324 4323 4324 4328 4334 4338 4341 4353 4358 4362 4365 4369 4368 4363 4364 4371 4379 4390 4391 4387 4382 4379 4382 4386
4293 4293 4313 4307 4299 4301 4304 4304 4302 4305 4308 4309 4314 4316 4314 4316 4318 4314 4306 4306 4302 4295 4292 4288 4285 4281 4285 4290 4294 4297 4300 4303 4307 4309 4309 4311 4313 4314 4315 4316 4315 4310 4306 4305 4308 4310 4311 4311 4318 4329 4333 4326 4319 4315 4314 4318 4320 4323 4323 4319 4321 4322 4323 4327 4334 4342 4349 4355 4357 4359 4361 4364 4365 4363 4365 4371 4377 4384 4386 4384 4380 4381 4386 4398
4297 4297 4303 4306 4306 4303 4304 4308 4312 4315 4317 4307 4308 4323 4313 4318 4315 4307 4298 4298 4298 4293 4290 4287 4285 4284 4288 4292 4297 4301 4306 4309 4310 4312 4314 4314 4315 4316 4318 4318 4317 4312 4308 4306 4309 4311 4314 4318 4319 4321 4324 4329 4329 4321 4321 4321 4323 4323 4323 4326 4325 4322 4321 4326 4334 4344 4351 4354 4355 4354 4355 4355 4359 4363 4367 4369 4381 4386 4386 4383 4378 4375 4376 4399
4313 4298 4312 4304 4297 4298 4304 4312 4326 4322 4306 4294 4290 4288 4301 4321 4311 4304 4297 4296 4296 4290 4285 4287 4288 4290 4294 4297 4300 4305 4309 4312 4313 4314 4314 4315 4316 4318 4320 4321 4322 4322 4316 4312 4313 4314 4316 4319 4318 4317 4319 4326 4326 4325 4321 4323 4326 4323 4325 4329 4328 4321 4317 4322 4333 4344 4347 4349 4350 4349 4350 4352 4362 4375 4374 4374 4390 4391 4388 4384 4377 4368 4366 4386
4312 4298 4292 4295 4292 4293 4301 4308 4311 4313 4310 4299 4294 4284 4286 4296 4303 4302 4301 4301 4299 4294 4292 4291 4291 4292 4294 4297 4301 4306 4311 4314 4315 4314 4315 4315 4316 4317 4319 4322 4327 4332 4325 4320 4318 4317 4316 4317 4317 4316 4316 4322 4322 4320 4321 4320 4326 4328 4328 4326 4321 4319 4316 4321 4332 4341 4343 4341 4342 4345 4349 4353 4369 4383 4382 4382 4393 4394 4391 4387 4382 4377 4381 4377
4297 4292 4289 4290 4289 4291 4298 4305 4309 4313 4313 4319 4296 4287 4289 4295 4297 4297 4298 4301 4305 4304 4298 4295 4294 4294 4295 4298 4301 4306 4310 4312 4314 4313 4314 4314 4315 4316 4318 4320 4324 4330 4330 4327 4323 4319 4315 4315 4317 4319 4318 4322 4321 4321 4325 4320 4325 4332 4335 4328 4322 4322 4322 4326 4333 4341 4342 4338 4337 4344 4353 4360 4375 4385 4384 4384 4396 4394 4391 4388 4387 4389 4386 4371
4300 4293 4296 4295 4289 4290 4296 4304 4319 4315 4315 4313 4299 4284 4287 4295 4293 4292 4291 4295 4308 4317 4303 4298 4295 4297 4299 4298 4300 4303 4306 4307 4310 4311 4312 4313 4315 4316 4318 4319 4319 4322 4335 4332 4327 4323 4318 4317 4321 4326 4327 4326 4327 4327 4330 4321 4325 4333 4337 4334 4333 4328 4329 4331 4332 4335 4344 4339 4333 4345 4362 4375 4384 4393 4382 4370 4386 4388 4386 4385 4385 4387 4378 4367
4304 4294 4286 4286 4291 4291 4295 4298 4298 4303 4303 4301 4294 4285 4287 4286 4289 4289 4287 4295 4300 4304 4302 4301 4297 4299 4302 4299 4298 4301 4304 4310 4309 4310 4311 4313 4316 4318 4319 4320 4319 4324 4335 4334 4330 4326 4323 4322 4323 4326 4324 4328 4333 4328 4320 4323 4327 4334 4341 4337 4332 4332 4333 4333 4332 4329 4342 4343 4334 4346 4369 4392 4385 4379 4370 4366 4372 4379 4381 4380 4376 4369 4367 4363
4296 4289 4289 4294 4293 4297 4294 4290 4288 4290 4292 4288 4285 4283 4283 4288 4290 4292 4288 4277 4298 4304 4299 4290 4295 4299 4301 4298 4297 4299 4301 4301 4303 4307 4311 4314 4317 4320 4323 4324 4323 4323 4329 4331 4331 4331 4331 4328 4326 4322 4322 4327 4323 4321 4321 4323 4325 4334 4341 4340 4336 4337 4339 4344 4339 4339 4351 4353 4335 4341 4357 4372 4374 4369 4362 4357 4366 4372 4376 4375 4372 4368 4361 4353
4286 4288 4292 4289 4290 4292 4290 4284 4280 4283 4290 4288 4283 4283 4282 4291 4298 4301 4303 4312 4308 4306 4295 4288 4293 4297 4299 4299 4297 4297 4298 4297 4300 4305 4310 4314 4317 4321 4325 4329 4337 4332 4327 4329 4331 4332 4332 4330 4328 4325 4316 4318 4311 4318 4326 4321 4323 4332 4343 4342 4339 4339 4342 4344 4344 4346 4352 4352 4335 4336 4342 4351 4365 4370 4365 4356 4364 4370 4372 4371 4369 4364 4356 4351
4283 4285 4296 4278 4282 4285 4285 4282 4279 4278 4285 4296 4289 4286 4284 4275 4304 4308 4309 4310 4309 4304 4297 4295 4296 4298 4300 4299 4296 4297 4298 4298 4301 4305 4310 4314 4319 4323 4328 4332 4337 4334 4330 4331 4331 4330 4329 4329 4326 4320 4297 4296 4326 4326 4329 4328 4319 4327 4337 4338 4334 4336 4343 4350 4348 4342 4345 4341 4332 4335 4348 4356 4364 4370 4369 4366 4374 4373 4370 4368 4365 4359 4351 4344
4283 4282 4281 4279 4280 4283 4283 4282 4280 4278 4282 4290 4291 4289 4286 4306 4318 4318 4318 4311 4308 4307 4304 4304 4302 4300 4299 4303 4300 4297 4298 4300 4303 4306 4311 4316 4320 4325 4330 4333 4337 4337 4335 4333 4331 4329 4328 4329 4326 4316 4309 4324 4331 4328 4324 4320 4317 4324 4328 4331 4333 4336 4342 4347 4346 4346 4342 4340 4333 4335 4350 4357 4363 4372 4378 4374 4377 4373 4367 4363 4359 4354 4348 4344
4283 4281 4276 4280 4282 4285 4285 4285 4286 4285 4293 4304 4297 4285 4293 4309 4304 4326 4325 4314 4307 4306 4309 4303 4302 4300 4297 4291 4293 4297 4299 4300 4301 4306 4312 4318 4322 4327 4332 4333 4331 4335 4335 4335 4334 4332 4332 4335 4337 4336 4331 4330 4329 4326 4321 4326 4324 4325 4327 4331 4334 4338 4341 4341 4338 4336 4338 4337 4335 4335 4339 4347 4357 4367 4375 4375 4372 4368 4362 4356 4349 4348 4347 4347
4284 4283 4284 4285 4288 4290 4290 4287 4296 4310 4317 4331 4306 4268 4225 4205 4324 4344 4329 4309 4297 4300 4302 4303 4306 4302 4299 4297 4296 4299 4301 4303 4302 4309 4313 4319 4324 4330 4335 4338 4336 4336 4336 4337 4339 4340 4339 4341 4344 4343 4337 4334 4332 4324 4319 4328 4326 4327 4330 4333 4338 4343 4343 4343 4341 4335 4336 4335 4333 4331 4328 4339 4351 4360 4367 4370 4367 4363 4356 4350 4344 4345 4347 4346
4286 4286 4291 4298 4301 4299 4298 4299 4310 4321 4324 4350 4280 4257 4245 4219 4313 4345 4327 4305 4289 4295 4300 4302 4305 4305 4302 4300 4302 4302 4303 4304 4316 4307 4313 4320 4326 4333 4338 4344 4349 4339 4338 4339 4343 4349 4348 4345 4346 4345 4342 4333 4328 4325 4325 4330 4333 4334 4336 4338 4340 4343 4342 4343 4344 4341 4339 4338 4333 4326 4324 4334 4345 4354 4361 4361 4358 4354 4351 4348 4343 4344 4346 4344
4288 4286 4290 4296 4301 4302 4305 4308 4312 4320 4296 4228 4231 4262 4264 4247 4309 4321 4317 4308 4303 4297 4293 4299 4308 4305 4305 4306 4307 4306 4305 4303 4294 4303 4314 4321 4328 4335 4340 4342 4339 4336 4337 4340 4344 4348 4347 4344 4341 4340 4337 4327 4328 4330 4331 4336 4340 4341 4340 4340 4338 4334 4336 4338 4338 4339 4341 4342 4337 4328 4329 4335 4344 4353 4357 4356 4352 4348 4349 4349 4347 4347 4346 4340
4284 4283 4286 4292 4294 4296 4300 4300 4296 4280 4244 4229 4288 4291 4301 4311 4299 4300 4305 4303 4292 4293 4292 4293 4294 4301 4306 4314 4316 4311 4310 4310 4313 4316 4317 4322 4328 4334 4341 4347 4343 4332 4336 4340 4343 4344 4343 4340 4335 4334 4334 4334 4335 4340 4345 4345 4344 4342 4341 4340 4337 4333 4334 4337 4338 4340 4345 4349 4344 4337 4333 4337 4346 4355 4363 4355 4350 4345 4349 4353 4354 4348 4341 4338
4280 4283 4283 4283 4288 4287 4281 4277 4285 4298 4260 4275 4304 4313 4316 4294 4280 4296 4298 4296 4291 4289 4290 4297 4294 4298 4303 4309 4317 4315 4314 4315 4316 4318 4319 4323 4327 4333 4339 4345 4342 4335 4338 4342 4345 4346 4343 4338 4333 4334 4335 4336 4340 4347 4353 4351 4348 4342 4343 4342 4338 4335 4335 4337 4340 4343 4349 4357 4363 4343 4336 4341 4347 4353 4356 4358 4354 4351 4352 4355 4355 4348 4341 4339
4289 4293 4285 4282 4284 4281 4274 4280 4278 4274 4286 4308 4315 4316 4320 4323 4257 4300 4307 4305 4296 4293 4291 4300 4297 4296 4298 4300 4304 4315 4317 4317 4314 4314 4318 4323 4327 4331 4334 4338 4340 4340 4341 4344 4346 4348 4343 4338 4334 4334 4335 4337 4341 4348 4349 4352 4352 4349 4346 4342 4340 4340 4340 4339 4339 4343 4349 4354 4350 4344 4341 4346 4352 4355 4358 4365 4359 4352 4353 4354 4353 4348 4343 4345
4282 4282 4282 4276 4280 4283 4289 4288 4283 4283 4297 4309 4303 4308 4303 4281 4303 4305 4314 4309 4303 4297 4296 4293 4297 4296 4297 4301 4315 4320 4320 4318 4316 4316 4319 4322 4326 4328 4330 4330 4336 4341 4343 4345 4346 4345 4344 4340 4335 4336 4335 4335 4340 4346 4347 4346 4346 4354 4350 4344 4343 4344 4345 4341 4339 4345 4348 4352 4354 4351 4349 4353 4358 4364 4369 4370 4365 4357 4357 4361 4356 4347 4347 4341
4270 4275 4280 4282 4281 4285 4294 4294 4293 4293 4296 4303 4305 4302 4292 4269 4225 4319 4317 4309 4302 4296 4294 4300 4300 4299 4297 4297 4292 4319 4322 4321 4318 4316 4320 4324 4327 4329 4330 4332 4340 4344 4346 4348 4349 4348 4345 4347 4348 4336 4337 4338 4342 4346 4342 4339 4337 4348 4347 4343 4343 4346 4347 4343 4339 4341 4347 4353 4360 4362 4359 4359 4365 4373 4377 4375 4368 4359 4358 4362 4359 4350 4345 4341
