real_craters/C186-500m.grd
DSAA
335 335
-83.615 83.615
-83.615 83.615
2738.5835234933 5376.9392397044
[rows 300 to 329 of 335, columns 201 to 267 of 335]
4334.03 4332.71 4331.28 4329.93 4328.6 4326.53 4326.04 4329.63 4332.83 4334.83 4335.17 4336.9 4340.53 4339.93 4334.53 4331.83 4331.31 4330.9 4330.59 4330.52 4330.55 4330.69 4330.92 4331.92 4333.88 4337.74 4334.43 4331.05 4331.23 4325.74 4329.98 4335.44 4338.61 4345.16 4349 4339.65 4325.17 4306.2 4291.56 4297.8 4313.84 4339.78 4341.3 4343.62 4344.66 4344.23 4346.19 4342.85 4335.34 4335.49 4336.48 4338.13 4340.76 4341.71 4342.31 4342.45 4343.04 4340.16 4341.52 4340.54 4345.05 4349.67 4355 4360.34 4363.46 4362.95 4363.87
4335.34 4333.43 4331.43 4329.12 4325.99 4321.32 4321.63 4326.95 4331.06 4333.29 4334.28 4336.63 4340.43 4339.8 4335.41 4333.34 4333.19 4332.94 4332.44 4331.76 4330.92 4330.73 4331.21 4331.97 4333.18 4334.17 4334.28 4333.02 4330.8 4327.02 4322.69 4328.36 4338.82 4347.55 4353.56 4363.97 4387.27 4374.47 4312.23 4299.24 4296.68 4299.13 4322.9 4339.88 4346.09 4343.38 4336.66 4338.17 4338.72 4334.02 4338.64 4341.99 4343.32 4343.23 4342.48 4340.45 4336.48 4337.35 4341.35 4342.1 4345.43 4348.99 4354.56 4359.72 4362.98 4364.02 4363.93
4336.28 4334.01 4331.75 4329.23 4326.65 4324.01 4324.64 4327.64 4329 4328.78 4332.42 4334.23 4338.88 4342.23 4338.9 4336.87 4335.62 4334.43 4333.51 4332.51 4331.42 4330.62 4330.51 4330.81 4331.07 4329.84 4330.23 4330.54 4330.41 4326.66 4323.44 4328.55 4336.65 4343.56 4346.24 4364.24 4393.36 4362.82 4319.31 4302.02 4290 4290.96 4314.29 4334.48 4346.03 4347.91 4344.8 4342.74 4343.51 4340.18 4344.71 4348.58 4347.51 4345.65 4343.25 4340.47 4337.88 4337.08 4341.48 4343.47 4346.21 4348.43 4354.05 4360.14 4363.15 4364.52 4364.88
4336.56 4334.22 4332.25 4330.68 4329.27 4329.27 4330.35 4331.13 4331.87 4333.11 4333.16 4332.55 4335.68 4339.6 4339.79 4339.34 4337.88 4336.29 4334.44 4332.62 4330.93 4329.45 4328.62 4328.97 4331.5 4332.17 4329.99 4330.1 4331.09 4327.84 4322.83 4330.6 4336.34 4338.36 4340.61 4337.1 4326.05 4332.78 4329.11 4307.03 4295.14 4297.91 4319.38 4340.86 4352.29 4358.29 4357.12 4351.9 4348.53 4347.7 4352.33 4353.82 4351.54 4348 4344.55 4341.54 4339.23 4338.68 4340.69 4342.61 4344.91 4348.08 4353.87 4359.39 4362.87 4364.57 4365.62
4336.3 4334.5 4333.01 4331.53 4331.01 4332.55 4334.81 4333.69 4334.34 4336.68 4334.04 4332.64 4331.38 4335.31 4338.93 4339.81 4340.19 4338.4 4335.89 4333.49 4331.26 4329.1 4327.39 4327.85 4332.37 4334.29 4331.25 4331.48 4332.45 4333.97 4332.61 4337.77 4342.83 4343.51 4340.82 4334.09 4317.65 4318.29 4318.03 4315.19 4310.69 4313.33 4329.28 4349.16 4356.64 4366.39 4367.7 4358.17 4352.88 4357.15 4360.58 4358.96 4354.27 4349.74 4345.79 4342.36 4339.62 4339.11 4340.83 4341.94 4344.31 4348.11 4353.86 4360.07 4362.98 4364.71 4366.23
4334.51 4333.62 4332.65 4331.66 4331.44 4331.07 4331.08 4332.74 4333.48 4332.69 4332.32 4331.8 4332.12 4336.57 4341.84 4344.89 4342.91 4339.19 4336.07 4333.51 4331.32 4329.14 4327.57 4327.38 4331.69 4334.13 4333.3 4334.09 4336.3 4342.37 4350.16 4351.48 4347.47 4345.45 4343.3 4350.59 4336.9 4329.14 4326.56 4326.3 4333.35 4333.32 4334.46 4341.5 4350.78 4356.42 4355.6 4349.03 4350.34 4357.48 4362.84 4359.5 4353.83 4349.56 4346.36 4342.9 4340.4 4338.9 4340.84 4341.84 4343.49 4347.1 4353 4359.42 4362.53 4364.87 4366.45
4333.18 4333.13 4332.62 4331.89 4331.04 4329.83 4329.49 4332.78 4333.23 4332.81 4332.89 4333.04 4335.23 4338.95 4344.37 4350.2 4343.92 4338.27 4335.53 4333.51 4331.78 4330.02 4328.55 4327.63 4330.91 4333.8 4335.35 4336.51 4339.75 4345.65 4350.2 4348.93 4351.23 4348.62 4344.66 4360.11 4361.65 4359.35 4363.2 4325.95 4325.31 4330.77 4334.51 4338.75 4342.59 4343.86 4343.72 4340.84 4342.16 4346.23 4349.7 4352.25 4351.5 4349.24 4346.55 4343.4 4341.05 4340.62 4341.88 4343.46 4344.98 4346.33 4351.69 4358.31 4361.68 4364.06 4365.95
4332.77 4333.14 4333.01 4332.43 4331.72 4330.63 4330.75 4333.16 4335.2 4336.02 4336.95 4337.68 4340.17 4339.98 4339.18 4333.79 4333.79 4334.88 4334.58 4333.61 4332.69 4332.02 4331.2 4331.08 4333.83 4334.64 4335.26 4336.59 4339.54 4344.86 4346.51 4346.09 4350.24 4349.59 4347.25 4348.98 4351.99 4339.82 4319.6 4315.16 4315.63 4326.17 4333.22 4336.4 4337.1 4336.75 4336.84 4334.05 4332.52 4337.96 4341.19 4346.13 4347.8 4347.15 4345.7 4343.06 4341.85 4339.29 4341.89 4344.81 4345.18 4346.46 4350.69 4357.12 4360.71 4363.51 4366.38
4333.64 4333.9 4333.74 4333.49 4333.07 4333.04 4332.16 4334.83 4338.85 4341.24 4343.43 4346.5 4345.27 4340.91 4335.16 4327.7 4329.66 4332.88 4334.24 4334.34 4334.26 4334.01 4334.15 4335.52 4332.09 4333.98 4333.43 4334.71 4336.77 4339.22 4339.11 4343.55 4351.45 4350.77 4348.93 4348.08 4347.23 4343.38 4336.57 4331.34 4338.62 4334.11 4333.34 4334.15 4334.39 4333.55 4334.32 4333.86 4334.06 4337.13 4342.37 4344.8 4345.75 4345.04 4343.81 4342.77 4342.38 4340.75 4343.8 4346.06 4346.07 4347.55 4350.61 4356.22 4359.98 4362.91 4365.67
4335.51 4334.83 4334.64 4334.74 4335.29 4337.02 4340.1 4342.62 4344.14 4344.63 4345.34 4344.55 4344.92 4342.54 4338.55 4336.06 4334.73 4334.85 4335.21 4335.65 4335.83 4335.77 4336.47 4337.22 4339.45 4334.45 4332.08 4332.78 4333.25 4333.56 4337.22 4343.83 4350.12 4351.18 4350.37 4348.46 4344.39 4341.18 4344.22 4354.11 4351.23 4339.27 4332.92 4332.51 4334.02 4334.77 4334.18 4333.47 4333.65 4335.56 4342.81 4344.79 4345.78 4346 4345.58 4345.35 4345.49 4346.56 4350.53 4350.37 4347.86 4349.38 4352.05 4356.27 4359.48 4361.83 4364.09
4335.72 4334.85 4334.76 4335.27 4336.71 4339.9 4348.33 4354.95 4347.62 4345.09 4345.42 4347.39 4347.67 4344.97 4341.92 4339.53 4338.23 4337.71 4337.11 4336.85 4336.97 4337.27 4338.12 4339.29 4339.68 4336.15 4333.5 4332.6 4331.67 4330.95 4336.08 4343.75 4349.49 4350.28 4350.23 4348.95 4341.57 4325.76 4336.41 4359.89 4340.7 4337.17 4331.32 4332.5 4335.26 4335.52 4334.56 4334.32 4334.51 4335.12 4339.4 4343.89 4346.04 4346.39 4346.28 4346.61 4348.97 4356.94 4362.34 4354.7 4348.34 4350.52 4353.41 4356.41 4358.75 4360.83 4363.42
4334.15 4334.05 4334.28 4335.07 4335.87 4336.3 4336.81 4339.05 4340.52 4342.8 4345.34 4352.14 4349.85 4346.36 4344.2 4343.93 4343.78 4340.16 4338.65 4337.91 4338.16 4338.79 4339.07 4340.01 4340.72 4339.62 4335.93 4333.57 4332.45 4332.18 4337.44 4342.42 4346.66 4348.19 4348.74 4350.02 4340.61 4311.49 4305.94 4315.72 4338.37 4333.82 4332.8 4333.82 4335.6 4336.71 4335.17 4337.51 4337.17 4337.69 4341.76 4344.93 4346.76 4347.05 4346.91 4346.7 4347.23 4348.62 4370.82 4356.53 4346.63 4350.58 4355.36 4356.2 4357.57 4359.28 4361.57
4331.89 4332.86 4333.68 4334.17 4334.32 4332.48 4326.27 4320.41 4332.47 4340.6 4346.77 4345.85 4346.46 4345.25 4344.31 4342.6 4339.05 4340.95 4340.46 4339.22 4338.47 4337.99 4338.11 4338.29 4337.16 4333.71 4333.78 4334.19 4334.5 4334.31 4336.03 4340.35 4343.39 4345.32 4347 4346.62 4340.58 4316.42 4311.7 4316.85 4321.42 4329.88 4334.15 4335.31 4335.87 4335.6 4335.8 4336.14 4338.19 4340.35 4344.3 4347.33 4348.37 4348.35 4347.48 4346.45 4345.61 4347.01 4368.33 4352.98 4344.57 4349.44 4352.67 4353.8 4355.51 4357.38 4359.48
4331.12 4331.92 4332.85 4333.84 4334.48 4334.73 4335.11 4335.66 4335.43 4339.95 4343.63 4343.58 4343.16 4343.49 4343.56 4343.34 4342.06 4342.89 4341.12 4339.87 4339.15 4338.54 4337.51 4336.67 4334.19 4331.73 4333.06 4334.99 4336.75 4338.5 4336.09 4336.79 4340.31 4343.19 4343.37 4339.03 4334.45 4322.68 4317.27 4310.9 4317.72 4327.51 4334.49 4336.89 4338.65 4338.27 4337.39 4337.3 4339.05 4341.86 4347.57 4351.03 4350.2 4348.54 4347.5 4346.11 4345.7 4346.67 4343.53 4344.38 4342.47 4345.91 4348.93 4350.55 4352.96 4355.3 4357.72
4330.22 4331.02 4332.41 4333.96 4335.84 4338.11 4342.5 4344.65 4339.18 4340.37 4342.27 4340.34 4340.8 4341.21 4342.12 4344.41 4352.73 4342.96 4340.28 4339.39 4338.75 4338.49 4337.9 4337.01 4336.26 4333.19 4334.67 4336.69 4337.57 4336.32 4333.47 4333.55 4338.43 4343.45 4345.66 4346.59 4338.32 4332.65 4326.95 4319.7 4322.67 4330.28 4334.89 4338 4338.03 4336.71 4336.1 4338.14 4340.54 4343.8 4349.43 4352.71 4351.49 4349.99 4348.4 4346.49 4345.24 4343.21 4340.45 4341.84 4342.55 4344.7 4348.02 4348.22 4350.87 4353.77 4356.08
4328.84 4330.46 4332.47 4334.49 4336.48 4338.91 4341.23 4341.65 4339.55 4340.4 4341.17 4339.46 4339.3 4339.61 4339.69 4338.03 4330.04 4335.24 4338.12 4338.55 4339.42 4339.27 4338.89 4338.35 4338.7 4336.89 4338.41 4339.42 4338.83 4334.37 4330.64 4333.25 4339.97 4347.71 4352.29 4355.86 4347.03 4342.8 4338.94 4332.84 4334.94 4341.06 4343.61 4341.64 4339.46 4339.96 4339.66 4340.01 4343.22 4346.21 4349.34 4350.81 4352.08 4350.95 4349 4346.44 4345.37 4344.15 4342.25 4342.88 4343.44 4342.32 4345.92 4346.72 4349.03 4351.66 4354.05
4328.55 4330.79 4333.01 4335.05 4336.85 4338.4 4339.36 4338.52 4337.61 4339.87 4340.94 4339.12 4339.49 4339.81 4339.44 4337.42 4335.36 4336.54 4338.44 4339.79 4340.47 4340.85 4341.21 4342.18 4343.22 4343.46 4343.86 4343.37 4341.98 4336.49 4331.78 4334.5 4341.78 4349.13 4361.01 4339.25 4345.43 4344.13 4340.86 4345.31 4346.2 4347.06 4347.8 4346.35 4344.29 4343.38 4343.37 4343.95 4348.26 4350.64 4352.35 4354.22 4353.28 4352.04 4350.08 4350.98 4348.79 4345.8 4343.7 4342.91 4343.8 4338.82 4342.74 4345.14 4347.28 4349.93 4352.7
4331.53 4332.96 4334.54 4335.8 4337.54 4338.51 4338.78 4338.88 4338.48 4339.66 4339.22 4339.6 4341.02 4341.39 4340.72 4340.04 4340.57 4340.26 4340.55 4341.38 4341.92 4342.36 4343.09 4344.49 4347.84 4351.15 4349.76 4347.68 4344.89 4340.69 4336.3 4339.09 4344.19 4347.46 4340.94 4336.25 4344.9 4347.37 4346.32 4353.48 4352.58 4352.65 4351.87 4351.28 4351.17 4349.55 4351.73 4351.11 4350.78 4355.07 4351.89 4354.14 4354.33 4353.09 4351.57 4349.25 4347.58 4345.86 4344.88 4342.68 4341.75 4339.98 4342.52 4343.91 4346.3 4349.29 4351.6
4335.85 4336.43 4337.37 4338.58 4339.28 4339.01 4338.93 4338.52 4338.96 4340.43 4339.55 4342.59 4343.9 4343.87 4343.43 4342.79 4342.13 4342.24 4343.72 4344.5 4344.88 4345.03 4345.03 4345.66 4348.04 4355.38 4354.09 4350.92 4348.02 4345.88 4343.59 4345.43 4347.63 4349.33 4339.18 4330.74 4346.35 4351.71 4350.56 4357.08 4355.78 4354.74 4354.9 4354.8 4354.64 4355.46 4359.8 4355.44 4337.54 4334.28 4346.95 4352.65 4353.52 4352 4350.49 4349.32 4347.84 4346.19 4344.71 4343.17 4343.48 4345.29 4344.31 4343.78 4346.13 4348.19 4350.24
4339.52 4339.56 4340.31 4340.98 4341.38 4341.27 4340.47 4338.4 4338.82 4342.71 4341.84 4346.72 4346.92 4346.73 4346.57 4346.23 4346.18 4346.63 4347.65 4348.71 4349.03 4348.3 4347.25 4347.32 4349.33 4360.31 4357.03 4352.03 4347 4347.75 4340.51 4343.27 4350.85 4354.67 4344.03 4337.8 4349.25 4354.1 4353.28 4358.88 4358.79 4358.47 4358.55 4358.46 4358.8 4360.75 4364.81 4361.28 4352.71 4346.08 4348.41 4351.64 4352.25 4351.21 4350.08 4348.73 4347.38 4346.17 4344.12 4342.92 4345.17 4348.56 4346.85 4344.7 4345.47 4348.73 4351.01
4342.05 4343.34 4344.33 4345.04 4344.94 4344.25 4343.32 4342.58 4343.64 4344.63 4345.42 4346.95 4348.18 4349.17 4349.98 4350.58 4350.22 4350.14 4352.94 4354.37 4354.43 4353.16 4350.29 4349.45 4352.85 4350.55 4356.15 4354.39 4349.78 4340.58 4343.56 4352.65 4354.8 4357.67 4360.48 4354.27 4355.32 4358.45 4359.83 4363.38 4363.79 4363.2 4363.48 4363.56 4364.73 4366.96 4368.17 4365.63 4361.13 4356.68 4352.7 4351.32 4350.79 4350.54 4349.84 4348.65 4347.22 4345.96 4344.76 4344.52 4345.65 4348.19 4348.52 4349.49 4347.96 4349.05 4349.28
4347.89 4349.35 4350.07 4349.99 4349.04 4348.79 4347.48 4346.09 4344.18 4345.39 4346.79 4347.2 4349.09 4351.65 4353.91 4355.69 4356.93 4357.76 4360.39 4361.19 4361.16 4360.33 4358.14 4354.18 4352.61 4363.43 4361.47 4358.16 4355.94 4358.14 4361.3 4366.86 4357.75 4347.48 4358.2 4358 4359.24 4362.93 4366.54 4370.18 4370.82 4369.32 4368.61 4368.29 4368.73 4369.74 4370.08 4367.68 4362.64 4358.44 4355.26 4352.68 4351.32 4350.64 4349.98 4348.89 4348.03 4347 4346.14 4347.02 4346.41 4348.66 4352.47 4351.6 4346.86 4349.13 4350.58
4357.71 4357.25 4356.37 4355.28 4354.1 4352.83 4351.76 4351.72 4351.54 4345.56 4347.01 4348.1 4350.74 4354.29 4357.46 4361.23 4365.56 4366.8 4370.18 4368.24 4367.19 4367.77 4369.74 4362.41 4355.46 4353.07 4359.79 4365.65 4363.68 4358.15 4341.47 4378.35 4355.84 4337.5 4337.7 4352.32 4358.16 4357.12 4363.7 4372.39 4374.46 4374.65 4372.07 4372.14 4369.99 4369.57 4369.77 4368.09 4365.76 4361.05 4357.04 4354.4 4352.84 4351.86 4351.18 4350.29 4348.46 4347.78 4347.2 4346.36 4347.56 4350.94 4356.11 4345.19 4346.27 4350.8 4350.88
4365.03 4364.46 4362.75 4360.79 4358.71 4356.55 4355.15 4353.97 4350.37 4348.01 4348.04 4350.91 4354.38 4357.76 4360.94 4364.87 4370.9 4383.31 4375.69 4371.4 4370.26 4370.21 4364.66 4366.73 4360.5 4353.29 4359.52 4374.01 4358.25 4349.05 4378.5 4353.92 4354.17 4340.4 4345.23 4355.12 4364.83 4374.54 4376.1 4373.71 4376.46 4376.27 4372.09 4363.62 4368.58 4369.12 4368.41 4365.78 4362.23 4359.96 4357.65 4355.76 4354.88 4353.46 4352.28 4351.81 4350.8 4349.47 4348.18 4347.44 4350.51 4355.95 4358.87 4365.73 4361.32 4354.1 4351.9
4370.51 4370.61 4368.6 4365.9 4362.13 4359.28 4356.8 4355.35 4354.85 4352.74 4350.28 4355.04 4359.79 4360.58 4362.12 4364.84 4367.23 4365.8 4367.68 4369.96 4370.59 4371.08 4371.97 4370.21 4364.94 4358.88 4360.6 4367.91 4377.52 4364.27 4351.15 4354.34 4368.94 4381.16 4364.35 4365 4371.26 4378.21 4378.77 4376.01 4378.6 4377.04 4372.04 4367 4364.53 4365.99 4366.44 4362.62 4359.63 4358.45 4357.64 4356.66 4356.09 4355.2 4355.04 4354.33 4352.88 4351.43 4349.86 4348.79 4352.36 4352.49 4359.58 4357.34 4352.62 4353.18 4351.51
4377.02 4377.39 4374.58 4369.54 4365.42 4361.8 4358.28 4355.48 4351.95 4349.42 4350.72 4355.64 4359.32 4360.7 4362.44 4363.75 4364.78 4364.57 4366.32 4368.45 4369.87 4370.46 4369.81 4368.27 4365.3 4360.16 4358.04 4358.84 4364.36 4366.34 4368.17 4386.39 4382.74 4377.35 4372.65 4372.54 4375.27 4378.3 4379.36 4373.4 4376.86 4376.23 4371.52 4365.4 4361.37 4361.42 4361.41 4358.37 4356.68 4357.46 4358.22 4358.04 4356.51 4357.48 4358.59 4357.81 4355.98 4353.88 4352 4351.51 4352.53 4350.86 4351 4353.27 4353.26 4350 4349.14
4382.17 4384.31 4377.86 4371.89 4367.08 4362.12 4358.83 4355.41 4352.44 4352.78 4353.87 4356.21 4356.98 4359.66 4361.22 4362.76 4364.26 4365.44 4366.89 4367.81 4368.36 4368.96 4368.48 4365.35 4362.9 4360.64 4358.56 4357.34 4361.21 4365.69 4372.8 4383.56 4382.27 4377.71 4376.19 4376.59 4377.79 4378.67 4377.59 4371.5 4374.12 4378.03 4370 4362.85 4359.86 4358.58 4356.47 4355.62 4355.54 4357.64 4360.07 4361.96 4362.15 4363.8 4364.34 4362.06 4358.81 4355.94 4353.7 4351.86 4351.51 4350.82 4348.43 4348.43 4346.03 4347.62 4347.73
4379.44 4381.87 4376.24 4371.21 4366.99 4364.96 4361.98 4358.56 4354.08 4358.84 4360.14 4358.18 4358.6 4359.25 4360.93 4362.37 4363.84 4365.39 4366.81 4367.05 4367.42 4367.18 4367.33 4367.42 4363.98 4361.58 4364.32 4361.12 4361.34 4365.61 4370.89 4374.81 4377.83 4377.63 4377.31 4378.05 4379.98 4380.85 4375.23 4371.38 4373.32 4373.86 4367.78 4364.15 4363.23 4361.31 4358.53 4355.2 4355.25 4358.16 4362.28 4367.55 4373.71 4376.23 4371.2 4365.35 4360.5 4356.79 4354.13 4352.54 4352.07 4352.9 4352.13 4350.94 4346.04 4346.03 4353.84
4370.5 4372.01 4370.25 4367.38 4366.18 4364.37 4362.19 4360.98 4361.35 4353.73 4360.56 4358.17 4357.32 4358.87 4360.46 4361.89 4363.13 4364.69 4366.07 4365.81 4366.64 4367.46 4369.29 4369 4364.77 4357.43 4350.29 4367.1 4369.72 4369.64 4372.3 4376.22 4378.66 4377.92 4377.52 4379 4380.33 4380.53 4374.32 4369.64 4370.78 4368.97 4364.64 4363.59 4363.06 4360.53 4357.01 4353.26 4354.22 4357.66 4362.66 4369.65 4379.45 4382.54 4373.15 4365.72 4360.3 4356.34 4353.66 4351.46 4349.74 4349.62 4349.45 4346.89 4346.13 4355.43 4368.01
4361.87 4363.62 4363.7 4363.31 4362.96 4362.02 4361.5 4362.14 4359.63 4356.03 4354.41 4356.52 4358.3 4359.74 4360.86 4361.8 4362.37 4362.85 4362.43 4363.71 4365.3 4371.11 4375.16 4375.7 4369.39 4359.14 4349.36 4365.36 4380.81 4379.18 4376.95 4378.42 4379.93 4378.41 4377.62 4377.73 4379.12 4377.58 4371.49 4370.59 4371.81 4369.67 4363.37 4362.15 4359.64 4353.19 4351.15 4350.07 4352.56 4355.78 4359.94 4365.53 4371.81 4374.94 4367.61 4360.64 4356.14 4353.1 4350.11 4349.13 4347.61 4346.81 4346.08 4348.72 4348.64 4367.82 4393.51
