real_craters/C186-500m.grd
DSAA
335 335
-83.615 83.615
-83.615 83.615
2738.5835234933 5376.9392397044
[rows 240 to 269 of 335, columns 268 to 334 of 335]
4362.37 4370.98 4378.9 4380.6 4381.45 4382.25 4384.6 4382.58 4378.05 4372.73 4366.6 4360.66 4355.3 4349.96 4344.99 4341.35 4340.71 4343.48 4345.69 4347.98 4350.21 4352.33 4354.41 4356 4358.04 4360.06 4360.88 4361.05 4362.56 4360.91 4360.24 4360.27 4360.92 4362.62 4361.33 4361.99 4359.81 4359.48 4357.04 4357.4 4359.25 4361.67 4364.11 4365.18 4365.44 4364.97 4363.66 4364.12 4364.33 4363.93 4363.02 4361.83 4361.64 4358.82 4356.92 4359.98 4365.01 4370.29 4375.01 4379.77 4384.5 4387.86 4391.6 4402.97 4401.69 4400.6 4402.22
4364.72 4372.75 4378.57 4377.96 4375.98 4376.23 4377.8 4377.43 4374.46 4370.62 4365.62 4360.5 4355.56 4350.7 4346.51 4342.65 4341.91 4344.12 4346.14 4348.21 4350.28 4352.23 4354.03 4354.96 4356.46 4357.49 4357.88 4358.39 4356.57 4355.7 4355.4 4355.15 4355.96 4356.52 4353.4 4352.07 4349.37 4345.15 4348.01 4352.21 4355.9 4359.13 4361.81 4363.73 4364.96 4365.59 4364.7 4364.72 4363.98 4363.06 4361.87 4360.55 4360.83 4359.55 4359.18 4362.25 4366.43 4371.16 4375.08 4378.09 4383.23 4388.08 4393.04 4397.67 4400.05 4401.16 4402.31
4364.99 4371.72 4376.67 4375.27 4370.91 4371.21 4373.59 4373.07 4371.27 4367.86 4364.12 4359.57 4355.42 4351.21 4347.56 4343.99 4343.12 4344.85 4346.77 4348.8 4350.53 4352.26 4354.22 4355.51 4356.32 4356.61 4355.81 4354.18 4350.12 4349.62 4350.39 4349.77 4348.85 4346.9 4343.12 4342.22 4341.15 4339.78 4343.36 4348.77 4353.31 4357.03 4359.57 4361.83 4365.09 4366.85 4367.44 4365.99 4364.03 4362.32 4360.84 4359.67 4357.76 4359.69 4361.48 4363.09 4366.05 4370.53 4375.47 4380.44 4383.74 4387.42 4391.78 4395.09 4398.11 4400.41 4402.46
4364.34 4370.01 4374.64 4374.57 4372.45 4372.11 4372.11 4371.45 4369.76 4366.52 4363.35 4359.81 4356.14 4352.43 4348.78 4344.44 4342.51 4344.95 4347.73 4349.27 4350.98 4352.3 4353.8 4354.86 4355.53 4354.59 4351.82 4349.39 4346.75 4345.22 4344.83 4344.14 4342.89 4340.76 4339.75 4337.04 4337.5 4339.66 4344.12 4348.51 4352.51 4356.14 4359.79 4363.57 4365.97 4367.9 4368.2 4366.52 4364.16 4361.49 4359.66 4359.71 4360.74 4360.04 4361.06 4363.28 4366.01 4369.88 4374.61 4381.1 4382.04 4385.33 4389.3 4393.75 4397 4397.95 4399.77
4362.92 4367.72 4371.36 4374.31 4378.37 4375.4 4372.53 4370.35 4368.32 4365.74 4362.69 4359.57 4356.34 4353.04 4349.85 4346.11 4344.04 4345.81 4350.22 4352.83 4354.05 4351.2 4352.11 4352.88 4353.46 4353.49 4353.68 4347.44 4342.85 4342.72 4342.23 4340.76 4339.53 4340.22 4342.19 4331.84 4335.81 4342.48 4347.51 4349.07 4351.63 4354.81 4359.03 4363.5 4365.23 4367.86 4368.63 4365.97 4363.1 4360.44 4358.17 4355.81 4358.11 4359.82 4361.16 4363.05 4365.45 4368.51 4371.69 4374.4 4378.04 4382.57 4386.64 4390.46 4393.59 4394.53 4392.08
4361.37 4365.3 4369.6 4373.28 4375.42 4375.35 4372.6 4370.12 4367.48 4364.89 4362.1 4359.42 4356.64 4353.92 4351.43 4348.7 4347.76 4348.42 4350.83 4350.93 4352.02 4355.5 4357.77 4358.61 4358.45 4356.55 4354.84 4350.89 4345.9 4340.44 4338.04 4336.75 4336.38 4336.72 4343.19 4332.28 4334.76 4340.69 4345.55 4347.52 4349.83 4352.44 4355.34 4358.44 4361.36 4365.11 4366.19 4363.86 4361.34 4358.94 4356.86 4356.74 4358.74 4359.13 4360.05 4362.04 4364.84 4367.74 4369.88 4372.22 4376.74 4381.07 4384.45 4386.3 4388.03 4393.23 4400.42
4358.46 4362.19 4367 4371.58 4375.23 4374.24 4372.12 4369.89 4367.32 4364.65 4362.22 4359.59 4357.29 4355 4353.01 4350.47 4348.03 4349.15 4350.78 4351.11 4351.62 4355.63 4357.04 4358.11 4358.1 4354.7 4347.53 4336.2 4340.65 4335.52 4334.68 4334.73 4335.12 4336.22 4335.59 4331.34 4333.6 4337.89 4343.26 4345.13 4347.57 4349.76 4351.57 4352.65 4356.84 4359.51 4361 4360.82 4359.05 4356.94 4355.28 4355.58 4357.68 4358.23 4358.66 4360.53 4365.36 4368.9 4370.77 4372.9 4377.56 4381.92 4384.49 4384.98 4384.93 4391.41 4398.75
4354.52 4358.35 4361.65 4364.37 4370.4 4371.97 4370.78 4368.66 4366.17 4363.98 4361.44 4359.01 4356.82 4354.97 4353.7 4353.22 4353.34 4353.29 4353.84 4354.44 4355.87 4354.73 4354.6 4356.1 4357.54 4356.7 4346.63 4316.73 4322.48 4330.47 4333.2 4333.72 4333.93 4333.05 4330.46 4330.82 4332.85 4336.33 4339.32 4342.62 4345.27 4347.57 4349.46 4352.06 4355.06 4357.5 4358.84 4358.28 4356.77 4355.01 4353.15 4352.73 4355.36 4357.84 4359.91 4363.52 4368.46 4373.36 4375.4 4377.18 4381.04 4386.48 4387.71 4386.74 4386.91 4389.71 4393.33
4351.11 4355.64 4359.73 4364.12 4369.58 4370.36 4369.41 4367.5 4365.22 4362.81 4360.13 4357.96 4355.92 4354.21 4353.04 4353.01 4355.33 4353.33 4353.22 4354.72 4355.5 4357.62 4358.44 4360.02 4359.86 4362.41 4368.58 4346.16 4337.01 4333.65 4333.4 4333 4332.27 4331.7 4330.8 4330.38 4333.14 4335.33 4337.27 4340.56 4343.92 4346.48 4348.12 4347.71 4351.97 4360.39 4357.65 4356.16 4354.77 4353.16 4351.7 4352.48 4355.7 4358.42 4361.64 4366.48 4371.83 4380.21 4391.96 4395.45 4394.07 4396.65 4392.69 4388.33 4386.38 4386.5 4387.95
4349.82 4355.01 4359.91 4365.27 4369.33 4368.82 4367.4 4365.73 4363.66 4361.23 4359.07 4356.96 4354.93 4353 4351.11 4349.07 4344.55 4343.57 4348.2 4351.51 4354.89 4357.56 4359.73 4359.89 4360.16 4358.51 4356.12 4347.13 4338.89 4336.1 4333.57 4332.45 4331.88 4332.89 4333.27 4335.44 4335.23 4335.87 4335.7 4340.52 4345.26 4347.75 4348.75 4349.58 4351.04 4351.83 4354.07 4353.92 4353.2 4352.25 4351.69 4355.26 4357.08 4359.35 4362.25 4366.45 4372.44 4380.77 4393.5 4406.89 4422.09 4408.95 4395.42 4387.65 4381.59 4381.28 4385.31
4350.22 4355.18 4360.35 4364.62 4367.82 4366.13 4364.58 4362.73 4360.83 4358.93 4357.38 4355.47 4353.78 4351.68 4349.15 4345.87 4340.32 4339.47 4345.32 4350 4352.1 4353.94 4355.74 4353.03 4356.73 4352.71 4343.15 4338.78 4344.53 4333.71 4328.65 4330.42 4333.61 4335.97 4336.11 4336.38 4337.14 4338.54 4341.24 4345.34 4348.49 4350.77 4352.32 4353.22 4352.95 4350.4 4351.83 4352.67 4352.76 4352.51 4353.07 4355.74 4357.13 4359.5 4362.51 4365.77 4370.75 4375.32 4377.9 4391.76 4397.4 4396.28 4390.91 4383.55 4377.25 4372.3 4373.56
4350.81 4355.08 4360.51 4367.82 4365.54 4362.57 4361.58 4360.19 4358.75 4357.23 4356.18 4354.22 4352.46 4350.56 4348.38 4345.95 4342.45 4340.18 4345.28 4349.24 4352.34 4352.86 4352.7 4358.41 4358.95 4354.03 4324.47 4319.17 4310.79 4312.58 4318.21 4327.19 4334.42 4336.44 4336.32 4337.65 4338.07 4340.13 4346.53 4350.75 4352.74 4354.28 4355.4 4355.86 4354.44 4351.5 4352.1 4353.15 4353.97 4354.07 4352.99 4353.64 4357.11 4359.87 4362.86 4366.58 4368.93 4371.06 4377.22 4379.98 4380.08 4384.33 4384.2 4378.7 4370.47 4365.09 4368.02
4351.3 4354.6 4357.32 4357.82 4357.86 4358.17 4358.2 4357.72 4357.01 4355 4353.77 4352.44 4351.03 4349.48 4348.07 4346.93 4346.09 4345.24 4348.32 4350.11 4352.3 4357.62 4362.29 4360.74 4362.34 4361.35 4339.35 4310.25 4286.75 4291.3 4306.11 4322.36 4339.36 4335.43 4332.78 4330.72 4331.15 4337.36 4346.47 4353.61 4356.3 4357.23 4357.75 4357.22 4354.64 4352.61 4352.5 4353.46 4355.01 4356.17 4355.74 4356.45 4358.39 4359.4 4361.4 4365.63 4366.62 4362.61 4361.57 4373.3 4382.89 4385.05 4380.19 4375.69 4374.57 4377.14 4376.07
4351.11 4353.59 4355.21 4353.31 4352.59 4354 4354.73 4354.75 4354.25 4353.43 4352.4 4351.23 4349.85 4348.69 4347.71 4347.31 4348.07 4353.61 4348.85 4349.36 4351.1 4353.18 4361.06 4364.28 4364.02 4359.98 4348.24 4315.03 4287.72 4287.15 4301.11 4311.6 4318.22 4328.48 4327.32 4317.05 4316.56 4333.28 4348.57 4358.54 4359.83 4359.36 4359.01 4358.64 4357.77 4353.6 4353.31 4354.21 4356.15 4360.03 4364.39 4364.38 4360.49 4357.87 4356.76 4359.02 4360.2 4360.96 4359.46 4369.47 4380.29 4383.38 4372.01 4369.41 4372.57 4378.63 4380.07
4351.39 4353.54 4355.79 4354.9 4351.33 4352.28 4353.23 4353.49 4353.15 4352.47 4351.55 4350.53 4349.43 4348.33 4347.26 4346.44 4345.06 4342.74 4344.96 4348.36 4351.31 4354.13 4356.47 4363.74 4361.31 4356.25 4343.22 4321.82 4301.92 4298.99 4307.68 4316.8 4327.37 4333.34 4329.02 4317.97 4316.68 4335.23 4350.38 4361.17 4360.62 4359.89 4358.9 4358.44 4357.93 4354.38 4353.86 4353.91 4355.15 4359.82 4373.03 4366.5 4359.14 4354.8 4350.06 4341.31 4339.45 4362.63 4374.31 4362.21 4356.5 4350.99 4350.22 4357.25 4365.53 4374.48 4377.44
4350.91 4353.26 4355.87 4355.23 4351.71 4352.51 4353.17 4353.14 4353.13 4352.51 4351.72 4350.75 4349.67 4348.38 4347.18 4345.8 4343.27 4341.54 4343.35 4347.65 4351.44 4354.82 4357.53 4363.2 4360.69 4355.05 4343.17 4330.8 4322.57 4320.03 4320.81 4326.29 4336.18 4346.05 4336.33 4334.14 4339.26 4344.82 4351.91 4353.49 4359.43 4358.48 4357.25 4355.86 4354.02 4354.84 4354.33 4353.42 4351.79 4348.34 4344.25 4353.47 4355.02 4353.48 4349.92 4345.11 4344.05 4358.53 4359.8 4346.59 4324.07 4302.64 4328.04 4346.27 4358.22 4365.66 4369.36
4350.06 4352.26 4354.4 4355.12 4353.64 4355.01 4354.03 4353.31 4352.51 4351.7 4351.16 4350.2 4349.26 4348.12 4347.11 4345.71 4343.23 4342.2 4343.51 4348.5 4353.08 4357.39 4361 4363.12 4361.61 4356.93 4345.89 4337.83 4335.2 4335.28 4332.14 4333.51 4333.61 4334.54 4338.41 4343.29 4350.63 4350.02 4353.98 4361.7 4357.64 4356.26 4354.75 4353.68 4355 4355.75 4355.55 4353.75 4350.62 4346.1 4338.62 4348.04 4353.37 4354.41 4354.18 4357.34 4372.27 4359 4353.06 4341.81 4323.93 4309.48 4328.01 4344.81 4356.77 4362.98 4364.12
4349.42 4351.69 4353.5 4356.99 4365.89 4357.98 4354.56 4353.63 4352.59 4352.02 4351.05 4350.92 4349.98 4348.61 4347.35 4343.26 4343.73 4344.16 4345.09 4348.2 4351.96 4356.03 4360.08 4363.56 4364.49 4359.37 4347.64 4341.61 4339.01 4334.76 4337.39 4339.26 4335.37 4334.64 4338.6 4341.82 4342.84 4347.91 4351.4 4352.5 4353.98 4354.15 4352.23 4350.65 4352.43 4358 4357.16 4354.8 4352.35 4350.39 4357.43 4355.14 4355.15 4356.15 4356.71 4357.43 4356.11 4360.03 4355.34 4347.25 4341.25 4347.59 4345.85 4350.62 4359.23 4364.66 4360.12
4350.35 4352.8 4353.24 4354.84 4353.63 4354.9 4354.97 4354.43 4353.82 4351.13 4351.49 4350.52 4350.01 4348.95 4348.1 4346.13 4345.24 4344.77 4346.11 4348.67 4352.13 4356.13 4360.41 4364.51 4366.57 4370.15 4345.18 4341.21 4340.42 4341.54 4338.83 4336.89 4338.2 4339.01 4341.37 4343.27 4343.93 4348.62 4352.61 4354.11 4354.6 4353.46 4351.13 4349 4352.5 4360.39 4359.1 4356.18 4355.13 4359.07 4360.69 4360.15 4359.35 4359.2 4359.46 4359.66 4361.6 4359.31 4356.87 4353.54 4353.18 4353.73 4355.12 4355.01 4356.04 4357.97 4360.1
4354.38 4357.51 4357.6 4356.54 4353.62 4354.61 4356.19 4356.72 4354.9 4354.01 4352.13 4351.11 4348.89 4348.09 4348.23 4348.36 4346.67 4345.47 4345.96 4347.59 4350.59 4353.93 4357.62 4361.5 4362.39 4342.41 4338.85 4339.14 4340.26 4340.19 4339.37 4338.84 4341.8 4343.49 4345.51 4347.95 4349.95 4353.64 4356.8 4358.45 4358.19 4355.49 4352.69 4350.45 4354.57 4363.48 4359.95 4355.75 4353.45 4355.47 4362.33 4362.65 4361.94 4361.52 4361.33 4361.27 4360.54 4359.63 4357.56 4356.55 4357.32 4359.01 4358.77 4356.86 4354.3 4352.9 4356.79
4360.21 4365.66 4366.98 4363.63 4358.92 4358.18 4359.45 4360 4357.94 4355.07 4353.92 4352.02 4350.98 4348.79 4351.02 4350.06 4346.42 4345.62 4344.89 4345.91 4348.47 4350.3 4351.82 4353.62 4358.16 4348.16 4335.11 4337.13 4341.09 4345.35 4343.91 4340.54 4342.5 4345.79 4349.84 4354.11 4358.2 4360.91 4361.82 4363.96 4363.06 4356.96 4355.03 4355.85 4358.33 4364.68 4356.81 4354.73 4351.67 4347.83 4361.51 4363.97 4364.3 4364.09 4363.65 4362.57 4359.97 4358.21 4357.07 4357.1 4358.62 4360.54 4360.62 4359.01 4357.6 4357.4 4358.27
4364.18 4367.22 4375.43 4365.4 4363.02 4362.84 4362.08 4361.48 4362.24 4360.67 4359.33 4355.7 4352.6 4351.49 4352.66 4350.83 4349.43 4347.21 4340.51 4345.85 4348.25 4348.23 4346.56 4342.87 4335.12 4327.27 4330.54 4335.67 4342.38 4348.8 4348.92 4345.64 4343.42 4348.14 4353.07 4359.36 4366.67 4369.52 4364.34 4357.8 4351.26 4355.12 4356.64 4355.72 4352.37 4342.09 4351.58 4354.68 4355.77 4359.59 4361.6 4363.87 4364.44 4364.65 4364.26 4363.34 4360.87 4357.23 4355.74 4356.96 4358.62 4360.82 4361.58 4360.68 4360.09 4360.19 4361.47
4363.96 4351.19 4349.98 4353.27 4359.85 4363.91 4362.82 4360.03 4357.25 4359.9 4360.73 4358.74 4356.49 4352.95 4354.77 4352.78 4351.74 4351.08 4353.48 4350.32 4348.18 4346.45 4342.39 4334.87 4324.6 4325.61 4330.37 4336.6 4343.43 4350.82 4353.07 4350.39 4349.26 4350.79 4355.05 4360.77 4367.94 4369.85 4365.64 4358.47 4351.12 4360.08 4361.03 4358.37 4356.44 4358.54 4355.93 4357.95 4360.47 4358.77 4361.62 4363.27 4364.05 4364.48 4364.47 4364.39 4362.31 4351.68 4351.9 4354.71 4357.63 4360.45 4361.87 4361.31 4361.05 4361.47 4362
4362.55 4326.67 4317.67 4340.33 4356 4362.64 4363.6 4360.55 4357.12 4355.22 4359.28 4359.97 4357.63 4354.95 4352.64 4352.31 4351.62 4351.93 4348.89 4350.29 4349.01 4346.52 4342.51 4334.62 4321.37 4325.51 4334.66 4340.43 4345.16 4347.97 4350.13 4354.91 4352.5 4353.91 4356.62 4359.79 4362.58 4363.48 4364.87 4370.4 4388.22 4370.75 4366.54 4369.96 4362.19 4359.31 4359.74 4361.01 4363.45 4364.57 4362.47 4362.46 4362.92 4363.28 4363.52 4363.71 4363.26 4351.43 4350.48 4353.27 4356.51 4359.44 4361.26 4361.18 4360.26 4361.13 4361.09
4368.55 4335.51 4325.23 4343.53 4357.33 4367.99 4362.29 4359.16 4357.16 4355.8 4355.45 4352.69 4357.24 4352.06 4351.81 4353.05 4353.49 4353.13 4353.53 4352.29 4351.03 4349.61 4348.3 4346.17 4339.64 4338.74 4340.06 4343.19 4346.95 4351.31 4364.85 4363.03 4356.77 4356.81 4357.79 4358.33 4356.98 4353.21 4362.73 4368.5 4368.29 4368.27 4365.14 4361.76 4362.6 4363.82 4363.04 4362.07 4362.71 4360.76 4361.54 4362.18 4362.4 4362.25 4361.88 4360.91 4358.52 4352.22 4352.12 4354.29 4356.77 4358.9 4360.11 4361.35 4361.93 4361.46 4361.52
4377.17 4391.55 4372.96 4358.34 4356.61 4354.69 4356.68 4357.56 4357.42 4357.86 4359.43 4356.21 4356.25 4356.17 4358.69 4356.95 4355.2 4352.8 4352.92 4351.9 4351.05 4350.91 4352.99 4359.26 4365.03 4352.95 4348.41 4348.93 4351.75 4354.6 4353.85 4359.3 4358.1 4358.2 4358.28 4358.66 4358.87 4362.73 4363.77 4366.25 4366.72 4366.48 4363.09 4360.25 4360.97 4361.5 4361.38 4361.07 4360.54 4361.74 4360.93 4361.27 4361.31 4360.97 4360.07 4358.24 4355.48 4354.88 4355.01 4356.27 4357.94 4359.42 4360.37 4361.3 4361.93 4361.46 4361.06
4371.36 4376.46 4374.26 4364.67 4357.63 4353.21 4353.36 4355.56 4356.87 4360.31 4361.66 4361.44 4360.04 4357.66 4354.16 4356.91 4353.37 4351.29 4351.38 4351.03 4349.74 4350.61 4352.32 4356.84 4357.54 4351.13 4348.03 4351.35 4356.57 4362.3 4368.4 4361.05 4361.56 4359.92 4358.48 4358.62 4358.41 4358.5 4361.54 4366.48 4370.95 4369.51 4363.71 4360.02 4360.86 4361.18 4361.07 4360.69 4359.15 4359.75 4360.61 4360.86 4361.22 4360.85 4359.91 4358.1 4355.65 4356.82 4357.76 4358.68 4359.79 4360.74 4361.3 4361.68 4361.95 4361.61 4360.24
4365.26 4369.81 4369.48 4364.56 4358.33 4353.09 4352.8 4355.21 4355.53 4353.88 4349.65 4353.09 4352.82 4353.11 4349.17 4348.2 4346.73 4347.86 4344.25 4340.77 4346.06 4349.58 4347.98 4338.56 4328.96 4337.19 4343.87 4351.54 4360.46 4371.65 4382.64 4374 4366.93 4364.04 4361.26 4359.27 4357.27 4355.01 4359.34 4366.83 4372.72 4372.11 4365.63 4362.2 4362.41 4363.66 4364.62 4362.11 4359.76 4359.97 4361.02 4361.72 4362.1 4362.03 4360.86 4360.06 4360.16 4360 4360.78 4361.55 4362.44 4363.18 4363.39 4363.4 4363.77 4363.6 4362.06
4365.41 4368.26 4367.77 4364.61 4360.54 4357.11 4355.81 4356.23 4356.23 4354.84 4354.13 4352.58 4351.6 4355.72 4355.67 4353.5 4352.06 4349.06 4343.75 4341.48 4348.17 4353.13 4352.4 4335.52 4311.26 4327.5 4341.14 4352.41 4362.68 4372.47 4378.81 4376.2 4370.1 4364.72 4361.73 4359.7 4358.91 4360.62 4363.55 4366.86 4371.04 4371 4367.41 4364.65 4363.98 4364.27 4364.02 4363.21 4362.66 4360.84 4361.67 4362.82 4363.91 4363.66 4362.99 4361.09 4360.95 4363.11 4364.8 4365.37 4366.25 4367.25 4367.57 4368.01 4367.63 4367.22 4366.79
4369.95 4369.68 4366.67 4364.51 4362.79 4361.8 4361.27 4361.4 4359.47 4357.25 4355.83 4355.39 4353.87 4353.05 4350.52 4354.46 4352.81 4350.64 4349.27 4350.8 4353.58 4360.36 4366.64 4373.79 4340.74 4335.42 4343.26 4353.05 4362.23 4371.18 4377.93 4374.73 4368.59 4363.65 4360.88 4359.85 4360.19 4362 4363.8 4365.51 4367.38 4367.79 4366.32 4365.46 4364.94 4364.67 4363.99 4363.63 4361.94 4361.75 4362.97 4364.37 4365.05 4366.34 4366.51 4365.27 4364.13 4367.1 4368.47 4369.89 4371.09 4371.51 4372.19 4371.96 4370.96 4369.86 4369.99
