real_craters/C186-500m.grd
DSAA
335 335
-83.615 83.615
-83.615 83.615
2738.5835234933 5376.9392397044
[rows 90 to 119 of 335, columns 268 to 334 of 335]
4354.08 4358.62 4362.52 4369 4374.28 4377.56 4375.7 4371.48 4370 4369.09 4368.15 4368.14 4368.17 4368.17 4368.48 4374.84 4390.56 4408.27 4409.89 4422.01 4409.9 4397.37 4387.47 4382.46 4380.07 4380.49 4382.86 4389.52 4394.59 4401.88 4405.62 4411.63 4418.14 4423.17 4426.42 4429.44 4451.13 4472.73 4495.95 4517.56 4527.55 4532.4 4530.35 4522.86 4513.23 4554.87 4607.34 4639.43 4594.75 4544.21 4544.75 4563.99 4612.14 4596.39 4560.42 4529.39 4547.04 4578.62 4665.39 4793.99 4679.04 4624.98 4611.16 4611.64 4602.9 4570.46 4559.46
4350.99 4356.6 4363.2 4368.15 4373.6 4376.01 4373.07 4367.7 4367.03 4366.39 4365.74 4365.61 4365.57 4365.19 4365.88 4372.04 4390.47 4416.12 4455.75 4429.63 4408.76 4394.17 4382.33 4371.86 4369.75 4375.34 4381.43 4388.02 4392.63 4398.94 4402.31 4406.84 4408.96 4412.33 4414.83 4419.87 4439.8 4460.83 4481.02 4496.64 4507.03 4519.01 4525.41 4528.74 4534.1 4571.48 4633.01 4686.16 4570.6 4507.58 4454.26 4393.31 4314.06 4255.35 4229.5 4212.26 4295.81 4381.95 4463.72 4505.44 4523.94 4536.99 4560.54 4584.94 4585.36 4568.32 4563.42
4347.76 4352.86 4358.59 4364.75 4372.69 4376.13 4371.06 4366.45 4364.7 4363.18 4362.74 4363.01 4364.38 4363.46 4364.46 4369.65 4383.84 4398.78 4402.18 4402.85 4396.52 4386.66 4376.25 4364.24 4362.66 4372.43 4380.76 4385.91 4391.37 4396.18 4401.05 4405.05 4407.89 4409.54 4412.21 4421.61 4436.36 4453.76 4472.77 4489.49 4503.6 4521.69 4537.24 4547.23 4564.24 4591.52 4632.39 4712.73 4591.68 4492.27 4386.75 4253.56 4096.26 3983.03 3974.2 3974.44 4088.4 4184.51 4241.85 4263.4 4341.01 4425.65 4498.14 4555.54 4585.18 4578.07 4562.01
4344.95 4348.31 4352.17 4357.67 4362.28 4366.96 4367.14 4365.76 4362.27 4360.83 4359.56 4358.98 4359.95 4361.49 4363.96 4368.06 4376.59 4383.22 4385.71 4385.57 4382.88 4378.41 4374.2 4372.58 4376.64 4379.24 4383.37 4389.41 4391.57 4396.32 4400.46 4403.99 4407.03 4409.55 4413.29 4420.23 4433.46 4449.23 4468.9 4489.42 4512.79 4531.72 4554 4579.74 4603.07 4606.34 4574.65 4593.89 4624.63 4510.76 4360.16 4194.57 3993.91 3868.76 3868.12 3895.07 3965.8 4033.19 4080.83 4107.24 4202.99 4328.86 4440.94 4534.49 4598.57 4597.16 4585.06
4343.58 4345.53 4348.16 4351.83 4353.99 4358.44 4362.51 4364.11 4360.9 4358.57 4356.89 4355.32 4356.6 4359.94 4364.2 4369.11 4371.75 4372.2 4372.61 4372.09 4370.16 4370.96 4372.56 4376.14 4381.34 4383.09 4387.01 4391.47 4393.31 4397.65 4402.7 4404.83 4408.81 4412.25 4415.58 4420.21 4431.44 4447.06 4465.34 4486.67 4509.78 4535.18 4569.57 4603.33 4626.92 4601.08 4509.5 4503.16 4676.78 4538.35 4347.58 4141.98 3946.28 3824 3824.4 3848.77 3897.17 3942.69 3981.12 4026.91 4120.92 4253.45 4391.84 4517.83 4613.87 4624.06 4604.01
4344.72 4345.2 4346.95 4349.46 4351.69 4355.2 4358.71 4360.06 4357.69 4356.08 4355.28 4354.96 4356.53 4359.98 4364.31 4369.32 4368 4361.79 4354.09 4349.5 4357.93 4364.53 4370.09 4375.34 4379.56 4383.69 4388.75 4391.94 4395.91 4400.57 4404.95 4408.54 4412.23 4416 4418.89 4422.52 4432.36 4448.07 4464.84 4482.25 4503.06 4531.29 4580.56 4626.35 4650.83 4604.32 4457.14 4486.64 4681.37 4535.45 4337.9 4120.4 3922.41 3798.99 3803.13 3820.69 3852.04 3883.1 3913.32 3958.4 4048.58 4190.21 4348.78 4497.13 4616.87 4626.2 4592
4348.57 4347.22 4347.88 4349.86 4352.22 4353.98 4355.87 4358.17 4355.48 4353.6 4354.14 4356.04 4357.46 4358.91 4361.78 4364.78 4361.35 4354.19 4345.6 4342.5 4351.99 4361.22 4368.63 4374.99 4380.72 4385.89 4390.98 4396.39 4401.94 4405.05 4410.2 4412.71 4416.77 4421.49 4427.3 4433.92 4444.72 4454.81 4466.35 4478.5 4492.11 4516.66 4582.23 4643.07 4686.61 4643.38 4419.85 4380.94 4627.34 4502.15 4304.64 4100.53 3914.18 3793.43 3826.58 3821.81 3832.94 3851.45 3873.8 3902.46 3982.94 4144.68 4314.83 4473.99 4599.23 4612.67 4577.8
4355.11 4353.59 4352.02 4351.59 4352.54 4352.42 4353 4354.31 4354.66 4351.43 4351.85 4353.47 4355.45 4356.71 4357.75 4357.27 4355.5 4351.56 4347.25 4346.21 4353.83 4362.06 4368.99 4375.74 4382.62 4387.58 4392.19 4397.52 4402.41 4405.07 4411.69 4417.23 4424.18 4430.33 4438.25 4447.45 4457.99 4465.43 4470.79 4477.63 4487.15 4509.16 4580.39 4652.35 4714.54 4719.14 4412.99 4476.69 4562.32 4430.22 4258.57 4081.26 3927.08 3847.84 3850.36 3819.15 3825.7 3841.13 3865.91 3901.85 3978.72 4133.17 4300.87 4458.3 4576.72 4601.55 4576.73
4361.85 4359.45 4355.66 4353.03 4350.66 4349.74 4349.29 4349.78 4348.55 4347.41 4349.42 4350.41 4353.15 4354.45 4354.52 4353.95 4352.82 4352.37 4353.36 4355.98 4361.5 4366.25 4371.83 4377.74 4382.83 4388.47 4393.95 4399.84 4404.09 4409.95 4416.57 4423.38 4430.66 4438.78 4447.84 4459.39 4473.45 4474.99 4476.05 4479.6 4487.37 4506.91 4570.34 4649.91 4713.52 4715.85 4477.69 4487.29 4454.59 4337.57 4195.51 4056.86 3945.52 3893.19 3802.06 3813.07 3832.46 3855.82 3890.59 3936.98 4016.99 4151.11 4306.38 4456.46 4577.93 4629.21 4598.78
4366.1 4360.86 4357.05 4352.27 4349.14 4346.83 4345.59 4345.21 4344.04 4344.83 4347.91 4352.71 4352.16 4352.93 4353.01 4351.78 4350.97 4354.7 4359.48 4368.02 4368.04 4370.46 4374.4 4379.02 4385.41 4390.25 4395.42 4401.87 4408.84 4413.27 4420.32 4425.84 4434.25 4443.69 4454.08 4465.6 4476.3 4480.69 4479.45 4481.16 4484.36 4495.18 4557.98 4629.13 4687.57 4687.99 4543.54 4369.09 4320.58 4231.6 4120.01 3999.91 3887.79 3850.39 3852.04 3836.64 3857.81 3893.82 3933.53 3986.38 4058.41 4182.41 4325.29 4464.91 4581.98 4657.61 4616.12
4367.97 4362.69 4357.77 4353.02 4347.14 4344.34 4342.53 4342.37 4343.57 4345.35 4347.81 4349.32 4351.31 4352.69 4353.4 4353.75 4355.02 4358.64 4362.52 4363.88 4369.58 4374.5 4377.82 4379.22 4382.99 4389.49 4396.69 4404.18 4411.89 4416.25 4423.43 4430.2 4438.33 4446.72 4456.31 4467.37 4479.77 4483.47 4483.15 4484.48 4490.5 4505.07 4554.4 4617.92 4664.89 4681.44 4632.1 4318.64 4243.14 4164.62 4056.28 3951.6 3836.04 3804.95 3830.07 3853.74 3898.38 3947.08 3998.46 4053.12 4117.51 4229.28 4359.42 4480.78 4577.48 4644.31 4617.73
4367.15 4361.38 4357.88 4354.05 4346.18 4342.4 4340.69 4341.59 4343.44 4345.92 4348.1 4350.98 4351.64 4353.31 4355.14 4357.3 4359.23 4363.72 4367.76 4372.75 4376.84 4379.64 4383.04 4387.2 4388.74 4392.07 4398.7 4406.67 4411.18 4417.75 4423.93 4430.88 4437.65 4446.56 4456.32 4465.68 4475.37 4481.54 4483.4 4486.77 4495.02 4507.44 4546.98 4602.57 4645.46 4661.97 4706.4 4453.97 4260.28 4156.59 4044.46 3931.57 3835.69 3803.3 3824.18 3881.43 3945.34 4013.99 4079.39 4139.06 4197.27 4293.6 4407.78 4503.63 4575.07 4616.03 4599.56
4366.27 4360.85 4356.38 4351.37 4344.1 4340.13 4338.38 4338.4 4340.15 4342.56 4345.13 4348.14 4351.45 4354.17 4357.44 4360.99 4366.57 4369.11 4372.9 4377.64 4381.45 4384.06 4387.2 4391.5 4392.62 4393.72 4402.07 4410.03 4417.12 4424.21 4424.91 4431.96 4438.23 4444.94 4452.1 4461.2 4472.04 4478.03 4479.91 4486 4496.75 4513.2 4543.02 4581.94 4619.66 4642.26 4660.08 4452.5 4292.07 4177.84 4066.08 3957.13 3857.73 3822.74 3836.67 3921.69 4012.04 4098.06 4183.12 4255.23 4310.8 4392.93 4482.98 4538.58 4573.42 4590.34 4585.65
4366.95 4359.58 4353.49 4346.79 4339.95 4336.89 4334.97 4334.9 4335.86 4337.89 4343.94 4347.96 4351.43 4355.8 4359.94 4363.77 4366.29 4371.34 4376.93 4380.63 4383.1 4387.42 4389.98 4391.72 4396.84 4402.57 4407.63 4414.3 4420.43 4421.84 4426.64 4431.53 4436.09 4441.78 4447.42 4453.46 4457.62 4462.73 4473 4482.2 4492.91 4503.61 4527.37 4558.57 4587.55 4615.29 4606.48 4374.23 4329.19 4245.78 4147.03 4026.49 3908.86 3892.1 3922.16 3997.75 4095.96 4191.4 4286.08 4387 4484 4558.41 4577.72 4579.62 4574.46 4565.52 4569.89
4374.38 4362.37 4350.66 4339.98 4335.57 4333.83 4333.55 4333.11 4332.54 4332.36 4335.91 4344.21 4351.8 4357.49 4362.74 4367.61 4372.17 4377.21 4381.98 4386.54 4391.55 4392.09 4393.38 4396.49 4402.26 4408.3 4413.53 4418.77 4423.46 4424.57 4428.21 4431.86 4434.95 4438.03 4442.22 4446.33 4450.43 4457.21 4467.48 4476.52 4487.15 4497.94 4513.74 4530.23 4547.55 4568.51 4573.51 4513.13 4424.41 4349.65 4270.19 4173.28 4067.8 4009.75 4014.86 4096.78 4198.2 4289.35 4381.89 4488.59 4625.28 4715.35 4641.33 4606.57 4581.78 4559.48 4548.57
4380.35 4364.15 4349.04 4337.36 4332.5 4330.89 4334.02 4331.42 4332.09 4333.69 4338.82 4347.04 4354.37 4360.76 4366.44 4371.94 4377.96 4382.86 4386.45 4390.38 4392.71 4394.46 4396.45 4400.99 4408.02 4414.2 4420.15 4423 4425.47 4428.13 4427.59 4430.44 4432.07 4434.76 4438.01 4440.59 4446.38 4451.25 4462.25 4473.27 4485.2 4495.02 4500.9 4515.36 4524.75 4530.98 4668.47 4602.69 4512.31 4458.12 4421.36 4386.16 4323.93 4243.48 4206.71 4260.98 4334.52 4396.48 4464.57 4538.26 4610.01 4635.94 4626.21 4603.16 4584.3 4556.87 4536.52
4368.29 4358.47 4346.68 4336 4330.4 4326.57 4322.73 4327.55 4334.81 4339.95 4348.01 4354.11 4359.25 4364.69 4370.09 4375.37 4381.1 4385.89 4388.56 4390.64 4391.87 4394.88 4397.26 4402.8 4412.96 4423.71 4427.37 4426.17 4426.59 4428.28 4426.33 4428.23 4429.16 4431.2 4433.04 4436.42 4439.9 4447.79 4455.79 4469.06 4483.37 4493.49 4497.4 4497.25 4499.23 4520.42 4618.68 4572.21 4550.71 4537.85 4553.57 4612.51 4626.21 4545.3 4506.74 4504.23 4480.06 4489.55 4519.27 4556.8 4580.76 4580.56 4593.87 4586.02 4571.83 4552.78 4536.28
4360.45 4352.93 4344.65 4335.67 4330.73 4327.85 4328.21 4332.93 4342.27 4352.71 4359.14 4362.62 4364.9 4368.62 4373.17 4377.98 4382.96 4387.1 4389.79 4391.59 4393.93 4396.31 4400.35 4405.54 4413.91 4422.67 4425.5 4424.73 4425.39 4422.82 4423.55 4424.22 4425.37 4427.81 4429.97 4431.97 4433.51 4434.35 4448.99 4464.33 4479.96 4495.25 4508.35 4492.35 4479.92 4506.72 4575.46 4542.02 4554.62 4569.18 4594.5 4644.34 4672.63 4645.41 4656.85 4633.76 4565.21 4545.07 4552.05 4567.11 4578.23 4583.65 4580.11 4568.17 4550.68 4538.89 4530.34
4356.87 4349.9 4342.55 4335.71 4332.67 4330.53 4331.54 4339.76 4350.84 4362.58 4369.53 4369.42 4369.74 4372.34 4375.49 4379.2 4383.73 4388.32 4389.93 4391.91 4394.56 4397.84 4402.44 4406.96 4411.09 4414.05 4416.48 4419.7 4422.09 4424.23 4422.52 4423.95 4424.3 4425.23 4426.18 4427.22 4429.92 4438.05 4446.2 4460.15 4476.74 4493.01 4504.41 4481.4 4452.39 4453.19 4563.08 4525.52 4532.24 4545.58 4564.33 4573.87 4593.85 4613.23 4602.9 4575.96 4568.58 4560.89 4562.16 4569.56 4579.23 4584.82 4577.89 4559.85 4535.73 4529.55 4522.93
4356.58 4349.39 4338.57 4336.12 4337.89 4336.91 4339.09 4348 4357.89 4366.86 4370.74 4371.88 4373.17 4374.88 4377.18 4379.93 4382.8 4386.17 4388.41 4391.93 4395.78 4398.71 4400.01 4403.96 4407.52 4408.85 4410.9 4414.85 4418.28 4421.24 4420.49 4421.93 4422.21 4421.16 4423.54 4424.91 4426.7 4428.37 4438.18 4454.75 4471.09 4485.51 4488.82 4468.03 4436.26 4471.81 4554.76 4523.79 4526.11 4530.67 4531.86 4525.1 4542.6 4559.89 4563.93 4556.38 4555.92 4553.65 4556.21 4562.83 4572.52 4588.29 4574.98 4558.06 4550.1 4535.36 4528.24
4355.68 4352.91 4348.92 4345.41 4348.24 4351.61 4351.84 4356.86 4364.33 4370.62 4372.18 4374.34 4375.18 4376.32 4377.9 4379.5 4381.8 4384.19 4387.43 4391.1 4395.58 4399.28 4400.49 4403.63 4405.8 4406.34 4408.07 4411.4 4415.51 4415.27 4416.86 4419.08 4420.26 4422.67 4423.16 4424.57 4424.82 4427.25 4435.72 4449.2 4463.03 4476.43 4490.61 4470.69 4431.8 4493.3 4547.05 4528.5 4526.24 4526.85 4522.4 4509.76 4529.84 4541.67 4539.17 4530.51 4537.62 4544.7 4547.86 4551.34 4555.07 4552.87 4541.97 4535.2 4536.27 4531.19 4537.19
4356.78 4358.1 4358.91 4356.32 4357.54 4361.98 4361.74 4362.99 4369.2 4376.94 4379.55 4376.59 4375.95 4376.24 4377.32 4379.11 4381.24 4383.93 4386.5 4389.44 4392.88 4397.34 4404.4 4405.72 4405.9 4404.91 4403.76 4409.03 4414.08 4417.57 4420.18 4421.38 4422.99 4421.73 4423.34 4424.5 4425.49 4429.03 4435.24 4442.66 4451.7 4459.59 4461.78 4446.05 4428.48 4504.24 4541.27 4529.35 4527.78 4529.1 4533.17 4544.3 4527.36 4527.78 4523.31 4524.03 4523.11 4531.53 4537.51 4539.05 4535.67 4519.04 4505.11 4505.02 4498.92 4510.05 4515.97
4363.91 4363.95 4363.38 4362.12 4360.27 4358.59 4359.4 4363.04 4369.01 4375.41 4374.94 4374.62 4375.15 4376.12 4377.34 4378.51 4380.21 4381.66 4384.1 4387.9 4391.12 4396.47 4405.79 4407.14 4407.27 4406.9 4406.95 4411.37 4415.23 4417.84 4419.87 4421.88 4423.41 4423 4424.48 4423.27 4425.87 4427.54 4431.04 4436.35 4441.52 4443.65 4441.45 4434.42 4433.82 4520.24 4529.79 4526.29 4522.04 4526.05 4536.02 4538.86 4533.12 4521.98 4515.13 4502.71 4512.01 4522.62 4527.1 4527.98 4525.7 4520.43 4516.06 4505.38 4497.33 4493.02 4489.02
4368.84 4371.6 4369.51 4365.21 4360.16 4355.44 4354.27 4360.23 4365.87 4369.44 4370.09 4371.85 4373.87 4375.43 4376.42 4377.95 4379.59 4381.29 4383.91 4387.93 4391.87 4397.89 4404.52 4406.84 4408.52 4410.85 4413.85 4416.18 4417.06 4418.36 4420.02 4421.46 4422.78 4423.34 4424.46 4425.39 4426.27 4427.06 4430.38 4432.43 4434.47 4434.31 4431.74 4430.52 4437.42 4454.79 4485.33 4489.48 4499.14 4512.85 4529.89 4535.84 4514.58 4519.57 4518.66 4517.95 4521.41 4521.8 4521.46 4520.58 4520.89 4523.94 4525.9 4498.41 4487.44 4484.42 4481.6
4369.95 4377.49 4375.07 4366.08 4359.43 4355.26 4355.22 4358.86 4363.01 4366.9 4368.56 4371.16 4373.16 4374.81 4376.23 4377.75 4379.75 4382.54 4386.11 4388.37 4391.81 4395.89 4401.34 4405.13 4408.45 4412.21 4416.53 4417.88 4418.12 4418.47 4419.31 4421.08 4422.34 4422.75 4423.91 4424.51 4425.49 4426.93 4427.41 4429.86 4429.95 4428.36 4428.13 4427.71 4441.94 4441.56 4454.32 4460.56 4474.5 4492.46 4507.18 4521.6 4527.92 4522.9 4523.66 4532.81 4532.91 4523.32 4517.45 4514.85 4512.31 4509.72 4499.19 4489.8 4483.25 4481.98 4480.9
4365.41 4369.84 4368.34 4362.75 4357.67 4355.96 4356.47 4357.73 4359.57 4363.26 4368.02 4371.16 4372.59 4373.99 4375.49 4377.11 4379.1 4381.6 4384.29 4387.39 4391.18 4395.52 4399.11 4402.88 4406.98 4411.33 4415.5 4418.49 4418.42 4418.78 4419.58 4419.47 4419.84 4421.37 4422.78 4423.57 4424.89 4426.42 4429.37 4428.94 4428.85 4429.77 4431.41 4437 4443.77 4437.28 4443.09 4449.64 4462.47 4475.98 4483.06 4500.92 4522.23 4517.17 4517.78 4523.63 4522.12 4515.05 4511.11 4507.65 4504.67 4499.67 4493.13 4485.77 4484.13 4484.66 4485.82
4358.47 4359.42 4358.29 4358.06 4356.06 4356.99 4356.84 4356.76 4358.13 4360.97 4365.34 4369.19 4371.57 4373.24 4374.97 4376.59 4378.29 4379.91 4382.24 4385.41 4389.57 4393 4395.95 4400.29 4404.43 4408.92 4413.12 4415.26 4417 4418.38 4418.52 4419.13 4419.52 4420.33 4421.53 4422.34 4423.58 4424.82 4424.56 4426.76 4429.07 4431.68 4435.35 4443.42 4449.17 4435.36 4442.09 4453.86 4465.09 4470.2 4473.52 4479.33 4491.33 4499.23 4502.63 4502.2 4499.59 4500.42 4500.16 4498.96 4496.86 4493.53 4490.27 4489.36 4488.02 4488.91 4491.55
4356.08 4355.64 4356.81 4355.75 4354.83 4356.65 4356.03 4355.19 4354.88 4358.12 4363.6 4368.23 4370.29 4372.05 4373.84 4375.75 4377.49 4378.94 4379.82 4383.82 4387.79 4391.25 4392.86 4397.56 4402.02 4406.11 4408.7 4410.93 4414.74 4417.3 4419.09 4420.14 4420.17 4419.95 4419.13 4420.42 4422.15 4423.3 4424.35 4426.52 4429.36 4432.76 4435.81 4439.47 4446.68 4434.44 4443.5 4457 4467.17 4468.15 4466.26 4466.91 4473.2 4483.2 4487.19 4485.83 4483.32 4488.12 4491.26 4491.92 4491.15 4489.18 4486.96 4491.63 4490.69 4491.11 4493.04
4358.03 4358.35 4356.1 4354.57 4354.05 4354.69 4354.14 4353.47 4353.71 4356.4 4361.4 4366 4368.02 4370.33 4372.72 4375.18 4377.42 4379.71 4381.59 4384.14 4385.71 4387.9 4390.83 4395.61 4400.37 4404.58 4407.79 4410.78 4414.48 4417.01 4418.62 4419.1 4419.55 4419.03 4419.47 4419.54 4419.48 4421.36 4423.9 4426.3 4429.33 4433.37 4437.02 4438.04 4438.99 4437.02 4444.85 4454.8 4463.48 4466.57 4470.28 4467.79 4470.11 4474.72 4477.56 4477.82 4478.14 4481.81 4484.91 4486.45 4486.53 4486.14 4486.15 4488.1 4490.26 4492.1 4492.87
4356.24 4359.7 4357.15 4353.5 4350.5 4352.1 4351.86 4351.98 4352.5 4355.07 4358.53 4361.72 4365.07 4368.28 4371.26 4374.27 4377.34 4380.68 4385.14 4386.05 4383.79 4383.02 4389.85 4394.62 4399.4 4404.06 4408.17 4412.36 4414.7 4417.11 4417.27 4417.81 4417.93 4418.16 4418.8 4418.02 4418.94 4419.93 4420.97 4423.64 4428.77 4434.27 4439.99 4446.53 4445.65 4443.15 4445.75 4449.4 4451.88 4458.72 4465.65 4469.36 4469.72 4471.38 4473.24 4474.64 4476.67 4478.9 4480.92 4482.68 4483.76 4484.13 4484.52 4486.41 4489.87 4491.9 4493.18
