real_craters/C186-750m.grd
DSAA
224 224
-83.615 83.615
-83.615 83.615
2750.8322768074 5387.8001131762
[rows 114 to 151 of 224, columns 0 to 83 of 224]
4284 4280 4285 4287 4289 4291 4298 4320 4316 4309 4304 4297 4295 4296 4299 4303 4308 4316 4326 4315 4302 4290 4278 4270 4271 4273 4276 4279 4280 4281 4280 4278 4271 4272 4278 4284 4289 4292 4295 4299 4304 4309 4317 4340 4364 4380 4390 4401 4391 4376 4368 4372 4377 4387 4401 4406 4405 4398 4385 4400 4413 4412 4416 4421 4451 4496 4508 4516 4527 4533 4539 4546 4560 4578 4631 4650 4608 4630 4736 4828 4947 5039 5110 5125
4288 4285 4294 4293 4292 4292 4301 4315 4312 4308 4305 4301 4298 4299 4301 4306 4309 4316 4328 4329 4315 4301 4289 4279 4281 4283 4285 4288 4289 4291 4292 4293 4291 4293 4295 4299 4302 4306 4310 4315 4320 4328 4341 4369 4381 4392 4400 4409 4392 4373 4363 4367 4366 4377 4384 4404 4407 4407 4399 4402 4410 4414 4422 4437 4461 4493 4511 4524 4535 4537 4539 4546 4561 4597 4642 4678 4630 4650 4784 4923 4973 5019 5037 4962
4297 4304 4303 4300 4298 4297 4302 4305 4305 4302 4300 4297 4298 4304 4307 4310 4313 4313 4319 4325 4320 4310 4302 4297 4295 4295 4296 4297 4304 4306 4307 4310 4314 4313 4311 4312 4315 4319 4324 4329 4336 4347 4364 4382 4391 4396 4403 4395 4379 4376 4385 4380 4383 4380 4380 4394 4409 4408 4406 4410 4412 4418 4424 4435 4458 4475 4499 4523 4539 4539 4536 4538 4547 4575 4624 4677 4661 4692 4780 4912 4951 4959 4943 4878
4299 4304 4309 4310 4306 4306 4300 4296 4290 4295 4296 4296 4299 4305 4308 4305 4308 4310 4309 4315 4316 4313 4311 4310 4308 4307 4307 4308 4315 4317 4320 4324 4331 4329 4325 4325 4327 4330 4335 4341 4348 4358 4369 4388 4393 4390 4383 4374 4361 4371 4386 4389 4389 4386 4387 4404 4415 4423 4406 4408 4411 4418 4432 4444 4459 4475 4493 4518 4541 4533 4532 4531 4527 4540 4585 4626 4684 4747 4805 4874 4910 4904 4865 4791
4295 4293 4300 4307 4305 4303 4299 4300 4296 4294 4295 4299 4301 4302 4298 4294 4297 4298 4298 4303 4309 4312 4316 4319 4320 4319 4318 4322 4325 4328 4330 4332 4334 4336 4336 4338 4340 4343 4347 4352 4358 4367 4377 4387 4387 4382 4376 4366 4356 4376 4387 4389 4391 4391 4391 4398 4407 4414 4405 4400 4402 4416 4441 4458 4463 4468 4477 4500 4501 4527 4535 4533 4531 4536 4556 4593 4683 4823 4872 4883 4880 4860 4822 4779
4291 4289 4290 4292 4292 4289 4288 4293 4295 4296 4296 4297 4308 4304 4295 4295 4295 4295 4298 4298 4303 4311 4318 4325 4327 4326 4328 4332 4335 4339 4342 4340 4334 4343 4348 4350 4352 4355 4358 4362 4366 4372 4379 4383 4377 4369 4360 4353 4357 4366 4382 4384 4384 4384 4386 4385 4387 4390 4393 4393 4401 4419 4447 4463 4467 4476 4486 4507 4518 4536 4546 4550 4551 4545 4536 4537 4630 4776 4871 4877 4863 4832 4792 4776
4291 4289 4286 4285 4285 4285 4286 4287 4293 4298 4301 4303 4312 4308 4305 4303 4302 4304 4304 4304 4306 4311 4316 4318 4320 4325 4332 4338 4345 4351 4356 4358 4355 4359 4361 4362 4363 4363 4365 4366 4368 4371 4374 4371 4362 4357 4348 4342 4346 4358 4367 4371 4371 4372 4374 4373 4373 4378 4386 4382 4400 4425 4437 4450 4464 4484 4507 4520 4551 4550 4558 4568 4575 4558 4534 4525 4581 4715 4861 4859 4841 4816 4777 4782
4291 4289 4284 4282 4284 4281 4287 4285 4300 4301 4304 4307 4307 4307 4309 4310 4308 4308 4312 4315 4316 4318 4319 4314 4313 4326 4335 4344 4352 4362 4372 4382 4386 4379 4374 4372 4371 4370 4369 4369 4370 4369 4366 4361 4355 4352 4347 4346 4353 4360 4358 4359 4364 4371 4373 4363 4362 4369 4370 4374 4394 4406 4409 4427 4449 4470 4485 4510 4525 4545 4562 4582 4601 4573 4539 4529 4551 4580 4745 4836 4812 4790 4773 4808
4290 4287 4304 4284 4285 4294 4289 4287 4295 4299 4304 4309 4308 4306 4312 4314 4311 4317 4311 4314 4321 4324 4324 4324 4326 4332 4340 4349 4359 4369 4382 4399 4405 4391 4382 4376 4373 4371 4369 4368 4367 4365 4361 4354 4358 4353 4348 4346 4353 4358 4354 4352 4365 4377 4374 4365 4365 4369 4364 4364 4376 4384 4390 4411 4435 4459 4488 4506 4527 4541 4552 4573 4605 4568 4533 4515 4509 4547 4689 4757 4764 4756 4734 4779
4287 4273 4266 4294 4292 4290 4289 4289 4289 4298 4303 4306 4304 4306 4314 4314 4313 4315 4312 4302 4323 4329 4330 4332 4336 4339 4345 4353 4361 4371 4381 4391 4396 4390 4382 4377 4373 4370 4367 4366 4364 4362 4361 4361 4363 4357 4349 4346 4365 4367 4362 4364 4371 4373 4377 4375 4376 4377 4371 4365 4369 4373 4383 4400 4423 4447 4476 4490 4506 4516 4523 4524 4517 4532 4520 4502 4493 4531 4634 4657 4704 4733 4722 4736
4290 4284 4286 4311 4303 4290 4292 4296 4299 4300 4303 4305 4304 4309 4312 4310 4315 4321 4320 4320 4330 4332 4333 4336 4338 4344 4350 4356 4363 4370 4376 4379 4383 4383 4379 4376 4371 4368 4365 4362 4360 4359 4361 4365 4369 4360 4351 4347 4360 4368 4372 4378 4385 4388 4387 4382 4380 4380 4384 4378 4373 4367 4371 4392 4413 4432 4443 4459 4475 4485 4496 4494 4488 4505 4509 4507 4523 4534 4557 4590 4663 4736 4751 4719
4292 4292 4298 4289 4293 4298 4303 4297 4296 4301 4305 4306 4306 4312 4318 4312 4312 4324 4317 4320 4323 4328 4334 4339 4343 4348 4353 4358 4364 4368 4372 4374 4378 4378 4376 4373 4370 4367 4364 4360 4357 4355 4355 4355 4358 4358 4353 4351 4357 4366 4375 4386 4392 4403 4395 4382 4373 4370 4372 4382 4376 4379 4380 4391 4409 4426 4445 4460 4464 4470 4486 4504 4514 4511 4513 4517 4523 4540 4547 4544 4631 4741 4786 4728
4289 4285 4290 4304 4309 4318 4312 4303 4306 4309 4309 4308 4306 4311 4316 4335 4328 4324 4317 4320 4322 4326 4334 4342 4345 4351 4356 4360 4365 4368 4371 4375 4375 4375 4373 4371 4368 4365 4361 4358 4356 4353 4347 4344 4348 4354 4354 4352 4362 4371 4372 4372 4379 4389 4386 4371 4358 4355 4352 4356 4363 4364 4376 4388 4404 4421 4439 4452 4454 4458 4482 4507 4520 4517 4519 4523 4527 4556 4540 4528 4590 4689 4757 4730
4283 4285 4288 4297 4314 4321 4312 4306 4314 4316 4313 4311 4311 4317 4325 4329 4322 4320 4321 4323 4329 4332 4337 4343 4349 4355 4357 4361 4365 4369 4371 4375 4374 4373 4371 4369 4366 4363 4360 4357 4354 4351 4344 4341 4346 4357 4356 4354 4362 4371 4367 4363 4364 4367 4366 4359 4349 4345 4347 4346 4357 4361 4372 4387 4402 4416 4428 4438 4449 4462 4479 4493 4505 4513 4517 4525 4537 4537 4482 4481 4521 4569 4636 4712
4273 4288 4291 4293 4295 4302 4309 4314 4312 4317 4315 4314 4314 4320 4322 4322 4319 4320 4321 4318 4321 4333 4339 4344 4347 4350 4355 4360 4365 4370 4373 4373 4375 4376 4370 4367 4365 4362 4359 4356 4353 4351 4345 4346 4352 4362 4361 4360 4361 4365 4364 4361 4362 4363 4362 4351 4341 4337 4342 4353 4368 4385 4384 4393 4404 4415 4423 4430 4447 4462 4482 4490 4498 4504 4510 4518 4528 4532 4488 4462 4473 4512 4590 4695
4277 4292 4292 4293 4261 4286 4305 4307 4296 4306 4312 4315 4316 4314 4315 4323 4322 4324 4328 4322 4328 4334 4339 4343 4343 4344 4353 4359 4365 4372 4379 4386 4379 4376 4370 4366 4363 4360 4356 4353 4351 4350 4346 4351 4359 4360 4363 4369 4375 4369 4363 4358 4361 4361 4353 4346 4336 4331 4340 4367 4385 4392 4390 4398 4407 4415 4426 4437 4459 4481 4490 4500 4494 4491 4491 4495 4497 4482 4464 4450 4459 4509 4585 4681
4289 4300 4294 4295 4317 4305 4304 4305 4303 4299 4312 4321 4327 4327 4337 4325 4325 4325 4329 4325 4328 4332 4338 4342 4346 4350 4353 4358 4363 4370 4377 4381 4378 4375 4369 4364 4361 4359 4356 4354 4352 4352 4347 4350 4353 4354 4356 4363 4376 4371 4362 4357 4358 4356 4349 4345 4336 4331 4356 4384 4396 4381 4403 4403 4406 4414 4428 4447 4455 4465 4474 4477 4473 4471 4468 4463 4453 4436 4457 4473 4482 4518 4568 4643
4293 4293 4294 4286 4308 4306 4306 4303 4303 4308 4315 4326 4339 4353 4325 4322 4320 4320 4323 4322 4319 4332 4336 4340 4344 4353 4352 4354 4359 4366 4373 4376 4374 4372 4367 4363 4360 4358 4357 4354 4352 4353 4348 4349 4347 4349 4357 4360 4358 4358 4356 4355 4353 4355 4352 4352 4346 4345 4364 4378 4373 4372 4407 4396 4399 4406 4416 4424 4433 4441 4450 4457 4449 4447 4445 4440 4430 4434 4447 4459 4475 4470 4535 4609
4296 4298 4304 4312 4322 4313 4305 4306 4312 4312 4318 4327 4335 4332 4321 4324 4324 4316 4320 4324 4318 4321 4331 4336 4338 4338 4341 4346 4352 4359 4369 4372 4372 4367 4364 4360 4359 4358 4356 4355 4353 4354 4349 4349 4349 4354 4360 4362 4357 4352 4352 4354 4361 4359 4358 4359 4358 4359 4362 4366 4359 4357 4357 4373 4386 4395 4403 4409 4412 4409 4398 4401 4417 4421 4422 4422 4420 4420 4441 4461 4444 4469 4519 4582
4305 4310 4319 4322 4320 4315 4312 4309 4309 4311 4317 4325 4329 4326 4318 4328 4339 4326 4324 4321 4319 4325 4330 4332 4331 4326 4330 4338 4344 4348 4351 4359 4365 4362 4361 4358 4357 4356 4355 4354 4353 4352 4348 4349 4352 4353 4356 4359 4352 4346 4347 4349 4354 4361 4375 4379 4368 4363 4366 4364 4362 4360 4354 4363 4375 4384 4392 4397 4401 4397 4396 4390 4399 4405 4406 4407 4418 4422 4426 4431 4439 4454 4509 4565
4338 4342 4335 4332 4323 4317 4314 4315 4315 4311 4317 4323 4327 4329 4324 4333 4342 4334 4329 4324 4323 4324 4329 4331 4329 4326 4328 4334 4340 4342 4342 4350 4359 4358 4357 4356 4356 4355 4353 4351 4350 4345 4346 4347 4351 4355 4358 4359 4350 4344 4346 4345 4344 4356 4373 4378 4372 4368 4363 4365 4371 4368 4357 4359 4368 4376 4384 4388 4391 4389 4389 4395 4396 4398 4398 4392 4382 4406 4426 4445 4455 4476 4518 4562
4367 4356 4337 4332 4329 4317 4316 4321 4326 4321 4321 4323 4326 4330 4334 4336 4331 4329 4332 4330 4329 4333 4337 4334 4332 4329 4330 4335 4339 4343 4347 4351 4357 4361 4361 4355 4356 4355 4354 4353 4351 4348 4348 4348 4347 4351 4361 4355 4350 4348 4352 4348 4345 4353 4368 4374 4370 4367 4367 4365 4361 4358 4359 4361 4365 4372 4377 4379 4377 4381 4392 4400 4398 4397 4395 4389 4379 4394 4415 4437 4471 4504 4533 4568
4298 4324 4318 4317 4335 4326 4323 4324 4321 4321 4324 4325 4327 4327 4335 4339 4333 4338 4341 4336 4334 4343 4340 4336 4335 4336 4340 4340 4342 4347 4354 4355 4358 4363 4359 4355 4355 4355 4355 4355 4353 4351 4350 4350 4349 4351 4353 4346 4347 4347 4346 4344 4344 4351 4365 4365 4361 4363 4369 4365 4357 4353 4356 4359 4364 4369 4374 4377 4381 4376 4376 4394 4397 4397 4397 4400 4405 4403 4416 4445 4481 4514 4544 4571
4321 4313 4321 4319 4323 4324 4330 4330 4331 4333 4331 4329 4329 4331 4332 4334 4335 4343 4346 4340 4335 4334 4335 4337 4337 4338 4338 4342 4346 4350 4355 4357 4361 4363 4367 4358 4357 4359 4358 4358 4356 4356 4353 4353 4351 4350 4349 4348 4352 4353 4347 4338 4339 4347 4356 4354 4352 4355 4368 4364 4369 4358 4359 4360 4365 4369 4372 4378 4386 4383 4378 4389 4398 4399 4402 4410 4423 4423 4430 4462 4486 4520 4548 4569
4316 4311 4305 4315 4318 4329 4336 4335 4336 4335 4333 4330 4331 4334 4332 4334 4332 4337 4343 4344 4344 4342 4341 4340 4340 4340 4340 4346 4351 4356 4360 4361 4365 4366 4367 4359 4361 4363 4362 4361 4358 4355 4356 4358 4357 4356 4355 4360 4362 4363 4358 4351 4347 4351 4354 4352 4350 4346 4357 4352 4348 4363 4361 4364 4365 4366 4370 4378 4390 4391 4394 4406 4403 4403 4404 4407 4418 4445 4472 4461 4472 4533 4545 4556
4305 4309 4313 4317 4322 4314 4330 4330 4332 4328 4326 4328 4331 4331 4331 4327 4323 4333 4347 4348 4351 4354 4346 4344 4345 4347 4349 4353 4358 4362 4364 4366 4366 4367 4367 4365 4366 4367 4368 4368 4367 4366 4364 4363 4364 4365 4366 4373 4368 4363 4359 4352 4352 4356 4361 4361 4359 4349 4340 4332 4318 4322 4340 4360 4356 4357 4361 4367 4373 4384 4399 4400 4403 4404 4405 4403 4411 4442 4466 4457 4461 4511 4525 4533
4304 4306 4309 4312 4309 4316 4320 4324 4323 4322 4326 4331 4331 4328 4323 4321 4323 4332 4338 4348 4353 4354 4349 4349 4351 4353 4355 4360 4365 4370 4372 4371 4369 4368 4365 4369 4370 4372 4374 4374 4375 4376 4374 4372 4370 4374 4374 4376 4366 4356 4344 4342 4356 4362 4355 4362 4358 4349 4343 4327 4308 4301 4314 4325 4335 4344 4350 4354 4356 4364 4383 4395 4399 4404 4410 4413 4418 4428 4433 4439 4450 4468 4493 4503
4307 4305 4308 4314 4316 4318 4325 4321 4317 4317 4338 4339 4332 4328 4325 4327 4329 4336 4344 4348 4351 4355 4361 4357 4357 4358 4363 4367 4369 4372 4374 4374 4373 4370 4366 4373 4375 4377 4377 4381 4380 4383 4383 4381 4377 4363 4361 4367 4360 4346 4342 4352 4373 4382 4381 4368 4363 4358 4353 4339 4323 4313 4313 4313 4324 4336 4346 4349 4350 4355 4371 4385 4394 4405 4417 4432 4430 4419 4409 4417 4428 4445 4466 4472
4305 4304 4304 4315 4318 4318 4320 4322 4323 4329 4338 4335 4331 4329 4329 4330 4330 4334 4340 4345 4349 4355 4364 4364 4360 4360 4363 4367 4371 4378 4377 4376 4375 4371 4371 4380 4384 4386 4384 4385 4395 4392 4392 4391 4386 4376 4355 4361 4362 4361 4378 4392 4401 4414 4414 4385 4368 4358 4354 4344 4334 4329 4326 4321 4327 4339 4347 4352 4357 4363 4367 4373 4388 4402 4416 4429 4426 4414 4398 4406 4410 4445 4457 4451
4307 4307 4304 4312 4318 4318 4320 4324 4329 4338 4345 4335 4335 4332 4328 4327 4331 4332 4338 4344 4349 4352 4358 4358 4356 4356 4358 4362 4371 4379 4378 4377 4376 4374 4375 4382 4388 4389 4387 4391 4401 4399 4397 4395 4393 4389 4367 4365 4371 4376 4386 4400 4415 4434 4433 4402 4380 4358 4343 4332 4331 4334 4336 4336 4341 4348 4353 4359 4365 4374 4372 4379 4389 4401 4410 4411 4416 4413 4412 4411 4409 4410 4411 4429
4317 4312 4311 4315 4317 4317 4320 4327 4332 4342 4336 4335 4336 4333 4331 4328 4325 4332 4341 4348 4351 4353 4347 4345 4349 4352 4354 4359 4371 4383 4379 4379 4378 4378 4376 4380 4383 4384 4384 4387 4395 4398 4397 4398 4397 4396 4397 4387 4381 4379 4379 4385 4411 4441 4439 4413 4387 4357 4335 4323 4328 4338 4346 4350 4354 4361 4365 4367 4369 4371 4377 4383 4392 4401 4408 4412 4412 4410 4410 4412 4435 4427 4407 4428
4324 4320 4342 4325 4324 4321 4328 4330 4333 4334 4346 4336 4332 4333 4336 4338 4314 4324 4343 4350 4352 4354 4349 4343 4346 4350 4355 4360 4368 4375 4376 4377 4377 4377 4386 4379 4378 4379 4382 4385 4391 4396 4400 4401 4398 4402 4406 4403 4386 4375 4369 4372 4398 4432 4441 4412 4374 4350 4332 4323 4330 4342 4355 4365 4376 4378 4376 4374 4373 4375 4384 4393 4400 4405 4412 4417 4414 4407 4404 4418 4441 4457 4449 4443
4321 4318 4331 4332 4328 4335 4331 4330 4333 4337 4342 4337 4335 4334 4335 4345 4337 4346 4347 4347 4352 4355 4354 4349 4347 4351 4356 4361 4361 4364 4370 4374 4375 4374 4379 4376 4376 4377 4378 4382 4389 4393 4400 4403 4401 4404 4409 4399 4382 4364 4349 4353 4376 4411 4420 4395 4359 4341 4330 4326 4335 4346 4358 4378 4395 4392 4385 4378 4375 4380 4386 4390 4397 4408 4418 4421 4415 4403 4390 4382 4420 4442 4434 4446
4316 4316 4337 4326 4326 4336 4332 4329 4331 4337 4339 4339 4334 4334 4344 4353 4365 4363 4351 4345 4350 4353 4352 4344 4347 4352 4358 4365 4363 4364 4368 4372 4371 4374 4376 4378 4377 4377 4380 4382 4387 4392 4397 4406 4414 4413 4402 4387 4370 4355 4347 4352 4365 4373 4380 4372 4346 4331 4327 4332 4340 4354 4368 4390 4408 4402 4391 4380 4371 4370 4381 4385 4391 4415 4431 4433 4423 4407 4387 4380 4405 4425 4445 4445
4315 4314 4296 4290 4322 4323 4321 4320 4323 4329 4328 4321 4321 4325 4329 4339 4352 4349 4347 4351 4348 4347 4343 4344 4347 4353 4359 4365 4371 4371 4371 4374 4376 4378 4375 4376 4377 4379 4380 4378 4385 4389 4394 4401 4414 4406 4384 4364 4356 4348 4346 4360 4364 4348 4355 4348 4332 4323 4323 4326 4343 4362 4386 4401 4409 4403 4392 4380 4370 4370 4385 4395 4410 4428 4445 4446 4431 4414 4397 4387 4402 4423 4434 4436
4321 4324 4328 4310 4311 4304 4298 4305 4314 4319 4321 4319 4320 4321 4320 4326 4333 4335 4337 4342 4342 4342 4341 4343 4347 4354 4359 4363 4369 4372 4374 4375 4375 4376 4374 4376 4377 4378 4378 4379 4380 4381 4382 4384 4381 4378 4369 4359 4352 4345 4347 4353 4343 4339 4339 4334 4325 4319 4322 4332 4347 4365 4382 4394 4398 4397 4390 4383 4376 4378 4390 4406 4426 4438 4451 4449 4435 4420 4410 4402 4404 4425 4436 4430
4297 4295 4302 4303 4299 4303 4308 4308 4309 4310 4307 4317 4325 4325 4326 4327 4329 4332 4331 4333 4336 4338 4340 4344 4351 4355 4360 4364 4365 4373 4375 4375 4375 4375 4373 4372 4372 4372 4373 4371 4371 4371 4369 4366 4363 4356 4357 4358 4353 4347 4342 4341 4341 4339 4334 4333 4324 4324 4327 4338 4352 4363 4373 4380 4383 4385 4384 4386 4390 4393 4398 4415 4427 4439 4447 4445 4434 4422 4410 4402 4401 4405 4419 4414
4289 4300 4305 4302 4303 4308 4312 4306 4307 4308 4311 4326 4323 4323 4322 4320 4325 4327 4325 4327 4330 4334 4338 4341 4347 4354 4362 4373 4381 4379 4379 4379 4377 4376 4371 4372 4370 4369 4366 4365 4364 4361 4358 4352 4345 4345 4353 4359 4358 4354 4347 4343 4343 4341 4338 4337 4331 4332 4338 4346 4355 4360 4361 4358 4360 4362 4374 4390 4407 4416 4421 4436 4442 4447 4446 4441 4432 4421 4408 4403 4401 4387 4385 4380
