real_craters/C186-300m.grd
DSAA
558 558
-83.615 83.615
-83.615 83.615
2740.287285916 5387.4788885561
[rows 510 to 539 of 558, columns 67 to 133 of 558]
4300.91 4301.98 4302.99 4304.07 4305.18 4306.49 4307.53 4307.34 4310.42 4316.6 4317.04 4317.97 4318.59 4318.64 4318.34 4317.39 4317.02 4316.78 4316.07 4314.97 4310.33 4310.77 4312.19 4312.12 4311.29 4310.31 4311.59 4315.55 4319.1 4321.27 4322.61 4322.23 4322 4322.05 4322.56 4324.04 4326.01 4328.6 4333 4340.57 4340.64 4335.87 4333.9 4333.39 4333.74 4334.55 4335.01 4335.33 4334.54 4333.23 4332.03 4331.92 4332.26 4332.79 4333.44 4334.05 4334.44 4334.76 4335.08 4335.4 4335.87 4336.54 4337.54 4339.32 4341.07 4342.66 4344.02
4300.48 4301.54 4302.81 4303.92 4304.91 4305.59 4306.21 4307.5 4310.9 4313.97 4317.37 4319.07 4318.75 4318.27 4317.68 4317.3 4316.51 4315.48 4314.02 4311.4 4307.38 4307.23 4309.76 4310.87 4310.79 4310.16 4311.39 4314.29 4317.31 4319.58 4319.97 4320.32 4320.7 4321.13 4321.72 4322.77 4323.94 4326.03 4329.11 4332.98 4335.04 4333.39 4332.27 4332.22 4332.84 4334.09 4335.26 4335.82 4335.8 4334.87 4333.62 4332.96 4332.51 4332.39 4332.61 4333.01 4333.08 4333.14 4333.34 4333.59 4334.06 4334.85 4336.13 4338 4340.09 4342.25 4344.44
4301.05 4301.64 4302.27 4303.05 4304.07 4304.77 4305.36 4306.5 4308.8 4312.15 4318.99 4319.71 4318.01 4317.56 4317.25 4316.86 4316.03 4315.04 4313.49 4311.42 4309.3 4308.93 4310.49 4311.68 4312.2 4311.97 4312.68 4313.8 4315.07 4316.52 4317.57 4318.29 4318.81 4319.29 4319.81 4320.43 4321.18 4322 4322.47 4322.11 4325.1 4327.66 4328.92 4329.99 4331.08 4332.79 4335.33 4337.18 4336.88 4337.35 4336.08 4333.71 4332.39 4331.67 4331.3 4331.32 4331.38 4331.48 4331.57 4331.73 4332.18 4333.32 4334.8 4336.76 4339.23 4341.91 4344.76
4301.79 4301.65 4301.91 4302.52 4303.41 4303.96 4304.29 4304.56 4305.09 4307.55 4310.3 4313.05 4315.81 4316.59 4316.76 4316.67 4316.17 4315.37 4314.32 4313.14 4312.47 4312.43 4312.86 4313.54 4314.7 4315.81 4314.87 4313.72 4312.82 4313.62 4315.2 4316.03 4316.71 4317.23 4317.64 4317.93 4318.13 4318.14 4317.88 4317.48 4319.88 4322.75 4324.9 4326.6 4328.3 4330.07 4332.73 4335.55 4334.57 4334.78 4334.66 4332.81 4331.58 4330.68 4329.98 4329.66 4329.68 4329.74 4329.89 4330.1 4330.29 4330.39 4332.63 4335.44 4338.32 4341.36 4344.57
4301.06 4301.47 4301.95 4302.49 4303.02 4303.56 4303.99 4303.69 4302.6 4302.82 4308.27 4312.55 4314.75 4315.95 4316.47 4316.26 4316.03 4315.67 4315.3 4315.31 4315.55 4316.13 4315.03 4314.59 4315.49 4319.9 4315.26 4313.46 4312.81 4312.95 4313.62 4314.22 4314.77 4315.26 4315.58 4315.66 4315.53 4315.17 4314.95 4315.64 4317 4319.4 4321.56 4323.45 4325.22 4326.84 4327.87 4328.39 4330.11 4329.32 4330.24 4330.82 4330.37 4329.67 4329.03 4328.6 4328.32 4328.37 4328.54 4328.83 4329.17 4329.88 4331.62 4334.26 4337.19 4340.37 4343.66
4301.9 4301.13 4302.78 4303.29 4303.99 4304.53 4304.95 4305.21 4305.61 4307.59 4310.65 4313.11 4314.93 4316.15 4316.75 4316.93 4316.85 4316.59 4316.6 4316.76 4317.2 4317.05 4316.17 4314.11 4311.96 4309.45 4311.38 4311.77 4313.45 4312.53 4312.31 4312.58 4313.12 4313.7 4313.89 4314.02 4314 4313.36 4312.24 4312.29 4314.65 4317.01 4319.19 4321.12 4322.62 4324.12 4325.5 4326.86 4328.06 4329.27 4329.52 4329.66 4329.25 4328.5 4327.78 4327.22 4326.9 4326.95 4327.26 4327.84 4328.55 4329.1 4331.02 4333.27 4335.91 4338.82 4342.01
4293.37 4301.91 4304.69 4305.86 4306.49 4306.13 4306.89 4307.75 4309.04 4312.27 4314.07 4314.25 4315.94 4316.86 4317.33 4317.43 4317.39 4317.3 4317.32 4317.48 4318.08 4319.31 4316.51 4313.33 4309.91 4307.15 4308.32 4308.78 4308.01 4309.93 4310.59 4311.13 4311.64 4312.19 4312.93 4313.11 4313.51 4312.87 4311.7 4311.91 4313.66 4315.84 4317.64 4319.24 4320.7 4321.96 4323.1 4325.17 4327.04 4328.03 4329.42 4329.45 4328.6 4327.49 4326.43 4325.65 4325.26 4325.4 4326.02 4326.95 4328.21 4329.52 4330.44 4332.05 4334.18 4336.7 4339.67
4307.92 4307.2 4308.22 4308.86 4309.02 4308.68 4309.01 4310.32 4312.96 4316.45 4317.72 4317.74 4317.98 4318.03 4318.13 4318.01 4317.76 4317.55 4317.3 4317.06 4317.13 4316.71 4314.95 4312.56 4310.35 4308.48 4307.39 4307.11 4307.57 4308.09 4308.92 4310.02 4310.96 4311.66 4313.05 4313.31 4312.05 4312.21 4312.27 4312.54 4313.85 4315.32 4316.62 4318.25 4319.48 4320.9 4322.88 4326.4 4329.5 4330.31 4331.14 4330.2 4328.28 4326.24 4324.73 4323.86 4323.48 4323.97 4324.65 4325.71 4327.31 4328.6 4329.15 4330.19 4331.69 4333.7 4336.1
4309.42 4311.72 4311.31 4311.96 4311.49 4311.26 4310.73 4311.27 4313.47 4316.85 4320.17 4320.77 4319.66 4319.08 4318.64 4318.13 4317.62 4317.11 4316.56 4316.14 4315.3 4314.01 4312.67 4311.49 4310.36 4308.71 4306.86 4305.82 4305.68 4306.74 4307.9 4309.64 4310.21 4311.87 4310.67 4311.5 4311.55 4312.99 4314.01 4314.26 4315.23 4316.08 4316.75 4317.33 4318.12 4320.1 4324.28 4329.49 4334.84 4337.13 4334.95 4331.76 4328.13 4324.66 4322.37 4321.57 4321.44 4322.09 4322.85 4323.95 4325.49 4326.52 4326.84 4327.46 4328.45 4329.76 4331.3
4316.26 4316.89 4315.02 4312.92 4311.78 4312.46 4311.96 4311.66 4312.22 4315.9 4322.94 4320.58 4319.84 4319.01 4318.23 4317.55 4316.75 4316 4315.17 4314.65 4313.56 4312.01 4310.93 4310.36 4309.33 4307.89 4306.14 4304.68 4304.59 4306.09 4307.57 4307.77 4308.68 4309.61 4309.3 4310.32 4312.42 4314.94 4316.67 4316.72 4316.53 4316.93 4316.75 4316.65 4316.13 4316.92 4324.1 4330.7 4339.07 4341.68 4338.22 4333.12 4327.76 4322.68 4319.54 4319.14 4319.31 4320.27 4321.01 4321.78 4322.93 4323.63 4323.84 4324.2 4324.66 4325.21 4325.8
4320.8 4319.37 4315.53 4313.45 4312.8 4311.3 4311 4312.01 4311.6 4312.43 4315.02 4318.44 4319.29 4318.54 4317.84 4316.96 4315.8 4314.87 4313.61 4312.68 4311.84 4311.19 4310.55 4309.37 4309.21 4307.64 4305.84 4303.78 4303.62 4304.75 4306.19 4306.33 4307.12 4307.82 4309.66 4312.84 4314.02 4315.62 4317.76 4317.6 4317.12 4317.37 4318.1 4318.23 4316.07 4309.71 4310.78 4328.18 4342.93 4345.4 4340.22 4333.52 4326.91 4320.93 4317.36 4316.93 4317.71 4318.38 4318.99 4319.27 4319.79 4320.29 4320.53 4320.66 4320.65 4320.46 4320.05
4312.52 4312.78 4313.5 4312.98 4312.83 4313.5 4312.81 4311.86 4312.13 4312.41 4313.9 4316.64 4318.3 4318.04 4317.57 4316.89 4315.74 4313.86 4313.44 4312.31 4311.19 4309.83 4308.55 4308.66 4306.85 4307.6 4306.85 4305.37 4305.3 4305.18 4306.4 4307.69 4307.97 4308.58 4312.21 4312.66 4313.64 4314.42 4316.17 4316.5 4316.83 4317.78 4319.7 4322.15 4323.62 4317.72 4308.04 4334.49 4349.09 4347.58 4340.07 4332.38 4325.36 4319.25 4315.92 4315.52 4315.96 4316.48 4317.02 4317.32 4316.77 4317.36 4317.46 4317.23 4316.67 4315.81 4314.65
4310.19 4310.85 4312.37 4313.02 4312.54 4312.59 4312.8 4312.56 4312.39 4312.82 4313.61 4315.87 4317.21 4318.52 4317.8 4316.22 4314.78 4313.73 4312.1 4311.16 4310.28 4309.63 4309.59 4310.16 4310.8 4310.15 4309.5 4308.11 4308.03 4307.59 4307.8 4310.08 4310.34 4311.07 4311.98 4311.45 4312.1 4312.58 4313.21 4314.42 4315.51 4317.14 4320.04 4325.82 4336.36 4352.83 4358.42 4351.1 4351.07 4344.72 4336.27 4328.93 4322.93 4318.28 4315.34 4314.23 4314.38 4314.93 4315.64 4316.11 4315.79 4315.54 4314.97 4314.08 4312.98 4311.55 4309.88
4308.59 4309.43 4311.77 4312.73 4313.12 4312.89 4312.99 4313.05 4313.42 4314.08 4315.52 4319.2 4322.81 4319.65 4317.41 4315.45 4313.53 4312.15 4310.8 4309.85 4309.44 4309.72 4309.69 4312.35 4313.67 4312.67 4312.85 4313.25 4311.86 4310.59 4311.11 4311.41 4311.5 4310.68 4310.9 4310.47 4310.86 4310.8 4311.43 4312.46 4313.42 4314.72 4317.03 4322.44 4335.35 4362.26 4367.27 4348.29 4343.86 4334.03 4327.8 4322.88 4318.69 4315.83 4313.5 4312.8 4312.44 4313.15 4314.19 4315.48 4315.42 4314.51 4312.81 4311.15 4309.47 4307.72 4305.74
4307.17 4308.96 4311.11 4312.3 4312.94 4312.69 4313.21 4313.85 4315.24 4317.34 4319.83 4322.99 4322.57 4319.14 4316.53 4314.38 4312.22 4310.4 4308.84 4307.87 4307.74 4308.98 4313.57 4311.57 4311.62 4312.65 4314.39 4317.15 4314.49 4311.71 4309.98 4310.21 4310.51 4309.66 4309.67 4310.39 4310.55 4310.58 4310.88 4311.1 4311.38 4311.14 4310.88 4310.44 4311.07 4317.29 4320.44 4310.37 4307.55 4314.94 4316.84 4315.61 4312.96 4310.21 4309.56 4308.66 4309.81 4310.69 4312.07 4314.42 4316.59 4312.95 4310.27 4308.19 4306.29 4304.38 4302.27
4307.51 4305.66 4309.96 4311.69 4312.51 4313.69 4314.33 4315.54 4316.9 4320.97 4328.65 4331.61 4321.31 4317.3 4315 4312.91 4310.93 4309.2 4307.61 4306.14 4304.99 4304.51 4303.54 4304.09 4307.07 4311.12 4312.91 4312.76 4312.57 4310.22 4308.71 4308.15 4307.87 4308.5 4309.81 4310.27 4310.39 4309.95 4309.96 4310.11 4309.59 4308.09 4305.21 4299.04 4285.42 4259.02 4273.33 4284.57 4288.2 4302.94 4308.79 4309.59 4308.08 4305.77 4305.59 4305.51 4306.69 4307.36 4308.37 4310.04 4310.62 4308.8 4306.66 4304.79 4303.04 4301.37 4299.55
4306.97 4307.82 4310.89 4312.29 4313.24 4313.69 4314.64 4315.64 4317.14 4319.71 4330.9 4338.33 4322.47 4315.99 4313.43 4311.72 4309.82 4307.91 4306.02 4304.06 4302.16 4300.47 4299.49 4303.99 4309.3 4310.8 4310.99 4311.31 4309.52 4308.96 4308.19 4307 4306.96 4307.33 4308.45 4309.54 4310.02 4310.69 4310.34 4309.68 4308.58 4306.86 4303.92 4298.26 4287.16 4269.16 4282.03 4304.43 4307.83 4305.84 4306.38 4306.29 4305.2 4303.69 4303.21 4303.22 4303.37 4303.43 4303.47 4303.64 4303.89 4303.16 4302.15 4300.93 4299.69 4298.35 4297
4305.23 4306.33 4311.08 4312.39 4313.45 4314.07 4314.88 4315.86 4317.02 4317.86 4318.88 4317.64 4316.8 4313.79 4312.33 4311.17 4309.54 4307.54 4304.83 4302.35 4299.91 4297.74 4297.7 4312.03 4315.18 4309.53 4306.84 4305.73 4306.25 4306.88 4306.87 4305.77 4306.24 4306.84 4307.32 4308.35 4310.5 4311.12 4310.97 4309.63 4308.17 4307.06 4306.02 4305.67 4307.72 4311.22 4307.25 4314.21 4314.46 4308.27 4305.68 4304.48 4303.55 4302.5 4301.6 4300.5 4299.94 4299.5 4298.94 4296.35 4296.02 4297.81 4297.67 4297 4296.07 4295.21 4294.44
4305.29 4306.62 4309.97 4312.23 4313.72 4315.15 4315.48 4316.12 4316.79 4317.88 4319.35 4318.45 4315.3 4313.12 4312.55 4311.03 4309.26 4306.84 4304.13 4301.07 4298.12 4295.53 4294.22 4294.33 4302.59 4304.11 4302.95 4302.42 4303.18 4303.89 4304.18 4303.83 4304.15 4305.32 4305.34 4307.47 4310.03 4312.79 4311.52 4308.97 4307.61 4306.99 4307.51 4310.73 4318.37 4329.12 4314.63 4305.36 4305.7 4304.93 4303.5 4302.13 4301.38 4300.39 4298.8 4297.42 4296.37 4295.71 4295.82 4297.44 4295.9 4294.05 4293.54 4293.07 4292.6 4292.29 4292.02
4306.3 4307.63 4310.95 4312.69 4313.94 4314.97 4315.74 4316.05 4316.89 4317.7 4318.04 4319.44 4316.85 4314.26 4313.73 4312.23 4310.07 4307.16 4303.89 4300.41 4297.24 4294.14 4291.78 4292.17 4295.28 4298.78 4300.65 4300.72 4300.55 4300.36 4299.89 4301.1 4301.27 4301.68 4302.69 4304.41 4306.83 4311.25 4308.83 4306.36 4305.27 4305.36 4306.33 4308.61 4311.13 4311.28 4307.83 4301.76 4300.49 4300.51 4300 4299.36 4298.48 4297.07 4295.73 4293.98 4292.4 4291.43 4291.26 4290.88 4290.72 4289.8 4289.39 4289.28 4289.2 4289.25 4289.34
4305.88 4305.51 4311.68 4312.64 4313.39 4314.22 4314.95 4316.1 4317.17 4318.38 4320.04 4322.33 4319.58 4317.79 4316.8 4315.1 4312.22 4308.68 4304.64 4300.56 4296.87 4293.22 4290.05 4288.77 4290.81 4294.37 4298.65 4298.48 4297.77 4297.17 4296.35 4296.42 4296.15 4296.72 4297.01 4297.6 4299.23 4300.65 4301.22 4300.9 4300.97 4301.57 4302.67 4303.63 4302.23 4301.46 4300.59 4297.89 4297.28 4296.96 4296.65 4296.7 4297.01 4295.1 4292.28 4290.45 4288.66 4286.9 4285.15 4284.14 4284.27 4284.68 4284.97 4285.27 4285.67 4285.89 4286.21
4303.23 4303.96 4308.68 4311.39 4312.27 4313.68 4314.17 4315.53 4317.64 4318.5 4320.66 4320.3 4320.25 4319.81 4321.11 4319.08 4314.56 4310.01 4305.56 4300.9 4296.52 4292.6 4289.32 4285.72 4286.97 4289.73 4290.68 4293.45 4294.15 4293.23 4292.18 4291.83 4290.61 4289.56 4289.78 4289.84 4289.73 4290.02 4292.33 4294.24 4295.55 4296.91 4298.55 4300.24 4300.08 4298.1 4297.78 4295.76 4294.79 4293.97 4293.09 4292.59 4292.5 4290.96 4288.5 4286.05 4284.2 4281.9 4279.66 4277.15 4278.92 4279.85 4280.55 4281.09 4281.85 4282.22 4282.63
4302.33 4305.3 4308.06 4311.28 4312.62 4314.87 4315.58 4316.24 4317.03 4317.41 4317.76 4318.81 4323.09 4328.19 4327.93 4323.07 4317.92 4312.25 4306.6 4301.38 4296.41 4292.38 4289.76 4286.27 4284.63 4287.35 4289.32 4290.07 4289.93 4289.15 4288.13 4286.39 4285.19 4285.35 4284.29 4282.93 4281.77 4282.04 4284.55 4287.15 4289.43 4291.32 4293.05 4295.54 4301.96 4300.88 4297.21 4295.2 4292.89 4291.42 4289.64 4287.1 4284.67 4284.15 4283.23 4281.65 4279.93 4278.17 4276.4 4275.52 4275.44 4276.31 4277.19 4277.97 4277.86 4278.39 4278.8
4309.68 4309.2 4310.67 4312.53 4313.05 4314.72 4315.33 4315.74 4314.97 4314.89 4314.98 4317.96 4325.94 4339.01 4332.28 4325.31 4319.31 4313.34 4307.04 4301.38 4296.2 4291.3 4287.54 4285.2 4284.21 4286.21 4288.72 4288.06 4287.25 4286.16 4284.89 4284.44 4282.87 4281.24 4279.56 4277.67 4275.4 4275.72 4278.57 4281.37 4283.98 4286.12 4287.72 4287.69 4284.49 4288.37 4291.14 4291.14 4289.82 4288.58 4286.62 4283.18 4279.4 4279.81 4279.44 4278.34 4276.67 4274.88 4273.48 4272.65 4272.5 4273.11 4273.83 4274.59 4275.44 4275.89 4276.1
4319.95 4314.02 4308.87 4310.43 4313.88 4316.04 4314.98 4314.4 4313.71 4312.13 4311.05 4314.05 4321.68 4323.56 4326.04 4324.78 4320.65 4315.27 4309.03 4302.74 4296.38 4290.32 4284.49 4281.47 4281.66 4284.38 4285.81 4285.31 4284.27 4283.13 4282.21 4280.9 4279.62 4277.66 4275.58 4273.78 4272.39 4272.43 4274.52 4276.93 4279.36 4281.77 4283.77 4284.29 4282.22 4283.98 4285.21 4286.23 4286.46 4285.91 4285.07 4283.34 4279.93 4278.99 4277.53 4275.72 4273.71 4271.92 4270.32 4269.58 4269.57 4270.18 4270.87 4272.12 4272.73 4273.1 4273.14
4327.62 4318.57 4311.78 4311.74 4316.62 4319.02 4317.54 4314.52 4311.83 4309.63 4308.41 4309.12 4313.39 4320.7 4325.57 4324.9 4320.4 4314.56 4308.32 4302.01 4295.69 4289.53 4283.66 4281.17 4281.15 4284.3 4284.39 4282.83 4281.52 4280.45 4278.98 4277.65 4275.86 4274.2 4272.44 4270.73 4270.39 4269.94 4271.01 4272.8 4274.87 4277.12 4280.53 4285.36 4287.98 4285.49 4282.87 4283.48 4283.98 4283.84 4283.98 4286.77 4287.38 4280.27 4276.22 4273.56 4271.12 4269.01 4267.16 4266.57 4267.1 4268.06 4268.97 4269.04 4269.57 4270.14 4270.69
4331.49 4318.07 4314.34 4316.24 4322.1 4323.16 4320.61 4317.26 4312.04 4307.98 4306.03 4305.15 4310.02 4323.19 4330.07 4324.31 4319.24 4313.61 4307.45 4301.38 4295.31 4290.06 4286.26 4286.14 4285.18 4284.54 4281.88 4278.84 4278.14 4277.61 4276.68 4275.47 4273.81 4271.59 4269.46 4267.87 4266.15 4266.43 4267.32 4268.61 4270.19 4272.46 4275.53 4281.37 4290.12 4285.03 4282.63 4282.7 4282.61 4281.7 4279.98 4277.86 4278.44 4275.94 4273.8 4271.52 4269.31 4266.78 4263.45 4263.52 4265.14 4266.42 4267.3 4268.09 4268.59 4268.72 4267.96
4321.57 4304.23 4298.75 4319.84 4329.5 4328.61 4324.09 4318.01 4311.52 4306.54 4303.54 4302.33 4304.29 4314.15 4319.76 4319.89 4316.21 4311.04 4305.5 4300.1 4295.02 4290.75 4288.86 4292.63 4296.99 4271.39 4268.89 4274.41 4275.38 4275.3 4274.46 4273.23 4271.57 4269.82 4267.75 4265.96 4264.02 4264.07 4264.56 4265.25 4266 4266.9 4268 4268.71 4271.56 4279.6 4282.79 4282.94 4281.98 4280.19 4277.08 4269.53 4267.14 4270.93 4271.11 4269.75 4268.12 4266.18 4264.54 4263.95 4264.64 4265.57 4266.37 4266.98 4267.29 4267.31 4266.5
4285.32 4281.31 4282.13 4328.47 4336.24 4330.7 4324.5 4319.07 4312.43 4305.99 4301.89 4299.37 4300.81 4307.05 4312.28 4315.46 4312.58 4308 4303.15 4298.17 4293.95 4290.48 4288.65 4291.74 4295.05 4287.91 4277.08 4275.15 4274.6 4273.89 4273 4271.61 4270.23 4268.39 4266.49 4264.99 4263.66 4262.85 4262.43 4262.4 4262.26 4262 4261.89 4261.59 4267.05 4277.98 4283.17 4283.57 4281.54 4279.22 4278.42 4280.76 4275.52 4271.07 4269.8 4268.49 4267.44 4266.61 4267.61 4265.15 4264.72 4264.9 4265.42 4266.08 4265.9 4265.87 4265.08
4250.21 4270.08 4288.39 4323.94 4334.82 4328.89 4321.82 4316.45 4311.75 4306.04 4301.57 4297.52 4295.74 4303.56 4320.49 4312.34 4308.39 4304.45 4300.36 4296.53 4293.1 4290.12 4288.19 4287.22 4282.03 4281.26 4280.2 4277.14 4275.16 4273.55 4272.4 4270.99 4269.64 4267.82 4265.79 4264.11 4262.47 4261.56 4261.04 4260.96 4260.22 4259.38 4258.45 4258.78 4266.58 4282.69 4288.45 4283.6 4279.83 4276.75 4274.69 4275.87 4273.7 4269.65 4268.17 4267.56 4266.43 4265.29 4264.41 4264.32 4264.07 4264.03 4263.79 4264.67 4264.47 4264.48 4265.36
