real_craters/C186-1000m.grd
DSAA
97 97
-47.78 47.78
-47.78 47.78
9499.6844859947 12446.137251584
[rows 60 to 89 of 97, columns 0 to 66 of 97]
12035.9 12037.7 12035.2 12034.1 12033.2 12033 12025.9 12026.6 12029.5 12021.7 12018 12016.3 12014.8 12011.1 12009.5 12013.3 12015.5 12012.9 12043.7 12104.5 12171.5 12195.9 12212 12159.4 11888.4 11616 11429.1 11272.8 11129.2 11011.6 10985.3 11030.9 10970.9 10874 10732.1 10592.3 10537.5 10569.1 10565.2 10557.5 10547.9 10531.3 10533.5 10554 10568.3 10578.2 10583.8 10588.5 10592.8 10593.8 10597.7 10598.3 10593.6 10590.1 10588.4 10592.9 10598.4 10616.2 10635.1 10670.8 10768 10873.2 10995.5 11166.3 11337.1 11433.6 11438.1
12033.8 12032 12032.2 12032.5 12032.2 12031.5 12028.4 12023.5 12011.6 12009.6 12012.2 12012.7 12012.7 12010.5 12011.7 12015.4 12016.1 12020.3 12040 12073.8 12101.7 12139.8 12156.8 12153.3 12086 11841.1 11613 11413.6 11246.9 11121.1 11099 11238.8 11215 11050.4 10847.1 10665.3 10578.5 10564.8 10600.9 10588.8 10574.1 10566.7 10568.9 10574.4 10586.1 10592.2 10599.2 10605.9 10604.8 10604 10614.7 10616.1 10613.3 10598.6 10593.3 10604.1 10617.7 10630.9 10674.3 10762.7 10904 10994.4 11105.4 11227.1 11347 11427.6 11427.7
12031.9 12030.5 12030.3 12031.7 12032 12029.5 12024.4 12017.1 12012.2 12006.5 12008.2 12010.3 12011.6 12012.5 12017.5 12022.2 12023.2 12018.5 12034.5 12051.3 12073.5 12096.1 12121.7 12174.2 12179 11986.1 11760.6 11547.6 11349.8 11171.5 11139.8 11283.7 11407.3 11166.9 10934.6 10737.1 10635.3 10603.4 10643.9 10625.9 10606.1 10587.2 10586.6 10596.6 10604.2 10611.8 10618.2 10624.2 10614.7 10619 10628.9 10630.9 10631.1 10615.7 10608.4 10618.8 10640.4 10678.1 10761.5 10902.9 11035.3 11135.9 11198.4 11281.1 11375.3 11437 11452.1
12028.9 12027.1 12028.6 12031.5 12035.3 12034 12026.6 12019.9 12011.8 12007 12008.3 12010.7 12012.6 12012.6 12027 12031.8 12032.2 12028.3 12039 12047.5 12053 12072.7 12095.5 12149.7 12186.1 12070.3 11886.6 11683.2 11464.4 11242.8 11164.3 11243.9 11218.6 11133.6 10970.1 10814.5 10711.8 10672.8 10680.2 10656.6 10632.9 10623.1 10622 10619.8 10623.9 10628.5 10632.9 10633.3 10629.5 10636.8 10642.1 10644.6 10640.5 10640.9 10640.2 10644.2 10665.9 10728.7 10837 10961.4 11055.5 11120.9 11228.2 11329.7 11423.3 11490.4 11531.5
12027.7 12025.2 12026.7 12030.2 12035.3 12032.8 12011.5 12007.8 12006 12006.1 12010.1 12014.5 12019.2 12025.2 12040.4 12040.7 12038.9 12044.8 12049.9 12059.1 12058.2 12062.6 12084.7 12094.7 12120 12095.5 11954.1 11773.2 11577.7 11374.4 11228 11216.6 11204.8 11108.7 10983.1 10859.2 10771 10741.7 10742.9 10718.9 10672.2 10638.4 10635.2 10639.6 10651.1 10654.2 10651.5 10649.3 10645.8 10654.3 10666.3 10669.4 10671.2 10679.6 10683.9 10677.1 10709.9 10782 10917.8 11009.8 11093.3 11157.7 11277.2 11386.8 11479 11554.7 11654.6
12026.5 12021.1 12023.9 12027.5 12031.8 12027.3 12013.9 12006.4 12003.5 12009.3 12014.6 12021.2 12030.1 12039.9 12054 12044.1 12052.2 12056.8 12053.3 12054.3 12048.8 12050.1 12058.2 12090.1 12147.8 12146.5 12012.2 11848.7 11689.7 11557.9 11415.4 11302.9 11195.2 11096.5 11014.3 10914.5 10839.3 10828.2 10832.7 10809.3 10769 10677.9 10660 10668.3 10684.6 10693.2 10676.7 10669.1 10667.1 10678.8 10696.1 10700.9 10720 10733.5 10728.5 10789.2 10869.4 10937.3 11041.1 11156.1 11174.4 11267.5 11365 11474.4 11571.5 11615.9 11790.7
12019.9 12020.9 12021.2 12023.9 12028.1 12026.3 12014.2 12007 12005.5 12012.2 12017.4 12025.2 12036.1 12052.7 12044 12031.2 12032.1 12045.4 12044.3 12042.4 12043.5 12050.2 12076.5 12165.2 12207.3 12183 12062.2 11925 11782.9 11652.5 11589.5 11454.8 11302.3 11187.6 11116 11022.3 10938.9 10960.8 10985.4 10964.6 10889.7 10780.9 10741.8 10750.4 10753.7 10727.5 10727.7 10715.4 10698.8 10711.3 10730.3 10738.6 10774.1 10807.6 10889.2 11023.5 11070.6 11103.5 11110.2 11159.6 11249 11370.4 11465 11584.8 11691.9 11819.6 12034.7
12017.8 12016.7 12018.3 12020.4 12026.1 12028.1 12015.6 12007.4 12005.6 12010 12016.4 12024.4 12028.5 12026.2 12019.1 12022.1 12023.4 12029.8 12031 12028.9 12031.7 12040 12056.8 12109.8 12158.8 12148.6 12082.2 11981.6 11859.5 11722.8 11694 11648.4 11516.9 11362.3 11271.2 11200.1 11132.9 11162.5 11208 11175.7 11040.9 10912.4 10888.2 10909.9 10895.6 10820.6 10799.6 10773.7 10749.1 10767.6 10790.8 10809.4 10851.7 10885.4 10944.6 11041.6 11076 11106.2 11131.4 11176.8 11307.2 11422.2 11549.3 11688.9 11834.4 12019.7 12113.5
12013 12014.5 12015.8 12016.8 12021.9 12028.8 12017.6 12012.2 12007.5 12005.1 12014.3 12023.5 12030.9 12026 12016.4 12025.6 12029.8 12024.4 12022.7 12018.3 12014.6 12031.8 12053.9 12103.1 12139.9 12153.5 12118.1 12060.4 12002.4 11971.2 12029.7 12017 11747.8 11547 11488.5 11444.1 11427.9 11442.5 11450.7 11459.5 11439.2 11261 11083.2 11054.2 11072.9 11055.6 10934.8 10899 10816.5 10854.9 10878.6 10891.8 10925.2 10987.6 11074.8 11116.8 11143.8 11169.2 11209.2 11295.4 11418.8 11510.5 11648.3 11776 11912.5 12035.9 12043.4
12012.5 12013.4 12014.8 12016.8 12022.6 12032.1 12027.7 12012 12014.2 12011 12014.2 12019.1 12026.6 12024.7 12018.1 12015.6 12014.5 12016.5 12021.3 12027.1 12040.5 12050.8 12076.2 12113.1 12152.5 12201.1 12152.5 12122.4 12123.7 12151.8 12163.5 12118 11941.9 11801.5 11740.1 11704.5 11763 11713.2 11662.7 11684.9 11658.3 11488.4 11326.6 11296.8 11208.9 11153.1 11168.3 11087.7 11058.1 10971.5 11016.2 11011.5 11050.6 11120.8 11204.7 11267.8 11238.9 11267.9 11313.5 11407.1 11484.1 11648.4 11780.6 11890.3 11969.3 11990.9 11988.1
12012.6 12013.3 12015.5 12019.1 12026.4 12036.4 12033.6 12016.1 12018.6 12016.6 12012.7 12010.5 12008.2 12008.4 12006.1 12003.9 11997.7 12008.5 12019.6 12033.9 12050 12048.9 12087.2 12139.7 12141.8 12138.5 12144.1 12148 12162.6 12167.5 12128.5 12088.7 12063 12045.9 11941.2 11874.3 11837 11785.2 11757.6 11762.2 11729.1 11604.5 11479.2 11402.4 11320.2 11262.9 11234.4 11195.6 11172.1 11172 11243.5 11324.3 11302.3 11351.5 11404.4 11326.6 11298.1 11417.2 11525.9 11695.9 11893.1 11924.3 11953.1 11992.2 12053.9 12086.7 12068.9
12017.1 12018.2 12020.7 12022.7 12031 12040.1 12037.6 12024.3 12015.6 12009.4 12007.6 12006.6 12000.9 12001.5 12001.5 11999.2 11999.2 12006.5 12016.6 12030 12047.8 12070.6 12091.8 12112.7 12106.2 12099.7 12113.6 12142.1 12168.4 12168.3 12137.4 12131.4 12107.8 12074.5 12024.6 11960.8 11869.9 11808 11818.6 11779.7 11719.5 11689.4 11599.3 11494.2 11424.2 11373.7 11342.4 11319.8 11317.7 11354.3 11451.8 11544.5 11575.6 11634.3 11499.1 11463.4 11503.5 11693.2 11875.6 12032.3 12189.9 12161.9 12093.9 12067 12078.3 12136.3 12052
12019.9 12019.5 12020.1 12023.6 12037.2 12044.9 12042 12024.3 12014.9 12009.7 12008.8 12009 12009 12002.9 11999 11999 12002.4 12004.3 12009.7 12016.9 12023.7 12052.4 12061.2 12063.2 12063.5 12058.5 12078.5 12119 12157.7 12166 12140.8 12125.7 12116.2 12095.9 12077.1 12051.2 12003.7 11981.3 11938 11865 11795.5 11794.6 11717.2 11632.3 11597.2 11585.6 11582.4 11591.5 11588.2 11594.2 11675 11707.6 11680.2 11624.3 11590.6 11714.7 11893.5 12007 12203.9 12230.2 12250.8 12249.2 12152.2 12068.6 11993.5 11936 11920.8
12024.8 12020.2 12017.8 12023.1 12037.5 12052.5 12049.8 12032.2 12020.7 12016.3 12012.9 12009.3 12008.9 12001.2 11996.6 11994.4 11996.3 12001.2 12006.4 12009.6 12012 12025.1 12037.5 12041.3 12036.9 12033.9 12052.5 12093.2 12137 12147.1 12143.3 12117.5 12131.9 12143.9 12151.1 12146.6 12146 12132.6 12105.5 12088.5 12037.1 12031.8 11989.2 11994.3 11974.6 12003.2 12032.3 12046.6 12048.9 12001.9 12006.1 11895.8 11830.6 11773.6 11893.7 12017.4 12178.2 12191.2 12232.9 12356.2 12387 12251 12109.4 12020.5 11960.1 11953.7 11962
12031.8 12022.8 12017.4 12021.8 12033.1 12049 12045.7 12026.7 12015.1 12009.9 12005.9 12000.7 11997.3 11995.4 11991.9 11987.9 11991.5 12000.1 12007.3 12013.2 12014.8 12023 12028 12019.8 12015.5 12022.5 12042.1 12069.9 12098.5 12132 12159.1 12190.8 12196.1 12222.6 12245.1 12232.1 12257.4 12305 12226 12227.2 12344.7 12272.9 12307 12374.1 12405 12306.2 12339.2 12422.4 12400.1 12323.3 12300.9 12206 12191.2 12158.5 12188.6 12194.7 12234.1 12292.7 12317.7 12315.2 12222.3 12070.1 12002.3 11953.5 11918 11965 12006.8
12026.4 12023.7 12027.7 12023 12026 12037.1 12030.7 12005.2 11997.9 11995.2 11995.1 11992.4 11989.8 11990.1 11988.8 11984.2 11992.3 12001.2 12010.9 12021.8 12031 12035 12014.5 11973.2 11996.5 12021.8 12044.8 12055 12067.4 12099.6 12142.8 12197.6 12213.6 12238.3 12266 12259.5 12271 12286.5 12205.3 12134.8 12154.7 12234.1 12308.4 12396.8 12406.3 12359.6 12382.6 12440.1 12418.2 12376.5 12398.9 12393.4 12395.3 12286.8 12207.3 12242.4 12241.8 12276.9 12273 12083.7 11942.5 11875.6 11912.2 11919.7 11916.3 11954 12009.5
12016.4 12017.3 12016.5 12009.7 12011.8 12019.3 12013.5 12000 11996.6 11988.4 11991.5 11991.2 11989.9 11990.2 11987.7 11990.7 11995.5 12004.9 12017.2 12034.3 12043.2 12046.7 11962 11946.2 11992 12029.6 12057 12056.6 12048.9 12059.2 12103.6 12143.1 12153.6 12188.7 12219.1 12227.5 12230.7 12191 12154.1 12108.1 12135.7 12169.2 12185.9 12256.6 12322 12377.5 12336.4 12285.7 12356.2 12339.1 12297.8 12267.2 12280.1 12186.2 12107.5 12111.6 12115 12082 12026.5 11925.9 11864.4 11867.9 11895.2 11919.2 11948.6 11970.8 12002.8
12010.3 12008.8 12003.9 11998.4 11998.7 12003.9 12007.5 12004.4 11999.7 11990.2 11993.9 11991.3 11991.4 11993.5 11995.4 11989.8 11993.4 12009.5 12024.1 12037.5 12047.8 12034.4 12007.8 11994.3 12013.3 12039.8 12061.1 12054.2 12046.6 12045 12068.1 12091 12088 12111.3 12128.7 12178.9 12203.5 12215.3 12184.6 12128.3 12151.2 12153.8 12160.1 12221.6 12302.6 12378 12330.8 12211.6 12209.7 12198.3 12173.1 12143.6 12043.4 12017.2 12004.9 11989 12007.4 12021.5 11969 11906.7 11883.1 11904.9 11911 11927.8 11953.1 11973.1 12001.8
12006.5 12001.7 11997.6 11993.5 11993.3 11995.3 12017.1 12011.1 11996.2 11990.7 11992 11990.6 11993.1 11997.1 11996.7 11991.4 12000.9 12015.4 12027 12037.5 12041.2 12021.8 12027.1 12034.2 12038.8 12046.5 12056.3 12049.9 12048 12045.6 12044.6 12038.6 12011.7 12063.5 12122.2 12157.2 12179 12211.8 12218.1 12201.6 12197.9 12172.8 12162.8 12235.5 12251.3 12218.3 12182.5 12112.4 12070.9 12078.7 12083.1 12070.6 12001.1 12002.5 12001.7 11993.8 11984.5 11968.6 11951.7 11909.7 11903.9 11910.1 11918.1 11927.8 11944.4 11974.5 11978.3
12000.3 11995.9 11991.7 11990.5 11992.9 11995.7 12004.4 12004.8 11994.7 11990.1 11992.8 11992.2 11997 12002.3 12007.2 12010.1 12018.6 12023.6 12029.4 12034.7 12038.5 12023.5 12036.4 12050.7 12055.2 12055.8 12049.8 12044.3 12038.2 12040 12033.7 12018.4 11997.1 12039.5 12108.2 12123.4 12130.5 12146 12171.5 12233.2 12227.9 12180.3 12155.5 12145.2 12181 12222.9 12189.3 12178 12070.5 12065.6 12075.9 12074.8 12114 12096.1 12051.7 12011 11989.8 11981 11959.2 11932 11926.8 11926.4 11920.2 11919.8 11928.1 11956.5 11865.8
11993.3 11991 11987.5 11989.5 11996.4 12001.4 12007.4 12003.5 11994.5 11991 11998.7 12004.7 12006 12012.2 12017.1 12023.9 12030.3 12028.1 12026.9 12026.5 12028.8 12035.3 12054.4 12063.7 12064.7 12063.3 12060.3 12054.1 12030.4 12036.3 12025 12012.7 11998.1 12013.2 12043.8 12063.5 12072.8 12075.2 12071.8 12147.9 12139.4 12147.6 12153.7 12165.7 12175.9 12215.2 12185.7 12172.7 12146 12077.5 12096 12049.8 12069.2 12096.7 12068.3 12034.2 12003.6 11988.8 11974.4 11962.1 11944.4 11934.7 11924 11921.6 11967.8 11994.3 11740.7
11989.6 11990.3 11989.9 11993.9 12005.1 11990.7 12007.3 12004.9 11998 11996.2 12002.8 12003 12014.2 12028.2 12040.8 12038.7 12033.1 12030.2 12024.6 12020.1 12019.2 12039.1 12058.8 12068 12067.5 12065.5 12062.7 12050.2 12028.9 12026.1 12016.1 12004.8 12002.7 11977.7 11992.1 12011.4 12035.6 12044.1 12039.8 12045.2 12070.2 12099.4 12113.9 12119.6 12079.4 12088.3 12104.5 12118.8 12028.9 12036.4 12035.6 12043.9 12069.6 12073.7 12078.9 12061.3 12013.2 11993 11978.5 11964.5 11948.7 11930.4 11917.8 11912.3 11967.7 11990.4 11686
11991.8 11993.1 11994.5 11995.8 11999.6 12005.5 12013.6 12008.8 12001.3 12000.3 12007.1 12013.1 12018.6 12029.1 12042.8 12044.1 12040.1 12031.1 12025 12020.1 12020.8 12044.2 12065 12069 12064.4 12059.5 12056.5 12030.3 12017.5 12011.6 12003.3 11987.6 11954.1 11954.8 11974 11997.7 12023.7 12042.3 12053.5 12041.3 12055.9 12071 12075.1 12057.8 12044.9 12036.4 11994.4 11966.1 11984.1 12013 12018.7 12024.3 12007.5 12025.9 12072.2 12066.2 12019.1 11993.4 11986.4 11970.5 11948.9 11927.3 11914.9 11916.5 11926.7 11895.2 11739.8
11996.6 11997.5 11997.2 11999.7 12004.7 12009.3 12019 12015 12007.9 12006.5 12013.6 12014.8 12026.6 12032.2 12046.3 12037.2 12029 12027.6 12026.5 12028.2 12036.7 12053.7 12072.8 12063.7 12056.7 12047.8 12035.2 12008.9 12008.5 12000 11992 11980.1 11967.6 11959.9 11978.9 12006.8 12025.6 12043.4 12061.4 12076.1 12061 12055.9 12055.8 12052.4 12045.8 12020.2 11992.4 11962.8 11986.5 12017.2 12004.8 11998.7 12005.3 12004 12056.3 12047.8 12001.4 11992.3 11978.2 11970.3 11939.8 11914.1 11895 11886 11880.6 11874.9 11884.7
12001 12001.7 12001.7 12002 12005.9 12014.3 12022.3 12019.3 12014.5 12013.9 12023.1 12027 12042.2 12061.3 12053.8 12037.6 12026.8 12025.1 12028.2 12036.8 12047.5 12065.1 12077 12055.4 12046.8 12035.9 12021.1 12012.7 11995.3 11991.8 11985.2 11976.4 11961.5 11952.2 11985.2 12021.4 12027.5 12037.2 12045.2 12055.8 12045.8 12038.9 12036.2 12030.6 12020.5 11972.7 11952.2 11997.6 12012.1 12022.2 12015.2 12018.5 12010.5 12007.2 12032.4 12009.6 11964.6 11952.9 11941.5 11936.2 11919.5 11896.5 11876.4 11865.5 11860.2 11866.5 11874.9
12002.8 12003.1 12005 12005.3 12007.6 12019 12024.9 12022.4 12019.6 12017.8 12027.3 12039.7 12046.8 12062.1 12034.3 12031.6 12030.8 12026.2 12028.1 12031.1 12041.1 12048.6 12049.6 12050.4 12040.9 12028 12014.6 12005.5 11993 11991.2 11989.2 11983.7 11973.1 11966.9 11989.5 12000.3 12020.1 12029.1 12030.3 12016.4 12020.5 12016.7 12008.4 11997 11999.8 12002 12067.4 12062.4 12038.3 12013.9 12008.3 11979.9 11973.1 11980.6 12009.1 11979.2 11942.3 11922.4 11918.3 11912 11899.1 11882.8 11870.8 11853.4 11851.6 11853.6 11848.2
11997.9 12000.1 12004.3 12016.6 12025.5 12022.9 12023.7 12023.9 12024.4 12028.3 12032.4 12026.3 12036.6 12033.8 12027 12025.5 12029.6 12027.7 12028.4 12031.5 12040.1 12050.2 12056.1 12054.9 12040.5 12023.7 12008.4 12001.7 11998.4 11995.6 11995.4 11997 12001.6 12002.9 12001.6 12012.1 12013.8 12018.2 12014.1 12005.9 12002.5 11998.9 11988.6 11979.6 11991.7 12089.1 12047.7 12049.1 12025.8 11982 11977 11966.8 11966.2 11963.9 11938.4 11933.8 11912.9 11903.8 11896.3 11891.2 11881.4 11867.8 11854.5 11845.1 11852.2 11849.3 11843.6
11998.5 11999.1 12006.7 12023.9 12031.8 12025 12023.4 12024.4 12025 12026 12020.2 12026 12039.4 12045.1 12025.9 12020.6 12016.6 12022.7 12029.6 12036 12048.3 12053.3 12047.6 12050.6 12036.2 12020.6 12008.1 12005.3 12000.4 11998.9 12000.6 12004.9 12013.2 12016.5 12005.5 11998.9 12003.1 12009.2 12010 11993.5 11994.2 11991.5 11991.6 11995.7 12001.3 12050.9 12020.7 11998.9 12000 11991.2 11966.6 11957.6 11955.5 11948.9 11935.5 11910.4 11895.8 11894.7 11885.8 11878.3 11869.7 11859.1 11850.2 11855.5 11865.4 11856.5 11841.7
12004.2 12010.6 12026.7 12037.3 12033.7 12026.6 12025.5 12025.6 12025.5 12025.4 12030.7 12032.4 12041.4 12043.3 12028 12019.6 12014.7 12009.3 12032 12056.7 12058.6 12060.3 12062.6 12043.3 12026 12017.4 12007.9 11999.5 11996.9 11998.9 12002.9 12007.1 12010.4 12005.8 11997 11994.3 11997.4 12003.9 12015.9 12007.3 11991.9 11986.4 11993.1 11996.6 11987.6 11999.7 12005.8 11999.8 11988.6 11975.3 11955.9 11942.3 11926 11914.6 11900.8 11896.6 11897.1 11893 11875.9 11869.7 11862.6 11855.2 11852 11863 11868.6 11860.8 11855.5
12016.2 12030.9 12051.6 12050.8 12033.8 12033.2 12026.5 12023.3 12022.5 12022.2 12020.4 12023.8 12024.9 12012.6 12016.1 12021 12022.7 12023.7 12036.8 12049.2 12060.2 12061.9 12057.3 12041.4 12026.3 12016.5 12005.5 11991.7 11991.5 11998.7 12002.4 12003.7 12002.1 11993.4 11990 11995.8 11998.4 12000.9 12032.7 11999.2 11982.1 11973.8 11970.7 11973.6 11973.3 11984 11981.8 11971.5 11963.8 11945.3 11938.2 11917.9 11912.4 11906.1 11897.8 11883 11876 11890.3 11877.3 11867.7 11859.9 11853 11850.9 11853.8 11858.7 11850.4 11842.9
