real_craters/C186-300m.grd
DSAA
558 558
-83.615 83.615
-83.615 83.615
2740.287285916 5387.4788885561
[rows 150 to 179 of 558, columns 134 to 200 of 558]
4284.81 4281.12 4277.94 4273.94 4268.45 4263.86 4273.03 4280.21 4285.76 4299.38 4313.26 4325.39 4332.32 4338.53 4345.09 4352.23 4359.52 4363.96 4365.45 4364.71 4360.18 4356.48 4354.53 4354.01 4354.66 4356.08 4357.36 4355.18 4349 4346.23 4345.12 4345 4345.69 4347.18 4349.06 4349.79 4347.2 4342.95 4338.58 4335.51 4335.61 4337.91 4334.92 4335.81 4338.67 4341.04 4343.18 4344.69 4346.39 4347.66 4348.02 4348.86 4349.06 4349.39 4348.84 4348.3 4347.68 4346.23 4343.7 4341.51 4334.48 4324.51 4319.25 4321.55 4328.35 4337.5 4347.74
4286.01 4284.53 4283.71 4283.59 4283.77 4284.48 4289.6 4296.57 4300.44 4310.06 4318.22 4325.83 4333.21 4340.8 4348.56 4356.94 4365.47 4370.9 4372.91 4373.57 4364.06 4358.37 4355.51 4354.5 4354.73 4355.9 4357.25 4355.71 4351.15 4348.55 4347.03 4346.56 4347.03 4348.38 4349.93 4350.27 4348.25 4344.39 4340.1 4336.86 4338.08 4341.67 4342.99 4344.84 4346.62 4347.69 4349.12 4349.88 4350.69 4351.73 4351.48 4351.73 4351.64 4350.94 4350.24 4349.18 4347.64 4345.84 4343.79 4343.02 4337.71 4327.92 4320.55 4321.73 4326.12 4332.7 4339.74
4285.77 4286.77 4289.09 4293.41 4300.21 4304.61 4305.79 4313.86 4325.13 4320.81 4323.1 4326.92 4333.6 4341.35 4349.21 4357.69 4366.58 4371.53 4366.52 4362.3 4358.98 4355.44 4353.36 4352.48 4352.48 4353.17 4354.24 4354 4351.75 4349.09 4347.42 4346.66 4346.85 4347.98 4349.72 4351.19 4349.17 4345.33 4341.55 4338.39 4340.21 4345.31 4351.56 4354.71 4354.83 4354.51 4355.1 4355.11 4355.8 4355.8 4355.32 4354.74 4354.11 4353.23 4351.36 4349.6 4347.5 4344.9 4343.14 4340.5 4336.13 4328.73 4323.7 4321.36 4322.4 4325.58 4330.3
4284.64 4288.15 4292.8 4299.31 4307.7 4312.52 4313.47 4316.26 4320.3 4323.56 4325.89 4329.61 4334.5 4340.4 4347.19 4354.23 4360.74 4362.7 4354.83 4349.87 4350.32 4350.06 4349.6 4349.29 4349.17 4349.05 4348.94 4349.8 4349.46 4347.9 4346.68 4345.83 4345.46 4345.71 4346.97 4348.37 4347.96 4345.83 4343.82 4342.54 4344.4 4349.95 4358.23 4362.81 4361.91 4360.75 4360.25 4359.75 4359.48 4358.86 4358.58 4357.54 4356.29 4354.91 4352.96 4350.39 4347.24 4343.4 4338.61 4335.89 4333.05 4326.82 4321.74 4318.79 4318.36 4319.27 4322.39
4283.85 4288.83 4294.25 4300.71 4308.28 4313.59 4316.12 4316.46 4318.81 4324 4326.73 4329.32 4332.81 4337.73 4343.3 4348.48 4351.55 4349.94 4343.69 4341.32 4343.4 4344.73 4345.44 4345.64 4345.55 4345.04 4344.02 4345.18 4346.05 4345.79 4345.07 4344.21 4343.27 4342.39 4341.67 4344.17 4345.68 4345.72 4346.55 4348.03 4349.95 4353.86 4361.91 4367.06 4366.91 4365.92 4365.08 4364.1 4363.49 4362.44 4362.08 4360.47 4358.84 4356.74 4354.18 4351.21 4347.24 4342.68 4337.76 4333.44 4328.9 4324.23 4318.84 4315.46 4315.27 4316.81 4320.67
4284.33 4289.33 4294.22 4299.59 4305.72 4312.73 4318.88 4323.19 4325.22 4326.4 4327.02 4327.54 4329.45 4334.19 4339.16 4343.01 4344.32 4341.85 4336.61 4336.32 4339.09 4340.71 4341.73 4342.11 4342.19 4342.22 4342.29 4341.98 4343.3 4343.84 4343.41 4342.42 4341.2 4339.79 4338.94 4339.64 4341.09 4345.13 4349.31 4353.59 4356.14 4358.45 4364.71 4368.74 4370.01 4370.26 4369.67 4368.81 4367.47 4366.52 4364.96 4362.72 4360.77 4358.73 4355.52 4352.39 4348.23 4343.69 4338.54 4333.81 4329.49 4324.43 4317.43 4313.06 4314.06 4316.33 4320.53
4287.19 4290.33 4293.61 4297.43 4303.39 4311.71 4321.32 4330.73 4331.3 4328.88 4327.12 4326.14 4327.2 4330.61 4335.55 4339.41 4340.94 4339.23 4335.72 4335.98 4337.79 4338.45 4338.95 4339.02 4339.02 4339.56 4341.31 4342.55 4342.75 4342.56 4341.93 4340.96 4339.7 4338.28 4337.01 4337.25 4339.71 4344.86 4352.08 4359.5 4363.83 4366.17 4369.48 4370.66 4372.97 4374.24 4374.31 4373.43 4371.64 4370.2 4368.29 4365.49 4363.32 4360.78 4357.7 4354.65 4350.96 4346.6 4340.93 4336.19 4335.18 4328.86 4319.93 4313.9 4315.91 4319.09 4322.9
4291.11 4291.83 4293.28 4295.22 4298.69 4309.74 4320.98 4331.27 4331.89 4329.21 4326.47 4324.07 4322.86 4327.44 4333.14 4337.9 4341.1 4341.81 4339.82 4339.2 4338.93 4337.82 4337.27 4336.65 4336.05 4335.78 4337.76 4341.85 4342.07 4341.6 4340.84 4340 4339.13 4338.14 4336.73 4335.94 4336.85 4344.44 4354.56 4365.9 4376.39 4377.36 4377.2 4375.63 4377.66 4379.16 4378.81 4377.07 4375.22 4373.2 4370.69 4368.13 4365.79 4363.28 4360.94 4358.38 4355.45 4352.09 4347.43 4342.33 4341.97 4335.86 4327.35 4320.78 4321.81 4323.13 4326.39
4293.51 4292.96 4293.47 4294.99 4299.03 4308.73 4318.7 4326.05 4328.75 4327.62 4325.4 4323.14 4322.09 4326.15 4331.93 4337.68 4343.14 4347.89 4347.4 4343.93 4340.79 4338.41 4335.98 4334.79 4333.78 4332.67 4334.31 4338.98 4340.83 4340.68 4339.93 4339.27 4338.82 4338.76 4337.69 4335.87 4336.19 4344.22 4355.83 4369.24 4382.45 4386.17 4386.14 4384.71 4385.2 4384.81 4382.82 4380.33 4377.63 4375.01 4371.99 4369.56 4367.29 4365.6 4363.58 4361.91 4360.11 4358.68 4357.84 4357.61 4351.1 4343.29 4337.36 4334.88 4331.67 4329.16 4331.9
4293.82 4293.42 4293.91 4295.51 4300.51 4308.52 4317.45 4323.36 4325.94 4325.52 4324.07 4322.68 4322.76 4325.66 4331.14 4337.16 4343.89 4350.84 4353.39 4347 4341.55 4337.77 4334.67 4333.42 4333.06 4333.32 4336.24 4339.62 4340.59 4339.87 4338.94 4338.24 4338.04 4338.39 4337.74 4336.77 4337.52 4344.71 4355.35 4367.92 4382.21 4390.79 4393.52 4395.22 4394.44 4390.59 4386.52 4382.88 4379.47 4376.5 4373.09 4371.12 4368.95 4367.09 4365.66 4364.34 4363.58 4363.63 4365.29 4368.93 4357.49 4348.09 4344.8 4343.59 4340.75 4340.51 4339.36
4292.63 4293.16 4294.52 4296.25 4300.03 4308.23 4316.66 4323.23 4323.55 4323.22 4322.44 4321.65 4321.52 4324.39 4329.51 4335.29 4341.68 4348.12 4350.53 4345.12 4339.87 4336.05 4332.82 4331.84 4332.6 4335.86 4340.81 4343.21 4340.38 4338.65 4337.44 4336.61 4336.38 4336.99 4337.23 4337.99 4340.77 4346.06 4353.64 4363.08 4375.6 4390.57 4396.36 4400.92 4399.73 4393.09 4387.91 4383.63 4380 4376.81 4374.17 4371.79 4369.86 4368.23 4366.71 4365.64 4365.3 4365.62 4366.04 4364.98 4359.6 4354.09 4349.3 4345.85 4345.17 4344.99 4344.82
4291.67 4292.09 4294.26 4300.45 4303.95 4306.91 4312.92 4318.22 4319.96 4320.58 4320.6 4320.48 4320.73 4322.92 4327.08 4331.6 4336.35 4340.67 4341.65 4338.64 4335.31 4332.44 4329.9 4329.15 4329.69 4332.75 4336.07 4337.74 4337.48 4336.45 4335.48 4334.62 4334.04 4333.91 4335.96 4338.71 4342.07 4346.43 4351.78 4358.15 4369.18 4386.88 4394.27 4396.78 4395.25 4391.07 4386.56 4382.48 4379.05 4376.19 4373.78 4371.48 4369.68 4368.21 4367.21 4366.29 4365.91 4365.37 4364.41 4360.79 4358.48 4357.12 4351.26 4347.89 4348.13 4349.79 4349.24
4291.24 4289.87 4289.48 4293.91 4297.98 4302.42 4307.34 4312.26 4316.05 4317.86 4318.65 4319.19 4319.67 4321.26 4324.15 4326.85 4329.46 4331.1 4330.49 4330.23 4329.15 4327.89 4326.58 4325.32 4324.6 4324.84 4328.67 4331.97 4333.58 4333.7 4333.33 4332.77 4332.41 4332.59 4335.86 4339.74 4343.44 4347.15 4351.4 4356.05 4368.33 4386.04 4390.6 4391.31 4389.68 4386.62 4383.2 4380.08 4377.24 4374.46 4372.29 4370.53 4369.48 4368.3 4367.39 4366.44 4365.86 4365.18 4364 4361.56 4358.22 4353.62 4350.82 4348.92 4349.55 4351.48 4352.16
4289.7 4288 4284.21 4275.5 4287.28 4298.37 4305.63 4310.55 4313.67 4315.79 4316.99 4317.73 4318.71 4320.24 4320.49 4321.75 4322.54 4322.86 4322.35 4322.52 4322.97 4323.16 4322.8 4322.09 4320.91 4320.35 4324.7 4328.44 4330.46 4331.13 4331.13 4331.02 4331.43 4333.31 4336.76 4341.59 4346.9 4351.32 4353.2 4355.82 4367.21 4383.21 4385.1 4384.61 4383.12 4380.75 4378.66 4376.35 4374.23 4372.41 4370.61 4369.44 4368.31 4367.35 4366.54 4366.16 4365.57 4364.93 4364.14 4362.94 4359.32 4351.15 4351.24 4353.46 4354.93 4353.5 4354.47
4288.49 4289.39 4288.69 4286.75 4292.16 4299.39 4305.69 4309.9 4312.55 4314.48 4315.64 4316.18 4316.15 4315.75 4316.77 4316.9 4316.19 4315.2 4314.83 4315.68 4317.51 4319.07 4320.13 4320.55 4320.48 4320.85 4324.42 4327.22 4328.81 4329.39 4329.49 4329.6 4330.28 4332.57 4337.32 4343.23 4350 4356.22 4355.59 4356.36 4363.94 4373.74 4376.6 4376.34 4374.57 4374.13 4373.32 4372.28 4370.97 4370.05 4368.87 4367.87 4367.19 4366.4 4365.6 4365.05 4364.62 4364.39 4363.65 4362.66 4360.33 4355.6 4353.99 4354.51 4354.69 4354.69 4356.16
4291.14 4292.69 4296.75 4303.36 4301.89 4303.74 4305.64 4309.81 4312.4 4313.96 4314.94 4315.16 4315.01 4314.37 4314.46 4313.24 4311.16 4308.78 4308.17 4309.94 4313.52 4316.37 4318.59 4320.56 4322.42 4324.48 4326.46 4327.8 4328.2 4328.18 4328.16 4328.41 4329.27 4332 4337.39 4343.66 4350.44 4355.52 4356.3 4356.49 4360.3 4365.21 4367.66 4368.08 4368.04 4367.48 4367.33 4367.42 4367.28 4367.42 4366.87 4366.17 4365.86 4365.23 4364.61 4363.78 4363.36 4362.3 4361.64 4360.9 4359.7 4357.72 4355.05 4353.39 4354.01 4354.5 4356.8
4288.8 4292.62 4300.14 4305.35 4307.58 4308.7 4310.37 4311.84 4313.12 4314.08 4314.69 4314.8 4314.83 4315.19 4313.29 4310.92 4308.41 4306.44 4306.41 4308.47 4312 4315.14 4318.04 4321.23 4324.91 4328.18 4330.69 4329 4327.87 4327.2 4327.05 4327.37 4328.78 4331.92 4337.15 4343.18 4349.26 4355.2 4355.27 4355.64 4357 4358.75 4359.94 4360.38 4359.68 4360.37 4361.81 4362.67 4363.43 4364.3 4364.46 4364.38 4364.31 4363.69 4362.88 4361.96 4361.43 4359.98 4359.08 4358.09 4357.66 4353.86 4351.51 4350.43 4349.17 4353.89 4357.82
4277.51 4287.38 4299.94 4309.54 4309.74 4311.47 4313.86 4313.62 4313.84 4314.08 4314.12 4313.97 4313.74 4312.94 4311.57 4309.35 4307.31 4306.45 4307.53 4309.7 4312.23 4314.85 4317.84 4321.32 4325.44 4328.2 4329.34 4328.02 4326.8 4325.95 4325.74 4326.22 4327.94 4331.3 4336.25 4341.92 4347.24 4349.14 4352.82 4353.85 4354.4 4353.59 4354.22 4354.82 4354.17 4355.03 4357.31 4358.95 4360.44 4361.21 4361.62 4362.08 4361.89 4361.55 4360.99 4360.27 4359.17 4357.99 4356.59 4354.43 4351.19 4349.8 4349.34 4350.35 4351.65 4357.06 4360.71
4268.02 4279.83 4292.37 4302.05 4307.26 4310.77 4313.08 4313.94 4314.26 4314.26 4313.98 4313.28 4312.46 4311.51 4309.72 4308.09 4306.88 4306.93 4309.12 4312.15 4312.97 4314.95 4317.47 4320.37 4323.37 4324.76 4324.98 4325.93 4325.37 4324.74 4324.38 4324.68 4326.11 4329.72 4334.81 4340.55 4346.69 4354.23 4356.8 4354.97 4353.88 4352.94 4352.39 4352.12 4351.84 4352.57 4354.56 4356.24 4357.75 4359.01 4360 4360.41 4360.61 4360.49 4360.06 4359.27 4357.85 4356.75 4355.02 4352.36 4349.61 4348.16 4348.97 4354.23 4360.33 4363.5 4364.81
4262.08 4275.29 4286.38 4296.18 4303.78 4308.57 4311.92 4313.6 4314.53 4314.68 4314.17 4313.02 4311.03 4308.47 4306.99 4307.4 4307.63 4308.16 4309.5 4311.34 4312.84 4315.04 4317.37 4319.29 4321.09 4323.69 4325.04 4325.04 4324.65 4323.79 4323.28 4323.41 4324.76 4328.23 4333.09 4338.63 4344.57 4350.72 4354.32 4355.13 4354.05 4352.29 4351.06 4351.17 4351.63 4352.56 4353.27 4354.42 4355.85 4357.62 4358.75 4359.3 4359.66 4359.66 4359.53 4358.75 4357.19 4356.19 4354.42 4352.17 4350.16 4349.61 4351.17 4360.36 4367.13 4368.77 4367.56
4270.46 4278.18 4286.24 4295.29 4302.78 4306.52 4310.04 4313.59 4314.87 4314.87 4314.27 4312.92 4310.72 4308.36 4307.01 4307.98 4308.95 4309.53 4309.69 4309.47 4312.52 4315.91 4318.43 4319.68 4320.02 4323.09 4324.96 4324.81 4324.44 4323.52 4322.83 4322.45 4323.07 4326.84 4331.52 4336.37 4341.17 4345.01 4349.13 4354.87 4354.17 4352.46 4351.17 4351.13 4351.17 4352.02 4351.7 4353.16 4355.05 4356.88 4358.16 4358.85 4359.22 4359.24 4358.78 4357.94 4357.06 4355.97 4354.75 4353.41 4352.52 4353.21 4358.31 4368.73 4371.54 4366.93 4367.3
4276.86 4280.11 4289.14 4297.51 4305.04 4311.02 4313.64 4314.91 4315.39 4315.14 4314.54 4313.57 4312.14 4309.95 4307.73 4311.11 4312.42 4312.41 4311.94 4311.74 4314.58 4318.58 4321.47 4322.76 4322.81 4323.35 4324.43 4325.04 4324.8 4323.99 4323 4322.69 4323.37 4326.55 4330.52 4334.71 4338.6 4342.83 4349.11 4353.65 4353.91 4353.6 4353.35 4352.13 4349.99 4346.98 4350 4353.08 4355.46 4357.28 4358.64 4359.34 4359.74 4359.54 4358.6 4358.06 4357.5 4356.65 4355.99 4355.24 4354.52 4354.68 4356.43 4365.58 4367.14 4363.97 4366.16
4265.84 4277 4291.05 4298.89 4306.9 4315.81 4316.65 4316.12 4315.9 4315.65 4315.32 4314.75 4314.44 4315.17 4317.7 4316.45 4316.29 4316.3 4316.37 4316.03 4319.28 4323.56 4326.46 4328.83 4329.13 4327.58 4326.92 4326.6 4326.08 4325.16 4323.98 4323.59 4324.76 4327.09 4330.36 4333.82 4336.99 4340.37 4345.12 4350.07 4352.78 4354.67 4355.83 4354.63 4352.24 4349.68 4351.7 4354.68 4356.93 4358.56 4359.9 4360.6 4360.51 4360.18 4359.74 4359.34 4358.52 4357.95 4357.39 4356.76 4356.65 4356.2 4355.05 4357.51 4361.29 4362.47 4367.14
4268.68 4275.99 4287.69 4297.29 4305.35 4311.99 4314.95 4315.74 4315.97 4316.04 4315.93 4315.85 4316.15 4317.45 4319.52 4318.77 4318.94 4320.03 4322.32 4325.82 4329.03 4330.11 4331.52 4333.57 4334.63 4331.75 4330.07 4329.34 4328.65 4327.79 4326.14 4324.36 4325.04 4328.52 4331.51 4334.09 4336.21 4337.79 4338.89 4345.59 4351.59 4355.85 4358.76 4358.76 4357.02 4355.38 4356.07 4358.06 4359.66 4360.81 4361.77 4361.94 4361.87 4361.67 4361.45 4360.45 4360.07 4359.69 4359.27 4359.54 4359.42 4359.14 4357.47 4356.89 4362.55 4369.05 4370.25
4270.84 4275.95 4285.97 4296 4303.36 4307.71 4312.38 4314.61 4315.55 4316.13 4316.21 4316.35 4316.8 4317.38 4317.82 4318.13 4319.03 4322.91 4327.16 4333.17 4337.08 4335.26 4335.42 4335.07 4334.01 4332.91 4332.71 4332.74 4332.64 4332.22 4330.62 4327.86 4328.45 4331.84 4334.39 4336.06 4337.13 4337.86 4339.09 4345.07 4351.35 4357.43 4362.9 4363.72 4362.44 4361.13 4361.41 4362.56 4363.24 4363.84 4363.83 4363.76 4363.43 4363.14 4362.85 4362.52 4362.39 4362.2 4362.04 4362.55 4362.84 4362.91 4364.33 4364.72 4367.06 4370.49 4372.27
4276.21 4280.19 4289.57 4297.53 4303.8 4308.53 4311.37 4313.56 4314.94 4315.81 4316.51 4316.62 4317 4317.09 4316.97 4318.87 4322.12 4325.84 4329.75 4332.8 4333.48 4337.31 4339.02 4339.54 4337.99 4335.8 4335.98 4336.83 4338.01 4338.73 4338.53 4336.49 4336.8 4338.25 4339.09 4339.42 4339.62 4340.04 4342.4 4347.13 4352.05 4358.22 4364.5 4367.05 4367.37 4367.57 4367.91 4367.75 4366.99 4366.6 4366.34 4365.93 4365.32 4365.81 4365.73 4364.4 4364.6 4364.54 4364.93 4365.95 4367.06 4369.47 4371.47 4373.31 4372.96 4372.89 4374.68
4286.46 4291.1 4297.13 4301.11 4304.8 4308.03 4310.69 4312.8 4314.37 4315.55 4316.43 4316.8 4317.24 4317.86 4318.34 4321.52 4325.81 4329.21 4332.38 4334.89 4338.12 4339.89 4342.37 4344.43 4342.02 4339.8 4339.45 4341.45 4344.09 4346.71 4349.25 4350.63 4348.95 4346.44 4344.77 4343.48 4342.72 4342.6 4343.91 4347.17 4351.42 4357.61 4363.49 4367.83 4371.04 4373.32 4374.18 4372.87 4370.85 4369.26 4368.1 4368.53 4368.24 4368.16 4368.3 4368.61 4368.71 4367.62 4367.98 4368.76 4369.58 4372.19 4374.39 4379.44 4379.55 4379.09 4379.84
4295.95 4301.48 4303.61 4304.23 4305.84 4307.67 4310.23 4312.15 4313.76 4315.24 4316.4 4317.45 4318.15 4319.21 4320.76 4324.63 4329.13 4332.82 4335.96 4338.3 4339.42 4342.56 4344.75 4345.18 4340.8 4338.54 4341.9 4345.93 4349.85 4354.12 4359.07 4363.33 4359.18 4354.16 4350.14 4347.59 4345.91 4344.95 4343.61 4343.41 4349.45 4356.61 4363.8 4369.79 4373.55 4376.71 4377.99 4376.41 4372.98 4370.25 4368.46 4369.29 4368.85 4368.73 4369.01 4369.22 4369.54 4370.3 4370.87 4371.39 4372.62 4371.3 4375.67 4383.55 4385.96 4387.11 4386.55
4298.72 4303.99 4304.91 4304.7 4306.9 4308.37 4309.8 4311.58 4313.22 4314.77 4316.26 4317.72 4318.92 4320.79 4322.75 4326.81 4332.29 4337.04 4340.71 4343.08 4344.37 4347.02 4348.49 4346.64 4342.24 4341.02 4346.54 4351.11 4355.23 4359.34 4364.1 4369.25 4363.92 4358.63 4354.01 4350.94 4348.67 4347.03 4343.57 4341.5 4347.83 4355.55 4363.61 4370.65 4373.91 4377.81 4380.85 4377.95 4374.35 4371.8 4369.79 4368.49 4367.72 4369.08 4369.86 4370.6 4371.63 4373.09 4376.27 4378.77 4376.32 4378.61 4382.77 4389.49 4391.5 4391.13 4390.07
4296.08 4297.47 4299.55 4301.57 4304.16 4306.46 4308.48 4310.38 4312.24 4313.86 4315.66 4317.59 4319.34 4322.13 4325.27 4329.96 4336.39 4341.78 4346.59 4350.44 4351.84 4355.36 4356.3 4354.52 4352.89 4352.42 4354.55 4357.37 4360.15 4362.6 4364.17 4364.12 4363.53 4360.28 4356.34 4353.01 4350.63 4349.14 4345.44 4342.51 4347.67 4354.68 4361.45 4367.04 4371.16 4374.93 4377.47 4375.35 4375.47 4375.13 4375.46 4376.37 4377.62 4379.16 4374.02 4375.59 4377.51 4379.9 4381.92 4384.55 4384.85 4385.2 4388.83 4394.38 4396.36 4394.96 4393.38
