real_craters/C186-1000m.grd
DSAA
97 97
-47.78 47.78
-47.78 47.78
9499.6844859947 12446.137251584
[rows 30 to 59 of 97, columns 0 to 66 of 97]
12119.8 12116.1 12108.5 12118.3 12116.1 12104.5 12092.3 12082.4 12073.2 12062 12057 12056.9 12052.7 12052.5 12050.3 12051.9 12063.4 12087.1 12116.8 12152.8 12194.6 12202.7 12221.8 12255.8 12286.7 12316.9 12281.2 12206.5 12239.6 11999.8 11698.5 11377.4 11178.5 11043.6 10885.8 10785.1 10738.5 10706.8 10647.9 10625.9 10610.4 10608.5 10614.7 10612.4 10607.7 10609 10624.4 10646.4 10658.5 10640.9 10633.2 10610.3 10669 10722.5 10882.3 11038 11076 11128.1 11194.9 11349.4 11520.7 11707.6 11497 11378.8 11400.9 11556.4 11851.9
12128.2 12122.6 12116.1 12108 12107.5 12100 12092.4 12083.2 12074.1 12065.7 12056.7 12057.7 12051.9 12045 12045 12049.4 12068.5 12094.2 12124.4 12153.6 12172.9 12186.1 12213.9 12245.1 12287.3 12302.8 12259.5 12206.4 12103 11780.5 11502.2 11251.5 11080.5 10968.7 10849 10728.2 10674.7 10645.4 10612.8 10603.9 10592.7 10585.2 10583.5 10581.7 10583.3 10593.5 10607.9 10616.4 10615.7 10608.9 10586.1 10581.5 10582.4 10578 10645.8 10770.3 10954.1 11020.4 11110.5 11195.8 11353.3 11542.2 11434.4 11322.4 11249.8 11276.1 11573.8
12139 12129 12117.6 12096.5 12100 12104.1 12093.7 12084.1 12073.1 12064.2 12059.7 12061.4 12053.8 12044.4 12043.2 12046.5 12064.3 12095.7 12128 12155.1 12175.9 12192.7 12204.6 12224.2 12243.2 12278 12317.4 12184.8 11838.7 11541.9 11379 11210.6 11056.9 10960.3 10849.3 10683 10621.8 10598.9 10601 10585.9 10575.4 10566.8 10565.5 10566.5 10570 10583.6 10590.2 10593.2 10595.2 10593.3 10576.5 10565.9 10560.6 10563.2 10577.8 10627.9 10780.7 10885.3 11003.1 11081.7 11184.1 11288.1 11216.1 11102.5 11102.2 11149.9 11357.4
12148.6 12134.5 12114.7 12100.5 12100.9 12100.3 12095.1 12086 12076.1 12066.7 12063.5 12067.9 12057.9 12047.5 12044 12046.5 12056.2 12097.6 12132.1 12165.5 12195.2 12224.7 12208.8 12174.7 12145.5 12146 12144.2 11934 11614.9 11388.8 11287.3 11208.2 11101.5 10920.6 10791.9 10646.8 10584 10554 10559.8 10564.2 10556.4 10547.1 10548.3 10552.6 10557 10568.8 10569.8 10575.4 10578 10574.9 10562.9 10550.9 10545.5 10544.9 10560.5 10564.4 10678.1 10774.9 10892.9 10946.1 11015.1 11089.4 11041.9 10994.4 11018.9 11077.5 11211.3
12154.3 12136.9 12122.8 12110.2 12108.1 12104.4 12096.3 12088.9 12080.3 12071.1 12064.5 12064.8 12059 12049.8 12044.4 12045 12053.3 12081.9 12131.8 12184.1 12240.7 12265.3 12200.4 12126.4 12041 11921.2 11758.2 11718.8 11524.6 11293 11200 11200.1 11175.2 10844.7 10658 10576.2 10551.4 10551.7 10557.9 10551.3 10536.1 10525.6 10533.4 10540.7 10548.3 10558.2 10561.1 10559.5 10562.3 10562.6 10557.3 10545.7 10542.2 10545.6 10560.6 10562 10639.5 10730.2 10771.9 10759.9 10784.2 10869.7 10932.3 10919.3 10976.5 11037 11123.7
12150.5 12135.8 12126.9 12121.1 12114.6 12102.3 12098 12092 12085.9 12076 12068.8 12062 12050.8 12044.5 12042.2 12044.9 12052.2 12074.8 12133.2 12199.7 12257.5 12242.6 12169 12060.2 11916.9 11764 11641.9 11731.2 11478.8 11132.5 11058.2 11016.9 10904.1 10790.6 10614.7 10541.3 10524.2 10520.6 10521.8 10520.1 10523.9 10521.4 10533.4 10535.6 10531.3 10524.6 10532.5 10538.9 10546.8 10557 10562.5 10556.4 10555.9 10554.5 10566.1 10589.2 10616.3 10641.8 10680 10638.6 10635.7 10711.6 10814 10840.3 10932.4 11021.3 11078.3
12137.1 12127.4 12126.8 12127.2 12125.3 12110.3 12101.2 12097.3 12094.1 12081.9 12064.9 12064.6 12043.9 12039 12037.8 12036.3 12038.1 12065.1 12139.1 12209.4 12254.4 12239.2 12163.7 12042.4 11915.6 11776.6 11702.1 11740.3 11370.8 11038.1 10930 10846.6 10737.4 10687.6 10585.2 10526.1 10511.3 10499.6 10500.7 10507.7 10530.9 10559 10542.9 10535.1 10533.4 10493.5 10503.6 10519.5 10531.7 10538.7 10540.5 10553.2 10561.6 10567.9 10577.7 10597.9 10607.6 10621.8 10605.9 10617.7 10620.8 10653.6 10703.2 10775.6 10851.9 10967.4 11052
12122.5 12114.7 12121.2 12132.8 12123.9 12107.5 12103.2 12100.1 12097.9 12085.3 12071.9 12065.3 12045.4 12042.4 12038.8 12035.1 12039.8 12086 12154.7 12227.1 12257.9 12300.8 12198.5 12098 12000.8 11916.9 11870.1 11663.7 11287.5 11014.6 10868.6 10753.3 10666.9 10573.6 10529.5 10505.5 10504.2 10510.4 10510.6 10506.7 10524.1 10537 10530.7 10524.9 10513.4 10495.1 10498.1 10508.9 10518.6 10528.7 10539.8 10551.2 10563.6 10587.2 10596.8 10603 10599.1 10598.5 10592.1 10595.5 10612.5 10640.9 10680.8 10728.9 10815.7 10942.3 11022.1
12109.4 12103.7 12107.2 12110.6 12118.8 12113.7 12106.7 12102.7 12099.5 12090.9 12092.2 12088.8 12071.1 12055.5 12048.4 12045.7 12056.3 12096.6 12170.2 12239.9 12298.9 12264.7 12205.1 12130.7 12073.9 12025.5 11843.7 11455 11212.2 11046.8 10839.8 10702.6 10598.2 10536.6 10511.4 10491.1 10494.3 10505.9 10512.3 10512.6 10520.6 10518.3 10510.5 10509.8 10520.7 10514.1 10501.2 10504.4 10519.4 10535 10548.6 10553.5 10563.2 10586.1 10595.5 10592.1 10578.4 10575.5 10576.4 10579.6 10599.3 10628.3 10662.3 10700.4 10758.4 10887.9 11025.8
12107.4 12096.2 12101.4 12107.8 12121 12114.8 12107.4 12103.8 12099.3 12087.6 12074 12083.9 12076.4 12063.3 12057.6 12058.9 12072.7 12105.5 12172.6 12256.6 12284.8 12229 12173.1 12103.8 12047.8 12014 11745.2 11320.2 11110.5 10899.7 10762.3 10646.8 10567.5 10503.6 10471.7 10470.6 10472.7 10488.9 10504.4 10521.6 10533 10534.7 10518.8 10479.4 10492.5 10487.7 10483.2 10485.3 10498.7 10523.4 10536.8 10557.8 10581.3 10587.7 10589.1 10583.8 10570 10569.8 10581.4 10585.7 10582.5 10608.6 10638.7 10680.8 10752 10865.6 10993.9
12116.3 12112.5 12107.2 12109.6 12119.1 12107.6 12102.4 12102.4 12105 12083.1 12066.5 12061.2 12066.7 12067.8 12066.2 12067 12072.5 12091.1 12150.3 12234.4 12247.8 12198.3 12101.5 11978.9 11861.7 11760.5 11514.4 11166.2 11000.4 10829.5 10701.6 10593.1 10511.1 10488.2 10455.7 10449.6 10454.8 10465.8 10486.2 10519.5 10532.1 10548.9 10522.1 10452.7 10459.1 10450.8 10437.4 10445.1 10474.9 10499.6 10530.9 10558.9 10572.8 10571.2 10575.9 10571.8 10572.4 10578.9 10581.9 10578.6 10569.8 10591.9 10616.4 10671.2 10729 10841.3 10968.9
12120.2 12116.2 12108.4 12100.1 12100.2 12099.3 12096.4 12093.8 12085.6 12076.8 12065.7 12060.6 12065 12068.8 12070.1 12072.2 12075.9 12082.1 12112.2 12156 12205.6 12137.3 11983.2 11794.8 11599.5 11382.1 11196.4 11018.8 10898.7 10777 10641.5 10529.2 10456.7 10456 10418.7 10421.9 10433.7 10442 10456 10474.1 10505 10530.2 10508.7 10455.9 10403.3 10368.3 10361.2 10375.3 10418.2 10438.7 10492.2 10529.8 10543.4 10550.2 10557.5 10567.9 10574.6 10576 10573 10572.4 10576.9 10581.5 10604.8 10655.9 10716 10804.2 10910.4
12126.2 12120.1 12110 12100.5 12090 12085.4 12081.2 12078.7 12072.8 12060.9 12082.1 12067.3 12074.8 12073.6 12072.6 12073.5 12087.4 12103.9 12113.8 12137.2 12138.7 12002.2 11809.1 11599.6 11366.6 11131.5 10978.4 10916.8 10793.9 10638.5 10523.4 10458.5 10414.1 10399.2 10375.3 10390.8 10409.2 10427.8 10435.9 10476.2 10499.8 10509.9 10476.1 10431.8 10332 10277.2 10250.3 10257.5 10291 10335.9 10401.4 10466.2 10486.3 10514.6 10545.1 10563.8 10567.1 10565.9 10568.2 10567 10569.7 10578.8 10587.5 10618.8 10675.7 10761.6 10851.1
12125.1 12120.1 12111.2 12102.1 12089.2 12085 12081.3 12069.2 12057.9 12037.1 12009.1 12059.8 12069.8 12074 12075.8 12074.1 12082.1 12120 12139.6 12156.1 12084.7 11890.3 11646.4 11426.3 11191.1 10970.7 10835.7 10776.1 10671.3 10523.9 10420.4 10399.1 10386.2 10361.4 10343.9 10365.4 10393.7 10423.5 10475.4 10498.4 10508.7 10518.8 10512.8 10456.1 10272.2 10173.8 10110.4 10086.9 10122.7 10194 10300.3 10392.9 10432.7 10482.6 10523.9 10552.1 10568.5 10568.7 10570.7 10566.4 10567.8 10578.9 10591.7 10615.5 10660.1 10728.5 10804.5
12119.7 12117 12110.9 12102 12097.6 12090.6 12088.9 12077.7 12067.7 12059.2 12074.9 12079.9 12068.3 12075.8 12082.8 12088.2 12086.6 12091.6 12120.7 12218.6 12091.8 11828.5 11547.9 11313.5 11073.4 10862.6 10761.8 10625.2 10536.5 10459.5 10388.5 10353.5 10321.6 10303.5 10308.5 10333.2 10365 10400.5 10441.1 10485.1 10498.6 10510.8 10501.4 10502.1 10215.6 10066.8 9954.51 9870.14 9863.26 10019.8 10142.4 10283.6 10360.8 10438.3 10493.1 10540.7 10567.1 10578.5 10569 10571.3 10571.2 10575.6 10584.1 10601.2 10646.9 10713.1 10780.6
12118.5 12115.2 12111.4 12107.8 12098.8 12091.3 12087.6 12081.8 12079.2 12075.5 12080.8 12070.9 12068 12077 12093.4 12116.4 12116.3 12113.1 12185.2 12236.9 12081.7 11802 11500.6 11250.1 11012.9 10810.3 10702.9 10591.9 10523.4 10449.8 10378.4 10342.9 10294 10279.6 10272.2 10306.2 10341.3 10378.7 10429.7 10475.9 10484.2 10502.2 10508.2 10384.5 10082 9928.97 9809.54 9713.79 9689.21 9769.34 9927.01 10107.2 10279.1 10393.9 10469 10516.6 10552.1 10569.6 10569.7 10563.8 10567.5 10574.6 10588 10610.1 10649.1 10725.1 10802.8
12118.9 12112.3 12104.2 12099.7 12102 12098.3 12087.8 12083.9 12078.3 12076.5 12069.7 12067.1 12061.6 12078.4 12099.4 12117.3 12121.6 12125.7 12193.2 12267.8 12067 11785 11479.1 11223.2 10992.1 10807.4 10683.4 10584.1 10523.6 10470.7 10419.9 10360.2 10325.7 10278.7 10263.3 10290.7 10320.8 10347.1 10379.3 10429.1 10479.1 10468 10404.7 10194.4 9897.7 9761.29 9679.26 9633.36 9624.7 9668.02 9769.4 9904.7 10208.5 10360.1 10437.8 10499.6 10533 10562 10559.7 10555.7 10564.6 10575.9 10591.4 10605.6 10649.7 10749.2 10852.1
12117.4 12108.9 12099.1 12096 12095.7 12093.6 12085 12078.6 12075.8 12070.1 12055.9 12045.9 12053.7 12075.5 12099.3 12126.5 12127.5 12127.1 12160.6 12204.2 12027.2 11773.6 11485.8 11208.7 10953.2 10772.9 10665.8 10590 10538.5 10482.9 10411 10357.4 10317.5 10286.8 10281.6 10295.5 10316.7 10335.3 10347.3 10409.7 10471.2 10423 10282.9 10051.1 9688.99 9619.74 9580.28 9554.18 9569.2 9620.97 9703.65 9835.58 10171.7 10329.7 10416.4 10492.5 10529.7 10555.1 10559.2 10560.2 10570.1 10581.4 10595.1 10606.7 10662.9 10776.5 10900.9
12107.5 12104.8 12103 12102.2 12098.7 12092 12082.4 12077 12074.4 12067.8 12059.5 12060.4 12062.4 12076.4 12092.4 12106.6 12121.2 12136.2 12118.6 12128.4 11986.2 11771.6 11516.3 11214.8 10909.7 10750 10679.1 10604.6 10554.2 10500.2 10437.6 10362.4 10302.9 10278.7 10285.9 10304.7 10324.5 10336.8 10368 10432.7 10512.3 10420.9 10270.5 9909.79 9623.4 9561.95 9534.81 9518.33 9543.58 9615.92 9700.56 9835.41 10099.4 10307.7 10424 10490.2 10521.7 10534.4 10562.7 10584.6 10578.3 10581.1 10596 10606.9 10674.2 10806.2 10965
12101.7 12100.5 12101.9 12106.6 12097.8 12085.9 12078.8 12073.8 12068.3 12062.4 12065.8 12067.3 12074.6 12076.3 12082.8 12091.6 12105.5 12109.7 12109.2 12091.4 11969.8 11785 11558 11233.2 10865.4 10743.1 10701.6 10626.2 10570.8 10532.1 10480.6 10417.4 10357.4 10315.9 10314.1 10322.3 10339 10362.4 10389.8 10453.6 10442.9 10405.1 10296 9917.09 9687.85 9589.51 9531.38 9512.85 9524.82 9608.24 9730.19 9912.17 10186.9 10347.5 10454.5 10496 10517.7 10530.7 10555.4 10572.1 10579.3 10583.1 10603.5 10616.8 10678 10830.1 11011.7
12099.2 12096.4 12094.2 12100.3 12091.8 12081.2 12073.5 12066.4 12062.2 12059.1 12058.9 12055.4 12053.5 12060.9 12071.6 12086.6 12094.3 12106.9 12115 12093.5 11984.4 11807.1 11569.7 11231.8 10863.8 10752.2 10708.6 10651.7 10614.7 10570.6 10531.4 10453.5 10381.9 10350.5 10335.5 10341.3 10355.5 10375 10399 10403.9 10420.2 10396 10312.4 9980.99 9787.92 9676.94 9565.63 9499.68 9536.56 9671.13 9842.03 10081.1 10309.4 10429.9 10487.9 10506.8 10536.3 10554.6 10561.8 10572.2 10581.8 10595.1 10609.7 10622.6 10687.8 10846.5 11051.3
12095.1 12093.9 12094 12094.6 12087.6 12076.9 12066 12058.4 12050.1 12042.9 12043.4 12034.6 12029.5 12040.1 12054.8 12067.7 12082.6 12097 12118.8 12132.6 12014.1 11846 11623.8 11302.1 10918.3 10788.9 10725.3 10667.2 10610.9 10585.3 10561.1 10473 10395.6 10374.6 10355.8 10361.1 10373.6 10391.4 10422.2 10447.3 10435.7 10415 10367.3 10157.5 9956.13 9814.71 9648.09 9532.97 9642.54 9821.99 10044.2 10249.5 10402 10482.9 10522.9 10534 10545.9 10561.2 10568.2 10573.1 10578.2 10594.3 10608.2 10625.3 10690.1 10883.2 11152
12092.7 12090.6 12090.8 12090.2 12085.3 12078.5 12062.1 12055.9 12047.6 12039.6 12032.2 12025.4 12021.3 12032.2 12047.2 12061 12073.9 12091.5 12151.6 12157.2 12043.3 11893.8 11714.7 11446.6 11032.5 10888.6 10774.5 10700.5 10639.1 10619 10598.4 10537.8 10415.1 10383 10378.1 10380.5 10389.2 10405.2 10434.1 10443.3 10438.9 10432.6 10452.7 10287.7 10126.2 9995.91 9872.98 9787.26 9864.95 10016.3 10222.5 10378 10473.1 10519.8 10546.5 10550.3 10553.3 10547.6 10547.1 10556.4 10564.7 10577.7 10606.6 10623.4 10694.1 10940.3 11263.5
12087.1 12087.7 12088.7 12083.8 12077.5 12068.1 12059.5 12050.6 12040.2 12031.9 12029 12024.3 12024.2 12033.6 12045.6 12057.5 12068.5 12084.1 12114.1 12134.7 12063.9 11933.7 11768.3 11534.2 11129.7 10908.2 10811.4 10757.6 10737.7 10738.6 10637.2 10519.4 10446.2 10407.9 10397.6 10392.2 10396.4 10408.7 10422.7 10447.3 10447.6 10434.7 10469.7 10366.4 10255.9 10176.9 10142.5 10147.8 10145.7 10192.9 10284.1 10386.2 10468.4 10526 10553.5 10562.6 10570.4 10570.6 10564.1 10568 10570.9 10585.3 10608.9 10618.4 10683 10967.8 11336.6
12075.9 12077.5 12080.9 12076.6 12068.2 12059.5 12062.1 12054.2 12035.6 12035.3 12031.5 12024.2 12023.8 12036.8 12042.8 12053.4 12065.7 12077.9 12099.1 12154.6 12085.6 11951.5 11785.7 11546 11177.6 10928.6 10844.1 10819.4 10824.5 10811.3 10672.2 10545.3 10459 10425.7 10401.1 10397.3 10405.4 10414.3 10416.5 10417.4 10439 10485.7 10478.5 10454 10363.4 10296.9 10267.4 10282.5 10330.1 10320 10346.1 10394.2 10493.7 10548 10559.7 10571.6 10580.4 10578.6 10575.6 10576 10576.9 10591.8 10615.4 10626.9 10677.4 10959.5 11307.6
12062.5 12064 12068.8 12066 12061.1 12056.6 12054.2 12044.6 12035.8 12026.9 12024.3 12021 12020.2 12025.7 12039.3 12047.7 12059.2 12074.3 12093.9 12178.3 12110.8 11974.2 11797.4 11542.8 11227.5 10993.4 10907.9 10876.1 10877.3 10839.5 10693.4 10626.8 10491.4 10458.7 10427.6 10411.4 10415.7 10428 10433.5 10437.7 10472.9 10490.6 10519 10507.9 10431.7 10376.5 10353.8 10373.9 10394.7 10402.8 10416.9 10478.4 10509 10551.3 10570.2 10585.7 10589.7 10585.4 10565.4 10575 10582.9 10606.8 10627.6 10673.8 10750.8 10984.8 11247.8
12055 12054.1 12055 12055.4 12053.1 12050.3 12045.5 12041.2 12034.4 12024.2 12019.7 12017.6 12015.3 12016.2 12020.1 12036.2 12049.2 12063.6 12092.8 12161.5 12131.7 12017.1 11856.3 11606.2 11290 11078.8 10984.9 10934.2 10922.4 10888.2 10723.9 10626.4 10581.2 10513.5 10471.4 10443.9 10433.2 10439.4 10458 10463 10481.2 10518.8 10539 10494.1 10430.8 10425.3 10422.3 10458.8 10486.8 10480.9 10503.2 10528.4 10548.1 10556.9 10575.5 10582.6 10589.4 10591.6 10585.2 10585.9 10596.2 10640.4 10686.3 10766.8 10888.1 11077.4 11262.6
12050.5 12048 12048.7 12046.7 12043.2 12040.1 12039.7 12040.1 12034.4 12025.9 12020.1 12016.6 12014.9 12016 12016.4 12029.2 12045.2 12062.5 12087.8 12146.8 12149.1 12083.3 11962 11733.2 11368.3 11181.5 11062.2 10990.2 10939.7 10879.1 10756.7 10684.4 10626.3 10561.3 10503.1 10454.4 10449.8 10473.6 10481.1 10482.4 10497.3 10525.5 10555.2 10513.8 10468.7 10480.2 10511.9 10531.5 10544.1 10545.1 10554.9 10569.8 10571.1 10571.7 10581.1 10577.5 10598.7 10606.3 10606.1 10602.9 10614 10675.9 10725.9 10886.2 11076.2 11223.1 11318.7
12044.3 12044.6 12043.9 12040.4 12035.6 12029 12031.6 12038.5 12039.5 12027.7 12021.5 12017.9 12015.7 12015.7 12016.7 12025.7 12044.7 12076 12078.6 12117.2 12162.4 12160.7 12115.2 11935.7 11468.6 11246.8 11140.5 11046.7 10957.1 10858.3 10803.5 10739.8 10673.9 10620 10546.4 10467.7 10472.6 10499.8 10501.1 10504.9 10511.7 10537.1 10553.6 10536.3 10519.1 10540.7 10560.9 10570.8 10575.8 10577.4 10578.2 10578.7 10580.2 10588.3 10594.5 10597.2 10605.9 10611.9 10616.8 10621.2 10642.6 10730.8 10816.3 11006.9 11233.6 11382.4 11384.2
12040 12041 12037.9 12036.5 12033.3 12028 12025.1 12028.4 12030.3 12024.9 12020.6 12017.7 12016.8 12015.6 12012.9 12018 12022.2 12019.9 12049.8 12112.2 12183.1 12208.7 12216.7 12121.2 11661.2 11399.4 11262.5 11144.1 11021.9 10914.6 10866.7 10849.8 10790 10722.3 10624.7 10527.4 10502.4 10515.9 10533.7 10528.1 10520.7 10515.9 10535.4 10549.9 10569.2 10571 10578.3 10581.3 10584.2 10585.1 10584.4 10587.1 10586.5 10587.5 10593.5 10599 10603.9 10615.1 10626.7 10651.8 10715.1 10800.4 10905 11104.5 11337.9 11477.7 11432.4
