real_craters/C186-750m.grd
DSAA
224 224
-83.615 83.615
-83.615 83.615
2750.8322768074 5387.8001131762
[rows 152 to 189 of 224, columns 84 to 167 of 224]
4376 4403 4424 4426 4412 4416 4441 4446 4457 4461 4463 4466 4472 4480 4490 4502 4518 4533 4545 4547 4547 4531 4513 4512 4521 4534 4555 4583 4615 4651 4695 4663 4643 4653 4647 4628 4625 4617 4600 4585 4572 4546 4518 4510 4511 4519 4531 4528 4525 4505 4483 4485 4481 4463 4449 4444 4439 4435 4435 4428 4419 4414 4407 4399 4394 4391 4378 4356 4340 4312 4311 4312 4310 4307 4308 4311 4312 4320 4329 4333 4336 4339 4338 4340
4393 4420 4442 4436 4415 4421 4421 4432 4445 4453 4456 4457 4456 4459 4472 4486 4501 4514 4528 4539 4544 4527 4493 4503 4516 4530 4546 4567 4590 4609 4622 4619 4609 4589 4597 4609 4597 4579 4561 4552 4549 4518 4494 4485 4490 4496 4497 4501 4496 4476 4459 4466 4477 4468 4443 4436 4434 4432 4418 4408 4421 4418 4409 4400 4394 4398 4383 4368 4362 4348 4330 4318 4307 4295 4293 4301 4314 4329 4333 4333 4330 4334 4339 4336
4392 4424 4447 4437 4426 4427 4431 4444 4446 4446 4447 4447 4442 4441 4461 4473 4486 4499 4513 4526 4540 4535 4500 4501 4508 4516 4535 4554 4568 4569 4564 4571 4578 4563 4567 4571 4557 4544 4533 4522 4510 4493 4472 4467 4472 4476 4479 4487 4482 4463 4451 4447 4444 4448 4430 4430 4431 4435 4443 4461 4434 4424 4419 4415 4392 4394 4391 4381 4382 4375 4350 4329 4310 4297 4296 4300 4307 4322 4328 4330 4333 4343 4333 4333
4398 4421 4434 4431 4435 4433 4446 4436 4439 4441 4442 4444 4445 4450 4457 4468 4480 4492 4502 4510 4513 4509 4502 4504 4502 4511 4528 4543 4559 4570 4582 4609 4592 4581 4578 4544 4523 4520 4511 4493 4486 4475 4463 4458 4457 4459 4459 4464 4459 4447 4432 4432 4430 4425 4423 4428 4430 4432 4437 4428 4430 4425 4421 4410 4398 4402 4406 4404 4403 4389 4366 4339 4315 4297 4294 4300 4309 4316 4327 4334 4339 4334 4329 4329
4393 4414 4420 4448 4395 4426 4440 4429 4429 4431 4435 4439 4443 4442 4457 4465 4473 4481 4487 4492 4497 4503 4503 4510 4525 4523 4527 4538 4556 4580 4601 4611 4590 4580 4585 4550 4521 4505 4496 4492 4473 4461 4456 4453 4447 4447 4450 4455 4453 4442 4429 4426 4423 4414 4431 4431 4427 4425 4422 4416 4417 4419 4419 4416 4408 4414 4423 4439 4433 4409 4379 4349 4319 4297 4292 4298 4309 4314 4317 4330 4345 4340 4330 4337
4407 4421 4415 4424 4400 4428 4439 4422 4422 4426 4432 4440 4448 4460 4464 4466 4472 4477 4480 4479 4473 4475 4490 4506 4520 4517 4519 4531 4545 4553 4563 4568 4554 4543 4537 4526 4511 4491 4476 4457 4450 4446 4439 4435 4436 4438 4443 4453 4477 4440 4419 4412 4414 4419 4433 4427 4422 4415 4409 4405 4405 4410 4414 4419 4419 4420 4423 4433 4425 4417 4391 4356 4326 4300 4291 4294 4302 4312 4317 4318 4336 4340 4340 4346
4418 4411 4418 4440 4448 4434 4439 4422 4416 4423 4430 4440 4449 4457 4461 4464 4468 4471 4474 4474 4469 4464 4481 4496 4503 4493 4506 4520 4532 4539 4517 4504 4503 4497 4489 4500 4493 4467 4449 4434 4438 4434 4425 4418 4429 4436 4439 4443 4446 4429 4402 4393 4399 4408 4415 4417 4412 4404 4397 4389 4391 4399 4407 4416 4425 4419 4405 4383 4382 4393 4378 4356 4338 4316 4295 4295 4297 4308 4318 4306 4287 4323 4329 4338
4411 4425 4434 4431 4418 4422 4419 4420 4414 4420 4428 4437 4444 4448 4453 4459 4464 4469 4473 4477 4483 4483 4486 4490 4493 4499 4498 4509 4518 4514 4470 4449 4458 4462 4463 4468 4435 4427 4430 4435 4435 4426 4419 4415 4430 4443 4443 4434 4426 4412 4389 4380 4383 4391 4403 4407 4403 4394 4386 4380 4381 4389 4398 4407 4414 4409 4394 4375 4370 4374 4358 4348 4342 4329 4311 4304 4301 4306 4310 4310 4317 4321 4323 4329
4400 4412 4420 4413 4422 4421 4419 4419 4416 4421 4428 4435 4442 4443 4449 4458 4464 4469 4474 4480 4488 4498 4492 4487 4482 4479 4487 4492 4496 4492 4448 4427 4431 4439 4444 4439 4389 4397 4415 4423 4420 4418 4417 4421 4430 4443 4438 4424 4415 4400 4384 4379 4372 4377 4389 4394 4391 4385 4379 4372 4373 4382 4389 4396 4402 4399 4391 4384 4379 4361 4338 4338 4339 4337 4328 4317 4307 4305 4308 4310 4307 4310 4316 4324
4391 4386 4404 4405 4413 4424 4439 4432 4422 4424 4427 4434 4443 4450 4457 4462 4464 4468 4474 4482 4492 4500 4494 4483 4473 4469 4474 4472 4466 4450 4409 4405 4414 4423 4426 4399 4388 4391 4403 4408 4405 4409 4413 4419 4419 4415 4417 4411 4405 4395 4381 4373 4364 4368 4376 4380 4381 4379 4375 4371 4371 4378 4384 4388 4389 4389 4387 4386 4380 4356 4333 4339 4346 4346 4342 4333 4316 4310 4310 4312 4309 4308 4312 4319
4392 4384 4388 4393 4402 4416 4430 4439 4429 4422 4424 4431 4442 4460 4479 4465 4460 4464 4471 4480 4497 4504 4492 4479 4466 4454 4451 4449 4440 4422 4395 4397 4406 4413 4414 4401 4388 4385 4386 4391 4395 4401 4405 4407 4410 4409 4407 4401 4395 4387 4377 4364 4364 4366 4369 4370 4374 4374 4372 4370 4371 4376 4380 4380 4378 4381 4381 4379 4372 4354 4348 4351 4356 4358 4354 4354 4333 4315 4312 4311 4309 4310 4313 4316
4393 4383 4380 4379 4390 4406 4421 4429 4414 4414 4420 4425 4431 4436 4439 4435 4449 4460 4470 4479 4491 4496 4486 4473 4459 4445 4441 4428 4423 4417 4415 4399 4401 4409 4417 4401 4381 4378 4366 4376 4389 4395 4398 4401 4404 4407 4401 4393 4386 4380 4381 4373 4373 4369 4370 4372 4371 4369 4368 4369 4374 4375 4379 4377 4374 4373 4372 4369 4362 4359 4354 4353 4352 4348 4353 4355 4340 4322 4315 4313 4311 4312 4315 4315
4385 4382 4373 4370 4381 4399 4422 4432 4415 4413 4417 4420 4421 4408 4377 4420 4444 4459 4470 4479 4484 4485 4477 4465 4453 4444 4417 4399 4384 4379 4378 4383 4390 4398 4404 4396 4383 4384 4379 4382 4390 4393 4392 4391 4395 4400 4395 4388 4382 4383 4385 4381 4374 4371 4371 4374 4368 4364 4363 4363 4364 4372 4381 4389 4379 4366 4362 4362 4363 4358 4323 4331 4355 4357 4350 4346 4331 4323 4318 4315 4312 4313 4316 4315
4383 4379 4369 4368 4377 4389 4412 4432 4420 4416 4418 4422 4423 4422 4443 4441 4448 4459 4470 4477 4489 4479 4467 4454 4442 4430 4395 4372 4346 4342 4350 4365 4378 4387 4390 4388 4395 4392 4389 4389 4396 4390 4384 4382 4384 4389 4386 4383 4378 4376 4372 4372 4374 4368 4366 4364 4361 4359 4357 4356 4358 4366 4379 4391 4367 4352 4352 4354 4356 4360 4335 4330 4353 4347 4345 4339 4325 4322 4321 4317 4313 4313 4315 4316
4378 4374 4371 4374 4376 4381 4401 4429 4422 4420 4422 4425 4421 4423 4426 4434 4446 4459 4472 4478 4465 4463 4454 4441 4426 4405 4381 4359 4332 4328 4337 4354 4368 4377 4384 4388 4386 4387 4390 4385 4375 4375 4377 4372 4365 4374 4377 4376 4374 4370 4371 4369 4364 4362 4361 4355 4356 4357 4353 4349 4348 4355 4371 4378 4355 4343 4345 4347 4348 4364 4361 4341 4359 4347 4339 4330 4327 4331 4329 4318 4313 4314 4314 4318
4371 4366 4374 4380 4378 4378 4397 4429 4424 4427 4429 4429 4423 4422 4425 4431 4440 4451 4468 4481 4458 4452 4443 4432 4417 4399 4380 4360 4350 4345 4346 4353 4363 4372 4379 4388 4394 4391 4382 4383 4387 4386 4375 4371 4368 4370 4372 4371 4370 4371 4378 4369 4357 4360 4362 4361 4360 4359 4354 4347 4340 4345 4361 4373 4360 4349 4344 4342 4342 4349 4354 4342 4339 4335 4335 4335 4332 4334 4331 4321 4318 4320 4320 4319
4376 4377 4373 4380 4382 4389 4409 4437 4437 4443 4436 4431 4424 4418 4417 4418 4425 4434 4449 4464 4456 4444 4435 4423 4410 4396 4375 4360 4357 4353 4352 4356 4362 4368 4374 4377 4390 4398 4387 4383 4379 4374 4374 4374 4376 4374 4371 4368 4365 4363 4370 4360 4358 4361 4365 4370 4370 4363 4355 4349 4343 4345 4351 4360 4356 4350 4344 4339 4334 4332 4335 4327 4327 4328 4331 4336 4314 4308 4364 4328 4326 4330 4332 4325
4396 4403 4391 4382 4388 4403 4426 4450 4453 4444 4441 4431 4423 4415 4405 4401 4407 4410 4414 4428 4440 4435 4428 4418 4408 4394 4380 4372 4360 4354 4353 4356 4361 4367 4372 4375 4381 4392 4393 4383 4375 4370 4373 4375 4379 4376 4370 4364 4360 4355 4351 4349 4362 4363 4367 4374 4376 4363 4356 4351 4348 4345 4344 4340 4348 4350 4345 4340 4334 4325 4320 4325 4320 4326 4332 4336 4302 4290 4301 4314 4328 4330 4333 4328
4422 4431 4408 4392 4391 4400 4428 4463 4466 4464 4444 4430 4419 4408 4400 4395 4393 4388 4383 4394 4418 4423 4420 4416 4408 4399 4389 4378 4367 4352 4353 4357 4363 4368 4376 4383 4381 4372 4382 4381 4379 4377 4375 4373 4370 4368 4364 4361 4358 4356 4355 4355 4359 4364 4365 4363 4356 4356 4353 4352 4353 4357 4352 4342 4345 4346 4344 4342 4340 4336 4330 4330 4328 4331 4340 4340 4329 4313 4319 4311 4321 4325 4326 4327
4430 4420 4406 4391 4391 4404 4427 4452 4467 4445 4435 4421 4409 4399 4391 4388 4380 4372 4368 4388 4407 4412 4413 4412 4410 4407 4401 4386 4375 4358 4356 4360 4365 4371 4377 4383 4381 4374 4376 4378 4378 4381 4376 4371 4364 4360 4358 4357 4357 4358 4364 4373 4367 4368 4365 4356 4346 4347 4348 4350 4354 4360 4369 4355 4345 4342 4342 4344 4348 4357 4343 4330 4333 4332 4333 4337 4334 4329 4325 4323 4326 4328 4328 4326
4395 4387 4379 4378 4386 4400 4422 4447 4457 4441 4425 4412 4400 4388 4379 4371 4364 4362 4364 4383 4395 4400 4403 4407 4409 4412 4414 4401 4384 4363 4361 4361 4365 4370 4375 4377 4374 4374 4373 4371 4372 4370 4369 4368 4364 4351 4352 4354 4355 4358 4363 4363 4377 4377 4367 4355 4348 4342 4342 4344 4346 4345 4347 4347 4341 4338 4339 4341 4343 4342 4330 4323 4322 4328 4331 4341 4345 4333 4332 4332 4330 4331 4330 4327
4361 4356 4355 4366 4376 4389 4408 4429 4436 4424 4411 4400 4389 4377 4366 4354 4351 4355 4360 4364 4377 4387 4395 4400 4406 4412 4418 4414 4395 4376 4367 4365 4367 4371 4374 4377 4377 4372 4363 4367 4367 4365 4361 4356 4352 4348 4348 4349 4350 4349 4344 4357 4380 4382 4369 4354 4340 4336 4336 4337 4338 4338 4332 4332 4334 4334 4335 4335 4333 4324 4318 4318 4321 4328 4335 4342 4337 4329 4322 4329 4328 4328 4328 4329
4355 4355 4359 4363 4368 4376 4392 4402 4403 4398 4395 4388 4379 4368 4357 4347 4346 4350 4351 4348 4364 4375 4382 4391 4397 4402 4409 4403 4386 4375 4368 4365 4367 4370 4374 4379 4384 4380 4375 4370 4365 4356 4350 4347 4345 4345 4345 4346 4346 4346 4349 4361 4378 4381 4368 4352 4337 4332 4333 4335 4335 4335 4327 4326 4330 4333 4333 4331 4328 4328 4325 4316 4322 4328 4339 4344 4338 4328 4320 4320 4323 4323 4326 4330
4355 4355 4359 4362 4366 4371 4379 4382 4379 4380 4384 4376 4369 4361 4354 4348 4348 4354 4358 4357 4361 4368 4374 4381 4386 4389 4385 4372 4365 4363 4363 4364 4368 4371 4373 4376 4375 4375 4383 4375 4365 4355 4346 4339 4339 4344 4343 4343 4343 4345 4356 4363 4372 4371 4363 4349 4336 4330 4332 4333 4334 4335 4333 4328 4328 4330 4330 4327 4323 4320 4316 4316 4323 4324 4325 4335 4331 4325 4321 4320 4321 4323 4321 4324
4355 4353 4358 4360 4365 4370 4373 4374 4367 4369 4370 4365 4361 4356 4353 4350 4355 4362 4364 4359 4359 4362 4367 4373 4378 4380 4379 4376 4357 4356 4361 4364 4366 4369 4371 4373 4375 4378 4381 4374 4363 4354 4344 4335 4334 4338 4341 4342 4343 4348 4359 4367 4371 4371 4359 4348 4339 4334 4334 4334 4334 4333 4328 4327 4327 4328 4327 4322 4318 4314 4313 4320 4326 4324 4326 4327 4323 4320 4315 4314 4320 4323 4316 4314
4353 4350 4348 4356 4363 4368 4372 4375 4383 4376 4359 4357 4356 4354 4352 4350 4352 4369 4372 4360 4356 4357 4359 4363 4365 4369 4372 4368 4358 4355 4357 4361 4364 4367 4369 4371 4371 4369 4364 4361 4356 4352 4346 4333 4333 4338 4341 4343 4344 4345 4349 4364 4362 4356 4352 4346 4342 4339 4336 4335 4335 4333 4327 4326 4325 4323 4320 4317 4314 4312 4312 4321 4327 4321 4326 4325 4323 4319 4315 4317 4322 4324 4317 4314
4348 4346 4345 4353 4364 4368 4369 4370 4371 4365 4353 4355 4355 4354 4352 4351 4351 4373 4370 4352 4351 4351 4352 4355 4357 4362 4367 4366 4360 4356 4355 4357 4360 4364 4366 4368 4367 4358 4348 4345 4347 4348 4347 4335 4336 4340 4344 4349 4349 4343 4339 4350 4351 4345 4346 4345 4343 4341 4336 4334 4333 4336 4330 4329 4326 4320 4313 4314 4313 4311 4311 4315 4321 4316 4325 4341 4333 4324 4317 4321 4322 4322 4323 4321
4347 4348 4344 4351 4365 4366 4365 4362 4355 4361 4365 4361 4358 4356 4354 4355 4360 4358 4348 4344 4345 4347 4349 4351 4352 4354 4355 4355 4353 4352 4352 4354 4357 4360 4363 4364 4360 4350 4340 4336 4340 4342 4343 4344 4344 4347 4353 4360 4364 4361 4352 4346 4348 4350 4348 4344 4339 4332 4332 4331 4330 4328 4334 4333 4328 4323 4318 4318 4317 4315 4315 4321 4336 4319 4330 4331 4326 4323 4322 4322 4323 4320 4318 4323
4344 4341 4341 4347 4356 4362 4362 4359 4356 4362 4368 4366 4362 4358 4355 4353 4350 4345 4342 4341 4343 4345 4346 4347 4348 4347 4343 4345 4346 4345 4347 4350 4354 4357 4360 4362 4357 4342 4336 4333 4332 4336 4340 4345 4351 4358 4365 4375 4381 4380 4376 4369 4358 4353 4349 4345 4339 4332 4331 4330 4328 4328 4338 4335 4332 4330 4329 4328 4325 4321 4325 4327 4338 4335 4298 4297 4312 4305 4311 4318 4318 4325 4332 4326
4342 4341 4341 4346 4356 4359 4360 4358 4357 4356 4362 4364 4362 4359 4356 4352 4345 4344 4344 4343 4343 4344 4347 4347 4346 4344 4341 4342 4335 4337 4342 4347 4351 4354 4356 4358 4356 4334 4330 4323 4322 4330 4338 4345 4356 4370 4388 4385 4386 4383 4388 4400 4378 4365 4355 4348 4342 4338 4335 4332 4330 4331 4329 4331 4334 4336 4341 4338 4333 4329 4328 4330 4339 4338 4330 4319 4318 4318 4316 4315 4316 4324 4321 4322
4340 4333 4343 4348 4357 4359 4360 4360 4361 4363 4361 4361 4360 4359 4356 4353 4351 4348 4345 4344 4344 4345 4346 4346 4346 4345 4345 4341 4331 4335 4341 4345 4347 4349 4350 4348 4342 4335 4326 4308 4313 4325 4336 4345 4356 4370 4380 4385 4384 4377 4387 4407 4396 4375 4360 4350 4345 4344 4339 4334 4330 4328 4329 4332 4337 4339 4338 4338 4339 4339 4334 4326 4329 4330 4332 4332 4329 4325 4319 4318 4323 4332 4336 4325
4339 4344 4347 4357 4359 4360 4360 4360 4361 4362 4360 4359 4358 4357 4355 4354 4355 4355 4347 4345 4346 4347 4348 4349 4348 4347 4346 4344 4342 4343 4343 4344 4345 4346 4347 4343 4339 4341 4328 4314 4314 4325 4335 4340 4351 4363 4375 4382 4384 4377 4381 4392 4393 4373 4358 4352 4347 4343 4338 4334 4330 4329 4337 4343 4342 4339 4338 4338 4341 4343 4338 4327 4325 4327 4331 4335 4338 4332 4322 4322 4326 4338 4342 4333
4343 4341 4340 4352 4360 4359 4358 4358 4359 4361 4365 4360 4357 4355 4353 4354 4353 4348 4346 4347 4349 4351 4352 4352 4352 4350 4347 4349 4355 4353 4344 4342 4343 4345 4346 4348 4345 4339 4332 4326 4323 4326 4330 4333 4343 4354 4365 4373 4380 4378 4376 4374 4377 4369 4358 4354 4350 4346 4341 4335 4331 4333 4344 4352 4344 4338 4334 4334 4339 4346 4335 4319 4320 4330 4338 4338 4332 4322 4321 4324 4332 4341 4343 4336
4348 4342 4342 4344 4354 4357 4356 4355 4353 4352 4365 4359 4353 4351 4352 4353 4353 4349 4349 4351 4352 4353 4355 4356 4357 4356 4352 4343 4342 4339 4338 4339 4341 4342 4343 4342 4337 4331 4326 4327 4328 4329 4327 4328 4335 4343 4352 4358 4364 4370 4369 4369 4370 4368 4363 4359 4353 4348 4342 4336 4332 4336 4340 4344 4338 4335 4332 4331 4333 4332 4342 4320 4322 4333 4346 4342 4329 4324 4324 4328 4337 4346 4345 4341
4343 4337 4341 4341 4351 4353 4352 4350 4347 4348 4356 4349 4344 4345 4348 4351 4353 4356 4357 4357 4358 4359 4360 4361 4362 4361 4353 4340 4330 4321 4329 4335 4339 4342 4343 4339 4332 4321 4322 4334 4339 4332 4327 4323 4328 4335 4340 4342 4348 4357 4363 4369 4373 4372 4369 4365 4357 4346 4337 4336 4336 4332 4331 4327 4331 4332 4331 4329 4330 4335 4347 4343 4334 4337 4346 4344 4334 4334 4330 4331 4338 4344 4343 4346
4342 4341 4343 4338 4350 4349 4347 4344 4341 4340 4344 4331 4335 4343 4348 4352 4355 4359 4361 4361 4362 4362 4363 4364 4366 4369 4362 4349 4334 4323 4328 4333 4338 4343 4346 4346 4336 4327 4326 4337 4337 4330 4326 4322 4327 4332 4335 4336 4343 4356 4360 4363 4369 4376 4381 4372 4360 4349 4340 4338 4336 4330 4329 4332 4335 4335 4333 4332 4332 4338 4352 4364 4357 4344 4348 4347 4342 4336 4334 4333 4333 4332 4339 4351
4344 4343 4348 4349 4350 4345 4341 4338 4335 4333 4334 4333 4338 4343 4349 4354 4361 4365 4366 4365 4363 4362 4363 4363 4364 4364 4357 4346 4336 4333 4330 4333 4337 4342 4347 4350 4339 4327 4322 4329 4327 4325 4323 4326 4329 4333 4337 4340 4344 4354 4358 4359 4364 4372 4377 4371 4361 4351 4343 4336 4315 4314 4327 4339 4343 4340 4338 4336 4337 4347 4362 4361 4351 4350 4354 4352 4347 4338 4338 4338 4334 4333 4344 4356
4340 4340 4343 4342 4340 4339 4336 4333 4330 4327 4327 4332 4342 4345 4350 4353 4356 4359 4365 4364 4363 4362 4361 4361 4358 4352 4346 4340 4335 4329 4330 4332 4335 4339 4343 4343 4338 4331 4325 4332 4335 4329 4326 4327 4330 4334 4338 4341 4348 4355 4357 4359 4361 4368 4366 4362 4360 4354 4347 4342 4321 4318 4330 4344 4347 4342 4340 4340 4341 4344 4351 4349 4345 4341 4351 4355 4351 4344 4343 4343 4341 4346 4333 4394
