real_craters/C186-300m.grd
DSAA
558 558
-83.615 83.615
-83.615 83.615
2740.287285916 5387.4788885561
[rows 30 to 59 of 558, columns 402 to 468 of 558]
4372.34 4375.73 4378.51 4381.1 4383.46 4385.91 4388.3 4390.15 4392.43 4394.59 4397.15 4399.39 4400.22 4402.99 4405.84 4408.9 4411.33 4410.97 4410.13 4409.73 4409.68 4409.7 4410.38 4411.26 4411.49 4411.57 4412.12 4412.88 4413.88 4415.05 4416.37 4417.79 4419.07 4420.3 4421.48 4422.59 4423.27 4423.69 4424.1 4425.64 4427 4429.38 4434.03 4434.49 4435.81 4437.09 4437.95 4438.16 4437.83 4438.38 4437.85 4437.15 4436.46 4436.25 4436.19 4436.08 4436.15 4437.5 4440.17 4443.02 4445.24 4446.4 4447.41 4448.51 4449.66 4450.66 4451.02
4374.84 4377.31 4379.77 4382.05 4384.39 4386.52 4388.64 4390.53 4392.6 4394.18 4396.21 4398.22 4399.19 4401.46 4403.65 4406.02 4408.21 4408.98 4408.69 4408.7 4409.08 4409.33 4410.09 4411.17 4411.22 4411.5 4412.07 4413.03 4414.19 4415.41 4416.55 4417.9 4419.13 4420.42 4421.47 4422.62 4423.67 4424.77 4425.6 4427.24 4429.25 4430.96 4431.47 4432.57 4433.85 4435.17 4436.26 4436.82 4436.92 4437.09 4436.66 4436.34 4436.32 4436.38 4436.57 4436.57 4436.76 4437.29 4438.82 4440.55 4442.17 4443.97 4445.37 4446.43 4447.23 4448.22 4449.33
4377.34 4379.04 4380.9 4382.74 4384.82 4386.77 4388.71 4390.36 4392.2 4394.06 4395.81 4397.48 4397.96 4399.69 4401.12 4402.27 4403.63 4405.56 4406.58 4407.25 4407.87 4408.2 4408.79 4409.33 4410.05 4410.8 4411.76 4412.92 4414.22 4415.54 4416.8 4417.94 4419.24 4420.4 4421.65 4422.9 4424.35 4426.35 4427.76 4428.58 4429.86 4429.97 4429.2 4430.01 4431.78 4433.45 4434.92 4436.38 4436.84 4436.25 4435.66 4435.3 4436.06 4436.71 4436.94 4437.34 4437.64 4436.85 4437.35 4439.07 4440.35 4442.3 4443.77 4444.73 4445.48 4446.72 4448.1
4377.7 4379.63 4381.82 4383.71 4385.61 4387.23 4388.97 4390.68 4392.48 4394.07 4395.56 4396.94 4397.67 4398.79 4399.47 4399.65 4400.65 4402.89 4404.53 4405.78 4406.37 4407.01 4407.47 4407.99 4408.69 4409.95 4411.39 4412.78 4414.29 4415.65 4416.93 4418.19 4419.39 4420.46 4421.57 4422.85 4424.4 4426.34 4427.76 4428.67 4429.45 4428.75 4426.61 4428.07 4430.16 4431.97 4433.53 4434.84 4435.59 4435.33 4435 4435.18 4436.47 4437.88 4438.12 4439.16 4438.82 4438.12 4438.22 4439.24 4440.59 4441.9 4443.05 4444.02 4444.79 4446.32 4447.88
4378.9 4380.67 4382.75 4384.51 4386.2 4387.88 4389.44 4391 4392.7 4394.09 4395.3 4396.48 4396.93 4397.85 4398.53 4399.03 4399.16 4401.05 4403.21 4404.72 4405.54 4406.25 4406.48 4406.28 4407.16 4409.42 4411.36 4412.95 4414.46 4415.73 4417.01 4418.2 4419.13 4420.41 4421.49 4422.46 4423.7 4425.2 4426.67 4427.9 4428.75 4428.32 4427.62 4428.13 4429.43 4430.92 4432.28 4433.52 4434.23 4434.39 4434.44 4435.12 4437.04 4439.58 4443.48 4442.79 4439.94 4440.09 4439.62 4439.75 4440.89 4441.78 4443 4444.36 4445.67 4447.44 4449.06
4380.53 4382.03 4383.79 4385.34 4386.87 4388.37 4389.74 4391.12 4392.64 4393.87 4394.94 4396 4396.42 4397.38 4398.23 4399.13 4400.01 4401.18 4402.8 4404.24 4405.38 4406.07 4406.52 4406.77 4407.98 4409.96 4411.79 4413.31 4414.62 4415.98 4417.15 4418.19 4419.18 4420.06 4420.92 4421.87 4422.6 4423.58 4425.17 4426.77 4427.9 4427.97 4428.12 4428.44 4429.1 4430.2 4431.24 4431.96 4433.02 4433.43 4434.24 4435.37 4437.02 4439.32 4441.59 4441.14 4439.71 4439.95 4439.53 4439.56 4439.95 4441.35 4443.49 4445.58 4447.7 4449.75 4451.75
4381.91 4383.17 4384.86 4386.2 4387.44 4388.8 4390.03 4390.86 4392.07 4393.19 4394.18 4395.22 4396.22 4397.05 4398.1 4399.44 4401.11 4402.02 4403.22 4404.51 4405.7 4406.42 4407.42 4408.65 4410.07 4411.04 4412.41 4413.7 4414.91 4416.03 4417.26 4418.3 4418.99 4419.91 4421.05 4421.69 4422.03 4422.38 4424 4425.55 4426.72 4427.08 4427.31 4427.73 4428.67 4429.72 4430.52 4431.07 4431.75 4432.21 4433.03 4434.51 4436.18 4437.88 4438.41 4436.99 4436.36 4437.05 4438.68 4439.61 4440.3 4442.07 4444.71 4447.21 4449.7 4452.55 4455.43
4383.39 4384.85 4385.98 4386.76 4387.71 4388.68 4389.71 4391.63 4393.32 4394.38 4395.27 4396.14 4396.64 4397.4 4398.21 4399.42 4401.01 4402.33 4403.37 4404.46 4405.67 4406.77 4408.08 4409.6 4410.97 4412.24 4413.35 4414.45 4415.44 4416.54 4417.3 4418.28 4419.53 4420.34 4421.17 4421.83 4422.59 4422.88 4423.62 4424.5 4425.46 4426.14 4426.49 4426.99 4428.57 4429.67 4430.35 4430.82 4430.89 4430.88 4431.19 4432.9 4435.22 4437.15 4438.36 4439.11 4438.13 4437.87 4439.41 4440.76 4442.05 4443.94 4446.72 4449.5 4452.29 4455.34 4459.01
4384.41 4386.58 4386.64 4387.39 4388.41 4389.55 4390.59 4391.37 4392.38 4393.31 4394.29 4395.24 4396.15 4397.13 4398.06 4399.22 4401.77 4402.8 4403.81 4404.96 4406.04 4407.4 4408.95 4410.5 4412.25 4413.4 4414.23 4415.27 4415.9 4416.91 4418.05 4418.9 4419.76 4420.69 4421.46 4422.16 4423.16 4423.96 4423.49 4423.56 4424.42 4425.74 4426.92 4427.95 4429.42 4430.32 4430.75 4430.8 4430.65 4430.15 4429.95 4432.12 4435 4437.54 4439.34 4440.5 4443.44 4441.4 4441.61 4442.73 4444.63 4446.98 4449.02 4451.4 4454.28 4457.39 4461.17
4384.17 4384.44 4385.74 4386.83 4387.89 4388.79 4389.95 4391.21 4392.23 4393.01 4394.04 4395.07 4396.07 4397.22 4398.67 4400.63 4402.45 4402.92 4403.84 4405.04 4406.13 4407.67 4409.4 4411.18 4413.1 4414.06 4414.99 4415.74 4416.76 4417.72 4418.5 4419.35 4420.26 4421.24 4421.98 4422.6 4423.15 4423.29 4423.17 4422.66 4423.77 4426.07 4428.25 4430.26 4430.96 4431.47 4431.94 4431.9 4431.27 4430.53 4430.33 4432.6 4435.69 4438.85 4442.18 4446.87 4446.45 4444.36 4443.63 4444.35 4446.39 4448.96 4450.27 4452.56 4455.25 4458.27 4461.59
4383.66 4383.52 4385.04 4386.64 4387.91 4389.07 4390.07 4391.05 4391.86 4392.89 4393.92 4394.93 4395.92 4396.96 4398.39 4400.02 4401.14 4402.04 4403.31 4404.75 4406.04 4407.67 4409.47 4411.27 4412.87 4414.22 4415.21 4416.12 4417.24 4418.22 4419.24 4420.25 4421.11 4421.82 4422.46 4423.04 4423.72 4424.13 4423.95 4423.38 4424.74 4427.23 4429.55 4431.74 4432.08 4432.38 4433.15 4433.19 4432.39 4431.82 4432.08 4434 4436.83 4440.06 4443.59 4446.55 4446.27 4445 4444.51 4444.71 4445.76 4447.39 4449.38 4452.44 4455.33 4458.23 4461.18
4383.83 4384.33 4385.59 4386.82 4388.01 4389.02 4390.02 4391.06 4391.92 4392.96 4393.99 4394.97 4395.81 4396.4 4396.67 4397.03 4398.6 4400.59 4402.41 4403.91 4405.69 4407.47 4409.33 4411.15 4412.91 4414.5 4415.75 4416.87 4417.53 4419.05 4420.12 4421.07 4421.69 4422.47 4423.14 4423.68 4424.28 4425.12 4426.06 4427.06 4427.8 4429.11 4430.55 4431.75 4432.24 4432.6 4432.92 4433.45 4433.34 4433.17 4433.68 4435.5 4437.92 4440.71 4443.62 4446.14 4446.35 4445.35 4444.56 4444.12 4444.15 4444.76 4447.05 4450.23 4454.08 4457.65 4460.82
4384.17 4385.1 4386.39 4387.31 4388.08 4389.01 4389.84 4390.84 4391.84 4392.89 4393.94 4394.96 4395.82 4396.25 4395.71 4395.47 4397.55 4399.64 4401.68 4403.33 4405.17 4407.11 4408.99 4410.94 4412.95 4414.59 4415.5 4417.18 4418.56 4419.33 4420.63 4421.91 4422.69 4423.51 4424.19 4424.62 4425.38 4426.75 4428.4 4430.06 4430.68 4431.11 4431.62 4431.83 4432.24 4432.64 4432.96 4433.65 4434.15 4434.67 4435.39 4436.74 4438.59 4440.77 4443.02 4445.32 4446.43 4445.18 4443.93 4443.05 4442.6 4442.86 4445.41 4448.79 4453.23 4457.18 4460.71
4384.21 4385.61 4387.14 4387.6 4388.03 4388.89 4389.73 4390.7 4391.7 4392.75 4393.83 4394.94 4396.04 4397.12 4397.54 4401.28 4398.54 4399.25 4401.27 4402.8 4404.89 4406.65 4408.52 4410.32 4412.16 4413.82 4415.36 4416.59 4418.27 4420.49 4421.37 4422.79 4424.17 4425.07 4425.56 4425.93 4426.59 4428.43 4430.52 4432.3 4432.74 4432.9 4433.02 4433.01 4433.07 4433.08 4433.17 4434.1 4434.98 4435.89 4436.76 4437.61 4438.83 4440.35 4442.18 4444.61 4445.59 4444 4442.78 4441.83 4441.43 4442.12 4445.72 4450.52 4453.59 4456.71 4460.21
4383.62 4384.84 4386.09 4387.01 4387.74 4388.68 4389.61 4390.67 4391.3 4392.37 4393.48 4394.66 4395.99 4397.93 4399.17 4387.56 4395.51 4398.76 4400.57 4402.48 4404.4 4406.31 4408.01 4409.47 4410.99 4412.57 4414.6 4416.71 4418.88 4420.56 4423.14 4424.83 4425.88 4426.93 4427.57 4427.73 4428.44 4430.55 4432.51 4433.88 4434.47 4434.53 4434.52 4434.61 4434.47 4433.88 4433.71 4434.88 4435.8 4436.52 4437.33 4438.09 4438.82 4439.55 4440.35 4441.5 4441.98 4441.69 4441.15 4440.64 4440.56 4441.32 4445.59 4451.47 4453.49 4455.57 4458.02
4382.47 4383.18 4384.02 4386.05 4387.3 4388.46 4389.64 4390.66 4391.23 4392.32 4393.37 4394.38 4395.18 4396.25 4398.19 4402.23 4397.93 4399.24 4400.58 4402.35 4404.13 4406.01 4407.64 4408.95 4410.11 4411.48 4413.97 4416.79 4419.47 4421.86 4423.71 4425.76 4427.62 4429.27 4430.36 4430.87 4431.46 4433.55 4435.16 4435.98 4436.18 4435.98 4435.73 4435.66 4435.42 4434.59 4434.7 4435.63 4436.67 4438.03 4438.21 4438.38 4438.65 4438.82 4438.48 4438.29 4439.03 4439.52 4439.67 4439.74 4439.95 4440.94 4444.54 4449.57 4452.23 4454 4455.17
4381.36 4382.72 4383.77 4385.86 4387.16 4388.26 4389.23 4390.22 4390.79 4391.89 4392.93 4393.9 4394.32 4393.97 4393.72 4397.39 4399.05 4399.93 4400.85 4402.54 4404.39 4406.04 4407.64 4408.94 4410.04 4411.29 4414.19 4417.43 4420.13 4422.76 4425.35 4427.81 4430.27 4431.73 4433.51 4435.32 4436.51 4437.41 4438.28 4438.47 4437.93 4437.24 4436.57 4436.05 4435.65 4435.08 4435.43 4436.3 4436.94 4437.72 4438.29 4438.49 4438.7 4438.68 4438.49 4437.1 4437.61 4438.11 4438.55 4439.01 4439.82 4441.23 4444.19 4447.96 4450.89 4452.93 4454.4
4380.5 4382.66 4385.35 4386.39 4387.07 4387.91 4388.7 4389.6 4390.33 4391.46 4392.55 4393.64 4394.42 4395.23 4395.4 4396.18 4398.34 4399.73 4401.29 4402.96 4404.77 4406.48 4408.14 4409.93 4411.31 4412.92 4415.65 4418.59 4421.75 4424.41 4426.81 4428.91 4431.23 4434.71 4436.88 4439.22 4440.48 4440.79 4440.96 4440.4 4439.32 4438.22 4437.14 4436.07 4435.36 4436.11 4437.14 4437.21 4437.08 4437.1 4438.06 4438.84 4439.17 4439.03 4438.41 4437.38 4436.61 4437.35 4438.07 4438.92 4439.86 4441.17 4443.86 4447.53 4450.17 4452.45 4454.62
4379.51 4381.72 4384.29 4385.69 4386.37 4387.19 4388.19 4389.23 4390.01 4391.22 4392.37 4393.62 4394.84 4396.12 4395.97 4396.39 4398.61 4400.27 4401.99 4403.47 4405.38 4407.33 4409.38 4411.32 4413.29 4415.45 4417.93 4420.63 4422.82 4425.12 4427.53 4430.24 4433.12 4436.03 4439.82 4442.78 4443.66 4443.21 4442.61 4441.54 4440.25 4438.99 4437.78 4436.53 4435.36 4437.58 4438.69 4438.27 4437.74 4437.74 4438.76 4439.88 4440.44 4440.27 4439.24 4439.02 4437.61 4437.8 4438.5 4439.35 4440.42 4441.69 4443.9 4447.08 4449.59 4452.14 4454.09
4378.28 4380.38 4382.61 4384.15 4385.18 4386.32 4387.47 4388.56 4389.35 4390.57 4391.83 4393.24 4394.8 4396.38 4397.66 4398.36 4399.58 4401.06 4402.59 4404.35 4405.98 4408.05 4410.29 4412.78 4415.36 4417.22 4419.75 4422.8 4424.56 4426.32 4428.39 4430.73 4433.59 4436.72 4441.37 4446.25 4446.05 4444.16 4442.74 4441.75 4440.65 4439.55 4438.55 4437.78 4437.84 4438.97 4439.97 4439.46 4438.62 4438.64 4440.11 4441.6 4442.61 4442.9 4442.25 4441.47 4440.1 4439.33 4439.51 4440.42 4441.65 4443.15 4444.25 4445.98 4448.88 4452 4454.81
4376.87 4378.94 4380.26 4381.75 4383.93 4385.34 4386.57 4387.79 4388.78 4389.93 4391.16 4392.57 4394.3 4396.77 4399.81 4400.2 4400.46 4401.52 4403 4404.79 4406.2 4408.42 4410.97 4414.03 4417.72 4422.6 4426.32 4425.55 4425.57 4426.62 4428.43 4430.58 4432.55 4435.58 4439.29 4443.71 4444.08 4443.17 4442.24 4441.52 4440.7 4439.7 4439.04 4438.74 4439.18 4442.6 4441.57 4440.72 4440.16 4440.52 4441.9 4443.67 4445.42 4446.6 4446.35 4443.97 4441.94 4440.57 4440.6 4441.33 4442.69 4444.8 4445.36 4445.14 4448.23 4451.33 4455.49
4375.88 4377.89 4379.56 4381.18 4383.42 4384.85 4385.88 4387.07 4388.13 4389.04 4390.15 4391.35 4392.87 4394.66 4399.28 4399.65 4400.21 4401.36 4402.9 4404.48 4406.54 4408.44 4411.05 4414.19 4418.13 4423.47 4425.77 4425.01 4425.35 4426.31 4427.84 4429.78 4431.36 4433.38 4434.67 4435.45 4438.81 4440.7 4441.4 4440.85 4440.18 4439.6 4439.17 4439.03 4439.64 4440.1 4441.75 4441.69 4441.32 4442.17 4443.83 4445.66 4447.88 4450.25 4451.17 4449.29 4444.52 4441.89 4441.66 4441.98 4442.96 4445.04 4446.33 4446.57 4448.47 4449.51 4449.87
4375.21 4377.27 4380.04 4383.94 4382.71 4383.68 4385.3 4386.5 4387.54 4388.28 4389.15 4390.05 4391.39 4393.18 4393.07 4396.84 4398.92 4400.59 4402.25 4404.09 4406.11 4408.09 4410.22 4413.03 4416.12 4418.25 4419.43 4422.09 4423.66 4425.3 4426.77 4428.72 4430.13 4431.62 4431.93 4432.14 4435.46 4438.2 4439.73 4439.57 4439.3 4439.1 4439.03 4438.78 4438.1 4438.75 4441.44 4442.59 4443.52 4444.12 4445.31 4446.86 4448.7 4450.53 4450.88 4449.67 4445.59 4443.47 4442.65 4442.32 4442.31 4442.7 4446.24 4450.12 4449.96 4449.28 4447.89
4374.74 4376.52 4377.61 4376.52 4380.59 4383.07 4384.53 4385.74 4386.64 4387.37 4387.94 4388.39 4388.86 4389.98 4392.27 4395.56 4398.05 4400.02 4401.93 4403.89 4405.87 4408.02 4409.95 4412.09 4413.83 4416.12 4419.09 4419.68 4421.42 4423.73 4426.15 4427.94 4429.95 4431.34 4432.1 4432.51 4434.09 4435.77 4437.07 4437.59 4437.91 4438.12 4438.54 4439.07 4439.95 4440.34 4441.6 4443.33 4444.58 4445.32 4446 4446.98 4447.92 4447.99 4446.01 4443.88 4443.94 4444.03 4443.2 4442.79 4442.2 4441.07 4445.01 4450.99 4451.18 4451.57 4452.06
4374.7 4376.21 4377.22 4378.7 4380.5 4382.94 4384.54 4385.83 4386.79 4387.48 4387.88 4387.91 4387.58 4389.79 4395.36 4395.73 4396.99 4398.69 4400.66 4402.6 4404.77 4406.79 4408.67 4410.2 4411.54 4412.28 4412.87 4415.32 4419.16 4422.66 4426.03 4428.01 4430.19 4431.68 4433.2 4433.73 4433.49 4433.46 4434.36 4435.54 4436.53 4437.48 4438.52 4439.53 4440.85 4440.93 4442.77 4444 4444.74 4445.14 4445.53 4446.25 4446.75 4445.91 4442.23 4440.19 4441.59 4442.84 4443.27 4443.71 4444.08 4444.49 4445.96 4448.58 4450.63 4453.56 4456.03
4375.13 4376.81 4378.3 4380.01 4381.56 4383.35 4384.65 4385.84 4386.72 4387.53 4387.87 4388.05 4388.87 4390.73 4393.33 4394.83 4396.33 4398.08 4400.05 4402.04 4404.22 4406.22 4408.03 4409.52 4410.33 4409.72 4408.13 4412.82 4418.38 4422.63 4425.91 4428.17 4430.6 4432.38 4434.37 4434.28 4433.11 4431.7 4432.39 4433.79 4435.04 4436.3 4437.7 4439.32 4441.74 4444.19 4443.76 4444.12 4444.73 4444.03 4444.17 4444.81 4445.59 4445.63 4440.87 4438.99 4440.27 4441.44 4443.3 4444.85 4446.46 4447.92 4447.33 4446.43 4448.88 4452.01 4454.22
4375.81 4377.55 4379.32 4381.02 4382.78 4383.99 4385.01 4386.07 4386.97 4387.75 4388.11 4388.35 4388.65 4389.48 4391.1 4393.33 4395.45 4397.47 4399.53 4401.65 4403.91 4405.97 4407.5 4409.24 4410.76 4411.63 4412.94 4416.35 4419.93 4423.25 4426.29 4428.63 4430.93 4432.77 4434.93 4434.5 4433.02 4432.46 4432.02 4432.66 4433.81 4435.19 4436.71 4438.3 4440.06 4442.48 4442.19 4441.38 4441.69 4440.79 4441.3 4442.42 4443.46 4443.24 4440.12 4439.06 4440.32 4442.16 4443.95 4445.54 4448.06 4450.52 4448.54 4445.69 4448.09 4450.75 4452.98
4376.27 4377.96 4379.94 4383.02 4384.55 4384.45 4385.13 4386.23 4387.12 4388.12 4388.49 4388.54 4389.08 4388.6 4389.72 4391.99 4394.17 4396.65 4398.97 4401.22 4403.55 4406.33 4408.38 4410.23 4412.23 4414.66 4418.33 4420.94 4422.17 4424.61 4426.78 4429.26 4431.19 4432.15 4433.06 4432.6 4431.58 4430.99 4430.91 4431.38 4432.5 4433.87 4435.46 4437 4438.27 4440.81 4438.15 4433.77 4433.05 4435.24 4437.7 4439.8 4441.16 4441.34 4440.04 4439.39 4440.2 4443.07 4443.61 4444.68 4447.48 4451.1 4450.69 4450.13 4451.19 4451.33 4453.39
4376.34 4378.01 4379.6 4381.39 4382.55 4383.63 4385 4386.32 4387.57 4388.79 4389.19 4388.67 4387.57 4388.01 4388.79 4391.02 4393.58 4396.39 4399.17 4401.8 4404.39 4406.92 4409.18 4411.34 4413.62 4416.08 4419.14 4421.42 4422.92 4425.59 4427.81 4430.32 4431.86 4431.99 4431.16 4430.73 4429.55 4428.28 4428.83 4429.79 4431.03 4432.7 4434.26 4435.41 4437.86 4437.17 4434.06 4425.78 4424.74 4430.77 4434.83 4437.58 4439.26 4439.89 4439.69 4439.02 4438.76 4437.98 4439.33 4442.57 4444.46 4446.48 4451.54 4456.14 4456.01 4454.17 4455.42
4376.34 4377.44 4378.58 4379.77 4381.13 4382.67 4384.37 4386.53 4388.27 4389.72 4390.65 4389.93 4387.79 4386.79 4387.76 4390.25 4393.01 4396.4 4399.43 4402.28 4405.08 4407.59 4409.89 4412.56 4414.61 4416.44 4417.84 4419.39 4422.56 4426.26 4428.96 4431.82 4433.89 4433.96 4431.56 4430.85 4428.64 4426.91 4427.12 4428.37 4429.72 4431.01 4432.66 4433.43 4433.52 4436.19 4435.01 4430.45 4428.34 4431.15 4434.13 4436.55 4438.18 4438.79 4438.8 4438.23 4437.96 4438.18 4439.78 4442.19 4444.64 4447.27 4451.84 4456.07 4456.8 4456.75 4457.04
