real_craters/C186-300m.grd
DSAA
558 558
-83.615 83.615
-83.615 83.615
2740.287285916 5387.4788885561
[rows 390 to 419 of 558, columns 67 to 133 of 558]
4358.1 4360.25 4363.02 4365.48 4366.86 4366.94 4366.45 4365.66 4365.78 4365.25 4364.27 4363.62 4363.01 4361.53 4360.82 4355.13 4353.16 4352.11 4347.82 4347.07 4345.75 4344.55 4343.28 4341.68 4340.32 4339.16 4338.05 4336.94 4333.84 4333.03 4332.1 4331.14 4325.07 4325.2 4325.37 4325.14 4326.06 4326.55 4327.1 4328.55 4331.09 4335.12 4340.04 4347.23 4354.79 4357.53 4358.84 4361.09 4364.33 4368.57 4373.18 4377.96 4381.51 4378.95 4377.34 4374.13 4367.99 4362.77 4358.67 4355.42 4352.82 4351.37 4352.79 4354.41 4352.5 4351.45 4352.6
4356.86 4358.39 4359.46 4360.58 4361.11 4361.28 4361.26 4360.77 4360.78 4359.85 4358.98 4358.06 4357.53 4356.68 4351.93 4351.21 4349.89 4349.1 4344.58 4344 4342.7 4341.57 4340.95 4339.86 4338.64 4337.54 4336.29 4335.24 4332.17 4330.48 4329.84 4328.68 4323.32 4323.56 4323.83 4323.99 4325 4325.46 4326.02 4327.51 4330.37 4334.61 4338.97 4345 4351.45 4354.96 4357.62 4361.09 4365.15 4370.01 4375.57 4381.27 4385.33 4384.38 4381.53 4378.44 4372.2 4366.52 4361.92 4358.61 4356.45 4355.98 4356.18 4354.01 4350.65 4346.97 4348.7
4353.99 4355.1 4355.74 4356.04 4355.88 4355.82 4356.13 4355.94 4355.72 4354.8 4353.69 4354.87 4354.07 4353.32 4349.32 4348.28 4347.28 4346.41 4341.59 4340.47 4339.26 4338.92 4337.66 4336.69 4335.62 4335.12 4334.04 4333.02 4330.26 4328.88 4328.67 4327.03 4322.06 4322.34 4322.65 4323.55 4323.88 4324.27 4324.71 4325.58 4327.23 4330.6 4334.87 4339.95 4345.37 4350.17 4354.52 4359.08 4363.91 4369.24 4375.06 4381.04 4387.19 4385.02 4381.34 4377.26 4372.61 4367.75 4363.53 4360.34 4358.28 4357.52 4357.29 4353.74 4349.77 4347.08 4347.22
4350.46 4351.77 4352.59 4352.47 4350.98 4350.44 4352.36 4352.42 4352.03 4351.23 4350.14 4349.37 4348.38 4348.63 4344.34 4343.85 4343.4 4343.08 4338.59 4337.72 4336.61 4335.79 4334.49 4333.8 4332.82 4332.04 4331.26 4330.8 4328.7 4327.68 4327.22 4324.82 4321.09 4321.43 4321.81 4322.3 4322.68 4323.05 4323.28 4323.42 4323.31 4325.69 4330.07 4334.04 4338.68 4344.7 4350.35 4355.63 4360.87 4366.23 4371.66 4376.65 4380.73 4380.33 4377.98 4374.73 4371.02 4366.97 4363.26 4360.14 4357.75 4355.99 4354.37 4350.4 4348.52 4347.68 4347.15
4349.52 4349.97 4350.62 4350.85 4350.57 4350.73 4350.91 4350 4348.92 4347.67 4346.48 4345.68 4344.78 4344.2 4340.55 4340.17 4340.14 4339.27 4335.67 4334.65 4334.76 4333.8 4332.85 4331.92 4331.01 4330.14 4329.42 4327.57 4327.31 4326.79 4326.04 4324.1 4319.71 4320.11 4320.56 4320.98 4321.54 4322.1 4322.5 4322.56 4322.31 4324.01 4327.15 4329.56 4333.44 4340.04 4346 4351.45 4356.64 4361.64 4366.31 4370.07 4372.4 4372.93 4372.33 4371.34 4368.16 4364.72 4361.7 4358.72 4355.94 4352.76 4348.42 4345.89 4346.01 4346.31 4346.23
4347.99 4348.96 4349.43 4350.07 4351.36 4352.7 4350.25 4347.68 4345.77 4344.67 4343.2 4342.27 4341.53 4341.45 4337.41 4337.63 4336.68 4336.08 4333.79 4333.08 4332.54 4331.74 4330.97 4330.2 4330.27 4329.53 4328.78 4326.6 4325.35 4325.14 4324.56 4322.07 4318.82 4319.26 4319.77 4320.2 4320.92 4321.75 4322.5 4323.35 4324.49 4325.38 4326.78 4328.99 4332.16 4336.92 4342.09 4347.11 4351.85 4356.25 4360.26 4363.47 4365.26 4366.04 4365.65 4366.24 4364.24 4361.44 4358.88 4356.35 4353.82 4350.84 4346.5 4343 4343.86 4343.6 4343.88
4349.36 4348.58 4348.02 4348.15 4349.24 4351.71 4347.13 4344.25 4342.24 4341.14 4339.91 4339.28 4338.31 4337.66 4334.59 4334.57 4333.75 4332.62 4330.36 4330.66 4330.12 4329.43 4328.95 4328.16 4327.54 4326.94 4326.4 4324.79 4323.99 4324 4323.03 4321.22 4318 4318.48 4318.79 4319.68 4320.54 4321.61 4322.86 4324.37 4326 4326.47 4326.82 4328.61 4331.25 4334.57 4338.57 4342.79 4346.82 4350.54 4353.7 4356.62 4359.06 4360.36 4360.53 4361.18 4359.01 4357.4 4355.92 4354.17 4352.2 4349.56 4345.69 4343.81 4343.49 4343.49 4344.21
4349.91 4347.31 4345.37 4344.29 4343.25 4339.44 4340.3 4339.14 4338.03 4337.47 4336.73 4336.55 4335.05 4335 4331.32 4331.33 4330.54 4329.46 4327.91 4328.44 4327.75 4327.2 4327.16 4326.77 4326.24 4325.77 4325.27 4323.58 4322.71 4322.52 4321.43 4320.67 4317.45 4317.82 4317.71 4318.49 4319.56 4320.93 4322.66 4324.96 4326.88 4326.45 4325.79 4326.8 4328.82 4331.76 4335.17 4338.66 4341.98 4344.91 4347.57 4349.57 4351.78 4353.11 4351.46 4351.35 4352.47 4352.7 4352.32 4351.59 4350.34 4349.13 4347.61 4344.3 4343.46 4343.68 4343.87
4347.33 4344.02 4341.23 4339.24 4337.94 4338.26 4335.96 4333.62 4332.55 4332.31 4332.26 4333.06 4332.22 4332.43 4328.98 4328.27 4327.71 4326.03 4326.04 4325.35 4324.94 4324.52 4324.95 4324.13 4323.71 4324.01 4323.58 4322.1 4321.38 4320.98 4320.11 4319.29 4317.34 4316.59 4316.76 4318.14 4319.1 4320.45 4322.08 4324.33 4326.24 4325.26 4323.62 4322.35 4325.65 4329.06 4332.19 4335.01 4337.46 4339.51 4341.12 4342.26 4342.81 4341.86 4341.16 4344.42 4346.07 4348.12 4349.11 4349.07 4348.06 4345.95 4344.4 4343.52 4341.69 4341.18 4342.03
4341.82 4338.5 4335.56 4333.16 4331.47 4330.67 4328.66 4326.93 4326.76 4326.64 4327.4 4326.95 4327.16 4326.38 4326.52 4326.45 4325.77 4324.22 4323.32 4323.05 4322.68 4322.38 4322.39 4322 4321.7 4321.86 4321.34 4321.01 4319.98 4319.16 4318.45 4318.99 4317.36 4316.72 4317.12 4317.69 4318.36 4319.32 4320.44 4322.02 4323.62 4323.59 4322.78 4322.23 4324.52 4327.39 4329.9 4332.05 4333.68 4335.07 4335.57 4335.62 4335.16 4334.64 4334.79 4335.34 4341.02 4344.67 4346.35 4346.82 4346.29 4344.58 4342.87 4341.51 4336.82 4333.51 4328.61
4333.76 4331.45 4328.95 4326.33 4323.46 4320.37 4318.62 4319.39 4320.67 4321.48 4322.39 4322.92 4323.38 4322.87 4323.4 4322.85 4323.26 4320.67 4320.33 4320.13 4319.72 4319.49 4319.2 4318.96 4318.98 4318.63 4318.38 4319.5 4319.54 4318.79 4318 4317.85 4316.95 4316.33 4316.04 4316.45 4316.94 4317.59 4318.13 4318.7 4320.11 4322.32 4323.62 4324.67 4325.84 4327.39 4328.87 4329.92 4330.75 4330.94 4330.69 4329.91 4328.46 4327.68 4328.37 4335.62 4340.68 4343.28 4344.58 4345.04 4344.89 4343.81 4339.61 4333.84 4329.73 4325.73 4321.11
4325.42 4324.36 4322.47 4319.85 4316.62 4312.6 4310.56 4313.22 4315.81 4317.52 4318.55 4319.26 4319.84 4319.56 4320.33 4320.19 4320.97 4318.84 4318.69 4318.57 4318.27 4318.17 4318.07 4317.78 4317.66 4317.51 4318.48 4318.33 4317.41 4316.99 4316.37 4316.22 4314.84 4314.91 4314.14 4314.58 4315.07 4315.63 4316.01 4316.52 4318.54 4321.97 4325.13 4327.07 4327.36 4327.81 4328.34 4328.75 4328.97 4328.63 4327.87 4326.54 4324 4320.1 4323.81 4334.06 4340.52 4342.6 4343.29 4343.21 4342.82 4342.52 4335.12 4327.56 4322.77 4320.35 4319.08
4319.5 4318.5 4317.04 4314.9 4312.2 4309.14 4307.51 4309.94 4312.42 4314.71 4315.72 4316.25 4317.29 4317.34 4317.79 4317.88 4318.04 4317.23 4316.69 4316.73 4316.5 4316.48 4316.25 4316.2 4316.13 4315.94 4316.88 4316.67 4316.26 4315.71 4315.26 4313.54 4312.43 4313.07 4312.57 4313.05 4313.59 4314.26 4314.7 4315.22 4317.99 4322.26 4326.09 4328.14 4328.34 4328.07 4328.16 4327.96 4327.8 4327.23 4326.55 4325.29 4323.77 4322.85 4326.36 4334.92 4341.08 4341.64 4341.58 4340.79 4338.99 4334.75 4328.84 4319.92 4317.13 4316.74 4316.5
4315.1 4314.12 4313.12 4311.77 4310.15 4308.87 4308.75 4309.61 4310.76 4312.51 4313.26 4314.51 4314.87 4315.24 4316.13 4316.61 4315.05 4316.3 4316.4 4315.77 4316.47 4316.49 4315.05 4315.06 4315.52 4314.96 4315.38 4314.1 4313.78 4313.23 4313.44 4312.49 4311.51 4311.93 4311.95 4312.31 4312.92 4313.57 4314.48 4315.89 4318.52 4322.63 4327.66 4329.34 4328.43 4327.9 4327.55 4327.17 4326.86 4326.53 4325.88 4325.68 4325.8 4326.73 4328.52 4334.4 4338.45 4339.79 4339.55 4338.35 4336.09 4332.33 4326.35 4319.21 4316.73 4316.37 4316.18
4311.44 4310.82 4310.47 4309.94 4309.4 4309.25 4309.23 4310.41 4311.08 4311.5 4312.29 4312.81 4314.6 4314.27 4315.38 4315.08 4314.06 4313.78 4313.8 4314.07 4314.04 4313.98 4313.18 4313.86 4313.75 4312.17 4313.36 4313.29 4313.02 4312.77 4312.52 4311.85 4310.27 4311.23 4311.7 4311.87 4312.37 4313.04 4314.17 4316.67 4318.68 4321.45 4324.58 4326.95 4327.25 4327.14 4326.98 4326.66 4326.39 4326.24 4325.87 4326.33 4327.77 4330.49 4331.9 4335.34 4337.2 4338.03 4337.63 4336.26 4334.12 4331.32 4327.29 4324.14 4321.95 4319.66 4317.39
4308.55 4308.63 4308.7 4308.87 4309.18 4309.91 4311.27 4311.43 4311.48 4311.81 4311.58 4312.11 4313.57 4312.99 4314.03 4313.69 4313 4312.84 4312.92 4312.59 4312.61 4312.59 4312.68 4312.62 4312.54 4312.11 4312.44 4311.48 4311.1 4311.08 4311.41 4310.95 4309.5 4310.81 4310.01 4310.26 4310.85 4311.61 4312.92 4315.24 4317.31 4319.43 4321.49 4323.82 4325.57 4326.39 4326.69 4326.41 4326.29 4326.25 4326.05 4326.51 4328.01 4331.81 4337.4 4337 4336.82 4336.79 4335.93 4334.48 4332.23 4329.61 4328.04 4327.35 4326.46 4324.23 4324.59
4307.16 4307.28 4307.69 4308.26 4309.13 4310.27 4310.78 4311.68 4312.12 4312.12 4311.93 4312.07 4311.2 4311.57 4312.07 4312.41 4311.28 4311.09 4311.44 4311.46 4311.52 4311.43 4311.11 4311.09 4310.54 4310.5 4310.73 4310.9 4310.73 4310.68 4308.25 4308.05 4307.32 4307.88 4308.47 4308.75 4309.34 4309.97 4311.07 4312.49 4315.53 4318.06 4319.53 4322.63 4324.7 4325.87 4326.48 4326.5 4326.54 4326.35 4326.28 4326.19 4326.2 4328.69 4335.43 4335.36 4336.32 4335.12 4333.85 4332.7 4331.64 4329.76 4327.71 4326.13 4325.09 4326.51 4327.19
4307.28 4306.5 4306.69 4307.44 4308.74 4310.54 4312.83 4313.47 4312.19 4311.19 4311.02 4310.17 4309.82 4309.29 4309.55 4311.71 4311.05 4310.22 4310.43 4310.55 4310.9 4311.03 4310.98 4310.34 4309.99 4310.01 4309.99 4308.26 4308.24 4308.18 4307.5 4306.75 4306.61 4307.1 4307.76 4307.99 4308.61 4308.95 4309.56 4311.28 4314.68 4318.5 4322.05 4323.2 4324.63 4325.73 4326.46 4326.57 4326.64 4326.67 4326.44 4326.35 4325.46 4325.19 4327.01 4330.79 4332.38 4332.15 4330.95 4329.87 4330.07 4328.46 4326.21 4325.29 4325.83 4328.08 4329.54
4306.69 4305.67 4305.68 4306.44 4307.87 4310.04 4312.53 4313.23 4311.69 4310.15 4308.88 4308.02 4308.38 4308.5 4309.01 4309.54 4308.56 4308.32 4308.47 4308.27 4308.41 4308.5 4307.99 4308.07 4308.03 4308.21 4308.11 4307.29 4307.28 4306.8 4307.87 4307.2 4307.18 4307.61 4308.21 4308.16 4308.35 4308.39 4308.81 4310.7 4314.41 4318.48 4322.05 4323.59 4324.67 4325.57 4326.25 4326.73 4327.17 4327.35 4327.45 4327.62 4327.6 4327.6 4327.53 4329.5 4330.43 4329.49 4327.51 4325.35 4323.65 4323.36 4323.2 4323.68 4325.25 4327.7 4328.83
4304.44 4304.07 4304.23 4304.81 4305.94 4307.73 4310.77 4312.75 4309.21 4307.53 4306.82 4306.19 4306.31 4307.64 4306.57 4307.19 4306.81 4307.04 4306.79 4308.02 4308.18 4307.03 4307.2 4307.33 4307.52 4306.74 4306.75 4308.14 4308.1 4307.82 4307.78 4307.22 4307.34 4307.9 4308.07 4308.06 4308.3 4308.07 4308.78 4310.97 4314.45 4317.91 4321.02 4323.1 4324.63 4325.65 4326.39 4326.96 4327.28 4327.65 4327.99 4328.82 4330.54 4330.88 4331.11 4330.57 4329.2 4327.33 4324.4 4320.94 4317.29 4318.43 4319.89 4321.12 4322.9 4324.8 4325.97
4301.7 4301.54 4301.64 4301.83 4302.37 4303.21 4304.55 4304.9 4303.31 4303.45 4303.77 4304.02 4304.25 4304.98 4305.14 4305.24 4304.95 4305.46 4305.32 4306.99 4306.51 4306.94 4307.23 4307.49 4308.06 4307.91 4308.86 4308.97 4308.77 4308.85 4308.9 4308.64 4308.7 4306.95 4307.51 4307.69 4308.04 4308.6 4309.42 4312.04 4315.52 4317.59 4320 4323 4324.4 4325.27 4325.93 4326.51 4327.05 4327.52 4327.84 4328.37 4329.45 4330.54 4330.4 4329.62 4328.32 4326.14 4321.92 4318.58 4315.78 4316.62 4318.02 4318.94 4319.43 4322.77 4323.61
4299.14 4299 4298.46 4298.53 4298.53 4298.12 4297 4292.88 4296.51 4298.83 4300.25 4301.1 4302.14 4303.35 4303.94 4304.69 4304.27 4305.93 4306.52 4306.23 4306.75 4306.77 4307.17 4307.54 4307.98 4308.04 4309.27 4309.45 4309.45 4307.72 4307.35 4307.48 4307.51 4308.08 4309.02 4308.96 4309.19 4309.8 4310.99 4313.87 4318.11 4322.54 4323.92 4324.22 4324.53 4325.01 4325.6 4326.19 4326.85 4327.49 4327.98 4327.93 4326.57 4328.19 4329.59 4328.7 4325.16 4321.04 4320.04 4318.42 4317 4317.35 4318.09 4318.49 4318.83 4320.54 4321.68
4296.76 4296.86 4296.76 4296.54 4296.01 4294.89 4293.74 4293.07 4293.9 4295.7 4298.14 4299.62 4301.52 4301.92 4303.61 4303.09 4304.76 4305.43 4306.08 4305.34 4305.92 4306.52 4307.02 4307.48 4307.7 4308.33 4307.02 4307.12 4307.36 4308.27 4308.27 4308.42 4308.52 4309.38 4308.7 4310.17 4310.24 4310.61 4312.51 4314.79 4319.24 4326.58 4326.75 4324.42 4323.8 4324.08 4324.76 4325.86 4326.66 4327.61 4328.52 4329.06 4329.58 4329.72 4329.58 4328 4324.7 4320.58 4320.82 4320.34 4319.69 4319.7 4319.86 4319.81 4319.25 4320.71 4321.29
4294.23 4294.9 4294.87 4294.52 4294.03 4293.23 4292.54 4291.6 4292.94 4294.77 4296.94 4298.52 4300.47 4301.33 4302.77 4301.98 4302.34 4302.88 4302.7 4303.2 4303.67 4304.28 4304.7 4305.09 4305.67 4305.85 4307.05 4307.4 4307.59 4308.81 4309.02 4309.28 4309.68 4309.27 4308.96 4310.13 4310.26 4310.75 4311.73 4313.18 4315.37 4318.26 4320.91 4321.43 4322.21 4323.07 4324.07 4325.23 4326.62 4327.98 4329.42 4330.61 4331.09 4331.37 4330.9 4329.69 4327.15 4325.59 4324.17 4323.79 4323.47 4322.91 4322.83 4322.77 4322.55 4322.54 4322.31
4292.04 4292.44 4292.62 4292.9 4292.73 4292.29 4292.11 4292.04 4293.2 4294.99 4296.91 4298.73 4299.92 4301.25 4302.49 4302.46 4303.39 4302.58 4302.85 4303.43 4303.96 4304.85 4305.36 4305.91 4306.37 4306.76 4308.2 4308.54 4308.81 4307.97 4308.36 4308.8 4308.88 4309.33 4309.24 4310.42 4310.31 4310.3 4311.05 4310.69 4310.18 4310.09 4314.01 4317.67 4319.92 4321.52 4322.92 4324.43 4325.97 4327.76 4329.82 4332.21 4333.72 4333.28 4332.41 4330.81 4329.93 4328.5 4327.83 4327.02 4326.38 4326.04 4325.96 4326.19 4326.42 4324.56 4323.64
4290.15 4290.53 4290.81 4291.18 4291.49 4291.75 4292.16 4292.87 4294.05 4295.5 4297.48 4299.62 4300.48 4301.03 4302.11 4303.05 4304.14 4303.39 4303.94 4304.68 4305.38 4305.52 4306.11 4306.78 4307.34 4307.42 4306.78 4307.16 4307.54 4308.48 4308.98 4309.45 4309.71 4309.89 4309.98 4311.03 4310.75 4309.54 4308.48 4309.8 4308.32 4305.15 4311.34 4315.54 4318.13 4319.98 4321.54 4323.08 4324.59 4326.55 4329.04 4332.11 4334.38 4334.16 4334.1 4333.57 4333.7 4333.1 4331.83 4330.27 4329.27 4328.68 4328.5 4328.76 4329.19 4325.74 4324.52
4288.28 4288.98 4289.79 4290.57 4291.77 4292.62 4293.28 4292.42 4291.95 4296.76 4298.78 4300.3 4301 4302.06 4302.2 4302.65 4303.32 4302.25 4303.16 4303.82 4304.45 4304.68 4305.23 4305.14 4305.99 4306.49 4307.1 4307.57 4308.11 4308.86 4309.49 4310.04 4310.5 4310.52 4311.07 4312.22 4312.21 4312.56 4312.4 4312.29 4314.19 4315.88 4314.31 4315.58 4317.21 4318.7 4320.06 4321.39 4322.87 4324.59 4326.68 4329.39 4331.57 4332.99 4334.64 4337.17 4336.58 4335.34 4334.04 4333.29 4331.64 4330.48 4330.13 4330.24 4329.73 4326.81 4324.94
4287.07 4288.23 4289.8 4291.06 4292.2 4293.6 4295.14 4297.55 4301.32 4300.64 4300.59 4301.14 4301.64 4302.42 4302.85 4303.69 4303.82 4302.33 4302.81 4303.41 4304.31 4304.89 4305.44 4305.88 4306.25 4306.76 4307.02 4307.57 4308.16 4308.45 4309.19 4310.01 4311.78 4311.98 4312.81 4314.09 4314.12 4313.3 4313.55 4314.18 4316.01 4317.98 4316.18 4315.99 4316.71 4317.61 4318.6 4319.53 4320.61 4321.78 4322.99 4324.88 4327.35 4329.93 4332.91 4335.24 4336.3 4334.77 4333.55 4333.28 4331.72 4330.45 4329.99 4330.2 4330.51 4327.32 4325.1
4285.94 4287.52 4288.62 4290.13 4291.83 4293.97 4296.77 4300.66 4304.79 4303 4301.72 4301.71 4302.06 4302.8 4303.3 4304.27 4305.16 4306.01 4304.13 4304.9 4305.36 4306.04 4306.68 4307.43 4306.79 4307.21 4307.75 4308.31 4308.89 4310.07 4310.74 4311.53 4311.86 4312.75 4313.82 4315.71 4316.43 4315.77 4315.51 4315.13 4312.52 4312.39 4314.93 4315.6 4316.02 4316.45 4317.04 4317.59 4318.28 4318.88 4319.19 4319.22 4322.09 4325.94 4329.35 4333.45 4334.79 4333.02 4333.18 4331.39 4329.56 4328.7 4328.19 4327.99 4328.31 4324.94 4324.34
4285.72 4287.59 4289.1 4290.69 4292.39 4294.32 4296.71 4299.67 4302.31 4301.83 4301.23 4301.49 4302.14 4303.08 4304.52 4305.31 4306.29 4307.21 4305.21 4306.04 4306.68 4307.41 4308.1 4308.28 4308.52 4309.8 4310.38 4310.95 4311.33 4311.92 4312.6 4312.5 4313.26 4314.13 4315.35 4317.79 4319.27 4320.42 4319.31 4318.08 4317.69 4315.92 4315.38 4315.25 4315.24 4315.22 4315.5 4315.8 4316.17 4316.56 4316.92 4317.09 4319.31 4322.38 4324.42 4324.69 4323.72 4326.09 4325.57 4324.7 4325.95 4326 4325.46 4324.07 4322.17 4322.04 4323.94
