real_craters/C187-500m.grd
DSAA
342 342
-85.33 85.33
-85.33 85.33
4047.6425131432 7431.7239519623
[rows 180 to 209 of 342, columns 201 to 267 of 342]
4820.1 4866.71 4926.22 5012.43 5104.25 5201.97 5288.64 5361.44 5439.68 5519.83 5599.2 5670.87 5736.88 5807 5906.52 6045.99 6131.42 6126.18 6105.13 6073.24 6033.1 6000.03 5968.04 5918.85 5860.29 5807.34 5774.99 5769.01 5781.69 5777.56 5765.2 5753.1 5746.45 5753.95 5741.49 5732.91 5727.89 5725.3 5722.31 5720.69 5730.99 5739.95 5745.65 5746.07 5739.45 5726.6 5727.9 5741.42 5752.56 5764.64 5736.89 5743.22 5711.88 5683.44 5646.1 5605.75 5568.8 5546.24 5543.58 5538.47 5538 5548.45 5548.59 5538.39 5530.93 5524.52 5517.16
4849.6 4878.87 4923.08 5001.78 5105.17 5234.23 5324.75 5408.2 5491.48 5564.51 5647.55 5731.52 5818.1 5905.94 5997.95 6072.53 6115.95 6109.5 6081.54 6047.97 6016.5 5995.15 5966.1 5913.06 5855.19 5800.1 5766.71 5772.75 5777.72 5766.93 5750.36 5734.75 5720.49 5704.18 5710.98 5716 5718.77 5719.62 5720.87 5723.81 5723.96 5723.36 5720.24 5716.33 5707.73 5699.69 5697.77 5705.16 5718.9 5734.4 5737.65 5713.06 5682.05 5651.34 5622.75 5590.51 5560.59 5538.66 5541.16 5555.18 5564.9 5559.21 5541.54 5524.56 5518.59 5514.69 5511.86
4887.16 4946.87 4962.83 5020.88 5128.49 5315.95 5379.07 5454.21 5535.97 5618.68 5708.82 5806.78 5905.51 6003.18 6095.3 6122.21 6126.72 6098.64 6051.4 6018.78 5993.77 5977.81 5956.33 5909.17 5851.37 5797.87 5764.84 5765.95 5764.55 5749.98 5734.74 5717.9 5700.17 5685.97 5691.01 5702.79 5708.7 5711.28 5714.13 5719.41 5712.85 5701.63 5693.46 5689.16 5682.53 5673.93 5668.25 5674.12 5678.72 5684.8 5685.93 5668.9 5648.29 5628.83 5606.95 5582.28 5556.14 5539.57 5551.9 5575.61 5590.27 5557.82 5522.63 5510.9 5509.53 5506.94 5503.23
4888.58 4934.61 4959.96 5030.16 5132.84 5344.91 5410.97 5490.61 5556.73 5654.4 5760.49 5869.01 5978.23 6082.46 6157.6 6162.23 6123.31 6036.89 6002.7 5978.32 5958.44 5948.54 5949.78 5906.35 5848.03 5793.24 5755.72 5761.85 5755.97 5735.44 5723.62 5706.65 5691.1 5684.79 5692.8 5700.34 5702.2 5700.29 5697.39 5693.24 5685.41 5677.44 5670.67 5665.7 5661.07 5656.02 5653.28 5652.24 5647.14 5637.29 5634.55 5622.91 5615.74 5605.74 5594.12 5582.39 5572.2 5565.81 5564.52 5576.7 5581.08 5556.09 5529.2 5513.23 5505.89 5501.68 5498.79
4877.25 4913.38 4943.32 5076.2 5225.12 5293.77 5396.33 5476.9 5582.04 5690.47 5805.59 5913.88 6030.19 6140.81 6220.15 6170.82 6054.81 5971.99 5950.91 5939.57 5929.42 5918.7 5946.77 5900.87 5839.06 5786.93 5754.34 5762.48 5770 5742.38 5719.55 5701.2 5686.22 5686.63 5703.1 5705.03 5697.88 5687.86 5677.18 5666.04 5656.57 5649.98 5646.92 5645.43 5644.59 5643.77 5646.74 5637.68 5629.72 5619.81 5607.09 5597.95 5592.04 5587.11 5583.23 5581.11 5580.12 5568.71 5564.64 5566.2 5566.09 5543.87 5521.59 5509.25 5505.23 5500.73 5496
4868.77 4900.76 4967.79 5144.24 5285.57 5315.8 5385.27 5481.76 5593.19 5709.89 5826.72 5945.3 6057.52 6158.93 6224.33 6148.82 5982.68 5918.06 5913.09 5916.11 5920.6 5931.67 5938.76 5876.07 5818.57 5774.67 5746.64 5751.46 5756.69 5729.79 5716.4 5701.56 5687.06 5691.48 5713.91 5710.22 5693.93 5675.54 5656.35 5636.98 5623.25 5621.21 5623.25 5625.64 5627.79 5627.36 5625.3 5618.71 5608.11 5597.19 5587.34 5578.93 5573.12 5569.24 5567.13 5568.63 5571.36 5556.39 5553.77 5549.3 5539.28 5527.79 5514.54 5511.31 5507.51 5501.83 5495.99
4875.39 4926.54 5069.1 5193.77 5279.29 5295.94 5370.27 5471.66 5589.8 5709.4 5832.06 5950.53 6060.99 6148.76 6187.66 6127.26 5986.12 5906.52 5896.81 5902.21 5912.41 5915.7 5866.04 5818.61 5786.31 5759.48 5740.9 5740.91 5741.68 5730.51 5719.16 5708.91 5699.6 5703.57 5719.2 5709.77 5685.69 5661.31 5636.76 5611.67 5591.38 5596.4 5602.78 5608.76 5612.46 5614.44 5612.51 5605.83 5592.08 5579.29 5571.14 5563.11 5556.11 5551.06 5547.09 5542.92 5542.09 5544.85 5540.66 5536.04 5527.62 5522.71 5517.95 5519.9 5511.97 5503.84 5498.47
4901.54 4953.51 5079.79 5189.78 5244.71 5268.55 5359.98 5474.44 5598.65 5720.56 5841.46 5956.21 6058.58 6140.29 6175.28 6143.9 6044.39 5934.62 5901.17 5893.75 5897.68 5897.57 5819.51 5770.25 5756.98 5746.78 5741.08 5742.86 5744.18 5734.17 5724.49 5716.16 5713.59 5709.6 5709.88 5695.61 5670.99 5646.99 5622.49 5598.38 5581.65 5582.72 5589.91 5596.18 5601.08 5604.27 5607.51 5603.04 5588.88 5572.82 5560.28 5548.84 5539.52 5533.5 5527.99 5522.11 5520.83 5524.91 5527.04 5527.36 5525.76 5526.26 5530.41 5524.12 5512.2 5503.45 5498.29
4932.97 4969.45 5054.16 5154.35 5207.73 5258.13 5358.44 5483.01 5612.04 5733.8 5851.06 5959.64 6051.53 6131.67 6182.34 6181.47 6111.03 5967.36 5907 5886.8 5878.15 5856.16 5795.99 5750.71 5742.3 5740.61 5743.99 5750.67 5755.81 5744.33 5727.95 5711.4 5706.32 5691.93 5679.79 5666.15 5650.65 5633.06 5613.84 5593.47 5576.5 5577.49 5584.44 5589.88 5593.42 5594.94 5597.39 5595.74 5587.01 5569.19 5552.01 5536.32 5524.06 5518.81 5513.02 5507.3 5503.55 5507.3 5513.74 5520.41 5527.47 5533.82 5533.02 5519.38 5505.4 5499.16 5496.57
4962.57 4983.99 5043.35 5118.06 5179.89 5262.31 5377.75 5511.59 5642.25 5763.8 5869.05 5959.01 6043.94 6112.76 6166.67 6178.99 6100.59 5958.37 5895.36 5872.58 5862.84 5854.14 5809.68 5749.49 5739.93 5737.52 5739.9 5745.74 5752.22 5752.9 5722.27 5689.45 5666.78 5659.2 5648.7 5637.91 5632.43 5623.08 5610.62 5596.3 5581.89 5582.85 5586.88 5588.12 5587.66 5584.91 5581.24 5577.89 5576.25 5560.68 5543.41 5527.73 5515.5 5508.07 5502.07 5495.67 5490.74 5494.22 5501.51 5510.63 5524.76 5533.28 5520.52 5502.85 5495.67 5495.44 5492.46
4966.94 5009.16 5061.97 5121.04 5189.78 5297.45 5428.14 5572.23 5697.71 5804.67 5893.45 5967.29 6029.21 6078.78 6119.53 6140.62 6064.51 5910.95 5860.96 5849.56 5844.41 5832.2 5796.6 5764.67 5744.69 5735.49 5728.82 5718.97 5734.56 5722.38 5687.62 5659.02 5635.15 5633.47 5629.03 5624.1 5621.12 5617.64 5612.23 5606.66 5603.84 5600.23 5594.86 5588.86 5582.2 5575.26 5565.09 5554.78 5554.58 5546.87 5533.7 5519.94 5507.89 5500.51 5494.61 5489.66 5483.45 5484.75 5489.29 5494.92 5500.52 5503.58 5505.57 5500.92 5494.04 5492.88 5492.35
4973.32 5043.94 5109.59 5164.45 5243.71 5392.46 5540.98 5672.01 5779.75 5862.36 5929.84 5982.18 6017.27 6040.16 6037.66 5991.24 5934.8 5840.18 5829.08 5829.73 5828.93 5823.34 5805.68 5774.8 5748.34 5734.2 5728.09 5727.02 5709.29 5674.11 5646.9 5633.74 5621.91 5619.07 5618.16 5617.97 5616.37 5616.43 5616.14 5617.27 5620.77 5617.2 5603.57 5591.39 5579.42 5567.67 5556.03 5543.97 5539.04 5534.14 5524.71 5513.27 5503.19 5495.06 5489.17 5483.57 5477.82 5476.84 5477.7 5477.94 5476.21 5474.18 5489.34 5503.42 5497.3 5490.12 5486.61
4997.79 5107.81 5194 5280.89 5400.73 5540.81 5677.12 5801.55 5884.23 5938.44 5981.82 6007.24 6018.75 6013.03 5984.34 5923.19 5888.37 5846.34 5829.7 5824.03 5819.55 5817.13 5813.19 5772.44 5741.29 5727.08 5724.56 5723.83 5698.34 5661.5 5633.79 5622.39 5614.93 5610.66 5611.13 5612.98 5613.37 5615.61 5619.41 5622.72 5625.24 5620.35 5606.87 5591.41 5575.87 5561.49 5550.78 5546.84 5537.2 5527.84 5518.18 5507.32 5496.88 5490.52 5485.82 5481.17 5473.77 5471.05 5468.33 5464.8 5460.31 5460.1 5468.97 5482.35 5485.73 5482.37 5481.62
5002.17 5132.86 5299.41 5426.36 5544.48 5725.56 5887.01 5961.7 5995.71 6009.51 6023.08 6036.97 6030.3 6008.25 5979.89 5953.57 5918.99 5877.97 5849.45 5828.04 5810.17 5793.69 5777.94 5734.78 5714.98 5710.21 5713.05 5713.52 5707.09 5683.26 5637.25 5620.75 5610.35 5605.35 5606.12 5608.96 5611.14 5615.74 5619.03 5622.36 5623.2 5618.16 5605.69 5589.84 5572.79 5555.25 5541.17 5534.1 5533.03 5523.24 5513.68 5503.93 5493.65 5487.66 5483.98 5479.8 5473.7 5468.2 5462.46 5456 5448.64 5440.81 5443.48 5446.38 5457.82 5470.46 5474.81
5051.13 5238.89 5460.59 5638.48 5758.68 5920.36 6067.13 6095.59 6080.61 6068.45 6063.19 6060.99 6040.01 6016.65 5987.47 5946.35 5910.29 5883.8 5859.03 5830.68 5801.28 5764.63 5716.1 5686.55 5681.79 5690.1 5702.47 5712.59 5726 5721.34 5664.67 5624.95 5604.48 5600.99 5603.75 5608.06 5612.05 5614.73 5616.89 5618.16 5618.7 5615.31 5601.87 5586.45 5569.64 5552.86 5532.94 5516.34 5519.29 5517.99 5511.64 5502.1 5491.93 5486.95 5483.77 5479.11 5474.19 5466.64 5459.61 5452.77 5444.62 5434.49 5437.51 5439.89 5460.16 5465.22 5469.19
5145.05 5375.57 5641.43 5885.51 6006.25 6083.04 6153.92 6165.07 6144.66 6124.37 6106.5 6089.2 6063.49 6027.16 5992.38 5936 5886.05 5875.48 5861.35 5831.91 5794.27 5750.24 5701.41 5662.09 5655.97 5672.97 5697.59 5721.34 5751.63 5776.84 5721.12 5631.3 5599.84 5598.17 5604.25 5611.84 5616.33 5613.75 5611.4 5609.27 5608.02 5605.43 5593.31 5580.3 5568.75 5555.16 5536.55 5515.93 5520.35 5517.46 5510.6 5501.77 5493.88 5488.75 5489.12 5481.28 5472.19 5466.02 5460.31 5455.39 5450.59 5450.02 5453.32 5463.39 5460.55 5459.95 5462.22
5236.12 5486.26 5767.75 6063.35 6181.76 6193.81 6188.56 6185.28 6178.86 6153.51 6136.24 6113.2 6077.99 6047.8 6012.47 5945.01 5867.33 5866.81 5866.78 5830.48 5790.45 5749.15 5702.74 5654.48 5636.45 5659.94 5694.89 5736.28 5766.24 5762.33 5706.95 5621.94 5597.19 5597.64 5606.09 5618.97 5622.19 5610.97 5602.25 5595.95 5591.06 5586.48 5578.35 5572.24 5568.39 5564.36 5556.94 5540.34 5533.59 5524.29 5513.87 5503.27 5493.15 5485.28 5483.32 5479.13 5471.52 5466.5 5462.24 5458.43 5455.96 5454.77 5455.26 5457.66 5451.58 5451.95 5455.55
5335.77 5590.87 5856.47 6131.81 6253.2 6263.78 6226.06 6202.17 6195.97 6177.71 6156.53 6130.99 6102 6075.78 6042.14 5972.42 5836.58 5839.25 5857.31 5815.15 5781.19 5753.2 5727.44 5678.68 5635.69 5651.47 5685.52 5726.39 5746.33 5715.45 5677.88 5620.36 5599.47 5597.49 5603.57 5612.45 5612.84 5600.92 5589.57 5579.42 5569.1 5560.99 5556.61 5558.8 5565.27 5574.78 5585.56 5576.05 5550.11 5531.14 5516.33 5503.99 5494.82 5489.68 5476.95 5475.59 5470.91 5466.93 5464.09 5461.62 5460.52 5458.89 5458.23 5455.19 5448.75 5447.01 5447.74
5438.16 5702.38 5981.26 6235.47 6322.51 6321.21 6284.23 6254.06 6234.62 6206.18 6172.86 6141.96 6114.42 6081.36 6049.41 5976.16 5809.9 5784.5 5782.79 5772.89 5761.06 5750.26 5737.38 5697.93 5641.22 5643.85 5667.61 5693.13 5702.2 5683.15 5657.43 5620.31 5600.61 5594.81 5595.98 5598.34 5595.42 5585.8 5574.24 5562 5547.9 5534.38 5533.26 5543.34 5557.1 5574.32 5594.26 5585.69 5558.33 5534.73 5516.47 5503.08 5494.23 5490.14 5479.13 5469.81 5467.96 5465.6 5464.12 5463.72 5463.92 5466.72 5469.65 5457.74 5449.26 5443.31 5442.68
5553.83 5818.14 6101.29 6351.73 6382 6360.34 6335.3 6318.25 6268.04 6222.22 6183.65 6147.11 6112.65 6068.48 6015.67 5923.48 5784.28 5734.21 5718.68 5729.33 5736.09 5738.25 5738.29 5721.41 5636 5635.52 5648.88 5663.16 5664.4 5667.27 5643.74 5611.94 5599.9 5594.1 5590.06 5587.79 5582.57 5572.66 5559.95 5546.56 5532.28 5517.7 5515.34 5528.67 5543.23 5558.18 5569.73 5570.26 5553.22 5527.61 5510.88 5498.3 5489.2 5482.99 5475.3 5467.51 5465.84 5465.7 5465.89 5465.21 5464.76 5463.48 5459.92 5455.33 5448.06 5439.36 5438.54
5666.38 5932.43 6196.4 6377.94 6378.16 6356.86 6331.37 6308.72 6265.16 6219.94 6181.68 6139.54 6097.2 6045.46 5970.09 5867.02 5759.11 5709.17 5697.06 5704.59 5713.4 5718.46 5714.11 5681.73 5647.68 5632.1 5634.15 5642.55 5650.67 5649.93 5640.99 5614.35 5597.59 5589.19 5583.36 5578.22 5571.9 5561.58 5549.35 5537.54 5526.08 5512.95 5509.66 5519.28 5527.02 5533.07 5545.03 5548.46 5518.46 5510.01 5500.6 5489.97 5478.95 5464.77 5463.55 5463.59 5466.08 5467.46 5468.01 5468.21 5466.31 5460.4 5450.16 5454.03 5449.7 5435.68 5435.93
5788.07 6052.98 6262.98 6304.03 6332.95 6324.26 6300.19 6264.47 6239.99 6199.24 6157.43 6116.32 6076.04 6027.19 5960.97 5859.65 5750.93 5697.8 5690.97 5693 5696.89 5699.83 5695.1 5679.76 5646.57 5620.6 5619.13 5625 5626.43 5623.11 5611.17 5595.9 5590.31 5582.33 5574.29 5567.36 5561.14 5550.58 5539.97 5531.9 5524.8 5520.57 5519.3 5517.56 5513.11 5505.23 5492.65 5506.6 5508.87 5500.67 5492.02 5482.95 5473.15 5468.64 5470.8 5468.85 5467.51 5468.5 5470.16 5470.73 5469.83 5467.83 5466.26 5467.04 5462.91 5438.42 5438.69
5972.4 6191.62 6321.19 6289.82 6296.05 6285.81 6266.75 6250.11 6210.22 6163.41 6118.81 6079.17 6045.58 6014.13 5961.09 5861.83 5748.69 5687.55 5679.71 5681.21 5681.51 5684.49 5681.77 5663.91 5614.43 5596.92 5604.11 5614.02 5619.04 5611.25 5593.58 5596.85 5585.22 5574.22 5563.6 5553.8 5546.49 5535.91 5529.54 5525.01 5524.11 5527.74 5533.4 5516.85 5503.35 5491.43 5481.17 5479.82 5486.56 5488.89 5486.19 5479.18 5469.81 5458.27 5458.87 5465.8 5469.3 5472.43 5474.32 5475.66 5476.85 5478.36 5481.86 5480.42 5473.18 5456.51 5447
6192.18 6290.22 6327.18 6297.49 6274.87 6243.56 6219.92 6192.79 6151.22 6099.33 6055.4 6025.16 5998.88 5983.36 5972.37 5858.5 5737.98 5672.39 5661.7 5664.61 5669.36 5673.23 5672.77 5664.77 5608.6 5585.22 5597.4 5609.35 5620.69 5611.52 5588.11 5586.4 5575.91 5565.66 5554.31 5540.19 5522.91 5515.33 5516.76 5517.78 5518.7 5519.77 5516.09 5506.78 5494.49 5483.04 5476.67 5476.61 5484.47 5487.36 5482.94 5478.73 5473.3 5462.73 5460.75 5466.42 5473.38 5477.5 5479.39 5480.83 5482.12 5484.84 5487.37 5486.44 5480.09 5463.19 5454.09
6351.43 6370.53 6399.63 6340.65 6260.97 6199.62 6151.87 6121.07 6073.28 6019.1 5981.12 5951.1 5929.53 5908.12 5886.7 5803.49 5713.64 5658.15 5652.23 5657.45 5659.35 5661.94 5661.44 5654.27 5623.71 5602.95 5601.53 5605.95 5609.03 5599.92 5581.61 5569.38 5567.14 5560.17 5548.08 5533.09 5515.23 5507.38 5509.51 5510.27 5509.36 5506.64 5502.38 5495.31 5486.5 5476.62 5472.38 5472.47 5474.76 5478 5479.68 5480.76 5484.87 5494.69 5485.91 5481.5 5484.17 5485.81 5486.48 5486.04 5486.64 5488.61 5492.08 5490.67 5478.38 5465.21 5462.11
6347.93 6365.82 6374.35 6285.86 6201.24 6129.33 6071.69 6011.78 5962.76 5930.35 5902.26 5872.7 5841.53 5806.36 5766.17 5727.79 5678.37 5642.98 5644.05 5652.83 5651.11 5651.04 5648.4 5640.4 5628.88 5614.73 5603.68 5601.95 5600.29 5598.84 5593.03 5581.1 5571.44 5560.82 5548.82 5535.2 5522.59 5514.65 5509.93 5505.64 5500.76 5495.02 5489.19 5485.51 5482.73 5473.21 5459.48 5460.43 5466.96 5472.44 5474.27 5479.73 5489.54 5507.16 5518.52 5502.56 5497.03 5492.92 5491.22 5490.18 5489.08 5487.49 5485.63 5483.19 5484.84 5483.8 5476.39
6238.81 6255.15 6221.33 6147.29 6096.58 6043.17 5984.6 5922.62 5875.41 5850.91 5829.63 5803.48 5766.43 5723.83 5685.06 5668.61 5647.85 5629.27 5632.34 5635.61 5640.55 5640 5635.77 5627.46 5615.26 5602.11 5597.05 5596.83 5602.94 5614.96 5611.6 5588.69 5577.11 5565.05 5552.5 5540.87 5532.52 5525.73 5513.92 5502.87 5493.29 5484.75 5478.39 5477.49 5482.93 5490.32 5460.3 5457.87 5459.62 5457.89 5467.37 5473.37 5483.52 5500.34 5515.53 5510.74 5501.03 5495.6 5491.66 5490.18 5488.59 5486.09 5481.34 5479.41 5491.1 5494.61 5485.24
6146.29 6123.72 6033.95 6013.44 5993.14 5960.4 5914.78 5852.02 5797.24 5793.6 5778 5751.15 5713.45 5673.81 5644.27 5635.9 5629.37 5626.54 5629.69 5635.03 5634.43 5629.92 5622.64 5614.77 5605.84 5588.61 5586.26 5587.28 5591.42 5598.13 5604.22 5597.46 5583.91 5567.86 5553.28 5542.46 5537.02 5533.89 5514.27 5499.03 5487 5476.25 5468.07 5467.8 5477.12 5487.3 5478.2 5465.83 5462.58 5470.76 5463.35 5465.24 5469.97 5478.72 5509.5 5507.65 5500.06 5494.93 5492.38 5490.75 5489.7 5488.61 5487.11 5487.47 5495.53 5494.46 5490.35
6082.46 5975.13 5929.83 5913.23 5901.58 5886.29 5860.6 5824.83 5791.69 5773.29 5748.97 5717.65 5681.65 5646.76 5623.57 5617.64 5617.63 5624.16 5628.43 5635.54 5631.02 5619.42 5607.33 5595.89 5586.52 5578.59 5574.59 5575.28 5575.48 5569.45 5590.77 5606.87 5588.65 5563.99 5548.72 5536.77 5525.09 5504.51 5501.27 5494.61 5483.78 5471.78 5460.03 5457.29 5469.85 5479.58 5482.28 5470.61 5459.52 5448.89 5452.14 5458.35 5464.23 5476.3 5491.06 5490.3 5489.98 5488.32 5488.29 5487.41 5489.49 5491.19 5495.24 5504.95 5507.55 5506.48 5504.07
6058.6 5969.94 5876.99 5851.73 5843.23 5826.18 5816.13 5808.78 5802.45 5767.62 5727.32 5690.02 5657.57 5634.7 5614.29 5604.9 5603.93 5608.55 5615.14 5627.32 5620.16 5605.23 5589.37 5572.34 5556.03 5557.75 5560.03 5562.19 5565.7 5571.44 5575.43 5571.51 5556.94 5547.74 5538.29 5530.1 5520.37 5507.47 5506.79 5495.38 5483.5 5472.28 5462.75 5460 5470.81 5478.23 5481.69 5470.48 5458.06 5444.48 5449.59 5459.64 5465.23 5474.43 5467.02 5472.04 5479.78 5483.43 5483.83 5485.69 5488.02 5491.94 5499.43 5508.18 5521.09 5527.56 5523.65
