real_craters/C187-500m.grd
DSAA
342 342
-85.33 85.33
-85.33 85.33
4047.6425131432 7431.7239519623
[rows 270 to 299 of 342, columns 134 to 200 of 342]
5451 5450 5449.24 5447.36 5443.48 5439.47 5434.99 5423.88 5407.95 5386.42 5367.64 5358.29 5357.26 5363.07 5364.91 5370.56 5352.82 5368.21 5380.89 5394.94 5408.1 5421.21 5436.12 5448.93 5451.43 5448.01 5445.25 5439.3 5436.34 5433.87 5429.48 5424.26 5418.12 5412.64 5406.79 5404.45 5404.27 5411.74 5429.7 5439.52 5433.55 5446.35 5458.45 5465.84 5469.96 5472.15 5472.48 5464 5452.4 5438.94 5425.93 5426.07 5426.23 5425.77 5426.01 5425.89 5423.19 5408.55 5410.73 5404.52 5405.59 5406.23 5403.32 5400.81 5398.08 5395.2 5393.1
5452.29 5452.07 5449.93 5446.71 5442.14 5437.8 5429.8 5415.35 5396.81 5381.86 5374.62 5373.73 5379.86 5377.21 5369.6 5358.39 5353.01 5375.14 5388.04 5398.11 5409 5423.07 5432.56 5448.11 5452.19 5454.61 5447.22 5441.97 5438.46 5431.96 5425.53 5418.75 5411.38 5403.92 5394.67 5381.48 5376.74 5381.39 5413.25 5434.42 5407.74 5415.98 5427.14 5435.37 5451.11 5464.86 5470.8 5460.94 5445.5 5428.36 5412.02 5413.05 5417.55 5418.87 5419.63 5418.84 5415.34 5409.96 5408.18 5401.86 5402.66 5398.62 5396.24 5393 5389.86 5387.57 5384.28
5456.41 5455.27 5450.35 5444.58 5439.36 5435.83 5422.11 5407.2 5392.11 5381.57 5380.9 5384.8 5389.63 5381.81 5375.96 5365.47 5364.46 5384.21 5395.38 5398.71 5406.11 5415.93 5422.4 5434.5 5448.33 5457.12 5453.66 5445.68 5437.88 5430.41 5422.32 5414.69 5405.84 5397.74 5389.18 5382.19 5371.59 5368.16 5391.75 5412.1 5402.55 5408.12 5415.68 5422.88 5438.79 5455.01 5466.24 5454.3 5439.11 5422.83 5407.6 5404.61 5410.01 5412.9 5412.97 5411.16 5408.58 5400.75 5398.16 5401.07 5396.67 5391.85 5390.1 5387.31 5383.18 5381.02 5377.49
5464.14 5456.96 5447.66 5439.44 5431.8 5420.05 5406.48 5397.87 5396.35 5392.72 5389.75 5391.61 5393.68 5390.76 5382.39 5370.11 5368.32 5376.22 5386.35 5392.94 5399.06 5405.84 5413.76 5433.05 5446.7 5453.31 5453.82 5449.03 5440.75 5429.73 5419.17 5410.19 5401.88 5393.89 5385.89 5378.87 5374.75 5370.27 5383.07 5395.77 5413.28 5420.02 5416.63 5419.06 5431.4 5441.82 5444.88 5442.3 5434.98 5423.82 5410.44 5407.16 5409.24 5410.17 5408.3 5402.67 5392.59 5386.65 5385.95 5387.48 5388.16 5386.48 5383.85 5381.25 5378.08 5375.41 5372.15
5458.49 5450.18 5439.65 5430.36 5421.78 5408.78 5397.92 5394.97 5399.81 5409.93 5401.25 5395.76 5393.44 5393.57 5385.15 5373.18 5366.58 5372.75 5378.21 5385.83 5391.21 5396.27 5405.13 5428.64 5443.48 5452.85 5456.17 5446.36 5436.36 5425.47 5416.29 5407.23 5399.07 5391.87 5385.29 5380.02 5380.71 5378.99 5392.65 5421.17 5442.28 5432.99 5418.49 5420.69 5428.83 5432.27 5433.35 5435.38 5435.82 5432.03 5423.15 5415.52 5414.92 5412.38 5407.13 5397.53 5381.44 5374.32 5372.22 5372.18 5381.89 5380.74 5378.6 5376.9 5374.11 5370.84 5366.88
5437.25 5434.61 5427.9 5419.54 5409.95 5401.03 5393.72 5391.09 5395.44 5397.95 5398.79 5395.8 5391.87 5388.68 5384.93 5378.01 5368.97 5374.36 5379.33 5381.19 5384.3 5388.79 5399.11 5418.07 5433.69 5446.84 5450.38 5440.84 5428.64 5419.75 5411.14 5403.04 5395.22 5388.93 5386.02 5387.62 5391.9 5398.39 5412.26 5426.46 5424.12 5426.15 5412.51 5412.84 5425.18 5428.06 5430.57 5435.01 5441.48 5445.9 5443.04 5427.68 5423.76 5418.21 5410.9 5400.85 5382.79 5364.95 5361.52 5362.41 5370.31 5372.5 5372.15 5370.73 5368.55 5365.22 5361.54
5421.21 5418.48 5416.07 5410.36 5400.87 5394.84 5391.98 5389.83 5393.24 5395.78 5394.35 5394.57 5394.04 5387.81 5382.36 5374.89 5365.03 5368.52 5375.75 5376.19 5378.55 5383.37 5392.77 5411.55 5426.64 5436.51 5441.56 5435.99 5426.23 5415.24 5406.65 5399.08 5391.66 5386.64 5383.42 5384.04 5393.17 5408.13 5418.86 5416.63 5417.6 5421.13 5417.87 5416.94 5420.79 5426.46 5429.82 5436.98 5448.92 5458.52 5460.26 5449.61 5436.71 5426 5416.85 5407.01 5389.76 5368.5 5359.75 5356.84 5361.65 5363.63 5364.24 5364.19 5362.05 5360.65 5358.17
5413.16 5409.55 5408.27 5406.25 5402.11 5396.84 5392.34 5389.43 5390.49 5392.45 5390.62 5392.93 5395.4 5394.57 5384.25 5372.69 5356.92 5355.43 5362.89 5368.37 5373.2 5378.74 5387.34 5404.66 5415.94 5425.52 5433.63 5432.18 5420.63 5410.33 5402.09 5394.66 5387.94 5383.69 5382.29 5380.99 5388.24 5399.69 5405.52 5408.89 5416.21 5417.29 5420.02 5421.27 5423.36 5427.85 5434.17 5443.7 5455.53 5466.26 5469.72 5459.43 5441.94 5431.32 5421 5409.79 5391.63 5370.33 5361.99 5361.45 5357.7 5360.58 5361.63 5361.62 5360.51 5358.89 5356.71
5414.83 5407.86 5406.61 5407.07 5410.54 5403.66 5394.64 5386.4 5385.8 5386 5387.83 5389.42 5391.98 5394.06 5389.24 5367.29 5348.76 5346.03 5352.14 5361.13 5368.37 5374.93 5383.45 5403.08 5403.19 5412.44 5419.39 5421.42 5414.7 5405.09 5396.23 5389.01 5382.66 5379.21 5380.7 5381.81 5386.86 5393.93 5397.88 5396.19 5403.6 5406.73 5411.98 5419.28 5424.02 5427.15 5435.48 5447.34 5457.85 5468.39 5467.67 5455.29 5444.75 5435.43 5424.13 5407.78 5395.08 5373.4 5362.39 5360.04 5360.88 5360.27 5359.74 5358.45 5356.85 5355.62 5354.48
5413.88 5408.89 5408.49 5407.37 5406 5408.94 5407.17 5398.83 5388.61 5384.13 5383.83 5383.98 5385.48 5387.45 5377.9 5360.29 5341.28 5336.66 5347.5 5357.57 5364.5 5370.51 5379.22 5390.76 5391.33 5401.86 5410.43 5414.12 5406.53 5396.47 5390.86 5383.37 5376.63 5371.62 5370.79 5388.92 5389.64 5390.42 5390.78 5389.96 5392.41 5399.6 5408.86 5412.73 5417.36 5421.07 5428.83 5437.94 5452.72 5464.98 5460.49 5441.07 5441.05 5437.83 5430.13 5416.55 5398.2 5379.36 5363.51 5354.85 5363.58 5360.84 5357.25 5355.18 5353.52 5352.88 5352.19
5449.43 5423.31 5418.93 5413.75 5408.5 5418.31 5420.62 5399.65 5385.02 5381.07 5376.23 5377.07 5377.69 5375.75 5369.01 5358.01 5331.49 5332.26 5347.74 5357.62 5359.09 5362.61 5370.04 5376.35 5383.67 5394.27 5402.24 5405.14 5403.15 5398.19 5387.07 5377.51 5369.45 5363.74 5362.28 5367.97 5378.94 5384.1 5390.87 5390.66 5391.11 5400.94 5406.79 5407.61 5405.6 5413.17 5420.69 5429.36 5443.57 5456.27 5450.2 5432.21 5426.73 5433.98 5437.62 5424.89 5400.61 5382.79 5368.35 5358.65 5358.72 5358.6 5355.94 5354.58 5352.3 5351.22 5350
5459.3 5438.36 5427.76 5423.51 5422.19 5427.39 5433.42 5402.44 5384.39 5376.99 5370.84 5371.85 5374.24 5371.46 5358.62 5346.39 5330.6 5330.11 5345.29 5352.82 5346.91 5349.46 5355.97 5366.77 5380.37 5388.38 5395.44 5400.21 5398.95 5392.9 5380.75 5370.42 5361.78 5354.66 5352.39 5359.08 5368.13 5373.84 5377.69 5377.43 5387.3 5402.16 5406.86 5405.57 5403.69 5407.15 5413.43 5421.31 5432.68 5441.15 5439.12 5428.99 5424.34 5434.53 5443.47 5442.07 5396.83 5375.27 5369.15 5368.3 5359.53 5354.45 5352.71 5351.47 5350.07 5348.72 5348.02
5474.71 5433.74 5429.7 5431.3 5427.99 5425.62 5412.45 5396.22 5382.66 5372.97 5364.22 5367.6 5374.61 5377.91 5367.25 5356.71 5342.08 5331.56 5325.03 5320.2 5327.67 5333.7 5341.03 5354.06 5365.36 5378.46 5388.87 5393.86 5389.8 5379.76 5371.34 5362.67 5354.53 5348.04 5346.86 5357.31 5361.86 5365.94 5364.85 5373.19 5376.91 5389.2 5404.61 5401.88 5402.03 5402.5 5405.87 5411.3 5419.1 5422.88 5430.09 5431.46 5439.18 5443.26 5436.29 5420.48 5381.72 5366.29 5363.08 5358.22 5351.66 5348.99 5348.05 5346.31 5345 5343.81 5343.11
5420.29 5423.64 5427.47 5440.2 5441.91 5424.74 5407.15 5393.61 5384.11 5371.72 5362.48 5365.85 5375.29 5384.77 5380.82 5372.56 5359.55 5333.15 5316.65 5307.49 5314.21 5319.61 5323.09 5326.86 5351.74 5373.57 5377.56 5379.58 5378.27 5370.19 5362.3 5354.7 5347.67 5342.85 5343.09 5348.68 5356.24 5363.21 5372.51 5371.01 5373.61 5376.11 5388.21 5392.62 5394.73 5395.71 5396.24 5397.33 5401.07 5408.27 5417.31 5427.5 5434.75 5427.92 5418.89 5383.49 5357.84 5359.35 5364.55 5358.16 5355.31 5351.06 5344.79 5341.5 5339.35 5337.82 5336.68
5412.53 5406.7 5418.47 5434.33 5435.97 5421.79 5404.48 5392.77 5384.23 5374.27 5363.43 5367.18 5375.4 5382.09 5388.24 5377.76 5359.19 5331.04 5320.06 5313.96 5312.55 5312.44 5311.39 5313.16 5336.09 5358.1 5360.97 5360.94 5362.37 5358.64 5353.37 5347.18 5340.87 5335.81 5337.19 5343.7 5351.49 5359.05 5365.1 5366.9 5361.31 5361.08 5372.87 5383.04 5388.03 5388.78 5385.21 5383.17 5384.59 5390.73 5401.71 5412.58 5417.6 5416.74 5418.11 5389.26 5353.36 5360.1 5375.09 5363.15 5351.98 5344.55 5341.33 5338.41 5336.08 5333.59 5331.83
5387.62 5394.84 5412.09 5425.77 5426.87 5417.4 5404.14 5392.43 5387.48 5377.95 5371.87 5372.77 5377.74 5385.23 5395.74 5376.86 5357.59 5340.92 5331.06 5324.47 5318 5312.28 5308.18 5308.21 5319.66 5336.63 5343.6 5346.99 5346.81 5348.31 5345.48 5339.54 5335.27 5332.26 5334.19 5341.31 5347.65 5353.43 5356.57 5355.79 5352.98 5355.22 5369.19 5376.23 5378.95 5376.95 5372.07 5368.86 5369.21 5376.46 5386.37 5397.77 5408.33 5417.57 5421.24 5390.81 5350.81 5356.82 5370.76 5358.71 5349.53 5342.13 5336.62 5333.45 5330.88 5328.38 5326.85
5380.75 5390.5 5409.15 5420.1 5422.52 5414.85 5401.6 5388.75 5382.77 5376.98 5376.19 5377.79 5383.57 5393.91 5411.74 5380.36 5366.4 5354.27 5344.05 5335.91 5325.93 5315.81 5308.47 5305.13 5319.03 5327.13 5327.1 5326.23 5331.37 5333.39 5331.42 5329.07 5328.83 5331.8 5333.39 5338.3 5345.18 5350.62 5350.92 5350.59 5352.24 5356.56 5370.99 5372.51 5367.28 5360.25 5358.3 5355.46 5353.8 5360.17 5369.14 5380.82 5395.88 5406.27 5401.36 5364.69 5337.52 5344.86 5357.22 5356.74 5346.49 5336.97 5332.97 5329.53 5326.19 5323.41 5320.64
5380.56 5389.64 5408.53 5427.22 5423.81 5415.78 5404.22 5390.13 5379.86 5377.04 5377.19 5380.73 5387.54 5393.74 5399.18 5382.37 5367.32 5363.29 5352.81 5342.27 5330.9 5320.12 5311.46 5307.46 5312.83 5312.28 5313.97 5309.9 5313.87 5316.22 5314.78 5315.92 5318.97 5322.66 5326.8 5333.29 5342.02 5351.21 5356.91 5354.04 5356.53 5360.12 5375.96 5369.53 5359.81 5350.72 5348.04 5345.01 5344.61 5343.65 5349.19 5357.17 5366.17 5373.61 5362.82 5337.87 5325.64 5334.31 5352.59 5354.27 5344.04 5336.93 5331.99 5328.07 5324.19 5319.22 5315.82
5382.22 5392.61 5411.7 5420.98 5423.87 5418.4 5410.27 5402.92 5384.82 5380.31 5384.11 5388.83 5387.84 5383.35 5364.58 5373.16 5368.31 5365.83 5358.13 5346.6 5334.55 5324.13 5315.93 5309.89 5305.61 5307.21 5311.72 5313.24 5310.01 5302.48 5299.08 5301.9 5306.69 5312.32 5318.62 5326.2 5336.47 5348.54 5361.55 5357.89 5357.9 5365.3 5369.51 5360.14 5351.61 5347.18 5339.65 5333.21 5328.55 5328.2 5329.1 5329.85 5328.49 5326.86 5329.42 5318.49 5315.12 5321.5 5342.36 5337.63 5335.65 5333.02 5329.6 5324.52 5320.16 5316.23 5312.58
5383.24 5393.66 5416.54 5429.4 5427.04 5420.13 5411.58 5402.42 5390.18 5385.65 5386.19 5386.42 5387.44 5380.31 5363.7 5370.28 5373.29 5374.03 5365.83 5350.99 5337.46 5329.56 5320.6 5311.64 5307.3 5311.69 5310.58 5312.72 5307.75 5294.78 5287.45 5289.01 5292.36 5298.75 5306.35 5314.39 5325.43 5337.14 5342.32 5342.53 5346.42 5347.1 5346.12 5341.21 5335 5332.28 5324.13 5319.72 5317.67 5313.38 5311.25 5306.18 5295.62 5286.82 5306.32 5301.54 5304.26 5309.08 5308.81 5315 5321.43 5323.8 5322.61 5318.47 5314.49 5311.38 5308.31
5383.11 5393.59 5418.3 5431.85 5429.56 5421.24 5409.34 5395.33 5386.98 5383.9 5389.84 5393.54 5382.17 5371.32 5372.55 5371.66 5375.91 5379.04 5375.03 5361.67 5346.86 5340.52 5328.44 5314.05 5305.39 5302.23 5298.39 5301.12 5297.85 5286.77 5281.58 5278.19 5276.24 5277.37 5285.81 5297.32 5310.36 5322.98 5330.77 5323.43 5323.76 5324.25 5321.46 5318.36 5312.59 5302.09 5299.9 5305.17 5308.48 5302.72 5298.45 5289.49 5279.5 5272.32 5271.87 5282.61 5295.71 5306.43 5301.13 5302.43 5307.75 5312.71 5312.11 5309.93 5306.69 5305.03 5303.36
5380.98 5390.52 5415.32 5431.67 5431.52 5422.87 5409.82 5395.48 5390.46 5389.95 5394.01 5395.94 5376.54 5367.29 5376 5375.35 5377.6 5385.78 5388.75 5384.86 5371.85 5363.22 5341.44 5316.58 5298.23 5292.66 5286.61 5286.92 5281.81 5266.72 5269.35 5267.07 5262.91 5257.48 5263.42 5280.19 5294.5 5303.88 5308.48 5301.19 5298.39 5299.76 5300.97 5299.09 5295.32 5288.14 5287.62 5294.04 5299.97 5301.37 5290.29 5277.5 5264.4 5254.41 5259.06 5274.84 5291.75 5304.18 5301.13 5293.9 5295.22 5296.24 5297.32 5298.98 5299.23 5299.1 5298.28
5379.35 5390.55 5418.15 5435.92 5436.32 5428.73 5416.21 5403.82 5402.54 5399.01 5397.82 5390.76 5373 5367.12 5377.55 5380.99 5381.84 5394.62 5407.39 5416.75 5422.13 5394.29 5357.79 5320.42 5288.46 5283.59 5279.61 5272.64 5265.07 5266.13 5261.02 5259.84 5256.89 5250.18 5253.76 5269.5 5283.39 5290.31 5287.87 5282.98 5280.68 5280.26 5282.59 5283.04 5284.85 5289.93 5295.35 5289.11 5287.51 5291.77 5282.58 5269.95 5256.8 5245.69 5256.37 5278.35 5289.86 5294.89 5286.81 5284.98 5285.44 5286.42 5287.87 5288.83 5290.44 5292.08 5293.32
5377.84 5391.25 5417.04 5439.38 5442.3 5437.7 5429.02 5418.96 5416.31 5412.31 5404.79 5395.17 5379.92 5369.16 5372.83 5383.35 5384.74 5403.42 5422.29 5438.41 5444.81 5414.67 5370.71 5325.92 5284.95 5265.04 5264.38 5259.02 5253.36 5255.43 5257.48 5257.13 5256.05 5251.95 5254.14 5266.23 5278.5 5288.77 5282.54 5278.23 5272.92 5268.31 5264 5265.36 5273.98 5285.29 5293.25 5285.55 5282.65 5283.3 5273.52 5263.78 5255.8 5250.93 5265.9 5283.71 5286.86 5285.49 5279.84 5278.62 5277.81 5276.69 5276.02 5278.43 5281 5283.79 5287.58
5373.81 5388.69 5413.34 5444.14 5448.75 5448.06 5445.27 5440.96 5435.13 5426.36 5413.87 5394.1 5377.71 5366.8 5369 5384.19 5385.6 5410.31 5435.83 5449.13 5446.85 5420.92 5378.62 5331.87 5288.93 5259.44 5250.85 5249.41 5249.98 5251.79 5254.47 5254.67 5251.06 5254.79 5258.7 5265.66 5274.23 5280.73 5275.29 5273.18 5271.11 5265.49 5257.36 5255.16 5262.61 5270.07 5273.16 5275.55 5273.57 5267.57 5263.31 5259.47 5257.98 5266.58 5274.06 5271.14 5280.68 5286.17 5278.22 5274.16 5271.67 5268.57 5265.93 5270.62 5272.87 5274.7 5277.55
5368.9 5383.78 5403.66 5439.63 5449.73 5454.8 5457.84 5455.93 5448.86 5444.68 5427.1 5398.14 5375.09 5365.44 5367.38 5381.14 5386.95 5412.87 5441.98 5453.01 5449.52 5424.94 5381.22 5334.6 5292.83 5258.47 5245.5 5244.01 5248.19 5250.63 5251.16 5251.04 5251.03 5254.5 5259.12 5264 5269.39 5273.12 5272.23 5268.4 5270.03 5264.6 5256.64 5250.31 5253.79 5257.6 5259.34 5260.94 5259.08 5252.18 5255.19 5256.18 5257.05 5261.19 5281.76 5268.31 5267.88 5274.52 5272.64 5267.8 5266.33 5266.83 5267 5267.49 5265.28 5264.03 5263.65
5364.45 5374.66 5387.9 5426.18 5444.35 5457.13 5466.42 5465.99 5456.9 5448.57 5430.86 5405.74 5386.94 5374.32 5371.9 5377.29 5381.28 5409.14 5434.91 5444.9 5445.44 5422.74 5373.42 5330.76 5294.29 5264.89 5243 5241.75 5246.03 5247.03 5246.39 5247.88 5247.88 5251 5256.23 5260.71 5264.85 5268.95 5268.66 5267.11 5264.77 5261.97 5257.91 5248.11 5248.81 5250.22 5252.3 5253.99 5252.88 5252.85 5253.68 5255.62 5257.36 5259.62 5266.42 5260.26 5254.29 5256.38 5256.7 5258.33 5260.33 5263.59 5269.19 5263.42 5256.78 5252.51 5249.96
5361.46 5368.42 5375.59 5410.27 5432.65 5454.52 5472.64 5475.62 5466.66 5454.01 5435.64 5416.87 5398.25 5387.34 5383.04 5379.7 5386.72 5405.64 5422.94 5424.73 5409.36 5379.95 5347.91 5318.38 5292 5269.95 5250.76 5244.56 5245.47 5244.35 5242.52 5243.79 5239.92 5252.16 5253.92 5256.04 5257.39 5257.95 5263.16 5264.76 5262.98 5259.25 5251.04 5249.91 5245.6 5244.82 5245.26 5246.77 5248.41 5250.13 5253.34 5257.08 5259.87 5261.68 5254.21 5244.46 5242.29 5241.48 5244.69 5249.02 5251.43 5253.42 5256.41 5250.38 5244.64 5240.25 5236.54
5360.73 5373.98 5374.08 5387.6 5417.33 5447.23 5473.03 5479.72 5476.51 5464.26 5448.07 5425.39 5403.94 5397.59 5396.02 5390.73 5392.35 5399.64 5410.46 5402.05 5367.19 5329.39 5317.76 5302.54 5286.65 5272.67 5256.96 5249.19 5247.46 5242.45 5237.13 5238.48 5236.81 5244.67 5247.43 5250.07 5251.2 5251.76 5261.95 5269.18 5269.22 5262.12 5249.85 5242.87 5241.67 5240.22 5238.52 5239.17 5244.91 5249.37 5254.69 5259.58 5261.3 5257.33 5245.19 5237.88 5241.64 5241.32 5240.03 5240.91 5241.57 5240.2 5234.47 5232.66 5231.94 5228.9 5224.44
5358.11 5369.85 5370.9 5376.36 5405.75 5438.4 5462.68 5473.56 5473.43 5461.71 5442.88 5429.3 5413.95 5408.4 5405.53 5398.79 5390.99 5387.72 5388.89 5375.18 5342.47 5312.64 5299.47 5290.62 5281.21 5271.48 5262.56 5256.17 5254.96 5250.57 5237.56 5235.11 5234.65 5237.25 5242.49 5246.81 5252.15 5257.16 5265.7 5278.32 5287.57 5268.02 5253.35 5245.28 5240.47 5237.21 5236.11 5238.59 5245.21 5253.27 5259.78 5262.85 5262.77 5253 5243.17 5233.6 5233.78 5237.84 5236.16 5235.56 5234.27 5231.35 5226.24 5223.61 5223.92 5221.54 5217.47
