real_craters/C187-1000m.grd
DSAA
99 99
-48.76 48.76
-48.76 48.76
4061.7064698275 6972.4564332852
[rows 60 to 89 of 99, columns 0 to 66 of 99]
5970.13 5993.59 6000.45 5988.55 5952.77 5932.49 5881.44 5854.25 5929.4 5986.42 5996.95 6000.53 6011.57 6022.41 5973.41 5949.24 5926.44 5909.74 5896.1 5884.75 5878.89 5881.58 5893.13 5901.6 5917.2 6014.85 6431.24 6286.37 6483.85 6329.67 6055.25 5815.75 5428.21 5162.76 5009.32 4915.55 4801.79 4759.22 4683.92 4626.48 4547.12 4485.03 4456.51 4430.41 4444.31 4443.8 4397.29 4392.42 4389.64 4384.91 4381.82 4378.31 4381.3 4384.61 4385.94 4433.3 4404.87 4458.09 4511.28 4579.74 4660 4738.7 4805.65 4850.04 4944.52 5154.76 5364.05
5970.72 5988.77 5992.04 5987.2 5961.4 5944.17 5887.73 5850.14 5950.1 6003.46 6007.36 5996.23 5987.68 6006.85 6013.15 5956.82 5933.83 5917.74 5909.81 5908.29 5912.89 5920.44 5923.11 5931.29 5956.5 6057.91 6255.39 6238.01 6392.74 6412.62 6194.13 5950.64 5733.29 5429.79 5337.69 5103.27 4898.27 4837.88 4756.95 4657.71 4590.75 4529.36 4485.11 4456.74 4433.94 4433.78 4408.55 4397.69 4391.12 4379.76 4376.39 4376.05 4382.18 4385.35 4385.23 4408.72 4412.22 4484.01 4555.38 4614.3 4675.76 4750.71 4814.84 4869.36 4986.1 5363.97 5769.33
5930.15 5947.16 5975.41 5970.45 5934.71 5893.66 5851.24 5847.86 6023.88 6062.86 6031.68 5988.66 5940.65 5921.5 5936.65 5935.93 5927.15 5917.57 5911.66 5914.3 5931.11 5951.41 5951.23 5946.54 5994.06 6027.83 6228.04 6272.92 6419.77 6442.47 6372.37 6214.07 5879.39 5651.91 5547.09 5302.99 5080.2 4967.48 4914.19 4758.33 4693.82 4614.33 4540.12 4462.83 4457.25 4457.55 4454.21 4437.72 4409.11 4384.52 4382.17 4385.83 4400.45 4380.64 4396.85 4423.01 4452.87 4525.42 4595.03 4638.35 4690.32 4768.14 4863.08 4954 5130.46 5609.2 6163.56
5901.13 5918.81 5930.9 5922.51 5892.12 5861 5831.89 5873.76 6095.1 6126.85 6052.76 5992.15 5946.02 5914.12 5890.51 5910.41 5918.24 5904.4 5901.26 5907.96 5925.57 5957.49 5964.76 5998.17 6009.69 6008.83 6085.86 6191.3 6366.65 6485.37 6455.88 6378.35 6106.53 5851.08 5669.92 5463.04 5307.41 5156.43 5134.31 4856.7 4794.73 4726.3 4653.68 4558.68 4491.89 4471.02 4468.33 4461.8 4443.47 4422.79 4409.77 4404.55 4427.34 4424.65 4438.94 4476.01 4496.5 4551.58 4615.64 4677.11 4729.41 4801.87 4979.49 5125.82 5331.82 5829.18 6313.12
5876.43 5884.93 5887.83 5873.02 5856.29 5837.81 5829.74 5915.45 6075.4 6079.8 6036.75 5985.27 5937.83 5904.58 5887.73 5880.62 5884.01 5870.63 5879.34 5886.1 5890.31 5892.49 5955.8 6012.78 6005.78 5993.17 5950.82 6033.19 6149.49 6300.23 6384.33 6398.26 6445.23 6296.15 5961.28 5643.89 5525.83 5441.11 5255.78 5125.59 4896.83 4901.24 4853.41 4753.73 4738.34 4672.43 4549.43 4504.74 4495.65 4467.29 4442.62 4440.36 4454.24 4434.48 4475.88 4515.77 4571.29 4569.11 4671.72 4762.54 4851.8 4996.76 5209.22 5402.75 5562.57 6053.86 6359.07
5830.47 5830.72 5827.82 5839.93 5847.8 5839.66 5837.55 5977.85 6056.64 6048.66 6024.54 5977.95 5924.17 5879.04 5872.75 5875.06 5874.02 5874.55 5871.3 5869.7 5879.93 5903.34 5944.6 6020.63 5993.94 5972.47 5897.53 5946.81 6049.98 6175.35 6205.55 6256.55 6320.13 6360.64 6228.58 5883.78 5718.12 5495.53 5376.01 5279.61 5265.67 5160.04 5068.37 4971.96 4859.88 4749.78 4699.15 4673.81 4605.74 4521.02 4511.08 4498.03 4497.21 4501.46 4547.62 4577.96 4642.42 4657.71 4769.27 4903.11 5042.14 5254.42 5563.7 5854.18 5951.46 6286.97 6287.11
5806.57 5807.41 5808.82 5840.27 5878.6 5910.58 5967.9 6019.46 6039.04 6057.9 6012.52 5965.64 5917.07 5868.11 5858.81 5852.52 5856.38 5861.57 5865.2 5864.62 5856.6 5875.49 5888.41 5889.36 5937.69 5974.65 5901.02 5929.09 5986.27 6059.32 6113.19 6202.5 6224.22 6168.3 6312.23 6237.95 5999.74 5688.52 5582.99 5558.1 5490.97 5393.74 5220.57 5038.81 4969.58 4910.82 4838.53 4812.45 4769.24 4706.18 4663.68 4639.72 4628.11 4604.53 4682.35 4754.23 4825.18 4782.93 4936.48 5133.41 5335.45 5569.23 5849.71 6222.33 6374.95 6395.9 6308.47
5797.02 5800.76 5821.46 5882.01 5932.96 5997.15 6068.05 6077.88 6051.25 6040.61 5998.19 5951.92 5918.16 5923.74 5853.1 5852.21 5845.47 5841.76 5845.13 5845.11 5843.15 5832.43 5840.19 5847.48 5849.4 5925.15 5879.46 5898.74 5953.09 5998.76 6031.05 6158.44 6195.37 6124.54 6175.14 6391.45 6282.51 6035.99 5794.03 5814.23 5773.73 5599.66 5439.7 5229.99 5173.55 5247.47 5169.73 5111.54 4960.91 4894.8 4863.74 4877.8 4919.3 4995.28 4990.38 4954.96 5081.58 5001.86 5199.12 5432.1 5636.52 5825.92 6001.97 6169.6 6179.43 6208.91 6093.93
5791.87 5798.73 5853.6 5924.48 5963.36 6028.72 6160.46 6137.89 6055.61 6012.59 5974.24 5930.99 5889.99 5864.55 5849.75 5836.34 5824.85 5821.9 5826.08 5826.13 5826.67 5827.53 5836.82 5857.85 5841.8 5914.78 5852.49 5871.94 5914.27 5963.2 5979.32 5956.49 6032.85 6128.58 6134.75 6247.26 6340.18 6374.19 6100.81 5916.73 5837.52 5826.44 5842.94 5622.39 5457.12 5439.06 5311.15 5239.2 5173.13 5125.46 5129.64 5171.1 5286.08 5401.62 5357.95 5307.57 5340.03 5335.9 5517.47 5755.19 6015.51 6057.55 6064.35 6108.9 6134.75 5940.98 5887.69
5776.42 5795.89 5868.29 5934.24 5934.25 5961.88 5968.71 6013.4 6064.51 6008.06 5964.22 5928.83 5891.45 5871.28 5874.56 5814.37 5797.77 5796.78 5803.04 5808.82 5813.46 5820.34 5832.35 5849.23 5828.28 5937.17 5856.86 5865.82 5869.18 5864.59 5880.49 5893.42 5882.56 6024.2 6116.93 6121.17 6228.45 6373.25 6406.27 6119.64 6062.76 6168.78 6227.33 5880.27 5680.65 5530.54 5381.81 5414.56 5381.97 5331.17 5307.75 5428.09 5542.64 5547.55 5611.58 5656.89 5688.62 5720.27 5806.16 5953.1 6107.63 6098.92 6040.65 6023.25 6001.33 5868.5 5799.16
5746.77 5789.4 5818.5 5801.55 5866.86 5897.89 5903.22 5921.73 5934.08 5961.71 5946.39 5926.52 5919.87 5897.6 5761.55 5758.07 5771.13 5778.74 5786.37 5791.84 5800.34 5808.82 5805.82 5817.83 5839.46 5865.52 5890.98 5872.57 5858.87 5838.83 5837.66 5852.4 5827.88 5826.65 5962.69 6055.27 6114.54 6152.44 6263.81 6234.62 6307.12 6314.9 6325.82 6215.16 6022.83 5894.26 5772.12 5636.26 5602.75 5595.95 5557.71 5727.92 5761.45 5769.27 5849.12 5855.87 5915.54 6024.47 5995.14 6012.67 6042.02 6004.63 5955.05 5869.67 5816.83 5818.07 5751.58
5736.69 5765.26 5787.62 5787.61 5841.5 5882.18 5898.61 5902.19 5891.58 5914.86 5917.66 5913.44 5905.72 5886.18 5802.63 5758.01 5751.54 5759.13 5770.26 5781.57 5793.89 5808.94 5829.76 5835.25 5894.39 5874.22 5919.54 5887.53 5876.85 5863.37 5846.28 5820.81 5801.72 5776.9 5856.72 5972.28 6016.4 5954.35 6044.5 6051.6 6087.99 6183.12 6314.64 6407.52 6244.43 6194.51 6225.97 6084.46 6003.26 5991.49 6136.39 6122.63 6230.49 6202.04 6155.24 6194.77 6298.56 6176.05 6043.19 5994.97 5965.84 5905.11 5846.8 5775.36 5714.79 5723.31 5699.66
5742.02 5737.05 5795.49 5816.07 5856.14 5898.75 5920.2 5880.13 5875.36 5893.23 5897.87 5897.38 5898.01 5873.85 5795.83 5746.33 5746.39 5754.35 5767.43 5784.09 5796.1 5812.4 5812.57 5840.57 5925.41 5979.14 5944.17 5911.27 5919.51 5921.32 5872.14 5826.62 5776.19 5738.65 5757.19 5846.28 5889.57 5858.49 5966.68 5891.89 5944.77 5993.87 6120.53 6093.26 6152.93 6165.74 6179.7 6183.08 6210.64 6176.18 6282.19 6238.16 6227.43 6176.03 6155.16 6177.36 6130.43 5966.59 5943.28 5912.71 5864.81 5813.35 5747.93 5660.06 5641.14 5639.64 5638.13
5734.92 5729.87 5804.71 5840.56 5872.1 5897.71 5899.69 5877.9 5874.61 5881.31 5888.11 5889.69 5869.19 5836.02 5789.51 5755.12 5739.86 5744.47 5757.24 5777.84 5794.35 5815.64 5816.12 5849.39 5924.02 5951.81 6003.11 5980.75 5963.37 5971.79 5909.16 5819.45 5776.43 5700.16 5680.32 5679.61 5703.52 5717.15 5753.76 5778.06 5822.02 5879.02 5915.51 6015.97 6003.7 5985.68 5903.35 5954.64 6022.85 6067.48 6036.83 6076.15 6099.42 6044.25 5993.67 5952.03 5827.42 5825.2 5831.4 5812.56 5785.19 5740.07 5672.8 5607.71 5598.83 5586.31 5591.69
5728.03 5743.13 5801.14 5854.35 5873.37 5865.48 5864.63 5862.93 5867.44 5873.89 5884.75 5899.4 5886.04 5818.3 5777.69 5749.03 5721.94 5735.69 5750.4 5764.66 5790.77 5815.48 5847.14 5861.13 5922.22 5940.34 5949.96 5985.77 5968.17 5943.88 5899.38 5826.84 5756.2 5707.67 5661.63 5647.38 5663.3 5687.93 5706.72 5733.54 5767 5794.16 5842.06 5855.73 5893.54 5892.08 5867.99 5880.83 5923.56 5920.07 5944.94 5941.85 5908.31 5934.34 5906.45 5834.54 5777.47 5805.21 5758.99 5720.81 5701.29 5688.01 5656.16 5614.54 5582.87 5569.09 5574.41
5732.64 5780.12 5796.36 5826.37 5838.73 5842.94 5834.33 5827.91 5828.8 5841.6 5875.52 5900.44 5905.62 5838.43 5765.11 5671.74 5711.5 5724.66 5735.91 5751.31 5776.28 5804.82 5845.88 5830.83 5886.41 5835.02 5854.88 5913.47 5911.55 5898.32 5873.82 5824.63 5769.33 5728.67 5677.89 5663.1 5662.91 5682.34 5697.91 5710.04 5753.1 5757.44 5768.91 5786.51 5832.51 5868.17 5892.5 5859.74 5798.27 5794.99 5779.64 5773.53 5831.77 5825.11 5802.5 5760.17 5712.04 5709.01 5684.43 5656.99 5645.73 5651.43 5671.82 5582.41 5555.65 5559.29 5567.45
5740.56 5775.03 5791.31 5796.63 5796.95 5795.03 5804.86 5809.33 5822.91 5856.73 5871.89 5883.15 5892.79 5852 5799.9 5793.57 5739.26 5723.28 5743.24 5745.48 5749.85 5758.05 5769.96 5786.63 5944.74 5816.55 5793.01 5828.43 5848.53 5851.86 5821.89 5815.64 5770.56 5749.17 5715.94 5712.17 5693.18 5705.51 5721.09 5729.11 5743.77 5745.09 5757.26 5767.67 5805.84 5841.5 5882.79 5792.65 5725.25 5712.46 5677.96 5648.53 5665.15 5639.17 5683.8 5702.29 5673.82 5647.68 5627.99 5602.45 5600.15 5603.2 5592.02 5532.77 5540.49 5551.98 5563.41
5757.01 5783.61 5783.63 5782.29 5781.36 5778.94 5784.71 5792.78 5831.76 5862.33 5869.36 5873.44 5884.82 5845.73 5799.54 5751.74 5725.06 5713.41 5727.16 5723.36 5718.35 5712.7 5711.26 5722.41 5883.4 5810.57 5779.3 5800.55 5813.64 5819.38 5806.93 5766.11 5748.15 5751.11 5756.22 5769.88 5749.52 5750.39 5771.24 5797.02 5798.73 5744.49 5762.63 5779.71 5786.87 5783.71 5749.82 5706.04 5707.63 5695.83 5653.94 5612.55 5583.56 5562.07 5549.27 5567.06 5583.58 5599.47 5588.08 5568.01 5564.89 5559.24 5535.54 5525 5530.11 5540.54 5547.49
5746.94 5768.76 5770.73 5766.69 5779.84 5751.1 5757.86 5790.38 5837.79 5853.41 5851.9 5860.55 5856.3 5821.62 5778.17 5729.76 5704.56 5695.73 5702.22 5690.57 5684.96 5682.79 5688.12 5723.12 5778.24 5782.75 5769.8 5772.58 5768.04 5782.11 5797.64 5749.6 5747.69 5766.52 5810.73 5855.75 5835.13 5808.92 5816.09 5838.99 5840.38 5809.92 5817.13 5811.2 5782.29 5745.01 5691.58 5687.17 5709.55 5692.98 5647.66 5606.64 5564.57 5541.49 5522.6 5514.73 5521.07 5520.64 5518.6 5533.51 5544.23 5547.17 5530.69 5524.73 5533.77 5537.54 5535.82
5731.11 5749.19 5741.74 5725.89 5719.75 5734.99 5726.41 5723.72 5806.66 5833.17 5828.15 5811.09 5812.29 5792.04 5760.12 5725.97 5706.78 5695.03 5672.06 5658.32 5648 5655.43 5696.57 5763.19 5746.89 5746.36 5740.84 5734.23 5742.77 5727.1 5711.54 5787.31 5782.69 5821.95 5890.82 5887.8 5871.74 5842.26 5851.72 5865.06 5877.25 5901.9 5911.72 5838.36 5766.01 5713.64 5669.17 5651.33 5664.14 5670.81 5622.95 5582.87 5544.82 5523.38 5507.11 5499.31 5493.78 5482.61 5482.11 5501.21 5539.78 5567.3 5565.88 5555.42 5547.69 5531.83 5520.17
5712.38 5728.08 5719.76 5696.85 5692.09 5692.82 5684.28 5716.77 5776.9 5826.12 5825.09 5776.99 5773.92 5757.28 5733.16 5707.17 5679.59 5660.91 5642.81 5628.65 5620.14 5630.77 5695.43 5817.12 5723.83 5709.07 5719.72 5715.58 5704.2 5711.01 5753.34 5759.89 5750.06 5786.71 5844.07 5861.55 5873.84 5878.42 5843.51 5843.9 5873.54 5907.37 5914.85 5801.98 5738.67 5697.3 5666.07 5644.17 5631.75 5611.54 5597.84 5554.35 5537.29 5523.19 5507.84 5501.05 5489.44 5479.69 5476.74 5494.9 5537.9 5587.91 5571.24 5567.13 5526.48 5506.72 5494.93
5691.9 5700.85 5695.32 5678.85 5672.75 5671.8 5678.48 5709.69 5763.21 5804.03 5812.83 5756.56 5743.29 5718.47 5694.77 5670.23 5638.07 5633.6 5613.92 5595.74 5584.75 5582.27 5605.77 5678.93 5637.82 5660.86 5704.32 5692.42 5700.87 5682.82 5697.93 5725.2 5714.82 5721.26 5764.76 5819.69 5820.09 5812.53 5807.16 5768.12 5778.34 5842.21 5726.32 5719.66 5706.76 5683.8 5670.04 5663.2 5672.47 5674.19 5609.32 5566.44 5543.69 5535.49 5523.61 5506.73 5495.98 5482.95 5474.08 5486.55 5514.09 5539.71 5516.92 5512.01 5484.37 5479.46 5477.35
5680.46 5681.15 5678.24 5672.46 5670.47 5673.87 5694.34 5714.86 5743.25 5764.56 5792.79 5790.76 5713.34 5689.67 5665.51 5646.67 5644.62 5610.13 5588.71 5572.6 5563.36 5562.18 5549.17 5699.65 5572.31 5606.91 5641.44 5689.76 5702.21 5691.94 5683.39 5675.31 5691.94 5698.54 5728 5755.34 5775.71 5753.04 5716.15 5711.69 5681.23 5674.22 5685.32 5672.44 5668.87 5663.66 5661.35 5663.32 5677.91 5656.11 5618.48 5580.2 5562.82 5561.12 5544.01 5528.51 5510.78 5491.77 5477.39 5479.89 5485.36 5474.14 5468.28 5468.78 5452.73 5460.86 5462.95
5666.64 5669.42 5667.79 5667.74 5671.68 5676.11 5696.11 5712.36 5716.27 5712.92 5712.07 5732.77 5697.68 5667.97 5638.6 5605.09 5559.74 5554.11 5553.13 5549.5 5545.94 5551.98 5546.6 5675.4 5561.5 5583.03 5633.44 5667.43 5683.31 5707.97 5695.39 5669.73 5676.63 5695.66 5686.41 5689.33 5743.52 5706.29 5690.6 5688.88 5667.31 5646.87 5652.57 5637.8 5639.66 5642.25 5644.16 5642.72 5629.69 5625.29 5637.59 5607.17 5596.6 5600.13 5620.43 5565.75 5539.67 5514.22 5483.64 5475.74 5475.8 5473.38 5455.72 5447.38 5446.6 5451.64 5458.62
5657.87 5660.23 5660.53 5662.93 5668.89 5677.87 5680.09 5686.14 5703.28 5713.77 5740.87 5736.35 5700.07 5660.21 5621.22 5578.05 5538.02 5525.6 5529.14 5530.22 5528.44 5525.85 5544.88 5634.61 5573.85 5589.54 5630.77 5657.23 5680.71 5702.31 5689.53 5666.15 5659.93 5671.77 5658.85 5639.35 5665.94 5670.49 5665.16 5655.32 5632.45 5625.83 5636.06 5621.14 5625.4 5630.5 5632.76 5622.26 5604.42 5611.49 5657.5 5633 5633.34 5630.72 5601.34 5583.35 5567.55 5553.13 5519.52 5491.57 5483.28 5480.74 5458.75 5434.97 5436.05 5446.18 5459.45
5652.6 5654.64 5658 5662.39 5666 5662.18 5668.95 5679.46 5698.93 5724.12 5731.95 5735.84 5695.39 5655.55 5613.63 5570.53 5529.25 5510.6 5522.18 5527.43 5528.57 5517.64 5521.2 5603.16 5576.98 5590.07 5628.99 5648.97 5655.16 5661.14 5668.91 5669.03 5655.55 5652.22 5640.2 5627.83 5640.47 5650.35 5658.33 5653.18 5646.68 5619.98 5606.51 5606.22 5614.47 5621.56 5629.09 5635.67 5628.15 5634.11 5624.84 5593.21 5586.83 5588.04 5595.13 5590.16 5584.94 5593.58 5601.77 5531.25 5499.57 5474.08 5453.63 5427.37 5436.08 5450.81 5466.05
5649.85 5650.01 5650.68 5657.09 5663.4 5654.18 5684.09 5687.49 5696.62 5702.51 5694.7 5697.15 5681.7 5647.35 5607.62 5567.04 5532.62 5515.82 5526 5536.47 5544.31 5545.81 5529.1 5587.86 5553.23 5577.17 5620.53 5641.9 5636.24 5650.32 5660.4 5659.03 5644.16 5644.99 5627.87 5617.89 5641.45 5669.91 5674.73 5665.09 5662.59 5638.63 5617.11 5606.58 5611.31 5616.57 5624.2 5637.92 5639.88 5618.51 5614.45 5577.48 5578.64 5580.95 5577.33 5574.78 5573.32 5578.35 5591.62 5567.76 5520.2 5497.58 5474.28 5447.14 5454.89 5465.42 5474.27
5644.47 5645.5 5646.82 5650.6 5654.39 5658.12 5674.85 5682.61 5691.35 5697.56 5701.46 5692.43 5666.01 5636.28 5604 5569.01 5530.06 5514.76 5531.55 5549.51 5564.81 5567.18 5560.4 5566.41 5549.51 5569.31 5606.68 5632.53 5647.53 5667.98 5668.46 5663.54 5645.33 5637.74 5623.05 5619.84 5639.05 5679.06 5680.18 5668.88 5654.94 5646.5 5636.48 5614.94 5606.46 5603.09 5603.36 5600.79 5584.78 5580.48 5573.89 5574.25 5580.28 5573.64 5562.18 5554.13 5546.59 5533.87 5527.97 5538.26 5527.83 5523.9 5502.56 5487.64 5477.61 5478.72 5481.71
5636.63 5638.84 5640.8 5644.89 5653.81 5663.21 5665.78 5671.26 5680.34 5688.73 5692.78 5677.53 5661.25 5628.65 5598.18 5568.78 5534.26 5519.69 5539.46 5561.23 5583.81 5592.84 5576.61 5532.63 5538.53 5566.97 5606.33 5635.31 5650.49 5638.42 5667.51 5657.99 5641.13 5646.07 5631.75 5624.96 5634.25 5671.54 5674.4 5685.13 5675.24 5653.97 5625.68 5603.84 5596.1 5587.67 5579.87 5567.68 5552.52 5545.23 5546.96 5563.18 5573.62 5570.16 5549.37 5537.76 5526.54 5516.7 5511.23 5519.16 5530.35 5523.76 5505.84 5487.7 5486.56 5486.17 5491.2
5621.6 5631.35 5639.34 5649 5657.93 5643.67 5655.71 5662.61 5670.65 5677.19 5681.24 5686.52 5652.75 5623.53 5596.05 5571.24 5541.07 5534.01 5542.48 5560.85 5590 5592.52 5563.03 5539.4 5551.78 5581.04 5618.9 5652.58 5652.85 5658.68 5668.21 5662.27 5651.81 5648.01 5634.08 5617.55 5617.95 5632.85 5646.05 5702.82 5724.33 5692.32 5617.4 5600.27 5583.04 5572.97 5559.92 5544.41 5523.96 5520.01 5529.65 5557.9 5561.33 5562.02 5548.06 5515.95 5514.03 5515.03 5510.28 5505.7 5516.35 5511.25 5536.64 5471.62 5465.35 5471.17 5486.68
