real_craters/C187-750m.grd
DSAA
229 229
-85.33 85.33
-85.33 85.33
4047.7978853578 7403.201796463
[rows 76 to 113 of 229, columns 84 to 167 of 229]
6074 6084 6114 6136 6189 6270 6227 6144 6077 6048 6012 5988 5979 5972 5969 5985 6000 5993 6003 6017 6068 6132 6201 6290 6265 6208 6190 6213 6223 6219 6206 6233 6230 6239 6227 6216 6207 6195 6181 6164 6150 6130 6110 6082 6091 6078 6037 5981 5951 5968 5997 6023 6046 6046 6006 5974 5963 5969 5971 5951 5909 5872 5858 5854 5879 5888 5889 5879 5875 5868 5850 5835 5833 5837 5842 5846 5848 5846 5842 5839 5844 5853 5862 5870
6167 6160 6205 6205 6231 6269 6209 6129 6059 6030 6006 5987 5978 5974 5980 6022 6074 6053 6068 6062 6124 6177 6221 6310 6332 6293 6293 6303 6288 6275 6278 6263 6257 6260 6244 6218 6198 6183 6170 6164 6153 6132 6097 6040 6044 6091 6119 6068 6036 6022 6029 6040 6051 6065 5998 5977 5966 5951 5977 5924 5895 5864 5853 5869 5900 5891 5891 5895 5897 5883 5862 5844 5835 5832 5833 5842 5843 5838 5840 5844 5841 5844 5849 5851
6264 6178 6133 6137 6240 6272 6178 6114 6044 6016 6003 5992 5993 5993 6003 6071 6171 6218 6194 6156 6165 6215 6325 6403 6410 6414 6358 6353 6354 6358 6371 6345 6315 6274 6231 6204 6180 6163 6160 6165 6163 6153 6121 6044 6050 6109 6201 6170 6098 6089 6076 6059 6039 6008 5981 5985 5992 5963 5927 5894 5873 5858 5854 5884 5898 5856 5857 5904 5921 5892 5868 5850 5838 5826 5818 5817 5814 5820 5831 5830 5832 5834 5835 5835
6265 6151 6081 6046 6191 6216 6150 6077 6040 6019 6011 6011 6030 6029 6025 6100 6188 6218 6227 6227 6221 6260 6386 6428 6392 6387 6342 6361 6385 6398 6372 6349 6312 6251 6186 6144 6132 6129 6139 6153 6177 6192 6203 6121 6088 6091 6168 6239 6269 6174 6121 6075 6033 6002 5977 5990 6002 5965 5924 5885 5863 5855 5855 5904 5840 5788 5775 5846 5895 5878 5864 5850 5835 5820 5804 5785 5775 5797 5816 5821 5820 5821 5822 5822
6186 6123 6071 6032 6064 6072 6092 6046 6023 6012 6026 6085 6079 6088 6096 6132 6154 6167 6173 6192 6276 6363 6321 6242 6198 6215 6239 6321 6317 6337 6294 6252 6223 6167 6098 6057 6043 6049 6073 6110 6162 6213 6266 6235 6148 6084 6090 6209 6277 6218 6150 6088 6029 5982 5974 5982 5988 5939 5916 5881 5857 5858 5865 5899 5842 5772 5752 5788 5816 5854 5856 5843 5827 5813 5796 5776 5764 5783 5802 5804 5806 5807 5809 5812
6135 6131 6061 6010 6002 6003 6017 6011 6028 6021 6035 6084 6114 6146 6188 6176 6172 6161 6183 6162 6187 6201 6100 5961 5932 5941 5997 6086 6092 6117 6110 6076 6046 6014 5968 5946 5945 5961 5998 6048 6123 6209 6266 6297 6191 6092 6064 6148 6210 6199 6153 6100 6047 5998 5960 5953 5963 5916 5910 5886 5869 5869 5879 5904 5901 5843 5786 5806 5841 5862 5859 5843 5825 5808 5792 5778 5774 5776 5784 5791 5794 5794 5795 5797
6089 6061 6028 6003 5987 5996 5993 6001 6044 6061 6125 6114 6163 6186 6188 6215 6182 6130 6140 6006 5962 5913 5813 5804 5800 5777 5743 5787 5828 5818 5826 5853 5833 5812 5795 5802 5831 5871 5916 5971 6048 6153 6252 6273 6195 6096 6044 6082 6131 6156 6139 6108 6064 6014 5962 5937 5946 5911 5887 5883 5870 5885 5905 5938 5972 5926 5834 5858 5896 5896 5874 5843 5810 5800 5790 5782 5773 5771 5774 5777 5779 5779 5780 5782
6047 6048 6008 5990 5968 5988 6003 6053 6080 6108 6189 6226 6252 6295 6278 6242 6188 6017 5961 5808 5720 5630 5605 5638 5658 5667 5635 5616 5635 5634 5664 5658 5609 5582 5602 5647 5700 5757 5819 5877 5940 6033 6147 6201 6149 6112 6060 6050 6069 6107 6130 6129 6102 6045 5976 5928 5945 5908 5886 5874 5889 5896 5912 5936 5966 5920 5882 5908 5958 5932 5893 5850 5808 5804 5799 5788 5781 5769 5762 5762 5761 5764 5765 5766
6032 6009 5996 5992 5990 5995 6026 6083 6122 6143 6212 6244 6309 6398 6324 6150 5992 5830 5708 5602 5578 5552 5549 5546 5542 5570 5587 5568 5546 5563 5571 5502 5416 5365 5424 5492 5560 5617 5680 5737 5793 5839 5882 5958 6010 6097 6090 6051 6069 6104 6149 6164 6163 6085 5995 5931 5918 5920 5897 5883 5882 5892 5901 5905 5907 5904 5907 5927 5945 5934 5908 5876 5849 5834 5814 5797 5783 5772 5762 5754 5747 5753 5755 5754
6044 6030 5987 5999 5998 5997 6059 6150 6220 6215 6293 6325 6375 6353 6205 5995 5825 5695 5604 5549 5542 5575 5586 5525 5514 5490 5515 5482 5411 5421 5431 5344 5270 5226 5292 5369 5429 5483 5545 5598 5648 5669 5664 5747 5820 5839 5961 6057 6097 6144 6203 6197 6138 6092 6009 5940 5920 5924 5920 5881 5881 5885 5896 5905 5891 5889 5911 5928 5941 5937 5916 5900 5898 5865 5830 5805 5786 5771 5763 5757 5755 5750 5747 5747
6053 6024 5988 6000 5995 6012 6117 6217 6296 6286 6252 6329 6269 6095 5942 5782 5668 5598 5567 5524 5529 5549 5517 5447 5364 5343 5336 5281 5146 5137 5160 5178 5166 5161 5212 5271 5319 5357 5407 5462 5523 5581 5638 5678 5710 5757 5841 5930 6110 6279 6306 6265 6197 6120 6030 5948 5938 5939 5930 5890 5883 5886 5895 5897 5884 5881 5904 5920 5932 5924 5909 5895 5882 5857 5829 5807 5790 5777 5766 5756 5749 5744 5742 5742
6083 6044 6010 6015 6054 6142 6195 6217 6235 6190 6137 6184 5994 5820 5702 5564 5529 5517 5484 5470 5511 5559 5536 5373 5229 5164 5119 5036 4983 4950 4986 5048 5090 5119 5153 5179 5214 5245 5292 5333 5400 5481 5617 5633 5643 5692 5750 5858 6076 6334 6355 6311 6262 6168 6063 5973 5954 5947 5931 5913 5908 5906 5899 5890 5889 5897 5901 5906 5906 5901 5895 5879 5855 5835 5821 5806 5794 5784 5770 5755 5742 5739 5739 5738
6132 6147 6062 6129 6270 6264 6226 6163 6138 6138 6090 6009 5815 5648 5587 5526 5503 5499 5434 5397 5466 5537 5429 5255 5090 5010 4957 4897 4876 4883 4914 4960 5026 5114 5111 5088 5100 5123 5144 5199 5265 5352 5468 5540 5571 5607 5646 5727 5935 6156 6259 6293 6276 6203 6103 6018 5996 5947 5932 5923 5922 5919 5904 5895 5893 5886 5890 5896 5898 5893 5885 5870 5846 5828 5818 5805 5792 5779 5769 5757 5742 5738 5738 5735
6169 6139 6104 6203 6279 6280 6224 6151 6105 6100 6058 6047 5781 5604 5551 5541 5508 5501 5456 5365 5332 5401 5286 5115 4974 4889 4847 4819 4800 4796 4832 4868 4911 4950 4959 4961 4972 4996 5020 5062 5122 5224 5418 5433 5466 5572 5545 5597 5761 5918 6106 6285 6319 6239 6130 6028 5989 5959 5940 5927 5913 5915 5905 5889 5889 5902 5887 5892 5896 5898 5885 5872 5854 5837 5824 5808 5788 5776 5769 5762 5758 5753 5743 5734
6178 6157 6149 6255 6312 6304 6200 6127 6077 5991 5986 5978 5687 5537 5478 5475 5446 5469 5482 5370 5144 5181 5145 5001 4850 4763 4746 4748 4715 4728 4746 4760 4769 4759 4779 4814 4844 4864 4895 4930 4969 5035 5177 5275 5341 5418 5422 5478 5619 5789 6031 6315 6368 6265 6152 6041 6009 5977 5945 5935 5928 5935 5917 5895 5895 5936 5898 5893 5893 5890 5885 5878 5869 5859 5839 5817 5791 5775 5769 5765 5767 5759 5742 5729
6199 6196 6207 6280 6331 6248 6157 6082 5991 5863 5891 5837 5554 5402 5322 5288 5298 5287 5276 5177 5029 5024 5011 4854 4720 4641 4651 4651 4618 4633 4643 4647 4645 4633 4647 4688 4722 4749 4777 4803 4824 4846 4952 5124 5285 5358 5316 5371 5506 5691 5930 6168 6268 6241 6178 6096 6105 6113 5983 5956 5952 5943 5933 5929 5949 5943 5912 5898 5893 5888 5886 5887 5887 5877 5862 5832 5800 5776 5768 5763 5758 5748 5737 5726
6254 6322 6245 6319 6297 6226 6118 5973 5804 5748 5770 5626 5378 5219 5178 5158 5163 5122 5079 4982 4885 4827 4743 4613 4560 4540 4563 4605 4543 4516 4542 4549 4548 4536 4545 4589 4627 4656 4685 4708 4726 4758 4850 4997 5132 5212 5244 5283 5375 5508 5690 5933 6092 6173 6211 6159 6143 6146 6039 5993 5979 5961 5951 5948 5950 5948 5912 5904 5895 5889 5887 5892 5904 5919 5886 5849 5814 5789 5774 5762 5749 5736 5733 5727
6319 6499 6440 6403 6260 6186 6069 5842 5649 5594 5624 5398 5186 5067 5097 5098 5082 5048 4950 4840 4695 4625 4550 4464 4459 4467 4471 4449 4454 4459 4470 4477 4475 4468 4474 4516 4547 4585 4610 4632 4648 4677 4769 4898 5033 5080 5109 5174 5243 5319 5433 5698 5903 6068 6227 6321 6226 6181 6094 6027 5993 5974 5968 5953 5940 5938 5936 5912 5894 5884 5882 5888 5902 5916 5893 5860 5827 5803 5783 5766 5753 5747 5736 5729
6381 6531 6531 6399 6171 5980 5899 5674 5487 5384 5318 5195 5115 5003 5084 5058 4973 4905 4796 4688 4559 4490 4430 4393 4403 4411 4412 4401 4404 4421 4425 4427 4425 4424 4436 4465 4490 4524 4555 4580 4596 4620 4711 4824 4887 4974 5027 5075 5133 5191 5278 5478 5712 5915 6119 6320 6402 6312 6104 6053 6008 5994 5979 5950 5931 5933 5930 5907 5887 5874 5870 5876 5885 5888 5882 5869 5848 5819 5792 5772 5757 5743 5736 5727
6422 6437 6364 6237 6099 5712 5613 5488 5314 5205 5124 5039 5000 4940 5030 4957 4809 4671 4608 4499 4430 4400 4372 4367 4371 4375 4378 4374 4372 4384 4392 4396 4397 4398 4404 4434 4457 4489 4517 4547 4580 4613 4684 4804 4891 4910 4952 4991 5047 5109 5202 5382 5554 5734 5913 6130 6348 6373 6195 6110 6029 5966 5955 5944 5931 5923 5899 5888 5872 5857 5851 5861 5870 5871 5868 5873 5871 5831 5796 5779 5767 5762 5747 5727
6414 6318 6125 5969 5849 5551 5469 5369 5251 5159 5078 5010 4971 4847 4830 4796 4685 4571 4501 4425 4374 4353 4343 4346 4342 4335 4343 4353 4356 4364 4370 4375 4380 4386 4397 4420 4440 4467 4494 4519 4543 4557 4634 4741 4860 4822 4839 4908 4978 5053 5127 5255 5428 5572 5701 5924 6127 6276 6297 6194 6072 5970 5949 5940 5929 5911 5892 5871 5857 5844 5839 5853 5868 5874 5875 5872 5858 5830 5803 5788 5778 5778 5755 5728
6335 6204 5972 5850 5760 5512 5421 5332 5245 5176 5115 5026 4984 4789 4732 4689 4614 4529 4458 4393 4350 4336 4327 4326 4312 4301 4309 4326 4346 4347 4350 4356 4366 4379 4395 4412 4424 4445 4468 4490 4504 4520 4569 4617 4672 4715 4763 4835 4919 5013 5127 5240 5352 5462 5591 5794 6017 6268 6364 6260 6123 5999 5957 5939 5926 5897 5867 5856 5845 5837 5836 5853 5877 5899 5899 5870 5840 5824 5808 5798 5786 5775 5757 5734
6180 6016 5868 5743 5684 5484 5396 5341 5295 5250 5157 4979 4824 4729 4679 4637 4594 4522 4443 4376 4336 4316 4301 4286 4284 4277 4281 4294 4312 4326 4329 4342 4355 4368 4380 4395 4408 4428 4449 4467 4478 4487 4524 4562 4608 4646 4707 4788 4874 4969 5091 5242 5306 5388 5511 5840 6164 6349 6360 6301 6183 6066 5978 5944 5919 5891 5867 5852 5841 5833 5832 5854 5886 5916 5922 5864 5824 5820 5823 5812 5805 5790 5771 5755
6111 5985 5796 5610 5640 5486 5416 5365 5325 5302 5124 4912 4741 4678 4631 4596 4565 4504 4430 4366 4330 4308 4292 4271 4271 4265 4268 4288 4305 4302 4313 4330 4344 4355 4358 4373 4395 4412 4432 4451 4468 4479 4503 4534 4572 4611 4669 4743 4820 4901 4988 5148 5241 5322 5422 5692 6022 6275 6380 6352 6254 6132 6021 5972 5926 5892 5871 5857 5846 5837 5831 5856 5886 5913 5915 5852 5814 5818 5825 5824 5820 5820 5808 5787
6102 5957 5686 5512 5594 5468 5430 5376 5278 5127 5006 4855 4736 4646 4583 4547 4513 4469 4416 4363 4329 4313 4289 4273 4274 4266 4260 4270 4281 4283 4309 4327 4338 4346 4355 4368 4381 4395 4416 4437 4452 4466 4487 4515 4547 4586 4635 4699 4770 4842 4919 5077 5174 5275 5402 5589 5847 6176 6335 6388 6344 6261 6155 6053 5941 5897 5877 5867 5853 5847 5848 5861 5880 5897 5899 5848 5819 5820 5828 5832 5842 5859 5868 5826
6052 5837 5597 5496 5482 5429 5438 5395 5243 5104 4952 4847 4746 4610 4519 4500 4480 4444 4406 4369 4341 4331 4300 4287 4288 4287 4282 4281 4283 4292 4318 4332 4344 4347 4345 4347 4367 4383 4402 4421 4435 4451 4472 4498 4518 4544 4596 4660 4732 4809 4897 5001 5094 5196 5345 5542 5713 5918 6262 6424 6396 6366 6319 6148 6008 5903 5872 5860 5856 5854 5860 5862 5866 5871 5871 5859 5832 5820 5824 5831 5842 5867 5886 5842
6034 5662 5553 5492 5457 5418 5391 5297 5173 5029 4888 4786 4631 4541 4489 4468 4445 4423 4398 4375 4340 4332 4309 4299 4312 4326 4328 4332 4334 4328 4329 4351 4357 4357 4346 4336 4357 4374 4391 4405 4423 4435 4449 4469 4488 4511 4560 4620 4691 4776 4866 4931 5006 5087 5241 5435 5592 5769 6154 6376 6356 6295 6225 6160 6027 5942 5880 5862 5857 5854 5853 5849 5845 5839 5830 5835 5819 5804 5800 5801 5817 5837 5847 5826
6073 5695 5562 5496 5450 5431 5340 5221 5123 4994 4865 4742 4599 4535 4487 4456 4428 4407 4386 4371 4360 4338 4323 4328 4356 4377 4388 4400 4401 4392 4393 4391 4389 4380 4367 4356 4363 4373 4383 4396 4407 4416 4426 4443 4458 4485 4525 4578 4640 4711 4783 4842 4923 5024 5188 5364 5484 5633 5964 6211 6240 6198 6143 6122 6030 5943 5878 5857 5856 5850 5843 5835 5823 5811 5790 5775 5785 5780 5766 5758 5779 5795 5801 5795
6011 5752 5626 5484 5363 5324 5283 5215 5095 4951 4807 4693 4595 4552 4501 4454 4421 4397 4373 4358 4356 4352 4352 4374 4417 4443 4464 4492 4497 4475 4454 4446 4433 4418 4400 4391 4378 4379 4379 4383 4388 4399 4411 4424 4429 4452 4491 4537 4584 4630 4688 4768 4858 4984 5169 5307 5403 5527 5762 6002 6107 6150 6150 6112 6040 5959 5894 5865 5861 5849 5835 5819 5806 5795 5785 5783 5774 5765 5752 5744 5755 5761 5760 5763
5908 5736 5711 5465 5281 5227 5213 5207 5049 4875 4725 4649 4578 4545 4483 4455 4426 4394 4364 4347 4360 4362 4373 4425 4470 4510 4565 4596 4602 4576 4522 4512 4493 4465 4434 4402 4389 4386 4376 4368 4377 4387 4396 4390 4400 4424 4460 4499 4537 4572 4621 4684 4791 4941 5170 5346 5441 5534 5684 5829 6008 6124 6179 6117 6039 5982 5939 5901 5872 5853 5830 5807 5795 5786 5781 5776 5767 5759 5753 5752 5747 5742 5737 5737
5839 5732 5688 5415 5226 5154 5124 5064 4951 4819 4705 4630 4566 4537 4497 4464 4431 4398 4369 4358 4379 4393 4397 4460 4552 4590 4595 4704 4700 4713 4690 4619 4566 4516 4476 4445 4417 4391 4380 4372 4370 4372 4372 4374 4381 4404 4436 4470 4507 4547 4579 4630 4744 4929 5105 5294 5488 5556 5645 5789 5951 6115 6215 6107 6029 5985 5950 5923 5895 5867 5835 5803 5790 5778 5768 5762 5760 5757 5754 5754 5744 5736 5724 5721
5776 5688 5662 5449 5191 5114 5058 4963 4867 4775 4688 4632 4571 4522 4483 4462 4437 4404 4379 4372 4385 4404 4441 4518 4615 4689 4725 4730 4735 4747 4754 4688 4613 4552 4508 4472 4440 4405 4382 4363 4366 4360 4357 4362 4373 4393 4420 4450 4484 4526 4546 4584 4702 4902 5088 5256 5441 5586 5699 5749 5915 6109 6276 6182 6059 5989 5940 5928 5918 5880 5844 5814 5791 5773 5760 5753 5756 5758 5756 5746 5746 5743 5735 5728
5726 5640 5618 5492 5193 5109 5013 4925 4829 4748 4684 4624 4575 4510 4482 4462 4437 4404 4376 4372 4386 4404 4454 4526 4630 4727 4780 4755 4684 4657 4673 4685 4604 4552 4517 4493 4466 4429 4394 4372 4365 4347 4337 4349 4368 4386 4407 4432 4460 4490 4510 4543 4659 4929 5081 5263 5502 5624 5768 5803 5909 6080 6210 6204 6095 6000 5932 5909 5916 5884 5849 5817 5791 5772 5757 5755 5760 5765 5767 5765 5763 5761 5755 5744
5658 5590 5569 5488 5224 5117 5019 4882 4785 4719 4673 4608 4561 4513 4480 4459 4434 4403 4381 4379 4395 4421 4454 4515 4581 4638 4689 4688 4568 4492 4477 4532 4516 4506 4508 4509 4500 4457 4409 4373 4356 4341 4332 4340 4357 4374 4393 4415 4438 4467 4482 4507 4575 4744 4972 5167 5373 5592 5769 5810 5888 6047 6181 6179 6090 6004 5934 5904 5902 5880 5848 5815 5791 5773 5759 5763 5774 5782 5785 5785 5785 5789 5789 5779
5587 5538 5555 5499 5239 5089 4918 4804 4731 4682 4641 4589 4536 4511 4476 4460 4427 4402 4384 4389 4407 4441 4482 4519 4559 4609 4680 4551 4421 4321 4251 4326 4386 4435 4479 4518 4531 4480 4415 4382 4358 4344 4329 4331 4340 4359 4378 4397 4419 4444 4465 4487 4526 4630 4838 5069 5292 5523 5765 5817 5884 6039 6138 6132 6082 6007 5934 5902 5897 5875 5847 5820 5796 5778 5773 5782 5798 5809 5814 5815 5818 5828 5834 5835
5548 5504 5542 5494 5252 5062 4863 4743 4685 4653 4620 4579 4534 4500 4469 4437 4415 4403 4396 4403 4418 4437 4480 4522 4561 4618 4597 4455 4299 4191 4118 4163 4266 4364 4446 4510 4531 4490 4412 4376 4357 4342 4337 4322 4324 4345 4365 4384 4405 4434 4464 4493 4527 4572 4718 4993 5244 5434 5604 5779 5964 6077 6129 6135 6078 6015 5957 5911 5893 5874 5840 5810 5788 5776 5784 5819 5837 5840 5850 5859 5868 5880 5881 5867
5536 5496 5554 5390 5187 5043 4832 4705 4665 4637 4611 4574 4538 4500 4473 4435 4410 4404 4417 4419 4435 4456 4491 4540 4577 4601 4542 4326 4188 4111 4074 4088 4195 4313 4416 4501 4561 4499 4411 4385 4357 4331 4315 4324 4329 4339 4354 4373 4395 4427 4468 4505 4546 4567 4674 4951 5178 5347 5503 5761 6057 6141 6140 6107 6079 6026 5963 5913 5903 5873 5829 5791 5763 5765 5782 5812 5835 5862 5888 5913 5930 5946 5944 5922
5529 5476 5411 5256 5127 4966 4801 4688 4642 4622 4589 4466 4504 4499 4455 4435 4412 4406 4413 4433 4460 4485 4524 4595 4678 4688 4498 4238 4101 4069 4059 4090 4179 4303 4412 4493 4532 4493 4414 4376 4355 4343 4335 4331 4335 4339 4350 4365 4386 4425 4472 4514 4545 4582 4718 4944 5142 5311 5494 5786 6149 6209 6167 6116 6099 6046 5977 5935 5911 5866 5821 5777 5745 5753 5776 5801 5838 5876 5920 5970 6020 6028 6024 6002
