real_craters/C187-500m.grd
DSAA
342 342
-85.33 85.33
-85.33 85.33
4047.6425131432 7431.7239519623
[rows 180 to 209 of 342, columns 0 to 66 of 342]
6014.76 6009.37 6004.89 5999.38 5990.94 5986.47 5984.85 5982.43 5973.13 5938.08 5940.1 5946.22 5951.71 5956.59 5958.15 5961.5 5986.42 6015.2 6033.71 6064.97 6084.33 6108.72 6120.67 6113.23 6092.33 6064.74 6035.2 6004.34 5976.45 5966.71 5959.77 5942.41 5924.94 5909.13 5896.98 5894.44 5894.3 5895.39 5899.43 5903.31 5906.46 5910.78 5917.34 5923.56 5921.48 5923.33 5931.75 5946.08 5958.8 5959.43 5946.73 5934.47 5932.43 5940.97 5948.2 5952.44 5952.17 5950.56 5950.99 5956.1 5963.04 5969.03 5974.43 5978.64 5981.09 5980.34 5970.26
6021.32 6010.42 6004.67 6001.35 5991.27 5987.9 5986.54 5983.03 5973.36 5966.11 5947.81 5950.1 5955.08 5959.28 5957.58 5963.31 6020.34 6120.47 6179.74 6215.78 6231.94 6227.34 6207.03 6175.17 6136.95 6094.28 6053.13 6015.64 5984 5967.58 5953.29 5932.52 5916.02 5902.01 5892.8 5893.18 5891.58 5885.22 5888.61 5892.63 5897.02 5900.75 5903.81 5902.67 5903.43 5905.65 5917.82 5937.14 5957.47 5961.97 5945.09 5936.9 5937.58 5940.54 5944.68 5946.14 5944.56 5941.25 5941.5 5948.75 5957.46 5966.75 5974.72 5981.17 5985.21 5984.43 5971.83
6032.87 6022.76 6015.07 6010.14 5996.58 5993.73 5992.4 5988.18 5977.45 5959.93 5955.13 5956.63 5960.61 5964.27 5958.6 5969.26 6047.25 6164.74 6321.5 6420.03 6397.87 6352.44 6296.69 6235.82 6173.97 6117.06 6066.13 6022.42 5987.83 5960.77 5933.23 5920.11 5906.95 5894.53 5884.68 5886.79 5891.06 5887.38 5882.57 5884.77 5889.35 5892.66 5893.34 5892.52 5892.67 5894.82 5905.17 5923.23 5942.48 5947.71 5939.19 5936.26 5937.17 5938.83 5940.51 5943.02 5941.4 5937.64 5937.35 5943.98 5953.39 5964.78 5975.07 5984.85 5989.73 5989.04 5984.3
6040.89 6025.99 6017.76 6015.07 6006.35 6001.71 5999.39 5994.89 5984.2 5969.98 5963.24 5963.14 5966.32 5969.1 5959.77 5972.73 6061.95 6203.67 6417.61 6550.62 6506.53 6435.43 6362.97 6278.69 6199.57 6130.21 6070.42 6020.27 5977.9 5944.7 5924.21 5910.83 5899.25 5888.7 5881.18 5883.16 5888.03 5887.62 5883 5881.12 5883.71 5885.46 5885.97 5885.91 5885.49 5886.16 5892.39 5904.91 5916.17 5921.92 5923.01 5927.44 5930.29 5934.54 5941.82 5942.95 5940.6 5937.87 5934.12 5940.79 5950.71 5963.25 5978.1 5988.37 5995.26 5994.18 5968.43
6043.8 6025.41 6018.57 6014.33 6010.96 6008.21 6003.62 5997.23 5986.78 5975.41 5968.58 5967.12 5969.85 5971.55 5965.14 5975.21 6056.84 6194.84 6349.55 6484.38 6534.57 6505.91 6397.66 6289.83 6200.52 6127.25 6064.26 6009.8 5962.02 5925.64 5914.47 5903.76 5893.56 5884.48 5877.28 5874.76 5880.26 5882.69 5883.35 5880.78 5881.07 5881.13 5881.18 5883.12 5880.82 5879.63 5882.36 5888.69 5892.23 5897.47 5900 5904.89 5914.05 5922.97 5932.66 5934.3 5930.95 5928.63 5928.37 5936.16 5949.55 5963.31 5979.12 5991.06 5999.63 6002.52 6002.42
6049.21 6034.95 6027.02 6023.17 6017.72 6013.59 6008.51 5995.17 5983.6 5973.95 5967.6 5968.17 5971.44 5973.1 5970.65 5976.41 6031.14 6127.55 6218.47 6346.93 6481.55 6474.58 6361.05 6257.09 6174.46 6106.53 6047.61 5995.68 5949.58 5915.44 5905.42 5896.48 5887.93 5881 5876.16 5875.54 5875.89 5875.59 5876.36 5882.06 5879.06 5877.54 5876.84 5876.09 5874.94 5873.52 5874.86 5877.82 5881.6 5883.48 5884.46 5885.41 5895.94 5906.19 5914.12 5916.75 5915.42 5913.01 5916.86 5928.38 5941.95 5956.57 5970.84 5987.9 5996.07 6004.06 5998.41
6058.54 6032.41 6025.04 6023.44 6020.55 6015.98 6008.37 5993.36 5983.4 5974.17 5967.34 5967.68 5971.25 5973.44 5973.18 5980.22 6006.45 6044.03 6090.32 6243.4 6346.8 6305.53 6239.1 6182.38 6128.55 6076.54 6025.69 5979.46 5938.37 5906.65 5894.3 5888.09 5882.48 5877.98 5874.95 5873.05 5871.39 5873.21 5871.15 5874.65 5875.1 5873.46 5872.14 5872.46 5869.46 5866.48 5865.49 5868.75 5873.12 5874 5874.84 5878.27 5884.3 5890.92 5894.38 5895.35 5899.66 5897.99 5907.06 5924.65 5940.71 5955.87 5970.06 5981.6 5993.71 6003.87 5998.02
6015.79 6020.96 6003.47 6012.03 6015.98 6012.73 6011.03 6003.69 5991 5977.91 5966.82 5968.33 5968.28 5969.03 5971.62 5981.23 5993.17 6001.75 6024.12 6093.39 6179.31 6118.56 6102.75 6098.47 6074.22 6040.37 6001.25 5963.13 5926.81 5897.21 5884.6 5881 5878.03 5875.5 5873.63 5873.08 5869.19 5870.14 5869.94 5872.13 5871.24 5869.66 5866.9 5867.92 5864.51 5859.55 5854.51 5860.8 5868.19 5866.93 5865.23 5870.14 5876.3 5881.23 5882.17 5879.1 5888.8 5890.67 5906.44 5924.1 5939.3 5951.09 5962.89 5973.86 5983.55 5989.17 5980.52
5965.55 5968.46 5963.77 5968.47 5986.09 5998 6010.2 6011.18 5997.14 5984.73 5978.99 5973.92 5970.81 5968.6 5970.06 5977.88 5986.34 5992.23 6009.56 6072.78 6066.33 6046.11 6037.71 6038.31 6026.58 6005.14 5977.31 5946.63 5916.97 5892.17 5879.28 5876.98 5876.17 5874.59 5872.25 5869.99 5868.81 5868.53 5868.21 5866.27 5866.79 5867.79 5867.93 5865.13 5861.75 5857.07 5852.13 5858.91 5865.78 5863.75 5862.97 5866.69 5872.41 5878.47 5884.13 5890.87 5873.33 5907.66 5918.6 5929.98 5940.45 5950.13 5958.69 5965.94 5970.19 5967.41 5954.06
5948.13 5948.1 5946.52 5945.32 5958.16 5972.23 5984.3 5995.57 5988.18 5982.96 5983.6 5977.37 5969.07 5967.15 5968.3 5977.54 5989.88 5993.55 6005.65 6039.32 6036.25 6019.74 6007.74 6002.69 5993.55 5979.83 5959.74 5936.85 5913.1 5891.86 5877.6 5876.48 5876.9 5875.01 5871.44 5866.67 5866.84 5868.4 5863.15 5862.52 5863.24 5864.88 5868.53 5865.19 5861.08 5858.13 5859.39 5862.19 5862.59 5861.26 5860.48 5863.76 5870.94 5879.05 5888.32 5899.59 5912.81 5930.81 5933.67 5937.12 5942.26 5948.77 5954.77 5959 5960.18 5954.37 5941.99
5936.36 5936.74 5935.37 5936.04 5940.96 5945.58 5949.9 5954.4 5964.55 5969.91 5972.5 5976.93 5979.21 5970.77 5964.05 5975.91 5989.73 5993.86 6000.8 6017.69 6014.2 5998.85 5989.78 5981.52 5974.56 5963.39 5950.31 5934.12 5916.21 5897.55 5884.46 5884.72 5882.53 5878.63 5874.98 5869.41 5868.8 5871.08 5867.96 5862.56 5860.78 5858.94 5860.09 5862.72 5859.59 5857.01 5855.87 5857.55 5858.67 5856.73 5857.15 5862.05 5870.9 5879.79 5890.16 5900.09 5916.9 5934.73 5939.28 5940.88 5944.1 5946.85 5950.62 5953.01 5955.69 5959.14 5960.06
5924.2 5924.64 5925.39 5928.86 5929.11 5926.38 5923.65 5929.71 5943.15 5955.22 5968.04 5979.08 5984.7 5974.77 5963.66 5973.28 5984.86 5986.17 5989.71 5992.35 5986.32 5978.27 5969.92 5967.07 5959.51 5951.69 5940.61 5930.2 5919.58 5911.04 5902.86 5901.57 5888.81 5880.95 5879.93 5884.02 5883.76 5866.58 5865.72 5864.79 5859.84 5854.41 5854.62 5858.25 5857.49 5854.32 5850.04 5849.36 5852.12 5850.58 5855.38 5863.78 5872.71 5882.23 5892.55 5904.32 5918.28 5934.93 5939.82 5941.4 5942.93 5944.29 5946.38 5948.23 5950.38 5956.69 5975.45
5919.71 5918.19 5916.46 5920.36 5921.69 5922.3 5917.97 5918.35 5927.72 5938.82 5952.76 5964.93 5973.52 5977.17 5978.63 5974.26 5970.15 5972.97 5976.11 5974.63 5966.83 5961.53 5960.46 5958.06 5949.89 5941.94 5934.35 5928.51 5925.31 5925.87 5925.35 5918.42 5886.71 5877.36 5880.3 5888.22 5888.85 5864.25 5862.97 5859.81 5853.64 5851.71 5857.49 5857.8 5856.03 5853.62 5850.78 5844.77 5849.1 5856.87 5860.68 5865.96 5872.83 5881.2 5892.17 5905.14 5917.7 5930.83 5935.42 5936.2 5936.91 5938.06 5938.65 5940.85 5943.13 5948.69 5962.26
5914.19 5916.88 5916.84 5915.52 5916.23 5916.46 5912.63 5911.12 5915.56 5920.29 5925.42 5932.9 5951.94 5971.81 5983.06 5975.71 5967.64 5965.85 5964.76 5960.13 5952.01 5949.11 5957.48 5951.02 5942.6 5935.82 5930.3 5926.5 5925.28 5929.07 5941 5879.29 5854.52 5865.75 5873.52 5876.77 5872.42 5860.75 5855.36 5849.75 5844.13 5849.4 5855.83 5856.75 5855.56 5854.07 5852.3 5849.89 5855.39 5869.34 5866.27 5868.38 5873 5879.61 5889.15 5902.66 5919.55 5927.61 5928.76 5930.02 5931.02 5931.52 5931.76 5932.36 5934.69 5938.21 5940.05
5907.16 5917.11 5913.76 5910.56 5911.6 5912.6 5908.18 5906.08 5906.25 5906.45 5905.1 5908.51 5934.58 5958.4 5972.67 5971.16 5968.4 5963.65 5954.65 5944.66 5933.36 5936.59 5939.26 5935.29 5930.89 5926.3 5922.24 5918.4 5914.93 5910.18 5891.29 5837.62 5844.73 5865.98 5869.94 5866.35 5857.61 5860.7 5849.51 5839.38 5847.47 5846.81 5852.28 5854.49 5854.27 5853.69 5853.23 5853.11 5855.66 5861.22 5868.89 5868.2 5870.52 5875.43 5882.29 5892.36 5904.07 5914.98 5918.51 5920.1 5921.08 5921.7 5923.13 5923.85 5923.7 5922.91 5921.42
5912.36 5912.74 5908.84 5905.49 5905.64 5906.4 5904.15 5902.33 5900.81 5899.4 5897 5898.94 5915.42 5938.59 5954.23 5959.55 5962.46 5958.92 5944.79 5926.99 5914.81 5912.76 5913.77 5915.52 5917.58 5915.82 5912.44 5907.94 5902.04 5892.71 5878.24 5889.87 5903.08 5884.17 5872.09 5861.95 5852.26 5847.85 5842.28 5839.64 5844.76 5850.69 5853.78 5852.85 5853.46 5853.68 5854.54 5854.3 5854.12 5855.31 5857.97 5863.16 5865.78 5868.65 5872.76 5879.24 5896.6 5904.33 5908.95 5911.49 5913.51 5914.69 5914.97 5914.83 5912.21 5908.59 5904.26
5905.44 5901.18 5901.9 5899.81 5897.99 5898.54 5899.25 5898.6 5897.29 5896.26 5896.08 5897.46 5904.05 5917.48 5931.98 5942.53 5948.89 5947.75 5935.5 5920.05 5906.84 5903.78 5904.17 5906.29 5907.72 5905.9 5902.31 5898.43 5891.88 5884.29 5881.15 5899.75 5914.66 5888.76 5871.73 5859.28 5850.41 5842.72 5839.09 5841.57 5847.23 5847.32 5844.88 5848.56 5850.62 5852.59 5854.78 5856.21 5855.03 5858.05 5858.38 5859.52 5860.77 5861.67 5863.24 5868.54 5885.03 5893.57 5898.73 5902.51 5905.66 5907.32 5908.63 5908.76 5908.44 5904.25 5897.16
5899.34 5895.64 5895.68 5890.92 5888.28 5889.8 5894.14 5895.49 5895.01 5894.33 5895.93 5899.2 5892.72 5901.91 5913.84 5924.75 5932 5933.02 5928.31 5918.41 5909.54 5899.85 5901.99 5903.46 5901.56 5898.43 5895.03 5889.72 5883.11 5876.24 5870.02 5869.2 5874.14 5874.43 5865.2 5855.17 5846.7 5840.22 5837.9 5835.76 5846.14 5844.11 5842.46 5845.86 5848.29 5850.07 5851.02 5852.05 5854.44 5857.89 5860.06 5858.03 5856.7 5855.96 5856.11 5859.36 5871.28 5882.09 5888.05 5893.72 5897.77 5900.69 5902.95 5903.45 5899.61 5899.25 5902.85
5896.73 5900.75 5884.51 5881.49 5878.31 5881.26 5894.1 5893.93 5892.65 5891.37 5891.39 5892.04 5881.78 5890.66 5899.57 5908.14 5915.87 5922.21 5922.84 5922.3 5916.25 5906.07 5901.72 5899.59 5893.65 5888.18 5886.37 5881.36 5875.56 5869.39 5863.48 5860.65 5863.45 5863.73 5859.74 5852.52 5844.27 5839.03 5837.87 5834.53 5840.28 5843.06 5845.73 5845.25 5846.54 5847.8 5849.2 5851.15 5854.03 5856.29 5857.39 5855.34 5853.5 5851.92 5851.12 5853.47 5862.98 5872.74 5879.21 5884.5 5888.89 5892.68 5896.37 5899.81 5903.46 5895.03 5879.12
5895.83 5894.8 5885.69 5877.94 5879.28 5886.91 5894.73 5892.07 5889.33 5885.73 5881.63 5876.08 5875.97 5878.86 5884.52 5891.7 5898.56 5905.76 5912.38 5922.47 5925.86 5911.06 5901.76 5893.86 5887.74 5882.7 5877.7 5872.72 5869.06 5864.93 5861.74 5859.99 5856.58 5858.19 5856.29 5850.7 5843.92 5839.49 5835.19 5829.47 5838.89 5841.01 5843.46 5843.98 5844.69 5845.99 5847.98 5849.14 5852.71 5853.36 5852.48 5851.84 5850.49 5849.17 5848.64 5851.85 5860.21 5865.23 5871.01 5875.95 5880.34 5884.82 5889.37 5894.37 5897.16 5892.83 5889.35
5867.8 5878.49 5875.74 5873.24 5875.07 5880.16 5885.52 5887.25 5884.5 5879.51 5873.23 5867.5 5867.22 5865.93 5871.01 5876.89 5881.57 5883.76 5895.53 5912.34 5919.49 5916.12 5908.65 5892 5885.15 5882.63 5879.98 5875.98 5869.99 5865.58 5862.42 5859.99 5859.17 5858.61 5854.03 5848.42 5842.9 5837.82 5834.22 5834.75 5839.42 5839.2 5840.93 5842.65 5843.28 5843.81 5844.45 5845.65 5847.42 5848.92 5849.58 5849.45 5848.89 5847.78 5847.31 5848.11 5852.99 5861.03 5864.39 5868.39 5872.48 5876.82 5880.78 5885.65 5889.78 5885.48 5881.08
5890.92 5876.05 5865.25 5863.95 5866.66 5873.81 5880.68 5884.42 5881.14 5874.42 5866.82 5861.18 5860.07 5857.4 5860.58 5865.74 5870.38 5874.26 5886.11 5900.81 5908.86 5908.43 5908.93 5891.63 5885.78 5884.32 5881.15 5877.17 5872.75 5868.37 5864.48 5863 5867.27 5861.65 5853.52 5847.46 5842.62 5839.4 5836.88 5837.29 5839.03 5840.08 5840.17 5841.31 5842.97 5842.52 5841.08 5842.66 5844.52 5847.01 5847.65 5847.63 5847.35 5846.85 5845.54 5844.95 5848.17 5853.75 5858.85 5862.66 5866.17 5868.63 5871.12 5872.8 5874.63 5875.95 5874.58
5900.11 5880.33 5862.39 5858.37 5860.9 5882.6 5890.77 5886.44 5879.78 5870.93 5861.76 5855.52 5850.73 5848.57 5851.82 5857.66 5863.61 5872.22 5882.93 5893.25 5901.27 5901.65 5903.12 5898.38 5893.55 5888.04 5883.17 5878.28 5872.97 5868.46 5864.47 5861.27 5859.29 5856.16 5851.04 5846.38 5842.27 5839.28 5839.62 5840.61 5839.82 5842.52 5841.79 5842.31 5843.46 5843.39 5841.99 5841.93 5841.28 5843.77 5845.61 5846.43 5847.14 5846.9 5847.27 5848 5848.72 5851.93 5854.23 5856.37 5858.77 5859.97 5860.79 5860.14 5862.91 5869.58 5871.3
5901.31 5883.97 5861.22 5857.44 5864.58 5886.37 5894.49 5889.46 5881.31 5869.53 5855.22 5845.89 5841.08 5841.35 5844.58 5849.84 5857.4 5865.68 5875.47 5886.33 5895.55 5898.58 5900.39 5901.16 5897.86 5890.91 5884.76 5879.21 5874.12 5869.36 5864.53 5859.16 5852.95 5849.36 5847.72 5845.33 5842.28 5839.23 5841.48 5844 5842.07 5841.47 5842.95 5845.39 5847.71 5848.29 5845.54 5845.91 5845.22 5843.6 5848.19 5849.37 5848.6 5847.51 5846.65 5842.45 5844.42 5844.74 5848.06 5849.56 5849.6 5850.76 5851.44 5851.9 5855.07 5862.91 5865.7
5893.19 5878.03 5861.92 5859.97 5867.79 5887.16 5895.35 5893.31 5885.71 5874.98 5858.8 5844.31 5839.55 5838.45 5837.93 5842.07 5849.22 5858.49 5869.68 5879.59 5889.38 5896.21 5894.35 5897.65 5897.82 5891.56 5885.52 5879.91 5874.91 5870.58 5865.74 5860.8 5853.77 5847.72 5846.74 5845.35 5843.8 5842.91 5844.83 5845.81 5843.87 5840.35 5847.08 5851.4 5855.73 5858.47 5859.26 5859.33 5854.63 5855.5 5859.96 5861.91 5858 5849.15 5840.69 5836.42 5841.68 5848.9 5846.28 5839.84 5838.54 5841.13 5844.78 5847.4 5851.75 5855.5 5858.12
5881.55 5866.52 5860 5865.11 5877.59 5890.57 5900.49 5900.2 5893.31 5883.84 5875.05 5857.96 5838.76 5829.82 5830.05 5834.12 5839.95 5848.88 5858.11 5871.29 5886.02 5895.87 5895.77 5895.93 5894.55 5890.12 5885.04 5880.13 5875.55 5871.56 5867.82 5864.87 5862.14 5852.22 5848.75 5846.59 5845.5 5846.18 5845.99 5841.99 5838.76 5844.94 5854.51 5863.71 5872.94 5880.43 5885.32 5888.29 5878.56 5875.82 5892.25 5892.31 5877.98 5857.1 5839.67 5836.8 5835.39 5847.03 5832.37 5819.72 5824.32 5833.49 5843.06 5845.58 5849.57 5856.82 5858.16
5869.97 5860 5857.37 5870.74 5892.41 5909.14 5913.52 5909.87 5901.59 5889.18 5872.93 5854.54 5831.09 5821.28 5821.79 5825.26 5830.96 5838.32 5847.11 5861.1 5879 5895.53 5900.85 5894.01 5890.11 5887.03 5883.43 5879.62 5875.97 5872.26 5868.97 5866 5862.93 5857.08 5850.45 5847.15 5845.68 5845.47 5845.07 5843.42 5841.62 5853.56 5865.71 5878.51 5896.43 5915.1 5935.4 5953.28 5938.69 5929.72 5959.96 5946.75 5912.06 5873.07 5844.02 5839.28 5813.61 5780.86 5768.42 5786.76 5805.21 5825.59 5846.28 5863.69 5854.67 5847.79 5859.85
5857.11 5849.54 5858.43 5882.45 5914.99 5928.52 5929.97 5921.47 5908.85 5893.44 5874.77 5854.49 5833.35 5818.93 5816.31 5817.98 5822.53 5828.83 5836.05 5850.23 5867.28 5882.41 5890.77 5889.12 5885.95 5883.13 5880.59 5877.89 5874.8 5871.66 5868.42 5864.98 5859.54 5854.54 5849.39 5846.31 5844.35 5843.88 5844.12 5846.49 5845.87 5857.44 5859.05 5890.72 5920.95 5949.01 5981.67 6031.95 6073.67 6097.98 6075.46 6022.22 5957.04 5893.59 5851.58 5838.12 5799.97 5750.87 5738.28 5769.47 5798.32 5824.92 5851.2 5874.64 5862.08 5853.07 5880.04
5850.46 5843.5 5858.4 5884.37 5917.5 5951.74 5942.65 5929.42 5914.48 5897.77 5878.17 5856.16 5834.11 5817.6 5812.68 5812.26 5814.77 5819.89 5827.79 5840.05 5855.47 5870.43 5879.62 5880.51 5879.38 5878.7 5877.87 5875.92 5873.26 5870.32 5867.12 5863.72 5860.95 5854.93 5848.26 5843.88 5841.94 5841.51 5844.82 5843.79 5851.27 5857.99 5869.25 5898.48 5948.11 5998.27 6025.72 6043.71 6109.87 6222.33 6184.97 6092.26 5998.95 5912.9 5858.64 5844.77 5811.92 5773.5 5759.47 5784.01 5811.57 5833.35 5856.13 5882.58 5898.96 5898.55 5943.15
5847.04 5841.57 5844.57 5855.85 5906.72 5946.6 5940.42 5928.94 5915.76 5899.63 5879.36 5856.02 5832.66 5819.51 5810.15 5806.9 5807.78 5810.6 5815.89 5826.43 5843.96 5862 5870.93 5874.22 5875.69 5876.22 5876.08 5874.62 5872.05 5869.13 5865.41 5860.93 5856.03 5848.86 5842.25 5840.67 5839.58 5838.45 5833.37 5840.2 5852.37 5852.2 5852.02 5890.88 5957.81 6045.77 6071.67 6066.04 6140 6274.42 6236.64 6130.56 6033.56 5941.9 5883.07 5868.51 5848.3 5825.24 5815.18 5828.5 5842.42 5860.89 5880.92 5917.72 6016.82 6060.83 6063.51
