real_craters/C187-500m.grd
DSAA
342 342
-85.33 85.33
-85.33 85.33
4047.6425131432 7431.7239519623
[rows 300 to 329 of 342, columns 134 to 200 of 342]
5351.84 5356.57 5369.11 5379.74 5402.61 5432.12 5456.62 5464.12 5463.2 5454.59 5439.66 5436.15 5419.85 5418.18 5418.18 5408.67 5389.68 5378.12 5368.88 5350.78 5325.65 5301.48 5290.12 5284.07 5279.35 5275.34 5269.84 5264.51 5263.73 5260.31 5243.45 5242.06 5227.98 5232.16 5237.5 5243.88 5253.05 5259.88 5266.97 5273.48 5273.12 5268.38 5253.73 5243.88 5239.07 5234.55 5233.28 5238.37 5245.87 5254.91 5261.85 5264.71 5263.56 5253.19 5241.37 5231.09 5227.96 5227.55 5230.92 5232.16 5231.47 5228.95 5224.61 5222.05 5222.12 5219.28 5215.11
5346.62 5346.6 5364.65 5385.68 5403.63 5424.32 5442.6 5452.02 5453.14 5448.01 5441.12 5436.86 5424.07 5426.67 5427.83 5417.5 5399.69 5376.24 5358.21 5333.79 5316.24 5296.42 5286.36 5282.63 5280.52 5279.62 5278.29 5275.13 5269.08 5261.12 5249.18 5269.19 5234.16 5226.16 5231.38 5239.14 5247.77 5256.73 5266 5275.5 5287.62 5269.19 5253.91 5243.02 5237.27 5231.81 5229.11 5236.83 5243.1 5251.66 5259.75 5264.91 5266.47 5257.3 5243.3 5232.43 5228.21 5227.11 5228.8 5229.79 5230.42 5229.93 5229.45 5229.05 5226.27 5221.82 5214.93
5343.77 5343.86 5355.85 5375.06 5397.23 5416.63 5431.41 5440.41 5443.81 5443.99 5438.47 5433.59 5422.73 5427.97 5428.94 5415.33 5400.61 5379.15 5356.48 5337.53 5317.64 5298.51 5288.62 5285.34 5284.31 5285.63 5286.81 5281 5270.06 5259.92 5246.91 5239.58 5221.08 5221.04 5227.41 5235.41 5242.14 5250.26 5263.75 5274.36 5270.83 5264.52 5254.19 5242.48 5234.86 5230.22 5228.38 5229.9 5237.59 5245.91 5255.04 5262.71 5266.8 5259.95 5242.85 5229.68 5227.84 5227.99 5226.99 5227.5 5228.8 5230.86 5234.14 5237.4 5232.09 5227.5 5225.06
5341.49 5341.5 5351.72 5366.32 5384.59 5409.58 5425.81 5428.85 5431.69 5433.46 5430.71 5426.94 5420.59 5415.43 5414.82 5402.78 5384.92 5367.87 5353.28 5341.45 5322.18 5304.92 5294.67 5290.44 5289.21 5289.36 5287.78 5280.65 5267.32 5252.55 5240.88 5236.6 5220.37 5219.79 5226.1 5234.98 5242.4 5249.35 5260.59 5270.23 5266.91 5261.95 5255.97 5248.78 5235.06 5229.7 5227.2 5227.61 5233.28 5240.18 5247.28 5258.27 5262.98 5254.53 5241.39 5231.08 5225.7 5224.25 5224.38 5225.34 5226.88 5229.66 5233.72 5237.37 5232.89 5229.56 5229.66
5340.04 5340.59 5351.43 5367.01 5371.93 5394.16 5407.96 5411.95 5415.53 5419.1 5417.31 5414.26 5414.33 5414.66 5406.59 5390.13 5372.93 5356.2 5346.39 5334.49 5320.09 5307.39 5298.99 5295.08 5293.26 5291.73 5288.24 5277.5 5262.22 5245.98 5235.06 5232.01 5219.03 5220.75 5228.26 5237.19 5246.03 5248.57 5255.07 5262.6 5264.55 5261.59 5256.07 5248.18 5240.84 5230.42 5222.21 5226.14 5230.87 5235.58 5242.66 5251.04 5257.67 5250.33 5237.15 5231.33 5224.23 5220.94 5221.71 5222.71 5224.61 5226.79 5228.53 5228.94 5227.62 5225.44 5222.12
5341.56 5341.14 5349.98 5361.06 5369.01 5373.7 5382.9 5391.41 5395.99 5397.34 5402.12 5403.57 5401.82 5404.18 5394.76 5379.42 5364.24 5356.17 5342.16 5328.22 5316.49 5308.1 5301.86 5298.63 5295.87 5293.49 5289.47 5278.26 5259.1 5241.17 5230.81 5227.5 5221.93 5225.06 5231.12 5237.56 5243 5244.55 5247.52 5252.97 5258.36 5259.11 5255.8 5251.34 5243.86 5233.25 5222.14 5223.88 5227.73 5230.89 5232.51 5239.31 5246.42 5239.99 5233.15 5227.35 5226.3 5221.8 5221.52 5221.86 5222.34 5222.41 5221.98 5220.82 5219.72 5219.96 5220.86
5340.62 5338.86 5346.31 5355.96 5370.33 5362.36 5366.34 5374.32 5379.05 5381.07 5385.48 5387.09 5384.43 5383.82 5380.18 5371.66 5358.64 5353.1 5338.24 5322.51 5311.84 5308.09 5306.16 5300.08 5295.15 5291.85 5288.8 5273.64 5250.99 5235.12 5225.92 5225.91 5226.63 5230.82 5234.63 5237.68 5237.7 5237.56 5237.51 5241.83 5249.41 5254 5254.95 5251.48 5249.93 5240.24 5228.85 5226.37 5227.96 5230.02 5230.62 5232.17 5232.21 5233.3 5233.57 5232.92 5228.77 5225.32 5224.08 5222.73 5220.21 5218.45 5215.79 5211.62 5211.06 5212.53 5212.83
5338.72 5338.33 5345.33 5353.91 5366.79 5360.38 5359.43 5362.81 5365.87 5368.78 5373.91 5374.12 5375.92 5375.84 5376.82 5368.65 5358.68 5345.55 5330.75 5315.44 5305.4 5303.26 5303.97 5295.95 5289.05 5283.91 5279.4 5262.36 5239.56 5228.91 5223.89 5221.8 5231.1 5235.53 5237.73 5239.72 5240.46 5232.01 5226.2 5231.52 5245.65 5256.09 5257.69 5253.75 5250.74 5245.37 5237.07 5234.7 5234.55 5233.55 5232.66 5230.87 5227.26 5228.68 5233.85 5239.99 5234.32 5230.12 5226.66 5222.31 5219.41 5216.02 5212.81 5208.97 5207.27 5207.15 5206.17
5336.02 5338.5 5347.33 5359.89 5370.8 5364.02 5355.3 5353.09 5353.9 5357.79 5366.53 5373.48 5379.67 5384.21 5374.36 5365.96 5357.33 5340.92 5322.3 5305.79 5293.48 5291.72 5290.9 5283.85 5277.03 5270.84 5262.28 5247.35 5231.09 5223.81 5220.65 5230.16 5231.02 5236.87 5240.33 5243.14 5239.3 5226.17 5214.51 5222.41 5246.68 5264.49 5262.57 5258.33 5256.17 5255.46 5244.96 5240.06 5238.81 5237.05 5232.77 5229.15 5220.94 5221.35 5228.5 5240.61 5239.83 5234.86 5228.02 5223.27 5218.74 5214.62 5210.78 5207.99 5205.42 5203 5201.8
5330.81 5335.35 5345.56 5355.4 5356.95 5355.14 5346.79 5342.36 5341.02 5343.64 5356.77 5376.68 5377.07 5368.94 5363 5360.44 5355.86 5340.57 5312.69 5296.7 5284.78 5277.52 5271.29 5267.38 5263.04 5256.72 5247.64 5234.44 5225.96 5219.45 5220.53 5225.47 5230.37 5234.63 5237.17 5240.13 5235.02 5220.92 5210.05 5218.67 5241.17 5260.02 5263.38 5261.19 5259.99 5260.51 5239.55 5233.86 5242.13 5237.06 5231.05 5226.46 5216.94 5214.66 5219.21 5228.31 5237.85 5234.2 5228.24 5223.37 5217.66 5212.52 5208.24 5205.08 5201.1 5195.28 5194.55
5328.85 5332.3 5342.23 5349.54 5346.1 5335.54 5332.82 5330.27 5328.9 5329.05 5336.08 5360.27 5361.32 5357.18 5356.13 5351.89 5346.2 5335.24 5307.71 5288.47 5273.18 5265.15 5259.71 5255.49 5250.74 5244.05 5235.44 5227.06 5217.97 5209.02 5206.99 5212.04 5220.02 5226.89 5227.69 5227.89 5223.74 5215.44 5211.18 5216.58 5231.3 5246.85 5259.29 5267.23 5245.43 5154.5 5176.06 5211.11 5232.06 5231.75 5225.06 5213.77 5213.17 5209.71 5212.83 5217.76 5227.53 5227.75 5223.94 5219.76 5215.07 5210.44 5205.61 5201.06 5196.89 5191.31 5190.67
5323.98 5332.41 5339.94 5339.66 5330.61 5319.83 5321.38 5321.24 5319.89 5316.89 5315.32 5328.47 5335.96 5340.55 5344.79 5339.68 5330.48 5317.92 5299.84 5282.2 5264.65 5257.27 5252.82 5247.72 5243.06 5235.08 5224.21 5211.21 5199.03 5192.81 5187.22 5194.13 5201 5206.38 5214.6 5219.33 5214.16 5207.29 5204.07 5209.23 5219.47 5233.91 5247.85 5261.19 5247.9 5127.12 5165.48 5200.45 5221.21 5222.41 5219.42 5218.55 5211.05 5207.89 5210.12 5213.2 5221.24 5221.14 5218.4 5215.38 5210.62 5206.02 5201.4 5196.75 5191.08 5188.27 5188.06
5324.28 5344.31 5340.97 5332.59 5321.09 5315.68 5316.25 5316.92 5316.48 5312.43 5310.03 5297.46 5316.52 5324.94 5331.73 5326.56 5315.89 5302.51 5296.28 5279.01 5265.97 5259.07 5253.78 5248.67 5241.29 5230.57 5217.46 5203.12 5193.65 5182.89 5174.45 5188.65 5192.74 5197.93 5204.94 5204.5 5202.98 5198.52 5195.3 5198.78 5205.2 5214.21 5225.63 5238.01 5237.41 5243.4 5214.71 5207.44 5210.93 5210.8 5208.46 5208.44 5207.61 5206.28 5208.24 5213.6 5213.45 5213.47 5212.48 5209.37 5206.19 5201.8 5197.59 5193.15 5189.33 5187.59 5187.11
5324.24 5344.31 5339.81 5328.87 5317.4 5314.7 5313.19 5313.51 5313.52 5312.73 5302.49 5285.84 5305.81 5311.57 5318.51 5313.65 5304.62 5293.96 5284.15 5273.58 5267.46 5262.25 5258.75 5254.64 5242.89 5230.11 5216.7 5203.38 5192.23 5181.91 5175.59 5186.02 5195.25 5209.6 5202.56 5195.04 5194.41 5191.83 5189.93 5190.1 5191.13 5190.45 5200.78 5209.85 5207.86 5206.09 5215.93 5210.49 5206.55 5202.92 5198.66 5197.68 5198.65 5206.02 5212.09 5216.68 5212.38 5210.64 5208.35 5204.97 5201.26 5197.88 5194.19 5190.64 5187.59 5188.38 5186.76
5321.77 5342.56 5333.28 5324.16 5317.22 5311.74 5310.85 5310.57 5309.72 5306.92 5286.42 5279.55 5291.81 5298.48 5302.03 5301.1 5295.5 5288.46 5276.07 5266.68 5262.75 5259.62 5257.87 5253.08 5243.58 5231.71 5219.66 5206.39 5193.05 5188.11 5179.44 5184.81 5190.26 5195.43 5191.68 5192.59 5189.28 5186.22 5183.71 5182.54 5181.23 5179.82 5184.27 5190.26 5194.68 5207.2 5207.94 5207.55 5207.46 5204.22 5195.94 5191.81 5198.79 5209.78 5222.22 5226.08 5220.23 5212.29 5205.78 5201.44 5197.43 5193.42 5190.26 5187.94 5188.02 5188.05 5185.38
5325.21 5320.98 5318.5 5316.08 5312.83 5311.51 5310.01 5308.44 5305.16 5297.72 5289.44 5286.5 5287.21 5287.36 5290.23 5290.29 5286.96 5282.46 5276.45 5264.39 5261.48 5258.84 5257.07 5253.24 5243.87 5233.78 5223.88 5215.12 5208.68 5205.22 5205.4 5185.66 5178.82 5173.97 5173.42 5181.73 5181.59 5181.18 5179.74 5177.04 5175.59 5175.51 5175.46 5175.11 5176.09 5175.98 5184.06 5200.35 5214.97 5218.45 5201.96 5201.25 5206.12 5215.65 5223.54 5223.62 5216.94 5208 5202.56 5197.3 5192.9 5189.23 5186.11 5183.59 5181.52 5179.88 5180.38
5323.64 5308.29 5307.29 5309.79 5308.58 5309.21 5308.72 5307.45 5304.31 5297.31 5289.17 5288.54 5281.35 5279.37 5280.83 5280.81 5279.23 5274.53 5272.92 5265.4 5262.94 5261.04 5257.23 5250.06 5243.71 5235.3 5226.83 5220.33 5214.41 5202.99 5198.48 5190.84 5182.18 5168.18 5163.42 5167.21 5170.79 5173.6 5173.45 5170.77 5168.89 5167.59 5165.6 5163.44 5163.34 5163.93 5171.08 5192.94 5211.55 5219.21 5203.11 5207.27 5213.99 5224.05 5231.77 5225.01 5215.9 5206.36 5198.7 5193.29 5189.45 5186.16 5182.99 5179.93 5176.75 5175.41 5177.44
5320.24 5310.47 5306.44 5307.69 5308.21 5307.1 5306.19 5305.84 5306.03 5302.18 5287.68 5283.27 5277.7 5275.09 5275.4 5275.49 5274.28 5270.37 5264.58 5264.61 5263.81 5262.97 5258.41 5252.9 5244.89 5235.19 5225.73 5216.76 5208.27 5200.09 5192.59 5181.18 5170.64 5163.99 5158.59 5156.12 5161.12 5162.6 5163.84 5163.6 5162.15 5159.79 5156.85 5152.71 5148.35 5157.56 5176.17 5187.23 5198.1 5201.36 5206.74 5216.52 5221.58 5228.71 5237.44 5228.47 5213.86 5202.04 5195.41 5190.81 5187.03 5184.07 5180.73 5177.77 5174.87 5174.17 5177.68
5320.4 5312.69 5308.35 5308.45 5307.17 5302.82 5300.57 5303.25 5306.17 5307.46 5287.02 5281.36 5274.91 5273.24 5274.3 5275.29 5271.48 5269.31 5268.02 5263.21 5262.38 5261.47 5256.99 5252.03 5243.87 5233.13 5222.69 5212.6 5203.38 5196.63 5182.99 5173.01 5165.64 5160.47 5157.84 5154.54 5156.3 5158.27 5158.31 5157.84 5156.33 5153.26 5149.65 5147.76 5143.32 5145.98 5168.68 5180.02 5187.76 5195.85 5213.03 5226.36 5232.94 5231.01 5218.58 5212.8 5204.99 5195.94 5190.6 5187.36 5184.38 5180.81 5178.32 5176.82 5176.63 5180.64 5180.43
5323.71 5318.18 5314.63 5312.35 5307.72 5303.95 5299.28 5300.32 5301.27 5299.21 5278.56 5278.8 5272.96 5268.83 5270.37 5270.5 5266.71 5264.85 5262.83 5262.32 5257.44 5254.33 5251.04 5246.93 5239.61 5228.74 5218.31 5209.03 5201.19 5195.78 5178.62 5169.64 5164.96 5161.05 5159.85 5155.88 5153.62 5154.91 5153.66 5153.44 5152.78 5151.5 5150.62 5150.07 5150.35 5146.21 5163.92 5175.43 5181.54 5190.09 5216.19 5228.55 5232.82 5225.88 5204.5 5195.49 5192.13 5186.49 5185.95 5184.43 5181.63 5178.88 5176.83 5175.3 5177.09 5185.45 5181.61
5324.95 5324.17 5329.64 5326.02 5317.35 5309.62 5302.92 5298.51 5294.44 5289.1 5297.94 5281.92 5274.82 5269.94 5265 5259.71 5259.43 5258.5 5258.24 5251.06 5249.53 5247.42 5243.31 5238.34 5231.2 5222.28 5213.3 5204.68 5197.68 5187.82 5172.16 5170.28 5169.68 5167.08 5158.64 5154.91 5150.6 5144.58 5147.82 5149.62 5150.37 5151.18 5153.29 5153.16 5157.43 5159.63 5169.19 5173.6 5175.37 5178.18 5187.78 5206.21 5216.38 5208.77 5184.13 5181.25 5179.54 5183.32 5187.14 5182.28 5178.62 5176.29 5174.77 5173.87 5174.45 5177.16 5177.44
5314.34 5306.76 5340 5342.5 5333.82 5316.96 5307.28 5300.51 5294.91 5296.45 5299.12 5285.24 5277.61 5271.35 5264.56 5258.73 5257.29 5253.02 5244.24 5247.72 5243.96 5239.13 5234.56 5229.96 5222.42 5215.78 5208.68 5200.15 5190.45 5182.6 5174.6 5173.01 5170.59 5161.56 5164.8 5157.14 5151.27 5148.01 5146.65 5148.18 5149.6 5150.18 5149.35 5153.64 5157.68 5169.95 5174.26 5171.83 5170.17 5170.01 5175.28 5181.25 5189.28 5187.36 5177.33 5171.38 5170.44 5177.43 5182.04 5176.98 5174.27 5172.69 5172.25 5172.7 5173.21 5172.84 5174.24
5283.76 5234.31 5182.4 5236.2 5288.31 5322.08 5316.69 5302.89 5296.21 5299.05 5304.04 5291.27 5280.52 5270.57 5268.21 5268.78 5261.02 5252.71 5247.15 5237.39 5235.73 5236.36 5235.11 5227.59 5213.39 5213.03 5206.97 5198 5186.98 5178.37 5176.52 5173.74 5169.91 5169.45 5165.44 5160.32 5151.55 5146.69 5147.17 5149.46 5151.74 5152.78 5152.87 5156.49 5163.22 5164.67 5162.38 5160.8 5166.42 5169.05 5169.43 5170.09 5170.3 5171.06 5169.25 5168.21 5167.29 5165.36 5166.15 5168.52 5168.24 5168.07 5169.01 5171.05 5171.86 5173.68 5173.96
5252.4 5179.29 5109.29 5116.05 5220.27 5316.42 5322.58 5302.96 5305.14 5301.07 5300.54 5295.93 5288.7 5275.6 5269.01 5265.01 5256.97 5250.7 5246.08 5236.57 5230.51 5235.38 5239.99 5231.93 5226.59 5217.13 5207.73 5198.86 5190.54 5185.14 5178.64 5177.09 5172.39 5167.71 5165.15 5160.06 5149.65 5144.57 5148.26 5152.54 5156.11 5159.15 5161.25 5160.53 5155.98 5151.37 5149.83 5156.25 5164.22 5175.01 5173.21 5165.43 5160.47 5160.26 5168.42 5167.13 5168.41 5169.47 5162.73 5162.76 5162.28 5162.39 5163.63 5166.75 5167.65 5168.4 5169.14
5236.92 5167.64 5098.69 5090.18 5197.21 5296.37 5319.61 5301.95 5299.32 5293.96 5301.89 5299.76 5294.42 5280.98 5268.38 5254.95 5248.49 5247.37 5243.78 5236.6 5223.86 5229.09 5234.16 5230.22 5226.43 5218.13 5209.52 5201.26 5192.52 5182.08 5182.49 5184.38 5184.93 5177.76 5166.42 5160.19 5152.97 5150.57 5154.3 5157.84 5160.97 5164.99 5171.82 5167.76 5154.94 5145.52 5145.12 5156.31 5161.97 5166.53 5176.33 5163.1 5154.96 5152.77 5157.28 5163.71 5168.63 5170.92 5162.26 5159.59 5158.03 5156.96 5156.38 5156.61 5160.45 5162.35 5164.11
5240.45 5197.63 5149.65 5148.46 5228.09 5290.62 5309.69 5295.75 5289.32 5284.38 5297.18 5300.24 5297.45 5285.35 5267.61 5251.98 5245.69 5247.65 5244.26 5233.55 5221.62 5222.37 5224.07 5221.56 5218.75 5214.16 5210.56 5206.6 5198.86 5189.68 5184.7 5189.09 5197.35 5186.41 5170.21 5164.6 5163.24 5162.75 5165.12 5165.78 5165.48 5165.15 5163.96 5156.43 5148.56 5143.24 5143.07 5148.81 5158.12 5173.94 5167.88 5156.08 5147.73 5146.99 5151.45 5158.89 5165.54 5171 5161.29 5156.76 5154.39 5152.69 5150.77 5149.98 5156.55 5162.8 5167.65
5256.88 5251.52 5279.91 5308.47 5287.4 5300.71 5310.13 5297.41 5284.28 5277.69 5283.14 5289.88 5292.06 5270.29 5254.82 5252.68 5254.23 5253.95 5252.1 5243.92 5224.56 5219.61 5214.24 5213.41 5210.96 5210.15 5211.81 5212.21 5211.74 5204.16 5186.56 5187.88 5190 5180.61 5177.57 5182.78 5187.05 5184.56 5180.15 5175.18 5169.79 5164.04 5155.82 5145.13 5140.9 5140.98 5142.38 5140.37 5146.49 5153.17 5154.65 5150.35 5143.56 5146.54 5148.82 5153.36 5158.23 5160.62 5156.58 5153.07 5151.3 5149.89 5148.89 5150.46 5157.76 5165.78 5172.74
5269.51 5278.61 5299.72 5310.95 5304.83 5301.07 5296.79 5290.7 5286.23 5280.75 5268.88 5272.28 5273.7 5256.68 5246.96 5253.45 5258.64 5260.11 5261.59 5259.74 5234.6 5225.51 5220.56 5216.29 5213.56 5212.87 5212.94 5215.08 5216.3 5201.41 5192.71 5188.87 5184.28 5178.83 5191.09 5214.38 5217.2 5207.32 5195.09 5184.14 5173.6 5163.61 5152.86 5142.36 5138.32 5138.85 5139.55 5136.88 5137.43 5140.14 5142.44 5141.25 5138.45 5140.37 5142.71 5146.92 5150.51 5152.4 5150.72 5150.23 5149.75 5149.2 5149.23 5152.47 5161.11 5170.58 5176.21
5270.96 5275.69 5270.85 5279.94 5292.41 5291.84 5284.67 5283.38 5280.3 5273.06 5271.69 5265.79 5260.94 5253.77 5250.14 5253.58 5259.71 5261.51 5266.01 5268.31 5248.95 5237.7 5227.63 5219.59 5215.88 5213.67 5211.23 5213.25 5215.34 5213.68 5203.38 5197.19 5188.07 5180.54 5195.06 5240.84 5239.48 5220.9 5202.96 5188.78 5176.19 5163.86 5151.88 5140.33 5138.07 5138.44 5138.72 5134.17 5132.23 5134.14 5134.96 5134.65 5133.14 5131.16 5136.83 5140.81 5142.93 5144.1 5148.19 5150.24 5148.64 5149.12 5150.82 5155.22 5163.99 5175.19 5187.93
5266.46 5270.9 5277.98 5277.88 5281.85 5282.77 5281.57 5277.52 5275.64 5270.61 5265.17 5261.7 5257.27 5255.33 5256.43 5253.53 5252.11 5257.63 5263.94 5269.1 5263.43 5253.65 5239.25 5226.4 5216.67 5206.52 5206.36 5208.51 5214.18 5214.8 5210.47 5207.03 5193.78 5181.13 5180.84 5205.07 5219.39 5213.49 5200.86 5188.1 5176.59 5165.27 5154.74 5145.81 5139.94 5138.53 5137.73 5132.3 5130.7 5132.35 5130.24 5129.37 5127.04 5127.89 5134.03 5136.28 5137.01 5136.79 5140.6 5144.4 5144.94 5147.4 5152.83 5156.78 5162.28 5171.71 5182.66
