real_craters/C187-300m.grd
DSAA
570 570
-85.33 85.33
-85.33 85.33
4047.7293225118 7439.234862669
[rows 90 to 119 of 570, columns 134 to 200 of 570]
6091.79 6091.45 6091.41 6092.17 6093.26 6094.87 6095.91 6091.71 6089.24 6087.29 6085.54 6083.8 6082.1 6080.34 6078.5 6076.68 6074.62 6072.9 6070.41 6068.14 6064.96 6062.17 6060.8 6060.16 6060.11 6059.39 6057.53 6061.09 6064.99 6067.8 6068.92 6067.8 6064.94 6062.56 6063.24 6066.94 6070.25 6072.32 6073.67 6075.23 6080.96 6082.89 6077.73 6073.08 6069.24 6067.03 6068.66 6065.91 6061.61 6056.88 6053.62 6051.87 6046.63 6040.14 6035.64 6039.29 6083.6 6151.94 6231.77 6319.66 6413.4 6516.87 6588.9 6522.72 6403.15 6329.92 6270.75
6086.56 6087.32 6088.24 6089.09 6090.12 6090.8 6090.84 6089.76 6088.08 6086.2 6084.45 6082.87 6081.11 6079.31 6077.48 6075.74 6073.97 6072.66 6070.08 6067.38 6064.27 6062.16 6060.98 6060.26 6059.65 6059.03 6054.99 6057.74 6060.04 6061.76 6061.85 6060.95 6059.59 6058.14 6058.93 6061.09 6063.55 6065.46 6066.82 6067.12 6072.56 6078.37 6076.66 6073.21 6069.38 6069.59 6067.5 6067.4 6061.62 6057.96 6055.11 6052.89 6049.87 6042.65 6033.38 6035.31 6072.59 6133.63 6208.58 6293.18 6388.64 6488.87 6589.7 6614.44 6521.84 6431.39 6365.53
6081.32 6083.45 6085.65 6086.17 6086.42 6086.55 6087.19 6087.29 6086.75 6085.56 6084.04 6082.58 6080.87 6079.11 6077.31 6075.47 6073.67 6072.33 6070.16 6066.98 6063.09 6062.2 6061.42 6060.56 6059.43 6057.05 6056.28 6056.68 6057.81 6057.82 6057.89 6057.57 6057.47 6057.19 6057.93 6058.52 6059.35 6061.07 6062.48 6063.32 6068.6 6074.87 6076.19 6074.88 6070 6060.02 6061.38 6055.05 6058.62 6061.07 6061.45 6058.43 6056.7 6048.6 6035.75 6034.92 6063.74 6117.98 6184.1 6260.71 6346.4 6429.84 6557.6 6665.51 6604.28 6491.78 6398.12
6080.29 6080.34 6080.74 6082.48 6083.87 6083.22 6084.46 6086.01 6085.99 6085.03 6083.69 6081.99 6080.35 6078.63 6076.9 6075.19 6073.43 6071.73 6070.74 6069.25 6064.73 6062.96 6062.05 6061.21 6060.75 6060.57 6058.47 6057.43 6056.61 6056.64 6056.31 6057.21 6057.58 6057.47 6059.08 6057.28 6057.23 6058.49 6060.95 6062.48 6065.21 6072.97 6077.16 6079.28 6080.16 6077.2 6067.04 6052.16 6063.95 6067.84 6068.11 6064.07 6059.09 6049.76 6038.11 6036.3 6057.89 6103.93 6163.54 6232.78 6308.33 6393.7 6528.52 6647.49 6599.84 6491.94 6381.53
6082.99 6078.71 6076.77 6080.02 6083.74 6086.82 6086.85 6086.31 6085.61 6084.53 6083.22 6081.86 6080.37 6078.69 6077.17 6075.23 6073.26 6071.74 6070.69 6070.33 6065.78 6063.59 6062.6 6062.28 6062 6060.47 6061.07 6058.36 6057.55 6058.38 6058.57 6059.24 6058.59 6056.56 6056.53 6055.39 6056.33 6057.94 6061 6067.19 6074.83 6075.7 6080.03 6084.8 6089.06 6091.54 6088.71 6090.87 6080.69 6078.46 6076.13 6070.59 6062.72 6051.86 6040.66 6036.82 6051.82 6091.34 6143.97 6205.99 6278.45 6363.19 6496.01 6583.47 6545.3 6456.06 6350.67
6085.99 6079.4 6075.83 6079.38 6084.1 6088.74 6088.2 6086.8 6085.55 6084.34 6083.18 6082.06 6080.66 6079.09 6077.68 6075.7 6073.35 6070.98 6068.91 6067.14 6065.33 6063.58 6062.85 6063.23 6065.33 6064.26 6059.73 6058.49 6059.93 6062.24 6063.15 6063.55 6062.07 6057.65 6052.04 6054.65 6057.93 6060.4 6063.93 6068.13 6076.59 6078.13 6084.74 6091.12 6094.85 6087.56 6094.05 6095.85 6092.54 6089.45 6086.71 6079.69 6069.05 6057.73 6045.65 6037.66 6044.46 6078.36 6125.52 6181.89 6251.01 6338.51 6460.36 6523.79 6480.08 6409.03 6323.64
6088.69 6081.24 6077.77 6079.98 6083.81 6086.68 6087.29 6086.58 6085.47 6084.46 6083.45 6082.57 6081.4 6080.04 6078.3 6076.25 6073.66 6070.96 6066.87 6062.9 6063.65 6062.88 6062.26 6062.37 6063.11 6061.6 6058.03 6059.68 6064.21 6068.23 6070.32 6071.12 6069.26 6065.25 6060.68 6062.07 6066.33 6068.05 6066.88 6065.6 6069.56 6081.08 6091.12 6098.25 6101.96 6102.08 6099.59 6100.32 6100.53 6099.15 6094.92 6088.07 6080.27 6069.49 6054.23 6042.34 6043.2 6068.16 6107.06 6157.93 6222.23 6303.25 6402.04 6464.3 6413.28 6360.18 6296.33
6090.85 6083.76 6079.36 6080.71 6083.64 6085.89 6085.95 6085.31 6084.49 6083.83 6083.32 6082.39 6081.6 6080.58 6079.38 6077.58 6075.18 6072.73 6068.17 6063.68 6064.01 6062.95 6061.78 6061.14 6060.63 6060.56 6059.78 6064.61 6072.11 6077.82 6080.59 6081.47 6080.45 6078.85 6077.9 6077.95 6079.32 6079.26 6075.73 6071.31 6075.77 6089.8 6100.98 6107.44 6108.16 6107.14 6104.64 6105.6 6108.91 6110.22 6106.98 6100.73 6095.4 6080.6 6063.65 6048.98 6044.35 6059.72 6089.78 6130.18 6182.3 6251.21 6332.11 6399.45 6350.68 6312.77 6267
6096.05 6086.45 6081.04 6080.49 6083.06 6085.11 6083.99 6083.29 6083.06 6083 6082.89 6082.76 6082.47 6082.06 6081.23 6079.91 6078.66 6076.36 6073.31 6070.06 6066.98 6064.14 6061.81 6060.59 6061.94 6064.43 6068.5 6075.69 6084.58 6090.54 6093.82 6094.84 6094.44 6093.54 6093.34 6092.9 6094.14 6094.44 6091.58 6087.2 6094.9 6106.26 6116.33 6120.26 6118.68 6117.07 6111.82 6112.17 6117.05 6123.28 6128.5 6129.89 6117.26 6100.55 6080.44 6057.34 6042.85 6052.82 6076.39 6102.69 6130.38 6182.6 6256.47 6328.35 6293.91 6265.29 6234.87
6097.05 6086.43 6080.06 6077.66 6077.86 6080.09 6079.71 6080.44 6081.31 6081.98 6082.69 6083.18 6083.49 6083.58 6083.36 6082.76 6082.5 6080.68 6078.25 6076.6 6070.81 6066.19 6062.74 6060.73 6061.56 6071.03 6081.21 6091.43 6101.49 6106.77 6109.16 6110.35 6109.75 6107.6 6105.68 6105.16 6109.96 6112.68 6112.6 6110.51 6125.77 6148.72 6132.97 6126.25 6140.66 6133.56 6117.23 6117.42 6123.2 6132.18 6143.81 6153.21 6132.47 6115.66 6094.08 6063.26 6046.83 6051.23 6067.82 6085.35 6098.29 6131.95 6182.86 6226.83 6224.4 6216.48 6197.65
6088.58 6084.1 6078.16 6073.73 6069.56 6069.81 6074.58 6077.33 6079.29 6080.76 6082.07 6083.11 6084.22 6084.93 6085.48 6085.75 6085.87 6085.38 6082.97 6078.34 6073.61 6068.58 6064.79 6063.27 6066.42 6082.34 6099.91 6114.41 6123.06 6124.81 6125.1 6124.53 6123.4 6121.6 6120.1 6120.76 6127.04 6132.29 6135.58 6135.27 6130.72 6125.34 6062.95 6090.77 6153.64 6134.97 6119.09 6119.33 6125.14 6131.32 6139.31 6145.5 6121.9 6099.61 6076.82 6058.23 6048.76 6052.77 6066.78 6083.58 6099.98 6111.27 6128.48 6136.34 6166.72 6172.86 6162.39
6079.27 6075.89 6073.81 6071.21 6069.33 6069.83 6072.4 6075.28 6077.52 6079.58 6081.39 6083.02 6084.36 6085.87 6087.3 6088.45 6089.32 6090.21 6088.76 6082.46 6076.98 6071.63 6067.83 6067.44 6075.69 6095.25 6121.05 6144.44 6144.91 6141.33 6138.87 6137.22 6135.61 6135.17 6136.3 6137.67 6144.77 6149.41 6151.87 6143.85 6090.01 6008.93 5957.26 6013.7 6078.77 6113.71 6111.59 6120.3 6124.03 6123.45 6119.75 6104.39 6091.52 6072.42 6053.27 6047.49 6047.64 6054.45 6067.15 6083.88 6103.43 6099.86 6100.5 6103.07 6135.79 6138.43 6131.75
6076.5 6072.26 6071.81 6070.72 6069.03 6069.99 6072.26 6074.61 6076.8 6079.09 6081.07 6082.93 6084.84 6086.65 6088.66 6090.51 6092.09 6093.9 6095.2 6087.62 6080.22 6074.52 6070.83 6070.41 6079.74 6103.61 6131.98 6157.54 6157.74 6151.84 6148.28 6145.5 6144.57 6146.97 6151.51 6159.01 6160.9 6161.09 6156.92 6135.49 6061.76 5958.87 5917.81 5977.72 6045.66 6101.8 6123.3 6124.67 6122.16 6116.2 6104.43 6087.96 6072.12 6054.82 6039.33 6038.86 6044.3 6053.28 6064.13 6076.65 6084.3 6084.41 6084.12 6081.04 6097.03 6105.87 6104.52
6078.16 6075.44 6073.38 6072.53 6072.87 6072.46 6073.18 6074.66 6076.57 6078.55 6080.63 6082.71 6084.85 6087.1 6089.48 6091.11 6094.04 6095.74 6094.89 6088.36 6081.94 6076.96 6074.21 6074.9 6084.93 6107.12 6132.19 6155.09 6158.25 6154.57 6152.47 6150.35 6150.99 6154.55 6160.98 6167.98 6171.41 6168.91 6158.05 6131.19 6077.15 6006.63 5971.59 6012.23 6077.42 6116.61 6130.46 6128.74 6121.33 6109.92 6095.74 6080.24 6062.37 6044.92 6034.55 6033.64 6039.9 6048.98 6059.48 6067.43 6072.25 6072.15 6070.1 6064.46 6070.62 6079.58 6082.33
6079.81 6077.24 6074.33 6073.63 6075.23 6073.99 6074.12 6075.3 6076.98 6078.84 6081.06 6083.12 6085.24 6087.53 6090.04 6091.59 6094.52 6095.85 6094.28 6087.34 6082.17 6078.32 6077.18 6080.94 6090.76 6107.17 6125.26 6140.65 6147.18 6150.43 6151.73 6152.16 6152.48 6156.81 6164.69 6174.84 6180.48 6176.23 6166.12 6149.46 6126.39 6101.39 6078.57 6088.91 6135.92 6138.09 6138.33 6132.58 6121.46 6106.6 6089.02 6069.88 6050.52 6035.58 6027.2 6026.34 6034.48 6049 6053.75 6059.13 6062.65 6064.24 6061.04 6055.6 6057.75 6063.58 6065.57
6076.4 6075.14 6072.95 6071.73 6072.11 6072.96 6074.42 6076.01 6077.74 6079.53 6081.34 6083.18 6085.13 6087.42 6089.79 6091.38 6094.05 6095.42 6091.07 6085.74 6081.4 6078.28 6077.66 6081.83 6091.42 6105.23 6118.54 6124.77 6135.79 6146.03 6148.68 6148.61 6148.4 6151.13 6158.88 6178.71 6186.65 6178.8 6178.36 6178.07 6179.01 6187.01 6162.61 6122.83 6139.43 6151.42 6148.62 6138.12 6124.32 6106.71 6085.48 6061.71 6038.7 6026.37 6016.32 6014.93 6022.32 6032.56 6044.31 6054.16 6060.92 6060.05 6055.65 6049.74 6045.28 6051.74 6052.85
6072.18 6071.04 6070.94 6070.05 6069.33 6072.21 6074.35 6076.82 6078.54 6079.64 6080.96 6082.87 6084.36 6086.02 6086.89 6089.46 6092.53 6095.05 6089.99 6084.66 6079.87 6076.89 6076.34 6077.65 6089.15 6103.66 6118.77 6132.84 6144.28 6147.06 6145.31 6142.55 6139.98 6138.03 6137.33 6139.65 6146.53 6167.73 6191.24 6205.3 6213 6217.95 6199.15 6162.63 6162.2 6162.97 6155.5 6143.9 6127.06 6108.41 6086.78 6062.27 6038.94 6022.67 6007.68 6002.5 6009.71 6022.08 6035.34 6048.12 6058.28 6055.8 6052.09 6050.28 6046.61 6041.46 6041.59
6071.55 6071.14 6071.62 6071.5 6072.17 6073.86 6075.8 6077.44 6078.68 6080 6080.83 6081.7 6082.57 6083.73 6084.5 6086.23 6088.38 6091.36 6090.05 6082.19 6076.85 6073.96 6074.27 6080.23 6088.36 6101.22 6118.7 6141.59 6155.83 6146.24 6139.32 6133.98 6129.1 6123.12 6113.7 6097.29 6093.31 6155.73 6208.9 6229.22 6231.07 6225.54 6205.57 6187.76 6180.11 6171.41 6160.67 6147.56 6130.68 6111.48 6091.42 6069.98 6049.22 6026.08 6002.67 5991.01 5997.89 6010.92 6025.01 6038.73 6049.3 6048.22 6047.2 6050.8 6046.68 6035.19 6032.05
6075.33 6075.78 6076.15 6074.3 6074.38 6077.05 6078.77 6079.86 6080.48 6080.89 6081.02 6081.18 6081.11 6080.96 6080.94 6080.76 6080.89 6082.48 6081.8 6076.03 6071.63 6069.11 6068.95 6071.93 6082.04 6094.72 6110.2 6128.46 6139.24 6133.24 6128.53 6124.13 6119.62 6113.71 6105.43 6092.86 6086.83 6162.74 6224.65 6241.25 6238.68 6229.45 6208.25 6182.97 6183.14 6175.72 6167.23 6152.19 6134.03 6114.65 6095.88 6078.59 6063 6032.94 6003.34 5987.74 5988.36 5997.4 6012.88 6031.05 6041.16 6040.4 6041.75 6049.19 6055.19 6031.04 6024.83
6082.53 6085.33 6085.81 6083.51 6082.11 6082.91 6083.44 6083.09 6082.48 6082.41 6081.63 6080.65 6079.44 6078.1 6076.84 6075 6071.64 6069.36 6069.52 6067.24 6064.92 6063.14 6062.95 6066 6074.86 6084.8 6095.89 6105.25 6106.87 6112.95 6114.76 6113.9 6112.38 6110.7 6110.91 6118.94 6156.82 6180.79 6218.56 6234.23 6237.71 6236.71 6231.46 6217.04 6209.98 6194.59 6179.9 6159.7 6138.04 6117.14 6096.95 6079.36 6063.82 6032.33 6000.28 5981.72 5980.23 5989.34 6008.34 6033.83 6039.62 6035.23 6035.84 6040.74 6043.25 6029.44 6020.52
6094.51 6098.81 6099.06 6096.52 6093 6090.41 6088.56 6086.86 6085.24 6083.59 6081.85 6079.76 6077.77 6075.57 6073.53 6070.32 6064.17 6055.81 6058.48 6059.57 6058.46 6057.17 6057.1 6059.82 6066.83 6075.05 6082.71 6089.1 6092.19 6099.21 6102.5 6104.16 6105.79 6108.78 6115.53 6130.55 6155.71 6175.11 6194.77 6216.76 6231.28 6241.5 6251.42 6254.5 6241.71 6223.82 6193.86 6166 6140.39 6115.98 6093.33 6071.5 6047.87 6018.39 5988.82 5968.88 5972.01 5988.66 6012.87 6036.32 6036.79 6031.65 6030.57 6031.66 6030.35 6025.18 6017.83
6105.97 6113.95 6112.98 6106.64 6101.69 6097.33 6093.65 6090.55 6087.69 6085.1 6082.57 6079.78 6076.98 6075.01 6071.62 6067.93 6062.91 6058.57 6057.5 6055.23 6053.37 6051.76 6051.39 6053.92 6059.4 6065.98 6072.12 6078.84 6088.66 6089.56 6091.56 6094.71 6098.72 6104.58 6112.8 6126.55 6141.63 6158.74 6177.33 6201.63 6222.3 6238.71 6249.49 6250.43 6247.09 6231.15 6197.76 6167.93 6140.1 6113.91 6087.85 6060.95 6032.08 6003.14 5977.33 5958.51 5964.93 5986.62 6011.44 6026.9 6028.03 6024.13 6024.26 6025.13 6025.52 6020.6 6014.54
6107.08 6123.11 6121.97 6117.43 6108.95 6102.44 6097.49 6093.49 6089.84 6086.54 6083.38 6080.05 6076.79 6074.89 6071.14 6067.55 6064.58 6061.96 6056.79 6052.32 6049.52 6047.4 6046.19 6047.75 6052.18 6057.89 6063.02 6067.74 6070.78 6075.24 6080.46 6085.41 6090.83 6098.15 6105.72 6118.52 6132.82 6148.26 6164.71 6188.21 6212.25 6232.35 6243.94 6248.11 6233.02 6211.31 6189.63 6162.53 6134.66 6107.81 6080.75 6052.9 6022.91 5995.08 5972.34 5955.82 5961.63 5983.38 6007.52 6019.05 6019.56 6018.14 6018.54 6019.23 6018.28 6017.34 6015.13
6100.07 6112.67 6116.41 6114.63 6109.71 6104.47 6099.6 6095.16 6091.34 6087.66 6084.23 6080.68 6077.06 6074.56 6070.92 6067.2 6063.92 6059.22 6053.02 6049.57 6046.96 6044.81 6043.72 6044.83 6047.42 6050.87 6054.28 6057.54 6061.5 6065.69 6070.71 6076.07 6082.19 6089.65 6096.74 6108.46 6125.14 6139.76 6149.83 6172.48 6198.62 6225.21 6247.29 6244.75 6225.99 6203.73 6180.17 6153.91 6127.28 6100.99 6074.04 6047.65 6020.8 5994.96 5974.87 5960.53 5963.22 5979.74 5996.01 6004.57 6009.53 6010.81 6013.61 6015.4 6015.77 6013.04 6010.52
6094.7 6101.36 6106.57 6108.72 6107.41 6103.9 6099.85 6095.68 6091.94 6088.43 6084.72 6080.98 6077.06 6074.61 6070.42 6065.88 6061.01 6052.13 6049.41 6047.49 6045.63 6043.95 6042.32 6043 6044.37 6046.22 6048.08 6050.52 6054.53 6058.25 6062.14 6067.6 6073.76 6078.96 6086.65 6094.75 6098.96 6098.21 6126.46 6155.03 6181.85 6207.95 6234.01 6223.09 6205.63 6188.39 6165.89 6141.24 6117.17 6092.63 6068.67 6045.37 6023.23 6003.58 5982.31 5967.6 5966.65 5979.89 5992.46 5996.97 6002.98 6007.21 6010.13 6013.4 6016.43 6018.33 6013.89
6093.5 6098.72 6103.45 6104.98 6104.79 6102.91 6099.85 6096.22 6092.26 6088.95 6085.35 6082.01 6078.1 6075.28 6070.38 6065.42 6059.58 6051.42 6048.95 6047.13 6045.52 6044.65 6044.7 6043.26 6042.7 6043.07 6044.02 6045.31 6046.82 6049.42 6054.32 6059.84 6065.73 6070.3 6076.81 6084.91 6093.9 6109.08 6116.83 6138.22 6160.55 6180.28 6188.02 6188.27 6179.62 6166.64 6145.77 6125.83 6104.48 6082.4 6061.83 6042.27 6024.59 6007.7 5989.36 5975.97 5974.1 5982.4 5998.62 6002.18 6000 6002.3 6007.42 6012.18 6015.96 6017.29 6017.54
6092.52 6096.15 6101.93 6104.32 6103.26 6101.34 6099.07 6096.72 6093.79 6090.35 6086.73 6083.32 6079.4 6076.08 6070.9 6065.77 6061.13 6056.45 6051.48 6048.3 6046 6044.51 6045.03 6042.73 6041.02 6040.65 6040.59 6041.1 6041.94 6043.97 6047.92 6052.97 6056.48 6062.29 6067.65 6074.96 6084.95 6099.42 6108.29 6120.04 6136.74 6153.71 6164.14 6160.41 6153.48 6143.24 6126.29 6108.53 6089.9 6070.19 6052.9 6036.53 6022.64 6010.51 5992.54 5976.68 5969.94 5976.69 5990.52 5997.82 5994.72 5998.64 6006.03 6011.74 6015.99 6019.32 6021.02
6088.36 6090.77 6096.6 6100.95 6100.76 6099.39 6097.93 6095.83 6093.43 6090.61 6087.21 6083.95 6079.9 6077.5 6072.83 6066.9 6061.14 6058.96 6053.93 6050.27 6047.25 6044.02 6040.29 6041.34 6040.53 6039.83 6039.13 6038.73 6038.21 6039.6 6042.33 6046.07 6049.53 6053.62 6057.1 6061.74 6067.38 6071.16 6085.6 6097.96 6110.46 6123.87 6138.13 6138.49 6127.8 6117.72 6105.05 6091.42 6074.37 6057.99 6042.52 6027.67 6015.55 6006.82 5988.54 5970.44 5960.2 5964.35 5973.03 5979.38 5988.99 5998.48 6007.2 6013.09 6016.67 6017.85 6019.05
6086.18 6085.6 6088.33 6094.65 6097.03 6097.88 6097.72 6096.35 6093.66 6091.59 6089.41 6086.61 6082.98 6080.1 6075.81 6069.63 6060.99 6058.04 6055.52 6052.32 6049.36 6046.85 6044.99 6042.42 6040.18 6038.52 6037.07 6036 6036 6036.39 6037.77 6039.44 6041.86 6044.31 6046.22 6048.95 6051.77 6057.17 6067.38 6075.76 6082.92 6088.42 6092.74 6103.7 6098.04 6091.82 6081.59 6070.98 6057.33 6044.36 6030.82 6016.95 6003.51 5988.49 5973.71 5962.47 5953.83 5952.53 5958.11 5974.18 5989.95 6002.86 6011.24 6016.25 6018.85 6018.74 6018.75
6087.28 6083.86 6083.74 6089.78 6094.14 6096.63 6097.63 6097.46 6095.47 6094.6 6092.54 6088.3 6086.29 6083.91 6080.68 6076.57 6069.38 6061.49 6057.71 6054.48 6051.67 6049.23 6046.72 6043.79 6040.88 6038.4 6036.13 6034.72 6033.09 6033.14 6032.63 6033.36 6034.66 6036.37 6037.26 6038.27 6039.24 6045.99 6052.52 6056.24 6059 6060.88 6066.98 6074.33 6074.3 6068.76 6059.84 6051.33 6040.43 6030.39 6018.09 6005.56 5992.52 5977.83 5965.72 5957.85 5948.2 5943.78 5947.27 5977.71 6004.06 6013.31 6017.85 6021.01 6023.17 6024.15 6019.81
