real_craters/C187-1000m.grd
DSAA
99 99
-48.76 48.76
-48.76 48.76
4061.7064698275 6972.4564332852
[rows 30 to 59 of 99, columns 0 to 66 of 99]
6115.65 6109.47 6067.96 6042.55 6043.58 6038.52 6019.75 6130.94 6212.53 6148.43 6074.8 6005.71 5977.42 5917.95 5910.65 5922.38 5937.73 5962.72 5994.57 6004.62 6028.33 6065.93 6101.87 6116.81 6130.49 6173.43 6167.4 6146.22 6092.77 6245.8 6259.52 6219.05 6130.23 6113.53 6065.3 5949.1 5651.68 5558.83 5524.23 5505.79 5437.17 5359.36 5436.71 5322 5096.05 4943.93 4871.33 4828.22 4815.88 4855.29 4911.06 4993.34 5012.44 4999.29 5018.97 5052.62 5114.95 5217.37 5442.75 5472.98 5561.38 5573.64 5674.22 5915.16 6133.17 6293.37 6266.3
6120.24 6136.86 6116.62 6099.69 6084.16 6071.01 6060.89 6105.43 6149.19 6131.1 6088.05 6042.45 6002.94 5936.19 5927.88 5929.9 5930.08 5937.31 5971.01 6010.89 6059.36 6085.94 6155.15 6202.39 6260.12 6222.82 6188.59 6162.81 6159.2 6308.12 6336.58 6190.82 6095.49 6001.89 5983.01 5879.98 5561.66 5468.24 5451.67 5445.77 5473.7 5237.96 5152.92 5135.97 4939.25 4769.19 4738.67 4740.27 4704.64 4739.56 4756.63 4757.19 4768.22 4814.62 4853.5 4885.55 4931.45 4991.45 5154.65 5287.94 5381.2 5413.95 5507.24 5714.43 6012.18 6375.32 6306.74
6111.39 6123.4 6120.58 6102.6 6105.35 6093.51 6077.77 6097.26 6112.98 6113.77 6095.78 6069.59 6038.11 5988.25 5964.33 5956.94 5951.63 5951.67 5997.83 6067.74 6128.6 6195.85 6236.03 6265.76 6256.29 6222.9 6199.78 6232.12 6244.4 6300.04 6265.44 6138.42 6012.8 5824.42 5833.19 5668.59 5375.14 5254.26 5231.69 5229.29 5188.82 5041.29 4968.34 4899.11 4721.61 4600.84 4617.04 4617.4 4571.23 4599.42 4605.76 4596.45 4601.59 4655.17 4697.97 4735.04 4766.05 4785.19 4894.96 5117.48 5309.56 5285.41 5365.54 5554 5837.1 6136.66 6218.01
6064.74 6094.28 6109.72 6123.15 6120.06 6109.9 6110.2 6105.48 6111.65 6104.06 6091.01 6071.82 6041.2 6011.95 6004.25 5999.12 5999.17 6013.91 6043.38 6115.35 6195.34 6275.11 6357.93 6324.41 6287.58 6223.96 6223.9 6424.18 6391.48 6361.14 6218.6 6069.33 5797.93 5625.68 5669.09 5386.63 5103.71 5112.94 5109.21 5076.79 4977.32 4821.11 4687.68 4594.39 4485.86 4481 4494.4 4475.75 4469.05 4484.43 4495.73 4487.65 4489.89 4546.88 4588.65 4629.9 4658.76 4696.97 4788.31 4964.82 5100.97 5143.52 5222.03 5330.18 5486.3 5816.79 6048.17
6067.45 6086.38 6096.26 6117.55 6128.65 6117.01 6106.11 6105.52 6103.27 6096.67 6076.66 6067.77 6044.57 6021.44 6007.18 6016.38 6037.34 6049.09 6093.08 6146.49 6235.21 6382.97 6431.83 6343.36 6274.94 6222.2 6300.84 6495.47 6530.29 6314.61 5973.18 5869.45 5582.22 5388.55 5294.09 5172.51 4998.55 5087.16 5019.38 4910.95 4780.37 4625.72 4500.23 4423.36 4393.85 4407.19 4409.82 4399.05 4418.34 4422.45 4424.52 4422.25 4434.31 4464.34 4510.22 4551.88 4584.45 4603.44 4706.46 4848.08 4944.29 5020.23 5085.33 5162 5268.8 5538.74 5826.74
6152.7 6117.78 6067.84 6078.36 6104.65 6112.45 6104.43 6107.43 6104.26 6093.15 6081.55 6094.23 6109.83 5968.28 5945.1 6003.08 6077.8 6128.55 6139.07 6192.17 6283.48 6367.43 6360.71 6314.25 6260.31 6245.12 6367.94 6413.59 6269.43 6120.39 5666.85 5519.69 5370.3 5195.9 5092.73 4997 4911.22 4960.29 4845.52 4641.75 4553.24 4431.55 4383.76 4357.55 4360.82 4362.94 4365.19 4364.9 4370.4 4383.71 4389.3 4391.78 4395.21 4437.12 4470.14 4508.52 4546.21 4581.04 4664.29 4841.18 4886.94 4903.5 4974.67 5058.4 5155.16 5370.53 5600.51
6284.52 6151.17 6075.71 6063.56 6064.56 6128.32 6142.68 6114.24 6081.34 6077.8 6080.72 6005.14 5741.46 5700.79 5829.69 5960.08 6086.32 6150.88 6160.6 6202.26 6254.12 6294.85 6301.06 6269.62 6229.18 6209.59 6334.32 6285.6 5992.01 5889.77 5553.76 5428.25 5299.56 5183.58 5092.04 4994.43 4860.45 4755.66 4686.05 4562.52 4463.7 4379.86 4341.15 4332.12 4327.42 4312.33 4318.16 4336.09 4349.56 4355.23 4363.73 4376.52 4393.91 4418.97 4442.28 4474.19 4504.02 4526.25 4585.52 4657.77 4735.65 4779.63 4878.64 4988.18 5123.07 5274.77 5441.35
6085.72 6107.27 6093.38 6086.15 6091.12 6141.5 6157.63 6114.94 6073.79 6068.5 6077.12 5937.39 5541.28 5573.69 5764.27 5929.19 6065.2 6152.83 6157.71 6165.85 6160.4 6220.44 6255.46 6239.5 6204.14 6188.73 6205.63 6055.93 5852.15 5712.64 5514.77 5390.69 5322.01 5269.54 5147.86 4896.42 4744.27 4674.34 4620.29 4546.89 4439.2 4356.44 4320.76 4299.81 4283.05 4277.94 4280.63 4301.44 4326.81 4327.89 4345.58 4362.63 4378.23 4399.09 4420.45 4448 4470.83 4479.78 4519.72 4573.59 4627.48 4701.74 4811.73 4928.05 5079.47 5254.33 5349.67
6064.72 6070.56 6078.73 6098.6 6109.52 6125.91 6127.13 6103.47 6071.89 6059.42 6054.64 6096.25 5734.71 5713.64 5819.24 5951.95 6072.81 6102.81 6096.54 6138.94 6217.04 6199.35 6210.05 6222.01 6214.18 6208.17 6255.35 6024.66 5745.03 5638.92 5529.92 5420.74 5348.19 5245.69 5071.38 4820.05 4684.55 4612.89 4565.17 4507.62 4422.39 4346.1 4318.85 4291.03 4278.49 4266.07 4261.56 4295.93 4294.7 4309.57 4332.01 4348.4 4356.14 4376.99 4398.33 4425.23 4450.83 4471.07 4496.12 4537.65 4586.75 4655.02 4747.16 4847.24 4951.64 5150.99 5266.51
6034.81 6055.24 6068.43 6102.62 6112.92 6150.67 6127.62 6088.1 6055.64 6033.98 6031.39 6016.56 6032.16 5906.02 5915.22 5987.26 6077.84 6076.89 6044.16 6083.1 6112.16 6111.42 6115.79 6195.86 6258.21 6357.75 6302.26 5942.19 5597.44 5509.15 5462.9 5441.11 5340.67 5161.13 4957.49 4825.47 4668.91 4537.19 4504.12 4461.48 4406.65 4352.01 4329.5 4295.17 4279.79 4280.59 4272.46 4271.27 4281.22 4315.24 4334.1 4345.21 4348.62 4359.89 4379.13 4405.79 4432.83 4449.19 4475.93 4512.73 4543.04 4605.55 4691.2 4788.54 4899.05 5050.62 5179.16
6023.24 6064.24 6102.16 6163.15 6161.31 6120.61 6097.15 6065.07 6031.21 6003.03 5990.76 5967.7 5964.44 5968.61 5977.12 6002.33 6009.89 6002.77 6010.08 6029.13 6044.8 6051.31 6062.49 6153.58 6251.17 6293.63 6089.8 5712.41 5545.84 5480.06 5430.64 5383.91 5243.63 5067.75 4880.95 4728.67 4562.41 4487.47 4458.95 4429.07 4396.7 4363.77 4330.1 4308.89 4300.69 4324.04 4329.06 4338.01 4331.3 4330.77 4355.53 4358.88 4345.86 4341.34 4367.92 4389.99 4407.95 4430.93 4447.64 4476.67 4498.69 4555.91 4636.96 4739.48 4861.45 4948.5 5051.11
6036 6087.39 6168.39 6324.72 6288.68 6131.31 6083.39 6047.71 6012.15 5984.27 5956.24 5919.59 5934.5 5953.02 5979.69 5993.31 5990.76 5967.52 5983.12 5985.31 6007.38 6024.11 6044.95 6126.13 6229.72 6257.77 6111.27 5792.42 5572.88 5436.63 5402.68 5316.26 5191.41 5019.48 4842.95 4663.41 4556.29 4489.25 4442.67 4409.1 4380.71 4363.79 4353.26 4339.44 4348.44 4393.49 4410.4 4443.62 4423.15 4419.46 4407.35 4395.9 4378.72 4366.36 4369.45 4381.45 4395.52 4405 4419.45 4440.69 4460.76 4511.41 4579.2 4657.08 4743.59 4821.28 4959.19
6044.23 6101.47 6187.43 6290.55 6346.84 6197.42 6096.26 6034.84 5989.12 5963.18 5927.69 5896.86 5907.53 5933.81 5956.91 5972.46 5972.01 5945.15 5919.58 5946.6 5982.97 6014.47 6056.56 6176.59 6223.86 6233.21 6035.61 5783.01 5688.93 5429.5 5261.26 5233.43 5163.53 4941.48 4740.45 4620.85 4557.28 4488.47 4443.88 4402.38 4364.41 4350.23 4357.03 4366.74 4434.29 4478.87 4540.57 4580.29 4549.17 4493.9 4482.51 4457.44 4423.46 4389.85 4381.08 4376.67 4371 4386.31 4401 4402.16 4418.51 4467.43 4521.5 4572.53 4635.58 4725.93 4892.08
6042.77 6115.26 6201.41 6294.61 6307.14 6206.18 6088.74 6012.24 5959.51 5914.43 5900.58 5895.65 5905.93 5927.01 5946.98 5962.47 5958.4 5934.88 5917.41 5939.57 5993.17 6047.17 6096.07 6171.13 6187.72 6125.44 5957.72 5739.64 5681.32 5355.76 5160.33 5119.11 5017.85 4852.42 4698.72 4598.8 4542.84 4496.12 4456.3 4407.52 4367.92 4364.18 4397.31 4399.76 4481.99 4586.33 4598.26 4705.03 4707.82 4692.5 4601.8 4535.94 4477.41 4442.19 4398.42 4380.5 4369.72 4371.99 4371.79 4374.3 4392.92 4434.13 4480.91 4529.52 4576.79 4651.31 4848.73
6025.67 6107.91 6209.32 6296.31 6247.31 6132.39 6055.15 5992.93 5938.39 5904.05 5893.56 5900.86 5927.62 5941.96 5945.72 5953.86 5949.26 5925.9 5913.32 5942.5 6014.12 6100.88 6129.39 6206.86 6134.94 6052.47 5923.9 5669.83 5649.22 5330.68 5123.94 5054.36 4905.41 4787.56 4686.26 4609.5 4534.3 4481.18 4453.46 4414 4379.28 4376.33 4400.04 4448.5 4564.65 4688.13 4769.52 4742.22 4724.65 4748.38 4673.71 4574.1 4513.87 4469.64 4424.05 4384.03 4367.52 4358.87 4349.86 4360.69 4383.73 4413.51 4452.59 4501.88 4532.49 4588.76 4817.33
6001.06 6067.89 6168.48 6293.21 6184.82 6059.25 6018.88 5970.63 5923.98 5891.44 5896.15 5956.45 5979.6 5971.12 5952.74 5918.95 5908.76 5914.97 5917.72 5956.39 6023.7 6068.39 6158.69 6139.51 6048.37 5927.02 5776.2 5603.54 5586.4 5364.85 5137.98 5009.27 4856.25 4745.37 4671.86 4595.11 4528.69 4478.52 4451.9 4412.09 4376.94 4380.4 4409.03 4455.17 4541.83 4636.27 4708.34 4668.15 4564.97 4547 4576.92 4530.41 4512.43 4497.55 4462.26 4406.72 4364.81 4347.73 4328.13 4348.43 4372.72 4396.59 4426.92 4464.18 4488.72 4530.89 4703.7
5967.48 6007.63 6048.09 6091.13 6081.7 6041.1 5991.06 5945.92 5908.58 5888.81 5905.34 6024.7 6022.94 6000.77 5980.99 5951.31 5930.26 5918.89 5922.58 5970.54 6076.24 6199.49 6264.66 6195.24 5997.04 5845.69 5679.71 5537.83 5564.33 5392.63 5127.88 4903.87 4770.94 4692.58 4637.66 4567.14 4516.19 4474.09 4446.72 4408.35 4383.05 4394.69 4427.99 4483.72 4533.32 4592.37 4680.31 4491.75 4350.44 4249.07 4345.11 4418.54 4478.72 4527.66 4501.17 4415.97 4372.88 4348.35 4329.78 4332.24 4352.83 4377 4403.37 4433.47 4463.79 4495.79 4569.89
5941.26 5970.55 5986.22 5982.03 5991.86 5991 5961.94 5928.51 5901.31 5900.65 5956.14 5995.97 6019.18 6018.41 6013.91 6001.12 5953.72 5917 5910.45 5948.87 6090.55 6290.75 6311.48 6192.63 5999.4 5835.29 5614.86 5507.92 5571.21 5374.29 5104.2 4844.21 4703.94 4653.21 4615.08 4561.44 4509.6 4474.05 4422.32 4405.58 4398.98 4412.98 4434.4 4481.8 4539.85 4596.96 4569.97 4336.34 4187.99 4096.9 4156.73 4308.44 4433.9 4524.76 4518.76 4406.54 4371.1 4343.96 4330.74 4314.73 4333.24 4359.72 4386.03 4416.82 4463.55 4507.48 4545.45
5964.63 5981.23 6010.39 5990.61 5972.07 5955.24 5933.2 5920.98 5912.73 5930.77 5993.69 5995.07 6011.07 6021.95 6027.46 6032.22 5959.04 5927.5 5904.77 5909.91 6030.95 6135.04 6187.11 6238.6 6109.09 5886.41 5629.43 5496.58 5412.59 5234.65 5015.48 4796.24 4669.64 4630.92 4590.7 4460.79 4516.18 4457.89 4422.03 4405.1 4408.48 4436.22 4466.65 4514.99 4599.47 4645.57 4462.29 4193.33 4088.77 4061.71 4113.52 4261.9 4409.78 4514.2 4518.8 4418.48 4371.16 4344.47 4330.16 4332.22 4335.57 4350.03 4371.86 4409.38 4466.75 4519.96 4561.85
5984.42 6002 6023.5 5984.13 5948.68 5914.54 5904.09 5927.27 5951.34 5976.44 6012.16 6020.47 6020.24 6020.89 6020.61 5987.64 5984.04 5953.75 5929.1 5938.66 5982.2 6030.86 6065.27 6097.64 6135.12 5915.91 5643.37 5521.28 5371.81 5191.23 4989.72 4770.4 4656.21 4612.95 4584.14 4557.59 4506.46 4459.81 4427.69 4412.99 4421.14 4460.94 4510.9 4543.79 4658.95 4742.4 4511.84 4171.04 4086.09 4096.75 4125.85 4289.33 4422.73 4503.32 4505.8 4411.93 4359.4 4347.07 4335.21 4331.45 4333.12 4341.04 4362.08 4409.4 4476.6 4546.47 4645.51
6023.04 6001.62 5999.17 5973.11 5973.25 5912.31 5898.39 5936.8 5996.64 6016.59 6019.48 6042.81 6034.19 6025.98 6023.99 6057.29 6024.49 5983.78 5951.25 5933.99 5961.75 6008.99 6035.13 6046.84 6162.72 5961.78 5690.84 5548.24 5422.05 5213.44 4966.29 4775.57 4650.82 4610.69 4577.76 4532.25 4494.97 4470.93 4442.78 4427.43 4429.12 4469.97 4519.03 4582.36 4692.04 4801.52 4603.99 4345.87 4242.33 4224.2 4297.35 4430.33 4483.17 4504.92 4493.6 4396.43 4355.31 4349.6 4334.96 4329.54 4331.83 4339.37 4357.63 4416.62 4514.36 4617.82 4810.25
5983.14 5972.31 5993.17 5962.1 5940.03 5904.57 5902.42 5935.25 5982.7 6018.9 6044.54 6047.46 6041.05 6028.74 6019.2 6032.15 6026.58 5988.03 5955.34 5936.28 5958.63 6004.81 6023.91 6049.97 6214.16 6003.33 5799.28 5509.03 5488.12 5244.17 4997.52 4829.09 4683.49 4595.49 4561.7 4520.56 4483.25 4468.48 4461.79 4456.26 4448.22 4455.25 4479.91 4510.16 4626.39 4682.44 4722.49 4555.32 4435.73 4399.11 4591.89 4575.87 4518.93 4487.03 4454.26 4384.82 4352.04 4358.53 4338.5 4333.53 4341.05 4346.5 4377.66 4459.65 4579.46 4716.81 4919.41
5984.25 5972.79 5978.95 5932.99 5885.57 5901.04 5910.12 5933.67 5939.02 6018.73 6083.46 6072.41 6048.31 6028.89 6020.43 6023.97 6010.77 5975.85 5946.23 5932.22 5950.53 6010.79 6084.73 6072.39 6115.38 6187.73 5990.59 5563.11 5463.93 5271.92 5060.58 4910.11 4792.45 4623.69 4546.75 4500.46 4501.11 4487.38 4485.21 4474.53 4450.3 4426.6 4424.24 4432.38 4479.17 4554.6 4659 4662.83 4553.81 4280.34 4207.75 4457.41 4487.32 4450.35 4375.75 4350.62 4335.73 4333.67 4343.9 4352.52 4363.99 4380.91 4404.14 4511.14 4662.35 4848.58 5039.1
5991.12 5982.31 5976.41 5913.96 5882.94 5926.47 6000.8 5942.69 5931.71 6020.44 6079.94 6060.85 6037.22 6023.53 6021.13 6017.53 5990.43 5961.06 5925.07 5903.36 5916.3 5983.66 6049.38 6118.8 6310.38 6407.75 6229.36 5953.19 5649.82 5386.27 5118.05 4955.21 4857.35 4644.31 4544.15 4514.15 4501.84 4484.71 4466.5 4438.81 4427.3 4419.13 4403.26 4389.68 4392.97 4416.6 4524.1 4595.96 4526 4238.83 4061.86 4377.55 4452.1 4425.58 4384.69 4354.74 4327.93 4326.05 4349.6 4379.1 4407.97 4452.7 4505.67 4604.25 4737.85 4904.51 5069.59
5978.65 5968.26 5997.27 5907.67 5888.54 5918.72 5928.95 5926.79 5938.12 6011.04 6124.15 6053.09 6011.89 6003.17 6001.8 5991.39 5964.65 5933.13 5905.05 5887.89 5906.79 5961.06 6004.82 6210.62 6463.18 6479.04 6341.6 6124.83 5858.7 5557.89 5153.55 4897.14 4852.94 4694.77 4571.63 4523.87 4498.48 4475.64 4445.73 4431.15 4418.22 4411.54 4391.82 4365.22 4347.95 4356.37 4441.07 4500.72 4465.91 4357.23 4382.65 4534.33 4468.42 4421.47 4371.92 4347.82 4335.38 4328.6 4345.48 4396.43 4453.49 4533.14 4641.98 4709.58 4800.13 4877.25 5032.01
6012.67 6024.97 5989.22 5893.56 5895.78 5917.06 5916.51 5922.28 5939.28 6010.17 6074.81 6014.62 5980.11 5975.89 5972.2 5965.76 5941.05 5907.08 5883.57 5873.04 5897.45 5974.33 6121.91 6344.95 6594.54 6502.9 6257.65 6065.4 5803.98 5484.05 5191.68 4897.18 4790.02 4752.08 4653.17 4547.02 4523.14 4473.81 4442.68 4426.43 4419.78 4408.66 4389.31 4364.82 4339.34 4336.97 4426.32 4431.58 4425.07 4437.9 4473.58 4460.32 4444.14 4407.08 4371.08 4359.02 4366.1 4368.95 4366.24 4409.44 4485.79 4572.71 4677.13 4760.36 4852.78 4956.6 5046.99
6052.99 6007.45 5974.86 5884.27 5884.22 5907.56 5932.82 5929.27 5935.62 5978.52 6001.53 5983.57 5961.77 5954.77 5953.55 5966.16 5949.53 5900.71 5860.77 5840.69 5849.07 5951.23 6111.4 6277.1 6406.83 6398.09 6297.34 6280.62 5918.89 5657.95 5342.5 4930.2 4768.39 4723.07 4649.42 4581.77 4538.35 4495 4450.5 4435.03 4427.49 4423.07 4406.77 4386.68 4405.51 4341.95 4352.74 4400.22 4416.08 4441.44 4456.09 4423.98 4419.46 4396.04 4376.25 4390.24 4395.38 4388.59 4362.57 4444.67 4520.16 4593.86 4660.78 4772.9 4847.36 4913.76 5156.01
6043.62 6029.36 5998.3 5920.02 5889.06 5878.14 5909.76 5917.29 5929.77 5967.7 5983.68 5977.6 5968.49 5954.15 5956.51 5964.09 5940.82 5905.3 5863.02 5837.07 5837.33 5902.31 5979.77 6058.85 6162.09 6341.26 6510.47 6406.98 6050.42 5885.16 5562.11 5165.12 4812.15 4742.24 4699.71 4643.58 4576.5 4540.64 4492.03 4441.92 4434.62 4426.82 4423.95 4430.22 4443.41 4390.39 4427.33 4422.74 4443.17 4432.82 4424.29 4448.82 4418.14 4392.3 4390.55 4405.38 4421.17 4427.5 4435.21 4488.28 4568.54 4661.18 4744.99 4806.53 4865.7 4990.81 5231.94
6014.49 6009.66 6006.67 5985.33 5912.71 5867.9 5885 5904.73 5929.67 5964.02 5985.32 5981.81 5968.37 5971.91 5963.43 5933.58 5924.35 5906.16 5880.42 5856.24 5841.52 5871.41 5905.48 5933.3 5970.86 6246.04 6319.26 6455.71 6172.86 5938.5 5683.25 5360.49 4930.23 4798.69 4771.34 4723.24 4641.73 4622.06 4520.36 4501.23 4460.88 4436.9 4438.76 4447.5 4438.13 4426.85 4447.99 4433.53 4421.27 4408.5 4403.7 4406.48 4401.25 4391.97 4393.99 4414.47 4434.97 4443.2 4468.32 4524.24 4608.27 4706.66 4787.74 4841.68 4920.86 4992.25 5162.87
5982.22 5990.18 6000.88 5985.8 5927.39 5863.42 5863.13 5878.2 5933.98 5977.19 5992.92 5993.14 5986.18 5989.86 5971.06 5932.77 5918.81 5904.42 5890.21 5869.65 5848.39 5856.45 5882.71 5886.05 5881.63 6158.47 6333.04 6390.73 6363.64 6112.7 5854.66 5597.41 5124.25 4897.02 4836.36 4812.12 4794.79 4703.01 4606.41 4570.89 4515.04 4465.34 4445.46 4439.07 4444.54 4446.52 4438.63 4419.86 4396.51 4389.6 4397.31 4388.63 4380.63 4388.35 4387.16 4431.32 4454.73 4451.66 4473.97 4549.39 4637.47 4733.41 4806.51 4855.69 4934.9 5037.1 5148.8
