real_craters/C187-300m.grd
DSAA
570 570
-85.33 85.33
-85.33 85.33
4047.7293225118 7439.234862669
[rows 390 to 419 of 570, columns 402 to 468 of 570]
4852.65 4792.79 4767.46 4743.14 4735.63 4765.34 4814.68 4871.08 4931.84 4989.23 5061.2 5162.47 5256.64 5338.77 5404.86 5444.61 5461.82 5452.55 5432.3 5415.12 5402.95 5392.98 5389.22 5388.94 5391.3 5394.53 5398.62 5404.11 5405.48 5404.78 5404.16 5401.72 5396.95 5390.76 5383.77 5377.57 5369.61 5362.42 5352.59 5341.17 5331.69 5320.21 5308.05 5296.42 5292.43 5301.93 5306.23 5298.02 5295.95 5298.16 5299.28 5300.13 5299.35 5299.25 5299.39 5301.33 5300.83 5301.67 5300.31 5299.05 5296.23 5292.21 5287.31 5283 5286.44 5285.84 5283.32
4915.24 4851.69 4839.53 4802.32 4792.02 4833.55 4894.35 4960.82 5028.08 5092.26 5162.85 5244.11 5316.38 5375.5 5423.12 5449.87 5462.33 5466.87 5433.52 5409.64 5391.13 5379.98 5379.92 5383.64 5388.2 5392.58 5397.33 5401.84 5406.45 5408.07 5406.08 5402.16 5396.46 5389.61 5383.35 5376.26 5368.22 5358.1 5347.78 5338.25 5328.54 5317.06 5304.96 5295.43 5291.14 5295.62 5298.8 5294.33 5294.25 5297.65 5297.71 5297.6 5297.02 5296.92 5298.91 5298.64 5299.05 5298.58 5297.54 5295.5 5292.41 5288.85 5288.15 5293.36 5295.43 5291.73 5288.67
5015.48 4947.07 4913.5 4870.68 4861.23 4918.54 4988.34 5062.66 5138.56 5213.9 5284.77 5341.56 5383.27 5414.71 5443.27 5469.08 5453.15 5432.71 5417.3 5399.43 5382.7 5369.83 5374.58 5380.95 5386.43 5391.71 5396.9 5402.1 5408.57 5411.17 5409.21 5403.72 5396.66 5389.57 5381.72 5373.49 5363.68 5354.8 5346.11 5337.05 5327.8 5317.64 5306.68 5297.64 5292.13 5295.58 5293.58 5288.72 5297.5 5297.33 5295.98 5295.47 5294.56 5295.18 5295.84 5296.06 5296 5295.65 5294.61 5293.49 5291.25 5288.43 5289.27 5306.47 5300.68 5294.27 5291.27
5146.52 5083.35 5032.18 4982.48 4978.22 5030.23 5097.15 5171.61 5252.73 5336.13 5408.89 5444.4 5449.75 5447.27 5446 5441.35 5421.54 5405.63 5398.81 5389.99 5380.82 5376 5377.01 5381.48 5386.22 5391.03 5396.3 5401.75 5409.55 5415.09 5412.22 5404.3 5396.19 5387.07 5378.92 5370.52 5362.18 5354.39 5346.46 5338.25 5329.81 5321.76 5311.39 5303.56 5298.11 5302.48 5299.84 5281.97 5283.84 5289.64 5291.56 5291.65 5292.69 5292.55 5292.88 5293.23 5293.25 5293.86 5292.42 5291.75 5290.92 5290.69 5291.93 5293.69 5290.03 5292.1 5290.7
5294.35 5247.29 5187.95 5135.93 5127.93 5160.9 5212.92 5277.22 5353.86 5441.75 5535.23 5538.47 5499.81 5467.08 5439.4 5409.02 5393.74 5385.66 5387.27 5385 5382.35 5381.72 5381.73 5384.03 5387.12 5390.72 5395.16 5400.12 5407.74 5410.66 5408.26 5401.58 5393.33 5384.86 5376.23 5369.88 5362.5 5353.81 5349.22 5342.62 5333.05 5325.81 5318.62 5312.53 5306.89 5304.87 5296.9 5283.24 5282.03 5285.22 5287.06 5288.1 5287.98 5288.45 5288.72 5288.98 5290.11 5290.53 5290.76 5291.03 5291.52 5292.52 5294.91 5290.01 5291.05 5293.23 5289.88
5443.89 5432.37 5365.5 5309.49 5286.87 5293.52 5320.75 5365.01 5424.36 5496.73 5575.2 5567.33 5515.27 5471.07 5434.68 5405.04 5397.76 5390.11 5385.31 5384.11 5384.1 5385.19 5385.66 5385.57 5386.8 5389.22 5392.84 5396.78 5403.31 5406.65 5405.38 5398 5389.7 5381.35 5374.53 5366.85 5361.61 5355.01 5349.32 5342.83 5336.14 5330.29 5324.34 5320.95 5319.53 5310.97 5296.42 5285.78 5279.65 5278.48 5282.3 5284.43 5284.74 5285.44 5285.29 5285.95 5286.61 5287.42 5288.51 5289.9 5291.61 5293.34 5294.9 5305.07 5307.59 5296.13 5289.5
5562.75 5622.77 5559.93 5497.46 5439.64 5408.78 5407 5426.81 5461.48 5499.43 5520.44 5514.83 5496.15 5461.34 5428.6 5404.57 5400.38 5391.58 5385.45 5383.79 5384.98 5388.24 5388.32 5386.02 5385.99 5386.82 5388.82 5391.38 5396.09 5399.44 5399.01 5389.94 5383.12 5377.51 5370.67 5364.23 5358.58 5351.92 5346.32 5341.12 5336.95 5332.89 5329.68 5326.74 5323.13 5310.7 5294.12 5276.84 5268.91 5275.4 5281.03 5281.93 5281.49 5280.65 5280.75 5281.69 5284.27 5285.63 5287.34 5289.4 5291.88 5294.74 5298.11 5301.34 5296.97 5291.03 5285.46
5602.96 5653.84 5641.16 5611.78 5534.77 5482.73 5464.34 5465.82 5478.41 5489.53 5489.36 5483.38 5469.57 5445.61 5420.36 5401.03 5390.34 5385.7 5382.96 5382.28 5383.21 5385.33 5385.51 5383.99 5383.57 5383.96 5384.36 5385.18 5387.23 5386.08 5378.22 5378.65 5374.46 5369.79 5364.58 5361.6 5357.49 5352.27 5347.77 5343.51 5338.45 5335.15 5331.09 5328.45 5323.37 5315.3 5294.67 5270.53 5263.88 5282.64 5284.02 5281.24 5278.32 5277.6 5277.88 5279.96 5281.49 5283.43 5285.68 5288.57 5291.5 5294.75 5299.33 5295.97 5286.02 5282.38 5277.17
5574.79 5584.85 5583.38 5571.97 5540.38 5508.52 5489.37 5481.86 5482.39 5483.82 5482.5 5475.59 5452.28 5428.2 5405.5 5389.62 5379.48 5379.48 5379.33 5379.52 5379.69 5379.88 5379.9 5379.66 5380.42 5380.71 5380.16 5379.21 5378.83 5377.45 5379.95 5370.06 5365.11 5361.28 5358.36 5356.05 5353.05 5349.43 5344.43 5340.83 5337.87 5334.76 5332.62 5329.83 5327 5320.73 5297.44 5274.57 5270 5287.72 5282.94 5276.85 5274.68 5274.71 5275.23 5277.67 5281.11 5283.56 5285.65 5288.01 5290.2 5291.97 5291.06 5286.53 5280.25 5275.28 5268.45
5535.35 5515.23 5501.6 5500.1 5511.48 5502.3 5491.18 5482.91 5476.09 5471.2 5465.92 5456.08 5432.97 5411.29 5389.91 5382.04 5377.76 5378.38 5378.04 5377.79 5376.77 5374.11 5370.82 5375.75 5377.94 5377.57 5375.96 5373.29 5369.44 5365.96 5359 5356.27 5355.71 5354.41 5351.93 5350.96 5348.34 5345.32 5341.18 5338.02 5335.77 5333.01 5330.72 5328.7 5326.25 5318.89 5297.32 5276.86 5263.93 5273.04 5270.64 5267.93 5267.41 5267.96 5269.12 5271.74 5274.9 5277.6 5282.18 5284.76 5286.87 5288.05 5286.29 5281.75 5277.27 5270.84 5262
5508.74 5499.08 5496.03 5492.38 5495.84 5489.6 5480.76 5472.45 5463.05 5453.17 5440.53 5422.44 5410.42 5397.94 5387.64 5384.99 5384.85 5379.58 5377.87 5377.65 5377.36 5375.84 5373.81 5377.5 5378.02 5376.29 5373.18 5369.04 5364.81 5356.42 5343.12 5345.31 5349.23 5349.71 5347.7 5345.29 5344.85 5341.86 5339.71 5336.54 5334.8 5330.69 5327.25 5323.76 5319.76 5310.46 5294.87 5280.24 5269.25 5257.11 5254.75 5257.73 5260.14 5262.87 5265.34 5269.13 5272.2 5275.82 5277.88 5280.72 5284.07 5285.4 5285.26 5282.2 5275.51 5267.69 5258.27
5493.43 5496.29 5497.85 5492.57 5487.25 5475.03 5467.47 5456.98 5448.3 5434.79 5419.19 5403.44 5393.05 5386.76 5383.31 5381.1 5380.02 5378.12 5377.42 5378.17 5380.03 5383.19 5389.33 5384.51 5380 5375.85 5371.47 5366.65 5362.74 5356.37 5351.5 5349.33 5348.56 5346.98 5344.82 5344.9 5342.36 5339.62 5336.52 5334.52 5330.93 5327.19 5322.14 5316.11 5308.99 5300.02 5291.41 5283.4 5275.63 5253.94 5246.21 5250.5 5254.38 5258.13 5261.68 5265.25 5268.66 5271.84 5274.58 5278.8 5281.32 5283.57 5285.22 5283.27 5273.12 5263.95 5256.24
5477.35 5479.41 5477.53 5479.19 5471.7 5463.8 5456.39 5445.54 5436.5 5423.36 5407.03 5388.21 5382.48 5378.96 5374.63 5374.72 5374.3 5374.56 5375.65 5377.94 5381.17 5385.36 5388.54 5385.85 5380.82 5375.21 5369.98 5364.94 5362.62 5358.94 5357.35 5354.37 5349.93 5346.35 5343.27 5340.39 5338.87 5336.52 5333.23 5329.18 5326.52 5321.82 5315.89 5307.95 5299.22 5294.1 5286.75 5281.49 5277.58 5260.51 5249.15 5248.63 5251.61 5255.72 5258.91 5261.25 5265.22 5268.06 5271.35 5274.01 5277.03 5279.9 5282.6 5284.02 5268.88 5258.92 5253.85
5461.66 5461.98 5458.99 5462.68 5458.01 5451.16 5444.27 5435.77 5426.38 5415.44 5402.73 5390.8 5384.4 5379.36 5372.93 5368.84 5368.15 5369.9 5372.51 5375.72 5379.72 5383.9 5385.37 5384.55 5379.88 5373.21 5367.52 5363 5361.31 5359.03 5358.43 5355.65 5349.58 5345.25 5341.84 5338.5 5335.1 5332.53 5330.38 5325.92 5322.27 5317.09 5312.14 5303.27 5291.93 5278.12 5274.19 5276.12 5272.14 5259.59 5247.99 5248 5250.84 5254.09 5256.95 5259.44 5261.92 5264.37 5265.05 5267.28 5269.61 5271.75 5273.18 5271.92 5259.9 5252.59 5250.49
5447.6 5448.91 5448.43 5448.04 5442.9 5438.16 5433.33 5426.03 5417.57 5408.46 5400.78 5396.29 5389.5 5381.7 5373.84 5362.87 5362.69 5365.88 5369.44 5373.13 5377.1 5381.57 5387.26 5385.24 5377.02 5369.83 5364.13 5360.79 5357.51 5355.94 5354.24 5351.88 5345.56 5341.71 5338.14 5334.85 5331.33 5329.34 5326.19 5323.54 5320.16 5315.66 5310.23 5303.12 5290.7 5281.08 5277.77 5276.23 5270.28 5257.9 5248.96 5250.8 5251.88 5252.83 5253.62 5254.17 5255.4 5257.32 5260.47 5261.67 5262.01 5262.56 5261.59 5258.2 5251.14 5247.36 5246.19
5431.94 5432.62 5431.77 5434.48 5432.02 5428.32 5423.23 5416.92 5410.52 5402.95 5396.71 5390.38 5383.28 5375.87 5367.15 5359.82 5359.92 5362.92 5365.95 5368.75 5372.24 5375.71 5378.45 5376.3 5370.52 5364.39 5359.4 5355.6 5352.71 5349.32 5346.25 5340.3 5338.63 5335.79 5332.76 5330.94 5328.95 5326.78 5324.85 5322.3 5319.74 5315.39 5310.95 5306.3 5305.11 5294 5287.39 5281.65 5278.17 5273.87 5266.53 5258.28 5253.77 5250.67 5251.16 5250.73 5251.07 5251.07 5252.14 5252.82 5253.69 5253.27 5251.24 5247.57 5243.56 5240.75 5240.89
5418.86 5415.57 5416.31 5422.71 5421.47 5419.74 5415.71 5410.46 5404.67 5398.14 5391.66 5384.96 5379.49 5374.81 5367.86 5358.77 5359.73 5360.79 5362.41 5364.27 5365.97 5366.94 5367.04 5365.28 5361.15 5357.29 5353.8 5350.56 5346.22 5342.62 5338.96 5341.94 5331.22 5329.03 5327.79 5327 5325.77 5324.19 5323.71 5321.67 5320.12 5316.71 5312.52 5305.45 5297.18 5293.52 5287.99 5284.54 5283.43 5280.52 5269.79 5260.78 5254.99 5250.55 5247.86 5246.07 5246.17 5245.96 5246.48 5246.06 5245.3 5243.72 5241.22 5239.91 5235.88 5232.1 5233.12
5395.16 5396.5 5402.19 5411.41 5412.32 5411.79 5408.86 5404.73 5399.38 5393.51 5387.56 5381.58 5377.18 5377.82 5373.68 5369.21 5361.99 5359.76 5359.82 5360.31 5360.12 5358.46 5355.38 5352.18 5350.79 5350.12 5348.41 5345.37 5341.72 5336.39 5328.57 5311.36 5320.44 5323.2 5323.23 5322.37 5321.7 5321.1 5321.34 5320.63 5319.95 5318.8 5316.19 5310.27 5300.73 5294.19 5287.39 5283.44 5282.14 5279.05 5270.11 5260.82 5253.74 5248.42 5244.98 5242.12 5240.54 5239.55 5239.49 5238.57 5237.01 5234.82 5231.5 5228.49 5223.04 5219.44 5220.81
5380.84 5384.46 5392.73 5401.07 5405.82 5405.86 5403.28 5399.47 5394.27 5389.01 5383.46 5378.75 5378.57 5374.35 5366.88 5362.3 5358.71 5357.61 5357.36 5356.92 5355.87 5352.78 5346.15 5336.64 5343.16 5345.65 5344.92 5341.67 5337.54 5332.68 5327.31 5326.87 5322.38 5320.43 5319.17 5319.2 5318.93 5319.13 5319.46 5319.85 5320.23 5321.17 5321.5 5321.51 5313.18 5297.01 5282.48 5280.04 5278.01 5273.67 5265.56 5257.34 5250.75 5244.99 5240.89 5238.67 5236.21 5234.51 5232.92 5230.15 5228.25 5225.44 5221.82 5217.36 5210.33 5207.4 5208.61
5382.07 5383.91 5392.07 5401.34 5402.61 5402.03 5399.38 5395.62 5391.56 5385.99 5379.68 5372.57 5364.74 5361.97 5354.81 5352.18 5354.08 5354.64 5354.82 5354.99 5354.2 5352.19 5348.41 5344.59 5346.4 5346.07 5343.92 5339.48 5334.95 5330.39 5326.6 5323.98 5320.9 5318.28 5316.83 5316.66 5316.65 5317.2 5318.01 5318.64 5320.01 5322.09 5323.92 5325.99 5317.48 5300.58 5286.71 5280.32 5275.02 5267.02 5259.52 5252.96 5246.54 5241.19 5237.34 5234.14 5231.47 5228.81 5226.65 5222.78 5220.11 5217.17 5213.93 5209.9 5203.38 5193.52 5194.28
5382.59 5386.72 5393.25 5399.31 5400.41 5398.62 5396.1 5392.83 5388.9 5384.06 5378.23 5369.71 5358.62 5359.04 5354.44 5352.01 5352.53 5353.7 5354.28 5354.15 5354.47 5355.09 5356.43 5361.58 5355.7 5349.33 5344.58 5338.97 5333 5327.87 5323.75 5319.24 5316.54 5315.4 5314.85 5315.02 5315.27 5316.27 5316.53 5316.96 5317.83 5319.44 5320.54 5321.13 5313.77 5301.62 5291.34 5282.76 5275.5 5267.47 5262.18 5252.39 5240.78 5235.54 5231.91 5228.78 5225.13 5223.13 5220.01 5215.9 5212.39 5208.94 5206.17 5202.59 5197.18 5179.33 5175.15
5387.83 5388.96 5393.56 5398.69 5397.14 5394.97 5392.49 5390.28 5386.77 5383.73 5379.31 5373.47 5369.66 5366.37 5359.79 5355.09 5352.89 5352.55 5352.58 5353.85 5354.77 5356.3 5359.62 5362.2 5358.68 5350.7 5344.18 5337.73 5331.25 5325.68 5320.53 5316.12 5313.29 5312.15 5312.28 5312.96 5313.47 5313.92 5313.91 5313.73 5313.33 5313.08 5313.18 5313.87 5306.79 5297.87 5289.2 5282.92 5277.49 5270.97 5252.17 5232.5 5232.07 5231.03 5228.86 5224.07 5219.92 5215.96 5211.94 5207.54 5203.45 5199.1 5196.08 5191.51 5183.69 5164.99 5156.65
5387.75 5390.72 5391.28 5392.38 5391.62 5389.85 5387.9 5386.43 5384.92 5383.42 5381.63 5378.88 5372.64 5366.68 5362.31 5356.78 5353.58 5351.55 5350.65 5350.78 5351.91 5354.61 5357.72 5362.27 5358.29 5349.03 5341.78 5335.45 5329.46 5323.41 5317.93 5312.11 5308.26 5309.6 5310.7 5311.94 5312.54 5312.41 5311.85 5310.65 5308.35 5305.91 5302.51 5299.43 5295.91 5291.39 5287.42 5283.3 5278.35 5271.14 5248.23 5230.01 5230.96 5229.57 5226.77 5222.41 5217.54 5212.83 5207.78 5201.39 5195.75 5189.77 5183.72 5178.4 5171.24 5154.12 5144.73
5380.87 5384.09 5385.15 5385.52 5385.6 5383.46 5382.2 5382.2 5382.7 5383.24 5384.06 5385.02 5383.56 5373.05 5361.57 5355.77 5351.95 5349.43 5348.33 5347.79 5347.93 5349.37 5351.31 5352.13 5349.08 5343.34 5337.8 5332.18 5327 5321.73 5316.42 5311.12 5307.76 5309.18 5310.83 5311.71 5311.92 5311.58 5310.13 5307.84 5304.67 5299.57 5292.74 5286.3 5285.79 5283.85 5281.3 5278.89 5277.6 5275.55 5266.42 5251.3 5238.41 5232.07 5227.08 5221.92 5216.38 5209.32 5203.27 5195.85 5189.15 5182.07 5173.94 5165.61 5156.34 5143.69 5136.56
5372.86 5372.85 5376.2 5380.59 5377.4 5374.75 5376.02 5377.81 5379.79 5382.09 5384.8 5387.73 5387.01 5372.59 5360.62 5353.47 5348.84 5345.35 5343.36 5341.94 5341.3 5341.76 5342.35 5341.57 5339.36 5336.02 5331.99 5328.28 5324.31 5320.44 5316.24 5312.58 5310.33 5310.8 5312.15 5312.65 5312.4 5311.4 5309.7 5306.35 5302.28 5296.94 5289.74 5282.49 5280.71 5277.65 5272.92 5270.38 5275.4 5278.88 5273.41 5253.11 5243.07 5235.64 5228.45 5221.2 5213.82 5205.89 5197.76 5189.43 5181.38 5172.76 5163.38 5153.04 5142.87 5134.03 5130.73
5376.76 5371.88 5367.86 5359.39 5356.41 5364.15 5368.86 5372.1 5374.99 5378.2 5381.83 5385.86 5384.93 5366.28 5357.27 5349.3 5343.45 5338.55 5335.42 5333.86 5332.97 5332.98 5332.94 5332.93 5332.03 5328.97 5325.82 5323.55 5321.45 5319.28 5316.94 5314.81 5312.96 5313.77 5314.64 5315.06 5314.17 5312.81 5309.88 5306.32 5301.96 5296.82 5291.79 5286.38 5280.14 5275.13 5270.04 5268.46 5274.11 5278.45 5274.37 5259.46 5248.65 5239.12 5229.97 5221.02 5212.07 5203.15 5194.46 5185.21 5175 5164.35 5153.57 5140.87 5127.33 5114.43 5116.49
5385.35 5376.06 5365.95 5355.43 5351.45 5359.42 5363.97 5367.1 5369.73 5372.74 5374.84 5376.86 5376.57 5363.03 5352.35 5342.25 5335.17 5330.64 5327.35 5325.45 5324.49 5323.88 5323.59 5324 5324.85 5321.43 5319.41 5318.51 5318.17 5318.38 5318.45 5318.12 5316.89 5318.11 5319.38 5318.73 5316.8 5313.87 5310.64 5306.88 5302.77 5297.48 5291.67 5286.11 5280.71 5275.47 5271.07 5270.13 5274.71 5278.7 5276.91 5267.22 5254.72 5242.65 5230.97 5220.09 5209.82 5198.96 5189.25 5179.55 5168.78 5157.66 5146.39 5132.91 5116.58 5099.52 5090.05
5378.94 5373.52 5366.52 5362.73 5362.48 5360.96 5360.88 5361.87 5362.88 5364.01 5364.01 5361.81 5356.66 5352.9 5342.69 5331.96 5324.92 5320.48 5316.96 5315.09 5314.75 5313.83 5313.21 5312.53 5310.86 5311.59 5312.03 5313.57 5315.21 5317.64 5320.96 5323.45 5323.17 5325.5 5326.06 5323.29 5319.55 5315.41 5311.61 5307.84 5304.2 5299.9 5293.45 5287.65 5282.11 5276.64 5272.73 5271.69 5276.21 5281.12 5282.27 5273.54 5258.8 5244.06 5230.14 5217.9 5205.83 5195.1 5184.79 5174.75 5163.54 5153.25 5142.15 5131.76 5120.43 5111.42 5100.81
5365.25 5365.58 5363.56 5364.11 5367.37 5359.08 5355.46 5354.75 5354.7 5354.59 5352.89 5348.39 5340.56 5327.96 5322.76 5316.93 5312.22 5308.94 5307.38 5305.77 5305.27 5304.16 5303.1 5301.98 5300.31 5302 5304.73 5308.44 5312.76 5316.73 5323.31 5330.63 5337.06 5338.5 5333.43 5327.12 5321.4 5316.05 5311.7 5308.41 5305.72 5303.76 5300.02 5292.09 5283.81 5276.98 5272.9 5274.06 5276.33 5281.98 5287.38 5275.85 5257.98 5242.09 5227.42 5215.01 5201.64 5191.06 5180.53 5169.97 5159.46 5149.81 5139.97 5131.66 5123.74 5115.7 5099.35
5357.17 5357.79 5356.5 5354.49 5352.21 5348.65 5346.86 5346.24 5345.94 5345.37 5343.2 5337.09 5327.01 5313.63 5304.26 5302.06 5300.23 5299.07 5298.23 5297.52 5296.53 5296.07 5294.64 5293.37 5292.08 5294.01 5297.87 5302.9 5308.79 5314.92 5323.26 5334.08 5346.7 5348.6 5337.33 5328.11 5320.7 5314.87 5310.25 5307.15 5305.06 5304.98 5304.29 5293.76 5283.14 5274.94 5269.17 5265.65 5269.46 5277 5281.24 5269.31 5251.62 5237.71 5224.11 5210.76 5197.54 5186.34 5176.52 5167.01 5157.01 5147.92 5139.27 5131.11 5122.69 5113.23 5099.08
