real_craters/C187-1000m.grd
DSAA
99 99
-48.76 48.76
-48.76 48.76
4061.7064698275 6972.4564332852
[rows 0 to 29 of 99, columns 0 to 66 of 99]
6110.72 6128.47 6127.04 6104.66 6095.26 6100.76 6103.07 6094.8 6087.18 6066.66 6055.28 6043.12 6030.19 6021.24 6017.54 6016.85 6026.01 6011.31 5996.5 5974.26 5956.61 5958.38 6017.45 6031.04 6019.23 6017.02 6022.35 6024.61 6022.88 6020.55 6019.09 6050.44 6047.48 6075 6083.54 6087.15 6085.36 6070.67 6048.93 6037.45 6079.96 6061.63 6053.77 6084.46 6079.53 6109.85 6064.93 6051.75 6051.45 6018.46 5978.6 5968.05 6056.53 6069.64 6060.61 6058.92 6062.95 6070.55 6091.01 6149.34 6215.63 6083.45 5953.53 5929.99 5917.5 5876.28 5849.37
6180 6191.08 6185.64 6175.14 6142.46 6133.2 6120.59 6102.28 6085.04 6076.93 6065.43 6048.86 6033.61 6018.66 6003.63 5993.27 5996.3 5977.94 5965.39 5946.25 5927.4 5962.21 6029.45 6027.02 6011.8 6016.37 6011.84 6015.65 6023.85 6031.07 6041.3 6047.68 6051.29 6074.2 6090.55 6098.68 6097.47 6070.24 6051.56 6042.73 6078.89 6046.78 6094 6181.1 6298.14 6297.46 6169.88 6139.79 6058.07 6020.83 5988.25 5985.84 6080.96 6102.39 6077.04 6054.1 6044.69 6033.68 6000.3 5933.24 5883.98 6158.23 6031.22 5952.01 5893.14 5892.31 5866.91
6290.1 6279.61 6262.18 6242.56 6257.51 6200.26 6159.16 6118.99 6083.66 6080.02 6068.3 6055.39 6040.78 6025.91 6001.36 5985.69 5974.28 5969.51 5954.85 5940.12 5938.38 5978.52 6014.88 6015.74 6004.6 6005.75 6011.75 6012.5 6020.42 6029.6 6049.53 6055.26 6065.82 6078.8 6102.68 6115.32 6125.36 6102.19 6071.01 6049.89 6075.92 6156.29 6222.17 6307.81 6615.42 6537.79 6443.17 6375.56 6202.72 6088.11 6044.61 6032.94 6122.55 6113.89 6089.8 6056.84 6023.47 5989.41 5941.89 5831.94 5705.38 6055.71 6161.38 6011.05 5923.48 5911.02 5878.72
6361.65 6357.31 6347.87 6335.64 6325.73 6262.07 6203.76 6142.88 6102.62 6089.58 6079.47 6060.7 6043.77 6021.87 6004.37 5981.23 5966.93 5952.39 5944.23 5940.3 5955.08 5991.89 5995.3 6010.48 6008.21 6032.1 6025.45 6011.43 6014.97 6021.02 6049.72 6063.43 6075.72 6099.3 6119.13 6123.37 6130.7 6133.08 6080.14 6065.07 6128.62 6307.62 6371.39 6525.64 6667.07 6639.27 6599.54 6645.12 6503.04 6210.78 6094.63 6066.74 6077.21 6096.79 6081.13 6070.32 6059.82 6036.76 6011.54 5969.62 5996.15 6201.23 6126.81 6035.99 5961.04 5924.93 5880.02
6395.63 6412.86 6425.34 6422.94 6387.64 6337.21 6255.86 6163.41 6087.47 6079.39 6069.73 6053.96 6042.47 6036.69 6004.09 5977.76 5961.15 5953.26 5944.17 5938.99 5938.89 5974.78 6007.41 6017.21 6008.62 6013.37 6017.16 6009.6 6015.59 6022.18 6039.31 6061.16 6070.84 6089.28 6108.11 6118.6 6118.95 6097.03 6075.7 6074.16 6267.91 6386.67 6450.88 6520.99 6661.62 6712.44 6726.89 6690.3 6489.07 6226.86 6107.29 6100.81 6082.36 6088.3 6089.71 6082.55 6075.26 6066.19 6097.19 6167.23 6318.22 6273.54 6131.16 6063.14 5995.61 5962.23 5853.33
6351.69 6411.47 6475.97 6485.53 6458.85 6424.79 6307.79 6190.31 6092.85 6060.73 6047.02 6038.56 6032.87 6028.18 5999.07 5985.26 5973.53 5958.81 5952.61 5940.34 5937.6 5976.71 6015.21 6028.13 6030.58 6020.93 6022.53 6015.45 6020.07 6027.41 6033.01 6052.62 6068.99 6080.19 6102.63 6111.74 6115.92 6115.65 6077.21 6091.46 6422.95 6615.41 6579.15 6677.99 6803.4 6848.45 6808.68 6701.27 6478.22 6252.84 6122.78 6067.43 6066.01 6073.49 6084.46 6092.45 6090.14 6120.53 6178.85 6261.15 6347.55 6339.67 6176.25 6072.65 5977.66 5887.91 5846.92
6199.95 6374.76 6513.02 6575.58 6537.48 6469.1 6354.5 6216.44 6107.25 6043.61 6024.42 6021.38 6015.57 6011.39 6043.56 5989.05 5982.61 5969.82 5959.08 5944.54 5942.75 5976.27 6010.73 6029.14 6040.68 6029.25 6029.77 6020.53 6022.96 6023.37 6031.75 6065.82 6078.58 6102.28 6106.15 6107.59 6111.55 6112.42 6081.16 6101.12 6532.79 6678.29 6722.41 6865.76 6972.46 6950.98 6818.64 6636.65 6423.62 6227.96 6150.04 6088.43 6068.45 6063.88 6069.96 6095.09 6120.74 6167.4 6221.42 6266.06 6271.89 6261.21 6145.46 6029.43 5926.37 5876.05 5855.84
6142.7 6346.49 6516.38 6546.33 6520.11 6492.15 6368.04 6254.18 6126.27 6059.57 6026.28 6008.86 5999.74 5994.45 5992.48 5973.53 5989.99 5986.36 5958.84 5943.43 5932.32 5965.16 6009.3 6040.51 6057.48 6036.48 6033.07 6030.3 6027.21 6029.45 6035.09 6045.17 6087.41 6091.61 6099.49 6100.99 6098.33 6093.03 6082.03 6133.86 6561.49 6735.88 6822.99 6852.53 6871.21 6922.38 6717.14 6534.41 6340.85 6204.43 6150.67 6089.01 6049.6 6052.62 6064.52 6086.31 6114.17 6138.49 6165.29 6192.56 6208.76 6160.54 6054.63 5967.37 5886.42 5856.36 5858.39
6162.55 6293.75 6493.55 6440.95 6410.25 6348.38 6317.1 6276.79 6174.6 6098.46 6035.83 6002.7 5987.69 5982.99 5974.56 5969.83 6020.17 6003.49 5956.23 5943.67 5946.67 5956.14 6015.6 6054.52 6059.66 6042.12 6042.16 6030.43 6028.17 6030.43 6037.55 6049.23 6071.16 6086.61 6087.68 6089.68 6087.17 6085.59 6084.99 6168.87 6379.09 6454.21 6520.91 6593.73 6506.58 6511.73 6455.91 6317.2 6241.05 6178.99 6091.14 6041.39 6022.63 6039.28 6047.38 6054.45 6056.81 6069.25 6083.57 6101.4 6095.86 6023.34 5979.06 5914.31 5870.6 5854.11 5856
6021.04 6160.07 6274.12 6374.47 6348.13 6323.64 6256.71 6184.87 6103.11 6041.97 6011.29 5991.45 5982.73 5976.01 5965.29 5971.46 6031.67 6013.07 5971.84 5951.43 5942.55 5962.97 6011.55 6060.35 6067.1 6068.04 6045.58 6033.21 6030.96 6032.27 6040.39 6051.91 6063.5 6076.26 6082.28 6083.56 6083.14 6082.76 6073.61 6124.63 6243.06 6305.52 6285.76 6301.17 6210.97 6185.85 6248.67 6213.81 6147.36 6053.69 6027.16 6055.96 5985.35 5979.18 5988.44 5997.29 6007.44 6014.39 6019.02 6019.67 5983.98 5972.26 5962.83 5931.7 5910.01 5885.09 5880.25
6011.59 6053.07 6116.47 6263.18 6235.53 6186.36 6126.97 6057.53 6009.93 5966.88 5984.04 5978.64 5974.14 5965.83 5958.34 5976.88 6007.81 6005.36 5969.69 5964.9 5967.27 5989.02 6030.71 6069.21 6066.2 6060.26 6041.55 6028.57 6031.72 6045.5 6061.29 6060.86 6063.4 6078.51 6081.47 6080.97 6078.7 6076.09 6069.24 6080.15 6122 6218.71 6245.76 6245.72 6222.31 6191.31 6178.01 6160.1 6070.72 6001.93 6000.77 5972.88 5907.01 5917.63 5924.07 5937.95 5950.56 5950.64 5954.36 5954.84 5936.75 5948.81 5984.07 5956.51 5939.86 5896.75 5894.01
5977.2 5991 6010.84 6035.51 6081.41 6051.97 6008.9 5978.15 5973.54 5976.74 5967.13 5966.27 5964.72 5961.55 5923.93 5954.05 5987.3 6004.62 6000.53 5991.83 6000.71 6021.53 6050.88 6069.36 6065.33 6051.58 6040.38 6033.61 6040.71 6056.16 6074.31 6095.75 6089.43 6084.99 6088.08 6081.77 6070.9 6059.67 6053.38 6047.11 6094.56 6114.12 6203.08 6189.92 6220.61 6220.01 6117.96 6048.84 6001.12 5951.39 5996.51 5758.22 5835.35 5879.26 5908.47 5921.28 5935.24 5938.18 5941.68 5951.13 5929.65 5939.88 6004.54 5979.5 5861.85 5885.87 5895.46
5963.55 5963.96 5969.59 5984.17 6000.77 5987.99 5959.8 5938.55 5941.91 5946.28 5949.88 5950.45 5948.09 5940.35 5936.48 5976.36 5997.35 6021.82 6033.14 6021.75 6012.68 6045.99 6069.61 6082.23 6068.3 6047.23 6040.32 6038.31 6041.8 6063.68 6085.54 6124.35 6142.87 6118.52 6106.26 6085.17 6068.62 6040.41 6004.1 6028.29 6051.61 6038.27 6101.39 6091.52 6120.26 6130.57 6068.63 5997.78 5952.76 5926.12 5921.59 5898.22 5852.68 5886.99 5912.2 5927.42 5939.86 5948.48 5953.22 5958.63 5941.29 5943.53 5991.09 5984.2 5961.48 5902.1 5861.37
5956.57 5951.89 5961.92 5973.06 5984.79 5976.21 5951.92 5918.83 5928.05 5935.17 5938.5 5937.85 5935.33 5940.08 5963.93 5972.47 5995.39 6023.43 6056.19 6061.7 6076.99 6055.78 6063.13 6076.35 6064.41 6051.28 6046.32 6044.74 6049.67 6065.49 6075.81 6109.19 6145.7 6135.78 6122.27 6105.91 6084.05 6053.23 6031.45 6054.78 6035.9 6002.87 5991.36 5994.33 6043.9 6067.69 6010.31 5955.28 5920.1 5892.56 5893.17 5922.05 5906.56 5899.7 5908.39 5919.61 5932.29 5945.31 5958.3 5978.7 5975.28 5980.95 6007.59 5984.56 5955.28 5917.95 5883.68
5964.02 5949.77 5964.25 5994.07 5990.44 5988.57 5976.74 5930.96 5922.3 5928.2 5933.32 5934.07 5929.5 5929.53 5952.68 5962.89 5990.52 6017.05 6063.86 6091.04 6077.55 6054.93 6056.66 6064.85 6054.27 6057.32 6055.57 6050.23 6053.48 6064.81 6087.8 6125.54 6145.08 6138.25 6139.15 6126.68 6113.29 6095.02 6071.02 6043.26 6022.26 5983.43 5965.36 5916.83 5934.09 5992.56 5938.32 5912.49 5902.46 5889.68 5908.3 5928.76 5949.15 5960.47 5949.73 5955.73 5961.85 5971.96 5977.33 5989.54 5985.53 5977.49 5958.81 5949.69 5941.92 5936.3 5927.98
5959.75 5954.47 5967.14 5990.46 5985.86 5978.5 5960.72 5936.68 5921.34 5932.14 5938.51 5941.53 5939.38 5937.57 5944.91 5974.62 6007.06 6032.02 6064.34 6068.52 6066.91 6051.15 6042.27 6062.97 6055.55 6077.12 6088.05 6064.48 6053.93 6060.77 6101.14 6191.81 6172.31 6169.9 6169.43 6156.26 6141.12 6131.99 6107.06 6046.19 6011.69 5975.24 5944.2 5871.1 5868.51 5875.15 5912.36 5914.7 5914.76 5909.34 5925.9 5940.3 5959.28 5975.73 5989.99 6000.25 6009.19 6013.45 6004.21 5992.69 5972.14 5971.39 5960.38 5952.03 5957.43 5970.6 5984.34
5937.27 5933.03 5959.7 5974.73 5969.97 5956.83 5940.66 5938.6 5933.66 5944.92 5953.31 5961.91 5968.34 5975.17 5988.56 6016.48 6041.94 6075.68 6098.8 6110.62 6087.66 6067.94 6051.03 6053.74 6062.98 6096.41 6148.85 6067.83 6058.65 6062.16 6096.23 6202.01 6216.3 6211.74 6207.5 6171.34 6139.04 6120.38 6129.04 6105.89 6021.06 5964.99 5932.24 5870.85 5889.05 5922.27 5934.6 5942.69 5950.87 5964.48 5946.16 5954.44 5975.3 5994.05 6008.63 6020.96 6034.8 6043.57 6040.14 6018.94 6003.74 6009.42 5984.69 6009.42 6011.14 6008.46 6020.75
5936.28 5941.19 5946.65 5958.05 5959.67 5953.08 5934.48 5931.66 5954.67 5963.23 5972.44 5983.66 5999.35 6017.6 6034.84 6056.78 6071.24 6080.05 6101.57 6128.55 6103.74 6089.58 6085.26 6052.15 6069.11 6097.9 6121.71 6074.74 6067.41 6081.62 6106.54 6200.2 6211.86 6208.9 6203.46 6156.69 6105.39 6064.9 6038.06 6003.57 5994.3 6001.79 5976.24 5922.26 5941.92 5946.34 5947.58 5973.46 5991.88 5997.5 5994.44 5984.61 6011.44 6028.32 6055.19 6070.17 6077.64 6085.72 6096.26 6096.03 6078.26 6109.62 6089.99 6090.87 6054.01 6026.81 6022.08
5940.08 5943.68 5947.72 5954.98 5961.69 5969.22 5967.05 5952.19 5972.99 5976.61 5985.39 5997.82 6013.41 6045.06 6079.13 6096.52 6096.5 6097.98 6097.61 6092.21 6108.66 6111.03 6092.33 6087.25 6076.16 6092.6 6086.92 6072.26 6079.07 6110.93 6147 6207.9 6239.82 6240.64 6205.78 6115.61 6058.66 6008.16 5979.73 5959.26 5992.06 6029.97 6041.41 6020.79 6054.24 6036.86 6007.91 6043.11 6055.46 6044.96 6030.17 6059.08 6070.35 6081 6083.61 6085.92 6092.14 6104.88 6134.2 6182.52 6138.1 6130.59 6051.09 6008.38 6014.08 6019.41 6026.32
5944.34 5939.8 5936.12 5955.36 5972.23 5988.55 6002.13 5982.63 5971.12 5980.68 5995.26 6012.69 6030.39 6070.64 6096.27 6099.32 6112.89 6121.53 6103.98 6086.04 6143.65 6146.88 6138.01 6122.38 6090.85 6101.43 6109.16 6060.43 6082.47 6115.82 6196.01 6251.71 6192.45 6143.94 6056.47 6040.03 6014.49 5985.33 5974 5975.51 5981.32 5998.54 6047.74 6122.21 6185.86 6141.45 6146.88 6138.1 6134.54 6134.79 6155.1 6162.14 6142.87 6131.06 6127.57 6124.63 6121.32 6121.46 6128.72 6105.3 6113.5 6075.17 5975.04 5925.3 5972.52 6010.38 6029.93
5936.6 5937.36 5943.48 5958.11 5972.73 5994.38 5997.47 6000 5979.45 5988.14 6006.83 6032.12 6063.56 6084.49 6090.25 6109.54 6123.53 6123.68 6111.6 6102.06 6154.43 6173.62 6196.04 6171 6109.97 6105.15 6085.34 6062.63 6087.97 6127.18 6244.45 6236.52 6130.05 6064.87 6013.55 5992.74 5983.58 5974.81 5981.11 5978.32 5991.17 6018.05 6092.23 6197.12 6256.27 6203.83 6176.07 6192.73 6192.09 6181.88 6247.5 6235.29 6212.71 6194.91 6176.8 6159.62 6144.95 6129.19 6121.38 6138.51 6098.05 6028.51 5956.58 5939.45 5982.22 6023.34 6042.67
5948.86 5960.94 5959.49 5957.44 5970.22 5983.64 5987.43 5989.92 5986.72 5993.19 6012.86 6039.39 6062.92 6088.97 6111.82 6132.97 6132.11 6108.08 6090.26 6099.3 6129.83 6171.81 6210.78 6192.34 6125.02 6147.44 6174.5 6130.85 6193.22 6208.95 6261.28 6199.47 6099.5 6037.34 6006.31 5981.46 5971.99 5976.19 6030.04 6041.86 6050.64 6062.24 6154.62 6212.88 6318.08 6286.19 6264.34 6277.74 6263.02 6254.74 6251.28 6251.85 6239.27 6213.42 6192.59 6174.4 6160.98 6140.36 6099 6033.79 6073.76 6104.68 6035.91 6007.78 6020.67 6040.14 6063.3
5934.98 5943.14 5936.67 5950.37 5963.54 5971.84 5948.3 5956.11 5972.12 5984.76 6004.48 6032.58 6063.2 6074.72 6085.74 6110.01 6107.42 6084.59 6062.86 6081.67 6105.65 6163.58 6187.42 6169.58 6150.27 6186.77 6266.24 6192.61 6122.3 6152.64 6268.74 6180.73 6079.46 6019.99 6002.78 5994.01 5995.9 6006.12 6112.11 6224.42 6201.26 6161.05 6193.21 6340.76 6419.53 6417.73 6359.16 6356.62 6363.42 6374.48 6339.87 6286.4 6226.34 6191.14 6168.55 6158.44 6165.74 6160.58 6129.32 6036.26 6086.58 6198.45 6162.63 6102.49 6083.11 6054.32 6017.79
5944.15 5932.09 5928.26 5941.48 5952.59 5962.63 5964.96 5955.94 5956.67 5972.81 5990.27 6011.02 6034.47 6066.21 6066.42 6076.92 6083.66 6071.79 6052.97 6080.58 6160.27 6187.11 6181.67 6159.68 6129.89 6135.18 6221.51 6158.15 6067.68 6062.37 6151.95 6124.18 6049.14 6018.36 6019.57 6053.73 6051.99 6053.99 6136.1 6190.44 6195.55 6227.12 6292.97 6365.13 6354.29 6338.88 6312.18 6365.21 6402.69 6355.52 6308.92 6246.42 6155.43 6104.3 6095.4 6118.69 6153.74 6197.12 6236.31 6150.23 6089.7 6112.74 6259.68 6225.83 6140.26 6066.35 6001.43
5987.25 5957.4 5946.55 5950.24 5951.58 5935.6 5924.98 5925.04 5944.26 5955.64 5967.48 5980.49 6002.44 6028.29 6021.7 6038.45 6051.39 6052.65 6061.06 6091.87 6194.11 6196.58 6165.55 6152.03 6113.77 6103.14 6136.43 6135.79 6069.98 6007.3 6009.97 6033.15 6021.26 6022 6032.99 6090.9 6126.55 6180.96 6167.7 6163.19 6180.72 6183.38 6270.9 6162.39 5980.43 5990.31 6073.78 6170.53 6152.63 6167.45 6115.06 6066.38 6003.63 5967.11 5974.83 6015.58 6082.85 6178.54 6266.5 6261.66 6119.54 6069.01 6186.72 6223.03 6156.91 6082.21 6008.5
6054.54 6001.23 5979.29 5972.04 5977.6 5982.77 5959.32 5924.81 5945.01 5951.66 5951.06 5955.04 5972.16 5997.95 5999.39 6003.28 5996.68 6022.78 6038.87 6074.04 6125.62 6147.65 6124.6 6088.31 6065.73 6044.23 6073.65 6069.22 6023.07 5992.13 5993.65 5992.75 6022.08 6061.29 6144.73 6130.7 6191.5 6194.32 6217.65 6141.42 6129.83 5960.63 5910.69 5786.98 5797.34 5778.83 5728.41 5782.1 5804.77 5801.2 5832.17 5796.93 5779.51 5798.64 5844.43 5905.34 5983.95 6099.58 6247.12 6254.99 6132.93 6042.4 6081.28 6150.65 6138.35 6098.54 6035.21
6103.78 6037.1 6004.8 5985.14 5992.59 6008.28 6012.26 6008.54 5983.18 5967.83 5947.09 5923.88 5930.62 5961.69 5977.1 5991.57 6006.76 6011.27 6009.34 6028.29 6063.4 6078.27 6085.79 6070.15 6045.55 6011.82 6032.87 6031.69 6000.51 5984.38 5987.77 6014.96 6087.07 6112.62 6195.4 6235.96 6332.88 6310.12 6182.79 5988.82 5865.67 5679.25 5593.94 5566.78 5571.08 5610.38 5609.45 5587.14 5601.65 5624.31 5571.03 5476.2 5522.32 5599.3 5685.34 5766.9 5844.58 5928.1 6041.3 6105.69 6117.38 6087.14 6047.23 6084.71 6132.56 6141.51 6094.45
6209.5 6114.19 6016 5982.57 5990.89 6016.5 6018.97 6023.71 6023.78 6003.68 5966.49 5921.83 5905.65 5911.42 5949.5 5978.84 6000.8 6009.93 6008.18 6013.37 6038.98 6079.7 6071.08 6061.74 6030.27 6019.48 6034.64 6046.49 5987.84 5997.95 5995.99 6055.57 6156.69 6173.88 6279.18 6311.93 6383.85 6241.75 5959.94 5762.78 5613.13 5545.59 5558.51 5571.1 5528.17 5517.58 5546.73 5467.28 5443.78 5480.04 5357.07 5253.94 5321.54 5415.39 5497.77 5576.06 5654.67 5701.19 5703.91 5815.88 5886.69 5998.69 6078.67 6115.67 6182.39 6181.65 6123.44
6162.13 6060.27 6001.5 5971.29 5977.7 5981.34 6002.78 6035.21 6073.61 6060.95 6012.64 5952.21 5913.57 5906.49 5936.11 5959.7 5983.52 5992.93 5992.98 6002.64 6038.72 6065.85 6063.95 6041.72 6022.76 6032 6052.05 6039.57 5988.92 5997.69 6007.05 6130.96 6261.92 6288.93 6243.72 6315.69 6118.57 5912.33 5714.18 5606.09 5556.28 5515.86 5544.99 5504.63 5406.32 5334.34 5315.55 5203.39 5107.7 5139.88 5165.48 5151.8 5206.19 5279.39 5335.54 5399.08 5477.81 5552.41 5639.27 5683.88 5731.68 5830.8 5971.08 6229.69 6315.96 6256.8 6158.54
6104.43 6033.38 6011.89 5993.33 5992.38 5990.79 6008.87 6109.22 6181.99 6123.55 6054.92 5993.31 5936.88 5906.92 5916.38 5935.86 5952.09 5979.8 5996 6011.7 6029.98 6068.67 6073.36 6060.18 6054.61 6082.12 6097.99 6096.56 6034.25 6076.1 6181.9 6214.72 6174.43 6174.05 6112.4 6030.11 5776.04 5634.18 5504.4 5505.51 5464.05 5461.68 5551.75 5534.78 5268.39 5110.08 5043.86 4949.7 4922.28 4955.26 5028.6 5092.67 5136.95 5154.15 5189.27 5234.75 5299.77 5394 5537.13 5600.22 5623.17 5704.37 5857.57 6190.6 6332.74 6297.37 6220.19
