real_craters/C187-750m.grd
DSAA
229 229
-85.33 85.33
-85.33 85.33
4047.7978853578 7403.201796463
[rows 114 to 151 of 229, columns 0 to 83 of 229]
6046 6017 5989 5974 5971 5971 5964 5968 5973 5975 5975 5972 5976 5982 5991 5999 6007 6014 6022 6034 6036 6040 6054 6047 6045 6038 6030 6038 6059 6105 6273 6291 6290 6298 6214 6084 6030 6004 5984 5977 5980 5984 5986 5988 5995 6005 6037 6060 6020 5985 5999 6016 6023 5977 5949 5932 5902 5906 5924 5943 5958 5982 6009 6020 6019 6020 6021 6022 6013 5992 5986 5963 5943 5928 5934 5963 6006 6034 6061 6090 6137 6105 5935 5733
6044 6026 6004 5976 5961 5962 5964 5964 5967 5971 5967 5963 5975 5987 5993 5999 6006 6012 6022 6033 6033 6034 6032 6025 6027 6007 5999 5996 5994 5991 6072 6164 6200 6193 6131 6061 6028 6005 5985 5972 5975 5979 5979 5978 5977 5983 6017 6062 6040 6025 6002 6008 6005 5969 5961 5932 5897 5902 5929 5969 6017 6012 6017 6039 6036 6031 6026 6024 6032 6054 6022 5990 5964 5945 5934 5950 5982 6017 6038 6044 6076 6126 5963 5744
6044 6028 6011 5989 5965 5957 5956 5961 5962 5960 5958 5963 5973 5988 5994 5999 6004 6008 6017 6027 6024 6019 6012 6009 5979 5963 5966 5967 5957 5957 5990 6061 6106 6119 6076 6044 6030 6013 5996 5985 5981 5979 5975 5971 5970 5978 6006 6038 6033 6001 5985 5988 5976 5967 5964 5927 5898 5902 5932 5973 6014 6015 6011 6052 6044 6036 6026 6019 6020 6046 6031 6003 5974 5949 5935 5943 5983 6013 6034 6032 6081 6180 6012 5824
6036 6023 6009 5996 5972 5952 5960 5962 5958 5954 5957 5967 5980 5984 5993 5999 6004 6005 6003 6001 6003 5997 5988 5959 5941 5940 5943 5943 5945 5950 5966 6003 6032 6045 6036 6028 6027 6015 6003 6000 5991 5981 5973 5967 5965 5976 5997 6063 6024 5971 5969 5983 5979 5954 5929 5906 5898 5906 5930 5956 5989 6027 6058 6057 6050 6043 6031 6022 6018 6042 6027 5999 5971 5949 5938 5949 5983 6016 6037 6048 6071 6165 6047 5897
6025 6017 6007 5993 5980 5975 5985 5964 5956 5952 5955 5974 5977 5985 5997 6010 6012 6008 5997 5994 5990 5974 5950 5929 5925 5929 5931 5931 5930 5952 5964 5974 5986 5986 5988 5995 6008 6004 6003 6005 5990 5977 5968 5964 5961 5972 5990 6012 6007 5982 5973 5981 5965 5927 5888 5894 5904 5917 5933 5935 5961 6031 6083 6079 6064 6045 6030 6023 6019 6025 6014 5988 5962 5942 5932 5939 5975 6022 6081 6075 6079 6142 6194 6072
6018 6015 6005 5990 5985 5977 5954 5954 5952 5953 5960 5976 5993 6000 6020 6038 6037 6021 5996 5984 5979 5955 5930 5916 5916 5924 5924 5922 5922 5912 5951 5956 5966 5965 5950 5932 5978 5982 5981 5981 5982 5983 5981 5977 5969 5975 5993 6004 6005 5992 5983 5982 5956 5909 5884 5903 5950 5994 5947 5928 5956 6029 6074 6083 6058 6038 6026 6022 6025 6019 5997 5975 5948 5927 5911 5908 5954 6005 6061 6089 6139 6318 6380 6259
6015 6008 6000 5989 5985 5980 5949 5943 5951 5958 5962 5986 6011 6039 6069 6089 6075 6041 6002 5966 5961 5940 5915 5899 5899 5905 5910 5913 5922 5934 5931 5942 5958 5956 5938 5937 5949 5958 5956 5957 5966 5973 5977 5980 5977 5938 5957 5996 6008 5982 5977 6004 5966 5902 5882 5906 5941 5952 5939 5928 5960 6041 6110 6084 6043 6024 6016 6014 6013 6002 5979 5959 5934 5910 5893 5893 5934 5975 6005 6094 6231 6417 6431 6381
6021 6005 6001 5988 5986 5980 5966 5948 5955 5959 5962 6059 6171 6221 6224 6191 6138 6076 6018 5975 5956 5926 5903 5892 5892 5886 5892 5899 5904 5903 5906 5925 5955 5956 5937 5938 5945 5946 5942 5944 5956 5970 5980 5986 5976 5884 5888 5975 5997 5974 5945 6005 5964 5897 5889 5911 5921 5922 5923 5928 5960 6011 6106 6076 6017 6002 5997 5995 5985 5980 5969 5937 5916 5896 5885 5903 5931 5974 6021 6156 6370 6538 6517 6404
6037 6022 6014 5999 5996 5988 5965 5959 5963 5963 5969 6110 6366 6491 6400 6299 6193 6100 6025 5974 5930 5910 5893 5879 5890 5884 5882 5888 5889 5888 5890 5905 5929 5935 5932 5935 5941 5943 5938 5937 5951 5968 5983 5994 5984 5969 5929 5943 5994 6015 6028 6017 5954 5886 5890 5915 5918 5916 5922 5926 5962 6022 6075 6041 5990 5979 5975 5973 5970 5965 5944 5919 5898 5880 5872 5884 5919 5993 6107 6272 6452 6596 6516 6354
6044 6019 6014 6010 6004 5994 5976 5967 5970 5967 5974 6115 6347 6526 6509 6348 6207 6100 6014 5947 5916 5900 5885 5875 5880 5885 5881 5881 5881 5883 5880 5885 5893 5900 5905 5918 5932 5934 5930 5930 5946 5969 5989 5999 6005 5973 5890 5922 6043 6044 6014 6001 5942 5881 5883 5902 5917 5938 5932 5926 5957 5996 6010 6003 5974 5964 5959 5955 5960 5963 5955 5912 5882 5860 5847 5847 5887 5984 6116 6267 6380 6469 6432 6340
6054 6029 6025 6018 6009 5987 5974 5967 5971 5972 5977 6048 6155 6402 6413 6275 6160 6069 5992 5929 5901 5890 5880 5875 5873 5874 5878 5877 5875 5874 5871 5871 5877 5879 5881 5893 5904 5908 5907 5916 5939 5961 5981 6000 6003 5964 5881 5911 6058 6051 6022 6013 5950 5877 5882 5896 5904 5926 5926 5921 5948 5971 5986 5984 5970 5961 5953 5947 5984 5968 5936 5909 5887 5855 5835 5830 5861 5940 6033 6134 6222 6301 6348 6474
6019 6012 6013 6014 6011 5997 5978 5967 5968 5970 5981 5997 6022 6163 6130 6109 6079 6025 5967 5914 5885 5880 5876 5873 5870 5871 5872 5871 5867 5867 5861 5856 5868 5866 5870 5879 5883 5882 5890 5913 5937 5955 5972 5986 5985 5957 5907 5931 6008 6035 6031 6021 5991 5958 5903 5872 5882 5906 5915 5915 5947 5970 5983 5981 5978 5969 5958 5946 5958 5953 5939 5913 5894 5862 5842 5833 5856 5904 5946 5980 6055 6110 6290 6538
5955 5956 5953 5980 6002 6004 5986 5981 5970 5968 5977 5989 6006 6064 6035 6022 6011 5983 5944 5905 5878 5876 5875 5870 5868 5867 5865 5866 5870 5864 5858 5857 5865 5862 5865 5874 5885 5901 5919 5929 5940 5952 5962 5964 5948 5917 5912 5924 5993 6014 6010 6007 6003 5979 5922 5877 5869 5888 5904 5914 5946 5969 5985 5985 5977 5970 5972 5976 5932 5935 5929 5912 5897 5877 5858 5842 5851 5876 5902 5923 5940 5986 6222 6408
5937 5936 5937 5944 5952 5962 5971 5974 5979 5967 5975 5992 6001 6025 6001 5986 5976 5959 5936 5908 5884 5884 5879 5873 5868 5869 5863 5860 5860 5862 5857 5857 5859 5857 5861 5874 5888 5904 5933 5940 5944 5948 5953 5957 5959 5949 5943 5959 5976 5990 5992 5997 6000 5978 5933 5882 5861 5867 5880 5916 5951 5980 5991 5991 5988 5983 5986 5974 5947 5929 5921 5911 5900 5882 5866 5851 5839 5864 5883 5891 5880 5900 6174 6180
5921 5921 5925 5925 5922 5930 5948 5972 5983 5972 5973 5979 5983 5981 5971 5963 5955 5942 5929 5920 5918 5899 5881 5883 5894 5864 5865 5856 5853 5858 5854 5849 5849 5852 5863 5875 5892 5910 5932 5937 5941 5943 5945 5949 5968 5987 5963 5958 5964 5975 5989 6002 6002 5984 5947 5906 5879 5865 5858 5906 5958 5985 5994 5997 5999 6005 6006 5982 5954 5935 5922 5912 5902 5891 5880 5868 5861 5870 5884 5888 5884 5910 6064 6112
5915 5917 5916 5917 5913 5914 5921 5929 5952 5980 5976 5965 5966 5958 5950 5957 5944 5934 5927 5927 5940 5861 5866 5876 5875 5859 5851 5846 5856 5856 5854 5852 5854 5870 5868 5875 5888 5910 5928 5930 5932 5932 5933 5937 5941 5947 5951 5955 5961 5975 5992 5997 5996 5985 5963 5947 5931 5881 5854 5893 5961 5991 5999 6001 6005 6020 6028 6010 5961 5949 5933 5921 5907 5900 5893 5889 5890 5895 5900 5904 5913 5949 6012 6191
5908 5914 5908 5910 5907 5904 5903 5900 5925 5960 5967 5966 5951 5931 5926 5926 5925 5920 5914 5907 5879 5854 5873 5868 5856 5856 5838 5847 5853 5854 5854 5854 5854 5860 5866 5870 5877 5893 5908 5915 5918 5919 5919 5918 5914 5919 5930 5940 5952 5973 5988 5989 5995 5985 5964 5949 5934 5879 5850 5903 5990 6006 6009 6001 5990 5984 5997 6033 5984 5951 5935 5921 5914 5911 5910 5912 5918 5922 5924 5927 5940 5971 6055 6239
5906 5901 5900 5899 5899 5898 5896 5896 5904 5926 5944 5951 5937 5914 5904 5905 5908 5906 5899 5889 5882 5923 5891 5867 5851 5840 5841 5848 5845 5850 5852 5856 5855 5858 5859 5861 5863 5874 5893 5901 5905 5908 5909 5908 5899 5901 5910 5918 5928 5940 5955 5967 5991 5974 5947 5921 5886 5855 5845 5932 6033 6046 6030 6003 5973 5936 5928 5963 5959 5941 5932 5922 5915 5913 5915 5922 5936 5944 5946 5943 5947 5986 6023 6221
5897 5897 5886 5884 5891 5895 5893 5896 5885 5903 5917 5927 5926 5918 5903 5903 5899 5894 5887 5878 5867 5865 5870 5859 5846 5839 5836 5843 5843 5846 5849 5849 5855 5860 5858 5855 5854 5860 5876 5886 5893 5899 5902 5896 5894 5894 5897 5903 5908 5915 5929 5949 5961 5943 5918 5888 5858 5835 5847 5983 6146 6104 6053 6010 5971 5937 5920 5898 5911 5921 5924 5922 5904 5905 5914 5924 5947 5966 5962 5970 5996 6010 6010 6163
5898 5892 5879 5884 5894 5891 5886 5880 5877 5882 5893 5903 5913 5927 5911 5899 5888 5881 5873 5867 5862 5859 5858 5855 5845 5838 5830 5840 5844 5844 5846 5849 5852 5853 5852 5850 5849 5855 5864 5873 5880 5887 5894 5897 5890 5885 5886 5891 5896 5894 5910 5918 5915 5905 5885 5863 5846 5827 5862 6029 6126 6106 6057 6010 5972 5939 5910 5893 5888 5901 5907 5899 5900 5900 5903 5910 5922 5925 5957 5988 6009 6007 5998 6033
5876 5873 5869 5875 5881 5885 5877 5867 5863 5864 5872 5877 5889 5912 5914 5902 5885 5882 5877 5870 5864 5859 5861 5852 5843 5836 5835 5840 5840 5842 5843 5843 5847 5849 5849 5848 5847 5846 5857 5863 5869 5875 5880 5884 5878 5876 5874 5874 5877 5876 5883 5881 5882 5870 5857 5844 5833 5830 5889 6046 6084 6074 6041 6004 5965 5932 5907 5892 5882 5880 5883 5891 5876 5876 5883 5887 5893 5898 5950 5998 6018 5997 5990 6024
5900 5866 5859 5869 5890 5883 5871 5859 5852 5850 5858 5868 5883 5898 5902 5901 5893 5886 5879 5871 5865 5861 5857 5849 5843 5839 5840 5842 5842 5842 5843 5842 5842 5845 5847 5847 5847 5848 5851 5855 5859 5861 5861 5866 5872 5866 5859 5850 5836 5836 5840 5836 5836 5845 5846 5840 5830 5845 5943 6047 6056 6048 6031 5999 5960 5921 5894 5874 5876 5876 5873 5876 5870 5866 5872 5882 5887 5912 5946 6000 6069 5980 5974 5972
5899 5872 5858 5875 5895 5888 5871 5842 5840 5841 5846 5858 5873 5888 5897 5899 5896 5889 5880 5873 5865 5857 5847 5846 5843 5840 5845 5840 5843 5848 5852 5850 5848 5849 5853 5851 5845 5841 5844 5847 5846 5848 5850 5855 5862 5857 5848 5835 5826 5815 5813 5812 5816 5838 5859 5869 5872 5903 6004 6036 6056 6050 6023 5993 5955 5912 5876 5864 5864 5868 5869 5870 5872 5865 5862 5867 5878 5891 5914 5937 5958 5973 5944 5898
5883 5862 5864 5884 5899 5896 5883 5871 5840 5830 5835 5844 5859 5879 5895 5895 5895 5888 5881 5874 5868 5863 5852 5848 5845 5847 5843 5839 5853 5866 5877 5884 5878 5878 5887 5869 5842 5836 5846 5828 5824 5837 5845 5851 5859 5857 5847 5830 5809 5803 5806 5805 5813 5854 5889 5919 5955 5997 6026 6019 6074 6052 6014 5976 5941 5911 5885 5863 5851 5851 5857 5860 5864 5859 5856 5856 5852 5862 5865 5871 5874 5903 5948 5917
5865 5856 5875 5912 5920 5910 5891 5864 5832 5819 5822 5830 5842 5865 5890 5896 5889 5884 5879 5874 5869 5864 5856 5849 5846 5845 5847 5846 5868 5892 5926 5967 5996 5997 5981 5912 5850 5828 5768 5757 5796 5831 5866 5852 5861 5881 5872 5842 5808 5797 5800 5806 5851 5890 5928 5972 6029 6083 6088 6054 6051 6035 6003 5967 5936 5916 5934 5864 5851 5851 5846 5840 5841 5843 5843 5842 5838 5832 5839 5847 5849 5846 5904 5885
5851 5849 5886 5941 5942 5922 5898 5868 5835 5815 5813 5818 5828 5848 5871 5881 5880 5879 5876 5872 5868 5863 5855 5847 5842 5842 5844 5854 5869 5914 5987 6028 6097 6215 6101 5965 5861 5834 5776 5764 5804 5839 5877 5890 5926 5946 5916 5865 5814 5794 5796 5820 5875 5922 5954 5996 6070 6179 6145 6084 6027 6012 5983 5952 5920 5890 5875 5862 5849 5837 5827 5827 5826 5826 5830 5831 5829 5831 5837 5851 5856 5837 5890 5872
5846 5839 5846 5929 5934 5921 5901 5869 5833 5813 5805 5806 5811 5829 5856 5870 5875 5876 5874 5871 5865 5857 5844 5839 5839 5838 5841 5849 5847 5908 6023 6084 6133 6280 6147 6016 5905 5879 5852 5850 5856 5885 5941 6114 6125 6058 5971 5887 5816 5779 5792 5831 5905 5943 5952 5978 6017 6056 6085 6092 6057 6006 5974 5944 5913 5879 5860 5865 5851 5823 5815 5810 5811 5814 5819 5821 5823 5826 5833 5849 5847 5824 5946 5872
5841 5828 5821 5866 5900 5911 5904 5872 5829 5806 5798 5797 5801 5816 5841 5860 5873 5876 5873 5869 5864 5856 5850 5837 5834 5834 5828 5806 5832 5865 5956 6148 6165 6107 6084 6082 6068 5977 5919 5904 5903 5959 6107 6363 6302 6152 6016 5900 5804 5767 5791 5837 5882 5902 5911 5931 5943 5946 5971 5996 6020 5991 5963 5940 5918 5896 5884 5863 5825 5796 5789 5787 5791 5798 5804 5808 5810 5816 5824 5834 5836 5830 5922 5883
5835 5824 5815 5820 5866 5898 5908 5872 5823 5802 5793 5789 5792 5805 5827 5848 5866 5872 5870 5866 5862 5858 5848 5832 5827 5829 5854 5846 5808 5801 5845 6068 6080 5952 6007 6088 6077 5989 5919 5901 5885 5965 6167 6406 6317 6160 6015 5886 5780 5744 5778 5813 5807 5806 5857 5887 5899 5904 5919 5920 5950 5958 5948 5933 5922 5922 5908 5816 5738 5759 5769 5775 5780 5784 5790 5798 5803 5808 5805 5808 5832 5844 5858 5887
5825 5819 5808 5814 5847 5885 5909 5869 5819 5804 5790 5782 5781 5789 5814 5831 5851 5863 5865 5863 5860 5855 5848 5828 5820 5814 5807 5836 5814 5776 5816 5937 5912 5963 6010 6051 6006 5938 5873 5818 5802 5824 5972 6204 6177 6077 5962 5851 5759 5741 5761 5782 5786 5792 5834 5869 5889 5898 5900 5892 5914 5924 5925 5920 5914 5911 5899 5827 5771 5754 5753 5760 5767 5774 5782 5791 5799 5809 5814 5821 5855 5881 5850 5902
5817 5822 5817 5810 5823 5849 5894 5851 5812 5792 5779 5774 5774 5780 5799 5815 5839 5853 5857 5856 5854 5850 5842 5831 5820 5811 5804 5811 5812 5837 5862 5871 5894 5948 5988 5994 5944 5889 5827 5772 5739 5717 5771 5907 5970 5946 5884 5809 5748 5738 5748 5790 5797 5817 5843 5877 5905 5910 5901 5882 5887 5901 5904 5904 5902 5897 5886 5832 5783 5752 5746 5750 5756 5770 5780 5790 5799 5812 5813 5811 5883 5940 5961 5943
5817 5849 5845 5815 5800 5800 5792 5807 5796 5775 5765 5765 5768 5776 5790 5801 5819 5840 5846 5846 5846 5844 5840 5832 5821 5813 5808 5808 5813 5868 5862 5847 5855 5884 5898 5894 5882 5848 5803 5760 5732 5716 5709 5745 5820 5839 5816 5776 5737 5745 5737 5774 5808 5819 5857 5885 5911 5911 5885 5872 5882 5890 5893 5895 5892 5891 5870 5818 5760 5744 5744 5747 5755 5765 5775 5788 5799 5812 5811 5818 5879 5885 5957 5969
5844 5957 6011 5845 5781 5773 5777 5789 5782 5765 5755 5758 5764 5775 5790 5811 5811 5826 5832 5836 5839 5839 5837 5828 5819 5814 5815 5806 5824 5867 5860 5831 5822 5814 5796 5800 5831 5815 5784 5760 5741 5729 5716 5725 5752 5765 5763 5748 5735 5735 5730 5783 5820 5843 5869 5888 5904 5897 5879 5873 5877 5882 5886 5891 5885 5865 5837 5806 5773 5753 5740 5740 5749 5759 5777 5789 5802 5818 5817 5829 5886 5911 5948 5986
5877 6086 6092 5837 5768 5762 5769 5778 5770 5757 5750 5751 5759 5771 5783 5792 5801 5801 5816 5829 5834 5834 5832 5825 5818 5814 5814 5815 5848 5865 5853 5832 5811 5787 5761 5763 5795 5784 5764 5745 5733 5736 5718 5711 5719 5727 5732 5732 5736 5728 5730 5780 5822 5860 5876 5876 5889 5873 5866 5869 5871 5877 5884 5894 5898 5871 5822 5794 5773 5751 5726 5734 5743 5755 5766 5779 5796 5819 5838 5847 5865 5949 5945 5955
5853 6075 5983 5827 5776 5761 5757 5755 5753 5745 5740 5743 5750 5758 5767 5778 5781 5800 5821 5828 5831 5831 5828 5823 5816 5815 5827 5849 5874 5859 5842 5825 5805 5786 5781 5741 5742 5750 5744 5736 5736 5749 5710 5697 5702 5708 5715 5717 5722 5732 5761 5784 5813 5846 5857 5853 5847 5842 5845 5849 5847 5856 5877 5895 5912 5890 5835 5788 5724 5674 5706 5721 5733 5744 5754 5777 5793 5816 5853 5896 5826 5948 5890 5882
5793 5869 5803 5804 5783 5765 5754 5749 5742 5735 5730 5734 5741 5751 5761 5771 5775 5802 5827 5830 5830 5829 5825 5819 5816 5826 5863 5899 5873 5853 5834 5821 5804 5778 5746 5726 5725 5728 5727 5723 5723 5702 5696 5693 5699 5706 5707 5710 5714 5740 5776 5789 5802 5816 5822 5826 5828 5824 5819 5822 5832 5846 5870 5889 5900 5897 5852 5801 5745 5718 5721 5720 5726 5732 5757 5765 5776 5797 5825 5857 5771 5954 5835 5809
5771 5771 5776 5784 5782 5767 5754 5744 5735 5728 5722 5726 5734 5744 5750 5762 5771 5788 5818 5827 5828 5827 5824 5821 5818 5829 5866 5877 5854 5841 5824 5838 5809 5774 5737 5727 5721 5717 5712 5704 5692 5691 5689 5690 5697 5705 5710 5718 5726 5744 5768 5787 5793 5795 5794 5796 5793 5804 5808 5814 5836 5861 5870 5879 5883 5891 5858 5818 5790 5791 5743 5725 5721 5742 5743 5746 5749 5755 5759 5808 5743 5952 5830 5778
5780 5767 5774 5778 5773 5762 5749 5737 5731 5723 5716 5720 5729 5739 5745 5758 5761 5779 5811 5822 5827 5828 5826 5822 5822 5838 5851 5848 5846 5844 5846 5840 5812 5771 5738 5725 5721 5714 5706 5697 5690 5687 5681 5688 5697 5706 5715 5730 5746 5757 5778 5787 5785 5784 5785 5782 5782 5791 5794 5813 5843 5862 5870 5873 5880 5880 5853 5819 5786 5751 5731 5719 5715 5731 5729 5725 5722 5718 5713 5731 5731 5898 5822 5775
