real_craters/C187-300m.grd
DSAA
570 570
-85.33 85.33
-85.33 85.33
4047.7293225118 7439.234862669
[rows 60 to 89 of 570, columns 134 to 200 of 570]
6127.37 6121.89 6117.86 6115.08 6114.7 6117.67 6125.05 6122.77 6121.2 6121.99 6130.78 6145.29 6159.52 6172.53 6183.71 6192.47 6197.09 6199.53 6193.77 6181.13 6164.34 6145.52 6135.98 6133.63 6128.68 6122.38 6117.03 6114.23 6110.31 6108.48 6108.92 6110.95 6114.68 6118.95 6123.15 6126.92 6127.55 6127.64 6126.28 6122.99 6119.19 6115.35 6111.63 6108.48 6105.94 6101.33 6093.48 6085.31 6078.95 6078.54 6081.92 6081.69 6069.22 6062.32 6058.57 6057.29 6057.27 6058.25 6059.95 6057.13 6058.3 6058.9 6059.04 6054.99 6049.6 6047.5 6062.11
6123.91 6119.29 6114.52 6110.71 6108.75 6110.47 6121.26 6119.63 6122.67 6126.49 6134.99 6147.12 6157.85 6167.12 6174.67 6179.26 6180.21 6180.01 6173.01 6161.39 6148.53 6135.11 6128.21 6129.68 6126.05 6120.69 6115.59 6112.27 6107.94 6105.09 6104.39 6105.96 6109.23 6112.12 6115.3 6117.92 6118.1 6117.68 6117.25 6115.18 6112.97 6111.31 6109.74 6108.53 6105.66 6097.4 6087.22 6087.59 6088.94 6090.43 6087.83 6077.26 6058.58 6052.07 6050.18 6051.13 6053.13 6054.66 6055.92 6052.35 6053.56 6054.36 6053.99 6048.3 6040.94 6042.06 6060.43
6122.07 6117.46 6112.16 6107 6102.08 6096.04 6094.37 6111.57 6124.45 6136.4 6143 6151.77 6159.33 6165.17 6168.73 6169.93 6168.16 6165.87 6158.69 6147.95 6137.85 6128.52 6123.05 6125.27 6123.03 6118.96 6114.34 6109.61 6104.7 6100.93 6100.02 6100.78 6103.25 6106.3 6108.62 6110.34 6110.63 6111.1 6109.36 6107.57 6106.53 6106.17 6106.24 6107.14 6107.59 6099.94 6093.27 6093.6 6093.5 6091.4 6085.57 6068.42 6044.12 6039.51 6041.05 6045.28 6050.08 6054.05 6054.88 6052.05 6051.28 6051.09 6048.83 6043.24 6035.67 6034.3 6058.98
6124.53 6118.44 6112.69 6107.13 6101.7 6096.42 6097 6114.18 6129.02 6141.74 6150.83 6158.33 6163.74 6166.16 6166.29 6164.68 6163.06 6157.3 6149.65 6139.98 6131.49 6124.55 6119.52 6121.49 6119.64 6116.26 6112.24 6107.91 6103.38 6098.15 6094.02 6096.18 6098.44 6100.29 6101.88 6103.5 6106 6102.77 6100.85 6099.83 6099.94 6100.38 6101.11 6102.35 6103.34 6102.44 6102.95 6100.89 6098.38 6092.46 6077.1 6051.17 6026.31 6027.43 6033.25 6040.59 6048.24 6055.33 6060.39 6054.46 6050.28 6049.41 6050.46 6048.8 6038.26 6040.87 6060.07
6128.79 6122.98 6117.15 6111.59 6108.5 6108.64 6116.27 6128.34 6140.35 6149.77 6162.1 6168.93 6170.58 6169.21 6165.68 6161.51 6158.62 6151.86 6142.59 6135.32 6128.16 6122.24 6118.84 6118.46 6116.38 6113.82 6110.56 6106.89 6103.05 6097.94 6093.95 6094.25 6095.32 6095.87 6095.98 6095.84 6095.31 6091.79 6091.64 6092.03 6093.02 6094.2 6095.15 6096.04 6097.58 6100.77 6103.48 6102.08 6096.12 6081.14 6067.73 6042.4 6017.66 6020.72 6028.76 6037.62 6046.55 6055.15 6061.75 6053.34 6047.34 6046.02 6046.95 6046.11 6043.75 6053.2 6064.46
6135.77 6131.48 6125.74 6119.94 6116.72 6117.2 6129.71 6150.21 6165.12 6171.87 6182.59 6183.54 6179.65 6173.69 6166.46 6159.38 6154.86 6147.41 6139.56 6132.46 6125.85 6120.41 6116.65 6116.66 6114.03 6111.48 6108.92 6106.68 6101.51 6099.21 6096.7 6094.58 6093.46 6092.23 6090.46 6088.13 6085.51 6082.63 6083.36 6085.53 6087.18 6088.73 6089.8 6090.66 6092.91 6097.15 6100.04 6100.48 6096.74 6077.48 6064.15 6042.79 6020.05 6022.06 6029.14 6037.06 6044.67 6051.28 6055.45 6048.36 6042.77 6040.76 6038.77 6036.64 6045.63 6066.33 6068.59
6145.38 6142.47 6137.42 6131.46 6127.42 6130.02 6148.93 6179 6207.74 6219.34 6211.27 6200.71 6189.41 6178.52 6168.18 6161.58 6152.93 6144.44 6137.92 6130.79 6124.34 6118.17 6113.96 6113.99 6111.72 6108.8 6106.18 6106.03 6113.07 6103.24 6097.38 6094.96 6092.96 6090.33 6086.84 6082.35 6077.48 6073.53 6076.79 6080.69 6083.49 6085.27 6085.89 6086.94 6089.96 6094.33 6097.61 6098.99 6096.61 6081.08 6069.06 6050.46 6031.3 6029.94 6034.08 6039.07 6043.71 6046.43 6045.67 6042.74 6039.03 6036.91 6035.58 6036.14 6039.39 6048.87 6065.39
6157.19 6157.22 6153.65 6146.7 6139.78 6140.54 6166.43 6206.33 6246 6255.21 6235.12 6215.05 6197.58 6182.84 6171.49 6160.94 6151.08 6142.66 6135.03 6128.33 6122.44 6117.2 6114.43 6111.78 6109.18 6105.57 6101.05 6096.22 6096.68 6096.24 6096.68 6096.01 6093.64 6090.07 6085.57 6080.32 6072.76 6070.14 6076.07 6079.81 6082.42 6083.95 6084.23 6083.64 6087.44 6092.83 6097.13 6100 6099.59 6084.93 6072 6058.27 6044.67 6041.6 6041.91 6043.12 6044.52 6044.65 6042.45 6038.65 6036.22 6034.83 6034.52 6036.57 6034.81 6042.87 6064.58
6172.4 6176.79 6176.24 6169.15 6157 6152.75 6182.07 6225.5 6265.57 6268.15 6244.55 6220.98 6201.31 6185.19 6171.79 6159.13 6149.42 6141.53 6133.28 6126.93 6121.33 6114.72 6112.75 6110.09 6107.32 6103.58 6098.25 6087.69 6067.58 6088.94 6096.55 6097.83 6095 6090.44 6085.82 6081.37 6078.34 6079.45 6080.55 6081.97 6083.71 6085.34 6086.24 6084.75 6088.74 6093.33 6096.72 6098.38 6098.12 6085.86 6071.39 6065.43 6059.58 6054.65 6050.55 6048.27 6046.95 6045.76 6044.76 6042.13 6036.85 6034.52 6033.24 6030.96 6035.11 6047.03 6065.43
6190.51 6201.78 6207.93 6204.66 6188.88 6171.54 6200.81 6234.66 6269.19 6260.5 6236.42 6215.02 6197 6182.29 6168.36 6156.31 6147.13 6138.93 6132.03 6125.86 6120.28 6113.63 6111.28 6108.98 6106.05 6103.26 6100.74 6100.73 6103.77 6097.16 6101.36 6103.09 6096.12 6090.53 6086.6 6084.15 6083.54 6083.94 6083.88 6084.71 6086.53 6088.63 6091.5 6095.93 6094.6 6094.89 6095.33 6094.54 6090.66 6083.25 6077.42 6070.85 6071.18 6065 6057.43 6053 6050.17 6047.88 6045.8 6043.9 6037.28 6035.94 6035.96 6037 6044.49 6052.15 6061.14
6210.53 6230.77 6248 6257.43 6252.11 6233.48 6235.44 6233.82 6232.03 6225.89 6213.37 6199.4 6185.99 6173.94 6162.99 6152.52 6144.29 6136.33 6129.98 6124.89 6119.17 6113.06 6108.88 6106.51 6104.82 6102.91 6102.02 6103.18 6103.6 6100.18 6100.1 6098.57 6093.17 6088.58 6086.47 6085.91 6086.85 6088.9 6086.29 6087.33 6089.48 6091.93 6094.39 6096.59 6096.88 6095.83 6094.04 6089.36 6083.56 6075.71 6067.78 6069.18 6069.07 6065.18 6059.74 6055.75 6052.66 6049.91 6047.45 6045.52 6039.48 6039.93 6042.29 6047.46 6054.47 6057.55 6059.77
6228.3 6258.52 6289.93 6319.17 6338.4 6326.78 6280.7 6232.98 6188.41 6188.79 6186.3 6179.85 6171.74 6163.32 6154.45 6146.62 6140.25 6133.51 6128.01 6122.86 6117.51 6114.27 6108.4 6106.46 6103.29 6101.6 6100.41 6098.42 6096.26 6094.19 6092.2 6094.08 6084.92 6083.82 6085.12 6086.94 6088.88 6088.88 6089.9 6090.64 6092.25 6094.66 6097.12 6097.54 6098.22 6096.81 6094.02 6089.7 6084.12 6072.3 6066.95 6066.96 6064.5 6061.62 6059.53 6057.42 6055 6052.24 6049.19 6047.43 6046.87 6044.98 6047.39 6053.01 6058.32 6060.31 6062.47
6239.86 6277.79 6321.29 6369.79 6413.8 6396.55 6316.43 6237.26 6178.75 6167.23 6164.62 6161.44 6156.87 6152.02 6145.79 6139.99 6134.7 6128.53 6124.13 6120.25 6115.88 6112.91 6109.69 6102.18 6100.86 6099.75 6098.8 6097.47 6093.56 6087.17 6077.27 6059.79 6070 6078.9 6083.94 6088.02 6091.54 6095.9 6094.34 6093.59 6094.77 6097.25 6100.2 6102.06 6099.82 6097.77 6094.65 6089.13 6079.97 6072.32 6070.18 6066.62 6062.06 6058.54 6060.12 6059.43 6057.57 6054.53 6050.64 6047.07 6045.43 6044.9 6049.47 6055.74 6062.83 6062.41 6061.01
6241.84 6282.25 6330.13 6385.97 6443.52 6419.05 6323.47 6234.9 6173.24 6155.54 6149.64 6146.64 6144.22 6139.8 6135.76 6131.87 6127.97 6122.65 6119.36 6116.36 6112.79 6111.07 6107.33 6102.06 6098.5 6098.04 6097.8 6095.82 6091.97 6085.06 6075.26 6068.16 6072.4 6079.84 6085.34 6090.24 6093.79 6094.41 6093.91 6094.37 6096.55 6099.44 6101.07 6101.04 6100.38 6098.19 6095.57 6091.6 6076.48 6070.83 6068.14 6067.3 6065.24 6064.31 6063.94 6062.68 6060.05 6056.55 6053.03 6049.21 6042.03 6042.71 6050.9 6059.91 6068.96 6064.63 6060.19
6232.87 6269.83 6311.35 6356.11 6394.44 6368.69 6294.82 6219.46 6166.89 6146.98 6138.65 6135.26 6133.01 6129.06 6126.38 6123.3 6120.61 6115.63 6113.85 6111.93 6108.59 6107.73 6103.71 6096.56 6095.49 6096.97 6098.07 6098.15 6093.87 6088.19 6083.09 6083.37 6082.79 6085.58 6090.34 6095.03 6098.27 6099.61 6093.72 6094.99 6098.72 6101.73 6104.37 6103.26 6099.77 6096.68 6093.78 6090.83 6078.97 6071.84 6070.23 6069.65 6069.83 6069.68 6070.25 6067.24 6062.98 6058.29 6054.31 6052.75 6046.78 6044.52 6053.14 6062.78 6069.8 6068.43 6066.64
6215.11 6244.03 6272.43 6296.4 6307.92 6290.38 6245.86 6193.4 6155.41 6138.09 6129.63 6125.73 6123.54 6118.76 6116.24 6114.63 6113.2 6107.81 6106.87 6106.24 6104.5 6104.88 6101.88 6096.56 6095.64 6097.18 6099.08 6100.03 6097.25 6093.36 6089.42 6084.68 6085.71 6093.19 6098.69 6102.53 6105.34 6106.88 6103.62 6101.9 6102.48 6102.74 6104.03 6101.42 6096.95 6092.81 6088.3 6081.89 6072.16 6063.24 6064.29 6067.65 6074.2 6080.4 6077.95 6071.91 6065.36 6058.87 6052.83 6048.83 6049.29 6049.42 6057.3 6066.95 6076.84 6076.33 6073.14
6193.22 6212.87 6227.55 6232.34 6225.67 6218.51 6196.26 6163.94 6140.29 6127.61 6120.21 6116.21 6113.95 6107.52 6106.2 6105.44 6104.5 6101.64 6101.74 6101.49 6100.14 6099.67 6097.42 6097.12 6097.09 6097.6 6099.73 6102.24 6101.17 6099.89 6098.65 6097.82 6100.93 6105.57 6109.91 6112.66 6113.76 6113.25 6112.25 6111.86 6107.27 6102.3 6097.23 6095.04 6092.33 6088.24 6082.73 6073.74 6063.03 6062.06 6060.81 6066.89 6076.73 6085.15 6083.61 6075.05 6066.37 6058.09 6050.57 6043.07 6041.97 6050.35 6062.64 6074.83 6086.14 6085.75 6081.57
6171.61 6183.44 6188.66 6183.66 6169.42 6168.94 6158.64 6139.3 6126.33 6117.1 6110.89 6106.7 6104.25 6099.52 6098.5 6097.72 6096.58 6097.45 6097.95 6098.56 6099.16 6098.21 6095.81 6094.95 6094.86 6097.52 6099.66 6101.07 6105.55 6108.17 6110.44 6114.62 6119.57 6120.5 6123.53 6125.19 6124.4 6121.78 6120.53 6118.72 6112.04 6103.92 6094.02 6091.94 6089.27 6084.66 6079.06 6072.74 6062.67 6059.42 6062.08 6066.9 6075.66 6087.48 6084.94 6074.2 6065.85 6058.28 6051.91 6045.76 6046.15 6058.03 6069.6 6082.65 6092.52 6091.18 6087.65
6153.29 6159.8 6160.71 6155.38 6147.81 6142.94 6136.17 6125.21 6117.44 6109.67 6104.08 6099.81 6096.85 6093.72 6092.76 6092.78 6096.16 6096.56 6096.74 6098.73 6097.9 6098.42 6095.58 6094.6 6095.4 6097.77 6102.07 6107.1 6111.76 6117.32 6122.5 6126.27 6128.57 6134.87 6139.33 6140.25 6137.05 6131.39 6123.24 6123.16 6116.34 6108.52 6101.55 6094 6088.2 6082.14 6075.29 6066.88 6067.41 6064.37 6060.82 6061.88 6067.97 6073.8 6072.24 6066.4 6062.17 6059.51 6056.8 6054.21 6050.02 6064.94 6076.08 6085.74 6092.27 6092.51 6089.94
6139.7 6142.55 6141.7 6137.62 6132.48 6128.34 6124.38 6118.38 6112.17 6105.2 6099.56 6095.23 6092.05 6093.72 6092.39 6092.15 6096.79 6095.94 6095.13 6096.28 6095.38 6095.38 6092.98 6093.05 6095.4 6095.54 6100.86 6108.92 6117.45 6127.64 6136.64 6141.7 6143.56 6153.69 6159.47 6158.53 6152.45 6143.73 6136.02 6127.29 6118.97 6110.7 6103.6 6095.09 6087.88 6081.31 6073.18 6061.82 6064.54 6062.73 6059.87 6058.94 6059.4 6056.05 6052.27 6055.93 6058.01 6060.42 6062.71 6066.71 6074.57 6079.24 6081.66 6086.84 6086.08 6083.06 6085.82
6131.21 6130.85 6128.53 6125.29 6121.83 6118.56 6117.1 6115.81 6108.61 6103.27 6098.78 6095.3 6092.44 6095.39 6094.2 6093.14 6095.93 6094.48 6093.67 6093.4 6091.37 6089.59 6089.1 6088.21 6087.13 6089.13 6093.02 6104.79 6121.68 6139.28 6155.36 6166.72 6172.28 6183.06 6186.86 6180.55 6168.77 6154.89 6140.98 6128.78 6118.81 6109.58 6100.71 6094.18 6088.11 6082.65 6078.43 6073.18 6061.98 6058.36 6059.78 6059.2 6055.91 6049.24 6044.63 6049.71 6055.34 6061.21 6067.75 6075.22 6080.69 6083.9 6082.37 6080.76 6077.04 6072.3 6079.93
6126.62 6123 6118.45 6113.89 6111.38 6110.34 6110.09 6107.86 6105.24 6101.83 6098.84 6095.93 6097.79 6096.55 6094.98 6093.63 6094.03 6092.81 6091.02 6089.55 6087.7 6084.78 6084.85 6084.11 6082.87 6083.97 6086.38 6102.03 6125.83 6151.59 6177.71 6200.68 6214.63 6225.62 6221.18 6204.26 6183.99 6163.91 6145.38 6131.22 6118.37 6107.88 6099.2 6093.12 6087.97 6083.25 6078.61 6074.8 6065.22 6061.62 6062.84 6063.75 6057.64 6048.74 6046.48 6046.15 6053.66 6062.49 6072.23 6082.16 6089.94 6084.55 6080.46 6081.39 6074.96 6068.31 6079.68
6123.86 6117.84 6111.19 6104.05 6102.14 6103.28 6104.39 6103.67 6101.45 6099.65 6097.87 6096.3 6097.47 6096.03 6094.51 6092.77 6091.55 6089.59 6087.42 6086.64 6085.72 6084.06 6081.65 6080.9 6083.52 6081.47 6082.06 6101.18 6129.58 6161.88 6197.47 6236.5 6276.35 6282.94 6254.68 6223.13 6194.26 6169.14 6148.23 6130.8 6115.42 6105.05 6097.08 6091.72 6087.38 6083.3 6079.84 6074.18 6068.82 6063.6 6065.89 6067.9 6059.38 6045.68 6033.79 6042.36 6054.51 6066.2 6077.7 6088.04 6096.09 6093.79 6085.96 6084.67 6077.86 6073.01 6081.59
6121.61 6114.55 6107.36 6100.55 6098.27 6098.41 6098.76 6098 6097.38 6096.85 6095.89 6094.83 6094.56 6092.21 6090.5 6088.95 6088.21 6087.14 6084.87 6082.43 6081.96 6080.3 6076.99 6075.24 6074.57 6074.78 6079.1 6100.54 6130.26 6164.96 6205.21 6252.64 6306.9 6315.71 6268.57 6227.94 6194.58 6166.9 6143.69 6123.45 6108.33 6099.77 6093.88 6089.72 6086.31 6082.58 6077.95 6072.12 6063.57 6067.01 6066.92 6065.19 6056.55 6044.35 6035.72 6045.13 6060.23 6074.79 6087.58 6096.17 6098.61 6098.71 6094.65 6089.96 6082.84 6079.39 6087.46
6118.9 6112.09 6105.71 6100.29 6097.08 6095.43 6094.57 6093.88 6093.58 6093.47 6092.83 6091.92 6091.59 6090.13 6088.7 6086.83 6084.45 6082.59 6080.04 6077.49 6074.56 6072.31 6070.63 6068.31 6067.06 6069.29 6076.45 6098.51 6126.41 6158.68 6195.37 6235.55 6274.84 6281.38 6246.95 6212.47 6183.01 6157.14 6133.61 6113.15 6102.31 6094.43 6090.6 6087.52 6084.49 6082.19 6078.26 6070.17 6061.57 6070.53 6065.98 6058.08 6050.27 6045.05 6045.43 6055.61 6071.14 6088.96 6105.01 6113.87 6109.63 6096.83 6095.16 6091.99 6087.89 6090.14 6095.13
6115 6109.26 6103.99 6100.17 6096.25 6093.25 6091.05 6090.52 6090.71 6090.75 6090.26 6089.4 6088.83 6087.41 6085.69 6084.03 6081.99 6079.81 6077.03 6073.47 6069.71 6067.12 6065.2 6062.27 6057.6 6058.3 6076.48 6094.83 6118.13 6144.27 6171.46 6196.6 6212.87 6210.37 6199.7 6181.81 6162.36 6142.72 6123.72 6107.17 6103.06 6099.44 6091.28 6085.28 6081.72 6080.45 6080.29 6069.61 6064.3 6069.08 6063.61 6052.12 6043.6 6045.75 6054.53 6065.97 6082.88 6106.54 6130.98 6147.56 6147.48 6121.33 6108.82 6103.52 6090.32 6086.77 6094.78
6110.24 6105.8 6101.1 6097.15 6094.7 6091.99 6089.68 6089.05 6088.97 6089.05 6088.56 6087.69 6086.93 6085.28 6083.49 6081.88 6081.97 6078.31 6074.66 6071.18 6068.12 6064.87 6062.22 6059.63 6058.51 6063.96 6073.09 6088.61 6106.5 6125.23 6142.84 6154.8 6156.93 6150.55 6150.69 6146.55 6137.61 6126.3 6114.7 6105.79 6099.55 6095.04 6087.11 6081.2 6076.67 6072.84 6067.99 6065.96 6064.29 6068.34 6063.19 6053.28 6046.88 6046.8 6050.17 6062.81 6090.14 6125.36 6162.77 6197.23 6220.47 6213.99 6149.13 6137.01 6105.33 6091.38 6097.61
6105.28 6102.44 6099.17 6095.92 6094.17 6091.67 6089.86 6088.75 6088.52 6088.1 6087.38 6086.36 6085.56 6083.84 6081.99 6079.91 6078.21 6076.25 6073.42 6069.41 6065.59 6063.23 6060.88 6058.9 6058.03 6059.44 6069.1 6080.68 6093.66 6106.35 6116.28 6120.55 6116.08 6105.06 6111.42 6115.55 6114.56 6109.9 6103.98 6097.41 6084.23 6078.96 6079.13 6076.06 6071.43 6065.41 6061.6 6065.09 6067.85 6066.52 6063.38 6059.08 6056.49 6050.97 6046.62 6057.11 6096.26 6143.96 6198.56 6254.6 6306.72 6330.73 6246.65 6206.86 6141.03 6112.11 6108.97
6100.5 6099.32 6098.43 6097.09 6094.77 6092.31 6089.42 6089.12 6088.75 6087.91 6086.88 6085.67 6084.28 6082.63 6080.77 6078.63 6076.25 6074.56 6071.4 6068.62 6065.92 6062.49 6060.58 6059.14 6058.21 6056.65 6063.15 6073.02 6081.89 6089.93 6095.05 6095.58 6090.88 6085.05 6087.91 6092.96 6095.33 6095.04 6092.87 6089.27 6077.25 6076.49 6076.22 6073.24 6068.9 6064.17 6061.92 6062.16 6062.71 6063.27 6062.13 6061.99 6065.15 6055.41 6049.42 6062.62 6100.94 6156.95 6225.52 6299.21 6373.7 6429.28 6382.08 6299.92 6206.27 6158.17 6136.48
6096.17 6095.72 6095.88 6095.67 6094.92 6094.45 6093.26 6090.94 6089.15 6087.52 6086.03 6084.55 6082.96 6081.25 6079.41 6077.28 6075.33 6074.02 6071.07 6068.63 6065.8 6062.23 6060.69 6059.83 6059.97 6062.39 6062.22 6066.56 6072.39 6076.89 6079.77 6078.84 6075.37 6072.33 6073.5 6077.33 6080.59 6082.2 6082.54 6081.82 6082.5 6081.83 6077.48 6072.88 6068.54 6065.05 6066.57 6063.64 6061.2 6058.6 6056.6 6057.85 6059.02 6049.93 6044.55 6056.51 6097.38 6161.61 6238.91 6321.96 6410.15 6494.23 6513.24 6411.92 6299.52 6232.74 6184.86
