real_craters/C187-750m.grd
DSAA
229 229
-85.33 85.33
-85.33 85.33
4047.7978853578 7403.201796463
[rows 0 to 37 of 229, columns 84 to 167 of 229]
6000 6022 6047 6077 6100 6124 6145 6175 6169 6178 6184 6185 6176 6163 6145 6123 6103 6081 6062 6047 6036 6023 6004 6006 6004 6004 5998 5995 5997 5991 6001 6021 6041 6033 6008 5985 5970 5958 5962 5970 5985 5977 5969 5962 5953 5949 5949 5941 5939 5971 5973 5957 5947 5950 5958 5949 5929 5911 5898 5881 5882 5883 5868 5851 5852 5851 5787 5621 5666 5798 5779 5775 5776 5778 5780 5781 5786 5796 5791 5790 5792 5790 5801 5803
6018 6039 6069 6100 6134 6163 6179 6188 6211 6231 6229 6220 6194 6166 6158 6138 6121 6075 6054 6046 6037 6031 6031 6019 6007 6007 6007 6007 6007 5999 5985 5992 6081 6047 6007 5996 5985 5976 5964 5945 5952 5959 5956 5950 5944 5943 5945 5939 5942 5960 5958 5960 5975 5982 5980 5965 5938 5915 5912 5898 5888 5874 5856 5829 5848 5881 5927 5838 5823 5795 5768 5762 5766 5770 5773 5772 5770 5776 5780 5787 5792 5797 5802 5803
6018 6040 6073 6115 6161 6211 6255 6248 6313 6312 6285 6256 6222 6179 6173 6151 6128 6083 6060 6053 6046 6038 6031 6023 6019 6017 6024 6021 6017 6005 5955 5892 5811 5905 5972 6010 6004 5991 5980 5971 5941 5943 5946 5943 5938 5935 5930 5929 5925 5911 5913 5959 5986 5992 5998 5987 5968 5932 5920 5904 5896 5890 5880 5859 5847 5850 5819 5799 5753 5754 5737 5748 5757 5766 5771 5778 5782 5778 5785 5794 5796 5798 5801 5802
6009 6037 6077 6122 6178 6252 6359 6524 6483 6385 6332 6313 6261 6193 6178 6153 6119 6089 6077 6064 6054 6045 6036 6028 6021 6022 6018 6021 6011 5991 5942 5855 5739 5843 5953 6018 6011 5999 5987 5980 5966 5949 5944 5939 5931 5920 5915 5926 5926 5922 5938 5970 6017 6003 6008 5995 5965 5942 5922 5914 5905 5894 5876 5862 5846 5826 5802 5787 5750 5744 5732 5739 5747 5753 5765 5782 5793 5832 5816 5807 5801 5799 5799 5794
6008 6031 6067 6111 6166 6239 6343 6484 6469 6373 6308 6261 6271 6235 6173 6143 6121 6104 6093 6077 6065 6052 6040 6028 6028 6029 6027 6023 6014 6000 5977 5957 5920 5933 5972 6005 6002 5985 5973 5972 5967 5954 5946 5941 5939 5945 5944 5938 5938 5940 5921 5963 6032 5998 6017 5998 5980 5963 5947 5933 5917 5900 5881 5864 5842 5819 5793 5780 5746 5746 5742 5735 5738 5740 5750 5766 5776 5825 5836 5808 5799 5796 5797 5799
5994 6016 6048 6085 6130 6175 6218 6231 6274 6278 6263 6233 6281 6283 6183 6145 6119 6114 6105 6089 6075 6063 6051 6039 6038 6040 6037 6029 6017 6012 6014 6038 6073 6015 5995 5991 5986 5970 5961 5959 5953 5953 5950 5947 5944 5942 5940 5946 5951 5949 5943 5948 5958 5971 6019 6008 6000 5991 5978 5951 5925 5903 5888 5867 5845 5822 5798 5763 5743 5756 5741 5739 5738 5736 5736 5742 5770 5795 5789 5793 5792 5792 5797 5808
5994 6004 6031 6062 6090 6110 6108 6087 6126 6178 6225 6317 6368 6299 6210 6150 6123 6111 6103 6093 6086 6078 6070 6069 6065 6054 6047 6039 6034 6028 6027 6027 6024 6017 6003 5991 5977 5963 5955 5961 5953 5952 5951 5950 5949 5948 5958 5963 5965 5967 5953 5935 5935 5972 6006 6009 6014 6015 5992 5960 5936 5907 5873 5863 5849 5827 5801 5769 5761 5765 5751 5746 5740 5733 5725 5718 5744 5795 5775 5783 5786 5787 5791 5808
5987 5983 6007 6028 6044 6050 6045 6042 6065 6109 6152 6191 6268 6212 6222 6119 6111 6103 6096 6097 6098 6097 6094 6092 6082 6062 6050 6049 6052 6040 6029 6017 6010 6009 6000 5988 5976 5966 5953 5959 5958 5955 5954 5955 5956 5962 5965 5966 5977 5979 5966 5944 5954 5980 5986 6028 6036 6036 6020 5990 5952 5915 5886 5876 5859 5836 5810 5777 5770 5767 5770 5760 5747 5735 5722 5713 5740 5774 5783 5785 5787 5792 5808 5815
5966 5972 5988 6001 6010 6015 6018 6025 6044 6069 6087 6080 6094 6099 6118 6100 6102 6102 6100 6104 6108 6115 6124 6121 6111 6084 6064 6055 6045 6036 6026 6017 6009 6002 5992 5986 5979 5971 5966 5952 5956 5956 5955 5957 5959 5966 5976 5990 5993 5988 5976 5983 5957 5991 6010 6041 6056 6055 6042 6013 5969 5926 5891 5880 5872 5855 5828 5799 5785 5782 5775 5767 5755 5742 5730 5722 5739 5765 5776 5783 5791 5800 5808 5811
5982 5985 5990 5996 6002 6006 6011 6016 6031 6048 6062 6062 6059 6058 6075 6090 6099 6097 6103 6108 6124 6143 6163 6163 6158 6130 6095 6065 6044 6030 6021 6012 6004 6001 5999 5990 5984 5977 5966 5950 5955 5957 5957 5957 5956 5962 5980 6009 6019 6019 6021 6005 5993 6015 6039 6067 6080 6071 6055 6031 5981 5937 5907 5902 5892 5877 5854 5803 5802 5795 5785 5776 5764 5753 5745 5746 5755 5768 5775 5783 5796 5805 5809 5804
6002 5995 5996 5999 6001 6003 6006 6011 6018 6046 6063 6075 6086 6052 6081 6088 6105 6121 6105 6115 6136 6163 6205 6258 6227 6174 6121 6081 6047 6031 6017 6008 6000 5996 5991 5990 5985 5981 5974 5962 5956 5954 5953 5953 5957 5965 5990 6028 6062 6058 6043 6035 6025 6046 6079 6085 6086 6082 6055 6020 5982 5946 5920 5918 5911 5896 5871 5830 5818 5802 5792 5785 5777 5767 5758 5757 5768 5782 5785 5791 5804 5814 5818 5801
6017 6009 6006 6004 6006 6006 6007 6011 6027 6056 6070 6082 6089 6051 6077 6092 6112 6121 6123 6131 6142 6156 6184 6242 6270 6171 6120 6097 6072 6037 6011 5999 5991 5993 5993 5989 5986 5981 5969 5963 5961 5958 5956 5956 5960 5972 6019 6131 6151 6101 6047 6056 6046 6071 6095 6089 6082 6068 6042 6012 5979 5950 5934 5933 5924 5909 5881 5855 5835 5809 5805 5801 5788 5777 5769 5762 5776 5797 5804 5807 5812 5822 5830 5815
6046 6032 6022 6017 6013 6009 6009 6011 6024 6061 6071 6077 6076 6067 6091 6104 6132 6150 6155 6153 6146 6133 6115 6110 6105 6085 6088 6086 6070 6035 6003 5978 5981 5985 5989 5985 5983 5979 5969 5970 5966 5961 5958 5959 5969 5992 6061 6249 6229 6137 6057 6046 6054 6100 6148 6089 6072 6048 6025 5995 5970 5951 5941 5942 5937 5920 5875 5873 5850 5827 5816 5808 5796 5788 5785 5777 5787 5790 5809 5812 5819 5829 5838 5835
6068 6050 6041 6030 6020 6014 6008 6008 6016 6050 6059 6067 6071 6031 6093 6107 6156 6209 6219 6193 6157 6117 6076 6053 6055 6057 6064 6058 6047 6029 6002 5981 5980 5979 5977 5980 5979 5975 5952 5971 5968 5965 5965 5967 5981 6013 6091 6212 6229 6145 6056 6033 6049 6108 6156 6106 6063 6040 6009 5980 5963 5954 5954 5961 5960 5937 5894 5878 5859 5841 5822 5806 5797 5795 5798 5807 5805 5815 5833 5819 5826 5834 5837 5842
6073 6078 6059 6046 6035 6023 6014 6006 6008 6023 6038 6056 6078 6089 6091 6101 6172 6259 6286 6224 6167 6112 6065 6047 6055 6062 6069 6064 6053 6035 6015 5998 5992 5991 5987 5981 5975 5970 5967 5963 5973 5975 5974 5976 5987 6010 6047 6179 6219 6130 6024 5993 6034 6103 6170 6139 6048 6022 5992 5970 5953 5947 5963 5993 5996 5967 5911 5879 5858 5845 5826 5810 5802 5799 5796 5797 5811 5824 5847 5837 5845 5847 5847 5853
6091 6088 6069 6056 6044 6031 6018 6005 5990 5987 6017 6045 6066 6076 6085 6107 6163 6219 6235 6227 6166 6103 6054 6037 6048 6066 6079 6092 6068 6041 6021 6008 5999 6002 5993 5985 5975 5962 5975 5982 5985 5989 5994 5996 6005 6020 6042 6151 6193 6101 5997 5960 6009 6058 6111 6065 6031 5991 5965 5943 5930 5927 5953 6001 6023 5993 5925 5877 5857 5847 5832 5817 5810 5806 5806 5810 5820 5832 5848 5874 5870 5862 5862 5868
6095 6085 6075 6065 6055 6042 6029 6016 6000 5982 6008 6034 6061 6065 6073 6091 6141 6190 6224 6219 6145 6089 6048 6033 6043 6074 6075 6072 6061 6041 6018 6007 6002 5986 5995 5994 5990 5986 5984 5992 6002 6007 6010 6016 6027 6043 6077 6139 6151 6050 5967 5927 5949 5969 5968 5965 5961 5946 5934 5918 5904 5905 5925 5958 5988 6045 5925 5853 5851 5847 5835 5822 5815 5812 5814 5821 5830 5841 5846 5858 5869 5862 5863 5870
6088 6087 6077 6070 6061 6052 6041 6031 6022 6013 6012 6021 6043 6035 6051 6074 6112 6154 6178 6121 6096 6063 6036 6023 6024 6052 6057 6054 6049 6039 6031 6019 6013 6017 6006 6009 6015 6022 6023 6020 6017 6019 6022 6029 6034 6049 6081 6074 6000 5975 5938 5913 5899 5909 5901 5890 5894 5907 5905 5900 5890 5878 5892 5907 5914 5914 5879 5827 5820 5844 5835 5822 5815 5817 5821 5827 5838 5851 5857 5858 5854 5851 5853 5861
6108 6104 6085 6075 6066 6058 6050 6045 6039 6035 6019 6012 6027 6035 6057 6054 6080 6106 6111 6076 6057 6041 6023 6017 6022 6034 6037 6036 6039 6038 6030 6023 6017 6014 6007 6008 6025 6039 6018 6030 6020 6024 6026 6025 6029 6033 6036 6001 5926 5917 5909 5905 5894 5884 5885 5885 5863 5878 5886 5887 5883 5861 5875 5887 5896 5882 5873 5848 5854 5850 5838 5825 5821 5825 5828 5836 5845 5853 5863 5865 5835 5833 5839 5848
6122 6130 6099 6081 6070 6061 6055 6051 6047 6039 6014 6001 6019 6030 6036 6044 6057 6064 6056 6043 6032 6025 6019 6013 6008 6019 6023 6024 6030 6035 6044 6025 6012 6006 5999 6000 6016 6055 6052 6053 6029 6019 6018 6020 6020 6011 5982 5935 5909 5896 5888 5895 5882 5868 5859 5857 5841 5859 5873 5877 5877 5868 5874 5882 5882 5889 5890 5857 5846 5853 5844 5834 5830 5839 5852 5850 5852 5852 5854 5867 5819 5818 5828 5846
6146 6130 6101 6081 6069 6061 6055 6049 6044 6036 6010 6025 6018 6009 6030 6044 6040 6032 6031 6022 6016 6012 6011 6013 6018 6011 6016 6020 6022 6021 6016 6016 6008 5995 5986 5976 5982 6110 6153 6102 6042 6015 6006 6002 6004 5995 5965 5922 5906 5889 5881 5879 5870 5856 5843 5854 5842 5861 5866 5869 5867 5877 5882 5889 5895 5921 5922 5870 5851 5856 5849 5845 5844 5853 5860 5861 5860 5857 5853 5834 5802 5809 5817 5816
6167 6125 6087 6074 6067 6061 6056 6051 6041 6023 6015 6028 6023 6011 6035 6042 5998 5993 6011 6016 6008 6001 6001 6007 6013 6013 6017 6019 6019 6018 6015 6016 6016 6001 5980 5967 5966 6027 6197 6114 6041 6008 6003 6003 6006 5997 5979 5946 5914 5893 5879 5873 5860 5852 5843 5837 5832 5850 5858 5862 5869 5876 5885 5896 5919 5965 5962 5903 5849 5842 5849 5858 5874 5871 5869 5871 5871 5868 5861 5837 5824 5818 5822 5831
6194 6114 6075 6068 6066 6064 6060 6054 6046 6041 6037 6041 6035 6031 6044 5945 5885 5957 6000 6012 5999 5995 5994 5998 6007 6019 6019 6022 6025 6020 6020 6024 6019 6006 5987 5968 5961 6002 6053 6057 6015 5989 5993 6008 6022 6032 6030 5989 5955 5910 5879 5863 5857 5849 5837 5836 5833 5846 5850 5853 5855 5870 5886 5896 5923 6011 5980 5929 5878 5852 5858 5869 5883 5886 5886 5883 5881 5877 5868 5855 5837 5827 5831 5839
6133 6103 6070 6070 6069 6066 6062 6058 6052 6049 6044 6057 6050 6039 6053 6006 5960 5969 5993 6002 5988 5993 5992 5990 5999 6018 6025 6035 6047 6043 6037 6042 6045 6017 5997 5984 5976 5989 6010 6008 5982 5970 5993 6017 6052 6081 6112 6142 6055 5931 5875 5865 5847 5847 5833 5827 5829 5838 5841 5845 5852 5875 5883 5890 5910 5906 5912 5888 5883 5871 5870 5874 5873 5882 5888 5889 5888 5887 5886 5879 5852 5838 5836 5834
6090 6075 6079 6080 6074 6070 6066 6064 6065 6066 6081 6075 6053 6044 6045 6034 6006 5991 5988 5988 5992 5995 5993 5991 5999 6014 6021 6047 6082 6107 6093 6060 6030 6014 5999 5995 6008 6009 5996 5985 5963 5955 5981 6016 6059 6104 6155 6195 6096 5931 5868 5858 5847 5836 5825 5816 5818 5822 5831 5840 5848 5864 5872 5877 5872 5876 5869 5867 5881 5884 5886 5883 5885 5885 5889 5892 5895 5896 5896 5891 5877 5856 5838 5818
6078 6074 6076 6083 6079 6075 6074 6072 6073 6078 6085 6073 6051 6045 6041 6022 6018 6001 5986 5974 5990 5989 5991 5995 5997 6004 5999 6047 6115 6171 6136 6071 6023 6008 5995 5990 5998 6011 6004 5982 5955 5945 5968 6005 6046 6091 6142 6180 6097 5906 5867 5852 5841 5829 5817 5811 5811 5811 5825 5839 5848 5854 5864 5873 5877 5887 5891 5894 5901 5907 5899 5891 5883 5883 5892 5896 5900 5901 5900 5891 5879 5867 5841 5817
6068 6073 6076 6076 6079 6079 6077 6075 6076 6079 6082 6072 6054 6053 6041 6030 6021 6005 5988 5979 5983 5985 5983 5980 5984 5984 5983 6031 6105 6197 6143 6071 6025 6003 5990 5977 5979 6006 6003 5983 5963 5946 5959 5985 6017 6054 6082 6096 6027 5885 5859 5843 5832 5817 5808 5803 5804 5810 5823 5845 5859 5849 5860 5878 5895 5912 5935 5933 5920 5915 5902 5899 5902 5898 5896 5897 5900 5903 5905 5895 5872 5866 5845 5832
6063 6063 6064 6078 6079 6079 6078 6076 6075 6075 6076 6074 6064 6058 6040 6020 6021 6002 5984 5971 5973 5975 5976 5973 5973 5972 5969 5999 6039 6060 6068 6046 6020 5999 5988 5984 5992 5992 5990 5976 5959 5946 5946 5961 5980 5996 5992 5951 5871 5851 5836 5828 5822 5807 5802 5800 5795 5797 5817 5847 5859 5841 5862 5888 5909 5940 5958 5956 5931 5896 5895 5905 5912 5908 5891 5885 5886 5896 5900 5899 5892 5856 5845 5834
6064 6073 6080 6084 6076 6075 6072 6071 6070 6068 6068 6070 6069 6062 6042 6042 6015 5992 5978 5972 5974 5977 5974 5970 5966 5958 5951 5967 5983 5988 6004 6001 5995 5991 5991 5991 5984 5994 5982 5968 5951 5933 5929 5935 5943 5938 5919 5880 5834 5831 5824 5820 5811 5798 5796 5793 5784 5792 5819 5842 5853 5863 5871 5894 5932 5992 6018 6008 5965 5909 5892 5919 5930 5909 5888 5881 5881 5883 5887 5891 5886 5861 5847 5834
6067 6076 6082 6075 6071 6068 6068 6065 6065 6064 6065 6065 6056 6054 6039 6037 6007 5983 5972 5959 5964 5977 5973 5967 5962 5956 5945 5946 5959 5969 5968 5958 5971 5982 5987 5986 5980 5983 5973 5960 5946 5932 5920 5916 5913 5898 5877 5852 5836 5826 5831 5827 5811 5787 5788 5789 5783 5787 5826 5831 5839 5849 5859 5887 5966 6228 6325 6158 6026 5915 5881 5931 5987 5920 5890 5877 5874 5873 5873 5873 5873 5863 5845 5826
6063 6062 6074 6063 6062 6064 6065 6063 6064 6062 6066 6061 6049 6045 6033 6021 6002 5984 5972 5968 5974 5971 5967 5961 5955 5951 5934 5933 5947 5955 5958 5956 5964 5973 5979 5984 5971 5970 5965 5954 5942 5933 5920 5910 5898 5880 5862 5847 5838 5836 5842 5842 5835 5802 5792 5786 5787 5790 5803 5820 5827 5831 5840 5866 6005 6343 6515 6251 6054 5920 5878 5939 6040 5995 5899 5878 5869 5864 5858 5849 5839 5854 5834 5811
6069 6056 6066 6057 6058 6062 6063 6064 6064 6063 6062 6057 6046 6035 6029 6015 5992 5974 5974 5977 5979 5975 5958 5948 5945 5944 5942 5943 5941 5945 5955 5971 5964 5966 5969 5972 5972 5966 5960 5950 5937 5933 5927 5905 5885 5869 5855 5842 5835 5842 5856 5854 5854 5810 5792 5782 5785 5790 5799 5812 5813 5813 5821 5850 5957 6104 6163 6111 6008 5928 5901 5917 5938 5913 5888 5873 5864 5857 5849 5841 5823 5816 5812 5790
6076 6056 6063 6065 6064 6064 6067 6068 6069 6066 6060 6050 6051 6027 6025 6014 5991 5980 5977 5976 5957 5976 5955 5941 5941 5943 5949 5951 5941 5941 5946 5946 5957 5959 5959 5959 5974 5969 5958 5945 5932 5915 5898 5881 5878 5866 5852 5838 5830 5836 5855 5855 5844 5811 5772 5764 5773 5776 5781 5793 5795 5798 5808 5836 5858 5895 5892 5928 5923 5892 5870 5881 5889 5887 5880 5870 5860 5852 5847 5844 5822 5809 5804 5775
6093 6066 6062 6059 6061 6067 6073 6077 6077 6073 6060 6050 6037 6025 6017 6005 5994 5990 5981 5976 5988 5984 5933 5931 5945 5954 5962 5961 5942 5942 5951 5957 5957 5956 5955 5961 5982 5974 5958 5943 5927 5907 5890 5889 5880 5866 5851 5837 5825 5822 5831 5846 5859 5814 5750 5747 5753 5758 5758 5764 5778 5791 5810 5823 5837 5840 5836 5846 5848 5845 5839 5847 5849 5871 5875 5863 5855 5848 5842 5832 5809 5806 5803 5772
6105 6085 6066 6060 6061 6073 6083 6088 6090 6078 6066 6043 6032 6022 6008 5998 5997 5989 5981 5971 5962 5968 5940 5939 5952 5963 5968 5968 5939 5941 5955 5962 5959 5958 5960 5977 5969 5959 5947 5933 5924 5919 5931 5914 5887 5867 5849 5835 5820 5819 5800 5821 5834 5803 5760 5750 5754 5759 5756 5754 5768 5779 5789 5795 5816 5823 5823 5838 5840 5827 5812 5820 5837 5845 5846 5844 5842 5840 5835 5824 5805 5783 5786 5775
6109 6092 6067 6053 6073 6084 6092 6098 6104 6123 6085 6049 6027 6017 6005 5994 5993 5986 5974 5965 5973 5981 5959 5955 5955 5959 5965 5963 5939 5940 5949 5955 5956 5958 5966 5989 5965 5950 5941 5932 5922 5918 5919 5904 5886 5870 5854 5839 5827 5813 5806 5810 5826 5818 5783 5768 5766 5761 5753 5761 5765 5768 5774 5780 5807 5859 5875 5905 5887 5835 5788 5797 5827 5824 5820 5822 5827 5829 5829 5829 5824 5813 5786 5777
6109 6091 6070 6069 6086 6093 6098 6103 6104 6097 6087 6059 6031 6014 6000 5988 5987 5976 5967 5960 5965 5976 5990 5969 5954 5951 5954 5952 5941 5939 5944 5949 5953 5955 5958 5968 5936 5948 5945 5939 5931 5915 5899 5878 5878 5868 5855 5841 5822 5809 5805 5802 5813 5820 5810 5793 5786 5787 5776 5765 5765 5763 5759 5774 5811 5899 6033 6059 5971 5865 5779 5783 5820 5812 5796 5807 5815 5821 5825 5826 5821 5810 5773 5781
6102 6088 6067 6082 6087 6097 6103 6106 6106 6096 6088 6067 6028 6014 6000 5983 5976 5972 5968 5960 5961 5975 5992 5968 5942 5937 5942 5943 5935 5937 5933 5947 5955 5956 5939 5943 5970 5959 5950 5946 5935 5919 5906 5894 5884 5876 5863 5849 5838 5816 5807 5804 5801 5812 5814 5804 5797 5789 5776 5774 5769 5765 5763 5767 5793 5886 6205 6191 6018 5875 5772 5777 5830 5808 5793 5800 5811 5819 5825 5827 5824 5828 5788 5794
