real_craters/C187-750m.grd
DSAA
229 229
-85.33 85.33
-85.33 85.33
4047.7978853578 7403.201796463
[rows 76 to 113 of 229, columns 0 to 83 of 229]
6156 6142 6125 6110 6120 6109 6102 6114 6119 6117 6112 6096 6084 6080 6081 6076 6073 6072 6069 6065 6054 6040 6025 6010 5999 5988 5980 5978 5971 5965 5959 5954 5950 5948 5948 5948 5953 5961 5975 5977 5971 5964 5961 5960 5956 5954 5950 5945 5940 5937 5945 5952 5954 5960 5972 5985 6001 6019 6010 5984 5985 5993 6008 6027 6050 6080 6087 6092 6095 6120 6129 6123 6121 6113 6099 6122 6156 6182 6208 6215 6142 6104 6114 6115
6145 6142 6121 6103 6100 6099 6101 6103 6109 6113 6119 6107 6090 6082 6083 6081 6080 6079 6077 6075 6065 6050 6032 6014 5998 5987 5981 5980 5973 5966 5953 5954 5951 5947 5946 5951 5950 5952 5959 5970 5973 5962 5957 5963 5962 5952 5947 5943 5942 5952 5962 5966 5955 5958 5967 5978 5984 5981 5982 5987 5987 5995 6010 6029 6050 6068 6086 6105 6122 6140 6134 6113 6093 6083 6095 6113 6142 6176 6204 6213 6149 6132 6157 6190
6120 6124 6114 6101 6097 6092 6089 6086 6094 6098 6100 6097 6091 6088 6089 6089 6083 6077 6085 6087 6080 6061 6040 6019 6001 5989 5985 5984 5978 5971 5966 5960 5955 5949 5947 5948 5946 5943 5951 5975 5972 5963 5955 5962 5964 5952 5948 5945 5940 5936 5943 5936 5942 5952 5963 5971 5962 5951 5958 5971 5977 5988 6003 6022 6046 6065 6075 6086 6101 6115 6112 6096 6074 6066 6083 6092 6132 6169 6188 6179 6151 6158 6184 6240
6103 6104 6100 6095 6095 6095 6085 6074 6079 6083 6086 6087 6085 6084 6081 6081 6081 6082 6088 6093 6092 6069 6046 6025 6007 5996 5990 5990 5984 5977 5971 5966 5962 5958 5950 5948 5946 5942 5946 5956 5968 5961 5960 5948 5938 5947 5950 5951 5947 5941 5936 5931 5935 5946 5955 5965 5994 5969 5951 5953 5967 5979 5994 6010 6029 6049 6064 6068 6077 6089 6092 6082 6067 6054 6071 6112 6154 6180 6185 6180 6160 6130 6144 6219
6103 6098 6093 6087 6081 6087 6087 6077 6070 6077 6078 6080 6078 6076 6078 6080 6078 6078 6080 6081 6081 6068 6050 6033 6019 6007 6000 5998 5990 5982 5973 5970 5972 5968 5962 5959 5953 5947 5944 5946 5946 5945 5946 5954 5949 5952 5962 5970 5967 5947 5937 5933 5936 5944 5949 5947 5932 5942 5954 5951 5957 5967 5978 5991 6008 6030 6057 6054 6053 6065 6075 6068 6065 6058 6080 6172 6209 6194 6178 6163 6149 6123 6114 6165
6101 6096 6091 6086 6078 6077 6072 6069 6075 6074 6075 6075 6074 6072 6073 6072 6071 6069 6068 6070 6070 6065 6054 6042 6032 6022 6014 6007 5997 5985 5980 5981 5991 5994 5992 5984 5973 5959 5956 5960 5954 5947 5945 5947 5951 5962 5980 5995 6003 6000 5969 5955 5952 5954 5955 5949 5925 5926 5922 5935 5945 5955 5962 5971 5978 6000 6016 6007 6021 6033 6043 6044 6052 6049 6082 6158 6206 6188 6162 6145 6124 6094 6093 6113
6099 6094 6090 6087 6081 6076 6066 6054 6062 6068 6068 6070 6071 6071 6068 6066 6066 6066 6066 6063 6065 6064 6059 6052 6048 6041 6028 6013 5997 5987 5983 5996 6024 6031 6032 6027 6005 5983 5977 5977 5968 5959 5954 5957 5963 5979 6004 6030 6048 6048 6005 5982 5974 5970 5970 5978 5975 5952 5926 5935 5947 5952 5951 5954 5963 5977 5998 6001 6002 6005 5996 6018 6030 6043 6072 6114 6165 6149 6130 6105 6077 6062 6047 6067
6095 6092 6088 6085 6082 6072 6061 6049 6049 6059 6068 6065 6066 6066 6062 6065 6067 6067 6068 6069 6070 6068 6065 6062 6062 6067 6044 6026 6009 5995 5986 5996 6070 6153 6141 6079 6039 6011 5995 5986 5981 5972 5967 5969 5974 5992 6027 6065 6092 6083 6037 6009 5995 5984 5987 5999 6010 6000 6000 5974 5967 5960 5949 5939 5937 5949 5974 5982 5989 5996 6004 6011 6011 6013 6036 6070 6084 6095 6096 6082 6063 6048 6015 6032
6093 6089 6085 6082 6078 6069 6058 6040 6039 6044 6050 6055 6058 6065 6078 6076 6074 6070 6070 6072 6072 6072 6070 6069 6068 6067 6053 6033 6015 6000 5992 6007 6075 6160 6145 6098 6062 6039 6028 6015 6000 5990 5986 5984 5983 5998 6045 6100 6148 6138 6057 6027 5993 5984 5990 6004 6021 6020 6017 6004 5994 5978 5955 5930 5910 5916 5928 5955 5974 5991 6008 6012 6011 6009 6016 6037 6048 6073 6078 6073 6064 6025 6016 6025
6090 6086 6080 6077 6074 6087 6094 6048 6032 6028 6039 6045 6048 6054 6065 6077 6075 6073 6075 6076 6078 6080 6076 6073 6072 6072 6066 6052 6024 6011 6005 6013 6044 6065 6086 6087 6073 6057 6053 6039 6022 6012 6012 6016 6004 6010 6062 6126 6190 6203 6155 6049 5996 5981 5986 6005 6021 6017 6024 6037 6027 6008 5979 5942 5912 5904 5912 5934 5959 5980 5998 6007 6009 6004 6010 6030 6063 6078 6070 6061 6048 6018 6018 6030
6084 6078 6073 6068 6068 6104 6200 6070 6036 6029 6035 6039 6041 6039 6048 6060 6067 6071 6073 6079 6082 6086 6085 6085 6084 6090 6084 6070 6055 6044 6031 6023 6030 6037 6062 6083 6103 6110 6083 6057 6035 6027 6017 6022 6019 6024 6071 6125 6171 6159 6076 6027 5982 5972 5978 5981 5991 6006 6030 6054 6072 6052 6016 5973 5931 5908 5904 5930 5947 5965 5983 5994 5992 5994 6000 6027 6054 6068 6065 6051 6026 6023 6028 6043
6081 6075 6069 6064 6055 6063 6122 6070 6036 6034 6038 6041 6043 6045 6052 6056 6063 6071 6077 6082 6086 6090 6095 6096 6096 6100 6096 6087 6076 6066 6055 6046 6039 6036 6055 6076 6118 6183 6222 6070 6041 6029 6022 6031 6034 6053 6078 6111 6128 6102 6041 6015 5991 5983 5985 5990 5991 6008 6067 6143 6137 6098 6052 6012 5972 5924 5906 5913 5929 5945 5959 5973 5986 5993 6001 6023 6040 6068 6069 6058 6044 6048 6062 6074
6082 6076 6072 6066 6056 6053 6056 6049 6044 6039 6043 6048 6052 6056 6057 6059 6067 6075 6080 6082 6092 6098 6103 6108 6108 6105 6098 6105 6105 6092 6076 6061 6054 6047 6055 6062 6059 6082 6088 6054 6039 6033 6032 6029 6037 6048 6076 6103 6121 6106 6070 6045 6019 6007 6011 6009 6007 6021 6112 6235 6191 6131 6074 6019 5979 5941 5911 5908 5919 5931 5942 5958 6002 6006 6020 6023 6042 6074 6082 6082 6072 6087 6116 6114
6085 6084 6078 6073 6060 6054 6049 6050 6048 6050 6052 6056 6060 6064 6066 6069 6076 6085 6094 6093 6094 6103 6111 6123 6131 6127 6113 6143 6140 6121 6099 6078 6073 6088 6067 6056 6047 6050 6052 6043 6037 6032 6029 6019 6038 6060 6083 6097 6105 6121 6121 6096 6068 6056 6054 6060 6035 6024 6105 6192 6185 6139 6086 6032 6001 5982 5927 5910 5916 5924 5934 5951 5965 5988 5999 6019 6041 6076 6107 6126 6141 6169 6197 6200
6084 6087 6084 6074 6064 6061 6059 6061 6061 6058 6063 6066 6069 6072 6076 6082 6087 6096 6108 6116 6111 6108 6119 6140 6166 6198 6226 6226 6189 6153 6126 6103 6086 6090 6078 6060 6042 6039 6037 6041 6047 6041 6021 6031 6042 6064 6079 6092 6106 6125 6137 6127 6106 6095 6084 6078 6061 6061 6097 6142 6150 6127 6093 6056 6027 5996 5937 5926 5927 5929 5930 5931 5948 5978 6005 6042 6067 6094 6147 6183 6221 6256 6226 6192
6078 6076 6074 6075 6068 6065 6075 6073 6069 6073 6072 6075 6079 6083 6087 6091 6098 6103 6109 6116 6120 6118 6123 6144 6185 6257 6377 6289 6217 6178 6155 6141 6127 6110 6093 6072 6047 6038 6032 6044 6062 6085 6071 6036 6028 6047 6064 6076 6091 6109 6127 6131 6116 6102 6100 6094 6080 6075 6094 6106 6120 6116 6099 6080 6049 6020 5976 5957 5950 5947 5943 5936 5967 5999 6056 6097 6131 6180 6207 6238 6258 6252 6222 6195
6074 6073 6073 6073 6071 6076 6082 6082 6076 6080 6079 6084 6090 6097 6103 6109 6106 6104 6108 6115 6122 6118 6114 6129 6161 6202 6221 6212 6201 6195 6195 6184 6165 6134 6108 6084 6063 6040 6029 6039 6058 6086 6055 6029 6030 6039 6047 6055 6075 6091 6109 6116 6115 6112 6112 6108 6097 6089 6099 6114 6116 6107 6096 6080 6061 6039 6010 5986 5978 5974 5972 5974 5980 6026 6079 6133 6184 6217 6276 6294 6287 6266 6233 6206
6069 6068 6066 6070 6075 6082 6087 6089 6088 6088 6087 6091 6095 6101 6103 6102 6096 6097 6101 6106 6109 6090 6077 6096 6115 6114 6100 6122 6178 6219 6252 6257 6213 6149 6114 6094 6073 6041 6026 6031 6035 6027 6005 6013 6027 6030 6035 6024 6016 6065 6087 6101 6114 6129 6124 6115 6110 6110 6106 6109 6107 6101 6091 6079 6062 6042 6016 6014 6014 6008 6008 6018 6032 6063 6115 6176 6247 6337 6393 6351 6312 6277 6226 6211
6067 6066 6068 6069 6071 6079 6088 6092 6097 6098 6096 6096 6098 6098 6094 6087 6084 6083 6086 6089 6079 6065 6054 6068 6078 6076 6054 6083 6158 6231 6299 6344 6287 6157 6121 6102 6088 6060 6037 6032 6023 6007 6002 6009 6020 6021 6031 6052 6068 6069 6084 6095 6102 6122 6129 6122 6112 6106 6106 6105 6102 6094 6080 6068 6061 6040 6022 6009 6008 6019 6033 6040 6066 6099 6140 6192 6293 6407 6442 6370 6313 6265 6224 6255
6064 6063 6063 6066 6072 6077 6086 6089 6094 6097 6097 6092 6090 6088 6081 6071 6064 6066 6066 6064 6052 6049 6050 6056 6060 6046 6043 6073 6143 6223 6310 6400 6371 6196 6133 6093 6067 6052 6050 6049 6039 6014 6009 6015 6014 6019 6033 6096 6126 6100 6107 6076 6078 6092 6128 6126 6109 6104 6106 6106 6103 6093 6082 6081 6088 6096 6019 5973 5983 6020 6061 6095 6110 6133 6172 6219 6314 6389 6377 6345 6298 6254 6235 6308
6061 6059 6059 6067 6075 6079 6080 6080 6076 6082 6086 6087 6084 6084 6071 6059 6053 6050 6050 6044 6043 6042 6049 6052 6053 6048 6045 6069 6125 6194 6268 6331 6272 6216 6131 6072 6047 6050 6072 6089 6084 6067 6047 6044 6042 6042 6038 6161 6282 6287 6161 6084 6065 6065 6072 6103 6112 6113 6110 6100 6087 6087 6084 6074 6086 5927 5854 5870 5924 5996 6075 6133 6136 6157 6200 6284 6314 6350 6341 6309 6272 6245 6239 6306
6059 6058 6057 6060 6075 6082 6074 6079 6080 6073 6079 6078 6075 6062 6059 6051 6042 6042 6045 6045 6048 6046 6051 6051 6050 6051 6052 6065 6107 6153 6192 6200 6162 6165 6101 6051 6044 6084 6150 6162 6146 6135 6099 6104 6114 6084 6061 6072 6177 6221 6158 6099 6075 6066 6059 6108 6164 6151 6121 6092 6061 6078 6085 6028 5895 5608 5637 5749 5860 5969 6073 6161 6151 6167 6191 6216 6248 6279 6285 6274 6245 6216 6204 6258
6057 6056 6053 6051 6055 6046 6054 6058 6066 6065 6059 6056 6055 6053 6053 6052 6050 6046 6046 6050 6053 6048 6048 6050 6051 6054 6061 6074 6093 6116 6134 6129 6126 6106 6062 6042 6102 6257 6313 6256 6191 6150 6137 6138 6120 6096 6071 6065 6066 6095 6111 6099 6090 6085 6088 6119 6165 6154 6121 6088 6061 6073 6082 6011 5821 5503 5554 5699 5834 5952 6054 6140 6160 6158 6165 6165 6193 6225 6252 6250 6225 6199 6189 6203
6055 6053 6050 6045 6043 6048 6044 6043 6044 6050 6051 6052 6052 6051 6053 6055 6057 6048 6047 6047 6044 6047 6052 6053 6056 6058 6062 6063 6078 6093 6103 6112 6098 6068 6040 6049 6236 6484 6455 6324 6205 6147 6141 6115 6103 6084 6070 6072 6064 6068 6079 6086 6090 6099 6108 6118 6115 6129 6111 6085 6065 6064 6060 6060 5971 5608 5643 5743 5856 5964 6057 6090 6113 6122 6144 6188 6220 6208 6225 6230 6221 6201 6187 6235
6054 6053 6050 6044 6040 6044 6044 6042 6042 6043 6045 6048 6048 6049 6051 6054 6060 6049 6049 6050 6050 6056 6055 6056 6058 6061 6062 6064 6071 6082 6086 6083 6072 6062 6040 6063 6302 6557 6461 6320 6195 6132 6118 6095 6086 6071 6023 6032 6066 6056 6061 6066 6079 6103 6110 6128 6149 6126 6101 6077 6058 6051 6055 6077 6119 5916 5817 5835 5901 5985 6073 6119 6074 6072 6110 6161 6191 6162 6166 6206 6224 6240 6260 6397
6052 6054 6051 6044 6042 6041 6042 6040 6042 6043 6039 6038 6040 6042 6044 6046 6045 6046 6048 6053 6057 6068 6068 6063 6061 6063 6065 6070 6075 6077 6079 6073 6066 6064 6053 6069 6143 6300 6313 6247 6170 6127 6096 6063 6065 6071 6013 6035 6010 6031 6051 6064 6075 6110 6118 6131 6149 6117 6088 6062 6039 6027 6022 6016 5996 5989 5938 5924 5953 6003 6056 6076 6043 6039 6065 6086 6078 6091 6090 6158 6217 6278 6366 6358
6048 6051 6050 6047 6044 6044 6042 6040 6044 6044 6034 6027 6033 6035 6037 6037 6036 6037 6042 6053 6069 5993 6051 6054 6058 6062 6066 6070 6072 6076 6080 6080 6072 6068 6065 6073 6082 6104 6167 6161 6134 6105 6074 6044 6036 6039 6039 6019 6003 6027 6059 6087 6115 6163 6162 6135 6112 6094 6070 6044 6021 6002 5995 5977 5967 5967 5968 5975 5986 6005 6013 5999 6007 6014 6029 6041 6052 6052 6060 6119 6197 6266 6300 6183
6042 6047 6047 6047 6044 6046 6043 6041 6042 6041 6033 6031 6028 6029 6031 6032 6030 6027 6033 6042 6041 6054 6047 6056 6057 6061 6065 6068 6069 6075 6078 6084 6077 6076 6091 6127 6134 6093 6098 6098 6085 6069 6051 6032 6023 6024 6029 6014 6013 6035 6074 6124 6202 6299 6267 6167 6102 6081 6057 6031 6006 5989 5965 5946 5949 5943 5965 5981 5990 5999 5998 5973 5981 5997 5997 6010 6027 6032 6049 6097 6181 6244 6251 6153
6035 6037 6042 6046 6046 6053 6050 6044 6040 6036 6031 6026 6024 6024 6026 6028 6031 6033 6031 6035 6038 6052 6063 6055 6057 6063 6068 6072 6077 6073 6069 6063 6070 6083 6127 6185 6219 6090 6071 6062 6052 6052 6038 6025 6019 6022 6030 6028 6025 6047 6088 6145 6218 6329 6345 6248 6129 6080 6047 6014 5991 5972 5950 5910 5902 5921 5941 5958 5972 5984 5987 5963 5950 5939 5960 5983 6002 6020 6038 6087 6183 6237 6265 6177
6028 6028 6034 6043 6047 6056 6065 6060 6047 6042 6035 6030 6023 6021 6022 6025 6029 6028 6029 6035 6044 6056 6062 6058 6068 6086 6091 6083 6072 6064 6062 6062 6060 6063 6075 6123 6113 6071 6058 6048 6039 6037 6027 6016 6009 6012 6033 6031 6026 6051 6093 6154 6221 6299 6342 6288 6158 6087 6037 5997 5969 5953 5925 5900 5897 5911 5930 5946 5962 5970 5968 5951 5931 5917 5938 5969 5995 6024 6060 6159 6201 6220 6211 6104
6023 6020 6024 6030 6039 6062 6084 6085 6070 6054 6040 6036 6023 6016 6018 6022 6027 6028 6032 6042 6047 6055 6062 6062 6101 6154 6147 6108 6062 6052 6052 6049 6050 6050 6049 6078 6079 6065 6052 6041 6034 6026 6018 6008 5996 5992 6005 6025 6011 6049 6104 6167 6233 6302 6312 6263 6156 6077 6021 5977 5941 5910 5902 5894 5897 5908 5925 5940 5954 5963 5961 5945 5925 5918 5936 5974 6015 6056 6091 6142 6190 6184 6135 6009
6020 6017 6017 6020 6025 6079 6228 6305 6205 6097 6032 6028 6012 6010 6012 6017 6026 6039 6054 6047 6050 6057 6069 6105 6252 6270 6211 6140 6073 6046 6045 6045 6050 6055 6063 6066 6075 6067 6049 6035 6026 6020 6011 6002 5995 5978 5969 5993 5996 6040 6101 6172 6246 6304 6272 6188 6116 6055 6005 5960 5925 5899 5896 5896 5904 5923 5935 5943 5949 5960 5960 5938 5921 5914 5937 5984 6048 6100 6122 6173 6185 6141 6086 6020
6014 6010 6011 6012 6017 6045 6067 6209 6262 6115 6033 6011 6002 6001 6004 6011 6019 6026 6036 6043 6054 6082 6108 6239 6507 6379 6267 6173 6099 6062 6053 6054 6059 6063 6063 6060 6071 6059 6041 6027 6020 6014 6005 5996 5986 5972 5967 5981 5984 6022 6078 6154 6242 6293 6236 6138 6065 6029 5989 5951 5915 5889 5892 5904 5927 5951 5955 5951 5941 5931 5920 5922 5915 5915 5940 5992 6044 6086 6133 6155 6141 6078 6001 5904
6013 6008 6007 6008 6011 6020 6043 6059 6075 6062 6023 6002 5991 5990 5996 6005 6014 6021 6028 6035 6047 6065 6126 6299 6438 6356 6272 6187 6118 6079 6070 6072 6074 6074 6061 6047 6047 6040 6028 6014 6009 6005 5999 5989 5976 5966 5961 5971 5968 5998 6044 6107 6186 6255 6180 6090 6038 6005 5971 5936 5905 5890 5898 5934 6003 5993 5981 5967 5945 5912 5911 5915 5914 5924 5957 6009 6055 6083 6170 6192 6094 6012 5912 5784
6008 6004 6005 6003 6000 6002 6024 6038 6044 6040 6029 6005 5987 5983 5991 6002 6013 6022 6025 6032 6042 6064 6093 6124 6168 6233 6205 6156 6109 6082 6086 6102 6106 6091 6066 6040 6025 6024 6016 6007 5996 5996 5994 5990 5981 5976 5975 5980 5967 5970 6002 6035 6058 6102 6089 6056 6022 5986 5951 5923 5899 5889 5900 5975 6033 6019 6003 5989 5971 5944 5931 5922 5917 5927 5964 6036 6127 6217 6263 6243 6094 5972 5858 5731
6005 5998 5995 5994 5989 5986 5991 6006 6020 6024 6019 6006 5984 5977 5987 6000 6014 6031 6043 6041 6041 6061 6143 6331 6337 6211 6155 6128 6108 6099 6132 6171 6165 6128 6076 6050 6029 6016 6006 6002 5995 5994 5995 5997 6000 6002 6017 6002 5954 5947 5972 5991 5987 5994 6006 6002 5995 5965 5936 5912 5895 5900 5930 5988 6016 6021 6017 6012 6005 5992 5956 5928 5914 5916 5949 6040 6176 6346 6327 6251 6061 5965 5845 5699
6011 5999 5990 5990 5984 5974 5980 5990 5999 6002 5998 5990 5980 5977 5986 5999 6014 6030 6046 6050 6040 6049 6152 6391 6315 6147 6113 6110 6134 6213 6306 6286 6253 6211 6138 6060 6031 6011 5996 5988 5989 5992 5996 6003 6015 6028 6030 6014 5965 5947 5967 5987 5992 5981 5981 5975 5963 5945 5927 5911 5897 5918 5974 5988 6002 6015 6020 6025 6026 6020 5960 5930 5910 5903 5919 6011 6131 6238 6263 6249 6147 6021 5873 5693
6030 6007 5988 5981 5979 5970 5970 5977 5982 5983 5983 5984 5979 5980 5988 5999 6010 6020 6025 6037 6037 6040 6091 6165 6122 6063 6057 6074 6123 6241 6390 6346 6312 6289 6208 6078 6033 6007 5988 5976 5985 5988 5993 6000 6012 6033 6038 6029 5994 5972 5983 6004 6024 5987 5968 5952 5932 5924 5922 5921 5923 5950 5994 6000 6005 6013 6021 6026 6027 6016 5964 5944 5924 5906 5908 5978 6057 6104 6143 6187 6211 6087 5914 5740
