real_craters/C187-300m.grd
DSAA
570 570
-85.33 85.33
-85.33 85.33
4047.7293225118 7439.234862669
[rows 0 to 29 of 570, columns 134 to 200 of 570]
6121.15 6121.24 6120.62 6120.83 6121.11 6121.38 6121.01 6120.83 6121.65 6120.42 6119.78 6118.8 6119.95 6123.49 6124.88 6126.44 6130.15 6132.03 6129.86 6124.46 6117.07 6109.85 6108.87 6111.62 6113.58 6114.92 6114.49 6116.64 6115.71 6122.61 6129.54 6124.23 6121.19 6127.57 6131.17 6129.4 6123.12 6115.89 6110.17 6104.02 6097.07 6090.29 6083.86 6079.88 6071.56 6067.14 6064.29 6061.16 6057.65 6052.59 6047.87 6050.62 6057.24 6057.04 6054.44 6051.29 6047.44 6042.65 6030.18 6017.18 6015.41 6014.82 6012.14 6011.37 6010.77 6011.51 6010.96
6119.58 6119.01 6118.55 6118.48 6118.42 6117.49 6117.06 6115.65 6114.48 6113.16 6111.75 6110.18 6110.07 6114.75 6116.78 6119.07 6123.79 6125.73 6123.7 6118.52 6111.64 6104.78 6103.45 6106.3 6109.21 6110.85 6111.46 6112.1 6109.66 6114.45 6122.96 6123.41 6115.16 6116.79 6118.44 6117.91 6117.05 6113.62 6110.97 6102.28 6096.92 6089.88 6079.21 6069.02 6067.81 6068.01 6066.91 6064.96 6062.18 6059.54 6054.15 6050.76 6050.59 6051.83 6050.93 6047.46 6043.12 6033.39 6011.96 5997.99 5999.41 6001.67 6003.28 6003.74 6004.49 6007.01 6010.79
6118.67 6117.4 6116.52 6116.04 6115.8 6114.4 6112.87 6110.98 6109.41 6107.56 6105.25 6102.07 6098.13 6088.75 6096.94 6108.92 6120.29 6123.97 6120.2 6115.22 6110.1 6105.83 6104.17 6104.91 6106.15 6107.31 6108.48 6109.91 6110 6109.91 6115.51 6116.29 6112.33 6112.04 6112.25 6111.01 6107.5 6106.37 6101.5 6098.26 6091.78 6083.88 6078.38 6071.25 6071.26 6072.44 6071.31 6069.21 6066.21 6062.22 6054.11 6045.58 6046.18 6048.65 6047.52 6045.54 6040.28 6029.05 6001.52 5986.03 5993.03 5998.13 5999.9 5999.53 5997.95 5995.98 5993.83
6118.02 6115.93 6114.81 6114.02 6112.15 6111.04 6109.65 6107.98 6105.97 6103.51 6099.91 6096.59 6092.9 6092.59 6087.86 6099.43 6113.55 6119.15 6116.88 6113.1 6110.2 6108.72 6108.22 6105.4 6104.22 6105.06 6105.69 6107.71 6107.67 6107 6108.94 6106.19 6107.61 6109.8 6110.47 6109.83 6106.37 6105.46 6103.46 6099.44 6092.18 6084.34 6085.28 6083.66 6081.94 6080.43 6077.97 6074.68 6070.55 6064.72 6052.68 6040.8 6045.59 6049.74 6054.02 6053.87 6047.37 6038.4 6016.41 6003.6 6001.2 6001.14 6000.22 5997.82 5993.57 5986.84 5977.13
6116.59 6114.68 6113.33 6112.16 6110.18 6108.8 6106.39 6104.51 6102.78 6100.25 6096.96 6093.45 6089.31 6084.79 6079.15 6092.5 6105.35 6112.13 6112.86 6111.15 6109.1 6107.89 6107.43 6104.05 6103.02 6103.14 6104.17 6104.97 6104.75 6104.15 6106.64 6104.93 6106.33 6108.72 6111.4 6114.18 6113.76 6109.84 6107.65 6103 6100.49 6101.51 6098.59 6095.76 6092.88 6090.31 6086.56 6081.75 6076.26 6070.35 6062.39 6052 6048.49 6051.64 6057.03 6059.18 6057.72 6053.84 6039.38 6026.66 6015.41 6008.51 6004.16 6000.12 5994.54 5986.34 5977.13
6115.79 6114.28 6113.08 6111.42 6109.94 6108.46 6105.57 6103.39 6100.4 6097.53 6095.03 6092.01 6088.05 6082.08 6080.97 6094.28 6105.24 6109.89 6110.57 6109.04 6106.19 6103.09 6100.39 6098.96 6099.52 6100.79 6102.31 6103.75 6104.87 6100.93 6102.39 6103.84 6105.74 6108.02 6111.66 6118.22 6121.68 6110.81 6102.51 6100.96 6107.13 6114.85 6111.45 6108.46 6105.65 6101.61 6096.3 6089.25 6081.51 6073.52 6067.55 6056.21 6047.36 6050.96 6059.64 6067.87 6071.57 6066.56 6057.12 6039.33 6024.34 6016.18 6011.03 6006.22 6000.87 5995.41 5990.38
6117.34 6115.09 6113.81 6110.94 6109.11 6106.67 6105.12 6102.8 6099.93 6097.95 6095.62 6093.76 6092.75 6094.01 6101.53 6105.55 6108.08 6111.05 6110.76 6107.91 6103.08 6098.04 6093.52 6093.21 6095.47 6098.24 6100.58 6101.52 6099.43 6090.87 6099.49 6107.65 6105.96 6107.24 6107.95 6107.13 6108.37 6107.3 6102.3 6103.82 6112.13 6116.52 6120.07 6121.01 6120.05 6113.69 6106.33 6096.47 6085.1 6071.6 6054.53 6044.83 6038.1 6047.52 6058.96 6066.54 6060.86 6066.46 6061.99 6042.91 6029.57 6023.87 6019.6 6015.53 6012.77 6010.56 6010.34
6119.99 6116.82 6114.55 6112.14 6110.1 6108.34 6106.46 6104.62 6102.59 6100.57 6098.84 6097.26 6098.47 6103.46 6112.81 6114.96 6114.55 6115.31 6112.27 6107.47 6101.49 6094.16 6086.94 6087.91 6093.33 6098.29 6101.74 6103.17 6103.26 6108.27 6093.11 6097.65 6103.94 6106.54 6107.22 6103.37 6102.21 6107.4 6111.42 6116.31 6118.44 6124.66 6128.2 6130.92 6130.42 6125.43 6116.33 6103.86 6089.45 6072.57 6051.95 6030.64 6029.78 6044.39 6058.17 6061.14 6064.22 6070 6065.14 6051.17 6038.71 6033.27 6030.02 6027.53 6026.11 6026.57 6029.43
6121.1 6117.77 6115.07 6112.98 6110.57 6108.53 6106.79 6105.28 6103.12 6101.89 6100.24 6099.68 6100.13 6102.75 6105.83 6119.18 6131.62 6121.25 6114.16 6108.15 6102.2 6095.15 6086.43 6088.73 6095.79 6100.68 6103.98 6106.76 6110.82 6110.56 6104.22 6101.94 6106.15 6109.29 6111.52 6114.34 6113.2 6112.26 6114.21 6117.49 6121.91 6124.95 6132.55 6142.67 6145.38 6139.17 6127.12 6112.07 6095.58 6078.57 6064.04 6040.4 6035.69 6048.12 6064.37 6087.41 6087.52 6083.48 6075.54 6060.7 6048.01 6043.17 6040.45 6038.84 6038.33 6040.1 6044.29
6120.87 6117.95 6115.11 6112.91 6111.34 6109.63 6108.05 6106.62 6105.63 6103.23 6102.05 6100.92 6099.76 6101.1 6104.76 6114.89 6122.2 6118.7 6113.18 6108.57 6104.11 6100.87 6099.74 6101.66 6103.16 6105.03 6106.74 6109.01 6109.87 6105.75 6120.5 6112.99 6111.77 6113.47 6115.65 6117.24 6117.52 6116.25 6115.93 6117.97 6126.6 6137.55 6148.92 6157.25 6159.87 6151.81 6137.62 6120.78 6102.53 6086.05 6072.96 6072 6054.22 6056.59 6061.78 6072.29 6079.91 6088.49 6084.7 6068.6 6056.88 6051.54 6049.17 6048.32 6048.46 6050.21 6053.38
6120.24 6117.91 6115.59 6113.22 6111.24 6109.54 6108.01 6106.69 6105.44 6102.12 6101.74 6101.59 6101.04 6100.81 6103.85 6109.24 6110.82 6109.88 6108.38 6106.81 6105.53 6105.94 6109.76 6111.99 6108.83 6108.9 6110.14 6111.49 6113.68 6122.22 6120.72 6116.55 6115.21 6116.76 6119.1 6121.13 6120.96 6120.02 6119 6119.98 6132.51 6150.58 6166.92 6169.66 6169.74 6161.88 6145.86 6127.23 6108.94 6093.28 6082.68 6093.74 6079.92 6069.86 6055.79 6036.23 6037.32 6068.34 6076.19 6069.05 6062.49 6060.17 6058.66 6057.59 6057.07 6057.2 6058.56
6119.55 6118.19 6114.79 6112.41 6110.33 6108.46 6105.87 6104.66 6103.66 6102.89 6102.74 6103.05 6103.17 6099.04 6093.7 6089.64 6094.66 6100.27 6103.34 6104.44 6105.82 6107.18 6108.62 6108.78 6109.63 6110.78 6111.97 6114.06 6116.3 6117.75 6112.65 6114.89 6116.77 6119.16 6122.05 6127.04 6125.7 6125.01 6124.38 6126.27 6135.83 6152.56 6170.64 6172.19 6176.47 6170.31 6151.64 6131.65 6114.01 6100.91 6095.24 6120.23 6108.87 6089.99 6065.45 6031.17 6019.53 6038.59 6057.79 6066.53 6069.12 6069.38 6067.64 6065.51 6063.41 6061.76 6059.72
6119.7 6117.23 6114.92 6112.68 6110.66 6108.9 6107.35 6106.05 6105.06 6104.31 6104.11 6104.4 6103.75 6098.92 6088.55 6075.17 6083.84 6094.82 6100.42 6103.42 6105.31 6106.88 6108.48 6109.54 6110.93 6111.77 6112.54 6113.66 6114.27 6111.93 6111.67 6114.76 6119.03 6123.1 6122.28 6119.54 6128.69 6131.3 6130.78 6129.54 6134.65 6144.3 6148.72 6161.73 6172.63 6170.51 6150.78 6131.38 6115.63 6106.3 6107.96 6128.68 6127.42 6113.25 6094.88 6076.94 6051.31 6038.94 6055.36 6069.68 6078.9 6078.8 6075.13 6071.81 6068.71 6065.16 6059.79
6120.19 6118.04 6116.16 6114.51 6112.94 6111.4 6109.91 6108.5 6106.76 6106.33 6105.61 6105.67 6106.81 6105.4 6101.07 6091.46 6094.28 6099.27 6102.53 6104.88 6106.69 6108.17 6109.12 6110.75 6111.85 6112.65 6113.1 6114.05 6115.04 6114.13 6112.32 6116.19 6122.3 6128.63 6135.66 6139.31 6140.17 6141.89 6141.51 6137.53 6137.42 6140.99 6140.05 6146.29 6156.1 6156.14 6140.64 6124.8 6111.78 6104.87 6111.05 6135.29 6140.57 6132.02 6121 6114.17 6105.36 6084.78 6074.1 6077.95 6083.51 6082.78 6080.69 6077.67 6073.88 6068.87 6062.87
6120.28 6118.59 6117.21 6115.96 6114.83 6113.6 6112.45 6110.98 6109.44 6107.84 6106.44 6106.09 6107.86 6115.45 6124.76 6133.43 6115.5 6107.72 6106.35 6106.86 6108.01 6108.62 6110.4 6111.9 6113.74 6114.74 6115.73 6117 6118.49 6118.91 6114.26 6120.07 6126.4 6134.43 6145.55 6153.67 6152.73 6155.01 6158.42 6159.27 6157.67 6149.9 6133.13 6131.75 6135.44 6133.17 6124.7 6114.38 6104.88 6097.71 6097.71 6127.21 6142.97 6138.66 6130.37 6122.8 6105.44 6092.75 6087.71 6086.87 6085.41 6086.07 6086.48 6083.08 6078.75 6073.97 6069.42
6119.65 6118.35 6117.8 6116.39 6116.13 6114.77 6113.36 6112.85 6111.08 6109.65 6108.08 6107.48 6111.07 6122.2 6136.44 6142.45 6119.6 6111.36 6108.83 6108.64 6109.3 6110.02 6111.2 6112.66 6113.13 6114.6 6116.16 6118.07 6119.56 6120.6 6123.67 6124.91 6128.83 6134.98 6142.37 6150.32 6156.93 6164.47 6174.79 6188.61 6194.11 6167.64 6140.05 6126.02 6120.62 6113.84 6109.8 6104.76 6099.04 6094.8 6096.95 6120.22 6131.72 6136.08 6133.71 6123.98 6103.59 6092.41 6094.6 6095.66 6097.41 6098.51 6094.67 6089.8 6084.45 6078.93 6073.98
6118.94 6118.07 6117.45 6116.81 6116.14 6115.38 6114.45 6113.47 6112.49 6111.21 6110.29 6110.68 6114.64 6123.23 6131.48 6125.05 6112.6 6111.49 6110.9 6110.64 6111.74 6111.64 6111.34 6110.6 6111.92 6114.44 6116.49 6119.3 6121.78 6123.32 6124.96 6125.57 6127.28 6131.22 6137.07 6145.95 6156.38 6167.47 6181.09 6197.8 6206.15 6174.94 6144.2 6124.7 6114.84 6105.61 6102.36 6099.29 6095.97 6097.17 6105.55 6115.41 6125.77 6143.77 6139.62 6132.13 6121.39 6110.77 6103.67 6103.08 6105.67 6107.08 6102.57 6097.81 6091.95 6085.18 6077.26
6118.03 6118.75 6118.73 6118.47 6118.08 6117.67 6118.14 6117.41 6116.24 6114.8 6113.11 6112.86 6116.06 6121.37 6125.61 6121.45 6114.48 6114.38 6114.6 6114.58 6113.52 6112.66 6111.89 6111.99 6112.18 6113.31 6116.01 6119.26 6123.45 6127.75 6124.76 6122.82 6122.88 6125.41 6128.99 6139.68 6151.97 6164.18 6176.04 6185.09 6183.07 6166.79 6144.93 6127.33 6115.79 6107.73 6102.36 6097.58 6093.46 6092.94 6100.45 6114.24 6131.27 6153.72 6146.88 6140.39 6128.78 6117.46 6108.77 6107.01 6108.75 6109.85 6108.19 6103.05 6096.63 6088.87 6080.12
6119.22 6118.24 6117.81 6117.34 6117.76 6116.75 6116.62 6117.72 6117.65 6117.09 6115.8 6113.42 6116.19 6119.95 6121.25 6121.07 6119.75 6117.93 6117.79 6117.1 6116.61 6114.8 6113.15 6111.08 6109.71 6112.88 6115.04 6116.79 6118.6 6120.02 6118.87 6116.02 6116 6119.8 6125.56 6135.18 6146.77 6157.42 6166.48 6170.95 6167.52 6156.85 6141.12 6126.37 6118.12 6113.1 6107.42 6099.46 6093.2 6090.2 6099.08 6118.77 6139.54 6147.4 6150.89 6141.74 6121.23 6110.81 6105.67 6105.74 6110.6 6115.96 6113.24 6107.49 6101.28 6093.69 6085.24
6120.02 6119.48 6119.31 6120.04 6120.1 6120.35 6120.62 6120.76 6121.5 6122.09 6122.12 6120.68 6121.91 6122.65 6118.85 6118.31 6119.71 6121.68 6122.21 6121.13 6119.57 6118.26 6116.23 6114.63 6114.13 6114.35 6114.82 6114.82 6113.86 6114.82 6109.86 6102.29 6107.39 6115.59 6124.08 6132.47 6141.94 6150.26 6157.07 6159.84 6157.7 6148.59 6136.3 6126.55 6117.89 6115.19 6109.86 6100.98 6095.08 6094.87 6104.97 6123.88 6141.96 6159.83 6160.06 6149.02 6128.78 6105.87 6098.29 6100.9 6108.42 6116.37 6114.81 6111.57 6107.22 6100.96 6093.19
6121.73 6121.81 6120.88 6121.19 6121.68 6122.32 6123.2 6124.53 6125.91 6128.33 6131.25 6132.64 6131.77 6131.17 6130.17 6128.12 6127.13 6128.49 6127.95 6125.91 6123.72 6121.33 6119.23 6117.69 6117.89 6116.16 6115.46 6114.77 6113.26 6111.35 6103.3 6089.85 6103.96 6113.36 6122.42 6129.46 6137.14 6144.42 6149.2 6151.03 6148.88 6141.45 6129.72 6118.1 6113.54 6111.11 6107.18 6101.56 6098.47 6099.9 6110.91 6128.12 6153.26 6160.67 6159.34 6154.79 6140.15 6095.46 6086.99 6095.03 6103.84 6107.5 6112.51 6115.49 6112.89 6107.75 6101.41
6123.21 6124.06 6124.82 6125.52 6125.81 6126.56 6127.43 6128.64 6130.83 6134.05 6139.13 6144.69 6138.93 6137.3 6147.57 6142.12 6139.81 6138.34 6134.65 6130.74 6126.31 6123.25 6120.94 6118.73 6116.52 6116.21 6116.54 6116.3 6115.85 6115.66 6113.71 6113.66 6109.26 6112.34 6119.15 6126.79 6134.16 6140.47 6144.1 6145.18 6143.57 6137.23 6126.24 6114.84 6112.48 6110.14 6105.07 6102.68 6102.45 6108.96 6115.2 6127.51 6134.19 6148.9 6158.69 6156 6135.41 6078.94 6080.31 6094.39 6106.94 6115.64 6122.98 6123.05 6119.23 6114.33 6109.72
6124.41 6125.45 6126.18 6127 6128.08 6128.78 6129.5 6130.16 6131.64 6134.04 6138.59 6144.88 6137.01 6130.79 6119.92 6137.72 6150.09 6146.48 6138.28 6132.84 6128.41 6125.33 6122.89 6120.58 6117.87 6117.89 6118.71 6118.49 6117.94 6117.24 6117.58 6113.57 6111.04 6110.81 6115.98 6125.27 6133.59 6140.42 6143.84 6143.73 6140.97 6135.61 6129.42 6124.76 6123.57 6119 6111.53 6109.24 6106.53 6104.38 6114.89 6128.07 6148.79 6159.4 6164.35 6153.57 6132.17 6094.4 6091.72 6101.5 6114.94 6131.57 6137.63 6129.94 6123.82 6118.65 6113.98
6126.32 6127.82 6128.69 6129.66 6130.12 6130.6 6131.04 6131.57 6131.62 6130.77 6128.84 6126.84 6129.33 6128.66 6132.82 6134.41 6142.83 6141.55 6136.81 6132.7 6129.16 6126.55 6124.64 6123.27 6122.62 6122.3 6121.63 6120.1 6118.7 6117.45 6117.45 6115.74 6110.22 6109.91 6116.01 6126.63 6136.96 6145.75 6150.44 6149.88 6143.53 6137.19 6138.36 6146.37 6146.31 6140.36 6135.67 6125.5 6116.13 6113.11 6114.05 6123.08 6137.78 6149.07 6146.43 6135.53 6121.25 6113.75 6107.21 6109.7 6118.73 6129.77 6134.44 6129.48 6123.8 6118.9 6115.01
6128.05 6129.96 6130.89 6132.53 6133.22 6133.61 6133.63 6134.36 6131.97 6129.52 6125.72 6123.19 6124.29 6124.16 6124.08 6129.1 6130.23 6131.19 6132.11 6130.56 6128.52 6126.49 6125.46 6125.38 6126.58 6126.34 6123.51 6121.09 6116.74 6113.68 6112.62 6107.53 6105.79 6109.95 6118.42 6131.07 6145.62 6158.4 6167.59 6168.99 6159.8 6147.64 6157.59 6164.87 6166.09 6170.15 6163.22 6147.28 6128.89 6115.8 6112.79 6112.81 6113.01 6116.68 6120.26 6115.23 6110.23 6110.21 6109.88 6111.84 6117.33 6122.47 6124.28 6124.1 6121.33 6117.4 6111.52
6131.55 6133.62 6135.05 6137.54 6138.06 6138.33 6137.81 6136.83 6134.48 6130.77 6128.34 6125.72 6123.04 6121.87 6122.59 6124.89 6126.43 6127.66 6129.55 6128.09 6127.09 6125.53 6125.02 6125 6125.49 6124.77 6122.4 6121.21 6117.48 6112.79 6109.76 6103.31 6098.51 6101.76 6117.06 6136.42 6156.81 6176.76 6194.32 6205.13 6204.28 6194.61 6212.39 6217.67 6212.8 6224.92 6212.4 6188.66 6154.87 6128.84 6119.48 6109.12 6094.99 6085.71 6094.86 6101.53 6103.15 6103.78 6106.14 6109.85 6114.37 6117.35 6117.78 6118.77 6117.31 6114.38 6108.82
6136.23 6137.84 6139.8 6141.47 6142.02 6142.01 6141.04 6139.47 6137.06 6133.16 6125.61 6124.63 6123.94 6120.33 6119.49 6123.65 6130.46 6137.77 6128.19 6124.8 6124.36 6124.16 6123.98 6123.48 6121.99 6119.86 6118.75 6116.04 6113.29 6112.17 6111.25 6109.33 6096.28 6103.23 6119.16 6143.47 6171.18 6200.43 6230.13 6257.85 6280.74 6297.26 6318.56 6323.33 6315.35 6319.58 6303.77 6265.9 6207.01 6164.24 6140.84 6115.91 6091.27 6074.69 6077.93 6085.78 6091.72 6095.16 6099.92 6108 6113.64 6116.11 6116.69 6116.18 6115.12 6111.79 6106.3
6140.4 6141.72 6143.27 6144.02 6144.54 6144.64 6144.3 6142.14 6140.69 6138.98 6136.09 6131.81 6128.68 6125.59 6122.35 6120.65 6120.54 6118.98 6116.45 6119.11 6121.46 6122.47 6122.48 6121.49 6120.71 6119.61 6115.96 6111.92 6109.95 6111.03 6112.17 6109.98 6104.6 6101.6 6122.34 6151.31 6185.29 6223.49 6266.38 6314.09 6366.69 6421.07 6452.49 6455.5 6448.79 6436.08 6408 6359.14 6288.02 6225.06 6175.82 6132.39 6094.98 6066.97 6066.37 6070.97 6081.12 6090.99 6099.51 6110.44 6116.28 6117.6 6115.55 6114.78 6114.27 6111.01 6105.04
6144.12 6145.55 6146.34 6145.58 6146.02 6146.33 6146.24 6145.83 6145.7 6144.29 6144.19 6138.24 6134.44 6130.14 6125.32 6117.87 6105.53 6085.75 6103.28 6115.26 6120.17 6121.52 6121.32 6120.1 6118.27 6116.09 6112.34 6109.33 6108.82 6110.54 6113.27 6116.4 6112.23 6107.48 6124.75 6154.41 6191.85 6236.15 6288.85 6351.65 6429.12 6519.42 6568.28 6564.53 6569.06 6536.69 6496.15 6448.93 6366.49 6283.3 6211.24 6150.5 6101.93 6068.59 6059.46 6061.44 6077.15 6095.27 6110.27 6119.57 6122.55 6122.06 6118.74 6117.5 6116.02 6111.96 6105.83
6147.28 6147.11 6147.61 6147.9 6148.42 6149.1 6149.68 6150.01 6149.71 6147.52 6140.85 6139.03 6136.77 6139.61 6129.4 6120.06 6113.38 6113.28 6118.35 6121.32 6122.41 6122.02 6120.68 6118.76 6115.42 6111.25 6108.74 6106.16 6105.96 6109.66 6112.67 6113.92 6107.81 6106.39 6123.34 6151.75 6189.04 6235.23 6291.09 6360.05 6443.12 6540.96 6598.78 6591.68 6605.14 6567.44 6527.3 6493.67 6414.42 6317.16 6231.66 6161.53 6106.57 6071.91 6064.26 6062.1 6079.81 6103.76 6125.46 6130.84 6130.05 6128.6 6127.62 6125.3 6120.61 6115.68 6109.72
