real_craters/C188-1000m.grd
DSAA
100 100
-49.37 49.37
-49.37 49.37
7374.607421534 9945.9035605501
[rows 60 to 89 of 100, columns 0 to 66 of 100]
8722.31 8919.49 9045.98 9058.79 9111.02 9094.75 9077.65 9050.74 9034.9 9042.52 9041.93 9033.56 9032.84 9023.6 9004.54 9021.28 9034.83 9046.5 9039.28 9028.66 9014.92 8997.32 8977.72 8979.08 9099.79 9473.1 9443.91 9386.52 9364.21 9366.74 9383.91 9219.13 9021.37 8857.18 8752.65 8589.79 8475.01 8322.31 8177.51 7913.21 7640.43 7580.15 7572.66 7549.88 7529.79 7521.48 7491.78 7471 7466.36 7463.3 7460.8 7456.67 7449.54 7457.45 7474.83 7491.28 7508.99 7565.99 7638.42 7699.51 7784.3 7887.74 8001.32 8148.33 8460.03 8758.86 8974.7
9056.21 9014.95 9015.75 9054.73 9106.31 9093.53 9068.1 9045.07 9052.84 9044.47 9045.44 9049.28 9036.12 9029.1 9030.54 9035.31 9055.28 9071.22 9053.25 9042.57 9027.26 9001.69 8979.22 8956.86 9039.22 9329.31 9470.24 9301.35 9324.4 9324.75 9317.27 9201.99 9040.79 8873.95 8716.3 8618.41 8556.53 8468.04 8348.61 8096.22 7824.06 7695.34 7638.56 7593.66 7566.56 7546.07 7515.76 7500.63 7506 7505.06 7493.94 7481.51 7477.94 7489.71 7531.48 7537.66 7551.81 7556.85 7644.64 7764.07 7883.93 8012.6 8171.31 8410.19 8621.67 8800.36 8952.36
8987.09 8998.04 9018.8 9066.78 9095.33 9078.51 9056.58 9044.25 9061.36 9045.34 9041.14 9038.37 9035.93 9038.79 9064.28 9058.46 9059.42 9044.15 9061.73 9053.99 9044.93 9014.24 8987.25 8968.32 9032.57 9285.62 9320.09 9302.88 9324.85 9366.89 9308.9 9185.96 9006.72 8876.53 8815.85 8746.59 8640.85 8532.94 8379.44 8234.35 7999.73 7827.19 7719.25 7661.08 7612.01 7596 7564.32 7523.26 7572.85 7562.72 7542.63 7530.92 7517.37 7529.12 7559.08 7583.31 7593.66 7613.75 7717.31 7868.85 8009.7 8144.71 8280.29 8526.19 8708.66 8790.7 8916.09
8979.16 9005.72 9008.72 9033.42 9066.8 9085.04 9078.5 9062.24 9045.67 9031.48 9029.47 9031.22 9028.29 9032.63 9050.26 9068.7 9082.37 9106.69 9088.07 9066.67 9037.92 9023.72 9007.85 8986.51 9037.22 9192.27 9238.34 9320.94 9302.49 9314.68 9369.94 9195.97 9013.43 8911.45 8925.94 8899.47 8782.01 8680.79 8583.72 8425.17 8263.51 8040.46 7867.57 7793.36 7746.49 7711.03 7698.2 7680.73 7659.6 7640.44 7607.72 7568.39 7607.31 7654.53 7675.03 7667.05 7687.11 7726.04 7869.74 8029.76 8163.23 8283.68 8415.61 8586.45 8755.06 8927.17 9134.45
8987.89 9000.67 9005.67 9033.05 9040.88 9053.11 9083.76 9044.93 9021.26 9017.79 9013.95 9015.02 9022.04 9027.18 9054.2 9070.29 9080.64 9089.88 9088.67 9084.66 9070.14 9048.03 9029.94 9062.45 9150.61 9112.57 9171.44 9205.07 9228.86 9231.86 9285.28 9197.3 9051.39 8977.85 9040.14 9070.7 8927.76 8799.58 8722.08 8586.34 8467.66 8250.99 8078.05 7948.47 7876.21 7857.36 7844.64 7855.84 7799.75 7766.62 7731.5 7701.61 7752.39 7798.42 7842.83 7830.42 7862.05 7949.3 8128.28 8256.07 8366.28 8444.35 8515.17 8634.36 8881.61 9170.48 9441.55
8979.01 8976.52 8991.82 9019.36 9021.57 9048.65 9040.58 9028.74 9014.44 9012.39 9010.88 9015.23 9023.25 9034.95 9051.46 9062.54 9062.36 9054.72 9058.9 9084.58 9113.5 9066.99 9060.69 9143.2 9189.74 9153.76 9213.06 9183.45 9172.3 9189.68 9293.37 9228.06 9105.4 9024.42 9101.84 9165.05 9024.61 8882.66 8805.52 8694.8 8536.31 8467.8 8381.76 8235.61 8133.67 8042.23 7965.94 7919.54 7920.8 7927.85 7921.35 7928.92 7982.21 8012.53 8029.37 8029.85 8088.05 8160.29 8378.63 8497.49 8593.18 8667.96 8718.96 8871.64 9128.6 9356.56 9595.91
8969.75 8989.22 8996.96 8989.36 9010.27 9042.14 9021.25 9010.05 9002.11 8998.49 9008.49 9016.26 9028.2 9043.04 9062.6 9065.77 9048.68 9027.38 9009.37 9007.93 9034.44 9012.98 9067.22 9182.55 9091.9 9118.72 9185.34 9202.95 9168.37 9180.81 9357.6 9282.45 9164.09 9080.57 9095.34 9053.17 9028.19 9034.48 8990.84 8849.73 8694.75 8633.65 8687.3 8699.7 8507.51 8290.14 8140.87 8086.98 8099.92 8140.56 8158.04 8163.44 8212.54 8302.35 8263.76 8301.34 8363.67 8476.92 8622.98 8721.17 8835.52 8955.83 9049.59 9191.33 9373.92 9613.86 9557.48
8965.08 8966.75 8989.36 8998.91 8993.35 9014.38 9009.22 8990.62 8993.89 8987.58 8997.19 9011.28 9029.01 9053.03 9072.82 9059.9 9039.41 9011.59 8967.78 8896.59 8860.8 8884.75 8867.85 8877.85 8918.57 9005.8 9173.26 9181.06 9157.53 9168.94 9344.07 9307.55 9225.65 9140.67 9125.52 9084.81 9066.02 9116.68 9128.96 9006.37 8894.96 8861.07 8899.01 8971.22 8769.94 8545.85 8409.94 8406.34 8401.58 8427.14 8433.27 8412.9 8456.78 8509.38 8518.87 8562.12 8633.17 8736.59 8813.4 8956.52 9081.48 9233.73 9456.93 9471.45 9526.48 9380.85 9398.78
8969.18 8977.57 8984.55 8975.49 8969.03 8981.04 8986.6 8990.28 8983.8 8981.51 8979.62 8998.57 9019.11 9042.1 9049.04 9031.95 9021.14 9005.52 8960.81 8872.31 8823.55 8817.15 8805.48 8824.51 8878.01 9073.6 9163.63 9154.47 9143.57 9151.46 9249.89 9274.41 9269.94 9247.39 9221.2 9160.76 9123.5 9068.75 9155.4 9117.07 9045.78 8953.83 8952.64 8945.66 8885.91 8777.84 8705.77 8783.65 8773.98 8783.22 8795.68 8777.78 8801.56 8804.12 8822.66 8849.76 8898.86 8991.38 9120.3 9214.92 9273.02 9341.9 9423.89 9462.6 9429.54 9438.03 9338.06
8969.59 8975.49 8982.16 8966.64 8959.14 8959.97 8968.97 8968.95 8971.19 8984.12 8977.18 8983.02 8998.35 9011.33 8999.83 8987.11 8994.42 8997.1 8969.29 8879.04 8831.68 8803.18 8778.72 8775.45 8810.31 9189.36 9174.27 9161.26 9144.52 9132.14 9149.24 9222.94 9278.37 9370.86 9339.02 9247.36 9218.2 9190.97 9240.43 9207.26 9154.46 9046.95 9009.07 8969.93 9018.69 9020.08 9023.35 9099.72 9110.21 9143.08 9208.85 9277.53 9241.02 9199 9240.04 9245.89 9219.14 9292.72 9463.03 9447.72 9389.51 9365.67 9328.44 9391.76 9404.53 9309.41 9260.66
8973.51 8975.07 8980.7 8970.52 8954.02 8959.29 8958.95 8937.05 8936.57 8948.69 8956.18 8958.24 8966.75 8975.09 8953.98 8956.26 8975.76 8980.09 8974.06 8956.38 8892.27 8818.58 8752.6 8710.12 8791.15 9162.87 9235.75 9219.31 9186.28 9129.91 9174.23 9171.17 9212.39 9260.66 9290.79 9354.42 9361.84 9321.34 9337.15 9266.88 9216.08 9178.84 9187.78 9206.04 9216.11 9259.47 9298.93 9306.88 9384.2 9463.57 9543.65 9626.31 9591.63 9571.74 9694.12 9644.26 9548.97 9536.67 9624.95 9488.05 9405.71 9391.79 9400.53 9331.5 9315.24 9180.61 9197.95
8977.85 8982.97 8980.09 8960.09 8937.78 8923.6 8919.15 8910.58 8903.52 8898.92 8904.54 8929.6 8944.03 8945.31 8954.76 8988.04 8989.77 8976.64 8954.72 9027.99 8939.4 8842.44 8749.5 8732.5 8789.4 9100.77 9242.62 9315.41 9210.5 9149.93 9068.97 9084.96 9127.35 9146.45 9211.83 9359.88 9399.87 9397 9318.9 9317.36 9260.96 9259.64 9301.49 9353.89 9373.88 9462.7 9623.73 9646.68 9713.23 9726.4 9747.03 9733.91 9654.4 9674.41 9677.91 9595.81 9580.57 9486.01 9315.19 9320.36 9305.61 9262.54 9236.29 9220.02 9156.03 9140.63 9148.65
8974.15 8979.04 8966.38 8943.33 8924.52 8898.91 8908.72 8902.25 8897.96 8886.19 8896.44 8917 8936.81 8960.56 8993.77 9020.52 9013.95 9001.44 9014.55 8947.89 8939.23 8871.89 8787.39 8762.46 8888.53 9031.52 9000.57 9031.75 9063.51 9049.47 9038.48 9052.89 9094.65 9139.77 9193.09 9235.36 9288.92 9427.38 9430.2 9450.04 9435.41 9310.86 9236.11 9313.91 9426.72 9558.04 9714.26 9820.42 9945.9 9875.51 9811.82 9781.66 9733.17 9641.18 9570.26 9579.89 9451.54 9333.09 9243.63 9213.99 9198.85 9171.65 9153.15 9138.32 9108.98 9106.14 9112.33
8967.24 8946.64 8929.14 8916.42 8900.34 8902.36 8903.17 8900.37 8904.36 8907.44 8910.19 8917.02 8930.5 8947.16 8966.27 8998.44 9013.09 9008.08 9002.87 9019.96 8966.31 8933.77 8918.69 9000.45 9016.74 8994.67 8988.44 9001.91 9030.44 9033.7 9033.67 9050.55 9089.51 9149.47 9200.95 9127.72 9125.76 9359.19 9494.78 9567.54 9596.76 9458.92 9331.55 9328.94 9416.21 9524.98 9601.04 9708.98 9841.07 9759.24 9632.77 9586.58 9584.84 9569.75 9567.78 9342.78 9193.21 9195.07 9166.45 9130.04 9142.43 9142.24 9124.49 9107.26 9090.64 9090.45 9088.38
8932.13 8927.91 8922.56 8908.53 8905.77 8911.85 8913.05 8904.17 8901.63 8915.2 8909.17 8916.71 8925.53 8941.06 8962.49 8999.74 9015.91 9005.75 8988.92 8990.65 8976.46 8971.47 8984.16 9003.28 9005.68 9000.91 8989.8 9015.92 9037.33 9035.19 9026.52 9032.35 9067.06 9101.72 9096.99 9081.22 9071.49 9216.42 9391.65 9524.74 9595.01 9498.39 9391.02 9359.08 9377.12 9425.63 9486.42 9459.8 9490.39 9487.96 9427.71 9400.72 9379.88 9380.71 9380.5 9228.44 9143.77 9129.98 9121.91 9119.9 9119.39 9116.51 9108.08 9092.87 9086.91 9074.07 9061.35
8921.33 8928.9 8923.3 8923.74 8924.75 8921.65 8907.89 8898.95 8893.2 8893.94 8911.86 8918.12 8923.03 8935.8 8971.36 9005.59 9020 9005.44 8979.4 8972.2 8986.53 8992.76 8989.03 9009.62 9017.04 9007.39 9010.6 9026.07 9034.83 9030.6 9017.26 9014.77 9034.27 9046.69 9025.92 9040.63 9048.59 9134.49 9244.51 9378.78 9497.59 9456.68 9324.36 9314.97 9290.96 9294.77 9293.33 9271.1 9297.65 9319.75 9322.87 9308.82 9267.63 9236.16 9178.39 9165.87 9147.96 9131.8 9118.21 9118.49 9109.32 9098.66 9090.42 9078.65 9064.89 9061.83 9059.16
8914.68 8927.63 8935.62 8934.38 8925.84 8915.75 8908.18 8902.33 8895.12 8894.85 8913.45 8922.99 8925.79 8935.7 8966.67 9007.21 9035.9 9014.68 8992.98 8982.06 8989.68 9006.31 9026.69 9024.55 9021.73 9030.88 9047.16 9043.13 9038.69 9027.9 9016.37 9008.66 9019.86 9026.88 9029.15 9029.12 9026.65 9071.58 9101.26 9205 9373.05 9412.53 9370.67 9252.84 9218.02 9199.3 9174.72 9188.12 9216.13 9229.27 9280.8 9271.82 9262.98 9242.26 9210.49 9195.38 9174.79 9146.58 9125.64 9110.25 9103.69 9096.75 9077.68 9067.03 9060.09 9057.04 9051.19
8915.84 8916.78 8921.07 8927.05 8920.38 8907.63 8912.55 8911.85 8904.37 8915.16 8943.13 8933.56 8934.09 8946.77 8964.31 8995.32 9030.69 9011.86 8986.7 8976.85 8995.79 9011.62 9021.31 9023.88 9033.42 9035.16 9055.28 9039.93 9033.31 9021.81 9019.83 9021.62 9021.67 9021.37 9025.04 9011.46 9015.83 9064.01 9054.84 9069.8 9166.93 9243.8 9229.16 9136.06 9124.38 9119.88 9133.95 9200.27 9207.77 9207.42 9230.59 9236.69 9239.64 9236.95 9220.69 9218.45 9197.15 9153.12 9134.21 9119.88 9095.63 9074.31 9065.63 9057.08 9049.94 9043.26 9037.16
8909.84 8912.39 8914.28 8915.83 8917.68 8913.29 8903.09 8920.41 8904.7 8908.17 8916.65 8935.36 8936.32 8946.14 8968.14 8995.17 9008.57 8992.78 8984.13 8989.54 9001.41 9015.9 9025.12 9025.11 9024.43 9019.65 9027.48 9017.23 9007.83 9014.16 9020.57 9028.07 9024.66 9017.68 9007.65 9004.75 9058.57 9075.42 9056.3 9040.92 9049.98 9059.31 9028.56 9050.67 9054.43 9049.39 9056.74 9133.69 9174.54 9210.58 9192.08 9184.36 9185.17 9197.51 9209.8 9186.12 9145.92 9141.01 9131.32 9119.41 9091.65 9066.41 9058.76 9051.5 9045.91 9044.66 9031.95
8910.48 8911.26 8912.36 8906.76 8910.73 8903.41 8909.38 8920.11 8899.66 8917.61 8934.72 8950.88 8958.86 8959.13 8963.72 8973.06 8958.53 8963.8 8961.11 8999.07 8998.37 9001.55 9005.86 9003.51 8992.23 9001.92 9011.09 9015.27 9007.65 9009.83 9015.6 9020.7 9018.31 9011.97 9004 9005.31 9027.94 9063.4 9056.51 9059.55 9048.97 9038.27 9030.63 9029.34 9022.92 9007.64 8995.15 9015.24 9053.55 9105.67 9113.59 9105.28 9107.45 9131.26 9165.65 9146.17 9134.8 9126.43 9123.9 9119.53 9093.86 9069.86 9062.39 9057.26 9047.49 9036.66 9028.18
8916.09 8927.55 8922.74 8915.48 8895.71 8897.35 8902.37 8902.64 8905.98 8934.8 8959.08 8964.74 8979.73 8965.17 8945.87 8925.59 8953.59 8958.75 8962.95 8976.43 8986.53 8978.49 8986.55 8988.66 8990.76 8994.67 8990.05 8983.75 9003.13 9003.79 9005.98 9009.49 9007.62 9003.82 9006.66 9012.37 9027.84 9045.89 9037.88 9031.72 9025.04 9032.01 9030.74 9023.89 9019.65 9006.25 8989.43 8977.51 8979.11 8972.39 8993.39 9027.44 9036.66 9049.69 9089.71 9095.96 9091.67 9103.34 9113.49 9117.97 9102.85 9081.32 9069.84 9057.06 9047.23 9032.07 9025.67
8920.02 8929.14 8923.82 8921.46 8898.87 8898.83 8907.75 8904.79 8916.24 8930.43 8944.98 8945.1 8942.98 8940.84 8937.23 8940.52 8948.2 8957.15 8971.82 8986.6 8987.89 8980.68 8990.79 8999.69 8991 8988.85 8976.47 8961.3 8974.62 8989.71 8993.18 8992.22 8989.49 8989.98 8991.22 9004.1 9026.03 9016.44 9013.47 8981.74 8990.42 8983.09 9007.75 9026.45 9026.94 9024.49 9012.68 8990.21 8977.11 8970.15 8976.44 8993.73 9007.01 9016.99 9040.44 9059.02 9078.47 9094.85 9102.62 9107.63 9102.73 9086 9075.01 9073.79 9052.88 9040.68 9028.39
8918.51 8914.29 8916.95 8909.89 8895.7 8903.87 8908.59 8913.49 8908.29 8914 8919.95 8919.14 8914.87 8919.95 8926.22 8934.91 8935.45 8943.54 8962.21 8986.95 8994.04 8988.53 8993.8 8982.77 8979.21 8987.74 8973.38 8964.56 8974.76 8983.15 8981.28 8975.59 8972.41 8977.72 8979.8 8995.42 9017.03 9032.31 9019.44 9005.1 8994.46 8999.08 9019.78 9032.42 9032.28 9030.44 9020.51 8998.46 8981.68 8972.75 8980.11 8994.9 9003.45 9012.95 9019.71 9028.77 9072.2 9091.02 9086.32 9081.06 9083.22 9075.44 9066.61 9057.13 9042.76 9029.11 9012.52
8903.67 8912.9 8923.7 8907.17 8890.15 8901.43 8905.33 8906.76 8902.86 8899.67 8907.64 8906.57 8901.42 8907.24 8913 8916.18 8924.99 8926.14 8936.4 8968.4 8989.43 8996.08 8987.54 8985.03 8987.51 8985.84 8969.2 8957.42 8969.26 8972.17 8972.46 8972.11 8971.33 8977.57 8980.24 8977.8 8992.06 8998.22 9018.32 9024.12 9023.6 9048.52 9042.68 9039.92 9032.79 9020.62 9012.42 9004.04 8998.23 8990.76 8999.66 9003.86 9007.69 9007.08 9017 9021.89 9045.79 9062.5 9064.37 9058.98 9055.19 9055.71 9056.08 9048.61 9030.79 9015.12 9011.49
8907.99 8940.95 8925.57 8898.51 8897.23 8897.59 8898.53 8897.11 8896.23 8903.65 8906.02 8901.86 8895.75 8899.59 8902.71 8903.8 8907.62 8903.53 8915.24 8945.33 8973.43 8991.68 8979.68 8970.15 8982.45 8979.62 8960.98 8940.3 8944.8 8957.08 8970.8 8978.82 8987.65 8984.58 8980.98 8978.13 8989.76 9006.71 9020.28 9025.37 9028.97 9044.83 9043.2 9037.99 9031.94 9020.06 9013.53 9008.92 9001.83 8992.21 9009.77 9012.46 9015.51 9020.7 9024.31 9018.65 9028.53 9039.44 9040.83 9036.44 9029.2 9042.28 9044.47 9032.9 9022.64 9005.97 9007.45
8920.72 8919.93 8911.3 8899.76 8892.14 8898.82 8896.64 8892.65 8892.25 8903.64 8904.51 8895.32 8896.56 8897.74 8898.08 8897.09 8897.01 8896.92 8909.86 8936.1 8956.76 8968.3 8973.53 8978.99 8986.62 8974.45 8956.02 8943.93 8932.4 8960.99 8977.91 8982.65 8983.72 8986.05 8986.68 8982.39 8990.95 9009.78 9027.34 9039.72 9045.8 9029.29 9034.15 9038.01 9032.14 9028.82 9019.38 9014.19 9015.43 9011.28 9009.46 9014.32 9023.1 9029.11 9016.44 9002.75 9013.26 9028.13 9022.57 9017.76 9023.2 9028.17 9026.65 9034.41 9010.1 8999.92 8995.16
8923.75 8920.88 8905.82 8897.6 8896.47 8893.41 8895.93 8894.49 8897.67 8906.8 8910.45 8904.88 8903.17 8900.66 8897.99 8894.41 8895.09 8898.22 8914.62 8937.42 8966.84 8983.61 8985.05 8985.74 8985.04 8958.59 8957.36 8957.85 8963.06 8991.85 8990.35 8984.75 8975.03 8979.27 8985.52 8972.51 8989.62 9002.66 9025.96 9041.08 9036.54 9026.12 9023.22 9020.41 9023.09 9023.38 9020.43 9014.44 9012.52 9009.02 9004.3 9009.86 9014.66 9013.5 8994.48 8979.34 8990.65 8998.86 9009.34 9004.81 9012.72 9013.55 9005.78 8992.84 8998.15 8997.57 8997.72
8926.92 8919.93 8909.92 8903.39 8904.07 8896.83 8895.27 8895.55 8901.76 8907.97 8911.03 8913.64 8912.47 8907.74 8902.28 8897.25 8897.24 8909.2 8919.5 8937.69 8960.02 8983.35 8985.15 8980.58 8977.89 8974.37 8971.29 8978.68 8990.65 9004.64 8998.73 8987.31 8975.25 8972.08 8972.14 8968.87 8985.96 8986.5 9001.6 9021.96 9026.4 9019.82 9014.92 9009.75 9009.29 9011.92 9011.41 9007.54 9005.73 9015.91 9011.29 9005.56 9007.35 9005.58 8997.69 8973.96 8972.79 9007.16 9005.52 9000.04 8999.58 9010.53 9007.25 8999.8 8990.73 8990.65 9000.79
8923.51 8920.63 8919.1 8909.75 8898.14 8897.02 8898.23 8903.55 8908.07 8909.7 8910.36 8917.17 8919.68 8914.35 8908.5 8902.64 8891.01 8898.44 8920.23 8941.4 8954.99 8971.26 8980.15 8987.85 8988.37 8985.18 8983.42 8990.89 9009.22 9015.48 8997.51 8984.68 8980.97 8966.98 8948.4 8953.84 8968.09 8978.67 8987.92 9006.43 9020.79 9013.8 9011.96 9012.87 9007.54 9001.9 9003.51 9003.07 8998.81 8995.67 8996.02 8998.83 9008.57 9007.8 8997.35 8985.2 8984.4 8990.86 8994.67 8999.18 8994.31 9004.13 9003.36 8992.38 8980.82 8980.92 8988.25
8900.38 8899.07 8914.72 8917.3 8911.36 8905.09 8907.39 8922.96 8920.38 8920.36 8927.05 8930.13 8927.23 8923.2 8916.79 8911.39 8908.81 8907.68 8924.96 8949.66 8971.24 8966.02 8962.98 8978.11 8990.62 9003.45 8999.46 9000.53 9006.89 8990.47 8978.12 8971.65 8965.39 8951.72 8937.2 8940.93 8951.47 8975.46 8999.37 8996.71 8996.8 9006.1 9011.77 9008.75 9007.23 9008.19 9003.77 9001.79 8997.69 8985.04 8983.11 8993.65 9010.24 9017.34 9016.08 8997.23 8988.42 8965.65 8975.39 9003.54 9013.61 9010.76 8998.88 8985.27 8967.7 8966.42 8971.37
