real_craters/C188-750m.grd
DSAA
231 231
-86.3975 86.3975
-86.3975 86.3975
2413.6203281702 4483.13481928
[rows 190 to 227 of 231, columns 84 to 167 of 231]
3615 3610 3601 3596 3603 3607 3602 3603 3609 3613 3615 3618 3623 3629 3623 3618 3610 3610 3615 3620 3623 3619 3616 3612 3613 3615 3631 3625 3624 3632 3651 3664 3658 3651 3634 3628 3626 3624 3639 3641 3637 3618 3619 3628 3634 3639 3642 3641 3623 3614 3623 3622 3622 3620 3618 3622 3632 3635 3640 3641 3644 3648 3650 3657 3666 3675 3674 3672 3670 3670 3667 3671 3678 3684 3685 3685 3681 3684 3673 3672 3669 3671 3676 3682
3627 3615 3606 3597 3595 3587 3587 3598 3606 3611 3612 3615 3617 3615 3616 3615 3617 3610 3614 3619 3620 3619 3617 3615 3614 3615 3632 3633 3632 3639 3653 3657 3652 3634 3629 3624 3627 3626 3638 3643 3633 3626 3626 3624 3628 3634 3639 3640 3623 3618 3621 3628 3625 3623 3622 3625 3641 3641 3640 3643 3645 3648 3652 3652 3664 3671 3670 3668 3666 3666 3662 3665 3673 3681 3684 3686 3687 3690 3686 3673 3667 3670 3672 3669
3626 3611 3596 3590 3584 3581 3587 3594 3599 3604 3607 3609 3609 3611 3611 3617 3619 3616 3617 3621 3621 3617 3616 3615 3616 3617 3623 3633 3640 3641 3639 3647 3646 3635 3630 3628 3622 3627 3635 3638 3629 3628 3628 3626 3627 3629 3629 3624 3622 3620 3621 3624 3625 3623 3623 3630 3651 3646 3643 3643 3646 3650 3657 3667 3665 3667 3668 3668 3665 3661 3659 3661 3668 3677 3682 3687 3689 3688 3680 3672 3669 3673 3677 3682
3609 3598 3583 3580 3579 3584 3596 3595 3594 3596 3600 3604 3607 3608 3609 3615 3622 3621 3623 3624 3625 3621 3618 3616 3615 3617 3621 3630 3641 3642 3639 3639 3636 3633 3629 3626 3626 3627 3629 3631 3626 3626 3626 3625 3625 3625 3623 3624 3622 3619 3624 3625 3622 3620 3619 3633 3652 3644 3641 3644 3646 3649 3652 3654 3658 3663 3666 3667 3665 3665 3658 3658 3662 3668 3676 3683 3682 3686 3686 3686 3685 3681 3681 3684
3596 3588 3580 3577 3580 3598 3602 3592 3584 3589 3595 3601 3608 3610 3611 3614 3619 3627 3627 3626 3625 3623 3619 3614 3615 3615 3618 3626 3638 3640 3641 3638 3638 3637 3638 3632 3629 3626 3628 3629 3629 3623 3624 3625 3623 3624 3621 3623 3620 3620 3625 3633 3626 3623 3621 3631 3645 3645 3644 3644 3646 3647 3646 3647 3646 3655 3661 3661 3657 3653 3653 3653 3660 3667 3671 3672 3677 3686 3687 3686 3686 3686 3683 3680
3588 3586 3582 3572 3583 3597 3590 3588 3583 3585 3590 3597 3604 3607 3605 3610 3616 3625 3627 3627 3626 3625 3623 3620 3618 3618 3619 3624 3634 3636 3634 3634 3642 3640 3642 3643 3634 3626 3619 3623 3622 3626 3626 3624 3625 3625 3622 3623 3623 3622 3634 3641 3631 3629 3629 3627 3637 3643 3644 3645 3647 3648 3648 3648 3647 3648 3653 3657 3656 3655 3657 3660 3663 3668 3670 3672 3687 3684 3686 3700 3696 3691 3688 3684
3591 3590 3581 3581 3586 3600 3601 3592 3583 3583 3589 3594 3600 3604 3604 3608 3615 3623 3629 3631 3631 3631 3629 3624 3620 3618 3622 3625 3627 3633 3639 3642 3645 3644 3638 3638 3635 3628 3624 3623 3626 3629 3627 3625 3627 3626 3622 3624 3624 3623 3635 3636 3630 3632 3633 3642 3637 3634 3642 3644 3646 3648 3649 3650 3649 3651 3652 3652 3658 3659 3660 3661 3665 3665 3665 3667 3668 3680 3691 3695 3698 3695 3692 3690
3597 3599 3597 3592 3589 3590 3607 3595 3582 3583 3587 3591 3594 3601 3603 3607 3616 3629 3636 3637 3636 3635 3631 3627 3623 3619 3627 3629 3627 3634 3642 3650 3644 3642 3638 3639 3637 3633 3629 3624 3628 3631 3628 3623 3626 3628 3627 3626 3623 3622 3623 3626 3627 3631 3636 3645 3647 3646 3644 3645 3646 3648 3653 3653 3652 3656 3656 3652 3655 3657 3659 3664 3663 3666 3663 3663 3674 3686 3695 3701 3697 3696 3692 3691
3603 3605 3597 3586 3585 3585 3594 3590 3581 3582 3585 3592 3603 3602 3603 3603 3618 3637 3646 3643 3641 3640 3638 3633 3628 3626 3633 3631 3631 3636 3642 3641 3640 3638 3646 3642 3643 3634 3628 3624 3628 3632 3626 3623 3624 3626 3628 3627 3624 3622 3624 3624 3627 3631 3634 3646 3651 3650 3646 3645 3645 3645 3640 3646 3650 3654 3655 3654 3653 3655 3656 3652 3657 3659 3658 3664 3675 3681 3701 3698 3700 3697 3695 3692
3602 3616 3597 3581 3581 3584 3586 3581 3580 3583 3586 3585 3583 3598 3606 3614 3629 3636 3636 3649 3647 3642 3637 3634 3630 3629 3628 3629 3633 3638 3644 3645 3639 3634 3636 3640 3641 3634 3628 3619 3623 3620 3622 3618 3623 3627 3628 3632 3629 3624 3623 3627 3634 3634 3635 3639 3635 3638 3644 3645 3646 3646 3643 3652 3655 3657 3653 3653 3652 3656 3657 3657 3660 3661 3661 3669 3679 3685 3689 3695 3698 3700 3700 3695
3603 3607 3595 3581 3581 3583 3580 3578 3583 3586 3591 3597 3601 3605 3607 3600 3628 3636 3641 3658 3648 3639 3632 3630 3630 3630 3629 3630 3634 3640 3646 3645 3639 3633 3634 3636 3642 3653 3631 3623 3620 3627 3624 3621 3623 3626 3629 3629 3626 3624 3625 3634 3647 3638 3635 3647 3647 3644 3646 3648 3648 3651 3659 3672 3675 3665 3658 3656 3657 3658 3660 3666 3666 3666 3670 3677 3684 3690 3690 3687 3699 3703 3701 3701
3583 3586 3589 3583 3579 3581 3579 3581 3584 3590 3597 3605 3612 3618 3622 3605 3614 3632 3637 3633 3636 3633 3626 3624 3629 3630 3627 3626 3632 3638 3645 3643 3639 3632 3635 3638 3636 3629 3632 3626 3630 3632 3630 3627 3626 3625 3630 3631 3626 3622 3628 3643 3649 3643 3647 3652 3653 3653 3653 3653 3652 3652 3655 3669 3673 3665 3661 3661 3663 3661 3660 3660 3662 3669 3677 3682 3695 3705 3697 3695 3699 3703 3712 3700
3573 3577 3582 3583 3581 3586 3603 3586 3586 3593 3602 3614 3627 3624 3619 3612 3623 3629 3624 3621 3626 3628 3624 3622 3629 3634 3628 3630 3629 3636 3640 3635 3638 3637 3641 3640 3637 3634 3635 3632 3634 3638 3635 3632 3629 3624 3629 3634 3628 3622 3626 3647 3652 3646 3650 3649 3645 3656 3657 3658 3658 3656 3653 3656 3661 3660 3655 3659 3662 3661 3659 3659 3662 3669 3678 3683 3689 3694 3693 3694 3694 3698 3698 3702
3574 3572 3577 3581 3581 3585 3586 3586 3588 3594 3602 3612 3622 3620 3618 3616 3619 3625 3624 3622 3623 3625 3624 3623 3629 3635 3631 3632 3633 3635 3634 3634 3640 3646 3639 3635 3636 3633 3639 3634 3638 3640 3640 3642 3644 3638 3634 3640 3630 3631 3629 3652 3650 3645 3646 3651 3662 3665 3662 3663 3665 3667 3664 3664 3662 3660 3655 3654 3658 3659 3659 3658 3658 3667 3674 3683 3690 3685 3687 3692 3699 3696 3696 3699
3572 3574 3577 3587 3593 3592 3581 3588 3589 3594 3600 3607 3616 3617 3617 3615 3620 3624 3626 3625 3624 3621 3618 3619 3625 3630 3632 3626 3636 3635 3633 3636 3639 3635 3635 3635 3637 3641 3643 3636 3636 3642 3642 3645 3645 3635 3638 3640 3641 3650 3632 3655 3655 3651 3647 3650 3658 3652 3658 3663 3668 3675 3670 3663 3667 3665 3658 3655 3660 3662 3661 3660 3659 3670 3679 3684 3687 3690 3687 3694 3694 3697 3700 3702
3569 3573 3580 3595 3610 3603 3588 3584 3589 3595 3600 3603 3610 3614 3617 3619 3628 3625 3628 3626 3626 3625 3618 3611 3624 3632 3634 3635 3637 3637 3635 3635 3636 3635 3637 3640 3638 3638 3636 3635 3634 3640 3640 3644 3647 3641 3642 3644 3647 3663 3642 3658 3660 3656 3641 3646 3645 3654 3656 3661 3665 3668 3674 3677 3677 3676 3670 3666 3668 3667 3666 3666 3673 3675 3678 3680 3688 3696 3696 3702 3703 3709 3713 3717
3570 3572 3577 3597 3613 3611 3593 3587 3590 3598 3604 3610 3610 3614 3617 3626 3631 3627 3629 3628 3628 3630 3628 3627 3630 3636 3644 3646 3640 3637 3636 3639 3636 3639 3644 3654 3642 3632 3637 3635 3637 3637 3636 3640 3642 3648 3648 3649 3651 3656 3665 3659 3661 3661 3647 3648 3650 3645 3656 3659 3661 3664 3675 3686 3688 3688 3683 3682 3679 3675 3672 3669 3669 3676 3680 3683 3689 3697 3707 3722 3728 3727 3731 3733
3574 3573 3582 3600 3613 3612 3598 3588 3592 3602 3612 3618 3614 3616 3619 3624 3632 3633 3624 3627 3628 3631 3638 3646 3633 3631 3637 3634 3634 3638 3643 3661 3658 3648 3640 3648 3646 3639 3638 3636 3637 3635 3634 3636 3638 3638 3644 3648 3650 3652 3663 3660 3658 3652 3653 3644 3643 3655 3663 3663 3661 3662 3675 3685 3694 3698 3693 3693 3688 3681 3677 3673 3669 3678 3686 3691 3697 3711 3713 3719 3733 3737 3752 3758
3578 3578 3592 3602 3611 3614 3603 3589 3595 3606 3616 3614 3616 3620 3623 3628 3640 3637 3633 3624 3628 3633 3640 3645 3629 3626 3634 3630 3625 3639 3663 3689 3700 3669 3642 3652 3649 3638 3638 3636 3638 3638 3637 3639 3634 3637 3641 3644 3647 3647 3657 3657 3652 3648 3653 3650 3652 3674 3673 3667 3667 3673 3686 3694 3696 3698 3690 3696 3689 3685 3681 3678 3676 3676 3682 3684 3697 3714 3727 3743 3758 3765 3776 3780
3575 3585 3600 3603 3600 3594 3608 3613 3610 3613 3616 3612 3618 3626 3635 3637 3643 3645 3648 3635 3631 3631 3635 3635 3630 3629 3635 3642 3643 3646 3669 3679 3689 3674 3651 3654 3649 3640 3638 3639 3637 3637 3638 3646 3651 3638 3641 3643 3646 3650 3656 3654 3652 3653 3650 3646 3643 3662 3669 3666 3666 3669 3678 3687 3689 3686 3679 3677 3681 3682 3683 3685 3689 3693 3691 3693 3709 3749 3732 3765 3779 3784 3799 3804
3558 3591 3605 3607 3599 3597 3606 3615 3614 3621 3625 3621 3626 3634 3640 3643 3642 3646 3645 3644 3634 3627 3634 3636 3631 3631 3636 3645 3642 3642 3661 3674 3670 3665 3654 3651 3649 3646 3643 3641 3642 3638 3640 3648 3639 3639 3640 3641 3644 3648 3653 3651 3647 3647 3644 3638 3641 3651 3658 3662 3660 3665 3675 3679 3683 3681 3677 3670 3673 3679 3685 3690 3694 3695 3705 3719 3722 3725 3744 3767 3781 3804 3823 3831
3573 3596 3615 3610 3600 3595 3598 3609 3619 3630 3639 3633 3637 3643 3649 3645 3641 3646 3649 3646 3642 3639 3639 3637 3632 3633 3638 3644 3641 3639 3640 3639 3647 3650 3656 3657 3654 3645 3640 3639 3645 3633 3636 3649 3648 3638 3639 3642 3643 3647 3650 3645 3638 3639 3638 3637 3646 3650 3650 3662 3672 3673 3667 3678 3685 3681 3670 3662 3668 3677 3685 3691 3695 3701 3711 3722 3731 3735 3768 3798 3809 3803 3835 3846
3570 3588 3608 3603 3597 3593 3595 3603 3622 3635 3647 3647 3649 3653 3651 3647 3643 3647 3649 3651 3654 3651 3647 3642 3633 3634 3636 3639 3641 3640 3633 3633 3633 3640 3660 3669 3664 3653 3637 3644 3642 3641 3639 3639 3638 3638 3640 3642 3645 3647 3648 3644 3635 3635 3639 3641 3650 3655 3652 3666 3679 3678 3677 3682 3689 3686 3670 3669 3675 3680 3685 3692 3701 3708 3718 3725 3746 3782 3805 3803 3797 3839 3835 3843
3571 3580 3591 3592 3593 3593 3594 3600 3613 3634 3659 3663 3666 3665 3662 3652 3642 3640 3642 3645 3655 3661 3655 3649 3641 3636 3634 3635 3640 3635 3631 3634 3631 3635 3655 3668 3668 3660 3652 3653 3645 3641 3634 3637 3637 3641 3644 3644 3646 3647 3647 3645 3643 3643 3643 3642 3649 3652 3659 3669 3679 3679 3680 3686 3692 3690 3682 3685 3688 3686 3686 3690 3699 3713 3722 3728 3749 3783 3775 3769 3768 3835 3823 3835
3577 3578 3580 3587 3590 3592 3594 3601 3612 3634 3671 3682 3682 3679 3671 3658 3644 3641 3642 3641 3655 3659 3655 3652 3656 3639 3633 3634 3635 3633 3627 3633 3632 3635 3645 3653 3667 3667 3666 3665 3652 3639 3635 3638 3639 3642 3646 3648 3647 3647 3647 3652 3655 3646 3643 3646 3651 3652 3662 3670 3674 3676 3680 3686 3693 3694 3695 3691 3690 3687 3687 3688 3691 3717 3723 3713 3740 3767 3758 3750 3759 3830 3843 3839
3585 3584 3586 3592 3593 3593 3600 3607 3614 3642 3682 3694 3696 3692 3682 3665 3647 3644 3646 3637 3634 3647 3650 3648 3637 3635 3632 3632 3633 3640 3639 3635 3633 3635 3644 3651 3659 3669 3661 3664 3654 3638 3635 3636 3641 3643 3648 3650 3651 3648 3644 3639 3644 3651 3650 3653 3660 3670 3666 3668 3669 3672 3676 3683 3687 3683 3680 3683 3684 3686 3687 3689 3695 3722 3722 3714 3747 3809 3746 3756 3757 3821 3831 3840
3596 3594 3594 3600 3598 3596 3613 3619 3628 3652 3684 3701 3708 3710 3696 3673 3653 3650 3650 3642 3637 3640 3644 3645 3639 3635 3631 3631 3641 3657 3654 3638 3635 3638 3652 3672 3668 3660 3665 3676 3659 3643 3638 3637 3641 3645 3648 3651 3654 3650 3645 3641 3646 3658 3658 3661 3666 3669 3664 3664 3666 3674 3678 3680 3682 3675 3672 3678 3681 3686 3689 3692 3698 3708 3719 3723 3732 3763 3818 3817 3857 3821 3823 3842
3601 3602 3604 3607 3606 3609 3620 3632 3643 3654 3688 3701 3712 3723 3705 3677 3655 3653 3658 3647 3638 3639 3643 3642 3640 3629 3629 3631 3637 3657 3650 3639 3636 3639 3658 3682 3673 3660 3668 3672 3662 3648 3642 3640 3644 3648 3651 3654 3659 3658 3654 3649 3654 3661 3666 3668 3669 3668 3667 3664 3665 3670 3674 3674 3673 3670 3672 3680 3690 3691 3691 3693 3701 3703 3718 3732 3742 3752 3783 3805 3811 3810 3815 3830
3607 3599 3599 3606 3613 3622 3628 3641 3650 3659 3681 3695 3705 3710 3700 3679 3659 3661 3664 3647 3643 3640 3644 3644 3637 3634 3632 3633 3637 3636 3638 3635 3638 3645 3663 3681 3677 3680 3672 3672 3670 3662 3648 3646 3649 3650 3652 3659 3669 3668 3664 3664 3671 3666 3672 3673 3673 3673 3670 3667 3669 3672 3677 3676 3666 3665 3670 3682 3694 3694 3691 3688 3685 3696 3716 3729 3739 3753 3770 3792 3817 3819 3816 3812
3602 3604 3603 3614 3621 3631 3644 3647 3653 3662 3673 3685 3693 3695 3693 3683 3673 3677 3671 3652 3643 3640 3645 3650 3639 3635 3635 3636 3636 3637 3618 3630 3639 3650 3668 3692 3701 3685 3680 3687 3691 3684 3658 3672 3656 3652 3659 3674 3685 3679 3674 3672 3675 3676 3686 3678 3675 3673 3672 3680 3679 3681 3686 3691 3684 3669 3671 3682 3692 3694 3691 3688 3689 3695 3705 3724 3732 3750 3761 3776 3802 3801 3820 3811
3597 3607 3612 3624 3621 3614 3624 3640 3655 3666 3666 3675 3685 3692 3689 3685 3684 3682 3671 3665 3640 3636 3640 3645 3641 3639 3638 3638 3639 3642 3640 3637 3645 3655 3673 3704 3719 3719 3703 3708 3722 3723 3718 3671 3658 3659 3674 3697 3690 3690 3686 3680 3683 3686 3681 3679 3678 3677 3676 3674 3680 3685 3691 3697 3689 3675 3676 3684 3691 3694 3692 3690 3694 3703 3714 3724 3742 3754 3765 3787 3792 3802 3825 3819
3599 3601 3606 3608 3609 3613 3620 3638 3660 3669 3660 3667 3677 3682 3683 3681 3676 3657 3652 3637 3629 3630 3635 3638 3640 3639 3639 3640 3642 3643 3642 3647 3654 3667 3692 3715 3738 3742 3740 3736 3746 3749 3742 3715 3682 3680 3705 3715 3704 3703 3698 3686 3680 3687 3683 3680 3682 3682 3674 3670 3675 3683 3688 3694 3689 3679 3681 3686 3693 3696 3695 3695 3699 3709 3717 3725 3737 3758 3771 3775 3784 3795 3810 3811
3599 3601 3603 3599 3602 3614 3634 3649 3648 3642 3652 3661 3668 3673 3674 3673 3667 3646 3640 3627 3623 3628 3639 3645 3642 3640 3640 3641 3641 3642 3651 3658 3664 3672 3684 3720 3756 3758 3771 3762 3776 3768 3754 3748 3727 3718 3704 3767 3734 3715 3711 3702 3686 3688 3692 3688 3688 3688 3690 3680 3670 3673 3682 3691 3690 3688 3686 3688 3691 3693 3698 3703 3707 3713 3719 3730 3742 3757 3768 3772 3786 3787 3791 3789
3599 3600 3598 3603 3606 3613 3633 3643 3635 3629 3648 3653 3659 3661 3663 3663 3662 3640 3637 3626 3620 3624 3636 3644 3644 3641 3642 3645 3648 3652 3664 3669 3675 3684 3695 3733 3768 3785 3787 3794 3792 3789 3774 3763 3755 3746 3747 3733 3723 3717 3713 3704 3704 3709 3711 3700 3694 3689 3684 3672 3676 3677 3678 3677 3685 3689 3689 3691 3694 3699 3703 3709 3714 3719 3730 3737 3744 3758 3769 3777 3791 3805 3792 3774
3601 3595 3594 3602 3610 3617 3620 3622 3628 3628 3634 3642 3648 3649 3648 3647 3645 3634 3637 3633 3622 3622 3630 3640 3649 3643 3645 3650 3655 3659 3667 3674 3686 3700 3724 3750 3789 3805 3811 3810 3817 3812 3800 3790 3768 3761 3745 3731 3717 3717 3716 3722 3716 3731 3732 3712 3704 3694 3677 3674 3675 3678 3681 3680 3680 3682 3689 3694 3700 3708 3709 3714 3721 3728 3743 3750 3756 3766 3779 3792 3806 3813 3794 3785
3607 3602 3604 3617 3616 3613 3610 3609 3619 3620 3626 3633 3634 3635 3634 3629 3624 3627 3642 3641 3629 3628 3625 3634 3648 3653 3654 3652 3655 3664 3674 3686 3698 3714 3729 3750 3773 3806 3822 3833 3828 3825 3816 3802 3780 3774 3748 3731 3723 3722 3725 3724 3723 3739 3742 3736 3723 3703 3687 3690 3681 3683 3689 3691 3689 3689 3692 3696 3702 3707 3711 3716 3731 3743 3753 3768 3772 3773 3784 3805 3831 3835 3809 3804
3612 3613 3615 3610 3603 3609 3608 3605 3613 3615 3626 3628 3624 3626 3624 3620 3616 3623 3631 3637 3630 3632 3626 3628 3634 3650 3655 3651 3650 3658 3691 3697 3711 3731 3750 3764 3757 3792 3819 3842 3837 3833 3821 3805 3793 3779 3764 3750 3728 3729 3734 3736 3733 3737 3752 3761 3741 3710 3688 3682 3684 3687 3694 3696 3691 3692 3695 3699 3703 3708 3717 3731 3746 3761 3769 3775 3777 3782 3792 3807 3842 3838 3811 3821
3612 3613 3611 3600 3597 3609 3610 3617 3618 3611 3618 3621 3622 3623 3621 3619 3620 3623 3628 3629 3626 3637 3637 3632 3636 3653 3665 3655 3658 3676 3678 3692 3722 3751 3780 3798 3814 3810 3827 3839 3853 3853 3838 3818 3810 3782 3767 3762 3741 3744 3742 3755 3745 3744 3750 3751 3734 3709 3689 3680 3684 3691 3694 3694 3693 3696 3700 3704 3707 3708 3718 3734 3757 3777 3779 3769 3780 3789 3797 3825 3848 3838 3816 3832
