real_craters/C188-500m.grd
DSAA
347 347
-86.3975 86.3975
-86.3975 86.3975
2413.8245056214 4498.3004742451
[rows 180 to 209 of 347, columns 67 to 133 of 347]
3663.52 3668.98 3673.36 3674.41 3678.22 3690.65 3707.62 3726.97 3745.47 3765.52 3766.86 3768.2 3771.84 3775.6 3792.72 3800.33 3800.25 3800.09 3801.61 3802.72 3796.66 3794.26 3792.44 3788.46 3789.31 3800.92 3806.67 3810.85 3811.57 3811.15 3807.37 3801.43 3793.39 3779.7 3766.56 3759.16 3754.76 3752.94 3752.2 3753.1 3754.64 3757.53 3768.98 3775.93 3778.37 3789.57 3799.15 3808.84 3818.5 3826.59 3833.88 3841.45 3851.06 3877.88 3912.24 3988.51 4067.87 4121.76 4051.58 3833.64 3679.35 3556.51 3476.54 3376.68 3268.24 3160.93 3067.68
3665.68 3667.39 3668.98 3673.65 3681.69 3692.98 3709.52 3725.6 3744.81 3762.55 3773.08 3784.55 3785.18 3785.64 3786.73 3786.26 3791.45 3793.48 3793.3 3795.35 3793.97 3793.4 3799.82 3800.27 3800.87 3815.45 3820.46 3821.29 3820.9 3818.21 3816.48 3810.58 3802.4 3789.3 3778.36 3771.67 3768.12 3765.66 3765.73 3763.42 3760.59 3762.34 3767.64 3768.78 3773.41 3785.51 3796.57 3807.02 3817.73 3829.27 3843.57 3859.1 3880.12 3906.51 3948 4026.53 4084.22 4118.01 4106.36 3875.16 3710.59 3589.92 3531.45 3432.13 3310.31 3176.96 3061.04
3669.83 3668.46 3669.29 3674.03 3679.22 3693.98 3708.87 3724.61 3738.96 3752.46 3767.32 3787.94 3785.32 3785.77 3785.86 3783.01 3787.26 3786.3 3781.19 3772.64 3775.4 3786.72 3810.6 3837.99 3845.95 3838.44 3834.53 3831.92 3830.63 3829.49 3826.94 3822.88 3816.25 3804.85 3797.94 3790.07 3782.75 3779.32 3774.89 3772.85 3773.12 3769.59 3765.04 3762.6 3773.05 3783.39 3792.33 3804.3 3819.05 3835.75 3853.87 3875.86 3901.32 3951.76 4043.48 4083.27 4107.21 4112.38 4147.55 3971.24 3810.5 3678.22 3598.64 3494.83 3367.93 3226.5 3097.53
3666.49 3671.79 3678.35 3681.98 3686.01 3696.39 3708.22 3721.29 3733.06 3745.25 3757.4 3762.48 3782.77 3788.02 3788.18 3790.78 3789.04 3782.45 3773.08 3758.78 3748.79 3769.4 3812.08 3855.8 3866.12 3852.64 3844.29 3841.07 3839.58 3839.55 3838.53 3836.43 3832.12 3824.24 3817.49 3812.51 3805.29 3799.27 3792.31 3782.69 3774.65 3769.39 3762.72 3760.58 3767.31 3776.66 3787.45 3801.83 3820.16 3843.88 3861.42 3885.67 3913.86 3991.33 4106.31 4137.47 4147.43 4149.92 4207 4111.97 3978.29 3840.76 3706.64 3572.53 3431.25 3287.26 3155.51
3670.38 3679.74 3686.73 3690.86 3695.5 3701.37 3707.99 3715.9 3725.28 3734.22 3745.29 3751 3764.66 3774.72 3782 3789.32 3787.18 3778.96 3770.38 3760.7 3742.51 3761.31 3804.67 3839.34 3852.92 3850.4 3846.95 3847.47 3849.17 3850.02 3853.31 3852.31 3850.87 3846.59 3843.11 3835.59 3835.08 3817.94 3804.75 3793.25 3778.36 3771.84 3768.36 3765.14 3765.28 3771.49 3783.21 3798.31 3815.19 3836.15 3863.23 3897.98 3946.12 4030.2 4145.31 4179.43 4196.27 4211.59 4246.02 4191.6 4130.46 3994.41 3818.93 3654.04 3492.61 3332.82 3196.84
3688.6 3689.57 3693.15 3699.13 3703.47 3705.31 3709.42 3712.97 3717.66 3721.15 3731.66 3739.81 3743.58 3755.2 3767.92 3778.17 3778.29 3770.78 3766.23 3764.07 3759.59 3772.71 3795.69 3818.54 3829.71 3834.89 3839.95 3845.27 3853.8 3859.9 3866.35 3869.78 3871.89 3868.74 3861.84 3852.65 3842.16 3833.37 3820.19 3809.46 3805.42 3795.5 3787.18 3781.88 3772.17 3768.93 3783.56 3796.22 3809.55 3828.23 3862.48 3911.38 3972.29 4036.95 4166.36 4208.26 4240.98 4262.55 4265.84 4225.87 4201.82 4077.39 3902.91 3729.08 3559.55 3396.56 3256.19
3683.25 3685.68 3687.07 3695.15 3702 3706.87 3708.29 3709.71 3709.91 3708.69 3706.68 3717.53 3720.96 3736.24 3750.13 3761.14 3763.06 3754.53 3747.33 3747.97 3757.96 3770.61 3774.36 3788.86 3799.22 3812.36 3826.02 3840.4 3852.71 3865.84 3876.78 3887.48 3894.37 3896.62 3889.17 3876.37 3865.01 3856.68 3846.06 3831.27 3811.53 3805.18 3796.76 3786.05 3778.15 3783.1 3792.76 3798.84 3806.97 3820.69 3860.36 3918.86 3988.01 4067.31 4155.34 4218.5 4271.84 4306.24 4311.87 4284.87 4241.84 4125.69 3964.46 3794.25 3627.27 3471.21 3332.27
3676.77 3685.62 3693.45 3713.37 3711.45 3709.48 3707.53 3706.02 3705.33 3703.38 3703.32 3705.36 3709 3721.69 3732.23 3740.31 3742.17 3734.41 3724.87 3726.2 3733.89 3737.35 3734.24 3736.36 3762 3789 3812.86 3836.98 3856.22 3876.94 3894.5 3909.52 3921.5 3931 3925.99 3908.28 3894.92 3886.08 3873.2 3860.68 3848.63 3831.9 3811.54 3790.67 3791.41 3814.27 3808.73 3805 3810.17 3825.38 3861.25 3914.99 3976.68 4026.78 4121.19 4206.99 4283.22 4311.03 4290.41 4291.22 4275.23 4159.56 4013.59 3862 3705.57 3548.43 3392.26
3674.91 3684.94 3696.17 3711.97 3714.24 3710.65 3706.87 3705 3702.55 3701.78 3702.88 3704.3 3712.53 3711.01 3716.45 3720.46 3720.84 3715.04 3711.22 3713.14 3715.34 3707.07 3707.53 3702.69 3735.62 3769.91 3803.92 3834.2 3865.25 3890.97 3917.31 3935.78 3948.78 3956.68 3954.33 3945.88 3935.13 3921.19 3904.14 3884.46 3866.05 3841.1 3820.31 3799.37 3813.76 3818.27 3810.4 3808.36 3814.63 3828.8 3860.03 3908.6 3957.45 4004.15 4099.5 4177.83 4248.14 4264.65 4235.25 4259.55 4262.97 4167.31 4043.17 3908.54 3768.63 3627.52 3472.87
3662.26 3666.79 3684.61 3703.66 3707.84 3704.72 3702.74 3700.85 3699.44 3698.76 3696.93 3697.22 3693.12 3699.74 3704.81 3704.3 3696.84 3700.51 3701.96 3708.63 3718.09 3730.01 3709.47 3698.25 3722.17 3758.11 3796.91 3837.97 3874.54 3910.4 3939.48 3963.12 3976.93 3976.25 3974.89 3973.19 3962.43 3948.39 3928.6 3900.74 3874.11 3851.86 3829.53 3808.13 3804.82 3799.73 3800.31 3808.54 3823.03 3843.21 3874.26 3909.88 3942.5 4003.78 4091.01 4132.09 4164.45 4177 4184.34 4211.11 4216.94 4150.8 4055.7 3948.73 3833.79 3713.62 3577.53
3649.92 3648.31 3663.78 3676.14 3688.9 3693.95 3696.08 3696.29 3696.89 3696.05 3693.42 3692.49 3693.88 3698.97 3701.65 3700.89 3698.06 3699.85 3701.19 3706.59 3714.75 3723.55 3698.22 3688.35 3716.75 3756.04 3799.37 3844.7 3889.27 3928.38 3964.34 3990.87 4007.52 4017.77 3995.74 3970.23 3960.64 3957.66 3944.6 3931.08 3904.81 3872.99 3847.18 3822.71 3807.3 3795.35 3794.59 3808.93 3830 3859.91 3894.26 3917.38 3958.11 4001.94 4035.2 4075.15 4109.27 4119.33 4139.51 4165.17 4168.91 4128.9 4063.27 3984.68 3895.74 3804.95 3701.2
3643.14 3643.12 3649.64 3655.96 3675.81 3685.39 3691.08 3694.08 3695.87 3696.72 3696.47 3699.89 3707.48 3705.92 3702.51 3704.15 3708.69 3705.69 3700.45 3705.15 3704.82 3694.01 3679.71 3685.07 3718.43 3759.98 3806.33 3854.69 3901.55 3945.36 3985.92 4020.32 4037.88 4025.12 4005.06 3980.55 3957.39 3937.27 3947.84 3951.6 3929.59 3892.9 3867.06 3836.25 3811.28 3796.12 3792.55 3807.78 3830.37 3857.6 3884.56 3901.73 3932.13 3991.11 3998.51 4023.16 4048.93 4077.15 4113.95 4131.48 4132.46 4109.93 4067.16 4010.63 3946.13 3877.49 3792.75
3641.54 3642.97 3650.94 3662.88 3671.4 3681.17 3688.63 3692.64 3695.64 3698.9 3701.42 3705.79 3701.65 3697.48 3700.42 3705.94 3709.87 3712.13 3711.57 3708.74 3703.25 3694.63 3686.05 3692.79 3726.28 3767.71 3813.2 3860.47 3909.7 3958.59 4006.5 4049.88 4081.95 4077.47 4017.7 3953.65 3959.53 3969.22 3960.66 3952.22 3929.73 3901.16 3872.77 3845.01 3818.66 3799.26 3792.81 3806.42 3827.63 3848.45 3860.48 3877.38 3885.87 3947.37 3966.55 3985.04 4011.56 4042.02 4092.41 4105.53 4108.74 4097.65 4068.75 4034.26 3988.13 3928.88 3861.14
3643.42 3649.27 3658.87 3667.79 3667.99 3678.49 3684.74 3688.68 3692.47 3697.01 3702.83 3704.1 3694.31 3689.35 3699.27 3708.62 3718.88 3727.81 3724.56 3714.61 3705.88 3698.1 3692.9 3703.05 3736.43 3776.03 3821.38 3866.78 3918.42 3967.98 4019.98 4072.98 4125.26 4136.48 4037.66 3970.23 3973.27 3988.52 3971.65 3945.46 3924.01 3895.08 3867.78 3846.1 3818.74 3797.11 3791 3807.27 3828.79 3851.01 3868.27 3875.95 3874.86 3899.41 3924.21 3955.38 3985.97 4014.8 4039.18 4080.99 4089.97 4085.53 4071 4051.69 4015.08 3970.48 3909.21
3647.94 3661.43 3653.1 3655.7 3679.27 3682.39 3682.9 3685.07 3688.19 3692.7 3700.61 3709.98 3699.25 3695.3 3700.85 3710.49 3721.72 3730.95 3726.74 3715.87 3706.85 3700.54 3696.36 3711.52 3745.01 3784.2 3826.29 3873.01 3920.07 3971.78 4018.82 4069.41 4115.02 4118.3 4046.32 3988.39 3990.97 3994.86 3978.76 3957.34 3925.97 3897.3 3874.73 3845.93 3816.22 3795.64 3793.85 3814.35 3837.53 3859.44 3880.01 3887.77 3882.05 3882.9 3906.17 3933.5 3944.36 3970.52 3997.34 4053.93 4064.7 4068.05 4067.88 4059 4041.84 4013.68 3960.07
3650.24 3669.88 3664.15 3666.05 3689 3684.08 3677.98 3677.79 3679.87 3683.18 3686.03 3686.46 3687.45 3692.92 3700.7 3708.44 3716.65 3723.61 3720.03 3711.26 3704.96 3701.4 3702.21 3720.24 3752.42 3786.64 3826.6 3864.93 3910.37 3953.48 4000.37 4043.6 4077.12 4082.33 4051.74 4023.15 4013.75 4004.2 3984.84 3956.46 3925.11 3894.98 3870.38 3844.65 3822.52 3804.69 3807.6 3829.96 3849.44 3866.4 3882.26 3894.72 3896.62 3892.34 3915.43 3923.03 3922.3 3927.1 3954.96 4001.43 4032.14 4046.59 4057.48 4064.03 4062.25 4052.87 4026.26
3651.76 3663.47 3684.78 3681.83 3673.1 3666.63 3666.3 3667.86 3670.08 3671.84 3671.08 3668.36 3677.77 3693.32 3697.97 3703.25 3707.75 3708.03 3706.83 3702.6 3699.03 3697.6 3704.91 3726.92 3754.23 3784.47 3816.98 3855.62 3896.47 3938.67 3979.24 4015.84 4044.64 4063.78 4064.23 4054.4 4039.03 4017.56 3991.4 3961.72 3922.97 3892.71 3871.51 3847.6 3828.99 3819.5 3842.82 3857.41 3862.56 3870.13 3877.25 3883.96 3888.93 3875.05 3867.52 3897.04 3908.92 3907.81 3922.46 3952.95 3991.87 4023.13 4043.75 4066.85 4078.69 4084.43 4093.77
3654.63 3660.88 3668.48 3669.03 3648.29 3644.45 3652.74 3656.95 3659.81 3662.59 3666.12 3669.01 3671.16 3680.32 3690.46 3697.84 3700.8 3695.43 3694.13 3692.98 3691.25 3691.26 3706.24 3727.84 3748.14 3775.94 3808.56 3845.95 3884.01 3921.61 3958.15 3990.91 4018.28 4063.35 4087.96 4084.2 4056.95 4022.97 3990.28 3956.59 3918.67 3889.59 3869.55 3850.25 3840.31 3833.59 3858.38 3869.2 3868.54 3871.22 3872.73 3872.07 3873.38 3858.84 3846.42 3869.85 3893.18 3895.68 3899.87 3920 3964.63 4000.47 4035.53 4065.22 4092.26 4118.56 4136.57
3656.07 3654.97 3665.27 3658.56 3649.78 3646.02 3646.24 3647.79 3647.87 3651.45 3658.77 3666.25 3668.99 3673.84 3686.84 3695.65 3698.63 3696.84 3687.87 3685.93 3685.29 3685.88 3695.89 3716.5 3739.45 3767.67 3798.94 3833.88 3868.59 3903.91 3940.09 3975.31 4017.94 4093.71 4163.36 4139.14 4073.3 4019.64 3980.34 3945.86 3915.73 3889.64 3868.83 3854.03 3846.16 3841.51 3848.1 3856.93 3867.69 3871.15 3871.81 3869.08 3861.62 3852.16 3841.5 3850.59 3873.94 3882.66 3886.42 3901.77 3940.93 3978.4 4017.57 4052.94 4088.61 4126.47 4154.22
3661.55 3661.47 3661.67 3656.96 3652.28 3647.6 3644.11 3642.43 3641.38 3640.68 3640.13 3650.06 3667.05 3683.37 3696.34 3694.6 3693.12 3687.68 3681.58 3681.13 3681.69 3684.83 3689.71 3701.86 3729.25 3759.3 3789.84 3822.85 3855.26 3890.24 3925.65 3964.27 4016.36 4115.36 4220.35 4164.18 4057.97 4004.12 3968.02 3936.69 3910.39 3889.67 3872.71 3861.69 3855.75 3858.27 3864.31 3870.51 3871.2 3872.48 3873.99 3876.3 3866.89 3850.38 3839.16 3845.21 3867.5 3857.12 3863.59 3886.58 3926.85 3966.4 4007.69 4057.44 4090.32 4122.79 4151.07
3658.1 3660.92 3660.21 3658.97 3651.49 3647.26 3642.03 3639.67 3637.4 3634.39 3632 3641.96 3660.7 3678.28 3690.89 3686.97 3684.44 3680.47 3677.32 3677.75 3679.11 3679.75 3684.74 3696.89 3725.09 3752.88 3782.47 3812.01 3843.52 3875.17 3910 3949.53 4009.6 4092.7 4155.82 4121.82 4036.5 3985.68 3946.13 3920.97 3903.07 3889.73 3877.94 3868.74 3864.33 3867.21 3877.19 3875.83 3871.47 3871.04 3872.68 3874.85 3865.87 3847.54 3834.62 3838.09 3849.68 3845.21 3850.42 3875.86 3917.4 3958.75 4002.64 4046.09 4086.44 4130.18 4157.39
3655.43 3658.31 3660.62 3656.97 3648.7 3642.35 3641.64 3639.66 3637.05 3634.18 3632.86 3640.27 3652.14 3665.37 3672.66 3672.05 3670.97 3671.86 3674.12 3675.3 3677.97 3684.23 3694.43 3710.48 3726.13 3751.94 3778.44 3808.55 3835.39 3864.17 3894.5 3924.36 3968.55 4046.8 4100.41 4069.83 4013.31 3968.15 3933.26 3911.74 3898 3890.77 3881.01 3871.98 3870.67 3871.63 3884.59 3868.09 3867.44 3868.1 3867.52 3863.54 3854.66 3840.73 3829.03 3829.71 3834.44 3839 3848.36 3873.86 3909.74 3951.07 3994 4036.72 4079.15 4124.27 4163.5
3655.12 3661.55 3660.05 3648.27 3645.53 3646.16 3643.75 3641.18 3639.04 3637.39 3636.17 3639.87 3649.12 3655.36 3655.24 3653.99 3653.53 3660.35 3668.97 3671.34 3675.53 3681.09 3692.27 3701.6 3725.32 3752.28 3778.88 3804.86 3831.64 3857.26 3883.1 3909.07 3945.88 4001.98 4038.05 4017.35 3978.41 3950.51 3927.65 3910.83 3897.88 3889.85 3879.31 3873.17 3875.93 3887.79 3876.74 3866.87 3867.47 3867.47 3864.27 3857.22 3844.39 3833.73 3823.62 3823.05 3835.79 3839.03 3847.03 3874.46 3909.13 3946.12 3986.86 4028.35 4072.91 4120.73 4170.93
3681.44 3674.33 3661.32 3644.09 3641.42 3643.05 3643.58 3642.84 3641.58 3640.91 3641.05 3637.07 3634.46 3631.09 3632.63 3637.64 3640.35 3649.42 3659.03 3663.94 3671.58 3689.49 3696.19 3710.51 3732.88 3760.17 3785.65 3810.55 3831.98 3855.09 3877.32 3902.03 3930.95 3959.02 3978.78 3968.69 3949.1 3934.13 3920.61 3912.17 3901.63 3879.08 3869.81 3864.74 3867.99 3879.34 3882.15 3874.47 3871.4 3868.81 3863.8 3854.55 3842.14 3832.44 3826.02 3838.04 3861.41 3854.33 3856.26 3876.05 3905.5 3940.51 3978.54 4020.24 4064.86 4114.96 4168.1
3658.68 3674.26 3664.33 3640.71 3638.84 3642.73 3644.92 3643.79 3643.76 3643.24 3639.15 3634.17 3621.55 3615.75 3625.8 3632.52 3635.61 3641.34 3647.99 3653.25 3660.95 3671.66 3696.46 3720.16 3743.83 3771.88 3796.93 3819.58 3839.19 3857.61 3873.2 3884.62 3900.6 3915.47 3926.25 3926.04 3923.37 3921.41 3915.2 3909.86 3898.89 3881.67 3865.57 3854.05 3851.1 3856.99 3866.34 3872.9 3875.63 3870.63 3865.17 3855.42 3842.14 3837.74 3831.52 3838.38 3861.76 3864.73 3862.02 3879.25 3905.86 3939.68 3979.02 4018.96 4061.8 4107.79 4154.3
3662.6 3667.21 3658.18 3641.99 3637.98 3639.68 3641.57 3643.09 3645.3 3648.51 3648.71 3640.47 3634.17 3639.22 3637.51 3641.47 3641.12 3640.86 3639.32 3646.56 3659.37 3673.75 3703.34 3728.73 3757.47 3785.14 3805.95 3824.66 3842.14 3858.61 3871.01 3879.2 3881.24 3878.34 3883.68 3893.44 3904.67 3916.92 3919.97 3911.15 3897.68 3881.25 3864.99 3848.06 3836.22 3831.34 3830.11 3854.53 3867.98 3865.46 3864.48 3852.33 3854.64 3851.01 3843.16 3838.87 3847.45 3855.05 3860.62 3876.17 3902.1 3933.42 3967.41 4005.97 4043.29 4081.48 4119.85
3639.91 3652.4 3649.29 3642.01 3636.82 3636.76 3638.6 3640.62 3644.08 3648.74 3650.68 3647.28 3649.09 3657.88 3653.12 3655.9 3656.67 3648.68 3644.17 3651.17 3670.19 3695.5 3721.5 3752.58 3779.96 3799.48 3814.4 3827.85 3844.17 3858.81 3872.97 3884.08 3874.94 3856.12 3857.87 3872.94 3892.25 3914.51 3924.28 3916.63 3904.58 3888.58 3868.23 3849.84 3835.16 3826.79 3821.96 3834.1 3850.33 3850.3 3850.44 3844.95 3869.85 3868.43 3858.35 3851.77 3842.08 3833.62 3844.16 3869.35 3893.71 3923.33 3951.26 3981.89 4015.39 4046.11 4074.18
3635.39 3632.75 3637.25 3633.85 3633.4 3634.47 3634.52 3637.27 3639.69 3642.35 3644.52 3646.42 3650.65 3659.04 3664.52 3659.42 3659.52 3658.62 3658.97 3666.14 3682.12 3704.8 3738.5 3772.01 3799.01 3815.05 3823.36 3832.53 3843.72 3856.67 3871.27 3877.19 3869.15 3850.85 3851.06 3859.73 3882.39 3904.27 3915.15 3913.07 3902.84 3887.38 3871.37 3856.01 3845.53 3828.31 3819.19 3824.67 3833.61 3827.79 3828.73 3847.73 3883.32 3884.36 3870.59 3862.58 3849.62 3834.84 3843.68 3865.68 3888.98 3912.89 3937.19 3960.63 3984.76 4001.71 4024.23
3636.26 3631.97 3635.81 3636.44 3636.83 3634.21 3632.91 3634.12 3634.61 3633.88 3637.12 3641.75 3644.76 3651.17 3660.21 3657.79 3660.21 3668.74 3682.06 3698.36 3704.27 3721.59 3753.65 3793.96 3829.22 3828.46 3828.67 3832.29 3837.44 3846.09 3865.52 3883.28 3871.41 3857.07 3859.66 3869.31 3884.22 3897.46 3907.08 3908.04 3900.18 3886.93 3872.33 3857.39 3841.86 3827.33 3818.42 3818.74 3805.71 3805.7 3810.05 3844.93 3887.17 3895.61 3881.16 3871.87 3859.92 3847.26 3851.11 3865.41 3879.3 3895.51 3912.79 3924.22 3942.29 3960.27 3976.89
3639.5 3646.41 3638.32 3635.17 3636.58 3631.87 3632.63 3632.33 3632.31 3631.72 3634.47 3638.25 3641.64 3646.19 3652.35 3657.07 3661.22 3673.56 3693.7 3715.94 3718.85 3733.03 3758.94 3792.04 3812.42 3819.52 3821.27 3821.13 3821.57 3822.7 3828.96 3847.05 3845.14 3878.47 3862.47 3878.55 3888.86 3901.68 3907.83 3906.37 3899.26 3887.59 3873.54 3858.49 3842.1 3827.39 3817.67 3812.83 3799.62 3796.38 3800.62 3837.3 3885.72 3902.67 3895.33 3888.6 3875.45 3860.79 3857.01 3860.07 3870.39 3884.67 3896.32 3911.55 3925.54 3934.63 3943.63
