real_craters/C188-300m.grd
DSAA
577 577
-86.3975 86.3975
-86.3975 86.3975
2410.9097261539 4507.8453042091
[rows 120 to 149 of 577, columns 402 to 468 of 577]
3766.94 3762.67 3758.51 3760 3763.78 3767.93 3772.27 3776.65 3778.01 3773.95 3776.83 3782.34 3788.99 3796.35 3804.02 3813.22 3822.63 3826.06 3829.03 3835.58 3838.77 3840.15 3843.73 3848.42 3852.95 3855.7 3856.08 3859.18 3863.29 3864.77 3863.39 3860.47 3865.89 3871.53 3875.47 3878.73 3881.95 3885.03 3887.25 3885.53 3879.37 3881.6 3882.49 3883.09 3884.19 3886.22 3889.27 3893.28 3898.52 3904.96 3912.72 3921.15 3929.81 3938.76 3946.99 3951.82 3952.01 3950.2 3947.68 3945.1 3942.6 3939.01 3932.5 3926.57 3921.33 3916.9 3914.05
3763.82 3760.25 3757.37 3758.35 3761.42 3765.05 3768.99 3772.89 3774.41 3771.42 3772.96 3779.03 3786.68 3794 3799.85 3804.13 3809.29 3816.3 3824.8 3832.08 3834.93 3838.77 3844.21 3849.57 3854.96 3859.07 3861.94 3861.71 3861.5 3861.04 3859.15 3856.38 3860.63 3865.13 3869.17 3873.24 3877.33 3881.1 3885.12 3884.65 3885.42 3882.62 3879.99 3879.76 3880.25 3882.22 3885.24 3889.4 3895.56 3903 3911.52 3921.27 3931.58 3942.35 3952.18 3957.77 3958.94 3954.9 3950.86 3947.26 3944.11 3940.02 3933.96 3928.24 3923.23 3919.69 3916.73
3761.83 3758.71 3757.69 3757.44 3759.35 3762.14 3765.5 3768.84 3771.73 3770.07 3773.47 3778.37 3785.7 3792.76 3798.21 3799.98 3802.84 3811.26 3820.74 3828.32 3833.27 3838.89 3844.13 3849.69 3855.87 3860.83 3863.16 3861.64 3859.61 3858.62 3858.77 3859.94 3858.8 3860.47 3863.29 3866.24 3870.04 3874.15 3879.13 3878.71 3878.3 3876.23 3875.21 3875.34 3876.37 3878.41 3881.18 3884.67 3890.29 3898.99 3909.25 3920.14 3931.34 3942.58 3953.22 3958.56 3959.1 3955.27 3950.8 3946.52 3942.15 3937.75 3932.88 3928.24 3924.33 3921.73 3919.71
3759.95 3756.76 3754.57 3755.83 3757.48 3759.43 3761.12 3762.91 3764.09 3762.45 3768.92 3777.01 3785.86 3794.4 3801.26 3805.21 3805.67 3810.38 3819.05 3828.13 3836.66 3839.2 3843.18 3847.71 3852.73 3857.15 3860.12 3858.35 3856.03 3854.49 3854.6 3855.41 3854.89 3855.24 3857.07 3859.16 3861.45 3863.94 3865.48 3865.23 3864.68 3867.67 3869.38 3870.59 3871.8 3874.09 3876.8 3879.59 3884.64 3894.77 3905.76 3917.01 3928.56 3939.62 3948.92 3953.76 3954.06 3951.57 3947.67 3943.2 3938.55 3934.31 3930.5 3927.08 3924.42 3922.75 3921.59
3758.39 3756.02 3754.54 3754.83 3755.73 3756.9 3757.36 3757.22 3755.84 3753.53 3764.28 3774.44 3786.33 3796.79 3806.49 3813.44 3808.48 3810.64 3818.58 3826.52 3832.23 3837.44 3840.9 3844.23 3846.66 3848.5 3851.67 3852.43 3850.69 3848.57 3846.08 3845.76 3846.9 3847.7 3850.19 3851.61 3852.67 3853.46 3854.64 3859.54 3865.55 3864.18 3863.06 3864.43 3866.84 3869.66 3873.24 3876.88 3881.66 3891.19 3901.43 3912.39 3923.6 3934.34 3943.2 3947.5 3947.78 3946.07 3942.04 3937.52 3933.34 3929.48 3926.35 3924.23 3922.88 3922.22 3921.53
3757.28 3756.05 3754.87 3754.63 3754.97 3754.79 3754.64 3753.53 3750.71 3747.64 3761.32 3777.87 3787.61 3798.48 3809.93 3818.55 3808.63 3812.04 3819.16 3826.28 3832.19 3835.12 3837.54 3839.93 3842.84 3847.24 3848.2 3846.81 3844.62 3842.18 3839.27 3838.59 3839.77 3840.62 3841.52 3843.14 3843.32 3843.09 3842.98 3849.29 3857.77 3853.17 3855.24 3858.43 3861.5 3864.93 3869.46 3876.16 3882.37 3887.71 3896.13 3906 3916.52 3927.09 3935.65 3940.13 3942.27 3939.48 3933.71 3928.66 3925.89 3922.34 3920.65 3920.11 3920.1 3920.11 3919.77
3755.57 3756.22 3755.51 3754.61 3754.59 3754.84 3754.68 3754.18 3753.17 3750.85 3761.74 3776.88 3786.41 3797.35 3808.45 3817.58 3816.56 3814.84 3819.3 3825.65 3830.07 3831.46 3832.81 3834.51 3837.12 3840.05 3842.04 3840.3 3838.51 3836.67 3834.89 3833.89 3834.09 3834.47 3834.3 3834.74 3834.81 3834.93 3833.81 3839.39 3848.55 3842.84 3849.25 3853.8 3857.11 3860.18 3863.78 3868.93 3875.29 3881.32 3888.9 3897.62 3907.24 3917.29 3925.2 3929.17 3932.19 3929.42 3921.48 3914.99 3911.72 3911.75 3912.97 3914.93 3916.58 3917.53 3917.52
3753.1 3752.38 3753.38 3754.21 3754.73 3755.33 3755.89 3757.13 3760.27 3765.3 3768.11 3771.24 3783.51 3794.5 3802.44 3806.4 3809 3812.79 3816.49 3821.93 3824.95 3824.88 3826.31 3828.28 3829.64 3830.31 3832.49 3832.36 3831.47 3831.03 3831.22 3829.6 3828.66 3828.7 3829.32 3829.32 3829.64 3829.65 3828.65 3828.77 3842.35 3846.74 3848.8 3850.63 3852.73 3854.7 3856.82 3858.52 3864.53 3872.22 3879.53 3887.05 3895 3903.55 3910.02 3912.86 3915.82 3913.13 3904.76 3897.99 3895.9 3900.18 3904.83 3908.94 3912.32 3914.34 3914.68
3751.5 3750.75 3752.96 3754.6 3755.9 3756.83 3758.01 3760.14 3763.8 3769.26 3773.88 3779.35 3784.24 3793.2 3800.55 3805.96 3809.28 3808.33 3809.62 3813.34 3812.52 3814.67 3819.38 3821.94 3823.36 3823.76 3824.65 3824.1 3823.18 3823.36 3824.75 3822.95 3822.13 3822.53 3823.53 3824.57 3826.57 3828.17 3831.9 3840.75 3845.92 3849.82 3848.31 3847.74 3848.12 3849.21 3850.78 3852.55 3857.34 3863.63 3869.8 3875.51 3880.99 3885.65 3890.18 3892.49 3891.44 3888.24 3886.28 3882.28 3882.81 3890.71 3897.65 3903.2 3907.39 3910.45 3912.02
3751.46 3754.47 3754.6 3755.99 3757.55 3759.05 3760.19 3761.98 3763.66 3765.4 3774.66 3780.11 3786.81 3792.77 3799.61 3803.97 3803.46 3800.99 3799.09 3798.97 3803.27 3809.43 3815.2 3816.75 3817 3818.67 3818.51 3815.95 3813.8 3812.4 3812.47 3813.42 3814.81 3816.43 3818.29 3820.44 3822.74 3826.41 3832.38 3842.24 3845.15 3845.56 3844.57 3843.73 3843.49 3844.15 3845.76 3848.19 3851.35 3855.66 3860.3 3864.79 3868.03 3869.3 3872.68 3874.89 3872.61 3869.76 3873.51 3874.73 3878.39 3885.97 3893.08 3898.96 3903.3 3906.85 3908.56
3750.68 3753.3 3755.42 3757.09 3758.76 3760.44 3762.47 3764.35 3766.4 3770.3 3776.67 3785.94 3789.31 3789.39 3791.88 3792.73 3792.98 3792.94 3791.78 3792.68 3805.86 3815.35 3814.23 3812.44 3810.64 3809.65 3810.6 3807.34 3804.08 3800.78 3800.11 3803.77 3807.23 3810.11 3813.44 3816.26 3819.35 3822.75 3826.78 3827.91 3839.58 3841.03 3839.24 3838.03 3837.43 3837.89 3839.63 3842.45 3844.51 3847.41 3851.31 3854.94 3858.26 3860.7 3862.47 3863.8 3863.83 3864.89 3868.38 3873.41 3878.58 3885.02 3891.46 3896.92 3900.6 3902.49 3902.25
3751.42 3753.04 3756.51 3758.61 3760.3 3762.24 3764.4 3766.44 3769.3 3772.88 3774.42 3780.24 3783.36 3783.19 3779.27 3778.43 3783.55 3788.01 3789.9 3794.3 3806.75 3816.12 3810.39 3807.35 3805.42 3803.66 3801.32 3798.67 3796.09 3792.32 3791.99 3797.27 3801.48 3804.97 3808.38 3811.57 3815.2 3818.93 3822.78 3828.37 3830.67 3832.61 3832.26 3830.41 3829.91 3830.38 3831.37 3833.32 3836.39 3839.33 3842.62 3846.09 3850.1 3854.7 3855.8 3856.99 3858.59 3861.29 3866.22 3872.89 3879.42 3886.13 3892.32 3897.22 3900.03 3899.85 3894.77
3754.87 3758.03 3758.16 3759.43 3761.2 3763.23 3765.81 3768.38 3771.22 3773.52 3769.15 3774.51 3779.05 3781.21 3779.12 3779.02 3783.03 3787.77 3792.88 3795.73 3798.4 3799.57 3800.45 3800.56 3799.71 3795.89 3791.06 3790.72 3791.21 3791.57 3792.14 3794.83 3798.09 3801.37 3804.4 3807.52 3810.21 3813.74 3817.6 3821.55 3818.33 3816.39 3819.74 3820.72 3821.05 3821.83 3824.22 3826.17 3827.91 3830.79 3834.19 3837.69 3841.02 3845.22 3848.97 3852.25 3855.38 3859.34 3865.46 3872.29 3881.41 3889.1 3895.26 3900.11 3902.71 3902.53 3898.1
3753.57 3756.91 3758.56 3760.23 3762.18 3764.24 3766.25 3768.93 3771.76 3774.13 3771.65 3773.89 3778.44 3783.43 3790.15 3787.93 3785.67 3787.94 3793.11 3794.59 3790.19 3785.27 3791.19 3794.35 3794.11 3788.89 3781.97 3785.19 3788.39 3793.18 3793.55 3793.39 3795.26 3797.94 3800.91 3803.62 3806.37 3808.63 3810.46 3813.24 3812.59 3810.34 3809.71 3811.94 3811.95 3811.98 3813.83 3816.54 3818.89 3822.8 3826.98 3830.72 3832.94 3836.17 3844.09 3849.98 3854.64 3859.24 3868.21 3878.36 3886.87 3894.21 3899.9 3904.92 3908.59 3910.38 3909.72
3751.62 3755.24 3758.17 3760.43 3762.64 3764.82 3767.12 3769.38 3771.63 3773.68 3772.11 3773.46 3777.83 3781.67 3783.67 3783.1 3784.53 3785.5 3786.21 3787.24 3786.29 3784.46 3788.67 3791.6 3791.28 3787.34 3783.85 3783.36 3784.85 3786.72 3789.17 3790.49 3792.65 3795.17 3797.81 3800.21 3802.09 3803.2 3802.68 3798.64 3793.2 3796.29 3806.97 3805.17 3803.39 3801.57 3800.09 3804.12 3810.1 3815.72 3821.26 3826.7 3831.85 3837.04 3844.16 3851.24 3857.63 3864.05 3875.06 3886.69 3894.48 3901.09 3906.1 3911.38 3916.09 3920.48 3924.22
3752.62 3755.55 3758.26 3760.74 3763.21 3765.33 3767.37 3769.25 3770.56 3771.66 3769.75 3771.95 3777.31 3780.31 3782.11 3782.81 3783.57 3783.58 3782.69 3784.13 3785.77 3788.63 3789.77 3792.06 3793.2 3789.6 3783.94 3783.28 3782.29 3781.92 3784.47 3787.37 3789.92 3792.57 3795.08 3797.43 3798.96 3799.52 3798.19 3794.64 3788.77 3784.6 3796.34 3797.91 3796.77 3794.28 3792.18 3796.55 3803.61 3810.29 3816.87 3824.06 3832.91 3840.39 3847.06 3855.38 3864 3872.8 3884.96 3896.17 3902.71 3908.09 3912.16 3917.48 3922.63 3928.17 3932.39
3754.08 3756.5 3758.82 3761.06 3763.23 3765.14 3766.97 3768.36 3769.03 3769.32 3767.52 3769.95 3776.4 3782.25 3785.61 3784.31 3783.85 3783.65 3783.88 3784.3 3785.69 3786.63 3789.39 3792.28 3795 3791.93 3789.4 3785.05 3781.47 3779.98 3782.15 3785.09 3788.43 3791.39 3793.98 3795.68 3797.25 3797.83 3797.72 3796.94 3796.36 3787.75 3788.48 3793.08 3793.28 3791.49 3790.36 3794.55 3800.68 3807.32 3813.83 3820.87 3829.29 3839.26 3849.51 3860.69 3872.27 3884.09 3896.38 3905.19 3910.09 3913.3 3917.28 3921.7 3926.53 3932.18 3936.46
3755.06 3757.82 3759.75 3761.71 3763.51 3765.44 3767.05 3767.98 3768.62 3768.28 3767.42 3769.34 3776.13 3784.03 3788.49 3786.04 3783.34 3782.65 3783.54 3784.05 3785.69 3788.46 3789.56 3789.24 3789.5 3789.23 3788.64 3784.75 3780.79 3779.23 3781 3783.83 3787.1 3790.1 3792.61 3794.85 3796.55 3797.93 3798.24 3797.1 3791.05 3793.65 3796.62 3794.6 3792.8 3792.34 3793.48 3795.51 3800.12 3805.8 3811.7 3817.83 3825.19 3837.8 3851.95 3866.24 3880.44 3894.6 3907.14 3913.06 3916.03 3917.38 3920.2 3923.13 3927.14 3931.92 3936.17
3759.39 3759.6 3760.65 3762.18 3763.99 3765.88 3767.34 3768.5 3769.43 3769.13 3767.48 3768.68 3775.9 3781.98 3783.91 3782.09 3780.04 3779.15 3779.76 3781.68 3784.16 3786.72 3787.09 3784.59 3782.37 3783.86 3783.5 3781.87 3779.38 3778.52 3780.43 3783.62 3786.15 3788.82 3791.16 3793.3 3795.31 3796.83 3798.25 3799.3 3802.31 3791.61 3794.46 3794.08 3792.01 3792.29 3794.57 3796.5 3800.61 3805.97 3811.62 3817.34 3824.18 3839.25 3855.52 3871.64 3887.43 3902 3912.88 3917.87 3919.98 3919.52 3920.76 3922.57 3924.84 3926.89 3926.98
3760.24 3760.02 3760.57 3761.67 3763.74 3765.57 3767.09 3769.31 3771 3772.09 3772.99 3773.63 3777.57 3779.32 3775.98 3775.62 3775.57 3774.81 3775.7 3778.73 3781.68 3784.1 3784.47 3781.84 3779.83 3780.63 3781.66 3781.1 3778.51 3778.25 3780.81 3783.53 3786.28 3788.87 3791.34 3792.87 3795 3796.94 3798.56 3799.48 3797.57 3788.94 3790.62 3791.25 3789.23 3789.12 3791.9 3796.23 3801.65 3807.72 3814.18 3820.95 3829.9 3844.25 3860.63 3877.11 3893.02 3907.15 3917.79 3920.85 3919.61 3919.78 3920.05 3920.58 3921.19 3921.05 3919.47
3758.27 3758.34 3759.17 3760.68 3762.36 3764.52 3767.04 3769.58 3772.38 3775.27 3778.74 3777.68 3774.48 3771.44 3768.17 3770.48 3772.11 3772.85 3773.95 3776.31 3778.67 3780.8 3781.72 3779.37 3778.21 3778.47 3779.48 3780.49 3781.44 3781.31 3782.35 3783.86 3785.87 3788.07 3790.15 3792.33 3794.66 3796.44 3798.21 3799.04 3797.13 3787.6 3785.21 3786.63 3785.62 3785.46 3789.51 3796.64 3803.77 3811.06 3818.51 3826.68 3837.18 3850.7 3866.15 3882.01 3897.25 3910.67 3919.71 3921.51 3919.5 3918.54 3917.72 3916.98 3916.76 3916.76 3915.38
3754.52 3755.35 3756.65 3758.58 3760.48 3762.93 3765.7 3768.61 3772.48 3776.07 3779.45 3778.15 3771.78 3769.79 3768.13 3768.86 3770.41 3772.16 3773.26 3774.23 3775.31 3775.9 3775.66 3775.52 3775.54 3775.94 3777.16 3779.78 3783.43 3783.5 3783.24 3784.1 3785.56 3787.47 3789.14 3791.13 3793.13 3795.02 3797.18 3798.49 3799.62 3795.29 3787.85 3783.8 3784.49 3784.89 3790.72 3798.9 3807.23 3815.45 3823.68 3832.49 3843.4 3856.75 3871.1 3885.89 3900.17 3912.72 3919.42 3920 3917.32 3915.36 3913.61 3912.15 3910.94 3909.88 3909.15
3750.29 3752 3753.93 3756.06 3758.07 3760.69 3763.69 3767.16 3770.8 3774.14 3776.87 3773.79 3769.33 3767.16 3768.29 3767.47 3768.81 3771.04 3771.67 3771.93 3772.29 3772.01 3770.88 3772.84 3773.15 3773.16 3773.46 3774.52 3779.12 3781.77 3782.99 3783.66 3784.94 3786.35 3788.34 3790.26 3792 3793.66 3794.88 3796 3797.17 3794.5 3787.91 3785.04 3787.59 3792.61 3797.11 3803.79 3811.64 3820.48 3829.94 3839.07 3849.7 3861.92 3874.75 3888.1 3901.22 3912.81 3918.09 3916.7 3913.18 3910.51 3908.17 3906.13 3904.47 3902.82 3903.05
3746.9 3749.02 3751.01 3753.42 3755.6 3758.26 3761.26 3764.18 3767.56 3770.12 3772.07 3769.37 3762.59 3760.34 3761.65 3763.85 3765.8 3767.63 3768.7 3769.17 3769.81 3770.17 3769.91 3769.01 3770.39 3770.78 3770.91 3772.87 3776.95 3779.66 3781.66 3783.69 3785.21 3786.6 3787.8 3789.2 3790.67 3791.96 3792.99 3792.99 3791.67 3789.81 3789.01 3786.39 3790.68 3799.03 3802.98 3808.75 3816.39 3825.43 3835.95 3847.44 3856.32 3865.62 3876.47 3888.16 3899.75 3909.38 3912.67 3910.76 3907.27 3904.3 3901.47 3899.39 3897.75 3898.38 3897.88
3745.79 3746.62 3748.36 3750.22 3752.53 3754.95 3757.68 3760.26 3762.73 3764 3763.63 3758.26 3757.66 3757.23 3757.91 3759.9 3761.83 3763.77 3764.77 3766.05 3767.54 3769.22 3771.51 3771.55 3770.1 3769.61 3769.16 3769.15 3774.85 3778.18 3780.99 3782.83 3784.26 3785.51 3786.96 3788.21 3789.28 3790.08 3790.01 3789.87 3789.37 3788.79 3785.28 3785.19 3790.65 3796.86 3805.2 3811.62 3819.02 3828.01 3838.91 3851.35 3858.64 3865.98 3875.14 3885.36 3895.71 3904.01 3905.46 3902.98 3899.67 3896.87 3894.55 3892.56 3890.94 3888.05 3892.36
3744.57 3744.52 3745.7 3747.6 3749.69 3751.89 3754.38 3756.13 3757.53 3758.4 3757.75 3756.16 3754.02 3753.9 3755.64 3756.18 3756.78 3758.36 3760.11 3762.36 3764.71 3767.22 3770.01 3770.82 3770.21 3769.55 3769.1 3769.25 3773.74 3777.28 3780.25 3782.29 3783.65 3785.23 3786.11 3787.05 3787.77 3788.2 3787.2 3787.12 3786.64 3786.27 3787.84 3785.86 3793.93 3802.61 3807.63 3813.19 3819.68 3827.49 3837.05 3848.17 3855.04 3862.28 3870.63 3879.74 3888.98 3896.55 3896.08 3893.09 3890.57 3888.56 3886.93 3885.87 3886.04 3888.22 3888.64
3741.96 3742.42 3743.93 3745.45 3747.43 3749.33 3750.49 3751.76 3752.17 3753.05 3752.39 3751.22 3749.44 3755.79 3755.34 3752.25 3750.33 3751.23 3754.93 3758.5 3761.86 3764.52 3765.93 3768.48 3769.76 3769.95 3770.47 3772.08 3774.55 3777.52 3780.36 3781.73 3782.83 3783.89 3785.03 3785.73 3786.18 3785.95 3785.76 3785.56 3784.89 3784.73 3794.19 3788.58 3796.28 3805.33 3809.09 3813.13 3818.05 3823.97 3831.07 3838.65 3847.35 3855.31 3863.4 3871.34 3879.06 3885.86 3883.95 3881.72 3880.73 3880.02 3879.37 3878.79 3878.74 3880.73 3884.03
3739.08 3740.93 3742.59 3744.18 3745.48 3747.07 3747.66 3748.57 3748.59 3748.65 3747.02 3745.46 3744.21 3752.15 3750.57 3747.41 3744.98 3746.18 3750.59 3754.84 3758.88 3762.8 3766.39 3769.1 3769.58 3770.23 3771.71 3774.24 3776.83 3778.76 3780.5 3781.86 3782.98 3784.1 3784.59 3785.02 3785.26 3785.18 3784.93 3784.73 3785.36 3788.69 3788.09 3786.36 3795.79 3804.1 3808.38 3811.65 3815.26 3819 3823.64 3830.59 3838.46 3846.79 3854.57 3861.46 3866.8 3869.57 3870.68 3869.76 3871.3 3871.94 3872.08 3872.04 3871.92 3874.3 3879.36
3738.79 3740.54 3741.88 3743.07 3744.17 3745.32 3745.72 3746.19 3745.05 3744.72 3743.64 3742.37 3743.51 3746.51 3743.25 3742.32 3741.58 3743.6 3747.79 3751.86 3756.15 3760.73 3765.29 3767.52 3768.13 3769.39 3771.63 3775.63 3779.04 3779.65 3780.99 3782.12 3782.88 3783.67 3784.15 3784.32 3784.26 3783.79 3783.87 3784.02 3784.27 3784.39 3781.24 3789.3 3799.41 3804.09 3806.69 3809.25 3811.67 3813.74 3815.25 3820.5 3829.92 3838.35 3845.69 3852 3856.61 3858.77 3861.28 3863.14 3863.93 3865.05 3865.94 3866.6 3868.49 3871.57 3876.07
3742.27 3741.6 3741.77 3742.18 3742.45 3742.95 3743.4 3743.23 3743.83 3743.16 3741.66 3739.53 3738.45 3739.62 3737.75 3738.81 3739.59 3742.06 3745.57 3749.27 3753.44 3757.76 3761.92 3763.74 3764.47 3766.67 3770.06 3773.33 3775.88 3779.75 3781.15 3782.28 3782.91 3783.61 3783.87 3784.16 3784.17 3784.06 3783.67 3783.4 3782.56 3782.16 3782.55 3788.71 3796.35 3801.17 3803.85 3806.31 3808.6 3810.21 3811.61 3816.13 3823.81 3830.86 3837.39 3843.42 3849.29 3852.87 3853.56 3854.43 3856.92 3859.36 3861.26 3862.54 3862.73 3868.25 3874.27
