real_craters/C188-750m.grd
DSAA
231 231
-86.3975 86.3975
-86.3975 86.3975
2413.6203281702 4483.13481928
[rows 38 to 75 of 231, columns 0 to 83 of 231]
3869 3871 3874 3866 3860 3858 3865 3860 3851 3845 3847 3847 3836 3837 3842 3830 3826 3835 3840 3842 3842 3834 3832 3830 3828 3827 3828 3834 3839 3838 3837 3837 3824 3828 3825 3836 3845 3830 3823 3821 3818 3817 3817 3811 3803 3796 3800 3803 3802 3800 3798 3796 3794 3797 3801 3803 3805 3814 3825 3834 3845 3866 3883 3900 3917 3937 3958 4008 4152 4073 3993 3942 3914 3892 3880 3869 3864 3855 3855 3859 3854 3860 3865 3861
3887 3881 3873 3856 3850 3844 3835 3838 3839 3832 3849 3838 3830 3830 3825 3830 3835 3838 3838 3837 3834 3832 3830 3827 3821 3816 3823 3823 3829 3834 3838 3834 3827 3827 3828 3828 3829 3832 3823 3818 3815 3814 3813 3809 3801 3793 3800 3804 3801 3799 3796 3795 3797 3800 3805 3809 3810 3816 3825 3835 3852 3848 3856 3878 3895 3912 3933 3955 4012 3995 3960 3927 3903 3887 3877 3873 3869 3862 3866 3878 3877 3861 3867 3866
3886 3871 3842 3841 3839 3838 3847 3840 3834 3839 3838 3832 3832 3834 3844 3833 3827 3833 3834 3834 3833 3827 3827 3823 3819 3817 3824 3834 3831 3832 3832 3844 3834 3829 3818 3817 3823 3823 3819 3814 3811 3809 3808 3810 3800 3792 3798 3802 3800 3796 3795 3794 3796 3801 3808 3818 3820 3820 3824 3830 3835 3846 3852 3862 3879 3894 3908 3908 3937 3933 3921 3914 3905 3894 3885 3880 3873 3869 3871 3881 3879 3872 3885 3882
3877 3858 3838 3833 3829 3826 3832 3830 3830 3829 3831 3824 3825 3832 3841 3837 3832 3828 3829 3830 3823 3820 3820 3822 3822 3825 3830 3835 3834 3835 3837 3848 3839 3827 3817 3812 3815 3805 3809 3811 3809 3808 3805 3803 3798 3793 3794 3796 3795 3794 3793 3794 3796 3801 3808 3818 3820 3818 3823 3826 3828 3837 3851 3856 3865 3871 3873 3891 3886 3887 3893 3899 3899 3893 3886 3879 3870 3862 3876 3869 3869 3876 3897 3899
3842 3841 3837 3829 3824 3816 3806 3818 3821 3828 3819 3815 3822 3823 3825 3828 3827 3825 3826 3827 3825 3823 3827 3827 3826 3828 3833 3843 3842 3839 3836 3828 3828 3828 3818 3809 3808 3804 3800 3798 3808 3804 3805 3798 3794 3792 3790 3790 3792 3792 3792 3793 3796 3800 3803 3806 3814 3821 3824 3826 3828 3832 3833 3839 3854 3856 3854 3866 3872 3879 3888 3888 3888 3886 3882 3876 3869 3861 3866 3860 3862 3874 3909 3929
3839 3836 3834 3830 3823 3817 3801 3801 3808 3814 3816 3805 3809 3810 3813 3818 3821 3822 3823 3822 3822 3825 3834 3831 3826 3823 3830 3849 3850 3842 3834 3833 3823 3828 3820 3810 3802 3803 3796 3792 3800 3801 3804 3798 3791 3788 3787 3786 3789 3790 3791 3792 3794 3798 3801 3801 3820 3825 3826 3828 3830 3832 3831 3855 3854 3851 3851 3853 3860 3865 3875 3877 3878 3877 3874 3870 3865 3856 3849 3860 3857 3866 3895 3914
3849 3839 3832 3826 3822 3818 3820 3796 3803 3804 3798 3799 3795 3800 3803 3809 3817 3819 3820 3820 3821 3827 3831 3832 3826 3821 3831 3851 3849 3844 3839 3837 3832 3822 3814 3804 3806 3796 3796 3797 3795 3799 3797 3790 3785 3785 3786 3788 3789 3789 3790 3791 3793 3797 3803 3812 3815 3823 3826 3830 3833 3836 3833 3836 3842 3846 3848 3851 3855 3863 3868 3873 3875 3873 3870 3867 3862 3855 3847 3838 3847 3854 3865 3876
3852 3843 3830 3812 3822 3824 3816 3808 3800 3795 3799 3792 3788 3794 3799 3806 3812 3814 3817 3819 3821 3824 3838 3834 3831 3828 3834 3840 3843 3841 3839 3840 3837 3823 3810 3804 3803 3798 3799 3801 3798 3794 3790 3786 3782 3783 3787 3791 3791 3789 3789 3789 3792 3797 3803 3809 3817 3821 3825 3829 3834 3842 3846 3838 3840 3843 3846 3850 3853 3859 3867 3873 3877 3877 3874 3867 3860 3853 3842 3841 3841 3842 3846 3852
3865 3851 3838 3833 3825 3824 3810 3804 3790 3786 3787 3795 3789 3791 3795 3803 3806 3810 3813 3818 3822 3832 3833 3829 3827 3830 3836 3837 3839 3838 3833 3824 3821 3819 3819 3808 3809 3805 3802 3800 3793 3789 3785 3783 3782 3786 3789 3791 3790 3789 3788 3788 3792 3797 3802 3808 3815 3820 3823 3827 3833 3839 3853 3850 3843 3843 3841 3847 3853 3861 3874 3884 3888 3890 3885 3875 3863 3851 3852 3849 3844 3836 3841 3842
3866 3857 3843 3830 3823 3815 3804 3803 3786 3785 3786 3782 3787 3790 3793 3797 3800 3806 3810 3813 3819 3826 3825 3815 3806 3810 3851 3850 3851 3845 3835 3825 3822 3814 3820 3807 3805 3806 3804 3799 3792 3787 3788 3784 3786 3791 3791 3791 3791 3789 3787 3786 3790 3796 3803 3810 3814 3817 3821 3825 3829 3832 3837 3854 3852 3845 3839 3844 3858 3863 3889 3903 3904 3901 3897 3888 3867 3853 3844 3852 3842 3835 3837 3836
3880 3867 3850 3829 3824 3819 3817 3803 3785 3779 3776 3774 3779 3788 3796 3794 3801 3805 3810 3810 3817 3818 3818 3799 3774 3741 3726 3843 3849 3843 3834 3824 3819 3823 3817 3811 3805 3806 3804 3801 3795 3786 3781 3785 3792 3795 3794 3794 3792 3790 3786 3783 3789 3795 3801 3807 3811 3815 3820 3825 3827 3829 3831 3837 3847 3845 3839 3841 3872 3900 3922 3917 3907 3903 3904 3907 3904 3862 3842 3847 3838 3839 3827 3829
3893 3876 3861 3851 3843 3840 3829 3809 3791 3780 3774 3769 3776 3786 3799 3801 3800 3802 3808 3819 3818 3816 3812 3794 3767 3728 3666 3827 3844 3838 3824 3815 3818 3816 3809 3813 3818 3808 3803 3800 3793 3786 3777 3782 3790 3794 3795 3796 3797 3792 3790 3789 3790 3793 3798 3801 3807 3814 3820 3824 3827 3827 3829 3842 3845 3847 3842 3846 3872 3920 3939 3913 3903 3901 3905 3913 3910 3856 3836 3850 3863 3844 3834 3828
3891 3877 3865 3857 3846 3831 3826 3816 3803 3779 3769 3771 3772 3776 3784 3792 3792 3795 3801 3812 3817 3826 3823 3809 3799 3807 3856 3859 3848 3832 3813 3803 3802 3807 3808 3811 3804 3804 3801 3798 3794 3786 3776 3780 3787 3791 3791 3792 3793 3788 3787 3789 3789 3791 3796 3803 3809 3815 3821 3826 3828 3827 3824 3830 3849 3857 3858 3849 3855 3893 3887 3886 3888 3891 3895 3899 3901 3896 3852 3834 3857 3847 3837 3828
3882 3874 3864 3855 3848 3839 3829 3818 3803 3799 3785 3767 3758 3765 3773 3780 3783 3787 3792 3801 3813 3826 3824 3822 3823 3829 3835 3837 3830 3815 3804 3797 3799 3801 3806 3810 3803 3800 3798 3796 3793 3788 3776 3777 3785 3788 3785 3781 3776 3776 3778 3781 3786 3789 3792 3800 3809 3816 3822 3828 3832 3832 3830 3837 3837 3854 3875 3856 3848 3852 3855 3859 3867 3874 3880 3882 3890 3905 3891 3872 3873 3852 3835 3825
3874 3869 3861 3849 3824 3837 3828 3818 3803 3808 3801 3781 3763 3760 3766 3775 3777 3782 3784 3792 3808 3823 3830 3831 3831 3830 3821 3827 3824 3817 3815 3802 3788 3788 3799 3798 3795 3797 3795 3794 3793 3788 3774 3773 3781 3783 3781 3774 3763 3770 3778 3782 3785 3788 3790 3800 3809 3816 3824 3830 3836 3835 3827 3833 3833 3838 3849 3856 3862 3858 3847 3848 3854 3859 3865 3866 3869 3879 3909 3906 3864 3846 3825 3817
3872 3868 3862 3854 3847 3827 3828 3826 3828 3818 3798 3782 3767 3762 3756 3760 3774 3782 3786 3794 3808 3817 3824 3826 3826 3827 3825 3827 3820 3815 3810 3803 3792 3788 3799 3795 3795 3793 3790 3789 3790 3790 3778 3769 3777 3782 3779 3775 3775 3775 3778 3783 3787 3790 3795 3805 3810 3818 3825 3831 3836 3834 3820 3828 3827 3826 3829 3841 3850 3858 3857 3845 3847 3850 3855 3862 3859 3864 3871 3889 3876 3857 3828 3817
3878 3870 3872 3864 3856 3848 3832 3826 3830 3830 3812 3791 3772 3768 3765 3762 3773 3789 3807 3814 3815 3811 3812 3815 3819 3822 3821 3813 3813 3810 3810 3808 3798 3789 3789 3791 3788 3787 3787 3785 3781 3781 3784 3771 3775 3782 3778 3775 3773 3776 3781 3785 3788 3792 3798 3801 3811 3818 3824 3830 3834 3835 3837 3826 3821 3825 3830 3834 3840 3844 3844 3845 3842 3845 3849 3848 3853 3856 3868 3886 3868 3844 3825 3817
3880 3889 3876 3867 3855 3838 3830 3823 3827 3832 3826 3803 3787 3777 3770 3766 3766 3793 3841 3840 3821 3811 3803 3803 3809 3815 3808 3808 3806 3804 3805 3814 3805 3787 3781 3787 3786 3785 3786 3785 3780 3780 3787 3779 3772 3774 3774 3773 3773 3777 3784 3786 3789 3793 3798 3806 3812 3818 3824 3828 3830 3832 3829 3823 3819 3820 3828 3829 3830 3826 3821 3827 3835 3842 3846 3851 3860 3865 3861 3849 3856 3832 3827 3825
3910 3915 3898 3875 3847 3828 3823 3823 3825 3826 3815 3803 3790 3790 3784 3771 3765 3784 3819 3825 3811 3795 3791 3791 3796 3799 3797 3798 3797 3798 3802 3813 3803 3791 3783 3783 3783 3784 3787 3791 3791 3785 3785 3787 3777 3770 3769 3771 3773 3775 3776 3785 3791 3795 3798 3806 3813 3818 3824 3830 3833 3835 3835 3829 3820 3813 3823 3827 3829 3820 3809 3812 3831 3846 3851 3844 3844 3851 3850 3842 3843 3821 3817 3807
3961 3954 3929 3886 3840 3820 3821 3822 3819 3817 3813 3802 3795 3790 3790 3779 3773 3781 3796 3804 3798 3788 3781 3779 3785 3794 3792 3787 3786 3788 3791 3791 3791 3788 3783 3777 3779 3779 3788 3797 3805 3788 3784 3792 3782 3773 3770 3770 3771 3773 3777 3786 3794 3801 3808 3811 3814 3818 3824 3831 3839 3840 3841 3835 3819 3810 3816 3828 3828 3820 3815 3813 3838 3859 3872 3867 3849 3843 3840 3838 3832 3836 3824 3807
3960 3973 3948 3903 3858 3835 3827 3833 3829 3818 3810 3799 3791 3786 3792 3785 3779 3780 3790 3792 3788 3781 3775 3771 3776 3779 3784 3778 3776 3777 3775 3774 3781 3781 3783 3775 3777 3788 3788 3793 3796 3786 3787 3793 3785 3777 3773 3771 3769 3772 3783 3791 3797 3804 3809 3812 3814 3818 3822 3826 3828 3834 3835 3831 3818 3807 3809 3824 3824 3822 3830 3843 3847 3869 3898 3904 3842 3826 3820 3813 3823 3860 3830 3796
3899 3951 3963 3927 3858 3845 3829 3832 3820 3818 3805 3800 3793 3793 3787 3788 3787 3789 3783 3786 3783 3780 3779 3775 3775 3770 3775 3772 3771 3775 3773 3777 3780 3781 3779 3779 3777 3781 3784 3782 3781 3781 3781 3784 3785 3783 3780 3775 3771 3771 3792 3794 3799 3805 3807 3810 3813 3815 3817 3819 3823 3824 3822 3816 3815 3820 3813 3819 3819 3814 3813 3822 3834 3857 3883 3878 3829 3810 3799 3794 3794 3820 3816 3788
3877 3917 3942 3955 3857 3841 3833 3809 3810 3814 3813 3803 3799 3793 3797 3795 3793 3789 3787 3789 3794 3791 3789 3792 3782 3781 3774 3771 3776 3780 3776 3777 3780 3783 3778 3775 3779 3782 3779 3774 3773 3772 3773 3784 3790 3788 3784 3778 3774 3775 3783 3791 3798 3803 3806 3809 3811 3812 3812 3812 3812 3815 3815 3812 3803 3818 3816 3813 3805 3800 3808 3809 3811 3829 3844 3836 3807 3799 3781 3771 3779 3798 3798 3785
3869 3891 3901 3887 3856 3932 3890 3832 3822 3812 3807 3806 3807 3808 3807 3804 3803 3800 3796 3793 3791 3791 3788 3787 3777 3772 3768 3766 3765 3779 3778 3778 3779 3777 3762 3760 3774 3775 3774 3771 3770 3769 3771 3791 3794 3787 3782 3778 3775 3774 3780 3788 3796 3808 3811 3810 3809 3808 3807 3806 3806 3809 3812 3815 3804 3806 3806 3810 3807 3806 3803 3796 3791 3799 3802 3799 3789 3786 3762 3753 3762 3771 3776 3778
3867 3869 3872 3861 3858 3853 3938 3860 3826 3812 3801 3801 3808 3816 3808 3811 3815 3822 3813 3796 3781 3779 3782 3777 3770 3761 3760 3759 3761 3761 3768 3776 3775 3775 3771 3769 3771 3776 3776 3771 3767 3768 3770 3775 3780 3779 3776 3777 3775 3775 3780 3785 3791 3797 3812 3807 3804 3802 3801 3800 3801 3804 3806 3807 3799 3794 3800 3802 3796 3791 3787 3780 3775 3777 3777 3787 3785 3765 3749 3748 3755 3763 3766 3760
3855 3857 3855 3855 3848 3839 3840 3876 3826 3832 3807 3811 3816 3814 3807 3817 3826 3825 3815 3805 3793 3786 3782 3779 3776 3763 3756 3752 3748 3750 3753 3761 3767 3770 3771 3771 3767 3770 3773 3774 3771 3766 3766 3762 3762 3771 3779 3778 3774 3776 3778 3781 3783 3786 3790 3796 3797 3797 3797 3796 3796 3798 3799 3799 3795 3788 3784 3780 3780 3778 3771 3769 3767 3765 3768 3772 3769 3756 3752 3757 3757 3772 3767 3747
3843 3848 3851 3850 3841 3834 3832 3829 3831 3871 3837 3835 3841 3818 3817 3828 3839 3846 3827 3816 3811 3797 3784 3774 3768 3763 3753 3746 3741 3738 3745 3750 3758 3766 3769 3772 3771 3769 3769 3763 3765 3763 3763 3759 3757 3762 3769 3772 3771 3765 3776 3777 3777 3780 3783 3786 3789 3791 3793 3797 3796 3793 3792 3789 3789 3788 3782 3779 3769 3756 3753 3751 3748 3753 3762 3761 3756 3748 3746 3748 3741 3755 3751 3734
3849 3846 3848 3850 3839 3831 3820 3819 3820 3820 3830 3910 3890 3836 3838 3841 3849 3855 3826 3820 3824 3799 3783 3772 3762 3755 3748 3742 3737 3734 3734 3742 3751 3762 3771 3773 3778 3773 3768 3760 3758 3760 3764 3761 3748 3760 3767 3769 3769 3771 3772 3772 3773 3774 3776 3779 3781 3784 3786 3789 3789 3787 3785 3783 3781 3781 3781 3781 3762 3745 3739 3739 3738 3741 3749 3758 3762 3755 3744 3750 3739 3739 3734 3726
3843 3842 3843 3840 3840 3835 3831 3833 3832 3831 3837 3894 3937 3844 3838 3849 3855 3846 3840 3818 3788 3789 3779 3772 3767 3755 3745 3740 3734 3730 3729 3733 3741 3750 3758 3763 3771 3775 3768 3764 3757 3759 3761 3761 3773 3771 3768 3767 3768 3768 3768 3767 3768 3768 3770 3772 3773 3774 3775 3777 3778 3778 3778 3778 3777 3788 3776 3764 3753 3741 3735 3733 3729 3735 3739 3749 3754 3752 3743 3747 3734 3731 3729 3722
3842 3842 3840 3839 3845 3839 3839 3836 3840 3850 3856 3882 3896 3871 3898 3889 3871 3827 3831 3812 3797 3782 3771 3762 3755 3742 3738 3735 3732 3729 3719 3723 3734 3748 3756 3758 3774 3774 3770 3764 3760 3758 3761 3765 3775 3777 3773 3769 3766 3763 3758 3762 3767 3770 3769 3767 3766 3765 3764 3762 3767 3769 3773 3778 3795 3803 3796 3760 3746 3738 3732 3725 3723 3742 3742 3740 3756 3752 3744 3743 3736 3731 3726 3723
3833 3829 3836 3849 3839 3837 3835 3830 3828 3836 3849 3863 3862 3872 3850 3909 3897 3813 3805 3793 3781 3773 3765 3754 3732 3729 3731 3731 3731 3726 3727 3725 3733 3733 3758 3756 3766 3768 3761 3758 3756 3755 3756 3769 3780 3783 3778 3775 3761 3754 3755 3758 3767 3767 3763 3761 3760 3759 3757 3758 3759 3762 3765 3769 3782 3776 3770 3753 3740 3731 3724 3722 3733 3756 3756 3740 3745 3753 3751 3747 3737 3727 3726 3728
3833 3822 3827 3830 3834 3832 3834 3822 3816 3817 3829 3835 3830 3841 3819 3839 3894 3841 3826 3784 3779 3771 3767 3754 3745 3734 3732 3730 3726 3732 3727 3733 3740 3750 3755 3752 3758 3757 3755 3757 3756 3752 3751 3754 3765 3770 3769 3766 3753 3747 3749 3751 3752 3751 3754 3755 3754 3752 3751 3750 3752 3754 3756 3757 3755 3764 3744 3742 3734 3726 3718 3722 3732 3746 3745 3738 3738 3748 3756 3752 3740 3733 3731 3733
3826 3831 3824 3820 3821 3822 3819 3809 3814 3812 3808 3796 3810 3809 3818 3823 3831 3848 3893 3801 3785 3795 3780 3758 3749 3738 3737 3735 3733 3738 3744 3743 3743 3752 3765 3749 3744 3739 3748 3758 3754 3750 3748 3748 3751 3753 3756 3752 3749 3745 3744 3742 3737 3741 3750 3752 3749 3746 3745 3744 3745 3747 3750 3751 3753 3748 3736 3727 3730 3731 3731 3730 3730 3754 3743 3733 3734 3744 3754 3755 3746 3739 3732 3734
3835 3815 3815 3818 3814 3811 3810 3821 3817 3804 3798 3798 3802 3807 3811 3814 3816 3824 3824 3822 3848 3835 3795 3751 3731 3749 3744 3742 3743 3748 3749 3746 3747 3753 3756 3749 3737 3731 3744 3756 3751 3745 3742 3744 3745 3747 3751 3756 3758 3749 3739 3733 3742 3760 3756 3751 3747 3742 3737 3736 3739 3741 3743 3745 3747 3744 3742 3736 3737 3741 3750 3743 3741 3742 3743 3736 3730 3731 3737 3741 3744 3746 3732 3737
3824 3815 3807 3803 3806 3804 3823 3845 3821 3807 3793 3783 3781 3789 3796 3811 3812 3803 3784 3763 3822 3851 3813 3751 3725 3741 3745 3739 3740 3743 3743 3744 3744 3738 3738 3735 3735 3734 3741 3741 3743 3741 3738 3735 3735 3742 3749 3758 3755 3747 3736 3728 3733 3751 3752 3748 3745 3741 3735 3734 3736 3737 3738 3738 3737 3736 3738 3743 3742 3739 3733 3735 3744 3740 3741 3741 3735 3723 3725 3728 3736 3741 3728 3745
3817 3812 3804 3805 3806 3805 3818 3824 3815 3804 3788 3771 3763 3769 3782 3795 3803 3798 3773 3753 3785 3822 3831 3770 3738 3746 3735 3736 3737 3738 3740 3741 3743 3740 3734 3732 3731 3728 3722 3723 3730 3733 3733 3730 3731 3737 3745 3759 3759 3746 3734 3726 3726 3734 3742 3743 3743 3742 3742 3738 3736 3735 3734 3733 3732 3733 3733 3740 3742 3736 3725 3735 3748 3741 3745 3745 3742 3730 3727 3729 3727 3725 3727 3740
3807 3802 3807 3814 3810 3813 3817 3803 3799 3797 3786 3775 3766 3767 3776 3776 3778 3781 3771 3768 3774 3792 3797 3767 3808 3749 3735 3737 3724 3728 3738 3738 3735 3735 3732 3727 3727 3714 3726 3723 3722 3723 3725 3726 3726 3725 3735 3749 3756 3741 3731 3724 3724 3730 3737 3740 3742 3743 3743 3740 3737 3734 3732 3730 3730 3732 3737 3740 3746 3742 3747 3752 3756 3754 3738 3750 3755 3753 3727 3722 3721 3717 3723 3724
3804 3804 3814 3807 3806 3806 3806 3799 3794 3791 3787 3780 3771 3772 3780 3790 3772 3768 3765 3759 3760 3765 3760 3742 3771 3807 3780 3763 3721 3709 3749 3738 3727 3728 3728 3725 3725 3725 3727 3723 3723 3722 3723 3722 3722 3725 3730 3734 3729 3730 3727 3726 3729 3733 3736 3738 3740 3742 3742 3740 3736 3733 3730 3728 3728 3730 3743 3743 3731 3744 3750 3753 3755 3755 3757 3758 3762 3762 3746 3731 3726 3718 3711 3711
