real_craters/C188-300m.grd
DSAA
577 577
-86.3975 86.3975
-86.3975 86.3975
2410.9097261539 4507.8453042091
[rows 300 to 329 of 577, columns 469 to 535 of 577]
3717.48 3713.98 3711.81 3711.47 3709.05 3704.51 3699.59 3698.94 3695.98 3694 3694.31 3694.71 3695.02 3695.32 3696.29 3698.23 3700.29 3701.3 3698.31 3694.44 3688.58 3685.32 3695.02 3705.1 3697.1 3695.73 3700.78 3708.22 3713.06 3711.45 3708.98 3710.53 3711.76 3713.49 3715.72 3718.35 3721.01 3723.71 3725.65 3728.82 3737.34 3743.78 3747.08 3741.65 3738.16 3739.45 3735.91 3730.48 3726.44 3723.02 3720.02 3717.44 3716.13 3717.74 3720.79 3723.36 3726.02 3728.85 3732.81 3735.28 3734.95 3735.96 3737.26 3738.13 3736.66 3736.3 3736.34
3716.12 3712.07 3709.02 3706.66 3707.47 3708.21 3709.56 3706.79 3701.34 3698.26 3697.81 3697.72 3697.73 3697.47 3696.81 3700.05 3703.17 3706.19 3707.21 3699.38 3692.64 3687.84 3685.46 3695.12 3693.67 3694.65 3700.47 3708.82 3718.56 3713.55 3705.82 3707.03 3708.99 3711.29 3714.22 3717.82 3721.67 3725.85 3729.89 3733.25 3735.99 3740.38 3740.04 3738.28 3736.79 3737.6 3735.28 3730.54 3726.49 3723.37 3721.03 3719.42 3718.39 3718.91 3720.58 3722.41 3723.88 3725.58 3728.45 3731.13 3732.8 3734.79 3736.79 3738.62 3741.22 3740.05 3738.15
3709.45 3708.13 3705.93 3704.35 3707.08 3710.64 3712.08 3710.19 3706.53 3703.52 3701.69 3701.33 3701.51 3701.48 3701.57 3703.32 3705.52 3707.19 3706.63 3702.47 3697.93 3696.7 3700.03 3693.86 3691.24 3692.41 3697.54 3704.2 3711.95 3708.03 3703.84 3704.41 3706.36 3709.41 3712.9 3716.91 3721.66 3727.07 3731.73 3732.73 3730.96 3729.32 3729.12 3728.11 3729.56 3731.25 3730.73 3727.89 3725.16 3722.89 3721.68 3721.4 3721.31 3720.93 3721.83 3722.46 3722.62 3722.22 3721.78 3725.82 3730.32 3733.87 3736.87 3739.05 3740.53 3742.07 3743.64
3705.1 3705.07 3704.18 3704.21 3708.04 3712.68 3716.29 3713.62 3709.32 3705.77 3704.59 3704.65 3705.54 3706.68 3706.65 3707 3707.04 3707.09 3706.41 3704.56 3703.36 3705.74 3704.05 3691.64 3688.36 3687.1 3691.2 3695.43 3696.86 3699.39 3698.83 3700.72 3703.45 3706.88 3710.62 3714.67 3719.43 3725.55 3731.76 3729.8 3723.93 3717.54 3717.04 3716.99 3720.79 3723.21 3723.83 3724.11 3722.91 3721.77 3721.26 3720.67 3721.87 3722.75 3723.31 3723.46 3722.88 3721.36 3719.84 3724.24 3729.46 3733.86 3737.4 3739.93 3740.66 3742.54 3743.56
3704.57 3703.75 3703.64 3705.1 3708.78 3713.81 3717.14 3714.78 3710.91 3707.63 3706.62 3707.04 3708.51 3711.78 3713.12 3709.82 3708.07 3706.07 3705.63 3705.42 3704.88 3704.87 3702.15 3693.22 3689.01 3686.64 3688.35 3690.03 3689.78 3690.15 3693.44 3697.57 3701.35 3704.74 3707.89 3711.1 3714.61 3718.92 3724.06 3721.87 3716.75 3710.92 3708.28 3710.05 3714.15 3718.3 3721.51 3720.69 3720.36 3720.17 3720.76 3721.74 3724.17 3725.29 3725.9 3725.91 3725.47 3724.11 3722.13 3726.49 3730.73 3734.86 3738.95 3742.82 3744.27 3744.68 3743.52
3703.8 3702.95 3702.72 3704.39 3708.29 3712.39 3715.55 3714.28 3711.58 3708.55 3708.01 3708.2 3708.7 3709.95 3710.57 3709.6 3708.8 3707.83 3706.56 3705.69 3704.37 3699.83 3696.43 3696.98 3691.93 3689.14 3688.35 3689.33 3689.81 3688.72 3692.23 3696.52 3700.12 3703.12 3705.25 3707.41 3708.69 3709.51 3710.32 3712.15 3710.8 3707.22 3703.52 3705.89 3709.65 3713.18 3715.37 3716.74 3717.72 3718.63 3720.1 3723.27 3725.66 3727.63 3728.46 3728.76 3729.37 3730.42 3730.71 3731.2 3733.11 3736.15 3740.09 3745.9 3751.06 3747.21 3745
3702.35 3702.15 3703.26 3704.99 3707.71 3709.59 3712.42 3713.39 3712.52 3711.02 3710.04 3708.82 3707.44 3705.55 3706.02 3707.03 3707.96 3709.69 3706.95 3704.74 3703.66 3703.45 3695.47 3699.36 3692.85 3687.6 3687.97 3689.95 3691.72 3692.65 3694.84 3697.97 3700.53 3702.58 3704.24 3704.93 3704.03 3702.53 3702.9 3706.92 3709.17 3706.85 3704.42 3705.57 3707.84 3710.05 3710.26 3714.32 3715.93 3716.91 3718.2 3722.12 3729.07 3730.23 3730.14 3730.63 3732.3 3735.59 3737.6 3735.12 3735.21 3736.63 3739.19 3742.43 3745.62 3746.69 3747
3700.97 3700.78 3701.13 3703.83 3707.51 3711.82 3712.74 3713.01 3713.23 3713.48 3711.87 3709.11 3706.43 3704.14 3703.52 3703.74 3703.47 3703.2 3702.57 3701.21 3700.25 3699.83 3695.63 3695.93 3691.36 3688.32 3688.1 3690.2 3692.23 3694.31 3697.64 3700.73 3702.29 3704.02 3704.52 3704.19 3702.2 3698.81 3699.6 3706.71 3713.06 3718.51 3714.54 3707.9 3708.82 3711.45 3715.77 3715.03 3715.32 3715.62 3716.47 3720.59 3729.65 3730.43 3730.35 3730.77 3732.42 3734.93 3736.08 3735.66 3735.56 3736.15 3737.15 3737.86 3740.75 3745.04 3748.47
3699.76 3699.5 3699.43 3702.09 3705.82 3709.82 3710.99 3711.74 3712.48 3712.93 3711.49 3708.72 3705.94 3702.23 3702.06 3701.25 3699.71 3697.65 3697.72 3696.55 3694.75 3693.93 3692.94 3689.41 3688.88 3687.17 3688.71 3691.3 3693.77 3696.68 3700.81 3703.93 3704.78 3705.61 3705.95 3705.51 3704.27 3701.77 3703.5 3711.47 3718.06 3723.11 3714.66 3710.33 3711.89 3713.7 3714.41 3715.36 3715.8 3715.55 3715.62 3718.89 3723.08 3726.99 3728.54 3729.22 3730.05 3732.62 3733.8 3734.15 3734.86 3735.51 3736.12 3737.01 3740.02 3744.55 3748.84
3698.07 3698.81 3700.22 3701.34 3703.1 3704.72 3707.74 3709.71 3710.69 3710.78 3709.55 3707.31 3705.46 3705.36 3701.48 3699.79 3698.6 3697.27 3695.11 3692.79 3690.1 3690.32 3692.53 3688.22 3688.73 3689.95 3692.54 3694.7 3696.58 3699.12 3703.08 3706.7 3707.39 3708.47 3709.26 3709.55 3710.21 3712.12 3715.38 3720.47 3724.84 3724.15 3722.29 3718.12 3718.08 3718.25 3717.01 3717.77 3717.96 3717.17 3716.01 3718.24 3723.14 3726.21 3726.99 3727.23 3726.88 3724.98 3729.38 3732.92 3734.69 3735.65 3736.17 3737.63 3741.12 3745.62 3749.09
3694.92 3696.86 3699.76 3699.89 3701.36 3703.2 3705.75 3708.05 3709.1 3708.58 3706.93 3705.21 3702.67 3700.12 3699.51 3698.28 3696.86 3695.79 3693.99 3691.32 3688.13 3689.49 3694.5 3691.59 3693.65 3697.48 3699.12 3699.42 3697.96 3699.76 3702.37 3704.87 3710.25 3713.11 3714.35 3715.06 3716.71 3720.65 3725.48 3731.11 3737.02 3740.57 3734.98 3729.21 3726.25 3725.67 3725.75 3724.68 3721.56 3719.42 3720.86 3721.21 3724.89 3725.9 3725.43 3726.15 3726.68 3727.19 3730.16 3733.61 3735.95 3737.24 3737.53 3738.18 3743.61 3749.04 3752.97
3690.63 3692.3 3694.11 3696.64 3698.73 3701.61 3704.77 3707.4 3708.54 3708.24 3706.65 3703.92 3700.65 3698.35 3697.49 3697.39 3696.58 3695.75 3694.73 3692.6 3689.76 3692.01 3698.6 3696.14 3700.1 3703.75 3702.39 3695 3695.23 3701.21 3706.62 3709.83 3717.03 3719.62 3720.24 3720.45 3721.52 3725.32 3732.65 3741.14 3747.18 3748.97 3744.43 3737.11 3733.4 3732.27 3734.86 3731.77 3723.79 3718.86 3716.3 3717.22 3717.68 3719.17 3723.05 3725.96 3728.28 3730.97 3733.14 3736.15 3739.06 3741.03 3741.38 3742.75 3748.96 3755.33 3760.68
3687.34 3689.42 3691.8 3694.47 3696.13 3700.04 3705.08 3707.54 3708.78 3709.38 3708.55 3703.21 3697.9 3695.38 3695.42 3696.89 3699.44 3698.25 3697.06 3696.49 3695.7 3697.42 3701.71 3701.23 3702.57 3703.66 3703.77 3702.85 3701 3707.82 3717.96 3728.84 3728.54 3727.78 3726.87 3725.86 3724.88 3727.71 3738.27 3750.82 3762.17 3763.91 3752.5 3742.96 3738.32 3734.41 3731.2 3726.91 3722.93 3719.06 3713.87 3715.55 3715.2 3717.09 3722.18 3726.73 3731.05 3733.17 3736.5 3739.41 3743.18 3747.44 3750.06 3750.16 3757.73 3763.33 3769.25
3685.37 3688.28 3691.85 3695.76 3698.32 3706.48 3707.55 3708.18 3708.67 3708.85 3707.25 3701.8 3694.75 3692.55 3692.87 3693.83 3696.7 3697.48 3698.63 3701.02 3703.93 3701.7 3697.15 3700.63 3702.09 3702.13 3702.18 3707.04 3708.92 3715.62 3726.33 3738.3 3736.91 3734.91 3733.68 3732.59 3730.3 3730.82 3743.97 3757.79 3771.05 3770.81 3761.74 3751.86 3742.92 3735.35 3726.42 3719.86 3723.11 3723.71 3722.7 3719.85 3719.52 3721.34 3722.63 3727.21 3734.82 3738.97 3738.94 3741.44 3746.32 3753.68 3765.32 3770.71 3767.52 3770.4 3775.8
3683.41 3686.85 3691.36 3698.37 3707.83 3709.92 3708.48 3707.78 3707.56 3707.27 3705.94 3701.73 3695.23 3692.75 3691.3 3689.21 3688 3693.93 3698.51 3702.85 3707.72 3704.48 3700.82 3703.98 3706.16 3704.46 3704.13 3705.15 3710.98 3719.88 3729.04 3735.88 3738.9 3739.02 3739.44 3740.7 3742.74 3744.66 3751.16 3760.34 3770.11 3773.65 3765.08 3754.8 3745.98 3738.45 3731.18 3727.35 3728.16 3729.3 3727.97 3723.46 3720.74 3719.83 3720.32 3724.08 3731.16 3735.68 3737.57 3740.85 3746.09 3753.66 3763.58 3769.55 3770.64 3773.86 3778.87
3681.09 3681.02 3687.64 3696.03 3705.04 3706.42 3705.91 3705.56 3705.21 3704.81 3704.06 3701.67 3700.98 3694.73 3691.59 3690.4 3690.33 3693.99 3698.41 3701.34 3702.01 3700.48 3697.85 3704.69 3710 3706.2 3704.23 3711.18 3716.78 3723.26 3729.95 3736.91 3739.13 3740.39 3742.67 3746.57 3753 3755.94 3755 3757.89 3764.22 3770.85 3762.03 3753.52 3747.16 3742.9 3739.17 3735.35 3736.01 3734.54 3730.87 3725.06 3719.13 3715.06 3715.5 3718.24 3721.51 3727.67 3733.29 3738.13 3743.05 3748.36 3755.19 3762.03 3767.99 3773.71 3779.14
3681.02 3679.77 3685.14 3689.61 3693.3 3698.32 3701.28 3702.19 3701.92 3701.16 3699.59 3697.89 3695.77 3693.45 3691.28 3691.09 3693.42 3695.78 3699.47 3701.84 3700.39 3698.11 3695.06 3699.15 3704.32 3706.71 3708.18 3718.62 3723.25 3725.77 3729.17 3732.76 3735.51 3738.57 3742.32 3747.18 3752.61 3753.87 3752.26 3751.56 3753.46 3759.44 3754.78 3746.8 3747.51 3747.9 3748.21 3751.01 3744.65 3739.76 3734.08 3727.1 3718.9 3710.58 3712.49 3714.49 3716.87 3723.11 3730.07 3735.81 3740.25 3742.89 3743.97 3754.91 3764.6 3772.17 3778.23
3683.81 3685.58 3687.4 3688.32 3687.84 3694.37 3697.92 3698.88 3698.55 3697.44 3696.1 3694.54 3692.44 3691.2 3689.96 3689.1 3691.41 3696.51 3701.42 3705.86 3706.84 3700.31 3695.08 3697.88 3704.54 3709.74 3714.77 3720.22 3724.24 3725.88 3727.26 3727.89 3730.56 3735.47 3739.75 3743.76 3747.51 3747.87 3746.06 3744.75 3746.4 3750.14 3751.35 3750.55 3752.32 3752.83 3752.98 3753.94 3748.45 3744.11 3737.93 3731.02 3724.01 3717.51 3716.87 3716.28 3715.6 3722.71 3729.68 3735.88 3740.72 3743.57 3743.13 3754.68 3764.13 3771.55 3777.57
3684.39 3688.38 3691.16 3696.78 3698.83 3697.3 3696.99 3696.62 3695.52 3693.84 3691.89 3690.46 3690.01 3689.27 3689.28 3690.01 3692.83 3697.54 3702.51 3706.93 3707.75 3701.83 3697.36 3700 3708.25 3712.2 3717.08 3718.17 3722.63 3724.82 3725.97 3726.43 3728.71 3733.19 3736.58 3739.02 3740.12 3740.96 3739.38 3736.72 3738.3 3745.11 3752.7 3760.12 3759.54 3757.15 3754.54 3748.49 3747.85 3746.13 3740.74 3735.53 3731.85 3731.86 3726.63 3722.07 3722.86 3726.25 3732.27 3738.55 3744.28 3750.39 3758.11 3760.69 3766.66 3772.67 3777.76
3679.3 3682.5 3690.85 3700.24 3701.72 3697.9 3695.84 3694.29 3692.73 3690.63 3687.46 3684.21 3685.64 3687.84 3689.23 3690.82 3694.31 3698.55 3702.87 3705.75 3705.34 3701.82 3698.02 3701.07 3707.36 3710.07 3713.9 3720.21 3721.99 3723.89 3725.48 3727.71 3730.71 3731.78 3733.9 3735.99 3736.98 3737.48 3736.06 3731.93 3732.51 3742.89 3752.61 3760.1 3761.49 3759.78 3757.53 3755.52 3750.61 3744.92 3741.97 3738.43 3735.91 3735.47 3730.88 3725.63 3725.16 3730.69 3736.64 3742.87 3748.84 3754.18 3759.56 3765.26 3770.22 3775.04 3779.75
3679.51 3681.76 3687.37 3692.63 3694.45 3694.32 3693.49 3692.2 3690.63 3688.91 3687.01 3687.06 3686.59 3687.75 3690.02 3692.6 3695.8 3699.64 3703.51 3706.69 3705.63 3702.24 3700.08 3702.36 3703.19 3706.62 3709.7 3716.36 3720.7 3722.75 3724.11 3725.83 3728.61 3729.09 3731.61 3733.91 3736.07 3737.49 3737.89 3737.34 3740.24 3744.87 3752.56 3758.81 3761.45 3760.86 3759.29 3758.42 3754.72 3748.28 3744.59 3740.29 3736.26 3731.9 3729.85 3730.8 3732.49 3736.68 3742.05 3748.25 3754.74 3759.81 3764.35 3769.86 3774.26 3778.5 3782.45
3681.96 3682.49 3684.23 3685.89 3687.83 3690.6 3691.02 3690.34 3689.35 3687.8 3686.58 3686.06 3686.31 3687.43 3690.46 3694.55 3696.76 3700.02 3703.39 3706.02 3705.08 3702.17 3699.82 3700.83 3706.97 3709.86 3712.45 3716.29 3720.25 3721.82 3722.46 3721.68 3718.8 3725.81 3730.13 3733.25 3735.83 3739.08 3741.94 3744.19 3740.92 3746.92 3753.03 3759.53 3762.01 3760.29 3758.53 3756.17 3756.35 3755.31 3747.59 3741.62 3736.68 3732.67 3732.48 3736.63 3739.69 3742.75 3747.35 3753.41 3760.89 3770.41 3773.54 3775 3777.91 3781.39 3785.28
3682.07 3682.35 3682.51 3683.14 3686.95 3689.48 3690.17 3689.77 3688.61 3686.95 3685.42 3684.93 3684.54 3685.55 3687.86 3691.7 3695.48 3699.32 3702.36 3703.44 3703.05 3701.4 3701.23 3704.86 3709.33 3713.19 3716.86 3721.48 3721.02 3721.58 3722.25 3722.36 3723.04 3726.66 3730.22 3734.1 3737.66 3741 3744.91 3749.02 3748.97 3748.66 3751.78 3756.21 3758.15 3757.01 3756.48 3756.25 3756.02 3752.92 3747.56 3742.34 3737.95 3734.93 3736 3741.15 3744.62 3747.64 3751.68 3757.08 3763.79 3771 3775.34 3777.85 3780.64 3783.81 3787.41
3682.92 3683.22 3684.43 3688.08 3690.69 3691.16 3690.65 3689.55 3688.23 3686.84 3686.01 3683.91 3683.11 3683.3 3684.01 3687.42 3693.56 3698.8 3702.56 3703.63 3701.85 3699.46 3699.31 3705.51 3709.13 3711.78 3713.17 3717.91 3719.99 3720.84 3722.25 3724.48 3728.38 3728.96 3730.29 3732.82 3736.95 3741.56 3745.71 3747.71 3748.17 3747.39 3748.2 3748.95 3749.57 3751.69 3753.27 3754.28 3752.09 3748.66 3746.2 3742.37 3738.68 3737.46 3742.59 3748.96 3748.95 3750.86 3754.63 3759.38 3764.43 3769.41 3774.54 3778.78 3782.13 3785.41 3788.62
3684.64 3684.38 3686.94 3693.37 3694.16 3692.66 3691.4 3689.67 3687.87 3686.38 3686.16 3685.82 3682.17 3682.31 3682.62 3686.29 3692.79 3698.82 3703.66 3704.81 3701 3696.21 3692.74 3695.63 3701.8 3703.85 3709.16 3715.74 3716.8 3718.5 3721.21 3724.64 3727.67 3729.41 3729.57 3730.32 3735.19 3740.98 3745.85 3744.46 3742.22 3744 3744.71 3743.71 3742.85 3747.52 3750.9 3751.98 3748.9 3747.94 3746.1 3742.87 3738.72 3734.48 3732.35 3741.47 3747.28 3752.47 3757.2 3761.68 3765.49 3768.65 3774.81 3779.83 3783.59 3787.08 3790.21
3681.85 3684.76 3687.48 3692.14 3694.26 3693.59 3692.02 3690.06 3687.85 3685.14 3681.51 3679.08 3681.14 3683.82 3685.47 3688.59 3693.4 3698.68 3704.59 3705.82 3699.66 3693.57 3687.91 3691.41 3696.32 3696.07 3702.17 3707.88 3711.12 3714.61 3718.53 3723.01 3728.31 3729.48 3728.84 3729.19 3734.4 3740.05 3743.5 3739.41 3739.13 3742.21 3744.01 3744.45 3745.53 3747.88 3750.73 3752.34 3755.19 3750.99 3747.91 3744.81 3740.72 3734.25 3724.83 3734.64 3746.56 3754.72 3760.61 3765.14 3768.97 3772.95 3777.5 3781.81 3785.75 3788.88 3791.85
3684.64 3686.81 3689.28 3693.68 3694.84 3694.21 3692.77 3691.06 3688.77 3686.01 3681.85 3680.76 3684.93 3688.84 3690.79 3692.14 3694.1 3696.72 3699.39 3700.21 3696.74 3692.95 3691.61 3692.13 3695.53 3695.42 3690.21 3697.49 3704.87 3710.15 3714.88 3719.65 3723.9 3726.62 3728.41 3730.66 3734.81 3739.91 3742.76 3739.32 3740.61 3743.55 3746.4 3748.5 3749.87 3751.06 3751.47 3751.13 3751.54 3751.83 3750.48 3748.82 3746.83 3744.65 3744.19 3745.24 3753.25 3759.96 3765.42 3769.87 3773.3 3777.44 3781.25 3784.93 3788.18 3791.05 3793.38
3690.91 3691.36 3692.37 3695.38 3695.56 3694.68 3693.36 3692.06 3690.79 3689.71 3689.91 3692.87 3695.86 3695.68 3696.6 3695.05 3694.2 3693.87 3693.22 3693.77 3693.65 3691.42 3688.73 3690.1 3693.86 3695.87 3695.47 3698.36 3702.28 3706.45 3710.84 3714.95 3719.02 3722.49 3726.5 3731.11 3733.96 3738.6 3746.01 3744.94 3744 3746.7 3750.49 3754.07 3756.35 3756.66 3754.42 3751.15 3752.43 3753.02 3753.8 3754.59 3755.24 3758 3763.01 3763.95 3763.88 3767.43 3771.96 3776.34 3778.67 3781.75 3785.82 3788.64 3790.92 3792.92 3794.54
3697.45 3695.65 3697.05 3697.43 3695.55 3694.22 3693.35 3692.85 3692.37 3692.68 3695.33 3699.36 3701.57 3698.63 3697.2 3695.92 3694 3692.05 3690.95 3691.86 3693.39 3693.61 3692.15 3691.18 3694.51 3700.31 3698.55 3697.96 3699.82 3703.49 3707.26 3710.68 3713.15 3715.73 3720.57 3725.78 3730.43 3733.88 3735.57 3741.16 3744.91 3749.49 3755.03 3760.82 3765.72 3765.25 3760.55 3753.26 3750.31 3754.68 3758.71 3761.3 3763.66 3767.31 3769.58 3768.6 3771.61 3775.37 3779.57 3783.7 3789.59 3790.46 3791.5 3792.54 3793.84 3794.55 3795.13
3697.43 3695.71 3696.22 3695.34 3693.47 3692.51 3692.32 3692.66 3693.4 3693.97 3693.42 3696.23 3696.77 3697.77 3697.45 3696.35 3694.22 3691.42 3688.89 3692 3695.51 3698.68 3699.45 3697.42 3696.9 3694.9 3698.26 3696.9 3697.98 3701.89 3705.04 3707.87 3710.57 3713.64 3715.67 3720.93 3727.42 3731.21 3734.02 3737.92 3745.02 3751.55 3758.46 3766.09 3773.68 3774.3 3770.4 3765.27 3760.36 3763.59 3767 3768.48 3770.4 3773.68 3777.38 3773.9 3778.7 3783.18 3786.92 3790.21 3790.39 3794.13 3795.67 3796.17 3796.78 3795.9 3795.38
