real_craters/C188-500m.grd
DSAA
347 347
-86.3975 86.3975
-86.3975 86.3975
2413.8245056214 4498.3004742451
[rows 240 to 269 of 347, columns 134 to 200 of 347]
3742.81 3740.9 3736.56 3747.12 3752.32 3757.47 3769.6 3774.07 3733 3715.92 3709.7 3703.56 3713.6 3726.5 3730.24 3732.79 3732.34 3732.09 3771.2 3799.57 3818.01 3832.49 3842.16 3842.2 3829.54 3849.52 3897.65 3866.66 3840.97 3832.7 3877.09 3917.55 3924.54 3911.53 3932.91 3967.74 4004.4 4065.05 4128.07 4127.8 4078.64 4034.84 4026.9 4030.28 4055.49 4096.11 4118.62 4140.99 4178.55 4162.21 4023.25 3924.64 3866.76 3861.24 3859.34 3851.59 3838.75 3823.26 3804.17 3800.88 3816.53 3861.55 3949.6 4051.79 4085.58 4095.95 4116.28
3765.16 3780.53 3791.51 3785.26 3790.93 3765.19 3745.31 3732.11 3734.6 3731.25 3715.67 3711.97 3710.37 3712.72 3712.23 3709.62 3704.54 3709.04 3726.09 3761.96 3798.63 3832.65 3861.13 3871.24 3858.49 3860.13 3912.25 3896.11 3881.57 3879.52 3896.57 3929.71 3932.17 3913.42 3924.98 3949.26 3991.64 4066.23 4150.72 4161.06 4127.27 4067.73 4049.22 4044.97 4066.9 4079.71 4102.13 4133.94 4162.67 4114.75 3989.83 3893.34 3829.31 3825.18 3821.29 3811.81 3794.38 3772.46 3746.5 3740.53 3752.49 3781.65 3854.64 3926 3968.44 3989.46 4001.83
3773.29 3795.53 3814.74 3790.25 3774.19 3750.62 3726.04 3732.8 3715.47 3697.41 3708.92 3719.9 3714.95 3701.26 3693.18 3684.8 3678.49 3671.69 3684.59 3730.45 3780.02 3821.54 3863.89 3881.56 3845.38 3857.1 3886.18 3877.35 3880.08 3884.13 3875.65 3902.61 3912.62 3898.73 3905.91 3930.6 3969.27 4035.94 4110.75 4152.07 4142.83 4104.45 4074.02 4069.33 4059.45 4049.44 4047.93 4066.9 4091.1 4026.34 3940.53 3873.9 3834.81 3818.49 3802.28 3786.88 3770.79 3745.41 3713.68 3700.01 3709.86 3733.17 3783.14 3820.76 3849.03 3869.8 3875.78
3759.16 3767.82 3769.52 3756.92 3740.26 3725.68 3709.5 3700.92 3699.49 3693.26 3698.21 3702.52 3699.02 3686.63 3678.99 3672.11 3667.17 3664.46 3668.84 3721.94 3770.51 3803.64 3820.12 3809.43 3783.14 3793.95 3817.88 3798.49 3775.6 3781.27 3796.37 3813.47 3827.67 3853.05 3869.65 3900.86 3941.97 3997.96 4064.86 4119.81 4115.03 4078.44 4063.96 4061.67 4038.18 4007.17 3977.47 3972.92 3965.49 3904.1 3859.23 3843.34 3849.39 3812.74 3788.8 3774.24 3760.63 3743.11 3717.46 3695.53 3693.84 3721.82 3740.54 3741.69 3747.76 3767.32 3775.01
3734.97 3732.04 3726.93 3717.49 3706.1 3706.3 3705.69 3704.47 3700.65 3696.78 3691.44 3682.36 3668.91 3669.94 3668 3665.66 3665.96 3669.29 3705 3752.93 3778.19 3790.23 3782.54 3750.96 3718.56 3727.56 3709.9 3694.61 3669.71 3680.44 3704.52 3707.82 3705.6 3747.76 3805.96 3857.03 3917.66 3973.53 4016.55 4050.74 4054.74 4031.22 4026.64 4018.23 3987.45 3944.07 3908.04 3895.01 3863.72 3822 3801.5 3796.06 3783.12 3778.45 3774.88 3769.44 3762.92 3754.62 3737.97 3699.92 3689.1 3720 3710.68 3690.44 3679.71 3698.6 3705.22
3711.47 3699.99 3693.47 3690.14 3689 3692.07 3698.43 3704.43 3697.95 3689.74 3681.34 3671.26 3661.02 3660.43 3661.38 3664.2 3673.18 3702.59 3753.57 3789.71 3792.98 3784.76 3766.87 3722.53 3670.63 3650.47 3637.14 3628.57 3621.96 3631.75 3646.67 3645.77 3639.06 3662.99 3734.69 3796.19 3859.24 3912.03 3953.27 3989.11 3999.52 3992.53 3994.19 3976.28 3939.46 3893.21 3871.18 3847.1 3810.74 3786.23 3779.99 3770.53 3754.83 3756.82 3764.58 3766.92 3769.02 3771.05 3765.29 3707.19 3695.76 3702.63 3686.24 3667.51 3657.9 3664.63 3673.81
3694.2 3680.02 3672.12 3668.46 3670.95 3679.63 3688.92 3695.5 3689 3679.26 3671.76 3663.61 3657.06 3654.98 3658.9 3666.82 3680.72 3713.44 3783.24 3823.88 3806.04 3777.47 3742.21 3705.12 3658.3 3636.6 3623.42 3616.81 3607.09 3627.12 3633.86 3624.1 3606.83 3608.71 3669.48 3725.95 3775.87 3816.74 3867.26 3930.8 3973.13 3980.62 3976.34 3970.55 3935.92 3869.53 3847.45 3822.8 3787.01 3766.65 3763.77 3758.88 3751.36 3755.07 3763.01 3767.7 3771.8 3778.14 3786.88 3735.65 3704.82 3694.68 3684.95 3670.57 3650.7 3659.05 3670.07
3685.91 3667.28 3662.58 3658.3 3661.11 3669.71 3678.21 3682.81 3678.09 3667 3665.71 3656.98 3647.72 3649.81 3660.05 3675.49 3694.52 3723.7 3792.26 3835.07 3807.06 3776 3742.76 3725.46 3710.01 3704 3699.07 3698.21 3692.37 3689.93 3668.53 3633.1 3592.44 3594.93 3627.63 3671.65 3708.83 3737.67 3792.77 3854.45 3900.98 3932.74 3944.51 3949.08 3925.94 3873.37 3844.99 3808.79 3768.65 3748.92 3745.91 3746.89 3752.53 3760.08 3764.27 3764.48 3763.78 3761.32 3759.43 3773.05 3797.24 3760.27 3732.2 3699.28 3662.22 3683.92 3697.23
3691.9 3680.17 3668.8 3660.09 3658.42 3663.62 3670.37 3674.37 3670.29 3654.97 3646.96 3646.02 3641.58 3647.92 3665.77 3686.49 3716.06 3753.88 3773.84 3789 3784.6 3779.7 3768.77 3771.02 3783.59 3789.96 3811.03 3844.9 3851.49 3779.27 3728.23 3680.26 3621.84 3639.23 3624.25 3650.44 3674.56 3685.99 3725 3778.37 3812.1 3859.16 3895.9 3910.23 3896.86 3860.1 3819.67 3786.47 3746.31 3733.05 3728.02 3733.69 3753.02 3768.25 3767.96 3757.94 3745.93 3733.63 3721.58 3721.02 3739.13 3775.52 3768.18 3750.8 3742.97 3757.49 3772.56
3698.17 3709.96 3676.11 3659.98 3655.66 3658.59 3664.15 3669.56 3662.21 3646.88 3640.46 3640.28 3638.68 3649.23 3674.43 3697.07 3714.05 3742.39 3734.53 3720.41 3749.66 3785.19 3807.82 3803.03 3812.05 3823.29 3840.52 3850.35 3871.72 3823.27 3776.45 3749.31 3758.44 3727.92 3675.64 3667.4 3674.16 3665.19 3682.61 3723.24 3759.58 3807.63 3853.97 3874.96 3870.47 3831.85 3796.67 3769.37 3741.74 3726.32 3716.09 3717.86 3755.92 3787.85 3768.89 3748.18 3729.87 3711.13 3691.11 3682.25 3696.35 3745.94 3781.93 3796.58 3816.42 3832.17 3858.15
3691.93 3678.1 3668.9 3651.91 3649.52 3652.2 3656.08 3657.83 3649.34 3640.38 3640.26 3644.57 3651.11 3666.75 3692.07 3714.45 3723.7 3726.01 3699.89 3677.16 3716.06 3777.93 3813.56 3801.31 3780.5 3768.23 3780.54 3839.41 3854.08 3814.68 3787.11 3775.56 3772.68 3732.11 3696.7 3689.01 3696.32 3687.25 3668.92 3690.45 3725.72 3779.18 3827.22 3844.01 3844.95 3817.72 3777.09 3758.22 3746 3727.82 3714.12 3711.98 3741.94 3768.92 3749.63 3731.91 3716.47 3702.17 3691.59 3687.05 3698.03 3749.43 3814.04 3806.85 3822.9 3838.17 3857.91
3692.37 3690.03 3664.75 3646.43 3644.16 3645.68 3647.25 3647.52 3642.13 3635.32 3640.9 3653.04 3667.64 3688.66 3709.27 3735.79 3756.84 3716.73 3677.88 3649.92 3686.12 3755.29 3795.85 3781.62 3754.57 3728.79 3727.39 3756.92 3769.04 3769.03 3760.01 3755.13 3746.97 3712.55 3702.06 3698.18 3710.71 3712.12 3678.84 3691.71 3740.37 3791.54 3810.27 3802.44 3805.25 3796.3 3752.25 3734.71 3739.04 3728.15 3718.66 3714.59 3718.73 3712.3 3713.8 3711.93 3705 3696.16 3696.84 3703.15 3713.81 3733.69 3747.66 3768.15 3785.27 3801.27 3808.36
3676.21 3671.14 3656.29 3643.23 3639.83 3639.12 3639.55 3639.12 3633.51 3632.02 3645.11 3659.02 3672.81 3689.96 3711.91 3737.65 3754.33 3709.76 3664.13 3634.62 3663.86 3721.15 3756.19 3758.89 3742.42 3722.15 3689.2 3686.69 3701.91 3714.35 3716.92 3711.99 3707.03 3710.65 3692.51 3688.06 3700.07 3694.64 3687.07 3702.99 3747.81 3752.34 3734.22 3737.12 3734.1 3740.38 3725.51 3721.52 3728.58 3725.71 3723 3718.82 3710.13 3685.29 3691.35 3698.34 3697.35 3695.19 3693.78 3691.64 3712.44 3736.93 3710.69 3724.06 3740.2 3761.1 3768.5
3657.92 3653.14 3645.95 3638.82 3634.41 3633.01 3632.77 3631.15 3627.81 3628.73 3645.73 3659.85 3670.46 3680.24 3701.89 3718.45 3712.01 3686.5 3653.45 3629.26 3654.01 3726.09 3748.76 3740.05 3726.71 3706.55 3659.15 3638.93 3653.77 3669.62 3682.13 3682.36 3684.63 3697.75 3690.61 3689.32 3700.89 3699.13 3688.53 3701.58 3722.32 3707.14 3681.38 3685.13 3684.7 3696 3699.3 3698.72 3713.17 3718.02 3720.75 3729.3 3715.84 3704.06 3700.28 3695.77 3692.2 3689.04 3681.79 3682.68 3704.66 3722.47 3686.64 3689.52 3708.35 3722.89 3735.41
3644.21 3639.56 3633.82 3630.07 3628.74 3628.36 3627.88 3626.3 3622.66 3630.09 3647.16 3660.29 3669.72 3679.68 3694.18 3705.72 3693.14 3670.6 3649.45 3633.87 3651.1 3700.92 3720.57 3715.46 3699.59 3671.22 3632.77 3613.08 3618.78 3646.15 3665.38 3677.4 3686.06 3693.03 3689.12 3688.34 3698.1 3697.68 3692.1 3701.25 3711.47 3684.61 3656.26 3669.09 3678.39 3691.27 3695.08 3704.17 3715.04 3713.29 3709.3 3702.47 3699.15 3704.45 3700.91 3694.15 3689.58 3682.53 3683.42 3684.66 3689.63 3685.26 3667.83 3670.84 3684.95 3695.14 3699.18
3632.15 3628.73 3624.39 3623 3624.04 3624.61 3625.23 3626.59 3630.91 3635.55 3648.82 3659.87 3669.05 3679.09 3683.25 3687.12 3690.99 3666.51 3650.85 3644.51 3652.31 3675.44 3690.79 3691.96 3680.67 3655.86 3640.69 3672.25 3639.75 3651.91 3665.32 3675.89 3683.46 3687.64 3684.5 3680.39 3690.92 3689.25 3680.26 3683.34 3687.74 3686.13 3675.54 3693.74 3720.52 3748.02 3753.9 3749.95 3719.49 3707.06 3699.59 3691.14 3689.24 3691.28 3691.92 3691.43 3689.85 3690.38 3691.29 3684.78 3683.15 3678.34 3670.2 3667.34 3671.8 3677.4 3676.89
3624.73 3622.33 3621.68 3621.12 3622.14 3623.4 3624.76 3627.25 3630.83 3640.4 3647.16 3654.97 3665.3 3670.25 3666.07 3652.53 3653.88 3652.94 3650.05 3655.35 3671.23 3658.2 3672 3676.39 3674.01 3675.54 3688.15 3689.67 3668.91 3667.75 3671.85 3677.9 3680.97 3680.29 3679.55 3679.7 3683.34 3681.47 3677.6 3671.44 3672.84 3677.6 3702.82 3716.59 3739.93 3759.42 3743.96 3727.42 3707.33 3700.92 3695.53 3689.75 3686.2 3689.32 3690.53 3689.94 3689.28 3688.35 3687.1 3683.47 3680.77 3676.99 3668.93 3665.27 3668.1 3670.17 3671.98
3620.88 3618.54 3620.04 3620.1 3621.12 3622.86 3625.98 3628.64 3631.9 3638.91 3648.03 3657.1 3662.46 3665.94 3659.3 3636.9 3630.08 3638.4 3643.82 3651.77 3660.38 3665.67 3664.59 3665.83 3667.91 3669.97 3671.86 3669.97 3682.74 3677.99 3677.17 3678.27 3679.65 3679.62 3678.9 3677.5 3675.54 3674.42 3670.74 3665.04 3669.96 3680.68 3698.58 3711.59 3711.93 3711.43 3718.43 3710.59 3698.29 3697.16 3695.77 3693.17 3692.04 3691.76 3690.38 3688.76 3687.51 3688.06 3686.38 3682.9 3680.52 3678.71 3674.73 3671.75 3669.66 3668.19 3666.55
3617.09 3614.12 3617.29 3618.51 3621.69 3625.24 3628.83 3632.01 3635.78 3641.13 3644.84 3653.34 3655.22 3656.56 3649.73 3638.55 3629.6 3631.87 3636.2 3640.78 3646.65 3649.6 3652.24 3653.56 3657.07 3661.87 3661.57 3670.02 3676.71 3677.97 3678.13 3678.99 3678.4 3678.1 3676.25 3672.68 3673.28 3669.74 3667.71 3663.79 3667.79 3677.06 3690.84 3698.06 3697.87 3693.39 3700.74 3702.15 3697.87 3699.07 3698.79 3700.45 3702.34 3697.47 3693.22 3687.09 3684.04 3687.09 3687.71 3681.68 3680.18 3681.22 3680.45 3677.54 3673.42 3669.76 3669.21
3609.04 3608.67 3609.12 3616.56 3622.66 3626.88 3630.83 3633.4 3634.94 3630.68 3629.65 3635.35 3642.15 3647.6 3646.68 3635.76 3630.06 3629.06 3629.91 3630.51 3630.48 3634.62 3640.47 3645.07 3649.18 3652.09 3651.49 3654.38 3666.68 3672.45 3675.55 3676.85 3676.49 3674.31 3670.41 3669.73 3667.99 3663.76 3656.83 3654.57 3665.65 3678.06 3684.15 3687.06 3693.07 3683.54 3695.19 3703.37 3705.9 3702.83 3702.84 3705.26 3707.86 3699.7 3688.6 3683.98 3682.55 3682.18 3679.51 3675.85 3677.53 3680.97 3682.85 3680.56 3674.75 3670.95 3668.49
3611.71 3612.61 3612.72 3619.47 3624.65 3629.01 3632.76 3636.22 3638.04 3627.55 3624.59 3626.07 3634.06 3642.24 3644.51 3637.48 3628.62 3627.85 3626.86 3624.53 3620.6 3624.13 3629.9 3634.24 3637.05 3639.65 3639.85 3650.08 3658.93 3666.53 3672.38 3674.24 3674.49 3673.86 3674.85 3665.4 3660.97 3660.48 3656.92 3658.71 3664.53 3674.27 3679.93 3683.34 3684.99 3679.98 3691.16 3695.08 3705.34 3701.17 3701.61 3702.63 3704.15 3696.57 3688.13 3681.34 3674.27 3676.05 3671.37 3668.45 3672.72 3677 3678.14 3674.01 3670.63 3668.81 3667.02
3618.66 3624.77 3629.53 3626.32 3627.58 3630.01 3633.42 3636.77 3639.51 3636.88 3640.56 3637.6 3638.71 3639.97 3640.56 3637.05 3631.44 3628.54 3625.49 3622.35 3620.83 3620.52 3623.05 3626.29 3628.56 3629.86 3630.79 3641.88 3655.22 3663.5 3672.19 3674.67 3671.57 3667.76 3660.25 3659.5 3663.26 3662.82 3660.33 3655.66 3661.83 3665.14 3667.15 3672.65 3676.92 3671.35 3672.76 3684.68 3704.06 3699.07 3698.24 3695.2 3690.05 3686.9 3686.24 3678.05 3669.99 3673.17 3668.86 3666.18 3668.69 3670.5 3669.34 3664.77 3666.3 3666.84 3664.58
3623.5 3626.94 3629.16 3628.74 3628.58 3629.95 3632.57 3635.33 3638.03 3634.99 3642.95 3642.69 3640.77 3639.04 3637.62 3639.56 3636.69 3632.48 3628.13 3623.44 3618.88 3617.07 3619.8 3622.16 3623.3 3623.37 3624.43 3640.38 3656.33 3663.57 3669.78 3671.31 3667.06 3661.62 3659.04 3655.07 3666.76 3663.89 3662.53 3668.26 3662 3659.6 3667.3 3670.68 3666.79 3667.71 3668.17 3679 3699.82 3699.41 3694.35 3687.31 3679.18 3675.47 3673.49 3665.6 3661.21 3671.07 3669.7 3666.7 3665.86 3665.72 3664.91 3664.95 3666.82 3668.07 3667.94
3626.07 3626.85 3627.78 3628.24 3628.8 3630.02 3631.71 3633.68 3635.44 3640.99 3645.33 3641.63 3638.42 3638.06 3638.99 3644.98 3641.46 3636.29 3631.43 3626.31 3618.7 3617.8 3621.3 3622.07 3622.38 3623.43 3629.18 3642.51 3654.35 3656.45 3663.93 3665.11 3661.63 3656.02 3647.7 3647.89 3655.39 3659.3 3660.62 3657.99 3661.56 3659.4 3663.24 3676.69 3672.24 3671.91 3675.19 3678.41 3696.44 3698.64 3689.67 3680.56 3672.06 3667.95 3666.63 3659.97 3647.38 3660.55 3663.24 3663.98 3663.25 3663.01 3664.27 3667 3669.83 3669.72 3670.15
3631.05 3625.87 3625.8 3627.08 3627.96 3629.02 3630.02 3631.39 3634.15 3639.34 3639.95 3639.52 3638.75 3636.77 3637.23 3644.24 3641.79 3637.74 3634.54 3632.32 3631.02 3630.98 3626.99 3624.98 3624.48 3626.28 3634.31 3645.8 3653.76 3650.34 3654.15 3658.08 3657.42 3653.72 3649.04 3646.81 3653.24 3652.73 3649.67 3659.38 3669.28 3662.1 3663.75 3672.77 3672.95 3672.14 3673.61 3684.68 3695.85 3691.62 3682.34 3673.95 3665.88 3662.17 3666.67 3668.63 3659.81 3651.5 3661.52 3661.52 3661.03 3660.75 3660.63 3666.28 3671.72 3672.93 3676.24
3632.56 3629.27 3626.83 3626.03 3626.39 3627.48 3628.77 3630.08 3629.77 3631.7 3634.72 3637.11 3636.42 3632.72 3632.66 3638.46 3637 3635.03 3634.4 3635.8 3638.31 3634.28 3630.27 3626.91 3626.39 3628.61 3635.46 3648.54 3655.75 3647.37 3656.05 3656.86 3655.72 3654.15 3653.66 3652.33 3648.9 3647.35 3650.54 3665.4 3668.86 3659.9 3653.99 3670.25 3670.84 3670.12 3670.58 3675.33 3677.9 3675.06 3671.8 3667.23 3662.68 3660.65 3664.14 3668.34 3673.28 3667.62 3659.01 3659.32 3659.41 3659.55 3660.45 3666.56 3673.6 3676.79 3678.15
3627.81 3628.24 3624.99 3623.68 3624.25 3625.77 3627.64 3629.88 3632.01 3630.44 3634.77 3634.03 3627.58 3627.25 3625.61 3627.89 3628.17 3629.19 3630.61 3632.95 3634 3632.43 3628.58 3626.78 3626.56 3628.8 3636.97 3646.18 3647.59 3651.87 3656.07 3655.92 3654.59 3653.36 3652.93 3653.27 3650.09 3646.84 3645.06 3648.16 3656.7 3671.96 3684.75 3672.79 3666.53 3664 3662.79 3667.25 3666.51 3663.45 3662.29 3661.16 3660.47 3661.27 3661.12 3663.86 3671.72 3669.72 3661.38 3658.81 3658.42 3659.5 3662.96 3671.44 3679.99 3676.07 3677.75
3619.91 3617.83 3618.34 3619.36 3620.99 3623.34 3626.13 3628.51 3628.65 3626.87 3629.5 3631.19 3626.23 3626.3 3627.59 3618.86 3620.23 3622.52 3624.59 3625.99 3626.5 3623.9 3624.38 3625.54 3625.79 3626.28 3631.71 3637.92 3642.97 3650.56 3652.4 3652.49 3651.6 3651.13 3651.97 3652.59 3651.16 3649.76 3650.9 3648.86 3655.67 3675.86 3695.74 3674.98 3667.74 3663.81 3667.65 3668.96 3659.17 3651.51 3654.81 3655.67 3656.9 3657.99 3657.11 3656.23 3657.18 3658.59 3659.61 3657.61 3657.38 3658.86 3663.58 3673.3 3682.61 3678.46 3684.28
3615.24 3611.29 3612.54 3615.1 3617.82 3620.6 3623.8 3627.63 3628.78 3625.62 3625.78 3628.44 3623.53 3625.69 3628.38 3615.37 3615.67 3617.76 3619.26 3620.16 3620.97 3623.32 3624.54 3624.94 3626.33 3626.87 3630.08 3631.42 3630.53 3637.34 3645.87 3646.55 3646.53 3646.58 3647.42 3651.85 3651.95 3650.23 3651.76 3651.47 3655.84 3662.69 3665.09 3679.38 3665.97 3662.86 3664.96 3663.76 3656.84 3649.19 3649.57 3651.88 3653.49 3654.53 3653.94 3651.95 3651.53 3652.44 3653.88 3653.61 3654.22 3656.21 3659.44 3667.52 3682.43 3683.05 3684.01
3613.26 3607.99 3609.91 3612.6 3614.95 3617.47 3620.13 3623.41 3624.92 3624.66 3624.83 3621.38 3622.25 3624.3 3626.12 3618.68 3615.9 3615.35 3615.15 3616.16 3617.36 3619.18 3621.35 3623.63 3627.35 3632.86 3633.53 3634.17 3628.03 3630.67 3636.6 3638.83 3640 3640.95 3642.39 3647.38 3653.6 3659.8 3654.8 3647.23 3643.72 3651.9 3656.87 3665.19 3656.38 3651.74 3647.21 3648.57 3650.99 3642.54 3647.82 3649.85 3650.48 3651.51 3652 3651.6 3645.14 3646.3 3647.78 3649.56 3650.21 3651.69 3653.9 3659.53 3666.26 3667.39 3670.91
