real_craters/C188-1000m.grd
DSAA
100 100
-49.37 49.37
-49.37 49.37
7374.607421534 9945.9035605501
[rows 0 to 29 of 100, columns 0 to 66 of 100]
9311 9313.9 9322.75 9345.86 9365.8 9374.97 9375.15 9383.14 9372.44 9334.73 9289.3 9277.36 9310.22 9304.51 9286.39 9276.69 9263.6 9225.62 9060.95 9027.96 9052.15 9029.11 8997.75 8987.12 8980.77 8979.24 8962.74 8956.34 8965.21 8974.16 8980.45 8989.42 9000.86 9011.88 9011.1 9028.27 9043.3 9059.69 9063.42 9049.7 9015.01 8972.65 8950.89 9000.91 9023.71 9016.09 9004.48 9004.79 9000.22 8984.22 8969.24 8970.02 8972.67 8976.91 8981.25 8987.49 8996.39 9002.4 9008.27 9012.88 9034.22 9060.92 9062.24 9057.41 9057.71 9050.21 9019.66
9280.85 9286.9 9298.71 9328.79 9353.82 9375.13 9374.01 9330.97 9342.44 9320.35 9292.73 9230.94 9227.6 9238.15 9241.33 9246.55 9218.9 9162.58 9063.85 9060.78 9033.1 9012.41 8997.13 8990.65 8982.15 8968.42 8965.86 8966.57 8968.94 8974.52 8979.82 8986.73 8993.68 9003.36 9013.06 9020.99 9028.69 9039.14 9070.77 9059.19 9042.67 9028.12 9032.61 9035.84 9036.84 9016.65 9018.92 9008.39 8996.09 8980.96 8970.01 8969.74 8971.61 8975.67 8982.18 8989.33 8993.49 9000.97 9006.58 9009.1 9029.16 9040.45 9031.87 9032.22 9042.07 9041.05 9040.6
9252.74 9266.4 9303.45 9324.72 9351.52 9370.13 9366.22 9333.67 9259.51 9271.7 9264.12 9217.6 9179.03 9181.77 9192.19 9222 9142.97 9063.4 9034.23 9048.35 9026.78 9008.53 9002.34 8999.62 8989.13 8982.95 8977.83 8969.11 8973.18 8976.84 8981.39 8988.51 8994.23 9003.78 9013.1 9019.18 9026.98 9036.51 9052.65 9058.57 9052.67 9045.12 9041.63 9038.19 9032.72 9032.92 9021.94 9004.56 8990.35 8980.65 8972.03 8972.19 8968.17 8971.59 8981.7 8992.77 8997.61 9002.35 9011.1 9022.19 9028.85 9022.31 9005.4 9009.52 9013.99 9019.06 9032.84
9182.45 9245.97 9283.07 9316.44 9341.07 9358.66 9371.65 9301.37 9232 9227.87 9211.12 9199.67 9152.73 9129.09 9129.72 9124.81 9057.83 9042.26 9034.55 9022.57 9012.62 8997.06 8972.67 8983.63 8991.32 9001.79 8993.47 8984.31 8979.35 8981.11 8987.17 8997.02 9005.19 9005.56 9023.19 9032.19 9039.79 9045.35 9052.45 9055.96 9046.5 9038.63 9032.17 9031.39 9024.56 9015.6 8991.23 8990.79 8983.99 8975.64 8972.81 8928 8946.77 8967.77 8979.8 8990.86 8996.05 9002.47 9012.29 9022.43 9020.04 9013.37 9009.84 9003.35 9008.74 9050.08 9049.75
9227.87 9248.69 9287.13 9320.24 9334.16 9337.89 9337.57 9296 9242.45 9188.14 9184.13 9127.94 9109.9 9084.63 9051.6 9059.48 9051.94 9034.05 9017.15 9007.86 9001.13 8991.1 8984.2 8983.87 8988.56 8991.45 8994.2 9000.15 8996.2 9001.74 9011.46 9007.37 9009.9 9023.86 9044.57 9048.37 9059.41 9076.53 9073.15 9047.94 9032.37 9025.22 9017.64 9007.49 8994.68 8981.98 8984.16 8986.41 8981.82 8979.42 8982.77 8975.53 8967.51 8972.78 8980.43 8984.83 8987.51 8999.05 9009.24 9010.55 9013.44 9006.02 8995.35 8998.4 9035.3 9064.08 9059.88
9171.94 9243.21 9314.73 9323.95 9317.05 9304.66 9276.08 9257.55 9225.64 9174.89 9154.23 9144.67 9109.62 9071.47 9039.01 9041.91 9028.65 9017.48 9000.35 8996.05 8995.83 8991.07 8987.59 8985.02 8985.98 8987.99 8993.59 9003.51 9014.45 9018.16 9019.25 9025.16 9031.51 9050.38 9064.17 9065.98 9073.14 9080.17 9073.87 9050.18 9027.26 9017.34 9005.75 8993.7 8984.1 8983.38 8985.94 8984.81 8981.8 8980.92 8982.32 8979.61 8979.02 8981.93 8986.81 8988.81 8990.76 9000.54 9012.18 9016.12 9001.87 8982.51 8976.74 9006.66 9050.87 9064.76 9061.16
9156.19 9235.2 9299.98 9313.51 9297.16 9270.9 9239.77 9224.2 9205.02 9188.04 9189.9 9188.72 9139.59 9070.2 9026.63 9017.25 9013.86 9006.67 8995.34 8989.85 8992.84 8990.49 8986.25 8986.29 8986.88 8987.12 8992.73 9008.74 9022.95 9035.44 9041.04 9041.19 9046.81 9051.75 9072.35 9075.47 9081.8 9090.19 9083.17 9056.1 9030.96 9015.58 9001.04 8990.98 8986.37 8984.23 8984.57 8982.53 8982.4 8983.2 8987.94 8986.12 8988.5 8990.75 8994.85 9004.08 8999.98 9003.7 9014.81 9019.57 8991.9 8970.35 8962.98 8996.88 9035.62 9050.78 9045.37
9179.63 9237.12 9291.74 9301.91 9280.96 9248.27 9217.92 9213.74 9193.91 9168.76 9172.6 9169.12 9123.31 9056.04 9013.82 9022.84 9015.63 9004.32 8987.81 8988.06 8992.63 8991.04 8987.93 8990.31 8995.21 8998 9001.18 9023.42 9047.73 9058.76 9070.34 9057.04 9054.32 9065.01 9076.13 9077.57 9081.89 9092.67 9084.9 9060.65 9040.95 9017.22 8999.93 8986.54 8981.14 8982.1 8984.53 8986.19 8986.63 8986.11 8984.3 8992.11 8995.75 8995.37 8995.91 8998.44 8996.24 8999.61 9006.05 9005.13 8982.9 8956.52 8966.34 8976.93 8998.76 9032.12 9047.17
9165.6 9215.17 9276.49 9284.91 9264.22 9235.38 9203.01 9197.76 9170.15 9141.46 9137.73 9140.14 9096.56 9037.77 9010.5 9022.04 9017.85 9007.37 8998.42 8990.65 8991.85 8994.79 8998.21 9000.48 9009.23 9023.39 9047.13 9050.93 9055.18 9072.48 9079.26 9054.56 9063.73 9073.06 9073.04 9074.01 9072.15 9068.85 9069.04 9050.51 9035.65 9013.24 8998.41 8987.36 8988.44 8989.44 8990.25 9006.57 9001.2 8999.31 8996.57 9009.73 9004.77 8999.39 8994.13 8992.42 8991.53 8992.65 8993.44 8993.68 8987.01 8986.49 8985.76 8990.44 8985.07 9003.7 9028.83
9134.94 9179.41 9234.74 9254.95 9247.32 9231.01 9197.87 9154.11 9133.12 9107.89 9088.85 9105.67 9067.19 9020.52 9006.48 9020.59 9020.21 9009.48 9000.83 8993.27 8994.29 9001.68 9006.94 9012.32 9019.53 9036.67 9056.84 9063.8 9082.45 9084.24 9074.49 9043.26 9067.41 9077.96 9071.99 9075.16 9070.93 9055.69 9052.56 9033.77 9013.52 9004.61 8998.1 8992.2 8994.27 9004.56 9014.23 9015.75 9026.24 9024.73 9025.27 9020.03 9012.5 9002.45 8993.26 8985.27 8982.01 8980.35 8984.3 8988.62 8993.3 8996.44 8997.14 8985.63 8981.82 8998.9 9010.92
9094.31 9136.61 9191.67 9219.55 9221.36 9220.12 9220.36 9145.04 9113.72 9087.17 9063.57 9049.77 9031.69 9008.63 9004.01 9002.29 9014.2 9006.35 8999.38 8999.5 9011.26 9018.18 9015.25 9010.78 9021.9 9036.44 9052.63 9063.6 9089.6 9094.29 9081 9059.75 9078.08 9072.51 9079.61 9087.18 9089.23 9074.35 9037.37 9023.19 9009.85 9004.49 9002.69 9000.72 8998.69 9015.88 9041.68 9025.53 9032.63 9036.26 9036.22 9037.06 9022.3 9005.47 8990.95 8982.4 8977.13 8978.82 8984.6 8994.35 9001.49 9004.97 9002.47 8988.59 8999.38 9001.48 9004.04
9052.07 9076.32 9139.15 9167.45 9172.55 9174.29 9154.8 9102.62 9073.26 9064.54 9042.28 9014.08 9001.83 8991.85 8997.16 9005.99 9004.18 8998.34 9000.47 9002.66 9027.5 9035.98 9033.3 9018.17 9024.34 9033.62 9045.97 9074.26 9101.09 9102.46 9089.35 9079.18 9089.62 9088.25 9095.8 9101.48 9101.88 9082.4 9043.91 9019.87 9010.69 9008.15 9011.4 9014.56 9014.62 9025.31 9054.72 9056.47 9049.7 9042.98 9041.22 9052.6 9032.77 9010.28 8985.77 8974.28 8975.58 8969.79 8992.4 9006.24 9010.53 9011.32 9000.11 9000.21 9000.28 9000.36 8997.04
9016.01 9029.47 9060.9 9090.64 9113.28 9121.92 9110.66 9092.2 9041.68 9033.63 9017.95 9000.01 8983.96 8972.74 8982.55 8988.41 8991.19 8989.45 9006.57 9018.68 9018.11 9033.62 9035.53 9028.8 9030.86 9034.96 9043.19 9076.63 9092.71 9100.06 9103.79 9108.79 9113.65 9094.4 9103.48 9107.48 9111.12 9085.29 9040.2 9019.47 9011.62 9013.73 9026.61 9036.6 9046.91 9056.2 9055.49 9055.44 9040.31 9041.98 9055.77 9044.95 9034.97 9016.87 8995.23 8990.95 8999.28 9000.61 9028.84 9029.52 9022.18 9016.11 9011.01 9005.7 9015.62 9000.54 8999.14
8973.44 8984.93 8997.19 9026.42 9061.48 9074.37 9067.11 9065.21 9048.27 9016.72 8983.49 8976.64 8972.83 8967.98 8982.41 8991.75 8987.49 9010.71 9030.75 9042.39 9021.52 9019.36 9028.94 9034.52 9038.79 9040.35 9045.51 9063 9081.73 9090.27 9092.45 9101.07 9127.44 9116.18 9097.44 9095.33 9098.9 9077.43 9040.48 9020.75 9022.11 9033.72 9044.84 9062.71 9065.76 9066.74 9047.31 9050.75 9054.15 9032.82 9022.62 9034.39 9033.87 9029.48 9031.74 9028.97 9038.81 9058.61 9070.07 9046.67 9031.9 9022.49 9027.3 9015.52 9019.42 9001.96 9006.94
8939.36 8940.11 8959.88 8993.91 9030.5 9059.04 9042.14 9025.24 8992.33 8982.69 8966.32 8965.24 8965.15 8973.67 8999.58 9013.13 8987.55 9007.32 9030.76 9037.57 9023.45 9010.42 9025.73 9042.79 9046.61 9042.32 9044.08 9053.84 9063.61 9070.67 9084.44 9100.2 9123.79 9113.24 9085.37 9076.8 9076.23 9059.32 9033.24 9021.2 9025.79 9032.45 9053.12 9069.76 9045.34 9050.28 9045.27 9047.33 9042.99 9027.54 9025.27 9037.51 9035.22 9036.07 9047.47 9043.13 9048.08 9061.41 9044.59 9041.66 9033.27 9028.75 9034.03 9036.03 9034.22 9018.21 9013.23
8922.35 8910.56 8934.36 8971.97 9007.21 9029.75 9024.48 8987.21 8953.94 8954.94 8946.86 8948.91 8952.63 8963.89 9005.09 9024.6 9008.45 9005.13 9017.95 9023.21 9023.16 9025.62 9030.17 9040.24 9041.81 9036.8 9035.99 9045.95 9054.67 9064.64 9067.31 9081.62 9120.7 9124.21 9095.12 9073.83 9061.36 9047.12 9034.74 9030.1 9030.23 9040.02 9051.61 9060.48 9022.47 9025.52 9040.97 9046.53 9031.87 9011.73 9018.2 9032.45 9038.43 9029.97 9017.67 9027.18 9033.95 9033.23 9040.27 9036.09 9030.63 9028.04 9035.32 9039.44 9034.21 9027.75 9035.96
8905.2 8897.41 8919.98 8955.56 8985.52 8995.77 8973.43 8952.67 8935.2 8929.8 8930.99 8936.02 8946.43 8960.97 8990.25 9012.21 9022.45 9030.77 9013.62 9001.49 9016.8 9026.15 9027.95 9027.24 9025.71 9025.69 9020.76 9030.97 9041.77 9042.21 9037.44 9066.61 9097.42 9111.95 9101.98 9078.29 9047.68 9040.12 9032.12 9027.16 9029.4 9036.92 9048.23 9055.57 9029.59 9032.43 9035.79 9027.78 9002.37 9002.85 9023.28 9067.68 9062.28 9027.19 9003.24 9014.26 9025.6 9033.82 9035.08 9034.39 9030.28 9023.81 9040.33 9042.58 9044.22 9040.59 9049.15
8882.62 8890.93 8917.26 8957.39 8969.63 8970.33 8950.2 8936.29 8922.42 8918.11 8915.66 8931.93 8943.06 8951.06 8966.19 8992.26 9009.5 9016.8 9001.46 8991.46 9012.27 9022.17 9021.49 9018.75 9016.76 9020.12 9025.02 9024.37 9032.32 9030.75 9030.04 9059.82 9069.86 9092.83 9097.11 9085.81 9055.74 9045.89 9031.33 9022.73 9028.48 9037.96 9050.63 9048.45 9067.74 9065.56 9052.49 9025.56 9009.48 9041.33 9063.79 9090.7 9069.57 9030.07 9006.93 9013.68 9025.86 9038.23 9041.22 9040.43 9037.65 9039.99 9045.9 9060.76 9053.17 9041.04 9045.79
8874.32 8885.89 8909.19 8933.81 8952.35 8956.9 8943.37 8924.6 8910.26 8907.19 8901.21 8921.12 8934.84 8942.75 8965.89 8982.5 8993.59 8991.74 8981.44 8970.73 8971.75 9009.46 9012.72 9010.05 9009.4 9016.67 9016.48 9012.47 9027.42 9054.99 9056.67 9057.35 9040.94 9069.79 9084.71 9094.52 9089.89 9064.9 9040.85 9023.49 9037.27 9061.16 9076.65 9087.63 9082.57 9108.26 9081.27 9039.43 9089.5 9107.3 9085.43 9065.47 9059.26 9041.05 9028.82 9027.24 9035.73 9046.46 9051.37 9051.18 9048.08 9047.41 9049.83 9060.57 9049.34 9032.85 9045.93
8866.01 8879.5 8895.5 8905.21 8925.38 8930.16 8911.78 8903.54 8896.63 8891.78 8894.52 8911.36 8930.12 8947.18 8968.57 8979.82 8987.33 8973.86 8963.95 8964.24 8984.8 9002.95 9006.24 9007.61 9011.25 9018.2 9022.34 9006.05 9012.21 9024.97 9039.62 9053.36 9045.03 9050.19 9073.53 9103.27 9102.76 9077 9060.45 9056.14 9059.29 9069.56 9083.19 9109.98 9104.69 9110.71 9118.32 9145.79 9184.22 9133.48 9092.93 9058.42 9047.89 9044.17 9033.59 9037.76 9044.35 9054.61 9066.55 9065.89 9060.56 9050.09 9052.5 9035.44 9043.65 9045.38 9047.67
8872.63 8879.25 8889.71 8885.55 8892.1 8892.98 8893.78 8884.29 8888.41 8884.2 8894.84 8911.66 8929.75 8961.43 8971.92 8971.95 8970.19 8946.92 8950.29 8958.63 8973.69 8987.64 8996.69 9003.88 9012.87 9014.79 9013.52 9000.96 9001.1 9007.45 9017.51 9021.94 9029.49 9034.68 9048.55 9062.39 9078.56 9071.36 9067.97 9078.74 9073.46 9062.95 9064.55 9092.27 9122.01 9134.47 9157.67 9209.36 9209.93 9161.89 9128.77 9124.64 9169.98 9073.31 9052.06 9062.5 9059.25 9058.2 9070.25 9078.31 9082.61 9084.41 9075.67 9072.75 9084.53 9069.99 9059.78
8875.79 8881.58 8894.53 8891.19 8886.68 8893.15 8903.01 8909.07 8905.06 8894.4 8905.42 8925.22 8952.27 8977.45 8966.74 8955.99 8949.98 8940.78 8945.06 8953.35 8959.57 8979.32 8990.72 8993.78 8995.88 8999.85 9005.56 9000.32 8998.47 8996.59 9005.86 8995.55 9015.32 9014.59 9017.53 9023.44 9035.91 9047.3 9055.8 9063.31 9070.23 9079.21 9105.47 9137.9 9145.85 9150.9 9151.76 9154.43 9181.02 9182.81 9206.33 9160.33 9094.25 9117.46 9116.82 9101.22 9081.22 9062.9 9068.97 9092.83 9105.99 9109.21 9100.33 9107.06 9095.35 9083.29 9071.02
8878.31 8881.55 8895.85 8895.02 8889.46 8882.09 8913.8 8940.38 8942.95 8934.06 8940.48 8959.46 8978.99 8966.6 8941.16 8936.6 8930.08 8934.96 8943.61 8952.9 8961.78 8990.4 8993.14 8986.88 8974.37 8982.11 8993.82 8998.38 8994.78 8990.05 8980.05 8967.19 8980.58 8986.12 8987.46 8985.2 9011.12 9029.13 9040.09 9044.75 9055.57 9084.67 9137.02 9145.11 9159.78 9150.14 9144.53 9194.54 9293.8 9400.7 9360.61 9268.18 9224.86 9283.58 9218.01 9165.27 9123.24 9098.47 9113.94 9121.03 9131.12 9132.21 9121.85 9107.2 9105.48 9085.64 9078.24
8877.35 8880.62 8892.76 8897.83 8896.03 8912.69 8932.12 8953.24 8962.31 8978.19 8988.15 8994.47 8976.9 8953.78 8945.69 8932.3 8917.88 8936.58 8950.02 8958.54 8966.59 8996.03 8996.6 8990.44 8984.53 8979.96 8979.45 8983.41 8974.77 8957.74 8967.42 8944.47 8950.01 8970.58 8980.06 8989.29 9008.39 9034.52 9045.38 9040.86 9044.9 9071.82 9100.13 9178.58 9210.42 9240.55 9303.24 9470.2 9609.18 9662.22 9505.52 9427.55 9359.88 9277.06 9262.62 9214.32 9171.43 9149.93 9149.9 9153.58 9149.46 9148.25 9152.08 9120.73 9111.74 9108.52 9093.99
8879.18 8882.44 8893.38 8906.4 8914.85 8944.13 8954.82 8967.37 8982.13 9004.05 9010.58 9008.11 9002.8 8984.27 8965.05 8948.79 8944.38 8954.9 8964.47 8969.71 8978.89 8998.4 9002.58 8994.26 8982.75 8975.82 8975.23 8966.89 8951.08 8941.64 8943.83 8922.74 8962.51 8984.9 8997.06 9005.12 9038.67 9071.12 9086.12 9077.59 9056 9133.31 9135.41 9183.44 9299.95 9399.1 9581.36 9666.05 9609.11 9528.43 9525.34 9541.99 9544.31 9392.46 9337 9283.97 9216.87 9181.18 9192.72 9186.18 9176.62 9167.91 9149.28 9147.1 9148.36 9130.58 9145.57
8890.42 8897 8906.07 8921.15 8942.86 8957.22 8957.76 8965.66 8988.91 9023.85 9036.34 9017.8 9005.91 8995.49 8974.1 8959.2 8957.84 8959.7 8970.8 8986.09 8988.88 9008.23 9004.96 8999.99 8992.48 8990.2 8980.99 8966.84 8959.97 8940.63 8916.66 8922.38 8961.08 9019.68 9059.92 9081.04 9090.84 9130.52 9171.89 9201.16 9259.12 9340.59 9394.3 9388.09 9424.84 9494.65 9593.16 9604.73 9534.85 9484.91 9550.96 9596.28 9621.08 9549.05 9460.28 9389.16 9313.59 9257.19 9243.36 9225.61 9210.9 9216.63 9238.84 9263.28 9248.45 9191.06 9188.92
8897.83 8910.48 8917.32 8919.39 8916.11 8938.78 8945.54 8947.51 8965.79 9015.92 9038.28 9027.18 9004.42 8987.23 8970.54 8955.28 8953.24 8965.32 8981.99 9001.48 9001.95 9002.54 9003.99 9006.5 9006.11 9004.8 8987.82 8971.68 8944.97 8938.62 8929.87 8951.07 9051.89 9133.75 9136.1 9129.2 9157.97 9217.82 9279.7 9359.32 9439.84 9563.43 9699.47 9608.42 9511.72 9489.1 9502.08 9498.37 9567.46 9646.66 9621.74 9590.56 9644.74 9678.58 9570.72 9490.52 9485.96 9394.61 9307.11 9274.82 9293.12 9272.86 9275.37 9269.68 9270.36 9316.18 9263.4
8895.68 8900.87 8910.41 8906.79 8894.69 8908.98 8926.39 8943.04 8975.81 9008.84 9038.22 9042.25 9005.34 8976.49 8960.58 8949.12 8953.31 8970.59 8987.2 9011.33 9001.76 8993.64 9008.54 9010.68 9011.77 9006.2 8997.45 8982.99 8973.41 8942.53 9033.27 9162.79 9250.85 9289.17 9333.81 9326.45 9326.75 9350.5 9395.23 9472.85 9617.52 9616.54 9595.89 9575.71 9492.14 9423.6 9371.2 9324 9305.19 9422.11 9464.5 9476.96 9517.52 9613.25 9586.48 9518.74 9405.58 9379.96 9316.61 9278.27 9316.99 9303.31 9270.89 9261.43 9272.54 9293.31 9291.52
8897.87 8905.26 8912.3 8916.37 8910.96 8906.58 8920.24 8954.05 8991.91 9022.51 9045.53 9062.32 9021.34 8968.33 8957.57 8956.73 8960.41 8975.2 8999.71 9013.18 9005.03 9001.42 9007.73 9013.49 9016.04 9019.32 9005.87 8993.75 8974.63 8999.3 9225.96 9340.97 9346.23 9378.87 9476.56 9514.66 9475.11 9489.85 9484.3 9492.03 9499.12 9506.69 9526.83 9496.34 9420.85 9336.32 9244.82 9176.22 9153.23 9192.47 9272.71 9362.53 9359.81 9477.88 9527.4 9517.91 9453.52 9421.81 9363.18 9303.57 9329.99 9332.58 9314.93 9299.92 9274.7 9297.69 9294.12
8899.47 8911.77 8914.65 8920.46 8904.01 8909.54 8934.06 8968.33 9008.51 9017.24 9027.04 9035.02 8999.99 8969.78 8964.45 8965.46 8967.22 8972.18 8970.36 8992.24 9000.97 9007.85 9014.8 9018.79 9015.06 9012.87 9015.59 9019.45 9066.29 9205.87 9334.11 9344.35 9311.4 9293.56 9458.9 9564.11 9641.74 9570.77 9502.02 9465.93 9440.97 9407.4 9385.31 9368.59 9319.48 9248.2 9195.76 9050.29 8923.5 9135.67 9271.87 9298.09 9414.08 9455.79 9409.7 9456.7 9650.84 9495.62 9455.7 9431.91 9427.01 9466.07 9421.52 9364.62 9319.32 9243.92 9214.6
