real_craters/C188-750m.grd
DSAA
231 231
-86.3975 86.3975
-86.3975 86.3975
2413.6203281702 4483.13481928
[rows 152 to 189 of 231, columns 0 to 83 of 231]
3689 3686 3678 3678 3673 3663 3662 3660 3658 3652 3650 3648 3641 3638 3638 3641 3645 3644 3641 3639 3638 3635 3634 3633 3633 3631 3629 3625 3630 3633 3633 3630 3629 3628 3628 3628 3626 3627 3632 3632 3631 3630 3630 3630 3637 3635 3627 3624 3633 3652 3635 3624 3630 3636 3633 3627 3628 3628 3630 3636 3637 3638 3637 3640 3642 3644 3691 3709 3710 3705 3707 3727 3766 3811 3852 3876 3860 3810 3731 3669 3633 3622 3643 3643
3703 3695 3683 3690 3690 3681 3675 3666 3657 3655 3652 3649 3641 3635 3633 3642 3647 3642 3639 3636 3634 3632 3630 3630 3629 3628 3629 3632 3633 3634 3632 3629 3628 3625 3625 3626 3629 3635 3643 3655 3641 3630 3627 3637 3645 3638 3628 3620 3632 3650 3638 3627 3626 3630 3634 3640 3638 3628 3631 3634 3636 3636 3638 3635 3637 3655 3681 3693 3691 3693 3681 3702 3733 3765 3793 3812 3824 3738 3664 3639 3617 3629 3664 3697
3699 3704 3706 3702 3699 3700 3689 3672 3660 3656 3654 3652 3645 3636 3630 3630 3639 3639 3636 3633 3631 3630 3629 3628 3631 3632 3632 3632 3634 3633 3630 3625 3614 3618 3621 3625 3630 3637 3649 3656 3648 3637 3630 3635 3647 3641 3633 3626 3626 3631 3628 3622 3621 3626 3633 3642 3644 3634 3633 3635 3633 3633 3635 3625 3631 3652 3673 3682 3679 3667 3673 3684 3704 3725 3741 3752 3747 3677 3638 3650 3629 3609 3666 3706
3719 3709 3713 3709 3704 3701 3692 3679 3665 3662 3658 3654 3652 3652 3649 3634 3637 3638 3634 3628 3628 3630 3629 3628 3634 3634 3634 3634 3637 3637 3636 3628 3619 3619 3622 3624 3627 3633 3644 3653 3647 3642 3642 3652 3650 3642 3635 3630 3624 3628 3622 3603 3615 3623 3630 3633 3634 3634 3635 3630 3627 3628 3626 3621 3625 3638 3652 3658 3661 3658 3657 3666 3678 3689 3696 3696 3677 3675 3666 3633 3589 3598 3665 3698
3722 3713 3706 3703 3701 3703 3705 3693 3682 3672 3664 3656 3656 3661 3663 3659 3648 3642 3637 3633 3627 3629 3629 3630 3636 3635 3636 3639 3642 3639 3644 3637 3629 3625 3623 3624 3625 3625 3631 3635 3637 3635 3638 3640 3640 3638 3633 3629 3628 3633 3628 3623 3619 3624 3631 3633 3634 3641 3638 3630 3626 3625 3624 3627 3627 3633 3639 3642 3651 3653 3646 3656 3664 3670 3671 3662 3645 3645 3634 3576 3554 3626 3701 3720
3725 3713 3704 3700 3697 3702 3702 3706 3699 3686 3672 3661 3659 3657 3655 3666 3654 3645 3640 3635 3629 3628 3629 3630 3630 3632 3635 3639 3642 3643 3641 3633 3631 3629 3626 3625 3624 3629 3624 3622 3627 3628 3625 3634 3633 3632 3629 3628 3631 3635 3628 3626 3625 3628 3637 3647 3647 3642 3641 3636 3631 3623 3618 3617 3627 3632 3633 3628 3633 3640 3644 3648 3654 3657 3657 3653 3643 3648 3647 3563 3584 3678 3785 3739
3723 3705 3705 3705 3700 3707 3712 3717 3713 3701 3686 3670 3671 3668 3657 3650 3651 3646 3642 3635 3627 3625 3626 3629 3630 3632 3635 3638 3642 3642 3636 3634 3634 3632 3630 3626 3623 3620 3619 3619 3621 3624 3629 3627 3628 3628 3627 3626 3631 3630 3626 3628 3629 3634 3642 3651 3652 3648 3643 3638 3631 3621 3616 3619 3623 3625 3625 3626 3617 3625 3637 3644 3647 3649 3653 3656 3636 3657 3651 3565 3576 3656 3714 3724
3736 3713 3707 3706 3708 3718 3728 3721 3719 3721 3715 3698 3699 3691 3674 3652 3651 3648 3644 3637 3628 3626 3625 3622 3630 3630 3633 3637 3638 3638 3636 3637 3637 3635 3632 3628 3622 3611 3609 3616 3619 3621 3623 3620 3625 3627 3628 3628 3637 3636 3637 3632 3636 3637 3643 3646 3649 3645 3648 3637 3621 3616 3613 3614 3622 3624 3620 3619 3623 3629 3638 3642 3644 3645 3648 3658 3661 3684 3670 3595 3592 3636 3679 3710
3737 3722 3714 3707 3710 3725 3741 3737 3740 3750 3759 3759 3740 3722 3702 3665 3661 3653 3646 3636 3625 3631 3629 3627 3628 3629 3632 3635 3638 3637 3636 3638 3640 3638 3635 3632 3627 3619 3609 3614 3621 3622 3621 3626 3628 3630 3631 3633 3641 3640 3636 3634 3633 3638 3644 3648 3648 3647 3647 3640 3622 3617 3614 3617 3633 3624 3617 3612 3617 3632 3639 3641 3641 3641 3640 3636 3663 3696 3694 3621 3599 3638 3679 3714
3733 3726 3717 3709 3714 3731 3745 3750 3765 3779 3792 3795 3780 3759 3730 3701 3680 3662 3650 3636 3629 3638 3629 3624 3626 3628 3631 3634 3638 3638 3636 3637 3637 3639 3638 3637 3635 3637 3635 3629 3629 3631 3634 3634 3635 3636 3638 3641 3643 3637 3634 3634 3634 3638 3645 3653 3658 3653 3664 3657 3637 3630 3626 3628 3625 3613 3615 3621 3628 3633 3638 3640 3639 3639 3640 3634 3647 3671 3666 3675 3615 3655 3712 3733
3729 3724 3716 3709 3718 3742 3767 3794 3795 3802 3811 3815 3812 3808 3773 3742 3705 3671 3643 3626 3624 3628 3628 3624 3627 3628 3629 3633 3637 3639 3636 3635 3639 3642 3642 3642 3644 3644 3645 3641 3638 3639 3640 3639 3641 3643 3645 3645 3640 3638 3634 3635 3636 3638 3645 3655 3657 3664 3675 3676 3669 3649 3622 3614 3611 3608 3609 3614 3619 3626 3631 3635 3639 3640 3647 3656 3651 3652 3635 3689 3660 3669 3703 3725
3735 3729 3720 3713 3725 3753 3785 3810 3811 3815 3823 3828 3829 3830 3816 3780 3724 3677 3641 3626 3624 3631 3629 3629 3627 3626 3628 3630 3632 3633 3632 3632 3636 3641 3644 3646 3649 3650 3647 3646 3643 3641 3637 3638 3645 3649 3652 3653 3651 3642 3639 3640 3637 3636 3639 3644 3640 3668 3682 3687 3680 3656 3621 3609 3612 3610 3601 3600 3609 3620 3621 3627 3632 3639 3647 3653 3649 3644 3638 3662 3657 3668 3683 3700
3739 3734 3728 3722 3733 3762 3791 3805 3812 3818 3821 3827 3831 3830 3810 3773 3724 3678 3642 3631 3627 3625 3624 3625 3626 3624 3625 3627 3628 3627 3629 3632 3638 3643 3646 3649 3651 3655 3658 3650 3647 3648 3650 3650 3652 3655 3657 3658 3654 3648 3645 3642 3641 3635 3634 3629 3627 3660 3677 3681 3671 3649 3616 3613 3617 3612 3601 3592 3592 3599 3611 3620 3627 3633 3639 3644 3639 3635 3638 3658 3658 3661 3664 3671
3740 3740 3744 3731 3752 3768 3789 3802 3809 3815 3818 3822 3826 3824 3802 3761 3715 3675 3650 3639 3635 3626 3623 3624 3625 3625 3625 3624 3623 3627 3628 3631 3639 3645 3647 3649 3650 3652 3652 3648 3648 3648 3653 3659 3658 3659 3660 3661 3653 3651 3657 3651 3639 3636 3637 3635 3631 3636 3664 3666 3652 3634 3615 3613 3612 3620 3611 3598 3594 3598 3609 3616 3621 3625 3628 3628 3623 3618 3642 3649 3651 3654 3659 3673
3744 3743 3753 3750 3754 3765 3779 3794 3802 3809 3817 3817 3815 3811 3788 3756 3711 3669 3641 3659 3652 3634 3624 3626 3625 3625 3623 3621 3621 3623 3628 3630 3638 3644 3647 3649 3649 3646 3644 3646 3649 3651 3661 3661 3660 3660 3662 3664 3662 3658 3664 3651 3652 3653 3649 3643 3638 3640 3646 3639 3634 3623 3622 3617 3617 3617 3607 3601 3605 3612 3613 3615 3617 3619 3616 3621 3616 3610 3636 3630 3644 3648 3649 3647
3745 3747 3748 3749 3748 3752 3759 3773 3780 3789 3806 3796 3789 3785 3754 3727 3689 3661 3645 3666 3656 3640 3628 3623 3622 3622 3621 3617 3616 3623 3627 3629 3636 3644 3646 3648 3649 3649 3647 3646 3651 3661 3663 3660 3657 3658 3661 3660 3654 3651 3667 3663 3671 3680 3661 3648 3645 3648 3648 3632 3628 3629 3624 3628 3627 3619 3607 3608 3614 3618 3616 3615 3616 3616 3613 3617 3622 3639 3672 3678 3641 3640 3642 3646
3736 3742 3748 3752 3745 3742 3735 3733 3735 3745 3751 3751 3743 3729 3695 3668 3649 3656 3660 3632 3637 3640 3631 3619 3618 3617 3615 3614 3614 3623 3626 3627 3634 3639 3645 3647 3648 3649 3647 3645 3652 3659 3664 3654 3650 3656 3661 3664 3656 3649 3657 3662 3665 3669 3662 3654 3648 3641 3628 3621 3625 3629 3630 3633 3620 3618 3632 3627 3619 3616 3615 3616 3618 3620 3620 3619 3626 3649 3678 3672 3639 3635 3639 3641
3725 3727 3728 3735 3741 3732 3716 3703 3695 3700 3694 3705 3695 3670 3652 3643 3640 3653 3664 3673 3642 3629 3618 3615 3615 3617 3620 3616 3618 3624 3626 3627 3635 3643 3646 3647 3646 3647 3647 3648 3652 3651 3653 3651 3653 3655 3660 3662 3657 3650 3655 3657 3654 3655 3655 3652 3645 3637 3623 3620 3623 3630 3630 3621 3620 3626 3641 3620 3611 3608 3610 3613 3617 3623 3630 3623 3622 3634 3641 3680 3664 3654 3643 3637
3718 3721 3734 3726 3716 3708 3705 3695 3687 3682 3681 3686 3681 3652 3651 3652 3653 3648 3648 3653 3640 3624 3613 3611 3613 3615 3616 3617 3618 3620 3622 3626 3636 3645 3648 3647 3644 3637 3643 3649 3651 3649 3641 3645 3646 3652 3658 3664 3660 3654 3648 3646 3644 3650 3649 3644 3638 3628 3626 3623 3621 3625 3626 3627 3641 3626 3617 3601 3596 3599 3604 3609 3614 3620 3626 3621 3620 3622 3627 3643 3644 3651 3643 3636
3711 3711 3707 3704 3702 3700 3699 3692 3690 3683 3683 3698 3707 3716 3722 3719 3704 3670 3640 3628 3626 3617 3608 3611 3613 3614 3616 3617 3615 3617 3622 3629 3637 3645 3649 3648 3645 3644 3642 3641 3647 3653 3648 3643 3641 3646 3653 3663 3662 3659 3643 3640 3640 3652 3649 3641 3635 3632 3628 3626 3622 3620 3622 3630 3649 3625 3615 3602 3593 3595 3601 3605 3610 3614 3616 3620 3623 3621 3637 3645 3635 3637 3641 3645
3693 3693 3686 3684 3695 3703 3669 3690 3710 3698 3704 3731 3757 3795 3811 3815 3784 3716 3655 3621 3616 3613 3609 3611 3612 3613 3615 3615 3615 3616 3619 3627 3636 3647 3652 3646 3644 3644 3641 3641 3643 3652 3652 3642 3633 3640 3647 3653 3660 3661 3658 3649 3641 3644 3640 3634 3631 3629 3626 3619 3622 3623 3615 3620 3624 3612 3611 3606 3599 3600 3603 3606 3608 3609 3616 3624 3629 3635 3637 3641 3632 3636 3641 3643
3682 3681 3677 3678 3692 3710 3721 3706 3706 3724 3744 3768 3806 3834 3846 3851 3809 3728 3663 3628 3616 3613 3613 3611 3611 3613 3614 3615 3616 3617 3620 3625 3631 3636 3638 3640 3641 3641 3639 3638 3640 3649 3650 3641 3635 3639 3647 3654 3662 3667 3666 3656 3643 3636 3630 3627 3625 3622 3623 3624 3634 3650 3622 3617 3619 3608 3605 3607 3616 3606 3606 3607 3609 3610 3626 3629 3625 3624 3633 3635 3636 3644 3646 3646
3674 3677 3679 3681 3693 3702 3711 3712 3714 3742 3765 3782 3812 3828 3845 3852 3811 3723 3662 3629 3618 3615 3618 3607 3610 3611 3613 3612 3614 3617 3622 3623 3625 3628 3630 3634 3638 3640 3636 3633 3632 3642 3642 3639 3635 3640 3653 3664 3666 3669 3666 3657 3639 3631 3626 3625 3622 3619 3620 3625 3628 3640 3621 3612 3611 3607 3597 3602 3602 3608 3608 3609 3612 3618 3633 3629 3622 3623 3630 3629 3632 3651 3652 3649
3669 3671 3690 3707 3709 3712 3719 3712 3710 3722 3748 3771 3799 3827 3838 3837 3805 3715 3653 3626 3619 3617 3620 3614 3611 3610 3609 3609 3615 3615 3614 3618 3621 3623 3625 3630 3634 3636 3634 3631 3623 3624 3634 3638 3640 3646 3652 3660 3666 3670 3668 3644 3629 3629 3630 3626 3623 3621 3619 3620 3634 3623 3619 3612 3610 3614 3608 3613 3618 3613 3611 3612 3614 3620 3618 3619 3627 3642 3625 3610 3623 3646 3649 3646
3669 3677 3688 3702 3706 3710 3713 3704 3699 3708 3727 3750 3776 3816 3821 3811 3776 3695 3644 3625 3622 3621 3619 3615 3610 3608 3609 3611 3616 3613 3611 3614 3616 3619 3626 3627 3631 3633 3632 3632 3639 3636 3635 3638 3643 3648 3648 3653 3662 3667 3660 3635 3629 3633 3630 3624 3622 3623 3620 3621 3625 3617 3617 3615 3612 3614 3618 3617 3616 3613 3611 3610 3611 3613 3607 3607 3613 3624 3601 3602 3613 3620 3630 3636
3665 3672 3672 3679 3687 3695 3695 3689 3687 3689 3711 3730 3748 3786 3792 3780 3746 3677 3643 3630 3625 3622 3617 3611 3608 3607 3607 3611 3614 3610 3609 3608 3610 3612 3613 3617 3619 3624 3626 3627 3629 3631 3633 3636 3640 3644 3648 3652 3658 3661 3653 3634 3640 3642 3621 3620 3621 3624 3629 3620 3615 3611 3610 3608 3603 3601 3606 3608 3608 3608 3608 3607 3607 3605 3603 3603 3607 3615 3615 3603 3609 3625 3616 3629
3648 3646 3651 3653 3669 3667 3663 3671 3680 3695 3707 3725 3740 3759 3760 3750 3733 3682 3649 3635 3626 3620 3615 3608 3606 3605 3604 3608 3609 3605 3602 3604 3605 3606 3607 3611 3619 3621 3620 3619 3617 3623 3627 3632 3639 3650 3650 3651 3652 3652 3645 3630 3634 3622 3618 3617 3618 3619 3617 3614 3611 3609 3603 3593 3597 3596 3595 3600 3600 3601 3602 3602 3603 3602 3604 3604 3606 3616 3618 3623 3626 3629 3621 3629
3626 3629 3637 3632 3637 3641 3642 3661 3676 3686 3707 3724 3741 3734 3729 3715 3690 3668 3653 3635 3623 3615 3611 3608 3605 3603 3601 3601 3605 3601 3597 3596 3598 3602 3602 3606 3620 3618 3614 3613 3610 3611 3622 3627 3629 3627 3634 3643 3645 3643 3631 3623 3621 3614 3615 3615 3614 3613 3611 3603 3606 3597 3598 3609 3606 3600 3598 3586 3588 3593 3596 3597 3599 3603 3603 3603 3612 3617 3621 3635 3635 3634 3638 3634
3607 3598 3613 3612 3613 3626 3645 3668 3686 3699 3706 3711 3719 3715 3702 3685 3665 3653 3644 3629 3617 3612 3613 3608 3605 3604 3602 3602 3608 3606 3599 3589 3597 3603 3608 3613 3604 3608 3608 3607 3610 3619 3622 3623 3625 3625 3626 3633 3638 3640 3630 3616 3618 3611 3610 3609 3608 3606 3602 3597 3591 3589 3593 3606 3606 3605 3603 3600 3592 3591 3592 3591 3592 3596 3599 3599 3605 3618 3624 3633 3639 3642 3638 3635
3593 3600 3594 3596 3611 3641 3662 3687 3706 3709 3699 3695 3692 3692 3679 3662 3642 3627 3620 3619 3611 3610 3614 3611 3609 3607 3605 3605 3617 3606 3601 3600 3606 3607 3609 3607 3607 3604 3604 3603 3613 3620 3618 3620 3624 3630 3627 3629 3632 3632 3622 3615 3616 3615 3608 3604 3604 3602 3599 3596 3599 3593 3582 3585 3590 3598 3602 3599 3594 3592 3591 3590 3589 3588 3602 3608 3635 3627 3623 3632 3642 3637 3636 3634
3577 3577 3580 3604 3637 3646 3680 3705 3720 3722 3708 3691 3681 3675 3663 3647 3629 3621 3615 3614 3612 3612 3613 3613 3611 3610 3609 3611 3613 3611 3611 3615 3617 3612 3608 3603 3604 3602 3599 3602 3612 3602 3610 3616 3623 3628 3630 3625 3623 3620 3614 3609 3613 3607 3603 3603 3601 3599 3598 3594 3596 3601 3587 3572 3572 3590 3599 3595 3593 3592 3591 3591 3592 3602 3614 3631 3642 3609 3607 3619 3626 3626 3628 3629
3563 3570 3594 3628 3655 3659 3684 3707 3723 3724 3709 3689 3677 3666 3653 3639 3624 3620 3616 3616 3617 3615 3615 3616 3616 3616 3619 3615 3617 3623 3620 3618 3615 3612 3608 3605 3604 3600 3595 3593 3599 3597 3604 3612 3621 3626 3626 3620 3614 3608 3605 3606 3609 3608 3603 3599 3598 3597 3596 3596 3595 3600 3586 3567 3591 3593 3596 3594 3591 3591 3592 3594 3601 3621 3615 3616 3600 3595 3601 3612 3622 3636 3628 3632
3552 3563 3614 3644 3673 3681 3687 3700 3727 3731 3716 3685 3674 3659 3645 3635 3627 3619 3620 3621 3620 3621 3621 3622 3621 3627 3624 3621 3632 3627 3622 3617 3611 3610 3607 3604 3602 3597 3591 3587 3606 3599 3601 3608 3617 3625 3621 3614 3608 3602 3601 3603 3606 3608 3602 3599 3597 3596 3594 3594 3598 3600 3581 3565 3580 3589 3589 3586 3587 3589 3592 3595 3601 3606 3606 3597 3598 3602 3603 3610 3622 3623 3632 3637
3553 3577 3628 3652 3677 3687 3692 3697 3728 3734 3728 3690 3658 3646 3638 3631 3627 3620 3623 3624 3623 3626 3632 3638 3643 3660 3665 3647 3646 3633 3629 3621 3612 3610 3607 3603 3600 3596 3591 3589 3599 3596 3598 3606 3613 3618 3612 3607 3605 3603 3604 3602 3600 3599 3595 3596 3595 3594 3592 3590 3591 3596 3576 3566 3566 3586 3587 3584 3584 3588 3592 3595 3600 3601 3600 3599 3599 3598 3599 3605 3608 3612 3630 3629
3575 3600 3636 3661 3679 3698 3702 3699 3714 3720 3711 3689 3641 3635 3633 3630 3625 3623 3629 3624 3623 3630 3648 3666 3685 3713 3739 3719 3693 3667 3650 3633 3617 3613 3609 3606 3601 3597 3594 3591 3594 3596 3599 3604 3608 3610 3604 3605 3603 3602 3606 3614 3601 3590 3587 3592 3596 3595 3593 3592 3593 3593 3579 3573 3576 3590 3586 3579 3583 3591 3596 3599 3601 3598 3593 3593 3591 3578 3596 3604 3608 3613 3622 3620
3587 3612 3641 3669 3688 3703 3712 3718 3720 3710 3688 3674 3644 3634 3630 3630 3630 3626 3628 3626 3631 3643 3668 3699 3734 3766 3778 3769 3745 3714 3677 3645 3620 3613 3610 3607 3604 3600 3597 3597 3598 3603 3607 3605 3605 3602 3611 3610 3602 3597 3605 3608 3603 3593 3588 3594 3596 3594 3593 3590 3584 3592 3589 3584 3591 3586 3587 3579 3590 3598 3603 3605 3602 3596 3584 3587 3585 3605 3605 3609 3613 3617 3621 3611
3587 3617 3644 3669 3689 3706 3717 3731 3734 3713 3686 3661 3645 3640 3633 3629 3629 3630 3635 3635 3640 3662 3691 3727 3768 3800 3810 3801 3782 3742 3693 3654 3623 3613 3612 3610 3611 3604 3599 3596 3601 3605 3606 3605 3604 3604 3613 3614 3606 3601 3607 3612 3603 3598 3589 3589 3590 3594 3594 3592 3586 3581 3577 3580 3579 3584 3594 3600 3608 3610 3611 3614 3613 3599 3588 3590 3599 3615 3614 3613 3611 3611 3610 3610
3591 3620 3642 3665 3686 3703 3715 3729 3737 3716 3695 3675 3662 3650 3641 3632 3634 3644 3653 3660 3662 3675 3710 3751 3791 3819 3837 3819 3791 3729 3689 3656 3628 3616 3614 3612 3607 3606 3604 3603 3604 3605 3606 3605 3605 3613 3617 3619 3611 3607 3613 3619 3616 3612 3599 3592 3594 3595 3596 3596 3588 3585 3587 3584 3589 3594 3609 3631 3630 3619 3616 3616 3614 3600 3593 3594 3599 3618 3617 3615 3614 3612 3609 3607
