real_craters/C188-300m.grd
DSAA
577 577
-86.3975 86.3975
-86.3975 86.3975
2410.9097261539 4507.8453042091
[rows 330 to 359 of 577, columns 335 to 401 of 577]
3039.15 3089.77 3143.22 3203.1 3260.46 3320.7 3381.21 3440.37 3496.45 3542.12 3589.93 3622.88 3648.51 3777.06 3887.99 3986.07 4071.45 4138.88 4194.92 4241.51 4274.89 4273.65 4246.78 4207.53 4177.38 4155.49 4139.05 4127.41 4119.88 4116.85 4120.34 4133.5 4163.79 4207.11 4253.86 4271.37 4278.58 4283.06 4281.26 4271.22 4245.33 4190.69 4145.08 4102.62 4062.06 4021.77 3978.71 3932.12 3894.33 3861.92 3837.65 3827.61 3816.18 3803.09 3791.49 3764.16 3751.86 3741.74 3732.43 3728.83 3723.97 3719.45 3716.53 3716.64 3715.28 3712.79 3711.64
3047.47 3100.66 3156.14 3218.02 3273.67 3335.81 3397.23 3457 3513.25 3559.46 3606.24 3632.63 3678.94 3812.75 3932.1 4042.32 4141.28 4216.17 4244.31 4261.65 4269.2 4263.23 4236.91 4204.64 4173.58 4150.77 4135.08 4124.4 4117.42 4114.33 4116.3 4127.58 4154.3 4192.85 4235.43 4260.07 4263.22 4264.73 4260.75 4247.35 4203.87 4133.16 4103.35 4078.39 4055.85 4032.8 3992.99 3935.11 3896.73 3862.24 3830.41 3809.55 3798.58 3793.56 3796.69 3768.17 3753.47 3741.74 3730.63 3728.57 3724.87 3721.09 3718.81 3718.48 3720.35 3720.23 3714.88
3055.06 3113.26 3171.09 3235.12 3292.14 3355.87 3418.35 3478.53 3526.08 3579.64 3624.61 3637.64 3713.75 3856.24 3979.14 4094.01 4198.85 4267.97 4276.45 4272.2 4261.82 4252.2 4218.34 4185.04 4160.54 4142.33 4129.93 4121.27 4115.35 4112.42 4113.75 4123.48 4145.05 4176.73 4208.84 4224.04 4239.52 4245.08 4240.02 4219.76 4162.37 4087.87 4067.38 4055.41 4044.31 4030.78 3998.93 3944.8 3902.81 3865.84 3830.86 3802.77 3787.66 3780.31 3785.04 3769.01 3757.04 3748.53 3740.22 3732.53 3726.69 3721.97 3718.02 3715.27 3716.19 3716.81 3715.26
3067.88 3129.18 3190.18 3256.33 3313.63 3378.93 3442.62 3503.68 3551.22 3603.28 3649.39 3649.35 3760.25 3905.42 4024.91 4134.88 4233.37 4288.19 4287.21 4271.94 4252.72 4236.92 4192.03 4156.97 4142.81 4131.99 4124.09 4118.14 4113.59 4111.18 4111.49 4119.31 4136.27 4161.78 4187.48 4203.73 4220.4 4228.96 4224.21 4199.74 4135.71 4063.34 4044.94 4039.48 4033.79 4022.74 3996.63 3951.84 3909.3 3873.6 3843.24 3815.76 3790.53 3792.3 3790.64 3770.2 3759.36 3754 3746.35 3735.81 3728.13 3722.31 3717.51 3713.72 3714.12 3714.72 3714.11
3089.03 3151.78 3213.64 3275.39 3341.41 3408.08 3473.17 3535.1 3582.18 3634.95 3680.68 3662.12 3817.91 3957.96 4067.6 4164.05 4243.79 4283.42 4282.18 4262.12 4237.87 4216.12 4166.58 4137.41 4129.32 4123.48 4120.36 4116.1 4114.1 4112.09 4110.42 4114.97 4128.25 4149.31 4170.79 4188.91 4208.26 4220.27 4218.92 4196.12 4132.08 4056.34 4037.71 4033.95 4029.25 4018.79 3996.38 3952.58 3912.69 3879.93 3855.49 3840.05 3821.58 3803.7 3794.18 3770.92 3758.73 3752.1 3744.36 3735.27 3727.78 3721.92 3717.33 3714.4 3712.54 3712.73 3712.7
3112.96 3176.93 3240.51 3304.67 3372.92 3441.53 3508.4 3571.21 3618.22 3671.61 3715.86 3693.61 3880.32 4010.83 4108.56 4188.15 4244.14 4272.74 4272.15 4250.92 4218.6 4179.9 4147.47 4129.07 4122.92 4119.37 4117.04 4116.35 4115.68 4116.52 4118.82 4119.35 4124.93 4141.78 4160.24 4181 4201.86 4217.72 4223.7 4209.85 4145.63 4064.91 4047.37 4041.52 4032.53 4019.02 3995.99 3954.41 3913.72 3879.95 3851.62 3827.53 3809.79 3793.25 3781.98 3767.34 3754.28 3744.86 3738.79 3732.7 3726.7 3721.52 3717.31 3714.65 3714.08 3712.33 3711.19
3138.66 3200.52 3269.61 3333.76 3405.15 3476.17 3544.95 3609.59 3659.51 3711.97 3751.33 3752.65 3941.65 4062.93 4151.73 4217.99 4256.66 4272.42 4264.64 4242.54 4206.2 4160.19 4138.78 4126.75 4120.96 4118.6 4117.26 4117.15 4118.12 4120.53 4126.21 4124.78 4125.43 4139.58 4157.45 4177.17 4198.1 4217.43 4232.07 4234.13 4177.67 4103.15 4077.6 4061.86 4043.79 4021.77 3993.37 3952.26 3911.48 3875.64 3842.61 3814.39 3803.67 3787.94 3773.63 3757.99 3746.69 3739.02 3734.64 3730.54 3725.72 3720.68 3716.3 3713.84 3714.35 3710.77 3708.82
3164.03 3228.48 3300.08 3366.95 3441.27 3515.23 3586.99 3654.21 3713.72 3760.71 3784.32 3808.11 4004.64 4115.53 4195.73 4254.91 4287.14 4281.24 4256.56 4224.06 4183.54 4145.36 4131.53 4124.77 4120.98 4118.74 4118.67 4118.9 4120.33 4121.54 4121.6 4122.54 4125.94 4139.78 4157.57 4172.98 4193.86 4214.8 4232.48 4240.48 4206.92 4158.73 4119.93 4090.01 4059.5 4026.74 3990.08 3949.29 3908.93 3870.85 3833.68 3802.45 3788.62 3774.84 3761.44 3748.21 3740.26 3735.91 3733.44 3730.14 3725.27 3719.77 3714.58 3710.36 3706.25 3705.65 3705.69
3190.77 3259.09 3334.15 3412.02 3491.31 3560.04 3636.15 3707.56 3766.34 3815.19 3824.62 3873.8 4066.23 4167.22 4236.49 4288.26 4315.12 4285.51 4244.03 4200.46 4157.5 4129.89 4122.8 4123.08 4122.34 4121.67 4120.88 4122.41 4124 4124.43 4123.09 4126.18 4131.44 4141.28 4154.28 4169.13 4190.17 4210.14 4223.57 4226.28 4218.51 4194.12 4158.1 4117.84 4075.51 4033.12 3990.19 3949.62 3909.59 3868.62 3824.68 3784.92 3762.29 3752.59 3747.4 3742.2 3738.5 3737.62 3735.65 3731.73 3726.27 3720.38 3713.81 3706.97 3702.49 3702.25 3703.1
3217.79 3289.11 3367.21 3448.3 3526.37 3608.67 3689.22 3765.95 3830.78 3884.81 3879.84 3969.88 4142.67 4217.23 4265.48 4302.14 4314.69 4273.53 4223.27 4174.11 4138.11 4120.73 4125.38 4125.83 4124.4 4124.09 4123.87 4126.32 4129.42 4132.03 4132.76 4133.81 4137.22 4143.24 4154.3 4169.49 4190.02 4207.76 4217.28 4219.64 4228.1 4221.7 4193.08 4139.66 4087.25 4038.27 3993.84 3956.85 3921.5 3868.94 3817.37 3771.09 3742.24 3734.67 3739.03 3746.45 3749.88 3745.34 3742.3 3736.38 3729.39 3722.19 3714.71 3706.95 3701.4 3701.86 3702.72
3246.8 3322.75 3404.25 3488.71 3569.91 3655.96 3741.11 3823.4 3896.27 3960.69 3948.19 4087.88 4216.32 4253.55 4278.45 4292.79 4284.59 4247.71 4197.98 4150.31 4128.05 4126.02 4134.63 4128.59 4124.9 4124.45 4125.82 4129.4 4134.52 4140.45 4143.44 4140.49 4140.47 4144.47 4155.17 4175.71 4195.88 4210.54 4219.87 4227.64 4238.67 4244.67 4206.71 4146.52 4088.6 4035.24 3989.26 3951.72 3918.06 3862.61 3809.48 3762.19 3728.66 3721 3733.51 3754.55 3770.75 3763.57 3751.04 3741.82 3733.25 3725.12 3717.82 3712.21 3708.29 3706.35 3705.24
3282.01 3360.27 3445.11 3532.17 3614.76 3703.39 3791.24 3876.18 3952.88 4024.06 3998.58 4132.5 4233.06 4262.89 4275.52 4277.27 4258.66 4221.06 4175.31 4135.94 4123.7 4126.61 4130.27 4123.72 4120.75 4121.27 4124.19 4129.03 4135.92 4144.46 4150.16 4148.28 4145.46 4145.42 4156.48 4182.8 4203.17 4214.53 4222.63 4229.6 4236.87 4234.33 4189.85 4135.56 4077.74 4021.5 3969.58 3925.83 3891.13 3845.88 3798.84 3755.62 3721.19 3709.32 3726.81 3750.74 3765.33 3762.73 3754.63 3745.67 3736.21 3727.68 3720.33 3716 3713.77 3712.12 3710
3317.57 3401.14 3482.72 3570.13 3656.95 3745.38 3833.02 3918.26 3996.78 4060.36 4009.89 4140.35 4222.77 4255.08 4262.89 4255.51 4233.7 4198.23 4157.79 4129.02 4119.39 4108.59 4108.22 4109.77 4111.9 4114.99 4119.55 4125.32 4132.33 4140.82 4150.63 4157.04 4149.42 4143.95 4154.37 4180.12 4201.77 4215.16 4223.76 4227 4224.61 4208.91 4166.82 4115.84 4058.27 4000.09 3943.77 3895.15 3861.11 3826.59 3789.15 3752.36 3720.42 3704.66 3723.73 3745.3 3755.84 3759.47 3755.07 3746.43 3737.2 3728.83 3721.33 3715.64 3717.02 3717.55 3716.03
3358 3443.5 3525.3 3614.65 3703.21 3793.82 3878.29 3957.7 4025.48 4068.1 4028.78 4160.4 4219.97 4246.97 4251.75 4232.12 4212.68 4181.9 4143.89 4117.08 4102.89 4088.6 4086.88 4094.58 4101.34 4107.03 4112.3 4118.35 4125.51 4132.5 4143.43 4153.72 4144.92 4137.71 4148.08 4172.03 4194.89 4211.92 4221.62 4219.95 4208.18 4185.26 4148.51 4093.38 4034.19 3975.66 3919.38 3870.09 3840.34 3812.45 3782.57 3755.54 3733.15 3717.37 3727.44 3751.71 3768.68 3765.04 3755.22 3745.34 3736.38 3728.72 3722.8 3719.3 3719.17 3719.65 3720.98
3405.02 3492.65 3576.11 3666.54 3751.56 3839.66 3920.28 3992.15 4050.08 4081.65 4054.39 4155.02 4214.03 4246.23 4256.81 4244.41 4216.11 4176.54 4134.14 4105.6 4089.94 4077.45 4076.38 4085.89 4093.2 4098.72 4104.09 4110.17 4117.29 4124.69 4131.07 4134.65 4132.12 4129.93 4141.8 4163.44 4185.5 4204.88 4218 4208.27 4187.77 4159.99 4119.95 4063.87 4006.28 3950.3 3897.21 3852.88 3825.16 3801.7 3777.13 3755.5 3739.95 3718.84 3732.16 3757.55 3781.18 3764.01 3750.84 3741.29 3733.35 3726.76 3722.35 3721.27 3720.95 3721.68 3721.97
3464.56 3554.12 3636.13 3723.99 3805.66 3889.42 3964.91 4029.73 4075.77 4090.23 4082.44 4159.42 4216.74 4253.83 4274.04 4270.44 4230.61 4179.78 4129.89 4099.13 4085.2 4078.28 4083.62 4085.73 4087.22 4090.76 4095.64 4100.39 4107.1 4116.12 4117.64 4118.74 4119.76 4122.62 4136 4154.76 4173.15 4192.1 4201.6 4185.59 4161.66 4126.59 4079.15 4027.86 3975.66 3924.52 3876.6 3835.75 3812.64 3795.22 3772.36 3750.81 3740.75 3736.1 3738.21 3749.37 3754.64 3745.45 3739.75 3733.91 3727.81 3722.24 3717.92 3717.22 3720.5 3725.06 3719.17
3526.79 3611.31 3700.87 3786.25 3864.3 3942.32 4013.49 4073.24 4111.61 4111.5 4122.24 4188.29 4231.91 4265.8 4289.23 4290.5 4242.23 4186.86 4135.31 4102.98 4089.57 4083.36 4086.98 4085.07 4082.99 4084.01 4086.85 4089.59 4092.51 4097.4 4103.53 4107.53 4111.26 4116.09 4131.42 4149.36 4164.87 4176.72 4177.19 4157.92 4132.43 4095.76 4045.15 3992.58 3945.01 3899.42 3857.47 3822.31 3804.65 3791.99 3767.06 3748.45 3743.55 3738 3734.5 3735.34 3732.72 3729.37 3729.66 3726.75 3722.56 3718.06 3713.8 3713.59 3716.92 3719.28 3720.38
3597.54 3677.8 3762.23 3841.65 3916.97 3990.09 4059.09 4114.18 4157.33 4152.31 4164.98 4218.22 4251.53 4277.07 4290.97 4282.42 4242.29 4191.91 4148.59 4122.94 4103.33 4089.79 4084.62 4080.3 4077.19 4077.79 4079 4080.34 4080.27 4083.52 4096.89 4104.84 4109.01 4115.01 4129.53 4146.28 4161.36 4160.76 4149.22 4129.63 4102.32 4068.38 4026.47 3961.15 3916.66 3876.48 3840.3 3810.63 3789.05 3772.22 3758.88 3747.57 3744.88 3734.9 3727.35 3724.38 3721.29 3722.25 3723.06 3721 3718.29 3714.99 3712.17 3712.15 3713.99 3715.39 3721.32
3675.21 3747.5 3824.18 3895.48 3966.65 4034.83 4100.08 4154.86 4202.2 4189.32 4201.07 4241.23 4267.99 4284.65 4289.63 4274.19 4239.42 4193.92 4153.51 4142.6 4113.87 4092.03 4077.55 4070.78 4069.84 4071.75 4074.56 4076.74 4076.82 4081.56 4096.8 4105.61 4110.23 4116.8 4127.56 4139.59 4148.32 4139.14 4120.24 4099.14 4072.12 4038.64 3995.35 3931.61 3890.77 3855.17 3823.48 3797.07 3775.77 3760.98 3751.86 3747.2 3742.63 3732.94 3725.03 3722.26 3721.2 3721 3719.99 3718.34 3715.94 3713.29 3710.89 3711.26 3712.92 3715.73 3718.92
3753.35 3816.18 3881.96 3943.54 4008.01 4070.78 4131.73 4184.24 4220.72 4172.93 4221.99 4262.9 4281.67 4291.1 4293.09 4273.15 4237.22 4197.32 4161.92 4137.8 4107.34 4082.72 4064.51 4059.24 4063.01 4068.18 4073.78 4079.07 4085.36 4091.68 4100.22 4107.38 4112.35 4117.23 4124.12 4128.94 4128.24 4112.37 4090.64 4070.19 4042.78 4008.27 3966.26 3905.54 3867.54 3835.82 3807.67 3783.93 3764.7 3752.62 3744.67 3739.44 3735.7 3727.14 3721.89 3721.44 3721.69 3722.08 3718.31 3716.55 3715.25 3713.55 3711.34 3711.91 3712.67 3712.66 3714.75
3831.48 3877.63 3932.55 3986.37 4043.37 4098.5 4150.93 4201.31 4231.6 4172.34 4259.08 4285.03 4289.07 4288.74 4287.17 4263.55 4228.5 4193.74 4157.26 4115.86 4078.83 4059.66 4051.36 4051.54 4058.92 4067.3 4075.16 4082.37 4089.15 4095.87 4101.55 4110.68 4117.44 4120.09 4121.41 4118.73 4109.15 4088.87 4068.22 4046.5 4017.23 3980.16 3933.01 3880.97 3847.45 3818.75 3793.33 3771.99 3755.06 3743.83 3738.77 3736.52 3731.99 3725.93 3721.21 3719.67 3717.91 3715.44 3714.87 3715.32 3715.85 3716.15 3715.36 3714.83 3713.89 3712.47 3710.74
3900.41 3936.86 3981.71 4024.62 4073.71 4122.91 4166.96 4208.48 4228.4 4197.49 4291.97 4295.87 4284.55 4271.04 4257.18 4236.39 4208.28 4174.07 4128.67 4082.86 4047.7 4037.06 4041.74 4051.8 4057.52 4068.02 4079.02 4088.2 4091.92 4099.19 4104.77 4116.48 4126.21 4124.36 4119.84 4112.24 4098.65 4080.97 4057.77 4028.76 3996.61 3958.61 3915.45 3867 3831.88 3804.11 3781.8 3760.47 3743.17 3735.35 3732.29 3730.44 3728.22 3725.85 3722.51 3719.71 3714.76 3708.66 3711.91 3714.38 3716.72 3719.84 3721.15 3718.33 3716.15 3714 3711.76
3960.71 3987.87 4023.68 4054.39 4096.07 4137.56 4174.97 4208.58 4224.44 4212.4 4281.63 4283.69 4267.82 4244.92 4220.56 4205.12 4184.53 4153.47 4103.93 4058.55 4029.26 4022.41 4029.38 4039.59 4053.89 4069.67 4085.28 4100.69 4114.08 4121.2 4123.33 4124.39 4124.85 4121.62 4117.57 4109.58 4096.3 4078.67 4051.62 4018 3980.74 3940.98 3899.33 3854.21 3817.9 3791.3 3771.96 3751.59 3735.51 3729.72 3724.94 3721.2 3722.89 3722.84 3719.79 3718.36 3715.4 3714.27 3713.24 3713.79 3715.55 3718.95 3721.25 3718.83 3717.61 3716.51 3712.76
4001.88 4020.31 4051.1 4083.54 4114.19 4148.8 4177.81 4202.31 4205.02 4208.88 4255.18 4260.92 4247.6 4222.72 4196.28 4180.16 4161.77 4136.52 4085.38 4038.75 4012.66 4011.29 4020.13 4031.31 4053.62 4072.55 4090.97 4112.46 4136.52 4148.79 4148.12 4132.65 4116.99 4115.29 4115.17 4108.82 4098.16 4081.41 4045.06 4006.03 3965.5 3924.77 3882.93 3836.56 3802.63 3779.88 3765.44 3748.1 3731.69 3727.99 3724.06 3723.05 3721.46 3721.53 3718 3717 3715.37 3714.82 3713.15 3712.06 3711.81 3711.77 3713.46 3715.39 3716.74 3718.02 3712.23
4019.06 4040.91 4070.34 4103.74 4135.65 4161.22 4182.41 4198.15 4192.35 4197.88 4232.35 4244.92 4235.27 4209.82 4181.16 4162.09 4138.42 4105.18 4054.68 4016.3 3997.68 4003.19 4020.81 4047.36 4062.03 4076.1 4093.42 4113.86 4137.55 4158.79 4160.3 4142.37 4123.66 4116.97 4114.04 4107.45 4096.63 4073.73 4033.08 3990.96 3948.92 3908.3 3868 3822.84 3788.23 3769.52 3761.72 3750.61 3743.37 3735.29 3727.41 3722.67 3718.57 3715.31 3713.31 3713.45 3713.09 3711.67 3710.59 3709.59 3708.14 3706.3 3707.82 3711.07 3713.41 3714.6 3708.37
4021.82 4052.69 4085.03 4120.49 4152.64 4179.6 4196.11 4206.73 4200.23 4207.41 4234.77 4246.34 4237.13 4213.51 4181.02 4151.96 4117.89 4074.53 4021.26 3994.49 3985.9 3996.24 4017.43 4044.5 4061.31 4076.87 4093.46 4108.93 4129.49 4156.1 4161.39 4150.55 4135.64 4121.17 4109.76 4101.81 4088.37 4059.72 4015.3 3972.22 3930.13 3889.42 3850.66 3812.47 3775.4 3761.52 3759.08 3753.5 3750.74 3741.47 3725.25 3719.92 3714.57 3707.93 3706.32 3710.55 3710.88 3710.36 3709.25 3707.49 3705.99 3705.23 3705.74 3707.46 3708.95 3709.03 3706.16
4023.27 4059.68 4097.32 4135.71 4170.11 4194.6 4218.7 4235.06 4228.54 4268.07 4272.56 4262.48 4247.9 4230.89 4193.53 4145.57 4100.76 4052.22 4000.43 3979.46 3976.9 3989.97 4008.82 4028.45 4052 4077.05 4097.2 4109.52 4127.56 4153.66 4158.86 4150.86 4137 4119.06 4103.66 4090.92 4071.3 4034.68 3992.42 3950.63 3909.35 3868.46 3829.02 3789.64 3763.64 3754.12 3755.98 3753.1 3751.77 3743.84 3730.79 3722.53 3714.32 3706.77 3704.66 3708.44 3708.62 3708.84 3707.92 3705.2 3703.68 3703.32 3703.57 3704.33 3704.8 3704.02 3701.32
4023.29 4065.02 4108.8 4149.14 4187.01 4217.12 4248.03 4271.03 4267.7 4322.91 4302.16 4272.22 4248.77 4229.96 4186.57 4130.37 4079.62 4032.7 3992.3 3974.01 3975.16 3989.14 4005.25 4023.8 4050.73 4083.94 4112.19 4128.47 4143.43 4156.99 4153.93 4140.83 4124.99 4107.75 4091.19 4075.86 4052.16 4012.02 3969.68 3928.77 3888.44 3847.88 3809.98 3777.67 3757.09 3748.52 3751.84 3749.65 3747.93 3742.11 3732.82 3725.3 3716.01 3708.6 3705.55 3706.49 3705.81 3704.42 3702.27 3702.39 3701.1 3700.16 3700.98 3701.84 3701.95 3700.77 3698.86
4027.17 4072.35 4117.92 4158.86 4200.23 4237.2 4275.39 4301.03 4299.49 4314.69 4291.73 4259.74 4229.41 4197.44 4155.76 4104.2 4052.6 4011.2 3989.92 3985.38 3987.58 3996.87 4009.61 4025.92 4054.63 4098.79 4140.1 4165.43 4171.04 4166.39 4146.3 4125.98 4107.09 4089.26 4072.28 4055.89 4036.29 3995.29 3949.74 3907.14 3866.77 3827.39 3791.69 3762.52 3750.07 3742.24 3746.04 3743.83 3742.12 3739.09 3733.65 3725.96 3716.53 3708.98 3705.65 3703.28 3702.95 3702.92 3703.15 3701.43 3699.48 3698.46 3699.62 3700.61 3700.86 3699.98 3699.55
4037.28 4082.11 4126.05 4167.89 4208.8 4249.42 4290.73 4321.93 4313.27 4278.68 4256.32 4228.52 4198.79 4164.88 4123.38 4077 4030.56 4000.22 3994.75 4002.82 4005.08 4010.87 4021.11 4034.8 4063.49 4118.55 4173.4 4214.14 4187.5 4150.53 4126.15 4108.68 4085.28 4063.95 4046.11 4030.03 4011.73 3972.47 3927.68 3884.48 3843.84 3805.95 3773.3 3748.32 3740.39 3734.43 3738.36 3736.32 3734.13 3730.21 3728.88 3723.35 3715.59 3707.64 3700.89 3699.9 3701.06 3702.15 3703 3701.67 3700.09 3699.12 3699.99 3700.63 3701.14 3700.98 3698.71
