real_craters/C188-300m.grd
DSAA
577 577
-86.3975 86.3975
-86.3975 86.3975
2410.9097261539 4507.8453042091
[rows 300 to 329 of 577, columns 402 to 468 of 577]
3722.8 3719.57 3716.75 3715.17 3714.36 3713.61 3713.22 3711.85 3711.23 3711.75 3712.32 3712.83 3712.84 3712.48 3712.86 3713.61 3713.84 3712.87 3711.93 3712.56 3714.61 3716.74 3718.82 3720.6 3719.19 3718.11 3717.83 3718.2 3719 3722.23 3728.73 3735.1 3741.64 3741.21 3740.37 3738.91 3738.17 3737.15 3736.87 3738.08 3741.03 3739.43 3734.2 3729.5 3725.67 3722.46 3726.33 3728.84 3727.93 3726.18 3723.74 3720.58 3716.13 3713.76 3715.6 3718.5 3720.49 3718.25 3712.56 3705.28 3705.91 3707.95 3709.84 3712.74 3716.39 3718.17 3719.26
3722.75 3718.98 3716.02 3713.68 3712.35 3711.76 3711.62 3710.06 3709.02 3708.76 3709.18 3709.91 3710.77 3712.09 3713.15 3713.59 3713.27 3713.15 3713.06 3713.38 3714.54 3714.62 3714.11 3714.4 3715.11 3714.69 3714.27 3713.6 3713.2 3715.2 3720.68 3732.45 3735.69 3737.18 3739.76 3740.57 3738.01 3736.75 3736.96 3738.84 3742.17 3742.14 3738.42 3734.22 3730.35 3725.37 3721.84 3721.89 3722.46 3721.51 3719.18 3716.25 3714.3 3712.72 3711.99 3713.69 3715.52 3715.49 3711.26 3704.21 3703.09 3704.73 3708.2 3711.91 3715.08 3716.67 3718.37
3723.87 3718.15 3714.4 3712.63 3710.69 3708.86 3707.54 3706.89 3706.5 3706.34 3706.77 3707.36 3708.56 3710.6 3714.47 3712.62 3712.72 3713.83 3715.56 3717.21 3715.65 3713.71 3711.23 3710.55 3711.68 3711.85 3711.45 3710.32 3708.95 3708.27 3710.76 3718.39 3723.62 3729.03 3734.07 3736.15 3734.96 3733.99 3733.98 3734.99 3737.08 3738.85 3739.36 3736.48 3733.44 3729.59 3720.48 3718.99 3719.61 3718.88 3716.61 3713.41 3709.75 3709.02 3710.84 3711.57 3712.98 3713.91 3711.77 3708.8 3704 3702.84 3707.28 3710.8 3712.58 3711.93 3709.74
3727.07 3720.16 3715.93 3713.41 3710.02 3706.63 3704.47 3704.07 3704.1 3704.17 3704.63 3705.23 3705.84 3706.57 3706.19 3709 3711.44 3713.99 3716.52 3717.88 3716.96 3714.36 3711.14 3709.7 3709.77 3709.6 3709.46 3708.37 3706.63 3705.08 3704.97 3709.6 3714.84 3721.1 3727.28 3729.89 3729.83 3729.28 3728.81 3728.36 3728.1 3730.03 3736.23 3734.74 3732.69 3728.97 3721.82 3720.66 3720 3718.81 3716.51 3712.99 3709.31 3708.23 3706.93 3709.89 3711.27 3712.37 3714.48 3713.51 3712.49 3707.39 3708.32 3710.68 3711.7 3709.18 3704.64
3732.28 3729.93 3722.86 3716.22 3710.58 3705.58 3702.77 3702.16 3701.91 3702.03 3702.35 3702.8 3703.11 3703.79 3704.81 3707.01 3710.03 3713.64 3717.12 3719.29 3718.88 3716.16 3712.31 3710.17 3709.12 3708.4 3708.15 3708.53 3710.15 3710.25 3710.01 3708.78 3710.15 3714.24 3720.31 3723.31 3724.45 3724.01 3723.26 3721.39 3718.53 3717.79 3725.85 3730.05 3730.25 3728.87 3729.05 3724.83 3722.26 3720.31 3718.33 3715.79 3712.49 3712.64 3712.27 3711.89 3711.57 3711.89 3715.67 3714.88 3712.74 3709.27 3708.55 3710.38 3711.45 3709.01 3706.69
3735.6 3733.65 3726.38 3718.07 3711.38 3706.91 3702.93 3701.02 3700.31 3699.99 3700.11 3700.43 3700.98 3701.5 3702.42 3704.93 3708.36 3712.7 3717.5 3721.59 3721.64 3718.41 3714.95 3711.31 3708.61 3706.96 3706.45 3707.54 3710.41 3712.24 3711.74 3710.95 3710.69 3711.44 3712.86 3717.71 3720.03 3720.04 3719.02 3716.65 3714.5 3713.84 3722.53 3727.46 3729.24 3729.12 3730.18 3727.75 3724.96 3722.45 3721.05 3720.95 3720.69 3719.43 3717.91 3714.77 3713.07 3713.14 3713.77 3710.61 3702.86 3703.74 3706.05 3708.31 3709.02 3707.32 3705.45
3736.1 3732.33 3725.98 3717.46 3710.17 3705.6 3701.66 3699.42 3698.55 3698.39 3698.38 3698.61 3698.98 3699.5 3700.75 3702.91 3706.04 3710.52 3715.9 3722.04 3721.96 3718.24 3715.83 3711.36 3707.88 3705.39 3703.87 3704.01 3706.53 3710.7 3711.68 3715.53 3716.9 3715.66 3715.71 3717.01 3718.26 3718.23 3717 3715.33 3714.64 3718.6 3724.78 3727.16 3729.99 3732.26 3732.11 3729.78 3725.98 3723.07 3722.07 3722.76 3723.32 3721.61 3719.17 3715.11 3712.33 3709.65 3706.97 3707.23 3701.96 3701.69 3703.83 3706.02 3706.16 3704.5 3703.02
3735.14 3733.91 3724.21 3714.79 3706.46 3699.83 3698.17 3697.31 3696.94 3696.75 3696.91 3697.02 3697.55 3697.7 3697.94 3699.36 3703.06 3706.96 3710.88 3714.35 3714.5 3712.99 3711.53 3709.3 3706.56 3703.69 3701.05 3699.62 3702.11 3709.31 3715.6 3723.35 3728.52 3721.19 3719.17 3718.68 3718.75 3718.06 3716.91 3715.5 3714.46 3716.12 3721.01 3725.88 3730.32 3734.08 3734.74 3730.63 3726.05 3722.1 3719.56 3719.08 3717.87 3715.8 3714.2 3712.14 3710.19 3704.83 3698.34 3705.5 3708.09 3702.88 3702.81 3703.69 3703.62 3702.31 3701.31
3729.19 3727.89 3718.94 3710.68 3703.11 3697.32 3696.08 3695.81 3695.82 3695.9 3696.19 3696.29 3696.39 3696.52 3696.96 3698.12 3700.84 3703.32 3704.96 3704.87 3704.54 3706.3 3707.46 3707.3 3705.62 3702.79 3699.24 3696.17 3698.86 3707.21 3713.69 3728.38 3740.26 3728.86 3722.86 3720.83 3720.29 3719.55 3718.52 3717.31 3714.97 3711.1 3716.62 3725 3730.19 3732.81 3733.22 3729.95 3724.01 3718.46 3713.79 3710.74 3709.06 3706.59 3706.85 3707.32 3707.17 3703.36 3698.78 3699.43 3700.3 3702.16 3702.22 3700.57 3700.92 3701.19 3700.41
3716.93 3713.6 3711.04 3706.36 3701.21 3697.41 3696.1 3695.5 3695.64 3695.69 3695.76 3695.8 3695.65 3695.94 3697.01 3698.79 3699.36 3700.96 3701.59 3699.85 3697.98 3702.58 3705.94 3707.41 3706.56 3704.21 3700.51 3696.51 3699.46 3707.76 3716.58 3726.77 3736.61 3726.31 3724.44 3722.16 3721.68 3721.6 3721.8 3721.89 3721.55 3717.98 3722.3 3727.87 3730.85 3732.9 3734.11 3727.42 3720.15 3713.31 3707.07 3701.03 3700.85 3701.91 3702.98 3702.7 3700.25 3699.13 3698.4 3695.03 3693.43 3698.06 3700.26 3699.87 3699.1 3699.42 3698.5
3708.27 3705.32 3705.39 3703.48 3700.65 3698.3 3696.92 3696.39 3696.08 3695.76 3695.88 3695.92 3696.05 3695.92 3696.08 3695.34 3698.16 3700.91 3702.24 3702.13 3702.56 3706.11 3708.85 3710.26 3709.95 3708.71 3706.29 3701.65 3704.75 3710.45 3714.68 3718.36 3720.92 3713.99 3719.6 3721.93 3722.84 3723.74 3725.05 3727.12 3731.57 3739.3 3737.03 3732.4 3729.61 3729.56 3728.63 3721.26 3714.03 3707.38 3702.37 3699.65 3700.87 3701.76 3703.04 3701.5 3697.95 3695.16 3692.82 3690.85 3687.9 3688.74 3692.03 3695.11 3694.07 3694.34 3694.25
3707.25 3704.75 3704.37 3703.01 3700.87 3699.29 3698.6 3698.02 3697.36 3697.06 3696.67 3696.64 3696.78 3697 3697.42 3697.06 3700.38 3703.46 3705.97 3708.68 3711.94 3713.76 3714.82 3715.25 3714.86 3714.85 3715.64 3719.51 3715.35 3714.69 3714.54 3713.6 3713.08 3711.79 3718.16 3722.74 3724.76 3725.64 3726.8 3729.37 3735.04 3742.66 3741.09 3731.39 3723.69 3715.9 3714.25 3711.87 3705.98 3700.54 3697.42 3699.45 3705.45 3709.72 3707.63 3703.41 3699.11 3694.7 3689.93 3689.57 3686.44 3684.05 3684.58 3685.45 3686.44 3686.42 3688.66
3709.99 3707.99 3706.81 3705.38 3702.16 3701.15 3701.1 3700.36 3699.52 3698.99 3698.53 3698.52 3698.82 3699.4 3701.03 3703.55 3705.38 3707.27 3710.23 3714.26 3718.68 3721.74 3721.3 3720.24 3719.82 3720.02 3721.62 3722.44 3721.46 3719.33 3717.37 3716.37 3718.77 3717.32 3724.35 3727.04 3727.57 3727.22 3726.27 3727.01 3729.73 3733.11 3729.94 3723.48 3716.05 3708.64 3703.69 3701.73 3697.14 3692.76 3690.59 3695.54 3710.98 3718.29 3712.67 3705.5 3699.93 3697.05 3694.11 3693.83 3690.79 3686.79 3684.35 3684.75 3683.7 3682.62 3685.01
3716.03 3712.37 3710.58 3710.19 3710.19 3707.08 3704.5 3702.91 3701.82 3700.93 3700.45 3700.33 3700.4 3701.43 3703.41 3706.62 3708.34 3709.7 3713.09 3718.21 3724.75 3728.03 3725.97 3723.69 3722.46 3722.93 3724.67 3725.96 3724.12 3722.75 3722.89 3725.61 3730.89 3734.3 3735.16 3733.18 3730.7 3727.03 3723.89 3720.93 3718.38 3717.5 3716.41 3713.63 3708.68 3701.68 3695.49 3692.6 3689.67 3685.8 3683.44 3690.39 3709.88 3720.55 3713.7 3706.67 3701.86 3702.24 3702.23 3699.46 3697.7 3693.41 3687.19 3688.05 3684.79 3683.29 3683.52
3716.85 3713.77 3712.57 3713.44 3716.15 3711.56 3707.45 3704.93 3703.5 3702.46 3701.86 3701.75 3701.84 3702.39 3703.68 3705.37 3707.02 3709.21 3713.06 3718.67 3726.37 3730.7 3726.45 3723.94 3722.76 3722.88 3724.74 3725.79 3724.37 3723.75 3724.69 3727.24 3734.22 3740.78 3741.28 3737.18 3732.56 3727.43 3721.3 3715.09 3707.78 3704.6 3705.1 3705.25 3704.43 3700.63 3694.99 3689.6 3685.31 3681.4 3678.83 3684.86 3698.14 3707.13 3709.06 3708.68 3707.1 3707.13 3710.26 3705.35 3703.3 3700.81 3690.72 3689.43 3684.96 3682.57 3682.35
3711.11 3711.69 3711.41 3711.4 3711.45 3710.37 3707.74 3705.82 3704.41 3702.97 3702.63 3702.41 3702.03 3701.93 3702.15 3702.4 3703.58 3706.82 3710.71 3714.81 3718.5 3720.29 3721.82 3721.75 3721.22 3720.62 3721.22 3721.96 3721.95 3722.2 3723.52 3724.16 3730.55 3738.31 3741.47 3739.29 3733.53 3726.68 3718.98 3711.31 3704.13 3700.15 3698.98 3700.1 3699.8 3697.79 3694.02 3688.24 3683.45 3680.15 3679.52 3684.5 3693.77 3699.73 3702.14 3703.9 3704.58 3705.35 3709.5 3706.91 3703.36 3700.22 3694.21 3690.01 3685 3682.64 3681.76
3708.72 3709.21 3709.33 3708.44 3707.18 3708.28 3707.47 3706.22 3705.23 3704.2 3703.4 3702.62 3702.11 3701.68 3701.23 3700.65 3701.24 3704.44 3707.85 3710.55 3711.06 3712.74 3717.44 3718.92 3718.98 3718.19 3715.56 3716.68 3719.02 3719.44 3718.12 3714.41 3722.78 3734.42 3744.53 3741.53 3734.3 3725.82 3717.22 3708.99 3702.48 3698.6 3697.67 3698.25 3699.04 3697.6 3694.12 3687.64 3683.07 3679.72 3679.86 3684.47 3690.23 3694.73 3694.6 3691.46 3693.06 3695.71 3699.05 3701.3 3697.94 3695.14 3692.71 3691.01 3687.39 3684.4 3682.54
3705.62 3707.81 3708.65 3708.72 3708.32 3708.17 3707.43 3706.61 3705.74 3704.85 3703.96 3702.98 3702.41 3701.94 3701.29 3700.33 3699.93 3703.8 3706.93 3708.6 3710.54 3715.92 3716.04 3716.63 3717.1 3717.59 3717.47 3717.42 3718.28 3718.75 3718.29 3717.8 3726.22 3742.75 3751.06 3742.13 3734.13 3725.27 3715.84 3706.7 3699.94 3696.81 3696.09 3697.28 3699.28 3698.58 3696.59 3689.87 3684.44 3679.41 3677.66 3686.42 3693.05 3694.42 3691.29 3685.25 3685.36 3685.39 3683.33 3686.99 3688.82 3689.88 3694.17 3692.26 3690.48 3686.11 3683.71
3707.59 3708.27 3709.08 3709.76 3709.56 3708.84 3708.09 3707.35 3706.76 3706.11 3705.44 3704.55 3703.47 3703.21 3703.12 3703.41 3704.4 3706.94 3708.41 3708.7 3706.79 3712.52 3713.84 3714.4 3715.46 3717.21 3720.97 3719.15 3718.91 3720.09 3723.26 3730.28 3737.99 3745.35 3739.73 3738.76 3733.09 3724.84 3715.27 3705.46 3697.11 3696.07 3696.27 3697.1 3698.23 3698.96 3699.08 3694.1 3687.66 3681.16 3679.15 3690.79 3702.79 3697.33 3692.47 3688.75 3684.88 3682.05 3679.03 3678.42 3681.93 3682.8 3685.64 3686.39 3685.92 3684.08 3682.92
3710.96 3709.48 3709.17 3711.45 3710.5 3708.73 3708.13 3707.76 3707.19 3706.68 3706.2 3705.89 3705.33 3705.09 3705.79 3707.38 3710.92 3711.12 3711.76 3712.21 3710.78 3710.42 3710.62 3712.4 3713.82 3714.72 3715.63 3717.59 3718.89 3720.62 3723.34 3725.52 3729.15 3734.65 3738.27 3737.46 3732.61 3725.55 3717.07 3707.14 3699.81 3698.1 3697.44 3697.01 3697.07 3698.31 3699.26 3697.31 3690.92 3684.32 3681.8 3687.25 3693.65 3692.72 3691.14 3690.16 3685.42 3682.89 3680.98 3678.2 3681.71 3684.98 3682.76 3678.61 3679.53 3680.71 3680.46
3711.79 3710.11 3707.42 3703.35 3705.98 3707.67 3707.99 3707.8 3707.43 3706.98 3706.6 3706.57 3706.23 3706.3 3706.93 3708.39 3710.56 3712.48 3714.71 3717.49 3720.18 3709.54 3709.25 3712.41 3713.69 3713.62 3712.64 3716.51 3718.66 3720.16 3721.37 3722.43 3726.85 3731.64 3737.8 3736.75 3732.74 3728.05 3721.87 3713.5 3705.59 3703.32 3699.84 3697.26 3696.94 3696.64 3696.86 3697.19 3691.87 3686.48 3683.01 3680.81 3681.82 3684.71 3684.59 3683.9 3682.97 3681.32 3681.5 3685.22 3684.54 3685.09 3678.64 3673.57 3678.24 3679.84 3679.95
3713.85 3711.34 3708.64 3705.08 3706.07 3708.07 3708.56 3708.45 3707.98 3707.43 3706.86 3706.44 3706.06 3706.09 3706.78 3707.62 3709.13 3711.98 3716.05 3720.03 3720.65 3717.94 3715.72 3715.13 3715.7 3716.89 3717.88 3718.32 3719.38 3720.36 3720.67 3721.01 3724.36 3729.96 3733.57 3733.69 3732.66 3730.58 3727.89 3725.55 3719.71 3711.66 3704.86 3699.09 3696.88 3693.82 3690.9 3689.47 3686.36 3683.99 3682.15 3678.83 3678.47 3679.65 3679.07 3679.08 3680.73 3681.11 3681.21 3680.76 3681.25 3681.27 3679.91 3679.42 3681.46 3681.55 3681.34
3713.19 3712.64 3712.93 3713.96 3711.33 3710.58 3710.01 3709.4 3708.71 3708.18 3707.45 3706.89 3706.82 3706.4 3706.12 3706.46 3707.14 3710.43 3716.29 3722.05 3724.67 3722.06 3719.95 3718.69 3718.25 3719.31 3720.79 3720.57 3721.27 3721.97 3722.19 3721.21 3721.56 3727.65 3729.9 3731.79 3733.15 3732.69 3732.2 3731.43 3726.37 3718.79 3712.18 3705.45 3697.87 3690.97 3683.36 3676.16 3673.76 3674.96 3677.34 3679.41 3679.12 3678.06 3677.15 3677.78 3680.18 3682.97 3681.23 3679.22 3680.11 3681.91 3683.19 3686.03 3685.56 3683.7 3682.65
3710 3712.84 3715.11 3715.27 3714.88 3713.18 3711.62 3710.58 3709.5 3708.62 3707.9 3707.18 3706.75 3706.49 3706.31 3706.27 3706.59 3709.72 3715.98 3721.41 3723.95 3723.68 3722.98 3721.3 3720.47 3718.32 3719.93 3722.85 3724.17 3724.78 3725.73 3727.33 3728.14 3733.65 3736.99 3735.99 3734.29 3733.2 3733.34 3733.13 3728.61 3722.33 3717.22 3712.52 3700.9 3689.44 3677.9 3666.01 3661.73 3664.25 3671.11 3678.11 3679.4 3677.84 3675.7 3676.97 3679.58 3681.86 3681.04 3679.56 3680.75 3685.57 3688.69 3686.35 3686.12 3684.77 3683.7
3707.06 3712.52 3718.33 3720.78 3717.14 3714.29 3712.14 3710.22 3708.94 3708.06 3707.12 3706.7 3706.27 3706.08 3706.46 3706.69 3707.78 3710.8 3716.04 3720.77 3722.83 3722.69 3722.11 3723.05 3724.41 3724.88 3725.7 3726.88 3727.56 3728.11 3729.17 3732.53 3735.76 3739.43 3746.27 3737.81 3732.4 3730.43 3730.45 3731.35 3726.77 3721.62 3716.95 3709.85 3700.41 3688.79 3676.16 3664.27 3657 3658.73 3667.87 3676.45 3679.48 3678.94 3678.1 3677.93 3679.37 3680.54 3681.58 3680.85 3680.79 3681.65 3680.75 3684.41 3685.9 3685.2 3684.14
3705.91 3711.18 3716.39 3718.83 3716.63 3713.81 3711.67 3709.82 3708.6 3707.52 3707.01 3706.06 3705.41 3705.62 3705.97 3707.06 3708.98 3712.2 3716.22 3720.17 3721.76 3721.67 3721.15 3724.99 3729.26 3733.6 3732.55 3731.3 3730.9 3730.57 3730.17 3729.19 3732.44 3732.68 3729.23 3727.94 3726.42 3723.79 3722.03 3722.17 3719.96 3717.46 3714.45 3711.22 3701.45 3689.35 3677.01 3666.92 3659.07 3658.6 3669.69 3679.6 3681.85 3680.67 3678.65 3678.96 3680.05 3682.07 3684.03 3686.86 3689.42 3685.04 3677.46 3686 3687.3 3685.88 3683.06
3705.98 3709.3 3712.13 3713.79 3713.66 3712.38 3711.04 3709.83 3708.48 3707.56 3706.69 3706.25 3705.89 3705.64 3705.86 3706.89 3709.04 3712.65 3715.62 3718.28 3720.68 3721.89 3723.51 3728 3732.75 3736.09 3736.13 3735.03 3733.91 3733.07 3731.5 3728.1 3727.59 3726.35 3726.28 3724.33 3719.85 3715.56 3711.08 3708.23 3711.31 3711.98 3709.71 3706.82 3701.62 3690.25 3677.95 3666.4 3658.93 3661.35 3674.85 3684.97 3685.56 3683.31 3680.53 3679.95 3680.22 3682.08 3686.02 3690.73 3695.45 3692.37 3679.79 3684.21 3689.12 3688.29 3685.48
3706.23 3707.49 3710.16 3710.75 3710.62 3710.05 3709.44 3708.62 3708.04 3707.41 3706.77 3706.58 3706.1 3705.94 3705.67 3705.9 3707.07 3709.66 3712.5 3718.68 3719.33 3722.06 3726.06 3731.24 3735.9 3737.7 3737.87 3736.21 3734.64 3733.77 3733.76 3732.77 3725.06 3722.17 3718.51 3715.89 3712.15 3707.77 3703.12 3701.93 3705.67 3708.61 3708.76 3706.45 3702.72 3691.52 3679.32 3667.19 3658.1 3665.97 3681.31 3689.93 3688.64 3685.89 3683.59 3680.7 3681.05 3683.01 3686.55 3691.37 3696.02 3695.76 3691.93 3691.3 3692.6 3692.85 3691.68
3706.33 3705.08 3704.01 3706.28 3707.56 3708.13 3708.25 3708.01 3707.97 3707.22 3706.67 3706.39 3705.87 3705.18 3704.85 3704.63 3703.75 3702.33 3705 3709.76 3715.36 3720.72 3726.85 3733.08 3738.65 3741.14 3737.94 3735.05 3732.84 3731.6 3731.23 3728.95 3721.46 3715.36 3712.96 3708.09 3705.08 3702.22 3698.74 3698.52 3702.89 3707.2 3711.52 3711.77 3704.61 3692.04 3681.36 3672.64 3667 3671.71 3687.99 3693.79 3689.47 3683.67 3680.49 3679.44 3679.04 3681.62 3685.51 3689.96 3694.97 3695.2 3693.99 3695.17 3696.24 3697.23 3700.4
3706.8 3703.94 3701.38 3703.64 3705.82 3707.04 3707.62 3707.75 3707.74 3707.43 3706.89 3706.45 3706.01 3705.32 3704.71 3704.31 3703.3 3701.84 3702.12 3704.31 3711.8 3717.97 3724.21 3730.33 3736.17 3738.2 3734.32 3730.91 3728.2 3725.96 3723.66 3718.75 3710.73 3702.25 3699.68 3700.57 3699.7 3698.52 3698.48 3699.01 3701.34 3704.7 3707.19 3704.27 3695.98 3689.14 3682.16 3677.24 3675.52 3677.05 3690.22 3693.52 3688.47 3681.28 3678.75 3679.24 3678.09 3681.15 3684.15 3686.51 3688.73 3692.37 3695.41 3695.76 3696.6 3697.91 3698.44
