real_craters/C188-750m.grd
DSAA
231 231
-86.3975 86.3975
-86.3975 86.3975
2413.6203281702 4483.13481928
[rows 190 to 227 of 231, columns 0 to 83 of 231]
3588 3619 3645 3667 3682 3697 3703 3709 3712 3706 3700 3690 3670 3657 3649 3644 3646 3660 3667 3673 3685 3692 3729 3773 3817 3854 3851 3817 3770 3715 3682 3655 3633 3618 3617 3614 3611 3610 3610 3609 3604 3604 3603 3604 3604 3607 3616 3619 3618 3616 3616 3623 3634 3622 3607 3595 3597 3596 3597 3596 3587 3590 3594 3601 3603 3608 3619 3621 3617 3616 3614 3610 3597 3592 3591 3599 3608 3612 3613 3613 3614 3620 3614 3613
3600 3627 3653 3673 3688 3706 3697 3690 3687 3688 3683 3671 3664 3661 3659 3656 3657 3661 3682 3702 3710 3721 3753 3790 3830 3869 3857 3805 3752 3711 3677 3652 3633 3620 3619 3617 3614 3612 3609 3600 3599 3601 3601 3602 3602 3603 3608 3612 3611 3611 3612 3614 3612 3608 3595 3593 3594 3595 3596 3595 3594 3594 3600 3618 3631 3637 3623 3613 3606 3608 3610 3610 3595 3590 3585 3594 3600 3605 3607 3608 3608 3605 3608 3623
3610 3638 3662 3683 3689 3686 3680 3672 3675 3671 3662 3655 3658 3665 3670 3672 3673 3683 3706 3742 3761 3761 3781 3808 3831 3842 3813 3781 3741 3697 3668 3650 3634 3622 3618 3616 3614 3614 3611 3603 3597 3599 3605 3604 3601 3601 3602 3602 3598 3600 3604 3603 3597 3596 3596 3594 3593 3594 3596 3597 3600 3607 3606 3609 3650 3658 3628 3610 3600 3600 3603 3606 3594 3593 3596 3594 3598 3601 3602 3603 3602 3601 3604 3613
3629 3647 3664 3679 3670 3664 3664 3648 3656 3660 3656 3654 3662 3677 3688 3692 3698 3719 3754 3803 3818 3801 3800 3808 3818 3811 3784 3761 3731 3695 3670 3652 3636 3623 3617 3614 3615 3617 3615 3594 3594 3599 3602 3602 3599 3598 3599 3595 3597 3598 3600 3600 3598 3596 3596 3593 3593 3594 3599 3605 3613 3643 3622 3620 3671 3659 3621 3607 3600 3595 3593 3590 3591 3589 3591 3593 3598 3600 3602 3602 3600 3597 3598 3606
3639 3653 3658 3657 3659 3661 3663 3662 3657 3668 3673 3682 3687 3701 3714 3720 3734 3758 3794 3826 3840 3820 3809 3806 3806 3829 3795 3747 3709 3691 3675 3658 3641 3625 3618 3615 3614 3612 3616 3592 3599 3604 3606 3606 3602 3600 3601 3607 3602 3600 3600 3600 3596 3593 3596 3593 3592 3594 3597 3601 3607 3614 3623 3637 3667 3642 3620 3610 3603 3594 3586 3578 3577 3584 3588 3593 3595 3600 3602 3602 3602 3601 3599 3594
3654 3654 3654 3654 3656 3659 3664 3675 3686 3693 3705 3717 3724 3725 3741 3767 3770 3787 3811 3836 3833 3822 3809 3795 3781 3759 3759 3729 3694 3687 3680 3663 3648 3639 3630 3622 3617 3615 3621 3621 3615 3612 3610 3609 3604 3602 3602 3601 3596 3598 3602 3604 3599 3597 3598 3593 3592 3593 3595 3600 3606 3608 3636 3631 3639 3636 3624 3612 3606 3597 3587 3572 3577 3588 3593 3594 3602 3601 3603 3604 3605 3605 3601 3590
3642 3647 3647 3648 3652 3665 3677 3693 3696 3701 3708 3720 3724 3729 3744 3766 3789 3796 3807 3820 3825 3823 3812 3790 3771 3760 3750 3725 3697 3690 3691 3667 3654 3644 3639 3632 3623 3614 3614 3639 3624 3616 3612 3608 3604 3603 3602 3599 3593 3598 3605 3609 3605 3596 3595 3591 3589 3589 3593 3599 3607 3619 3636 3639 3645 3635 3617 3611 3605 3600 3596 3599 3590 3595 3596 3595 3598 3601 3603 3605 3606 3608 3605 3594
3635 3638 3641 3643 3647 3669 3677 3681 3687 3695 3704 3710 3709 3717 3730 3750 3780 3788 3798 3813 3838 3833 3816 3793 3767 3757 3753 3736 3714 3694 3675 3664 3655 3647 3642 3636 3630 3621 3593 3617 3621 3616 3612 3608 3609 3607 3604 3602 3599 3601 3605 3611 3604 3592 3595 3595 3588 3581 3589 3595 3605 3621 3627 3628 3652 3618 3610 3609 3605 3602 3602 3603 3597 3596 3594 3597 3598 3600 3602 3603 3605 3607 3604 3588
3632 3631 3632 3636 3624 3630 3652 3659 3673 3685 3691 3695 3693 3698 3711 3724 3734 3767 3792 3829 3852 3847 3832 3807 3772 3746 3780 3765 3721 3699 3676 3663 3655 3650 3644 3640 3635 3631 3622 3615 3616 3614 3611 3608 3613 3610 3604 3601 3600 3602 3602 3601 3597 3593 3595 3596 3592 3590 3590 3593 3603 3621 3627 3640 3631 3611 3616 3613 3608 3604 3603 3596 3596 3595 3597 3598 3599 3600 3601 3601 3601 3600 3597 3593
3625 3619 3615 3614 3599 3607 3631 3645 3657 3677 3673 3674 3670 3680 3695 3709 3728 3754 3782 3815 3847 3859 3849 3839 3836 3856 3848 3809 3751 3713 3687 3666 3656 3654 3651 3645 3636 3622 3614 3616 3615 3613 3609 3608 3612 3608 3602 3597 3606 3601 3597 3594 3589 3586 3589 3592 3592 3589 3593 3597 3606 3611 3643 3653 3621 3604 3614 3618 3614 3611 3604 3602 3598 3597 3602 3602 3602 3601 3600 3598 3596 3594 3593 3592
3615 3601 3590 3584 3579 3587 3610 3625 3638 3657 3658 3657 3664 3675 3686 3701 3722 3746 3771 3805 3843 3859 3858 3858 3870 3868 3836 3804 3767 3720 3681 3658 3656 3659 3660 3648 3639 3628 3618 3617 3614 3610 3607 3603 3603 3601 3597 3593 3590 3595 3592 3585 3583 3581 3584 3589 3592 3589 3596 3604 3623 3630 3642 3699 3655 3605 3624 3625 3616 3604 3603 3602 3601 3600 3604 3606 3605 3603 3601 3597 3593 3588 3582 3587
3593 3577 3561 3550 3563 3578 3588 3602 3616 3632 3643 3648 3656 3670 3687 3708 3729 3740 3758 3793 3835 3854 3854 3854 3846 3831 3818 3797 3758 3716 3679 3657 3661 3665 3659 3651 3647 3644 3646 3625 3617 3612 3608 3603 3600 3597 3594 3595 3598 3596 3592 3586 3585 3586 3588 3593 3595 3596 3603 3614 3631 3638 3645 3719 3663 3607 3644 3637 3623 3607 3604 3602 3602 3605 3604 3607 3609 3608 3604 3599 3593 3587 3581 3577
3557 3551 3540 3530 3548 3561 3559 3564 3591 3615 3628 3635 3646 3664 3695 3713 3723 3732 3745 3778 3819 3830 3838 3840 3838 3820 3806 3778 3741 3713 3689 3673 3675 3677 3668 3659 3655 3649 3621 3621 3617 3614 3609 3605 3598 3593 3590 3586 3594 3597 3595 3594 3592 3593 3595 3598 3603 3605 3605 3614 3622 3635 3648 3692 3650 3623 3651 3650 3636 3621 3614 3603 3602 3603 3606 3611 3615 3611 3606 3599 3593 3588 3580 3575
3534 3534 3532 3532 3532 3534 3542 3558 3568 3587 3606 3619 3636 3656 3683 3703 3718 3729 3737 3766 3800 3810 3820 3825 3824 3817 3789 3752 3723 3710 3702 3701 3694 3691 3684 3675 3667 3658 3635 3626 3622 3618 3613 3607 3599 3592 3588 3585 3586 3590 3595 3597 3594 3594 3599 3606 3606 3609 3603 3599 3625 3654 3662 3682 3656 3644 3662 3661 3649 3635 3622 3604 3603 3604 3609 3626 3621 3614 3606 3601 3595 3591 3589 3585
3521 3525 3527 3529 3529 3533 3543 3550 3561 3566 3579 3605 3630 3657 3686 3711 3725 3734 3752 3765 3778 3792 3811 3817 3815 3806 3779 3732 3713 3711 3711 3715 3701 3693 3690 3685 3669 3669 3646 3636 3629 3622 3616 3608 3600 3591 3586 3585 3585 3586 3589 3592 3593 3594 3599 3608 3612 3605 3594 3604 3635 3685 3702 3673 3673 3672 3675 3670 3655 3643 3629 3609 3612 3622 3634 3628 3620 3613 3607 3602 3596 3592 3588 3582
3519 3523 3526 3530 3532 3535 3547 3552 3554 3560 3570 3597 3626 3655 3680 3704 3721 3733 3750 3763 3776 3804 3815 3811 3809 3804 3789 3758 3726 3720 3712 3700 3688 3676 3670 3664 3644 3633 3655 3647 3636 3627 3620 3609 3594 3585 3584 3586 3585 3585 3587 3589 3592 3594 3595 3603 3606 3604 3598 3598 3657 3693 3685 3690 3680 3681 3679 3668 3651 3634 3616 3613 3628 3631 3632 3618 3616 3611 3606 3601 3595 3590 3584 3578
3519 3523 3528 3534 3539 3549 3549 3552 3555 3553 3564 3593 3623 3651 3667 3693 3714 3730 3739 3763 3781 3799 3804 3800 3800 3805 3797 3781 3754 3733 3715 3697 3679 3663 3648 3625 3622 3625 3645 3637 3634 3629 3622 3612 3586 3578 3587 3591 3595 3593 3590 3590 3593 3596 3599 3601 3614 3613 3621 3613 3659 3683 3665 3672 3676 3673 3665 3654 3642 3626 3612 3618 3631 3627 3620 3615 3612 3608 3602 3597 3592 3587 3580 3570
3517 3523 3530 3536 3542 3545 3550 3554 3555 3557 3566 3588 3618 3650 3672 3696 3713 3733 3753 3768 3785 3795 3792 3795 3802 3803 3796 3788 3773 3743 3716 3694 3672 3648 3646 3648 3625 3599 3612 3626 3631 3628 3621 3603 3588 3584 3599 3614 3616 3617 3601 3596 3597 3599 3601 3601 3610 3623 3629 3647 3696 3689 3676 3680 3669 3658 3652 3643 3639 3629 3610 3624 3635 3626 3624 3618 3609 3604 3600 3595 3590 3585 3580 3577
3519 3526 3532 3538 3544 3551 3557 3556 3555 3554 3554 3576 3612 3647 3669 3694 3710 3732 3754 3769 3785 3796 3789 3792 3794 3792 3790 3785 3771 3741 3711 3681 3653 3638 3641 3651 3634 3619 3620 3627 3632 3627 3621 3615 3595 3591 3614 3633 3632 3629 3623 3610 3604 3602 3600 3598 3610 3623 3645 3661 3676 3666 3681 3686 3659 3654 3652 3649 3646 3640 3628 3636 3646 3623 3617 3613 3610 3605 3599 3595 3590 3584 3581 3580
3530 3531 3532 3537 3545 3553 3555 3552 3563 3557 3557 3574 3606 3639 3656 3672 3702 3725 3745 3762 3776 3781 3776 3782 3775 3779 3781 3777 3763 3733 3700 3670 3649 3625 3630 3635 3625 3610 3621 3641 3629 3622 3616 3611 3603 3605 3625 3640 3632 3626 3620 3612 3606 3605 3605 3609 3610 3629 3669 3693 3686 3712 3705 3687 3664 3660 3661 3660 3659 3651 3643 3647 3648 3638 3613 3610 3607 3602 3598 3592 3586 3582 3578 3577
3537 3538 3533 3539 3543 3543 3544 3553 3560 3549 3548 3566 3599 3633 3649 3681 3701 3719 3736 3753 3766 3778 3777 3784 3769 3769 3769 3762 3743 3716 3686 3656 3626 3618 3624 3630 3622 3609 3614 3613 3616 3614 3611 3611 3616 3626 3626 3623 3621 3608 3602 3605 3605 3606 3608 3611 3610 3626 3653 3708 3707 3710 3719 3682 3668 3671 3675 3679 3676 3671 3665 3662 3649 3638 3619 3613 3608 3604 3598 3593 3585 3579 3573 3567
3550 3550 3552 3545 3542 3543 3541 3544 3539 3539 3539 3555 3597 3632 3653 3686 3703 3718 3732 3744 3755 3759 3762 3767 3765 3760 3758 3743 3722 3697 3672 3648 3629 3621 3620 3622 3620 3619 3613 3610 3611 3611 3611 3615 3627 3642 3634 3623 3614 3606 3600 3603 3604 3604 3605 3606 3614 3645 3653 3679 3691 3698 3730 3686 3668 3673 3685 3694 3686 3685 3694 3682 3662 3644 3632 3621 3613 3606 3601 3595 3587 3580 3573 3567
3545 3549 3552 3544 3538 3534 3524 3521 3531 3534 3549 3579 3602 3627 3657 3685 3703 3717 3728 3736 3743 3746 3746 3750 3747 3743 3735 3718 3695 3675 3661 3644 3630 3620 3615 3611 3604 3609 3610 3609 3610 3613 3613 3618 3625 3627 3618 3612 3612 3613 3612 3607 3607 3606 3606 3609 3624 3636 3638 3652 3680 3709 3731 3692 3685 3687 3693 3684 3677 3676 3703 3685 3661 3641 3635 3627 3620 3613 3607 3600 3592 3584 3576 3571
3545 3541 3540 3535 3528 3519 3516 3519 3531 3538 3558 3589 3608 3625 3666 3692 3702 3716 3724 3730 3734 3736 3739 3741 3734 3723 3708 3695 3679 3666 3653 3643 3632 3619 3614 3607 3594 3602 3610 3615 3618 3617 3617 3619 3622 3617 3603 3602 3610 3618 3611 3610 3610 3610 3610 3612 3636 3643 3643 3649 3683 3718 3725 3708 3695 3707 3702 3688 3680 3688 3687 3667 3646 3637 3638 3634 3626 3618 3610 3603 3594 3587 3580 3575
3536 3531 3527 3527 3524 3519 3524 3533 3536 3536 3561 3593 3616 3639 3675 3690 3697 3711 3717 3722 3726 3729 3733 3734 3721 3708 3693 3680 3667 3655 3649 3644 3638 3626 3616 3609 3609 3607 3613 3617 3620 3621 3624 3624 3624 3625 3611 3607 3613 3617 3611 3613 3614 3615 3616 3626 3635 3649 3640 3643 3648 3697 3734 3712 3704 3704 3694 3682 3671 3667 3667 3654 3644 3638 3642 3638 3631 3624 3616 3609 3601 3594 3586 3580
3524 3522 3521 3524 3526 3525 3533 3534 3533 3542 3560 3593 3627 3656 3679 3677 3690 3698 3709 3715 3718 3720 3723 3723 3713 3696 3679 3670 3659 3650 3647 3645 3643 3633 3619 3611 3611 3617 3614 3616 3619 3624 3624 3625 3624 3622 3630 3623 3616 3613 3623 3621 3618 3617 3618 3623 3631 3640 3648 3655 3657 3676 3703 3706 3707 3702 3693 3685 3673 3663 3664 3662 3658 3655 3652 3643 3635 3628 3620 3612 3606 3598 3591 3585
3521 3520 3523 3528 3532 3534 3531 3529 3527 3542 3557 3595 3631 3654 3674 3685 3693 3703 3707 3711 3712 3711 3706 3704 3702 3689 3674 3665 3658 3654 3647 3643 3641 3627 3616 3609 3603 3603 3610 3616 3621 3629 3634 3631 3625 3618 3615 3620 3617 3619 3623 3622 3618 3615 3615 3614 3617 3643 3664 3666 3661 3665 3679 3693 3699 3701 3701 3695 3688 3681 3677 3672 3665 3656 3651 3647 3644 3637 3629 3620 3611 3602 3594 3590
3525 3519 3531 3534 3534 3535 3523 3516 3515 3527 3545 3591 3629 3651 3671 3684 3694 3704 3707 3709 3709 3707 3700 3703 3698 3684 3672 3663 3656 3652 3642 3636 3628 3618 3613 3607 3603 3602 3608 3615 3623 3631 3640 3633 3626 3619 3617 3615 3613 3607 3617 3620 3615 3611 3609 3609 3617 3649 3668 3670 3652 3666 3679 3693 3692 3694 3703 3704 3703 3699 3693 3678 3661 3657 3657 3654 3642 3633 3623 3614 3606 3600 3596 3594
3530 3554 3548 3538 3532 3521 3515 3506 3501 3511 3542 3597 3631 3649 3677 3687 3697 3703 3706 3707 3708 3708 3708 3699 3690 3679 3668 3659 3651 3639 3635 3630 3616 3614 3611 3608 3607 3608 3612 3614 3615 3621 3627 3628 3626 3624 3624 3618 3616 3615 3614 3610 3607 3605 3603 3601 3606 3638 3657 3669 3674 3679 3691 3700 3690 3682 3695 3702 3710 3714 3719 3710 3681 3662 3667 3661 3650 3638 3627 3617 3608 3603 3598 3595
3529 3530 3537 3536 3533 3532 3522 3515 3510 3519 3560 3608 3650 3664 3679 3693 3699 3701 3704 3707 3709 3711 3713 3699 3686 3673 3662 3655 3649 3644 3640 3635 3631 3614 3615 3618 3618 3617 3617 3615 3617 3618 3620 3624 3625 3627 3623 3618 3620 3625 3608 3597 3600 3601 3599 3596 3598 3628 3648 3675 3683 3684 3687 3690 3697 3678 3682 3685 3695 3713 3716 3717 3717 3755 3694 3669 3652 3641 3630 3619 3611 3603 3599 3601
3523 3523 3529 3530 3528 3527 3528 3529 3516 3538 3583 3622 3656 3668 3680 3690 3692 3697 3704 3707 3709 3709 3706 3697 3688 3668 3656 3650 3647 3647 3643 3631 3626 3630 3630 3624 3614 3625 3624 3617 3608 3606 3617 3623 3627 3624 3622 3626 3623 3614 3609 3601 3601 3600 3599 3597 3597 3633 3644 3669 3687 3683 3684 3693 3686 3672 3665 3657 3657 3721 3686 3650 3654 3676 3680 3668 3658 3645 3631 3620 3609 3599 3592 3591
3514 3521 3532 3526 3519 3517 3522 3522 3518 3558 3604 3633 3656 3672 3685 3692 3698 3702 3705 3707 3708 3707 3703 3689 3680 3663 3651 3644 3639 3635 3629 3625 3623 3626 3626 3626 3617 3629 3631 3624 3612 3605 3617 3629 3635 3635 3636 3638 3634 3628 3618 3612 3605 3605 3606 3607 3617 3648 3671 3685 3685 3676 3673 3667 3679 3665 3650 3640 3646 3734 3674 3629 3633 3649 3670 3668 3660 3648 3636 3624 3612 3600 3589 3585
3514 3522 3526 3524 3518 3517 3520 3522 3539 3566 3612 3638 3658 3678 3689 3700 3710 3711 3710 3709 3707 3704 3698 3679 3669 3651 3644 3639 3634 3627 3621 3620 3624 3632 3641 3639 3637 3642 3641 3635 3632 3636 3637 3644 3650 3655 3654 3647 3649 3640 3624 3609 3610 3618 3625 3625 3645 3675 3699 3707 3705 3691 3677 3673 3677 3664 3647 3641 3645 3719 3666 3618 3621 3655 3657 3662 3660 3646 3633 3621 3610 3599 3589 3590
3511 3515 3521 3520 3521 3521 3522 3527 3533 3581 3619 3637 3658 3680 3694 3708 3721 3717 3712 3708 3705 3701 3694 3685 3659 3646 3641 3636 3630 3623 3617 3618 3627 3640 3649 3644 3653 3652 3651 3648 3644 3644 3657 3665 3670 3672 3673 3674 3672 3655 3630 3614 3618 3637 3659 3676 3688 3688 3702 3720 3716 3700 3687 3679 3678 3666 3646 3643 3647 3670 3688 3681 3667 3666 3653 3646 3641 3633 3633 3624 3611 3602 3596 3593
3514 3513 3515 3516 3515 3519 3523 3528 3534 3589 3620 3638 3657 3676 3698 3711 3721 3717 3711 3706 3702 3698 3688 3674 3652 3650 3644 3638 3631 3623 3612 3621 3635 3649 3658 3663 3662 3661 3660 3660 3662 3669 3683 3690 3695 3699 3706 3713 3690 3660 3633 3617 3627 3658 3695 3733 3732 3716 3711 3708 3723 3715 3702 3690 3677 3665 3656 3648 3649 3647 3649 3654 3642 3642 3642 3637 3631 3625 3620 3617 3610 3605 3603 3604
3515 3515 3515 3513 3512 3516 3523 3530 3546 3582 3614 3640 3659 3683 3699 3715 3724 3711 3707 3701 3695 3691 3679 3655 3651 3655 3650 3643 3636 3629 3628 3629 3642 3659 3673 3671 3664 3666 3670 3674 3684 3694 3709 3715 3719 3717 3723 3722 3679 3648 3632 3628 3645 3680 3720 3752 3752 3723 3727 3735 3723 3719 3704 3692 3679 3666 3661 3654 3646 3642 3642 3646 3639 3634 3634 3629 3625 3623 3619 3614 3608 3606 3606 3611
3515 3517 3513 3512 3509 3513 3520 3530 3534 3567 3601 3636 3659 3678 3696 3710 3720 3715 3703 3693 3685 3676 3668 3653 3653 3664 3654 3646 3640 3636 3634 3634 3652 3668 3683 3685 3676 3673 3666 3685 3704 3734 3735 3736 3738 3739 3723 3700 3650 3631 3630 3638 3659 3695 3737 3765 3756 3724 3724 3732 3721 3722 3716 3700 3687 3680 3668 3648 3640 3638 3647 3658 3641 3632 3630 3628 3627 3626 3621 3617 3613 3610 3613 3615
3513 3517 3519 3513 3509 3510 3514 3520 3514 3534 3579 3627 3655 3683 3693 3703 3710 3706 3695 3684 3675 3666 3655 3648 3646 3654 3649 3644 3641 3639 3643 3654 3665 3678 3687 3689 3688 3687 3692 3697 3710 3728 3745 3747 3743 3737 3705 3666 3629 3623 3631 3643 3665 3703 3744 3765 3743 3721 3724 3728 3724 3735 3692 3704 3691 3677 3665 3653 3647 3641 3644 3645 3644 3638 3634 3630 3626 3622 3618 3614 3610 3608 3607 3611
