real_craters/C188-500m.grd
DSAA
347 347
-86.3975 86.3975
-86.3975 86.3975
2413.8245056214 4498.3004742451
[rows 0 to 29 of 347, columns 0 to 66 of 347]
3849.29 3846.18 3832.14 3825.99 3827.68 3829.54 3832.97 3839.93 3845.78 3847.39 3847 3845.34 3842.74 3841.62 3842.56 3842 3842.27 3837.68 3831.52 3825.33 3820.32 3823.83 3828.35 3827.19 3821.86 3820.66 3817.63 3814.26 3811.34 3802.17 3789.59 3802.22 3802.94 3802 3798.86 3794.45 3789.33 3780.44 3781.23 3782.01 3786.66 3791.52 3791.35 3790.9 3789.82 3789.74 3789.74 3790.77 3795.92 3796.81 3802.07 3808.8 3811.34 3813.69 3820.26 3830.13 3842.68 3845.12 3839 3830.98 3824.26 3823.94 3837.01 3833.65 3825.11 3818.67 3812.74
3858.78 3852.16 3844.45 3839.05 3837.89 3838.83 3844.96 3855.77 3853.8 3852.84 3851.87 3850.99 3851.52 3854.99 3855.62 3859.53 3859.92 3850.19 3841 3832.89 3826.83 3827.16 3829.64 3830.78 3830.91 3827.15 3823.48 3821.32 3820.89 3813.66 3797.31 3802.48 3807.73 3806.75 3803.84 3800.24 3794.29 3782.47 3781.64 3784.11 3785.83 3788.32 3791.69 3788.28 3791.02 3790.84 3790.88 3792.07 3793.99 3796.39 3802.27 3809.53 3818.08 3818.2 3823.88 3832.26 3839.9 3846.61 3842.77 3835.75 3828.47 3825.99 3831.3 3833.12 3828.46 3821.41 3813.97
3868.31 3863.36 3854.84 3850.66 3850.38 3851.83 3857.12 3860.5 3859.54 3857.8 3856.73 3856.1 3856.19 3858.66 3862.64 3868.09 3866.64 3858.23 3849.81 3841.58 3835.75 3831.87 3830.02 3831.56 3832 3829.68 3827.03 3824.85 3822.67 3819.47 3829.51 3823.38 3816.77 3813.13 3810.89 3807.4 3802.81 3782.63 3786.54 3785.46 3787.79 3795.85 3796.34 3798.77 3793.73 3792.19 3792.44 3792.12 3793.8 3796.24 3802.19 3809.43 3816.25 3821.88 3830.56 3842.16 3851.05 3852.4 3848.34 3842.54 3836.65 3833.28 3836.92 3835.98 3830.55 3823.31 3815.07
3879.03 3879.26 3867.67 3864.43 3863.88 3863.24 3861.43 3861.88 3864.11 3863.41 3861.43 3859.39 3857.96 3857.86 3864.12 3870.31 3866.77 3863.22 3857.54 3851.09 3844.02 3838.36 3831.1 3831.68 3832.24 3830.59 3828.74 3827.32 3827.23 3829.03 3833.85 3830.08 3823.77 3819.3 3816.42 3813.66 3807.4 3796.47 3818.51 3794.48 3794.36 3798.18 3797.2 3792.78 3792 3793.38 3795.4 3797.03 3796.72 3802.93 3805.21 3812.57 3826.85 3835.63 3843.06 3854.16 3864.98 3859.82 3855.46 3851.28 3847.7 3846.87 3848.18 3841.66 3833.08 3824.41 3815.55
3886.81 3885.09 3882.4 3880.03 3877.79 3876.44 3876.03 3874.61 3871.08 3869.3 3866.77 3864.32 3860.96 3856.97 3862.52 3870.16 3870.44 3867.51 3863.47 3859.78 3853.86 3845.06 3836.01 3831.5 3830.23 3829.2 3827.65 3826.7 3826.86 3827.47 3829.32 3827.5 3824.7 3821.62 3819.57 3818.9 3821.5 3821.61 3823.15 3821.58 3808.03 3801.48 3798.55 3794.63 3793.7 3795.8 3796.64 3796.44 3801.39 3804.32 3811.05 3821.69 3835.44 3847.78 3856.38 3862.68 3866.54 3864.58 3860.75 3858.21 3857.99 3856 3853.16 3844.48 3834.82 3825.21 3815.96
3892.86 3897.71 3902.75 3894.64 3889.48 3887.75 3884.62 3879.63 3878.21 3876.25 3874.14 3871.15 3868.2 3865.41 3867.12 3870.54 3872.87 3870.56 3867.03 3863.27 3857.01 3847.43 3836.76 3830.87 3828.62 3827.58 3826.62 3825.84 3825 3823.63 3822.53 3823.64 3823.7 3822.59 3820.83 3820.44 3821.65 3827.84 3826.99 3817.74 3809.09 3806.51 3806.4 3801.85 3800.83 3801.67 3800.84 3802.37 3808.64 3814.42 3820.69 3823.95 3835.26 3848.44 3863.21 3867.6 3870.27 3867.65 3863.88 3861.05 3860.97 3858.35 3852.08 3844.89 3835.73 3825.3 3815.85
3895.74 3900.13 3900.53 3898.08 3895.08 3893.8 3893.26 3882.82 3883.63 3883.78 3881.8 3879.45 3877.57 3876.8 3877.85 3878.03 3876.24 3872.67 3868.07 3863.41 3857.24 3848.74 3836.25 3829.79 3827.99 3826.41 3826.04 3825.65 3825.07 3823.11 3821.16 3820.67 3820.66 3820.89 3820.95 3821.52 3824.45 3831.07 3835 3830.91 3815.68 3811.61 3810.31 3811.31 3813.24 3812.11 3811.19 3809.15 3816.38 3823.43 3828.01 3834.09 3841.97 3851.01 3858.62 3867.16 3870.13 3869.14 3863.92 3858.94 3854.88 3854 3850.39 3845.5 3836.4 3825.33 3815.21
3893.66 3895.02 3894.67 3897.54 3896.03 3893.02 3889.36 3889.39 3895 3891.91 3888.33 3885.95 3885.86 3889.37 3890.32 3887.74 3881.4 3873.47 3866.73 3861.8 3856.86 3847.69 3833.49 3826.27 3825.68 3825.06 3825.1 3825.31 3825.75 3826.57 3820.82 3818.9 3819.43 3820.29 3820.96 3822.77 3825.95 3832.11 3837.46 3837.15 3831.99 3824.51 3814.3 3820.87 3824.53 3822.42 3821.29 3822.2 3825.29 3831.56 3838.83 3845.62 3851.72 3856.5 3864.72 3867.18 3868.51 3867.85 3862.17 3855.76 3850.02 3851.12 3853.67 3849.27 3838.25 3826.27 3814.93
3891.9 3894.35 3899.74 3898.52 3896.41 3893.3 3891.94 3901.01 3903.75 3896.84 3892.1 3889.98 3889.5 3891.46 3891.52 3888.87 3882.24 3871.86 3862.09 3854.81 3854.36 3851.85 3836.39 3825.12 3823.64 3823.41 3823.7 3824.32 3825.1 3823.7 3817.85 3818.18 3819.52 3820.98 3822.47 3824.42 3828.5 3833.61 3836.28 3837.44 3839.01 3836.65 3833.28 3830.55 3829.7 3830.3 3829.91 3829.4 3832.65 3839.65 3847.87 3855.56 3860.8 3865.45 3867.77 3868.47 3867.04 3863.87 3859.53 3853.51 3848.18 3848.9 3852.9 3851.31 3840.35 3827.09 3814.61
3890.81 3891.72 3895.18 3898.5 3897.52 3895.83 3891.88 3891.31 3900.32 3894.81 3890.52 3888.99 3888.31 3887.56 3887.9 3892.38 3880.79 3867.73 3855.56 3845.94 3849.01 3847.98 3836.78 3828.01 3823.81 3822.41 3822.24 3822.66 3823.37 3822.39 3818.99 3818.96 3820.92 3823.21 3825.22 3826.21 3830.28 3837.55 3842.51 3842.37 3842.51 3842.05 3839.85 3838.05 3837.76 3837.95 3836.7 3830.78 3838.54 3845.92 3853.54 3858.98 3862.01 3865.61 3868.06 3866.99 3865.36 3862.99 3857.58 3852.57 3850.93 3850.87 3854.46 3854.43 3841.98 3827.91 3814.83
3890.85 3887.31 3892.26 3895.46 3896.82 3900.64 3899.35 3888.29 3886.76 3886.73 3885.85 3885.07 3885.32 3885.41 3887.56 3887.89 3876.36 3862.82 3849.44 3840.22 3843.43 3843.53 3834.25 3827.63 3823 3821.53 3821.1 3820.8 3821.1 3820 3818.94 3820.3 3823.3 3826.96 3830.61 3833.74 3837.89 3843.53 3848.37 3847.18 3845.78 3844.43 3841.68 3842.84 3844.44 3843.37 3842.85 3843.82 3845.9 3850.39 3854.79 3857.7 3859.32 3857.66 3863.4 3867.81 3863.16 3857.83 3853.41 3850.02 3847.25 3846.22 3851.47 3852.27 3842.53 3829.18 3816.21
3895.94 3892.18 3890.67 3892.19 3894.29 3893.31 3889.16 3881.21 3876.98 3878.56 3880.33 3881.68 3882.08 3882.66 3881.98 3879.29 3870.18 3857.32 3844.22 3836.14 3838.02 3837.55 3832.37 3825.79 3821.64 3820.54 3819.84 3819.34 3818.74 3818.7 3818.51 3821.04 3825.78 3831.22 3836.95 3843.2 3846.47 3848.89 3851.07 3850.06 3848.98 3847.88 3848.31 3848.42 3847.19 3844.77 3840.82 3851.11 3851.79 3853.82 3856.08 3857.36 3857.27 3858.98 3864.44 3867.94 3860.38 3854.63 3850.5 3847.34 3845.37 3845.22 3848.82 3851.6 3842.71 3831.67 3820.7
3906.19 3907.83 3897.18 3892.56 3894.74 3895.82 3888.88 3878.57 3873.39 3873.14 3875.65 3877.27 3878.58 3879.43 3878.33 3875.84 3864.95 3852.58 3840.68 3833.73 3834.93 3833.64 3831.42 3825.57 3822.01 3821.21 3820.97 3819.8 3816.92 3816.92 3818.56 3822.67 3827.88 3833.94 3840.97 3848.11 3850.99 3852.26 3851.5 3852.32 3851.54 3848.7 3849.54 3850.17 3851.46 3849.98 3847.11 3852.79 3854.62 3856.52 3858.32 3858.38 3856.35 3855.82 3856.58 3858.12 3856.78 3852.83 3848.4 3844.39 3842.2 3842.78 3845.37 3846.75 3842.02 3834.61 3828.09
3917.41 3919.09 3908.95 3899.86 3899 3895.49 3890.27 3880.79 3869.57 3872.56 3874.98 3874.78 3874.64 3874.91 3876.45 3868.62 3858.83 3848.79 3838.24 3833.28 3837.27 3836.95 3832.11 3827.32 3823.61 3822.81 3823.72 3824.32 3820.68 3814.02 3822.12 3825.81 3830.55 3836.41 3843.21 3850.69 3852.89 3854.35 3855.43 3853.82 3853.33 3852.77 3850.9 3849.32 3851.56 3851.22 3845.79 3852.17 3856.02 3858.68 3860.93 3861.95 3858.06 3855.5 3855.07 3857.82 3854.61 3849.77 3845.62 3843.21 3840.49 3838.69 3841.96 3843.66 3841.7 3837.57 3833.17
3923.44 3930.64 3920.41 3912.7 3908.05 3902.59 3893.84 3887.83 3885.2 3879.84 3876.8 3873.91 3870.85 3866.53 3858.46 3856.21 3853.11 3847.25 3841.36 3837.66 3837.17 3836.19 3833.23 3827.05 3822.76 3824.32 3827.89 3832.89 3839.95 3845.71 3833.98 3830.51 3833.49 3837.92 3842.6 3847.23 3851.12 3853.64 3853.52 3850.62 3851.02 3851.36 3850.04 3848.41 3849.43 3847.81 3850.7 3854.5 3857.81 3860.39 3862.3 3863.21 3860.85 3858.43 3853.61 3855.96 3852.61 3847.84 3843.76 3842.21 3840.74 3839.79 3840.22 3841.74 3841.18 3840.64 3840.44
3928.67 3915.62 3931.95 3936.72 3918.74 3897.24 3896.93 3894.53 3891.95 3886.3 3880.18 3874.37 3868.68 3862.37 3857.83 3854 3850.83 3846.18 3841.78 3837.96 3835.14 3834.23 3834.11 3828.07 3822 3825.74 3831.3 3838.54 3848.61 3855.72 3843.86 3835.71 3836.52 3839.26 3841.97 3843.66 3848.86 3851.93 3851.68 3847.95 3847.46 3847.89 3848.16 3850.48 3850.39 3852.17 3853.4 3857.51 3860.18 3862.1 3863.15 3862.42 3863.73 3862.78 3863.56 3858.44 3851.61 3846.71 3841.85 3838.2 3838.82 3839.38 3838.45 3837.54 3838.51 3842.23 3846.49
3942.84 3952.87 3946.34 3941.92 3928.03 3911.62 3903.69 3898.94 3896.83 3888.6 3882.95 3877.57 3870.17 3861.81 3859.29 3856.67 3852.05 3845.93 3839.46 3835.51 3833.29 3831.68 3831.32 3827.49 3824.45 3827.64 3833.49 3840.06 3845.73 3851.15 3846.01 3839.98 3839.48 3841.37 3844.18 3846.74 3848.53 3850.02 3848.71 3843.69 3846.36 3846.42 3847.96 3850.31 3851.81 3852.72 3859.36 3861.36 3862.63 3863.92 3864.9 3865.95 3865.09 3863.86 3862.69 3858.94 3852.42 3846.47 3842.48 3838.68 3838.83 3839.19 3836.95 3834.05 3834.93 3842.41 3847.05
3943.44 3950.82 3950.27 3945.89 3934.95 3922.07 3909.35 3900.44 3891.48 3887.28 3886.18 3882.1 3874.92 3865.15 3862.43 3863.91 3855.84 3848.83 3839.47 3836.06 3828.88 3828.71 3828.27 3827.01 3825.39 3830.14 3835.31 3841.51 3848.37 3850.55 3846.67 3842.06 3841.54 3843.07 3846.19 3848.7 3848.49 3847.96 3846.37 3844.66 3843.92 3846.58 3849.26 3852.01 3854.97 3857.82 3862.77 3864.47 3864.81 3865.27 3865.84 3866.11 3865.29 3864.1 3863.1 3857.24 3851.93 3844.82 3839.16 3836.08 3839.1 3839.38 3836.09 3832.9 3833.85 3843.29 3852.48
3935.48 3938.79 3948.52 3950.55 3939.77 3921.71 3912.85 3902.77 3894.56 3898.32 3893.03 3888.56 3884.41 3880.01 3873.88 3862.1 3860.81 3854.7 3850.34 3841.08 3833.21 3830.65 3830.6 3830.38 3831.76 3832.7 3835.99 3841.01 3848.11 3850.84 3846.54 3843.05 3842.32 3844.14 3846.64 3848.21 3848.32 3847.93 3846.7 3845.26 3846.49 3849.11 3851.82 3855.37 3860.25 3867.05 3868.33 3866.51 3865.96 3865.83 3865.73 3865.6 3864.19 3860.8 3853.41 3847.29 3845.21 3841.54 3836.74 3832.62 3840.47 3839.56 3834.88 3832.15 3834.08 3841.31 3852.96
3935.09 3941.23 3946.53 3951.19 3946.51 3931.63 3918.01 3905.9 3897.84 3896.68 3893.72 3892.92 3893.1 3890.63 3878.99 3875.25 3868.82 3861.76 3856.14 3846.76 3837.37 3836.45 3833.67 3834.34 3832.84 3833.54 3836.27 3839.24 3841.38 3847.11 3844.16 3841.13 3841.46 3844.45 3847.53 3849.01 3848.52 3847.51 3847.11 3847.01 3848.1 3852.35 3857.48 3863.73 3868.06 3867.2 3865.11 3865.51 3865.59 3865.44 3865.07 3863.86 3860.8 3857.38 3854.1 3843.16 3841.05 3839 3837.1 3833.76 3834.84 3834.59 3831.58 3829.13 3827.83 3833.71 3835.83
3930.07 3935.32 3941.8 3947.17 3948.83 3939.54 3922.24 3907.85 3895.84 3885.7 3889.89 3894.01 3895.96 3896.63 3877.02 3877.01 3872.74 3865.23 3859.99 3853.75 3848.43 3846.51 3845.6 3840.45 3837.08 3835.68 3837.56 3840.82 3843.38 3843.46 3841.82 3839.39 3840.49 3844.9 3848.58 3850.3 3849.93 3847.58 3849.02 3851.74 3855.51 3859.59 3864.57 3868.3 3867.23 3865.54 3865.38 3865.21 3865.04 3864.59 3863.99 3862.58 3862.57 3852.84 3849.51 3841.89 3839.31 3839.05 3835.2 3828.53 3826.88 3828.03 3827.85 3826.64 3825.78 3829.48 3832.98
3925.64 3930.39 3937.01 3938.75 3934.85 3933.49 3921.54 3908.88 3897.09 3889.76 3894.12 3894.22 3890.64 3881.77 3863.85 3867.32 3866.13 3862.37 3859.47 3862.03 3861.61 3858.49 3852.74 3847.33 3841.23 3839.26 3840.36 3842.29 3844.02 3843.17 3841.21 3839.66 3841.3 3845.69 3851.65 3852.85 3852.65 3854.36 3853.54 3854.76 3856.93 3860.32 3865.98 3868.67 3870.01 3868.85 3866.94 3865.64 3865.08 3864.59 3863.55 3861.19 3856.2 3850.18 3849.89 3851.64 3849.61 3842.93 3837.35 3832.43 3825.28 3825.94 3825.88 3825.59 3826.5 3828.12 3828.82
3934.62 3934.59 3936.57 3936.84 3936.67 3929.18 3920.25 3910.83 3902.62 3895.53 3902.13 3894.83 3884.03 3870.6 3863.56 3862.62 3860.87 3858.51 3861.84 3872.03 3875.05 3870.57 3865 3854.88 3847.37 3844.1 3845.11 3845.48 3844.92 3844.07 3841.43 3838.5 3837.62 3844.43 3851.39 3852.78 3852.78 3853.08 3854.93 3856.38 3858.23 3861.23 3864.71 3867.55 3868.83 3874.39 3867.35 3866.36 3865.9 3865.28 3864.31 3862.73 3860.08 3856.52 3854.95 3855.47 3852.61 3845.34 3838.16 3833.68 3831.29 3827.66 3825.47 3824.46 3824.6 3825.96 3826.71
3943.79 3940.39 3938.73 3937.84 3934.17 3927.53 3920.39 3913.77 3909.72 3908.95 3907.6 3894.45 3880.33 3873.02 3870.11 3860.57 3854.96 3859.23 3868.07 3877.96 3879.58 3873.48 3867.37 3859.15 3853.26 3849.57 3853.68 3854.1 3851.55 3847.14 3842.97 3839.03 3837.39 3841.37 3846.9 3848.2 3849.98 3853.23 3854.69 3857.51 3861.38 3863.3 3865.98 3868.15 3869.73 3871.74 3869.67 3867.72 3866.71 3866.06 3865.53 3865.26 3866.17 3864.16 3860.07 3851.12 3847.24 3843.56 3838.7 3835.32 3834.14 3828.87 3824.68 3822.04 3821.28 3823.61 3827.27
3940.43 3939.5 3939.46 3939.58 3938.77 3928.06 3921.64 3916.05 3912.69 3911.44 3902.39 3892.25 3881.09 3872.82 3870.07 3861.72 3859.44 3864.02 3871.34 3877 3875.08 3865.83 3860.39 3859.39 3860.2 3864.82 3863.2 3865.17 3856.58 3850.29 3845.1 3840.94 3839.08 3837.38 3838.13 3841.31 3844.41 3847.47 3852.1 3856.35 3860.4 3864.75 3866.86 3868.96 3868.71 3869.81 3869.33 3868.37 3867.43 3866.4 3866.19 3866.12 3865.98 3865.61 3860.12 3851.96 3846.5 3842.48 3840.37 3837.36 3834.38 3828.79 3823.91 3820.38 3818.19 3821.43 3829
3934.11 3936.31 3939 3941.11 3938.89 3928 3922.4 3917.21 3911.74 3905.25 3892.55 3889.43 3884.69 3878.86 3869.13 3862.45 3855.54 3863.33 3867.55 3868.71 3865.99 3859.95 3856.61 3857.07 3859.21 3863.68 3863.31 3862.84 3858.33 3853.05 3847.2 3842.1 3838.31 3833.43 3830.99 3836.2 3840.48 3844.86 3849.58 3854.45 3859.25 3862.6 3864.78 3866.5 3866.64 3868.94 3869.41 3868.93 3868.22 3867.85 3867.29 3866.47 3865.01 3864.72 3853.38 3852.1 3847.49 3842.51 3839.75 3836.88 3832.28 3826.71 3822.52 3819.12 3816.87 3820.48 3831.74
3930.15 3934.22 3938.38 3942.31 3943.29 3931.42 3924.39 3917.4 3910.08 3901.69 3897.45 3889.99 3879.28 3870.79 3867.22 3865.34 3865.76 3866 3864.17 3857.78 3858.77 3857.3 3854.76 3853.24 3852.19 3851 3854.87 3865.03 3865.67 3855.52 3848.63 3842.44 3836.23 3832.73 3832.95 3835.11 3839.35 3843.76 3848.22 3852.67 3857.11 3860.95 3863.94 3863.58 3864.25 3867.68 3868.63 3868.93 3868.54 3868.19 3868.16 3866.98 3865.83 3864.82 3859.72 3856.16 3853.7 3845.65 3839.06 3832.35 3823.61 3823.59 3820.32 3818.3 3816.52 3820.92 3833.54
3934.54 3934.75 3937.07 3938.94 3938.54 3934.15 3925.02 3917.34 3910.31 3902.82 3891.9 3886.4 3878.21 3868.85 3867.35 3867.69 3870.41 3869.09 3862.09 3860.05 3857.38 3855.64 3852.44 3849.94 3847.61 3844.9 3849.77 3855.56 3858.12 3854.31 3849.15 3843.9 3838.08 3832.6 3831.37 3836.53 3840.45 3844.16 3848.06 3850.82 3853.28 3858.97 3865.43 3861.17 3860.56 3864.48 3866.65 3867.95 3867.88 3867.74 3867.74 3868.25 3868.05 3865.27 3864.54 3863.39 3860.18 3852.64 3838.05 3833.36 3830.23 3825.56 3821.15 3819.24 3817.55 3819.65 3827.33
3937.83 3937.07 3936.3 3935.11 3933.5 3927.75 3923.47 3916.4 3909.23 3903.87 3906.12 3883.86 3879.37 3869.11 3867.3 3866.41 3866.36 3856.59 3858.37 3860.27 3855.1 3851.21 3848.72 3847.14 3846.77 3848.85 3851.24 3851.4 3850.99 3851.83 3849.57 3846.13 3842.42 3838.96 3838.19 3841.7 3844.43 3847.09 3849.4 3850.08 3849.9 3852.02 3856.82 3857.44 3857.51 3859.9 3863.14 3866.86 3866.35 3866.72 3868.26 3870.24 3872.47 3873.88 3871.32 3871.71 3869.75 3854.46 3837.78 3833.42 3830.2 3826.59 3823.52 3821.37 3820.98 3822.35 3823.05
3948.42 3941.55 3937.11 3933.68 3930.43 3928.68 3921.98 3914.97 3907.46 3897.81 3881.23 3875.6 3876.1 3869.38 3865.43 3862.85 3857.12 3854.76 3856.42 3856.42 3850.01 3841.78 3844.32 3845.13 3845.67 3846.96 3848.71 3851.41 3849.97 3851.4 3851.47 3850.43 3847.67 3843.48 3846.71 3850.64 3854.74 3854.99 3853.2 3851.46 3849.57 3847.98 3848.44 3851.1 3854.96 3854.16 3857.72 3860.62 3862.44 3864.39 3866.71 3869.71 3874.47 3878.38 3878.13 3877.05 3869.43 3850.38 3835.69 3832.63 3830.25 3827.53 3824.91 3823.29 3822.82 3821.22 3845.59
