real_craters/C188-500m.grd
DSAA
347 347
-86.3975 86.3975
-86.3975 86.3975
2413.8245056214 4498.3004742451
[rows 60 to 89 of 347, columns 201 to 267 of 347]
3908.31 3910.3 3912.33 3916.1 3910.36 3928.78 3931.23 3919.52 3912.23 3920.38 3931.92 3942.5 3934.98 3936.76 3933.96 3912.09 3921.52 3905.02 3897.53 3889.48 3882.58 3881.2 3886.97 3895.72 3902.65 3908.4 3904.57 3933.94 3948.05 3956.89 3968.65 3978.53 3972.12 3953.44 3944.62 3941.65 3938.33 3937.43 3933.44 3933.27 3943.69 3939.17 3915.8 3894.89 3876.85 3871.4 3870.12 3872.67 3875.28 3878 3880.67 3882.53 3873.14 3864.34 3857.4 3857.42 3857.09 3858.08 3861.49 3865.71 3870.39 3875.78 3886.45 3903.42 3897.05 3888.81 3883.99
3892.93 3890.37 3885.05 3881.56 3899.83 3923.89 3925.51 3910.93 3898.77 3907.68 3919.39 3925.95 3914.96 3913.65 3907.88 3893.89 3908.51 3893.47 3882.57 3870.51 3862.42 3859.15 3866.41 3877.04 3886.81 3895.99 3903.93 3916.48 3931.08 3941 3950.97 3958.49 3934.47 3921.9 3916.29 3916.38 3927.77 3928.5 3924.46 3921.12 3929.13 3922.34 3905.62 3888.01 3875.2 3874.44 3874.42 3871.87 3871.3 3872.31 3872.8 3870.46 3868.32 3865.45 3873.6 3866.68 3861.59 3858.48 3859.51 3866.73 3874.15 3880.88 3890.91 3895.25 3898.28 3894.45 3891.48
3882.64 3877.54 3870.19 3860.86 3883.37 3904.77 3910.82 3908.11 3907.19 3898.18 3898.82 3901.85 3887.95 3880.78 3871.22 3871.76 3890.77 3883.29 3867.18 3850.85 3837.84 3840.15 3848.86 3858.29 3868.04 3877.54 3878.48 3895.34 3913.12 3929.86 3930.57 3920.41 3896.58 3889.09 3894.23 3899.5 3908.05 3912.25 3911.94 3908.35 3903.09 3895.73 3889 3881.16 3868.83 3870.75 3871.58 3866.99 3865.16 3864.96 3865.07 3862.65 3858.25 3860.73 3862.39 3866.76 3864.67 3861.23 3862.35 3870.26 3878.38 3885.72 3890.76 3890.66 3894.52 3896.59 3896.34
3874.43 3871.76 3869.36 3871.45 3884.18 3885.8 3890.22 3893.8 3891.08 3879.89 3874.22 3867.2 3860.4 3855.07 3849.47 3874.43 3871.45 3864.83 3850.84 3834.29 3823.15 3827.16 3833.92 3841.06 3847.56 3851.99 3857.38 3872.24 3887.8 3902.42 3897.21 3886.49 3876.58 3878.3 3875.23 3876.52 3886.37 3892.63 3895.07 3889.62 3876.27 3873.84 3872.32 3871.7 3861.74 3854.32 3856.98 3857.32 3856.82 3856.28 3855.5 3857.61 3851.01 3854.16 3859.18 3866.9 3868.18 3867.01 3869.31 3874.67 3879.4 3884.75 3889.7 3894.62 3894.85 3898.34 3900.36
3866.03 3869.56 3872.6 3875.49 3873.34 3865.93 3876.45 3878.14 3871.64 3866.37 3855.54 3838.26 3835.23 3843.99 3854.25 3843.05 3836.53 3843.93 3836.1 3822.26 3813.05 3818.82 3821.33 3824.76 3827.26 3825.4 3837.01 3847.66 3855.52 3857.21 3854.34 3850.2 3848.9 3853.34 3856.81 3862.92 3869.08 3876.42 3872.36 3866.23 3860.43 3857.12 3855.9 3850.95 3843.37 3838.05 3844.41 3844.96 3845.68 3845.6 3843.44 3838.95 3845.4 3854.32 3864.36 3867.75 3872.01 3876.19 3876.37 3879.92 3882.5 3884.79 3887.05 3892.3 3897.53 3898.89 3901.63
3856.6 3865.03 3875.14 3880.68 3884 3890.66 3870.22 3865 3865.15 3866.23 3843.38 3825.66 3823.26 3833.52 3849.7 3842.95 3830.16 3826.89 3823.85 3815.82 3809.71 3804.87 3808.09 3810.68 3811.73 3809.83 3815.46 3825.54 3834.66 3836.32 3826.26 3827.17 3839.62 3839.86 3841.16 3838.07 3847.62 3851.75 3849.39 3840.85 3837.88 3843.17 3845.82 3839.52 3837.07 3831.67 3831.57 3834.76 3837.42 3839.38 3838.8 3836.31 3840.35 3855.6 3862.9 3862.9 3866.26 3884.1 3874.5 3872.35 3899.54 3883.21 3876.79 3876.45 3892.07 3897.83 3901.01
3848.63 3857.94 3868.7 3874.32 3870.34 3856.53 3853.84 3846.69 3839.57 3834.97 3828.92 3823.19 3817.44 3820.82 3834.49 3832.7 3835.28 3822.79 3812.61 3807.33 3802.65 3798.31 3798.2 3799.46 3799.3 3792.29 3792.85 3808.6 3821.75 3829.11 3832.27 3842.88 3827.13 3830.56 3832.88 3834.52 3835.11 3831.81 3828.02 3823.34 3824.28 3832.22 3839.94 3841.63 3830.11 3822.73 3823.05 3824.89 3829.31 3834.92 3840.64 3847 3853.15 3855.9 3857.67 3852.56 3844.05 3828.06 3838 3838.56 3835.26 3854.82 3865.41 3870.4 3887.14 3896.08 3899.96
3837.11 3843.92 3847.53 3852.52 3855.22 3852.77 3837.63 3828.03 3816.2 3815.05 3815.39 3815.22 3814.91 3814.26 3820.8 3820.77 3824.38 3810.36 3801.88 3796.61 3794.4 3792.35 3790.77 3790.46 3789.36 3780.68 3782.97 3798.87 3811.5 3823.25 3833.12 3840.2 3834.99 3828.24 3828.41 3830.99 3828.01 3821.34 3818.05 3817.99 3819.37 3822.54 3826.55 3823.95 3814.91 3801.1 3808.39 3813.73 3821.86 3832.45 3844.2 3855.91 3858.2 3851.71 3850.59 3844.91 3829.1 3816.54 3814.68 3814.69 3818.55 3838.97 3860.97 3878.16 3889.79 3895.08 3898.46
3829.68 3834.97 3835.93 3836.32 3832.36 3819.93 3821.75 3817.47 3811.42 3808.91 3803.85 3801.83 3799.54 3804.62 3807.25 3806.1 3801.15 3796.99 3795.72 3794.8 3792.91 3788.21 3784.33 3782.25 3778.1 3772.52 3779.43 3794.99 3814.2 3821.02 3828.88 3826.84 3830.21 3822.7 3822.03 3821.97 3820.65 3816.78 3816.01 3814.3 3810.36 3810.56 3813.54 3811.44 3804.97 3802.08 3794.29 3801.2 3813.99 3828.46 3844.15 3853.33 3852.04 3848.16 3850.24 3847.22 3827.08 3806.04 3812.19 3807.54 3812.1 3836.4 3860.9 3877.62 3886.4 3892.32 3895.96
3822.66 3829.09 3837.37 3829.62 3825.07 3819.86 3815.18 3811.29 3809.33 3797.48 3792.51 3793.02 3795.21 3790.14 3794.97 3799.2 3795.56 3787.66 3789.86 3807.52 3795.39 3787.16 3782.13 3774.8 3769.22 3761.87 3771.45 3787.05 3806.68 3807.45 3798.95 3792.62 3797.06 3808.54 3813.13 3816.58 3818.79 3818.34 3819.52 3814.29 3803.88 3797.1 3789.65 3792.19 3794.59 3790.14 3782.02 3791.21 3807.09 3822.32 3834.13 3840.59 3844.89 3845.79 3849.16 3854.52 3856.99 3850.29 3840.62 3823.9 3817.75 3848.22 3867.16 3877.75 3881.07 3889.34 3892.75
3816.81 3822.36 3818.17 3819.32 3810.44 3807.49 3807.73 3804.57 3797.65 3784.72 3786.3 3785.86 3785.21 3774.16 3784.67 3789.42 3788.58 3781.14 3780.61 3787.28 3787.26 3778.97 3769.36 3765.56 3765 3755.28 3764 3772.98 3779.02 3787 3786.98 3789.89 3796.74 3801.68 3804.32 3805.84 3807.65 3810.43 3811.32 3810.79 3794.64 3785.89 3782.18 3782.17 3785.39 3789.32 3777.13 3787.95 3801.9 3816.92 3832.22 3840.81 3837.33 3836.41 3844.02 3853.94 3878.8 3888.06 3876.53 3892.72 3888.22 3873.4 3878.47 3886.82 3889.65 3891.22 3890.74
3810.89 3821.04 3830.6 3816.98 3809.74 3809.72 3806.92 3800.91 3793.24 3788.42 3784.79 3779.01 3775.05 3773.25 3779.42 3785.45 3784.93 3778.41 3777.99 3784.17 3778.74 3771.46 3762.61 3753.49 3748.31 3760.13 3761.95 3763.52 3767.22 3775.69 3777.75 3790.19 3798.99 3796.98 3795.78 3792.83 3787.49 3794.12 3789.58 3786.39 3780.83 3773.55 3768.42 3772.77 3776.79 3774.57 3775.84 3786.67 3797.83 3810.99 3819.49 3829.05 3837.52 3837.51 3843.16 3851.14 3862.1 3872.72 3877.85 3882.14 3886.8 3882.48 3884.72 3890.54 3894.51 3889.17 3887.94
3802.48 3812.2 3817.59 3810.16 3802.17 3801.42 3801.25 3797.02 3794.86 3795.91 3777.3 3772.67 3768.45 3770.79 3777.51 3782.78 3782.33 3776.5 3771.54 3772.77 3771.31 3766.29 3759.25 3746.13 3731.78 3758.79 3757.53 3756.51 3762.01 3776.09 3784.23 3787.31 3791.02 3790.41 3788.61 3787.2 3788.64 3783.7 3775.66 3777.04 3770.94 3763.74 3758.94 3765.18 3772.06 3779.35 3774.6 3781.96 3793.18 3806.16 3821.8 3827.08 3836.9 3840.01 3845.87 3853.51 3855.43 3861.69 3865.53 3862.42 3869.98 3876.75 3881.9 3887 3885.14 3880.93 3883.22
3791.47 3796.29 3796.85 3793.96 3787.88 3788.07 3790.12 3789.07 3788.7 3781.82 3773.54 3770.43 3768.04 3771.19 3775.57 3782.34 3781.96 3774.92 3769.13 3766.36 3766.25 3762.66 3755.28 3749.64 3745.9 3748.71 3750.91 3750.97 3758.07 3777.27 3784.75 3786.27 3784.1 3782.32 3780.82 3780.58 3782.59 3779.83 3771.05 3770.32 3765.65 3759.83 3757.42 3761 3766.69 3773.12 3771.34 3777.79 3789.86 3799.12 3801.91 3817.98 3830.68 3837.83 3847 3856.95 3862.42 3861.28 3859.61 3857.71 3861.01 3866.64 3872.81 3880.48 3882.7 3881.92 3877.33
3782.26 3784.87 3784.46 3780.73 3776.7 3774.41 3771.95 3780.68 3783.94 3784.08 3776.67 3772.4 3771.13 3773.57 3778.89 3782.47 3777.1 3769.55 3765.8 3766.43 3765.13 3763.27 3759.12 3754.89 3750.41 3743.62 3746.41 3749.77 3757.47 3768.31 3772.58 3771.42 3772.65 3773.06 3772.31 3769.65 3766.03 3767.49 3766.23 3766.9 3762.27 3756.86 3754.95 3757.44 3760.07 3762.39 3761.81 3775.68 3790.59 3803.35 3806.53 3814.57 3829.64 3838.41 3844.88 3852.48 3857.88 3856.13 3853.27 3853.89 3853.94 3856.05 3859.41 3862.66 3863.03 3866.77 3868.87
3776.89 3778.46 3777.64 3776.04 3776.42 3775.44 3779.07 3778.6 3780.33 3781.97 3776.1 3773.86 3776.31 3778.52 3778.51 3776.89 3767.48 3761.15 3760.48 3763.49 3764.3 3764.95 3766.6 3757.17 3746.16 3742.3 3745.65 3748.53 3755.17 3762.73 3764.49 3761.07 3762.49 3763.91 3763.74 3761.67 3756.29 3759.33 3762.39 3761.72 3758.89 3756.24 3754.57 3754.75 3754.84 3752.5 3749.25 3775.61 3793.06 3811.59 3809.95 3815.3 3827.4 3835.07 3839.37 3843.83 3848.6 3846.59 3842.58 3839.16 3841.19 3842.66 3844.55 3844.28 3853.38 3855.96 3857.76
3771.1 3774.45 3774.02 3774.11 3776.69 3777.03 3776.67 3775.73 3775.26 3774.06 3770.07 3772.65 3777.18 3779.95 3775.74 3770.91 3761.29 3756.18 3758.02 3762.54 3762.9 3762.74 3762.18 3749.39 3739.77 3744.39 3747.83 3754.19 3755.89 3757.24 3755.71 3754.41 3755.54 3757.09 3757.86 3757.81 3757.91 3762.18 3758.72 3757.4 3754.9 3754.18 3754.28 3754.41 3755.11 3756.08 3758.4 3771.37 3790.6 3807.02 3812.18 3815.98 3824.86 3828.58 3830.55 3833.38 3836.95 3835.7 3833.66 3831.93 3831.38 3831.9 3832.01 3831.11 3836.09 3840.49 3850.41
3761.41 3758.97 3767.18 3774.8 3778.2 3776 3771.94 3772.46 3771.06 3768.45 3766.49 3771.12 3774.85 3775.59 3774.64 3770.68 3765.91 3761.88 3759.41 3760.73 3760.61 3757.6 3751.39 3742.66 3742.51 3745.14 3747.76 3751.56 3753.63 3752.95 3749.12 3748.46 3750.07 3752.26 3754.8 3756.97 3757.79 3754.52 3754.74 3750.68 3751 3751.5 3753.89 3756.41 3758.23 3761.92 3769.79 3777.91 3789.12 3801.79 3808.75 3807.21 3811.33 3812.08 3819.82 3822.49 3823.41 3821.99 3821.73 3821.59 3821.1 3822.74 3825.25 3829.51 3843.32 3848.67 3847.33
3754.91 3756.12 3764.5 3776.3 3778.65 3774.99 3775.06 3770.92 3768.99 3767.16 3768.11 3772.13 3774.63 3775.12 3768.92 3767.49 3769.55 3762.15 3758.85 3763 3757.55 3752.72 3748.22 3743.38 3742.43 3743.06 3744.49 3746.97 3750.57 3749.92 3745.97 3744.46 3746.02 3748.83 3752.12 3756.12 3762.26 3762.98 3757.27 3744.99 3748.88 3753.37 3756.17 3758.82 3761.91 3765.03 3770 3784.33 3789.43 3794.19 3794.8 3793.32 3793.67 3814.17 3813.77 3811.08 3812.09 3807.01 3802.07 3804.57 3809.67 3814.65 3819.53 3825.52 3830.67 3842.52 3839.63
3752.84 3755.38 3761.61 3768.77 3770.69 3769 3763.52 3764.76 3768.55 3770.53 3774.7 3778.22 3776.2 3769.66 3771.66 3765.67 3766.3 3758.92 3756.47 3757.5 3750.3 3745.97 3742.76 3740.62 3736.44 3738.63 3740.5 3743.1 3747.57 3746.57 3740.05 3740.18 3742.75 3745.49 3749.01 3751.86 3754.43 3759.57 3759.15 3747.94 3750.23 3756.1 3758.37 3761.55 3764.59 3769.25 3772.8 3775.6 3781.3 3776.9 3781.28 3789.31 3795.34 3807.92 3804.81 3802.15 3796.49 3793.84 3790.28 3794.96 3801.65 3807.15 3812.04 3818.42 3826.14 3824.69 3826
3753.41 3753.98 3758.39 3761.95 3763.55 3764.83 3766.53 3768.36 3770.13 3774.02 3780.86 3783.26 3779.09 3775.7 3766.88 3764.47 3768.06 3761.37 3754.06 3741.52 3740.77 3739.73 3739.13 3737.63 3735.41 3736.29 3738.44 3741.02 3744.65 3749.1 3744.04 3740.8 3741.67 3743.03 3744.86 3747.08 3749.32 3749.39 3749.23 3744.76 3749.95 3756.18 3759.46 3762.58 3766.06 3770.47 3774.28 3773.21 3780.79 3789.63 3785.67 3789.65 3792.56 3785.04 3792.35 3792.78 3780.27 3786.15 3794.16 3792.93 3796.26 3800.84 3805.06 3808.55 3811.52 3811.12 3810.03
3760.66 3761.27 3759.55 3756.34 3760.15 3763.3 3766.58 3769.25 3771.07 3775.73 3781.62 3784.41 3778.89 3774.04 3762.67 3764.52 3770.25 3767.57 3756.72 3737.97 3732.85 3734.01 3736.02 3736.31 3733.43 3734.26 3737.96 3743.19 3748.63 3755.18 3746.66 3741.94 3740.88 3740.95 3740.89 3741.52 3742.85 3748.25 3746.29 3745.69 3750.06 3755.06 3759.58 3763.56 3767 3770.17 3772.19 3771.37 3778.87 3782.19 3783.51 3783.36 3784.65 3787.93 3790.79 3792.33 3784.82 3782.9 3782.53 3787.42 3791.69 3795.92 3799.26 3799.48 3793.67 3785.15 3799.37
3766.17 3766.54 3765.22 3762.85 3763.01 3763.05 3762.17 3762.66 3769.21 3776.2 3782.33 3781.49 3775.99 3761.31 3760.92 3764.03 3767.94 3767.44 3750.88 3730.29 3726.21 3728.52 3731.12 3728.45 3728.16 3732.33 3733.72 3739.6 3748.42 3748.12 3744.1 3741.68 3740.27 3739.53 3738.7 3737.92 3738.02 3742.04 3746.77 3748.9 3752.71 3756.74 3760.34 3763.61 3766.81 3768.68 3768.46 3768.9 3778.9 3787.88 3784.08 3784.1 3784.6 3787.48 3790.42 3793.93 3790.1 3783.05 3779.57 3783.96 3789.06 3793.87 3796.93 3798.41 3796.88 3791.05 3792.49
3768.65 3768.75 3769.32 3772.13 3769.42 3767.28 3762.51 3755.7 3770.13 3776.58 3779.65 3780.31 3776.75 3768.83 3749.16 3760.56 3760.73 3758.12 3737.34 3723.54 3721.5 3724.43 3727.53 3724.74 3726.69 3733.26 3739.79 3739.85 3735.96 3740.09 3741.94 3741.05 3739.63 3738.55 3737.2 3736.35 3737.06 3740.13 3747.21 3755.72 3759.08 3759.77 3761.25 3764.42 3767.15 3769.28 3769.39 3768.48 3779.01 3782.46 3779.58 3778.49 3781.62 3785.94 3785.48 3781.73 3783.12 3780.41 3778.58 3782.93 3787.59 3791.81 3794.65 3797.54 3799.75 3792.83 3794.09
3772.23 3772.32 3772.25 3778.01 3776.36 3774.95 3776.4 3785.14 3778 3776.81 3777.65 3775.53 3771.62 3760.82 3741.43 3757.67 3753.24 3743.76 3725.78 3722.66 3721.94 3722.06 3722.4 3723.58 3730.45 3731.85 3739.81 3738.44 3736.85 3736.76 3740.22 3739.99 3739.17 3737.72 3736.64 3736.05 3735.48 3737.56 3752.05 3758.11 3758.85 3758.71 3760.1 3762.89 3767.03 3770.76 3775.5 3777.52 3774.13 3768.72 3772.43 3773.03 3777.15 3781.11 3781.07 3778.52 3779.71 3780.8 3780.78 3783.45 3787.19 3791.09 3794.4 3797.45 3798.96 3789.52 3787.92
3786.12 3781.04 3778.62 3782.56 3781.55 3780.36 3780.92 3780.8 3777.89 3773.92 3770.3 3765.96 3761.92 3751.78 3748.1 3753.51 3743.23 3731.94 3723.4 3722.8 3722.7 3720.88 3718.48 3725.04 3729.06 3724.53 3720.72 3731.9 3736.82 3735.3 3738.16 3739.34 3739.36 3738.76 3737.86 3737.27 3739.45 3747.12 3760.49 3754.66 3751.99 3753.56 3756.14 3759.87 3764.29 3769.79 3776.09 3776.67 3769.77 3769.26 3769.45 3772.18 3773.27 3773.78 3773.29 3774.3 3775.19 3779.69 3782.94 3783.96 3786.23 3788.76 3791.89 3795.09 3797.46 3797.1 3784.26
3796.62 3790.43 3782.09 3785.39 3784.47 3782.29 3780.18 3779.37 3773.28 3768.38 3764.07 3761.23 3759.89 3754.1 3752.15 3743.83 3737.15 3724.3 3718.43 3722.95 3724.26 3721.08 3717.57 3721.81 3725.47 3720.23 3717.19 3727.79 3732.68 3735.55 3738.9 3739.8 3739.88 3739.95 3740.52 3741.61 3749.1 3766.43 3766.29 3754.29 3745.84 3748.36 3751.86 3755.73 3760.2 3765.33 3769.48 3769.17 3759.94 3761.45 3764.86 3767.6 3768.79 3769.95 3769.63 3770.25 3770.53 3774.63 3779.82 3783.04 3785.8 3788.3 3790.72 3792.54 3792.33 3789.37 3786.54
3811.22 3803.17 3800.59 3793.81 3788.31 3783.39 3778.46 3769.71 3765.69 3762.96 3759.52 3758.61 3761.22 3754.16 3747.87 3741.78 3732.22 3722.55 3723.03 3725.62 3724.78 3721.03 3718.61 3725.84 3728.52 3721.57 3720.86 3730.28 3736.8 3741.94 3741.94 3741.47 3741.15 3741.64 3744.18 3750.56 3760.19 3767.77 3763.62 3753.15 3746.47 3744.76 3747.21 3750.61 3754.56 3757.73 3759.46 3756.96 3754.42 3755.92 3757.57 3760.17 3763.39 3767.31 3772.01 3770.16 3769.03 3771.2 3778.06 3782.12 3784.89 3786.72 3787.89 3787.79 3787.52 3786.49 3785.74
3811 3807.47 3805.77 3798.76 3791.03 3784.73 3777.56 3771.24 3765.68 3760.04 3755.79 3754.95 3760.89 3753.27 3744.9 3734.45 3727.43 3728.12 3734.9 3727.84 3720.2 3719.45 3716.22 3721.46 3720.16 3729.13 3733.73 3736.87 3749.23 3746.89 3744.84 3743.48 3742.37 3742.26 3744.8 3751.99 3767.17 3772.33 3758.97 3748.32 3740.47 3741.27 3743.97 3746.88 3749.02 3749.84 3750.12 3748.16 3750.63 3752.74 3747.69 3750.48 3757.24 3763.13 3767.06 3769.84 3770.91 3773.61 3778.5 3781.66 3783.99 3785.28 3785.7 3785.89 3785.14 3786.93 3789.92
3802.36 3802.53 3801.59 3798.19 3791.93 3785.25 3777.59 3770.18 3763.25 3759.64 3756 3756.95 3770.54 3760.82 3744.58 3733.18 3727.39 3732.69 3736.37 3730.39 3722.21 3719.44 3718.85 3719.81 3725.46 3734.65 3740.8 3742.72 3754.78 3750.75 3747.68 3745.01 3742.49 3740.51 3741.33 3747.58 3761.14 3767.12 3758.21 3746.94 3737.48 3740.41 3742.37 3744.03 3745.52 3744.84 3744.22 3742.12 3745.36 3741.93 3741.15 3745.34 3752.23 3759.59 3766.68 3767.86 3770.96 3778.56 3779.96 3782.04 3783.71 3784.17 3784.53 3784.04 3784.03 3784.07 3782.15
