real_craters/C188-1000m.grd
DSAA
100 100
-49.37 49.37
-49.37 49.37
7374.607421534 9945.9035605501
[rows 30 to 59 of 100, columns 0 to 66 of 100]
8892.57 8892 8895.73 8901.78 8908.37 8924.22 8943.96 8962.18 9015.73 9019.82 9016.35 9021.6 8998.01 8986.61 8973.46 8964.86 8972.45 8976.87 8965.06 9007.97 9009.26 9018.95 9030.73 9021.14 9021.02 9024.67 9038.8 9067.15 9131.88 9272.88 9251.01 9275.29 9317.6 9378.51 9396.61 9503.21 9544.16 9488.2 9445.26 9435.52 9425.49 9469.22 9512.97 9436.57 9187.18 9059.94 9044.31 8971.43 8697.39 8726.45 8991.41 9046.32 9117.62 9071.58 9121.37 9170.32 9240.6 9353.65 9472.27 9663.82 9548.79 9584.37 9551.18 9420.62 9320.83 9277.12 9216.65
8889.01 8880.18 8879.46 8885.82 8915.92 8940.63 8953.2 8969.85 9013.66 9033.34 9022.34 9009.73 8993.71 8984.99 8979.58 8971.16 8980.38 8992.98 9016.64 9017.35 9023.3 9023.27 9013.71 9010.67 9010.65 9023.31 9056.68 9119.59 9199.84 9158.11 9155.67 9244.68 9381.61 9474.49 9576.79 9469.96 9331.25 9309.94 9351.72 9383.81 9431.85 9525.12 9370.9 9151.38 8915.96 8772.97 8778.63 8901.23 8733.2 8456.3 8609.26 8658.23 8624.18 8665.46 8796.62 8889.89 8954.7 9102.9 9238.31 9376.6 9269.44 9241.4 9359.9 9452.1 9493.78 9373.2 9205.6
8888.71 8881.13 8879.91 8892.93 8923.12 8942.25 8951.02 8970.84 9007.01 9019.07 9018.07 9005.17 9005.19 8993.5 8988.59 8992.36 8990.64 9003.39 9022.87 9035.21 9026.74 9019.81 9007.65 9001.6 8998.01 9010.93 9046.9 9110.7 9195.95 9183.86 9252.85 9402.93 9498.97 9556.96 9491.69 9420.28 9297.81 9272.3 9310.5 9313.46 9307.5 9201.18 8890.53 8680.84 8567.56 8506.55 8538.17 8619.45 8501.94 8300.18 8358.53 8377.56 8387.04 8499.77 8596.05 8702.4 8779.74 8822.69 8853.48 8821.57 8937.41 9115.96 9286.14 9489 9636.17 9568.63 9357.65
8884.54 8884.22 8884.86 8903.73 8937.84 8961.14 8958 8970.64 8995.16 9002.67 9003.8 9010.84 9017.41 9004.48 8984.8 8976.93 8987.91 9000.92 9011.34 9019.47 9026.01 9025.6 9018.19 9002.54 9000.03 9018.13 9056.64 9082.68 9142.73 9246.4 9334.2 9599.29 9559.12 9466.75 9352.98 9379.33 9403.23 9401.15 9291.62 9207.8 9141.17 9005.66 8689.5 8435.72 8271.88 8212.14 8228.05 8305.94 8219.59 8175.41 8116.79 8161.35 8278.38 8331.91 8393.64 8500.11 8548.25 8533.7 8499.16 8452.34 8650.61 9019.56 9213.81 9435.81 9681.65 9720.11 9567.2
8891.89 8901.34 8904.83 8916.36 8945.92 8974.22 8961.2 8966.76 8989.44 8992.12 8988.69 9002.96 9017.89 9009.3 8989.11 8974.36 8985.18 8998.7 9016.03 9034.98 9034.38 9026.96 9022.18 9021.45 9008.95 9040.24 9080.39 9144.29 9305.73 9419.46 9408.72 9568.53 9516.12 9411.09 9352.74 9342.81 9393.52 9364.57 9137.75 8981.02 8869.19 8740.75 8465.53 8180.44 8027.28 7950.22 7937.58 7879.65 7879.9 7846.98 7844.23 7884.48 7973.76 8100.56 8181.8 8233.44 8273.06 8273.16 8236.54 8200.83 8362.33 8654.55 8946.72 9226.85 9513.3 9658.72 9724.53
8903.67 8920.12 8936.62 8939.21 8948.41 8954.37 8945.29 8946.99 8965.16 8979.77 8989.16 8989.63 9000.74 9009.79 8998.85 8991.49 8994.69 9003.08 9019.61 9058.95 9047.97 9034.67 9030.28 9051.41 9073.14 9060.57 9072.44 9210.93 9534.57 9486.6 9510.07 9530.11 9465.65 9375.17 9311.83 9236.37 9143.56 8966.38 8831.97 8678.72 8516.14 8361.56 8181.04 7960.27 7849.16 7831.57 7789 7749.15 7714.31 7733.03 7737.1 7721.06 7766.31 7899.79 7995.3 8061.12 8069.6 8066.41 8050.95 8041.13 8131.27 8328.42 8609.41 8899.64 9186.86 9371.93 9403.23
8908.37 8925.5 8934.63 8938.98 8925.74 8917.55 8929.11 8927.78 8947.64 8976.01 8983.88 8980.33 8998.55 9020.66 9026.38 9012.67 9006.57 9008.89 9017.4 9049.55 9045.25 9039.03 9051.96 9045.1 9105.34 9088.72 9087.18 9162.48 9454.11 9506.04 9480.57 9514.15 9493.44 9411.02 9331.67 9115.8 8937.27 8725.28 8563.5 8408.88 8175.38 7966.96 7865.26 7784.41 7717.74 7701.07 7692.04 7672.01 7639.2 7648.95 7655 7636.7 7642.1 7673.99 7705.52 7754.88 7835.77 7883.33 7908.48 7920.47 7937.02 8040.88 8296.86 8551.84 8749.34 8884.64 9135.56
8905.42 8923.15 8945.11 8930.57 8918.71 8905.15 8916.74 8931.79 8955.76 8987.84 9016.69 9022.76 9018.57 9031.45 9045.9 9025.79 9013.01 9010.2 9022.26 9027.91 9031.68 9034.6 9050.14 9120.56 9135.77 9113.21 9101.18 9086.45 9252.16 9377.28 9389.43 9447.12 9479.51 9558.99 9196.53 8949.23 8758.48 8556.24 8373.4 8176.53 7997.6 7890.61 7751.37 7686.47 7647.5 7623.81 7614.94 7605.21 7589.56 7589.69 7589.68 7581.04 7556.55 7527.94 7518.78 7551.38 7657.41 7730.43 7769.55 7760.01 7679.75 7815.18 8064.49 8282.66 8449.38 8609.97 9042.69
8900.76 8910.47 8914.24 8927.3 8930.96 8935.31 8945.68 8956.85 8971.59 8992.91 9029.24 9040.19 9031.39 9031.87 9035.97 9020.96 9009.31 9001.63 9003.53 9026 9029.17 9041.42 9071.71 9116.43 9120.25 9113.74 9109.3 9089.88 9165.15 9370.77 9568.12 9555.52 9491.95 9246.41 8923.2 8740.16 8576.64 8448.02 8225.22 8019.94 7852.06 7791.59 7656.37 7619.54 7593.56 7557.71 7546.66 7535.18 7531.23 7529.75 7527.37 7518.82 7498.8 7481.18 7475.39 7513.87 7569.11 7620.54 7652.92 7655.78 7649.47 7749.33 7939.94 8137.85 8309.03 8510.51 8850.15
8897.69 8907.57 8910.1 8923.74 8932.31 8924.82 8936.05 8957.97 8975.91 8993.52 9026.55 9032.49 9031.78 9021.22 9011.46 9006.44 8997.72 8990.49 8992.81 9015.92 9028.53 9044.38 9072.35 9077.94 9095.15 9112.33 9109.52 9101.7 9224.38 9475.67 9640.97 9571.54 9401.89 9160.85 8763.24 8565.74 8401.84 8226.06 8047.77 7883.31 7736.62 7652.87 7568.37 7553.52 7541.23 7507.25 7493.48 7481.16 7469.27 7466.51 7453.31 7450.76 7458.23 7457.86 7459 7477.41 7509.03 7539.83 7563.04 7590.72 7634.59 7724.69 7872.25 8046.09 8225.47 8431.17 8646.18
8909.16 8924.24 8928 8928.19 8937.29 8941.78 8951.21 8973.49 8974.32 8989.7 9014.97 9034.36 9034.44 9020.22 9000.45 8996.23 8990.76 8984.27 8989.44 9009.12 9021.55 9031.78 9043.75 9067.54 9099.58 9136.1 9148.02 9166.3 9320.86 9475.97 9600.78 9419.41 9128.95 8790.75 8626.89 8444.37 8251.02 8052.06 7875.67 7755.6 7662.31 7590.16 7518.54 7492.61 7486.83 7467.11 7456.53 7448.2 7446.91 7439.04 7434.59 7434.31 7442.37 7446.04 7447.83 7450.86 7472.14 7489.09 7503.83 7533.29 7582.65 7681.31 7815.94 7982.34 8147.41 8335.81 8536.34
8935.06 8947.4 8948.4 8941.71 8943.27 8955.88 8959.11 8956.82 8966.53 8977.7 8999.1 9028.34 9035.74 9030.7 9019.32 9005.02 8993.09 8981.35 8985.95 9003.59 9013.86 9014.13 9016.45 9057.42 9110.9 9187.41 9291.17 9373.28 9346.64 9456.67 9569.02 9238.33 8847.54 8659.47 8549.52 8336.55 8115.4 7907.01 7745.88 7660.8 7580.37 7534.06 7467.32 7442.56 7425.83 7426.72 7437.76 7433.05 7425.56 7415.01 7410.54 7424.92 7435.93 7437.83 7440.73 7443.7 7453.09 7463.94 7469.27 7484.81 7524.5 7605.67 7744.62 7898.61 8058.11 8218.07 8455.21
8931.93 8952.36 8955.78 8941.39 8945.23 8963.44 8964.23 8958.02 8963.7 8960.03 8968.13 9001.88 9028.79 9040.82 9038.84 9025.15 9002.5 8983.11 8984.4 9001.96 9010.53 9003.48 9003.64 9036.67 9108.03 9221.31 9324.06 9344.6 9394.46 9588.53 9424.72 9069.54 8794.69 8641.19 8415.9 8194.12 7990.99 7819.64 7687.87 7604.42 7556.11 7492.73 7451.98 7420.28 7402.41 7397.55 7416.24 7410.89 7395.14 7391.77 7392.28 7404.36 7418.3 7424.99 7433.36 7437.92 7436.43 7443.21 7459.04 7439.73 7434.65 7523.47 7666.93 7823.27 7976.7 8095.23 8348.62
8919.85 8938.22 8960.35 8951.48 8943.43 8961.29 8973.17 8971.8 8973.32 8979.06 8972.05 8998.34 9028.54 9043.6 9048.68 9036.79 9011.72 8993.14 8987.2 8988.98 8987.86 8990.06 8998.42 9017.49 9174.58 9261.19 9306.33 9336.3 9561.98 9632.97 9175.37 8902.37 8742.94 8552.58 8278.85 8032.23 7860.83 7701.7 7570.91 7533.91 7505.71 7459.09 7427.15 7399.46 7379.11 7378.92 7376.47 7386.45 7385.36 7386.77 7387.37 7382.94 7388.55 7403.36 7416.95 7412.1 7409.91 7408.49 7404.34 7400.73 7407.06 7486.75 7614.49 7770.03 7949.15 8177.53 8465.25
8919.92 8929.82 8949.72 8964.78 8959.7 8968.3 8978.51 8982.38 8978.35 8981.91 9002.77 9027.87 9034.88 9040.65 9038.82 9024.21 9011.09 9001.86 8989.92 8984.09 8980.29 8977.55 8974.79 9070.8 9369.17 9331.78 9298.3 9476.18 9717.73 9484.44 9045.16 8802.67 8678.42 8446.92 8147.88 7902.24 7750.16 7625.16 7515.12 7481.2 7451.88 7423.32 7398.94 7382.49 7380.64 7377.88 7374.94 7400.38 7414.26 7425.73 7429.53 7400.86 7384.37 7388.1 7383.17 7380.12 7387.25 7385.37 7378.34 7393.67 7413.76 7458.84 7579.37 7735.37 7921.35 8161.41 8417.18
8920.67 8927.1 8952.42 8996.77 9004.72 8992.09 9009.11 8995.75 8981.1 8981.64 9006.01 9023.36 9040.73 9056.76 9038.95 9030.93 9005.41 8990.97 8989.75 8989.98 8989.55 8978.22 8970.48 9106.72 9447.34 9377.35 9329.38 9583.63 9748.17 9321.2 8950 8700.04 8578.69 8297 8021.49 7780.78 7680.66 7597.88 7552.67 7474.49 7407.17 7392.04 7384.43 7380.8 7381 7384.06 7399.85 7461.6 7500.18 7516.28 7533.78 7485.52 7443.77 7404.04 7379.99 7383.4 7387.65 7396.99 7409.09 7413.11 7421.32 7444.05 7541.58 7677.23 7850.26 8054.63 8241.9
8941.16 8951.19 8982.17 8999.25 9016.13 9020.24 9007.38 8996.21 8984.74 8986.92 9004.47 9028.26 9037.85 9035.66 9023.01 8993.96 9002.55 8993.88 8995.06 8995.94 9005.78 8988.7 8988.74 9042.97 9339.4 9379.84 9334.24 9479.95 9631.74 9175.68 8838.6 8605.05 8406.08 8156.65 7944.11 7750.42 7644.76 7576.23 7523.07 7453.48 7391.93 7376.15 7377.37 7380.91 7380.37 7406.58 7488.33 7573.75 7645.58 7677.62 7641.78 7602.7 7512.19 7465.18 7402.49 7381.89 7391.54 7401.31 7411.1 7428.07 7431.24 7440.25 7517.09 7629.21 7751.68 7929.3 8162.03
8956.12 8978.29 8991.55 8993.57 9006.18 9022.51 9013.84 8997.89 8989.16 8994.42 9024.37 9033.78 9034.47 9015.7 9010.34 9007.7 9009.04 9012.42 9002.09 8996.84 8991.46 8994.73 9001.22 9065.43 9403.06 9445.88 9361.66 9538.39 9601.17 9110.43 8850.06 8642.29 8442.11 8147.88 7946.89 7753.3 7645.89 7560.02 7475.89 7440.18 7398.13 7380.39 7375.61 7374.61 7401.75 7480.62 7577.71 7693.57 7825.34 7927.14 7865.72 7805.98 7699.23 7600.19 7482.22 7395.25 7393.59 7396.68 7403.6 7411.55 7422.88 7430.47 7507.76 7600.14 7693.68 7850.6 8067.85
8934.38 8966.96 8995.71 8988.87 9009.79 9028.81 9043.28 9020.1 8993.91 8994.93 9017.73 9041.99 9033.84 9007.68 9000.16 8998.49 9004.67 9007.34 9002.53 8997.24 8991.83 8999.55 9019.39 9073.62 9468.01 9526.75 9473.49 9567.99 9490.52 9124.15 8884.51 8681.74 8442.1 8210.34 8022.1 7848.69 7669.95 7547.24 7465.97 7430.16 7407.59 7390.55 7381.26 7375.85 7439.16 7553.89 7650.77 7755.74 7888.73 7979.69 7919.09 7889.56 7902.84 7703.23 7551.97 7428.95 7393.72 7379.66 7383.03 7398.62 7423.33 7474.29 7525.04 7582.56 7693.37 7858.26 8021.13
8963.29 8961 8999.94 9011.75 9018.9 9026.87 9036.4 9028.47 8994.85 8992.14 9001.39 9001.61 8996.9 8992.18 8995.31 8998.19 9000.38 9001.52 9001.81 9001.39 8998.46 9010.66 9029.35 9123.95 9418.95 9468.74 9475.05 9601.5 9421.53 9136.58 8895.7 8646.37 8468.19 8339.17 8085.74 7819.91 7639.09 7534.99 7460.27 7421.43 7408.28 7395.76 7387.42 7386.29 7443.7 7543.58 7648.61 7745.32 7841.14 7858.11 7812.72 7826.51 7772.16 7696.52 7570.55 7441.37 7394.17 7384.37 7380.03 7389.1 7418.17 7464.44 7507.21 7555.33 7669.1 7879.39 8177.65
8938.66 8994.89 9020.09 9021.83 9019.49 9018.52 9019.48 9022.23 9026.18 9001.01 8987.29 8985.11 8977.59 8981.8 8991.34 8998.84 9002.33 8999.4 8999.98 8995.3 9007.82 9033.87 9091.52 9198.88 9323.86 9393.69 9511.92 9631.37 9409.38 9151.18 8926.26 8664.71 8501.97 8378.26 8097.34 7802.51 7617.4 7530.19 7466.16 7427.43 7405.4 7393.47 7387.28 7389.28 7416.69 7470.03 7581.28 7703.89 7812.15 7919.02 7818.19 7657.44 7667.99 7656.37 7564.78 7450.99 7398.89 7389.6 7384.76 7388.02 7410.73 7432.57 7467.08 7517.1 7585.66 7840.53 8145.61
8963.2 9013.15 9025.13 9041.14 9031.47 9026.51 9010.13 9014.88 9025.37 8992.54 8988.26 8984.52 8980.64 8982.14 8989.6 8995.97 8989.96 8991.47 8994.2 8994.53 8999.63 9023.06 9103.43 9215.58 9299.08 9440.88 9600.13 9615.92 9424.05 9211.58 9010.69 8856.26 8579.75 8341.6 8110.89 7844.5 7649.27 7549.52 7480.58 7405.01 7396.43 7391.8 7386.8 7384.61 7407.39 7448.08 7548.38 7665.06 7777.27 7857.7 7776.26 7582.42 7626.69 7641.12 7554.54 7472.64 7422.14 7403.77 7394.53 7399.08 7413.97 7434.59 7470.27 7521.27 7609.31 7805.61 8012.22
8967.5 9007.02 9015.2 9036.74 9039.09 9023.55 9017.44 9020.21 9033.48 9030.56 9002.7 8985.79 8967.14 8981.52 8987.13 8988.34 8987 8987.63 8990.19 8993.34 8994.73 9003.56 9067.59 9245.24 9364.08 9490.76 9535.53 9600.69 9495.89 9242.52 9025.26 8831.86 8636.74 8449.2 8171.53 7888.22 7682.42 7585.44 7532.59 7432.72 7405.76 7396.22 7393.48 7401.14 7430.75 7464.51 7539.5 7620.56 7728.2 7844.82 7802.3 7727.28 7674.4 7577.15 7516.11 7467.52 7437.87 7412.98 7398.76 7403.99 7426.51 7460.15 7512.31 7565.49 7651.37 7796.06 7954.69
8947.2 8957.81 8996.26 9030.7 9040.09 9043.03 9026.43 9032.14 9031.94 9047.45 9018.97 8998.28 8991.55 8988.11 8987.81 8987.29 8989.56 8985.64 8986.03 8985.84 8987.21 8990.76 9063.79 9257.09 9452.18 9525.48 9532.83 9670.58 9534.65 9222.46 9007.02 8816.3 8652.31 8449.02 8190.84 7917.1 7700.65 7609.33 7559.57 7471.66 7422.3 7408.81 7403.89 7408.04 7422.54 7440.61 7472.54 7551.29 7639.53 7733.78 7758.03 7759.34 7687.96 7562.57 7466.39 7435.06 7410.09 7398.08 7402.11 7418.61 7445.69 7486.29 7539.77 7598.24 7694.25 7809.08 7939.52
9048.53 9025.86 9020.53 9040.67 9053.08 9053.39 9025.32 9030.57 9012.17 9023.66 9024.67 9007.6 8996.46 8983.99 8987.98 8989.34 8987.5 8986.34 8986.19 8983.78 8979.07 8972.84 9052.99 9252.55 9540.55 9616.26 9493.36 9589.72 9456.49 9181.93 8983.17 8832.78 8689.76 8444.67 8180.77 7955.34 7757.67 7631.83 7537.36 7484.96 7449.15 7434.44 7420.24 7412.33 7414.13 7406.71 7425.5 7476.9 7523.6 7541.82 7602.74 7652.36 7589.75 7439.92 7426.87 7414.74 7401.22 7397.61 7405.5 7429.81 7464.88 7504.66 7551.39 7599.18 7693.62 7836.89 7971.68
8618.94 8885.74 9128.69 9087.76 9044.57 9044.19 9033.14 9038.43 9027.37 9029.15 9025.36 9011.84 9004.05 9004.8 8999.32 8996.38 8990.37 8988.92 8986.35 8981.61 8976.78 8972.98 9027.46 9151.03 9364.73 9644.11 9508.54 9472.97 9435.49 9187.19 8979.13 8831.21 8754.54 8456.49 8190.54 8024.4 7827.18 7671.88 7523.03 7493.59 7483.02 7464.86 7441.95 7423.33 7410.56 7398.94 7407.07 7427.58 7443.19 7448.46 7467.93 7468.94 7419.31 7419.62 7418.33 7411.88 7411.78 7416.85 7426.56 7452.43 7488.02 7525.2 7565.25 7604.18 7715.8 7910.22 8117.65
8436.88 8591.14 8926.52 9084.83 9068.64 9071.57 9067.57 9030.85 9025.38 9035.12 9031.56 9022.19 9014.74 9014.78 9010.89 9000.92 9004.52 8997.99 8989.82 8983.27 8977.62 8974.62 9003.08 9075.35 9218.82 9579.07 9497.27 9544.66 9478.72 9251.14 9066.07 8879.72 8708.43 8512.69 8321.91 8177.5 7992.72 7769.88 7594.21 7527.81 7521.69 7492.1 7468.85 7439.83 7412.66 7403.68 7401.82 7407.9 7411.86 7409.49 7422.25 7419.53 7413.91 7412.05 7413.42 7416.09 7423.15 7436.23 7452.03 7480.98 7518.33 7557.21 7596.26 7645.48 7800.64 8039.2 8212.87
8441.63 8506.34 8780.34 9037.71 9102.74 9098.16 9080.44 9064.36 9039.09 9057.64 9037.09 9012.21 9009.44 9016.02 9014.53 9009.32 9004.45 9001.23 8996.14 8988.52 8980.04 8977.98 8998.89 9071.22 9218.4 9450.93 9428.77 9569.91 9537.26 9338.91 9205.03 8980.45 8711.81 8632.23 8579.08 8357.6 8179.4 7890.77 7636.57 7596.09 7540.85 7503.56 7483.04 7454.98 7425.9 7409.6 7406.83 7410.72 7411.64 7413.07 7413.66 7418 7421.71 7419.01 7418.88 7422.76 7425.92 7448.59 7470.05 7512.97 7560.98 7606.28 7650.16 7720.63 7938.6 8246.01 8519.86
8449.07 8490.12 8776.51 9055.93 9113.87 9118.66 9089.37 9065.37 9046.72 9061.2 9040.98 9015.97 9005.26 9008.32 9007.52 9004.01 9005.54 9006.08 9002.7 8997.61 8987.97 8978.2 8993.91 9046.61 9126.57 9252.52 9325.11 9533.27 9542.02 9397.55 9277.42 9056.85 8781.35 8693.52 8557.16 8403.74 8202.96 7933.1 7733.25 7618.46 7520.48 7496.06 7502.19 7479.93 7443.02 7419.3 7432.58 7429.98 7416.65 7413.12 7420.79 7426.94 7435.77 7427.12 7430.24 7439.57 7455.25 7481.26 7503.13 7565.6 7627.7 7686 7742.22 7853.31 8112.29 8448.93 8765.39
8503.3 8581.49 8901.02 9101.09 9117.05 9109.12 9091.51 9055.72 9020.68 9051.94 9040.35 9026.46 9023.72 9020.67 9011.07 9002.4 9004.46 9010 9017.75 9012.38 9006.67 8997.93 8991.67 9017.13 9135.31 9456.28 9391.86 9391.53 9439.52 9390.77 9325.38 9156.84 8973.22 8784.73 8613.1 8467.63 8269.51 8070.68 7905.75 7714.27 7506.32 7501.45 7510.94 7517.07 7527.94 7474.79 7466.25 7454.14 7432.62 7427.42 7434.6 7437.61 7437.97 7440.79 7448.94 7461.65 7492.55 7543.9 7581.86 7636.24 7707.06 7783.8 7867.74 8002.16 8283.53 8606.82 8845.61
