real_craters/C189-750m.grd
DSAA
235 235
-87.9375 87.9375
-87.9375 87.9375
2576.8925067047 4974.1779472592
[rows 0 to 37 of 235, columns 0 to 83 of 235]
3942 3948 3953 3958 3961 3973 3981 3977 3980 3979 3987 3989 3999 4011 4021 4022 4017 4009 4004 4008 4021 4016 4018 4021 4026 4031 4029 4027 4024 4020 4015 4014 4015 4017 4023 4030 4029 4024 4017 4009 4001 3991 3990 3990 3991 3995 3995 4000 4002 4001 4002 4006 4010 4013 4015 4017 4017 4017 4015 4011 4007 4008 4007 4007 4007 4017 4029 4041 4056 4071 4092 4129 4144 4133 4143 4130 4120 4115 4113 4113 4108 4100 4100 4105
3946 3953 3959 3965 3971 3990 4000 3994 3994 3995 3998 3998 4012 4030 4046 4027 4032 4013 4000 4005 4010 4013 4016 4021 4026 4027 4024 4022 4018 4013 4005 4001 4004 4005 4006 4013 4013 4010 4005 3999 3991 3987 3987 3989 3990 3995 3993 3988 3993 3992 3992 3997 4002 4005 4007 4008 4008 4007 4005 4007 4011 4009 4008 4004 4004 4014 4030 4046 4060 4067 4073 4094 4114 4112 4126 4121 4114 4110 4104 4106 4105 4098 4092 4085
3954 3961 3969 3977 3988 4000 4002 4006 4012 4012 4010 4011 4024 4036 4042 4042 4031 4014 4003 4002 4007 4012 4015 4019 4022 4026 4022 4018 4013 4008 4001 3993 3991 3992 3995 3998 3999 3998 3995 3991 3988 3986 3987 3988 3990 3993 3991 3985 3988 3986 3987 3992 3996 3998 4000 4000 4000 3998 3998 4001 4005 4006 4008 4002 4001 4014 4032 4051 4071 4074 4072 4085 4095 4102 4102 4107 4109 4108 4105 4103 4105 4099 4086 4079
3964 3973 3983 3993 3999 4001 4006 4017 4025 4033 4031 4038 4039 4041 4042 4040 4030 4015 4009 4009 4011 4013 4014 4016 4017 4016 4014 4011 4008 4004 3996 3989 3990 3985 3993 3987 3987 3987 3986 3984 3982 3983 3985 3985 3983 3984 3990 3988 3987 3985 3986 3989 3992 3994 3995 3995 3993 3993 3992 3995 3995 3997 3998 4002 4002 4016 4034 4053 4071 4084 4091 4084 4088 4091 4095 4096 4104 4104 4100 4095 4095 4091 4080 4069
3975 3987 3999 4010 4019 4021 4020 4033 4047 4055 4056 4052 4049 4049 4051 4050 4037 4025 4020 4022 4029 4021 4016 4015 4013 4007 4004 4002 4003 4004 4001 3987 3991 3989 3988 3982 3981 3981 3980 3979 3976 3980 3985 3984 3980 3979 3982 3986 3978 3982 3986 3987 3988 3990 3991 3993 3997 4001 4000 3992 3987 3990 3997 4008 4008 4021 4035 4049 4065 4083 4118 4107 4099 4097 4094 4086 4091 4087 4087 4083 4080 4080 4076 4069
3985 4000 4013 4027 4037 4040 4042 4048 4059 4068 4063 4059 4057 4057 4062 4063 4048 4039 4038 4033 4026 4020 4018 4018 4015 4008 4002 3997 4000 4002 4002 3986 3992 3993 3985 3978 3979 3978 3978 3977 3976 3977 3984 3985 3982 3979 3977 3981 3980 3984 3987 3987 3987 3988 3989 3990 3992 3997 3996 3989 3982 3987 4001 4019 4027 4030 4038 4048 4057 4061 4059 4090 4091 4123 4125 4098 4081 4078 4075 4073 4071 4072 4073 4074
3995 4011 4027 4043 4057 4065 4063 4067 4074 4080 4071 4069 4069 4066 4066 4071 4061 4057 4056 4050 4036 4028 4027 4024 4023 4022 4016 4005 4001 3997 3989 3983 3985 3983 3980 3982 3979 3976 3976 3975 3976 3974 3984 3986 3984 3982 3978 3976 3980 3983 3985 3985 3985 3984 3985 3985 3984 3991 3990 3986 3983 3989 4008 4022 4033 4035 4038 4044 4051 4049 4047 4090 4105 4143 4154 4121 4077 4070 4068 4065 4064 4065 4066 4066
4003 4020 4038 4055 4074 4078 4076 4076 4079 4079 4078 4080 4084 4084 4083 4079 4072 4068 4065 4063 4052 4033 4030 4031 4031 4031 4026 4016 4005 3996 3990 3989 3983 3980 3982 3978 3976 3975 3974 3975 3976 3978 3985 3985 3983 3981 3979 3977 3979 3980 3980 3981 3981 3981 3981 3982 3981 3978 3980 3983 3988 3998 4009 4021 4030 4034 4038 4043 4050 4055 4062 4075 4116 4137 4142 4148 4068 4065 4060 4055 4054 4058 4060 4061
4009 4025 4042 4061 4073 4079 4078 4077 4084 4087 4084 4091 4096 4096 4094 4085 4083 4081 4075 4067 4057 4046 4041 4038 4036 4032 4026 4017 4008 3998 3991 3988 3981 3979 3981 3978 3973 3972 3972 3972 3974 3980 3981 3979 3983 3979 3978 3975 3981 3980 3977 3977 3977 3978 3978 3978 3974 3969 3974 3983 3992 4006 4013 4020 4025 4030 4036 4043 4050 4059 4065 4062 4085 4094 4085 4117 4074 4060 4056 4056 4053 4056 4061 4061
4010 4028 4046 4063 4079 4082 4080 4076 4105 4130 4124 4124 4109 4101 4092 4096 4093 4090 4083 4072 4061 4054 4048 4045 4040 4034 4025 4019 4010 4001 3995 3990 3986 3985 3979 3976 3972 3972 3972 3971 3970 3975 3977 3976 3976 3975 3972 3976 3975 3973 3974 3974 3974 3974 3974 3974 3970 3965 3972 3983 3995 4006 4012 4018 4022 4025 4030 4040 4047 4052 4053 4055 4064 4064 4063 4071 4077 4066 4057 4061 4057 4055 4055 4053
4008 4027 4044 4061 4072 4078 4083 4083 4110 4103 4066 4094 4131 4113 4101 4102 4099 4097 4090 4085 4069 4060 4055 4049 4043 4037 4030 4018 4007 4003 3999 3997 3992 3983 3984 3978 3975 3975 3974 3972 3969 3974 3974 3975 3983 3986 3977 3969 3970 3973 3971 3970 3970 3970 3971 3971 3968 3966 3972 3982 3993 4001 4006 4010 4016 4020 4023 4030 4040 4046 4047 4044 4052 4051 4051 4052 4069 4073 4070 4069 4056 4051 4049 4044
4005 4023 4041 4058 4072 4081 4085 4091 4094 4061 4029 4063 4149 4123 4113 4107 4103 4099 4093 4085 4076 4067 4060 4052 4047 4040 4031 4019 4010 4008 4003 3998 3998 3992 3980 3980 3978 3980 3978 3977 3970 3965 3966 3976 3984 3988 3983 3973 3967 3966 3965 3965 3966 3966 3966 3966 3965 3965 3971 3980 3990 3997 4003 4009 4010 4017 4023 4028 4036 4043 4044 4035 4038 4045 4049 4058 4057 4067 4055 4040 4046 4045 4042 4040
4002 4019 4036 4054 4075 4084 4090 4095 4109 4092 4052 4074 4128 4119 4115 4108 4101 4099 4095 4088 4082 4078 4070 4059 4051 4043 4033 4027 4024 4014 4006 4002 3998 3992 3986 3984 3988 3984 3982 3982 3982 3967 3970 3973 3976 3981 3975 3972 3967 3960 3960 3961 3962 3962 3962 3961 3960 3962 3968 3977 3988 3995 4001 4008 4010 4014 4021 4025 4032 4039 4040 4035 4040 4041 4050 4058 4052 4056 4045 4027 4037 4041 4042 4038
4001 4016 4032 4048 4066 4085 4088 4090 4110 4125 4154 4148 4129 4118 4122 4114 4105 4105 4097 4089 4083 4079 4086 4071 4054 4045 4039 4032 4019 4013 4006 3998 3988 3983 3979 3983 3985 3983 3981 3981 3979 3969 3966 3965 3964 3965 3967 3968 3967 3961 3957 3957 3958 3958 3959 3958 3957 3958 3964 3972 3982 3989 3994 4003 4005 4010 4014 4019 4025 4031 4035 4035 4040 4035 4023 4028 4040 4049 4042 4023 4038 4040 4037 4036
4000 4013 4027 4044 4072 4089 4103 4106 4106 4114 4114 4130 4130 4128 4130 4127 4117 4110 4100 4091 4085 4082 4082 4062 4052 4044 4038 4030 4018 4011 4006 3998 3991 3986 3981 3981 3982 3980 3979 3976 3969 3968 3963 3959 3959 3961 3965 3971 3972 3961 3957 3955 3955 3955 3956 3958 3955 3955 3959 3965 3972 3979 3989 3997 4005 4008 4008 4012 4016 4021 4028 4035 4039 4036 4030 4044 4026 4045 4044 4041 4053 4043 4039 4039
3999 4013 4025 4036 4058 4086 4102 4112 4113 4116 4120 4126 4129 4139 4147 4139 4130 4119 4100 4090 4087 4087 4085 4064 4052 4044 4034 4025 4025 4021 4010 4002 3995 3987 3982 3979 3976 3975 3976 3975 3972 3966 3960 3958 3962 3964 3965 3967 3967 3961 3955 3953 3953 3952 3952 3951 3950 3951 3954 3958 3961 3968 3985 3993 3999 4002 4004 4007 4011 4013 4023 4032 4044 4040 4035 4032 4031 4038 4041 4041 4028 4052 4057 4045
4002 4014 4026 4037 4059 4083 4098 4107 4118 4122 4129 4129 4130 4143 4150 4148 4136 4122 4101 4088 4087 4086 4077 4065 4055 4045 4035 4026 4029 4023 4014 4006 3997 3992 3986 3982 3979 3975 3975 3975 3974 3967 3963 3963 3966 3967 3964 3963 3964 3962 3955 3952 3951 3950 3948 3946 3945 3947 3950 3952 3956 3963 3973 3984 3989 3994 3999 4004 4008 4016 4024 4028 4038 4036 4031 4026 4026 4031 4041 4016 3992 4038 4058 4041
4006 4019 4032 4045 4064 4083 4097 4106 4112 4118 4122 4125 4132 4143 4147 4148 4143 4126 4099 4089 4088 4084 4075 4063 4058 4048 4039 4031 4027 4020 4014 4008 4003 3997 3992 3987 3985 3980 3976 3973 3972 3968 3966 3965 3966 3966 3964 3964 3963 3960 3956 3953 3951 3948 3945 3942 3943 3944 3947 3949 3952 3959 3967 3972 3976 3983 3993 4003 4011 4013 4021 4029 4029 4028 4026 4023 4022 4027 4043 4065 4030 4011 4013 4024
4009 4024 4040 4056 4069 4077 4085 4090 4099 4108 4114 4122 4132 4136 4141 4141 4139 4120 4105 4097 4089 4083 4071 4062 4057 4051 4045 4038 4030 4022 4017 4013 4010 4004 3994 3986 3985 3981 3976 3971 3968 3967 3966 3964 3966 3966 3965 3963 3962 3959 3957 3954 3951 3947 3945 3942 3939 3941 3944 3946 3948 3953 3958 3957 3964 3974 3990 4002 4014 4024 4027 4028 4028 4026 4024 4022 4020 4022 4036 4041 4074 4023 4007 4016
4013 4030 4045 4056 4058 4066 4075 4097 4092 4098 4105 4112 4124 4133 4138 4137 4131 4109 4102 4097 4091 4083 4075 4056 4057 4055 4049 4043 4034 4027 4019 4015 4012 4002 3994 3991 3986 3979 3975 3973 3969 3966 3965 3964 3967 3966 3964 3962 3959 3957 3957 3954 3951 3947 3943 3941 3939 3940 3943 3945 3946 3948 3953 3949 3959 3974 3989 4000 4011 4023 4038 4036 4031 4026 4021 4020 4020 4017 4022 4045 4018 3996 4008 4016
4023 4036 4047 4056 4054 4063 4075 4089 4089 4093 4099 4107 4117 4132 4134 4137 4129 4110 4107 4099 4092 4086 4079 4071 4068 4058 4052 4046 4038 4030 4027 4022 4016 4002 3993 3991 3985 3978 3973 3965 3965 3965 3966 3964 3972 3967 3964 3960 3958 3955 3954 3955 3952 3946 3940 3938 3940 3940 3941 3942 3943 3945 3946 3948 3958 3971 3981 3993 4005 4017 4040 4037 4031 4026 4023 4020 4016 4015 4015 4023 4021 4034 4031 4028
4035 4044 4051 4059 4064 4069 4078 4084 4088 4091 4095 4099 4104 4118 4122 4118 4113 4107 4102 4098 4093 4086 4078 4072 4060 4057 4054 4051 4051 4061 4054 4031 4015 4001 3991 3989 3987 3982 3974 3966 3960 3964 3968 3968 3966 3967 3965 3962 3963 3960 3973 3971 3956 3945 3937 3935 3936 3938 3939 3939 3939 3941 3945 3945 3956 3966 3974 3987 3999 4010 4029 4030 4026 4021 4017 4012 4014 4010 4012 4013 4022 4048 4045 4041
4044 4050 4055 4058 4061 4073 4082 4084 4087 4089 4091 4090 4092 4100 4103 4098 4104 4101 4104 4099 4092 4086 4081 4076 4061 4059 4057 4058 4064 4090 4071 4030 4006 3993 3983 3983 3986 3983 3976 3968 3964 3965 3967 3967 3965 3967 3969 3972 3977 3977 3975 3965 3954 3943 3933 3936 3938 3938 3937 3936 3934 3936 3939 3942 3953 3966 3971 3985 3998 4006 4017 4020 4018 4012 4009 4003 4004 4006 4008 4011 4016 4023 4032 4034
4051 4054 4058 4060 4061 4076 4086 4084 4082 4088 4091 4092 4087 4085 4083 4084 4088 4093 4094 4092 4088 4084 4083 4079 4072 4064 4062 4066 4076 4083 4062 4018 3993 3980 3971 3970 3971 3974 3971 3975 3967 3965 3967 3968 3969 3969 3976 3984 3994 3994 3978 3962 3951 3943 3937 3937 3938 3938 3937 3934 3930 3930 3932 3935 3949 3963 3969 3984 3999 4006 4012 4011 4010 4006 3999 3998 3999 3995 4010 4015 4020 4019 4020 4021
4051 4054 4057 4058 4066 4080 4089 4089 4087 4090 4094 4097 4094 4085 4075 4072 4075 4081 4083 4084 4081 4078 4075 4072 4068 4066 4064 4062 4063 4056 4035 4002 3981 3970 3962 3959 3954 3962 3960 3961 3962 3962 3963 3966 3973 3973 3985 4001 4013 4009 3989 3966 3951 3945 3942 3942 3941 3938 3937 3936 3933 3928 3929 3936 3946 3957 3967 3981 3999 4006 4003 4002 4003 4005 4009 4008 4001 3997 4017 4018 4018 4017 4014 4014
4044 4054 4060 4063 4071 4081 4087 4090 4084 4094 4097 4094 4089 4083 4077 4073 4070 4070 4077 4075 4073 4070 4067 4063 4066 4065 4059 4051 4040 4029 4015 3994 3973 3964 3959 3956 3956 3960 3960 3954 3957 3960 3961 3965 3969 3978 3993 4010 4019 4011 3991 3969 3953 3946 3942 3940 3939 3938 3937 3936 3932 3929 3930 3938 3947 3958 3967 3976 3988 3992 3991 3993 3995 3998 4002 4002 4011 4006 4022 4019 4015 4012 4012 4013
4057 4064 4070 4073 4079 4085 4088 4086 4084 4097 4097 4090 4082 4078 4073 4070 4066 4062 4062 4066 4066 4064 4061 4058 4060 4061 4052 4040 4026 4011 4000 3982 3973 3965 3961 3959 3959 3962 3959 3957 3958 3960 3962 3967 3974 3982 3998 4014 4020 4011 3991 3971 3955 3949 3944 3939 3938 3937 3937 3935 3933 3931 3932 3937 3946 3956 3962 3971 3979 3983 3983 3986 3990 3989 3997 4012 4014 4019 4023 4018 4013 4013 4013 4014
4074 4075 4082 4084 4083 4085 4087 4088 4087 4094 4094 4084 4077 4067 4064 4063 4062 4059 4061 4061 4061 4060 4059 4059 4057 4059 4042 4024 4008 3999 3986 3979 3970 3965 3962 3962 3964 3965 3962 3960 3961 3962 3964 3968 3974 3985 4003 4019 4023 4008 3992 3971 3956 3948 3943 3939 3937 3936 3936 3935 3931 3930 3932 3935 3941 3953 3958 3969 3976 3976 3978 3985 3991 3997 4006 4015 4014 4021 4010 4012 4012 4011 4012 4013
4084 4080 4079 4075 4076 4075 4083 4091 4090 4091 4088 4078 4075 4068 4064 4057 4058 4055 4057 4057 4057 4058 4058 4056 4056 4044 4028 4011 3993 3975 3968 3967 3963 3965 3965 3965 3965 3965 3969 3965 3964 3966 3970 3974 3979 3990 4009 4020 4018 4003 3986 3972 3952 3948 3943 3939 3936 3935 3933 3932 3930 3932 3932 3934 3939 3951 3956 3961 3964 3969 3977 3987 3997 4006 4013 4016 4016 4023 4008 4011 4014 4010 4011 4012
4076 4078 4078 4076 4073 4069 4079 4091 4087 4081 4077 4071 4064 4059 4054 4056 4057 4060 4054 4055 4056 4056 4055 4054 4045 4027 4013 4001 3985 3965 3953 3958 3961 3967 3976 3981 3968 3961 3964 3964 3965 3969 3972 3978 3986 3998 4011 4018 4013 4005 3995 3985 3956 3949 3943 3937 3936 3934 3931 3926 3927 3930 3932 3935 3941 3947 3951 3953 3957 3979 3982 3991 4002 4011 4016 4016 4015 4021 4014 4013 4018 4012 4011 4011
4078 4073 4075 4077 4073 4073 4076 4083 4081 4076 4070 4071 4057 4058 4056 4058 4056 4052 4053 4056 4054 4051 4048 4045 4034 4011 3999 3988 3978 3969 3953 3948 3955 3966 3978 3983 3972 3966 3965 3964 3970 3975 3982 3988 3996 4003 4012 4016 4010 4010 4018 3999 3974 3952 3943 3939 3936 3934 3932 3927 3926 3928 3932 3937 3943 3943 3944 3949 3964 3976 3985 3994 4004 4014 4014 4013 4013 4025 4015 4013 4013 4015 4011 4011
4077 4069 4064 4068 4068 4069 4069 4068 4073 4076 4068 4062 4064 4071 4077 4074 4060 4049 4056 4057 4051 4044 4037 4029 4015 3996 3988 3974 3969 3966 3955 3950 3956 3963 3968 3966 3970 3971 3967 3967 3978 3991 4003 4009 4008 4009 4015 4012 4007 4012 4026 3997 3985 3953 3944 3940 3936 3932 3929 3925 3926 3929 3934 3938 3941 3941 3944 3953 3967 3979 3987 3995 4002 4009 4010 4010 4010 4010 4016 4013 4014 4012 4010 4006
4073 4067 4062 4061 4063 4065 4065 4064 4069 4073 4073 4064 4058 4067 4072 4068 4063 4062 4058 4053 4044 4036 4026 4013 3996 3989 3985 3966 3962 3958 3954 3953 3957 3960 3962 3963 3968 3973 3966 3970 3987 4010 4026 4028 4016 4008 4007 4002 3996 3996 4015 4009 3980 3953 3945 3940 3935 3930 3924 3921 3926 3931 3934 3937 3940 3941 3946 3958 3971 3983 3988 3994 3999 4002 4007 4007 4006 4009 4005 4005 4004 4004 4003 4002
4063 4062 4059 4059 4058 4059 4064 4070 4065 4064 4064 4066 4064 4062 4066 4065 4061 4059 4051 4040 4036 4027 4015 4001 3992 3978 3973 3966 3958 3953 3951 3958 3958 3959 3960 3964 3967 3972 3975 3974 3998 4026 4035 4031 4017 4002 3990 3987 3982 3979 3982 3983 3969 3950 3945 3940 3935 3930 3925 3921 3924 3928 3932 3937 3939 3942 3950 3961 3972 3978 3986 3994 3998 4000 4003 4005 4003 4005 4003 4001 4001 4001 4010 4017
4050 4057 4054 4052 4050 4052 4055 4055 4058 4055 4058 4067 4064 4061 4060 4066 4063 4049 4045 4044 4032 4019 4005 3991 3973 3969 3965 3963 3956 3950 3952 3954 3957 3957 3957 3957 3962 3971 3977 3993 4013 4033 4038 4027 4012 3997 3985 3978 3973 3971 3967 3960 3953 3944 3938 3936 3934 3932 3929 3925 3925 3926 3928 3932 3938 3942 3951 3960 3968 3975 3985 3996 4007 4014 4014 4006 3999 4000 4002 3998 4000 4008 4013 4018
4046 4048 4048 4046 4049 4051 4054 4055 4055 4054 4055 4053 4056 4063 4065 4068 4064 4048 4042 4039 4028 4014 3999 3985 3973 3967 3964 3958 3954 3951 3951 3958 3955 3956 3958 3959 3968 3980 3997 4022 4032 4043 4024 4013 4002 3992 3980 3971 3967 3964 3960 3955 3946 3940 3935 3934 3934 3932 3931 3928 3929 3928 3926 3920 3928 3948 3952 3956 3965 3972 3982 3995 4012 4018 4014 4005 3999 3998 3995 3996 3999 4001 4006 4010
4045 4045 4046 4046 4051 4053 4055 4056 4052 4050 4049 4046 4049 4061 4061 4060 4050 4043 4036 4033 4022 4007 3993 3980 3970 3963 3956 3953 3950 3948 3946 3953 3953 3955 3961 3970 3985 3999 4022 4031 4025 4013 3997 3993 3990 3986 3976 3966 3963 3959 3956 3951 3942 3937 3936 3935 3934 3932 3929 3927 3931 3931 3931 3926 3918 3910 3961 3981 3962 3966 3975 3985 3997 4000 3999 4000 4000 3995 3994 3993 3998 4006 4005 4002
4044 4042 4046 4045 4041 4045 4047 4047 4046 4043 4040 4045 4041 4052 4053 4046 4038 4032 4027 4024 4013 3998 3984 3973 3964 3956 3950 3946 3941 3939 3940 3942 3946 3952 3960 3971 3983 3995 4008 3995 3991 3986 3979 3978 3979 3976 3964 3962 3960 3958 3955 3948 3940 3936 3936 3935 3934 3932 3928 3927 3929 3932 3935 3946 3948 3974 3956 3978 3959 3961 3968 3974 3976 3982 3988 3992 3992 3990 3988 3992 3995 4013 4015 4007
