real_craters/C189-300m.grd
DSAA
587 587
-87.9375 87.9375
-87.9375 87.9375
2563.0478150371 4976.3069802699
[rows 210 to 239 of 587, columns 469 to 535 of 587]
4064.04 4066.6 4069.23 4072.26 4075.29 4078.7 4080.95 4078.12 4072.13 4069.15 4068.29 4065.21 4062.48 4060.9 4059.19 4057.73 4056.65 4055.16 4053.83 4052.13 4050.31 4048.43 4047.06 4047.05 4047.25 4047.37 4047.75 4047.59 4047.44 4047.85 4049.7 4049.24 4049.69 4051.36 4052.21 4053.47 4054.44 4054.83 4054.69 4054.86 4057.03 4058.76 4059.93 4061.48 4064.91 4071.15 4077.27 4078.83 4085.05 4094.08 4093.82 4092.59 4091.63 4090.85 4088.51 4083.25 4078.36 4075.14 4073.83 4073.03 4072.87 4072.83 4072.79 4073.44 4074.04 4074.87 4076.32
4063.77 4066.71 4069.69 4073.02 4076.23 4079.74 4082.39 4078.91 4070.91 4065.77 4064.8 4062.27 4060.18 4059.11 4057.94 4056.76 4055.91 4054.95 4053.34 4051.91 4049.93 4047.94 4046.85 4046.78 4047.04 4047.27 4046.97 4046.57 4045.49 4044.36 4042.99 4043.85 4045.31 4046.8 4050.57 4053.96 4056.19 4057.7 4058.81 4059.71 4060.89 4061.79 4062.6 4064.17 4067.18 4073.63 4079.8 4080.87 4085.06 4093.43 4095.17 4094.62 4093.11 4092.51 4089.11 4082.38 4077.9 4076.1 4075.14 4074.8 4074.9 4075.11 4075.3 4075.76 4076.56 4077.7 4079.26
4063.86 4066.73 4069.62 4072.76 4075.69 4078.58 4080.17 4076.1 4067.2 4060.43 4058.5 4058.14 4057.79 4057.04 4056.53 4055.85 4055.42 4054.92 4054.23 4052.53 4050.56 4048.45 4046.47 4047.25 4047.45 4047.46 4047.38 4046.35 4044.65 4042.07 4039.58 4042.12 4043.88 4047.32 4052.44 4056.57 4059.37 4061.64 4063.97 4066.03 4065.29 4065.25 4065.73 4067.39 4070.71 4076.77 4082.75 4084.07 4088.33 4094.55 4096.33 4096.45 4096.27 4094.07 4089.76 4084.38 4080.17 4078.13 4076.97 4076.57 4076.68 4076.96 4077.51 4078.45 4079.49 4080.72 4082.37
4064.12 4066.37 4068.95 4071.66 4073.95 4075.72 4076.18 4071.91 4063.15 4057.24 4055.1 4055.47 4056.12 4056.14 4056.31 4056.2 4055.88 4055.78 4055.62 4054.63 4053.04 4051.19 4049.56 4049.32 4048.99 4048.63 4048.07 4047.1 4045.94 4044.09 4042.81 4048.18 4052.42 4055.64 4058.88 4061.41 4063.74 4065.65 4067.34 4067.97 4068.18 4068.42 4068.68 4070.33 4073.55 4079.36 4086.16 4086.84 4091.03 4096.09 4096.78 4097.29 4097.49 4096.57 4091.34 4085.5 4082.13 4080.01 4078.71 4078.59 4078.81 4079.3 4080.03 4080.9 4082.21 4083.88 4086
4064.82 4066.98 4068.79 4070.69 4072.06 4072.49 4071.87 4069 4063.55 4057.63 4055.77 4055.19 4055.39 4055.95 4056.48 4056.67 4056.84 4056.93 4057.32 4057.36 4056.84 4055.89 4054.35 4052.6 4051.23 4050.03 4049.26 4049.05 4049.3 4051.51 4053.86 4058 4061.18 4063.29 4065.09 4067.03 4068.4 4069.5 4070.46 4071.51 4072.26 4071.77 4070.94 4070.97 4074.07 4079.88 4085.29 4085.84 4089.22 4093.07 4095.76 4096.56 4096.23 4093.64 4091.82 4088.08 4084.32 4081.44 4080.67 4080.86 4081.06 4081.53 4082.37 4083.46 4084.92 4087.02 4090.05
4063.56 4065.32 4067.16 4068.46 4069.9 4069.46 4068.56 4067.13 4065.83 4060.25 4056.6 4055.14 4055.26 4056.12 4056.68 4057.19 4057.75 4058.5 4059.1 4059.92 4060.57 4061.74 4059.42 4056.09 4053.27 4051.27 4050.1 4050 4051.87 4058.14 4063.72 4066.1 4068.9 4070.24 4072.28 4073.15 4072.9 4073 4074.17 4076.55 4077.17 4075.48 4073.34 4071.83 4074.56 4079.89 4083.37 4082.01 4087.73 4092.55 4095.09 4095.7 4094.57 4093.48 4094.07 4092.42 4087.53 4083.69 4083.36 4083.33 4083.52 4083.91 4084.59 4085.83 4087.39 4089.57 4092.8
4062.83 4064.39 4065.75 4066.76 4067.58 4067.23 4066.66 4065.48 4065.54 4061.02 4057.04 4055.37 4055.74 4056.83 4057.65 4058.26 4059.11 4059.9 4060.58 4061.76 4062.87 4063.89 4061.69 4058.11 4054.86 4052.27 4050.47 4049.6 4050.32 4053.89 4059.88 4068.16 4076.13 4079.94 4082.15 4078.48 4076.06 4075.13 4076.32 4080.19 4081.71 4079.13 4076.71 4075.15 4077.14 4081.36 4083.39 4083.53 4089.18 4093.71 4095.77 4095.76 4095.21 4095.16 4095.2 4093.99 4090.67 4087.97 4086.86 4086.08 4085.79 4085.98 4086.39 4087.37 4089.18 4091.26 4093.98
4063.12 4064.1 4065.06 4065.8 4066.59 4066.03 4065.75 4065.28 4064.68 4061.75 4058.71 4057.03 4057.51 4058.24 4059.18 4060 4060.46 4061.37 4062.03 4062.7 4063.55 4065.54 4062.81 4059.11 4056.02 4053.36 4050.9 4048.71 4046.92 4046.78 4054.61 4065.12 4073.17 4078.31 4081.67 4079.27 4077.11 4075.63 4075.49 4080.48 4083.15 4081.72 4080.47 4080.12 4082.1 4085.11 4086.54 4088.4 4092.54 4098 4096.6 4095.89 4095.68 4095.67 4095.22 4094.49 4093.14 4092.04 4090.28 4088.7 4087.81 4087.7 4087.88 4088.56 4089.96 4092.5 4095.38
4062.74 4063.21 4063.81 4064.49 4065.25 4065.42 4065.24 4064.14 4063.66 4063.06 4062.03 4061.11 4060.12 4060.18 4060.92 4062.13 4062.6 4062.83 4063.19 4063.31 4062.73 4062.17 4062.27 4059.89 4057.27 4054.74 4051.96 4049.12 4046.21 4044.49 4052.82 4062.25 4067.65 4071.69 4075.73 4077.12 4076.92 4076.58 4076.71 4079.58 4081.69 4083.35 4084.27 4085.34 4087.99 4092.16 4093.96 4094.1 4094.28 4094.75 4094.6 4094.95 4095.43 4094.9 4096.16 4095.73 4094.72 4093.9 4092.27 4090.5 4089.28 4088.71 4088.44 4089.23 4090.42 4092.18 4095.03
4062.41 4062.42 4062.85 4063.12 4064.18 4064.87 4065.59 4063.75 4063.69 4063.4 4063.2 4064.14 4061.66 4061.66 4062.87 4063.71 4064.54 4064.97 4064.89 4064.54 4063.18 4061.88 4062.29 4060.92 4059.11 4056.73 4054.26 4051.37 4049.14 4050.1 4055.74 4062.88 4068.91 4069.62 4072.69 4074.76 4076.86 4078.19 4079.66 4081.35 4083.38 4085.82 4088.27 4090.83 4094.96 4100.98 4103.06 4098.99 4094.46 4090.89 4091.11 4093.27 4095.9 4096.47 4096.79 4096.47 4095.54 4094.31 4093.1 4091.72 4090.21 4089.34 4088.82 4088.94 4089.68 4090.66 4092.59
4061.9 4061.64 4061.68 4061.63 4062.89 4064.27 4066.71 4068.47 4066.15 4062.16 4059.97 4057.53 4060.4 4063 4065.01 4066.4 4067.15 4067.34 4066.99 4066.73 4066.43 4065.86 4064.24 4062.69 4061.23 4059.28 4057.39 4055.49 4054.35 4056.19 4060.41 4064.92 4067.89 4066.86 4067.98 4073.01 4078.04 4081.68 4083.18 4084.58 4086.1 4088.88 4092.36 4096.51 4101.56 4105.08 4103.97 4099.94 4093.91 4088.5 4088.14 4091.56 4094.31 4094.78 4096.18 4096.42 4096.18 4095.8 4094.6 4092.62 4090.84 4089.37 4088.44 4087.77 4087.5 4087.65 4089.21
4061.52 4060.98 4060.55 4060.15 4060.57 4061.48 4064.14 4068.36 4063.8 4056.98 4053.23 4054.01 4060.49 4065.16 4068 4069.63 4070.32 4069.81 4069.13 4068.19 4068.08 4067.67 4066.07 4064.89 4063.79 4062.59 4061.39 4060.26 4059.73 4062.81 4065.07 4067.5 4069.7 4068.35 4068.96 4074.65 4080.53 4086.08 4088.18 4087.75 4088.6 4091.52 4095.47 4100.19 4104.68 4105.18 4104.99 4100.2 4093.91 4087.17 4086.77 4091.27 4095.08 4095.72 4095.58 4096.29 4096.58 4096.77 4095.53 4092.95 4090.78 4088.7 4086.97 4085.65 4084.48 4083.51 4082.76
4061.15 4060.31 4059.38 4058.63 4057.86 4056.88 4056.6 4054.8 4052.3 4050.29 4050.24 4058.66 4064.88 4069.32 4072.31 4073.8 4074.18 4073.3 4071.68 4069.13 4066.55 4067.04 4067.37 4067.35 4066.75 4065.81 4064.87 4064.64 4065.43 4068.19 4068.96 4070.14 4070.54 4070.2 4075.22 4079.33 4082.92 4086.57 4088.76 4089.66 4091.07 4093.56 4097.11 4101.19 4103.97 4103.83 4104.98 4100.59 4095.47 4091.31 4090.72 4092.94 4094.91 4095.56 4095.11 4096.68 4097.12 4095.8 4093.44 4092.37 4089.84 4087.38 4084.91 4082.59 4080.68 4079.55 4077.98
4060.66 4059.87 4058.22 4056.65 4054.42 4052.31 4049.33 4046.55 4045.6 4046.6 4049.34 4061.27 4069.95 4074.73 4077.59 4078.72 4078.87 4077.83 4076 4072 4066.32 4068.62 4070.45 4070.79 4070.43 4069.44 4068.8 4068.52 4068.21 4070.32 4071.84 4073.05 4074.3 4074.24 4079.17 4082.43 4084.55 4086.62 4088.79 4090.45 4092.01 4094.34 4097.48 4100.94 4103.44 4102.97 4103.5 4100.37 4097.06 4095.22 4095.39 4096.44 4097.7 4098.02 4097.4 4098.8 4098.86 4097.24 4094.86 4092.37 4089.11 4085.69 4082.44 4079.49 4076.91 4075.4 4074.38
4059.92 4058.91 4057.11 4055.16 4052.44 4049.12 4045.51 4043.51 4044.11 4047.63 4052.4 4064.52 4075.8 4081.46 4083.81 4084.63 4084.45 4083.64 4081.97 4079.04 4075.61 4075.15 4075.58 4074.66 4073.92 4072.71 4072.09 4072.19 4072.99 4072.83 4074.52 4076.03 4077.37 4077.41 4080.7 4083.4 4085.74 4087.71 4089.46 4090.99 4092.4 4094.36 4096.86 4099.58 4103.04 4103.5 4101.9 4099.08 4097.51 4097.17 4098.39 4101.01 4102.45 4102.11 4102.41 4102.74 4101.89 4100.25 4097.48 4093.5 4088.58 4083.54 4079.49 4076.13 4072.9 4070.17 4068
4058.65 4057.7 4056.61 4054.99 4052.74 4048.7 4044.77 4043.95 4046.3 4053.64 4063.47 4077.74 4087.5 4089.57 4090.12 4089.73 4089.12 4088.76 4088.67 4088.79 4086.65 4083.6 4081.1 4079.08 4077.43 4075.83 4074.93 4074.51 4074.95 4075.09 4077.07 4078.84 4080.73 4083.81 4083.25 4085.05 4086.95 4088.75 4090.21 4091.56 4092.99 4094.33 4095.39 4096.11 4095.48 4093.93 4095.18 4096.54 4097.03 4097.88 4100.54 4104.75 4108.1 4108.96 4109.59 4107.12 4104.22 4102.49 4100.62 4093.94 4086.54 4080.97 4077.17 4073.75 4070.09 4066.04 4063.35
4057.63 4056.92 4056.76 4056.01 4054.75 4051.47 4047.92 4049.05 4053.17 4061.53 4074.09 4087.18 4095.03 4096.1 4094.93 4093.46 4092.4 4092.3 4093.51 4096.62 4096.87 4089.97 4085.46 4082.93 4080.08 4078.76 4077.35 4075.57 4074.08 4076.54 4079.54 4081.39 4082.47 4081.51 4084.27 4086.46 4088.06 4089.48 4090.82 4091.92 4093.28 4094.19 4094.01 4093.33 4090.83 4090.2 4093.49 4095.64 4097.51 4098.5 4099.63 4107.28 4113.25 4116.67 4117.1 4109.26 4102.15 4098.86 4102.65 4088.55 4080.06 4076.15 4074.21 4072.35 4069.26 4064.93 4062.51
4056.88 4056.68 4057.47 4057.92 4058.37 4058.29 4056.72 4056.16 4058.91 4066.92 4078.22 4090.7 4099.56 4100.01 4097.49 4095.22 4093.68 4092.98 4093.91 4095.78 4095.27 4091.1 4087.23 4084.67 4082.35 4081.28 4079.73 4077.92 4076.87 4080.36 4082.91 4084.73 4085.74 4086.05 4087.43 4088.53 4090.3 4091.15 4091.54 4091.93 4091.8 4091.59 4093.51 4093.38 4091.78 4089.23 4093.67 4097.08 4099.76 4102.07 4105.6 4114.29 4120.68 4124.24 4120.42 4106.42 4093.4 4082.81 4071.28 4068.11 4068.83 4070.29 4072 4072.64 4071.68 4067.74 4065.75
4055.2 4056.06 4057.38 4059.34 4061.84 4065.88 4066.38 4061.77 4061.67 4069.73 4081.62 4094.58 4103.93 4100.45 4097.02 4094.05 4092.05 4091.08 4091.14 4090.55 4089.93 4088.3 4086.14 4084.35 4082.74 4082.59 4083.26 4084.05 4083.93 4085.39 4087.04 4088.65 4090.23 4092.21 4091.91 4090.8 4091.64 4092.09 4091.96 4092.46 4093.15 4094.03 4095.58 4095.9 4095.07 4091.82 4095.21 4100.34 4104.83 4108.05 4109.71 4117.88 4125.23 4126.8 4118.07 4096.49 4080.49 4065.52 4049.97 4050.24 4058.35 4065.17 4070.97 4075.29 4078.16 4077.33 4073.74
4054.08 4055.38 4057.03 4059.56 4062.32 4066.17 4066.66 4063.55 4063.76 4070.21 4082.05 4094.44 4096.35 4095.48 4092.75 4089.84 4087.57 4086.07 4086.01 4088.13 4086.06 4084.15 4083.25 4082.53 4082.61 4082.72 4085.13 4090.46 4090.17 4089.72 4090.59 4092.4 4094.2 4094.7 4094.2 4092.14 4090.46 4090.66 4091.35 4092.72 4095.64 4099.84 4098.14 4098.5 4100.17 4099.2 4100.18 4106.63 4112.98 4117.92 4120.85 4122.9 4124.86 4113.91 4090.41 4080 4068.12 4055.46 4044.28 4044.56 4053.54 4063.17 4071.99 4079.52 4085.57 4088.92 4082.68
4053.11 4055.7 4057.59 4059.49 4061.48 4061.87 4062.8 4062.24 4061.39 4066.45 4074.75 4080.65 4087.68 4087.46 4085.6 4083.43 4081.26 4078.93 4076.86 4077.15 4077.59 4078.32 4079.09 4079.59 4080.15 4080.49 4082.61 4087.97 4090.18 4090.67 4092.48 4095.31 4098.08 4099.81 4098.63 4093.85 4090.39 4089.56 4089.93 4091.08 4093.2 4095.33 4096.42 4098.09 4098.72 4103.77 4106.04 4114.44 4122.62 4129.76 4134.14 4132.12 4123.8 4103.51 4075.54 4068.77 4060.59 4051.46 4044.02 4044.91 4053.8 4064.27 4074.61 4083.99 4090.79 4092.84 4087.52
4053.02 4054.84 4057.19 4059.88 4061.88 4064.3 4063.82 4062.57 4060.85 4064.01 4069.21 4073.02 4077.79 4078.03 4077.28 4076.2 4074.4 4071.72 4067.61 4063.23 4069.04 4072.7 4074.82 4076.08 4077.23 4076.73 4077.08 4077.2 4083.69 4088.67 4092.53 4096.64 4100.95 4104.99 4104.84 4095.55 4090.9 4088.59 4087.97 4088.37 4088.81 4088.2 4092.98 4096.46 4095.18 4104.97 4113.87 4122.64 4131.67 4140.82 4148.63 4143.9 4127.31 4104.22 4081.93 4068.17 4059.4 4052.3 4047.75 4049.22 4057.09 4067.62 4078.6 4088.53 4095.88 4096.95 4090.88
4052.2 4053.96 4056.38 4058.77 4061.92 4066.78 4066.38 4065.67 4064.98 4066.15 4068.14 4069.2 4067.23 4068.22 4069.49 4069.75 4068.81 4066.85 4064.24 4062.89 4065.57 4068.9 4071.49 4073.29 4074.2 4074.6 4073.45 4075.59 4080.82 4086.15 4091.22 4096.15 4101.12 4105.77 4104.55 4092.89 4088.43 4086.15 4085.43 4085.67 4086.68 4089.73 4093.68 4096.54 4095.26 4111.24 4123.16 4129.83 4137.66 4146.49 4155.67 4150.76 4130.85 4108.13 4085.87 4071.26 4062.37 4056.6 4052.73 4052.74 4062.64 4072.58 4083.02 4092.77 4100.18 4100.34 4092.85
4051.49 4053.49 4054.75 4056.39 4058.58 4063.28 4066.63 4069.71 4072.37 4072.81 4069.44 4063.7 4060.25 4061.51 4063.9 4064.99 4065 4064.21 4063.66 4063.56 4064.96 4067.21 4069.62 4071.62 4072.6 4072.9 4071.86 4073.4 4078.88 4084.46 4089.68 4094.4 4098.41 4100.92 4096.39 4086.12 4082.83 4082.78 4082.77 4083.21 4084.6 4087.57 4094.34 4103.24 4098.12 4113.76 4126.59 4133.27 4139.4 4145.14 4148.79 4147 4134.18 4112.14 4089.49 4074.68 4067.35 4063.57 4063.14 4067.56 4070.5 4077.66 4086.81 4095.75 4101.91 4100.54 4092.79
4047.91 4049.4 4050.98 4051.85 4053.9 4057.84 4065.02 4072.58 4081.13 4083.2 4072.23 4061.58 4058.17 4059.33 4061.17 4062.33 4062.5 4062.17 4062.59 4063.19 4064.27 4066.32 4068.74 4070.99 4072.34 4072.93 4071.83 4073.48 4078.21 4083.35 4088.06 4092.01 4094.57 4094.3 4088.38 4084.47 4081.66 4081.03 4081.12 4081.55 4082.56 4084.61 4092.7 4103.66 4101.13 4113.36 4126.32 4134.13 4138.95 4140.5 4139.35 4139.53 4138.64 4115.9 4091.48 4078.23 4073.63 4070.77 4070.46 4072.92 4074.9 4080.82 4088.68 4096.85 4102.36 4098.96 4090.45
4048.17 4051.13 4050.79 4049.78 4049.7 4053.98 4062.62 4072.01 4082.15 4085.13 4071.88 4061.31 4057.29 4058.65 4060.98 4061.56 4061.26 4060.67 4060.23 4061.3 4063.38 4065.58 4068.16 4070.98 4073.14 4075.09 4074.51 4075.41 4078.78 4082.76 4086.67 4089.91 4091.73 4091.04 4087.47 4086.4 4082.54 4080.66 4080.32 4080.61 4081.96 4084.49 4091.79 4098.96 4097.39 4116.52 4127.06 4136.35 4138.21 4136.28 4133.58 4136 4135.93 4118.8 4099.11 4087.36 4082.46 4077.8 4073.77 4069.44 4075 4080.92 4087.67 4095.12 4100.8 4094.75 4085.42
4051.86 4052.01 4051.46 4049.3 4045.28 4050.13 4060.66 4068.37 4073.89 4073.53 4065.55 4057.46 4056.32 4061.01 4063.16 4062.72 4061.28 4060.01 4059.56 4060.62 4062.89 4065.42 4068.12 4071.01 4074.33 4077.78 4081.39 4079.27 4079.54 4082.47 4085.62 4088.48 4090.51 4091.2 4090.16 4085.94 4081.68 4080.59 4080.55 4080.54 4082.09 4084.53 4091.46 4098.03 4100.29 4125.48 4144.14 4142.32 4137 4132.45 4128.55 4127.52 4129.16 4119.71 4110.91 4102.57 4092.56 4085.26 4079.85 4075.96 4077.92 4080.78 4083.97 4087.24 4089.58 4085.11 4077.38
4054.73 4054.77 4055.45 4055 4050.31 4055.16 4062.76 4066.32 4065.54 4059.83 4059.31 4057.43 4060.85 4070.07 4067.19 4064.18 4061.49 4059.71 4058.82 4060.34 4062.78 4065.53 4068.46 4071.5 4074.72 4078.17 4080.98 4078.03 4079.91 4082.09 4084.57 4086.97 4090.17 4092.3 4093.45 4087.71 4082.26 4081.32 4081.05 4081.37 4082.14 4086.35 4095.16 4097.84 4102.68 4128.69 4149.54 4140.47 4130.65 4124.66 4120.56 4117.75 4118.46 4115.5 4113.66 4109.82 4098.43 4090.88 4086.64 4085.38 4082.84 4080.18 4078.45 4076.52 4074.53 4072.53 4067.82
4056.01 4056.36 4058.96 4064.61 4076.8 4070.19 4068.4 4069.31 4067.69 4055.06 4063.36 4060.91 4062.26 4071 4068.46 4064.89 4062.01 4059.99 4059.15 4060.82 4063.31 4066.12 4069.12 4072.11 4074.68 4076.43 4078.18 4079.27 4080.3 4082.99 4085.34 4087.51 4089.92 4092.24 4094.04 4090.04 4085.92 4082.74 4080.91 4080.95 4081.71 4085.88 4093.83 4094.86 4099.4 4117.08 4127.89 4122.81 4117.05 4110.99 4108.41 4108.44 4106.18 4105.9 4105.55 4103.3 4096.85 4092.05 4089.26 4088.48 4084 4077.91 4072.68 4067.27 4064.12 4062.39 4058.98
4056.03 4056.2 4058.29 4064.01 4076.07 4072.54 4071.09 4074.01 4081.18 4104.02 4080.59 4064.75 4059.5 4066.76 4066.28 4064.4 4062.26 4060.57 4060.59 4061.77 4064.28 4067.01 4069.62 4072.2 4074.53 4075.79 4076.46 4078.82 4080.37 4082.28 4084.08 4085.86 4087.35 4089 4089.95 4088.33 4087.93 4081.46 4079.05 4079.34 4080.09 4081.75 4083.38 4084.62 4090.81 4098.42 4099.89 4101.55 4102.3 4099.7 4096.96 4093.29 4092.8 4094.67 4094.46 4091.05 4091.62 4089.65 4087.27 4084.26 4079.46 4073.91 4067.58 4061.04 4057.03 4054.99 4051.76
