real_craters/C189-750m.grd
DSAA
235 235
-87.9375 87.9375
-87.9375 87.9375
2576.8925067047 4974.1779472592
[rows 38 to 75 of 235, columns 0 to 83 of 235]
4044 4044 4043 4043 4043 4043 4043 4042 4041 4038 4035 4034 4037 4040 4033 4034 4030 4023 4014 4006 3995 3986 3975 3964 3955 3949 3948 3943 3939 3937 3935 3941 3939 3949 3957 3967 3977 3979 3980 3976 3974 3979 3971 3971 3971 3970 3962 3959 3957 3954 3951 3947 3935 3932 3934 3934 3933 3933 3929 3928 3932 3933 3934 3937 3950 3958 3958 3956 3955 3959 3965 3970 3972 3978 3984 3987 3991 3992 3999 3997 3999 4024 4033 4021
4034 4033 4034 4038 4042 4043 4045 4042 4039 4035 4031 4027 4025 4022 4016 4012 4013 4006 4002 3996 3988 3976 3964 3953 3944 3942 3947 3944 3938 3937 3932 3938 3946 3946 3950 3956 3964 3958 3964 3965 3977 3980 3974 3969 3965 3960 3957 3955 3953 3950 3948 3941 3937 3930 3929 3932 3932 3931 3927 3928 3932 3933 3934 3936 3941 3942 3946 3953 3957 3960 3964 3969 3975 3979 3983 3986 3987 3990 3994 4002 4006 4042 4060 4030
4033 4033 4039 4036 4038 4041 4042 4040 4035 4031 4026 4019 4010 4010 4002 3994 3991 3995 3990 3985 3980 3966 3954 3943 3933 3925 3934 3945 3936 3936 3931 3928 3934 3936 3940 3942 3938 3937 3948 3954 3959 3973 3973 3966 3960 3952 3949 3948 3946 3943 3941 3934 3929 3924 3930 3933 3933 3929 3926 3926 3928 3932 3935 3934 3936 3941 3949 3956 3957 3959 3964 3969 3974 3978 3983 3989 3990 3990 3993 3997 4002 4046 4064 4040
4033 4034 4036 4035 4036 4038 4040 4036 4030 4025 4020 4011 4000 3994 3983 3980 3976 3983 3976 3970 3961 3952 3943 3934 3925 3918 3919 3940 3934 3934 3924 3918 3920 3927 3932 3933 3934 3937 3946 3948 3947 3957 3960 3958 3955 3953 3945 3939 3937 3933 3929 3924 3921 3924 3936 3940 3937 3931 3925 3928 3931 3933 3935 3934 3936 3941 3953 3959 3954 3959 3964 3968 3971 3976 3983 3992 3994 3994 3999 4008 4002 4036 4064 4029
4031 4029 4032 4032 4032 4034 4034 4030 4024 4016 4008 3997 3992 3985 3976 3971 3966 3963 3960 3953 3945 3939 3933 3927 3921 3919 3918 3925 3930 3929 3921 3920 3922 3925 3926 3928 3931 3935 3937 3935 3931 3943 3943 3945 3946 3948 3938 3931 3926 3923 3920 3923 3936 3946 3952 3948 3945 3941 3933 3933 3934 3935 3932 3931 3934 3939 3950 3959 3961 3962 3964 3965 3968 3972 3982 3993 3998 3997 4000 4008 4002 4022 4037 4016
4027 4027 4026 4029 4029 4028 4025 4021 4016 4009 3998 3986 3981 3978 3964 3955 3951 3953 3946 3939 3935 3932 3928 3925 3921 3919 3923 3926 3930 3926 3925 3924 3925 3923 3923 3923 3924 3923 3924 3920 3913 3919 3925 3930 3931 3929 3925 3919 3915 3918 3922 3933 3951 3956 3953 3952 3952 3955 3945 3943 3943 3942 3936 3930 3933 3937 3941 3956 3959 3964 3965 3965 3967 3972 3978 3984 3997 3995 3994 4000 3998 4007 4009 4004
4024 4024 4024 4027 4024 4020 4016 4012 4008 4004 3997 3983 3969 3962 3955 3950 3939 3931 3927 3927 3928 3925 3922 3919 3919 3918 3915 3913 3924 3921 3924 3926 3923 3918 3918 3920 3920 3915 3911 3910 3902 3905 3913 3916 3917 3915 3913 3907 3904 3918 3931 3943 3948 3949 3949 3951 3953 3953 3951 3954 3955 3954 3950 3938 3939 3938 3938 3954 3966 3972 3968 3965 3967 3972 3975 3976 3987 3993 3994 3998 3991 4001 4004 4002
4016 4018 4020 4017 4019 4010 4005 4002 4000 3999 3996 3989 3965 3956 3947 3940 3939 3923 3916 3915 3914 3912 3913 3913 3914 3915 3909 3914 3914 3907 3928 3923 3916 3910 3912 3915 3916 3905 3900 3897 3905 3904 3907 3907 3908 3908 3907 3905 3915 3923 3931 3937 3940 3944 3947 3951 3953 3952 3950 3952 3957 3960 3961 3955 3949 3943 3941 3945 3963 3972 3965 3962 3967 3973 3978 3985 3988 3994 3997 3994 3992 4004 4007 4006
4005 4009 4010 4012 4009 3999 3992 3991 3992 3993 3998 3990 3964 3948 3940 3937 3930 3915 3909 3907 3905 3901 3905 3906 3907 3906 3896 3908 3904 3900 3902 3904 3900 3900 3903 3908 3918 3905 3894 3895 3899 3903 3902 3900 3898 3898 3903 3909 3918 3924 3930 3936 3943 3949 3956 3953 3951 3948 3947 3950 3957 3965 3971 3967 3960 3957 3952 3946 3952 3956 3958 3958 3965 3974 3982 3991 3992 3994 3997 3994 3991 4011 4016 4013
3980 3991 3999 4000 4003 3993 3983 3982 3982 3986 3996 3984 3962 3937 3930 3927 3918 3906 3903 3902 3900 3899 3898 3899 3900 3900 3893 3899 3897 3885 3889 3894 3897 3895 3894 3894 3892 3892 3890 3891 3895 3899 3899 3896 3894 3896 3901 3908 3914 3922 3929 3934 3940 3948 3953 3950 3947 3945 3944 3945 3958 3969 3974 3971 3966 3965 3960 3959 3952 3948 3954 3961 3967 3976 3984 3988 3989 3988 3993 4000 3996 4015 4028 4027
3965 3974 3989 4009 4014 3999 3984 3975 3971 3972 3980 3968 3946 3926 3921 3918 3913 3904 3905 3899 3894 3888 3891 3893 3892 3891 3889 3892 3892 3888 3886 3889 3890 3889 3887 3883 3876 3881 3885 3886 3891 3896 3894 3893 3892 3895 3901 3906 3913 3921 3927 3929 3933 3937 3944 3943 3940 3940 3944 3952 3963 3973 3974 3972 3967 3959 3958 3957 3950 3950 3954 3961 3971 3979 3987 3990 3985 3981 3986 4005 4011 4016 4040 4046
3943 3953 3976 4011 4017 3999 3980 3966 3957 3950 3947 3942 3929 3926 3916 3906 3906 3902 3899 3895 3892 3890 3888 3887 3886 3884 3882 3886 3891 3891 3888 3886 3885 3885 3882 3878 3876 3876 3878 3881 3888 3890 3886 3889 3895 3897 3900 3905 3911 3920 3925 3928 3924 3930 3934 3934 3932 3934 3945 3957 3968 3981 3979 3975 3970 3961 3955 3948 3948 3948 3954 3965 3974 3982 3989 3991 3984 3981 3988 4009 4025 4034 4047 4050
3936 3948 3967 3994 4006 3986 3966 3952 3942 3935 3931 3926 3921 3917 3910 3906 3902 3899 3895 3892 3890 3887 3884 3882 3881 3883 3875 3874 3880 3877 3880 3880 3880 3878 3875 3874 3875 3874 3874 3876 3882 3881 3880 3885 3888 3893 3898 3903 3910 3915 3920 3922 3917 3923 3925 3925 3928 3933 3944 3956 3966 3977 3981 3976 3975 3976 3960 3950 3954 3954 3956 3966 3978 3989 3989 3986 3983 3980 3986 4000 4026 4026 4038 4046
3927 3935 3957 3971 3966 3948 3940 3935 3928 3918 3915 3917 3913 3908 3902 3901 3899 3892 3893 3891 3888 3886 3883 3878 3873 3867 3865 3859 3867 3870 3873 3873 3872 3867 3863 3866 3868 3868 3871 3873 3878 3882 3883 3881 3887 3890 3894 3900 3905 3907 3914 3917 3916 3912 3915 3920 3924 3929 3937 3947 3957 3963 3967 3970 3971 3966 3958 3968 3972 3966 3961 3984 4016 4006 3991 3991 3986 3983 3989 4002 4016 4013 4028 4057
3919 3920 3938 3952 3940 3927 3923 3922 3919 3917 3914 3911 3906 3898 3894 3898 3899 3899 3893 3888 3887 3885 3881 3874 3867 3860 3864 3866 3861 3868 3870 3868 3864 3860 3859 3860 3859 3863 3862 3866 3874 3874 3869 3874 3879 3884 3890 3895 3900 3905 3908 3910 3910 3913 3912 3915 3922 3926 3932 3940 3949 3955 3958 3964 3968 3974 3991 3997 3989 3971 3965 4004 4042 4025 4004 3998 3996 3995 3999 4013 4026 4014 4033 4073
3924 3920 3907 3922 3924 3921 3917 3914 3913 3911 3910 3906 3902 3896 3889 3889 3891 3890 3891 3890 3885 3880 3875 3870 3866 3864 3864 3865 3859 3859 3864 3863 3862 3862 3861 3862 3862 3863 3864 3868 3866 3869 3869 3871 3873 3880 3885 3890 3893 3895 3901 3902 3899 3907 3904 3904 3914 3921 3927 3934 3943 3953 3958 3961 3965 3977 3994 4002 3993 3978 3968 3998 4031 4036 4037 4030 4012 3999 4007 4021 4035 4028 4040 4069
3920 3908 3907 3912 3909 3909 3910 3908 3905 3905 3900 3899 3894 3891 3890 3883 3882 3887 3891 3889 3882 3876 3869 3869 3867 3864 3863 3853 3847 3852 3858 3859 3860 3861 3860 3861 3863 3864 3868 3868 3869 3871 3874 3874 3876 3879 3883 3885 3888 3890 3895 3898 3902 3900 3900 3901 3902 3913 3923 3927 3934 3944 3950 3956 3962 3968 3999 4000 3995 3986 3978 3989 4013 4034 4050 4044 4024 4010 4015 4023 4030 4031 4035 4062
3918 3915 3914 3911 3906 3908 3906 3902 3897 3894 3893 3891 3885 3886 3886 3882 3878 3879 3879 3875 3874 3873 3873 3871 3870 3868 3864 3857 3846 3850 3851 3853 3854 3855 3860 3860 3860 3864 3866 3870 3868 3871 3876 3876 3877 3879 3881 3883 3884 3886 3890 3897 3905 3903 3901 3902 3900 3905 3910 3913 3914 3924 3939 3952 3958 3962 3983 3992 3994 3988 3982 3976 3996 4024 4044 4039 4033 4032 4025 4026 4028 4032 4031 4055
3920 3916 3914 3910 3908 3909 3904 3899 3893 3889 3887 3884 3879 3883 3882 3879 3871 3867 3869 3867 3868 3869 3871 3870 3869 3867 3862 3856 3859 3851 3847 3849 3850 3851 3854 3858 3861 3864 3866 3866 3866 3869 3877 3877 3879 3881 3882 3883 3883 3883 3889 3897 3901 3899 3900 3899 3900 3899 3899 3901 3900 3907 3931 3953 3964 3967 3971 3979 3984 3985 3986 3976 3986 4006 4028 4032 4031 4031 4032 4034 4043 4060 4033 4071
3918 3913 3910 3905 3906 3905 3901 3897 3894 3888 3887 3887 3882 3878 3876 3868 3866 3863 3862 3862 3862 3866 3869 3868 3862 3862 3864 3863 3865 3857 3849 3849 3849 3851 3852 3855 3859 3864 3868 3873 3875 3871 3878 3880 3883 3884 3884 3884 3883 3882 3883 3887 3894 3899 3895 3891 3892 3894 3894 3896 3900 3909 3932 3960 3986 3979 3970 3973 3976 3978 3978 3979 3979 3984 4006 4021 4029 4035 4038 4045 4061 4085 4068 4099
3911 3906 3905 3902 3903 3903 3899 3896 3893 3890 3889 3888 3886 3870 3864 3865 3867 3867 3870 3863 3860 3862 3863 3861 3858 3857 3855 3858 3860 3857 3854 3852 3850 3850 3851 3853 3858 3864 3870 3870 3877 3879 3880 3883 3886 3885 3885 3885 3885 3886 3892 3892 3894 3896 3900 3907 3901 3894 3894 3895 3899 3911 3935 3962 3986 3991 3980 3974 3967 3973 3978 3974 3973 3971 3981 4008 4028 4038 4042 4048 4064 4096 4099 4096
3908 3904 3899 3900 3900 3896 3895 3893 3893 3892 3887 3885 3883 3877 3871 3870 3868 3866 3866 3863 3860 3860 3857 3855 3855 3854 3853 3851 3853 3854 3856 3853 3851 3851 3854 3856 3858 3863 3866 3865 3874 3883 3884 3885 3886 3885 3884 3884 3885 3887 3889 3892 3894 3897 3897 3897 3895 3896 3897 3896 3898 3909 3935 3962 3978 3987 3982 3979 3980 3975 3968 3972 3970 3971 3979 4002 4027 4036 4039 4043 4049 4049 4072 4075
3914 3908 3903 3900 3898 3895 3891 3890 3889 3890 3883 3875 3874 3878 3878 3873 3866 3862 3863 3863 3862 3860 3857 3857 3857 3854 3850 3847 3848 3848 3851 3852 3851 3852 3855 3862 3862 3864 3866 3869 3877 3887 3885 3885 3882 3882 3882 3883 3884 3884 3883 3883 3888 3888 3891 3894 3893 3895 3897 3898 3900 3911 3933 3963 3991 3993 3989 3983 3980 3978 3977 3973 3969 3971 3987 3999 4008 4023 4031 4034 4036 4038 4038 4047
3916 3910 3906 3903 3901 3890 3887 3888 3888 3885 3878 3878 3883 3884 3883 3869 3865 3863 3861 3861 3862 3859 3857 3854 3856 3853 3849 3847 3847 3846 3847 3850 3851 3853 3856 3862 3864 3865 3870 3874 3882 3877 3876 3874 3874 3876 3879 3880 3882 3882 3883 3886 3888 3891 3889 3892 3890 3895 3899 3899 3900 3909 3926 3947 3970 3982 3986 3984 3982 3979 3979 3977 3968 3966 3980 3996 4016 4020 4024 4029 4034 4042 4036 4033
3918 3911 3906 3900 3896 3893 3889 3888 3885 3876 3876 3879 3884 3884 3877 3866 3864 3863 3862 3861 3857 3859 3858 3858 3858 3855 3852 3848 3846 3847 3849 3850 3851 3853 3857 3862 3863 3862 3863 3875 3881 3874 3870 3868 3869 3873 3877 3880 3881 3883 3884 3887 3889 3890 3891 3896 3891 3895 3900 3899 3900 3907 3919 3933 3955 3974 3980 3980 3981 3981 3976 3966 3966 3965 3972 3988 3998 4011 4017 4021 4027 4029 4035 4036
3921 3913 3905 3896 3900 3897 3895 3888 3885 3878 3878 3881 3883 3883 3880 3871 3866 3864 3862 3861 3861 3861 3862 3864 3863 3858 3854 3850 3849 3849 3848 3850 3851 3853 3855 3859 3858 3858 3860 3863 3870 3872 3870 3867 3868 3872 3876 3879 3883 3886 3886 3886 3893 3895 3896 3898 3892 3894 3900 3899 3898 3905 3914 3927 3954 3964 3968 3974 3979 3989 3982 3969 3966 3972 3973 3984 3996 4002 4008 4018 4025 4031 4036 4042
3924 3915 3904 3895 3895 3895 3895 3885 3879 3889 3875 3874 3881 3880 3879 3870 3867 3867 3865 3860 3861 3863 3866 3868 3866 3860 3856 3856 3851 3850 3850 3850 3850 3852 3854 3856 3855 3855 3859 3876 3877 3872 3869 3872 3872 3874 3876 3880 3883 3886 3886 3894 3898 3897 3897 3894 3891 3891 3897 3898 3899 3906 3915 3924 3937 3943 3956 3967 3973 3976 3979 3971 3966 3969 3974 3978 3983 3989 3993 4001 4015 4038 4055 4038
3931 3914 3905 3904 3910 3907 3906 3892 3881 3883 3882 3880 3881 3881 3875 3868 3870 3872 3873 3870 3869 3870 3869 3869 3867 3862 3858 3854 3853 3852 3850 3849 3850 3851 3852 3859 3858 3858 3857 3863 3878 3873 3871 3873 3874 3875 3877 3879 3883 3889 3889 3897 3901 3899 3896 3897 3896 3897 3899 3905 3911 3917 3921 3924 3935 3942 3957 3966 3972 3974 3976 3970 3965 3967 3973 3975 3976 3976 3975 3975 3995 4022 4042 4045
3935 3918 3912 3912 3916 3912 3909 3905 3897 3892 3893 3889 3885 3881 3877 3871 3878 3882 3882 3879 3877 3876 3873 3868 3862 3863 3861 3857 3853 3851 3850 3849 3850 3851 3855 3861 3876 3874 3872 3871 3870 3872 3873 3875 3875 3874 3876 3878 3881 3884 3886 3893 3898 3901 3906 3903 3903 3898 3905 3921 3934 3932 3931 3939 3964 3969 3967 3969 3973 3972 3971 3978 3983 3981 3980 3978 3974 3970 3965 3962 3979 4010 4040 4043
3933 3920 3913 3910 3911 3917 3937 3919 3909 3902 3891 3889 3886 3885 3886 3890 3898 3896 3894 3890 3883 3879 3879 3874 3871 3873 3867 3860 3855 3851 3850 3849 3850 3851 3852 3857 3864 3877 3885 3884 3880 3877 3874 3876 3873 3872 3874 3876 3878 3881 3883 3887 3893 3900 3905 3907 3914 3909 3913 3925 3943 3939 3939 3952 3976 3983 3974 3969 3968 3971 3978 3982 3987 3984 3981 3984 3977 3966 3958 3956 3975 4005 4030 4049
3925 3914 3909 3909 3906 3916 3924 3927 3919 3906 3893 3891 3885 3879 3889 3904 3910 3906 3906 3902 3896 3895 3890 3890 3887 3879 3870 3861 3856 3853 3851 3852 3850 3850 3851 3853 3860 3873 3885 3889 3884 3880 3878 3880 3881 3875 3876 3876 3877 3881 3892 3889 3888 3902 3913 3919 3924 3912 3915 3923 3934 3937 3937 3937 3961 3972 3968 3964 3961 3964 3973 3976 3982 3981 3971 3967 3966 3961 3955 3957 3974 4007 4040 4042
3920 3910 3904 3901 3903 3913 3929 3923 3909 3904 3896 3894 3885 3880 3894 3908 3907 3907 3905 3902 3900 3897 3893 3890 3889 3876 3869 3864 3862 3860 3856 3849 3851 3852 3850 3860 3872 3878 3886 3886 3879 3874 3874 3884 3890 3885 3881 3877 3875 3879 3890 3890 3895 3908 3922 3925 3922 3930 3927 3921 3926 3934 3938 3929 3934 3946 3952 3956 3959 3962 3965 3962 3946 3949 3957 3956 3958 3959 3955 3957 3976 4012 4041 4044
3922 3906 3900 3899 3902 3912 3913 3906 3909 3902 3899 3894 3886 3883 3895 3907 3907 3905 3903 3902 3900 3895 3892 3891 3887 3882 3877 3872 3872 3876 3873 3859 3859 3867 3874 3883 3888 3885 3892 3888 3877 3872 3882 3892 3903 3894 3885 3878 3874 3876 3887 3888 3896 3911 3927 3933 3925 3933 3931 3928 3930 3936 3940 3936 3921 3926 3938 3949 3962 3963 3958 3961 3959 3951 3952 3956 3960 3965 3969 3973 3985 4016 4055 4065
3920 3901 3898 3897 3896 3897 3899 3895 3895 3897 3897 3893 3887 3887 3895 3902 3902 3901 3900 3898 3896 3893 3891 3889 3885 3882 3883 3883 3883 3887 3892 3891 3883 3883 3887 3888 3890 3891 3890 3886 3878 3876 3883 3890 3903 3894 3885 3878 3874 3875 3878 3889 3898 3912 3921 3931 3935 3934 3938 3936 3936 3938 3939 3932 3917 3921 3929 3939 3955 3970 3966 3968 3962 3954 3952 3955 3964 3974 3986 3984 3983 4006 4034 4039
3909 3896 3895 3896 3890 3890 3891 3889 3894 3895 3895 3891 3883 3885 3893 3900 3901 3900 3899 3897 3895 3892 3890 3888 3886 3883 3883 3884 3888 3894 3898 3904 3893 3889 3888 3887 3887 3884 3883 3882 3879 3878 3880 3883 3888 3886 3882 3879 3876 3880 3891 3897 3908 3917 3922 3926 3933 3937 3938 3938 3942 3941 3936 3929 3926 3927 3929 3929 3930 3961 3982 3976 3966 3954 3953 3952 3967 3980 3992 3987 3977 3993 4010 4021
3898 3895 3889 3889 3889 3891 3894 3896 3892 3891 3891 3887 3878 3882 3890 3896 3899 3899 3897 3896 3892 3890 3890 3889 3887 3887 3888 3887 3890 3897 3907 3912 3902 3891 3885 3885 3882 3882 3882 3881 3880 3879 3883 3883 3882 3881 3882 3884 3887 3890 3896 3903 3911 3926 3933 3935 3921 3943 3949 3953 3949 3947 3947 3942 3946 3938 3933 3929 3927 3947 3981 3970 3957 3959 3965 3974 3973 3979 3987 3987 3987 3995 4000 4017
3898 3893 3886 3883 3883 3889 3889 3888 3886 3888 3889 3886 3882 3882 3888 3892 3895 3896 3894 3892 3891 3891 3889 3889 3887 3888 3890 3890 3891 3895 3898 3907 3913 3901 3890 3887 3885 3880 3880 3881 3881 3883 3882 3881 3885 3884 3883 3888 3899 3904 3906 3908 3914 3937 3946 3933 3919 3937 3952 3961 3952 3949 3946 3950 3947 3943 3940 3938 3936 3928 3950 3975 3998 3963 3967 3972 3973 3978 3982 3988 3994 4003 4010 4018
3901 3898 3889 3887 3877 3876 3882 3885 3884 3884 3885 3885 3883 3884 3887 3891 3893 3894 3893 3892 3892 3892 3891 3890 3887 3888 3890 3889 3891 3893 3895 3900 3901 3899 3894 3892 3892 3884 3879 3880 3882 3883 3881 3884 3886 3886 3882 3887 3896 3908 3912 3909 3914 3927 3947 3932 3927 3938 3939 3941 3946 3946 3942 3937 3939 3941 3945 3950 3947 3935 3939 3970 4034 3997 3967 3964 3970 3974 3978 3990 3996 4010 4030 4036
