real_craters/C189-500m.grd
DSAA
353 353
-87.9375 87.9375
-87.9375 87.9375
2564.9673619661 4955.2813468133
[rows 210 to 239 of 353, columns 268 to 334 of 353]
4051.27 4050.26 4048.7 4046.6 4042.98 4038.76 4033.84 4032.67 4032.83 4032.97 4033.09 4033.01 4034.22 4035.35 4036.25 4039.4 4044.07 4047.24 4049.07 4048.51 4051.12 4052.91 4054.11 4055.15 4055.59 4051.91 4049.66 4052.12 4053.64 4055.06 4052.95 4051.9 4050.5 4049.64 4046.81 4041.76 4037.28 4034.45 4032.45 4030.74 4029.22 4027.05 4027.74 4028.64 4026.55 4024.81 4026.09 4031.83 4035.04 4032.32 4025.23 4019.31 4015.98 4013.73 4010.13 4002.9 3998.8 3998.03 4003 4001.58 4000.54 4001.03 4001.05 3996.51 3991.99 3994.17 3997.66
4055.63 4056.25 4054.13 4051.04 4046.37 4042.9 4049.82 4042.51 4039.48 4038.26 4038 4038.3 4038.58 4038.5 4038.75 4041.97 4044.06 4047.22 4050.03 4052.4 4053.37 4054.93 4057.01 4059.66 4062.88 4064.16 4064.21 4059.98 4058.07 4061.2 4059.25 4057.97 4056.05 4052.99 4048.26 4046.66 4044.21 4041.94 4039.63 4037.4 4036.59 4037.54 4034.1 4033.38 4030.38 4027.73 4026.45 4031.17 4037.69 4033.44 4028.37 4023.29 4019.53 4016.2 4010.52 4004.29 3999.9 3999.1 3999.87 3999.19 4001.52 3999.35 4002.97 4000.81 3996.06 3996.9 4000.53
4067.21 4063.72 4061.01 4057.94 4054.31 4050.81 4048.74 4047.03 4044.35 4042.7 4042.18 4042.27 4042.2 4040.55 4038.68 4040.31 4043 4047.49 4051.65 4053.45 4054.97 4055.87 4057.96 4061.62 4065.15 4068.74 4071.14 4065.29 4062.57 4064.66 4065.08 4063.72 4062.07 4059.1 4055.72 4053.12 4050.77 4048.49 4046.27 4044.06 4042.5 4040.54 4038.17 4036.15 4033.11 4030.27 4029.61 4030.46 4036.36 4034.96 4030.66 4025.35 4021.54 4023.86 4019.23 4010.31 4004.03 3999.84 4001.86 4000.77 4003.23 4009.89 4013.65 4016.55 4010.65 4008.31 4009.01
4075.59 4069.53 4066.37 4064.25 4063.28 4064.05 4054.22 4050.94 4048.89 4047.16 4045.92 4045.14 4044.87 4042.31 4039.14 4036.01 4040.84 4046.76 4053.58 4057.48 4055.11 4054.66 4055.79 4058.68 4061.8 4063.37 4061.93 4064.51 4068.38 4072.89 4071.19 4068.23 4066.82 4065.51 4062.1 4059.79 4057.04 4054.51 4052.23 4049.95 4046.83 4042.02 4039.17 4038.08 4035.5 4033.33 4031.19 4033.77 4035.06 4033.61 4033.77 4034.17 4035.95 4038.87 4041.36 4030.35 4017.21 4013.47 4014.24 4015.59 4017.16 4020.82 4024.35 4029.58 4027.53 4024.69 4021.06
4070.16 4071.57 4070.03 4068.38 4067.14 4063.14 4057.74 4054.86 4052.17 4050.04 4048.18 4046.59 4044.57 4040.96 4037.05 4036.5 4039.88 4044.66 4051.03 4054.63 4052.76 4051.61 4051.59 4052.14 4053.44 4055.4 4057.18 4061.8 4067.19 4069.8 4072.61 4070.68 4067.12 4068.49 4069.42 4065.49 4062.29 4059.27 4056.91 4055.01 4052.94 4048.5 4043.42 4039.55 4039.92 4038.27 4036.22 4037.98 4034.78 4033.31 4037.08 4043.19 4049.62 4047.71 4046 4035.73 4027.06 4023.7 4023.76 4023.98 4025.62 4028.78 4030.94 4031.91 4036.26 4036.22 4031.13
4077.54 4074.47 4071.58 4069.6 4068.81 4069.27 4063.14 4058.06 4054.91 4052.32 4049.97 4047.59 4044.26 4042.05 4040.51 4039.55 4039.14 4040.45 4042.5 4045.79 4046.64 4046.67 4046.22 4045.78 4047.33 4051 4056.8 4059.09 4060.9 4070.02 4073.23 4073.68 4072.05 4072.61 4072.25 4069.2 4065.68 4062.67 4060.57 4059.16 4058.77 4057.36 4053.07 4050.53 4048.95 4045.86 4042.42 4041.48 4037.73 4034.66 4039.21 4045.9 4052.65 4048.21 4040.48 4036.54 4029.79 4023.75 4026.97 4029.3 4030.72 4033.72 4036.04 4037.54 4039.09 4038.89 4037.53
4080.59 4074.97 4071.42 4068.74 4066.67 4064.83 4061.5 4058.7 4056.17 4053.55 4051.18 4048.69 4047.21 4045.48 4041.22 4037.04 4037.68 4037.14 4034.68 4037.97 4041.71 4042.56 4041.97 4040.64 4041.69 4045.67 4049.97 4053.29 4058.14 4067.72 4073.96 4076.75 4079.58 4078.96 4075.94 4071.74 4067.87 4064.74 4062.59 4061.41 4061.37 4061.48 4061.97 4063.29 4058.22 4054.15 4051.68 4048.22 4044.58 4038.51 4041.23 4044.65 4045.95 4046.59 4046.02 4041.64 4033.94 4029.06 4029.02 4031.58 4034.42 4036.06 4038.16 4040.34 4039.63 4041.75 4041.22
4069.32 4071.15 4068.96 4066.19 4062.74 4058.28 4058.8 4058.67 4057.33 4055.29 4053.15 4050.63 4047.75 4043.16 4041.21 4040.53 4038.88 4038.32 4037.83 4038.54 4039.74 4040.83 4040.86 4038.52 4039.61 4041.56 4041.99 4047.3 4052.16 4066.49 4073.56 4076.59 4078.17 4079.96 4076.61 4071.74 4067.93 4064.94 4062.97 4061.79 4061.63 4062.95 4065.7 4065.21 4061.86 4059.19 4059.08 4055.86 4052.06 4045.76 4045.18 4045 4043.72 4046.54 4048.78 4046.58 4039.24 4037.3 4029.75 4028.22 4034.67 4034.75 4034.25 4035.03 4035.65 4039.57 4042.61
4072.85 4067.87 4065.74 4063.64 4061.46 4060.8 4060.81 4060.45 4059.41 4057.89 4055.56 4052.7 4048.29 4045.21 4040.85 4038.45 4037.24 4038.48 4044.67 4040.05 4039.69 4040.86 4042.64 4045.28 4042.96 4041.66 4042.24 4046.87 4047.87 4066.98 4073.91 4073.32 4074.46 4078.39 4072.97 4068.73 4065.41 4063.34 4061.58 4060.52 4059.7 4061.25 4062.37 4062.06 4060.67 4059.35 4058.17 4055.86 4053.38 4052.81 4049.6 4047.54 4046.71 4048.16 4051.12 4049.2 4039.8 4031.37 4028.11 4028.44 4030.15 4031.84 4031.04 4032.56 4034.83 4038.75 4043.72
4058.98 4062.23 4063.24 4062.13 4060.49 4060.88 4062.92 4062.62 4061.83 4060.53 4058.87 4056.22 4051.43 4044 4040.77 4036.88 4034.55 4034.12 4034.13 4037.5 4039.18 4040.78 4042.85 4044.74 4043.91 4042.32 4042.34 4044.28 4045.67 4058.8 4063.07 4063.66 4063.64 4062.24 4064.27 4063.47 4061.78 4060.1 4058.81 4058.34 4059.85 4059.75 4060.86 4058.97 4057.9 4057.61 4056.35 4055.33 4054.56 4055.03 4052.28 4049.93 4049.09 4049.45 4049.77 4046.53 4034.57 4028.14 4027.35 4028.61 4030.37 4031.85 4032.85 4033.86 4036.63 4040.27 4044.71
4059.13 4061.12 4062.09 4061.98 4060.5 4060.27 4063.85 4064.48 4064.06 4063.21 4062.03 4060.91 4058.28 4054.54 4044.1 4037.44 4033.78 4034.03 4035.17 4036.89 4038.58 4039.98 4041.24 4041.77 4042.07 4041.8 4042.54 4043.91 4044.62 4046.97 4049.18 4051.13 4053.23 4055.36 4057.1 4057.76 4057.57 4056.82 4055.84 4054.9 4054.58 4056.33 4057.5 4057.31 4056.86 4056.12 4055.57 4053.15 4054.37 4054.53 4052.09 4050.14 4049.65 4048.78 4046.32 4043.17 4039.49 4031.57 4030.47 4030.87 4032.64 4034.27 4035.08 4036.05 4036.52 4036.29 4044.46
4062.73 4063.07 4062.65 4063.58 4065.13 4065.95 4065.82 4066.61 4065.96 4065.57 4065.25 4065.31 4063.35 4055.15 4046.19 4039.93 4035.48 4035.58 4036.7 4037.53 4038.42 4038.87 4039.62 4040.48 4040.35 4040.48 4040.43 4040.75 4041.85 4042.64 4042.71 4044.84 4047.48 4050.29 4051.98 4053.24 4053.72 4053.61 4052.89 4051.72 4050.81 4053.19 4054.64 4055.63 4055.21 4053.25 4052.58 4052.49 4049.89 4048.56 4048.04 4047.51 4047.47 4046.99 4043.12 4037.61 4037.73 4032.82 4032.49 4034.56 4037.61 4040.06 4041.09 4040.42 4041.09 4042.96 4047.86
4061.44 4061.4 4062.02 4063.81 4067.09 4068.86 4070.69 4067.76 4066.71 4066.86 4067.58 4068.75 4067.93 4059.32 4050.94 4045.54 4040.31 4037.71 4038.16 4039.5 4039.34 4038.85 4037.78 4037.58 4038.64 4039.07 4039.48 4040.47 4041 4040.28 4041.57 4041.82 4043.05 4045.54 4047.87 4049.39 4050.21 4050.63 4050.55 4049.91 4049.8 4051.02 4051.13 4050.71 4050.34 4048.53 4048 4049.38 4046.22 4044.73 4043.76 4043.24 4042.79 4042.04 4039.62 4034.98 4034.65 4036.15 4038.47 4042.46 4045.96 4046.26 4047.33 4046.42 4045.54 4046.61 4050.66
4056.46 4056.4 4059.44 4061.95 4063.32 4064.79 4064.03 4064.78 4065.8 4067.03 4068.49 4070.26 4072.32 4066.94 4059.73 4054.91 4054.3 4047.18 4045.15 4043.24 4041.17 4039.28 4038.07 4037.4 4037.59 4037.99 4038.87 4040.98 4040.51 4039.85 4040.4 4041.75 4042.28 4043.47 4045.01 4046.4 4047.29 4048.07 4049.08 4050.15 4049.95 4049.67 4049.25 4047.57 4044.7 4044.04 4044.49 4044.97 4041.09 4039.68 4039.35 4039.34 4038.13 4036.92 4035.27 4034.18 4035.07 4037.71 4040.44 4042.01 4045.55 4048.04 4050.74 4053.77 4054.39 4053.28 4055.28
4050.94 4053.15 4057.32 4060.8 4062.03 4062.36 4061.43 4062.32 4064.14 4066.03 4067.78 4069.1 4069.37 4069.81 4066.13 4060.16 4056.68 4059.92 4053.11 4046.9 4042.78 4039.55 4037.68 4036.89 4037.09 4037.54 4038.29 4038.2 4039.36 4039.9 4039.57 4039.91 4040.96 4042.32 4043.41 4044.17 4044.88 4045.82 4046.73 4048.31 4048.46 4048 4048.27 4048.46 4042.75 4039.71 4039.43 4039.1 4039.73 4040.58 4041.12 4038.59 4033.52 4030.08 4032.78 4033.27 4036.84 4038.33 4036.67 4037.04 4041.49 4045.63 4050.04 4055.03 4057.21 4058.07 4058.63
4044.06 4050.26 4055.97 4060.8 4063.94 4062.27 4060.42 4060.73 4062.77 4064.87 4066.69 4067.55 4065.46 4067.44 4065.32 4060.68 4056.46 4056.22 4053.22 4048.23 4044.24 4040.54 4036.42 4036.6 4037 4037.27 4038.14 4038.71 4040.13 4040.89 4041.74 4041.9 4042.48 4042.11 4042.53 4042.9 4043.09 4042.91 4043.06 4043.34 4044.34 4045.11 4045.49 4046.21 4042.54 4038.15 4036.94 4038.24 4039.31 4043.34 4045.72 4042.41 4036.21 4027.44 4034.66 4045.56 4053.01 4040.8 4034.16 4035.57 4039.38 4040.85 4046.13 4051.7 4054.25 4055.78 4056.22
4042.44 4050.24 4055.05 4059.57 4062.34 4060.98 4059.31 4059.41 4061.17 4063.3 4065.46 4067.41 4069.75 4066.92 4064.18 4060.26 4055.22 4049.88 4050.98 4049.6 4046.99 4044.09 4038.73 4038.63 4037.84 4037.5 4037.35 4038.53 4040.5 4041.6 4042.1 4041.72 4042.76 4041.95 4041.97 4041.89 4041.54 4040.52 4039.63 4039.02 4040.88 4042.25 4041.97 4038.83 4039.59 4035.97 4036.42 4039.08 4042.84 4046.77 4049.36 4048.01 4048.64 4052.6 4049.09 4040.68 4049.87 4043.1 4038.99 4038.7 4041.61 4044.94 4044.4 4044.87 4049.69 4052.8 4054.08
4043.41 4049.42 4051.81 4055.7 4058.97 4057.81 4057.37 4057.62 4059.15 4061.42 4063.85 4065.33 4065.22 4065.58 4063.99 4060.52 4056.68 4052.57 4052.54 4051.21 4049.31 4048.78 4049.11 4042.23 4039.08 4038.05 4038.56 4039.37 4040.81 4041.21 4040.74 4039.92 4040.34 4041.28 4041.65 4041.48 4040.85 4039.56 4037.59 4037.25 4039.14 4041.08 4041.82 4042 4041.81 4035.08 4035.22 4039.91 4045.25 4047.79 4048.73 4051.71 4055.05 4064.49 4059.64 4064.37 4061.55 4046.87 4040.18 4042.67 4044.15 4045.29 4045.3 4043.85 4047.97 4050.63 4051.11
4044.47 4044.31 4046.65 4049.06 4051.71 4053.9 4054.26 4054.67 4056.34 4059.04 4061.98 4064.48 4064.88 4062.83 4060.39 4060.07 4061.04 4060.22 4056.46 4053.53 4050.22 4046.49 4044.3 4041.88 4039.24 4037.38 4037.38 4041.38 4042.47 4041.94 4041.39 4040.25 4040.45 4041.67 4042.26 4042.39 4041.93 4040.36 4037.54 4036.5 4039.6 4042.08 4043.71 4045.84 4045.88 4040.7 4036.61 4040.91 4046.21 4048.06 4053.16 4053.48 4051.63 4047.97 4051.22 4057.46 4059.17 4048.62 4044.63 4045.21 4045.36 4045.91 4047.52 4049.29 4048.94 4050.47 4052.07
4054.55 4045.7 4046.53 4049.24 4051.32 4052.34 4051.53 4050.71 4053.43 4056.36 4059.54 4063.28 4062.86 4059.78 4057.12 4058.51 4060.7 4061.81 4058.82 4055.91 4051.95 4044.74 4041 4040.91 4038.3 4035.7 4036.21 4039.73 4041.21 4042.65 4043.12 4042.51 4042.33 4043 4043.66 4044.21 4044.49 4043.81 4041.68 4041.15 4043.39 4045.08 4046.45 4048.31 4050.19 4047.23 4042.05 4040.15 4040.29 4042.69 4051.96 4054.56 4054.37 4053.79 4053.82 4053.99 4049.57 4047.26 4050.81 4047.76 4046.35 4046.71 4047.01 4047.72 4048.43 4048.97 4050.4
4069.36 4057.55 4054.4 4054.76 4054.79 4053.71 4051.67 4050.17 4051.93 4053.75 4055.79 4058.11 4058.32 4056.87 4056.68 4057.53 4059.6 4059.9 4059.69 4058.57 4057.37 4053.38 4048.16 4043.63 4038.72 4034.25 4033.81 4036.09 4038 4041.91 4045.54 4045.44 4045.06 4045.6 4046.34 4047.44 4048.4 4049.74 4050.79 4050.05 4049.08 4049.19 4049.57 4049.54 4047.72 4044.32 4039.48 4036.8 4032.68 4035.05 4050.05 4053.12 4052.31 4055.84 4059.38 4055.61 4050.77 4046.38 4048.99 4047.77 4041.61 4042.59 4048.58 4049.05 4047.13 4045.09 4041.24
4064.98 4062.74 4062.53 4063.74 4060.15 4056.49 4053.66 4052.47 4051.59 4051.79 4051.79 4051.03 4052.66 4053.31 4053.05 4054.37 4059.51 4059.81 4057.76 4058.84 4062.39 4066.96 4057.89 4047.49 4039.78 4033.88 4033.2 4034.88 4036.68 4040.46 4043.92 4046.44 4048.4 4049.24 4049.5 4049.69 4050.46 4052.96 4059.28 4056.89 4054.6 4054.63 4054.21 4053.09 4051.03 4044.86 4040.89 4036.2 4032.52 4032.7 4042.81 4045.55 4044.38 4053.47 4065.07 4061.65 4053.86 4050.45 4054.89 4051.48 4042 4041.49 4043.6 4046.55 4046.03 4043.44 4039.18
4053.98 4059.77 4065.23 4067.78 4063.56 4058.54 4054.39 4051.11 4050.53 4050.78 4050.28 4049.25 4050.64 4051.4 4050.39 4049.26 4050.8 4049.03 4051.59 4054.25 4059.27 4066.73 4057.39 4047.63 4040.13 4034.69 4034.61 4033.72 4034.67 4040.15 4045.49 4049.83 4052.5 4053.49 4053.16 4052.3 4051.48 4051.28 4052.91 4055.24 4057.53 4059.51 4061.32 4061.76 4059.91 4051.75 4046.01 4039.67 4032.29 4033.17 4037.43 4040.36 4041.89 4047.78 4050.93 4053.43 4048.54 4044.85 4048.27 4053.79 4050.86 4048.08 4047.23 4047.4 4047.03 4045.25 4043.79
4044.76 4054.26 4062.75 4066.91 4063.08 4058.58 4054.29 4051.25 4050.3 4051.53 4052.17 4051.85 4052.31 4052.19 4051.13 4047.44 4044.57 4044.85 4045.86 4046.53 4046.67 4045.88 4047.3 4043.79 4039.34 4035.95 4035.79 4035.54 4037.18 4043.28 4051.51 4056.81 4058.74 4058.82 4057.39 4056.1 4053.96 4050.8 4046.78 4054.89 4060.27 4064.25 4068.28 4072.67 4076.99 4065.32 4055.74 4047.55 4041.03 4038.74 4044.1 4044.78 4043.8 4047.36 4051.75 4048.97 4044.53 4042.62 4043.82 4048.99 4052.83 4053.24 4054.26 4051.13 4049.25 4047.94 4047.48
4048 4051.57 4055.17 4061.12 4060.1 4057.31 4053.79 4049.57 4050.29 4054.15 4056.62 4057.26 4055.37 4054.27 4053.73 4051.29 4045.58 4044.32 4042.66 4040.42 4036.58 4034.95 4039.42 4041.19 4039.66 4036.97 4038.34 4042.04 4049 4057.15 4067.47 4067.29 4064.94 4064.06 4062.27 4060.82 4059.03 4057.95 4059.04 4060.69 4065.03 4069.92 4074.58 4079.55 4083.68 4077.62 4066.57 4057.34 4051.85 4058.32 4055.54 4051.97 4051.79 4050.39 4045.54 4049.54 4045.66 4039.51 4039.68 4044.75 4049.56 4052.41 4052.99 4052.05 4050.51 4049.25 4047.65
4058.79 4058.52 4053.47 4056.51 4055.31 4054.22 4053.94 4054.03 4055.54 4057.93 4059.8 4059.65 4056.9 4055.04 4055 4056.11 4050.69 4045.16 4042.21 4038.45 4033.81 4033.61 4038.29 4042.2 4042.96 4040.94 4043.1 4049.67 4055.76 4068.21 4067.13 4067.71 4068.26 4068.98 4068.66 4067.24 4065.31 4064 4065.11 4067.73 4071.39 4075.74 4079.16 4081.41 4081.49 4079.66 4073.58 4064.91 4060.42 4064.64 4064.62 4064.88 4059.95 4057.92 4060.84 4058.83 4053.4 4041.54 4039.94 4043.94 4046.35 4049.72 4051.58 4050.61 4049.91 4049.19 4048.53
4075.61 4069.23 4053.1 4050.04 4049.97 4051.3 4053.9 4058.73 4062.06 4060.85 4059.91 4058.38 4055.62 4052.79 4050.43 4048.18 4048.44 4047.2 4044.01 4039.84 4036.56 4037.32 4042.25 4046.12 4050.6 4052.36 4050.69 4058.83 4070.25 4070.7 4068.12 4071.5 4074 4075.7 4075.69 4074.72 4072.5 4070.09 4071.41 4074.93 4078.58 4082.47 4085.37 4085.69 4084.24 4085.7 4077.4 4069.65 4063.29 4059.53 4063.26 4064.37 4064.3 4064.99 4070.74 4065.45 4054.68 4047.67 4043 4040.98 4043.76 4046.7 4048.38 4049.11 4049.46 4048.62 4046.57
4067.57 4063.26 4050.39 4041.92 4044.07 4046.92 4050.85 4056.9 4061.01 4059.17 4058.62 4056.28 4052.9 4049.17 4045.39 4043.5 4043.82 4041.64 4039.97 4041.93 4044.44 4044.95 4047.2 4050.54 4055.77 4059.89 4057.46 4063.15 4068.69 4070.12 4070.69 4077.18 4083.35 4083.62 4083.95 4083.77 4082.56 4078.54 4079.88 4083.11 4085.5 4088.34 4091.28 4092.64 4086.87 4081.16 4077.09 4073.1 4069.71 4067.59 4065.74 4067.05 4066.72 4067.28 4069.08 4067.65 4062.14 4055.59 4047.77 4041.99 4041.5 4040.72 4044.37 4047.57 4049.14 4048.79 4045.93
4058.61 4054.73 4045.29 4038.59 4039.94 4042.11 4045.3 4048.34 4050.17 4052.38 4055.57 4052.46 4048.58 4044.6 4040.94 4039.71 4041.5 4043.07 4045.27 4044.63 4043.95 4047.43 4050.64 4053.06 4055.15 4053.07 4058.95 4066.12 4073.16 4077.81 4080.32 4083.77 4088.71 4090 4091.44 4093.14 4094.92 4095.2 4093.33 4092.36 4092.49 4093.34 4094.89 4095.39 4084.11 4078.59 4076.58 4076.25 4075.83 4072.75 4073.26 4071.6 4069.27 4069.91 4070.42 4069.22 4063.01 4054.22 4053.59 4051.72 4045.91 4037.91 4044.24 4048.8 4050.84 4050.93 4048.82
4050.11 4050.74 4044.57 4040.65 4038.05 4038.1 4038.92 4039.67 4039.99 4043.57 4045.22 4046.61 4044.89 4041.9 4038.23 4036.58 4041.35 4045.08 4046.72 4047.46 4050.64 4050.19 4052.64 4055.53 4056.49 4055.76 4060.76 4069.14 4077.75 4083.83 4084.62 4085.52 4090.08 4094.52 4097.26 4100.36 4104.7 4108.64 4103.49 4099.24 4096.72 4095.59 4094.09 4089.88 4078.38 4072.94 4075.24 4079.96 4085.46 4089.69 4086.11 4080.93 4074.65 4068.48 4064.63 4062.78 4061.69 4059.2 4059.39 4058.94 4056.2 4053.86 4052.58 4053.23 4054.11 4054.69 4055.1
