real_craters/C189-750m.grd
DSAA
235 235
-87.9375 87.9375
-87.9375 87.9375
2576.8925067047 4974.1779472592
[rows 76 to 113 of 235, columns 84 to 167 of 235]
4020 4018 4038 4038 4029 4037 4049 4056 4061 4060 4064 4102 4101 4095 4079 4090 4108 4136 4153 4152 4163 4154 4134 4127 4118 4108 4122 4146 4170 4173 4245 4275 4296 4284 4235 4220 4201 4175 4185 4203 4211 4218 4216 4230 4258 4250 4266 4259 4225 4175 4201 4229 4201 4165 4175 4196 4222 4246 4248 4241 4224 4221 4241 4214 4196 4185 4189 4187 4186 4189 4188 4195 4194 4184 4165 4133 4106 4089 4091 4084 4062 4046 4056 4072
4013 4021 4035 4032 4028 4039 4051 4060 4067 4066 4074 4097 4112 4119 4115 4103 4104 4129 4153 4165 4180 4186 4173 4147 4145 4141 4179 4252 4239 4273 4273 4263 4271 4283 4280 4263 4262 4257 4257 4238 4229 4250 4294 4329 4334 4325 4302 4289 4252 4212 4230 4250 4224 4197 4199 4222 4258 4278 4274 4263 4232 4210 4212 4209 4190 4196 4193 4203 4210 4199 4201 4204 4186 4166 4149 4121 4090 4084 4068 4071 4060 4063 4075 4081
4013 4014 4019 4024 4042 4052 4060 4070 4076 4076 4083 4100 4114 4128 4121 4127 4144 4148 4145 4146 4173 4186 4173 4162 4182 4230 4226 4222 4215 4218 4240 4250 4251 4252 4264 4279 4288 4247 4216 4192 4208 4244 4293 4305 4327 4328 4307 4294 4264 4250 4260 4252 4240 4217 4224 4241 4260 4283 4292 4280 4252 4219 4198 4193 4196 4209 4225 4213 4208 4202 4201 4198 4168 4153 4140 4110 4077 4057 4057 4060 4064 4073 4075 4091
4022 4013 4011 4019 4035 4050 4067 4078 4089 4086 4074 4088 4113 4131 4154 4168 4199 4198 4193 4187 4183 4198 4185 4197 4204 4218 4220 4202 4202 4215 4235 4262 4247 4230 4231 4269 4303 4257 4168 4132 4167 4213 4260 4259 4265 4287 4310 4287 4253 4257 4275 4305 4327 4285 4241 4239 4254 4285 4309 4309 4277 4236 4182 4172 4191 4224 4221 4209 4202 4202 4189 4177 4161 4157 4140 4102 4071 4055 4062 4059 4072 4079 4101 4104
4023 4020 4015 4027 4050 4071 4080 4082 4092 4092 4073 4098 4140 4183 4182 4182 4202 4228 4228 4211 4229 4233 4224 4216 4209 4201 4210 4207 4211 4236 4252 4275 4258 4253 4262 4264 4247 4216 4146 4110 4146 4185 4206 4218 4231 4273 4309 4297 4278 4271 4297 4341 4366 4355 4281 4249 4257 4286 4315 4312 4293 4281 4201 4162 4174 4197 4189 4189 4189 4182 4170 4154 4151 4134 4115 4086 4062 4055 4068 4062 4065 4083 4102 4124
4034 4024 4025 4042 4071 4098 4092 4081 4080 4089 4091 4119 4169 4234 4199 4192 4245 4253 4261 4251 4246 4239 4237 4206 4214 4225 4223 4217 4212 4243 4263 4272 4341 4327 4317 4300 4232 4206 4170 4133 4181 4204 4200 4218 4247 4296 4331 4316 4307 4282 4338 4366 4396 4386 4341 4295 4272 4276 4307 4304 4292 4311 4220 4152 4154 4163 4161 4161 4166 4166 4151 4135 4125 4104 4086 4073 4054 4054 4065 4070 4066 4089 4109 4120
4035 4029 4035 4047 4068 4082 4105 4116 4112 4129 4125 4155 4194 4220 4202 4201 4240 4253 4263 4269 4286 4247 4231 4224 4228 4235 4257 4264 4261 4270 4284 4302 4357 4437 4439 4398 4301 4283 4281 4273 4306 4298 4276 4278 4289 4324 4352 4318 4308 4310 4356 4366 4394 4424 4393 4325 4276 4270 4292 4262 4264 4258 4211 4157 4142 4139 4135 4127 4134 4139 4134 4128 4115 4094 4090 4074 4054 4061 4072 4070 4082 4073 4096 4114
4018 4016 4031 4057 4074 4090 4124 4154 4146 4169 4178 4211 4233 4193 4201 4210 4224 4242 4245 4254 4265 4306 4324 4325 4293 4289 4325 4347 4337 4345 4360 4391 4415 4441 4478 4489 4415 4405 4437 4522 4492 4453 4426 4395 4351 4348 4327 4311 4298 4292 4285 4323 4368 4393 4399 4367 4313 4275 4289 4251 4236 4209 4187 4154 4142 4127 4118 4108 4107 4109 4110 4109 4088 4084 4086 4077 4066 4064 4068 4074 4079 4072 4088 4102
4018 4008 4012 4055 4089 4112 4153 4174 4195 4237 4280 4279 4264 4224 4218 4219 4230 4254 4268 4283 4324 4402 4464 4452 4420 4401 4402 4443 4476 4454 4423 4508 4507 4444 4477 4541 4528 4506 4523 4561 4616 4679 4698 4552 4442 4396 4352 4326 4301 4281 4268 4287 4303 4351 4387 4344 4326 4293 4276 4237 4214 4194 4165 4161 4154 4140 4114 4103 4087 4084 4079 4069 4076 4084 4080 4079 4072 4065 4067 4078 4083 4083 4089 4104
4044 4026 4021 4071 4115 4162 4189 4217 4246 4289 4312 4306 4286 4273 4257 4245 4266 4294 4325 4363 4422 4523 4582 4552 4573 4489 4413 4407 4428 4337 4302 4272 4244 4271 4413 4572 4584 4536 4540 4589 4679 4813 4878 4684 4547 4479 4421 4387 4345 4311 4301 4297 4300 4319 4335 4315 4310 4325 4324 4269 4208 4180 4165 4173 4168 4155 4120 4091 4085 4072 4059 4055 4071 4079 4086 4079 4080 4067 4066 4085 4093 4090 4100 4112
4051 4046 4029 4083 4128 4155 4170 4193 4278 4322 4314 4309 4318 4325 4309 4310 4337 4367 4419 4508 4568 4710 4766 4739 4607 4449 4314 4227 4156 4112 4109 4092 4099 4145 4301 4493 4493 4455 4470 4534 4614 4715 4848 4772 4675 4585 4531 4493 4434 4383 4376 4354 4350 4327 4309 4296 4284 4281 4288 4279 4270 4208 4180 4165 4157 4139 4115 4095 4084 4074 4059 4057 4069 4076 4068 4077 4084 4076 4070 4089 4096 4103 4117 4116
4059 4076 4055 4100 4132 4139 4143 4190 4288 4329 4327 4322 4324 4348 4368 4390 4441 4479 4553 4710 4716 4796 4802 4565 4388 4250 4129 4022 3952 3939 3962 3983 4008 4026 4104 4211 4258 4280 4316 4370 4429 4494 4632 4723 4703 4645 4627 4618 4561 4506 4492 4420 4396 4365 4350 4324 4284 4270 4265 4283 4283 4238 4207 4177 4148 4124 4103 4104 4102 4082 4068 4069 4077 4078 4073 4086 4093 4091 4095 4108 4115 4132 4130 4135
4055 4053 4059 4093 4129 4143 4159 4229 4308 4321 4324 4329 4327 4384 4455 4512 4607 4617 4677 4871 4747 4660 4543 4339 4163 4040 3927 3831 3795 3814 3859 3881 3896 3893 3915 3997 4051 4084 4127 4173 4224 4271 4359 4434 4501 4556 4628 4701 4635 4622 4680 4558 4485 4448 4416 4362 4321 4307 4305 4320 4304 4279 4256 4231 4197 4163 4138 4121 4106 4086 4071 4073 4073 4074 4072 4075 4093 4104 4117 4131 4136 4146 4129 4136
4047 4047 4041 4075 4135 4177 4216 4263 4264 4293 4305 4308 4358 4449 4589 4691 4768 4684 4665 4660 4525 4420 4282 4110 3976 3858 3750 3663 3675 3744 3802 3823 3796 3767 3754 3807 3840 3881 3920 3951 3979 4023 4106 4178 4269 4367 4471 4615 4565 4578 4674 4735 4661 4614 4537 4450 4407 4384 4384 4399 4388 4335 4312 4285 4270 4210 4154 4122 4101 4088 4075 4069 4064 4072 4082 4093 4107 4120 4137 4148 4162 4168 4156 4166
4046 4055 4054 4078 4169 4211 4243 4242 4262 4279 4305 4340 4419 4555 4685 4806 4739 4569 4470 4366 4228 4147 4029 3907 3798 3701 3600 3522 3557 3632 3660 3688 3717 3679 3618 3612 3642 3683 3714 3731 3742 3797 3888 3960 4048 4127 4188 4277 4300 4361 4491 4680 4745 4818 4679 4562 4503 4477 4464 4492 4503 4437 4401 4367 4325 4245 4146 4118 4107 4098 4086 4080 4063 4076 4091 4108 4123 4146 4168 4164 4158 4149 4160 4169
4050 4061 4073 4089 4205 4234 4218 4200 4224 4273 4325 4382 4496 4593 4634 4591 4466 4352 4259 4137 3978 3903 3804 3714 3646 3569 3480 3412 3429 3479 3510 3524 3545 3508 3475 3467 3477 3505 3525 3538 3539 3609 3709 3786 3843 3892 3939 4038 4052 4107 4236 4405 4606 4766 4823 4727 4625 4577 4555 4609 4595 4556 4503 4466 4431 4295 4187 4143 4134 4124 4111 4094 4079 4087 4097 4104 4124 4143 4154 4153 4153 4143 4150 4162
4054 4080 4120 4092 4219 4252 4248 4212 4220 4298 4376 4459 4585 4626 4517 4382 4234 4134 4055 3930 3770 3700 3628 3574 3535 3466 3384 3327 3318 3363 3390 3388 3400 3371 3342 3323 3344 3364 3371 3377 3385 3449 3529 3600 3651 3688 3737 3826 3856 3909 4028 4169 4413 4633 4781 4844 4786 4707 4727 4800 4812 4678 4567 4469 4376 4324 4253 4206 4175 4153 4138 4127 4104 4088 4108 4131 4132 4140 4152 4150 4145 4140 4148 4163
4061 4097 4143 4117 4218 4257 4262 4259 4271 4347 4443 4506 4543 4442 4307 4168 4030 3924 3842 3727 3587 3532 3500 3484 3447 3375 3295 3242 3237 3272 3304 3323 3322 3279 3252 3232 3234 3239 3242 3246 3270 3322 3351 3403 3474 3529 3577 3655 3680 3741 3845 3961 4192 4375 4524 4715 4847 4784 4751 4863 4920 4793 4612 4473 4376 4350 4312 4253 4208 4172 4136 4146 4124 4108 4123 4138 4142 4141 4147 4146 4137 4137 4147 4155
4072 4122 4179 4144 4202 4261 4290 4295 4314 4390 4496 4624 4470 4266 4117 3986 3837 3719 3642 3544 3446 3404 3395 3399 3360 3294 3227 3209 3225 3213 3271 3364 3293 3253 3195 3157 3150 3144 3136 3132 3154 3210 3211 3254 3328 3395 3444 3492 3523 3580 3671 3777 3976 4134 4292 4491 4664 4700 4708 4790 4893 4808 4629 4487 4385 4345 4320 4272 4235 4197 4166 4134 4129 4127 4138 4154 4150 4142 4141 4140 4136 4138 4148 4148
4105 4145 4182 4177 4204 4263 4273 4274 4321 4383 4454 4490 4295 4104 3969 3841 3692 3571 3500 3423 3353 3309 3301 3307 3269 3219 3163 3156 3180 3168 3207 3261 3228 3206 3155 3116 3101 3078 3048 3020 3005 3055 3125 3151 3209 3279 3357 3364 3360 3421 3512 3611 3776 3922 4069 4254 4451 4600 4641 4703 4786 4753 4635 4503 4402 4339 4334 4329 4267 4206 4159 4143 4135 4137 4135 4139 4145 4139 4137 4137 4139 4138 4138 4142
4144 4149 4155 4160 4239 4293 4267 4306 4324 4331 4327 4262 4114 3972 3861 3735 3581 3458 3386 3322 3271 3239 3219 3206 3182 3153 3110 3090 3090 3093 3125 3156 3168 3181 3181 3152 3087 3034 2985 2937 2910 2907 2944 3012 3074 3143 3217 3232 3214 3262 3338 3445 3585 3736 3866 4053 4246 4469 4586 4669 4757 4762 4669 4528 4431 4369 4335 4322 4292 4245 4179 4147 4151 4147 4147 4142 4141 4137 4131 4127 4129 4128 4126 4143
4135 4140 4136 4133 4201 4292 4321 4368 4303 4256 4201 4104 3996 3921 3821 3667 3490 3358 3301 3238 3176 3152 3136 3125 3103 3092 3083 3057 3045 3041 3092 3125 3129 3134 3129 3123 3060 3005 2947 2881 2836 2816 2810 2874 2938 2990 3053 3091 3084 3114 3175 3282 3430 3555 3696 3873 4085 4318 4523 4691 4825 4802 4702 4555 4472 4404 4366 4318 4299 4321 4296 4224 4201 4186 4191 4183 4173 4148 4128 4111 4119 4126 4136 4152
4126 4137 4141 4147 4180 4321 4374 4287 4235 4192 4129 4047 3996 3954 3850 3600 3414 3294 3244 3173 3105 3071 3045 3040 3045 3056 3046 3001 2996 3004 3046 3080 3089 3066 3041 3017 3020 2995 2943 2865 2818 2782 2744 2785 2830 2862 2906 2953 2974 2988 3036 3130 3257 3391 3535 3714 3935 4150 4377 4603 4792 4809 4733 4576 4514 4457 4378 4297 4271 4296 4336 4310 4260 4235 4251 4237 4209 4167 4137 4119 4132 4149 4153 4155
4111 4147 4188 4216 4188 4337 4272 4178 4172 4162 4122 4060 4055 3934 3689 3492 3358 3252 3202 3126 3039 2982 2961 2961 2992 3034 3027 3003 3003 3013 3062 3079 3078 3057 3067 3039 3033 3019 2981 2917 2844 2774 2740 2749 2762 2772 2809 2867 2894 2902 2927 3002 3117 3243 3401 3567 3767 3967 4189 4444 4659 4776 4760 4601 4541 4485 4404 4301 4244 4244 4320 4327 4287 4265 4281 4264 4232 4183 4152 4137 4152 4161 4148 4136
4091 4166 4256 4298 4243 4289 4172 4156 4177 4154 4129 4004 3901 3758 3550 3403 3317 3216 3174 3094 3000 2906 2882 2884 2933 3016 3077 3069 3055 3078 3120 3110 3086 3069 3088 3092 3092 3079 3050 3009 2925 2843 2791 2768 2740 2718 2741 2812 2897 2881 2850 2896 2995 3110 3269 3422 3622 3807 4023 4283 4522 4752 4836 4664 4586 4524 4448 4326 4239 4212 4271 4296 4284 4274 4283 4261 4212 4188 4164 4154 4164 4150 4140 4137
4110 4201 4306 4340 4311 4181 4129 4159 4175 4116 4036 3874 3709 3563 3434 3337 3269 3157 3128 3063 3002 2902 2846 2842 2901 3037 3075 3086 3075 3093 3095 3077 3088 3104 3167 3182 3184 3162 3126 3082 3013 2969 2903 2826 2757 2691 2691 2758 2819 2822 2814 2816 2889 2993 3144 3293 3488 3651 3863 4148 4406 4724 4974 4796 4690 4650 4551 4373 4250 4209 4241 4261 4269 4270 4281 4269 4236 4193 4173 4164 4186 4162 4148 4157
4166 4253 4361 4429 4405 4088 4111 4132 4101 4036 3941 3757 3593 3465 3364 3280 3214 3147 3101 3031 2943 2919 2860 2840 2859 2946 2969 2985 3023 3080 3114 3123 3123 3136 3197 3267 3289 3242 3206 3162 3137 3073 2990 2899 2807 2726 2699 2724 2747 2730 2729 2735 2802 2913 3063 3208 3354 3499 3720 4010 4295 4627 4905 4866 4766 4716 4587 4396 4246 4193 4215 4237 4247 4261 4276 4270 4248 4198 4180 4170 4173 4164 4164 4168
4253 4321 4354 4316 4381 4041 4097 4089 4023 3935 3801 3636 3508 3391 3287 3206 3162 3117 3081 3032 2982 3009 2974 2892 2838 2841 2858 2884 2936 3008 3123 3155 3169 3235 3301 3328 3290 3290 3297 3280 3255 3197 3087 2994 2890 2784 2733 2713 2694 2651 2626 2666 2755 2894 3016 3117 3223 3388 3608 3850 4176 4471 4729 4813 4804 4627 4489 4345 4227 4186 4222 4219 4223 4222 4237 4252 4226 4205 4190 4181 4177 4167 4178 4186
4384 4429 4352 4231 4131 4076 4056 4045 3977 3867 3722 3564 3432 3310 3209 3123 3082 3054 3066 3040 3025 3030 3023 2968 2909 2867 2865 2857 2858 2896 2997 3097 3150 3201 3252 3252 3270 3302 3378 3420 3352 3294 3201 3105 2993 2884 2796 2728 2658 2580 2582 2640 2739 2849 2940 3003 3117 3295 3509 3737 4030 4304 4553 4732 4708 4533 4392 4283 4200 4180 4185 4197 4206 4215 4239 4229 4201 4197 4200 4200 4186 4163 4171 4176
4474 4500 4359 4172 4024 4045 4087 4018 3936 3812 3665 3498 3355 3225 3141 3066 3023 3006 3040 3031 3019 3028 3047 3048 3047 3029 2961 2879 2812 2821 2912 3035 3101 3109 3115 3104 3169 3241 3355 3432 3422 3413 3351 3225 3102 2982 2869 2765 2666 2577 2582 2643 2713 2788 2864 2924 3045 3213 3408 3613 3890 4157 4413 4648 4603 4445 4315 4228 4169 4153 4157 4174 4192 4210 4225 4210 4185 4184 4204 4225 4201 4164 4169 4158
4520 4524 4359 4145 4001 3966 4000 3930 3838 3728 3565 3411 3277 3152 3096 3056 3011 2978 3009 3020 3032 3054 3098 3101 3115 3098 2934 2859 2818 2822 2914 3036 3091 3061 3039 3024 3060 3153 3262 3361 3432 3453 3414 3321 3200 3067 2943 2823 2711 2617 2601 2668 2746 2783 2837 2900 2997 3141 3316 3520 3786 4045 4319 4585 4584 4386 4260 4190 4141 4125 4135 4156 4176 4197 4211 4198 4182 4178 4198 4212 4195 4173 4174 4153
4532 4531 4359 4128 3961 3983 3879 3798 3715 3615 3465 3328 3213 3116 3075 3074 3019 2970 2992 3009 3029 3068 3103 3113 3096 3021 2868 2836 2835 2867 2975 3081 3142 3125 3055 3026 3158 3144 3250 3355 3452 3494 3487 3405 3286 3161 3022 2892 2773 2672 2630 2683 2755 2781 2833 2892 3000 3134 3281 3457 3697 3937 4235 4545 4572 4360 4239 4183 4144 4129 4136 4149 4160 4174 4196 4195 4189 4192 4194 4187 4175 4189 4180 4151
4521 4524 4343 4112 3916 3940 3738 3656 3569 3476 3352 3251 3159 3074 3043 3047 3022 2993 3009 3002 3023 3078 3127 3126 3077 2975 2834 2820 2846 2921 3048 3140 3185 3173 3145 3201 3304 3289 3341 3436 3459 3493 3511 3440 3333 3217 3088 2958 2834 2724 2668 2691 2722 2782 2846 2948 3050 3182 3286 3418 3606 3810 4061 4322 4461 4347 4255 4204 4188 4169 4154 4148 4150 4159 4175 4193 4198 4200 4188 4175 4157 4165 4152 4134
4467 4445 4285 4064 3858 3890 3636 3540 3438 3351 3256 3185 3119 3047 3017 3032 3054 3044 3012 2979 3011 3085 3159 3149 3083 2953 2808 2796 2840 2927 3054 3136 3191 3213 3243 3322 3427 3451 3430 3405 3400 3422 3423 3406 3373 3276 3145 3009 2884 2773 2711 2724 2746 2798 2870 2984 3078 3192 3315 3412 3533 3708 3941 4240 4435 4375 4300 4256 4206 4193 4165 4143 4134 4137 4151 4192 4198 4186 4166 4150 4141 4165 4121 4119
4397 4349 4211 4007 3811 3794 3574 3452 3340 3256 3182 3132 3080 3034 3020 3050 3049 3034 3004 2986 3015 3105 3234 3169 3048 2889 2787 2787 2836 2922 3047 3144 3205 3265 3331 3420 3512 3552 3530 3388 3348 3381 3420 3446 3436 3336 3191 3048 2921 2812 2768 2790 2813 2845 2890 2990 3075 3187 3357 3447 3536 3659 3857 4112 4335 4364 4310 4315 4266 4205 4168 4135 4109 4106 4123 4164 4171 4159 4155 4149 4137 4166 4132 4111
4342 4284 4160 3973 3784 3621 3610 3388 3275 3196 3134 3097 3055 3034 3028 3038 3036 3004 2951 2942 2991 3074 3181 3137 3013 2863 2799 2815 2870 2950 3081 3194 3266 3318 3371 3415 3510 3524 3474 3386 3341 3384 3452 3506 3488 3371 3219 3069 2933 2834 2828 2859 2892 2897 2904 2953 3041 3163 3382 3486 3559 3639 3780 3965 4263 4366 4294 4313 4335 4234 4177 4137 4101 4093 4099 4118 4141 4157 4167 4161 4148 4163 4167 4150
4303 4245 4134 3973 3789 3613 3588 3342 3236 3158 3106 3085 3064 3049 3043 3013 3024 2974 2892 2858 2948 3039 3107 3094 3015 2907 2866 2893 2962 3020 3126 3238 3317 3344 3401 3469 3446 3477 3434 3404 3428 3413 3418 3417 3431 3357 3222 3070 2931 2842 2808 2875 2926 2923 2903 2936 3014 3126 3313 3502 3595 3653 3745 3891 4205 4358 4304 4262 4298 4254 4188 4144 4112 4095 4089 4093 4123 4162 4182 4166 4156 4164 4163 4154
4291 4245 4150 4019 3806 3634 3611 3320 3213 3131 3085 3079 3084 3048 3017 2993 2995 2943 2861 2836 2949 3040 3092 3066 2999 2951 2926 2966 3042 3138 3183 3221 3248 3304 3392 3495 3493 3518 3458 3443 3469 3432 3385 3344 3404 3349 3223 3075 2935 2863 2842 2887 2924 2911 2873 2907 2986 3112 3282 3498 3617 3686 3738 3841 4081 4302 4338 4252 4248 4220 4182 4155 4127 4106 4095 4090 4115 4138 4148 4153 4145 4146 4146 4145
