real_craters/C189-300m.grd
DSAA
587 587
-87.9375 87.9375
-87.9375 87.9375
2563.0478150371 4976.3069802699
[rows 60 to 89 of 587, columns 0 to 66 of 587]
4051.16 4051.62 4052.82 4054.42 4055.97 4057.32 4057.81 4057.84 4059.2 4062 4065.9 4070.89 4076.59 4082.32 4087.08 4089.02 4089.18 4088.91 4088.73 4089.19 4087.54 4086.93 4088.64 4090.53 4092.55 4094.06 4095.28 4096.4 4097.31 4096.99 4093.98 4089.88 4086.86 4082.76 4078.52 4075.47 4073.57 4072.39 4072.61 4072.61 4074.83 4077.79 4080.48 4082.78 4083.42 4083.75 4084.31 4084.3 4083.79 4082.87 4081.63 4080.39 4079.18 4078.04 4076.89 4075.87 4074.61 4072.7 4071.74 4070.72 4068.25 4066.6 4065.78 4065.31 4064.69 4063.92 4063.4
4048.84 4050.04 4051.99 4054.27 4056.21 4057.64 4058.45 4058.87 4060.66 4064.31 4068.23 4072.58 4077.25 4081.45 4084.93 4087.63 4089 4089.52 4089.33 4087.84 4084.68 4086.06 4088.54 4091.56 4093.83 4095.2 4095.87 4096.21 4096.06 4095.28 4092.98 4089.43 4086.91 4082.52 4078.91 4076.49 4074.93 4073.21 4071.38 4069.85 4071.52 4074.04 4076.41 4078.78 4080.4 4080.97 4081.3 4081.05 4080.35 4079.47 4078.48 4077.38 4076.19 4074.94 4073.46 4072.13 4070.79 4069.42 4068.88 4068.62 4068.13 4067.7 4066.89 4065.52 4064.01 4062.79 4061.31
4044.76 4048.45 4051.88 4054.82 4057.11 4058.87 4060.22 4061.07 4062.68 4065.78 4069.9 4074.17 4078.23 4081.4 4083.94 4087 4088.83 4089.81 4089.92 4087.8 4084.32 4085.96 4090.19 4093.86 4095.71 4096.29 4096.08 4095.43 4094.11 4092.96 4091.22 4088.56 4084.84 4081.07 4079.02 4076.78 4074.77 4074.02 4072.06 4070.66 4070.52 4071.27 4072.39 4074 4076.65 4079.48 4078.67 4077.77 4077.01 4076.06 4074.99 4073.96 4073 4071.7 4070.38 4068.75 4067.17 4066.23 4065.57 4065.93 4066.74 4068.06 4066.95 4064.85 4062.94 4060.78 4058.66
4044.3 4049.03 4053.28 4056.77 4059.3 4061.25 4062.59 4063.93 4065.75 4067.86 4072.08 4076.21 4080.06 4083.53 4086 4087.58 4088.85 4089.82 4090.62 4089.34 4084.52 4086.34 4092.4 4096.92 4097.78 4097.09 4095.84 4094.27 4092.12 4089.49 4088.23 4088.5 4087.17 4082.44 4079.6 4077.3 4075.86 4074.48 4072.75 4071.52 4069.87 4068.94 4068.37 4067.82 4067.84 4073.12 4073.85 4073.73 4073.38 4072.85 4072.17 4071.25 4070.06 4068.93 4067.37 4065.5 4063.53 4061.31 4061.44 4063.57 4065.26 4065.2 4064.6 4063.13 4060.87 4058.3 4055.42
4049.01 4052.74 4056.72 4060.2 4062.99 4064.97 4066.31 4067.41 4069.47 4072.32 4075.27 4078.69 4082.1 4085.35 4087.54 4088.18 4088.6 4088.91 4089.2 4087.84 4084.31 4086.69 4093.96 4099.51 4099.21 4097.56 4095.5 4093.11 4090.38 4087.02 4084.61 4085.51 4084.7 4082.81 4078.99 4076.73 4075.87 4073.87 4071.89 4070.38 4068.55 4066.89 4065.3 4063.08 4060.63 4063.76 4067.6 4069.38 4069.5 4069.32 4068.85 4068.09 4067.31 4066.16 4064.58 4062.85 4060.86 4058.83 4058.84 4061.24 4062.86 4061.93 4061.38 4060.99 4058.64 4055.44 4051.82
4056.21 4058.5 4061.54 4064.78 4067.64 4069.73 4070.43 4071.25 4073.7 4075.98 4078.54 4081.06 4083.71 4086.26 4087.74 4088.14 4088.02 4087.34 4086 4084.74 4084.07 4087 4093.84 4099.17 4099.2 4097.31 4094.69 4091.81 4089.12 4086.62 4082.71 4081.52 4079.76 4078.13 4075.47 4073.61 4072.54 4070.91 4069.69 4068.28 4066.72 4065 4063.31 4061.99 4060.74 4061.5 4064.06 4065.98 4066.49 4066.68 4066.23 4065.63 4064.84 4063.73 4062.43 4061.05 4059.56 4058.12 4057.89 4059.53 4060.46 4060.85 4061.21 4059.89 4056.79 4052.57 4048.06
4063.65 4064.88 4067.09 4069.82 4072.87 4075.93 4078.32 4079.26 4079.83 4080.79 4081.51 4082.87 4084.7 4086.47 4087.63 4087.85 4087.56 4086.45 4084.33 4083.31 4084.27 4087.11 4092.87 4097.56 4098.29 4096.38 4093.43 4090.05 4086.7 4083.64 4080.05 4078.32 4073.47 4071.78 4070.26 4069.16 4068.04 4067.64 4067.57 4066.75 4064.98 4063.22 4061.72 4060.93 4061.83 4062.42 4062.79 4063.71 4064.24 4064.37 4064.11 4063.49 4062.82 4061.94 4061.03 4060.02 4059.21 4058.73 4058.83 4059.16 4059.65 4061.53 4062.47 4059.26 4054.82 4049.54 4043.76
4070.27 4070.84 4072.19 4074.28 4077.24 4081.16 4085.58 4085.39 4083.97 4083.6 4083.02 4083.49 4084.92 4086.68 4087.41 4087.6 4087.5 4086.93 4085.9 4085.23 4085.51 4087.56 4092.22 4096.69 4097.34 4095.12 4091.75 4087.9 4083.8 4079.89 4078.08 4075.43 4070.37 4066.86 4065.49 4065.46 4064.79 4064.23 4065.03 4064.7 4063.07 4061.45 4060.02 4059.1 4059.46 4061.16 4061.47 4061.89 4062.1 4062.17 4062.29 4061.97 4061.48 4060.59 4060.34 4059.78 4059.34 4059.35 4060.07 4059.07 4058.43 4060.1 4061.37 4058.03 4052.32 4045.79 4039.07
4076.32 4076.01 4076.21 4077.47 4079.57 4082.22 4084.07 4082.53 4083.04 4083.28 4082.2 4082.36 4083.72 4085.82 4086.51 4086.98 4087.61 4088.18 4088.31 4087.75 4087.1 4087.57 4091.4 4095.53 4096.1 4093.48 4089.74 4085.67 4081.78 4078.73 4076.83 4074.93 4070.39 4065.17 4063.2 4063.62 4063.26 4062.33 4062.67 4062.38 4061.25 4059.74 4058.52 4058.46 4059.22 4060.12 4059.69 4060.14 4060.26 4060.23 4060.18 4059.96 4059.82 4059.66 4059.31 4058.92 4058.78 4058.88 4059.25 4058.34 4057.38 4057.92 4059.66 4055.89 4048.69 4041.28 4033.86
4080.97 4079.07 4078.85 4079.28 4080.1 4080.71 4079.63 4077.41 4078.48 4079.21 4079.25 4079.48 4080.52 4082.52 4083.85 4085.44 4087.34 4089.4 4091.26 4090.36 4088.78 4088.13 4090.9 4094.2 4094.49 4091.37 4087.35 4083.24 4079.5 4076.96 4075.56 4074.71 4071.1 4066.58 4064.27 4063.42 4062.33 4061.32 4061.93 4060.96 4059.56 4058.24 4056.71 4055.62 4057.74 4057.71 4057.76 4058.39 4058.53 4058.48 4058.46 4058.37 4058.52 4058.37 4058.17 4058.4 4058.14 4057.71 4057.13 4056.81 4057.28 4057.89 4056.89 4051.25 4043.49 4035.95 4028.34
4083.78 4081.44 4080.32 4079.91 4079.79 4079.43 4077.87 4075.84 4075.16 4075.56 4075.9 4075.61 4075.55 4076.92 4079.68 4083.03 4086.42 4089.47 4091.85 4091.38 4090.05 4089.83 4090.76 4092.15 4092 4088.33 4084.3 4080.3 4076.6 4074.81 4074.85 4073.23 4070.51 4067.18 4065.3 4064.1 4062.07 4059.06 4057.7 4058.01 4057.84 4057.2 4055.91 4053.97 4056.56 4056.64 4056.97 4057.28 4057.36 4057.43 4057.43 4057.53 4057.69 4057.85 4057.6 4057.74 4057.38 4056.63 4055.22 4055.05 4055.82 4055.56 4050.52 4042.84 4036.35 4029.73 4022.87
4082.06 4081.59 4080.28 4079.6 4079.16 4078.49 4077.14 4075.79 4075.32 4074.53 4073.61 4072.28 4070.42 4070.1 4075.47 4080.71 4085.32 4088.82 4090.36 4090.8 4089.75 4088.7 4087.99 4087.96 4086.78 4084.03 4080.64 4077.27 4074.39 4073.11 4074.08 4071.89 4068.2 4064.72 4062.9 4062.86 4061.18 4056.3 4053.98 4055.56 4056.67 4057.15 4057.24 4056.74 4056.41 4057.36 4056.92 4056.57 4056.96 4057.24 4057.14 4057.34 4057.31 4057.22 4057.04 4057.09 4056.78 4056.38 4055.91 4054.93 4051.99 4047.19 4040.18 4033.72 4028.69 4023.2 4017.25
4077.25 4078.26 4078.79 4078.71 4078.5 4078.24 4077.56 4076.47 4075.11 4074.09 4072.74 4070.96 4068.65 4068.41 4073.76 4079.38 4084.53 4088.94 4091.9 4090.6 4088.42 4085.96 4084.13 4083.09 4081.59 4079.55 4076.93 4074.13 4071.64 4069.87 4068.85 4067.14 4063.43 4060.13 4057.08 4057.01 4057.12 4056.3 4056.04 4055.81 4056.65 4057.6 4059.02 4060.4 4058.78 4056.41 4055.27 4055.29 4056.03 4056.45 4056.69 4056.76 4056.69 4056.48 4056.23 4056.09 4055.87 4055.4 4054.59 4052.48 4048.01 4041.16 4033.64 4026.85 4022.03 4017.06 4011.87
4075.38 4077.12 4077.77 4077.62 4077.61 4077.89 4078.42 4077.8 4075.97 4074.61 4073.06 4071.66 4070.69 4071.26 4074.46 4078.86 4083.65 4088.24 4090.9 4089.45 4086.57 4083.41 4080.43 4078.99 4077.24 4075.46 4073.68 4071.26 4067.9 4065.34 4062.52 4059.34 4058.41 4056.73 4053.91 4053.18 4053.94 4054.8 4055.3 4056.11 4056.57 4057.39 4058.57 4058.81 4054.73 4052.57 4052.36 4054.31 4055.64 4056.17 4056.31 4056.12 4055.8 4055.34 4054.95 4054.51 4054.04 4053.5 4052.73 4050.74 4044.92 4038.06 4030.37 4022.82 4016.54 4011.29 4006.45
4077.78 4077.63 4077.01 4076.08 4076.11 4077.09 4079.14 4079.1 4077.88 4075.33 4073.53 4072.67 4073.09 4073.92 4075.21 4078.1 4081.94 4086.19 4088.84 4086.9 4084.19 4081.26 4078.46 4076.17 4073.41 4071.97 4071.36 4069.97 4066.83 4062.99 4059.14 4057.69 4057.09 4056.27 4055.73 4053.21 4054.03 4056.24 4056.68 4056.53 4056.39 4056.28 4056.12 4054.37 4050.34 4051.14 4052.71 4054.56 4055.73 4055.95 4055.56 4055.03 4054.4 4053.5 4052.69 4052.04 4051.35 4050.66 4049.85 4047.26 4041 4032.8 4024.46 4016.58 4010.68 4005.73 4001.09
4077.78 4076.25 4074.39 4073.49 4073.58 4075.02 4078.29 4078 4076.82 4074.54 4073.07 4072.47 4072.88 4073.54 4074.42 4076.2 4078.79 4081.96 4084.07 4082.89 4081.25 4079.46 4077.6 4074.74 4071.68 4070.15 4070.2 4070.56 4069.77 4063.18 4056.87 4056.18 4057.54 4057.18 4055.84 4054.97 4057.27 4058.75 4057.51 4057.38 4056.45 4055.03 4053.38 4051.54 4050.37 4052.88 4055.75 4056.03 4056.11 4055.57 4054.5 4053.35 4052.12 4050.91 4049.9 4048.76 4047.63 4046.53 4045.53 4043.59 4035.56 4025.18 4015.34 4009.32 4005.26 4000.53 3996.08
4077.6 4074.71 4071.17 4070.43 4070.12 4070.67 4073.32 4073.44 4072.59 4072.09 4071.5 4071.01 4070.74 4071.33 4072.27 4073.36 4074.46 4075.61 4076.84 4077.81 4077.91 4077.36 4075.97 4073.78 4071.03 4069.02 4069 4070.01 4070.47 4063.21 4056.72 4056.85 4058.48 4060.83 4060.85 4061.6 4063.73 4063.67 4060.73 4059.96 4057.58 4054.43 4051.29 4050.13 4051.71 4054.44 4057.25 4057.34 4056.37 4054.94 4053.24 4051.47 4049.81 4048.14 4046.85 4045.12 4043.51 4041.26 4038.96 4035.21 4027.71 4018.22 4009.93 4004.91 4000.21 3995.46 3991.19
4077.3 4074.54 4069.91 4068.19 4066.84 4066.02 4067.31 4068.53 4068.73 4069.47 4069.55 4069.36 4068.76 4069.31 4069.96 4070.28 4070.21 4070 4070.97 4073.22 4074.77 4075.55 4075.71 4074.28 4070.89 4067.92 4067.19 4066.3 4064.82 4062.38 4060.17 4061.51 4064.94 4067.65 4069.82 4071.87 4071.46 4071.67 4069.87 4064.58 4059.57 4054.95 4050.43 4049.29 4051.99 4055.36 4058.16 4058.27 4056.51 4054.25 4051.89 4049.55 4047.48 4045.22 4042.9 4040.5 4038.18 4035.2 4031.5 4026.44 4019.57 4011.6 4004.08 3998.56 3993.89 3990.72 3986.38
4077.28 4075.5 4070.61 4067.08 4064.63 4063.26 4064.13 4066.09 4067.3 4067.45 4067.71 4068.06 4068.75 4068.27 4068.06 4067.78 4067.06 4066.35 4067.39 4070.02 4072.32 4073.99 4074.86 4074.08 4071.87 4068.62 4066.79 4063.24 4060.33 4061.69 4064.69 4068.04 4072.46 4073.85 4076.14 4077.5 4075.23 4074.24 4071.62 4066.3 4061.25 4056.91 4052.49 4050.2 4052.46 4056.21 4059.27 4058.77 4055.84 4053.01 4050.11 4047.28 4044.32 4041.45 4038.51 4035.48 4032.27 4028.61 4024.37 4019.55 4013.18 4004.99 3997.44 3992.96 3991.23 3988.05 3982.53
4075.74 4074.17 4069.51 4066.16 4063.38 4061.17 4061.8 4063.72 4064.98 4065.32 4065.75 4066.31 4066.76 4066.78 4066.54 4066.15 4065.39 4064.3 4065.46 4068.18 4070.6 4072.58 4074.06 4074.96 4074.02 4073.67 4069.18 4063.45 4059.73 4060.62 4064.02 4068.14 4073.3 4074.67 4076.25 4076.2 4074.36 4072.2 4068.74 4064.84 4062.16 4059.83 4058.15 4055.27 4055.34 4057.05 4058.17 4056.93 4054.1 4050.95 4047.71 4044.54 4041.29 4038.07 4034.68 4030.91 4026.96 4022.41 4017.43 4011.99 4005.68 3998.78 3993.2 3991.83 3993.01 3987.6 3980.23
4073.17 4071.11 4068.68 4065.48 4063.21 4061.85 4060.61 4061.18 4062.21 4063.03 4063.59 4064.15 4064.77 4064.97 4065.26 4065.41 4065.16 4064.05 4065.35 4067.59 4069.43 4071.06 4072.65 4073.78 4073.99 4073.49 4070.3 4065.71 4061.26 4058.26 4058.53 4062.85 4066.72 4069.67 4072.34 4073.1 4071.93 4070.23 4066.93 4063.96 4062.59 4061.88 4062.27 4061.69 4059.07 4057.69 4056.37 4054.63 4051.69 4048.33 4044.97 4041.64 4038.2 4034.58 4030.46 4026.38 4021.89 4016.8 4011.13 4004.63 3997.89 3993.26 3989.88 3989.71 3991.96 3986.38 3978.43
4070.24 4069.76 4066.44 4063.31 4061.51 4060.27 4059.62 4059.93 4060.44 4060.97 4061.34 4061.67 4062.23 4063.08 4064.06 4065.25 4066.48 4067.23 4067.49 4067.78 4068.3 4069.1 4070.1 4070.93 4071.69 4071.85 4070.51 4067.84 4063.25 4057.62 4056.29 4059.59 4061.59 4064.4 4067.99 4069.4 4069.14 4067.32 4065.58 4063.65 4062.49 4061.9 4062.06 4062.91 4059.89 4056.87 4054.68 4052.64 4048.27 4044.85 4041.71 4038.33 4034.72 4030.83 4026.66 4021.77 4016.88 4011.65 4005.68 3999.58 3992.96 3989.64 3987.03 3986.76 3987.65 3982.87 3976.18
4066.11 4065.94 4064.27 4061.58 4058.99 4058.78 4059.44 4059.21 4059.1 4059.07 4059.19 4059.35 4059.57 4061.13 4062.62 4064.68 4067.59 4071.35 4069.38 4067.52 4066.67 4066.53 4066.93 4068.36 4068.11 4068.17 4068.09 4066.58 4063.95 4059.7 4060.13 4060.89 4061.28 4063.17 4066.23 4067.26 4066.87 4066.14 4064.62 4063.08 4061.87 4060.81 4060.07 4060.58 4057.4 4053.74 4049.7 4045.45 4043.01 4041.1 4038.41 4035.13 4031.32 4027.09 4022.42 4017.38 4012.25 4006.85 4001.63 3996.48 3992.66 3988.24 3983.84 3982.95 3982.23 3977.96 3973.09
4061.37 4063.95 4063.15 4059.1 4057.42 4058.64 4059.34 4058.99 4057.8 4057.01 4056.93 4057.8 4058.82 4059.1 4060.49 4062.59 4065.63 4069.45 4067.48 4065.44 4064.19 4063.26 4062.47 4061.45 4061.11 4061.82 4062.42 4066.11 4066.11 4065.06 4065.14 4063.03 4061.79 4062.43 4064.23 4064.34 4063.93 4064.69 4064 4062.44 4061.28 4059.97 4058.18 4056.94 4053.23 4049.89 4045.08 4039.48 4038.99 4038.15 4035.67 4032.26 4028.17 4023.87 4019.04 4013.63 4008.26 4002.59 3997.3 3992.4 3989.91 3984.07 3977.36 3972.18 3972.72 3971.17 3969.31
4056.11 4062.14 4063.12 4056.4 4056 4057.19 4057.24 4056.7 4055.28 4054.27 4053.82 4054.06 4055.06 4056.18 4057.63 4059.09 4060.43 4062.21 4062.23 4061.87 4061.07 4059.89 4058.25 4056.05 4055.78 4058.24 4061.35 4066.97 4067.95 4067.67 4065.83 4063.38 4061.03 4058.35 4059.98 4060.77 4061.19 4064.19 4064.16 4062.61 4061.3 4059.62 4055.83 4050.04 4048.63 4047.01 4044.11 4040.98 4039.47 4037.18 4033.85 4029.84 4025.31 4020.73 4015.6 4009.77 4004.19 3998.59 3992.78 3986.51 3980.18 3974.3 3971.27 3968.54 3968.27 3966.45 3966.43
4050.37 4057.19 4060.35 4056.08 4054.89 4054.06 4053.3 4052.47 4051.83 4051.21 4050.48 4049.58 4050.81 4053.17 4054.92 4055.81 4055.28 4053.34 4057.13 4058.37 4058.25 4057.28 4055.73 4053.84 4053.54 4057.66 4063.01 4066.61 4066.88 4065.92 4064.5 4063.05 4061.48 4060.41 4059.3 4060.03 4061.51 4064.95 4065.56 4064.53 4062.49 4058.96 4053.19 4047.45 4045.63 4045.42 4044.67 4044.36 4042.12 4037.45 4032.73 4027.89 4022.81 4017.8 4012.23 4006.34 4000.6 3994.69 3988.61 3981.83 3974.45 3968.74 3968.69 3968.83 3967.88 3965.32 3965.19
4046.12 4050.5 4051.38 4053.34 4052.55 4051.43 4049.43 4048.31 4048.71 4048.8 4048.33 4047.7 4049.03 4051.44 4053.34 4054.41 4054.75 4054.51 4055.71 4056.41 4056.37 4055.76 4054.84 4054.05 4054.61 4057.21 4060.55 4063.32 4063.31 4063.74 4063.05 4062.43 4062.35 4062.93 4061.32 4061.95 4064.57 4067.05 4067.46 4067.15 4064.89 4058.98 4050.92 4045.13 4044.05 4043.6 4044.43 4044.66 4042.33 4037.03 4031.58 4026.12 4020.63 4015.11 4009.26 4003.4 3997.53 3991.65 3985.72 3979.61 3973.83 3969.89 3968.91 3969.25 3967.59 3965.17 3964.6
4045.12 4047.31 4048.9 4050.99 4051.75 4048.54 4046.84 4046.01 4046.97 4047.71 4047.85 4047.44 4049.11 4051.3 4053.03 4054.24 4055.49 4056.93 4055.72 4055.55 4055.28 4054.89 4054.49 4054.69 4055.61 4056.03 4056.21 4056.51 4056.83 4057.42 4059.43 4060.73 4062.21 4062.72 4061.74 4063.55 4065.81 4068.04 4068.34 4068.29 4067.03 4060.27 4051.95 4045.61 4043.41 4042.45 4042.86 4042.32 4040.08 4035.24 4029.86 4024.29 4018.48 4012.66 4006.66 4000.92 3995.12 3989.42 3983.84 3978.73 3974.16 3971.18 3969.02 3968.04 3966.15 3964.55 3963.06
4045.7 4046.27 4047.07 4048.57 4049.14 4047.27 4045.94 4045.66 4046.55 4047.91 4049.24 4049.42 4050.99 4052.29 4053.52 4054.54 4054.54 4054.27 4055.35 4055.1 4054.61 4054.28 4054.04 4054.41 4055.38 4054.48 4052.31 4051.08 4050.73 4050.87 4054.44 4058.36 4062.02 4064.88 4065.48 4065.04 4065.68 4068.38 4067.26 4065.26 4062.51 4059.78 4052.75 4046.13 4042.81 4041.04 4040.78 4039.06 4035.92 4032.49 4027.83 4022.12 4016.3 4010.33 4004.3 3998.86 3993.12 3987.68 3982.58 3977.87 3973.45 3970.17 3967.88 3966.27 3964.45 3962.94 3960.29
4045.74 4045.69 4046.54 4046.88 4046.4 4046.55 4045.32 4045.27 4046.54 4048.49 4051.21 4055.37 4053.41 4053.3 4054.11 4055.42 4056.76 4056.79 4055.64 4054.57 4053.69 4053.11 4052.88 4052.98 4053.66 4052.61 4050.36 4047.64 4047.75 4048.37 4051.31 4056.16 4061.42 4066.91 4067.33 4065.05 4064.96 4066.75 4064.1 4060.49 4056.94 4056.15 4050.02 4044.48 4041.25 4039.09 4038.36 4036.52 4033.95 4030.37 4025.53 4019.92 4014.17 4007.96 4002.15 3996.46 3991.15 3985.83 3980.94 3976.38 3972.29 3969.35 3966.82 3964.28 3961.48 3959.02 3957.14
