real_craters/C189-750m.grd
DSAA
235 235
-87.9375 87.9375
-87.9375 87.9375
2576.8925067047 4974.1779472592
[rows 114 to 151 of 235, columns 0 to 83 of 235]
3908 3922 3935 3940 3941 3936 3930 3928 3928 3927 3928 3917 3913 3908 3906 3907 3909 3911 3913 3915 3917 3920 3923 3925 3923 3922 3923 3920 3923 3924 3931 3930 3942 3940 3933 3928 3923 3916 3903 3907 3908 3908 3908 3909 3908 3915 3909 3902 3892 3908 3909 3902 3905 3916 3927 3944 3954 3960 3957 3950 3955 3974 4013 4028 4043 4030 4036 4045 4039 4031 4031 4049 4066 4087 4134 4190 4232 4211 4175 4162 4208 4242 4268 4284
3917 3929 3945 3953 3955 3949 3943 3937 3929 3921 3925 3925 3919 3913 3909 3907 3908 3909 3910 3913 3915 3916 3917 3917 3920 3922 3923 3923 3921 3924 3935 3941 3948 3954 3945 3935 3926 3914 3909 3911 3913 3917 3926 3927 3922 3910 3902 3892 3889 3901 3914 3908 3915 3927 3944 3959 3964 3971 3978 3958 3956 3970 3997 4016 4005 4004 4023 4035 4037 4041 4048 4060 4074 4095 4140 4193 4245 4229 4175 4150 4175 4220 4255 4276
3910 3931 3946 3956 3958 3953 3947 3944 3942 3932 3927 3925 3920 3914 3908 3906 3907 3910 3913 3914 3916 3917 3916 3920 3921 3920 3917 3917 3926 3945 3944 3945 3958 3957 3947 3937 3929 3917 3904 3909 3912 3915 3920 3923 3916 3908 3902 3896 3907 3928 3935 3947 3937 3939 3953 3962 3966 3974 3971 3950 3956 3977 3994 4007 4010 4007 4026 4029 4042 4058 4070 4079 4089 4106 4142 4179 4204 4212 4186 4169 4189 4228 4258 4276
3913 3933 3953 3974 3971 3950 3946 3941 3936 3936 3927 3920 3916 3911 3908 3906 3906 3910 3914 3915 3917 3918 3918 3921 3921 3917 3915 3917 3929 3935 3938 3935 3936 3933 3934 3933 3928 3914 3908 3908 3909 3908 3902 3905 3904 3903 3905 3913 3933 3951 3942 3933 3939 3944 3951 3958 3959 3956 3947 3937 3957 3980 4003 4020 4032 4022 4026 4031 4053 4077 4092 4097 4107 4121 4145 4168 4182 4198 4206 4214 4251 4266 4274 4285
3920 3935 3945 3946 3962 3953 3945 3940 3938 3935 3924 3912 3907 3906 3907 3901 3902 3906 3910 3913 3914 3919 3920 3921 3921 3915 3912 3921 3932 3936 3930 3923 3919 3923 3925 3927 3929 3929 3919 3912 3911 3907 3900 3899 3899 3904 3909 3915 3925 3944 3933 3925 3936 3942 3954 3958 3951 3937 3932 3951 3964 3983 4005 4022 4035 4021 4025 4040 4066 4095 4104 4107 4118 4133 4146 4162 4184 4211 4230 4271 4317 4295 4290 4293
3926 3939 3954 3961 3961 3968 3950 3940 3934 3931 3921 3911 3900 3897 3897 3893 3897 3902 3908 3912 3917 3925 3928 3926 3921 3915 3908 3909 3914 3924 3920 3914 3909 3914 3917 3922 3926 3932 3930 3921 3916 3912 3911 3910 3910 3915 3918 3916 3911 3919 3927 3924 3927 3939 3968 3964 3954 3949 3941 3948 3968 3988 4007 4019 4025 4038 4044 4056 4074 4093 4101 4104 4112 4126 4143 4161 4174 4197 4229 4266 4274 4284 4296 4307
3920 3936 3962 3971 3955 3945 3943 3939 3937 3929 3917 3904 3890 3888 3887 3890 3893 3898 3905 3914 3923 3933 3933 3934 3923 3916 3910 3907 3906 3905 3908 3909 3906 3905 3911 3916 3924 3943 3946 3934 3921 3917 3916 3918 3923 3933 3932 3926 3925 3929 3935 3937 3932 3932 3958 3967 3962 3949 3961 3961 3976 3992 4007 4025 4035 4039 4056 4074 4076 4083 4089 4092 4097 4114 4140 4166 4185 4200 4214 4218 4231 4274 4309 4332
3912 3921 3925 3928 3922 3918 3924 3934 3933 3918 3906 3894 3887 3885 3885 3886 3889 3896 3904 3917 3928 3934 3938 3932 3924 3917 3913 3911 3906 3896 3898 3904 3903 3904 3904 3908 3918 3938 3947 3933 3920 3922 3926 3932 3958 3958 3946 3939 3934 3936 3941 3945 3939 3943 3966 3975 3979 3976 3971 3980 3990 3998 4005 4023 4023 4029 4042 4063 4071 4077 4081 4082 4079 4101 4137 4172 4212 4220 4204 4197 4229 4289 4332 4362
3906 3910 3912 3910 3909 3906 3913 3919 3916 3900 3894 3887 3885 3883 3883 3883 3888 3899 3908 3916 3925 3934 3931 3927 3922 3913 3908 3902 3894 3890 3889 3890 3888 3891 3893 3898 3907 3931 3942 3923 3917 3929 3943 3957 3967 3963 3951 3942 3937 3933 3938 3954 3965 3980 3991 3987 3978 3980 3988 4004 4011 4012 4018 4014 4009 4023 4036 4054 4064 4072 4079 4085 4089 4106 4132 4164 4190 4202 4195 4205 4265 4313 4337 4359
3899 3900 3905 3912 3909 3900 3899 3904 3906 3896 3889 3883 3879 3879 3880 3882 3887 3896 3903 3907 3913 3917 3915 3911 3906 3903 3899 3893 3884 3884 3883 3879 3878 3880 3887 3893 3903 3925 3937 3934 3932 3938 3952 3968 3973 3964 3949 3939 3931 3945 3967 3992 4015 4011 4018 4003 3985 3989 4010 4024 4029 4021 4015 4018 4014 4016 4023 4048 4065 4078 4083 4094 4113 4113 4122 4141 4171 4160 4181 4230 4349 4346 4339 4343
3892 3890 3893 3900 3904 3890 3889 3896 3901 3892 3885 3879 3875 3876 3877 3878 3884 3882 3888 3896 3898 3898 3897 3893 3892 3894 3893 3887 3883 3887 3887 3879 3876 3878 3886 3891 3901 3927 3959 3948 3945 3941 3942 3952 3966 3950 3943 3939 3936 3954 3999 4011 4016 4021 4034 4021 4014 4018 4027 4039 4037 4030 4025 4024 4018 4029 4034 4048 4064 4075 4083 4090 4098 4101 4103 4104 4107 4139 4185 4246 4339 4330 4316 4311
3888 3883 3884 3887 3877 3877 3880 3884 3894 3884 3879 3876 3875 3874 3877 3878 3876 3877 3879 3882 3884 3887 3890 3891 3889 3894 3899 3896 3895 3903 3912 3901 3891 3892 3893 3894 3899 3911 3911 3934 3939 3934 3930 3929 3935 3933 3937 3941 3953 3972 3989 4003 4011 4032 4034 4031 4034 4038 4041 4046 4042 4038 4034 4032 4033 4049 4062 4062 4063 4069 4078 4083 4088 4088 4085 4079 4082 4114 4163 4242 4250 4265 4268 4266
3889 3881 3879 3883 3880 3877 3875 3873 3875 3875 3873 3874 3874 3877 3880 3884 3882 3877 3875 3873 3875 3882 3898 3909 3920 3923 3917 3918 3924 3931 3939 3933 3922 3912 3906 3902 3904 3910 3924 3922 3916 3924 3930 3927 3925 3935 3935 3937 3947 3974 3987 3997 4001 4004 4013 4021 4031 4041 4034 4041 4044 4045 4054 4060 4053 4063 4069 4066 4063 4066 4075 4081 4083 4083 4079 4068 4064 4082 4104 4139 4175 4199 4214 4219
3896 3889 3882 3877 3877 3875 3872 3872 3871 3872 3872 3875 3875 3878 3883 3889 3889 3883 3878 3876 3890 3910 3916 3922 3932 3933 3928 3929 3937 3935 3932 3933 3937 3931 3913 3899 3898 3909 3920 3916 3908 3921 3933 3932 3920 3927 3933 3941 3952 3970 3986 3992 3990 3986 3995 4008 4016 4037 4037 4034 4048 4045 4061 4092 4073 4053 4047 4054 4055 4063 4075 4087 4090 4087 4082 4080 4080 4079 4089 4113 4136 4155 4175 4189
3908 3905 3886 3876 3874 3876 3873 3872 3873 3874 3876 3880 3878 3880 3886 3890 3894 3898 3890 3886 3899 3905 3914 3921 3925 3923 3926 3929 3933 3937 3926 3923 3925 3922 3909 3892 3893 3905 3911 3911 3913 3926 3929 3933 3934 3919 3928 3950 3967 3973 3980 3989 3986 3981 3991 4007 4026 4036 4032 4031 4034 4042 4067 4087 4084 4058 4049 4053 4047 4061 4078 4096 4102 4093 4088 4088 4091 4095 4109 4124 4115 4129 4162 4184
3915 3924 3899 3881 3875 3896 3874 3871 3876 3881 3887 3885 3884 3887 3891 3894 3896 3898 3904 3909 3910 3906 3912 3917 3919 3921 3923 3926 3929 3929 3923 3922 3928 3914 3899 3889 3895 3909 3922 3934 3941 3953 3951 3946 3939 3925 3933 3954 3971 3985 4000 4003 3994 3992 4001 4012 4028 4036 4028 4018 4027 4049 4079 4082 4067 4052 4046 4051 4059 4069 4083 4092 4096 4094 4088 4084 4092 4104 4123 4129 4122 4136 4167 4196
3907 3902 3897 3887 3881 3875 3875 3885 3887 3886 3884 3885 3886 3891 3894 3898 3901 3908 3916 3921 3921 3915 3914 3916 3918 3917 3919 3925 3927 3922 3922 3920 3915 3905 3896 3894 3903 3919 3940 3961 3967 3979 3982 3965 3941 3936 3944 3954 3970 3988 4007 4013 4011 4002 4006 4012 4024 4033 4032 4037 4034 4037 4053 4066 4054 4042 4039 4042 4061 4079 4092 4095 4098 4094 4086 4079 4086 4101 4119 4128 4140 4164 4181 4215
3899 3890 3887 3891 3898 3888 3882 3887 3892 3891 3888 3886 3887 3889 3896 3907 3917 3922 3923 3925 3926 3921 3917 3916 3916 3915 3918 3925 3927 3925 3923 3917 3911 3908 3903 3911 3916 3927 3940 3951 3966 3982 3990 3979 3959 3944 3934 3939 3955 3979 4006 4027 4025 4007 4006 4009 4016 4020 4024 4031 4031 4030 4042 4052 4052 4045 4048 4060 4074 4088 4106 4125 4112 4096 4085 4082 4082 4091 4108 4122 4130 4142 4188 4233
3896 3896 3891 3890 3900 3897 3889 3891 3895 3897 3899 3894 3892 3891 3901 3918 3934 3932 3924 3923 3924 3920 3917 3914 3913 3914 3920 3926 3926 3926 3930 3924 3920 3925 3931 3930 3930 3935 3941 3948 3962 3982 3984 3991 3985 3970 3940 3925 3940 3959 3979 4016 4028 4011 4006 4021 4020 4020 4023 4029 4031 4029 4040 4047 4052 4050 4053 4075 4079 4087 4105 4127 4109 4090 4077 4071 4073 4076 4082 4118 4137 4164 4202 4240
3892 3893 3893 3890 3890 3890 3891 3895 3896 3899 3903 3900 3901 3907 3915 3926 3931 3926 3921 3921 3921 3918 3915 3912 3910 3910 3913 3918 3919 3920 3925 3927 3929 3936 3948 3939 3940 3943 3946 3947 3955 3978 3989 3987 3998 3992 3968 3938 3941 3951 3963 3993 4035 4025 4013 4042 4035 4017 4022 4026 4026 4026 4027 4035 4039 4044 4052 4059 4064 4067 4077 4087 4082 4071 4061 4058 4064 4070 4074 4117 4149 4194 4215 4238
3889 3894 3893 3902 3901 3891 3888 3888 3895 3901 3905 3904 3912 3925 3939 3934 3930 3923 3921 3920 3918 3915 3913 3911 3909 3908 3905 3909 3911 3913 3917 3924 3928 3936 3943 3950 3947 3948 3953 3962 3959 3949 3981 4004 4007 4002 3976 3955 3953 3963 3971 3986 4015 4027 4029 4036 4030 4024 4026 4029 4035 4036 4029 4027 4025 4023 4032 4033 4031 4039 4044 4046 4051 4049 4045 4044 4060 4078 4100 4107 4145 4188 4214 4233
3888 3898 3898 3902 3907 3903 3900 3891 3898 3907 3913 3918 3929 3938 3942 3937 3928 3922 3927 3921 3916 3914 3913 3910 3907 3902 3902 3904 3905 3905 3908 3914 3921 3930 3940 3948 3949 3951 3956 3963 3967 3977 3983 4001 4011 4012 3995 3971 3974 3979 3991 3998 4006 4026 4038 4056 4049 4039 4035 4035 4037 4032 4027 4027 4027 4033 4044 4032 4019 4022 4022 4022 4028 4031 4034 4043 4055 4076 4094 4100 4132 4171 4196 4222
3882 3891 3895 3906 3909 3913 3918 3913 3911 3919 3927 3937 3944 3942 3944 3938 3929 3921 3922 3923 3919 3917 3915 3912 3908 3905 3901 3903 3903 3901 3903 3903 3911 3921 3932 3942 3945 3949 3953 3957 3964 3978 3994 4006 4009 4011 4007 4005 4002 4002 4015 4018 4026 4030 4046 4075 4057 4050 4044 4036 4026 4026 4029 4032 4037 4051 4050 4032 4028 4024 4019 4018 4019 4017 4015 4025 4044 4064 4084 4098 4118 4131 4159 4206
3875 3883 3890 3904 3916 3937 3958 3950 3933 3934 3942 3952 3951 3945 3937 3931 3925 3925 3928 3928 3928 3925 3921 3917 3912 3907 3904 3906 3906 3906 3908 3905 3906 3914 3922 3937 3939 3943 3948 3951 3956 3964 3989 4002 4001 3997 4000 4013 4028 4039 4029 4020 4016 4026 4040 4067 4072 4065 4053 4042 4032 4031 4036 4041 4040 4049 4039 4022 4014 4015 4025 4024 4017 4010 4004 4014 4033 4052 4075 4107 4116 4111 4134 4196
3888 3893 3891 3908 3959 3973 3995 3972 3948 3951 3959 3965 3959 3949 3938 3925 3924 3928 3929 3938 3938 3932 3928 3924 3919 3913 3911 3910 3915 3915 3917 3919 3911 3913 3914 3920 3931 3940 3946 3950 3949 3953 3985 3996 3996 3988 3998 4020 4035 4046 4032 4016 4006 4016 4033 4049 4075 4069 4057 4050 4048 4042 4040 4045 4038 4029 4019 4009 4004 4003 4017 4021 4016 4010 4009 4015 4029 4048 4074 4107 4119 4116 4136 4189
3889 3892 3894 3907 3973 3987 3988 3979 3963 3971 3977 3980 3968 3953 3945 3930 3924 3931 3936 3944 3937 3937 3938 3939 3935 3933 3932 3929 3938 3935 3934 3940 3930 3919 3914 3915 3927 3939 3949 3956 3957 3969 3999 4001 3997 3998 4004 4003 4023 4034 4027 4011 4001 4009 4026 4036 4043 4048 4047 4049 4052 4041 4034 4036 4029 4028 4018 4004 3991 3999 4018 4018 4015 4012 4009 4016 4026 4040 4064 4091 4108 4119 4139 4178
3891 3897 3898 3918 3959 3983 3994 3978 3984 3993 3990 3986 3972 3952 3949 3937 3930 3936 3944 3945 3934 3945 3959 3969 3973 3967 3958 3965 3988 3991 3968 3956 3940 3928 3919 3924 3929 3940 3954 3970 3990 3992 4002 3995 3993 4000 4012 4004 4015 4023 4024 4028 4009 4000 4002 4002 4005 4019 4028 4037 4044 4041 4051 4048 4036 4032 4000 3999 3990 3997 4005 4012 4013 4014 4020 4020 4024 4033 4053 4073 4091 4117 4144 4172
3893 3896 3898 3909 3932 3961 3973 4002 4041 4020 4000 3979 3953 3940 3935 3930 3933 3936 3943 3951 3946 3960 3974 3985 4009 4025 4031 4049 4076 4073 4043 4010 3984 3959 3933 3929 3931 3944 3960 3977 3994 4002 3995 3978 3981 3989 4005 4014 4022 4020 4013 4006 4002 3992 3981 3978 3982 3994 4008 4018 4026 4045 4056 4057 4039 4017 4007 4004 3998 4000 4002 4006 4009 4012 4019 4022 4027 4036 4053 4072 4092 4117 4143 4173
3892 3897 3897 3904 3917 3940 3979 4026 4036 4021 3996 3971 3947 3927 3924 3922 3932 3936 3948 3957 3966 3972 3973 3981 4014 4065 4133 4168 4174 4192 4145 4104 4079 4033 3982 3953 3944 3955 3967 3977 3985 3983 3964 3961 3970 3974 3979 4000 4009 4008 3999 3986 3983 3982 3979 3979 3971 3981 3990 3997 4007 4022 4041 4034 4013 3995 3999 3993 3993 3996 3989 3998 4005 4008 4012 4024 4033 4042 4061 4084 4109 4120 4129 4159
3888 3894 3899 3907 3914 3926 3970 3996 4013 4003 3982 3959 3935 3919 3923 3938 3947 3953 3984 4034 4026 3977 3952 3952 3976 4028 4128 4147 4149 4218 4242 4257 4205 4136 4071 4017 3986 3982 3983 3981 3971 3956 3949 3964 3972 3969 3971 3994 4001 4000 3994 3984 3981 3981 3990 3991 3986 3978 3978 3979 3983 3986 4007 4006 3993 3988 3989 3988 3996 3994 3989 3997 4007 4015 4023 4032 4043 4055 4073 4094 4114 4123 4128 4138
3881 3886 3900 3906 3906 3913 3954 3982 3986 3977 3961 3943 3928 3910 3922 3941 3973 4008 4046 4019 3989 3941 3907 3887 3877 3879 3882 3912 3940 3983 4029 4188 4231 4254 4180 4101 4047 4035 4022 3997 3979 3961 3952 3986 3982 3983 3984 3997 4011 4003 3995 3991 3987 3984 3987 3986 3981 3977 3974 3972 3982 3999 3994 3990 3984 3987 3971 3954 3962 3987 3995 3999 4009 4024 4036 4042 4052 4066 4081 4098 4115 4127 4136 4141
3886 3889 3898 3896 3896 3900 3926 3955 3959 3950 3940 3924 3903 3897 3923 3965 4006 4039 3975 3913 3890 3858 3825 3792 3757 3720 3699 3711 3733 3762 3819 3920 4051 4204 4236 4161 4118 4105 4073 4025 3979 3964 3960 3967 3980 3995 4004 3993 4004 4004 3998 3992 3990 3984 3986 3985 3982 3976 3971 3968 3981 3993 3977 3974 3987 3999 3974 3942 3984 3988 3990 3997 4009 4024 4037 4047 4060 4074 4086 4100 4115 4129 4142 4151
3885 3891 3894 3886 3892 3906 3919 3944 3949 3941 3927 3909 3892 3893 3918 3953 4002 4028 3927 3846 3807 3761 3724 3686 3642 3606 3602 3626 3650 3669 3704 3749 3846 3975 4097 4167 4211 4195 4125 4055 3995 3976 3967 3962 3972 3975 3976 3980 4000 4002 4002 4003 4002 3993 3987 3985 3982 3977 3969 3960 3959 3962 3961 3959 3978 3996 3985 3998 3989 3985 3982 3992 4005 4023 4035 4047 4060 4075 4088 4101 4114 4128 4143 4153
3881 3882 3883 3880 3894 3916 3927 3940 3941 3930 3917 3904 3894 3894 3917 3955 4016 4030 3875 3771 3703 3653 3620 3588 3560 3535 3548 3583 3617 3646 3674 3702 3742 3812 3951 4121 4280 4249 4156 4079 4019 3997 3984 3981 3973 3963 3965 3977 3993 4000 4001 4004 4012 4002 3992 3993 3990 3981 3974 3965 3960 3967 3971 3962 3978 3999 3998 3995 3990 3985 3981 3991 4002 4007 4028 4045 4055 4071 4086 4100 4111 4123 4138 4143
3875 3873 3875 3888 3896 3907 3927 3927 3922 3916 3909 3903 3899 3902 3922 3963 4017 3933 3808 3702 3594 3554 3535 3515 3498 3489 3510 3549 3596 3614 3650 3686 3705 3751 3860 4024 4158 4186 4149 4091 4038 4010 3993 3977 3971 3962 3967 3980 3991 4000 4002 4008 4016 4009 3996 3999 3993 3988 3984 3978 3972 3974 3978 3969 3977 3992 3992 3979 3982 3979 3985 3996 4009 4023 4035 4049 4063 4075 4088 4100 4113 4129 4137 4142
3870 3869 3877 3892 3898 3913 3919 3914 3903 3904 3905 3905 3908 3925 3935 3974 4019 3887 3769 3652 3525 3481 3467 3458 3455 3461 3484 3523 3563 3592 3622 3647 3674 3716 3797 3932 4045 4107 4117 4090 4046 4011 4000 3984 3970 3963 3966 3975 3991 4005 4007 4012 4025 4024 4003 4003 4013 4000 3991 3987 3972 3969 3967 3966 3972 3977 3979 3981 3976 3983 3990 4004 4018 4033 4044 4056 4071 4080 4088 4096 4107 4119 4132 4149
3873 3866 3867 3876 3890 3901 3917 3913 3905 3904 3905 3905 3908 3917 3935 3965 4005 3925 3774 3626 3503 3437 3416 3413 3419 3442 3473 3506 3540 3575 3604 3631 3666 3687 3746 3873 3998 4084 4109 4095 4058 4009 4000 3985 3966 3960 3963 3969 3990 4009 4015 4017 4018 4019 4015 4012 4016 4002 3990 3977 3966 3968 3974 3977 3974 3971 3982 3992 3994 3991 4005 4015 4024 4036 4048 4062 4076 4081 4086 4092 4093 4088 4131 4152
3870 3860 3854 3864 3893 3932 3930 3918 3908 3905 3904 3904 3906 3909 3931 3971 4043 3986 3782 3601 3466 3395 3378 3373 3381 3415 3450 3482 3515 3555 3583 3613 3644 3672 3714 3840 3981 4081 4123 4113 4070 4002 3976 3968 3959 3961 3962 3965 3984 4007 4012 4017 4017 4024 4033 4022 3999 3991 3987 3978 3970 3973 3978 3982 3981 3980 3991 4005 4000 4008 4018 4023 4028 4036 4048 4059 4074 4080 4086 4093 4102 4122 4167 4182
