real_craters/C189-1000m.grd
DSAA
101 101
-50.25 50.25
-50.25 50.25
2873.5085756006 4897.7411652315
[rows 30 to 59 of 101, columns 0 to 66 of 101]
4341.36 4329.32 4338.28 4331.95 4320.56 4321.67 4321.13 4318.54 4320.11 4318.58 4319.9 4323.08 4328.72 4337.29 4351.79 4341.32 4338.2 4369.61 4402.38 4420.13 4435.78 4446.08 4448.84 4459.87 4465.32 4453.87 4431.36 4425.34 4418.61 4411.72 4392.42 4381.04 4366.96 4357.88 4353.2 4361.34 4380.55 4400.83 4418.79 4473.49 4558.69 4600.09 4590.22 4566.89 4536.32 4538.69 4565.85 4572.59 4570.74 4576.39 4586.76 4605.21 4619.78 4629.54 4635.77 4640.63 4631.11 4592.31 4527.85 4484.31 4460.27 4449.08 4420.04 4405.41 4401.01 4400.67 4406.63
4339.85 4321.76 4339.73 4342.99 4324.6 4320.76 4320.64 4317.26 4317.75 4317.14 4318.16 4321.8 4326.67 4333.08 4340.11 4336.94 4339.91 4365.39 4393.91 4416.94 4432.36 4442.58 4454.53 4462.05 4470.56 4461.33 4447.6 4439.84 4428.69 4414.02 4403.53 4389.56 4379.22 4362.96 4365.57 4374.77 4403.6 4448.08 4475.52 4550.57 4667.63 4670.97 4625.39 4568.64 4539.28 4546.96 4558.28 4554.79 4550.54 4571.35 4606.47 4647.51 4666.58 4675.43 4684.66 4691.9 4680.84 4628.32 4560.87 4497.34 4458.18 4440.88 4420.66 4410.07 4412.51 4421.54 4417.11
4334.02 4322.7 4331.65 4324.57 4319.42 4318.08 4318.79 4315.92 4313.98 4314.73 4316.63 4318.88 4320.87 4322.44 4321.22 4324.61 4337.95 4363.6 4389.71 4414.96 4437.67 4451.56 4455 4457.08 4453.23 4456.22 4450.98 4453.71 4439.26 4424.97 4419.89 4401.56 4385.77 4362.83 4382.78 4398.21 4423.37 4478.7 4525.74 4615.54 4665.13 4658.24 4623.05 4607.45 4577.06 4562.55 4553.46 4552.33 4567.02 4621.5 4673.18 4697.27 4698.44 4705.83 4718.45 4726.8 4709.68 4665.38 4586.47 4535.14 4511.7 4479.33 4449.85 4438.51 4428.89 4424.38 4427.68
4326.45 4316.25 4325.67 4314.19 4315.34 4318.75 4317.95 4315.04 4313.65 4313.51 4318.2 4316.86 4316.59 4315.63 4313.94 4319.74 4338.24 4356.87 4381.93 4410.34 4435.94 4435.73 4444.16 4446.11 4445.63 4440.21 4432.2 4450.74 4443.89 4432.22 4428.95 4408.26 4396.77 4372.6 4409.52 4433.35 4463.99 4517 4580.03 4639.14 4673.31 4698.23 4689.41 4680.95 4625.64 4578.31 4560.63 4572.48 4608.58 4693.63 4781.06 4721.31 4681.83 4682.16 4710.77 4749.11 4780.9 4714.21 4638.48 4595.74 4566.48 4523.69 4497.87 4469.24 4446.75 4436.57 4437.65
4314.97 4311.22 4321.3 4314.59 4315.85 4317.24 4315.59 4312.75 4312.84 4312.84 4311.69 4314.89 4314.96 4314.65 4314.91 4321.39 4338.52 4350.19 4373.48 4401.05 4420.51 4427.37 4430.48 4439.65 4453.11 4444.46 4429.55 4441.87 4440.22 4432.86 4421.4 4412.21 4394.69 4395.3 4449.18 4471.75 4497.35 4550.16 4601.96 4697.34 4754.13 4784.75 4752.15 4653.2 4597.8 4580.33 4586.24 4612.14 4651.42 4666.8 4704.82 4622.42 4575.91 4586.58 4633.99 4704.62 4780.9 4763.4 4701.06 4628.19 4604.65 4570.27 4545.4 4503.93 4470.28 4457.64 4451.91
4310.64 4307.01 4317.47 4318.7 4320.18 4311.29 4311.55 4311.48 4310.99 4312.77 4314.19 4315.43 4315.94 4317.29 4320.66 4329 4341.03 4348.57 4369.03 4395.74 4417.28 4423.04 4425.42 4434.86 4454.25 4446.24 4426.83 4423.16 4434.11 4425.25 4409.18 4396.54 4395.72 4413.72 4459.49 4496.47 4546.47 4612.2 4665.37 4779.06 4814.26 4759.84 4702.37 4666.91 4656.54 4607.79 4610.14 4551.83 4519.92 4467.73 4395.61 4405.88 4408.92 4426.11 4480.51 4569.26 4708.68 4760.37 4874.13 4731.69 4703.2 4663.7 4619.62 4550.8 4506.91 4488.99 4477.5
4302.52 4304.89 4309.16 4311.79 4310.37 4308.61 4309.3 4310.74 4313.8 4315.2 4314.1 4315.31 4318.61 4322.38 4326.99 4333.04 4338.95 4348.02 4366.98 4390.35 4412.24 4417.47 4424.84 4433.37 4437.36 4436.5 4432.79 4416.49 4429.79 4421.19 4401.96 4387.85 4418.42 4424.57 4437.02 4499.7 4589.94 4638.51 4693.69 4820.31 4847.75 4762.97 4717.76 4722.43 4628.79 4418.68 4309.72 4227.5 4192.05 4211 4204.21 4221.66 4234.2 4245.48 4305.89 4354.29 4407.55 4461.09 4653.3 4789.7 4835.29 4774.29 4687.73 4598.55 4549.05 4527.03 4514.75
4300.1 4303.98 4309.42 4310.68 4309.56 4307.01 4307.81 4309.5 4318.76 4317.34 4312.23 4314.32 4320.62 4327.86 4334.2 4337.37 4345.45 4355.49 4367.41 4380 4391.27 4399.16 4410.63 4426.21 4429.21 4432.67 4431.51 4418.43 4421.07 4408.92 4404.2 4400.76 4458.03 4420.39 4431.6 4507.52 4610.3 4669.36 4744.41 4831.7 4829.86 4692.01 4508.34 4393.25 4237.63 4103.61 4012.68 3929.54 3920.83 3968.42 4007.06 4025.42 4036.51 4059.2 4093.64 4115.04 4120.09 4161.86 4337.09 4593.79 4752.75 4772.15 4726.16 4648.58 4598.77 4561.4 4548.76
4301.34 4303.83 4311.58 4306.66 4307.6 4305.14 4304.18 4307.1 4312.77 4311.37 4310.91 4313.94 4322.97 4334.75 4346.62 4357.26 4364.52 4368.56 4368.98 4373.87 4385.98 4388.92 4397.61 4409.67 4422.42 4432.86 4437.8 4423.77 4415.04 4413.59 4401.89 4402.56 4445.62 4413.79 4466.28 4541.88 4651.62 4655.57 4685.32 4686.2 4579.83 4374.26 4171.02 4003.46 3904.8 3832.47 3767.6 3755.47 3731.94 3743.19 3746.13 3760.16 3805.25 3832.7 3849.03 3866.51 3894.63 3929.81 4071.45 4303.02 4541.44 4751.23 4763.05 4716.6 4651.93 4598.5 4575.71
4305.69 4302.3 4305.75 4302.16 4304.46 4301.09 4304.81 4306.49 4306.35 4309.19 4307.25 4311.7 4323.62 4338.89 4356.65 4377.01 4379.86 4371.7 4369.54 4370.49 4382.22 4397.27 4401.75 4410.86 4439.57 4442.45 4445.28 4436.26 4429.64 4408.77 4393.05 4388.2 4424.65 4425.48 4479.8 4538.4 4611.47 4607.64 4632.86 4514.79 4295.52 4154.22 3961.63 3716.67 3711.99 3677.14 3645.43 3600.92 3543.31 3552.18 3553.85 3563.76 3588.26 3615.16 3627.21 3663.03 3707.26 3761.42 3860.47 4042.5 4306.94 4553.36 4751.39 4823.39 4727.43 4640.81 4604.11
4304.39 4301.73 4302.9 4302.88 4304.21 4303.91 4304.22 4306.92 4304.62 4305.45 4305.21 4309.53 4322.42 4338.96 4356.59 4372.64 4372.34 4372.5 4370.79 4373.61 4384.34 4400.89 4405.69 4410.11 4434.88 4443.13 4445.01 4435.32 4416.84 4393.92 4385.05 4383.92 4431.47 4412.15 4473.48 4534.56 4599.66 4580.42 4531.73 4311.84 4069.64 3972.65 3713.97 3588.04 3597.94 3577.72 3515.24 3475.55 3433.4 3397.45 3384.16 3384.57 3392.08 3418.76 3441.89 3471.35 3514.6 3588.22 3680.73 3812.42 4067.19 4322.82 4616.38 4827.72 4788.72 4677.72 4626.96
4304.02 4302.18 4303.43 4308.94 4304.19 4300.39 4307.28 4305.09 4303.64 4306.42 4305.42 4308.7 4319.87 4335.18 4350.45 4363.13 4366.41 4366.25 4365.3 4371.54 4379 4388.39 4397.87 4399.62 4407.43 4425.73 4438.92 4427.83 4411.72 4392.38 4385.35 4391.22 4425.28 4429.63 4503.41 4568.95 4603.18 4537.63 4244.11 4027.31 3852.19 3715.35 3520.55 3487.13 3431.62 3436.04 3410.81 3373.85 3290.82 3251.4 3218.85 3189.7 3222.48 3258.43 3282.3 3307.48 3340.57 3422.11 3531.11 3658.04 3864.2 4057.7 4346.32 4620.72 4727.06 4692.71 4635.36
4303.58 4301.23 4300.99 4304.1 4303.31 4297.44 4297.26 4299.59 4297.78 4301.32 4300.98 4303.3 4315.75 4329.57 4342.72 4353.69 4365.96 4367.44 4364.38 4362.39 4370.84 4396.18 4397.43 4402.3 4404.03 4409.82 4411.13 4420.87 4409.12 4404.44 4397.18 4411.92 4463.29 4512.7 4557.14 4604.11 4564.33 4304.05 3974.99 3831.84 3662.76 3524.59 3458.82 3397.03 3283.81 3264.39 3269.05 3210.3 3157.97 3132.72 3104.25 3075.63 3107.45 3144.53 3163.96 3182.83 3201.37 3275.91 3402.71 3526.74 3688.58 3837.92 4073.8 4330.15 4601.7 4734.59 4654.83
4298.7 4299.58 4299.94 4301.24 4300.92 4297.65 4295.12 4297.29 4298.71 4299.2 4299.85 4301.54 4313.94 4326.56 4338.57 4353.87 4366.88 4374.93 4382.18 4379.87 4376.72 4385.64 4396.16 4402.27 4406.34 4398.93 4392.96 4399.47 4437.24 4441.61 4440.05 4441.95 4519.57 4567.74 4575.53 4563.89 4392.72 4050.74 3858.51 3720.6 3590.67 3470.79 3396.47 3302.98 3239.48 3179.13 3128.06 3110.74 3082.49 3060.46 3041.61 3032.25 3048.23 3072.59 3089.78 3112.29 3128.35 3181.81 3288.41 3421.3 3561.7 3685.55 3858.46 4081.2 4409.06 4709.04 4681.06
4297.28 4303.92 4299.72 4300.3 4299.38 4296.85 4296.67 4299.14 4302.63 4303.15 4304.04 4308.71 4316.12 4328.07 4338.19 4348.59 4365.18 4374.15 4380.48 4382.2 4377.59 4379.64 4384.8 4394.7 4401.22 4411.92 4417.85 4430.74 4449.73 4449.3 4440.06 4478.9 4510.73 4549.84 4539.02 4471.65 4144.78 3903.89 3727.69 3634.44 3533.97 3395.06 3283.95 3227.09 3193.09 3140.91 3058.59 3034.22 3024.3 3003.01 2992.81 2998.31 3004.37 3018.32 3035.21 3063.36 3109.56 3151.52 3264.21 3350.05 3541.11 3623.69 3739.18 3870.96 4147.86 4490.56 4664.81
4302.44 4299.24 4299.62 4296.04 4298.31 4297.52 4296.26 4301.58 4309.44 4315.47 4311.36 4308.44 4323.82 4335.58 4344.85 4353.98 4363.18 4373.72 4385.47 4401.21 4395.27 4395.17 4388.34 4388.75 4402.23 4436.4 4440.65 4443.03 4429.65 4434.01 4404.49 4573.47 4502.21 4509.98 4482.5 4310.32 3946.47 3763.62 3664.55 3564.33 3400.05 3280.73 3204.31 3140.4 3091.8 3040.39 2991.93 2956.47 2944.15 2941.82 2948.53 2946.55 2957.28 2980.31 3000.19 3016.6 3056.34 3103.61 3193.7 3299.28 3502.27 3596.63 3674.29 3768.06 3957 4222.63 4535.67
4313.41 4302.09 4299.45 4295.26 4299.35 4300.62 4299.51 4305.04 4316.48 4322.1 4322.17 4333.93 4342.08 4347.58 4354.17 4361.29 4367.67 4377.78 4393.76 4398.66 4405.57 4406.85 4400.84 4396.34 4401.49 4432.09 4441.25 4428.05 4411.71 4410.15 4378.43 4578.47 4517 4498.24 4432.27 4168.8 3839.64 3654.51 3547.18 3364.28 3240.9 3150.8 3083.37 3025.72 3012.81 2988.32 2950.92 2919.21 2919.76 2916.63 2922.47 2929.02 2938.43 2956.22 2970.88 2977.3 2983.76 3027.3 3090.65 3253.41 3470.38 3567.06 3647.55 3716.07 3870.57 4073.28 4333.74
4308.21 4304.92 4296.54 4301.52 4305.63 4308.25 4303.84 4306.18 4314.66 4317.84 4327.09 4346.27 4356.63 4358.48 4359.67 4363.46 4368.34 4373.76 4385.28 4396.11 4404.1 4409.56 4412.42 4409.45 4421.33 4455.06 4440.18 4417.45 4406.68 4401.95 4374.12 4558.5 4500.61 4523.45 4393.21 4082.03 3728.27 3532.63 3376.58 3230.78 3136.92 3065.88 3017.6 2979.69 2967.26 2964.21 2908.87 2902.49 2925.79 2907.72 2913.6 2915.44 2915.41 2938.35 2951.85 2963.51 2975.98 2994.53 3046.54 3199.17 3371.29 3486.62 3564.89 3655.18 3793.46 4008.72 4230.78
4304.27 4304.52 4297.73 4298.35 4305.88 4309.75 4304.85 4311.81 4323.74 4330.96 4338.3 4356 4366.33 4366.76 4365.56 4364.45 4365.35 4369.5 4378.98 4399.36 4405.68 4407.58 4423.22 4428.55 4422.5 4425.43 4421.73 4407.82 4398.92 4393.93 4375.08 4541.37 4529.29 4565.58 4388.06 4040.89 3666.33 3470.73 3300.68 3170.38 3081.9 3016.3 2977.35 2947.33 2935.07 2918.46 2897.27 2905.16 2966.44 2927.58 2918.98 2921.32 2943.96 2930.92 2938.94 2953.99 2960.88 2978.98 3018.99 3130.38 3243.36 3371.72 3442.96 3566.37 3735.41 3906.42 4149.43
4297.27 4313.7 4298.9 4298.62 4302.76 4302.97 4308.43 4320.51 4331.21 4341.25 4349.35 4363.97 4371.55 4371.97 4370.41 4366.94 4366.71 4371.51 4382.1 4410.78 4413.43 4401.82 4401.57 4415.95 4420.02 4419.92 4411.58 4418.28 4418.34 4396.96 4408.09 4548.02 4559.99 4595.7 4415.65 4083.06 3687.27 3491.39 3327.83 3215.92 3055.85 2997.41 2959.17 2932.52 2918.84 2911.98 2898.81 2926.59 2966.3 2944.28 2927.55 2911.85 2895.26 2907.52 2923.93 2941.33 2948.32 2972.48 3013.54 3110.22 3204.43 3291.05 3376.84 3505.95 3637.49 3811.22 4090.28
4294.98 4313.7 4296.78 4296.6 4298.68 4306.62 4318.6 4330.31 4343.31 4353.6 4364.37 4370.25 4373.45 4373.72 4372.03 4371.24 4370.4 4377.87 4404.52 4415.2 4409.98 4401.73 4398.03 4398.12 4396.44 4397.54 4403.03 4415.42 4405.07 4383.84 4450.83 4561.53 4562.12 4633.21 4486.52 4131.17 3737.55 3542.26 3362.85 3188.98 3075.1 3009.43 2961.22 2931.64 2920 2918.78 2900.4 2933.66 2956.26 2955.28 2924.91 2897.48 2873.51 2888.71 2913.65 2927.78 2934.78 2964.89 2998.88 3078.88 3179.38 3248.92 3331.17 3474.85 3602.83 3802.12 4076.69
4293.44 4315.31 4295.66 4296.8 4296.97 4309.22 4324.35 4330.84 4346.95 4358.87 4365.61 4367.26 4367.6 4371.17 4376.43 4373.53 4375.02 4382.32 4415.17 4419.46 4407.77 4404.74 4399.3 4393.73 4388.19 4392.02 4412.13 4418.92 4410.92 4389.47 4485.98 4561.6 4543.36 4670.62 4536.3 4174.27 3848.25 3584.78 3369.11 3184.84 3113.08 3034.86 2976.19 2947.11 2931.62 2934.47 2932.09 2947.98 2962.52 2933.71 2908.79 2899.27 2903.26 2914.23 2923.91 2935.91 2939.54 2952.59 2993.65 3064.11 3156.82 3241.97 3292.66 3421.91 3627.48 3850.65 4137.56
4296.17 4314.1 4293.73 4295.3 4297.61 4306.4 4322.02 4332.78 4352.65 4360.67 4364.99 4363.12 4357.08 4362.92 4373.25 4377.84 4383.6 4397.6 4431.38 4409.94 4399.78 4403.26 4397.85 4391.51 4386.68 4392.48 4413.35 4410.06 4392.75 4383.93 4547.23 4535.84 4524.48 4666.65 4670.17 4287.12 3931.94 3634.95 3426.38 3260.62 3202.45 3093.59 3011.19 2975.71 2953 2957.83 2964.16 2969.2 2973.69 2929.49 2894.42 2911.5 2935.91 2943.4 2942.06 2942.3 2950.03 2972.07 3013.54 3074.47 3155.54 3231.15 3324.61 3475.14 3702.19 3940.72 4275.81
4296.01 4315.71 4295.77 4300.55 4307.93 4324.27 4336.9 4347.62 4356.2 4363.08 4371.97 4373.47 4357.91 4355.03 4362.33 4374.1 4388.02 4410.09 4419.62 4388.81 4388.72 4390.24 4389.56 4386.16 4385.21 4386.82 4392.47 4388.43 4378.57 4383.5 4539.84 4498.83 4524.22 4651.2 4717.35 4436.13 4048.97 3747.7 3553.55 3399.84 3308.15 3179.6 3068.82 3015.4 2981.37 2971.05 2963.79 2972.2 2990.2 2949.99 2906.52 2936.16 2952.63 2956.8 2955.87 2963.02 2966.2 2988.23 3031.26 3074.13 3190.02 3279.46 3392.02 3565.71 3781.97 4038.12 4433.13
4298.26 4314.18 4298.99 4305.47 4320.02 4340.01 4348.11 4350.93 4349.56 4364.91 4381.4 4393.81 4370.61 4357.21 4360.78 4371.58 4382.84 4394.71 4386.93 4357.24 4369.51 4378.03 4380.04 4380.3 4383.98 4385.92 4379.15 4384.69 4378.06 4402.3 4503.88 4476.08 4521.89 4615.27 4698.79 4576.69 4209.7 3900.87 3711.27 3564.64 3415.52 3276.6 3147.07 3069.73 3019.36 2987.16 2966.55 2976.32 2983.32 2978.91 3001.15 2982.29 2973.79 2967.78 2961.33 2975.58 2989.7 3011.46 3070.27 3127.17 3244.03 3364.87 3500.73 3675.3 3880.6 4177.46 4633.79
4299.54 4312.55 4302.62 4302.48 4309.63 4325.13 4337.16 4340.32 4341.63 4359.61 4384.04 4399.08 4382.59 4364.76 4367.8 4375.88 4372.78 4366.98 4380.14 4347.66 4361.95 4377.79 4378.99 4381.8 4388.51 4388.68 4378.17 4361.17 4370.83 4411.97 4488.71 4457.08 4520.2 4621.35 4686.94 4695.56 4376.67 4045.58 3837.54 3684.53 3507.2 3411.85 3255.11 3154.89 3077.25 3020.2 2991.2 2983.94 2991.53 3013.87 3047.94 3014.19 2994.82 2977.46 2968.04 2994.64 3026.12 3046.71 3130.32 3226.52 3336.55 3447.22 3634.17 3835.89 3992.69 4284.89 4733.66
4309.83 4324.15 4306.71 4302.21 4306.73 4310.73 4321.94 4323.81 4337.55 4363.06 4393.83 4409.23 4401.92 4392.1 4379.04 4372.98 4365.15 4356.62 4351.66 4358.4 4373.23 4384.8 4388.99 4397.31 4399.91 4400.9 4399.34 4355.51 4364.75 4420.38 4437.71 4448.71 4508.94 4580.02 4683.62 4747.13 4479.87 4142.1 3917.43 3724.89 3600.52 3497.59 3365.1 3260.24 3165.51 3087.51 3054.02 3030.16 3010.19 3020.42 3015.9 3028.27 3023.14 3007.97 3002.3 3041.46 3082.92 3119.94 3202.68 3308.05 3439.39 3582.68 3839.73 3980.81 4111.74 4365.04 4644.56
4334.56 4349.98 4315.91 4302.7 4303.14 4304.72 4309.07 4314.75 4339.54 4372.82 4406.16 4417.89 4411.66 4404.79 4389.07 4375.68 4365.93 4355.7 4356.26 4357 4364.16 4389.06 4427.76 4433.91 4418.56 4405.47 4390.12 4355.2 4363.8 4403.6 4424.06 4476.29 4495.61 4528.02 4659.8 4794.27 4552.21 4237.39 4030.35 3842.25 3699.44 3595.73 3468.64 3384 3300.55 3174.68 3129.65 3099.82 3060.19 3038.21 3041.74 3060.05 3076.37 3072.85 3091.64 3125.04 3195.7 3225.87 3338.45 3430.4 3551.88 3700.45 3929.65 4070.02 4190.97 4404.91 4578.01
4321.02 4325.62 4310.35 4302.96 4300.09 4299.72 4302.62 4309.68 4328.18 4361.17 4390.74 4411.01 4403.74 4406.21 4396.23 4385.37 4375.24 4364.13 4361.43 4351.57 4346.58 4376.92 4425.05 4456.2 4436.36 4408.75 4381.73 4354.19 4346.95 4364.34 4436.87 4475.46 4481.81 4494.61 4549.17 4649.52 4567.84 4332.59 4143.6 3964.39 3819.65 3740.85 3603.44 3502.07 3402.93 3286 3237.38 3195.99 3137.51 3097.07 3092.37 3120.98 3167.76 3223.09 3276.47 3287.71 3306.72 3337.02 3416.34 3530.35 3652.79 3775.29 3981.52 4141.22 4277.32 4491.12 4601.22
4306.66 4298.12 4299.13 4298.03 4295.18 4296.81 4298.17 4301.63 4310.56 4332.11 4360.96 4379.28 4380.98 4381.48 4390.52 4388.96 4386.16 4380.23 4363.98 4354.07 4349.18 4360.57 4398.47 4432.17 4432.99 4403.56 4371.87 4346.33 4333.39 4418.61 4370.62 4418.09 4468.52 4501.73 4511.06 4585.65 4548.78 4391.92 4187.9 4003.59 3893.7 3850.41 3750.37 3656.74 3565.65 3408.54 3359.45 3296.34 3232.73 3207.22 3185.05 3202.49 3261.44 3334 3355.23 3392.89 3437.19 3453.27 3512.51 3614.05 3729.63 3901.48 4077.61 4288.65 4470.09 4626.54 4660.07
