real_craters/C189-500m.grd
DSAA
353 353
-87.9375 87.9375
-87.9375 87.9375
2564.9673619661 4955.2813468133
[rows 180 to 209 of 353, columns 67 to 133 of 353]
3921.53 3926.1 3926.42 3924.19 3921.46 3919.98 3919.9 3926.84 3931.12 3934 3932.04 3929.15 3930.35 3936.73 3959.74 3966.95 3965.32 3959.84 3951.18 3946.12 3952.28 3954.84 3957.7 3969.06 3981.23 3993.97 4005.58 4014.07 4024.44 4028.47 4038.4 4043.57 4048.44 4063.89 4070.08 4074.54 4079.3 4080.95 4090.97 4094.41 4096.7 4101.16 4111.31 4121.72 4135.92 4151.17 4165.65 4175.9 4179.46 4197.96 4214.83 4227.36 4236.11 4236.96 4257.63 4280.26 4297.78 4310.78 4322.63 4335.84 4343.52 4350.4 4346.93 4312.25 4199.74 4063.41 3941.94
3939.05 3940.87 3937.44 3933.53 3929.87 3929.18 3930.05 3932.56 3936.8 3940.75 3937.72 3933.27 3931.73 3933.85 3953.12 3966.14 3969.48 3968.14 3961.68 3954.01 3961.44 3968.42 3967.71 3976.85 3986.64 3994.74 4002.97 4018.59 4027.4 4032.97 4039.5 4038.52 4049.05 4069.69 4072.96 4074.67 4078.78 4085.48 4085.75 4086.59 4087.52 4088.55 4094.25 4112.24 4132.38 4152.93 4172.53 4190.52 4200.86 4208.42 4209.84 4209.2 4205.43 4212.38 4248.18 4280.31 4307.66 4327.92 4342.81 4360.64 4372.36 4373.85 4371.38 4344.03 4229.13 4095.68 3977.56
3965.19 3954.98 3947.58 3942.18 3937.05 3934.41 3934.99 3936.84 3940.15 3944.99 3943.2 3939.17 3939.86 3944.6 3962.46 3972.02 3975.65 3977.64 3983.04 3970.65 3968.68 3974.32 3981.78 3988.39 3994.55 3999.22 4002.22 4017.86 4023.78 4023.62 4025.81 4030.17 4039.09 4053.18 4064.67 4069.84 4073.26 4078.03 4080.52 4081.99 4081.66 4079.33 4082.3 4105.49 4129.03 4152.52 4176.45 4202.42 4224.5 4218.92 4207.22 4199.37 4197.55 4215.74 4256.9 4293.5 4322.78 4345.82 4364.45 4376.59 4390.81 4393.86 4377.26 4328.62 4235.1 4114.02 3992.63
3964.99 3960.18 3952.05 3945.28 3939.46 3936.92 3934.68 3935.2 3938.02 3944.13 3950.27 3952.11 3957.75 3970.68 3979.25 3982.74 3981.8 3980.17 3981.66 3981.12 3978.29 3985.58 3996.91 4002.76 4005.56 4008.17 4016.35 4024.41 4015.45 4011.52 4017.13 4028.44 4034.96 4047.95 4057.79 4064.34 4068 4072.52 4077.1 4080.29 4081.8 4082.11 4086.7 4106.52 4127.08 4149.26 4172.02 4193.48 4207.41 4208.64 4201.56 4196.95 4202.02 4233.55 4277.32 4307.9 4327.57 4354.48 4365.49 4378.7 4390.98 4397.59 4385.48 4335.82 4241.68 4129.03 4006.24
3967.26 3961.15 3953.17 3945.57 3939.76 3936.63 3932.72 3935.01 3940.42 3949.09 3968.2 3980.2 3981.64 3994.75 4002.08 3997.03 3989.46 3979.7 3971.26 3986.9 3998.54 4008.27 4013.34 4016.94 4016.28 4014.73 4012.21 4011.63 4011.66 4010.69 4012.38 4020.78 4026.8 4042.33 4053.06 4061.85 4067.71 4074.08 4079.22 4083.85 4089.8 4097.05 4102.74 4111.71 4125.28 4142.03 4162.28 4182.8 4190.34 4189.37 4188.78 4197.02 4215.38 4267.82 4311.44 4326.85 4336.64 4345.05 4355.87 4367.6 4383.18 4397.37 4397.88 4356.92 4258.25 4151.04 4030.52
3969.76 3960.6 3951.9 3943.92 3937.01 3932.11 3938.76 3947.23 3962.28 3979.28 3995.39 4013.03 4013.3 4012.67 4018.88 4011.05 3999.54 3987.15 3979.7 3993.51 4008.78 4014.36 4026.97 4030.43 4024.87 4020.2 4015.84 4014.88 4018.67 4014.74 4014.92 4015.98 4017.07 4037.11 4050.39 4062.02 4073.06 4078.71 4080.87 4087.23 4095.03 4108.17 4113.71 4113.36 4119.16 4129.5 4144.22 4165.18 4170.21 4159.68 4173.08 4199.6 4238.53 4330.89 4351.64 4344.75 4339.24 4338.99 4343.91 4350.84 4364.87 4387.28 4414.15 4397.4 4296.85 4189.24 4066.89
3965.92 3955.11 3947.04 3941.46 3936.83 3932.42 3937.33 3957.45 3988.07 4004.24 4010.43 4017.41 4016.78 4025.47 4030.33 4022.36 4012.65 4003.07 3998.43 4005.28 4017.46 4028.86 4034.51 4034.06 4030.64 4025.75 4022.57 4023.08 4021.52 4016.61 4016.81 4021.58 4023.98 4036.63 4049.29 4061.78 4072.43 4078.86 4082.1 4086.6 4093.71 4102.55 4106.28 4106.82 4108.73 4112.72 4117.85 4122.62 4133.97 4144.92 4170.24 4206 4247.11 4345.53 4358.37 4341.28 4329.49 4323.49 4323.14 4328.2 4337.97 4355.43 4382.28 4425.02 4372.91 4231.18 4108.19
3947.51 3940.9 3940.57 3939.81 3940.04 3942.84 3949.44 3967.72 3993.77 4007.26 4010.99 4013.55 4014.06 4035.37 4038.36 4031.02 4024.68 4022.83 4028.61 4034.68 4036.56 4044.83 4043.32 4040.71 4035.56 4030.37 4025.99 4026.57 4025.38 4022.71 4028.61 4040.18 4041.89 4043.96 4053.48 4062.59 4070.79 4075.29 4080.28 4084.51 4088.7 4090.11 4094.67 4096.59 4096.62 4095.91 4094.38 4094.91 4111.16 4139.92 4174.49 4214.45 4265.74 4306.05 4317.56 4311.27 4304.54 4299.41 4297.1 4296.99 4301.01 4308.23 4327.17 4409.73 4410.14 4285.67 4151.69
3934.45 3933.89 3936.35 3938.42 3942.62 3952.22 3961.11 3975.25 3986.94 3997.85 4005.07 4009.44 4018.46 4039.48 4035.8 4031.64 4030.63 4033.16 4038.1 4038.16 4040.89 4045.84 4045.55 4043.09 4039.91 4036.73 4033.14 4035.06 4031.95 4032.64 4039.4 4053.06 4060.72 4060.44 4062.45 4063.04 4062.22 4070.75 4076.96 4081.12 4084.08 4088.13 4087.97 4088.37 4086.8 4082.92 4078.99 4078.95 4094.08 4119.25 4151.78 4195.77 4251.14 4252.2 4259.7 4266.85 4269.15 4268.44 4266.38 4265.73 4264.38 4265.51 4282.65 4364.94 4400.84 4323.78 4187.99
3930.12 3934.38 3935.77 3937.19 3940.2 3947.89 3962.3 3977.18 3984.7 3993.15 3999.83 4003.22 4007.22 4012.92 4020.58 4023.67 4027.24 4034.61 4040.61 4037.18 4033.76 4038.71 4043.12 4045.13 4043.58 4043.58 4046.59 4048.1 4046.57 4051.68 4054.34 4063.56 4070.81 4072.22 4068.98 4063.69 4063.42 4068.28 4074.52 4078.77 4080.85 4079.49 4084.1 4084.16 4080.85 4075.32 4068.83 4068.06 4078.56 4094.26 4114.4 4144.95 4173.29 4194.11 4208.31 4222.31 4230.15 4233.39 4235.05 4232.11 4232.21 4232.62 4256.15 4327.95 4375.75 4327.64 4204.48
3928.23 3935.27 3934.66 3935.84 3937.35 3942.72 3960.45 3976.59 3987.98 3994.6 3996.1 3997.19 3998.76 4000.08 4005.33 4011.88 4018.29 4025.04 4032.26 4037.74 4031.34 4037.05 4040.57 4042.59 4044.58 4045.99 4052.97 4068.66 4070.24 4056.26 4052.35 4064.81 4064.26 4060.77 4059.04 4060.79 4063.38 4067.34 4072.97 4078.24 4081.94 4084.85 4084.45 4083.84 4080.29 4074.91 4066.87 4060.6 4071.12 4078.38 4084.95 4105.66 4126.65 4151.79 4169.32 4185.17 4196.11 4204.02 4208.38 4207.49 4208.9 4214.4 4236.12 4293.53 4359.42 4316.24 4207.04
3923.71 3928.88 3931.83 3936.64 3942.17 3949.54 3962 3973.75 3984.11 3992.49 3992.28 3990.54 3988.6 3986.35 3993.28 4002.22 4009.67 4015.24 4028.83 4038.16 4037.9 4033.53 4036.23 4045.7 4048.72 4044.64 4054.06 4081.26 4088.96 4075.36 4058.65 4053.18 4051.82 4051.41 4053.84 4054.59 4058.05 4064.78 4073.05 4081.14 4087.27 4088.6 4089.1 4086.45 4082.94 4080.22 4079.5 4081.1 4077.79 4079.56 4084.28 4100.31 4115.6 4131.62 4145.95 4157.95 4170.88 4181.55 4190.82 4195.52 4198.51 4203.4 4218.01 4255.24 4328.43 4291.1 4202.87
3923.42 3920.23 3927.15 3938.67 3951.98 3961.58 3967 3971.09 3977.38 3985.55 3988.92 3986.82 3981.64 3978.4 3988.07 3998.56 4007.66 4017.45 4039.31 4039.09 4035.48 4029.74 4031.19 4042.03 4044.87 4040.82 4052.08 4081.99 4089.97 4082.81 4065.85 4058 4053.6 4049.88 4053.18 4048.83 4051.43 4062.81 4073.75 4084.71 4097.35 4102.42 4095.31 4090.47 4086.78 4085.89 4086.98 4088.98 4087.45 4090.2 4098.53 4113.45 4121.21 4121.78 4125.45 4139.8 4158.15 4174.29 4185.06 4191.74 4195.73 4200.26 4209.09 4242.49 4304.29 4281.8 4211.55
3927.44 3916.92 3924.72 3940.8 3956.02 3967.05 3972.97 3977.59 3984.55 3988.38 3991.96 3988.36 3982.58 3981.61 3990.5 4000.87 4011.14 4022.89 4032.89 4032.85 4029.94 4025.89 4024.07 4027.35 4033.47 4048.38 4067.84 4090.96 4085.52 4083.04 4068 4056.4 4051.28 4048.06 4058.88 4052.1 4053.74 4065.12 4076.1 4086.79 4097.11 4101.33 4097.48 4092.95 4089.47 4088.02 4089.75 4092.04 4093.9 4100.1 4109.95 4124.39 4125.57 4116.4 4108.76 4130.09 4154.35 4173.62 4189.12 4199.25 4204.33 4207.22 4211.74 4251.25 4328.95 4311.56 4238.78
3930.54 3922.49 3929.9 3944.03 3957.89 3969.2 3978.11 3987.24 3997.54 4005.99 4001.22 3995.36 3989.54 3994.11 3999.64 4005.76 4014.53 4026.14 4036.4 4034.07 4028.68 4024.18 4017.79 4025.73 4033.11 4055.02 4075.25 4090.51 4079.48 4070.66 4055.64 4055.23 4051.87 4042.33 4054.29 4057.69 4062.05 4070.72 4079.95 4087.36 4092.9 4096.2 4096.33 4093.31 4089.23 4086.25 4085.26 4090.07 4096.22 4105.39 4118.33 4129.61 4128.12 4122.15 4121.39 4139 4159.65 4179.98 4198.37 4213.78 4223.47 4223.74 4215.88 4241.3 4306.04 4321.74 4258.02
3932.19 3933.9 3940.86 3947.75 3961.97 3970.88 3980.44 3992.51 4004.63 4008.58 4008.78 4005.21 3997.47 4001.9 4005.56 4008.76 4014.7 4023.98 4034.61 4044.84 4035.79 4032.95 4042.68 4033.72 4037.59 4050.27 4062.13 4072 4071.25 4060.8 4048.17 4043.89 4041.28 4038.28 4041.36 4055.2 4067.24 4077.33 4085.83 4090.74 4090.8 4094.14 4095.71 4092.61 4088.07 4082.71 4078.44 4084.39 4094.47 4105.59 4117.01 4122.31 4128.66 4132.24 4145 4157.67 4169.83 4187.56 4209.21 4230.33 4246.33 4251.91 4228.03 4219.84 4241.45 4269.14 4233.51
3937.07 3938.32 3941.78 3944.54 3953.71 3964.24 3976.27 3991.07 4005.51 4013.73 4018.45 4016.92 4008.98 4003.95 4005.43 4008.49 4012.86 4018.15 4020.04 4022.74 4027.54 4032.19 4035.03 4033.88 4030.88 4032.74 4042.6 4049.21 4060.84 4054.67 4042.84 4040.13 4042.09 4040.09 4047.85 4060.09 4072.7 4084.18 4093.95 4100.94 4100.38 4101.87 4099.01 4093.42 4087.44 4082.46 4078.81 4082.73 4090.65 4100.83 4112.28 4123.94 4128.83 4133.64 4150.45 4163.23 4176.48 4198.81 4225.23 4251.86 4274.86 4279.32 4251.73 4226.18 4222.42 4234.49 4207.08
3947.36 3941.24 3934.7 3934.93 3942.22 3952.67 3967.43 3985.23 4002.7 4018.76 4027.61 4025.58 4015.53 4004.99 4006.19 4007.83 4009.93 4014.07 4020.66 4018.46 4022.15 4028.42 4032.48 4031.69 4030.98 4030.38 4038.72 4047.52 4053.58 4052.49 4048.8 4043.66 4047.33 4051.05 4061.09 4070.58 4079.62 4090.5 4102.1 4114.85 4125.84 4115.33 4104.15 4094.64 4087.15 4082.25 4081.58 4081.58 4085.64 4092.91 4104.46 4115.62 4123.75 4127.82 4132.13 4147.29 4177.52 4207.24 4237.22 4269.21 4305.19 4327.44 4288.05 4261.97 4247.21 4229.5 4183.49
3968.35 3952.82 3934.63 3928.57 3926.32 3940.51 3956.04 3973.61 3988.67 4010.1 4027.71 4027.49 4018.65 4004.41 4003.91 4009.98 4013.9 4016.26 4020.75 4022.81 4022.88 4026.58 4029.4 4030.75 4029.43 4029.77 4040.26 4048.81 4049.12 4050.91 4051.25 4045.31 4049.77 4063.91 4073.91 4078.44 4083.29 4091.49 4104.05 4119.78 4130.32 4118.01 4103.68 4091.97 4083.55 4078.58 4077.12 4076.77 4078.38 4082.2 4088 4099.06 4119.6 4128.68 4136.52 4154.29 4185.76 4215.54 4243.15 4273.23 4310.26 4351.44 4356.41 4347.17 4320.98 4270.35 4196.96
3988.38 3971.42 3952.4 3935.49 3927.18 3935.94 3946.88 3955.26 3967.94 3990.66 4012.7 4030.16 4029.89 4012.42 4005.43 4017.25 4030.99 4026.37 4021.59 4019.5 4022.02 4025.23 4030.26 4031.36 4028.95 4028.83 4033.88 4040.5 4045.87 4050.64 4054.18 4050.68 4049.2 4063.07 4074.92 4077.61 4078.68 4084.65 4094.99 4109.89 4120.41 4107.57 4094.48 4083.26 4074.7 4069.45 4067.92 4069.09 4071.17 4073.4 4077.5 4098.45 4123.51 4136.56 4154.11 4177.66 4198.62 4220.87 4242.75 4265.65 4287.36 4322.18 4393.24 4462.36 4428.76 4349.49 4267.33
3998.52 3986.45 3970.02 3949.11 3936.73 3939.43 3946.24 3953.1 3961.05 3976.46 4001.71 4029.8 4038.31 4019.61 4010.89 4026.22 4045.74 4040.24 4024.67 4017.68 4021.23 4024.29 4026 4025.84 4027.02 4026.27 4027.4 4031.9 4036.73 4039.1 4043.55 4044.99 4049.85 4054.8 4061.81 4064.54 4065.17 4069.19 4076.65 4084.87 4089.07 4085.92 4078.56 4069.91 4063.6 4059.54 4059.45 4062.9 4067.16 4071.21 4072.36 4094.67 4121.13 4140.65 4166.72 4196.89 4209.46 4224.13 4240.93 4258.31 4274.13 4307.57 4386.55 4504.17 4482.23 4417 4364.71
4003.72 3994.61 3978.04 3958.66 3947.63 3947.18 3952.33 3959.7 3962.01 3970.86 3988.47 4015.38 4028.4 4024.39 4022.97 4031.81 4040.3 4032.75 4027.81 4022.82 4023.17 4025.5 4026.56 4027.26 4031.42 4028.2 4028.94 4028.85 4028.88 4026.51 4026.15 4027.76 4035.7 4039.92 4042.23 4043.4 4045.81 4050.19 4054.58 4057.46 4060.91 4062.31 4060.36 4056.43 4051.78 4047.61 4049.98 4058.1 4067.13 4075.76 4082.72 4090.03 4110.08 4137.92 4167.5 4195.23 4211.44 4223.65 4237.98 4256.25 4279.01 4310.76 4373.09 4459.53 4467.25 4435.82 4397.55
4009.13 4001.39 3983.74 3962.02 3955.02 3957.2 3961.22 3965.42 3974.97 3985.96 3991.95 4011.98 4024.01 4027.58 4030.9 4037.16 4038.59 4033.72 4029.61 4025.95 4027.53 4029.61 4032.51 4037.28 4040.35 4038.13 4029.35 4027.08 4026.25 4024.34 4020.75 4025.58 4031.9 4033.67 4032.1 4027.2 4028.13 4033.01 4035.37 4036.02 4038.77 4042.75 4044.25 4043.32 4042.23 4040.84 4045.13 4055.62 4067.59 4082.15 4103.64 4102.9 4110.5 4132.77 4161.42 4190.95 4207.22 4218.1 4233.01 4253.8 4285.52 4312.85 4352.53 4404.07 4425.66 4417.75 4394.76
4012.72 4009 3996.21 3976.68 3969.37 3971.99 3974.39 3979.26 3988.32 3994.74 3997.44 4005.05 4019.55 4027.7 4035.2 4047.71 4055.12 4048.48 4046.29 4036.57 4034.21 4034.15 4035.62 4038.11 4035.21 4031.87 4027.04 4026.78 4027.24 4026.44 4025.27 4036.83 4043.95 4039.52 4031.54 4021.85 4019.17 4023.11 4023.54 4020.97 4024.1 4028.31 4030.58 4031.9 4033.89 4040.85 4044.57 4052.34 4064.33 4078.99 4091.71 4097.23 4103.15 4124.17 4149.46 4176.94 4193.09 4207.12 4225.39 4244.69 4263.62 4293.91 4327.67 4359.89 4385.94 4388.79 4376.47
4012.79 4011.05 4006.77 4004.74 3993.83 3991.04 3990.74 3993.84 4004.69 4016.64 4007.29 4009.4 4021.13 4030.92 4040.56 4055.83 4064.55 4058.85 4051.63 4045.37 4040.82 4037.85 4035.16 4032.68 4028.21 4027.11 4026.78 4028.66 4030.78 4033.01 4035.76 4045.81 4050.31 4036.76 4026.76 4023.18 4022.08 4021.67 4019.37 4016.47 4019.22 4020.79 4021.65 4021.48 4022.28 4026.49 4034.57 4045.11 4057.54 4071.44 4085.66 4091.26 4098.75 4116.1 4132.72 4147.76 4165.22 4189.62 4215.54 4239.23 4254.16 4280 4312.39 4340.24 4359.12 4365.61 4361.44
4008.8 4010.92 4006.32 4007.13 4007.79 4009.74 4010.93 4012.43 4018.62 4022.46 4019.42 4024.58 4026.08 4032.86 4043.78 4054.74 4076 4059.96 4052.73 4052.08 4047.41 4041.61 4035.25 4027.11 4022.45 4026.79 4030.49 4032.9 4034.88 4036.61 4043.17 4060.51 4055.64 4046.17 4028.9 4026.87 4031.21 4022.63 4020.24 4018.37 4019 4017.98 4016.39 4013.49 4010.64 4010.95 4022.55 4035.82 4049.05 4062.21 4077.25 4089.44 4102.47 4113.59 4119.59 4123.05 4137.95 4171.99 4207.51 4240.97 4269.46 4278.15 4306.29 4330.82 4340.84 4346.81 4349.35
4000.03 3997.13 3999.35 3999.46 4015.76 4025.28 4034.41 4035.5 4029.86 4025.05 4018.64 4015.33 4021.1 4029.23 4039.25 4049.25 4072.24 4070.07 4069.52 4061.87 4054.19 4047.05 4040.05 4032.41 4028.15 4031.18 4034.5 4038.15 4040.26 4040.8 4042.2 4053.21 4047.3 4033.48 4020.42 4015.33 4015.16 4016.95 4022.28 4028.04 4022.7 4017.98 4013.94 4009.53 4005.59 4002.98 4016.06 4029.4 4042.01 4054.08 4067.36 4089.3 4109.37 4115.85 4114.4 4111.2 4121.5 4160.6 4201.95 4240.23 4264.85 4268.09 4292.64 4313.69 4324.56 4332.75 4339.44
3992.98 3986.14 3994.87 4015.16 4025.01 4033.92 4046.33 4045.55 4034.6 4024.3 4015.48 4010.13 4013.94 4022.82 4032.72 4041.12 4062.58 4079.34 4078.2 4067.71 4058.24 4051.68 4046.52 4042.96 4041.63 4038.22 4037.98 4042.05 4049.94 4045.26 4034.91 4035.11 4027.94 4016.34 4011.12 4007.39 3999.1 4008.3 4018.59 4026.73 4022.83 4017.86 4012.93 4009.41 4007.6 4010.13 4016.13 4026.17 4038.35 4052.34 4069.64 4089.92 4111.1 4118.68 4115.16 4112.55 4122.36 4157.54 4198.14 4238.64 4263.18 4250.51 4270.46 4290.28 4306.74 4319.81 4329.56
3993.05 3989.52 3996.42 4009.05 4019.06 4030.16 4040.89 4041.55 4032.8 4021.51 4011.02 4003 4007.17 4017.41 4029.26 4037.38 4049.12 4066.81 4072.8 4063.34 4056.81 4052.92 4051.25 4051.81 4048.09 4041.94 4040.15 4039.98 4039.16 4034.94 4027.93 4026.81 4019.72 4013.12 4011.19 4006.93 3998.33 4004.28 4013.3 4018.72 4019.71 4016.85 4013.39 4010.22 4008.98 4011.51 4016.36 4024.55 4035.44 4050.01 4066.6 4086.65 4108.95 4119.37 4116.45 4118.2 4129.01 4158 4191.88 4226.95 4251.8 4255.13 4252.59 4269.25 4290.65 4310 4323.76
3996.31 3998.43 4003.11 4005.02 4007.2 4020.68 4032.9 4034.18 4028.97 4019.39 4009.31 4003.77 4002.72 4011.95 4024.28 4034.35 4037.69 4043.84 4049.06 4049.21 4048.13 4047.83 4049.81 4052.66 4050.4 4038.31 4034.62 4036.7 4035.46 4029.69 4031.2 4026.59 4021.58 4008.49 4002.17 3991.62 3994.4 4001.62 4013.32 4020.34 4017.92 4015.79 4013.24 4011.24 4009.08 4011.1 4016.79 4023.48 4031.72 4043.02 4058.99 4077.2 4095.26 4106.79 4112.86 4120.63 4133.33 4156.52 4182.41 4205.62 4228.51 4241.34 4234.73 4253.55 4280.93 4306.42 4325.59
