real_craters/C189-500m.grd
DSAA
353 353
-87.9375 87.9375
-87.9375 87.9375
2564.9673619661 4955.2813468133
[rows 30 to 59 of 353, columns 134 to 200 of 353]
4029.47 4030.64 4028.11 4028.55 4026.95 4026.49 4027.82 4029.33 4027.79 4023.79 4019.89 4016.29 4013.47 4012.73 4014.24 4018.52 4022.52 4027.57 4035.17 4042.84 4052 4061.53 4064.23 4061.6 4063.67 4066.6 4069.39 4074.75 4086.16 4101.37 4100.05 4112.75 4123.31 4128.98 4131.06 4124.19 4104.87 4081.86 4060.08 4034.73 4025.35 4022.51 4021.09 4020.27 4019.18 4016.95 4011.61 4001.09 3993.34 3985.66 3984.06 3982.68 3981.35 3985.61 3985.23 3981.02 3972.7 3971.14 3970.27 3969.27 3972.82 3976.87 3977.32 3975.34 3973.21 3971.55 3969.96
4037.62 4040.28 4042.76 4032.69 4024.1 4021.78 4023.17 4025.27 4023.93 4020.21 4016.7 4013.21 4013.87 4018.73 4021.43 4021.82 4025.05 4032.63 4040.48 4048.92 4058.7 4069.46 4073.69 4070.94 4073.58 4074.79 4076.51 4082.12 4101.24 4113.2 4109.37 4114.53 4123.59 4126.47 4125.34 4117.66 4101.95 4082.49 4062.27 4037.65 4028.37 4025.95 4024.97 4024.72 4024.87 4024.61 4022.97 4017.54 4006.14 3995.83 3989.89 3987.09 3984.42 3985.34 3986.28 3979.04 3969.71 3968.82 3969.09 3969.98 3974.3 3979.7 3981.6 3980.05 3977.9 3975.91 3974.12
4053.83 4047.5 4040.7 4028.98 4019.27 4016.99 4017.72 4018.21 4017.79 4016.7 4015.3 4013.74 4017.5 4027.7 4033.33 4031.66 4031.87 4036.74 4043.97 4051.85 4060.84 4069.47 4074.72 4078.94 4083.84 4081.71 4082.17 4086.6 4095.79 4105.15 4111.93 4115.98 4118.54 4121.79 4120.34 4112 4097.72 4080.09 4061.59 4041.23 4031.71 4029.71 4028.99 4029.18 4030.36 4032.5 4034.77 4034 4024.37 4011.46 3993.97 3989.62 3988.6 3983.05 3980.67 3975.28 3969.08 3970.21 3972.74 3970.74 3975.78 3982.12 3985.04 3984.13 3982.74 3980 3977.38
4065.48 4049.89 4033.52 4022.48 4015.72 4013.57 4013.9 4013.89 4014.15 4014.78 4016.1 4018.99 4026.04 4037.27 4049.4 4041.89 4039.32 4041.62 4045.24 4052.07 4060.23 4068.61 4075.64 4080.4 4085.75 4084.33 4084.13 4086.47 4095.19 4107.59 4111.19 4112.42 4112.45 4117.06 4117.95 4108.93 4093.57 4076.52 4060.36 4043.54 4034.64 4032.54 4031.49 4032.58 4035.36 4038.92 4041.14 4039.97 4034.67 4019.55 3996.48 3991.82 3989.77 3983.63 3980.08 3975.01 3970.51 3973.4 3974.5 3973.86 3978.78 3983.69 3985.62 3985.85 3984.97 3982.8 3981.05
4064.01 4049.26 4033.64 4021.53 4014.07 4012.65 4012.54 4012.21 4012.2 4014.41 4017.12 4021.67 4029.48 4037.6 4046.17 4043.89 4040.43 4039.79 4043.39 4049.95 4058.02 4066.35 4072.75 4080.21 4082.94 4083.53 4084.06 4086.37 4094.84 4102.42 4106.12 4107.52 4109.22 4113.72 4113.59 4104.45 4088.92 4071.12 4054.94 4043.79 4035.84 4031.23 4030.82 4033.58 4037.88 4042.69 4045.94 4043.65 4039.18 4024.98 4006.31 3997.75 3990.29 3988.39 3982.63 3976.21 3974.75 3979.35 3980.61 3981.75 3986.75 3988.68 3987.19 3986.87 3986.51 3984.8 3981.56
4059.85 4046.15 4030.56 4019.41 4015.58 4013.97 4013.36 4013.37 4013.9 4015.54 4017.23 4019.79 4023.02 4029.92 4037.23 4039.98 4038.03 4035.34 4039.58 4046.88 4055.22 4063.98 4072.65 4076.05 4079.35 4081.36 4083.52 4086.43 4093.45 4098.61 4101.58 4105.18 4107.87 4111.68 4111.06 4100.96 4084.93 4066.45 4048.92 4042.77 4036.26 4026.83 4028.46 4032.85 4038.2 4043.63 4047.21 4040 4026.23 4018.81 4008.82 3998 3991.1 3988.7 3984.51 3978.34 3981.12 3991.93 3998.79 4004.81 4006.58 3999.99 3989.74 3988.23 3989.91 3987.04 3983.11
4053.85 4041.55 4028.07 4019.48 4018.63 4016.16 4015.06 4015.49 4017.73 4016.92 4017.25 4018.33 4019.6 4022.54 4025.21 4032.82 4033.02 4031.08 4036.06 4044.01 4052.19 4060.24 4067.05 4070.67 4075.66 4079.57 4083 4087.54 4093.01 4096.92 4097.91 4102.39 4105.32 4109.94 4109.93 4098.15 4082.13 4064.54 4048.75 4040.16 4032.97 4023.97 4025.56 4030.51 4036.19 4041.22 4043.87 4033.55 4019.09 4011.31 4000.92 3991.58 3988.58 3988.41 3985.29 3987.99 4001.4 4021.18 4033.89 4043.77 4040.39 4016.01 3995.59 3988.76 3989.48 3988.33 3984.84
4045.3 4036.78 4026.93 4019.88 4019.47 4017.72 4016.13 4015.62 4015.83 4015.94 4016.64 4018.23 4020.3 4021.38 4024.42 4031.31 4029.56 4029.01 4034.81 4042 4049.26 4056.15 4061.61 4067.16 4073.53 4078.87 4082.51 4085.2 4089.66 4093.59 4094.35 4099.25 4101.37 4106.14 4105.93 4094.36 4079.25 4063.54 4047.77 4032.08 4019.73 4020 4022.59 4027.44 4032.92 4036.93 4036.74 4029.17 4018.74 4009.91 3998.71 3989.21 3988.05 3988.89 3988.56 4005.98 4029.29 4059.6 4070.8 4074.24 4061.68 4027.42 3996.92 3988.09 3989.12 3991.05 3990.43
4035.16 4032.07 4027.58 4024.6 4022.39 4019.68 4017.34 4015.4 4014.4 4014.23 4015.75 4018.53 4021.93 4023.46 4027.1 4033.69 4030.21 4032.75 4036.57 4041.53 4047.54 4053.43 4059.14 4065.98 4072.91 4079.77 4084.46 4084.57 4086.28 4088.44 4089.29 4092.3 4096.15 4098.93 4098 4088.64 4075.5 4059.98 4043.57 4026.64 4013.29 4015.5 4019.25 4024.42 4030.84 4035.84 4037.63 4035.28 4026.12 4015.14 4001.47 3990.62 3990.94 3993.88 3998.97 4027.34 4059.06 4089.77 4093.04 4086.06 4065.75 4031.72 4000.54 3990.77 3993.76 3998.95 4002.4
4027.4 4028.64 4027.73 4025.95 4024.15 4021.6 4018.9 4015.68 4011.86 4011.3 4015.02 4018.39 4021.59 4024.12 4028.21 4032.76 4033.91 4034.87 4037.55 4041.74 4046.73 4051.79 4057.22 4064.3 4072.92 4081.78 4090.75 4095.7 4087.34 4084.6 4083.93 4085.23 4088.16 4090.25 4088.92 4082.26 4071.85 4059.69 4043.06 4025.42 4011.48 4012.36 4016.37 4023.18 4029.32 4036.2 4044.48 4051.53 4043.86 4024.23 4005.98 3995.06 3993.01 4001.28 4010 4042.59 4073.75 4097.82 4099.32 4084.41 4062.59 4032.09 4008.33 3999.57 4001.08 4006.36 4017.68
4023.02 4026.89 4029.49 4027.75 4024.64 4023.94 4021.23 4017.61 4014.09 4013.44 4015.45 4018.2 4021.59 4025.21 4029.75 4035.99 4040.32 4037.11 4037.77 4042 4046.36 4051.09 4056.39 4064.27 4071.69 4080.94 4091.07 4095.94 4087.07 4080.82 4079.85 4080.15 4081.84 4084.66 4082.83 4075.85 4067.17 4057.52 4042.96 4026.8 4014.26 4012.03 4015.35 4022.15 4027.55 4034.14 4045.1 4061.66 4055.23 4029.2 4005.71 3992.87 3994.32 4006.17 4016.6 4035.3 4054.04 4067.86 4081.27 4066.47 4044.41 4029.14 4018.06 4012.91 4011.84 4012.28 4004.99
4020.96 4025.72 4032.54 4039.54 4032.02 4028.45 4024.55 4020.44 4017.55 4016.96 4016.45 4018.27 4021.14 4025.18 4029.43 4034.46 4040.24 4040.02 4040.85 4043.34 4046.71 4050.56 4056.21 4061.51 4068.2 4075.94 4083.75 4086.11 4079.9 4078.25 4078.89 4078.46 4076.07 4078.17 4076.18 4069.78 4060.97 4051.07 4039.12 4027.44 4018.59 4013.21 4015.9 4021.33 4025.43 4031.09 4041.27 4053.81 4048.7 4027.73 4004.85 3994.22 3993.67 4006.35 4018.76 4028.36 4033.76 4036.64 4044.98 4045.99 4037.3 4027.19 4019.43 4015.41 4017.24 4020.96 4007.32
4016.97 4021.51 4028.27 4036.55 4037.35 4032.31 4027.05 4022.42 4018.27 4014.69 4016.56 4018.32 4020.3 4023.31 4030.05 4037.2 4038.05 4041.81 4043.24 4043.93 4046.35 4049.63 4053.57 4057.29 4062.69 4068.65 4074.06 4076.59 4075.46 4076.76 4079.63 4078.66 4074.21 4072.55 4071.42 4065.34 4055.7 4045.34 4034.63 4026.34 4020.9 4016.5 4018.17 4021.5 4024.1 4026.98 4035.18 4042.84 4039.34 4025.94 4009.75 4002.14 4002.85 4010.91 4020.47 4028.14 4029.98 4025.39 4029.02 4033.55 4032.62 4022.72 4016.33 4013.2 4014.11 4017.03 4017.19
4009.49 4014.66 4018.4 4024.25 4035.9 4033.02 4028.3 4023.96 4020.13 4016.32 4018.22 4018.91 4020.43 4024.03 4030.79 4037.85 4042.63 4041.77 4041.57 4042.98 4044.75 4047.85 4050.72 4052.74 4056.85 4061.7 4064.41 4068.48 4072.22 4074.79 4077.07 4078.57 4075.53 4073.33 4070.51 4064.48 4053.77 4039.28 4031.77 4023.25 4019.35 4020.07 4021.95 4024.25 4025.22 4025.51 4032.27 4039.49 4036.22 4027.79 4018.69 4017.26 4018.08 4020.92 4021.76 4022.21 4027.82 4027.52 4028.41 4026.44 4021.2 4016.41 4011.66 4006.48 4007.47 4007.01 4007.74
4006.82 4009.83 4013.49 4021.35 4030.45 4030.4 4027.37 4024.4 4022.85 4026.52 4021.52 4019.07 4019.94 4023.56 4027.95 4034.76 4039.85 4041.3 4041.55 4041.54 4042.14 4044 4048.74 4047.69 4051.77 4058.66 4063 4067.37 4071.16 4073.77 4075.53 4075.55 4074.9 4073.71 4071.91 4068.65 4061.81 4049.95 4035.81 4021.61 4014.84 4022.27 4026.31 4027.97 4028.92 4030.11 4033.1 4037.17 4035.61 4032.89 4029.08 4029.25 4025.22 4028.85 4024.83 4020.49 4023.59 4027.51 4025.92 4021.48 4014.3 4011.47 4009.12 4007.15 4002.99 3998.15 3999.74
4005.87 4006.64 4008.32 4014.82 4024.49 4025.81 4025.04 4023.14 4020.97 4018.01 4016.46 4016.38 4017.77 4021.04 4024.23 4032.25 4039.45 4039.89 4039.5 4039.52 4039.63 4039.15 4044.87 4044.81 4048.5 4058.53 4069.62 4070.07 4070.28 4071.86 4074.16 4074.8 4073.45 4072.27 4073.57 4075.05 4075.8 4067.61 4045.5 4026.04 4019.89 4030.92 4032.56 4033.2 4033.75 4033.63 4032.4 4030.82 4035.34 4039.44 4041.21 4036.74 4032.37 4034.79 4029.15 4022.67 4016.6 4019.31 4020.24 4017.19 4011.74 4010.23 4007.32 4004.77 4001.35 3997.96 3995.61
4003.71 4004.65 4005.8 4010.7 4017.11 4020.98 4022.35 4021.2 4018.54 4014.28 4012.64 4013.1 4013.92 4018.54 4023.23 4029.87 4035.77 4037.6 4036.07 4037.61 4039.24 4042.39 4048.64 4045.38 4047.77 4056.23 4064.23 4066.47 4066.99 4069.14 4071.93 4076.46 4074.29 4071.64 4074.91 4080.11 4082.23 4074.26 4054.75 4035.11 4029.85 4037.62 4038.68 4037.73 4037.81 4039.43 4033.7 4030.7 4036.98 4043.79 4046.75 4040.4 4035.31 4037.44 4032.59 4024.73 4015.28 4012.15 4013.47 4014.52 4011.08 4007.1 4005.4 4002.83 4002.3 4001.26 3998.8
4003.59 4005.43 4005.53 4010.24 4014.48 4019.46 4021.65 4021.35 4019.19 4015.6 4013.05 4012.38 4010.99 4014.61 4022.66 4029.47 4037.51 4037.76 4035.51 4036.63 4039.28 4042.69 4045.81 4044.94 4046.76 4051.97 4057.51 4059.73 4061.31 4065.95 4070.33 4071.16 4074.43 4069.19 4075 4084.19 4090.76 4082.08 4063.85 4046.15 4040.15 4044.7 4042.54 4041.05 4039.3 4036.82 4035.04 4034.75 4040.6 4045.87 4047.43 4043.54 4039.42 4039.42 4036.31 4032.16 4025.8 4019.75 4017.42 4017.58 4011.27 4006.11 4004.25 4004.2 4005 4007.41 4007.76
4005.32 4008.44 4014.78 4015.85 4019.93 4022.61 4023.39 4023.46 4022.42 4021.12 4020.25 4015.58 4011.73 4014.93 4024.75 4033.72 4043.14 4040.09 4036.1 4036.33 4038.7 4041.63 4039.56 4040.79 4042.78 4045.84 4048.92 4052.19 4054.18 4056.55 4068.58 4070.12 4070.18 4066.32 4073.99 4085.4 4095.58 4087.78 4070.59 4056.49 4049.43 4044.27 4045.33 4044.82 4041.92 4040.22 4038.55 4040.25 4047.56 4052.32 4053.28 4049.22 4042.71 4041.41 4039.71 4037.36 4031.45 4025.4 4022.39 4018 4011.3 4006.59 4002.52 4001.77 4003.59 4007.85 4005.68
4002.96 4007.32 4012.16 4016.8 4020.78 4024.23 4026.3 4026.98 4026.81 4026.07 4024.61 4021.09 4018.46 4018.21 4024.04 4035.2 4041.28 4040.87 4036.62 4036.5 4036.32 4034.29 4034.46 4035.13 4036.85 4039.2 4042.89 4045.44 4047.88 4051.4 4059.9 4068.68 4072.39 4066.68 4072.89 4084.41 4089.77 4084.97 4072.15 4060.6 4057.68 4060.13 4059.26 4051.95 4044.32 4042.82 4047.05 4050.85 4058.26 4064.77 4062.88 4057.33 4048.37 4044.83 4041.24 4038.43 4033.39 4029.08 4026.71 4015.09 4008.44 4003.67 4001.03 4002.16 4004.42 4005.57 4003.61
4002.38 4004.92 4008.06 4014.97 4021.45 4026.71 4029.45 4031.53 4032.15 4031.21 4028.46 4027.08 4025.69 4021.46 4022.96 4032.2 4040.49 4042.28 4041.45 4038.33 4035.44 4031.66 4031.56 4030.48 4028.31 4032.72 4036.8 4039.75 4042.74 4046.88 4053.89 4061.81 4064.39 4062.37 4069.73 4084.45 4095.64 4086.01 4071.55 4060.12 4063.53 4070.38 4070.52 4061.79 4051.58 4051.15 4055.26 4061.29 4069.37 4074.51 4067.75 4058.97 4051.29 4046.27 4039 4032.48 4024.34 4025.6 4027.81 4010.45 4005.2 4001.35 4000.34 4002.42 4003.81 4003.98 4006.04
4004.21 4005.26 4007.72 4015.06 4021.89 4026.32 4034.1 4037.52 4038.99 4038.93 4037.3 4037.67 4036.53 4036.06 4029.23 4030.4 4038.4 4041.42 4041.22 4038.9 4037.54 4035.13 4030.06 4029.93 4030.57 4030.74 4032.98 4035.9 4037.94 4041.81 4047.85 4053.25 4053.87 4056.24 4064.92 4081.26 4093.54 4084.28 4070.87 4062.81 4067.98 4077.59 4082.27 4072.66 4066.8 4067.53 4070.98 4074.07 4079.46 4081.85 4071.1 4060.26 4051.38 4044.81 4033.99 4022.39 4010.84 4022.05 4025.94 4011.32 4004.01 4000.64 3999.72 4002.89 4007.89 4007.7 4009.98
4005.11 4005.58 4008.14 4016.9 4027.84 4039.84 4042.21 4044.12 4046.43 4049.4 4051.9 4054.75 4055.97 4056.49 4040.89 4037.08 4039.75 4040.25 4041.15 4037.57 4031.84 4026.65 4028.29 4030.52 4033.84 4035.04 4034.26 4034.42 4034.45 4033.33 4039.39 4042.88 4045.49 4049.29 4058.68 4072.83 4083.1 4080.81 4071.56 4065.12 4072.48 4077.79 4078.28 4079.74 4081.69 4081.97 4083.05 4083.68 4086.83 4084.69 4072.14 4062.08 4051.96 4039.26 4030.44 4022.55 4014.67 4019.57 4020.75 4010.23 4002.57 3998.97 3998.39 4000.51 4003.48 4006.99 4004.68
4005.45 4005.31 4007.95 4018.34 4030.59 4042.99 4045.44 4047.91 4052.12 4058.87 4069.99 4073.22 4064.87 4070.29 4059.88 4055.71 4053.48 4048.84 4044.32 4037.67 4030.27 4026.83 4028.59 4031.09 4033.94 4033.46 4034.02 4034.2 4034.42 4035.42 4038.14 4037.66 4035.48 4043.61 4051.75 4062.69 4073.86 4081.06 4081.3 4079.04 4081.57 4081.63 4081.16 4082.38 4083.94 4084.83 4086.52 4086.84 4090.65 4089.71 4070.97 4058.33 4049.47 4038.35 4032.9 4027.04 4022.81 4017.09 4012.91 4005.65 3999.73 3996.3 3995.6 3997.36 4000.14 4002.25 4000.68
4005.05 4005.94 4011.31 4019.28 4028.53 4035.7 4042.74 4047.78 4052.77 4061.24 4072.46 4085.36 4092.4 4087.06 4086.16 4086.1 4070.3 4061.51 4051.37 4040.04 4029.47 4030.3 4030.33 4031.35 4032.4 4035.73 4035.04 4034.67 4035.3 4037.9 4040.4 4036.62 4036.21 4037.96 4043.47 4053.74 4068.51 4085.43 4100.21 4101 4093.64 4087.89 4084.29 4085.38 4085.78 4082.83 4078.07 4084.4 4086.92 4085.5 4077.12 4064.79 4055.28 4051.37 4046.35 4036.21 4029.8 4010.47 4003.85 4002.46 3996.1 3992.4 3991.17 3994.26 3999.37 4001.22 3996.09
4008.09 4013.11 4015.31 4019.47 4026.44 4037.22 4041.28 4043.93 4049.91 4058.22 4068.72 4088.45 4104.11 4087.87 4081.01 4083.22 4073.99 4065.81 4052.83 4039.65 4028.01 4031.93 4031.44 4032.41 4032.85 4035.59 4034.61 4034.09 4034.83 4037.61 4042.4 4040.29 4032.59 4032.99 4035.09 4048.44 4065.75 4086.19 4108.62 4110.14 4099.71 4093.14 4090.23 4091.66 4094.14 4095.82 4089.92 4083.86 4079.44 4075.75 4073.03 4067.87 4065.01 4065.3 4051.92 4037.67 4030.42 4009.99 4000.6 3998.74 3991.76 3988.67 3989.05 3991.38 3993.13 3994.41 3994.21
4010.63 4015.33 4016.88 4018.54 4021.82 4027.35 4031.3 4036.63 4044.4 4052.93 4061.19 4072.99 4086.86 4087.66 4079.39 4073.32 4069.86 4061.37 4052.56 4039.94 4028.56 4027.63 4030.88 4034.16 4036.16 4033.81 4033.74 4032.06 4031.77 4034.83 4041.14 4042.17 4030.48 4027.68 4030.53 4044.32 4062.61 4079.66 4091.6 4098.05 4096.33 4093.55 4092.42 4095.42 4098.73 4100.14 4093.49 4082.14 4073.23 4067.62 4064.71 4060.68 4059.3 4060.66 4048.18 4033.11 4020.16 4008.75 3998.82 3990.99 3987.95 3985.32 3985.16 3988.85 3993.09 3990.58 3994.09
4012.17 4015.82 4016.83 4017.2 4016.87 4016.04 4019.18 4029.02 4039.27 4048.34 4056.22 4064.26 4069.55 4071.52 4073.4 4070.07 4065.99 4060.91 4050.04 4036.92 4026.13 4025.88 4030.59 4035.63 4041.41 4041.21 4032.5 4028.11 4027.12 4029.72 4035.57 4037.12 4031.35 4026.66 4031.12 4050.04 4062.6 4072.63 4080.73 4086.33 4088.98 4089.73 4091.17 4095.59 4096.17 4093.81 4087.99 4078.12 4066.96 4062.4 4059.04 4059.73 4058.72 4055.29 4043.09 4031.08 4019.67 4009.3 3994.86 3988.87 3984.33 3982.67 3981.8 3985.82 3988.23 3985.27 3996.34
4014.33 4016.85 4017.68 4018.07 4017.39 4013.57 4014.05 4028.56 4039.99 4046.64 4051.54 4056.2 4065.27 4068.59 4065.14 4063.44 4061.46 4057.97 4048.56 4034.9 4028 4029.18 4032.12 4035.29 4036.53 4032.83 4026.53 4022.08 4020.27 4023.41 4028.99 4032.53 4034.16 4029 4032.54 4050.14 4061.21 4066.61 4070.25 4076.37 4080.73 4082.97 4085.31 4092.7 4089.51 4077.11 4078.05 4074.89 4069.2 4063.56 4058.24 4063.67 4061.49 4054.48 4048.09 4033.37 4014.46 4002.92 3989.72 3987.11 3982.76 3982.52 3983.28 3984.01 3986.9 3991.65 4000.28
4018.31 4020.73 4019.17 4021.6 4024.99 4026.13 4026.9 4042.24 4049.42 4050.31 4049.38 4048.81 4054.25 4056.62 4056.84 4057.12 4056.02 4052.96 4045.11 4032.31 4024.91 4030.96 4033.79 4034.34 4032.44 4025.15 4019.4 4015.49 4013.36 4017.09 4025.14 4029.69 4032.93 4027.78 4029.39 4051.16 4058.35 4062.11 4064.94 4069.88 4073.66 4075.4 4075.97 4078.11 4076.72 4073.09 4071.64 4072.13 4073.33 4062.91 4056.4 4057.4 4060.76 4061.45 4057.84 4028.01 4012.04 4004.62 4001.77 3989.31 3986.25 3985.38 3984.43 3984.46 3992.45 4001.09 4002.11
