real_craters/C189-500m.grd
DSAA
353 353
-87.9375 87.9375
-87.9375 87.9375
2564.9673619661 4955.2813468133
[rows 90 to 119 of 353, columns 201 to 267 of 353]
4049.65 4060.25 4074.04 4075.13 4076.47 4083.58 4091.24 4095.43 4096.87 4090.69 4083.62 4074.57 4063.46 4053.8 4043.51 4030.27 4020.76 4020.69 4023.66 4023.74 4022.89 4032.86 4038.84 4034.77 4033.29 4034.54 4034.98 4034.63 4034.24 4024.44 4028.07 4032.49 4028.18 4018.22 4011.48 4002.64 3993.13 3985.68 3983.94 3988 3996.5 3994.85 3996.4 3997.4 4004.03 4012.23 4015.91 4026.51 4028.64 4023.12 4015.08 4012.77 4015.85 4008.11 3998.69 3991.01 3983.96 3978.11 3973.56 3974.17 3977.29 3979.25 3979.66 3977.69 3977.26 3977.85 3979.4
4051.4 4054.82 4060.41 4073.43 4084.58 4091.57 4095.82 4099.21 4101.92 4097.21 4082.71 4068.51 4059.36 4053.45 4043.4 4031.75 4025.64 4023.4 4024.16 4027.4 4028 4040.55 4043.33 4031.44 4031.07 4033.05 4032.81 4030.69 4025.86 4031.2 4039.1 4037.42 4028.97 4016.41 4009.4 4001.28 3995.37 3989.24 3997.07 4000.81 3996.41 3989.52 3993.54 3993.36 3995.72 4007.16 4015.18 4029.61 4036.62 4033.33 4022.36 4012.31 4010.07 4002.77 3997.86 3988.91 3981.15 3974.66 3972.42 3974.53 3977.1 3979.68 3980.98 3980.3 3981.13 3981.07 3982.93
4052.61 4051.67 4054.74 4070.14 4089.39 4097.42 4100.03 4103.29 4101.28 4094.1 4079.19 4062.22 4051.56 4047.82 4042.09 4033.86 4024.73 4023.5 4029.68 4029.29 4035.81 4042.19 4039.28 4028.29 4030.36 4034.23 4036.18 4034.85 4031.95 4037.94 4043.66 4044.05 4041.63 4031.97 4004.58 3997.53 3995.7 3994.5 3989.94 3992.33 3997.12 3995.43 3991.02 3992.16 3993.11 4004.52 4026.55 4041.53 4050.8 4040.31 4028.55 4015.73 4004.19 3996.86 3989.84 3987.13 3980.99 3974.68 3972.41 3975.04 3978.84 3982.18 3984.85 3986.78 3985.35 3987.83 3990.64
4052.5 4055.68 4052.74 4066.49 4088.38 4095.35 4095.82 4098.12 4101.57 4094.46 4076.37 4055.36 4043.03 4037.75 4037.75 4034.28 4023.87 4024.55 4029.82 4031.4 4043.24 4042.75 4037.14 4027.56 4033.76 4039.92 4045.21 4047.74 4045.74 4043.2 4042.4 4041.75 4040.65 4013.52 3993.74 3996.09 3997.62 3999.21 3991.09 3999.48 4005.88 4003.78 3999.5 3998.28 4002.97 4012.85 4029.91 4043.58 4048.49 4045.56 4033.92 4027.49 4016.15 4006.74 3999.53 3994.38 3986.5 3978.5 3975.84 3978.41 3982.78 3985.88 3988.47 3990.21 3986.19 3991 3995.99
4053.09 4058.6 4057.29 4065.14 4076.85 4085.32 4088.83 4086.64 4106.71 4098.1 4076.27 4054.21 4041.9 4041.3 4041.87 4041.19 4027.76 4026.33 4027.59 4033.19 4044.39 4049.17 4047.45 4044.04 4043.22 4048.5 4056.55 4064.28 4062.77 4049.19 4042.2 4045.38 4041.31 4007.37 3994.14 4001.1 4007.86 4011.2 4008.12 4021.9 4016.96 4007.3 4002.28 4004.37 4013.61 4017.68 4029.51 4040.19 4055 4058.99 4054.27 4050.86 4041.21 4030.88 4023.43 4013.05 3998.97 3985.84 3985.19 3988.77 3989.55 3991.08 3991.46 3989 3988.34 3995.55 4003.16
4047.13 4061.73 4061.37 4065.01 4074.18 4082.32 4088.86 4098.01 4104.95 4095.46 4076.95 4057.39 4046.08 4050.23 4047.56 4040.78 4032.55 4026.79 4025.93 4036.43 4047.58 4060.75 4055.22 4048.83 4048.87 4053.78 4062.47 4074.01 4072.07 4057.73 4051.34 4050.26 4049.61 4030.53 4011.72 4012.5 4015.29 4002.15 3986.71 4009.11 4011.49 4003.2 4003.22 4004.55 4021.08 4021.28 4023.41 4037.48 4057.7 4080.9 4094.84 4092.06 4085.97 4072.36 4061.5 4040.78 4016.7 3998.53 3994.17 3995.92 3995.88 3997.89 3999.55 3996.72 3994.81 3999.9 4005.19
4053.7 4064.2 4066.99 4067.93 4074.3 4081.51 4087.46 4094.34 4096.2 4089.82 4079.24 4067.99 4062.09 4057.87 4055.51 4051.6 4041.75 4036.43 4031.63 4039.99 4051.49 4056.57 4052.27 4047.33 4048.82 4052.92 4059.69 4067.08 4065.42 4056.49 4050.03 4052.09 4046.27 4036.24 4027.89 4026.95 4025.72 4013.2 4000 4012.08 4009.31 3993.31 4000.39 4002.49 4015.6 4015.12 4027.8 4043.56 4065.34 4110.56 4173.51 4174.36 4156.46 4143.08 4114.97 4073.9 4035.16 4006.55 4000.23 3998.98 4001.33 4005.06 4008.94 4007.11 4003.45 4005.79 4010.5
4055.88 4062.73 4067.88 4069.98 4075.25 4080.77 4086.22 4087.11 4085.55 4086.95 4082.62 4076.53 4072.48 4068.54 4063.93 4058.22 4050.05 4043.01 4038.32 4043.1 4048.18 4048.37 4048.59 4044.98 4045.4 4047.18 4050.09 4054.27 4053.48 4049.59 4048.01 4054.77 4055.01 4040.98 4035.03 4040.54 4040.51 4019.73 4013.74 4013.53 4008.18 3997.81 3990.83 3996.27 4014.02 4012.12 4027.81 4050.01 4079.91 4131.16 4195.38 4219.58 4204.33 4199.75 4154.66 4100.17 4055.26 4024.54 4012.1 4006.73 4008.83 4012.1 4014.36 4013.45 4011.95 4012.96 4015.71
4057.43 4063.73 4067.06 4069.14 4078.65 4090.37 4088.53 4088.47 4090.31 4091.58 4088.08 4082.67 4077.07 4077.65 4072.94 4066.39 4060.08 4053.68 4048.88 4046.86 4044.1 4048.84 4042.03 4041.23 4041.38 4040.8 4038.59 4034.48 4040.86 4044.17 4045.47 4055.51 4059.24 4050.36 4053.03 4053.57 4053.69 4031.22 4028.21 4021.16 4014.45 4002.09 3988.3 3986.83 4003.12 4003.1 4012.76 4048.58 4095.15 4141.71 4182.51 4199.29 4199.04 4189.04 4153.41 4110.53 4071.19 4042.5 4029.14 4022.83 4019.42 4020.16 4021.16 4019.29 4018.41 4019.38 4022.16
4056.22 4060.13 4068 4071.63 4081.08 4081.56 4090.02 4095.58 4101.77 4100.59 4097.17 4091.82 4086.57 4086.65 4084.04 4078.55 4071.33 4064.59 4060.93 4055.85 4052.12 4049.67 4044.49 4042.85 4040.13 4037.06 4033.65 4031.7 4037.85 4044.89 4050.07 4054.45 4056.17 4055.37 4064.75 4058.82 4052.05 4045.14 4038.47 4031.9 4027.64 4007.21 3992.54 3988.78 3995.98 4003.19 4017.89 4062.98 4109.89 4149.71 4175.15 4183.98 4179.71 4162.07 4133.48 4109.48 4087.29 4063.66 4044.76 4034.67 4027.27 4027.12 4029.63 4026.91 4024.14 4024.75 4027.85
4055.85 4065.17 4076.98 4087.43 4092.08 4094.69 4099.05 4101.38 4111.78 4111.31 4108.46 4105.37 4100.38 4099.61 4098.89 4095.69 4089.06 4080.62 4076.43 4066.49 4056.11 4050.85 4052.39 4046.16 4041.21 4036.57 4033.52 4034.5 4039.85 4048.84 4054.88 4052.95 4053.88 4056.23 4056.26 4055.3 4050.65 4048.55 4044.01 4031.52 4020.61 4008.71 3997.09 3991.77 3994.7 4003.32 4027.04 4059.62 4099.48 4138.33 4161.53 4171.11 4151.53 4126.51 4107.33 4102 4095.44 4077.31 4054.32 4036.51 4028.42 4028.29 4030.93 4027.57 4027.33 4028.55 4029.9
4057.98 4076.5 4086.39 4097.9 4101.77 4110.05 4110.75 4112.23 4118.72 4119.22 4120.24 4121.01 4119.58 4116.77 4117.06 4116.15 4108.55 4104.01 4095.06 4080.52 4063.97 4052.93 4049.58 4048.93 4044.41 4038.71 4033.64 4033.89 4040.76 4049.84 4055.28 4056.73 4061.13 4066.52 4063.72 4060.96 4056.22 4058.64 4052.67 4033.14 4015.4 4007.76 4001.3 3991.32 3996.01 4007.88 4022.51 4043.86 4073.02 4103.02 4123.05 4125.94 4112.89 4098.07 4086.98 4089.99 4094.9 4077.69 4056.11 4037.94 4028.02 4025.2 4023.51 4024.9 4029.27 4033 4035.13
4058.92 4081.67 4089.55 4093.48 4102.52 4108.9 4115.2 4121.99 4117.53 4125.71 4133.06 4138.05 4142.05 4135.46 4136.82 4139.5 4141.91 4127.21 4118.76 4101.28 4079.9 4065.29 4058.84 4055.79 4050.6 4043.54 4036.63 4035.87 4041.96 4049.1 4054.25 4058.61 4062.59 4061.1 4064.26 4073.03 4082.94 4076.06 4064.36 4032.98 4015.37 4005.99 3996.43 3994.29 3996.9 4002.68 4015.04 4033.32 4055.71 4070.82 4078.96 4078.53 4076.71 4072.23 4070.28 4073.39 4072.6 4064.71 4051.69 4037.83 4028.49 4024.9 4023.66 4026.47 4032.76 4040.5 4048.06
4058.17 4075.01 4090.04 4099.93 4110.78 4121.57 4128.63 4131 4134.65 4142.34 4147.76 4150.6 4153.53 4153.62 4156.31 4161.04 4161.41 4166.69 4152.63 4128.32 4106.21 4091.68 4076.64 4067.07 4058.94 4051.24 4044.98 4043.11 4046.32 4050.37 4057.39 4063.9 4063.25 4057.43 4054.05 4065.43 4067.4 4077.05 4069.2 4035.23 4021.97 4009.67 3996.57 3994.96 3994.53 3998.99 4009.63 4022.95 4038.5 4041.06 4044.3 4043.52 4053.79 4060.62 4065.46 4059.85 4052.15 4050.74 4046.22 4040.42 4033.81 4025.04 4022.7 4027.12 4035.96 4047.59 4062.35
4066.75 4075.83 4089.35 4105.72 4120.48 4131.33 4139.7 4144.45 4159.61 4166.54 4164.96 4161.04 4158.67 4163.59 4171.42 4180.86 4188.1 4182.54 4172.65 4155.7 4134.64 4108 4090.98 4080.13 4070.05 4061.64 4056.72 4052.23 4052.53 4056.95 4062.51 4068.93 4068.41 4066.4 4069.97 4083.22 4070.44 4077.11 4071.64 4048.8 4032.01 4015.32 4002.86 3995.75 3993.05 3991.56 3997.47 4009.92 4018.81 4022.82 4025.11 4028.67 4039.56 4057.59 4065.47 4051.96 4041.24 4042.84 4042.7 4040.21 4033.98 4023.23 4022.67 4027.71 4037.83 4051.33 4067.03
4072.99 4069.71 4084.67 4104.52 4121.31 4129.22 4138.92 4153.48 4174.26 4184.11 4183.08 4177.06 4172.9 4174.43 4183.42 4193.68 4195.31 4191.1 4188.07 4177.55 4160.66 4130.58 4107.66 4095.78 4083.33 4071.98 4061.79 4058.15 4057.17 4060.6 4063.56 4068.09 4071.51 4077.14 4088.11 4092.99 4082.44 4085.21 4082.43 4067.24 4039.26 4007.04 3999.66 3994.12 3989.66 3987.32 3988.24 4000.05 4010.46 4013.5 4016.22 4021.16 4034.03 4050.37 4054.88 4049.36 4042.93 4041.82 4041.88 4039.21 4029.88 4021.96 4016.29 4025.41 4037.82 4052.11 4065
4067.85 4070.95 4082.26 4096.3 4108.02 4122.68 4136.94 4161.2 4187.21 4202.55 4202.21 4195.25 4191.22 4191.41 4195.33 4199.62 4209.98 4217.24 4211.77 4183.41 4159.98 4142.84 4128.02 4111.71 4096.02 4081.56 4071.06 4064.39 4060.73 4059.85 4062.55 4065.02 4070.75 4081.18 4088.8 4088.16 4085.51 4085.74 4090.34 4092.53 4057.91 4012.43 4002.82 3995.44 3991.35 3992.96 3997.5 4005.12 4011.29 4013.91 4016.9 4023 4031.26 4045.16 4049.82 4045.66 4042.3 4043.13 4044.43 4045.76 4047.07 4041.02 4020.23 4025.86 4038.36 4052.16 4067.32
4082.99 4083.35 4089.28 4095.59 4100.31 4120.16 4144.37 4170.59 4201.65 4223.81 4215.82 4213.63 4210.63 4208.11 4209.9 4207.34 4215.21 4223.42 4222.17 4187.32 4162.51 4148.26 4145.4 4126.95 4107.84 4090.49 4077.98 4072.59 4067 4060.86 4062.35 4065.89 4075.74 4084.94 4091.3 4090.11 4090 4092.22 4094.55 4089.51 4064.94 4034.39 4009.95 4001.79 3998.08 4006.34 4012.59 4016.05 4018.37 4019.68 4024.3 4033.57 4041.75 4044.78 4046.97 4044.06 4042.87 4044.56 4047.13 4049.92 4053.3 4037.03 4024.26 4030.98 4041.46 4053 4065.56
4122.3 4115.28 4114.45 4108.31 4106.57 4123.94 4146.12 4167.51 4189.65 4203.54 4210.64 4217.17 4220.14 4229.12 4226.27 4220.46 4216.18 4215.35 4227.6 4214.78 4193.15 4187.51 4163.24 4138.77 4120.64 4103.3 4089.83 4086.51 4083.31 4077.39 4069.17 4071.21 4084.01 4090.76 4093.41 4091.2 4093.41 4093.88 4099.36 4098.94 4083.13 4047.6 4016.78 4006.52 4027.07 4018.69 4025.13 4027.22 4023.93 4021.48 4022.53 4036.15 4044.54 4041.22 4039.91 4038.42 4042.03 4045.98 4048.63 4049.6 4044.55 4041.89 4036.58 4040.81 4047.26 4055.1 4062.8
4147.26 4137.77 4128.72 4123.46 4126.92 4133.23 4142.4 4158.61 4173.63 4184.2 4195.63 4205.71 4212.5 4216.62 4226.65 4244.42 4244.39 4226.54 4224.37 4221.56 4205.41 4184.74 4156.91 4145.02 4134.09 4122.84 4112.53 4105.33 4099.13 4091.6 4082.35 4082.92 4093.5 4098.86 4102.08 4100.78 4100.17 4098.57 4106.5 4113.43 4108.69 4077.56 4040.35 4032.03 4033.04 4033.9 4038.06 4033 4030.02 4025.07 4026.66 4035.13 4045.65 4035.59 4034.2 4039.02 4044.02 4047.82 4050.31 4052.28 4056.82 4061.58 4055.39 4052.54 4055.12 4059.01 4061.62
4173.94 4150.68 4131.73 4131.96 4140.62 4142.81 4142.78 4155.9 4166.03 4171.99 4182.1 4191.46 4201.44 4207.08 4219.83 4244.96 4253.86 4244.17 4221.43 4224.23 4209.16 4194.67 4169.73 4158.26 4148.88 4141.61 4133.03 4124.48 4117.26 4108.5 4097.95 4094.02 4100.65 4109.05 4113.86 4117.5 4116.31 4110.76 4114.61 4115.1 4108.29 4097.9 4070.46 4050.09 4042.95 4035.7 4041.2 4041.2 4038.15 4026.65 4016.56 4036.64 4042.12 4036.06 4036.85 4048.14 4049.41 4051.11 4052.43 4054.16 4058.64 4064.28 4064.91 4064.67 4065.63 4067.16 4067
4193.91 4162.13 4136.5 4140.23 4147.13 4148.45 4152.36 4164.27 4166.9 4168.32 4179.28 4189.68 4198.39 4201.56 4206.81 4224.2 4241.14 4240.81 4233.41 4236.72 4207.72 4193.55 4182.33 4175.73 4161.47 4149.39 4144.34 4142.11 4142.19 4133.06 4124.06 4115.98 4118.75 4123.01 4126.91 4136.17 4140.37 4132.09 4125.66 4117.26 4105.14 4101.5 4086.53 4066.54 4057.35 4046.54 4046.94 4044.76 4036.1 4028.54 4025.49 4039.73 4043.76 4045.2 4043.62 4049.15 4054.47 4055.86 4054.95 4054.04 4053.16 4062.52 4070.71 4072.83 4074.39 4075.97 4076.63
4183.85 4173.79 4163.03 4159.37 4151.68 4149.85 4161.35 4170.54 4173.21 4178.78 4192.45 4204.05 4206.3 4204.88 4201.6 4207.9 4221.28 4229.94 4228.4 4221.46 4200.68 4188.78 4185.89 4188.28 4171.79 4157.13 4155 4156.48 4156.4 4152.28 4146.71 4136.02 4132.91 4141.12 4145.29 4155 4159.99 4150.85 4136.08 4123.03 4114.57 4105.44 4102.11 4085.45 4065.82 4051.94 4049.46 4047.14 4044.21 4051.72 4062.72 4057.25 4050.61 4056.89 4059.51 4062.05 4062.15 4061.12 4060.19 4059.41 4059.72 4075.7 4078.39 4081.07 4083.01 4084.79 4085.27
4172.58 4189.13 4200.38 4187.76 4167.73 4155.29 4158.84 4171.06 4180.7 4191.44 4205.49 4218.36 4221.5 4220.58 4217.56 4209.09 4216.02 4228.33 4233.47 4225.99 4207.76 4195.53 4186.5 4188.33 4179.39 4170.51 4169.28 4169.94 4171.39 4168.04 4162.54 4157.03 4152.27 4166.28 4175.46 4175.06 4171.84 4159.47 4140.36 4123.69 4109.02 4100.42 4095.54 4093.78 4076.28 4062.69 4055.99 4050.59 4052.34 4055.51 4063.27 4061.04 4061.69 4063.7 4076.45 4078.17 4070.6 4068.03 4067.96 4068.95 4076.34 4083.15 4084.29 4087.45 4090.23 4092.66 4095.35
4182.15 4205.01 4221.65 4211.15 4183.1 4162.36 4166.59 4175.86 4190.59 4205.69 4223.39 4237.37 4241.27 4240.57 4237.77 4224.99 4220.3 4222.23 4237.66 4233.04 4215.14 4203.34 4194.22 4185.79 4185.29 4186.87 4183.36 4182.9 4180.66 4183.83 4184.11 4182.31 4188.47 4188.77 4188.93 4184.55 4177.1 4159.73 4138.88 4119.71 4105.28 4093.44 4089.95 4093.87 4090.64 4073.41 4059.69 4049.75 4050.02 4057.13 4067.11 4074.68 4078.12 4082.9 4088.46 4077.23 4072.62 4074.03 4076.24 4077.84 4075.09 4078.28 4087.57 4092.28 4095.79 4099.22 4106.4
4203.6 4223.26 4240.93 4232.09 4199.84 4176.95 4180.31 4185.95 4205.1 4225.56 4248.3 4260.88 4261.75 4258.83 4250.6 4233.64 4223.09 4215.41 4224.45 4223.08 4211.76 4200.22 4186.8 4188.19 4187.79 4188.16 4194.22 4199.2 4200.03 4194.83 4194.68 4198.32 4202.6 4196.46 4193.21 4181.09 4170.55 4152.56 4131.85 4111.16 4092.49 4083.2 4082.63 4082.28 4077.38 4063.83 4057.39 4049.2 4057.23 4064.77 4072.43 4082.09 4089.89 4103.17 4098.84 4070 4075.35 4080.71 4084.93 4090.19 4091.52 4089.74 4094.34 4097.24 4099.38 4100.17 4103.34
4225.09 4238.74 4249.08 4240.72 4215.06 4200.15 4198.61 4207.71 4223.69 4245.55 4276.79 4280.04 4277.59 4274.68 4267.12 4241.63 4227.41 4212.68 4208.62 4210.4 4208.36 4197.15 4187.91 4197.59 4197.84 4198.26 4204.13 4208.59 4207.99 4200.79 4199.55 4203.24 4204.14 4190.46 4176.76 4165.44 4154.68 4142.28 4122.83 4101.95 4083.43 4081.15 4069.17 4065.66 4069.48 4061.76 4061.19 4064.78 4072.66 4078.8 4081.63 4087.42 4099.62 4112.47 4100.11 4092.89 4090.41 4090.35 4092.46 4096.43 4096.05 4099.83 4101.53 4102.29 4102.14 4100.32 4093.07
4251.37 4254.33 4249.39 4235.21 4228.19 4213.99 4213.78 4227.22 4237.79 4252.76 4272.31 4283.14 4287.61 4287.76 4278.48 4259.29 4239.18 4220.05 4211.34 4205.44 4200.89 4194.74 4193.13 4199.82 4216.41 4217.26 4212.61 4209.88 4207.12 4203.61 4201.89 4202.26 4200.48 4182.98 4164.46 4154.93 4149.72 4135.64 4115.71 4093.77 4072.43 4059.39 4057.63 4059.26 4060.36 4061.59 4063.99 4069.88 4076.95 4080.78 4089.11 4091.82 4108.86 4118.52 4115.81 4115.28 4103.42 4097.85 4097.81 4098.06 4098.38 4102.95 4106.01 4106.53 4106.21 4104.47 4098.8
4269.74 4270.84 4270.52 4265.5 4265.43 4237.48 4226.67 4232.86 4239.2 4248 4260.05 4280.28 4294.75 4302.12 4298.2 4279.08 4253.29 4226.86 4198.01 4178.09 4178.89 4189.29 4202.69 4216.6 4233.27 4227.1 4214.75 4205.66 4204.01 4201.51 4199.12 4196.03 4191.9 4174.79 4158.22 4153.11 4147.59 4133.45 4110.8 4088.01 4067.39 4055.61 4056.03 4057.43 4058.84 4062.72 4068.71 4074.48 4076.48 4080.33 4089.91 4092.1 4109.57 4126.37 4125.62 4107.99 4102.26 4102.96 4102.74 4102.35 4102.41 4105.79 4109.15 4111.44 4113.1 4113.24 4113
4264 4284.38 4308.77 4335.69 4335.79 4305.47 4252.92 4239.85 4238.62 4246.85 4262.72 4283.37 4301.06 4315.1 4314.29 4293.43 4269.7 4243.46 4204.61 4173.11 4169.82 4180.07 4195.22 4218 4220.89 4215.57 4208.55 4203.06 4201.16 4202.28 4192.8 4184.53 4175.81 4167.57 4157.43 4156.84 4155.24 4130.25 4104.85 4082.66 4065.3 4055.41 4060.42 4063.72 4061.49 4062.84 4073.09 4076.07 4091.12 4106.01 4109.51 4091.96 4109.8 4129.97 4122.97 4113.88 4110.41 4109.73 4107.89 4105.08 4102.57 4105.48 4111.01 4117.46 4120.22 4121.37 4122.14
