real_craters/C189-300m.grd
DSAA
587 587
-87.9375 87.9375
-87.9375 87.9375
2563.0478150371 4976.3069802699
[rows 390 to 419 of 587, columns 0 to 66 of 587]
3868.92 3861.99 3861.01 3862.31 3862 3862.19 3863 3864.54 3868.75 3875.24 3883.88 3896.31 3907.96 3912.64 3914.96 3915.52 3915.69 3915.39 3914.72 3914 3913.32 3912.57 3911.06 3910.63 3909.83 3909.12 3909.23 3908.91 3909.55 3911.73 3914.69 3917.56 3921.08 3924.38 3927.62 3929.98 3931.82 3953.54 3988.43 4028.57 4070.61 4108.13 4128.86 4094.37 3999.8 3898.95 3807.38 3733.91 3667.04 3605.77 3557.21 3527.31 3508.17 3492.54 3470.19 3444.18 3422.01 3402.38 3384.93 3368.85 3353.54 3338.29 3319.43 3312.58 3328.25 3348.48 3369.55
3865.61 3860.02 3858.13 3858.8 3858.43 3858.17 3858.14 3860.55 3866.35 3873.6 3882.33 3895.21 3906.38 3910.92 3913.53 3914.83 3914.48 3914.46 3913.83 3913.1 3912.31 3911.62 3911.71 3910.46 3907.27 3905.31 3904.35 3904.39 3905.5 3907.34 3909.96 3912.88 3915.87 3918.29 3920.38 3922.22 3929.86 3951.24 3980.71 4011.35 4051.1 4106.91 4145.96 4131.06 4048.09 3946.47 3852.57 3775.2 3700.74 3629.07 3568.48 3538.81 3520.25 3505.14 3483.6 3457.34 3435.97 3417.81 3402.47 3389.1 3377.63 3366.75 3348.3 3341.24 3350.39 3364.55 3381.43
3860.69 3856.12 3853.79 3854.29 3854.83 3855.22 3854.71 3857.73 3865.02 3872.83 3881.02 3893.05 3903.48 3908.79 3911.95 3913.69 3914.05 3913.46 3912.95 3912.03 3910.94 3909.65 3907.77 3905.24 3903.28 3900.76 3898.34 3899.5 3901.6 3903.71 3906.27 3909.11 3912.74 3915.72 3918.95 3923.85 3936.03 3956.28 3979.75 4002.96 4041.79 4102.53 4156.63 4167.75 4082.51 3992.9 3903.47 3824.62 3744 3664.17 3592.35 3558.46 3535.54 3515.49 3493.54 3468.33 3448.87 3432.5 3419.05 3408.35 3400.38 3394.71 3381.45 3372.36 3374.71 3383.98 3396.82
3857.26 3853.56 3851.24 3851.08 3852.58 3853.95 3855.25 3859.05 3865.97 3873.88 3882.53 3892.6 3901.2 3907 3910.54 3912.52 3913.19 3913.14 3911.96 3910.9 3909.51 3907.66 3904.71 3901.67 3900.54 3898.05 3895.34 3896.55 3899 3901.39 3903.86 3907.01 3910.61 3915.86 3922.46 3932.75 3949.93 3970.12 3987.48 4002.62 4036.44 4092.26 4144.13 4169.13 4114.38 4044.7 3966.09 3882.02 3796.06 3712.31 3638.18 3590.38 3557.29 3528.67 3502.54 3479.62 3461.72 3446.75 3434.72 3425.57 3419.09 3414.89 3404.11 3396.97 3397.41 3403.89 3413.81
3855.37 3852.71 3851.59 3851.01 3852.41 3854.22 3857.43 3862.25 3868.41 3876.02 3884.73 3892.8 3900.28 3906.05 3909.77 3911.76 3912.56 3912.37 3911.64 3910.05 3908.5 3906.6 3904.55 3903.99 3900.06 3897.76 3896.43 3896.83 3898.43 3900.48 3902.91 3905.95 3909.92 3915.8 3925.65 3941.19 3962.31 3989.38 4002.49 4006.72 4031.99 4075.25 4113.08 4129.24 4124.32 4090.89 4026.97 3941.34 3852.88 3766.43 3688.61 3629.05 3586.45 3550.28 3520.48 3495.14 3476.37 3461.73 3450.03 3441.32 3434.23 3428.16 3419.86 3415.29 3416.84 3422.95 3431.67
3853.38 3851.3 3851.31 3851.89 3854.21 3856.39 3860.65 3865.21 3871.15 3878.41 3886.19 3893.91 3901.17 3906.51 3909.63 3911.42 3912.17 3912.12 3911.14 3909.78 3907.89 3905.92 3903.68 3901.14 3899.14 3897.91 3897.6 3897.79 3898.6 3900.26 3902.49 3905.22 3908.98 3914.45 3923.58 3940.12 3966.3 4002.76 4016.29 4011.8 4029.08 4060.88 4090.69 4108.56 4127.89 4122.24 4074.93 3997.65 3910.05 3822.31 3738.68 3671.25 3622.16 3579.5 3543.4 3515.65 3494.53 3479.53 3467.04 3456.55 3447.95 3440.27 3429.04 3429.35 3433.83 3440.45 3449.14
3851.48 3849.05 3847.34 3851.35 3857.68 3863.94 3865.87 3868.8 3874.16 3881.16 3889.9 3898.75 3904.41 3908.25 3910.48 3911.79 3912.33 3912.24 3911.16 3909.73 3908 3905.72 3903.15 3900.42 3898.69 3897.83 3897.78 3897.66 3899.1 3900.91 3902.92 3905.16 3908.15 3912.18 3918.8 3933.75 3958.71 3992.46 4009.26 4008.05 4023.61 4052.66 4082.83 4110.88 4145.74 4161.64 4123.39 4050.64 3965.81 3878.86 3795.5 3722.06 3665.91 3615.42 3569.67 3539.04 3517.7 3501.61 3487.16 3473.89 3462.3 3453.71 3445.37 3445.93 3450.98 3457.77 3466.44
3850.38 3848.24 3847.92 3853.75 3861.66 3868.78 3870.56 3872.82 3877.72 3884.21 3891.9 3904.93 3908.17 3910.43 3911.8 3912.64 3912.89 3912.67 3911.65 3910.46 3908.64 3906.52 3903.9 3900.99 3899.56 3899.14 3899.05 3898.48 3900.78 3902.64 3904.31 3906.08 3908.21 3910.94 3914.99 3925.87 3942.76 3963.4 3981.43 3989.03 4012.12 4045.14 4082.28 4120.27 4170.41 4208.53 4169.17 4098.47 4018.76 3935.87 3854.33 3779.24 3719.83 3663.23 3609.17 3572.73 3549.51 3530.86 3512.99 3495.46 3478.75 3467.37 3464 3464.9 3469.89 3476.25 3483.76
3850.08 3849.13 3850.7 3860.03 3865.47 3870.38 3874.18 3877.72 3882.7 3888.76 3896.64 3906.19 3910.12 3911.92 3912.96 3913.61 3913.94 3913.55 3912.9 3912.12 3910.57 3908.62 3906.12 3903.7 3902.55 3902.34 3902.9 3903.5 3904.61 3905.7 3906.74 3907.85 3909.48 3911.64 3915 3921.11 3928.98 3938.1 3955.89 3972.65 4000.53 4038 4079.37 4124.06 4174.92 4226.87 4194 4132.05 4062.66 3990.17 3916.89 3846.31 3784.79 3724.25 3665.76 3621.53 3592.08 3569.08 3546.98 3524.41 3502.07 3485.67 3485.56 3486.76 3491.61 3496.54 3502.11
3850.01 3850.83 3854.47 3864.67 3868.81 3872.57 3877.71 3883.09 3888.43 3893.42 3900.79 3908.56 3910.93 3912.81 3913.92 3914.83 3915.41 3915.36 3915.32 3914.61 3913.42 3911.82 3909.67 3907.61 3906.42 3907.09 3908.09 3909.4 3909.65 3910.1 3910.32 3910.69 3911.45 3913.32 3916.38 3919.16 3922.97 3929.79 3941.03 3956.79 3989.4 4028.4 4071.05 4113.09 4157.2 4212.52 4194.56 4150.11 4096.2 4038.79 3979.6 3918.71 3859.53 3795.45 3730.92 3676.64 3644.26 3617.37 3590.48 3563.14 3537.84 3519.27 3512.94 3513.96 3516.74 3521.18 3523.99
3849.8 3852.46 3858.22 3868.63 3871.67 3875.41 3881.06 3886.97 3892.24 3895.79 3901.53 3907.62 3911 3913.39 3915.04 3916.23 3917.11 3917.38 3917.58 3917.42 3916.71 3915.67 3914.29 3913.04 3912.55 3913.14 3914.04 3914.44 3914.88 3915.08 3914.54 3913.88 3913.77 3914.81 3916.97 3918.11 3920.49 3925.42 3934.34 3949.52 3979.36 4016.64 4057.27 4095.03 4133.5 4180.44 4179.87 4155.16 4119.65 4079.44 4039.4 3996.28 3942.28 3874.57 3805.18 3744.68 3708.58 3676.5 3643.91 3611.12 3580.96 3558.29 3548.72 3547.28 3548.13 3550.94 3550.41
3849.88 3853.41 3859.32 3868.07 3873.57 3878.71 3884.19 3889.14 3892.85 3895.83 3900.31 3906.13 3910.84 3914.17 3916.43 3918.1 3919.26 3919.91 3920.37 3920.62 3920.47 3920.14 3919.6 3919.02 3919.51 3919.83 3920.84 3921.64 3921.77 3921.1 3919.39 3917.47 3915.9 3915.05 3915.83 3916.52 3918.6 3922.03 3929.54 3942.77 3969.62 4003.01 4039.26 4072.04 4103.14 4148.95 4161.23 4151.67 4133.84 4111.86 4089.92 4066.57 4021.38 3954.07 3887.94 3829.26 3785.2 3745.16 3706.53 3668 3630.56 3603.93 3593.09 3589.77 3588.69 3588.75 3584.83
3850.75 3853.89 3859.25 3867.11 3875.34 3882.12 3887.62 3891.82 3894.4 3897.51 3901.4 3906.63 3911.56 3915.33 3918.09 3920.14 3921.66 3922.77 3923.66 3924.31 3924.86 3925.07 3925.11 3924.85 3924.87 3926.37 3928.28 3930.24 3930.42 3927.59 3924.15 3920.84 3917.79 3915.08 3913.1 3914.94 3917.39 3920.66 3925.34 3935.86 3959.43 3988.74 4019.23 4045.79 4073.83 4124.73 4140.17 4142.07 4137.84 4131.19 4123.48 4111.3 4079.88 4021.36 3963.7 3915.27 3864.49 3817.13 3775.64 3735.13 3692.08 3659.93 3647.54 3642.34 3639.05 3636 3628.67
3852.37 3854.47 3859.41 3868.55 3878.86 3886.26 3891.52 3896.33 3900.65 3903.23 3905.28 3909.45 3914.24 3917.95 3920.74 3922.97 3924.66 3925.92 3927.18 3928.3 3929.32 3930.24 3930.92 3931.04 3931.63 3933.09 3935.33 3937.71 3938.3 3933.03 3928.44 3924.24 3920.41 3916.9 3914.81 3915.39 3916.97 3918.48 3920.62 3928.33 3949.41 3975 4001.73 4023.9 4045.84 4091.26 4114.97 4127.6 4134.2 4138.91 4141.14 4137.52 4118.22 4070.4 4020.05 3974.38 3926.64 3884.44 3847.82 3812.4 3775.19 3734.18 3714.38 3704.93 3698.74 3692.57 3684.39
3854.66 3855.92 3860.59 3870.71 3882.39 3889.05 3894.46 3900.72 3907.53 3912.07 3911.41 3914.77 3918.46 3921.26 3923.52 3925.73 3927.49 3929.11 3930.83 3932.3 3933.97 3935.64 3937.06 3937.96 3938.3 3939.55 3941.75 3942.25 3940.18 3936 3931.36 3926.99 3923.22 3919.98 3917.83 3917.13 3917.51 3917.53 3917.53 3923.56 3940.78 3961.69 3984.64 4003.57 4020.68 4057.58 4087.74 4108.61 4124.24 4136.75 4145.97 4148.57 4137.78 4101.95 4058.49 4013.86 3974.55 3945.33 3919.76 3893.48 3860.7 3813.75 3789.06 3776.84 3768.71 3759.4 3750.22
3857.34 3858.55 3862.6 3870.2 3879.67 3887.3 3894.86 3903.18 3911.13 3916.96 3922.83 3922.87 3923.9 3925.55 3927.21 3928.83 3930.67 3932.39 3934.24 3936.16 3938.16 3940.54 3942.97 3945.17 3947.19 3948.59 3948.8 3946.38 3942.21 3937.95 3933.32 3928.95 3925.32 3922.82 3920.79 3919 3918.71 3919.83 3926.56 3924.38 3935.08 3949.74 3964.03 3980.57 3998.24 4029.54 4062.74 4088.82 4110.79 4129.77 4143.93 4150.17 4143.93 4122.33 4089.29 4050.8 4017.39 4002.35 3989.59 3973.75 3945.7 3893.52 3867.86 3854.16 3846.06 3836.14 3824.38
3859.46 3860.37 3863.13 3867.83 3873.69 3882.92 3893.32 3904.04 3914.91 3924.81 3927.68 3928.1 3927.97 3928.35 3929.12 3930.97 3932.52 3934.22 3936.4 3938.71 3940.64 3943.82 3947.45 3951.6 3956.32 3960.68 3955.93 3950.52 3944.9 3939.57 3934.61 3930.13 3926.45 3923.97 3921.9 3920.09 3919.34 3919.03 3919.05 3924.5 3932.01 3942.05 3952.34 3965.86 3980.97 4008.73 4040.34 4069.44 4095.32 4118.51 4137.49 4150.5 4151.44 4142.78 4119.96 4089.34 4063.02 4058.94 4056.07 4048.89 4025.62 3972.9 3947.2 3934.42 3926.45 3920.04 3909.36
3860.74 3861.77 3863.18 3865.12 3868.18 3879.01 3890.88 3903.1 3915.52 3927.22 3929.63 3930.27 3930.02 3929.95 3930.33 3931.22 3932.76 3934.59 3936.49 3939.41 3942.58 3946.29 3950.49 3955.4 3960.68 3964.08 3960.14 3953.12 3946.02 3940.43 3935.49 3930.58 3926.31 3923.11 3921.52 3920.68 3920.1 3918.53 3916.67 3921.81 3929.63 3938.46 3947.69 3957.75 3968.98 3986.31 4020.65 4049.64 4077.73 4104.49 4129.37 4151.16 4167.76 4167.91 4150.34 4130.86 4115.57 4116.38 4116.66 4111 4089.24 4043.55 4021.63 4011.8 4008.68 4007.68 4004.55
3861.49 3862.76 3863.27 3864.13 3867.76 3876.62 3888.16 3900.49 3911.77 3919.85 3929.21 3930.86 3931.29 3931.27 3931.7 3932.64 3934.14 3935.1 3937.55 3940.56 3943.79 3947.44 3951.44 3956.03 3960.83 3965.72 3960.36 3953.34 3947.15 3941.82 3936.26 3930.8 3925.66 3921.3 3920.94 3922 3922.61 3921.66 3919.43 3920.57 3927.87 3936.97 3946.39 3952.46 3959.67 3971.1 4002.49 4031.24 4060.11 4088.88 4116.53 4143.69 4170.51 4180.36 4170.24 4165.58 4168.27 4171.32 4169.14 4157.84 4128.8 4096.88 4086.16 4083.16 4087.14 4095.68 4105.92
3861.95 3863.32 3863.07 3863.73 3866.76 3873.91 3884.79 3897.49 3909.89 3918.92 3927.14 3930.01 3930.85 3931.06 3931.79 3932.99 3934.15 3936.21 3938.58 3941.39 3944.35 3947.26 3950.73 3954.04 3956.61 3957.1 3954.46 3950.9 3946.88 3942.74 3936.9 3931.3 3926.05 3922.14 3922.88 3925.34 3927.12 3927.96 3926.08 3922.13 3928.21 3935.14 3943.4 3947.29 3952.21 3960.67 3987.35 4015.2 4043.16 4070.88 4097.45 4123.15 4147.61 4163.09 4167.98 4180.28 4200.94 4209.62 4208.65 4204.83 4179.14 4149.94 4142.71 4144 4154.24 4174.16 4201.43
3862.69 3862.26 3862.45 3862.86 3864.46 3870.09 3880.65 3893.83 3908.54 3920.7 3927.98 3927.92 3929.08 3930.31 3931.05 3932.34 3934.23 3936.51 3938.92 3941.33 3943.52 3946.46 3949.18 3951.22 3951.66 3949.35 3947.71 3947.66 3945.68 3942.25 3937.33 3932.31 3927.76 3924.9 3926.84 3930.5 3933.47 3934.54 3931.75 3926.53 3928.78 3932.15 3936.83 3942.93 3948.78 3956.36 3977.25 4002.33 4027.57 4051.26 4073.78 4093.72 4110.74 4124.93 4144.03 4169.17 4197.4 4214.26 4221.7 4234.29 4227.46 4199.52 4187.05 4188.67 4203.18 4230.67 4270.66
3865.08 3863.57 3863.33 3862.7 3862.15 3865.8 3875.58 3887.76 3901.68 3914.21 3920.38 3921.77 3924.05 3926.36 3928.43 3930.17 3932.58 3935.15 3937.45 3939.75 3942.54 3945.17 3947.3 3948.81 3949.09 3947.32 3946.1 3946.47 3944.83 3941.33 3937.83 3933.34 3930.29 3929.7 3932.08 3936.71 3941.28 3942.44 3937.65 3931.27 3928.68 3930.66 3934.48 3940.71 3947.14 3954.26 3971.47 3992.48 4013.25 4032.36 4049.8 4062.93 4073.23 4083.37 4108.78 4140.37 4170.46 4191.3 4201.92 4212.71 4228.34 4219.33 4208.16 4211.62 4228.46 4258.91 4300.07
3870.65 3867.82 3867.67 3865.23 3862.56 3863.59 3870.8 3879.89 3889.78 3900.59 3906.74 3912.98 3917.49 3921.01 3924.18 3926.79 3929.84 3932.9 3935.81 3938.34 3941.32 3943.79 3945.95 3947.39 3948.28 3948.72 3949.09 3947.06 3944.42 3943.13 3937.74 3933.53 3931.35 3932.25 3936.21 3942.53 3949.92 3956.02 3951.09 3937.01 3931.16 3931.91 3934.98 3940.06 3946.37 3953.39 3968.04 3986.39 4002.52 4016.98 4028.61 4037.32 4042.5 4048.66 4073.4 4106.14 4135.94 4156.62 4162.56 4166.07 4191.06 4200.95 4202.17 4211.08 4228.91 4256.8 4291.51
3881.74 3879.09 3877.09 3871.85 3866.55 3864.25 3867.43 3872.92 3879.02 3887.04 3897.71 3905.18 3910.99 3915.54 3919.47 3923.05 3926.5 3929.83 3933.05 3936.36 3939.22 3941.66 3944.01 3945.79 3947.34 3948.65 3950.3 3946.38 3942.54 3937.53 3934.85 3933.05 3931.32 3932.05 3938.33 3946.03 3955.04 3965 3959.66 3944.96 3936.97 3934.65 3935.6 3939.41 3946.27 3955.3 3970.45 3984.24 3994.87 4004.64 4012.03 4017.44 4020.43 4025.32 4045.29 4074.54 4100.12 4115.79 4119.84 4120.31 4144.09 4164.41 4177.33 4191.3 4208.96 4230.56 4253.77
3898.98 3898.36 3889.56 3880.38 3871.89 3865.54 3865.7 3868.3 3872.2 3878.94 3890.1 3898.9 3904.88 3909.75 3914.05 3918.24 3922.27 3926.37 3930.04 3933.58 3936.67 3939.5 3941.89 3944.08 3945.7 3946.23 3945.18 3943.96 3941.23 3937.32 3934.99 3933.85 3933.38 3934.98 3940.06 3946.69 3953.64 3959.42 3955.67 3945.36 3940.42 3936.7 3935.89 3939 3946.89 3957.62 3971.61 3982.89 3989.69 3995.5 4000.29 4003.82 4006.18 4011.21 4026.23 4050.08 4071.19 4083.86 4085.51 4083.31 4102.66 4125.78 4143.79 4160.56 4176.49 4191.69 4205.36
3907.92 3911.59 3895.39 3885.57 3875.94 3868.26 3865.57 3866.26 3868.73 3875.13 3887.27 3894.84 3900.05 3905.02 3909.86 3914.49 3919 3923.03 3926.93 3930.9 3934.29 3937.26 3939.86 3942.14 3943.75 3944.5 3944.23 3943.88 3941.47 3938.37 3936.54 3935.93 3935.88 3937.62 3941.2 3945.59 3949.21 3949.78 3948.73 3944.58 3940.93 3938.3 3939.47 3944.01 3950.64 3959.56 3970.03 3979.5 3984.65 3988.82 3992.16 3994.83 3997.61 4002.47 4013.98 4032.97 4050.93 4062.82 4062.49 4059.48 4070.89 4091.6 4110.03 4126.07 4139.5 4149.45 4156.13
3884.33 3888.72 3888.06 3883.94 3877.43 3870.1 3866.65 3866.72 3868.79 3874.38 3883.67 3890.01 3894.93 3900.11 3905.28 3910.17 3915.23 3920.09 3924.45 3928.37 3931.93 3935.1 3938 3940.17 3941.96 3943.19 3945.23 3944.23 3942.04 3940.56 3940.04 3939 3937.58 3938.74 3942 3944.9 3946.42 3945.8 3945.14 3943.31 3941.29 3941.1 3944.21 3949.96 3954.66 3960.61 3968.1 3975.16 3980.06 3983.92 3986.94 3989.97 3993.23 3997.74 4006.63 4022.27 4037.48 4047.67 4045.5 4038.81 4046.48 4063.18 4080.03 4093.71 4103.66 4108.93 4111.37
3859.19 3868.04 3879.83 3882.61 3880.04 3873.54 3869.31 3869.09 3871.03 3876.57 3879.35 3883.99 3890.03 3895.88 3901.33 3907.18 3912.18 3916.92 3921.37 3925.51 3929.32 3932.86 3935.99 3938.66 3940.57 3941.46 3940.67 3940.1 3942.18 3943.37 3945.04 3942.61 3941.34 3941.77 3943.73 3945.37 3946.22 3945.44 3944.46 3942.45 3940.46 3941.32 3946.26 3951.81 3955.81 3960.03 3965.08 3971.56 3976.63 3980.66 3984.15 3987.98 3991.84 3996.36 4003.44 4016.72 4029.01 4036.98 4033.17 4023.16 4029.75 4042.14 4054.92 4065.49 4071.78 4073.99 4072.82
3846.36 3859.79 3878.72 3890.52 3885.38 3877.45 3872 3871.99 3873.12 3873.01 3875.94 3879.84 3886.14 3892.5 3898.23 3904.16 3909.77 3914.68 3919.41 3923.74 3927.87 3931.71 3934.79 3937.65 3939.85 3941.21 3941.3 3941.81 3943.68 3944.64 3944.87 3944.77 3944.91 3945.36 3946.06 3946.96 3947.61 3947.98 3945.52 3943.2 3941.12 3942.4 3947.39 3952.09 3955.55 3958.82 3961.68 3969.06 3974.01 3978.59 3982.66 3987.37 3992.4 3998.26 4006.54 4016.21 4023.92 4028.4 4023.9 4014.48 4018.69 4027.04 4036.1 4043.22 4046.48 4046.97 4043.61
3843.36 3860.5 3881.86 3893.3 3889.91 3880.87 3873.59 3873.39 3874.34 3873.34 3874.87 3877.71 3884.11 3890.26 3896.35 3902 3907.73 3912.87 3917.86 3922.5 3927.08 3931.03 3934.76 3937.79 3940.37 3942.58 3944.08 3945.99 3946.36 3946.31 3945.43 3946.55 3947.87 3948.27 3948.54 3948.92 3949.05 3948.33 3947.14 3945.47 3944.68 3946.24 3949.03 3951.93 3954.96 3958.25 3962.02 3966.58 3972.15 3976.96 3981.62 3987.01 3993.07 4000.08 4009.62 4016.06 4019.98 4021.77 4018.12 4010.4 4011.66 4017 4023.07 4027.86 4030.09 4029.88 4026.88
