real_craters/C189-1000m.grd
DSAA
101 101
-50.25 50.25
-50.25 50.25
2873.5085756006 4897.7411652315
[rows 0 to 29 of 101, columns 0 to 66 of 101]
4410.92 4411.61 4419.67 4414.03 4412.34 4425.73 4402.18 4394.86 4377.25 4365.51 4363.6 4363.05 4360.81 4360.21 4363.98 4354.11 4337.14 4318.22 4306.73 4302.08 4298.5 4294.77 4302.59 4320.69 4339.07 4351.65 4346.78 4342.67 4336.23 4332.94 4353.67 4360.77 4354.85 4355.55 4368.73 4364.73 4369.11 4343.53 4358.99 4360.37 4360.17 4353.27 4353.64 4362.02 4366.03 4368.92 4360.17 4359.87 4363.32 4366.84 4368.02 4368.91 4367.48 4364.18 4358.78 4349.82 4340.08 4337.89 4337.59 4339.48 4334.64 4328.74 4319.47 4312.55 4310.15 4305.77 4302.61
4400.11 4402.59 4411.89 4408.82 4426.16 4392.44 4387.15 4380.14 4365.96 4359.02 4354.6 4355.88 4351.74 4353.05 4360.7 4350.57 4336.27 4319 4306.7 4300.82 4295.22 4305.68 4308.91 4320.39 4332.85 4338.33 4335.31 4351.09 4356.49 4346.11 4353.68 4357.67 4351.8 4352.31 4360.08 4373.05 4375.72 4341.98 4352.37 4357.84 4363.22 4369.01 4363.53 4368.56 4370.5 4372.54 4370.09 4361.63 4363.51 4363 4362.66 4360.88 4360.03 4360.76 4352.66 4349.81 4344.07 4339.61 4334.27 4332.07 4331.61 4335 4333.45 4315.84 4313.68 4306.46 4305.34
4385.08 4385.32 4386.9 4394.77 4410.08 4377.39 4374.66 4366.41 4356.45 4355.87 4353.15 4349.77 4351.17 4357.4 4355.12 4349.55 4340.68 4329.75 4323.37 4311.25 4303.24 4321.72 4325.24 4329.51 4329.67 4337.59 4345.86 4365.46 4379.11 4357.69 4371.93 4368.22 4355.74 4359.53 4360.83 4369.38 4374.7 4351.81 4375.06 4388.46 4380.46 4386.88 4377.84 4373.57 4371.89 4369.37 4361.71 4361.01 4358.11 4359 4358.93 4357.79 4355.78 4357.05 4354.44 4349.38 4349.95 4347.84 4341.48 4332.59 4330.72 4337.18 4333.63 4325.98 4325.76 4319.82 4319.99
4379.12 4378.88 4374.16 4376.4 4396.89 4375.39 4373.32 4365.8 4360.12 4359.6 4361.28 4354.71 4349.4 4347.67 4350.9 4348.76 4346.35 4346.75 4350.4 4335.56 4320.95 4353.48 4360.74 4346.86 4342 4345.39 4350.06 4372.21 4374.28 4356.15 4367.23 4367 4359.07 4364.05 4364.5 4377.54 4388.94 4357.45 4347.85 4402.67 4447.51 4393.71 4389.02 4377.54 4374.43 4371.94 4360.18 4357.37 4357.2 4357.18 4357.14 4358.03 4360.87 4357.93 4352.84 4349.38 4354.44 4355.55 4346.41 4339.65 4337.11 4345.02 4346.68 4340.83 4343.44 4328.48 4333.01
4368.83 4373.98 4375.34 4375.55 4395.28 4378.46 4374.72 4368.34 4369.77 4367.89 4361.22 4356.41 4348.06 4344.4 4345.04 4346.1 4347.52 4351.41 4354.97 4344.76 4336.45 4353.6 4356.58 4344.46 4340.82 4351.36 4364.63 4382.4 4368.64 4349.36 4351.4 4362.37 4358.14 4365.16 4378.5 4390.38 4486.27 4438.93 4311.38 4354.77 4429.62 4395.58 4398 4378.42 4378.53 4381.88 4365.35 4356.49 4356.08 4356.07 4356.4 4356.57 4356.46 4354.94 4348.2 4351.93 4355.66 4354.97 4358.56 4357.82 4358.72 4367.28 4367.28 4353.47 4338.2 4334.95 4346.71
4370.86 4373.17 4381.82 4379.1 4402.21 4383.43 4370.55 4369.91 4373.79 4372.35 4364.21 4359.15 4358.18 4347.93 4344.17 4344.48 4344.48 4344.3 4346.55 4353.62 4338.62 4336.41 4345.95 4345.71 4353.81 4368.01 4378.19 4370.15 4351.94 4346.54 4359.89 4374.57 4363.7 4374.65 4385.54 4406.21 4442.51 4474.45 4310.1 4373.47 4459.76 4396.57 4400.06 4384.45 4380.97 4385.03 4375.69 4362.29 4356.97 4355.92 4355.6 4355.9 4359.36 4357.63 4354.43 4359.19 4362.28 4366.43 4372.28 4379.9 4390.64 4386.89 4378.73 4365.08 4347.78 4345.12 4358.48
4379.33 4371.35 4373.82 4379.78 4401.43 4379.86 4368.64 4371.2 4377.34 4375.3 4370.49 4369.2 4366.23 4357.27 4348.16 4344.98 4342.75 4339.59 4335.64 4333.64 4327.17 4328.3 4341.43 4343.34 4343.78 4345.03 4354.49 4346.29 4338.52 4351.01 4379.3 4379.43 4371.29 4371.63 4388.77 4394.85 4342.23 4470.31 4410.95 4398.18 4404.07 4393.67 4389.91 4382.04 4379.7 4384.22 4374.62 4361.63 4357.89 4356.57 4355.65 4355.34 4354.85 4356.48 4358.24 4366.42 4368.07 4372.19 4381.64 4388.56 4390.23 4384.6 4379.01 4377.26 4368.91 4355.6 4359.94
4380.93 4375.14 4372.81 4377.29 4403.65 4378.03 4369.08 4377.37 4380.28 4377.69 4374.65 4371.95 4364.52 4358 4351.68 4345.65 4340.63 4336.22 4329.13 4320.85 4316.52 4324.75 4335.81 4335.71 4339.69 4329.63 4332.74 4336.48 4335.82 4364.36 4382.63 4368.17 4363.74 4374.26 4383.98 4390.94 4345.61 4401.95 4399.66 4388.49 4387.8 4382.73 4386.83 4382.57 4378.39 4379.81 4364.57 4360.82 4359.89 4359.05 4358.7 4357.83 4356.68 4356.09 4355.78 4358.52 4367.52 4379.12 4384.97 4387.08 4381.19 4380.4 4376.45 4380.31 4376.82 4357.79 4357.64
4388.79 4376.26 4376.57 4371.75 4390.04 4375.4 4375.4 4378.6 4383.79 4377.7 4370.39 4363.7 4370.96 4361.99 4354.4 4349.58 4344.38 4338.15 4335.17 4333.52 4321.64 4319.06 4326.69 4323.95 4316.44 4322.3 4321.21 4322.02 4344.22 4362.23 4358.75 4349.95 4348.54 4370.33 4372.73 4372.62 4364.03 4377.62 4382.04 4384.85 4381.89 4387.12 4377.81 4380.94 4373.48 4362.3 4358.21 4361.49 4363.23 4362.63 4361.31 4359.94 4358.9 4357.11 4355.93 4357.94 4367.5 4374.44 4381.97 4386.14 4376.94 4373.1 4368.91 4370.93 4363.56 4357.31 4353.71
4388.25 4383.6 4380.47 4373.48 4379.65 4373.28 4376.23 4379.73 4383.07 4377.96 4366.57 4364.94 4366.38 4361.65 4357.44 4352.41 4346.07 4339.87 4333.79 4324.91 4325.49 4314.36 4316.88 4326.67 4321.51 4315.12 4321.42 4328.21 4348.38 4347.49 4348.74 4340.58 4344.38 4363.55 4363.04 4355.28 4424.2 4372.67 4376.88 4379.34 4378.37 4374.64 4377.09 4378.62 4374.61 4367.31 4360.1 4365.6 4366.55 4365.97 4364.21 4361.38 4359.23 4358.13 4358.59 4363.08 4367.77 4370.25 4378.54 4385.66 4374.96 4370.18 4368.03 4365.79 4363.37 4358.03 4352.11
4386 4382.44 4380.71 4384.54 4391.16 4373.5 4369.61 4382.84 4386.92 4383.11 4377.19 4372.24 4365.99 4366.22 4360.9 4354.84 4349.53 4345.83 4339.99 4338.06 4334.06 4313.6 4320.76 4317.75 4334.04 4327.74 4331.34 4320.13 4324.93 4334.2 4356.24 4334.86 4331.2 4344.05 4357.19 4360.91 4364.84 4383.72 4373.43 4367.69 4367.65 4369.31 4373.02 4374.8 4373.82 4361.26 4367.3 4370.92 4372.68 4371.72 4369.01 4366.02 4363.68 4361.23 4363.43 4363.69 4367.84 4371.49 4379.26 4390.22 4374.94 4369.56 4361.71 4357.76 4361.58 4351.92 4352.28
4385.97 4379.21 4380.68 4386.47 4399.48 4379.92 4374.05 4374.78 4380.69 4381.57 4380.56 4365.66 4365.52 4361.44 4360.09 4356.6 4353.88 4353.64 4355.07 4356.03 4334.93 4330.67 4319.92 4318.28 4325.05 4330.8 4334.7 4324.46 4321.42 4347.4 4364.84 4336 4329.89 4339.53 4354.84 4372.25 4379.08 4374.01 4370.81 4364.36 4363.28 4360.14 4365.57 4370.74 4366.69 4370.22 4382.29 4381.45 4389.36 4388.05 4380.04 4370.77 4373.08 4378.26 4373.51 4369.7 4367.86 4370.98 4373.84 4374.97 4367.21 4361.01 4355.22 4354.78 4357 4347.69 4352.84
4386.76 4394.07 4384.43 4381.04 4379.58 4379.33 4372.95 4371.51 4373.39 4370.1 4365.46 4365.44 4364.06 4358.82 4355.57 4355.03 4354.51 4356.79 4360.72 4362.09 4342.11 4333.68 4325.56 4321.5 4315.56 4318.26 4329.91 4323.1 4326.79 4341.23 4352.4 4327.4 4328.95 4338.61 4360.03 4375.32 4361.59 4365.67 4367.4 4358.57 4356.94 4358.4 4360.27 4371.18 4370.27 4389.94 4407.56 4415.8 4422.1 4414.31 4400.17 4382.76 4387.63 4392.27 4384.44 4373.2 4372.97 4369.75 4367.01 4362.17 4356.94 4349.04 4349.83 4352.09 4357.03 4353.5 4352.72
4388.07 4384.2 4378.61 4374.24 4380.15 4389.04 4377.23 4373.39 4369.59 4363.85 4358.58 4354.42 4350.23 4347.05 4348.96 4352.09 4353.26 4354.92 4355.28 4344.1 4334.89 4327.02 4320.21 4323.82 4324.15 4313.36 4313.89 4318.54 4328.91 4327.12 4331.65 4323.2 4335.93 4356.28 4373.98 4370.93 4362.52 4352.28 4348.74 4355.52 4358 4363.98 4364.53 4378.46 4384.98 4407.01 4425.69 4465.32 4462.85 4441.6 4425.88 4415.42 4406.89 4408.77 4396.28 4375.95 4371.05 4365.21 4359.16 4354.39 4347.2 4344.6 4346.69 4348.32 4358.45 4354.04 4355.83
4391.36 4378.57 4375.12 4384.26 4379.04 4382.63 4376.75 4369.23 4364.95 4363.46 4357.54 4348.74 4341.27 4344.07 4346.78 4346.86 4347.89 4348.22 4346.85 4336.48 4333.61 4321.78 4313.14 4318.66 4310.5 4312.74 4313.86 4303.49 4300.91 4306.11 4314.71 4322.93 4337.66 4349.15 4355.02 4369.18 4351.46 4343.84 4340.97 4349.97 4360.09 4369.7 4377.99 4381.67 4396.59 4417.19 4432.53 4470.64 4472.71 4453.67 4439.46 4429.78 4414.6 4406.77 4395.68 4388.96 4367.21 4358.26 4350.59 4344.75 4339.66 4342.76 4347.45 4353.27 4360.8 4361.3 4359.98
4393.92 4386.63 4383.34 4404.92 4385.11 4375.9 4368.1 4356 4357.41 4357.31 4354.77 4349.91 4338.52 4338.47 4339.37 4343.82 4343.4 4341.79 4340.62 4341.46 4330.79 4312.27 4304.31 4303.79 4307.05 4310.84 4307.23 4300.39 4296.3 4304.22 4315.19 4325.35 4333.64 4341.96 4357.02 4364.11 4353.86 4353.66 4354.3 4363.68 4373.09 4385.17 4401.08 4414.02 4421.82 4426.38 4436.22 4453.07 4457.81 4449.61 4434.8 4420.95 4408.9 4394.46 4380.72 4369.97 4353.52 4349.76 4346.15 4339.58 4336.61 4338.78 4350.47 4359.56 4380.4 4377.1 4368.06
4386.93 4387.13 4378.36 4393.7 4376.67 4366.74 4363.27 4352.43 4358.1 4357.81 4355.37 4345.03 4337.51 4341.2 4345.97 4341.5 4336.79 4331.99 4329.09 4333.76 4325.68 4311.33 4307.88 4304.47 4304.92 4311.13 4311.01 4307.75 4307.73 4312.02 4320.05 4325.5 4326.72 4342.5 4357.65 4358.89 4361.59 4366.73 4370.51 4377.47 4387.27 4401.58 4414.75 4432.97 4441.67 4438.72 4439.8 4448.35 4449.79 4442.69 4428.35 4413.91 4400.83 4384.45 4367.57 4354.76 4343.47 4342.63 4341.89 4339.98 4335.42 4335.73 4345.63 4363.17 4382.73 4382.14 4378.26
4374.08 4372.39 4374.44 4396.77 4376.63 4370.76 4368.11 4356.78 4367.68 4379.88 4365.06 4352.03 4346.39 4346.9 4348.08 4340.76 4333.7 4327.01 4321.18 4331.26 4332.88 4320.92 4314.58 4311.03 4307.58 4310.71 4311.85 4314.51 4316 4323.99 4324.01 4323.33 4327.41 4342.19 4356.43 4357.02 4373.95 4385.96 4384.83 4396.8 4409.84 4416.12 4426.57 4453.57 4464.89 4452.58 4450.18 4452.08 4450 4439.38 4425.88 4409.87 4394.35 4378.63 4362.09 4346.39 4339.16 4337.61 4339.58 4341.58 4339.98 4334.44 4341.58 4368.15 4399.55 4393.41 4382.12
4346.22 4347.08 4360.15 4390.22 4376.54 4372.84 4371.22 4366.3 4373.74 4386.3 4366.1 4350.52 4351.98 4346.6 4344.92 4337.19 4329.9 4323.43 4320.84 4325.01 4320.28 4318.38 4311.62 4313.02 4314.15 4311.2 4312.7 4315.24 4323.71 4323.24 4324.88 4324.25 4327.83 4338.06 4358.1 4382.48 4392.5 4405.55 4408.32 4413.86 4418.68 4424.43 4441.55 4447.32 4451.35 4447.07 4454.85 4454.34 4450.12 4433.84 4419.05 4404.36 4389.58 4374.53 4359.15 4344.16 4332.81 4342.39 4344.41 4344.36 4336.7 4334.72 4348.17 4381.08 4409.1 4407.68 4388.58
4346.6 4346.75 4344.13 4360.89 4364.58 4371.29 4367.22 4366.7 4366.86 4364.41 4358.29 4350.89 4348.98 4344.05 4337.79 4331.81 4326.41 4321.37 4318.34 4310.19 4318.5 4320.31 4311.82 4311.2 4313.44 4311.91 4308.47 4312.83 4338.45 4326.45 4326.01 4325.12 4326.76 4336.39 4355.77 4384.11 4398.48 4414.42 4417.02 4431.69 4426.82 4434.53 4455.98 4458.81 4453.86 4449.79 4450.8 4450.86 4448.22 4429.66 4407.54 4399.65 4389.07 4374.56 4357.42 4352.08 4349.53 4357.13 4362.51 4358.93 4343.66 4343.88 4361.08 4380 4392.83 4393.94 4392.02
4348.75 4347.47 4342.97 4360.37 4352.89 4352.58 4358.25 4361.32 4358.53 4351.89 4344.47 4341.07 4338.4 4334.35 4330.27 4326.59 4322.96 4317.88 4314.98 4317.33 4315.34 4312.16 4313.1 4316.98 4313 4310.4 4309.6 4312.76 4327.99 4330.01 4340.27 4334.15 4330.71 4333.78 4370.19 4380.6 4396.12 4417.08 4434.81 4430.39 4437.47 4435.27 4447.88 4459.98 4452.89 4435.29 4438.21 4440.86 4440.89 4427.59 4414.48 4405.9 4395.9 4384 4373.6 4373.2 4380.47 4391.83 4385.51 4375.42 4360.3 4364.68 4375.66 4382.85 4390.48 4398.33 4400.37
4348.73 4347.41 4343.45 4358.07 4340.52 4338.78 4336.03 4346.66 4346.47 4338.45 4333.63 4329.12 4330.67 4334.85 4331.79 4328.08 4322.89 4316.09 4311.87 4312.96 4314.33 4315.58 4315.07 4320.79 4319.9 4324.24 4316.13 4312.11 4317.35 4329.6 4359.8 4353.47 4330.1 4330.51 4388.62 4381.18 4402.15 4419.84 4420.12 4420.27 4422.87 4423.69 4428.55 4439.19 4430.22 4430.83 4431.22 4431.84 4426.08 4428.72 4432.29 4419.73 4408.28 4398.01 4390.24 4392.59 4404.63 4412.62 4396.36 4375.83 4373.98 4383.63 4392.46 4383.4 4390.54 4406.48 4405.89
4345.65 4347.4 4341.21 4354.83 4341.89 4336.18 4333.44 4335.35 4334.84 4332.63 4330.87 4328.96 4332.13 4339 4335.14 4331.4 4326.03 4319.14 4316.35 4317.01 4316.91 4319.2 4321.36 4319.43 4312.62 4310.19 4314.79 4312.31 4318.63 4322.1 4334.53 4335.86 4329.44 4324.5 4400.1 4374.2 4399.42 4412.77 4407.44 4408.9 4408.44 4413.41 4414.88 4419.09 4418.96 4445.16 4434.16 4435.06 4433.4 4437.7 4441.66 4432.11 4421.7 4412.4 4406.03 4408.3 4418.47 4416.05 4400.03 4382.86 4380.12 4391.47 4398.41 4385.4 4390.65 4398.67 4401.32
4347.18 4347.88 4341.5 4354.36 4340.52 4337.76 4332.46 4330.38 4327.51 4328.92 4333.75 4332.31 4330.38 4328.34 4333.6 4335.26 4329.15 4322.43 4318.08 4317.19 4318.11 4316.47 4316.91 4319.95 4318.38 4325.73 4321.91 4317.76 4315.95 4313.44 4316.17 4330.14 4336.99 4326.28 4392.22 4360.5 4386.67 4405.1 4407.73 4406.71 4400.95 4411.96 4415.8 4404.24 4425.93 4444.04 4440.53 4446.78 4450.69 4449 4445.12 4442.54 4435.63 4428.81 4424.78 4426.84 4431.45 4424.2 4406.29 4396.31 4388.92 4394.73 4387.08 4386.29 4391.16 4394.73 4397.28
4368.8 4350.54 4345.2 4339.73 4338.38 4335.72 4330.84 4328.38 4328.53 4326.99 4325.61 4326.85 4327.86 4328.49 4332.83 4336.56 4330.25 4323.77 4319.46 4318.73 4318.2 4317.38 4316.72 4322.88 4324.59 4328.59 4331.04 4329.01 4324.08 4314.14 4313.77 4323.78 4336.32 4329.59 4399.17 4355.2 4380.38 4390.95 4397.98 4407.78 4412.68 4415.69 4423.15 4420.21 4426.16 4439.83 4456.16 4464.79 4468.66 4464.9 4456.89 4454.14 4448.99 4443.86 4441.2 4441.44 4439.5 4426.43 4415.03 4405.9 4399.58 4390.96 4384.03 4389.13 4393.91 4395.55 4398.68
4372.22 4350.27 4351.4 4334.38 4335.51 4331.25 4328.32 4325.28 4324.98 4324.44 4325.48 4325.14 4327.09 4329.72 4331.34 4330.95 4330.81 4328.96 4328.36 4329.33 4328.65 4327 4333.87 4336.78 4338.72 4335.94 4337.46 4337.58 4325.96 4318.11 4316.14 4322.83 4336.78 4338.46 4387.53 4355.32 4369.89 4385.05 4388.85 4398.14 4409.58 4415.17 4416.9 4430.33 4475.81 4483.38 4487.06 4488.12 4481.35 4472.13 4476.29 4471.85 4465.3 4459.04 4453.85 4451.19 4443.11 4431.9 4427.34 4421.41 4405.16 4391.61 4390.14 4399.6 4398.15 4394.76 4396.33
4348.15 4336.49 4340.4 4337.71 4329.39 4327.1 4325.51 4322.41 4322.26 4322.58 4324 4329.78 4328.17 4330.33 4333.03 4332.78 4335.78 4339.51 4345 4349.51 4350.96 4350 4358.84 4360 4359.49 4356.69 4359.6 4352.46 4349.6 4331.6 4323.78 4323.11 4334.17 4334.08 4373.61 4355.29 4365.98 4379.9 4390.35 4389.38 4401.08 4424.14 4443.56 4481.81 4545.49 4539.84 4532.44 4513.56 4502.78 4500.11 4499.02 4495.32 4489.18 4480.98 4469.11 4454.32 4448.21 4437.6 4438.86 4426.72 4407.67 4397.63 4396.94 4402.12 4401.45 4401.28 4405.89
4330.7 4327.13 4323.62 4325.75 4328.82 4325.18 4321.86 4322.22 4320.63 4321.46 4322.88 4324.34 4326.77 4327.9 4328.58 4333.25 4342.56 4355.93 4368.76 4374.15 4379.08 4383.52 4392.37 4397.16 4394.23 4386.14 4377.4 4370.66 4362.11 4361.59 4342.15 4326.5 4330.39 4348.28 4360.03 4354.07 4370.35 4380.83 4395.4 4400.81 4417.11 4451.52 4487.81 4514.46 4534.25 4536.64 4527.85 4525.31 4522.51 4525.87 4520.34 4518.01 4513.35 4504.52 4491.04 4472.74 4461.84 4452.35 4438.53 4431.49 4425.94 4416.5 4405.26 4402.15 4403.45 4406.82 4407.56
4328.28 4326.13 4332.35 4326.81 4322.68 4322.34 4320.77 4319.36 4320.01 4320.59 4321.07 4323.55 4325.93 4327.04 4326.99 4333.08 4345.01 4366.52 4388.08 4397.42 4403.4 4411.26 4429.45 4442.39 4433.86 4421.42 4405.77 4394.68 4392.76 4392.09 4371.42 4343.83 4338.76 4349.8 4357.63 4360.03 4371.72 4380.74 4395.09 4413.18 4445.71 4480.95 4519.12 4546.98 4532.36 4510.66 4522.21 4538.49 4545.68 4536.44 4546.07 4543.18 4539.05 4534.93 4525.91 4508.97 4492.77 4471.09 4454.51 4445.9 4441.12 4427.61 4423.08 4408.26 4402.89 4407.61 4399.61
4332.75 4323.48 4337.82 4322.7 4321.96 4321.23 4320.25 4317.82 4320.86 4321.28 4321.76 4323.69 4327.35 4330.78 4328.96 4334.09 4341.4 4373.23 4407.62 4415.27 4423.47 4431.69 4447.21 4461.07 4455.88 4440.29 4422.94 4416.48 4411.39 4405.41 4381.61 4364.81 4351.19 4353.15 4356.12 4360.5 4371.64 4382.82 4395.64 4420.45 4460.06 4516.34 4538.73 4541.46 4521.7 4508.3 4541.22 4564.74 4578.88 4592.58 4575.86 4573.18 4575.68 4577.87 4576.56 4570.46 4557.49 4527.83 4494.16 4466.7 4451.19 4441.49 4428.65 4406.39 4398.78 4397.25 4399.02
