real_craters/C189-300m.grd
DSAA
587 587
-87.9375 87.9375
-87.9375 87.9375
2563.0478150371 4976.3069802699
[rows 180 to 209 of 587, columns 469 to 535 of 587]
4080.88 4078.93 4077.54 4077.01 4076.18 4071.72 4069.53 4069.36 4070.56 4072.31 4073.86 4075.65 4075.99 4076.02 4076.49 4076.52 4075.74 4074.65 4073.42 4071.57 4069.46 4067.49 4065.11 4062.86 4060.61 4058.22 4055.87 4053.42 4051.86 4049.46 4047.36 4042.13 4037.07 4032.55 4028.59 4024.89 4020.84 4020.65 4021.81 4023.27 4025.11 4026.22 4026.13 4024.95 4023.7 4021.96 4020.58 4019.38 4018.04 4016.18 4013.8 4011.49 4011.66 4010.24 4008.54 4008.49 4008.59 4008.46 4007.79 4005.37 4001.75 3999.85 3997.58 3994.15 3989.97 3985.38 3981.25
4079.76 4077.53 4075.66 4073.96 4071.84 4069.71 4068.21 4068.24 4070.68 4073.23 4075.27 4077.09 4077.59 4077.78 4077.41 4076.8 4075.67 4074.11 4072.62 4070.68 4068.52 4066.25 4064.03 4061.54 4059.27 4057.22 4055.42 4053.09 4050.2 4048.03 4046.42 4041.57 4037.04 4032.76 4028.8 4024.89 4020.76 4022.08 4024.49 4027 4029.31 4030.74 4028.2 4025.47 4023.69 4023.12 4021.88 4020.32 4018.63 4016.71 4014.55 4012.54 4013.45 4010.57 4008.63 4008.82 4008.66 4008.01 4006.55 4002.96 3997.58 3996.83 3995.19 3992.36 3988.8 3984.89 3981.7
4078.15 4075.81 4073.48 4070.87 4068.38 4068 4067.99 4068.85 4072.18 4075.23 4077.81 4079.16 4079.47 4079.43 4078.46 4077.22 4075.71 4073.97 4072.08 4070.03 4067.78 4065.4 4063.05 4060.43 4057.81 4055.74 4053.89 4051.34 4047.76 4045.26 4042.35 4040.12 4037 4033.22 4029.06 4025.18 4021.81 4025.46 4028.23 4030.4 4031.79 4031.29 4029.1 4026.8 4025.16 4024.22 4022.78 4021.2 4019.56 4017.86 4016.17 4015.2 4016.34 4013.39 4011.09 4010.4 4009.61 4008.26 4005.97 4002.79 3999.71 3996.76 3994.7 3992.08 3989.01 3985.59 3981.54
4076.48 4074.29 4071.96 4069.5 4067.58 4067.26 4068.45 4071.73 4075.16 4078.41 4080.61 4082.04 4081.27 4080.5 4079.68 4077.71 4075.61 4073.5 4071.06 4068.81 4066.43 4063.93 4061.37 4058.74 4055.93 4053.48 4051.88 4050.04 4047.99 4045.63 4041.96 4040.51 4038.36 4035.4 4032.22 4031.02 4030.74 4032.05 4032.93 4033.69 4033.43 4030.34 4029.32 4028.89 4027.16 4025.37 4023.81 4022.02 4020.55 4019.42 4017.83 4017.22 4018.04 4016.37 4014.42 4012.71 4011.33 4009.58 4006.81 4003.45 4000.19 3997.81 3995.56 3993.06 3990.42 3987.87 3986.27
4075.13 4073.25 4071.32 4069.35 4067.7 4069.16 4071.73 4075.04 4079.55 4082.67 4084.58 4085.66 4086.28 4083.81 4080.71 4077.99 4075.33 4072.91 4069.69 4067.26 4064.81 4062.27 4059.57 4056.88 4054.15 4051.17 4048.73 4049.01 4049.51 4048.81 4046.13 4043.57 4041.76 4039.76 4037.91 4039.03 4042.33 4038.99 4037.69 4036.95 4036.06 4032.5 4030.75 4029.76 4027.91 4026.67 4025.02 4022.21 4020.82 4020.1 4018.72 4018.34 4018.77 4017.95 4016.57 4014.73 4013.45 4012.07 4009.5 4005.52 4002.09 3999.76 3997.26 3994.71 3992.29 3990.25 3989.12
4074.32 4072.83 4071.54 4070.59 4070.94 4073.79 4079.2 4083 4086.45 4087.52 4087.91 4088.09 4088.14 4084.74 4080.79 4077.45 4074.41 4071.79 4069.13 4067.31 4064.75 4062.54 4059.99 4057.42 4054.42 4050.95 4048.23 4049.78 4050.99 4050.83 4048.35 4047.19 4046.42 4045.7 4046.54 4045.89 4043.3 4042.98 4041.74 4039.8 4037.04 4034.93 4032.28 4030.58 4026.94 4024.26 4021.99 4021.23 4020.93 4019.87 4019.48 4019.6 4019.78 4018.62 4016.79 4016.16 4015.53 4014.93 4013 4009.18 4005.62 4002.52 3999.53 3996.72 3994.22 3992.06 3990.6
4074.48 4073.47 4072.71 4072.43 4073.22 4076.09 4082.74 4091.09 4093.22 4091.31 4089.56 4088.28 4086.44 4083.36 4079.69 4076.48 4073.67 4071.24 4068.94 4067.78 4065.46 4063.47 4061.24 4059.08 4056.76 4053.89 4052.5 4053.84 4054.58 4054.08 4054.64 4053.11 4051.4 4050.42 4050.93 4050.99 4049.61 4048.01 4045.67 4042.96 4040.01 4036.7 4032.13 4027.38 4026.07 4022.19 4019 4021.85 4022.99 4022.69 4021.87 4022.18 4022.2 4020.36 4018.15 4017.78 4017.31 4016.62 4015.46 4013.58 4009.57 4005.48 4001.84 3998.66 3995.85 3993.44 3991.13
4075.3 4074.8 4074.37 4074.29 4074.73 4075.88 4078.24 4090.34 4094.74 4092 4088.62 4085.95 4084.39 4080.34 4077.56 4074.94 4072.78 4070.84 4069.17 4067.5 4066.04 4064.18 4062.58 4060.84 4059.6 4058.61 4058.41 4059.95 4063.16 4066.59 4063.92 4059 4055.2 4053.85 4054.04 4054.48 4054.84 4052.64 4049.06 4045.92 4043.15 4039.89 4035.08 4030.61 4029.97 4028.2 4026.7 4028.08 4027.89 4026.8 4025.96 4026.78 4025.86 4023.31 4021.17 4019.83 4019.28 4018.3 4017.2 4016.07 4011.91 4007.82 4004.11 4000.73 3997.73 3995.02 3992.39
4077.12 4077.04 4076.76 4076.58 4077.09 4077.14 4078.05 4088.54 4093.74 4089.71 4084.71 4080.52 4077.54 4075.71 4074.08 4072.63 4070.86 4069.6 4068.35 4067.06 4066.03 4064.47 4063.53 4062.81 4062.69 4063.23 4063.16 4064.04 4067.98 4072.63 4065.6 4058.94 4055.87 4055.76 4056.93 4056.79 4056.25 4054.33 4051.06 4048 4045.43 4043.54 4041.26 4038.01 4038.03 4039.27 4040.87 4038.32 4035.25 4032.62 4030.98 4031.99 4030.14 4026.44 4022.84 4021.63 4021.59 4021.1 4018.93 4015.55 4012.84 4009.4 4005.86 4002.51 3999.49 3996.83 3994.7
4079.9 4080.24 4080.12 4079.24 4077.65 4077.65 4081.7 4089.36 4090.73 4084.61 4078.55 4073.88 4071.52 4070.22 4070 4069.68 4068.55 4067.95 4067.29 4066.42 4065.93 4065.14 4064.63 4064.46 4064.41 4064.76 4064.35 4063.83 4063.96 4062.26 4057.18 4052.21 4054.08 4055.41 4056.87 4057.01 4056.49 4054.75 4051.58 4048.97 4047.13 4045.55 4043.89 4044.8 4046.56 4048.92 4050.83 4047.76 4043.37 4039.23 4036.59 4038.01 4035.1 4029.97 4024.76 4023.33 4023.91 4024.08 4021.28 4017.68 4014.12 4010.6 4007.24 4004 4000.99 3998.33 3996.34
4083.46 4084.7 4085.07 4084.33 4082.04 4081.59 4086.61 4087.17 4082.96 4077.65 4071.12 4065.69 4064.4 4065.22 4066.13 4066.84 4066.92 4067.05 4066.72 4066.6 4066.29 4066.14 4065.95 4065.76 4065.23 4064.15 4063.31 4061.57 4058.96 4054.66 4052.59 4051.36 4053.95 4055.95 4057 4056.3 4054.94 4053.02 4050.76 4048.92 4047.62 4046.87 4048.06 4052.01 4054.26 4056.48 4057.66 4055.74 4051.8 4047.28 4044.36 4045.5 4041.16 4034.27 4027.65 4024.84 4025.36 4025.53 4022.19 4018.88 4014.86 4011.51 4008.36 4005.3 4002.32 3999.45 3996.72
4087.8 4089.86 4091.87 4092.72 4091.83 4090.76 4091.66 4087.06 4079.12 4072.33 4065.22 4058.15 4059.01 4061.99 4063.87 4065.05 4065.97 4066.2 4066.64 4066.86 4066.89 4067.06 4066.78 4066.56 4066.35 4065.35 4062.88 4059.94 4056.66 4053.43 4053.06 4055.79 4055.6 4056.37 4056.92 4055.29 4052.95 4050.55 4049.45 4048.63 4047.94 4048.47 4053.71 4058.4 4060.96 4063.12 4064.45 4063.56 4061.05 4057.72 4056.08 4055.67 4048.7 4039.12 4029.73 4025.51 4025.28 4024.24 4020.45 4017.07 4014.7 4011.96 4009.26 4006.52 4003.71 4000.83 3997.66
4091.79 4095.29 4099.21 4102.93 4106.22 4107.21 4103.88 4093.34 4077.08 4069.8 4064.53 4057.76 4059.69 4062.21 4063.46 4064.43 4065.34 4065.72 4066.26 4066.82 4067.2 4067.53 4067.43 4067.19 4066.74 4065.76 4062.58 4059.28 4055.78 4052.83 4053.31 4056.58 4057.05 4056.94 4056.52 4054.51 4051.76 4049.15 4048.68 4048.74 4049.49 4052.12 4059.46 4063.43 4066.37 4068.82 4070.17 4070.74 4070.82 4070.74 4070.95 4068.98 4056.75 4043.8 4032.63 4026.22 4024.87 4023.1 4019.73 4016.81 4014.74 4012.58 4010.42 4008.16 4005.73 4003.13 4000.27
4095.33 4099.7 4105 4111.52 4119.15 4123.65 4112.66 4095.45 4075.17 4070.56 4070.29 4068.51 4065.94 4064.68 4064.2 4064.55 4065.14 4066.26 4067.19 4067.95 4068.31 4068.66 4068.63 4067.82 4066.14 4064.1 4062.13 4059.32 4055.76 4052.85 4053.21 4057.07 4057.63 4057.85 4056.4 4054.11 4051.5 4049.14 4048.83 4049.36 4050.79 4053.64 4058.68 4065.97 4070.16 4073.42 4076.38 4078.01 4078.56 4081.23 4081.37 4076.75 4062.07 4047.25 4033.35 4024.56 4023.21 4021.36 4018.3 4016.45 4015.1 4013.46 4011.91 4010.23 4008.44 4006.51 4004.54
4097.48 4101.86 4107.35 4114.53 4122.98 4127.61 4113.44 4093.76 4077.64 4073.32 4075.83 4078.8 4070.77 4066.81 4065.3 4065.18 4065.7 4066.48 4067.32 4068.6 4069.37 4070.27 4070.48 4069.6 4067.02 4064.6 4063.1 4060.22 4056.61 4053.12 4051.85 4054.71 4055.97 4056.97 4055.85 4053.98 4051.89 4050.12 4049.63 4050.05 4051.39 4054.16 4061.05 4068.46 4072.42 4076.04 4080.52 4082.51 4080.69 4081.08 4081.22 4075.56 4063.79 4049.81 4036.11 4026.33 4022.36 4020.21 4018.93 4016.92 4015.91 4015.05 4014.15 4013.15 4011.82 4010.59 4009.42
4098.03 4101.38 4105.94 4110.93 4116.82 4119.72 4107.33 4091.76 4079.93 4073.68 4072.15 4071.86 4068.67 4066.06 4064.79 4064.6 4065.29 4066.25 4067.38 4068.71 4070.1 4071.33 4072.36 4072.7 4072.1 4069.1 4065.98 4062.39 4058.59 4054.62 4051.95 4052.48 4053.83 4055.5 4055.26 4053.95 4052.48 4051.33 4050.8 4050.92 4051.77 4053.91 4062.75 4069.9 4072.55 4075.29 4078.42 4079.56 4077.43 4075.44 4074.97 4073.11 4064.97 4052.53 4039.06 4028.32 4023.21 4020.24 4017.64 4017.33 4017.3 4017.21 4017.05 4016.7 4016.14 4015.49 4014.77
4097.33 4098.82 4100.63 4102.35 4103.19 4100.46 4093.28 4084.4 4075.72 4068.55 4063.81 4062.6 4063.12 4062.95 4063.05 4063.41 4064.36 4065.6 4067.05 4068.7 4070.76 4072.42 4074.35 4075.83 4076.04 4073.17 4068.94 4064.98 4061.57 4058.98 4057.96 4057.2 4056.45 4055.9 4055.22 4054.1 4053.09 4052.37 4051.92 4051.96 4052.58 4054.41 4062.04 4068.05 4070.04 4072.07 4073.16 4073.01 4073.89 4072.03 4073.33 4075.94 4068.22 4056.2 4043.16 4032.81 4029.62 4023 4019.11 4019.08 4019.7 4020.26 4020.62 4020.87 4020.91 4020.8 4020.5
4094.94 4094.33 4093.35 4091.51 4088.05 4082.18 4076.81 4071.38 4065.54 4060.6 4056.9 4056.67 4058.42 4060.07 4061.16 4062.18 4063.6 4064.91 4066.64 4068.33 4070.43 4072.87 4075.28 4077.79 4079.05 4075.39 4070.71 4066.83 4063.78 4062.22 4062.05 4060.18 4058.42 4056.84 4055.62 4054.4 4053.55 4052.98 4052.83 4053.11 4053.87 4055.02 4057.57 4062.25 4066.31 4069.15 4070.62 4071.62 4075.46 4076.76 4080.93 4083.59 4073.08 4060.06 4047.8 4039.09 4034.24 4026.16 4022.31 4022.28 4023.29 4024.26 4025.08 4025.78 4026.24 4026.59 4026.89
4091.95 4089.3 4085.93 4081.44 4075.27 4067.13 4062.67 4060.01 4057.45 4055.11 4052.95 4053.58 4055.41 4057.74 4059.29 4060.67 4062.35 4063.98 4065.81 4067.58 4069.57 4071.91 4074.55 4077.48 4078.92 4075.28 4070.81 4067.06 4064.07 4061.94 4060.18 4058.99 4058.76 4057.45 4055.91 4054.74 4053.88 4053.56 4053.65 4054.03 4055.15 4056.51 4055.79 4058.66 4063.6 4067.81 4071.37 4075.18 4079.98 4082.57 4087.69 4089.08 4075.79 4062.35 4050.13 4040.91 4034.25 4028.29 4026.01 4026.64 4027.97 4029.11 4030.09 4031.04 4031.77 4032.5 4033.13
4088.77 4084.48 4079.47 4073.32 4066.04 4057.89 4053.73 4052.65 4052.42 4052.33 4051.91 4052.53 4054.06 4056.39 4057.93 4059.49 4061.28 4062.68 4064.42 4066.01 4067.85 4069.79 4071.94 4074.3 4075.15 4072.4 4069.02 4065.52 4062.71 4060.23 4058.3 4056.87 4056.47 4056.51 4055.51 4054.52 4053.76 4053.33 4053.41 4054.41 4055.77 4056.41 4055.77 4057.9 4062.49 4067.44 4072.45 4077.66 4080.38 4081.6 4083.81 4082.63 4073.74 4062.62 4050.88 4039.83 4034.63 4031.6 4031.28 4032.34 4033.39 4034.32 4035.14 4035.96 4036.83 4037.88 4038.95
4085.24 4079.88 4073.78 4067.33 4060.12 4052.93 4049.6 4050.13 4051.03 4051.11 4051.46 4052.42 4054.26 4056.21 4057.57 4059.08 4060.47 4061.6 4062.86 4064.08 4065.57 4066.8 4067.97 4069.08 4069.36 4067.76 4065.45 4062.93 4060.35 4058.02 4055.96 4054.81 4055.13 4055.38 4054.91 4054.36 4053.75 4053.09 4052.99 4054.75 4056.29 4056.55 4056.09 4058.26 4062.48 4067.17 4072.14 4076.74 4078.15 4078.59 4078.17 4075.52 4070.81 4062.65 4053.08 4044.1 4038.48 4037.8 4038.57 4039.39 4040.08 4040.72 4041.29 4041.93 4042.69 4043.61 4044.71
4081.45 4075.78 4069.9 4063.55 4057.35 4051.86 4049.54 4050.69 4052.38 4053.08 4053.36 4053.43 4054.89 4056.23 4057.55 4059.05 4060.54 4061.57 4062.07 4062.88 4063.43 4063.56 4063.56 4063.23 4063.29 4062.97 4061.91 4059.91 4057.87 4055.72 4053.85 4053.28 4054.62 4054.52 4054.44 4054.23 4054.1 4054.03 4054.46 4055.59 4056.99 4057.3 4057.22 4059.65 4062.8 4066.76 4070.82 4074.47 4076.96 4077.56 4076 4073.8 4069.91 4064.23 4057.14 4049.51 4045.75 4048.45 4047.93 4047.22 4046.67 4046.72 4046.83 4047.13 4047.68 4048.42 4049.3
4078.11 4072.71 4067.25 4061.4 4056 4051.98 4050.27 4051.5 4053.57 4054.65 4054.43 4054.58 4055.69 4056.71 4057.61 4058.52 4059.78 4060.42 4060.95 4061.34 4061.34 4060.89 4059.83 4058.12 4058.4 4058.95 4058.38 4057.02 4055.45 4053.81 4052.7 4052.21 4052.78 4053.26 4053.93 4054.29 4054.6 4055.08 4055.81 4056.23 4056.78 4057.14 4057.4 4059.86 4062.95 4066.24 4069.24 4071.41 4073.12 4072.83 4073.34 4072.42 4070.89 4067.5 4062.91 4058.18 4056.18 4059.21 4057.13 4054.86 4053.27 4052.31 4051.84 4051.57 4052.08 4052.65 4053.16
4075.03 4070.23 4065.44 4060.41 4055.83 4052.55 4051.26 4052.63 4055 4055.23 4055.23 4055.79 4056.92 4057.77 4058.34 4058.77 4059.23 4059.41 4059.45 4059.36 4059.2 4058.49 4057.38 4056.32 4055.94 4056.11 4055.56 4054.51 4053.36 4052.07 4051.14 4050.79 4051.53 4052.35 4053.27 4054.04 4054.94 4055.84 4056.68 4057.15 4056.5 4057.85 4059.28 4060.84 4063.36 4066.11 4068.27 4069.4 4070.12 4070.28 4072.55 4074.48 4073.99 4072.13 4069.27 4066.18 4066.76 4068.33 4064.53 4061.45 4059.29 4057.64 4056.76 4056.26 4055.75 4055.87 4056.07
4072.78 4068.6 4064.47 4060.55 4056.85 4053.37 4051.68 4053.39 4055.39 4055.67 4056.63 4057.52 4058.36 4058.58 4058.75 4058.7 4058.59 4058.39 4058.11 4057.67 4057.19 4056.56 4055.76 4055.27 4054.53 4054.13 4053.34 4052.45 4051.55 4050.49 4049.48 4049.26 4050.92 4052.17 4053.1 4054.06 4055.12 4056.44 4058.1 4059.14 4059.74 4060.57 4062.12 4062.71 4064.32 4066.7 4068.77 4069.5 4068.59 4069.71 4073.57 4076.14 4077.82 4077.63 4075.95 4073.25 4072.65 4071.88 4068.45 4065.59 4063.43 4061.61 4060.27 4059.56 4058.39 4058.36 4058.06
4070.13 4067.09 4064.2 4061.31 4058.62 4055.69 4054.01 4055.57 4057.12 4057.94 4059.23 4059.68 4060.07 4059.72 4059.38 4058.81 4058.36 4057.76 4056.91 4056.29 4055.58 4054.86 4054.12 4053.46 4052.99 4052.53 4051.86 4051.32 4050.69 4049.93 4049.21 4049.71 4051.19 4052.07 4052.99 4053.94 4054.96 4056.27 4057.96 4059.95 4062.25 4062.07 4062.89 4063.64 4065.17 4067.65 4070.26 4072.28 4071.25 4071.85 4077.32 4082.28 4084.12 4083.22 4082.41 4078.87 4073.57 4071.43 4069.74 4067.69 4065.87 4064.43 4063.3 4062.57 4061.88 4060.84 4060.09
4068.2 4066.46 4064.84 4063.32 4061.69 4059.95 4059.41 4059.92 4060.87 4062.15 4062.59 4062.26 4061.66 4060.75 4059.52 4058.44 4057.63 4056.73 4055.83 4054.94 4054.25 4053.57 4052.79 4051.82 4051.66 4051.2 4050.78 4050.62 4050.28 4049.97 4049.85 4051.54 4051.47 4052.04 4053.22 4054 4054.59 4055.37 4056.38 4058.24 4060.34 4061.12 4061.88 4063.14 4065.25 4068.37 4072.15 4075.59 4075.24 4076.96 4082.33 4088.29 4089.04 4086.25 4084.12 4080.09 4074.49 4072.14 4070.71 4068.98 4067.61 4066.46 4065.4 4064.88 4064.24 4063.22 4062.36
4066.61 4066.36 4065.84 4065.71 4065.4 4064.93 4064.91 4065.03 4065.23 4066.32 4065.85 4064.61 4063.07 4061.47 4060.01 4058.59 4057.36 4056.2 4055.19 4054.16 4053.22 4052.6 4052.79 4052.08 4050.68 4050.13 4049.74 4049.92 4049.98 4049.97 4050.02 4051.05 4052.61 4053.56 4053.85 4054.03 4054.1 4054.31 4054.66 4056.03 4057.93 4059.25 4060.28 4061.46 4063.9 4068.52 4073.56 4078.1 4080.71 4082.61 4085.96 4088.86 4088.78 4086.22 4083.04 4080.27 4076.42 4073.11 4071.48 4070.1 4068.83 4068.04 4067.33 4066.84 4066.45 4065.87 4065.34
4065.48 4066.41 4067.36 4068.51 4069.29 4069.94 4070.29 4070.16 4069.37 4069.2 4069.37 4066.43 4063.94 4062.04 4060.21 4058.85 4057.37 4055.97 4054.72 4053.39 4052.24 4051.2 4050.55 4050.13 4049.33 4048.77 4048.6 4048.65 4049.12 4050.15 4051.19 4051.62 4052.92 4054.54 4054.19 4053.91 4053.76 4053.59 4053.36 4054 4056.02 4057.72 4059.21 4059.91 4062.4 4068.55 4074.66 4079.31 4081.54 4087.15 4088.67 4088.84 4087.89 4086.05 4082.01 4081.14 4077.95 4074.47 4072.27 4071.04 4070.39 4069.75 4068.94 4068.76 4069.15 4069.04 4069.29
4064.65 4066.81 4068.74 4070.85 4072.97 4075.17 4077.05 4075.12 4071.69 4070.39 4069.42 4066.55 4063.77 4062.06 4060.04 4058.75 4057.3 4055.8 4054.34 4052.79 4051.2 4049.62 4048.24 4048.07 4047.92 4048.02 4047.84 4048.22 4048.54 4049.62 4051.45 4050.64 4051.7 4053.76 4053.74 4053.72 4053.8 4053.57 4053.04 4053.09 4055.33 4057.33 4058.65 4059.83 4063.2 4069.44 4075.66 4078.95 4082.1 4090.84 4091.36 4090.03 4088.4 4088.09 4086.48 4083.49 4079.51 4075.17 4073.08 4071.9 4071.32 4071.3 4071.32 4071.37 4071.65 4072.06 4072.95
