real_craters/C189-1000m.grd
DSAA
101 101
-50.25 50.25
-50.25 50.25
2873.5085756006 4897.7411652315
[rows 60 to 89 of 101, columns 0 to 66 of 101]
4294.22 4291.69 4295.05 4286.15 4289.27 4294.95 4300.1 4295.88 4292.18 4313.63 4337.06 4358.56 4366.12 4374.15 4380.27 4384.56 4385.94 4380.61 4372.64 4364.39 4360.52 4361.23 4369.33 4381.37 4394.31 4383.27 4357.71 4342.29 4330.14 4461.22 4346.92 4393.89 4458.44 4521.64 4496.28 4503.77 4516.44 4442.4 4258.9 4093.56 3962.86 3905.66 3883.36 3866.11 3759.78 3598.76 3486.66 3379.7 3334.56 3337.15 3311.76 3308.67 3359.01 3406.51 3454.48 3467.53 3491.32 3538.41 3611.87 3745.37 3871.15 4038.35 4314.16 4547.25 4652.47 4640.36 4575.78
4294.53 4283.5 4282.9 4279.52 4283.32 4288.31 4295.76 4289.12 4287.17 4296.92 4315.16 4334.46 4350.14 4366.81 4372.95 4379.25 4377.41 4374.93 4373.49 4377.4 4374.42 4377.84 4376.91 4379.73 4383.89 4368.92 4351.29 4348.69 4331.31 4439.26 4335.23 4388.62 4423.62 4465.9 4474.43 4462.16 4513.13 4537.03 4373.17 4142.03 4020.8 3977.53 3946.68 3931 3888.82 3816.43 3640.66 3514.58 3441.62 3435.01 3432.56 3438.49 3473.92 3506.96 3546.33 3566.37 3588.51 3649.98 3763.38 3932.1 4090.82 4303.89 4581.36 4718.2 4665.35 4579.04 4499.2
4291 4278.79 4273.29 4272.39 4276.77 4280.83 4285.12 4282.87 4285.22 4279.07 4297.58 4325.1 4339.14 4367.73 4384.02 4378.93 4372.38 4375.59 4374.65 4373.4 4376.15 4381.44 4394.63 4398.46 4393.01 4379.98 4359.35 4347.53 4339.1 4386.34 4335.98 4363.08 4383.6 4398.03 4440.62 4467.13 4521.86 4558.29 4520.65 4204.52 4092.7 4055.06 4000.47 3955.93 3909.8 3828.36 3744.72 3674.84 3586.7 3577.43 3585.07 3607.41 3622.8 3630.5 3661.74 3694.29 3740.97 3837.1 3994.6 4185.56 4338.02 4575.28 4744.26 4737.28 4609.02 4518.27 4458.22
4276.68 4273.8 4270.98 4267.3 4265.81 4272.26 4274.44 4270.85 4264.38 4269.08 4285.78 4317.02 4344.36 4377.76 4385.81 4379.2 4372.32 4371.26 4371.93 4368.93 4367.09 4372.33 4391.2 4419.38 4423.08 4398.22 4375.88 4363.67 4357.8 4375.23 4349.89 4359.77 4364.13 4366.85 4385.07 4471.96 4504.63 4522.16 4503.24 4300.13 4128.67 4116.84 4055.04 3981.08 3973.36 3921.59 3848.77 3784.43 3740.69 3734.11 3766.76 3780.36 3795.29 3808.68 3851.86 3914.55 4002.42 4145.75 4336.85 4510.62 4723.97 4850.51 4793.51 4635.05 4543.4 4468.21 4417.8
4269.43 4266.42 4268.03 4265.35 4260.99 4261.81 4259.9 4261.8 4259.5 4266.61 4279.82 4309.96 4355.45 4388.28 4383.74 4376.87 4371.41 4369.11 4363.12 4362.21 4356.06 4349.46 4364.76 4446.72 4451.02 4430.15 4393.34 4366.45 4347.74 4360.56 4345.69 4352.39 4354.65 4353.19 4367.01 4448.76 4478.53 4491.71 4503.11 4376.1 4181.97 4122.18 4121.1 4062.08 4039.41 4007.38 3982.62 3954.81 3942.75 3909.03 3907.82 3942.02 4005.16 4062.44 4181.09 4310.84 4418.32 4555.31 4686.73 4762.22 4882.21 4895.76 4740.95 4587.6 4496.69 4428.04 4390.44
4259.54 4253.57 4258.91 4263.8 4263.06 4259.96 4259.41 4263.12 4263.12 4267.65 4291.83 4314.16 4357.49 4391.08 4390.88 4374.63 4362.56 4364.2 4359.05 4354.14 4339.86 4315.59 4329.96 4407.08 4419.99 4409.15 4383.2 4367.28 4352.75 4342.03 4339.33 4360.17 4351.61 4349.32 4369.94 4420.13 4451.83 4477.99 4503.25 4465.92 4292.66 4169.92 4141.28 4124.84 4126.49 4086.8 4096.27 4116.48 4133.13 4170.91 4127.93 4132.16 4261.27 4490.99 4623.83 4705.54 4774.46 4875.24 4868.88 4860.51 4885.39 4829.4 4658.54 4542.59 4473.55 4422.49 4389.52
4257.5 4250.1 4251.54 4255.78 4267.24 4272.9 4275.59 4271.76 4266.87 4272.04 4290.42 4316.17 4347.58 4374.42 4384.89 4370.55 4355.54 4367.49 4368.83 4341.88 4320.1 4308.1 4322.38 4352.96 4373.97 4390.11 4397.47 4378 4368.56 4358.55 4350.06 4362.81 4359.13 4364.63 4391.8 4411.71 4425.52 4456.39 4475.51 4499.83 4399.27 4323.65 4355.64 4343.81 4386.53 4331.21 4263.92 4281.73 4284.36 4338.69 4399.31 4374.66 4506.61 4773.5 4874.28 4887.61 4865.42 4878.59 4836.42 4829.66 4838.65 4750.09 4593.08 4523.01 4458.3 4416.67 4397.28
4259.8 4248.22 4246.52 4250.1 4270.07 4286.05 4276.19 4275.86 4268.72 4270.3 4284.3 4305.77 4327.81 4337.92 4356.71 4358.36 4357.5 4360.97 4362.35 4334.94 4318.08 4317.97 4338.17 4346.05 4359.72 4394.54 4417.87 4393.98 4355.76 4356.36 4360.87 4370.5 4350.92 4353.69 4403.28 4379.01 4395.34 4428.31 4455.65 4473.4 4455.87 4455.35 4476.53 4537.64 4598.28 4590.52 4553.12 4490.84 4471.53 4519.61 4564.14 4596.25 4679.9 4826.76 4897.74 4842.64 4738.24 4685.19 4697.97 4696.11 4667.44 4606.98 4535.99 4476.73 4422.54 4387.61 4381.34
4250.92 4243.84 4243.81 4247.08 4260.23 4274.35 4277.05 4274.18 4278.66 4282.81 4286.3 4294.45 4308.5 4311.52 4330.03 4336.49 4341.2 4336.58 4351.73 4343.14 4339.5 4342.62 4350.69 4348.75 4352.4 4380.28 4400.07 4388.84 4358.64 4356.83 4358.74 4357.31 4342.93 4354.44 4391.01 4385.28 4383.53 4382.44 4395.62 4412.96 4438.62 4455.8 4469.81 4527.2 4597.19 4670.56 4691.42 4650.68 4707.15 4774.73 4748.48 4719.09 4720.03 4797.53 4763.65 4648.53 4583.44 4560.31 4574.72 4568.64 4539.82 4505.79 4466.24 4413.08 4383.06 4364.99 4355.3
4235.7 4234.68 4237.64 4244.5 4248.02 4257.45 4266.09 4276.56 4284.88 4289.32 4282.97 4283.16 4283.24 4290.63 4303.66 4309.75 4330.21 4328 4343.49 4344.24 4342.15 4344.89 4349.39 4356.85 4376.05 4397.23 4397.51 4381.46 4354.1 4361.63 4362.05 4358.26 4344.56 4365.84 4366.13 4379.64 4377.39 4366.67 4380.4 4403.83 4421.55 4429.43 4458.53 4485.61 4543.04 4597.67 4616.99 4660.34 4739.51 4820.1 4753.63 4689.45 4670.75 4647.03 4599.38 4544.39 4503.95 4486.69 4494.73 4489.96 4466.98 4436.77 4401.23 4373.08 4363.68 4352.19 4342.22
4242.9 4238.79 4233.67 4235.18 4241.3 4250.08 4273.05 4276.07 4284.51 4288.48 4280.49 4278.75 4278.32 4285.07 4295.97 4310.02 4322.65 4323 4333.42 4336.92 4351.96 4357.35 4360.59 4374.09 4402.79 4409.54 4395.55 4373.2 4358.01 4364.72 4359.31 4349.07 4359.96 4368.77 4357.31 4364.17 4366.32 4364.54 4382.12 4401.35 4419.63 4443.04 4471 4476.74 4495.28 4530.61 4570.64 4598.36 4633.84 4635.33 4617.77 4596.87 4594.53 4567.06 4517.24 4490.56 4457.76 4443.79 4449.73 4442.45 4421.54 4391.11 4369.74 4359 4359.03 4352.93 4348.27
4251.19 4247.55 4237.35 4235.34 4242.49 4253.91 4252.05 4267.82 4279.24 4276.69 4270.01 4275.49 4279.45 4278.07 4294.88 4313.12 4320.52 4321.63 4331.52 4341.24 4359.47 4371.91 4381.62 4391.04 4391.79 4392.63 4385.89 4397.8 4361.62 4379.48 4361.52 4358.01 4361.98 4357.96 4354.38 4352.47 4355.53 4364.69 4372.34 4387.71 4412.87 4447.92 4456.75 4458.74 4462.82 4463.14 4500.72 4520.79 4511.98 4489.5 4507.57 4522.55 4490.97 4477.57 4476.99 4455.2 4428.63 4426.49 4431.47 4418.09 4400.26 4374.61 4358.54 4358.08 4359.36 4359.52 4355.5
4257.79 4254.39 4243.46 4238.96 4240.72 4246.31 4253.25 4263.5 4276.7 4279.45 4272.07 4272.57 4281.22 4293.27 4307.48 4310.68 4317.05 4322.65 4339.48 4361.66 4378.26 4402.71 4409.22 4404.28 4399.36 4397.34 4390.59 4409.32 4360.96 4370.64 4374.38 4371.82 4374.78 4358.92 4347.69 4347 4352.57 4363.83 4358.37 4368.24 4397.53 4412.75 4410.23 4422.73 4429.72 4422.41 4433.38 4448.81 4438.05 4429.14 4445.21 4473.84 4471.61 4461.86 4457.41 4430.89 4420.92 4419.99 4423.77 4429.99 4395.14 4363.01 4352.85 4356.75 4352.02 4344.9 4341.25
4255.86 4252.55 4249.86 4242.18 4242.14 4249.84 4256.43 4264.97 4277.56 4278.03 4276.16 4283.78 4304.07 4331.59 4349.81 4347.65 4334.56 4336.06 4349.73 4370.73 4394.29 4418.78 4424.19 4411.31 4402.98 4407.09 4411.73 4394.79 4378.97 4378.33 4382.11 4387.08 4395 4366 4348.47 4343.78 4341.73 4343.69 4346.01 4375.32 4388.5 4396.55 4405.9 4403.61 4408.71 4396.34 4392.48 4401.2 4397.77 4393.68 4415.45 4447.61 4465.17 4466.08 4468.56 4417.52 4389.79 4393.05 4395.25 4402.39 4375.83 4354.06 4348.37 4348.83 4331.62 4323.22 4320.57
4243.38 4243.97 4241.52 4237.81 4238.99 4247.76 4262.41 4271.37 4276.24 4280.77 4283.45 4300.16 4332.24 4392.62 4455.94 4443.19 4377.41 4368.91 4360.85 4366.86 4388.82 4408.37 4416.89 4410.14 4396.16 4395.19 4402.67 4382.71 4388.73 4385.55 4376.85 4389.41 4394.13 4370.63 4349.25 4343.24 4342.31 4344.08 4358.53 4365.17 4375.02 4386.78 4401.61 4404.14 4385.82 4371.81 4367.9 4370.6 4374.67 4377.8 4397.3 4428.86 4445.87 4457.56 4455.65 4387.51 4361.47 4358.77 4349.67 4339.25 4344.01 4338.85 4342.88 4351.49 4327.44 4302.34 4310.21
4235.84 4238.66 4235.98 4229.73 4226.65 4262.87 4282.54 4278.53 4275.73 4278.81 4287.38 4311.26 4365.48 4484.1 4679.41 4565.12 4456.12 4410.87 4372.91 4366.15 4392.3 4402.97 4409.19 4401.53 4392.72 4390.32 4390.52 4378.8 4387.86 4388.54 4357.94 4369.99 4380.15 4346.4 4342.33 4342.61 4348.07 4351.4 4371.7 4365.45 4367 4376.95 4385.22 4373.84 4369.18 4362.35 4347.12 4346.63 4360.1 4375.25 4381.79 4401.56 4402.57 4399.46 4376.18 4356.48 4348.07 4341.64 4327.56 4319.83 4326.37 4327.42 4337.36 4334.58 4311.44 4297.67 4301.84
4240.3 4241.04 4239.27 4226.03 4235.88 4276.57 4287.03 4271.76 4271.67 4269.96 4274.8 4302.22 4364.8 4508.81 4679.03 4588.44 4497.41 4430.12 4387.4 4375.55 4379.84 4381.07 4385.78 4391.73 4385.59 4380.67 4376.29 4381.44 4376.23 4356.37 4340.8 4349.49 4360.99 4354.72 4344.23 4340.96 4337.63 4344.62 4361.6 4362.38 4363.8 4363.87 4358.86 4351.86 4356.49 4355.56 4335.79 4327.33 4339.8 4350.81 4360.75 4372.32 4371.27 4369.73 4355.09 4347.13 4344.04 4339.79 4330.84 4326.26 4330.24 4332.73 4347.31 4327.12 4306.51 4299.28 4303.28
4245.37 4246.73 4238.13 4229.87 4257.74 4280.67 4262.56 4261.98 4264.26 4261.07 4261.68 4288.04 4342.28 4431.46 4486.25 4506.4 4459.81 4417.44 4390.94 4382.6 4382.71 4377.31 4384.44 4388.08 4383.05 4375.8 4360.37 4389.78 4343.04 4339.55 4327.06 4341.94 4351.06 4348.96 4345.4 4342.65 4340.68 4344.96 4346.33 4359.37 4364.64 4351.08 4335.15 4336.42 4342.1 4340.31 4318.1 4309.96 4317.85 4321.68 4345.54 4355.77 4344 4346.02 4353.11 4353.38 4349.82 4348.48 4348.4 4346.5 4346.91 4347.58 4342.3 4325.73 4305.46 4302.48 4318.12
4251.85 4248.42 4246.49 4243.58 4267.48 4258.09 4236.83 4248.71 4256.61 4254.73 4263.26 4285.03 4319.13 4371.36 4396.55 4469.39 4405.74 4387.23 4383.42 4385.98 4388.62 4387.41 4379.79 4375.48 4369.06 4361 4344.93 4379.01 4326.82 4316.62 4311.58 4335.93 4351.95 4345.44 4342.81 4343.21 4344.96 4344.9 4345.76 4353.95 4356.58 4340.7 4322.96 4318.61 4321.98 4317.14 4304.48 4299.25 4305.07 4312.14 4316.31 4336.52 4337.95 4345.34 4353.14 4355.62 4360.69 4354.93 4352.28 4355.63 4361.8 4360.49 4351.96 4329.96 4313.24 4310.7 4329.06
4261.07 4248.67 4240.28 4243.59 4241.42 4236.71 4238.27 4243.65 4242.42 4248.95 4256.97 4274.83 4304.24 4332.58 4344.74 4416.53 4347.29 4347.82 4349.38 4364.21 4372.12 4366.26 4367.54 4372.12 4358.65 4348.24 4338.98 4346.24 4315.27 4307.74 4306.55 4325.38 4330.54 4332.58 4339.85 4341 4342.23 4342.22 4344.7 4349.79 4352.92 4332.73 4311.27 4305.07 4306.36 4304.41 4297.88 4295.97 4298.93 4298.01 4304.9 4305.15 4326.52 4328.21 4343.15 4351.15 4359.77 4356.54 4350.47 4356.45 4369.26 4375.37 4360.15 4344.73 4335.11 4328.54 4317.74
4254.48 4248.14 4241.45 4240.73 4235.09 4235.35 4242.07 4246.24 4248.55 4247.31 4249.11 4262.91 4294.56 4310.68 4319.73 4382.4 4306.54 4316.96 4322.51 4332.56 4347.57 4352.64 4352.16 4358.94 4359.67 4351.28 4335.27 4319.19 4310.54 4307.57 4307.66 4315.79 4327.47 4341.42 4340.82 4336.77 4332.32 4333.86 4338.25 4342.47 4342.27 4323.43 4306.55 4306.29 4297.24 4296.84 4298.8 4301.44 4300.23 4296.87 4306.08 4304.04 4304.48 4315.71 4328.19 4351.57 4362.79 4360.24 4347.4 4353.38 4359.9 4361.33 4354.04 4345.68 4328.05 4315.89 4306.95
4248.75 4240.28 4239.34 4237.27 4235.61 4237.6 4241.48 4243.11 4243.03 4243.37 4244.46 4254.66 4277.97 4291.76 4287.94 4319.68 4289.41 4296.81 4302.63 4315 4327.83 4334.88 4334.7 4334.02 4340.68 4337.31 4323.32 4308.45 4308.19 4306.51 4309.74 4317.97 4327.06 4336.85 4339.11 4336.08 4334.94 4331.07 4333.32 4332.33 4326.51 4312.68 4306.27 4312.46 4306.72 4293.71 4295.85 4307.97 4303.47 4305.74 4318.28 4326.48 4303.55 4313.65 4323.04 4344.9 4362.61 4355.94 4346.75 4349 4353.36 4347.55 4341.23 4326.8 4305.79 4304.03 4308.58
4255.22 4245.98 4245.5 4244.77 4243.34 4243.56 4238.26 4235.43 4236.56 4238.92 4247.64 4260.19 4261.88 4270.59 4274.15 4274.61 4279.87 4285.06 4292.09 4314.89 4328.98 4325.52 4330.43 4334.01 4327.89 4322.57 4312.88 4306.03 4308.4 4316.24 4315.67 4317.85 4322.75 4332.49 4335.27 4337.16 4346.83 4336.01 4333.69 4324.04 4312.93 4301.29 4301.82 4313.03 4300.75 4285.06 4283.96 4295.48 4296.09 4292.46 4293.81 4295.97 4290.02 4297.4 4312.45 4325.72 4332.04 4328.71 4329.66 4341.97 4355.38 4346.85 4332.85 4317.58 4311.57 4320.42 4320.99
4260.89 4255.65 4257.99 4254.96 4261.9 4251.36 4238.1 4231.83 4232.31 4234.39 4240.29 4247.95 4254.18 4261.56 4267.32 4269.92 4273.65 4279.75 4288.15 4304.47 4314.39 4314.16 4316.9 4328.62 4324.73 4317.31 4307.96 4305.69 4312.61 4327.08 4329.38 4322.64 4327.64 4326.98 4323.98 4325.43 4329.47 4327.95 4332.63 4316.49 4299.55 4292.28 4295.85 4297.14 4294.08 4277.81 4271.87 4278.34 4282.17 4275.92 4271.46 4271.04 4279.27 4287.69 4300.65 4303.88 4299.01 4294.84 4307.89 4331.46 4353.94 4347.83 4330.9 4320.71 4326.53 4314.5 4313.79
4275.46 4277.14 4275.15 4270.08 4252.8 4245.18 4235.88 4230.35 4232.29 4238.6 4244.99 4248.1 4254.01 4260.83 4261.3 4266.88 4279.95 4288.25 4290.67 4296.92 4307.7 4305.6 4316.07 4314.23 4315.17 4320.25 4309.32 4315.71 4323.91 4329.15 4329.19 4322.01 4322.08 4307.96 4307.19 4312.21 4310.96 4318.74 4319.88 4307.22 4292.6 4287.54 4290.05 4287.22 4287.8 4271.25 4266.3 4271.83 4270.54 4264.97 4260.12 4260.27 4271.95 4278.1 4284.97 4289.7 4291.61 4294.22 4302.06 4319.21 4334.29 4334.12 4325.36 4323.82 4313.72 4289.58 4287.09
4286.99 4293.1 4288.54 4272.19 4246.66 4237.47 4232.3 4230.12 4232.33 4237.87 4242.93 4247.29 4256.57 4259.08 4257.03 4274.37 4287.96 4286.64 4287.94 4294.22 4301.67 4305.14 4301.95 4306.44 4309.43 4334.04 4310.36 4333.35 4336.41 4324.41 4328.09 4332.78 4319.31 4305.03 4303.82 4304.14 4298.97 4307.13 4306.55 4298.7 4286.87 4284.38 4284.33 4279.53 4269.59 4262.1 4260.83 4252.26 4258.3 4257.39 4253.96 4259.48 4265.44 4263.57 4269 4277.75 4286.25 4294.12 4302.1 4311.82 4317.34 4319.69 4314.6 4306.75 4301.79 4290.87 4287.02
4296.95 4299.13 4285.94 4268.47 4247.14 4234.9 4232.2 4229.68 4233.41 4241.47 4240.67 4242.63 4249.06 4256.71 4264.02 4276.46 4283.34 4287.73 4288.06 4293.43 4305.49 4325.13 4338.95 4343.39 4344.91 4361.77 4312.48 4348.47 4345.08 4324.25 4323.77 4335.01 4322.34 4310.82 4297.37 4291.56 4292.44 4297.88 4301.62 4295.53 4283.81 4273.78 4275.04 4269.29 4265.34 4260.79 4260.61 4250.96 4255.01 4253.67 4255.01 4261.55 4268.98 4261.66 4262.61 4271.89 4281.16 4289.59 4301.45 4314.83 4322.07 4316.52 4307.17 4299.15 4292.7 4294.26 4293.77
4292.04 4284.73 4270.46 4256.75 4244.67 4237.19 4236.18 4234.65 4236.91 4239.98 4237.08 4237.98 4244.52 4254.35 4263.98 4275.74 4279.66 4292.57 4291.04 4299.17 4335.87 4335.95 4325.37 4342.38 4422.5 4396.45 4323.34 4358.25 4353.59 4329.79 4325.97 4331.31 4330.31 4315.38 4291.82 4296.93 4294.96 4297.56 4303.61 4296.44 4286.36 4279.19 4269.97 4262.72 4262.35 4264.87 4257.72 4249.82 4253.88 4249.96 4249.24 4256.33 4269.47 4266.71 4262.95 4266.78 4276.09 4285.2 4300.94 4319.88 4332.45 4320.29 4305.2 4289.45 4291.55 4303.2 4302.34
4279.68 4267.59 4253.35 4252.42 4247.68 4242.76 4243.62 4247.13 4246.13 4242.91 4237.84 4239.32 4245.67 4252.25 4265.94 4279.11 4279.53 4294.73 4300.03 4339.19 4324.42 4292.82 4270.67 4276.94 4299.48 4420.44 4338.22 4381.17 4366.8 4342.63 4335.18 4334.87 4333.77 4320.89 4305.41 4300.4 4298.18 4298.45 4303.57 4295.91 4286.41 4277.12 4268.42 4260.47 4258.34 4262 4258.96 4258.52 4248.18 4245.62 4242.13 4245.85 4251.54 4253.64 4252.74 4257.12 4270.81 4284.53 4299.45 4316.5 4330.13 4325.27 4315.03 4303.21 4301.24 4310.06 4315.69
4267.01 4252.45 4248.52 4251.02 4249.66 4247.15 4248.52 4250.32 4249.63 4248.68 4244.07 4250.15 4253.2 4257.02 4267.82 4276.33 4275.71 4285.26 4304.44 4382.53 4273.49 4240.64 4242.16 4252.4 4266.25 4309.52 4373.69 4392.23 4372.7 4350.06 4339.59 4337.42 4325.68 4314.48 4303.37 4297.04 4293.45 4292.85 4293.76 4290.26 4283.33 4276.48 4270.46 4261.19 4254.38 4262.02 4259.26 4257.76 4248.19 4247.34 4244.21 4237.28 4243.57 4245.73 4245.31 4250.38 4265.8 4279.16 4296.61 4318.89 4328.29 4329 4329.26 4327.72 4323.36 4316.66 4321.74
