real_craters/C190-1000m.grd
DSAA
103 103
-51.09 51.09
-51.09 51.09
3459.3579987358 5947.5256886728
[rows 60 to 89 of 103, columns 0 to 66 of 103]
5199.5 5155.91 5110.02 5055.65 5027.57 5031.72 5043.59 5119.28 5142.02 5187.42 5216.5 5220.99 5221.18 5227.27 5189.61 5172.74 5249.79 5349.41 5291.48 5225.36 5235.8 5282.1 5278.21 5313.12 5236.97 4936.97 4717.63 4707.08 4682.09 4634.51 4460 4267.39 4081.35 3902.92 3772.5 3652.09 3513.39 3492.51 3490.36 3490.43 3486.99 3512.41 3512.52 3494.42 3491.52 3485.21 3474.67 3465.58 3461.31 3459.36 3466.98 3469.5 3468.36 3470.84 3484.27 3479.34 3480.67 3483.01 3485.21 3488.78 3488.52 3488.36 3489.97 3490.29 3491.68 3493.04 3496.65
5157.47 5152.94 5112.33 5066.86 5051.52 5084.34 5116.7 5114.35 5140.75 5163.12 5191.32 5214.88 5234.82 5211.72 5157.92 5149.32 5156.58 5233.83 5162.32 5134.81 5240.61 5379.76 5325.32 5378.39 5446.52 5098.91 4757.7 4657.56 4602.01 4527.58 4416.54 4272.5 4100.83 3910.13 3776.35 3662.24 3538.03 3498.58 3492.22 3490.68 3488.93 3488.92 3494.23 3492.53 3489.54 3483.42 3474.49 3467.28 3463.94 3465.56 3484.63 3477.76 3474.58 3477.42 3478.79 3480.05 3481.29 3482.93 3484.53 3485.15 3487.4 3488.08 3488.86 3491.08 3492.68 3493.96 3497.84
5280.43 5201.49 5142.58 5089.07 5093.08 5114.62 5130.79 5133.17 5140.84 5143.41 5173.32 5199.67 5218.06 5196.21 5161.12 5159.57 5131.9 5098.62 5068.07 5094.9 5220.4 5439.92 5419.17 5458.17 5487.45 5245.24 4984.66 4768.04 4602.35 4481.28 4382.92 4270.54 4137.62 3996.28 3821.34 3693.06 3560.55 3515.97 3498.7 3491.43 3488.7 3489.96 3487.77 3499.08 3487.04 3478.53 3473.21 3468.56 3467.36 3477.4 3476.05 3478.09 3476.31 3478.91 3481.5 3480.6 3482.5 3483.26 3484.96 3486.84 3488.58 3489.8 3491.44 3493.52 3495.53 3496.67 3503.28
5278.58 5220.13 5171.15 5147.74 5138.82 5150.19 5160.29 5167.64 5166.38 5155.83 5173.52 5190.15 5208.17 5230.11 5220.26 5228.21 5192.62 5110.5 5048.39 5061.1 5089.09 5142.52 5277.14 5247.31 5309.69 5288.78 5227.06 4994.91 4668.49 4463.99 4374.35 4293.43 4210.71 4170.54 4037.37 3784.19 3604.38 3563.05 3509.82 3495.52 3493.33 3490.87 3491.79 3494.39 3487.8 3480.61 3476.13 3474.55 3477.61 3482.61 3483.66 3480.92 3478.49 3481.13 3480.72 3477.87 3479.41 3481.94 3485.4 3488.67 3490.65 3492.79 3495.13 3497.28 3500.79 3505.46 3509.37
5256.77 5228.91 5188.5 5173.78 5195.07 5195.19 5205.39 5212.31 5218.31 5221.54 5203.84 5195.41 5203.15 5298.82 5495.89 5456.75 5319.14 5143.91 5043.14 5037.64 5034.39 5044.74 5069.15 5034.55 5085.09 5252.2 5434.38 5213.81 4789.87 4538.38 4443.33 4350.73 4270.06 4187.42 4033.46 3861.29 3735.87 3621.05 3528.78 3506.67 3504.62 3499.16 3491.58 3490.58 3486.45 3478.95 3478.95 3480.6 3484.33 3486.55 3485.94 3485.09 3484.15 3481.95 3481.85 3478.3 3480.48 3482.55 3484.6 3488.47 3492.61 3496.62 3499.94 3502.44 3507.63 3512.73 3511.82
5295.9 5251.09 5211.97 5203.85 5207.5 5213.15 5240.61 5271.52 5282.36 5257.79 5236.46 5218.12 5215.58 5285.37 5375.85 5403.2 5375.18 5187.25 5088.31 5051.65 5032.17 5008.61 4979.33 4952.53 5005.34 5180.53 5437.82 5309.67 4947.3 4736.03 4614.6 4490.09 4353.38 4208.42 4080.44 3950.65 3848.23 3692.44 3616.16 3533.14 3527.2 3576.34 3502.99 3492.82 3489.53 3486.29 3483.43 3485.07 3487.42 3488.94 3489.36 3487.98 3482.58 3481.33 3481.93 3489.43 3495.93 3496.19 3489.85 3490.34 3497.18 3501.13 3504 3508.44 3511.36 3510.97 3527.57
5311.84 5271.53 5239.82 5226.08 5226.19 5230.39 5264.34 5317.91 5351.49 5339.35 5282.55 5243.4 5229.23 5227.42 5263.28 5312.24 5285.66 5205.43 5148.67 5039.05 4967.63 4963.85 4951.89 4939.01 4944.31 5048.7 5177.8 5236.25 5241.54 5019.68 4815.06 4649.18 4464.31 4248.39 4089.28 3951.5 3865.58 3763.64 3613.86 3553.14 3504.1 3504.55 3501.4 3498.54 3494.41 3488.91 3487.64 3488.71 3488.99 3492.85 3490.66 3491.79 3500.65 3494.38 3504.04 3519.21 3524.59 3524.33 3520.04 3515.07 3510.76 3503.15 3506.91 3512.5 3515.36 3507.51 3628.86
5300.81 5279.2 5254.37 5237.4 5241.88 5251.43 5277.64 5301.54 5324.31 5338.94 5317.61 5267.9 5209.56 5173.71 5130.75 5153.49 5175.38 5180.4 5052.83 4995.17 4960.3 4952.85 4950.59 4948.97 4960.85 4945.17 4989.09 5116.53 5314.55 5154.45 4965.22 4803.17 4637.81 4404.9 4208.87 4161.31 4067.48 3939.04 3711.04 3643.16 3571.16 3503.52 3506.47 3504.15 3499.06 3495.36 3493.51 3492.9 3493.4 3494.98 3499.25 3506.58 3510.05 3512.93 3531.67 3552.15 3558.87 3558.29 3556.26 3547.97 3537.11 3524.23 3511.2 3526.12 3567.22 3602.83 3799.33
5313.61 5297.2 5280.28 5274.3 5266.67 5288.93 5294.49 5293.84 5324.92 5368.84 5356.82 5331.51 5263.09 5159.08 5047.21 4986.45 5026.06 5099.73 5051.6 5014.52 4978.74 4962.87 4963.72 4955.75 4953.7 4919.42 4906.34 4948.24 5049.4 5078.57 5004.38 4890.63 4764.39 4513.7 4247.03 4205.58 4137.29 4117.15 3989.7 3871.51 3752.99 3582.45 3536.53 3532.53 3515.75 3508.02 3503.65 3509.77 3501.65 3493.45 3497.48 3518.38 3530.81 3537.89 3562.34 3589.24 3599.04 3599.47 3591.56 3585.04 3572.57 3551.8 3513.72 3568.05 3722.91 3839.32 4013.37
5311.18 5296.85 5274.96 5192.64 5299.23 5350.77 5325.34 5308.55 5309.18 5358.21 5384.57 5374.01 5303.29 5177.79 5033.75 4959.05 4951.56 4966.51 5117.41 5155.42 5037.11 4994.41 5015.15 5006.36 5006.18 4949.45 4902.08 4916.66 4950.83 5011.02 5005.41 4940.98 4798.8 4553.68 4328.84 4204.13 4198.56 4178.05 4117.27 4051.09 3864.92 3680.68 3678.14 3595.52 3544.66 3525.98 3525.63 3573.24 3549.03 3500.37 3510.62 3525.27 3557.57 3572.31 3598.9 3624.27 3641.38 3647.67 3639.79 3624.69 3609.78 3593.64 3546.45 3662.48 3926.71 4200.56 4356.74
5296.66 5287.18 5277.35 5270.7 5352.76 5379.41 5355.12 5337.59 5359.53 5382.96 5405.01 5393.95 5323.41 5204.1 5076.86 4980.38 4936.6 4933.05 5192.78 5351.58 5263.47 5159.14 5153.51 5130.47 5152.25 5024.71 4962.51 4954.76 4971.47 5007.97 5014.47 4995.56 4968.8 4787.18 4542.8 4338.17 4262.66 4271.82 4252.93 4190.4 3929.99 3774.28 3709.19 3668.47 3644.45 3609.81 3654.68 3700.3 3793.04 3753.51 3598.89 3575.85 3590.26 3606.86 3634.97 3664.35 3686.77 3697.47 3683.52 3662.72 3652.34 3674.79 3701.16 3865.76 4103.73 4291.49 4528.77
5282.27 5275.98 5257.7 5289.53 5360.87 5400.13 5367.49 5344.68 5344.51 5392.09 5419.02 5420.64 5346.58 5243.18 5150.83 5125.23 4945.75 4984.64 5230.67 5439.03 5582.23 5457.89 5350.99 5286.85 5292.23 5273.51 5143.62 5043.11 5043.13 5052.97 5054.9 5037.53 4980.22 4886.16 4765.03 4596.45 4440.56 4420.08 4424.09 4377.22 4160.36 3973.7 3825.28 3796.95 3736.66 3704.71 3693.07 3816.05 3991.7 4031.48 3936.3 3823.79 3690.3 3645.82 3689.07 3715.74 3736.85 3752.2 3742.01 3729.92 3711.15 3793.06 4017.82 4129.91 4305.47 4529.84 4655.59
5288.48 5300.3 5297.75 5332.3 5324.04 5361.32 5359.71 5344.36 5352.89 5414.05 5445.86 5413.92 5355.44 5252.72 5138.98 5007.39 4955.59 4995.04 5180.14 5350.03 5479.28 5591.16 5456.93 5345.01 5333.17 5412.93 5282.54 5195.65 5116.92 5122.84 5119.93 5096.32 5053.98 4981.93 5009.53 5010.55 4729.07 4600.81 4621.39 4674.37 4596.37 4445.61 4147.09 4013.89 3934.32 3917.08 3922.07 3962.73 3987.74 4395.89 4256.2 4050.25 3922.68 3821.97 3795.49 3780.97 3784.25 3814.6 3822.54 3836.39 3838.24 3917.45 4023.19 4257.19 4413.74 4556.98 4666.6
5298 5329.08 5364.82 5346.86 5323.24 5346.89 5355.43 5368.82 5408.06 5478.35 5498.72 5504.02 5386.43 5258.86 5132.72 5029.54 5048.46 5147.69 5213.1 5298.14 5416.44 5488.79 5450.94 5374.34 5337.17 5342.42 5333.81 5237.11 5198.02 5197.78 5207.3 5209.7 5171.27 5109.51 5252 5275.33 4977.63 4919.5 4851.37 4741.09 4667.69 4582.8 4388.92 4258.57 4205.57 4202.42 4277.3 4229.4 4186.14 4328.63 4497.37 4435.78 4181.31 4095.14 3950.17 3866.56 3839.42 3876.65 3912.95 3977.36 4124.91 4160.08 4258.33 4398.63 4585.78 4729.86 4794.84
5284.28 5316.25 5371.07 5364.28 5343.39 5323.86 5358.22 5432.94 5484.39 5517.81 5556.33 5515.87 5420.23 5271.21 5115.88 5019.44 5060.54 5151.36 5281.21 5416.31 5391.99 5432.84 5414.99 5363.33 5352.77 5409.17 5385.78 5285.48 5265.26 5268.92 5299.66 5338.04 5366.12 5423.43 5507.8 5573.03 5218.73 5116.44 5094.58 5003.59 4881.15 4768.89 4617.25 4463.54 4372.94 4389.97 4508.16 4458.19 4375.26 4359.44 4388.56 4356.23 4390.6 4217.38 4078.05 3949.59 3887.85 3945.49 3987.76 4081.89 4142.2 4303.02 4403.1 4524.83 4619.06 4805.02 4861.63
5250.29 5249.67 5311.41 5374.53 5402.43 5336.58 5355.07 5451.56 5520.21 5519.02 5611.95 5625.93 5461.37 5291.27 5131.14 5027.17 5001.26 5063.88 5239.26 5370.4 5379.36 5403.04 5386.27 5319.91 5276.49 5375.03 5400.63 5300.94 5289.66 5329.02 5381.18 5463.47 5524.87 5534.02 5636.63 5763.49 5509.63 5283.03 5210.85 5248.63 5089.86 4883.64 4755.6 4607.22 4503.68 4492.04 4534.84 4472.74 4379.14 4339.04 4312.14 4292.79 4275.97 4280.31 4172.29 4040.59 3954.77 3995.91 4078.7 4234.35 4417.96 4545.16 4625.21 4664.93 4696.89 4875.29 4950.73
5239.47 5203.61 5255.7 5351.6 5374.04 5339.2 5323.46 5338.42 5379.26 5433.21 5537.8 5570.36 5450.51 5308.03 5154.48 5040.19 5000.19 5034.31 5143.32 5235.94 5308.69 5375.05 5373.53 5282.47 5223.56 5304.41 5379.45 5375.93 5363.5 5361.22 5401.54 5474.02 5557.88 5582.41 5591.42 5603.64 5667.68 5557.12 5298.77 5101.29 5002.97 4911.69 4826.07 4706.28 4627.03 4580.39 4528.16 4451.93 4393.36 4345.76 4293.1 4279.43 4272.59 4275.56 4236.02 4166.21 4102.36 4141.24 4152.55 4324.6 4599.57 4705.66 4792.69 4816.91 4895.89 5017.16 5089.75
5255.41 5212.19 5242.09 5345.02 5392 5297.79 5268.67 5338.17 5354.43 5358.5 5407.46 5433.84 5405.96 5322.65 5223.93 5085.18 5004.28 5017.62 5074.16 5137.35 5198.33 5298.99 5323.71 5223.66 5152.95 5149.66 5248.68 5217.52 5290.9 5339.33 5386.99 5405.48 5445.21 5479.03 5457.92 5494.28 5681.04 5634.19 5648.74 5308.19 5057.45 4918.44 4857.52 4789.36 4727.46 4651.85 4651.29 4549.87 4511.28 4471.56 4362.01 4322.25 4307.58 4310.42 4329.97 4380.51 4370.47 4419.03 4349.66 4361.13 4407.25 4521.16 4774.82 4954.96 5112.09 5432.43 5298.3
5272.44 5227.42 5228.64 5290.97 5318.99 5290.94 5288.27 5385.71 5362.49 5325.8 5367.12 5385.06 5371.36 5333.91 5248.75 5138.64 5037.73 5024.23 5058.36 5050.6 5101.5 5155.66 5148.45 5135 5110.29 5117.33 5122.9 5157.44 5217.06 5329.06 5408.35 5450.75 5537.8 5498.92 5398.47 5361.86 5335.4 5384.88 5435.71 5430.57 5274.6 5075.12 4930.91 4929.58 5001.44 5033.23 5005.5 4931.67 4890.12 4842.72 4792.4 4652.18 4626.37 4591.61 4599.36 4746.64 4867.04 4921.35 4771.81 4653.12 4632.06 4722.07 4950.58 5220.54 5416.85 5421.69 5349.66
5272.78 5254.01 5240.09 5259.71 5282.48 5302.24 5330.17 5348.27 5332.15 5308.85 5313.85 5328.92 5329.28 5335.59 5388.36 5218.76 5125.89 5132.6 5158.01 5121.58 5100.77 5112.84 5097.28 5101.17 5117.65 5163.13 5134.4 5176.16 5289.48 5371.72 5457.91 5539.54 5544.58 5476.55 5364.23 5281.46 5188.82 5182 5208.83 5320.67 5367.65 5295.04 5228.87 5255.05 5307.47 5452.22 5385.51 5468.24 5315.67 5257.49 5313.38 5178.59 5177.15 5090.99 5040.13 5199.1 5400.21 5414.31 5319.56 5165.26 5099.44 5213.57 5211.05 5324.57 5311.25 5139.01 5050.7
5247.55 5243.7 5238.03 5229.95 5255.37 5284.92 5314.35 5294.81 5289 5284.09 5274.84 5276.16 5276.11 5274.33 5265.72 5257.28 5277.12 5404.04 5358.94 5254.14 5192.96 5191.89 5159.51 5156.43 5175.42 5210.68 5195.73 5216.33 5315.91 5380.12 5447.4 5543.74 5536.03 5437.47 5312.37 5238.61 5166.32 5154.74 5202.85 5295.36 5383.87 5377.86 5354.96 5374.8 5372.21 5417.43 5470.22 5536.88 5478.51 5447.67 5501.74 5480.17 5483.82 5456.11 5560.73 5568.15 5685.72 5673.17 5637.68 5534.15 5416.22 5410.21 5285.65 5186.06 5068.46 5021.79 5007.62
5203.4 5208.91 5214.79 5230.72 5242.95 5254.4 5247.48 5246.62 5247.6 5246.47 5238.71 5229.04 5218.97 5209.72 5213.88 5254.67 5353.09 5484.73 5459.55 5377.92 5361.48 5346.79 5341.67 5282.11 5203.12 5199.67 5196.19 5229.98 5283.65 5334.59 5376.1 5394.62 5469.62 5399.48 5304.59 5248.41 5184.62 5172.29 5258.83 5307.68 5325.99 5312.82 5258.3 5243.51 5320.67 5354.34 5418.6 5439.46 5436.02 5431.79 5425.75 5441.78 5423.84 5483.85 5628.14 5686.07 5744.54 5640.48 5461.45 5329.96 5374.36 5355.57 5230.71 5092.53 5019.71 5020.82 5020.32
5162.08 5157.92 5165.51 5219.2 5228.65 5232.51 5236.88 5223.07 5213.88 5207.81 5201.4 5185.57 5177.64 5175.81 5188.63 5223.84 5239.15 5332.54 5395.62 5424.67 5436.27 5455.16 5515.35 5426.13 5288.23 5230.91 5262.75 5269.41 5293.05 5321.34 5344.52 5385.14 5408.28 5346.12 5293 5252.31 5241.79 5171.51 5182.32 5206.4 5190.77 5204.71 5189.52 5186.97 5281.74 5418.24 5386.6 5314.82 5348.2 5387.03 5427.03 5440.04 5396.71 5401.4 5514.95 5563.8 5631.42 5425.63 5330.04 5313.72 5294.7 5265.11 5174.45 5065.35 5023.31 5023.99 5028.08
5148.17 5137.27 5157.06 5180.93 5206.73 5215.12 5211.13 5202.66 5178.09 5148.95 5119.88 5129.47 5143.76 5158.84 5183.09 5210.54 5222.89 5256.07 5289.82 5331.83 5407.97 5428.67 5461.93 5449.29 5366.4 5295.13 5280 5293.45 5316.98 5325.3 5301.79 5301.26 5320.12 5284.62 5234.75 5156.78 5078.83 5048.63 5107.03 5141.76 5151.28 5164.91 5169.75 5169.18 5240.98 5331.05 5325.17 5291.41 5310.37 5361.61 5385.55 5452.55 5360.68 5221.77 5233.84 5330.58 5353.59 5235.06 5228.1 5203.53 5221.98 5204.29 5149.97 5065.61 5034.38 5052.04 5057.11
5173.94 5163.58 5165.72 5179.3 5203.14 5214.63 5204.82 5193.53 5144.71 5086.3 5050.06 5082.79 5118.43 5144.29 5184.6 5221.84 5228.16 5247.39 5268.69 5273 5296.42 5329.01 5328.36 5279.37 5283.77 5303.14 5327.19 5310.87 5320.15 5323 5285.33 5281.99 5301.05 5284.17 5186.38 5103.16 5045.76 5087.32 5048.14 5097.66 5103.49 5146.44 5195.62 5208.14 5233.02 5250.43 5233.57 5239.41 5296.25 5345.81 5403.83 5376.8 5249.12 5189.91 5232.6 5253.52 5202.88 5195.94 5199.71 5204.08 5244.2 5217.29 5165.44 5101.61 5058.79 5073.13 5087
5191.89 5165.31 5157.78 5183.48 5209.34 5233.51 5239.24 5209.71 5135.67 5055.59 5027.05 5060.27 5108.36 5167.34 5205.33 5247.27 5249.69 5238.88 5269.07 5270.53 5266.72 5265.72 5245.79 5208.94 5230.68 5244 5234.17 5258.54 5285.69 5304.24 5227.84 5257.71 5307.35 5326.48 5270.19 5140.2 5076.96 5074.71 5082.68 5080.38 5087.97 5124.38 5162.89 5241.36 5259.75 5239.73 5214.4 5214.93 5255.37 5295.84 5330.08 5392.51 5215.06 5147.89 5202.44 5225.68 5213.36 5201.83 5226.67 5246.91 5246.32 5233.5 5191.81 5133.17 5098.1 5076.62 5069.98
5180.74 5171.52 5176.53 5191.87 5219.17 5254.6 5314.49 5230.52 5151.93 5059.09 5023.82 5051.48 5098.49 5147.28 5193.83 5234.62 5231.94 5221.61 5268.65 5246.83 5228.64 5218.1 5228.16 5338.96 5253.16 5239.91 5224.82 5198.49 5192.52 5159.76 5163.91 5181.06 5231.3 5250.94 5256.86 5237.95 5155.18 5068.07 5067.35 5075.38 5097.73 5114.36 5145.29 5221.29 5253.89 5237.44 5226.5 5220.61 5229.61 5279.4 5272.73 5188 5150.39 5117.64 5124.86 5132.3 5151.2 5211.35 5244.71 5274.89 5272.85 5239.95 5224.51 5172.44 5114.56 5090.86 5066.46
5188.26 5180.39 5193.48 5205.49 5218.68 5233.53 5239.94 5278.22 5177.4 5096.28 5059.85 5059.08 5078.85 5114.92 5149.65 5183.36 5193.81 5186.53 5170.71 5173.34 5157.12 5164.58 5197 5183.14 5200.1 5189 5185.97 5160.32 5131.88 5138.63 5156.68 5167.45 5184.16 5204.31 5198.85 5240.18 5237.81 5166.79 5135.13 5085.12 5095.11 5113.7 5132.62 5174.37 5230.91 5232.89 5227.63 5199.26 5181.76 5172.5 5190.91 5169.69 5141.84 5111.08 5098.59 5101.19 5120.56 5168.96 5214.88 5222.17 5216.54 5205.22 5199.71 5178.46 5126.9 5096.65 5064.61
5195.01 5189.88 5196.12 5205.91 5210.64 5207.34 5193.5 5177.88 5177.43 5159.54 5105.66 5065.31 5050.14 5056.78 5094.52 5120.89 5150.94 5160.54 5156.11 5139.95 5132.23 5155.87 5217.11 5212.05 5179.16 5140.38 5127.27 5126.76 5096.11 5103.88 5107.12 5122.74 5129.26 5111.32 5169.64 5277.16 5286.54 5304.79 5203.95 5104.98 5095.01 5121.32 5158.35 5194.49 5218.96 5218.38 5186.86 5158.97 5122.52 5112.63 5123.56 5147.22 5186.3 5122.68 5099.51 5104.67 5115.15 5132.31 5125.9 5141.89 5155.42 5144.43 5105.71 5099.47 5118.72 5098.47 5062.64
5184.46 5186 5197.91 5206.14 5208.27 5202.85 5181.71 5163.99 5172.57 5162.38 5097.18 5036.07 5028.52 5035.29 5060.18 5094.98 5120.76 5159.02 5153.39 5130.51 5123.26 5142.78 5245.22 5292.88 5194.59 5161.46 5085.56 5096.89 5083.25 5080.76 5085.31 5095.69 5110.53 5139.61 5154.44 5151.67 5200.15 5204.76 5136.39 5096.28 5100.54 5130.19 5173.5 5190.97 5190.29 5205.95 5192.19 5155.47 5130.22 5120.52 5140.96 5187.23 5193.86 5133.69 5101.92 5103.89 5111.01 5119.44 5102.5 5080.28 5099.87 5106.16 5090.9 5067.61 5077.45 5084.82 5039.52
