real_craters/C190-1000m.grd
DSAA
103 103
-51.09 51.09
-51.09 51.09
3459.3579987358 5947.5256886728
[rows 30 to 59 of 103, columns 0 to 66 of 103]
5294.35 5260.37 5230.26 5227.58 5253.69 5284.49 5320.87 5350.06 5358.4 5359.27 5347.51 5315.05 5318.97 5331.25 5336.75 5336.81 5334.53 5339.26 5350.72 5383.85 5431.55 5516.52 5549.55 5529 5502.39 5473.6 5510.41 5540.63 5557.06 5573.07 5638.69 5670.27 5598.27 5333.32 5046.93 4705.85 4598.73 4587.63 4603.29 4653.46 4610.65 4611.55 4579.88 4463.63 4287.35 4261.02 4175.12 4054.11 3969.59 3938.69 3877.26 3838.46 3816.65 3847.66 3902.34 3980.23 4086.51 4125.29 4044.21 4125.86 4178.82 4218.22 4259.78 4291.66 4334.96 4391.18 4455.68
5319.52 5273.52 5238.25 5223.98 5255.09 5272.7 5305.79 5335.56 5326.18 5315.03 5305.54 5287.76 5303.06 5316.96 5325.54 5327.25 5338.21 5332.28 5329.12 5326.35 5442.47 5522.42 5527.43 5489.3 5478.13 5468.42 5507.69 5569.09 5625.59 5687.74 5699.64 5715.8 5397.62 5018.58 4808.49 4642.2 4518.64 4481.54 4493.52 4476.3 4387.61 4371.76 4355.33 4241.72 4101.46 4045.73 3984.68 3907.32 3812.67 3754.23 3700.22 3695.66 3717.45 3763.12 3808.14 3851.06 3892.74 3895.07 3845.87 3997.34 4066.42 4172.5 4214.6 4188 4262.88 4368.09 4464.43
5309.8 5268.21 5239.95 5234.51 5239.58 5238.75 5233.1 5254.59 5271.41 5282.74 5296.05 5310.29 5301.29 5295.02 5322.08 5312.18 5307.16 5310.14 5305.97 5302.3 5437.26 5519.46 5562.62 5497.78 5485.84 5476.97 5534.79 5617.32 5709.28 5822.76 5898.85 5500.1 5082.38 4774.43 4639.17 4530.56 4415.8 4418.88 4307.36 4213.05 4123.69 4069.42 4058.32 3994.57 3912.75 3841.57 3849.06 3802.6 3677.6 3628.75 3600.74 3614.63 3654.74 3705.36 3707.13 3704.35 3697.77 3687.13 3698.15 3772.91 3867.58 3896.93 3913.14 4016.98 4157.82 4287.81 4398.83
5251.72 5250.69 5233.48 5219.15 5218.55 5205.38 5186.38 5178.97 5231.4 5274.18 5294.38 5314.23 5310.45 5316.4 5310.61 5309.19 5299.51 5298.41 5300.11 5315.07 5415.22 5453.53 5479.24 5502.65 5490.61 5498.06 5558.02 5642.81 5740.94 5809.48 5671.9 5205.15 4790.71 4591.98 4526.49 4449.83 4376.88 4306.68 4077.43 3988.58 3953.49 3952.87 3902.55 3800.68 3715.63 3701.98 3666.12 3639.97 3551.34 3558.82 3569.41 3576.89 3576.53 3551.96 3580.78 3580.44 3540.65 3537.2 3579.38 3665.13 3694.11 3689.67 3722.36 3869.12 4026.72 4239.05 4352.05
5285.64 5262.13 5238.6 5218.1 5211.67 5202.35 5172.88 5179.14 5208.46 5270.49 5293.09 5321.07 5288.53 5286.09 5334.37 5317.76 5301.72 5296.6 5297.1 5304.2 5347.46 5416.35 5461.99 5502.95 5512.06 5515.4 5573.08 5614 5649.02 5642.37 5396.97 4923.53 4595.63 4505.1 4457.1 4420.41 4363.48 4022.63 3888.05 3852.72 3816.13 3816.32 3761.91 3655.78 3579.14 3556.18 3554.78 3533.84 3524.98 3536.99 3546.08 3546.74 3539.78 3525.26 3523.98 3524.17 3513.63 3513.33 3543.3 3580.5 3590.04 3580.27 3589.67 3703.31 3846 3999.66 4134.1
5274.38 5276.54 5267.31 5218.67 5232.89 5246.06 5243.5 5186.09 5178.38 5195.07 5256.9 5281.21 5281.21 5282.7 5333.78 5334.42 5315.22 5303.75 5301.67 5305.64 5342.05 5477.98 5557.47 5550.24 5635.38 5651.82 5611.77 5550.15 5480.38 5392.24 5103.8 4696.75 4556.14 4462.91 4388.65 4318.6 4178.07 4017.25 3997.07 3787.37 3667.27 3635.73 3593.57 3561.08 3526.28 3522.64 3517.88 3518.19 3520.84 3535.22 3534.9 3528.74 3519.73 3507.31 3508.61 3507.31 3506.65 3504.3 3517.26 3536.76 3543.23 3538.34 3545.47 3597.31 3672.26 3715.05 3861.48
5268.75 5290.09 5333.55 5382.13 5308.82 5271.65 5247.78 5185.6 5127.61 5142.29 5189.61 5257.1 5286.86 5327.32 5353.89 5366.27 5333.58 5322.96 5309.13 5301.55 5351.55 5522.42 5585.81 5636.51 5808.29 5831.58 5626 5448.54 5271.68 5098.45 4833.1 4572.25 4458.34 4384.23 4301.01 4201.73 4058.36 3862.61 3797.33 3704.53 3616.91 3582.25 3558.61 3531.76 3516.22 3512.41 3518.26 3555.79 3551.95 3541.74 3535.46 3525.02 3519.84 3517.98 3512.15 3504.57 3503.35 3499.54 3501.13 3514.81 3521.56 3522.7 3525.58 3542.95 3578.82 3641.67 3712.99
5304.05 5324.37 5322.96 5309.84 5234.78 5182.5 5121.18 5077.96 5044.72 5058.53 5165.77 5208.42 5209.99 5306.25 5440.79 5404.65 5374.97 5347.01 5320.88 5307.28 5429.66 5586.23 5592.91 5673.64 5809.66 5824.15 5570.91 5313.47 5046.97 4784.47 4597.59 4494.63 4366.55 4299.41 4215.85 4108.6 3936.68 3816.75 3735.21 3627.64 3570.24 3550.28 3534.23 3512.25 3508.88 3502.49 3522.11 3554.45 3544.92 3534.33 3542.11 3524.24 3527.23 3541.22 3513.55 3499.35 3488.31 3497.08 3516.96 3508.97 3509.77 3511.22 3513.85 3514.01 3520.34 3534.76 3604.28
5357.45 5328.17 5252.42 5183.66 5122.88 5095.67 5045.26 5027.26 5009.58 5032.53 5120.8 5157.03 5193.82 5279.69 5372.86 5328.17 5331.53 5349.49 5328.22 5344.12 5450.8 5624.45 5629.8 5776.87 5850.7 5740.32 5491.51 5177.5 4863.7 4571.2 4452.09 4393.14 4329.64 4245.48 4151.11 4046.05 4021.98 3941.01 3757.61 3582.48 3529.96 3525.72 3508.4 3502.26 3523.3 3517.02 3535.59 3527.72 3542.79 3533.26 3542.08 3517.68 3502.27 3503.81 3501.39 3495.77 3492.11 3491.78 3492.07 3497.45 3499.63 3498.55 3497.74 3503.18 3499.74 3506.61 3533.25
5251.74 5231.44 5231.73 5199.39 5163 5149.71 5169.4 5084.34 5019.87 5027.55 5094.09 5148.27 5162.51 5208.85 5233.82 5256.96 5305.5 5345.42 5326.46 5320.26 5472.97 5648.15 5631.64 5704.27 5862.83 5702.59 5419.56 5068.95 4750.93 4465.06 4398.92 4358.99 4300 4242.8 4100.46 3982.9 3847.18 3792.19 3702.92 3549.03 3513.24 3509.33 3501.46 3501.12 3504.37 3615.95 3675.82 3584.91 3645.96 3622.28 3552.42 3504 3504.11 3494.14 3491.09 3492.19 3491.66 3492.29 3491.04 3491.96 3493.26 3493.29 3493.4 3494.47 3494.68 3495.94 3493.25
5229.58 5226.15 5233.33 5242.18 5244.77 5259.56 5237.89 5135.71 5050.72 5034.24 5067.6 5097.05 5096.29 5139.12 5180.08 5211.69 5268.38 5311.01 5332.76 5366.8 5404.7 5481.6 5603.76 5721.84 5880.89 5649.86 5332.77 5002.88 4700.28 4477.39 4406.71 4394.85 4318.95 4105.8 4025.42 3909.9 3828.28 3659.24 3607.05 3518.97 3505.52 3504.25 3500.4 3523.78 3510.58 3523.74 3524.72 3621.06 3621.08 3581.42 3565.51 3529.17 3509.8 3501.26 3490.58 3490.42 3490.04 3488.37 3489.2 3489.95 3490.74 3491.47 3492.85 3493.67 3493.34 3493.58 3493.11
5203.86 5184.56 5293.35 5297.36 5296.77 5237.42 5144.05 5107.33 5058.09 5039.95 5040.41 5032.93 5037.31 5110.82 5174.51 5208.47 5250.32 5283.52 5310.19 5317.95 5401.72 5578.78 5657.13 5729.91 5773.29 5529.8 5235.73 4940.28 4674.78 4474.33 4382.16 4316.84 4265.24 4142.93 3959.76 3820.91 3657.9 3579.12 3543.23 3511.3 3507.21 3517.8 3554.38 3533.42 3565.89 3698.97 3605.84 3630.38 3623.24 3610.97 3588.15 3583.19 3531.98 3492.39 3488.26 3487.85 3488.03 3487.84 3486.63 3486.95 3487.78 3488.93 3489.92 3490.74 3492.6 3497.13 3503.18
5223.75 5261.66 5272.38 5296.04 5290.15 5245.21 5158.62 5109.07 5057.09 5052.68 5054.98 5052.81 5087.88 5143.64 5189.31 5217 5253.03 5293.04 5305.68 5326.84 5436.03 5631.85 5722.92 5699.97 5565.73 5406.77 5159.77 4889.53 4628.94 4412.7 4302.63 4162.18 4072.47 4027.39 3896.45 3749.03 3613.04 3572.06 3529.37 3508.14 3505.79 3528.31 3562.48 3522.16 3536.91 3565.37 3608.32 3622.14 3602.08 3604.31 3571.95 3554.88 3516.06 3489.66 3490.1 3498.87 3492.03 3486.07 3485.73 3485.73 3485.79 3486.96 3488.9 3491.31 3492.9 3501.82 3515.16
5236.26 5278.27 5260.6 5277.06 5314.16 5308.43 5247.24 5157.35 5100.19 5094.63 5104.69 5116.8 5181.03 5191.81 5196.41 5214.7 5272.9 5323.54 5329.84 5358.21 5437.43 5553.35 5700.42 5776.25 5586.41 5339.65 5084.23 4831.33 4583.99 4370.68 4231.42 4088.46 3995.2 3926.42 3837.09 3705.69 3599.3 3546.69 3520.69 3506.07 3518.19 3544.58 3538.16 3561.33 3581.26 3579.73 3610.02 3612.67 3582.56 3535.33 3545.24 3525.03 3490.98 3482.12 3491.64 3516.92 3497.16 3487.1 3490.61 3489.55 3484.97 3484.67 3487.05 3491.01 3494.26 3501.21 3512.37
5203.99 5191.34 5181.43 5230.91 5276.29 5278.99 5244.26 5197.12 5166.73 5164.49 5178.49 5210.24 5219.38 5205.87 5210.7 5221.94 5335.49 5438.55 5452.39 5465.13 5579.34 5678.88 5665.05 5719.47 5552.16 5300.05 5041.45 4787.47 4551.68 4331.35 4159.9 3981 3942.61 3890.46 3796.53 3674.24 3578.48 3532.15 3507.96 3508.19 3524.51 3527.11 3516.45 3565.57 3613.5 3630.7 3645.74 3613.85 3616.79 3598.3 3569.67 3527.08 3486.46 3477.58 3489.42 3544.25 3509.21 3506.34 3504.62 3496.77 3488.72 3483.08 3485.82 3489.97 3493.34 3495.42 3496.09
5181.48 5165.1 5173.7 5210.68 5225.74 5198.57 5208.61 5228.35 5226.19 5238.94 5251.38 5245.13 5208.74 5220.11 5278.66 5306.22 5440.92 5583.37 5598.31 5550.79 5538.83 5683.76 5646.59 5567.99 5441.47 5248.25 5005.38 4749.81 4497.94 4308.59 4107.25 3937.09 3871.95 3848.61 3785.35 3664.97 3558.68 3520.66 3517.25 3525.98 3536.71 3531.39 3505.57 3539.48 3597.96 3612.44 3599.32 3605.88 3572.06 3617.14 3587.53 3527.75 3486.01 3479.08 3486.37 3510.98 3595.39 3554.28 3521.92 3502.23 3489.27 3481.31 3483.31 3488.28 3491.43 3492.09 3493.68
5155 5150.81 5180.59 5219.37 5233.39 5203.37 5216.97 5259.31 5285.44 5284.85 5309.13 5324.75 5255.42 5265.26 5309.96 5444.86 5521.75 5635.84 5670.87 5618.53 5637.89 5600.08 5542.36 5500.35 5404.63 5176.08 4934.24 4699.05 4475.15 4275.58 4067.42 3912.56 3841.26 3839.89 3782.93 3655.24 3555.92 3513.84 3525.27 3565.02 3575.42 3564.34 3540.65 3558.15 3562.52 3547.37 3554.51 3568.72 3543.75 3534.15 3523.96 3499.96 3483.53 3489.93 3511.59 3536.16 3535.06 3543.13 3527.01 3506.87 3490.17 3479.92 3480.33 3484.93 3488.4 3490.28 3491.88
5138.84 5139.58 5219.67 5236.42 5272.84 5287.11 5239.87 5259.02 5277.65 5288.84 5323.82 5391.44 5413.1 5305.14 5364.63 5414.05 5487.94 5535.03 5498.48 5628.6 5743.8 5629.69 5558.68 5534.1 5323.41 5093.67 4851.57 4608.73 4391.38 4228.06 4036.28 3905.86 3865.15 3767.76 3649.31 3554.07 3513.25 3524.33 3563.79 3573.61 3600.16 3620.42 3612.84 3604.01 3585.72 3564.6 3534.27 3519.7 3511.03 3495.3 3484.57 3484.63 3481.84 3497.45 3529.51 3536.28 3543.8 3535.43 3522.53 3505.2 3487.52 3478.14 3478.3 3482.45 3488.36 3489.1 3490.16
5127.92 5126.91 5169.98 5217.15 5239.03 5233.37 5231.63 5233.16 5246.84 5260.83 5281.39 5339.68 5467.4 5363.15 5435.12 5456.28 5483.14 5492.67 5447.19 5586.92 5812.13 5676.47 5586.36 5565.82 5303.3 5008.24 4753.94 4508.51 4281.87 4167.89 4023.11 3913.61 3842.75 3721.6 3620.82 3535.47 3512.86 3517.06 3545.83 3552.6 3566.81 3587.28 3600.9 3615.84 3610.68 3583.92 3560.19 3503.02 3509.47 3485.34 3481.51 3479.31 3480.34 3491.59 3501.12 3506.25 3523.66 3529.78 3526 3513.87 3492.37 3477.34 3482.36 3481.98 3485.35 3486.78 3487.75
5133.04 5127.79 5178.73 5206.51 5218.7 5236 5232.78 5223.34 5227.45 5234.12 5236.07 5260.53 5364.9 5361.36 5371.9 5436.06 5482.43 5486.69 5396.53 5457.67 5547 5656.19 5713.05 5661.91 5235.32 4934.55 4689.92 4445.28 4239.85 4132.93 4052 3949.64 3858.05 3712.99 3623.8 3561.56 3511.15 3504.05 3510.64 3532.06 3539.58 3554.96 3566.4 3585.75 3614.74 3585.19 3542.83 3557.61 3502.78 3488.43 3478.41 3483.62 3479.02 3482.88 3493.76 3491.57 3520.07 3529.55 3534.73 3533.94 3518.3 3504.38 3497.57 3488.67 3482.49 3484.2 3486.02
5148.88 5149.25 5192.47 5210.34 5218.22 5236.65 5240.73 5231.68 5230.49 5231.79 5232.53 5246.35 5274.46 5300.6 5313.64 5410.24 5471.79 5442.64 5353.61 5338.89 5345.79 5493.15 5660.02 5757.69 5322.16 4943.05 4664.47 4418.65 4221.86 4144.36 4091.33 3977.46 3862.29 3730.9 3627.84 3570.95 3505.42 3499.92 3502.91 3513.89 3534.1 3538.2 3544.88 3576.55 3601.13 3586.1 3543.87 3532.8 3517.51 3497.15 3473.94 3482.02 3478.94 3480.59 3481.59 3489.04 3510.71 3524.1 3541.77 3565.15 3591.47 3561.33 3517.79 3492.04 3475.7 3478.59 3483.53
5170.49 5174.91 5201.22 5216.53 5224.49 5227.28 5233.26 5244.49 5240.81 5247.56 5253.86 5253.08 5256.31 5266.9 5280.67 5388.33 5460.62 5412.18 5333.22 5301.81 5305.09 5355.95 5572.31 5733.3 5312.45 4928.01 4673.09 4461.35 4286.96 4176.78 4076.1 3964.91 3829.67 3677.5 3577.92 3509.58 3501.42 3498.38 3501.58 3522.12 3548.73 3554.07 3565.6 3595.42 3582.14 3595.49 3596.94 3553.44 3510.77 3498.24 3481.04 3473.52 3477.06 3482.54 3477.77 3481.04 3493.22 3513 3540.36 3572.51 3610.73 3580.37 3520.33 3476.55 3474.02 3474.08 3479.34
5195.05 5194.01 5220.41 5226.37 5230.03 5242.45 5233.65 5236.74 5246.19 5254.4 5279.22 5271.75 5236.26 5247.04 5267.33 5352.91 5422.76 5433.62 5353.84 5289.08 5299.6 5366.38 5664.53 5585.85 5209.84 4874.82 4694.06 4533.29 4375.77 4238.66 4087.11 3974.84 3857.76 3687.22 3565.74 3507.64 3501.11 3510.52 3538.25 3544.01 3566.54 3583.47 3600.9 3623.28 3648.42 3617.45 3580.06 3539.47 3516.29 3508.02 3491.7 3475.85 3476.37 3485.64 3498.05 3482.85 3482.07 3501.86 3522.5 3539.51 3552.8 3538.88 3503.33 3473.36 3474.21 3475.66 3479.62
5225.89 5228.56 5238.16 5240.69 5258.02 5283.79 5264.12 5261.5 5251.19 5246.25 5228.27 5225.26 5214.03 5203.95 5231.09 5315.54 5398.29 5458.83 5414.46 5323.59 5285.29 5377.35 5678.61 5488.3 5152.83 4870.46 4732.18 4620.36 4481.74 4338.68 4176.39 4032.53 3899.02 3767.84 3580.3 3494.21 3504.22 3522.83 3548.66 3567.29 3588.97 3616.47 3648.66 3681.34 3681.37 3634.59 3596.33 3562.9 3522.08 3521.9 3501.33 3486.9 3478 3466.61 3478.41 3469.57 3477.25 3487.97 3499.84 3499.88 3486.07 3494.02 3486.92 3473.54 3475.93 3476.09 3480.51
5252.47 5262.38 5264.33 5267.86 5286.04 5315.18 5325.1 5259.29 5244 5238.91 5241.49 5227.2 5214.27 5204.66 5222.85 5285.36 5354.08 5466.28 5418.13 5351.51 5349.21 5400.13 5579.79 5445.81 5148.35 4878.95 4785.83 4735.63 4584.33 4438.32 4290.84 4090.24 3930.26 3816.13 3598.52 3497.38 3502.55 3517.98 3551.9 3570.83 3601.94 3622.64 3646.65 3651.68 3676.44 3620.03 3570.08 3534.03 3545.1 3528.4 3522.47 3505.81 3494.74 3481.14 3479.97 3485.16 3480.91 3483.36 3485.94 3487 3486.89 3485.24 3487.82 3488.78 3490.38 3486.42 3484.32
5254.77 5269.71 5285.51 5294.74 5305.83 5293.53 5254.26 5228.71 5222.92 5222.05 5221.43 5222.74 5222.24 5218.28 5230.4 5288.53 5333.77 5359.25 5391.76 5372.31 5401.9 5464.79 5592.16 5510.03 5201.23 4959.06 4849.55 4763.49 4636.54 4486.33 4295.77 4109.27 3923.64 3751.3 3605.5 3505.29 3497.29 3509.98 3540.85 3570.14 3588.14 3607.64 3637.3 3608.09 3616.35 3574.81 3538.24 3526.04 3572.81 3547.7 3557.38 3539.34 3512.73 3509.9 3499.45 3481.39 3478.12 3479.92 3482.13 3484.06 3485.97 3483.18 3487.48 3491.53 3489.04 3487.34 3487.47
5243.71 5262.31 5292.79 5318.06 5303.89 5244.6 5201.99 5185.67 5188.57 5208.75 5222.72 5228 5231.86 5231.25 5247.03 5313 5425.04 5512 5407.14 5356.57 5410.58 5493.66 5605.89 5579.21 5251.07 4990.36 4930.01 4907.99 4695.25 4519.56 4324.84 4119.93 3927.39 3742.01 3635.39 3520.59 3496.68 3494.43 3525.77 3557.76 3559.31 3586.48 3610.39 3583.24 3523.68 3522.56 3505.51 3516.4 3619.02 3531.74 3506.24 3497.48 3502.8 3499.73 3493.22 3472.64 3474.99 3479.22 3481.21 3481.92 3482.63 3482.7 3484.88 3487.19 3488.89 3486.36 3488.75
5196.49 5219.04 5255.24 5300.31 5194.91 5136.45 5092.9 5112.09 5147.94 5181.85 5218.72 5229.79 5238.63 5255.03 5248.15 5309.32 5406.81 5453.76 5429.34 5406.41 5403.06 5436.78 5528.72 5493.98 5212.28 5028.92 5015.48 4963.13 4729.81 4473.95 4284.3 4131.79 3967.95 3795.96 3661.82 3533.81 3491.95 3490.65 3498.75 3507.51 3526.04 3547.91 3538.73 3537.31 3522.84 3495.4 3481.95 3478.21 3503.81 3484.25 3477.31 3477.55 3482.39 3478.08 3478.56 3473.95 3480.02 3480.74 3481.65 3481.95 3483.01 3483.74 3485.25 3487.19 3488.75 3490.11 3491.36
5188.59 5190.18 5172.76 5120.45 5051.82 5034.46 5022.38 5054.02 5115.75 5149.95 5174.81 5216.63 5241.58 5263.32 5262.73 5267.29 5323.76 5380.07 5414.74 5419.37 5346.15 5369.61 5374.06 5167.39 5062.45 4993.61 5014.56 5003.51 4759.65 4501.87 4326.46 4175.29 4025.9 3893.64 3729.78 3550.95 3488.44 3493.56 3489.87 3488.66 3494.27 3529.77 3530.43 3531.65 3495.83 3482.3 3469.89 3461.49 3469.57 3474.76 3475.71 3475.48 3474.36 3476.78 3474.1 3473.28 3480.4 3481.7 3482.54 3482.28 3483.52 3484.8 3485.71 3487.56 3489.41 3490.93 3493.16
5259.09 5182.21 5128.11 5069.44 5018.9 5005.26 5008.47 5055.69 5119.94 5178.08 5209.5 5219.4 5234.23 5294.5 5228.81 5208.33 5298.86 5360.41 5356.42 5279.67 5265.4 5281.67 5282.17 5108.58 5008.5 4887.39 4844.15 4863.61 4759.43 4663.97 4432.22 4233.86 4071.05 3922.75 3746.82 3587.1 3496.34 3491.08 3489.93 3489.29 3491.6 3524.11 3532.54 3514.52 3499.52 3485.98 3470.96 3460.68 3463.05 3465.35 3464.88 3469.25 3468.64 3468.58 3471.96 3474.31 3479.07 3482.08 3484.36 3486.64 3486.59 3486.95 3487.66 3488.97 3490.26 3491.58 3494.26
