real_craters/C190-750m.grd
DSAA
239 239
-89.4075 89.4075
-89.4075 89.4075
7967.1868329395 10578.39573617
[rows 148 to 184 of 239, columns 0 to 82 of 239]
9433 9428 9425 9433 9441 9446 9447 9446 9441 9442 9445 9440 9403 9448 9462 9467 9471 9475 9484 9492 9487 9484 9484 9485 9490 9493 9498 9510 9510 9507 9508 9509 9509 9520 9535 9569 9584 9523 9442 9346 9252 9175 9362 9560 9580 9552 9530 9526 9533 9539 9567 9569 9566 9552 9615 9647 9647 9645 9643 9642 9635 9628 9625 9620 9612 9610 9605 9602 9606 9603 9607 9594 9575 9572 9566 9576 9584 9592 9597 9617 9694 9746 9812
9429 9428 9425 9426 9430 9434 9439 9444 9453 9448 9444 9445 9458 9443 9441 9462 9466 9470 9473 9473 9474 9479 9482 9484 9484 9487 9493 9495 9497 9503 9510 9512 9515 9518 9525 9544 9553 9525 9479 9433 9409 9440 9601 9669 9579 9551 9522 9520 9535 9553 9569 9561 9563 9583 9609 9626 9636 9640 9641 9640 9638 9634 9632 9634 9628 9620 9609 9602 9594 9592 9583 9577 9565 9562 9560 9570 9581 9593 9621 9633 9679 9701 9737
9426 9424 9427 9417 9405 9418 9430 9439 9439 9446 9444 9442 9439 9435 9434 9452 9453 9458 9462 9464 9470 9477 9482 9486 9487 9489 9493 9489 9489 9495 9500 9502 9514 9521 9528 9534 9542 9528 9515 9510 9537 9622 9667 9597 9552 9536 9511 9510 9517 9546 9562 9545 9553 9574 9599 9614 9624 9634 9640 9644 9644 9638 9635 9636 9632 9620 9611 9601 9592 9591 9592 9578 9570 9567 9569 9574 9586 9609 9649 9662 9669 9687 9715
9422 9415 9413 9412 9412 9415 9427 9436 9438 9442 9441 9436 9431 9432 9442 9443 9444 9445 9445 9454 9472 9472 9479 9491 9507 9518 9500 9486 9482 9486 9496 9492 9499 9515 9524 9525 9533 9538 9545 9554 9585 9623 9620 9569 9531 9512 9505 9512 9521 9532 9549 9530 9546 9564 9581 9597 9608 9620 9632 9641 9643 9638 9641 9644 9634 9623 9614 9603 9592 9591 9593 9580 9577 9575 9574 9578 9590 9615 9658 9667 9673 9705 9758
9417 9409 9409 9406 9404 9414 9428 9441 9449 9445 9440 9434 9430 9430 9444 9440 9435 9436 9442 9442 9440 9451 9469 9488 9508 9517 9497 9477 9466 9474 9485 9492 9504 9514 9518 9523 9532 9549 9566 9587 9609 9626 9612 9566 9525 9516 9511 9519 9530 9525 9543 9560 9552 9553 9556 9575 9590 9607 9623 9637 9644 9640 9642 9635 9632 9627 9617 9607 9598 9591 9591 9606 9593 9590 9580 9579 9600 9635 9675 9691 9681 9705 9736
9411 9405 9401 9398 9401 9411 9426 9446 9455 9446 9438 9433 9430 9433 9447 9437 9428 9428 9430 9430 9426 9438 9459 9478 9491 9492 9485 9469 9464 9468 9480 9490 9501 9508 9509 9510 9524 9546 9569 9591 9607 9613 9598 9554 9543 9521 9519 9526 9532 9543 9544 9563 9554 9547 9543 9554 9575 9596 9615 9632 9642 9639 9641 9630 9634 9630 9620 9610 9603 9594 9560 9519 9598 9625 9598 9591 9618 9662 9693 9682 9672 9708 9724
9409 9403 9397 9393 9396 9406 9416 9431 9443 9437 9434 9433 9434 9440 9454 9440 9426 9423 9424 9426 9428 9437 9454 9470 9480 9482 9477 9466 9460 9464 9476 9491 9494 9496 9499 9503 9520 9541 9562 9582 9597 9606 9602 9567 9555 9532 9521 9525 9532 9506 9514 9518 9536 9543 9552 9545 9567 9588 9608 9625 9632 9632 9636 9632 9629 9625 9620 9614 9608 9605 9573 9531 9593 9633 9618 9620 9641 9661 9674 9679 9661 9722 9726
9409 9403 9394 9386 9396 9399 9401 9400 9409 9421 9427 9431 9438 9446 9475 9440 9427 9419 9419 9425 9433 9443 9453 9464 9475 9481 9475 9460 9447 9457 9470 9478 9482 9486 9496 9501 9520 9539 9557 9576 9593 9604 9604 9576 9551 9532 9520 9518 9518 9528 9519 9510 9523 9538 9551 9561 9566 9581 9601 9620 9636 9630 9635 9634 9630 9624 9620 9616 9612 9609 9613 9621 9608 9605 9643 9658 9667 9661 9658 9659 9673 9668 9670
9411 9406 9397 9386 9393 9395 9393 9390 9398 9409 9419 9427 9435 9439 9447 9442 9431 9420 9419 9424 9432 9440 9449 9461 9471 9481 9471 9456 9446 9451 9461 9471 9474 9480 9496 9512 9523 9537 9554 9571 9588 9600 9603 9576 9569 9540 9525 9518 9519 9525 9519 9511 9519 9533 9546 9549 9556 9575 9596 9614 9627 9628 9639 9639 9632 9626 9622 9615 9610 9613 9605 9619 9649 9679 9688 9702 9676 9658 9658 9653 9675 9647 9627
9405 9403 9400 9400 9397 9395 9393 9394 9398 9406 9414 9421 9429 9436 9442 9441 9437 9427 9425 9429 9431 9429 9449 9460 9463 9459 9454 9449 9447 9459 9461 9462 9470 9478 9494 9511 9523 9538 9552 9568 9581 9594 9596 9573 9572 9551 9534 9522 9516 9515 9515 9511 9519 9532 9538 9533 9547 9571 9592 9611 9625 9633 9648 9642 9634 9633 9623 9614 9606 9600 9633 9657 9679 9705 9695 9684 9638 9635 9627 9594 9599 9592 9591
9411 9400 9398 9398 9397 9395 9395 9398 9399 9403 9409 9413 9420 9428 9435 9433 9428 9429 9429 9437 9449 9459 9467 9466 9460 9452 9446 9444 9442 9450 9462 9465 9473 9485 9494 9505 9518 9532 9545 9559 9575 9588 9596 9588 9568 9557 9533 9535 9520 9511 9509 9505 9520 9537 9552 9557 9556 9578 9594 9608 9620 9630 9640 9634 9625 9617 9620 9619 9618 9627 9675 9686 9680 9669 9657 9640 9639 9616 9596 9584 9583 9572 9575
9412 9412 9400 9401 9400 9397 9394 9393 9397 9401 9407 9413 9415 9423 9426 9422 9413 9409 9422 9443 9468 9498 9488 9473 9461 9450 9445 9446 9450 9475 9469 9470 9477 9488 9493 9504 9516 9527 9538 9550 9563 9574 9582 9581 9570 9565 9539 9536 9536 9512 9489 9510 9524 9543 9563 9580 9595 9598 9603 9608 9613 9618 9616 9621 9618 9612 9614 9635 9658 9686 9711 9701 9674 9638 9626 9622 9604 9602 9599 9577 9562 9561 9562
9408 9404 9405 9406 9404 9398 9392 9390 9392 9397 9402 9410 9415 9414 9416 9414 9405 9403 9419 9442 9468 9494 9487 9471 9460 9452 9452 9451 9459 9470 9467 9472 9479 9486 9498 9506 9512 9519 9528 9536 9546 9556 9567 9572 9612 9596 9586 9567 9537 9520 9503 9511 9527 9544 9567 9596 9607 9610 9608 9606 9603 9604 9610 9617 9618 9616 9629 9659 9687 9708 9726 9708 9671 9636 9616 9609 9598 9589 9579 9567 9561 9554 9555
9409 9409 9410 9416 9409 9399 9389 9385 9386 9389 9395 9404 9426 9433 9414 9414 9410 9406 9418 9435 9451 9462 9462 9458 9455 9450 9453 9452 9457 9467 9466 9472 9481 9490 9501 9500 9504 9512 9517 9522 9527 9536 9553 9573 9588 9611 9619 9587 9555 9532 9523 9523 9529 9540 9554 9573 9610 9609 9609 9608 9606 9602 9615 9623 9631 9642 9667 9688 9719 9740 9753 9708 9668 9632 9608 9598 9587 9576 9565 9561 9560 9555 9554
9417 9417 9414 9410 9407 9398 9389 9385 9385 9386 9387 9392 9401 9421 9422 9419 9419 9415 9421 9431 9437 9435 9438 9446 9448 9446 9448 9450 9453 9458 9465 9476 9486 9493 9497 9498 9502 9507 9509 9509 9510 9514 9528 9571 9589 9615 9631 9594 9561 9546 9545 9532 9532 9537 9539 9538 9576 9593 9603 9610 9614 9614 9620 9632 9647 9665 9686 9703 9724 9728 9708 9689 9660 9628 9606 9595 9577 9566 9560 9560 9553 9549 9553
9425 9426 9416 9412 9404 9399 9393 9389 9385 9382 9379 9377 9390 9427 9421 9422 9420 9423 9431 9436 9435 9431 9431 9439 9442 9443 9440 9450 9454 9463 9473 9484 9494 9501 9500 9505 9509 9508 9505 9502 9499 9497 9508 9570 9600 9606 9609 9601 9572 9556 9549 9545 9542 9540 9538 9542 9554 9577 9594 9610 9623 9617 9626 9643 9660 9677 9692 9701 9712 9701 9687 9675 9649 9623 9600 9584 9565 9560 9557 9560 9564 9561 9554
9486 9441 9421 9411 9403 9401 9401 9395 9389 9383 9375 9361 9345 9388 9416 9428 9437 9446 9445 9441 9438 9435 9437 9439 9442 9446 9453 9461 9470 9473 9485 9497 9504 9512 9516 9515 9518 9512 9506 9498 9493 9493 9508 9561 9549 9560 9557 9587 9578 9562 9555 9556 9553 9545 9539 9541 9553 9568 9583 9597 9616 9623 9641 9661 9676 9686 9686 9695 9700 9699 9699 9666 9642 9620 9601 9584 9575 9564 9556 9554 9544 9558 9554
9556 9524 9460 9426 9407 9403 9401 9399 9395 9390 9384 9377 9366 9402 9431 9438 9446 9460 9453 9449 9445 9440 9438 9441 9444 9448 9457 9468 9487 9512 9521 9512 9513 9514 9516 9523 9524 9519 9510 9501 9495 9496 9521 9566 9526 9550 9562 9583 9580 9573 9572 9575 9569 9551 9536 9530 9544 9557 9569 9576 9583 9634 9667 9680 9690 9700 9710 9699 9705 9703 9668 9651 9638 9621 9600 9585 9582 9564 9554 9546 9545 9544 9555
9295 9503 9536 9456 9414 9406 9407 9403 9401 9400 9403 9412 9424 9427 9424 9448 9470 9444 9453 9452 9447 9446 9447 9445 9445 9448 9457 9466 9478 9504 9506 9513 9519 9525 9532 9527 9534 9526 9517 9508 9501 9500 9519 9550 9559 9590 9621 9589 9583 9582 9606 9608 9578 9551 9530 9511 9506 9547 9565 9573 9581 9624 9684 9698 9705 9708 9714 9697 9694 9703 9671 9653 9642 9627 9610 9586 9571 9564 9556 9552 9553 9563 9561
9030 9274 9564 9488 9415 9406 9404 9406 9407 9409 9417 9431 9447 9443 9447 9458 9471 9453 9459 9451 9448 9447 9452 9447 9446 9446 9445 9450 9476 9491 9497 9511 9517 9526 9514 9514 9521 9526 9523 9516 9507 9504 9518 9548 9582 9631 9644 9596 9587 9604 9630 9624 9567 9542 9526 9517 9532 9546 9568 9591 9591 9633 9690 9710 9711 9704 9684 9675 9679 9662 9671 9667 9651 9633 9616 9594 9574 9551 9551 9549 9543 9541 9544
8920 9126 9510 9502 9422 9414 9411 9408 9409 9412 9421 9435 9448 9453 9453 9454 9451 9449 9450 9447 9444 9444 9440 9443 9445 9448 9454 9477 9492 9499 9513 9508 9506 9508 9502 9510 9527 9538 9535 9524 9514 9510 9520 9558 9599 9623 9617 9588 9572 9580 9598 9586 9548 9532 9524 9521 9528 9539 9568 9606 9611 9662 9712 9715 9704 9694 9688 9682 9657 9655 9675 9678 9657 9637 9619 9597 9571 9553 9546 9542 9532 9531 9525
8929 9141 9546 9527 9432 9412 9408 9407 9409 9413 9420 9431 9459 9458 9449 9445 9448 9447 9439 9441 9441 9440 9442 9443 9447 9453 9458 9467 9492 9492 9504 9498 9492 9482 9499 9520 9556 9564 9548 9533 9519 9513 9517 9563 9588 9593 9567 9554 9556 9555 9568 9560 9545 9532 9523 9520 9523 9537 9581 9600 9659 9732 9749 9716 9697 9682 9664 9634 9637 9654 9670 9673 9653 9631 9609 9586 9568 9548 9536 9528 9520 9515 9507
9067 9293 9597 9525 9427 9407 9404 9405 9408 9412 9418 9433 9463 9462 9453 9450 9444 9439 9433 9438 9440 9439 9438 9441 9449 9457 9467 9483 9481 9481 9483 9492 9495 9500 9512 9536 9562 9570 9554 9537 9521 9508 9527 9542 9558 9580 9576 9563 9576 9580 9567 9556 9547 9536 9527 9523 9527 9577 9641 9674 9755 9725 9690 9686 9676 9664 9647 9635 9637 9647 9656 9651 9640 9623 9602 9579 9559 9538 9522 9514 9511 9509 9493
9279 9507 9559 9490 9425 9409 9404 9406 9410 9414 9419 9430 9469 9464 9457 9449 9444 9442 9438 9439 9439 9439 9440 9444 9451 9460 9470 9483 9478 9473 9488 9492 9498 9506 9518 9535 9550 9555 9544 9535 9527 9516 9517 9565 9581 9583 9571 9577 9588 9587 9573 9560 9544 9535 9534 9535 9543 9609 9704 9732 9503 9583 9633 9648 9647 9639 9630 9628 9643 9652 9646 9638 9625 9613 9599 9571 9548 9532 9510 9497 9504 9482 9465
9422 9504 9498 9457 9412 9404 9405 9408 9412 9417 9424 9436 9453 9460 9456 9449 9447 9444 9445 9446 9445 9443 9445 9450 9453 9459 9466 9476 9479 9480 9491 9496 9498 9505 9515 9518 9522 9516 9528 9532 9533 9534 9515 9524 9550 9575 9596 9607 9601 9588 9573 9557 9542 9540 9549 9566 9593 9646 9716 9722 9617 9576 9618 9624 9623 9619 9612 9604 9636 9647 9636 9620 9610 9597 9580 9552 9527 9521 9500 9482 9472 9460 9457
9477 9505 9468 9429 9403 9400 9407 9412 9417 9424 9433 9441 9453 9460 9460 9454 9450 9451 9459 9451 9447 9446 9445 9445 9452 9458 9463 9464 9481 9488 9496 9501 9503 9510 9520 9530 9523 9514 9522 9528 9531 9516 9496 9510 9551 9591 9641 9632 9608 9588 9572 9555 9541 9541 9566 9600 9646 9696 9711 9675 9626 9603 9599 9605 9613 9616 9615 9619 9635 9638 9629 9613 9599 9583 9557 9522 9509 9503 9493 9470 9453 9447 9466
9470 9459 9437 9407 9403 9411 9413 9416 9421 9428 9442 9462 9462 9461 9461 9451 9449 9448 9446 9449 9448 9447 9446 9447 9454 9461 9468 9477 9483 9493 9502 9507 9508 9515 9527 9537 9533 9526 9523 9523 9525 9519 9511 9531 9577 9607 9656 9633 9597 9587 9577 9563 9552 9554 9581 9623 9673 9702 9689 9663 9616 9600 9593 9599 9607 9612 9621 9633 9639 9641 9625 9603 9589 9577 9550 9520 9507 9481 9456 9445 9435 9430 9433
9445 9433 9416 9404 9406 9412 9417 9421 9425 9429 9433 9455 9460 9458 9458 9454 9448 9444 9443 9447 9448 9448 9450 9454 9459 9466 9473 9478 9482 9492 9499 9504 9513 9515 9523 9534 9529 9525 9520 9516 9510 9505 9515 9544 9585 9606 9626 9626 9610 9595 9587 9578 9566 9554 9586 9633 9687 9719 9695 9664 9613 9602 9606 9610 9612 9617 9626 9628 9673 9644 9619 9595 9580 9576 9559 9507 9459 9434 9418 9424 9428 9419 9417
9430 9426 9424 9421 9413 9415 9422 9425 9426 9427 9428 9437 9447 9450 9451 9450 9449 9447 9445 9450 9448 9449 9452 9456 9463 9474 9478 9481 9488 9492 9494 9497 9505 9509 9511 9512 9510 9511 9512 9511 9508 9516 9528 9557 9600 9631 9623 9619 9611 9603 9597 9595 9584 9562 9585 9632 9676 9698 9656 9622 9609 9606 9613 9618 9619 9618 9620 9621 9639 9627 9608 9587 9566 9539 9507 9454 9428 9418 9415 9417 9417 9410 9411
9426 9427 9423 9428 9432 9429 9427 9426 9426 9427 9425 9428 9438 9443 9446 9455 9458 9455 9456 9449 9448 9450 9454 9458 9468 9483 9498 9493 9492 9493 9495 9498 9500 9505 9503 9488 9492 9506 9511 9513 9514 9524 9539 9566 9594 9604 9614 9614 9613 9607 9600 9596 9588 9558 9587 9628 9656 9657 9624 9615 9598 9606 9621 9630 9620 9614 9610 9613 9610 9601 9586 9569 9543 9497 9461 9437 9422 9418 9424 9421 9414 9409 9408
9422 9418 9430 9428 9441 9436 9428 9426 9427 9429 9434 9429 9436 9442 9445 9454 9460 9457 9449 9440 9447 9453 9459 9464 9473 9485 9493 9483 9478 9497 9501 9504 9507 9508 9508 9511 9513 9513 9516 9519 9524 9531 9542 9569 9594 9601 9609 9616 9610 9606 9595 9583 9571 9586 9614 9635 9645 9650 9622 9614 9592 9603 9615 9617 9616 9611 9604 9600 9596 9583 9561 9533 9500 9468 9444 9429 9423 9428 9432 9422 9415 9409 9407
9423 9423 9429 9435 9427 9418 9420 9424 9428 9431 9426 9435 9440 9447 9456 9462 9463 9460 9454 9451 9450 9456 9464 9479 9486 9479 9480 9495 9509 9506 9511 9515 9515 9514 9514 9517 9521 9519 9521 9524 9530 9539 9554 9578 9603 9609 9629 9618 9612 9612 9595 9575 9571 9623 9654 9650 9638 9610 9596 9580 9598 9607 9613 9615 9615 9609 9601 9605 9589 9563 9539 9510 9478 9453 9436 9425 9425 9433 9428 9415 9409 9403 9404
9426 9428 9440 9437 9426 9420 9417 9421 9428 9434 9434 9437 9444 9453 9466 9472 9468 9464 9462 9451 9452 9457 9465 9471 9472 9475 9473 9500 9505 9510 9518 9527 9522 9519 9518 9518 9518 9518 9520 9527 9531 9541 9561 9585 9605 9616 9637 9624 9629 9624 9599 9575 9571 9632 9673 9667 9645 9611 9590 9583 9608 9616 9621 9620 9618 9615 9604 9588 9563 9546 9520 9491 9463 9445 9432 9425 9426 9423 9411 9410 9406 9399 9400
9427 9427 9426 9424 9426 9418 9413 9420 9428 9437 9443 9441 9447 9456 9465 9465 9458 9463 9464 9455 9454 9459 9465 9471 9478 9480 9489 9512 9514 9518 9525 9529 9525 9523 9521 9520 9518 9519 9522 9538 9546 9550 9566 9590 9605 9613 9615 9607 9631 9632 9603 9575 9574 9626 9680 9685 9662 9631 9596 9603 9622 9632 9637 9631 9629 9620 9603 9572 9556 9534 9506 9477 9450 9432 9428 9428 9413 9406 9414 9415 9409 9408 9401
9438 9434 9431 9426 9430 9423 9416 9421 9428 9432 9427 9442 9450 9459 9465 9469 9464 9469 9464 9452 9454 9459 9466 9470 9471 9490 9504 9515 9527 9530 9529 9518 9522 9525 9524 9523 9523 9521 9527 9547 9560 9557 9566 9594 9606 9604 9612 9628 9647 9649 9604 9573 9559 9622 9707 9706 9684 9659 9628 9636 9637 9645 9655 9669 9647 9604 9580 9560 9546 9526 9497 9467 9440 9431 9423 9413 9405 9399 9409 9413 9409 9401 9402
9448 9440 9434 9439 9441 9428 9421 9425 9430 9436 9464 9451 9455 9463 9480 9487 9499 9483 9464 9450 9454 9461 9468 9478 9494 9499 9507 9514 9528 9534 9532 9538 9535 9531 9527 9525 9522 9525 9529 9541 9551 9554 9568 9592 9601 9587 9599 9611 9618 9603 9595 9574 9561 9619 9712 9721 9701 9664 9649 9638 9642 9648 9658 9667 9641 9589 9567 9561 9538 9506 9484 9461 9442 9436 9420 9404 9400 9400 9404 9410 9412 9407 9403
9446 9439 9439 9445 9447 9439 9438 9432 9432 9434 9437 9449 9456 9462 9474 9495 9507 9492 9467 9449 9456 9464 9473 9482 9490 9507 9513 9509 9525 9531 9527 9527 9538 9535 9531 9528 9529 9532 9540 9546 9547 9558 9570 9586 9585 9583 9592 9611 9611 9614 9595 9585 9598 9652 9724 9729 9715 9702 9692 9640 9640 9645 9648 9645 9634 9615 9590 9560 9497 9498 9476 9456 9442 9434 9418 9396 9391 9396 9403 9411 9425 9433 9424
