real_craters/C190-500m.grd
DSAA
359 359
-89.4075 89.4075
-89.4075 89.4075
7967.7153245591 10598.57245609
[rows 180 to 209 of 359, columns 201 to 267 of 359]
8200.88 8217.66 8238.64 8243.62 8243.38 8239.17 8232.24 8221.84 8204.18 8181.8 8175.67 8199.11 8243.27 8295.83 8374.22 8428.49 8492.3 8589.91 8691.99 8801.67 8931.01 9049.61 9153.12 9241.9 9295.87 9253.34 9291.71 9366.72 9491.5 9647.85 9817.52 9902.14 9940.43 9954.63 9943.24 9912.62 9875.95 9832.62 9788.79 9743.02 9700 9659.4 9637.18 9639.8 9638.04 9633.49 9628.37 9633.84 9647.41 9656.57 9641.91 9616.9 9591.87 9575.8 9555.39 9533.72 9525.08 9517.22 9515.97 9522.43 9534.14 9544 9548.99 9532.49 9511.71 9498.45 9488.91
8213.39 8234.14 8256.58 8263.09 8259.35 8251.39 8238.66 8220.64 8188.37 8168.05 8181.82 8211.03 8248.13 8294.11 8345.8 8411.72 8505.04 8596.56 8692.73 8803.5 8936.01 9065.19 9182.26 9282.29 9355.99 9303.16 9313.49 9368.34 9478.28 9621.77 9813.53 9915.27 9981.87 9990.05 9961.29 9925.76 9884.5 9839.57 9793.73 9749.83 9709.1 9672.39 9650.49 9647.77 9650.99 9645.78 9633.01 9635.36 9651.15 9658.78 9644.32 9621.54 9596.07 9573.26 9545.97 9519.21 9504.33 9488.78 9489.41 9505.13 9538.32 9538.25 9526.17 9509.89 9504.02 9503.36 9508.48
8230.86 8253.92 8279.71 8281.93 8274.93 8263.25 8247.62 8226.28 8184.74 8158.52 8183.09 8218.09 8251.95 8292.65 8333.94 8398.4 8510.69 8610.44 8709.46 8821.86 8950.21 9078.02 9194.24 9297.43 9355.7 9320.67 9326.49 9368.57 9447.49 9596.84 9822.26 9923.88 9985.24 9994.23 9966.17 9925.15 9881.63 9837.84 9795.82 9756.27 9719.47 9694.4 9682.79 9680.12 9678.9 9671.2 9659.2 9655.23 9656.76 9654.36 9644.45 9630.11 9608.05 9579.94 9550.08 9522.18 9499.07 9483.33 9474.66 9473.3 9472.67 9484.98 9475.11 9479.94 9483.47 9489.56 9504.25
8246.43 8271.94 8296.6 8298.96 8290.49 8275.77 8257.27 8231.95 8188.44 8158.54 8180.95 8218.42 8257.21 8303.22 8339.75 8387.53 8505.68 8640.17 8742.93 8849.69 8969.49 9091.1 9202.69 9292.91 9336.57 9315.35 9329.68 9367.71 9443.51 9596.93 9828.18 9927.58 9974.56 9974.68 9948.11 9908.29 9868.05 9827.72 9790.01 9754.5 9725.48 9705.79 9706.38 9718.89 9714.29 9702.47 9693.64 9684.74 9661.94 9649.14 9642.51 9634.89 9616.24 9589.62 9560.38 9529.9 9503.12 9477.14 9465.83 9458.6 9453.78 9455.54 9455.18 9454.69 9457.65 9459.2 9456.8
8259.21 8284.11 8307.93 8312.35 8303.46 8287.5 8266.56 8244.57 8202.19 8172.25 8182.75 8212.83 8270.94 8321.99 8356.31 8408.76 8583.84 8706.01 8794.96 8883.67 8985.93 9094.77 9199.62 9283.01 9317.07 9309.36 9333.16 9371.18 9446.76 9604.88 9846.39 9938.93 9966.38 9954.94 9920.76 9881.66 9845.55 9812.53 9779.92 9752.84 9727.59 9711.96 9723.73 9749.41 9745.97 9726.9 9705.23 9682.54 9658.57 9644.92 9641.9 9631.44 9618.09 9599.71 9578.79 9549.86 9515.91 9483.23 9467.82 9458.02 9448.07 9435.36 9430.52 9432.47 9433.73 9431.8 9425.34
8269.13 8294.43 8317.82 8324.16 8314.69 8297.06 8274.74 8245.96 8209.93 8186.77 8201.61 8236.8 8312.88 8372.42 8407.51 8475.17 8642.98 8754.04 8818.39 8895.64 8990.39 9092.42 9189.91 9270.74 9300.36 9306.13 9342.36 9389.85 9462.42 9621.93 9878.97 9958.82 9952.72 9910.42 9876.7 9844.21 9815.6 9793.13 9772.16 9749.11 9729.89 9719.82 9739.46 9769.25 9768.85 9745.28 9712.35 9676.73 9663.06 9654.8 9651.94 9639.22 9624.4 9606.29 9589.43 9562.24 9527.69 9502.12 9472.32 9453.43 9435.56 9415.53 9411.48 9416.92 9418.79 9416.38 9410.98
8275.36 8304.91 8331.16 8337.23 8323.8 8304.53 8282.28 8253.76 8214.64 8192.75 8227.51 8308.36 8376.97 8460.38 8559.4 8589.23 8704.67 8784.3 8805.75 8886.74 8983.68 9082 9172.97 9244.27 9277.79 9304.7 9358.16 9432.47 9521.21 9695.75 9935.25 9984.96 9934.4 9860 9821.81 9804.34 9786.19 9773 9756.5 9745.26 9734.49 9727.82 9754.38 9787.8 9791.72 9760.91 9726.24 9695.7 9687.5 9678.74 9667.96 9664.57 9630.12 9604.91 9580.4 9553.03 9523.47 9496.6 9469.91 9444.29 9424.79 9410.04 9408.65 9412.42 9412.42 9409.64 9407.67
8286.68 8319.39 8342.94 8345.29 8327.05 8301.73 8281.66 8258.87 8212.02 8188.23 8228.75 8314.57 8402.11 8509 8632.34 8677.9 8741.98 8780.45 8800.12 8879.92 8975.2 9069.92 9154 9213.6 9241.65 9294.2 9378.82 9483.91 9620.15 9815.26 9977.59 9999.63 9923.74 9816.31 9785.72 9769.45 9758.36 9749.32 9742.74 9740.1 9742.16 9749.53 9767.4 9792.85 9796.49 9765.61 9740.21 9723.38 9722.1 9704.31 9674.61 9643.61 9621.63 9596.91 9572.3 9542.3 9512.05 9486.42 9467.56 9449.8 9432.88 9423.8 9421.62 9416.76 9411.91 9406.33 9401.28
8317.38 8342.74 8359.89 8359.02 8322.87 8287.5 8259.66 8237.73 8193.63 8177.05 8211.8 8286.16 8386.39 8501.46 8607.24 8710.67 8758.67 8773.93 8800.14 8883.17 8977.53 9067.29 9144.89 9195.67 9208.24 9287.39 9397.17 9520.64 9671.38 9913.02 10024.5 10011.4 9927.56 9845.28 9780.95 9744.34 9728.78 9723.15 9721.5 9728.61 9741.42 9755.95 9761.37 9765.94 9761.08 9752.74 9745.26 9741.32 9746.47 9721.48 9679.65 9640.31 9612.8 9585.04 9558.09 9528.52 9500.82 9480.6 9467.53 9457.3 9443.06 9438.42 9432.38 9422.36 9413.79 9407.11 9401.72
8370.82 8364.18 8363.41 8346.13 8310.4 8259.11 8212.32 8177.45 8163.22 8160.88 8193.86 8264.84 8361.57 8477.07 8595 8670.65 8711.54 8751.32 8806.69 8902.73 8997.21 9081.38 9151.8 9195.31 9209.96 9295.78 9419.49 9557.69 9720.16 10012.5 10056.2 10004.8 9917.42 9821.43 9748.24 9709.16 9689.77 9687.96 9691.82 9706.99 9724.9 9740.23 9740.25 9737.19 9729.65 9738.05 9743.22 9746.15 9756.22 9727.3 9683.25 9641.5 9607.1 9573.58 9539.23 9514.27 9491.84 9476.07 9467.66 9458.76 9446.22 9436.74 9432.38 9424.46 9414.63 9406.02 9400.32
8381.71 8360.3 8356.47 8364.26 8286.08 8223.15 8174.19 8146.89 8144.27 8147.14 8181.75 8257.44 8343.08 8441.8 8546.06 8622.37 8690.74 8781.61 8859.3 8950.62 9035.67 9111.06 9172.56 9212.43 9230.88 9326.8 9455.29 9605.26 9795.06 10079.6 10059.7 9993.61 9907.54 9803.21 9719.68 9672.97 9653.91 9651.8 9662 9678.98 9699.77 9713.39 9719.76 9722.03 9719.98 9732.25 9741.54 9743.98 9749.47 9723.24 9680.54 9640.2 9604.51 9568.85 9534.46 9507.75 9487.25 9475 9469.02 9462.72 9449.4 9439.88 9434.88 9426.07 9415.28 9403.62 9396.38
8340.86 8313.02 8293.62 8263.85 8223.07 8179.24 8145.59 8135.37 8146.79 8172.69 8220.46 8272.53 8337.65 8403.18 8474.13 8568.3 8716.36 8873.94 8951.54 9020.7 9086.61 9147.38 9200.52 9232.37 9260.47 9368.59 9508 9666.83 9856.75 10067.5 10080.6 10015.4 9913.45 9783.79 9677.82 9627.98 9613.6 9618.72 9634.87 9655.22 9677.76 9689.27 9704.51 9716.63 9726.23 9737.17 9744.81 9746.23 9739.55 9715.27 9678.64 9641.33 9605.99 9571.49 9538.17 9508 9483.64 9475.06 9472.76 9466.13 9453.75 9444.45 9437.46 9427.1 9417.04 9408.1 9400.32
8255.48 8235.74 8208.73 8174.06 8151.94 8134.07 8124.38 8131.21 8156.02 8197.78 8247.65 8286.49 8333.29 8375.16 8424 8523.8 8766.56 8963.16 9042.49 9087.66 9136.74 9186.06 9228.21 9250.92 9296.52 9426.17 9576.31 9728.64 9894.24 10068.2 10115 10082.9 9931.74 9757.16 9620.52 9578.06 9574.19 9587.12 9609.3 9635.08 9664.51 9683.48 9696.78 9714.15 9734.47 9744.33 9750.47 9754.72 9738.91 9709.28 9675.74 9642.58 9608.52 9575.43 9544.24 9510.94 9488.84 9478.33 9478.18 9475.69 9460.04 9445.3 9434.72 9426.12 9418.18 9410.25 9403.03
8169.71 8154.93 8129.88 8109.25 8089.06 8092.77 8109.96 8128.67 8157.85 8201.28 8257.21 8284.38 8326.48 8368.35 8419.76 8521.23 8763.27 8961.93 9069.62 9131.07 9180.35 9222.12 9255.42 9277.07 9348.53 9494.68 9659.43 9822.64 9964.17 10060.3 10113.8 10086 9917.5 9729 9574.1 9539.51 9542.93 9562.89 9589.01 9618.46 9646.19 9667.68 9688.39 9707.36 9724.24 9738.86 9752.33 9757.78 9729.24 9710.01 9679.93 9647.45 9611.82 9575.06 9540.42 9510.3 9487.95 9478.55 9474.59 9469.14 9461.67 9442.73 9430.97 9423.62 9417.78 9414.39 9403.85
8106.94 8092.75 8067.5 8031.83 8030.1 8060.43 8106.88 8123.23 8154.7 8192.45 8232.29 8271.87 8318.54 8386.22 8469.12 8570.95 8804.42 8928.74 9069.13 9168.99 9223.01 9261.37 9291.01 9321.41 9413.33 9566.12 9743.42 9925.31 10054.9 10079 10084.3 10000 9862.56 9698.24 9562.72 9517.7 9523.88 9545.87 9575.16 9606.49 9638.83 9661.48 9681.92 9701.56 9717.47 9736.38 9756.05 9763.38 9748.09 9728.87 9700.95 9659.76 9615.33 9576.04 9543.43 9513.99 9490.46 9482.01 9472.32 9462.59 9452.47 9435.55 9426.71 9419.38 9413.26 9409.07 9399.83
8071.31 8056.06 8037.66 8015.97 8017.04 8047.64 8072.12 8121.45 8156.82 8189.64 8227.42 8275.34 8330.08 8440.24 8572.91 8712.37 8876.81 8969.16 9143.55 9223.64 9270.91 9306.22 9323.08 9365.34 9480.74 9632.49 9798.18 9961.21 10023.7 10032 10016.7 9937.84 9810.26 9665.83 9547.52 9510.47 9519.89 9543.3 9571.49 9601.52 9629.14 9655.02 9679.81 9701.15 9719.59 9741.08 9767.07 9776.51 9766.93 9743.76 9720.66 9666.89 9614.79 9568.97 9544.06 9530.43 9512.6 9495.39 9477.87 9459.73 9444.49 9430.68 9423.81 9414.88 9403.8 9395.48 9391.12
8051.73 8046.2 8040.9 8036.05 8049.55 8083.74 8121.6 8148.5 8177.17 8204.11 8239.92 8316.81 8429.83 8566.84 8701.37 8851.84 8944.13 9017.78 9195.09 9280.36 9334.68 9374.85 9396.94 9476.31 9558.87 9682.36 9821.47 9936.63 9967.94 9982.25 9927.03 9836.53 9733.95 9636.55 9554.66 9525 9533.07 9554.16 9579.29 9606.93 9635.15 9658.82 9684.11 9706.85 9726.41 9750.44 9784.4 9804.14 9760.43 9718.81 9701.49 9660.41 9612.36 9565.17 9552.02 9559.78 9545.72 9510.59 9482.88 9457.2 9436.04 9423.76 9421.84 9410.56 9394.37 9383.45 9384.08
8056.42 8059.6 8068.36 8081.67 8106.52 8136.98 8168.28 8192.98 8216.83 8242.07 8275.95 8381.22 8579.32 8738.17 8804.58 8891.02 9004.69 9138.22 9268.72 9333.27 9393.32 9457.73 9516.84 9526.46 9609.55 9717.94 9832.13 9924.75 9946.75 9953.51 9890.9 9750.32 9676.31 9619.87 9572.96 9554.21 9560.62 9576.43 9596.9 9619.4 9643.58 9667.22 9693.16 9716.82 9738.65 9760.49 9796.88 9814.32 9737 9676.2 9674.78 9649.84 9615.53 9579.53 9571.73 9577.88 9557.56 9515.61 9476.92 9452.32 9433.85 9424.43 9414.18 9403.17 9391.18 9383.25 9383.71
8072.68 8084.71 8103.59 8130.14 8163.87 8189.41 8215.87 8242.32 8273.71 8308.6 8346.88 8453.48 8644.51 8783.52 8873.67 8952.71 9106.92 9302.25 9309.57 9365.65 9436.49 9517.07 9587.1 9573.05 9640.08 9736.54 9838.45 9912.69 9941.94 9914.06 9804.68 9689.48 9648.37 9621.07 9598.03 9589.64 9596.09 9607.16 9620.38 9635.27 9653.43 9678.28 9705.45 9730.58 9754.77 9780.06 9798.6 9792.6 9713.27 9654.89 9655.51 9643.3 9626.96 9605.85 9592.75 9584.31 9555.63 9514.06 9476.24 9454.08 9432.35 9418.22 9407.99 9398.95 9396.19 9392.55 9389.75
8099.28 8114.65 8139.89 8170.28 8202.63 8224.83 8253.2 8293.93 8342.78 8403.36 8481.73 8594.04 8722.83 8839.14 8943.56 9049.46 9198.82 9323.78 9337.2 9386.59 9454.3 9526.37 9577.19 9590.68 9658.16 9757.62 9847.18 9930.26 9950.24 9883.07 9766.53 9669.68 9659.71 9634.14 9628.94 9632.75 9636.06 9641.29 9649.11 9657.65 9670.42 9694.36 9719.48 9743.87 9766.71 9787.76 9786.38 9760.78 9686.65 9634.72 9641.49 9637.13 9636.65 9637.19 9603.26 9575.06 9543.86 9511.87 9483.73 9464.98 9450.05 9429.97 9413.38 9403.81 9403.14 9401.74 9397.77
8130.28 8146.15 8171.17 8201.62 8234.36 8256.66 8292.05 8344.88 8412.81 8498.02 8618.8 8768.06 8816.45 8894.46 9025.1 9162.92 9310.97 9402.78 9406.12 9427.38 9461.65 9498.33 9553.84 9602.14 9678.9 9778.78 9868.86 9936.22 9957.5 9860.83 9752.28 9648.63 9620.17 9642.1 9658.47 9676.64 9673.66 9675.26 9682.46 9691.01 9699.97 9715.8 9733.18 9751.21 9769.48 9775.82 9761.58 9720.64 9660.53 9614.59 9623.51 9624.83 9627.5 9626.23 9587.27 9548.27 9528.84 9510.26 9491.48 9475.46 9460.72 9442.37 9421.05 9406.05 9409.59 9409.3 9406.49
8157.86 8175.1 8199.64 8227.38 8256.35 8277.64 8329.95 8402.31 8480.41 8570.84 8675.77 8778.84 8880.1 8984.06 9129.08 9257.88 9387.82 9454.98 9493.22 9489.96 9479.19 9463.73 9501.48 9616.82 9697.14 9805.57 9906.66 10004.6 9954.39 9828.19 9683.86 9611.18 9635.78 9655.62 9676.19 9694.54 9697.24 9702.05 9711.46 9725.72 9735.62 9736.23 9743.18 9751.71 9763.53 9776.55 9740.64 9671.81 9648.44 9631.34 9613.46 9607.03 9600.38 9586.13 9561.67 9528.1 9522.28 9513.86 9502.12 9489.63 9476.38 9454.92 9431.81 9415.31 9414.49 9416.33 9415.53
8186.51 8209.41 8237.93 8263.16 8279.85 8296.53 8375.48 8464.85 8550.3 8633.68 8712.3 8788.1 8942.6 9119.07 9247.36 9337.95 9396.05 9551.66 9555.53 9512.26 9513.27 9529.94 9552.47 9620.43 9714.15 9813.37 9924.85 10001.2 9941.9 9809.24 9663.66 9621.12 9644.95 9672.3 9692.17 9701.42 9711.93 9723.86 9733.64 9740.87 9746.6 9748.27 9747.15 9746.71 9743.16 9729.64 9689.61 9649.93 9643.71 9630.92 9599.04 9591.24 9580.41 9562.14 9549.78 9538.52 9527.81 9525.04 9513.9 9500.74 9488.58 9465.37 9443.67 9427.94 9427.61 9425.78 9423.98
8214.59 8251.41 8289.45 8319.38 8336.88 8361.76 8458.68 8551.76 8635.21 8714.61 8788.9 8867.23 9025.77 9209.43 9348.54 9455.76 9542.63 9595.96 9560.5 9530.83 9546.22 9573.39 9580.63 9638.03 9737.59 9842.07 9951.78 10020.2 9950.36 9822.43 9694.58 9660.37 9685.72 9707.45 9717.29 9719.99 9730.02 9744.36 9753.09 9756.42 9758.04 9755.93 9748.6 9738.45 9722.03 9696.32 9663.55 9640.49 9634.3 9618.61 9587.48 9582.66 9579.91 9569.31 9546.94 9531.59 9533.53 9532.28 9519.2 9499.42 9483.87 9469.58 9454.73 9442.43 9440.05 9436.06 9432.1
8259.84 8312.43 8362.17 8405.02 8446.82 8512.75 8588.51 8658.71 8733.1 8813.37 8899.57 9002.31 9143.01 9294.07 9434.8 9565.54 9639.47 9562.34 9539.27 9550.67 9575.57 9593.87 9609.73 9674.52 9774.19 9879.45 9985.45 10062.7 9975.97 9852.44 9736.58 9697.25 9731.24 9749.29 9743.87 9745.42 9752.46 9763.21 9773.9 9778.45 9774.99 9765.03 9750.77 9733.61 9709.02 9677.1 9644.9 9630.17 9621.12 9603.44 9578.77 9577.09 9580.56 9575.3 9558.62 9548.29 9544.5 9539.63 9523.79 9500.69 9484.37 9474.71 9464.72 9459.38 9456.08 9444.14 9437.83
8354.77 8402.98 8452.49 8505.69 8565.91 8707.9 8723.06 8765.96 8831.81 8915.38 9014.95 9135.46 9266.42 9393.23 9502.94 9575.29 9574.04 9527.06 9556.84 9607.93 9606.56 9613.74 9633.21 9713.28 9820.67 9931.33 10031.3 10094.6 10004.4 9886.31 9777.26 9723.64 9748.39 9760.51 9755.81 9757.16 9763.94 9776.56 9791.63 9801.77 9791.5 9774.28 9754.79 9733.44 9706.64 9672.55 9637.22 9625.07 9608 9588.02 9573.83 9574.44 9574.29 9573.34 9569.4 9564.87 9560.51 9551.19 9537.47 9520.04 9500.75 9484.3 9471.5 9461.16 9451.59 9444.63 9439.91
8472.32 8497.12 8542.68 8600.28 8670.99 8747.75 8797.83 8848.42 8918.62 9005.5 9110.07 9236.63 9361.69 9466.15 9546.11 9549.17 9532.54 9560.44 9632.86 9623.34 9619.05 9627.88 9661.92 9753.21 9868.23 9990.14 10112.8 10132.6 10021.2 9910.28 9811.4 9757.49 9749.32 9746.8 9756.64 9760.3 9765.53 9781.19 9800.19 9813.27 9798.31 9776.43 9753.89 9733.43 9709 9682.23 9662.4 9637.07 9602.49 9582.15 9579.01 9581 9579.78 9580.2 9581.79 9581.65 9580.24 9571.29 9553.98 9532.99 9512.34 9493.15 9476.29 9460.83 9448.49 9443.96 9439.36
8516.69 8575.59 8622.85 8674.4 8740.8 8788.71 8837.11 8909.04 8991.13 9080.04 9177.96 9282.25 9384.38 9486.94 9554.52 9535.23 9523.5 9562.89 9653.56 9623.85 9622.86 9646.66 9695.49 9797.64 9915.31 10029.5 10113 10086.2 10011.6 9920.73 9837.05 9780.36 9757.41 9754.86 9768.6 9767.32 9762.97 9779.34 9799.49 9810.33 9792.39 9769.84 9749.96 9730.53 9712.46 9696.75 9686.92 9653.86 9607.51 9593.25 9600.74 9599.19 9592.85 9592.8 9595.88 9594.87 9596.48 9593.53 9566.46 9541.08 9519.31 9500.54 9481.58 9463.45 9447.39 9442.27 9437.47
8618.36 8663.2 8692.47 8724.01 8764.29 8795.49 8866.35 8961.61 9053.85 9139.89 9225.04 9310.64 9390.7 9460.89 9489.83 9490.74 9499.84 9532.59 9590.05 9616.68 9628.02 9656.55 9733.15 9849.9 9957.24 10052.6 10098.8 10050.5 9993.25 9921.42 9851.46 9788.85 9781.84 9804.78 9806.99 9788.34 9766.59 9776.17 9787.65 9791.67 9775.18 9755.44 9737.97 9722.92 9710.37 9699.66 9684.91 9643.09 9613.04 9609.1 9623.05 9622.55 9609.86 9605.23 9600 9596.07 9593.31 9586.55 9568.51 9549.01 9527.71 9508.71 9489.52 9467.99 9452.96 9443.82 9436.9
8712.16 8744.45 8752.91 8767.56 8791.74 8829.52 8923.98 9035.62 9123.9 9198.32 9266.64 9328.54 9383.3 9428.61 9448.95 9474.52 9496.27 9528.75 9591.3 9636.4 9655.81 9729.02 9839.95 9916.16 9992.71 10059.5 10068.8 10022.3 9978.52 9928.52 9875.31 9835.06 9838.67 9874.73 9856.02 9818.51 9792.97 9775.45 9768.31 9763.08 9747.92 9735.13 9722.66 9711.33 9701.71 9691.45 9666.79 9622.61 9598.67 9610.66 9632.57 9640.16 9639.64 9611.16 9590.72 9586.9 9584.14 9575.49 9562.11 9547.89 9532.92 9516.71 9500.96 9481.48 9459.91 9448.24 9439.67
