real_craters/C190-500m.grd
DSAA
359 359
-89.4075 89.4075
-89.4075 89.4075
7967.7153245591 10598.57245609
[rows 90 to 119 of 359, columns 0 to 66 of 359]
9599.49 9598.25 9595.82 9591.05 9584.64 9577.44 9569.41 9561.87 9556.55 9553.04 9552.62 9551.88 9553 9554.61 9555.59 9561.47 9570.71 9593.84 9609.17 9599 9587.1 9573.96 9570.89 9565.12 9556.06 9546.28 9537.94 9531.86 9520.96 9507.97 9494.36 9482.02 9466.33 9457.97 9459.67 9459.36 9457.27 9452.48 9446.96 9442.3 9439.33 9437.34 9435.94 9433.74 9430.95 9427.92 9425.47 9425.77 9419.45 9416.78 9414.86 9410.92 9407.47 9402 9396.77 9392.85 9390.96 9390.05 9388.3 9386.5 9382.8 9378.55 9373.71 9368.28 9363.09 9362.73 9360.93
9600.12 9598.15 9594.51 9589.65 9585.08 9579.58 9573.46 9568.15 9560.51 9554.64 9550.21 9552.52 9553.75 9554.06 9553.71 9557.23 9562.96 9570.11 9583.45 9592.12 9593.25 9590.83 9586.43 9577.71 9565.81 9552.22 9543.01 9534.44 9522.72 9508.42 9492.76 9475.9 9463.6 9456.64 9459.04 9462.44 9462.42 9456.34 9449.04 9441.86 9438.9 9439.69 9436.57 9434.55 9432.68 9429.49 9425.01 9424.53 9423.28 9421.01 9419.05 9419 9410.9 9403.72 9398.3 9393.9 9390.33 9386.6 9383.83 9380.37 9378.77 9376.43 9373.26 9369.82 9367.33 9366.43 9364.23
9600.44 9598.68 9596.15 9591.68 9587.83 9581.78 9575.45 9568.31 9564.22 9560.96 9558.42 9556.85 9556.67 9556.63 9557.61 9558.7 9558.58 9558.89 9569.74 9587.53 9600.82 9610.75 9604.45 9591.3 9576.63 9562.91 9552.24 9541.73 9526.15 9509.23 9493.14 9480.09 9465.76 9459.7 9460.62 9463.99 9464.95 9458.62 9450.43 9442.5 9437.63 9436.95 9436.4 9435.94 9435.41 9434.48 9433.36 9430.74 9428.9 9425.3 9420.55 9415.11 9409.06 9403.67 9398.91 9394.34 9389.74 9385.7 9381.48 9376.03 9377.41 9376.12 9373.66 9370.93 9368.84 9365.75 9360.05
9600.13 9599.76 9600.15 9600.52 9591.48 9584.21 9577.55 9571.46 9568.5 9566.94 9565.19 9562.44 9561.04 9560.54 9561.3 9561.1 9560.22 9557.45 9569.48 9587.88 9605.84 9620.5 9616.82 9601.76 9585.56 9569.95 9556.83 9546.82 9528.71 9509.77 9491.58 9476.34 9466.21 9459.87 9461.11 9464.91 9466.12 9461.35 9451.53 9442.51 9436.97 9436.1 9437.31 9438.39 9439.61 9440.65 9441.35 9440.78 9435.51 9429.16 9420.66 9411.65 9406.19 9403.56 9399.72 9395.34 9390.67 9385.9 9383.89 9382.77 9380.08 9377.72 9374.94 9372.47 9370.4 9369.43 9366.89
9601.25 9600.7 9599.59 9595.19 9591.69 9586.24 9581.14 9576.82 9572 9571.65 9569.59 9566.89 9565.28 9564.09 9561.89 9558.67 9557.95 9558.89 9571.01 9588.49 9606.47 9620.4 9620.03 9607.25 9592.14 9577.26 9562.26 9547.16 9530.61 9510.98 9490.89 9473.99 9463.99 9460.24 9458.27 9464.38 9477.29 9464.58 9452 9440.88 9435.99 9436.24 9438.53 9440.34 9442.67 9447.29 9445.92 9437.67 9434.61 9428.97 9421.79 9413.7 9408.95 9406.13 9402.06 9397.19 9392.68 9389.64 9386.78 9385.39 9383.67 9380.05 9376.45 9372.97 9371.31 9369.61 9366.56
9602.01 9600.64 9598.47 9594.86 9591.97 9587.81 9583.82 9580.24 9575.97 9573.35 9571.96 9570.39 9569.32 9568.31 9567.1 9566.36 9564.87 9563.52 9574.21 9588.82 9603.46 9616.64 9618.31 9607.31 9595.87 9584.16 9573.02 9552.99 9535.08 9515.15 9493.9 9474.77 9460.66 9449.01 9449.48 9455.91 9461 9458.66 9452.64 9444.27 9435.4 9440.08 9441.98 9442.32 9442.69 9443.13 9442.85 9438.33 9433.14 9427.83 9424.73 9420.66 9415.69 9411.06 9405.55 9399.81 9394.05 9388.37 9388.26 9389.69 9387.13 9382.6 9378.9 9376 9373.5 9372.33 9371.73
9601.7 9600.34 9598.7 9597.18 9593.39 9589.26 9585.39 9581.1 9575.14 9573.05 9573.29 9573.21 9572.85 9572.72 9573.25 9573.96 9572.64 9570.76 9578.24 9588.4 9598.13 9605.26 9606.69 9602.93 9597.29 9588.5 9574.33 9558.67 9542.25 9524.31 9503.56 9481.72 9461.34 9444.08 9441.88 9446.95 9448.59 9453.19 9458.33 9456.27 9453.61 9451.54 9448.2 9444.91 9441.53 9439.24 9439.12 9439.72 9434.69 9430.94 9428.74 9427.26 9424.97 9416 9408.38 9402.64 9396.62 9392.04 9388.9 9388.99 9386.9 9383.96 9380.29 9378.02 9375.02 9375.74 9373.52
9602.36 9600.43 9598.24 9595.66 9593.18 9590.45 9587.29 9583.46 9578.41 9577.84 9576.32 9575.8 9575.34 9575.81 9577.09 9579.84 9577.57 9576.97 9581.95 9587.35 9591.03 9591.99 9591.16 9598.13 9600.63 9597.03 9585.63 9568.43 9553.41 9537.15 9520.12 9494.51 9468.31 9446.62 9442.43 9449.55 9454.14 9463.6 9472.82 9477.79 9476.79 9464.99 9455.92 9448.35 9442.21 9436.88 9438.51 9435.63 9435.71 9435.92 9432.15 9429.91 9426.05 9417.87 9411.28 9405.52 9400.3 9393.73 9391.5 9390.66 9388.4 9386.17 9381.53 9374.56 9373.47 9369.38 9369.29
9603.36 9601.42 9598.9 9596.23 9593.82 9591.57 9589.6 9587.11 9582.92 9580.09 9579.24 9578.93 9579.03 9579.14 9579.25 9579.53 9582.99 9584.96 9586.57 9587.48 9587.58 9587.48 9589.45 9599.17 9608.07 9611.93 9602.42 9583.02 9568.08 9552.64 9534.06 9508.76 9480.6 9456.31 9450.84 9463.62 9482.72 9495.84 9493.12 9489.38 9487.18 9472.81 9459.98 9450.68 9445.5 9446.32 9447.36 9440.99 9439.14 9434.83 9434.26 9429.3 9420.42 9417.28 9413.82 9410.25 9406.93 9405.55 9404.01 9399.59 9396.61 9390.06 9385.62 9384.45 9376.71 9373.39 9372.31
9604.52 9602.72 9600.05 9596.48 9593.57 9593.23 9592.02 9591.36 9587.67 9583.74 9582.1 9581.05 9580.96 9581.34 9581.6 9581.7 9595.7 9596.69 9592.31 9590.13 9589.06 9588.63 9591.79 9604.97 9620.09 9628.01 9618.97 9598.17 9582.52 9569.61 9552.22 9525.56 9496.91 9472.16 9464.57 9476.4 9496.95 9509.59 9507.33 9500.72 9487.16 9474.38 9462.86 9453.4 9446.67 9450.38 9451.75 9452.2 9450.8 9444.35 9442.75 9434.37 9424.2 9419.84 9416.98 9414.51 9412.55 9411.95 9409.82 9404.67 9400.16 9392.96 9386.86 9382.53 9379.25 9378.59 9383
9606.73 9604.67 9602.06 9600.31 9599.76 9595.49 9593.67 9591.26 9587.01 9585.53 9584.08 9583.43 9583.56 9584.21 9585.9 9588.61 9589.23 9594.87 9595.26 9593.83 9592.06 9591.39 9595.29 9610.7 9633.08 9653.52 9636.8 9604.93 9595.54 9587.37 9574.44 9542.99 9514.6 9493.14 9482.67 9483.3 9488.88 9495.05 9503.32 9495.93 9481.44 9472.41 9463.48 9454.56 9445.94 9442.13 9452.94 9456.02 9460.38 9472.53 9458.18 9440.76 9428.72 9423.22 9420.21 9417.87 9415.65 9412.71 9408.33 9405.39 9400.21 9392.57 9386.34 9382.61 9381.96 9383.59 9384.85
9608.49 9606.74 9604.48 9601.38 9597.89 9597.47 9595.76 9593.04 9589.87 9587.08 9585.96 9585.85 9586.21 9587.17 9589.26 9590.69 9589.85 9596 9598.54 9598.14 9596.69 9596.06 9597.85 9613.85 9638.1 9664.96 9653.38 9622.47 9610.42 9589.99 9571.59 9552.68 9530.08 9510.9 9497.41 9485.9 9479.38 9480.65 9493.23 9485.55 9476.61 9470.27 9463.02 9456.68 9452.65 9454.87 9457.48 9463.01 9467.55 9464.99 9452.09 9439.06 9432.21 9427.41 9422.74 9420.18 9418.62 9416.2 9410.79 9405.74 9395.58 9389.55 9385.13 9382.39 9382.53 9385.6 9385.62
9610.63 9609.98 9608.23 9605.66 9602.22 9601.98 9599.7 9596.21 9591.72 9588.59 9589 9589.65 9590.46 9590.81 9591.74 9597.14 9609.24 9606.03 9604.07 9603.31 9602.91 9603.55 9607.12 9617.25 9629.74 9643.28 9651.32 9649.52 9632.45 9612.4 9585.15 9563.62 9538.82 9519.09 9507.47 9481.64 9468.98 9466.93 9490.09 9482.95 9474.09 9467.89 9461.87 9457.45 9455.48 9458.55 9458.74 9458.36 9451.33 9438.56 9429.07 9428.7 9429.07 9426.41 9422.05 9420.5 9420.68 9422.22 9424.64 9411.03 9395.68 9388.39 9382.46 9379.72 9378.8 9379.54 9380.96
9613.35 9612.37 9611.63 9611.92 9614.46 9609.09 9604.48 9599.97 9594.71 9592.2 9592.47 9593.45 9594.48 9595.59 9597.01 9604.18 9613.18 9611.31 9609.14 9608.05 9608.29 9610.53 9614.62 9619.42 9621.02 9616.87 9640.06 9652.03 9649.68 9642.3 9615.97 9577.59 9543.7 9513.02 9484.37 9468.23 9457.13 9452.62 9461.78 9472.06 9469.78 9464.51 9459.67 9455.62 9453.12 9454.79 9455.09 9451.69 9441.89 9425.42 9416.13 9418.03 9418.53 9417.56 9417.84 9418.51 9419.74 9421.65 9421.91 9412.23 9401.31 9391.25 9382.97 9377.9 9375.01 9373.86 9374.46
9615.82 9614.68 9614.72 9615.64 9617.55 9613.21 9608.51 9604.36 9598.07 9596.26 9596.74 9598 9599.52 9600.88 9602.35 9605.29 9610.08 9612.29 9611.99 9611.93 9612.38 9613.82 9618.15 9621.7 9623.24 9632.19 9647.03 9660.16 9660.04 9646.33 9619.33 9583.03 9545.12 9508.2 9475.03 9457.82 9448.49 9444.62 9456.73 9464.11 9462.83 9459.72 9456.54 9454.09 9450.42 9449.67 9452.15 9449.37 9438.9 9427.33 9416.31 9413.03 9411.49 9411.12 9413.16 9414.86 9416.45 9416.86 9412.99 9409.77 9404.5 9394.41 9383.15 9377.14 9373.05 9370.7 9368.63
9618.62 9617.15 9616.27 9615.77 9614.15 9612.27 9610.59 9609.29 9606.32 9601.77 9602.3 9603.75 9605.37 9606.64 9608.68 9605.91 9609.21 9613.59 9615.71 9616.07 9616.61 9616.9 9618.22 9619.39 9624.93 9636.86 9659.05 9678.64 9669.25 9646.83 9619.42 9584.19 9545.86 9507.21 9471.71 9453.63 9445.26 9440.81 9439.51 9453.07 9454.87 9454.43 9453.3 9451.82 9449.81 9449.47 9453.41 9455.6 9454.14 9436.32 9418.75 9412.28 9409.87 9409.52 9410.77 9412.21 9413.7 9414.87 9415.77 9413.29 9406.53 9398.2 9387.71 9379.73 9372.65 9369.52 9369.23
9620.78 9619.16 9617.69 9614.86 9611.66 9610.85 9612.13 9612.75 9610.65 9608.92 9608.35 9609.48 9611.14 9612.6 9613.74 9611.82 9613.99 9616.43 9618.7 9619.68 9619.81 9620.52 9621.83 9625.29 9628.54 9643.81 9667.01 9679.8 9672.81 9651.31 9622.44 9588.12 9551.36 9513.81 9478.11 9458.49 9449.38 9443.83 9437.45 9442.38 9448.22 9450.05 9449.85 9448.79 9449.42 9450.98 9455.32 9460.38 9463.36 9443.79 9420.1 9413.17 9409.91 9409.8 9409.12 9409.37 9410.36 9411.73 9414.39 9413.14 9406.84 9400.85 9395.94 9383.05 9374.78 9370.1 9369.27
9622.54 9621.07 9618.79 9615.91 9612.15 9611.43 9614.87 9617.14 9615.1 9612.56 9614.36 9616.14 9618.2 9619.72 9620.2 9619.65 9619.27 9622.09 9624.52 9624.9 9624.27 9624.14 9627.39 9635.19 9636.9 9656.58 9681.71 9690.3 9680.89 9658.93 9628.85 9597.08 9563.56 9528.63 9498.01 9475.29 9459.04 9450.53 9443.3 9442.51 9445.2 9446.47 9446.17 9444.67 9445.54 9450.1 9455.19 9459.33 9458.41 9443.4 9426.14 9414.45 9410.76 9409.24 9407.71 9406.52 9405.99 9405.54 9403.75 9403.28 9410.12 9413.36 9397.34 9382.03 9371.95 9367.76 9367.71
9625.82 9624.25 9622.43 9619.65 9616.16 9615.52 9620.36 9622.83 9621.22 9620.6 9621.56 9623.15 9625.45 9627.83 9630.05 9628.26 9631.19 9633.15 9633.69 9631.43 9628.65 9625.86 9623.93 9629.6 9648.06 9678.32 9708.02 9727.47 9707.22 9661.83 9637.81 9609.54 9578.04 9546.24 9517.06 9490.92 9469.78 9456.05 9447.58 9446.03 9446.09 9445.67 9445.11 9443.04 9442.95 9448.46 9453.58 9456.61 9453.65 9441.68 9421.41 9415.21 9411.93 9409.68 9405.66 9403.87 9402.24 9400.2 9397.95 9398.81 9405.39 9406.2 9395.29 9379.49 9360.74 9365.24 9366.07
9629.75 9628.86 9628.03 9626.69 9625.89 9627.05 9628.67 9631.14 9629.54 9628.49 9628.99 9630.38 9633.51 9638.8 9645.96 9656.33 9654.6 9653.52 9646.17 9640.79 9636.48 9632.06 9625.49 9612.98 9668.4 9699.76 9732.71 9766.05 9747.05 9684.09 9655.23 9626.99 9597.06 9565.47 9532.64 9502.62 9480.24 9463.17 9454.63 9451.11 9449.29 9447.38 9445.63 9444.36 9443.96 9447.81 9452.47 9455.8 9456.34 9447.96 9432.16 9422.95 9417.25 9408.38 9405.64 9404.65 9401.96 9398.3 9395.49 9395.38 9398.21 9398.83 9392.87 9385.85 9378.12 9370.75 9366.47
9634.24 9633.21 9632.86 9633.88 9636.29 9639.48 9636.93 9633.61 9635.26 9634.28 9634.21 9637.2 9640.47 9643.09 9650.73 9655.15 9665.74 9663.79 9653.66 9649.2 9645.81 9643.41 9644.94 9661.96 9683.36 9709.65 9738.53 9766.55 9761.81 9712.35 9677.56 9647.43 9618.27 9589.23 9556.8 9523.95 9498.53 9468.25 9459.81 9457.73 9454.37 9451.12 9447.9 9445.97 9444.49 9447.76 9451.78 9455.2 9456.88 9453.32 9443.79 9437.21 9430.17 9421.07 9414.51 9409.01 9403.51 9397.81 9392.5 9390.18 9391.25 9395.58 9393.43 9392.42 9387.69 9377.73 9368.93
9640.72 9639.33 9638.59 9639.28 9642.87 9647.94 9643.5 9640.82 9644.29 9641.81 9640.63 9644.83 9648.05 9652.76 9660.16 9666.82 9656.74 9649.54 9656.85 9657.96 9656.54 9654.45 9656.1 9660.88 9681.29 9709.33 9730.29 9738.56 9736.12 9725.89 9693.37 9663.79 9637.17 9613.44 9593.59 9571.68 9530.83 9491.12 9472.66 9467.72 9463.14 9457.15 9450.86 9445.97 9444.75 9448.05 9451.38 9454.33 9456.51 9458.42 9462.13 9459.59 9445.46 9434.91 9425.53 9415.75 9407.82 9400.35 9391.65 9378.89 9383.55 9386.18 9390.98 9395.78 9392.79 9381.75 9371.74
9642.56 9641.24 9640.62 9640.27 9640.52 9640.67 9642.12 9649.16 9655.85 9666.32 9662.87 9653.69 9653.07 9659.13 9658 9660.36 9662.49 9663.47 9668.49 9668.33 9668.18 9670.62 9670.06 9674.52 9691.74 9711.63 9724.36 9728.43 9730.84 9727.22 9699.92 9673.41 9650.16 9632.46 9621.24 9613.22 9560.53 9518.52 9492.12 9483.78 9475.3 9465.3 9455.1 9445.78 9446.48 9449.35 9451.9 9453.99 9455.26 9456.95 9466.12 9465.48 9452.56 9440.58 9429.48 9420.21 9412.27 9404.66 9397.44 9392.18 9386.77 9382.28 9387.68 9394.38 9391.82 9382.39 9371.99
9647.2 9645.47 9643.1 9640.98 9637.77 9633.06 9634.25 9641.64 9657.05 9673.7 9657.12 9653.65 9653.01 9652.59 9662.05 9669.61 9679.44 9688.81 9685.66 9684.13 9685.26 9685.95 9685.34 9688.27 9708.97 9717.44 9723.91 9728.35 9737.91 9719.49 9695.51 9674.2 9656.1 9640.53 9625.5 9603.26 9567.28 9535.65 9521.78 9504.93 9487.89 9473.24 9461.51 9450.81 9450.33 9451.47 9453.16 9454.58 9455.33 9455.41 9460.19 9458.38 9453.39 9442.38 9430.27 9424.91 9417.51 9410.35 9404.51 9400.48 9392.96 9385.72 9387.37 9393.07 9388.61 9381.27 9372.71
9651.58 9650.41 9647.85 9645.06 9640.51 9633.47 9633.19 9640.79 9650.77 9651.84 9645.73 9652.68 9654.06 9658.35 9670.72 9680.66 9691.11 9701.86 9701.49 9702.26 9699.75 9697.38 9696.23 9700.62 9712.93 9716.61 9721.7 9721.7 9708.6 9697.66 9685.13 9673.17 9659.71 9643.78 9624.79 9597.08 9568.63 9544.04 9535.35 9519.32 9496.94 9478.86 9466.4 9459.27 9454.33 9454.13 9454.83 9456.21 9457.96 9462.07 9462.78 9462.11 9456.3 9448.02 9443.99 9430.4 9422.95 9416.36 9410.34 9404.78 9398.02 9392.42 9388.18 9375.16 9382.08 9380.9 9376.63
9656.87 9655.38 9653.15 9650.67 9648.97 9647.99 9651.36 9651.66 9651.57 9650.29 9658.12 9660.45 9659.63 9660.21 9670.46 9686.7 9697.39 9700.09 9707.01 9712.15 9708.99 9702.49 9697.2 9695.74 9701.81 9713.69 9722.37 9727.59 9706.73 9681.7 9677.31 9669.68 9658.98 9645.75 9630.17 9606.81 9579.92 9558.13 9542.59 9522.13 9496.84 9478.07 9464.35 9457.42 9455.99 9455.63 9456.35 9457.2 9458.49 9460.15 9463.26 9465.98 9459.17 9449.54 9437.85 9433.66 9427.87 9421.31 9415 9408.8 9401.27 9395.2 9391.03 9385.27 9383.41 9383.18 9383.03
9663.37 9661.52 9660.94 9659.2 9658.64 9661.45 9668.7 9663.44 9656.27 9655.52 9672.93 9671.11 9671.69 9672.73 9673.96 9695.99 9711.04 9707.47 9722.21 9722.7 9713.4 9706.51 9695.2 9691.63 9699.37 9713.66 9725.33 9728.37 9706.49 9680.56 9673.85 9667.33 9658.57 9648.05 9636.29 9625.82 9594.25 9565.9 9535.75 9508.44 9489.01 9473.69 9462.06 9455.99 9457.37 9458.19 9458.44 9458.82 9458.86 9457.57 9460.4 9464.47 9459.02 9452.67 9447.01 9439.97 9433.86 9426.95 9419.67 9411.16 9403.42 9397.62 9391.21 9389.85 9387.24 9387.15 9387.86
9670.51 9669.19 9667.96 9666.28 9664.76 9663.37 9659.01 9661.44 9659.21 9657 9663.74 9672.43 9677.04 9690.42 9696.91 9709.97 9727.8 9777.39 9770.99 9716.63 9703.35 9709.94 9707.79 9708.4 9708.67 9720.36 9729.25 9733.05 9712.82 9688.05 9677.5 9667.62 9657.88 9647.98 9637.58 9624.4 9595.39 9559.53 9524.93 9495.1 9479.15 9468.98 9461.86 9459.27 9460.41 9460.48 9460.69 9460.94 9461.01 9461.07 9461.03 9456.28 9457.14 9455.57 9450.53 9445.8 9439.73 9432.13 9424.32 9416.34 9409.2 9402.64 9395.32 9390.62 9389.7 9389.89 9390.39
9675.16 9672.99 9672.61 9672.38 9672.77 9672.58 9668.14 9667.23 9662.79 9658.27 9662.65 9676.82 9688.42 9745.17 9755.1 9704.86 9675.05 9701.15 9678.33 9630.92 9653.8 9710.63 9742.41 9750.49 9744.2 9738.12 9732.19 9722.6 9716.14 9703.27 9684.76 9671.92 9661.57 9650.81 9638.02 9620.42 9592.39 9555.18 9518.28 9484.22 9474.35 9465.85 9463.26 9465.21 9461.59 9462.57 9462.81 9462.97 9463.34 9464.98 9465.36 9463.16 9461.68 9460.07 9458.61 9453.42 9445.21 9436.96 9429.26 9423.04 9418.93 9407.54 9394.85 9392.34 9392.74 9392.78 9392.95
9678.92 9678.68 9679.46 9680.45 9682.19 9686.66 9690.68 9678.56 9670.59 9667.54 9670.03 9699.73 9720.56 9793.09 9780.89 9633.06 9526.06 9437.06 9395.8 9451.84 9545.38 9681 9826.8 9778.07 9755.5 9745.95 9735.44 9713.79 9707.6 9698.57 9684.5 9674.85 9666 9656.37 9642.69 9621.34 9590.07 9557.52 9528.9 9501.37 9483.49 9468.16 9454.21 9458.07 9462.19 9465.63 9465.95 9465.57 9464.94 9463.74 9461.65 9463.17 9462.81 9463.03 9462.94 9458.22 9449.05 9439.67 9431.51 9425.29 9420.47 9410.46 9403.73 9399.98 9396.98 9395.96 9395.27
