real_craters/C190-500m.grd
DSAA
359 359
-89.4075 89.4075
-89.4075 89.4075
7967.7153245591 10598.57245609
[rows 150 to 179 of 359, columns 67 to 133 of 359]
9579.26 9560.78 9537.69 9510.78 9477.31 9444.86 9441.8 9439.87 9439.35 9438.1 9429.76 9428.16 9432.15 9435.08 9430.49 9424.79 9418.02 9419.85 9414.35 9399.98 9391.96 9423.32 9456.35 9462.02 9460.23 9455.91 9453.77 9454.61 9459.13 9464.72 9470.65 9475.56 9478.05 9480.53 9483.45 9485.32 9502.85 9499.6 9491.82 9495.09 9499.16 9497.15 9500.13 9505.05 9512.22 9520.18 9527.2 9534.53 9534.57 9536.91 9541.38 9542.57 9548.82 9559.88 9570.01 9574.96 9580.49 9587.3 9594.1 9605.52 9612.91 9623.02 9627.58 9629.88 9626.46 9622.71 9668.71
9596.04 9580.19 9562.02 9545.06 9532.64 9525.31 9460.39 9459.11 9451.8 9446.92 9438.5 9436.22 9439.39 9430.93 9426.77 9426.46 9420.27 9412.23 9409.24 9405.96 9408.28 9454.45 9463.1 9461.63 9458.96 9455.58 9453.03 9453.52 9458.22 9463.38 9468.75 9473.08 9475.56 9478.45 9482.59 9486.16 9496.41 9501.42 9496.93 9500.22 9501.37 9501.33 9501.96 9503.22 9514.15 9525.9 9536.68 9545.27 9543.62 9544.91 9542.84 9542.8 9552.71 9565.34 9574.47 9581.9 9589.02 9595.53 9603.73 9611.49 9630.57 9643.13 9646.9 9649.78 9650.29 9645.71 9707.73
9613.89 9599.83 9586.26 9576.23 9575.8 9574.85 9543.33 9505.22 9469.98 9443.57 9441.91 9442.21 9437.82 9429.58 9427.54 9432.14 9420.34 9415.73 9413.53 9416.86 9428.46 9444.16 9457.39 9458.16 9455.82 9453.27 9451.34 9452.45 9456.84 9461.75 9466.76 9472.02 9476.55 9480.37 9485.39 9493.02 9509.07 9508.48 9504.65 9505.35 9507.47 9507.83 9510.14 9513.22 9523.94 9535.91 9545.73 9552.48 9554.5 9556.68 9564.11 9564.2 9571.58 9581.13 9588.08 9593.58 9598.38 9605.2 9616.93 9635.55 9655.96 9679.37 9687.22 9698.12 9703.1 9719.56 9779.84
9627.23 9617.09 9605.15 9594 9585.08 9579.2 9574.15 9544.01 9503.08 9472.41 9470.78 9460.8 9441.33 9430.38 9427.68 9433.53 9429.6 9416.5 9417.93 9422.85 9428.89 9440.77 9451.3 9452.17 9450.78 9449.13 9448.38 9449.76 9454.14 9459.84 9466.69 9473.28 9478.99 9483.35 9489.51 9493.03 9505.17 9513.3 9513.73 9508.82 9507.36 9514.99 9520.47 9527.35 9537.63 9550.97 9561.66 9565.18 9572.54 9584.51 9593.27 9597.33 9601.12 9602.2 9605.3 9607.36 9611.01 9616.19 9627.92 9647.73 9679.2 9717.59 9770.09 9755.89 9752.91 9775.75 9818.7
9641.57 9632.45 9620.15 9606.86 9588.47 9561.62 9582.13 9565.49 9532.42 9523.31 9519.07 9482.12 9449.96 9431.61 9425.42 9428.12 9425.7 9420.35 9422.56 9427.42 9434.9 9444.08 9447.37 9447.34 9446.47 9445.45 9444.61 9445.05 9451.27 9459.18 9467.39 9476.19 9485.39 9494.77 9498.96 9499.89 9500.1 9492.29 9498.93 9507.61 9515.65 9524.92 9537.46 9543.08 9556.75 9572.35 9587.17 9599.26 9614.19 9619.16 9622.95 9623.71 9623.53 9622.56 9622.19 9621.62 9622.47 9626.38 9636.42 9661.12 9694.68 9729.82 9753.92 9767.88 9772.67 9789.14 9816.86
9656.81 9646.35 9634.62 9621.07 9605.13 9589.98 9584.64 9566.06 9528.99 9517.43 9523.96 9489.53 9446.29 9435.65 9424.23 9426.33 9425.81 9426.45 9427.38 9431.73 9437.33 9440.68 9440.08 9441.47 9442.18 9442.49 9442.66 9444.36 9450.84 9458.95 9467.93 9477.69 9489.17 9501.42 9506.18 9512.49 9513.74 9493.68 9494.06 9511.46 9523.26 9531.47 9541.26 9557.54 9578.42 9594.51 9616.57 9645.14 9665.06 9654.65 9650.29 9649.34 9646.62 9643.33 9639.23 9636.86 9637.07 9637.91 9640.61 9668.5 9708.31 9743.37 9762.98 9770.26 9771.65 9782.94 9811.3
9665.28 9654.87 9644.61 9634.05 9624.74 9622.29 9615.66 9587.33 9541.45 9527.86 9533.51 9521.45 9497.6 9463.49 9433.22 9430.21 9429.69 9429.96 9429.79 9432.39 9436.55 9439.4 9436.83 9438.59 9440.2 9441.68 9443.2 9446.7 9451.8 9459.25 9467.62 9476.73 9487.35 9498.74 9502.69 9504.19 9515.7 9529.78 9525.76 9523.48 9528.7 9535.82 9543.24 9561.38 9582.58 9610.28 9639.76 9668.72 9694.6 9690.33 9682.23 9678.05 9673.84 9665.55 9657.97 9652.94 9651.03 9653.89 9663.64 9688.39 9724.44 9763.19 9784.4 9772.85 9763.09 9771.26 9814.96
9661.53 9655.19 9646.41 9640.59 9637.69 9638.45 9634.36 9610.53 9563.52 9543.53 9544.3 9550.34 9538.66 9506.51 9473.83 9439.08 9434.55 9432.8 9432.11 9433.29 9434.99 9436.92 9439.56 9438.5 9440.41 9442.64 9444.59 9446.6 9452.1 9460.02 9467.31 9474.58 9481.57 9487.98 9494.4 9501.35 9499.29 9509.9 9523.86 9531.52 9538.23 9546.13 9555.06 9569.74 9590.23 9621.45 9658.18 9696.01 9721.59 9726.36 9715.9 9706.09 9696.42 9686.34 9675.86 9668.64 9666.26 9671.2 9683.94 9704.5 9734.2 9769.16 9783.9 9768.53 9756.04 9771.09 9827.24
9650.59 9646.79 9641.59 9639.23 9641 9643.43 9640.77 9625.7 9597.62 9567.71 9558.28 9563.24 9554.23 9535.84 9523.83 9484.18 9449.32 9438.24 9436.95 9435.85 9435.81 9436.43 9434.84 9438.03 9442.5 9445.92 9448.59 9450.7 9456.05 9463.17 9468.77 9473.29 9476.17 9477.04 9484.17 9497.22 9506.26 9516.79 9530.76 9539.87 9547.79 9557.72 9569.53 9583.15 9598.63 9631.54 9670.24 9709.34 9744.22 9742.29 9741.85 9726.91 9716.39 9702.98 9689.51 9679.78 9676.07 9680.24 9694.96 9710.19 9732.97 9758.16 9766.83 9758.36 9753.88 9778.74 9838.29
9629 9628.48 9628.4 9631.35 9635.49 9640.19 9641.14 9630.59 9613.17 9586.64 9568.22 9558.37 9552.04 9541.2 9528.3 9523.02 9472.46 9456.78 9447.23 9440.87 9437.87 9436.52 9435.04 9441.02 9447.27 9451.71 9455.78 9460.77 9465.76 9467.56 9470.75 9473.64 9475.02 9475.15 9480.48 9492.44 9514.65 9541.29 9541.28 9545.19 9554.73 9568.77 9587.34 9604.23 9616.09 9641.52 9674.24 9709.03 9725.44 9730.82 9742.86 9728.74 9721.56 9710.64 9696.38 9685.88 9679.14 9678.23 9687.62 9706.8 9726.06 9740.74 9749.28 9748.47 9748.71 9782.11 9842.44
9584.91 9595.66 9606.66 9615.62 9623.99 9629.96 9629.09 9625.13 9617.51 9597.95 9574.53 9551.86 9547.72 9543.3 9533.84 9539.25 9521.8 9484.63 9458.58 9445.09 9440.89 9439.61 9442.05 9449.82 9454.89 9458.86 9462.27 9466.03 9469.3 9471.61 9473.89 9475.07 9476.46 9478.23 9480.4 9480.3 9505.2 9537.71 9537.32 9542.18 9554.27 9574.54 9596.33 9616.09 9624.5 9644.37 9669.07 9692.49 9709.93 9717.12 9707.07 9711.07 9709.14 9705.5 9700.12 9690.25 9680.7 9674.23 9682.6 9706.73 9728.01 9738.12 9748.15 9750.37 9748.51 9783.77 9838.74
9547.52 9567.96 9586.13 9599.83 9611.76 9621.51 9627.57 9627.21 9617.66 9604.89 9584.3 9564.33 9555.56 9550.61 9548.81 9543.26 9523.72 9495.13 9465.76 9447.66 9446.84 9450.76 9460.56 9464.14 9463.55 9465.18 9468.19 9470.01 9470.34 9475.7 9478.27 9479.42 9480.43 9480.59 9480.33 9479.99 9486.47 9501.37 9516.54 9528.62 9542.77 9561.37 9594.01 9625 9634.97 9649.05 9666.92 9683.91 9695.45 9688.42 9688.19 9696.43 9704.63 9709.7 9707.17 9697.01 9685.84 9676.55 9687.09 9716.7 9746 9769.12 9770.04 9769.23 9769.92 9794.71 9832.47
9552.93 9560.35 9571.23 9585.27 9599.28 9614.22 9635.84 9632.69 9621.58 9612.35 9599.08 9580.82 9572.49 9562.14 9549.01 9540.61 9525.46 9507.7 9481.61 9460.93 9457.81 9456.74 9462.61 9468.17 9469.51 9472 9475.1 9477.54 9481.04 9483.63 9484.96 9485.6 9484.91 9484.78 9486.22 9483.76 9478.2 9479.64 9496.24 9513.75 9530.42 9550.31 9584.83 9621.85 9638.67 9653.75 9673.61 9690 9700.32 9691.53 9679.38 9691.37 9717.02 9734.73 9716.02 9704.33 9696.71 9692.14 9704.7 9733.02 9766.39 9796.24 9794.38 9792.31 9798.14 9804.32 9820.33
9541.92 9545.75 9558.27 9573.09 9587.1 9598.97 9604.7 9612.88 9621.92 9623.43 9620.09 9610.54 9593.63 9578.06 9566.12 9556.29 9546.56 9527.94 9515.07 9494.6 9473.27 9459.57 9455.96 9466.75 9472.22 9477.82 9483.16 9487.68 9489.41 9493.34 9494 9492.99 9491.07 9487.8 9485.87 9481.36 9474.99 9468.12 9485.18 9505.18 9524.3 9545.1 9574.42 9599.38 9631.43 9657.34 9686.08 9701.08 9701.97 9690.55 9682.95 9687.9 9705.09 9717.06 9711.93 9709.99 9711.44 9716.4 9728.67 9748.2 9772.04 9797.96 9807.41 9810.09 9806.87 9809.5 9805.55
9527.47 9531.33 9548.83 9564.42 9577.54 9586.8 9588.35 9600.05 9625.87 9636.29 9641.88 9633.55 9613.44 9593.66 9579.52 9565.39 9554.34 9544.11 9530.5 9511.22 9489.3 9467.87 9454.64 9463.07 9475.13 9484.54 9491.75 9498 9503.76 9504.2 9501.7 9500.11 9496.38 9490.82 9484.62 9482.59 9485.93 9476.47 9487.38 9506.01 9525.59 9547.56 9575.82 9608.58 9643.67 9679.13 9705.65 9715.5 9718.07 9707.29 9687.27 9684.5 9690.93 9689.53 9702.33 9714.09 9726.77 9748.93 9750.94 9761.46 9773.78 9792.74 9821.85 9835.86 9830.78 9820.28 9795.17
9528.76 9534.46 9547.65 9561.03 9574.09 9586.06 9600.07 9618.84 9628.1 9643.14 9656.53 9650.41 9627.42 9606.52 9591.36 9581.72 9563.69 9553.4 9551.89 9529.04 9505.65 9485.51 9466.24 9469.41 9484.22 9494.24 9500.98 9506.99 9512.58 9512.68 9510.43 9507.38 9503.47 9497.76 9489.33 9488.88 9490.75 9483.68 9499.5 9517.07 9535.98 9554.74 9586.07 9629.86 9669.31 9705.1 9726.69 9727.09 9719.58 9710.11 9704.65 9702.45 9700.8 9691.36 9704.02 9720.66 9735.87 9748.79 9762.49 9774.06 9787.96 9811.84 9845.97 9876.61 9876.04 9839.57 9796.81
9542.77 9550.67 9553.71 9563.45 9574.78 9589.76 9608.41 9633.16 9643.08 9649.21 9651.85 9646.72 9631.63 9613.98 9599.56 9574.52 9564.06 9556.05 9538.01 9533.24 9520.51 9509.88 9511.63 9511.43 9504.23 9505.52 9510.46 9514.45 9515.63 9517.72 9520.25 9518.68 9514.86 9510.74 9507.27 9505.08 9505.32 9511.62 9520.7 9535.82 9554.28 9575.72 9607.25 9649.07 9690.56 9729.59 9744.79 9736.66 9721.69 9722.35 9741.13 9753.7 9731.22 9713.3 9716.87 9732.29 9749.28 9761.43 9772.67 9784.87 9804.76 9831.64 9864.5 9893.04 9892.81 9855.75 9807.84
9554.69 9544.99 9557.96 9565.95 9575.38 9587.52 9602.74 9622.22 9643.48 9645.44 9651.77 9643.37 9630.04 9615.54 9602.96 9580.42 9571.64 9566.85 9562.89 9545.96 9533.44 9524.39 9520.48 9519.18 9513.35 9513.96 9519.21 9524.97 9525.95 9528.65 9534.35 9532.25 9528.25 9524.29 9527.16 9526.59 9525.97 9530.38 9540.63 9557.15 9577.64 9601.65 9632.88 9673.74 9707.87 9735.09 9755.49 9743.72 9731.54 9737.81 9762.23 9780.03 9754.41 9732.95 9731.22 9745.28 9764.59 9779.21 9780.66 9787.44 9806.53 9839.45 9876.82 9896.4 9896.57 9870.66 9826.32
9566.15 9570.23 9567.97 9570.6 9575.35 9581.23 9587.15 9592.95 9610.21 9620.35 9630.75 9631.44 9625.65 9615.36 9604.75 9595.8 9586.95 9578.82 9564.58 9558.34 9543.97 9529.41 9516.12 9506.41 9509.62 9517.99 9528.11 9539.48 9551.18 9559.89 9556.37 9549.2 9542.36 9535.25 9530.56 9532.06 9536.31 9544.23 9560.22 9579.63 9600.64 9628.44 9663.92 9691.87 9720.69 9745.39 9753.44 9742.62 9742.21 9739.59 9757.93 9772.37 9761.84 9743.07 9739.61 9754.91 9777.18 9786.91 9781.47 9780.38 9792.61 9839.1 9894.23 9932.12 9924.87 9890.57 9846.46
9573.03 9574.37 9573.53 9573.29 9575.03 9576.9 9577.83 9580.7 9586.72 9597.77 9603.84 9616.46 9622.04 9622.14 9612.96 9605.66 9603.15 9601.04 9592.94 9573.87 9554.93 9534.7 9514.06 9504.15 9510.74 9522.62 9535.95 9551.56 9572.31 9592.44 9572.66 9564.31 9559.16 9554.88 9550.55 9554.85 9558.43 9576.46 9594.01 9601.95 9619.73 9641.12 9663.75 9701.9 9732.16 9731.21 9727.78 9727.89 9722.64 9729.57 9752.13 9783.15 9766.39 9747.18 9742.33 9757.39 9782.5 9788.71 9777.42 9773.26 9781.74 9842.76 9908.89 9959.43 9945.63 9905.54 9860.63
9574.92 9576.02 9574.76 9574.41 9573.99 9572.22 9571.18 9578.37 9583.44 9589.99 9597.11 9609.3 9620.76 9626.44 9619.56 9610.54 9611.15 9616.08 9608.31 9588.44 9566.5 9544.17 9521.85 9510.25 9517.5 9529.57 9542.47 9555.63 9565.64 9565.23 9572.89 9574.74 9574.32 9575.49 9577.66 9570.61 9574.8 9586.15 9598.68 9618.2 9638.5 9658.05 9679.09 9714.9 9743.42 9734.87 9732.56 9731.46 9732.97 9745.9 9763.28 9770.82 9767.2 9759.31 9755.44 9758.48 9759.27 9766.32 9771.77 9776.22 9795.39 9856.2 9918.62 9949.95 9945.82 9910.15 9864.44
9581.82 9573.56 9574.49 9576.1 9575.25 9572.79 9567.02 9573.44 9585.48 9590.23 9593.37 9605.48 9618.31 9628.9 9621.37 9616.36 9620.01 9625.73 9617.71 9599.37 9579.44 9559.01 9540.59 9529.6 9530.62 9540.04 9551.1 9560.28 9565.59 9569.1 9577.1 9585.26 9588.44 9582.02 9574.57 9580.73 9590.95 9600 9612.81 9638.42 9662.79 9685.59 9706.81 9739.92 9763.05 9773.72 9773.26 9762.77 9764.55 9786.85 9794.32 9779.06 9776.93 9785.04 9788.11 9772.06 9756.52 9763.12 9775.68 9788.09 9814.78 9873.62 9937.07 9976 9946.92 9906.64 9858.24
9563.33 9575.89 9580.92 9580.92 9579.54 9578.38 9579.64 9582.52 9587.41 9590.08 9593.35 9602.54 9610.39 9614.36 9614.12 9618.12 9626.96 9629.05 9621.52 9607.68 9592.25 9576.97 9563.27 9553.13 9547.76 9556.06 9564.65 9571.46 9574.92 9576.96 9587.62 9601.43 9609.05 9607.37 9590.13 9598.33 9615.77 9627.56 9643.05 9666.15 9693.45 9721.64 9749.84 9785.91 9819.55 9841.84 9836.46 9813.34 9812.06 9826.58 9828.72 9809.7 9807.09 9817.36 9815.15 9797.6 9780.37 9779.32 9791 9808.43 9833.7 9884.22 9934.97 9957.12 9932.75 9891.02 9841.63
9574.14 9584.57 9589.56 9586.95 9584.71 9584.3 9586.92 9590.27 9591.64 9589.25 9593.91 9602.23 9606.67 9605.67 9607.07 9613.61 9619.51 9624.65 9621.68 9614.43 9605.61 9595.68 9586.19 9573.84 9573.54 9577.42 9583.74 9590.85 9595.48 9592.74 9609.54 9624.68 9632.93 9635.81 9618.25 9629.14 9648.63 9655.69 9671.49 9694.74 9725.28 9761.34 9801.95 9838.79 9875.22 9895.39 9870.01 9869.38 9864.35 9867.56 9868.97 9862.87 9859.98 9860.78 9855.65 9831.94 9805.36 9800.93 9808.16 9832.65 9854.2 9882.48 9913.83 9922.91 9904.46 9868.79 9819.57
9597.24 9594.19 9594.16 9591.07 9588.59 9587.39 9588.82 9595.05 9595.08 9596.5 9600.09 9607.14 9613.86 9618.22 9615.65 9616.07 9615.81 9616.16 9621.38 9620.79 9617.54 9613.96 9611.03 9608.28 9601.29 9598.42 9603.86 9612.81 9624.28 9645.23 9653 9651.1 9651.8 9642.28 9634.08 9648.76 9666.04 9673.87 9691.6 9716.74 9750.82 9790.9 9834.74 9864.83 9872.29 9870.04 9872.49 9886.19 9893.21 9902.38 9916.5 9908.4 9904.4 9902.82 9902.28 9874.36 9838.74 9823.3 9817.53 9816.47 9837.93 9870.32 9888.96 9889.81 9873.63 9837.39 9790.6
9595.37 9594.88 9594.84 9592.79 9591.41 9591.01 9594.24 9606.6 9609.18 9600.88 9605.67 9613.84 9620.55 9620.55 9621.52 9622.08 9624.27 9624.55 9626.32 9627.95 9629.1 9629.94 9631.51 9631.76 9617.82 9618.16 9623.05 9631.9 9645.56 9661.38 9669.97 9670.63 9669.48 9658.39 9644.67 9647.93 9664.56 9680.48 9699.53 9729.8 9766.29 9806.16 9846.88 9869.81 9856.76 9850.9 9866.44 9884.68 9898.98 9912.45 9925.59 9925.27 9929.05 9922.35 9924.7 9898.66 9869.23 9842.84 9829.93 9823.45 9835.43 9863.87 9880.39 9871.81 9847.43 9808.12 9758.36
9589.56 9590.48 9591.49 9592.7 9594.68 9595.7 9597.71 9602.32 9596.16 9603.4 9612.81 9621.44 9627.02 9625.46 9626.21 9627.61 9626.89 9629.56 9632.77 9635.05 9637.75 9641.4 9646.19 9651.65 9644.82 9637.32 9639.12 9646.43 9658.16 9672.63 9683.82 9680.95 9680.34 9673.76 9658.87 9653.01 9662.49 9685.55 9713.2 9742.36 9774.5 9810.08 9842.9 9856.32 9845.07 9839.58 9856.74 9880.46 9894.22 9904.86 9912.48 9915.23 9914.51 9917.44 9907.39 9884.44 9865.47 9856.55 9848.82 9840.94 9848.29 9866.97 9871.11 9856.15 9824.73 9782.07 9732.3
9587.74 9589.03 9587.75 9593.55 9599.22 9602.21 9601.85 9600.72 9607.14 9615.24 9621.62 9628.53 9635.15 9634.45 9635.79 9633.69 9634.74 9636.91 9638.9 9641.39 9644.3 9648.33 9653.29 9657.49 9652.46 9648.19 9649.09 9653.95 9661.65 9670.97 9676.56 9680.49 9686.46 9693.98 9672.3 9662.45 9671.2 9693.3 9718.2 9746.12 9777.19 9809.1 9835.54 9847.11 9835.75 9831.13 9850.39 9873.36 9887.23 9895.72 9898.75 9905.15 9910.42 9915.69 9912.01 9889.3 9872.08 9871.4 9873.28 9875.29 9867.81 9877.25 9871.23 9846.08 9808.38 9762.08 9709.97
9594.31 9595.46 9597.06 9600.59 9606.5 9612.9 9611.03 9608.24 9611.65 9617.45 9626.72 9632.66 9637.04 9634.29 9634.86 9636.2 9639.04 9642.76 9643.09 9643.83 9646.6 9650.19 9654.39 9658.32 9658.01 9654.4 9653.58 9655.49 9659.22 9662.9 9666.82 9672.14 9678.37 9688.08 9685.35 9681.75 9689.94 9705.14 9721.81 9743.99 9775.06 9804.97 9830.36 9845.72 9836.73 9829.14 9846.51 9868.85 9882.43 9891.51 9895.97 9906.01 9916.55 9924.29 9921.13 9903.39 9888.09 9887.02 9891.54 9896.59 9880.15 9884.77 9876.93 9839.07 9797.45 9748.56 9692.04
9602.64 9604.37 9605.95 9609.05 9611.46 9616.25 9614.78 9613.26 9616.88 9623.37 9628.4 9631.47 9634.13 9634.15 9634.15 9635.12 9637.58 9644.9 9643.5 9643.72 9645.29 9648.79 9651.85 9654.84 9655.32 9654.35 9653.56 9653.36 9654.89 9656.26 9657.28 9663.73 9668.77 9678.48 9699.05 9699.61 9709.72 9717.69 9729.71 9747.61 9773.97 9799.09 9821.32 9841.41 9830.82 9823.74 9838.07 9865.33 9880.75 9893.63 9904.91 9920.79 9938.43 9941.57 9933.22 9916.87 9904.11 9899.46 9897.62 9892.59 9880.61 9876.45 9853.24 9827.15 9786.24 9735.36 9678.14
