real_craters/C190-300m.grd
DSAA
597 597
-89.4075 89.4075
-89.4075 89.4075
7966.602411219 10594.903495532
[rows 0 to 29 of 597, columns 335 to 401 of 597]
9267.95 9266.78 9264.33 9260.92 9256.93 9252.39 9247.77 9246.21 9243.59 9241.76 9240.23 9240.78 9242.3 9245.74 9249.1 9251.57 9255.11 9261.44 9270.71 9281.14 9289.07 9291.9 9294.04 9295.57 9297.01 9297.95 9299.03 9300.56 9301.53 9302.92 9301.4 9295.14 9289.62 9286.73 9292.17 9319.03 9333.48 9346.2 9288.75 9244.29 9222.21 9220.83 9239.45 9266.21 9236.37 9210.04 9206.26 9216.98 9235.37 9257.53 9278.74 9293.42 9301.31 9303.48 9303.15 9296.39 9291.21 9285.14 9277.19 9271.03 9270.93 9265.6 9262.44 9260.26 9258.34 9256.31 9254.07
9267.04 9265.56 9263.2 9260.53 9257.81 9254.93 9251.86 9249.35 9246.01 9243.87 9242.92 9241.04 9242.66 9247.04 9250.33 9252.14 9253.35 9260.22 9269.61 9279.15 9286.52 9291.21 9294.58 9297.31 9299.41 9301.03 9302.36 9303.42 9304.04 9304.56 9302.54 9298.86 9293.5 9291.44 9291.52 9301.95 9314.87 9308.09 9291.46 9273.64 9263.05 9266.98 9286.43 9314.86 9281.93 9254.7 9243.33 9243.57 9251.22 9262.25 9274.8 9285.33 9291.37 9294.81 9292.12 9289.78 9282.41 9277.83 9271.32 9266.29 9262.65 9261.44 9259.9 9258.28 9256.99 9255.46 9253.63
9266.33 9263.99 9261.82 9259.72 9258.04 9257.47 9255.83 9248.69 9246.68 9245.68 9245.09 9246.48 9248.13 9250.48 9253.35 9254.31 9255.24 9261.01 9269.23 9276.61 9284.29 9290.32 9294.65 9297.83 9300.11 9301.85 9303.22 9304.44 9305.4 9305.84 9305.7 9305.44 9301.25 9297.94 9292.94 9294.56 9297.84 9290.1 9284.75 9282.34 9280.76 9283.41 9286.86 9287.27 9285.43 9272.64 9263.46 9260.33 9261.94 9265.98 9271.47 9279.34 9283.28 9285.53 9282.09 9280.33 9274.06 9271.03 9267.41 9261.76 9258.41 9258.29 9257.85 9256.69 9255.52 9254.31 9253.17
9264.14 9262 9260.3 9258.4 9256.85 9255.85 9254 9247.77 9247.8 9247.67 9249.45 9253.41 9254.49 9254.63 9254.25 9256.59 9259.94 9265.03 9271.57 9276.91 9284.37 9290.54 9294.62 9297.39 9299.63 9301.31 9302.5 9303.86 9304.76 9305.52 9306.16 9307.46 9305.51 9299.46 9295.83 9292.76 9290.37 9283.34 9281.3 9283.15 9284.48 9285.52 9284.64 9284.09 9282.62 9277.45 9271.78 9268.92 9269.03 9271.55 9275.28 9276.61 9277.16 9277.89 9273.52 9272.09 9266.55 9264.9 9262.69 9260.22 9259.51 9257.78 9256.13 9255 9254.14 9253.52 9252.89
9259.99 9259.14 9257.82 9256.46 9254.64 9251.9 9248.17 9246.96 9250.7 9253.28 9256.71 9260.65 9260.5 9259.56 9259.62 9260.75 9263.35 9269.91 9277.2 9282.64 9288.2 9292.03 9294.97 9297.34 9298.77 9300.27 9301.12 9301.48 9302.98 9303.45 9304.09 9304.23 9298.34 9296.81 9296.33 9291.63 9287.61 9281.58 9279.53 9281.04 9282.34 9282.28 9282.02 9281.36 9280.09 9277.32 9274.33 9272.59 9272.14 9273.99 9275.43 9274.07 9274.28 9271.25 9270.18 9264.98 9263.43 9260.37 9259.09 9258.28 9257.93 9255.95 9254.19 9253.37 9252.73 9252.34 9252.09
9256.19 9256.2 9255.62 9254.28 9252.74 9249.93 9246.61 9249.46 9255.9 9260.2 9264.28 9265.33 9265.17 9264.42 9263.64 9264.52 9267.67 9275.65 9284.87 9292.5 9293.45 9294.7 9295.67 9296.45 9297.25 9298.14 9299.02 9299.48 9300.55 9301.53 9301.9 9301.51 9299.7 9296.25 9294.41 9290.1 9285.87 9280.65 9278.75 9277.86 9278.14 9277.75 9276.74 9276.76 9275.01 9275.29 9273.65 9273.47 9272.52 9272.92 9273.09 9271.44 9269.46 9268.42 9267.26 9262.55 9261.09 9257.92 9256.53 9255.31 9253.01 9251.58 9251.79 9251.69 9251.43 9251.08 9250.87
9253.11 9253.69 9253.54 9253.12 9252.62 9251.2 9250.66 9255.12 9261.25 9264.58 9269.05 9268.1 9269.25 9269.83 9269.52 9270.6 9273.78 9280.96 9290.02 9297.29 9296.38 9296.08 9296.27 9296.35 9296.64 9297.15 9297.64 9297.91 9298.52 9299.11 9299.08 9298.7 9298.43 9297.98 9293.71 9288.2 9283.39 9277.99 9274.36 9273.8 9273.79 9273.45 9272.36 9272.84 9271.58 9273.03 9272.13 9271.59 9270.05 9268.6 9268.81 9267.31 9264.91 9263.41 9260.17 9258.8 9257.98 9256.63 9254.97 9253.22 9250.42 9249.25 9250.55 9250.7 9250.25 9249.74 9249.27
9250.92 9251.97 9252.17 9252.77 9253.37 9254.24 9257.09 9260.91 9261.41 9261.19 9269.57 9270.43 9273.55 9275.9 9277.87 9278.76 9279.68 9284.08 9289.86 9294.09 9295.28 9295.25 9294.99 9294.82 9295.11 9295.46 9295.83 9296.36 9296.87 9296.79 9296.13 9295.63 9296.13 9294.95 9290.52 9285.45 9280.25 9275.04 9270.87 9270.13 9270.09 9270.01 9270.48 9270.24 9270.55 9269.98 9269.18 9268.58 9266.82 9264.47 9264.73 9263.25 9261.34 9259.94 9259.19 9257.86 9256.39 9255.26 9253.91 9253.08 9252.41 9252.23 9251.24 9250.3 9249.49 9248.7 9247.93
9249.66 9250.77 9251.25 9252.55 9253.55 9256.38 9260.54 9262.2 9259.78 9262.09 9269.26 9274.35 9278.09 9281.42 9284.33 9283.49 9281.59 9284.47 9289.39 9292.39 9292.85 9293 9293.13 9293.38 9293.73 9294.04 9294.36 9294.19 9293.88 9293.61 9292.99 9292.92 9292.85 9291.39 9286.33 9281.94 9277.33 9272.64 9269.11 9267.1 9266.78 9267.21 9267.07 9267.82 9267.98 9266.65 9265.82 9265.33 9264.05 9262.65 9261.86 9260.04 9259.47 9258.45 9257.25 9256.1 9254.92 9253.96 9253.2 9253.15 9253.83 9254.17 9251.85 9249.96 9248.82 9247.98 9247.25
9249.01 9249.37 9250.08 9251.53 9253.71 9256.2 9259.17 9260.12 9261.89 9265.07 9269.45 9276.62 9281.85 9285.64 9287.19 9283.37 9280.76 9282.22 9286.06 9288.27 9289.12 9289.68 9290.11 9290.6 9291.29 9291.73 9292.06 9291.92 9292.03 9291.5 9290.4 9289.27 9288.69 9289.68 9284.43 9279.99 9275.19 9270.2 9266.37 9263.86 9263.56 9265.07 9266.89 9265.57 9265.37 9263.8 9262.95 9262.33 9261.52 9261.13 9259.24 9258.12 9257.13 9256.31 9255.14 9254.13 9253.38 9252.7 9252.15 9252.11 9252.52 9252.46 9250.66 9249 9247.98 9247.24 9246.72
9249.33 9249.8 9250.36 9251.97 9253.54 9255.54 9256.83 9257.44 9263.67 9268.27 9270.35 9278.83 9284.93 9289.26 9290.92 9285.15 9279.31 9278.77 9278.36 9281.92 9284.55 9286.18 9287.12 9288.58 9289.37 9290.19 9291.05 9291.7 9291.34 9290.7 9289.43 9286.61 9287.61 9286.83 9284.01 9280.61 9275.06 9268.67 9263.28 9260.1 9259.96 9261.01 9262.53 9262.87 9262.26 9261.46 9260.41 9259.28 9257.99 9257.11 9256.13 9255.4 9254.61 9253.95 9253.26 9252.65 9251.86 9251.11 9250.44 9250.14 9249.83 9249 9248.05 9247.39 9246.86 9246.48 9246.35
9251.28 9251.15 9252.15 9252.92 9253.55 9254.83 9255.17 9255.71 9257.87 9265.77 9275.15 9281.72 9287.26 9291.63 9294.77 9287.24 9278.02 9277.02 9278.43 9279.51 9281.55 9283.3 9284.6 9286.33 9287.57 9289.12 9289.67 9290.61 9291.35 9292.18 9292.29 9292.82 9295.09 9296.29 9290.82 9283.94 9276.28 9268.35 9260.1 9255.97 9257.91 9258.89 9260.06 9261.61 9260.96 9259.88 9258.45 9256.73 9254.42 9252.84 9252.99 9252.78 9252.34 9251.92 9251.42 9250.9 9250.19 9249.36 9248.77 9248.1 9247.14 9245.33 9245.33 9245.73 9245.62 9245.51 9245.96
9253.61 9254.03 9254.59 9254.78 9254.66 9253.6 9254.26 9254.69 9257.49 9267.44 9277.89 9284.16 9287.9 9290.85 9292.08 9285.45 9276.66 9275.82 9277.26 9277.69 9279.13 9281.26 9283.06 9285.06 9285.95 9287.65 9288.95 9291.27 9292.78 9293.97 9295.87 9298.19 9303.19 9304.37 9296.38 9287.71 9279.21 9270.99 9262.01 9256.75 9260.57 9262.68 9262.72 9262.15 9260.72 9259.03 9257.15 9255.1 9253.08 9251.53 9250.9 9250.6 9250.37 9249.83 9249.33 9249.05 9248.73 9248.04 9247.43 9246.58 9245.81 9244.98 9244.91 9244.91 9244.81 9244.73 9244.72
9256.38 9255.97 9255.73 9255.11 9254.76 9254.53 9254.58 9255.18 9259.97 9272.22 9282.63 9284.66 9286.64 9287.99 9286.81 9282.96 9277.05 9274.09 9273.35 9275.31 9277.43 9279.32 9281.74 9283.45 9284.79 9286.66 9288.38 9290.74 9293.23 9295.72 9299.25 9301.93 9307.59 9307.11 9298.95 9291.06 9283.41 9276.53 9270.5 9267.6 9267.46 9268.13 9266.29 9264.11 9261.31 9258.74 9256.08 9253.85 9252.29 9250.57 9249.24 9248.54 9248.29 9247.95 9247.96 9247.56 9247.12 9246.59 9246.21 9245.64 9245.14 9245.45 9245.19 9244.36 9244.1 9244.02 9243.77
9259.53 9258.63 9257.7 9257.45 9256.88 9256.24 9256.36 9257.42 9262.93 9274.3 9280.56 9282.45 9284.2 9284.28 9282.3 9277.4 9275.46 9272.26 9271.86 9273.67 9275.81 9278.15 9280.22 9282.14 9283.71 9285.23 9287.59 9290.02 9293.22 9297.27 9301.63 9305.43 9307.23 9302.26 9298.69 9294.02 9288.25 9282.41 9278.54 9278.4 9273.71 9271.26 9268.63 9265.7 9262.1 9258.52 9255.06 9252.02 9250.05 9248.33 9247.37 9247.01 9246.62 9246.26 9246.2 9245.98 9245.74 9245.34 9245.04 9244.5 9244.05 9243.73 9243.28 9243.44 9243.6 9243.76 9243.79
9262.67 9261.45 9260.24 9259.81 9259.35 9259.61 9259.21 9260.41 9265.17 9274.56 9278.98 9282.16 9282.51 9279.87 9275.64 9272.26 9270.6 9270.68 9271.58 9273.42 9275.37 9277.04 9278.94 9280.54 9282.46 9284.24 9286.72 9288.87 9292.01 9295.54 9299.01 9301.35 9301.83 9300.16 9299.84 9296.66 9291.33 9285.75 9282.03 9278.13 9277.36 9274.56 9271.16 9267.48 9262.78 9258.43 9254.07 9249.84 9245.88 9245.47 9245.33 9245.4 9245.32 9245.33 9245.21 9244.92 9244.69 9244.4 9244.05 9243.53 9242.96 9242.57 9242.52 9242.91 9243.41 9243.99 9244.54
9265.59 9263.89 9262.68 9261.85 9261.88 9261.99 9263.33 9265.84 9270.96 9276.25 9280.37 9284.98 9282.82 9277.16 9273.38 9271.94 9271.06 9272.28 9273.53 9274.85 9276.08 9277.64 9279.12 9280.03 9281.56 9282.94 9284.87 9287.03 9289.47 9292.1 9294.3 9295.77 9298.8 9304.62 9304.85 9299.27 9292.8 9286.94 9283.42 9283.12 9281.25 9278.6 9273.58 9268.56 9263.38 9258.39 9253.5 9248.61 9244.33 9243.89 9244.04 9244.25 9244.27 9244.32 9244.28 9243.84 9243.71 9243.61 9243.35 9243.04 9242.55 9242.27 9242.09 9242.79 9243.63 9244.54 9245.54
9266.88 9265.14 9264.67 9264.01 9263.84 9264.38 9266.29 9270.2 9276.8 9277.73 9282.09 9288.23 9283.84 9274.77 9271.82 9272.97 9275.03 9276.16 9276.43 9276.71 9277.4 9278.23 9279.32 9280.02 9281.44 9282.67 9284.13 9285.49 9286.93 9288.47 9290.49 9290.69 9296.92 9311.97 9310.13 9300.35 9292.34 9286.12 9281.43 9278.35 9279.57 9279.58 9274.27 9269.07 9263.46 9258.34 9253.5 9248.9 9245.15 9244.09 9243.64 9243.6 9243.61 9243.42 9243.39 9243.37 9243.28 9243.07 9242.9 9242.79 9242.48 9242.39 9242.44 9243.25 9244.17 9245.13 9246.37
9267.12 9265.85 9265.47 9265.27 9265.78 9266.39 9267.48 9269.74 9273.08 9276.71 9283.57 9290 9284.14 9270.93 9269.4 9273.62 9278.47 9280.11 9279.02 9278.31 9278.09 9278.34 9278.84 9279.51 9280.72 9281.61 9282.83 9283.76 9284.77 9285.57 9286.55 9288.91 9299.38 9310.04 9305.18 9296.12 9289.05 9282.91 9277.5 9272.9 9274.3 9276.34 9272.7 9267.96 9263.04 9258.21 9253.7 9249.88 9247.12 9244.82 9243.88 9243.46 9243.28 9243.16 9243.11 9242.98 9242.92 9242.85 9242.71 9242.79 9242.88 9243.18 9243.85 9244.18 9244.69 9245.46 9246.44
9267.28 9266.72 9266.09 9265.97 9266.64 9267.35 9268.45 9270.07 9271.79 9274.68 9282.75 9287.88 9282.03 9268.8 9268.72 9274.22 9280.52 9281.65 9280.19 9279.18 9278.35 9278.13 9278.27 9278.43 9279.12 9279.76 9280.62 9281.25 9282.3 9283.7 9285.32 9296.04 9307.64 9300.71 9290.77 9288.19 9284.13 9279.33 9274.38 9270.17 9270.31 9272.01 9270.15 9266.52 9262.26 9257.89 9253.66 9250.05 9247.49 9245.34 9244.28 9243.65 9243.26 9242.97 9242.84 9242.78 9242.57 9242.64 9242.72 9242.88 9243.24 9243.65 9244.32 9244.6 9245.07 9245.68 9246.42
9265.86 9266.28 9266.09 9266.28 9267.24 9267.78 9268.89 9269.68 9272.15 9278.51 9283.09 9282.42 9277.92 9272.68 9271.34 9275.38 9279.72 9280.64 9280.02 9279.1 9278.28 9277.66 9277.27 9277.23 9278.01 9278.44 9278.34 9279.19 9280.7 9283.48 9287.95 9296.25 9298.39 9293.03 9284.31 9282.33 9279.68 9276.59 9272.59 9269.37 9268.44 9269.19 9267.45 9264.73 9261.13 9257.32 9253.3 9249.46 9247 9245.55 9244.59 9243.9 9243.45 9243.1 9242.89 9242.82 9242.85 9242.83 9242.88 9243.02 9243.52 9243.74 9243.75 9244.32 9245.56 9246.34 9246.6
9264.32 9264.99 9265.7 9266.04 9266.3 9266.75 9268.19 9270.5 9274.57 9278.45 9279.95 9279.21 9277.34 9274.47 9275.56 9277.02 9279.62 9281.53 9279.19 9278.08 9277.19 9276.5 9276.02 9276.07 9275.86 9275.88 9276.9 9277.91 9279.42 9281.98 9284.45 9285.6 9290.35 9286.64 9282.25 9278.83 9276.61 9274.5 9272.14 9270.21 9268.1 9267.72 9265.7 9263.46 9260.32 9256.87 9253.26 9249.95 9247.53 9245.91 9245.25 9244.62 9243.88 9243.61 9243.75 9243.2 9243.39 9243.37 9243.3 9243.72 9243.87 9244.23 9244.61 9245.57 9246.63 9247.77 9248.75
9262.97 9263.7 9264.46 9264.7 9264.97 9265.48 9266.69 9269.48 9274.53 9272.78 9273.71 9277.34 9279.61 9282.79 9280 9277.78 9276.14 9276.52 9276.83 9276.44 9275.92 9275.32 9274.79 9274.68 9274.45 9274.23 9274.58 9275.12 9276.3 9278.71 9280.71 9280.09 9279.99 9278.57 9275.89 9274.85 9274.01 9273.29 9272.48 9271.92 9268.91 9266.57 9264.83 9262.91 9260.19 9256.98 9253.74 9250.84 9248.31 9246.6 9245.56 9244.75 9244 9243.5 9243.95 9243.45 9243.56 9243.52 9243.54 9243.85 9244.04 9244.59 9245.8 9247.24 9247.27 9248.66 9249.6
9261.71 9262.64 9263.35 9263.84 9264.16 9264.45 9264.8 9265.72 9269.14 9268.24 9272.55 9279.56 9286.59 9287.79 9282.18 9277.85 9274.44 9273.16 9274.92 9274.97 9274.41 9273.98 9273.21 9272.71 9272.16 9271.94 9271.88 9271.75 9272.1 9273.08 9274.09 9273.54 9270.95 9270.77 9271.37 9271.93 9272.26 9272.54 9272.77 9272.85 9268.38 9265.67 9265.05 9263.23 9260.58 9257.4 9254.24 9250.68 9248.91 9247.71 9246.74 9246.03 9245.26 9244.78 9244.29 9243.65 9243.48 9243.55 9243.61 9243.87 9243.87 9244.18 9244.02 9243.35 9246.3 9248.85 9250.04
9261.24 9262.4 9263.22 9263.65 9263.62 9264.06 9264.57 9266.57 9271 9271.9 9274.33 9281.92 9288.3 9286.77 9281.82 9277.08 9273.48 9274.83 9274.31 9273.83 9273.7 9273.06 9272.51 9271.5 9271.07 9270.27 9269.8 9268.54 9267.14 9265.06 9262.82 9259.1 9259.66 9263.87 9267.98 9269.41 9270.25 9271.68 9273.04 9273.69 9268.64 9267.29 9267.19 9264.77 9261.71 9258.25 9255.04 9252.4 9249.97 9248.57 9247.66 9246.75 9245.81 9245.21 9244.94 9244.48 9244.37 9244.3 9244.33 9244.19 9244.36 9244.46 9244.49 9245.36 9247.09 9248.25 9249.36
9261.59 9262.65 9263.28 9263.92 9264.13 9264.86 9265.76 9268.79 9274.78 9275.31 9277.17 9283.29 9287.09 9282.56 9277.65 9275.53 9273.94 9272.37 9272.56 9272.67 9272.86 9272.51 9271.67 9270.85 9269.78 9268.74 9266.95 9264.8 9262.45 9259.67 9257.07 9255.33 9255.06 9258.24 9261.83 9264.63 9267.41 9270.32 9273.23 9276.21 9276.4 9274.95 9271.48 9267.08 9263.02 9259.15 9255.68 9252.43 9250.76 9249.28 9248.32 9247.42 9246.58 9245.96 9245.56 9245.28 9245.05 9244.98 9245.1 9245.01 9244.76 9245.3 9246.52 9248.59 9248.23 9248.46 9249.53
9262.45 9263.54 9264.37 9265.47 9266.01 9266.5 9268.09 9271.55 9276.51 9277.12 9281.6 9283.05 9280.97 9275.81 9272.92 9273.6 9275.14 9273.06 9271.92 9272.1 9272.14 9272.03 9271.25 9270.26 9268.79 9266.9 9264.43 9262.03 9259.04 9255.81 9254.56 9253.98 9251.87 9254.22 9257.01 9260.35 9264.17 9268.18 9272.34 9276.45 9283.02 9283.12 9274.5 9268.62 9263.73 9259.88 9256.36 9252.87 9251.53 9250.15 9249.09 9247.97 9247.35 9246.57 9246.28 9246 9245.92 9245.82 9245.58 9245.75 9246.01 9246.21 9246.43 9246.26 9248.22 9250.34 9251.02
9263.91 9265.13 9265.93 9266.77 9267.55 9268.16 9269.92 9273.22 9277.72 9279.12 9283.23 9279.94 9271.91 9268 9269.12 9270.97 9272.51 9272.09 9271.67 9272.23 9272.37 9271.97 9271.05 9269.66 9268.02 9265.9 9262.8 9260.21 9257.22 9254.36 9254.04 9252.77 9250.81 9251.96 9253.98 9256.87 9261 9265.35 9269.97 9275.04 9277.69 9276.07 9272.31 9267.56 9263.31 9259.92 9257.82 9255.49 9252.64 9250.79 9249.53 9248.62 9247.86 9247.78 9247.46 9247.21 9246.58 9246.44 9246.46 9246.3 9246.51 9247.09 9247.34 9247.81 9249.96 9252.8 9252.53
9264.78 9266.13 9267.41 9268.51 9269.43 9270.07 9270.9 9273.25 9276.41 9278.88 9279.12 9273.63 9268.91 9268.19 9268.12 9268.78 9270.02 9271.26 9272.36 9273.02 9272.89 9272.21 9270.87 9268.9 9266.67 9264.25 9261.26 9258.8 9256.36 9254.89 9254.5 9252.63 9249.8 9250.43 9251.84 9254.18 9258.08 9261.82 9265.52 9269.54 9270.96 9271.24 9267.8 9264.54 9261.45 9258.84 9257.11 9255.11 9252.87 9251.42 9250.29 9249.53 9248.93 9248.53 9247.81 9247.63 9247.52 9247.07 9247.18 9247.79 9247.88 9248.3 9248.76 9249.82 9251.49 9253.36 9252.93
9265.89 9267.33 9268.85 9270.09 9271.55 9272.09 9271.59 9272.69 9273.85 9275.19 9270.27 9268.27 9269.44 9270.28 9268.56 9267.31 9267.45 9271.07 9273.75 9274.28 9273.61 9272.22 9270.42 9268.17 9265.7 9263.22 9260.45 9257.72 9255.03 9252.76 9251 9249.82 9248.58 9249.29 9250.97 9253.5 9256.17 9258.54 9259.85 9260.54 9263.35 9263 9262.22 9260.46 9258.49 9256.69 9255.24 9253.7 9252.37 9251.43 9250.68 9250.15 9249.46 9249.12 9248.96 9248.47 9248.24 9248.96 9248.88 9248.82 9248.88 9249.15 9249.83 9250.57 9251.3 9251.68 9252.43
