real_craters/C190-750m.grd
DSAA
239 239
-89.4075 89.4075
-89.4075 89.4075
7967.1868329395 10578.39573617
[rows 148 to 184 of 239, columns 83 to 165 of 239]
9887 9886 9891 9927 9967 1.002e+004 1.003e+004 1.003e+004 1.004e+004 1.005e+004 1.004e+004 9999 9921 9899 1.001e+004 1.009e+004 1.013e+004 1.007e+004 1.004e+004 1.004e+004 1.003e+004 9985 9886 9806 9742 9681 9615 9543 9500 9478 9465 9459 9441 9445 9469 9484 9443 9387 9374 9408 9455 9538 9621 9646 9642 9610 9574 9574 9593 9571 9545 9619 9729 9771 9847 9972 1e+004 9953 9925 9906 9891 9900 9905 9883 9879 9902 9915 9928 9891 9851 9815 9776 9745 9700 9688 9667 9636 9611 9594 9573 9556 9532 9511
9871 9888 9881 9904 9925 9956 9985 1e+004 1.002e+004 1.004e+004 1.006e+004 1.003e+004 9984 9974 1.003e+004 1.009e+004 1.013e+004 1.01e+004 1.006e+004 1.004e+004 1.006e+004 1.002e+004 9939 9873 9813 9761 9705 9623 9528 9558 9544 9514 9535 9551 9569 9580 9527 9496 9496 9521 9554 9609 9623 9590 9626 9609 9570 9565 9587 9572 9578 9684 9724 9800 9889 9982 9989 9954 9924 9892 9885 9932 9932 9905 9904 9925 9907 9884 9859 9822 9788 9755 9728 9705 9684 9665 9646 9625 9598 9569 9539 9514 9502
9856 9884 9865 9872 9874 9885 9919 9955 9989 1.002e+004 1.004e+004 1.004e+004 1.004e+004 1.003e+004 1.004e+004 1.009e+004 1.015e+004 1.011e+004 1.006e+004 1.002e+004 9984 9993 9965 9927 9886 9852 9825 9808 9756 9701 9652 9632 9635 9651 9663 9679 9665 9688 9679 9700 9733 9766 9739 9680 9703 9686 9623 9635 9681 9672 9808 9801 9804 9845 9898 9911 9911 9924 9919 9916 9876 9898 9888 9868 9846 9867 9860 9857 9823 9791 9755 9716 9677 9641 9630 9655 9658 9634 9600 9564 9533 9510 9508
9837 9864 9860 9845 9829 9820 9870 9914 9954 9984 9996 1.001e+004 1.002e+004 1.001e+004 1.002e+004 1.002e+004 1.005e+004 1.007e+004 1.004e+004 1.001e+004 9996 9987 9978 9960 9934 9914 9911 9948 9937 9817 9748 9718 9720 9737 9772 9812 9985 9993 9985 1e+004 1.004e+004 9994 9932 9884 9836 9768 9808 9907 9868 9795 9833 9887 9911 9935 9932 9913 9895 9903 9913 9917 9908 9874 9828 9800 9788 9771 9792 9803 9777 9748 9713 9676 9634 9587 9573 9580 9634 9629 9595 9557 9522 9510 9511
9784 9824 9834 9832 9808 9801 9843 9888 9928 9952 9964 9969 9953 9972 9991 1.002e+004 1.003e+004 1.003e+004 1.002e+004 1.002e+004 1e+004 1e+004 9991 9979 9963 9947 9930 9906 9890 9850 9809 9788 9786 9813 9883 9979 1.009e+004 1.01e+004 1.012e+004 1.017e+004 1.018e+004 1.014e+004 1.009e+004 1.009e+004 1.005e+004 1e+004 1.009e+004 1.01e+004 9967 9897 9936 9980 1.003e+004 1.004e+004 9980 9925 9878 9899 9912 9919 9955 9875 9782 9788 9781 9747 9727 9734 9721 9698 9670 9640 9609 9580 9541 9541 9591 9600 9579 9552 9523 9509 9507
9756 9798 9826 9814 9804 9806 9830 9866 9911 9953 9965 9952 9914 9917 9973 1.002e+004 1.004e+004 1.003e+004 1.003e+004 1.004e+004 1.004e+004 1.003e+004 1.002e+004 1e+004 9988 9970 9943 9901 9889 9870 9842 9836 9850 9887 9944 1.005e+004 1.012e+004 1.006e+004 1.011e+004 1.019e+004 1.018e+004 1.014e+004 1.01e+004 1.009e+004 1.001e+004 9943 9913 9861 9909 9922 9976 1.002e+004 1.006e+004 1.006e+004 1.001e+004 9962 9945 9922 9920 9914 9896 9823 9747 9750 9752 9725 9685 9675 9669 9656 9637 9614 9590 9567 9544 9544 9565 9572 9557 9542 9528 9501 9496
9763 9797 9779 9769 9776 9788 9806 9842 9893 9953 9976 9966 9965 9956 9974 9996 1.003e+004 1.003e+004 1.005e+004 1.006e+004 1.007e+004 1.005e+004 1.004e+004 1.003e+004 1.002e+004 1.001e+004 9985 9952 9942 9922 9898 9895 9908 9923 9936 9944 9970 1.002e+004 1.001e+004 1.009e+004 1.006e+004 1.001e+004 1e+004 9980 9895 9814 9811 9836 9897 9947 9997 1.007e+004 1.009e+004 1.006e+004 1.001e+004 9975 9934 9935 9927 9903 9827 9761 9725 9720 9754 9711 9656 9637 9634 9622 9608 9590 9569 9545 9534 9542 9543 9539 9529 9513 9502 9492 9481
9695 9743 9739 9729 9713 9731 9767 9806 9850 9884 9912 9936 9974 9963 9958 9960 9968 9984 1.001e+004 1.006e+004 1.007e+004 1.006e+004 1.005e+004 1.004e+004 1.004e+004 1.004e+004 1.004e+004 1.004e+004 1.001e+004 9982 9954 9947 9948 9949 9938 9918 9967 1.004e+004 9993 9978 9953 9916 9908 9865 9821 9830 9843 9904 9954 1.001e+004 1.008e+004 1.011e+004 1.007e+004 9993 9976 9979 9996 9970 9912 9847 9774 9718 9711 9760 9752 9700 9644 9625 9614 9601 9583 9564 9546 9531 9529 9532 9525 9517 9506 9490 9485 9485 9471
9644 9696 9691 9671 9688 9695 9724 9764 9804 9831 9846 9852 9866 9871 9907 9956 9921 9912 9909 9977 1.003e+004 1.003e+004 1.003e+004 1.003e+004 1.004e+004 1.005e+004 1.007e+004 1.009e+004 1.007e+004 1.004e+004 1.001e+004 9993 9984 9983 9980 9962 9970 9940 9898 9885 9892 9895 9856 9829 9833 9869 9930 9977 1.001e+004 1.005e+004 1.008e+004 1.006e+004 1.001e+004 9939 9938 9961 9999 9969 9894 9822 9752 9705 9723 9759 9751 9716 9660 9635 9611 9594 9572 9551 9530 9511 9503 9509 9509 9504 9490 9477 9480 9483 9471
9602 9650 9635 9614 9591 9636 9678 9717 9754 9789 9779 9761 9779 9825 9857 9855 9861 9853 9843 9891 9954 9977 9991 9998 1.001e+004 1.004e+004 1.008e+004 1.009e+004 1.009e+004 1.008e+004 1.006e+004 1.003e+004 1.001e+004 1.001e+004 1.003e+004 1.004e+004 9988 9944 9893 9864 9854 9834 9828 9833 9871 9921 9993 1.004e+004 1.004e+004 1.004e+004 1.004e+004 1.001e+004 9961 9917 9901 9912 9919 9901 9870 9808 9741 9707 9715 9739 9735 9696 9677 9646 9616 9591 9567 9543 9520 9496 9478 9491 9491 9485 9478 9470 9474 9475 9468
9588 9597 9590 9572 9578 9605 9639 9671 9700 9717 9713 9694 9726 9802 9841 9813 9810 9819 9840 9862 9884 9908 9930 9952 9981 1.002e+004 1.006e+004 1.009e+004 1.009e+004 1.01e+004 1.009e+004 1.004e+004 1.001e+004 1.001e+004 1.002e+004 1.001e+004 9985 9966 9940 9893 9854 9827 9828 9843 9897 9970 1.002e+004 1.003e+004 1.002e+004 1e+004 9970 9940 9895 9863 9853 9858 9853 9837 9823 9779 9723 9693 9728 9735 9704 9660 9661 9640 9613 9587 9561 9537 9514 9491 9478 9479 9478 9474 9474 9477 9470 9466 9461
9563 9566 9566 9569 9579 9591 9608 9627 9643 9666 9663 9658 9694 9753 9793 9786 9767 9779 9813 9814 9823 9843 9866 9895 9928 9965 1e+004 1.003e+004 1.003e+004 1.002e+004 1.002e+004 1e+004 9985 9976 9980 9997 9977 9953 9939 9891 9867 9853 9847 9848 9853 9931 9981 9994 9973 9942 9914 9882 9833 9811 9806 9812 9818 9821 9783 9740 9704 9678 9720 9723 9689 9659 9639 9621 9601 9576 9553 9529 9506 9486 9473 9470 9471 9470 9475 9482 9475 9463 9456
9552 9554 9554 9555 9572 9578 9586 9592 9591 9594 9629 9666 9671 9681 9668 9656 9690 9712 9727 9740 9768 9790 9812 9833 9860 9889 9927 9952 9963 9953 9953 9952 9938 9924 9913 9958 9968 9973 9961 9922 9878 9862 9861 9866 9853 9883 9932 9942 9910 9870 9834 9797 9758 9751 9756 9768 9775 9757 9716 9695 9686 9707 9704 9684 9660 9634 9625 9605 9584 9563 9541 9520 9499 9480 9463 9460 9468 9470 9475 9479 9468 9463 9456
9556 9550 9543 9547 9555 9564 9568 9572 9572 9583 9603 9616 9632 9625 9606 9604 9631 9658 9671 9712 9725 9742 9758 9777 9795 9812 9829 9867 9905 9931 9921 9903 9886 9869 9861 9866 9896 9924 9928 9884 9874 9871 9878 9893 9875 9877 9893 9893 9850 9789 9720 9657 9665 9686 9699 9728 9736 9726 9676 9652 9646 9647 9644 9644 9631 9617 9604 9588 9567 9547 9528 9509 9490 9472 9462 9464 9469 9473 9477 9475 9469 9464 9460
9554 9548 9541 9547 9552 9554 9554 9557 9562 9568 9579 9599 9601 9596 9571 9570 9604 9632 9653 9663 9674 9694 9711 9727 9737 9747 9752 9786 9842 9891 9875 9846 9827 9812 9805 9820 9829 9863 9882 9875 9871 9880 9896 9903 9897 9852 9832 9841 9796 9720 9638 9583 9617 9655 9698 9699 9700 9693 9623 9610 9604 9600 9603 9610 9600 9597 9580 9565 9548 9532 9515 9498 9482 9468 9458 9459 9463 9467 9469 9473 9465 9465 9465
9554 9550 9543 9545 9549 9550 9546 9548 9552 9555 9558 9564 9582 9590 9579 9568 9602 9632 9642 9611 9639 9661 9682 9695 9698 9697 9694 9714 9754 9804 9788 9772 9759 9752 9760 9769 9777 9817 9837 9841 9847 9869 9893 9869 9844 9807 9789 9756 9721 9668 9603 9555 9570 9613 9633 9651 9652 9635 9597 9585 9573 9569 9596 9579 9566 9549 9553 9545 9529 9516 9502 9489 9476 9464 9454 9457 9466 9463 9462 9467 9468 9465 9464
9553 9553 9563 9584 9560 9546 9537 9532 9539 9537 9543 9559 9574 9593 9596 9588 9611 9645 9664 9643 9645 9656 9668 9670 9672 9665 9649 9645 9641 9648 9680 9694 9694 9683 9669 9684 9689 9719 9737 9762 9799 9834 9866 9873 9832 9787 9725 9674 9680 9631 9575 9540 9546 9580 9591 9607 9608 9604 9596 9572 9555 9546 9561 9552 9540 9537 9539 9515 9510 9502 9493 9482 9472 9464 9462 9467 9467 9463 9459 9464 9459 9462 9464
9556 9563 9581 9594 9566 9539 9524 9513 9507 9514 9522 9537 9564 9587 9605 9594 9608 9638 9679 9663 9661 9659 9657 9659 9661 9659 9648 9611 9570 9554 9603 9635 9648 9649 9661 9660 9649 9630 9653 9715 9755 9782 9812 9827 9808 9715 9643 9607 9597 9595 9572 9569 9578 9578 9584 9574 9568 9561 9565 9556 9544 9537 9529 9527 9526 9524 9511 9505 9498 9492 9485 9476 9468 9462 9462 9469 9471 9464 9458 9457 9456 9461 9463
9553 9559 9612 9577 9540 9523 9508 9498 9494 9501 9519 9535 9553 9569 9578 9576 9585 9608 9631 9671 9671 9656 9650 9645 9643 9648 9640 9592 9555 9551 9575 9604 9626 9639 9649 9638 9614 9606 9635 9666 9691 9715 9732 9747 9749 9659 9587 9555 9556 9562 9574 9591 9596 9571 9546 9535 9533 9533 9547 9537 9529 9521 9519 9514 9514 9514 9508 9499 9493 9488 9481 9473 9465 9458 9460 9466 9470 9465 9457 9457 9457 9461 9466
9542 9550 9577 9550 9523 9507 9494 9486 9484 9491 9498 9520 9545 9565 9571 9549 9555 9572 9622 9641 9641 9637 9627 9614 9603 9600 9597 9577 9546 9546 9572 9594 9622 9664 9650 9618 9579 9592 9631 9642 9646 9653 9660 9675 9694 9633 9545 9516 9500 9509 9527 9549 9572 9554 9538 9525 9511 9499 9509 9512 9510 9505 9501 9505 9506 9506 9506 9499 9494 9488 9481 9473 9467 9464 9465 9472 9470 9467 9467 9457 9459 9460 9459
9524 9524 9534 9524 9514 9494 9482 9475 9479 9490 9505 9520 9537 9549 9544 9523 9532 9554 9602 9615 9616 9608 9598 9587 9575 9552 9557 9583 9599 9588 9586 9594 9607 9626 9667 9620 9592 9617 9650 9630 9603 9606 9608 9620 9608 9565 9524 9504 9482 9464 9459 9504 9527 9536 9527 9511 9502 9491 9483 9492 9498 9497 9496 9498 9501 9497 9502 9503 9500 9491 9482 9474 9467 9463 9465 9469 9473 9469 9477 9469 9464 9460 9456
9505 9508 9504 9499 9489 9478 9470 9462 9469 9492 9516 9521 9527 9531 9525 9515 9521 9538 9585 9581 9571 9575 9576 9573 9563 9550 9558 9585 9630 9616 9596 9589 9586 9582 9618 9620 9623 9663 9665 9617 9577 9578 9593 9599 9578 9541 9531 9530 9520 9474 9474 9522 9562 9552 9530 9513 9511 9498 9484 9486 9491 9493 9488 9493 9498 9493 9495 9502 9501 9491 9482 9473 9467 9462 9462 9465 9473 9470 9439 9475 9468 9463 9457
9485 9484 9482 9491 9474 9466 9462 9462 9468 9484 9503 9509 9514 9517 9514 9514 9517 9525 9546 9549 9544 9552 9555 9556 9560 9571 9565 9562 9554 9575 9582 9580 9576 9567 9575 9590 9605 9624 9621 9590 9561 9557 9554 9577 9570 9554 9546 9550 9566 9523 9529 9563 9593 9560 9549 9543 9542 9526 9502 9489 9485 9483 9481 9482 9461 9480 9491 9493 9494 9488 9480 9472 9466 9462 9462 9463 9468 9468 9471 9471 9465 9465 9466
9473 9474 9479 9466 9464 9461 9458 9459 9464 9472 9481 9492 9498 9499 9504 9519 9517 9523 9536 9538 9539 9543 9548 9550 9552 9557 9558 9554 9555 9560 9565 9568 9573 9575 9566 9571 9580 9584 9576 9562 9548 9545 9551 9567 9541 9526 9529 9539 9548 9598 9592 9591 9582 9556 9569 9596 9576 9549 9517 9497 9485 9482 9476 9473 9469 9483 9489 9485 9486 9483 9476 9468 9462 9460 9458 9459 9463 9462 9466 9455 9460 9461 9459
9475 9473 9468 9453 9450 9451 9455 9457 9460 9463 9469 9480 9487 9490 9495 9499 9505 9518 9532 9534 9533 9538 9541 9542 9540 9538 9546 9551 9556 9554 9556 9558 9564 9569 9564 9560 9559 9556 9542 9540 9547 9541 9535 9542 9523 9511 9512 9528 9550 9614 9620 9608 9598 9563 9573 9595 9582 9556 9539 9517 9489 9478 9476 9472 9470 9479 9479 9479 9487 9479 9471 9463 9455 9450 9453 9454 9456 9458 9456 9455 9461 9463 9457
9467 9456 9443 9443 9443 9448 9456 9461 9460 9460 9465 9475 9482 9493 9498 9499 9506 9519 9529 9533 9537 9538 9537 9536 9535 9535 9541 9546 9547 9546 9544 9544 9544 9554 9558 9554 9543 9533 9527 9525 9530 9529 9524 9526 9520 9510 9515 9534 9567 9623 9616 9602 9579 9550 9558 9585 9579 9556 9537 9516 9496 9478 9477 9478 9467 9471 9475 9473 9472 9472 9466 9459 9452 9448 9450 9453 9459 9457 9455 9462 9468 9462 9452
9436 9435 9435 9430 9440 9453 9455 9459 9458 9462 9469 9477 9485 9500 9502 9505 9512 9517 9525 9529 9535 9535 9535 9534 9533 9534 9540 9546 9546 9541 9534 9528 9523 9544 9547 9547 9540 9526 9512 9508 9524 9529 9526 9523 9517 9512 9518 9543 9576 9586 9593 9587 9574 9539 9529 9538 9544 9538 9524 9509 9496 9486 9480 9475 9472 9471 9476 9475 9474 9470 9464 9457 9452 9449 9450 9452 9454 9458 9470 9491 9462 9460 9460
9420 9419 9424 9429 9438 9449 9448 9447 9453 9456 9467 9479 9491 9492 9496 9505 9512 9517 9521 9526 9527 9529 9533 9534 9535 9535 9538 9541 9539 9533 9526 9519 9513 9523 9533 9541 9540 9528 9515 9511 9523 9529 9523 9519 9511 9511 9521 9548 9579 9582 9575 9570 9559 9522 9502 9508 9511 9514 9513 9511 9499 9490 9482 9475 9474 9465 9474 9477 9471 9468 9463 9457 9450 9448 9450 9450 9453 9460 9494 9408 9385 9448 9462
9415 9409 9415 9427 9437 9444 9447 9448 9453 9456 9467 9479 9488 9480 9488 9498 9505 9512 9519 9525 9531 9535 9533 9532 9535 9535 9534 9533 9532 9527 9520 9513 9511 9512 9520 9524 9528 9527 9522 9523 9521 9520 9519 9515 9513 9515 9524 9547 9583 9600 9568 9558 9547 9521 9490 9495 9504 9504 9501 9497 9507 9497 9483 9474 9469 9465 9474 9481 9475 9470 9467 9463 9456 9453 9453 9451 9450 9455 9483 9422 9407 9449 9451
9412 9403 9402 9413 9424 9436 9443 9450 9457 9465 9469 9473 9476 9473 9482 9495 9505 9511 9516 9522 9531 9536 9529 9526 9525 9527 9530 9531 9528 9522 9515 9510 9506 9509 9516 9523 9532 9527 9520 9513 9515 9520 9519 9518 9514 9516 9522 9538 9559 9567 9557 9550 9536 9513 9493 9494 9499 9500 9495 9484 9479 9481 9481 9474 9465 9463 9473 9480 9476 9476 9474 9472 9470 9465 9460 9455 9451 9456 9470 9473 9488 9481 9450
9411 9397 9400 9404 9407 9422 9427 9435 9449 9465 9464 9465 9464 9466 9477 9491 9507 9508 9513 9518 9521 9518 9520 9517 9510 9517 9525 9531 9526 9519 9513 9507 9507 9508 9516 9522 9533 9525 9515 9507 9509 9513 9518 9514 9510 9513 9519 9530 9549 9557 9562 9545 9523 9504 9496 9494 9499 9501 9500 9499 9481 9476 9482 9479 9471 9468 9473 9473 9481 9482 9483 9482 9480 9474 9467 9461 9456 9458 9456 9463 9461 9463 9452
9400 9395 9405 9408 9404 9412 9410 9419 9431 9441 9451 9455 9456 9465 9475 9484 9488 9499 9507 9513 9517 9520 9519 9514 9510 9515 9521 9522 9521 9516 9509 9502 9499 9508 9517 9521 9523 9518 9509 9501 9503 9508 9521 9511 9508 9511 9516 9524 9539 9548 9557 9538 9516 9496 9489 9495 9500 9502 9503 9505 9499 9490 9490 9487 9465 9472 9480 9493 9494 9491 9489 9490 9489 9482 9475 9468 9463 9459 9456 9451 9443 9451 9454
9401 9401 9408 9412 9405 9402 9404 9412 9419 9430 9442 9452 9458 9464 9473 9482 9489 9497 9503 9509 9515 9519 9518 9515 9513 9516 9521 9521 9518 9512 9506 9499 9498 9507 9520 9517 9514 9511 9507 9503 9504 9510 9515 9509 9505 9510 9515 9518 9516 9531 9533 9523 9510 9503 9500 9499 9501 9502 9502 9500 9500 9497 9491 9488 9478 9476 9482 9489 9486 9487 9490 9494 9498 9487 9477 9470 9466 9463 9457 9453 9447 9455 9456
9401 9403 9409 9412 9401 9403 9412 9410 9413 9423 9436 9452 9458 9462 9470 9480 9488 9494 9500 9505 9510 9514 9514 9511 9513 9514 9522 9526 9516 9509 9504 9501 9500 9502 9504 9506 9502 9507 9507 9508 9509 9515 9513 9509 9510 9513 9516 9517 9501 9520 9519 9510 9504 9497 9498 9502 9502 9502 9503 9506 9509 9502 9492 9493 9488 9489 9493 9488 9492 9490 9489 9492 9494 9486 9478 9471 9463 9460 9466 9463 9455 9449 9450
9401 9407 9407 9405 9403 9403 9405 9407 9406 9416 9430 9443 9454 9459 9465 9471 9477 9488 9495 9500 9505 9508 9508 9505 9503 9508 9508 9510 9510 9506 9502 9497 9499 9502 9501 9508 9508 9508 9510 9511 9511 9512 9507 9505 9513 9517 9517 9514 9507 9515 9510 9503 9500 9499 9501 9504 9503 9502 9504 9510 9524 9505 9487 9486 9486 9492 9494 9491 9497 9494 9486 9485 9484 9481 9475 9467 9460 9454 9464 9467 9461 9441 9444
9402 9411 9408 9403 9401 9403 9405 9409 9409 9419 9427 9432 9447 9453 9460 9465 9471 9483 9489 9494 9499 9503 9505 9504 9503 9503 9504 9505 9506 9505 9502 9497 9498 9503 9509 9507 9510 9512 9513 9515 9520 9517 9505 9500 9512 9516 9514 9511 9506 9515 9513 9502 9500 9500 9499 9500 9503 9505 9506 9509 9516 9505 9484 9481 9484 9481 9481 9490 9505 9482 9476 9478 9479 9478 9475 9470 9463 9464 9468 9471 9464 9445 9441
9411 9417 9412 9405 9403 9403 9401 9416 9445 9432 9428 9425 9431 9446 9457 9464 9472 9479 9482 9487 9493 9497 9499 9498 9499 9500 9502 9503 9504 9504 9503 9502 9495 9500 9505 9511 9512 9513 9514 9518 9530 9525 9507 9508 9509 9509 9510 9507 9507 9512 9507 9505 9503 9501 9502 9501 9505 9510 9510 9511 9514 9512 9497 9482 9480 9463 9431 9460 9472 9468 9468 9474 9476 9477 9476 9475 9470 9463 9467 9476 9470 9449 9440
