real_craters/C190-300m.grd
DSAA
597 597
-89.4075 89.4075
-89.4075 89.4075
7966.602411219 10594.903495532
[rows 150 to 179 of 597, columns 134 to 200 of 597]
9412.21 9405.41 9406.87 9408.32 9409.17 9408.83 9406.71 9404 9400.64 9400.75 9401.92 9399.47 9396.87 9397.06 9396.73 9395.38 9391.94 9385.96 9380.19 9375.55 9373.46 9373.69 9373.08 9371.76 9371.57 9373.03 9372.3 9369.99 9366.46 9362.94 9359.7 9358.5 9360.3 9364.9 9369.02 9364.39 9352.7 9355.73 9362.4 9363.64 9364.2 9364.74 9364.88 9364.59 9362.94 9360.33 9357.91 9356.45 9356.03 9356.15 9354.71 9351.2 9349 9348.73 9348.03 9349.83 9351.03 9352.17 9352.9 9353.33 9353.43 9353.35 9353.32 9353.33 9352.59 9351.5 9349.77
9418.99 9414.93 9412.13 9411.93 9412.64 9412.56 9410.14 9406.67 9402.78 9400.8 9400.43 9400.79 9400.06 9397.94 9396.24 9394.16 9390.37 9384.09 9377 9373.7 9372.41 9371.97 9371.82 9371.5 9371.62 9373.15 9372.35 9370.46 9367.65 9364.28 9360.6 9357.23 9359.67 9365.5 9369.2 9367.71 9365.39 9368.04 9364.28 9364.19 9365.38 9366.76 9368.22 9369.37 9367.66 9363.75 9360.28 9357.39 9354.91 9352.98 9351.53 9349.58 9349.42 9350.88 9352.25 9352.28 9352.58 9352.92 9353.54 9353.48 9353.76 9353.81 9353.63 9353.76 9353.1 9352.13 9350.62
9418.21 9417.36 9414.25 9414.24 9416.06 9418.03 9417.41 9412.07 9405.44 9402 9401.2 9401.54 9400.34 9397.78 9395.99 9394.43 9392.02 9387.45 9378.93 9374.26 9372.5 9371.84 9372.13 9373.44 9375.05 9375.19 9373.59 9372.3 9370.38 9368.03 9364.78 9360.96 9363.17 9369.46 9372.51 9371.37 9368.07 9364.18 9362.76 9363.83 9365.95 9368.25 9370.31 9373 9371.16 9365.14 9361.28 9357.76 9353.54 9349.23 9348.46 9347.77 9349.33 9352.47 9356.15 9354.34 9353.8 9353.92 9354.17 9354.46 9354.83 9354.94 9354.9 9354.74 9354.27 9353.54 9352.01
9413.66 9411.77 9411.95 9413.55 9417.24 9422.48 9425.02 9416.84 9408.32 9403.78 9401.88 9400.97 9399.36 9396.77 9394.9 9393.75 9393.38 9391.38 9383.68 9374.37 9371.53 9371.32 9371.84 9374.07 9378.36 9376.48 9375.42 9375.14 9374.68 9373.84 9372.84 9371.63 9373.66 9378.63 9380.66 9378.54 9370.85 9362.3 9361.14 9363.29 9366.05 9368.73 9370.41 9369.31 9365.36 9364.38 9359.61 9355.08 9353.67 9351.55 9350.64 9348.75 9349.23 9351.19 9352.99 9354.28 9354.35 9355 9355.44 9356.03 9356.34 9356.62 9356.81 9356.84 9356.55 9355.96 9354.81
9408.86 9407.19 9407.11 9409.4 9413.99 9420.54 9424.13 9416.22 9407.99 9402.96 9400.63 9396.91 9395.62 9394.57 9392.87 9391.1 9391 9390.56 9381.68 9368.15 9368.7 9368.33 9369.05 9371.34 9372.74 9373.86 9375.82 9377.62 9379.41 9381.51 9383.33 9386.05 9389.01 9391.58 9390.96 9386.68 9376.6 9365.05 9361.53 9363.24 9366.47 9370.06 9372.23 9373.41 9373.38 9366.45 9358.76 9353.67 9356.1 9358.94 9356.28 9350.85 9349.5 9350.61 9352.15 9354.25 9355.26 9356.17 9356.8 9357.53 9358.02 9358.58 9358.54 9359.3 9359.17 9358.92 9358.43
9403.29 9400.19 9399.89 9402.2 9405.96 9410.6 9412.76 9408.94 9404.3 9398.33 9392.8 9392.37 9392.7 9392.31 9390.26 9385.52 9377.95 9373.42 9365.37 9352.27 9357.07 9360.66 9364.85 9368.48 9369.61 9372.04 9376.45 9380.21 9383.96 9388.24 9393.85 9401.04 9408.41 9405.08 9401.28 9395.61 9385.35 9372.57 9365.59 9365.64 9366.95 9370.12 9373.34 9377.42 9378.48 9369.02 9359.59 9353.66 9358.09 9363.53 9358.79 9351.66 9350.52 9352.43 9353.94 9355.16 9356.55 9357.64 9358.58 9359.53 9360.16 9360.84 9361.59 9362.06 9362.12 9362.23 9362.3
9397.73 9392.55 9392.11 9393.72 9395.55 9396.92 9398.25 9398.05 9396.05 9393.24 9390.06 9389.55 9391.34 9392.06 9390.71 9385.07 9370.73 9357.81 9348.84 9338.09 9340.1 9350.86 9361.83 9369.77 9373.07 9374.74 9378.42 9382.53 9387.27 9393.08 9399.94 9408.75 9415.99 9413.1 9408.81 9404.48 9395.36 9384.94 9373.59 9369.01 9368.17 9370.37 9373.2 9375.72 9374.93 9368.85 9360.64 9354.57 9356.67 9358.92 9356.65 9353.42 9352.74 9353.73 9355.07 9356.51 9358.22 9359.75 9360.99 9362.05 9362.9 9363.63 9364.46 9364.96 9365.5 9365.93 9366.34
9395.5 9389.49 9386.49 9386.39 9386.31 9385.6 9386.92 9389.11 9389.62 9389.96 9389.77 9390.56 9392.11 9393.64 9394.61 9394.86 9393.48 9381.82 9360.32 9339.51 9339.97 9350.33 9363.65 9374.78 9378.88 9378.19 9380.9 9384.42 9389.15 9394.53 9401.12 9408.61 9416.15 9413.62 9410.62 9407.02 9401.07 9395.12 9382.79 9370.64 9367.75 9369.51 9372.05 9373.62 9372.7 9368.33 9362.1 9357.07 9356.38 9355.88 9353.56 9354.69 9353.83 9352.86 9355.4 9358.18 9360.51 9362.22 9363.52 9364.52 9365.49 9366.36 9367.17 9367.88 9368.75 9369.21 9370.02
9396.91 9388.55 9383.26 9381.58 9380.12 9378.68 9380.36 9383.8 9386.1 9387.64 9389.49 9391.45 9393.47 9395.51 9398.24 9403.03 9411.19 9412.82 9389.86 9363.16 9358.18 9361.11 9369.73 9378.72 9382.07 9381.36 9382.65 9385.58 9389.39 9393.57 9398.3 9402.52 9405.9 9406.71 9407.54 9406.9 9400.96 9391.57 9376.75 9364.22 9365.89 9368.73 9371.54 9372.89 9372.66 9368.93 9363.61 9359.47 9358.12 9356.43 9353.12 9352.23 9352.53 9354.27 9357.62 9360.9 9363.38 9365.19 9366.36 9367.53 9368.41 9369.17 9370.01 9370.83 9371.8 9372.41 9373.33
9400.19 9390.61 9382.9 9379.38 9377.34 9375.77 9376.85 9378.96 9382.02 9385.35 9389.16 9392.54 9394.17 9395.93 9398.43 9401.63 9404.49 9404.25 9405.94 9401.14 9383.96 9377.62 9377.65 9378.42 9380.58 9382.07 9382.65 9385.19 9388.08 9391.47 9394.38 9396.01 9393.87 9398.22 9402.9 9403.69 9396.53 9378.55 9350.82 9360.15 9366.87 9370.03 9371.7 9372.42 9372.93 9369.2 9364.08 9361.37 9361.55 9359.79 9356.49 9353.75 9354.49 9359.25 9362.2 9364.74 9366.77 9368.76 9369.52 9370.53 9371.44 9372.36 9373.25 9374.18 9375.14 9375.56 9376.38
9401.02 9391.32 9382.25 9379.01 9377.13 9376.32 9376.21 9377.01 9379.55 9382.59 9386.73 9392.07 9393.07 9394.43 9396.15 9397.49 9398.61 9402.71 9409.09 9408.04 9398.46 9391.68 9385.46 9381.62 9380.05 9378.91 9381.29 9384.3 9387.36 9389.78 9391.67 9392.9 9394.26 9396.95 9399.66 9399.99 9394.67 9384.4 9381.82 9374.98 9374.07 9373.73 9373.36 9371.68 9369.03 9365.19 9362.46 9360.83 9360.73 9362.03 9362.36 9361.31 9362.52 9366.24 9368.35 9369.77 9371.1 9371.97 9373.21 9374.27 9375.06 9375.81 9376.42 9377.17 9377.72 9378.53 9379.28
9402.3 9393.95 9384.51 9380.47 9377.72 9376.55 9376.41 9377.3 9378.38 9379.87 9381.7 9386.59 9389.59 9391.88 9393.6 9394.34 9394.71 9398.09 9405.71 9406.79 9401.05 9395.65 9390.38 9386.66 9382.18 9379.06 9380.98 9384.12 9386.83 9388.76 9390.44 9391.77 9393.59 9395.83 9398.2 9399.6 9397.93 9393.5 9390.88 9388.35 9383.17 9379.17 9375.75 9371.88 9367 9362.73 9360.85 9358.98 9357.94 9363.45 9368.49 9370.33 9372.57 9374.47 9374.95 9375.35 9375.79 9375.77 9376.19 9376.71 9377.62 9378.16 9379.6 9379.94 9380.89 9381.52 9382.04
9402.51 9396.01 9389.09 9382.72 9378.05 9375.86 9376.21 9377.61 9377.53 9377.82 9378.57 9381.5 9385.37 9388.84 9391.34 9392.74 9392.67 9393.9 9398.03 9399.66 9397.72 9394.22 9392.56 9390.1 9386.05 9382.02 9383.01 9385.42 9387.34 9389.01 9390.12 9391.2 9391.94 9393.41 9397.55 9400.78 9402.35 9399.21 9397.49 9395.83 9389.74 9384.12 9378.82 9373.98 9368.95 9364.5 9361.69 9359.29 9359.35 9368.02 9374.74 9378.02 9380.95 9382.17 9381.31 9380.63 9380.45 9380.28 9380.2 9379.9 9380.21 9380.52 9381.15 9381.77 9382.57 9383.21 9383.76
9398.23 9393.37 9390.68 9384.16 9377.85 9374.8 9375.31 9376.4 9376.62 9376.74 9377.09 9378.5 9382.07 9385.77 9389.24 9392.27 9392.93 9392.2 9392.14 9393.67 9393.96 9392.58 9394.78 9394.61 9390.75 9388.18 9387.65 9387.85 9388.65 9389.5 9390.54 9391.32 9392.38 9394.17 9397.26 9400.17 9401.47 9400.21 9399.75 9399.3 9393.8 9388.14 9382.62 9377.24 9372.53 9368.44 9364.56 9362.47 9365.54 9374.69 9380.63 9383.6 9387 9387.63 9386.12 9385.23 9383.75 9383.27 9383.2 9383.04 9383.02 9383.08 9382.96 9382.75 9383.37 9384.69 9385.37
9398.29 9393.86 9391.47 9385.11 9378.05 9374.61 9374.91 9375.68 9376.27 9376.43 9376.76 9377.17 9380.28 9383.96 9387.39 9390.38 9391.51 9390.36 9389.16 9390.12 9391.49 9393.36 9395.29 9395.83 9392.73 9393.21 9391.77 9389.77 9390.06 9390.78 9391.39 9392.17 9393.46 9394.96 9396.85 9398.41 9399.32 9399.36 9398.43 9398.02 9395.85 9390.98 9385.55 9380.35 9375.72 9371.68 9367.91 9366.07 9369.9 9378.57 9383.32 9386.08 9388.69 9389.63 9388.67 9387.8 9386.37 9385.56 9384.75 9384.3 9383.62 9383.54 9383.59 9383.81 9384.47 9385.12 9386.18
9401.14 9397.33 9393.51 9387.04 9379.05 9375.48 9375.65 9376.42 9376.89 9377.3 9377.06 9378.34 9380.31 9382.99 9385.33 9386.63 9386.47 9386.35 9386.7 9387.25 9388.45 9390.6 9390.14 9389.77 9389.97 9388.14 9387.16 9390.16 9391.66 9392.37 9392.75 9393.02 9393.69 9396.31 9395.52 9396.49 9397.98 9398.62 9399.3 9400.58 9397.48 9393.03 9387.91 9382.85 9378.11 9373.59 9371.14 9369.94 9372.32 9379.68 9383.68 9386.28 9388.16 9389.35 9389.61 9388.98 9387.95 9387.07 9386.23 9385.82 9385.17 9384.99 9384.75 9384.75 9385.06 9385.37 9386.12
9404.42 9401.77 9398.17 9390.96 9381.47 9377.45 9376.41 9376.92 9378.02 9379.47 9380.35 9379.65 9380.7 9382.72 9384.21 9384.37 9383.04 9383.24 9383.47 9384.48 9384.86 9384.46 9385.18 9387.36 9388.79 9388.71 9390.43 9393.08 9394.47 9394.75 9394.22 9393.43 9392.27 9390.55 9392.14 9394.05 9395.43 9397.08 9399.57 9401.03 9398.42 9394.24 9389.6 9385.1 9380.96 9377.48 9375.65 9374.72 9374.32 9378.22 9382.38 9385.45 9387.95 9389.74 9390.38 9389.77 9389.04 9387.39 9386.96 9386.07 9385.55 9385.15 9384.39 9383.79 9383.8 9383.75 9383.97
9408.05 9403.39 9401.41 9393.24 9384.45 9380.73 9379.48 9378.76 9378.99 9380.16 9381.03 9380.98 9381.92 9383.2 9384.36 9384.32 9382.41 9382.86 9383.56 9383.35 9382.95 9381.97 9382.07 9386.83 9391.39 9394.81 9396.82 9398.69 9399.11 9398.15 9396.42 9394.14 9391.74 9389.54 9390.23 9392.27 9394.18 9396.18 9397.8 9399.14 9398.21 9394.89 9390.86 9386.94 9383.63 9381.65 9380.38 9379.97 9377.87 9378.05 9381.24 9383.96 9388.33 9390.52 9390.61 9389.86 9388.67 9388.24 9387.32 9386.42 9385.5 9384.47 9383.91 9383 9382.45 9381.85 9381.06
9412.87 9415.38 9403.46 9392.62 9387.55 9384.23 9381.76 9380.15 9379.34 9379.16 9380.07 9381.41 9382.59 9383.87 9384.54 9383.85 9381.44 9382.31 9383.65 9383.75 9383.69 9383.5 9384.81 9390.46 9396.86 9401.95 9405.35 9406.07 9404.59 9402.09 9398.83 9395.31 9392.2 9390.03 9389.71 9391.12 9393.6 9395.85 9396.26 9397.4 9397.34 9394.98 9391.62 9387.98 9385.02 9383.21 9382.3 9382.89 9382.72 9381.95 9381.78 9380.92 9383.41 9389.9 9390.09 9389.4 9388.83 9387.89 9387.4 9386.33 9385.81 9384.53 9383.66 9382.87 9381.91 9380.71 9379.12
9414.24 9412.1 9403.57 9394.04 9392.34 9386.86 9383.93 9380.51 9379.21 9378.96 9379.93 9381.72 9383.53 9385.05 9385.32 9384.44 9383.02 9382.22 9383.86 9386.09 9386.76 9387.54 9389.89 9396.95 9404.29 9411.01 9415.53 9414.31 9410.5 9405.83 9400.85 9396.39 9392.42 9390.11 9388.98 9388.88 9390.68 9392.83 9394.51 9396 9396.78 9395.1 9392.13 9388.74 9385.6 9383.07 9381.92 9382.74 9385.39 9386.18 9384.33 9381.45 9382.19 9387.87 9387.9 9388.23 9388.27 9387.59 9387.19 9386.58 9386.39 9385.07 9383.84 9382.83 9381.63 9380.14 9378.26
9414.98 9413.82 9407.91 9399.78 9393.25 9386.02 9380.73 9378.95 9378.57 9378.62 9379.38 9381.73 9386.25 9386.17 9388.81 9391.62 9392.66 9390.81 9391.32 9391.94 9391.87 9392.78 9398.57 9404.77 9412.02 9418.88 9423.91 9421.4 9415.39 9408.88 9402.57 9396.63 9391.35 9387.29 9385.07 9384.94 9386.6 9388.98 9392.61 9397.47 9397.59 9395.41 9392.57 9389.42 9386.3 9383.55 9382.47 9384.38 9388.14 9389.31 9388.62 9388.47 9385.79 9382.36 9385.8 9386.96 9387.56 9387.63 9387.73 9387.08 9386.55 9385.64 9384.64 9383.47 9382.11 9380.36 9378.52
9415.75 9417.06 9411.66 9401.82 9394.03 9383.8 9377.51 9376.74 9377.15 9379.01 9376.98 9376.69 9377.95 9382.13 9390.32 9399.04 9404.39 9407.04 9403.7 9400.23 9397.95 9397.45 9403.03 9411.85 9418.69 9424.57 9428.64 9425.32 9418.11 9410.56 9403.25 9396.31 9389.71 9383.14 9378.48 9380.82 9383.44 9386.08 9390.48 9395 9397.32 9395.64 9393.02 9390.28 9387.52 9385 9384.05 9386.9 9393.23 9394.58 9392.64 9388.87 9387.51 9387.24 9386.88 9387.14 9387.79 9387.98 9387.92 9387.64 9387.03 9385.98 9384.93 9383.71 9382.37 9380.8 9379.6
9414.75 9415.12 9408.98 9396.77 9389.85 9381.41 9376.25 9375.1 9374.84 9373.86 9373.06 9370.19 9366.63 9376 9388.38 9401.47 9410.91 9417.09 9412.44 9407.6 9404.49 9403.71 9410.27 9419.11 9423.88 9427.27 9428.96 9425.45 9418.34 9410.68 9403.07 9395.99 9389.12 9382.31 9376.41 9379.72 9382.34 9385.4 9389 9393.11 9395.62 9395.19 9393.54 9391.25 9389.08 9387.2 9386.8 9388.99 9396.07 9400.2 9397.15 9392.07 9389.08 9388.1 9388.03 9388.3 9388.6 9388.66 9388.54 9388.13 9387.33 9385.89 9385.04 9383.83 9382.87 9381.48 9380.47
9414.37 9415.47 9411.87 9397.68 9386.46 9379.65 9375.61 9374.27 9374.27 9373.83 9372.17 9369.97 9368.96 9378.6 9391.21 9401.76 9411.48 9416.92 9415.94 9412.5 9410.01 9410.82 9419.84 9425.9 9427.19 9427.73 9427.04 9423.07 9416.27 9409.09 9402.01 9395.52 9389.72 9385.38 9383.72 9382.2 9382.12 9384.01 9386.67 9390.17 9393.19 9394.38 9393.94 9392.7 9391.38 9390.27 9389.87 9393.53 9397.35 9402.27 9399.57 9395.12 9391.42 9389.47 9389.25 9389.54 9389.56 9389.47 9389.08 9388.54 9387.86 9386.77 9385.9 9384.62 9383.23 9381.78 9380.77
9412.59 9415.2 9414.08 9401.38 9385.19 9378.47 9375 9373.86 9374.37 9374.79 9373.75 9374.54 9379.35 9387.92 9397.36 9403.99 9412.72 9417.99 9417.92 9415.23 9413 9414.52 9422.52 9428.02 9427.69 9425.82 9422.99 9418.36 9412.52 9406.23 9399.99 9394.33 9389.66 9386.98 9387.83 9383.27 9380.59 9380.36 9383.03 9387.68 9392 9394.27 9394.72 9394.76 9394.2 9393.71 9393.55 9395.41 9399.19 9399.76 9397.18 9394.1 9391.65 9390.97 9390.75 9391.12 9391.01 9390.86 9390.5 9389.8 9388.97 9387.71 9386.43 9385.14 9383.86 9382.61 9381.31
9410.07 9412.49 9410.8 9401.07 9387.38 9378.26 9375.32 9373.81 9373.11 9373.89 9375.71 9378.59 9383.98 9392.21 9401.29 9405.54 9416.86 9421.58 9419.87 9416.32 9413.11 9413.27 9421.61 9427.31 9425.39 9421.85 9417.94 9413.51 9407.93 9402.58 9397.38 9392.38 9387.97 9384.3 9381.3 9378.76 9377.84 9377.72 9380.5 9386.13 9392.27 9394.38 9395.19 9396.41 9397.24 9397.53 9397.51 9398.4 9400 9399 9394.72 9389.96 9391.02 9391.74 9392.47 9393.35 9393.29 9392.81 9392.09 9391.08 9389.95 9388.88 9387.84 9386.46 9385.2 9383.94 9382.97
9408.28 9409.43 9407.46 9403.31 9390.84 9383.63 9378.13 9375.04 9373.5 9374.86 9378.22 9382.53 9386.93 9395.51 9408.21 9416.48 9423.83 9425.24 9421.04 9416.12 9411.71 9409.86 9417.98 9423.79 9420.13 9415.97 9411.35 9406.22 9402.45 9398.6 9394.38 9390.06 9385.72 9380.9 9374.57 9373.69 9376.19 9378.1 9380.89 9384.22 9389.62 9393.27 9395.72 9398.26 9400.36 9401.66 9402.25 9402.27 9401.63 9399.82 9394.67 9390.77 9392.87 9394.95 9396.15 9396.28 9395.83 9395.09 9394.48 9393.28 9391.81 9390.51 9389.11 9387.7 9386.47 9385.54 9385.3
9408.22 9408.76 9403.24 9397.48 9391.7 9385.99 9381.64 9377.12 9374.61 9376.86 9381.9 9388.3 9395.67 9407.38 9417.92 9421.98 9427.8 9425.99 9420.12 9414.73 9410.34 9408.45 9411.48 9412.97 9412.21 9409.14 9404.92 9400.54 9397.84 9394.92 9391.65 9388.08 9384.32 9380.3 9376.91 9375.94 9376.53 9378.54 9380.27 9380.73 9382.86 9389.96 9394.8 9398.95 9402.58 9405.57 9407.55 9406.11 9404.72 9402.48 9400.11 9397.93 9397.93 9398.29 9398.31 9400.26 9400.06 9399.03 9397.54 9395.74 9394.17 9392.59 9391.26 9389.56 9388.17 9387.14 9386.71
9409.61 9412.55 9414.23 9401.85 9392.91 9393.65 9385.76 9379.3 9376.58 9379.25 9385.67 9394.35 9405.06 9418.72 9423.38 9421.69 9423.64 9420.92 9416.26 9411.86 9408.21 9406.34 9405.91 9405.24 9404.75 9402.74 9399.95 9397.22 9394.4 9392.09 9389.65 9386.87 9383.77 9380.72 9378.43 9377.15 9376.82 9377.5 9377.5 9375.75 9381.59 9389.51 9393.34 9398.48 9404.3 9408.86 9412.82 9411.6 9408.7 9406.35 9405.08 9404.1 9403.86 9405.09 9406.46 9406.18 9404.21 9402.26 9400.37 9398.61 9397 9395.22 9393.46 9391.72 9390.21 9388.91 9388.21
9411.16 9415.34 9416.12 9408.09 9398.34 9396.97 9388.88 9380.88 9376.01 9380.86 9388.49 9398.12 9409.49 9419.64 9420.77 9416.85 9413.09 9412.72 9410.5 9407.59 9405.09 9402.89 9401.27 9400.09 9398.89 9397.49 9395.4 9392.81 9391.21 9390.09 9388.55 9386.43 9384.16 9381.49 9378.81 9376.52 9376.55 9376.13 9374.21 9368.51 9364.94 9378.85 9390.28 9398.01 9405.22 9410.85 9415.06 9416.52 9412.79 9408.77 9406.29 9406.71 9407.88 9410.78 9414.56 9411.36 9407.75 9404.98 9402.82 9400.94 9399.11 9397.48 9396.07 9394.26 9392.61 9390.95 9390.03
