real_craters/C190-750m.grd
DSAA
239 239
-89.4075 89.4075
-89.4075 89.4075
7967.1868329395 10578.39573617
[rows 74 to 110 of 239, columns 0 to 82 of 239]
9642 9640 9640 9646 9644 9646 9646 9647 9650 9659 9666 9648 9659 9659 9659 9661 9685 9721 9732 9737 9694 9652 9619 9597 9537 9482 9471 9462 9451 9445 9449 9453 9457 9463 9463 9441 9426 9412 9400 9386 9384 9388 9396 9386 9370 9360 9366 9362 9358 9356 9358 9369 9386 9404 9418 9405 9378 9374 9386 9392 9390 9399 9399 9395 9396 9395 9392 9387 9378 9370 9386 9429 9448 9425 9412 9413 9413 9413 9416 9420 9429 9428 9427
9646 9644 9641 9636 9635 9650 9678 9657 9653 9657 9667 9682 9682 9680 9682 9683 9707 9721 9730 9734 9695 9663 9638 9617 9563 9525 9499 9477 9459 9449 9451 9454 9455 9459 9459 9446 9428 9419 9408 9400 9390 9386 9392 9384 9371 9358 9359 9362 9359 9357 9358 9367 9381 9397 9409 9406 9393 9384 9387 9378 9382 9394 9396 9392 9394 9396 9393 9390 9382 9373 9395 9425 9426 9419 9409 9412 9415 9416 9419 9422 9422 9427 9427
9654 9651 9647 9640 9636 9647 9650 9652 9655 9664 9684 9699 9706 9703 9699 9697 9711 9720 9722 9694 9680 9664 9642 9611 9568 9541 9519 9486 9465 9455 9455 9456 9459 9463 9464 9452 9438 9427 9417 9408 9398 9392 9378 9382 9378 9373 9367 9366 9364 9360 9360 9365 9376 9390 9406 9414 9406 9393 9379 9375 9376 9378 9389 9393 9397 9395 9393 9392 9388 9377 9388 9418 9421 9419 9416 9415 9414 9418 9421 9425 9428 9425 9425
9663 9660 9658 9658 9669 9658 9654 9671 9670 9670 9695 9708 9718 9717 9707 9689 9702 9721 9729 9686 9673 9662 9647 9629 9589 9549 9508 9480 9461 9456 9458 9458 9458 9459 9465 9455 9445 9435 9425 9413 9402 9392 9389 9386 9387 9393 9383 9374 9369 9364 9357 9357 9369 9382 9401 9417 9422 9399 9375 9371 9374 9376 9390 9404 9404 9397 9392 9389 9387 9380 9384 9419 9424 9421 9421 9421 9422 9422 9423 9423 9426 9430 9427
9673 9671 9669 9667 9657 9661 9656 9668 9679 9707 9712 9748 9766 9691 9711 9718 9717 9729 9732 9704 9679 9663 9648 9630 9592 9536 9486 9471 9463 9461 9461 9462 9462 9463 9458 9458 9452 9444 9433 9421 9411 9397 9390 9390 9391 9391 9385 9379 9377 9375 9370 9366 9373 9373 9387 9415 9432 9402 9374 9372 9374 9381 9396 9406 9403 9391 9388 9387 9384 9382 9386 9410 9424 9431 9433 9428 9424 9425 9425 9425 9428 9433 9428
9678 9678 9679 9683 9689 9673 9666 9679 9712 9849 9647 9514 9445 9526 9703 9797 9758 9741 9713 9707 9684 9669 9654 9630 9587 9538 9495 9472 9452 9461 9465 9465 9465 9462 9464 9463 9462 9452 9438 9427 9418 9405 9398 9396 9395 9396 9382 9383 9388 9395 9406 9417 9390 9375 9393 9418 9426 9405 9378 9374 9384 9406 9408 9405 9399 9391 9390 9388 9386 9387 9394 9411 9422 9432 9426 9422 9422 9422 9426 9431 9431 9428 9427
9685 9689 9689 9690 9686 9682 9685 9715 9817 9563 9416 9238 9129 9277 9453 9636 9737 9758 9726 9688 9680 9677 9668 9651 9617 9571 9533 9493 9468 9468 9470 9472 9469 9464 9462 9463 9464 9453 9438 9424 9410 9403 9402 9400 9397 9391 9382 9386 9396 9408 9421 9426 9400 9378 9388 9415 9438 9415 9384 9379 9397 9428 9418 9408 9402 9401 9399 9394 9388 9388 9395 9408 9413 9414 9407 9403 9406 9413 9423 9435 9437 9435 9428
9692 9693 9692 9692 9696 9690 9699 9760 9749 9335 9223 9124 9098 9106 9186 9436 9682 9755 9717 9708 9698 9692 9685 9678 9650 9607 9563 9518 9489 9482 9478 9478 9474 9472 9472 9468 9459 9447 9435 9423 9409 9402 9408 9406 9401 9394 9386 9391 9403 9415 9425 9424 9404 9380 9387 9402 9420 9427 9394 9385 9404 9422 9417 9411 9407 9412 9411 9402 9394 9392 9399 9398 9410 9402 9393 9390 9396 9404 9415 9433 9432 9432 9429
9696 9693 9695 9697 9693 9688 9707 9762 9726 9301 9175 9078 9008 9007 9095 9358 9625 9743 9727 9727 9719 9703 9696 9690 9670 9628 9587 9549 9526 9499 9481 9473 9467 9470 9474 9469 9459 9444 9432 9425 9420 9408 9408 9413 9411 9400 9393 9399 9411 9422 9428 9427 9411 9393 9393 9394 9403 9426 9424 9394 9391 9404 9412 9413 9408 9414 9413 9408 9403 9406 9411 9361 9373 9388 9392 9383 9385 9397 9406 9407 9424 9431 9431
9695 9694 9692 9694 9684 9678 9688 9722 9728 9417 9259 9110 8989 8984 9096 9360 9610 9732 9726 9722 9713 9703 9702 9696 9678 9642 9604 9565 9542 9510 9482 9460 9453 9472 9494 9484 9464 9437 9429 9427 9428 9439 9426 9428 9430 9425 9413 9415 9423 9430 9434 9432 9418 9403 9397 9394 9403 9429 9431 9416 9396 9403 9413 9419 9422 9421 9419 9411 9406 9412 9382 9129 9162 9329 9395 9380 9393 9409 9418 9421 9421 9431 9437
9697 9695 9691 9680 9697 9699 9680 9687 9793 9628 9410 9231 9099 9109 9238 9441 9622 9722 9715 9694 9676 9694 9700 9703 9688 9662 9624 9574 9546 9518 9481 9442 9411 9413 9458 9519 9477 9434 9429 9430 9436 9440 9440 9443 9445 9435 9418 9425 9436 9440 9441 9438 9425 9410 9404 9401 9412 9446 9454 9440 9425 9419 9422 9427 9430 9426 9417 9413 9409 9406 9428 9243 9277 9352 9395 9385 9406 9429 9438 9443 9440 9445 9448
9701 9700 9700 9695 9700 9700 9699 9718 9749 9686 9541 9403 9290 9368 9486 9569 9663 9713 9695 9690 9684 9691 9691 9699 9717 9701 9670 9627 9585 9537 9486 9430 9364 9268 9242 9477 9483 9430 9430 9436 9441 9448 9454 9454 9455 9447 9434 9454 9457 9454 9448 9442 9431 9419 9413 9414 9432 9465 9459 9451 9445 9432 9432 9435 9438 9430 9419 9417 9416 9420 9417 9423 9416 9403 9401 9393 9418 9444 9452 9459 9464 9470 9473
9705 9706 9707 9710 9702 9702 9709 9735 9733 9695 9630 9573 9598 9719 9684 9667 9691 9716 9698 9693 9725 9670 9673 9705 9742 9743 9703 9668 9622 9558 9499 9441 9379 9314 9308 9510 9487 9443 9434 9439 9448 9462 9464 9466 9465 9470 9488 9495 9479 9465 9453 9441 9431 9427 9422 9424 9443 9458 9465 9452 9440 9439 9439 9440 9438 9433 9426 9420 9417 9414 9413 9420 9419 9408 9402 9406 9433 9462 9487 9491 9497 9497 9492
9708 9708 9707 9701 9692 9684 9696 9696 9715 9699 9673 9663 9689 9700 9706 9702 9706 9716 9694 9617 9528 9560 9633 9686 9728 9743 9708 9669 9631 9578 9523 9474 9435 9439 9517 9478 9467 9453 9448 9449 9454 9462 9472 9482 9491 9496 9500 9504 9490 9471 9454 9439 9430 9428 9429 9436 9453 9459 9465 9455 9445 9443 9443 9445 9446 9441 9429 9423 9423 9422 9420 9419 9415 9411 9412 9427 9458 9478 9421 9484 9529 9523 9512
9709 9711 9711 9706 9689 9678 9692 9727 9726 9712 9698 9693 9689 9677 9692 9693 9697 9737 9698 9560 9384 9484 9622 9669 9707 9723 9700 9668 9633 9589 9549 9505 9476 9470 9462 9452 9452 9460 9457 9456 9463 9475 9493 9511 9516 9522 9520 9513 9492 9472 9453 9435 9423 9421 9443 9457 9461 9462 9463 9461 9453 9443 9446 9447 9449 9447 9433 9430 9432 9438 9437 9426 9416 9421 9429 9453 9478 9488 9433 9495 9550 9538 9526
9710 9710 9710 9703 9690 9680 9678 9688 9729 9722 9709 9701 9697 9704 9677 9669 9668 9709 9700 9608 9542 9583 9650 9683 9700 9713 9686 9653 9624 9593 9560 9530 9506 9485 9461 9453 9454 9458 9469 9478 9485 9496 9529 9561 9567 9552 9537 9511 9488 9470 9452 9436 9424 9420 9448 9462 9462 9461 9459 9456 9454 9455 9449 9447 9446 9442 9439 9438 9440 9443 9443 9429 9428 9440 9459 9478 9491 9495 9508 9511 9529 9537 9537
9708 9706 9706 9699 9691 9687 9695 9712 9726 9714 9703 9693 9686 9665 9664 9657 9651 9664 9672 9656 9682 9670 9657 9678 9696 9709 9689 9647 9616 9591 9566 9545 9527 9506 9496 9480 9467 9477 9487 9494 9497 9503 9552 9601 9599 9569 9540 9506 9483 9468 9453 9440 9427 9417 9451 9463 9458 9450 9451 9447 9447 9446 9447 9447 9445 9442 9442 9444 9447 9451 9450 9441 9446 9456 9477 9493 9498 9507 9512 9513 9524 9535 9547
9706 9703 9698 9696 9693 9689 9702 9724 9712 9702 9695 9684 9670 9660 9656 9651 9650 9649 9652 9657 9649 9645 9645 9660 9692 9710 9713 9678 9621 9590 9564 9544 9526 9512 9497 9488 9487 9487 9493 9503 9509 9513 9549 9593 9591 9565 9535 9505 9481 9467 9455 9445 9430 9422 9450 9464 9464 9457 9456 9449 9447 9449 9447 9447 9447 9451 9450 9454 9455 9457 9460 9462 9455 9462 9474 9489 9514 9517 9512 9506 9517 9534 9551
9702 9700 9699 9699 9699 9695 9694 9705 9701 9694 9688 9679 9666 9664 9658 9651 9644 9641 9643 9653 9657 9663 9659 9653 9685 9722 9722 9668 9611 9579 9557 9540 9525 9512 9500 9495 9499 9489 9488 9501 9510 9503 9521 9554 9568 9550 9522 9493 9476 9465 9457 9450 9443 9445 9465 9472 9471 9463 9465 9454 9450 9451 9450 9450 9451 9450 9457 9463 9463 9461 9484 9485 9476 9466 9469 9484 9518 9522 9510 9510 9520 9539 9563
9701 9700 9703 9706 9712 9721 9729 9711 9704 9696 9687 9682 9677 9666 9660 9654 9643 9642 9643 9653 9667 9681 9675 9653 9665 9682 9691 9636 9583 9569 9554 9541 9528 9518 9509 9495 9486 9486 9483 9487 9492 9492 9505 9542 9547 9532 9511 9487 9475 9466 9459 9456 9459 9462 9466 9477 9483 9473 9471 9460 9456 9454 9453 9454 9456 9457 9463 9468 9466 9467 9477 9489 9480 9473 9468 9472 9501 9508 9498 9504 9517 9541 9567
9701 9700 9702 9712 9723 9734 9724 9704 9688 9682 9682 9681 9682 9672 9667 9661 9659 9650 9650 9653 9664 9667 9656 9645 9640 9645 9681 9646 9608 9574 9560 9549 9539 9529 9524 9531 9517 9506 9478 9479 9482 9484 9487 9497 9509 9511 9508 9501 9485 9469 9457 9450 9461 9475 9469 9470 9481 9473 9469 9466 9461 9455 9456 9460 9464 9468 9469 9462 9464 9469 9469 9475 9484 9484 9471 9463 9478 9493 9495 9496 9514 9541 9569
9701 9700 9705 9717 9730 9738 9727 9702 9689 9684 9679 9673 9668 9671 9667 9665 9666 9651 9639 9646 9654 9665 9653 9634 9623 9614 9660 9629 9581 9576 9568 9560 9551 9542 9534 9531 9563 9551 9542 9519 9503 9485 9471 9471 9483 9497 9504 9515 9493 9471 9456 9446 9454 9467 9462 9454 9456 9465 9465 9468 9466 9467 9469 9467 9469 9473 9472 9468 9466 9466 9463 9467 9470 9480 9482 9475 9475 9486 9498 9491 9517 9544 9572
9707 9706 9709 9721 9732 9740 9726 9705 9694 9687 9679 9671 9665 9663 9661 9659 9655 9650 9641 9643 9643 9640 9631 9622 9616 9615 9629 9618 9594 9587 9580 9572 9566 9558 9549 9542 9545 9548 9544 9557 9535 9505 9475 9475 9488 9499 9493 9473 9470 9468 9455 9446 9453 9461 9445 9433 9428 9450 9474 9471 9470 9469 9469 9469 9471 9475 9478 9476 9470 9456 9469 9482 9490 9497 9498 9502 9495 9502 9519 9513 9530 9553 9576
9714 9714 9718 9723 9730 9737 9728 9708 9699 9691 9683 9675 9667 9662 9655 9658 9657 9653 9653 9646 9635 9626 9623 9618 9619 9620 9626 9619 9615 9604 9594 9587 9580 9574 9572 9570 9564 9536 9541 9550 9545 9536 9551 9561 9545 9518 9493 9474 9482 9465 9452 9447 9443 9441 9432 9424 9421 9435 9465 9475 9471 9465 9462 9466 9471 9475 9475 9481 9480 9487 9488 9499 9499 9501 9505 9507 9502 9510 9534 9537 9545 9560 9576
9719 9720 9721 9724 9725 9725 9719 9708 9707 9700 9692 9679 9674 9667 9661 9654 9652 9652 9651 9641 9627 9613 9607 9615 9622 9624 9619 9619 9612 9612 9609 9603 9597 9592 9588 9583 9567 9547 9540 9546 9556 9558 9550 9565 9574 9537 9497 9456 9441 9445 9440 9442 9442 9426 9425 9416 9419 9430 9461 9475 9470 9462 9456 9462 9471 9480 9486 9489 9485 9477 9482 9491 9505 9494 9507 9508 9515 9533 9552 9549 9554 9564 9576
9721 9729 9725 9723 9720 9712 9703 9705 9710 9712 9704 9695 9686 9677 9667 9657 9654 9651 9644 9635 9624 9608 9607 9622 9632 9636 9630 9626 9628 9625 9620 9614 9608 9604 9601 9599 9582 9573 9576 9581 9582 9580 9581 9581 9576 9551 9512 9464 9437 9436 9432 9426 9430 9438 9430 9420 9425 9412 9412 9462 9465 9458 9449 9458 9469 9480 9488 9488 9491 9486 9484 9484 9503 9513 9514 9518 9526 9543 9548 9550 9560 9571 9581
9719 9712 9723 9727 9727 9718 9719 9712 9709 9706 9708 9714 9700 9688 9677 9667 9659 9654 9648 9639 9631 9627 9629 9640 9649 9652 9645 9637 9639 9636 9629 9623 9618 9614 9609 9606 9601 9600 9608 9621 9613 9606 9597 9599 9596 9574 9543 9506 9458 9445 9444 9437 9432 9434 9428 9419 9412 9404 9401 9456 9462 9457 9454 9458 9465 9473 9477 9482 9488 9502 9493 9503 9498 9504 9516 9530 9541 9540 9541 9546 9566 9577 9587
9727 9727 9731 9737 9740 9742 9738 9717 9708 9703 9709 9715 9707 9697 9689 9677 9665 9658 9653 9649 9636 9638 9650 9658 9668 9677 9650 9645 9645 9641 9635 9628 9622 9617 9612 9607 9601 9600 9612 9635 9629 9624 9623 9623 9624 9603 9582 9573 9567 9511 9462 9442 9441 9432 9428 9426 9415 9415 9431 9456 9458 9454 9451 9456 9464 9471 9478 9484 9497 9509 9505 9507 9508 9511 9527 9543 9553 9555 9562 9567 9582 9592 9600
9741 9740 9744 9747 9750 9747 9732 9712 9709 9705 9711 9715 9709 9701 9691 9673 9668 9662 9655 9646 9642 9646 9662 9671 9678 9677 9664 9656 9653 9648 9640 9632 9626 9620 9614 9608 9598 9589 9583 9622 9623 9627 9634 9632 9636 9627 9609 9590 9567 9565 9516 9506 9466 9435 9428 9434 9418 9423 9434 9449 9450 9448 9447 9451 9461 9473 9484 9492 9494 9508 9511 9511 9522 9533 9550 9570 9578 9598 9608 9612 9611 9613 9617
9763 9765 9756 9751 9747 9741 9720 9712 9714 9725 9720 9713 9708 9701 9693 9681 9672 9667 9664 9665 9659 9668 9673 9683 9686 9686 9676 9666 9660 9653 9643 9637 9631 9625 9618 9611 9601 9587 9568 9572 9596 9618 9637 9645 9658 9649 9631 9609 9586 9573 9521 9527 9478 9438 9424 9426 9426 9430 9438 9440 9442 9443 9443 9449 9461 9475 9493 9505 9516 9497 9499 9520 9534 9553 9581 9610 9656 9654 9648 9645 9641 9637 9636
9773 9772 9759 9746 9733 9721 9712 9708 9713 9723 9736 9719 9707 9698 9688 9681 9675 9672 9671 9675 9664 9666 9687 9689 9694 9694 9684 9672 9661 9650 9643 9638 9632 9628 9623 9615 9596 9588 9570 9563 9574 9597 9631 9655 9665 9659 9644 9633 9631 9611 9542 9539 9538 9492 9444 9431 9431 9432 9436 9438 9439 9441 9444 9450 9462 9474 9487 9499 9500 9516 9526 9531 9542 9560 9594 9642 9690 9708 9695 9684 9672 9661 9658
9765 9765 9752 9737 9724 9714 9707 9705 9707 9710 9709 9709 9703 9696 9688 9681 9677 9674 9672 9669 9670 9664 9663 9674 9698 9709 9696 9683 9665 9648 9645 9641 9637 9632 9628 9624 9624 9612 9582 9564 9559 9562 9576 9621 9643 9649 9641 9641 9643 9632 9589 9557 9564 9539 9516 9456 9437 9436 9436 9435 9439 9445 9449 9453 9465 9472 9477 9482 9501 9513 9533 9546 9561 9579 9606 9662 9721 9742 9736 9717 9697 9680 9676
9759 9751 9739 9725 9708 9703 9702 9701 9702 9702 9700 9700 9698 9694 9692 9684 9679 9675 9671 9667 9665 9658 9646 9663 9680 9696 9695 9686 9671 9660 9652 9646 9640 9636 9632 9630 9629 9622 9605 9571 9553 9551 9551 9554 9591 9615 9621 9629 9637 9634 9611 9576 9551 9545 9525 9516 9466 9446 9438 9437 9446 9454 9460 9468 9470 9474 9475 9480 9492 9544 9542 9553 9579 9611 9627 9667 9709 9726 9727 9719 9705 9689 9678
9715 9725 9723 9717 9708 9703 9703 9702 9705 9706 9703 9698 9695 9691 9685 9680 9677 9672 9668 9663 9660 9663 9675 9675 9668 9679 9682 9679 9672 9672 9658 9648 9641 9636 9634 9633 9631 9634 9625 9593 9569 9561 9549 9539 9547 9561 9590 9609 9623 9628 9615 9590 9560 9551 9548 9530 9488 9450 9447 9457 9463 9464 9468 9470 9476 9479 9480 9480 9482 9499 9521 9540 9571 9621 9638 9664 9689 9690 9690 9704 9710 9698 9682
9695 9705 9709 9710 9712 9709 9708 9711 9712 9710 9699 9702 9696 9690 9685 9682 9678 9673 9668 9664 9665 9668 9675 9672 9662 9668 9670 9667 9667 9663 9657 9650 9643 9640 9638 9637 9639 9640 9641 9625 9610 9584 9563 9552 9548 9554 9568 9589 9611 9629 9622 9611 9593 9573 9555 9542 9512 9482 9463 9458 9468 9474 9479 9486 9488 9489 9487 9487 9481 9471 9495 9523 9556 9606 9645 9675 9698 9694 9681 9709 9725 9708 9702
9694 9696 9699 9702 9702 9707 9709 9716 9717 9712 9715 9708 9696 9688 9683 9682 9680 9676 9669 9660 9659 9673 9679 9677 9666 9664 9665 9665 9662 9656 9651 9648 9645 9642 9640 9640 9647 9660 9649 9640 9619 9593 9570 9550 9534 9527 9552 9574 9588 9593 9628 9640 9629 9598 9578 9556 9541 9514 9483 9455 9466 9482 9493 9502 9503 9500 9495 9486 9483 9476 9492 9521 9556 9601 9653 9701 9716 9711 9682 9691 9694 9712 9732
9692 9689 9690 9694 9697 9697 9702 9709 9711 9709 9698 9697 9694 9686 9682 9689 9688 9680 9673 9670 9681 9678 9677 9673 9664 9661 9660 9660 9655 9651 9648 9647 9645 9643 9642 9641 9646 9665 9663 9650 9639 9605 9574 9548 9531 9537 9552 9571 9591 9620 9634 9653 9646 9616 9591 9567 9551 9535 9508 9487 9484 9498 9507 9513 9515 9513 9507 9497 9495 9496 9513 9540 9571 9630 9692 9734 9728 9713 9721 9716 9702 9723 9745
