real_craters/C190-300m.grd
DSAA
597 597
-89.4075 89.4075
-89.4075 89.4075
7966.602411219 10594.903495532
[rows 270 to 299 of 597, columns 134 to 200 of 597]
9559.04 9550.94 9544.46 9540.2 9531.72 9521.03 9509.24 9495.43 9479.01 9467.71 9463.53 9460.03 9457.65 9457.27 9460.46 9465.73 9468.29 9469.16 9470.76 9472.66 9474.71 9476.76 9478.55 9480.43 9484.09 9484.2 9485.57 9486.57 9486.73 9486.51 9486.35 9486.04 9485.7 9485.87 9486.73 9485.95 9482.65 9478.83 9477.04 9476.16 9484.69 9495.8 9506.71 9517.12 9527.3 9538.29 9552.84 9572.43 9594.86 9616.06 9628.83 9640.69 9650.01 9660.97 9673.96 9685.02 9693.28 9698.98 9704.08 9693.5 9683.94 9679.57 9685.91 9698.28 9714.57 9733.07 9731.25
9568.23 9562.16 9555.25 9551.71 9545.39 9533.12 9522.02 9512.49 9506.3 9491.4 9477.66 9468.45 9461.54 9456.76 9456.64 9463.35 9467.43 9469.52 9473.05 9476.08 9479.03 9481.84 9484.29 9486.49 9487.51 9489.31 9491.5 9492.02 9492.11 9491.33 9490.81 9489.53 9488.48 9487.01 9486.8 9484.22 9481 9477.26 9470.86 9468.91 9477.42 9488.93 9500.89 9512.39 9523.45 9535.29 9548.23 9567.03 9585.92 9601.25 9619.18 9636.19 9646.53 9665.23 9681.21 9693.17 9699.46 9701.66 9697.05 9690.72 9685.43 9681.81 9685.32 9694.8 9707.53 9719.97 9721.62
9576.7 9571.25 9565.67 9558.84 9552.22 9542.34 9533.12 9523.59 9514.55 9503.39 9489.82 9477.67 9466.77 9457.55 9453.44 9461.32 9466.06 9470.09 9475.14 9479.48 9483.4 9486.91 9490.19 9492.96 9495.19 9496.83 9497.16 9497.57 9497.07 9496.06 9494.59 9492.61 9490.22 9487.42 9485.45 9483.13 9481.25 9479.81 9475.37 9468.63 9475.83 9486.69 9498.63 9510.47 9522.09 9534.61 9548.51 9565.49 9582.65 9598.28 9617.32 9636.08 9655.88 9676.19 9691.43 9701.53 9707.13 9708.44 9704.45 9695.83 9689.26 9683.29 9683.63 9689.78 9697.38 9703.3 9705.32
9584.86 9578.86 9571.33 9560.62 9555.1 9549.46 9542.83 9535.48 9522.12 9512.64 9500.3 9486.86 9473.89 9462.08 9454.6 9457.94 9464.11 9470.99 9478.15 9483.61 9488.2 9492.27 9496.03 9499.7 9503.1 9504.75 9503.51 9502.2 9501.64 9500.14 9498 9495.77 9492.49 9488.5 9485.11 9482.16 9482.9 9485.01 9483.22 9476.22 9479.92 9489.16 9500.47 9512.02 9523.88 9536.2 9550.7 9567.21 9586.04 9605.7 9626.66 9647.38 9668.36 9688.69 9703.81 9713.01 9715.65 9717.1 9719.19 9708.83 9695.49 9685.11 9682.14 9687.43 9690.88 9690.52 9690.95
9593.08 9586.31 9578.86 9569.77 9561.63 9555.12 9550.5 9549.43 9547.1 9527.53 9511.09 9496.82 9483.45 9470.69 9460.2 9460.08 9465.87 9474.64 9482.99 9488.86 9493.52 9497.68 9501.6 9505.39 9509.56 9511.71 9509.55 9507.8 9505.6 9503.87 9501.73 9499.98 9496.07 9491.29 9486.56 9483.75 9485.9 9489.25 9488.14 9482.19 9485.82 9495.35 9506.26 9517.31 9528.68 9540.45 9552.65 9569.94 9593.35 9618.18 9642.47 9663.18 9683.31 9702.51 9715.33 9721.39 9722.37 9721.02 9718.64 9711.54 9701.92 9693.04 9689.12 9693.2 9693.45 9689.33 9687.42
9599.68 9591.6 9584.04 9576.92 9565.89 9558.43 9553.15 9549.32 9545.22 9532.23 9518.81 9506.5 9495.17 9484.54 9474.39 9471.8 9474.45 9483.56 9490.87 9495.68 9499.61 9503.32 9506.67 9509.89 9512.7 9514.19 9513.84 9512.68 9511.61 9510.42 9507.7 9504.44 9501.2 9496.81 9492.16 9489.86 9491.22 9491.76 9490.9 9488.83 9495.26 9504.88 9515.17 9526.1 9537.24 9548.53 9560.26 9577.61 9603.32 9629.64 9654.96 9678.19 9700.34 9718.93 9729.57 9731.53 9727.88 9722.26 9715.9 9710.67 9711.19 9709.71 9707.68 9710.16 9706.27 9699.29 9695.81
9604.35 9595.73 9582.41 9569.72 9564.85 9560.09 9553.84 9544.15 9536.32 9532.84 9524.95 9516.04 9508.05 9502.52 9500.66 9498.93 9496.77 9499.26 9500.72 9503.14 9505.99 9509.03 9511.67 9513.7 9514.7 9515.25 9516.88 9517.9 9517.94 9517.12 9514.39 9512.21 9509.05 9505.52 9503.04 9500.15 9500.73 9500.67 9501.5 9505.1 9510.53 9517.52 9526.67 9536.94 9548.38 9560.17 9573.98 9592.56 9615.64 9641.01 9665.1 9691.21 9715.65 9732.51 9740.58 9739.54 9733.01 9724.36 9716.71 9717.61 9725.55 9734.91 9742.84 9736.95 9725.63 9714.58 9708.24
9609.41 9600.44 9583.5 9569.44 9565.96 9563.06 9558.52 9551.63 9544.07 9538.77 9532 9524.84 9519.09 9516.96 9521.52 9524.12 9525.35 9513.38 9509.31 9509.45 9511.41 9514.55 9517.02 9518.4 9518.23 9517.21 9521.1 9524.05 9524.96 9524.21 9522.23 9519.43 9516.77 9515.67 9515.06 9513.95 9513.82 9513.67 9514.83 9519.5 9524.76 9530.56 9539.24 9549.64 9561.5 9573.98 9587.69 9604.37 9629.49 9655.83 9682.09 9702.6 9721.37 9739.48 9750.49 9746.36 9738.05 9729.11 9724.13 9728.16 9740.19 9757.51 9775.69 9762.47 9744.24 9729.34 9719.9
9609.67 9601.46 9588.19 9575.1 9571.85 9569.21 9566.28 9565.05 9557.4 9547.18 9539.34 9532.4 9526.49 9522.72 9520.87 9520.1 9518.8 9515.06 9512.83 9513.56 9516.14 9519.68 9523.52 9525.67 9525.81 9524.88 9529.44 9533.23 9534.3 9532.34 9529.79 9527.57 9524.49 9524.3 9526.73 9528.56 9525.93 9526.21 9525.87 9529.45 9535.06 9542.03 9551.8 9562.89 9575.57 9589.29 9604.36 9619.67 9646.18 9670.38 9693.36 9710.98 9725.86 9752.22 9755.83 9750.01 9741.87 9733.99 9731.25 9736.64 9748.99 9766.12 9780.72 9772.84 9756.07 9740.97 9731.04
9607.15 9601.79 9596.72 9588.49 9581.28 9577.12 9572.1 9566.33 9561.55 9554.37 9546.18 9538.71 9531.15 9524.65 9518.23 9513.27 9510.38 9510.56 9512.56 9515.86 9520.15 9525.25 9530.51 9535.25 9538.39 9538.04 9544.02 9546.81 9545.68 9542.65 9539.18 9535.84 9531.95 9529.4 9529.57 9532.8 9530.96 9530.97 9533.49 9536.8 9542.22 9553.11 9564.73 9576.52 9589.67 9604.65 9623.19 9648.01 9664.39 9682.7 9701.24 9718.47 9734.46 9759.99 9757.01 9749.76 9743.43 9738.55 9736.71 9740.9 9750.44 9764.23 9775.35 9772.79 9761.22 9748.23 9738.57
9611.01 9605.42 9600.33 9594.66 9590.67 9586.88 9581.37 9571.94 9568.05 9562.06 9553.95 9544.33 9534.76 9525.59 9516.66 9509.78 9504.11 9506.43 9511.88 9517.75 9524.03 9530.7 9538.24 9546.34 9555.48 9565.79 9568.73 9563.56 9558.02 9552.96 9548.76 9544.8 9540.41 9535.28 9531.76 9532.56 9533.47 9535.49 9542.87 9548.37 9554.75 9568.07 9579 9590 9602.73 9617.48 9635.65 9657.13 9674.29 9692.08 9710.87 9726.12 9738.09 9750.37 9750.04 9743.45 9740.32 9744.04 9739.74 9737.5 9745.34 9759.44 9769.73 9771.2 9764 9752.16 9742.1
9616.51 9610.3 9605.29 9602.97 9600.56 9598.13 9596.09 9592.44 9582.39 9572.17 9561.54 9550.74 9539.17 9527.23 9515.41 9504.94 9502.49 9506.19 9513.04 9520.34 9527.82 9535.78 9544.48 9554.94 9568.21 9586.46 9588.44 9575.1 9567.15 9562.39 9558.51 9555.31 9551.68 9548.71 9544.26 9543.97 9547.19 9551.23 9557.22 9567.84 9581.35 9587.86 9593.7 9602.7 9614.28 9627.36 9641.99 9657.77 9675.69 9697.45 9718.76 9731.6 9734.27 9730.01 9731.17 9732.45 9730.35 9726.83 9729.72 9730.93 9739.07 9756.66 9773.83 9778.98 9767.18 9754.87 9744.08
9621.37 9614.85 9608.62 9608.01 9607.28 9607.39 9607.97 9605.53 9594.59 9582.13 9569.71 9556.83 9543.99 9531.14 9518.26 9508.5 9507.26 9510.63 9516.52 9523.81 9531.83 9540.13 9548.99 9558.8 9569.32 9579.2 9580.07 9575.79 9571.73 9568.97 9566.78 9565.1 9563.65 9562.9 9561.77 9564.75 9565.21 9563.84 9569.86 9581.63 9599.09 9600.4 9605.15 9614.13 9625.2 9636.96 9648.34 9657.31 9675.43 9702.2 9724.04 9734.96 9732.43 9724.86 9725.39 9726.86 9724.69 9720.46 9725.71 9729.94 9737.31 9757.05 9772.34 9775.9 9767.76 9757.78 9747.86
9624.59 9618.47 9612 9609.44 9610.41 9614.02 9616.06 9612.71 9602.84 9590.54 9577.55 9564.24 9550.84 9537.27 9523.93 9511.98 9510.49 9514.28 9520.81 9528.09 9535.84 9543.79 9551.65 9559.24 9565.06 9566.73 9566.33 9571.67 9573.84 9574.49 9574.59 9573.97 9574.05 9577.85 9579.09 9572.41 9570.36 9572.27 9578.02 9585.16 9590.97 9600.98 9612.84 9624.76 9636.73 9648.91 9660.05 9671.83 9689.34 9711.85 9732.32 9743.77 9738.81 9730.68 9731.96 9733.06 9730.75 9730.8 9736.67 9744.65 9753.11 9765.06 9770.43 9770.08 9767.6 9763.21 9757.92
9626.82 9620.69 9615.75 9613.29 9614.86 9619.84 9622.97 9619.62 9609.37 9597.36 9584.7 9571.63 9558.69 9545.64 9533.57 9522.48 9519.51 9521.69 9527.23 9533.93 9540.97 9548.06 9554.65 9560.32 9563.73 9564.91 9566.77 9571.83 9576.84 9580.07 9581.92 9582.12 9580.24 9576.21 9574.28 9574.28 9574.61 9580.51 9586.33 9591.35 9594.7 9606.37 9622.15 9636.73 9649.96 9662.89 9675.42 9689.34 9706.51 9725.66 9743.5 9753.18 9755.01 9749.78 9751.09 9750.86 9745.84 9745.18 9755.86 9768.98 9783.9 9780.98 9776.45 9771.39 9771.2 9772.68 9774.25
9625.42 9619.79 9616.77 9618.31 9621.78 9625.1 9626.51 9622.89 9613.82 9602.93 9591.44 9579.85 9568.13 9556.73 9546.23 9538.4 9533.53 9532.56 9535.79 9541.53 9548.02 9554.11 9559.63 9563.74 9566.43 9568.32 9570.86 9575.77 9581.73 9587.04 9590.77 9591.72 9588.86 9581.3 9575.49 9579.4 9585.63 9591.96 9598.33 9603.94 9610.04 9621.25 9636.23 9651.27 9666.09 9680.57 9694.3 9707.16 9720.12 9744.02 9762.37 9773.44 9784.3 9784.86 9786.62 9779.6 9769.66 9768.19 9779.47 9792.82 9802.07 9798.9 9787.92 9776.5 9779.79 9786.31 9791.5
9617.6 9615.95 9616.67 9621.31 9627.05 9628.12 9628.22 9624.35 9616.9 9607.75 9597.97 9587.95 9578.01 9568.61 9559.91 9552.9 9546.93 9541.79 9545.93 9551.18 9556.93 9562.15 9566.9 9570.39 9572.32 9573.44 9575.69 9581.2 9589.19 9596.5 9602.06 9604.76 9603.54 9594.54 9584.56 9588.68 9596.97 9605.83 9613.65 9620.47 9628.57 9639.6 9653.07 9668.53 9684.64 9700.56 9716.58 9732.11 9747.29 9771.58 9792.6 9809.75 9824.19 9831.5 9826.36 9812.87 9799.9 9797.76 9806.79 9817.21 9826.13 9819.65 9806.99 9794.48 9797.51 9805.33 9810.3
9609.52 9610.47 9613.62 9618.93 9623.9 9626.81 9628.64 9625.15 9619.02 9612.13 9604.35 9596.29 9588.23 9580.48 9573.11 9566.38 9560.46 9556.6 9558.82 9563.18 9567.89 9572.47 9576.53 9579.76 9581.37 9581.18 9580.86 9588.31 9599.51 9608.73 9615.17 9619.25 9620.88 9613.17 9602.16 9601.89 9608.66 9624.14 9631.91 9638.18 9645.92 9656.56 9670.63 9686.39 9703.81 9722.43 9741.78 9761.82 9782.61 9805.13 9826.69 9845.36 9861.16 9862.25 9854.22 9843.32 9832.43 9830.69 9835.92 9841.65 9843.4 9841.05 9833.5 9824.54 9825.51 9830.75 9833.81
9606.56 9607 9611.01 9615.72 9618.96 9622.38 9624.9 9623.43 9619.79 9615.27 9610.02 9604.52 9598.44 9592.72 9587.01 9580.43 9573.57 9573.25 9574.45 9576.77 9580.23 9584.35 9588.81 9592.23 9595.03 9595.42 9591.6 9601.81 9615.42 9623.54 9629.39 9633.59 9636.36 9629.47 9618.79 9618.24 9634.49 9647.21 9650.07 9654.67 9662.6 9673.65 9687.16 9703.6 9722.34 9743.03 9765.67 9789.93 9815.37 9836.07 9856.05 9880.48 9894.48 9886.51 9871.29 9866.55 9870.23 9865.44 9864.13 9866.92 9868.74 9868.36 9864.55 9860.71 9859.67 9859.95 9860.43
9611.04 9611.18 9612.96 9615.09 9616.16 9617.7 9619.31 9620.99 9620.59 9618.57 9615.61 9612.27 9608.63 9605.1 9601.87 9599.5 9599.95 9594.53 9590.97 9590.27 9592.73 9596.73 9601.66 9606.36 9611.91 9617.88 9627.76 9636.26 9637.71 9640.61 9643.31 9644.67 9643.54 9635.49 9629.31 9630.84 9647.73 9661.58 9663.05 9667.27 9675.24 9687.06 9701.13 9718.32 9738.37 9760.88 9785.62 9811.99 9838.42 9856.61 9869.72 9883.69 9890.44 9883.65 9870.56 9877.36 9884.98 9885.92 9885.81 9889.81 9895.53 9897.93 9894.33 9891.27 9889.21 9887.64 9886.97
9617.66 9617.47 9617.01 9617.57 9617.8 9618.06 9618.07 9621.1 9622.39 9622.18 9621.17 9619.64 9618.03 9616.65 9615.54 9614.51 9611.67 9606.25 9601.43 9601.97 9604.55 9608.8 9613.75 9620.09 9627.89 9638.37 9653.17 9659.86 9656.55 9655.54 9655.55 9654.47 9648.97 9637.42 9635.86 9641.58 9654.16 9664.73 9668.75 9674.71 9683.78 9696.73 9711.46 9730.22 9751.44 9775.08 9800.12 9826.4 9850.99 9865.75 9869.73 9867.73 9862.67 9867.26 9872.16 9879.55 9888.83 9893.93 9898.47 9905.6 9915.97 9922.67 9916.18 9912.72 9910.86 9909.38 9909.39
9620.42 9620.46 9620.69 9621.37 9623.15 9623.42 9622.97 9624.35 9625.6 9626.26 9626.68 9626.87 9626.83 9626.9 9627.53 9628.05 9626.36 9616.61 9609.84 9613.43 9616.36 9620.18 9625.26 9631.56 9640.26 9650.55 9660.9 9666.71 9667.73 9667.47 9666.83 9665.44 9659.96 9646.59 9642.45 9642.42 9651.23 9661.4 9669.47 9678.28 9688.66 9701.19 9717.92 9738.66 9760.82 9784.13 9809.07 9834.5 9857.69 9869.64 9866.11 9857.41 9851.77 9858.3 9867.95 9876.25 9887.94 9896.11 9903.01 9911.28 9921.2 9927.88 9925.25 9925.23 9927.37 9921.98 9921.39
9622.43 9623.51 9623.95 9624.43 9625.04 9625.76 9626.88 9628.13 9629.62 9630.92 9631.89 9632.92 9634.15 9635.72 9637.82 9640.22 9641.12 9635.37 9629.01 9626.55 9627.61 9630.48 9635.47 9641.86 9649.93 9658.93 9667.16 9672.04 9675.6 9675.85 9675.36 9675.23 9672.65 9660.58 9651.25 9646.94 9650.33 9658.83 9668.92 9680.55 9693.22 9705.86 9724.84 9745.96 9767.4 9790.31 9813.67 9836.8 9858.06 9868.96 9860.63 9850.27 9844.63 9850.81 9859.99 9871.11 9884.91 9894.36 9902.02 9909.57 9916.77 9920.3 9922.53 9923.18 9922.11 9921.84 9921.43
9625.99 9626.51 9627.51 9627.53 9627.01 9627.36 9629.98 9631.92 9633.5 9634.78 9636.38 9638.01 9640.21 9642.65 9645.61 9649.27 9651.85 9648.37 9641.54 9637.5 9637.36 9639.61 9643.79 9649.79 9656.9 9665.25 9674.35 9683.77 9682.62 9681.04 9680.6 9680.24 9677.78 9668.62 9659.83 9654.78 9653.06 9657.25 9669.29 9683.47 9698.93 9717.3 9734.96 9751.91 9771.55 9792.96 9814.35 9834.48 9850.71 9856.14 9852.44 9843.15 9837.62 9843.88 9855.04 9870.08 9882.64 9890.82 9898.01 9904.23 9909.41 9913.48 9914.82 9915.33 9914.42 9916.84 9917.17
9632.77 9632.76 9631.7 9631.3 9631.23 9631.96 9634.05 9635.79 9636.93 9638.33 9640.4 9642.08 9644.64 9647.41 9650.62 9653.94 9656.45 9653.65 9646.64 9644.57 9644.82 9646.66 9649.95 9654.58 9660.32 9667.25 9675.2 9682.2 9682.29 9681.86 9682.68 9682.2 9677.88 9673.65 9667.5 9659.44 9657.56 9659.97 9672.88 9687.63 9703.32 9719.64 9736.85 9755.32 9774.31 9794.42 9814.08 9831.59 9845.06 9852.22 9846.06 9836.05 9830.22 9838.15 9850.18 9865.98 9878.24 9886.46 9893.25 9898.32 9901.53 9902.72 9906.52 9909.6 9911.36 9914.1 9915.25
9636.46 9635.96 9634.67 9634.68 9635.81 9637.76 9638.42 9639.45 9640.35 9641.39 9643.19 9644.98 9647.63 9650.33 9653.33 9656.16 9657.93 9656.08 9651.04 9649.93 9649.67 9650.69 9653.13 9656.39 9660.67 9665.57 9669.95 9672.24 9675.65 9678.79 9682.69 9690.29 9705.42 9698.58 9677.86 9666.03 9665.83 9670.19 9680.44 9693.48 9707.35 9721.97 9738.44 9755.49 9774.22 9793.46 9812.02 9828.24 9840.54 9845.35 9842.27 9833.22 9828.36 9835.56 9848.16 9863.85 9874.7 9882.77 9889.39 9893.95 9896.4 9897.89 9901.97 9906.82 9909.93 9914 9916.8
9633.64 9635.16 9635.73 9636.54 9638.24 9640.43 9641.85 9642.28 9642.61 9643.24 9644.97 9646.6 9648.9 9651.35 9654.02 9656.57 9658.5 9658.09 9656.47 9653.98 9652.93 9653.16 9654.5 9656.7 9659.46 9662.41 9664.85 9666.68 9669.84 9673.59 9677.88 9684.14 9694.83 9697.05 9684.94 9676.52 9677.71 9681.86 9690.52 9700.93 9711.97 9722.97 9735.75 9754.07 9773 9791.7 9809.33 9825.13 9837.94 9844.7 9842.69 9834.34 9829.06 9833.82 9845.92 9860.48 9871.94 9880.1 9886.75 9891.43 9894.37 9896.18 9901.39 9908.63 9913.47 9918.36 9921.98
9635.02 9634.95 9635.67 9636.72 9638.57 9642.38 9644.3 9644.2 9643.97 9644.44 9645.64 9646.82 9648.72 9650.88 9653.24 9655.59 9658.02 9659.59 9656.88 9655.04 9654.14 9654.14 9654.85 9655.89 9657.51 9658.71 9660.24 9662.15 9664.5 9667.81 9670.87 9672.92 9679.66 9687.74 9691.54 9690.58 9691.02 9695.78 9702.24 9709.34 9717.56 9726.21 9736.78 9754.05 9771.99 9789.49 9806.01 9821.21 9835.16 9846.31 9844.53 9834.93 9828.5 9831.13 9841.83 9856.77 9869.12 9878.18 9885.49 9891.11 9895.63 9898.63 9905.29 9915.9 9923.85 9929.2 9930.66
9633.54 9634.21 9634.7 9635.61 9637.14 9642 9644.88 9643.97 9643.22 9643.64 9644.34 9645.51 9647.84 9649.69 9651.54 9653.31 9655.03 9655.52 9654.97 9654.43 9653.93 9653.53 9653.72 9653.89 9654.67 9655.66 9656.27 9656.91 9658.84 9663.11 9666.64 9669.26 9673.85 9684.31 9697.28 9700.05 9700.08 9705.76 9711.85 9716.85 9723.48 9731.37 9741.26 9755.91 9771.85 9787.48 9801.99 9815.43 9828.12 9839.88 9839.01 9829.14 9823.8 9826.36 9836.55 9853.58 9867.61 9877.25 9885.2 9892.76 9899.81 9906.35 9915.11 9927.34 9937.46 9942.97 9940.74
9633.76 9633.07 9633.12 9633.78 9635.32 9639.69 9642.07 9641.16 9641.18 9641.79 9642.62 9643.73 9645.47 9646.89 9648.29 9649.6 9650.8 9650.58 9652.54 9653.15 9651.92 9651.16 9650.97 9651.4 9652.44 9653 9653.49 9653.96 9655.94 9660.57 9665.19 9668.73 9670.41 9677.74 9687.14 9695.23 9700.83 9708.47 9715.91 9721.74 9729.04 9737.29 9746.22 9759.23 9772.86 9785.81 9797.28 9807.64 9815.84 9819.75 9818.84 9817.24 9816.36 9820.63 9832.24 9849.76 9865.2 9875.64 9885.21 9894.98 9905.5 9916.72 9929.22 9939.29 9949.01 9954.26 9949.11
