real_craters/C190-500m.grd
DSAA
359 359
-89.4075 89.4075
-89.4075 89.4075
7967.7153245591 10598.57245609
[rows 210 to 239 of 359, columns 201 to 267 of 359]
8766.68 8791.68 8814.33 8834.31 8852.78 8959.29 9063.28 9139.8 9202.46 9257.57 9307.85 9349.23 9384.97 9427.05 9462.57 9490.13 9511.33 9547.03 9629.37 9681.11 9719.71 9832.13 9932.01 9974.05 10020 10052.8 10033.7 10001.6 9969.8 9934.36 9904.05 9888.07 9885.96 9897.55 9871.83 9829.1 9792.69 9758.99 9735.08 9722.33 9714.6 9709.66 9704.15 9698.25 9688.54 9676.6 9653.3 9606.51 9595.42 9609.93 9634.87 9643.41 9630.6 9606 9576.69 9579.21 9578.72 9569.87 9553.83 9542.23 9532.52 9521.79 9513.1 9503.85 9473.78 9456.16 9446.95
8815.68 8830.8 8885.89 8953.34 9023.02 9134.06 9225.41 9253.72 9282.48 9318.68 9352.64 9382.39 9404.14 9448.49 9498.9 9521.49 9544.69 9574.45 9666.86 9761.4 9817.63 9900.36 9965.58 10003.7 10035.3 10056.6 10026.1 9991.65 9963.13 9940.19 9925.8 9922.81 9912.38 9893.74 9862.96 9819.33 9772.03 9732.09 9695.71 9679.31 9681.71 9685.08 9686.57 9684.13 9676.26 9660.15 9633.41 9612.44 9594.84 9606.73 9622.61 9640.02 9647.38 9614.41 9586.94 9579.37 9575.58 9564.65 9548.32 9535.85 9528.23 9521.41 9515.86 9508.11 9483.98 9467.14 9455.92
8869.1 8875.11 8967.6 9083.61 9198.86 9272.53 9333.17 9346.13 9354.05 9376.43 9405.08 9432.45 9457.55 9491.71 9521.85 9548.92 9609.28 9670.42 9806.41 9909.43 9905.87 9936.67 9979.08 10012 10032.9 10044.3 10020.1 9977.96 9955.42 9942.12 9936.25 9930.84 9911.66 9884.03 9846.49 9803.49 9760.59 9714.44 9667.7 9650.56 9657.37 9665.45 9671.98 9673.82 9670.15 9657.3 9637.9 9624.43 9614.49 9605.34 9606.48 9621.14 9635 9617.42 9596.71 9577.78 9567.46 9556.64 9546.9 9529.95 9521.11 9516.58 9510.19 9500.15 9486.91 9471.13 9460.33
8952.3 8949.45 9071.62 9175.59 9261.96 9338.82 9419.98 9385.9 9397.15 9425.23 9457.49 9492.04 9522.46 9548.78 9564.36 9602.38 9700.88 9836.48 9947.63 9944.68 9945.63 9978.83 10001.1 10014.3 10018.9 9998.36 9958.9 9947.31 9939.59 9935.49 9935.51 9933.71 9913.92 9868.54 9828.48 9784.4 9738.45 9691.01 9648.75 9635.17 9641.9 9651.7 9660.78 9668.52 9672.86 9667.91 9648.87 9624.61 9614.64 9599.37 9586.73 9586.09 9599.31 9596.01 9583.15 9566.96 9551.45 9543.85 9534.64 9518.07 9512.96 9512.03 9507.93 9497.01 9485.09 9471.53 9459.02
9089.59 9136.52 9225.98 9302.28 9333.55 9341.72 9321.66 9370.84 9422.16 9469.21 9513.4 9556.83 9596.3 9624 9619.8 9655.5 9780.54 9901.25 9960.41 9931.45 9960.21 10001.4 10015.7 10013.3 10002.9 9982.02 9926.47 9919.35 9921.5 9924.15 9928.97 9930.73 9916.17 9850.26 9809.34 9766.49 9721.73 9677.73 9640.86 9629.24 9633.6 9643.78 9655.03 9667.19 9678.73 9686.59 9668.26 9631.11 9615.14 9591.19 9570.36 9564.97 9573.96 9576.41 9567.08 9554.42 9541.33 9534.65 9521.27 9505.6 9505.08 9507.9 9511.76 9504.41 9484.99 9467.66 9454.43
9255.81 9349.32 9392.86 9422.63 9404.04 9354.95 9328.49 9378.75 9450.99 9515.52 9575.81 9625.34 9658.42 9670.74 9689.48 9796.99 9861.76 9912.84 9944.81 9961.35 9994.54 10046.1 10028.7 10002.7 9975.21 9933.82 9891.89 9897.5 9903.06 9907.54 9910.77 9914.12 9899.02 9837.89 9791.66 9753.08 9710.32 9671.93 9645.8 9632.26 9631.3 9639.24 9649.77 9662.85 9678.91 9695.82 9680.27 9651.21 9618.61 9582.44 9554.64 9539.46 9547.61 9544.52 9543.52 9541.75 9539.58 9532.17 9523.04 9503.85 9497.53 9499.31 9504.22 9496.86 9477.82 9462.22 9450.1
9396.13 9536.4 9490.59 9384.3 9368.2 9369.99 9378.7 9428.32 9495.88 9568.5 9639.43 9706.02 9758.15 9792.23 9859.97 9906.47 9916.01 9941.25 9963.93 10003.6 10038.1 10059 10020.7 9981.66 9945.37 9904.65 9886.64 9887.21 9889.92 9891.48 9892.95 9887.74 9871.82 9834.38 9791.14 9741.56 9699.44 9671.09 9644.96 9631.66 9627.3 9632.63 9640.24 9650.75 9663.08 9673.43 9661.78 9636.65 9598.87 9568.81 9542.34 9526.36 9522.55 9514.07 9519.72 9526.74 9527.73 9523.57 9518.04 9491.65 9484.9 9484.31 9484.97 9478.43 9465.72 9452.74 9448.8
9442.15 9474.7 9425.73 9348.84 9359 9396.25 9435.38 9486.91 9552.66 9626.91 9706.29 9791.18 9885.15 10008.6 10007 9928.56 9932.59 9970.01 10014.9 10034.8 10035.6 10018.8 9983.28 9951.62 9923.24 9907.42 9892.27 9884.23 9879.54 9875.52 9868.76 9859.7 9842.67 9809.84 9762.4 9717.58 9679.88 9649.53 9637.62 9624.77 9619.03 9620.07 9626.62 9632.96 9637.56 9637.12 9627.45 9606.74 9574.78 9555.45 9534.84 9515.78 9500.14 9494.73 9503.45 9513.31 9515.77 9508.07 9492.61 9473.68 9471.12 9467.84 9462.1 9459.48 9453.83 9446.58 9448.17
9435.29 9395.45 9360.73 9365.7 9400 9440.54 9487.44 9542.53 9609.55 9685.02 9762.21 9848.47 9937.61 10013.3 9991.75 9952.44 9952 9983.89 10022.5 10025.7 9977.37 9934.15 9932.26 9919.5 9902.55 9900.42 9894.04 9882.81 9871.53 9859.78 9845.99 9831.47 9810.33 9771.34 9727.8 9693.23 9660.8 9626.86 9613.29 9612.31 9611.17 9611.53 9614.24 9614.16 9611.18 9604.07 9596.67 9584.5 9566 9544.19 9525.81 9507.57 9484.18 9487.22 9493.81 9499.39 9500.21 9494.81 9483.91 9470.36 9461.76 9455.44 9450.37 9446.73 9444.91 9445.41 9445.98
9449.59 9423.85 9416.56 9446.88 9475.13 9509.22 9549.85 9600.92 9668.33 9740.55 9810.15 9879.24 9941.8 9982.55 9971.59 9960.21 9958.66 9968.34 9983.78 9967.47 9914.64 9894.47 9899.24 9898.95 9895.06 9899.99 9896.58 9882.2 9865.49 9848.92 9828.61 9804.88 9778.91 9739.05 9708.92 9684.58 9653.27 9619.22 9604.32 9603.77 9603.13 9605.16 9602.86 9598.18 9590.25 9581.1 9572.3 9563.92 9548.48 9528.62 9511.69 9493.01 9477.91 9481.32 9488.53 9494.68 9491.96 9483.07 9472.12 9462.84 9455.37 9447.31 9441.2 9437.9 9436.8 9436.26 9437.96
9485.78 9490.63 9505.82 9521.25 9560.28 9594.53 9623.13 9656.05 9735.88 9798.08 9849.9 9896.61 9930.78 9949.62 9944.46 9933.01 9930.22 9935.22 9932.21 9917.56 9888.81 9883.13 9888.23 9893.93 9900.3 9909.25 9902.32 9884.26 9864.81 9842.94 9817.93 9788.46 9751.59 9706.19 9690.46 9680.87 9657.09 9630.75 9610.44 9602.37 9599.64 9598.05 9593.1 9585.62 9575.14 9561.59 9551.5 9534.96 9522.52 9511.26 9496.31 9483.3 9469.03 9474.34 9486.6 9491.68 9488.03 9476.48 9469.32 9462.37 9452.18 9442.56 9434.95 9432.07 9430.49 9428.77 9431.58
9522.34 9551.95 9577.23 9622.72 9657.4 9698.11 9739.18 9781.8 9834.69 9871.13 9896.42 9912.16 9916.21 9908.69 9899.25 9903.59 9906.62 9908.36 9896.7 9872.68 9863.94 9875.86 9888.01 9898.35 9908.16 9919.49 9906.26 9884.11 9860.84 9835.88 9808.86 9777.16 9741.33 9699.88 9680.11 9677.93 9666.19 9650.22 9615.31 9606.12 9600.83 9595.26 9587.75 9578.26 9567.63 9555.79 9543.56 9530.63 9518.27 9500.17 9480.87 9468.58 9474.4 9477.93 9489.96 9503.04 9489.46 9477.53 9469.73 9461.6 9450.84 9440.18 9432.37 9428.79 9427.09 9426.97 9429.26
9561.57 9622.82 9707.65 9731.46 9749.09 9797.89 9863.1 9929.58 9947.16 9939.47 9930.16 9922.39 9911.72 9898.35 9886.72 9894.39 9901.16 9900.49 9887.12 9867.18 9865.82 9879.78 9896.3 9908.54 9920.7 9926.09 9903.64 9877.64 9852.66 9826.68 9799.16 9773.07 9746.45 9718.48 9684.23 9684.85 9674.36 9659.42 9632.92 9614.96 9603.91 9594.63 9583.79 9572.77 9562.64 9550.22 9536.11 9522.61 9506.06 9492.06 9479.54 9473.26 9490.76 9491.13 9489.78 9491.33 9486.27 9477.5 9470.12 9461.47 9450.12 9439.44 9431.39 9427.49 9425.66 9425.04 9424.96
9596.74 9661.09 9718.22 9756.11 9798.57 9861 9943.07 10034.9 10025.3 9980.11 9949.72 9928.37 9910.93 9901.14 9892.34 9898.95 9907.01 9911.53 9902.48 9889.06 9890.28 9902.43 9912.82 9915.79 9918.93 9909.64 9888.69 9862.27 9838.7 9812.42 9788.07 9764.88 9746.63 9735.87 9706.21 9693.1 9678.71 9660.95 9641.12 9624.77 9610.19 9598.3 9582.38 9567.31 9551.9 9537.39 9521.34 9508.83 9497.11 9489.63 9485.8 9476.82 9463.87 9475.49 9480.43 9482.9 9479.5 9475.91 9470.66 9461.41 9448.61 9437.33 9430.18 9426.67 9425.03 9424.18 9421.76
9644.01 9694.93 9717.58 9760.75 9823.72 9883.12 9950.65 10018.7 10003.2 9970.15 9944.34 9926.33 9906.28 9883.99 9884.87 9908.68 9941.36 9932.94 9912.76 9904.14 9904.31 9916.68 9922.54 9910.42 9894.5 9883.19 9864.78 9841.58 9815.76 9794.51 9770.9 9750.4 9732.49 9719.3 9703.76 9688.74 9674.29 9663.04 9647.23 9633.91 9617.53 9601.37 9582.9 9563.08 9542.53 9525.27 9510.35 9502.84 9499.67 9495.86 9487.6 9474.94 9460.74 9464.21 9469.9 9471.17 9469.81 9470.68 9474.1 9457.49 9443.55 9434.14 9427.69 9425 9424.77 9425.49 9423.54
9741.35 9757.12 9767.84 9789.99 9843.64 9889.32 9921.16 9916.88 9921.05 9937.44 9933.83 9921.8 9910.05 9885.42 9874.64 9901.26 9941.46 9922.88 9895.53 9880.03 9877.7 9893.39 9906.24 9887.58 9879.38 9862.92 9842.92 9819.53 9793.83 9770.45 9746.33 9723.32 9703.36 9686.8 9667.63 9656.71 9655.47 9658.75 9656.06 9643.63 9624.75 9603.29 9581.26 9559.34 9538.18 9520.83 9507.39 9504.54 9506.79 9506.52 9501.85 9486.43 9468.41 9463.35 9463.97 9462.89 9458.04 9449.79 9452.12 9444.46 9434.17 9426.23 9422.06 9421.76 9424.14 9428.6 9434
9829.14 9825.03 9827 9845.37 9876.89 9902.03 9912.09 9908.65 9911.97 9915.91 9919.04 9920.01 9920.44 9918.46 9883.16 9882.98 9880.07 9870.21 9859.07 9834.43 9824.37 9828.25 9833.61 9841.96 9853.68 9838.31 9815.97 9794.86 9772.84 9747.22 9722.83 9696.16 9670.32 9640.69 9620.2 9615.1 9623.09 9653.31 9655.77 9648.14 9627.84 9604.25 9579.37 9555.56 9535.83 9518.55 9506.11 9508.16 9515.09 9518.26 9502.73 9490.67 9475.57 9465.35 9463.36 9459.06 9451.01 9440.21 9435.64 9431.9 9423.08 9414.21 9413.98 9416.79 9421.19 9427.6 9438.74
9863.93 9886.79 9900.26 9915.9 9928.97 9928.69 9920.04 9909.92 9903.12 9900.29 9907.91 9913.56 9918.34 9916.89 9904.76 9889.3 9861.07 9834.41 9814.27 9797.44 9788.77 9780.61 9774.32 9794.9 9814.62 9802.61 9784.85 9766.2 9744.69 9721.41 9695.8 9669.58 9643.9 9609.83 9588.38 9579.39 9576.47 9598.55 9632.9 9641.48 9623.54 9599.78 9574.84 9549.52 9526.3 9513.84 9509.63 9509.91 9516.99 9520.93 9507.66 9496.99 9482.37 9469.13 9463.67 9458.32 9450.74 9443.44 9434.65 9427.58 9417.06 9406.11 9409.14 9412.95 9416.7 9419.17 9418.64
9929.72 9953.7 9977.52 10007.1 9989.37 9963.46 9934.55 9900.05 9869.56 9887.34 9901.6 9910.39 9915.82 9921.72 9938.08 9916.09 9853.37 9807.54 9793.87 9799.73 9794.83 9769.55 9753.95 9753.77 9764.39 9759.45 9747.32 9731.27 9711.04 9690.13 9666.81 9646.08 9621.55 9595.33 9569.08 9554.28 9546.13 9558.21 9606.27 9628.21 9610.31 9590.02 9568.11 9544.71 9517.44 9510 9501.51 9507.46 9512.47 9514.21 9511.12 9501.83 9487.43 9471.52 9467.95 9460.64 9452.92 9447.74 9441.57 9429.92 9418.81 9409.78 9409.66 9411.49 9413.14 9413.25 9412.98
9981.56 10005.8 10039.6 10064 10033.4 9993.08 9954.91 9920.06 9891.81 9900.25 9907.37 9913.43 9915.82 9925.1 9948.16 9922.94 9832.19 9771.45 9775.27 9784.16 9776.79 9754.31 9732.61 9712.87 9716.61 9717.16 9710.44 9696.99 9682.13 9663.22 9644.27 9626.38 9607.7 9591.42 9580.1 9539.87 9534.42 9549.55 9575.71 9586.86 9588.53 9576.62 9561.3 9546.83 9533.36 9518.41 9510.63 9505.28 9506.88 9508.57 9504.47 9497.97 9484.94 9473.5 9471.06 9461.91 9453.32 9452.28 9446.13 9432.82 9421.46 9414.54 9412.14 9411.94 9411.86 9410.75 9407.68
9999.95 10024.4 10053.7 10072.4 10050 10011.3 9975.56 9950.08 9946.19 9925.51 9919.26 9918.87 9917 9913.38 9905.64 9868 9801.96 9747.8 9752.64 9755.17 9754.69 9741.67 9715.11 9689.11 9680.22 9679.98 9675.72 9667.17 9655.02 9642.15 9626.67 9610.54 9594.64 9580.12 9564.35 9547.3 9542.09 9548.14 9563.05 9576.24 9571.17 9561.15 9550.19 9542.13 9534.4 9513.25 9501.77 9497.81 9498.01 9502.02 9502.97 9493.16 9480.55 9468.75 9467.12 9459.86 9450.32 9445.23 9441.15 9432.91 9425.51 9418.94 9415.08 9413.53 9412.19 9410.4 9404.74
10006.3 10054.7 10076.4 10083.4 10054 10015.6 9986.4 9962.41 9943.61 9930.94 9928.29 9925.87 9920.51 9896.75 9859.85 9815.55 9773.09 9751.88 9729.31 9729.55 9754.27 9737.58 9707.23 9673.77 9653.67 9648.97 9647.65 9640.43 9630.52 9622.83 9609.59 9596.47 9579.74 9564.37 9544.94 9535.97 9539.88 9543.46 9551.98 9555.33 9551.54 9542.84 9533.4 9523.8 9514.08 9497.76 9488.79 9487.44 9484.25 9482.28 9484.22 9486.27 9474.85 9461.11 9462.62 9458.9 9450.28 9440.97 9435.71 9430.54 9426.43 9422.02 9417.44 9415.22 9413.63 9409.52 9400.85
10067.5 10109.7 10092.6 10062.2 10029.8 10004.5 9985.95 9968.46 9941.71 9937.16 9937.84 9926.29 9912.39 9870.99 9816.61 9763.11 9735.56 9713.08 9708.82 9732.32 9755.83 9730.88 9690.61 9653.97 9635.44 9631.32 9626.6 9618.44 9611.37 9604.21 9592.08 9580.7 9565.91 9550.92 9537.82 9533.49 9539.32 9540.1 9538.43 9534.87 9530.78 9524.12 9514.35 9502.94 9496.53 9500.27 9490.25 9479.98 9470.35 9460.93 9461.4 9471.71 9466.89 9458.34 9462.04 9460.56 9455.16 9442.07 9432.59 9427.3 9422.28 9419.33 9417.7 9416.39 9415.84 9415.23 9407.48
10114.3 10113.3 10075.3 10023.9 9989.92 9980.35 9978.56 9980.93 9986.18 9983.38 9952.8 9917.17 9875.27 9833.88 9782.52 9732.1 9713.89 9708.15 9727.83 9764.84 9755.1 9723.13 9686.75 9646.68 9629.37 9621.52 9615.86 9607.39 9599.64 9587.94 9574.53 9562.84 9549.66 9539 9530.47 9531.33 9531.38 9532.2 9527.72 9519.94 9516.74 9509.51 9499.01 9488.56 9485.78 9486.87 9483.99 9474.3 9461.2 9442.8 9429.29 9456.65 9459.7 9456.11 9461.99 9459.95 9460.36 9431.82 9430.18 9425.41 9419.3 9417.48 9416.99 9416.45 9415.92 9415.46 9409.03
10086.8 10071.7 10038.7 9985.25 9950.03 9952.93 9964.28 9982.74 10008.6 10005 9958.04 9907.51 9858.2 9810.98 9763.72 9722.24 9708.51 9720.29 9745.12 9766.57 9750.39 9723.27 9692.65 9657.36 9636.87 9624.6 9612.63 9603.32 9590.46 9576.92 9563.49 9550.93 9537.2 9525.25 9515.31 9510.95 9520.55 9520.18 9517.55 9516.43 9509.24 9498.21 9487.94 9478.84 9480.06 9487.25 9481.4 9472.1 9461.19 9447.8 9426.71 9442.42 9460.77 9462.9 9461.32 9453.8 9443.26 9440.29 9433.55 9427.68 9421.62 9418.14 9416.32 9414.41 9412.86 9410.21 9405.69
10058.9 10042.7 10003.5 9957.93 9927 9930.13 9941.71 9960.09 9981.79 9981.3 9938.18 9892.4 9845.33 9799.19 9753.8 9715.87 9705.48 9718.36 9743.83 9757.47 9753 9738.1 9708.5 9666.19 9649.04 9631.3 9615.16 9601.15 9587.52 9572.8 9558.14 9544.16 9529.74 9514.97 9502.88 9496.98 9496.64 9503.24 9504.59 9502.36 9495.97 9488.08 9479.8 9474.01 9477.22 9483.39 9479.18 9472.09 9465.81 9462.76 9450.68 9475.34 9474.57 9469.32 9462.15 9449.9 9441.96 9446.39 9439.79 9432.51 9425.89 9419.86 9415.74 9412.72 9409.94 9406.33 9402.79
10027 10008.2 9969.47 9934.38 9916.08 9906.17 9911.93 9922.11 9927.96 9919.02 9900.15 9874.94 9837.57 9790.19 9746.4 9715.72 9705.94 9712.93 9732.18 9743.18 9739.66 9722.76 9693.17 9675.87 9659.05 9637.95 9618.91 9601.86 9585.7 9569.56 9553.97 9538.62 9523.03 9507.69 9492.71 9480.45 9483.86 9493.28 9493.02 9489.44 9484.71 9479.8 9474.56 9468.11 9472.77 9477.32 9474.7 9469.76 9465.45 9463.8 9464.11 9475.64 9486.18 9494.05 9450.63 9448.63 9450.53 9453.5 9442.78 9434.53 9428.06 9420.11 9414.59 9410.38 9406.85 9405.77 9400.44
9981.66 9958.97 9927.11 9899.68 9879.26 9874.95 9878.27 9881.98 9878.89 9866.51 9859.72 9851.26 9826.03 9777.44 9735.63 9706.45 9700.93 9719.74 9733.16 9733.82 9717.54 9689.52 9664.48 9674.52 9659.68 9638.48 9619.09 9601.21 9583.08 9566.56 9549.62 9533.51 9516.82 9501.9 9487.4 9478.18 9481.2 9486.13 9484.06 9479.9 9476.6 9475.36 9474.43 9472.42 9472.35 9472.88 9468.85 9464.62 9459.87 9452.78 9456.85 9466.55 9482.38 9490.37 9465.37 9455.76 9449.85 9449.62 9442.13 9430.63 9421.87 9416.7 9412.92 9408.82 9403.28 9396.71 9397.8
9931.16 9905.67 9882.09 9861.64 9844.59 9841.81 9844.44 9846.28 9843.24 9830.02 9827.17 9813.69 9788.91 9756.23 9721.24 9693.3 9688.92 9725.55 9735.84 9726.75 9703.2 9674.68 9651.92 9652.71 9644.84 9630.44 9614.09 9596.58 9579.23 9563.41 9546.13 9529.89 9513.49 9498.93 9486.47 9476.78 9477.16 9477.57 9476.82 9473.63 9470.16 9473.4 9476.82 9478.28 9469.23 9464.25 9463.62 9459.86 9455.66 9451.91 9445.45 9455.06 9466.89 9472.54 9467.37 9467.67 9469.77 9458.72 9442.86 9425.05 9414.82 9413.98 9412.46 9409.96 9406.93 9403.33 9399.7
9901.85 9867.82 9841.11 9823.86 9813.6 9811.41 9814.37 9818.47 9821.31 9826.23 9811.24 9790.1 9762.52 9733.56 9708.05 9685.88 9676.62 9718.13 9730.42 9716.92 9693.77 9672.34 9653.89 9642.96 9630.37 9618.66 9604.28 9588.64 9572.12 9555.9 9540.34 9524.36 9509.07 9495.1 9483.39 9474.13 9469.78 9472.72 9471.92 9470.14 9470.19 9474.19 9479.49 9480.93 9473.66 9465.6 9461.44 9457.19 9452.61 9448.92 9446.83 9454.07 9454.03 9452.37 9460.66 9472.52 9479.94 9463.56 9446.45 9429.29 9417.9 9415.99 9413.65 9411.88 9410.44 9407.97 9402.45
