real_craters/C190-300m.grd
DSAA
597 597
-89.4075 89.4075
-89.4075 89.4075
7966.602411219 10594.903495532
[rows 540 to 569 of 597, columns 67 to 133 of 597]
9569.03 9576.23 9584.12 9590.1 9590.71 9589.65 9589.76 9590.63 9592.22 9594.07 9596.51 9599.38 9602.24 9604.89 9605.53 9606.36 9606.27 9605.77 9604.98 9603.55 9602.93 9609.24 9614.79 9616.16 9618.5 9617.46 9614.74 9615.82 9615.04 9613.03 9610.71 9609.06 9605.67 9599.44 9599.91 9600.9 9601.23 9601.17 9601.03 9600.5 9599.34 9600.56 9602.73 9605.68 9608.99 9612.3 9615.73 9619.24 9624.21 9627.76 9631.5 9635.05 9639.45 9643.74 9648.52 9654.14 9660.69 9668.87 9676.86 9685.81 9694.14 9705.13 9712.74 9719.45 9726.08 9733.29 9742.95
9570.57 9578.3 9587.32 9595.15 9591.83 9588.93 9588.23 9589.01 9590.96 9593.15 9595.6 9598.22 9600.26 9601.68 9602.18 9603.38 9605.35 9606.7 9606.81 9605.39 9604.06 9609.83 9615.46 9620.15 9622.22 9622.56 9621.59 9618.65 9616.45 9613.67 9610.83 9608.26 9604.96 9601.55 9602.66 9602.2 9602.1 9601.74 9600.66 9599.1 9599.2 9600.86 9603.22 9606.08 9609.24 9612.46 9615.87 9619.23 9623.19 9627.15 9631.16 9635.33 9641 9645.53 9650.47 9656.04 9662.37 9669.74 9679.89 9692.13 9708.71 9711.46 9714.71 9720.05 9727.58 9737.23 9749.1
9574.7 9579.32 9584.2 9588.58 9586.05 9584.55 9585.02 9586.64 9588.86 9591.42 9594.34 9596.97 9599.11 9600.2 9600.27 9602.07 9606.02 9609.15 9611.19 9611.98 9612.03 9616.53 9622.32 9626.38 9627.61 9626.67 9624.23 9621.37 9618.14 9614.72 9610.85 9607.02 9605.29 9603.94 9603.61 9603.15 9603.12 9602.94 9601.88 9599.03 9599.6 9602.16 9604.39 9607.31 9610.04 9613.28 9616.78 9620.52 9623.88 9627.92 9632.12 9636.54 9641.34 9646.24 9651.47 9657.12 9663.71 9671.63 9680.83 9692.15 9703.66 9709.32 9713.55 9718.76 9725.65 9738.83 9754
9582.06 9579.64 9577.68 9575.17 9575.52 9577.69 9580.47 9583.51 9586.79 9589.86 9592.98 9595.98 9598.83 9600.68 9601.41 9603.72 9608.89 9613.22 9617.19 9621.31 9624.8 9626.08 9629.55 9634.42 9632.68 9630.81 9627.23 9623.03 9619.69 9616.38 9612.5 9608.23 9607.7 9608.09 9604.03 9604.46 9604.56 9604.89 9605.5 9604.72 9603.1 9604.18 9605.8 9608.63 9611.48 9614.81 9618.46 9622.37 9625.86 9630.13 9634.23 9638.87 9642.57 9647.62 9653.07 9658.45 9664.42 9670.58 9679.31 9689.32 9695.94 9704.2 9711.53 9716.73 9722.45 9736.83 9756.95
9588.36 9579.43 9571.94 9565.08 9565.79 9571.16 9576.13 9580.4 9584.33 9588.13 9591.95 9595.6 9599.7 9603.41 9606.16 9609.45 9614.2 9617.34 9621.14 9626.95 9631.07 9630.73 9642.11 9642.19 9634.43 9628.06 9625.63 9623.55 9621.1 9618.74 9616.34 9613.09 9612.59 9614.29 9609.67 9606.68 9605.98 9606.34 9608.28 9609.37 9606.42 9605.9 9606.96 9609.35 9612.28 9615.43 9619.2 9623.66 9627.81 9632.28 9636.9 9641.63 9645.92 9650.52 9655.57 9660.67 9665.65 9670.7 9678.96 9689.51 9699.49 9707.48 9712.18 9716.56 9722.67 9738.38 9758.06
9586.99 9577.62 9569.06 9560.34 9561.46 9567.96 9573.4 9577.96 9582.24 9586.28 9590.53 9595.32 9600.35 9606.04 9612.79 9620.18 9619.8 9619.4 9620.94 9624.12 9626.33 9624.6 9629.53 9635.79 9631.43 9626.49 9624.82 9623.58 9622.03 9620.42 9619.58 9618.18 9616.96 9617.15 9611.26 9608.26 9606.38 9605.5 9605.48 9606.79 9607.02 9606.6 9607.34 9609.56 9612.42 9616.16 9620.07 9624.33 9628.95 9633.7 9638.61 9643.96 9649 9653.87 9658.91 9663.81 9668.8 9673.73 9681.35 9692.08 9702.47 9710.48 9714.71 9718.85 9725.17 9743.81 9765.76
9580.25 9574.92 9569.35 9564.48 9564.76 9568.89 9572.8 9576.36 9580.46 9584.53 9589.23 9594.02 9599.7 9606.34 9614.73 9624.55 9620.85 9617.99 9616.86 9615.72 9616.28 9616.98 9618.69 9623.52 9625.76 9626.06 9624.67 9623.32 9622.07 9620.74 9618.85 9615.56 9617.84 9620.96 9614.34 9609.15 9606.22 9603.91 9601.58 9601.91 9604.35 9605.57 9607.45 9610.27 9613.58 9616.83 9621.05 9625.5 9630.24 9635.81 9640.93 9646.2 9651.55 9657.05 9662.32 9667.86 9673.48 9679.19 9686.61 9695.92 9704.82 9712.94 9718 9723.62 9731.09 9751.03 9772.66
9574.68 9572.47 9571.12 9570.98 9572.12 9572.58 9573.2 9575.24 9578.3 9582.24 9587.1 9591.56 9597.29 9603.02 9609.28 9614.89 9614.98 9613.44 9611.88 9609.59 9610.06 9612.74 9611.89 9612.54 9619.31 9624.13 9622.94 9622.13 9621.46 9620.57 9618.43 9614.76 9616.36 9618.13 9612.72 9608.78 9606.12 9603.51 9600.65 9600.38 9600.75 9604.06 9607.51 9610.96 9614.93 9618.69 9623.25 9628.14 9633.28 9637.82 9642.89 9648.49 9654.23 9660.49 9666.46 9672.58 9678.93 9685.8 9693.25 9700.64 9707.09 9712.78 9722.07 9730.65 9740.52 9758.35 9776.24
9570.18 9569.57 9571.05 9576.87 9581.68 9574.27 9572.07 9573.04 9575.89 9579.57 9583.92 9588.39 9593 9597.66 9601.52 9603.61 9606.2 9608.38 9608.43 9606.49 9606.4 9605.23 9605 9607.43 9612.7 9617.15 9619.19 9619.89 9620.06 9620.02 9619.65 9615.87 9614.56 9613 9611.26 9608.68 9606.72 9605.04 9603.44 9602.69 9602.87 9604.97 9607.79 9611.25 9614.76 9619.7 9624.62 9629.89 9635.42 9640.59 9646.21 9652.28 9657.98 9664 9670.48 9677.28 9684.62 9692.37 9699.72 9706.94 9712.58 9718.6 9728.27 9738.49 9749.5 9761.88 9772.62
9565.62 9565.06 9565.98 9568.89 9571.2 9567.12 9567.29 9569.57 9572.88 9576.74 9580.75 9585.06 9589.1 9592.34 9594.68 9595.28 9599.12 9604.75 9608.59 9609.03 9606.8 9604.24 9601.79 9602.35 9607.96 9612.58 9615.32 9617.04 9618.02 9618.59 9617.1 9614.67 9614.31 9613 9610.83 9608.85 9607.72 9607.06 9606.87 9606.11 9605.67 9606.47 9608.13 9611.1 9615.43 9620.05 9625.31 9630.96 9637.72 9643.1 9649.32 9655.54 9662.15 9668.05 9674.59 9681.8 9689.76 9698.73 9708.47 9713.5 9719.31 9726.45 9735.06 9744.26 9753.94 9759.69 9763.67
9561.09 9560.17 9558.92 9555.91 9549.18 9556.18 9561.15 9565.32 9569.58 9573.73 9578.11 9582.27 9585.88 9588.87 9590.61 9591.81 9595.61 9602.43 9610.06 9614.46 9607.13 9601.42 9599.09 9600.33 9604.79 9608.89 9612.01 9614.44 9616.11 9617 9616.15 9614.24 9615.21 9614.43 9611.26 9609.25 9608.68 9608.77 9608.43 9607.6 9607.04 9607.18 9607.83 9611.02 9615.4 9620.41 9625.89 9631.88 9638.65 9644.91 9651.59 9659.24 9664.98 9671.9 9678.95 9686.23 9693.67 9701.32 9709.42 9716.39 9724.37 9733.17 9740.17 9746.1 9751.22 9753.9 9753.01
9558.08 9556.39 9553.82 9550.47 9548.75 9551.38 9556.76 9561.95 9566.78 9571.57 9576.18 9580.6 9584.33 9587.3 9589.05 9590.01 9592.83 9599.26 9605.67 9609.42 9601.8 9594.68 9595.64 9598.15 9602.03 9605.35 9608.57 9611.62 9613.97 9615.29 9615.03 9613.83 9614.54 9613.71 9611.06 9609.24 9609.42 9609.89 9609.94 9607.6 9604.69 9603.7 9606.44 9610.67 9615.47 9621 9626.81 9632.56 9639.11 9645.91 9654.29 9661.27 9668.48 9675.82 9683.48 9690.51 9697.27 9703.38 9708.45 9717.24 9727.7 9736.79 9742.84 9745.74 9747.56 9748.79 9750.03
9556.17 9554.02 9551.37 9548.61 9546.71 9549.62 9554.68 9559.9 9565.34 9570.44 9575.29 9579.53 9583.27 9586.73 9589.35 9591.19 9593.24 9595.97 9596.5 9595.07 9592.64 9591.77 9591.71 9594.85 9596.93 9600.74 9604.97 9608.86 9611.99 9613.62 9612.6 9612.55 9612.09 9611.93 9611 9610.06 9610.45 9610.43 9609.46 9607.19 9602.55 9600.83 9605.23 9610.47 9616.03 9621.92 9628.06 9634.72 9641.63 9648.69 9655.69 9662.88 9670.44 9678.31 9685.83 9693.38 9700.77 9706.86 9711.96 9720.46 9730.82 9739.78 9744.22 9743.77 9743.08 9743.28 9750.23
9555.18 9552.9 9550.58 9548.78 9548.5 9550.26 9554.1 9558.92 9564.01 9569.19 9574.38 9579.11 9583.13 9586.95 9590.57 9593.87 9597.24 9593.96 9590.84 9587.83 9583.58 9581.02 9587.21 9591.65 9592.71 9596.68 9601.46 9606.18 9610.54 9613.84 9614 9612.93 9612.46 9611.83 9611.66 9612.28 9612.35 9612.01 9611.13 9609.09 9604.92 9603.38 9606.2 9610.94 9616.49 9622.74 9629.28 9636.23 9643.46 9651.2 9658.85 9666.16 9673.63 9681.95 9689.85 9697.89 9705.31 9712.45 9719.2 9726.66 9733.93 9739.75 9742.13 9739.52 9737.36 9736.03 9735.24
9554.72 9552.6 9550.59 9549.28 9549.23 9550.62 9553.72 9558.33 9563.46 9568.58 9573.69 9578.64 9583.36 9587.67 9591.42 9594.42 9593.49 9592.28 9587.73 9584.81 9584.38 9584.3 9585.25 9588 9589.51 9593.49 9598.56 9603.76 9608.85 9613.84 9615.65 9613.66 9611.93 9612.38 9612.34 9612.76 9615.21 9617.25 9616.18 9613.38 9609 9607.26 9608.38 9611.88 9616.97 9622.96 9629.62 9636.8 9644.28 9652.87 9660.78 9668.84 9677.09 9685.26 9693.4 9701.31 9709.73 9718.21 9726.79 9733.53 9736.18 9737.12 9736.19 9734.74 9732.55 9730.55 9737.57
9554.92 9552.53 9550.73 9549.41 9548.77 9549.99 9553.48 9558.01 9562.88 9568.09 9573.44 9578.55 9583.37 9588.04 9592.39 9596.02 9599.13 9592.77 9586.02 9583.36 9582.95 9583.43 9583.94 9584.67 9586.04 9590.95 9596.18 9601.06 9605.64 9610.3 9611.36 9613.27 9614.49 9614.26 9613.67 9613.1 9618.52 9625.66 9623.5 9618.02 9612.6 9610.44 9610.47 9613.24 9618.13 9624.11 9630.73 9638 9645.72 9653.66 9661.83 9671.08 9679.56 9688.16 9696.74 9705.09 9713.69 9722.59 9731.16 9737.18 9736.68 9736.02 9739.7 9734.55 9731.96 9729.62 9736.27
9555.04 9552.94 9551.28 9549.84 9548.79 9549.63 9553.7 9558.24 9563.08 9568.28 9573.64 9578.72 9584.01 9588.83 9593 9596.56 9597.58 9592.53 9585.31 9583.46 9582.85 9583.21 9583.46 9583.73 9585.51 9589.72 9594.63 9598.96 9602.04 9602.79 9605.74 9612.36 9617.29 9616.88 9616.62 9616.75 9620.95 9627.06 9625.41 9620.54 9614.59 9611.64 9611.05 9614.13 9619.5 9625.68 9632.67 9639.53 9647.92 9656.04 9664.38 9672.92 9681.48 9690.92 9699.3 9708.17 9716.7 9725.1 9732.1 9736.38 9735.61 9730.48 9719.38 9736.49 9733.7 9728.89 9730.28
9555.23 9553.6 9552.22 9551.09 9550.52 9551.83 9555.08 9559.46 9564.24 9569.23 9574.65 9579.92 9585.11 9589.87 9593.98 9597.14 9597.22 9593.76 9588.26 9586.65 9585.8 9585.24 9584.65 9584.21 9585.19 9589.73 9594.2 9598.46 9601.31 9601.67 9603.79 9610.74 9616.66 9619.55 9621.06 9622.16 9623.83 9624.21 9624.94 9621.89 9615.56 9610.4 9610.28 9614.39 9620.44 9626.9 9634.08 9641.78 9649.9 9658.18 9667.24 9675.76 9684.35 9693.27 9701.78 9710.19 9718.77 9726.26 9733.1 9736.96 9736.33 9733.28 9737.12 9735.25 9735.79 9736.41 9734.58
9555.56 9554.28 9553.19 9552.63 9552.53 9553.89 9556.64 9560.74 9565.61 9570.65 9576.01 9580.8 9585.94 9590.82 9594.88 9597.82 9598.84 9596.31 9592.9 9590.91 9590.65 9588.28 9586.75 9586.34 9588.32 9590.8 9594.84 9599.58 9603.98 9604.27 9605.71 9611.47 9618.04 9623.78 9626.78 9628.88 9630.87 9630.41 9628.66 9624.6 9617.69 9612.22 9611.38 9615.6 9621.66 9628.1 9635.41 9643.22 9651.46 9659.78 9669.52 9678.1 9687.2 9695.62 9703.95 9712.03 9719.77 9727.11 9733.83 9738.48 9737.56 9734.97 9733.54 9730.95 9736.32 9741.04 9737.78
9556.58 9555.47 9554.61 9554.07 9554.19 9555.23 9558.04 9562.09 9566.81 9571.94 9577.47 9582.2 9587.44 9592.06 9595.89 9598.7 9600.5 9598.03 9592.49 9592.81 9593.9 9589.9 9588.01 9588.75 9589.98 9591.31 9595.05 9600.48 9607.11 9610.58 9612.46 9619.5 9626.31 9631.71 9634.28 9634.62 9635.61 9638.79 9634.25 9628.95 9621.66 9616.36 9615.1 9618.09 9623.6 9631.05 9638.47 9646.37 9654.72 9663.24 9671.81 9680.49 9690.1 9697.59 9706.55 9713.62 9720.79 9727.84 9732.95 9736.79 9735.41 9733.02 9731.71 9731.35 9734.27 9735.99 9731.68
9557.18 9556.34 9555.48 9555.01 9555.3 9557.22 9559 9562.95 9567.77 9573.34 9579.02 9584.32 9589.52 9593.94 9597.42 9599.37 9600.33 9598.58 9594.2 9591.75 9590.29 9589.12 9587.31 9585.69 9585.75 9589.81 9594.71 9600.44 9606.32 9611.66 9620.02 9630.57 9638.42 9643.43 9644.85 9643.18 9641.17 9642.12 9639.62 9634.2 9626.64 9621.81 9620.79 9621.57 9626.18 9632.58 9639.55 9647.26 9655.52 9663.93 9672.38 9682.09 9690.66 9698.98 9707.73 9715.17 9721.96 9727.47 9731.31 9730.74 9731.35 9731.13 9730.29 9730.45 9731.78 9733.64 9733.64
9558.15 9556.99 9556.15 9555.52 9555.47 9555.76 9558.21 9563.33 9569.09 9574.8 9580.64 9586.45 9591.73 9596.14 9599.39 9601.17 9599.82 9594.88 9594.36 9591.56 9589.6 9588.92 9587.63 9585.92 9587.54 9590.55 9594.71 9600 9607.32 9611.21 9627.23 9642.64 9653.03 9657.93 9658.55 9655.79 9650.53 9651.52 9646.6 9639.92 9631.76 9625.24 9620.12 9624.95 9629.91 9635.44 9641.98 9649.3 9657.58 9665.81 9675.86 9684.48 9693.59 9702.67 9710.46 9717.76 9724.61 9729.25 9732.51 9732.76 9732.85 9731.94 9730.19 9729.93 9726.82 9726.68 9731.02
9559.17 9558.15 9557.1 9556.29 9555.79 9555.26 9557.95 9563.7 9569.87 9576.33 9582.92 9589.52 9595 9599.93 9603.29 9604.78 9604.45 9603.52 9597.79 9593.29 9591.11 9590.63 9590.38 9590.26 9590.86 9592.45 9595.38 9599.18 9603.62 9611.88 9638.44 9663.16 9670.62 9673.35 9673.97 9672.12 9669.79 9663.33 9653.82 9645.56 9638.24 9631.47 9630.93 9630.98 9635.08 9640.7 9647.07 9654.55 9662.15 9670.12 9678.42 9686.11 9693.76 9701.9 9710 9717.29 9724 9730.33 9734.85 9737.04 9737.37 9735.84 9734.63 9734.53 9722.8 9718.29 9722.5
9560.2 9559.08 9558.06 9557.26 9556.61 9556.63 9558.93 9564.86 9571.46 9578.24 9585.16 9591.64 9597.93 9603.55 9607.28 9610.15 9610.61 9606.49 9600.39 9595.14 9593.03 9593.39 9594.5 9594.13 9593.63 9594.37 9597.16 9600.56 9604.06 9618.35 9652.79 9678.79 9686.82 9688.2 9687.7 9686.49 9681.09 9670.53 9658.54 9649.83 9642.91 9636.62 9633.84 9635.87 9639.5 9644.31 9650.5 9657.35 9665.04 9673.51 9681.66 9690.12 9698.5 9706.02 9714.12 9720.1 9726.65 9733.23 9739.53 9743.04 9743.83 9740.58 9736.29 9729.87 9719.89 9714.95 9718.33
9561.39 9560.41 9559.6 9558.73 9558.37 9558.07 9559.99 9566.25 9573.01 9580.07 9587.09 9594.28 9600.98 9607.62 9613.16 9617.09 9618.3 9613.11 9603.55 9597.78 9594.25 9595.49 9599.47 9599.3 9595.93 9596.4 9600.57 9606.08 9612.77 9631.47 9670.77 9696.97 9698.76 9697.95 9696.96 9695.69 9689.26 9670.58 9658.96 9651.72 9646.02 9640.63 9639.99 9640.56 9643.62 9648.6 9654.69 9661.84 9669.15 9676.79 9684.69 9692.62 9699.82 9707.34 9715.02 9722.52 9729.77 9736.54 9743.35 9748.65 9751.29 9744.2 9736.09 9725.35 9716.99 9714.49 9717.69
9563.08 9562.17 9561.46 9560.84 9560.63 9561.23 9564.28 9568.38 9575.03 9582.15 9589.09 9596.53 9603.92 9611.56 9618.28 9623.81 9627.21 9623.14 9607.2 9589.73 9593.47 9595.79 9597.81 9597.57 9595.72 9597.17 9605.09 9614.76 9622.21 9642.33 9680.32 9701.91 9701.01 9699.55 9698.98 9697.26 9685.4 9663.37 9656.26 9651.52 9647.86 9643.21 9641.63 9643.03 9647.09 9652.38 9658.29 9664.87 9672.25 9679.31 9686.65 9695 9702.75 9710.44 9717.74 9725.01 9731.34 9737.47 9745.01 9750.11 9752.33 9744.99 9736 9726.74 9717.73 9715.64 9717.4
9565.49 9564.14 9563.46 9563.31 9563.35 9563.28 9561.79 9570.97 9577.52 9584.16 9591.2 9598.92 9606.66 9614.62 9622.13 9628.7 9633.98 9629.23 9613.11 9604.36 9597.68 9596.73 9596.56 9596.17 9595.23 9597.22 9609.48 9624.82 9634.84 9645.14 9668.88 9685.96 9691.39 9693.68 9694.53 9692.69 9679.64 9659.18 9654.8 9651.95 9649.72 9645.65 9643.75 9645.52 9650.57 9656.08 9662.35 9668.91 9675.69 9682.99 9690.05 9697.45 9704.74 9711.72 9719.09 9726.82 9732.37 9738.42 9744.32 9747.92 9748.81 9743.73 9737.3 9729.26 9719.3 9715.52 9715.07
9567.27 9566.25 9565.57 9565.49 9566.35 9568.57 9574.63 9575.97 9580.28 9586.08 9592.53 9600.26 9607.89 9615.77 9623.5 9630.16 9635.59 9627.88 9612.02 9605.61 9601.52 9598.98 9597.21 9597.46 9597.83 9600.48 9612.35 9627.41 9636 9638.44 9645.59 9663.17 9676.69 9683.66 9686.29 9684.59 9675.09 9660.98 9656.59 9654.34 9652.67 9649.46 9648.79 9650.7 9655.14 9660.5 9666.93 9673.58 9680.3 9687.31 9693.83 9700.7 9707.67 9714.1 9720.41 9727.54 9733.21 9738.79 9743.93 9745.37 9743.52 9741.65 9738.8 9734.59 9723.34 9713.01 9711.72
9569.62 9568.67 9567.86 9567.65 9568.74 9570.91 9574.54 9577.92 9581.26 9586.97 9594.04 9601.69 9609.08 9616.45 9623.25 9628.47 9632.07 9622.9 9608.93 9606.54 9604.6 9602.71 9600.51 9601.36 9603.24 9607.83 9613.16 9619.51 9623.36 9628.36 9633.26 9650.57 9666.09 9674.8 9678.16 9676.04 9670.06 9663.54 9660 9657.86 9656.68 9654.26 9654.83 9657.36 9660.24 9665.9 9672.18 9678 9684.82 9691.21 9698.33 9704.56 9711.79 9717 9723.04 9728.32 9733.91 9738.62 9742.91 9744.05 9742.21 9739.65 9737.93 9735.61 9726.53 9714.03 9710.05
9571.48 9569.63 9568.97 9568.14 9568.85 9571.14 9575.74 9577.33 9580.74 9586.67 9593.77 9601.19 9609.31 9616.22 9622.05 9625.21 9625.28 9620.07 9613.11 9609.82 9608.93 9608.13 9607.17 9605.59 9606.92 9611.97 9611.85 9609.04 9613.49 9625.51 9637.24 9650.51 9662.77 9670.64 9673.79 9672.4 9669.41 9666.04 9663.93 9662.35 9661.6 9659.64 9659.31 9660.16 9665.03 9671.13 9677.22 9683.36 9689.92 9696.01 9702.52 9709.41 9715.44 9721.35 9726.75 9730.43 9735.35 9739.42 9742.49 9744.9 9745.07 9738.75 9735.86 9732.63 9724.76 9714.18 9708.72
