real_craters/C190-750m.grd
DSAA
239 239
-89.4075 89.4075
-89.4075 89.4075
7967.1868329395 10578.39573617
[rows 37 to 73 of 239, columns 83 to 165 of 239]
9305 9307 9312 9312 9315 9315 9311 9308 9308 9308 9317 9323 9316 9299 9292 9291 9288 9283 9278 9274 9264 9250 9244 9243 9238 9239 9247 9232 9240 9248 9246 9261 9270 9268 9266 9273 9293 9320 9336 9326 9319 9315 9307 9297 9289 9287 9291 9295 9314 9336 9348 9343 9348 9346 9342 9337 9333 9326 9316 9305 9309 9308 9310 9308 9296 9283 9276 9293 9315 9306 9291 9283 9281 9283 9284 9286 9286 9284 9282 9276 9277 9295 9299
9316 9315 9316 9337 9323 9313 9307 9305 9307 9315 9317 9322 9312 9299 9292 9289 9286 9283 9279 9274 9265 9257 9248 9244 9239 9242 9247 9238 9240 9243 9245 9267 9271 9276 9277 9276 9299 9315 9322 9326 9324 9319 9310 9298 9287 9284 9298 9302 9321 9338 9345 9348 9345 9345 9343 9338 9333 9326 9318 9307 9292 9307 9313 9309 9297 9284 9279 9298 9321 9309 9287 9275 9286 9300 9299 9292 9290 9294 9285 9280 9285 9301 9305
9345 9339 9329 9325 9313 9305 9299 9296 9294 9296 9304 9306 9303 9295 9290 9288 9286 9285 9282 9277 9270 9259 9253 9246 9243 9244 9247 9246 9247 9249 9251 9273 9294 9286 9283 9292 9308 9319 9325 9328 9328 9324 9312 9298 9288 9288 9304 9309 9329 9342 9345 9339 9333 9338 9342 9338 9333 9328 9319 9307 9307 9306 9315 9311 9299 9287 9285 9300 9316 9310 9287 9277 9296 9301 9306 9299 9289 9283 9283 9285 9298 9308 9307
9370 9355 9332 9300 9296 9294 9293 9290 9287 9288 9295 9295 9295 9290 9289 9289 9288 9286 9284 9279 9275 9269 9264 9256 9251 9247 9241 9247 9254 9261 9257 9275 9289 9292 9289 9300 9321 9330 9328 9327 9326 9326 9305 9299 9295 9296 9314 9335 9342 9342 9335 9324 9322 9329 9336 9337 9334 9331 9327 9311 9309 9307 9306 9306 9299 9290 9284 9303 9316 9313 9299 9292 9312 9354 9321 9300 9286 9272 9280 9287 9294 9304 9304
9371 9351 9331 9310 9295 9292 9290 9287 9284 9286 9294 9300 9294 9291 9289 9290 9291 9290 9286 9279 9278 9273 9267 9275 9274 9252 9245 9250 9255 9262 9259 9272 9309 9295 9285 9290 9341 9341 9333 9327 9317 9299 9297 9303 9311 9321 9334 9349 9353 9350 9340 9324 9320 9332 9338 9337 9335 9330 9321 9308 9315 9312 9310 9308 9302 9298 9299 9308 9318 9319 9309 9302 9300 9295 9301 9287 9276 9276 9282 9289 9294 9299 9302
9352 9330 9328 9317 9302 9295 9292 9289 9286 9285 9288 9289 9287 9285 9289 9292 9294 9296 9297 9294 9287 9282 9279 9265 9248 9246 9243 9245 9250 9250 9250 9270 9305 9295 9288 9305 9328 9341 9340 9331 9319 9309 9306 9307 9317 9329 9337 9351 9360 9363 9347 9332 9322 9330 9336 9336 9334 9329 9321 9310 9324 9323 9321 9313 9304 9297 9298 9309 9321 9325 9312 9294 9297 9288 9289 9277 9273 9280 9289 9298 9300 9301 9300
9346 9326 9332 9325 9303 9298 9295 9293 9293 9288 9285 9285 9288 9288 9291 9294 9297 9299 9303 9305 9294 9286 9275 9259 9244 9242 9240 9245 9249 9254 9257 9267 9278 9292 9294 9316 9337 9343 9337 9325 9315 9309 9306 9306 9313 9327 9340 9353 9361 9368 9360 9330 9327 9327 9335 9337 9334 9330 9323 9315 9322 9326 9323 9317 9307 9296 9298 9308 9319 9326 9317 9318 9319 9317 9296 9282 9275 9282 9294 9308 9310 9308 9304
9342 9323 9323 9318 9310 9302 9298 9296 9294 9289 9285 9287 9291 9294 9295 9297 9297 9298 9297 9295 9294 9289 9277 9270 9251 9245 9249 9245 9250 9259 9269 9277 9296 9302 9311 9335 9365 9346 9329 9317 9312 9303 9295 9303 9314 9334 9355 9361 9360 9366 9364 9346 9334 9348 9344 9340 9336 9330 9326 9314 9323 9329 9327 9322 9316 9307 9306 9310 9311 9308 9310 9313 9312 9308 9299 9290 9282 9287 9299 9312 9315 9309 9306
9353 9347 9324 9315 9309 9304 9301 9297 9295 9288 9285 9288 9294 9297 9297 9297 9299 9299 9298 9296 9293 9291 9294 9277 9253 9249 9258 9246 9250 9256 9269 9291 9307 9304 9313 9351 9351 9337 9329 9320 9310 9302 9299 9306 9323 9343 9366 9375 9367 9370 9362 9356 9345 9352 9347 9341 9335 9331 9322 9319 9317 9332 9329 9327 9330 9338 9325 9315 9307 9299 9299 9299 9296 9297 9299 9297 9293 9295 9304 9311 9313 9314 9309
9364 9353 9331 9321 9316 9309 9304 9298 9293 9288 9283 9288 9294 9297 9297 9297 9298 9300 9305 9297 9291 9284 9275 9264 9256 9252 9249 9250 9256 9264 9284 9303 9317 9314 9329 9369 9378 9345 9340 9341 9322 9309 9305 9313 9330 9350 9369 9382 9377 9379 9393 9352 9350 9351 9347 9341 9336 9332 9332 9323 9320 9335 9336 9335 9341 9339 9333 9320 9308 9298 9294 9295 9295 9297 9301 9305 9296 9300 9308 9317 9316 9315 9309
9350 9340 9334 9325 9318 9313 9306 9300 9295 9290 9288 9290 9297 9296 9296 9299 9299 9299 9296 9294 9288 9279 9265 9255 9258 9256 9250 9257 9266 9277 9305 9313 9315 9323 9348 9371 9364 9352 9343 9330 9321 9313 9311 9323 9340 9358 9373 9390 9390 9295 9400 9351 9349 9346 9344 9341 9337 9333 9330 9323 9329 9341 9341 9341 9348 9364 9337 9323 9313 9302 9300 9300 9299 9300 9299 9299 9304 9308 9312 9316 9315 9314 9305
9339 9332 9324 9328 9327 9318 9307 9300 9294 9292 9288 9288 9288 9293 9295 9298 9299 9296 9289 9291 9288 9281 9269 9254 9252 9256 9255 9264 9279 9302 9324 9318 9326 9350 9366 9372 9376 9376 9346 9323 9312 9315 9324 9338 9353 9368 9379 9388 9383 9393 9363 9350 9347 9340 9342 9341 9340 9337 9335 9326 9337 9342 9359 9367 9332 9294 9324 9324 9320 9316 9315 9313 9308 9306 9301 9302 9312 9316 9316 9313 9309 9304 9298
9327 9336 9345 9333 9320 9311 9308 9303 9298 9296 9294 9292 9290 9292 9293 9294 9297 9298 9299 9294 9290 9286 9282 9270 9264 9266 9269 9267 9289 9320 9311 9312 9326 9347 9359 9368 9376 9353 9342 9322 9314 9321 9334 9355 9372 9375 9381 9385 9378 9379 9366 9360 9363 9348 9344 9343 9343 9343 9338 9335 9331 9340 9358 9364 9354 9345 9331 9329 9326 9326 9328 9334 9342 9313 9303 9307 9323 9323 9322 9317 9306 9295 9290
9326 9335 9342 9332 9322 9315 9309 9305 9302 9300 9298 9297 9298 9295 9295 9295 9296 9297 9299 9296 9294 9294 9295 9297 9282 9271 9274 9283 9305 9325 9310 9309 9314 9320 9341 9352 9355 9348 9341 9332 9321 9330 9345 9359 9369 9374 9376 9373 9368 9369 9368 9366 9357 9348 9346 9346 9345 9347 9341 9341 9338 9332 9342 9344 9351 9351 9341 9333 9330 9331 9335 9344 9340 9315 9305 9312 9325 9326 9325 9317 9304 9294 9288
9325 9329 9329 9328 9323 9316 9312 9305 9304 9304 9301 9297 9296 9298 9297 9296 9294 9292 9293 9294 9296 9298 9301 9306 9300 9292 9303 9326 9346 9317 9316 9318 9320 9324 9333 9342 9341 9339 9342 9339 9334 9341 9354 9365 9367 9370 9370 9365 9361 9365 9367 9366 9360 9350 9349 9350 9349 9348 9345 9346 9350 9340 9339 9340 9347 9351 9346 9340 9335 9332 9335 9345 9332 9312 9311 9323 9331 9326 9320 9308 9300 9293 9288
9330 9324 9322 9324 9324 9323 9318 9313 9310 9307 9306 9304 9303 9303 9301 9297 9294 9290 9289 9293 9296 9298 9302 9307 9311 9321 9325 9331 9327 9322 9323 9330 9335 9327 9337 9342 9344 9345 9343 9343 9340 9348 9358 9361 9367 9370 9371 9370 9369 9371 9377 9376 9353 9352 9353 9354 9354 9346 9341 9339 9341 9342 9337 9337 9353 9359 9353 9345 9337 9329 9325 9343 9338 9324 9326 9332 9332 9324 9313 9301 9297 9291 9286
9340 9327 9324 9324 9325 9326 9319 9315 9315 9315 9318 9323 9319 9313 9306 9300 9293 9289 9290 9292 9295 9298 9302 9307 9309 9317 9328 9331 9330 9326 9342 9358 9365 9339 9343 9344 9349 9350 9340 9345 9348 9356 9363 9371 9370 9374 9375 9374 9374 9376 9378 9370 9361 9358 9360 9362 9365 9365 9350 9350 9346 9337 9335 9322 9352 9360 9353 9346 9338 9330 9328 9349 9352 9339 9339 9337 9331 9322 9310 9302 9299 9296 9293
9357 9333 9326 9324 9323 9321 9318 9313 9322 9331 9334 9336 9332 9322 9313 9303 9294 9282 9284 9292 9296 9298 9297 9298 9305 9313 9330 9339 9345 9347 9363 9377 9381 9351 9342 9344 9346 9339 9348 9349 9360 9364 9368 9370 9377 9384 9385 9383 9384 9392 9386 9376 9366 9369 9367 9367 9370 9371 9357 9352 9348 9341 9342 9341 9352 9355 9352 9346 9340 9334 9331 9354 9362 9356 9347 9341 9331 9321 9312 9309 9305 9304 9302
9349 9333 9327 9325 9323 9322 9321 9323 9326 9335 9340 9349 9340 9329 9318 9307 9297 9298 9294 9296 9300 9303 9302 9305 9310 9314 9334 9346 9343 9360 9369 9377 9374 9355 9345 9347 9350 9351 9358 9344 9358 9375 9384 9391 9401 9401 9397 9394 9395 9393 9388 9384 9380 9376 9371 9368 9367 9365 9358 9351 9348 9348 9350 9344 9346 9348 9349 9346 9344 9342 9346 9364 9367 9350 9343 9340 9332 9321 9311 9309 9308 9307 9309
9346 9336 9329 9325 9323 9321 9322 9324 9324 9326 9337 9339 9342 9334 9322 9310 9298 9292 9296 9301 9308 9314 9320 9324 9328 9330 9342 9355 9364 9363 9370 9378 9372 9365 9347 9358 9361 9364 9344 9346 9379 9391 9402 9422 9430 9418 9408 9404 9401 9394 9388 9394 9372 9369 9373 9370 9362 9357 9353 9356 9352 9340 9344 9342 9341 9345 9349 9350 9351 9352 9357 9376 9371 9355 9342 9349 9336 9321 9307 9306 9305 9303 9298
9342 9331 9329 9326 9323 9322 9325 9325 9324 9332 9346 9355 9349 9340 9328 9315 9298 9287 9298 9307 9315 9325 9336 9334 9332 9336 9350 9361 9365 9365 9369 9370 9379 9366 9371 9379 9372 9359 9349 9356 9375 9396 9420 9437 9437 9427 9417 9408 9411 9400 9388 9386 9384 9386 9378 9373 9368 9363 9364 9367 9357 9336 9341 9338 9340 9347 9353 9356 9358 9363 9372 9388 9375 9356 9359 9352 9337 9321 9307 9305 9304 9301 9293
9337 9336 9332 9328 9325 9322 9321 9320 9317 9327 9353 9366 9357 9346 9334 9321 9304 9296 9305 9314 9322 9329 9331 9332 9327 9336 9349 9364 9363 9367 9373 9378 9391 9372 9394 9390 9380 9376 9374 9383 9383 9401 9430 9441 9435 9432 9424 9414 9408 9397 9385 9390 9391 9389 9382 9378 9376 9364 9364 9371 9356 9337 9340 9337 9341 9354 9359 9361 9364 9370 9379 9390 9377 9362 9359 9352 9336 9321 9310 9307 9304 9300 9295
9343 9338 9335 9332 9328 9324 9323 9319 9317 9327 9351 9363 9358 9350 9340 9329 9316 9310 9317 9323 9330 9336 9342 9337 9338 9341 9349 9365 9373 9377 9382 9390 9397 9392 9385 9388 9381 9376 9375 9388 9395 9410 9432 9444 9446 9440 9430 9419 9410 9406 9403 9401 9397 9390 9384 9380 9379 9383 9380 9374 9357 9341 9348 9350 9367 9370 9369 9370 9371 9373 9378 9384 9374 9353 9348 9343 9331 9320 9310 9309 9305 9300 9294
9365 9353 9341 9336 9331 9326 9320 9319 9320 9328 9343 9354 9355 9351 9346 9339 9329 9326 9330 9332 9335 9337 9342 9342 9340 9350 9364 9362 9375 9384 9387 9398 9409 9403 9405 9385 9378 9369 9370 9391 9407 9423 9438 9448 9455 9448 9436 9423 9414 9421 9415 9403 9400 9399 9387 9378 9373 9383 9384 9370 9365 9362 9362 9358 9375 9377 9375 9376 9376 9375 9372 9378 9383 9367 9352 9336 9325 9316 9313 9310 9305 9301 9298
9358 9354 9345 9339 9335 9332 9328 9322 9322 9330 9337 9348 9353 9352 9349 9345 9344 9342 9340 9339 9339 9338 9340 9349 9356 9365 9369 9368 9375 9376 9380 9383 9386 9395 9392 9387 9379 9373 9381 9395 9414 9429 9434 9450 9454 9454 9445 9439 9434 9424 9429 9408 9405 9397 9386 9379 9377 9384 9378 9376 9374 9369 9366 9359 9363 9371 9377 9380 9381 9383 9382 9389 9396 9393 9345 9332 9320 9310 9308 9308 9306 9302 9299
9347 9346 9343 9342 9341 9338 9332 9327 9327 9338 9351 9353 9352 9351 9349 9347 9351 9349 9346 9345 9346 9350 9354 9358 9371 9382 9388 9383 9374 9371 9376 9378 9382 9390 9395 9391 9383 9382 9390 9402 9421 9438 9446 9454 9464 9456 9448 9449 9446 9439 9427 9416 9416 9405 9397 9384 9371 9385 9376 9373 9379 9380 9376 9380 9378 9379 9380 9383 9387 9392 9397 9391 9392 9389 9329 9321 9315 9310 9307 9308 9306 9302 9297
9355 9348 9344 9346 9349 9351 9346 9339 9332 9343 9362 9355 9351 9348 9346 9343 9340 9346 9347 9348 9350 9352 9357 9362 9369 9384 9406 9409 9392 9391 9382 9373 9385 9386 9384 9379 9383 9386 9392 9413 9428 9441 9454 9457 9454 9449 9442 9441 9446 9443 9429 9424 9418 9412 9400 9389 9389 9376 9374 9374 9378 9381 9386 9382 9379 9378 9380 9385 9390 9396 9402 9390 9380 9376 9342 9322 9317 9320 9318 9311 9306 9302 9297
9370 9357 9348 9353 9356 9361 9365 9354 9343 9341 9340 9346 9346 9344 9342 9338 9337 9342 9348 9351 9353 9353 9360 9367 9373 9386 9400 9394 9395 9400 9392 9379 9384 9385 9379 9383 9383 9385 9389 9413 9432 9445 9459 9460 9458 9450 9440 9442 9441 9434 9437 9433 9430 9424 9411 9371 9374 9400 9380 9371 9380 9392 9390 9386 9377 9374 9381 9387 9391 9395 9393 9380 9366 9354 9341 9326 9319 9313 9312 9310 9306 9303 9299
9376 9369 9369 9363 9361 9361 9354 9349 9350 9345 9343 9342 9342 9341 9339 9334 9331 9342 9351 9358 9362 9364 9370 9377 9383 9388 9392 9392 9397 9404 9396 9385 9393 9390 9383 9383 9384 9385 9391 9417 9438 9453 9463 9462 9456 9445 9431 9441 9438 9429 9439 9440 9433 9423 9404 9387 9399 9397 9380 9374 9382 9392 9388 9377 9377 9383 9383 9387 9390 9392 9388 9368 9350 9349 9339 9328 9320 9317 9311 9308 9305 9302 9299
9376 9373 9371 9366 9361 9356 9352 9352 9349 9343 9340 9340 9339 9339 9338 9336 9341 9347 9358 9368 9375 9379 9381 9389 9390 9386 9391 9396 9399 9398 9393 9385 9391 9391 9385 9380 9384 9386 9395 9424 9444 9459 9467 9464 9457 9445 9434 9438 9442 9450 9451 9441 9440 9429 9402 9397 9378 9371 9378 9379 9382 9385 9380 9374 9381 9384 9386 9387 9387 9385 9377 9358 9343 9344 9338 9329 9319 9310 9309 9307 9304 9301 9298
9371 9372 9368 9367 9364 9357 9354 9350 9347 9339 9336 9338 9340 9340 9340 9337 9342 9353 9366 9379 9391 9396 9388 9379 9382 9389 9389 9397 9402 9404 9404 9397 9392 9391 9391 9382 9388 9393 9404 9426 9448 9458 9468 9467 9466 9462 9450 9436 9449 9470 9451 9442 9446 9441 9408 9408 9392 9377 9382 9384 9385 9383 9381 9392 9387 9386 9388 9387 9383 9373 9359 9351 9340 9338 9337 9331 9318 9311 9308 9308 9305 9301 9296
9373 9374 9374 9373 9370 9367 9361 9358 9351 9342 9340 9341 9342 9343 9343 9342 9347 9359 9373 9387 9403 9409 9392 9375 9377 9383 9389 9396 9405 9415 9417 9409 9401 9398 9398 9396 9399 9403 9413 9430 9455 9468 9475 9467 9469 9476 9461 9431 9446 9454 9456 9463 9460 9465 9442 9431 9401 9403 9400 9392 9390 9390 9395 9387 9391 9397 9393 9389 9384 9378 9367 9351 9341 9339 9338 9332 9321 9315 9314 9311 9307 9302 9297
9379 9378 9377 9376 9378 9376 9367 9365 9357 9349 9346 9347 9349 9350 9348 9348 9356 9368 9382 9393 9401 9403 9396 9387 9384 9383 9399 9404 9408 9416 9422 9412 9407 9406 9406 9408 9408 9414 9422 9434 9461 9478 9434 9459 9466 9459 9449 9446 9457 9463 9455 9480 9462 9450 9440 9433 9411 9401 9389 9391 9392 9395 9400 9398 9401 9396 9394 9391 9386 9380 9369 9354 9343 9346 9334 9325 9331 9329 9326 9318 9311 9304 9298
9386 9382 9376 9374 9378 9377 9368 9358 9355 9354 9352 9353 9355 9358 9359 9358 9366 9379 9389 9398 9401 9402 9400 9398 9401 9409 9425 9418 9411 9411 9406 9401 9401 9400 9409 9412 9413 9417 9426 9440 9475 9481 9501 9472 9470 9470 9454 9469 9460 9460 9480 9475 9462 9448 9432 9420 9422 9411 9395 9396 9394 9393 9395 9399 9403 9404 9399 9392 9386 9379 9368 9354 9343 9344 9339 9336 9348 9348 9334 9323 9317 9310 9302
9394 9390 9383 9376 9378 9376 9370 9359 9351 9351 9355 9359 9363 9368 9372 9383 9384 9390 9398 9407 9412 9414 9411 9407 9420 9432 9439 9427 9418 9412 9401 9400 9402 9406 9416 9429 9419 9418 9429 9448 9485 9490 9493 9487 9475 9462 9469 9487 9470 9453 9481 9463 9449 9439 9429 9428 9415 9418 9419 9404 9396 9390 9391 9396 9402 9401 9397 9392 9383 9374 9364 9353 9344 9339 9347 9358 9348 9343 9334 9325 9320 9313 9307
9407 9401 9396 9391 9383 9378 9373 9358 9347 9355 9359 9364 9370 9376 9381 9389 9394 9399 9407 9418 9434 9434 9433 9437 9446 9449 9449 9443 9429 9422 9422 9410 9409 9417 9423 9430 9427 9424 9439 9467 9488 9501 9506 9503 9486 9467 9473 9490 9489 9475 9468 9449 9440 9437 9429 9344 9413 9408 9410 9405 9399 9392 9387 9391 9398 9403 9403 9391 9380 9370 9362 9354 9350 9347 9346 9345 9337 9334 9332 9329 9324 9318 9314
9417 9413 9411 9409 9396 9387 9379 9363 9350 9354 9361 9369 9376 9384 9390 9397 9400 9406 9413 9422 9432 9438 9448 9464 9479 9489 9484 9477 9452 9440 9418 9417 9415 9413 9423 9443 9449 9429 9451 9478 9486 9505 9525 9525 9510 9485 9486 9487 9479 9474 9465 9451 9442 9439 9423 9405 9404 9403 9405 9405 9403 9401 9396 9394 9396 9397 9390 9386 9378 9368 9360 9354 9348 9345 9345 9337 9332 9331 9331 9329 9326 9322 9318
