real_craters/C190-1000m.grd
DSAA
103 103
-51.09 51.09
-51.09 51.09
3459.3579987358 5947.5256886728
[rows 0 to 29 of 103, columns 0 to 66 of 103]
5038.66 5067.16 5099.42 5139.3 5171.94 5207.95 5238.37 5246.21 5277.22 5317.67 5347.81 5379.94 5420.24 5396.53 5358.65 5324.51 5363.05 5388.73 5388.98 5324.23 5264.31 5215.34 5194.92 5180.41 5168.99 5206.93 5257.18 5223.8 5185.04 5184.07 5185.49 5194.79 5227.11 5229.86 5215.71 5165.64 5129.23 5109.81 5051.58 4992.33 4930.53 4954.92 4931.85 4917.63 4923.88 4924.74 4923.35 4930.54 4957.42 5003.03 5009.7 5098.43 5111.56 5105.27 5094.81 5082.53 5066.91 5045.49 5025.04 5022.06 5010.33 5005.47 5027.15 5021.35 5000.18 4966.76 4935.62
5001.77 5028.7 5066.88 5100.57 5140.02 5176.78 5207.53 5240.73 5258.67 5283.05 5301.82 5330 5364.83 5348.42 5328.26 5337.41 5358.93 5356.98 5377.55 5355.68 5317.92 5284.85 5254.96 5228.21 5207.54 5230.31 5238.29 5251.63 5207.56 5172.77 5175.2 5174.39 5171.15 5194.7 5203.79 5153.72 5112.35 5089.25 5031.72 4970.56 4924.34 4932.36 4925.2 4917.71 4919.93 4921.81 4930.97 4943.23 4941.06 4985.51 5024.54 5112.53 5117.42 5111.32 5104.15 5093.76 5081.36 5058.77 5054.11 5050.36 5045.62 5034.18 5019.86 5003.16 4987.68 4973.86 4967.06
4953.58 4978.75 5026.81 5064.28 5104.56 5149.04 5206.16 5236.09 5247.37 5258.85 5271.51 5298.88 5334.09 5339.12 5351.51 5366.94 5377.73 5351.31 5365.4 5368.92 5359.14 5340.34 5324.18 5315.34 5300.38 5291.05 5305.6 5254.91 5216.74 5173.87 5176.45 5172.33 5153.37 5160.69 5196.24 5134.79 5086.85 5055.92 5015.47 4964.58 4926.06 4924.76 4928.12 4923.62 4920.85 4926.45 4946.04 4976.37 4977.01 4994.06 5055.61 5104.52 5115.47 5114.22 5112.12 5108.78 5105.83 5095.91 5080.9 5074.75 5092.79 5068.68 5020.48 4983.63 4980.36 4972.24 4953.33
4903.98 4953.74 4992.28 5031.46 5066.03 5106.93 5175.05 5213.52 5246.26 5255.64 5261.45 5295.19 5321.3 5334.83 5344.43 5366.12 5375.24 5343.68 5370.87 5387.13 5393.88 5391.63 5383.34 5355.57 5339.82 5316.74 5294.14 5260.61 5222.88 5202.38 5195.99 5197.26 5187.29 5132.71 5125.97 5120.62 5074.34 5053.84 5005.62 4963.78 4932.28 4944.96 4941.74 4931.97 4922.24 4929.59 4948.63 4984.61 5010.43 5003.73 5044.12 5079.12 5086.83 5086.85 5090.43 5096.01 5111.52 5143.29 5080.55 5068.29 5069.26 5068.01 5049.03 5024.87 5001.27 4982.03 4942.93
4875.44 4918.15 4969.58 5000.05 5025.24 5043.52 5049.32 5152.44 5231.82 5256.86 5265.48 5303.34 5323.06 5356.86 5352.38 5357.04 5364.2 5359 5363.11 5400.59 5435.75 5436.11 5439.34 5445.5 5396.13 5329.07 5281.89 5302.86 5231.24 5213.49 5210.94 5215.7 5210.91 5182.26 5168.66 5144.74 5123.48 5037.94 4999.7 4970.03 4949.58 4946.66 4949.62 4945.3 4927.09 4928.59 4942.2 4964.38 4979.09 5031.63 5031.38 5048.13 5058.23 5065.74 5071.77 5074.88 5085.35 5084.55 5079.65 5056.82 5036.45 5079.7 5085.52 5041.64 5029.58 5016.2 5001.7
4882.83 4926.58 4971.39 4992.49 5003.65 5010.33 5027.7 5098.25 5194.68 5251.34 5286.1 5319.99 5335.4 5373.07 5360.11 5342.01 5368.56 5363.37 5369 5398.1 5432.09 5459.1 5479.02 5481.22 5436.31 5366.76 5315.88 5285.64 5238.48 5217.48 5221.26 5222.66 5206.74 5239.76 5214.28 5155.06 5083.43 5028.37 5002.36 4977.67 4957.71 4957.1 4947.1 4933.15 4934.81 4928.41 4952.63 5020.77 4992.06 5075.34 4996.88 5022.56 5048.05 5060.87 5061.76 5053.21 5042.3 5053.23 5066.8 5062.06 5050.88 5121.49 5130.67 5093.3 5056.32 5042.52 5023.46
4971.39 4969.03 4995.91 5002.73 5000.85 4999.6 5007.51 5060.6 5154.76 5231.95 5334.37 5354.39 5372.91 5404.33 5386.83 5365.79 5353.36 5361.19 5386.33 5400.02 5423.64 5471.43 5504.15 5514.49 5465.86 5384.33 5310.77 5279.93 5249.41 5231.84 5244.79 5258.55 5256.48 5234.37 5198.96 5146.05 5083.25 5031.35 5014.89 4996.85 4971.99 4970.59 4975.54 4948.11 4951.73 4942.02 4965.31 5037.05 5083.25 5052.79 5016.38 5042.78 5068.82 5079.81 5068.64 5046.76 5008.83 5009.36 5062.85 5091.94 5114.29 5140.72 5108.26 5059.04 5056.44 5051.77 5034.09
5022.29 5016.66 5026.96 5028.06 5024.95 5016.74 5013.62 5062.27 5142.34 5214.52 5311.31 5382.99 5406 5427.95 5428.77 5418.75 5419.33 5413.13 5401.79 5400.36 5430.51 5476.93 5518.29 5536.53 5496.99 5416.09 5333.38 5265.76 5242.31 5255.35 5282.37 5302.78 5330.61 5267.59 5192.87 5139.1 5080.72 5052.46 5050.98 5032.81 5006.61 5000.7 5027.77 5011.41 4987.63 4976.13 4981.06 5007.46 5079.94 5103.06 5125.63 5127.11 5126.88 5120.62 5110.83 5088.76 5057.78 5061.61 5109.1 5126.45 5128.89 5137.61 5094.86 5056.11 5052.79 5052.96 5048.71
5065.89 5066.32 5071.39 5062.64 5055.65 5047.43 5051.48 5111.22 5179.03 5246.55 5324.92 5401.67 5427.05 5445.66 5462.86 5492.9 5479.42 5434.7 5412.49 5404.31 5425.43 5467.39 5519.76 5550.66 5524.34 5497.21 5422.7 5353.84 5309.82 5326.7 5308.23 5300.3 5294.41 5273.95 5205.15 5152.64 5119.44 5123.4 5124.87 5077.41 5049.03 5062.41 5065.82 5047.52 5024.19 5006.03 5004.68 5031.33 5166.67 5267.39 5258.25 5223.72 5195.66 5179.9 5160.45 5153.33 5138.21 5149.05 5163.26 5176.9 5170.2 5138.94 5088.81 5065.62 5064.44 5055.66 5036.42
5142.35 5124.87 5119.6 5109.54 5099.33 5089.49 5108.41 5155.82 5236.57 5295.26 5340.48 5412.85 5443.41 5444.64 5458.89 5482.88 5472.28 5431.03 5410.36 5399.33 5412.58 5439.7 5483.88 5526.42 5504.12 5480.87 5444.88 5416.71 5427.28 5365.31 5302.94 5275.6 5262.63 5233.9 5211.77 5170.57 5159.95 5166.56 5137.48 5098.85 5076.9 5081.89 5075.32 5065.65 5057.65 5053.61 5065.13 5122.78 5233.31 5365.74 5348.62 5287.26 5251.23 5226.28 5219 5229.58 5258 5238.8 5238.96 5224.78 5177.42 5163.26 5113.92 5108.23 5099.38 5076.66 5048.69
5190.79 5181.09 5169.99 5163.78 5150.69 5132.55 5130.08 5190.52 5287.83 5332.58 5380.82 5417.33 5402.97 5418.63 5423.78 5429.68 5426.42 5419.34 5395.14 5389.3 5387.88 5395.58 5398.1 5415.3 5449.28 5451.47 5398.66 5328.7 5285.24 5251.3 5243.8 5229.96 5215.28 5208.34 5240.63 5219.02 5193.69 5168.22 5126.72 5103.69 5092.51 5104.37 5101.2 5095.13 5082.82 5097.33 5128.87 5192.14 5272.49 5330.72 5322.86 5323.29 5296.74 5264.9 5259.16 5268.74 5297.72 5266.8 5245.22 5217.24 5182.83 5193.02 5285.49 5219.45 5142.78 5084.48 5038.8
5223.84 5224.25 5220.84 5219.19 5209.4 5187.55 5152.52 5157.9 5236.19 5349.24 5351.35 5358.55 5352.67 5371.28 5389.62 5394.86 5400.68 5379.38 5365.24 5363.03 5356.3 5351.38 5347.29 5370.7 5418.93 5406.38 5365.08 5281.47 5223.76 5188.04 5191.66 5200.69 5203.45 5217.88 5262.61 5330.75 5275.24 5164.13 5138.89 5120.06 5100.6 5103.6 5134.28 5116.8 5110.91 5132.99 5172.29 5210.71 5285.6 5329.11 5308.41 5345.81 5344.42 5334.62 5309.95 5275.65 5226.6 5246.66 5233.49 5218.61 5212.65 5223.18 5312.83 5239.28 5153.23 5089.32 5038.36
5264.24 5269.1 5268.08 5275.08 5278.4 5282.39 5262.18 5253.95 5251.55 5286.08 5327.14 5324.71 5335.33 5364.26 5378.27 5378.87 5383.29 5362.56 5354.23 5343.38 5333.28 5328.31 5327.24 5354.77 5410.56 5441.04 5339.93 5251.71 5206.07 5157.43 5162.25 5189.69 5192.75 5183.33 5235.35 5374.94 5343.95 5295.4 5206.09 5160.55 5141.79 5139.27 5160.28 5152.07 5161.74 5187.73 5216.24 5226.78 5266.62 5352.32 5444.53 5386.46 5375.26 5366.88 5349 5315.99 5288.65 5248.83 5221.1 5203.72 5214.82 5192.15 5145.26 5151.4 5116.96 5073.24 5046.08
5286.58 5298.69 5302.87 5318.01 5335.3 5364.89 5371.66 5299.95 5272.8 5271.11 5299.58 5317.58 5333.95 5360.74 5394.36 5398.78 5386.86 5358.8 5359.91 5350.94 5330.48 5318.19 5313.99 5335.78 5368.35 5363.92 5298.16 5227.03 5184.21 5137.71 5154.94 5206.5 5246.86 5196.78 5201.47 5264.39 5348.24 5368.4 5280.31 5232.9 5206.09 5175.71 5171.95 5180.76 5188.57 5238.57 5282.78 5273.43 5270.08 5261.97 5320.56 5382.77 5401.06 5412.5 5424.61 5363.76 5280.33 5278.5 5223.6 5155.3 5110.45 5088.29 5079.51 5086.76 5073.81 5054.79 5058.06
5301.6 5305.41 5323.37 5344.11 5365.07 5388.31 5380.02 5328.63 5332.78 5326.59 5316.97 5304.35 5337.46 5417.93 5453.74 5447.72 5435.38 5391.61 5358.48 5336.05 5320.75 5314.18 5304.86 5314.97 5320.58 5306.15 5259.14 5184.23 5144.56 5126.13 5152.63 5220.28 5302.97 5284.49 5314.78 5287.34 5411.46 5445.55 5463.43 5445.54 5360.23 5268.85 5219.55 5213.79 5218.01 5262.89 5334.81 5352.69 5376.8 5362.89 5416.08 5402.88 5444.13 5480.9 5536.52 5575.5 5503.18 5366.66 5243.49 5145.84 5081.27 5071.29 5073.38 5075.71 5060.24 5046.77 5082.21
5306.54 5312.11 5333.23 5359.78 5381.08 5391.06 5390.08 5382.68 5460.34 5478.31 5404.75 5352.22 5374.16 5424.95 5474.57 5532.27 5438.01 5349.99 5332.84 5324.59 5317.77 5315.26 5318.9 5303.53 5289.21 5280.36 5260.18 5216.97 5170.66 5139.62 5163.17 5241.61 5316.9 5509.96 5667.88 5599.34 5596.82 5667.96 5726.45 5692.66 5589.6 5426.18 5291.83 5273.94 5296.71 5315.15 5316.48 5366.38 5374.44 5401.67 5334.96 5427.54 5486.34 5513.98 5577.91 5690.73 5651.44 5441.74 5280.59 5167.51 5151.58 5126.27 5120.77 5111.92 5090.65 5067.11 5131.61
5317.35 5318.96 5341.89 5362.83 5387.49 5409.95 5417.53 5419.69 5441.8 5561.62 5504.72 5437.06 5404.73 5408.79 5439.13 5470.95 5385.49 5323.33 5313.63 5314.46 5309.66 5311.34 5307.31 5290.47 5278.54 5285.73 5306.76 5321.27 5279.61 5232.48 5257.4 5349.43 5464.06 5718.09 5860.33 5753.73 5715.11 5770.64 5799.91 5721.44 5571.28 5474.52 5392.63 5450.65 5473.01 5456.34 5407.44 5500.37 5720.91 5715.33 5658.85 5631.38 5575.88 5529.9 5491.71 5421.8 5454.68 5448.3 5381.69 5299.88 5278.85 5227.81 5195.6 5179.35 5173.84 5183.65 5201.16
5326.52 5346.45 5351.77 5363.35 5382.84 5429.81 5439.22 5456.53 5475.78 5485.27 5516.69 5513.9 5415.4 5405.47 5410.62 5398.08 5364.35 5324.02 5309.52 5308.83 5309.63 5306.71 5300.2 5286.83 5276.72 5295.29 5329.71 5392.68 5392.97 5369.18 5411.64 5542.42 5653.7 5761.69 5771.01 5729.52 5694.74 5671.17 5640.78 5669.77 5642.59 5579.95 5601.26 5700.41 5701.23 5699.53 5741.69 5832.65 5829.85 5838.54 5889.37 5785.85 5617.58 5508.19 5425.74 5335.36 5384.04 5452.05 5509.47 5485.98 5382.79 5316.81 5283.67 5257.48 5242.08 5242.64 5250
5335.77 5344.16 5349.98 5348.78 5345.13 5351.27 5402.34 5456.97 5495.37 5443.11 5501.38 5522.38 5430.47 5408.69 5395.65 5370.23 5371.25 5342.13 5305.39 5304.36 5301.3 5306.49 5308.85 5294.83 5300.26 5310.62 5327.6 5380.68 5440.21 5510.52 5628.8 5695.82 5800.78 5716.66 5642.07 5653.22 5640.92 5614.96 5648.46 5776.75 5681.27 5616.99 5636.18 5546.43 5557.57 5644.5 5690.29 5723.61 5792.55 5754.55 5730.98 5670.82 5594.74 5523.33 5442.63 5361.07 5418.64 5468.71 5511.59 5572.74 5583.85 5461.82 5416.88 5348.09 5287.09 5265.44 5271.83
5333.81 5353.99 5350.64 5323.67 5306.26 5297.67 5344.41 5411.62 5492.52 5427.3 5492.7 5557.04 5457 5421.21 5380.55 5365.25 5389.29 5366.16 5308.78 5309.95 5306.8 5304.53 5305.25 5307.05 5314.24 5356.72 5374.89 5424.94 5538.85 5636.61 5639.09 5631.91 5644.73 5654.67 5671.61 5642.39 5594.08 5557.59 5566.18 5690.9 5598.34 5497.3 5459.15 5510.48 5509.13 5565.44 5500.87 5518.49 5486.25 5510.41 5529.25 5502.6 5497.58 5474.01 5488.07 5596.92 5482.3 5477.23 5514.6 5547.75 5705.74 5722.97 5584.38 5444.63 5323.14 5293.34 5309.33
5319.28 5320.73 5313.26 5298.55 5284.49 5279.8 5294 5320.33 5364.62 5431.22 5429.46 5465.45 5496.81 5437.05 5385.73 5372.15 5380.33 5354.11 5316.61 5312.13 5319.55 5309.96 5317.19 5343.8 5372.85 5444.54 5527.91 5563.66 5610.48 5584.16 5536.74 5538.89 5566.28 5590.93 5592.61 5605.64 5569.98 5516.81 5486.28 5496.13 5455.19 5372.19 5372.9 5459.39 5487.13 5463.5 5392.88 5399.79 5448.68 5439.33 5433.62 5392.14 5409.04 5397.41 5390.86 5410.24 5413.53 5439.55 5463.41 5485.35 5741.11 5901.86 5705.24 5524.81 5375.95 5354.46 5407.63
5298.58 5296.65 5292.43 5268.87 5261.7 5259.66 5262.93 5259.63 5273.48 5330.63 5345.95 5364.53 5438.99 5437.08 5397.34 5385.62 5388.23 5395.78 5337.09 5314.24 5307.29 5308.68 5339.62 5390.88 5460.44 5518.17 5606.06 5681.72 5697.32 5611.8 5462.11 5502.26 5534.93 5545.39 5577.35 5599.86 5520.09 5485.46 5460.96 5471.27 5433.82 5329.27 5300.16 5436.71 5472.93 5422.86 5440.68 5415.08 5479.68 5492.99 5429.48 5355.5 5353.19 5307.38 5256.27 5234.07 5293.43 5342.99 5422.98 5433.09 5516.19 5685.37 5695.41 5618.34 5520.2 5507.94 5533.26
5272.36 5241.7 5215.35 5220.83 5236.42 5250.16 5261.25 5270.64 5276.44 5302.64 5332.23 5379.19 5446.95 5443.35 5411.03 5400.64 5400.24 5383.37 5359.33 5341.59 5332.22 5351.69 5364 5386.13 5458.94 5569.06 5657.03 5699.47 5648.02 5477.8 5362.64 5368.53 5426.76 5449.06 5444.41 5419.9 5439.17 5466.78 5502.06 5536.53 5473.28 5389.48 5429.45 5578.19 5558.93 5477.14 5336.46 5380.5 5364.85 5456.73 5397.84 5419.62 5313.36 5235.98 5205.78 5188.02 5195.1 5221.11 5224.99 5340.58 5430.25 5583.7 5656.9 5675.73 5694.84 5673.18 5649.85
5246.29 5197.8 5154.33 5174.06 5208.7 5234.95 5254.87 5286.28 5304.92 5333.93 5327.33 5361.6 5426.25 5436.71 5427.08 5406.59 5402.65 5422.93 5393.89 5374.1 5361.27 5358.57 5402.34 5428.67 5492.77 5600.99 5798.7 5700.61 5540.98 5360.31 5314.76 5321.99 5349.9 5356.54 5335.26 5333.93 5405.16 5473.5 5513.44 5479.21 5464.38 5567.92 5478.91 5334.55 5172.75 5066.13 5026.95 5039.44 5035.61 5105.21 5157.77 5161.91 5159.78 5137.01 5111.69 5097.95 5087.82 5115.28 5155.32 5176.81 5474.91 5610.84 5581.26 5619.45 5683.63 5700.06 5747.7
5238.52 5190.08 5142.49 5150.9 5158 5195.29 5241.72 5268.87 5306.74 5325.84 5341.52 5358.83 5387.07 5406.46 5418.71 5384.05 5378.81 5375.44 5390.27 5371.57 5373.65 5436.22 5452.97 5511.28 5541.11 5571.95 5591.43 5599.17 5500.55 5362.2 5343.51 5321.72 5350.32 5355.09 5349.05 5371.67 5462.36 5491.68 5546.32 5636.75 5608.86 5402.61 5184.8 5027.84 4988.33 4914.36 4848.67 4840.24 4882.78 4865.85 4944.46 4997.66 5025.85 5008.3 4941.26 4932.98 4938.53 4930.82 4924.17 4971.5 5202.16 5357.21 5362.74 5421.91 5530.86 5563.14 5654.51
5248.21 5214.16 5198.42 5167.52 5146.66 5188.93 5251.29 5293.8 5307.21 5347.64 5353.45 5364.07 5374.9 5374.71 5352.02 5342.18 5364.04 5372.51 5356.85 5344.34 5367.33 5371.83 5460.09 5516.69 5549.54 5560.12 5546.64 5532.61 5511.86 5520.93 5425.16 5326.11 5400.36 5468.76 5479.06 5530.67 5539.64 5458.97 5432.89 5494.64 5267.14 5055.93 4951.76 4931.95 4920.63 4896.13 4922.07 4941.62 4871.38 4874.45 4907.22 4957.74 4942.21 4858.61 4859.86 4807.96 4797.79 4859.7 4891.94 4931.48 4978.72 5023.91 5048.07 5069.15 5143.41 5275.38 5396.88
5254.53 5231.51 5219.55 5193.12 5173.79 5213.24 5278.03 5354.69 5336.09 5369.01 5359.76 5363.09 5367.78 5358.77 5340.83 5332.8 5351.61 5387 5361.01 5381.07 5446.17 5476.7 5522.89 5569.92 5565.62 5557.55 5533.52 5512.49 5506.42 5463.88 5377.14 5417.45 5520.32 5609.7 5638.64 5676.77 5494.97 5313.72 5256.33 5135.16 4933.28 4894.9 4864.61 4846.46 4897.11 5030.59 5010.08 4874.59 4786.48 4721.5 4683.88 4694.92 4668.87 4615.16 4567.14 4588.54 4604.56 4596.46 4656.37 4723.55 4756.05 4691.54 4736.48 4756.98 4827.55 4955.22 5091
5248.12 5232.61 5216.92 5209.49 5213.14 5246.72 5291.48 5318.54 5328.92 5353.12 5353.82 5359.28 5364.94 5369.22 5353.21 5329.34 5332.96 5352.82 5393.22 5407.92 5495.36 5557.93 5589.86 5623.09 5578.13 5515.57 5484.02 5505.65 5505.39 5497.31 5389.48 5419.25 5621.44 5773.73 5701.4 5515.92 5224.8 5073.96 4961.72 4892.5 4825.18 4808.18 4825.97 4893.86 4871.37 4853.99 4819.14 4623.82 4543.52 4420.44 4327.27 4352.46 4335.38 4352.76 4384.17 4395.08 4430.33 4469.08 4439.2 4412.71 4414.62 4428.4 4497.37 4565.66 4629.02 4702.98 4786.48
5249.01 5236.17 5222.27 5218.61 5237.62 5268.66 5310.11 5319.91 5325.59 5342 5358.93 5354.86 5360.74 5376.4 5380.55 5362.93 5352.59 5392.62 5482.41 5499.72 5499.42 5523.49 5579.49 5622.69 5573.6 5526.75 5522.83 5522.72 5507.66 5482.48 5421.23 5431.37 5679.71 5947.53 5632.36 5270.89 4982.34 4879.03 4829.24 4809.52 4753.84 4735.28 4751 4739.92 4677.82 4616.34 4568.62 4504.66 4382.38 4278.88 4214.37 4158.25 4126.05 4096.66 4125.36 4211.08 4270.38 4267.24 4324.55 4317.72 4289.88 4285.23 4349.68 4422.8 4484.36 4533.77 4604.13
5270.42 5244.6 5219.37 5209.33 5233.45 5281.3 5331.27 5381.85 5361 5350.17 5352.62 5343.54 5341.45 5345.87 5358.92 5363.01 5344.55 5368.06 5420.12 5483.57 5510.6 5529.46 5568.44 5578.37 5545.93 5526.91 5560.91 5540.6 5528.71 5499.07 5484.53 5537.02 5662.82 5687.19 5367.2 4989.27 4761.93 4720.05 4710.84 4680.99 4667.81 4664.44 4679.11 4594.6 4481.04 4414.9 4370.17 4309.37 4193.77 4146.32 4144.91 4000.1 3912.76 3918.22 3954.71 4077.58 4180.4 4241.82 4272.81 4275.78 4252.79 4232.9 4284.32 4346.68 4395.94 4437.77 4490.61
