real_craters/C191-750m.grd
DSAA
239 239
-89.4075 89.4075
-89.4075 89.4075
7967.9297477669 10540.276990739
[rows 111 to 147 of 239, columns 0 to 82 of 239]
9683 9685 9687 9686 9692 9696 9698 9700 9697 9698 9694 9686 9684 9694 9694 9683 9675 9675 9684 9680 9675 9665 9661 9658 9656 9655 9651 9649 9648 9645 9642 9642 9642 9644 9647 9643 9665 9648 9630 9591 9574 9560 9557 9551 9557 9571 9590 9624 9651 9652 9644 9622 9601 9568 9560 9544 9526 9520 9524 9510 9516 9520 9523 9527 9521 9518 9517 9520 9534 9560 9593 9649 9707 9750 9738 9728 9764 9754 9722 9735 9763 9776 9791
9671 9672 9673 9676 9681 9684 9684 9691 9697 9705 9694 9688 9687 9691 9690 9681 9674 9671 9678 9682 9674 9664 9655 9654 9651 9646 9644 9644 9643 9640 9640 9639 9640 9643 9643 9638 9641 9631 9605 9584 9579 9573 9568 9568 9568 9573 9581 9589 9607 9626 9631 9620 9604 9590 9578 9563 9542 9521 9505 9515 9530 9548 9562 9552 9542 9531 9532 9543 9565 9594 9635 9683 9726 9758 9742 9738 9762 9767 9740 9750 9783 9783 9781
9661 9662 9666 9672 9676 9679 9680 9681 9682 9687 9690 9687 9685 9681 9674 9676 9673 9667 9687 9686 9675 9666 9660 9654 9650 9644 9642 9642 9639 9638 9637 9635 9633 9635 9638 9642 9628 9612 9609 9605 9589 9580 9573 9575 9574 9574 9574 9579 9584 9595 9613 9624 9616 9608 9610 9590 9558 9525 9508 9522 9542 9564 9576 9571 9567 9566 9566 9578 9601 9623 9652 9694 9736 9725 9725 9731 9760 9770 9748 9754 9769 9775 9774
9653 9658 9660 9666 9674 9680 9682 9675 9681 9679 9698 9685 9688 9689 9683 9686 9680 9673 9674 9673 9669 9665 9659 9654 9651 9652 9652 9645 9641 9638 9633 9628 9623 9618 9622 9612 9577 9579 9609 9613 9597 9584 9590 9576 9575 9576 9573 9568 9587 9590 9607 9626 9620 9618 9626 9607 9577 9548 9530 9537 9553 9565 9570 9583 9589 9575 9583 9598 9618 9656 9691 9730 9768 9773 9762 9782 9793 9775 9788 9777 9756 9773 9793
9652 9650 9654 9667 9677 9683 9694 9694 9701 9728 9719 9740 9718 9709 9709 9706 9699 9676 9667 9662 9665 9658 9650 9646 9645 9645 9641 9642 9645 9636 9628 9621 9615 9612 9611 9599 9584 9595 9603 9600 9595 9583 9561 9574 9585 9583 9582 9586 9591 9591 9603 9607 9609 9621 9628 9616 9598 9580 9563 9565 9576 9584 9582 9609 9623 9610 9616 9640 9662 9701 9750 9805 9855 9861 9840 9846 9847 9832 9840 9822 9792 9797 9831
9666 9674 9687 9680 9681 9685 9685 9689 9700 9700 9711 9703 9713 9716 9720 9719 9721 9730 9699 9688 9679 9654 9643 9641 9640 9638 9634 9634 9630 9627 9621 9614 9608 9596 9599 9601 9618 9636 9617 9601 9592 9588 9592 9595 9594 9590 9587 9594 9596 9599 9608 9617 9616 9617 9617 9622 9618 9613 9608 9599 9606 9621 9651 9652 9652 9634 9655 9671 9696 9740 9800 9860 9870 9871 9889 9900 9917 9907 9905 9888 9836 9819 9817
9675 9685 9681 9682 9681 9684 9688 9692 9700 9710 9703 9696 9704 9710 9714 9717 9721 9715 9730 9735 9712 9698 9643 9643 9639 9635 9633 9626 9625 9619 9612 9608 9605 9605 9595 9605 9624 9620 9606 9597 9592 9591 9592 9592 9595 9593 9594 9601 9603 9605 9619 9623 9624 9625 9628 9632 9635 9639 9644 9631 9633 9648 9669 9678 9677 9657 9651 9676 9711 9760 9817 9865 9848 9855 9886 9906 9919 9919 9920 9897 9863 9842 9834
9668 9669 9672 9676 9677 9679 9682 9693 9700 9697 9701 9702 9702 9705 9710 9712 9719 9741 9725 9719 9735 9748 9689 9660 9646 9633 9622 9615 9607 9604 9604 9602 9600 9600 9608 9613 9611 9597 9596 9593 9591 9591 9590 9589 9588 9597 9603 9600 9608 9620 9630 9635 9636 9634 9638 9640 9645 9652 9657 9649 9650 9659 9672 9679 9689 9682 9664 9686 9723 9767 9814 9846 9832 9843 9877 9893 9899 9909 9916 9900 9872 9874 9875
9660 9665 9676 9672 9671 9675 9685 9706 9709 9705 9697 9696 9698 9699 9701 9704 9700 9702 9716 9717 9730 9737 9702 9677 9655 9634 9617 9603 9599 9598 9597 9600 9605 9613 9619 9612 9597 9589 9593 9589 9591 9593 9596 9600 9601 9608 9617 9613 9615 9627 9633 9636 9635 9637 9645 9644 9647 9652 9658 9655 9654 9656 9659 9665 9672 9691 9694 9709 9728 9765 9807 9841 9833 9836 9870 9889 9901 9925 9933 9918 9896 9895 9891
9659 9659 9666 9666 9666 9669 9688 9721 9716 9709 9703 9698 9697 9698 9701 9708 9723 9731 9719 9711 9712 9716 9715 9694 9665 9632 9603 9586 9587 9590 9592 9597 9604 9621 9639 9614 9593 9587 9586 9588 9592 9595 9599 9604 9611 9613 9607 9614 9618 9625 9628 9630 9632 9633 9637 9639 9642 9645 9648 9651 9650 9651 9652 9658 9669 9676 9699 9720 9743 9770 9795 9807 9808 9824 9864 9892 9925 9951 9952 9933 9916 9908 9895
9682 9661 9657 9660 9662 9664 9674 9715 9707 9693 9680 9689 9691 9694 9696 9703 9716 9724 9720 9713 9719 9727 9735 9712 9677 9639 9593 9582 9586 9582 9589 9594 9599 9615 9624 9612 9593 9592 9592 9595 9597 9597 9598 9601 9610 9620 9622 9618 9630 9630 9634 9631 9628 9625 9626 9632 9635 9636 9635 9634 9640 9647 9653 9658 9657 9662 9695 9725 9757 9779 9785 9785 9788 9809 9845 9886 9923 9943 9947 9937 9932 9925 9913
9699 9664 9658 9659 9660 9666 9679 9687 9683 9676 9677 9682 9685 9690 9696 9704 9714 9718 9717 9720 9740 9748 9743 9723 9690 9658 9631 9611 9600 9596 9588 9592 9606 9616 9617 9612 9601 9596 9595 9600 9601 9599 9599 9600 9625 9643 9636 9632 9637 9636 9645 9641 9629 9624 9630 9630 9631 9629 9624 9621 9629 9645 9661 9667 9656 9674 9704 9741 9761 9776 9777 9781 9797 9808 9851 9879 9897 9923 9962 9988 9972 9931 9916
9676 9671 9662 9658 9657 9658 9659 9656 9660 9662 9666 9674 9680 9688 9695 9703 9709 9708 9707 9710 9722 9734 9737 9723 9697 9674 9656 9639 9614 9589 9586 9587 9596 9623 9630 9611 9598 9594 9596 9596 9598 9602 9607 9614 9638 9654 9642 9639 9646 9638 9645 9634 9630 9630 9633 9631 9630 9627 9621 9614 9622 9645 9671 9696 9668 9672 9703 9734 9749 9758 9764 9772 9804 9814 9878 9886 9891 9935 1.003e+004 1.005e+004 1e+004 9937 9910
9652 9665 9660 9655 9653 9649 9645 9644 9648 9652 9656 9663 9674 9683 9691 9691 9690 9690 9691 9695 9696 9709 9718 9711 9693 9679 9672 9659 9628 9605 9589 9581 9581 9593 9603 9600 9592 9591 9597 9596 9599 9607 9617 9632 9643 9640 9639 9641 9642 9646 9637 9639 9631 9631 9630 9633 9633 9629 9625 9620 9619 9639 9667 9692 9686 9677 9696 9721 9732 9745 9759 9762 9775 9813 9881 9892 9900 9950 1.007e+004 1.007e+004 1.002e+004 9947 9913
9633 9649 9649 9648 9650 9656 9652 9647 9649 9648 9643 9659 9667 9675 9686 9694 9673 9669 9671 9675 9679 9684 9685 9682 9676 9670 9663 9649 9635 9608 9599 9586 9569 9581 9585 9587 9587 9582 9587 9597 9605 9610 9620 9636 9642 9635 9638 9644 9643 9639 9640 9638 9632 9630 9638 9640 9637 9633 9628 9621 9615 9629 9652 9677 9694 9686 9686 9693 9713 9738 9775 9795 9782 9820 9876 9890 9908 9966 1.006e+004 1.007e+004 1.002e+004 9939 9914
9606 9621 9627 9632 9638 9645 9651 9652 9654 9656 9665 9657 9657 9664 9671 9676 9655 9651 9652 9655 9659 9662 9661 9659 9656 9652 9650 9650 9645 9647 9629 9604 9590 9577 9576 9575 9574 9573 9588 9596 9604 9608 9614 9621 9630 9650 9662 9651 9643 9641 9638 9633 9630 9632 9641 9644 9639 9635 9631 9627 9609 9626 9646 9663 9701 9692 9680 9676 9707 9763 9809 9840 9813 9815 9858 9883 9906 9937 1.001e+004 1.002e+004 9993 9939 9915
9588 9598 9604 9609 9617 9631 9642 9654 9660 9655 9648 9641 9645 9651 9654 9648 9634 9636 9635 9636 9647 9643 9638 9632 9633 9632 9632 9630 9642 9653 9637 9595 9572 9559 9565 9566 9568 9576 9589 9592 9592 9598 9605 9612 9620 9629 9639 9643 9637 9631 9629 9627 9626 9629 9635 9638 9636 9634 9632 9622 9610 9632 9658 9690 9685 9677 9679 9680 9711 9771 9807 9832 9827 9824 9848 9884 9908 9928 9972 9992 9987 9954 9915
9569 9576 9579 9583 9590 9603 9624 9653 9669 9655 9640 9625 9631 9640 9644 9640 9637 9630 9626 9619 9623 9622 9618 9614 9612 9610 9609 9619 9625 9640 9625 9582 9561 9559 9557 9559 9566 9579 9586 9585 9579 9586 9596 9605 9614 9618 9617 9625 9626 9620 9622 9624 9621 9625 9628 9629 9630 9631 9632 9637 9642 9640 9659 9675 9677 9681 9686 9700 9724 9745 9768 9796 9827 9833 9853 9900 9918 9946 9958 9969 9992 9967 9922
9546 9549 9552 9556 9560 9570 9596 9624 9643 9645 9630 9621 9624 9632 9641 9651 9636 9628 9624 9619 9607 9605 9604 9603 9598 9594 9588 9576 9604 9648 9663 9600 9565 9552 9553 9555 9563 9576 9582 9581 9578 9583 9592 9601 9606 9612 9615 9630 9623 9615 9614 9622 9629 9625 9624 9625 9625 9626 9628 9630 9629 9635 9645 9651 9670 9680 9690 9710 9729 9740 9750 9779 9835 9856 9874 9887 9914 9941 9947 9942 9977 9954 9920
9523 9522 9528 9534 9540 9550 9567 9581 9591 9618 9614 9611 9618 9625 9633 9633 9625 9625 9625 9625 9610 9600 9597 9592 9590 9587 9581 9583 9603 9646 9668 9636 9589 9558 9559 9556 9557 9568 9577 9579 9578 9581 9589 9598 9604 9609 9618 9619 9620 9621 9627 9626 9624 9623 9620 9616 9620 9622 9622 9620 9621 9631 9638 9640 9649 9670 9690 9711 9733 9755 9781 9814 9852 9881 9903 9896 9911 9926 9924 9925 9925 9921 9872
9498 9500 9508 9516 9525 9534 9543 9550 9557 9576 9590 9613 9612 9617 9621 9617 9614 9613 9620 9634 9613 9605 9598 9595 9592 9587 9582 9580 9596 9630 9650 9648 9624 9595 9572 9558 9556 9568 9574 9579 9578 9582 9587 9596 9606 9609 9614 9614 9619 9624 9642 9629 9620 9620 9620 9620 9621 9619 9617 9616 9622 9623 9627 9637 9640 9661 9685 9709 9742 9773 9819 9862 9882 9916 9924 9909 9927 9946 9946 9931 9912 9914 9946
9482 9482 9490 9502 9514 9521 9524 9529 9536 9542 9558 9572 9593 9603 9609 9598 9591 9595 9602 9608 9615 9609 9601 9600 9599 9594 9589 9589 9598 9614 9618 9617 9641 9615 9578 9554 9544 9538 9558 9572 9570 9573 9582 9591 9600 9608 9614 9618 9622 9624 9630 9625 9615 9620 9622 9627 9620 9616 9614 9614 9609 9611 9613 9618 9630 9660 9682 9703 9725 9776 9862 9921 9901 9903 9929 9938 9966 9998 1.002e+004 9990 9943 9924 9944
9476 9473 9479 9489 9500 9506 9508 9511 9515 9522 9534 9553 9572 9588 9603 9595 9579 9581 9578 9576 9581 9584 9595 9604 9607 9600 9593 9591 9596 9599 9605 9609 9611 9601 9572 9545 9532 9547 9554 9546 9557 9572 9577 9587 9600 9618 9617 9620 9630 9628 9635 9642 9636 9625 9620 9616 9614 9612 9611 9613 9618 9617 9618 9619 9648 9673 9683 9696 9718 9765 9833 9891 9884 9878 9940 9982 1.001e+004 1.003e+004 1.006e+004 1.006e+004 9996 9948 9953
9474 9466 9469 9475 9484 9490 9495 9498 9497 9503 9517 9526 9550 9568 9583 9577 9587 9574 9559 9558 9565 9574 9588 9600 9606 9603 9595 9586 9577 9580 9587 9590 9594 9585 9566 9538 9519 9536 9541 9536 9550 9558 9569 9582 9597 9614 9614 9622 9643 9659 9666 9652 9637 9626 9618 9612 9609 9609 9610 9611 9612 9626 9632 9659 9680 9688 9684 9687 9704 9738 9789 9838 9857 9878 9955 9999 1.001e+004 1.004e+004 1.008e+004 1.006e+004 1.001e+004 9970 9965
9469 9464 9462 9462 9462 9474 9486 9493 9496 9503 9514 9528 9539 9545 9545 9542 9553 9551 9543 9544 9552 9564 9581 9598 9608 9605 9594 9580 9566 9564 9564 9577 9583 9579 9567 9546 9528 9539 9546 9557 9551 9550 9565 9574 9586 9599 9613 9626 9648 9658 9641 9635 9628 9622 9616 9608 9605 9610 9612 9613 9614 9624 9631 9650 9665 9673 9676 9675 9680 9700 9744 9802 9829 9859 9921 9972 1e+004 1.004e+004 1.007e+004 1.006e+004 1.002e+004 9987 9973
9470 9464 9460 9456 9459 9468 9482 9496 9508 9508 9512 9520 9529 9530 9524 9521 9525 9527 9531 9537 9544 9550 9576 9600 9617 9606 9592 9578 9567 9562 9558 9574 9582 9577 9576 9586 9581 9555 9534 9544 9560 9572 9564 9568 9580 9603 9618 9627 9637 9635 9633 9622 9620 9618 9616 9617 9620 9616 9615 9618 9625 9629 9631 9640 9658 9669 9666 9662 9659 9676 9727 9782 9799 9818 9862 9923 9982 1.004e+004 1.006e+004 1.006e+004 1.004e+004 1e+004 9975
9475 9464 9458 9454 9458 9466 9481 9497 9509 9504 9509 9513 9517 9523 9524 9517 9512 9511 9518 9531 9544 9560 9576 9593 9604 9597 9585 9573 9563 9563 9576 9563 9569 9572 9571 9579 9580 9574 9599 9595 9581 9553 9549 9561 9578 9590 9597 9615 9629 9627 9623 9623 9616 9616 9617 9617 9616 9618 9619 9620 9620 9610 9627 9646 9653 9660 9657 9656 9663 9693 9739 9764 9772 9784 9803 9842 9945 1.002e+004 1.003e+004 1.006e+004 1.005e+004 9983 9962
9475 9463 9454 9449 9451 9462 9475 9492 9503 9497 9506 9517 9515 9517 9522 9514 9508 9511 9513 9533 9545 9557 9569 9580 9585 9584 9577 9567 9559 9564 9578 9583 9574 9566 9555 9542 9552 9568 9572 9616 9595 9545 9531 9544 9560 9569 9590 9611 9628 9626 9630 9627 9618 9617 9619 9620 9622 9622 9622 9621 9617 9608 9609 9632 9641 9639 9649 9652 9659 9685 9720 9739 9754 9764 9779 9812 9884 9950 1e+004 1.005e+004 1.002e+004 9967 9957
9462 9455 9449 9444 9446 9458 9471 9481 9487 9489 9501 9515 9507 9505 9501 9502 9502 9503 9531 9538 9544 9556 9563 9567 9575 9574 9568 9563 9561 9568 9579 9594 9584 9562 9543 9534 9542 9560 9586 9593 9568 9529 9514 9524 9538 9555 9582 9604 9612 9623 9634 9626 9618 9619 9621 9625 9630 9627 9624 9621 9619 9615 9613 9646 9648 9653 9652 9646 9643 9651 9695 9719 9748 9766 9788 9829 9863 9909 9968 1.001e+004 9989 9979 9980
9456 9449 9445 9444 9447 9457 9467 9475 9479 9486 9496 9502 9504 9496 9493 9496 9504 9519 9533 9533 9533 9532 9534 9548 9556 9560 9558 9555 9552 9549 9560 9580 9572 9554 9533 9518 9534 9554 9567 9559 9542 9521 9505 9515 9531 9556 9583 9603 9599 9610 9627 9632 9624 9622 9623 9625 9627 9624 9621 9619 9618 9619 9632 9636 9647 9665 9648 9634 9636 9652 9693 9743 9749 9770 9807 9827 9867 9900 9934 9955 9984 1.002e+004 1.002e+004
9444 9440 9440 9443 9448 9455 9466 9476 9484 9489 9489 9490 9487 9484 9489 9493 9498 9514 9512 9521 9520 9515 9522 9536 9550 9554 9549 9546 9544 9554 9555 9565 9564 9548 9531 9522 9536 9553 9566 9572 9567 9535 9514 9504 9526 9540 9558 9587 9588 9601 9619 9623 9625 9626 9626 9624 9619 9619 9619 9617 9615 9620 9623 9624 9628 9629 9620 9609 9615 9646 9687 9710 9719 9749 9782 9815 9867 9914 9932 9944 9973 1.002e+004 1.006e+004
9428 9432 9435 9438 9445 9456 9463 9470 9475 9473 9478 9479 9474 9482 9496 9492 9488 9486 9504 9509 9515 9519 9525 9530 9535 9536 9537 9537 9535 9529 9540 9555 9557 9544 9530 9528 9538 9555 9574 9584 9572 9548 9514 9498 9505 9516 9539 9579 9582 9596 9617 9627 9629 9629 9629 9627 9626 9623 9618 9614 9610 9603 9610 9608 9607 9603 9593 9580 9573 9649 9672 9651 9678 9724 9773 9808 9872 9932 9936 9944 9959 1.001e+004 1.006e+004
9418 9431 9437 9439 9449 9457 9462 9463 9470 9476 9477 9474 9471 9483 9488 9490 9489 9493 9500 9508 9514 9520 9528 9523 9518 9516 9525 9528 9530 9528 9530 9544 9549 9541 9534 9526 9530 9545 9585 9617 9589 9566 9514 9498 9506 9520 9539 9574 9582 9594 9608 9625 9631 9634 9632 9630 9627 9624 9617 9613 9609 9609 9602 9600 9595 9589 9578 9561 9527 9511 9683 9650 9660 9706 9755 9793 9811 9854 9894 9912 9944 9986 1.002e+004
9417 9432 9446 9456 9459 9462 9465 9468 9470 9473 9473 9472 9473 9486 9491 9489 9488 9490 9498 9505 9509 9513 9513 9514 9511 9510 9516 9522 9529 9535 9517 9534 9545 9551 9550 9533 9509 9496 9525 9611 9666 9593 9526 9508 9506 9510 9535 9572 9580 9594 9609 9628 9641 9639 9636 9630 9623 9615 9613 9610 9608 9604 9604 9599 9594 9588 9583 9571 9577 9625 9636 9641 9652 9689 9731 9758 9764 9781 9845 9852 9904 9977 9969
9426 9441 9457 9471 9466 9464 9465 9468 9468 9468 9468 9469 9471 9484 9489 9484 9479 9478 9497 9500 9505 9508 9511 9509 9506 9499 9509 9515 9520 9519 9516 9532 9549 9570 9578 9541 9475 9403 9329 9278 9466 9523 9521 9513 9512 9517 9545 9565 9577 9596 9626 9645 9651 9648 9644 9636 9624 9614 9612 9608 9602 9597 9600 9598 9592 9588 9585 9586 9595 9613 9629 9633 9642 9666 9698 9710 9707 9730 9778 9805 9856 9955 9950
9433 9445 9460 9469 9466 9462 9459 9460 9462 9464 9465 9468 9470 9484 9484 9480 9476 9476 9490 9496 9498 9501 9505 9503 9503 9511 9509 9510 9510 9511 9526 9536 9551 9594 9624 9550 9443 9323 9191 9092 9243 9407 9514 9534 9528 9522 9525 9543 9562 9588 9614 9643 9648 9651 9649 9642 9633 9624 9619 9610 9598 9594 9604 9601 9596 9592 9596 9600 9613 9628 9639 9629 9629 9634 9633 9629 9650 9672 9726 9767 9851 9933 9935
9432 9443 9455 9462 9458 9456 9452 9451 9455 9462 9470 9468 9471 9473 9476 9477 9477 9480 9487 9490 9490 9490 9484 9491 9500 9505 9507 9507 9503 9505 9516 9530 9548 9591 9612 9544 9429 9297 9166 9084 9172 9377 9553 9537 9518 9521 9533 9530 9550 9576 9596 9617 9650 9655 9652 9646 9641 9637 9628 9618 9610 9606 9606 9602 9599 9594 9589 9604 9618 9619 9612 9607 9608 9604 9600 9598 9612 9649 9676 9761 9842 9904 9900
