real_craters/C191-500m.grd
DSAA
359 359
-89.4075 89.4075
-89.4075 89.4075
7967.0011065693 10587.401182565
[rows 150 to 179 of 359, columns 0 to 66 of 359]
9722.99 9724.39 9724.19 9721.76 9716.51 9709.21 9703.96 9704.77 9707.31 9708.69 9706.93 9704.64 9706 9706.7 9702.06 9693.91 9686.25 9678.57 9669.84 9664.07 9658.43 9655.87 9653.86 9650.64 9645.95 9639.55 9634.1 9627.22 9618.8 9608.94 9610.02 9621.29 9630.55 9637.01 9640.15 9637.31 9633.89 9631.46 9631.35 9634.05 9634.13 9629.46 9625.01 9621.38 9617.03 9613.35 9609.88 9607.17 9605.4 9604.67 9602.72 9596.24 9592.95 9591.4 9591.05 9596.44 9599.94 9597.48 9594.37 9591.49 9589.31 9591.12 9589.28 9586.3 9575.21 9556.53 9531.84
9722.39 9727.01 9728.53 9727.97 9725.36 9721.11 9722.14 9716.75 9711.4 9708.62 9707.03 9704.4 9707.34 9714.57 9711.65 9702.43 9693.94 9686.22 9679.07 9672.61 9666.79 9660.97 9656.68 9652.88 9648.92 9643.34 9638.18 9632.4 9629.43 9631.08 9632.09 9636.89 9643.99 9650.27 9654.85 9656.35 9649.61 9640.51 9638.39 9639.7 9639.33 9635.15 9630.71 9626.63 9622.33 9619.02 9615.89 9613.17 9610.37 9607.7 9605.37 9602.35 9601.18 9600.85 9606.61 9618.62 9622.72 9617.23 9611.77 9607.13 9601.57 9595.73 9601.19 9599.81 9590.08 9573.47 9553.59
9727.75 9732.29 9735.37 9736.71 9737.42 9737.22 9738.34 9724.52 9714.6 9709.17 9706.5 9703.73 9707.32 9713.44 9713.43 9707.49 9700.14 9693.23 9686.86 9680.22 9672.14 9665.04 9659.81 9655.81 9652.57 9651.39 9644.42 9636.5 9634.65 9644.33 9646.93 9650.53 9656.02 9662.88 9670.03 9674.72 9655.21 9644.19 9643.02 9643.94 9644.05 9638.63 9634.56 9630.09 9627.13 9623.97 9618.79 9616.56 9613.09 9609.48 9605.18 9601.06 9600.66 9600.34 9609.62 9624.33 9633.75 9628.58 9623.21 9619.85 9617.62 9618.07 9617.76 9616.97 9608.01 9593.33 9577.83
9736.6 9740.06 9743.12 9745.02 9747.54 9744.9 9734.96 9722.67 9713.46 9708.63 9704.73 9701 9707.62 9715.16 9714.89 9709.87 9703.72 9697.7 9692.47 9684.48 9673.48 9666.91 9662.15 9657.94 9654.78 9650.36 9644.35 9638.38 9632.75 9642.12 9656.62 9660.44 9665.63 9671.55 9677.7 9679.27 9661.09 9650.68 9648.76 9647.49 9643.25 9641.78 9637.75 9633 9628.64 9624.36 9620.02 9615.97 9612.21 9609.03 9605.87 9601.92 9598.18 9597.04 9600.92 9619.96 9634.29 9631.21 9627.25 9627.11 9628.95 9630.25 9629.2 9628.88 9622.83 9611.41 9599.03
9745.3 9746.57 9748.11 9749.95 9750.75 9745.08 9735.7 9715.91 9710.87 9709.59 9707.94 9704.84 9710.58 9715.89 9713.85 9709.87 9704.49 9699.08 9692.39 9680.11 9671.51 9668.38 9664.86 9661.37 9656.83 9650.49 9645.39 9644.12 9643.39 9652.34 9660.85 9667.47 9673.47 9677.75 9678.6 9677.46 9667.77 9659.88 9656.12 9654.15 9652.67 9647.82 9641.7 9636.37 9631.9 9626.93 9623.03 9619.32 9615.31 9611.11 9606.27 9599.83 9591.78 9587.19 9580.87 9588.26 9619.74 9620.69 9623.01 9628.15 9633.7 9632.4 9633.9 9637.64 9635.46 9627.22 9615.27
9754.31 9751.43 9749.82 9749.61 9753.57 9740.15 9724.41 9713.08 9710.75 9711.97 9716.02 9723.22 9721.04 9711.93 9712.41 9709.25 9704.65 9699.33 9694.21 9686.09 9674.92 9671.1 9668.07 9665.48 9662.41 9658.98 9656.75 9655.08 9658.13 9665.98 9666.64 9675.39 9681.15 9683.85 9684.51 9681.13 9675 9668.14 9662.83 9659.95 9659.29 9651.56 9644.32 9639.01 9634.68 9630.56 9626.09 9622.52 9618.11 9613.1 9607.87 9601.27 9591.77 9585.76 9571.18 9570.19 9585.86 9599.36 9611.31 9623.71 9635.65 9638.25 9642.76 9651.07 9651.45 9642.17 9629.9
9759.47 9753.09 9747.47 9741.45 9735.03 9726.89 9717.25 9711.17 9710.26 9713.81 9720.88 9730.88 9724.35 9717.34 9713.82 9708.8 9703.38 9697.65 9691.6 9685.44 9679.72 9674.32 9670.95 9669.12 9667.98 9667.97 9666.26 9663.04 9665.91 9675.1 9684.42 9686.4 9687.17 9688.86 9688.21 9687.01 9680.78 9673.16 9667.2 9661.69 9655.55 9649.98 9644.65 9639.78 9636.4 9633.27 9629.32 9624.93 9620.85 9616.1 9610.94 9604.65 9589.72 9575.07 9569.61 9563.9 9563.57 9580.23 9597.04 9614.68 9632.34 9643.94 9653.89 9662.24 9663.47 9653.54 9642.25
9759.78 9750.93 9742.41 9733.41 9722.93 9717.99 9712.09 9708.5 9708.71 9712.31 9718.03 9724.41 9736.08 9726.74 9715.25 9707.48 9701.26 9695.31 9688.78 9682.77 9679.94 9676.19 9673.32 9671.54 9671.63 9673.78 9676.98 9666.11 9656.55 9669.36 9684.4 9688.32 9689.23 9693.98 9695.68 9694.37 9687.15 9677.68 9671.16 9663.42 9655.41 9648.15 9644.02 9640.2 9636.96 9633.35 9631.18 9627.52 9624.34 9619.99 9614.14 9601.98 9598.13 9588.49 9574.8 9565.14 9563.25 9569.59 9581.4 9598.48 9626.97 9639.21 9655.54 9662.95 9665.11 9657.05 9647.2
9755.61 9745.69 9736.15 9727.88 9722.12 9714.6 9709.22 9706.25 9706.22 9708.35 9711.37 9714.31 9717.58 9716.07 9710.35 9704.65 9699.37 9694.09 9688.29 9681.74 9680.03 9677.26 9674.85 9673.15 9672.44 9672.81 9673.03 9669.33 9666.15 9664.03 9671.08 9675.18 9682.52 9695.82 9712.26 9705.21 9694.78 9685.15 9677.15 9666.33 9654.51 9646.52 9644.35 9642.24 9638.93 9636.87 9632.92 9629.84 9626.78 9623.14 9619.95 9617.26 9618.29 9602.68 9583.91 9569.97 9562.79 9561.29 9565.16 9570.63 9580.86 9612.22 9639.4 9648.16 9656.78 9652.39 9645.72
9748.15 9738.28 9728.13 9717.77 9711.25 9706.69 9704.45 9703.23 9703.11 9704.52 9705.25 9704.67 9699.8 9703.33 9703.39 9700.78 9697.36 9693.73 9690.29 9684.63 9680.17 9678.03 9675.68 9673.55 9671.49 9668.46 9662.75 9665.64 9664.23 9657.93 9647.19 9647.99 9669.94 9686.95 9697.97 9703.52 9700.5 9699.47 9684.52 9670.73 9658.87 9650.27 9648.02 9645.01 9641.76 9638.72 9636.23 9633.61 9630.16 9628.7 9627.31 9627.75 9622.06 9613.09 9591.39 9577.14 9563.01 9555.23 9553.9 9553.62 9559.11 9577.27 9596 9617.15 9638.37 9638.64 9635.66
9738.61 9729.98 9720.39 9709.32 9703.32 9702.09 9701.64 9700.96 9700.76 9702.36 9702.96 9701.88 9699.66 9699.61 9699.48 9697.88 9695.64 9692.57 9691.48 9688.74 9682.79 9679.18 9676.31 9673.71 9671.1 9668.1 9667.05 9664.94 9660.8 9656.43 9650.31 9652.72 9667.51 9677.46 9690.26 9695.44 9694.29 9690.34 9682.84 9673.65 9665.63 9658.61 9654.14 9649.49 9645.25 9641.27 9638.55 9635.3 9633.18 9631.52 9630.04 9629.72 9627.29 9621.94 9612.93 9590.2 9567.38 9554.36 9552 9550.38 9550.07 9551.42 9551.36 9578 9605.66 9610.91 9615.72
9727.73 9722.41 9715.72 9707.81 9703.7 9703.2 9702.35 9701.7 9701.45 9703.44 9704.52 9703.98 9702.04 9699.11 9697.68 9696.15 9694.23 9691.09 9687.13 9684.84 9681.84 9678.07 9674.76 9671.54 9668.52 9666.07 9663.54 9661.14 9659.32 9662.47 9670.47 9681.49 9672.77 9671.28 9679.64 9684.88 9685.32 9685.66 9679.71 9674.13 9670.25 9669.17 9659.4 9651.36 9646.24 9642.29 9638.28 9635.72 9633.62 9631.9 9631.8 9631.45 9635.69 9631.37 9626.49 9604.99 9580.66 9564.39 9560.04 9554.51 9549.06 9543.33 9538.99 9549.81 9556.3 9574.59 9592.74
9717.21 9715.69 9713.43 9711.43 9707.3 9704.31 9704.84 9705.01 9704.85 9706.99 9707.68 9707.25 9702.82 9698.34 9698.18 9696 9692.67 9689.02 9685.35 9682.04 9679.48 9678.01 9675.33 9671.5 9667.89 9664.84 9662.32 9661.97 9662.74 9667.32 9673.76 9677.04 9672.52 9668.36 9672.15 9674.68 9676.61 9675.78 9673.44 9671.02 9668.4 9660.21 9658.21 9652.28 9646.71 9641.77 9639.19 9637.32 9635.69 9634.7 9634.67 9632.28 9631.37 9635.54 9634.51 9620.28 9601.83 9586.23 9577.92 9569.06 9557.61 9548.1 9542.41 9544.19 9549.73 9561.75 9575.67
9708.29 9709.46 9710.01 9711.69 9709.54 9708.3 9708.2 9710.14 9712.72 9712.76 9711.37 9709.45 9700.95 9703.85 9701.56 9697.11 9692.22 9688.21 9685.2 9682.76 9681.43 9678.32 9675.5 9672.11 9668.32 9664.73 9663.8 9666.5 9665.89 9670.29 9674.64 9674.54 9670.41 9662.97 9663.33 9667.92 9669.58 9667.76 9666.72 9666.91 9664.96 9663.33 9658.05 9652.56 9648.51 9644.56 9641.25 9639.59 9638.46 9636.55 9636.98 9638.73 9640.16 9641.07 9643.62 9634.36 9625 9618.66 9596.75 9581.61 9567.02 9556.16 9552.55 9549.15 9548.13 9553.03 9561.95
9701.2 9703.07 9704.05 9703.64 9707.14 9707.82 9709.33 9712.96 9717.27 9716.69 9713.77 9710.37 9713.51 9716.02 9704.77 9697.26 9691.78 9687.14 9681.53 9681.86 9680.82 9679.34 9677.36 9673.78 9669.26 9664.06 9659.16 9665.93 9668.47 9673.46 9677.18 9679.32 9673 9663.67 9662.59 9664.73 9665.98 9667.52 9667.84 9663.8 9661.26 9660.13 9655.19 9650.68 9647.91 9645.3 9642.89 9641.47 9639.95 9638.82 9639.33 9642.6 9656.98 9655.54 9649.27 9643.43 9635.41 9622.36 9605.94 9585.58 9572.05 9559.69 9551.63 9543.04 9533.03 9534.16 9550.19
9695.55 9697.53 9699.43 9700.24 9700.96 9703.42 9706.68 9711.32 9715.91 9716.41 9713.77 9711.59 9707.04 9707.15 9701.79 9695.98 9690.7 9686.44 9685.42 9683.27 9680.2 9682.82 9680.58 9676.53 9671.77 9666.6 9660.09 9656.79 9671.64 9675.78 9677.98 9678.81 9674.5 9670.67 9665.51 9663.36 9663.01 9663.33 9662.06 9659.78 9656.13 9650.18 9648.66 9648.71 9647.19 9644.99 9643.71 9642.17 9640.77 9641.06 9641.62 9645.32 9658.23 9659.27 9652.25 9649.8 9641.61 9627.3 9615.9 9601.41 9578.09 9560.09 9543.21 9530.42 9526.68 9530.48 9545.27
9689.49 9691.62 9695.08 9696.48 9697.26 9697.12 9700.19 9704.83 9710.9 9711.01 9708.93 9708.44 9699 9693.53 9696.41 9694.34 9689.52 9684.32 9681.49 9686.49 9690.45 9689.36 9684.39 9678.85 9674.46 9671.41 9672.55 9681.26 9679.37 9678.01 9677.11 9675.41 9670.01 9664.18 9662.48 9660.52 9659.88 9659.68 9658.52 9655.64 9652.61 9650.78 9648.85 9647.4 9646.05 9644.96 9643.89 9642.8 9642.15 9641.96 9640.84 9640.88 9653.6 9670.54 9665.82 9657.85 9647.96 9642.07 9620.38 9599.25 9578.89 9561.55 9544.56 9530.8 9535.08 9541.12 9549.91
9682.13 9683.77 9685.93 9686.14 9683.61 9687.73 9691.8 9695.04 9696.46 9697.56 9699.51 9699.97 9696.72 9696.63 9697.55 9694.13 9689.28 9684.29 9683.44 9689.74 9698 9694.68 9686.33 9680.18 9675.51 9673.76 9676.38 9683.18 9681.35 9679.24 9675.47 9669.13 9663.18 9660.51 9658.91 9657.62 9656.49 9655.15 9654.13 9651.18 9649.77 9649.03 9648.66 9645.88 9643.94 9642.44 9641.78 9641.5 9641.49 9642.94 9645.75 9647.86 9645.15 9638.58 9662.15 9656.28 9644.21 9631.82 9607.38 9585.66 9576.06 9566.43 9558.66 9560.78 9550.72 9553.54 9555.11
9674.41 9675.42 9675.41 9675.49 9675.17 9679.88 9683.92 9686.24 9687.05 9688.17 9690.94 9692.23 9697.88 9707.35 9701.61 9694.78 9689.65 9686.78 9686.53 9689.92 9694.94 9692.65 9685.36 9679.37 9674.8 9672.82 9674.74 9677.32 9680.67 9679.79 9674.61 9667.35 9660.78 9656.41 9655.68 9654.71 9653 9650.42 9648.03 9646.17 9645.83 9645.78 9645.21 9642.64 9641.27 9640.17 9639.6 9639.68 9640.5 9642.46 9645.48 9644.98 9638.96 9635.73 9642.8 9641.55 9631.5 9614.44 9592.65 9580.32 9576.8 9572.4 9569.04 9566.24 9561.42 9559.72 9562.85
9667.03 9668.26 9670.55 9671.96 9674.21 9675.91 9678.61 9680.54 9680.77 9681.05 9685.82 9689.34 9692.12 9697.18 9697.17 9692.74 9689.46 9687.26 9686.57 9686.69 9687.4 9685.12 9680.48 9677.42 9673.93 9670.24 9668.91 9678.5 9685.32 9681.72 9675.14 9667.75 9660.1 9655.8 9654.98 9653.24 9650.62 9646.59 9641.51 9641.5 9642.5 9641.43 9638.7 9639.83 9639.6 9638.38 9637.78 9637.43 9638.26 9639.36 9640.86 9642.04 9642.67 9643.63 9640.27 9633.4 9620.32 9604.97 9592.91 9588.27 9582.99 9578.25 9574.69 9572.7 9571.1 9572.68 9572.09
9660.71 9661.92 9661.89 9666.16 9670.22 9672.69 9675.54 9677.92 9679.43 9679.87 9679.84 9681.38 9682.13 9684.09 9688.97 9689.98 9687.54 9688.73 9685.41 9683 9677.87 9673.16 9676.55 9676.21 9673.56 9669.11 9667.35 9684.88 9691.49 9682.78 9675.32 9668.91 9664.41 9660.53 9656.42 9653.18 9650.2 9646.65 9641.55 9642.27 9642.99 9640.94 9639.02 9638.7 9638.12 9637.08 9635.72 9633.9 9633.15 9633.45 9635.86 9637.39 9640.49 9639.75 9628.23 9619.25 9609.2 9608.53 9609.99 9602.08 9591.3 9583.38 9578.5 9574.01 9573.49 9574.98 9574.68
9654.95 9657.59 9660.4 9661.12 9664.86 9669.69 9673.86 9677.38 9680.42 9683.27 9673.13 9675.24 9678.77 9676.02 9685.71 9692.22 9687.36 9674.63 9683.06 9685.72 9682.55 9680.84 9681.06 9680.34 9676.89 9672.49 9669.67 9680.01 9682.79 9676.15 9670.81 9667.92 9667.48 9661.85 9656.43 9653 9650.74 9649.92 9650.76 9649.63 9646.15 9642.96 9640.01 9638.92 9637.1 9634.58 9632.16 9629.7 9626.99 9625.02 9624.67 9626.98 9625.06 9616.35 9594.4 9574.77 9592.44 9609.09 9622.64 9609.36 9598.63 9587.5 9582.44 9581.35 9580.2 9574.72 9573.41
9651.63 9653.04 9654.69 9656.69 9662.3 9668.86 9674.38 9678.83 9681.71 9679.4 9690.25 9686.56 9687.95 9690.03 9702.8 9706.91 9706.98 9695.46 9698.43 9697.29 9694.4 9692.96 9692.74 9690.67 9685.41 9677.23 9671.2 9667.78 9665.32 9666.72 9665.9 9663.71 9659.65 9656.38 9654.07 9651.52 9650.02 9650.47 9654.75 9653.73 9646.86 9644.73 9644.34 9641.11 9636.22 9632.2 9628.26 9624.73 9620.7 9616.12 9611.79 9617.66 9619.03 9598.21 9575.28 9565.48 9585.89 9602.34 9609.87 9605.39 9598.57 9587.45 9581.52 9580.34 9575.62 9574.65 9577.84
9652.18 9650.42 9650.96 9654.09 9663.05 9671.01 9676.59 9681.14 9685.58 9694.18 9693.31 9694.74 9700.57 9718.68 9723.45 9719.3 9729.33 9740.16 9718.99 9710.93 9709.78 9709.63 9708.34 9704.67 9699.82 9690.08 9669.68 9668.06 9661.87 9663.43 9665.1 9661.36 9657.64 9650.51 9647.53 9645.68 9644.91 9645.29 9643.39 9640.35 9641.93 9642.76 9644.86 9639.73 9633.22 9628.21 9623.56 9619.29 9615.37 9612.24 9611.37 9611.16 9611.91 9589.15 9583.78 9588.73 9598.45 9603.21 9599.96 9599.6 9595.57 9587.67 9579.75 9565.29 9559.59 9578.25 9585.6
9659.67 9658.6 9662.06 9666.73 9673.22 9676.74 9680.03 9683.4 9686.49 9686.44 9690.81 9695.06 9701.62 9705.79 9707.42 9714.78 9717.33 9720.98 9718.68 9715.86 9717.82 9728.01 9719.41 9716.18 9716.24 9721.25 9711.15 9686.96 9660.35 9673.57 9671.49 9662.05 9650.82 9645.07 9643.55 9642.89 9642.34 9640.63 9637.23 9634.14 9636.35 9636.53 9633.54 9630.54 9627.73 9623.47 9618.97 9614.95 9610.59 9605.62 9603.17 9602.3 9599.63 9600.59 9607.26 9622.37 9621.52 9614.84 9606.48 9598.89 9593.35 9589.39 9585.25 9584.72 9591.26 9590.66 9593.52
9671.59 9689.25 9691.61 9697.81 9685.18 9681.62 9681.87 9683.75 9686.46 9690.36 9689.63 9693.57 9700.11 9704.74 9712.82 9708.04 9701.08 9701.2 9707.94 9712.44 9714.98 9714.88 9717.4 9719.19 9721.72 9726.05 9724.67 9715.52 9720.54 9706.19 9690.45 9670.67 9648.44 9642.78 9639.89 9639.25 9638.33 9637.7 9635.62 9633.28 9632.93 9631.6 9630.14 9627.98 9622.95 9618.43 9614.35 9611.06 9607.4 9603.09 9598.05 9596.63 9598.23 9603.47 9618.57 9643.1 9633.16 9617.42 9606.24 9597.74 9592.67 9589.94 9590.24 9593.58 9599.31 9595.59 9594.13
9674.82 9682.75 9684.66 9681.35 9683.1 9681.39 9681.11 9682.9 9684.94 9687.59 9690.24 9694.36 9699.87 9705.94 9708.68 9703.68 9697.65 9698.37 9703.72 9708.13 9711.17 9713.46 9715.2 9718.14 9721.24 9717.93 9717.09 9729.5 9740.63 9727.74 9713.39 9700.26 9676.05 9642.78 9643.19 9641.94 9639.31 9636.26 9633.84 9633.08 9627.61 9625.41 9625.21 9622.86 9616.6 9612.79 9609.72 9606.75 9605.34 9606.26 9602.68 9596 9596.05 9610.68 9623.51 9624 9617.81 9608.14 9599.85 9595.16 9592.31 9590.68 9591.01 9591.81 9592.42 9592.58 9594.43
9670.32 9673.61 9673.52 9674.41 9677.51 9678.85 9679.26 9680.12 9681.18 9681.93 9686.27 9694.69 9698.97 9699.46 9698.01 9701.09 9701.08 9700.17 9702.03 9704.59 9707.84 9709.93 9712.36 9715.68 9721.74 9736.6 9731.51 9728.54 9728.62 9727.42 9729.34 9729.06 9712.63 9672.07 9657.97 9649.81 9643.53 9636.88 9631.09 9624.13 9620.59 9616.96 9612.37 9607.2 9607.57 9606.13 9604.77 9603.45 9602.2 9600.41 9602.3 9603.68 9607.28 9616.28 9620.38 9608.23 9602.05 9602.16 9597.16 9593.31 9591.75 9591.14 9590.92 9589.89 9586.79 9588.49 9588.21
9664.89 9660.73 9668.92 9672.6 9674.39 9674.55 9674.44 9676.01 9678.55 9685.02 9694.75 9699.83 9702.62 9701.36 9700.27 9699.4 9700.26 9699.55 9700.17 9701.78 9704.05 9707.11 9708.88 9709.08 9710.06 9717.05 9725.02 9721.21 9712.84 9719.66 9735.7 9754.15 9740.46 9699.72 9675.27 9661 9649.3 9639.37 9630.62 9624.02 9616.2 9609.11 9604.79 9600.12 9600.83 9601.52 9601.46 9601.32 9600.88 9598.97 9604.91 9609.63 9611.82 9611.48 9606.56 9597.19 9592.17 9593.48 9593.17 9591.91 9591.37 9591.75 9592.07 9591.86 9591.71 9591.99 9591.71
9659.94 9657.93 9672.65 9676.16 9672.98 9671.67 9670.92 9672.73 9677.27 9684.33 9699.46 9708.39 9709.01 9706.66 9702.35 9697.56 9692.96 9697.23 9698.3 9699.15 9700.05 9701.11 9700.97 9704.74 9700.87 9690.21 9710.21 9716.24 9715.3 9719.33 9729.05 9738.47 9729.77 9703.47 9686.52 9671.3 9656.43 9641.94 9628.9 9618.09 9607.57 9600.76 9597.76 9603.59 9596.68 9597.12 9598.75 9600.88 9604.3 9608.38 9615.7 9619.54 9616.98 9608.6 9598.37 9591.69 9589.67 9593.27 9590.68 9589.42 9590.84 9592.38 9593.63 9595.69 9598.8 9600.62 9601.18
