real_craters/C191-750m.grd
DSAA
239 239
-89.4075 89.4075
-89.4075 89.4075
7967.9297477669 10540.276990739
[rows 37 to 73 of 239, columns 83 to 165 of 239]
9310 9303 9313 9316 9312 9308 9307 9308 9315 9322 9318 9301 9293 9292 9288 9284 9279 9274 9264 9251 9244 9241 9238 9237 9243 9233 9240 9251 9249 9252 9269 9267 9265 9275 9292 9316 9337 9325 9318 9313 9307 9297 9290 9287 9289 9292 9311 9335 9350 9345 9347 9347 9339 9338 9335 9328 9318 9308 9307 9308 9310 9310 9297 9284 9276 9288 9304 9303 9291 9282 9279 9279 9279 9285 9288 9285 9283 9277 9276 9294 9297 9297 9299
9314 9329 9324 9314 9310 9307 9308 9315 9317 9322 9315 9300 9291 9290 9287 9283 9279 9274 9265 9255 9248 9243 9239 9240 9251 9236 9238 9244 9244 9269 9268 9273 9272 9272 9293 9314 9324 9326 9323 9314 9310 9299 9288 9285 9296 9299 9317 9336 9341 9349 9346 9346 9338 9337 9333 9326 9319 9308 9286 9306 9311 9309 9298 9285 9277 9295 9323 9313 9292 9279 9284 9295 9297 9291 9286 9294 9285 9278 9279 9297 9304 9303 9300
9322 9333 9319 9308 9302 9299 9298 9301 9308 9315 9308 9298 9291 9288 9286 9284 9282 9276 9269 9258 9250 9246 9242 9243 9248 9244 9244 9246 9248 9264 9287 9284 9281 9285 9308 9316 9321 9327 9328 9326 9314 9299 9288 9286 9301 9304 9324 9341 9347 9344 9338 9341 9345 9339 9334 9328 9319 9309 9307 9306 9315 9313 9299 9287 9281 9298 9313 9310 9288 9272 9290 9301 9304 9298 9289 9288 9284 9284 9290 9307 9307 9305 9303
9336 9302 9300 9297 9295 9292 9288 9288 9296 9294 9296 9290 9289 9288 9287 9286 9284 9282 9274 9268 9264 9253 9248 9247 9242 9245 9252 9260 9255 9273 9292 9291 9289 9300 9304 9325 9330 9328 9328 9332 9310 9299 9292 9291 9309 9325 9337 9344 9340 9328 9324 9329 9337 9338 9335 9330 9327 9309 9310 9307 9307 9308 9300 9290 9279 9301 9316 9314 9297 9286 9306 9340 9321 9302 9290 9274 9280 9286 9296 9306 9305 9302 9300
9334 9307 9294 9292 9291 9288 9285 9286 9293 9302 9295 9292 9289 9289 9289 9289 9286 9281 9277 9272 9265 9270 9270 9252 9244 9250 9255 9261 9259 9272 9299 9296 9285 9290 9330 9339 9332 9327 9319 9300 9297 9301 9306 9314 9328 9344 9350 9349 9335 9323 9320 9329 9336 9337 9335 9331 9324 9308 9313 9310 9306 9308 9302 9296 9296 9305 9316 9318 9308 9310 9306 9314 9310 9292 9278 9273 9280 9287 9292 9300 9303 9302 9300
9329 9317 9300 9294 9291 9289 9285 9285 9289 9292 9290 9288 9289 9291 9293 9294 9293 9285 9285 9280 9277 9270 9259 9250 9245 9246 9251 9253 9252 9268 9303 9297 9288 9298 9330 9341 9338 9330 9319 9307 9303 9306 9316 9328 9335 9349 9358 9358 9348 9333 9322 9330 9337 9337 9335 9330 9323 9309 9320 9320 9325 9313 9304 9298 9299 9308 9319 9323 9312 9293 9294 9282 9290 9280 9274 9279 9286 9294 9302 9300 9301 9300 9298
9331 9326 9303 9297 9294 9292 9290 9288 9285 9285 9286 9285 9290 9293 9296 9299 9303 9308 9294 9286 9279 9261 9242 9242 9240 9243 9249 9251 9254 9266 9286 9292 9290 9309 9332 9342 9340 9330 9318 9312 9308 9307 9313 9325 9339 9352 9362 9368 9354 9332 9324 9326 9334 9336 9334 9330 9323 9316 9322 9325 9322 9317 9307 9297 9297 9307 9319 9327 9317 9312 9313 9314 9295 9281 9274 9280 9292 9304 9304 9307 9302 9299 9297
9326 9323 9311 9301 9297 9295 9294 9290 9285 9285 9291 9294 9294 9296 9298 9298 9299 9297 9295 9288 9274 9266 9249 9244 9244 9246 9249 9258 9270 9272 9288 9300 9303 9326 9357 9349 9333 9321 9313 9304 9297 9303 9313 9330 9348 9357 9358 9364 9363 9343 9329 9340 9341 9339 9335 9331 9326 9318 9320 9328 9329 9321 9314 9302 9301 9309 9313 9310 9313 9318 9318 9314 9300 9290 9280 9283 9297 9311 9321 9309 9305 9302 9298
9324 9314 9308 9304 9300 9297 9293 9289 9286 9288 9293 9296 9297 9298 9298 9299 9299 9297 9293 9291 9295 9280 9257 9248 9260 9245 9249 9255 9263 9285 9308 9303 9310 9343 9356 9339 9329 9316 9311 9302 9295 9303 9317 9338 9361 9371 9366 9371 9360 9354 9344 9350 9348 9341 9337 9331 9325 9318 9319 9330 9328 9325 9326 9329 9321 9314 9308 9302 9301 9302 9299 9298 9299 9293 9290 9292 9301 9309 9310 9312 9308 9303 9299
9333 9320 9314 9308 9303 9298 9293 9288 9283 9287 9294 9297 9297 9297 9299 9300 9300 9296 9292 9287 9281 9269 9254 9251 9250 9247 9253 9260 9277 9298 9313 9311 9320 9361 9361 9342 9337 9338 9319 9307 9303 9310 9325 9346 9367 9380 9374 9393 9385 9354 9348 9348 9347 9342 9337 9332 9328 9323 9318 9334 9335 9332 9337 9338 9333 9320 9309 9299 9295 9296 9295 9296 9300 9306 9293 9297 9306 9315 9317 9317 9310 9303 9297
9337 9325 9317 9312 9307 9300 9294 9290 9287 9289 9296 9297 9297 9298 9299 9300 9299 9296 9289 9281 9268 9257 9259 9256 9249 9256 9262 9273 9297 9310 9316 9315 9338 9369 9380 9351 9343 9330 9324 9313 9309 9318 9335 9354 9369 9383 9395 9275 9411 9352 9351 9352 9345 9341 9337 9333 9335 9324 9326 9338 9340 9338 9347 9356 9339 9324 9312 9300 9297 9298 9298 9298 9300 9298 9302 9305 9311 9317 9316 9318 9308 9301 9295
9326 9327 9326 9320 9308 9300 9295 9292 9289 9289 9291 9294 9295 9298 9299 9297 9291 9291 9288 9280 9267 9252 9253 9256 9253 9263 9273 9287 9320 9318 9319 9344 9362 9371 9371 9369 9348 9325 9313 9314 9320 9332 9348 9364 9377 9389 9391 9377 9372 9351 9347 9339 9342 9341 9339 9335 9332 9330 9336 9343 9352 9355 9339 9319 9327 9324 9318 9313 9311 9309 9305 9304 9300 9297 9307 9313 9314 9313 9311 9309 9301 9295 9291
9340 9332 9322 9312 9308 9302 9297 9295 9292 9290 9286 9291 9294 9297 9298 9298 9297 9293 9290 9285 9279 9266 9258 9265 9269 9266 9284 9319 9317 9314 9327 9352 9362 9370 9381 9369 9346 9324 9311 9317 9329 9348 9366 9373 9381 9388 9377 9381 9370 9359 9360 9347 9344 9343 9342 9342 9337 9338 9333 9342 9360 9377 9348 9325 9326 9327 9325 9323 9326 9328 9327 9313 9303 9306 9323 9321 9320 9315 9307 9297 9292 9289 9286
9348 9334 9323 9314 9309 9306 9302 9299 9299 9296 9299 9295 9295 9295 9297 9298 9300 9296 9293 9292 9292 9291 9278 9268 9269 9275 9295 9322 9310 9307 9316 9323 9345 9356 9360 9345 9342 9329 9317 9326 9340 9356 9370 9375 9377 9378 9372 9370 9369 9365 9361 9348 9345 9345 9345 9346 9341 9338 9333 9333 9344 9346 9354 9353 9340 9333 9329 9329 9332 9342 9343 9317 9305 9308 9323 9325 9325 9321 9306 9295 9289 9286 9282
9331 9329 9323 9318 9312 9305 9303 9303 9300 9297 9295 9297 9297 9296 9295 9293 9293 9295 9296 9298 9300 9304 9296 9286 9292 9311 9336 9327 9314 9315 9317 9321 9333 9344 9344 9338 9342 9337 9330 9337 9350 9363 9367 9371 9372 9367 9363 9366 9366 9363 9361 9350 9349 9348 9348 9347 9347 9348 9348 9340 9339 9339 9346 9349 9346 9340 9335 9332 9335 9345 9338 9313 9309 9316 9329 9327 9323 9317 9302 9294 9288 9284 9281
9323 9325 9323 9320 9317 9314 9309 9306 9304 9301 9299 9301 9300 9297 9294 9290 9288 9293 9296 9300 9302 9306 9308 9318 9321 9332 9336 9319 9320 9326 9329 9326 9335 9341 9342 9344 9344 9343 9341 9346 9356 9365 9367 9370 9370 9369 9366 9364 9374 9375 9357 9351 9351 9353 9353 9347 9342 9338 9337 9342 9338 9336 9350 9357 9352 9344 9336 9331 9329 9342 9338 9319 9321 9329 9332 9325 9316 9304 9298 9292 9287 9284 9280
9323 9323 9325 9329 9320 9315 9314 9313 9314 9316 9314 9310 9305 9299 9294 9291 9291 9292 9295 9298 9302 9306 9310 9318 9327 9330 9326 9321 9333 9343 9355 9336 9341 9344 9348 9351 9340 9344 9341 9352 9360 9369 9369 9372 9373 9372 9371 9374 9378 9373 9358 9356 9358 9360 9361 9360 9350 9348 9345 9338 9335 9330 9350 9361 9354 9346 9338 9331 9326 9345 9350 9337 9335 9335 9332 9323 9311 9303 9298 9295 9290 9288 9284
9326 9324 9323 9322 9318 9312 9319 9324 9329 9334 9329 9320 9312 9303 9294 9283 9284 9291 9295 9298 9299 9301 9305 9312 9328 9336 9338 9337 9357 9379 9382 9354 9343 9344 9346 9339 9344 9347 9363 9361 9366 9371 9373 9380 9382 9381 9381 9386 9384 9373 9367 9365 9366 9366 9368 9371 9359 9353 9346 9339 9340 9339 9353 9357 9353 9346 9339 9333 9330 9349 9359 9349 9346 9341 9332 9322 9312 9306 9303 9302 9299 9294 9287
9327 9324 9323 9321 9321 9322 9325 9337 9340 9348 9339 9328 9317 9307 9298 9291 9289 9294 9298 9301 9299 9301 9307 9312 9331 9343 9348 9359 9367 9375 9374 9357 9344 9345 9347 9346 9357 9348 9353 9370 9377 9374 9391 9395 9394 9392 9392 9391 9389 9382 9376 9377 9371 9368 9368 9369 9361 9352 9351 9347 9349 9344 9346 9350 9350 9346 9343 9341 9342 9360 9367 9359 9346 9340 9333 9322 9312 9311 9308 9307 9309 9298 9290
9329 9325 9324 9322 9322 9323 9324 9325 9337 9343 9341 9333 9322 9310 9300 9295 9296 9299 9305 9310 9315 9318 9322 9323 9338 9352 9366 9363 9370 9379 9373 9363 9346 9354 9358 9364 9355 9342 9372 9387 9397 9415 9425 9414 9406 9401 9399 9396 9389 9395 9373 9370 9372 9369 9364 9357 9355 9354 9350 9344 9347 9344 9342 9346 9351 9352 9347 9348 9352 9369 9371 9352 9341 9346 9336 9322 9311 9307 9307 9305 9299 9296 9290
9329 9325 9323 9321 9324 9326 9324 9331 9341 9345 9347 9339 9327 9314 9298 9290 9296 9305 9313 9322 9333 9333 9332 9334 9347 9359 9368 9365 9369 9370 9376 9369 9352 9372 9369 9359 9344 9353 9373 9393 9413 9431 9438 9426 9416 9408 9411 9399 9389 9385 9379 9380 9377 9372 9366 9361 9358 9363 9358 9337 9339 9339 9340 9345 9350 9354 9356 9359 9367 9382 9376 9357 9356 9354 9339 9322 9307 9305 9304 9301 9298 9293 9290
9331 9328 9324 9322 9321 9322 9319 9326 9350 9365 9356 9346 9334 9320 9303 9291 9301 9311 9320 9328 9332 9333 9330 9336 9350 9362 9363 9365 9371 9375 9384 9369 9386 9390 9380 9372 9371 9376 9379 9397 9426 9441 9436 9432 9423 9412 9406 9400 9387 9389 9391 9392 9382 9377 9374 9363 9370 9371 9361 9336 9341 9337 9338 9350 9357 9359 9362 9366 9378 9390 9378 9361 9358 9353 9338 9323 9311 9307 9304 9300 9295 9291 9289
9335 9331 9327 9324 9323 9319 9316 9324 9351 9365 9359 9350 9339 9328 9313 9306 9313 9320 9327 9334 9338 9335 9332 9338 9347 9364 9373 9374 9379 9385 9397 9388 9378 9388 9382 9378 9377 9385 9391 9405 9430 9442 9441 9438 9429 9419 9409 9402 9395 9396 9393 9386 9384 9379 9378 9379 9375 9373 9357 9338 9344 9344 9354 9365 9367 9368 9369 9372 9378 9390 9376 9360 9353 9347 9334 9321 9309 9309 9305 9300 9295 9290 9286
9340 9335 9330 9326 9321 9319 9319 9327 9345 9356 9356 9352 9345 9337 9327 9323 9326 9330 9333 9337 9343 9341 9339 9346 9357 9363 9370 9384 9386 9397 9411 9403 9409 9387 9379 9371 9364 9388 9402 9419 9434 9446 9452 9447 9435 9422 9407 9418 9415 9405 9400 9397 9388 9380 9376 9385 9386 9373 9363 9355 9359 9359 9375 9377 9374 9374 9375 9375 9373 9374 9379 9360 9340 9336 9328 9318 9319 9310 9306 9301 9296 9291 9287
9345 9339 9334 9331 9326 9321 9321 9328 9337 9347 9353 9352 9349 9345 9340 9338 9337 9337 9337 9337 9338 9345 9350 9359 9366 9366 9376 9382 9382 9386 9389 9398 9393 9386 9379 9371 9373 9393 9411 9427 9434 9448 9456 9453 9443 9432 9431 9422 9427 9407 9402 9397 9386 9379 9375 9388 9380 9373 9371 9371 9370 9359 9365 9372 9377 9378 9380 9380 9378 9388 9394 9389 9359 9337 9322 9312 9310 9309 9306 9303 9300 9298 9290
9344 9341 9339 9337 9331 9326 9325 9334 9344 9351 9353 9351 9350 9347 9350 9348 9345 9343 9344 9346 9349 9355 9368 9377 9383 9379 9372 9368 9375 9379 9382 9390 9395 9393 9383 9380 9389 9398 9417 9431 9441 9452 9464 9458 9449 9445 9442 9434 9424 9414 9418 9406 9397 9383 9374 9385 9377 9382 9379 9383 9369 9377 9373 9376 9379 9382 9385 9389 9392 9392 9394 9394 9326 9324 9316 9308 9302 9308 9305 9302 9298 9291 9288
9344 9344 9346 9346 9340 9335 9331 9341 9366 9357 9352 9349 9347 9344 9345 9347 9347 9347 9349 9352 9357 9361 9370 9383 9400 9401 9388 9384 9380 9374 9386 9387 9390 9381 9383 9385 9391 9408 9425 9440 9451 9456 9455 9451 9444 9443 9447 9442 9437 9424 9418 9408 9398 9390 9386 9381 9374 9377 9378 9379 9385 9384 9379 9378 9381 9384 9389 9395 9402 9393 9384 9381 9338 9322 9318 9319 9319 9311 9306 9302 9297 9291 9287
9346 9350 9354 9359 9365 9354 9337 9340 9341 9348 9348 9346 9344 9339 9337 9342 9347 9350 9352 9352 9358 9364 9369 9383 9403 9403 9395 9398 9390 9377 9379 9384 9379 9382 9383 9385 9391 9412 9430 9443 9457 9459 9457 9451 9441 9439 9442 9441 9433 9429 9427 9421 9410 9381 9400 9394 9379 9369 9379 9388 9387 9388 9379 9377 9380 9385 9391 9396 9395 9384 9370 9361 9346 9325 9319 9314 9313 9311 9307 9302 9299 9295 9291
9362 9360 9360 9361 9357 9351 9351 9344 9341 9343 9343 9342 9340 9335 9333 9341 9349 9355 9359 9361 9366 9373 9381 9387 9392 9393 9396 9405 9397 9387 9390 9389 9384 9381 9384 9385 9389 9413 9435 9449 9461 9461 9458 9449 9435 9441 9440 9430 9436 9438 9432 9426 9409 9380 9378 9403 9382 9373 9381 9393 9394 9379 9376 9377 9382 9387 9391 9393 9394 9374 9356 9347 9339 9328 9321 9317 9312 9309 9306 9302 9300 9299 9294
9376 9367 9362 9357 9352 9349 9349 9344 9342 9341 9340 9339 9338 9335 9336 9344 9355 9364 9371 9374 9378 9385 9389 9386 9391 9391 9397 9399 9394 9382 9391 9391 9385 9382 9384 9385 9391 9418 9441 9457 9466 9464 9456 9441 9433 9434 9438 9441 9449 9443 9439 9428 9401 9394 9374 9382 9378 9377 9382 9387 9383 9370 9378 9383 9385 9387 9388 9387 9383 9363 9345 9346 9340 9330 9320 9311 9310 9308 9304 9302 9298 9296 9293
9368 9367 9363 9355 9353 9350 9348 9340 9336 9338 9339 9340 9340 9337 9342 9351 9362 9375 9386 9390 9387 9382 9384 9387 9390 9400 9401 9401 9398 9394 9392 9391 9389 9380 9385 9390 9400 9423 9446 9457 9467 9466 9464 9462 9445 9441 9447 9465 9451 9439 9443 9443 9414 9404 9389 9377 9378 9382 9383 9383 9387 9388 9386 9383 9387 9387 9384 9377 9373 9354 9340 9339 9337 9331 9319 9311 9308 9308 9305 9301 9297 9292 9290
9372 9371 9369 9364 9359 9352 9350 9342 9338 9340 9341 9342 9342 9339 9344 9356 9370 9384 9399 9410 9393 9377 9376 9383 9388 9396 9403 9412 9418 9406 9398 9394 9396 9394 9395 9400 9410 9428 9452 9464 9475 9469 9469 9472 9461 9433 9445 9455 9457 9453 9456 9455 9427 9426 9399 9394 9395 9391 9388 9388 9390 9387 9388 9394 9393 9389 9384 9375 9361 9352 9342 9337 9338 9334 9321 9308 9311 9310 9307 9303 9297 9291 9287
9378 9377 9376 9372 9367 9364 9357 9348 9344 9345 9346 9348 9345 9347 9353 9364 9378 9390 9401 9406 9396 9383 9381 9381 9392 9398 9406 9415 9422 9415 9407 9408 9404 9407 9406 9410 9417 9428 9455 9476 9460 9460 9466 9462 9448 9438 9452 9463 9451 9477 9463 9451 9448 9432 9413 9402 9388 9391 9391 9394 9399 9395 9399 9396 9393 9391 9386 9381 9371 9354 9343 9346 9336 9326 9327 9325 9323 9316 9310 9304 9297 9292 9288
9376 9373 9378 9382 9369 9360 9356 9354 9350 9351 9353 9355 9357 9354 9361 9374 9386 9395 9400 9402 9399 9397 9395 9398 9416 9417 9410 9413 9413 9405 9403 9402 9407 9410 9411 9416 9425 9437 9472 9481 9457 9465 9468 9468 9453 9463 9460 9461 9476 9475 9464 9455 9437 9427 9421 9409 9396 9394 9394 9394 9398 9398 9402 9403 9401 9393 9387 9380 9370 9355 9343 9344 9337 9327 9342 9345 9333 9323 9316 9308 9302 9296 9291
9381 9376 9377 9375 9369 9356 9352 9351 9354 9357 9361 9365 9369 9376 9380 9386 9395 9403 9406 9408 9407 9399 9413 9426 9434 9424 9416 9411 9400 9398 9401 9407 9413 9423 9418 9416 9426 9443 9480 9486 9490 9484 9474 9465 9463 9482 9467 9454 9490 9472 9454 9444 9427 9423 9416 9418 9417 9402 9396 9390 9390 9397 9402 9401 9395 9392 9385 9376 9366 9354 9344 9341 9345 9357 9351 9348 9336 9324 9320 9313 9306 9299 9291
9392 9385 9381 9376 9373 9363 9348 9353 9357 9362 9368 9374 9378 9386 9391 9396 9404 9415 9428 9430 9427 9429 9437 9443 9444 9439 9427 9420 9415 9407 9406 9411 9421 9429 9425 9423 9435 9461 9482 9499 9502 9498 9484 9465 9468 9491 9485 9471 9472 9453 9441 9434 9433 9360 9415 9410 9414 9407 9398 9391 9385 9390 9400 9403 9403 9393 9382 9372 9363 9355 9349 9344 9346 9347 9341 9335 9333 9329 9323 9318 9313 9309 9307
9407 9405 9393 9384 9377 9362 9348 9355 9360 9367 9374 9381 9387 9394 9398 9403 9411 9420 9435 9438 9444 9458 9468 9474 9466 9466 9445 9434 9421 9414 9413 9414 9423 9438 9440 9427 9444 9471 9486 9505 9522 9521 9504 9479 9477 9488 9483 9477 9467 9451 9442 9441 9426 9419 9409 9404 9406 9405 9402 9399 9394 9387 9399 9399 9397 9388 9379 9371 9362 9354 9349 9346 9345 9339 9332 9331 9330 9329 9326 9322 9318 9315 9310
