real_craters/C191-300m.grd
DSAA
597 597
-89.4075 89.4075
-89.4075 89.4075
7965.9311976857 10594.963552088
[rows 60 to 89 of 597, columns 268 to 334 of 597]
9264.53 9263.84 9248.62 9241.97 9249.37 9253.63 9256.27 9257.83 9254.86 9241.6 9242.28 9247.18 9252.96 9258.31 9262.31 9260.94 9249.88 9243.48 9249.95 9258.71 9265.33 9261.85 9256.62 9250.92 9245.91 9243.16 9241.55 9237.84 9235.29 9234.93 9235.67 9236.87 9238.32 9239.37 9242.42 9246.52 9250.19 9253.46 9256.39 9259.48 9262.14 9264.71 9267.37 9266.54 9265.98 9266.77 9270.5 9274.17 9277.18 9278.34 9278.66 9277.95 9276.07 9272.65 9274.57 9277.56 9280.22 9279.36 9273.09 9265.95 9258.62 9251.97 9246.78 9244.26 9246.12 9256.35 9271.07
9262.57 9260.52 9259.37 9258.9 9257.33 9257.09 9257.87 9259.03 9254.66 9244.67 9248.47 9252.96 9258.1 9263.39 9269.12 9272.02 9252.11 9241.68 9244.5 9257.3 9269.17 9265.37 9258.95 9252.61 9247 9243.57 9241.8 9240.02 9238.15 9237.77 9237.94 9238.77 9240.15 9242.48 9244.9 9246.98 9249.77 9252.81 9256.07 9259.39 9262.44 9264.89 9266.53 9267.38 9267.55 9269.08 9270.74 9273.18 9275.17 9276.96 9277.55 9276.58 9272.77 9268.54 9271.68 9275.03 9278.13 9277.36 9271.64 9264.54 9257.54 9251.14 9246.18 9243.9 9246.04 9260.48 9282.17
9263.04 9263.09 9268.35 9270.98 9264.9 9260.36 9258.07 9257.69 9254.67 9249.5 9253.59 9259.81 9262.81 9265.42 9269.97 9277.55 9253.74 9243.25 9241.77 9250.65 9264.15 9264.53 9259.08 9252.22 9245.63 9239.69 9236.52 9238.36 9239.04 9239.48 9239.97 9240.54 9241.76 9243.07 9244.72 9247.19 9249.62 9252.59 9255.84 9259.39 9262.84 9265.67 9267.29 9268.07 9268.21 9268.75 9270.55 9272.85 9275.17 9276.7 9277.39 9277.02 9274.48 9269.32 9272.17 9275.66 9277.76 9276.28 9270.26 9263.31 9256.82 9250.71 9246.24 9244.52 9248.15 9265.91 9290.3
9265.12 9270.94 9272.96 9274.21 9267.85 9261.35 9256.18 9253.93 9258.3 9262.45 9269.53 9268.55 9266.13 9263.81 9261.79 9257.95 9258.56 9248.94 9241.02 9244.31 9261.05 9262.5 9257.28 9250.54 9243.64 9237.72 9235.54 9238.51 9240.72 9241.67 9241.96 9242.19 9242.52 9243.9 9246.75 9246.36 9248.14 9251.2 9254.78 9258.74 9262.94 9267.45 9270.23 9269.24 9268.34 9267.92 9270.44 9273.22 9275.12 9276.79 9277.96 9277.98 9275.99 9271.16 9275.61 9281.68 9278.94 9273.4 9268.8 9263.07 9257.32 9251.85 9247.46 9246.1 9251.54 9271.21 9292.03
9264.46 9270.55 9272.49 9272.26 9267.67 9261.04 9254.28 9251.9 9264.05 9278.07 9278.62 9274.12 9267.49 9260.87 9254.81 9253.66 9262.25 9253.03 9241.13 9243.01 9257.87 9259.27 9254.45 9248.42 9242.21 9236.42 9235.7 9241.62 9243.83 9244.31 9243.99 9243.41 9242.81 9242.11 9240.97 9244.02 9247.38 9250.7 9254.22 9258.34 9262.75 9266.99 9269.6 9269.39 9268.89 9269.16 9271.76 9275.17 9277.22 9278.87 9279.25 9278.16 9275.52 9271.28 9276.96 9284.15 9279.98 9273.18 9269.04 9264.52 9259.58 9254.75 9250.4 9248.18 9252.45 9276.9 9299.92
9260.91 9266.12 9271.46 9271.81 9269.4 9261.93 9254.02 9253.12 9266.5 9280.21 9278.99 9274.98 9266.5 9257.91 9251.17 9255.14 9268.31 9255.74 9242.73 9240.15 9250.01 9252.98 9250.74 9246.73 9242.27 9240.05 9245.26 9249.19 9248.43 9247.17 9245.91 9244.92 9243.5 9242.22 9241.22 9243.74 9247.22 9250.65 9254.59 9258.36 9262.11 9264.87 9267.3 9269 9269.9 9270.46 9273.97 9278.99 9283.39 9284.6 9280.97 9277.16 9273.49 9270.82 9275.84 9280.35 9279.52 9275.86 9271.55 9267.5 9263.7 9259.67 9255.5 9253.02 9258.19 9281.13 9301.57
9258.89 9264.69 9274.71 9280.6 9275.96 9264.8 9253.9 9252.25 9264.69 9276.64 9275.02 9271.94 9263.41 9255.36 9248.9 9254.33 9265.13 9254.37 9242.35 9240.93 9245.01 9248.04 9248.52 9246.29 9243.63 9245.71 9263.61 9256.91 9252.88 9250.42 9248.15 9246.48 9245.12 9243.7 9243.63 9244.55 9248.21 9252.36 9256.24 9259 9261.73 9264.04 9266.58 9269.32 9271.93 9274.85 9278.52 9282.5 9287.01 9287.52 9281.12 9275.63 9272.75 9272.67 9277.22 9280.65 9280.09 9276.97 9273.63 9271.18 9269.23 9266.9 9263.66 9260.86 9265.53 9284.19 9299.56
9264.58 9271.66 9280.86 9288.05 9283.41 9269.05 9254.13 9250.5 9262.16 9272.23 9267.25 9263.78 9258.51 9253.23 9249.17 9249.9 9252.51 9250.31 9246.19 9247.63 9250.61 9251.6 9249.5 9246.78 9244.93 9246.77 9253.39 9256.05 9254.73 9253.05 9251.06 9249.54 9247.98 9246.06 9243.94 9246.26 9251.14 9255.53 9259.02 9260.73 9262.75 9263.72 9266.68 9270.44 9274.35 9278.28 9281.41 9283.65 9285.01 9283.77 9278.75 9274.33 9275.01 9279.22 9283.31 9285.04 9281.86 9276.58 9274.41 9275.31 9276.45 9277.42 9276.77 9273.2 9274.61 9289.88 9299.64
9271.72 9278.64 9285.79 9292.72 9289.16 9274.67 9258.84 9253.89 9261.86 9269.32 9263.86 9256.3 9254.39 9251.08 9250.27 9249.21 9248.45 9247.54 9246.57 9253.58 9256.45 9255.56 9250.76 9247.39 9245.71 9246.75 9251.49 9253.8 9254.61 9254.34 9253.84 9253.04 9251.91 9250.4 9250.51 9252.43 9256.09 9260.06 9262.97 9264.09 9264.68 9265.23 9267.97 9272.01 9276.39 9280.79 9284.2 9283.17 9281.45 9278.26 9276.72 9274.63 9280.02 9290.02 9292.25 9285.32 9278.82 9276.25 9276.97 9279.74 9284.14 9289.73 9294.96 9296.65 9294.34 9292.32 9295.13
9273.86 9280.68 9286.57 9291.41 9289.96 9281.04 9271.2 9264.48 9263.43 9263.78 9259.16 9255.37 9253.09 9248.26 9243.27 9245.98 9247.2 9246.75 9246.6 9250.93 9255.75 9253.48 9249.79 9247.15 9245.18 9243.83 9247.49 9250.97 9253.34 9254.93 9256.2 9256.49 9256.39 9256.06 9255.61 9257.08 9262.25 9266.34 9268.98 9269.04 9267.9 9267.47 9270.37 9274.18 9277.75 9280.48 9281.75 9281.62 9280.54 9279.25 9279.56 9280.01 9286.23 9296.33 9295.78 9281.6 9272.58 9274.07 9278.86 9281.82 9289.5 9300.66 9313.85 9326.13 9318.9 9300.36 9295.51
9274.1 9279.73 9284.19 9286.89 9286.84 9285.24 9283.61 9274.43 9264.49 9256.47 9253.69 9261.05 9255.31 9247.75 9239.57 9241.5 9245.44 9247.64 9248.95 9254.15 9256.83 9250.72 9247.76 9246.99 9247.59 9247.66 9248.18 9250.48 9253.51 9256.66 9258.66 9260.22 9262.46 9263.38 9263.76 9265.36 9270.99 9274.69 9276.8 9276.37 9274.38 9272.47 9274.7 9277.29 9279.05 9279.56 9279.55 9280.24 9281.61 9283.31 9285.57 9287.95 9290.35 9291.92 9287.03 9276.15 9267.79 9268.25 9270.75 9278.58 9290.48 9306.15 9324.91 9343.41 9334.44 9311.05 9299.29
9271.49 9277.68 9280.91 9282.01 9282.15 9284.47 9285.29 9276.55 9264.28 9252.52 9249.85 9260.06 9257.86 9250.9 9245.75 9245.41 9247.93 9250.36 9252.69 9257.19 9259.21 9248.78 9246.16 9247.23 9249.44 9252.21 9251.34 9251.36 9254.48 9258.71 9261.67 9265.19 9269.23 9271.63 9274.34 9278.61 9281.73 9284.45 9285.75 9285.31 9282.65 9281.26 9281.09 9281.64 9281.2 9279.7 9278.71 9280.03 9283.33 9286.68 9291.92 9296.13 9292.68 9286.83 9279.15 9273.26 9267.54 9264.2 9263 9273.08 9287.49 9303.97 9322.74 9340.17 9334.19 9322.58 9302.67
9274.4 9277.18 9278.26 9277.97 9277.68 9281.3 9281.78 9275.04 9264.65 9253.82 9250.09 9262.51 9260.48 9253.9 9250.2 9252.65 9253.05 9254.68 9257.56 9260.58 9262.92 9251.16 9247.22 9249.07 9252.75 9257.74 9257.4 9257.4 9258.1 9261.17 9264.42 9268.73 9274.62 9278.94 9283.39 9289.19 9290.8 9292.82 9295.26 9295.8 9292.35 9287.46 9288.05 9286.31 9283.66 9280.65 9277.85 9281.36 9286.29 9291.61 9296.68 9298.54 9293.02 9285.61 9278.54 9273.67 9270.32 9264.67 9261.69 9269.02 9281.74 9296.11 9309.76 9318.61 9317.48 9309.59 9303.89
9278.11 9276.97 9275.78 9274.67 9274.68 9278.59 9280.51 9274.25 9266 9258.74 9256.26 9260.79 9258.94 9253.5 9253.79 9259.04 9254.94 9257.8 9263.56 9270.21 9275.01 9258.69 9251.44 9252.48 9256.26 9261.86 9262.79 9262.95 9261.92 9263.42 9267.14 9272.85 9279.21 9285.5 9290.26 9292.58 9296.45 9298.99 9301.71 9306.15 9306.5 9302.04 9296.31 9289.33 9284.73 9282.82 9282.59 9286.43 9290.28 9294.44 9297.08 9296.17 9291.24 9284.57 9277.19 9274.22 9272.7 9265.58 9261.28 9265.64 9275.95 9287.17 9295.55 9300.01 9301.52 9299.35 9298.64
9275.72 9274.73 9272.56 9270.82 9270.32 9273.8 9276.15 9271.75 9266.5 9262.72 9262.2 9261.5 9254.61 9240.36 9232.16 9235.03 9247.97 9258.66 9268.17 9277.16 9278.76 9262.19 9255.36 9257.78 9260.12 9264.08 9265.02 9268.53 9260.75 9262.71 9268.03 9275.31 9283.53 9291.93 9298.76 9300.47 9302.82 9299.96 9299.21 9308.98 9324.92 9319.59 9299.16 9284.89 9280.47 9282.79 9288.55 9293.81 9294.46 9293.89 9291.86 9291.02 9289.14 9285.32 9280.67 9275.99 9268.93 9262.67 9258.59 9261.72 9271.44 9280.75 9286.96 9290.33 9295.35 9295.81 9293.74
9274.35 9270.7 9268.2 9266.13 9264.87 9266.32 9267.91 9266.49 9264.35 9262.87 9262.19 9260.48 9253.36 9223.25 9211.13 9220.39 9245.63 9260.44 9270.55 9277.45 9271.28 9262.99 9260.41 9268.05 9274.78 9272.41 9261.93 9249.13 9249.81 9258.98 9266.76 9275.45 9284.85 9295.68 9308.02 9318.46 9313.95 9290.3 9274.57 9281.72 9319.61 9315.1 9277.22 9264.08 9266.51 9277.14 9290.56 9299.78 9299 9294.58 9288.99 9288.57 9288.24 9286.44 9284.74 9278.18 9269.33 9263.76 9261 9263.12 9270.01 9278.45 9286.78 9291.81 9294.6 9294.18 9291.84
9266.19 9264.4 9262.83 9261.35 9259.82 9259.12 9259.87 9260.93 9260.59 9260.47 9260.42 9259.4 9258.11 9260.35 9257.71 9256.17 9259.46 9267.1 9273.58 9276.21 9274.3 9272.07 9272.7 9280.39 9287.67 9278.63 9261.6 9240.54 9245.1 9257.08 9265.84 9273.92 9282.31 9292.12 9305.97 9329.16 9314.75 9257.26 9217.98 9200.38 9214.03 9217.24 9213.06 9222.99 9241.94 9265.11 9288.66 9304.85 9303.82 9298.54 9293.26 9291.38 9288.67 9285.98 9282.51 9277.54 9272.49 9268.34 9266.04 9266.59 9269.6 9275.69 9289.08 9296.58 9294.89 9294.31 9292.33
9256.72 9257.92 9257.92 9257.15 9255.93 9254.24 9254.38 9255.4 9256.55 9256.75 9256.64 9255.85 9258.95 9261.11 9274.3 9276.53 9272.96 9275.21 9278.96 9280.67 9283.38 9284.91 9285.87 9288.02 9288.75 9279.12 9267.73 9261.67 9260.93 9261.63 9266.73 9272.04 9276.62 9279.8 9281.25 9278.7 9251.27 9194.39 9140.31 9089.13 9045.48 9079.93 9129.83 9172.65 9212.04 9248.76 9281.46 9304.64 9306.03 9302.01 9297.47 9293.01 9288.5 9285.09 9281.49 9277.73 9274.22 9271.73 9269.86 9269.6 9268.93 9267.19 9267.95 9280.84 9293.81 9296.47 9293.89
9254.47 9254.44 9254.37 9254.01 9253.81 9253.1 9251.74 9251.65 9251.9 9252.15 9252.28 9251.98 9257.06 9260.97 9268.88 9274.75 9277.08 9279.97 9284.44 9289.18 9291.83 9288.25 9286.43 9285.41 9282.06 9275.85 9270.38 9265.59 9264.43 9265.2 9267.76 9270.03 9270.05 9264.82 9250.04 9217.5 9167.46 9130.78 9074.36 9005.07 8944.48 8993.8 9067.64 9132.25 9186.68 9232.98 9271.33 9298.79 9304.29 9302.05 9296.06 9290.03 9286.93 9283.89 9281.04 9277.64 9273.02 9270.68 9272.04 9274.83 9271.1 9262.59 9246.16 9266.11 9293.21 9294.9 9293.94
9256.05 9253.35 9252.03 9250.91 9250.48 9252.45 9247.52 9248.07 9248.92 9249.41 9248.85 9248.77 9254.13 9262.19 9267.84 9272.92 9276.78 9280.96 9286.13 9293.01 9295.76 9278.41 9275.21 9274.18 9271.53 9270.44 9268.82 9266.35 9265.55 9266.89 9268.88 9269.52 9267.29 9257.73 9235.87 9195.47 9143.68 9106.54 9050.93 8976.18 8921.44 8969.91 9045.31 9115.05 9174.03 9223.28 9262.91 9290.95 9299.73 9297.6 9291.16 9287.02 9285.4 9282.42 9278.9 9274.77 9269.67 9266.51 9271.76 9277.97 9276.58 9274.44 9277.09 9278.97 9289.27 9289.83 9292.74
9257.05 9252.63 9249.93 9247.9 9245.01 9242.43 9243 9245.8 9248.16 9248.99 9248.11 9246.09 9250.43 9256.3 9264.16 9269.27 9273.59 9278.81 9283.1 9286.59 9284.84 9267.71 9264.46 9263.44 9263.91 9266.06 9267.2 9267.21 9267.37 9270.08 9272.86 9274.08 9270.61 9263.19 9246.64 9214.86 9162.95 9138.25 9084.84 9006.78 8944.06 8998.43 9063.69 9124.01 9176.85 9222.15 9259.67 9288.09 9296.49 9292.04 9287.93 9288.37 9285.59 9281.62 9276.84 9271.79 9268.08 9266.8 9271.61 9276.33 9279.79 9284.6 9291.6 9289.84 9289.24 9290.03 9292.41
9256.04 9251.16 9247.96 9245.57 9245.2 9243.58 9243.85 9245.93 9249.01 9251.32 9253.23 9254.55 9253.27 9254.35 9259.14 9264.3 9268.78 9272.77 9275.75 9276.28 9271.03 9260.25 9259.08 9259.4 9260.87 9264.4 9267.07 9269.18 9271 9274.73 9278.94 9279.61 9280.93 9280.04 9275.65 9270.17 9256.78 9228.33 9171.99 9105.06 9051.93 9079.37 9115.49 9154.48 9193.07 9229.03 9260.85 9284.03 9292.43 9289.01 9288.15 9290.37 9286.55 9281.76 9276.33 9270.68 9269.81 9271.57 9274.66 9277.59 9281.81 9286.19 9288.93 9288.36 9287.9 9289.71 9292.51
9252.83 9248.6 9245.66 9243.22 9242.67 9244.74 9244.82 9246.82 9250.37 9254.51 9258.94 9262.65 9255.62 9254.31 9256.02 9259.98 9263.62 9266.52 9267.66 9267.14 9263.97 9254.39 9256.3 9258.61 9261.14 9264.9 9267.88 9271.03 9274.61 9278.2 9283.49 9288.2 9293.51 9299.09 9305.59 9323.7 9364.94 9325.39 9271.95 9245.51 9218.38 9186.17 9182.03 9196.21 9217.7 9241.81 9264.46 9281.62 9289.39 9288.52 9288.72 9290 9287.66 9283.08 9277.95 9273.89 9272.96 9275.7 9278.85 9282.51 9285.66 9286.68 9286.78 9286.13 9285.76 9288.9 9293.51
9248.9 9245.68 9243.25 9240.7 9238.24 9238.81 9242.99 9246.37 9250.84 9256.05 9261.1 9263.07 9254.37 9252.86 9254.42 9256.34 9258.64 9260.72 9261.64 9260.35 9255.54 9251.26 9255.1 9258.47 9261.49 9265.52 9268.79 9271.44 9272.81 9278.97 9286.39 9293.88 9300.99 9309.69 9321.09 9335.87 9349.13 9338.53 9325.73 9341.69 9329.52 9264.81 9238.24 9233.93 9241.89 9256.65 9271.43 9283.37 9289.63 9288.43 9289.99 9291.99 9289.78 9285.12 9280.21 9276.22 9275.61 9277.29 9281.01 9286.92 9289.71 9287.96 9286.95 9286.23 9286.26 9291.15 9296.88
9245.5 9243.19 9241.44 9239.54 9238.14 9238.22 9240.57 9244.81 9250.1 9255.81 9261.3 9263.78 9253.25 9249 9251.83 9253.53 9255.14 9256.86 9257.33 9256.57 9254.63 9250.91 9255.25 9259.7 9262.76 9266.43 9269.43 9272.13 9273.92 9280.08 9288.28 9296.56 9305.77 9314.54 9323.04 9328.25 9324.6 9320.56 9325.5 9323.22 9314.63 9291.27 9270.18 9261.17 9262.08 9268.62 9278.11 9285.69 9288.94 9285.88 9289.26 9294.87 9291.43 9286.46 9282.6 9280.26 9279.67 9280.74 9284.54 9290.3 9292.33 9288.38 9288.47 9292.51 9293.42 9297.09 9303.01
9242.69 9241.2 9240.38 9239.71 9238.54 9237.55 9238.71 9242.87 9248.39 9253.93 9259.03 9262.67 9257.93 9248.86 9249.88 9251.22 9252.98 9254.09 9255 9255.3 9255.4 9254.35 9257.53 9262.36 9265.02 9267.66 9270.9 9273.76 9275.78 9281.58 9289.69 9298.61 9306.95 9314.71 9320.55 9322.22 9316.15 9312.03 9314.26 9306.34 9300.83 9295.54 9284.85 9278.08 9276.68 9279 9282.83 9287.89 9289.28 9283.14 9285.39 9291.55 9289.34 9286.29 9284.46 9283.57 9284.35 9286.83 9290.01 9294.48 9295.19 9291.2 9292.71 9299.18 9299.82 9304.2 9310.9
9240.06 9239.29 9239.5 9240.53 9241.72 9238.45 9236.51 9241.01 9246.24 9250.97 9254.63 9256.56 9252.96 9247.79 9247.69 9249.91 9251.96 9253.49 9254.74 9255.49 9255.64 9256.57 9262.2 9265.73 9267.79 9269.58 9273.2 9275.99 9279.41 9283.96 9290.72 9300.23 9307.89 9314.38 9318.78 9320.86 9318.27 9315.83 9312.08 9303.71 9299.38 9297.48 9293.24 9288.8 9286.98 9286.91 9285.94 9288.64 9288.01 9280.05 9279.53 9281.83 9283.19 9284.57 9286.05 9287.63 9290.35 9295.77 9300.62 9300.69 9296.42 9291.18 9296.8 9304.6 9305.82 9311.44 9318.67
9237.22 9237.55 9238.17 9239.4 9240.93 9238.29 9236.57 9240.5 9244.64 9248.34 9250.3 9249.56 9247.37 9247.41 9248.09 9250.26 9252.53 9254.1 9255.4 9256.73 9257.58 9259.29 9264.51 9268.67 9270.07 9272.87 9275.68 9278.99 9282.78 9286.88 9294.21 9301.39 9308.25 9313.86 9319.53 9321.36 9321.9 9322.88 9315.18 9306.67 9302.16 9299.8 9297.13 9294.07 9292.05 9290.49 9289.39 9286.9 9282.01 9275.32 9275.3 9274.99 9278.08 9283.59 9288.45 9292.93 9297.67 9305.65 9312.9 9309.05 9303.23 9298.08 9305.13 9312.82 9313.67 9318.97 9325.84
9235.9 9236.41 9236.71 9236.8 9236.65 9237.24 9238.38 9240.91 9244.41 9247.25 9247.94 9246.29 9243.74 9246.94 9249.76 9250.97 9252.97 9255.48 9257.52 9258.91 9260.67 9262.96 9264.47 9269.69 9272.13 9276.38 9279.87 9282.86 9286.46 9290.73 9296.15 9302.31 9310.49 9315.27 9318.48 9320.38 9321.5 9323.11 9315.27 9310.17 9303.91 9300.71 9298.47 9296.34 9294.34 9291.79 9289.67 9286.73 9282.84 9279.42 9277.46 9275.28 9278.12 9285.22 9292.09 9299.51 9307.81 9310.7 9312.13 9314.99 9318.52 9317.93 9320.62 9321.61 9322.21 9326.69 9332.23
9236.22 9235.94 9235.77 9235.64 9235.75 9237.2 9238.35 9241.78 9245.36 9247.8 9249.07 9249.01 9245.15 9244.8 9250 9253 9255.15 9257.23 9259.05 9260.67 9262.88 9265.48 9268.39 9274.07 9277.03 9281.15 9284.7 9287.74 9290.34 9293.46 9299.11 9306.15 9311.23 9314.85 9316.76 9317.48 9316.9 9313.75 9307.89 9302.67 9301.82 9299.78 9298.01 9296.18 9294.25 9292.16 9291.69 9288.44 9288.22 9287.91 9283.57 9281.72 9284.05 9289.46 9295.9 9303.09 9310.35 9311.74 9311.82 9322.27 9335.92 9344.25 9338.83 9333.84 9332.63 9334.05 9336.86
