real_craters/C191-750m.grd
DSAA
239 239
-89.4075 89.4075
-89.4075 89.4075
7967.9297477669 10540.276990739
[rows 148 to 184 of 239, columns 83 to 165 of 239]
9888 9928 9973 1.002e+004 1.003e+004 1.004e+004 1.004e+004 1.004e+004 1.004e+004 9998 9927 9897 1e+004 1.008e+004 1.011e+004 1.006e+004 1.003e+004 1.003e+004 1.004e+004 9977 9870 9790 9724 9660 9600 9534 9491 9463 9447 9450 9413 9409 9430 9453 9421 9353 9335 9363 9419 9516 9627 9694 9665 9626 9597 9589 9604 9597 9532 9595 9714 9748 9811 9917 9966 9942 9922 9907 9887 9898 9901 9877 9870 9891 9911 9934 9902 9863 9824 9783 9746 9694 9686 9667 9634 9610 9595 9576 9561 9539 9519 9495 9480
9886 9910 9938 9987 1e+004 1.001e+004 1.003e+004 1.004e+004 1.007e+004 1.003e+004 9964 9943 1.001e+004 1.008e+004 1.013e+004 1.01e+004 1.006e+004 1.004e+004 1.005e+004 1.002e+004 9934 9861 9796 9739 9681 9598 9490 9528 9517 9485 9509 9523 9543 9556 9518 9471 9465 9490 9522 9579 9610 9587 9619 9599 9569 9561 9579 9566 9560 9653 9708 9787 9877 9997 1.003e+004 9962 9927 9897 9888 9918 9927 9910 9904 9923 9913 9896 9872 9835 9800 9765 9738 9716 9693 9669 9644 9623 9598 9572 9543 9519 9503 9495 9485
9869 9880 9888 9895 9933 9967 9997 1.002e+004 1.004e+004 1.004e+004 1.003e+004 1.003e+004 1.004e+004 1.009e+004 1.014e+004 1.011e+004 1.006e+004 1.003e+004 1e+004 1e+004 9959 9914 9870 9829 9793 9750 9681 9658 9625 9610 9606 9618 9632 9645 9604 9611 9613 9627 9656 9706 9698 9647 9668 9655 9602 9590 9641 9630 9738 9766 9778 9822 9890 9919 9913 9933 9923 9906 9875 9914 9914 9880 9869 9901 9880 9869 9838 9804 9765 9730 9696 9669 9648 9657 9657 9635 9602 9568 9536 9512 9505 9510 9505
9861 9855 9842 9846 9879 9921 9961 9991 1.001e+004 1.002e+004 1.004e+004 1.003e+004 1.003e+004 1.004e+004 1.009e+004 1.009e+004 1.005e+004 1.002e+004 9986 9986 9977 9956 9927 9903 9895 9927 9932 9799 9723 9691 9697 9714 9741 9768 9879 9909 9889 9913 9958 9935 9879 9817 9789 9746 9724 9806 9818 9765 9821 9861 9878 9903 9919 9914 9916 9908 9916 9920 9896 9876 9843 9815 9793 9784 9809 9823 9795 9765 9730 9692 9650 9600 9588 9604 9642 9635 9600 9562 9527 9511 9510 9523 9504
9837 9836 9812 9797 9844 9892 9931 9959 9979 9982 9974 9977 9997 1.001e+004 1.001e+004 1.003e+004 1.002e+004 1.001e+004 9987 9996 9987 9974 9958 9941 9928 9920 9905 9851 9799 9774 9766 9790 9841 9924 1.008e+004 1.01e+004 1.012e+004 1.013e+004 1.016e+004 1.012e+004 1.006e+004 1.005e+004 1.001e+004 9915 1.001e+004 1.01e+004 9968 9877 9911 9954 9995 1.002e+004 9970 9921 9871 9895 9911 9917 9944 9886 9801 9793 9792 9757 9745 9754 9740 9716 9684 9651 9618 9580 9549 9541 9603 9613 9586 9555 9518 9505 9507 9513 9510
9841 9826 9806 9806 9831 9870 9912 9947 9955 9953 9919 9929 9973 1.001e+004 1.002e+004 1.003e+004 1.004e+004 1.003e+004 1.003e+004 1.002e+004 1.001e+004 9997 9982 9964 9938 9899 9883 9865 9833 9822 9832 9865 9930 1.006e+004 1.012e+004 1.008e+004 1.012e+004 1.019e+004 1.02e+004 1.016e+004 1.011e+004 1.011e+004 1.005e+004 1.003e+004 9974 9935 9931 9919 9959 1.001e+004 1.005e+004 1.006e+004 1.001e+004 9955 9938 9917 9917 9916 9920 9850 9754 9762 9760 9732 9692 9689 9684 9670 9647 9622 9597 9578 9547 9545 9566 9578 9565 9549 9536 9511 9501 9503 9501
9792 9784 9789 9801 9813 9846 9894 9956 9985 9963 9946 9939 9970 1.001e+004 1.004e+004 1.003e+004 1.004e+004 1.005e+004 1.006e+004 1.005e+004 1.004e+004 1.002e+004 1.001e+004 9995 9973 9934 9920 9907 9881 9877 9889 9915 9939 9968 1e+004 1.002e+004 1.005e+004 1.014e+004 1.011e+004 1.005e+004 1.003e+004 1.002e+004 9949 9839 9822 9812 9883 9933 9973 1.004e+004 1.008e+004 1.008e+004 1.002e+004 9976 9941 9931 9927 9912 9851 9784 9752 9723 9753 9720 9669 9646 9644 9632 9619 9599 9576 9551 9535 9541 9549 9549 9538 9523 9509 9489 9485 9479 9480
9747 9738 9730 9744 9775 9815 9861 9903 9932 9953 9991 9979 9969 9962 9980 1e+004 1.003e+004 1.006e+004 1.008e+004 1.006e+004 1.005e+004 1.004e+004 1.003e+004 1.003e+004 1.002e+004 1.001e+004 9996 9967 9941 9933 9936 9940 9935 9912 9947 1.004e+004 9991 9975 9980 9937 9933 9895 9828 9827 9817 9880 9929 9988 1.006e+004 1.012e+004 1.008e+004 1.001e+004 9988 9979 9971 9960 9921 9867 9791 9723 9705 9742 9756 9705 9646 9626 9620 9606 9590 9572 9554 9537 9534 9535 9530 9520 9512 9497 9489 9489 9475 9454 9440
9713 9700 9698 9707 9734 9774 9815 9842 9863 9877 9892 9893 9919 9971 9936 9933 9936 9998 1.005e+004 1.005e+004 1.004e+004 1.004e+004 1.004e+004 1.005e+004 1.006e+004 1.008e+004 1.006e+004 1.002e+004 9991 9981 9975 9974 9966 9945 9973 9971 9932 9912 9909 9902 9870 9836 9819 9848 9903 9953 9995 1.004e+004 1.009e+004 1.007e+004 1.003e+004 9954 9948 9968 1.001e+004 9983 9906 9832 9761 9708 9721 9761 9751 9709 9659 9631 9613 9596 9575 9555 9535 9517 9508 9518 9515 9511 9495 9481 9480 9485 9471 9456 9432
9650 9620 9616 9651 9689 9729 9766 9804 9800 9787 9799 9832 9865 9889 9882 9868 9857 9910 9975 9995 1.001e+004 1.001e+004 1.002e+004 1.004e+004 1.007e+004 1.008e+004 1.009e+004 1.007e+004 1.005e+004 1.002e+004 1.001e+004 1e+004 1.002e+004 1.002e+004 9982 9937 9884 9859 9861 9848 9834 9830 9862 9900 9973 1.002e+004 1.003e+004 1.004e+004 1.005e+004 1.003e+004 9981 9930 9913 9927 9943 9925 9880 9816 9749 9709 9714 9743 9745 9720 9673 9646 9617 9594 9570 9547 9524 9501 9483 9491 9496 9490 9481 9472 9474 9478 9470 9465 9462
9603 9579 9577 9608 9646 9682 9713 9734 9732 9711 9734 9805 9848 9820 9820 9827 9835 9866 9901 9928 9948 9967 9989 1.002e+004 1.007e+004 1.009e+004 1.009e+004 1.01e+004 1.01e+004 1.004e+004 1.002e+004 1.001e+004 1.003e+004 1.004e+004 9995 9970 9936 9892 9854 9823 9823 9839 9891 9957 1.001e+004 1.003e+004 1.003e+004 1.002e+004 9995 9964 9918 9881 9867 9872 9869 9853 9843 9796 9733 9697 9722 9737 9713 9669 9671 9646 9617 9591 9564 9539 9515 9494 9479 9483 9482 9477 9475 9474 9472 9469 9463 9455 9455
9571 9567 9579 9593 9616 9637 9660 9689 9677 9666 9698 9765 9814 9803 9783 9792 9826 9830 9838 9860 9884 9911 9944 9980 1.002e+004 1.005e+004 1.005e+004 1.005e+004 1.005e+004 1.002e+004 9998 9990 9992 9995 9978 9951 9938 9888 9865 9848 9842 9845 9858 9944 9997 1.001e+004 9991 9962 9932 9902 9852 9828 9820 9824 9827 9824 9797 9755 9712 9675 9720 9730 9696 9662 9645 9628 9607 9582 9557 9533 9510 9489 9474 9473 9473 9469 9474 9480 9470 9463 9457 9451 9446
9557 9559 9577 9581 9591 9601 9603 9601 9635 9658 9676 9701 9704 9689 9712 9730 9748 9753 9783 9806 9831 9850 9877 9908 9945 9971 9981 9970 9968 9968 9955 9940 9932 9974 9976 9969 9964 9923 9879 9861 9856 9859 9852 9885 9939 9958 9930 9894 9865 9842 9785 9769 9770 9780 9788 9773 9732 9709 9693 9703 9714 9700 9672 9643 9630 9610 9590 9569 9547 9525 9503 9483 9467 9461 9468 9470 9475 9482 9472 9464 9456 9450 9449
9546 9547 9556 9567 9573 9576 9578 9589 9609 9635 9645 9639 9626 9614 9643 9670 9686 9726 9735 9752 9774 9791 9812 9833 9858 9890 9919 9933 9929 9918 9904 9887 9874 9890 9919 9951 9936 9897 9877 9868 9872 9884 9867 9878 9908 9915 9871 9815 9755 9693 9692 9703 9712 9736 9746 9737 9688 9665 9660 9664 9661 9654 9640 9620 9613 9595 9574 9552 9533 9513 9494 9476 9461 9462 9470 9472 9477 9475 9471 9463 9459 9451 9450
9540 9545 9552 9556 9558 9560 9563 9570 9585 9601 9608 9602 9577 9577 9606 9635 9654 9684 9687 9705 9724 9739 9753 9763 9769 9806 9858 9913 9896 9866 9846 9830 9819 9827 9844 9874 9897 9871 9872 9877 9889 9905 9897 9865 9843 9857 9817 9744 9661 9596 9620 9659 9688 9707 9712 9706 9639 9622 9616 9611 9608 9620 9611 9604 9587 9573 9555 9536 9519 9501 9484 9469 9459 9461 9463 9469 9474 9475 9466 9465 9464 9458 9451
9543 9545 9550 9551 9549 9551 9555 9559 9563 9568 9585 9590 9579 9564 9598 9629 9640 9614 9644 9667 9688 9702 9709 9710 9714 9733 9779 9833 9818 9796 9781 9771 9780 9791 9794 9833 9865 9863 9858 9874 9901 9878 9861 9821 9805 9787 9744 9687 9616 9567 9597 9625 9671 9668 9666 9651 9601 9591 9581 9576 9600 9588 9577 9559 9561 9552 9536 9522 9507 9492 9479 9465 9455 9454 9466 9463 9461 9469 9470 9465 9465 9461 9451
9555 9566 9556 9548 9540 9537 9546 9544 9547 9561 9575 9591 9591 9581 9607 9639 9658 9631 9640 9653 9669 9677 9678 9671 9651 9662 9673 9695 9711 9716 9711 9704 9693 9700 9712 9746 9763 9778 9809 9844 9869 9874 9835 9796 9749 9698 9692 9645 9584 9540 9539 9582 9595 9615 9620 9614 9601 9577 9560 9542 9578 9562 9547 9540 9545 9525 9516 9507 9496 9486 9474 9465 9461 9465 9466 9463 9459 9465 9461 9463 9463 9457 9451
9572 9606 9568 9543 9529 9519 9510 9519 9526 9537 9565 9590 9613 9596 9609 9642 9688 9660 9657 9659 9661 9662 9664 9662 9653 9618 9585 9558 9616 9648 9659 9655 9657 9664 9659 9649 9668 9725 9768 9797 9830 9847 9824 9749 9667 9627 9628 9608 9582 9561 9568 9578 9593 9587 9580 9574 9576 9562 9548 9539 9531 9532 9529 9527 9514 9506 9501 9495 9488 9478 9470 9463 9462 9468 9471 9464 9459 9460 9455 9461 9464 9457 9451
9603 9584 9551 9529 9513 9503 9498 9504 9520 9537 9555 9573 9582 9582 9592 9615 9629 9667 9672 9659 9654 9650 9650 9654 9646 9600 9561 9552 9577 9608 9629 9639 9652 9646 9624 9609 9632 9677 9708 9733 9753 9769 9769 9676 9606 9570 9568 9572 9568 9585 9594 9575 9553 9544 9543 9541 9553 9544 9535 9529 9523 9517 9517 9518 9511 9500 9494 9489 9483 9474 9467 9459 9460 9467 9470 9465 9459 9457 9456 9460 9465 9459 9454
9590 9560 9532 9512 9498 9489 9485 9493 9501 9522 9546 9564 9575 9557 9563 9583 9637 9653 9654 9644 9635 9626 9618 9618 9617 9582 9547 9542 9569 9595 9622 9654 9653 9624 9587 9594 9632 9646 9654 9669 9681 9695 9717 9645 9556 9528 9516 9527 9557 9567 9590 9563 9540 9526 9517 9508 9519 9520 9515 9509 9505 9507 9508 9509 9507 9500 9493 9489 9482 9474 9467 9463 9463 9470 9470 9467 9462 9455 9458 9460 9462 9456 9460
9544 9535 9515 9499 9486 9479 9481 9489 9499 9517 9538 9555 9553 9528 9537 9553 9595 9619 9620 9614 9603 9596 9584 9562 9561 9577 9570 9568 9581 9592 9611 9637 9659 9621 9583 9602 9639 9634 9616 9617 9618 9632 9629 9597 9532 9505 9476 9472 9462 9509 9532 9538 9532 9520 9504 9491 9488 9496 9500 9497 9497 9500 9502 9499 9503 9502 9499 9491 9482 9474 9467 9463 9465 9470 9474 9469 9474 9466 9463 9460 9457 9462 9467
9513 9505 9497 9484 9473 9465 9469 9490 9513 9521 9529 9535 9529 9515 9522 9543 9597 9594 9588 9583 9583 9577 9566 9549 9555 9586 9655 9624 9596 9592 9592 9594 9636 9624 9615 9654 9668 9625 9585 9585 9596 9606 9585 9544 9528 9523 9511 9469 9462 9508 9541 9545 9528 9507 9506 9497 9483 9486 9493 9496 9489 9493 9500 9494 9496 9503 9502 9492 9482 9474 9467 9459 9462 9466 9473 9470 9447 9477 9468 9462 9457 9461 9461
9486 9493 9478 9469 9464 9461 9467 9486 9512 9514 9518 9520 9519 9516 9517 9527 9550 9556 9548 9557 9559 9560 9562 9564 9564 9567 9560 9584 9587 9583 9578 9571 9580 9598 9610 9637 9637 9602 9563 9562 9574 9586 9574 9554 9543 9547 9557 9506 9509 9549 9586 9568 9544 9531 9531 9518 9498 9488 9486 9486 9485 9487 9508 9486 9492 9496 9497 9490 9481 9473 9467 9464 9462 9463 9468 9471 9478 9473 9467 9465 9465 9458 9453
9477 9477 9467 9462 9459 9460 9465 9474 9483 9496 9502 9505 9507 9516 9518 9522 9537 9539 9540 9545 9549 9551 9554 9565 9561 9556 9550 9561 9569 9571 9574 9578 9567 9575 9586 9594 9587 9571 9554 9548 9558 9566 9549 9524 9541 9543 9551 9584 9576 9583 9578 9553 9563 9579 9569 9547 9514 9494 9485 9482 9477 9473 9440 9477 9490 9487 9483 9484 9478 9470 9464 9463 9459 9460 9464 9462 9465 9457 9461 9463 9462 9457 9454
9477 9457 9454 9454 9456 9457 9461 9465 9471 9482 9489 9493 9496 9503 9508 9519 9532 9535 9534 9539 9542 9544 9543 9541 9548 9552 9557 9556 9558 9561 9567 9572 9565 9562 9565 9564 9550 9544 9547 9543 9539 9550 9527 9514 9511 9528 9546 9606 9617 9606 9598 9563 9572 9599 9585 9558 9535 9513 9489 9480 9476 9476 9473 9482 9482 9482 9489 9481 9473 9465 9458 9452 9454 9456 9458 9460 9461 9458 9459 9462 9457 9454 9454
9449 9444 9444 9448 9455 9462 9460 9460 9465 9475 9482 9489 9496 9498 9504 9517 9529 9533 9536 9538 9538 9538 9536 9535 9541 9547 9549 9549 9549 9548 9551 9561 9561 9556 9547 9538 9533 9532 9535 9533 9525 9530 9521 9510 9513 9530 9559 9615 9620 9606 9583 9553 9562 9588 9583 9558 9541 9521 9494 9479 9476 9475 9466 9472 9475 9476 9474 9474 9468 9461 9453 9448 9450 9453 9457 9456 9453 9455 9465 9463 9456 9455 9462
9437 9432 9440 9453 9455 9459 9459 9463 9468 9475 9483 9498 9502 9504 9509 9521 9526 9530 9536 9537 9536 9535 9534 9535 9540 9546 9547 9543 9537 9532 9527 9541 9551 9549 9542 9528 9515 9509 9524 9530 9525 9524 9518 9512 9517 9539 9572 9597 9601 9592 9577 9546 9537 9553 9560 9548 9529 9511 9497 9485 9479 9476 9471 9471 9476 9475 9474 9471 9465 9458 9452 9449 9449 9451 9455 9458 9464 9484 9472 9462 9457 9456 9458
9426 9428 9438 9450 9450 9450 9454 9457 9467 9478 9489 9494 9499 9505 9514 9516 9522 9526 9528 9529 9533 9534 9534 9534 9538 9543 9542 9536 9529 9521 9516 9526 9537 9542 9542 9529 9514 9508 9522 9530 9525 9522 9514 9510 9519 9544 9576 9584 9578 9574 9564 9531 9508 9513 9513 9519 9516 9511 9503 9491 9482 9478 9476 9468 9474 9476 9472 9468 9463 9457 9451 9449 9449 9450 9452 9458 9489 9438 9402 9447 9462 9461 9462
9416 9426 9436 9448 9447 9445 9452 9454 9466 9479 9490 9482 9490 9499 9506 9513 9519 9524 9529 9532 9533 9533 9535 9536 9536 9535 9534 9529 9522 9515 9511 9515 9523 9526 9531 9528 9521 9522 9522 9521 9521 9516 9510 9514 9524 9547 9581 9592 9573 9562 9551 9522 9491 9497 9504 9506 9504 9506 9504 9493 9483 9475 9471 9464 9473 9478 9473 9469 9466 9461 9454 9451 9451 9451 9451 9455 9487 9415 9382 9447 9458 9456 9456
9405 9418 9430 9438 9446 9452 9455 9462 9468 9475 9481 9474 9483 9495 9503 9510 9516 9523 9531 9539 9532 9528 9530 9530 9531 9532 9529 9524 9517 9511 9507 9508 9516 9521 9530 9527 9522 9517 9517 9519 9519 9517 9515 9516 9522 9539 9567 9591 9556 9553 9541 9522 9492 9493 9499 9501 9496 9482 9491 9491 9482 9474 9465 9466 9473 9483 9478 9474 9472 9469 9465 9461 9458 9454 9451 9455 9471 9465 9475 9471 9450 9451 9453
9399 9404 9410 9425 9432 9439 9452 9471 9467 9467 9466 9468 9478 9491 9506 9510 9514 9519 9524 9527 9523 9519 9513 9518 9526 9533 9527 9521 9514 9509 9506 9508 9516 9522 9534 9527 9517 9509 9510 9516 9518 9516 9512 9513 9519 9531 9549 9558 9559 9548 9529 9506 9497 9494 9500 9500 9498 9493 9478 9473 9481 9481 9471 9466 9472 9474 9477 9480 9480 9479 9478 9472 9465 9459 9455 9456 9458 9467 9468 9475 9451 9450 9450
9404 9408 9403 9415 9416 9422 9435 9445 9454 9458 9460 9464 9475 9485 9495 9501 9508 9514 9516 9511 9518 9515 9509 9514 9521 9524 9522 9517 9510 9504 9502 9507 9516 9521 9528 9521 9512 9503 9504 9509 9519 9512 9510 9511 9516 9525 9542 9551 9567 9542 9519 9500 9490 9494 9498 9502 9503 9506 9497 9487 9488 9481 9465 9471 9477 9486 9491 9490 9488 9488 9485 9481 9474 9467 9461 9454 9455 9454 9448 9450 9452 9450 9448
9406 9411 9405 9403 9403 9412 9421 9432 9443 9452 9457 9464 9472 9481 9485 9496 9503 9510 9516 9526 9519 9515 9515 9515 9520 9520 9519 9514 9507 9500 9497 9507 9518 9518 9518 9513 9508 9502 9503 9508 9516 9510 9505 9510 9515 9520 9523 9534 9538 9528 9513 9500 9497 9498 9501 9502 9502 9500 9500 9496 9490 9492 9474 9474 9481 9492 9486 9489 9490 9494 9496 9487 9477 9470 9467 9465 9456 9452 9445 9455 9458 9447 9443
9409 9413 9402 9402 9409 9411 9415 9424 9437 9452 9458 9462 9470 9481 9489 9496 9501 9507 9512 9514 9515 9513 9513 9515 9522 9525 9517 9511 9505 9500 9499 9503 9509 9509 9502 9507 9507 9506 9508 9514 9513 9510 9508 9511 9516 9517 9502 9521 9528 9514 9506 9500 9497 9501 9502 9502 9502 9504 9506 9501 9494 9495 9488 9485 9488 9488 9492 9488 9489 9493 9495 9487 9479 9472 9465 9462 9465 9461 9453 9450 9452 9446 9439
9407 9409 9405 9403 9406 9408 9406 9416 9431 9445 9455 9459 9466 9473 9483 9489 9496 9502 9507 9510 9510 9507 9505 9509 9512 9514 9512 9507 9503 9498 9500 9501 9499 9505 9507 9507 9508 9510 9510 9511 9510 9508 9514 9516 9517 9515 9505 9515 9513 9504 9501 9498 9501 9505 9503 9501 9503 9509 9519 9505 9491 9488 9485 9493 9499 9490 9493 9494 9488 9487 9487 9483 9476 9468 9461 9454 9463 9467 9461 9440 9445 9448 9439
9408 9402 9400 9403 9407 9408 9408 9417 9427 9436 9449 9455 9461 9466 9470 9486 9491 9496 9501 9504 9505 9504 9503 9504 9504 9505 9506 9505 9502 9496 9498 9503 9510 9507 9509 9511 9512 9514 9517 9514 9505 9498 9512 9518 9515 9514 9509 9515 9509 9502 9500 9500 9498 9501 9503 9503 9505 9508 9518 9506 9484 9481 9486 9485 9482 9492 9507 9488 9480 9480 9480 9479 9475 9469 9463 9464 9468 9468 9464 9450 9442 9443 9434
9411 9405 9402 9403 9405 9413 9432 9429 9427 9425 9433 9447 9456 9463 9472 9480 9484 9489 9494 9499 9501 9500 9500 9501 9503 9504 9505 9504 9503 9502 9494 9500 9504 9510 9511 9512 9514 9517 9526 9528 9507 9506 9509 9511 9511 9506 9504 9513 9510 9504 9503 9501 9501 9499 9504 9510 9509 9511 9513 9510 9492 9481 9481 9469 9453 9468 9478 9471 9469 9474 9476 9477 9476 9473 9468 9461 9464 9475 9469 9447 9439 9434 9426
