real_craters/C191-300m.grd
DSAA
597 597
-89.4075 89.4075
-89.4075 89.4075
7965.9311976857 10594.963552088
[rows 60 to 89 of 597, columns 134 to 200 of 597]
9310.44 9304.66 9299.52 9295.64 9292.44 9288.09 9285.73 9284.42 9284.05 9284.82 9285.63 9286.3 9286.29 9285.02 9281.82 9273.43 9279.16 9280.59 9278.27 9279.57 9281.6 9282.03 9280.6 9282.23 9286.27 9288.52 9281.72 9268.66 9265.92 9268.56 9272.67 9273.48 9272.48 9274.6 9277.07 9278.49 9277.52 9276.58 9275.36 9274.33 9273.52 9272.63 9271.76 9271.05 9270.24 9270.02 9269.98 9271.63 9272.55 9274.23 9276.78 9280.61 9285.05 9290.78 9299.1 9313.21 9330.8 9347.05 9357.45 9355.68 9346.81 9336.87 9330.01 9326.11 9321.64 9317.07 9313.17
9312.33 9306.11 9300.3 9294.86 9289.82 9288.15 9287.2 9287.03 9287.78 9287.47 9287.71 9288.04 9287.51 9284.68 9281.43 9283.83 9286.18 9284.38 9280.75 9279.51 9280.14 9278.1 9277.59 9279.2 9281.75 9282.44 9280 9277.4 9274.39 9272.34 9270.93 9270.83 9272.87 9275.06 9277.15 9278.48 9278.01 9277.69 9276.62 9275.62 9274.88 9273.72 9272.92 9272.15 9271.44 9271.2 9271.27 9272.1 9273.26 9275.08 9277.84 9282.17 9286.91 9292.95 9300.67 9314.73 9331 9343.88 9350.58 9347.18 9338.01 9327.15 9321.1 9318.14 9315.13 9312.49 9309.93
9314.36 9307.67 9301.29 9295.3 9290.35 9288.74 9288.25 9288.56 9289.32 9289.26 9289.56 9290.3 9291.13 9291.72 9291.39 9292.93 9293.56 9288.81 9285.61 9284.99 9279.46 9274.22 9274.84 9276.07 9278.03 9278.8 9279.19 9279.66 9279.78 9275.99 9271.95 9270.69 9275.19 9276.39 9277.02 9277.6 9278.85 9279.03 9278.14 9277.52 9276.78 9275.1 9274.33 9273.39 9272.99 9272.73 9272.91 9274.01 9275.21 9277.08 9279.84 9283.96 9288.83 9295.55 9305.18 9317.94 9332.27 9342.67 9345.4 9340.97 9330.41 9319.05 9313.07 9310.91 9309.06 9307.75 9306.53
9316.45 9309.41 9302.66 9296.56 9292.35 9289.68 9288.91 9289.21 9289.71 9290.22 9290.83 9292.16 9294.67 9297.95 9298.15 9295.68 9294.72 9290.77 9287.58 9284.7 9281.48 9277.28 9277.65 9276.4 9277.88 9278.06 9279.36 9281.08 9283.08 9279.09 9275.88 9276.17 9277.48 9278.14 9278.76 9279.64 9280.55 9280.54 9279.8 9279.28 9278.2 9277.45 9276.11 9276.18 9275.6 9275.48 9275.69 9276.15 9277.29 9279.05 9281.63 9285.42 9290.13 9296.76 9306.52 9320.11 9334.87 9345.95 9347.41 9338.15 9324.65 9311.26 9306.4 9304.42 9303.24 9302.93 9302.56
9318.34 9310.99 9303.92 9297.62 9292.71 9289.83 9288.97 9289.44 9290.61 9290.85 9291.18 9292.64 9295.46 9298.88 9299.25 9295.42 9292.42 9291.98 9290.3 9288.25 9288.3 9286.56 9286.12 9279.57 9277.57 9277.71 9281.25 9284.61 9283.47 9279.72 9278 9278.1 9279.2 9279.73 9280.9 9283.01 9282.19 9281.26 9280.31 9279.74 9279.81 9278.62 9278.53 9277.3 9276.88 9276.8 9277.48 9278.09 9279.09 9280.71 9282.98 9286.44 9290.54 9296.18 9305.1 9320.44 9336.88 9350.59 9350.74 9336.62 9320.59 9306.94 9301.45 9299.35 9298.64 9298.72 9298.62
9320.48 9312.79 9305.28 9298.32 9292.6 9289 9288.36 9288.86 9290.23 9290.05 9290.06 9291.5 9293.71 9297.07 9299.94 9300.34 9292.36 9297.49 9297.71 9297.79 9296.3 9297.73 9299.09 9282.7 9278.83 9277.41 9281.61 9284.03 9277.42 9277.72 9278.1 9278.4 9279.73 9280.75 9281.23 9282.16 9281.74 9281.46 9281.46 9281.09 9281.02 9280.04 9280.1 9278.94 9278.64 9279.05 9279.25 9279.76 9280.72 9282.19 9284.09 9286.87 9290.36 9294.93 9302.9 9319.38 9336.29 9348.93 9347.38 9333.16 9316.64 9303.26 9296.41 9295.76 9295.67 9296.17 9295.82
9323.22 9315.17 9307.23 9299.6 9291.82 9288.57 9288.41 9287.79 9286.42 9286.37 9288.74 9290.22 9291.49 9293.98 9301.45 9309.24 9313.19 9309.56 9304.52 9300.05 9299.85 9301.28 9302.83 9287.14 9281.14 9273.84 9278.05 9280.56 9278.23 9278.54 9279.14 9279.7 9281.03 9282.06 9281.41 9279.56 9280.52 9282.16 9283.17 9282.99 9282.2 9281.56 9281.17 9280.72 9280.21 9280.44 9281.03 9281.13 9281.92 9282.84 9284.6 9287.05 9290.05 9294.2 9302.51 9317.39 9333.27 9344.85 9341.5 9327.84 9311.7 9299.7 9295.12 9294.54 9294.05 9293.93 9294.39
9326.42 9318.04 9309.82 9302.22 9297.09 9293.24 9289.56 9288.08 9287.39 9288.36 9289.79 9290.8 9291.34 9293.33 9301.77 9315.69 9324.83 9318.21 9310.12 9305.77 9302.66 9299.19 9294.22 9295.67 9290.27 9275.84 9276.09 9278.34 9280.61 9280.78 9281.19 9281.89 9283.49 9284.87 9284.47 9283.26 9284.47 9285.05 9285.31 9284.64 9283.71 9283.02 9282.45 9282.02 9281.79 9282.06 9282.2 9282.37 9283.23 9283.66 9285.06 9287.6 9289.82 9293.51 9300.75 9313.78 9327.59 9339.46 9334.13 9321.94 9307.9 9299.19 9297.99 9295.15 9293.75 9293.47 9293.68
9329.18 9320.55 9312.22 9304.43 9297.52 9291.92 9290.21 9289.35 9290.26 9292.07 9293.17 9294.01 9293.85 9294.65 9297.92 9306.15 9319.3 9317.89 9306.8 9302.88 9299.69 9296.36 9287.5 9298.16 9296.47 9282.84 9276.7 9276.85 9279.19 9280.95 9282.95 9285.81 9287.41 9288.36 9289.24 9291.93 9292.46 9288.89 9287.1 9285.72 9284.46 9283.95 9283.27 9283 9282.76 9282.9 9283 9283.12 9283.14 9284.36 9285.51 9287.31 9289.55 9293.79 9299.96 9308.24 9317.41 9323.63 9322.68 9315.85 9307.28 9300.72 9297.49 9294.74 9293.37 9293.29 9293.54
9331.79 9322.91 9314.42 9306.39 9299.55 9294.11 9291.31 9290.25 9291.45 9294.94 9297.81 9301.11 9300.56 9299.13 9297.9 9297.92 9314.02 9316.54 9308.19 9301.13 9296.18 9293.88 9290.41 9295.51 9297.11 9288.43 9278.28 9277.34 9279.38 9281.05 9282.82 9286.74 9290.06 9290.14 9291.08 9294.05 9294.63 9290.24 9287.83 9286.01 9284.74 9284.1 9283.79 9283.5 9283.09 9283.02 9283.1 9283.51 9283.75 9284.61 9285.46 9286.68 9288.31 9291.8 9296.17 9301.14 9306.08 9309.41 9311.09 9309.6 9306.84 9300.9 9295.66 9293.21 9292.62 9292.96 9293.46
9334.67 9325.56 9316.75 9309.26 9302.06 9297.18 9292.3 9290.24 9290.41 9293.36 9302.93 9314.2 9321.27 9321.57 9316.76 9310.54 9314.09 9315.15 9314.78 9303.25 9294.02 9293.99 9294.85 9293.12 9293.63 9290.52 9282.97 9281.47 9281.83 9281.8 9281.39 9283.61 9287.34 9288.49 9289.19 9290.38 9290.43 9287.99 9286.5 9285.21 9284.61 9283.96 9283.54 9283.38 9283.29 9283.23 9283.27 9283.67 9283.74 9284.13 9284.88 9285.76 9286.5 9287.66 9290.78 9294.23 9296.62 9298.57 9301.85 9303.21 9301.9 9298.27 9293.41 9291.45 9292.07 9293.16 9294.2
9337.03 9327.83 9318.91 9311.49 9303.86 9296.22 9292.87 9290.15 9289.31 9292.93 9308.59 9330.5 9351.32 9355.61 9350.83 9339.47 9323.49 9316.28 9318.68 9307.66 9296.56 9295.23 9296.24 9293.7 9288.53 9290.84 9291.71 9287.66 9284.1 9281.15 9280.57 9281.38 9283.49 9285.02 9285.38 9285.1 9284.32 9283.84 9284.04 9283.96 9284.27 9283.66 9283.21 9283.13 9283.14 9283.15 9283.25 9283.66 9283.28 9283.74 9284.28 9284.96 9285.38 9285.9 9287.55 9289.45 9290.49 9292.04 9294.88 9297.5 9299.99 9295.68 9291.39 9290.49 9292.64 9293.89 9295.07
9339.03 9329.44 9321.4 9313.55 9306.1 9300.1 9294.45 9291.22 9289.91 9293.7 9312.79 9341.83 9370.76 9375.8 9372.51 9358.5 9337.37 9323.65 9328.14 9317.45 9304.14 9297.64 9295.58 9295.16 9287.14 9290.87 9296 9291.2 9287.44 9284.89 9280.81 9279.83 9280.99 9281.69 9281.72 9280.74 9279.34 9280.23 9281.91 9282.33 9282.47 9282.4 9282.4 9282.44 9282.22 9282.61 9282.78 9282.69 9282.76 9283.27 9283.88 9284.63 9285.42 9286.43 9286.68 9286.86 9286.7 9287.67 9289.55 9290.83 9291.49 9292.77 9293.65 9295.04 9294.7 9295.57 9296.62
9339.67 9330.97 9322.73 9315.46 9308.88 9300.35 9297.46 9294.09 9291.56 9295.21 9314.01 9343.38 9369.82 9374.33 9369.6 9362.17 9354.96 9352.59 9349.77 9330.29 9310.17 9300.16 9295.46 9291.85 9287.06 9287.32 9289.97 9289.59 9288.8 9287.63 9282.11 9279.56 9278.92 9279.35 9279.45 9278.66 9277.86 9278.51 9279.87 9280.74 9281.23 9280.92 9281.23 9281.01 9281.11 9281.64 9281.95 9282.83 9282.9 9283.46 9284.43 9285.02 9285.73 9287.01 9286.87 9286.39 9284.99 9285.54 9286.62 9286.33 9286.87 9290.45 9294 9296.19 9296.47 9297.14 9297.97
9339.75 9331.13 9323.32 9316.87 9313.13 9313.1 9308.16 9297.8 9292.9 9294.99 9312.11 9340.42 9359.83 9361.37 9355.57 9356.3 9363.92 9380.94 9367.93 9340.1 9317.22 9303.81 9294.61 9286.85 9287.36 9283.89 9284.06 9286.23 9286.53 9285.48 9283.24 9280.3 9278.29 9278.64 9279.05 9278.39 9277.41 9278.12 9278.9 9279.74 9280.02 9279.77 9280.79 9281.47 9281.84 9282.13 9282.6 9283.18 9283.25 9283.86 9285.09 9285.57 9285.75 9286.06 9287.49 9288.17 9288.78 9287.89 9287.1 9285.8 9286.44 9290.1 9293.39 9295.27 9297.24 9298.44 9299.38
9339 9330.49 9322.86 9316.22 9312.01 9314.02 9308.97 9296.04 9293.17 9296.3 9312.82 9341.33 9357.88 9349.61 9335.83 9342.55 9353.6 9365.6 9357.93 9339.19 9322.84 9308.4 9294.93 9285.5 9284.22 9284 9283.99 9284.39 9284.15 9282.58 9281.3 9280.97 9280.62 9280.63 9280.42 9279.73 9278.94 9279.05 9279.01 9279.99 9280.04 9279.73 9280.65 9281.06 9281.53 9282.64 9283.19 9283.02 9283.69 9284.35 9285.38 9285.91 9286.73 9287.66 9289.28 9290.65 9291.54 9291 9289.96 9288.84 9289.31 9291.75 9294.55 9296.85 9298.39 9299.42 9300.18
9337.65 9329.4 9321.48 9313.77 9305.22 9291.51 9279.7 9289.74 9294.45 9300.46 9316.68 9345.62 9359.09 9344.28 9325.68 9328.71 9333.32 9336.65 9335.81 9327.82 9319.47 9308.73 9296.83 9286.82 9283.89 9284.49 9284.15 9283.51 9283.25 9282.85 9282.44 9282.6 9283.26 9283.34 9282.78 9281.92 9281.04 9280.52 9280.07 9280.24 9279.98 9279.56 9280.05 9280.17 9280.72 9282.08 9282.78 9282.88 9283.94 9284.68 9285.63 9286.25 9288.13 9290.31 9291.65 9293.14 9293.62 9293.37 9292.99 9294.61 9293.8 9293.98 9296.25 9298.8 9299.95 9300.35 9300.67
9335.44 9327.56 9319.84 9312.22 9303.87 9292.91 9284.81 9295.63 9301.04 9307.22 9321.53 9352.75 9362.38 9345.6 9327.72 9318.88 9314.01 9309.53 9311.46 9312.5 9309.91 9303.98 9296.59 9287.72 9284.35 9282.43 9282.42 9282.58 9283.06 9283.97 9283.73 9284.35 9285.25 9285.68 9285.44 9284.56 9283.02 9281.58 9281.49 9280.68 9279.38 9278.49 9278.46 9278.83 9279.54 9280.96 9282.05 9282.88 9284.2 9285.03 9285.75 9286.37 9287.15 9289.54 9293.15 9296.35 9297.44 9295.34 9293.28 9292.85 9293.19 9294.11 9296.71 9300.44 9300.84 9300.44 9300.58
9333.33 9326.03 9319.05 9312.74 9308.27 9309.07 9322.7 9310.22 9311.48 9319.04 9335.69 9364.72 9367.33 9345.12 9324.51 9311 9300.51 9292.01 9295.32 9300.3 9301.9 9299.98 9293.79 9287.83 9284.42 9281.71 9281.69 9282.26 9282.77 9283.2 9284.34 9285.92 9287.52 9288.57 9287.88 9287.9 9287.13 9285.18 9284.66 9281.08 9278.19 9276.95 9277.05 9277.74 9278.77 9280.14 9281 9282.1 9283.77 9284.92 9285.93 9286.66 9287.23 9289.45 9293.86 9298.77 9300.93 9295.56 9291.1 9288 9289.85 9292.12 9294.99 9297.84 9298.81 9299.4 9299.88
9331.53 9324.65 9318.48 9313.13 9310.12 9310.4 9309.86 9313.71 9319.39 9330.24 9348.18 9373.17 9367.91 9340.04 9318.32 9305.43 9294.63 9288.51 9289.86 9293.38 9295.8 9295.96 9292.1 9289.52 9285.33 9282.03 9281.84 9282.44 9282.98 9283.35 9285.68 9287.4 9288.24 9288.12 9288.68 9290.15 9295.2 9300.22 9288.77 9279.06 9275.42 9274.83 9275.29 9276.6 9278.06 9279.39 9281.08 9282.4 9283.95 9285.37 9286.67 9288.11 9289.14 9291.2 9293.56 9295.42 9295.96 9292.88 9288.65 9285.86 9287.43 9290.01 9292.49 9294.32 9295.69 9297.34 9298.78
9329.82 9323.57 9317.66 9312.4 9308.93 9307.01 9306.72 9312.77 9323.38 9336.69 9351.79 9372.74 9363.73 9336.06 9316 9303.57 9293.48 9288.36 9290.05 9289.68 9290.59 9290.63 9289.61 9286.96 9286.14 9283.16 9283.05 9283.61 9284.13 9285.58 9287.87 9289.14 9289.63 9288.72 9288.3 9286.75 9288.56 9296.15 9276.42 9269.71 9269.86 9271.91 9274.28 9276.55 9278.57 9280.23 9281.57 9283.22 9284.41 9285.83 9287.57 9290.17 9293.58 9294.23 9293.62 9292.39 9291.52 9290.43 9287.18 9284.89 9286.66 9288.93 9290.98 9292.53 9294.04 9295.96 9297.4
9328.49 9322.29 9316.61 9311.5 9307.47 9304.6 9303.56 9311.56 9325.52 9341.46 9358.18 9372.35 9359.38 9334.01 9316.65 9304.79 9296.23 9290.51 9286.34 9288.03 9287.99 9287 9286.53 9288.35 9286.7 9286.15 9285.75 9285.91 9286.17 9285.81 9288.11 9291.36 9293.89 9294.16 9289.46 9279.42 9263.89 9241.85 9245.28 9255.92 9264.28 9270.25 9274.43 9277.56 9280.02 9282.06 9283.2 9284.57 9285.17 9286.5 9288.01 9290.38 9294.33 9295.24 9294.79 9294.89 9293.39 9291.04 9287.93 9286.13 9287.28 9289.12 9290.68 9292.49 9294.39 9295.23 9296.24
9328.29 9321.83 9316.4 9310.82 9306.69 9304.25 9303.44 9311.56 9326.59 9343.96 9361.93 9370.31 9354.98 9333.95 9318.58 9307.57 9298.57 9293.51 9292.37 9289.63 9288.33 9287.6 9288.31 9290.17 9294.91 9290.3 9288.64 9288.43 9289.14 9290.35 9290.48 9294.14 9299.13 9302.33 9294.42 9277.9 9254.19 9224.5 9231.89 9251.66 9264.03 9271.5 9276.24 9279.7 9282.25 9283.63 9284.77 9285.95 9286.8 9287.23 9287.86 9288.28 9289.65 9292.81 9295.43 9298.28 9296.45 9293.35 9290.48 9288.78 9288.99 9289.78 9291.05 9292.05 9293.17 9294.54 9295.22
9328.21 9322.15 9316.32 9310.93 9306.8 9304.5 9305.47 9312.61 9325.77 9342.11 9357.97 9363.34 9348.92 9329.57 9320.47 9311.72 9303.55 9297.53 9294.19 9291.13 9290.52 9290.83 9291.73 9293.8 9299.28 9292.72 9290.94 9290.49 9290.91 9291.87 9291.68 9295.55 9302.23 9307.92 9300.97 9285.34 9267.37 9248.78 9252.77 9264.46 9271.93 9276.67 9280.14 9282.65 9284.84 9285.65 9286.9 9287.78 9288.29 9288.39 9288.11 9287.12 9287.43 9291.31 9295.08 9297.42 9297.09 9295.14 9294.51 9292.47 9290.85 9290.77 9291.32 9292.08 9293.55 9294.34 9294.96
9329.22 9323.37 9317.47 9312.23 9307.78 9305.07 9304.99 9310.3 9322.34 9336.9 9350.37 9352.81 9343.56 9332.5 9324.54 9317.65 9309.98 9301.93 9292.92 9292.03 9293.5 9294.01 9291.56 9293.85 9296.04 9295.29 9293.07 9291.76 9290.94 9290.46 9290.23 9294.47 9301.61 9307.71 9304.66 9295.6 9289.84 9292.75 9293.9 9286.53 9284.44 9284.63 9285.34 9286.96 9288.52 9289.48 9290.45 9291.05 9291.2 9290.95 9290.11 9288.66 9288.9 9292.15 9295.95 9298.9 9297.24 9295.09 9293.12 9292.46 9291.73 9291.7 9292.12 9292.36 9292.58 9294.01 9294.94
9330.85 9324.89 9318.71 9313.3 9309.4 9305.98 9304.33 9306.96 9317.29 9329.46 9341.57 9342.76 9338.75 9333.73 9329.36 9323.9 9318.79 9308.02 9300.87 9297.41 9296.52 9296.65 9291.73 9293.28 9293.98 9294.24 9293.41 9292.29 9291.22 9290.14 9290.11 9293.33 9298.59 9303.05 9303.22 9301.18 9303.2 9312.54 9314.33 9300.95 9294.41 9292.69 9292.59 9293.58 9294.91 9295.25 9295.61 9295.97 9295.8 9295.28 9293.86 9293.07 9293.44 9294.61 9296.35 9298.36 9297.05 9294.74 9292.67 9292.15 9292.53 9293.03 9293.39 9293.52 9293.54 9294.45 9295.67
9332.61 9326.79 9320.9 9315.53 9310.21 9306.92 9305.51 9306.62 9312.49 9320.31 9328.91 9332.61 9337.54 9338.68 9334.95 9328.34 9319.65 9311.32 9304.75 9300.02 9297.01 9295.82 9291.51 9292.48 9295.29 9294.76 9293.64 9292.83 9292.17 9291.26 9290.49 9291.94 9295.16 9297.38 9298.51 9301 9303.97 9306.48 9305.06 9302.31 9299.35 9298.63 9298.91 9299.89 9301.54 9302.22 9302.68 9302.92 9301.97 9300.89 9298.68 9296.33 9296.96 9297.51 9297.55 9297.44 9297.66 9295.89 9293.19 9293.78 9294.52 9295.03 9295.58 9295.7 9296.07 9296.54 9297.1
9335.22 9329.71 9323.8 9318.5 9313.32 9309.6 9307.51 9307.63 9308.97 9312.06 9315.65 9324.27 9343.5 9348.2 9341.09 9332.55 9323.14 9311.86 9301.98 9295.52 9295.86 9295.24 9295.17 9294 9293.89 9294.17 9294.39 9293.73 9292.19 9291.21 9290.14 9290.33 9293.33 9295.28 9296.84 9299.71 9300.99 9299.9 9297.85 9300.08 9301.74 9303.42 9304.85 9306.37 9307.99 9308.85 9309.69 9310.1 9310.02 9308.96 9306.46 9301.64 9301.05 9305.14 9303.82 9302.6 9302.5 9300.62 9298.84 9297.65 9297.68 9298.04 9298.46 9298.38 9298.29 9298.32 9298.45
9338.61 9333.4 9327.43 9321.91 9316.79 9312.84 9310.2 9308.14 9308.02 9308.97 9315.08 9333.92 9356.18 9356.4 9345.16 9332.52 9321.14 9310.93 9302.67 9297.91 9295.78 9294.49 9293.6 9294.43 9295.86 9295.01 9294.93 9295.66 9295.81 9294.14 9292.3 9292.23 9294.12 9297.03 9299.89 9300.3 9299.28 9297.61 9295.83 9300.2 9304.75 9308.44 9311.29 9313.49 9315.1 9316.37 9317.28 9318 9318.58 9319.08 9319.15 9319.49 9320.29 9321.92 9319.85 9316.28 9312.18 9306.9 9303.51 9302.25 9302.04 9302.32 9302.09 9301.87 9301.46 9300.95 9300.21
9341.63 9336.93 9331.82 9326.26 9321.21 9316.56 9313.7 9312.27 9311.46 9312.06 9319.59 9351.23 9365.87 9361.98 9346.92 9329.33 9317.04 9309.16 9303.46 9299.83 9296.89 9294.28 9292.95 9294.55 9295.94 9294.48 9295.62 9297.68 9299.45 9297.36 9294.79 9293.29 9295.43 9298.69 9301.72 9301.22 9300.11 9299.6 9299.99 9304.13 9309.86 9315.33 9319.1 9322.2 9323.93 9325.39 9326.65 9327.5 9329.55 9329.97 9332.94 9339.26 9341.11 9342.57 9344.42 9337.25 9325.42 9313.77 9307.73 9307.87 9307.92 9307.6 9306.86 9305.86 9305.01 9303.82 9302.51
