real_craters/C191-500m.grd
DSAA
359 359
-89.4075 89.4075
-89.4075 89.4075
7967.0011065693 10587.401182565
[rows 300 to 329 of 359, columns 67 to 133 of 359]
9596.25 9606.1 9604.81 9593.02 9583.07 9573.8 9569.41 9579.12 9604.7 9637.22 9672.86 9711.59 9746.36 9744.61 9715.93 9706.76 9699.89 9683.46 9665.82 9647.88 9634.58 9618.04 9608.43 9600.89 9592.03 9577.67 9559.33 9540.42 9544.22 9553.96 9548.11 9539.9 9531.46 9522.81 9514.61 9506.1 9495.78 9485.79 9479.42 9474.67 9470.81 9463.45 9458.1 9455.65 9451.03 9446.77 9443.54 9443.16 9443.03 9435.12 9432.82 9433.4 9437.92 9440.44 9433.18 9426.1 9424.55 9423.57 9432.68 9439.75 9453.25 9449.14 9438.14 9445.21 9472.24 9479.5 9496.26
9601.16 9607.7 9605.99 9601.64 9589.65 9574.8 9564.33 9572.61 9600.87 9634.49 9670.22 9705.12 9731.04 9731.81 9721.16 9709.5 9698.13 9682.15 9663.57 9643.92 9624.53 9609.95 9604.01 9598.04 9591.13 9579.84 9567.27 9551.6 9548.43 9548.61 9546.41 9540.6 9534.94 9527.72 9520.94 9514.95 9504.44 9489.81 9478.06 9469.3 9459.33 9459.24 9457.33 9451.21 9448.94 9445.2 9440.33 9433.67 9425.22 9428.97 9432.96 9436.29 9438.14 9436.67 9432.81 9429.64 9430.48 9435.8 9441.69 9444.12 9451.71 9450.11 9443 9442.94 9461.12 9477.96 9491.69
9608.8 9620.78 9623.73 9613.46 9595.38 9580.23 9569.42 9575.17 9601.83 9632.86 9664.85 9693.85 9714.32 9725.37 9731.9 9717.57 9701.22 9682.9 9663.28 9643.12 9625.24 9614.58 9605.52 9595.98 9589.3 9587.47 9580.56 9575.4 9561.47 9550.3 9545.58 9540.86 9535.01 9529.05 9523.52 9520.1 9513.35 9484.76 9474.96 9468.89 9464.58 9458.85 9453.87 9451.42 9448.46 9444.48 9438.84 9429.17 9417.53 9428.24 9434.65 9438.46 9437.88 9433.94 9431.61 9429.78 9434.49 9448.52 9451.12 9448.65 9455.67 9453.97 9450.2 9449.04 9450.63 9457.79 9470.17
9613.48 9633.17 9651.87 9623.22 9604.1 9587.48 9581.17 9588.96 9607.46 9634.04 9661.1 9685.92 9706.58 9723.58 9730.43 9716.46 9705.93 9686.28 9664.55 9642.49 9623.23 9611.84 9602.59 9591.97 9582.58 9576.4 9583.73 9592.34 9571.63 9552.91 9546.97 9541.48 9535.21 9528.77 9522.09 9515.1 9509.18 9480.05 9474.01 9468.15 9462.91 9459.74 9456.05 9452.35 9448.99 9446.08 9442 9439.26 9447.62 9440.09 9439.65 9440.03 9438.73 9434.86 9431.97 9430.03 9432.93 9443.77 9450 9453.33 9459.53 9458.05 9456.75 9457.53 9448.94 9447.09 9459.65
9608.92 9619.35 9621.48 9608.86 9595.05 9590.78 9589.7 9596.54 9614.25 9637.09 9660.88 9683.08 9706.64 9734.47 9751.44 9739.8 9715.95 9692.98 9668.43 9644.05 9619.64 9604.23 9597.39 9588.58 9579.62 9575.67 9577.44 9574.96 9569.47 9558.22 9549.91 9541.93 9534.19 9526.17 9517.58 9507.66 9494.57 9482.4 9476.29 9472.03 9467.21 9462.19 9458.72 9453.07 9449.84 9447.65 9446.01 9445.64 9445.97 9445.63 9444.62 9443.45 9439.13 9437.53 9434.97 9432.75 9433.68 9440.81 9449.1 9461.59 9462.52 9460.66 9459.25 9455.94 9452.16 9454.75 9465.88
9601.25 9604.52 9596.61 9598.02 9597.33 9593.98 9596.07 9601.83 9622.02 9643.99 9664.52 9683.82 9703.19 9734.79 9743.75 9739.5 9719.31 9693.84 9670.87 9646.34 9623.41 9605.78 9597.38 9587.93 9580.87 9577.06 9575.77 9571.76 9568.49 9559.85 9551.53 9541.68 9532.46 9523.7 9513.65 9502.49 9492.21 9484.12 9478.23 9474.86 9469.79 9463.84 9458.66 9454.31 9451.93 9450.58 9449.29 9448.68 9448.01 9448.07 9449.63 9450.08 9446.06 9442.93 9439.56 9438.36 9439.15 9444.3 9452.75 9467.61 9459.77 9460.08 9461.57 9459.09 9456.16 9459.33 9473.97
9596.1 9600.39 9605.82 9598.44 9588.42 9596.41 9606.98 9619.8 9638.32 9654.74 9672.35 9690.36 9707.98 9732.42 9735.48 9732.45 9715.11 9692.34 9669.96 9650.28 9632.21 9614.81 9596.34 9586.92 9583.59 9581.33 9579.65 9576.35 9569.48 9562.95 9551.47 9540.69 9530.67 9520.85 9511.34 9501.63 9491.12 9484.21 9479.2 9474.37 9470.15 9465.17 9458.76 9455.92 9455.15 9453.41 9452.16 9451.88 9451.62 9452.97 9454.27 9456.19 9454.48 9446.08 9444.02 9445.02 9448.87 9448.72 9451.41 9451.58 9450.19 9458.09 9465.97 9469.64 9461.85 9458.33 9478.64
9593.29 9597.35 9598.62 9596.59 9595.26 9603.27 9618.75 9643.46 9654.74 9666.78 9684.36 9701.41 9719.93 9737.33 9707.61 9722.43 9705.85 9685.56 9667.14 9651.45 9640.17 9627.9 9593.39 9586.74 9580.26 9583.53 9582.5 9577.98 9569.8 9558.62 9548.76 9539.59 9529.98 9521.04 9512.01 9502.82 9493.1 9486.06 9480.6 9473.65 9471.44 9469.49 9468.01 9465.68 9458.34 9455.35 9454.36 9454.61 9456.69 9457.49 9455.53 9456.09 9451.36 9444.13 9446.67 9449.59 9451.34 9450.5 9446.92 9447.19 9449.81 9457.66 9468.11 9480.55 9464.6 9461.31 9480.87
9591.82 9595.55 9598.14 9599.22 9601.64 9609.24 9621.26 9635.26 9652.11 9674.51 9696.72 9715.75 9732.79 9750.98 9739.32 9707.4 9690.96 9674.18 9658.75 9645.69 9636.49 9628.27 9593.15 9591.46 9609.69 9592.11 9585.19 9580.35 9571.82 9559 9548.21 9539.29 9530.45 9521.64 9512.62 9505.01 9496.12 9490.04 9482.95 9475.96 9473.93 9473.13 9470.07 9462.58 9457.83 9455.96 9455.18 9455.11 9455.05 9453.58 9452.11 9448.9 9446.49 9447.23 9448.68 9453.09 9457.8 9451.56 9446.28 9450.06 9452.4 9456.15 9461.07 9459.84 9455.36 9459.02 9477.1
9591.56 9595.75 9596.91 9599.09 9606.8 9615.23 9622.88 9631.45 9651.45 9682.15 9712.01 9737.52 9757.77 9769.02 9740.62 9701.55 9675.95 9660.62 9647.21 9634.28 9620.97 9599.2 9600.34 9576.34 9562.29 9579.23 9591.81 9588.41 9576.11 9561.38 9548.72 9540.18 9531.32 9522.41 9513.76 9505.03 9498.04 9491.77 9483.46 9478.51 9476.16 9475.47 9471.27 9459.57 9455.79 9454.75 9454.48 9454.61 9453.67 9450.93 9448.85 9445.06 9442.77 9442.45 9448.13 9452.46 9454.76 9446 9427.73 9438.94 9455.76 9453.9 9454.35 9453.37 9455.18 9456.88 9468.68
9593.85 9599.47 9603.8 9608.3 9617.3 9622.71 9627.1 9638.29 9659.82 9691.97 9727.02 9761.59 9779.63 9769.55 9723.83 9686.55 9661.79 9647.78 9636.18 9623.49 9611.27 9607.98 9603.73 9563.75 9518.06 9567.1 9603 9596.23 9579.69 9563.82 9550.48 9541.45 9532.85 9524.25 9515.61 9507.35 9498.1 9489.03 9484.59 9479.93 9477.62 9475.27 9469.19 9459.88 9454.75 9453.98 9453.9 9454.06 9454.83 9454.78 9445.95 9441.99 9440.66 9444.35 9447.9 9451.02 9450.97 9445 9438.47 9443.93 9452.5 9451.93 9454.01 9456.21 9459.91 9454.3 9459.33
9596.22 9604.31 9614.7 9625.59 9620.2 9619.33 9629.88 9645.2 9668.26 9699.58 9734.51 9768.27 9784.86 9771.58 9727.69 9683.83 9656.14 9639.41 9625.24 9612.28 9598.9 9584.96 9595.5 9592.2 9569.69 9577.73 9598.33 9591.6 9577.96 9563.86 9549.75 9543.33 9534.64 9525.77 9517.14 9508.48 9499.56 9492.13 9486.5 9481.78 9478.43 9475.39 9469.15 9459.96 9455.46 9454.16 9453.21 9452.77 9453.42 9451.25 9439.76 9425.47 9433.48 9444.05 9448.61 9450.98 9452.21 9451.51 9449.78 9458.83 9456.04 9452.27 9454.48 9456.33 9455.83 9461.97 9475.43
9598.89 9606.28 9615.27 9626.58 9618 9618.83 9632.46 9651.41 9673.4 9704.5 9734.17 9762.25 9782.51 9766.1 9717.8 9683.68 9656.27 9635.47 9618.48 9604.38 9590.73 9578.68 9590.72 9607.92 9594.56 9580.98 9578.08 9578.79 9572.25 9564.18 9557.74 9546.04 9536.31 9527.22 9518.18 9509.72 9501.04 9493.16 9486.17 9481.54 9478.95 9473.93 9469.47 9464.6 9459.67 9454.52 9451.69 9449.83 9448.3 9445.75 9436.95 9428.19 9435.49 9445.55 9449.68 9451.7 9453.41 9454.39 9455.86 9462.59 9462.45 9451.72 9451.96 9452.54 9454.12 9470.05 9492.6
9601.53 9605.68 9608 9602.91 9609.14 9616.47 9637.83 9662.1 9687.53 9710.64 9729.56 9744.78 9769.01 9753.8 9710.35 9680.58 9654 9632.09 9614.6 9600.52 9589.19 9583.88 9588.07 9588.14 9580.57 9573.93 9569.58 9569.46 9566.75 9561.59 9554.89 9546.01 9536.96 9528.3 9519.17 9510.11 9501.97 9493.24 9485.05 9482.7 9480.92 9479.47 9471.73 9464.59 9458.15 9453.18 9449.9 9447.02 9442.98 9436.02 9438.41 9447.07 9443.97 9447.26 9449.4 9451.82 9453.13 9452.81 9453.55 9459.99 9461.21 9451.41 9450 9450.49 9453.45 9467.64 9484.51
9605.62 9607.55 9607.6 9608.75 9615.07 9628.24 9646.92 9671.64 9702.63 9714.38 9727.32 9741.94 9761.56 9745.41 9711.3 9678.75 9652.22 9629.01 9611.81 9599.32 9589.58 9583.89 9581.04 9577.43 9571.21 9567.42 9563.97 9563.44 9561.34 9556.77 9547.58 9542.57 9536.53 9528.92 9520.68 9511.96 9503.06 9496.18 9487.54 9483.08 9481.26 9478.31 9471.4 9462.15 9455.01 9451.6 9449.07 9445.95 9442.31 9440.12 9439.97 9442 9445.37 9446.88 9449.78 9452.18 9454.32 9456.57 9456.06 9458.88 9460.27 9452.82 9449.35 9449.71 9453.3 9459.49 9459.66
9610.63 9611.42 9612.5 9615.19 9624 9636.94 9655.63 9673.64 9687.43 9707.87 9726.22 9739.1 9750.03 9735.92 9708.95 9674.4 9643.63 9624.38 9610.15 9599.06 9590.41 9583.96 9579.75 9577 9569.95 9565.58 9562.6 9560.63 9558.19 9554.93 9551.12 9545.12 9536.42 9527.9 9520.22 9510.92 9502.27 9494.32 9486.05 9482.27 9480.48 9476.95 9469.8 9461.39 9453.06 9451.95 9449.48 9446.48 9443.26 9440.36 9440.19 9443.25 9446.63 9450.21 9452.15 9452.93 9453.95 9453.91 9450.07 9456.38 9455.84 9453.29 9449.95 9450.83 9453.92 9456.11 9455.46
9614.99 9616.38 9617.84 9621.57 9632.75 9653.24 9667.76 9677.36 9687.97 9708.6 9732.83 9747.12 9744.08 9726.85 9695.86 9663.16 9636.96 9619.96 9609.43 9600.54 9592.43 9585.99 9581.98 9573.66 9570.08 9567.61 9563.72 9560.17 9557.17 9554.49 9552.78 9545.31 9534.38 9524.78 9516.45 9508.04 9500.29 9492.66 9485.7 9482.19 9477.78 9473.31 9467.57 9462.72 9461.61 9454.54 9450.35 9446.99 9444.5 9442.83 9443.16 9445.87 9448.48 9450.19 9451.33 9453.39 9453.27 9450.52 9449.75 9455.56 9453.14 9449.04 9448.87 9451.14 9454.71 9456.09 9454.3
9621.14 9621.9 9624.4 9628.34 9640.08 9660.94 9672.46 9680.78 9694.76 9714.57 9735.43 9746.46 9736.21 9703.51 9678.52 9653.95 9627.46 9617.25 9608.6 9600.7 9593.35 9586.25 9578.41 9576.91 9569.04 9566.67 9563.05 9558.59 9554.53 9550.89 9546.1 9539.1 9530.15 9519.64 9509.8 9504.35 9498.62 9493.26 9489.01 9480.78 9473.3 9467.49 9463.09 9461.08 9459.5 9454.8 9449.88 9446.86 9445.62 9445.44 9448.02 9449.04 9450.4 9452.47 9454.61 9455.29 9454.66 9453.61 9451.78 9458.22 9448.54 9449.73 9447.96 9451.01 9455.08 9456.26 9450.51
9624.5 9625.87 9629.77 9637.71 9649.46 9653.92 9663.06 9680.18 9695.89 9716.79 9737.89 9746.54 9730.66 9694.81 9669.98 9648.3 9633.6 9619.71 9608.79 9600.28 9593.44 9587.95 9584.22 9580.85 9568.07 9564 9559.95 9555.53 9550.88 9546.33 9542.73 9537.39 9525.21 9516 9507.73 9502.02 9497.22 9493.59 9489.11 9480.42 9465.04 9458.07 9457.17 9456.53 9456.15 9452.23 9447.85 9446.02 9445.47 9446.29 9447.34 9449 9450.98 9454.15 9457.83 9455.63 9456.16 9457.71 9456.4 9439.55 9436.57 9445.08 9447.44 9450.84 9453.38 9452.67 9448.21
9626.76 9628.48 9632.34 9637.77 9643.65 9658.76 9675.15 9679.37 9692.47 9714.22 9744.9 9750.3 9726.21 9685.67 9656.07 9636.81 9627.1 9618.05 9607.78 9599.12 9592.93 9589.18 9587.84 9579.62 9568.38 9565.76 9557.4 9551.86 9546.42 9540.5 9532.66 9522.64 9518.18 9512.29 9506.02 9499.82 9494.56 9490.34 9485.54 9477.52 9457.73 9452.31 9453.29 9451.43 9448.43 9445.55 9443.36 9442.46 9443.45 9445.78 9448.42 9448.58 9449.44 9449.91 9448.36 9451.94 9454.65 9458.02 9458.37 9449.49 9442.81 9443.39 9448.4 9449.97 9452.37 9453.87 9447.28
9627.32 9629.18 9631.62 9635.2 9640.5 9648.79 9654.79 9671.73 9688.38 9708.96 9740.56 9744.19 9717.46 9679.3 9645.46 9625.9 9621.58 9615.2 9604.78 9595.75 9589.37 9585.83 9585.5 9576.79 9562.76 9553.53 9552.12 9548.16 9542.94 9536.38 9527.57 9518.27 9514.37 9509.82 9503.79 9497.31 9490.82 9485.01 9478.33 9470.62 9471.44 9462.09 9453.91 9447.32 9441.29 9437 9437.37 9438.52 9440.36 9442.66 9445.07 9446 9446.89 9447.25 9447.57 9449.44 9450.62 9449.43 9444.84 9446.44 9433.97 9402.72 9432.13 9446.96 9449.21 9448.63 9454.37
9627.33 9629.3 9632.25 9635.37 9639.02 9641.16 9640.93 9670.98 9691.09 9709.57 9742.39 9733.38 9714.56 9680.73 9644.84 9621.95 9615.11 9608.83 9599.24 9590.76 9583.54 9577.68 9571.17 9567.48 9558.07 9552.4 9549.51 9545.9 9541.11 9535.2 9527.64 9519.65 9515.32 9510.36 9503.27 9495.17 9486.77 9479.24 9472.72 9469.22 9478 9466.22 9454.44 9444.64 9435.47 9430.29 9432.25 9434.65 9436.57 9437.8 9439.72 9442.84 9444.76 9446.36 9448.1 9448.4 9447.22 9444.12 9441.65 9444.94 9438.55 9421.44 9446.74 9447.5 9446.7 9445.48 9447.9
9627.19 9630.7 9633.93 9637.5 9642.01 9654.21 9677.52 9688.07 9703.71 9719.73 9729.15 9727.09 9715.85 9682.62 9646.78 9620.55 9609.98 9604.69 9593.35 9585.62 9577.77 9569.13 9561.5 9557.7 9556.36 9554.07 9549.43 9545.35 9540.89 9536.53 9531.67 9524.88 9522.08 9516.27 9504.8 9493.4 9483.1 9473.52 9466.74 9464.23 9462.72 9460.9 9453.22 9443.85 9434.66 9429.42 9430.5 9432.61 9434.45 9435.25 9437.14 9440.67 9442.74 9444.82 9447 9447.04 9445.88 9445.55 9441.08 9449.6 9467.71 9447.32 9444.46 9444.29 9443.6 9443.61 9444.59
9625.77 9630.5 9636.06 9641.45 9648.66 9662.86 9681.91 9697.01 9714.44 9733.29 9726.03 9741.27 9718.33 9684.59 9648.04 9618.39 9602.67 9591.7 9586.93 9580.8 9572.79 9563.42 9553.31 9552.9 9554.36 9552.43 9549.23 9544.81 9540.93 9537.95 9536.69 9539.79 9529.72 9512.32 9502.65 9491.23 9480.13 9470.25 9464.68 9462.98 9462.29 9459.12 9452.29 9444.2 9436.94 9431.9 9431.25 9432.25 9433.77 9435.65 9436.76 9437.93 9439.85 9442.47 9445.33 9445.87 9443.4 9441.74 9438.08 9442.93 9441.45 9438.46 9443.02 9441.5 9438.16 9434.4 9435.76
9628.08 9633.85 9639.11 9646.48 9656.41 9669.36 9680.86 9699.03 9716.21 9726.47 9734.52 9750.07 9726.25 9688.77 9647.92 9611.71 9598.94 9590.87 9585.26 9579.3 9571.72 9563.07 9553.82 9548.29 9550.8 9552.01 9548.14 9543.69 9540.62 9536.57 9534.13 9531.92 9522.54 9510.85 9498.83 9488.47 9478.15 9468.13 9464.62 9466.72 9466.13 9459.01 9451.81 9444.5 9438.2 9434.83 9432.28 9432.87 9434.34 9435.44 9434.69 9433.92 9436.78 9439.81 9441.98 9442.12 9440.69 9438.21 9443.41 9445.38 9443.62 9440.6 9444.19 9437.71 9433.57 9431.58 9439.94
9627.92 9635.88 9642.93 9651.32 9661.85 9675.25 9692.45 9707.96 9718.15 9729.89 9745.86 9757.87 9733.77 9693.09 9650 9616.51 9599.28 9593.71 9587.54 9579.58 9572.58 9564.96 9555.42 9541.62 9547.44 9548.58 9544.5 9540.25 9535.17 9530.26 9525.5 9518.26 9510.27 9502.73 9494.94 9486.81 9479.04 9472.52 9467.69 9465.17 9464.71 9457.94 9451.27 9444.65 9438.33 9431.35 9432.37 9434.12 9435.37 9435.63 9433.97 9433.02 9434.72 9437.42 9440.47 9443.92 9442.7 9439.29 9445.76 9444.94 9445.01 9437.79 9442.73 9435.55 9433.24 9433.38 9439.3
9629.59 9636.84 9644.9 9653.65 9664.15 9678.08 9696.68 9709.57 9717.2 9729.54 9754.65 9762.28 9737.79 9694.7 9648.76 9609.11 9594.64 9597.24 9589.78 9579.81 9572.93 9566.59 9556.55 9541.68 9539.73 9541.52 9539.87 9535.28 9529.47 9523.63 9516.65 9507.85 9501.32 9498.86 9491.57 9484.69 9479.39 9476.75 9470.9 9468.62 9459.88 9456.18 9451.07 9445.5 9440.16 9436.08 9434.92 9435.59 9437.04 9437.07 9434.83 9431.19 9433.56 9435.75 9437.99 9440.71 9449.6 9455.14 9447.21 9437.86 9417.55 9420.5 9433.48 9435.85 9435.55 9433.96 9437.43
9633.04 9640.89 9648.35 9656.84 9665.46 9675.84 9692.65 9706.2 9714.95 9726.03 9757.72 9760.97 9735.74 9694.76 9648.04 9603.2 9588.32 9586.23 9581.8 9577.51 9572.95 9572.09 9568.75 9561.83 9555.68 9545.41 9539.72 9532.81 9526.29 9519.32 9511.49 9503.65 9498.06 9493.26 9487.58 9481.42 9475.37 9470.17 9469.33 9465.32 9459.04 9456.03 9451.71 9446.81 9442.19 9439.13 9437.33 9436.56 9437.74 9440.66 9435.76 9433.61 9433.49 9435.22 9436.42 9438.06 9449.4 9453.41 9440.04 9428.54 9437.53 9442.63 9461.6 9445.59 9437.16 9435.05 9434.89
9636.16 9645.19 9653.7 9662.06 9670.41 9680.02 9697.22 9711.56 9718.86 9731.79 9768.57 9766.51 9737.22 9695.9 9651.32 9613.28 9592.36 9587.75 9583.64 9573.98 9568.38 9565.76 9571.64 9583.92 9579.82 9553.59 9538.93 9530.28 9522.83 9515.63 9508.06 9500.3 9492.96 9489.04 9484.39 9479.23 9474.51 9471.38 9470.09 9468.44 9464.27 9458.55 9452.8 9447.16 9442.5 9439.18 9436.65 9435.18 9434.51 9433.03 9433.29 9431.89 9433.91 9436.64 9439.53 9441.72 9447.87 9447.99 9440.25 9437.47 9445.37 9435.96 9436.54 9434.63 9434.08 9433.59 9435.14
9640.1 9648.86 9658.91 9668.84 9679.32 9691.25 9703.37 9713.34 9728.21 9746.27 9776.58 9771.87 9737.24 9696.18 9655.18 9617.78 9593.72 9585.31 9577.64 9567.38 9560.91 9558.06 9563.48 9575.94 9569.02 9542.49 9535.68 9527.81 9520.27 9513.31 9506.36 9499.46 9493.17 9486.95 9482.09 9477.44 9473.4 9471.17 9471.28 9467.17 9463.26 9460.17 9453.5 9447.41 9441.91 9437.65 9434.51 9432.61 9432.12 9431.68 9431.13 9431.35 9433.66 9438.81 9445.12 9453.15 9452.79 9446.38 9439.95 9433.46 9430.48 9433.89 9431.76 9430.99 9430.88 9431.56 9435.47
