real_craters/C191-500m.grd
DSAA
359 359
-89.4075 89.4075
-89.4075 89.4075
7967.0011065693 10587.401182565
[rows 300 to 329 of 359, columns 201 to 267 of 359]
9490.86 9491.63 9489.74 9489.59 9489.88 9490.99 9503.75 9497.93 9507.78 9503.69 9501.4 9500.52 9497.29 9495.61 9494.22 9493.43 9492.96 9491.42 9488.79 9485.06 9482.95 9485.71 9478.3 9473.6 9470.24 9468.55 9470.49 9478.65 9482.46 9484.57 9483.6 9485.31 9486.89 9487.9 9484.17 9493.98 9501.11 9508.38 9515.78 9514.24 9476.65 9458.48 9452.07 9459.54 9471.5 9483.02 9478.04 9459.01 9465.21 9476.28 9473.83 9469.83 9466.66 9463.54 9458.97 9467.38 9474.18 9466.14 9453.12 9440.3 9440.15 9444.09 9439.78 9426.3 9417.98 9411.53 9407.95
9488.25 9487.77 9489.43 9488.78 9489.37 9495.36 9509.88 9503.62 9492.16 9497.47 9498.78 9497.65 9494.81 9496.29 9497.86 9497.62 9496.43 9494.66 9492.71 9490.66 9489.23 9485.4 9482.57 9479.94 9466.09 9455.32 9468.99 9476.88 9475.76 9478.22 9481.24 9483.56 9482.37 9477.83 9480.45 9486.24 9497 9508.27 9519.34 9524.63 9475.72 9444.5 9462.51 9463.92 9473.9 9487.46 9488.94 9475.69 9472.09 9470.87 9470.59 9469.63 9469.68 9471.52 9477.03 9477.85 9478.12 9467.52 9454.54 9444.79 9444.82 9448.32 9444.68 9427.84 9416.64 9410.1 9406.23
9502.04 9496.76 9491.92 9489.26 9489.03 9495.16 9507.69 9508.03 9496.37 9484.71 9489.17 9504.31 9497.19 9497.46 9499.32 9498.93 9498.48 9497.34 9496.41 9494.5 9491.28 9485.15 9478.42 9472.18 9450.19 9426.94 9485.93 9494.43 9475.61 9480.44 9482.31 9484.81 9483.53 9476.67 9470.3 9479.5 9490.53 9501.68 9510.98 9512.01 9485.29 9464.94 9464.68 9459.53 9471.63 9488.36 9502.78 9499.37 9479.83 9465.97 9466.98 9468.9 9471.39 9476 9479.94 9480.09 9479.21 9467.78 9456.63 9447.14 9452.31 9451.39 9449.55 9428.81 9413.07 9408.55 9405.85
9504.03 9499.21 9497.06 9493.35 9489.62 9479.96 9493.91 9507.5 9497.36 9496.76 9507 9505.89 9498.18 9498.51 9499.59 9499.67 9499.99 9499.74 9499.23 9497.61 9494.1 9487.77 9470.09 9443.94 9421.74 9417.92 9444.44 9474.89 9483.28 9481.67 9489.82 9490.47 9487.36 9478.71 9472.52 9476.16 9484.68 9492.75 9497.03 9496.4 9485.01 9463.38 9460.96 9453.52 9464.65 9482.95 9502.27 9506.18 9484.29 9468.54 9467.63 9469.15 9470.75 9473.48 9478.69 9474.32 9471.25 9465.66 9459.38 9451.87 9450.24 9449.26 9443.29 9427.18 9413.3 9409.78 9408
9513.95 9503.94 9502.58 9500.48 9497.82 9495.89 9483.44 9501.96 9504.15 9501.81 9500.34 9497.56 9498.44 9500.26 9500.81 9501.38 9500.87 9500.63 9499.64 9499.13 9496.49 9488.56 9464.55 9428.59 9409.64 9427.64 9468.57 9500.6 9507.54 9509.8 9506.85 9495.05 9492.98 9486.38 9473.71 9476.93 9482.42 9486.88 9488.63 9489.04 9478.91 9456.75 9455.9 9448.75 9458.64 9471.07 9487.08 9493.75 9483.21 9473.15 9471.34 9471.09 9469.7 9465.35 9461.8 9463.9 9461.6 9460.46 9461.69 9460.78 9440.93 9439.08 9436.72 9420.88 9412.98 9410.52 9409.77
9522.8 9515.28 9513.09 9509.38 9506.38 9506.8 9494.59 9501.36 9502.88 9500.22 9497.58 9497.45 9502.1 9502.56 9502.73 9501.87 9502.02 9501.18 9500.57 9499.77 9497.62 9491.65 9469.93 9432.14 9415.25 9453.93 9495.38 9528.73 9545.42 9569.82 9496.56 9472.53 9492.64 9497.58 9482.4 9484.13 9484.39 9486.37 9486.41 9485.42 9477.11 9461.16 9456.09 9456.37 9455.72 9460.37 9474.65 9482.96 9482.48 9478.86 9475.73 9474.92 9473.35 9466.8 9460.95 9460.59 9455.78 9455.47 9458.87 9461.06 9432.43 9423.64 9421.51 9413.79 9412.15 9411.96 9412.12
9540.24 9535.27 9524.28 9516.18 9511.19 9506.03 9497.9 9505.91 9502.87 9499.86 9497.25 9508.55 9506.48 9505.64 9505.04 9504.19 9502.02 9500.72 9499.96 9499.18 9497.88 9494.8 9478.62 9448.14 9429.67 9462.8 9518.88 9539.4 9489.5 9367 9332.32 9397.43 9486.18 9517.86 9502.53 9504.66 9489.54 9488.34 9488.51 9492.33 9483.75 9467.96 9451.75 9446.94 9449.13 9457.47 9463.72 9472.24 9477.71 9478.74 9478.98 9480.57 9482.77 9482.56 9475.61 9466.31 9458.62 9453.25 9448.18 9440.35 9426.87 9421.85 9418.95 9420.03 9415.53 9414.88 9415.94
9540.83 9540.13 9529.17 9520.17 9512.39 9506.79 9505.77 9502.36 9502.9 9502.65 9503.64 9511.65 9510.05 9507.25 9504.01 9499.94 9499.07 9499.08 9498.59 9497.61 9495.36 9491.85 9484.41 9474.09 9483.34 9499.49 9539.09 9549.31 9296.38 9127 9137.69 9305.68 9473.38 9536.92 9531.31 9524.07 9513.46 9491.48 9491.03 9494.52 9490.94 9481.98 9455.84 9445.53 9450.17 9460.1 9466.4 9469.31 9468.5 9472.33 9477.89 9484.15 9491.48 9499.22 9489.57 9471.98 9457.54 9447.35 9441.72 9432.81 9428.29 9422.94 9418.26 9415.06 9415.75 9416.72 9417.96
9537.62 9533.94 9528.38 9520.29 9512.18 9505.28 9507.97 9506.17 9505.55 9507.33 9510.55 9513.47 9510.84 9507.06 9503.19 9499.29 9497.49 9497.02 9496.2 9494.16 9491.51 9487.27 9482.94 9487.39 9495.28 9497.87 9518.85 9457.26 9197.12 9030.51 9056.59 9260.16 9465.11 9568.65 9558.83 9536.2 9500.41 9490.04 9486.38 9494.15 9493.07 9490.74 9468.77 9458.41 9455.49 9461.09 9475.13 9472.47 9464.46 9467.37 9475.43 9484.08 9492.74 9497.17 9488.99 9472.2 9455.68 9444.7 9445.09 9443.12 9435.95 9430.55 9419.72 9413.49 9414.15 9415.7 9418.6
9539.38 9532.3 9527.87 9521.67 9513.52 9508.3 9508.06 9513.43 9510.38 9510.9 9512.79 9512.71 9509.55 9506.72 9503.03 9498.75 9496.39 9495.26 9493.32 9490.63 9487.72 9484.59 9482.64 9488.94 9496.51 9502.59 9519.56 9470.51 9264.67 9094.09 9078.62 9292.72 9492.25 9571.21 9559.16 9537.34 9498.65 9485.38 9476.08 9477.47 9486.88 9489 9474.44 9459.91 9452.13 9458.35 9472.38 9473.83 9460.53 9464.47 9472.06 9480.4 9488.69 9494.14 9484.3 9469.18 9454.56 9444.8 9447.43 9447.6 9440.27 9436.01 9422.12 9412.38 9413.31 9415.63 9418.31
9539.71 9536.58 9532.89 9526.13 9518.06 9509.42 9516.78 9517.24 9514.21 9512.14 9509.6 9505.47 9506.56 9505.41 9503.13 9500.9 9498.72 9495.41 9491.88 9488.84 9485.81 9483.7 9485.24 9487.34 9495.22 9511.14 9545.2 9575.15 9480.27 9338.87 9271.28 9405.56 9546.73 9536.43 9533.76 9519.34 9496.87 9479.84 9472.38 9475.64 9480.24 9483.87 9478.02 9459.29 9449.04 9457.61 9468.73 9473.6 9464.21 9464.1 9468.5 9473.62 9479.16 9482.66 9474.79 9463.48 9452.65 9446.11 9445.91 9447.08 9448.54 9441.58 9425.59 9416.08 9414.85 9416.3 9417.72
9541.26 9550.01 9540.28 9531.99 9526.78 9524.76 9518.82 9524.17 9517.91 9509.78 9507.51 9506.61 9505.8 9504.92 9503.46 9502.59 9501.2 9497.5 9494.19 9491.18 9488.43 9485.09 9481.52 9484.77 9492.59 9511.26 9542.33 9570.04 9585.8 9575.82 9566 9522.04 9530.55 9510.23 9511.62 9502.91 9489.24 9475.92 9466.53 9469.42 9475.15 9479.25 9479.1 9464.85 9451.23 9456.83 9464.81 9471.25 9464.88 9464.11 9464.38 9465.39 9465.93 9465.33 9461.89 9455.77 9449.05 9442.7 9441.21 9441.95 9438.81 9430.22 9423.46 9418.1 9417.48 9417.22 9418.08
9525.08 9550.63 9542.58 9532.65 9526.32 9525.65 9522.38 9523.73 9516.66 9506.69 9505.63 9508.87 9505.88 9504.4 9502.86 9501.62 9499.81 9497.63 9495.22 9492.88 9490.46 9488.2 9486.52 9485.95 9488.4 9501.73 9518.53 9521.33 9532.71 9556.01 9564.19 9543.94 9524.18 9503.42 9494.01 9489.48 9485.01 9477.35 9467.59 9467.89 9472.89 9477.45 9481.6 9471.17 9455.45 9456.92 9460.05 9467.64 9467.14 9463.07 9460.22 9457.42 9453.14 9449.86 9450.44 9448.85 9445.86 9444.66 9448.7 9442.29 9431.3 9426 9423.68 9421.69 9420.46 9419.98 9420.44
9520.51 9529.44 9533.63 9527.28 9517.94 9517.42 9527.01 9527.78 9513.99 9503.23 9502.65 9504.46 9503.81 9503.01 9501.73 9500.51 9498.59 9497.84 9496.46 9494.84 9493.58 9492.96 9491.99 9488.26 9484.11 9492.46 9500.62 9500.41 9506.77 9527.89 9527.79 9524.66 9513.47 9495.97 9491.09 9490.07 9488.16 9483.62 9477.35 9473.44 9473.79 9474.28 9473.6 9469.46 9456.76 9451.05 9455.11 9459.46 9463.3 9459.68 9455.93 9451.74 9446.45 9442.88 9443.1 9442.49 9442.34 9444.28 9443.8 9441.72 9441.04 9432.36 9427.78 9427.1 9424.37 9423.52 9424.4
9511.53 9504.88 9522.14 9523.52 9520.82 9526.6 9543.75 9531.8 9507.21 9499.97 9499.08 9501.05 9501.69 9501.16 9500.84 9500.2 9499.8 9498.99 9498.11 9497.4 9497.05 9497.67 9500.47 9499.08 9480.92 9495.28 9496.51 9492.58 9489.71 9503.08 9511.68 9511.54 9499.79 9494.63 9495.86 9494.3 9493.36 9492.16 9488.62 9481.7 9477.53 9473.9 9467.66 9464.03 9455.53 9452.08 9452.12 9449.75 9453.18 9454.28 9452.23 9449.65 9446.65 9443.01 9440.36 9437.86 9436.19 9433.83 9432.01 9434.83 9438.43 9430.95 9428.82 9428.38 9427.35 9428.12 9429.88
9509.81 9500.05 9514.68 9522.24 9528.41 9533.22 9541.43 9531.16 9515.72 9503.41 9503.37 9501.56 9500.21 9499.87 9499.84 9500.08 9500.31 9499.85 9499.17 9498.9 9498.75 9499.5 9500.49 9501.68 9512.31 9504.72 9499.49 9494.83 9497.51 9485.51 9491.63 9501.35 9509.77 9507.73 9504.45 9503.06 9501.65 9500.06 9495.83 9489.08 9481.86 9474.86 9469.62 9464.89 9462.59 9453.46 9450.92 9451.3 9450.79 9450.89 9449.58 9447.65 9447.19 9443.38 9438.75 9435.04 9431 9426.84 9424.54 9426.15 9423.68 9419.86 9423.43 9427.76 9429.77 9431.61 9433.26
9510.99 9505.87 9514.76 9521.29 9524.5 9522.9 9516.12 9508.25 9508.55 9499.86 9501.29 9498.26 9497.37 9498.35 9498.81 9499.28 9499.99 9499.86 9499.88 9500.01 9499.59 9499.45 9498.86 9498.84 9505.78 9507.74 9504.68 9494.76 9481.24 9477.72 9477.43 9490.92 9518.49 9513.95 9510.57 9508.91 9507.43 9504.15 9499.58 9495.45 9490.52 9481.96 9473.29 9469.65 9475.79 9458.2 9455.56 9458.54 9451.85 9449.8 9448.1 9445.38 9440.48 9439.58 9437.46 9433.78 9429.53 9424.54 9421.61 9424.71 9424.54 9418.03 9425.55 9430.47 9434.54 9436.81 9438.62
9512.8 9506.18 9516.14 9523.62 9518.19 9513.28 9506.43 9501.97 9502.5 9497.63 9496.58 9496.21 9496.29 9497.24 9498.07 9498.84 9498.91 9499.47 9500.72 9500.36 9500.14 9499.27 9499.34 9500.56 9501.86 9513.29 9510.23 9497.38 9482.84 9479.56 9477.43 9482.86 9500.19 9510.7 9513.67 9514.15 9513.59 9511.69 9506.42 9501.26 9494.8 9484.52 9473.56 9469.59 9482.85 9467.52 9462.34 9464.19 9452.62 9448.81 9447.53 9446.38 9443.1 9441.26 9438.22 9434.13 9430.26 9427.16 9428.41 9430.55 9425.72 9418.7 9428.6 9435.03 9437.65 9438.85 9440.85
9517.85 9517.53 9546.82 9530.24 9510.84 9508.7 9505.76 9500.52 9498.82 9495.39 9495.61 9496.76 9497 9496.79 9497.44 9498.72 9500.47 9502.06 9500.27 9499.63 9497.83 9497.92 9498.43 9500.65 9501.82 9512.53 9514.36 9503.33 9491.75 9485.4 9483.6 9488.21 9501.9 9511.32 9515.26 9517.78 9519.15 9520.61 9517.35 9506.52 9493.78 9483.88 9474.35 9469.21 9477.54 9486.4 9465.95 9451.46 9447.85 9446.73 9447.44 9450.23 9452.84 9446.38 9440.76 9436.01 9432.36 9430.9 9435.74 9434.32 9424.57 9422.17 9438.88 9440.1 9439.7 9440.98 9440.84
9520.46 9517.96 9534.98 9523.86 9509.12 9504.69 9502.13 9498.19 9497.03 9497.49 9498.73 9496.72 9495.89 9495.51 9496.61 9498.25 9499.35 9498.8 9500.15 9499.49 9497.32 9496.52 9496.69 9496.17 9500.07 9513.82 9517.96 9507.88 9500.14 9496.13 9497.6 9502.51 9511.45 9514.93 9517.09 9518.1 9520.24 9524.98 9523.45 9511.25 9494.37 9486.46 9476.74 9470.65 9474.16 9479.84 9465.55 9448.54 9444.44 9443.97 9446.17 9450.16 9453.22 9447.45 9441.84 9437.35 9434.22 9433.78 9438.02 9434.8 9428.83 9431.29 9442.66 9443.18 9441.61 9440.89 9440.39
9518.02 9521.93 9526.68 9522.17 9508.2 9506.58 9501.71 9496.33 9495.27 9499.13 9498.47 9494.6 9490.51 9493.27 9495.46 9497.93 9500.39 9502.98 9501.79 9499.81 9497.36 9496.06 9495.55 9495.76 9498.75 9505.54 9507.13 9508.4 9507.75 9510.79 9518.87 9523.47 9521.67 9519.54 9515.46 9511.86 9513.34 9519.98 9518.26 9513.96 9508.53 9492.63 9479.49 9473.9 9475.67 9485.45 9465.89 9447.91 9442.31 9441.14 9443.26 9446.01 9447.01 9444.87 9441.01 9437.35 9434.25 9433.05 9434.89 9431.68 9429.97 9435.93 9440.67 9441.96 9440.47 9439.02 9437.02
9516.05 9521.14 9536.45 9534.38 9520.15 9516.05 9507.06 9494.01 9489.66 9493.12 9494.69 9492.81 9490.5 9491.76 9494.07 9497.12 9500.96 9505.96 9502.11 9499.04 9496.98 9495.92 9495.65 9497.75 9499.98 9505.07 9506.45 9510.07 9513.78 9520.95 9536.31 9543.75 9534.87 9524.6 9513.56 9503.89 9496.71 9491.75 9494.43 9502.22 9509.52 9491.09 9478.06 9469.8 9485.39 9478.53 9469.2 9454.19 9441.04 9439.41 9441.13 9442.95 9443.48 9442.11 9439.47 9436.7 9433.79 9430.64 9431.06 9429.54 9429.06 9438.23 9438.61 9439.1 9438.59 9436.13 9432.94
9516.71 9514.68 9524.28 9533.92 9517.07 9515.27 9507.22 9496.9 9493.23 9493.18 9493.54 9492.29 9491.14 9491.43 9492.83 9494.8 9497 9498.59 9497.43 9496.22 9494.89 9494.3 9494.25 9496.79 9508.65 9511.02 9511.33 9510.94 9514.8 9523.93 9535.12 9544.52 9542.48 9524.46 9509.07 9493.33 9477.19 9460.2 9470.09 9474.26 9473.46 9479.21 9476.28 9473.98 9486.81 9483.08 9478.73 9466.87 9449.07 9441.7 9441.19 9442.04 9441.88 9440.53 9438.66 9436.36 9434.41 9433.81 9431.22 9428.95 9428.66 9435.15 9437.14 9438.3 9437.35 9434.2 9429.82
9519.51 9516.39 9520.71 9522.84 9506.37 9502.74 9505.28 9502.18 9501.46 9500.95 9495.6 9493.38 9491.88 9491.69 9491.72 9492.22 9492.66 9491.41 9491.89 9492.9 9493.1 9493.17 9493.96 9497.9 9517.84 9511.7 9506.34 9505.17 9507.89 9512.87 9521.15 9538.6 9533.15 9515.72 9501.03 9486.33 9470.42 9459.71 9462.27 9465.45 9468.05 9471.95 9476.18 9483.19 9488.7 9489.99 9494.26 9480.78 9457.36 9445.03 9442.59 9443.46 9442.58 9440.13 9438.39 9436.31 9434.24 9432.66 9432.44 9434.04 9434.69 9433.31 9438.65 9439.8 9436.28 9431.4 9426.15
9521.58 9524.12 9528.72 9514.44 9504.73 9512.1 9509.94 9509.36 9512.71 9501.98 9497.78 9494.39 9492.62 9492.71 9494.07 9493.77 9492.35 9490.87 9490.45 9491.12 9491.85 9492.73 9494.15 9499.73 9505.86 9502.45 9497.28 9496.25 9498.75 9502.64 9506.33 9504.91 9505.56 9498.86 9491.5 9483.25 9473.26 9466.35 9464.4 9464.05 9466.62 9470.51 9476.71 9482.8 9486.01 9492.43 9502.43 9486.83 9462.36 9447.62 9443.37 9442.37 9441.77 9440.59 9439.06 9436.99 9434.29 9431.89 9431.52 9431.84 9432.01 9431.47 9437.23 9439.05 9434.71 9429 9423.17
9528.07 9533.73 9543.53 9516.74 9506.21 9505.97 9518.28 9520.98 9514.91 9507.62 9500.06 9497.21 9492.28 9489.85 9492.83 9492.03 9490.58 9489.71 9489.56 9490.75 9491.92 9492.73 9493.09 9492.79 9493.28 9492.82 9488.98 9488.07 9490.2 9492.05 9495.03 9493.9 9479.1 9482.07 9482.21 9481.48 9482.97 9477.4 9467.47 9464.52 9464.6 9467 9471.4 9477.08 9486.23 9495.01 9500.02 9484.35 9462.78 9447.98 9443.7 9442.21 9441.75 9441.65 9440.91 9438.97 9436.17 9433.26 9431.12 9427.84 9425.89 9426.9 9434.15 9436.54 9431.7 9426.59 9420.63
9537.33 9537.58 9535.58 9528.23 9506.89 9502.87 9519.21 9532.8 9473.68 9415.37 9471.61 9488.11 9492.95 9493.24 9491.75 9493.45 9492.09 9490.52 9490.21 9491.64 9492.71 9493.69 9494.68 9495.06 9492.58 9490.73 9487.16 9484.97 9483.98 9482.62 9484.02 9477.63 9472.25 9474.93 9476.36 9476.17 9475.39 9471.39 9467.46 9461.6 9462.94 9464.34 9466.5 9474.31 9478.74 9498.43 9491.24 9478.02 9461.44 9449.74 9445.72 9442.29 9443.52 9444.52 9444.9 9443.77 9439.62 9435.09 9430.42 9427.16 9429.44 9430.88 9431.89 9431.84 9428.36 9424.34 9419.22
9541.86 9538.1 9541.44 9525.37 9506.95 9498.87 9511.18 9523.97 9443.69 9360.57 9471.17 9491.54 9494.85 9495.21 9492.15 9491.95 9491.59 9492.88 9493.43 9493.79 9494.14 9494.69 9495.11 9495.47 9496.3 9493.57 9488.51 9484.69 9480.94 9477.73 9478.12 9471 9473.92 9473.46 9473.22 9471.38 9466.6 9466 9468.61 9471.02 9465.85 9462.82 9460.23 9458.13 9480.86 9490.26 9482.69 9468.15 9459.52 9453.85 9448.64 9447.11 9446.44 9447.84 9449.97 9451.69 9449.16 9443.2 9435.39 9434.14 9436.47 9434.49 9431.3 9427.76 9426.02 9423.28 9419.65
9535.14 9532.71 9535.56 9549.27 9516.18 9489.49 9497.66 9501.32 9512.37 9521.95 9506.22 9501.13 9497.02 9492.31 9491.84 9492.73 9493.92 9495.49 9496.53 9496.26 9495.41 9494.68 9495.32 9495.29 9494.65 9491.63 9486.41 9482.14 9480.19 9478.31 9484.47 9471.91 9470.46 9473.14 9473.38 9472.04 9468.57 9469.98 9473.52 9470.68 9468.93 9463.86 9459.24 9458.83 9461.15 9464.87 9452.27 9456.04 9456.82 9454.44 9449.77 9445.98 9448.29 9450.65 9454 9459.57 9467.85 9455.4 9441.87 9437.65 9436.98 9435.46 9432.01 9428.6 9425.66 9424.39 9422.33
9526.33 9525.61 9525.63 9546.37 9513.89 9485.86 9486.45 9489.96 9499.19 9510.64 9502.91 9502.5 9496.7 9489.69 9491.61 9494.43 9496.48 9498.4 9499.55 9498.42 9495.98 9493.18 9490.61 9489.93 9488.53 9485.92 9484.19 9482.65 9479.94 9478.9 9477.88 9465.29 9469.05 9474.12 9476.62 9477.24 9477.37 9477.73 9481.6 9485.93 9472.35 9464.02 9458.77 9455.62 9464.06 9463.6 9455.27 9456.21 9456.13 9456.64 9452.66 9450.51 9450.78 9451.43 9452.9 9456.35 9461.58 9453.94 9445.43 9442.9 9438.58 9437.99 9434.33 9428.91 9427.82 9427.17 9426.08
