real_craters/C191-300m.grd
DSAA
597 597
-89.4075 89.4075
-89.4075 89.4075
7965.9311976857 10594.963552088
[rows 450 to 479 of 597, columns 335 to 401 of 597]
9500.89 9491.81 9490.25 9492.05 9493.8 9495.54 9497.37 9499.25 9500.35 9501 9501.68 9502.25 9502.54 9502.6 9502.67 9502.02 9500.36 9502.09 9501.02 9499.49 9496.22 9493.47 9491.71 9490.56 9490.58 9495.28 9492.47 9479.07 9470.08 9469.46 9471.12 9473.34 9476.3 9479.83 9484.63 9490.52 9497.34 9497.44 9490.33 9488.14 9489.86 9490.66 9489.93 9489.95 9490.84 9491.71 9492.71 9493.66 9493.75 9491.3 9487.64 9483.9 9480.46 9477.01 9473.87 9470.93 9469.01 9467 9466.22 9465.16 9464.93 9463.49 9456.96 9455.22 9455.02 9452.87 9450.21
9503.04 9501.53 9499.69 9497.98 9497.49 9497.83 9499.11 9501.18 9501.05 9501.26 9501.59 9501.84 9501.88 9502.06 9501.75 9500.8 9499.02 9498.56 9499.95 9499.52 9497.84 9495.59 9493.33 9490.82 9487.12 9488.88 9488.83 9482.42 9475.71 9474.2 9474.26 9474.91 9476.57 9480.36 9484.9 9489.07 9491.67 9490.63 9486.6 9485.68 9487.5 9487.97 9488.72 9489.74 9491.07 9492.73 9494.45 9496.25 9496.77 9493.85 9489.59 9485.47 9481.59 9477.74 9474.41 9471.67 9469.31 9467.49 9466.63 9466.33 9466.83 9461.77 9457.86 9456.47 9455.81 9453.62 9451.25
9503.57 9501.99 9500.14 9499.96 9499.11 9499.24 9499.98 9500.25 9501.13 9500.78 9501.6 9501.73 9501.67 9501.94 9501.84 9501.53 9501.22 9501.81 9501.77 9500.89 9499.67 9497.56 9495.26 9493.61 9492.89 9490.59 9489.22 9486.12 9482.42 9480.17 9478.58 9477.36 9477.17 9481.58 9485.36 9487.58 9487.57 9486.43 9487.36 9487.94 9487.41 9486.21 9487.41 9489.08 9490.86 9492.96 9494.96 9496.82 9497.78 9494.43 9490.33 9486.26 9482.37 9478.81 9475.59 9472.6 9470.07 9467.94 9466.6 9465.66 9465.25 9462.26 9461.07 9459.16 9456.46 9456.35 9454.57
9502.02 9500.06 9498.07 9497.5 9498.33 9499.99 9500.93 9501.87 9502.08 9503.48 9502.27 9501.83 9501.82 9502.09 9502.61 9503.28 9504.32 9505.24 9505.41 9504.31 9502.09 9499.17 9496.49 9494.44 9495.59 9498.09 9493.61 9489.58 9488.07 9485.49 9483.54 9482.67 9482.58 9485.98 9488.01 9488.13 9487.42 9487.49 9490.52 9492.98 9489.72 9486.54 9487.22 9488.75 9490.51 9492.53 9494.34 9495.88 9495.5 9493.37 9489.9 9486.14 9482.57 9479.09 9475.83 9472.79 9470.96 9468.37 9465.83 9463.46 9461.83 9463.03 9464.66 9463.52 9462.89 9461.43 9459.01
9499.49 9496.37 9495.31 9497.24 9500.12 9501.52 9501.79 9501.5 9502.19 9501.84 9501.65 9501.67 9501.92 9502.46 9503.28 9504.64 9506.94 9508.44 9509.34 9508.13 9504.9 9500.85 9496.77 9492.55 9489.89 9492.73 9492.05 9489.73 9488.06 9487.02 9487.69 9489.94 9492.76 9493.67 9492.13 9489.84 9487.99 9488.19 9491.04 9494.09 9492.32 9489.42 9488.34 9488.62 9489.86 9491.18 9492.64 9494.25 9494.58 9491.84 9488.62 9485.39 9482.33 9479.22 9476.38 9473.5 9470.39 9467.1 9463.92 9460.64 9457.46 9460.9 9466.26 9465.75 9468.39 9466.23 9462.93
9498.49 9496.5 9493.43 9499.08 9502.47 9503.46 9504.41 9504.08 9502.6 9501.01 9500.94 9501.53 9502.09 9502.82 9503.96 9505.47 9507.55 9511.34 9513.57 9512.52 9507.69 9501.97 9496.69 9492.6 9490.53 9490.25 9489.41 9487.8 9485.77 9485.89 9489.85 9495.34 9502.65 9500.83 9495.25 9491.24 9487.96 9485.31 9490.1 9495.66 9494.84 9491.36 9489.09 9488.42 9488.81 9489.21 9489.96 9490.47 9490.18 9488.53 9485.97 9483.01 9480.15 9477.16 9474.1 9470.85 9467.84 9464.43 9461.45 9458.52 9456.08 9454.74 9456.84 9463.05 9468.23 9468.26 9465.41
9499.09 9498.44 9499.69 9501.14 9503.46 9503.6 9505.46 9505.21 9503.1 9501.85 9501.32 9501.59 9502.27 9503.19 9504.46 9506.9 9511.2 9516.42 9520.66 9517.03 9510.02 9502.68 9495.87 9490.71 9488.59 9487.8 9486.86 9486.18 9485.3 9486.02 9490.26 9494.9 9499.57 9498.24 9494.56 9491.83 9489.52 9487.42 9492.44 9498.67 9497.46 9492.82 9489.43 9487.57 9486.93 9486.67 9486.59 9486.42 9486.22 9485.27 9483.62 9481.49 9479.1 9476.08 9473.12 9470.05 9467.06 9464.07 9461.15 9458.49 9455.89 9452.74 9451.87 9461.17 9467.6 9468.51 9466.52
9499.56 9499.6 9499.92 9499.76 9498.42 9500.27 9502.41 9503.53 9502.83 9501.55 9501.12 9502.03 9502.87 9503.55 9504.48 9505.86 9510.71 9518.57 9524.72 9518.89 9510.89 9502.61 9494.35 9486.61 9483.23 9483.87 9484.3 9485.01 9486.28 9488.34 9489.38 9490.48 9490.38 9490.07 9490.85 9491.5 9492.65 9494.13 9498.18 9502.55 9498.46 9492.82 9488.87 9485.45 9484.15 9483.69 9483.29 9482.41 9482.47 9482.46 9481.27 9479.79 9477.87 9475.59 9473.17 9469.88 9467.15 9464.19 9461.99 9459.62 9458.31 9457.47 9460.99 9463.41 9465.05 9465.66 9466.66
9499.69 9500.03 9499.99 9498.16 9494.36 9497.96 9502.96 9503.06 9502.63 9502.04 9502.1 9503.05 9503.85 9504.44 9504.88 9505.53 9509.97 9516.27 9518.9 9516.61 9510.5 9502.55 9493.64 9485.06 9480.7 9480.68 9482.23 9483.78 9485.83 9488.42 9486.78 9485.59 9483.95 9483.45 9486.42 9489.71 9494.93 9501.95 9505.27 9498.63 9491.81 9487.72 9483.57 9481.33 9480.54 9480.41 9480.53 9480.72 9480.8 9480.54 9479.66 9478.69 9477.12 9475.32 9473.26 9470.93 9468.03 9465.58 9462.93 9460.94 9460.7 9464.93 9471.71 9467.51 9465.97 9465.86 9467.85
9499.82 9500.32 9500.61 9499.55 9498.49 9498.98 9500.27 9501.8 9502.72 9503.36 9503.94 9505.03 9505.66 9505.98 9506.26 9506.74 9509.92 9514.19 9516.16 9515.07 9510.35 9503.21 9494.6 9485.99 9481.58 9480.48 9481.1 9482.37 9483.56 9483.82 9482.39 9480.35 9479.83 9481.36 9480.96 9484.29 9491.97 9503.48 9508.45 9496.26 9487.62 9481.22 9477.08 9476.14 9476.55 9477.21 9477.69 9478.96 9478.95 9478.74 9478.49 9477.85 9476.91 9475.56 9473.91 9471.9 9469.38 9466.77 9464.13 9462.25 9461.84 9464.18 9465.84 9468.03 9469.17 9471.52 9470.98
9500.78 9500.77 9500.86 9500.83 9501.1 9499.57 9498.06 9500.68 9503.16 9505.33 9507.27 9507.68 9507.77 9507.87 9508.31 9508.89 9510.18 9512.05 9515.5 9515.11 9511.32 9505.61 9497.97 9488.72 9482.7 9480.54 9480.63 9481.33 9481.6 9480.61 9477.55 9473.1 9470.88 9471.64 9469.15 9473.24 9481.6 9490.67 9494.22 9487.45 9480.16 9474.54 9470.84 9471.19 9473.02 9474.46 9475.04 9474.88 9476.56 9477.54 9477.77 9477.39 9476.73 9475.83 9474.68 9473.15 9470.97 9468.72 9465.75 9463.49 9461.91 9461.27 9463.49 9464.52 9470.24 9475.04 9474.03
9501.65 9501.34 9501.14 9501.33 9502.38 9501.14 9498.87 9501.05 9503.77 9506.78 9510.07 9509.74 9509.37 9509.42 9510.06 9511.16 9510.55 9510.06 9512.68 9514.95 9513.15 9509.53 9504.35 9495.87 9484.6 9481.4 9481.31 9481.23 9480.66 9479.26 9473.29 9464.04 9454.32 9445.71 9448.97 9458.48 9468.26 9475.01 9475.72 9475.21 9471.3 9468.73 9466.26 9467.96 9470.84 9472.99 9474.41 9475.07 9476.16 9476.7 9476.93 9476.93 9476.35 9475.86 9475.19 9474.45 9473.23 9471.3 9468.63 9465.35 9462.8 9461.5 9461.25 9463.48 9470.29 9474.4 9475.49
9501.06 9500.65 9500.62 9500.78 9502.95 9503.21 9501.77 9501.81 9504 9506.81 9508.75 9509.92 9510.08 9510.07 9510.56 9511.45 9511.08 9511.06 9513.96 9516.02 9514.67 9513.27 9511.64 9505.53 9489.91 9485.13 9483.57 9482.29 9480.4 9477.23 9469.47 9457 9441.75 9426.81 9432.92 9446.7 9458.21 9465.88 9469.52 9469.52 9467.55 9466.63 9466.26 9467.8 9470.22 9472.58 9475.23 9477.28 9476.58 9476.29 9476.38 9476.48 9476.59 9476.9 9477.04 9476.83 9476.39 9475.01 9473.03 9469.89 9466.68 9464.75 9465.6 9467.56 9472.33 9476.73 9477.3
9500.4 9499.53 9498.97 9498.15 9497.77 9496.91 9499.03 9500.61 9503.49 9506.54 9509.21 9510.31 9510.11 9509.64 9509.51 9510.17 9511.13 9512.39 9513.23 9513.87 9514.78 9515.24 9514.55 9509.38 9497.08 9490.98 9487.35 9484.41 9481.12 9476.4 9468.18 9455.82 9440.64 9426.9 9430.45 9443.24 9454.27 9462.29 9467.34 9468.32 9467.15 9467.44 9468.07 9469 9470.42 9472.01 9474.41 9476.62 9475.79 9475.51 9475.94 9476.5 9477.26 9477.83 9478.73 9479.12 9479.59 9479.55 9478.71 9476.63 9472.48 9468.82 9467.93 9471.05 9474.51 9478.49 9478.97
9499.58 9498.1 9496.51 9492.76 9492 9489.54 9493.9 9498.36 9502.29 9506.03 9509.21 9510.41 9509.63 9508.44 9507.47 9508.19 9510.93 9512.35 9512.14 9511.47 9514.42 9516.17 9515.57 9511.07 9504.06 9496.5 9491.22 9487.02 9482.85 9478.33 9471.75 9459.83 9448.3 9439.21 9440.48 9448.27 9456 9462.62 9467.73 9469.77 9470.09 9470.01 9470.25 9470.57 9470.65 9470.86 9471 9471.79 9473.54 9474.28 9475.34 9476.42 9477.74 9478.99 9480.35 9481.71 9482.81 9483.8 9484.31 9483.22 9478.43 9473.19 9470.05 9469.73 9475.19 9480.91 9480.82
9498.34 9496.69 9495.14 9494.33 9492.44 9489.46 9492.24 9497.04 9501.24 9505.05 9509.01 9510.54 9508.33 9506.98 9506.14 9507.48 9510.98 9514.13 9512.73 9512.38 9514.56 9517.29 9518.46 9513.59 9505.82 9499.59 9494.33 9489.64 9484.96 9479.58 9472.33 9465.84 9459.43 9456.41 9457 9457.65 9460.72 9464.89 9469.2 9471.24 9471.48 9471.69 9472.1 9471.84 9470.66 9470.07 9470.04 9470.59 9472.05 9473.59 9474.87 9476.17 9477.74 9479.27 9481.07 9483.2 9485.37 9487.66 9489.47 9489.69 9484.7 9478.97 9474.71 9472.72 9475.29 9478.75 9477.76
9497.97 9495.88 9494.35 9492.67 9492.33 9491.55 9494.37 9497.63 9500.51 9503.05 9505.04 9505.26 9505.25 9505.18 9505.58 9507.3 9510 9511.92 9511.8 9511.72 9513.92 9517.11 9519.41 9513.48 9505.69 9501.41 9496.61 9491.98 9487.46 9482.8 9477.78 9472.87 9468.97 9468.16 9468.14 9465.48 9465.52 9467.18 9469.21 9471.08 9472.7 9473.36 9472.52 9470.72 9469.92 9469.45 9469.32 9469.88 9471.1 9472.55 9474.11 9475.71 9477.57 9479.59 9481.63 9483.92 9486.61 9489.87 9492.95 9494.44 9490.76 9485.28 9479.85 9475.52 9475.91 9476.03 9473.15
9496.72 9495.27 9493.99 9493.58 9494.75 9495.43 9497.75 9499.03 9500.34 9501.23 9501.05 9500.49 9501.78 9503.16 9505.3 9506.88 9508.77 9509.94 9510.13 9509.89 9511.83 9514.86 9516.91 9513.88 9508.03 9503.36 9498.66 9494.06 9489.88 9486.22 9484.13 9478.55 9474.77 9472.93 9471.33 9469.69 9468.91 9469.1 9470.13 9472.26 9475.31 9476.35 9473.43 9470.38 9469.3 9469.06 9469.1 9469.35 9470.22 9471.39 9473.01 9475.02 9476.82 9478.99 9481.29 9484 9487.06 9490.46 9494.06 9496.19 9494.79 9490.49 9485.51 9481.19 9479.61 9478.04 9475.3
9495.09 9494.07 9493.11 9493.26 9495.17 9497.5 9499.14 9499.97 9500.45 9500.37 9499.55 9498.25 9499.63 9500.61 9502.11 9504.92 9508.18 9509.4 9508.74 9507.78 9508.99 9511.27 9513.37 9513.99 9509.56 9504.46 9499.8 9495.55 9491.46 9487.65 9484.02 9480.53 9477.89 9475.97 9474.15 9472.54 9471.03 9470.13 9470.39 9472.71 9475.97 9477.79 9474.73 9470.49 9468.8 9468.6 9469.01 9468.64 9469.06 9470.32 9472.04 9474.03 9476.12 9478.33 9480.59 9483.19 9486.29 9489.47 9492.68 9495.01 9494.7 9492.56 9489.79 9488.39 9484.33 9481.53 9480.38
9494.17 9492.83 9491.78 9491.02 9491.19 9497.26 9500.14 9500.71 9500.6 9500.29 9500.09 9500.42 9499.45 9498.3 9497.82 9501.58 9506.55 9508.47 9507.02 9506.37 9506.76 9507.11 9507.13 9508.77 9507.35 9504.07 9500.02 9496.23 9492.28 9488.26 9484.1 9481.28 9479.87 9478.64 9477.49 9474.93 9472.42 9470.36 9468.94 9469.24 9474.5 9479.19 9475.78 9471.5 9468.3 9466.58 9468.6 9466.34 9467.2 9468.91 9470.86 9473 9474.89 9477 9479.41 9481.71 9484.29 9487.21 9489.86 9492.67 9494.56 9493 9490.3 9487.76 9481.55 9481.82 9481.6
9493.28 9491.91 9490.74 9490.06 9491.28 9495.36 9500.16 9500.63 9500.59 9500.3 9500.33 9500.76 9499.25 9497.22 9495.73 9497.99 9499.84 9502.28 9504.03 9505.22 9505.89 9505.3 9504.63 9505.93 9505.2 9502.87 9499.71 9496.52 9493.03 9489.36 9485.46 9482.91 9481.66 9480.28 9478.87 9476.07 9473.03 9470.14 9467.41 9466.02 9470.7 9475.36 9474.85 9472.37 9467.32 9460.99 9458.41 9461.51 9465.11 9467.96 9470.21 9472.31 9474.17 9476.09 9477.94 9479.8 9481.51 9484.14 9487.52 9491.18 9494.2 9491.62 9488.06 9483.61 9478.21 9480.97 9482.78
9492.97 9491.6 9490.33 9489.91 9490.91 9493.42 9497.89 9499.63 9499.88 9499.78 9499.4 9498.61 9497.95 9497.75 9497.36 9496.36 9495.46 9498.06 9501.16 9503.45 9504.88 9505.3 9505.43 9505.02 9503.88 9501.76 9499.4 9496.68 9493.61 9490.62 9488.54 9486.6 9483.09 9481.01 9478.71 9476.03 9473.16 9470.13 9467.17 9464.37 9467.88 9472.25 9473.17 9471.84 9467.35 9458.47 9450.01 9459.99 9464.81 9467.77 9470 9471.82 9473.67 9475.17 9476.51 9477.57 9478.69 9479.95 9482.77 9486.95 9489.45 9488.07 9485.02 9481.18 9478.71 9480.63 9482.69
9493.27 9491.15 9489.66 9489.17 9490.54 9493.66 9497.28 9498.44 9498.86 9498.86 9498.27 9497.32 9496.92 9497.52 9497.4 9495.9 9495.8 9496.85 9499.03 9501.43 9503.67 9504.07 9504.46 9504.07 9502.88 9500.97 9498.99 9496.45 9493.73 9491.09 9488.15 9484.19 9483.4 9481.15 9478.9 9476.38 9473.19 9470.51 9468.65 9467.71 9469.77 9471.76 9472.02 9470.82 9469.24 9470.79 9471.14 9466.73 9467.52 9469.07 9470.64 9472.01 9473.09 9474.45 9475.14 9475.6 9475.77 9475.09 9474.66 9479.34 9484.18 9483.72 9481.89 9480.12 9480.08 9478.88 9478.31
9493.85 9491.26 9489.17 9487.42 9486.68 9490.04 9494.17 9496.61 9497.75 9497.93 9497.49 9496.55 9495.59 9495.13 9494.97 9494.9 9494.67 9495.75 9496.97 9498.43 9499.76 9500.8 9502.05 9502.36 9501.4 9499.92 9498.29 9496.25 9493.94 9491.43 9489.37 9488.72 9483.57 9480.34 9478.26 9475.64 9472.06 9470.05 9470.01 9472.3 9474.07 9473.19 9472.61 9471.18 9470.95 9473.58 9474.22 9471.59 9470.34 9470.46 9471.18 9472.11 9472.76 9473.51 9474.18 9474.12 9473.59 9472.39 9470.8 9474.18 9477.95 9479.39 9478.59 9477.21 9475.79 9473.25 9472.09
9494.55 9491.79 9489.15 9486.75 9485.11 9487.55 9492.73 9496.06 9497.21 9497.4 9497.12 9496.43 9495.23 9492.4 9492.33 9493.68 9495.31 9494.55 9494.74 9495.03 9495.17 9495.39 9497.93 9499.69 9499.18 9498.34 9497.18 9495.51 9493.47 9491.09 9488.52 9485.21 9481.37 9477.53 9474.33 9471.05 9468.63 9467.38 9468.45 9472.2 9475.19 9474.48 9474.27 9473.34 9473.32 9474.28 9474.21 9472.98 9471.79 9471.56 9471.81 9472.13 9472.71 9473.15 9473.83 9473.82 9473.54 9472.5 9471.75 9474.39 9476.31 9476.36 9475.45 9473.22 9468.04 9466.58 9468.38
9495.32 9492.34 9489.55 9487.07 9486.12 9489.85 9495.08 9496.78 9496.77 9496.84 9496.72 9496.47 9495.47 9493.2 9491.87 9491.71 9491.94 9492.38 9492.48 9492.16 9490.71 9489.08 9492.63 9495.74 9496.67 9496.56 9495.89 9494.71 9492.9 9490.3 9486.79 9482.82 9477.55 9473.16 9469.49 9466.49 9463.3 9461.78 9463.29 9466.46 9469.78 9472.33 9474.68 9475.34 9475.55 9476.71 9475.1 9473.25 9472.23 9471.87 9471.99 9472.44 9473.01 9473.58 9474.04 9474.53 9474.51 9474.07 9473.78 9474.11 9474.34 9474.02 9473.45 9472.01 9468.51 9464.63 9466.85
9496.36 9493.17 9490.54 9488.23 9488.49 9493.58 9495.07 9495.56 9495.75 9496.02 9496.16 9496.23 9496.05 9494.42 9492.04 9490.36 9489.79 9490.58 9490.75 9490.44 9490.18 9487.42 9490.82 9493.36 9494.19 9494.69 9494.58 9493.97 9492.58 9490.08 9485.81 9478.79 9473.39 9467.6 9462.32 9460.2 9453.91 9452.66 9456.36 9460.54 9462.37 9471.21 9475.3 9477.37 9477.47 9473.76 9473.21 9472.4 9471.96 9471.85 9472.12 9472.8 9473.48 9474.33 9475.01 9475.97 9476.25 9476.14 9474.89 9472.65 9471.94 9471.84 9471.94 9472.33 9472.22 9466.08 9466.06
9497.47 9494.35 9491.62 9489.74 9489.47 9490.43 9492.72 9493.02 9494.24 9494.92 9495.09 9495.18 9494.95 9493.34 9491.7 9490.53 9489.97 9489.86 9489.6 9489.01 9487.79 9486.23 9489.35 9490.79 9492.13 9493.39 9494.11 9494.11 9493.26 9491.1 9487.43 9482.26 9473.73 9461.49 9448.6 9439.14 9434.27 9439.63 9449.9 9461.52 9470.93 9478.1 9479.42 9479.49 9479.16 9474.39 9472.03 9471.34 9471.39 9471.62 9472.56 9473.43 9474.22 9475.26 9476.15 9477.1 9477.96 9478.33 9476.19 9472.33 9469.3 9469.13 9469.61 9470.84 9472.71 9467.79 9464.6
9498.33 9495.28 9492.42 9490.74 9489.82 9489.12 9492.03 9492.27 9493.45 9494.01 9494.01 9493.68 9492.73 9490.86 9491.4 9491.41 9490.84 9490.05 9489.28 9488.49 9487.16 9485.03 9482.98 9487.02 9490.16 9492.39 9493.78 9494.34 9494.36 9493.02 9490.67 9487.41 9476.69 9456.24 9433.47 9410.99 9410.71 9425.76 9443.92 9463.85 9485.99 9485.79 9481.59 9479.14 9477.54 9473.15 9470.96 9471.04 9471.14 9471.81 9473.13 9474.22 9475.24 9476.24 9477.29 9478.34 9479.18 9479.05 9473.78 9463.85 9465.29 9466.12 9466.05 9465.97 9466.44 9464.57 9459.8
9499.05 9495.92 9492.99 9490.63 9489.48 9490.51 9492.88 9493.25 9493.54 9493.47 9493.28 9492.67 9491.39 9490.96 9492.07 9493.33 9492.17 9490.3 9488.93 9488.35 9488.74 9488.3 9484.38 9486.4 9489.41 9492.1 9493.76 9494.69 9494.81 9494.88 9493.16 9489.75 9478 9453.74 9426.13 9400.77 9398.42 9416.48 9438.67 9461.04 9478.99 9484.11 9479.74 9476.68 9473.35 9469.9 9469.56 9470.42 9471.61 9473.03 9473.73 9474.31 9475.24 9476.52 9477.8 9479.1 9479.95 9479.71 9474.38 9465.62 9466.1 9464.86 9462.33 9458.96 9455 9451.51 9450.37
