real_craters/C191-750m.grd
DSAA
239 239
-89.4075 89.4075
-89.4075 89.4075
7967.9297477669 10540.276990739
[rows 74 to 110 of 239, columns 0 to 82 of 239]
9639 9645 9643 9640 9642 9642 9647 9653 9666 9653 9656 9656 9653 9657 9679 9720 9742 9743 9693 9649 9611 9579 9528 9475 9466 9459 9451 9445 9448 9453 9457 9459 9456 9438 9424 9411 9400 9385 9384 9390 9396 9386 9371 9362 9366 9362 9357 9356 9358 9368 9385 9404 9420 9408 9381 9374 9385 9396 9391 9398 9399 9395 9397 9398 9392 9387 9379 9370 9375 9422 9449 9429 9413 9411 9412 9412 9414 9417 9424 9426 9426 9422 9419
9640 9638 9639 9650 9674 9661 9653 9658 9660 9672 9675 9676 9675 9676 9697 9719 9729 9741 9700 9665 9638 9622 9567 9516 9492 9474 9457 9447 9450 9453 9455 9459 9462 9447 9429 9418 9406 9398 9389 9385 9393 9386 9372 9358 9360 9362 9360 9357 9356 9366 9381 9398 9411 9382 9393 9381 9386 9380 9383 9395 9398 9393 9394 9393 9393 9389 9381 9373 9393 9427 9435 9421 9409 9411 9414 9415 9418 9422 9428 9429 9428 9425 9421
9645 9637 9632 9645 9653 9649 9654 9662 9679 9695 9701 9700 9697 9695 9713 9719 9722 9709 9687 9665 9643 9614 9569 9537 9519 9487 9466 9455 9454 9455 9458 9462 9461 9452 9442 9426 9416 9406 9397 9390 9376 9382 9376 9366 9362 9365 9362 9360 9360 9365 9376 9391 9406 9417 9401 9391 9382 9377 9377 9382 9390 9392 9396 9398 9394 9392 9390 9376 9386 9415 9422 9420 9419 9414 9414 9417 9420 9424 9426 9423 9424 9423 9420
9654 9653 9662 9656 9652 9665 9664 9665 9687 9701 9709 9716 9703 9691 9701 9718 9729 9688 9675 9664 9648 9625 9588 9553 9518 9485 9464 9454 9457 9457 9458 9460 9466 9455 9442 9433 9423 9413 9402 9393 9387 9385 9385 9392 9382 9373 9368 9363 9359 9360 9370 9383 9402 9416 9417 9400 9378 9372 9375 9375 9387 9400 9403 9396 9392 9390 9389 9380 9382 9418 9424 9417 9420 9419 9418 9420 9422 9424 9427 9429 9426 9423 9418
9665 9664 9660 9661 9657 9671 9676 9690 9708 9742 9771 9710 9708 9702 9706 9724 9733 9693 9677 9663 9648 9633 9597 9544 9498 9475 9462 9459 9460 9461 9461 9461 9456 9457 9450 9442 9431 9419 9408 9398 9390 9389 9390 9387 9386 9378 9374 9371 9364 9358 9370 9375 9390 9413 9432 9405 9374 9371 9373 9377 9392 9405 9406 9394 9389 9388 9384 9381 9384 9409 9423 9429 9429 9427 9424 9424 9424 9424 9427 9434 9428 9423 9417
9675 9677 9679 9669 9661 9673 9695 9812 9695 9611 9575 9582 9701 9777 9755 9739 9718 9712 9686 9668 9653 9631 9592 9539 9489 9471 9456 9462 9464 9464 9464 9466 9464 9462 9461 9451 9438 9427 9420 9403 9395 9394 9394 9398 9382 9382 9385 9389 9395 9407 9387 9373 9384 9414 9424 9407 9376 9373 9379 9395 9404 9405 9399 9392 9388 9388 9386 9386 9391 9409 9422 9434 9430 9425 9430 9424 9426 9428 9429 9428 9427 9422 9416
9685 9689 9692 9681 9679 9700 9796 9668 9505 9319 9179 9332 9530 9705 9740 9752 9719 9693 9681 9676 9666 9646 9611 9562 9525 9489 9467 9465 9467 9470 9467 9463 9462 9463 9464 9455 9440 9427 9415 9405 9402 9399 9396 9389 9382 9384 9393 9404 9417 9426 9401 9379 9389 9416 9434 9415 9384 9377 9388 9425 9417 9408 9400 9398 9396 9393 9389 9389 9395 9407 9415 9420 9414 9409 9409 9415 9424 9436 9437 9434 9428 9423 9417
9692 9691 9687 9688 9693 9741 9805 9399 9275 9153 9071 9136 9234 9458 9689 9764 9725 9701 9692 9688 9681 9672 9650 9602 9560 9514 9482 9478 9477 9477 9473 9470 9468 9467 9461 9450 9438 9424 9409 9401 9405 9404 9400 9393 9385 9388 9400 9412 9423 9427 9405 9380 9383 9403 9426 9425 9397 9383 9402 9425 9419 9411 9406 9409 9409 9400 9391 9388 9395 9399 9411 9405 9396 9393 9397 9406 9417 9432 9433 9430 9429 9424 9419
9693 9696 9695 9690 9699 9760 9767 9308 9184 9096 9055 9030 9104 9346 9616 9740 9724 9723 9716 9701 9693 9690 9678 9627 9582 9542 9514 9496 9483 9471 9471 9472 9474 9470 9460 9446 9434 9426 9419 9409 9416 9411 9407 9398 9391 9395 9408 9419 9427 9426 9410 9390 9391 9393 9403 9426 9429 9391 9390 9407 9414 9412 9408 9413 9412 9407 9402 9404 9396 9444 9399 9399 9392 9387 9389 9397 9407 9406 9425 9432 9430 9428 9424
9694 9696 9690 9680 9691 9721 9767 9385 9232 9102 8993 8975 9067 9328 9597 9746 9726 9726 9720 9703 9702 9695 9675 9641 9605 9567 9544 9510 9484 9465 9457 9470 9484 9477 9464 9440 9431 9425 9424 9425 9413 9422 9425 9420 9407 9410 9418 9427 9432 9430 9418 9402 9396 9395 9402 9423 9424 9409 9394 9401 9411 9416 9417 9419 9417 9410 9405 9408 9416 9178 9194 9333 9394 9378 9387 9402 9412 9414 9420 9429 9434 9435 9433
9690 9682 9690 9693 9677 9694 9778 9594 9380 9204 9053 9049 9160 9391 9597 9717 9724 9704 9689 9697 9701 9699 9683 9658 9619 9571 9544 9517 9483 9449 9428 9444 9503 9506 9477 9435 9429 9428 9433 9437 9440 9439 9441 9434 9420 9422 9430 9437 9439 9436 9425 9409 9402 9397 9408 9438 9450 9436 9419 9414 9419 9424 9427 9425 9417 9413 9409 9405 9407 9179 9197 9328 9396 9383 9400 9423 9433 9439 9433 9438 9444 9447 9447
9697 9691 9699 9701 9694 9701 9758 9694 9523 9363 9230 9267 9403 9520 9642 9715 9697 9689 9673 9691 9694 9699 9710 9690 9658 9613 9574 9534 9487 9436 9379 9304 9265 9477 9485 9432 9427 9435 9439 9444 9446 9451 9452 9444 9425 9440 9450 9450 9447 9442 9431 9417 9411 9411 9425 9457 9458 9449 9441 9429 9430 9433 9437 9431 9419 9416 9415 9417 9424 9428 9423 9392 9400 9391 9412 9439 9447 9452 9456 9462 9466 9464 9463
9706 9713 9703 9703 9710 9735 9747 9701 9618 9536 9510 9621 9646 9643 9681 9706 9697 9695 9713 9685 9680 9712 9736 9737 9699 9664 9619 9557 9499 9442 9375 9289 9233 9494 9493 9442 9431 9441 9445 9457 9462 9463 9461 9462 9474 9488 9475 9463 9453 9442 9432 9425 9420 9421 9438 9461 9464 9453 9441 9438 9437 9438 9437 9431 9424 9419 9416 9414 9413 9421 9422 9410 9401 9401 9425 9455 9472 9480 9491 9489 9488 9484 9482
9707 9703 9696 9688 9698 9701 9714 9697 9664 9644 9681 9714 9710 9698 9702 9710 9699 9651 9633 9598 9639 9679 9729 9749 9713 9675 9637 9577 9521 9466 9422 9410 9533 9488 9475 9452 9445 9444 9451 9460 9469 9476 9483 9488 9495 9504 9489 9472 9455 9441 9432 9429 9427 9430 9448 9459 9467 9455 9443 9442 9442 9443 9444 9440 9429 9423 9421 9417 9416 9417 9415 9410 9408 9417 9446 9476 9462 9490 9515 9516 9507 9499 9490
9710 9706 9690 9680 9692 9724 9727 9710 9696 9687 9688 9675 9695 9696 9701 9736 9705 9578 9404 9476 9611 9671 9709 9734 9706 9672 9639 9589 9543 9502 9468 9464 9470 9459 9454 9460 9456 9453 9458 9467 9483 9498 9508 9514 9514 9511 9494 9474 9454 9437 9424 9423 9438 9451 9458 9460 9462 9460 9452 9443 9445 9447 9449 9447 9432 9427 9429 9434 9433 9425 9415 9417 9422 9444 9473 9488 9403 9475 9551 9537 9524 9511 9496
9711 9705 9691 9679 9679 9687 9721 9721 9710 9698 9695 9691 9680 9674 9675 9710 9711 9597 9481 9530 9635 9688 9699 9716 9693 9663 9631 9598 9563 9529 9501 9483 9462 9452 9452 9456 9462 9470 9477 9492 9517 9545 9552 9545 9535 9515 9492 9472 9454 9437 9423 9418 9445 9462 9463 9463 9462 9459 9456 9452 9448 9448 9447 9444 9438 9436 9438 9442 9444 9429 9422 9433 9448 9468 9484 9491 9500 9508 9532 9538 9532 9525 9510
9707 9701 9692 9685 9688 9700 9727 9719 9705 9697 9691 9677 9669 9660 9654 9671 9684 9651 9674 9673 9656 9673 9696 9704 9688 9652 9618 9592 9566 9540 9521 9502 9479 9468 9461 9470 9483 9491 9496 9499 9542 9591 9595 9569 9542 9511 9486 9470 9454 9440 9426 9416 9448 9463 9459 9452 9453 9449 9449 9451 9448 9447 9445 9441 9441 9443 9445 9448 9443 9434 9441 9451 9472 9490 9498 9504 9518 9516 9524 9538 9544 9544 9536
9700 9697 9693 9690 9701 9723 9717 9706 9697 9687 9675 9661 9657 9653 9650 9651 9655 9659 9654 9646 9648 9668 9691 9705 9706 9674 9623 9589 9570 9548 9528 9512 9504 9489 9482 9485 9494 9500 9503 9510 9549 9602 9600 9571 9539 9507 9483 9468 9456 9444 9431 9417 9448 9463 9463 9454 9454 9449 9446 9445 9447 9447 9446 9447 9447 9449 9452 9455 9458 9458 9455 9460 9475 9490 9504 9513 9511 9506 9516 9532 9547 9560 9568
9698 9697 9696 9693 9695 9708 9705 9695 9690 9681 9667 9662 9658 9651 9645 9643 9646 9653 9654 9656 9653 9649 9685 9724 9725 9679 9619 9586 9561 9542 9527 9512 9498 9492 9499 9489 9489 9502 9513 9507 9526 9561 9573 9557 9529 9501 9478 9467 9457 9449 9440 9436 9459 9469 9470 9462 9464 9451 9449 9449 9449 9449 9450 9450 9455 9459 9461 9459 9472 9481 9470 9465 9470 9484 9518 9522 9513 9509 9518 9536 9559 9582 9603
9702 9703 9708 9712 9718 9709 9704 9698 9688 9682 9673 9666 9659 9653 9644 9641 9639 9651 9664 9676 9676 9655 9670 9693 9702 9655 9598 9573 9555 9540 9529 9517 9507 9497 9491 9487 9487 9491 9499 9495 9506 9539 9556 9539 9515 9486 9476 9466 9459 9456 9456 9457 9465 9476 9483 9470 9470 9459 9454 9452 9452 9453 9454 9454 9461 9479 9467 9465 9476 9490 9478 9470 9469 9475 9505 9514 9503 9505 9517 9538 9564 9594 9631
9700 9710 9720 9732 9732 9708 9692 9686 9684 9683 9687 9671 9663 9660 9657 9648 9650 9653 9665 9674 9660 9648 9647 9653 9676 9643 9600 9573 9559 9546 9535 9526 9520 9520 9489 9497 9479 9478 9482 9485 9492 9511 9520 9518 9509 9505 9481 9469 9458 9452 9461 9475 9468 9473 9486 9475 9471 9465 9459 9455 9454 9458 9461 9464 9466 9462 9464 9469 9471 9477 9486 9483 9470 9466 9481 9496 9497 9492 9513 9538 9567 9595 9623
9704 9715 9727 9736 9728 9704 9689 9681 9680 9676 9672 9674 9671 9665 9661 9652 9644 9648 9656 9664 9657 9639 9628 9620 9670 9642 9590 9576 9567 9557 9547 9538 9532 9536 9566 9542 9506 9500 9492 9484 9474 9472 9487 9500 9505 9514 9495 9472 9457 9447 9453 9467 9466 9459 9459 9469 9467 9468 9465 9463 9465 9465 9468 9473 9473 9466 9465 9469 9467 9468 9471 9477 9478 9470 9473 9487 9502 9489 9513 9541 9569 9595 9614
9704 9718 9732 9741 9729 9705 9693 9687 9679 9672 9666 9664 9660 9661 9658 9651 9640 9642 9646 9646 9641 9626 9617 9612 9630 9621 9588 9582 9577 9569 9562 9554 9544 9535 9546 9553 9551 9551 9531 9500 9470 9476 9480 9496 9496 9484 9472 9469 9456 9446 9457 9467 9451 9440 9432 9455 9468 9469 9469 9470 9471 9469 9471 9474 9477 9474 9469 9458 9461 9472 9484 9500 9494 9490 9488 9491 9513 9504 9523 9548 9574 9599 9619
9717 9722 9731 9738 9728 9708 9698 9691 9682 9673 9666 9663 9659 9658 9656 9652 9650 9646 9638 9632 9632 9619 9617 9620 9629 9620 9615 9602 9590 9583 9576 9569 9565 9565 9560 9539 9541 9563 9545 9529 9539 9546 9527 9514 9494 9476 9480 9468 9455 9449 9446 9442 9435 9426 9423 9436 9463 9475 9471 9466 9462 9467 9471 9474 9473 9479 9477 9480 9486 9499 9502 9502 9504 9513 9505 9502 9530 9531 9541 9556 9574 9598 9631
9719 9723 9727 9731 9726 9710 9704 9695 9689 9679 9672 9665 9659 9654 9653 9653 9653 9645 9630 9617 9608 9614 9619 9621 9618 9618 9613 9610 9605 9600 9593 9586 9583 9580 9567 9544 9534 9536 9551 9552 9545 9555 9574 9535 9498 9464 9454 9452 9444 9443 9443 9437 9427 9419 9419 9432 9463 9475 9471 9464 9461 9463 9470 9477 9483 9486 9485 9481 9481 9495 9503 9495 9505 9504 9506 9528 9547 9547 9552 9562 9575 9588 9596
9725 9723 9721 9714 9704 9705 9710 9719 9702 9688 9682 9674 9666 9657 9653 9651 9645 9636 9625 9609 9605 9617 9628 9633 9627 9623 9624 9622 9617 9611 9606 9601 9599 9595 9577 9559 9564 9570 9574 9573 9572 9574 9571 9549 9509 9462 9435 9437 9433 9427 9434 9436 9429 9419 9424 9418 9422 9468 9467 9459 9449 9458 9469 9480 9496 9490 9488 9480 9480 9482 9503 9512 9513 9515 9524 9547 9550 9550 9558 9567 9578 9582 9584
9722 9726 9724 9714 9708 9709 9708 9703 9707 9711 9698 9685 9673 9664 9658 9653 9647 9639 9629 9617 9617 9632 9643 9644 9639 9635 9637 9634 9627 9621 9616 9611 9607 9605 9600 9598 9600 9612 9606 9600 9593 9593 9591 9569 9536 9492 9444 9440 9439 9433 9429 9432 9430 9421 9421 9405 9392 9448 9462 9458 9454 9457 9466 9474 9478 9483 9487 9503 9492 9500 9497 9504 9514 9525 9534 9535 9542 9546 9562 9574 9582 9592 9607
9727 9733 9736 9735 9737 9718 9709 9706 9708 9714 9707 9696 9686 9675 9664 9657 9652 9648 9636 9639 9647 9653 9663 9673 9653 9643 9644 9641 9634 9628 9623 9618 9612 9607 9601 9599 9612 9633 9627 9620 9616 9616 9615 9597 9574 9558 9563 9484 9458 9441 9439 9435 9427 9425 9414 9411 9426 9461 9460 9456 9452 9456 9464 9471 9477 9482 9493 9505 9502 9503 9505 9506 9520 9537 9548 9548 9551 9556 9573 9585 9594 9607 9629
9740 9744 9747 9748 9730 9715 9709 9703 9709 9717 9710 9701 9692 9676 9667 9661 9655 9646 9640 9636 9660 9667 9675 9679 9662 9653 9650 9645 9639 9632 9625 9619 9613 9607 9600 9593 9593 9627 9628 9627 9632 9631 9631 9622 9604 9589 9579 9560 9499 9475 9459 9434 9428 9434 9416 9421 9429 9449 9452 9450 9448 9452 9461 9471 9480 9488 9494 9511 9513 9508 9516 9525 9540 9559 9565 9581 9594 9601 9603 9607 9611 9624 9655
9754 9750 9750 9750 9725 9711 9712 9718 9720 9713 9709 9702 9694 9676 9671 9666 9662 9656 9654 9662 9666 9679 9684 9683 9674 9664 9660 9655 9643 9636 9630 9624 9617 9610 9600 9589 9570 9583 9603 9620 9637 9639 9651 9645 9628 9604 9570 9579 9529 9527 9481 9437 9424 9426 9424 9428 9437 9444 9445 9444 9443 9448 9460 9474 9490 9503 9508 9490 9490 9516 9530 9547 9571 9596 9630 9638 9637 9635 9632 9630 9630 9634 9672
9760 9749 9737 9725 9714 9708 9714 9725 9732 9718 9708 9699 9690 9682 9675 9671 9670 9670 9664 9671 9687 9689 9691 9692 9683 9672 9662 9653 9644 9637 9634 9628 9622 9614 9601 9583 9569 9562 9577 9602 9633 9653 9665 9659 9644 9628 9622 9605 9538 9536 9520 9476 9432 9430 9430 9431 9437 9436 9439 9441 9444 9450 9460 9473 9489 9502 9504 9524 9524 9527 9537 9555 9588 9631 9674 9693 9681 9675 9664 9654 9651 9660 9696
9756 9741 9728 9718 9709 9705 9709 9713 9719 9714 9705 9697 9688 9682 9677 9674 9672 9674 9669 9663 9673 9679 9697 9709 9693 9680 9665 9648 9644 9640 9636 9631 9626 9621 9616 9608 9581 9565 9562 9570 9589 9635 9651 9655 9645 9640 9642 9631 9578 9549 9558 9533 9511 9444 9435 9434 9435 9437 9439 9443 9446 9451 9462 9472 9479 9486 9503 9507 9528 9541 9554 9571 9598 9653 9712 9739 9728 9710 9693 9676 9672 9688 9714
9744 9730 9713 9705 9703 9701 9703 9703 9700 9702 9699 9695 9691 9682 9678 9675 9671 9666 9665 9659 9642 9658 9683 9698 9698 9691 9671 9658 9650 9644 9639 9635 9632 9629 9629 9620 9598 9570 9553 9551 9555 9570 9605 9629 9628 9634 9640 9636 9611 9574 9557 9546 9527 9498 9456 9443 9438 9436 9442 9450 9456 9465 9468 9473 9475 9478 9495 9537 9542 9551 9572 9601 9621 9664 9713 9730 9740 9723 9707 9689 9678 9683 9711
9728 9719 9708 9703 9702 9701 9703 9704 9702 9698 9696 9693 9687 9684 9678 9673 9668 9665 9661 9661 9671 9675 9672 9684 9686 9683 9674 9670 9658 9648 9642 9637 9633 9632 9631 9632 9623 9588 9563 9556 9548 9540 9553 9568 9596 9613 9625 9626 9617 9589 9555 9548 9542 9534 9488 9450 9444 9448 9457 9461 9466 9470 9474 9477 9479 9480 9481 9516 9529 9544 9574 9615 9632 9661 9690 9701 9697 9704 9705 9697 9681 9677 9717
9713 9713 9713 9708 9706 9708 9710 9709 9701 9700 9696 9690 9685 9682 9678 9673 9668 9664 9663 9667 9674 9674 9666 9670 9673 9671 9669 9663 9657 9649 9643 9639 9636 9635 9636 9636 9637 9618 9599 9580 9560 9548 9547 9558 9572 9593 9615 9638 9621 9605 9581 9567 9548 9533 9505 9463 9458 9459 9468 9471 9476 9480 9484 9486 9485 9486 9482 9477 9499 9525 9556 9611 9642 9668 9693 9698 9679 9708 9730 9707 9696 9699 9741
9702 9704 9704 9708 9709 9715 9717 9712 9714 9709 9697 9689 9681 9681 9679 9675 9669 9661 9668 9671 9677 9676 9662 9664 9666 9672 9664 9660 9655 9649 9645 9641 9639 9639 9644 9656 9648 9638 9620 9592 9570 9554 9541 9530 9554 9576 9591 9591 9621 9632 9620 9593 9573 9556 9535 9508 9479 9454 9466 9479 9488 9496 9499 9498 9493 9486 9482 9471 9488 9517 9551 9593 9640 9689 9710 9704 9683 9693 9702 9710 9722 9737 9759
9693 9696 9699 9699 9704 9712 9715 9712 9702 9700 9695 9687 9684 9686 9686 9680 9673 9667 9673 9676 9678 9676 9668 9663 9662 9662 9658 9652 9649 9647 9645 9643 9642 9641 9649 9661 9657 9648 9630 9612 9576 9548 9529 9531 9549 9569 9587 9613 9629 9652 9648 9615 9590 9571 9553 9540 9503 9474 9472 9491 9502 9511 9512 9509 9502 9492 9490 9487 9503 9530 9559 9616 9677 9722 9726 9712 9704 9704 9693 9716 9739 9760 9777
