real_craters/C191-1000m.grd
DSAA
103 103
-51.09 51.09
-51.09 51.09
7155.5469303435 10760.270115828
[rows 60 to 89 of 103, columns 0 to 66 of 103]
9701.3 9695.79 9690.48 9696.3 9736.91 9756.82 9764.67 9775.71 9754.8 9784.44 9809.59 9810.05 9822.73 9837.94 9831.93 9840.04 9843.87 9858.51 9975.49 10084.4 10148.1 10187.1 10319.3 10463.8 10526.1 10286.4 10007.1 9752.37 9528.96 9345.89 9263.03 9111.72 8953.85 8741.87 8595.87 8334.22 8131.6 8021.58 7963.27 7899.02 7856.7 7840.3 7807.56 7788.64 7784.4 7785.82 7780.34 7782.82 7794.23 7782.85 7771.17 7751.49 7749.03 7745.9 7741.36 7738.67 7746.44 7761.13 7776.24 7788.78 7802.13 7824.58 7849.33 7870.62 7873.89 7884.02 7917.52
9699.24 9690.91 9694.8 9713.36 9748.77 9769.17 9780.68 9782.22 9791.46 9784.14 9778.66 9797.21 9813.42 9830.84 9849.09 9838.48 9853.18 9890.55 9975.2 10066 10104.8 10177.1 10299.6 10424.6 10469.9 10265.8 10015.2 9773.75 9535.68 9361.39 9240 9112.07 8973.74 8774.58 8670.84 8431.91 8140.32 8210.54 8026.61 7913.52 7856.21 7838.17 7812.19 7800.34 7792.08 7804.97 7799.22 7793.23 7788.02 7781.78 7773.94 7767.19 7753.96 7744.2 7734.07 7724.88 7724.05 7751 7771.96 7789.96 7806.54 7827.64 7852.69 7867.19 7880.45 7899.28 7927.68
9720.05 9686.99 9668.97 9697.33 9742.79 9762.56 9774.26 9781.87 9784.84 9787.37 9769.13 9784.28 9809.24 9830.48 9851.98 9853.23 9865 9903.39 9975.91 10055.4 10113.5 10168.5 10261.8 10325.7 10307.1 10217.3 10040.7 9838.86 9679.61 9528.17 9382.68 9199.59 9030.05 8803.63 8649.89 8477.08 8259.01 8114.34 8030.36 7926.5 7862.88 7841.75 7827.62 7812.24 7809.33 7812.51 7804.71 7790.98 7793.42 7791.32 7777.65 7767.56 7756.6 7744.46 7733.36 7722.13 7724.58 7752.87 7777.39 7797.28 7813.47 7829.29 7844.83 7870.91 7894.19 7922.43 7949.12
9756.36 9704.57 9679.46 9696.36 9727.8 9761.43 9766.14 9769 9759.46 9771.01 9781.86 9787.96 9808.18 9831.15 9856.69 9868.65 9914.59 9953.41 9993.39 10036.7 10076.7 10158 10218.2 10262.3 10313.3 10220.7 10087.8 9973.28 9872.81 9654.81 9473.24 9290.24 9061.55 8877.54 8715.24 8550.77 8331.42 8166.95 8059.87 7941.01 7883.18 7861.08 7846.52 7832.18 7811.85 7817.01 7806.48 7790.35 7781.63 7789.03 7773.46 7751.1 7753.14 7746.88 7738.56 7729.61 7735.93 7763.8 7788.69 7809.87 7825.73 7838.24 7848.34 7875.5 7905.41 7936.15 7969.67
9708.16 9738.6 9719.11 9718.99 9755.3 9753.27 9757.76 9773.96 9764.85 9750.93 9776.79 9795.17 9815.48 9836.85 9857.72 9861.88 9910.53 9960.01 10004.2 10068.1 10111.4 10139.5 10165.9 10179.2 10142 10165.4 10180.1 10127.9 10023.8 9695.86 9559.39 9353.01 9102.22 8951.52 8863.25 8714.06 8499.9 8291.14 8127.92 7973.62 7918.47 7889.08 7868.69 7849.05 7820.1 7825.15 7815.1 7799.25 7800.86 7792.53 7775.58 7755.55 7750.36 7752.69 7752.77 7750.7 7766.85 7783.66 7805.13 7826.03 7842.81 7856.29 7869 7889.08 7910.62 7959.13 7984.26
9494.44 9753.69 9764.48 9750.09 9737.86 9727.63 9746.27 9756.54 9761.3 9736.24 9740.96 9793.33 9815.97 9835.23 9851.72 9842.09 9859.49 9914.34 9986.46 10069.4 10135.6 10144.8 10126 10117.4 10121.9 10161.4 10254.7 10295.8 10210.7 9901.22 9657.49 9442.76 9283.21 9099.75 9048.44 8968.91 8622.45 8414.14 8244.6 8086.23 8001.02 7945.39 7894.6 7862.02 7832.55 7841.61 7832.27 7829.24 7823.74 7807.56 7788.02 7771.69 7767.4 7769.74 7772.24 7779.15 7786.27 7801.88 7822.97 7842.2 7858.57 7874.76 7888.32 7898.82 7942.91 8023.33 8147.19
9381.88 9609.47 9775.92 9778.61 9753.5 9747.37 9740.94 9740.58 9748.08 9739.42 9760.02 9791.79 9813.54 9832.67 9835.12 9848.19 9870.94 9898.45 9948.45 10005.5 10099.6 10143.5 10102.4 10059.4 10036.3 10097.9 10206.5 10303.2 10324.1 10138.4 9764.79 9424.33 9280.14 9186.88 9127.32 9030.53 8854.65 8536.7 8362.49 8231.36 8110.39 8027.53 7938.88 7872.71 7848.94 7855.08 7841.62 7835.02 7831.59 7821.45 7807.16 7787.27 7782.23 7792.49 7791.9 7790.05 7802.71 7822.55 7842.99 7860.09 7880.1 7895.51 7906.45 7985.46 8190.98 8201.26 8273.43
9344.6 9465.91 9735.84 9788.95 9761.14 9737.47 9741.73 9743.17 9747.59 9734.12 9751.04 9780.73 9807.42 9830.27 9850.2 9856.09 9847.9 9884.16 9910.44 9947.15 10032 10109.5 10061.6 10008.2 9990.04 10070.1 10337.7 10431.7 10410.4 10178.9 9903.01 9604.3 9332.32 9245.82 9182.76 9067.64 8906.39 8704.64 8477.46 8308.59 8228.04 8144.79 8058.93 7912.65 7890.54 7851.06 7845.03 7841.6 7844.89 7846.54 7834.89 7821.42 7821.18 7823.72 7817.11 7813.21 7829.66 7851.48 7870.94 7883.87 7895.95 7928.43 7963.03 8074.03 8215.8 8318.64 8398.67
9393.87 9658.59 9818.93 9805.75 9764.65 9729.27 9738.9 9736.02 9736.7 9747.38 9756.49 9783.75 9811.74 9836.76 9861.28 9888 9905.46 9887.92 9887.86 9895.75 9957.82 10019.7 9991.92 9966 9969.49 10099.4 10459.1 10564.9 10566.4 10324.6 10068.4 9817.3 9454.14 9308.01 9271.41 9221.91 9121.13 8875.88 8677.19 8502.12 8417.79 8301.01 8153.79 8026.37 7944.92 7876.66 7866.43 7863.95 7863.39 7874.19 7865.32 7856.97 7855.3 7855.01 7850.03 7846.59 7853.48 7872.88 7902.99 7931.64 7933.49 8015.22 8107.46 8198.96 8298.16 8411.8 8521.95
9526.29 9802.81 9805.83 9795.9 9760.85 9741.34 9729.91 9733.68 9751.73 9756.59 9780.31 9800.03 9822.92 9845.58 9878.34 9912.34 9930.9 9895.54 9874 9870.94 9911.91 9964.96 9959.81 9941.7 9941.69 10003.6 10320.6 10574.2 10726 10426.9 10238.8 10035.4 9799.05 9532.86 9411.13 9299.94 9228.97 9157.33 9023.25 8862.42 8705.9 8541.46 8298.7 8200.35 8079.19 7912.77 7899.94 7895.99 7895.91 7895.42 7893.37 7889.27 7885.89 7881.85 7886.33 7888.11 7881.35 7891.88 7935.62 8007.47 8088.13 8239.56 8370.94 8369.25 8428.77 8694.92 8770.46
9846 9824.37 9782.97 9770.24 9745.85 9718.39 9720.66 9724.11 9754.72 9763.68 9799.33 9826.54 9836.08 9854.7 9879.68 9895.41 9904.11 9890.21 9870.46 9868.33 9915.15 9971.65 9966.51 9938.32 9927.91 9989.35 10171.2 10495 10627.3 10642.9 10421.2 10153 10012.9 9812.66 9586.67 9384.86 9292.43 9234.16 9301.74 9176.61 8994.35 8873.58 8701.93 8403.17 8260.19 8178.59 8087.44 7945.09 7934.76 7925.56 7932.51 7933.07 7917.87 7921.76 7932.12 7937.69 7924.32 7926.95 7988.7 8068.17 8251.98 8567.04 8490.96 8514.79 8595.74 8910.63 8992.71
9773.77 9766.17 9758.1 9746.42 9734.69 9731.78 9728.19 9733.14 9761.13 9769.66 9806.09 9828.66 9846.49 9866.55 9879.97 9884.52 9893.61 9897.35 9889.21 9888.35 9928.64 9975.85 9970.18 9951.6 9935.45 9940.29 10127.7 10463.2 10752.2 10760.3 10607.8 10386.3 10204.8 9996.19 9781.87 9573.26 9399.19 9323.61 9318.57 9276.06 9183.6 9082.02 8935.85 8700.56 8503.9 8314.97 8173.67 8024.6 7978.7 7964.91 8009.37 8042.19 8027.96 7987.26 8005.09 8009.24 8004.5 7993.37 8094.74 8216.02 8342.93 8456.95 8735.29 8805.08 8880.17 9046.34 9165.45
9753.97 9748.19 9749.81 9743.59 9734.08 9723.58 9733.44 9765.61 9777.01 9791.24 9798.87 9835.03 9853.94 9868.44 9880.4 9894.51 9914.03 9933.01 9936.83 9936.92 9950.33 9935.3 9951.35 9959.41 9951.78 9954.53 10059.5 10278.4 10509.7 10669.5 10621 10491 10375.1 10133 9922.46 9744.9 9514.79 9391.96 9344.27 9340.43 9305.75 9204.22 9004.46 8797.59 8649.46 8419.18 8186.52 8072.37 8027.99 8044.29 8154.75 8232.22 8261.55 8232.65 8176.51 8145.4 8162.8 8179.18 8293.05 8421.31 8573.8 8725.23 9030.36 9024.39 9041.57 9210.68 9308.74
9696.52 9724.19 9737.9 9737.39 9732.95 9726.42 9741.56 9738.69 9778.96 9798.26 9802.65 9818.33 9852.07 9862.82 9877.19 9892.67 9931.58 9971.25 10026.4 10027.6 9995.79 9987.04 9995.16 9972.25 9964.81 10020.1 10079.7 10091.3 10224.1 10456.3 10516.2 10393.9 10403.9 10210.7 9988.89 9779.12 9486.73 9396.04 9392.2 9428.39 9426.81 9356.64 9145.29 8912.95 8914.79 8860.47 8699.83 8475.57 8376.24 8427.7 8483.98 8481.8 8484.86 8444.6 8346.62 8339.69 8401.18 8481.14 8594.85 8727.89 8897.69 8962.59 9120.29 9145.61 9188.68 9360.24 9489.85
9696.12 9722.24 9735.84 9736.68 9736.27 9741.09 9758.19 9751.6 9761.54 9766.72 9788.58 9814.74 9843.98 9859.03 9882.09 9903.52 9934.54 9977.34 10054.2 10051.4 10008.4 9990.57 9979.01 9963 9942.78 9954.81 10031.1 10099.5 10150.9 10305.3 10363.2 10298.2 10241.6 10202.6 10039.8 9712.65 9499.3 9450.41 9516.68 9516.17 9539.11 9526.21 9363.07 9151.39 9152.27 9213.93 9064.21 8892.4 8819.56 8798.9 8798.01 8744.51 8605.51 8452.08 8436.22 8536.82 8683.8 8842.78 8955.03 9017.32 9121.78 9182.2 9322.31 9395.82 9421.16 9538.04 9737.63
9697.96 9738.79 9736.08 9732.95 9730.24 9737.5 9755.32 9775.94 9749.19 9746.1 9784.28 9812.09 9837.21 9857.41 9878.33 9888.3 9916.07 9927.29 9942.53 9967.27 9974.79 9972.74 9972.43 9952.38 9908.79 9847.03 9917.85 10030.6 10078.4 10081.9 10040.5 10055.7 10103.6 10183.8 10207 10175.3 9805.41 9656.14 9551.36 9560.28 9607.25 9717.8 9577.65 9463.38 9309.44 9329.01 9164.54 9047.27 8978.53 9048.82 9171.56 9017.06 8874.16 8842.8 8923.08 8893.7 8990.17 9111.27 9259.74 9366.93 9299.85 9375.26 9486.61 9528.33 9592.27 9638.81 9966.09
9677.5 9718.51 9726.31 9722.65 9724.17 9725.11 9727.36 9744.18 9743.42 9737.98 9770.08 9800.49 9844.11 9856.12 9872.13 9878.3 9880.81 9869.69 9850.85 9887.31 9922.8 9947.7 9987.41 9954.35 9932.08 9874.58 9841.3 9924.49 10011.6 10040.5 10104.7 10145.4 10051.4 10161.4 10269.2 10297.5 10130.1 9950.71 9627.68 9609.6 9614.78 9576.76 9619.41 9639.99 9650.67 9619.77 9493.89 9421.15 9262.15 9244.67 9365.04 9249.59 9150.59 9122.82 9068.23 9169.79 9261.45 9403.71 9556.96 9516.39 9467.32 9408.79 9449.7 9501.09 9581.99 9924.78 10185.3
9661.72 9701.24 9710.15 9706.97 9706.03 9709.72 9721.7 9744.91 9750.24 9744.71 9762.2 9797.83 9826.64 9846.56 9865.82 9867.51 9855.36 9835.24 9824.77 9850.55 9887.29 9921.75 9940.96 9963.04 9957.74 9993.15 9949.77 9982.27 10001.8 10027.6 10064.3 10101.5 10098.8 10149.7 10243.5 10275.7 10187.8 10130.5 9910.85 9768.47 9713.07 9660.96 9670.21 9632.72 9651.28 9756.4 10020.4 9843.57 9610.48 9501.1 9417.01 9475.82 9433.24 9324.54 9374.35 9444.12 9497.84 9555.05 9556.93 9529.37 9471.41 9498.1 9500 9533.56 9822.51 10283.5 10346.6
9651.25 9684.26 9694.71 9692.34 9691.15 9691.52 9701.17 9727.05 9745.69 9808.96 9798.96 9803.49 9818.52 9829.39 9841.84 9845.56 9830.62 9812.64 9814.05 9827.53 9858.97 9897.29 9954.79 9950.82 9914.57 9902.16 9938.55 9907.64 9973.91 10039.8 10058 10056.1 10071.7 10113.9 10200 10245.6 10268.4 10204.8 10029.5 9930.62 9890.87 9869.19 9841.86 9875.18 9993.51 9861.61 9828.12 9813.92 9785.64 9738.46 9833.98 9786.08 9759.8 9789.46 9759 9738.93 9726 9707.9 9645.97 9693.66 9712.74 9687.47 9835.47 9874.34 10169.3 10271.8 10258.7
9659.2 9667.8 9677.67 9680.98 9679.35 9676.38 9676.81 9683.66 9710.24 9787.74 9798.83 9809.34 9809.21 9809.9 9811.05 9814.38 9811.91 9798.67 9796.69 9815.21 9833.75 9855.73 9878.87 9890.07 9889.76 9889.1 9894.55 9893.12 9975.96 10087.1 10212.8 10218.9 10159.7 10137.3 10174 10201.9 10202.8 10143.5 10093.9 10027.6 10009 10020.4 9988.35 10075.8 10149.4 10209.5 10110.1 10054.8 9935.97 9882.55 10007.3 9990.5 9998.96 10067.4 10040.8 10000.8 9931.78 9887.36 9871.03 9989.7 10129.1 10082.6 10237.3 10219.7 10245.8 10077.5 10044.7
9666.4 9664.26 9666.17 9668.49 9670.95 9672.56 9674.09 9680.98 9717.25 9780.55 9796.18 9793.75 9786.36 9795.29 9807.49 9811.17 9809.59 9803.23 9804.07 9812.83 9822.06 9829.67 9839.65 9862.84 9859.76 9858.61 9849.09 9871.64 9988.82 10127.4 10249.2 10292.2 10289.5 10283.8 10158.8 10168.8 10185.7 10146.1 10121.2 10046.7 9977.71 9957.47 9995.76 10027.2 9977.08 9912.1 9996.34 10054.6 10051.3 10122.2 10069.3 10064.1 10092.4 10160.7 10293.3 10157.9 10063.9 10019.9 10029 10064.3 10141.5 10226.5 10267.9 10264.2 10156.5 9989.76 9924.29
9658.97 9649.9 9648.53 9658.39 9667.01 9669.46 9666.03 9664.17 9700.03 9737.12 9756.83 9763.36 9784.77 9796.75 9812.04 9817.06 9812.44 9807.26 9805.26 9807.98 9814.34 9822.6 9829.93 9840.18 9844.2 9844.83 9844.57 9875.49 9994.1 10138 10243.1 10312.5 10377.7 10392.9 10294 10248.6 10259.5 10295.8 10160.6 10076.8 9987.08 9950.99 9972.23 9973.77 9930.51 9929.06 9904.43 9961.86 10055.4 10119.6 10105.6 10059 10072.6 10137.2 10142.7 10125.7 10066.2 10019.2 9977.37 10089 10209.1 10287.7 10289.4 10169.8 10112.3 10002.8 9940.03
9626 9619.44 9631.72 9652.1 9666.51 9675.48 9666.98 9641.88 9679.44 9685.4 9702.14 9752.99 9773.28 9790.95 9822.96 9814.09 9808 9803.6 9803.31 9806.42 9811.38 9821.96 9829.16 9844.17 9856.74 9857.24 9857.32 9893.03 9982.53 10119.4 10355.8 10433.7 10420.5 10438.6 10390.1 10345.4 10286.4 10144.6 10148.7 10118.2 9986.77 9966.12 9985.48 9996.12 10060.9 10063 10030.9 10009 10062.8 10067.4 10017.1 9973.37 10011.9 10045 10020.5 10004.6 9999.89 10000.9 9991.19 10050.9 10182.4 10138.7 10136.9 10113.9 10016.7 10025.2 10002.7
9604.68 9617.47 9634.99 9653.42 9673.12 9689.18 9683.33 9677.34 9679.51 9670.99 9711.87 9726.15 9762.58 9787.32 9788.28 9793.68 9795.99 9802.81 9803.28 9805.13 9810.83 9816.01 9825.6 9834.73 9859.53 9863.41 9878.75 9888.1 9959.94 10025.2 10062.7 10189.1 10316 10454.7 10552.5 10433 10388.3 10179.5 10101.4 10035.4 9988.27 10020.3 10054.6 10080.8 10121.4 10090.5 10251.7 10190 10070.6 10072.4 10044.9 9942.93 9924.52 9927.83 9873.38 9893.77 9926.46 9934.25 9961.46 9993.86 10005.8 10017.2 10015.1 10010.3 9995.03 10057.4 10102
9611.51 9622.02 9638.87 9656.14 9673.97 9685.15 9677.87 9661.59 9666.46 9669.8 9690.79 9705.71 9742.81 9768.03 9764.57 9770.59 9774.52 9780.38 9786.44 9794.37 9805.21 9813.1 9822.07 9819.14 9844.68 9863.87 9877.47 9925.26 9951.12 9979.53 9943.23 10063.8 10117.4 10120.7 10246.2 10387.6 10469.4 10384.4 10289.4 10226 10179.3 10149.7 10170.5 10196.1 10179.1 10197.8 10207.7 10048.5 9968.51 9895.68 9794.49 9794.25 9832.3 9833.61 9831.1 9857.99 9917.28 9950.89 9999.79 10037.1 9955.04 9927.1 9929.2 9970.8 10003 10022 9994.4
9610.1 9623.26 9638.56 9658.39 9674.01 9688.91 9677.5 9653.04 9645.21 9657.73 9670.57 9685.73 9712.82 9739.69 9757.03 9758.66 9753.21 9741.39 9760.75 9777.23 9787.01 9799.52 9815.66 9830.62 9835.88 9860.65 9908.27 9928.96 9948.8 9983.34 9982.91 9962.93 9993.75 10060.9 10173.3 10286.4 10399.4 10542.6 10512.3 10413.9 10325.4 10262.2 10257.5 10317 10298.4 10250.5 10079.8 9948.51 9907.81 9844.49 9786.09 9786.57 9810.36 9820.12 9840.67 9891.43 9974.62 10033.4 10038.3 10054.9 9983.17 9938.51 9933.04 10063.9 10043.5 9983.26 9928.58
9612.29 9622.08 9646.23 9655.32 9667.17 9669.41 9650.64 9619.77 9632.14 9649.75 9667.59 9697.43 9704.86 9726.52 9752.56 9756.41 9749.72 9734.6 9754.12 9770.61 9775.41 9779.74 9787.48 9790.75 9803.44 9827.1 9853.35 9889.32 9902.12 9914.85 9922.91 9917.83 9935.33 9953.1 10139.8 10195.3 10205.3 10365.2 10432.9 10429.1 10384.2 10276.1 10227.7 10272.1 10294.7 10136.1 10048.5 10013.8 9944.85 9872.39 9833.54 9911.72 9871.69 9871.32 9992.71 10053.8 10056.6 10078 10027.1 9984.98 10098 10056.7 10122.7 10152 10038.4 9963.5 9894.44
9585.32 9603.45 9614.09 9637.14 9657.87 9666.96 9641.64 9631.23 9639.79 9643.91 9655.83 9677.91 9703.96 9739.76 9747.56 9754.98 9768.72 9781.89 9775.56 9771.73 9769.1 9766.31 9758.99 9745.27 9754.51 9765.55 9758.15 9786.67 9828.75 9853.97 9837.42 9892.95 9909.65 9896.9 9979.8 10143.9 10291.3 10218.1 10190.8 10281.3 10243.7 10185.1 10114.2 10020.3 10085 10204.8 10154 10041.7 9952.58 9918.2 9940.87 9978.27 9962.43 9960.18 9979.64 10012.9 10110.5 10113.6 10048.9 9994.21 10077.6 10074.7 9991.52 10009.5 9980.88 9941.05 9893.16
9594.14 9593.06 9594.23 9619.15 9648.3 9669.37 9632.7 9623.45 9635.45 9638.04 9642.82 9670.52 9682.68 9682.27 9711.12 9744.93 9776.51 9799.05 9794.84 9779.99 9769.78 9758.54 9748.01 9736.56 9736.4 9733.7 9732.16 9765.85 9796.47 9823.38 9835.16 9876.88 9898.97 9911.29 9978.68 10074.6 10129.8 10137.4 10110.4 10112.4 10102.7 10094.3 10079 10051.1 9996.49 10054.3 9963.34 9879.09 9879.52 9910.94 9938.05 9994.8 10021.7 10037.4 10062.4 10132.9 10147.8 10165.4 10070.7 10019.6 10050.6 10021.6 9988.13 10049 9976.47 9942.82 9929.56
9589.01 9588.2 9592.44 9613.77 9636.71 9646.18 9632.02 9626.31 9624.69 9632.52 9647.46 9661.98 9647.91 9654.56 9696.95 9738.98 9776.86 9800.65 9796.1 9787.69 9770.59 9763.28 9756.59 9742.3 9741.24 9754.9 9762.53 9764 9776.17 9784.65 9819.65 9851.01 9872.95 9889.52 9929.2 9991.97 10037.4 10088.1 10121.8 10124.6 10058.4 10030.1 10019.4 9986.86 9927.25 9922.04 9783.82 9832.1 9881.62 9903 9942.19 9985.45 10046.4 10085.7 10134.4 10163.2 10093.7 10059.3 10108.2 10099.2 10054 10036.1 10017.1 9999.34 9941.14 9927.76 9930.44
