real_craters/C191-1000m.grd
DSAA
103 103
-51.09 51.09
-51.09 51.09
7155.5469303435 10760.270115828
[rows 30 to 59 of 103, columns 0 to 66 of 103]
9714.5 9746.27 9757.77 9768.94 9746.53 9741 9756.99 9778.75 9779.83 9790.01 9804.68 9814 9821.57 9825.54 9821.5 9818.48 9790.17 9827.31 9847 9863.09 9883.06 9983.7 9970.82 10010.1 10087.9 10190.3 10185.3 10158.7 10143.1 10143.4 10190.3 10229.9 10189.3 10095.3 9964.9 9901.83 9898.61 9840.91 9551.48 9288.51 9092.76 9094.43 9036.32 9032.14 8885.96 8746.31 8695.82 8660.89 8740.17 8769.27 8817.36 8861.27 8836.88 8846.45 8714.37 8602.64 8624.97 8741.42 8891.89 9049.42 9020.87 9167.23 9294.58 9294.62 9275.35 9253.02 9289.18
9706.75 9717.42 9726.38 9755.98 9772.31 9753.55 9759.23 9773.68 9793.48 9807.12 9822.11 9830.8 9842.45 9862.11 9893.1 9887.05 9890.22 9891.78 9893.65 9907.82 9930.31 9924.8 9954.48 9980.92 10067.5 10243.6 10234.9 10218.5 10201.9 10210 10253.7 10243.2 10210.3 9757.82 9651.05 9663.45 9594.06 9380.18 9154.03 9015.98 8964.21 8937.1 8893.53 8792.11 8554.55 8519.43 8531.17 8596.85 8631.51 8573.85 8656.4 8761.31 8725.7 8646.75 8596.3 8489.66 8456.47 8587.08 8691.58 8796.74 8849.74 9003.34 9197.96 9182.06 9159.58 9143.3 9100.82
9690.77 9707.62 9732.13 9759.49 9763.31 9765.45 9763.65 9792.65 9807.73 9819.68 9834.19 9848.39 9859.09 9880.91 9906.36 9925.21 9942.77 9935.76 9921.46 9921.87 9932.07 9922.55 9942.54 9971.89 10012.2 10212.3 10240.4 10226.3 10220.8 10207.5 10202 10187.6 9924.98 9609.46 9492.3 9509.38 9503.61 9386.1 9165.01 8993.09 8848.54 8752.46 8686.77 8569.84 8376.54 8358.63 8370.13 8398.17 8461.73 8426 8488.03 8572.35 8723.35 8588.88 8481.76 8403.27 8397.63 8430.64 8479.84 8525.99 8545.95 8679.38 8741.69 8970.04 9059.49 9064.85 9068.47
9688.51 9700.28 9721.4 9731.88 9756.37 9778.43 9795.76 9820.1 9823.28 9834.6 9853.58 9871.87 9889.3 9913.1 9939.9 9933.6 9926.14 9925.45 9928.26 9926.69 9901.05 9900.49 9943.03 10018.4 10102.3 10163.2 10178.9 10215.3 10227.2 10215.3 10205.6 10147.9 9704.1 9464.49 9420.51 9395.64 9412.35 9299.63 9025.62 8881.4 8751.69 8579.99 8490.64 8372.52 8301.63 8283.87 8283.99 8306.87 8357.06 8295.8 8312.41 8295.83 8337.46 8393.59 8333.16 8268.56 8172.34 8260.03 8271.18 8225.92 8273.75 8457.53 8695.64 8780.46 8853.05 8911.07 8897.16
9706.36 9715.72 9721.07 9725 9753.01 9782.15 9780.22 9811.2 9829.38 9844.38 9864.72 9889.24 9920.52 9929.37 9941.07 9915.81 9901.29 9902.09 9910.93 9928.13 9949.86 9926.02 9916.27 9945.89 9998.64 9954.29 10091.2 10209.5 10249.4 10214.5 10113.8 9850.92 9568.48 9458.9 9389.59 9275.62 9089.14 8949.38 8759.43 8663.64 8547.64 8464.34 8339.77 8216.95 8215.32 8226.16 8252.57 8254.78 8244.72 8204.62 8204.1 8188.39 8160.32 8183.8 8181.38 8148.45 8157.18 8142.48 8127.55 8094.69 8136.72 8283.85 8431.73 8541.07 8611.79 8694.07 8709.44
9716.26 9713.9 9721.05 9722.72 9734.05 9738.54 9797.57 9818.06 9834.01 9849.54 9867.64 9885.8 9911.96 9901.35 9890.31 9886.39 9864.67 9859.37 9882.64 9907.7 9921.33 9880.12 9860.54 9831.35 9875.98 9982.02 10148.5 10227.2 10325.3 10271.6 10096.4 9651.9 9616.12 9565.98 9386.38 9209.21 9020.12 8876.65 8789.14 8577.99 8388.65 8368.19 8232.31 8133.58 8142.77 8144.4 8131.19 8140.65 8128.36 8128.73 8096.24 8028.52 7990.57 8024.18 8046.68 8032.77 7984.87 8022.97 8040.9 8048.67 8069.53 8132.53 8185.57 8312.97 8397.8 8415.33 8605.17
9725.5 9727.62 9722.9 9718.1 9716.26 9732.59 9779.96 9814.4 9830.47 9845.25 9855.87 9867.19 9878.24 9892.77 9887.29 9877.41 9851.9 9837.31 9863.6 9882.37 9893.67 9878.98 9847.39 9816 9919.19 10156.4 10352.2 10568.8 10453.4 10322.6 10178.2 9740.1 9581.66 9540.34 9292.66 9143.39 9088.18 8950.03 8689.44 8304.99 8249.71 8208.55 8145.52 8089.82 8096.67 8090.82 8080.45 8145.98 8246.4 8090.23 8014.28 7963.54 7950.11 7952.61 7961.79 7956.69 7943.57 7962.67 7982.74 7997.46 8011.42 8023.49 8016.1 8083.82 8227.39 8228.2 8327.68
9727.63 9762.26 9734.75 9726.81 9738.69 9745.59 9802.39 9824.15 9837.04 9844.32 9849.03 9857.75 9885.87 9934.13 9931.56 9891.96 9856.57 9832.26 9857.33 9873.84 9873.97 9929.34 9871.16 9862.9 9990.85 10198.7 10396.5 10484.9 10416.4 10204.2 9991.33 9549.65 9200.28 9123.91 9053.11 8930.91 8759.17 8591.69 8395.93 8219.5 8201.41 8142.71 8082.81 8051.78 8045.04 8036.42 8016.51 8032.81 7974.03 7987.67 7953.5 7934.1 7923.89 7921.37 7921.2 7919.44 7915.89 7926.91 7942.8 7952.3 7967.9 7970.79 7974.38 7985.14 7998.82 8021.26 8154.46
9721.35 9723.15 9731.76 9729.38 9732.08 9779 9791.39 9841.8 9841.94 9837.02 9832.39 9836.9 9864.02 9929.89 9932.99 9898.15 9858.01 9819.21 9855.38 9900.27 9951.33 9966.46 9893.28 9844.02 10058 10306 10456.1 10486.1 10236.9 9906.79 9596.32 9198.3 8969.63 8876.71 8832.47 8710.95 8584.23 8487.75 8303.48 8255.69 8187.01 8070.5 8025.73 8003.13 7992.45 7978.11 7971.31 7965.57 7946.56 7939.69 7931.14 7922.31 7910.8 7902.39 7899.63 7897.74 7893.91 7901.27 7918.14 7934.05 7948.19 7954.64 7958.18 7961.25 7971.53 7995.85 8019.79
9721.33 9736.19 9736.32 9740.95 9755.49 9813.88 9791.7 9847.29 9846.18 9838.13 9829.34 9824.21 9856.3 9906.33 9921.63 9897.69 9863.8 9837.06 9862.31 9905.3 9930.96 9918.2 9925.28 9959.35 10183 10455.3 10501.6 10144.6 9798.85 9558.29 9246.69 9033.55 8890.99 8844.42 8738.35 8595.48 8469.31 8344.12 8177.32 8138.35 8111.94 8015.69 7986.82 7971.79 7957.8 7950.1 7948.7 7940.07 7921.23 7922.91 7911.35 7905.87 7890.83 7886.39 7883.52 7882.28 7881.65 7889.81 7901.27 7913.39 7922.98 7934.07 7946.67 7958.55 7961.42 7982.49 8008.05
9721 9735.89 9751.06 9755.47 9779.05 9818.45 9836.24 9837.04 9846.69 9837.91 9829.88 9826.67 9854.57 9906.84 9916.53 9897.91 9869.74 9838.42 9870.33 9918.59 9932.9 9919.38 9982.78 10111.3 10289.6 10468 10390.3 9917.16 9505.55 9339.51 9159.16 8974.55 8874.53 8826.31 8683.38 8538.43 8404.91 8268.22 8111.71 8054.4 8035.24 7971.92 7953.64 7943.22 7932.25 7927.65 7931.95 7929.31 7909.24 7902.87 7889.68 7894.09 7883.78 7865.04 7871.12 7872.53 7871.21 7874.53 7888.98 7899.19 7904.01 7911.39 7924.33 7930.8 7953.61 7976.35 8017.02
9724.09 9731.45 9746.18 9761.3 9763.5 9837 9862.51 9847.8 9850.19 9843.28 9840.17 9846.55 9879.24 9910.83 9915.81 9905.56 9886.04 9857.99 9904.65 9993.16 9988.28 9944.32 9991.77 10113.2 10292.4 10420.7 10297.9 9850.99 9404.77 9286.5 9189.08 9043.75 8915.5 8717.82 8565 8467.66 8391.27 8252.91 8084.92 7992.41 7963.24 7936.4 7921.74 7913.76 7909.08 7915.76 7924.58 7925.45 7906.98 7902.83 7901.19 7897.57 7886.24 7870.22 7868.41 7869.1 7865.98 7860.84 7874.35 7882.2 7879.75 7894.32 7906.6 7919.29 7939.59 7970.2 7996.24
9727.52 9725.73 9736.57 9774.56 9825.79 9859.49 9864.17 9871.89 9859.52 9853.01 9853.98 9866.38 9887.73 9918.38 9914.73 9913.86 9917.39 9919.11 9971.88 10042.4 10025.2 9964.3 9960.31 10053.5 10222.2 10368.5 10378.7 9874.78 9460.23 9280.86 9162.14 9050.92 8844.84 8614.88 8497.6 8436.87 8467.36 8261.57 8072.5 7952.23 7917.92 7896.21 7886.5 7887.49 7884.7 7900.03 7917.01 7930.35 7919.71 7906.86 7900.08 7902.87 7895.53 7881.05 7875 7867.06 7862.34 7859.82 7860.06 7871.12 7887.26 7897.8 7901.56 7910.05 7929.15 7958.78 8005.88
9721.21 9727.22 9749.71 9788.76 9826.98 9828.95 9845.93 9851.9 9857 9858.43 9862.38 9864.83 9859.64 9874.46 9898.87 9909.73 9932.02 9966.82 9998.13 10002.1 10003.1 9993.47 10016.7 10051.3 10132.3 10165.3 10028.4 9754.51 9459.84 9154.02 8989.29 8888.78 8660.35 8568.15 8513.2 8478.42 8426.21 8252.56 8051.53 7918.3 7883.93 7869.33 7875.37 7874.76 7877.18 7890.81 7910.55 7926.54 7921.32 7912.63 7905.61 7902.82 7898.29 7894.04 7879.62 7862.93 7855.43 7853.58 7862.81 7871.7 7884.97 7897.66 7905.33 7916 7931.7 7952.54 7989.34
9715.93 9739.69 9770.44 9796.83 9823.3 9813.28 9817.27 9833.07 9849.3 9856.92 9869.89 9872.94 9860.68 9867.6 9892.65 9908.97 9926.49 9942.66 9965.01 9931.91 9973.99 9987.25 10025.7 10088.4 10062.4 9984.53 9814.04 9564.92 9245.16 8989.7 8859.41 8800.77 8651.1 8569.79 8524.85 8493.55 8434.06 8221.68 8028.9 7901.37 7866.17 7852.25 7860.47 7866.8 7873.96 7891.53 7903.77 7928.37 7925.1 7914.7 7908.28 7905.43 7896.13 7877.85 7859.88 7848.53 7841.86 7840.72 7845.99 7857.42 7873.03 7887.22 7904.35 7921.77 7929.91 7947.29 7980.62
9725.98 9752.68 9773.03 9791.42 9788.02 9788.04 9787.15 9814.37 9832.11 9847.84 9867.33 9897.98 9898.94 9900.89 9901.33 9909.3 9910.56 9905.7 9877.61 9995.38 9978.65 9990.77 10082.9 10106.7 10009.7 9886.68 9674.84 9461.2 9192.25 8961.63 8858.3 8822.63 8718.62 8588 8493.15 8457.67 8278.55 8137.3 7987.53 7888.15 7851.78 7836.72 7848.59 7857.38 7865.64 7887.32 7899.99 7924.3 7924.41 7915.18 7907.34 7905.12 7889.09 7856.75 7833.89 7825.03 7822.17 7823.7 7823.93 7837.2 7862.28 7885.13 7900.26 7916.6 7925.65 7944.75 7972.07
9743.28 9764.26 9778.86 9796.99 9799.45 9776.1 9798.27 9822.63 9838.06 9829.76 9843.26 9867.91 9909.2 9916.82 9917.13 9918.23 9908.73 9911.29 9947.4 9927.15 9966.29 9997.08 10051.3 10051.2 9989.17 9861.48 9664.09 9454.54 9203.42 8970.38 8929.79 8917.7 8779.92 8614.39 8439.15 8306.16 8149.16 8053.74 7946.86 7878.41 7856.01 7837.51 7835.29 7849.25 7860.99 7877.8 7898.39 7919.41 7922.84 7906.82 7905.2 7910.95 7869.76 7829.3 7806.34 7787.89 7784.22 7788.87 7789.84 7818.68 7851.54 7877.87 7889.9 7906.13 7922.11 7938.94 7965.33
9742.54 9762.91 9775.07 9801.7 9822.88 9888.09 9817.67 9821.1 9804.25 9809.35 9820.72 9858.31 9892.1 9919.53 9925.44 9926.93 9927.52 9931.4 9941.85 9950.51 9978.4 9999.73 9979.85 10054.2 10008.2 9868.97 9707 9476.11 9219.53 9022.59 9012.84 9029.49 8865.21 8660.55 8525.51 8337.06 8134.09 8006.73 7914.62 7870.79 7858.02 7847.65 7836.02 7845.15 7860.87 7871.07 7898.96 7927.81 7924.46 7920.92 7912.22 7854.59 7813.57 7774.8 7748.05 7738.62 7734.12 7743.83 7773.03 7807.31 7839.91 7867.27 7869.12 7889.54 7917 7935.57 7968.96
9752.12 9766.66 9775.02 9775.68 9778.89 9816.43 9849.54 9832.5 9812.8 9815.19 9810.06 9859.13 9918.41 9922.79 9920.68 9920.39 9926.85 9932.94 9929.03 9980.36 10053.7 10102.2 10192.8 10246.8 10068.3 9866.09 9651.96 9447.74 9283.21 9165.11 9012.87 8870.81 8723.6 8546.61 8452.25 8231.58 8076.49 7970.18 7893.97 7846.31 7827.58 7825.17 7831.82 7839.38 7854.14 7881.19 7905.91 7951.16 7950.39 7947.61 7959.38 7773.03 7737.55 7699.77 7738.47 7668.84 7679.61 7695.82 7750.84 7795.23 7826.9 7853.43 7867.94 7880.32 7903.36 7923.95 7946.66
9754.54 9765.95 9777.61 9781.51 9782.36 9796.92 9814.44 9828.19 9863.52 9834.6 9843.53 9848.74 9882.98 9886.1 9883.01 9874.63 9878.64 9900.86 9978.45 10070.9 10170.8 10287.7 10462.3 10368.2 10101 9855.77 9617.86 9438.14 9340.99 9202.91 9039.15 8773.82 8587.62 8409.77 8171.46 8039.69 7983.34 7925.64 7865.31 7821.72 7803.9 7808.67 7820.98 7834.44 7850.59 7882.48 7943.84 8015.19 7996.45 7947.84 7831.28 7734.08 7641.13 7560.5 7487.31 7530.43 7612.94 7663.11 7728.04 7776.96 7815.97 7844.72 7859.16 7872.18 7890.38 7905.87 7932.79
9751.33 9756.68 9761.45 9780.02 9796.9 9811.52 9821.37 9823.52 9828.92 9801.76 9803.86 9798.23 9803.07 9839.01 9848.97 9848.37 9852.41 9861.57 9917.76 10114.8 10262.3 10398.4 10387.9 10256.6 10089.7 9840.08 9586.98 9414.8 9368.06 9233.15 9075.31 8804.35 8478.42 8165 8073.83 8003.26 7951.95 7900.02 7844.66 7804.45 7785.71 7808.32 7820.45 7839.47 7858.81 7918.17 8096.82 8110.18 7997.68 7913.03 7755.85 7632.09 7502.34 7432.93 7404.41 7458.42 7595.42 7667.57 7715.6 7768.21 7818.08 7841.11 7850.68 7862.73 7877.64 7891.91 7917.47
9734.13 9738.1 9743.79 9756.16 9779.98 9789.56 9796.68 9801.68 9781.25 9770.4 9747.03 9791.93 9811.44 9811.73 9821.22 9820.8 9819.05 9813.74 9826.66 10068.9 10296.6 10471.9 10474.2 10332.2 10115.6 9852.44 9573.78 9376.63 9328.11 9247.59 9030.87 8740.42 8459.6 8215.62 8097.12 8003.1 7928.75 7869.78 7824.95 7800.09 7799.74 7809.4 7817.04 7838.69 7866.96 7903.58 7977.44 8026.66 7886.72 7723.59 7499.94 7400.76 7346.98 7304.92 7298.35 7399.01 7626.67 7890.24 7841.62 7807.44 7822.37 7835.98 7841.81 7842.14 7859.81 7880.41 7913.36
9707.83 9717.81 9734.33 9781.18 9787.6 9789.39 9794.53 9797.4 9793.34 9797.75 9799.3 9781.8 9791.75 9803.12 9812.57 9816.49 9818.12 9834.86 9932.32 10128.6 10265.3 10438.2 10443.4 10344.7 10200.2 9930.5 9631.02 9401.26 9286.21 9206.51 8992.98 8740.48 8495.25 8311.91 8261.42 8013.63 7902.78 7849.92 7823.44 7809.01 7819.52 7788.99 7805.03 7826.76 7862.86 7893.84 7925.89 7910.47 7748.05 7561.81 7282.96 7219.24 7232.2 7241.4 7222.72 7342.58 7634.6 7847.02 7883.59 7841.68 7829.84 7832.72 7830.78 7841.31 7852.21 7882.58 7911.79
9677.58 9694 9718.16 9762.1 9766.44 9779.75 9807.04 9800.58 9830.24 9839.63 9835 9799.97 9801.89 9810.44 9817.98 9825.43 9840.44 9873.59 9935.47 10059.3 10156 10249.8 10423.6 10593.2 10363.4 10048.8 9716.83 9441.73 9273.53 9203.53 9060.56 8800.31 8526.29 8279.46 8220.25 8040.97 7886.62 7847.12 7820.68 7811.2 7812.65 7813.75 7804.72 7813.05 7852.14 7888.66 7917.01 7898 7679.4 7456.49 7216.97 7155.55 7229.84 7294.76 7347.08 7480.37 7674.73 7843.99 7861.68 7846.1 7834.04 7813.88 7745.58 7827.39 7857.57 7892.72 7909.14
9670.69 9678.89 9687.32 9719.13 9731.73 9762.02 9782.82 9787.28 9806.56 9848.65 9834.9 9839.63 9829.18 9832.33 9849.82 9867.27 9889.11 9908.6 9949.28 9999.76 10045.8 10132.6 10410.8 10714 10485 10150.4 9801.13 9464.07 9295.76 9143.2 9010.09 8832.4 8596.49 8351.56 8191.3 7998.32 7888.47 7852.39 7832.12 7813.16 7800.58 7794.68 7790.24 7807.13 7845.48 7862.97 7863.19 7833.32 7750.04 7578.62 7387.72 7297.6 7365.32 7441.86 7537.15 7642.08 7719.28 7787.29 7834.46 7851.26 7842.74 7831.13 7840.82 7853.19 7874.47 7896.1 7907.77
9671.91 9674.12 9664.6 9670.87 9696.87 9737.7 9783.88 9784.18 9773.33 9781.31 9808.73 9824.48 9837.52 9853.43 9879.96 9908.64 9928.57 9937.55 9937.94 9938.22 10005.8 10125.4 10360.2 10597.7 10474.2 10182.3 9858.58 9560.18 9338.54 9135.08 9022.07 8848.78 8666.19 8465.22 8172.53 7996.73 7905.47 7867.86 7842.43 7822.22 7807.02 7778.48 7780.87 7805.68 7833.09 7840.41 7829.4 7827.46 7821.24 7776.21 7641.54 7561.92 7548.9 7588.41 7653.71 7723.88 7756.82 7787.22 7830.76 7863.2 7849.12 7844.18 7846.68 7851.96 7871.16 7867.81 7887.63
9684.48 9685.38 9702.69 9699.32 9689.75 9717.9 9731.45 9754.61 9755.77 9762.78 9790.39 9803.83 9832.72 9863.87 9891.82 9922.5 9956.5 9993.13 10012.7 10017.4 10077.7 10172.6 10322.2 10482.5 10393.4 10169.4 9899.52 9625.35 9302.91 9125.23 8974.72 8890.77 8728.73 8543.46 8200.32 8014.54 7917.84 7886.79 7859.26 7836.46 7819.92 7794.51 7793.2 7796.56 7805.22 7819.15 7826.91 7823.45 7820.93 7803.82 7725.98 7712.34 7684.2 7690.11 7725.34 7773.4 7791.14 7807.62 7824.47 7841.82 7842.18 7846.43 7849.42 7846.54 7861.03 7885.78 7907.35
9697.87 9694.71 9686.78 9692.48 9694.53 9716.29 9737.63 9747.33 9746.62 9758.15 9772.13 9775.45 9819.15 9852.46 9882.66 9917.37 9963.72 10014.8 10060.9 10107.5 10178.8 10260.2 10296.8 10384.2 10323 10147.8 9916.64 9623.82 9343.08 9206.45 9164.58 8986.23 8792.42 8499.42 8258.27 8030.41 7927.22 7908.69 7877.53 7849.88 7831.41 7824.51 7814.11 7789.48 7783.16 7792.77 7788.6 7791.26 7794.46 7799.84 7773.96 7738.81 7736.22 7738.76 7754.06 7772.82 7786.4 7799.76 7812.82 7822.79 7831.41 7839.28 7845.15 7843.34 7849.22 7882.16 7910.61
9704.86 9701.81 9698.25 9683.78 9710.81 9722.82 9727.11 9721.27 9727.08 9752.53 9778.65 9800.44 9825.42 9843.04 9865.56 9889.6 9936.4 10011.7 10073.3 10133.9 10178.1 10210.6 10263.6 10337.7 10289.2 10158.1 9950.3 9719.41 9401.81 9310.77 9198.4 9065.98 8901.24 8695.36 8234.7 8038.36 7952.52 7921.95 7887.88 7858.07 7835.96 7828.63 7805.41 7767.44 7764.54 7781.35 7787.03 7777.18 7786.11 7791.66 7786.94 7767.16 7753.22 7752.06 7756.59 7765.03 7772.34 7785.11 7799.79 7815.56 7822.89 7832.66 7842.77 7838.13 7847.04 7878.86 7909.6
9704.3 9701.27 9700.4 9704.15 9727.85 9737.01 9736.1 9743.36 9744.3 9772.96 9802.07 9817.76 9826.47 9844.7 9843.16 9859.85 9879.42 9917.73 10019.4 10117.8 10157.5 10187.6 10301 10380 10356.8 10218.2 10002.1 9768.61 9454.67 9375.91 9240.68 9101.59 8966.51 8803.11 8281.32 8125.79 8001.95 7932.53 7905.65 7877.12 7850.38 7826.75 7807.11 7764.49 7768.27 7777.18 7776.69 7762.93 7777 7784.65 7779.64 7769.43 7754.83 7749.92 7749.25 7750.75 7759 7772.29 7785.73 7796.28 7809.31 7826.52 7841.83 7860.42 7868.05 7870.43 7922.67
