real_craters/C191-300m.grd
DSAA
597 597
-89.4075 89.4075
-89.4075 89.4075
7965.9311976857 10594.963552088
[rows 60 to 89 of 597, columns 402 to 468 of 597]
9294.13 9293.9 9293.49 9292.66 9291 9287.98 9284.03 9287.15 9292.48 9291.8 9290.55 9289.12 9288.41 9288.16 9288.29 9288.69 9289.29 9290.03 9298 9299.41 9296.06 9297.09 9297.38 9298.33 9299.13 9302.33 9302.75 9302.57 9302.02 9301.86 9302.39 9301.19 9299.32 9298.12 9297.13 9297.1 9298.67 9303.24 9310.33 9317.6 9307.07 9292.13 9293.9 9304.06 9306.08 9301.54 9300.6 9307.19 9316.47 9323.69 9328.92 9329.86 9325.98 9318.68 9314.37 9311.39 9313.92 9322.52 9321.62 9318.29 9314.82 9311 9307.29 9303.3 9298.31 9288.35 9284.51
9294.7 9295.07 9295.52 9295.93 9295.81 9294.54 9290.66 9295.55 9299.49 9296.16 9293.58 9291.7 9290.79 9290.32 9290.26 9290.51 9290.98 9291.6 9292.33 9293.21 9294.05 9293.28 9294.12 9297.69 9299.9 9303.42 9303.9 9303.64 9303.37 9303.5 9303.17 9303.24 9302.15 9301.69 9301.57 9302.26 9303.65 9304.75 9305.1 9299.63 9293.17 9287.93 9290.21 9298.35 9301.39 9299.85 9302.74 9311.02 9322.17 9331.35 9336.13 9332.66 9323.94 9315.19 9311.7 9310.7 9313.94 9320.78 9321.32 9318.38 9314.87 9310.98 9307.15 9304.27 9301.55 9293.35 9286.47
9293.4 9295.17 9296.93 9298.81 9301.09 9303.92 9306.69 9307.1 9302.5 9298.01 9295.31 9293.61 9292.68 9292.3 9292.3 9292.58 9293.06 9293.66 9294.36 9292.82 9293.48 9295.74 9295.84 9299.02 9298.21 9299.29 9300.21 9301.92 9304.73 9305.44 9304.94 9305.52 9304.8 9304.84 9305.17 9305.71 9306.92 9307.49 9305.12 9295.48 9291.46 9295.65 9296.81 9297.61 9298.86 9299.47 9304.86 9314.42 9328.65 9344.62 9346.05 9337.82 9327.82 9314.28 9311.36 9309.81 9311.53 9319.2 9319.19 9316.98 9313.88 9309.75 9306.06 9302.81 9300.9 9294.13 9285.85
9291.68 9294.59 9297.53 9300.78 9304.64 9310.02 9317.7 9305.89 9299.23 9296.46 9294.69 9293.63 9293.06 9292.9 9293.15 9293.56 9294.13 9294.81 9295.58 9296.39 9296.2 9296.99 9299.64 9298.98 9299.97 9299.75 9301.1 9303.19 9306.7 9310.29 9310.71 9308.28 9307.03 9307.17 9308.01 9309.17 9310.96 9313.31 9313.75 9313.73 9313.07 9306.73 9300.55 9297.61 9298.48 9300.92 9306 9315.24 9329.96 9343.3 9345.19 9339.15 9332.19 9320.09 9313.68 9310.28 9310.17 9314.92 9316.39 9314.94 9312.32 9308.41 9304.3 9299.04 9292.03 9284.67 9282.04
9289.71 9293.26 9296.85 9300.35 9304.09 9307.74 9309.16 9297.74 9294.64 9294.13 9294 9293.99 9294.2 9294.6 9294.8 9295.38 9296.06 9296.8 9297.58 9298.37 9301.13 9301.94 9303.31 9300.62 9301.21 9302.42 9303.56 9304.69 9306.3 9309.72 9310.51 9308.89 9308.16 9308.63 9310.5 9312.26 9314.46 9318.25 9322.49 9330.2 9334.48 9313.23 9297.91 9298.21 9299.69 9304.25 9310.46 9318.75 9329.76 9337.33 9340.01 9337.71 9329.99 9323.66 9316.78 9311.82 9309.93 9314.69 9314.35 9313.03 9310.91 9307.68 9303.66 9297.78 9289.63 9284.54 9284.03
9287.69 9292.1 9295.98 9299.26 9301.56 9302.1 9298.82 9291.89 9291.1 9292 9292.87 9293.67 9294.46 9295.29 9295.87 9296.73 9297.64 9298.56 9299.48 9300.39 9301.25 9304.75 9302.01 9303.95 9303.58 9305.15 9304.97 9304.46 9303.79 9303.7 9305.98 9307.79 9309.15 9310.98 9312.97 9315.61 9317.61 9320.3 9323.49 9328.32 9329.75 9310.7 9294.67 9289.75 9302.07 9310.11 9316.7 9324.09 9330.33 9337.62 9341.96 9338.58 9332.3 9325.52 9319.54 9314.58 9311.14 9313.1 9312.76 9311.76 9310.23 9307.98 9305.17 9301.57 9296.3 9291.51 9289.54
9286.74 9291.25 9295.07 9297.68 9299.21 9298.25 9293.77 9289.77 9289.68 9290.89 9292.23 9293.44 9294.58 9295.68 9296.87 9297.96 9299.04 9300.11 9301.15 9302.15 9303.09 9303.14 9303.86 9302.86 9305.71 9305.36 9304.81 9304.32 9302.08 9299.02 9303 9306.97 9309.94 9312.37 9314.55 9316.26 9317.35 9318.47 9319.07 9316.83 9306.2 9304.63 9301.4 9306.15 9311.42 9317.45 9320.48 9322.64 9327.21 9334.86 9340.32 9337.34 9332.69 9327.1 9322.77 9318.77 9314.69 9312.57 9311.61 9311.12 9310.27 9308.98 9307.51 9306.71 9306.8 9299.26 9293.38
9287.24 9291.35 9294.72 9297.31 9298.56 9297.81 9294.69 9290.74 9289.72 9290.67 9291.95 9293.27 9294.58 9295.87 9296.81 9298.06 9299.31 9300.55 9301.78 9302.98 9304.12 9305.18 9302.76 9304.91 9306.3 9306.48 9306 9305.4 9303.17 9302.11 9304.06 9307.46 9310.07 9312.17 9313.63 9314.82 9315.15 9315.5 9314.43 9311.34 9306.8 9305.72 9308.59 9316.06 9320.8 9327.69 9322.09 9316.22 9320.69 9328.88 9333.74 9333.2 9330.29 9328.41 9326.87 9324.75 9319.86 9312.78 9311.98 9311.77 9311.16 9310.16 9308.86 9307.53 9301.69 9298.04 9297.45
9288.79 9292.38 9295.58 9298.11 9299.57 9298.92 9294.66 9291.29 9290.04 9290.55 9291.45 9292.6 9293.88 9295.23 9296.01 9297.41 9298.83 9300.27 9301.72 9303.15 9304.55 9305.9 9305.39 9309.68 9309.08 9309.59 9309.73 9308.54 9306.73 9304.65 9307.63 9309.88 9311.88 9313.36 9314.28 9314.96 9315.16 9314.77 9313.42 9311.34 9309.79 9308.05 9309.85 9318.69 9321.97 9324.41 9318.07 9310.96 9315.55 9325.48 9331.98 9331.78 9328.48 9330.29 9331.96 9332.86 9328.51 9317.69 9314.75 9313.92 9313.05 9311.64 9309.23 9305.82 9299.72 9295.88 9292.69
9290.85 9294.47 9297.66 9300.12 9301.65 9301.52 9297.09 9292.22 9290.55 9290.32 9290.55 9291.23 9292.22 9293.44 9294.84 9294.82 9296.52 9298.32 9300.19 9302.1 9304.03 9305.94 9307.81 9310.37 9312.12 9313.42 9314.36 9314.89 9313.92 9313.12 9313.95 9314.67 9315.49 9316.01 9316.22 9315.66 9315.75 9314.88 9313.95 9312.05 9308.67 9307.83 9308.78 9316.35 9318.03 9314.55 9310.95 9309.38 9314.65 9325.58 9336.02 9336.6 9332.02 9333.78 9336.82 9340.92 9343.7 9324.63 9319.4 9317.58 9315.96 9314.09 9310.99 9305.14 9299.48 9295.89 9290.66
9292.61 9296.33 9299.4 9301.74 9303.22 9303.44 9298.81 9293.96 9291.49 9290.63 9290.29 9290.66 9291.5 9292.7 9294.16 9295.67 9297.5 9299.44 9301.45 9303.53 9305.63 9307.75 9309.89 9312.65 9314.75 9316.86 9318.95 9321.23 9323.01 9323.08 9320.84 9319.31 9318.82 9318.37 9317.84 9317.86 9316.94 9315.75 9314.16 9313.37 9313.14 9314.51 9318.34 9318.48 9316.5 9312.81 9310.28 9310.1 9314.04 9324.59 9337.79 9340.88 9337.45 9336.39 9339.15 9343.29 9343.97 9330.12 9324.74 9322.04 9319.85 9317.66 9315.47 9312.48 9306.34 9300.6 9294.37
9295.27 9298.77 9301.33 9303.11 9303.87 9303.03 9299.49 9295.41 9292.69 9291.58 9291.04 9291.36 9292.21 9293.48 9295.04 9297.67 9299.55 9301.55 9303.63 9305.78 9307.99 9310.24 9312.54 9315.46 9318.43 9320.53 9323.49 9326.73 9329.08 9328.99 9326.6 9323.9 9322.08 9320.84 9319.64 9318.46 9317.4 9316.49 9314.86 9315.06 9314.98 9316.11 9320.49 9319.1 9316.97 9316.63 9315.58 9310.24 9310.56 9320.76 9329.59 9332.88 9331.54 9334.78 9338.85 9341.9 9341.01 9334.54 9329.68 9326.63 9324.06 9321.89 9320.53 9320.42 9316.53 9307.07 9299.17
9298.71 9301.55 9303.36 9304.09 9303.78 9303.22 9300.1 9296.13 9293.25 9292.02 9291.56 9291.85 9292.69 9293.97 9295.56 9298.05 9300.03 9302.16 9304.39 9306.7 9309.1 9311.55 9314.09 9316.72 9319.64 9323.15 9326.65 9330.73 9334.28 9333.68 9330.52 9327.49 9325.05 9323.26 9321.92 9319.98 9318.98 9318.16 9317.38 9317.24 9315.53 9315.24 9321.64 9317.32 9316.49 9317.16 9316.9 9314.87 9315.57 9319.66 9320.97 9321.68 9325.57 9332.12 9337.35 9340.72 9340.97 9337.23 9334.39 9331.39 9328.19 9325.07 9322.82 9320.64 9317.93 9310.84 9304.04
9302.46 9304.32 9305.32 9305.08 9302.89 9298.7 9298.16 9295.18 9292.63 9291.46 9291.09 9291.45 9292.37 9293.72 9295.39 9297.92 9300.05 9302.33 9304.74 9307.24 9309.83 9312.49 9315.2 9317.99 9321.13 9324.15 9327.27 9331.82 9336.78 9335.47 9332.2 9329.51 9327.29 9325.67 9324.48 9322.99 9322.05 9321.1 9320.29 9319.97 9318.16 9316.32 9320.07 9317.06 9316.29 9316.25 9315.29 9319.9 9325.42 9321.45 9317.26 9315.01 9324.43 9332.08 9337.95 9341.2 9342.68 9343.04 9340.43 9335.87 9331.07 9326.83 9323.96 9322.12 9317.66 9311.12 9306.07
9306.2 9306.7 9307.04 9306.75 9304.56 9298.98 9296.21 9292.96 9290.82 9290.04 9290.03 9290.69 9291.87 9293.43 9295.3 9297.21 9299.51 9301.96 9304.54 9307.24 9310.02 9312.86 9315.73 9318.6 9321.25 9324 9326.84 9329.44 9330.86 9331.92 9330.58 9328.65 9327.57 9326.12 9325.13 9324.07 9324.11 9322.99 9322.21 9322.69 9323.4 9326.24 9325.34 9319.78 9318.74 9319.08 9320.55 9322.28 9323.7 9323.01 9320.69 9321.46 9328.8 9335.85 9341.71 9344.85 9346.93 9348.73 9345.67 9338.83 9332.42 9326.79 9322.3 9320.39 9315.34 9306.72 9299.54
9308.55 9307.82 9307.9 9308.5 9309.02 9304.64 9293.58 9289.81 9288.2 9287.69 9288.09 9289.08 9290.52 9292.32 9294.39 9296.64 9299.1 9301.73 9304.48 9307.34 9310.28 9313.26 9316.25 9319.16 9321.51 9324.19 9326.17 9326.76 9326.74 9328.24 9328.8 9328.45 9327.49 9326.92 9325.88 9325.02 9325.47 9325.71 9324.48 9324.78 9326.05 9326.85 9325.58 9325.04 9324.02 9323.03 9322.91 9324.09 9325.5 9327.46 9328.24 9330.15 9335.52 9342.37 9348.61 9353.04 9353.66 9351.58 9346.51 9339.24 9332.15 9325.46 9319.41 9317.26 9310.17 9299.11 9288.85
9307.4 9306.56 9306.39 9306.96 9308.54 9301.65 9288.4 9286 9285.47 9285.76 9286.79 9288.24 9290.03 9292.08 9294.36 9296.81 9299.28 9302.02 9304.88 9307.84 9310.87 9313.94 9316.99 9320.37 9323.04 9324.71 9326.06 9325.99 9323.8 9327.19 9328.62 9328.95 9328.53 9327.8 9327.83 9326.73 9326.24 9325.41 9325.48 9326.66 9326.99 9325.63 9327.96 9330.2 9329.39 9326.15 9324.29 9326.59 9331.26 9334.2 9336.43 9336.88 9342.17 9349.71 9356.83 9362.16 9360.25 9353.93 9345.34 9338.72 9330.65 9323.41 9317.39 9313.24 9303.39 9292.7 9283.33
9302.89 9302.8 9302.19 9300.85 9298.02 9289.05 9282.68 9282.35 9282.88 9283.94 9285.57 9287.49 9289.64 9291.97 9294.44 9297.05 9299.53 9302.35 9305.27 9308.29 9311.38 9314.51 9317.64 9320.71 9323.06 9325.67 9328.12 9329.59 9329.84 9329.92 9329.97 9329.04 9328.31 9327.4 9326.1 9325.31 9324.85 9324.85 9325.69 9327.21 9328.17 9328.33 9330.04 9331.18 9329.95 9327.85 9327.96 9330.61 9334.66 9338.22 9341.59 9344.16 9349.01 9356.97 9364.58 9369.44 9365.88 9358.28 9350.29 9338.36 9328.63 9320.13 9312.73 9302.77 9296.95 9289.74 9284.1
9297.84 9298.54 9297.51 9294.2 9287.4 9282.57 9279.79 9279.39 9280.4 9281.94 9283.93 9286.13 9288.48 9290.97 9293.59 9296.32 9299.12 9302.04 9305.06 9308.17 9311.35 9314.6 9317.87 9321.14 9323.91 9327.31 9330.53 9334.04 9335.66 9332.96 9331.06 9329.87 9328.61 9327.45 9326.38 9325.49 9324.86 9324.84 9325.32 9326.65 9329.94 9335.3 9334.31 9329.62 9327.34 9327.77 9330.78 9334.26 9336.5 9340.92 9346.59 9352.16 9355.45 9364.53 9372.61 9375.79 9371.4 9361.3 9347.03 9336.82 9326.16 9316.38 9307.29 9298.44 9295.81 9292.06 9289.73
9294.85 9295.53 9294.46 9290.87 9283.92 9276.76 9276.1 9277.16 9278.71 9280.45 9282.72 9285.08 9287.57 9290.18 9292.89 9295.69 9298.34 9301.33 9304.42 9307.6 9310.86 9314.21 9317.62 9320.06 9323.66 9327.71 9331.63 9334.33 9335.13 9334.02 9331.45 9329.22 9327.53 9326.06 9324.73 9323.69 9322.99 9324.22 9325.23 9325.77 9328.13 9334.14 9329.54 9327.46 9323.94 9327.55 9331.19 9334.49 9341.61 9349.17 9358.38 9357.63 9359.61 9373.84 9384.63 9385.14 9379.84 9366.32 9350.97 9336.05 9323.94 9313.67 9305.25 9302.1 9300.28 9299.72 9299.85
9293.36 9293.73 9293.2 9290.91 9285.13 9275.68 9274.81 9276.2 9277.75 9279.39 9281.6 9284 9286.56 9289.23 9292.01 9294.88 9298.06 9301.07 9304.17 9307.34 9310.61 9313.95 9317.39 9320.37 9323.99 9327.86 9331.53 9336.01 9336 9333.73 9331.13 9329.16 9327.38 9325.8 9324.35 9322.38 9321.49 9321.81 9321.63 9322.23 9323.3 9327.93 9334.58 9331.7 9327.93 9332.23 9336.94 9342.65 9352.8 9362.55 9374.23 9363.11 9366.09 9387.57 9405.2 9406.8 9392.71 9371.39 9349.83 9333.08 9322.28 9313.52 9306.89 9306.46 9306.84 9308.17 9308.32
9291.74 9292.1 9292.71 9292.87 9289.6 9279.12 9276.02 9276.25 9277.32 9278.96 9281.05 9283.4 9285.93 9288.6 9291.37 9294.23 9296.89 9299.93 9303.06 9306.26 9309.55 9312.92 9316.39 9319.83 9323.46 9326.89 9330.05 9330.66 9332.53 9331.95 9329.44 9327.37 9325.4 9323.63 9321.87 9320.85 9319.8 9319.51 9319.14 9319.38 9320.57 9329.07 9340.22 9340.22 9339.47 9342.66 9347.69 9355.53 9366.76 9380.21 9378.45 9370.91 9379.19 9402.65 9428.54 9431.84 9403.78 9373.98 9345.66 9328.53 9322.48 9317.32 9312.66 9312.27 9313.85 9315.9 9316.08
9289.6 9289.57 9290.82 9293.19 9293.34 9282.36 9278.15 9277.1 9278.1 9278.7 9280.62 9282.88 9285.36 9288 9290.74 9293.57 9296.38 9299.37 9302.41 9305.53 9308.71 9311.97 9315.31 9318.47 9322.04 9325.12 9329.26 9332.2 9330.99 9329.86 9327.2 9325.02 9323 9321.16 9319.56 9318.88 9318.64 9317.92 9318.02 9318.12 9319.22 9328.16 9339.51 9345.21 9350.25 9352.71 9356.24 9364.54 9375.03 9383.43 9387.26 9379.07 9387.52 9397.52 9429.77 9433.26 9401.61 9372.01 9344.84 9328.82 9326.93 9324.64 9321.02 9319.21 9320.92 9323.74 9324.41
9285.29 9285.11 9286.08 9287.74 9288.05 9281.71 9278.86 9278.27 9278.69 9279.34 9281.25 9283.5 9285.96 9288.54 9291.21 9293.93 9296.71 9299.74 9302.55 9305.4 9308.3 9311.25 9314.25 9317.16 9320.28 9323.79 9327.76 9329.77 9329.5 9327.36 9324.45 9322.27 9320.22 9318.42 9316.86 9316.97 9316.08 9315.86 9316.09 9317.71 9321.98 9329.74 9338.67 9345.19 9350.97 9354.28 9358.1 9365.86 9378.39 9390.83 9390.7 9364.54 9341.63 9352.66 9386.19 9395.69 9381.31 9364.61 9348.87 9338.38 9336.48 9333.55 9327.92 9324.61 9326.49 9329.67 9330.1
9279.26 9279.57 9279.64 9279.4 9280.09 9280.16 9278.38 9278.28 9279.07 9280.58 9282.09 9284.25 9286.56 9288.97 9291.44 9293.95 9296.5 9300.92 9303.37 9305.83 9308.29 9310.77 9313.23 9314.7 9317.17 9320.06 9324.77 9330.73 9325.87 9322.67 9320.64 9318.71 9317.6 9316.72 9315.39 9314.31 9314.14 9314.22 9314.58 9315.66 9320.19 9328.63 9335.21 9339.89 9342.98 9347.34 9354.03 9362.81 9377.43 9387.97 9372.77 9333.06 9291.71 9291.23 9315.29 9340.63 9352.07 9354.08 9353.57 9354.13 9347.38 9342.22 9328.56 9328.67 9330.35 9331.33 9331.02
9275.45 9274.97 9273.81 9272.3 9273.25 9274.84 9276.16 9278.39 9280.03 9282.53 9284.69 9286.49 9288.7 9290.91 9293.12 9295.34 9297.55 9299.69 9301.91 9304.14 9306.37 9308.58 9310.74 9312.85 9314.52 9315.55 9314.02 9312.71 9318.29 9317.67 9316.54 9315.01 9313.37 9313.36 9312.13 9311.21 9311.54 9311.46 9311.96 9312.81 9313.91 9320.98 9326 9328.72 9333.54 9339.41 9347.6 9357.89 9375.22 9391.47 9354.03 9310.29 9259.5 9246.99 9267.42 9302.97 9329.36 9343.95 9352.71 9357.68 9352.9 9347.87 9341.93 9335.22 9333.77 9332.83 9329.52
9273.99 9272.47 9270.4 9267.17 9265.48 9270.1 9274.21 9277.45 9280.31 9282.57 9284.62 9286.13 9288.08 9290.03 9291.99 9293.96 9295.95 9298.39 9300.37 9302.35 9304.32 9306.26 9308.15 9310.49 9311.88 9313.22 9313.62 9313.22 9314.11 9313.82 9313.09 9312.01 9310.75 9309.98 9309.55 9308.79 9308.41 9308.65 9309.89 9312.38 9317.51 9320.53 9319.86 9320.79 9325.5 9331.96 9340.35 9350.44 9368.28 9391.65 9360.61 9313.88 9260.13 9239.2 9258.95 9294.91 9321.71 9338.73 9349.17 9356.65 9351.12 9345.32 9343.44 9336.49 9332.81 9330.35 9325.3
9272.92 9272.53 9270.8 9266.68 9265.24 9270.49 9275.18 9278.54 9280.79 9283.13 9285 9286.52 9288.75 9290.48 9292.19 9293.91 9295.63 9297.64 9299.32 9301 9302.66 9304.3 9305.9 9307.48 9309.45 9311.36 9313.85 9314.45 9312.48 9310.82 9309.99 9309.06 9307.95 9306.88 9306.99 9306.07 9305.65 9306.04 9306.73 9309.87 9317.14 9318.93 9315.36 9313.14 9319.22 9326.73 9333.46 9341.84 9356.32 9378.92 9376.21 9334.81 9283.93 9263.23 9289.71 9314.95 9330.22 9339.79 9345.22 9345.29 9344.88 9341.55 9338.14 9332.56 9325.84 9321.31 9318.45
9275.54 9276.11 9275.87 9274.18 9272.94 9275.99 9279.21 9281.95 9282.94 9284.73 9286.36 9287.92 9289.96 9291.46 9293.68 9295.09 9296.48 9297.85 9298.93 9300.26 9301.57 9302.83 9304.61 9305.77 9307.15 9308.6 9310.39 9310.62 9309.54 9307.82 9306.94 9306.67 9305.89 9305.1 9304.1 9303.52 9302.94 9302.41 9303.02 9304.41 9310.57 9313.71 9312.07 9311.35 9315.24 9320.62 9326.79 9333.65 9343.2 9357.95 9387.01 9357.76 9327.73 9322.71 9358.05 9349.19 9345.81 9345.76 9345.52 9344.28 9344.51 9344.29 9338.07 9329.07 9319.26 9313.67 9312.32
9282.12 9281.33 9282.58 9286.03 9284.7 9283.91 9284.66 9286 9287.36 9288.15 9289.56 9290.58 9292.71 9293.95 9295.12 9296.44 9297.49 9298.51 9299.24 9300.16 9301.04 9301.86 9303.75 9304.28 9304.37 9305.09 9305.9 9306.19 9306.01 9304.84 9304.19 9303.55 9302.82 9302.01 9301.22 9300.39 9299.67 9299.79 9299.22 9298.87 9303.54 9309.2 9310.17 9309.64 9313.3 9317.6 9322.1 9326.78 9331.54 9337.62 9366.12 9366.95 9368.36 9392.56 9389.51 9369.28 9357.04 9350.33 9347.12 9346 9346.64 9347.03 9337.38 9326.92 9318.13 9312.05 9308.81
