real_craters/C191-1000m.grd
DSAA
103 103
-51.09 51.09
-51.09 51.09
7155.5469303435 10760.270115828
[rows 0 to 29 of 103, columns 0 to 66 of 103]
9625.32 9628.72 9627.56 9625.24 9629.66 9633.61 9638.23 9640.29 9638.94 9639.66 9639.32 9633.82 9648.85 9656.37 9662.73 9668.76 9675.31 9707.57 9699.3 9708.65 9722.66 9730.63 9725.1 9714.75 9708.24 9695.9 9685.42 9675.02 9688.76 9710.67 9719.91 9715.72 9708.02 9695.42 9689.84 9700.37 9775.51 9774.78 9740.74 9712.37 9725.81 9738.58 9738.83 9742.71 9747.08 9759.84 9746.68 9744.67 9717.87 9681.96 9665.62 9663.82 9654.45 9663.41 9704.56 9739.78 9662.93 9693.88 9722.84 9732.42 9716.35 9678.64 9630.78 9615.35 9618 9610.17 9642.77
9624.03 9631.73 9626.23 9627.94 9630.27 9633.97 9634.72 9633.79 9631.4 9633.17 9637.87 9638.28 9645.81 9657.97 9668.66 9682.03 9704.61 9711.75 9709.64 9713.01 9723.33 9724.3 9710.66 9699.9 9701.09 9696.64 9687.17 9692.79 9722.76 9738.4 9727.74 9714.56 9698.9 9680.38 9681.55 9702.46 9770.94 9770.49 9755.04 9729.9 9737.82 9737.4 9728.63 9727.18 9721.65 9735.19 9754.6 9758.81 9713.72 9689.26 9655.77 9636.3 9649.96 9651.26 9668.52 9670.94 9672.72 9692.87 9721.62 9722.4 9714.41 9678.25 9647.28 9620.77 9610.08 9606.78 9638.03
9634.95 9632.52 9634.91 9635.54 9633.57 9633.85 9633.74 9629.24 9622.51 9613.23 9616.65 9638.62 9657.88 9672.92 9675.6 9686.21 9702.6 9710.09 9714.46 9722.85 9735.12 9744.23 9738.11 9709.59 9709.36 9707.03 9694.06 9703.53 9742.59 9751.5 9726.21 9706.15 9689.7 9679.17 9683.85 9714.12 9767.21 9787.01 9782.67 9778.17 9754.53 9739.19 9731.93 9724.36 9721.9 9747.06 9751.48 9757.58 9731.53 9700.15 9672.33 9653.66 9659.03 9648.03 9619.86 9605.94 9648.15 9688.57 9704.29 9713.6 9693.12 9671.96 9631.77 9606.93 9607.03 9610.82 9641.4
9626.5 9631.04 9636.57 9638.46 9634.03 9632.17 9629.36 9627.11 9621 9609.8 9596.71 9618.87 9658.81 9677.24 9676.37 9676.35 9678.81 9694.5 9710.08 9730.15 9744.71 9756.43 9738.85 9700.85 9704.87 9705.72 9696.09 9709.39 9739.71 9733.67 9716.02 9700.67 9687.03 9679.72 9686.61 9721.63 9765.21 9788.27 9800.75 9804.66 9779.22 9762.91 9741.02 9732.19 9739.03 9752.45 9748.64 9728.32 9725.95 9709.64 9697.15 9676.71 9647.77 9648.93 9613.01 9559.8 9606.66 9683.64 9698.88 9717.16 9695.1 9681.57 9632.03 9640.9 9613.02 9624.25 9672.25
9629.62 9635.91 9638.64 9629.97 9631.16 9636.96 9636.11 9632.59 9632.51 9635.89 9640.46 9652.52 9678.82 9699.87 9678.3 9665.28 9660.07 9689.59 9727.34 9739.07 9747.44 9749.49 9733.53 9701.78 9712.83 9706.12 9693.14 9693.96 9705.85 9693.83 9696.83 9688.59 9680.81 9679.08 9691.78 9735.75 9779.39 9797.28 9804.36 9806.43 9785.47 9729.82 9738.94 9742.44 9750.69 9763.33 9766.06 9751.97 9727.87 9715.01 9704.91 9685.74 9657.67 9660.12 9656.35 9631.63 9605.68 9652.99 9717.17 9747.07 9768.18 9727.43 9677.36 9670.59 9615.67 9686.09 9764.12
9646.7 9635.25 9631.12 9622.39 9626.68 9631.45 9636.32 9638.47 9642.76 9650.9 9681.25 9680.33 9681.21 9684.65 9671.98 9659.47 9661.94 9699.69 9737.89 9746.7 9748.66 9744.79 9743.24 9755.77 9732.24 9701.25 9689.54 9686.33 9687.6 9694.91 9683.74 9677.72 9671.82 9676.9 9705.81 9742.18 9805.23 9809.82 9807.39 9809.01 9792.02 9766.99 9762.73 9764.71 9778.72 9780.28 9789.94 9795.61 9760.17 9739.32 9722.21 9708.31 9679.08 9663.16 9675.67 9667.65 9681.6 9701.37 9751.57 9779.39 9770.06 9749.09 9725.17 9737.95 9745.62 9724.46 9748.23
9627.37 9623.68 9621.41 9619.43 9627 9633.42 9637.39 9640.8 9644.18 9660.17 9661.29 9670.79 9669.41 9665.34 9661.7 9656.86 9670.77 9728.75 9740.23 9742.77 9743.15 9740.14 9728.34 9705.17 9676.64 9685.73 9684.82 9680.11 9679.64 9677.42 9675.87 9673.66 9667.65 9660.55 9649.63 9745.26 9818.94 9809.14 9811.22 9813.35 9802.91 9806.82 9792.8 9789.51 9774.03 9783.39 9795.3 9800.28 9785.94 9773.44 9749.08 9759.61 9733.49 9670.81 9668.78 9664.91 9725.4 9742.11 9749.51 9743.72 9751.37 9759.29 9778.79 9780.22 9779.28 9699.93 9683.84
9617.24 9620.23 9626.2 9628.85 9635.1 9640.42 9642.31 9641.56 9642.15 9648.65 9646.61 9656.27 9656.65 9649.83 9655.88 9665.13 9685.72 9716.05 9740.27 9744.83 9740.21 9733.81 9723.79 9699.31 9689.5 9691.73 9686.25 9677.14 9671.72 9663.42 9669.48 9671.77 9669.21 9667.02 9662.97 9734.84 9811.02 9840.73 9810.37 9797.26 9811.43 9794.43 9799.41 9820.64 9807.56 9789.08 9782.33 9773.79 9763.26 9759.42 9778.25 9807.78 9824.74 9699.43 9672.48 9686.47 9762.85 9764.23 9752.51 9748.2 9777.23 9806.49 9866.48 9949.17 9843.48 9640.48 9640.67
9622.68 9628.2 9629.77 9632.11 9643.06 9652.78 9646.54 9641.93 9639.27 9637.11 9643.62 9654.02 9660.39 9665.85 9667.89 9673.27 9693.79 9730.08 9745.69 9740.98 9736.92 9729.83 9716.35 9712.35 9715.08 9703.53 9693.93 9678.74 9660.85 9661.71 9667.85 9676.14 9680.5 9694.36 9731.46 9782.12 9807.56 9814.16 9796.62 9771.89 9784.82 9775.7 9786.97 9817.83 9805.78 9788.07 9776.18 9762.59 9744.46 9742.29 9776.82 9797.4 9781.88 9731.52 9686.52 9691.22 9721.87 9764.29 9801.15 9841.37 9824.73 9836.06 9881.26 9904.72 9854.72 9707.79 9658
9621.62 9621.52 9627.92 9634.64 9644.44 9649.33 9645.86 9639.83 9637.83 9646.67 9657.59 9662.46 9671.2 9681.25 9678.24 9673.79 9683.49 9708.88 9743.05 9738.76 9735.41 9728.36 9715.93 9702.6 9702.31 9704.74 9699.26 9686.06 9654.63 9662.09 9669.67 9678.98 9693.47 9709.06 9744.45 9796.29 9842.96 9817.91 9803.68 9795.13 9816.47 9782.85 9801 9794.88 9803.4 9781.93 9753.38 9749.03 9744.32 9734.84 9732.23 9774.21 9787.11 9758.08 9762.63 9713.06 9715.83 9754.95 9803.05 9839.93 9829.32 9817.52 9866.07 9890.65 9896.39 9826.41 9811.46
9625.92 9634.87 9637.72 9643.49 9651.63 9649.53 9643.39 9636.18 9629.18 9634.4 9652.5 9669.41 9682.47 9686.52 9689.28 9701.85 9711.66 9732.29 9727.93 9730.6 9735.39 9738.73 9740.24 9731.39 9712.75 9713.31 9706.17 9689.09 9673.68 9668.5 9673.39 9685.13 9697.54 9710.52 9726.5 9751.03 9828.38 9838.81 9832.5 9829.48 9848.83 9881.54 9866.68 9829.91 9804.25 9774.96 9791.73 9770.75 9763.65 9748.4 9744.62 9709.33 9709.63 9729.19 9758.8 9777.44 9778.64 9771.29 9800.81 9816.21 9835.05 9861.84 9878.94 9874.15 9887.87 9871.78 9871.03
9645.5 9660.36 9649.07 9661.11 9661.76 9651.43 9643.22 9635.6 9629.97 9637.83 9655.9 9677.18 9699.63 9720.5 9732.09 9752.73 9757.02 9733.84 9715.47 9727.02 9736.09 9746.04 9756.39 9760.16 9749.45 9729.31 9718.2 9705.71 9691.79 9678.68 9679.51 9691.76 9700.1 9707.03 9714.11 9738.14 9795.14 9841.27 9863.65 9873.61 9891.63 9872.04 9898.37 9908.81 9840.76 9797.21 9760.88 9780.25 9803.37 9840.02 9793.62 9728.99 9709 9733.38 9728.29 9779.26 9804.6 9806.48 9810.61 9815.9 9834.53 9848.66 9856.85 9843.76 9855.97 9870.02 9857.26
9653.84 9655.06 9645.94 9654.75 9660.2 9650.75 9643.97 9637.82 9634.59 9641.24 9658.37 9684.64 9714.16 9738.45 9761.91 9783.36 9799.55 9778 9736.05 9739.96 9742.93 9751.48 9756.69 9757.52 9743.87 9731.04 9731.05 9722.04 9706.85 9700.85 9705.02 9705.77 9708.73 9715.62 9724.23 9762.94 9819.15 9881.65 9913.63 9881.97 9878.79 9908.66 9927.38 9950.58 9892.7 9832.94 9747.11 9797.01 9845.78 9871.91 9853.19 9803.88 9775.79 9742.82 9734.32 9785.71 9839.8 9842.7 9833.36 9820.12 9855.97 9893.2 9833.81 9806.66 9825.98 9859.08 9878.76
9652.52 9637.37 9640.61 9657.32 9663.45 9652.73 9647.96 9642.77 9638.92 9639.27 9659.68 9687.77 9713.51 9742.43 9772.34 9804.11 9829.64 9821.84 9789.58 9758.36 9755.48 9760.75 9760 9768.97 9724.5 9733.61 9742.27 9734.88 9719.24 9720.91 9721.58 9723.23 9718.61 9725.05 9750.83 9806.43 9867.76 9930.17 9974.37 9939.18 9907.24 9921.53 9917.36 9927.4 9887.25 9804.12 9786.54 9864.47 9909.64 9947.02 9944.34 9923.05 9887.24 9848.74 9862.46 9868.18 9847.39 9835.11 9851.06 9899.76 9918.18 9903.71 9876.05 9830.25 9813.38 9819.96 9862.16
9658.55 9659.23 9656.45 9643.14 9638.5 9648.48 9652.55 9652.86 9645.21 9645.43 9659.39 9678.57 9702.29 9728.15 9752.27 9791.17 9826.96 9818.55 9763.95 9770.67 9765.36 9761.67 9760.86 9746.82 9772.79 9753.74 9731.23 9733.77 9748.53 9752.46 9763.42 9741.92 9731.92 9727.46 9757.24 9824.2 9896.36 9926.29 9935.5 9985.2 9934.19 9873.23 9875.04 9875.13 9862.66 9864.78 10002.3 9971.23 9967.8 9979.12 10003.5 10029.2 9987.98 9938.07 9964.16 9891.92 9848.83 9811.3 9847.43 9885.04 9903.19 9896.85 9915.17 9869.1 9847.47 9817.45 9833.43
9670.44 9659.73 9658.12 9640.86 9641.75 9649.97 9660.04 9671.9 9677.28 9660.83 9667.79 9680.14 9692.67 9704.39 9724.15 9772.72 9808.48 9816.03 9817.77 9795.47 9784.57 9782.01 9784.56 9801.73 9787.01 9757.13 9745.04 9740.04 9743.73 9744.45 9741.1 9745.8 9753.24 9758.38 9772.11 9796.08 9857.16 9897.03 9934.86 9966.63 9930.56 9875.58 9912.24 9895.07 9892.43 9975.78 10070.7 10000.9 9971.66 9959.29 9977.38 9975.94 9987.75 9988.64 9974.8 9990.32 9933.79 9871.66 9859.67 9864.2 9851.11 9854.38 9898.96 9879.91 9835.65 9824.7 9856.62
9705.41 9685.44 9654.63 9646.56 9652.05 9651.04 9656.84 9675.12 9697.39 9681.24 9672.01 9675.27 9682.93 9692.12 9706.06 9746.35 9788.93 9805.57 9809.95 9802.57 9798.23 9792.12 9790.95 9802.56 9794.15 9756.8 9744.82 9745.83 9739.33 9733.56 9732.89 9748.25 9773.74 9804.22 9810.05 9794.63 9826.26 9887.36 9900 9945.74 9947.14 9909.56 9887.83 9952.52 9922.86 9886.37 9917.36 9916.53 9901.88 9891.56 9892.65 9899.78 9940.77 9952.65 10100.8 10169.2 10038.4 9927.43 9916.64 9874.69 9835.58 9853.64 9892.57 9913.22 9864.2 9859.19 9955.06
9731.96 9702.72 9669.57 9655.28 9652.76 9645.42 9644.62 9640.54 9645.28 9660.21 9662.8 9668.21 9674.39 9684.04 9695.93 9729.24 9774.69 9795.88 9799.78 9805.62 9804.65 9798.68 9801.22 9804.04 9774.39 9745.46 9761.75 9758.97 9757.97 9758.14 9751.56 9764.03 9781.36 9803.5 9879.52 9900.14 10004.3 10037.9 9979.8 9973 10005.8 10045.9 10033.1 10013.7 9958.81 9881.05 9826.61 9829.1 9821.4 9817.68 9842.07 9911.31 9951.61 9984.77 10055.3 10070.9 10095.6 10123.3 10052.5 9967.23 9887.56 9943.17 9957.19 10027.9 10134.4 10044 9995.02
9715.19 9735.87 9705 9662.72 9638.45 9640.81 9634.98 9620.56 9615.59 9632.31 9652.77 9670.04 9685.27 9692.45 9696.66 9735.19 9763.04 9783.51 9811.39 9821.67 9814.09 9803.02 9794.08 9794.62 9799.11 9796.95 9775.77 9763.79 9768.5 9776.58 9770.88 9786.04 9815.38 9872.71 9985.01 10095.9 10126.1 10096.7 10123.5 10140.3 10094.8 10140.5 10047 10022.6 9998.09 9949.09 9833.7 9794.69 9765.04 9754.78 9792.2 9875.85 9997.52 10129.1 10092.7 10042.2 10118.7 10177.2 10165.2 10116.1 10083.2 10071.7 10038.8 10123.3 10260.2 10235.9 10074.5
9695.05 9705.24 9692.83 9683.67 9638.34 9648.87 9638.53 9624.21 9610.7 9624.55 9652.66 9675.04 9692.42 9704.65 9720.76 9716.91 9724.18 9768.05 9807.84 9824.57 9819.21 9804.34 9783.06 9777.42 9774.97 9784.57 9753.18 9755.55 9754.05 9755.53 9788.47 9824.35 9848.87 9908.26 10007.8 10042.9 10134.3 10160.9 10061.6 10036.2 10023.9 9996.88 10038.1 10020.7 10000.3 9961.52 9839.37 9826.76 9799.54 9782.54 9788.83 9953.15 10031.3 10114.1 10075.9 10044.5 10152.3 10246.3 10277.4 10249.6 10224.6 10145.5 10087.8 10141.7 10220.7 10173.3 10109.3
9695.53 9685.15 9685.29 9691.76 9657.19 9661.57 9649.58 9637.33 9625.91 9638.87 9657.33 9674.62 9691.26 9713.98 9737.71 9715.95 9724.74 9765.31 9806.67 9830.44 9819.6 9804.26 9796.28 9775.29 9758.36 9751.64 9755.06 9759.67 9764.96 9772.83 9815.57 9855.72 9884.68 9960.67 10086.7 10139.5 10069.6 10021.8 9909.79 9872.07 9920.75 9932.88 9965.63 9966.05 10006.5 10008.4 9988.7 10007.6 9947.14 9931.24 9989.62 10102.5 10140.2 10175.6 10057.9 10083.6 10206.7 10310.2 10349.5 10349.4 10285.9 10164.5 10146.9 10148.1 10176.6 10152 10085.2
9690.37 9678.6 9677.37 9702.9 9679.85 9676.3 9667.16 9657.64 9660.05 9668.4 9674.71 9682.92 9695.07 9706.8 9720.02 9738.32 9735.83 9768.57 9805.24 9822.76 9815.16 9786.25 9765.65 9763.07 9757.62 9743.16 9759.86 9778.18 9789.21 9805.97 9826.74 9857.77 9890.39 9974.56 10096.8 10184.4 10202 9973.73 9904.56 9851.68 9941.96 10057.7 10138.9 10038 10058.1 10078.2 10184.7 10276.3 10250.2 10177.5 10103.9 10071.2 10097.3 10069.6 10157.3 10184.2 10271.7 10376.8 10435.2 10428.9 10400.9 10381.9 10177.2 10107.4 10199.3 10247.1 10087.9
9694.15 9691.31 9697.21 9705.7 9692.74 9686.28 9680.9 9685.73 9689.62 9690.42 9689.85 9693.45 9698.51 9700.85 9702.49 9721.44 9728.53 9766.12 9804.08 9829.24 9807.62 9774.19 9756.38 9758.43 9771.62 9781.88 9793.61 9807.13 9828.33 9854.71 9872.06 9857.84 9988.64 10070.1 10161 10188.7 10223.5 9964.16 9886.34 9895.76 10023.6 10068.7 10035.3 10054 10151.2 10275.4 10434.1 10419.3 10526.5 10361.1 10276.5 10230.3 10207.6 10311 10320.6 10298.4 10297.1 10377.9 10454.3 10451.7 10488.5 10459.1 10298.4 10228.8 10170.6 10077.2 10112.4
9698.16 9698.43 9699.32 9702.22 9696.46 9685.6 9678.63 9679.47 9688.91 9700.64 9704.14 9706.18 9707.26 9707.75 9710.19 9701.72 9730.31 9767.13 9800.68 9817.8 9806.08 9773.55 9752.58 9768.72 9783.05 9791.34 9812.81 9840.08 9870.2 9918.73 9949.65 10042.5 10019.5 10090.9 10162.6 10153.9 10021.9 9976.18 9991.28 10108.7 10196.9 10182.4 10072.3 10077.7 10146.4 10219.5 10275.6 10341.3 10365.2 10269 10226.8 10229 10190.3 10104.1 10136.4 10196.4 10215.5 10282.4 10421.9 10354.9 10355.4 10301.9 10279.7 10215.5 10176.1 10234.8 10195
9699.86 9703.09 9697.27 9700.96 9707.03 9694.96 9685.29 9687.62 9706.36 9713.02 9716.5 9716.49 9715.94 9710.48 9707.1 9708.35 9742.12 9774.91 9806.36 9827.21 9810.51 9785.82 9785.3 9793.77 9805.35 9786.19 9821.15 9868.91 9904.25 9898.95 9949.14 10055.9 10039.3 10097.9 10190.3 10156.6 10137.1 10072.2 10051.2 10241.9 10335.9 10436.4 10329.2 10306 10171.4 10127 10138.8 10155.5 10163.1 9900.82 9801.57 9948.62 9758.21 9839.74 10060.7 9979.88 10030.6 10063.2 10076.2 10121.4 10168.8 10254.8 10243.7 10171.8 10143.4 10073.3 10073.8
9714 9716.72 9716.43 9716.6 9726.1 9721.21 9713.32 9714.55 9719.15 9726.72 9731.05 9732.99 9735.07 9732.96 9737.18 9751.95 9764.04 9784.37 9803.03 9814.91 9801.72 9775.65 9782.24 9823.49 9868.15 9883.6 9897.92 9943.45 9977.69 10046.3 10114.1 10037.1 10065 10089.5 10119.8 10144.9 10164.2 10108.8 10165.4 10211.2 10358.6 10524.4 10497.2 10333.6 10321 10073.4 9821.6 9628.22 9539.54 9399.8 9290.47 9416.75 9452.68 9462.24 9637.06 9805.36 9839.7 9809.76 9780.09 9859.96 9966.48 10132.3 10219.5 10286.1 10237.9 10155.8 10288.8
9740.09 9738.39 9738.11 9741.21 9742.37 9740.97 9725.07 9728.03 9733.58 9739.2 9744.87 9751.19 9758.69 9762.1 9770.12 9779.02 9771.62 9783.12 9802.23 9815.81 9805.45 9774.54 9799.7 9858.59 9899.34 9932.21 10011.2 10013.6 10017.2 10022.8 9996 9965.35 9961.99 10039.3 10086.9 10133.5 10151.5 10181.8 10359.8 10386.2 10417 10426.7 10366.9 10294 10171.3 9852.33 9514.19 9287.03 9216.08 9152.07 9103.02 9197.24 9417.14 9420.31 9437.79 9619.28 9613.02 9570.13 9583.62 9645.12 9767.66 9932.28 9997.35 10160.6 10210 10259.4 10357.3
9763.02 9754.25 9751.52 9750.66 9744.27 9744.81 9716.44 9731.9 9744.65 9753.11 9761.4 9771.49 9782.68 9797.18 9794.75 9780.85 9753.51 9771.61 9791.99 9806.56 9801.94 9781.62 9835.14 9922.93 9984.03 10027.1 10049.9 10050.1 10017.2 9973.65 9921.4 9908.79 9913.96 9996.92 10068.1 10144.4 10261.7 10356.2 10324.6 10419.1 10406.9 10321.4 10024.5 9803.88 9650.93 9475.55 9289.22 9224.21 9141.72 9062.42 9017.05 8983.18 9051.68 9321.83 9343.15 9149.59 9250.01 9307.96 9362.47 9395.95 9384.88 9441.56 9576.97 9684.25 9731.36 9864.52 10185.8
9762.9 9761.3 9749.1 9740.53 9732.72 9740.37 9729.49 9742.26 9756.2 9766.12 9777.71 9788.41 9799.46 9803.8 9802.79 9780.02 9756.26 9771.04 9791.16 9800.83 9805.64 9838.28 9898.6 9998.78 10135.2 10139.1 10109.1 10071.9 10030.2 9973.27 9907.28 9929.22 9939.84 10013.6 10070.3 10139.1 10217.7 10227.7 10328.3 10236.1 10089.8 9841.19 9551.5 9300.55 9189.93 9140.13 9012.43 8973.22 9003.3 8960.39 8943.74 8948.49 8947.41 8982.79 9018.03 8972.06 9005.17 9066.19 9074.38 9116.61 9280.79 9301.78 9351.2 9352.79 9419.91 9534.19 9814.97
9755.27 9762.8 9754.62 9748.11 9748.77 9751.24 9745.43 9746.52 9767.52 9781.47 9794.39 9804.23 9807.39 9804.34 9810.02 9793.46 9774.19 9786.46 9809.08 9822.86 9842.01 9863.33 9944.13 10022.1 10107.2 10154.2 10106.2 10090.9 10069.6 10031.5 9987.27 10021.8 10080.5 10101.8 10101.7 10089.1 10130.2 10179 10031.1 9753.6 9492.27 9304.53 9160.84 9028.92 9014.77 8935.75 8856.03 8850.06 8879.96 8906.66 8911.97 8925.51 8943.1 8839.62 8805.95 8732.26 8766.41 8885.94 9015.66 9157.84 9182.2 9216.11 9265.54 9343.34 9366.98 9352.61 9442.63
