real_craters/C191-500m.grd
DSAA
359 359
-89.4075 89.4075
-89.4075 89.4075
7967.0011065693 10587.401182565
[rows 210 to 239 of 359, columns 67 to 133 of 359]
9544.37 9557.11 9578.22 9594.51 9603.98 9605.82 9610.98 9620.34 9628.55 9632.2 9622.55 9620.93 9620.82 9621.31 9622.36 9624.12 9626.95 9632.02 9631.27 9625.09 9622.76 9620.53 9619.85 9619.42 9618.47 9615.22 9625.34 9633.51 9641.61 9648.12 9657.69 9672.72 9657.59 9646.39 9639.86 9640.1 9642.68 9652.82 9682.01 9712.69 9737.41 9747.81 9758.15 9773.64 9795.86 9814.53 9837.47 9856.6 9874.86 9904.75 9935.96 9958.61 9973.88 9982.25 9993.78 10002 10003 10006.7 10006.6 10004.1 9997.08 9987.58 9974.39 9946.62 9894.28 9878.64 9925.86
9542.73 9566.13 9579.07 9597.55 9599.62 9594.36 9597.19 9609.85 9622.94 9634.09 9633.01 9625.96 9623.38 9623.15 9623.56 9624.13 9624.5 9622.77 9620.01 9621.18 9619.81 9619 9617.61 9617.4 9618.74 9622.39 9630.22 9631.12 9634.93 9640.94 9648.35 9652.88 9643.26 9632.01 9624.95 9629.06 9640.86 9656.56 9683.7 9717.43 9745.9 9743.13 9751.92 9770.51 9795.99 9810.56 9823.51 9856.59 9887.03 9905.86 9925.52 9937.88 9952.66 9972.97 10002.3 10027.6 10030.4 10030.6 10024.1 10015.9 10006.5 9996 9986.71 9956.32 9898.14 9880.72 9922.21
9534.34 9544.98 9556.28 9580.14 9587.64 9587.15 9592.51 9604.89 9617.15 9623.44 9623.25 9624.18 9624.94 9624.98 9624.99 9624.34 9623.36 9619.61 9616.58 9618.93 9619 9618.22 9616.2 9615.31 9616.5 9620.9 9623.81 9624.82 9625.05 9627.59 9629.47 9628.64 9623.95 9614.8 9610.15 9612.94 9627.74 9653.26 9680.2 9709.8 9712.46 9718 9733.49 9754.84 9777.46 9797.91 9821.01 9854.88 9889.91 9915.21 9928.56 9936.12 9946.4 9965.34 9994.47 10029.3 10055.4 10051.8 10039.1 10026.9 10016.9 10009.7 10007 10015.1 10022.2 9990.54 9964.78
9520.02 9519.25 9532.53 9564.09 9579.21 9580.87 9592.41 9602.5 9614.89 9624.11 9626.5 9627.28 9627.75 9627.89 9627.5 9627.55 9625.33 9623.81 9623.99 9620.95 9618.61 9616.32 9613.98 9611.76 9609.51 9611.6 9615.54 9612.28 9615.2 9616.14 9614.88 9613.9 9606.65 9598.1 9591.63 9590.93 9610.13 9639.98 9670.91 9670.35 9667.33 9683.71 9710.87 9739.02 9765.41 9790.77 9813.11 9852.73 9904.64 9930.19 9935.82 9945.17 9946.44 9957.77 9980.07 10020.3 10059.9 10059.2 10044.5 10031.4 10021.4 10016.9 10023.5 10048.9 10098.4 10057.3 9996.95
9512.93 9521.05 9537.07 9562.24 9580.55 9582.05 9585.46 9598.89 9612.65 9624.27 9626.4 9629.24 9630.14 9630.18 9629.74 9628.78 9627.82 9626.72 9625.45 9622.47 9618.6 9615.69 9613.06 9609.89 9606.47 9604.33 9608.04 9604.92 9604.79 9603.4 9601.03 9595.47 9588.34 9580.71 9569.68 9557.78 9564.21 9651.27 9676.1 9659.41 9646.79 9661.93 9692.77 9725.6 9758.96 9787.63 9813.42 9848.26 9912.16 9921.43 9924.91 9937.51 9938.43 9950.45 9971.43 10007.4 10045.2 10048.9 10036.7 10025 10016.3 10011.2 10015.4 10022.4 10032.6 10020.3 9990.18
9513.29 9524.51 9535.87 9559.52 9577.78 9580.43 9587.7 9596.59 9606.43 9617.29 9626.77 9629.97 9633.29 9633.97 9632.92 9630.96 9629.06 9627.75 9625.67 9622.56 9618.22 9614.92 9612.23 9610.08 9608.76 9607.93 9604.37 9599.26 9598.83 9596.89 9592.56 9586.87 9579.84 9571.56 9557.8 9535.85 9489.59 9569.83 9685.9 9667.19 9647.35 9653.71 9681.23 9713.88 9746.73 9775.61 9798.93 9812.68 9839.68 9865.53 9890.69 9907.43 9917.28 9936.6 9961.31 9992.61 10017.8 10023.1 10019.2 10014.2 10007.5 9999.36 9990.62 9976.09 9958.79 9971.27 9970.6
9510.01 9517.12 9530.18 9557.04 9573.17 9578.24 9587.37 9596.2 9604.15 9614.66 9626.12 9635.54 9637.57 9636.23 9634.55 9632.28 9628.94 9626.43 9625.5 9619.41 9615.37 9612.75 9610.27 9608.57 9606.62 9607.7 9605.93 9600.47 9598.47 9593.87 9590.22 9589.68 9584.24 9572.81 9562.48 9557.36 9579.45 9625.63 9661.23 9660.18 9645.5 9650 9672.63 9702.3 9734.21 9761.79 9775.68 9780.76 9786.79 9813.02 9852.87 9878.71 9879.09 9908.43 9962.37 9982.21 9986.04 9988.37 9995.33 9997.64 9995.83 9989.22 9977.03 9955.56 9934.68 9951.15 9961.31
9508.12 9514.43 9530.9 9557.18 9572.28 9576.55 9586.94 9598.55 9609.27 9623.79 9641.11 9643.95 9643.14 9641.43 9637.51 9633.4 9629.05 9623.16 9614.5 9612 9611.84 9610.33 9608.58 9607.24 9607.48 9600.63 9601.86 9600.27 9596.75 9595.32 9592.09 9588.3 9585.41 9578.26 9574.79 9578.44 9593.05 9616.71 9625.35 9632.89 9637 9644.09 9663.71 9689.2 9716.91 9740.39 9748.92 9751.22 9753.13 9771.64 9814.58 9843.95 9833.98 9865.73 9933.52 9973.13 9965.8 9962.89 9973.29 9981.02 9984.55 9983.7 9978.03 9965.6 9957.51 9961.35 9966.19
9512.18 9521.21 9542.3 9557.16 9566.87 9574.32 9585.79 9601.45 9621.17 9635.42 9647.41 9650.89 9649.07 9646.68 9644.26 9639.58 9633.66 9626.04 9617.11 9613.45 9612.13 9610.42 9607.05 9603.48 9601.23 9597.46 9600.41 9599.81 9597.24 9592.58 9590.51 9588.43 9584.17 9584.91 9586.38 9591.07 9599.53 9615.43 9626.98 9631.17 9633.05 9638.59 9653.54 9672.08 9694.21 9717.98 9713.62 9708.8 9719.24 9738.1 9771.73 9797.63 9809.95 9841.28 9916.26 9958.98 9953.85 9949 9958.98 9969.15 9978.78 9988.14 9991.63 9986.97 9982.87 9983.88 9980.33
9519.69 9522.17 9530.81 9546.97 9556.32 9569.52 9582.05 9598.4 9619.03 9635.54 9650.16 9652.85 9651.39 9651.2 9647.65 9643.4 9637.74 9631.66 9624.42 9619.37 9616.35 9611.86 9606.72 9599.68 9591.96 9593.39 9601.64 9601.69 9599.04 9595.86 9592.03 9591.08 9594.57 9593.4 9597 9604.83 9616.67 9628.03 9639.82 9634.66 9632.23 9636.69 9640.88 9649.05 9657.24 9661.7 9662.01 9668.17 9680.68 9696.52 9734.57 9763.76 9783.61 9828.07 9903.77 9942.41 9943.47 9941.15 9948.09 9961.82 9977.76 9996.17 10009.9 10020.4 10019.9 10010.9 10003.1
9522.79 9522.47 9523.76 9531.48 9540.82 9555.87 9572.53 9589.31 9604.17 9625.33 9644.35 9646.81 9648.67 9652.22 9650.9 9647.11 9642.13 9636.89 9632.13 9628.04 9622.5 9616.54 9609.88 9602.04 9595.16 9598.06 9603.46 9603.75 9600.32 9597.39 9594.48 9592.42 9592.45 9595.62 9603.33 9611.96 9619.15 9628.73 9633.68 9628.18 9623.94 9622.91 9624.66 9625.36 9623.11 9613.84 9619.13 9632.61 9649.54 9667.57 9702.42 9736.29 9768.11 9818.06 9893.97 9928.41 9927.89 9926.26 9933.37 9951.4 9974.12 9997.19 10021.3 10051.5 10048.2 10032 10022.8
9517.03 9522.7 9530.61 9532.02 9533.05 9547.6 9565.05 9581.79 9596.81 9605.67 9633.53 9650.39 9654.62 9654.52 9652.61 9649 9645.13 9641.34 9638.55 9635.65 9628.99 9621.73 9615.37 9609.82 9606.15 9605.17 9607.27 9603.81 9601.6 9599.4 9596.52 9593.02 9588.47 9594.98 9605.6 9615.32 9621.45 9619.74 9615.5 9611.58 9608.99 9609.62 9607.7 9605.63 9602.62 9599.03 9599.94 9609.98 9628.22 9653.99 9668.63 9715.68 9770.28 9826.59 9878.47 9909.03 9906.22 9896.19 9911.82 9938.08 9966.16 9991.03 10016.9 10035 10045.4 10039.3 10032.2
9518.34 9524.48 9532.47 9540.27 9532.37 9547.53 9564.01 9574.14 9578.16 9572.12 9547.21 9567.15 9638.11 9651.91 9651.56 9648.78 9646.04 9643.3 9640.09 9634.8 9631.9 9626.54 9621.45 9616.95 9613.57 9610.46 9605.96 9603.9 9604.05 9602.07 9599.53 9597.22 9596.36 9600.26 9606.89 9614.63 9616.28 9607.74 9597.96 9593.1 9590.15 9589.15 9588.27 9588.9 9589.6 9589.61 9589.33 9591.23 9605.23 9624.15 9654.37 9710.01 9769.14 9827.98 9865.27 9896.24 9892.24 9877.5 9894.32 9923.53 9953.22 9983.24 10008.8 10024 10037.5 10039.8 10037.7
9526.64 9527.23 9532.16 9532.42 9542.84 9565.29 9568.18 9569.56 9567.67 9560.36 9548.48 9583.12 9648.46 9647.81 9647.64 9646.26 9644.88 9643.45 9642.21 9642.3 9636.9 9631.54 9627.36 9624.44 9621.19 9619.21 9613.05 9611.4 9609.24 9606.14 9603.17 9601.7 9603.82 9605.29 9603.76 9606.33 9604.54 9594.16 9581.77 9574.47 9572.27 9568.37 9569.88 9576.87 9582.3 9586.36 9591.65 9594.08 9601.68 9618.46 9678.87 9711.45 9750 9793.83 9843.65 9888.55 9889.71 9881.88 9891.48 9914.69 9942.59 9969.49 10004.4 10031.1 10032.2 10033.7 10034.7
9525.8 9525.46 9533.75 9545.2 9556.71 9573.08 9568.65 9566.11 9565.37 9567.81 9585.72 9618.81 9624.61 9635.48 9639.48 9641.36 9642.16 9642.41 9641.61 9638.16 9637.75 9634.96 9631.43 9630.43 9629.89 9629.95 9623.49 9620.93 9616.05 9610.12 9605.26 9602.09 9600.51 9598.5 9595.27 9589.64 9586.43 9581.3 9570.54 9563.46 9562.42 9559.28 9561.86 9571.08 9578.57 9584.69 9592.62 9605.35 9616.11 9621.67 9671.6 9698.02 9718.34 9743.3 9805.65 9869.7 9889.36 9886 9887.84 9903.3 9920.99 9946 9978.56 10013.4 10009.2 10012.9 10020.5
9511.61 9517.74 9527.06 9534.73 9556.04 9562.21 9559.73 9555.69 9558.37 9568.02 9584.62 9600.15 9609.68 9623.53 9631.14 9635.49 9638.37 9640.56 9641.82 9642 9641.57 9638.19 9634.6 9631.31 9634.46 9637.23 9632.99 9628.4 9620.09 9612.45 9606.28 9600.64 9594.49 9589.01 9589.96 9586.44 9581.9 9575.58 9567.83 9563.55 9562.22 9562.59 9566.53 9572.22 9579.17 9587.2 9597.76 9620.03 9639.84 9643.91 9667.53 9682.39 9691.76 9701.92 9773.92 9870.86 9889.33 9880.88 9876.21 9887.61 9902.79 9910.25 9921.07 9937.27 9964.24 9980.76 9996.47
9506.42 9510.91 9516.63 9523.61 9550.96 9559.91 9554 9545.03 9549.81 9562.15 9577.96 9595.02 9610.2 9615.88 9622.21 9627.72 9632.71 9637.11 9641.41 9644.66 9645.29 9640.96 9636.6 9635.01 9635.33 9636.14 9634.35 9626.75 9619.4 9613.52 9606.85 9600.34 9593.65 9590.12 9591.28 9594.39 9585.78 9577.47 9571.39 9567.59 9566.53 9567.67 9571.54 9574.42 9581.58 9592.49 9609.96 9635.95 9660.28 9660.99 9664.81 9676.27 9687.27 9700.37 9765.38 9859.44 9887.42 9876.12 9865.66 9870.9 9877.92 9876.71 9881.55 9896.44 9921.7 9945.75 9968.78
9505.29 9510.59 9514.05 9520.06 9543.71 9556.19 9547.17 9535.03 9542.58 9556.58 9570.48 9584.5 9595.43 9605.32 9613.15 9620.26 9627.01 9633.38 9639.86 9645.25 9646.51 9641.4 9637.78 9638.67 9642.58 9645.39 9636.44 9627.69 9619.97 9614.73 9608.2 9601.22 9594.6 9590.38 9591.79 9594.15 9587.48 9578.75 9575.52 9575.04 9571.89 9571.07 9571.83 9576.68 9583.97 9595.84 9615.58 9645.31 9673.92 9666.85 9665.14 9678.62 9699.37 9727.89 9783.68 9858.38 9879.45 9869.65 9860.9 9857.98 9851.4 9844.86 9845.96 9862.43 9887.12 9915.38 9942.99
9508.59 9515.51 9525.08 9526.34 9529.01 9540.41 9539.22 9527.91 9542.21 9552.95 9561.95 9570.83 9583.62 9592.8 9599.44 9607.53 9616.47 9625.34 9633.68 9638.78 9639.88 9640.91 9637.62 9638.64 9645.02 9640.46 9635.87 9630.37 9624.36 9617.35 9610.24 9602.89 9595.7 9588.66 9591.13 9594.84 9589.97 9579.24 9580.08 9579.06 9577.41 9576.1 9577.49 9578.88 9587.56 9600.89 9620.49 9648.1 9664.63 9668.96 9671.34 9685.25 9709.38 9739.48 9778.97 9823.99 9848.99 9852.73 9849.35 9844.83 9833.42 9818.44 9800.36 9824.64 9859.79 9891.7 9920.99
9513.77 9520.48 9527.53 9531.26 9527.05 9539.09 9550.91 9556.1 9551.47 9551.82 9553.64 9556.19 9566.26 9577.8 9587.53 9597.91 9609.08 9619.81 9629.71 9638.36 9645.22 9642 9639.72 9641 9640.97 9635.18 9633.45 9630.01 9626.33 9620.03 9612.6 9605.55 9599.28 9594.97 9590.43 9588.44 9597.63 9602.12 9595 9585.63 9588.73 9583.15 9574.55 9579.92 9593.17 9610.25 9635.51 9664.61 9679.95 9690.03 9680 9687.79 9706.43 9728.16 9753.49 9788.74 9817.6 9832.67 9833.93 9835.92 9823.33 9807.97 9795.89 9814.27 9844.33 9874.92 9903.84
9518.57 9524.72 9529.82 9537.41 9534.54 9540.72 9559 9566.2 9557.67 9551.08 9548.22 9546.12 9549.7 9561.54 9575.56 9589.31 9602.29 9614.59 9625.93 9635.53 9640.27 9641.68 9640.53 9641.24 9635.78 9631.56 9632.91 9634.5 9630.82 9622.27 9614.88 9608.21 9603.7 9598.19 9591.76 9580.55 9578.4 9621.82 9598.39 9612.78 9610.87 9596.25 9582.76 9586.42 9602.4 9622.18 9659.5 9690.93 9692.6 9689 9675.21 9685.8 9710.08 9720.26 9728.61 9762.95 9792.76 9820.04 9847.74 9834.15 9816.53 9805.71 9804.26 9814 9835.82 9862.16 9889.87
9522.4 9527.89 9533.2 9544.32 9512.28 9525.24 9551.26 9560.86 9551.83 9548.44 9545.95 9545.02 9545.68 9552.92 9566.61 9581.55 9595.8 9609.06 9621.25 9632.08 9641.01 9639.56 9637.42 9636.9 9632.37 9630.04 9631.66 9633.48 9627.15 9622.28 9616.42 9610.63 9607.22 9599.47 9594.65 9571.23 9512.76 9489.92 9569.9 9622.67 9629.4 9611.04 9595.92 9598.57 9616.53 9637.47 9667.04 9690.15 9686.02 9675.99 9666.67 9683.46 9711.42 9723.63 9733.18 9760.11 9781.68 9806.33 9808.19 9806.36 9799.82 9802.26 9807.47 9810.5 9824.95 9846.81 9874.52
9522.3 9526.7 9532.32 9538.94 9496.7 9511.71 9513.95 9524.33 9535.51 9540.52 9543.9 9549.9 9552.21 9547.17 9562.9 9576.98 9590.79 9604.14 9616.37 9626.87 9632.61 9633.97 9632.78 9635.67 9633.77 9631.11 9629.58 9626.39 9625.1 9621.68 9617.44 9613.1 9608.93 9604.77 9604.95 9585.12 9542.56 9525.45 9573.57 9621.2 9632.67 9620.25 9614.9 9619.17 9633.69 9649.45 9661.69 9668.64 9680.72 9677.44 9660.97 9678.92 9724 9721.7 9744.7 9766.25 9803.31 9792.21 9781.3 9774.7 9772.38 9779.56 9789.88 9794.11 9808.13 9831.11 9860.25
9519.64 9520.19 9519.03 9526.09 9532.26 9519.63 9509.66 9510.98 9523.59 9532.62 9541.77 9549.79 9555.26 9559.83 9564.26 9573.73 9585.86 9599 9611.75 9623.46 9632.96 9633.17 9630.26 9635.23 9634.75 9632.48 9629.84 9626.6 9623.6 9621.15 9618.21 9613.61 9611.74 9609.57 9608.92 9606.42 9619.26 9610.13 9598.26 9600.37 9605.49 9626.04 9635.8 9643.69 9653 9657.48 9659.83 9662.79 9674.8 9679.35 9662.44 9668.17 9680.81 9690.55 9693.63 9723.49 9760.66 9762.99 9747.16 9736.43 9739.8 9736 9743.65 9762.96 9783.07 9807.49 9837.64
9518.63 9516.65 9516.9 9518.48 9528.51 9522.4 9513.88 9510.92 9518.4 9528.41 9538.38 9548.12 9556.44 9560.13 9561.71 9569.53 9581.11 9594.35 9607.63 9620.21 9630.45 9631.93 9632.38 9634.64 9635 9634.19 9631.51 9628.23 9624.55 9621.81 9619.03 9615.24 9612.55 9610.42 9608.17 9609.66 9611.16 9617.45 9617.54 9615.57 9622.84 9647.7 9662.18 9667.68 9672.72 9672.37 9660.94 9650.25 9658.84 9658.13 9687.08 9683.08 9666.01 9659.62 9657.43 9683.07 9724.38 9735.35 9733.2 9731.61 9714.37 9705.27 9710.92 9732.73 9756.13 9784.02 9811.09
9520.84 9516.86 9517.8 9523.89 9526.77 9521.26 9512.63 9511.12 9517.01 9526.03 9535.09 9543.95 9552.12 9550.38 9554.07 9564.19 9577.12 9591.05 9604.43 9616.27 9625.34 9628.39 9629.21 9636.98 9639.66 9637.85 9633.93 9629.22 9625.29 9623.83 9618.99 9614.67 9610.61 9610.08 9613.24 9607.45 9601.81 9620.39 9640.13 9656.62 9674.78 9682.69 9690.66 9700.34 9683.66 9668.61 9658.39 9656 9661.69 9656.47 9678.63 9657.99 9648.74 9633.62 9629.11 9649.37 9689.43 9703.41 9695.59 9681.9 9676.68 9692.86 9696.15 9705.73 9727.34 9754.36 9781.43
9525.25 9519.27 9515.21 9515.24 9516.64 9517.75 9516.57 9512.54 9516.8 9524.77 9532.77 9538.1 9536.7 9536.63 9545.12 9558.76 9573.7 9588.22 9601.6 9613.36 9622.81 9628.85 9632.79 9640.67 9646.13 9641.13 9635.66 9631.82 9631.35 9628.25 9619.57 9613.97 9609.04 9606.1 9605.32 9612.82 9624.24 9642.15 9662.83 9686.64 9712.52 9702.35 9698.67 9699.55 9670.95 9649.62 9646.11 9648.12 9632.77 9606.41 9611.88 9609.91 9610.71 9605.54 9600.54 9614.78 9659.47 9671.13 9650.71 9622.11 9626.12 9627.74 9649.36 9671.72 9697.02 9723.61 9749.56
9530.39 9522.36 9517.13 9516.06 9513.07 9511.92 9510.06 9510.47 9516.95 9526.01 9534.18 9539.79 9540.03 9535.2 9540.77 9557.44 9573.49 9587.71 9600.11 9611.66 9621.27 9628.1 9633.16 9644.28 9647.67 9640.48 9634.1 9630.17 9628.91 9622.93 9619.02 9614.31 9608.23 9600.81 9599.2 9630.02 9663.09 9668.02 9676.51 9689.12 9697.95 9691.55 9680.18 9665.25 9645.2 9630.02 9627.77 9618.54 9600.27 9589.73 9588.93 9582.75 9584.27 9585.55 9587.68 9601.23 9629.18 9637.91 9622.19 9613.96 9591.98 9580.35 9609.55 9640.07 9667.42 9692.85 9716.6
9532.94 9534.02 9521.51 9515.04 9510.75 9509.03 9506.24 9506.56 9516.84 9527.77 9538.53 9548.15 9557.67 9551.24 9548.39 9565.55 9579 9590.59 9600.68 9609.87 9617.72 9622.44 9632.27 9640.77 9639.84 9634.08 9628.22 9622.7 9617.75 9621.45 9619.23 9618.72 9617.39 9612.49 9627.07 9662.62 9682.01 9683.93 9681.06 9677.67 9672.15 9662.98 9653.92 9639.21 9637.77 9630.33 9616.41 9602.51 9591.59 9584.17 9581.54 9580.86 9572.59 9574.43 9580.08 9590.48 9599.22 9599.43 9591.82 9576.54 9573.86 9578.04 9595.09 9618.71 9640.99 9663.38 9683.9
9532.46 9533.75 9530.58 9520.01 9507.35 9495.62 9499.23 9508.6 9519.06 9530.93 9543.26 9555.84 9567.7 9571.42 9574.63 9583.47 9591.02 9597.07 9603.16 9608.99 9614.67 9621.58 9625.04 9625.56 9626.19 9625.08 9621.79 9617.15 9613.71 9613.7 9620.23 9628.79 9637.78 9650.94 9672.87 9694.69 9701.1 9694.62 9681.67 9664.03 9639.32 9633.67 9633.86 9630 9619.18 9613.48 9607.51 9601.89 9596.11 9580.11 9573.14 9567.31 9564.38 9565.83 9569.15 9573.34 9575.33 9574.73 9572.61 9568.77 9571.93 9579.92 9589.93 9603.54 9620.99 9636.79 9651.22
