real_craters/C192-750m.grd
DSAA
239 239
-89.425 89.425
-89.425 89.425
7296.3810455348 10406.594566228
[rows 0 to 36 of 239, columns 0 to 82 of 239]
9598 9589 9585 9585 9585 9584 9587 9585 9586 9589 9591 9594 9597 9601 9609 9617 9625 9632 9637 9639 9640 9650 9660 9658 9649 9638 9634 9645 9657 9669 9677 9681 9680 9679 9680 9673 9673 9675 9665 9636 9619 9604 9596 9596 9588 9583 9579 9579 9582 9578 9592 9592 9586 9571 9566 9563 9563 9544 9540 9535 9533 9535 9534 9535 9527 9518 9510 9498 9482 9474 9469 9468 9469 9468 9472 9472 9468 9460 9449 9436 9424 9420 9420
9595 9593 9586 9584 9585 9582 9582 9580 9583 9585 9588 9592 9596 9600 9607 9616 9627 9638 9648 9655 9650 9650 9658 9655 9656 9644 9643 9659 9671 9683 9695 9709 9710 9695 9681 9674 9666 9660 9643 9625 9613 9601 9596 9592 9586 9578 9577 9576 9582 9600 9597 9590 9586 9568 9562 9561 9549 9532 9529 9522 9537 9536 9536 9531 9529 9523 9515 9510 9503 9496 9489 9483 9481 9481 9487 9488 9486 9474 9458 9441 9426 9417 9419
9594 9579 9576 9580 9575 9577 9577 9577 9579 9581 9585 9589 9594 9596 9604 9614 9627 9642 9658 9671 9664 9651 9659 9668 9666 9650 9660 9671 9684 9694 9696 9697 9690 9681 9679 9679 9670 9656 9638 9619 9616 9603 9598 9576 9574 9578 9577 9578 9590 9593 9586 9581 9573 9567 9556 9545 9540 9533 9530 9528 9528 9535 9540 9539 9536 9530 9522 9519 9511 9505 9501 9496 9493 9492 9492 9499 9497 9484 9466 9448 9431 9419 9418
9597 9593 9579 9574 9570 9568 9569 9574 9577 9581 9584 9586 9590 9595 9599 9609 9624 9643 9662 9679 9678 9666 9668 9667 9670 9672 9680 9689 9695 9708 9717 9674 9658 9666 9670 9674 9668 9651 9632 9616 9609 9604 9593 9584 9581 9583 9582 9583 9595 9583 9581 9575 9566 9564 9550 9537 9536 9539 9538 9529 9528 9537 9547 9552 9543 9536 9532 9520 9514 9510 9506 9503 9501 9499 9502 9501 9498 9487 9473 9458 9443 9427 9421
9605 9598 9585 9573 9574 9570 9568 9573 9576 9580 9583 9585 9582 9586 9583 9599 9619 9640 9660 9676 9687 9690 9672 9670 9678 9700 9694 9688 9695 9713 9728 9711 9698 9675 9661 9651 9652 9644 9628 9613 9615 9611 9602 9597 9593 9590 9587 9587 9586 9583 9582 9573 9564 9557 9547 9537 9538 9540 9540 9533 9532 9539 9544 9546 9542 9536 9536 9524 9518 9514 9509 9505 9502 9500 9499 9500 9495 9487 9477 9466 9455 9447 9430
9609 9608 9580 9565 9576 9578 9573 9575 9577 9581 9585 9586 9576 9545 9565 9593 9614 9635 9655 9674 9691 9696 9689 9667 9676 9685 9668 9664 9685 9708 9726 9725 9694 9679 9663 9652 9648 9643 9625 9608 9609 9604 9603 9605 9605 9598 9589 9585 9582 9593 9587 9572 9561 9550 9542 9538 9538 9541 9540 9539 9541 9544 9549 9547 9541 9533 9534 9532 9524 9517 9512 9508 9505 9503 9499 9499 9496 9489 9481 9472 9464 9452 9436
9602 9600 9588 9577 9582 9581 9578 9578 9579 9580 9583 9586 9582 9585 9589 9597 9613 9631 9649 9666 9683 9700 9734 9719 9675 9662 9654 9665 9682 9698 9708 9709 9697 9679 9664 9652 9647 9650 9632 9604 9600 9604 9604 9612 9611 9602 9588 9579 9584 9594 9585 9572 9560 9545 9535 9536 9546 9543 9542 9544 9546 9552 9553 9550 9544 9535 9535 9535 9525 9518 9513 9509 9506 9502 9498 9496 9492 9487 9482 9477 9471 9465 9451
9593 9596 9590 9587 9588 9588 9583 9582 9581 9580 9580 9582 9584 9584 9589 9599 9613 9629 9648 9669 9688 9742 9467 9531 9634 9664 9669 9667 9683 9697 9697 9690 9690 9682 9664 9645 9636 9633 9618 9600 9605 9613 9608 9615 9613 9608 9596 9591 9598 9592 9574 9558 9549 9539 9529 9523 9538 9547 9547 9546 9549 9568 9555 9552 9548 9544 9536 9531 9522 9519 9513 9508 9504 9500 9495 9491 9488 9483 9482 9480 9479 9477 9468
9592 9596 9594 9589 9591 9585 9586 9585 9585 9584 9582 9582 9585 9583 9587 9598 9612 9627 9646 9673 9712 9725 9519 9593 9650 9676 9681 9679 9689 9704 9710 9703 9695 9691 9680 9646 9621 9598 9601 9606 9605 9612 9614 9623 9628 9621 9614 9613 9612 9587 9570 9553 9544 9540 9537 9537 9543 9548 9550 9549 9554 9575 9566 9561 9554 9545 9538 9543 9525 9520 9512 9507 9502 9497 9493 9488 9486 9483 9481 9481 9483 9486 9491
9601 9600 9597 9591 9592 9594 9591 9589 9589 9591 9594 9593 9590 9588 9590 9599 9611 9625 9641 9660 9684 9694 9702 9710 9688 9686 9680 9682 9691 9696 9702 9717 9709 9695 9687 9652 9619 9590 9598 9609 9611 9618 9613 9623 9633 9629 9627 9622 9606 9597 9576 9556 9548 9544 9545 9560 9573 9566 9556 9551 9553 9576 9576 9569 9563 9548 9553 9560 9543 9523 9512 9505 9499 9495 9489 9486 9483 9478 9479 9480 9483 9487 9491
9612 9606 9601 9595 9595 9592 9591 9592 9593 9596 9602 9596 9593 9593 9595 9603 9614 9626 9636 9644 9643 9647 9664 9673 9686 9695 9696 9687 9688 9698 9700 9694 9680 9678 9676 9650 9627 9614 9611 9617 9629 9637 9621 9626 9630 9630 9626 9619 9605 9601 9586 9573 9566 9563 9563 9582 9584 9569 9557 9551 9552 9572 9571 9570 9574 9581 9568 9559 9539 9520 9510 9504 9499 9494 9490 9487 9483 9481 9479 9479 9479 9480 9481
9617 9608 9600 9599 9598 9595 9593 9594 9594 9592 9587 9591 9595 9596 9595 9607 9617 9623 9629 9631 9632 9635 9645 9667 9689 9702 9714 9694 9696 9692 9680 9595 9626 9649 9649 9638 9628 9624 9621 9628 9634 9635 9642 9638 9635 9631 9624 9620 9603 9595 9594 9591 9595 9600 9606 9603 9584 9564 9552 9547 9547 9552 9558 9557 9560 9563 9564 9563 9533 9514 9508 9503 9498 9496 9492 9489 9485 9482 9481 9478 9475 9470 9464
9622 9608 9602 9598 9598 9599 9600 9597 9595 9592 9589 9592 9597 9604 9611 9617 9621 9625 9626 9628 9631 9636 9636 9664 9691 9712 9708 9707 9705 9684 9644 9640 9635 9640 9634 9625 9622 9620 9622 9629 9636 9638 9641 9631 9628 9632 9635 9618 9608 9601 9615 9634 9633 9627 9627 9606 9573 9552 9543 9539 9540 9550 9544 9540 9534 9539 9553 9554 9535 9515 9507 9502 9498 9495 9492 9491 9488 9487 9482 9478 9473 9469 9466
9626 9613 9603 9603 9602 9603 9604 9601 9597 9593 9590 9593 9600 9610 9620 9623 9626 9630 9633 9632 9629 9632 9636 9651 9673 9692 9687 9694 9697 9695 9672 9649 9643 9641 9627 9619 9618 9618 9618 9619 9625 9630 9629 9612 9613 9625 9639 9634 9632 9618 9635 9653 9642 9628 9612 9581 9554 9537 9532 9530 9528 9525 9526 9527 9527 9541 9545 9539 9526 9515 9507 9502 9499 9496 9493 9491 9488 9487 9482 9478 9474 9471 9472
9649 9627 9603 9604 9605 9606 9606 9604 9600 9596 9594 9596 9602 9609 9615 9622 9629 9635 9641 9643 9632 9630 9638 9640 9653 9693 9691 9699 9704 9691 9683 9654 9649 9652 9628 9623 9613 9612 9613 9611 9615 9621 9620 9611 9608 9610 9616 9644 9642 9627 9627 9636 9631 9616 9597 9570 9540 9528 9525 9521 9517 9514 9518 9523 9531 9543 9544 9536 9525 9514 9507 9503 9499 9497 9495 9492 9489 9486 9482 9479 9475 9472 9473
9679 9653 9627 9617 9610 9609 9608 9609 9605 9601 9598 9598 9604 9608 9614 9620 9629 9638 9648 9659 9651 9640 9645 9648 9656 9671 9691 9703 9686 9660 9646 9635 9646 9653 9652 9639 9632 9620 9613 9613 9626 9618 9612 9618 9611 9608 9617 9625 9626 9629 9628 9625 9618 9603 9591 9564 9540 9526 9521 9517 9513 9508 9515 9520 9531 9542 9545 9546 9540 9517 9511 9507 9504 9500 9497 9494 9493 9490 9486 9481 9475 9470 9466
9691 9678 9649 9621 9610 9617 9623 9615 9609 9605 9602 9603 9607 9611 9615 9621 9629 9639 9648 9658 9660 9676 9661 9652 9644 9649 9684 9691 9668 9646 9642 9642 9651 9653 9663 9647 9640 9625 9615 9612 9627 9627 9616 9616 9613 9615 9626 9632 9637 9625 9618 9619 9610 9587 9566 9544 9531 9525 9520 9515 9512 9510 9510 9514 9521 9533 9542 9548 9547 9524 9516 9512 9508 9504 9501 9498 9497 9494 9491 9484 9477 9470 9467
9699 9677 9664 9639 9633 9630 9626 9621 9614 9608 9607 9610 9612 9615 9618 9624 9628 9636 9643 9649 9650 9664 9672 9672 9652 9658 9686 9690 9676 9670 9677 9668 9661 9664 9654 9638 9623 9619 9616 9618 9630 9629 9612 9609 9610 9618 9651 9641 9644 9631 9620 9615 9604 9575 9551 9535 9530 9525 9518 9514 9512 9509 9509 9511 9515 9528 9539 9544 9539 9530 9523 9517 9512 9507 9503 9500 9499 9497 9495 9486 9478 9472 9468
9716 9731 9695 9645 9657 9644 9636 9630 9622 9616 9613 9614 9618 9620 9619 9617 9628 9634 9637 9638 9648 9661 9677 9689 9675 9676 9691 9698 9689 9683 9671 9666 9662 9658 9643 9626 9614 9612 9614 9620 9622 9618 9609 9611 9611 9609 9644 9649 9642 9637 9630 9614 9592 9570 9550 9541 9534 9519 9515 9514 9513 9512 9511 9513 9519 9528 9537 9542 9542 9544 9527 9521 9516 9511 9507 9503 9500 9495 9489 9484 9479 9474 9471
9763 9789 9744 9688 9658 9659 9660 9651 9632 9612 9616 9621 9626 9628 9629 9629 9634 9636 9638 9640 9657 9669 9680 9685 9703 9699 9692 9691 9691 9689 9668 9661 9656 9648 9634 9614 9605 9610 9614 9617 9625 9629 9626 9616 9620 9636 9639 9645 9643 9644 9636 9621 9598 9577 9554 9545 9536 9525 9518 9514 9513 9513 9511 9513 9522 9531 9539 9544 9547 9536 9530 9525 9519 9515 9510 9506 9502 9495 9486 9484 9482 9477 9471
9779 9774 9741 9711 9670 9680 9683 9673 9648 9616 9625 9637 9637 9638 9643 9656 9647 9643 9642 9646 9680 9687 9693 9694 9701 9694 9682 9672 9685 9693 9677 9660 9649 9647 9636 9611 9606 9621 9630 9642 9665 9667 9662 9584 9639 9673 9663 9649 9646 9653 9654 9635 9610 9585 9580 9561 9543 9533 9522 9515 9513 9514 9513 9517 9528 9535 9542 9547 9549 9544 9535 9529 9523 9519 9514 9510 9506 9502 9493 9491 9488 9481 9476
9762 9738 9715 9705 9712 9705 9712 9710 9667 9635 9634 9638 9642 9646 9650 9657 9651 9646 9646 9650 9673 9686 9697 9689 9685 9678 9668 9662 9663 9671 9666 9654 9643 9650 9652 9649 9643 9646 9655 9669 9690 9697 9677 9654 9669 9695 9681 9652 9648 9657 9659 9645 9622 9611 9602 9576 9554 9534 9522 9519 9514 9517 9522 9526 9532 9539 9545 9551 9554 9548 9538 9531 9526 9522 9518 9514 9512 9512 9515 9510 9497 9485 9477
9745 9714 9687 9666 9695 9694 9706 9708 9665 9642 9640 9648 9650 9648 9648 9646 9643 9644 9648 9657 9666 9688 9694 9670 9661 9657 9651 9647 9646 9652 9646 9645 9646 9640 9666 9697 9684 9668 9667 9677 9691 9715 9718 9694 9693 9715 9703 9663 9655 9657 9672 9666 9633 9609 9594 9577 9565 9555 9544 9532 9518 9519 9521 9523 9532 9540 9547 9553 9556 9551 9541 9534 9529 9524 9520 9516 9514 9517 9524 9516 9498 9486 9476
9729 9695 9665 9640 9636 9653 9659 9640 9647 9641 9642 9647 9650 9649 9644 9633 9634 9640 9640 9655 9670 9684 9680 9663 9646 9639 9634 9631 9628 9631 9633 9636 9632 9647 9670 9695 9686 9670 9663 9673 9689 9697 9703 9699 9696 9702 9684 9676 9665 9668 9685 9682 9639 9609 9594 9582 9581 9582 9580 9550 9529 9526 9525 9526 9533 9541 9548 9554 9556 9550 9541 9538 9533 9527 9521 9516 9512 9511 9505 9496 9491 9484 9475
9736 9693 9645 9627 9622 9625 9636 9649 9634 9631 9638 9649 9654 9651 9648 9649 9648 9642 9641 9637 9656 9661 9657 9655 9641 9625 9621 9610 9613 9622 9628 9635 9646 9648 9665 9679 9670 9657 9647 9656 9671 9678 9684 9681 9686 9696 9684 9675 9661 9653 9662 9655 9632 9602 9595 9591 9591 9593 9583 9560 9539 9537 9537 9535 9538 9545 9552 9557 9562 9561 9550 9544 9537 9530 9523 9517 9510 9503 9493 9483 9484 9482 9478
9666 9620 9606 9591 9596 9601 9617 9627 9618 9620 9631 9641 9647 9647 9651 9656 9653 9638 9630 9631 9636 9645 9643 9643 9637 9639 9617 9596 9598 9611 9624 9629 9635 9642 9650 9655 9650 9638 9628 9631 9651 9665 9667 9671 9690 9709 9683 9673 9655 9640 9643 9638 9633 9606 9598 9602 9606 9602 9592 9564 9544 9547 9551 9526 9541 9547 9554 9559 9563 9565 9562 9550 9540 9532 9525 9517 9509 9500 9490 9483 9483 9484 9483
9620 9606 9584 9569 9563 9576 9603 9628 9616 9621 9630 9631 9629 9642 9649 9651 9645 9629 9620 9624 9630 9643 9655 9630 9619 9641 9613 9587 9592 9603 9614 9617 9617 9625 9634 9635 9630 9620 9612 9618 9632 9648 9649 9654 9671 9684 9685 9667 9657 9650 9642 9636 9630 9614 9614 9620 9622 9609 9590 9565 9549 9556 9563 9554 9551 9553 9557 9559 9561 9559 9556 9549 9541 9534 9526 9518 9511 9501 9492 9481 9486 9487 9488
9590 9580 9575 9568 9567 9577 9593 9604 9627 9636 9640 9641 9637 9649 9651 9646 9635 9623 9617 9622 9624 9648 9668 9645 9636 9636 9611 9590 9600 9606 9606 9614 9619 9621 9626 9627 9619 9608 9602 9608 9620 9639 9634 9633 9647 9664 9662 9656 9658 9655 9650 9648 9651 9644 9638 9634 9627 9611 9593 9575 9563 9563 9566 9567 9556 9555 9556 9557 9558 9556 9552 9547 9541 9534 9527 9520 9512 9504 9498 9493 9492 9492 9491
9570 9563 9569 9565 9555 9561 9594 9629 9655 9652 9653 9661 9677 9666 9657 9648 9637 9627 9630 9640 9633 9665 9681 9699 9717 9663 9625 9599 9606 9609 9608 9620 9620 9628 9624 9622 9618 9608 9602 9608 9624 9625 9616 9618 9628 9635 9626 9634 9652 9658 9654 9658 9668 9661 9651 9640 9629 9611 9591 9577 9570 9567 9567 9557 9555 9555 9555 9556 9556 9552 9546 9543 9541 9536 9529 9521 9514 9508 9503 9501 9498 9496 9493
9553 9547 9563 9562 9550 9568 9594 9638 9662 9654 9658 9666 9673 9670 9663 9654 9647 9638 9639 9634 9681 9702 9734 9744 9746 9704 9673 9634 9608 9623 9643 9660 9662 9650 9646 9639 9631 9624 9630 9646 9634 9617 9604 9599 9613 9620 9612 9619 9635 9645 9648 9649 9643 9647 9647 9641 9628 9610 9594 9580 9572 9567 9564 9557 9551 9551 9554 9557 9560 9562 9555 9547 9543 9537 9529 9523 9516 9510 9506 9506 9501 9498 9496
9550 9543 9545 9556 9569 9555 9582 9612 9629 9640 9651 9662 9667 9672 9672 9665 9661 9662 9642 9662 9698 9734 9761 9756 9747 9751 9739 9680 9638 9664 9674 9662 9654 9661 9677 9658 9642 9638 9643 9658 9646 9619 9609 9603 9607 9615 9605 9610 9627 9632 9640 9646 9653 9662 9667 9650 9631 9612 9595 9586 9570 9561 9558 9553 9546 9547 9552 9558 9564 9568 9568 9561 9549 9539 9531 9522 9515 9509 9501 9499 9496 9496 9496
9546 9545 9546 9554 9563 9557 9572 9603 9610 9624 9643 9660 9675 9684 9686 9682 9680 9692 9695 9719 9754 9765 9770 9762 9766 9768 9755 9728 9696 9690 9684 9672 9651 9655 9656 9654 9644 9634 9628 9630 9635 9624 9617 9622 9603 9602 9601 9597 9596 9613 9631 9653 9661 9657 9666 9654 9637 9615 9589 9569 9562 9549 9537 9529 9536 9545 9553 9560 9566 9570 9572 9562 9550 9538 9528 9519 9511 9505 9495 9490 9487 9491 9493
9547 9547 9547 9553 9556 9544 9566 9602 9603 9615 9637 9659 9679 9696 9706 9712 9717 9745 9799 9812 9806 9794 9782 9788 9779 9776 9761 9748 9715 9691 9685 9659 9648 9649 9651 9649 9641 9626 9619 9624 9628 9622 9589 9607 9605 9604 9603 9585 9580 9596 9619 9643 9649 9644 9653 9655 9648 9623 9586 9565 9561 9547 9525 9525 9533 9547 9554 9560 9564 9570 9569 9555 9547 9536 9526 9516 9508 9501 9493 9486 9484 9484 9487
9544 9547 9551 9552 9554 9552 9571 9598 9598 9611 9632 9659 9688 9714 9733 9751 9779 9809 9828 9830 9831 9819 9800 9796 9799 9800 9801 9806 9760 9717 9691 9660 9651 9649 9649 9647 9644 9640 9613 9604 9608 9607 9611 9614 9628 9613 9598 9576 9567 9585 9605 9618 9645 9628 9645 9647 9639 9613 9580 9570 9573 9569 9555 9544 9552 9556 9559 9560 9560 9562 9563 9560 9542 9532 9523 9515 9507 9499 9490 9483 9480 9479 9480
9544 9545 9542 9551 9560 9566 9579 9607 9597 9611 9635 9663 9695 9726 9756 9792 9833 9852 9832 9862 9850 9843 9854 9857 9844 9850 9882 9870 9798 9768 9720 9706 9675 9655 9646 9648 9648 9641 9636 9629 9613 9606 9607 9603 9613 9619 9605 9581 9568 9580 9599 9626 9639 9629 9635 9632 9607 9579 9569 9577 9586 9595 9591 9575 9574 9569 9565 9560 9554 9547 9541 9536 9529 9524 9517 9511 9504 9496 9489 9483 9474 9477 9475
9547 9551 9547 9560 9570 9575 9587 9609 9604 9620 9649 9676 9703 9733 9774 9814 9864 9888 9872 9832 9846 9849 9859 9871 9869 9874 9878 9851 9823 9800 9775 9742 9705 9672 9655 9654 9658 9658 9639 9639 9638 9620 9600 9590 9608 9623 9615 9593 9578 9577 9586 9601 9605 9624 9639 9627 9593 9562 9563 9574 9588 9600 9601 9605 9594 9580 9569 9558 9547 9534 9518 9515 9517 9516 9513 9507 9502 9497 9490 9484 9484 9477 9473
9545 9571 9585 9578 9583 9589 9604 9619 9622 9640 9671 9699 9720 9736 9792 9844 9868 9870 9846 9850 9857 9858 9843 9854 9864 9860 9860 9854 9845 9850 9842 9788 9740 9692 9671 9665 9658 9653 9650 9645 9628 9619 9598 9585 9590 9614 9609 9593 9578 9569 9568 9571 9596 9634 9648 9630 9600 9581 9569 9571 9585 9600 9612 9612 9606 9588 9573 9558 9544 9528 9514 9508 9512 9513 9512 9507 9502 9496 9490 9484 9476 9476 9473
