real_craters/C192-750m.grd
DSAA
239 239
-89.425 89.425
-89.425 89.425
7296.3810455348 10406.594566228
[rows 37 to 73 of 239, columns 0 to 82 of 239]
9565 9564 9568 9576 9588 9606 9619 9631 9649 9672 9702 9734 9765 9794 9844 9885 9898 9864 9880 9879 9892 9890 9873 9885 9886 9868 9891 9906 9912 9906 9902 9840 9790 9720 9697 9688 9680 9664 9662 9660 9649 9630 9615 9608 9585 9591 9584 9568 9559 9555 9555 9565 9591 9609 9625 9617 9600 9585 9570 9580 9589 9589 9606 9611 9605 9588 9574 9560 9546 9531 9519 9514 9514 9513 9510 9506 9500 9495 9490 9485 9481 9477 9474
9609 9596 9577 9577 9594 9623 9659 9685 9698 9714 9743 9780 9823 9878 9913 9942 9944 9945 9992 9991 9912 9899 9935 9891 9863 9890 9917 9994 1e+004 9949 9933 9923 9870 9790 9751 9723 9695 9662 9645 9656 9658 9648 9633 9610 9584 9570 9557 9542 9538 9539 9545 9562 9583 9585 9591 9589 9582 9569 9576 9571 9571 9572 9590 9599 9595 9584 9575 9564 9552 9538 9524 9517 9520 9518 9513 9507 9501 9495 9489 9483 9478 9475 9473
9604 9617 9608 9606 9617 9638 9825 9793 9754 9745 9789 9829 9874 9911 9956 1e+004 1.003e+004 1.002e+004 1.001e+004 9932 9817 9744 9704 9660 9613 9607 9633 9764 9893 9978 9963 9991 9948 9880 9820 9766 9706 9668 9653 9667 9672 9668 9656 9619 9591 9564 9540 9521 9522 9525 9531 9545 9561 9563 9570 9571 9562 9549 9544 9543 9540 9556 9572 9580 9581 9581 9578 9570 9560 9550 9540 9535 9532 9523 9516 9509 9501 9494 9487 9479 9473 9470 9473
9593 9598 9630 9656 9673 9709 9847 9852 9821 9816 9847 9878 9918 9956 9977 9979 9992 9773 9692 9655 9627 9567 9510 9480 9462 9480 9481 9520 9703 9889 9914 9947 9952 9932 9857 9814 9756 9708 9692 9702 9701 9680 9662 9629 9607 9572 9538 9518 9514 9517 9516 9523 9537 9543 9556 9561 9549 9533 9530 9526 9526 9534 9554 9566 9573 9586 9585 9578 9571 9564 9558 9551 9535 9528 9520 9512 9504 9495 9487 9478 9468 9465 9475
9593 9598 9628 9659 9728 9831 9914 9869 9887 9921 9912 9911 9925 9983 9970 9813 9711 9520 9456 9445 9442 9445 9405 9359 9345 9376 9456 9473 9540 9618 9638 9719 9748 9801 9799 9836 9855 9762 9740 9724 9710 9683 9652 9617 9608 9581 9543 9516 9512 9515 9527 9524 9533 9543 9545 9544 9541 9535 9525 9517 9509 9514 9540 9562 9587 9599 9589 9583 9579 9575 9572 9561 9544 9538 9529 9520 9508 9497 9488 9479 9471 9470 9477
9627 9625 9631 9664 9757 9854 9844 9868 9939 9921 9936 9890 9841 9797 9694 9543 9423 9344 9290 9265 9260 9262 9245 9224 9218 9271 9306 9357 9364 9395 9389 9410 9440 9521 9646 9780 9883 9817 9798 9733 9715 9705 9688 9674 9641 9620 9562 9527 9520 9517 9515 9519 9529 9532 9537 9537 9538 9531 9522 9513 9508 9517 9535 9556 9576 9584 9586 9585 9584 9584 9586 9590 9568 9551 9539 9528 9517 9506 9492 9483 9474 9468 9473
9640 9626 9622 9652 9800 9913 9937 1e+004 1.007e+004 1.008e+004 9974 9838 9712 9562 9395 9332 9282 9157 9055 9078 9074 9067 9073 9078 9090 9061 9053 9059 9149 9259 9275 9270 9305 9362 9468 9579 9717 9890 9903 9872 9815 9755 9706 9697 9695 9672 9589 9556 9540 9523 9511 9515 9520 9523 9529 9542 9537 9526 9514 9510 9511 9519 9534 9549 9561 9575 9580 9583 9584 9585 9588 9590 9572 9561 9548 9537 9525 9513 9501 9490 9479 9469 9473
9639 9637 9650 9722 9919 1.012e+004 1.027e+004 1.024e+004 1.017e+004 1.013e+004 9925 9722 9550 9385 9233 9124 9050 8988 8964 8943 8914 8873 8902 8922 8921 8892 8882 8890 8922 9005 9146 9228 9249 9276 9307 9315 9410 9652 9937 1.001e+004 9932 9831 9749 9698 9711 9699 9655 9610 9568 9535 9509 9504 9503 9506 9514 9527 9528 9512 9499 9503 9516 9524 9530 9542 9560 9564 9575 9579 9581 9581 9580 9575 9576 9567 9554 9542 9531 9519 9507 9497 9489 9485 9483
9686 9709 9746 9885 1.007e+004 1.027e+004 1.041e+004 1.031e+004 1.012e+004 9926 9729 9532 9363 9213 9080 8864 8740 8788 8883 8812 8772 8762 8749 8764 8799 8747 8692 8703 8732 8765 8900 9046 9206 9190 9196 9201 9217 9359 9666 9898 9935 9931 9869 9722 9728 9708 9684 9646 9594 9550 9518 9494 9488 9481 9493 9508 9515 9518 9494 9494 9502 9516 9521 9530 9540 9564 9574 9577 9578 9579 9575 9568 9567 9567 9558 9547 9536 9524 9513 9504 9497 9492 9493
9808 9812 9915 1.006e+004 1.02e+004 1.031e+004 1.029e+004 1.015e+004 9936 9692 9481 9312 9167 9040 8921 8866 8708 8607 8653 8635 8609 8593 8579 8575 8564 8526 8508 8537 8557 8591 8655 8772 8911 9017 9108 9171 9159 9174 9384 9632 9833 9956 9908 9747 9713 9711 9693 9657 9611 9563 9526 9510 9504 9488 9493 9497 9504 9518 9501 9492 9486 9499 9507 9515 9524 9544 9565 9573 9576 9578 9576 9571 9569 9570 9561 9550 9540 9531 9520 9510 9502 9498 9503
9912 9934 1.005e+004 1.018e+004 1.024e+004 1.026e+004 1.014e+004 9991 9702 9415 9216 9097 8986 8879 8803 8787 8657 8495 8441 8444 8420 8410 8416 8398 8356 8346 8348 8376 8398 8413 8492 8599 8661 8828 9013 9204 9158 9127 9188 9386 9693 9936 9909 9782 9727 9706 9686 9656 9624 9590 9558 9539 9536 9532 9525 9513 9509 9513 9508 9501 9487 9483 9493 9503 9513 9533 9559 9569 9577 9581 9583 9583 9581 9576 9564 9553 9542 9531 9521 9511 9504 9498 9504
1.002e+004 1.007e+004 1.013e+004 1.016e+004 1.016e+004 1.006e+004 9832 9670 9426 9169 8994 8908 8812 8712 8616 8516 8389 8398 8373 8339 8288 8277 8298 8287 8254 8270 8290 8305 8323 8335 8350 8425 8487 8633 8829 9018 9113 9109 9092 9240 9562 9854 9854 9796 9749 9690 9662 9650 9634 9614 9580 9568 9569 9563 9552 9531 9515 9520 9526 9527 9513 9486 9493 9501 9511 9529 9552 9568 9580 9589 9596 9600 9596 9578 9566 9555 9544 9532 9522 9513 9505 9498 9496
1.007e+004 1.01e+004 1.014e+004 1.017e+004 1.012e+004 9906 9582 9309 9174 9022 8884 8786 8684 8575 8462 8371 8332 8340 8329 8298 8264 8246 8246 8242 8238 8250 8256 8263 8273 8277 8291 8337 8383 8477 8606 8720 8851 9099 9050 9180 9440 9701 9914 9842 9773 9701 9657 9645 9649 9640 9609 9592 9589 9582 9572 9555 9548 9547 9545 9544 9543 9510 9505 9508 9514 9525 9549 9568 9583 9594 9606 9616 9620 9579 9567 9556 9543 9532 9523 9514 9507 9504 9506
1e+004 1.003e+004 1.009e+004 1.018e+004 1.007e+004 9786 9435 9169 9044 8952 8848 8711 8588 8474 8369 8309 8290 8290 8287 8268 8244 8232 8227 8227 8229 8236 8230 8229 8246 8253 8267 8286 8319 8378 8451 8525 8631 8833 8997 9135 9324 9531 9875 9880 9785 9701 9633 9640 9663 9685 9642 9606 9590 9587 9584 9564 9554 9549 9539 9532 9518 9512 9517 9521 9524 9529 9550 9572 9587 9601 9613 9621 9620 9593 9573 9559 9548 9537 9527 9515 9506 9501 9494
9978 1.002e+004 1.01e+004 1.016e+004 9896 9579 9331 9118 8994 8885 8767 8632 8511 8397 8295 8284 8260 8258 8251 8238 8225 8222 8221 8218 8217 8219 8216 8225 8232 8239 8254 8270 8290 8334 8393 8457 8540 8665 8866 9038 9208 9369 9774 9888 9797 9704 9668 9655 9660 9660 9632 9598 9579 9573 9572 9554 9543 9530 9524 9517 9515 9531 9536 9536 9541 9553 9566 9579 9589 9602 9613 9621 9616 9597 9576 9561 9548 9537 9526 9517 9505 9494 9482
9980 1.002e+004 1.004e+004 1e+004 9730 9459 9280 9131 8989 8825 8662 8555 8448 8351 8264 8245 8240 8237 8234 8227 8223 8220 8219 8216 8212 8211 8209 8211 8219 8222 8230 8240 8263 8302 8373 8437 8511 8601 8724 8924 9118 9276 9654 9913 9835 9719 9679 9670 9664 9646 9620 9571 9555 9551 9543 9532 9511 9510 9522 9533 9519 9541 9548 9546 9549 9561 9579 9577 9587 9600 9612 9621 9622 9592 9572 9560 9548 9537 9526 9516 9505 9492 9485
1e+004 1.005e+004 1.003e+004 9824 9545 9371 9261 9157 8979 8791 8640 8498 8400 8326 8278 8243 8234 8235 8234 8231 8228 8222 8219 8219 8213 8217 8211 8205 8193 8200 8206 8210 8239 8266 8305 8366 8446 8549 8688 8851 9032 9198 9634 1.004e+004 9891 9735 9696 9691 9684 9680 9645 9565 9542 9535 9529 9521 9510 9508 9518 9528 9522 9540 9550 9548 9546 9540 9533 9562 9579 9593 9607 9620 9623 9599 9581 9565 9551 9540 9530 9521 9511 9502 9493
1.005e+004 1.007e+004 1.002e+004 9816 9493 9333 9244 9157 8950 8721 8535 8427 8352 8302 8272 8245 8237 8238 8235 8236 8227 8227 8222 8210 8212 8208 8214 8198 8192 8187 8192 8209 8223 8238 8245 8308 8381 8479 8605 8778 8957 9110 9546 9910 9919 9797 9707 9693 9677 9672 9641 9567 9536 9526 9527 9523 9515 9509 9511 9505 9517 9533 9543 9544 9544 9544 9552 9560 9571 9585 9599 9612 9626 9626 9593 9566 9552 9542 9533 9526 9519 9515 9509
1.006e+004 1.01e+004 1.007e+004 9818 9475 9325 9198 9056 8831 8623 8438 8353 8309 8279 8257 8245 8241 8238 8232 8221 8232 8234 8230 8219 8214 8205 8209 8192 8189 8184 8179 8188 8212 8233 8257 8298 8370 8448 8563 8719 8865 9036 9362 9682 9960 9950 9776 9669 9667 9631 9582 9539 9524 9516 9512 9511 9518 9516 9513 9511 9511 9525 9536 9543 9544 9544 9544 9553 9563 9574 9584 9594 9601 9590 9566 9554 9546 9540 9535 9532 9527 9520 9515
1.007e+004 1.012e+004 1.007e+004 9791 9461 9316 9138 8937 8736 8543 8379 8309 8284 8267 8257 8254 8249 8244 8240 8238 8248 8240 8237 8237 8195 8180 8204 8195 8189 8184 8180 8188 8210 8239 8272 8325 8384 8452 8563 8697 8819 8999 9224 9542 9933 1.015e+004 9985 9695 9628 9587 9551 9529 9513 9507 9501 9496 9502 9516 9516 9493 9510 9529 9540 9545 9547 9546 9549 9548 9554 9559 9563 9566 9566 9552 9542 9541 9540 9539 9539 9539 9537 9531 9525
1.01e+004 1.012e+004 1.009e+004 9825 9487 9315 9090 8864 8660 8497 8349 8293 8277 8268 8264 8262 8256 8257 8265 8278 8273 8234 8195 8181 8155 8138 8170 8180 8184 8184 8189 8199 8212 8224 8259 8301 8369 8454 8583 8721 8805 8959 9169 9476 9837 1.025e+004 1.014e+004 9825 9628 9561 9529 9512 9509 9505 9499 9492 9503 9521 9529 9540 9534 9541 9552 9554 9550 9547 9540 9550 9544 9542 9542 9542 9539 9539 9532 9533 9536 9539 9542 9545 9549 9556 9542
1.009e+004 1.01e+004 1.006e+004 9819 9495 9289 9056 8812 8618 8483 8371 8314 8288 8279 8275 8267 8261 8273 8293 8321 8305 8218 8121 8062 8053 8070 8125 8183 8206 8198 8201 8210 8218 8243 8259 8281 8347 8447 8617 8803 8925 8971 9169 9444 9744 1.015e+004 1.015e+004 9846 9608 9556 9527 9515 9514 9513 9513 9522 9525 9521 9525 9534 9537 9548 9560 9555 9548 9544 9549 9542 9527 9521 9520 9519 9516 9512 9520 9524 9529 9536 9543 9548 9552 9556 9546
1.003e+004 1.005e+004 1.001e+004 9813 9501 9276 9045 8811 8610 8468 8391 8316 8288 8294 8282 8271 8270 8286 8309 8347 8324 8207 8076 8027 8039 8059 8101 8184 8205 8203 8216 8222 8232 8246 8269 8289 8351 8483 8671 8856 8955 9012 9292 9476 9674 1.006e+004 1.009e+004 9757 9597 9562 9538 9529 9527 9526 9531 9542 9536 9528 9521 9525 9529 9541 9551 9548 9539 9529 9521 9504 9497 9498 9500 9500 9497 9494 9503 9512 9523 9534 9543 9550 9552 9549 9549
9989 1e+004 9966 9794 9504 9279 9057 8827 8608 8413 8249 8213 8275 8323 8286 8280 8283 8296 8314 8321 8321 8210 8091 8046 8056 8084 8137 8191 8221 8218 8230 8235 8243 8250 8274 8279 8346 8482 8714 8944 9021 9027 9286 9479 9685 1.002e+004 1.004e+004 9771 9620 9570 9558 9553 9545 9537 9530 9528 9533 9533 9518 9516 9521 9531 9538 9537 9527 9511 9488 9461 9471 9480 9484 9487 9487 9487 9489 9504 9520 9535 9547 9557 9561 9559 9561
9958 9970 9951 9799 9518 9329 9105 8859 8580 8385 8222 8184 8277 8352 8294 8283 8283 8299 8331 8349 8299 8229 8136 8086 8099 8131 8150 8214 8237 8235 8242 8239 8242 8249 8275 8279 8355 8501 8735 8968 9037 9035 9194 9455 9697 9909 9901 9717 9671 9629 9616 9594 9570 9548 9526 9514 9525 9545 9540 9512 9516 9523 9529 9530 9520 9504 9480 9460 9462 9469 9476 9481 9486 9486 9488 9504 9524 9541 9555 9566 9577 9579 9573
9912 9958 9974 9878 9614 9410 9199 8963 8727 8468 8271 8212 8302 8358 8297 8285 8282 8288 8295 8320 8350 8273 8202 8214 8213 8229 8231 8247 8247 8254 8247 8244 8249 8257 8276 8289 8366 8513 8730 8920 8994 9038 9184 9428 9676 9833 9853 9716 9716 9702 9685 9637 9596 9561 9529 9506 9516 9524 9515 9508 9508 9518 9525 9525 9520 9509 9491 9468 9466 9469 9475 9483 9491 9503 9510 9518 9533 9547 9561 9575 9585 9589 9581
9891 9972 1.003e+004 9974 9710 9537 9321 9085 8858 8583 8451 8389 8343 8329 8300 8288 8285 8283 8274 8293 8310 8306 8316 8354 8396 8323 8297 8298 8254 8255 8254 8253 8260 8268 8281 8316 8391 8536 8734 8882 8954 9070 9232 9383 9577 9771 9829 9701 9700 9709 9706 9661 9613 9571 9537 9524 9521 9509 9495 9502 9506 9520 9522 9521 9530 9519 9508 9502 9474 9472 9479 9488 9498 9508 9521 9534 9540 9550 9563 9580 9594 9593 9585
9936 1.001e+004 1.008e+004 1.003e+004 9795 9623 9413 9184 8952 8699 8558 8447 8365 8313 8293 8283 8283 8284 8286 8288 8295 8300 8318 8339 8345 8325 8293 8264 8270 8269 8265 8261 8261 8273 8287 8336 8430 8573 8749 8914 8960 9041 9177 9305 9500 9715 9815 9718 9706 9691 9698 9661 9620 9580 9544 9529 9523 9511 9504 9508 9519 9534 9557 9577 9550 9527 9507 9485 9468 9474 9483 9493 9504 9513 9524 9536 9538 9546 9559 9577 9593 9593 9585
9949 1.001e+004 1.011e+004 1.009e+004 9894 9685 9466 9262 9068 8823 8651 8508 8381 8304 8295 8282 8284 8285 8285 8284 8281 8287 8291 8295 8297 8304 8293 8288 8281 8274 8269 8268 8273 8282 8304 8373 8486 8609 8736 8808 8910 9000 9117 9254 9469 9707 9845 9759 9735 9668 9666 9654 9626 9593 9559 9541 9536 9522 9518 9515 9523 9536 9560 9581 9551 9524 9501 9480 9472 9479 9487 9497 9508 9521 9530 9523 9525 9533 9546 9564 9586 9582 9578
9900 9968 1.006e+004 1.011e+004 1.001e+004 9756 9505 9326 9146 8939 8718 8538 8416 8362 8319 8300 8288 8286 8287 8289 8292 8294 8300 8304 8302 8298 8296 8295 8287 8274 8271 8275 8277 8283 8325 8381 8471 8629 8786 8912 8934 8986 9120 9296 9515 9737 9870 9790 9732 9699 9675 9652 9634 9614 9583 9564 9540 9523 9510 9505 9500 9506 9526 9539 9521 9509 9495 9482 9486 9485 9489 9496 9506 9518 9524 9508 9506 9515 9526 9539 9554 9559 9562
9858 9882 9904 1.003e+004 1.007e+004 9872 9612 9401 9189 8978 8760 8553 8437 8386 8337 8310 8301 8297 8298 8297 8296 8296 8302 8305 8302 8298 8297 8297 8289 8285 8290 8290 8292 8311 8340 8401 8498 8673 8839 8962 9010 9030 9174 9362 9580 9797 9967 9914 9712 9662 9652 9645 9643 9642 9638 9603 9566 9522 9498 9489 9483 9485 9488 9472 9486 9492 9492 9493 9487 9488 9491 9495 9500 9505 9508 9477 9485 9494 9505 9513 9516 9533 9539
9841 9818 9764 9915 1.005e+004 9929 9696 9468 9256 9039 8835 8653 8489 8411 8370 8340 8320 8307 8309 8308 8301 8297 8305 8303 8303 8300 8296 8294 8299 8302 8305 8309 8320 8357 8393 8479 8610 8761 8894 8992 9064 9118 9259 9446 9647 9842 9984 9945 9715 9625 9629 9637 9649 9664 9664 9625 9584 9528 9489 9480 9483 9487 9477 9469 9478 9485 9493 9497 9490 9491 9493 9493 9490 9484 9475 9472 9473 9479 9488 9499 9511 9515 9522
9826 9817 9806 9839 9902 9951 9727 9538 9349 9160 8965 8764 8622 8519 8455 8411 8363 8334 8337 8332 8319 8313 8317 8315 8312 8306 8304 8308 8306 8309 8310 8337 8376 8431 8489 8601 8730 8881 9009 9076 9141 9210 9344 9507 9698 9869 9969 9911 9765 9646 9614 9624 9646 9667 9663 9625 9575 9564 9499 9468 9469 9473 9468 9473 9476 9483 9493 9502 9498 9500 9497 9491 9482 9467 9448 9453 9462 9469 9477 9482 9490 9502 9509
9846 9855 9856 9825 9860 1.005e+004 9807 9626 9451 9265 9111 8948 8804 8670 8569 8490 8435 8389 8384 8373 8352 8335 8340 8334 8328 8317 8309 8319 8313 8325 8352 8388 8439 8542 8634 8755 8897 9007 9111 9143 9215 9292 9438 9588 9750 9894 9992 9933 9765 9606 9589 9609 9638 9664 9661 9619 9572 9548 9497 9459 9454 9455 9458 9459 9468 9483 9495 9507 9518 9511 9500 9489 9478 9465 9450 9446 9456 9466 9475 9477 9486 9498 9503
9841 9844 9807 9833 9888 1.006e+004 9908 9755 9576 9392 9239 9095 8964 8814 8695 8606 8542 8486 8460 8437 8409 8386 8390 8380 8361 8338 8326 8328 8346 8388 8432 8487 8555 8667 8789 8937 9036 9108 9175 9228 9296 9389 9554 9689 9790 9893 9959 9844 9652 9554 9561 9586 9620 9649 9647 9612 9573 9546 9498 9459 9455 9450 9459 9469 9480 9487 9495 9505 9519 9511 9498 9488 9481 9472 9464 9459 9461 9473 9486 9496 9501 9506 9508
9854 9845 9818 9860 9955 1.002e+004 1.001e+004 9899 9727 9539 9377 9222 9115 8966 8861 8766 8680 8595 8556 8529 8491 8452 8446 8442 8416 8371 8359 8395 8431 8480 8561 8643 8726 8796 8927 9076 9155 9217 9270 9331 9393 9497 9647 9744 9790 9825 9810 9595 9535 9525 9543 9570 9601 9623 9618 9593 9562 9532 9505 9480 9468 9467 9466 9476 9484 9489 9491 9490 9493 9494 9494 9491 9487 9483 9480 9475 9472 9485 9502 9519 9521 9518 9518
9864 9861 9834 9858 9908 9991 1.006e+004 1.001e+004 9878 9713 9492 9369 9281 9145 9046 8934 8835 8762 8689 8648 8593 8532 8516 8523 8512 8480 8483 8531 8574 8659 8735 8808 8889 8960 9108 9190 9266 9365 9467 9481 9497 9582 9696 9751 9752 9720 9637 9497 9488 9510 9530 9550 9567 9581 9579 9565 9551 9538 9515 9499 9479 9466 9468 9479 9492 9489 9487 9484 9477 9483 9493 9497 9495 9493 9491 9487 9486 9498 9514 9526 9530 9528 9527
