real_craters/C192-500m.grd
DSAA
359 359
-89.425 89.425
-89.425 89.425
7282.201193667 10420.81869817
[rows 60 to 89 of 359, columns 201 to 267 of 359]
9419.12 9412.63 9404.15 9393.09 9381.62 9371.24 9366.23 9363.95 9362.55 9362.83 9363.74 9365.3 9367.15 9368.84 9369.55 9370.35 9371.17 9372.33 9372.33 9372.3 9371.85 9371.14 9373.68 9377.05 9382.6 9381.17 9383.63 9389.4 9394.46 9396.03 9394.86 9392.38 9394.42 9365.96 9381.53 9376.58 9370.91 9367.18 9358.29 9344.09 9329.88 9322.95 9321.79 9319.09 9316.7 9309.83 9301.55 9292.79 9284.46 9279.03 9277.76 9276.98 9271.9 9279.69 9289.1 9295.73 9299.44 9301.81 9303.39 9309.02 9317.19 9325.67 9329.22 9328.34 9325.39 9322.39 9318.76
9416.35 9408.2 9399.39 9389.02 9377.34 9365.88 9361.36 9361.22 9361.02 9361.64 9363.13 9364.84 9366.56 9368.91 9370.23 9371.33 9372.32 9372.78 9373.71 9375.37 9378.17 9378.33 9375.35 9373.71 9371.97 9372.53 9379.07 9384.2 9388.43 9389.64 9386.49 9382.3 9374.81 9385.23 9381.57 9373.58 9370.43 9371.47 9364.76 9346.88 9337.98 9329.33 9327.12 9331.89 9322.22 9312.5 9304.76 9297.31 9291.62 9287.37 9283.98 9282.65 9284.78 9291.97 9299.28 9304.63 9305.91 9307.8 9306.89 9311.31 9319.76 9326.38 9329.3 9329.54 9328.63 9325.54 9317.5
9414.95 9405.86 9397.03 9387.65 9377.58 9366.06 9358.07 9358.99 9359.18 9360.03 9361.2 9364.29 9365.9 9367.44 9368.72 9370.61 9371.86 9373.41 9375.22 9377.78 9380.7 9380.23 9376.01 9370.18 9360.15 9368.76 9375.54 9379.32 9381.87 9380.93 9377.18 9372.73 9368.91 9368.13 9372.93 9367.11 9365.06 9356.35 9349.28 9338.34 9327.53 9322.83 9323.07 9322.91 9318.89 9313.63 9308.78 9303.99 9299.85 9295.4 9290.97 9291.44 9301.25 9307.63 9311.98 9317.67 9323.02 9323.59 9318.45 9318.93 9324.43 9328.3 9330.01 9330.12 9328.99 9325.06 9315.22
9414.18 9405.77 9396.3 9387.65 9381.34 9369.27 9362.67 9360.79 9360.84 9363.06 9363.92 9364.24 9365.76 9367.37 9368.75 9370.43 9372.18 9373.78 9375.55 9377.16 9378.07 9378.66 9377.19 9375.41 9380.59 9379 9374.8 9373.33 9373.66 9371.3 9366.61 9362.71 9359.53 9361.15 9380.94 9365.99 9364.41 9358.63 9348.18 9333.26 9313.82 9315.91 9317.52 9316.96 9315.53 9313.87 9313.51 9312 9309.37 9304.68 9299.95 9302.67 9309.59 9315.36 9322.13 9329.07 9337.94 9339.69 9332.73 9330.32 9330.85 9333.36 9334.99 9330.13 9323.84 9316.11 9311.5
9415.21 9406.78 9395.57 9386.34 9377.36 9372.73 9365.12 9363.05 9363.76 9365.56 9367.1 9368.36 9369.7 9370.19 9372.25 9373.19 9374.52 9375.49 9376.52 9377.06 9377.17 9377.75 9378.37 9379.36 9379.12 9377.79 9371.19 9365.25 9361.16 9358.53 9356.38 9354.99 9354.53 9359.83 9369.34 9362.23 9369.38 9374.26 9360.94 9341.48 9324.59 9320.57 9317.78 9313.82 9312.83 9316.97 9321.48 9323.62 9323.24 9319.71 9315.01 9320.58 9324.65 9328.18 9331.13 9335.24 9341.08 9343.15 9337.52 9334.96 9334.67 9335.68 9335.1 9328.99 9321.51 9312.91 9310.93
9417.61 9408.13 9395.87 9384.76 9373.53 9360.34 9360.47 9363.93 9365.22 9366.68 9367.81 9368.63 9369.28 9369.92 9370.36 9371.14 9372.32 9372.58 9374.58 9375.97 9377.58 9377.71 9378.06 9379.38 9377.77 9371.76 9364.42 9355.34 9347.8 9345.62 9346.19 9347.68 9351.61 9358.59 9373.42 9365.59 9369.43 9378.32 9365.54 9352.92 9342.82 9332.17 9325.04 9317.68 9315.46 9325.27 9333.02 9337.13 9340.62 9342.84 9339.75 9343.04 9340.84 9339.76 9337.49 9336.17 9335.7 9334.51 9334.73 9335.17 9336.4 9335.48 9334.37 9327.28 9321.65 9318.12 9313.75
9423.02 9412.61 9398.45 9386.65 9372.11 9362.32 9365.09 9368.05 9368.1 9367.64 9367.99 9368.09 9368.63 9368.69 9369.03 9369.17 9370.21 9371.39 9373.12 9374.27 9374.89 9376.05 9376.39 9375.72 9373.6 9368.35 9358.26 9346.45 9335.51 9335.1 9336.69 9339.87 9345.27 9350.89 9362.47 9361.8 9356.33 9356.46 9355.91 9355.43 9351.97 9342.24 9337.39 9333.02 9330.42 9341.95 9347.4 9350.87 9355.67 9364.39 9368.55 9356.31 9348.42 9346 9338.8 9334.19 9330.67 9327.13 9333.78 9340.1 9339.41 9335.75 9329.88 9323.54 9320.38 9318.77 9315.11
9428.57 9414.87 9404.72 9394.57 9385.88 9382.95 9380.68 9375.88 9372.83 9370.9 9370.14 9369.63 9367.88 9367.73 9368.21 9368.37 9368.81 9370.25 9371.27 9372.88 9374.96 9374.61 9373.98 9370.46 9364.95 9366.13 9354.81 9341.76 9331.83 9329.94 9331.1 9333.3 9335.58 9339.93 9348.42 9342.18 9334.71 9334.74 9339.43 9342.25 9344.82 9345.52 9349.29 9357.12 9366.87 9365.59 9361.29 9359.74 9361.08 9363.03 9353.5 9349.14 9343.37 9337.24 9333.83 9331.72 9330.57 9329.95 9339.37 9344.63 9347.05 9339.43 9324.1 9319.57 9319.38 9317.73 9315
9433.34 9422.46 9409.41 9402.1 9400.29 9400.92 9389.44 9381.73 9377.5 9375.25 9373.45 9372.47 9370.55 9369.84 9370.2 9369.57 9369.46 9369.27 9369.51 9369.79 9370.26 9371.5 9372.72 9373.1 9368.05 9362.58 9351.49 9338.78 9329.68 9326.04 9326.1 9324.94 9324.29 9325.39 9335.81 9317.91 9314.79 9319.9 9326.05 9326.53 9333.49 9344.01 9354.79 9370.71 9394.79 9379.15 9367.42 9361.86 9358.64 9354.78 9340.79 9339.05 9332.45 9326.59 9325.94 9329.41 9334.96 9342.54 9354.67 9366.28 9363.94 9351.85 9336.86 9327.98 9323.68 9317.96 9315.3
9439.09 9424.42 9411.21 9402.98 9398.42 9388.98 9383.5 9380.33 9377.23 9374.81 9373.14 9372.59 9373.22 9372.76 9371.15 9370.99 9370.57 9369.28 9368.24 9365.85 9364.76 9367.11 9369.87 9374.21 9368.13 9355.77 9346.76 9337.63 9329.98 9325.78 9323.16 9319.15 9314.58 9310.11 9312.21 9308.76 9306.8 9318.51 9321.56 9324.77 9331.18 9340.92 9351.62 9363.11 9370.36 9367.62 9361.67 9356.78 9352.38 9343.36 9329.94 9328 9321.24 9316.67 9319.36 9327.48 9339.4 9355.71 9369.66 9379.89 9379.37 9368.02 9353.58 9342.16 9333.36 9326.53 9323.7
9441.25 9429.91 9415.73 9400.17 9388.96 9378.54 9378.28 9378.48 9377.95 9375.4 9375.49 9374.66 9373.36 9373.37 9372.51 9371.02 9369.49 9368.09 9366.36 9364.26 9363 9362.72 9363.35 9363.16 9359.31 9348.54 9345.18 9340.66 9334.68 9328.15 9320.91 9315.34 9307.18 9299.97 9291.97 9303.23 9297.86 9314.24 9319.68 9324.16 9330.43 9337.38 9344.12 9348.72 9348.37 9348.84 9349.31 9347.84 9344.98 9341.3 9328.57 9314.94 9310.18 9308.28 9312.17 9323.31 9339.1 9356.64 9375.6 9393.88 9397.52 9381.31 9365.66 9353.05 9342.74 9337.06 9337.14
9445.83 9431.63 9416.37 9398.73 9385.15 9380.85 9378.33 9379.44 9381.3 9382.03 9381.84 9379.97 9378.35 9376.51 9373.94 9371.81 9369.46 9367.44 9365.48 9364.77 9362.59 9358.67 9355.38 9354.07 9356.88 9358.24 9351.97 9348.8 9343.14 9333.92 9326.27 9316.21 9305.55 9293.75 9288.91 9303.34 9292.11 9309.38 9318.11 9324.48 9328.59 9332.7 9336.1 9336.82 9333.64 9334.21 9337.91 9338.09 9335.51 9329.05 9318.86 9306.92 9300.17 9297.39 9301.9 9316.67 9335.56 9357.54 9378.65 9395 9399.62 9383.03 9369.04 9357.36 9347.62 9340.83 9337.71
9445.15 9431.74 9415.12 9399.3 9382.94 9378.72 9377.78 9380.64 9384.58 9385.05 9385.24 9385.21 9383.91 9381.63 9378.45 9374.28 9370.07 9366.77 9363.69 9360.78 9358.4 9355.08 9350.3 9345.73 9355.81 9366.63 9354.01 9354.78 9350.34 9339.61 9329.38 9317.95 9306.8 9294.44 9285.76 9306.98 9296.77 9308.17 9316.66 9321.86 9325 9327.41 9329.09 9329.2 9327.7 9327.93 9330.58 9330.35 9326.81 9320.55 9311.01 9298.9 9294.76 9291.97 9294.73 9310.4 9328.41 9347.94 9364.88 9374.48 9374 9373.17 9365.48 9357.95 9347.8 9339.26 9333.47
9444.37 9433.08 9420.81 9407.28 9395.91 9389.32 9384.85 9388.34 9389.44 9389.51 9388.65 9386.47 9384.38 9382.81 9380.01 9376.93 9373.07 9368.4 9363.44 9356.92 9355.17 9354.35 9351.55 9351.92 9356.09 9359.22 9354.67 9360.27 9356.65 9346.6 9335.26 9323.86 9313.22 9302.96 9297.52 9299.48 9312.19 9313.23 9314.09 9317.27 9319.12 9322.21 9324.42 9325.2 9326.05 9327.87 9327.35 9326.4 9322.35 9316.12 9311.16 9304.78 9299.07 9295.33 9297.03 9306.14 9320.51 9335.55 9347.96 9358.29 9364.12 9361.04 9356.7 9350.92 9344.88 9338.98 9334.31
9443.85 9433.87 9424.85 9417.96 9415.93 9406.73 9402.92 9400.33 9398.06 9395.87 9393.23 9390.51 9388.35 9385.06 9382.5 9379.11 9374.74 9371.44 9366.47 9361.64 9359.16 9357.83 9356.5 9356.16 9359.82 9364.48 9371.02 9372.61 9363.36 9351.77 9340.16 9328.87 9320.04 9314.42 9313.85 9303.71 9319.39 9317.74 9309.21 9305.71 9312.82 9318.05 9321.18 9323.03 9324.31 9323.15 9325.64 9325.64 9324.83 9321.12 9316.74 9314.28 9308.95 9300.82 9294.78 9302.26 9313.8 9325.76 9336.9 9342.41 9344.33 9348.64 9348.1 9345.19 9343.66 9341.76 9338.97
9441.99 9432.76 9424.84 9419.64 9418.15 9415.95 9414.18 9409.39 9404.37 9400.28 9397.11 9394.06 9390.99 9388.61 9386.01 9382.31 9378.44 9374.15 9370.3 9368.36 9364.78 9363.19 9363.42 9364.28 9364.86 9367.45 9375.49 9372.35 9366.46 9356.82 9346.67 9336.35 9327.28 9322.99 9323.22 9320.4 9330.4 9320.59 9309.63 9306.05 9310.47 9315.46 9319.82 9322.97 9324.81 9326.91 9326.24 9325.64 9326.54 9323.92 9323.49 9325.65 9321.83 9310.78 9300.85 9303.76 9310.53 9317.11 9322.66 9328.42 9335.62 9339.46 9342.73 9344.58 9346.88 9348.93 9350.27
9438.24 9429.9 9420.73 9413.38 9411.76 9414.44 9417.64 9415.77 9410.77 9406.07 9402.42 9398.78 9394.91 9391.63 9387.82 9383.36 9380.24 9376.42 9372.73 9368.93 9367.87 9367.22 9367.03 9367.63 9368.56 9370.77 9374.58 9373.43 9366.61 9358.69 9349.17 9339.48 9331.44 9325.5 9321.19 9324.74 9321.03 9317.33 9309.36 9308.04 9311.91 9316.42 9320.61 9323.81 9325.89 9325.83 9326.18 9324.74 9322.02 9323.27 9328.46 9334.96 9334.74 9324.32 9312.91 9310.88 9312.05 9312.5 9311.3 9316.3 9322.02 9331.38 9341.07 9347.76 9352.86 9357.92 9363.71
9436.36 9426.95 9415.69 9404.5 9403.24 9411.54 9420.45 9420.17 9416.25 9411.46 9406.69 9402.11 9397.32 9393.53 9389.91 9386.18 9383.5 9379.97 9376.77 9374.32 9373.15 9371.21 9367.33 9368.02 9371.45 9374.95 9380.24 9373.18 9366.99 9358.94 9351.46 9343.43 9335.71 9327.29 9318.36 9313.49 9312.14 9314.02 9314.37 9314.54 9316.3 9319.54 9322.38 9325.22 9327.71 9331.82 9329.23 9325.73 9321.9 9321.34 9331.78 9342.51 9347.24 9336.74 9329.03 9323.29 9317.51 9312.88 9310.44 9314.38 9324.26 9336.46 9345.02 9349.36 9354.57 9365.91 9376.84
9436.56 9425.83 9415.07 9400.55 9396.86 9408.27 9422.05 9421.43 9418.2 9415.58 9410.1 9405.44 9400.02 9395.49 9391.57 9388.05 9386.65 9385.91 9382.88 9379.5 9381.58 9379.49 9374.4 9373.02 9374.76 9377.04 9381.63 9377.1 9364.89 9356.91 9349.7 9344.4 9336.77 9329.58 9321.22 9315.35 9310.78 9314.31 9320.53 9321.6 9322.74 9324.51 9326.54 9328.33 9329.71 9330.34 9330.12 9329.7 9329.44 9329.48 9336.15 9343.28 9345.16 9342.9 9339.13 9332.75 9324.43 9317.32 9311.05 9315.08 9334.63 9349.62 9353.22 9356.77 9361.31 9374.38 9383.8
9432.33 9424.89 9418.52 9416.3 9400.45 9406.28 9413.45 9417.49 9418.74 9417.57 9413.44 9408.12 9401.94 9396.43 9392.02 9388.77 9387.52 9391.75 9398.99 9396.61 9394.46 9389.74 9386.68 9382.21 9378.09 9374.1 9370.22 9360.49 9357.43 9352.42 9347.65 9343.47 9339.32 9335.37 9332.15 9327.84 9319.88 9320.16 9322.53 9325.93 9327.77 9329.31 9330.7 9331.87 9332.67 9331.99 9333.23 9335.4 9334.82 9337.35 9341.35 9346.12 9348.57 9348.11 9344.18 9338.21 9331.14 9325.45 9321.24 9325.57 9340.47 9352.24 9359.14 9368.65 9382.55 9383.75 9386.7
9425.9 9423.51 9419.73 9415.03 9408.6 9411.94 9415.25 9418.25 9420.56 9419.77 9414.61 9410.47 9404.3 9397.09 9390.2 9385.55 9383.18 9387.65 9410.58 9422.07 9399.21 9393.79 9391.8 9387.46 9380.75 9372.33 9358.11 9353.58 9352.38 9349.02 9345.86 9342.6 9340.86 9339.51 9340.08 9341.36 9336.47 9330.88 9331.27 9331.98 9332.84 9333.72 9334.87 9335.9 9336.4 9337.51 9339.93 9342.41 9343.21 9339.29 9345.32 9352.45 9358.57 9356.26 9348.45 9340.63 9337.83 9335.54 9336.08 9340.66 9345.51 9351.24 9359.25 9371.29 9385.14 9383.44 9381.06
9422.09 9424.86 9424.45 9417.55 9425.42 9424.19 9426.15 9427.65 9425.75 9421.78 9415.33 9408.99 9402.12 9395.24 9388.39 9381.16 9373.14 9365.51 9354.85 9364.1 9381.92 9390.37 9393.3 9389.86 9383.2 9375.28 9367.56 9358.56 9351.24 9347.85 9344.72 9342.37 9340.84 9341.25 9343.03 9346.98 9343.97 9340.68 9340.08 9338.57 9338.03 9337.57 9337.96 9338.65 9340 9340.64 9341.15 9345.66 9343.77 9342.02 9348.64 9355.96 9363.93 9359.37 9351.18 9349.59 9342.87 9344.11 9347.98 9350.98 9350.35 9352.55 9353.08 9362.7 9370.01 9372.64 9372.6
9424.08 9431.71 9439.22 9441.56 9432.3 9435.53 9439.73 9441.91 9431.05 9423.47 9417 9409.1 9401.93 9395.2 9386.46 9377.28 9365.19 9348.19 9328.13 9338.17 9366.93 9387.7 9398.76 9391.69 9384.54 9377.85 9370.55 9353.94 9348.2 9345.53 9343.68 9342.55 9341.36 9340.51 9340.58 9339.75 9351.56 9350.67 9344.13 9342.87 9341.9 9341.02 9341.15 9341.59 9342.93 9345.79 9350.35 9348.33 9348 9349.4 9351.68 9354.52 9355.38 9353.01 9348.3 9342.74 9345.28 9349.19 9354.55 9361.79 9350.27 9334.53 9344.41 9355.85 9359.6 9363.42 9365.54
9427.66 9440.52 9455.58 9457.14 9448.54 9447.18 9444.11 9435.98 9433.6 9427.02 9419.15 9410.94 9402.86 9395.43 9386.21 9377.3 9365.16 9350.04 9330.86 9341.46 9365.28 9384.32 9393.79 9388.89 9381.74 9374.97 9366.88 9351.33 9348 9347.44 9345.76 9344.5 9342.92 9341.56 9341.2 9346.39 9350.27 9348.39 9349.3 9347.02 9344.56 9343.51 9343.11 9343.17 9344.7 9347.26 9348.6 9350.9 9355.2 9355.65 9353.47 9351.84 9349.98 9348.18 9347.71 9348.41 9350.43 9351.34 9353.46 9354.39 9350.47 9346.57 9352 9358.77 9362.75 9363.72 9360.07
9430.73 9447.56 9464.46 9478.06 9470.1 9459.65 9454.66 9452.57 9438.86 9427.8 9418.92 9410.39 9403.37 9395.95 9387.83 9380.6 9374.75 9368.91 9363.44 9364.62 9373.18 9380.4 9384.07 9382.72 9377.12 9369.56 9363.56 9357.38 9351.32 9349.84 9349.1 9347.72 9345.22 9341.93 9338.43 9339.01 9341.38 9345.71 9350.78 9347.76 9346.5 9345.74 9345.33 9345.84 9346.4 9347.23 9348.96 9355.97 9364.51 9358.75 9353.48 9349.35 9345.19 9343.11 9346.06 9353.92 9352.24 9349.63 9349.57 9347.58 9351.04 9359.08 9363.06 9365.12 9369.1 9367.49 9356.53
9438.51 9455.87 9468.91 9479.59 9480.08 9468.17 9457.43 9444.36 9437.1 9428.35 9420.23 9412.01 9403.62 9396.34 9390.55 9386.58 9384.76 9387.94 9399.1 9387.13 9384 9381.72 9381.36 9379.61 9373.2 9362.86 9355.41 9358.45 9353.65 9353.65 9352.83 9351.05 9348.58 9344.88 9339.23 9333.68 9331.3 9337.49 9346.23 9347.04 9346.31 9345.76 9344.7 9344.79 9345.65 9347.33 9351.04 9360.34 9359.14 9355.37 9351.33 9346.86 9342.15 9338.21 9341.58 9343.18 9343.86 9344.52 9345.93 9349.46 9354.28 9359.96 9364.69 9367 9367.73 9363.56 9351.71
9449.97 9470.73 9488.7 9493.36 9483.29 9470.48 9457.33 9445.44 9436.04 9429.46 9421.82 9414.34 9406.22 9399.2 9393.68 9390.73 9390.19 9394.16 9396.59 9395.35 9391.77 9389.98 9385.79 9380.77 9373.68 9364.34 9358.78 9359.84 9361.34 9359.75 9358.14 9356.37 9354.33 9352.15 9349.1 9341.73 9337.06 9341.78 9343.37 9345.06 9345.74 9346.07 9346.84 9346.84 9346.63 9347.32 9348.32 9352.79 9349.33 9349.1 9347.84 9345.78 9343.28 9342.08 9339.82 9337.3 9336.44 9339.09 9341.73 9344.49 9349.69 9360.16 9367.14 9364.61 9361.32 9355.18 9343.49
9472.63 9486.75 9499.55 9492.72 9482.08 9470.9 9458.31 9445.31 9436.17 9430.25 9422.8 9415.51 9408.46 9402.04 9395.27 9391.09 9388.8 9391.78 9397.85 9393.73 9393.14 9394.86 9389.94 9383.51 9377.84 9373.91 9371.08 9371.29 9370.14 9366.86 9364.57 9362.38 9360.25 9358.97 9359.74 9354.13 9346.72 9341.51 9342.18 9345.32 9346.31 9348.1 9347.04 9346.58 9346.12 9345.41 9344.96 9344.36 9342.31 9344.6 9345.83 9345.92 9344.98 9343.4 9339.68 9335.86 9333.76 9335.24 9338.59 9342.34 9347.39 9356.81 9359.18 9357.83 9350.67 9341.67 9330.87
9482.35 9496.64 9500.11 9483.38 9479.89 9471.84 9461.45 9451.4 9442.3 9433.49 9424.57 9417 9410.17 9403.54 9396.91 9390.91 9385.07 9377.52 9375.67 9383.9 9387.55 9388.09 9388.07 9385.08 9381.98 9378.19 9376.54 9374.44 9373.42 9372.56 9370.03 9367.44 9364.39 9362.53 9360.82 9361.1 9365.45 9364.84 9350.06 9347.04 9347.11 9346.33 9345.98 9346.26 9345.66 9344.98 9343.81 9340.97 9339.67 9343.3 9346.29 9347.61 9347.84 9346.4 9342.24 9335.73 9331.19 9332.65 9337.4 9343.18 9350.07 9355.19 9358.1 9350.67 9339.25 9326.33 9315.88
9503.35 9505.82 9502.68 9491.37 9483.83 9475.52 9465.82 9458.96 9451.49 9435.86 9425.53 9417.69 9411.92 9406.07 9399.27 9392.2 9384.54 9374.86 9369.21 9378.57 9382.64 9383.87 9385.35 9385.48 9385.32 9385.91 9383.25 9380.78 9380.67 9378.38 9375.84 9372.29 9368.18 9364.07 9362.38 9360.73 9358.94 9348.16 9345.95 9348.02 9347.53 9347.77 9348 9347.99 9346.41 9344.69 9342.46 9338.14 9341.77 9346.92 9350.05 9351.99 9352.85 9352.75 9347.03 9337.58 9328.89 9332.17 9338.14 9344.17 9350.38 9353.72 9352.14 9345.33 9330.82 9312.72 9300.56
