real_craters/C192-300m.grd
DSAA
597 597
-89.425 89.425
-89.425 89.425
7271.5829585021 10434.119863977
[rows 60 to 89 of 597, columns 268 to 334 of 597]
9357.62 9355.27 9352.35 9350.46 9348.83 9346.92 9344.92 9342.7 9340.03 9337.49 9334.78 9331.92 9329.16 9325.59 9322.17 9318.35 9314.03 9308.59 9307.18 9305.77 9304.38 9303.02 9303.14 9304.71 9305.9 9307.54 9308.89 9310.16 9312.15 9315.36 9318.42 9322.08 9325.28 9328.55 9331.76 9334.73 9337.83 9341 9344.44 9347.85 9352.45 9361.02 9369.62 9376.06 9377.72 9379.7 9383.23 9382.45 9377.67 9372.82 9367.74 9363.18 9359.19 9356 9354.68 9355.89 9359.2 9365.48 9371.58 9378.4 9384.98 9390.96 9396.04 9401.79 9407.47 9414.83 9418.85
9356.4 9352.04 9351.73 9350.73 9349.5 9347.84 9346 9344.17 9341.96 9339.96 9337.51 9334.87 9332.04 9328.92 9326.01 9323.01 9320.03 9317.45 9312.87 9309.61 9306.68 9304.38 9304.22 9305.5 9307.37 9310.14 9305.99 9305.56 9309.21 9312.85 9316.26 9319.49 9322.58 9325.88 9328.63 9331.78 9334.26 9336.66 9338.91 9341.6 9345.58 9355.72 9366.65 9374.5 9376.36 9378 9383.01 9381.32 9376.43 9371.25 9366.44 9362.07 9357.85 9353.82 9351.84 9353.94 9358.97 9366.28 9371.39 9377.09 9382.63 9388.07 9393.56 9398.61 9403.26 9409.73 9412.54
9356.99 9353.98 9352.93 9351.9 9350.78 9349.24 9347.71 9345.92 9343.9 9341.74 9339.56 9337.31 9334.92 9332.42 9329.96 9327.66 9325.69 9323.09 9318.37 9313.84 9310.06 9307.1 9306.4 9306.9 9307.19 9303.15 9302.26 9304.3 9308.54 9312.42 9315.93 9317.86 9320.64 9323.66 9326.28 9328.6 9330.54 9332.7 9334.73 9337.54 9342.98 9352.55 9363.75 9372.25 9374.29 9376.14 9381.03 9377.71 9373.53 9369.23 9365.07 9361.09 9356.96 9353.35 9351.49 9352.85 9357.57 9364.59 9369.89 9375.13 9380.47 9385.3 9390.09 9394.47 9398.46 9403.77 9405.31
9359.11 9357.4 9355.55 9353.93 9352.66 9351.11 9349.43 9347.72 9345.77 9343.9 9341.96 9339.89 9337.84 9335.64 9333.45 9331.58 9329.93 9327.44 9322.35 9317.8 9313.81 9310.5 9308.79 9308.1 9307.97 9297.94 9299.92 9306.2 9308.86 9311.78 9315.16 9317.92 9320.24 9322.74 9324.79 9326.87 9328.61 9330.43 9332.19 9334.44 9339.52 9349.74 9359.76 9367.48 9370.94 9371.99 9373.13 9371.14 9369.29 9366.53 9363.66 9360.56 9357.23 9354.06 9351.72 9352.27 9357.29 9362.62 9368.07 9373.14 9378.3 9382.88 9386.98 9390.66 9393.93 9398.38 9399.5
9361.39 9359.77 9358.09 9356.17 9354.45 9352.75 9351.08 9349.45 9347.82 9346.15 9344.46 9342.53 9340.74 9338.81 9336.82 9334.8 9332.39 9329.46 9325.38 9321.12 9317.38 9314.28 9311.47 9309.28 9307.45 9305.81 9305.18 9307.71 9310.62 9313.17 9315.42 9317.87 9320.38 9322.6 9324.42 9326.09 9327.4 9328.94 9330.84 9333.51 9338.99 9348.68 9357.8 9364.63 9369.1 9365.59 9360.59 9363.37 9364.24 9364.16 9362.8 9360.81 9358.08 9354.74 9351.08 9347.66 9353.39 9361.81 9367.04 9371.57 9376.19 9380.02 9383.5 9386.62 9389.49 9393.97 9395.21
9363.24 9362.2 9360.52 9358.18 9356.3 9354.56 9352.91 9351.38 9349.57 9348.08 9346.61 9345.01 9343.55 9341.95 9340.13 9337.94 9334.71 9331.63 9328.29 9324.25 9320.24 9317.37 9313.86 9311.06 9308.23 9303.33 9306.77 9311.53 9313.03 9314.74 9317.19 9319.56 9321.37 9322.93 9324.43 9326 9327.31 9328.69 9330.65 9333.97 9339.99 9348.95 9358.68 9364.12 9366.29 9361.53 9356.42 9358.78 9360.64 9361.57 9361.67 9361.13 9359.71 9357.14 9352.97 9349.27 9353.92 9361.87 9366.5 9370.7 9374.73 9378.06 9380.98 9383.49 9385.58 9389.91 9391.38
9364.4 9363.41 9361.86 9359.67 9357.73 9356.08 9354.48 9353.09 9351.71 9350.38 9349.08 9347.65 9346.28 9345.03 9343.59 9341.74 9339.25 9335.92 9331.97 9327.79 9322.67 9318.14 9316.77 9314.73 9313.68 9315.57 9319.35 9315.39 9315.56 9317.61 9319.81 9321.65 9323.21 9323.72 9324.91 9326.39 9327.55 9328.78 9330.77 9333.38 9339.19 9347.6 9356.15 9359.58 9359.37 9358.58 9356.46 9356.95 9358.67 9360.36 9361.76 9362.57 9362.46 9360.75 9356.73 9354.14 9356.42 9361.78 9366.15 9370.27 9373.88 9376.81 9379.28 9381.27 9382.86 9386.76 9387.07
9365.24 9363.95 9362.51 9360.48 9358.76 9357.3 9356.01 9354.82 9353.51 9352.38 9351.23 9350.02 9348.96 9348.04 9347.16 9346.09 9344.13 9340.84 9336.65 9332.27 9327.66 9324.06 9321.7 9319.9 9318.87 9319.55 9318.26 9317.26 9318.3 9320.7 9322.26 9324.2 9325.33 9326.46 9327.05 9327.84 9328.66 9329.4 9331.1 9333.75 9338.4 9344.56 9350 9351.76 9352.23 9353.8 9354.34 9355.06 9357 9359.12 9361.55 9363.74 9365.46 9364.56 9359.65 9355.48 9355.86 9361.91 9366.15 9369.62 9373.3 9375.87 9377.96 9379.55 9383.49 9383.82 9382.79
9365.76 9363.74 9361.63 9360.72 9359.65 9358.65 9357.63 9356.63 9355.56 9354.23 9353.17 9352.17 9351.56 9350.82 9350.34 9350.15 9349.64 9345.69 9341.23 9337.02 9332.74 9329.74 9327.9 9326.21 9324.58 9323.59 9323.34 9323.58 9324.28 9325.26 9326.35 9327.25 9327.71 9328.24 9328.56 9329.37 9329.75 9330.42 9331.59 9333.99 9337.25 9341.17 9344.48 9344.27 9343.2 9347.99 9350.39 9352.55 9355.08 9358.05 9361.31 9364.27 9367.25 9368.32 9360.87 9355.67 9356.91 9362.85 9366.77 9369.83 9372.73 9374.93 9376.73 9378.18 9382.22 9382 9380.5
9366.23 9363.94 9361.93 9361.27 9360.59 9359.99 9359.19 9358.35 9357.61 9356.74 9355.69 9354.32 9353.47 9352.57 9352.17 9352.4 9352.86 9348.87 9345.37 9341.85 9338.39 9336 9334.59 9333.48 9332.34 9329.7 9328.64 9328.18 9328.21 9330.59 9331.3 9331.56 9331.66 9331.39 9331.54 9331.31 9331.31 9331.49 9332.04 9333.31 9335.67 9337.89 9339.59 9340.02 9341.05 9346.72 9347.56 9350.29 9353.35 9356.92 9360.58 9363.84 9365.74 9364.59 9360.02 9356.5 9358.34 9364.28 9367.77 9370.57 9372.81 9374.77 9376.41 9377.65 9381.48 9381.95 9381.2
9366.85 9364.69 9363.06 9362.51 9362.08 9361.77 9361.18 9360.36 9359.09 9358.19 9357.08 9355.95 9355.02 9354.01 9353.04 9351.91 9350.7 9349.81 9348.08 9346.25 9344.34 9342.12 9340.7 9340.42 9339.42 9334.34 9331.9 9334.84 9338.25 9336.6 9335.97 9335.39 9336.08 9335.59 9334.85 9334 9333.56 9333.18 9333 9333.29 9335.64 9336.7 9337.38 9339.93 9342.54 9345.73 9346.48 9348.37 9351.6 9355.53 9359.8 9363.33 9365.13 9363.33 9358.35 9354.97 9358.31 9365.18 9368.46 9370.66 9372.58 9374.36 9376 9377.24 9381.2 9382.27 9383.56
9367 9365.76 9364.82 9364.26 9363.89 9363.59 9362.97 9362.25 9361.19 9360.08 9358.81 9357.55 9356.29 9355.09 9353.65 9351.7 9350.3 9350.62 9350.4 9349.91 9348.57 9346.63 9344.79 9343.94 9341.83 9336.7 9332.2 9336.96 9342.05 9341.1 9340.6 9340.02 9339.17 9338.23 9337.21 9336.31 9335.71 9335.41 9335.7 9336.99 9338.8 9340.11 9341.07 9343.35 9345.53 9346.46 9344.6 9345.86 9349.77 9354.46 9359.19 9363.24 9366.12 9364.68 9359.53 9355.97 9358.97 9364.62 9368.61 9371.2 9373.37 9375.21 9378.65 9380.41 9381.76 9383.51 9385.46
9368.21 9367.35 9366.44 9366.29 9366.44 9365.96 9365.24 9364.33 9363.12 9361.84 9360.54 9359.07 9357.75 9356.25 9354.85 9353.47 9352.47 9352.17 9352.37 9352.86 9352.61 9349.92 9347.05 9344.05 9341.91 9339.16 9337.45 9340.12 9340.54 9344.03 9344.65 9344.14 9342.86 9341.55 9340.17 9339.14 9338.19 9337.65 9337.89 9340.13 9343.5 9347.14 9348.38 9348.81 9349.52 9348.2 9340.86 9342.8 9348.06 9353.69 9358.83 9363.21 9365.98 9365.95 9363.71 9361.07 9361.88 9365.56 9369.31 9372.29 9374.62 9376.55 9380.23 9382.11 9383.65 9385.49 9387.16
9370.64 9369.62 9369.37 9369.43 9369.71 9369.07 9367.98 9366.83 9365.4 9363.83 9362.08 9360.4 9358.88 9357.31 9355.94 9355.12 9354.26 9353.53 9353.43 9353.91 9354.38 9351.76 9349.32 9346.69 9344.67 9342.47 9341.6 9345.1 9348.58 9349.57 9349.14 9347.65 9345.93 9344.24 9342.8 9341.5 9340.39 9339.57 9339.29 9341.84 9347.45 9352.89 9352.62 9351.05 9349.43 9346.2 9340.36 9342.44 9347.95 9353.37 9358.6 9363.43 9366.97 9367.76 9367.68 9366.22 9366.07 9368.37 9371.43 9374.17 9376.51 9378.55 9382.04 9383.7 9385.65 9387.35 9388.83
9371.01 9372.65 9373.65 9373.99 9373.47 9372.38 9371.03 9369.46 9367.74 9366.05 9363.96 9362.11 9360.28 9358.47 9356.76 9355.28 9354.77 9354.45 9353.83 9352.55 9352.04 9352.56 9352.21 9351.67 9349 9346.16 9344.44 9347.83 9353.89 9355.15 9353.12 9350.59 9348.3 9346.39 9344.88 9343.68 9342.68 9342.09 9342.01 9344.71 9349.78 9354.3 9351.08 9343.6 9346.61 9347.33 9345.38 9346.29 9349.54 9353.89 9358.51 9363.2 9368.16 9367.75 9368.13 9368.72 9369.3 9371.53 9374.46 9376.68 9378.69 9380.8 9384.21 9385.86 9387.56 9389.29 9390.69
9375.59 9377.05 9378.7 9379.5 9377.52 9375.67 9373.91 9371.9 9369.98 9367.85 9365.78 9363.73 9361.74 9359.77 9357.91 9356.27 9355.82 9355.81 9355.42 9353.63 9352.68 9354.74 9355.18 9355.14 9352.69 9349.79 9348.1 9350.83 9358.57 9359.11 9354.95 9351.83 9349.55 9347.73 9346.23 9345.22 9344.68 9344.81 9345.64 9347.34 9350.35 9353.09 9349.77 9343.95 9348.98 9351.26 9350.63 9350.18 9351.69 9354.62 9358 9361.35 9363.86 9364.5 9364.27 9367.16 9370.12 9373.56 9377.24 9379.06 9381.05 9384.04 9386 9387.89 9389.44 9391.22 9392.46
9382.09 9381.63 9381.9 9381.22 9380.52 9378.71 9376.57 9374.28 9372.02 9369.57 9367.3 9365.14 9363.02 9361.16 9359.54 9358.24 9357.71 9357.79 9358.39 9360.23 9359.84 9359.14 9359.18 9358.75 9356.37 9353.05 9350.71 9352.15 9355.58 9355.81 9353.57 9351.48 9349.81 9348.48 9347.43 9346.69 9346.32 9346.94 9348.63 9348.74 9349.27 9350.19 9351.56 9353.69 9358.09 9357.41 9354.18 9352.44 9353.34 9355.26 9357.47 9359.7 9361.37 9362.07 9362.3 9365.46 9369.74 9374.07 9377.55 9380.96 9383.11 9386.02 9387.98 9389.39 9391 9392.82 9394.08
9384.02 9385.02 9385.07 9384.9 9383.69 9381.55 9378.98 9376.39 9373.86 9371.29 9368.97 9366.6 9364.47 9362.73 9361.34 9360.32 9359.69 9359.66 9360.43 9361.81 9362.62 9363.23 9363.84 9364.22 9360.51 9356.18 9352.02 9349.27 9350.49 9350.6 9350.1 9349.57 9348.92 9348.28 9347.84 9347.39 9347.19 9347.36 9347.65 9348.47 9348.75 9349.59 9354.33 9359.58 9363.75 9362.38 9358.44 9355.74 9355.43 9356.13 9357.21 9358.79 9360.46 9361.44 9362.69 9364.76 9369.47 9375.01 9380.37 9383.27 9385.21 9387.79 9389.39 9390.94 9393.05 9394.41 9395.64
9388.14 9387.5 9387.7 9388.67 9386.67 9384.08 9381.2 9378.43 9375.73 9372.98 9370.46 9368.07 9365.92 9364.17 9362.89 9362.19 9361.25 9361.04 9361.47 9362.45 9364.56 9366.78 9368.41 9368.58 9364.62 9359.37 9353.8 9348.79 9347.49 9345.81 9347.14 9348.1 9348.41 9348.42 9348.04 9347.96 9348 9348.26 9348 9349.18 9350.71 9353.49 9358.39 9363.86 9369.07 9366.53 9362.55 9359.35 9358.08 9357.79 9357.65 9357.96 9359.29 9361.16 9361.97 9363.38 9369.5 9376.27 9382.23 9385.62 9387.21 9389.15 9390.87 9392.36 9394.15 9395.6 9397.26
9386.25 9386.57 9387.94 9388.92 9388.17 9385.81 9383.09 9380.32 9377.47 9374.69 9372.04 9369.48 9367.17 9365.29 9363.68 9362.75 9362.37 9362.23 9362.5 9363.48 9366.97 9370.55 9373.2 9373.21 9369.02 9363.45 9357.43 9352.45 9350.53 9346.15 9346.48 9347.5 9348.14 9348.55 9348.91 9348.96 9349.19 9349.95 9350.53 9351.31 9353.71 9358.39 9364.74 9369.57 9371.88 9369.87 9366.3 9363 9361.56 9360.71 9359.55 9358.2 9359.28 9361.8 9362.46 9364.1 9370.51 9377.76 9384.49 9387.95 9389.15 9390.39 9391.86 9393.21 9395.08 9396.95 9398.7
9383.58 9384.15 9387.24 9390.04 9389.25 9386.49 9384.11 9381.47 9378.81 9375.92 9373.35 9370.7 9368.47 9366.44 9364.89 9363.91 9363.62 9363.66 9364.13 9365.73 9370.32 9374.76 9377.8 9377.87 9373.96 9368.29 9362.06 9356.65 9355.8 9349.87 9348.12 9348.03 9348.35 9349.31 9349.94 9350.38 9350.75 9351.33 9351.7 9352.92 9356.42 9363.17 9371.52 9375.26 9374.63 9373.46 9370.48 9367.63 9366.22 9365.56 9364.3 9362.16 9363.34 9365.09 9364.97 9366.92 9372.42 9379.29 9386.18 9389.62 9390.08 9391.29 9392.42 9393.92 9396.11 9398.2 9400.34
9384.48 9384.69 9386.59 9388.18 9387.84 9386.33 9384.43 9382.2 9379.67 9376.92 9374.25 9371.8 9369.51 9367.52 9366.31 9365.47 9365.26 9365.61 9366.53 9368.99 9374.7 9379.76 9382.55 9382.95 9379.47 9373.84 9367.56 9361.81 9360.57 9354.61 9351.1 9349.64 9349.33 9350.02 9350.83 9351.7 9352.36 9352.55 9352.86 9353.88 9356.7 9366.09 9378.25 9382.06 9381.01 9378.34 9375.24 9372.36 9372.04 9373.13 9373.29 9371.4 9373.01 9373.58 9370.35 9370.53 9374.61 9380.16 9386.11 9389.45 9389.62 9390.73 9392.31 9394.53 9396.89 9399.68 9401.83
9386.37 9386.53 9386.34 9386.17 9385.97 9386.05 9384.87 9383 9380.68 9378.02 9375.31 9372.68 9370.42 9368.58 9367.55 9366.96 9367.1 9367.86 9369.63 9373.36 9379.94 9386.1 9390.6 9389.81 9385.37 9379.7 9373.75 9368.13 9366.89 9360.4 9354.34 9351.61 9350.9 9351.31 9352.24 9353.54 9355 9356.09 9355.7 9355.8 9357.61 9368.25 9381.9 9385.74 9385.49 9383.75 9381.15 9378.57 9379.78 9383.53 9386.69 9388.07 9387.73 9385.58 9378 9375.32 9376.95 9380.13 9384.61 9388.06 9387.19 9389.29 9392.05 9394.81 9397.75 9400.89 9403.55
9387.1 9386.69 9386.45 9386.25 9386.31 9386.98 9386.11 9383.98 9381.65 9378.94 9376.19 9373.66 9371.36 9369.69 9368.34 9368.28 9368.88 9370.11 9372.34 9376.98 9384.52 9392.8 9399.09 9395.77 9390.14 9384.54 9379.48 9375.73 9375.3 9363.33 9355.55 9353.28 9352.47 9352.7 9353.89 9355.69 9357.93 9360.13 9359.59 9358.97 9361.85 9371.27 9382.41 9387.14 9389.3 9389.87 9388.75 9387.27 9389.63 9395.92 9401.76 9406.26 9402.99 9397.36 9386.1 9381.16 9379.69 9379.32 9379.29 9379.24 9382.24 9387.12 9391.72 9395.49 9399.08 9402.61 9405.63
9387.08 9386.77 9386.78 9388.12 9389.41 9389.48 9388.13 9385.83 9383.19 9380.33 9377.45 9374.76 9372.14 9370.71 9369.6 9369.78 9370.81 9372.14 9374.01 9378.92 9386.77 9395.83 9402.28 9397.42 9391.98 9387.25 9383.39 9380.1 9375.62 9367.62 9358.86 9355.19 9354 9354.09 9355.28 9357.5 9360.3 9361.96 9361.85 9361.27 9363.66 9373.54 9384.46 9391.94 9395.36 9397.29 9398.23 9398.48 9401.93 9409.6 9415.47 9418.07 9415.62 9409.01 9396.18 9387.98 9383.34 9379.66 9375.54 9372.21 9378.39 9386.1 9392.12 9397.23 9401.49 9405.28 9408.54
9386.57 9384.37 9386.77 9390.7 9393.77 9393.16 9390.48 9387.56 9384.24 9381.25 9378.31 9375.55 9373.04 9371.21 9370.56 9371.07 9372.83 9374.86 9376.05 9380.12 9385.44 9392.03 9395.47 9393.25 9390.4 9387.41 9385.19 9383.14 9382.47 9373.61 9361.75 9356.84 9355.51 9355.36 9355.98 9357.96 9361.98 9366.22 9363.98 9363.23 9366.41 9375.66 9386.24 9395.6 9400.93 9405 9408.92 9412.82 9417.92 9424.45 9428.65 9428.51 9424.78 9416.43 9403.28 9393.94 9387.86 9383.06 9378.06 9373.63 9380.52 9388.61 9394.96 9400.16 9404.58 9407.99 9411.19
9386.78 9385.82 9387.59 9392.57 9398.71 9395.56 9391.58 9388.36 9385.59 9382.6 9379.6 9376.7 9374 9371.41 9370.14 9371.97 9374.3 9377.65 9382.07 9381.45 9381.61 9382.22 9383.02 9385.85 9386.25 9385.68 9384.99 9384.51 9384.86 9376.35 9359.69 9358.36 9357.24 9356.35 9355.71 9355.78 9357.32 9361.19 9361.51 9363.86 9369.28 9378.01 9388.04 9397.34 9404.68 9411.46 9418.67 9426.93 9434.85 9437.56 9440.31 9438.73 9430.12 9418.73 9405.53 9397.83 9392.67 9389.06 9386.78 9387.56 9390.25 9394.85 9399.79 9404.14 9408.27 9411.21 9414.16
9387.26 9385.61 9386.67 9390.87 9394.09 9392.75 9390.73 9388.53 9385.97 9383.14 9380.2 9377.32 9374.81 9373.18 9372.49 9372.66 9374.53 9377.69 9381.02 9379.64 9377.41 9374.4 9375.56 9379.91 9382.05 9382.69 9383.22 9383.55 9383.09 9378.75 9368.07 9363.31 9360.64 9357.58 9355.07 9352.74 9349.59 9348.62 9355.33 9362.18 9369.79 9377.99 9387.64 9396.99 9406.59 9415.29 9424.47 9434.86 9444.09 9442.41 9440.01 9436.19 9429.38 9417.99 9405.84 9400.61 9397.41 9395.72 9396.02 9398.92 9400.16 9402.02 9405.33 9408.45 9411.77 9414.21 9416.42
9388.02 9387.48 9388.08 9388.39 9386.25 9387.65 9389.73 9388.96 9386.59 9383.93 9380.98 9377.99 9375.27 9373.49 9372.58 9372.21 9372.89 9374.58 9376.97 9376.05 9374.89 9373.4 9374.3 9376.9 9378.6 9379.92 9380.82 9381.5 9381.38 9379.68 9375.14 9369.49 9364.01 9359.5 9355.36 9351.72 9348.66 9347.65 9350.91 9357.59 9366.95 9377.61 9388.35 9398.27 9407.46 9416.39 9425.58 9434.73 9441.49 9437.97 9430.39 9426.63 9422.63 9413.83 9405.98 9403.28 9401.9 9401.74 9402.83 9404.51 9406.01 9408.54 9411.05 9413.23 9415.31 9417.22 9418.9
9388.18 9388.22 9390.14 9387.92 9389.71 9391.34 9390.51 9389.6 9387.68 9385.46 9382.31 9378.96 9375.55 9372.07 9370.92 9370.75 9370.46 9369.91 9369.71 9372.26 9373.46 9374.86 9374.53 9374.96 9375.73 9376.64 9377.45 9378.38 9379.14 9380.46 9380.61 9374.11 9366.29 9360 9354.73 9350.42 9347.95 9346.58 9346.18 9349.31 9360.51 9375.38 9388.3 9398.39 9406.57 9414.83 9422.98 9429.77 9433.52 9429.5 9421.14 9418.69 9415.79 9411.04 9407.63 9406.34 9406.18 9407.13 9408.9 9410.68 9412.64 9414.92 9416.68 9418.17 9419.11 9420.49 9421.45
