real_craters/C192-300m.grd
DSAA
597 597
-89.425 89.425
-89.425 89.425
7271.5829585021 10434.119863977
[rows 360 to 389 of 597, columns 67 to 133 of 597]
9448.01 9435.29 9422.85 9412.16 9413.51 9413.1 9407.95 9405.36 9411.98 9414.94 9415.89 9417.12 9417.73 9416.82 9414.14 9410.53 9405.93 9400.69 9395.66 9393.86 9393.09 9391.29 9388.11 9382.75 9376.64 9368.56 9362.02 9357.49 9358.09 9359.34 9365.45 9369.07 9369.1 9373.25 9379.23 9385.36 9390.54 9389.22 9379.4 9368.55 9359.6 9354.15 9359.77 9366.53 9372.36 9376.42 9378.9 9380.57 9381.97 9383.78 9386 9388.35 9390.53 9395.81 9399.91 9406.21 9412.81 9418.45 9425.07 9431.72 9433.71 9439.89 9445.54 9451.59 9457.86 9464.27 9470.72
9447.1 9435.06 9422.5 9410.64 9412.11 9413.31 9413.49 9418.67 9421.59 9425.18 9426.76 9425.34 9423.18 9419.99 9415.53 9409.94 9404.1 9397.9 9392.46 9389.91 9388.33 9385.48 9380.92 9374.57 9370.29 9366.02 9362.74 9361.36 9360.77 9363.68 9367.85 9370.62 9371.94 9375.17 9380.34 9386.24 9391.41 9395.03 9385.08 9373.96 9363.97 9359.15 9365.31 9371.59 9374.5 9376.33 9379.14 9380.52 9381.44 9381.78 9380.84 9386.61 9391.57 9398.23 9402.57 9409.3 9416.27 9423.65 9430.83 9438.07 9443.94 9450.94 9457.44 9458.64 9465.17 9471.74 9478.38
9445.34 9435.57 9426.6 9422.28 9421.36 9419.86 9418.68 9423.7 9430.43 9435.64 9436.37 9432.95 9428.04 9422.7 9416.71 9410.16 9403.36 9396.7 9391.67 9388.41 9386.11 9382.73 9377.71 9372.25 9367.31 9365.57 9365.1 9366.38 9367.44 9365.79 9365.93 9367.73 9371.21 9375.6 9380.46 9385.3 9389.33 9390.62 9389.2 9380.23 9366.3 9361.97 9374.87 9377.74 9375.82 9377.13 9378.87 9380.47 9381.24 9381.36 9380.08 9384.8 9392.74 9400.94 9405.75 9413.2 9420.67 9428.33 9435.87 9443.58 9450.82 9458.37 9465.68 9471.56 9478.58 9485.4 9492.68
9443.07 9436.07 9430.27 9429.27 9434.02 9428.06 9423.19 9426.58 9436.67 9447.12 9446.53 9440.08 9433.39 9426.9 9419.73 9412.27 9404.46 9396.78 9389.95 9388.61 9386.57 9383.36 9378.2 9371.81 9365.97 9362.04 9367.36 9372.76 9372.85 9365.88 9362.27 9365.15 9368.52 9374.6 9380.02 9383.92 9385.75 9385.16 9382.67 9374.84 9362.65 9353.19 9364.94 9371.94 9372.39 9374.96 9377.7 9380.56 9382.78 9383.91 9384.91 9389.01 9396.1 9404.28 9409.31 9416.7 9424.36 9432.25 9440.18 9448.14 9457.29 9465.35 9473.31 9481.79 9489.03 9496.31 9503.29
9440.82 9436.25 9432.98 9435.05 9441.3 9433.36 9426.82 9429.42 9439.95 9452.08 9451.04 9444.42 9437.15 9430.27 9422.81 9414.98 9407 9399.53 9394.33 9392.08 9390.08 9387.28 9382.91 9376.63 9371.21 9369.08 9373.45 9377.44 9375.37 9364.29 9348.62 9350.44 9366.07 9375.26 9380.29 9382.51 9382.83 9381.71 9377.17 9368.14 9359.4 9350.54 9347.55 9359.37 9365.8 9371.04 9376.89 9381.66 9385.64 9387.96 9388.76 9395.18 9401.79 9410.47 9417.57 9426.34 9435.34 9444.52 9453.66 9462.29 9466.04 9474.59 9483.04 9491.79 9499.76 9507.84 9515.68
9440.38 9437.51 9433.9 9435.92 9438.8 9436.6 9433.59 9435.57 9441.74 9449.65 9449.65 9446.04 9440.37 9433.98 9427.01 9419.44 9411.29 9403.12 9398.23 9397.31 9396.56 9394.98 9392.01 9387.9 9383.04 9381.16 9382.5 9383.21 9377.78 9370.81 9364.2 9365.38 9375.82 9380.94 9382.6 9381.9 9379.85 9376.53 9371.66 9365.87 9359.66 9354.43 9350.25 9353.1 9360.49 9369.32 9377.51 9384.61 9390.71 9395.53 9398.8 9403.62 9408.99 9417.57 9424.9 9433.71 9443.17 9452.86 9462.7 9473.16 9483.07 9490.21 9499.73 9509.11 9510.06 9519.15 9528.2
9442.75 9442.07 9440.48 9443.55 9444.94 9441.08 9437.45 9437.94 9440.7 9444.53 9446.84 9446.54 9443.03 9438.06 9432.09 9425.67 9418.22 9409.56 9405.46 9405.98 9406.01 9405.87 9404.57 9403.75 9400.2 9395.07 9393.7 9390.28 9382.76 9382.63 9386.85 9393.87 9393.29 9390.04 9386.46 9382.6 9377.89 9371.05 9363.61 9361.12 9362.87 9361.79 9354.86 9348.47 9358.71 9369.88 9379.96 9388.75 9397.01 9402.8 9406.15 9412.84 9416.33 9423.2 9431.37 9440.37 9450.11 9460.16 9470.17 9480.47 9490.81 9500.2 9510.49 9520.77 9529.38 9539.49 9549.59
9447.64 9448.89 9451.51 9455.06 9453.94 9446.36 9441.24 9440.56 9439.25 9442.4 9447.14 9448.32 9446.29 9442.4 9437.6 9432.65 9427.04 9421.78 9418.3 9417.03 9417.12 9417.58 9418.2 9419.97 9421.13 9414.33 9405.9 9398.77 9392.21 9393.34 9398.75 9408.15 9406.3 9397.31 9390.61 9384.77 9378.8 9372.21 9367.55 9371.03 9368.92 9366.16 9353.94 9352.4 9362.72 9374.08 9384.25 9393.42 9401.78 9410.4 9419.2 9420.74 9423.27 9429.05 9437.95 9447.54 9457.53 9467.81 9478.24 9488.87 9499.6 9510.7 9521.62 9532.62 9543.43 9554.6 9565.98
9451.75 9453.3 9458.91 9459.22 9457.21 9452.33 9450.57 9450.16 9449.28 9451.21 9453.05 9453.23 9450.73 9447.35 9443.3 9439.06 9435.68 9433.15 9429.88 9427.58 9427.45 9427.87 9428.86 9430.26 9429.34 9421.47 9412.43 9407.28 9401.51 9398.57 9402.27 9409.34 9406.31 9398.39 9392.6 9387.73 9382.59 9377.92 9376.76 9377.1 9373.36 9367.66 9361.52 9362.87 9372.38 9382.54 9391.51 9398.9 9405.14 9408.64 9412.32 9421.1 9428.66 9436.09 9445.42 9455.36 9465.6 9476.14 9486.27 9497.16 9508.24 9519.51 9531.59 9543.16 9555.11 9567.38 9579.9
9451.35 9452 9453.97 9459.15 9458.28 9456.21 9456.91 9462.13 9470.19 9467.14 9462.22 9458.48 9454.72 9450.58 9447.02 9443.69 9440.87 9439.1 9437.03 9435.2 9434.48 9434.62 9434.46 9434.03 9431.11 9415.81 9406.08 9402.42 9395.3 9392.55 9393.34 9395.25 9395.12 9394.87 9393.1 9390.55 9387.15 9382.8 9376.59 9378.41 9376.46 9370.55 9365.68 9376.08 9387.17 9394.45 9400.69 9406.22 9409.32 9408.96 9414.19 9425.18 9434.82 9444.01 9454.23 9464.69 9475.43 9486.41 9497.77 9507.34 9518.84 9530.59 9540.79 9553.95 9566.6 9579.73 9593.48
9446.11 9447.58 9451.81 9455.05 9456.78 9456.84 9459.86 9468.78 9477.9 9476.32 9468.69 9462.22 9456.78 9452.05 9448.26 9444.39 9442.78 9444.21 9440.94 9439.51 9438.83 9438.15 9436.26 9431.31 9417.78 9389.86 9380.41 9383.23 9381.19 9388.13 9391.25 9388.98 9387.94 9391.41 9393.49 9393.6 9392.76 9391.24 9389.13 9387.6 9384.5 9380.07 9379.31 9398.09 9404.67 9407.8 9411.57 9415.18 9417.58 9416.71 9421.69 9432.76 9442.09 9451.37 9461.89 9472.68 9483.82 9495.21 9507.28 9516.98 9528.94 9541.18 9551.15 9564.24 9577.51 9591.34 9605.86
9440.94 9440.19 9442.16 9447.48 9456.17 9460.55 9464.32 9472.02 9476.13 9476.49 9470.48 9463.38 9457.31 9451.66 9447.37 9443.56 9441.41 9440.14 9440.71 9440.77 9440.94 9439.76 9435.95 9425.88 9397.19 9349.38 9333.71 9343.7 9372.52 9391.27 9391.84 9385.87 9384.27 9391.11 9394.9 9396.59 9398.34 9400.98 9406.45 9405.33 9399.89 9396.52 9396.57 9410.22 9416.65 9418.34 9421.29 9425.19 9429.5 9433.35 9436.54 9444.17 9451.92 9461.7 9472.72 9484.18 9495.96 9507.95 9520.48 9530.31 9542.6 9555.12 9565.4 9578.75 9592.17 9606.13 9620.94
9442.35 9441.39 9445.17 9453.25 9458.65 9465.12 9468.27 9475.1 9482.03 9477.3 9468.82 9462.23 9455.94 9451.56 9447.1 9442.88 9439.18 9436.16 9439.01 9440.45 9440.75 9439.73 9435.64 9423.1 9379.31 9323.38 9296.7 9312.42 9357.02 9379.13 9378.76 9385.93 9393.45 9397.13 9397.94 9399.48 9401.62 9405.26 9410.07 9410.51 9408.1 9409.93 9413 9419.25 9423.02 9426.13 9430.05 9434.91 9439.8 9447.01 9450.67 9457.51 9465.32 9472.09 9483.06 9494.61 9506.48 9518.52 9530.69 9543.26 9555.7 9568.31 9578.3 9592.06 9605.4 9619.2 9633.55
9449.4 9448.15 9451.54 9456.66 9457.39 9460.28 9464.87 9471.3 9476.15 9468.76 9462.66 9457.72 9453.19 9449.11 9445 9442.07 9439.9 9438.86 9438.54 9439.55 9439.52 9439.28 9436.21 9426.19 9390.76 9344.2 9317.93 9323.5 9345.36 9355.73 9365.59 9384.51 9403.05 9401.7 9400.16 9401.21 9403.4 9405.4 9406.59 9409.26 9415.02 9413.64 9415.77 9420.06 9425.66 9431.36 9436.4 9442.34 9449.52 9455.21 9462.65 9469.92 9477.97 9488.76 9495.86 9508.16 9520.6 9533.07 9545.48 9557.85 9570.19 9582.57 9593.9 9607.59 9620.46 9633.67 9646.89
9456.84 9452.99 9453.67 9454.26 9452.85 9452.19 9456.97 9460.92 9460.53 9456.53 9454.58 9451.52 9448.72 9445.45 9442.65 9439.89 9437.47 9436.34 9436.34 9436.66 9437.14 9437.13 9435.54 9430.88 9413.59 9388.98 9376.43 9355.99 9350.65 9351.04 9360.34 9376.18 9390.4 9395.76 9399.48 9403.51 9406.61 9407.75 9406.51 9407.83 9416.12 9412.37 9414.48 9422.2 9432.45 9437.88 9442.6 9448.9 9459.06 9471.41 9474.21 9482.41 9495.6 9506.58 9510.29 9523.05 9535.8 9548.29 9560.57 9573.06 9585.09 9597.07 9608.63 9621.19 9633.5 9645.56 9658.34
9461.25 9458.26 9456.52 9453.85 9450.09 9449.59 9449.78 9450.45 9449.15 9445.78 9445.57 9445.74 9444.37 9441.96 9440.12 9437.23 9434.02 9432.64 9432.96 9432.57 9432.18 9431.08 9430.29 9430.31 9420.42 9405.13 9388.53 9370.53 9358.78 9354.86 9359.26 9368.24 9376.33 9387.31 9398.4 9407.82 9415.55 9417.31 9413.14 9407.32 9411.95 9412.48 9409 9412.81 9440.73 9445.28 9449.62 9453.25 9457.61 9468.32 9482.2 9496.82 9512.88 9526.41 9540.59 9540.26 9552.95 9565.16 9577 9588.68 9600.06 9611.33 9623.13 9634.95 9646.31 9659.7 9671.14
9463.02 9456.34 9454.49 9451.6 9446.85 9444.43 9443.38 9440.59 9438.16 9435.56 9439.8 9441.33 9440.56 9438.56 9436.42 9434.18 9432.44 9429.89 9428.32 9426.84 9425.03 9422.77 9418.54 9411.25 9402.66 9389.56 9379.05 9370.78 9363.84 9359.44 9361.06 9365.37 9371.88 9384.81 9401.26 9417.25 9431.77 9439.41 9438.36 9430.43 9435.91 9438.33 9435.68 9436.67 9446.45 9456.94 9463.3 9463.87 9458.59 9467.15 9490.7 9511.91 9530.88 9548.65 9561.43 9558.79 9570.64 9581.61 9592.42 9603.6 9613.99 9624.27 9635.94 9646.16 9656.98 9669.27 9679.46
9463.74 9455.18 9453.56 9451.18 9446.9 9443.41 9441.26 9437.38 9436.45 9439.89 9439.18 9438.93 9437.32 9434.53 9431.72 9429.22 9428.71 9425.12 9422.44 9420.21 9417.6 9413.25 9405.96 9394.91 9386.11 9374.53 9368.76 9368.51 9368.72 9367.54 9364.31 9366.06 9372.54 9386.9 9408.3 9431.54 9455.76 9475.46 9489.41 9496.65 9510.76 9503.9 9481.05 9459.31 9466.49 9481.35 9491.91 9492.4 9484.28 9485.05 9511.16 9534.25 9555.28 9573.35 9585.63 9580.06 9590.32 9600.25 9609.77 9619.82 9629 9638.09 9648.38 9657.39 9666.84 9676.86 9685.76
9462.11 9458 9458.66 9453.87 9449.21 9447.18 9443.41 9440.19 9440.12 9439.96 9440.63 9438.05 9434.71 9431.09 9426.71 9422.24 9418.04 9417.6 9416.35 9413.91 9410.38 9405.42 9398.07 9388.95 9379.27 9369.58 9365.88 9367.35 9370.33 9371.18 9366 9368.78 9375.96 9392.22 9418.31 9448.66 9483.88 9518.75 9554.21 9590.7 9605.75 9584.69 9544.28 9505.99 9506.7 9528.56 9541.12 9541.86 9531.97 9531.34 9549.81 9569.51 9584.5 9595.49 9602.96 9601.79 9609.62 9617.41 9625.13 9633.14 9641.2 9648.84 9658.19 9665.9 9673.6 9681.2 9688.88
9458.41 9460.49 9462.26 9456.04 9451.19 9449.9 9447.23 9443.56 9444.21 9447.87 9443.3 9436.99 9432.21 9427.97 9422.73 9416.84 9411.83 9411.68 9411.02 9408.92 9405.39 9400.62 9394.06 9386.18 9378.38 9371.23 9367.69 9367.55 9367.89 9366.67 9368.41 9372.57 9381.5 9399.57 9428.08 9465.06 9507.84 9555.47 9608.27 9657.24 9668.97 9649.77 9618.36 9592.47 9594.04 9604.31 9609.25 9608.5 9602.04 9595.08 9600.21 9611.08 9617.69 9620.55 9626.51 9625.68 9631.46 9636.96 9642.69 9648.51 9655.86 9661.94 9667.71 9673.91 9680.15 9686.6 9694.23
9456.45 9456.68 9455.85 9455.21 9454.8 9452.32 9449.35 9449.1 9444.25 9443.27 9438.2 9432.77 9429.17 9425.86 9421.6 9415.37 9409.71 9409.84 9408.53 9405.97 9402.27 9397.88 9392.89 9386.98 9379.69 9374.36 9370.71 9368.95 9369.54 9371.17 9372.92 9376.42 9384.73 9402.69 9434.59 9477.03 9526.98 9582.51 9642.39 9698.58 9720.12 9704.32 9688.46 9680.84 9687.45 9684 9683.65 9684.29 9664.94 9659.86 9655.72 9655.31 9654.93 9646.78 9648.23 9649.65 9650.11 9657.18 9660.81 9664.76 9669.1 9673.52 9678.11 9683.02 9688.49 9693.26 9697.74
9450.08 9448.52 9448.2 9449.55 9454.21 9447.79 9442.82 9440.27 9435.12 9428.28 9424.97 9426.31 9425.92 9424.71 9422.61 9419.9 9416.31 9412.07 9408.65 9404.78 9400.57 9396.24 9392.17 9387.21 9380.6 9375.26 9373.1 9371.19 9369.61 9373.1 9377.52 9380.01 9385.96 9401.57 9436.22 9483.32 9537.36 9596.26 9657.63 9717.56 9748.99 9745.31 9740.76 9744.79 9742.22 9741.82 9750.34 9761.49 9764.94 9731.68 9711.01 9698.07 9688.22 9677.57 9675.08 9670.74 9669.79 9671 9672.79 9675.18 9678.22 9687.17 9690.25 9692.73 9696.01 9699.32 9702.15
9445.3 9441.28 9438.29 9435.45 9432.51 9433.62 9430.41 9426.94 9425.14 9421.12 9419.51 9421.85 9423.52 9424.26 9424.31 9422.94 9419.7 9414.69 9409.43 9404.39 9399.45 9394.3 9389.39 9385.22 9381.36 9378.28 9376.46 9375.7 9375.37 9379.54 9385.23 9385.05 9387.74 9399.21 9436.29 9484.92 9539.56 9597.86 9656.8 9710.61 9745.81 9762.48 9768.82 9780.02 9786.59 9792.25 9801.85 9812.72 9810.1 9782.01 9755.07 9733.7 9719.29 9708.77 9701.91 9697.48 9692.28 9690.45 9690.73 9691.61 9694.47 9697.12 9703.59 9701.32 9703.31 9705.3 9706.45
9431.13 9427.11 9423.29 9421.15 9421.37 9421.36 9420.3 9418.99 9418.88 9418.06 9418.37 9419.82 9421.93 9423.54 9425.23 9427.8 9423.3 9415.92 9409.61 9404.01 9398.65 9392.99 9387.89 9384.64 9382.68 9381.4 9381.17 9381.53 9384.38 9386.66 9391.72 9391.06 9393.6 9405.37 9438.76 9484.86 9536.99 9591.39 9646.01 9698.76 9733.72 9750.45 9776.93 9802.9 9823.07 9831.27 9834.39 9840.1 9833.56 9810.29 9784.42 9763.56 9747.88 9734.55 9724.93 9718.21 9714.88 9711.91 9710.33 9708.43 9711.57 9712.85 9713.39 9711.68 9713.94 9713.98 9710.6
9419.52 9407.34 9405.92 9407 9409.75 9411.33 9412.94 9414.23 9415.21 9415.78 9415.33 9418.93 9420.62 9421.71 9422.72 9423.32 9420.48 9414.42 9408.62 9403.16 9398.16 9393.04 9387.36 9385.9 9385.15 9384.87 9386.82 9386.72 9385.93 9390.25 9395.45 9396.97 9401.18 9413.15 9443.09 9485.59 9532.21 9580.72 9629.55 9676.23 9716.03 9742.8 9776.2 9811.63 9840.68 9840.92 9845.31 9853.5 9847.89 9827.37 9805.61 9787.92 9767.9 9754.6 9744.21 9736.68 9730.49 9728.64 9724.95 9722.43 9720.63 9718.19 9717.45 9716.72 9716.52 9716.4 9716.52
9397.96 9391.79 9391.73 9393.33 9397.7 9402.53 9405.79 9409.35 9412.79 9416.06 9419.91 9419.75 9419.35 9418.78 9417.82 9416.47 9413.99 9410.49 9406.18 9401.77 9397.78 9394.49 9393.22 9389.28 9389.01 9391.42 9394.17 9392.35 9391.32 9393.43 9399 9402.42 9410.19 9423.21 9450.49 9488.06 9527.55 9568.84 9611.97 9652.64 9699.51 9736.59 9772.81 9800.69 9813.02 9828 9838.77 9843.06 9842.28 9832.78 9817.96 9804.96 9790.16 9774.74 9764.69 9754.81 9748.56 9742.92 9738.42 9734.93 9732.2 9729.49 9727.78 9726.89 9725.24 9724.01 9721.58
9384.43 9382.3 9382.75 9384.11 9389.44 9396.42 9402.48 9406.48 9410.47 9415.19 9420.22 9419.22 9417.37 9415.45 9412.62 9409.27 9408.4 9406.46 9403.44 9400.18 9396.95 9394.12 9391.72 9389.57 9389.09 9392.06 9395.69 9396.97 9396.64 9396.22 9398.19 9406.2 9421.26 9440.9 9466.16 9494.08 9523.97 9557.25 9595.75 9642.34 9691.46 9741.17 9775.82 9796.25 9808.85 9821.05 9831.55 9837.3 9837.18 9835.08 9824.05 9812.41 9801.88 9793.21 9784.18 9775.97 9763.52 9757.52 9752.21 9747.95 9744.33 9741.9 9739.12 9736.49 9734.12 9731.75 9728.51
9376.68 9376.38 9378.12 9381.83 9385.75 9391.24 9398.93 9402.25 9406.63 9411.52 9415.29 9415.87 9414.35 9412.34 9409.21 9405.61 9405.03 9403.49 9401.09 9398.24 9395.37 9392.81 9390.7 9387.44 9386 9389.8 9397.41 9401.19 9401.78 9400.35 9400.95 9411.47 9432.8 9458.86 9483.64 9500.49 9520.55 9545.16 9576.93 9621.66 9687.63 9741.75 9775.14 9795.5 9813.12 9821.71 9829.38 9834.43 9835.34 9834.29 9832.95 9823.75 9815.43 9802.64 9794.76 9787.27 9774.8 9768.32 9763.29 9757.82 9753.46 9748.51 9744.75 9741.17 9737.72 9734.3 9731.34
9371.19 9371.59 9374.28 9379.47 9381.92 9384.39 9388.27 9395.37 9401.53 9406.66 9410.74 9411.51 9410.44 9409.32 9408.53 9406.87 9403.93 9401.47 9399.1 9396.47 9393.62 9390.73 9388.13 9385.43 9384.36 9389.6 9398.72 9405.1 9407.42 9407.09 9408.72 9419.78 9442.69 9468.6 9490.66 9503.08 9515.15 9531.85 9557.3 9605.06 9681.5 9736.86 9766.83 9789.8 9808.87 9822.9 9830.75 9835.42 9835.66 9834.39 9832.14 9825.12 9818.61 9812.11 9804.72 9798.65 9792.94 9774.87 9768.28 9762.9 9757.85 9752.42 9747.83 9743.38 9739.39 9735.11 9730.84
9366.56 9368.63 9371.11 9373.93 9378.62 9380.38 9382.59 9390.71 9397.12 9401.81 9404.54 9405.74 9405.69 9405.25 9405.91 9405.36 9402.23 9399.82 9397.71 9395.44 9392.7 9389.75 9387.25 9385.2 9384.27 9392.07 9402.85 9411.71 9414.98 9416.07 9419.66 9430.66 9451.71 9475.2 9496.05 9502.33 9508.38 9518.18 9537.66 9586.35 9664.13 9720.97 9749.8 9778.31 9802.22 9819.33 9831.67 9840.87 9836.16 9832.86 9830.18 9823.86 9818.36 9813.14 9807.08 9801.71 9796.33 9786.69 9781.31 9775.23 9769.97 9754.36 9749.53 9744.83 9738.97 9734.44 9729.21
