real_craters/C192-1000m.grd
DSAA
103 103
-51.1 51.1
-51.1 51.1
1309.9776678618 4768.1257622263
[rows 30 to 59 of 103, columns 0 to 66 of 103]
2762.46 2842.48 2898.42 2947.85 2930.9 2649.69 2425.21 2483.28 2691.38 2895.28 3210.5 3348.75 3228.46 3211.24 3212.69 3195.79 3170.21 3139.16 3161.13 3123.5 3091.51 3036.85 3030.89 3058.04 3127.95 3279.68 3429.04 3591.16 3778.78 3938.11 3983.86 4023.69 4071.25 4234.27 4427.69 4392.28 4390.05 4432.85 4542.83 4570.45 4444.65 4215.13 4018.02 3896.98 3774.89 3667.58 3619.3 3570.7 3552.29 3531.21 3569.33 3664.73 3794.21 3715.51 3716.66 3758.13 3786.74 3884.05 3988.4 4154.32 4309.79 4297.64 4237.13 4284.75 4509.04 4508.09 4347.82
3075.67 3070.88 3062.13 3045.58 2991.01 2736.94 2509.92 2476.88 2662.81 2881.49 3146.35 3204.86 3168.11 3151.85 3104.69 3124.92 3118.76 3093.65 3082.6 3097.67 3107.23 3091.12 2977.06 2978.34 3038.8 3142.25 3294.51 3481.4 3712.31 3883 3988.88 4032.39 4079.31 4197.49 4409.78 4457.77 4460.53 4344.09 4275.57 4247.75 4088.27 3828.37 3688.31 3634.61 3578.76 3527.54 3476.01 3442.49 3409.65 3415.96 3450.26 3526.84 3527.16 3459.29 3485.04 3504.74 3560.77 3609.77 3643.55 3868.24 4054.37 4149.79 4193.48 4264.09 4372.59 4435.18 4406.52
3284.36 3264.95 3185.45 3068.23 2905.61 2737.96 2568.22 2531.85 2665.86 2860.98 3075.98 3196.15 3175.16 3082.75 3085.75 3086.33 3085.36 3090.99 3031.58 3059.14 3090.04 3064.55 2962.93 2948.1 2993.16 3083.24 3213.87 3462.37 3683.24 3916.71 3988.8 4053.13 4101.32 4217.81 4463.77 4428.79 4272.21 4107.75 3991.75 3881.51 3734.34 3542.7 3446.54 3407.63 3385.24 3392.13 3309.48 3272.72 3252.39 3215.66 3266.23 3300.61 3227.54 3259.35 3282.5 3291.2 3311.48 3361.75 3417.09 3660.71 3878.12 4033.07 4104.66 4162.4 4217.16 4360.14 4545.36
3570.01 3449.77 3281.1 3105.33 2905.74 2771.07 2602.24 2529.12 2643.33 2837.08 3043.75 3174.8 3200.56 3127.33 3094.85 3071.85 3062.51 3051.85 3012.16 3002.84 3012.46 3001.09 2948.63 2937.48 2976.83 3051.03 3192.79 3397.78 3598.96 3793.34 3936.49 4071.88 4201.55 4285.24 4357.44 4223.49 3924.34 3790.4 3705.79 3567 3477.13 3365.78 3268.7 3219 3171.7 3108.04 3098.24 3109.37 3113.72 3132.45 3136.52 3129.79 3151.31 3146.78 3155.01 3153.32 3167.18 3251.58 3306.47 3527.81 3749.21 3899.78 4006.73 4038.59 4079.47 4283.06 4457.68
3730.08 3526.7 3336.02 3170.6 2984.87 2842.06 2637.1 2499.35 2583.9 2771.6 3017.98 3104.35 3125.81 3114.31 3065.93 3048.88 3032.72 2995.22 2956.82 2932.97 2898.54 2899.8 2911.65 2926.23 2981.11 3103.29 3293.81 3397.79 3575.45 3700.47 3901.91 4055.47 4161.67 4037.59 3958.83 3912.46 3688.55 3549.25 3471.52 3385.13 3285.89 3176.02 3117.84 3070.52 3014.59 2950.79 2956.21 2984.56 2996.95 3011.83 3032.66 3035.98 3019.8 3028.5 3053.69 3076.52 3122.63 3254.2 3316.67 3455.09 3622.58 3756.43 3775.47 3820.8 3840.68 3883.78 4122.01
3596.75 3457.94 3342.18 3237.77 3158.55 2997.66 2730.72 2474.67 2535.68 2643.52 2774.55 2919.69 2936.26 2956.33 2993.53 3007.63 3012 2999.05 2942.55 2888.29 2850.17 2859.26 2907.24 2956 3049.77 3196.37 3503.96 3567.36 3630.07 3840.64 3940.78 3951.77 3919.09 3736.73 3665.56 3588.82 3479.01 3414.01 3325.55 3238.46 3117.31 3004.06 2988.66 2957.38 2916.73 2893.48 2878.66 2879.69 2885.95 2892.19 2888.17 2917.75 2980.91 2955.16 2972.27 3019.86 3097.51 3225 3308.83 3396.83 3491.35 3588.84 3687.61 3640.89 3604.86 3590.19 3641.15
3528.19 3379.09 3302.55 3247.29 3217.14 3097.38 2871.06 2688.34 2593.08 2527.32 2550.71 2777.94 2880.05 2879.5 2934.44 2981.08 3011.34 3013.11 2937.38 2866.43 2808.13 2853.44 2935.61 3030.88 3142.3 3318.12 3627.15 3652.46 3681.65 3884.58 3889.97 3752.02 3571.76 3471.68 3378.77 3306.71 3305.97 3298.32 3200.79 3078.69 2992.27 2958.36 2901.67 2866.91 2837.47 2803.85 2783.95 2791.83 2794.55 2788.76 2799.3 2817.35 2807.18 2816.57 2887.88 2973.64 3077.63 3270.32 3296.02 3307.07 3321.96 3327.07 3460.41 3426.94 3369.39 3287.39 3218.89
3456.51 3313.4 3238.18 3186.92 3145.9 3053.71 2949.46 2859.23 2676.5 2468.93 2397.08 2677.77 2790.4 2824.6 2899.84 2963.83 3013.65 3017.74 2984.35 2878.3 2817.57 2873.33 2967.99 3082.56 3165.92 3297.85 3419.21 3557.36 3918.21 3874.14 3765.03 3557.07 3410.87 3302.4 3220.27 3117.75 3153.66 3114.81 3055.54 2968.13 2897.35 2853.96 2814.23 2784.2 2760.05 2743.21 2732.81 2725.73 2722.43 2718.94 2709.2 2733.38 2761.72 2755.98 2814.82 2901.91 3024.3 3198.37 3251.25 3202.83 3176.72 3173.79 3165.46 3179.98 3127.68 3030.16 2974.43
3401.34 3255.6 3182.37 3117.3 3043 2954.51 2939.22 2897.45 2711.48 2455.8 2387.82 2609.51 2742.23 2832.36 2880.39 2937.31 2997.78 3049.9 2914.07 2880.34 2887 2913.71 2986.31 3087.4 3163.52 3287.26 3354.3 3586.91 3801.12 3750.98 3592.78 3459.41 3300.18 3210.45 3056.7 2964.23 3060.09 3158.72 2931.03 2950.7 2846.76 2753.8 2720.31 2708.19 2698.38 2690.2 2687.09 2675.36 2664.95 2653.99 2644.54 2641.27 2681.26 2710.32 2734.63 2796.19 2886.38 3067.72 3135.33 3077.73 3033.3 3024.18 3012.21 2991.23 2943.69 2860.87 2894.18
3397.73 3243.66 3150.37 3070.95 2987.81 2915.21 2897.14 2857.5 2714.94 2476.35 2411.57 2648.86 2729.86 2802.29 2849.81 2893.16 2927 2922.06 2871.4 2850.43 2879.34 2926.8 2993.97 3069.7 3171.32 3287.46 3402.73 3619.6 3649.53 3633.96 3533.15 3391.39 3259.27 3136.59 2951.73 2893.71 2938.74 2912.55 2933.46 2971.06 2743.44 2632.75 2619.1 2636.63 2637 2635.93 2638.86 2623.89 2609.64 2595.09 2576.06 2545.72 2542.62 2565.71 2619.47 2659.19 2691.98 2752.55 2884.2 2894.5 2870.85 2827.44 2834.66 2878.2 2882.74 2856.11 2870.22
3411.61 3233.4 3124.66 3034.74 2949.45 2872.58 2863.36 2845.16 2769.26 2648.67 2565.42 2701.73 2740.8 2771.74 2808.23 2841.73 2853.95 2830.66 2785.7 2793.31 2846.95 2915.83 2996.23 3075.09 3145.85 3260.65 3427.63 3576.21 3623.58 3539.78 3425.66 3218.24 3164.83 3014.01 2857.28 2843.23 2901.1 2926.01 2825.28 2710.29 2514.79 2511.99 2532.18 2568.69 2573.76 2579.12 2583.37 2572.5 2561.18 2545.63 2525.75 2494.77 2478.49 2495.55 2523.64 2539.29 2542.65 2593.43 2666.83 2701.73 2709.83 2711.38 2749.98 2827.77 2902.83 2911.19 2849.26
3419.73 3236.59 3111.62 3013.19 2947.47 2860.66 2848.6 2863.33 2855.41 2791 2613.62 2383.93 2602.13 2706.93 2735.35 2780 2817.46 2813.69 2768.74 2768.07 2819.3 2906.91 2994.56 3065.58 3131.6 3275.71 3375.18 3464.36 3467.73 3393.54 3237.76 3130.35 3140.54 2958.05 2822.4 2769.56 2899.72 2742.09 2575.42 2488.31 2451.17 2491.62 2504.44 2527.85 2534.33 2534.37 2533.4 2526.12 2518.3 2504.58 2482.74 2458.73 2451.19 2452.72 2455.23 2457.58 2458.97 2495.71 2515.14 2554.48 2588.59 2605.47 2670.77 2771.33 2882.64 2939.48 2946.95
3422.97 3252.69 3106.49 3003.63 2938.56 2860.98 2838.33 2852.38 2852.7 2785.59 2685.38 2525.38 2427.83 2540.26 2638.34 2710.29 2756.79 2772.77 2759.39 2760.46 2815.06 2909.31 3005.41 3087.92 3174.49 3325.59 3390.86 3396.25 3411.77 3365.3 3282.28 3173.72 3086.68 2904.52 2767.26 2724.27 2748.52 2543.35 2410.19 2405.92 2460.78 2462.96 2471.99 2481.29 2487.64 2491.28 2496.09 2490.49 2484.24 2476.09 2460.27 2445.25 2430.26 2416.53 2410.41 2407.02 2399.52 2414.31 2421.05 2469.83 2508.94 2541.11 2606.26 2691.76 2774.14 2838.85 2884.37
3411.54 3216.87 3091.78 3007.89 2948.83 2864.63 2823.04 2824.12 2790.66 2772.55 2756.41 2735.53 2497.17 2466.49 2603.01 2691.16 2739.89 2766.27 2761.96 2769.77 2827.79 2922.75 3019.75 3078.97 3153.52 3271.65 3209.6 3266.3 3388.26 3383.65 3228.19 3131.46 3039.05 2865.01 2793.38 2661.1 2522.32 2387.71 2356.58 2426.87 2424.4 2435.01 2444.23 2451.81 2456.1 2456.65 2462.18 2465.11 2469.48 2476.27 2472.23 2448.4 2424.04 2403.31 2388.78 2373.2 2360.78 2349.91 2391.8 2428.35 2461.75 2500.37 2542.89 2623.38 2691.36 2744.83 2788.97
3401.71 3207.98 3080.16 3051.56 2976.65 2901.09 2850.83 2820.13 2779.1 2778.06 2772.9 2748.41 2640.87 2601.28 2675.94 2735.3 2779.56 2785.92 2780.87 2799.08 2846.35 2926.81 3019.12 3069.19 3096.43 3231.82 3105.05 3171.96 3341.09 3392.72 3263.61 3177.32 3075.29 2873.79 2684.88 2601.33 2482.34 2298.02 2290.04 2405.6 2395.77 2412.42 2424.13 2431.08 2433.89 2432.68 2429.92 2438.02 2467.18 2498.89 2509.17 2476.56 2437.34 2405.94 2373.07 2350.41 2333.27 2340.57 2376.67 2397.43 2423.23 2456.56 2507.63 2573.04 2645.56 2710.59 2764.33
3412.91 3219.27 3097.11 3080.35 3022.56 2962.37 2905.76 2852.54 2799.36 2799.34 2777.09 2728.64 2761.07 2829.36 2797.65 2789.8 2808.66 2789.21 2786.69 2802.23 2851.47 2898.49 2984.16 3059.58 3032.36 3163.02 3102.78 3123.5 3305.74 3385.17 3202.82 3015.65 2878.76 2743.57 2524.6 2538.28 2394.1 2251.39 2259.16 2391.17 2394.81 2406.49 2415.33 2423.61 2424.99 2420.97 2406.2 2420.55 2480.79 2539.12 2580.92 2506.84 2475.87 2451.38 2390.14 2350.88 2323.22 2314.29 2333.85 2362.45 2396.17 2435.98 2486.17 2528.99 2539.81 2643.1 2737.92
3444.31 3276.09 3160.17 3126.25 3074.29 3024.32 2969.56 2902.9 2834.14 2782.16 2744.39 2794.21 2860.12 2926.62 2872.93 2814.58 2778.54 2790.12 2802.7 2837.15 2846.44 2831.03 2843.59 2995.93 3030.93 3001.2 3031.36 3109.56 3276.94 3406.06 3072.03 2883.15 2840.03 2631.23 2473.84 2397.91 2226.02 2271.73 2369.17 2403.01 2404.33 2406.69 2416.97 2422.9 2427.55 2427.17 2412.81 2432.48 2518.16 2598.93 2635.7 2575.82 2558.24 2534.59 2446.56 2379.25 2326 2308.38 2298.98 2334.1 2379.62 2421.84 2462.13 2493.06 2508.02 2592.69 2664.47
3476.76 3323.26 3199.42 3164.87 3118.29 3073.45 3031.99 2962.66 2886.93 2818.73 2764.81 2886.78 2901.25 2942.81 2880.49 2813.65 2787.09 2800.62 2840.51 2868.26 2832.6 2795.76 2821.24 2997.81 3038.39 3076.6 3097.51 3173.34 3269.63 3347.99 3069.27 2845.28 2748.59 2508.96 2446.88 2420.5 2361.27 2309.64 2405.01 2433.19 2425.6 2425.03 2427.94 2432.8 2411.15 2414.14 2431.66 2463 2587.32 2696.03 2755.34 2728.16 2680.48 2627.3 2567.9 2428.21 2331.72 2309.24 2310.49 2327.06 2358.71 2396.02 2428.91 2466.57 2519.03 2578.64 2661.98
3501.16 3346.04 3233.87 3199.69 3158.76 3112.05 3054.32 3019.27 2987.23 2933.95 2889.53 2825.23 2876.78 2881.19 2866.71 2800.23 2759.82 2798.56 2849.44 2848.18 2821.32 2822.72 2904.26 3142.08 3159.63 3083.27 3156.26 3234.5 3328.66 3241.13 3019.57 2732.27 2625.69 2500.75 2396.61 2388.47 2232.39 2288.09 2412.6 2433.76 2434.25 2428.21 2433.95 2447.13 2408.24 2419.71 2448.98 2517.7 2662.62 2824.25 2923.72 2895.13 2820.13 2727.51 2582.4 2452.64 2348.83 2302.57 2279.08 2302.67 2316.82 2351.91 2395.15 2437.75 2495.12 2576.46 2634.84
3524 3384.28 3276.71 3240.82 3201.97 3164.96 3114.12 3072.74 3008.12 2952.43 2901.77 2877.57 2900.03 2958.97 2923.01 2835.52 2784.53 2781.86 2793.27 2789.59 2828.41 2926.58 3066.72 3261.49 3244.55 3141.96 3271.78 3461.6 3516.03 3220.02 2826.8 2624.43 2536.98 2430.55 2401.43 2405.8 2310.03 2374.14 2436.57 2425.04 2434.3 2434.6 2443.57 2416.9 2411.04 2419.49 2453.94 2533.32 2720.31 2960.73 3161.88 3179.01 3049.39 2801.55 2602.11 2514.09 2397.12 2311.94 2270.16 2278.16 2276.65 2318.68 2376.06 2420.23 2480.57 2589.91 2661.46
3566.52 3432.8 3317.62 3288.08 3250.84 3213.93 3196.72 3110.71 2987.34 2930.19 2914.88 2856.88 2909.29 2982.95 2950.06 2865.12 2801.8 2769.31 2766.07 2810.29 2893.28 3007.86 3195.04 3320.42 3302.19 3276.65 3405.85 3561.06 3494.64 3104.34 2736.53 2616.66 2467.9 2444.53 2424.57 2407.46 2401.27 2415.58 2406.01 2433.44 2435.8 2437.97 2447.04 2435.46 2430.76 2426.93 2467.51 2566.13 2751.52 3032.12 3336.88 3382.35 3250.29 2873.81 2636.31 2549.81 2374.78 2306.5 2292.08 2290.36 2268.19 2308.52 2366.09 2418.24 2492.12 2608.77 2655.86
3639.96 3522.58 3434.49 3371.28 3307.89 3235.85 3165.3 3100.26 3042.34 2958.79 2893.14 2848.69 2876.58 2920.5 2878.7 2795.75 2774.58 2765.89 2757.35 2852.13 2928.61 2932.51 3222.59 3521.43 3441.9 3405.03 3490.35 3572.06 3420.33 3042.67 2703.05 2542.92 2426.36 2428.45 2414.8 2392.34 2406.99 2426.88 2430.64 2421.32 2427.52 2432.52 2437.39 2439.53 2444.61 2449.6 2480.98 2561.22 2709.84 2928.46 3150.07 3269.25 3203.95 2832.55 2656.68 2557.56 2341.59 2298.26 2297.89 2276.65 2278 2309.38 2363.78 2425.12 2494.68 2570.87 2646.47
3744.93 3638.94 3543.65 3473.07 3392.31 3273.1 3122 3056.84 3086.92 3030.79 2923.65 2845.23 2854.03 2859.61 2844.02 2794.68 2788.7 2800.88 2844.72 2907.67 2985.38 3010.24 3336.65 3646.22 3599.25 3508.88 3566.5 3597.76 3387.44 2986.26 2665.63 2530.89 2478.58 2423.5 2391.36 2374.83 2416.38 2426.45 2415.88 2412.53 2413.6 2416.28 2424.17 2433.63 2446.51 2455.37 2478.95 2533.02 2614.27 2698.51 2789.76 2921.49 2857.51 2841.58 2723.69 2523.89 2328.69 2292.27 2286.41 2275.69 2273.12 2308.7 2358.4 2410.4 2496.48 2593.64 2654.26
3846.57 3764.09 3694.9 3623.53 3510.31 3350.71 3182.82 3068.21 3028.94 2927.08 2875.78 2869.69 2872.06 2864.28 2850.36 2834.81 2843.68 2862.57 2899.17 2976.76 3080.71 3247.73 3460.27 3635.02 3598.21 3611.9 3619.29 3518 3299.94 2925.25 2623.01 2478.63 2465.85 2425.56 2398.3 2399.67 2419.6 2404.53 2401.53 2403.76 2401.28 2398.07 2398.8 2409.77 2429.83 2443.94 2460.2 2497.56 2541.73 2512.99 2588.41 2784.19 2903.93 2857.53 2666.92 2410.28 2295.98 2274.78 2271.46 2265.57 2266.58 2307.88 2354.89 2402.85 2508.63 2611.35 2626.76
3909.42 3874.92 3897.83 3811.95 3645.69 3463.38 3306.46 3190.25 3075.93 2981.59 2964.72 2932.62 2923.14 2902.15 2861.92 2846.17 2899.67 2951.47 2995.62 3060.89 3147.92 3276.05 3487.92 3638.54 3689.19 3756.92 3683.88 3526.23 3223.11 2953.1 2643.17 2545.11 2469.9 2432.94 2405.06 2407.96 2388.43 2381.18 2400.74 2395.07 2393.23 2387.67 2377.72 2385.92 2402.23 2414.66 2415.44 2401.64 2384.94 2399.8 2538.77 2828.16 3065.46 2962.33 2696.49 2325.43 2274.08 2255.9 2269.57 2264.13 2272.89 2307.66 2358.99 2428.56 2513.25 2602.8 2585.43
3914.37 3905.77 3947.91 3901.61 3703.87 3532.78 3406.31 3306.31 3178.19 3035.65 3044.42 3024.57 3018.51 2997.79 2961.22 2948.62 2993.63 3053.05 3112.21 3148.09 3209.34 3288.88 3547.64 3744.39 3794.9 3871.14 3733.82 3489.19 3223.96 2956 2661.62 2600.18 2514.88 2454.53 2407.09 2388.89 2387.84 2427.45 2417.04 2394.25 2397.33 2385.46 2367.09 2371.13 2376.67 2379.79 2372.85 2354.35 2342.68 2395.01 2565.84 2866.23 3147.4 3015.34 2706.67 2460.73 2278.76 2261.82 2263.28 2253.96 2266.81 2308.29 2362.33 2428.05 2512.96 2576.33 2549.6
3850.79 3825.41 3822.68 3776.87 3630.76 3513.63 3422.39 3367.88 3241.86 3176.56 3200.88 3169.97 3155.72 3135.14 3119.09 3093.9 3107.43 3141.76 3184.23 3234.37 3274.72 3434.97 3684.87 3841.81 3895.22 3863.41 3727.17 3486.23 3240.95 2995.05 2890.78 2716.39 2594.8 2487.81 2419.96 2393.87 2394.22 2418.57 2426.53 2434.43 2409.93 2390.73 2383.31 2373.4 2356.4 2352.11 2344.96 2341.04 2360.98 2419.76 2568.07 2776.41 2948.89 2832.34 2519.62 2229.5 2247.82 2264.2 2265.95 2265.93 2263.99 2307.73 2363.51 2422.93 2484.06 2524.3 2505.76
3717.16 3677.21 3609.51 3503.55 3493.36 3435.08 3359.62 3287.43 3284.1 3335.95 3354.71 3331.91 3295.37 3267.47 3233.84 3226.93 3221.63 3232.4 3274.34 3330.61 3421.33 3575.25 3776.94 3803.67 3877.53 3907.04 3781.55 3508.48 3240.1 3075.85 2969.26 2838.3 2635.54 2510.7 2433.29 2389.39 2381.55 2406.46 2425.94 2411.79 2397.66 2382.46 2374.31 2364.28 2342.5 2334.93 2328.36 2334.43 2372.72 2449.84 2524.45 2606.58 2616.44 2536.38 2420.06 2330.87 2314.2 2279.38 2262.64 2251.18 2260.06 2307.05 2359.36 2397.85 2419.56 2465.75 2464.63
3609.68 3567.46 3499.77 3437.62 3417.98 3379.11 3293.29 3178.93 3393.05 3554.16 3599.04 3481.66 3417.07 3386.52 3378.71 3350.12 3332.78 3327.33 3355.48 3403.08 3457.03 3575.26 3630.22 3673.01 3805.67 3871.93 3796.04 3581.68 3369.81 3169.08 3033.85 2857.09 2678.54 2552.11 2463.69 2395.94 2385.38 2394.84 2404.77 2392.88 2373.18 2355.99 2342.39 2331.61 2322.39 2313.61 2316.24 2319.43 2331.28 2396 2438.56 2455.12 2432.81 2386.3 2354.64 2321.19 2305.32 2276.89 2261.25 2255.3 2269.11 2309.05 2350.45 2378.54 2405.01 2451.95 2440.86
3532.31 3500.03 3468.31 3447.86 3407.74 3378.57 3364.19 3431.38 3450 3469.71 3554.61 3524.24 3480.36 3455.47 3466.7 3422.4 3426.71 3473.56 3454.96 3469.07 3502.6 3560.41 3561.14 3607.39 3745.67 3866.41 3842.59 3647.29 3428.87 3193.16 3074.41 2949.74 2774.58 2619.72 2493.07 2406.66 2420.96 2372.71 2374.46 2351.06 2332.62 2331.24 2313.85 2288.96 2300.8 2300.86 2296.08 2297.77 2307.5 2326.02 2345.97 2354.79 2341.52 2320.44 2309.55 2304.44 2279.69 2271.95 2261.32 2258.11 2292.71 2312.58 2339.4 2365.76 2392.57 2408.08 2433.93
