real_craters/C192-500m.grd
DSAA
359 359
-89.425 89.425
-89.425 89.425
7282.201193667 10420.81869817
[rows 120 to 149 of 359, columns 268 to 334 of 359]
9363.81 9359.48 9360.22 9355.99 9343.66 9336.07 9334.1 9335.4 9338.74 9346.44 9346.59 9345.72 9346.56 9349 9353.05 9358.16 9363.82 9373.16 9383.43 9390.21 9393.56 9396.3 9398.73 9401.33 9403.24 9407.43 9409.75 9413.28 9404.78 9393.95 9385.66 9377.52 9373.34 9371.9 9372.64 9374.43 9376 9376.36 9373.46 9365.08 9359.98 9359.76 9361.86 9369.61 9378.03 9382.04 9386.5 9388.56 9389.81 9392.78 9390.76 9389.81 9387.74 9385.42 9383.33 9381.99 9379.7 9378.98 9378.62 9375.91 9370.9 9365.59 9360.07 9359.93 9374.22 9393.53 9406.36
9380.89 9374.62 9375.94 9369.7 9351.14 9338.12 9331.69 9332.99 9334.8 9344.35 9346.92 9348.83 9353.11 9358.73 9365.74 9374.37 9386.48 9397.69 9406.57 9406.24 9407.44 9407.22 9406.68 9406.59 9404.67 9406.27 9406.58 9408.27 9402.44 9389.06 9382.42 9379.75 9377.62 9376.31 9376.48 9376.33 9375.78 9373.94 9369.73 9363.5 9361.49 9360.25 9364.43 9373.02 9385.92 9390.74 9388.78 9390.64 9391.56 9388.11 9392.98 9392.34 9390.19 9388.2 9385.2 9383.86 9383.9 9383.64 9385.41 9389.12 9384.33 9374.11 9367.9 9367.42 9377.72 9395.1 9406.86
9370.82 9370.04 9367.82 9360.99 9349.27 9337 9326.75 9337.91 9343.5 9339.37 9340.75 9349.4 9358.41 9367.18 9377.41 9389.99 9405.01 9416.83 9432.17 9431.2 9420.17 9412.97 9411.34 9410.42 9404.58 9399.33 9396.11 9393.71 9385.5 9380.48 9378.32 9381.43 9382.03 9381.22 9380.88 9379.5 9377.26 9373.71 9370.58 9365 9361.75 9356.31 9355.43 9359.65 9371.12 9376.83 9382.58 9389.71 9399.95 9405.69 9398.14 9393.43 9389.94 9387.17 9385.17 9384.53 9384.79 9385.06 9386.49 9389.57 9385.54 9377.47 9371.82 9371.88 9381.44 9396.18 9409.44
9360.19 9360.58 9356.25 9345.28 9347.7 9345.09 9347.62 9346.76 9348.41 9340.49 9341.6 9352.8 9363.45 9374.01 9386.16 9398.88 9412.44 9424.2 9432.12 9436.03 9424.97 9414.38 9411.17 9412.46 9404.13 9393.41 9392.99 9393.16 9389.75 9386.96 9386.29 9387.07 9386.64 9385.44 9383.67 9381.05 9378.5 9375.51 9371.05 9363.23 9350.92 9351.37 9348.12 9344.45 9351.97 9362.9 9371.13 9382.37 9396.44 9403.32 9396.11 9391.18 9387.99 9385.87 9384.83 9384.2 9383.64 9383.13 9382.53 9379.05 9378.8 9376.39 9372.15 9370.05 9376.13 9395.36 9412.05
9355.62 9355.44 9353.82 9355.38 9349.9 9350.81 9353.64 9346.46 9341.18 9346.04 9352.39 9358.89 9368.84 9379.65 9392.81 9406.88 9416.06 9424.52 9431.65 9428.25 9418.87 9410.12 9406.85 9405.6 9401.8 9402.77 9399.22 9398.96 9400.05 9404.39 9400.88 9396.42 9393.35 9390.07 9386.89 9384.88 9381.79 9378.45 9374.23 9368.09 9358.68 9355.62 9356.12 9356.45 9360.51 9357.36 9360.45 9370.23 9380.25 9386.41 9387.01 9384.91 9383.83 9383.01 9382.4 9381.7 9381.41 9381.41 9380.84 9383.48 9377.95 9375.74 9371.97 9369.51 9374 9394.06 9411.52
9356.16 9354.42 9352.27 9346.44 9349.34 9351.17 9350.22 9348.52 9347.7 9350.83 9356.41 9362.72 9371.93 9382.98 9394.83 9407.5 9413.78 9419.61 9426.44 9417.55 9404.94 9400.15 9400.43 9403.27 9406.02 9408.57 9406.05 9407.63 9421.14 9416.66 9409.66 9402.84 9397.47 9393.21 9391.07 9388.18 9385.66 9382.66 9379.9 9375.81 9371.68 9365.86 9370.56 9382.76 9382.34 9372.43 9359.33 9360.54 9359.89 9367.67 9375.41 9378.43 9378.88 9379.26 9378.59 9378.6 9378.1 9377.85 9378.73 9379.16 9377.44 9375.77 9374.44 9374.96 9382.44 9393.71 9407.31
9358.72 9358.73 9355.91 9353.81 9352.8 9353.47 9354.32 9353.03 9353.75 9355.77 9356.09 9366.1 9374.77 9384.38 9394.14 9405 9411.05 9411 9407.18 9405.04 9397.76 9395.06 9397.49 9400.58 9409.48 9414.25 9406.47 9401.64 9409 9413.91 9410.33 9404.46 9399.3 9395.52 9392.65 9390.08 9387.87 9385.83 9384.36 9380.18 9373.23 9372.17 9375.67 9382.07 9384.61 9376.16 9359.68 9359.88 9359.2 9363.29 9369.38 9373.55 9375.34 9375.54 9375.7 9374.98 9374.93 9374.38 9374.82 9374.9 9375.9 9376.26 9376.96 9379.25 9383.65 9390.97 9397.97
9375.66 9368.44 9361.36 9356.69 9355.96 9357.88 9359.14 9358.81 9362.18 9364.63 9368.41 9370.88 9376.79 9383.65 9390.93 9396.57 9402.59 9400.79 9399.05 9394.54 9385.43 9394.87 9404.45 9409.94 9412.42 9412.49 9401.66 9392.21 9397.07 9407.42 9406.37 9402.82 9401.33 9398.07 9394.72 9391.48 9389.53 9387.54 9385.19 9379.97 9377.17 9373.89 9374.57 9375.35 9379.15 9376.86 9367.64 9367.55 9369.49 9366.14 9367.09 9368.85 9369.79 9371.03 9371.55 9371.23 9371.24 9371.25 9371.56 9371.96 9374.03 9376.17 9378.39 9381.5 9385.21 9388.06 9390.36
9378.59 9372.06 9365.65 9360.4 9360.35 9365.07 9368 9376.95 9376.29 9371.86 9371.56 9371.96 9376.34 9382.98 9388.63 9389.24 9392.16 9394.24 9392.51 9392.49 9393.59 9399.46 9407.69 9413.37 9416.73 9410.79 9395.84 9383.73 9388.65 9395.45 9399.37 9399.89 9399.02 9397.31 9395.36 9392.86 9390.99 9389.06 9387.56 9385.82 9377.75 9372.42 9376.14 9377.62 9383.24 9391.69 9393.09 9374.74 9359.52 9363.26 9364.65 9366.27 9366.4 9367.46 9368.06 9368.54 9368.52 9368.4 9368.48 9369.85 9372.66 9376.08 9378.82 9382.98 9385.22 9386.64 9388.43
9372.12 9369.33 9368.68 9369.46 9373.16 9374.42 9381.78 9391.87 9382.68 9373.74 9368.04 9367.14 9372.77 9382.14 9392.45 9396.67 9397.26 9397.62 9398.01 9398.91 9401.75 9406.67 9403.9 9407.79 9412.26 9405.46 9392.14 9380.29 9384.47 9387.86 9394.51 9398.29 9398.1 9397.25 9395.92 9393.98 9392.2 9389.87 9388.7 9386.55 9383.36 9380.7 9383.21 9385.08 9388.61 9391.46 9382.6 9374.87 9367.44 9363.47 9362.6 9362.89 9364.12 9364.76 9365.97 9366.62 9366.74 9366.89 9366.19 9367.67 9371.28 9374.88 9378.52 9382.42 9386.01 9387.45 9388.36
9370.65 9369.59 9370.6 9372.82 9374.95 9377.23 9382.31 9385.29 9379.64 9370.98 9359.82 9357.8 9367.55 9378.7 9394.77 9415.8 9404.56 9404.34 9403.04 9403.77 9410.83 9409.93 9409.45 9403.71 9400.04 9388.28 9389.42 9392.76 9386.5 9388.45 9394.76 9397.75 9398.08 9397.37 9396.09 9393.9 9392.62 9390.63 9388.86 9388.05 9390.73 9394.05 9392.67 9391.59 9390.58 9383.99 9372.99 9371.25 9370.27 9364.03 9361.5 9360.94 9362.08 9362.85 9364.16 9364.78 9366.33 9367.35 9366.9 9368.46 9371.34 9374.5 9377.64 9381.36 9386.23 9388.31 9387.51
9370.8 9371.37 9370.06 9371.74 9377.84 9374.94 9376.3 9376.41 9377.51 9370.48 9360.76 9357.29 9361.91 9370.26 9381.25 9395.82 9403.24 9405.57 9398.32 9397.33 9400.21 9397.25 9392.43 9392.54 9385.28 9381.81 9386.54 9390.96 9394.56 9402.46 9399.04 9398.81 9397.75 9395.69 9394.99 9392.68 9390.62 9389.52 9388.42 9388.76 9395.25 9407.07 9397.61 9390.29 9382.56 9369.35 9366.58 9366.86 9364.47 9361.16 9359.32 9358.95 9359.72 9361.13 9362.55 9364.89 9367.56 9370.14 9373.6 9373.65 9373.29 9374.59 9376.6 9379.39 9382.17 9383.23 9386.7
9368.58 9366.2 9368.74 9370.32 9367.27 9373.98 9377.21 9382.74 9382.37 9372.17 9362.49 9358.1 9357.49 9359.96 9361.96 9363.5 9388.53 9377.11 9376.27 9379.68 9382.89 9387.9 9389.11 9387.69 9387.25 9384.44 9385.4 9389.44 9391.81 9399.19 9400.34 9398.64 9396.71 9394.97 9393.07 9390.75 9389.21 9387.67 9386.93 9389.01 9394.89 9397.17 9393.17 9384.74 9373.83 9367.09 9363.62 9358.99 9356.07 9356.38 9358.29 9360.33 9362.06 9363.67 9365.32 9367.23 9369.81 9374.09 9375.43 9376.77 9375.79 9375.5 9375.83 9377.58 9380.88 9385.28 9388.63
9370.82 9368.38 9373.09 9377.39 9380.77 9381.48 9382.8 9388.42 9384.1 9370.9 9361.24 9355.54 9352.25 9351.43 9352.8 9357.13 9356.85 9350.06 9358.62 9366.06 9376.38 9392.67 9399.05 9386.14 9376.74 9379.86 9381.37 9384.31 9391.24 9399.44 9401.98 9400.32 9398.57 9396.27 9393.76 9390.99 9389.73 9387.12 9385.34 9384.09 9383.93 9386.66 9385.23 9381.1 9375.42 9369.79 9360.9 9346.92 9346.23 9353.61 9358.21 9360.93 9363.01 9365.02 9366.19 9367.9 9370.53 9375.43 9392.62 9380.28 9376.02 9375.26 9375.13 9376.08 9378.52 9384.47 9386.6
9388.43 9383.29 9386.27 9389.03 9391.25 9388.57 9385.74 9383.27 9375.4 9364.55 9355.84 9351.8 9346.63 9344.8 9341.08 9340.17 9341.34 9346.23 9351.63 9359.42 9368.85 9377.56 9396.06 9389.26 9382.35 9385.28 9384.93 9386.33 9391.63 9400.25 9401.97 9401.49 9400.08 9399.2 9396.57 9394.41 9392.37 9389.53 9385.91 9381.52 9375.92 9376.85 9378.05 9378.79 9379.72 9373.5 9361.32 9354.36 9352.68 9356.33 9360.2 9363.01 9365.22 9366.27 9367.1 9366.66 9367.95 9367.81 9366.29 9372.09 9373.42 9374.65 9375.26 9374.15 9373.22 9372.48 9382.28
9416.36 9407.41 9404.78 9401.4 9397.75 9391.19 9381.92 9371.24 9360.23 9355.99 9350.84 9341.43 9344.21 9345.43 9340.7 9337.72 9337.08 9337.72 9352.53 9364.88 9376.55 9388.07 9397.73 9399.64 9398 9395.63 9393.95 9394.83 9395.94 9398.74 9400.51 9402.27 9402.28 9401.39 9399.62 9397.49 9395.15 9391.86 9387.43 9381.77 9374.72 9369.78 9370.17 9376.16 9379.9 9377.79 9372.44 9364.44 9362.83 9363.41 9365.45 9366.98 9368.01 9369.18 9368.83 9369.62 9366.82 9361.26 9355.35 9365.55 9371.31 9374.8 9376.51 9375.01 9372.69 9369.49 9371.73
9427.33 9428.79 9423.59 9412.34 9400.13 9388.52 9379.44 9364.61 9353.66 9353.39 9352.91 9353.88 9353.74 9355.42 9359.04 9355.41 9348.44 9343.37 9363.27 9384.59 9394.64 9404.48 9409.54 9411.67 9409.64 9407.06 9408.47 9406.65 9403.97 9402.06 9401.6 9403.46 9404.04 9404.15 9403.18 9402.3 9399.82 9395.34 9391.16 9385.44 9379.15 9374.47 9369.81 9376.83 9381.52 9382.31 9377.46 9373.4 9373.35 9372.78 9372.69 9374.13 9373.54 9373.72 9372.5 9370.54 9368.12 9363.81 9364.44 9367.58 9373.93 9379.28 9382.42 9381.09 9379.97 9375.46 9371.89
9426.86 9431.68 9428.93 9419.75 9411.2 9403.27 9387.05 9373.46 9357.85 9362.17 9360.14 9355.62 9355.64 9364.36 9375.18 9373.28 9370.85 9367.7 9376.31 9393.52 9400.77 9405.75 9411.61 9414.03 9415.6 9414.27 9411.43 9414.03 9412.97 9408.34 9407.12 9406.47 9406.84 9406.86 9406.1 9404.44 9401.85 9399.7 9396.67 9393.22 9390.46 9388.17 9382.14 9383.02 9386.94 9390.26 9391.34 9385.96 9385.39 9382.8 9381.55 9380.85 9380.59 9379.43 9378.21 9376.75 9374.62 9369.22 9368.43 9374.79 9380.72 9386.19 9390.89 9392.64 9395.64 9398.2 9399.61
9421.43 9424.3 9425.36 9422.38 9418.58 9411.98 9406.06 9397.58 9395.81 9381.63 9372.39 9366.44 9366.25 9368.45 9375.75 9376.06 9380.5 9379.3 9382.37 9392.35 9398.5 9401.85 9408.42 9421.79 9419.6 9417.9 9419.16 9414.5 9411.26 9411.23 9409.72 9410.79 9411.41 9411.26 9409.91 9407.79 9405.98 9403.74 9401.64 9400.33 9400.9 9399.87 9393.04 9390.39 9389.45 9387.6 9387.13 9389.57 9394.6 9393.71 9392.8 9391.55 9390.95 9388.22 9386.36 9385.05 9381.45 9382.41 9383.54 9385.19 9389.42 9394.87 9400.86 9406.55 9414.31 9422.3 9428.82
9415.97 9417.93 9420.43 9423.08 9425.01 9426.05 9422.56 9412.65 9406.74 9392.04 9383.32 9381.82 9381.24 9369.69 9361.51 9370.9 9376.63 9378.29 9384.17 9392.11 9397.88 9397.9 9401.44 9408.96 9415.35 9416.12 9417.67 9419.31 9416.58 9415.78 9415.11 9416.18 9416 9415.58 9414.15 9412.42 9409.58 9406.89 9405.83 9405.03 9405.27 9403.71 9401.13 9398.68 9394.57 9388.87 9391.45 9396 9402.51 9403.7 9403.93 9403.13 9401.91 9399.39 9396.78 9394.71 9392.71 9396.22 9396.95 9395.84 9398.47 9403.72 9410.82 9419.22 9429.87 9442.34 9444.62
9410.2 9413.78 9415.67 9423.47 9428.06 9436.74 9432.54 9413.31 9397.66 9390.46 9387.66 9384.83 9378.26 9373.7 9369.92 9375.09 9378.44 9383.11 9391.23 9399.34 9403.14 9404.23 9402.96 9403.19 9413.74 9415.61 9417.65 9421.79 9421.87 9421.82 9422.48 9423.09 9422.42 9421.4 9419.8 9417.88 9415.56 9412.9 9411.69 9409.89 9409.35 9410.95 9416.81 9413.02 9405.75 9399.83 9399.78 9404.27 9410.13 9415.34 9416.31 9415.38 9412.78 9409.08 9404.63 9401.11 9397.45 9403.62 9403.78 9402.13 9405.38 9411.11 9418.28 9427.61 9438.69 9449.43 9454.08
9409.56 9416.06 9431.4 9423.54 9421.39 9417.43 9410.95 9406.7 9396.49 9392.71 9392.16 9389.35 9385.15 9385.76 9386.96 9390.54 9393.72 9398.99 9405.5 9409.96 9406.73 9396.83 9394.45 9425.83 9422.02 9417.67 9414.92 9418.7 9422.53 9425.95 9429.23 9429.85 9429.42 9428.34 9426.42 9424.3 9422.07 9419.67 9418.07 9415.24 9412.4 9411.62 9427.3 9426.57 9416.6 9409.58 9411.38 9419.93 9424.7 9429.92 9430.73 9428.75 9423.59 9418.47 9412.33 9406.34 9398.95 9391.64 9398.31 9404.53 9409.87 9416 9423.18 9431.66 9441 9452.73 9450.87
9414.09 9414.24 9414.03 9412.84 9410.8 9408.9 9406.64 9403.8 9401.87 9400.78 9399.48 9399.98 9401.9 9406.07 9408.73 9410.76 9414.86 9416.93 9419.33 9418.82 9418.83 9413.94 9418.01 9431.2 9431.69 9427.81 9421.36 9414.88 9423.41 9431.43 9435.96 9436.92 9435.85 9435.07 9432.84 9429.73 9427.22 9424.03 9421.04 9418.77 9417.26 9420.05 9426.51 9426.03 9423.13 9422.67 9428.37 9439.47 9445.77 9449.38 9446.51 9441.65 9434.99 9428.18 9421.3 9413.72 9404.99 9398.4 9401.91 9409.5 9415.9 9421.74 9427.61 9433.89 9440.16 9446.5 9451.65
9408.79 9403.98 9401.18 9398.98 9398.97 9399.49 9400.76 9400.93 9402.58 9404.53 9405.97 9409.8 9418.28 9422.14 9426.41 9429.53 9432.31 9434.38 9432.93 9433.31 9436.01 9438.37 9443.57 9443.38 9442.81 9438.65 9434.05 9427.23 9434.83 9441.06 9444.52 9444.32 9442.46 9439.87 9437.48 9433.99 9430.89 9429.07 9427.61 9424.63 9421.03 9419.52 9418.97 9420.88 9426.07 9434.3 9445.38 9462.38 9475.18 9470.14 9461.08 9453.51 9447.18 9440.41 9433.24 9424.81 9416.64 9411.44 9413.17 9419.13 9424.17 9428.28 9431.99 9435.37 9438.46 9443.86 9450.55
9399.84 9393.14 9386.89 9386.28 9388.92 9389.39 9393.09 9395.7 9399.73 9405.41 9407.94 9413.99 9422.09 9427.81 9436.51 9447.64 9453.14 9453.87 9451.04 9452.2 9449.27 9448.44 9452.04 9454.01 9455.2 9457.13 9459.48 9457.4 9455.91 9454.33 9453.02 9452.09 9450.57 9448.32 9445.28 9441.11 9438.14 9435.09 9432.6 9430.86 9426.71 9423.23 9421.21 9421.6 9425.95 9435.83 9445.96 9470.87 9488.77 9482.51 9472.2 9465.13 9458.6 9452.84 9446.86 9440.19 9432.38 9425.13 9427.66 9432.69 9435.59 9437.5 9438.48 9438.67 9437.82 9439.3 9448.08
9397.94 9390.36 9387.48 9386.6 9384.97 9382.56 9384.87 9388.78 9392.88 9398.3 9405.51 9414.79 9423.81 9435.31 9450 9463.59 9466.73 9465.39 9476.04 9475.87 9461.74 9457.63 9459.19 9460.09 9463.67 9472.95 9479.49 9484.03 9474.98 9466.4 9461.82 9458.61 9460.21 9458.33 9454.4 9451.1 9445.32 9443.08 9441.27 9437.87 9434.02 9430.35 9425.75 9418.63 9424.11 9431.36 9443.86 9464.22 9480.11 9479.43 9475.79 9472.76 9469.63 9465.98 9462.18 9457.8 9453.51 9450.16 9447.99 9449.7 9449.75 9449.1 9447.54 9444.85 9441.24 9440.5 9452.4
9397.85 9389.76 9389.57 9388.99 9384.07 9383.15 9379.66 9384.3 9388.55 9392.22 9403.54 9415 9427.12 9440.99 9455.06 9469.56 9463.98 9450.06 9477.42 9488.78 9474.21 9468.65 9467.08 9463.11 9465.52 9467.48 9475.77 9490.64 9477.4 9469.66 9470.7 9473.69 9469.99 9463.93 9459.19 9455.83 9452.86 9450.14 9447.06 9444.3 9440.35 9438.59 9432.55 9425.21 9425.75 9428.43 9430.95 9452.24 9462.68 9468.23 9475.19 9478.8 9478.84 9478.46 9477.12 9475.32 9473.45 9472.14 9469.04 9467.63 9465.93 9463.28 9459.51 9454.71 9450.03 9450.1 9456.27
9400.46 9394.57 9391.99 9388.75 9382.08 9375.92 9380 9381.89 9387.93 9397.41 9404.8 9413.21 9425.92 9438.8 9449.37 9456.36 9441.36 9403.98 9366.95 9462.94 9481.57 9478.78 9477.26 9470.08 9470.11 9468.21 9465.65 9453.52 9453.23 9461.8 9471.84 9484.5 9474.75 9468.08 9463.57 9459.6 9456.59 9454.34 9452.51 9450.86 9449.24 9446.58 9438.62 9432.9 9432.87 9434.54 9434.82 9444.43 9453.43 9465.67 9477.74 9484.23 9487.86 9490 9490.88 9490.48 9489 9488.27 9487.69 9485.22 9483.64 9479.45 9474.4 9468.08 9461.63 9458.78 9461.17
9404.06 9399.65 9396.01 9393.76 9383.12 9374.9 9373.54 9379.25 9386.58 9395.2 9401.29 9406.55 9412.55 9419.43 9432.72 9445.77 9428.78 9399.63 9381.17 9472.18 9481 9480.14 9478.1 9476.52 9477.43 9473.89 9460.88 9442.37 9440.1 9450.98 9461.1 9465.39 9468 9467.21 9464.63 9462.15 9459.95 9458.2 9456.81 9456.24 9456.65 9456.28 9455.44 9444.45 9441.79 9444.78 9448.63 9456.53 9468.96 9477.22 9484.74 9491.09 9496.06 9500.45 9504.31 9505.44 9505.03 9505.26 9505.02 9503.03 9502.23 9498.15 9492.37 9484.73 9475.63 9470.24 9467.73
9403.48 9397.46 9397.53 9396.55 9389.16 9379.75 9380.03 9380.67 9384.66 9390.26 9395.17 9398.68 9399.66 9397.35 9412.56 9421.16 9421.68 9422.92 9453.04 9466.31 9469.13 9473.67 9477.75 9482.53 9479.23 9470.85 9456.84 9442.42 9437.15 9443.39 9451.82 9456.96 9462.22 9464.34 9464.43 9462.5 9461.85 9460.74 9459.78 9459.9 9461.04 9462.1 9463.44 9453.41 9449.1 9450.8 9460.04 9472.05 9481.94 9487.45 9492.16 9496.88 9502.32 9508.84 9515.69 9519.59 9521.99 9523.83 9523.15 9521.13 9519.38 9517.41 9512.43 9504.95 9495.23 9487.18 9480.55
