real_craters/C192-300m.grd
DSAA
597 597
-89.425 89.425
-89.425 89.425
7271.5829585021 10434.119863977
[rows 90 to 119 of 597, columns 402 to 468 of 597]
9321.07 9322.05 9316.32 9315.14 9312.56 9310.65 9308.39 9305.7 9302.71 9298.91 9295.03 9290.83 9286.33 9281.54 9277.94 9277.43 9276.31 9274.81 9274.73 9278.7 9277.96 9276.87 9275.77 9274.44 9272.3 9270.62 9273.49 9275.55 9277.48 9278.51 9279.46 9280.79 9281.41 9277.41 9280.29 9292.56 9300.19 9306.48 9312.77 9317.19 9315.99 9315.35 9314.8 9314.05 9313.33 9313.88 9315.85 9317.9 9319.75 9321.61 9324.12 9328.37 9336.3 9331.67 9329.63 9333.92 9336.44 9335.09 9330.76 9322.41 9312.87 9305.14 9301.47 9301.28 9302.68 9305.57 9309.79
9317.4 9313.76 9315.13 9314.75 9313.89 9312.2 9309.06 9305.93 9302.13 9298.17 9294.09 9290.27 9286.59 9284.24 9283.21 9280.95 9280.1 9280.49 9281.86 9282.13 9280.98 9279.56 9278.43 9277.62 9277.24 9277.86 9277.72 9277.49 9278.1 9278.47 9279.55 9281.15 9282.35 9283.76 9289.74 9295.48 9302.09 9307.71 9312.55 9315.27 9315.73 9315.95 9315.95 9315.68 9315.32 9315.33 9316.96 9318.02 9319.13 9320.17 9321.21 9321.64 9321.66 9328.99 9335.48 9336.77 9337.3 9335.55 9329.4 9320.36 9309.84 9299.53 9298.94 9300.39 9303.68 9307.15 9311.27
9318.1 9314.26 9316.73 9317.07 9317.1 9314.53 9310.93 9306.99 9302.58 9298.22 9293.88 9290.01 9286.98 9285.27 9283.89 9282.77 9282.88 9284.94 9286.81 9285.14 9282.56 9280.98 9280.24 9280.37 9281.83 9284.13 9281.75 9278.8 9277.05 9277.65 9280.21 9283.38 9286.84 9291.12 9295.68 9300.88 9305.71 9309.47 9311.53 9311.84 9314.82 9316.78 9317.52 9317.7 9318.17 9319.09 9318.72 9318.69 9319 9319.4 9319.28 9317.79 9315.98 9325.11 9331.96 9336.22 9339.05 9336.67 9330.27 9319.67 9308.68 9301.71 9297.27 9299.16 9302.47 9307.14 9312.26
9323.73 9323.59 9321.78 9323.99 9321.93 9317.28 9312.61 9307.89 9302.95 9298.07 9293.63 9289.56 9286.25 9284.22 9282.93 9282.54 9283.18 9284.4 9284.94 9283.52 9282.23 9281.47 9281.05 9281.47 9282.97 9285.41 9282.63 9279.01 9277 9277.68 9281.78 9286.75 9291.95 9297.13 9301.64 9307.06 9310.71 9313.09 9313.95 9313.47 9316.83 9318.91 9319.47 9319.59 9319.93 9321.15 9319.45 9319.11 9319.21 9319.2 9319.6 9321.42 9324.13 9324.9 9328.26 9333.94 9340.23 9345.41 9331.37 9318.78 9306.97 9295.33 9294.32 9297.97 9301.83 9306.11 9310.81
9324.42 9323.15 9323.77 9324.76 9323.02 9319.06 9313.95 9308.58 9303.37 9297.99 9293.28 9288.7 9284.7 9281.98 9280.98 9280.3 9281.3 9283.81 9284.12 9282.06 9281.2 9280.89 9280.92 9281.2 9281.18 9279.81 9278.64 9278.82 9278.14 9279.27 9284.81 9290.91 9297.39 9304.51 9312.19 9314.59 9316.41 9318.21 9319.79 9321.59 9322.76 9322.76 9322.02 9321.04 9319.99 9317.85 9318.36 9319.19 9319.6 9319.69 9319.71 9320.36 9321.95 9324.34 9327.71 9331.26 9334.25 9334.27 9326.84 9316.74 9306.63 9297.91 9295.71 9298.37 9301.32 9304.82 9308.84
9323.74 9322.33 9324.55 9325.34 9324.26 9320.95 9314.96 9309.32 9303.63 9298.1 9292.71 9287.52 9282.6 9278.49 9275.36 9275.06 9277.46 9279.91 9279.96 9280.49 9279.24 9279.25 9279.97 9280.71 9280.51 9278.11 9278.72 9281.64 9282.77 9284.87 9289.58 9295.47 9302.17 9309.73 9317.74 9319.75 9320.98 9323.07 9325.67 9328.62 9328.91 9326.85 9324.56 9322.51 9320.55 9318.7 9318.78 9319.96 9320.51 9320.64 9320.23 9319.27 9319.92 9322.49 9324.2 9324.9 9325.05 9323.76 9319.92 9314.15 9307.74 9302.64 9300.08 9300.24 9301.15 9303.11 9306.02
9327.58 9325.39 9325.94 9328.91 9330.42 9322 9315.45 9309.5 9303.85 9298.18 9292.5 9286.73 9281.08 9275.53 9270.52 9270.11 9274.15 9276.39 9276.66 9275.69 9275.89 9277.49 9279.38 9281.51 9283.45 9285.76 9288.08 9288.22 9288.78 9290.77 9294.57 9299.78 9305.69 9311.78 9316.97 9320.49 9323.39 9326.26 9329.46 9332.64 9332.82 9329.47 9326.2 9323.71 9321.85 9320.61 9320.78 9321.54 9321.99 9322.35 9322.12 9321.46 9321.46 9321.99 9321.66 9320.51 9317.34 9314.94 9314.51 9311.7 9308.37 9305.95 9303.7 9301.51 9300.1 9300.11 9300.09
9330.16 9326.36 9324.76 9324.95 9323.44 9318.9 9314.14 9309.4 9304.33 9298.46 9292.73 9286.7 9280.48 9274.47 9268.9 9267.76 9272.59 9277.56 9274.91 9270.72 9272.6 9276.14 9279.58 9283.21 9287.16 9292.09 9295.56 9294.33 9294.29 9295.71 9299.43 9303.68 9308.48 9313.19 9316.55 9320.51 9324.72 9327.72 9330.56 9334.27 9334.95 9329.16 9325.76 9323.5 9322.34 9323.17 9324 9322.5 9323.02 9324.39 9325.24 9324.34 9323.96 9323.07 9321.4 9319.39 9317.3 9314.28 9311.64 9309.45 9307.47 9306.17 9304.18 9300.66 9298.15 9296.08 9295.74
9324.16 9322.72 9321.6 9319.44 9316.13 9314.26 9312.45 9309.19 9304.78 9299.62 9294 9287.72 9281.59 9275.4 9269.33 9266.47 9269.78 9272.44 9271.94 9270 9271.94 9276.23 9280.75 9285.3 9289.68 9293.97 9296.95 9297.48 9298.61 9301.45 9303.74 9306.84 9311.04 9315.55 9319.89 9323.76 9326.36 9328.11 9328.94 9328.28 9324.86 9324.9 9323.43 9321.72 9320.39 9320.02 9320.14 9320.5 9322.95 9326.47 9329.77 9330.72 9328.35 9324.66 9320.75 9317.32 9315.3 9311.95 9308.69 9306.8 9305.13 9303.47 9301.98 9297.2 9294.27 9291.5 9289.06
9318.79 9320.39 9320.25 9317.42 9310.94 9313.07 9313.04 9310.33 9306.1 9301 9295.63 9290.04 9283.89 9278.55 9273.27 9269.99 9270.69 9270.73 9270.64 9270.65 9272.78 9277.72 9283.07 9287.92 9292.06 9295.21 9297.07 9299.07 9300.83 9303 9305.28 9308.74 9313.12 9318.04 9322.96 9326.59 9328.06 9328.34 9327.45 9324.74 9321.76 9322.05 9321.14 9319.18 9316.89 9314.43 9312.13 9316.26 9321.01 9327.13 9334.04 9337.68 9332.56 9325.34 9318.94 9313.31 9307.18 9306.24 9305.17 9304.01 9302.22 9298.74 9291.44 9293 9291.51 9288.03 9283.76
9324.71 9323.43 9322.77 9321.85 9320.85 9320.09 9316.85 9312.55 9307.83 9302.77 9297.74 9292.7 9287.5 9283.3 9280.23 9279.45 9278.59 9277.82 9275.36 9272.45 9274.62 9281.16 9286.98 9291.8 9295.59 9298.25 9300.32 9301.6 9302.54 9303.38 9305.56 9309.84 9314.72 9319.88 9325 9329.09 9329.32 9328.89 9327.73 9325.75 9323.93 9322.21 9320.03 9317.08 9313.73 9310.5 9309.58 9311.79 9316.93 9324.05 9334.13 9343.16 9332.34 9322.94 9315.55 9309.06 9304.62 9302.82 9302.34 9301.84 9300.71 9298.14 9295.99 9293.46 9290.67 9286.4 9280.24
9335.47 9328.28 9326.18 9327.05 9331.08 9328.32 9320.73 9314.74 9309.53 9304.56 9299.67 9295.28 9291.09 9287.82 9285.54 9284.55 9282.41 9280.74 9279.68 9278.95 9281.7 9287.72 9293.04 9297.38 9300.65 9302.77 9303.78 9304.51 9305.44 9305.39 9306.66 9311.05 9316.19 9321.2 9325.72 9328.95 9329.57 9329.41 9328.76 9327.55 9325.4 9323.44 9319.95 9315.6 9311.17 9307.05 9304.58 9306.34 9310.83 9316.28 9321.79 9325.5 9322.86 9316.91 9310.7 9304.86 9301.17 9300.15 9300.66 9300.56 9300.4 9299.65 9298.64 9295.52 9291.32 9286.05 9279.15
9332.48 9328.18 9326.57 9327.58 9330.11 9328.15 9321.41 9315.74 9310.97 9306.77 9302.41 9298.95 9295.14 9292.36 9289.66 9286.98 9285.27 9284.41 9285.74 9288.85 9293.09 9297 9300.69 9304.31 9307.34 9309.31 9309.39 9310.35 9310.99 9309.41 9308.8 9313.43 9318.41 9322.72 9326.03 9327.78 9329.29 9329.77 9329.74 9329.64 9330.29 9326.38 9320.08 9314.45 9309.3 9304.46 9299.83 9301.32 9304.92 9307.47 9307.45 9308.14 9311.41 9310.15 9306.01 9299.95 9295.24 9297.85 9299.75 9301.16 9301.89 9301.73 9300.33 9297.25 9292.59 9286.78 9279.24
9326.59 9323.96 9323.58 9324.2 9324.46 9322.7 9319.12 9315.37 9311.91 9308.5 9305.49 9303 9299.9 9297.51 9294.71 9292.13 9288.81 9288.37 9292.19 9298.14 9304.49 9306.2 9308.67 9311.89 9315.26 9318.29 9320.79 9321.77 9320.05 9317.08 9315.15 9318.13 9321.89 9325.15 9327.51 9328.75 9329.87 9330.18 9329.9 9329.54 9329.46 9325.14 9318.64 9313.01 9308.05 9303.6 9300.46 9300.26 9301.8 9302.71 9301.79 9302.6 9305.87 9306.43 9304.18 9299.53 9295.91 9298.45 9300.95 9302.68 9303.44 9303.41 9300.85 9297.84 9294.77 9289.15 9280.87
9316.66 9318.53 9319.54 9319.92 9319.24 9317.33 9316.57 9314.48 9312.85 9311.14 9309.32 9307.61 9305.26 9302.6 9299.53 9297.49 9295.68 9294.8 9298.71 9304.31 9309.21 9312.13 9315.17 9318.94 9322.9 9327.22 9331.79 9333.59 9330.17 9326.27 9323.72 9324.53 9326.41 9328.44 9330.2 9330.83 9331.49 9330.9 9329.22 9326.97 9323.82 9319.68 9315.51 9311.33 9307.36 9303.81 9300.74 9300.09 9301.54 9302.37 9303.13 9304.03 9305.55 9306.52 9306.17 9305.82 9303.77 9301.78 9303.09 9304.86 9305.92 9306.43 9304.2 9301.3 9298.89 9292.97 9284.21
9314.02 9316.09 9317.17 9317.11 9316.7 9316.81 9315.11 9314.24 9314.06 9313.87 9313.42 9312.44 9311.28 9309.1 9306.08 9302.22 9300.3 9301.17 9305.87 9309.76 9312.16 9316.63 9320.8 9324.64 9328.87 9334.1 9339.28 9342.21 9338.21 9334.03 9331.92 9330.91 9330.86 9331.84 9333.4 9335.17 9335.17 9331.85 9328.35 9324.33 9319.5 9315.16 9312.58 9309.98 9307.16 9304.7 9303.31 9303.7 9303.5 9304.56 9304.45 9306.33 9307.83 9308.7 9309.06 9307.3 9305.34 9303.83 9304.89 9306.29 9308.69 9310.81 9311.2 9309.54 9305.99 9298.05 9288.8
9318.2 9317.93 9317.44 9316.29 9314.75 9313.65 9313.43 9314.61 9316.41 9317.86 9318.92 9319.12 9318.66 9317.27 9314.76 9309.78 9307.84 9312.39 9315.69 9318.39 9320.12 9323.57 9326.77 9329.77 9333.09 9337.29 9342.15 9345.52 9341.63 9337.84 9336.28 9334.6 9333.74 9334.18 9335.33 9336.91 9336.35 9331.87 9327.39 9322.7 9317.32 9312.49 9311.25 9309.63 9307.65 9305.8 9304.28 9303.28 9305.74 9308.74 9312.5 9311.63 9311.23 9311.51 9312.28 9313.84 9305.77 9303.61 9305.74 9307.94 9310.95 9314.2 9317.94 9324.61 9312.11 9302.2 9293.37
9325.67 9323.08 9320.61 9317.81 9314.55 9311.42 9312.99 9316.58 9320.66 9323.86 9325.89 9327.29 9327.53 9327.21 9325.58 9322.55 9321.43 9324.78 9327.48 9329.26 9331.37 9332.7 9332.83 9333.76 9335.47 9337.78 9340.32 9341.76 9339.65 9337.31 9335.41 9334.59 9334.92 9335.31 9335.54 9334.78 9331.82 9330.2 9326.41 9322.2 9318.02 9314.64 9312.55 9310.63 9308.69 9307.18 9306.15 9306.08 9308.06 9311.24 9315.04 9314.8 9313.89 9313.66 9313.44 9311.79 9304.55 9304.93 9307.63 9309.44 9311.69 9314.27 9315.81 9313.86 9309.44 9302.25 9294.78
9335.01 9330.06 9325.97 9321.89 9317.44 9313.34 9315.12 9320.74 9326.15 9330.43 9333.38 9335.69 9337.47 9338.91 9339.61 9337.58 9336.28 9340.2 9339.79 9339.23 9339.5 9338.94 9337.73 9336.55 9336.31 9336.51 9336.46 9335.71 9335.24 9335.11 9334.61 9334.81 9335.94 9336.07 9335.59 9334.44 9333.16 9329.46 9325.63 9322.19 9319.43 9317.46 9314.74 9312.13 9310.18 9308.85 9308.55 9309.35 9310.01 9310.97 9312.76 9314.44 9315.21 9315.27 9314.29 9311.47 9310.77 9310.53 9310.66 9311.09 9311.62 9312.03 9311.54 9308.4 9304.69 9299.48 9293.54
9342.43 9336.99 9332.48 9328.45 9324.29 9320.03 9321.39 9328.43 9334.44 9338.69 9341.7 9344.54 9347.08 9350.14 9353.92 9357.82 9358.81 9355.87 9349.66 9346.23 9344.42 9342.91 9340.33 9337.57 9335.71 9334.35 9332.65 9330.69 9331.09 9333.38 9335.82 9337.76 9337.85 9337.16 9335.86 9334.26 9332.31 9327.9 9324.29 9321.65 9319.98 9319.11 9316.4 9313.42 9311.35 9310.14 9309.93 9312.2 9310.49 9310.02 9311.11 9314.63 9316.83 9317.63 9317.27 9316.63 9316.58 9315.6 9313.82 9312.2 9310.98 9309.47 9307.28 9303.88 9300.14 9295.55 9290.75
9346.74 9342.36 9339.44 9337.32 9335.14 9332.2 9333.61 9340.87 9345.49 9348.14 9350.09 9352.08 9354.78 9358.29 9363.69 9371.71 9367.88 9360.42 9353.31 9349.02 9347.09 9345.7 9340.94 9337.05 9334.43 9332.39 9330.12 9327.48 9328.62 9333.06 9337.29 9340.26 9340.16 9338.99 9336.41 9332.7 9328.85 9324.45 9322 9320.45 9319.37 9318.28 9316.26 9314.01 9312.23 9311.04 9309.75 9306.36 9307.79 9311.22 9313.72 9317.38 9320.14 9321.3 9321.27 9320.72 9320.71 9318.98 9315.66 9312.53 9309.67 9306.53 9302.76 9297.8 9294.11 9290.89 9287.75
9346.7 9345.28 9345.22 9346.34 9348.61 9351.93 9355.71 9357.68 9357.85 9357.44 9357.31 9357.81 9359.3 9361.81 9364.79 9366.86 9360.86 9355.1 9350.57 9346.78 9344.08 9341.51 9337.78 9334.57 9332.64 9331.26 9329.77 9328.18 9329.9 9335.42 9340 9341.87 9343.62 9342.54 9338.38 9331.75 9323.29 9319.71 9319.89 9319.51 9318.64 9317.8 9316.44 9314.27 9313.16 9312.53 9311.99 9312.34 9314.31 9316.07 9318.91 9322.47 9325.14 9326.54 9326.24 9324.69 9323.92 9321.1 9316.23 9311.62 9307.91 9303.7 9298.79 9292.27 9287.94 9287.11 9285.37
9343.03 9345.55 9349.09 9353.79 9360.93 9370.27 9376.8 9374.4 9368.99 9364.75 9362.15 9360.75 9360.92 9361.45 9361.19 9356.83 9347.54 9347.25 9344.73 9341.2 9337.58 9334.18 9332.3 9331.25 9330.87 9331.09 9331.61 9332.01 9334.81 9341.58 9347.28 9349.55 9351.76 9349.32 9343.35 9334.77 9324.55 9320.18 9320.7 9320.06 9318.62 9316.78 9314.98 9314.4 9314.57 9315 9315.7 9317.55 9320.06 9323.47 9326.45 9328.71 9331.05 9332.8 9333.23 9330.83 9326.47 9321.42 9315.59 9310.71 9306.29 9301.82 9297.02 9290.95 9286.61 9286.06 9284.53
9339.24 9344.95 9350.8 9357.89 9367.84 9381.32 9397.94 9384.4 9374.85 9368.39 9364.09 9361.69 9360 9358.57 9356.62 9352.45 9341.7 9341.72 9338.54 9334.68 9330.8 9327.76 9326.74 9327.4 9329.2 9331.68 9334.77 9338.54 9343.4 9351.07 9358.35 9364.86 9364.19 9358.83 9351.45 9342.49 9333.43 9327.78 9325.45 9323.21 9320.43 9316.75 9314.32 9315.61 9317.16 9318.5 9319.63 9320.52 9321.77 9327.16 9331.78 9334.71 9336.77 9338.62 9340.59 9336.8 9327.09 9318.2 9313.37 9309.85 9306.04 9301.76 9297.18 9292.88 9290.83 9287.53 9285.21
9336.81 9343.44 9350.32 9357.85 9366.94 9377.45 9384.76 9379.91 9372.6 9366.75 9362.7 9359.72 9357.44 9354.22 9349.14 9340.64 9333.77 9334.98 9331.91 9327.88 9323.95 9320.66 9320.96 9323.86 9327.71 9332.46 9338.43 9345.71 9354.11 9361.55 9368.51 9374.52 9374.3 9368.72 9361.07 9352.26 9343.63 9336.75 9332.56 9328.64 9324.72 9320.88 9318.7 9319.34 9321.1 9322.91 9324.79 9326.49 9328.75 9333.69 9338 9340.53 9341.42 9341.65 9341.5 9336.62 9326.73 9316.32 9312.75 9310.07 9306.4 9302.18 9297.86 9294.01 9291.09 9288.58 9286.81
9335.51 9341.4 9348 9354.34 9360.75 9366.38 9368.31 9367.39 9364.7 9361.44 9358.53 9355.81 9353.43 9350.2 9344.76 9335.92 9329.55 9328.86 9325.15 9321.1 9317.85 9316.12 9317.34 9320.8 9326.11 9332.61 9340.73 9350.43 9361.49 9369.09 9376.17 9381.2 9381.8 9378.15 9370.76 9361.97 9353.58 9346.66 9340.39 9335.03 9330.48 9326.75 9324.19 9324.87 9326.59 9328.59 9331.3 9334.56 9340.01 9346.47 9347.27 9346.87 9345.78 9343.22 9338.14 9334.31 9328.3 9320.68 9315.93 9312.19 9307.72 9303.11 9298.77 9294.48 9290.88 9289.25 9289.07
9334.29 9339.14 9344.28 9348.8 9352.55 9354.87 9354.29 9354.28 9354.57 9353.64 9352.36 9350.78 9348.59 9346.38 9344.46 9337.27 9328.15 9322.54 9317.74 9314.31 9311.97 9311.96 9313.59 9317.2 9323.48 9331.6 9341.03 9351.36 9361.21 9371.9 9382.35 9389.47 9391.36 9388.12 9379.52 9370.06 9361.58 9354.53 9347.09 9341.03 9336.4 9333.52 9332.47 9332.08 9332.42 9334.23 9337.36 9341.7 9346.59 9352.8 9353.75 9352.32 9350.28 9346.89 9339.95 9336.62 9332.45 9327.86 9322.43 9315.18 9309.18 9304.03 9299.89 9295.25 9290.84 9290.44 9292.31
9332.72 9336.32 9340.13 9342.94 9344.7 9344.93 9343.49 9343.32 9344.78 9345.76 9345.68 9345.03 9343.25 9341.21 9338.25 9334.18 9325.58 9316.37 9311.15 9307.77 9305.55 9305.16 9306.94 9312.16 9319.88 9329.41 9340.07 9351.5 9362.52 9375.16 9387.38 9399.08 9406.29 9396.87 9385.33 9375.01 9366.02 9357.99 9351.13 9345.49 9341.16 9338.87 9339.19 9337.74 9336.6 9338.42 9342.33 9347.74 9352.66 9356.05 9357.85 9356.52 9354.4 9353.14 9352.4 9343.16 9336.05 9331.63 9324.58 9316.77 9310.88 9305.69 9301.36 9297.52 9294.19 9294.23 9297.03
9330.79 9333.37 9335.78 9337.56 9338.34 9337.26 9334.56 9333.77 9336.84 9338.66 9339.42 9339.12 9337.67 9335.47 9331.25 9326.63 9319.3 9311.88 9305.73 9301.78 9299.47 9298.82 9300.44 9306.54 9315.6 9326.21 9337.94 9350.75 9364.92 9377.5 9387.32 9398.49 9408.71 9396.34 9385.44 9376.07 9367.75 9360.27 9353.81 9348.19 9343.42 9340.43 9338.97 9337.92 9338.01 9341.5 9345.94 9352.42 9359.37 9364.67 9362.61 9359.1 9355.43 9353.65 9353.89 9343.99 9335.6 9327.79 9320.91 9316.68 9311.79 9307.31 9303.92 9301.57 9300.69 9301.55 9303.05
9328.5 9330.25 9331.89 9332.85 9332.84 9331.71 9329.73 9329.22 9331.55 9333.49 9334.25 9333.88 9332.49 9330.34 9328.69 9319.58 9312.74 9305.51 9299.67 9296.97 9294.94 9293.3 9293.61 9301.11 9311.36 9322.3 9334.22 9347.05 9360.56 9372.27 9379.96 9385.96 9385.99 9384.76 9380 9373.59 9367.23 9361.69 9355.5 9349.22 9343.85 9339.51 9336.22 9335.33 9337.3 9342.15 9347.33 9353.92 9362.86 9368.86 9364.71 9359.96 9353.5 9345.45 9339.24 9337.53 9333.37 9328.11 9322.72 9317.01 9311.98 9308.33 9306.08 9305.22 9305.79 9307.15 9307.95
