real_craters/C192-300m.grd
DSAA
597 597
-89.425 89.425
-89.425 89.425
7271.5829585021 10434.119863977
[rows 60 to 89 of 597, columns 402 to 468 of 597]
9306.29 9305.97 9302.39 9298.56 9295.2 9291.79 9289.71 9288.35 9287.72 9287.69 9289.49 9293.08 9297.25 9301.42 9306.12 9309.7 9313.33 9316.78 9319.22 9320.62 9319.62 9319.06 9328.46 9323.72 9313.92 9308.24 9306.83 9306.53 9306.28 9304.8 9302.7 9299.3 9294.18 9288.2 9282.58 9278.18 9274.74 9272.16 9269.66 9267.08 9263.65 9261.61 9262.11 9261.66 9261.41 9261.44 9261.98 9262.82 9263.97 9265.61 9267.93 9271.76 9276.2 9280.9 9285.82 9290.87 9295.71 9300.52 9303.48 9307.36 9311.09 9314.3 9316.4 9317.93 9319.34 9320.73 9322.04
9318.46 9314.28 9307.26 9301.3 9297.55 9294.7 9290.69 9288.96 9288.78 9289.84 9292.08 9294.49 9297.41 9301.08 9304.8 9308.61 9312.3 9315.75 9318.97 9321.34 9321.78 9320.89 9319.07 9314.05 9303 9298.92 9300.3 9301.96 9303.63 9305 9304.29 9299.89 9294.68 9289.05 9283.06 9277.58 9275.53 9273.04 9270.44 9268.09 9267.17 9267.04 9263.29 9261.7 9261.53 9262.31 9263.31 9264.62 9266.24 9268.72 9271.83 9275.25 9279.08 9283.51 9288.25 9293.04 9297.38 9300.17 9304.94 9308.43 9311.55 9314.31 9315.62 9316.8 9317.88 9318.92 9320.15
9320.49 9316.52 9308.67 9301.1 9295.01 9291.43 9289.54 9288.74 9289.23 9291.16 9294.62 9295.41 9297 9300.02 9303.47 9307.39 9311.48 9315.39 9319.67 9323.14 9325.89 9326.41 9320.34 9309.38 9298.46 9294.36 9295.61 9298.01 9300.81 9303.81 9304.75 9300.1 9295.44 9290.62 9285.34 9280.19 9278.02 9275.06 9271.73 9268.49 9266.38 9265.2 9261.66 9260.99 9261.6 9262.87 9264.5 9266.34 9268.63 9271.48 9275.36 9278.02 9281.48 9285.79 9290.44 9295.03 9299.66 9303.98 9307.21 9309.43 9311.07 9312.82 9314.4 9315.49 9316.21 9316.73 9317.1
9320.21 9314.86 9307.44 9299.26 9291.51 9288.01 9287.81 9287.98 9288.69 9290.41 9292.93 9293.91 9295.4 9298.4 9302.89 9306.75 9310.1 9314.72 9319.36 9324.07 9327.79 9329.25 9319.89 9306.6 9297.12 9292.86 9292.54 9294.8 9297.8 9300.03 9299.4 9299.21 9296.29 9292.99 9289.47 9285.74 9282.68 9278.15 9273.36 9268.45 9263.18 9257.6 9258.33 9260.35 9262.22 9264.12 9266.21 9268.32 9270.77 9273.33 9275.68 9279.25 9283.39 9287.69 9292.33 9297.19 9302.25 9307.5 9309.61 9310.63 9311.09 9312.01 9313.59 9314.38 9314.61 9314.49 9313.94
9312.32 9311.28 9305.6 9297.94 9290.55 9287.48 9287.27 9287.59 9287.93 9288.35 9289.22 9290.47 9292.81 9295.78 9298.28 9301.4 9307.61 9313.53 9318.58 9322.78 9324.91 9319.29 9307.88 9299.19 9292.33 9289.18 9289.33 9292.12 9295.43 9298.2 9300.84 9298.81 9297.13 9295.14 9293.55 9293.53 9287.94 9281.4 9275.58 9269.8 9263.52 9257.78 9258.23 9261.4 9264.11 9266.32 9268.37 9270.33 9272.8 9275.58 9278.47 9281.76 9285.36 9289.42 9293.86 9298.49 9303.4 9308.26 9310.5 9311.78 9313.02 9313.57 9313.65 9313.65 9313.38 9312.77 9312.02
9311.43 9309.98 9305.19 9298.12 9291.31 9288.66 9288.28 9288.24 9287.83 9287.01 9285.5 9287.01 9291.24 9294.57 9296.19 9297.96 9306.81 9313.24 9317.64 9320.69 9320.34 9310.44 9296.73 9290.85 9285.39 9281.67 9286.13 9290.55 9294.18 9296.7 9296.95 9298.02 9297.57 9296.18 9294.93 9293.83 9289.07 9283.71 9278.61 9273.3 9267.7 9262.23 9262.65 9265.43 9267.37 9269.09 9270.89 9272.92 9275.33 9277.94 9280.92 9284 9287.23 9290.87 9294.89 9299.41 9303.55 9306.89 9309.91 9312.41 9314.13 9314.48 9314.14 9313.63 9312.93 9311.97 9310.94
9311.41 9311.5 9307.45 9300.53 9293.16 9291.56 9291.14 9290.55 9289.77 9288.65 9287.46 9288.8 9292.79 9296.64 9300.42 9305.73 9309.66 9313.86 9317.28 9318.81 9316.45 9305.34 9290.64 9285.72 9283.2 9282.97 9287.22 9291.2 9294.38 9296.75 9298.41 9298.48 9298.09 9296.91 9294.86 9290.44 9287.36 9285.77 9282.22 9278.32 9274.89 9272.81 9272.33 9271.88 9271.8 9272.58 9273.85 9275.62 9277.76 9280.27 9283.14 9286.14 9288.84 9292.11 9295.63 9299.39 9303.73 9307.75 9310.97 9313 9314.45 9314.95 9314.74 9314.07 9313.11 9311.94 9310.63
9314.88 9315.47 9312.47 9307.66 9299.91 9297.96 9295.85 9294.24 9293.15 9292.54 9292.62 9294.02 9296.95 9300.34 9304.71 9311.27 9311.99 9314.44 9316.76 9317.65 9314.79 9302.24 9286.49 9284.08 9285.42 9289.45 9291.62 9293.66 9295.86 9297.57 9298.16 9298.79 9298.87 9297.97 9296.49 9294.21 9292.23 9289.77 9286.43 9283.4 9281.72 9282.94 9282.44 9277.79 9275.7 9275.7 9276.68 9278.36 9280.36 9282.47 9284.9 9287.3 9290.27 9293.42 9296.57 9299.74 9304.4 9308.3 9311.32 9313.55 9315.33 9315.59 9315.36 9314.82 9313.89 9312.66 9311.27
9319.53 9320.64 9317.86 9315.97 9314.82 9305.51 9300.62 9298.32 9297.15 9297.08 9298.54 9301.36 9301.7 9303.39 9305.85 9306.86 9310.84 9314.15 9316.29 9316.8 9314.86 9304.89 9289.35 9284.86 9287.13 9291.79 9294.75 9296.43 9297.6 9298.65 9300.1 9300.49 9299.71 9299.18 9298.89 9299.27 9299.4 9294.14 9290.32 9287.18 9285.09 9284.89 9283.81 9279.36 9277.99 9278.21 9279.33 9280.99 9282.81 9284.81 9286.92 9289.66 9291.78 9294.99 9298.51 9302.43 9305.87 9309.36 9312.13 9314.45 9315.36 9316.32 9316.22 9315.8 9315 9313.91 9312.74
9323.67 9324.38 9320.24 9316.21 9312 9307.51 9303.55 9301.19 9300.23 9300.49 9301.8 9303.2 9304.4 9305.48 9306.85 9308.57 9311.01 9313.81 9315.85 9315.86 9312.92 9307.69 9290.15 9284.81 9287.85 9293.42 9297.46 9298.63 9298.81 9298.96 9299.33 9299.22 9299.6 9299.83 9300.23 9300.22 9297.9 9296.74 9293.45 9289.83 9286.01 9281.45 9276.57 9277.9 9279.11 9280.39 9281.98 9283.72 9285.64 9287.53 9289.12 9289.94 9293.41 9296.91 9300.14 9303.75 9307.47 9311.21 9314.58 9316.31 9317.61 9317.66 9317.5 9317.09 9316.62 9315.93 9315.37
9324.19 9324.44 9319.27 9314.1 9309.87 9306.64 9304.21 9302.61 9302.15 9302.69 9303.7 9304.2 9306.35 9307.13 9307.71 9308.34 9310.32 9313.42 9315.71 9315.85 9312.98 9309.32 9289.53 9282.97 9287.51 9296.1 9301.14 9300.03 9299.03 9298.21 9297.92 9298.62 9298.43 9299.8 9301.13 9301.81 9302.63 9299.71 9296.71 9292.8 9287.93 9282.12 9277.12 9278.72 9281.11 9283.09 9285.06 9287.14 9289.18 9291.14 9292.91 9294.18 9297.14 9300.02 9301.89 9304.83 9309.16 9313.01 9316.7 9318.11 9318.48 9319.12 9319.01 9318.71 9318.69 9318.59 9318.63
9322.43 9321.89 9315.99 9309.78 9306.26 9304.8 9303.71 9302.98 9302.95 9303.82 9305.79 9309.23 9309.16 9308.38 9308.13 9307.82 9309.35 9313.31 9315.84 9316.44 9314.13 9305.28 9285.41 9278.96 9284.7 9293.72 9299 9299.09 9298.04 9296.76 9295 9291.86 9296.41 9299.83 9302.37 9303.76 9302.73 9302.96 9300.75 9296.81 9291.89 9286.6 9282.32 9283.07 9284.86 9286.93 9288.97 9291.01 9292.96 9295.36 9298.07 9301 9303.12 9304.32 9306.69 9308.62 9311.13 9314.25 9317.28 9319.91 9321.22 9320.49 9320.26 9320.15 9320.11 9320.47 9321.56
9320.65 9318.54 9312.41 9305.86 9303.51 9303.31 9302.94 9302.74 9302.94 9303.76 9305.6 9308.07 9308.52 9308.15 9308.5 9308.85 9309.78 9314.21 9315.46 9314.82 9309.28 9293.32 9277.42 9273.47 9280.86 9289.29 9295.61 9296.61 9296.42 9295.57 9294.44 9294.35 9296.82 9300.66 9304.3 9307.28 9309.48 9308.98 9306.06 9301.92 9297.18 9292.72 9290.19 9289.1 9289.91 9291.48 9293.27 9295.15 9297.11 9299.45 9302.54 9307.07 9308.62 9307.54 9307.71 9310.23 9312.77 9315.08 9317.12 9318.87 9320.47 9320.97 9320.9 9320.84 9320.98 9321.45 9322.83
9318.98 9314.16 9309.02 9306.47 9303.97 9303.17 9302.9 9302.47 9302.13 9302.1 9302.81 9304.7 9305.34 9305.45 9307.75 9312.55 9319.43 9315.36 9313.33 9310.35 9300.59 9283.69 9274.12 9272.84 9279.14 9285.8 9290.38 9293.32 9294.75 9294.85 9294.64 9295.16 9297.69 9301.87 9306.42 9310.99 9315.15 9315.05 9311.48 9307.16 9302.75 9298.6 9295.14 9294.27 9295.48 9296.75 9298.05 9299.53 9301.2 9303.07 9305.18 9306.68 9307.45 9309.42 9310.65 9312.57 9314.55 9316.1 9317.06 9318.96 9320.87 9321.15 9321.04 9320.95 9320.78 9321.3 9322.56
9318.2 9309.58 9306.86 9302.84 9304.16 9304.39 9303.73 9302.41 9300.91 9299.55 9298.26 9297.38 9297.19 9299.63 9303.7 9308.82 9312.07 9310.63 9308.13 9304.27 9292.67 9278.78 9274.58 9276.03 9280.16 9284.61 9287.44 9292.14 9294.26 9294.63 9294.68 9294.98 9298.04 9302.67 9307.97 9313.3 9317.8 9318.79 9315.82 9311.74 9307.91 9304.55 9301.85 9300.98 9301.69 9302.34 9303.06 9304.15 9305.25 9306.47 9307.56 9308.1 9309.55 9311.96 9314.26 9315.62 9316.73 9317.75 9318.35 9319.87 9321.41 9321.4 9321.1 9320.73 9320.32 9320.56 9320.91
9322.91 9313.52 9311.93 9310.25 9308.68 9307.37 9305.56 9303.27 9300.38 9297.23 9293.71 9289.96 9288.04 9292.86 9297.57 9301.34 9301.79 9302.29 9299.99 9295.81 9282.86 9272.52 9274.08 9278.69 9282.23 9287.28 9293.28 9295.28 9294.89 9294.53 9294.68 9295.73 9298.63 9303.11 9308.56 9314.12 9319.58 9322.29 9318.55 9314.95 9312.02 9309.95 9309.39 9309.19 9308.01 9307.62 9308.06 9308.78 9309.5 9310.31 9310.69 9310.89 9311.31 9314.78 9318.26 9318.32 9318.82 9319.69 9320.83 9322.14 9322.22 9321.79 9320.95 9320.25 9319.91 9319.64 9319.38
9333.4 9328.04 9323.92 9318.54 9315.91 9312.46 9308.75 9304.52 9300.16 9295.89 9290.96 9286.74 9284.98 9288.13 9292.14 9295.68 9297.93 9295.76 9290.45 9283.67 9272.92 9268.65 9272.33 9277.57 9282.48 9288.3 9295.33 9295.99 9294.31 9293.86 9294.24 9295.34 9298.08 9302.88 9308.07 9313.16 9317.45 9318.95 9318.49 9316.61 9314.66 9313.47 9313.72 9314.33 9312.23 9312.04 9312.73 9313.39 9314.04 9314.61 9314.72 9314.66 9314.72 9316.85 9319.09 9319.6 9320.12 9320.96 9322.34 9323.47 9322.77 9321.48 9320.31 9319.52 9318.91 9318.51 9318.1
9345.78 9342.2 9338.3 9332.24 9324.61 9317.88 9312.21 9306.45 9301.05 9295.28 9289.87 9285.74 9284.12 9284.87 9287.68 9290.95 9293.15 9289.43 9281.31 9272.18 9266.46 9266.65 9270.83 9276.14 9280.99 9285.35 9289.21 9290.63 9291.23 9291.99 9293.2 9295.1 9298.36 9302.24 9306.97 9311.46 9314.92 9316.39 9317.62 9316.95 9316.06 9315.27 9314.11 9312.2 9314.29 9315.69 9316.9 9317.72 9318.57 9319.23 9319.53 9319.71 9319.28 9319.11 9319.25 9320.23 9320.73 9321.09 9321.95 9324.75 9321.95 9319.82 9318.64 9317.88 9317.45 9317.25 9316.82
9356.74 9349.52 9347.8 9342.56 9331.66 9322.28 9315.13 9308.44 9301.72 9295.62 9289.72 9284.43 9280.36 9281.06 9284.02 9286.42 9286.47 9282.27 9274.31 9265.96 9263.82 9265.75 9270.18 9275.77 9279.19 9281.36 9282.82 9284.47 9287.28 9289.65 9291.87 9293.97 9296.03 9301.28 9305.85 9309.76 9313.26 9317.19 9316.77 9316.47 9316.66 9316.82 9316.33 9315.35 9318.03 9319.92 9320.9 9321.68 9322.44 9323.57 9324.43 9325.31 9325.98 9323.63 9321.69 9321.68 9321.12 9320.19 9319.2 9318.56 9317.86 9316.62 9315.75 9315.21 9314.9 9315.01 9315.57
9365.4 9352.99 9351.09 9345.61 9334.03 9324.3 9316.07 9309.39 9302.38 9296.76 9290.16 9284.09 9279.06 9279.04 9281.75 9283.68 9282.71 9278.01 9270.92 9263.19 9262.6 9265.51 9269.58 9273.92 9276.5 9277.94 9279.17 9281.18 9284.19 9287.59 9290.97 9294.14 9296.75 9301.7 9305.3 9308.02 9310.17 9312.02 9313.23 9314.96 9317.05 9318.95 9320.59 9322.26 9323.98 9324.73 9325.22 9325.78 9326.53 9327.49 9328.87 9330.42 9331.04 9329.5 9326.59 9324.12 9321.77 9319.18 9316.45 9314.06 9313.37 9312.72 9312.17 9312.04 9312.12 9312.69 9314.09
9370.24 9352.89 9345.82 9339.75 9331.67 9323.82 9316.32 9309.32 9302.7 9298.32 9292.04 9285.97 9280.13 9279.43 9282.11 9283.91 9284.6 9282.51 9272.45 9263.37 9264.03 9266.88 9269.55 9271.86 9273.75 9275.37 9276.29 9277.73 9281.57 9286.04 9290.67 9295.51 9301.02 9303.62 9305.34 9306.52 9306.76 9305.94 9308.41 9313.37 9317.61 9321.24 9324.71 9328.66 9329.6 9329.04 9328.93 9329.01 9329.68 9330.69 9332.65 9334.28 9335.17 9333.29 9330.26 9326.75 9322.85 9318.71 9314.56 9311.77 9310.04 9308.95 9308.43 9308.65 9309.5 9310.57 9312.23
9370.16 9348.47 9333.13 9331.66 9328.1 9322.17 9315.63 9309.54 9306.45 9300.61 9295.23 9290.06 9286.26 9285.01 9284.82 9285.27 9285.84 9284.76 9277.19 9271.49 9271.15 9270.17 9270.58 9272.2 9273.84 9274.12 9274.64 9276.07 9280.17 9285.01 9290.2 9295.9 9301.64 9304.51 9305.42 9306.01 9305.76 9304.27 9306.95 9313.74 9318.87 9323 9326.93 9330.66 9331.98 9331.32 9331.03 9331.21 9331.88 9332.76 9335.25 9337.11 9338.54 9338.31 9334.1 9329.24 9324.2 9318.83 9312.91 9308.53 9305.97 9305.32 9305.42 9306.05 9307.13 9308.56 9310.4
9366.66 9347.77 9339.42 9332 9326 9320.62 9315.07 9310.43 9305.6 9302.74 9298.42 9294.86 9291.87 9289.45 9287.96 9286.13 9284.33 9281.65 9280 9279.32 9276.17 9272 9271.16 9271.82 9272.26 9273.47 9274.53 9276.33 9279.58 9283.92 9288.94 9294.58 9300.85 9303.82 9304.85 9306.28 9307.68 9308.73 9311.8 9317.29 9320.97 9324.19 9327.36 9330.12 9331.51 9331.67 9331.7 9331.97 9332.69 9333.93 9336.59 9338.52 9340.36 9340.53 9336.1 9330.88 9325.52 9319.82 9314.17 9307.73 9303.34 9302.56 9302.93 9303.86 9305.5 9307.2 9309.29
9359.65 9344.58 9340.14 9331.26 9324.57 9319.48 9314.58 9310.6 9306.66 9304.48 9301.02 9298.6 9296.93 9295.7 9291.02 9286.63 9282.02 9277.77 9277.74 9274.63 9270.79 9270.1 9270.54 9271.51 9272.6 9273.81 9274.61 9276.3 9278.88 9282.49 9287.04 9291.83 9295.88 9299.24 9303.12 9306.49 9310.58 9316.39 9322.76 9322.13 9322.85 9324.55 9326.69 9328.57 9329.62 9330.97 9331.34 9331.88 9332.76 9334.78 9336.38 9338.15 9339.75 9339.7 9335.78 9331.65 9327 9321.43 9314.67 9308.16 9302.46 9301.26 9301.14 9301.99 9303.49 9305.47 9307.47
9351.25 9337.17 9329.41 9327.37 9322.38 9318.23 9314.18 9310.99 9307.69 9305.51 9303.14 9301.52 9300.22 9296.89 9292.98 9286.44 9279.89 9274.69 9274.11 9267.67 9264.72 9267.27 9269.65 9272.34 9275.52 9274.87 9274.26 9274.58 9276.51 9280.63 9284.89 9289.08 9293.26 9297.55 9301.06 9305.53 9311.01 9318.03 9324.09 9323.03 9322.65 9323.41 9325.13 9327.51 9330.11 9329.51 9329.56 9330.4 9331.42 9333.19 9334.54 9335.88 9336.93 9336.85 9334.23 9332.14 9329.21 9324.55 9317.78 9310.53 9305.13 9300.7 9299.96 9300.76 9302.37 9304.1 9306
9343.7 9333.34 9328.61 9323.19 9318.96 9315.89 9312.98 9310.26 9307.5 9305.42 9303.44 9302.26 9302.19 9303.76 9294.67 9285.33 9277.29 9270.16 9265.75 9263.3 9263.5 9266.12 9268.98 9271.73 9273.93 9274 9273.64 9273.54 9275.81 9279.43 9283.08 9286.73 9290.21 9293.34 9298.37 9303.2 9308.31 9313.6 9318.48 9318.59 9319.48 9320.93 9322.39 9324.01 9325.22 9325.93 9326.52 9327.57 9328.78 9330.34 9331.7 9332.33 9332.14 9331.25 9332.01 9332.61 9332.28 9329.83 9323.32 9313.83 9302.5 9299.64 9299.37 9300.14 9301.53 9303.15 9305.01
9336.87 9332.69 9323.87 9316.86 9314.74 9313.01 9311.28 9308.93 9306.18 9303.89 9301.95 9300.36 9299.18 9296.19 9289.8 9282.46 9275.06 9268.28 9263.32 9263.15 9264.65 9266.69 9268.91 9270.7 9271.86 9272.62 9273.32 9274.8 9276.68 9278.83 9281.79 9284.95 9288.1 9291.96 9295.97 9300.52 9304.48 9307.11 9306.84 9311.4 9315.24 9317.47 9318.99 9319.64 9319.73 9321.37 9323.11 9324.77 9326.51 9328.03 9328.69 9329.29 9329.24 9328.84 9330.4 9333.21 9335.76 9337.08 9332.77 9319.46 9306.75 9301.13 9300.12 9300.44 9301.49 9303.23 9304.59
9330.34 9327.32 9319.74 9313.63 9311.85 9311.07 9309.39 9307.43 9305.14 9302.66 9300.12 9297.27 9293.77 9288.99 9284.2 9279.2 9274.13 9270.11 9267.79 9267.5 9267.53 9268.43 9269.59 9270.59 9271.2 9271.87 9272.92 9273.97 9275.59 9278.08 9280.86 9283.87 9286.88 9288.81 9294.49 9298.64 9301.79 9303.81 9304.86 9308.77 9312.8 9315.15 9316.13 9316.24 9316.09 9317.39 9319.74 9322.04 9324.04 9325.54 9326.91 9327.05 9327.14 9327.25 9329.47 9333.69 9337.93 9341.67 9338.54 9324.09 9311.24 9303.8 9301.43 9301 9301.78 9303.76 9305.58
9325.58 9323.14 9316.85 9311.83 9310.75 9309.67 9308.26 9306.44 9303.85 9301.1 9297.98 9294.22 9289.71 9284.16 9279.43 9276.7 9273.78 9271.86 9272.19 9270.31 9270.6 9270.86 9271.13 9271.45 9272.31 9273.04 9272.85 9273.87 9275.53 9277.64 9280.21 9283.22 9287.15 9292.61 9295.59 9297.63 9300.67 9303.78 9306.69 9309.94 9312.75 9314.16 9314.43 9313.98 9313.06 9314.09 9317.06 9319.65 9322.09 9323.77 9325.72 9326.4 9324.75 9326.17 9329.43 9333.5 9337.85 9339.53 9335.34 9325.22 9313.77 9305.9 9302.81 9301.86 9302.4 9304.11 9305.97
9321.26 9314.63 9313.47 9311.54 9311.06 9309.75 9308.23 9305.96 9303.36 9300.17 9296.47 9292.2 9287.05 9281.11 9277.06 9275.82 9274.04 9271.97 9270.43 9273.93 9274.18 9273.72 9273.16 9272.48 9271.8 9270.9 9272.39 9274.1 9275.62 9277.67 9279.68 9282.09 9285.5 9292.56 9293.55 9295.33 9300.08 9304.95 9309.35 9312.68 9314.28 9314.53 9314.19 9313.28 9312 9312.71 9315.65 9318.33 9320.76 9322.83 9325.33 9328.43 9331.55 9328.95 9327.76 9332.88 9337.13 9339.71 9334.59 9324.56 9314.91 9307.6 9303.17 9302.07 9302.86 9304.69 9308.45
