real_craters/C192-1000m.grd
DSAA
103 103
-51.1 51.1
-51.1 51.1
1309.9776678618 4768.1257622263
[rows 0 to 29 of 103, columns 0 to 66 of 103]
1371.83 1365.63 1363.34 1359.75 1353.28 1354.57 1358.06 1356.63 1394.72 1453.89 1509.18 1561.22 1606.09 1629.93 1730.64 1897.64 2074.62 2210.39 2394.03 2604.57 2803.55 2839.18 2743.28 2701.03 2665.97 2678.9 2727.63 2708.45 2660.7 2663.04 2666.13 2754.37 2899.37 2869.38 2789.15 2729.32 2692.98 2697.75 2704.49 2705.39 2694.67 2680.56 2701.14 2729.25 2753.04 2792.31 2790.2 2770.67 2838.76 2855.23 2870.02 2882.18 2881.01 2873.2 2873.78 2875.83 2893.72 2895.22 2867.84 2845.26 2826.21 2808.2 2784.57 2799.08 2819.71 2831.89 2844.32
1364.04 1367.97 1357.67 1340.67 1348.91 1354.84 1360.26 1358.06 1388.32 1429.4 1475.43 1513.22 1543.71 1580.04 1671.19 1817.01 1988.24 2076.41 2218.87 2372.48 2676.93 2839.95 2767.82 2748.68 2719.61 2715.24 2756.91 2756.92 2719.81 2736.16 2698.28 2774.01 2906.92 2896.86 2817 2736.94 2724.95 2701.68 2710.49 2714.23 2708.89 2699.42 2725.14 2761.58 2827.76 2877.73 2887.34 2884.44 2888.37 2890.5 2899.75 2913.28 2916.79 2906.97 2917.06 2922.94 2930.24 2915.25 2901.64 2888.41 2875.9 2856.72 2836.47 2836.89 2843.13 2849.01 2846.42
1372.11 1364.07 1360.83 1355.26 1353.76 1357.07 1362.96 1366.31 1388.05 1414.69 1446.21 1480.77 1515.31 1565.39 1644.76 1716.77 1828.36 2046.09 2107.76 2257.72 2584.07 2858.76 2859.35 2806.09 2790.33 2790.55 2822.86 2832.09 2808.01 2739.78 2731.89 2835.18 2896.03 2898.43 2866.11 2818.31 2806.9 2756.4 2742.99 2745.73 2754.11 2777.95 2796.58 2802.94 2857 2916.24 2914.24 2949.32 2918.46 2916.37 2919.66 2922.96 2929.75 2969.44 2964.35 2959.51 2956.97 2930.61 2934.56 2926.42 2916.28 2899.9 2884.67 2877.11 2879.23 2883.01 2885.27
1367.3 1363.31 1364.17 1362.3 1357.34 1357.61 1360.79 1367.58 1377.88 1397.87 1424.13 1457.24 1486.13 1530.91 1612.63 1665.49 1687.39 1951.2 2037.33 2225.23 2523.5 2774.84 2856.03 2897.26 2908.36 2921.72 2907.24 2878.5 2826.31 2731.83 2798.33 2831.57 2896.57 2925.21 2942.91 2943.21 2869.25 2805.78 2787.52 2790.99 2808.28 2835.88 2848.67 2833.55 2846.03 2879.68 2880.47 2895.44 2933.21 2942.07 2930.36 2933.38 2964.52 3002.06 2991.6 2977.29 2979.69 2994.87 2978.51 2964.83 2949.66 2921.75 2908.08 2911.1 2919.43 2928.56 2930.74
1374.63 1359.22 1358.15 1354.95 1355.45 1355.76 1356.77 1357.23 1359.66 1384.68 1411.03 1440.09 1462.9 1480.56 1503.7 1635.59 1756.82 1868.93 2019.47 2237.7 2555.5 2771.82 2959.66 3000.67 3008.98 3000.62 2961.93 2885.33 2839.3 2849.16 2889.81 2877.6 2926.28 2970.17 3009.36 3017.9 2893.86 2841.27 2830.43 2833.93 2846.97 2859.86 2859.09 2843.41 2839.16 2835.62 2855.33 2849.29 2877.92 2920 2927.98 2930.8 2937.59 3005.61 2982.7 2976.12 2982.39 3022.8 3015.83 3001.11 2984.28 2964.03 2945.82 2947.86 2955.03 2969.54 2982.07
1378.86 1359.14 1355.31 1347.19 1352.5 1355.3 1356.08 1355.87 1357.48 1376.58 1393.68 1414.07 1433.55 1461.22 1515.09 1643.35 1744.39 1836.52 2108.57 2413.18 2722.63 2962.98 3069.73 3051.91 3025.51 3025.75 2982.61 2925.09 2911.3 2941.5 2946.43 2965.42 2978.54 2998.92 3048.54 3072.78 2934.83 2888.4 2873.06 2870.54 2872.42 2878.56 2835.32 2839.84 2845.78 2858.13 2876.88 2868.53 2878.91 2909.7 2932.15 2938.46 2929.33 2938.42 2954.11 2962.73 2985.5 3044.62 3040.25 3027.98 3017.54 3001.78 2990.42 2988.13 2988.24 2990.16 2995.76
1387.71 1383.32 1370.16 1362.85 1358.53 1358.61 1362.39 1361.61 1362.13 1377.44 1392.39 1405.58 1417.7 1432.45 1501.31 1683.09 1764.58 1952.55 2292.72 2658.99 2946.52 3161.89 3111.01 3132.39 3045.96 3033.17 3000.97 2972.59 2962.25 2966.58 2965.12 3051.98 3058.5 3055.22 3103.4 3077.12 2983.75 2938.16 2917.24 2902.69 2886.14 2859.26 2843.26 2862.24 2875.28 2897.74 2924.61 2913.57 2910.35 2936.25 2955.01 2968.2 2978.19 2940.48 2952.33 2961.97 2985.38 3019.82 3045.47 3047.29 3043.45 3043.69 3031.79 3017.05 3011.79 2998.62 2988.91
1466.89 1402.41 1388.42 1368.46 1353.05 1359.31 1370.15 1371.41 1372.75 1384.82 1393.33 1402.16 1411.56 1419.38 1478.85 1683.47 1863.13 2115.57 2477.1 2857.74 3103.54 3202.39 3151.82 3129.9 3092.82 3053.08 3067.78 3014.98 3002.51 3011.17 3043.46 3095.84 3159.97 3239.89 3181.28 3109.32 3032.14 2996.85 2971.63 2944.92 2913.5 2890.82 2899.71 2902.81 2915.15 2934.38 2962.98 2963.61 2963.07 2973.79 2988.91 3004.89 3016.83 3013.44 2978.95 2963.82 2983.83 3032.15 3060.87 3079.95 3084.06 3089.63 3064.16 3063.55 3055.26 3032.9 3019.59
1645.13 1488.22 1405.75 1374.78 1349.08 1360.57 1371.4 1380.96 1392.93 1401.83 1403.16 1407.16 1418.24 1444.07 1543.86 1683.72 1897.04 2232.32 2621.41 2997.22 3228.33 3251.93 3157.08 3151.59 3094.78 3060.94 3099.66 3055.18 3048.14 3072.92 3109.91 3204.51 3215.16 3249.11 3209.49 3144.95 3125.22 3067.58 3027.81 2992.02 2959.22 2938.33 2944.81 2951.57 2974.63 2987.59 3003.04 2998.61 2983.36 3003.29 3023.19 3036.26 3043.27 3028.43 2996.27 2977.84 2991.18 3026.31 3068.83 3103.83 3126.66 3113.39 3123.38 3119.25 3110.83 3100.75 3079.02
1850.75 1653.08 1495.34 1420.55 1384.72 1367.76 1369.04 1385.16 1410.58 1419.35 1416.4 1417.52 1429.32 1470 1567.51 1708.53 2004.35 2309.09 2728.84 3129.12 3366.39 3372.26 3179.61 3176.88 3180.64 3102.33 3129.94 3124.33 3081.59 3094.46 3156.37 3187.75 3207.84 3229.73 3229.33 3192.1 3143.8 3121.78 3081.65 3040.04 3001.77 2979.09 2979.24 3010.42 3020.07 3008.88 3020.08 3031.13 3034.31 3048.7 3056.41 3061.6 3064.25 3043.08 3018.07 3023.48 3034.59 3064.25 3103.32 3148.45 3194.57 3189.03 3206.33 3159.2 3150.19 3149.64 3124.1
2002.6 1762.86 1554.47 1419.64 1401.33 1379.36 1379.56 1382.92 1395.3 1410.58 1422.73 1431.18 1443.33 1470.11 1560.86 1708.68 1998.87 2377.61 2811.22 3216.2 3463.18 3448.83 3300.69 3294.19 3226.13 3164.35 3169.14 3151.62 3141.79 3134.04 3169.87 3141.3 3178.71 3235.91 3236.58 3230.78 3230.12 3180.06 3132.03 3089.5 3067.23 3046.61 3045.06 3016.6 2841.85 2941.35 3028.08 3066.72 3069.94 3080.6 3083.88 3086.39 3084.56 3077.42 3069.13 3068.85 3066.4 3085.92 3128.62 3183.86 3279.21 3313.51 3167.39 3162.82 3178.42 3195.76 3168.33
1980.32 1750.15 1418.64 1396.85 1400.82 1383.77 1372.15 1379.57 1399.55 1421.75 1437.83 1454.4 1465.45 1489.38 1595.93 1776.26 2071.77 2460.79 2896.44 3300.91 3572.58 3541.47 3359.51 3340.6 3259.43 3211.01 3222.35 3193.18 3207.62 3155.73 3184.2 3136 3156.43 3198.17 3238 3267.9 3281.67 3232.34 3181.65 3129.33 3077.63 3064.75 3091.29 3030.27 2835.2 2963.55 3085.79 3130.82 3092.35 3087.44 3106.43 3112.3 3108.5 3092.29 3104.26 3089.67 3091.05 3090.98 3096.36 3175.05 3242.55 3235.17 3167.31 3172.19 3202.58 3215.31 3206.07
1841.39 1644.87 1518.72 1433.83 1418.43 1388.81 1373.04 1382.86 1406.47 1433.46 1460.65 1484.16 1509.8 1543.86 1655.11 1858.04 2135.97 2548.12 2978.34 3374.15 3624.41 3584.32 3404.87 3358.16 3320.04 3312.74 3299.35 3276.14 3296.7 3260.19 3194.17 3190.24 3212.08 3266.57 3323.52 3330.27 3312.16 3274.2 3216.31 3166.18 3112.4 3099.41 3106.98 3135.1 3186.73 3121.16 3156.05 3171.83 3117.62 3116.82 3138.15 3141.88 3144.52 3148.09 3121.21 3129.84 3128.9 3126.26 3130.85 3177.43 3221.23 3201.36 3158.47 3211.33 3251.49 3276.71 3249.11
1747.16 1585.01 1500.58 1455.69 1425.46 1405.55 1397.18 1406.3 1423.34 1460.95 1494.8 1531.49 1576.73 1648.25 1746.6 1949.3 2269.44 2669.03 3078.68 3456.47 3731.65 3589.62 3414.21 3316.89 3343.54 3375.42 3360.17 3291.67 3333.34 3307.65 3241.72 3239.64 3251.03 3282.24 3306.13 3346.89 3315.13 3279.59 3235.16 3203.7 3197.81 3130.43 3137.96 3179.46 3219.38 3205.85 3182.87 3154.21 3142.56 3143.87 3157.15 3173.73 3179.87 3174.21 3120.83 3152.19 3181.04 3196.99 3221.39 3228.96 3232.93 3246.29 3257.66 3286.16 3319.94 3314.04 3292.83
1647.43 1551.92 1474.31 1449.55 1434.25 1424.6 1421.47 1427.31 1438.44 1477.88 1529.75 1591.54 1659.77 1733.83 1862.18 2063.42 2418 2791.98 3171.24 3511.17 3695.03 3586.76 3475.39 3421.44 3402.41 3417.2 3363.3 3321.93 3436.9 3429.74 3309.27 3248.48 3274.15 3342.44 3376.56 3288.62 3262.95 3246.1 3232.2 3200.47 3170.15 3136.48 3175.1 3220.9 3245.12 3238.19 3212.54 3175.84 3168.65 3169.99 3202.25 3209.97 3213.01 3209.52 3193.46 3223.71 3247.82 3272.78 3287.71 3292.93 3279.26 3297.05 3327.58 3368.19 3409.86 3428.25 3342.83
1572.43 1552.82 1485.15 1460.62 1460.19 1458.23 1447.66 1447.83 1454.79 1496.73 1569.97 1662.86 1763.74 1887.14 2026.32 2216.75 2529.49 2901.57 3266.24 3580.45 3719.77 3577.13 3518.75 3473.6 3457.5 3497.67 3388.97 3388.93 3481.37 3429.09 3366.47 3279.67 3387.37 3391.14 3338.47 3228.77 3251.5 3277.55 3237.55 3188.75 3143.53 3166.65 3197.68 3240.87 3279.82 3268.16 3250.49 3235.56 3223.48 3220.01 3231.66 3251.38 3256.55 3249.33 3252.31 3295.98 3312.04 3332.61 3365.82 3356.9 3337.87 3361.86 3417.27 3432.74 3408.54 3386.95 3371.79
1530.34 1480.87 1472.2 1472.98 1485.01 1490.03 1475.94 1473.5 1485.66 1524.04 1627.59 1754.03 1875.41 2000.66 2170.29 2429.71 2679.51 3008.62 3336.69 3626.96 3724.57 3533.62 3514.44 3496.35 3484.92 3496.08 3457.36 3451.47 3491.27 3374.62 3367.75 3353.73 3424.52 3379.61 3318 3256.35 3265.17 3268.35 3254.27 3214.1 3191.18 3199.44 3215.79 3273.5 3306.92 3300.28 3293.34 3289.54 3293.29 3318.29 3292.27 3312.52 3322.24 3319.75 3306.21 3327.94 3348.56 3361.47 3375.29 3372.42 3362.38 3427.48 3470.89 3485.11 3461.93 3431.23 3405.56
1474.64 1459.29 1468.4 1488.16 1514.44 1523.25 1518.73 1505.25 1550.01 1620.5 1742.66 1878.38 2009.14 2141.02 2273.63 2589.84 2849.69 3137.68 3422.02 3633.65 3643.57 3466.6 3477.47 3441.63 3490.02 3492.73 3497.05 3480.4 3483.92 3427.35 3444.84 3263.32 3246.95 3359.07 3344.47 3348.83 3317.11 3313.53 3288.98 3262.26 3238.45 3241.61 3272.65 3314.32 3317.03 3322.07 3332.75 3345.11 3346.69 3344.49 3384.55 3400.06 3405.18 3417.98 3431.68 3394.34 3390.61 3387.44 3371.22 3389.69 3456.96 3488.26 3535.37 3548.63 3499.12 3465.98 3445.84
1460.15 1467.83 1478.24 1519.2 1573.91 1619.01 1595.03 1589.17 1645.59 1759.13 1896.1 2032.78 2171.23 2294.13 2452.56 2711.6 2995.05 3281.61 3515.19 3665.54 3627.84 3527.23 3515.15 3484.6 3518.23 3531.07 3516.4 3525.74 3577.63 3545.81 3569.02 3546.12 3388.18 3357.99 3381.66 3380.86 3353.34 3323.81 3319.64 3312.97 3289.88 3297.99 3316.1 3298.1 3306.74 3337.9 3369.56 3387.13 3395.64 3406.65 3449.47 3458.46 3461.49 3485.68 3537.69 3478.87 3449.24 3434 3432.48 3445.17 3478 3532.24 3577.42 3579.58 3504.38 3496.84 3501.18
1466.17 1470.16 1504.97 1590.34 1667.39 1673.08 1680.02 1666.69 1729.63 1870.85 2033.41 2187.65 2352.91 2463.9 2594.91 2878.56 3185.58 3454.73 3656.34 3795.29 3775.54 3649.34 3593.81 3479.87 3500.1 3511.91 3529.61 3564.09 3650.08 3566.8 3619.38 3647.25 3501.03 3365.24 3384.86 3366.86 3384.46 3363.73 3347.91 3332.73 3290.32 3322.08 3348.06 3303.71 3310.29 3383.5 3437.67 3472.59 3488.63 3464.22 3458.81 3473.81 3497.11 3502.08 3492.64 3510.99 3495.39 3493.97 3500.64 3515.76 3529.76 3579.8 3625.57 3652.21 3580.02 3576.76 3581.98
1497.96 1309.98 1537.26 1684.67 1773.5 1825.11 1791.28 1729.33 1800.04 1972.92 2154.98 2317.44 2476.23 2597.91 2782.6 3076.47 3442.1 3636.59 3779.35 3879.3 3831.96 3712.46 3626.7 3526.7 3519.88 3498.4 3523.02 3554.82 3592.25 3593.22 3628.46 3601.09 3504.8 3374.13 3459.7 3475.29 3451.16 3423.2 3407.47 3383.64 3359.98 3371.31 3381.83 3347.55 3388.18 3484.69 3539.75 3577.43 3600.49 3585.97 3565.21 3551.46 3564.67 3535.2 3491.22 3496.34 3540.21 3550.32 3552.47 3563.2 3589.66 3630.15 3672.2 3686.03 3708.95 3679.99 3660.21
1516.24 1528.19 1660.73 1815.2 1907.46 1954.24 1918.15 1861.31 1919.5 2086.43 2279.6 2427.41 2614.25 2706.94 2929.6 3254.49 3630.07 3735.48 3835.82 3931.19 3836.38 3698.14 3636.85 3650.82 3636.18 3588.75 3601.18 3578.82 3610.26 3640.93 3667.31 3613.46 3537.23 3439.52 3541.13 3519.22 3528.8 3541.78 3539.19 3511.16 3487.34 3476.11 3495.57 3553.04 3637.67 3651.5 3663.31 3669.37 3676.62 3711.42 3725.65 3716.83 3690.04 3642.68 3604.63 3624.28 3609.55 3611.46 3609.1 3596.92 3642.33 3697.12 3741.82 3787.04 3863.12 3769.13 3714.13
1577.97 1664.7 1820.21 1995.76 2014.52 2028.95 2004.5 1974.88 2031.29 2186.09 2367.08 2498.93 2602.99 2791.71 3155.33 3388.12 3573.46 3695.48 3766.61 3828.84 3728.07 3578.51 3662.99 3691.55 3699.26 3664.77 3691.04 3691.02 3701.26 3686.65 3721.39 3702.42 3590.3 3580.84 3623.64 3578.4 3616.36 3672.06 3706.05 3688.47 3651.51 3626.23 3625.82 3711.37 3821.26 3819.12 3794.22 3766.68 3765.8 3854.43 3915.57 3923.06 3868.84 3788.87 3727.27 3693.39 3686.58 3700.37 3703.53 3697.15 3735.4 3774.12 3814.79 3850.12 3811.11 3805.04 3761.96
1682.23 1774.28 1911.46 2023.4 2064.58 2065.99 2043.62 2016.46 2078.81 2266.56 2488.05 2609.67 2732.13 2922.1 3295.03 3470.85 3572.97 3630.7 3638.43 3613.96 3600.47 3590.27 3711.47 3718.35 3702.91 3719.48 3780.81 3785.78 3793.45 3787.68 3780.59 3725.87 3664.33 3640.82 3732.27 3695.99 3717.37 3807.14 3879.87 3868.73 3808.31 3779.78 3743.39 3839.33 3976.7 3978.07 3928.99 3882.39 3866.54 4057.98 4263.53 4169.51 4074.32 3948.18 3838.35 3767.9 3796.06 3851.47 3870.45 3856.22 3846.6 3867.54 3888.32 3874.42 3845.99 3853.26 3844.97
1766.43 1852.2 1964.88 2049.04 2083.04 2081.17 2058.94 2028.02 2065.66 2325.04 2614.92 2725.31 2877.96 3159.66 3532.11 3657.69 3655.66 3616.65 3543.89 3486.82 3498.95 3564.39 3695.49 3713.18 3740.98 3788.85 3820.97 3842.92 3915.33 3873.93 3837.99 3807.36 3762.11 3761.7 3777.97 3738.25 3800.92 3916.08 4020.61 4012.83 3949.56 3904.07 3872.3 3988.18 4160.8 4108.08 4039.87 4003.55 3992.7 4174.78 4344.81 4368.06 4256.93 4157.97 4038.48 3946.22 3991.79 4051.88 4087.19 4046.72 3974.07 3979.91 3983.83 3979.96 3949.38 3945.59 3966.24
1841.7 1947.14 2041.32 2091.2 2125.88 2118.39 2095.6 2095.38 2146.83 2382.02 2633.84 2846.05 3084.11 3415.22 3722.1 3776.73 3712.06 3617.22 3486.98 3405.04 3402.08 3427.22 3525.09 3652.92 3746.93 3768.48 3821.01 3903.14 3881.94 3896.44 3861.88 3823.61 3796.27 3785.28 3778.4 3809.22 3911.21 4017.69 4062.16 4054.91 4010.09 3998.25 4008.68 4093.77 4162.7 4143.37 4114.05 4113.24 4196.02 4252.56 4243.12 4293.57 4271.48 4319.18 4239.94 4195.22 4270.83 4234.7 4233.62 4275.62 4146.25 4132.23 4096.18 4075.29 4032.57 4054.56 4057.81
2010.72 2083.72 2167.32 2243.49 2231.96 2169.79 2162.57 2196.23 2278.31 2493.58 2783.22 3063.15 3290.02 3501.33 3691.1 3684.56 3621.36 3530.37 3436.01 3365.44 3325.77 3333.37 3425.06 3530.63 3638.09 3714.35 3811.09 3882.37 3850.97 3883.83 3873.62 3867.46 3847.57 3823.92 3810.88 3953.82 4084.8 4152.57 4172.45 4114.38 4158.24 4220.9 4214.35 4198.48 4127.15 4126.65 4128.57 4130.1 4150.46 4144.76 4143.91 4052.84 4077.06 4186.2 4281.14 4307.29 4360.72 4313.94 4234.32 4263.05 4406.67 4291.08 4205.38 4122.99 4191.96 4160.67 4134.07
2174.49 2241.79 2312.76 2357.29 2319.87 2203.87 2157.94 2356.29 2420.27 2626.04 3008.35 3372.18 3503.24 3542 3554.42 3504.9 3449.27 3376.55 3330.76 3288.86 3250.35 3235.83 3321.13 3384.62 3423.52 3551.03 3736.34 3827.2 3873.65 3895.23 3904.29 3903.08 3899.3 3828.49 3880.01 4087.4 4216 4284.03 4355.68 4337.22 4422.13 4509.78 4467.13 4333.48 4235.23 4174.08 4093.07 4032.68 3991.74 3934.32 3868.47 3817.78 3906.85 4070.95 4220.16 4403.47 4460.16 4365.55 4305.14 4338.86 4396.89 4358.14 4310.05 4288.5 4347.75 4231.47 4130.47
2325.79 2409.87 2481.58 2515.89 2466.03 2309.89 2235.62 2709.25 2681.13 2707.18 3184.37 3543.38 3571.78 3465.27 3338.16 3347.22 3305.72 3234.76 3188.9 3178.7 3178.65 3181.69 3224.23 3260.52 3305.36 3469.39 3683.65 3801.5 3842.99 3909.28 3922.41 3933.41 3966.58 4048.94 4115.17 4158.97 4220.27 4341.83 4455.82 4434.91 4548.73 4572.81 4482.69 4341.26 4279.96 4170.07 3994.58 3897.1 3826.95 3711.49 3678.28 3695.77 3845.01 4007.81 4113.27 4245.32 4380.22 4337.93 4316.86 4350.49 4349.44 4363.68 4354.62 4374.9 4289.19 4300.15 4247.86
2534.18 2621 2695.53 2743.96 2702.41 2474.13 2303.92 2571.31 2764.75 2834.92 3242.14 3496.22 3419.42 3292.82 3311.76 3265.18 3229.86 3208.93 3147.01 3131.13 3125.05 3132.68 3146.31 3155.72 3206.83 3392.04 3564.89 3699.35 3817.57 3915.95 3956.64 3986.25 4049.07 4256.43 4315.52 4272.13 4260.01 4381.01 4454.91 4525.08 4599.63 4489.91 4309.95 4161.33 4033.54 3906.8 3809.69 3739.01 3679.34 3655.21 3624.86 3693.49 3810.36 3871.99 3929.67 3980.96 4022.1 4145.11 4259.2 4349.77 4439.27 4373.47 4299.19 4324.61 4512.8 4470.14 4329.17
