real_craters/C192-750m.grd
DSAA
239 239
-89.425 89.425
-89.425 89.425
7296.3810455348 10406.594566228
[rows 148 to 184 of 239, columns 0 to 82 of 239]
9387 9380 9377 9384 9394 9396 9397 9394 9400 9405 9399 9424 9430 9432 9416 9421 9415 9429 9444 9433 9421 9421 9422 9423 9431 9432 9436 9443 9451 9459 9476 9466 9452 9443 9441 9440 9426 9355 9380 9389 9392 9396 9401 9391 9409 9416 9424 9436 9459 9488 9518 9546 9578 9611 9653 9697 9739 9739 9735 9737 9721 9707 9692 9676 9660 9640 9628 9640 9646 9644 9642 9647 9642 9631 9626 9614 9616 9591 9568 9589 9621 9666 9689
9389 9386 9382 9389 9396 9399 9401 9398 9398 9403 9408 9420 9429 9434 9423 9417 9413 9416 9414 9405 9404 9402 9402 9403 9424 9440 9450 9449 9457 9462 9473 9459 9448 9440 9438 9439 9425 9333 9348 9377 9401 9403 9406 9414 9421 9436 9452 9470 9497 9517 9549 9580 9611 9644 9681 9719 9748 9759 9771 9748 9726 9707 9689 9673 9657 9641 9629 9637 9642 9640 9629 9637 9635 9634 9626 9620 9625 9618 9589 9577 9594 9613 9637
9395 9389 9388 9399 9402 9397 9396 9401 9410 9410 9411 9420 9422 9425 9425 9417 9405 9402 9400 9392 9390 9391 9393 9420 9440 9459 9468 9459 9452 9446 9441 9443 9440 9434 9430 9427 9418 9388 9361 9364 9387 9421 9424 9421 9430 9456 9456 9500 9543 9560 9589 9616 9645 9673 9701 9729 9757 9776 9771 9743 9719 9701 9685 9669 9656 9647 9645 9640 9634 9618 9592 9618 9632 9625 9630 9643 9631 9611 9596 9580 9579 9587 9607
9404 9406 9398 9410 9402 9393 9390 9399 9406 9401 9399 9409 9403 9399 9395 9398 9388 9387 9386 9376 9379 9392 9401 9435 9451 9471 9468 9458 9454 9445 9441 9439 9430 9418 9415 9407 9387 9366 9370 9368 9397 9474 9570 9608 9514 9547 9536 9569 9602 9610 9629 9648 9669 9687 9706 9724 9742 9752 9740 9717 9700 9685 9673 9662 9653 9649 9655 9643 9631 9626 9635 9641 9639 9642 9636 9625 9623 9616 9600 9578 9574 9579 9593
9395 9402 9405 9371 9384 9389 9391 9394 9392 9379 9378 9381 9380 9385 9391 9391 9379 9374 9367 9372 9381 9420 9440 9455 9445 9440 9452 9452 9453 9447 9438 9429 9425 9414 9408 9398 9386 9373 9369 9377 9407 9517 9666 9736 9726 9726 9722 9687 9666 9663 9667 9676 9690 9701 9709 9717 9720 9709 9686 9686 9679 9670 9661 9653 9646 9641 9639 9639 9645 9648 9654 9648 9639 9643 9640 9631 9628 9617 9597 9576 9575 9587 9592
9389 9394 9385 9382 9386 9398 9398 9390 9381 9367 9366 9364 9365 9376 9383 9391 9381 9386 9386 9403 9428 9443 9448 9443 9434 9424 9429 9426 9419 9420 9418 9419 9424 9427 9409 9395 9384 9382 9385 9392 9410 9519 9653 9744 9810 9836 9833 9773 9736 9717 9711 9714 9714 9711 9712 9712 9703 9687 9675 9670 9660 9654 9649 9644 9638 9632 9622 9634 9649 9656 9651 9624 9632 9633 9629 9620 9619 9616 9605 9581 9566 9575 9595
9390 9390 9390 9394 9390 9390 9392 9386 9377 9370 9370 9366 9368 9380 9385 9387 9398 9437 9460 9465 9443 9438 9433 9430 9422 9413 9399 9386 9387 9402 9412 9420 9416 9411 9404 9395 9390 9394 9395 9402 9437 9514 9609 9725 9800 9831 9838 9817 9785 9761 9750 9739 9734 9727 9718 9710 9699 9679 9664 9649 9649 9647 9648 9642 9635 9631 9632 9639 9654 9656 9657 9657 9636 9628 9622 9608 9598 9604 9600 9580 9552 9556 9601
9389 9394 9392 9391 9389 9386 9384 9382 9379 9371 9366 9371 9383 9399 9407 9409 9432 9463 9475 9452 9439 9430 9423 9415 9398 9386 9375 9370 9379 9385 9401 9411 9409 9405 9398 9391 9385 9396 9408 9416 9474 9510 9560 9723 9792 9829 9835 9827 9811 9795 9767 9754 9743 9732 9720 9709 9698 9683 9661 9642 9643 9646 9644 9641 9636 9630 9624 9627 9639 9644 9639 9626 9622 9624 9622 9614 9610 9603 9590 9563 9557 9571 9611
9398 9396 9392 9393 9387 9380 9383 9384 9380 9375 9375 9389 9402 9424 9431 9438 9451 9448 9445 9433 9423 9407 9397 9395 9391 9380 9370 9372 9382 9391 9394 9398 9396 9397 9398 9393 9393 9409 9427 9441 9483 9499 9517 9660 9752 9811 9824 9817 9808 9795 9778 9765 9749 9736 9722 9707 9697 9678 9627 9632 9649 9653 9650 9646 9639 9632 9627 9627 9631 9632 9626 9615 9621 9628 9626 9623 9611 9598 9580 9567 9568 9586 9620
9405 9397 9396 9388 9384 9383 9387 9393 9398 9406 9412 9428 9447 9459 9467 9464 9446 9433 9422 9410 9399 9382 9381 9382 9381 9374 9370 9376 9385 9386 9391 9395 9394 9402 9412 9412 9412 9427 9454 9482 9501 9500 9504 9591 9698 9781 9800 9801 9797 9786 9775 9758 9742 9729 9716 9703 9690 9672 9667 9676 9671 9666 9660 9652 9643 9637 9632 9631 9626 9628 9629 9632 9641 9631 9627 9618 9594 9586 9578 9573 9577 9590 9612
9402 9398 9396 9387 9385 9387 9396 9405 9418 9428 9430 9440 9460 9473 9469 9450 9425 9415 9404 9390 9383 9381 9381 9378 9372 9369 9362 9372 9378 9389 9394 9398 9406 9424 9441 9454 9456 9470 9494 9511 9521 9515 9506 9544 9655 9760 9786 9787 9780 9774 9764 9756 9743 9728 9714 9700 9680 9675 9675 9693 9691 9681 9669 9659 9650 9642 9634 9624 9624 9631 9637 9648 9650 9600 9578 9599 9583 9580 9581 9587 9583 9588 9596
9391 9403 9400 9390 9391 9397 9406 9414 9425 9428 9420 9426 9450 9464 9463 9429 9407 9396 9393 9388 9383 9384 9386 9378 9374 9373 9386 9385 9381 9388 9405 9418 9437 9451 9466 9484 9477 9479 9500 9506 9522 9524 9484 9498 9626 9732 9777 9778 9771 9767 9757 9741 9732 9719 9708 9695 9683 9676 9688 9705 9696 9684 9673 9662 9653 9646 9640 9637 9640 9638 9640 9649 9641 9585 9542 9583 9578 9577 9577 9577 9575 9584 9589
9399 9402 9402 9395 9402 9410 9415 9419 9422 9416 9412 9423 9438 9440 9431 9413 9397 9394 9392 9388 9386 9382 9387 9375 9366 9375 9377 9382 9389 9400 9425 9453 9474 9468 9464 9461 9461 9478 9498 9514 9516 9487 9457 9466 9569 9737 9775 9782 9774 9769 9756 9742 9737 9724 9714 9705 9690 9689 9691 9696 9694 9682 9672 9662 9654 9648 9646 9649 9646 9637 9633 9632 9629 9602 9586 9572 9555 9573 9578 9571 9581 9585 9589
9397 9405 9401 9404 9423 9426 9422 9421 9419 9423 9421 9426 9438 9440 9424 9404 9396 9397 9394 9393 9394 9386 9387 9388 9385 9397 9418 9425 9428 9430 9445 9466 9476 9472 9465 9456 9462 9504 9525 9531 9529 9499 9456 9450 9509 9668 9773 9783 9780 9774 9766 9763 9753 9739 9728 9718 9702 9699 9695 9693 9682 9674 9666 9657 9650 9645 9642 9639 9635 9629 9624 9618 9616 9591 9573 9576 9558 9572 9579 9582 9590 9591 9589
9418 9431 9422 9434 9432 9430 9426 9423 9423 9425 9417 9432 9442 9438 9425 9407 9397 9397 9395 9394 9392 9388 9399 9413 9415 9406 9405 9417 9423 9441 9455 9471 9475 9473 9469 9472 9485 9510 9517 9525 9523 9514 9472 9450 9463 9585 9746 9773 9784 9788 9786 9776 9767 9760 9748 9736 9717 9720 9716 9694 9672 9667 9659 9653 9645 9639 9633 9629 9622 9617 9612 9605 9596 9591 9574 9553 9553 9568 9571 9573 9594 9599 9597
9426 9445 9445 9440 9429 9427 9425 9423 9422 9426 9419 9432 9436 9428 9414 9407 9403 9396 9396 9395 9393 9407 9414 9413 9411 9399 9397 9401 9433 9443 9459 9473 9480 9474 9478 9484 9502 9516 9528 9523 9509 9519 9474 9451 9445 9507 9666 9751 9778 9806 9809 9807 9799 9781 9771 9760 9745 9734 9729 9709 9676 9666 9657 9649 9639 9631 9623 9618 9609 9606 9602 9597 9599 9587 9573 9559 9557 9563 9562 9563 9595 9604 9610
9434 9471 9465 9444 9432 9430 9427 9423 9420 9415 9415 9416 9418 9412 9405 9404 9403 9401 9404 9403 9406 9434 9425 9403 9405 9420 9415 9408 9419 9447 9461 9465 9469 9468 9470 9485 9513 9534 9535 9525 9518 9513 9466 9453 9447 9491 9625 9750 9787 9807 9815 9807 9802 9794 9785 9772 9756 9742 9734 9712 9693 9669 9656 9644 9632 9620 9610 9603 9598 9599 9597 9593 9592 9586 9576 9565 9561 9567 9568 9577 9596 9607 9614
9443 9459 9462 9449 9441 9435 9430 9425 9419 9423 9407 9404 9401 9398 9401 9406 9407 9419 9418 9422 9438 9435 9425 9419 9409 9405 9409 9419 9453 9461 9463 9467 9457 9465 9479 9500 9535 9544 9528 9519 9519 9495 9457 9446 9442 9502 9666 9774 9806 9810 9817 9807 9803 9796 9790 9782 9767 9751 9729 9710 9682 9671 9658 9643 9627 9612 9599 9594 9598 9598 9597 9592 9587 9581 9570 9564 9568 9577 9579 9590 9609 9610 9605
9441 9451 9449 9445 9444 9439 9431 9427 9425 9414 9401 9402 9400 9399 9399 9406 9418 9421 9430 9434 9434 9439 9426 9414 9408 9409 9406 9413 9448 9468 9462 9455 9455 9474 9499 9526 9553 9547 9519 9507 9513 9473 9459 9440 9426 9513 9743 9821 9828 9830 9827 9826 9807 9800 9794 9788 9774 9766 9763 9735 9700 9682 9665 9646 9628 9608 9592 9589 9594 9603 9601 9597 9593 9589 9575 9574 9580 9587 9592 9601 9626 9621 9625
9434 9438 9438 9434 9444 9438 9428 9419 9416 9413 9408 9401 9400 9394 9391 9393 9426 9440 9448 9454 9464 9443 9413 9402 9400 9402 9411 9437 9463 9468 9461 9453 9467 9488 9515 9536 9544 9539 9516 9501 9504 9486 9466 9443 9428 9533 9836 9865 9853 9841 9832 9825 9800 9795 9793 9788 9783 9777 9775 9749 9723 9699 9676 9655 9633 9611 9594 9596 9614 9611 9607 9603 9599 9589 9584 9586 9596 9602 9608 9622 9629 9618 9624
9432 9431 9431 9428 9437 9432 9425 9416 9412 9407 9404 9396 9390 9388 9385 9390 9436 9456 9461 9466 9457 9414 9403 9391 9394 9403 9454 9459 9460 9460 9461 9466 9484 9499 9513 9534 9547 9539 9525 9512 9500 9483 9464 9439 9419 9499 9767 9834 9853 9856 9855 9845 9816 9809 9803 9796 9786 9778 9779 9760 9730 9713 9688 9663 9640 9617 9598 9603 9618 9617 9610 9603 9595 9587 9589 9600 9611 9615 9621 9626 9619 9605 9603
9420 9428 9429 9431 9412 9424 9424 9422 9410 9398 9391 9385 9387 9386 9386 9387 9423 9453 9455 9439 9422 9405 9396 9397 9414 9436 9445 9451 9454 9457 9465 9475 9491 9502 9514 9534 9544 9544 9538 9528 9512 9495 9457 9443 9423 9472 9736 9818 9850 9857 9851 9818 9811 9803 9797 9792 9785 9774 9768 9762 9754 9731 9703 9676 9651 9628 9611 9611 9619 9617 9611 9603 9594 9592 9594 9616 9627 9623 9622 9620 9619 9611 9609
9420 9424 9426 9425 9424 9423 9422 9420 9407 9396 9391 9386 9392 9390 9394 9405 9429 9444 9447 9432 9420 9407 9403 9411 9442 9456 9452 9458 9463 9469 9472 9481 9497 9508 9520 9536 9549 9549 9548 9534 9513 9480 9460 9456 9446 9489 9672 9792 9841 9853 9852 9841 9816 9808 9804 9796 9786 9767 9761 9760 9764 9741 9714 9687 9663 9641 9621 9620 9619 9614 9610 9603 9597 9591 9605 9632 9639 9628 9616 9614 9622 9617 9614
9414 9420 9425 9426 9421 9420 9419 9411 9396 9395 9393 9391 9394 9395 9401 9408 9416 9436 9450 9428 9422 9413 9404 9420 9453 9464 9465 9469 9473 9477 9482 9488 9497 9507 9524 9535 9537 9551 9561 9565 9523 9479 9474 9475 9488 9547 9668 9806 9835 9843 9839 9838 9831 9812 9803 9793 9783 9767 9753 9753 9767 9740 9718 9696 9676 9657 9641 9633 9629 9622 9613 9605 9599 9599 9614 9629 9637 9622 9610 9608 9607 9605 9614
9405 9414 9422 9427 9418 9417 9420 9414 9396 9396 9395 9394 9392 9400 9409 9413 9423 9440 9451 9427 9425 9412 9407 9430 9463 9473 9480 9484 9481 9475 9478 9486 9491 9491 9516 9523 9532 9552 9567 9566 9511 9485 9492 9493 9522 9600 9739 9794 9827 9835 9835 9831 9813 9805 9796 9787 9777 9762 9753 9759 9766 9739 9719 9702 9687 9675 9662 9650 9639 9623 9618 9607 9594 9594 9602 9605 9605 9602 9602 9607 9614 9611 9622
9410 9414 9419 9420 9416 9415 9419 9415 9402 9399 9398 9396 9391 9402 9418 9431 9434 9441 9445 9421 9416 9408 9409 9440 9483 9485 9502 9509 9493 9477 9482 9488 9489 9492 9494 9515 9533 9551 9567 9573 9540 9508 9489 9487 9550 9680 9796 9811 9831 9834 9829 9824 9817 9808 9797 9788 9777 9764 9752 9750 9749 9730 9716 9705 9695 9691 9683 9668 9658 9647 9630 9613 9595 9581 9580 9578 9572 9580 9585 9599 9615 9612 9619
9412 9415 9419 9419 9415 9414 9415 9410 9399 9394 9398 9403 9398 9409 9426 9439 9442 9446 9435 9415 9414 9408 9409 9437 9465 9473 9507 9524 9504 9496 9502 9495 9489 9484 9494 9519 9535 9548 9563 9569 9551 9519 9487 9476 9537 9655 9824 9857 9852 9847 9834 9824 9810 9801 9782 9772 9767 9758 9751 9748 9744 9723 9714 9707 9701 9695 9686 9676 9669 9665 9641 9621 9598 9585 9574 9567 9564 9569 9574 9591 9607 9610 9609
9415 9415 9418 9417 9414 9412 9401 9401 9398 9389 9401 9415 9416 9419 9432 9444 9451 9452 9425 9417 9412 9404 9402 9416 9422 9425 9488 9512 9500 9484 9497 9495 9493 9494 9508 9513 9526 9539 9554 9563 9549 9525 9490 9481 9498 9536 9714 9846 9864 9862 9835 9816 9802 9779 9771 9764 9753 9753 9752 9752 9762 9741 9718 9709 9701 9699 9687 9674 9663 9654 9640 9631 9617 9605 9585 9573 9558 9560 9570 9580 9591 9589 9573
9416 9411 9407 9408 9409 9408 9401 9406 9404 9401 9406 9412 9421 9428 9437 9445 9449 9447 9425 9423 9410 9406 9399 9395 9404 9450 9487 9499 9492 9481 9479 9489 9497 9498 9506 9507 9515 9529 9544 9550 9539 9504 9480 9482 9479 9502 9617 9815 9865 9860 9831 9804 9772 9762 9755 9754 9752 9752 9751 9765 9768 9746 9720 9707 9697 9688 9678 9666 9653 9640 9638 9642 9639 9620 9613 9587 9566 9557 9557 9562 9564 9553 9541
9410 9408 9401 9403 9405 9407 9404 9404 9409 9413 9413 9417 9429 9440 9448 9449 9442 9427 9429 9422 9411 9405 9403 9403 9418 9478 9484 9487 9482 9478 9474 9480 9488 9492 9490 9486 9505 9523 9537 9532 9544 9523 9502 9487 9477 9488 9544 9776 9860 9817 9787 9770 9762 9742 9739 9738 9739 9740 9737 9747 9739 9722 9713 9703 9692 9683 9670 9659 9648 9637 9634 9635 9632 9632 9629 9608 9583 9562 9551 9549 9539 9530 9518
9408 9409 9409 9405 9403 9405 9403 9401 9399 9412 9429 9434 9446 9449 9474 9460 9444 9431 9423 9416 9414 9415 9417 9428 9435 9486 9473 9471 9465 9462 9455 9471 9487 9485 9479 9482 9499 9520 9545 9571 9565 9549 9550 9506 9479 9464 9477 9588 9695 9712 9717 9726 9731 9723 9726 9728 9728 9730 9724 9721 9707 9709 9712 9700 9685 9669 9661 9653 9645 9638 9632 9626 9620 9619 9622 9619 9597 9574 9558 9547 9537 9521 9509
9412 9412 9412 9407 9402 9396 9390 9386 9402 9420 9443 9461 9466 9476 9466 9456 9444 9435 9428 9424 9417 9412 9412 9383 9429 9490 9467 9460 9452 9444 9449 9469 9478 9481 9482 9485 9495 9512 9534 9557 9546 9541 9541 9511 9475 9456 9460 9478 9517 9599 9646 9669 9685 9693 9703 9711 9718 9721 9718 9720 9712 9718 9714 9698 9679 9664 9654 9647 9640 9638 9628 9609 9611 9614 9608 9616 9601 9580 9563 9548 9533 9517 9512
9413 9412 9411 9407 9402 9395 9391 9398 9414 9425 9434 9430 9436 9444 9441 9442 9439 9435 9434 9430 9422 9410 9405 9430 9469 9476 9456 9453 9451 9448 9467 9479 9490 9489 9497 9483 9487 9499 9509 9517 9532 9520 9508 9485 9463 9454 9452 9461 9477 9536 9585 9623 9643 9661 9676 9691 9701 9710 9710 9728 9727 9716 9717 9698 9676 9657 9650 9641 9633 9623 9612 9604 9619 9621 9599 9593 9598 9594 9571 9549 9530 9518 9512
9413 9412 9410 9408 9403 9402 9402 9408 9418 9425 9428 9428 9434 9429 9426 9433 9434 9433 9432 9434 9429 9426 9425 9436 9453 9443 9435 9452 9470 9480 9476 9479 9487 9480 9462 9465 9478 9487 9492 9498 9514 9497 9458 9453 9449 9454 9463 9463 9490 9509 9537 9573 9605 9631 9651 9669 9685 9699 9702 9733 9732 9718 9711 9694 9680 9663 9648 9637 9626 9616 9607 9617 9615 9607 9594 9591 9591 9589 9574 9552 9531 9521 9524
9412 9412 9411 9409 9408 9405 9419 9436 9436 9428 9422 9423 9436 9439 9435 9432 9431 9430 9426 9431 9436 9433 9420 9424 9430 9431 9436 9449 9467 9481 9463 9460 9455 9449 9450 9457 9471 9482 9487 9482 9472 9460 9455 9449 9447 9458 9467 9473 9504 9495 9516 9543 9566 9592 9615 9640 9660 9681 9699 9733 9731 9716 9702 9686 9678 9662 9644 9632 9622 9613 9608 9598 9602 9593 9584 9587 9583 9582 9572 9559 9546 9535 9512
9413 9415 9415 9415 9417 9423 9454 9455 9455 9427 9414 9426 9437 9436 9434 9431 9430 9429 9431 9447 9440 9428 9423 9424 9427 9440 9442 9444 9446 9449 9450 9450 9444 9439 9444 9455 9471 9484 9492 9475 9447 9448 9471 9459 9458 9470 9478 9500 9496 9485 9509 9533 9558 9579 9602 9626 9651 9673 9695 9728 9724 9708 9694 9679 9651 9645 9640 9631 9619 9609 9598 9596 9589 9588 9589 9582 9575 9578 9575 9558 9526 9487 9508
9416 9413 9416 9420 9425 9440 9453 9434 9425 9420 9414 9426 9436 9435 9430 9431 9432 9431 9443 9448 9444 9436 9429 9430 9437 9438 9441 9439 9436 9438 9441 9446 9440 9435 9448 9454 9469 9484 9497 9473 9431 9417 9453 9450 9472 9486 9506 9509 9486 9476 9504 9528 9555 9581 9606 9630 9653 9673 9689 9704 9712 9700 9698 9683 9660 9648 9642 9633 9622 9609 9599 9598 9593 9584 9574 9571 9570 9578 9576 9543 9490 9478 9538
