real_craters/C192-750m.grd
DSAA
239 239
-89.425 89.425
-89.425 89.425
7296.3810455348 10406.594566228
[rows 111 to 147 of 239, columns 83 to 165 of 239]
1.004e+004 1.007e+004 1.016e+004 1.02e+004 1.012e+004 9966 9747 9443 9256 9073 8912 8767 8648 8554 8459 8366 8278 8201 8140 8093 8059 8037 8023 8008 8004 7996 7993 7987 7981 7991 7996 7995 7998 8002 8027 8012 7987 7981 7985 7982 7976 7973 7963 7956 7948 7952 7948 7950 7962 7968 7978 7990 8005 8036 8051 8077 8120 8207 8380 8609 8857 9089 9234 9410 9625 9842 1.005e+004 1.018e+004 1.009e+004 9993 9962 9913 9857 9807 9752 9706 9694 9720 9732 9739 9746 9752 9700
1.008e+004 1.013e+004 1.023e+004 1.029e+004 1.013e+004 9914 9681 9437 9248 9090 8966 8838 8687 8566 8449 8339 8244 8166 8109 8064 8039 8033 8025 8018 8007 8012 8010 8007 7997 7998 8004 8007 8013 8029 8031 8018 8012 8008 7994 7983 7969 7963 7956 7955 7954 7955 7950 7954 7958 7967 7976 7989 8003 8023 8040 8062 8104 8205 8357 8598 8844 9058 9183 9336 9557 9768 9965 1.011e+004 1.017e+004 1.015e+004 1.006e+004 9985 9907 9834 9768 9725 9721 9730 9730 9734 9740 9742 9688
1.011e+004 1.023e+004 1.027e+004 1.025e+004 1.006e+004 9808 9577 9390 9223 9064 8938 8880 8763 8579 8438 8313 8198 8139 8091 8052 8033 8028 8021 8021 8028 8027 8026 8022 8006 8007 8011 8007 8012 8019 8032 8037 8051 8013 7984 7968 7953 7945 7950 7954 7956 7948 7956 7951 7958 7969 7978 7987 7998 8019 8035 8052 8084 8192 8397 8574 8797 9010 9151 9303 9516 9701 9862 1.003e+004 1.016e+004 1.02e+004 1.014e+004 1.006e+004 9968 9876 9785 9720 9717 9721 9715 9719 9716 9690 9618
1.012e+004 1.024e+004 1.023e+004 1.015e+004 9967 9710 9507 9358 9202 9025 8880 8788 8662 8545 8418 8298 8199 8128 8081 8049 8032 8024 8019 8025 8036 8044 8038 8030 8013 8007 8013 7999 8002 8013 8029 8038 8036 7955 7909 7891 7893 7905 7921 7942 7961 7961 7936 7947 7957 7967 7977 7987 7999 8016 8032 8052 8086 8167 8296 8507 8713 8929 9146 9362 9505 9653 9814 1.002e+004 1.019e+004 1.025e+004 1.022e+004 1.013e+004 1.002e+004 9910 9797 9699 9682 9673 9688 9701 9704 9683 9642
1.007e+004 1.014e+004 1.016e+004 1.008e+004 9898 9670 9496 9395 9213 8990 8828 8728 8622 8505 8393 8288 8197 8127 8079 8046 8031 8022 8016 8024 8039 8050 8041 8033 8018 8011 8011 8008 7996 7981 7987 8022 7875 7829 7809 7813 7837 7866 7902 7933 7964 7966 7955 7957 7962 7970 7977 7985 7996 8008 8028 8056 8122 8167 8263 8458 8686 8909 9127 9336 9486 9613 9768 1.004e+004 1.034e+004 1.036e+004 1.027e+004 1.016e+004 1.005e+004 9928 9814 9722 9645 9634 9664 9686 9697 9695 9653
1.004e+004 1.01e+004 1.01e+004 1.002e+004 9876 9689 9552 9464 9225 8986 8816 8708 8600 8465 8369 8277 8195 8127 8077 8045 8035 8023 8017 8023 8034 8037 8031 8023 8012 8012 8024 8030 8009 7971 7937 7918 7768 7673 7673 7712 7769 7824 7882 7933 7963 7959 7959 7963 7964 7969 7975 7980 7992 8006 8025 8047 8070 8138 8276 8456 8621 8862 9115 9336 9480 9566 9690 1.003e+004 1.039e+004 1.038e+004 1.027e+004 1.015e+004 1.003e+004 9924 9828 9752 9712 9668 9667 9676 9690 9703 9708
1.006e+004 1.012e+004 1.016e+004 1.007e+004 9893 9701 9600 9390 9195 9006 8835 8700 8573 8449 8358 8269 8188 8121 8075 8047 8038 8023 8013 8019 8023 8024 8017 8012 8010 8012 8015 8026 8022 7990 7885 7709 7506 7476 7537 7623 7719 7804 7878 7937 7982 7974 7956 7961 7963 7968 7976 7982 7991 8003 8023 8047 8080 8120 8305 8488 8632 8863 9112 9342 9467 9533 9631 9938 1.024e+004 1.028e+004 1.021e+004 1.011e+004 1e+004 9903 9829 9781 9737 9691 9675 9673 9677 9680 9658
1.007e+004 1.013e+004 1.018e+004 1.01e+004 9913 9731 9516 9369 9180 8976 8827 8708 8580 8471 8361 8264 8181 8118 8075 8049 8036 8022 8013 8014 8012 8005 8005 8007 8010 8007 7979 7987 8009 8012 7778 7534 7333 7339 7446 7564 7677 7784 7875 7949 8006 7990 7957 7955 7960 7968 7976 7984 7993 8002 8016 8050 8094 8158 8295 8489 8731 8908 9106 9311 9457 9537 9638 9842 1.003e+004 1.013e+004 1.012e+004 1.005e+004 9962 9867 9785 9791 9750 9709 9673 9656 9651 9640 9618
1.008e+004 1.013e+004 1.016e+004 1.008e+004 9902 9690 9503 9367 9160 8937 8816 8729 8663 8496 8358 8258 8175 8113 8077 8052 8037 8022 8012 8006 8007 8010 8008 8011 8012 8016 7970 7942 7944 7934 7656 7436 7296 7312 7452 7587 7709 7802 7887 7959 8011 7987 7964 7957 7959 7968 7977 7984 7993 8002 8018 8044 8100 8184 8320 8502 8722 8907 9088 9264 9408 9531 9675 9817 9939 1.004e+004 1.005e+004 9995 9920 9831 9742 9767 9734 9681 9644 9629 9618 9607 9578
1.004e+004 1.014e+004 1.019e+004 1.009e+004 9914 9748 9601 9360 9122 8930 8815 8728 8639 8448 8341 8252 8171 8110 8080 8058 8037 8020 8008 8004 8005 8011 8010 8014 8020 8013 8003 7927 7850 7718 7560 7451 7356 7393 7531 7662 7772 7857 7927 7974 7996 7983 7961 7949 7964 7975 7983 7990 7998 8008 8021 8030 8095 8237 8377 8538 8691 8891 9063 9201 9326 9479 9647 9839 9966 1e+004 9994 9947 9886 9817 9734 9693 9682 9639 9606 9604 9601 9594 9586
1.002e+004 1.014e+004 1.022e+004 1.009e+004 9927 9807 9663 9376 9115 8945 8825 8717 8595 8440 8343 8257 8176 8111 8081 8059 8037 8014 8000 7994 7995 8003 7999 7998 8004 8013 8004 7911 7796 7629 7507 7494 7533 7584 7690 7782 7855 7919 7966 7997 8008 7985 7979 7981 7981 7986 7993 8000 8007 8015 8028 8044 8103 8219 8393 8591 8744 8914 9064 9194 9311 9444 9624 9849 9973 9987 9963 9920 9865 9820 9781 9661 9647 9630 9590 9588 9591 9592 9589
1.001e+004 1.009e+004 1.014e+004 1.005e+004 9914 9778 9616 9393 9154 8991 8857 8727 8595 8473 8367 8269 8182 8117 8079 8047 8028 8012 8000 7993 7992 7997 7990 7987 7994 8012 7996 7920 7852 7773 7743 7791 7818 7848 7894 7916 7939 7967 8005 8023 8015 7983 7980 7989 7994 7998 8004 8012 8019 8025 8041 8071 8123 8224 8368 8557 8835 8949 9087 9227 9356 9439 9624 9881 9986 9985 9951 9901 9845 9787 9720 9637 9622 9613 9580 9582 9587 9593 9594
1.002e+004 1.004e+004 1.004e+004 1e+004 9889 9744 9583 9425 9292 9051 8899 8755 8622 8509 8394 8286 8188 8109 8078 8050 8031 8025 8005 7991 7984 7982 7970 7977 7991 8006 8009 7981 7989 8030 8090 8113 8120 8201 8106 8049 8022 8017 8022 8029 8015 7987 7988 7996 8001 8007 8013 8021 8030 8038 8052 8076 8121 8221 8371 8541 8780 8955 9111 9260 9386 9434 9618 9902 9979 9967 9930 9880 9818 9744 9661 9625 9607 9583 9582 9584 9585 9589 9601
1.002e+004 1.002e+004 1.002e+004 1.002e+004 9923 9721 9563 9408 9227 9094 8939 8788 8646 8513 8406 8298 8194 8110 8074 8046 8026 8010 7999 7985 7970 7978 7968 7966 7983 7999 8013 8029 8056 8104 8143 8189 8243 8316 8217 8129 8083 8048 8035 8025 8001 7991 7998 8007 8006 8011 8019 8028 8038 8047 8061 8090 8126 8236 8401 8584 8774 8962 9132 9284 9409 9421 9577 9794 9903 9923 9900 9854 9800 9734 9672 9637 9609 9591 9591 9583 9579 9578 9571
1.004e+004 1.005e+004 1.008e+004 1.011e+004 1.007e+004 9782 9597 9432 9281 9127 8975 8826 8680 8538 8419 8306 8202 8117 8073 8050 8027 8009 7999 7990 7985 7986 7989 7981 7989 7999 8012 8024 8043 8074 8109 8147 8208 8238 8204 8149 8102 8068 8042 8018 8006 8001 8003 8007 8008 8014 8025 8037 8050 8055 8071 8101 8188 8293 8437 8613 8807 8982 9141 9285 9394 9431 9580 9741 9852 9881 9860 9822 9781 9741 9713 9665 9620 9587 9574 9578 9575 9564 9543
1.006e+004 1.008e+004 1.013e+004 1.02e+004 1.023e+004 9961 9700 9480 9289 9132 9000 8863 8727 8592 8430 8321 8217 8127 8081 8059 8032 8017 8004 7996 7986 7986 7986 7986 7995 8002 8003 8007 8011 8033 8054 8078 8132 8139 8148 8130 8099 8067 8037 8012 8009 8008 8006 8005 8006 8019 8034 8050 8059 8073 8091 8147 8239 8343 8464 8620 8852 9000 9146 9278 9376 9435 9629 9829 9860 9855 9826 9788 9758 9740 9724 9675 9630 9591 9571 9583 9575 9555 9530
1.009e+004 1.012e+004 1.018e+004 1.023e+004 1.022e+004 1.004e+004 9796 9540 9304 9162 9044 8918 8788 8642 8470 8356 8240 8137 8080 8054 8032 8018 8009 8003 7996 7993 7992 7996 8001 7996 7989 7991 7992 7999 8019 8045 8081 8107 8117 8104 8083 8056 8030 8009 8008 8008 8008 8008 8012 8026 8042 8059 8079 8100 8127 8186 8265 8362 8485 8646 8834 9011 9148 9268 9343 9442 9670 9837 9856 9833 9798 9754 9716 9692 9680 9656 9632 9612 9607 9610 9581 9550 9523
1.013e+004 1.018e+004 1.021e+004 1.021e+004 1.019e+004 1.01e+004 9870 9629 9397 9230 9102 8983 8860 8732 8570 8430 8282 8145 8073 8055 8030 8016 8012 8009 8006 8003 8003 7998 7993 7981 7985 7987 7988 7994 8000 8010 8040 8083 8096 8070 8053 8037 8020 8009 8009 8010 8010 8013 8022 8032 8049 8070 8095 8125 8164 8225 8284 8382 8499 8663 8905 9022 9146 9247 9336 9446 9691 9848 9827 9798 9764 9720 9666 9603 9621 9625 9629 9643 9682 9632 9583 9547 9519
1.016e+004 1.026e+004 1.025e+004 1.019e+004 1.015e+004 1.01e+004 9930 9733 9509 9304 9180 9055 8931 8809 8684 8525 8343 8167 8077 8056 8037 8026 8020 8016 8008 8001 7998 7994 7992 7985 7988 7981 7987 7994 7996 7993 8007 8012 8009 8028 8028 8021 8014 8010 8011 8011 8012 8015 8024 8040 8062 8088 8116 8147 8199 8261 8324 8419 8538 8682 8858 9006 9145 9266 9362 9454 9589 9720 9777 9778 9749 9701 9647 9593 9576 9597 9615 9632 9640 9593 9568 9542 9516
1.021e+004 1.033e+004 1.029e+004 1.021e+004 1.014e+004 1.009e+004 9995 9848 9656 9462 9276 9126 9000 8902 8817 8627 8427 8234 8113 8074 8045 8037 8033 8028 8015 8002 7995 7978 7989 7984 7988 7979 7977 7985 7989 7993 7992 7990 7994 8006 8012 8011 8008 8008 8008 8011 8016 8023 8032 8049 8076 8108 8139 8164 8203 8280 8362 8474 8602 8726 8819 9000 9160 9293 9402 9472 9550 9673 9756 9771 9749 9702 9652 9620 9580 9583 9595 9600 9585 9561 9553 9537 9513
1.024e+004 1.036e+004 1.033e+004 1.029e+004 1.018e+004 1.012e+004 1.008e+004 9984 9794 9569 9340 9180 9050 8939 8839 8695 8506 8329 8189 8111 8081 8069 8062 8046 8028 8014 7991 7983 7992 7993 7995 7986 7975 7975 7983 7986 7986 7991 7997 8001 8003 8003 8002 8003 8006 8011 8017 8022 8030 8054 8093 8134 8173 8202 8218 8296 8423 8548 8657 8782 8916 9077 9218 9341 9442 9516 9667 9767 9799 9790 9753 9702 9643 9581 9569 9575 9585 9587 9579 9562 9556 9538 9509
1.01e+004 1.022e+004 1.031e+004 1.034e+004 1.025e+004 1.019e+004 1.016e+004 1.01e+004 9870 9541 9366 9227 9097 8972 8861 8756 8568 8372 8231 8152 8140 8119 8095 8069 8041 8011 8002 8002 8002 8002 8003 7994 7986 7987 7984 7984 7985 7990 7994 7999 8000 7999 8000 8002 8006 8013 8020 8027 8038 8063 8107 8161 8221 8285 8331 8368 8514 8661 8767 8897 9065 9187 9310 9437 9532 9722 9943 9926 9877 9826 9773 9718 9658 9584 9565 9576 9588 9597 9595 9591 9585 9550 9513
1.002e+004 1.012e+004 1.025e+004 1.035e+004 1.03e+004 1.025e+004 1.022e+004 1.016e+004 9925 9639 9428 9280 9155 9037 8946 8868 8644 8434 8290 8204 8192 8166 8136 8100 8064 8029 8017 8003 8002 8009 8014 8005 7994 7991 7989 7985 7985 7991 8000 8002 7999 7996 7993 7996 8007 8016 8025 8035 8047 8072 8123 8188 8263 8361 8486 8458 8663 8799 8933 9010 9102 9235 9410 9596 9757 9947 1.009e+004 1.001e+004 9926 9852 9791 9734 9691 9623 9584 9586 9600 9621 9655 9702 9623 9562 9515
9986 1.008e+004 1.019e+004 1.025e+004 1.021e+004 1.025e+004 1.027e+004 1.019e+004 9983 9700 9494 9355 9231 9133 9042 8951 8721 8511 8375 8277 8241 8218 8191 8149 8105 8056 8040 8022 8011 8012 8021 8019 8013 8005 7998 7989 7984 7993 8002 8004 8003 7999 7991 8000 8015 8029 8037 8043 8051 8081 8140 8211 8284 8367 8434 8503 8785 8899 9012 9065 9129 9263 9488 9744 9982 9994 9993 9976 9913 9846 9779 9727 9682 9624 9603 9602 9612 9631 9659 9651 9601 9552 9511
9956 1.006e+004 1.015e+004 1.018e+004 1.016e+004 1.023e+004 1.031e+004 1.033e+004 1.006e+004 9795 9596 9458 9336 9237 9144 9017 8815 8599 8450 8353 8319 8308 8280 8242 8184 8117 8075 8044 8032 8023 8022 8027 8024 8019 8010 8003 7998 8001 8002 8008 8016 8018 8021 8028 8038 8050 8059 8061 8064 8090 8165 8244 8314 8361 8424 8554 8814 8956 9026 9103 9158 9283 9544 9801 9949 9949 9937 9905 9850 9793 9742 9696 9660 9635 9616 9615 9619 9624 9617 9575 9553 9528 9500
9905 9992 1.01e+004 1.016e+004 1.014e+004 1.019e+004 1.024e+004 1.022e+004 1.008e+004 9881 9709 9568 9445 9339 9255 9177 8971 8755 8575 8470 8454 8435 8400 8356 8299 8222 8153 8094 8055 8046 8036 8044 8042 8028 8021 8018 8020 8020 8019 8029 8047 8050 8049 8061 8071 8086 8096 8102 8105 8139 8219 8310 8392 8459 8556 8713 8912 9042 9127 9180 9213 9309 9597 9878 9986 9911 9869 9825 9789 9744 9702 9665 9649 9624 9622 9622 9622 9617 9604 9575 9531 9507 9491
9827 9885 9985 1.004e+004 1.005e+004 1.012e+004 1.017e+004 1.014e+004 1.007e+004 9938 9798 9686 9565 9440 9315 9202 9109 8961 8787 8674 8645 8589 8538 8486 8433 8362 8265 8197 8135 8106 8074 8063 8064 8038 8037 8040 8039 8052 8074 8096 8103 8099 8088 8091 8115 8134 8151 8166 8177 8213 8303 8407 8512 8636 8787 8960 9024 9150 9271 9307 9326 9393 9661 9947 1.002e+004 9893 9775 9733 9719 9696 9666 9630 9590 9616 9633 9634 9628 9612 9597 9583 9508 9493 9486
9788 9805 9885 9920 9969 1.005e+004 1.014e+004 1.016e+004 1.009e+004 1.004e+004 9943 9840 9696 9536 9383 9249 9187 9061 8937 8860 8809 8726 8670 8625 8585 8558 8467 8353 8261 8207 8154 8135 8091 8059 8077 8079 8073 8095 8140 8174 8173 8164 8147 8145 8177 8210 8238 8259 8275 8317 8416 8521 8630 8756 8905 9046 9125 9286 9442 9463 9485 9547 9722 9882 9895 9773 9676 9670 9676 9673 9661 9637 9610 9658 9658 9646 9628 9606 9578 9533 9491 9489 9486
9797 9791 9822 9847 9893 9960 1.003e+004 1.009e+004 1.013e+004 1.014e+004 1.013e+004 1e+004 9832 9645 9470 9336 9277 9181 9047 8924 8874 8834 8792 8753 8714 8687 8704 8554 8416 8336 8268 8225 8183 8165 8172 8159 8142 8157 8204 8241 8245 8236 8222 8231 8270 8316 8357 8395 8420 8459 8556 8656 8753 8847 8966 9106 9263 9437 9560 9601 9649 9710 9810 9852 9808 9693 9642 9646 9662 9672 9677 9685 9715 9719 9688 9660 9632 9602 9569 9524 9508 9500 9492
9821 9794 9796 9796 9835 9877 9918 1e+004 1.01e+004 1.022e+004 1.027e+004 1.015e+004 9955 9746 9558 9402 9310 9244 9150 9033 8957 8936 8913 8874 8835 8793 8772 8698 8589 8488 8422 8397 8496 8403 8309 8277 8249 8251 8292 8315 8318 8318 8304 8326 8378 8432 8491 8551 8608 8660 8719 8830 8917 8994 9147 9279 9396 9510 9625 9707 9785 9890 9899 9854 9804 9716 9673 9670 9686 9700 9713 9732 9753 9735 9701 9667 9634 9603 9571 9546 9535 9513 9501
9815 9816 9811 9803 9809 9833 9866 9965 1.009e+004 1.024e+004 1.036e+004 1.024e+004 1.003e+004 9833 9652 9504 9392 9314 9258 9201 9096 9057 9027 8995 8955 8901 8887 8867 8763 8669 8596 8556 8538 8440 8421 8419 8419 8416 8413 8400 8394 8404 8396 8435 8498 8577 8654 8732 8808 8871 8979 9050 9126 9232 9363 9461 9524 9599 9707 9798 9859 9882 9886 9865 9841 9825 9757 9733 9726 9730 9743 9752 9737 9724 9696 9663 9627 9596 9569 9545 9520 9516 9512
9811 9807 9801 9798 9801 9822 9848 9942 1.004e+004 1.017e+004 1.025e+004 1.018e+004 1.004e+004 9896 9755 9634 9537 9441 9344 9267 9229 9176 9145 9123 9093 9062 9008 8995 8940 8871 8777 8691 8636 8548 8540 8570 8607 8632 8565 8490 8471 8502 8543 8569 8639 8714 8806 8908 9004 9101 9205 9262 9334 9427 9558 9626 9662 9705 9815 9893 9931 9942 9935 9919 9875 9829 9808 9780 9755 9752 9763 9782 9768 9714 9685 9656 9625 9599 9572 9541 9517 9523 9524
9777 9794 9799 9797 9808 9831 9856 9923 9988 1.005e+004 1.005e+004 1.003e+004 1e+004 9934 9866 9801 9710 9614 9466 9340 9292 9268 9250 9238 9223 9173 9122 9131 9119 9058 9006 8908 8872 8713 8700 8739 8786 8799 8743 8645 8597 8589 8625 8694 8778 8867 8963 9064 9188 9329 9376 9449 9545 9637 9717 9781 9828 9887 9977 9994 1e+004 1.003e+004 1.003e+004 9907 9888 9873 9819 9783 9760 9755 9759 9765 9727 9694 9669 9645 9622 9600 9579 9561 9553 9544 9537
9756 9776 9791 9798 9828 9859 9881 9923 9953 9977 9961 9959 9979 9971 9967 9941 9837 9747 9637 9505 9384 9356 9346 9348 9372 9369 9283 9247 9247 9174 9171 9106 8973 8888 8865 8900 8949 8992 8923 8854 8770 8696 8753 8827 8915 9014 9113 9214 9324 9437 9498 9583 9700 9803 9846 9925 1.001e+004 1.012e+004 1.015e+004 1.007e+004 1.002e+004 9993 9922 9871 9866 9848 9807 9756 9751 9743 9734 9723 9697 9674 9654 9635 9618 9601 9586 9578 9581 9557 9548
9751 9768 9770 9789 9841 9914 9941 9933 9930 9930 9940 9956 9979 1e+004 1.004e+004 1.006e+004 9915 9828 9712 9597 9493 9448 9425 9416 9421 9424 9402 9362 9302 9270 9281 9184 9131 9062 9031 9048 9077 9078 9054 9018 8929 8814 8907 8988 9079 9164 9251 9334 9409 9473 9534 9660 9791 9882 9942 1.004e+004 1.015e+004 1.024e+004 1.017e+004 1.007e+004 9990 9923 9865 9851 9868 9852 9812 9778 9751 9724 9702 9686 9670 9649 9632 9619 9606 9596 9588 9581 9567 9556 9555
9746 9752 9718 9752 9813 9915 9961 9920 9912 9915 9927 9947 9970 1.001e+004 1.006e+004 1.013e+004 1.013e+004 9983 9829 9714 9611 9549 9515 9477 9441 9437 9462 9488 9468 9456 9465 9375 9312 9250 9192 9204 9215 9206 9181 9140 9057 8961 9081 9162 9239 9324 9399 9464 9508 9547 9608 9767 9888 9997 1.006e+004 1.011e+004 1.014e+004 1.012e+004 1.005e+004 9992 9934 9872 9807 9826 9832 9829 9810 9795 9742 9695 9659 9632 9626 9621 9614 9608 9601 9595 9593 9586 9580 9576 9560
9718 9698 9711 9723 9755 9753 9811 9862 9884 9902 9922 9936 9972 9986 1.002e+004 1.009e+004 1.022e+004 1.016e+004 1.005e+004 9899 9743 9694 9650 9569 9470 9444 9475 9570 9620 9614 9526 9592 9601 9466 9396 9367 9362 9365 9323 9234 9105 9138 9278 9358 9422 9490 9535 9593 9637 9686 9774 9916 1.002e+004 1.014e+004 1.019e+004 1.015e+004 1.011e+004 1.003e+004 9939 9913 9881 9840 9799 9810 9807 9800 9779 9742 9700 9658 9618 9586 9591 9594 9595 9596 9595 9594 9592 9589 9586 9569 9559
