real_craters/C192-1000m.grd
DSAA
103 103
-51.1 51.1
-51.1 51.1
1309.9776678618 4768.1257622263
[rows 60 to 89 of 103, columns 0 to 66 of 103]
3485.87 3465.71 3450.26 3441.59 3415.51 3399.69 3408.69 3441.04 3449.5 3453.55 3515.57 3500.66 3483.4 3466.18 3431.91 3445.86 3463.65 3470.77 3497.76 3516.41 3550.1 3546.03 3514.37 3630.01 3796.37 3874.89 3855.8 3681.92 3463.29 3207.79 3117.03 3015.4 2841.7 2666.16 2511.4 2419.67 2403.96 2381.34 2362.87 2346.44 2336.98 2322.8 2313.08 2313.25 2298.66 2288.58 2278.85 2272.38 2275.96 2284.03 2291.6 2298.04 2297.86 2295.58 2293.17 2281.55 2280.09 2261.7 2256.11 2267.02 2290.86 2311.87 2333.64 2378.09 2428.35 2419.55 2473.44
3458.76 3448.85 3440.06 3430.7 3423.13 3422.04 3428.56 3451.97 3459.98 3457.02 3460.48 3464.35 3455.66 3460.2 3473.83 3476.26 3484.54 3503.02 3517.59 3535.24 3546.8 3553.15 3567.36 3745.03 3844.1 3865.84 3857.49 3704.58 3532.38 3364.62 3201.33 3041.57 2890.04 2688.48 2531.38 2424.7 2406.89 2368.17 2353.57 2341.13 2328.06 2319.88 2311.83 2312.28 2291.16 2273.51 2257.08 2236.94 2219.98 2236.34 2245.68 2251.79 2256.85 2258.89 2243.39 2240.88 2248.96 2252.29 2254.63 2262.6 2285.38 2306 2341.92 2401.76 2479.36 2496.9 2556.93
3448.1 3435.86 3431.91 3424.48 3426.2 3433.24 3444.7 3466.24 3483.13 3461.67 3486.96 3459.64 3421.47 3454.94 3476.43 3482.59 3498.05 3514.14 3527.29 3544.91 3568.23 3572.92 3566.06 3668.33 3783.45 3809.52 3742.27 3729.53 3644.53 3376.1 3280.11 3211.92 2999.44 2781.48 2583.32 2445.6 2411.84 2374.52 2342.41 2340.08 2344.62 2316.18 2301.86 2284.08 2273.66 2256.63 2235.66 2211.08 2184.45 2185.74 2205.54 2218.32 2218.23 2212.01 2204.43 2176.01 2200.13 2245 2264.21 2281.42 2291.92 2308.04 2348.49 2395.03 2448.57 2512.54 2648.96
3442.4 3436.37 3429.16 3425.49 3429.3 3441.61 3453.65 3477.88 3481.12 3461.24 3479.26 3448.15 3406.25 3442.88 3492.11 3489.91 3508.78 3523.18 3532.13 3535.08 3542.05 3548.37 3557.82 3689.41 3782.99 3816.6 3834.09 3811.87 3747.17 3442.82 3389.78 3325.49 3101.9 2853.04 2707.18 2559.35 2459.63 2390.29 2360.05 2348.27 2325.83 2310.47 2295.44 2277.9 2262.22 2254.55 2233.03 2203.34 2167.71 2162.91 2185.12 2201.1 2196.51 2170.37 2169.06 2081.46 2201.66 2252.64 2278.78 2302.98 2319.33 2330.3 2354.85 2424.81 2452.56 2638.71 2834.4
3439.12 3435.74 3433.37 3434.06 3438.86 3443.97 3448.33 3448.65 3450.04 3460.86 3473.07 3464.97 3454.97 3408.76 3456.3 3499.77 3518.66 3525.6 3537.34 3548.09 3547.26 3546.79 3591.58 3792.14 3816.93 3833.75 3844.22 3866.07 3807.49 3643.14 3496.32 3296.56 3183.85 3094.75 2897.5 2710.98 2566.91 2445.77 2346.73 2367.27 2332.72 2312.18 2301.19 2296.22 2288.35 2266.89 2243.53 2218.73 2190.44 2178.98 2198.48 2212.3 2214.59 2212.42 2230.59 2232.18 2238.85 2271.11 2302.88 2325.57 2338.56 2407.84 2485.25 2555.67 2599.49 2725.79 2966.09
3438.41 3436.94 3435.72 3436.29 3437.37 3443.13 3449.39 3448.3 3455.27 3479.55 3482.13 3480.82 3480.84 3490.99 3416.81 3533.06 3539.17 3524.23 3542.44 3566.08 3571.01 3569.16 3642 3754.96 3793.16 3820.57 3850.11 3915.13 3979.27 3847.44 3566.65 3409.57 3321.42 3261.53 3099.26 2918.67 2732.75 2497.24 2427.07 2392.99 2353.7 2324.65 2316.02 2314.83 2303.79 2282.91 2264.52 2253.23 2247.31 2253.14 2245.57 2249.23 2261 2277.99 2288.49 2263.4 2273.02 2300.51 2337.49 2362.13 2397.57 2468.07 2557.3 2643.9 2780.04 2901.3 3151.69
3435.02 3435.48 3435.54 3436.81 3442.98 3440.4 3437.63 3449.28 3454.21 3474.29 3478.77 3478.66 3493.05 3497.69 3453.17 3485.02 3498.81 3506.59 3541.77 3571 3576.38 3577 3592.68 3637.24 3713.39 3767.23 3827.04 3891.55 3955.09 4047.87 3665.47 3551.71 3492.9 3448.69 3274.88 3054.22 2886.92 2744.02 2519.49 2454.96 2401.74 2358.75 2340.8 2318.9 2291.55 2285.7 2286.81 2286.19 2291.51 2276.82 2276.99 2287.34 2301.5 2322.23 2311.9 2298.72 2300.46 2317.04 2346.04 2399.28 2451.27 2498.5 2578.32 2701.21 2858.46 3137.6 3319.9
3432.18 3433.8 3434.32 3434.62 3435.91 3439.96 3444.61 3445.48 3461.53 3462.05 3472.26 3480.88 3490.36 3490.05 3485.6 3433.54 3483.06 3509.44 3539.99 3570.22 3577.24 3572.93 3573.26 3603.77 3657.44 3707.62 3756.34 3817.92 3890.57 3856.5 3753.95 3701.95 3622.06 3552.02 3421.16 3206.74 3027.28 2890.05 2692.23 2590.36 2504.41 2436.46 2393.22 2347.74 2303.39 2301.03 2310.7 2311.42 2309.5 2308.74 2307.79 2311.17 2322.67 2330.59 2331.23 2328.71 2334.61 2349.57 2384.17 2453.48 2529.27 2537.87 2627.92 2806.43 3047.23 3308.49 3431.05
3433.43 3433.39 3433.71 3433.26 3433.51 3439.92 3444.97 3441.77 3456.92 3459.34 3466.89 3477.07 3484.4 3486.52 3503.57 3521.85 3433.42 3478.24 3522.04 3560.09 3569.91 3576.97 3587 3608.19 3627.4 3657.06 3689.89 3748.97 3748.74 3660.73 3835.52 3821.14 3724.14 3701.07 3571.5 3398.07 3227.06 3054.61 2876.43 2720.67 2628.68 2541.32 2477.28 2418.41 2361.74 2346.8 2350.71 2338.51 2328.75 2323.88 2322.09 2333.28 2338.09 2351.08 2343.18 2369.82 2384.65 2394.06 2437.07 2516.49 2591.07 2596.34 2713.28 2919.34 3137.57 3325.87 3506.15
3431.22 3431.94 3432.38 3432.41 3431.75 3432.11 3438.29 3446.04 3455.85 3454.92 3465.35 3474.79 3487.55 3498.41 3507.21 3511.52 3485.56 3465.73 3513.21 3550.79 3550.69 3555.84 3560.69 3582.55 3598.01 3613.67 3630.87 3640.72 3626.56 3638.11 3768.61 3795.13 3811.41 3754.88 3631.46 3539.25 3359.75 3237.27 3070.82 2892.66 2766.19 2664.09 2581.2 2513.55 2465.18 2421.01 2393.48 2377.08 2361.85 2355 2353.99 2363.11 2366.59 2360.81 2402.13 2422.1 2451.01 2452.7 2489.53 2608.91 2677.76 2714.22 2864.35 3108.02 3316.11 3510.26 3588.71
3432.49 3433.74 3434.67 3435.59 3437.74 3442.36 3442.65 3446.12 3455.75 3462.48 3468.84 3484.1 3495.06 3500.54 3502.6 3500.95 3495.66 3469.64 3508.2 3542.45 3551.07 3548.68 3547.83 3565.8 3578.66 3579.43 3590.4 3600.31 3606.27 3679.09 3684.02 3729.7 3877.02 3827.98 3720.49 3640.43 3563.88 3415.88 3215.5 3036.79 2909.85 2812.05 2687.05 2609.91 2545.35 2490.6 2450.06 2427.73 2409.14 2405.56 2410.24 2412.41 2417.38 2425.32 2439.6 2478.67 2521 2566.77 2684.21 2784.86 2856.18 2940.01 3065.49 3351.89 3491.06 3563.84 3682.15
3428.16 3433.56 3438.03 3440.96 3443.24 3447.05 3447.37 3449.76 3453.56 3460.42 3470.66 3477.69 3492.05 3499.8 3494.07 3490.61 3504.38 3482.43 3512.57 3547.96 3547.98 3533.52 3535.51 3552.17 3555.44 3557.83 3549.84 3545.06 3598.39 3632.49 3632.65 3733.32 3825.66 3907.16 3898.92 3695.23 3635.16 3529.51 3349.21 3196.79 3036.1 2846.43 2785.26 2719.02 2634.93 2563.91 2519.28 2473.69 2460.92 2463.57 2466.08 2472.05 2480.86 2493.19 2528.28 2587.89 2650.61 2839.36 2890.11 2963.69 3083.67 3166.55 3317.47 3477.32 3619.66 3662.64 3822.97
3428.84 3433.51 3439 3445.28 3452.24 3451.92 3450.14 3454.52 3461.32 3464.83 3474.5 3479.94 3490.3 3496.69 3489.75 3487.42 3503.28 3497 3497.77 3539.33 3529.55 3532.19 3564.27 3541.62 3546.19 3546.75 3543.48 3546.02 3608.32 3621.76 3650.29 3779.31 3850.35 3863.72 3929.66 3759.21 3650.32 3590.5 3453.39 3283.73 3174.1 3067.25 2948.86 2851.36 2754.4 2669.34 2624.35 2581.81 2563.6 2554.97 2529 2561.08 2590.85 2600.38 2665.67 2766.57 2911.31 2900.41 2927.12 3051.43 3252.54 3473.49 3613.22 3756.86 3769.75 3843.66 3987.87
3428.35 3435 3441.87 3448.35 3455.86 3461.22 3462.72 3467.02 3463.06 3469.93 3480.34 3493.12 3495.25 3491.91 3491.47 3482.99 3519.67 3521.34 3491.95 3506.46 3532.81 3534.71 3525.62 3526.85 3541.9 3558.38 3571.37 3581.57 3587.98 3630.25 3702.91 3774.95 3734.48 3812.01 3860.67 3819.47 3689.18 3615.42 3537.12 3464.4 3325.53 3209.31 3103.59 3018.03 2921.99 2833.06 2774.59 2735.28 2721.08 2717.38 2703.24 2728.72 2766.31 2805.65 2859.49 2984.58 3153.87 3009.13 2960.76 3131 3295.28 3656.26 3860.93 3929.05 3933.17 3979.64 4046.21
3431.18 3438.78 3446.15 3451.79 3455.71 3458.93 3469.77 3466.85 3464.23 3471.82 3483.92 3498.32 3501.39 3497.97 3501.29 3515.39 3525.77 3531.06 3523.32 3475.77 3528.23 3498.92 3506.92 3511.57 3544.56 3577.53 3610.98 3614.75 3580.97 3633.97 3698.97 3726.87 3689.55 3744.92 3841.03 3817.76 3724.03 3724.43 3750.26 3604.55 3501.85 3391.72 3295.5 3222.14 3132.84 3035.3 2970.32 2909.62 2915.93 2934.3 2963.05 2966.5 2936.83 2988.61 3057.33 3142.3 3249.05 3306.43 3164.28 3334.71 3504.92 3830.71 4085.98 4066.48 4081.22 4027.56 3906.84
3436.66 3443.08 3449.63 3454.98 3459.37 3475.23 3475.55 3465.78 3469.82 3470.08 3481.67 3498.44 3509.78 3501.69 3505.42 3506.88 3511.69 3512.58 3504.1 3444.35 3489.16 3482.87 3505.3 3525.83 3552.12 3586.19 3621.51 3607.31 3580.86 3613.34 3633.07 3609.92 3620.59 3709.28 3757.05 3760.27 3771.34 3854.06 3817.85 3824.08 3740.61 3633.15 3565.94 3467.54 3380.75 3301.36 3217.01 3154.92 3152.11 3176.39 3189.06 3209.58 3238.94 3253.26 3299.76 3361.33 3485.51 3601.99 3532.72 3677.06 3934.08 4102.03 4158.65 4097.3 4104.82 4007.92 3857.57
3442.65 3446.51 3451.73 3458.13 3466.08 3469.26 3476.48 3470.88 3468.42 3471.5 3480.73 3493.28 3493.6 3497.42 3509.6 3514.6 3503.38 3497.76 3496.64 3465.07 3481.17 3514.24 3516.83 3528.26 3549.37 3576.09 3598.84 3585.02 3592.8 3593.99 3597.64 3597.86 3592.32 3614.47 3671.88 3712.59 3744.29 3783.95 3787.5 3821.99 3784.31 3824.31 3791.17 3684.42 3602.49 3554.55 3463.94 3376.43 3396.97 3426.5 3478.88 3548.15 3587.89 3563.01 3588.39 3678.51 3732.75 3827.62 3801.36 3961.41 4164.37 4242.27 4120.85 4052.88 4025.57 3944.39 3867.4
3448.37 3452.02 3456.63 3461.94 3468.19 3470.91 3470.04 3465.49 3471.58 3474.62 3480.99 3489.94 3495.99 3496.92 3504.26 3507.39 3493.45 3484.46 3488.6 3500.75 3442.22 3508.82 3518.62 3530.25 3540.32 3550.78 3555.43 3553.21 3588.88 3568.21 3551.24 3563.04 3590.71 3647.15 3612.91 3671.18 3712.5 3705.97 3712.9 3849.77 3996.29 3932.73 3921.24 3832.48 3763.96 3729.73 3700.44 3662.64 3623.42 3652.65 3724.74 3809.57 3863.5 3794.97 3785.78 3848.82 3871.71 4023.3 4132.04 4107.39 4200.68 4184.96 4041.16 3923.14 3888.72 3853.77 3814.39
3449.88 3454.42 3459.09 3463.16 3464.29 3468.35 3475.28 3463.16 3469.71 3475.12 3482.3 3488.46 3493.14 3492.2 3490.28 3489.1 3487.53 3484.25 3479.41 3486.45 3474.52 3502.2 3523.47 3521.34 3531.56 3534.81 3521.49 3517.9 3520.09 3534.5 3542.06 3591.2 3542.26 3549 3613.3 3715.63 3703.38 3661.16 3707.02 3814.58 3853.72 3904.81 3939.31 3882.41 3836.41 3815.97 3817.06 3799.3 3783.92 3817.01 3903.35 3987.95 3973.25 3897.07 3860.88 3860.86 3948.17 4100.52 4023.68 4047.12 4129.24 4078.21 3967.48 3823.82 3796.16 3770.33 3746.42
3451.21 3456.74 3462.04 3466.59 3471.59 3472.29 3476.78 3466.54 3468.79 3474.17 3481.46 3487.96 3488.52 3485.56 3484.16 3483.05 3482.46 3479.37 3474.86 3484.2 3496.64 3497.38 3514.72 3525.56 3534.51 3539.77 3534.22 3515.51 3508.91 3516.81 3530.19 3523.37 3515.65 3539.49 3585.64 3629.57 3641.68 3607.36 3663.31 3737.79 3768.25 3851.86 3892.23 3876.39 3839.49 3834.41 3837.81 3844.58 3856.36 3896.51 3968.9 4033.67 3993.34 3923.49 3881.03 3889.25 4033.81 3968.86 3820.58 3917.75 4011.62 3955.02 3902.8 3737.94 3711.41 3700.54 3676.45
3455.37 3459.36 3463.72 3467.72 3472.54 3469.17 3467.99 3470.27 3474.17 3478.59 3482.09 3488.5 3485.03 3482.94 3485.33 3483.1 3479.22 3474.71 3481.19 3487.5 3512.62 3481.22 3470.64 3517.24 3540.93 3540.96 3527.82 3512.74 3498.5 3502.53 3513.71 3511.4 3514.41 3556.48 3581.69 3580.18 3603.11 3626.75 3641.1 3713.91 3816.95 3834.05 3867.71 3829.45 3790.01 3764.97 3777.14 3833.73 3860.84 3889.18 3926.69 3930.54 3973.04 3901.93 3851.7 3832.62 3845.32 3827.72 3809.66 3792.75 3786.06 3771.09 3686.48 3652.01 3659.47 3659.17 3642.02
3457.32 3460.77 3463.86 3467.94 3470.14 3470.74 3475.62 3484.95 3481.88 3482.54 3487.67 3481.24 3488.34 3493.74 3482.72 3486.32 3482.95 3479.7 3481.93 3491.09 3490.57 3472.21 3459.85 3513.68 3533.68 3529.43 3527.76 3498.42 3491.77 3491.02 3499.53 3503.62 3514.62 3567.85 3561.12 3575.17 3578.47 3591.38 3648.96 3730.95 3807.8 3761.46 3722.17 3720.73 3735.26 3741.14 3762.93 3799.26 3816.68 3834.01 3860.59 3903.51 3878.13 3841.71 3790.67 3751.31 3806.16 3772.84 3722.93 3678.17 3665.52 3665.59 3640.72 3639.4 3658.62 3653.6 3650.29
3457.78 3462.19 3465.45 3469.16 3472.69 3477.62 3506.58 3485.91 3486.61 3485.72 3485.49 3479.15 3484.43 3489.86 3502.96 3497.94 3491.01 3488.68 3489.69 3490.48 3487.55 3473.16 3453.64 3494.9 3514.63 3506.03 3497.35 3501.19 3486.95 3481.81 3483.69 3484.95 3526.42 3539.77 3556.94 3557.75 3553.5 3574.01 3642.38 3724.36 3708.9 3703.97 3688.44 3690.97 3706.04 3717.52 3747.62 3759.75 3761.7 3765.43 3774.89 3776.33 3772.85 3760.79 3740.54 3725.89 3743.71 3743.3 3699.28 3650.66 3628.88 3640.94 3683.25 3669.12 3639.24 3640.39 3645.9
3460.08 3462.9 3466.71 3469.71 3471.73 3479.08 3497.61 3491.24 3490.57 3487.92 3483.86 3478.17 3486.55 3503.76 3519.12 3509.06 3497.37 3487.48 3490.69 3491.91 3483.1 3473.56 3460.08 3471.02 3494.43 3518.49 3506.12 3487.5 3485.71 3479.07 3470.44 3469.2 3488.12 3511.43 3572.96 3559.67 3542.89 3578.27 3649.09 3695.88 3701.84 3685.13 3691.92 3699.14 3697.74 3690.65 3680.26 3684.53 3688.38 3689.99 3686.98 3679.18 3698.67 3697.01 3691.66 3697.37 3708.47 3679.5 3654.18 3612.18 3606.06 3647.58 3645.74 3607.36 3613.77 3615.7 3621.72
3458.43 3464.03 3469.25 3477.47 3481.15 3485.47 3516.68 3511.67 3498.91 3490.9 3482.77 3478.46 3487.07 3500.69 3515.4 3509.31 3499.87 3488.42 3482.4 3483.94 3488 3478.46 3450.92 3443.33 3489.96 3534.06 3522.39 3499.39 3484.96 3468.66 3462.78 3473.29 3471.84 3503.45 3547.92 3514.39 3524.91 3564.17 3606.38 3612.89 3621.83 3670.07 3695.43 3731.09 3688.42 3658.21 3621.23 3631.58 3629.66 3628.41 3626.75 3628.19 3647.06 3650.62 3649.76 3645.39 3636.65 3627.92 3608.86 3591.5 3587.54 3606.26 3579.29 3566.91 3581.47 3585.25 3584.12
3461.37 3465.01 3469.96 3472.78 3476.58 3481.62 3515.96 3508.04 3496.74 3490.21 3487.16 3484.95 3486.92 3499.44 3507.62 3502.17 3495.59 3486.5 3478.9 3489.32 3507.16 3489.51 3460.17 3441.88 3515.58 3522.11 3540.22 3524.57 3492.32 3470.92 3466.24 3478.46 3483.67 3511.41 3514.24 3510.93 3524.26 3533.89 3530.06 3567.68 3591.59 3608.25 3628.65 3626.19 3663.29 3686.43 3661.49 3610.31 3588.08 3580.58 3577.71 3574.05 3592.43 3604.7 3608.51 3603.12 3609.13 3586.45 3546.55 3525.37 3545.41 3573.64 3532.77 3543.47 3552.99 3554.7 3551.12
3462.59 3466.12 3471.09 3477.75 3484.38 3489.5 3489.09 3484.92 3486.33 3484.83 3482.53 3478.44 3482.66 3485.08 3492.59 3495.1 3490.6 3487.05 3480.98 3491.39 3494.79 3480.54 3466.94 3473.39 3510.56 3515.25 3560.63 3534.83 3498.48 3470.22 3481.08 3498.76 3496.8 3498.91 3507.84 3516.03 3523.69 3536.84 3538.02 3559.42 3584.5 3574.2 3584.29 3591.72 3632.02 3673.81 3629.27 3553.46 3554.2 3551.16 3543.56 3533.84 3550.28 3573.8 3573 3570.44 3561.42 3544.2 3524.68 3463.15 3498.14 3529.29 3501.24 3516.9 3521.62 3532.19 3535.91
3460.06 3468.23 3473.61 3477.48 3486.89 3488.09 3478.57 3478.47 3479.32 3479.07 3476.61 3475.74 3483.13 3491.67 3496.06 3490.08 3485.02 3484.04 3477.02 3463.78 3454.26 3465.17 3465.44 3454.93 3479.04 3503.02 3516.9 3519.45 3498.98 3482.48 3496.4 3500.76 3485.61 3511.4 3500.87 3533.43 3581.73 3563.07 3549.34 3577.24 3571.59 3561.77 3595.52 3592.35 3593.94 3594.63 3574.29 3551.65 3536.46 3528.32 3515.71 3518.44 3577.84 3565.22 3537.16 3508.18 3489.11 3499.52 3521.09 3468.16 3480.72 3503.84 3481.29 3479.79 3511.14 3518.95 3522.43
3463.96 3470.7 3479.82 3483.32 3481.79 3480.37 3475.7 3477.13 3476.99 3475.17 3473.58 3477.25 3484.95 3494.77 3500.31 3485.16 3472.36 3467.86 3458.53 3449.19 3447.41 3453.17 3454.4 3456.5 3478.59 3513.86 3530.58 3514.66 3502.67 3495.9 3495.76 3503.37 3511.1 3526.81 3530.09 3552.7 3543.68 3568.4 3570.69 3544.41 3553.52 3628.47 3635.07 3587.1 3559.76 3543.88 3541.06 3531.06 3524.73 3520.33 3509.91 3516.52 3522.68 3526.83 3506.11 3477.65 3460.48 3475.14 3507.08 3481.53 3458.59 3461 3462.8 3470.75 3509.13 3511.85 3507.79
3457.33 3471.51 3484.9 3494.17 3480.53 3482.19 3473.54 3478.67 3472.64 3472.7 3476.6 3471.59 3481.5 3498.09 3486.47 3478.4 3466.96 3465.92 3470.86 3471.91 3462.4 3467.48 3470.07 3456.8 3472.18 3541.99 3507.16 3505.8 3498.89 3499.98 3488.91 3490.23 3523.72 3539.79 3571.6 3589.05 3595.07 3577.65 3541.74 3507.89 3528.01 3597.84 3627.78 3563.53 3535.59 3540.17 3532.84 3519.29 3515.03 3508.2 3500.11 3495.71 3498.91 3499.16 3486.57 3472.81 3470.01 3479.83 3497.83 3469.04 3443.45 3448.32 3448.79 3456.2 3494.39 3499.92 3495.15
