real_craters/C192-500m.grd
DSAA
359 359
-89.425 89.425
-89.425 89.425
7282.201193667 10420.81869817
[rows 210 to 239 of 359, columns 134 to 200 of 359]
9953.03 10001.1 10063.2 10110.7 10179.6 10213.9 10211.1 10139 10024.6 9895.81 9758.9 9628.73 9513.41 9410.37 9333.73 9292.97 9249.94 9184.48 9103.88 9026.05 8939.91 8919.26 8907.04 8883.73 8861.65 8837.02 8810.82 8786.62 8764.53 8754.46 8738.13 8656.47 8617.84 8535.68 8452.41 8400.99 8357.47 8324.23 8323 8401.39 8338.63 8286.74 8254.71 8234.94 8218 8199.99 8192.65 8222.65 8253.6 8278.08 8290.3 8289.32 8286.71 8280.76 8270.86 8276.45 8301.5 8332.97 8366.58 8401.93 8437.66 8472.28 8496.29 8529.26 8554.76 8584.42 8644.71
9904.69 9960.02 10036.6 10108.9 10207.8 10272 10304 10230.9 10105.7 9970.11 9831.69 9696.92 9574.08 9461.19 9376.18 9321.93 9275.58 9229.11 9174.41 9109.49 9014.27 8989.97 8977.41 8958.54 8938.16 8917.99 8891.56 8862.71 8829.65 8810.16 8802.16 8765.28 8716.48 8618.34 8555.8 8509.58 8467.9 8436.17 8500.15 8555.54 8473.33 8385.97 8343.21 8322.21 8306.91 8291.62 8283.43 8304.18 8322.1 8332.52 8336.67 8338.81 8340.83 8342.71 8329.78 8338.88 8369.79 8407.24 8449.12 8491.41 8524.28 8568.32 8612.94 8659.14 8710.5 8715.49 8773.08
9867.91 9934.95 10016.1 10119.5 10206.1 10295.9 10359.6 10291.5 10154.6 10015.9 9883.9 9756.73 9636.53 9533.87 9445.78 9380.48 9326.79 9285.79 9248.5 9216.52 9134.4 9084.85 9059.11 9037.88 9017.99 8995.71 8973.26 8944.47 8910.6 8885.16 8878.76 8863.98 8839.24 8745.16 8679.63 8629.45 8584.08 8548.51 8564.86 8536.21 8473.32 8424.82 8414.54 8409.97 8408.99 8407.48 8400.86 8407.49 8404.81 8397.63 8391.35 8389.32 8395.05 8400.81 8390.23 8409.12 8445.89 8488.73 8540.06 8591.6 8642.05 8693.63 8744.57 8793.93 8840.15 8884.13 8956.1
9892.23 9926.74 9996.69 10072.4 10180.6 10261.9 10332.3 10271.7 10148.2 10029.3 9918.91 9814.02 9707.13 9616.13 9533.84 9467.18 9404.27 9355.6 9308.27 9269.96 9231.69 9180.38 9146.75 9121.1 9101.34 9085.07 9063.35 9041.27 9030.09 8995.3 8964.08 8943.23 8937.04 8881.76 8820.94 8758.87 8700.13 8648.16 8618.06 8575.06 8520.86 8483.76 8488 8500.22 8515.26 8530.21 8538.71 8529.59 8501.84 8469.13 8441.91 8439.33 8452.22 8465.52 8462.5 8493.5 8532.35 8579.06 8631.88 8686.48 8747.6 8806.59 8868.43 8926.32 8983.71 9059.75 9142.95
9854.02 9911.14 9973.25 10034.3 10112.6 10169.1 10191 10155.4 10093.9 10018.7 9941.39 9849.19 9778.64 9706.98 9635.77 9578.32 9513.68 9443.94 9364.27 9289.27 9280.81 9246.09 9210.92 9190.21 9173.79 9158.44 9142.95 9126.12 9096.94 9067.62 9033.11 9020.46 9036.41 8982.54 8950.1 8893.67 8832.56 8767.1 8727.71 8693.78 8620.74 8571.14 8581.67 8601.58 8628.77 8656.3 8685.18 8656.45 8609.35 8551.59 8489.07 8495.36 8514.61 8537.85 8562.56 8585.58 8624.78 8675.31 8722.43 8780.47 8840.06 8910.38 8978.47 9053.68 9118.85 9168.12 9233.59
9859.11 9903.54 9952.65 9997.01 10048.6 10071.2 10060.4 10035.2 10027.7 10001.6 9948.69 9901.12 9856.1 9809.68 9748.45 9695.45 9639.66 9548.21 9447.62 9346.91 9315.79 9286.57 9268.65 9254.66 9243.11 9233.44 9226.58 9211.6 9176.08 9147.58 9111.23 9102.4 9128.46 9111.27 9070.48 9025.75 8986.82 8921.33 8908.76 8856.36 8742.89 8678.87 8688.89 8712.92 8743.5 8774.78 8788.98 8775.43 8730.31 8666.22 8599.85 8585.64 8582.25 8590.2 8617.37 8661.18 8707.75 8766.15 8825.09 8886.45 8949.36 9013.05 9087.6 9171.68 9262.45 9326.56 9356.05
9875.16 9908.45 9940.32 9966.93 9989.8 10000.3 9983.14 9964.34 9983.89 9985.23 9973.79 9951.06 9929.45 9906.08 9867.37 9796.39 9748.09 9650.79 9563 9471.04 9389.17 9338.62 9324.44 9315.56 9310.02 9307.98 9310.7 9315.79 9306.21 9261.91 9210.49 9198.82 9232.37 9202.5 9145.43 9129.42 9140.48 9084.47 9021.67 8938.22 8855.7 8807.42 8800.41 8821.31 8852.75 8888.42 8925.75 8918.51 8856.89 8801.65 8760.54 8706.36 8661.78 8658.11 8688.84 8743.56 8797.84 8853.66 8921.3 8984.23 9050.87 9120.37 9192.68 9274.81 9373.26 9481.81 9479.91
9893.3 9919.01 9936.72 9946.72 9952.43 9957.02 9953.52 9951.99 9965.31 9979.11 9977.11 9991.95 9993 9984.81 9934.97 9845.36 9795.87 9724.48 9664.65 9594.76 9478.3 9408.51 9384.41 9374.43 9369.2 9367.39 9374.05 9397.71 9429.76 9367.39 9331.19 9273.67 9268.24 9260.12 9200.62 9196.75 9188.12 9147.2 9074.31 8994.93 8950.83 8906.41 8906.5 8926.92 8953.35 8983.67 9010.29 9001.04 8961.47 8920.55 8877.51 8811.7 8738.84 8740.91 8792.52 8839.18 8896.04 8957.26 9023.74 9083.92 9143.11 9210.53 9276.72 9345.57 9408.84 9443.87 9508.48
9934.99 9935.8 9931.25 9931.1 9933.5 9935.62 9942.21 9951.39 9960.65 9981.26 9993.96 10014.6 10043.1 10058.9 10010.7 9893.17 9842.33 9780.94 9699.31 9619.73 9547.01 9478.91 9448.91 9430.33 9418.16 9412.7 9413.39 9420.34 9425.49 9414.9 9394.89 9368.65 9335.56 9291.99 9256.03 9270.4 9269.81 9209.61 9147.56 9111.9 9068.29 9028.07 9019.35 9028.94 9049.69 9067.81 9076.03 9063.99 9046.29 9022.08 8992.6 8920.51 8815.08 8830.13 8894.06 8948.69 9003.27 9070.89 9128.49 9183.92 9241.39 9292.67 9347.51 9400.3 9447.31 9480.44 9528.48
9974.5 9941.34 9924.81 9920.43 9919.4 9923.36 9933.85 9947.64 9960.41 9974.69 9999.22 10027.9 10065.6 10110.8 10124.2 10041.2 9944.75 9861.12 9764.12 9686.82 9623.2 9568.27 9519.38 9492.41 9474.37 9457.07 9443.51 9431.38 9429.98 9442.09 9460.76 9462.22 9437.48 9393.34 9365.96 9380.75 9369.56 9331.93 9279.71 9252.22 9198.5 9150.45 9126.39 9130.24 9146.46 9156.5 9153.65 9139.78 9127.75 9107.5 9075.55 8996.77 8890.09 8930.38 9004.74 9062.52 9116.96 9166.62 9224.77 9274.95 9339.62 9378.43 9425.63 9463.61 9498.43 9527.1 9559.86
9920.42 9908.64 9904.11 9906.34 9910.29 9915.22 9925.25 9936.44 9951.66 9975.13 9993.97 10023.5 10057.9 10102.9 10168.7 10156.4 10065.9 9976 9866.72 9787.42 9709.41 9631.97 9591.86 9567.09 9544 9516.1 9479.08 9446.48 9434.55 9445.2 9465.36 9493.99 9515.57 9511.62 9500.27 9499.2 9501.38 9443.16 9398.52 9366.37 9335.7 9264.67 9235.99 9243.06 9248.22 9252.76 9251.25 9237.83 9216.08 9183.71 9150.23 9103.57 8982.08 9054.28 9128.22 9183.83 9232.57 9286.69 9332.71 9394.18 9437.17 9475.2 9512.73 9536.81 9561.24 9578.81 9636.41
9826.04 9859.4 9876.49 9887.89 9898.67 9909.55 9922.08 9931.51 9950.9 9964.75 9980.67 9999.72 10028 10067.4 10157.5 10206.3 10174.6 10105.6 10024.8 9926.02 9824.96 9722.32 9686.12 9669.02 9634.74 9585.69 9523.97 9463.54 9440.24 9451.01 9476.48 9540.43 9583.95 9613.4 9630.75 9562.56 9525.27 9560.12 9574.25 9579.64 9495.94 9412.34 9376.77 9360.11 9351.24 9351.02 9352.78 9350.39 9312.03 9257.44 9193.03 9104.18 9074.32 9177.13 9260.91 9313 9363.9 9407.47 9448.91 9490.58 9520.91 9556.68 9594.86 9625.99 9653.76 9692.38 9753.93
9789.96 9823.93 9849.91 9871.57 9891.5 9911.63 9932.91 9954.38 9972.64 9971.44 9976.45 9983.03 10002 10037.9 10146.3 10237.1 10256.5 10218.2 10153.8 10064.1 9967.68 9873.51 9833.06 9803.7 9753.41 9686.32 9600.16 9505.93 9467.89 9467.54 9477.91 9544.51 9602.69 9629.72 9644.49 9574.4 9516.28 9532.79 9602.01 9607.78 9547.31 9524.54 9506.54 9461.33 9448.28 9447.02 9446.87 9443.28 9404.64 9345.63 9273.49 9177.2 9209.04 9358.19 9409.23 9452.37 9488.99 9521.86 9563.32 9588.46 9616.35 9648.47 9679.54 9710.67 9748.96 9799.61 9844.36
9774.92 9802.07 9831.99 9857.42 9885.74 9911.97 9943.17 9982.43 10002.2 9979.14 9968.7 9969.6 9985.03 10030.8 10132 10258.3 10294.4 10275.9 10255.1 10163.2 10102.1 10066.4 10027.9 9963.43 9891.71 9817.11 9724.05 9606.08 9542.62 9495 9492.51 9522.7 9551.22 9571.69 9570.28 9528.03 9503.45 9505.08 9514.97 9506.28 9518.51 9526.62 9520.01 9525.69 9530.94 9532.68 9529.52 9514.76 9488.78 9464.22 9425.58 9387.59 9404.92 9500.84 9555.84 9584.61 9620.4 9646.47 9664 9688.71 9709.75 9735.71 9759.57 9793.13 9841.01 9903.88 9968.2
9759.51 9786.61 9816.58 9845.89 9873.95 9903.38 9933.63 9968.83 9986.99 9966.2 9951.2 9947.84 9959.19 9991.41 10089.3 10277.4 10284.4 10241.6 10208.3 10179.9 10176.1 10214.6 10204.7 10095 10018 9961.92 9898.93 9804.72 9682.13 9564.9 9527.68 9530.12 9522.57 9522.59 9511.29 9511.06 9504.93 9506.75 9502.8 9505.1 9517.89 9535.66 9544.88 9582.3 9611.48 9628.31 9627.03 9605.32 9597.56 9621.14 9619.54 9609.42 9611.4 9649.35 9700.03 9725.32 9738.6 9754.18 9755.9 9770.27 9786.64 9807.74 9834.32 9870.16 9918.75 9994.45 10087.1
9749.03 9778.23 9808.31 9836.12 9861.22 9886.45 9911.93 9935.61 9950.96 9940.47 9924.84 9921.53 9930.29 9953.95 9981.77 10085.2 10152.5 10129.3 10109.1 10123.8 10153.9 10205.8 10208 10134.9 10097.7 10087.9 10086.3 10028.8 9862.54 9692.45 9598.51 9554.54 9531.97 9520.51 9514.89 9511.59 9509.32 9507.74 9510.94 9517.69 9545.19 9586.75 9617.15 9664.42 9700.74 9729.29 9756.49 9770.87 9790.14 9828.85 9841.41 9844.11 9863.4 9864.7 9864.57 9854.08 9850.26 9852 9859.12 9863.95 9873.38 9875.2 9904.65 9934.87 9975.91 10032.6 10118.3
9749.31 9775.32 9800.06 9821.62 9846.96 9867.78 9885.1 9895.4 9894.77 9900.4 9891.76 9888.8 9893.11 9915.84 9959.39 9933.17 9957.08 9986.47 9994.94 10034.7 10069.5 10078.1 10067.2 10089.9 10121 10166.4 10232.1 10230 10041.4 9866.69 9750.95 9674.01 9619.34 9597.26 9593.72 9569.25 9566.07 9543.63 9557.61 9565.91 9622.47 9669.82 9732.99 9763.27 9793.82 9837.26 9893.12 9968.73 10038.3 10051 10065.7 10092.6 10118.3 10068.6 10018.5 9967.42 9938.2 9916.2 9915.07 9904.08 9904.6 9915.18 9937.69 9965.78 10001.7 10033.5 10049.3
9758.93 9774.2 9795.49 9812.56 9831.76 9848.13 9860.63 9868.18 9876.88 9871.43 9863.27 9859.67 9862.48 9888.51 9938.91 9912.81 9896.3 9895.33 9919.98 9966.17 9990.79 9982.6 9956.83 10032.8 10101.1 10167.2 10232.7 10246.9 10171.5 10062.6 9962.67 9872.45 9798.3 9770.65 9780.84 9773.67 9750.98 9703.44 9679 9657.18 9696.59 9742.77 9794.68 9831.3 9871.04 9924.96 10000.1 10108.5 10215.8 10208 10228.5 10278.8 10299.8 10219.1 10120.8 10045.9 10005.1 9974.84 9964.78 9933.57 9938.66 9949.47 9964.93 9988.79 10014.8 10036.8 10036.5
9766.17 9780.28 9795.65 9808.02 9821.75 9831.51 9840.93 9847.5 9848.52 9848.04 9842.96 9838.26 9832.95 9850.44 9876.01 9904.22 9912.15 9905.65 9914.71 9934.11 9946.25 9948.06 9954.85 10004.5 10062.2 10115 10157.4 10188 10216.4 10214.7 10166.1 10052 9988.75 9981.52 10002.2 9999.18 9969.87 9912.03 9839.81 9797.1 9784.64 9816.34 9847.27 9884.46 9929.82 9984.48 10052.8 10138.3 10213.4 10247.3 10279.7 10315.3 10287.4 10235.2 10152 10091.6 10032.5 10006.2 9980.65 9968.12 9963.83 9962.29 9966.39 9984.93 10015.8 10054.8 10105.6
9767.14 9777.88 9791.74 9805.27 9817.41 9826.92 9833.63 9834.65 9833.01 9833.33 9831.13 9828.31 9821.84 9832.92 9866.01 9878.48 9882.12 9891.91 9903.75 9916.13 9927.03 9940.65 9964.41 9993.34 10020.6 10045 10075.2 10101.6 10132.7 10185.9 10129.8 10099.4 10089.2 10112.7 10090.9 10072.7 10044.7 10013.5 9963.5 9946.91 9921.87 9923.03 9928.38 9946.45 9981.15 10016.7 10063.4 10119.9 10182 10210.9 10236 10245.2 10213.5 10175.1 10133.1 10077.9 10047.1 10019.1 9986.1 9965.88 9969.68 9981.06 9978.97 9989.69 10003.3 10041.5 10114
9762.81 9773.55 9786.17 9799.8 9812.99 9822.82 9828.73 9830.21 9828.18 9829.79 9833.2 9836.33 9831.73 9821.8 9828.58 9864.87 9879.49 9872.52 9884.79 9899.46 9913.55 9938.86 9972.83 9983.65 9981.31 9976.12 9962.69 9992.6 10011.6 10045.4 10057.3 10070.4 10074.3 10059.7 10024.6 9982.25 9972.91 9994.24 10017.7 10060.6 10086.4 10041.9 10022.9 10030.3 10021 10025.1 10042.6 10070.8 10097.5 10137.8 10165.6 10155 10114.5 10095.4 10081.9 10049.6 10031.7 10008.6 9998.18 9989.26 9977.7 9969.13 9967.59 9971.11 9980.52 9991.34 9998.07
9753.64 9766.74 9782.11 9796.11 9809.9 9820.87 9829.19 9834.17 9835.18 9839.76 9846.5 9854.07 9860.19 9823.2 9818.2 9852.96 9872.24 9864.51 9877.92 9890.3 9903.87 9925.16 9953.5 9958.37 9944.83 9934.98 9927.99 9947.39 9963.34 9997.66 10028.1 10035.4 10035.6 10029.7 9992.18 9974.72 9969.37 9989.04 10020.6 10057.1 10081.9 10053.6 10048.2 10061.6 10020.2 10004.5 10005 10013.8 10033.1 10071.5 10118.5 10118.6 10068.6 10037.7 10024.1 10019.4 10013.6 10008.5 9991.8 9973.34 9962.8 9958.38 9957.94 9953.84 9946.31 9927.24 9894.47
9746.37 9762.94 9779.96 9795.54 9812.43 9825.9 9836.32 9844.34 9852.34 9863.79 9864.33 9869.9 9857.79 9825.49 9819.68 9847.29 9864.47 9866.62 9876 9884.59 9891.8 9897.29 9900.11 9901.13 9911.52 9919.87 9925.91 9955.31 9978.87 9991.03 9998.78 10008.3 10005.1 9990 9975.36 9967.08 9959.97 9973.73 9998.58 10019.7 10005.9 9950.83 9967.97 9977.26 9961.31 9952.69 9951.78 9953.3 9958.1 9991.77 10061.4 10064.9 10021 9987.16 9971.55 9970.99 9974.8 9978.26 9976.44 9974.71 9966.6 9968.18 9955.78 9941.1 9907.53 9877.18 9837.08
9741.75 9760.91 9777.58 9796.23 9814.21 9830.09 9844.78 9855.91 9861.95 9866.42 9882.98 9891.46 9884.11 9835.39 9827.79 9852.69 9881.95 9887.82 9883.43 9878.59 9875.05 9868.81 9857.78 9855.93 9885.81 9920.38 9957.77 9982.23 10036.5 10025.4 9993.04 10000.3 9997.07 9979.16 9976.6 9970.69 9957.18 9952.47 9958.88 9957.27 9941.06 9879.39 9876.75 9851.61 9883.79 9900.37 9905.54 9899.88 9885.91 9893.26 9972.63 9967.81 9919.52 9893.67 9911.31 9931.2 9942.11 9956.16 9950.09 9952.01 9945.83 9930.38 9911.65 9888.33 9867.88 9849.03 9831.72
9737.42 9759.37 9779.45 9799.55 9817.72 9835.74 9852.99 9870.18 9881.98 9893.72 9904.5 9904.04 9888.4 9842.99 9836.63 9849.48 9864.11 9886.36 9881.28 9872.16 9864.15 9853.15 9841.14 9841.75 9863.18 9891.01 9922.9 9952.01 10041.4 10048.7 10013 10006.9 10004.3 10002.3 9997.5 9985.89 9943.42 9932.86 9922.63 9898.61 9859.57 9842.5 9835.27 9828.1 9846.71 9866.8 9876.33 9872.69 9853.22 9827.05 9821.52 9843.39 9825.37 9820.67 9876.97 9902.3 9913.89 9915.76 9917.28 9904.81 9896.62 9886.24 9872.97 9860.39 9838.65 9831.63 9829.18
9735.7 9757.72 9778.68 9799.62 9820.44 9841.63 9862.13 9882.82 9905.97 9933 9922.68 9902.95 9888.44 9870.47 9850.86 9841.73 9837.09 9850.49 9863.04 9860.29 9852.03 9840.53 9831.8 9831.01 9842.83 9852.93 9857.7 9863.86 9902.3 10012.4 10016.1 10001 10008.2 10027.9 10041.7 10020.2 9969.86 9930.51 9903.09 9874.01 9841.97 9833.66 9830.42 9830.08 9841.04 9856.34 9869.24 9877.09 9876.74 9871.97 9806.05 9779.37 9812.62 9874.06 9881.49 9890.31 9890.17 9883.07 9869.8 9861.86 9853.73 9843.91 9835.55 9830.01 9827.3 9822.62 9826.87
9733.13 9753.87 9775.59 9796.96 9817.09 9839.25 9864.86 9886.35 9908 9923.46 9916.93 9898.79 9889.77 9886.16 9857.75 9837.84 9829.69 9841.49 9855.29 9852.4 9842.36 9830.69 9820.47 9815.05 9823.69 9844.22 9839.31 9824.53 9842.65 9888.83 9939.82 9960.02 9982.18 10016.2 10035.3 9997.88 9964.14 9940.06 9899.05 9860.22 9830.04 9828.62 9836.46 9838.78 9846.52 9857.71 9873.24 9889.25 9907.83 9915.91 9858.18 9784.61 9819.11 9883.08 9889.12 9880.36 9871.02 9861.85 9856.85 9846.02 9841.09 9833.16 9826.6 9818.32 9816.46 9815.96 9818.95
9731.61 9750.58 9771.6 9793.6 9815.83 9838.87 9861.8 9884.9 9901.82 9905.47 9908.27 9904.28 9889.38 9873.81 9851.15 9835.74 9837.49 9868.05 9861.72 9846.59 9833.63 9821.93 9810.76 9799.77 9802.94 9803.12 9801.48 9791.36 9818.87 9852.67 9878.39 9905.08 9930.96 9961.36 9996.75 9998.24 9987.77 9952.21 9898.95 9853.15 9824.99 9839.57 9844.52 9842.2 9845.97 9858.27 9875.78 9895.97 9915.93 9923.41 9877.71 9792.15 9815.01 9877.17 9882.79 9868.69 9858.12 9850.95 9848.15 9845.23 9841.77 9839.03 9834.97 9830.79 9821.5 9816.13 9818.08
9725.72 9745.96 9767.53 9790.5 9813.87 9837.13 9861.03 9882.51 9899.73 9911.2 9917.15 9910.06 9880.84 9852.05 9839.38 9831.46 9844.37 9872.2 9849.27 9836.14 9825.34 9816.75 9808.45 9801.73 9798.09 9787.18 9786.41 9776.54 9770.84 9794.6 9819.85 9845.03 9865.92 9880.91 9915.1 10008.6 10060.9 9961.05 9888.82 9842.53 9813.07 9819.31 9835.1 9834.24 9837.69 9854.22 9869.51 9883.91 9898.82 9916.71 9867.09 9772.35 9800.9 9868.18 9863.15 9845.16 9837.38 9831.46 9827.4 9824.13 9821.07 9817.66 9814.58 9817.99 9813.39 9810.95 9810.39
9719.69 9741.17 9762.46 9784.83 9807.75 9831.37 9856.6 9879.26 9900.92 9918.59 9931.06 9923.86 9878.06 9842.03 9830.03 9821.07 9825.47 9829.71 9825.77 9818.57 9813.02 9809 9806.76 9809.49 9806.91 9803.41 9795.96 9792.57 9741.61 9729.9 9765.15 9792.35 9809.63 9815.51 9837.11 9921.11 9996.65 9899.59 9850.43 9820.91 9802.23 9803.66 9818.32 9828.78 9835.31 9848.91 9853.13 9854.49 9853.28 9841.91 9801.95 9750.94 9767.04 9795.83 9806.11 9807.44 9804.97 9804.02 9807.33 9806.91 9805.99 9805.16 9803.71 9804.59 9803.32 9801.7 9798.06
