real_craters/C192-500m.grd
DSAA
359 359
-89.425 89.425
-89.425 89.425
7282.201193667 10420.81869817
[rows 30 to 59 of 359, columns 67 to 133 of 359]
9659.44 9671.81 9663.41 9656.73 9646.32 9645.73 9649.55 9653.61 9653.43 9645.63 9629.32 9613.37 9596.44 9582.27 9578.23 9568.09 9554.69 9544.15 9536.91 9532.01 9524.03 9517.67 9514.42 9512.81 9513.7 9514.03 9513.57 9513.98 9517.34 9525.78 9531.4 9535.8 9540.29 9544.5 9547.77 9548.98 9547.2 9542.05 9536.32 9531.45 9527.83 9524.32 9520.97 9517.94 9514.89 9511.93 9509.03 9506.28 9503.51 9500.21 9494.46 9490.17 9491.28 9489.04 9484.97 9480.51 9476.98 9476.04 9479.01 9477.16 9480.56 9484.61 9486.71 9491.35 9495.73 9492.42 9484.37
9677.89 9692.08 9677.16 9660.55 9645.97 9645.18 9651.83 9660.27 9660.17 9651.08 9636.87 9619.71 9602.23 9596.54 9597.92 9587.29 9567.18 9553.15 9540.57 9528.15 9520.35 9518.71 9515.98 9513.34 9512.44 9517.02 9518.72 9518.25 9524.85 9529.57 9534.12 9538.32 9542.53 9546.51 9549.9 9552.38 9552.54 9544.59 9538.06 9533.2 9529.68 9526.18 9522.9 9519.78 9517.7 9514.93 9512.25 9510.29 9508.41 9507.75 9506.38 9503.84 9501.78 9495.86 9489.18 9483.12 9478.43 9475.64 9471.96 9471.18 9476.76 9481.01 9481.63 9484.87 9489.01 9487.12 9482.19
9689.93 9701.95 9687.8 9667.4 9649.76 9647.97 9652.86 9657.59 9660.69 9655.55 9645.69 9629.19 9617.06 9610.74 9603.71 9589.95 9570.39 9558.63 9547.32 9534.4 9525.96 9524.52 9520.3 9515.49 9514.53 9518.52 9522.84 9524.01 9527.9 9531.41 9535.51 9540.27 9544.87 9548.78 9552.46 9555.05 9554.8 9547.68 9540.03 9534.83 9531.63 9528.3 9525.18 9522.18 9519.46 9516.79 9514.57 9512.97 9514.47 9515.5 9519.2 9523.75 9512.38 9501.54 9492.11 9484.5 9478.17 9473.04 9468.65 9468.71 9477.67 9485.26 9485.01 9486.91 9482.18 9478.32 9481.54
9701.27 9719.17 9707.2 9678.17 9656.97 9653.72 9655.34 9658.72 9668.74 9671.46 9659.18 9637.41 9615.76 9606.92 9597.52 9586.34 9573.42 9565.54 9558.78 9551.04 9543.7 9537.62 9528.71 9519.59 9516.09 9519.36 9521.29 9520.59 9524.51 9530.67 9536.02 9541.06 9545.81 9550.1 9553.48 9555.64 9555.84 9549.59 9542.49 9536.98 9532.99 9529.58 9526.32 9523.16 9520.33 9517.57 9515.3 9514.26 9515.98 9517.53 9522.22 9528.5 9513.9 9501.9 9492.25 9484.49 9477.69 9471.02 9467.57 9470.43 9483.33 9497.98 9508.01 9502.7 9491.65 9484.79 9489.5
9701.96 9715 9695.27 9679.79 9668.02 9661.86 9660.93 9663.43 9679.37 9694.27 9672.27 9644.12 9620.73 9605.78 9593.84 9585.22 9579.13 9575.37 9572.96 9571.87 9569.46 9555.18 9540 9527.73 9522.33 9522.63 9523.37 9521.71 9521.83 9530.18 9535.95 9541.71 9546.35 9550.51 9553.88 9555.4 9552.93 9547.65 9542.13 9538.42 9535.32 9532.17 9528.81 9525.37 9521.66 9518.51 9515.59 9513.21 9511.91 9513.4 9513.03 9508.01 9502.34 9496.57 9489.77 9483.47 9477.61 9471.25 9469.73 9476.22 9488.01 9506.02 9526.19 9519.06 9516.56 9518.19 9507.25
9698.36 9697.67 9684.83 9680.79 9676.21 9666.58 9664.84 9672.18 9678.99 9690.1 9670.53 9643.41 9618.92 9603.16 9596.95 9587.87 9582.88 9584.14 9584.52 9587.14 9589.08 9568.5 9549.4 9534.44 9528.83 9528.99 9530.49 9529.32 9529.22 9533.11 9537.9 9543.29 9547.8 9551.75 9555.18 9557.24 9556.55 9550.49 9541.71 9540.64 9538.27 9534.89 9530.94 9527.06 9523.19 9519.46 9515.85 9512.55 9509.37 9507.49 9502.82 9495.61 9491.13 9489.68 9486.34 9482.29 9478.01 9472.95 9469.49 9474.55 9484.6 9496.06 9506.42 9519.15 9528.72 9535.22 9520.78
9691.29 9695.51 9684.47 9679.82 9673.93 9663.55 9655.61 9656.59 9662.76 9663.38 9654.11 9637.14 9616.82 9599.78 9595.76 9592.92 9589.25 9589 9592.17 9592.57 9585.95 9572.71 9555.26 9540.48 9535.68 9536.25 9537.39 9534.58 9535.57 9537.1 9540.77 9545.47 9549.96 9553.95 9557.79 9560.69 9562.54 9559.29 9550.03 9546.68 9542.44 9537.84 9533.24 9528.74 9524.54 9520.22 9515.92 9511.33 9506.7 9501.89 9495.84 9487.77 9483.49 9484.66 9483.61 9481.45 9478.84 9476.18 9474.26 9474.48 9478.17 9484.17 9494.27 9510.12 9524.86 9535.4 9522.39
9697.2 9708.81 9685.82 9678.99 9670.58 9658.69 9644.58 9640.68 9646.83 9646.22 9641.57 9633.6 9618.18 9601.01 9595.24 9597.34 9598.15 9598.56 9599.8 9597.48 9589.66 9576.03 9558.51 9547.15 9541.86 9543.44 9543.95 9534.71 9532.18 9538.34 9543.22 9547.38 9552.18 9555.74 9559.32 9562.65 9566.12 9568.11 9562.73 9553.94 9546.8 9540.79 9535.37 9530.13 9525.22 9520.4 9515.54 9510.66 9505.21 9499.77 9492.72 9486.41 9482.63 9482.76 9482.85 9482.65 9481.67 9480.56 9480.19 9477.88 9473.13 9475.56 9484.61 9498.69 9511.99 9518.88 9512.86
9699.35 9701.04 9684.85 9676.76 9667.86 9658.02 9648.06 9642.64 9641.7 9638.62 9635.06 9632.54 9625.53 9605.08 9599.58 9601.96 9607.44 9610.31 9608.12 9603.43 9598.12 9580.86 9558.47 9543.18 9545.62 9550.89 9556.18 9539.99 9532.06 9541.51 9546.19 9549.51 9552.67 9555.67 9559.1 9561.62 9563.45 9562.95 9563.2 9556.12 9548.68 9542.58 9536.91 9531.49 9526.33 9521.69 9516.51 9511.05 9505.31 9498.87 9491.89 9485.94 9481.45 9482.52 9483.8 9484.43 9484.8 9484.65 9483.5 9477.9 9470.02 9468.12 9475.37 9488.05 9498.13 9503.8 9500.74
9681.12 9689.35 9688.08 9674.88 9664.86 9658.14 9654.04 9648.4 9642.97 9638.44 9634.8 9631.3 9621.79 9610.61 9610.97 9614.21 9619.79 9622.31 9615.3 9606.25 9594.61 9578.57 9560.66 9549 9550.89 9556.82 9562.2 9556.01 9550.69 9550.25 9550.84 9552.97 9555.69 9557.83 9559.42 9560.63 9560.59 9558.46 9557.52 9553.58 9547.99 9542.29 9536.87 9532.79 9527.75 9522.64 9517.38 9512.35 9506.48 9499.4 9493.4 9486.53 9480.34 9484.78 9486.37 9487.16 9487.68 9487.93 9487.63 9486.65 9477.48 9471.38 9474.31 9481.69 9487.22 9490.36 9487.96
9668.65 9679.28 9678.33 9666.54 9660.77 9657.05 9651.07 9650.32 9647.13 9643.95 9642.2 9641.42 9635.97 9627.35 9628.73 9631.88 9631.35 9629.54 9619.3 9607.56 9593.86 9579.59 9566.95 9557.76 9558.1 9561.72 9565.07 9566.63 9564.88 9557.02 9554.53 9554.14 9556.61 9557.6 9558.84 9559.05 9558.77 9558.65 9554.56 9550.69 9546.42 9541.78 9537.13 9532.98 9528.28 9523.41 9518.38 9513.54 9508.14 9502.68 9496.55 9492.62 9490.1 9488.61 9490.13 9490.14 9490.47 9490.31 9490.16 9488.95 9484.98 9479.58 9478.34 9479.53 9479.64 9477.82 9474.75
9653.36 9654.55 9651.68 9649.93 9651.97 9657.07 9661.61 9656.21 9652.45 9650.94 9651.31 9656.96 9655.73 9653.27 9645.59 9635.55 9634.74 9628.09 9620.37 9608.6 9597.49 9587.76 9575.54 9567.73 9563.94 9564.35 9566.06 9565.74 9562.75 9558.03 9555.22 9554.73 9555.37 9555.76 9556.5 9556.79 9555.83 9554.35 9551.73 9548.69 9545.05 9541.63 9538.04 9533.95 9529.57 9524.05 9519.06 9514.08 9509.23 9503.76 9499.93 9497.15 9494.57 9493.42 9493.75 9493.08 9492.12 9491.43 9490.73 9490.49 9489.45 9486.34 9483.37 9480.13 9476.24 9470.77 9466.64
9635.33 9633.79 9629.36 9628.61 9639.29 9651.14 9660.06 9656.99 9654.69 9655.16 9659.68 9666.61 9663.12 9664.66 9653.79 9645.49 9637.91 9632.38 9620.13 9607.9 9595.44 9582.7 9575.81 9570.84 9567.51 9566.63 9567.14 9565.61 9555.26 9554.87 9554.97 9554.98 9555.78 9555.51 9556 9556.16 9554.68 9550.86 9546.93 9544.81 9543.39 9541.71 9538.82 9534.96 9530.32 9525.12 9520.21 9515.43 9510.95 9506.09 9503.24 9501.78 9499.43 9498.37 9497.5 9495.56 9493.56 9492.17 9491.23 9490.27 9497.06 9495.3 9488.61 9482.3 9476.7 9472.18 9470.12
9617.65 9623.44 9617.16 9616.18 9628.03 9639.71 9647.92 9650.86 9651.65 9652.97 9655.77 9655.46 9653.79 9651.15 9646.97 9643.06 9637.76 9627.12 9617.92 9606.6 9593.71 9580.63 9577.8 9572.62 9569.22 9567.3 9566.31 9564.79 9554.59 9551.85 9552.46 9553 9553.65 9555.78 9556.76 9557.75 9557.72 9555.15 9549.44 9543 9543.82 9542.68 9539.47 9535.27 9530.64 9526.28 9521.46 9516.87 9512.72 9509.77 9506.34 9505.24 9505.91 9502.66 9500.04 9497.41 9495.47 9493.87 9492.67 9492.1 9499.37 9499.69 9492.45 9484.95 9478.31 9473 9468.7
9619.24 9621.13 9611.63 9610.6 9620.25 9631.07 9638.78 9643.06 9645.34 9645.4 9636.53 9634.36 9644.01 9645.95 9650.95 9648.85 9640.68 9629.67 9618.17 9607.29 9597.43 9591.59 9577.5 9572.57 9568.48 9565.55 9563.71 9562.14 9555.37 9550.4 9549.21 9550.44 9552.58 9555.01 9557.68 9560.35 9562.62 9565.61 9563.85 9553.83 9549.89 9546.3 9541.63 9536.65 9531.6 9527.6 9522.76 9518.19 9513.75 9510.3 9505.35 9504.61 9504.91 9502.19 9500.2 9497.93 9496.59 9495.89 9495.62 9495.88 9499.75 9500.9 9494.25 9486.59 9478.98 9472.51 9468.36
9613.86 9615.88 9607.27 9606.24 9613.29 9625.21 9631.99 9634.85 9640.28 9643.83 9646.8 9650.1 9654.29 9660.4 9665.53 9659.03 9646.46 9633.13 9620.6 9608.46 9597.58 9587.96 9584.28 9572.61 9565.15 9560.56 9559.11 9557.21 9552.54 9546.96 9546.19 9547.93 9551.35 9554.86 9558.83 9562.19 9565.76 9568.41 9568 9564.65 9558.33 9551.14 9543.98 9537.94 9532.31 9526.22 9521.12 9516.44 9512.24 9508.72 9502.61 9500.82 9499.73 9497.52 9497 9496.15 9496.1 9497.08 9498.94 9501.85 9503.05 9500.44 9494.77 9487.36 9479.53 9472.09 9465.89
9602.07 9605.63 9603.68 9601.63 9603.14 9607.36 9615.85 9623.98 9632.95 9644.11 9655.34 9663.75 9664.58 9670.96 9673.16 9662.19 9650.16 9636.47 9622.67 9609.86 9595.02 9582.25 9575.28 9567.86 9559.78 9552.38 9546.91 9544.25 9539.49 9539.82 9542.12 9546.46 9550.75 9555.75 9559.43 9563.4 9567 9569.48 9569.28 9574.82 9562.46 9552.49 9544.67 9537.82 9531.58 9525.81 9519.88 9514.8 9510.3 9505.89 9498.87 9495.79 9493.06 9490.67 9492.15 9493.04 9494.29 9496.64 9500.07 9505.22 9508.32 9502.47 9495.36 9487.65 9480.39 9473.04 9466.03
9600.63 9602.36 9601.7 9596.92 9592.41 9591.56 9599.86 9612.2 9625.39 9639.87 9654.64 9659.17 9651.7 9658.03 9663.46 9659.48 9652.57 9641.9 9628.12 9612.12 9592.71 9574.03 9565.05 9562.34 9554.64 9543.94 9533 9529.16 9526.8 9531.21 9538.99 9546.2 9551.59 9556.7 9561.1 9564.95 9568.35 9571.33 9571.76 9564.53 9557.22 9551.01 9543.53 9536.49 9529.94 9523.25 9517.68 9512.55 9507.57 9503.07 9495.88 9491.66 9487.88 9484.81 9487.73 9489.33 9491.16 9493.58 9497.24 9502.31 9505.66 9501.4 9494.83 9488.56 9482.22 9476 9471.12
9603.62 9604.08 9604.58 9593.09 9583.69 9580.54 9588.32 9601.86 9616.11 9631.97 9648.18 9650.97 9645.06 9648.35 9652.01 9656.57 9653.75 9648.63 9638.9 9616.07 9592.05 9573.43 9563.27 9561.57 9554.69 9542.42 9525.75 9525.31 9524.79 9529.25 9539.67 9547.8 9552.46 9556.99 9560.48 9563.63 9567.5 9570.73 9571.83 9560.79 9553.88 9548.87 9541.88 9534.75 9528.08 9521.94 9515.4 9510.18 9505.64 9500.56 9495.77 9488.78 9485.88 9487.68 9482.25 9485.09 9486.92 9488.91 9491.27 9494.37 9496.97 9495.47 9493.21 9489.1 9484.24 9480.47 9479.14
9607.87 9604.61 9597.44 9588.14 9575.75 9570.33 9579.4 9592.89 9606.56 9620.41 9637.18 9649.86 9633.14 9635.05 9651.76 9654.45 9650.77 9648.15 9643.44 9613.91 9588.65 9571 9565.85 9567.09 9563.28 9554 9537.83 9534.06 9534.25 9538.76 9546.68 9551.69 9555.36 9558.28 9560.21 9561.84 9563.81 9566.21 9568.11 9564.69 9557.84 9547.71 9539.91 9532.95 9526.61 9520.71 9515.41 9510.03 9504.63 9499.41 9493.66 9487.88 9481.79 9472.09 9477.37 9480.86 9482.04 9482.85 9483.58 9484.51 9487.04 9492.62 9492.14 9488.93 9485.42 9483.02 9483.13
9627.46 9611.97 9601.24 9586.71 9571.79 9564.31 9573.96 9587.09 9600.35 9610.24 9613.45 9645.74 9628.69 9627.46 9634.69 9645.17 9641.32 9633.47 9623.68 9600.17 9580.8 9568.16 9573.21 9575.44 9576.55 9576.02 9571.02 9556.52 9552.56 9558.29 9558.83 9559.51 9560.23 9559.97 9559.51 9558.91 9558.49 9558.67 9559.39 9558.33 9551.81 9541.81 9535.09 9529.03 9523.47 9518.16 9513.07 9507.97 9502.5 9496.69 9491.53 9486.32 9481.97 9483.05 9477.75 9478.37 9478.52 9478.41 9477.62 9476.48 9481.07 9491.79 9491.75 9488.31 9485.4 9483.54 9482.64
9618.47 9616.24 9605.28 9590.96 9574.6 9566.94 9573.2 9583.63 9596.25 9610.99 9628.61 9640.55 9631.63 9630.08 9634.4 9637.24 9629.59 9613.88 9590.56 9579.79 9571.47 9568.78 9578.98 9583.97 9588.63 9594.47 9591.65 9579.15 9571.23 9572.85 9570.73 9567.36 9564.75 9561.82 9559.36 9555.92 9552.1 9548.12 9544.37 9539.67 9535.6 9531.93 9528.09 9523.81 9519.48 9515.03 9510.59 9505.91 9500.8 9495.81 9490.98 9486.07 9481.75 9475.59 9475.41 9476.75 9476.12 9475.09 9474.33 9474.25 9482.64 9494 9489.86 9485.68 9483.54 9482.48 9482.51
9617.37 9624.23 9616.31 9599.07 9582.75 9574.04 9575.08 9580.91 9590.7 9606.01 9624.85 9621.34 9621.46 9629.65 9639.25 9637.88 9623.38 9602.21 9579.81 9567.27 9564.41 9567.8 9580.9 9587.54 9594.2 9601.92 9601.04 9596.09 9594.21 9587.99 9580.74 9573.98 9567.92 9563.04 9557.22 9551.17 9544.58 9537.03 9527.3 9521.11 9522.95 9521.94 9520.42 9518.1 9514.94 9511.29 9507.31 9503.6 9499.69 9495.26 9490.63 9486.47 9483.3 9480.61 9478.64 9476.44 9474.44 9472.68 9472.09 9474.43 9482.75 9485.07 9480.57 9480.37 9480.7 9481.21 9482.51
9615.95 9625.26 9618.76 9604.3 9592.16 9581.56 9575.98 9576.12 9580.31 9586.64 9593.27 9599.71 9611.85 9626.16 9637.5 9636.37 9621.87 9598.77 9571.28 9561.07 9562.93 9564.83 9574.59 9584.32 9594.02 9601.31 9602.22 9605.8 9606.65 9598.54 9589.04 9580.4 9572.18 9564.27 9556.11 9547.98 9539.29 9529.72 9519.2 9512.68 9512.43 9514.09 9514.8 9514.39 9512.38 9509.5 9506.4 9502.6 9499.44 9495.7 9490.89 9486.7 9483.65 9481.99 9478.79 9475.89 9473.57 9471.4 9469.76 9469.63 9472.41 9470.27 9469.54 9473.87 9476.68 9478.91 9480.64
9605.25 9619.31 9613.33 9600.96 9592.45 9580.77 9572.23 9569.21 9569.11 9570.3 9577.03 9591.9 9612.19 9639.86 9646.64 9643.8 9624.46 9603.09 9585.09 9574.8 9568.98 9569.98 9571.48 9581.78 9592.58 9602.27 9611.11 9611.68 9610.31 9605.69 9596.15 9585.4 9575.3 9565.36 9556.08 9546.31 9536.71 9526.29 9516.4 9508.94 9507.98 9510.78 9512.71 9513.38 9512.29 9510.05 9506.96 9503.3 9499.51 9495.61 9491.41 9487.27 9482.97 9477.83 9474.37 9475.28 9473.46 9470.98 9467.85 9464.4 9464.8 9465.48 9466.88 9469.83 9473.25 9476.99 9480.59
9596.07 9607.22 9598.52 9587.42 9577.13 9569.51 9563.52 9560.39 9559.89 9561.52 9570.93 9588.36 9609.52 9627.8 9639.23 9640.36 9621.73 9605.27 9593.61 9582.28 9570.72 9569.1 9577.84 9585.93 9590.5 9598.23 9610.24 9612.14 9612.41 9608.31 9598.45 9586.62 9576.21 9566.4 9556.06 9546.46 9536.73 9527.06 9518.34 9513.08 9511.37 9511.71 9512.41 9512.69 9511.37 9509.02 9505.92 9502.36 9499.15 9494.94 9491.72 9487.63 9483.76 9480.45 9478.99 9476.83 9474.3 9471.75 9468.68 9464.74 9463.49 9462.75 9464.38 9467.55 9471.02 9474.94 9479.65
9587.53 9586.84 9579.52 9569.68 9560.4 9554.92 9551.98 9551.05 9552.15 9556.59 9568.76 9586.08 9602.97 9608.3 9615.5 9614.53 9607.85 9598.71 9592.29 9588.69 9575.21 9573.53 9584.71 9589 9584.31 9586.18 9600.86 9606.37 9610.13 9607.61 9594.64 9585.16 9576.64 9567.74 9558.78 9549.05 9539.6 9529.65 9521.41 9515.95 9514.7 9514.64 9514.2 9513.63 9511.57 9508.71 9504.71 9501.84 9497.75 9493.95 9491.17 9487.37 9484.25 9481.58 9480.05 9476.53 9474.9 9472.67 9470.99 9469.43 9465.84 9464.68 9464.65 9467.05 9469.45 9472.67 9476.07
9577.38 9570.1 9561.81 9551.32 9543.98 9540.56 9540.05 9541.15 9544.83 9552.62 9567.11 9582.58 9587.04 9590.49 9593.97 9592.72 9591.12 9585.93 9579.3 9569.41 9576.54 9573.76 9574.35 9575.11 9571.69 9575.98 9589.39 9596.53 9601.13 9599.31 9588.45 9582.8 9576.54 9569.6 9561.63 9553.7 9544.85 9535.43 9525.88 9516.87 9515.9 9518.06 9517.8 9516.44 9513.6 9510.25 9505.88 9502.31 9498.02 9493.78 9490.22 9486.23 9482.53 9479.46 9477.43 9474.8 9474.07 9472.88 9472.45 9471.56 9467.76 9464.48 9466.12 9467.09 9468.24 9469.5 9470.56
9575.45 9560.19 9548.3 9535.13 9526.79 9527.4 9529.11 9531.66 9536.16 9544.59 9559.86 9574.94 9570.87 9573.05 9577 9578.72 9577.39 9572.33 9565.38 9562.64 9558.24 9556.97 9553.28 9549.69 9555.76 9566.51 9578.28 9584.81 9589.24 9589.99 9586.03 9581.79 9577.61 9572.34 9566.06 9558.56 9550.83 9542.7 9534.2 9526.03 9526.56 9528.1 9523.84 9520.1 9515.39 9511.12 9506.95 9503.64 9498.91 9494.12 9488.82 9483.76 9479.69 9476.02 9473.95 9472.34 9472.97 9472.99 9472.48 9471.63 9470.19 9466.9 9467.01 9466.92 9466.58 9466.59 9466.32
9580.13 9558.63 9542.06 9526.54 9518.47 9518.78 9520.72 9522.98 9525.84 9532 9541.65 9550.86 9555.45 9558.74 9564.69 9568.82 9567.58 9560.72 9550.67 9539.03 9538.06 9539.44 9536.95 9535.04 9541.95 9556.74 9566.12 9572.61 9575.98 9576.22 9580.42 9581.37 9579.6 9575.66 9570.35 9564.34 9558.16 9551.68 9545.77 9541.41 9539.94 9536.77 9528.86 9522.85 9517.8 9513.14 9508.04 9503.64 9497.78 9493.26 9488.21 9482.76 9477.91 9472.77 9468.76 9468.19 9471.75 9473.84 9473.7 9473.25 9474.69 9476.84 9472.59 9467.02 9464.97 9463.82 9462.25
