real_craters/C193-750m.grd
DSAA
242 242
-90.23 90.23
-90.23 90.23
4039.0028504969 6584.0020971665
[rows 114 to 151 of 242, columns 84 to 167 of 242]
6358 6279 5993 6014 5823 5692 5756 5566 5437 5362 5221 5098 4937 4786 4735 4674 4645 4635 4634 4634 4629 4564 4533 4521 4502 4481 4451 4445 4470 4500 4527 4527 4527 4530 4509 4521 4537 4581 4632 4674 4724 4765 4757 4635 4541 4475 4431 4398 4378 4369 4375 4391 4414 4438 4452 4508 4604 4713 4819 4934 5041 5251 5333 5387 5522 5706 5930 6212 6184 6174 6180 6126 6074 6041 6025 6041 6061 6084 6102 6112 6097 6082 6077 6084
6336 6302 6022 6030 5830 5678 5714 5501 5345 5272 5178 5068 4919 4785 4726 4670 4643 4633 4632 4635 4644 4587 4560 4548 4533 4513 4481 4473 4501 4540 4576 4552 4539 4531 4496 4503 4526 4576 4658 4690 4738 4790 4744 4673 4592 4511 4450 4407 4378 4367 4376 4390 4410 4430 4441 4492 4588 4695 4796 4896 5008 5256 5353 5397 5500 5683 5924 6175 6151 6147 6195 6122 6053 6040 6040 6054 6080 6109 6139 6147 6136 6105 6058 6050
6196 6254 6038 5971 5799 5671 5533 5393 5299 5268 5308 5051 4867 4774 4734 4677 4640 4630 4633 4629 4620 4596 4583 4574 4565 4542 4516 4507 4526 4550 4559 4553 4539 4522 4484 4473 4474 4503 4585 4634 4705 4759 4720 4668 4604 4526 4461 4409 4376 4359 4373 4387 4404 4427 4446 4491 4580 4677 4783 4880 4966 5245 5332 5398 5489 5680 5972 6173 6198 6189 6156 6122 6067 6053 6062 6083 6102 6129 6164 6192 6187 6139 6070 6041
6081 6181 5913 5841 5728 5589 5471 5376 5290 5230 5239 5014 4839 4745 4727 4681 4647 4637 4645 4625 4605 4596 4599 4590 4583 4569 4547 4534 4548 4560 4561 4551 4526 4503 4455 4424 4399 4375 4410 4545 4658 4716 4687 4637 4577 4513 4450 4400 4363 4347 4365 4380 4394 4418 4448 4487 4568 4663 4766 4866 4946 5163 5309 5401 5505 5691 6001 6178 6288 6326 6224 6147 6078 6066 6095 6110 6111 6124 6151 6183 6211 6169 6126 6073
6034 6052 5983 5772 5700 5638 5510 5389 5242 5175 5140 4951 4808 4729 4688 4670 4650 4644 4635 4622 4597 4596 4598 4594 4589 4584 4576 4579 4567 4565 4573 4540 4507 4481 4427 4385 4341 4300 4347 4503 4638 4716 4674 4600 4541 4485 4431 4382 4347 4332 4356 4373 4393 4418 4451 4491 4565 4647 4733 4802 4914 5143 5248 5433 5567 5675 5867 6129 6330 6424 6364 6284 6106 6073 6098 6118 6112 6107 6112 6156 6199 6167 6105 6075
6016 6021 6160 5804 5712 5669 5524 5355 5192 5126 5038 4897 4811 4733 4672 4657 4648 4644 4641 4625 4611 4598 4589 4591 4593 4590 4589 4583 4572 4554 4528 4503 4484 4462 4407 4371 4329 4287 4350 4515 4655 4749 4675 4553 4509 4457 4407 4363 4332 4322 4346 4365 4389 4419 4458 4492 4561 4633 4701 4752 4856 5043 5237 5554 5696 5754 5853 6087 6330 6532 6490 6355 6151 6088 6110 6135 6111 6094 6080 6151 6197 6147 6089 6073
6091 6108 6184 5879 5732 5657 5484 5257 5198 5192 4997 4857 4782 4712 4661 4647 4635 4631 4628 4613 4600 4593 4586 4586 4589 4598 4598 4594 4577 4545 4503 4475 4463 4432 4406 4380 4358 4353 4429 4577 4701 4747 4659 4569 4491 4430 4379 4338 4314 4308 4336 4355 4379 4423 4465 4517 4566 4622 4681 4724 4828 5027 5282 5623 5774 5818 5868 5994 6270 6521 6541 6461 6209 6121 6121 6122 6112 6104 6111 6163 6167 6110 6055 6027
6147 6295 6275 5948 5755 5619 5430 5254 5248 5219 5009 4825 4742 4692 4652 4639 4629 4621 4617 4608 4595 4586 4579 4580 4582 4593 4603 4605 4587 4548 4509 4479 4457 4450 4419 4404 4403 4439 4529 4669 4787 4787 4646 4529 4470 4408 4354 4314 4288 4290 4325 4349 4380 4431 4479 4522 4565 4612 4661 4707 4829 5069 5387 5652 5743 5784 5899 5903 6182 6449 6509 6434 6283 6178 6138 6130 6117 6122 6143 6187 6127 6071 6029 6013
6150 6398 6383 6033 5781 5635 5462 5267 5192 5120 4989 4815 4721 4678 4654 4635 4626 4612 4607 4603 4600 4586 4579 4578 4582 4595 4609 4620 4600 4550 4503 4469 4451 4428 4431 4431 4449 4487 4610 4773 4903 4882 4688 4538 4460 4395 4336 4290 4262 4285 4316 4349 4389 4438 4479 4517 4558 4604 4654 4712 4836 5095 5447 5684 5705 5727 5790 5842 6107 6397 6516 6404 6296 6196 6140 6116 6112 6127 6168 6173 6101 6053 6028 6012
6122 6313 6309 6014 5750 5634 5546 5316 5134 4993 4903 4791 4714 4672 4651 4634 4624 4611 4599 4593 4589 4587 4582 4578 4583 4597 4610 4622 4605 4541 4477 4434 4439 4464 4456 4478 4511 4560 4697 4849 4990 4973 4749 4585 4475 4387 4323 4275 4252 4278 4312 4348 4388 4437 4477 4509 4548 4607 4667 4734 4905 5138 5419 5633 5684 5704 5754 5823 6082 6345 6509 6430 6291 6173 6124 6114 6111 6105 6110 6150 6075 6062 6056 6038
6114 6267 6278 6000 5709 5622 5579 5404 5215 4946 4852 4784 4715 4672 4651 4632 4624 4603 4589 4582 4579 4584 4585 4586 4589 4594 4598 4596 4567 4525 4462 4399 4428 4449 4486 4533 4584 4655 4757 4881 4971 4881 4715 4573 4457 4374 4313 4267 4248 4278 4311 4348 4385 4422 4465 4494 4534 4619 4718 4791 4958 5142 5351 5538 5676 5677 5738 5873 6134 6402 6527 6463 6272 6116 6090 6112 6102 6093 6104 6130 6116 6103 6103 6071
6152 6318 6314 6018 5695 5610 5512 5405 5269 4955 4837 4764 4704 4672 4643 4616 4604 4590 4576 4565 4567 4572 4581 4590 4589 4586 4586 4585 4581 4529 4462 4412 4441 4476 4525 4582 4645 4702 4787 4868 4917 4797 4615 4518 4438 4367 4308 4266 4249 4281 4312 4346 4381 4416 4452 4475 4515 4623 4781 4903 4927 5096 5271 5404 5576 5621 5717 5921 6217 6482 6584 6461 6251 6082 6044 6043 6050 6068 6085 6084 6102 6118 6145 6107
6190 6348 6340 6072 5699 5589 5490 5378 5191 4989 4890 4760 4692 4665 4629 4612 4587 4571 4563 4556 4562 4559 4570 4581 4577 4570 4565 4572 4566 4539 4494 4463 4484 4513 4554 4608 4683 4734 4759 4811 4822 4730 4593 4494 4422 4359 4305 4265 4252 4286 4316 4348 4381 4413 4447 4478 4516 4605 4767 4930 4969 5090 5239 5371 5494 5592 5730 6000 6304 6523 6531 6405 6213 6053 6015 6019 6024 6031 6051 6067 6068 6098 6169 6140
6161 6327 6355 6147 5765 5580 5491 5412 5266 5033 4970 4825 4740 4693 4645 4569 4574 4555 4552 4552 4555 4553 4553 4558 4554 4549 4549 4554 4560 4548 4526 4522 4530 4542 4569 4603 4633 4671 4708 4728 4712 4627 4534 4466 4401 4349 4304 4269 4260 4294 4321 4352 4381 4413 4448 4489 4531 4599 4776 4944 4991 5130 5261 5376 5489 5604 5763 6039 6328 6499 6483 6319 6169 6043 6023 6036 6040 6025 6051 6090 6069 6090 6159 6107
6170 6282 6291 6132 5815 5570 5482 5418 5293 5112 5022 4930 4808 4733 4657 4559 4528 4533 4539 4546 4533 4526 4528 4531 4529 4526 4528 4530 4542 4544 4546 4553 4561 4560 4565 4576 4599 4618 4642 4653 4607 4547 4489 4429 4381 4338 4303 4278 4274 4303 4326 4350 4380 4412 4443 4460 4528 4692 4826 4985 5115 5224 5321 5404 5493 5581 5738 6135 6500 6551 6376 6211 6128 6072 6064 6087 6090 6031 6054 6089 6121 6166 6126 6084
6100 6208 6250 6196 5904 5593 5481 5397 5292 5174 5085 4962 4823 4754 4665 4569 4540 4512 4510 4514 4507 4504 4501 4497 4502 4501 4495 4504 4515 4529 4545 4564 4572 4554 4543 4537 4529 4553 4584 4606 4590 4477 4412 4388 4359 4333 4309 4291 4292 4313 4332 4360 4381 4411 4447 4490 4564 4765 4813 5051 5256 5322 5389 5451 5508 5573 5831 6227 6527 6465 6256 6125 6106 6094 6106 6132 6170 6127 6087 6085 6106 6096 6110 6108
6009 6123 6204 6214 5976 5672 5529 5418 5318 5186 5080 5001 4889 4795 4717 4590 4533 4509 4493 4478 4477 4484 4484 4484 4486 4486 4487 4493 4505 4517 4528 4539 4539 4526 4516 4504 4501 4504 4526 4537 4496 4403 4353 4350 4341 4329 4318 4312 4315 4321 4333 4354 4377 4407 4456 4530 4620 4730 4810 5106 5303 5377 5445 5512 5568 5639 5962 6273 6402 6274 6154 6119 6115 6144 6163 6159 6143 6188 6132 6096 6088 6093 6073 6066
5979 6073 6146 6151 6073 5814 5629 5477 5402 5244 5050 5008 4972 4829 4721 4697 4526 4501 4491 4472 4458 4468 4474 4476 4475 4476 4480 4484 4488 4494 4503 4504 4494 4495 4487 4473 4461 4461 4466 4447 4391 4369 4346 4339 4333 4328 4326 4331 4325 4325 4329 4344 4368 4398 4449 4554 4649 4735 4914 5114 5286 5394 5481 5554 5599 5742 6088 6337 6356 6203 6096 6088 6124 6160 6180 6178 6202 6225 6146 6096 6077 6061 6057 6030
5994 6052 6101 6173 6152 6001 5754 5525 5447 5362 5133 4990 4897 4811 4703 4643 4577 4509 4497 4472 4452 4451 4457 4462 4464 4466 4469 4473 4474 4474 4482 4483 4483 4474 4465 4450 4433 4431 4425 4405 4371 4354 4343 4339 4336 4332 4330 4328 4329 4328 4330 4345 4369 4404 4450 4598 4729 4875 5020 5122 5264 5391 5492 5581 5660 5832 6197 6410 6352 6108 6047 6092 6149 6170 6173 6165 6164 6154 6101 6085 6072 6065 6057 6029
6024 6048 6047 6010 6066 6105 5877 5588 5473 5419 5219 5008 4902 4814 4736 4643 4595 4534 4506 4481 4453 4443 4444 4447 4451 4455 4459 4463 4465 4469 4471 4469 4456 4457 4452 4443 4429 4416 4402 4386 4367 4342 4340 4341 4337 4335 4333 4334 4335 4335 4339 4356 4384 4432 4535 4694 4856 4962 5076 5170 5275 5389 5488 5595 5721 5925 6199 6310 6168 6010 6082 6214 6203 6183 6149 6128 6095 6089 6089 6075 6066 6059 6045 6020
6082 6070 6033 5961 5910 6125 5995 5738 5533 5400 5238 5063 4968 4859 4730 4649 4604 4554 4526 4493 4460 4444 4432 4434 4440 4445 4447 4448 4459 4468 4468 4464 4463 4453 4442 4434 4420 4405 4389 4374 4367 4354 4344 4341 4338 4337 4337 4341 4343 4347 4357 4377 4406 4449 4519 4758 5008 5066 5205 5224 5315 5408 5498 5594 5744 6039 6168 6142 6077 6007 6111 6232 6223 6192 6164 6089 6021 6019 6049 6054 6057 6044 6019 6008
6093 6084 6046 5975 5838 6135 6072 5882 5599 5425 5347 5153 5048 4934 4755 4677 4608 4571 4542 4513 4479 4450 4430 4428 4433 4438 4442 4449 4456 4465 4464 4458 4451 4441 4430 4415 4405 4392 4379 4371 4365 4360 4352 4345 4341 4339 4341 4347 4351 4358 4380 4404 4436 4483 4559 4744 4936 5084 5264 5318 5378 5458 5541 5625 5764 6143 6196 6068 6081 6054 6128 6194 6204 6162 6108 6018 5945 5961 5992 6017 6047 6068 6038 6025
6087 6076 6029 5955 5815 5967 6072 5979 5655 5529 5407 5219 5155 4998 4824 4712 4625 4592 4569 4526 4486 4459 4429 4429 4431 4433 4436 4439 4447 4455 4453 4447 4439 4430 4419 4413 4395 4381 4370 4362 4362 4362 4356 4349 4345 4342 4341 4349 4355 4368 4395 4426 4464 4521 4610 4741 4891 5133 5269 5352 5436 5516 5610 5719 5891 6253 6254 6072 6053 6078 6130 6196 6168 6098 6003 5932 5870 5862 5906 5963 6020 6078 6090 6058
6095 6063 5997 5922 5887 5937 6060 6037 5742 5598 5472 5312 5239 5080 4864 4763 4679 4658 4606 4541 4495 4470 4447 4436 4435 4433 4432 4430 4432 4436 4438 4435 4429 4420 4405 4391 4382 4372 4363 4357 4357 4356 4357 4354 4351 4348 4347 4355 4359 4375 4408 4452 4508 4575 4657 4772 4903 5133 5269 5395 5499 5611 5730 5860 6074 6305 6251 6027 5996 6039 6086 6124 6105 6032 5952 5889 5847 5819 5850 5912 5970 6024 6066 6069
6111 6071 5998 5950 6027 6036 6044 5998 5816 5627 5539 5478 5362 5145 5012 4943 4837 4733 4685 4584 4530 4498 4468 4449 4445 4439 4431 4424 4420 4423 4423 4422 4416 4405 4385 4368 4368 4366 4362 4358 4357 4360 4363 4364 4363 4360 4364 4369 4369 4381 4415 4482 4555 4632 4705 4808 5045 5228 5290 5425 5577 5723 5863 5997 6183 6385 6131 5964 5933 5961 6009 6062 6030 5949 5886 5827 5788 5799 5837 5881 5918 5954 6016 6052
6140 6099 6046 6010 6104 6116 6079 6041 5997 5752 5621 5628 5546 5397 5235 5134 4953 4838 4852 4774 4629 4539 4485 4466 4459 4453 4439 4423 4413 4416 4417 4415 4405 4385 4371 4360 4363 4366 4366 4365 4367 4369 4371 4376 4377 4375 4378 4388 4386 4392 4432 4523 4619 4714 4806 4908 5079 5239 5363 5511 5679 5830 5981 6141 6261 6215 5979 5895 5885 5896 5923 5918 5884 5848 5777 5687 5664 5761 5826 5850 5881 5917 5968 6018
6155 6124 6095 6048 6016 6090 6128 6115 6123 5971 5742 5708 5717 5642 5328 5156 5069 5007 4926 4822 4729 4611 4527 4500 4492 4481 4460 4436 4417 4422 4424 4419 4407 4390 4376 4369 4374 4376 4374 4378 4384 4385 4390 4392 4394 4390 4403 4423 4434 4426 4481 4600 4716 4826 4941 5080 5175 5302 5480 5666 5820 5947 6061 6173 6202 6080 5906 5860 5898 5888 5879 5854 5825 5788 5715 5633 5605 5618 5746 5805 5852 5877 5911 5969
6110 6115 6141 6096 6021 6084 6155 6150 6192 6154 5894 5776 5796 5812 5526 5370 5228 5165 5092 5011 4874 4731 4630 4571 4544 4520 4495 4466 4442 4439 4443 4433 4423 4412 4400 4395 4397 4399 4395 4396 4405 4408 4415 4413 4414 4416 4440 4482 4517 4533 4603 4720 4841 4959 5073 5187 5293 5563 5798 5905 5976 6048 6111 6147 6131 6056 5858 5836 5866 5870 5857 5849 5835 5780 5722 5683 5627 5608 5662 5755 5829 5844 5860 5913
6039 6043 6058 6072 6017 6056 6189 6150 6193 6218 6046 5858 5789 5800 5756 5613 5446 5373 5309 5208 5051 4886 4749 4658 4617 4582 4545 4506 4469 4461 4459 4453 4446 4437 4432 4430 4431 4432 4428 4421 4430 4440 4445 4445 4449 4458 4497 4558 4630 4688 4771 4865 4973 5085 5202 5320 5487 5822 6091 6108 6108 6122 6139 6143 6061 5947 5840 5816 5843 5836 5822 5822 5817 5775 5725 5677 5655 5642 5653 5728 5800 5811 5814 5852
5989 5966 5927 6004 5998 6011 6073 6086 6151 6282 6145 5974 5817 5809 5847 5723 5562 5461 5388 5316 5232 5114 4925 4788 4717 4662 4616 4568 4524 4504 4495 4485 4476 4465 4461 4465 4472 4474 4469 4454 4455 4482 4494 4504 4505 4518 4575 4653 4750 4850 4929 5010 5115 5220 5326 5470 5652 5920 6157 6177 6151 6133 6113 6059 5986 5875 5793 5779 5820 5788 5763 5790 5792 5777 5738 5683 5678 5683 5679 5717 5757 5817 5816 5833
5972 5953 5938 5947 5953 5936 5934 6008 6140 6214 6210 6117 5952 5833 5844 5803 5669 5558 5531 5446 5386 5289 5100 4942 4837 4768 4708 4651 4602 4564 4548 4533 4522 4504 4491 4511 4526 4525 4520 4502 4500 4545 4574 4590 4586 4581 4663 4762 4863 4946 5056 5160 5264 5372 5473 5592 5808 6007 6163 6185 6152 6108 6074 6050 5919 5796 5724 5731 5775 5766 5761 5807 5828 5824 5783 5718 5692 5695 5694 5705 5730 5742 5781 5802
5958 5962 5975 5972 5947 5915 5913 5958 5995 6008 6073 6138 6129 5943 5852 5843 5819 5783 5743 5570 5513 5421 5218 5041 4955 4887 4823 4751 4682 4629 4608 4600 4616 4605 4574 4604 4607 4595 4594 4612 4634 4650 4686 4712 4729 4712 4811 4906 4994 5047 5186 5313 5431 5526 5645 5780 6050 6165 6200 6178 6112 6035 5957 5899 5837 5771 5720 5716 5731 5779 5830 5858 5898 5884 5855 5827 5746 5693 5691 5687 5687 5664 5737 5825
5915 5933 5980 6004 5967 5950 5954 6010 6041 6006 5969 6059 6209 6134 5945 5895 5864 5882 5861 5668 5577 5491 5328 5169 5095 5028 4958 4879 4794 4738 4713 4708 4773 4809 4782 4766 4727 4688 4682 4689 4719 4761 4811 4869 4941 5032 5037 5083 5151 5245 5333 5454 5574 5710 5856 5990 6187 6181 6188 6156 6062 5958 5839 5757 5764 5752 5715 5706 5753 5811 5859 5887 5894 5902 5916 5920 5842 5764 5712 5688 5680 5674 5695 5694
5867 5864 5881 5929 5962 5977 6008 6048 6062 6045 6000 5997 6099 6225 6206 6042 5921 5870 5820 5705 5634 5559 5460 5354 5271 5197 5119 5046 4988 4945 4907 4915 4970 5052 5070 4942 4856 4792 4776 4789 4826 4879 4937 5007 5095 5188 5221 5260 5281 5360 5487 5615 5751 5890 6060 6244 6267 6213 6121 6089 6007 5905 5806 5746 5735 5739 5724 5687 5752 5827 5878 5896 5904 5920 5941 5962 5979 5863 5770 5741 5712 5719 5685 5641
5863 5855 5860 5898 5957 6009 6049 6049 6044 6039 6010 6002 5997 6073 6233 6169 6084 5959 5901 5785 5729 5675 5615 5546 5466 5380 5302 5223 5143 5077 5099 5142 5118 5135 5118 5046 4965 4905 4878 4885 4944 5009 5071 5120 5180 5264 5361 5448 5487 5558 5665 5774 5887 5999 6149 6264 6117 6064 6028 6040 5959 5869 5788 5739 5722 5717 5695 5672 5745 5824 5869 5893 5912 5936 5983 5969 5951 5775 5739 5724 5779 5780 5679 5641
5883 5886 5886 5916 5978 6042 6113 6178 6083 6004 5972 5947 5856 5941 6098 6078 6001 6017 6072 5925 5834 5814 5772 5732 5645 5559 5481 5404 5320 5255 5232 5202 5181 5161 5144 5097 5051 5015 5007 5046 5105 5164 5207 5248 5290 5380 5522 5666 5787 5838 5864 5911 5970 6028 6102 6085 6019 6014 6007 5984 5894 5830 5774 5735 5708 5690 5676 5675 5748 5812 5841 5883 5935 5975 5972 5808 5566 5469 5393 5341 5424 5540 5598 5645
5906 5898 5919 5936 5984 6095 6107 6199 6136 6009 5942 5854 5792 5817 5952 5907 5885 5893 6004 6122 6045 5988 5925 5868 5799 5728 5658 5591 5513 5395 5375 5292 5247 5213 5173 5175 5173 5127 5159 5188 5301 5342 5375 5404 5445 5545 5695 5864 6026 6053 6014 6003 6009 6013 6032 6018 5913 5883 5839 5796 5806 5792 5761 5735 5705 5682 5707 5747 5776 5802 5829 5872 5937 5978 5833 5550 5265 5182 5120 5057 5113 5293 5492 5642
5932 5923 5903 5904 5915 5957 6155 6211 6164 6138 6052 5943 5790 5772 5808 5895 5877 5872 5870 6125 6311 6138 6050 6013 5974 5895 5826 5780 5751 5732 5624 5454 5405 5378 5379 5409 5414 5376 5450 5504 5556 5554 5559 5572 5624 5713 5846 5995 6116 6132 6089 6045 5994 5964 5927 5873 5838 5830 5780 5752 5755 5769 5779 5742 5715 5693 5732 5790 5780 5777 5783 5816 5881 5833 5565 5291 5085 5044 5017 5001 4994 5176 5427 5654
