real_craters/C193-300m.grd
DSAA
603 603
-90.23 90.23
-90.23 90.23
4031.7482037952 6593.1450162476
[rows 0 to 29 of 603, columns 536 to 602 of 603]
5561.58 5562.3 5563.24 5563.42 5562.79 5562.25 5561.27 5560.6 5562.56 5563.74 5566.29 5568.29 5571.43 5575.47 5580.96 5587.33 5593.94 5598.1 5596.82 5593.84 5589.84 5582.97 5569.4 5562 5573.37 5567.78 5556.95 5549.68 5547.99 5548.55 5548.4 5548.28 5547.7 5547.03 5547.43 5546.72 5546.64 5546.8 5547.37 5548.47 5549.13 5549.23 5546.37 5547.73 5550.07 5552.98 5556.22 5560.62 5566.66 5575.7 5586.38 5590.7 5600.44 5602.31 5590.36 5584.13 5580.52 5578.23 5576.35 5574.95 5573.72 5572.39 5569.82 5564.54 5559.93 5555.3 5550.29
5558.33 5558.63 5557.41 5556.12 5556.54 5557.73 5557.35 5558.01 5559.33 5561.01 5563.58 5565.77 5568.93 5573.29 5578.36 5584.86 5592.81 5598.54 5596.69 5594.94 5593.86 5592.63 5590.14 5584.01 5585.88 5569.66 5557.51 5550.78 5548.47 5548.53 5548.34 5548.07 5547.34 5546.86 5545.8 5545.32 5544.97 5544.7 5544.53 5544.19 5542.41 5539.09 5535.96 5540.32 5544.95 5549.36 5553.91 5559.32 5566.2 5575.97 5586.26 5586.29 5588.86 5590.16 5586.1 5581.37 5577.57 5574.53 5571.55 5568.7 5565.53 5561.36 5557.42 5554.36 5551.49 5547.83 5543.63
5555.57 5555.38 5554.27 5554.41 5556.74 5555.55 5554.57 5551.72 5557.26 5559.81 5561.04 5562.42 5564.49 5567.92 5572.49 5577.92 5584.73 5589.72 5591.72 5593.33 5595.31 5600.19 5608.41 5595.37 5573.82 5566.22 5556.02 5551.12 5549.98 5548.57 5547.65 5546.61 5546.28 5545.5 5544.31 5543.04 5542.47 5541.92 5540.94 5540.11 5538.22 5535.12 5533.17 5536.41 5541.24 5546.32 5551.43 5556.57 5561.65 5565.67 5566.83 5570.9 5572.98 5576.1 5577.17 5575.57 5572.94 5569.84 5566.46 5562.6 5557.64 5550.71 5544.68 5545.37 5544.36 5541.57 5538.23
5553.33 5553.45 5553.25 5552.23 5551.21 5554.02 5556.91 5558.33 5560.54 5559.27 5557.41 5558.04 5559.35 5562.67 5565.46 5569.05 5573.2 5578.02 5583.01 5587.53 5592.01 5596.86 5600.41 5588.53 5567.2 5568.35 5562 5557.22 5553.07 5549.23 5546.76 5544.61 5543.97 5543.22 5542.31 5541.54 5540.87 5540.19 5539.02 5537.83 5535.58 5533.1 5532.2 5534.36 5538.77 5543.8 5548.72 5553.23 5556.81 5558.33 5557.28 5560.94 5562.46 5566.92 5569.33 5569.29 5567.51 5564.93 5561.25 5557.11 5552.26 5546.83 5543.75 5541.3 5538.98 5536.81 5534.37
5551.57 5552.72 5551.89 5550.05 5547.39 5552.93 5560.54 5572 5565.76 5555.48 5552.08 5552.56 5554.5 5556.44 5558.22 5559.47 5560.34 5565.78 5573.08 5578.75 5583.56 5586.34 5588.43 5588.36 5583.73 5576.78 5578.74 5566.68 5556.32 5550.03 5545.84 5542.96 5541.6 5540.16 5539.41 5538.55 5538.06 5537.71 5537.52 5536.67 5534.96 5532.89 5530.49 5532.81 5537.57 5542.17 5546.69 5550.77 5554.09 5556.32 5558.05 5560.17 5562.36 5563.2 5564.44 5564.25 5562.72 5559.97 5556.42 5552.45 5547.98 5543.93 5541.69 5537.03 5535.18 5533.77 5532.15
5550.38 5551.85 5553.62 5552.21 5551.68 5550.83 5552.47 5566.06 5552.28 5541.42 5542.71 5545.41 5548.63 5550.51 5552.14 5552.84 5552.71 5557.99 5565.35 5570.9 5574.29 5574.16 5572.76 5576.72 5575.78 5571.49 5572.93 5563.08 5554.74 5549.07 5545.27 5542.43 5540.24 5538.61 5537.71 5536.82 5536.26 5536.06 5536.09 5536.35 5535.13 5533.95 5533.01 5534.5 5537.45 5541.32 5545.31 5549.14 5552.68 5556.26 5559.76 5560.9 5560.49 5560.88 5561.09 5560.24 5558.53 5556.05 5552.41 5548.56 5543.98 5538.68 5532.28 5531.54 5531.89 5531.53 5530.51
5547.83 5549.14 5550.03 5552.62 5553.75 5546.13 5531.48 5501.25 5495.88 5521 5533.61 5539.76 5543.31 5545.53 5547.28 5548.93 5552.53 5555.44 5560.17 5564.79 5567.81 5566.58 5561.61 5559.13 5558.22 5555.05 5549.34 5550.95 5548.72 5545.58 5542.5 5540.05 5538.18 5536.4 5534.9 5533.53 5532.96 5532.99 5534 5536.28 5540.55 5537.93 5535.26 5535.07 5537.9 5541.28 5544.58 5548.12 5551.99 5555.6 5559 5559.98 5558.91 5559.2 5558.52 5557.13 5555.19 5552.76 5549.09 5545.39 5541.14 5536.31 5531.3 5529.92 5530.48 5530.28 5529.44
5545.03 5547.13 5549.73 5551.01 5551.08 5543.97 5527.76 5500.81 5497.57 5522.18 5533.04 5538.13 5540.39 5542.33 5543.71 5544.98 5547.34 5551.63 5556.14 5560.63 5564.43 5568.05 5565.85 5554.45 5549.96 5545.55 5541.24 5543.29 5544.02 5542.99 5541.05 5538.6 5535.24 5533.18 5532.33 5530.4 5529.53 5529.3 5530.07 5532.31 5535.79 5536.06 5534.38 5535.34 5539 5541.64 5544.46 5547.68 5550.67 5554.28 5557.71 5559.55 5559.91 5558.65 5556.99 5554.98 5552.51 5549.85 5546.73 5544.19 5540.47 5536.61 5532.52 5531.08 5530.9 5529.98 5528.88
5541.27 5541.99 5545.85 5547.9 5550.3 5548 5542.82 5547.92 5562.63 5543.8 5539.93 5539.72 5539.96 5540.57 5541.4 5542.4 5543.93 5548.14 5552.65 5557.14 5561.62 5564.92 5563.66 5556.37 5550.59 5544.72 5541.08 5541.41 5541.69 5541.12 5539.55 5536.72 5533.83 5531.07 5528.97 5527.68 5526.3 5525.72 5525.06 5525.02 5524.98 5530.43 5536.15 5541.13 5540.53 5541.2 5543.38 5546.45 5549.62 5553.13 5556.5 5559.69 5560.95 5558.79 5556.64 5554.11 5551.41 5548.46 5545.39 5542.68 5539.78 5537.7 5536.2 5535.04 5532.26 5529.85 5528.01
5536.16 5533.2 5534.47 5541.34 5547.54 5550.01 5550.77 5557.75 5559.27 5550.98 5544.2 5541.22 5539.65 5539.59 5539.75 5540.88 5542.9 5545.98 5549.88 5554.19 5559.31 5563.79 5565.31 5562.71 5556.16 5548.2 5543.58 5542.27 5541.07 5538.67 5537.13 5534.54 5532.37 5529.55 5526.56 5524.74 5522.58 5520.84 5519.69 5519.22 5520.25 5525.06 5532.33 5538.36 5537.45 5538.41 5540.96 5544.44 5548.23 5551.99 5555.7 5559.63 5560.06 5557.91 5555.82 5553.29 5550.37 5547.33 5544.16 5541.07 5538.33 5537.22 5537.62 5536.83 5531.9 5528.54 5526.41
5533.24 5528.41 5529.19 5535.92 5541.47 5544.8 5547.35 5549.13 5545.9 5546.67 5543.79 5541.05 5539.32 5538.55 5538.52 5539.37 5541.3 5544.21 5548.24 5551.71 5555.09 5560.25 5566.22 5570.02 5562.94 5555.81 5549.78 5545.75 5542.22 5538.4 5535.66 5532.47 5529.33 5526.1 5523.89 5520.44 5518.08 5516.13 5514.7 5514.25 5515.41 5518.71 5522.96 5525.92 5529.37 5533.46 5537.73 5542.25 5546.61 5550.68 5554.15 5555.68 5557.71 5556.66 5554.7 5551.93 5548.69 5545.24 5542.08 5539.01 5536.22 5534.15 5533.19 5531.67 5527.63 5524.79 5523.09
5535.08 5530.2 5530.42 5534.37 5536.5 5537.46 5541.67 5544.13 5546.18 5544.27 5541.67 5539.46 5537.91 5537.24 5537.2 5537.73 5539.9 5543.25 5546.38 5549.23 5550.5 5551.62 5561.77 5567.15 5567.19 5564.15 5556.13 5548.91 5543.88 5539.76 5535.56 5531.82 5528.06 5524.51 5520.57 5517.72 5514.53 5511.97 5510.13 5509.93 5510.73 5512.37 5514.46 5515.27 5521.43 5528.58 5534.5 5539.75 5544.71 5549.45 5553.47 5556.58 5557.94 5556.11 5553.53 5550.26 5546.67 5542.82 5539.31 5535.92 5532.42 5529.32 5525.92 5522.55 5520.46 5519.41 5518.66
5541.37 5539.77 5538.08 5537.16 5536.1 5536.09 5538.07 5540.37 5541.67 5541.04 5539.02 5537.44 5536.21 5535.73 5535.84 5537.02 5539.2 5542.55 5545.53 5548.77 5551.31 5554.58 5567.4 5572.88 5568.37 5564.25 5556.51 5549.42 5544.48 5539.77 5535.53 5531.31 5526.96 5521.95 5517.93 5514.72 5511.09 5507.88 5505.44 5504.58 5505.45 5507.56 5510.23 5512.03 5518.74 5525.8 5531.6 5537.12 5542.58 5548.05 5553.29 5557.71 5558.35 5555.94 5553.04 5549.48 5545.57 5541.29 5536.84 5532.48 5528.36 5523.88 5518.8 5513.84 5513.19 5513.71 5514.05
5548.35 5553.61 5547.35 5541.24 5537.42 5535.24 5535.94 5537.31 5537.93 5537.35 5536.24 5535.5 5534.66 5534.05 5534.11 5535.66 5538.39 5542.05 5546.51 5551.18 5555.88 5562.82 5575.65 5576.83 5566.19 5554.86 5552.99 5548.57 5543.75 5538.67 5534.61 5529.97 5525.54 5520.7 5516.36 5511.73 5507.62 5503.85 5500.71 5498.62 5500.19 5503.94 5509.36 5516.77 5521.82 5524.57 5529.14 5534.49 5540.06 5545.85 5552.08 5557.97 5557.68 5555.56 5552.22 5548.29 5543.94 5539.25 5534.67 5529.89 5524.87 5519.55 5513.93 5509.1 5508.16 5508.92 5509.64
5547.65 5552.39 5548.1 5542.47 5538.45 5534.63 5535.66 5536.25 5534.8 5533.77 5534.13 5533.66 5532.84 5532.21 5531.93 5532.75 5536.91 5542.1 5548.04 5554.27 5560.13 5565.38 5570.4 5572.1 5566.38 5556.67 5553.8 5548.63 5543.36 5538.06 5533.31 5528.27 5523.93 5519.22 5514.41 5509.74 5505.07 5500.83 5497.26 5494.78 5496.65 5500.89 5506.86 5513.5 5517.3 5521.26 5526.16 5531.51 5536.98 5542.55 5547.95 5553.03 5556.4 5554.72 5551.18 5546.75 5541.78 5537.01 5532.01 5526.81 5521.57 5516.5 5511.08 5506.74 5504.94 5505.34 5505.94
5540.35 5541.14 5541.74 5540.93 5540.28 5540.12 5540.06 5538.2 5535.43 5533.62 5533.38 5532.85 5531.58 5530.8 5530.69 5532.01 5536.01 5541.88 5548.81 5556.66 5565.08 5569.67 5570 5569.92 5570.84 5566.74 5557.14 5549.35 5543.45 5538.03 5533 5527.89 5523.1 5518.2 5513.37 5508.49 5503.53 5499.05 5495.29 5494.28 5495.12 5498.62 5503.45 5506.45 5510.59 5517.32 5523.3 5528.82 5533.91 5538.78 5543.89 5550.8 5556.02 5553.63 5549.52 5544.77 5539.7 5534.51 5529.07 5524.07 5518.88 5513.76 5508.94 5504.72 5502.74 5502.7 5502.54
5532.37 5532.38 5535.34 5538.11 5541.24 5546.15 5545.97 5540.98 5537.62 5535.47 5533.73 5532.31 5530.87 5529.77 5529.35 5530.82 5534.98 5540.69 5547.85 5556.49 5565.83 5569.03 5563.22 5564.54 5566.72 5564.99 5555.67 5548.77 5543.37 5538.47 5533.35 5528.48 5523.51 5518.62 5513.08 5508.13 5503.39 5498.58 5493.98 5491.53 5494.14 5497.8 5502.28 5505.5 5509.38 5515.31 5521.34 5526.69 5531.4 5535.37 5538.95 5546.55 5553.54 5550.85 5546.53 5541.65 5536.63 5531.42 5526.45 5521.27 5516.27 5511.41 5507.14 5503.8 5501.58 5500.15 5499.4
5526.58 5526.29 5530.15 5534.32 5538.85 5543.78 5544.53 5540.79 5538.01 5535.87 5534.3 5532.26 5530.26 5528.75 5528.26 5529.54 5533.31 5538.52 5544.84 5552.22 5560.79 5564.99 5562.91 5557.6 5549.65 5547.89 5548.24 5545.36 5541.68 5537.64 5533.5 5529.12 5524.33 5519.56 5514.5 5509.33 5504.31 5499.76 5495.08 5492.43 5495.59 5499.04 5503.55 5506.41 5509.66 5515.48 5520.95 5525.71 5529.9 5533.44 5536.13 5542.16 5547.5 5545.52 5541.82 5537.44 5532.8 5528.04 5523.14 5518.24 5513.45 5508.96 5504.97 5502 5499.6 5497.46 5496.04
5523.72 5523.52 5526.52 5530.2 5533.83 5536.58 5537.43 5537.59 5537.53 5537.04 5535.58 5532.7 5529.77 5527.54 5526.86 5528.39 5531.4 5535.8 5540.69 5545.28 5548.66 5558.05 5561.42 5552.9 5544.05 5541.94 5543.1 5542.46 5540.25 5537.22 5533.64 5529.65 5525.14 5520.38 5515.61 5511.01 5506.46 5502.49 5499.99 5499.63 5499.95 5502.36 5506.9 5510.09 5513.87 5517.92 5521.93 5525.62 5529.17 5532.5 5537.33 5538.48 5539.29 5538.35 5536 5532.89 5528.83 5524.68 5519.96 5515.29 5510.57 5506.19 5502.22 5498.93 5496.15 5493.87 5492.31
5522.38 5522.1 5524.35 5526.98 5529.07 5530.12 5531.1 5533.49 5536.6 5539.56 5537.22 5532.89 5528.96 5525.98 5524.28 5525.71 5529.47 5533.47 5537.29 5540.71 5544.73 5551.89 5555.41 5548.84 5542.32 5541.47 5542.33 5542.17 5540.99 5538.84 5534.59 5531.02 5526.76 5522.98 5518.53 5513.81 5509.62 5505.9 5503.15 5503.1 5504.6 5507.34 5511.21 5514.56 5518.14 5521.15 5523.94 5526.53 5528.8 5530.82 5531.18 5533.26 5532.57 5532.37 5530.59 5528.09 5524.42 5520.81 5516.42 5512.02 5507.47 5503.17 5499.06 5495.28 5492.11 5489.9 5488.36
5522.31 5522.09 5523.7 5525.25 5526.02 5525.77 5525.31 5529.46 5534.39 5539.24 5536.68 5531.79 5527.85 5524.88 5523.35 5524.79 5528.15 5531.95 5535.4 5538.35 5541.35 5543.75 5546.22 5546.12 5542.88 5543.62 5544.56 5544.41 5543.13 5540.8 5537.86 5533.96 5529.64 5525.14 5521 5517.02 5513.2 5509.24 5506.76 5507 5509.1 5513.02 5516.08 5519.2 5522.28 5524.59 5526.36 5527.77 5529 5530.12 5530.4 5530.31 5529.86 5528.38 5526.12 5523.66 5520.63 5516.71 5512.61 5508.36 5504.34 5499.97 5495.73 5491.6 5488.06 5485.9 5484.64
5525.45 5524.37 5524.97 5525.58 5525.56 5524.63 5523.39 5527.18 5531.16 5533.02 5531.89 5529.26 5526.47 5524.14 5523.36 5525.03 5528.37 5532.1 5535.47 5538.23 5541.2 5544.37 5548.28 5550.18 5547.98 5549.65 5549.91 5548.92 5546.55 5544.26 5540.6 5536.46 5532.99 5529.07 5525.11 5520.75 5517.29 5513.34 5510.26 5511.44 5514.49 5518.02 5520.97 5523.89 5526.62 5528.26 5529.03 5529.27 5529.23 5529.56 5529.9 5527.78 5526.1 5524.33 5522.28 5519.99 5516.96 5513.22 5509.34 5505.2 5501.18 5496.89 5492.58 5488.51 5484.51 5482.44 5481.35
5529.85 5528.29 5528.02 5527.97 5527.84 5527.18 5526.65 5528.43 5529.81 5529.3 5528.18 5527.26 5525.48 5523.72 5523.44 5526.11 5530.03 5534.01 5537.83 5541.48 5547.69 5557.46 5560.63 5563.06 5562 5559.71 5557.11 5554.48 5551.47 5548.74 5545.01 5541.02 5536.8 5531.99 5528.16 5524.82 5522.31 5520.13 5515.13 5518.1 5520.53 5523.21 5525.74 5528.52 5530.76 5531.96 5532.1 5531.07 5529.27 5527.19 5525.69 5524.81 5523.18 5521.25 5519.25 5516.82 5513.91 5510.53 5506.79 5502.77 5498.66 5494.39 5490.39 5486.05 5482.29 5479.96 5478.72
5534.54 5533.22 5532.41 5531.87 5531.64 5532.01 5532.92 5532.96 5531.3 5529.25 5527.68 5526.9 5526.03 5525.18 5525.08 5528.75 5533.07 5537.7 5542.35 5546.21 5553.42 5566.96 5570.03 5575.82 5577.38 5570.3 5564.78 5560.76 5558.35 5555.6 5550.98 5546.34 5541.42 5536.76 5532.48 5529.03 5527.19 5529.21 5537.4 5528.76 5526.62 5527.67 5529.88 5532.75 5535.47 5537.17 5535.82 5533.71 5530.24 5525.77 5523.43 5523.19 5521.91 5519.82 5517.48 5514.56 5511.43 5507.93 5504.22 5500.58 5496.46 5492.19 5488.14 5484.25 5480.77 5478.21 5476.58
5543.72 5539.78 5537.66 5536.35 5535.76 5536.36 5538.94 5538.03 5533.53 5530.66 5528.62 5528.37 5527.94 5528.23 5530.3 5533.03 5537.24 5542.12 5548.29 5556.84 5562.34 5565.25 5571.93 5577.66 5579.48 5577.46 5573.64 5570.39 5566.48 5564.07 5559.57 5554.04 5548.57 5542.88 5537.37 5532.7 5528.8 5528.09 5530.08 5529.96 5529.17 5530.91 5533.45 5536.44 5538.62 5538.93 5539.82 5537.99 5533.76 5527.54 5524.88 5524.2 5522.57 5520.15 5516.62 5512.94 5509.46 5505.88 5502.23 5498.31 5494.38 5490.49 5486.66 5483.09 5479.81 5477.27 5474.65
5550.25 5545.83 5542.59 5540.49 5539.12 5538.63 5538.65 5536.86 5534.21 5532.8 5533.04 5531.2 5530.84 5530.96 5533.04 5537.66 5542.14 5546.88 5552.15 5558.44 5565.37 5569.42 5572.57 5576.02 5580.1 5584.29 5584.55 5582.8 5579.42 5575.47 5569.45 5563.17 5557.09 5550.16 5542.82 5536.02 5528.76 5522.37 5520.23 5525.76 5528.66 5532.54 5536.03 5539.92 5543.35 5546.33 5546.61 5544.35 5540.57 5534.72 5530.98 5527.77 5524.17 5520.32 5515.74 5511.7 5508 5504.46 5501 5497.22 5493.29 5489.24 5485.23 5481.59 5478.44 5475.64 5472.22
5554.26 5549.94 5546.5 5544.11 5542.02 5540.08 5537.62 5534.94 5534.26 5533.63 5533.28 5533.59 5535.19 5537.1 5539.7 5543.84 5547.87 5552.12 5555.69 5556.06 5566.99 5574.42 5576.21 5576.94 5585.49 5595.28 5599.1 5599.32 5596.26 5590.63 5583.24 5574.61 5565.66 5556.5 5547.44 5539.26 5529.58 5522.24 5520.06 5524.73 5528.56 5533.15 5537.41 5542.41 5548.23 5554.21 5553.14 5551.03 5549.08 5546.82 5539.61 5532.58 5526.01 5519.87 5514.68 5510.59 5507.22 5503.95 5500.34 5496.5 5492.43 5488.45 5484.14 5480.04 5475.86 5472.13 5469.37
5559.37 5554.18 5550.78 5548.07 5545.57 5543.07 5540.02 5537.09 5536.44 5535.32 5533.36 5536.12 5540.83 5546.03 5548.33 5550.57 5553.93 5558.62 5564.34 5570.97 5575.97 5581.94 5584.86 5591.03 5601.57 5612.42 5617.12 5617.45 5611.92 5605.47 5596.03 5585.05 5573.46 5562.6 5552 5542.71 5533.12 5527.08 5524.96 5526.42 5529.51 5533.1 5537.42 5542.54 5548.49 5553.64 5555.39 5555.59 5555.59 5554.83 5546.45 5537.28 5528.02 5519.61 5513.47 5510.12 5507.22 5504.3 5501.07 5497.16 5492.88 5488.22 5483.45 5478.89 5474.06 5469.93 5467.13
5562.67 5558.39 5555.23 5552.69 5550.49 5548.24 5545.66 5543.13 5542.11 5540.66 5538.91 5540.99 5546.2 5552.57 5554.43 5556.19 5559.68 5565.47 5572.87 5580.48 5583.12 5590.98 5599.48 5607.04 5625.72 5636.98 5640.27 5637.89 5629.24 5618.98 5607.99 5594.9 5581.71 5568.87 5556.65 5546.07 5536.09 5530.47 5528.28 5528.17 5530.21 5533.02 5536.74 5541.23 5546.26 5550.79 5554.78 5558.11 5559.86 5557.32 5551.89 5542.15 5530.57 5518.66 5511.95 5510.79 5509.19 5506.65 5503.04 5498.8 5494.03 5488.99 5483.6 5478.3 5473.08 5468.92 5465.55
5566.11 5562.77 5560.04 5557.67 5555.82 5554.43 5553.33 5551.6 5551.25 5549.29 5547.22 5547.66 5550.47 5553.8 5556.31 5559.57 5563.89 5571.07 5579.42 5585.86 5589.77 5609.3 5629.17 5643.08 5662.06 5671.24 5669.83 5661.94 5650.33 5635.72 5620.69 5605.16 5590.31 5575.54 5561.31 5548.89 5538.66 5532.5 5529.33 5528.54 5530.04 5532.17 5535.23 5538.9 5543 5547.12 5553.12 5559.99 5565.55 5566.07 5558.88 5548.67 5536.01 5521.76 5514.46 5514.59 5513.63 5510.69 5506.68 5501.85 5496.44 5490.37 5484.19 5478.16 5472.31 5467.6 5463.96
