real_craters/C193-1000m.grd
DSAA
104 104
-51.56 51.56
-51.56 51.56
7159.3233834219 10720.626444381
[rows 0 to 29 of 104, columns 0 to 66 of 104]
9618.29 9632.43 9624.48 9625.37 9628.95 9632.79 9633.22 9634.54 9632.92 9634.74 9637.5 9635.16 9644.46 9654.23 9665.11 9677.97 9693.75 9700.94 9702.23 9706.77 9720.46 9727.65 9718.21 9702.75 9701.53 9695.85 9687.21 9686.12 9710.65 9733.15 9729.5 9718.04 9702.46 9686.65 9679.98 9695.95 9757.28 9775.79 9755.31 9729.73 9731.73 9741.79 9730.31 9729.93 9726.01 9730.67 9751.78 9753.12 9722.14 9694.55 9662.66 9635.83 9648.08 9649.65 9673.87 9697.93 9674.03 9690.36 9721.67 9724.73 9703.94 9685.63 9646.71 9612.35 9618.47 9605.6 9625.42
9632.49 9633.81 9630.61 9634.43 9633.52 9635.92 9637.44 9631.11 9625.32 9619.87 9623.74 9641 9651.08 9668.27 9671.56 9682.84 9702.01 9715.12 9713.47 9719.77 9729.89 9735.66 9726.09 9707.03 9705.46 9703.27 9693.62 9694.91 9725.02 9755.35 9729.38 9710.24 9694.52 9681.05 9680.46 9702.79 9756.84 9785.98 9777.61 9770.07 9751.1 9736.33 9730.09 9725.17 9718.5 9739.58 9751.19 9760.66 9742.89 9704.13 9672.24 9640.21 9661.34 9652.89 9634.91 9629.69 9644.43 9678.22 9703.49 9715.33 9711.43 9682.31 9647.98 9615.05 9612.36 9606.2 9628.89
9628.12 9628.93 9633.96 9639.6 9634.59 9632.74 9628 9627.33 9621.36 9609.96 9596.49 9609.67 9652.86 9677.42 9676.63 9678.98 9683.88 9695.47 9705.05 9724.36 9740.35 9755.39 9758.01 9709.02 9705.86 9710.96 9698.04 9701.15 9733.17 9743.66 9724.88 9707.32 9692.48 9680.13 9682.82 9708.88 9755.79 9786.96 9796.49 9803 9784.57 9764.54 9744.74 9731.22 9730.72 9753.25 9750.12 9734.46 9727.38 9711.77 9694.34 9680.46 9650.1 9651.57 9619.04 9557.96 9597.52 9696.62 9698.82 9711.74 9702.57 9680.9 9638.21 9618.26 9620.58 9610.52 9652.42
9624.52 9633.99 9635.09 9635.44 9631.9 9635.5 9636.34 9631.45 9629.24 9628.78 9627.53 9636.86 9667.13 9697.08 9681.06 9669.45 9662.57 9681.09 9719.07 9734.96 9746.88 9751.95 9751 9703.36 9707.43 9709.23 9694.87 9684.9 9721.75 9712.68 9702.91 9693.85 9684.19 9680.05 9684.99 9713.58 9766.23 9794.17 9801.92 9808.64 9792 9740.1 9737.51 9738.54 9739.39 9755.67 9760.46 9743.82 9728.54 9715.16 9706.45 9690.23 9659.19 9661.26 9648.4 9637.27 9584.28 9632.56 9702.95 9736.57 9753.22 9730.27 9673.1 9659.98 9632.9 9641.47 9724.44
9638.62 9629.22 9637.85 9622.47 9626.37 9632.18 9636.48 9637.43 9639.51 9647.15 9670.89 9678.4 9680.75 9685.63 9676.79 9661.84 9655.32 9688.52 9727.03 9743.87 9748.16 9746.42 9732.7 9735.97 9729.23 9707.42 9694.42 9689.8 9686.73 9703.09 9688.85 9682.65 9677.09 9677.07 9697.82 9730.37 9788.38 9808.35 9805.29 9805.53 9787.48 9754.38 9752.91 9758.18 9768.89 9777.11 9783.91 9804.61 9758.88 9733.49 9718.29 9701.66 9685.78 9660.27 9670.62 9672.24 9679.56 9678.26 9727.49 9762.22 9772.92 9754.25 9719.6 9717.46 9693.27 9757.75 9753.37
9624.58 9631.44 9623.74 9617.75 9624.66 9630.7 9635.58 9639.82 9643.78 9655.1 9666.92 9675.18 9673.56 9671.46 9666.43 9658.65 9666.34 9703.14 9738.16 9743.97 9744.93 9742 9732.56 9723.48 9685.99 9686.99 9685.66 9680.76 9681.54 9678.21 9678.77 9675.51 9670.38 9664.58 9663.57 9709.84 9807.36 9812.26 9810.53 9814.4 9806.94 9810.33 9788.84 9782.26 9772.03 9780.07 9792.84 9800.43 9784.51 9773.86 9744.87 9743.91 9731.62 9667.94 9669.48 9671.8 9687.88 9729.36 9754.46 9769.62 9757.12 9752.34 9761.74 9762.6 9777.1 9693.9 9695.24
9624.19 9621.77 9624.27 9625.99 9631.55 9637.59 9641.06 9641.87 9642.29 9652.18 9651.75 9658.64 9659.3 9655.42 9655.21 9659.92 9663.22 9709.13 9734.52 9743.72 9740.1 9735.65 9729.58 9701.56 9686.52 9689.41 9685.58 9678.74 9674.76 9669.65 9669.35 9670.58 9665.59 9664.13 9654.42 9707.39 9802.03 9834 9815.39 9803.09 9802.56 9800.98 9798.63 9811.69 9810.97 9784.57 9785.57 9776.54 9772.85 9760.6 9768.15 9792.91 9829.14 9702.78 9672.15 9671.42 9747.95 9760.26 9749.31 9721.37 9760.86 9777.21 9832.75 9891.31 9850.76 9701.49 9647.06
9620.36 9627.01 9629.39 9631.64 9639.55 9650.16 9646.84 9642.69 9639.98 9634.44 9641.53 9652.06 9657.12 9656.28 9662.05 9670.24 9689.73 9724.6 9746.41 9744.9 9741.6 9733.41 9721.75 9713.73 9720.71 9703.11 9693.58 9681.95 9667.35 9661.74 9666.93 9674.11 9681.86 9684.28 9706.72 9754.95 9798.61 9821.46 9803.98 9781.2 9777.2 9802.08 9786.14 9815.96 9829.55 9794.54 9780.6 9770.84 9750.81 9729.84 9777.06 9799.66 9797.69 9736.32 9689.7 9686.46 9715.63 9763.63 9786.15 9834.57 9817.62 9837.46 9873.45 9921.63 9876.94 9717.9 9642.14
9621.98 9623.26 9625.73 9633.11 9642.03 9649.18 9647.59 9641.73 9638.44 9643.55 9657.74 9658.56 9666.12 9676.6 9678.01 9671.68 9675.79 9705.21 9740.98 9740.41 9737.01 9730.19 9717.11 9703.81 9699.15 9705.12 9699.88 9691.23 9653 9659.38 9667.66 9675.71 9687.95 9701.63 9739.88 9796.54 9835.88 9823.2 9800.01 9785.25 9775.62 9783.8 9786.81 9797.68 9799.05 9787.53 9763.33 9750.94 9744.81 9735.6 9741.82 9772.95 9792.8 9752.47 9745.05 9699.82 9710.43 9742.86 9794.16 9843.05 9834.09 9818.57 9857.94 9885.78 9897.72 9868.27 9767.38
9623.6 9628.59 9634.1 9638.12 9647.71 9648.36 9644.9 9638.25 9631.4 9631.28 9650.35 9665.43 9677.21 9682.64 9682.82 9691.22 9697.86 9722.68 9740.5 9732.04 9735.65 9736.94 9734.24 9725.16 9715.28 9711.01 9705.72 9689.9 9670.97 9666.03 9671.07 9681.1 9694.17 9707.66 9726.3 9753.06 9813.93 9837.6 9828.19 9821.43 9845.65 9856.69 9854.65 9821.85 9796.12 9795.27 9773.95 9763.98 9757.94 9743.59 9747.56 9729.71 9735.94 9740.61 9769.95 9759.4 9764.46 9762.57 9793.18 9818.29 9830.64 9838.97 9869.69 9880.97 9888.3 9851.76 9856.09
9640.27 9649.5 9644.92 9655.82 9662.8 9653.08 9644.9 9636.69 9630 9633.94 9651.25 9671.09 9691.31 9705.25 9718.36 9735.34 9745.82 9729.16 9707.33 9724.1 9733.79 9742.81 9752.2 9767.03 9725.83 9726.82 9716.89 9704.12 9691.72 9677.62 9675.66 9686.75 9697.37 9705.59 9716.06 9733.26 9788.24 9832.47 9848.6 9862.74 9873.66 9871.17 9891.96 9897.26 9848.9 9777.36 9773.85 9779.59 9788.44 9805.75 9782.27 9723.97 9684.99 9722.1 9728.61 9775.22 9805.54 9787.99 9805.12 9815.79 9830.41 9857.57 9867.54 9865.56 9855.46 9877.54 9856.22
9653.79 9659.39 9651.33 9653.18 9661.48 9651.92 9644.68 9637.99 9634.89 9638.95 9653.25 9678.45 9706.05 9731.23 9753.24 9771.36 9788.08 9780.98 9730.84 9733.39 9740.01 9744.36 9755.65 9751.07 9761.87 9734.85 9728.52 9720.82 9705.05 9694.79 9694.77 9700.53 9705.24 9710.43 9712.6 9740.87 9784.63 9857.24 9900.07 9884.68 9869.67 9893.99 9918.65 9941.67 9897.03 9817.88 9764.13 9779.07 9824.59 9861.08 9845.98 9796.67 9761.01 9743.3 9719.34 9764.34 9827.37 9844.7 9828.07 9815.9 9829.99 9870.84 9847.63 9810.08 9826.52 9857.38 9853.82
9655.14 9640.56 9639.76 9655.51 9669.26 9654.52 9648.52 9642.75 9638.01 9638.46 9654.93 9681.74 9712.9 9736.34 9770.75 9800.13 9822.93 9825.38 9785.8 9756.8 9750.46 9756.08 9760.45 9769.76 9733.41 9726.28 9738.79 9736.82 9719.64 9715.13 9710.62 9718.32 9716.26 9722.67 9746.89 9774.88 9854.63 9907.81 9971.55 9936.42 9911.01 9924.78 9918.54 9931.95 9906.4 9844.59 9746.42 9825.69 9879.73 9913.84 9914.32 9901.32 9867.53 9818.7 9821.01 9823.14 9847.7 9847.48 9844.96 9878.41 9921.42 9907.01 9874.78 9826.46 9817.07 9824.1 9849.51
9657.64 9652.44 9647.93 9646.7 9643.71 9649.11 9651.06 9650.2 9642.19 9640.97 9654.36 9676.12 9700.3 9728.35 9763.05 9784.29 9823.59 9828.3 9779.3 9767.64 9763.08 9758.73 9759.35 9749.08 9763.53 9756.57 9737.38 9733.55 9732.62 9742.71 9761.29 9741.25 9729.59 9725.41 9746.72 9803.34 9869.49 9925.78 9932.33 9984.3 9929.67 9879.54 9878.29 9882.62 9870.47 9843.54 9960.44 9945.52 9951.91 9979.41 10006.6 10002.1 9975.57 9934.1 9945.76 9900.5 9849.85 9800.21 9838.89 9880.55 9899.85 9901.64 9905.66 9871.26 9820.33 9815.2 9833.03
9665.78 9662.23 9664.51 9645.22 9628.75 9647.41 9657.66 9666.1 9672.6 9654.23 9662.97 9675.92 9691.47 9706.57 9726.43 9777.41 9810.63 9819.82 9808.42 9791.82 9781.55 9776.71 9778.98 9789.92 9783.31 9760.25 9742.85 9737.15 9747.14 9750.79 9751.54 9746.08 9746.26 9744.41 9752.9 9797.95 9860.45 9902.67 9938.02 9966.24 9944.39 9878.39 9913.82 9884.6 9881.36 9913.68 10101 10018.7 9980.11 9970.51 9986.85 10014.2 10007.1 9972.75 9949.49 9955.57 9919.28 9868.99 9850.88 9868.49 9877.49 9865.96 9895.44 9889.8 9848.12 9814.24 9845.26
9693.83 9681.13 9656.76 9642.68 9638.33 9649.95 9656.2 9672.88 9700.9 9686.03 9672.63 9675.94 9682.94 9691.67 9705.96 9744.65 9785.65 9806.89 9812.62 9805.11 9797.43 9790.05 9790.48 9810.84 9808.97 9756.66 9746.97 9744.58 9740.18 9735.81 9732.15 9743.06 9764.37 9791.22 9801.72 9790.71 9811.31 9861.79 9909.51 9945.98 9963.81 9875.24 9874.52 9937.42 9920.45 9907.96 9939.97 9949.29 9930.81 9944.18 9924.5 9908.15 9945.13 9965.35 10111.7 10163.4 10042.1 9921.04 9897.34 9871.51 9834.45 9842.56 9874.04 9898.46 9852.15 9849.76 9852.88
9724.85 9706.32 9670.48 9656.82 9663.12 9648.25 9648.75 9650.11 9654.9 9668.95 9666.06 9670.38 9676.72 9682.12 9694.15 9721.36 9769.01 9795.7 9799.4 9802.38 9803.61 9799.29 9798.12 9808.98 9790.28 9753.02 9756.23 9756.12 9751.65 9748.17 9741.31 9751.6 9777.51 9800.47 9848.56 9857.67 9927.68 10005.8 9954.9 9951.01 9971.12 9970.34 10003.9 10024.2 9961.59 9891.41 9836.21 9849.83 9841.73 9823.33 9840.4 9901.86 9937.26 9965.39 10047.1 10080.8 10087.7 10064.8 10029.8 9953.14 9864.5 9899.3 9943.59 9980.84 10056.2 9997.65 9961.32
9723.19 9731.73 9707.37 9660.25 9638.12 9640.56 9637.17 9625.68 9618.64 9634.43 9651.51 9664.34 9677.92 9689.1 9693.36 9723.06 9761.79 9784.25 9805.53 9819.21 9812.53 9803.46 9795.36 9789.96 9801.09 9792.08 9786.43 9765.6 9767.71 9787.73 9771.24 9780.24 9799.45 9834.99 9935.08 10046.7 10108.5 10081.2 10078.5 10077.4 10070.9 10147.7 10073.8 10017.6 9997.68 9956.34 9833.76 9800.91 9779.49 9766.63 9792.12 9857.3 9962.34 10068.9 10051.2 10039 10098.9 10165.4 10153.9 10090.4 10039.4 10040.2 10034.8 10074.1 10218.3 10234.3 10035.4
9696.89 9711.97 9704.36 9682.48 9645.32 9646.62 9638.57 9625.6 9611.88 9618.39 9646.32 9671.24 9689.1 9703.04 9715.24 9730.51 9724.52 9764.93 9804.27 9824.8 9820.91 9807.4 9787.59 9780.84 9792.2 9791.4 9750.59 9757.27 9757.95 9747.77 9774.1 9802.45 9833.72 9880.17 9983.8 10043.6 10126 10212.3 10112.9 10134.3 10065.7 10040.1 10046.5 10047.2 10008.2 9980.12 9884.2 9811.73 9784.86 9757.42 9774.53 9880.74 10003.9 10050.4 10134.7 10030.7 10116.8 10207.1 10241.3 10223.9 10193.5 10144.3 10086 10123.2 10221.3 10218.9 10137.6
9700.15 9689.28 9689.92 9686.31 9667.82 9659.38 9648.61 9635.25 9622.33 9629.36 9649.98 9669.49 9687.45 9706.89 9728.68 9697.07 9716.71 9754.17 9798.74 9830.25 9822.47 9808.22 9797.6 9780.86 9761.06 9756.58 9756.54 9756.84 9759.38 9765.25 9801.01 9845.01 9871.01 9930.79 10043.1 10126.2 10075.6 10089.6 9968.67 9906.37 9925.9 9935.34 9926.46 9946.99 9996.75 9979.15 9905.97 9943.11 9908.49 9870.3 9912.78 10087.7 10106 10190.4 10099 10051.4 10165.1 10282.5 10346 10332.2 10289 10190.3 10125.2 10143.6 10174 10147.8 10093.9
9691.09 9680.18 9667.2 9694.44 9678.22 9676.94 9664.61 9647.82 9651.17 9658.88 9667.98 9679.49 9692.89 9706.39 9715.85 9746.13 9739.19 9762.17 9799.7 9821.72 9819.66 9798.86 9781.37 9769.63 9758.59 9745.49 9749.75 9768.83 9780.85 9797.33 9818.48 9859.44 9881.55 9945.12 10075.4 10179.3 10138.6 10008.3 9910.01 9847.79 9910.06 10007.6 10110.1 10033.3 10034.6 10039 10131.9 10218.9 10172.6 10118.2 10080.1 10041.4 10103.3 10076 10099.4 10132.9 10235.7 10340.3 10449.3 10413.4 10372.9 10315.9 10207 10092.6 10180.2 10242.9 10084.3
9695.35 9688.37 9691.89 9699.89 9693.6 9685.31 9679.36 9680.02 9695.65 9687.68 9685.04 9688.59 9694.31 9699.79 9704.32 9717.63 9723.64 9758.65 9798.63 9831.13 9815.34 9781.35 9758.17 9756.39 9760.17 9770.53 9783.98 9795.65 9812.58 9826.98 9848.53 9853.77 9935.27 10025.7 10117.4 10174.1 10245.9 10031.5 9898.44 9858.15 9973.52 10055.9 10068.7 10025.8 10112.7 10237.8 10327.6 10384.8 10471.9 10371.1 10254.8 10190.5 10175.9 10223.7 10278.7 10277.5 10286.4 10363.5 10469.4 10456.7 10478.1 10478.4 10303.7 10222.3 10180.5 10117.6 10101.5
9697.76 9697.58 9698.64 9703.53 9698.19 9687.3 9680.23 9683.78 9687.59 9697.02 9701.88 9703.73 9703.76 9704.41 9712.01 9708.32 9722.32 9758.99 9794.87 9811.58 9808.82 9777.81 9751.06 9761.88 9777.14 9790.17 9807.44 9827.12 9855.07 9904.02 9940.72 9975.27 10014.1 10078.2 10159.9 10170.5 10079.5 9966 9930.05 10000.5 10136.4 10145.8 10026.5 10061.8 10133.3 10224.8 10320.8 10359.5 10401.3 10341.6 10253.3 10228.8 10222.5 10186.1 10209.2 10284 10243.7 10301.7 10404.5 10397.7 10405.1 10401 10313.6 10245.6 10182.6 10199.6 10184.4
9698.25 9700.41 9698.16 9695.07 9703.62 9693.8 9682.68 9679.31 9701.06 9707.78 9712.42 9715.5 9713.81 9710.12 9705.23 9704.25 9728.76 9769.29 9800.43 9826.17 9816.98 9786.69 9774.2 9782.97 9795.05 9778.21 9812.51 9852.25 9888.88 9896.06 9911.29 10034.8 10040.2 10075.3 10174.4 10168.2 10109.5 10065.9 10047.5 10197.6 10304.5 10360.5 10291.1 10234.9 10175.8 10137.8 10165.6 10216.9 10309.2 10069.8 9946.43 10098.4 9921.92 9914.66 10121.2 10006 10065.3 10120.8 10176.2 10188.9 10214.8 10245 10251.3 10164.6 10160.6 10112.7 10056.5
9706.78 9711.57 9713.29 9711.6 9718.51 9729.8 9705.96 9703.92 9713.03 9720.6 9725.97 9730.6 9729.51 9727.06 9727.91 9730.11 9758.24 9777.64 9799.29 9816.34 9809.14 9782.36 9777.41 9810.02 9842.84 9832.38 9844.5 9911.02 9950 9994.04 10075.9 10046.8 10052 10084.9 10125.5 10150.6 10165.4 10140.9 10077.2 10181.7 10312.1 10504.6 10566.7 10382.4 10291.8 10128.8 9963.16 9812.95 9713.25 9562.74 9377.7 9526.73 9515.17 9480.71 9701.53 9840.27 9886.67 9876.67 9852.96 9901.38 9997.57 10095.1 10227.6 10305.9 10231.7 10099.1 10224
9732.64 9732.79 9730.48 9733.01 9737.64 9746.9 9724.14 9726.89 9730.64 9734.57 9740.56 9745.5 9750.86 9754.71 9761.75 9765.66 9772.66 9781.38 9800.13 9813.22 9809.65 9778.07 9783.73 9834.78 9888.17 9924.83 9992.62 9999.03 10009.9 10035.2 10043.7 10000.9 10019 10048.4 10081.7 10126.9 10140.4 10069.4 10256.5 10357.7 10388 10440.7 10394 10334 10295.6 10014.8 9648.82 9344.94 9237.2 9211.21 9122.79 9223.14 9436.39 9436.99 9398.37 9653.36 9699.85 9641.24 9631.64 9683.75 9801.97 9985.54 10060.7 10183.9 10238.7 10265.1 10283.5
9763.74 9752.5 9750.09 9755.78 9749.13 9742.96 9718.38 9726.65 9738.89 9747.37 9756.12 9764.15 9774.24 9786.05 9789.85 9786.83 9755.22 9770.21 9789.7 9807.37 9808.55 9777.18 9807.2 9890.36 9942.13 9949.45 10036.4 10040.6 10017.4 9988.14 9925.66 9916.03 9893.39 9983.69 10062.1 10126.1 10224.1 10401.3 10287.8 10404.4 10422.1 10389 10194.9 9980.81 9823.93 9622.98 9399.43 9290.7 9195.39 9101.1 9057.39 9018.27 9094.45 9312.89 9449.04 9274.96 9324.87 9372.43 9414.85 9477.06 9476.18 9531.06 9654.84 9802.92 9866.42 9965.42 10196
9761.7 9762.39 9750.89 9744.67 9728.99 9740.12 9728.04 9734.14 9751.77 9761.11 9771.13 9783.56 9793.35 9806.17 9802.69 9780.24 9751.82 9766.19 9786 9799.49 9799.36 9812.33 9865.43 9961.28 10082.9 10165.4 10111.1 10077.2 10037.3 9985.69 9934.5 9917.87 9923.89 9984.71 10035.3 10122.2 10211.8 10243.4 10337.3 10327.5 10267.1 10040.3 9748.75 9457.71 9305.93 9239.16 9107.17 9012.37 9053.16 8995.04 8958.63 8953.24 8957.55 9043.04 9117.35 9028.68 9048.46 9113.11 9134.49 9117.29 9284.45 9315.87 9356.19 9404.58 9431.58 9550.77 9813.78
9746.58 9765.41 9755.19 9741.63 9744.36 9747.79 9742.44 9742.72 9761.54 9775.8 9788.31 9798.06 9805.32 9814.81 9808.76 9794.74 9776.05 9776.75 9799.12 9812.94 9825.69 9848.7 9918.88 10004.2 10107.1 10148.3 10111.9 10082.8 10059.6 10016.8 9953.42 9975.74 9990.36 10066.8 10103.8 10110.9 10155 10203.3 10147.6 9942.4 9687.73 9467.33 9285.08 9075.36 9054.72 9001.74 8909.58 8885.81 8903.83 8911.21 8914.71 8935.02 8968.95 8864.43 8845.39 8807.74 8812.96 8906.34 9006.21 9147.54 9177.49 9226.18 9257.43 9329.74 9384.69 9398.83 9467.77
9724.32 9751.76 9742.7 9765.66 9749.87 9744 9766.19 9775.04 9775.95 9787.63 9796.98 9808.94 9816.26 9824.03 9817.73 9810.39 9783.18 9805.17 9831.54 9847.09 9859.17 9949.66 9960.78 10003.8 10067.2 10172.5 10168.9 10146.7 10127.6 10113.9 10119.8 10164.7 10158.7 10137.6 10064.3 9968.09 9975.02 10014.3 9755.59 9448.13 9191.47 9131.99 9069.12 9016.97 8997.85 8824.27 8747.4 8703.82 8759.82 8833.01 8853.89 8872.81 8878.54 8858.79 8763.41 8641.86 8605 8750.29 8897.74 9070.14 9100.61 9164.18 9251.36 9308.29 9278.79 9276.97 9310.1
