real_craters/C193-500m.grd
DSAA
362 362
-90.23 90.23
-90.23 90.23
4024.8624567219 6580.7310631669
[rows 150 to 179 of 362, columns 268 to 334 of 362]
5941.78 5946.99 5959.33 5958.19 5947.72 5934.01 5918.17 5896.24 5863.5 5829.47 5816.51 5803.44 5791.35 5782.76 5779.41 5779.38 5777.19 5774.92 5771.48 5767.18 5764.82 5766.34 5769.38 5776.6 5793.24 5809.44 5774.57 5727.32 5703.81 5690.29 5684.52 5682.41 5682.87 5684.41 5682.88 5667.47 5654.91 5650.73 5649.67 5648.83 5648.14 5647.42 5646.35 5647.53 5647.28 5647.04 5650.37 5652.96 5655.07 5656.85 5654.62 5650.75 5649.59 5652.86 5657.85 5663.08 5668.69 5673.83 5678.69 5681.54 5682.8 5686.33 5695.08 5700.18 5702.3 5700.68 5683.67
5971.5 5988.71 5997.86 5991.96 5965.76 5943.88 5925.86 5910.06 5902.24 5883.67 5842.18 5818.45 5802.63 5792.44 5791.47 5786 5783.83 5781.12 5777.5 5774.99 5771.69 5768.73 5769.08 5772.81 5777.58 5776 5757.33 5729.22 5708.4 5695.66 5689.23 5684.98 5685.29 5686.87 5686.87 5663.45 5654.21 5650.48 5649.16 5648.97 5649.56 5649.93 5649.83 5650.21 5648.02 5648.05 5654.4 5660.3 5663.8 5666.03 5660.42 5651.46 5650.46 5654.47 5659.54 5664.29 5667.85 5672.47 5674.46 5674.63 5669.57 5669.99 5678.91 5684.64 5688.37 5681.55 5672.69
6000.23 5981.8 5990.85 5993.96 5970.52 5949.08 5931.18 5915.28 5900.38 5878.31 5851.55 5830.27 5813.41 5798.36 5790.57 5796.06 5792.87 5787.03 5781.94 5776.02 5771.67 5768 5765.23 5763.7 5761.29 5741.48 5733.43 5718.16 5704.01 5695.72 5690.4 5686.56 5684.29 5681.31 5673.41 5659.02 5652.88 5650.96 5650.65 5651.4 5652.55 5653.64 5653.84 5651.55 5648.23 5648.52 5656.99 5663.03 5663.97 5667.36 5662.28 5653.46 5653.28 5658.84 5662.95 5666.38 5668.99 5672.29 5673.36 5673.93 5670.41 5668.41 5668.59 5669.48 5665.6 5658.19 5656.05
6031.86 6053.05 6002.03 5982.26 5962.38 5948.62 5933.92 5915.99 5892.35 5866.21 5852.95 5840.33 5825.76 5810.84 5804.44 5802.11 5798.18 5791.51 5785.58 5781.07 5772.89 5765.63 5759.43 5752.2 5738.57 5715.76 5699.76 5696.95 5694.03 5689.67 5686.05 5684.41 5681.03 5675.89 5667.58 5656.34 5653.65 5652.67 5653 5654.02 5655.91 5658.09 5660.06 5661.07 5655.52 5652.09 5651.48 5649.3 5650.87 5657.86 5660.58 5660.27 5662.25 5665.29 5668.02 5670 5671.5 5672.91 5674.1 5676.3 5679.7 5672.07 5659.88 5649.16 5636.24 5634.76 5639.5
6044.59 6035.09 5972.57 5929.67 5950.51 5949.65 5938.82 5921.3 5898.59 5872.97 5865.08 5855.25 5842.47 5830.49 5814.83 5810.57 5801.58 5794.8 5786.19 5779.09 5769.97 5763.17 5755.1 5745.03 5726.98 5695.45 5678.13 5684.77 5689.98 5691.33 5689.56 5685.84 5680.89 5674.21 5667.39 5659.61 5656.25 5656.4 5657.15 5658.01 5659.18 5661.03 5664.01 5667.26 5659.15 5651.49 5642.8 5637.93 5642.31 5650.82 5659.91 5666.57 5670.78 5672.12 5672.97 5672.61 5671.64 5670.66 5670.53 5672.11 5677.53 5665.95 5648.62 5632.63 5619.75 5622.93 5626.77
6047.65 6004.92 5958.86 5965.48 5961.13 5956.15 5944.7 5928.89 5912.59 5903.72 5888.79 5871.57 5858.37 5848.51 5840.04 5825.04 5812.74 5798.93 5785.41 5771.55 5765.28 5758.68 5749.23 5740.76 5727.43 5706.66 5685.77 5688.31 5692.27 5691.79 5689.82 5685.64 5680.24 5675.09 5668.76 5658.3 5658.94 5660.31 5660.98 5660.5 5660.56 5661.23 5662.23 5662.92 5655.43 5645.75 5640.97 5638.21 5641.89 5649.46 5662.59 5671.32 5675.17 5679.2 5678.46 5675.6 5672.27 5668.24 5664.2 5659.25 5652.01 5646.51 5635.99 5623.87 5615.78 5616.77 5619.91
6071.24 6027.02 6005.24 5999.83 6001.4 5988.53 5969.24 5948.3 5926.77 5905.47 5894.76 5884.31 5870.87 5857.5 5846.25 5832.24 5818.38 5800.69 5786.15 5771.34 5763.5 5755.42 5747.72 5739.32 5731.13 5727.45 5713.37 5704.03 5699.47 5696.28 5693.38 5688.19 5683.61 5677.24 5669.57 5660.25 5666.67 5667.3 5665.29 5663.01 5660.41 5657.62 5655.42 5654.39 5649.74 5646.57 5640.16 5640.59 5649.59 5660.97 5671.11 5681.55 5688.74 5688.36 5683.4 5678.46 5671.83 5664.93 5657.37 5647.87 5636.36 5631.92 5625.37 5618.21 5611.92 5612.94 5616.02
6122.94 6117.4 6124.19 6092.87 6059.56 6027.85 5997.7 5968.64 5943.6 5921.65 5913.65 5894.38 5880.66 5871.32 5857.87 5834.76 5812.68 5799.13 5789.78 5779.9 5765.13 5753.47 5744.72 5739.32 5736.74 5740.74 5732.82 5724.45 5717.53 5709.88 5701.73 5694.43 5687.53 5681.45 5679.22 5687.22 5681.13 5675.53 5670.16 5664.72 5659.31 5652.86 5646.22 5643.13 5643.26 5642.3 5640.96 5645.81 5657.73 5669.51 5680.1 5691.23 5701.02 5694.71 5686.49 5677.75 5669.31 5660.77 5650.68 5640.78 5633.44 5625.97 5621.49 5615.14 5609.42 5611.31 5614.11
6139.16 6180.09 6236.24 6142.43 6104.55 6069.02 6026.5 5988.75 5960.07 5942.47 5918.28 5896.97 5884.1 5871.09 5855.13 5834.58 5813.05 5797.96 5787.51 5778.66 5762.53 5751.72 5744.31 5739.99 5743.54 5757.78 5753.59 5742.85 5730.97 5718.81 5706.84 5698.55 5691.29 5685.21 5684.33 5692.79 5691.81 5682.91 5675.04 5667.56 5659.91 5651.07 5641.67 5639.31 5642.95 5643.71 5646.46 5653.48 5664.14 5674.8 5683.61 5692.6 5697.33 5692.85 5684.82 5675.76 5666.37 5656.08 5646.11 5634.86 5625.8 5623.28 5620.54 5616.41 5611.08 5613.55 5614.56
6002.6 6056.44 6096.19 6111.05 6147.73 6078.18 6025.84 5987.64 5960.13 5936.53 5907.92 5896.18 5887.55 5873.82 5852.38 5832.85 5812.74 5792 5772.81 5760.68 5754.45 5749.43 5745.05 5740.31 5737.07 5748.72 5762.08 5750.75 5737.72 5723.47 5714.18 5704.66 5696.33 5690.56 5690.39 5706.81 5697.09 5686.71 5678.78 5670.97 5662.97 5655.14 5647.35 5646.89 5652.72 5658.79 5663.61 5668.51 5678.56 5681.62 5686.01 5690 5689.94 5686.71 5679.14 5670.42 5661.81 5653.04 5643.96 5633.66 5625.47 5624.95 5624.05 5622.79 5617.3 5614.65 5615.63
5757.32 5810.48 5820.54 5916.91 6048.48 6016.44 5986.56 5967.08 5951.44 5931.57 5912.27 5904.14 5893.01 5872.66 5850.29 5829.55 5809.68 5786.95 5757.46 5746.34 5748.5 5749.28 5749.04 5746.16 5742.39 5749.56 5760.56 5744.56 5733.63 5723.33 5716.43 5709.9 5704.6 5696.3 5689.79 5688.99 5688.28 5687.13 5683.34 5677.74 5669.33 5661.72 5656.37 5657.85 5664.17 5669.74 5671.42 5671.4 5676 5681.52 5684.48 5684.98 5685.14 5680.04 5671.66 5663.78 5656.63 5650.09 5644.19 5639.09 5633.79 5629.95 5628.3 5628.16 5621.57 5615.79 5616.84
5510.04 5561.28 5585.92 5655.07 5819.69 5887.6 5911.59 5926.73 5940.3 5941.18 5919.41 5911.5 5897.79 5873.05 5851.07 5826.05 5798.82 5771.25 5754.51 5748.37 5752.36 5756.13 5758.34 5759.43 5761.53 5758.91 5738.92 5731.45 5728.39 5725.68 5722.5 5718.76 5713.18 5708.12 5700.98 5687.05 5686.03 5689.96 5688.37 5683.86 5677.06 5670.37 5666.51 5668.1 5673.32 5680.58 5645.74 5653.25 5675.3 5680.63 5679.83 5677.19 5673.05 5666.72 5661.33 5655.56 5649.92 5646.24 5644.44 5644.64 5640.59 5633.1 5629.53 5629.53 5624.08 5619.32 5619.05
5308.14 5357.82 5391.4 5451.6 5647.31 5750.03 5817.96 5870.65 5920.76 5965.35 5988.05 5934.25 5911.12 5890.61 5857.46 5827.32 5797.61 5777.1 5768.46 5762.76 5761.98 5764.41 5767.99 5771 5775.27 5777.88 5724.24 5722.74 5725.34 5728.61 5729.27 5728.15 5725.24 5720.8 5712.99 5704.26 5701.16 5700.11 5695.99 5689.98 5685.1 5680.42 5674.76 5677.53 5676.58 5666.06 5638.73 5658.77 5684.01 5680.25 5674.55 5668.69 5663.03 5658.38 5650.82 5646.66 5643.42 5641.29 5640.09 5639.56 5636.43 5630.46 5626.35 5622.71 5621.1 5622.46 5620.92
5190.58 5218.57 5237.48 5283.63 5483.11 5614.25 5713.65 5802.12 5883.14 5965.17 6035.42 5961.48 5916.74 5885.96 5861.63 5830.37 5802.75 5783.52 5778.64 5774.11 5771.47 5772.8 5776.8 5784.22 5783.81 5761.43 5728.85 5724.04 5729.84 5735.3 5738.75 5741.48 5740.72 5736.21 5732.36 5731.46 5728.04 5715.34 5706.38 5699.44 5694.79 5692.92 5692.37 5690.28 5687.5 5677.83 5686 5677.26 5680.45 5676.08 5669.05 5660.17 5650.57 5641.09 5639.31 5638.52 5637.19 5635.21 5633.46 5632.13 5628.13 5623.57 5620.03 5619.31 5617.02 5616.47 5619.88
5132.48 5134.69 5142.84 5170.13 5338.39 5481.09 5606.17 5722.98 5828.47 5915.68 5954.65 5918.26 5921.84 5906.64 5866.91 5833.65 5805.59 5784.3 5782.03 5780.05 5777.69 5776.39 5777.53 5779.98 5778.6 5760.39 5735.66 5733.38 5737.79 5744.07 5750.04 5756.05 5759.99 5755.69 5752.19 5747.44 5738.23 5725.96 5715.78 5708.32 5703.43 5701.92 5701.13 5702.07 5706.14 5712.67 5692.7 5678.77 5676.2 5671.86 5664.85 5654.85 5641.8 5630.05 5631.63 5633.9 5633.29 5630.71 5627.01 5623.92 5619.93 5615.73 5612.24 5609.68 5612.22 5615.37 5621.15
5088.24 5085.44 5091.35 5102.67 5215.84 5361.03 5509.49 5647.79 5770.42 5865.07 5905.4 5893.68 5895.73 5889.91 5862.94 5834.77 5809.03 5787.39 5784.25 5785.38 5781.76 5777.18 5772.65 5765.34 5761.67 5757.38 5753.48 5746.5 5749.61 5755.37 5762.94 5773.2 5783.83 5795.28 5778.59 5760.28 5743.5 5733.84 5723.74 5714.46 5707.86 5705.61 5704.6 5705.88 5713.13 5723.74 5712.33 5680.79 5671.5 5667.84 5661.61 5652.63 5642.62 5632.71 5634.21 5635.6 5634.1 5629.15 5621.63 5614.14 5611.44 5608.98 5606.46 5605.14 5609.8 5616.46 5629.45
5062.24 5058.4 5064.65 5081.12 5142.54 5272.72 5435.31 5587.77 5725.8 5838.85 5918.97 5912.1 5874.27 5867.66 5853.29 5832.83 5813.71 5797.7 5798.61 5791.52 5783.61 5776.27 5770.15 5763.89 5754.1 5752.89 5755.44 5759.03 5760.01 5766.67 5775.92 5785.58 5797.19 5805.65 5791.54 5772.55 5755.97 5741.81 5728.93 5717.65 5707.49 5698.81 5697.04 5700.42 5707.07 5716.95 5715.35 5690.72 5676.64 5668.87 5663.19 5657.98 5652.21 5647.77 5646.22 5644.91 5640.5 5632.76 5621.49 5609.41 5608.14 5606.17 5603.98 5604.7 5610.06 5620.62 5641.34
5052.81 5046.48 5049.87 5064.3 5116.37 5232.83 5391.84 5548.94 5693.25 5821.81 5924.2 5916.13 5881.93 5860.83 5845.41 5830.02 5816.94 5806.75 5804.27 5794 5784.11 5775.33 5768.09 5763.86 5764.54 5760.85 5758.46 5761.64 5764.67 5774.28 5783.64 5793.31 5800.68 5799.96 5792.83 5779.52 5767.03 5748.76 5732.14 5718.73 5706.8 5697.35 5690.87 5689.77 5692.08 5699.68 5699.21 5685.7 5676.64 5670.69 5667.56 5664.76 5664.33 5664.2 5662.75 5658.41 5652.12 5643.02 5630.7 5618.05 5613.89 5608.67 5603.41 5603.03 5609.15 5620.88 5633.75
5048.45 5041.18 5041.07 5059.23 5113.4 5230.15 5377.38 5530.65 5672.03 5799.33 5896.85 5903.59 5859.62 5850.07 5837.97 5827.33 5818.12 5810.96 5802.58 5791.32 5782.03 5773.33 5766.09 5763.09 5772.01 5768.35 5763.67 5758.29 5770.79 5781.91 5792.33 5801.25 5803.55 5800.99 5793.56 5780.95 5765.69 5747.76 5732.74 5718.48 5705.27 5694.45 5684.89 5677.67 5671.16 5672.23 5675.75 5673.28 5671.68 5669.86 5669.39 5670.92 5674.47 5680.53 5679.25 5671.71 5665.31 5659.22 5651.66 5640.02 5628.67 5616.24 5603.99 5600.58 5606.2 5611.59 5601.89
5044.63 5037.74 5034.72 5050.82 5101.79 5218.06 5387.77 5540.68 5671.38 5779.33 5851.49 5866.7 5851.39 5842.09 5835.55 5829.13 5819.94 5809.03 5790.42 5785.75 5779.28 5772.21 5765.31 5761.39 5764.59 5773.07 5773.73 5770.85 5781.7 5796.2 5808.11 5813.89 5812.88 5806.07 5798.05 5782.59 5758.99 5744.07 5732.82 5718.5 5703.24 5688.82 5678.63 5669.34 5660.65 5658.63 5663.26 5667.65 5668.91 5668.99 5670.25 5673.94 5678.77 5686.18 5687.22 5681.05 5677.84 5676.2 5675 5665.91 5646.85 5629.5 5613.49 5607.41 5606.24 5602.54 5588.56
5044.5 5036.57 5027.61 5040.66 5114.85 5280.78 5442.81 5581.36 5691.69 5779.79 5834.92 5850.76 5839.36 5837.35 5834.84 5828.6 5820.49 5811.34 5792.34 5786.29 5780.54 5774.34 5768.47 5765.78 5771.18 5786.53 5797.94 5787.5 5803.4 5818.2 5829.7 5833.32 5832.11 5823.95 5809.25 5791.36 5773.6 5755.86 5735.95 5718.98 5704.02 5689.78 5676.77 5666.67 5660.04 5657.3 5661.42 5667.19 5667.18 5668.23 5669.88 5672.51 5676.88 5680.76 5681.94 5682.46 5684.35 5687.57 5689.58 5679.87 5660.76 5644.39 5631.61 5620.3 5613.38 5608.91 5615.66
5044.25 5038.26 5031.01 5045.74 5175.66 5377.32 5529.33 5648.21 5736.79 5803.92 5844.93 5848.9 5840.76 5836.31 5831.54 5825.92 5820.1 5814.02 5804.46 5791.42 5785 5779.67 5774.93 5774 5785.08 5809.6 5836.13 5835.48 5836.48 5850.07 5857.19 5857.57 5851.37 5839.77 5823.63 5802.84 5781.45 5760.08 5737.6 5718.94 5704.38 5691.44 5676.94 5666.82 5660.67 5659.2 5661.19 5664.1 5664.14 5665.28 5668.04 5669.91 5671.67 5672 5670.52 5678.88 5685.72 5692.05 5698.81 5686.15 5665.63 5649.74 5648.71 5630.42 5621.79 5619.6 5621.71
5039.69 5042.26 5056.8 5105.42 5263.31 5474.18 5637.32 5740.17 5808.59 5855.25 5882.77 5899.9 5866.75 5845.64 5834.9 5828.08 5821.88 5814.48 5801.51 5796.2 5793.21 5790.61 5788.86 5788.57 5802.64 5836.06 5867.65 5884.87 5879.31 5879.25 5884.09 5888.28 5885.52 5865.59 5839.18 5811.01 5783.95 5758.81 5734.58 5714.98 5699.91 5686.11 5676.57 5667.5 5660.94 5662.38 5657.85 5654.57 5658.35 5661.92 5664.69 5666.94 5668.31 5667.88 5670.75 5675.86 5683.99 5689.34 5689.11 5679.5 5661.56 5640.95 5619.45 5627 5631.21 5637.6 5647.99
5037.95 5049.7 5105.35 5198.02 5367.82 5615.74 5770.09 5843.28 5885.69 5908.67 5921.54 5925.22 5880.61 5852.14 5840.39 5832.25 5824.14 5818.42 5807.81 5804.94 5805.67 5805.58 5805.57 5807.69 5827.79 5864.52 5898.5 5918.42 5918.69 5913.88 5917.09 5923.81 5920.88 5893.2 5855.52 5818.63 5783.46 5753.41 5728.79 5711.06 5698.3 5687.74 5679.22 5672.25 5667.65 5665.11 5654.21 5651.7 5655.37 5660.24 5663.96 5666.47 5667.64 5667.1 5664.87 5674.06 5682.22 5686.8 5682 5673.66 5657.31 5639.5 5628.66 5631.85 5641.36 5652.84 5669.02
5041.62 5069.13 5194.35 5324.91 5499.68 5744.91 5898.99 5949.2 5957.78 5948.87 5937.44 5909.61 5860.46 5854.12 5847.41 5837.96 5828.65 5815.74 5817.5 5820.57 5822.63 5824.2 5827.66 5828.46 5856.1 5898.2 5933.9 5949.54 5959.26 5940.84 5941.07 5954.83 5961.09 5918.47 5871.13 5826.03 5781.97 5740.76 5723.51 5710.04 5697.41 5690.48 5687.68 5681.54 5673.02 5666.07 5652.99 5649.85 5654.86 5661.41 5665.47 5667.73 5668.75 5669.08 5668.3 5673.66 5681.88 5688.79 5690.58 5673.49 5654.14 5636.56 5631.46 5641.06 5654.11 5663.41 5661.89
5108.47 5217.23 5362.6 5506.08 5664.54 5929.66 6066.17 6050.31 6008.97 5970.79 5943.84 5922.15 5879.88 5868.41 5858.82 5850.99 5845.22 5843.11 5842.78 5843.67 5841.36 5843.19 5851.59 5867.63 5895.75 5937.83 5981.16 6015.85 5978.76 5953.49 5953.8 5957.42 5967.6 5925.64 5882.21 5834.72 5788.49 5747.39 5728.38 5716.65 5705.07 5703.73 5704.88 5702.23 5692.11 5676.71 5662.3 5659.48 5663.19 5667.53 5669.82 5671.59 5673.14 5674.88 5676.49 5679.36 5679.9 5683.18 5684.95 5667.82 5650.37 5631.08 5631.73 5652.88 5671.39 5680.67 5667.53
5305.89 5435.61 5592.57 5740.86 5899.21 6122.27 6194.09 6097.02 6021.87 5964.24 5919.14 5900.27 5887.79 5878 5867.07 5858.99 5855.47 5856.08 5859.16 5859.86 5854.98 5857.11 5865.45 5898.56 5931.45 5979.45 6028.71 6057.93 5954.55 5972.62 5979.17 5948.3 5916.21 5923.91 5893.82 5846.48 5800.34 5763.96 5739.82 5731.17 5724.93 5726.83 5729.08 5727.16 5716.31 5698.5 5680.06 5679.29 5680.77 5677.76 5676.22 5676.31 5678.09 5680.8 5686.46 5683.15 5672.53 5663.84 5660.06 5656.63 5651.6 5644.78 5649.85 5669.58 5692.02 5710.47 5719.8
5553.39 5694.91 5836.81 5961.66 6131.28 6162.31 6103.33 6043.85 5987.25 5936.1 5889.29 5869.48 5878.31 5879.91 5870.36 5862.27 5857.96 5856.76 5857.79 5859.37 5861.48 5866.87 5875.77 5888.21 5954.08 6020.79 6074.15 6097.93 6045.71 6051.48 6059.6 6034.05 5992.96 5961.36 5917.02 5865.49 5812.09 5766.17 5745.32 5749.58 5758.77 5753.56 5753.73 5755.12 5744.82 5722.09 5704.29 5697.12 5694.21 5684.63 5680.17 5679.24 5680.43 5681.42 5679.63 5674.38 5665.98 5650.62 5643.05 5648.39 5650.75 5660.03 5668.91 5686.34 5711.59 5735.86 5749.13
5821.26 5972.5 6040.71 6066.5 6110.79 5990.21 5947.05 5951.81 5935.2 5904.7 5873.75 5866.93 5873.03 5876.25 5868.01 5859.67 5855.39 5855.72 5857.51 5860.8 5866.41 5874.44 5887.37 5916.53 5991.55 6075.09 6146.25 6172.35 6168.18 6188.1 6182.01 6163.55 6105.24 6023.2 5950.67 5886.42 5826.36 5773.16 5752.03 5762.83 5773.92 5767.28 5765.49 5771.49 5749.7 5726.56 5710.24 5696.6 5689.95 5683.46 5682.2 5682.54 5682.72 5682.92 5680.4 5675.14 5669.86 5660.5 5653.05 5649.79 5648.04 5651.46 5667.62 5693.45 5720.85 5742.84 5744.17
6056.15 6136.8 6097.99 6056.22 5994.42 5887.76 5884.47 5898.04 5894.45 5880.15 5865.21 5863.9 5871.38 5868.29 5861.45 5854.13 5847.47 5850.29 5859.88 5867.2 5873.21 5879.9 5900.16 5947.65 6034.52 6136.46 6242.09 6338.79 6401.44 6353.82 6296.46 6240.48 6160.02 6062.01 5978.51 5907.36 5845.38 5790.53 5766.98 5772.11 5777.13 5765.91 5755.2 5746.76 5732.76 5709.17 5693.12 5684.25 5674.66 5678.18 5681.3 5684.28 5686.08 5687.3 5686.69 5684.33 5679.48 5673.27 5663.43 5652.05 5641.42 5632.99 5661.16 5692.34 5720.31 5735.48 5719.97
