real_craters/C193-750m.grd
DSAA
242 242
-90.23 90.23
-90.23 90.23
4039.0028504969 6584.0020971665
[rows 152 to 189 of 242, columns 0 to 83 of 242]
5562 5545 5516 5502 5505 5512 5560 5719 5749 5738 5731 5724 5683 5649 5636 5605 5580 5568 5566 5559 5549 5536 5517 5521 5537 5538 5537 5546 5555 5550 5546 5543 5534 5543 5548 5545 5546 5565 5581 5588 5591 5592 5602 5608 5622 5643 5665 5690 5704 5716 5715 5699 5687 5678 5675 5683 5677 5633 5650 5640 5631 5642 5622 5624 5634 5663 5665 5675 5701 5727 5735 5731 5729 5719 5736 5781 5804 5811 5794 5777 5788 5963 5991 5996
5592 5577 5544 5526 5543 5572 5634 5748 5839 5830 5729 5736 5719 5660 5635 5615 5605 5600 5589 5579 5568 5557 5550 5537 5536 5538 5528 5517 5520 5533 5538 5544 5552 5554 5558 5559 5549 5570 5589 5598 5597 5596 5597 5607 5624 5649 5674 5693 5703 5708 5705 5697 5688 5688 5683 5683 5677 5658 5646 5644 5637 5633 5635 5627 5643 5663 5674 5684 5713 5746 5750 5748 5756 5760 5727 5766 5801 5819 5803 5790 5828 5958 5976 5963
5616 5627 5636 5613 5600 5660 5786 5897 6009 6068 5997 5823 5753 5711 5642 5632 5629 5623 5618 5600 5587 5578 5574 5556 5547 5535 5517 5502 5506 5520 5532 5545 5555 5564 5570 5570 5577 5583 5591 5599 5609 5599 5593 5600 5621 5643 5674 5700 5705 5700 5691 5694 5693 5681 5677 5677 5681 5668 5648 5644 5637 5634 5632 5640 5651 5663 5681 5706 5726 5749 5761 5761 5773 5790 5778 5768 5793 5804 5801 5792 5814 5896 5929 5936
5633 5665 5702 5659 5617 5666 5871 6115 6172 6285 6312 6020 5860 5796 5709 5675 5652 5644 5638 5613 5594 5584 5575 5548 5533 5528 5515 5498 5502 5515 5526 5540 5558 5571 5588 5600 5603 5597 5594 5598 5602 5601 5597 5605 5622 5646 5679 5715 5716 5701 5684 5694 5695 5674 5665 5661 5662 5659 5644 5621 5590 5595 5636 5668 5654 5658 5686 5720 5739 5763 5769 5768 5773 5776 5722 5762 5783 5795 5805 5790 5767 5819 5849 5848
5630 5681 5702 5680 5612 5628 5822 6048 6132 6227 6202 5975 5890 5863 5792 5715 5651 5613 5597 5589 5582 5578 5576 5556 5530 5528 5526 5521 5518 5519 5523 5528 5543 5572 5599 5625 5614 5604 5594 5592 5611 5608 5603 5606 5627 5647 5679 5725 5724 5706 5700 5698 5703 5671 5650 5639 5625 5616 5608 5594 5582 5589 5645 5639 5627 5636 5680 5727 5741 5763 5782 5770 5762 5762 5782 5786 5795 5787 5793 5788 5761 5782 5790 5786
5640 5668 5681 5649 5593 5595 5718 5860 5951 5958 5880 5864 5820 5786 5757 5684 5615 5566 5551 5557 5559 5559 5558 5551 5539 5536 5542 5555 5537 5528 5525 5526 5542 5569 5600 5627 5627 5611 5598 5602 5621 5616 5614 5621 5635 5655 5644 5690 5699 5689 5682 5671 5665 5647 5633 5611 5586 5595 5599 5579 5566 5574 5594 5603 5620 5641 5675 5700 5741 5798 5815 5781 5750 5759 5795 5793 5782 5765 5758 5750 5750 5765 5763 5751
5622 5645 5666 5669 5584 5565 5700 5782 5794 5770 5751 5727 5713 5674 5622 5588 5570 5545 5529 5533 5538 5541 5544 5540 5535 5539 5543 5543 5540 5534 5528 5526 5542 5568 5593 5611 5611 5610 5604 5600 5616 5622 5622 5622 5635 5645 5646 5653 5656 5661 5653 5643 5616 5619 5625 5625 5580 5579 5587 5596 5570 5576 5585 5607 5636 5659 5691 5728 5767 5801 5804 5770 5726 5730 5768 5774 5762 5731 5712 5695 5732 5761 5761 5746
5589 5618 5634 5641 5581 5554 5592 5658 5682 5668 5643 5616 5620 5601 5574 5555 5543 5525 5514 5520 5524 5527 5532 5540 5540 5544 5541 5540 5541 5539 5537 5536 5551 5573 5590 5607 5631 5627 5618 5607 5626 5634 5634 5631 5641 5644 5651 5653 5642 5649 5658 5664 5669 5652 5619 5591 5572 5569 5569 5611 5604 5575 5553 5593 5613 5656 5698 5741 5784 5798 5817 5745 5706 5710 5734 5736 5720 5700 5677 5669 5759 5773 5765 5755
5559 5590 5590 5571 5543 5525 5527 5575 5617 5632 5614 5579 5571 5560 5551 5552 5537 5526 5521 5515 5515 5516 5524 5538 5540 5542 5543 5543 5545 5546 5549 5558 5570 5588 5603 5618 5637 5649 5640 5650 5658 5656 5655 5660 5664 5669 5661 5652 5639 5648 5662 5680 5691 5657 5610 5565 5548 5539 5555 5584 5565 5544 5524 5621 5686 5680 5698 5708 5709 5736 5725 5693 5658 5681 5709 5705 5689 5672 5650 5649 5723 5760 5761 5756
5545 5565 5554 5537 5523 5518 5520 5550 5584 5612 5596 5570 5555 5542 5534 5542 5538 5515 5504 5508 5511 5517 5520 5526 5533 5545 5547 5549 5551 5553 5556 5569 5585 5606 5630 5641 5642 5652 5656 5657 5678 5679 5680 5677 5694 5711 5698 5688 5667 5654 5668 5690 5695 5661 5609 5559 5537 5554 5578 5570 5540 5532 5531 5600 5659 5695 5704 5704 5708 5680 5652 5650 5657 5673 5693 5692 5668 5639 5630 5631 5688 5730 5745 5751
5533 5552 5546 5539 5544 5530 5524 5543 5563 5572 5576 5560 5553 5545 5543 5566 5555 5529 5511 5509 5512 5510 5515 5522 5543 5554 5556 5556 5558 5562 5565 5566 5597 5622 5642 5654 5657 5674 5684 5687 5695 5707 5718 5718 5735 5756 5751 5726 5661 5662 5687 5711 5715 5685 5642 5584 5580 5591 5583 5577 5588 5563 5564 5648 5720 5728 5721 5719 5709 5667 5620 5634 5665 5663 5684 5712 5673 5626 5615 5614 5665 5699 5723 5738
5529 5549 5549 5554 5572 5535 5538 5545 5557 5561 5563 5568 5559 5551 5557 5577 5567 5548 5522 5517 5519 5525 5516 5520 5567 5562 5559 5558 5564 5575 5591 5605 5618 5637 5662 5670 5684 5703 5707 5714 5714 5738 5772 5800 5810 5812 5804 5777 5696 5688 5710 5743 5734 5713 5703 5684 5644 5537 5606 5665 5618 5615 5681 5725 5772 5759 5747 5749 5737 5684 5619 5629 5680 5656 5679 5723 5678 5617 5615 5615 5637 5674 5709 5733
5532 5548 5551 5555 5549 5545 5544 5551 5560 5567 5573 5567 5561 5552 5544 5554 5562 5562 5538 5528 5522 5523 5513 5514 5577 5568 5546 5554 5565 5581 5607 5625 5629 5641 5653 5669 5677 5688 5701 5711 5725 5763 5825 5900 5932 5890 5848 5802 5745 5722 5724 5723 5717 5719 5720 5720 5703 5689 5681 5689 5663 5686 5712 5742 5765 5774 5771 5782 5777 5716 5624 5637 5709 5701 5693 5696 5666 5638 5627 5619 5620 5664 5703 5736
5527 5544 5548 5552 5551 5553 5557 5562 5568 5588 5565 5566 5565 5552 5544 5544 5553 5562 5556 5537 5520 5506 5515 5524 5566 5559 5556 5555 5564 5577 5591 5608 5623 5638 5657 5666 5673 5678 5687 5694 5711 5764 5848 5953 6042 5948 5873 5809 5772 5748 5738 5734 5713 5720 5721 5717 5732 5712 5698 5698 5700 5706 5705 5779 5779 5787 5794 5804 5802 5767 5695 5690 5717 5692 5686 5689 5663 5646 5637 5636 5641 5676 5706 5726
5524 5538 5545 5552 5563 5565 5567 5569 5576 5573 5540 5554 5559 5548 5539 5536 5536 5534 5535 5530 5528 5526 5529 5537 5555 5551 5547 5554 5562 5570 5577 5592 5611 5627 5646 5666 5684 5697 5692 5685 5688 5745 5829 5911 5957 5927 5876 5836 5803 5778 5754 5719 5720 5743 5730 5708 5710 5722 5716 5709 5754 5746 5725 5753 5783 5808 5817 5819 5822 5809 5771 5754 5707 5684 5664 5655 5662 5656 5671 5686 5695 5705 5720 5736
5519 5534 5545 5555 5558 5574 5575 5568 5564 5542 5523 5540 5548 5539 5532 5522 5510 5515 5525 5530 5532 5535 5540 5559 5563 5555 5552 5558 5563 5569 5578 5588 5602 5615 5634 5664 5693 5711 5691 5683 5686 5730 5797 5855 5883 5872 5855 5841 5830 5818 5789 5768 5772 5797 5791 5711 5719 5741 5735 5735 5770 5784 5778 5780 5821 5838 5838 5835 5837 5817 5761 5683 5673 5667 5665 5664 5688 5723 5738 5716 5725 5724 5726 5730
5513 5529 5544 5562 5574 5584 5574 5556 5541 5555 5542 5529 5524 5525 5521 5512 5500 5509 5524 5531 5525 5526 5533 5546 5573 5579 5567 5567 5568 5570 5576 5586 5599 5610 5631 5662 5690 5708 5692 5693 5703 5733 5775 5807 5825 5829 5826 5829 5839 5839 5832 5841 5865 5863 5795 5722 5764 5757 5758 5758 5762 5797 5841 5845 5888 5879 5864 5852 5854 5829 5750 5683 5693 5709 5715 5715 5727 5738 5725 5727 5731 5731 5718 5703
5507 5523 5542 5559 5562 5556 5549 5541 5537 5537 5524 5520 5518 5517 5515 5510 5501 5509 5522 5532 5530 5527 5522 5518 5560 5590 5587 5576 5570 5569 5568 5584 5598 5611 5632 5660 5686 5696 5691 5702 5726 5753 5769 5783 5789 5797 5792 5791 5811 5844 5875 5918 5960 5943 5862 5752 5740 5743 5718 5736 5726 5753 5807 5822 5869 5883 5875 5861 5842 5798 5778 5748 5766 5794 5795 5782 5757 5749 5738 5717 5743 5740 5708 5688
5501 5518 5538 5553 5555 5534 5531 5532 5529 5518 5512 5512 5508 5513 5517 5517 5503 5511 5524 5538 5547 5541 5532 5532 5562 5581 5587 5583 5577 5573 5577 5591 5607 5625 5642 5664 5685 5701 5694 5706 5731 5751 5761 5775 5785 5782 5765 5748 5749 5823 5915 5957 6004 5996 5900 5813 5819 5782 5749 5739 5761 5779 5783 5802 5861 5884 5886 5878 5870 5869 5824 5784 5826 5858 5824 5797 5771 5739 5697 5703 5726 5728 5699 5684
5500 5515 5534 5550 5557 5545 5538 5531 5522 5508 5507 5509 5512 5515 5520 5521 5509 5508 5523 5541 5559 5556 5553 5559 5574 5591 5590 5587 5580 5577 5583 5599 5617 5628 5646 5667 5686 5701 5702 5705 5717 5729 5741 5755 5764 5763 5755 5741 5744 5863 5928 5966 5985 6024 5992 5915 5881 5830 5783 5780 5809 5834 5811 5818 5869 5899 5909 5911 5900 5876 5845 5807 5834 5868 5847 5812 5779 5741 5712 5678 5698 5707 5699 5692
5496 5518 5537 5547 5569 5564 5546 5530 5513 5510 5512 5514 5516 5519 5523 5521 5499 5506 5526 5543 5554 5561 5568 5575 5575 5562 5578 5586 5584 5577 5580 5602 5637 5628 5651 5674 5688 5691 5695 5699 5705 5707 5723 5733 5741 5750 5764 5779 5810 5853 5871 5915 5915 5967 6011 6002 5927 5906 5874 5864 5863 5883 5861 5856 5889 5926 5944 5945 5935 5915 5878 5840 5854 5866 5841 5819 5790 5755 5718 5679 5688 5690 5705 5698
5504 5529 5554 5577 5584 5576 5551 5529 5519 5524 5522 5522 5521 5523 5528 5524 5515 5520 5535 5550 5559 5562 5568 5576 5580 5582 5587 5594 5592 5586 5577 5572 5625 5645 5673 5687 5695 5697 5688 5695 5707 5714 5721 5728 5743 5759 5792 5825 5861 5875 5866 5875 5891 5948 6026 6056 6029 6010 6028 5977 5951 5947 5972 5961 5960 5988 5988 5984 5980 5966 5950 5946 5947 5912 5860 5845 5818 5784 5747 5731 5707 5687 5724 5707
5532 5554 5570 5585 5593 5566 5545 5524 5534 5534 5534 5532 5532 5534 5539 5542 5541 5540 5543 5558 5562 5554 5553 5561 5576 5583 5590 5598 5598 5605 5583 5539 5510 5686 5695 5699 5705 5701 5691 5710 5725 5732 5739 5749 5766 5797 5827 5861 5888 5891 5882 5900 5917 5998 6003 5981 5993 6008 6042 6069 6064 6092 6129 6096 6073 6057 6021 6013 6019 6049 6076 6069 6046 5997 5932 5907 5880 5829 5788 5804 5767 5727 5717 5728
5593 5582 5579 5576 5569 5558 5535 5521 5524 5542 5540 5538 5544 5554 5544 5550 5561 5544 5536 5536 5537 5537 5532 5537 5557 5569 5572 5591 5595 5590 5593 5597 5623 5668 5689 5699 5711 5719 5684 5737 5753 5768 5770 5763 5791 5820 5860 5899 5923 5951 5990 5984 6013 6039 5944 5857 5873 5967 6062 6093 6143 6186 6221 6129 6100 6060 6007 5991 5993 6033 6057 6101 6201 6105 6015 5989 5971 5939 5875 5898 5848 5782 5767 5747
5570 5582 5585 5584 5561 5551 5533 5521 5531 5541 5536 5533 5532 5529 5530 5528 5535 5518 5525 5521 5524 5528 5526 5527 5530 5537 5563 5586 5595 5604 5611 5628 5635 5641 5672 5693 5707 5719 5741 5761 5774 5796 5808 5813 5824 5860 5884 5925 6006 6059 5984 5954 5899 5801 5779 5805 5744 5692 5775 5897 5979 6007 5912 5939 5972 5990 5933 5900 5885 5888 5855 5970 6194 6167 6103 6045 6054 6069 5989 6003 5937 5871 5833 5771
5579 5587 5585 5577 5572 5547 5527 5524 5524 5527 5525 5523 5517 5509 5517 5530 5531 5531 5530 5532 5538 5532 5531 5532 5537 5547 5564 5572 5590 5609 5617 5633 5642 5645 5667 5687 5699 5718 5771 5756 5782 5821 5851 5845 5846 5839 5859 5909 5944 5897 5816 5802 5727 5684 5652 5590 5578 5543 5594 5676 5773 5721 5661 5707 5767 5830 5757 5731 5734 5735 5745 5796 5861 5956 5985 5986 6054 6139 6088 6082 5998 5924 5875 5825
5576 5580 5579 5571 5553 5527 5502 5494 5497 5505 5512 5514 5513 5513 5513 5515 5529 5540 5541 5537 5535 5540 5535 5540 5552 5554 5557 5557 5577 5594 5601 5609 5620 5639 5662 5685 5708 5740 5780 5758 5780 5824 5867 5897 5882 5860 5871 5907 5898 5839 5833 5701 5612 5570 5554 5512 5511 5523 5580 5646 5581 5548 5557 5480 5438 5451 5477 5497 5528 5576 5634 5677 5634 5650 5728 5796 5879 6028 6089 6042 5998 5963 5917 5893
5552 5549 5535 5525 5511 5504 5492 5494 5490 5495 5502 5507 5510 5510 5509 5511 5546 5553 5555 5559 5558 5552 5551 5546 5543 5541 5535 5552 5561 5573 5579 5580 5610 5642 5666 5690 5717 5748 5769 5757 5776 5818 5882 5915 5939 5949 5948 5932 5885 5883 5670 5593 5579 5589 5569 5515 5495 5495 5502 5473 5328 5332 5315 5244 5141 5109 5187 5248 5305 5386 5507 5508 5488 5528 5532 5553 5584 5692 5824 5851 5899 5967 5995 6000
5522 5511 5510 5502 5496 5498 5499 5505 5500 5498 5501 5506 5512 5515 5517 5520 5543 5559 5563 5557 5549 5557 5562 5551 5532 5528 5524 5534 5552 5565 5575 5583 5633 5652 5674 5695 5714 5740 5764 5768 5776 5796 5823 5908 5987 6053 6080 5973 5822 5654 5586 5567 5563 5528 5497 5467 5470 5413 5299 5243 5264 5234 5190 5048 4943 4901 4960 5017 5060 5099 5152 5192 5239 5241 5280 5314 5364 5486 5566 5564 5669 5813 5991 6059
5511 5512 5515 5511 5505 5500 5500 5485 5492 5497 5500 5506 5514 5527 5533 5528 5538 5553 5558 5550 5549 5562 5576 5559 5537 5530 5528 5546 5560 5568 5581 5617 5634 5653 5676 5699 5719 5742 5763 5775 5782 5780 5802 5915 5998 6099 6189 5968 5771 5631 5645 5595 5522 5469 5484 5427 5361 5222 5179 5191 5179 5061 4929 4883 4816 4770 4809 4843 4858 4845 4896 4976 5008 5016 5065 5110 5158 5337 5389 5375 5418 5525 5757 5940
5491 5483 5507 5504 5503 5498 5494 5481 5488 5492 5496 5500 5508 5521 5532 5521 5528 5530 5518 5522 5501 5514 5592 5559 5541 5537 5543 5558 5569 5567 5564 5569 5619 5643 5672 5703 5738 5749 5763 5787 5800 5788 5804 5899 5951 5978 5945 5840 5725 5659 5632 5529 5458 5482 5526 5271 5121 5038 5046 4951 4891 4867 4844 4791 4739 4709 4712 4721 4714 4703 4749 4854 4864 4897 4934 4985 5020 5129 5223 5211 5232 5278 5479 5704
5485 5457 5468 5482 5488 5488 5487 5488 5488 5486 5489 5491 5492 5490 5480 5487 5509 5519 5524 5516 5475 5474 5526 5548 5543 5540 5546 5554 5561 5559 5559 5566 5600 5630 5660 5691 5731 5738 5745 5779 5809 5826 5836 5894 5885 5841 5737 5703 5674 5621 5510 5380 5405 5399 5167 5002 4923 4915 4763 4731 4726 4665 4671 4672 4664 4651 4640 4637 4635 4641 4642 4657 4720 4761 4852 4929 5037 5116 5160 5157 5162 5179 5246 5460
5480 5468 5474 5485 5483 5477 5470 5475 5473 5478 5480 5479 5477 5467 5453 5462 5498 5519 5528 5518 5506 5531 5549 5533 5532 5533 5537 5536 5540 5551 5565 5579 5595 5618 5644 5666 5677 5701 5709 5717 5780 5864 5929 5883 5835 5765 5676 5645 5624 5569 5443 5267 5251 5151 4882 4812 4777 4710 4617 4591 4588 4566 4572 4591 4601 4590 4581 4581 4581 4582 4586 4606 4614 4708 4769 4852 4966 5138 5135 5158 5184 5161 5168 5277
5477 5475 5482 5490 5482 5469 5456 5455 5465 5468 5470 5472 5470 5464 5448 5467 5502 5538 5530 5517 5517 5519 5509 5503 5508 5523 5532 5520 5534 5551 5574 5583 5588 5610 5635 5654 5670 5675 5680 5704 5747 5848 5893 5873 5795 5729 5674 5639 5604 5420 5223 5143 5076 4948 4800 4726 4675 4629 4571 4544 4542 4551 4563 4573 4562 4536 4528 4531 4534 4535 4534 4539 4549 4575 4662 4770 4881 4981 5046 5113 5254 5198 5170 5211
5471 5470 5475 5484 5479 5471 5467 5457 5456 5458 5464 5470 5473 5477 5489 5493 5501 5509 5507 5502 5503 5497 5492 5494 5504 5521 5537 5557 5542 5553 5553 5547 5565 5598 5631 5658 5671 5670 5663 5671 5756 5923 5927 5816 5755 5708 5670 5619 5520 5263 5121 5091 5037 4892 4752 4671 4600 4560 4527 4513 4523 4541 4556 4562 4541 4514 4489 4488 4495 4496 4484 4474 4478 4497 4566 4666 4775 4855 4906 4951 5068 5200 5232 5257
5470 5467 5467 5468 5474 5476 5471 5451 5443 5453 5464 5471 5479 5485 5481 5509 5494 5477 5481 5490 5495 5494 5489 5483 5502 5523 5541 5551 5555 5568 5539 5526 5556 5598 5636 5671 5692 5678 5665 5663 5812 6067 6018 5801 5734 5688 5621 5531 5412 5179 5080 5024 4945 4788 4669 4604 4541 4512 4499 4497 4504 4514 4528 4533 4518 4500 4446 4451 4462 4467 4445 4431 4432 4457 4492 4522 4622 4718 4762 4787 4863 5060 5216 5269
5471 5479 5459 5456 5471 5483 5493 5470 5449 5457 5465 5472 5483 5493 5503 5498 5487 5475 5488 5495 5491 5485 5488 5500 5512 5534 5558 5574 5624 5622 5588 5544 5578 5611 5639 5674 5692 5692 5694 5721 5859 6056 6024 5846 5753 5676 5583 5470 5343 5155 5033 4929 4792 4689 4599 4547 4502 4489 4488 4493 4486 4484 4489 4490 4480 4463 4417 4422 4434 4429 4409 4398 4396 4418 4434 4439 4533 4609 4637 4653 4696 4886 5051 5149
5459 5460 5462 5460 5471 5482 5480 5471 5467 5469 5471 5475 5481 5492 5503 5496 5486 5474 5483 5498 5502 5489 5478 5469 5514 5549 5584 5634 5660 5650 5644 5627 5618 5628 5651 5681 5701 5713 5730 5787 5866 5981 6005 5906 5786 5664 5547 5438 5211 5020 4907 4802 4732 4648 4569 4520 4485 4472 4471 4489 4452 4444 4451 4451 4441 4415 4397 4403 4415 4409 4380 4363 4365 4391 4411 4407 4442 4513 4546 4564 4610 4795 4930 5036
