real_craters/C193-1000m.grd
DSAA
104 104
-51.56 51.56
-51.56 51.56
7159.3233834219 10720.626444381
[rows 30 to 59 of 104, columns 0 to 66 of 104]
9702.54 9722.52 9735.45 9737.86 9767.18 9751.56 9747.03 9768.38 9786.54 9802.17 9813.46 9823.98 9834.73 9855.16 9870.69 9870.29 9878.55 9875.78 9881.09 9894.53 9927.09 9930.47 9956.76 9981.07 10044.5 10187.6 10221.3 10195.5 10188.9 10195.6 10242.2 10272.8 10276.2 9923.57 9723.45 9720.63 9687.02 9497.29 9282.67 9076.24 9009.27 8977.2 8947.69 8912.09 8701.36 8583.81 8569.89 8617.93 8674.94 8595.75 8676.31 8777.81 8799.24 8704.14 8648.04 8540.21 8486.11 8604.56 8722.9 8803.06 8858.18 9020.51 9287.14 9232.99 9207.74 9177.01 9145.83
9693.78 9706.98 9725.9 9764.3 9768.35 9763.94 9752.35 9779.21 9803.28 9815.18 9829.59 9841.13 9852.14 9867.18 9892.18 9913.92 9935.57 9933.35 9915.23 9917.66 9936.46 9929.54 9938.74 9965.16 9987.64 10190.1 10253.3 10239.5 10219.9 10213.1 10216.3 10206.1 10058.6 9696.86 9519.34 9542.78 9525.22 9414.03 9209.37 9023.1 8889.85 8805.34 8759.12 8676.49 8430.94 8387.83 8402.94 8433.51 8520.53 8485.53 8520.33 8593.01 8707.32 8663.07 8537 8441.56 8365.89 8458.84 8521.26 8578.19 8586.63 8733.72 8840.59 8993.94 9113.75 9085.7 9088.26
9686.57 9695.83 9721.42 9735.44 9755 9774.16 9785.55 9820.57 9818.45 9830.08 9843.99 9861.73 9878.13 9900.8 9935.2 9933.72 9934.85 9932.48 9930.19 9928.46 9909.91 9891.43 9934.86 9991.83 10047.1 10162.8 10197.9 10202.3 10230.9 10214.1 10205.7 10220 9848.71 9500.33 9429.67 9425.59 9443.71 9373.29 9118.05 8965.18 8830.64 8651.47 8559.17 8448.72 8342.6 8301.12 8299.98 8301.7 8383.47 8320.41 8350.16 8384.81 8427.21 8434.69 8392.78 8322.69 8252.46 8298.95 8321.66 8313.56 8302.2 8469.56 8634.16 8803.2 8950.01 8971.53 8977.92
9700.22 9709.44 9718.78 9725.44 9750.43 9778.7 9781.07 9809.03 9825.06 9838.84 9856.86 9880.71 9904.4 9922.56 9948.78 9925.04 9910.26 9907.9 9915.61 9926.3 9935.84 9931.09 9920.85 9967.77 10089.3 10015.5 10081.3 10216.4 10241.4 10221.8 10165.3 9967.3 9657.88 9465.03 9414.47 9328.76 9209.22 9105.45 8844.26 8674.04 8603.97 8494.77 8400.4 8272.76 8228.66 8240.08 8256.71 8272.99 8264.88 8230.64 8229.05 8216.07 8183.07 8221.04 8226.81 8186.25 8143.92 8169.06 8162.73 8125.64 8135.16 8289.9 8467.54 8589.07 8675.45 8727.48 8723.67
9712.88 9721.35 9723.42 9721.86 9735.57 9751.24 9788.86 9813.63 9829.23 9849.71 9867.34 9885.19 9913.87 9916.23 9905.55 9896.79 9877.94 9862.24 9886.87 9910.56 9934.14 9892.78 9875.62 9854.71 9864.44 9937.88 10071.5 10198.9 10285.6 10261.2 10127.9 9768.43 9590.34 9541.38 9415.5 9256.33 9052.25 8923.12 8783.53 8714.43 8478 8439.67 8288.48 8163.98 8161.51 8164.65 8163.09 8158.49 8143.96 8143.71 8130.89 8112.12 8029.4 8049.73 8077.12 8065.08 8033.85 8044.98 8058.72 8058.93 8073.36 8150.87 8238.17 8337.73 8411.31 8483.08 8616.04
9722.66 9730.54 9719.43 9719.9 9723.52 9725.06 9770.77 9806.77 9826.62 9841.24 9855.71 9869.97 9878.96 9888.88 9876.06 9879.5 9858.65 9838.18 9863.14 9885.52 9901.02 9882.83 9852.32 9816.8 9868.78 10073 10278.6 10444.7 10448.9 10344.3 10205 9845.86 9616.15 9599.46 9380.61 9201.58 9105.74 9041.92 8844.4 8421.99 8284.31 8269.34 8186.69 8098.61 8106.4 8102.95 8094.92 8128.72 8214.13 8124.23 8047.91 7993.85 7956.9 7961.03 7977.02 7975.17 7955.52 7969.11 7992.84 8008.38 8020.79 8044.25 8045.97 8094.21 8302.12 8291 8333.09
9724.9 9739.87 9734.32 9725.11 9732.42 9748.43 9793.26 9824.28 9833.4 9842.02 9851.8 9859.63 9875.28 9919.59 9933.71 9893.5 9860.64 9832.92 9852.85 9870.95 9869.27 9906.86 9873.94 9848.9 9941.85 10149.6 10358.6 10493.6 10457.4 10290.2 10116.8 9764.15 9334.47 9266.67 9151.27 9014.71 8864.45 8707.12 8506.95 8265.08 8223.01 8182.21 8108.99 8064.81 8060.84 8062.67 8038.3 8060.34 8026.03 8013.37 7976.77 7938.48 7932.5 7927.42 7927.46 7927.71 7924.92 7933.37 7947.98 7960.06 7977.4 7982.62 7981.24 7994.2 8013.34 8049.66 8222.67
9718.8 9718.4 9734.61 9730.49 9730.74 9779.37 9793.57 9827.98 9841.19 9839.72 9838.47 9840.89 9857.03 9924.06 9940.45 9905.38 9864.85 9830.44 9850.16 9885.84 9924.44 9965.55 9905.69 9840.05 9983.76 10223.9 10397.2 10527.8 10395.5 10057.8 9765.31 9375.01 9071.47 8948.88 8895.72 8792.14 8642.91 8564.91 8368.79 8259.16 8193.11 8097.19 8047.85 8022.34 8007.02 7990.11 7982.62 7978.17 7960.78 7955.96 7939.81 7924.94 7917.73 7909.23 7905.44 7903.41 7900.02 7904.21 7920.38 7934.89 7949.04 7956.8 7961.02 7963.45 7972.4 7994.52 8022.91
9718.8 9737.14 9733.36 9736.42 9732.02 9767.15 9787.44 9825.61 9845.52 9838.26 9831.24 9826.01 9847.3 9902.93 9925.22 9904.74 9868.99 9833.19 9851.44 9897.01 9939.56 9933.2 9916.33 9912.89 10094.5 10372.4 10513 10299.3 9968.73 9701.27 9390.85 9108.98 8922.59 8848.77 8778.26 8646.12 8507.73 8406.92 8235.22 8163.83 8148.73 8056.18 8001.12 7983.38 7967.62 7958.48 7954.85 7947.41 7932.08 7931.01 7918.92 7909.97 7903.09 7891.39 7888.02 7886.56 7884.47 7885.91 7902.3 7914.08 7928.3 7938.2 7948.53 7961.05 7961.73 7976.36 8006.6
9718.76 9731.06 9743.11 9750.26 9759.68 9802.97 9813.81 9854.03 9846.5 9841.65 9829.1 9821.17 9836.9 9914.83 9921.54 9901.3 9872.95 9846.38 9858.74 9904.62 9930.65 9921.19 9953.47 10039.1 10225.9 10439.7 10462.1 10063.3 9594.82 9417.66 9229.86 9013.36 8876.46 8838.08 8732.13 8579.98 8441.19 8311.26 8155.25 8075.85 8078.2 7994.59 7961.62 7953.81 7942.64 7933.96 7935.47 7933.13 7918.45 7905.81 7892.08 7904.63 7883.44 7876.01 7873.52 7874.75 7873.35 7874.64 7889.47 7902.16 7905.78 7915.3 7928.05 7939.51 7951.77 7974.2 8005.37
9720.88 9730.54 9753.9 9758.94 9764.69 9815.3 9857.15 9851.68 9848.86 9841.95 9838.65 9842.56 9867.67 9893.64 9914.55 9905.67 9885.45 9857.35 9872.2 9954.17 9969.87 9936.53 9971.59 10127.7 10270 10418.9 10365.8 9959.77 9455 9306.04 9183.56 9045.45 8947.35 8791.16 8629.79 8513.19 8427.9 8289.16 8119.9 8007.35 7988.63 7951.96 7932.56 7924.02 7916.86 7917.13 7924.14 7926.71 7912.76 7897.93 7900.78 7895.86 7886.72 7873.7 7868.11 7869.7 7869.32 7868.53 7875.79 7886.18 7883.91 7891.05 7908.3 7917.01 7937.48 7969.69 7987.8
9727.73 9728.63 9731.02 9762.97 9804.81 9855.4 9862.04 9880.32 9859.3 9852.49 9850.66 9856.54 9880.9 9932.57 9917.48 9911.49 9908.32 9900.1 9939.03 10024.2 10038 9972.56 9960.42 10037.4 10211.4 10369.4 10439.2 9974.81 9489.87 9309.66 9218.66 9086.95 8955.59 8682.4 8516.28 8447.43 8424.74 8294.97 8110.99 7978.01 7935.39 7910.89 7897.1 7894.57 7889.48 7899.86 7917.11 7927.85 7922 7908.07 7900.18 7902.22 7896.48 7879.38 7872.01 7869.41 7865.64 7861.08 7862.52 7869.53 7883.46 7895.21 7900.79 7904.15 7926.65 7952.87 8000.1
9720.78 9724.81 9731.91 9776.75 9819.96 9851.36 9856.62 9849.83 9858.34 9858.42 9860.01 9863.36 9867.64 9883.52 9900.92 9913.82 9925.98 9950.48 9997.38 10021.7 10020.2 9985.27 9968.89 10025 10135.7 10223.6 10192.6 9876.39 9569.25 9253.58 9076.64 8955.1 8748.2 8595.01 8518.83 8477.86 8441.41 8296.33 8096.14 7935.71 7899.31 7877.5 7873.03 7877.33 7877.55 7887.09 7908.86 7924.68 7924.04 7909.28 7902.72 7903.71 7899.14 7893.95 7884.94 7867.42 7858.9 7857.17 7860.94 7870.8 7883.16 7897.39 7902.9 7912.55 7925.34 7944.37 7982.08
9710.77 9732.11 9755.97 9790.09 9814.19 9832.79 9816.92 9837.55 9849.19 9856.28 9865.48 9869.19 9858.43 9856.02 9887.19 9908.35 9927.25 9947.25 9967.73 9958.98 9975.58 9993.11 10017.3 10065.8 10082.4 10041.6 9872.2 9662 9356.76 9070.4 8884.8 8840.02 8692.66 8575.21 8530.85 8489.78 8454.95 8275.67 8073.03 7920.34 7877.09 7858.1 7861.57 7868 7873.89 7887.92 7901.8 7923.6 7926.74 7917.23 7908.78 7905.77 7899.28 7887.05 7872.84 7856.31 7846.78 7845.64 7849.56 7860.38 7873.43 7887.24 7902.2 7918.48 7929.2 7942.44 7972.91
9713.79 9743.95 9765.58 9791.68 9803.62 9794.52 9797.92 9813.5 9830.78 9848.65 9867.03 9904.39 9892.57 9891.31 9896.1 9907.01 9914.45 9916.27 9887.67 9966.41 9975.72 9983.14 10000.3 10125 10042 9934.41 9780.24 9536.08 9244.54 8999.54 8865.38 8815.65 8705.51 8604.51 8514.85 8489.3 8384.12 8200.68 8030.23 7901.73 7859.18 7840.25 7841.14 7858.44 7866.21 7882.89 7894.63 7921.64 7926.95 7915.62 7910.37 7907.29 7896.14 7868.4 7844.34 7833.87 7829.97 7828.44 7828.67 7838.06 7860.34 7881.04 7898.5 7913.8 7927.6 7940.62 7967.31
9741.33 9758.35 9786.23 9791.39 9785.24 9771.52 9777.94 9812.76 9843.24 9833.87 9845.52 9856.23 9904.48 9915.57 9916.85 9917.72 9908.03 9907.95 9919.61 9936.43 9969.44 9992.03 10049.5 10072.4 10005.3 9888.55 9689.3 9486.3 9252.52 9012.42 8901.56 8882.65 8780.9 8626.65 8471.05 8380.56 8184 8094.81 7980.64 7888.55 7860.88 7840.81 7835.52 7848.29 7859.74 7872.76 7898.98 7918.53 7924.1 7912.57 7903.09 7912.14 7884.95 7845.99 7822.14 7802.16 7797 7797.72 7797.62 7817.34 7847.71 7878.86 7892.53 7907.7 7921.98 7935.74 7961.27
9738.36 9758.79 9774.66 9798.06 9826.79 9859.77 9828.45 9817 9804.57 9811.19 9823.73 9854.45 9887.88 9915.76 9920.37 9926.28 9925.02 9919.39 9934.95 9946.08 9966.17 9987.22 9996.44 10027.1 10012.6 9897.01 9757.9 9533.35 9255.83 9028.53 8990.55 9043.26 8913.15 8706.02 8551.13 8383.7 8162.39 8036.82 7940.14 7879.35 7863.5 7847.89 7838.36 7843.93 7857.4 7873.07 7890.58 7921.98 7927.54 7920.58 7916.98 7886.84 7838.87 7803.79 7768.86 7755.26 7750.28 7750.54 7764 7802.59 7836.76 7865.8 7869.75 7885.48 7913.16 7930.77 7962.26
9744.59 9764.36 9774.93 9783.46 9785.33 9823.21 9841 9832.36 9819.9 9811.12 9809.94 9842.84 9910.3 9925.39 9922.22 9925.41 9935.35 9942.81 9930.56 9955.05 10013.3 10058.3 10097.1 10187.1 10081.9 9904.71 9706.64 9492.71 9302.28 9159.62 9041.33 8984.5 8811.58 8609.66 8504.55 8321.16 8133.76 8004.74 7914.54 7858.8 7842.32 7835.22 7835.08 7839.54 7853.07 7874.65 7896.77 7937.04 7941.78 7930.41 8025.58 7816.12 7767.54 7730.04 7733.84 7702.52 7687.81 7706.91 7739.83 7791.01 7823.79 7853.07 7868.62 7879.95 7901.25 7923.24 7951.17
9753.25 9765.47 9774.71 9781.01 9774.96 9789.63 9827.71 9827.59 9840.1 9834.64 9828.17 9847.39 9925.61 9902.35 9890.92 9887.52 9892.83 9908.04 9956.92 10025.4 10121.1 10219.7 10377.5 10437.8 10151.1 9905.08 9669.71 9465.4 9350.28 9248.52 9059.56 8804.13 8651.53 8495.47 8275.65 8096.38 8018.76 7953.61 7885.68 7832.55 7804.07 7811.97 7821.07 7831.35 7847.31 7874.62 7916.07 7980.13 7988.36 7954.84 7873.23 7753.32 7684.48 7611.75 7560.61 7558.86 7608.25 7660.22 7723.38 7772.51 7812.34 7841.47 7857.77 7870.45 7885.28 7908.03 7930.32
9749.97 9757.7 9765.14 9773.61 9792.6 9809.88 9826.19 9818.81 9858.81 9820 9816.4 9813.73 9804.46 9843.87 9857.31 9855.11 9855.99 9867.39 9915.77 10085.4 10216.4 10346.6 10396.1 10288.4 10133.4 9891.15 9640.67 9452.91 9378.73 9277.46 9106.65 8888.63 8561.55 8257.78 8109.57 8016.4 7964.68 7915.74 7862.13 7816.15 7792.02 7799.09 7815.8 7833.99 7850.38 7892.63 8034.33 8150.78 8026.13 7956.18 7821.24 7721.1 7583.07 7484.33 7420.38 7452.91 7570.79 7648.34 7691.84 7756.4 7808.52 7837.51 7850 7862.82 7880 7891.81 7916.03
9739.78 9743.23 9748.19 9762.39 9777.04 9790.87 9794.09 9809.33 9790.26 9774.2 9757.87 9784.08 9806.18 9815.54 9822.81 9830.07 9822.02 9821.39 9835.9 10034.6 10255.3 10439.3 10490.8 10349.2 10142.7 9897.32 9621.36 9382.05 9350.69 9273.15 9087.53 8803.59 8512.63 8233.85 8101.19 8003.09 7948.14 7890.63 7837.79 7803.37 7787.39 7802.47 7815.84 7840.51 7860.27 7898.28 7982.46 8045.34 7952.7 7811.07 7615.04 7500.95 7402.19 7346.41 7329.26 7394.86 7573.28 7783.87 7816.46 7787.24 7812.47 7839.6 7848.03 7848.36 7860.26 7878.17 7907.23
9717.17 9723.1 9732.71 9770.67 9785.74 9789.45 9802.25 9807.96 9790.04 9782.8 9788.03 9782.13 9793.88 9801.09 9809.66 9810.95 9813.59 9821.3 9873.36 10081.8 10247.5 10432.7 10477.2 10362.4 10213.4 9957.32 9665.5 9439 9306.75 9223.33 9051.19 8786.73 8533.75 8332.39 8258.47 8045.88 7925.11 7861.7 7827.7 7807.59 7809.25 7806.26 7803.84 7823.38 7856.85 7889.28 7921.25 7954.52 7823.12 7635.49 7303.47 7248.71 7261.09 7246.29 7228 7283.48 7569.64 7834.08 7901.79 7842.61 7824.21 7825.96 7837.16 7838.85 7847.04 7874.09 7906.09
9681.79 9697.42 9718.27 9744.08 9770.92 9779.57 9780.93 9795.29 9819.1 9837.45 9831.56 9798.71 9794.32 9807.48 9814.5 9821.62 9831.53 9851 9900.84 10068.5 10170.5 10276.1 10402.4 10517.3 10365.8 10077.9 9751.17 9439.84 9300.42 9223.48 9077.75 8829.98 8568.56 8322.73 8198.39 8088.86 7903.41 7852.76 7825.74 7811.24 7817.41 7800.9 7805.29 7812.07 7847.52 7884.23 7919.61 7911.4 7742.01 7507.26 7286.26 7159.32 7209.12 7263.81 7290.64 7329.64 7608.26 7834.67 7876.74 7853.25 7836.26 7822.95 7777.52 7820.34 7851.47 7882.21 7906.83
9669.68 9680.86 9695.76 9731.75 9733.87 9762.98 9793.03 9798.95 9809.06 9835.49 9837.46 9834.3 9828.56 9824.9 9838.75 9852.75 9874.71 9899.1 9960.45 10012.3 10063.6 10150.6 10368 10659.9 10521.8 10193.9 9849.32 9534.83 9326.74 9183.41 9053.76 8876.02 8621.28 8370.84 8193 8085.2 7896.36 7854.38 7833.87 7813.34 7806.43 7807.38 7795.01 7805.14 7840.52 7868.04 7879.49 7882.09 7739.69 7547.78 7420.46 7193.71 7300.6 7377.07 7468.67 7607.09 7690.53 7797.97 7835.67 7841.22 7846.31 7832.2 7802.74 7842.42 7864.22 7891.51 7905.31
9670.14 9672.23 9665.92 9660.54 9693.83 9738.49 9776.92 9783.16 9783.15 9803.1 9811.46 9823.85 9837.31 9845.52 9870.48 9895.22 9917.24 9924.3 9916.92 9941.55 9991.28 10067.2 10319.3 10605.7 10536.2 10242.8 9908.55 9574.74 9360.72 9168.81 9060.27 8884.18 8690.57 8473.69 8223.89 8023.13 7916.14 7868.4 7846.04 7822.3 7807.27 7786.32 7779.34 7802.17 7835.29 7845.26 7839.82 7824.66 7829.4 7800.13 7581.09 7481.25 7493.99 7538.54 7607.65 7695.82 7738.38 7760.78 7819.72 7861.73 7850.67 7844.85 7846.36 7852.23 7868.57 7879.93 7887.61
9679.13 9681.59 9689.53 9695.61 9688.79 9715.51 9739.71 9754.03 9760.95 9747.6 9796.47 9821.52 9831.94 9855.85 9884.39 9913.36 9947.8 9977.86 10002.1 9983.9 10027.2 10113 10296.7 10499.8 10455.9 10224.9 9946.86 9672.72 9352.06 9157.18 9016.02 8901.07 8742.48 8571.85 8225.11 8033.62 7927.13 7885.2 7859.67 7836.33 7814.39 7786.38 7783.49 7795.84 7810.25 7823.6 7837.69 7825.19 7821.68 7802.85 7776.81 7697.76 7660.69 7663.23 7698.74 7751.67 7780.69 7801.84 7822.11 7843.06 7845.22 7844.93 7847.49 7845.16 7860.5 7876.85 7899.78
9694.67 9692.98 9692.12 9695.64 9682.63 9710.57 9735.2 9748 9752.76 9760.36 9773.13 9767.01 9815.41 9850.17 9877.54 9907.76 9952.25 10002.2 10044.4 10080.4 10147.2 10254.1 10291.1 10394.5 10354 10190.4 9959.62 9673.02 9366.8 9201.64 9099.31 8987.92 8813.4 8572.39 8408.57 8069.84 7929.5 7905.13 7879.08 7851.94 7833.95 7820.14 7816.53 7795.81 7789.96 7797.48 7795.77 7796.8 7799.6 7802.62 7769.88 7737.54 7727.19 7724.84 7742.79 7773.84 7788.64 7801.81 7813.62 7824.68 7832.78 7840.6 7846.02 7844.92 7848.68 7875.62 7905.11
9704.77 9700.55 9695.45 9682.62 9707.54 9719.37 9728.01 9724.51 9726.79 9744.77 9773.65 9792.57 9816.6 9837.57 9865.61 9891.96 9935.18 10015.5 10074.6 10117.2 10166.5 10220.4 10262.7 10347.4 10316.9 10187.2 9982.78 9736 9427.47 9294.65 9194.45 9082.3 8907.76 8696.66 8267.17 8061.67 7958.56 7922.42 7892.11 7861.14 7837.7 7831.23 7811.54 7780.17 7765.71 7781.36 7790.83 7781.48 7784.89 7788.41 7790.75 7768.06 7751.38 7751.62 7756.23 7766.02 7775.06 7786.13 7801.2 7815.23 7824.15 7831.77 7841.08 7833.96 7835.21 7872.5 7901.92
9705.95 9703.25 9710.1 9697.71 9718 9732 9732.12 9728.5 9729.98 9752.68 9788.24 9811.25 9824.74 9844.72 9843.5 9863.4 9891.43 9936.48 10018.9 10111.8 10173.9 10172.1 10280 10348 10345 10229.3 10005.6 9800.04 9479.08 9370.01 9286.22 9130.15 8987.68 8834.12 8369.73 8104.38 7989.72 7937.67 7903.65 7876.26 7848.23 7830.06 7811.71 7773.3 7763.69 7775.31 7780.1 7769.04 7765.56 7787.35 7783.7 7775.84 7757.94 7751.4 7751.13 7753.35 7759.36 7772.7 7786.92 7799.98 7810.57 7824.51 7839.84 7852.78 7862.67 7869.94 7913.28
9703.58 9697.76 9687.46 9691 9739.81 9749.81 9756.08 9766.87 9756.19 9773.35 9802.9 9808.7 9824.62 9838.55 9832.77 9842.12 9847.46 9847.18 9959.25 10075.2 10152.6 10182.6 10293 10421.2 10496.2 10321.6 10048.2 9799.31 9578.17 9382.13 9281.56 9133.71 8989.66 8804.11 8568.6 8329.17 8129.85 7979.72 7949.77 7902.52 7861.93 7837.1 7814.12 7782.75 7773.43 7780.73 7777.16 7773.63 7796.73 7785.32 7774.97 7760.56 7750.82 7747.4 7743.68 7742.46 7747.91 7760.37 7774.65 7786.97 7799.31 7820.3 7841.72 7865.64 7873.19 7877.82 7910.83
