real_craters/C193-750m.grd
DSAA
242 242
-90.23 90.23
-90.23 90.23
4039.0028504969 6584.0020971665
[rows 76 to 113 of 242, columns 84 to 167 of 242]
5804 5818 5826 5835 5843 5843 5845 5829 5829 5824 5829 5833 5845 5840 5834 5845 5876 5935 6050 6154 6180 6189 6164 6126 6105 6000 5908 5884 5883 5888 5898 5916 5926 5935 5937 5943 5945 5962 5960 5957 5939 5925 5894 5851 5863 5865 5860 5844 5813 5798 5811 5841 5871 5901 5924 5883 5822 5778 5776 5771 5784 5800 5816 5817 5846 5884 5854 5857 5841 5828 5828 5837 5849 5848 5849 5878 5891 5907 5919 5947 5961 5966 5971 5976
5803 5813 5812 5823 5835 5845 5851 5864 5849 5862 5861 5859 5864 5871 5875 5876 5892 5942 6020 6084 6086 6086 6071 6036 6020 5940 5909 5892 5893 5896 5912 5918 5933 5948 5954 5952 5956 5958 5958 5969 5952 5946 5914 5879 5903 5917 5906 5881 5908 5885 5836 5852 5876 5892 5886 5871 5833 5805 5804 5788 5791 5809 5820 5830 5840 5846 5850 5826 5821 5814 5819 5821 5822 5840 5854 5882 5894 5906 5927 5943 5952 5956 5958 5959
5804 5810 5811 5823 5832 5846 5861 5865 5872 5890 5905 5911 5903 5900 5906 5888 5886 5915 5960 5990 6007 6021 6019 6009 5979 5995 5915 5921 5922 5898 5904 5931 5947 5963 5961 5966 5971 5975 5979 5982 5984 5979 5974 5961 5985 6000 5994 5943 5930 5917 5859 5863 5884 5902 5902 5880 5853 5832 5813 5800 5798 5811 5825 5843 5867 5861 5827 5804 5815 5838 5847 5827 5822 5843 5863 5878 5894 5906 5921 5935 5943 5943 5941 5941
5801 5808 5812 5829 5845 5830 5866 5877 5875 5875 5934 5947 5926 5916 5899 5884 5880 5898 5924 5954 5982 5999 6015 6026 6032 6028 5985 5976 5992 6008 5989 5974 5981 5971 5980 5987 5992 5997 6002 5996 5998 6020 6061 6081 6065 6084 6119 6078 5989 5883 5868 5867 5888 5921 5934 5903 5875 5850 5841 5820 5815 5813 5830 5862 5887 5870 5808 5793 5810 5836 5849 5856 5855 5858 5863 5877 5896 5906 5913 5921 5926 5926 5926 5926
5797 5805 5817 5824 5826 5824 5875 5888 5894 5905 5951 5982 5966 5926 5892 5886 5892 5906 5927 5959 5997 6022 6050 6057 6070 6070 6044 6026 6041 6109 6057 6005 6000 5993 6005 6010 6016 6021 6004 6009 6038 6054 6080 6097 6096 6111 6147 6129 6019 5868 5863 5860 5881 5911 5923 5912 5898 5894 5863 5843 5837 5825 5838 5877 5904 5867 5800 5797 5813 5823 5838 5871 5878 5870 5871 5878 5886 5894 5901 5904 5905 5907 5910 5915
5797 5795 5809 5827 5817 5827 5881 5901 5910 5933 5967 6011 5975 5930 5899 5905 5919 5942 5952 5999 6039 6106 6073 6105 6126 6115 6086 6051 6018 5986 6005 5999 6006 6008 6015 6031 6037 6043 6049 6047 6071 6080 6079 6085 6089 6085 6072 6067 6097 5918 5846 5848 5873 5901 5913 5913 5909 5907 5886 5868 5850 5845 5848 5887 5903 5869 5813 5827 5827 5825 5831 5857 5869 5872 5873 5870 5872 5880 5884 5884 5884 5887 5893 5902
5800 5798 5800 5800 5807 5828 5881 5901 5912 5934 5947 5975 5954 5924 5904 5919 5930 5999 6083 6085 6102 6146 6173 6215 6197 6157 6135 6069 5998 5940 5969 5994 6021 6031 6050 6056 6061 6066 6075 6076 6090 6085 6107 6095 6080 6057 6024 6009 6064 5948 5871 5861 5879 5891 5907 5915 5914 5910 5927 5921 5922 5898 5889 5902 5928 5923 5878 5857 5850 5839 5829 5836 5853 5866 5878 5885 5882 5877 5872 5867 5865 5871 5878 5886
5805 5812 5810 5814 5828 5862 5898 5917 5914 5898 5911 5937 5922 5916 5917 5939 5969 6053 6103 6157 6175 6174 6216 6273 6245 6198 6162 6097 6026 5975 5998 6031 6049 6071 6077 6087 6090 6093 6094 6103 6110 6086 6085 6085 6077 6050 5997 5968 5969 5990 5913 5896 5916 5939 5932 5927 5923 5934 5953 5965 5938 5938 5972 5952 5961 5979 5940 5931 5907 5865 5830 5834 5845 5854 5860 5867 5886 5873 5862 5856 5860 5861 5865 5875
5811 5804 5818 5833 5864 5904 5937 5941 5930 5907 5886 5887 5906 5912 5922 5959 6018 6115 6201 6218 6218 6214 6221 6268 6234 6187 6167 6143 6103 6068 6074 6088 6098 6099 6112 6114 6109 6111 6122 6126 6127 6088 6057 6088 6095 6080 6020 5970 5954 5956 5946 5954 5972 5971 5970 5950 5930 5935 5976 5963 5920 5944 6011 6021 5950 5999 6008 5980 5945 5890 5849 5841 5846 5849 5855 5853 5863 5861 5853 5847 5850 5852 5854 5856
5820 5813 5817 5830 5888 5938 5928 5938 5933 5905 5898 5905 5921 5922 5933 5991 6070 6169 6245 6270 6280 6279 6248 6222 6188 6156 6166 6210 6198 6178 6158 6159 6142 6129 6113 6102 6113 6119 6118 6119 6126 6135 6148 6134 6129 6120 6076 6014 5990 6027 6042 6028 6039 6057 6018 5980 5943 5927 5961 5963 5971 5975 5963 6060 6019 6023 6025 5990 5950 5905 5872 5856 5851 5846 5844 5855 5857 5847 5842 5841 5842 5845 5849 5856
5830 5824 5824 5848 5883 5931 5900 5935 5961 5936 5929 5926 5923 5942 5978 6037 6108 6194 6268 6312 6327 6327 6314 6265 6182 6174 6332 6299 6265 6246 6229 6206 6165 6136 6127 6119 6114 6118 6113 6110 6116 6155 6190 6172 6153 6125 6106 6068 6049 6080 6088 6065 6086 6087 6062 6018 5969 5933 5922 5998 6021 6025 5954 6041 6009 6010 6005 5974 5931 5908 5890 5877 5858 5844 5841 5850 5839 5830 5826 5827 5833 5839 5843 5846
5835 5838 5828 5841 5896 5915 5915 5914 5905 5895 5932 5945 5954 5978 6040 6103 6175 6223 6282 6350 6394 6357 6348 6309 6219 6219 6297 6355 6364 6332 6292 6243 6167 6141 6121 6104 6099 6097 6084 6103 6096 6125 6158 6173 6165 6146 6170 6172 6103 6098 6086 6087 6125 6149 6104 6064 6004 5944 5898 5914 6001 6034 6020 6003 5969 5993 5985 5961 5922 5913 5893 5876 5857 5842 5836 5842 5812 5810 5813 5821 5831 5841 5847 5853
5831 5830 5834 5846 5888 5898 5898 5885 5871 5869 5881 5936 5935 5984 6108 6286 6275 6276 6313 6365 6412 6351 6325 6345 6272 6240 6314 6376 6433 6383 6323 6244 6186 6141 6106 6084 6069 6033 6040 5995 6076 6122 6151 6170 6175 6176 6183 6173 6140 6110 6102 6049 6080 6117 6129 6126 6109 6028 5953 5946 5984 6026 5997 5966 5955 5957 5973 5970 5970 5936 5898 5866 5856 5848 5841 5831 5786 5800 5812 5823 5834 5845 5847 5854
5827 5846 5843 5852 5863 5877 5873 5850 5839 5831 5838 5884 5914 5986 6120 6265 6278 6302 6328 6342 6345 6330 6315 6304 6269 6314 6318 6342 6370 6356 6325 6225 6172 6125 6082 6049 6022 6010 5974 5937 6030 6191 6187 6138 6146 6215 6136 6103 6059 6072 6112 6076 6061 6086 6145 6180 6201 6114 5975 5919 5945 5968 5961 5954 5953 5974 5973 5972 5972 5947 5911 5872 5869 5866 5860 5837 5807 5820 5829 5832 5842 5847 5852 5852
5822 5833 5836 5844 5857 5859 5868 5836 5834 5840 5882 5916 5959 6038 6131 6200 6269 6346 6334 6323 6318 6323 6301 6278 6262 6362 6319 6299 6306 6299 6292 6189 6133 6083 6036 5993 5958 5905 5892 5819 5880 5996 6027 6020 6013 5971 5962 5947 5954 5991 6078 6210 6163 6153 6176 6198 6211 6146 6053 5978 5939 5919 5924 5936 5932 5943 5966 5970 5956 5954 5962 5902 5905 5911 5906 5890 5881 5870 5863 5859 5860 5867 5860 5851
5837 5834 5834 5843 5863 5891 5900 5887 5889 5890 5907 5937 5983 6105 6181 6247 6316 6312 6328 6317 6306 6328 6315 6319 6309 6318 6289 6253 6231 6226 6224 6115 6046 5998 5941 5898 5861 5827 5779 5672 5659 5661 5774 5855 5882 5866 5882 5887 5881 5895 5926 5996 6187 6195 6182 6179 6165 6148 6098 6031 5986 5996 5962 5952 5911 5922 5956 5978 5993 5989 5962 5958 5956 5967 5956 5946 5941 5915 5893 5888 5871 5856 5863 5844
5876 5861 5841 5846 5858 5887 5902 5929 5923 5924 5917 5940 6021 6132 6220 6304 6354 6347 6358 6359 6376 6374 6333 6337 6323 6290 6254 6222 6172 6133 6098 5991 5930 5884 5834 5788 5712 5672 5664 5527 5490 5466 5599 5720 5805 5853 5866 5862 5848 5839 5830 5860 6012 6101 6138 6157 6143 6157 6140 6088 6005 6030 5969 5919 5909 5921 5957 5991 6017 6023 6004 6003 5972 5941 5949 5962 5955 5925 5898 5873 5865 5857 5839 5830
5888 5878 5862 5855 5867 5892 5905 5915 5918 5921 5934 5973 6080 6165 6235 6322 6416 6423 6400 6401 6416 6448 6360 6376 6345 6199 6182 6203 6095 6003 5948 5835 5787 5742 5702 5657 5575 5540 5537 5432 5424 5431 5510 5601 5726 5820 5848 5845 5829 5824 5819 5809 5854 5977 6073 6164 6208 6181 6161 6125 6067 6017 6020 5959 5925 5950 5979 6010 6035 6041 6018 5982 5937 5909 5903 5912 5918 5908 5893 5877 5866 5868 5857 5820
5881 5868 5842 5854 5894 5901 5905 5909 5921 5933 5973 6054 6118 6215 6325 6400 6442 6424 6403 6392 6391 6329 6308 6300 6105 5954 5984 6056 5885 5814 5734 5672 5642 5603 5566 5534 5483 5447 5458 5383 5396 5418 5441 5476 5521 5556 5642 5724 5799 5854 5848 5806 5811 5880 5963 6080 6164 6143 6147 6142 6077 6021 5991 6006 5972 5976 6002 6025 6048 6060 6026 5947 5884 5872 5894 5910 5907 5902 5891 5863 5845 5843 5839 5831
5861 5864 5860 5866 5893 5901 5909 5912 5927 5955 6001 6131 6189 6299 6486 6489 6430 6384 6361 6383 6317 6250 6111 5950 5788 5672 5670 5638 5592 5592 5536 5496 5476 5450 5420 5397 5377 5358 5396 5325 5351 5377 5361 5354 5332 5325 5377 5541 5722 5930 5866 5842 5806 5824 5837 5839 5918 6026 6099 6140 6177 6070 6004 6000 5981 5991 6015 6037 6055 6071 6049 5965 5907 5905 5944 5959 5959 5948 5910 5861 5837 5819 5812 5836
5866 5870 5879 5875 5891 5898 5915 5937 5953 5981 6064 6152 6225 6436 6513 6489 6415 6304 6250 6185 6237 5992 5768 5626 5535 5451 5401 5331 5358 5377 5354 5321 5307 5294 5277 5265 5252 5241 5201 5213 5239 5269 5264 5250 5213 5200 5259 5393 5540 5623 5765 5886 5848 5811 5758 5694 5776 5934 6061 6167 6163 6091 6011 6000 5976 5987 6024 6044 6063 6082 6055 6002 5966 5978 5999 6005 6013 5999 5928 5882 5854 5839 5814 5843
5863 5870 5885 5904 5907 5912 5920 5926 5944 5998 6087 6192 6290 6415 6428 6398 6311 6220 6127 6018 5835 5700 5516 5427 5342 5278 5226 5178 5174 5179 5167 5155 5147 5159 5148 5137 5120 5114 5071 5085 5146 5162 5165 5177 5163 5134 5172 5275 5390 5494 5629 5753 5850 5798 5733 5683 5763 5904 6036 6129 6152 6129 5999 5951 5924 5971 6017 6048 6071 6091 6074 6046 6035 6033 6021 6011 5986 5949 5911 5882 5864 5865 5866 5879
5867 5887 5912 5929 5923 5929 5941 5952 5966 6029 6221 6379 6416 6380 6329 6272 6230 6097 5889 5711 5520 5384 5311 5270 5214 5158 5101 5049 5011 5004 4989 4990 4990 5003 4999 4972 4968 4966 4951 4952 4946 5006 5052 5094 5129 5064 5087 5175 5284 5402 5498 5548 5663 5713 5734 5740 5808 5898 6016 6157 6256 6295 6193 5996 5937 5987 6030 6072 6090 6092 6102 6086 6073 6071 6057 6009 5957 5900 5887 5876 5870 5860 5877 5897
5890 5906 5937 5976 5963 5967 5983 6016 6096 6223 6425 6531 6419 6298 6176 6038 5928 5732 5559 5371 5219 5124 5140 5157 5078 5045 4969 4899 4850 4839 4841 4847 4850 4844 4847 4852 4853 4846 4840 4838 4830 4884 4935 4964 4938 4960 4998 5080 5188 5306 5395 5429 5476 5573 5722 5923 5850 5871 5955 6083 6234 6344 6271 6078 6001 6032 6102 6131 6127 6143 6174 6132 6081 6083 6056 6007 5948 5897 5878 5872 5868 5883 5899 5904
5914 5922 5949 5988 6012 6027 6029 6023 6251 6407 6489 6530 6401 6059 5880 5761 5566 5401 5265 5094 4972 4913 4898 4895 4899 4876 4825 4755 4698 4703 4715 4729 4739 4749 4753 4747 4745 4746 4744 4762 4798 4798 4830 4867 4882 4866 4903 4980 5073 5171 5265 5338 5391 5443 5570 5695 5745 5784 5845 5920 6079 6341 6268 6166 6060 6068 6125 6154 6159 6196 6218 6165 6144 6105 6062 6007 5951 5902 5883 5877 5881 5882 5902 5906
5941 5956 5963 5980 6017 6028 6029 6058 6244 6438 6436 6365 6168 5910 5745 5669 5493 5239 5133 5000 4847 4761 4728 4696 4715 4713 4660 4617 4589 4600 4614 4634 4647 4659 4665 4665 4655 4656 4646 4649 4661 4689 4723 4759 4774 4776 4808 4866 4935 5006 5075 5182 5257 5285 5360 5461 5563 5645 5713 5774 5867 6127 6192 6162 6104 6093 6109 6122 6153 6183 6201 6149 6098 6073 6049 6001 5957 5920 5900 5888 5878 5883 5909 5905
5953 5966 5979 6001 6057 6066 6096 6234 6306 6377 6358 6203 6025 5832 5707 5611 5420 5186 5042 4935 4761 4697 4663 4604 4581 4564 4561 4532 4514 4519 4539 4562 4582 4588 4590 4592 4593 4582 4564 4541 4541 4582 4618 4640 4641 4665 4705 4751 4798 4840 4889 4938 5011 5079 5151 5264 5387 5500 5594 5682 5774 5896 6062 6263 6188 6150 6136 6130 6148 6152 6132 6114 6070 6034 6018 5988 5960 5940 5924 5912 5903 5902 5904 5911
5950 5962 5993 6033 6071 6137 6272 6354 6328 6326 6307 6201 5958 5797 5701 5539 5325 5095 4946 4791 4730 4658 4603 4553 4521 4505 4490 4473 4461 4466 4489 4506 4522 4532 4533 4538 4537 4523 4500 4477 4477 4507 4535 4549 4556 4590 4622 4655 4677 4691 4717 4791 4866 4925 4990 5105 5256 5388 5517 5648 5816 5981 6071 6279 6285 6234 6186 6149 6140 6122 6106 6070 6034 5995 5987 5976 5960 5944 5937 5946 5959 5957 5929 5919
5945 5960 6001 6044 6056 6157 6303 6321 6226 6235 6291 6025 5811 5724 5670 5437 5210 4997 4820 4702 4676 4620 4565 4512 4484 4468 4451 4436 4432 4438 4458 4473 4484 4489 4490 4503 4495 4482 4466 4451 4451 4465 4481 4489 4502 4528 4555 4574 4582 4578 4575 4664 4784 4867 4941 5042 5171 5299 5428 5563 5720 5967 6156 6307 6333 6286 6225 6154 6122 6096 6039 6022 5995 5957 5967 5967 5962 5958 5964 5980 5996 6006 5977 5961
5949 5978 6022 6054 6060 6198 6351 6219 6168 6178 6074 5866 5721 5660 5498 5290 5087 4889 4723 4635 4612 4570 4529 4482 4458 4440 4423 4416 4418 4424 4441 4451 4459 4463 4464 4461 4465 4455 4444 4442 4438 4443 4454 4466 4473 4487 4506 4519 4523 4506 4505 4585 4713 4841 4921 5003 5105 5219 5339 5461 5573 5748 6072 6324 6367 6342 6276 6211 6159 6108 6073 6064 6035 5998 5973 5968 5969 5976 5994 6003 6022 6013 5988 6008
5987 6024 6083 6092 6135 6310 6283 6173 6142 6089 6010 5868 5663 5548 5324 5156 4976 4793 4653 4594 4561 4523 4485 4450 4431 4422 4403 4405 4420 4435 4438 4442 4445 4446 4445 4450 4445 4438 4431 4428 4423 4426 4433 4445 4452 4461 4472 4479 4481 4470 4484 4544 4670 4781 4840 4952 5062 5166 5268 5368 5467 5541 5841 6178 6295 6282 6296 6319 6200 6145 6096 6107 6072 6001 5984 5977 5980 5976 5970 6001 6022 5977 5976 6018
6017 6144 6171 6145 6169 6364 6181 6068 6054 5995 5934 5781 5449 5267 5157 5033 4900 4750 4642 4583 4530 4499 4469 4438 4412 4403 4387 4397 4416 4417 4431 4436 4438 4437 4436 4441 4436 4429 4423 4419 4412 4414 4419 4426 4436 4444 4449 4454 4452 4456 4463 4495 4573 4691 4806 4915 5020 5115 5210 5288 5363 5438 5625 5930 6128 6204 6264 6303 6292 6197 6109 6042 6069 6046 6012 6000 5991 5984 5985 5991 5989 5963 5981 6012
6074 6174 6196 6168 6196 6244 6052 5973 5989 5921 5868 5646 5275 5102 5045 4971 4848 4756 4675 4557 4523 4497 4469 4442 4412 4391 4383 4393 4408 4421 4437 4435 4436 4436 4445 4438 4434 4429 4421 4413 4408 4407 4408 4413 4415 4422 4429 4433 4435 4438 4448 4460 4490 4601 4782 4895 4985 5069 5145 5219 5272 5345 5443 5693 5948 6125 6205 6213 6230 6254 6225 6116 6074 6052 6033 6015 6000 5990 5991 5976 5971 5979 5996 6003
6187 6269 6243 6148 6183 6017 5916 5891 5911 5902 5847 5580 5192 5013 4902 4833 4778 4714 4646 4557 4530 4505 4475 4449 4417 4390 4379 4388 4412 4435 4430 4432 4438 4441 4453 4454 4448 4439 4425 4413 4414 4412 4407 4404 4408 4410 4414 4416 4417 4420 4428 4443 4446 4552 4754 4858 4933 5009 5092 5169 5242 5278 5338 5548 5828 6068 6169 6147 6209 6324 6435 6430 6108 6033 6052 6027 6005 5984 5958 5960 5980 6009 6022 6038
6273 6474 6318 6053 5997 5880 5841 5836 5832 5842 5710 5421 5077 4911 4838 4767 4715 4656 4623 4586 4542 4512 4481 4444 4413 4390 4373 4381 4387 4390 4407 4428 4443 4454 4471 4469 4469 4461 4443 4436 4445 4442 4418 4406 4404 4403 4403 4402 4401 4403 4412 4424 4425 4518 4742 4793 4863 4942 5024 5110 5195 5243 5287 5462 5728 6067 6188 6119 6179 6346 6501 6437 6111 6040 6053 6028 6010 5992 5976 5991 6010 6013 6039 6082
6328 6487 6303 5983 5885 5813 5795 5792 5772 5714 5497 5249 5016 4869 4801 4738 4687 4648 4625 4552 4549 4530 4487 4445 4422 4410 4391 4385 4387 4392 4411 4437 4459 4474 4489 4498 4494 4487 4484 4491 4509 4511 4476 4439 4405 4399 4395 4390 4387 4389 4397 4415 4424 4459 4555 4678 4777 4871 4961 5049 5154 5246 5297 5391 5589 5966 6149 6103 6176 6312 6411 6263 6081 6036 6036 6026 6017 6009 6005 6010 6026 6039 6052 6094
6428 6402 6256 5964 5831 5749 5736 5717 5654 5536 5325 5185 4982 4843 4765 4703 4668 4642 4628 4605 4570 4535 4495 4464 4443 4438 4408 4399 4403 4411 4428 4456 4477 4495 4503 4512 4516 4525 4544 4563 4591 4612 4607 4499 4424 4407 4396 4387 4380 4378 4387 4409 4431 4461 4493 4590 4698 4797 4897 4995 5138 5264 5303 5361 5490 5858 6099 6105 6193 6269 6271 6173 6083 6042 6032 6027 6025 6029 6032 6029 6032 6043 6059 6092
6473 6370 6130 5999 5815 5709 5719 5618 5524 5458 5284 5128 4957 4828 4744 4677 4653 4642 4629 4626 4605 4547 4510 4493 4470 4455 4429 4420 4432 4445 4467 4490 4504 4516 4528 4524 4528 4550 4566 4618 4669 4701 4668 4555 4463 4431 4409 4390 4375 4374 4380 4400 4431 4476 4474 4540 4640 4746 4855 4966 5066 5239 5312 5374 5536 5768 5996 6196 6260 6238 6206 6142 6073 6045 6033 6031 6040 6056 6066 6073 6056 6055 6080 6098
