real_craters/C193-500m.grd
DSAA
362 362
-90.23 90.23
-90.23 90.23
4024.8624567219 6580.7310631669
[rows 330 to 359 of 362, columns 134 to 200 of 362]
5512.9 5491.84 5478.45 5486.81 5476 5472.1 5471.15 5469.79 5464.12 5465.03 5461.97 5459.29 5457.44 5455.13 5451.08 5438.66 5423.99 5425.06 5440.27 5454.75 5463.56 5475.33 5482.88 5484.18 5479.03 5471.25 5458.91 5444.56 5451.89 5443.64 5431.26 5417.68 5407.85 5410.17 5415.35 5419.86 5423.22 5423.89 5425.59 5429.61 5437.58 5440.66 5434.99 5434.8 5433.06 5426.77 5412.99 5385.88 5339.63 5270.86 5233.15 5302.07 5424.92 5475.03 5475.69 5466.33 5457.01 5451.41 5468.19 5484.39 5493.23 5491 5474.89 5458.89 5450.79 5443.39 5437.04
5519.72 5500.94 5489.65 5491.51 5489.98 5482.56 5476.72 5476.93 5476.82 5468.5 5461.95 5458.05 5455.26 5453.18 5451.96 5438.67 5426.75 5426.33 5439 5452.45 5466.75 5473.85 5481.79 5483.73 5474.23 5463.79 5451.1 5431.98 5427.62 5429.91 5424.02 5416.69 5410.97 5410.31 5414.86 5418.28 5421.51 5417.69 5409.55 5401.59 5395.21 5392.42 5397.35 5408.74 5419.08 5418.9 5406.91 5386.4 5362.04 5329.51 5304.97 5359.13 5455.11 5483.33 5479.31 5472.12 5465.89 5464.94 5478.43 5491.88 5496.34 5486.08 5458.84 5432.48 5428.67 5425.05 5422.53
5534.31 5515.58 5502.7 5492.4 5493.06 5480.91 5471.3 5471.05 5480.6 5465.5 5457.44 5453.09 5450.75 5447.9 5442.05 5437.55 5433.67 5434.07 5439.8 5448.98 5459.01 5467.24 5471.79 5472.55 5464.91 5457.18 5448.18 5428.6 5420.17 5425.04 5424.12 5420.08 5420.57 5414.73 5404.67 5413.21 5422.49 5408.46 5390.72 5372.29 5351.25 5335 5357.27 5382.53 5406.93 5413.81 5405.86 5397.81 5401.88 5434.88 5451.01 5431.24 5454.07 5471.28 5476.12 5473.56 5471.92 5475.4 5487.88 5501.85 5503.69 5484.19 5447.65 5417.79 5412.33 5410.47 5407.49
5534.49 5512.89 5504.94 5477.26 5466.31 5463.81 5456.06 5448.21 5441.63 5448.17 5448.07 5446.26 5444.71 5443.51 5442.25 5437.95 5434.86 5436.44 5434.98 5441.57 5452.92 5457.2 5456.56 5451.61 5452.16 5447.69 5442.22 5436.97 5430.92 5431.43 5425.66 5416.99 5410.56 5396.79 5395.48 5399.94 5405.84 5390.31 5370.02 5347.96 5325.09 5310.39 5327.7 5354.52 5380.43 5393.51 5396.98 5402.44 5413.83 5432.75 5437.86 5445.75 5451.46 5460.82 5467.19 5469.03 5470.66 5474.67 5487.27 5501.95 5497.16 5471.07 5439.24 5412.93 5402 5397.36 5396.16
5516.85 5481.44 5472.85 5475.51 5477.58 5454.18 5441.09 5435.15 5433.2 5435.67 5437.44 5437.75 5438.13 5438.55 5439.94 5435.86 5426.08 5418.48 5419.86 5427.5 5435.79 5440.84 5443.58 5452.36 5443.99 5436.66 5427.46 5427.38 5452.19 5442.67 5426.88 5408.7 5386.21 5380.3 5382.45 5382.76 5377.43 5368.24 5351.52 5331.17 5311.05 5297.32 5307.52 5328.44 5351.45 5367.08 5379.53 5391.77 5401.9 5412.59 5420.52 5437.35 5445.41 5449.32 5459.43 5462.23 5462.78 5464.26 5473.43 5489.71 5487.07 5460.38 5429.03 5404.98 5390.1 5384.29 5383.59
5499.71 5482.55 5473.43 5478.11 5465.79 5434.54 5429 5429.08 5428.53 5429.33 5430.28 5430.47 5430.39 5430.61 5432.38 5428.23 5414.76 5400.67 5405.84 5411.63 5415.11 5418.64 5426.48 5433.77 5431.89 5427.63 5423.79 5425.2 5449.68 5447.51 5426.43 5404.64 5385.59 5384.52 5380.07 5373.32 5364.47 5353.59 5338.42 5320.38 5303.95 5294.33 5296.49 5306.22 5320.45 5339.92 5358.38 5375.88 5386.83 5398.65 5419.57 5435.33 5445.1 5453.39 5452.48 5453.18 5454.23 5455.84 5460.92 5468.59 5460.88 5435.46 5407.65 5386.58 5373.67 5369.26 5370.26
5489.8 5481.27 5482.79 5487.97 5469.1 5436.28 5429.17 5428.49 5426.52 5425 5424.08 5422.33 5420.22 5418.45 5415.54 5411.94 5407.32 5406.04 5402.99 5398.3 5394.37 5395.49 5404.4 5412.19 5417.71 5419.25 5425.32 5443.35 5463.59 5443.32 5418.92 5400.37 5388.47 5386.19 5378.33 5370.15 5360.51 5345.64 5329.97 5313.78 5299.3 5288.62 5287.43 5291.61 5296.67 5317.7 5337.48 5355.17 5372.01 5389.02 5415.94 5435.64 5442.08 5441.72 5447.86 5447.18 5445.29 5446.26 5450.22 5440.44 5420.4 5394.78 5367.87 5355.72 5352.65 5353.14 5356.27
5480.24 5472.42 5480.79 5488.37 5468.43 5455.35 5442.13 5424.46 5424.12 5423.25 5418.84 5414.03 5409.6 5404.84 5400.4 5396.95 5397.12 5399.9 5396.52 5385.88 5375.65 5370.85 5383.65 5402.54 5407.48 5402.58 5405.59 5417.98 5423.11 5414.1 5401.86 5393.32 5387.76 5383.38 5371.81 5364.48 5354.28 5338.92 5322.77 5308.27 5296.33 5286.51 5282.78 5286.49 5293.38 5304.46 5320.07 5337.37 5357.7 5384.8 5421.49 5433.4 5439.73 5448.02 5444.42 5436.73 5428.8 5421.67 5412.7 5397.35 5383.7 5358.71 5327.83 5325.92 5331.89 5337.32 5342.66
5474.4 5463.48 5477.19 5489.85 5479.64 5466.27 5455.3 5447.24 5434.35 5424.94 5416.33 5407.62 5399.31 5391.32 5383.49 5378.48 5381.92 5389.7 5387.25 5372.22 5358.1 5352.47 5358.36 5370.76 5376.62 5378.2 5374.52 5375.47 5387.08 5373.78 5378.31 5383.42 5390.21 5384.78 5369.36 5361.61 5347.89 5331.86 5317.85 5305.19 5295.11 5288.31 5285.85 5282.23 5287.1 5293.3 5304.73 5319.41 5337.18 5364.12 5398.86 5412.81 5426.14 5440.73 5433.66 5420.54 5408.11 5394.18 5372.47 5362.25 5359.55 5336.49 5316.35 5312.41 5317.89 5323.5 5330.37
5477.76 5471.41 5468.91 5469.85 5470.69 5462.17 5456.1 5456.55 5441.42 5425.79 5412.35 5401.21 5390.44 5379.7 5369.32 5361.89 5365.24 5372.67 5371.29 5358.42 5340.4 5323.17 5334.48 5348.51 5358.9 5361.78 5357.83 5354.35 5382.09 5353.77 5357.85 5366.97 5382.1 5390.61 5370.82 5357.03 5336.68 5321.9 5310.36 5300.5 5292.58 5286.79 5280.6 5272.02 5271.81 5281.44 5291.68 5302.07 5312.11 5320.27 5344.3 5371.48 5395.11 5412.58 5407.3 5395.14 5384.68 5375.58 5367.56 5355.81 5338.03 5319.63 5304.89 5305.72 5310.32 5315.6 5320.75
5477.54 5469.6 5459.27 5451.63 5464.08 5466.28 5459.18 5458.94 5440.78 5423.89 5408.35 5394.55 5381.36 5368.63 5357.37 5347.66 5351.01 5360.28 5362.23 5349.22 5330.95 5315.03 5323.02 5340.12 5352.56 5356.18 5359.15 5373.1 5373.33 5345.89 5339.34 5342.4 5347.39 5350.59 5338.53 5321.96 5312.72 5306.65 5300.39 5294.81 5288.64 5282.38 5273.65 5268.79 5267.9 5274.42 5281.55 5288.19 5293.96 5302.41 5321.06 5344.26 5359.13 5365.28 5363.62 5360.38 5358.08 5355.95 5357.72 5339.55 5317.11 5310.33 5304.98 5304.13 5305.43 5307.65 5311.26
5476.61 5464.62 5450.54 5445.89 5461.33 5476.63 5472.71 5448.16 5433.59 5418.88 5403.84 5389.69 5376.43 5362.51 5350 5339.29 5340.66 5350.97 5354.91 5344.35 5329.18 5317.45 5321.5 5335.22 5349.79 5350.06 5351.39 5359.64 5355.72 5327.83 5322.26 5318.25 5307.91 5301.7 5295.47 5286.45 5291.9 5293.56 5291.01 5287.92 5284.42 5281.12 5278.66 5269.86 5268.01 5271.15 5275.49 5279.73 5283.91 5289.99 5310.62 5325.35 5326.51 5319.84 5317.61 5325.09 5329.44 5328.86 5321.82 5307.55 5301.68 5306.56 5308.08 5304.44 5302 5301.99 5303.16
5474.35 5463.38 5440.08 5428.92 5445.91 5460.28 5461.41 5435.2 5426.21 5414.8 5401.32 5387.46 5372.88 5358.22 5345.52 5336.92 5337.19 5344.5 5349.49 5341.89 5329.99 5322.4 5321.5 5326.83 5334.15 5338.92 5341.89 5339.67 5335.18 5320.77 5312.98 5307.84 5299.34 5287.22 5283.03 5280.21 5282.91 5284.64 5285.5 5283.79 5281.57 5279.42 5277.68 5273.52 5270.56 5270.53 5272.4 5276.09 5280 5286.2 5298.86 5307.94 5301.44 5289.41 5284.63 5299.2 5306.53 5306.35 5298.57 5291.76 5295.05 5303.5 5306.25 5302.38 5299.02 5297.81 5297.48
5447.43 5443.49 5429.22 5422.65 5430.84 5441.81 5440.66 5430.07 5421.33 5410.4 5397.81 5384.24 5370.36 5356.66 5344.08 5335.07 5333.09 5338.93 5342.16 5338.14 5329.52 5319.83 5314.95 5319.45 5322.31 5328.04 5334.88 5333.95 5331.87 5323.59 5312.5 5305.9 5297.26 5285.12 5279.28 5279.52 5281.43 5283.11 5282.22 5281.3 5278.13 5275.91 5274.03 5277.09 5273.12 5270.9 5271.39 5273.78 5278.55 5283.17 5285.3 5283.64 5286.86 5282.1 5279.21 5289.53 5293.33 5293.14 5291.33 5291.06 5291.67 5300.14 5301.66 5297.54 5294.05 5293.13 5292.38
5440.28 5433.9 5421.84 5416.89 5422.16 5426.4 5441.94 5432.47 5419.21 5407.13 5394.19 5380.53 5366.36 5353.61 5341.66 5333.2 5330.7 5332.65 5334.73 5334.69 5332.68 5324.17 5317.54 5319.97 5316.93 5320.04 5328.52 5331.73 5334.43 5329.97 5316.13 5307.74 5292.61 5282.45 5285 5284.94 5282.69 5280.48 5278.3 5276.15 5274.23 5271.69 5269.1 5269.48 5269.92 5269.18 5269.2 5270.11 5273.4 5276.88 5278.26 5282.41 5284.29 5287.78 5296.15 5290.42 5285.44 5282.67 5284.78 5281.97 5283.47 5289.95 5291.75 5290.14 5289.21 5288.55 5287.82
5444.72 5435.42 5426.64 5421.74 5423.21 5425.42 5425.79 5426.79 5418.01 5405.19 5391.91 5377.88 5364.61 5351.59 5339.63 5328.39 5317.29 5329.99 5341.22 5346.41 5341.64 5340.11 5341.11 5329.9 5321.32 5319.24 5318.02 5326.48 5333.67 5334.31 5319.24 5307.55 5295.59 5286.02 5284.7 5284.95 5283.45 5280.81 5277.05 5273.97 5270.76 5268.05 5265.1 5264.81 5265.85 5265.88 5265.25 5263.92 5261.71 5263.44 5268.21 5276.3 5276.01 5282.7 5293.52 5285.63 5277.47 5269.76 5262.18 5267.87 5269.81 5270.88 5276.9 5280.64 5282.79 5283.62 5283.5
5451.24 5436.54 5424.17 5425.31 5429.68 5435.95 5434.91 5427.93 5418.47 5405.56 5392.45 5378.46 5365.72 5351.67 5340.57 5333.08 5331.77 5336.64 5343.76 5345.82 5344.84 5345.49 5347.39 5332.59 5322.98 5319.05 5319.81 5324 5328.64 5329.12 5320.65 5304.29 5288.15 5287.54 5291.45 5290.7 5284.45 5280.53 5276.78 5271.68 5268.06 5264.79 5262.68 5262.29 5262.41 5262.82 5262.74 5261.64 5256.05 5255.17 5254.25 5248.83 5254.62 5266.26 5273.92 5273.66 5269.03 5262.46 5257.51 5259.61 5259.83 5258.69 5267.31 5273.34 5277.54 5279.86 5281.12
5438.87 5434.4 5431.38 5428.74 5432.4 5438.73 5436.88 5428.88 5415.57 5401.95 5388.2 5375.4 5363.11 5351.31 5342.23 5337.28 5338.56 5336.6 5339.15 5340.7 5340.51 5336.99 5330.08 5322.44 5314.82 5311.2 5317.91 5320.41 5320.6 5320.58 5315.82 5300.62 5285.84 5290.66 5296.82 5286.86 5283.02 5278.57 5275.16 5271.35 5266.66 5262.02 5259.31 5260.36 5258.27 5259.42 5261.46 5263.43 5265.67 5257.21 5247.59 5238.19 5241.44 5253.17 5260.41 5263.16 5262.12 5260.64 5258.88 5260.53 5261.84 5260.49 5265.9 5271.01 5274.69 5277.68 5280.15
5432.61 5428.63 5427.52 5426.67 5429.19 5432.65 5430.23 5421.75 5410.81 5397.57 5384.24 5372.78 5361.21 5350.88 5341.1 5332.52 5325.09 5326.26 5333.54 5340.02 5334.7 5327.48 5316.2 5315.06 5313.31 5312.88 5315 5312.59 5309 5308.48 5310.98 5310.41 5298.84 5296.72 5292.47 5283.85 5281.15 5279.65 5277.26 5273.45 5267.99 5260.76 5252.84 5247.64 5252.22 5256.47 5259.89 5262.72 5264.86 5256.12 5246.84 5239.14 5239.48 5246.79 5252.9 5254.91 5254.31 5255.17 5256.72 5262.51 5266.03 5264.26 5269.19 5272.04 5274.86 5277.4 5279.62
5420.02 5417.63 5416.45 5418.57 5420.79 5422.41 5423.31 5419.42 5404.28 5391.64 5380.65 5370.18 5359.53 5348.81 5339.53 5329.84 5320.77 5319.24 5323.86 5325.64 5324.14 5321.69 5321.87 5318.18 5312.73 5308.99 5308.58 5307.29 5304 5306.37 5310.74 5316.1 5311.05 5302.86 5290.08 5282.91 5281.53 5282.15 5280.14 5276.32 5270.79 5263.03 5253.47 5244.1 5250.92 5256.4 5259.15 5259.04 5256.24 5252.47 5246.82 5244.53 5245.12 5241.89 5242.49 5243.28 5243.78 5244.85 5246.24 5254.78 5269.79 5277.12 5273.96 5273.98 5275.16 5276.47 5278.07
5405.56 5407.52 5407.66 5409.44 5410.92 5410.46 5407.12 5398.4 5392.19 5385.48 5377.48 5368.59 5360.36 5350.84 5341.07 5330.54 5319.76 5313.7 5314.68 5311.61 5312.17 5315.09 5317.82 5316.94 5312.53 5307.46 5306.61 5307.69 5308.83 5311.94 5318.62 5328.36 5321.34 5311.02 5294.97 5287.9 5288.87 5287.16 5283.85 5280.82 5276.99 5271.58 5261.68 5260.45 5260.07 5259.56 5259.51 5259.28 5254.91 5249.26 5243.47 5239.98 5237.94 5232.1 5229.39 5229.25 5232.04 5236 5236.95 5246.08 5261.89 5274.05 5274.53 5273.89 5274.07 5275.07 5276.6
5395.47 5400.03 5401.32 5400.16 5399.84 5401.88 5399.9 5388.32 5382.75 5378.81 5373.52 5367.44 5360.78 5353.06 5344.47 5335.02 5325.16 5319.43 5312.35 5306.26 5305.63 5309.83 5313.6 5315.16 5314.81 5310.69 5309.55 5310.71 5314.36 5326.74 5337.42 5326.17 5326.89 5322.16 5310.83 5303.41 5299.8 5290.14 5285.48 5283.5 5283.32 5283.79 5286.9 5278.38 5269.2 5261.12 5258.54 5259.33 5256.93 5245.12 5235.99 5227.99 5219.56 5218.09 5216.84 5216.94 5220.14 5225.61 5232.3 5244.07 5258.68 5268.85 5272.83 5273.5 5272.84 5272.56 5273.24
5390.05 5394.59 5393.43 5390.1 5387.26 5385.99 5392.99 5382.93 5377.37 5373.86 5369.83 5364.57 5357.69 5353.13 5347.76 5341.61 5332.47 5320.53 5317.66 5308.9 5304.02 5307.62 5314.87 5319.3 5318.97 5317.82 5311.94 5311.96 5317.04 5327.93 5340.71 5335.4 5325.96 5321.43 5313.52 5294.49 5290.25 5284.76 5282.58 5283.15 5285.97 5289.92 5288.62 5278.41 5264.51 5256.02 5251.88 5249.46 5244.99 5235.94 5226.66 5217.33 5210.11 5206.86 5205.93 5206.86 5208.41 5212.86 5224.09 5242.24 5260.43 5267.33 5269.83 5270.25 5270.03 5269.77 5269.39
5385.06 5384.77 5382.8 5378.63 5374.17 5372.14 5375.12 5376.8 5373.13 5369.5 5365.73 5362.52 5358.93 5355.93 5353.91 5351.48 5350.8 5348.68 5333.48 5313.23 5299.13 5306.37 5316.21 5325.4 5315.45 5312.82 5308.12 5309.86 5313.73 5322.63 5334.76 5320.84 5316.86 5315.82 5306.89 5292.78 5279.98 5276.48 5277.71 5280.14 5284.72 5290.94 5290.22 5266.84 5249.47 5247.42 5242.91 5236.89 5231.87 5225.33 5217.49 5208.79 5200.72 5196.67 5196.77 5196.59 5198.29 5203.4 5212.3 5235.95 5258.66 5262.49 5265.16 5266.34 5266.97 5265.94 5264.15
5373.07 5371.83 5372.46 5368.03 5362.84 5357.36 5370.78 5372.99 5368.5 5365.01 5361.9 5358.57 5356.79 5355.97 5356.93 5359.96 5365.82 5370.67 5354.31 5328.74 5305.3 5311.97 5309.61 5302.53 5297.47 5295.75 5302.46 5304.79 5310.55 5321.15 5329.54 5318.27 5303.93 5293.84 5290.93 5295.78 5282.09 5272.86 5272.78 5274.93 5277.82 5280.83 5278.82 5263.76 5251.25 5244.48 5236.62 5228.22 5222.15 5216.75 5210.61 5203.67 5195.18 5193.91 5191.39 5189.23 5189.76 5195.48 5211.48 5226.88 5240.26 5251.72 5257.57 5260.6 5262.2 5260.75 5259.54
5367.81 5370.22 5363.99 5358.59 5356.02 5358.19 5374.56 5375.88 5364.81 5361.1 5357.18 5354.24 5352.74 5353.47 5356.22 5361.13 5369.91 5380.79 5369.72 5358.73 5365.02 5333.88 5306.44 5281.62 5280.29 5289.58 5294.44 5297.5 5298.91 5298.77 5303.77 5301.04 5288.18 5275 5274.35 5277.53 5276.92 5268.14 5265.39 5265.65 5266.13 5266.01 5263.96 5260.74 5256.05 5245.47 5233.77 5221.17 5216.06 5211.35 5205.74 5201.36 5201.81 5195.91 5187.73 5185.22 5187.43 5191.41 5201.67 5220.34 5237.67 5245.51 5250.91 5254.3 5255.54 5255.69 5256.82
5363.75 5359.76 5353.8 5348.19 5347.11 5356.74 5370.03 5374.35 5365.66 5355.33 5350.15 5346.35 5345.55 5347.08 5350 5354.64 5360.09 5363.36 5363.88 5368.25 5372.76 5344.18 5308.08 5276.47 5272.8 5279.45 5288.64 5288.94 5288.39 5286.05 5278.34 5276.71 5272.87 5263.21 5263.26 5257.82 5257.43 5257.92 5257.25 5256.28 5254.66 5252.47 5252.91 5254.96 5254.54 5245.9 5235.31 5224.54 5216.45 5209.58 5202.78 5195.46 5187.59 5181.59 5181.99 5185.07 5189.97 5197.61 5204.73 5214.2 5227.37 5237.55 5243.32 5247.16 5248.89 5250.68 5253.51
5357.32 5350.23 5342 5335.39 5329.36 5330.31 5345.56 5350.74 5348.18 5341.57 5336.87 5334.64 5336.26 5337.1 5340.15 5342.88 5344.8 5344.23 5346.89 5353.16 5354.58 5337.2 5312.66 5287.03 5291.21 5297.8 5285.06 5283.34 5284.3 5277.9 5269.13 5269.2 5266.38 5264.17 5262.6 5265.21 5257.07 5251.5 5251.81 5249.15 5245.28 5240.95 5242.96 5246.97 5248.67 5243.81 5236.55 5228.59 5218.88 5210.06 5201.15 5191.75 5182.34 5176.8 5177.33 5180.16 5185.08 5192.81 5198.17 5203.28 5215.35 5228.8 5236.75 5240.7 5242.8 5245.53 5248.73
5344.27 5336.07 5329.46 5323.74 5321.07 5322.78 5328.04 5330.15 5325.72 5323.68 5323.11 5322.28 5323.15 5326.7 5328.52 5330.27 5330.36 5329.11 5330.16 5333.33 5330.77 5324.34 5318.51 5317.49 5283.56 5264 5273.91 5278.6 5285.38 5288.48 5272.43 5261.53 5258.43 5257.64 5260.16 5259.76 5247.91 5254.71 5247.07 5242.43 5238.34 5235.76 5235.99 5239.34 5239.97 5239.86 5235.3 5228.89 5220.01 5211.15 5202.14 5192.27 5181.63 5174.13 5175.87 5181.71 5189.3 5191.09 5191.15 5192.01 5206.89 5226.47 5230.35 5233.21 5235.59 5238.41 5239.58
5328.33 5322.18 5317.28 5312.72 5309.35 5310.51 5313.75 5313.71 5307.73 5307.24 5309.17 5310.99 5312.39 5313.99 5314.63 5315.54 5316.37 5316.71 5316.98 5319.03 5318.09 5316.77 5316 5318.2 5332.22 5299.69 5277.64 5278.59 5287.39 5300.3 5296.72 5266.79 5252.28 5252.85 5253.27 5251.03 5241.68 5239.65 5239.87 5236.14 5231.55 5229.38 5229.39 5231.63 5236.96 5234.8 5229.64 5225.5 5219.64 5212.93 5206.14 5198.31 5186.97 5174.61 5178.93 5183.73 5185.58 5183.43 5186.96 5196.16 5204.91 5215.21 5222.75 5225.55 5227.51 5228.37 5229.38
