real_craters/C193-300m.grd
DSAA
603 603
-90.23 90.23
-90.23 90.23
4031.7482037952 6593.1450162476
[rows 450 to 479 of 603, columns 67 to 133 of 603]
5532.2 5539.56 5546 5552.39 5558.66 5563.16 5567.68 5572.38 5577.32 5582.4 5588.3 5597.4 5615.94 5637.6 5644.39 5650.55 5658 5666.48 5675.2 5683.6 5692.51 5700.76 5708.83 5716.01 5721.54 5733.82 5746.39 5756.3 5764.04 5770.22 5771.19 5768.73 5772.27 5776.48 5782.29 5788.97 5797.2 5806.8 5816.26 5844.59 5889.38 5929.18 5962.9 5995.21 6023.62 6055.69 6087.03 6113.82 6110.91 6065.41 6004.91 5940.36 5874.86 5806.57 5737.14 5666.41 5628.13 5609.5 5589.89 5576.51 5571.82 5567.96 5563.23 5559.37 5547.04 5522.42 5503.6
5535.32 5540.32 5549.74 5555.51 5559.4 5564.21 5568.87 5574.15 5581.1 5591.05 5605.13 5618.59 5628.38 5640.3 5646.77 5652.46 5659.61 5667.31 5675.97 5684.92 5693.9 5702.33 5710.63 5719.63 5730.39 5737.88 5746.88 5756.04 5763.98 5771.25 5775.23 5775.98 5777.72 5778.54 5780.39 5782.88 5786.76 5793.61 5805 5841.74 5889.25 5931.67 5968.03 6003.87 6041.52 6082.82 6128.43 6176.56 6179.34 6103.21 6019.18 5936.36 5859.08 5783.08 5710.74 5644.03 5615.52 5617.61 5613.72 5602.15 5591.03 5574.01 5557.48 5545.45 5525.92 5494.87 5476.22
5539.69 5552.94 5556.41 5559.68 5563.98 5566.39 5569.84 5574.59 5582 5593.59 5610.3 5622.01 5627.19 5636.93 5642.89 5650.26 5658.47 5667.38 5676.33 5685.59 5694.96 5703.8 5711.89 5719.65 5728.81 5738.23 5747.26 5755.97 5763.6 5768.86 5772.27 5779.44 5781.79 5781.6 5781.17 5780.41 5780.97 5786.21 5804.03 5856.02 5895.45 5933.96 5967.14 6001.77 6039.31 6081.7 6129.63 6177.69 6185.69 6099.76 6008.6 5922.18 5842.23 5766.07 5694.37 5639.28 5630.06 5636.18 5642.68 5643.4 5610.43 5574.31 5546.09 5522.79 5497.77 5474.46 5469.72
5543.51 5554.07 5559.82 5563.7 5565.29 5567.87 5569.78 5572.63 5577.9 5587.18 5601.62 5610.95 5613.27 5620.53 5634.93 5645.81 5655.87 5665.89 5676.02 5686.06 5696.12 5705.87 5714.4 5719.5 5725.27 5738.47 5748.29 5756.34 5763.87 5769.96 5774.81 5781.97 5785.5 5786.83 5784.58 5781.27 5779.33 5782.91 5802.94 5887.27 5911.21 5934.01 5960.23 5989.58 6020.78 6055.51 6090.35 6119.87 6116.26 6046.89 5967.19 5890.63 5817.36 5747.66 5687.2 5644.51 5657.51 5664.68 5657.35 5648.41 5601.65 5560.06 5525.41 5498.54 5473.99 5458.8 5472.56
5550.04 5555.92 5562.11 5568.18 5571.3 5568.92 5568.11 5568.34 5569.73 5573.01 5581.44 5593.96 5605.94 5616.92 5630.2 5641.5 5652.56 5663.24 5674.05 5685.4 5697.83 5709.41 5720.2 5728.96 5734.52 5743.23 5750.31 5756.99 5764.02 5772.77 5785.76 5791.46 5796.82 5794.76 5790.41 5785.47 5781.66 5783.76 5806.04 5881.62 5902.69 5924.11 5945.83 5968.59 5989.71 6010.58 6025.46 6029.54 6009.08 5961.13 5902.92 5843.64 5785.39 5731.4 5684.48 5655.1 5662.4 5664.66 5645.87 5615.95 5574.59 5530.35 5496.49 5473.25 5457.27 5457.87 5497.47
5559.22 5563.16 5567.23 5568.87 5569.48 5567.51 5565.53 5563.82 5561.84 5558.95 5555.18 5577.22 5604.68 5618.57 5626.72 5636.85 5647.28 5658.29 5670.64 5683.56 5697.12 5711.12 5726.16 5742.46 5749.38 5749.17 5751.71 5756.12 5762.42 5770.63 5779.58 5793.57 5803.6 5802.05 5797.92 5793.17 5788.24 5788.5 5805.36 5839.43 5880.57 5908.69 5927.39 5942.53 5951.9 5956.04 5951.99 5934.49 5901.24 5866.71 5830.92 5793.21 5752.52 5713.64 5680.61 5659.95 5659.26 5648.48 5614.76 5582.12 5525.82 5483.63 5460.41 5447.76 5450.04 5467.05 5517.3
5560.99 5565.35 5569.42 5566.74 5565.49 5564.5 5562.75 5560.8 5558.18 5554.86 5553.69 5571.09 5592.32 5608.86 5620.73 5631.65 5641.9 5653.68 5666.14 5678.66 5692.77 5708.27 5726.66 5745.6 5750.79 5748.83 5748.84 5751.74 5757.05 5765.12 5775.14 5791.1 5803.06 5807.02 5806.34 5805.29 5801.45 5796.59 5806.33 5836.6 5874.32 5897.45 5909.35 5913.65 5911.55 5902.69 5883.32 5850.33 5807.05 5780.73 5763.7 5744.26 5719.94 5693.62 5670.35 5650.5 5643.08 5621.08 5562.8 5499.16 5435.72 5427.89 5422.71 5425.69 5449.49 5462.09 5459.75
5554.16 5555.59 5554.6 5562.84 5562.68 5560.23 5559.7 5559.26 5558.61 5558.39 5561.5 5571.75 5586.07 5600.98 5613.58 5625.88 5637.25 5649.32 5661.08 5672.84 5685.9 5700.56 5717.95 5734.7 5739.81 5739.41 5739.78 5742.22 5747.12 5755.29 5770.63 5786.08 5801.44 5809.62 5814.57 5820.32 5824.79 5821.33 5833.64 5873.68 5890.92 5894.07 5893.41 5887.36 5875.86 5856.72 5826.96 5786 5739.2 5714.66 5710.37 5702.2 5689.72 5675.1 5659.74 5636.17 5602.51 5551.51 5509.5 5445.75 5394.38 5383.1 5391.17 5409.15 5441.86 5428.14 5366.91
5545.35 5548.94 5554.31 5548.32 5551.44 5554.84 5556.73 5558.83 5561.08 5564.26 5568.58 5575.05 5583.55 5597.03 5609.04 5620.62 5631.8 5643.49 5654.83 5665.79 5677.35 5689.21 5702.37 5713.84 5720.88 5724.55 5726.94 5729.76 5733.42 5737.95 5744.99 5760.8 5788.35 5804.14 5819.13 5837.21 5858.33 5877.98 5891.72 5907.85 5901 5889.1 5878.41 5863.69 5846.7 5820.32 5785.45 5742.76 5697.9 5673.04 5672.66 5670.76 5664.52 5653.47 5639.4 5614.36 5573.84 5540.11 5476.77 5406.6 5348.8 5341.9 5356.73 5383.34 5406.26 5361.34 5266.23
5542.18 5540.88 5537.8 5538.04 5544.09 5550.07 5555.33 5559.74 5564.22 5569.86 5575.69 5579.57 5586.3 5595.77 5605.8 5616.34 5627.07 5637.41 5647.73 5658.26 5667.84 5677.02 5684.63 5692.36 5701.27 5707.92 5712.27 5715.55 5718.26 5720.24 5723.6 5736.27 5763.83 5790.69 5817.34 5847.38 5883.78 5930.26 5929.51 5907.43 5892.75 5879.42 5863.11 5842.83 5821.86 5792.67 5756.85 5716.99 5678.26 5654.09 5652.12 5651.17 5645.16 5632.31 5610.19 5588.53 5560.65 5523.65 5452.12 5369.63 5313.97 5294.31 5297.2 5312.59 5319.91 5259.58 5159.17
5530.7 5536.39 5536.55 5539.68 5542.29 5547.75 5554.07 5560.77 5566.24 5571.61 5577.53 5582.14 5588.08 5595.06 5603.3 5612.71 5622.54 5632.54 5642.3 5652.23 5660.26 5666.81 5671.24 5675.15 5685.56 5693.33 5698.35 5701.92 5704.49 5707.06 5711.19 5721.44 5748.65 5777.08 5809.96 5846.38 5884.5 5915.28 5922.23 5905.14 5886.35 5870.57 5850.41 5826.28 5800.25 5769.8 5737.02 5704.35 5671.56 5649.51 5643.4 5640.37 5633.51 5617.91 5592.15 5569 5545.85 5507.68 5411.96 5319.81 5256.73 5233.89 5218.37 5214.9 5198.49 5142.98 5048.62
5547.93 5535.3 5533.61 5534.58 5540.32 5546.94 5554.79 5562.22 5568.71 5571.38 5576.89 5583.08 5587.8 5593.14 5600.49 5609.17 5618.9 5628.21 5638.29 5647.53 5654.91 5660.99 5666.45 5671.27 5676.95 5682.16 5685.89 5689.14 5692.25 5698.09 5706.26 5722.92 5737.43 5762.06 5800.1 5839 5873.81 5902.21 5907.86 5900.27 5883.49 5862.41 5837.05 5810.51 5783.21 5754.61 5724.33 5696.02 5669.71 5649.77 5641.39 5635.84 5627.01 5610.9 5579.76 5532.79 5477.67 5396.78 5319.48 5254.41 5203.4 5178.47 5149.71 5135.58 5114.98 5048.99 4958.55
5519.21 5528.06 5531.89 5533.33 5540.01 5547.32 5555.82 5564.68 5574.25 5579.11 5581.83 5583.7 5585.38 5589 5596.64 5605.6 5616.18 5625.98 5635.87 5643.74 5651.36 5657.83 5665.4 5670.33 5672.5 5675.01 5677.06 5678.97 5681.54 5688 5698.15 5718.49 5728.02 5751.01 5794.53 5834.76 5863.96 5880.15 5895.25 5897.91 5887.4 5852.93 5822.17 5793.88 5767.32 5739.92 5715.06 5693.25 5671.24 5652.78 5642.79 5633.43 5621.44 5603.25 5561.69 5470.47 5377.88 5292.19 5228.19 5191.78 5156.7 5133.26 5104.02 5078.07 5042.88 4982.65 4902.98
5539.95 5540.09 5537.94 5537.85 5541.74 5547.85 5554.7 5563.3 5575.7 5596.43 5584.98 5577.4 5577.12 5581.7 5590.04 5600.84 5611.88 5622.86 5633.49 5641.95 5649.91 5656.48 5662.42 5667.19 5669.41 5670.76 5671.42 5671.8 5673.1 5675.18 5684.28 5697.36 5719.99 5752.67 5801.07 5843.68 5869.89 5880.7 5890.98 5884.84 5862.33 5830.55 5803.13 5778.36 5754.38 5730.31 5710.13 5690.97 5673.96 5662.67 5645.8 5627.4 5607.73 5582.78 5526.23 5402.6 5295.77 5218.89 5166.15 5147.51 5134.87 5115.62 5082.3 5043.65 4995.58 4942.48 4873.3
5552.02 5551.43 5544.37 5538.97 5545.1 5550.4 5554.28 5558.07 5562.81 5567.13 5563.65 5557.75 5562.1 5571.08 5581.89 5594.65 5607.03 5619.78 5631.71 5642.45 5651.49 5658.56 5662.97 5667.08 5669.43 5669.68 5668.95 5665.69 5665.31 5665 5672.18 5687.17 5716.94 5763.92 5818.69 5872.47 5903.34 5909.53 5904.44 5875.65 5833.44 5805.68 5783.84 5763.78 5741.47 5722.03 5702.79 5686.07 5671.44 5660.71 5640.81 5612.73 5582.09 5544.01 5468.69 5339.25 5239.73 5174.8 5131.63 5117.52 5110.49 5094.1 5068.19 5036.6 4987.73 4925.43 4859.13
5554.39 5553.06 5544.57 5544.66 5552 5553.8 5553.95 5551.8 5547.12 5540.23 5541.42 5539.79 5549.47 5562.59 5576.8 5590.39 5605.18 5619.47 5632.39 5644.97 5655.86 5664.53 5672.26 5674.98 5674.07 5671.76 5665.84 5662.93 5660.51 5658.22 5664.01 5679.22 5712.57 5764.26 5844.18 5922.56 5973.45 5975.06 5939.8 5884.78 5827.3 5787.24 5764.86 5748.05 5729.37 5711.99 5693.39 5677.25 5661.34 5649.67 5626.46 5587.64 5546.47 5493.62 5407.65 5290.68 5203.81 5147.8 5111.02 5095.15 5086.02 5072.72 5053.53 5030.04 4978.19 4909.39 4849.74
5550.25 5545.67 5535.68 5564.48 5562.04 5560.14 5555.72 5548.49 5539.41 5532.01 5530.25 5533.71 5543.68 5557.84 5574.25 5589.6 5605.4 5620.73 5634.91 5648.56 5661.69 5675.17 5685.92 5684.86 5680.89 5674.4 5668.9 5664.05 5659.81 5655.41 5659.45 5673.2 5712.78 5783.79 5882.38 5981.95 6064.99 6055.93 5981.05 5899.92 5818.99 5772.93 5752.89 5736.43 5720.01 5703.07 5682.69 5663.57 5643.48 5621.19 5592.34 5552.42 5507.15 5445.84 5354.44 5249.1 5175.83 5127.78 5095.64 5075.68 5063.34 5053.57 5034.04 5000.82 4942.77 4872.56 4804.52
5549.44 5550.89 5535.32 5555.9 5567.44 5568.96 5562.86 5551.18 5537.83 5528.42 5525.54 5529.83 5542.02 5557.19 5574.77 5591.05 5607.03 5622.28 5637.42 5651.95 5665.58 5682.55 5694.05 5691.86 5685.87 5679.9 5673.99 5668.39 5664.25 5657.1 5659.56 5671.29 5715.68 5816.93 5931.37 6029.83 6094.23 6082.32 6008.01 5917.29 5828.75 5773.19 5749.9 5732.72 5715.48 5697.57 5673.96 5649.13 5620.68 5585.62 5548.72 5514.47 5470.29 5408.38 5313.17 5209.97 5150.3 5109.47 5079.6 5054.45 5034.76 5019.82 4999.16 4945.5 4888.01 4821.2 4752.16
5549.16 5544.53 5560.16 5566.88 5584.05 5586.56 5577.57 5561.62 5541.05 5528.59 5526.4 5531.89 5545.2 5561.05 5578.69 5594.5 5609.71 5624.99 5639.63 5652.68 5667.28 5684.62 5694.94 5693.52 5689.59 5684.97 5680.9 5676.58 5673.68 5667.66 5670.15 5679.8 5719.31 5847.81 5969.13 6058.4 6130.25 6097.51 6020.93 5931.5 5842.23 5780.06 5754.37 5734.7 5715.04 5693.55 5666.87 5635.93 5601.59 5560.82 5521.1 5483.43 5439.76 5379.56 5284.26 5184.6 5132.67 5092.73 5058.14 5029.81 5003.41 4975.77 4943.06 4894.63 4832.33 4769.48 4704.77
5559.02 5555.09 5571.58 5610.13 5620.74 5611.81 5599.89 5583.53 5559.27 5544.8 5536.73 5538.85 5555.02 5570.17 5586.47 5600.34 5614.96 5627.88 5639.82 5652.06 5666.51 5680.99 5691.27 5692.6 5691.25 5689.04 5689.08 5687.46 5686.92 5686.74 5694.36 5707.71 5734.25 5854.46 5965.02 6051.07 6115.55 6086.11 6021.53 5942.42 5859.9 5796.59 5766.63 5742.2 5717.44 5688.97 5660.46 5624.77 5586.46 5544.22 5501.12 5457.98 5412.26 5354.37 5271.58 5186.44 5123.53 5077.49 5040.38 5006.29 4970.01 4930.33 4872.1 4815.96 4777.64 4727.01 4672.4
5581.21 5591.98 5611.83 5634.01 5642.55 5634.78 5624.3 5614.91 5605.59 5589.11 5571.3 5565.96 5575.1 5584.54 5597.34 5609.45 5622.35 5631.66 5641.92 5655.21 5669.65 5678.74 5687.19 5693.37 5695.25 5696.43 5696.91 5696.67 5700.12 5708.41 5727.04 5757.38 5804.04 5878.18 5951.69 6019.74 6056.1 6058.7 6014.67 5951.85 5882.47 5822.64 5785.1 5753.32 5721.62 5686.75 5653.8 5614.09 5573.45 5528.35 5479.41 5433.56 5383.63 5322.41 5254.6 5180.52 5105.12 5054.05 5020.13 4982.04 4929.64 4877.82 4819.53 4778.27 4740.25 4698.13 4649.78
5605.39 5624.69 5641.25 5653.93 5658.81 5649.63 5641.77 5639.66 5645.98 5628.79 5620.34 5608.12 5600.26 5601.8 5608.6 5618.27 5628.44 5634.77 5646.92 5659.4 5673.57 5688.02 5696.07 5697.93 5700.37 5702.4 5706.29 5708.05 5715.7 5730.16 5756.01 5800.78 5873.93 5896.47 5916.21 5989.35 6050.28 6040.2 6008.35 5960.26 5904.2 5848.35 5806.2 5766.47 5728.32 5687.09 5644.3 5602.53 5560.51 5515.8 5466.96 5412.12 5352.63 5283.17 5197.03 5123.54 5060.18 5010.6 4974.43 4934.52 4878.89 4827.04 4787.66 4755.72 4717.65 4678.92 4634.98
5622.1 5647.38 5659.85 5660.03 5660.46 5653.58 5647.14 5644.36 5645.93 5638.43 5629.43 5623.33 5618.18 5616.85 5620.24 5623.64 5631.55 5639.98 5651.86 5663.03 5674.35 5692.44 5701.11 5701.19 5704.6 5709.27 5711.61 5719.48 5729.64 5746.85 5771.53 5809.16 5857.87 5869.57 5870.07 5948.5 6016.23 6021.4 6003.65 5968.59 5924.45 5875.81 5827.94 5780.01 5732.25 5683.91 5636.59 5590.26 5545.07 5500.57 5459.14 5386.09 5297.49 5212.77 5119.69 5049.48 4996.62 4950.41 4910.21 4871.39 4824.37 4782.82 4753.09 4731.03 4697.32 4662.84 4626.57
5624.54 5646.21 5649.45 5650.88 5652.29 5648.65 5643.62 5636.81 5631.07 5636 5636.19 5632.79 5629.72 5628.66 5630.93 5628.91 5634.25 5645.46 5652.13 5662.79 5671.76 5685.09 5697.46 5702.57 5708.03 5714.35 5721.97 5731.58 5742.46 5758.3 5777.69 5799.06 5811.24 5826.9 5860.54 5920.67 5977.79 6008.73 6003.4 5976.97 5940.55 5896.1 5844.16 5789.01 5734.3 5679.57 5625.61 5573.48 5521.91 5469.59 5412.9 5325.48 5216.84 5119.39 5040.01 4978.81 4930.9 4887.06 4842.14 4792.63 4776.17 4752.73 4722.41 4704.33 4674.44 4642.15 4611.22
5616.02 5624.62 5626.88 5634.47 5637.67 5640.55 5639.49 5633.2 5627.63 5636.72 5641.56 5639.03 5637.06 5637.06 5639.54 5643.74 5642.56 5647.6 5656.54 5661.66 5669.68 5680.49 5694.7 5702.69 5714.56 5728.06 5739.37 5751.27 5764.39 5778.49 5791.08 5802.3 5808.43 5837.48 5911.15 5967.29 6003.36 6021.74 6013.28 5986.35 5949.94 5903.01 5849.16 5791.67 5729.8 5671.9 5612.94 5556.1 5495.66 5429.97 5353.99 5258.24 5145.12 5045.79 4967.58 4914 4871.72 4832.04 4791.67 4755.56 4740.94 4724.33 4697.03 4675.95 4648.52 4619.76 4589.36
5607.42 5610.23 5613.72 5621.61 5628.24 5634.31 5639.5 5641.52 5639.74 5641.18 5643.02 5640.96 5641.02 5642.89 5646.53 5651.16 5652.87 5657.88 5660.82 5663.53 5671.74 5682.3 5697.4 5709.34 5726.26 5741.43 5756.99 5772.33 5787.04 5801.62 5814.6 5827.5 5842.97 5888.6 5996.03 6060.07 6062.75 6054.54 6030.36 5995.13 5952.64 5902.96 5847.23 5785.07 5719.78 5657.13 5598.16 5534.37 5469.52 5396.02 5309.08 5209.67 5114.89 5007.35 4914.82 4862.3 4823.96 4789.04 4756.32 4729.84 4712.25 4694.63 4671.42 4644.04 4619.88 4596.49 4570.63
5603.32 5604.85 5607.84 5614.01 5620.16 5629.29 5640.68 5653.2 5653.3 5641.82 5637.59 5638.66 5641.77 5646.74 5652.21 5658.1 5660.07 5663.7 5664.09 5666.44 5674.62 5687.02 5702.57 5719.64 5738.79 5757.68 5776.91 5794.92 5812.03 5831.54 5848.23 5867.95 5893.95 5943.38 6071.49 6139.48 6120.96 6089.62 6046.79 5998.27 5947.77 5896.11 5839.69 5767.26 5700.13 5638.02 5575.18 5513.57 5447.69 5374.81 5291.16 5203.13 5112.79 4989.48 4881.16 4829.16 4791.88 4759.28 4729.41 4704.2 4684.43 4664.66 4637.94 4609.65 4588.73 4568.35 4544.41
5601.71 5604.19 5606.61 5610.36 5615.09 5624.44 5637.92 5649.33 5647.38 5635.47 5630.67 5635.76 5641.76 5649.48 5656.8 5664.43 5671.56 5670.2 5669.86 5670.62 5674.12 5686.05 5708.66 5731.97 5754.65 5776.77 5798.55 5819.08 5841.4 5862.47 5884.41 5911.44 5950.25 6012.4 6127.24 6194.3 6159.39 6110.82 6053.15 5992.43 5928.63 5864.13 5797.77 5729.92 5666.44 5609.42 5551.68 5491.74 5430.31 5360.48 5288.58 5210.5 5100.98 4975.24 4868.97 4815.86 4776.63 4741.19 4709.34 4679.98 4656.87 4635.43 4603.89 4574.78 4558.79 4539.59 4519.3
5599.97 5602.36 5605.5 5608.69 5611.6 5619.86 5633.88 5643.3 5639.53 5628.22 5626.07 5634.14 5643.81 5653.22 5662.49 5672.31 5681.63 5680.3 5682.29 5685.07 5685.4 5697.34 5723.33 5748.33 5770.92 5795.14 5816.14 5837.42 5861.51 5886.85 5914.68 5949.61 5995.33 6060.8 6135.93 6187.53 6161.3 6109.17 6045.38 5975.4 5900 5815.29 5734.06 5678.13 5626.1 5572.45 5517.96 5462.83 5406.52 5348.45 5285.47 5205.45 5101.01 4981.15 4879.12 4820.21 4774.42 4734.4 4697.05 4663.66 4637.56 4611.95 4578.03 4551.17 4537 4516.73 4498.29
5598.31 5599.68 5604.38 5607.81 5611.83 5620.02 5631.59 5640.45 5635.13 5626.05 5626.7 5635.58 5646.89 5658.86 5670.39 5682.55 5694.89 5692.54 5701.26 5710.63 5719.86 5734.44 5750.63 5770.87 5791.23 5812.09 5834.65 5856.55 5881.69 5908.41 5940.56 5977.18 6022.7 6071.85 6099.27 6130.83 6128.51 6087.84 6026.88 5953.66 5871.11 5779 5690.59 5633.83 5585.37 5535.36 5483.95 5431.54 5378.42 5330.15 5284.22 5240.72 5148.5 5007.09 4901.73 4836.37 4782.12 4734.18 4690.58 4651.95 4620.89 4596.11 4566.73 4543.05 4524.42 4500.48 4482.23
