real_craters/C193-300m.grd
DSAA
603 603
-90.23 90.23
-90.23 90.23
4031.7482037952 6593.1450162476
[rows 120 to 149 of 603, columns 134 to 200 of 603]
5764 5766.29 5767.85 5767.02 5770.29 5775.27 5781.64 5790.2 5797.92 5805.5 5813.45 5821 5826.16 5830.18 5832.51 5830.26 5826.98 5821.2 5812.44 5801.11 5789.07 5774.62 5776.63 5779.75 5781.18 5782.93 5786.91 5792.22 5785.29 5779.13 5774.38 5769.96 5765.35 5762.47 5762.79 5764.36 5766.45 5768.85 5770.34 5774.44 5779.13 5781.4 5773.71 5765.83 5760.01 5757.22 5756.22 5756.35 5757.27 5757.77 5754.95 5750.76 5750.06 5751.76 5753.97 5756.73 5757.41 5755.73 5752.65 5751.98 5752.86 5752.56 5752.21 5753.99 5757.2 5760.38 5763.2
5761.72 5763.69 5764.85 5764.58 5766.72 5770.41 5775.36 5781.79 5789.06 5795.46 5800.28 5804.22 5807.44 5810.52 5813.27 5812.81 5812.16 5810 5806.2 5800.37 5790.21 5780.33 5783.32 5783.85 5782.99 5782.61 5783.8 5787.51 5780.53 5777.5 5774.78 5769.38 5764.33 5761.1 5760.97 5762.62 5765.28 5768.27 5770.75 5773.26 5779.14 5783.45 5776.76 5768.34 5762.03 5759.22 5757.59 5757.09 5757.68 5759.77 5755.41 5747.2 5746.67 5749.47 5751.37 5751.85 5751.65 5750.38 5748.05 5749.28 5751.61 5752.92 5752.87 5754.91 5757.77 5760.74 5763.66
5764.46 5763.02 5762.68 5762.12 5760.76 5765.01 5770.39 5775.74 5780.86 5784.95 5788.04 5789.53 5790.15 5789.93 5791.57 5795.72 5798.72 5800.49 5801.67 5802.98 5807.17 5808.49 5797.57 5789.73 5784.67 5780.6 5775.43 5766.34 5769.43 5774.82 5777.15 5773.51 5763.72 5758.9 5758.8 5760.45 5763.34 5766.89 5769.9 5770.38 5775.11 5777.82 5775.62 5769.71 5763.97 5761.04 5758.59 5756.74 5755.57 5755.09 5753.51 5749.35 5748.74 5749.44 5749.83 5748.68 5745.32 5744.59 5746.12 5749.02 5752.71 5754.84 5756.27 5756.56 5758.28 5760.4 5762.07
5762.29 5761.77 5761.29 5760.06 5757.65 5761.53 5766.4 5769.87 5772.83 5776.33 5776.78 5776.61 5775.18 5773.24 5775.47 5781.57 5787.31 5792.13 5796.47 5801.7 5809.8 5811.73 5802.13 5792.21 5785.4 5779.48 5772.87 5765.54 5767.74 5774.47 5778.96 5774.15 5761.29 5756.61 5756.97 5758.74 5761.48 5764.93 5769.37 5771.67 5773.05 5775.85 5774.99 5772.6 5767.98 5763.01 5759.28 5756.46 5753.9 5751.06 5754.4 5757.69 5753.96 5751.12 5748.93 5747.05 5744.07 5743.01 5745.02 5749.78 5755.31 5757.07 5755.93 5756.81 5758.39 5759.86 5760.27
5759.19 5760.55 5760.98 5760.97 5760.75 5762.75 5764.54 5766.28 5767.27 5768.49 5767.8 5766.13 5763.58 5761.23 5764.69 5771.39 5778.5 5784.84 5790.08 5794.61 5796.88 5797.08 5795.48 5789.92 5784.85 5779.88 5775.27 5772.44 5772.98 5775.61 5777.64 5772.04 5759.81 5755.96 5755.88 5756.85 5758.63 5761.22 5764.61 5766.27 5770.47 5774.26 5773.76 5772.26 5768.67 5763.6 5759.48 5756.42 5754.74 5755.41 5758.6 5761.04 5758.15 5753.37 5749.43 5748.93 5748.39 5743.85 5744.41 5750.2 5755.95 5756.98 5755.21 5756.65 5758.61 5760.21 5760.4
5758.67 5760.47 5761.46 5762.38 5763.15 5763.24 5763.66 5763.32 5763.28 5762.39 5761.01 5758.79 5755.66 5752.71 5757.57 5765.14 5772.79 5779.34 5784.59 5788.03 5788.13 5787.16 5788.01 5787.48 5784.99 5781.53 5778.68 5777.99 5777.99 5776.34 5773.77 5769.42 5762.94 5758 5755.83 5755.16 5755.38 5756.75 5759.31 5765.31 5768.42 5771.35 5771.21 5769.55 5766.54 5762.79 5759.29 5756.39 5755.07 5758.56 5764.66 5766.63 5763.41 5756.14 5750.34 5751.16 5752.82 5750.07 5751.18 5751.27 5753.83 5754.49 5753.77 5756.22 5759 5761.24 5762.83
5761.25 5761.22 5761.84 5763.05 5764.96 5766.1 5763.18 5761.26 5759.98 5758.64 5757.22 5755.14 5752.43 5750.23 5755.93 5763.25 5770.39 5776.96 5782.1 5785.27 5785.7 5784 5786.94 5787.99 5786.07 5782.95 5779.98 5778.83 5778.09 5774.64 5773.49 5769.22 5764.92 5758.84 5755.09 5753.25 5752.46 5752.79 5755.27 5765.45 5767.27 5769.16 5768.41 5766.65 5764.28 5761.85 5759.4 5757.25 5755.57 5759.78 5774.94 5780.06 5770.99 5759.78 5751.57 5752.75 5755.96 5757.73 5749.77 5750.65 5751.4 5751.34 5753.54 5756.55 5759.38 5762.26 5764.57
5761.23 5761 5761.37 5762.44 5764.21 5763.55 5761.47 5758.68 5756.77 5755.9 5755.28 5754.38 5753.68 5754.48 5758.97 5764.78 5771.67 5777.68 5782.93 5786.92 5789.35 5791.13 5794.51 5792.04 5788.24 5783.82 5779.33 5774.83 5769.89 5769.84 5767.89 5763.51 5759.16 5756.26 5753.65 5751.7 5750.45 5749.84 5751.62 5762.11 5767.09 5767.48 5765.11 5762.44 5761.44 5760.65 5760.05 5759.98 5761.04 5768.48 5784.45 5789.52 5777.67 5764.92 5755.09 5757.23 5759.24 5758.45 5752.24 5751.25 5751.77 5752.87 5754.86 5757.4 5760.49 5763.56 5765.81
5759 5759.18 5759.5 5759.98 5760.72 5759.89 5758.27 5756.24 5754.84 5754.5 5754.36 5755.34 5757.03 5760.03 5763.35 5768.34 5774.79 5780.79 5786.3 5791.86 5796.67 5799.77 5801.41 5797.06 5791.08 5784.8 5778.56 5772.74 5768.01 5765.32 5764.21 5759.5 5755.21 5753.78 5751.99 5750.28 5748.9 5748.2 5749.29 5759.67 5765.43 5765.5 5762.42 5759.13 5759.36 5759.92 5760.91 5763.5 5768.1 5774.68 5781.6 5784.69 5781.19 5774.98 5767.94 5766.02 5763.88 5759.95 5755.13 5753.14 5754.05 5756.18 5756.45 5757.89 5761.27 5764.84 5767.83
5755.95 5756.8 5757.28 5757.2 5756.57 5755.1 5754.53 5753.86 5753.58 5753.5 5754.73 5756.35 5759.16 5763.05 5766.34 5771.39 5777.79 5784.26 5791.07 5798.21 5805.16 5810.01 5808.52 5801.69 5793.97 5786.07 5778.31 5770.9 5764.75 5759.54 5756.57 5756.58 5755.23 5752.69 5750.99 5749.79 5749.17 5749.24 5751.14 5758.57 5764.92 5764.23 5761.52 5758.98 5758.95 5759.66 5761.22 5764.56 5772.45 5778.77 5781.59 5782.69 5781.56 5784.62 5785.37 5776.59 5770.51 5761.14 5754.04 5754.07 5754.74 5754.87 5755.74 5758.14 5761.8 5766.15 5770.26
5753.93 5755.04 5755.22 5754.79 5753.3 5751.87 5752.25 5752.45 5753.19 5752.98 5754.36 5756.62 5759.07 5762.65 5768.05 5773.83 5780.41 5787.41 5795.16 5803.61 5812.41 5819.65 5814.64 5804.86 5795.63 5786.61 5777.85 5769.26 5760.95 5756.72 5754.51 5754.46 5753.09 5751.64 5750.53 5749.74 5750.19 5751.76 5755.25 5759.69 5763.56 5763.14 5761.59 5760.34 5759.72 5760.03 5760.75 5762.02 5764.65 5776.72 5788.91 5782.63 5774.03 5771.82 5781.13 5789.6 5781.82 5770.74 5759.43 5756.48 5755.26 5754.56 5754.8 5758.64 5763.47 5768.36 5773.05
5753.9 5753.67 5753.71 5753.14 5752.56 5751.89 5751.68 5751.84 5752.64 5753.43 5754.45 5756.82 5760.96 5764.87 5769.92 5776.14 5782.97 5790.18 5798.57 5807.5 5816.71 5825.14 5819.33 5806.28 5796.26 5786.75 5777.55 5769.02 5761.76 5758.15 5755.9 5753.41 5751.9 5750.43 5749.75 5749.77 5750.68 5752.75 5756.98 5761.39 5761.42 5761.52 5759.81 5759.57 5760.4 5760.66 5760.73 5760.9 5762.57 5774.53 5785.62 5776.87 5762.23 5747.47 5761.38 5787.46 5783.88 5775.04 5765.16 5759.6 5756.92 5754.55 5755.34 5760.79 5766.23 5771.46 5775.72
5753.91 5753.58 5753.39 5752.62 5752.47 5751.31 5751.2 5751.79 5752.59 5753.72 5754.63 5757.01 5760.85 5765.58 5771.56 5778.04 5785.09 5792.4 5800.31 5808.44 5816.65 5822.5 5817.43 5805.85 5795.39 5786.11 5777.29 5769.14 5762.43 5757.02 5753.4 5751.21 5749.62 5749.08 5749.33 5749.45 5750.38 5751.6 5754.32 5757.89 5760.31 5760.7 5761 5761.29 5762.03 5762.09 5762 5762.2 5765.36 5772.76 5776.99 5771.51 5758.04 5744.08 5756.2 5771.81 5777.42 5773.22 5766.34 5761.41 5758.71 5758.35 5760.42 5765.22 5770.83 5775.99 5779.18
5753.63 5755.67 5754.46 5753.68 5753.39 5752.96 5752.37 5752.55 5753.75 5755.18 5755.95 5758.22 5760.84 5766.37 5773.28 5780.06 5786.45 5793.58 5800.51 5807.34 5813.71 5817.16 5811.99 5802.26 5793.59 5785.15 5776.91 5769.09 5761.79 5755.9 5751.3 5747.9 5747.6 5748.16 5748.77 5749.06 5749.55 5750.35 5752.52 5755.31 5755.31 5760.33 5765.72 5765.64 5764.55 5764.14 5764.16 5764.96 5766.7 5773.02 5776.14 5772.34 5765.38 5758.93 5769.03 5778.38 5774.84 5769.63 5765.63 5761.8 5759.32 5761.03 5766.1 5770.92 5776.84 5782.83 5786.37
5750.18 5755.02 5755.9 5755.71 5754.8 5754.03 5753.16 5753.98 5755.67 5757.06 5758.25 5760.99 5764.87 5769.28 5775.38 5781.76 5788.04 5794.27 5799.99 5805.06 5809.84 5813.82 5812.59 5800.19 5791.72 5784.06 5776.66 5769.48 5762.69 5758.63 5751.89 5745.65 5747.38 5749.31 5750.37 5750.61 5750.14 5749.56 5750.46 5752.83 5753.65 5760.5 5764.9 5766.68 5766.36 5765.97 5766.3 5768.23 5771.17 5773.6 5775.93 5775.59 5777.08 5780.95 5782.57 5782.51 5772.44 5764.88 5763.08 5761.32 5761.46 5764.04 5769.16 5776.86 5784.9 5792.68 5798.48
5756.34 5758.39 5758.39 5758.52 5757.85 5756.48 5754.57 5757.4 5759.26 5760.46 5761.46 5763.97 5767.71 5772.07 5777.2 5782.81 5788.13 5793.4 5797.5 5801.23 5803.87 5806.63 5806.97 5796.71 5788.78 5782.16 5775.99 5769.93 5764.02 5759.31 5753.88 5750.83 5751.31 5752.94 5753.87 5753.49 5752.33 5751.9 5751.83 5752.66 5755.99 5763.99 5766.54 5767.64 5767.83 5767.39 5767.04 5767.44 5768.43 5770.35 5772.67 5775.06 5780.26 5785.65 5781.89 5778.84 5774.58 5767.67 5761.54 5760.15 5764.03 5768.55 5775.41 5783.25 5793.81 5805.43 5815.85
5757.88 5761.87 5760.97 5761.54 5761.48 5762.77 5765.95 5763.19 5764 5765.4 5765.44 5766.99 5770.29 5774.42 5779.23 5784.74 5789.03 5792.56 5795.06 5796.43 5796.18 5793.84 5788.76 5788.36 5784.52 5779.88 5775.49 5771.01 5765.93 5759.5 5756.2 5756.41 5757.79 5759.56 5760.6 5760.28 5758.29 5754.44 5757.83 5762.65 5764.55 5774.14 5771.53 5770.75 5769.96 5768.79 5767.55 5766.12 5765.31 5763.99 5766.37 5770.19 5773.37 5775.54 5774.11 5773.49 5774.09 5769.94 5763.23 5761.35 5763.42 5768.52 5775 5786.62 5802.11 5819.15 5835.77
5752.7 5758.19 5762.02 5764.71 5765.11 5764.19 5763.54 5764.66 5769.58 5771.58 5771.7 5770.48 5772.26 5777.68 5782.9 5787.11 5790.43 5792.48 5793.93 5793.25 5790.24 5785.47 5777.14 5780.51 5780.07 5778.3 5776.55 5774.36 5771.05 5763.98 5760.8 5762.88 5766.63 5768.92 5770.31 5770.85 5770.14 5768.3 5770.7 5777.68 5782.12 5783.15 5777.51 5774.59 5772.62 5770.61 5768.67 5766.66 5766.1 5763.67 5764.96 5766 5765.21 5765.58 5767.52 5768.2 5767.79 5768 5767.3 5767.15 5768.55 5770.46 5775.49 5790.65 5809.76 5830.1 5853.14
5750.19 5756.26 5764.7 5767.8 5769.56 5767.55 5760.46 5770.81 5779.97 5783.56 5782.62 5776.97 5776.17 5784.67 5789.32 5792.42 5794.05 5794.61 5794.28 5792.42 5789.02 5783.8 5777.15 5773.97 5776.2 5777.94 5779.05 5779.74 5779.32 5777.5 5775.8 5776.87 5778.72 5779.9 5781.23 5783.22 5786.46 5788.07 5787.98 5790.7 5791.6 5786.43 5781.1 5777.29 5774.63 5772.36 5770.62 5769.16 5770.31 5774.63 5769 5764.86 5761.18 5760.49 5762.07 5764.49 5765.68 5767.77 5770.56 5772.17 5768.34 5773.73 5782.93 5797.28 5816 5837.76 5863.75
5754.32 5764.92 5770.8 5773.51 5777.77 5781.59 5787.25 5794.58 5799.34 5801.42 5799.93 5799.09 5797 5797.22 5798.65 5799.08 5798.71 5797.42 5795.56 5792.91 5789.77 5786.96 5785.99 5782.69 5777.77 5778.99 5782.3 5785.91 5789.15 5786.93 5790.62 5793.73 5791.42 5790.05 5790.5 5793.23 5799.43 5806.66 5808.71 5804.3 5796.47 5788.81 5783.09 5779.01 5775.61 5773.71 5772.93 5772.32 5772.77 5771.27 5769.74 5765.45 5761.47 5760.64 5761.53 5764.72 5767.41 5768.65 5770.35 5771.43 5772.29 5776.34 5786.85 5800.98 5818.23 5839.56 5865.5
5758.71 5769.16 5769.02 5776.03 5786.08 5797.85 5812.15 5821.76 5820.78 5820.4 5818.55 5814.71 5813.88 5811.83 5808.94 5806.23 5803.59 5800.82 5798.24 5794.93 5791.52 5788.71 5788.66 5785.39 5777.95 5780.76 5786.74 5792.81 5797.7 5803.05 5810.34 5806.84 5800.83 5796.99 5795.98 5797.23 5801.29 5807.53 5815.71 5808.68 5797.08 5788.37 5784.32 5779.26 5774.95 5773.58 5773.36 5775.19 5774.15 5773.95 5770.49 5766.96 5764.02 5763.97 5765.58 5766.93 5768.44 5768.84 5768.68 5767.16 5767.53 5775.18 5785.5 5798.56 5814.85 5834.9 5858.61
5755.28 5756.16 5763.3 5777.63 5792.8 5809.33 5827.03 5836.51 5835.86 5836.5 5838.59 5840.72 5833.59 5825.71 5819.55 5814.28 5809.89 5805.69 5801.62 5797.69 5793.37 5788.73 5782.96 5773.47 5772.4 5783.88 5792.28 5799.66 5807.81 5813.53 5820.34 5812.73 5804.72 5800.24 5797.89 5796.99 5796.63 5798.87 5799.74 5798.32 5792.75 5787.41 5785.77 5776.66 5772.11 5770.5 5770.17 5770.58 5772.32 5772.73 5770.92 5768.85 5767.29 5767.71 5768.33 5768.86 5769.53 5769.13 5768.61 5767.98 5768.67 5773.4 5780.3 5790.41 5807.04 5825.42 5845.18
5753.35 5753.86 5766.15 5781.71 5798.5 5814.13 5827.85 5836.06 5841.44 5845.65 5851.39 5860.35 5847.88 5836.11 5827.6 5820.42 5814.83 5809.52 5804.44 5800.74 5795.89 5790.38 5783.09 5775.29 5784.2 5793.99 5799.56 5802.86 5807.71 5808.19 5809.8 5806.1 5801.77 5798.36 5796.21 5795.08 5792.61 5791.13 5787.85 5787.82 5786.93 5784.55 5775.04 5768.83 5766.52 5766.11 5766.37 5767.91 5769.6 5770.51 5770.64 5770.51 5770.61 5770.82 5770.53 5768.95 5768.99 5769.84 5770.07 5769.34 5770.05 5772.8 5776.99 5784.36 5798.58 5813.71 5828.96
5758.28 5757.95 5770.98 5789.16 5804.73 5817.97 5828.09 5835.81 5841.77 5846.34 5850.16 5849.93 5846.87 5838.08 5829.78 5822.42 5816.51 5811.62 5807.46 5803.64 5800.79 5797 5794.34 5794.39 5807.98 5810.3 5808.97 5805.32 5796.99 5795.38 5793.32 5795.01 5795.56 5794.08 5792.21 5791.9 5794.87 5790.48 5785.49 5780.8 5778.83 5775.91 5762.9 5759.38 5759.95 5761.14 5762.48 5764.39 5767.55 5769.19 5769.66 5770.79 5772.04 5772.01 5770.97 5769.28 5769.48 5771.61 5773.42 5773.44 5772.23 5774.12 5777.05 5782.03 5792.12 5802.94 5812.2
5770.91 5771.14 5784.4 5802.51 5813.57 5822.37 5829.86 5836.09 5840.01 5842.78 5845.3 5845.05 5841.63 5835.88 5828.6 5822.18 5816.5 5812.09 5807.63 5805.73 5805.18 5805.47 5809.14 5821.04 5833.59 5823.41 5818.73 5814.7 5807.65 5797.36 5786.31 5790.17 5791.72 5790.24 5787.4 5783.31 5780.9 5779.52 5777.33 5772.34 5768.64 5764.55 5757.86 5753.59 5754.28 5756.39 5759.95 5761.99 5763.48 5765.71 5767.48 5769.19 5771.32 5773.25 5772.22 5770.34 5771.21 5774.1 5777.6 5780.92 5777.53 5777.3 5778.84 5781.95 5787.73 5794.34 5799.56
5789.14 5801.31 5818.47 5820.97 5823.11 5826.27 5830.05 5834.27 5836.18 5838.31 5838.88 5837.94 5836.28 5832.31 5827.34 5821.89 5817.27 5812.54 5809.5 5808.16 5808.35 5810.29 5815.35 5822.61 5816.7 5822.78 5825.04 5824.6 5820.54 5810.23 5801.43 5795.52 5791.17 5787.64 5784.03 5778.35 5767.73 5767.55 5764.66 5764.45 5760.38 5758.24 5754.96 5749.67 5750.06 5752.1 5753.68 5757.26 5759.62 5762.76 5765.23 5766.59 5769.23 5772.5 5771.91 5770.75 5772.38 5776.2 5780.33 5782.22 5780.44 5781.43 5781.68 5781.66 5784.61 5788.69 5791.08
5802.77 5817.84 5832.15 5829.55 5827.87 5828.76 5828.93 5827.1 5830.73 5834.91 5834.79 5833.35 5832 5828.69 5824.82 5820.65 5816.38 5812.89 5809.91 5808.09 5808.45 5810.4 5814.05 5818.85 5824.2 5828.08 5828.72 5828.21 5823.81 5814.65 5808.51 5799.37 5790.87 5786.32 5783.74 5783.15 5783.08 5777.36 5771.36 5762.96 5754 5751.61 5751.43 5745.63 5747.26 5750 5753.19 5756.59 5759.26 5762.29 5764.6 5766.16 5768.87 5770.4 5770.13 5769.34 5772.19 5777.41 5783.44 5786.86 5787.28 5787.29 5786.15 5783.69 5784.59 5786.14 5785.89
5807.32 5816.36 5822.73 5825.05 5827.09 5829.01 5830.67 5830.44 5834.59 5835.96 5834.71 5831.93 5828.63 5824.84 5820.93 5817.28 5813.73 5810.68 5808.25 5806.29 5805.93 5807.37 5810.04 5814.48 5825.28 5831.13 5827.6 5824.66 5819.3 5809.86 5801.44 5792.73 5786.91 5784.36 5782.69 5781.8 5782.09 5782.85 5778.64 5765.69 5753.13 5748.5 5749.01 5747.56 5745.36 5749.47 5754.06 5756.83 5762.59 5762.47 5765.03 5768.11 5771.23 5773.37 5769.31 5766.92 5770.68 5776.74 5785.09 5793.47 5795.47 5793.41 5791.12 5789.54 5788.68 5786.59 5783.67
5805.6 5810.54 5814.66 5818.18 5823.18 5828.29 5834.33 5842.58 5844.95 5838.09 5834.57 5829.27 5824 5820.12 5816.4 5812.69 5809.27 5806.29 5803.6 5802.65 5801.44 5801.51 5803.61 5807.12 5815.73 5821.96 5818.96 5815.53 5811.92 5805.42 5790.31 5779.58 5781.78 5782.93 5781.85 5778.22 5775.36 5772.49 5774.9 5769.12 5760.35 5753.15 5747.1 5737.76 5742.63 5749.51 5755.42 5755.86 5753.93 5761.27 5764.72 5767.19 5768.5 5770.52 5766.25 5765.12 5768.87 5773.73 5778.57 5787.08 5795.88 5795 5793.01 5792.88 5791.93 5787.4 5782.81
5800.85 5802.87 5804.56 5811.35 5818.09 5825.02 5832.66 5840.52 5841.41 5832.9 5823.73 5821.34 5817.95 5814.61 5811.2 5808.27 5805.13 5801.82 5798.65 5796.7 5795.29 5794.44 5795.35 5798.01 5804.06 5805.88 5805.19 5802.96 5802.22 5798.95 5787.53 5778.58 5783.62 5785.58 5785.15 5782.15 5779.38 5777.8 5776.53 5774.38 5770.76 5760.93 5751.55 5744.53 5745.02 5750.23 5756.06 5760.27 5762.83 5763.24 5764.02 5763.55 5760.12 5758.73 5761.33 5763.41 5767.8 5771.7 5773.4 5777.94 5786.87 5789.05 5789.69 5791.12 5791.12 5786.26 5781.62
