real_craters/C193-500m.grd
DSAA
362 362
-90.23 90.23
-90.23 90.23
4024.8624567219 6580.7310631669
[rows 90 to 119 of 362, columns 268 to 334 of 362]
5748.9 5754.29 5781.5 5816.91 5854.92 5895.1 5936.34 5982.26 6008.25 6000.79 5981.27 5955.24 5927.68 5888.43 5862.93 5836.39 5812.36 5788.09 5777.36 5769.21 5762.82 5756.86 5751.15 5748.6 5742.69 5736.14 5731.24 5731.38 5735.53 5739.29 5741.83 5742.37 5741.6 5740.66 5739.36 5738.54 5737.34 5733.47 5735.93 5737.03 5736.49 5735.07 5734.1 5734.31 5736.12 5739.74 5743.37 5746.82 5748.22 5747.83 5745.23 5741.67 5741.5 5740.84 5743.73 5749.48 5747.21 5749.92 5749.4 5747.21 5743.34 5739.18 5733.69 5727.11 5719.36 5702.11 5663.03
5761.87 5775.91 5805.56 5839.8 5880.93 5929.22 5985.84 6054.46 6086.2 6058.6 6016.45 5976.35 5925.93 5893.35 5862.32 5831.24 5801.98 5777.26 5769.62 5762 5756.02 5750.34 5749.27 5745.3 5737.94 5731.52 5730.54 5733.09 5738.1 5741.54 5743.54 5743.99 5741.76 5738.26 5739.65 5739.52 5735.08 5730.94 5732.45 5735.34 5735 5732.74 5730.88 5732.21 5736.12 5738.29 5741.99 5744.82 5747.18 5746.98 5743.58 5735.38 5734.53 5735.87 5737.14 5741.52 5746.62 5744.42 5742.46 5741.2 5740.06 5739.46 5736.72 5731.18 5724.6 5709.9 5669.24
5780.55 5796.18 5824.65 5856.88 5898.07 5948.53 6009 6087.08 6141.67 6081.71 6031.16 5985.23 5943.78 5895.47 5861.07 5829.24 5800.54 5781.79 5766.89 5757.79 5750.23 5745.17 5739.51 5739.62 5736.03 5734.03 5736.66 5742.34 5743.85 5746.55 5748.87 5749.46 5748.09 5745.45 5751.84 5749.63 5743.3 5735.25 5738.6 5739.89 5737.66 5733.08 5727.93 5727.53 5732.8 5737.9 5742.2 5746.23 5748.25 5749.41 5749.09 5741.26 5739.24 5735.46 5730.14 5731.32 5734.27 5731.57 5731.71 5734.22 5735.97 5736.49 5735.84 5732.82 5723.47 5707.62 5669.74
5798.64 5819.14 5834.55 5863.24 5901.35 5947.69 5999.3 6055.29 6071.62 6057.69 6021.62 5981.97 5941.62 5894.11 5860.54 5828.57 5799.55 5776.46 5765.45 5757.51 5751.72 5744.69 5739.56 5739.32 5737.3 5735.44 5740.95 5746.22 5749.86 5753.55 5756.46 5758.82 5760.28 5763.33 5767.32 5761.89 5757.83 5757.88 5755.18 5750.78 5744.93 5737.66 5728.92 5725.66 5733.55 5740.62 5745.35 5748.12 5750.67 5753.27 5758.93 5768.71 5755.12 5739.77 5726.69 5720.64 5713.74 5714.75 5721.13 5729.44 5734.55 5737.47 5735.59 5730.01 5718.18 5696.19 5657.31
5808.5 5821.24 5835.06 5859.22 5894.12 5934.15 5974.5 6014.46 6026.78 6021.12 5999.95 5969.44 5934.65 5891.2 5860.08 5829.22 5798.03 5775.65 5766.89 5762.16 5759.37 5753.07 5749.75 5750.07 5746.25 5744.33 5748.18 5751.93 5756.52 5760.67 5764.6 5768.79 5770.74 5767.58 5761.57 5766.49 5770.28 5774.48 5771.93 5764.49 5756.51 5747.83 5739.06 5736.62 5740.79 5748.54 5751.87 5752.94 5753.57 5753.83 5756.77 5766.22 5756.53 5744.61 5729.24 5712.05 5706.7 5707.3 5716.73 5727.13 5732.01 5735.32 5733.32 5727.48 5712.51 5686.48 5644.15
5813.32 5821.88 5822.18 5847.67 5880.5 5914.45 5946.73 5972.18 5988.04 5989.34 5975.75 5953.39 5926.36 5898.36 5861.59 5834.79 5805.94 5776.53 5772.76 5773.6 5774.57 5776.96 5777.1 5772.65 5763.82 5757.54 5761.45 5768.34 5765.01 5767.54 5772.36 5779.25 5783.32 5777.16 5768.8 5774.66 5781.11 5785.56 5784.74 5778.82 5770.97 5762.84 5755.39 5754.66 5759.84 5762.1 5761.5 5759.96 5756.44 5751.13 5745 5740.02 5747.16 5748.85 5748.07 5729.65 5716.01 5713.02 5724.31 5736.15 5741.14 5741.39 5739.25 5730.23 5714.36 5688.69 5651.21
5816.63 5818.69 5821.7 5838.08 5864.79 5893.33 5920.51 5944.38 5968.1 5968.96 5954.05 5936.53 5914.96 5893.42 5863.28 5844.33 5825.65 5808.46 5797.48 5795.65 5791.69 5794.04 5807.88 5805.81 5795.85 5785.65 5781.66 5772.01 5771.31 5773.94 5779.05 5787.39 5800.3 5795.5 5785.3 5787.52 5792.92 5797.27 5797.84 5793.67 5786.96 5779.81 5774.88 5774.18 5777.94 5776.67 5772.83 5768.54 5761.96 5752.72 5740.51 5735.15 5745.8 5754.44 5754.72 5747.49 5739.29 5739.12 5744.25 5747.08 5748.57 5748.09 5742.76 5735.36 5719.51 5696.67 5659.09
5820.54 5816.51 5812.24 5827.55 5850.38 5873.98 5896.33 5916.57 5940.48 5941.28 5928.66 5917.25 5903.67 5877.88 5865.13 5854.42 5847.25 5850.01 5838.56 5827.45 5815.91 5806.44 5834.17 5846.95 5845.79 5831.83 5812.54 5792.16 5781.34 5780.03 5782.97 5788.49 5792.97 5797.4 5797.05 5799.6 5804.95 5810.34 5812.67 5809.58 5803.62 5796.32 5789.87 5789.32 5788.43 5787.43 5785.59 5780.47 5772.3 5762.04 5748.56 5744.3 5754.92 5762.66 5757.63 5714.24 5742.41 5764.41 5764.48 5761.04 5762.49 5757.61 5749.85 5737.46 5723.42 5702.78 5665.74
5825.32 5818.59 5814.5 5822.87 5839.8 5858.96 5876.15 5888.74 5896.4 5897.27 5901.51 5899.59 5893.23 5883.6 5865.04 5859.38 5855.27 5863.72 5863.94 5856.14 5849.43 5843.3 5863.8 5887.5 5910.97 5889.9 5843.69 5806.71 5788.39 5785.26 5785.33 5787.35 5791.92 5797.05 5802.79 5808.08 5814.88 5822.28 5827.29 5825.07 5820.15 5813.8 5806.35 5806.46 5806.18 5804.95 5801 5794.39 5786.89 5777.65 5769.43 5767.18 5773.97 5779.08 5777.07 5765.39 5768.37 5778.55 5785.18 5781.21 5776.69 5768.61 5759.64 5747.3 5726.93 5696.76 5653.3
5833.15 5825.54 5819.66 5817.91 5831.86 5847.53 5860.75 5869.01 5874.36 5875.34 5883.62 5885.75 5882.79 5875.87 5860.99 5856.52 5850.03 5853.94 5863.86 5870.96 5879.88 5894.44 5894.49 5908.29 5929.92 5905.89 5857.91 5819.53 5798.32 5790.82 5787.77 5787.31 5789.37 5797.15 5805.63 5813.32 5821.3 5830.62 5838.49 5838.06 5834.9 5832.49 5831.1 5827.08 5826.65 5825.41 5816.94 5811.09 5806.26 5802.36 5797.63 5796.32 5799.12 5802.68 5804.85 5805.55 5800 5804.67 5804.39 5798.49 5792.19 5783.81 5774.86 5759.34 5737.85 5705.26 5661.34
5841.82 5831.34 5821.29 5816.6 5829.27 5842.72 5853.73 5861.11 5868.18 5871.4 5877.83 5880.31 5876.49 5869.7 5853.41 5841.99 5838.85 5839.38 5859.3 5871.88 5889.98 5905.77 5897.08 5893.03 5893.96 5877.22 5848.99 5824.29 5806.94 5794.38 5788.33 5787.42 5792.15 5803.23 5809.12 5814.93 5822.84 5833.17 5844.52 5844.91 5843.95 5845.78 5846.15 5841.87 5838.01 5832.65 5829.73 5825.72 5824.31 5825.57 5828.01 5824.54 5822.76 5826.64 5829.24 5827.53 5821.9 5822.64 5822.7 5815.32 5807.28 5799.07 5789.44 5775.33 5755.8 5729.22 5686.45
5850.43 5838.06 5826.4 5821.3 5833.61 5844.87 5854.21 5862.89 5874.13 5875.44 5882.47 5880.12 5871.87 5863.16 5852.34 5837.43 5827.7 5823.01 5827.56 5851.76 5870.03 5880.95 5872.12 5858.7 5834.58 5835.56 5827.01 5815.49 5806.57 5791.27 5785.93 5785.57 5790.52 5801.75 5806.88 5811.74 5818.37 5826.87 5836.71 5839 5843.75 5851.33 5854.28 5849 5845.43 5845.42 5838.31 5835.62 5836.69 5840.69 5847.5 5841.42 5836.96 5839.71 5842.73 5843.27 5850.97 5849.04 5835.5 5826.58 5819.88 5810.55 5802.13 5790.91 5773.88 5748.69 5711.49
5858.71 5847.3 5836.93 5843.52 5847.42 5851.67 5859.03 5870.08 5888.82 5905.89 5900.77 5885.63 5871.45 5859 5840.23 5830.62 5822.41 5817.41 5823.11 5832.16 5841.34 5839.5 5843.27 5832.59 5815.77 5811.7 5806.93 5796.46 5782.09 5781.94 5781.23 5782.52 5786.49 5793.94 5799.3 5805.14 5811.01 5815.45 5814.45 5822.65 5835.99 5846.82 5851.35 5847.2 5843.78 5840.73 5838.23 5838.54 5840.31 5844.71 5846.44 5842.72 5836.65 5832.35 5827.12 5829.08 5839.82 5840.9 5834.36 5829.64 5826 5823.7 5818.74 5810.26 5795.94 5769.43 5737.51
5864.86 5855.6 5854.34 5859.42 5854.62 5853.85 5859.85 5871.79 5890.5 5916.91 5904.87 5882.92 5865.17 5849.01 5834.15 5824.87 5817.5 5814.46 5813.85 5822.74 5832.32 5833.96 5828.77 5819.83 5810.2 5801.72 5794.91 5786.4 5780.27 5777.85 5776.95 5776.37 5776.26 5779.22 5789.27 5797.4 5803.73 5808.59 5812.59 5819.63 5827.48 5833.25 5838.05 5839.51 5837.79 5833.35 5835.49 5837.56 5838.3 5840.68 5846.7 5835.42 5828.22 5821.17 5813.5 5812.81 5814.66 5826.55 5829.36 5828.79 5829.29 5830.91 5831.61 5830.17 5823.65 5811.05 5777.4
5867.39 5858.66 5853.68 5851.6 5845.89 5847.04 5853 5863.12 5875.91 5886.14 5882.13 5869.07 5854.53 5840.25 5829.04 5818.99 5812.52 5808.64 5808.08 5818.61 5826.12 5828.85 5821.47 5812.9 5801.76 5796.72 5788.53 5781.27 5777.15 5775.03 5775.91 5772.28 5770.91 5774.16 5783.95 5791.7 5798.34 5804.88 5812.39 5818.54 5820.45 5822.04 5827 5831.67 5835.13 5839.51 5839.98 5835.13 5831.61 5826.7 5822.55 5821.74 5816.27 5809.57 5799.83 5807.09 5815.16 5816.35 5820.02 5827.23 5834 5839.26 5843.39 5847.56 5847.38 5836.26 5811.39
5869.66 5856.78 5844.62 5830.66 5828.49 5834.3 5841.04 5848.57 5855.84 5863.8 5860.99 5850.61 5841.21 5831.39 5822.03 5812.71 5806.99 5803.39 5799.54 5809.83 5813.28 5817.45 5814.09 5809.94 5803.92 5793.29 5783.67 5775.18 5768.68 5771.01 5779.5 5793.67 5788.27 5783.71 5784.02 5788.3 5793.71 5800.08 5807.48 5812.76 5813.25 5814.68 5818.72 5823.97 5830.34 5838.95 5837.02 5829.62 5824.24 5818.35 5814.6 5812.46 5806.87 5801.14 5801.26 5809.32 5813.64 5813.37 5817.07 5826.84 5834.48 5843.46 5850.92 5858 5867.1 5865.77 5837.22
5873.59 5855.27 5835.76 5817.21 5815.04 5821.92 5828.54 5833.12 5835.28 5835.45 5830.44 5828.59 5824.93 5820.34 5812.18 5806.91 5803.31 5800.41 5799.88 5802.28 5801.32 5804.91 5805.04 5802.64 5797.34 5788.81 5779.88 5772.13 5767.69 5770.04 5778.26 5786.54 5787.69 5784.79 5782.51 5784.49 5788.58 5793.72 5800.38 5806.01 5803.78 5803.87 5810.27 5816.34 5820.1 5820.25 5818.97 5820.35 5821 5819.74 5817.06 5812.93 5805.4 5798.57 5805.41 5823.7 5824.96 5816.9 5817.59 5828.02 5838.25 5844.76 5852.94 5859.73 5870.83 5877.18 5845.48
5883.34 5858.14 5833.12 5810.95 5810.2 5815.57 5819.58 5820.95 5818.47 5812.78 5806.62 5808.41 5809.04 5808.08 5805.46 5800.54 5797.47 5797.89 5797.98 5800.71 5803.13 5799.62 5798 5793.27 5788.29 5783.37 5776.39 5769.85 5765.23 5766.67 5774.45 5776.71 5771.14 5773.06 5777.22 5780.47 5783.52 5786.63 5789.68 5793.7 5793.08 5796.06 5806.63 5813.15 5813.47 5808.99 5805.82 5814.86 5822.53 5826.51 5825.9 5823.29 5820.52 5821.35 5839.9 5843.91 5838.85 5827.32 5824.79 5834.12 5843.22 5848.41 5851.74 5852.97 5851.31 5844.06 5832.92
5904.35 5870.42 5838.45 5812.34 5810.71 5814.11 5815.33 5813.11 5807.24 5798.72 5790.85 5793.01 5794.94 5795.52 5795.64 5793.14 5792.47 5792.37 5792.67 5796.13 5795.94 5793.78 5792.63 5789.63 5785.16 5779.66 5772.87 5767.12 5764.15 5765.85 5772.24 5777.49 5766.79 5769.89 5774.08 5777.09 5779.42 5780.55 5779.39 5775.2 5789.09 5800.44 5812.66 5818.12 5818.53 5812.84 5806.67 5821.68 5826.73 5832.15 5835.95 5840.7 5852.23 5866 5869.49 5868.76 5856.58 5844.02 5830.55 5844.53 5851.2 5853.71 5850.89 5844.34 5831.8 5820.43 5816.1
5929.45 5889.46 5852.48 5823.62 5818.02 5819.54 5817.21 5810.94 5802.14 5792.64 5785.18 5784.05 5784.81 5786.12 5788.32 5787.9 5787.72 5788.47 5788.49 5792.95 5791.61 5787.88 5788.5 5791.67 5784.95 5776.81 5769.61 5764.06 5760.4 5759.12 5762.02 5770.02 5782.04 5773.21 5773.3 5775.57 5777.67 5779.02 5779.85 5782.09 5808.07 5826.96 5826.7 5829.57 5832.86 5837.52 5856.56 5843.85 5836.87 5827.43 5843.07 5853.15 5852.67 5847.14 5850.54 5861.45 5859.85 5863.76 5877.59 5871.94 5861 5857.66 5849.72 5839.83 5823.57 5809.36 5806.89
5956.87 5910.38 5871.05 5837.82 5830.49 5831.52 5823.45 5811.92 5800.1 5789.62 5780.82 5777.58 5776 5775.71 5779.06 5778.99 5779.88 5780.26 5780.7 5780.57 5774.67 5777.53 5780.1 5780.4 5778.44 5771.58 5765.46 5760.11 5756.04 5753.81 5748.82 5748.74 5754.58 5767.66 5771.81 5775.19 5777.95 5780.77 5785.82 5798.35 5814.74 5828.07 5834.07 5840.1 5846.23 5848.1 5845.84 5859.37 5866.96 5852.92 5862.4 5870.13 5861.75 5854.27 5839.58 5815.84 5852.85 5871.87 5886.62 5882.81 5868.27 5856.84 5848.09 5839.99 5833.41 5821.33 5804.81
5978.02 5929.42 5890.52 5864.48 5863.52 5850.46 5830.48 5813.43 5798.93 5787.77 5778.96 5773.41 5769.9 5768.9 5767.44 5769.47 5771.98 5771.46 5770.68 5768.28 5765.59 5769.09 5770.28 5769.08 5768.39 5764.85 5759.8 5754.98 5751.43 5748.63 5745.99 5748.87 5755.61 5765.86 5772.23 5775.74 5777.93 5781.39 5786.11 5792.5 5804.04 5820.95 5836.01 5848.7 5860.26 5864.29 5842.41 5884.5 5925.75 5924.72 5870.5 5872.7 5935.99 5949.44 5903.79 5869.13 5873.18 5871.8 5869.7 5867.26 5856.7 5848 5841.65 5836.29 5830.91 5819.37 5803.38
5980.09 5933.64 5899.98 5883.81 5881.6 5854.25 5829.81 5811.08 5795.99 5784.8 5774.66 5769.23 5766.02 5764.17 5761.74 5766.25 5765.42 5764.2 5763.37 5763.45 5765.1 5766.25 5764.25 5760.39 5760.92 5759.45 5755.69 5751.14 5747.21 5747.01 5751.4 5761.94 5771.94 5772.47 5775.34 5778.09 5781.22 5783.75 5786.68 5790.01 5799.55 5815.49 5833.39 5849.84 5870.37 5901.64 5954.28 5945.61 5899.12 5863.33 5788.07 5766.96 5793.61 5819.63 5921.22 5947.17 5883.26 5860.92 5852.14 5848.78 5838.93 5834.87 5832.69 5831.19 5825.75 5815.48 5801.57
5961.57 5921.74 5890.02 5864.59 5845.16 5834.07 5819.64 5805.15 5791.98 5781.44 5773.48 5766.87 5761.52 5759.21 5758.26 5757.38 5759.45 5758.09 5757.23 5756.25 5768.48 5767.49 5763.57 5759.05 5758.46 5756.56 5752.94 5747.43 5742.39 5738.38 5746.86 5762.51 5773.43 5777.85 5780.85 5783.37 5785.83 5787.87 5790.23 5792.93 5800.75 5812.61 5824.8 5834.68 5850.82 5884.77 5947 5883.17 5729.81 5650.53 5619.88 5583.82 5552.41 5605.43 5737.1 5814.08 5825.99 5830.67 5834.18 5832.69 5821.66 5822.64 5823.4 5824.15 5829.44 5814.85 5797.68
5934.11 5901.83 5871.91 5845.2 5826.8 5815.01 5806.92 5797.36 5786.95 5776.65 5768.1 5761.12 5757.88 5756.78 5756.24 5755.63 5757.39 5757.28 5756.01 5758.14 5768.6 5769.09 5766.25 5760.5 5759.59 5755.41 5751.52 5746.5 5740.3 5737.47 5748.78 5759.58 5772.44 5780.18 5783.53 5787.67 5790.1 5793.18 5796.2 5800.21 5808.7 5814.82 5810.51 5802.56 5793.31 5785.22 5761.69 5671.8 5530.97 5471 5465.33 5442.88 5420.83 5468.17 5554.91 5659.68 5740.48 5792.6 5824.19 5829.69 5816.95 5819.58 5816.8 5813.43 5804.84 5799.1 5790.15
5905.61 5879.38 5852.9 5828.49 5806.75 5799.78 5797.19 5791.21 5782.17 5772.42 5762.91 5755.01 5753.68 5753.7 5753.99 5755.74 5757.69 5757.98 5758.84 5759.69 5765.84 5768.31 5772.4 5773.1 5762.02 5755.63 5751 5747.26 5744.06 5740.98 5743.73 5769.66 5779.97 5782.74 5786.46 5789.86 5794.22 5797.75 5802.74 5808.46 5832.55 5823.29 5800.74 5763.65 5719.96 5661.19 5583.05 5479.09 5374.78 5354.25 5370.81 5378.4 5388.69 5418.5 5461.55 5571.02 5683.2 5772.66 5836.37 5855.75 5834.51 5834.61 5821.52 5806.98 5792.86 5786.7 5780.54
5885.72 5864.8 5842.68 5819.48 5798.34 5795.07 5792.36 5787.73 5779.85 5770.25 5760.98 5754.42 5752.13 5753.12 5754.58 5755.91 5757.01 5759.29 5762.82 5765.71 5765.53 5764.32 5764.18 5763.18 5760.23 5756.48 5753.19 5751.07 5751.09 5754.32 5763.18 5780.78 5780.78 5784.35 5788.95 5794.34 5798.21 5804.6 5812.22 5822.11 5843.63 5828.72 5787.25 5730.19 5654.1 5562.2 5447.28 5331.83 5297.02 5300.58 5329.28 5363.12 5389.99 5408.21 5445.55 5544.11 5662.89 5775.25 5874.13 5939.79 5891.24 5865.15 5837.59 5810.68 5789.11 5780.82 5776.16
5875.8 5859.69 5840.88 5820.59 5803 5799.72 5795.07 5788.72 5779.35 5770.43 5761.43 5753.77 5752.24 5753.05 5754.33 5756.42 5759.13 5760.48 5761.75 5762.21 5762.9 5759.62 5756.01 5755.36 5756.21 5755.51 5755.42 5755.46 5756.99 5763.83 5767.5 5763.75 5774.83 5783.95 5790.59 5797.46 5802.95 5811.35 5821.48 5835.23 5846.24 5828.82 5780.08 5707.51 5613.25 5502.3 5377.99 5274.84 5265.65 5280.06 5312.66 5357.1 5385.63 5400.33 5436.49 5537.69 5657.23 5777.96 5894.55 5996.25 5950.62 5895.22 5853.17 5817.25 5791.19 5779.84 5776.31
5871.85 5860.14 5844.56 5829.26 5819.29 5813.92 5801.23 5792.28 5782.92 5773.61 5764.04 5756.44 5754.27 5755.1 5756.11 5757.03 5759.77 5759.97 5763.89 5767.88 5755.93 5753 5750.45 5750.84 5752.81 5754.76 5756.57 5757.64 5758.41 5761.43 5765.2 5762.73 5772.29 5782.37 5790.4 5797.58 5806.33 5815.37 5826.81 5841.6 5856.69 5839.1 5779.87 5694.77 5591.84 5474.16 5354.91 5266.71 5258.66 5271.97 5300.25 5336.29 5363.83 5390.32 5441.96 5538.22 5658.91 5783.06 5894.3 5968.33 5965.74 5912.69 5869.56 5826.68 5796.28 5785.49 5780.16
5881 5867.5 5852.34 5837.76 5827.2 5815.81 5803.05 5794.85 5785.83 5777.33 5768.71 5761.96 5758.88 5758.61 5758.21 5758.61 5757.95 5757.26 5749.57 5748.4 5745.36 5746.25 5744.65 5747.34 5750.81 5753.44 5755.92 5758.09 5759.2 5755.76 5758.75 5766.82 5774.08 5781.26 5789.74 5799.84 5808.37 5818.4 5828.35 5841.66 5866.78 5859.95 5795.78 5703.8 5593.35 5474.2 5356.39 5269.73 5255.06 5265.09 5286.66 5313.64 5351.26 5373.48 5429.37 5537.07 5661.42 5788.93 5905.41 5994.69 5981.06 5927.76 5886.12 5839.67 5803.88 5799.01 5793.53
