real_craters/C193-1000m.grd
DSAA
104 104
-51.56 51.56
-51.56 51.56
7159.3233834219 10720.626444381
[rows 60 to 89 of 104, columns 0 to 66 of 104]
9700.96 9693.1 9697.64 9699.79 9721.39 9764.06 9776.94 9793.5 9776.96 9783.2 9799.65 9802.31 9813.36 9830.08 9846.18 9835.94 9846.32 9876.72 9957.49 10055.3 10116.7 10153.8 10287.2 10428.5 10526.2 10328.9 10061.8 9819.56 9585.73 9374.21 9263.97 9122.38 8988.39 8785.44 8678.74 8486.18 8170.81 8225.71 8043.32 7928.4 7862.51 7841.99 7816.34 7800.18 7794.64 7798.76 7797.59 7789.5 7790.75 7782.78 7774.39 7764.81 7754.42 7745.58 7737.72 7729.89 7730.36 7748.1 7768.73 7786.06 7802.96 7820.8 7847.8 7865.43 7875.08 7890.04 7916.19
9712.07 9692.01 9673.45 9702.13 9755.14 9766.21 9773.97 9783.96 9781.55 9795.32 9771.42 9780.9 9804.91 9825.28 9844.55 9845.8 9855.16 9893.14 9958.73 10041.4 10100.2 10140.5 10240.2 10336.5 10315.7 10249.2 10066 9825.71 9637.25 9517.58 9389.05 9207.65 9048.86 8862.87 8658.82 8520.2 8244.4 8128.62 8052.44 7941.1 7865.79 7842.69 7824.12 7810.81 7803.42 7809.35 7806.8 7793.09 7789.96 7791.84 7779.81 7769.34 7756.28 7747.39 7736.16 7723.64 7720.92 7744.87 7770.01 7790.89 7807.59 7824.95 7843.47 7864.17 7884.77 7908.84 7937.08
9754.49 9705.59 9671.15 9684.84 9720.01 9753.58 9766.13 9770.52 9765.89 9774.01 9778.28 9784.21 9803.61 9822.91 9847.68 9854.33 9888.9 9912.74 9976.74 10033.5 10098.3 10157.9 10219.4 10275.9 10309.2 10248.5 10103.7 10003.4 9858.39 9627.92 9474.66 9286.75 9098.33 8910.17 8712.77 8555.87 8360.57 8166.8 8067.58 7957.87 7885.75 7858.18 7843.44 7832.5 7812.84 7814.24 7809.07 7793.21 7783.32 7793.12 7778.9 7761.77 7758.44 7747.68 7737.89 7728.91 7729.48 7754.52 7779.43 7801.59 7815.37 7830.99 7840.64 7865.58 7897.1 7926.83 7958.46
9757.96 9731.53 9714.32 9707.71 9740.92 9766.36 9758.98 9767.62 9762.62 9754.24 9768.47 9791.42 9809.5 9829.99 9853.37 9868.35 9911.12 9968.79 9995.29 10044 10075.8 10126.7 10172.5 10198.4 10203.7 10177.2 10152.3 10059.7 10002.2 9718.7 9567.94 9438.91 9129.84 8920.63 8834.58 8697.07 8489.85 8283.55 8132.85 7990.06 7911.08 7884.56 7862.64 7846.96 7821.62 7819.77 7814.85 7797.38 7793.58 7790.51 7777.59 7754.52 7743.96 7749.58 7748.06 7743.5 7749.75 7773.13 7795.88 7818.09 7838.14 7848.5 7861.03 7881.28 7904.45 7939.67 7970.1
9511.13 9728.17 9760.99 9737.96 9741.67 9725.31 9746.5 9761.9 9771.33 9740.7 9734.12 9789.74 9813.53 9832.3 9850.1 9843.49 9859.7 9910.28 9980.42 10060 10134.2 10139.1 10139 10131.8 10127.4 10162.8 10240.7 10312.7 10191.4 9892.21 9664.72 9503.33 9272.29 9092.29 9009.31 8969.24 8663.59 8432.13 8244.44 8075.2 7981.22 7933.96 7897.1 7865.52 7832.89 7834.4 7830.19 7819.59 7821.49 7807.04 7787.98 7771.47 7760.56 7762.87 7766.29 7770.72 7780.06 7791.69 7812.96 7833.12 7850.23 7865.2 7882.12 7891.08 7913.98 7978.05 8069.82
9363.2 9635.53 9771.09 9776.71 9751.74 9740.85 9742.08 9739.82 9741.11 9742.53 9744.9 9789.43 9810.87 9830.49 9847.02 9844.03 9855.16 9891.12 9947.6 10018.7 10109.7 10150.1 10115.6 10078 10060.1 10077.1 10190.5 10268.8 10308.2 10168.3 9797.51 9451 9296.18 9168.87 9119.5 9062.58 8810.1 8533.91 8362.33 8222.55 8096.75 8016.14 7961.16 7876.68 7846.02 7851.35 7842.23 7833.64 7831.47 7820.22 7804.42 7784.93 7773.56 7784.78 7785.93 7786.51 7795.66 7811.59 7832.49 7850.92 7866.63 7886.64 7900.18 7923.35 8050.92 8131.55 8250.27
9330.12 9433.61 9693.67 9785.2 9764.73 9734.84 9742.06 9743.82 9737.02 9742.7 9746.16 9777.21 9804.54 9828.26 9846.92 9852.7 9859.86 9883.71 9913.04 9948.17 10026.4 10131.4 10090.5 10027.3 10003.1 10064.8 10255.9 10377.9 10388.2 10201.9 9925.09 9617.58 9352.5 9246.92 9176.01 9071.74 8904.66 8722.68 8481.66 8302.99 8207.31 8123.9 8033.51 7910.73 7878.51 7852.87 7844.72 7840.19 7838.83 7837.93 7829.4 7813.61 7806.64 7813.45 7810.58 7805.65 7816.93 7840.03 7858.24 7873.84 7887.88 7909.77 7935.66 8007.65 8236.45 8279.66 8336.67
9346.69 9555.64 9789.32 9807.12 9772.36 9744.62 9740.47 9739.42 9740.82 9740.67 9746.54 9774.6 9805.17 9832.3 9853.6 9874.34 9881.37 9882.27 9891.45 9909.95 9966.85 10045 10027.5 9982.59 9968.56 10082.1 10363.1 10520.5 10541.2 10337.1 10070.9 9789.11 9445.68 9296.59 9248.97 9211.29 9094.84 8823.32 8648.41 8447.88 8370.08 8272.72 8155.17 8007.31 7935.06 7881.22 7857.11 7856.09 7853.7 7868.51 7859.05 7848.37 7844.65 7848.12 7841.27 7833.74 7842.42 7862.57 7887.26 7907.43 7907.83 7941.19 8032.35 8135.22 8239.46 8352.22 8469.7
9390.98 9727.59 9813.39 9806.65 9771.2 9744.58 9733.08 9732.59 9736.32 9746.76 9768.43 9794.33 9814.54 9837.59 9868.9 9902.1 9934.49 9899.71 9878.32 9872.79 9907.86 9939.16 9965.38 9948.86 9944.67 10034.4 10343.3 10558.9 10671.5 10483.5 10234.9 10029.2 9776.04 9466.09 9382.97 9288.8 9220.58 9116.1 8952.36 8770.99 8647.45 8501.08 8283.17 8148.36 8050.84 7920.4 7884.76 7887.93 7888.72 7888.37 7886.13 7881.56 7878.06 7873.11 7874.64 7877.94 7872.91 7877.54 7913.92 7975.46 8038.69 8146.08 8279.37 8309.39 8368.82 8557.19 8692.85
9807.63 9849.09 9788.03 9781.45 9755.8 9724.27 9720.66 9724.9 9740.98 9758.46 9785.81 9805.31 9829.47 9848.25 9875.46 9899.23 9920.2 9896.83 9874.53 9861.97 9901.98 9963.84 9967.95 9939.81 9926.57 9968.91 10158.4 10462.6 10670.9 10615.8 10409.8 10158.6 9969.24 9793.21 9568.52 9383.98 9271 9233.15 9236.29 9152.57 8950.23 8804.73 8628.75 8371.12 8218.67 8091.09 8031.16 7934.97 7916.25 7916.64 7917.54 7918.43 7909.87 7907.95 7913.74 7918.24 7911.59 7911.16 7952.61 8028.97 8170.1 8496.65 8505.03 8456.16 8499.26 8787.24 8938.39
9791.25 9779.29 9766.39 9755.6 9738.33 9728.77 9725.71 9727.73 9749.98 9759.56 9805.66 9823.45 9840.45 9859.67 9878.43 9884.55 9890.46 9893.81 9883.24 9874.66 9916.04 9965.68 9976.77 9953.19 9932.8 9946.36 10092.7 10408.1 10703.3 10720.4 10598.9 10357.2 10186 9992.25 9769.86 9557.62 9378.6 9309.9 9313.65 9280.28 9161.97 9060.6 8976.13 8672.45 8452.48 8284.65 8164.89 8025.6 7980.16 7950.51 7973.26 8001.2 7984.29 7955.38 7975.47 7989.37 7977.89 7965.38 8034.22 8165.02 8283.51 8405.79 8615.49 8697.15 8746.03 8953.17 9101.46
9761.59 9754.01 9753.49 9745.71 9734.69 9725.13 9729.68 9751.85 9768.61 9784.45 9796.52 9807.44 9848.5 9865.91 9880.12 9889.19 9903.4 9919.18 9922.13 9917.28 9939.27 9947.77 9957.57 9957.12 9944.4 9941.72 10021.6 10295.1 10670 10720.6 10683.6 10519.9 10359 10139.1 9927.2 9746.83 9532.34 9397.19 9341.93 9322.63 9284.71 9192.89 9031.44 8809.86 8680.06 8437.99 8168.4 8056.68 8006.98 8009.91 8078.01 8158.52 8180.4 8109.61 8119.77 8085.21 8106.77 8123.16 8200.12 8307.46 8461.35 8576.21 8955.24 8990.57 8995.62 9167.06 9257.1
9713.28 9726.9 9740.93 9740.92 9734.98 9726.86 9731.19 9743.17 9778.94 9798.66 9803.71 9806.64 9850.47 9863.48 9876.34 9893.96 9923.23 9954.82 9992.34 10004.8 9985.67 9968.57 9974.03 9968.19 9962.12 9990.5 10039.3 10117.2 10210.9 10469 10547.2 10444.7 10396.2 10239.4 10020.6 9824.47 9515.33 9405.93 9381.97 9398.9 9395.32 9333.48 9152.68 8889.41 8824.74 8759.23 8571.07 8345.43 8234.9 8255.5 8351.61 8403.31 8436.51 8505.7 8337.03 8284 8314.38 8358.92 8462.98 8641.1 8778.59 8826.76 9037.65 9104.73 9090.18 9259.25 9404.32
9691.52 9713.72 9732.76 9737.25 9735.36 9736.39 9759.17 9761.13 9763.36 9781.09 9785.98 9815.99 9841.05 9857.05 9874.7 9897.87 9929.77 9971.79 10041.1 10064.7 10017.9 10001.1 10009.8 9973 9955 9968.62 10054.2 10078.4 10107.3 10321.3 10464.2 10372.2 10341.2 10243.6 10061 9749.29 9520.34 9427.52 9431.19 9488.99 9510.32 9502.25 9358.17 9074.12 9051.01 9144.41 9066.52 8825.5 8760.99 8739.4 8738.15 8680.67 8585.89 8433.94 8396.16 8435.05 8570.9 8717.21 8840.36 8861.03 9033.84 9080.07 9248.78 9310.14 9368.85 9490.49 9621.55
9699.83 9748.25 9738.87 9735.07 9730.29 9738.27 9745.68 9771.04 9753.24 9743.84 9789.09 9810.11 9833.11 9855.47 9878.35 9918.69 9923.4 9940.84 9977.33 10000.9 9988.71 9979.21 9981.81 9961.34 9925.98 9875.83 9948.03 10046.8 10112.9 10134.2 10081 10060.3 10054.4 10178.3 10169.9 10092.9 9752.98 9602.58 9591.15 9547.66 9582.47 9667.12 9568.55 9370.91 9307.44 9302.39 9196.1 9024.74 8935.19 8931.93 9069.73 8964.9 8819.68 8759.56 8778.88 8769.4 8876.14 9009.6 9150 9305.89 9250.53 9269.77 9485.72 9501.86 9575.9 9546.56 9831.6
9672.89 9721.98 9729.19 9728.08 9727.1 9727.8 9737.46 9746.61 9746.96 9736.47 9761.91 9795.34 9831.28 9854.63 9870.12 9885.02 9888.55 9884.15 9866.78 9892.31 9932.22 9951.33 9964.86 9954.76 9924.17 9860.87 9841.73 9917.34 10001.2 10041.6 10063.2 10165.3 10044.9 10149.7 10247.1 10296.4 10105 9905.03 9604.23 9574.34 9605.95 9603.22 9618.45 9631.89 9571.71 9477.43 9392.34 9289.27 9184.68 9136.33 9434.93 9218.41 9090.79 9022.47 9012.5 9083.54 9163.19 9293.02 9491.15 9519.56 9441.86 9392.78 9436.8 9496.39 9547.41 9756.97 10061.5
9660.48 9706.06 9715.83 9711.12 9711.56 9712.6 9724.92 9739.88 9748.57 9738.22 9761.61 9795.82 9837.22 9847.2 9865.17 9869.57 9864.41 9846.35 9838.88 9853.97 9892.33 9925 9936.92 9960.31 9956.97 10007.2 9900.74 9957.03 10006.8 10023.1 10061.8 10126.7 10088 10139.2 10236.1 10282.3 10184.1 10096.1 9892 9725.71 9680.96 9604.34 9635.28 9633.11 9656.54 9712.05 9899 9780.22 9560.73 9451.34 9332.6 9399.07 9364.06 9276.83 9311.36 9347.47 9419.03 9501.35 9555.96 9527.96 9471.79 9448.72 9463.26 9499.89 9660.61 10061.9 10297.9
9645.37 9687.74 9697.85 9695.53 9694.28 9695.66 9708.59 9745.25 9748.57 9796.57 9785.19 9795.21 9809.71 9833.09 9849.05 9862.24 9841.84 9820.45 9816.82 9828.21 9859.6 9897.46 9946.53 9965.99 9932.41 9898.3 9981.82 9929.3 9969.84 10021.3 10055.2 10053.2 10067 10100 10194.1 10254.1 10262 10234.5 10056.3 9906.77 9846.6 9807.01 9787.3 9772.43 9841.16 9779.68 9849.65 9851.22 9772.43 9701.95 9703.37 9703.04 9669.97 9639.94 9606.5 9639.95 9652.99 9664.17 9618.33 9607.26 9618.88 9633.5 9667.12 9720 9989.85 10315.4 10329.1
9653.83 9673.71 9682.11 9683.91 9680.92 9680.65 9679.73 9689.08 9698.54 9778.92 9794.92 9806.88 9823.15 9814.49 9817.32 9819.65 9816.95 9802.63 9799.62 9813.61 9836.3 9863.14 9909.6 9918.98 9899.76 9892.61 9912.25 9924.18 9955.29 10054.1 10142.5 10167 10132.1 10116 10177.6 10225.1 10226.4 10202.2 10100.2 10022.1 9988.58 10024.6 9957.31 10014.9 10170.5 10168 10136.8 9969.58 9901.88 9820.95 9962.26 9963.91 9936.21 10001.3 10013.9 9943.34 9887.26 9850.04 9788.85 9886.31 10065.6 9969.77 10162.6 10204.2 10230.1 10160.2 10094.7
9666.36 9664.65 9668.47 9671.57 9673.14 9674.71 9674.61 9678.73 9713.16 9775.69 9803.46 9800.1 9806.31 9796.31 9803.81 9808.22 9809.4 9804.48 9797.99 9808.9 9820.47 9829.55 9820.96 9853.96 9868.4 9867.63 9857.16 9851.67 9959.52 10093 10233.5 10299.5 10258.8 10237 10163.6 10152.6 10177.3 10104.4 10119.6 10059.4 9996.59 9965.49 9998.44 10040.1 10055.9 9951.04 9996.78 10120.6 10036 10037.1 10053 10040.9 10059 10127.3 10251.1 10159.9 10054.7 9998.83 10077 10034.4 10093.6 10152.1 10239.6 10231.3 10214 10044.7 9935.9
9666.49 9658.85 9656.72 9658.9 9665.68 9670.23 9674.63 9668.96 9693.39 9739.22 9765.63 9770.09 9768.52 9792.31 9807.93 9815.09 9812.95 9808.68 9805.17 9808.35 9816.04 9824.25 9834.76 9844.04 9846.22 9844.31 9843.6 9855.07 9968.55 10109.3 10207 10250.5 10341.8 10392.8 10292.5 10224.6 10239 10318.2 10178.4 10076.7 9998.2 9949.13 9970.77 9984.99 9919.9 9923.69 9907.85 9952.82 10045.7 10118.1 10131.8 10092.6 10077.5 10129.5 10180.9 10167.2 10083.9 10027.3 9966.2 10048.2 10193.8 10325 10328.9 10210.6 10159.7 10021.4 9937.52
9630.6 9624.86 9629.66 9650.57 9665.34 9672.02 9653.79 9642.32 9685.74 9700.54 9715.72 9746.16 9768.52 9786.81 9820.16 9819.19 9810.22 9805.76 9803.4 9805.79 9809.02 9819.2 9827.07 9834.1 9852.56 9854.14 9851.83 9879.62 9964.81 10104.6 10331.7 10435.6 10416.9 10415 10333.6 10312.3 10282.5 10158.4 10157.6 10148.1 10009.2 9959.46 9973.78 9986.22 10007.2 10038.2 9976.08 9940.17 10043.9 10072 10022.2 9980 10026.1 10062.1 10058 10045.7 10027.6 10015 10011.8 10040 10222.9 10166.6 10193.1 10229.3 10054 10022.9 9993.6
9609.92 9614.11 9628.71 9648.96 9668.24 9684.01 9674.48 9648.13 9679.33 9671.93 9692.96 9730.72 9756.67 9786.52 9795.31 9801.01 9800.4 9803.47 9804.1 9804.85 9811.24 9817.48 9825.62 9833.34 9853.62 9861.66 9866.36 9881.65 9950.5 10035.7 10073.7 10276.4 10348.5 10449.4 10528.3 10433.4 10369.8 10201.4 10097 10043.6 9993.34 9988.79 10023.6 10045.1 10093 10074 10182.6 10182.4 10087 10083.3 10103.9 9994.38 9951.89 9965.17 9904.57 9914.62 9939.62 9953.78 9976.87 9966.62 10020.1 10064.2 10050.7 10064.9 9987.91 10038.7 10119.6
9607.68 9618.32 9636.35 9652.25 9670.42 9685.52 9683.88 9666.31 9672.89 9671.45 9688.55 9698.62 9744.28 9773.85 9771.4 9776.49 9780.26 9785.9 9791.96 9796.46 9803.64 9813.61 9822.13 9833 9854.39 9862.69 9868.54 9910.36 9942.54 9981.77 9958.51 10060.3 10165.2 10199.7 10302.4 10403.1 10445.1 10366.7 10225.8 10175.5 10117.7 10101.5 10128.9 10154.2 10158.5 10154.4 10230.1 10102.7 10015.9 9956.89 9839.44 9811.53 9852.32 9868.76 9840.93 9851.77 9899.95 9928.18 9958.34 10032.3 9979.81 9941.11 9944.61 9961.25 9984.82 10027 10055.2
9609.55 9620.22 9631.17 9653.73 9672.08 9686.81 9684.39 9658.13 9650.85 9658.26 9671.83 9687.65 9713.18 9747.22 9755.33 9760.94 9759.97 9755.25 9766.21 9778.73 9792.81 9804.66 9815.05 9838.91 9823.03 9854.35 9891.7 9913.08 9945.02 9979.09 9986.07 9950.62 10011.3 10056.4 10145 10295.2 10428.9 10543.4 10486.3 10389 10298.4 10243.9 10234.6 10274.7 10282.8 10247.2 10164.3 9976.49 9921.04 9866.26 9789.63 9780 9802.83 9808.73 9828.59 9848.79 9939.78 10004.9 10035.3 10071.5 9995.91 9921.76 9920.07 10004.3 10029.3 9999.18 9929.95
9598.86 9620.45 9643.52 9655.63 9667.65 9673.9 9662.13 9626.65 9630.15 9647.94 9668.84 9690.38 9702.56 9719.82 9744.74 9755.68 9749.05 9733.8 9747.99 9767.74 9776.97 9786.84 9792.13 9810.95 9810.89 9835.18 9884.36 9903.69 9919.84 9939.7 9961.04 9924.52 9941.11 9980.86 10147.4 10207.2 10221.1 10371.1 10525.2 10437.6 10409.8 10300.1 10251.5 10304.7 10323.5 10190 10046.3 9999.25 9938.38 9874.22 9807.54 9869.95 9856.63 9840.66 9945.34 10037.6 10028.2 10045.5 10032.4 9987.65 10041.1 10028.3 10012.4 10210.9 10078.7 9987.3 9920.07
9585.92 9605.76 9627.35 9640.58 9658.25 9668.24 9649.67 9627.62 9635.16 9643.55 9658.2 9679.91 9700.83 9738.8 9756.17 9755.48 9761.48 9761.76 9767.06 9770.96 9772.82 9771.54 9769.92 9761.88 9772.19 9781.71 9797.87 9810.4 9841.53 9862.65 9845.43 9896.09 9921.17 9899.16 9976.84 10133.9 10250.3 10257.7 10242 10341.7 10340.4 10232.7 10158.4 10075.7 10164.8 10227.3 10187.3 10077.4 9995.41 9916.5 9927.42 9950.06 9941.58 9922.99 9965.65 10008.9 10083.9 10113 10060.2 9988.5 10066.1 10096.5 10094.8 10030.4 10008.4 9959.56 9907.15
9587.89 9594.14 9598.14 9617.96 9647.06 9667.89 9642.73 9621.67 9639.39 9638.9 9642.33 9667.66 9687.42 9708.51 9715.83 9743.13 9771.58 9800.54 9792.78 9780.95 9771.58 9763.66 9755.44 9735.5 9733.07 9739.23 9731.5 9760.18 9797.65 9827.35 9833.62 9870.55 9906.14 9902.29 9944.32 10072.3 10199.7 10175.8 10091.4 10131.1 10118.7 10123.6 10092.1 10023.9 9990.22 10074 10039.1 9933.76 9874.86 9908.52 9931.2 9969.93 10003.9 10018.3 10026.6 10061.4 10131.6 10189.7 10090.3 10006.9 10062 10045.3 9978.19 10041.8 9985.3 9953.03 9922.8
9592.82 9589.09 9589.7 9607.63 9635.61 9651.59 9637.09 9624.64 9625.69 9632.23 9644.17 9671.81 9657.8 9663.2 9689.42 9731.7 9770.65 9798.11 9798.09 9788 9770.85 9764.11 9754.5 9741.52 9732.77 9744.15 9747.92 9759.87 9776.21 9788.52 9815.64 9849.72 9872.13 9902.03 9947.45 10005.5 10076.7 10101.2 10138.5 10131.7 10092.1 10052.4 10046.7 10074.5 9971.33 9938.79 9830.8 9836.27 9889.96 9901.62 9939.54 9990.53 10028.7 10065.4 10110 10158.6 10128.2 10099.3 10096 10065.7 10039.2 10031.1 9993.31 10015.8 9970.78 9936.31 9931.79
9585.96 9587.97 9601.22 9618.93 9631.25 9637.68 9632.15 9623.18 9624.66 9625.66 9634.95 9639.99 9616.96 9652.06 9692.36 9730.57 9766.8 9789.76 9791.8 9786.27 9774.6 9772.79 9774.03 9771.02 9767.94 9769 9779.73 9768.71 9765.83 9796.61 9808.53 9825.51 9830.76 9826.5 9878.29 9934.1 9987.44 10030.5 10062.2 10051.8 9996.7 9993.01 9967.98 9915.44 9849.87 9864.74 9806.06 9793.11 9834.76 9890.8 9926.73 9959.9 10060.4 10083.9 10115.4 10125 10056.1 10015 10080 10138 10144.1 10070.9 10039.1 10003.8 9897.34 9900.06 9915.96
