real_craters/C193-300m.grd
DSAA
603 603
-90.23 90.23
-90.23 90.23
4031.7482037952 6593.1450162476
[rows 180 to 209 of 603, columns 0 to 66 of 603]
5803.68 5796.11 5795.43 5800.78 5809.32 5814.59 5814.68 5813.18 5804.73 5801.3 5801.73 5804.46 5808.49 5812.62 5816.63 5822.94 5830.87 5837.35 5842.59 5847 5851.02 5854.7 5857.55 5859.97 5860.57 5860.08 5859.27 5860.38 5859.72 5857.22 5853.75 5848.57 5844.19 5842.43 5842.06 5841.64 5841.39 5841.35 5841.72 5842.62 5843.04 5842.01 5840.28 5839.2 5841.76 5847.52 5854.02 5860.71 5867.91 5875.49 5882.49 5883.52 5873.21 5873.66 5876.62 5879.78 5883.27 5886.91 5890.1 5892.07 5891.34 5883.17 5868.79 5854.81 5850.57 5845.31 5839.59
5810.21 5802.32 5801.64 5804.18 5806.39 5805.23 5807.77 5810.72 5810.66 5809.96 5811.3 5814.77 5819.68 5825.77 5833.21 5840.14 5843.56 5846.83 5849.76 5852.53 5855.6 5858.42 5861.15 5863.33 5864.28 5865.21 5865.42 5864.68 5862.11 5858.37 5854.11 5849.24 5845.53 5842.95 5840.4 5838.95 5838.06 5837.8 5838.1 5839 5839.73 5840.3 5840.54 5841.2 5844.54 5849.62 5855.57 5862.31 5869.64 5878.18 5888.45 5892.01 5874.75 5872.5 5875.64 5879.33 5882.06 5884.32 5885.84 5886.03 5884.12 5876.75 5867.06 5857.17 5853.02 5847.47 5841.26
5816.76 5807.22 5807.33 5808.15 5807.94 5806.52 5799.35 5803.64 5811.14 5815.49 5819.15 5823.65 5829.6 5837.09 5846.47 5854.19 5854.14 5854.76 5856.02 5858.03 5860.34 5862.75 5865.13 5866.68 5868.76 5871.14 5873.3 5869.83 5865.06 5860.15 5855.16 5849.95 5845.41 5841.83 5838.81 5836.66 5835.11 5834.27 5834.28 5835.74 5837.41 5839.55 5841.82 5844.19 5848.06 5852.59 5857.34 5862.07 5867.84 5874.68 5882.64 5881.68 5867.82 5869.68 5875.2 5877.91 5879.49 5880.43 5880.46 5878.99 5874.65 5870.81 5868.31 5865.02 5857.92 5849.98 5843.04
5829.11 5818.83 5816.38 5815.28 5813.67 5809.8 5807.28 5809.82 5815.45 5821.26 5826.17 5831.01 5836.99 5844.61 5853.15 5860.16 5860.06 5859.57 5860.7 5862.3 5864.67 5866.66 5868.92 5870.54 5872.51 5874.2 5875.1 5871.97 5867.39 5862.04 5856.51 5850.88 5845.44 5840.76 5837.54 5834.78 5832.47 5830.85 5830.4 5832.13 5835.83 5839.42 5844.26 5848.37 5852.33 5855.76 5858.54 5861.24 5863.83 5866.02 5868.28 5866.4 5861.34 5865.69 5870.84 5874.72 5875.86 5875.73 5874.78 5873.06 5870.71 5868.52 5867.58 5868.53 5859.27 5850.27 5843.42
5844.54 5833.14 5827.99 5824.95 5822.85 5821.76 5822.49 5822.44 5825.36 5828.76 5831.68 5836.59 5842.23 5848.61 5855.19 5860.56 5861.78 5862.63 5864.5 5866.26 5868.04 5870.13 5872.42 5874.44 5875.86 5876.23 5874.84 5872.5 5869.23 5864.01 5858.25 5852.15 5846.52 5841.4 5837.24 5833.77 5830.68 5828.07 5826.3 5826.09 5830.79 5839.13 5848.07 5855.19 5857.56 5859.28 5860.47 5860.9 5860.16 5856.55 5851.11 5849.73 5855.05 5863.57 5869.56 5871.97 5871.71 5870.27 5868.59 5866.76 5864.99 5863.68 5861.74 5858.78 5853.75 5846.62 5841.11
5858.97 5847.87 5840.71 5835.7 5832.57 5831.05 5829.82 5830.66 5836.04 5834.71 5836.49 5840.62 5845.41 5850.57 5855.14 5858.34 5861.07 5864.19 5866.45 5868.6 5870.95 5873.33 5875.45 5877.36 5878.87 5879.15 5878.02 5876.25 5872.29 5866.63 5860.2 5853.68 5847.95 5843 5837.85 5833.49 5829.95 5826.59 5823.44 5822.88 5828.83 5839.14 5850.41 5859.75 5861.44 5862.69 5863.77 5862.94 5859.26 5852.08 5840.88 5840.4 5850.39 5863.53 5873.92 5870.7 5866.88 5864.19 5862.01 5859.85 5857.82 5855.98 5851.65 5849.88 5844.7 5839.42 5836.35
5875.04 5862.54 5852.86 5845.61 5840.79 5837.89 5831.99 5831.87 5833.37 5835.22 5838.66 5843.13 5847.75 5852.03 5855.42 5856.76 5860.86 5865.53 5868.64 5871.24 5873.97 5876.22 5878.19 5879.95 5881.44 5882.35 5883.16 5881.95 5875.88 5869.4 5862.47 5855.3 5848.25 5842.73 5837.15 5833.99 5831.02 5827.65 5823.83 5820.26 5829.22 5840.8 5849.65 5857.41 5863.52 5866.35 5867.16 5866.23 5863.53 5857.31 5847.19 5842.75 5848.52 5858.5 5867.12 5862.93 5859.52 5857.23 5855.09 5852.35 5848.3 5842.15 5838.79 5833.33 5829.9 5830.64 5830.65
5890.27 5875.27 5863.34 5853.92 5846.61 5840.9 5835.01 5832.71 5832.31 5835 5840.31 5845.58 5850.07 5854.25 5857.82 5861.53 5865.14 5867.5 5870.42 5873.14 5876.16 5878.47 5880.53 5882.26 5883.56 5884.45 5885.01 5883.63 5878.07 5871.77 5864.98 5857.62 5849.18 5839.49 5837.06 5836.76 5834.88 5832.28 5829.55 5829.14 5837.13 5847.92 5855.59 5861.59 5867.76 5870.28 5871.47 5871.6 5871.37 5870.37 5867.35 5857.11 5850.6 5844.9 5844.78 5848.94 5849.94 5849.59 5848.55 5846.31 5842.35 5836.35 5832.23 5826.29 5822.34 5824.38 5826.13
5895.34 5882.42 5870.21 5859.7 5850.47 5841.56 5836.88 5836.34 5837.08 5838.92 5843.41 5848.53 5853.15 5856.86 5860.7 5864.73 5867.65 5869.96 5872.7 5874.2 5877.56 5879.86 5881.98 5884 5885.11 5885.67 5884.85 5882.65 5878.77 5873.91 5868.03 5861.51 5854.53 5847.83 5845.06 5843.34 5841.35 5839.86 5839.01 5839.53 5848.49 5859.88 5870.52 5874.62 5875.29 5875.58 5875.9 5876.76 5878.16 5882.3 5884.84 5875.98 5856.09 5840.61 5834.3 5838.7 5841.78 5842.9 5842.89 5841.89 5840.28 5838.51 5834.5 5826.23 5820.12 5823.55 5824.48
5894.37 5885.54 5874.64 5863.77 5854.13 5846.16 5843.53 5842.64 5841.97 5843.15 5848.41 5853.31 5857.19 5860.63 5863.33 5864.92 5866.01 5870.11 5873.23 5877.67 5878.4 5880.74 5882.8 5885.1 5886.25 5886.17 5884.94 5882.41 5879.83 5876.08 5871.16 5866.2 5861.83 5860.06 5856.71 5851.21 5848.36 5848.24 5850.94 5853.72 5859.39 5869.53 5883.56 5883.82 5880.45 5878.94 5878.57 5879.18 5880.68 5883.84 5884.49 5872.76 5854.5 5839.21 5833.99 5834.76 5836.88 5838.07 5838.59 5838.43 5838.34 5838.45 5835.6 5831.57 5831.29 5825.81 5823.99
5896.39 5888.01 5878.41 5867.83 5858.17 5849.69 5854.61 5849.44 5847.2 5847.79 5855.07 5859.38 5862.77 5865.87 5867.33 5867.3 5867.15 5870.07 5874.07 5877.77 5880.64 5884.89 5886.38 5887.51 5886.93 5886.9 5886.03 5884.78 5882.32 5878.68 5874.42 5870.1 5866.53 5865.1 5861.58 5856.03 5853.11 5853.48 5859.02 5865.45 5863.39 5868.37 5878.85 5880.58 5879.44 5879.52 5880.09 5879.92 5878.77 5876.33 5868.73 5860.6 5850.29 5835.69 5832.52 5834.57 5835.24 5835.6 5834.91 5834.79 5834.76 5834.67 5834.17 5830.34 5826.85 5824.66 5822.92
5897.14 5890.77 5882.3 5871.72 5861.52 5853.65 5853.81 5851.76 5854.89 5861.72 5864.92 5867.86 5869.91 5872.47 5873.21 5871.76 5868.97 5870.53 5874.58 5878.46 5880.6 5884.57 5886.33 5887.51 5889.39 5889.49 5888.68 5887.15 5884.61 5880.85 5877.15 5872.93 5868.75 5864.99 5860.79 5857.62 5855.05 5853.69 5853.96 5856.59 5858.89 5859.4 5859.54 5869.49 5875.8 5878.55 5879.54 5879.11 5877.64 5873.92 5863.38 5855.19 5853.77 5851.15 5842.4 5837.76 5834.96 5833.66 5831.93 5831.05 5829.92 5829.36 5828.35 5825.24 5823.58 5822.45 5821.44
5894.47 5893.46 5887.28 5876.79 5863.96 5853.2 5847.73 5847.58 5856.29 5879.59 5870.3 5874.88 5878.99 5882.18 5882.21 5879.33 5877.38 5873.2 5874.35 5878.01 5879.21 5883.97 5885.73 5887.36 5889.45 5889.33 5888.69 5887.78 5885.73 5883.02 5878.9 5874.97 5870.39 5865.68 5861.59 5859.08 5856.52 5853.36 5849.58 5851.72 5856.44 5857.67 5858.21 5866.78 5873.64 5878.38 5879.56 5879.53 5877.6 5876.18 5870.71 5862.8 5857.4 5854.44 5847.45 5840.27 5834.77 5832.11 5828.56 5826.5 5824.05 5820.59 5817 5819.49 5820.39 5821.02 5820.24
5892.76 5898.03 5896.67 5886.94 5869.89 5851.72 5843.25 5841.21 5844.71 5835.93 5864.24 5885.36 5893.88 5897.33 5895.29 5889.11 5881.66 5874.92 5874.16 5875.43 5875.13 5881.2 5882.08 5883.43 5887.46 5888.93 5889.1 5889.72 5888.37 5885.38 5881.01 5876.34 5871.69 5867.51 5864.08 5862.05 5859.92 5856.76 5853.07 5856.24 5862.04 5864.69 5867.61 5871.95 5875.46 5877.62 5877.88 5878.2 5876.15 5872.59 5868.65 5863.13 5858.07 5851.87 5845.77 5839.45 5833.86 5829.25 5825.45 5822.13 5818.94 5816.23 5815.9 5817.29 5820.42 5821.27 5818.94
5891.66 5908.34 5914.14 5908.59 5889.45 5865.13 5848.46 5844.22 5856.39 5870.15 5889.44 5910.74 5920.06 5921.38 5914.78 5902.93 5886.28 5877.94 5876.01 5872.55 5870.01 5874.6 5875.53 5877.33 5884.57 5886.66 5887.47 5892.22 5891.99 5887.54 5882.26 5877.32 5873.19 5870.44 5868.13 5866.89 5865.69 5864.65 5863.16 5868.37 5875.36 5879.26 5879.44 5879.99 5878.73 5877.31 5875.92 5875.7 5872.75 5871.44 5864.69 5859.63 5856.96 5854.07 5845.07 5838.5 5832.89 5827.47 5823.39 5818.84 5814.79 5811.68 5810.96 5812.01 5817.44 5819.81 5816.12
5901.53 5926.94 5940.89 5946 5935.39 5912.98 5888.9 5877.74 5902.62 5913.74 5932.71 5956 5960.86 5954.42 5939.84 5922.68 5909.6 5897.01 5880.57 5870.98 5865.77 5867 5867.3 5869.8 5877.64 5880.71 5884.69 5891.92 5892.7 5887.46 5881.34 5876.63 5873.53 5872.6 5872.97 5872.03 5871.45 5874.06 5879.98 5884 5892.02 5901.18 5898.41 5888.38 5879.49 5874.11 5871.17 5870.35 5867.05 5862.57 5858.5 5855.16 5850.22 5845.82 5842.11 5838.46 5834.18 5829.13 5824.43 5819.65 5813.66 5807.29 5800.7 5802.21 5810.17 5814.31 5809.65
5920.51 5946.2 5969.77 5994.84 6014.01 6007 5982.37 5971.52 5989.79 5995.73 6008.1 6025.12 6015.86 5993.94 5967.06 5939.83 5916.38 5895.04 5878.14 5868.5 5863.13 5860.71 5860.84 5863.12 5869.45 5874.11 5878.39 5881.49 5888.02 5883.19 5877.72 5873.56 5870.82 5871.01 5873.21 5873.04 5873.3 5877.77 5887.43 5893.41 5903.51 5915.12 5907.71 5889.82 5873.9 5864.51 5860.59 5863.23 5865.97 5860.26 5858.66 5855.73 5847.24 5841.69 5841.18 5839.79 5837.17 5833.64 5828.32 5822.41 5815.62 5807.3 5798.19 5796 5799 5799.06 5799.78
5917.17 5947.76 5984 6032.37 6089.96 6101.09 6084.76 6088.87 6103.36 6123.33 6135.37 6115.25 6077.98 6035.45 5993.01 5952.27 5912.95 5880.14 5871.61 5864.54 5859.94 5858.15 5858.57 5860.87 5863.75 5866.24 5870.87 5872.69 5878.66 5875.16 5871.35 5868.28 5866.28 5865.87 5865.11 5866.11 5870.91 5875.34 5880.92 5895.79 5907.46 5913.05 5902.17 5881.55 5859.92 5845.25 5839.43 5848.31 5874.24 5892.39 5876.81 5865.14 5849.51 5842.58 5842.86 5842.99 5841.48 5838.09 5833 5827.08 5820.22 5812.76 5805.29 5800.3 5794.65 5788.03 5792.19
5872.18 5918.49 5971.98 6033.74 6101.05 6133.47 6146.73 6176.43 6197.46 6235.16 6258.13 6198.06 6131.34 6069.74 6014.14 5963.76 5918.07 5883.6 5870.33 5863.88 5857.92 5856.22 5854.51 5856.26 5858.55 5860.58 5864.26 5865.12 5869.06 5865.8 5863.69 5861.69 5860.76 5860.17 5859.84 5862.86 5869.1 5876.12 5885.58 5898.71 5908.79 5906.78 5892.7 5867.51 5838.29 5814.7 5800.55 5807.79 5851.73 5905.94 5901.42 5875.85 5851.46 5844.74 5845.94 5846.66 5845.26 5842.34 5837.57 5832.2 5826.1 5819.92 5815.16 5809.55 5799.1 5788.74 5792.41
5809.59 5873.75 5940.89 6005.34 6062.66 6115.84 6158.46 6200.56 6235.64 6280.66 6312.12 6235.99 6157.91 6086.83 6025.35 5971.76 5925.71 5890.69 5873.25 5863.78 5857.24 5854.62 5851.12 5852.53 5854.1 5854.36 5856.7 5858.33 5861.05 5857.96 5856.48 5855.26 5855.16 5855.54 5857.93 5861.49 5865.93 5876.4 5889.95 5902.14 5914.36 5913.09 5889.37 5854.83 5814.52 5775.98 5743.79 5729.03 5749.39 5827.51 5884.65 5868.54 5852.57 5849.61 5849.96 5849.62 5847.29 5844.14 5839.77 5835.36 5830.76 5825.9 5821.4 5815.08 5808.11 5802.26 5801.02
5781.37 5838.96 5908.38 5974.14 6031.49 6091.53 6142.2 6180.02 6221.12 6258.09 6261.7 6214.87 6148.76 6082.19 6023.65 5972.47 5928.89 5895.03 5876.26 5864.68 5857.07 5853.67 5849.73 5849.57 5850.57 5848.14 5849.86 5853.12 5854.92 5851.57 5849.74 5849.73 5850.23 5850.86 5851.66 5852.79 5857.4 5865.1 5881.17 5900.26 5918.43 5920.3 5886.46 5842.47 5793.32 5741.14 5688.21 5638.93 5610.64 5692.4 5799.34 5839.52 5855.03 5854.69 5852.2 5849.94 5846.67 5843.27 5839.61 5836.27 5832.91 5829.83 5825.89 5821.1 5817.46 5817.31 5811.26
5767.34 5815.18 5881.84 5950.61 6014.01 6070.42 6119.91 6157.66 6191.6 6210.78 6202.35 6165.18 6113.35 6058.66 6008.56 5963.83 5925.51 5897.52 5877.67 5863.97 5856.55 5853.01 5847.83 5847.22 5847.47 5846.62 5846.16 5850.23 5848.55 5843.71 5843.94 5845.31 5846.54 5847.17 5847.45 5848.21 5850.05 5851.54 5870.05 5893.37 5913.22 5911.97 5877.26 5831.11 5778.26 5718.58 5651.52 5578.72 5523.64 5613.64 5739.74 5811.11 5846.98 5855.5 5854.71 5851.71 5848.96 5846.21 5843.35 5840.13 5837.33 5834.72 5832.43 5829.95 5824.92 5820.15 5813.06
5757.19 5795.33 5857.62 5928.01 5993.85 6043.8 6092.59 6140.49 6167.5 6157.45 6137.66 6101.79 6061.56 6020.67 5982.28 5946.78 5914.71 5886.59 5869.21 5861.47 5854.94 5851.54 5848.66 5846.54 5846.29 5845.26 5845.31 5845.92 5845.45 5839.7 5841.18 5843.76 5845.39 5845.94 5845.88 5845.44 5848.09 5852.73 5867.17 5885.1 5898.48 5894.18 5865.44 5824.45 5775.75 5718.63 5652.98 5579.96 5529.11 5619.47 5733.13 5806.09 5843.38 5853.63 5853.93 5851.77 5849.59 5847.65 5845 5842.47 5840.44 5838.74 5837.94 5837.6 5830.47 5819.68 5810.31
5747.12 5776.94 5830.94 5894.12 5954.8 6001.4 6047.91 6092.66 6114.47 6088.44 6052.25 6021.52 6000.99 5975.74 5950.42 5924.77 5900.55 5878.48 5865.08 5859.49 5854.92 5851.02 5848.02 5847.24 5847.25 5846.24 5847.62 5847.21 5846.64 5842.01 5844.02 5846.27 5847.59 5847.61 5847.16 5846.78 5850.59 5857.48 5866.64 5878.4 5883.91 5877.46 5857.33 5824.99 5786.13 5741.94 5694.36 5644.47 5620.41 5704.13 5777.91 5823.3 5847.82 5852.68 5853.75 5852.95 5850.7 5847.96 5845.64 5843.28 5841.74 5840.62 5840.14 5839.05 5832.01 5819.89 5808.71
5740.21 5763.13 5801.86 5845.72 5895.6 5945.05 5986.77 6018.2 6027.03 6009.66 5977.24 5952.26 5942.75 5929.96 5916.11 5900.84 5886.1 5873.07 5864.67 5859.1 5855.52 5852.04 5848.71 5849.58 5849.57 5849.93 5851.28 5852.55 5854.02 5852.27 5852.85 5852.94 5852.16 5851.19 5850.73 5852.09 5853.47 5856.7 5864.42 5874.77 5880.62 5873.46 5855.71 5831.68 5805.86 5780.45 5761 5751.69 5768.81 5836.67 5844.05 5841.67 5844.46 5848.15 5854.29 5855.93 5849.37 5847.68 5845.67 5843.53 5841.61 5839.57 5839.97 5836.7 5832.02 5821.02 5809.99
5732.34 5749.4 5776.44 5807.49 5846.2 5889.1 5922.6 5943.77 5948.42 5936.2 5914.2 5896.26 5891.96 5887.48 5882.67 5876.64 5870.97 5865.35 5859.56 5859.11 5856.45 5853.18 5851.26 5851.36 5851.91 5853.12 5855.52 5857.93 5862.83 5864.16 5864.53 5862.38 5858.61 5855.4 5853.03 5852.19 5851.05 5851.99 5861.19 5870.92 5879.06 5872.25 5857.73 5842.33 5828.25 5819.87 5825.86 5859.62 5909.23 5932.37 5881.52 5848.9 5840.07 5843.99 5851.83 5854.99 5854.91 5850.28 5848.06 5845.13 5841.95 5838.75 5836.69 5833.87 5832.39 5820.42 5810.24
5724.08 5735.36 5755.75 5783.17 5812.23 5841.76 5865.81 5879.3 5880.18 5872.83 5859.91 5847.16 5848.48 5851.56 5851.16 5852.79 5855.41 5859.09 5865.52 5860.1 5855.27 5851.5 5849.78 5851.21 5852.6 5855.29 5859.68 5863.95 5870.81 5875.64 5877.42 5871.85 5864.8 5859.09 5853.99 5849.09 5846.32 5848.71 5856.23 5863.26 5869.22 5866.63 5859.49 5852.17 5846.46 5846.52 5858.52 5889.74 5914.72 5889.37 5869.03 5840.53 5834.57 5840.09 5846.66 5849.72 5850.96 5850.05 5847.65 5844.18 5839.62 5834.15 5828.68 5822.07 5817.49 5814.21 5812.45
5717.82 5723.73 5737.31 5754.29 5778.68 5802.16 5819.86 5828.39 5823.64 5822.67 5816.81 5811.64 5811.37 5817.68 5822.02 5829.14 5837.62 5847.11 5855.54 5854.01 5849.79 5846.61 5845.86 5848.47 5851.23 5855.15 5861.36 5866.99 5874.9 5881.61 5885.14 5877.01 5869.3 5862.15 5855.61 5848.92 5846.94 5849.51 5852.43 5855.24 5857.11 5860.47 5859.71 5858.13 5856.62 5858.11 5862.33 5864.9 5865.63 5863.77 5852.02 5832.57 5831.94 5838.62 5841.97 5847.07 5844 5846.89 5844.43 5840.75 5835.87 5829.34 5820.73 5807.99 5797.83 5805 5815.39
5714.64 5718.19 5724.65 5732.82 5752.28 5771.48 5785.34 5792.95 5796.04 5791.24 5781.63 5773.12 5776.86 5787.06 5794.99 5805.3 5816.29 5828.6 5841.97 5841.34 5838.48 5837.61 5838.82 5843 5847.37 5852.43 5858.5 5866.02 5873.83 5877.67 5878.56 5876.69 5872.05 5864.76 5857.31 5850.36 5847.21 5848.74 5851.17 5853.8 5855.46 5858.65 5860.32 5861.13 5861.31 5861.51 5860.99 5857.09 5853.26 5853.57 5849.75 5839.61 5838.96 5841.58 5839.59 5844.53 5838.16 5843.29 5840.72 5837.4 5832.42 5825.63 5816.96 5805.41 5795.92 5800.27 5803.45
5713.31 5716.24 5720.4 5725.64 5737.03 5749.88 5760.2 5766.3 5766.18 5761.79 5754.04 5743.81 5748.66 5761.17 5770.47 5781.88 5793.12 5804.61 5812.12 5816.73 5820.76 5824.2 5828.17 5834.4 5840.65 5847.62 5855.25 5863.68 5871.51 5875.25 5875.15 5878.91 5874.83 5867.57 5859.9 5852.24 5847.08 5848.94 5852.18 5856.76 5859.81 5860.6 5861.77 5862.57 5863.14 5863.01 5862.94 5862.68 5861.51 5861.31 5861.33 5859.28 5850.81 5846.99 5839.46 5843.52 5835.08 5839.57 5836.94 5833.42 5829.37 5824.14 5818 5811.43 5806.53 5805.26 5804.5
