real_craters/C193-500m.grd
DSAA
362 362
-90.23 90.23
-90.23 90.23
4024.8624567219 6580.7310631669
[rows 120 to 149 of 362, columns 0 to 66 of 362]
5779.45 5882 5991.34 6089.29 6166.36 6231.72 6254.24 6167.28 6060.09 5971.74 5904.9 5871.7 5856.88 5850.89 5849.59 5849.25 5849.23 5852.78 5849 5849.55 5850.64 5851.81 5860.51 5885.93 5918.75 5897.99 5824.05 5736.36 5645.2 5604.6 5792.43 5851.99 5854.11 5850.16 5844.35 5838.66 5833.27 5827.7 5820.22 5818.15 5807.18 5802.41 5800.23 5799.82 5798.57 5798.49 5797.7 5795.97 5792.85 5789.8 5800.96 5802.11 5798.66 5794.75 5787.37 5783.89 5782.25 5787.38 5798.41 5813.05 5834.95 5840.02 5857.03 5866.08 5878.67 5892.07 5905.45
5759.66 5840.77 5957.06 6051.02 6131.19 6174.63 6153.01 6088.23 6015.47 5950.81 5897.81 5868.26 5855.67 5850.3 5846.63 5845.72 5846.03 5843.49 5841.48 5844.94 5846.21 5846.66 5850.25 5873.87 5902.7 5879.3 5808.45 5714.89 5597.26 5529.85 5732.41 5833.63 5854.61 5851.75 5847.35 5843.71 5839.75 5837.24 5834.47 5819.43 5807.14 5802.13 5798.13 5792.32 5794.95 5795.26 5794.32 5792.3 5789.47 5786.27 5799.07 5803.28 5801.72 5799.02 5792.9 5782.17 5777.51 5781.58 5792.03 5803.02 5809.66 5814.57 5821.55 5841.6 5858.58 5873.99 5893.03
5744.11 5801.13 5894.44 5977.45 6049.37 6071.13 6016.3 5979.28 5948.61 5913.88 5881.4 5862.49 5855.33 5850.41 5849.59 5850.62 5849.88 5848.3 5847.39 5849.28 5848.93 5849.6 5855.56 5870.12 5881.16 5862.83 5816.11 5757.47 5698.61 5702.53 5807.9 5844.41 5851.55 5852.08 5849.45 5845.14 5842.24 5840.17 5836.3 5819.91 5803.97 5793.69 5792.8 5798.88 5796.61 5793.68 5792.24 5790.94 5790.38 5791.41 5797.83 5802.98 5804.22 5801.44 5795.67 5785.44 5775.98 5777.44 5787.56 5797.53 5804.52 5805.84 5808.3 5824.2 5838.08 5854.86 5872.78
5731.26 5764.54 5815.96 5883.23 5930.86 5937.79 5907.44 5887.33 5881.9 5873.95 5866.15 5859.53 5856.33 5851.53 5851.25 5853.21 5857.56 5864.2 5865.92 5860.52 5854.7 5851.84 5850.39 5864.28 5878.52 5862.47 5838.26 5823.55 5853 5924.74 5880.69 5839.27 5845.4 5854.5 5854.14 5846.72 5841.78 5836.01 5834.42 5819.68 5804.49 5789.43 5788.66 5790.68 5791.07 5791.05 5791.32 5791.82 5793.33 5794.91 5799.26 5805.58 5809.38 5810.22 5801.04 5789.69 5781.53 5781.08 5788.92 5797.8 5806.04 5812.37 5814.39 5813.26 5817.54 5821.81 5834.62
5718.85 5735.22 5769.76 5810.18 5836.36 5831.85 5825.37 5818.3 5824.41 5834.53 5847.42 5859.01 5851.63 5847.4 5850.4 5855.52 5865.01 5876.84 5885.16 5870.75 5859.27 5848.51 5848.82 5854.2 5859.22 5860.66 5856.43 5856.98 5868.31 5872.99 5854.16 5830.23 5839.13 5847.35 5847.64 5843.51 5836.24 5824.77 5805.76 5807.13 5811.17 5792.74 5789.69 5787.53 5787.23 5790.31 5792.22 5794.58 5798.6 5804.65 5805.2 5810.68 5814.05 5815.8 5811.02 5800.47 5790.79 5788.75 5792.12 5799.6 5808.27 5810.01 5804.22 5801.89 5802.18 5802.75 5813.37
5713.83 5719.87 5732.93 5760.82 5778.56 5782.16 5768.01 5760.13 5776.7 5794.5 5814.08 5833.94 5831.44 5834.14 5841.6 5851.09 5863.44 5874.68 5873.48 5874.95 5863.14 5850.91 5847.52 5852.56 5857.98 5860.63 5861.39 5861.8 5860.16 5856.7 5853.8 5845.18 5845.39 5841.67 5838.41 5839.86 5832.28 5820.38 5804.02 5801.47 5802.52 5803.32 5796.05 5792.1 5791.93 5792.08 5794.49 5797.28 5800.68 5810.27 5818.59 5816.26 5816.03 5815.58 5811.31 5801.33 5793.22 5790.98 5793.46 5797.73 5804.66 5801.26 5790.82 5789.22 5791.87 5797.71 5800.23
5711.27 5718.06 5722.02 5732.82 5744.21 5744.96 5735.68 5728.69 5743.12 5758.8 5775.26 5792.07 5799.19 5811.15 5825.5 5840.13 5855.95 5872.34 5889.19 5880.59 5867.2 5855.28 5852.09 5855.65 5860.31 5861.51 5863.06 5864.52 5867.79 5875.19 5870.79 5862.05 5853.89 5844.76 5839.11 5833.24 5828.15 5822.73 5819.33 5814.78 5810.54 5808.57 5800.57 5794.93 5792.32 5793.63 5798.08 5802.54 5804.93 5809.03 5816.55 5816.11 5813.66 5811.19 5806.29 5792.13 5790.68 5791.82 5791.37 5790.7 5787.31 5774.91 5775.04 5777.26 5779.28 5788.55 5792.48
5704.35 5700.82 5702.63 5713.96 5724.88 5733.47 5724.05 5708.97 5720.09 5732.01 5742.79 5748.16 5766.04 5787.41 5806.74 5824.54 5842.57 5860.09 5874.97 5873.21 5865.16 5860.38 5859.37 5859.05 5858.89 5860.89 5862.74 5867.22 5876.89 5902.23 5886.88 5875.93 5869.84 5861.07 5851.42 5843.92 5836.73 5832.4 5832.9 5833.18 5822.87 5811.17 5803.84 5796.09 5789.83 5795.8 5803.14 5809.73 5816.28 5817.35 5815.96 5812.67 5807.94 5802.57 5795.29 5783.5 5786.41 5789.47 5787.23 5784.47 5781.57 5776.16 5772.01 5769.99 5766.53 5766.49 5785.42
5696.97 5689.33 5690.29 5699.85 5710.22 5718.03 5713.35 5703.69 5708.93 5716.48 5723.29 5730.47 5746.71 5768.78 5788.88 5807.43 5824.19 5839.42 5849.07 5853.08 5853.87 5855.48 5862.26 5858.52 5857.53 5859.38 5863.32 5870.95 5884.13 5913.18 5907.5 5893.44 5881.28 5869.78 5859.99 5851.06 5842.65 5836.71 5833.47 5830.14 5820.63 5813.9 5809.08 5803.05 5799.06 5804.12 5811.07 5817.27 5820.21 5817.62 5815.34 5810.07 5802.69 5794.03 5787.66 5782.65 5782.92 5775.64 5777.97 5780.08 5781.9 5781.52 5774.07 5770.18 5766.61 5769.49 5787.6
5691.36 5683.95 5681.2 5688.75 5696.55 5700.04 5699.78 5701.47 5703.77 5707.42 5714.38 5723.97 5737.93 5755.51 5773.71 5790.7 5805.69 5818.86 5827.88 5834.12 5836.32 5839.68 5852.5 5853.04 5852.71 5855.49 5860.67 5870.46 5894.71 5909.89 5914.53 5902.35 5888.31 5874.58 5862.87 5852.8 5844.8 5837.3 5829.73 5821.04 5821.47 5819.23 5816.47 5814.37 5814.2 5816.85 5820.84 5825.04 5829.19 5819.6 5815.96 5808.82 5798.76 5786.85 5780.45 5799.32 5780.37 5772.38 5773.95 5777.67 5780.35 5780.36 5778.23 5774.7 5773.28 5773.62 5776.31
5683.73 5673.18 5673.95 5682.49 5688.13 5690.36 5690.2 5694.72 5697.98 5702.68 5709.38 5718.59 5730.43 5744.98 5761.01 5775.96 5788.86 5799.47 5807.25 5811.81 5815.99 5822.78 5834.54 5843.41 5844.29 5846.88 5853.29 5861.93 5868.76 5895.64 5906.1 5900.46 5887.22 5874.07 5861.79 5851.64 5843.02 5835.34 5828.57 5821.72 5824.14 5825.76 5824.58 5825.62 5828.53 5830.18 5829.67 5828.96 5828.42 5826.66 5817.23 5810.59 5800.39 5787.71 5781.89 5774.32 5773.43 5773.44 5775.05 5778.74 5781.92 5783.98 5782.79 5779.89 5778.01 5773.01 5768.68
5676.13 5669.93 5676.56 5678.7 5684.66 5690.31 5693.58 5692.32 5693.3 5700 5706.72 5713.58 5722.93 5736.52 5750.36 5763.85 5775.4 5783.22 5787.1 5788.29 5793.85 5803.04 5815.15 5819.9 5826.8 5834.09 5843.07 5853.17 5856.25 5879.67 5902.66 5892.67 5880.51 5868.83 5858.12 5849.63 5840.82 5834.45 5828.86 5829.35 5829.9 5827.89 5828.95 5832.7 5839.38 5841.09 5835.74 5830.9 5829.76 5833.59 5830.12 5820.58 5806.55 5793.84 5779.5 5770.47 5771.89 5772.65 5775.8 5782.66 5787.13 5788.13 5788.41 5784.88 5777.68 5770.61 5767.29
5669.18 5666.99 5664.84 5671.86 5681.53 5692.38 5705.73 5696.19 5694.2 5701.08 5706.68 5712.02 5717.8 5731.37 5743.99 5755.4 5765.07 5772.06 5775.07 5771.68 5774.69 5774.83 5783.91 5793.81 5805.77 5817.56 5829.7 5842.44 5844.96 5859.19 5875.31 5874.4 5867.23 5859.49 5851.63 5844.36 5837.29 5832.18 5827.21 5824.43 5823.22 5824.75 5827.02 5833.32 5841.04 5843.19 5837.92 5832.28 5831.62 5833 5827.25 5817.81 5812.18 5804.93 5793.92 5780.82 5778.53 5780.09 5783.81 5789.3 5795.47 5800.42 5800.35 5792.27 5781.9 5773.6 5769.69
5658.39 5660.36 5652.51 5664.79 5677.56 5689.49 5697.92 5700.65 5701.96 5706.3 5709.88 5714.14 5719.71 5729.5 5740.16 5750.09 5758.74 5766.15 5772.1 5777.12 5765.5 5756.35 5763.35 5772.91 5786.35 5800.08 5813.02 5823.35 5816.93 5834.13 5846.71 5850.84 5850.98 5848.11 5844.47 5840.12 5834.55 5829.61 5823.43 5816.53 5812.04 5813.21 5820.29 5828.56 5836.92 5842.19 5835.94 5830.83 5830.85 5832.38 5828.62 5826.91 5819.46 5809.46 5798.61 5789.64 5786.6 5788.36 5792.85 5792.9 5798.47 5802.87 5803.77 5798.81 5791.75 5785.03 5779.49
5637.93 5636.89 5648.91 5661.75 5673.15 5684.51 5695.61 5703.96 5711.65 5711.4 5713.41 5716.91 5721.69 5729.26 5738.33 5746.93 5754.87 5761.81 5767.6 5771.14 5758.45 5748.55 5752.96 5759.41 5771.19 5783.28 5794.28 5802.98 5808.12 5807.9 5817.93 5827.46 5832.84 5835.77 5836.13 5834.73 5832.31 5827.31 5822.39 5816.66 5808.66 5806.71 5814.97 5822.43 5827.61 5828.82 5830.86 5830.38 5829.49 5831.79 5836.73 5834.77 5825.42 5814.62 5801.16 5791.16 5788.81 5787.33 5788.13 5789.77 5792 5799.73 5805.66 5800.59 5794.43 5787.04 5783.24
5624.8 5626.58 5648.19 5659.48 5667.37 5676.02 5688.42 5696.98 5702.04 5710.67 5714.98 5718.84 5721.8 5729.37 5737.1 5744.29 5751.12 5756.59 5760.86 5760.83 5752.21 5745.45 5747.9 5752.11 5759.44 5768.55 5776.56 5782.8 5783.88 5789.16 5798.62 5808.61 5817.95 5824.97 5829.33 5832.35 5832.41 5830.02 5826.6 5823.56 5817.32 5813.37 5815.15 5817.6 5819.19 5820.3 5825.97 5833.42 5830.47 5830.59 5833.29 5830.51 5824.37 5814.66 5800.65 5784.92 5779.99 5783.33 5786.8 5786.43 5786.29 5793.64 5799.17 5797.62 5793.69 5787.53 5785.57
5621.93 5625.93 5646.83 5656.11 5659.06 5662.23 5666.64 5677.35 5696.75 5709.1 5715.05 5719.89 5725.97 5731.5 5735.74 5740.9 5746.04 5751.21 5754.91 5756.63 5750.29 5743.34 5745 5744.96 5749.51 5756.22 5761.66 5765.04 5768.31 5775.63 5784.3 5795.09 5806.41 5816.81 5824.37 5830.51 5834.62 5834.48 5831.67 5823.42 5817.78 5818.6 5816 5814.99 5815.33 5814.82 5820.97 5825.86 5826.66 5829.3 5830.78 5828.62 5821.06 5809.21 5799.01 5786.27 5779.62 5780.76 5784.21 5783.41 5785.16 5789.53 5793.03 5795.63 5796.08 5793.35 5789.87
5620.72 5626.06 5642.06 5649.51 5649.4 5647.7 5646.34 5656.77 5687.62 5706.32 5712.95 5717.74 5722.19 5726.32 5732.06 5736.63 5740.95 5744.69 5747.52 5747.74 5744.39 5741.08 5741.58 5738.65 5742.31 5747.28 5750.98 5752.65 5755.35 5755.92 5770.63 5784.19 5796.3 5807.61 5818.16 5826.57 5834.04 5839.02 5839.75 5831.26 5822.48 5818.19 5813.34 5813.78 5816.87 5820.14 5823.41 5826.65 5831.12 5834.39 5832.38 5825.9 5818.79 5810.57 5800.52 5789.97 5781.68 5781.51 5780.84 5782.12 5783.5 5788.99 5792.15 5793.59 5794.46 5794.48 5793.7
5625.66 5627.77 5637.74 5643.11 5641.11 5638.06 5634.32 5641.67 5676.91 5699.77 5707.48 5712.12 5716.34 5720.41 5726.36 5731.09 5734.79 5737.45 5739.05 5739.65 5738.76 5736.73 5735.81 5735.74 5739.2 5743.22 5746.03 5749.04 5750.46 5752.41 5764.54 5777.63 5790.53 5802.37 5815.1 5825.59 5835.67 5845.18 5852.05 5854.37 5824.07 5801.7 5801.25 5815.7 5823.31 5828.35 5833.85 5842.12 5859.14 5846.31 5837.44 5827.82 5819.75 5813.22 5804.94 5796.92 5792.23 5789.2 5788.78 5791.88 5795.17 5793.98 5792.97 5800.12 5804.34 5798.9 5797.88
5626.65 5627.74 5632.05 5635.03 5635.74 5634.6 5633.78 5639.11 5669.01 5689.7 5697.94 5704.87 5710.44 5714.89 5720.93 5724.84 5727.57 5729.47 5730.8 5731.47 5732.3 5732 5734.29 5735.42 5739.18 5742.39 5744.82 5749.08 5753.47 5756.88 5763.97 5774.89 5785.65 5797.49 5807.46 5821.86 5830.55 5843.69 5856.82 5862.99 5829.15 5809.83 5815.94 5832.35 5838.9 5840.11 5846.28 5852.01 5849.39 5850.98 5843.96 5833.9 5826.38 5818.8 5811.57 5804.54 5799.65 5797.79 5798.98 5798.3 5799.35 5802.75 5805.35 5810.27 5812.54 5809.9 5803.22
5621.19 5625.61 5628.66 5632.47 5632.72 5635.46 5641.04 5653.54 5663.39 5672.73 5687.25 5697.72 5705.61 5712.35 5716.65 5718.81 5720.66 5722.33 5722.64 5721.97 5724.8 5726.29 5728.98 5736.48 5740.6 5743.42 5746.62 5755 5755.8 5757.94 5763.44 5772.56 5780.32 5790.2 5796.02 5807.47 5820.05 5835.39 5850.85 5858.31 5840.36 5840.83 5865.41 5867.99 5866.79 5855.37 5846.7 5857.05 5857.59 5855.57 5852.09 5848.53 5841.86 5829.64 5819.23 5811.44 5804.86 5804.16 5806.16 5806.66 5808.99 5813.72 5820.05 5824.12 5816.54 5809.64 5805.59
5625.68 5626.03 5625.34 5623.7 5631.08 5636.88 5644.65 5656.19 5661.33 5667.56 5680.86 5691.04 5699.82 5707.39 5711.21 5712.75 5714.61 5715.78 5716.19 5714.26 5713.62 5721.91 5728.11 5736.61 5742.12 5743.05 5747.67 5751.41 5753.61 5755.31 5760.94 5764.88 5772.09 5776.39 5784.85 5791.75 5803.58 5818.72 5834.86 5845.83 5832.77 5844.31 5886.01 5916.77 5912.55 5888.99 5867.76 5866.9 5865.56 5860.45 5857.1 5855.98 5850.12 5834.18 5826.43 5820.34 5815.31 5813.99 5816.9 5818.13 5819.47 5821.54 5825.2 5825.41 5817.13 5811.02 5806.76
5631.33 5627.01 5627.07 5631.2 5633.36 5636.31 5642.28 5648.66 5658.98 5671.47 5677.68 5684 5691.18 5698.86 5703.15 5705.9 5709.03 5711.72 5712.74 5712.5 5716.2 5722.76 5729.01 5732.89 5735.42 5737.44 5740.7 5746.54 5749.05 5751.68 5754.78 5758.71 5762.04 5767.94 5773.05 5780.52 5789.45 5801.4 5816.21 5830.25 5843.9 5882.92 5972.91 5996.22 5973.63 5932.52 5892.27 5877.7 5868.52 5862.93 5857.81 5851.17 5838.83 5835.35 5833.25 5831.23 5830.19 5833.77 5829.81 5829.31 5827.47 5825.48 5823.41 5818.43 5814.5 5811.05 5808.13
5621.32 5621.72 5624.12 5631.97 5630.25 5631.47 5637.98 5647.81 5658.49 5666.11 5670.24 5673.98 5678.96 5684.12 5690.72 5698.07 5704.31 5709.5 5712.68 5712.84 5716.47 5721.34 5726.04 5727.33 5726.89 5731.12 5734.23 5740.92 5743.82 5745.56 5749.5 5752.59 5754.93 5758.58 5763.43 5771.62 5779.19 5788.04 5802.13 5833.84 5886.97 5975.2 6088.16 6090.46 6033.98 5973.32 5925.07 5886.44 5872.07 5865.37 5859.28 5851.75 5839.96 5841.12 5841.88 5841.81 5843.22 5843.72 5836.43 5835.15 5830.73 5828.63 5823.82 5817.08 5814.42 5812.97 5810.2
5610.99 5611.72 5612.06 5612.18 5614.08 5620.55 5629.31 5641.13 5650.37 5653.32 5657.5 5661.19 5666.59 5672.11 5680.32 5691.23 5700.53 5709.01 5717.45 5724.81 5731.03 5731.8 5730.07 5728.71 5727.18 5727.73 5731.35 5736.27 5739.6 5740.69 5744.46 5747.58 5750.44 5755.12 5759.44 5766.75 5773.54 5781.65 5795.15 5839.09 5917.03 6021.65 6153.92 6141.87 6064.02 5993.87 5931.97 5894.87 5878.14 5868.54 5861.95 5858.75 5858.79 5853.18 5851.75 5850.72 5849.65 5845.53 5834.73 5827.07 5832.47 5834.13 5833.05 5828.58 5824.56 5819.87 5815.12
5603.05 5602.98 5600.48 5594.57 5597.53 5608.12 5616.32 5623.04 5627.47 5633.28 5638.54 5646.78 5656.23 5664.8 5674.03 5687.19 5696.69 5706.94 5720.4 5738.16 5747.42 5758.25 5745.1 5730.99 5722.12 5723.54 5727.93 5729.37 5732.33 5735.82 5739.95 5743.16 5751.11 5757.48 5762.04 5767.7 5773.19 5779.97 5800.21 5845.59 5917.6 6009.01 6100.22 6095.65 6041.26 5994.97 5945.77 5909.79 5885.72 5870.73 5862.08 5859.98 5862.44 5862.15 5860.5 5858.96 5855.51 5851.61 5838.78 5838.5 5840.27 5841.55 5844.61 5844.77 5835.37 5826.8 5821.11
5599.34 5598.82 5596.46 5592.97 5595.02 5601.17 5605.25 5606.35 5605.57 5609.83 5618.37 5632.85 5647.92 5664.43 5679.79 5685.14 5690.69 5699.68 5712.34 5727.94 5737.2 5743.43 5739.26 5727.85 5720.16 5715.24 5719.06 5723.86 5726.83 5735.77 5737.69 5743.53 5750.78 5757.32 5764.59 5770.08 5775.96 5783.47 5798.3 5839.09 5893.82 5953.66 5972.65 5975.4 5979.54 5958.96 5922.48 5898.25 5882.13 5867.72 5858.31 5853.64 5858.57 5865.93 5866.96 5867.34 5863.65 5852.5 5844.33 5842.27 5846.74 5848.03 5845.18 5840.44 5835.81 5831.46 5826.79
5601.75 5599.61 5597.84 5598.07 5600.53 5599.69 5599.42 5598.74 5597.76 5599.77 5605.9 5622.15 5638.52 5657.8 5680.66 5675.2 5677.78 5684.98 5694.14 5704.78 5713.45 5722.58 5727.09 5720.43 5708.65 5705.76 5712.68 5717.82 5724.17 5732.6 5738.58 5746.43 5753.91 5761.12 5768.96 5776.31 5785.37 5794.22 5808.4 5834.35 5863.3 5880.68 5892.09 5910.25 5924.85 5922.59 5902.39 5888.6 5872.09 5860.45 5852.75 5847.85 5851.07 5863.94 5871.77 5877 5879.3 5874.18 5860.57 5859.19 5861.01 5858.53 5853.11 5846.29 5840.65 5836.24 5832.36
5603.71 5600.4 5598.89 5599.76 5601.18 5598.21 5596.37 5595.79 5597.44 5597.88 5602.62 5615.33 5627.45 5637.99 5642.86 5651.89 5659.79 5667 5672.52 5676.1 5687.14 5701.22 5716.18 5717.01 5712.25 5708.16 5710.12 5714.2 5721.18 5734.53 5743.57 5757.27 5765.56 5775.29 5784.92 5792.1 5802.05 5812.89 5822.75 5837.2 5848.48 5856.86 5869.15 5883.27 5888.54 5885.2 5875.33 5861.7 5856.54 5850.32 5846.51 5847.12 5853.31 5864.31 5876.68 5887.93 5899.68 5913.42 5899.49 5888.92 5882.53 5873.6 5864.99 5858.04 5850.52 5844.22 5839.02
5602.26 5600.09 5597.96 5596.64 5595.98 5594.48 5593.75 5593.86 5594.49 5598.27 5605.71 5613.01 5618.99 5622.14 5621.98 5631.11 5641.95 5650.2 5657.28 5661.12 5665.49 5680.03 5701.51 5715.14 5733.97 5749.09 5732.91 5721.47 5726.4 5741.64 5755.41 5769.92 5780.91 5792.58 5799.83 5809.06 5817.6 5830.99 5847.67 5842.66 5845.55 5850.57 5856.74 5863.4 5864.4 5860.19 5855.19 5849.96 5840.97 5837.71 5837.01 5840.66 5852.41 5867.53 5878.59 5892.86 5910.18 5928.65 5936.6 5916.55 5897.31 5888.81 5883.38 5874.24 5860.7 5852.26 5847.56
