real_craters/C193-750m.grd
DSAA
242 242
-90.23 90.23
-90.23 90.23
4039.0028504969 6584.0020971665
[rows 38 to 75 of 242, columns 0 to 83 of 242]
5842 5841 5837 5834 5831 5827 5818 5817 5842 5870 5892 5906 5911 5913 5917 5919 5923 5939 5941 5937 5973 6277 6477 6235 6010 5870 5846 5834 5823 5812 5802 5798 5791 5795 5793 5790 5786 5781 5777 5774 5773 5766 5761 5763 5768 5771 5768 5771 5774 5776 5761 5767 5768 5765 5764 5753 5752 5752 5750 5747 5743 5760 5783 5792 5783 5770 5761 5763 5852 5861 5831 5778 5755 5768 5782 5788 5801 5828 5866 5916 5965 5992 5995 5992
5839 5838 5835 5832 5828 5826 5823 5825 5852 5877 5910 5923 5930 5936 5940 5944 5951 5964 5991 6028 6025 6074 6232 6228 6036 5873 5846 5837 5826 5815 5807 5802 5796 5796 5793 5789 5784 5780 5776 5773 5770 5766 5762 5767 5768 5770 5767 5769 5773 5774 5769 5773 5767 5764 5755 5753 5746 5739 5732 5727 5730 5784 5787 5781 5771 5763 5757 5762 5791 5804 5786 5760 5753 5760 5770 5776 5781 5783 5824 5851 5927 5970 5989 5989
5840 5838 5838 5838 5833 5839 5847 5842 5883 5930 5939 5947 5954 5957 5963 5975 5989 6007 6035 6092 6132 5970 6052 6183 6071 5880 5846 5835 5826 5815 5805 5797 5794 5791 5789 5784 5782 5779 5774 5770 5768 5768 5767 5765 5764 5764 5763 5765 5769 5774 5778 5776 5771 5764 5760 5754 5746 5740 5733 5729 5737 5793 5790 5769 5759 5759 5759 5760 5765 5769 5765 5759 5755 5757 5760 5764 5772 5774 5786 5827 5899 5956 5982 5981
5841 5839 5845 5853 5863 5862 5866 5869 5908 5947 5957 5965 5975 5988 6001 6008 6013 6037 6043 6042 5982 5939 5975 6073 6023 5872 5846 5835 5825 5814 5803 5793 5796 5795 5790 5788 5784 5779 5774 5768 5768 5769 5769 5763 5761 5761 5762 5764 5763 5762 5778 5772 5765 5762 5758 5755 5752 5749 5745 5740 5743 5789 5790 5768 5757 5760 5758 5756 5756 5754 5759 5757 5755 5750 5751 5756 5763 5768 5780 5799 5841 5930 5976 5969
5839 5837 5846 5876 5894 5890 5871 5895 5920 5945 5957 5969 5978 5990 6008 6029 6040 6051 6039 5999 5958 5908 5926 5943 5902 5866 5852 5840 5826 5816 5807 5797 5793 5790 5790 5790 5787 5782 5776 5771 5770 5769 5767 5765 5762 5762 5764 5763 5762 5761 5760 5763 5763 5763 5761 5755 5756 5761 5762 5760 5759 5772 5789 5781 5774 5768 5762 5757 5746 5746 5749 5745 5741 5741 5743 5754 5759 5766 5776 5785 5798 5902 5970 5966
5836 5836 5846 5884 5943 5915 5907 5906 5921 5937 5954 5967 5981 5992 6006 6026 6042 6052 6039 5999 5956 5955 5962 5946 5890 5894 5880 5857 5833 5818 5813 5800 5792 5788 5791 5791 5791 5785 5780 5775 5773 5773 5772 5770 5768 5763 5759 5759 5757 5756 5755 5757 5759 5766 5766 5756 5770 5784 5794 5793 5777 5770 5790 5790 5786 5778 5770 5762 5756 5748 5746 5744 5737 5738 5743 5764 5757 5759 5772 5782 5788 5871 5956 5966
5834 5834 5843 5855 5868 5893 5892 5898 5916 5931 5947 5959 5970 5979 5990 6006 6021 6040 6065 6081 6088 6083 6086 6086 6072 6035 5950 5886 5841 5822 5813 5803 5795 5794 5794 5799 5794 5787 5778 5776 5776 5773 5773 5774 5774 5763 5759 5754 5755 5752 5752 5757 5759 5766 5785 5765 5787 5814 5838 5847 5827 5809 5792 5794 5793 5785 5775 5765 5757 5752 5753 5746 5742 5742 5748 5768 5762 5760 5764 5775 5775 5841 5925 5953
5833 5833 5833 5846 5864 5879 5894 5893 5910 5926 5945 5956 5966 5976 5987 6006 6026 6057 6106 6170 6182 6169 6207 6203 6234 6125 5992 5901 5850 5826 5815 5807 5797 5790 5794 5799 5795 5787 5780 5779 5778 5778 5774 5770 5764 5759 5757 5752 5756 5757 5757 5761 5766 5763 5767 5777 5799 5836 5880 5923 5903 5822 5792 5794 5802 5786 5776 5771 5760 5756 5756 5746 5746 5750 5758 5765 5766 5758 5756 5768 5776 5802 5846 5908
5832 5841 5851 5866 5870 5871 5873 5883 5904 5921 5943 5952 5963 5973 5984 6001 6025 6054 6102 6162 6177 6175 6156 6133 6052 5963 5919 5880 5851 5825 5815 5808 5799 5796 5795 5795 5792 5786 5784 5781 5780 5779 5775 5769 5760 5762 5766 5764 5762 5763 5763 5765 5775 5786 5795 5774 5801 5841 5896 5958 5938 5840 5801 5787 5775 5776 5772 5771 5766 5759 5755 5751 5754 5756 5761 5761 5755 5750 5753 5760 5768 5780 5805 5863
5839 5853 5871 5878 5873 5866 5865 5877 5898 5917 5932 5943 5955 5967 5981 5995 6011 6031 6048 6051 6063 6052 6058 6025 5946 5892 5878 5854 5829 5814 5812 5815 5812 5800 5795 5792 5787 5784 5780 5780 5780 5777 5775 5771 5767 5765 5762 5762 5758 5761 5762 5763 5766 5787 5781 5775 5794 5826 5863 5889 5881 5838 5797 5782 5774 5774 5775 5770 5769 5765 5764 5752 5752 5756 5758 5758 5760 5751 5755 5760 5760 5766 5777 5825
5847 5862 5868 5866 5864 5865 5869 5879 5896 5911 5924 5936 5947 5960 5972 5984 5995 5998 6000 6003 5997 5995 5964 5960 5918 5879 5865 5844 5821 5808 5806 5804 5797 5797 5797 5796 5792 5784 5778 5779 5782 5784 5776 5771 5767 5763 5759 5761 5758 5759 5760 5761 5761 5762 5766 5768 5782 5802 5822 5833 5829 5809 5776 5780 5786 5783 5771 5762 5766 5771 5780 5763 5756 5757 5752 5753 5758 5752 5753 5755 5763 5760 5757 5792
5879 5874 5863 5856 5860 5864 5873 5887 5897 5907 5915 5927 5941 5954 5965 5973 5975 5968 5959 5955 5961 5954 5922 5918 5890 5881 5863 5841 5819 5807 5803 5798 5792 5794 5797 5802 5809 5789 5778 5778 5778 5780 5775 5770 5765 5759 5756 5756 5757 5755 5757 5759 5761 5766 5763 5759 5768 5779 5784 5782 5793 5801 5816 5789 5774 5770 5775 5758 5762 5771 5776 5768 5759 5754 5753 5750 5744 5747 5755 5757 5761 5757 5749 5769
5886 5878 5864 5854 5859 5867 5877 5890 5897 5903 5906 5918 5935 5951 5964 5969 5968 5950 5931 5924 5933 5918 5896 5888 5882 5872 5858 5839 5821 5809 5805 5802 5791 5793 5795 5798 5794 5793 5788 5782 5776 5771 5772 5770 5766 5762 5759 5757 5753 5758 5758 5759 5759 5758 5760 5763 5764 5763 5760 5754 5772 5787 5788 5787 5779 5777 5770 5757 5756 5761 5771 5769 5760 5756 5766 5754 5753 5750 5755 5757 5762 5752 5748 5757
5885 5877 5866 5860 5864 5870 5880 5889 5897 5903 5907 5916 5936 5954 5969 5978 5971 5952 5924 5909 5921 5891 5873 5869 5863 5863 5848 5835 5822 5812 5810 5809 5806 5800 5797 5794 5790 5792 5792 5789 5784 5779 5778 5774 5769 5776 5767 5758 5755 5759 5758 5758 5757 5758 5760 5762 5760 5756 5755 5758 5772 5786 5795 5792 5780 5769 5762 5754 5750 5753 5767 5760 5760 5765 5789 5763 5761 5753 5755 5759 5766 5764 5760 5763
5889 5878 5872 5870 5878 5885 5891 5897 5903 5909 5913 5920 5940 5961 5979 5992 5995 5987 5949 5921 5909 5884 5857 5866 5849 5839 5836 5829 5822 5817 5814 5814 5805 5804 5803 5796 5789 5791 5794 5797 5797 5794 5789 5783 5775 5767 5767 5766 5757 5759 5758 5757 5755 5752 5755 5755 5752 5753 5756 5765 5779 5798 5818 5801 5779 5759 5754 5751 5750 5756 5763 5760 5761 5768 5784 5779 5782 5757 5755 5760 5772 5776 5773 5784
5889 5880 5879 5885 5895 5904 5906 5909 5913 5918 5921 5929 5942 5961 5981 6005 6030 6055 6062 6041 5989 5923 5861 5849 5839 5832 5827 5824 5822 5821 5816 5811 5805 5799 5802 5797 5793 5796 5799 5802 5806 5804 5799 5794 5786 5777 5768 5759 5764 5761 5761 5757 5752 5750 5754 5753 5752 5753 5757 5768 5785 5804 5820 5801 5778 5760 5752 5749 5750 5755 5760 5763 5763 5768 5772 5748 5776 5764 5759 5769 5781 5780 5785 5788
5886 5880 5881 5892 5904 5912 5915 5919 5924 5925 5923 5932 5945 5965 5993 6028 6077 6135 6199 6236 6175 6013 5895 5853 5839 5823 5821 5821 5821 5820 5818 5813 5803 5793 5796 5795 5796 5798 5801 5805 5808 5807 5805 5805 5808 5791 5777 5777 5772 5775 5766 5758 5754 5754 5757 5758 5754 5760 5763 5774 5787 5799 5807 5794 5777 5762 5750 5753 5752 5752 5763 5768 5767 5769 5775 5785 5775 5760 5768 5786 5812 5818 5816 5810
5875 5875 5880 5892 5902 5909 5916 5922 5928 5929 5929 5929 5945 5968 6001 6043 6097 6170 6274 6323 6261 6072 5946 5859 5839 5826 5822 5821 5822 5823 5822 5814 5804 5798 5792 5791 5793 5795 5797 5804 5822 5810 5806 5809 5818 5810 5788 5772 5771 5775 5768 5759 5751 5750 5756 5767 5759 5774 5772 5782 5791 5794 5785 5779 5778 5772 5766 5774 5776 5777 5786 5775 5770 5768 5765 5764 5766 5769 5771 5799 5853 5912 5862 5800
5863 5860 5874 5888 5898 5907 5914 5922 5929 5930 5929 5927 5941 5963 5990 6029 6072 6122 6171 6192 6146 6035 5923 5867 5843 5833 5827 5823 5822 5823 5826 5825 5808 5798 5793 5791 5792 5789 5791 5791 5782 5797 5798 5798 5799 5807 5799 5775 5773 5777 5768 5758 5750 5749 5769 5779 5807 5818 5814 5809 5803 5797 5789 5782 5785 5797 5806 5796 5801 5816 5790 5777 5773 5774 5767 5764 5768 5769 5774 5804 5856 5913 5864 5797
5859 5851 5867 5879 5890 5898 5907 5917 5924 5928 5927 5925 5935 5952 5975 6001 6028 6046 6028 6012 5998 5962 5910 5863 5847 5836 5828 5822 5820 5819 5821 5820 5807 5801 5798 5796 5794 5783 5789 5789 5787 5790 5789 5783 5772 5789 5793 5772 5768 5761 5762 5759 5756 5755 5754 5791 5826 5844 5860 5834 5815 5805 5793 5784 5803 5802 5802 5796 5795 5786 5783 5765 5765 5769 5771 5771 5768 5771 5772 5787 5820 5834 5808 5779
5859 5839 5851 5863 5874 5887 5897 5909 5919 5923 5922 5916 5924 5939 5956 5970 5983 5993 5996 5952 5928 5905 5879 5858 5843 5833 5823 5819 5816 5815 5815 5814 5809 5805 5801 5795 5795 5792 5792 5795 5795 5789 5784 5779 5774 5780 5784 5768 5763 5760 5761 5766 5768 5778 5796 5820 5830 5838 5839 5831 5818 5809 5810 5825 5824 5815 5795 5787 5766 5766 5759 5750 5754 5761 5767 5774 5772 5781 5781 5783 5792 5788 5773 5759
5860 5830 5835 5847 5858 5872 5885 5900 5913 5918 5915 5909 5912 5921 5932 5939 5939 5929 5910 5897 5888 5876 5855 5851 5844 5831 5822 5816 5813 5811 5810 5813 5811 5805 5803 5802 5797 5796 5795 5795 5793 5789 5784 5781 5777 5777 5777 5783 5765 5755 5759 5775 5795 5799 5814 5824 5832 5839 5832 5821 5812 5806 5805 5813 5826 5814 5788 5783 5779 5774 5750 5743 5754 5760 5768 5772 5769 5787 5795 5791 5784 5774 5759 5749
5838 5818 5820 5831 5842 5856 5871 5888 5902 5907 5906 5899 5898 5901 5904 5905 5902 5899 5887 5870 5866 5862 5859 5850 5839 5828 5819 5814 5811 5809 5820 5817 5812 5807 5802 5795 5801 5796 5791 5792 5790 5786 5782 5782 5787 5774 5772 5778 5769 5757 5758 5771 5787 5795 5797 5809 5826 5829 5816 5808 5801 5793 5788 5787 5792 5796 5794 5791 5787 5780 5766 5746 5756 5766 5761 5757 5767 5781 5781 5786 5780 5774 5763 5753
5807 5798 5803 5814 5829 5841 5856 5874 5890 5899 5898 5891 5888 5887 5885 5882 5874 5864 5862 5863 5855 5851 5844 5837 5830 5824 5818 5814 5811 5808 5810 5815 5808 5800 5803 5803 5805 5790 5786 5786 5785 5783 5779 5775 5772 5770 5767 5771 5770 5763 5759 5763 5769 5784 5796 5806 5808 5806 5801 5794 5787 5779 5770 5759 5766 5780 5795 5800 5798 5780 5767 5760 5756 5761 5758 5758 5762 5762 5770 5772 5773 5776 5777 5764
5781 5778 5784 5794 5807 5819 5840 5861 5880 5892 5891 5884 5878 5877 5873 5866 5855 5841 5841 5845 5846 5845 5841 5831 5825 5823 5820 5816 5813 5811 5810 5807 5806 5802 5801 5800 5781 5788 5790 5786 5782 5779 5775 5771 5768 5769 5770 5779 5775 5772 5774 5764 5764 5780 5797 5802 5798 5788 5789 5786 5782 5776 5767 5758 5769 5771 5783 5792 5786 5776 5769 5765 5760 5753 5751 5751 5752 5757 5771 5769 5768 5775 5780 5774
5757 5754 5758 5772 5785 5800 5825 5849 5870 5887 5886 5882 5875 5869 5863 5855 5846 5837 5837 5840 5840 5839 5842 5840 5833 5826 5822 5816 5812 5812 5812 5805 5804 5802 5797 5792 5788 5784 5783 5779 5777 5774 5772 5772 5773 5774 5778 5793 5777 5773 5781 5772 5770 5782 5797 5805 5796 5783 5784 5784 5783 5776 5770 5766 5763 5763 5776 5785 5789 5772 5766 5760 5756 5750 5750 5748 5754 5763 5774 5769 5768 5773 5776 5778
5744 5742 5740 5755 5771 5788 5812 5839 5862 5877 5883 5878 5871 5864 5856 5849 5845 5842 5835 5837 5841 5835 5832 5831 5836 5826 5816 5809 5810 5809 5807 5806 5806 5802 5794 5791 5785 5781 5774 5779 5773 5771 5769 5770 5774 5782 5780 5784 5781 5783 5795 5778 5777 5786 5796 5800 5793 5787 5786 5788 5787 5785 5783 5779 5776 5771 5775 5779 5786 5779 5770 5765 5759 5758 5763 5757 5767 5773 5769 5768 5768 5773 5776 5780
5733 5735 5741 5742 5754 5777 5803 5831 5857 5880 5881 5872 5860 5855 5851 5847 5844 5846 5855 5856 5854 5847 5836 5825 5828 5825 5818 5811 5810 5807 5806 5808 5811 5811 5798 5790 5785 5782 5776 5772 5769 5768 5768 5770 5776 5788 5803 5792 5795 5794 5785 5788 5794 5796 5796 5796 5791 5781 5792 5796 5799 5800 5800 5798 5791 5785 5784 5781 5791 5777 5774 5772 5765 5776 5782 5777 5784 5793 5786 5779 5778 5774 5775 5778
5734 5732 5734 5742 5754 5768 5798 5826 5849 5865 5869 5864 5852 5849 5848 5845 5845 5851 5876 5876 5871 5874 5858 5844 5834 5829 5826 5821 5814 5806 5806 5812 5815 5817 5812 5800 5782 5786 5792 5769 5767 5767 5766 5767 5772 5780 5794 5806 5814 5820 5795 5810 5818 5808 5797 5788 5784 5784 5797 5805 5810 5814 5816 5817 5810 5800 5795 5791 5787 5786 5780 5772 5765 5781 5797 5800 5846 5845 5825 5803 5781 5773 5769 5767
5737 5741 5736 5747 5762 5778 5801 5824 5843 5856 5861 5860 5852 5849 5849 5847 5849 5860 5877 5877 5871 5874 5871 5863 5847 5837 5835 5832 5820 5811 5808 5812 5814 5816 5799 5788 5787 5786 5779 5770 5768 5768 5767 5768 5770 5775 5796 5816 5823 5820 5828 5852 5840 5822 5802 5781 5787 5790 5804 5813 5818 5825 5830 5835 5819 5815 5810 5804 5798 5795 5789 5782 5779 5779 5799 5847 5933 5895 5855 5823 5788 5775 5772 5770
5745 5742 5741 5751 5766 5787 5804 5823 5841 5857 5869 5863 5858 5857 5852 5849 5845 5852 5871 5865 5856 5844 5855 5858 5855 5851 5841 5836 5823 5816 5811 5810 5809 5807 5796 5792 5791 5787 5780 5779 5776 5772 5769 5771 5771 5777 5791 5826 5850 5844 5859 5861 5850 5833 5814 5798 5807 5815 5825 5821 5823 5828 5834 5843 5847 5841 5830 5821 5811 5800 5797 5794 5792 5793 5832 5882 5888 5883 5854 5825 5796 5787 5783 5777
5760 5750 5743 5746 5762 5783 5803 5821 5839 5855 5863 5864 5861 5859 5855 5854 5857 5850 5847 5854 5853 5846 5857 5863 5863 5851 5839 5824 5817 5813 5811 5809 5808 5805 5800 5797 5799 5798 5792 5793 5788 5780 5773 5769 5775 5783 5786 5855 5913 5958 5917 5860 5851 5838 5828 5826 5825 5808 5824 5822 5826 5830 5833 5842 5846 5846 5849 5843 5829 5818 5809 5800 5806 5824 5857 5871 5850 5851 5838 5818 5810 5803 5800 5797
5780 5766 5748 5740 5759 5780 5799 5820 5839 5853 5862 5862 5858 5853 5855 5854 5854 5850 5847 5854 5861 5857 5865 5877 5876 5852 5837 5824 5815 5809 5809 5810 5809 5808 5817 5838 5827 5818 5817 5811 5801 5790 5781 5779 5784 5788 5801 5864 5938 6013 5981 5894 5857 5847 5843 5842 5837 5822 5817 5825 5837 5842 5836 5828 5848 5852 5863 5858 5836 5828 5827 5823 5842 5849 5854 5851 5837 5830 5822 5816 5811 5810 5812 5821
5784 5780 5776 5755 5772 5785 5800 5824 5841 5853 5857 5860 5859 5860 5851 5850 5848 5845 5848 5858 5865 5867 5876 5888 5899 5857 5841 5829 5819 5809 5807 5806 5804 5807 5840 5890 5860 5829 5810 5819 5811 5799 5782 5783 5796 5805 5809 5820 5895 6029 6047 5925 5870 5867 5866 5853 5841 5834 5825 5848 5861 5861 5855 5851 5856 5864 5855 5858 5836 5833 5838 5834 5845 5854 5848 5838 5827 5818 5808 5801 5801 5807 5812 5814
5802 5797 5814 5807 5800 5809 5821 5839 5850 5858 5860 5860 5854 5842 5842 5842 5844 5839 5847 5864 5880 5872 5879 5889 5892 5862 5845 5831 5818 5814 5804 5799 5795 5794 5801 5864 5833 5809 5812 5826 5819 5812 5812 5809 5814 5815 5807 5801 5849 5955 6001 5945 5915 5914 5896 5870 5847 5862 5908 5917 5904 5888 5881 5860 5850 5855 5845 5854 5838 5836 5840 5850 5830 5827 5846 5839 5826 5813 5798 5785 5791 5807 5812 5813
5821 5810 5807 5808 5822 5836 5857 5857 5862 5867 5873 5869 5856 5843 5836 5833 5837 5844 5853 5864 5878 5866 5877 5879 5874 5868 5851 5836 5826 5813 5806 5797 5790 5786 5790 5793 5788 5787 5811 5825 5819 5816 5815 5824 5831 5832 5816 5807 5826 5862 5909 5983 6009 5978 5935 5893 5857 5885 5946 5965 5934 5908 5907 5921 5888 5866 5847 5845 5837 5831 5832 5838 5824 5815 5832 5838 5827 5812 5795 5780 5786 5808 5816 5825
5857 5836 5830 5832 5836 5848 5859 5865 5870 5876 5879 5874 5860 5845 5834 5825 5829 5856 5862 5861 5842 5857 5871 5864 5859 5853 5841 5834 5830 5821 5810 5799 5790 5785 5776 5771 5775 5788 5796 5806 5809 5811 5824 5831 5842 5842 5827 5812 5808 5813 5835 5964 6069 6041 5981 5918 5879 5900 5950 5961 5924 5898 5880 5878 5898 5909 5858 5835 5819 5817 5814 5826 5827 5824 5836 5844 5828 5811 5797 5788 5790 5801 5812 5826
5894 5861 5841 5833 5841 5853 5863 5870 5876 5882 5885 5881 5866 5846 5839 5834 5841 5863 5872 5874 5875 5848 5844 5847 5842 5829 5823 5826 5825 5825 5813 5800 5784 5790 5781 5764 5767 5778 5791 5791 5796 5805 5810 5839 5852 5845 5829 5816 5807 5799 5818 5951 6090 6081 6013 5940 5895 5896 5895 5889 5885 5872 5855 5862 5889 5915 5886 5844 5816 5813 5808 5819 5819 5825 5826 5819 5818 5810 5801 5795 5795 5796 5803 5810
