real_craters/C194-500m.grd
DSAA
369 369
-91.875 91.875
-91.875 91.875
1046.9754739145 5697.5168791745
[rows 240 to 269 of 369, columns 134 to 200 of 369]
3531.6 3522.1 3514.67 3509.9 3509.36 3513.6 3518.87 3525.57 3533.4 3533.46 3522.7 3532.83 3516.39 3512.46 3542.81 3567.26 3589.7 3612.64 3646.82 3656.81 3645.86 3624.93 3607.81 3629.93 3670.83 3710.38 3744.79 3764.3 3773.22 3815.93 3857.94 3881.69 3886.97 3892.12 3877.72 3856.46 3839.08 3832.53 3841.42 3857.86 3847.62 3844.86 3843.79 3845.9 3854.39 3869.88 3894.9 3927.25 3969.57 4021.15 4052.48 4033.31 3996.4 3962.17 3926.7 3895.69 3876.87 3874.52 3886.28 3927.5 4038.93 4159.74 3986.39 3900.07 3826.53 3836.04 3922.95
3543.34 3522.17 3509.12 3506.38 3508.38 3509.97 3513.14 3518.3 3522.69 3521.7 3527.59 3515.37 3508.56 3519.23 3544.81 3567.94 3583.72 3583.56 3591.44 3616.72 3620.57 3613.85 3606.04 3623.16 3653.33 3686.66 3727.74 3768.53 3796.01 3822.9 3849.71 3872.61 3898.84 3892.22 3865.22 3841.76 3823.43 3809.81 3798.34 3781.27 3801.03 3830.15 3843.29 3854.59 3866.29 3882.92 3904.2 3931.47 3960.76 3988.74 4010.76 4009.06 3988.15 3954.27 3919.99 3896.23 3875.38 3870.58 3889.34 3935.62 3958.83 3963.42 3905.13 3851.49 3836.32 3853.14 3874.02
3529.94 3521.05 3504.59 3502.76 3500.12 3500.59 3505.13 3510.95 3516.15 3522.29 3514.03 3506.51 3516.06 3535.16 3555.59 3574.24 3579.04 3572.28 3584.32 3600.17 3605.49 3611.23 3625.49 3639.42 3642.04 3664.66 3719.71 3777.17 3829.86 3839.69 3839.84 3852.47 3878.23 3871.13 3836.62 3812.6 3795.74 3781.86 3768.45 3755.76 3783.8 3824.54 3836.43 3848.93 3862.68 3875.41 3891.47 3912.01 3931.76 3943.9 3933.57 3973.96 3973.91 3938.1 3906.99 3876.61 3857.12 3845.61 3844.33 3847.17 3860 3857.07 3839.02 3815.83 3820.05 3829.69 3808.22
3527.34 3520.68 3514.66 3500.58 3492.27 3491.36 3496.87 3502 3507.28 3509.47 3502.28 3503.62 3515.68 3540.89 3571.82 3577.3 3571.44 3577.24 3593.67 3593.24 3594.99 3603.47 3623.35 3637.53 3640.31 3652.62 3719.51 3763.97 3780.04 3795.99 3807.85 3806.65 3805.18 3793.27 3783.32 3775.11 3765.36 3758.92 3751.87 3752.84 3775.31 3807.7 3820.87 3834.11 3846.28 3857.16 3871.86 3889.69 3904.4 3920.65 3943.54 3997.89 3956.32 3913.82 3877.51 3848.01 3830.29 3806.94 3787.62 3774.39 3806.32 3817.88 3793.89 3767.48 3760.77 3744.02 3736.41
3528.16 3508.99 3498.68 3496.37 3491.14 3489.62 3492.23 3496.74 3500.86 3502.68 3503.78 3501.57 3516.47 3544.25 3571.09 3571.38 3562.26 3575.36 3579.8 3579.6 3582.09 3588.14 3595.48 3610.44 3652.39 3707.69 3732.28 3766.69 3814.89 3797.15 3769.76 3753.49 3729.94 3713.11 3729.69 3737.18 3740.4 3740.99 3743.37 3749.77 3766.92 3793.41 3803.1 3812.75 3822.14 3831 3847.35 3853.27 3866.99 3885.6 3916.47 3906.32 3891.6 3871.87 3846.52 3822.81 3797.33 3767.47 3756.6 3742.9 3805.19 3815.09 3775.68 3738.82 3727.24 3710.14 3686.45
3508.53 3511.46 3503.98 3495.47 3490.43 3489.34 3488.24 3490.86 3494.23 3496.88 3497.85 3501.63 3524.98 3543.28 3561.04 3558.98 3557.35 3564.6 3565.28 3564.16 3567.7 3574.01 3583.55 3605.18 3652.47 3700.57 3729.17 3745.02 3739.69 3715.84 3724.25 3715.32 3698 3688.18 3702.1 3715.69 3722.26 3726.79 3732.14 3743.06 3765.07 3782.16 3785.86 3792.38 3799.3 3805.04 3812.87 3820.28 3830.07 3838.21 3847.08 3839.67 3831.85 3824.11 3807.08 3791.17 3773.98 3752.2 3741.5 3743.98 3788.5 3795.4 3770.42 3749.57 3715.62 3682.7 3660.36
3499.02 3505.67 3502.51 3493.52 3486.31 3478.87 3482.45 3484 3485.32 3485.82 3483.5 3495.05 3526.78 3536.81 3543.47 3544.57 3557.41 3569.11 3556.38 3549.16 3556.15 3564.84 3576.89 3601.07 3648.05 3699.59 3724.6 3723.87 3703.83 3707.57 3704.49 3697.59 3689.22 3689.16 3691.97 3700.11 3707.7 3712.85 3719.77 3731.5 3751.04 3768.69 3765.56 3764.74 3766.42 3769.5 3771.87 3776.46 3781.24 3786.65 3787.52 3783.77 3781.27 3776.68 3768.85 3758.42 3743.05 3732.68 3728.44 3730.57 3751.84 3761.21 3750.42 3736.1 3704.14 3676.82 3652.78
3498.86 3494.67 3492.79 3489.61 3485.78 3486.46 3481.28 3479.15 3477.93 3476.61 3477.24 3485.44 3515.19 3520.98 3529.82 3544.63 3565.76 3577.9 3556.95 3543.38 3549.61 3560.02 3573.16 3589.25 3646.71 3706.73 3726.07 3719.92 3715.95 3711.55 3697.23 3690.62 3686.72 3686.89 3691.67 3697.76 3704.48 3704.58 3706.78 3711.7 3733.64 3740.1 3738.1 3740.29 3742.08 3745.9 3746.6 3746.99 3743.79 3740.05 3737.77 3738.86 3738.98 3743.01 3739.28 3732 3724.38 3718.08 3717.34 3717.1 3718.31 3727.29 3716.9 3698.99 3682.46 3668.92 3637.96
3502.35 3488.69 3487.92 3487.12 3485.61 3482.59 3478.92 3474.43 3470.89 3467.76 3470.76 3488.6 3489.91 3500.22 3515.98 3537.89 3574.02 3586.46 3559.78 3546.41 3545.19 3557.66 3579.43 3615.98 3652.53 3692.85 3705.77 3702.93 3707.45 3691.22 3685.5 3688.69 3690.24 3687.34 3697.04 3701.99 3699.8 3695.64 3693.7 3691.07 3686.38 3689.54 3694.92 3698.39 3700.48 3704.06 3695.43 3695.33 3694.15 3690.58 3688.95 3698.81 3705.58 3707.71 3703.9 3699.57 3695.77 3695.56 3698.22 3711.69 3721.35 3698.86 3686.11 3668.01 3658.03 3643.24 3616.29
3510.09 3493.89 3489.56 3487.69 3485.31 3482.81 3476.7 3470.29 3466.82 3467.74 3479.59 3493.24 3478.7 3485.05 3507.51 3558.64 3575.16 3556.27 3538.39 3525.52 3536.92 3555.09 3580.5 3613.49 3635.57 3642.86 3648.82 3665.32 3679.01 3686.17 3678.84 3688.04 3701.19 3714.48 3721 3709.48 3697 3686.51 3678.06 3679.03 3662.64 3648.96 3657.45 3661.22 3664.84 3664.12 3662.61 3662.66 3659.98 3655.26 3646.66 3662.77 3678.44 3679.67 3677.3 3676.46 3674.81 3675.75 3679.76 3681.91 3662.41 3661.63 3659.02 3656.65 3646.84 3629.17 3606.54
3518.12 3502.56 3496.66 3490.5 3484.17 3477.45 3470.19 3465.87 3463.12 3463.52 3477.32 3484.25 3471.45 3482.98 3504.67 3552.33 3552 3520.39 3516.94 3516.52 3528.41 3547.04 3569.62 3595.23 3610.89 3610.26 3614.92 3628.65 3630.3 3630.7 3668.71 3682.23 3701.07 3737.92 3736.93 3706.55 3690.93 3678.07 3660.17 3634.34 3626.77 3627.1 3634.41 3636.34 3634.44 3632.87 3633.48 3631.37 3629.78 3629.92 3629.74 3642.05 3653.37 3655.13 3654.51 3654.04 3653.08 3652.18 3650.89 3647.3 3636.02 3633.68 3632.98 3627.37 3614.7 3607.1 3594.36
3526.16 3515.29 3507.3 3496.53 3485.38 3472.98 3465.76 3463.92 3461.71 3460.89 3475.23 3477.21 3478.44 3496.45 3514.47 3530.4 3526.7 3512.87 3509.06 3509.84 3523.16 3537.22 3552.11 3569.26 3580.57 3590.29 3605.46 3604.31 3603.46 3614.94 3650.86 3660.16 3671.67 3678.46 3674.71 3679.12 3678.89 3673.72 3658.25 3626.67 3626.74 3627.04 3627.76 3618.46 3612.55 3609.68 3607.36 3604.59 3604.45 3608.25 3618.13 3616.16 3621.92 3628.09 3631.17 3632.9 3633.3 3631.61 3627.06 3623.19 3609.23 3612.77 3611.24 3606.56 3600.74 3578.06 3561.68
3536.64 3532.82 3519.6 3503.94 3489.17 3477.64 3470.27 3465.54 3465.17 3467.91 3478.45 3480.05 3485.57 3504.83 3513.4 3520.07 3514.84 3508.84 3510.64 3519.25 3524.2 3530.09 3535.94 3537.34 3537.92 3559.85 3574.74 3584.93 3593.91 3600.34 3612.36 3630.08 3635.39 3632.06 3629.33 3652.21 3666.13 3675.93 3680.67 3672.42 3657.93 3646.41 3616.74 3600 3591.72 3587.99 3585.38 3583.16 3582.36 3583.22 3580.85 3586.41 3597.45 3603.97 3608.45 3611.72 3612.31 3611.49 3607.06 3592.68 3606.51 3606.65 3591.76 3574.44 3552.43 3545.8 3533.97
3559.65 3548.66 3529.1 3509.89 3492.19 3478.15 3468.64 3468.62 3471.82 3477.09 3487.44 3492.78 3491.36 3501.54 3506.3 3510.4 3511.29 3511.44 3513.53 3519.2 3524.71 3528.87 3530.84 3529.15 3530 3543.71 3552.37 3572.23 3590.1 3606.99 3613.18 3606.92 3608.25 3611.36 3620.65 3633.56 3653.33 3675.39 3699.98 3716.67 3659.57 3605.28 3584.91 3576.86 3572.21 3569.85 3567.87 3565.23 3562.62 3558.8 3549.16 3559.32 3574.37 3583.35 3590.14 3593.78 3594.77 3594.33 3594 3598.88 3598.81 3588.75 3570.89 3552.3 3533.47 3521.47 3506.63
3568.35 3554.36 3531.93 3512.56 3494.85 3479.79 3468.95 3472.77 3480.55 3489.8 3498.48 3504.74 3496.39 3496.31 3498.99 3505.45 3512.46 3513.04 3515.57 3519.6 3525.06 3532.43 3534.53 3534.49 3539.23 3545.37 3560.28 3572.39 3586.84 3601.77 3578.36 3580.65 3587.81 3591.8 3589.84 3615.19 3637.39 3660.21 3682.15 3680.7 3634.98 3576.92 3558.23 3558.39 3557.66 3556.62 3554.27 3551.51 3546.85 3542.64 3535.62 3541.62 3553.06 3567.92 3576.11 3577.67 3576.61 3575.2 3576.08 3577.35 3568.57 3557.28 3549.63 3538.66 3523.7 3501.49 3466.96
3531.78 3537.4 3527.18 3512.37 3496.84 3482.88 3474.21 3479.03 3487.09 3494.99 3501.32 3500.98 3496.51 3501.92 3504.07 3504.35 3500.67 3509.37 3520.92 3528.6 3537.82 3546.59 3545.61 3541.94 3539.62 3552.73 3568.78 3579.53 3578.72 3572.58 3555.2 3565.06 3580.2 3586.25 3586.81 3601.42 3617.56 3632.31 3643.45 3638.9 3603.82 3562.46 3546.13 3546.65 3545.68 3544.15 3541.21 3537.89 3531.81 3528.34 3524.86 3535.13 3547.11 3562.68 3568.68 3565.88 3560.23 3553.75 3549.25 3550.95 3537.33 3530.62 3527.19 3527.39 3522.19 3494.04 3463.45
3520.39 3524.24 3520.38 3510.31 3497.43 3486.54 3482.87 3485.65 3495.61 3501.15 3500.6 3496.38 3489.85 3503.24 3509.49 3506.14 3499.07 3510.35 3533.17 3557.06 3571.89 3569.03 3558.91 3551.35 3549.14 3558.81 3580.93 3584.89 3572.21 3559.35 3555.33 3579.22 3590.88 3591.65 3591.4 3594.16 3598.32 3602.27 3601.08 3591.31 3578.63 3560.54 3549.23 3541.89 3537.78 3534.65 3530.37 3525.14 3519.06 3516.48 3519.11 3544.08 3562.54 3576.21 3566.15 3553.29 3541.59 3529.26 3516.01 3504.15 3498.03 3492.86 3504.16 3516.12 3520.77 3497.28 3466.65
3529.74 3521.93 3515.4 3507.28 3498.33 3489.74 3482.22 3489.02 3503.63 3508.39 3499.53 3486.82 3486.91 3508.55 3517.86 3509.76 3500.04 3516.11 3544.85 3581.68 3623.18 3583.28 3568.11 3559.41 3548.51 3553.67 3563.82 3564.32 3566.36 3574.09 3599.92 3619.57 3613.02 3602.78 3593.51 3585.67 3580.57 3576.43 3570.09 3564.87 3560.21 3555.51 3549.3 3538.27 3532.27 3528.68 3526.76 3512.99 3514.99 3515.23 3524.9 3555.76 3610.79 3589.33 3558.53 3540.55 3525.03 3508.81 3489.78 3475.37 3470.85 3468.18 3485.27 3504.78 3519.92 3511.32 3482.89
3528.92 3521.39 3514.19 3508.04 3501.45 3495.76 3492.46 3494.97 3497.73 3501.6 3502.44 3500.88 3505.45 3520.52 3525.93 3526.25 3520.09 3531.64 3551.81 3564.61 3556.04 3567.64 3568.54 3566.76 3568.79 3564.33 3546.02 3539.22 3558.14 3589 3628.41 3651.99 3631.12 3608.08 3587.64 3572.83 3563.74 3556.02 3548.32 3545.21 3544.08 3540.74 3534.54 3529.73 3525.98 3522.98 3520.31 3506.9 3511.21 3515.85 3521.39 3534.67 3538.42 3537.44 3533.79 3523.13 3510.22 3494.99 3478.63 3466.4 3460.93 3459.76 3475.54 3494.54 3508.86 3508.99 3485.68
3517.36 3514.45 3510.42 3505.75 3501.52 3500.76 3502.15 3501.23 3493.53 3494.36 3502.8 3510.42 3521.74 3532 3535.24 3555.96 3561.67 3559.5 3564.96 3562.81 3551.5 3563.64 3568.9 3568.29 3571.85 3566.33 3531.01 3522.62 3545.71 3585.45 3633.57 3652.76 3635.55 3605.95 3576.55 3554.84 3547.34 3542.06 3533.84 3534.12 3534.21 3529.53 3523.39 3521.39 3520.27 3517.99 3515.06 3511.51 3506.47 3499.65 3503.93 3509.25 3503.86 3505.54 3510.67 3506.14 3496.86 3485.97 3475.43 3467.4 3461.94 3463.21 3474.03 3489.74 3500.36 3501.62 3476.43
3506.49 3507.89 3506.15 3502.91 3499.89 3499.63 3502.13 3500.48 3490.14 3488.08 3494.58 3507.87 3520.95 3540.73 3540.21 3554.77 3573.4 3584.24 3584.9 3585.09 3584.36 3584.2 3574.57 3561.38 3544.58 3521.32 3510.28 3504.87 3532.53 3568.36 3605.65 3644.67 3629.09 3599.02 3564.03 3538.67 3537.01 3538.82 3537.99 3535.33 3532.29 3526.46 3517.78 3517.36 3515.49 3512.82 3509.54 3505.92 3501.27 3498.91 3496.78 3498.81 3498.83 3498.94 3500.2 3495.85 3488.13 3479.32 3472.67 3468.64 3468.09 3469.34 3477.47 3488.78 3496.78 3491.02 3470.44
3512.5 3507.48 3503.3 3498.77 3494.42 3491.55 3490.83 3487.93 3480.12 3477.92 3481.67 3508.19 3531.97 3531.89 3535.89 3547.13 3573.84 3593.54 3597.42 3603.29 3619.02 3604.83 3577.48 3555.06 3531.92 3510.2 3506.4 3507.87 3528.52 3553.23 3569.54 3613.62 3620.33 3592.31 3557.39 3532.98 3535.1 3543.24 3548.29 3542.36 3535.89 3529.56 3524.79 3519.46 3513.5 3508.87 3505.17 3501.62 3497.91 3494.42 3493.12 3494.86 3500.6 3507.11 3495.73 3489.44 3483.65 3476.18 3465.69 3471.95 3477.39 3481.45 3488.86 3495.88 3500.99 3496.01 3469.44
3511.93 3506.59 3499.91 3492.49 3485.09 3479.96 3475.12 3471.89 3467.49 3468.08 3475.87 3493.54 3511.39 3514.36 3513.67 3541.05 3570.01 3592.69 3595.3 3596.6 3599.04 3586.46 3567.19 3550.18 3534.27 3523.44 3519.31 3522.12 3538.29 3557.24 3579.51 3632.01 3620.53 3586.14 3552.59 3530.37 3535.76 3550.15 3556.33 3549.07 3539.72 3531.84 3526.98 3519.58 3511.49 3506.18 3501.6 3498.02 3495.07 3492.11 3489.31 3488.21 3488.66 3484.89 3484.6 3483.42 3483.24 3482.1 3479.6 3484.05 3490.97 3498.69 3504.56 3505.77 3505.25 3485.9 3470.99
3515.86 3509.69 3501.17 3490.81 3479.95 3467.5 3456.22 3451.66 3448.82 3450.9 3460.61 3466.99 3471.92 3481.97 3496.95 3531.87 3562.8 3576.4 3580.8 3574.19 3562.07 3551.94 3550.23 3545.44 3539.86 3534.73 3537.82 3547.42 3557.27 3570.51 3595.29 3623.77 3608.35 3573.78 3543.7 3526.83 3534.32 3555.48 3564.85 3551.13 3538.98 3528.49 3518.73 3511.02 3507.19 3503.49 3499.6 3495.69 3492.82 3489.3 3485.26 3481.03 3474.94 3468.44 3474.64 3481.44 3487.5 3493.29 3499.3 3501.31 3506.25 3512.16 3514.74 3516.72 3516.43 3506.63 3485.99
3515.75 3508.7 3500.28 3486.53 3470.29 3452.85 3434.42 3410.21 3414.9 3425.67 3435.12 3445.14 3457.35 3467.47 3509.04 3543.56 3556.98 3567.48 3560.54 3548.93 3537.06 3531.56 3536.98 3543.96 3550.18 3552.87 3559.25 3564.05 3563.95 3572.21 3591.36 3600.96 3577 3549.64 3526.61 3512.04 3520.59 3542.4 3551.83 3542.89 3532.25 3521.87 3512.1 3505.49 3503.46 3501.05 3498.39 3494.67 3490.92 3487.76 3483.06 3477.81 3471.87 3469.31 3473.3 3482.59 3492.9 3502.96 3510.23 3513.52 3518.17 3526.96 3536.39 3520.37 3513.74 3519.16 3505.77
3513.28 3505.69 3493.41 3479.1 3463.07 3440.65 3421.91 3408.58 3405.57 3408.51 3419.11 3433.66 3447.82 3482.44 3526.21 3540.51 3544.02 3547.35 3532.12 3521.94 3515.34 3513.93 3526.78 3543.33 3562.83 3586.94 3586.1 3560.51 3550.14 3561.14 3569.74 3557.2 3534.2 3522.82 3507.7 3494.33 3502.46 3524.3 3531.34 3527.27 3520.71 3513.92 3507.38 3502.91 3502.43 3501.81 3499.68 3496.46 3492.19 3488.37 3483.82 3479.35 3474.4 3470.87 3475.5 3486.68 3498.3 3511.1 3519.3 3519.21 3521.25 3523.69 3519.52 3508.82 3492.53 3508.68 3512.7
3498.56 3492.12 3480.56 3468.77 3451.93 3434.34 3417.75 3403.93 3399.44 3397.06 3412.33 3432.69 3456.17 3516.11 3528.87 3535.38 3523.96 3502.34 3493.99 3496.07 3498.14 3500.33 3519.46 3539.45 3561.57 3589.44 3588.62 3560.32 3550.4 3550.81 3546.68 3530.11 3510.14 3505.41 3496.33 3484.8 3485.52 3504.98 3508.09 3508.25 3508.36 3506.7 3503.22 3499.22 3502.67 3504.22 3502.81 3501.62 3496.87 3493.08 3488.75 3484.45 3480.32 3476.16 3482 3493.63 3502.17 3509.22 3516.23 3519.24 3520.22 3518.54 3518.67 3504.4 3492.1 3500 3499.8
3474.62 3467.4 3460.46 3452.53 3445.7 3433.85 3418.56 3401.72 3406.79 3418.56 3428.34 3438.1 3451.86 3473.43 3493.37 3525.85 3503.06 3474.88 3465.62 3477.23 3489.88 3504.66 3519.03 3533.22 3546.1 3548.44 3541.21 3553.2 3552.62 3546.62 3533.45 3512.62 3508.16 3499.51 3493.3 3488.67 3479.88 3458.34 3477.02 3490.4 3496.88 3500.63 3503.23 3507.04 3507.4 3506.25 3507.01 3508 3509.45 3498.67 3493.35 3490.71 3490.33 3493.53 3500.13 3506.38 3510.5 3504.55 3510.43 3519.42 3519.88 3515.83 3505.6 3501.03 3497.48 3491.95 3482.3
3452.61 3449.07 3442.76 3439.99 3433.05 3428.11 3422.47 3421.01 3431.16 3460.25 3452.25 3444.96 3446.74 3431.81 3452.43 3500.59 3478 3455.6 3449.74 3471.92 3488.23 3504.92 3516.31 3529.46 3539.51 3542.1 3544.8 3552.4 3555.82 3544.84 3533.72 3522.32 3506.41 3496.25 3493.65 3495.89 3489.69 3467.94 3471.39 3481.77 3489.82 3495.95 3502.23 3509.84 3508.45 3505.75 3505.61 3507.02 3504.49 3500.35 3496.37 3495.46 3499.41 3508.84 3519.01 3520.7 3526.84 3536.75 3530.41 3524.96 3519.95 3514.22 3510.16 3499.68 3486.87 3478.17 3467.54
3435.53 3430.96 3430.26 3426.59 3425.11 3426.13 3431.21 3423.09 3440.42 3465.16 3453.94 3440.46 3435.53 3436.55 3440.41 3432.21 3455.52 3464.7 3476.75 3482.64 3489.06 3496.5 3511.07 3527.87 3540.73 3548.72 3554.49 3552.19 3544.45 3539.83 3532.53 3528.67 3498.19 3487.17 3490.29 3500.02 3509.25 3486.43 3478.64 3481.53 3486.88 3491.44 3496.48 3500.21 3501.34 3500.9 3500.57 3500.02 3501.34 3495.95 3495.02 3496.4 3500.94 3509.75 3518.65 3525.08 3534.84 3542.83 3539.53 3528.63 3518.81 3509.15 3499.62 3483.99 3467 3464.32 3467.85
