real_craters/C194-750m.grd
DSAA
246 246
-91.875 91.875
-91.875 91.875
1330.77203828 5697.1668467697
[rows 152 to 189 of 246, columns 84 to 167 of 246]
3524 3525 3536 3551 3563 3574 3578 3592 3592 3626 3671 3739 3776 3737 3771 3845 3863 3824 3736 3682 3606 3553 3504 3411 3321 3234 3148 3086 3021 2949 2878 2822 2781 2747 2736 2735 2732 2723 2734 2758 2787 2822 2850 2914 3018 3142 3139 2941 2981 3110 3237 3378 3713 3850 3966 3942 3947 3973 4034 4002 3946 3905 3872 3845 3817 3825 3828 3824 3821 3813 3805 3797 3796 3743 3698 3697 3712 3735 3759 3784 3811 3838 3808 3829
3507 3511 3534 3556 3580 3603 3626 3599 3585 3629 3690 3717 3736 3702 3735 3799 3860 3826 3757 3701 3721 3728 3629 3517 3451 3368 3286 3232 3171 3104 3025 2969 2924 2877 2873 2885 2897 2914 2929 2917 2901 2949 2996 3052 3132 3216 3240 3124 3124 3260 3390 3524 3829 4018 4125 4046 4068 4039 3953 3903 3883 3853 3820 3785 3770 3788 3800 3804 3806 3802 3803 3798 3780 3706 3682 3689 3703 3723 3746 3774 3810 3869 3838 3841
3499 3511 3539 3564 3592 3619 3626 3586 3583 3618 3664 3711 3650 3657 3696 3749 3811 3808 3748 3743 3807 3819 3759 3703 3629 3539 3451 3413 3352 3283 3220 3159 3101 3055 3046 3057 3075 3094 3107 3105 3095 3122 3166 3200 3262 3359 3415 3431 3396 3504 3657 3839 4016 4143 4099 4082 4109 4047 3933 3858 3835 3814 3787 3756 3759 3770 3775 3781 3785 3788 3789 3778 3730 3683 3674 3685 3706 3711 3730 3753 3777 3789 3822 3834
3515 3530 3544 3566 3591 3614 3612 3581 3588 3603 3612 3609 3591 3588 3686 3703 3730 3731 3723 3826 3842 3814 3837 3890 3759 3712 3702 3611 3530 3466 3413 3352 3286 3247 3227 3239 3259 3276 3289 3336 3345 3348 3378 3417 3479 3561 3652 3645 3627 3757 3941 4131 4186 4179 4118 4087 4079 4010 3910 3839 3813 3793 3775 3758 3754 3758 3759 3758 3759 3769 3768 3761 3710 3674 3666 3665 3671 3690 3706 3723 3738 3746 3788 3796
3518 3527 3542 3559 3578 3595 3592 3577 3594 3593 3594 3602 3599 3590 3597 3640 3671 3708 3729 3763 3780 3782 3812 3798 3806 3835 3825 3765 3685 3625 3587 3548 3467 3394 3409 3424 3452 3492 3551 3594 3614 3589 3590 3637 3709 3738 3812 3831 3839 3956 4097 4218 4242 4149 4062 4032 4015 3952 3888 3845 3802 3783 3775 3768 3767 3760 3741 3738 3739 3740 3740 3725 3690 3677 3664 3658 3661 3671 3685 3696 3703 3706 3708 3724
3520 3530 3538 3548 3557 3565 3563 3563 3590 3575 3566 3546 3569 3595 3640 3626 3614 3673 3703 3724 3721 3723 3794 3894 3960 3924 3924 3872 3801 3749 3719 3713 3662 3624 3590 3592 3624 3677 3737 3800 3834 3771 3753 3786 3848 3849 3894 4027 4086 4087 4161 4211 4196 4092 3961 3936 3910 3878 3840 3803 3784 3770 3769 3784 3747 3715 3712 3712 3717 3721 3721 3713 3692 3672 3660 3654 3654 3660 3666 3673 3675 3669 3674 3698
3523 3525 3531 3538 3539 3531 3529 3530 3538 3547 3545 3544 3578 3557 3610 3590 3615 3675 3719 3701 3697 3696 3788 3921 3931 3931 3938 3915 3865 3821 3788 3755 3768 3763 3731 3731 3766 3826 3899 3934 3904 3869 3841 3842 3861 3906 4003 4117 4069 4084 4134 4148 4117 4015 3874 3848 3828 3808 3789 3787 3755 3741 3734 3722 3701 3679 3679 3685 3692 3700 3705 3713 3675 3652 3648 3652 3650 3650 3652 3656 3662 3665 3666 3671
3526 3520 3528 3534 3533 3524 3518 3514 3513 3526 3536 3554 3544 3533 3530 3562 3614 3681 3707 3663 3635 3689 3756 3808 3833 3876 3912 3907 3874 3847 3837 3858 3856 3830 3815 3822 3862 3927 4015 4040 3984 3922 3882 3864 3875 3965 4021 4024 3941 3986 4085 4089 4039 3972 3843 3782 3760 3748 3732 3716 3706 3704 3700 3679 3671 3652 3661 3668 3671 3677 3684 3681 3638 3638 3637 3633 3637 3641 3644 3645 3639 3651 3666 3683
3516 3525 3532 3538 3541 3536 3521 3510 3509 3515 3524 3528 3526 3516 3518 3561 3590 3615 3642 3625 3606 3653 3710 3756 3772 3844 3883 3898 3870 3840 3826 3827 3830 3846 3852 3870 3906 3957 4022 4032 3986 3933 3892 3874 3898 3999 4055 3895 3811 3891 3997 3981 3934 3901 3766 3718 3706 3699 3684 3662 3657 3669 3688 3705 3670 3654 3657 3655 3651 3649 3644 3640 3629 3631 3632 3643 3634 3637 3640 3640 3635 3639 3678 3724
3484 3512 3534 3542 3541 3533 3517 3503 3502 3506 3513 3520 3514 3510 3536 3567 3578 3576 3604 3611 3625 3640 3678 3761 3843 3839 3863 3886 3836 3804 3784 3763 3805 3835 3855 3874 3900 3931 3955 3965 3972 3919 3874 3852 3857 3874 3868 3827 3837 3823 3810 3824 3795 3729 3668 3658 3666 3665 3655 3635 3627 3637 3634 3637 3654 3670 3657 3641 3631 3622 3613 3610 3621 3626 3625 3620 3630 3635 3638 3638 3632 3633 3675 3722
3471 3521 3546 3540 3539 3535 3514 3502 3491 3494 3501 3506 3501 3510 3549 3580 3569 3593 3590 3596 3616 3638 3683 3754 3789 3797 3786 3761 3764 3759 3751 3752 3782 3812 3830 3844 3866 3891 3918 3974 3929 3879 3832 3800 3769 3789 3810 3758 3742 3720 3705 3709 3696 3655 3631 3659 3660 3657 3649 3643 3636 3623 3604 3603 3622 3636 3630 3618 3606 3594 3584 3582 3609 3620 3622 3620 3628 3635 3640 3644 3646 3624 3652 3685
3469 3506 3526 3525 3515 3510 3509 3498 3490 3489 3492 3497 3499 3517 3548 3570 3560 3567 3567 3574 3588 3638 3710 3745 3758 3732 3716 3688 3709 3724 3730 3743 3771 3786 3794 3809 3822 3835 3850 3852 3840 3818 3789 3760 3741 3777 3793 3753 3709 3668 3647 3652 3648 3637 3649 3650 3652 3649 3651 3652 3649 3619 3594 3586 3592 3597 3599 3596 3589 3580 3569 3589 3602 3607 3614 3622 3627 3632 3638 3642 3636 3620 3637 3663
3459 3492 3513 3513 3503 3497 3500 3494 3485 3481 3482 3483 3483 3519 3534 3541 3563 3562 3547 3560 3578 3630 3712 3725 3710 3706 3693 3686 3693 3704 3711 3722 3755 3758 3761 3766 3770 3774 3770 3768 3765 3758 3746 3732 3724 3731 3747 3726 3692 3659 3627 3632 3642 3664 3700 3645 3639 3639 3642 3647 3640 3612 3584 3570 3569 3573 3574 3575 3574 3572 3572 3570 3571 3586 3603 3613 3618 3627 3635 3638 3629 3620 3627 3657
3464 3475 3488 3507 3517 3506 3489 3488 3485 3481 3475 3469 3473 3492 3506 3530 3578 3568 3545 3554 3584 3640 3708 3708 3712 3685 3689 3688 3697 3700 3696 3694 3694 3702 3708 3712 3704 3701 3697 3703 3712 3710 3704 3699 3706 3731 3701 3677 3659 3625 3598 3622 3652 3655 3637 3635 3622 3622 3625 3630 3631 3595 3562 3550 3549 3547 3547 3557 3562 3565 3561 3550 3554 3563 3573 3589 3603 3614 3628 3646 3656 3614 3620 3655
3448 3455 3478 3509 3537 3520 3496 3490 3484 3478 3468 3466 3484 3479 3486 3537 3563 3533 3523 3547 3584 3624 3626 3647 3666 3668 3690 3722 3727 3700 3681 3666 3645 3645 3650 3652 3649 3649 3644 3647 3671 3670 3668 3666 3668 3655 3650 3650 3635 3609 3589 3610 3634 3613 3601 3581 3594 3598 3600 3599 3591 3563 3529 3533 3535 3536 3538 3546 3553 3559 3554 3542 3542 3549 3556 3570 3587 3603 3620 3641 3664 3617 3618 3649
3444 3437 3475 3509 3515 3527 3511 3499 3483 3466 3464 3461 3479 3472 3498 3527 3525 3510 3512 3534 3559 3587 3598 3608 3604 3654 3667 3688 3686 3680 3670 3633 3623 3629 3619 3613 3610 3610 3615 3620 3629 3635 3637 3635 3629 3620 3616 3611 3598 3572 3569 3586 3590 3564 3553 3573 3574 3576 3576 3570 3561 3543 3531 3529 3529 3530 3537 3536 3544 3551 3548 3545 3541 3545 3551 3562 3574 3588 3600 3615 3616 3612 3628 3645
3451 3441 3498 3521 3523 3543 3534 3512 3488 3472 3466 3470 3482 3481 3506 3515 3509 3511 3523 3528 3533 3526 3556 3576 3594 3606 3623 3625 3632 3658 3680 3693 3654 3612 3590 3583 3578 3576 3573 3573 3591 3601 3605 3606 3600 3601 3599 3570 3543 3526 3527 3558 3570 3531 3539 3550 3551 3552 3552 3547 3536 3533 3538 3537 3531 3524 3511 3522 3533 3543 3549 3540 3541 3546 3556 3558 3565 3572 3579 3582 3613 3628 3641 3646
3465 3472 3497 3520 3547 3563 3551 3518 3491 3471 3473 3485 3499 3497 3498 3504 3517 3514 3521 3530 3533 3538 3547 3568 3591 3596 3586 3594 3597 3634 3669 3692 3625 3563 3560 3558 3555 3550 3544 3541 3559 3576 3580 3578 3580 3577 3560 3544 3519 3479 3482 3525 3531 3504 3520 3518 3528 3536 3537 3538 3538 3556 3568 3552 3537 3525 3516 3516 3524 3529 3534 3551 3545 3540 3539 3549 3558 3569 3575 3579 3614 3645 3651 3650
3467 3464 3483 3502 3499 3522 3531 3516 3495 3478 3483 3493 3502 3497 3506 3506 3502 3520 3540 3553 3549 3544 3560 3585 3574 3554 3571 3586 3588 3607 3623 3623 3586 3547 3544 3541 3536 3529 3524 3532 3550 3568 3560 3547 3536 3526 3517 3523 3517 3468 3469 3501 3499 3488 3490 3499 3515 3523 3527 3533 3549 3580 3579 3555 3540 3530 3518 3520 3521 3522 3524 3548 3543 3531 3527 3539 3553 3566 3578 3580 3604 3636 3644 3652
3464 3456 3455 3494 3515 3527 3521 3510 3496 3484 3491 3510 3497 3480 3511 3512 3500 3535 3590 3591 3566 3551 3558 3570 3568 3577 3613 3603 3593 3584 3579 3570 3561 3554 3537 3530 3521 3512 3514 3546 3617 3566 3539 3515 3488 3475 3474 3502 3524 3484 3470 3486 3495 3477 3479 3488 3513 3517 3517 3518 3521 3528 3539 3539 3535 3534 3540 3539 3524 3518 3524 3541 3539 3523 3519 3532 3549 3567 3586 3583 3590 3606 3624 3644
3452 3455 3466 3499 3519 3530 3518 3509 3501 3497 3497 3496 3506 3512 3526 3535 3532 3552 3558 3559 3569 3570 3561 3529 3561 3620 3652 3615 3581 3559 3548 3540 3539 3531 3526 3522 3519 3510 3512 3522 3511 3525 3514 3495 3475 3462 3463 3488 3508 3489 3455 3460 3460 3462 3463 3484 3510 3512 3509 3504 3496 3488 3502 3514 3521 3527 3535 3536 3525 3523 3536 3547 3533 3519 3516 3528 3543 3561 3575 3571 3576 3584 3603 3623
3457 3451 3461 3549 3534 3505 3508 3504 3500 3502 3499 3489 3498 3514 3539 3551 3574 3582 3581 3580 3572 3553 3524 3505 3542 3599 3645 3610 3558 3538 3538 3535 3531 3520 3517 3514 3510 3503 3499 3499 3499 3501 3495 3482 3471 3467 3469 3486 3497 3475 3448 3450 3450 3450 3454 3473 3501 3503 3501 3495 3484 3476 3485 3498 3508 3515 3516 3510 3517 3517 3522 3532 3523 3514 3514 3522 3535 3548 3559 3562 3568 3577 3589 3602
3483 3485 3480 3500 3515 3515 3505 3499 3491 3486 3481 3474 3483 3526 3529 3540 3578 3597 3606 3614 3570 3538 3513 3510 3535 3563 3620 3600 3549 3533 3548 3547 3536 3528 3518 3509 3503 3497 3493 3492 3501 3495 3486 3479 3468 3481 3490 3499 3501 3473 3449 3425 3435 3444 3450 3459 3482 3490 3491 3488 3484 3476 3478 3488 3496 3502 3510 3525 3516 3516 3522 3518 3509 3499 3503 3514 3527 3539 3546 3555 3562 3572 3582 3590
3504 3504 3509 3505 3482 3517 3509 3495 3479 3462 3454 3452 3465 3474 3488 3521 3569 3584 3576 3557 3551 3541 3533 3541 3557 3586 3629 3586 3540 3531 3560 3555 3537 3523 3512 3505 3499 3494 3488 3483 3474 3474 3483 3491 3497 3503 3510 3515 3514 3487 3456 3431 3429 3443 3450 3460 3472 3480 3483 3484 3485 3489 3480 3481 3485 3490 3496 3497 3507 3503 3501 3505 3500 3496 3499 3509 3522 3536 3555 3578 3562 3570 3577 3582
3509 3500 3491 3485 3470 3516 3509 3487 3464 3436 3404 3416 3431 3447 3475 3540 3555 3555 3537 3525 3535 3552 3567 3565 3560 3581 3581 3546 3515 3508 3538 3540 3526 3513 3504 3501 3498 3491 3486 3479 3471 3472 3487 3504 3514 3519 3530 3521 3506 3518 3465 3418 3436 3449 3453 3447 3461 3473 3477 3478 3473 3475 3480 3474 3475 3478 3480 3483 3503 3509 3521 3505 3494 3489 3497 3509 3523 3534 3545 3558 3569 3568 3571 3576
3504 3495 3482 3478 3463 3503 3491 3475 3450 3423 3405 3398 3416 3447 3520 3534 3523 3499 3500 3501 3524 3556 3600 3568 3549 3551 3526 3509 3495 3484 3514 3511 3510 3505 3500 3504 3502 3498 3491 3485 3478 3478 3495 3508 3518 3520 3518 3507 3490 3506 3460 3431 3454 3461 3459 3451 3462 3471 3476 3476 3469 3459 3459 3463 3466 3470 3472 3474 3484 3509 3524 3505 3493 3486 3497 3511 3525 3536 3539 3550 3545 3554 3561 3567
3502 3499 3495 3493 3500 3467 3460 3451 3441 3424 3409 3432 3439 3445 3451 3523 3488 3454 3476 3502 3522 3540 3538 3549 3556 3537 3511 3501 3493 3487 3453 3483 3496 3502 3514 3507 3507 3512 3499 3493 3495 3505 3513 3515 3518 3521 3513 3501 3495 3478 3458 3461 3470 3478 3471 3463 3464 3471 3475 3479 3485 3474 3455 3454 3459 3464 3469 3471 3472 3490 3484 3490 3493 3496 3501 3512 3526 3543 3556 3560 3551 3551 3556 3563
3504 3506 3513 3513 3503 3442 3429 3428 3425 3429 3424 3462 3452 3438 3434 3432 3459 3467 3482 3495 3515 3537 3550 3553 3544 3535 3530 3490 3493 3509 3482 3480 3488 3496 3502 3502 3501 3501 3496 3496 3503 3518 3527 3542 3536 3521 3508 3491 3468 3467 3450 3454 3467 3481 3474 3463 3463 3474 3475 3477 3477 3466 3450 3449 3456 3464 3473 3484 3485 3480 3483 3486 3489 3492 3499 3509 3522 3536 3545 3553 3545 3547 3551 3558
3504 3508 3510 3509 3498 3439 3424 3416 3416 3424 3429 3426 3436 3409 3413 3439 3439 3465 3483 3502 3521 3543 3555 3555 3548 3522 3492 3467 3481 3489 3483 3485 3488 3490 3487 3490 3490 3486 3487 3490 3494 3500 3520 3544 3535 3517 3494 3465 3449 3444 3442 3439 3451 3457 3471 3473 3474 3473 3471 3470 3466 3456 3443 3443 3449 3459 3470 3482 3485 3483 3491 3491 3485 3486 3494 3503 3511 3523 3541 3550 3548 3547 3552 3558
3504 3507 3506 3507 3494 3444 3419 3422 3418 3402 3387 3427 3441 3420 3402 3406 3415 3456 3500 3529 3549 3548 3561 3564 3511 3503 3492 3468 3471 3485 3493 3492 3490 3487 3485 3483 3482 3480 3482 3484 3485 3483 3505 3524 3527 3512 3489 3463 3453 3459 3460 3445 3448 3462 3474 3489 3494 3468 3467 3465 3455 3449 3440 3437 3444 3454 3465 3473 3480 3502 3510 3496 3489 3486 3489 3496 3504 3513 3531 3546 3546 3549 3551 3557
3501 3505 3510 3506 3496 3443 3412 3431 3435 3433 3445 3461 3443 3419 3377 3380 3428 3498 3526 3527 3521 3530 3532 3512 3499 3496 3511 3471 3465 3476 3500 3496 3490 3484 3480 3479 3478 3473 3476 3481 3485 3493 3512 3530 3525 3514 3498 3478 3468 3471 3478 3454 3447 3459 3476 3494 3504 3475 3467 3463 3457 3445 3432 3433 3441 3451 3460 3468 3481 3507 3501 3493 3479 3482 3487 3495 3502 3511 3558 3571 3544 3543 3547 3552
3497 3498 3500 3500 3497 3465 3432 3455 3459 3456 3474 3452 3396 3375 3364 3400 3465 3507 3522 3513 3495 3506 3505 3496 3478 3477 3485 3467 3466 3475 3502 3494 3486 3480 3476 3474 3475 3472 3474 3483 3491 3501 3512 3520 3520 3517 3512 3502 3490 3487 3494 3460 3453 3461 3476 3488 3488 3475 3470 3459 3448 3437 3429 3429 3439 3448 3456 3465 3474 3501 3502 3490 3481 3481 3489 3499 3508 3512 3513 3520 3533 3536 3541 3546
3493 3492 3489 3493 3498 3492 3482 3474 3476 3483 3451 3374 3354 3382 3416 3519 3502 3515 3526 3510 3499 3497 3491 3473 3442 3437 3475 3476 3473 3483 3494 3485 3480 3474 3467 3463 3461 3463 3474 3485 3495 3506 3507 3506 3516 3522 3525 3532 3509 3499 3496 3474 3468 3472 3482 3488 3484 3501 3481 3453 3436 3432 3432 3436 3441 3448 3456 3464 3468 3479 3489 3485 3481 3484 3492 3503 3515 3526 3508 3520 3527 3532 3538 3542
3490 3489 3486 3483 3510 3503 3463 3443 3471 3493 3423 3369 3369 3440 3538 3494 3506 3506 3493 3501 3504 3496 3487 3480 3446 3438 3483 3491 3482 3501 3462 3470 3473 3470 3463 3457 3453 3461 3476 3488 3500 3509 3513 3510 3519 3527 3530 3524 3510 3507 3496 3486 3485 3489 3495 3500 3506 3510 3481 3446 3428 3429 3434 3439 3440 3446 3454 3463 3462 3476 3477 3477 3480 3481 3489 3499 3511 3517 3504 3515 3524 3529 3533 3537
3487 3485 3482 3479 3486 3474 3442 3427 3450 3444 3408 3381 3395 3429 3435 3444 3499 3498 3476 3486 3487 3481 3481 3482 3478 3483 3486 3481 3470 3475 3459 3471 3473 3471 3468 3467 3467 3473 3484 3494 3504 3512 3511 3514 3523 3531 3536 3530 3513 3518 3518 3515 3517 3507 3507 3512 3516 3499 3468 3447 3434 3430 3430 3432 3434 3441 3451 3461 3463 3465 3465 3463 3464 3472 3481 3490 3496 3486 3497 3515 3523 3526 3530 3534
3485 3483 3479 3473 3460 3445 3446 3445 3450 3439 3422 3411 3408 3428 3434 3441 3480 3495 3496 3479 3459 3459 3475 3486 3488 3484 3470 3453 3454 3477 3497 3486 3479 3475 3472 3470 3482 3487 3493 3501 3508 3515 3521 3522 3529 3539 3546 3545 3536 3529 3529 3522 3509 3512 3516 3519 3519 3493 3462 3458 3447 3436 3426 3415 3426 3435 3442 3449 3451 3452 3454 3450 3450 3462 3472 3480 3483 3486 3499 3515 3517 3520 3524 3528
3484 3480 3473 3467 3465 3465 3445 3434 3456 3475 3441 3411 3415 3435 3454 3476 3481 3485 3483 3475 3466 3465 3470 3475 3471 3453 3456 3447 3469 3490 3487 3486 3482 3480 3480 3481 3491 3494 3499 3506 3513 3519 3526 3530 3537 3547 3550 3545 3535 3531 3530 3526 3521 3523 3523 3522 3517 3502 3479 3465 3455 3444 3434 3430 3427 3429 3432 3436 3437 3462 3449 3448 3452 3462 3469 3476 3480 3485 3497 3508 3509 3513 3517 3522
3484 3475 3467 3460 3460 3454 3440 3431 3457 3479 3459 3443 3435 3449 3469 3484 3478 3477 3473 3471 3471 3471 3464 3460 3458 3467 3461 3464 3482 3490 3484 3482 3484 3487 3491 3494 3494 3500 3505 3509 3516 3522 3526 3532 3544 3557 3566 3558 3544 3534 3525 3524 3539 3535 3530 3524 3512 3497 3498 3477 3462 3453 3443 3433 3429 3427 3424 3415 3429 3423 3440 3451 3458 3464 3470 3477 3486 3497 3485 3490 3502 3507 3511 3514
