real_craters/C194-750m.grd
DSAA
246 246
-91.875 91.875
-91.875 91.875
1330.77203828 5697.1668467697
[rows 0 to 37 of 246, columns 0 to 83 of 246]
2414 2642 2863 3058 3188 3169 3006 2778 2519 2282 2051 1799 1690 1653 1639 1620 1601 1585 1569 1552 1535 1525 1530 1541 1547 1544 1538 1535 1542 1539 1535 1532 1533 1541 1559 1551 1560 1565 1566 1566 1564 1563 1562 1564 1566 1558 1558 1559 1559 1574 1587 1600 1603 1596 1583 1578 1588 1601 1620 1638 1655 1666 1659 1637 1643 1642 1633 1649 1666 1686 1707 1727 1742 1749 1745 1735 1736 1766 1754 1720 1652 1534 1521 1602
2551 2769 2975 3158 3267 3131 2937 2727 2438 2199 1975 1792 1693 1651 1643 1625 1605 1587 1570 1555 1544 1530 1532 1541 1549 1543 1539 1537 1540 1535 1533 1532 1537 1546 1546 1541 1554 1567 1572 1564 1559 1557 1559 1561 1558 1538 1546 1554 1565 1576 1589 1605 1619 1612 1603 1597 1603 1622 1646 1657 1669 1681 1668 1627 1661 1676 1664 1654 1661 1673 1689 1704 1718 1728 1737 1756 1784 1803 1767 1706 1664 1605 1569 1545
2748 2917 3066 3183 3206 3010 2771 2589 2341 2111 1920 1762 1685 1660 1642 1622 1603 1586 1569 1556 1545 1542 1541 1542 1542 1539 1538 1537 1535 1536 1535 1535 1539 1542 1538 1540 1549 1556 1558 1554 1549 1546 1545 1544 1544 1536 1544 1555 1569 1576 1587 1599 1607 1625 1639 1629 1626 1639 1657 1669 1679 1684 1677 1689 1704 1699 1662 1659 1664 1668 1673 1678 1691 1704 1718 1754 1799 1837 1798 1739 1722 1739 1693 1643
3000 3085 3124 3133 3058 2846 2601 2417 2218 2014 1859 1742 1676 1645 1629 1614 1598 1577 1564 1553 1546 1544 1542 1541 1539 1535 1534 1529 1546 1543 1544 1535 1535 1535 1537 1540 1542 1539 1540 1541 1539 1534 1529 1529 1534 1538 1547 1554 1562 1572 1584 1594 1600 1631 1660 1664 1655 1658 1668 1680 1688 1690 1692 1707 1705 1696 1671 1668 1665 1660 1657 1651 1647 1646 1686 1725 1772 1851 1832 1793 1774 1763 1768 1769
3221 3218 3131 3033 2896 2685 2465 2266 2106 1946 1855 1791 1695 1648 1615 1592 1577 1568 1558 1549 1543 1541 1540 1540 1539 1538 1541 1486 1447 1563 1563 1553 1545 1541 1538 1539 1534 1530 1530 1531 1530 1527 1522 1529 1543 1555 1554 1555 1557 1570 1585 1601 1621 1633 1650 1675 1676 1676 1687 1689 1702 1718 1717 1671 1684 1693 1692 1683 1665 1658 1652 1644 1634 1637 1672 1716 1767 1827 1848 1846 1826 1818 1809 1780
3296 3243 3077 2892 2720 2541 2342 2174 2025 1903 1836 1774 1682 1644 1599 1573 1566 1559 1553 1547 1542 1541 1540 1540 1541 1545 1540 1528 1550 1561 1570 1570 1547 1537 1529 1525 1523 1519 1523 1526 1527 1527 1526 1532 1546 1551 1554 1556 1562 1573 1589 1607 1629 1640 1655 1679 1695 1685 1671 1689 1713 1736 1736 1683 1679 1711 1692 1672 1662 1657 1651 1646 1643 1647 1680 1722 1770 1825 1867 1882 1862 1832 1816 1784
3234 3163 2986 2771 2598 2431 2259 2107 1965 1850 1809 1741 1669 1646 1572 1568 1564 1556 1551 1547 1543 1540 1541 1540 1542 1542 1541 1535 1540 1550 1561 1560 1550 1540 1523 1515 1520 1518 1524 1527 1529 1530 1532 1535 1540 1539 1550 1558 1566 1579 1594 1609 1625 1648 1669 1682 1694 1687 1676 1695 1722 1744 1768 1692 1660 1625 1623 1638 1651 1656 1657 1658 1662 1676 1701 1735 1772 1839 1884 1897 1885 1854 1838 1812
3091 3033 2892 2698 2531 2366 2202 2042 1918 1830 1799 1714 1652 1621 1606 1584 1570 1559 1549 1542 1540 1540 1541 1543 1545 1547 1543 1534 1538 1551 1557 1556 1545 1541 1531 1525 1527 1532 1528 1529 1531 1534 1538 1533 1539 1545 1553 1559 1572 1585 1592 1613 1640 1665 1671 1677 1687 1693 1703 1724 1734 1748 1740 1705 1656 1622 1624 1639 1651 1660 1665 1672 1682 1700 1724 1755 1798 1852 1905 1921 1932 1925 1881 1846
2950 2940 2826 2662 2505 2336 2162 2001 1888 1826 1780 1691 1624 1616 1612 1598 1582 1567 1552 1537 1539 1542 1548 1547 1548 1548 1544 1544 1546 1551 1548 1545 1540 1540 1541 1535 1529 1528 1530 1532 1534 1536 1537 1542 1551 1564 1560 1556 1552 1551 1578 1606 1640 1669 1660 1646 1652 1693 1740 1751 1730 1709 1721 1701 1662 1641 1640 1651 1659 1669 1680 1691 1704 1719 1745 1777 1815 1884 1928 1943 1952 1958 1937 1887
2808 2856 2784 2647 2501 2327 2159 1984 1862 1805 1756 1670 1612 1603 1607 1607 1592 1574 1558 1548 1543 1546 1550 1549 1548 1546 1545 1548 1548 1549 1543 1543 1542 1538 1535 1536 1531 1530 1532 1535 1538 1540 1546 1557 1575 1579 1568 1558 1548 1545 1571 1591 1608 1624 1642 1639 1649 1695 1727 1730 1712 1686 1688 1698 1666 1652 1654 1660 1674 1687 1699 1711 1725 1749 1775 1797 1834 1876 1926 1962 1986 1968 1957 1895
2658 2725 2777 2700 2500 2294 2123 1939 1819 1773 1733 1665 1606 1591 1594 1607 1591 1574 1560 1550 1548 1549 1548 1550 1548 1542 1545 1557 1549 1548 1550 1545 1546 1538 1526 1521 1524 1531 1535 1540 1545 1552 1560 1570 1562 1565 1564 1564 1568 1581 1581 1588 1596 1619 1654 1664 1677 1710 1734 1731 1686 1649 1647 1666 1666 1667 1670 1680 1696 1712 1722 1732 1743 1762 1781 1804 1827 1860 1912 1958 1987 1975 1956 1894
2530 2617 2744 2700 2448 2200 1998 1839 1722 1674 1680 1663 1621 1604 1603 1595 1585 1572 1560 1552 1550 1551 1558 1557 1548 1533 1533 1542 1546 1547 1550 1551 1552 1544 1538 1532 1527 1531 1538 1544 1551 1562 1582 1571 1549 1553 1559 1567 1576 1585 1595 1602 1613 1684 1698 1690 1701 1734 1761 1759 1681 1640 1639 1651 1664 1674 1687 1702 1726 1741 1753 1760 1763 1764 1771 1817 1856 1912 1937 1965 2001 1983 1932 1882
2426 2537 2620 2545 2316 2048 1794 1648 1611 1602 1633 1638 1613 1599 1601 1587 1579 1569 1558 1551 1549 1549 1548 1548 1551 1529 1532 1534 1545 1544 1541 1552 1555 1548 1549 1549 1542 1545 1547 1550 1554 1557 1560 1554 1553 1558 1564 1573 1581 1598 1610 1628 1660 1736 1740 1711 1739 1757 1779 1777 1692 1646 1642 1653 1668 1682 1712 1740 1768 1781 1785 1789 1792 1794 1805 1847 1883 1917 1944 1974 2009 1981 1936 1911
2315 2413 2479 2388 2166 1902 1661 1580 1588 1604 1624 1633 1604 1585 1597 1587 1578 1568 1557 1551 1549 1547 1544 1544 1546 1530 1535 1535 1551 1546 1544 1548 1554 1554 1563 1583 1575 1562 1560 1561 1559 1552 1545 1543 1548 1566 1571 1577 1582 1589 1617 1662 1714 1771 1768 1746 1748 1763 1779 1776 1695 1651 1655 1666 1678 1703 1749 1798 1821 1822 1820 1818 1821 1834 1865 1880 1902 1917 1939 1975 1995 1967 1931 1934
2201 2294 2378 2246 2028 1787 1591 1553 1559 1598 1625 1641 1598 1576 1597 1594 1582 1570 1560 1553 1549 1545 1541 1537 1525 1529 1528 1535 1548 1550 1551 1557 1560 1564 1578 1600 1583 1575 1578 1579 1574 1559 1557 1557 1566 1586 1587 1589 1593 1601 1633 1693 1759 1788 1786 1776 1758 1771 1773 1752 1709 1680 1677 1686 1697 1728 1782 1839 1863 1857 1851 1846 1844 1851 1870 1887 1914 1948 1945 1975 1985 1962 1923 1921
2082 2154 2204 2093 1909 1711 1569 1549 1562 1598 1619 1617 1581 1570 1596 1597 1585 1573 1567 1557 1551 1546 1540 1527 1525 1548 1541 1541 1550 1564 1563 1562 1564 1566 1575 1585 1584 1593 1601 1606 1606 1600 1602 1600 1609 1600 1595 1602 1613 1632 1668 1716 1770 1796 1788 1780 1800 1799 1779 1750 1727 1710 1708 1714 1721 1755 1807 1856 1882 1882 1871 1861 1853 1850 1848 1872 1905 1924 1937 1970 1982 1962 1923 1917
1959 2006 2020 1940 1805 1664 1575 1571 1592 1614 1620 1614 1581 1567 1593 1594 1584 1572 1562 1557 1553 1549 1546 1549 1546 1555 1546 1547 1560 1575 1571 1565 1569 1574 1574 1574 1607 1619 1626 1635 1645 1655 1658 1648 1605 1590 1601 1617 1638 1668 1707 1731 1768 1809 1804 1788 1818 1821 1790 1757 1747 1750 1753 1748 1753 1785 1829 1874 1900 1896 1885 1871 1860 1849 1846 1865 1896 1923 1938 1952 1967 1958 1939 1935
1846 1864 1876 1817 1721 1623 1577 1584 1615 1628 1621 1610 1585 1563 1587 1593 1585 1574 1564 1560 1556 1553 1550 1550 1554 1559 1549 1561 1574 1580 1574 1570 1575 1585 1578 1571 1603 1633 1649 1666 1681 1688 1676 1666 1624 1597 1612 1635 1661 1690 1718 1751 1775 1817 1808 1796 1817 1822 1805 1782 1786 1819 1802 1779 1783 1810 1847 1884 1907 1903 1890 1875 1854 1845 1840 1855 1893 1932 1951 1961 1958 1965 1958 1964
1756 1757 1763 1721 1655 1588 1572 1592 1628 1624 1615 1604 1588 1581 1575 1593 1587 1579 1572 1567 1563 1560 1556 1550 1566 1579 1580 1582 1583 1586 1579 1576 1576 1583 1585 1593 1610 1638 1664 1687 1707 1707 1661 1633 1624 1617 1629 1656 1687 1717 1748 1789 1832 1836 1827 1821 1826 1825 1826 1822 1809 1845 1833 1800 1805 1834 1861 1891 1921 1904 1892 1880 1868 1852 1841 1853 1894 1937 1971 1969 1970 1973 1980 1982
1690 1675 1665 1655 1614 1573 1568 1585 1599 1607 1604 1595 1578 1542 1548 1559 1584 1585 1581 1574 1569 1565 1565 1567 1590 1601 1604 1591 1593 1591 1585 1583 1575 1573 1591 1606 1630 1653 1669 1688 1708 1703 1645 1637 1623 1616 1643 1681 1720 1757 1786 1832 1866 1858 1846 1845 1854 1861 1852 1843 1852 1888 1869 1851 1858 1862 1872 1881 1889 1888 1889 1889 1877 1870 1863 1870 1904 1936 1973 1997 1992 1992 2013 2009
1655 1638 1653 1631 1596 1567 1575 1589 1604 1600 1595 1592 1586 1577 1570 1571 1575 1584 1585 1580 1575 1570 1570 1579 1595 1613 1621 1613 1613 1604 1589 1584 1584 1590 1602 1617 1638 1653 1657 1675 1695 1701 1645 1648 1635 1629 1667 1713 1763 1811 1854 1889 1895 1873 1865 1867 1879 1895 1872 1862 1883 1922 1900 1877 1889 1888 1885 1875 1859 1877 1894 1902 1901 1901 1901 1910 1929 1948 1965 2021 2005 2023 2028 2026
1643 1635 1642 1621 1587 1570 1585 1605 1586 1581 1588 1594 1600 1598 1563 1573 1575 1585 1586 1583 1578 1575 1571 1571 1585 1616 1633 1632 1639 1634 1610 1591 1582 1593 1610 1623 1616 1614 1622 1646 1673 1683 1644 1657 1656 1666 1699 1749 1807 1868 1937 1963 1931 1880 1857 1898 1898 1881 1888 1896 1915 1936 1923 1908 1918 1916 1910 1896 1883 1897 1919 1926 1935 1940 1945 1952 1966 1979 1985 1977 2000 2034 2045 2055
1642 1649 1626 1611 1588 1572 1589 1603 1583 1573 1583 1595 1606 1605 1575 1561 1579 1587 1588 1586 1585 1576 1569 1564 1594 1641 1665 1660 1646 1635 1621 1607 1605 1603 1614 1613 1580 1540 1591 1622 1646 1679 1671 1678 1685 1691 1731 1784 1843 1904 1965 1985 1951 1914 1946 1962 1936 1909 1935 1960 1949 1966 1962 1952 1956 1952 1947 1941 1938 1947 1962 1968 1976 1984 1994 2005 2010 2010 2010 1991 2009 2029 2056 2075
1635 1634 1634 1623 1602 1596 1594 1582 1576 1568 1578 1593 1607 1602 1574 1577 1589 1585 1589 1591 1590 1586 1577 1569 1596 1684 1695 1698 1665 1642 1640 1631 1622 1616 1615 1613 1597 1609 1606 1623 1653 1714 1736 1730 1729 1738 1772 1822 1872 1922 1959 1975 1968 1953 1985 2001 1982 1976 2007 2038 2034 2026 2015 2013 1996 1990 1989 1993 2008 2015 2014 2013 2018 2026 2037 2055 2044 2031 2022 2011 2017 2030 2060 2076
1627 1624 1628 1624 1615 1615 1627 1623 1583 1565 1575 1585 1589 1578 1556 1572 1589 1588 1597 1603 1608 1611 1611 1635 1652 1702 1712 1723 1695 1665 1657 1650 1642 1628 1614 1613 1622 1622 1629 1642 1672 1736 1780 1780 1785 1795 1828 1866 1903 1939 1967 1983 1999 2001 2007 2016 2022 2035 2068 2093 2088 2067 2048 2026 2029 2027 2030 2038 2053 2060 2058 2060 2062 2066 2067 2058 2050 2042 2028 2020 2029 2047 2088 2100
1626 1621 1628 1637 1650 1651 1650 1642 1610 1585 1583 1582 1576 1568 1561 1582 1601 1603 1617 1629 1639 1648 1659 1701 1726 1747 1746 1771 1720 1685 1673 1668 1665 1657 1646 1658 1673 1669 1673 1676 1698 1728 1766 1803 1823 1854 1882 1906 1938 1971 2002 2045 2048 2053 2046 2045 2063 2071 2091 2112 2091 2079 2094 2080 2064 2064 2070 2078 2083 2082 2097 2103 2105 2106 2101 2084 2072 2061 2045 2027 2037 2085 2127 2135
1639 1637 1647 1663 1681 1679 1665 1654 1635 1622 1604 1593 1575 1569 1565 1583 1611 1632 1646 1656 1667 1685 1708 1747 1781 1819 1800 1800 1738 1701 1693 1689 1695 1714 1731 1754 1772 1772 1758 1734 1729 1756 1776 1825 1853 1873 1898 1944 1987 2021 2042 2074 2097 2099 2108 2110 2132 2128 2118 2112 2098 2110 2109 2087 2093 2100 2110 2121 2132 2142 2146 2146 2146 2148 2147 2146 2132 2090 2065 2069 2079 2141 2189 2176
1656 1656 1668 1680 1696 1704 1694 1669 1650 1627 1629 1625 1608 1597 1578 1586 1654 1670 1673 1685 1703 1721 1746 1779 1824 1854 1837 1811 1765 1726 1727 1730 1744 1810 1851 1888 1906 1904 1880 1828 1797 1828 1845 1866 1888 1912 1944 1996 2046 2088 2101 2116 2167 2213 2227 2241 2238 2214 2184 2155 2136 2132 2126 2117 2128 2138 2147 2158 2176 2200 2183 2178 2179 2181 2183 2184 2165 2116 2088 2119 2124 2214 2242 2215
1678 1682 1692 1707 1735 1732 1724 1688 1687 1689 1697 1675 1652 1636 1608 1590 1641 1685 1706 1722 1739 1754 1771 1822 1855 1874 1867 1829 1797 1785 1810 1840 1873 1953 2020 2043 2059 2069 2050 1995 1964 1888 1876 1914 1934 1965 2003 2053 2109 2163 2223 2221 2233 2289 2340 2397 2346 2296 2252 2204 2184 2174 2172 2169 2175 2182 2188 2193 2196 2188 2198 2203 2207 2211 2214 2213 2198 2153 2117 2178 2207 2243 2274 2243
1709 1713 1720 1728 1749 1750 1731 1712 1735 1780 1762 1711 1682 1669 1664 1620 1609 1685 1718 1746 1768 1789 1810 1857 1886 1901 1886 1863 1863 1871 1909 1971 2030 2102 2166 2184 2200 2221 2214 2110 2083 1937 1929 1966 1991 2027 2054 2117 2159 2200 2256 2235 2240 2306 2363 2420 2374 2334 2305 2264 2254 2244 2242 2233 2232 2231 2229 2226 2224 2229 2222 2227 2234 2240 2244 2246 2238 2229 2203 2169 2212 2247 2262 2247
1749 1752 1758 1764 1767 1766 1743 1729 1742 1770 1737 1703 1684 1674 1676 1662 1659 1690 1728 1764 1800 1832 1864 1882 1908 1918 1909 1902 1936 1969 2001 2040 2136 2218 2268 2288 2300 2320 2321 2282 2178 2064 2020 2022 2046 2100 2187 2179 2173 2183 2172 2150 2178 2266 2286 2295 2311 2320 2317 2313 2316 2336 2331 2315 2303 2295 2286 2272 2260 2254 2249 2255 2265 2273 2277 2278 2279 2288 2265 2202 2210 2263 2255 2241
1793 1794 1796 1802 1797 1787 1759 1731 1718 1694 1675 1674 1665 1654 1659 1664 1681 1703 1741 1783 1826 1869 1888 1890 1886 1922 1940 1951 2023 2045 2097 2162 2259 2335 2362 2354 2349 2361 2386 2348 2258 2181 2099 2053 2058 2102 2162 2151 2139 2140 2116 2084 2088 2136 2165 2201 2223 2259 2319 2348 2356 2372 2404 2398 2381 2365 2348 2330 2308 2288 2281 2295 2306 2309 2309 2306 2299 2297 2283 2252 2253 2261 2266 2267
1845 1835 1825 1813 1800 1787 1758 1725 1698 1672 1660 1657 1651 1643 1651 1653 1672 1709 1752 1794 1840 1881 1899 1895 1906 1958 1995 2022 2106 2151 2219 2317 2375 2418 2410 2366 2337 2328 2323 2284 2199 2116 2057 2024 2019 2037 2038 2047 2052 2069 2077 2004 1957 1984 2019 2043 2082 2151 2238 2334 2382 2415 2481 2472 2453 2435 2415 2393 2371 2351 2342 2359 2365 2361 2351 2338 2325 2327 2317 2289 2279 2274 2294 2305
1879 1865 1849 1825 1794 1772 1740 1717 1690 1666 1655 1652 1650 1652 1658 1663 1671 1724 1762 1800 1838 1873 1893 1904 1930 2010 2073 2119 2229 2245 2324 2437 2431 2431 2386 2323 2271 2234 2202 2150 2046 1971 1957 1948 1943 1946 1964 1958 1943 1935 1922 1883 1864 1858 1884 1911 1956 2024 2133 2260 2347 2446 2526 2510 2483 2466 2449 2445 2441 2445 2445 2448 2441 2425 2404 2380 2351 2345 2364 2357 2300 2303 2307 2308
1900 1887 1871 1838 1800 1767 1743 1715 1689 1664 1650 1652 1653 1657 1663 1657 1666 1710 1764 1805 1836 1860 1889 1927 1974 2093 2149 2213 2286 2311 2359 2410 2399 2380 2305 2231 2170 2110 2049 1979 1915 1885 1865 1857 1850 1844 1832 1812 1794 1770 1757 1741 1703 1742 1783 1815 1856 1933 2043 2173 2267 2370 2496 2493 2485 2487 2487 2501 2517 2544 2570 2551 2526 2494 2462 2431 2410 2402 2420 2444 2390 2328 2317 2323
1916 1907 1890 1861 1821 1777 1741 1720 1695 1671 1657 1654 1655 1656 1660 1660 1663 1705 1775 1823 1851 1859 1924 1985 2023 2108 2173 2236 2303 2366 2395 2366 2311 2251 2179 2107 2039 1977 1918 1843 1801 1783 1770 1759 1748 1730 1707 1686 1649 1614 1619 1645 1649 1672 1723 1763 1808 1873 1951 2082 2181 2268 2373 2418 2441 2460 2489 2530 2579 2632 2669 2649 2606 2558 2511 2462 2424 2404 2460 2476 2421 2339 2339 2349
1937 1929 1913 1887 1857 1812 1768 1742 1713 1682 1660 1657 1657 1657 1656 1660 1676 1743 1823 1867 1896 1921 1982 2058 2096 2163 2224 2290 2367 2411 2403 2306 2190 2093 2032 1969 1903 1838 1778 1697 1669 1668 1671 1666 1654 1629 1589 1541 1531 1511 1531 1579 1623 1649 1704 1754 1801 1846 1886 1967 2104 2219 2282 2325 2367 2426 2483 2548 2622 2702 2768 2737 2674 2611 2554 2505 2450 2439 2513 2528 2419 2370 2376 2403
1962 1956 1944 1929 1906 1865 1815 1782 1746 1706 1670 1661 1662 1663 1665 1671 1720 1836 1900 1932 1962 1996 2074 2136 2173 2220 2269 2340 2396 2366 2288 2171 2055 1956 1896 1839 1777 1712 1650 1621 1575 1580 1592 1593 1579 1552 1509 1468 1466 1477 1484 1511 1564 1640 1714 1772 1817 1837 1828 1939 2040 2101 2148 2220 2297 2380 2455 2539 2628 2728 2821 2787 2711 2643 2585 2524 2490 2485 2547 2570 2485 2424 2423 2431
