real_craters/C194-1000m.grd
DSAA
106 106
-52.5 52.5
-52.5 52.5
7936.0717119266 10119.506835925
[rows 0 to 29 of 106, columns 0 to 66 of 106]
9276.75 9278.96 9277.54 9268.92 9264.8 9258.08 9262.64 9263.71 9271.22 9289.66 9285.54 9279.6 9278.18 9282.64 9274.2 9273.74 9272.04 9277.07 9281.53 9277.21 9281.75 9292.77 9302.22 9302.6 9300.49 9290.76 9275.86 9263.23 9264.58 9278.85 9267.31 9260.53 9269.18 9287.15 9273.2 9267.46 9264.37 9257.94 9259.77 9261.63 9262.73 9262.54 9262.41 9259.35 9257.46 9249.33 9234.7 9223.42 9222.44 9205.36 9213.31 9241.94 9243.58 9247.59 9249.67 9240.67 9227.96 9213.86 9208.34 9196.79 9200.95 9208.42 9209.55 9205.91 9209.69 9213.92 9229.61
9273.67 9272.98 9268.12 9257.64 9250.12 9263.99 9267.41 9269.09 9277.15 9290.49 9291.93 9288.58 9281.57 9287.16 9288.89 9280.18 9275.27 9277.15 9277.25 9279.42 9282.74 9295.65 9305.49 9310.95 9301.9 9293.19 9281.87 9269.44 9269.2 9291.59 9273.99 9273.07 9282.43 9277.87 9269.97 9269.44 9258.74 9260.33 9262.07 9258.8 9261.29 9263.81 9265.63 9262.95 9251.18 9240.13 9231.16 9222.07 9205.19 9232.74 9246.38 9254.78 9276.61 9276.11 9249.09 9236.55 9235.9 9238.48 9227.58 9201.13 9206.1 9210.95 9216.16 9210.6 9213.25 9219.81 9245.64
9278.31 9272.78 9266.36 9254.66 9251.53 9278.62 9268.14 9274.87 9279.51 9286.53 9293.65 9295.99 9283.69 9288.16 9292.99 9284.98 9277.69 9277.48 9279.47 9288.35 9298 9297.19 9308.22 9312.86 9300.78 9299.09 9290.53 9277.89 9283.83 9298.35 9283.29 9276.35 9271.69 9278.56 9282.1 9272.53 9261.94 9275.52 9271.73 9262.57 9261.26 9263.72 9267.59 9277.09 9270.01 9234.59 9227.5 9221.79 9217.41 9240.75 9263.93 9286.71 9287.21 9218.22 9222.87 9234.45 9247.22 9250.09 9241.87 9224.23 9218.2 9217.57 9231.47 9225.47 9226.73 9249.55 9250.34
9279.78 9275.64 9269.29 9266.68 9270.78 9278.61 9270.4 9270.9 9276.99 9286.26 9295.26 9299.62 9292.51 9285.94 9289.3 9287.9 9286.27 9283.34 9286.97 9296.74 9317.36 9310.23 9312.43 9308.97 9304.75 9309.1 9314.04 9290.91 9291.17 9312.26 9276.63 9268.79 9265.39 9271.19 9292.53 9280.46 9270.33 9272.83 9283.73 9267.05 9261.25 9259.62 9260.41 9264.01 9267.96 9226.34 9229.43 9227.25 9224.15 9258.99 9263.03 9239.48 9152.7 9146.14 9192.26 9227.95 9254.41 9264.8 9235.9 9234.97 9228.88 9228.18 9225.95 9243.59 9248.16 9260.65 9256.22
9283.7 9280.02 9277.88 9277.12 9282.97 9282.28 9281.79 9286.33 9283.45 9282.27 9292.74 9300.73 9298.28 9293.28 9292.38 9291.26 9288.44 9291.32 9297.91 9303.45 9326.28 9345.9 9319.08 9301.88 9298.41 9312.27 9321.48 9302.66 9298.53 9299.49 9271.67 9269.46 9267 9273.74 9291.05 9295.6 9278.92 9271.48 9283.86 9267.7 9260.45 9257.21 9253.95 9249.12 9255.33 9249.22 9240.15 9241.96 9224.68 9269.07 9266.17 9226.73 9171.41 9161.84 9199.62 9235.22 9262.16 9273.68 9235.5 9229.07 9229.92 9225.54 9230.18 9241.51 9258.51 9250.34 9258.19
9286.61 9284.09 9283.25 9281.76 9278.94 9284.26 9293.51 9308.92 9284.9 9282.24 9288.92 9298.42 9313.92 9305.71 9302.99 9300.2 9294.31 9292.56 9307.77 9324.36 9335.18 9344.41 9321.12 9309.07 9308.11 9312.7 9312.89 9303.78 9297.7 9301.55 9282.41 9270.53 9275.03 9280.79 9287.98 9296.23 9290.99 9269.43 9273.47 9266.21 9257.86 9256.08 9253.81 9250.44 9250.8 9251.46 9246.92 9238.17 9226.51 9262.98 9275.35 9264.82 9259.19 9211.97 9241.57 9258.84 9272.96 9281.6 9257.55 9236.99 9230.31 9230.84 9232.37 9245.85 9250.28 9244.46 9246.01
9285.33 9284.64 9285.03 9283.38 9279.28 9279.64 9294.92 9311.36 9277.15 9284.98 9287.03 9292.58 9299.29 9317.89 9312.43 9310.47 9310.08 9299.13 9310.09 9323.59 9337.1 9332.48 9326.89 9318.76 9315.81 9313.76 9309.19 9307.67 9315.41 9314.19 9284.36 9269.01 9272.83 9285.08 9288.52 9281.03 9284.31 9265.45 9272.13 9251.46 9253.58 9256.48 9258.81 9257.3 9249.21 9256.16 9250.58 9243.41 9233.45 9257.15 9282.39 9287.39 9291.34 9319.46 9289.65 9277.21 9273.77 9268.81 9251.18 9237.21 9232.76 9237.74 9236 9240.8 9245.13 9240.66 9235.71
9282.41 9282.09 9282.16 9281.28 9281.4 9281.28 9282.1 9286.72 9277.17 9282.5 9289.55 9293.6 9296.82 9309.26 9319.64 9323.11 9326.06 9316.8 9311.99 9315.54 9322.69 9326.51 9330.73 9324.27 9317.87 9315.12 9313.11 9316.97 9332.85 9335.43 9290.3 9269.13 9269.4 9275.56 9285.46 9285.95 9271.29 9263.05 9267.75 9255.91 9254.12 9259.96 9264.98 9264.36 9263.54 9261.59 9254.04 9246.94 9242 9255.41 9279.16 9293.14 9302.7 9310.73 9304.39 9285.21 9267.48 9246.8 9245.49 9255.15 9239.21 9238.63 9243.05 9242.5 9247.18 9243.8 9237.82
9280.12 9279.09 9279.49 9281.25 9286.68 9289.61 9283.08 9286.52 9299.72 9271.49 9297.02 9298.7 9298.82 9315.63 9331.11 9334.95 9332.9 9328.15 9322.04 9313.28 9320.25 9328.53 9347.77 9333.22 9322.46 9319.04 9313.42 9312 9324.15 9333.01 9287.13 9273.06 9273.26 9278.57 9287.9 9295.95 9278.24 9276 9274.65 9262.74 9259.15 9265.46 9275.97 9283.45 9281.98 9288.92 9270.82 9251.07 9247.39 9248.59 9258.83 9281.17 9303.53 9300.37 9295.64 9279.71 9265.61 9250.13 9252.74 9261.27 9244.39 9243.44 9244.34 9243.54 9252.73 9256.61 9243.63
9279.02 9278.05 9281.12 9284.27 9290.19 9283.14 9277.96 9287.45 9296.96 9289.1 9301.75 9300.92 9311.5 9350.04 9353.02 9345.09 9336.69 9330.18 9340.41 9348.35 9329.68 9335.54 9343.73 9332.98 9321.57 9312.72 9307.06 9300.38 9305.5 9311.61 9300.4 9281.45 9289.8 9287.78 9282.01 9285.28 9298.01 9291.71 9276.59 9267.79 9266.4 9271.2 9276.96 9284.78 9297.59 9300.69 9289.37 9256.37 9251.86 9250.68 9252.87 9256.95 9267.72 9273.52 9276.92 9276.19 9270.43 9268.97 9266.6 9250.97 9248.9 9248.95 9252.89 9255.39 9258.09 9271.82 9260.18
9283.35 9282.26 9286.34 9291.61 9297.81 9295.35 9287.64 9286.05 9288.14 9290.8 9292.66 9302.12 9331.15 9377.52 9369.77 9356.46 9344.82 9342.38 9353.49 9363.43 9377.62 9380.71 9358.15 9337.53 9321.59 9310.14 9308.83 9298.86 9291.86 9305.57 9288.15 9288.31 9295.05 9286.33 9279.05 9271.29 9307.26 9293.36 9282.71 9279.73 9280.4 9277.69 9275.76 9280.69 9296.36 9311.79 9293.96 9259.15 9255.01 9259.01 9265.44 9262.43 9269.8 9278.26 9273.74 9274.86 9274.01 9271.84 9266.19 9253.74 9252.46 9254.64 9265.22 9271.26 9270.39 9269.98 9264.08
9288.62 9288.35 9295.51 9304.4 9306.55 9300.25 9288.55 9285.24 9284.52 9289.32 9293.87 9302.35 9319.2 9370.18 9376.18 9364.18 9349.12 9337.95 9348.72 9358.23 9385.23 9391.65 9370.48 9337.42 9322.31 9315.04 9316.42 9300.2 9290.58 9279.53 9294.18 9301.15 9289.46 9274.93 9272.16 9274.36 9303.15 9285.94 9289.86 9293.15 9292.55 9283.9 9277.08 9281.13 9291.88 9309.49 9300 9282.99 9271.17 9266.43 9276.23 9270.05 9275.65 9283.95 9279.89 9277.31 9277.06 9276.7 9273.7 9259.92 9257.55 9261.18 9272.82 9279.46 9285.75 9287.1 9281.52
9295.95 9296.02 9303.98 9311.7 9306.49 9297.15 9291.86 9287.87 9289.99 9303.3 9296.84 9309.71 9336.22 9377.95 9380.77 9366.65 9350.78 9339.12 9342.85 9360.5 9377.87 9378.31 9356.96 9337.52 9324.59 9316.92 9312.48 9300.82 9295.86 9301.22 9316.13 9310.91 9287.17 9270.38 9270.7 9279.7 9309.44 9286.91 9292.98 9298.15 9293.41 9287.41 9288.54 9292.56 9299.76 9304.58 9307.57 9303.89 9302.15 9286.28 9282.13 9274.3 9281.86 9287.1 9283.93 9279.98 9279.23 9278.52 9272.22 9262.95 9257.84 9268.82 9285 9299.89 9305.43 9298.71 9294.7
9305.38 9305.19 9313.94 9317.25 9312.19 9305.15 9303.17 9296.49 9298.14 9313.21 9302.24 9332.89 9375.47 9381.03 9381.11 9370.36 9354.93 9341.54 9344.02 9359.13 9370.94 9363.28 9352.29 9341.57 9333.37 9323.24 9316.35 9305.09 9300.07 9305.85 9322.86 9310.93 9292.14 9279.24 9280.69 9281.14 9298.26 9292.31 9293.81 9302.31 9293.41 9289.97 9291.83 9312.92 9313.52 9313.69 9308.84 9307.14 9306.91 9290.1 9281.73 9284.59 9293.86 9301.8 9292.87 9284.86 9283.48 9282.77 9288.57 9271.62 9262.44 9281.4 9301.78 9317.08 9315.54 9307.57 9298.79
9316.66 9330.89 9323.77 9328.94 9324.21 9331.79 9324.5 9309.28 9305.52 9311.01 9308.81 9332.28 9375.56 9392.75 9388.75 9375.88 9360.13 9346.68 9343.73 9357.91 9374.11 9365.51 9361.9 9354.66 9349.22 9340.08 9332.09 9317.3 9307.72 9306.59 9317.4 9309.75 9298.67 9288.11 9285.37 9289.12 9300.02 9302.59 9302.29 9310.01 9301.12 9300.96 9313.7 9336.02 9329.91 9318.53 9316.01 9304.17 9295.74 9297.63 9298.72 9299.34 9311.45 9319.7 9309.63 9291.2 9286.91 9283.97 9278.68 9274.71 9281.95 9302.64 9319.45 9332.09 9329.84 9306.97 9300.82
9322.58 9319.35 9320.07 9318.62 9319.97 9321.06 9319.65 9311.86 9306.81 9305.2 9307.9 9322.33 9356.77 9392.33 9395.77 9380.14 9366.72 9356.48 9351.96 9360.07 9371.95 9370.24 9365.94 9362.19 9362.07 9362.96 9352.63 9335.26 9314.86 9324.94 9321.63 9313.1 9311.12 9296.02 9284.32 9302.31 9321.42 9317.93 9316.82 9322.7 9311.07 9313.87 9326.11 9334.18 9330.25 9324.4 9314.33 9309.77 9305.56 9307.68 9316.89 9317.95 9331.76 9344.17 9319.07 9298.41 9292.42 9286.21 9280.65 9287.04 9309.35 9325.53 9332.54 9341.54 9331.19 9306.53 9288.88
9331.91 9333.91 9324.03 9316.48 9319.6 9311.93 9306.32 9306.63 9304.83 9302.86 9305.95 9327.63 9359.71 9380.22 9386.29 9377.26 9370.44 9365.28 9360.9 9373.1 9366.4 9373.41 9379.03 9366.53 9351.34 9357.54 9356.48 9346.2 9325.45 9329.65 9338.56 9323.93 9320.56 9300.85 9290.2 9300.85 9322.79 9330.49 9332.5 9330.17 9314.95 9320.21 9328.65 9323.98 9325.07 9321.12 9314.86 9319.89 9313.73 9318.46 9325.27 9331.18 9348.6 9359.32 9329.87 9311.54 9303.38 9295.94 9288.6 9295.95 9332.16 9330.67 9342.25 9342.42 9325.32 9299.14 9277.75
9347.98 9352.84 9346.74 9330.41 9324.17 9317.43 9307.65 9294.22 9304.03 9310.85 9311.3 9320.47 9354.25 9353.22 9361.6 9369.61 9369.17 9366.4 9364.8 9364.76 9364.87 9379.84 9389.31 9370.68 9351.34 9353.49 9356.29 9350.65 9336.79 9334.43 9339.41 9331.67 9329.97 9309.4 9295.07 9302.15 9309.1 9319.61 9335.62 9335.83 9330.62 9328.22 9333.43 9330.83 9327.85 9322.19 9319.9 9326.19 9324.69 9327.87 9330.19 9343.05 9363.26 9375.11 9359.19 9338.44 9321.1 9311.42 9308.16 9318.94 9341.57 9362.07 9356.12 9343.84 9330.79 9299.91 9275.71
9363.38 9383.84 9386.48 9362.98 9331.89 9320.51 9316.96 9319.52 9317.92 9316.82 9314.29 9315.64 9334.36 9360.46 9369.74 9371.36 9371.46 9366.55 9356.9 9352.69 9357.38 9372.75 9388.52 9371.53 9354.37 9350.07 9349.74 9345.02 9337.72 9343.52 9345.36 9337.93 9327.16 9314.09 9305.47 9304.71 9322.18 9322.58 9325.32 9338.89 9341.46 9335.82 9338.92 9340.16 9334.3 9331.35 9330.33 9337.98 9338.84 9338.49 9335.08 9357.24 9373.14 9387.71 9376.6 9349.2 9332.29 9324.48 9327.97 9354.26 9364.43 9379.57 9365.81 9351.81 9352.97 9309.41 9290.08
9365.36 9379.93 9382.98 9360.43 9336.92 9328.67 9318.48 9329.11 9330.75 9327.44 9319.67 9316.31 9336.18 9374.36 9378.74 9383.45 9381.99 9377.24 9368.97 9365.67 9365.51 9366.49 9368.32 9374.46 9372.94 9360.35 9347.79 9343.33 9343.29 9344.63 9343.41 9334.23 9325.82 9310.07 9300.95 9308.34 9335.58 9322.61 9323.93 9338.01 9344.79 9341.8 9351.19 9341.57 9338.92 9337.15 9336.94 9349.99 9354.11 9360.13 9357.05 9362.15 9377.4 9382.75 9373.14 9345.91 9340.15 9332.4 9326.22 9313.01 9319.63 9354.5 9373.59 9380.34 9365.63 9322.91 9311.47
9357.77 9363.54 9361.66 9350.71 9345.05 9344.9 9330.7 9344.78 9345.44 9346.35 9338.42 9323.79 9344.72 9366.08 9397.25 9400.12 9393.07 9390.15 9389.64 9377.98 9370.06 9380.76 9384.14 9388 9384.02 9369.26 9352.13 9346.87 9346 9347.74 9339.63 9331.51 9327.36 9315.52 9302.45 9311.18 9307.71 9318.16 9327.73 9340.67 9350.8 9356.59 9358.58 9354.06 9347.82 9348.54 9364.86 9357.98 9372.3 9389.33 9404.04 9399.04 9385.61 9379.81 9370.37 9370.24 9357.6 9346.79 9329.56 9315.78 9320.19 9367.26 9385.48 9367.72 9358.95 9314.65 9305.85
9348.04 9352.68 9351.79 9343.58 9337.56 9336.45 9333.57 9345.11 9356.33 9366.14 9372.91 9367.78 9367.81 9384.95 9410.32 9410.53 9396.73 9387.33 9401.25 9390.4 9389.88 9385.06 9416.94 9401.42 9396.97 9379.27 9369.14 9360.66 9352.37 9347.65 9343.98 9335.11 9332.44 9330.07 9313.37 9314.18 9322.59 9323.72 9329.45 9346.53 9354.07 9361.48 9372.19 9360.89 9363.53 9371.27 9378.82 9381.68 9391.58 9409.69 9428.1 9406.27 9392.01 9389.73 9389.15 9387.15 9385.47 9384.24 9353.65 9317.32 9338.97 9390.75 9404.35 9373.4 9330.94 9305.97 9301.84
9338.44 9345.85 9351.48 9340.64 9328.72 9325.47 9330.17 9345.89 9362.85 9379.28 9386.98 9373.69 9379.38 9396.86 9413.4 9408.66 9388.44 9370.98 9385.72 9395.46 9391.82 9406 9398.48 9403.49 9402.22 9385.03 9379.36 9381.13 9367.68 9347.38 9343.89 9339.46 9336.77 9330.27 9316.79 9333.58 9330.44 9330.15 9343.55 9361.5 9377.41 9373.75 9375.53 9371.58 9374.25 9383.05 9404.17 9415.86 9400.27 9411.85 9417.01 9391.75 9412.55 9434.58 9425.29 9467.36 9485.68 9482.9 9436.9 9362.95 9362.94 9404.96 9435.97 9394.34 9320 9306.15 9304.24
9335.99 9341.18 9344.63 9346.93 9334.94 9329.17 9334.12 9345.03 9366.24 9387.79 9397.84 9382.02 9381.87 9388.54 9396.01 9393.67 9378.53 9366.56 9373.52 9392 9385.89 9408.4 9396.06 9410.7 9399.01 9391.75 9383.6 9396.75 9383.15 9352.43 9343.26 9351.01 9347.74 9337.45 9318.86 9323.54 9328.61 9334.81 9343.96 9373.04 9401.19 9382.36 9384.27 9386.27 9390.23 9406.23 9438.23 9436.12 9424.58 9419.49 9408.46 9433.19 9494.29 9543.69 9608.87 9699.21 9666.02 9615.49 9582.68 9543.82 9462.7 9398.17 9421.69 9389.53 9321.53 9311.13 9309.47
9336.06 9341.81 9361.71 9350.96 9338.2 9334.95 9339.83 9347.54 9368.01 9386.14 9386.89 9367.67 9367.56 9376.73 9378.2 9379.29 9372.67 9365.46 9377.26 9394.26 9399.98 9403.71 9401.23 9414.83 9411.85 9403.81 9402.53 9404.04 9387.52 9356.58 9348.07 9363.61 9356.06 9320.25 9327.41 9333.77 9339.02 9348.08 9360.22 9382.35 9403.32 9400.96 9392.09 9407.44 9414.81 9419.79 9435.93 9434.96 9474.93 9524.25 9566.53 9637.22 9656.04 9653.84 9683.97 9730.59 9746.45 9707.29 9678.79 9652.79 9572.28 9500.58 9444.5 9451.55 9457.47 9441.1 9398.18
9334.44 9334.46 9338.63 9348.23 9337.25 9338.14 9350.22 9356.13 9369.71 9383.29 9387.44 9377.8 9366.63 9375.38 9390.75 9384.06 9374.32 9371.37 9383.99 9387.28 9394.98 9390.42 9394.04 9396.89 9393.41 9379.5 9402.24 9391.23 9380.76 9376.71 9371.81 9363.34 9353.07 9328.54 9337.5 9362.67 9375.32 9373.14 9373.86 9386.29 9411.48 9414.99 9400.96 9452.91 9492.27 9503.54 9485.19 9511.26 9570.32 9667.81 9734.23 9769.8 9743.44 9717.66 9714.12 9742.53 9778.51 9740.97 9699.3 9658.23 9607.79 9569.99 9561.11 9546.82 9548.56 9565.95 9528.07
9337.26 9334.77 9334.64 9335.18 9343.24 9342.93 9348.47 9358.47 9371.45 9385.07 9393.83 9395.33 9385.47 9379.75 9377.94 9386.66 9381.46 9369.93 9384.46 9388.77 9392.23 9388.75 9386.62 9394.72 9391.66 9372.16 9399.12 9381.39 9368.37 9387.47 9392.11 9362.2 9346.89 9346.72 9340.98 9381.1 9416.61 9400.58 9387.14 9389.72 9419.07 9466.84 9493.86 9533.5 9562.21 9561.14 9557.42 9616.45 9656.59 9680.28 9726.25 9730.06 9747.77 9734.82 9723.07 9731.31 9756.18 9747.83 9713.59 9690.66 9664.51 9623.31 9594.34 9569.92 9553.21 9526.76 9532.69
9340.71 9334.57 9337.9 9339.25 9343.14 9344.48 9349.46 9355 9371.55 9391.93 9391.72 9393.59 9389.39 9385.96 9385.56 9396.23 9390.77 9389.9 9396.62 9405.49 9401.94 9390.98 9380.04 9393.63 9395.28 9391.47 9393.88 9389.88 9375.92 9393.15 9393.01 9383.96 9367.61 9342.49 9344.28 9397.74 9423.08 9416.46 9405.43 9401.65 9421.76 9499.44 9610.16 9620.46 9631.8 9640.93 9652.25 9645.16 9688.63 9697.82 9740.53 9758.69 9748.45 9747.47 9733.69 9722.26 9756.14 9758.96 9748.32 9759.38 9773.26 9761.69 9702.69 9587.2 9544.34 9536.94 9518.84
9346.67 9347.7 9346.76 9346.31 9345.05 9351.85 9353.08 9355.84 9369.57 9381.13 9386.7 9401.46 9385.88 9389.29 9393.96 9390.02 9392.43 9403.9 9413.68 9410.54 9409.83 9400.07 9389.09 9389.22 9394.29 9395.29 9398.77 9405.53 9384.51 9392.26 9405.4 9412.31 9408.36 9368.99 9354.97 9388.15 9421.82 9435.17 9439.23 9440.05 9467.92 9569.16 9650.66 9684.88 9684.94 9690.76 9722.38 9742.57 9794.51 9870.36 9829.81 9798.61 9787.74 9790.06 9760.91 9737.67 9737.61 9775.01 9829.35 9838.43 9862.97 9887.22 9847.72 9686.58 9596.79 9570.16 9556.12
9354.89 9351.89 9354.24 9351.3 9350.95 9355.24 9359.68 9362.82 9370.87 9371.67 9375.69 9389.53 9402.13 9396.66 9390.74 9384.96 9393.24 9401.8 9422.12 9429.47 9405.09 9392.72 9401.94 9411.74 9407.36 9402.8 9397.68 9397.8 9387.14 9389.27 9463.09 9467.32 9468.11 9473.76 9439.53 9429.57 9446.85 9470.77 9497.83 9520.67 9549.14 9621.47 9712.04 9759.42 9783.08 9745.63 9723.77 9720.36 9782.47 9892.91 9884.35 9878.03 9911.84 9819.31 9785.77 9795.88 9739.24 9788.28 9840.11 9850.38 9852.9 9869.38 9851.25 9773.7 9676.11 9600.33 9591.88
