real_craters/C194-1000m.grd
DSAA
106 106
-52.5 52.5
-52.5 52.5
7936.0717119266 10119.506835925
[rows 30 to 59 of 106, columns 0 to 66 of 106]
9365.58 9370.69 9360.7 9363.05 9362.29 9366.04 9369.12 9374.96 9378.62 9382.81 9379.1 9376.62 9384.38 9389.13 9384.67 9379.79 9386.89 9424.62 9430.46 9435.14 9404.59 9404.05 9401.44 9423.28 9416.22 9405.99 9402.74 9408.67 9421.96 9452.41 9510.81 9496.28 9455.84 9466.33 9533.16 9586.35 9528.3 9532.89 9583.49 9640.11 9685.95 9728.48 9744.29 9800.55 9806.99 9747.11 9726.33 9799.07 9897.67 9870.16 9832.39 9848.31 9742.73 9673.03 9726.19 9852.3 9864.1 9851.93 9900.85 9801.05 9748.88 9852.21 9907.92 9834.69 9748.56 9678.95 9645.67
9367.51 9364.84 9369.71 9366.8 9378.92 9386.22 9384.89 9384.9 9390.08 9390.33 9385.04 9379.46 9376.24 9383.62 9390.57 9395.31 9392.66 9399.21 9415.94 9411.62 9410.75 9413.64 9409.53 9414.17 9409.4 9402.42 9404.92 9413.62 9434.21 9468.09 9515.72 9541.72 9555.31 9639.42 9634.27 9599.73 9600.02 9623.07 9678.54 9738.98 9816.8 9785.07 9774.81 9788.05 9715.54 9722.73 9720.63 9745.99 9706.77 9682.85 9632.1 9577.77 9444.2 9437.58 9534.18 9646.88 9718.24 9731.27 9688.04 9637.67 9637.91 9733.32 9843.71 9832.45 9808.14 9757.95 9732.85
9385.69 9377.57 9376.13 9366.86 9401.99 9428.47 9420.39 9417.34 9418.32 9419.73 9408.46 9394.31 9390.38 9394.66 9412.83 9425 9400.25 9401.73 9408.12 9416.89 9422.5 9423.17 9422.14 9417.71 9425.93 9443.61 9455.86 9441.28 9446.19 9460.04 9500.22 9594.92 9687.01 9616.42 9564.47 9581.91 9634.01 9690.74 9741.08 9872.52 9890.34 9834.56 9804.67 9782.67 9748.75 9712.36 9631.2 9503.4 9374.5 9373.98 9376.67 9365.47 9332.27 9281.55 9271.39 9270.62 9284.97 9310.23 9346.49 9391.51 9420.49 9463.46 9528.87 9668.4 9818.58 9860.72 9810.3
9433.2 9418.93 9401.97 9407.73 9434.42 9452.57 9444.29 9429.93 9429.07 9436.22 9431.28 9421.79 9415.91 9415.46 9423.28 9423 9407.72 9406.47 9406.65 9407.87 9419.32 9436.46 9431.79 9440.1 9471.81 9465.54 9426.67 9415.1 9418.09 9444.99 9496.2 9546.96 9533.9 9547.69 9592.38 9673.81 9618.88 9600.82 9735.88 9842.58 9856.85 9831.14 9788.88 9717.98 9675.55 9507.86 9378.78 9226.85 9129.11 9154.41 9107.98 9038.45 9005.94 9090.43 9005.57 8945.13 8957.86 9046.62 9129.22 9190.14 9237.79 9304.24 9430.16 9514.13 9597.83 9850.19 9972.27
9448.57 9435.35 9431.06 9446.08 9457.58 9461.64 9454.74 9445.42 9448.73 9455.54 9448.15 9430.94 9419.94 9417.07 9421.28 9418.91 9419.28 9420.95 9413.29 9412 9437.21 9470.29 9490.3 9503.56 9472.89 9451.4 9422.22 9412.02 9411.56 9425.84 9483.59 9573.17 9633.72 9631.12 9656.57 9641.91 9628.29 9620.84 9746.37 9857.79 9823.99 9756.7 9579.87 9501.43 9430.54 9305 9158.34 8995.94 8862.95 8890.23 8866.09 8798.66 8745.15 8733.75 8740.55 8703.36 8704.04 8806.73 8909.36 9031.84 9103.74 9151.22 9161.28 9250.49 9397.95 9670.25 9974.88
9446.55 9431.75 9433.44 9452.89 9456.49 9457.17 9457.99 9452.71 9454.98 9465.01 9455.49 9437.2 9425.21 9421.85 9420.91 9414.94 9415.49 9424.42 9429.79 9433.38 9458.53 9495.32 9517.19 9499.13 9469.73 9445.17 9422.34 9414.99 9412.52 9410.86 9461.66 9546.14 9618.02 9624.81 9657.37 9653.49 9662.61 9699.41 9767.55 9820.49 9764.25 9551.1 9428.23 9465.63 9319.11 9146.47 9025.8 8900.16 8769.17 8702.81 8701.05 8654.3 8611.11 8556.72 8570.51 8568.2 8605.73 8768.9 8850.66 8905.26 8973.74 9054.43 9079.79 9128.38 9246.3 9432.01 9662.46
9430.3 9428.43 9436.36 9453.48 9453.05 9450.96 9460.15 9448.38 9442.72 9443.87 9445.13 9438.22 9430.19 9432.53 9426.71 9419.04 9420.44 9430.67 9444.69 9451.24 9472.06 9496.77 9521.7 9487.71 9454.74 9443.12 9442.43 9432.31 9415.71 9419.68 9451.91 9513.38 9616.32 9696.65 9688.55 9686.83 9682.44 9701.93 9696.54 9695.47 9500.06 9355.86 9262.94 9252.87 9160.6 9039.48 8943.93 8862.71 8795.46 8691.06 8629.62 8583.08 8527.44 8491.72 8496.7 8504.67 8553.37 8710.77 8768.11 8773.28 8789.32 8820.44 8937.08 8968.36 9067.63 9262.77 9555.47
9431.58 9436.58 9441.4 9451.33 9457.27 9447.32 9430.14 9449.14 9456.68 9450.09 9448.62 9447.44 9444.6 9434.94 9431.87 9432.17 9430.68 9445.13 9451.42 9459.79 9460.23 9496.76 9505.82 9483.69 9451.95 9437.96 9435.49 9440.15 9438.41 9441.15 9454.24 9491.53 9646.95 9742.04 9745.97 9720.6 9641.25 9560.46 9460.36 9334.97 9213.02 9144.47 9065.15 9053.29 9029.01 8983.82 8851.88 8769.57 8726.83 8622.36 8566.57 8536.46 8538.47 8504.63 8454.45 8459.54 8526.21 8530.56 8573.44 8639.27 8702.45 8747.03 8824.41 8875.58 8970.44 9166.58 9419.12
9430.76 9426.99 9427.04 9436.27 9441.81 9446.41 9447.06 9461.81 9465.75 9475.4 9463.35 9454.1 9446.12 9427.88 9430.66 9437.91 9446.82 9461.18 9477.25 9473.61 9457.46 9494.67 9508.56 9472.29 9447.42 9436.45 9433.63 9427.58 9412.86 9446.33 9470.77 9513.51 9632.41 9808.76 9812.32 9696.22 9555.76 9405.97 9267.08 9133.85 9018.61 8984.01 8965.56 8915.62 8857.8 8778.87 8694.26 8611.43 8523.66 8505.31 8479.84 8452 8430.09 8371.64 8371.36 8385.5 8390.14 8408.37 8458.74 8512.03 8552.61 8627.67 8746.74 8840.68 8875.03 8969.46 9155.21
9446.1 9443.05 9430.93 9432.54 9436.14 9451.41 9469.44 9485.1 9496.58 9488.62 9465.61 9448.56 9432.71 9425.13 9426.94 9434.53 9445.26 9453.91 9463.51 9468.75 9461.77 9514.38 9500.01 9472.13 9452.57 9440.59 9444.78 9456.8 9451.1 9458.52 9494.29 9567.16 9677.83 9849.1 9666.08 9559.84 9457.4 9354.11 9258.23 9084.42 8950.15 8877.45 8826.6 8761.55 8639.4 8547.06 8508.49 8475.17 8459.73 8445.65 8379.25 8337.36 8306.64 8284.48 8284.69 8295.59 8305.04 8334.45 8394.84 8430.1 8459.8 8524.72 8646.93 8725.04 8762.61 8825.8 8951.05
9446.57 9443.62 9443.34 9440.87 9437.84 9457.4 9480.52 9491.64 9477.76 9461.67 9446.19 9430.7 9415.05 9407.05 9414.88 9428.05 9439.47 9444.66 9449.06 9445.24 9456 9506.25 9503.03 9476.83 9463.82 9455.81 9453.15 9463.67 9469.61 9485.81 9510.98 9587.05 9760.58 9724.73 9482.19 9421.43 9352.06 9272.81 9152.09 9003.11 8854.32 8698.27 8607.29 8511.06 8474.49 8393.45 8316.23 8268.72 8284.46 8265.79 8216.75 8207.28 8199.57 8197.03 8203.51 8216.58 8238.77 8279.45 8344.63 8370.13 8392.2 8456.18 8532.1 8545.54 8668.45 8701.85 8859.58
9446.91 9468.11 9470.75 9457.05 9446.83 9458.09 9473.03 9470.37 9443.3 9429.03 9423 9414.46 9402.35 9399.88 9405.85 9416.82 9422.96 9437.68 9445.73 9447.24 9452.39 9499.97 9504.21 9468.59 9459.52 9448.41 9457.03 9469.94 9491.32 9527.23 9560.27 9699.55 9713.62 9634.03 9444.34 9351.76 9262.88 9168.45 9056.02 8888.98 8764.76 8543.15 8421.31 8377.97 8314.05 8216.27 8141.59 8037.94 8021.55 8020.09 8050.63 8090.74 8107.14 8111.19 8122.16 8143.99 8171.5 8213.62 8261.7 8303.39 8346.43 8407.33 8479.85 8411.93 8463.02 8547.62 8759.61
9437.7 9481.71 9505.03 9469.09 9456.13 9456.93 9454.18 9440.11 9418.1 9407.45 9408.39 9407.88 9406.28 9408.17 9411.13 9404.63 9411.83 9426.73 9441.01 9446.82 9448.55 9465.33 9481.62 9470.65 9464.63 9469.65 9479.79 9479.78 9491.51 9581.53 9671.55 9775.59 9617.67 9579.09 9435.81 9322.59 9211.45 9087.85 8944 8731.84 8537.86 8371.45 8254.42 8206.54 8090.7 8054.81 8033.54 7991 7973.99 7988.48 7997.89 8022.99 8036.01 8034.89 8044.66 8078.81 8107.41 8151.64 8178.31 8229.57 8277.85 8318.9 8280.88 8276.45 8291.36 8361.97 8566.23
9457.17 9476.58 9480.54 9463.28 9458.26 9451.77 9435.03 9417.53 9417.87 9404.23 9403.48 9406.96 9411.12 9414.23 9414.16 9410.4 9422.45 9426.46 9435.13 9443.89 9449.1 9448.6 9457.58 9462.64 9462.56 9464.39 9503.52 9481.92 9551.07 9689.24 9848.21 9867.93 9705.65 9449.14 9385.44 9288.15 9159.85 9000.85 8748.24 8589.11 8371.4 8205.06 8151.2 8076.24 8021.81 7999.96 7993.13 7983.55 7979.8 7982.75 7986.23 7999.18 8006.45 8009.71 8013.47 8035.76 8057.11 8081.28 8113.76 8171.25 8198.11 8202.38 8201.05 8219.42 8240.35 8281.6 8434.29
9431.75 9446.21 9452.44 9452.88 9448.83 9438.63 9424.22 9416.14 9417.55 9401.71 9403.57 9407.64 9413.58 9419.47 9419.31 9420.44 9424.48 9423.16 9433.26 9441.63 9450.44 9454.71 9448.4 9453.25 9494.07 9495.64 9545.65 9584.4 9729.89 9803.81 9837.75 9740.34 9541.82 9349.23 9334.19 9241.23 9096.7 8936.26 8762.06 8440.46 8244.18 8113.47 8041.59 8008.11 7991.47 7990.79 7993.48 7996.32 7990.45 7991.09 7987.87 7991.44 7995.25 7996.29 8001.26 8013.8 8030.12 8055.89 8087.29 8132.64 8143.79 8142.19 8163.91 8197.61 8225.93 8277.87 8373.23
9423.92 9425.43 9430.17 9424.06 9421.26 9420.51 9423.92 9416.67 9413.49 9409.76 9406.87 9408.94 9412.65 9418.52 9436.14 9434.42 9436.34 9434.85 9434.1 9441.25 9448.22 9447.51 9447.21 9447.66 9533.72 9494.74 9675.24 9724.56 9839.05 9856.68 9804.52 9632.4 9446.78 9294.43 9285.72 9194.39 9019.11 8810.57 8550.54 8284.33 8139.32 8052.47 8004.54 7999.81 7991.16 7994.15 7997.05 7997.22 7995.98 7995.68 7990.87 7991.17 7991.77 7992.81 7994.72 8005.03 8017.22 8040.35 8061.4 8093.16 8110.26 8114.62 8130.08 8158.97 8199.23 8240.2 8331.76
9440.73 9438.85 9430.67 9413.31 9422.04 9429.11 9430.12 9399.22 9409.78 9407.11 9408.47 9410.93 9412.81 9416.11 9431.39 9441.73 9431.31 9432.11 9434.61 9442.63 9444.73 9451.75 9454.36 9467.12 9601.54 9534.53 9628.42 9703.79 9858.62 9877.21 9797.1 9616.65 9430.27 9274.95 9283.45 9175.39 8950.97 8696.59 8447.5 8241.04 8105.07 8004.96 7988.15 7988.97 7999.8 7991.45 7991.39 8000 7990.23 7992.95 7992.96 7990.75 7992.01 7991.81 7994.85 8004.39 8019.74 8034.74 8067.91 8091.92 8104.96 8109.09 8102.81 8101.15 8150.5 8185.74 8284.44
9431.33 9433.41 9442.06 9446.35 9432.42 9431.11 9427.64 9418.57 9402.59 9410.32 9411.68 9412.67 9415.09 9418.35 9414.89 9417.19 9425.23 9426.34 9432.11 9459.56 9468.18 9467.21 9460.77 9469.28 9483.81 9558.11 9639.03 9745.95 9881.53 9893.75 9812.62 9594.69 9386.53 9312.61 9306.55 9157.2 8880.22 8606.9 8425.39 8251.82 8110.14 8012.12 7993.92 7993.99 7998.42 7982.7 7951.18 7942.44 7971.46 7987.25 7990.62 7992.7 7997.16 7996.7 8000.13 8009.64 8020.88 8039.15 8067.89 8084.86 8105.19 8119.41 8112.71 8111.87 8141.56 8155.87 8262.84
9458.29 9456.75 9446.75 9439.78 9430.37 9418.32 9418.3 9411.55 9410.24 9412.87 9414.38 9415.72 9416.29 9414.7 9422.21 9421.72 9420.67 9424.01 9442.76 9489.87 9529.61 9492.9 9465.22 9452.18 9489.65 9534.39 9722.05 9765.12 9840.16 9853.4 9774.78 9562.55 9386.33 9320.12 9237.35 9038.53 8813.58 8583.31 8454.31 8251.79 8100.04 8007.04 7993.3 7996.78 8008 7988.36 7944.81 7936.07 7966.42 7990.28 7990.16 8008.8 8021.74 8016.58 8008.97 8019.99 8033.14 8046.01 8070.09 8097.1 8117.53 8120.93 8123.72 8127.59 8135.71 8144.92 8198.52
9456.1 9454.64 9443.49 9435.5 9430.11 9425.29 9422.6 9415.92 9409.92 9412.02 9415.13 9417.19 9419.01 9421.85 9421.53 9419.99 9418.49 9416.14 9433.92 9491.12 9529.27 9484.97 9418.5 9416.91 9472.34 9570.36 9648.58 9702.15 9768.34 9770.11 9698.38 9574.34 9361.94 9306.91 9167.82 8959.76 8762.79 8574.93 8370.27 8197.81 8083.86 8001.67 7992.82 8003.06 8027.78 8012.02 7956.45 7955.38 7987.38 8018.31 8043.32 8066.71 8077.87 8072.06 8063.15 8060.5 8060.56 8073.74 8096.52 8115.26 8120.7 8119.39 8122 8123.95 8132.12 8148.92 8189.91
9492.12 9441.33 9444.36 9437.99 9429.87 9424.36 9410.56 9411.34 9413.17 9415.24 9417.36 9421.54 9424.03 9422.9 9418.39 9419.25 9418.04 9424.8 9431.03 9461.58 9480.8 9464.06 9421.84 9406.12 9435.85 9586.65 9615.68 9674.47 9760.23 9803.77 9733.78 9635.06 9334.77 9259.82 9151.49 8890.5 8724.38 8557.34 8306.32 8152.57 8066.77 8004.92 7995.14 8008.24 8040.15 8036.16 8014.87 8003.62 8030.24 8066.29 8102.83 8149.62 8156.75 8143.85 8129.14 8093.64 8094.37 8112.39 8125.17 8122 8120.72 8119.94 8121.58 8124.98 8129.71 8138.86 8184.53
9525.45 9494.14 9470.07 9446.3 9429.05 9413.38 9417.08 9415.26 9419.62 9419.33 9423.47 9428.2 9432.35 9434.21 9433.33 9433.43 9432.89 9442.87 9440.07 9444.6 9448.43 9453.55 9428.48 9417.61 9450.03 9621.41 9659.43 9726.27 9787.72 9821.39 9729.68 9647.42 9336.66 9215.43 9161.79 8948.34 8713.64 8469.48 8282.32 8190.96 8075.18 8004.55 8002.28 8010.22 8002.42 8025.67 8028.19 8040.91 8074.62 8125.6 8192.03 8265.19 8236.13 8204.94 8169.37 8137.59 8134.46 8146.36 8158.05 8141.4 8120.79 8119.95 8119.39 8121.75 8128.18 8142.43 8187.25
9340.64 9532.37 9485.15 9445.65 9432.77 9422.62 9425.87 9421.45 9418.75 9424.59 9428.87 9433.29 9440.19 9449.85 9453.19 9454.4 9455.68 9468.41 9460.26 9447.08 9447.39 9456.65 9463.33 9441 9460.64 9614.91 9722.19 9821.94 9809.58 9758.48 9697.96 9635.75 9364.46 9187.77 9168.32 9005.19 8698.64 8486.95 8319.95 8215.87 8093.79 8019.06 8009.05 8005.44 8001.64 8014.45 8021.12 8054.19 8102.08 8169.17 8255.89 8293.95 8281.43 8253.78 8216.21 8188.79 8172.53 8165.12 8141.12 8117.65 8121.83 8120.15 8120.38 8120.74 8126.23 8143.3 8187.47
9359.28 9554.45 9477.36 9444.25 9438.85 9446.16 9436.98 9443.52 9434.33 9433.73 9433.58 9436.71 9442.94 9449.19 9457.24 9458.46 9462.52 9454.69 9448 9447.36 9450.14 9450.96 9451.11 9450.21 9490.46 9597.27 9858.43 9893.72 9821.39 9729.79 9696.37 9658.33 9389.18 9180.89 9025.91 8797.55 8661.08 8478.69 8366.4 8224.72 8108.93 8040.98 8018.43 8011.37 8012.57 8007.27 8012.88 8053.29 8107 8170.6 8234.49 8261.9 8275.24 8281.86 8295.06 8236.39 8214.64 8187.37 8163.07 8146.03 8121.55 8121.28 8119.87 8119.06 8122.27 8123.47 8212.83
9390.86 9469.25 9451.59 9443.73 9442.48 9438.28 9443.71 9457.9 9457.58 9445.83 9436.85 9438.94 9443.65 9457.79 9465.58 9461.83 9469.12 9458.17 9454.48 9455.25 9462.72 9450.45 9462.41 9516.39 9600.55 9730.88 9842.89 9900.75 9840.57 9758.55 9730.78 9701.9 9396.61 9217.15 9095.73 8995.32 8766.47 8507.37 8339.55 8243.57 8142.08 8066.24 8025.05 8022.85 8020.67 8017.51 8019.89 8054.82 8101.11 8148.31 8188.69 8212.72 8251.2 8290.82 8315.41 8300.95 8253.23 8195.86 8150.59 8136.26 8128.78 8123.37 8119.75 8120.33 8122.41 8165.34 8227.23
9503.24 9438.14 9443.04 9447.78 9451.97 9457.24 9463.92 9456.49 9459.89 9447.58 9444.74 9440.57 9444.23 9450.16 9464.39 9482.09 9481.44 9462.66 9454.3 9451.63 9455.2 9450.88 9512.27 9580.11 9633.62 9736.79 9831.45 9896.9 9863.55 9813.04 9777.17 9738.02 9458.88 9294.6 9170.95 8983.27 8731.34 8485.9 8328.32 8253.17 8189.91 8120.98 8058.77 8040.11 8029.62 8022.47 8030.1 8057.1 8090.59 8121.47 8150.99 8177.05 8246.5 8319.6 8360.88 8339.03 8239.51 8176.47 8142.3 8123.28 8121.28 8124.9 8124.07 8118.59 8121.17 8173.43 8229.65
9424.69 9449.38 9458.39 9462.19 9470.7 9476.81 9469.44 9447.12 9442.78 9439.29 9438.38 9440.26 9448.62 9477.29 9481.41 9481.43 9489.57 9487.87 9478.23 9469.25 9470.38 9491.07 9513.56 9563.22 9631.03 9713.13 9832.29 9905.04 9851.82 9811.85 9852.69 9832.37 9569.44 9387.21 9231.14 9071.21 8734.44 8495.75 8355.41 8275.57 8213.8 8164.73 8092.76 8061.9 8047.5 8036.04 8047.98 8064.98 8086.79 8106.46 8121.77 8172.73 8277.72 8338.95 8393.09 8330.2 8186.53 8146.7 8122.55 8120.57 8119.86 8120.39 8118.99 8115.72 8120.74 8143.07 8178.31
9446.45 9457.69 9473.35 9479.67 9483.52 9483.76 9466.28 9434.48 9434.3 9432.97 9434.41 9437.01 9442.77 9452.85 9468.36 9473.04 9485.71 9488.38 9465.5 9458.17 9463.7 9467.99 9493.74 9543.4 9584.35 9709.29 9781.7 9820.93 9833.43 9838.47 9957.6 9865.6 9709.48 9486.05 9236.66 8926.18 8706.86 8536.12 8391.72 8305.27 8234.03 8192.54 8145.36 8103.68 8080.28 8068.31 8075.58 8085.22 8098.63 8114.6 8138.25 8236.41 8338.25 8308.42 8280.3 8215.81 8137.72 8125.07 8120.56 8117.38 8111.69 8111.32 8111.6 8106.42 8113.54 8095.48 8140.88
9463.1 9474.66 9488.79 9481.73 9483.96 9488.31 9472.8 9454.31 9432.8 9427.08 9429.58 9430.56 9430.53 9433.53 9460.05 9460.79 9474.36 9470.94 9456.69 9455.84 9463.79 9472.43 9497.53 9534.33 9563.16 9593.94 9650.44 9714.45 9787.47 9832.41 9922.58 9939.88 9850.27 9577.39 9281.44 8989.49 8775.68 8583.4 8452.27 8347.85 8263.88 8217.95 8183.9 8143.21 8114.69 8102.27 8100.43 8106.78 8113.79 8128.01 8158.42 8228.83 8259.73 8224.2 8165.88 8134 8125.61 8122.03 8120.53 8116 8121.06 8115.87 8109.95 8110.81 8123.07 8150.89 8168.23
9466.69 9482.18 9494.62 9462.79 9439.92 9498.65 9477.76 9458.34 9439.68 9431.11 9428.38 9424.59 9415.86 9422.25 9448.02 9458.18 9457.09 9462.9 9456.74 9456.69 9469.94 9488.35 9528.95 9530.23 9548.37 9604.39 9619.81 9645.83 9701.15 9730.55 9942.05 10050.8 9932.61 9649.6 9342.69 9059.78 8846.68 8670.99 8548.99 8403.22 8271.96 8215.72 8185.47 8159.05 8132.96 8116.14 8124.32 8125.98 8129.51 8138.33 8152.33 8159.63 8141.18 8148.52 8128.43 8121.11 8121.63 8120.86 8121.05 8114.65 8125.34 8111.69 8109.49 8109.19 8131.81 8167.38 8205.6
