real_craters/C194-750m.grd
DSAA
246 246
-91.875 91.875
-91.875 91.875
1330.77203828 5697.1668467697
[rows 76 to 113 of 246, columns 84 to 167 of 246]
3510 3504 3481 3492 3492 3475 3451 3502 3467 3382 3358 3367 3351 3412 3387 3355 3307 3264 3265 3276 3271 3262 3236 3207 3197 3206 3206 3245 3290 3310 3309 3303 3301 3301 3304 3311 3329 3312 3321 3333 3338 3338 3334 3322 3343 3354 3362 3367 3365 3367 3373 3398 3446 3481 3503 3490 3469 3445 3424 3407 3392 3384 3408 3427 3425 3387 3400 3398 3391 3381 3371 3358 3342 3379 3380 3395 3400 3379 3389 3426 3464 3500 3517 3548
3477 3446 3484 3497 3485 3497 3480 3482 3474 3427 3426 3425 3264 3246 3358 3354 3339 3344 3318 3313 3310 3289 3269 3247 3233 3236 3259 3284 3316 3317 3317 3324 3332 3341 3348 3344 3343 3373 3392 3397 3402 3411 3423 3423 3391 3389 3387 3382 3366 3377 3434 3460 3490 3525 3557 3526 3497 3470 3452 3440 3432 3448 3457 3459 3458 3449 3453 3443 3433 3424 3413 3403 3396 3407 3430 3437 3424 3407 3426 3459 3486 3492 3507 3538
3495 3454 3497 3523 3528 3503 3508 3528 3544 3500 3512 3540 3429 3372 3349 3362 3372 3380 3355 3339 3329 3313 3303 3301 3278 3278 3291 3305 3305 3308 3323 3341 3358 3372 3378 3379 3397 3429 3451 3444 3449 3466 3491 3488 3445 3430 3420 3414 3414 3431 3440 3486 3522 3558 3568 3542 3484 3481 3482 3479 3477 3502 3508 3500 3523 3531 3503 3492 3482 3476 3469 3461 3460 3455 3482 3485 3473 3461 3477 3504 3510 3495 3537 3576
3541 3481 3477 3519 3532 3531 3532 3552 3630 3589 3586 3621 3595 3442 3371 3365 3369 3355 3364 3355 3340 3331 3327 3327 3288 3308 3349 3320 3294 3300 3335 3371 3400 3416 3420 3426 3425 3444 3461 3470 3481 3496 3522 3536 3500 3474 3463 3461 3464 3475 3493 3521 3559 3595 3619 3590 3537 3526 3532 3536 3537 3562 3576 3577 3614 3596 3555 3538 3531 3528 3526 3521 3519 3506 3527 3536 3527 3501 3528 3543 3551 3579 3636 3633
3599 3498 3482 3513 3501 3520 3552 3586 3655 3566 3601 3641 3633 3526 3380 3380 3399 3395 3398 3388 3370 3357 3345 3320 3291 3319 3350 3338 3299 3307 3370 3423 3461 3490 3516 3500 3479 3472 3467 3493 3506 3504 3491 3491 3501 3502 3503 3506 3513 3525 3521 3557 3592 3627 3657 3644 3597 3595 3596 3602 3617 3646 3650 3664 3630 3606 3580 3578 3574 3571 3567 3573 3579 3578 3586 3591 3577 3548 3538 3584 3608 3643 3646 3652
3613 3528 3518 3507 3496 3518 3546 3566 3602 3592 3616 3630 3597 3518 3376 3409 3463 3475 3454 3436 3411 3403 3390 3364 3355 3364 3376 3369 3332 3363 3448 3501 3538 3567 3593 3591 3576 3560 3535 3554 3556 3536 3500 3486 3499 3533 3545 3548 3549 3555 3576 3598 3631 3664 3683 3687 3698 3678 3660 3655 3670 3698 3699 3696 3660 3656 3642 3622 3612 3606 3604 3611 3622 3605 3613 3629 3618 3587 3569 3628 3650 3667 3641 3660
3623 3615 3622 3535 3542 3561 3563 3581 3598 3621 3642 3652 3563 3530 3439 3468 3512 3497 3503 3503 3500 3495 3477 3453 3419 3441 3456 3458 3489 3549 3582 3608 3628 3640 3644 3658 3679 3687 3674 3658 3641 3609 3566 3567 3588 3585 3589 3591 3588 3579 3601 3641 3677 3709 3732 3760 3795 3755 3715 3688 3678 3718 3731 3726 3749 3713 3687 3666 3654 3643 3639 3632 3624 3580 3622 3640 3627 3601 3584 3656 3656 3681 3664 3666
3642 3670 3698 3652 3653 3656 3622 3639 3645 3653 3681 3694 3618 3554 3521 3556 3567 3548 3554 3577 3597 3603 3596 3576 3557 3529 3536 3576 3651 3719 3725 3724 3717 3711 3710 3732 3766 3774 3790 3784 3753 3710 3677 3667 3641 3641 3644 3647 3641 3635 3654 3699 3734 3769 3808 3875 3874 3801 3754 3719 3718 3756 3783 3799 3800 3749 3723 3709 3694 3679 3664 3646 3621 3663 3647 3639 3638 3645 3662 3687 3694 3716 3724 3701
3686 3699 3708 3677 3671 3705 3711 3719 3708 3700 3726 3733 3656 3599 3618 3611 3643 3598 3616 3661 3708 3740 3734 3699 3665 3661 3648 3667 3755 3844 3854 3841 3814 3789 3775 3810 3905 3970 3988 3953 3894 3828 3767 3730 3701 3701 3714 3725 3728 3719 3741 3767 3796 3821 3845 3844 3808 3815 3792 3759 3757 3793 3832 3868 3851 3803 3774 3752 3729 3708 3687 3671 3664 3652 3652 3662 3672 3667 3723 3724 3731 3787 3797 3766
3718 3719 3702 3693 3727 3775 3785 3782 3785 3781 3780 3761 3699 3657 3645 3659 3733 3692 3689 3744 3814 3873 3870 3832 3789 3774 3745 3741 3854 3952 3976 3952 3914 3878 3855 3903 4075 4236 4200 4122 4046 3954 3854 3801 3756 3778 3822 3851 3855 3843 3841 3845 3863 3880 3881 3848 3840 3847 3844 3829 3832 3835 3836 3865 3882 3865 3826 3795 3767 3738 3712 3692 3684 3637 3663 3733 3726 3702 3750 3796 3765 3804 3815 3865
3714 3719 3723 3735 3777 3812 3834 3819 3866 3851 3831 3807 3791 3740 3738 3732 3801 3733 3743 3816 3897 3958 3982 3952 3903 3858 3831 3839 3970 4104 4099 4047 4001 3968 3951 3991 4181 4355 4333 4274 4193 4106 4015 3925 3867 3903 3962 3999 4014 3983 3923 3928 3942 3946 3947 3931 3914 3912 3918 3941 3938 3878 3830 3849 3880 3886 3865 3836 3803 3770 3740 3712 3697 3686 3715 3763 3770 3758 3774 3792 3821 3822 3873 3897
3645 3692 3738 3768 3795 3812 3850 3884 3951 3901 3865 3838 3806 3781 3769 3774 3769 3762 3801 3889 3977 4069 4090 4015 3970 3948 3929 3958 4061 4192 4171 4110 4073 4055 4066 4108 4230 4290 4350 4373 4284 4237 4174 4084 4052 4104 4128 4150 4178 4192 4068 4045 4041 4032 4030 4039 3988 3992 4005 4030 4005 3915 3830 3805 3861 3893 3898 3877 3847 3810 3773 3735 3706 3755 3794 3803 3807 3808 3820 3845 3899 3864 3897 3957
3532 3627 3715 3751 3770 3822 3889 3925 3873 3894 3874 3852 3822 3805 3794 3783 3787 3824 3894 3983 4046 4062 4066 4030 4025 4023 4031 4054 4119 4152 4149 4134 4118 4120 4166 4279 4257 4234 4245 4248 4253 4326 4315 4239 4273 4323 4273 4245 4238 4271 4165 4184 4158 4121 4095 4076 4058 4072 4071 4068 4036 3951 3859 3811 3901 3964 3944 3918 3884 3848 3814 3784 3772 3790 3808 3830 3844 3839 3820 3822 3925 3913 3950 4026
3452 3533 3620 3693 3732 3807 3889 3875 3857 3883 3878 3872 3863 3847 3827 3810 3822 3927 4031 4104 4147 4157 4116 4094 4154 4195 4200 4193 4185 4135 4117 4131 4128 4133 4149 4174 4167 4157 4118 4048 4108 4198 4272 4300 4327 4360 4338 4285 4223 4222 4393 4349 4271 4209 4149 4122 4179 4160 4129 4130 4081 4006 3933 3931 3952 3988 3981 3952 3920 3884 3852 3830 3817 3810 3819 3848 3871 3850 3841 3844 3927 3949 4003 4084
3370 3426 3465 3533 3642 3752 3842 3837 3874 3889 3900 3898 3884 3866 3840 3813 3873 4037 4183 4213 4260 4315 4291 4244 4359 4426 4413 4352 4282 4204 4165 4137 4102 4084 4052 4016 3992 3969 3916 3876 3964 4052 4173 4292 4404 4417 4383 4321 4272 4289 4431 4406 4343 4289 4246 4256 4330 4233 4161 4116 4100 4062 4017 3961 4025 4041 4013 3984 3950 3914 3882 3853 3838 3831 3826 3839 3845 3843 3831 3821 3884 3977 4034 4123
3295 3330 3358 3394 3536 3690 3824 3849 3867 3901 3908 3914 3918 3927 3906 3897 3985 4099 4186 4256 4328 4390 4411 4445 4522 4571 4548 4447 4345 4287 4246 4138 4051 3987 3937 3892 3832 3778 3721 3781 3893 4026 4133 4246 4377 4481 4415 4349 4320 4342 4345 4360 4354 4341 4343 4334 4289 4256 4207 4159 4137 4107 4060 4027 4055 4059 4032 4001 3972 3944 3917 3880 3860 3848 3823 3838 3852 3850 3829 3826 3905 4009 4050 4108
3211 3240 3266 3323 3486 3660 3756 3807 3860 3910 3921 3936 3944 3976 4067 4137 4159 4175 4189 4278 4366 4454 4416 4484 4571 4573 4519 4405 4307 4255 4222 4059 3952 3882 3819 3753 3693 3671 3661 3746 3859 3973 4046 4128 4218 4317 4314 4307 4318 4350 4362 4374 4363 4350 4372 4369 4313 4330 4286 4238 4191 4141 4099 4067 4063 4058 4042 4019 3993 3974 3958 3961 3918 3884 3858 3871 3891 3884 3855 3843 3950 4019 4067 4100
3154 3162 3190 3294 3425 3565 3669 3757 3836 3905 3945 3963 3988 4032 4196 4306 4298 4268 4251 4303 4394 4450 4487 4549 4608 4522 4386 4267 4163 4073 3967 3887 3817 3762 3711 3686 3658 3628 3629 3738 3822 3879 3922 3970 4002 4036 4119 4194 4286 4349 4400 4433 4367 4314 4300 4389 4519 4481 4371 4288 4231 4154 4097 4075 4064 4060 4048 4022 4004 3983 3971 3959 3944 3917 3900 3910 3943 3926 3892 3887 3975 4009 4084 4145
3076 3087 3125 3228 3335 3458 3581 3695 3833 3946 3969 3991 4024 4092 4164 4327 4392 4358 4309 4356 4440 4525 4532 4555 4511 4355 4182 4067 3970 3871 3765 3714 3673 3632 3597 3577 3537 3587 3666 3768 3829 3785 3780 3807 3849 3872 3925 4007 4129 4223 4325 4390 4325 4261 4220 4367 4548 4540 4414 4330 4272 4210 4135 4093 4080 4062 4045 4028 4009 3995 3975 3960 3951 3941 3936 3937 3931 3918 3932 3967 3975 4025 4119 4193
2992 3017 3061 3141 3242 3356 3503 3627 3782 3907 3968 4004 4033 4052 4148 4318 4440 4433 4425 4418 4422 4464 4493 4417 4285 4083 3918 3839 3772 3701 3628 3586 3548 3510 3506 3490 3502 3519 3570 3659 3686 3615 3613 3631 3656 3691 3745 3796 3858 4005 4149 4242 4240 4225 4235 4344 4476 4495 4400 4350 4343 4310 4197 4128 4093 4072 4056 4036 4021 4004 3982 3951 3962 3960 3960 3954 3934 3941 3960 3978 3978 4075 4160 4241
2955 2965 3013 3070 3149 3255 3425 3574 3743 3873 3966 4011 4042 4083 4160 4285 4419 4459 4461 4411 4293 4214 4216 4134 3995 3803 3664 3624 3589 3555 3526 3487 3440 3420 3394 3381 3414 3417 3472 3501 3459 3413 3435 3455 3467 3501 3558 3569 3622 3795 3953 4053 4133 4172 4219 4282 4356 4413 4439 4426 4415 4392 4285 4177 4119 4092 4073 4057 4040 4029 4014 3997 3987 3976 3966 3951 3944 3956 3975 3995 4038 4135 4199 4264
2947 2946 2977 3031 3097 3186 3391 3560 3727 3907 3970 4016 4059 4093 4170 4305 4482 4448 4352 4236 4114 4026 3948 3858 3735 3585 3485 3448 3424 3405 3412 3377 3319 3292 3273 3259 3221 3271 3320 3306 3226 3267 3291 3302 3308 3321 3366 3387 3456 3641 3813 3959 4051 4104 4125 4192 4233 4326 4536 4513 4461 4390 4311 4200 4139 4113 4094 4079 4067 4057 4049 4035 4014 3996 3972 3944 3941 3943 4014 4078 4034 4128 4197 4294
2954 2944 2972 3010 3068 3176 3345 3513 3669 3826 3923 4005 4088 4166 4219 4344 4474 4340 4129 3935 3885 3814 3715 3623 3540 3432 3349 3303 3274 3247 3222 3189 3169 3160 3158 3158 3189 3187 3170 3149 3167 3182 3187 3190 3192 3183 3238 3287 3369 3537 3708 3888 3975 4058 4119 4103 4145 4284 4483 4506 4466 4393 4278 4213 4164 4136 4114 4091 4083 4073 4068 4053 4035 4017 3999 3988 3964 3956 3997 4080 4108 4118 4150 4207
2925 2924 2956 3002 3082 3209 3324 3442 3602 3717 3848 3986 4102 4198 4223 4216 4202 4125 3919 3727 3670 3609 3521 3429 3373 3296 3227 3182 3144 3105 3041 2985 3032 3053 3062 3067 3063 3073 3099 3122 3100 3098 3108 3108 3121 3160 3227 3234 3306 3461 3616 3736 3829 3887 3928 3957 3995 4086 4301 4364 4403 4427 4340 4264 4223 4185 4152 4129 4117 4097 4081 4064 4052 4038 4027 4025 4001 3998 4041 4009 4076 4094 4126 4200
2913 2926 2954 3033 3168 3312 3405 3503 3610 3708 3842 3970 4064 4126 4026 3951 3902 3877 3724 3583 3503 3449 3390 3342 3242 3153 3108 3077 3043 3001 2956 2945 2946 2960 2975 2984 3005 3026 3013 3007 2999 3011 3030 3050 3070 3090 3209 3280 3332 3426 3543 3665 3745 3745 3772 3796 3803 3832 4009 4082 4171 4309 4349 4335 4277 4220 4177 4149 4129 4113 4092 4077 4069 4056 4043 4030 4015 4008 4080 4011 4043 4063 4130 4218
2914 2943 2995 3100 3229 3463 3547 3569 3656 3815 3930 3955 3969 3962 3805 3722 3694 3634 3538 3463 3410 3345 3279 3233 3113 3021 3007 2989 2962 2930 2907 2899 2885 2886 2893 2899 2906 2899 2917 2927 2969 2965 2967 2994 3030 3079 3180 3253 3320 3388 3465 3548 3621 3682 3671 3646 3626 3618 3656 3714 3763 3854 4075 4293 4246 4187 4156 4143 4134 4136 4126 4108 4090 4072 4056 4035 4032 4039 4039 4002 4012 4053 4178 4265
2937 3004 3087 3187 3355 3585 3697 3596 3688 3859 3939 3881 3807 3697 3563 3513 3429 3364 3367 3339 3334 3262 3171 3086 3014 2958 2938 2915 2892 2866 2845 2821 2817 2820 2823 2822 2814 2800 2844 2880 2881 2865 2895 2941 3001 3085 3191 3275 3310 3335 3364 3392 3435 3545 3532 3486 3446 3407 3322 3365 3403 3507 3768 4012 4075 4084 4093 4110 4136 4149 4165 4138 4113 4091 4073 4065 4065 4071 4027 4007 4001 4084 4231 4293
2964 3049 3124 3204 3349 3540 3555 3673 3804 3880 3868 3774 3635 3501 3449 3367 3306 3272 3243 3258 3235 3153 3068 2980 2959 2948 2889 2854 2829 2807 2784 2762 2760 2761 2760 2760 2760 2783 2777 2779 2782 2771 2828 2887 2959 3048 3181 3272 3281 3276 3271 3259 3263 3323 3339 3312 3268 3199 3091 3118 3162 3241 3476 3707 3853 3945 4017 4076 4119 4148 4171 4152 4128 4104 4081 4064 4055 4050 4011 3997 4025 4130 4204 4307
2991 3080 3141 3210 3326 3390 3423 3750 3932 3871 3817 3659 3500 3391 3320 3255 3180 3087 3116 3135 3092 3042 2985 2922 2866 2831 2813 2790 2769 2755 2739 2729 2723 2720 2717 2712 2708 2702 2712 2731 2748 2748 2781 2831 2897 2990 3117 3232 3235 3195 3163 3147 3140 3125 3152 3135 3086 3014 2934 2974 3017 3088 3256 3453 3639 3794 3918 4018 4097 4165 4180 4173 4156 4132 4103 4065 4025 4032 3996 3944 4063 4121 4239 4326
3002 3084 3139 3200 3315 3349 3469 3714 3827 3776 3641 3555 3442 3318 3251 3168 3045 2971 3029 3131 3126 2932 2952 2925 2828 2764 2740 2724 2717 2707 2698 2695 2690 2682 2675 2667 2657 2654 2649 2665 2691 2711 2730 2764 2816 2888 2993 3184 3147 3100 3063 3041 3044 3035 3015 2995 2949 2874 2885 2913 2948 3018 3088 3250 3463 3666 3834 3976 4092 4199 4243 4206 4182 4156 4126 4091 4059 4014 3978 4013 4151 4155 4228 4298
3006 3058 3133 3211 3339 3384 3542 3671 3716 3678 3595 3498 3396 3299 3218 3101 2958 2901 2952 2972 2933 2939 2964 2943 2828 2702 2660 2657 2656 2658 2657 2660 2655 2645 2635 2625 2615 2601 2584 2562 2587 2621 2646 2677 2713 2754 2816 2938 2980 2965 2943 2916 2881 2876 2903 2908 2888 2856 2867 2892 2928 2949 2968 3121 3355 3574 3774 3943 4092 4220 4277 4237 4214 4190 4164 4137 4101 4064 3988 4054 4142 4235 4223 4266
3009 3069 3140 3220 3268 3451 3593 3631 3618 3604 3543 3429 3311 3218 3153 2986 2895 2880 2929 2920 2952 2916 2897 2815 2586 2567 2576 2584 2609 2612 2614 2618 2617 2606 2594 2584 2572 2557 2536 2512 2511 2529 2560 2589 2608 2621 2626 2725 2795 2815 2813 2796 2773 2787 2834 2870 2885 2861 2857 2867 2886 2906 2912 3079 3311 3530 3735 3924 4092 4235 4303 4246 4225 4204 4190 4180 4173 4110 4035 4041 4082 4226 4231 4248
3010 3066 3112 3184 3287 3399 3530 3584 3613 3531 3450 3319 3172 3159 3091 2908 2835 2818 2872 2898 2928 2810 2716 2614 2486 2500 2517 2551 2560 2566 2568 2576 2574 2566 2559 2549 2537 2522 2502 2479 2474 2487 2505 2522 2530 2530 2543 2606 2650 2673 2687 2693 2700 2729 2788 2851 2915 2940 2864 2855 2863 2919 2996 3135 3317 3514 3716 3913 4093 4230 4296 4244 4221 4200 4187 4185 4187 4094 4038 4085 4095 4181 4213 4242
3009 3059 3105 3181 3303 3366 3444 3497 3471 3415 3319 3196 3106 3138 2998 2924 2805 2755 2880 2895 2731 2614 2536 2486 2475 2482 2505 2518 2527 2533 2538 2542 2538 2531 2526 2518 2506 2490 2470 2456 2454 2457 2459 2463 2465 2464 2479 2525 2535 2560 2590 2608 2621 2668 2738 2813 2902 2948 2925 2907 2888 3002 3158 3225 3351 3520 3711 3911 4104 4250 4256 4232 4206 4186 4174 4158 4125 4037 4063 4089 4128 4159 4188 4246
3015 3078 3159 3232 3354 3444 3384 3437 3396 3358 3285 3205 3167 3089 2999 2858 2775 2767 2869 2775 2558 2450 2397 2427 2464 2469 2479 2488 2495 2500 2502 2506 2505 2502 2497 2491 2482 2467 2451 2444 2439 2429 2423 2424 2423 2421 2431 2429 2445 2488 2520 2542 2564 2606 2680 2753 2821 2875 2920 2973 3001 3044 3151 3230 3348 3503 3682 3879 4089 4291 4237 4195 4170 4157 4145 4126 4081 4040 4069 4094 4135 4172 4210 4273
3031 3082 3122 3221 3343 3372 3307 3386 3418 3391 3306 3214 3114 3066 2937 2848 2768 2686 2684 2600 2456 2391 2402 2431 2453 2452 2458 2465 2469 2473 2476 2478 2486 2483 2477 2476 2471 2463 2449 2432 2421 2411 2404 2398 2391 2384 2378 2386 2410 2444 2474 2500 2527 2576 2630 2692 2742 2786 2819 2837 2893 2949 3021 3164 3303 3453 3618 3790 3978 4142 4126 4114 4109 4107 4109 4106 4097 4093 4080 4092 4157 4212 4245 4288
3035 3075 3113 3202 3265 3204 3208 3320 3394 3388 3288 3156 3131 3050 2888 2843 2759 2659 2569 2444 2351 2336 2424 2422 2420 2432 2437 2446 2451 2454 2454 2454 2456 2458 2464 2472 2478 2478 2462 2444 2422 2404 2393 2380 2367 2357 2344 2358 2395 2419 2443 2469 2498 2527 2584 2641 2688 2729 2768 2796 2810 2878 2969 3101 3240 3379 3530 3674 3803 3918 3967 4006 4033 4060 4087 4105 4120 4104 4082 4104 4190 4256 4259 4287
3035 3069 3090 3177 3214 3118 3151 3244 3368 3399 3306 3198 3178 3119 2933 2790 2684 2611 2536 2407 2284 2280 2399 2403 2400 2412 2422 2428 2434 2436 2436 2433 2434 2439 2455 2479 2498 2505 2491 2459 2431 2408 2388 2366 2350 2337 2340 2354 2385 2398 2416 2438 2467 2502 2551 2601 2656 2706 2747 2779 2800 2851 2942 3061 3190 3321 3445 3559 3655 3759 3828 3906 3973 4028 4082 4121 4142 4128 4093 4140 4204 4245 4245 4277
