real_craters/C194-500m.grd
DSAA
369 369
-91.875 91.875
-91.875 91.875
1046.9754739145 5697.5168791745
[rows 270 to 299 of 369, columns 67 to 133 of 369]
3469.24 3469.72 3468.97 3468.04 3468.48 3468.59 3468.13 3466.88 3466.51 3466.81 3466.39 3466.54 3467.51 3468.12 3468.99 3468.31 3471.57 3475.31 3479.46 3482.81 3475.01 3462.97 3453.94 3464.83 3476.52 3477.18 3479.63 3481.36 3482.81 3484 3483.77 3479.69 3475.98 3473.15 3470.06 3464.6 3460.61 3460.33 3467.84 3481.5 3486.35 3479.51 3472.8 3465.48 3463.4 3461.83 3460.19 3464.45 3471.47 3478.05 3474.42 3469.86 3470.14 3476.64 3483.79 3489.63 3493.8 3497.01 3501.97 3504.15 3506.73 3509.22 3511.1 3511.77 3509.09 3502 3459.06
3467.11 3467.94 3467.12 3467.42 3468.17 3468.49 3468.86 3468.51 3468.4 3468.4 3467.31 3466.89 3467.01 3467.07 3467.13 3466.81 3468.29 3468.48 3466.32 3465.26 3463.15 3459.99 3459.51 3468.33 3470.92 3466.25 3471.73 3475.6 3479.19 3483.92 3482.52 3475.66 3470.35 3466.07 3462.44 3459.06 3455.41 3452.66 3452.37 3466.41 3477.97 3478.3 3475.46 3472.4 3470 3468.81 3469.7 3469.66 3473.13 3478.43 3473.14 3466.96 3469.45 3473.57 3482.41 3488.53 3493.42 3497.04 3500.64 3503.3 3505.62 3508.05 3508.72 3508.48 3507.04 3496.86 3467.65
3465.37 3463.57 3465.49 3466.47 3466.6 3466.49 3467.57 3467.08 3467.37 3467.07 3466.09 3466.05 3465.73 3466.13 3467.04 3470.44 3468.82 3464.52 3459.13 3453.24 3458.22 3459.86 3462.29 3469.87 3467.95 3464.52 3466.86 3469.79 3472.16 3472.66 3470.37 3467.9 3464.08 3460.26 3457.5 3454.81 3451.26 3446.09 3439.01 3449.69 3469.38 3477.4 3478.95 3476.04 3476.75 3475.32 3472.54 3473.08 3471.59 3469.59 3474.34 3474.29 3474.22 3480.2 3484.7 3489.22 3492.92 3496.57 3500.44 3503.39 3505.83 3506.93 3505.64 3506.02 3506.41 3499.16 3468.34
3464.42 3467.4 3469.52 3465.95 3465.23 3465.49 3465.76 3466.83 3467.55 3468.01 3467.18 3467.27 3466.89 3466.22 3465.21 3463.33 3462.6 3464.01 3464.22 3463.35 3461.69 3461.37 3463.38 3464.34 3462.37 3461.18 3463.82 3465.99 3466.76 3465.73 3463.51 3461.93 3458.9 3455.8 3454.24 3453.03 3451.33 3449.67 3450.17 3474.17 3478.27 3480.28 3482.95 3487.62 3487.17 3483.1 3480.56 3478.41 3477.37 3477.32 3480.4 3478.92 3475.88 3483.93 3487.11 3490.47 3493.06 3495.79 3498.96 3501.47 3503.76 3506.04 3507.22 3506.75 3505.03 3498.8 3468.7
3461.94 3462.38 3461.29 3463.01 3463.27 3463.8 3464.35 3465.09 3465.68 3466.17 3467.6 3467.38 3467.22 3465.94 3464.61 3463.34 3464.09 3466.85 3470.05 3470.27 3467.86 3464.32 3461.96 3463.39 3463.22 3462.33 3462.74 3463.58 3463.75 3462.63 3460.43 3458.96 3455.75 3451.48 3453.05 3454.19 3455.34 3458.49 3466.96 3471.73 3478.38 3481.97 3484.11 3484.32 3483.58 3485.5 3484.43 3482.62 3484.11 3486.92 3491.43 3487.76 3475.57 3485.98 3489.14 3490.6 3491.64 3493.21 3496.69 3498.48 3500.85 3503.93 3510.26 3507.6 3503.42 3500.27 3474.61
3459.17 3458.56 3461.04 3460.36 3461.08 3462.03 3463.41 3464.42 3465 3465.66 3466.38 3466.64 3466.87 3466.81 3466.12 3465.4 3466.21 3470.74 3474.64 3474.78 3473.95 3475.79 3473.36 3469.92 3464.54 3463.11 3463.01 3462.65 3462.19 3461.33 3460.21 3458.23 3457.41 3459.42 3456.05 3457.54 3460.37 3464.5 3468.31 3470.49 3478.67 3483.61 3485.91 3485.59 3484.67 3486.2 3484.77 3482.36 3482.85 3484.31 3485.37 3482.73 3476 3488.88 3490.41 3491.16 3491.32 3493.8 3495.4 3496.31 3497.26 3497.96 3498.57 3499.75 3498.76 3497.51 3484.18
3457.38 3456.16 3456.04 3457.02 3458.75 3460.28 3461.53 3462.61 3463.7 3464.57 3465.54 3466.52 3467.36 3467.53 3467.77 3468.4 3469.81 3475.35 3479.64 3477.34 3474.14 3478.33 3476.56 3469.66 3466.12 3465.22 3464.58 3463.36 3462.55 3461.48 3459.97 3458 3455.83 3456.3 3458.39 3461.71 3466.04 3470.82 3475.62 3480.14 3483.77 3486.93 3489.38 3490.9 3491.03 3486.98 3484.48 3480.13 3473.93 3478.03 3479.93 3480.4 3481.89 3485.29 3488.26 3490.7 3492.1 3493.14 3493.66 3493.77 3493.55 3492.22 3489.67 3492.77 3495.33 3497.53 3493.13
3456.34 3454.24 3451.63 3454.67 3456.75 3458.33 3460.14 3461.54 3462.92 3464.2 3465.34 3466.56 3467.84 3468.91 3470.14 3472.06 3477.74 3480.08 3482.54 3477.81 3467.14 3457.67 3464.56 3470 3471.36 3468.14 3466.38 3465.09 3463.5 3462.08 3462.09 3457.25 3452.74 3453.29 3458.86 3464.71 3470.52 3475.86 3481.18 3488 3487.87 3488.68 3491.88 3496.07 3500.75 3498.67 3486.72 3480.1 3480.51 3481.77 3487.58 3484.87 3482.17 3483.84 3487.39 3489.69 3490.73 3491.48 3491.63 3491.43 3490.84 3490.01 3489.59 3488.6 3492.85 3501.38 3504.8
3455.83 3454.65 3454.45 3454.5 3456.36 3458.32 3460.23 3462.18 3464.17 3465.93 3467.65 3469.23 3471.12 3472.54 3473.73 3474.91 3474.93 3486.12 3491.97 3482.41 3466.28 3449.82 3470.28 3478.42 3471.32 3470.25 3468.66 3466.66 3464.29 3461.66 3457.04 3454.75 3453.04 3455.01 3461.82 3468.19 3474 3480.37 3485.66 3487.09 3486.23 3486.53 3489.36 3495.08 3504.22 3491.36 3484.21 3477.9 3474.11 3484.7 3492.92 3488.82 3485.71 3487.29 3488.28 3489.28 3489.78 3490.04 3489.82 3489.51 3489.05 3488.61 3486.71 3483.14 3483.45 3505.61 3520.48
3457.35 3456.55 3454.92 3455.73 3456.89 3458.59 3460.5 3462.71 3464.75 3466.77 3468.21 3470.34 3472.55 3475.03 3477.71 3480.33 3484.39 3493.6 3501.23 3490.96 3479.09 3468.12 3486.13 3487.16 3476.31 3474.27 3471.82 3468.64 3465.6 3462.27 3458.33 3456.71 3458.41 3461.54 3466.14 3471.32 3476.61 3482.09 3488.82 3485.64 3481.87 3482.64 3484.77 3486.64 3486.04 3483.74 3480.01 3477.5 3477.42 3486.3 3493.99 3488.67 3486.18 3488.4 3489.27 3489.11 3488.8 3488.66 3488.31 3487.55 3486.91 3485.45 3483.53 3479.73 3477.44 3492.6 3497.1
3458.56 3458.48 3458.31 3457.06 3457.09 3458.95 3461.2 3463.5 3465.79 3468.16 3470.6 3473.01 3475.75 3478.81 3482.48 3486.61 3491.82 3497.16 3498.68 3497.09 3495.75 3495.7 3495.87 3493.45 3485.89 3479.83 3475.6 3471.74 3468.71 3465.7 3462.39 3462.61 3467.98 3468.84 3470.77 3474.31 3477.9 3480.05 3478.63 3472.51 3474.2 3478.3 3480.28 3478.99 3472.94 3474.24 3477.7 3479.5 3482.12 3483.31 3488.18 3488.42 3487.96 3489.29 3489.37 3488.1 3487.64 3487.05 3486.45 3485.77 3484.74 3483 3480.7 3478.97 3478.28 3473.29 3465.01
3460.08 3459.62 3458.05 3455.92 3457.27 3459.91 3462.29 3464.6 3466.97 3469.9 3472.54 3475.33 3478.41 3481.81 3485.8 3491.04 3498.52 3500.83 3498.39 3498.12 3501.33 3502.42 3491.68 3490.06 3487.82 3482.51 3477.71 3474.3 3471.78 3470.31 3470.78 3473.15 3470.06 3472.32 3474.02 3476.82 3480.1 3480.92 3474.84 3473.05 3473.72 3477.46 3479.25 3478.08 3474.64 3476.58 3480.02 3479.79 3478.62 3477.77 3479.32 3486.7 3488.74 3488.11 3486.78 3487.28 3487.29 3487.08 3486.06 3484.95 3483.5 3482.06 3479.18 3475.78 3471.13 3461.83 3443.31
3462.68 3462.13 3458.73 3454.8 3460.03 3462.47 3465.31 3467.88 3469.31 3471.9 3474.63 3477.68 3480.73 3484.01 3488.1 3492.06 3495.15 3492.34 3490.37 3493.65 3494.42 3490.18 3480.77 3487.29 3486.42 3482.5 3479.15 3476.28 3474.2 3472.92 3473.02 3473.3 3475.83 3474.06 3475.99 3479.27 3482.93 3486.9 3489.4 3483.61 3481.52 3480.66 3481.92 3483.84 3485.23 3489.56 3485.69 3484.76 3482.12 3478.7 3482.16 3488.47 3490.3 3488.04 3485.76 3486.97 3488.18 3487.79 3486.61 3484.63 3482.25 3478.6 3475.6 3471.8 3468.02 3464.05 3466
3465.91 3465.69 3467.46 3469.62 3465.06 3465.57 3467.81 3470.45 3473.21 3476.13 3479.11 3482.12 3483.34 3487.21 3489.69 3491.26 3490.1 3484.73 3485.56 3489.81 3491.82 3490.88 3487.24 3486.41 3485.23 3482.01 3479.06 3476.82 3475.02 3473.49 3470.89 3465.91 3468.26 3472.25 3475.95 3480.06 3484.38 3489.21 3490.53 3487.02 3483.37 3483.81 3484.77 3488.07 3494.88 3489.65 3488.55 3486.87 3484.13 3480.63 3486.6 3497.79 3494.85 3490.63 3486.02 3489.69 3490.79 3489.88 3487.68 3484.46 3480.62 3477.28 3471.75 3466.61 3463.59 3463.61 3465.94
3467.92 3467.75 3468.47 3468.43 3467.72 3467.93 3469.56 3471.77 3475.72 3478.71 3481.8 3484.88 3487.84 3490.43 3492.15 3491.5 3488.63 3481.3 3485.51 3487.83 3494.54 3494.98 3493.47 3485.21 3482.07 3481.01 3479.22 3477.32 3475.74 3474.35 3472.69 3470.17 3464.78 3470.73 3475.61 3479.95 3483.96 3488.65 3491.23 3488.53 3488.5 3485.06 3485.13 3487.39 3490.7 3489.54 3489.46 3491.5 3488.72 3487.91 3491.24 3496.73 3498.43 3497.68 3498.96 3496.66 3495.65 3493.41 3489.93 3484.99 3478.86 3472.53 3467.52 3460.77 3459.23 3459.14 3457.18
3466.83 3467.55 3468.39 3467.63 3468.03 3469.69 3471.81 3473.98 3476.69 3479.6 3480.93 3483.93 3486.97 3489.88 3492.46 3496.09 3495.79 3499.38 3492.93 3484.88 3472.89 3480.71 3480.43 3474.9 3478.58 3479.23 3479.16 3478.33 3477.12 3476.14 3475.75 3476.83 3472.77 3473.34 3476.67 3479.87 3482.25 3482.31 3483.04 3483.67 3480.82 3482.4 3483.02 3482.34 3478.46 3482.59 3487.44 3490.2 3489.95 3489.83 3492.74 3497.17 3500.72 3502.73 3501.93 3503.3 3501.57 3497.59 3492.9 3487.26 3479.15 3471.01 3467.89 3462.02 3458.68 3456.24 3452.53
3464.78 3467.17 3467.64 3467.23 3468.08 3470.6 3473.09 3475.7 3477.17 3479.8 3482.55 3484.73 3487.61 3490.66 3493.96 3498.65 3502.25 3508.29 3497.9 3491.21 3485.52 3486.8 3484.75 3479.61 3479.04 3479.23 3478.35 3477.68 3476.81 3476.48 3475.97 3475 3473.16 3475.67 3478.46 3480.68 3481.9 3482.48 3481.77 3480.79 3480.83 3480.72 3480.71 3481.33 3479.72 3479.07 3485.07 3490.66 3486.23 3487.07 3490.99 3497.46 3502.81 3508.14 3513.2 3512.27 3507.6 3502.26 3496.92 3491.35 3485.14 3477.89 3473.12 3469.05 3461.71 3454.71 3448.22
3465.89 3468.15 3468.98 3467.97 3469.99 3471.79 3473.44 3475.38 3477.45 3479.59 3481.91 3484.39 3487.49 3490.49 3494.04 3497.37 3502.66 3496.86 3493.83 3500.49 3505.3 3499.09 3495.01 3488.65 3483.14 3480.32 3479.21 3478.72 3477.9 3476.81 3475.9 3475.62 3476.11 3479.61 3481.32 3482.38 3482.58 3481.96 3479.85 3477.77 3479.51 3475.02 3477.13 3481.68 3482.54 3475.37 3478.82 3484.85 3480.43 3473.36 3488.9 3496.81 3502.79 3510.61 3519.04 3517.64 3510.76 3504.66 3499.45 3495.41 3493.28 3487.13 3477.05 3469.51 3461.57 3454.03 3447.1
3469.88 3470.79 3471.63 3473.42 3473.72 3472.88 3473.95 3475.53 3477.29 3479.13 3479.46 3481.42 3483.66 3487.53 3490.61 3493.26 3497.72 3488.38 3490.8 3505.18 3510.87 3501.72 3496.37 3490.79 3484.9 3481.65 3480.06 3479.43 3479.45 3478.69 3477.63 3476.56 3485.55 3485.37 3485.17 3484.67 3484.12 3482.85 3478.92 3472.47 3457.99 3465.05 3472.57 3476.73 3476.22 3470.75 3473.37 3480.14 3486.09 3488.32 3484.24 3491.19 3499.5 3507.51 3514.65 3514.9 3508.96 3503.53 3499.18 3495.34 3491.54 3485.7 3477.04 3468.43 3462 3455.68 3449.81
3474.92 3474.27 3473.52 3472.34 3471.58 3472.71 3474.38 3474.85 3476.08 3478.6 3480.19 3481.82 3483.49 3485.59 3487.1 3488.22 3491.36 3494.52 3497.76 3501.97 3504.18 3493.49 3482.8 3482.88 3482.8 3481.5 3481.01 3480.27 3480.25 3480.4 3481.32 3485.38 3489.83 3489.99 3489.04 3487.66 3485.52 3482.01 3480.08 3476.09 3475.4 3474.38 3472.15 3470.17 3469.58 3469.16 3469.65 3477.69 3487.77 3490.02 3483.63 3488.56 3495.62 3501.08 3504.71 3504.42 3502.68 3499.62 3496.17 3492.19 3487.1 3480.88 3473.26 3466.51 3460.78 3456.42 3451.71
3479.63 3477.43 3475.17 3471.99 3470.41 3473.76 3475.83 3477.46 3479.35 3480.88 3482.69 3483.93 3484.82 3485.35 3484.75 3483.16 3478.92 3488.06 3493.71 3491.19 3491.82 3489.85 3484.22 3481.43 3481.08 3480.92 3481.35 3481.52 3482.52 3484.12 3485.22 3486.74 3493.43 3492.21 3491.71 3490.93 3487.94 3483.72 3482.98 3480.77 3479.16 3476.84 3474.8 3470.01 3470.09 3470.56 3473.62 3481.7 3490.39 3493.1 3492.67 3490.84 3492.7 3494.81 3495.16 3494.83 3495.36 3494.91 3492.94 3489.28 3483.29 3477.7 3469.95 3463.72 3460.14 3456.71 3453.49
3482.88 3479.95 3477.41 3475.48 3474.78 3475.52 3477.25 3478.59 3479.95 3481.46 3482.7 3483.27 3483.96 3483.98 3483.07 3481.37 3481.19 3485.86 3489.97 3485.18 3490.45 3495 3488.12 3484.45 3483.27 3483.04 3484.1 3484.8 3486.24 3487.59 3490.53 3492.49 3490.9 3492.44 3494.17 3495.18 3495.17 3492.44 3488.65 3484.82 3480.58 3478.1 3480.22 3484.41 3478.3 3479.25 3485.89 3482.81 3485.96 3487.65 3488.87 3489.48 3490.13 3490.43 3489.17 3487.42 3489.88 3490.9 3490.59 3489.24 3484.83 3480.13 3472.71 3466.46 3461.9 3456.96 3452.81
3483.87 3480.84 3478.88 3477.4 3478.17 3476.75 3477.6 3478.22 3479.19 3480.28 3481.88 3482.9 3483.43 3483.55 3483.32 3482.5 3482.56 3485.3 3485.9 3483.16 3498.38 3504.08 3494.65 3486.94 3485.36 3485.62 3486.16 3487.03 3487.72 3488.93 3490.59 3491.62 3490.27 3492.88 3495.2 3498.3 3501.91 3500.23 3493.78 3488.45 3485.75 3483.47 3479.16 3485.18 3475.46 3472.81 3473.53 3475.26 3475.26 3481.36 3484.75 3487.02 3488 3487.6 3486.71 3488.37 3486.11 3486.75 3487.8 3490.07 3491.67 3484.81 3481.27 3472.48 3464.62 3458.17 3452.02
3479.75 3478.95 3478.58 3478.5 3477.72 3477.33 3477.71 3477.9 3478.39 3479.31 3480.47 3481.34 3482.42 3483.31 3484.17 3484.95 3483.74 3479.94 3477.33 3492.02 3505.03 3501.85 3485.61 3486.31 3487 3487.36 3487.62 3488.36 3489.18 3489.47 3488.86 3489.86 3496.03 3492.67 3492.63 3497.3 3504.61 3502.85 3495.3 3488.63 3483.49 3480.08 3464.07 3447.82 3461.81 3464.03 3468.03 3474.43 3479.1 3484 3486.56 3487.35 3487.12 3485.9 3483.89 3480.13 3481.93 3482.83 3483.31 3484.41 3486.12 3483.11 3477.65 3473.25 3466.41 3459.2 3452.02
3473.7 3476.69 3477.53 3477.29 3475.67 3476.83 3476.86 3476.82 3477.68 3478.86 3480.32 3481.86 3483.2 3484.61 3485.48 3486.45 3485.13 3478.91 3477.42 3485.97 3490.24 3490.84 3487.31 3487.61 3488.14 3488.71 3489.3 3489.94 3490.38 3490.33 3488.67 3484.65 3479.81 3479.28 3485.75 3492.46 3495.16 3497.24 3493.76 3486.7 3475.66 3454.45 3465.27 3464.83 3461.96 3457.88 3459.87 3478.39 3491.41 3491.19 3490.02 3488.16 3486.39 3484.87 3483.81 3482.77 3481.84 3479.59 3477.34 3475.5 3476.24 3480.12 3480.6 3474.93 3467.85 3460.6 3453.59
3475.56 3475.87 3475.71 3475.34 3476.59 3474.26 3473.96 3474.34 3475.9 3477.77 3479.77 3481.37 3482.95 3484.73 3486.09 3486.09 3483.49 3478.18 3473.17 3476.92 3492.3 3495.71 3493.68 3491.19 3490.67 3490.63 3490.78 3491.06 3491.27 3491.78 3490.3 3481.38 3467.45 3467.5 3480.47 3489.87 3497.21 3496.33 3493.56 3488.17 3481.61 3480.42 3483.12 3482.91 3472.21 3464.01 3469.85 3483.29 3495.26 3493.71 3491.2 3488.13 3485.83 3483.99 3483.31 3484.76 3481.26 3476.25 3472.5 3468.61 3469.73 3477.85 3482.55 3475.59 3468.34 3461.9 3456.3
3476.61 3474.79 3472.81 3471.14 3469.81 3468.92 3470.05 3471.67 3473.91 3476.36 3478 3480.75 3483.38 3484.83 3486.45 3486.87 3484.5 3479.26 3473.78 3472.34 3484.75 3491.61 3492.94 3493.14 3492.56 3491.91 3491.44 3490.87 3491.05 3491.37 3490.69 3481.88 3473.76 3474.51 3482.01 3490.77 3496.54 3498.21 3496.48 3492.07 3488.65 3487.4 3491.61 3489.95 3481.25 3477.86 3479.7 3484.43 3488.34 3494.13 3490.33 3486.14 3483.48 3481.36 3480.18 3478.75 3476.45 3472.36 3468.39 3468.33 3468.79 3471.45 3474.45 3471.8 3467.28 3462.55 3458.35
3478.22 3472.36 3468.08 3464.95 3461.73 3461.84 3464.86 3467.72 3470.82 3473.99 3476.64 3479.57 3482.05 3485.05 3487.45 3487.71 3486.91 3483.46 3477.34 3476.85 3487.89 3492.46 3494.3 3495.15 3493.18 3492.18 3491.78 3491.93 3490.61 3488.42 3485.44 3481.22 3477.73 3479.12 3486.3 3495.29 3499.55 3501.07 3499.08 3496.41 3493.69 3491.6 3491.46 3489.26 3484.01 3482.77 3489.25 3489.77 3484.63 3484.02 3483.74 3481.4 3479.35 3477.32 3475.59 3475.2 3473.5 3468.11 3464.16 3459.38 3463.04 3465.63 3466.35 3467.75 3465.71 3462.26 3458.64
3469.95 3466.73 3463.48 3459.41 3455.43 3456.99 3461.68 3466.11 3470.37 3473.81 3476.93 3478.5 3481.35 3484.53 3488.53 3493.06 3491.63 3490.43 3492.07 3488.68 3488.03 3491.81 3495.62 3495.7 3494.18 3493.9 3492.02 3490.09 3488.67 3486.79 3484.71 3480.27 3478.43 3480.67 3488.18 3500.49 3509.23 3504.05 3500.42 3497.91 3496.52 3496.7 3491.5 3487.07 3483.61 3478.91 3484.36 3487.3 3481.52 3473.81 3476.23 3476.75 3475.16 3472.91 3469.62 3466.09 3463.33 3462.82 3463.85 3462.58 3465.02 3470.44 3470.12 3466.89 3464.54 3461.75 3458.6
3461.23 3462.49 3460.93 3457.61 3452.9 3453 3460.67 3466.29 3470.33 3473 3474.89 3477.59 3479.51 3482.29 3486.76 3491.99 3492.62 3492.49 3495.64 3487.74 3491.18 3503.1 3499.12 3496.7 3494.23 3492.1 3489.96 3488.17 3486.68 3485.46 3482.4 3478.43 3475.18 3476.59 3484.17 3495.94 3502.9 3502.25 3499.69 3496.99 3495.43 3493.86 3491.46 3487.86 3485.43 3483.16 3485.24 3488.25 3483.26 3477.26 3475.75 3475.5 3473.86 3470.79 3466.14 3458.24 3450.65 3462.05 3469.17 3472.4 3469.84 3467.03 3466.91 3465.6 3463.71 3461.83 3459.59
