real_craters/C194-300m.grd
DSAA
613 613
-91.875 91.875
-91.875 91.875
1037.8288180861 5697.0865043165
[rows 210 to 239 of 613, columns 67 to 133 of 613]
2457.4 2423.77 2392.88 2360.94 2326.89 2293.24 2260.53 2225.25 2189.57 2151.17 2112.93 2095.29 2072.13 2002.01 1936.55 1879.59 1819.6 1750.68 1708.05 1697.52 1697.17 1710.12 1722.15 1741.3 1753.75 1774.46 1807.66 1820.3 1832.48 1842.67 1850.77 1857.72 1867.7 1867.36 1867.38 1865.6 1860.39 1848.65 1834.88 1816.36 1795.28 1772.45 1745.68 1725.89 1714.53 1711.26 1710.09 1709.74 1705.51 1700.74 1695.07 1687.39 1678.93 1669.4 1659.28 1648.58 1637.6 1627.78 1621.52 1616.5 1610.67 1599.57 1595.11 1592.79 1595.56 1591.94 1589.63
2514.3 2480.8 2446.63 2412.37 2378.3 2344.64 2310.56 2277.07 2244.22 2209.61 2172.86 2152.14 2121.4 2055.87 1998.06 1943.7 1879.93 1804.27 1754.28 1743.39 1744.8 1756.01 1775 1791.65 1810.98 1838.54 1854.35 1868.22 1880.19 1891.56 1902.53 1910.53 1919.15 1927.54 1928.65 1926.8 1921.76 1913.78 1900.15 1882.93 1860.11 1834.25 1803.41 1776.15 1757.24 1763.99 1765.61 1760.44 1754.81 1747.44 1740.33 1731.51 1721.17 1709.79 1696.93 1684.12 1671.35 1659.28 1650.48 1649.34 1648.65 1636.87 1617.13 1594.21 1588.18 1591.4 1604.19
2573.7 2537.51 2501.21 2465.08 2430.54 2396.25 2362.97 2332.2 2301.81 2273.77 2243.02 2215.11 2160.8 2093.9 2049.89 2006.6 1944.33 1855.05 1804 1797.78 1797.53 1809.52 1829.08 1846.28 1865.58 1881.56 1906.73 1920.92 1934.3 1946.24 1956.94 1971.21 1981.01 1991.42 1993.59 1993.29 1989.72 1983.32 1971.05 1951.27 1929.44 1901.59 1868.12 1838.12 1814.62 1816.28 1816.56 1812.43 1805.41 1798.43 1788.12 1776.71 1764.44 1751.41 1736.77 1722.07 1706.77 1692.81 1682.94 1686.62 1694.23 1694.38 1653.31 1614.67 1604.21 1607.44 1622.94
2635.45 2594.8 2555.34 2518.42 2482.45 2448.34 2415.28 2382.32 2355.32 2334.52 2317.26 2288.36 2209.31 2138.77 2097.07 2058.8 2002.12 1921.78 1871.86 1859.17 1854.05 1866.33 1885.73 1901.7 1919.1 1937.75 1962.63 1977.18 1990.37 2003.45 2015.74 2033.16 2042.67 2052.81 2054.97 2056.94 2056.51 2052.85 2047.1 2033.77 2005.02 1972.21 1938.11 1911.51 1892.1 1884.69 1876.64 1866.31 1855.99 1847.58 1835.31 1822.36 1808.5 1793.68 1778.08 1761.87 1744.79 1728.67 1719.27 1725.24 1735.85 1734.75 1686.33 1647.8 1631.16 1632.7 1643.73
2696.85 2651.64 2608.67 2568.06 2529.26 2495.3 2461.33 2429.72 2403.05 2384.12 2367.03 2339.6 2258.91 2187.57 2139.59 2094.49 2043.62 1997.84 1940.88 1909.28 1913.4 1928.58 1948.72 1966.46 1981.24 2004.83 2023.33 2035.88 2049.21 2064.53 2072.99 2089.94 2099.12 2107.37 2113.72 2118.25 2121.06 2120.32 2119 2114.7 2076.85 2039.68 2005.52 1983.07 1975 1960.24 1938.44 1920.28 1905.44 1896.38 1882.32 1867.99 1853.42 1838.58 1822.32 1803.97 1786.21 1768.43 1756.3 1761.43 1767.94 1758.12 1714.95 1671.32 1658.39 1649.76 1665.39
2756.09 2707.45 2661.69 2618.98 2579.71 2542.38 2506.69 2474.36 2445.6 2419.36 2398.16 2373.76 2298.83 2230.77 2178.3 2130.16 2074.99 2018.26 1992.93 1977.82 1982.78 2000.74 2021.02 2037.04 2052.7 2066.69 2077.75 2090.72 2102.85 2119.31 2130.41 2141.78 2152.12 2163.06 2171.52 2178.41 2182.89 2181.72 2175.47 2162.98 2134.24 2096.69 2064 2038.18 2025.76 2012.4 1989.3 1969.16 1959.24 1943.93 1926.48 1911.19 1895.95 1881.21 1865.61 1848.82 1831.71 1814.04 1800.85 1796.68 1794.75 1784.19 1758.17 1728.62 1701.08 1683.45 1696.87
2810.07 2759.59 2712.33 2670.08 2628.07 2589.36 2551.47 2516.04 2482.78 2446.15 2412.49 2363.15 2318.68 2263.53 2209.98 2161.62 2107.8 2065.15 2047.6 2047.81 2057.42 2073.69 2090.93 2108.4 2118.99 2126.41 2138.68 2149.93 2161.74 2173.44 2187.56 2201.49 2212.54 2223.98 2232.99 2240.29 2244.8 2241.09 2227.73 2209.24 2186.19 2150.8 2114.56 2079.09 2046.56 2045.22 2029.29 2012.93 2003.86 1990.21 1974.93 1959.42 1943.67 1926.07 1910.31 1895.26 1879.26 1862.13 1845.36 1829.54 1812.32 1797.72 1786.25 1766.99 1747.52 1743.28 1738.94
2857.64 2807.88 2761.44 2717.26 2674.85 2637.66 2598.02 2557.54 2517.62 2478.58 2432.43 2380.8 2342.4 2296.11 2238.34 2178.77 2135.45 2111.76 2108.07 2118.55 2135.12 2148.84 2163.76 2174.93 2184.64 2193.85 2204.55 2212.11 2219.18 2230.06 2238.2 2249.78 2263.29 2274.85 2286.02 2294.53 2301.12 2301.54 2292.03 2271.97 2242.86 2204.5 2163.87 2121.81 2083.05 2070.92 2063.1 2052.23 2049.87 2035.34 2018.06 2002.21 1987.62 1972.01 1956.23 1940.72 1924.83 1910.26 1888.59 1862.32 1835.59 1813.4 1797.25 1788.15 1783.18 1780.11 1778.34
2900.05 2852.27 2805.57 2763.69 2721.4 2683.05 2642.07 2599.49 2558.01 2516.67 2467.76 2425.26 2395.66 2341.88 2279.97 2214.87 2161.92 2143.58 2169.95 2201.47 2216.76 2226.83 2233.8 2241.92 2248.09 2251.13 2258.12 2266.16 2273.81 2278.31 2289.34 2300.39 2311.61 2324.81 2338.02 2350.81 2360.58 2365.64 2362 2338.77 2302.12 2259.56 2216 2172.08 2130.6 2108.55 2102.98 2094.51 2093.76 2077.92 2061.74 2043.04 2028.72 2012.88 1997.88 1983.41 1967.69 1950.76 1926.9 1896.36 1861.01 1832.25 1809.38 1807.57 1814.9 1824.19 1821.76
2935.86 2892.04 2849.28 2807.38 2765.76 2726.92 2686.3 2642.83 2602.86 2561.88 2519.72 2489.4 2455.25 2394.84 2333.96 2270.22 2207.22 2195.95 2239.21 2283.42 2301.18 2301.38 2300.5 2304.65 2307.23 2313.51 2319.96 2326.73 2328.88 2336.75 2345.95 2349.53 2360.88 2374.02 2387.31 2402.14 2415.8 2425.88 2429.54 2400.26 2358.31 2313.18 2269.63 2228.07 2188.39 2159.32 2151.77 2140.12 2137.81 2120.57 2102.74 2082.8 2066.62 2050.64 2036.12 2022.39 2007.53 1986.8 1963.17 1933.42 1901.55 1859.71 1829.59 1830.14 1841.56 1861.76 1858.39
2965.79 2926.94 2886.21 2848.5 2809.95 2772.03 2730.56 2690.07 2653.51 2611.07 2574.42 2539.5 2497.59 2441.15 2387.62 2329.49 2273.84 2270.51 2312.46 2362.63 2379.75 2369.23 2361.2 2360.24 2359.88 2361.04 2370.3 2374.95 2378.22 2382.88 2390.81 2399.82 2409.1 2417.88 2430.66 2445.2 2462.67 2476.56 2477.95 2448.11 2404.69 2361.46 2320.47 2284.86 2255.96 2227.66 2211.37 2191.65 2182.64 2163.16 2143.04 2123.42 2103.22 2087.12 2072.57 2060.48 2049.6 2035.33 2006.28 1972.64 1930.75 1894.17 1860.25 1858.05 1860.96 1862.63 1858.91
2997.16 2963.4 2927.63 2890.79 2853.07 2815.21 2776.29 2737.13 2699.74 2659.55 2619 2571.98 2533.81 2477.3 2420.76 2377.89 2347.58 2348.33 2377.18 2414.92 2430.55 2417.15 2412.09 2409 2409.06 2410.22 2417.65 2422.3 2424 2425.98 2431.48 2438.85 2440.52 2453.43 2467.06 2480.78 2496.09 2513.11 2520.48 2481.66 2439.14 2399.53 2363.02 2333.61 2313.08 2302.13 2272.68 2250.38 2225.45 2201.28 2178.52 2159.33 2139.25 2120.76 2104.48 2091.52 2084.13 2074.71 2044.29 2016.13 1983.35 1941.01 1909.73 1894.8 1885.65 1875.31 1872.34
3027.59 2997.33 2964.7 2930.01 2896.76 2861.41 2825.14 2785.02 2746.51 2708.8 2661 2605.34 2573.22 2513.35 2452.45 2422.74 2414.39 2417.23 2430.47 2443.48 2448.12 2448.58 2449.82 2447.2 2449.45 2455.4 2459.48 2459.57 2462.52 2469 2473.16 2472.6 2479.82 2486.42 2495.75 2504.45 2513.48 2526.4 2528.38 2495.48 2459.25 2425.71 2395.14 2371.05 2357.24 2353.35 2323.73 2294.35 2264.51 2236.92 2211.41 2188.65 2167.54 2147.44 2128.8 2112.89 2101.01 2088.56 2064.58 2046.79 2027.18 1985.31 1956.12 1937.75 1922.9 1906.98 1897.42
3059.43 3031.96 3004.01 2973.67 2941.47 2907.6 2874.48 2836.4 2798.35 2759.33 2709.54 2656.87 2619.33 2550.82 2498.53 2480.93 2480.32 2480.21 2481.15 2481.09 2473.1 2477.73 2479.91 2481.24 2485.36 2491.23 2492.76 2497.27 2499.23 2499.06 2502.49 2504.84 2509.86 2512.92 2516.81 2518.59 2516.94 2515.25 2511.35 2490.55 2467.86 2440.93 2416.73 2398.73 2388.91 2390.87 2360.19 2328.78 2297.14 2267.99 2241.62 2217.02 2193.37 2171.67 2149.25 2127.95 2106.4 2090.69 2074.72 2044.01 2025.14 2020.66 2002.7 1983.25 1971.51 1963.13 1957.01
3090.05 3065.28 3039.06 3012.99 2983.93 2954.46 2924.73 2892.58 2855.52 2815.15 2767.74 2714.82 2658.51 2583.99 2529.38 2538.8 2550.2 2542.92 2532.08 2522.44 2514.21 2511.14 2511.52 2518.79 2522.09 2528.94 2528.23 2529.03 2534.83 2534.27 2537.01 2537.37 2537.45 2538.29 2533.7 2528.04 2516.99 2494.11 2485.18 2483.61 2471.44 2450.08 2428.4 2413.57 2411.86 2405.51 2383.13 2352.15 2321.24 2292.74 2266.08 2241.21 2217.02 2192.85 2168.61 2143.13 2118.62 2106.62 2101.93 2082.66 2059.87 2044.72 2033.51 2026.99 2025.68 2031.71 2050.68
3123.42 3101.05 3077.96 3054.12 3030.38 3003 2974.02 2943.33 2909.85 2871.84 2825.03 2766.14 2696.17 2634.82 2594.73 2613.39 2623.91 2604.74 2581.7 2558.73 2541.44 2543.86 2548.97 2557.01 2561.45 2565.04 2566.67 2569.4 2567.68 2567.8 2567.93 2565.57 2558.96 2556.63 2552.25 2545.89 2532.55 2505.4 2494.36 2491.45 2479.62 2458.35 2434.04 2408.62 2403.21 2417.27 2393.73 2365.66 2338.35 2311.64 2286.48 2262.36 2239.06 2217.78 2193.73 2167.86 2143.89 2140.31 2148.41 2154.68 2117.25 2067.22 2066.05 2071.77 2078.04 2089.54 2107.48
3150.63 3131.29 3112.73 3092.33 3072.18 3047.26 3023.81 2995.67 2962.5 2926.67 2876.36 2812.62 2754.19 2704.6 2683.06 2691.39 2689.51 2663.16 2633.15 2602.28 2579.37 2581.52 2590.91 2598.96 2605.85 2603.84 2607.31 2606.13 2603.41 2599.11 2595.29 2586.22 2580.94 2576.55 2571.48 2566.73 2561.84 2557.66 2535.03 2513.77 2494.81 2470.3 2442.59 2417.1 2405.87 2400.44 2390.44 2372.27 2350.5 2327.95 2305.63 2283.69 2262.38 2242.29 2222.52 2202.79 2183.09 2182.23 2192.28 2204.99 2168.43 2135.51 2120.29 2121.8 2128.16 2136.27 2143.45
3172.83 3157.04 3142.3 3126.01 3108.77 3090.61 3071.23 3046.3 3014.72 2973.07 2923.96 2865 2802.78 2770.42 2757.34 2754.49 2742.64 2717.12 2688.97 2659.3 2630.51 2634.16 2643.74 2648.83 2648.91 2646.93 2645.8 2644.77 2634.45 2626.63 2619.78 2611.06 2602.91 2596.17 2589.85 2585.44 2584.55 2586.6 2563.71 2536.09 2513.34 2487.69 2457.67 2424.95 2412.63 2405.3 2393.74 2378.78 2361.34 2342.61 2323.4 2304.09 2285.25 2267.97 2252.93 2244.02 2240.69 2227.56 2221.97 2215.72 2198.27 2180.79 2173.25 2175.72 2180.68 2185.23 2186.91
3190.7 3178.47 3168.46 3158.08 3144.56 3132.04 3117.49 3098.86 3072.51 3035.11 2986.03 2927.52 2868.41 2831.8 2814.11 2800.3 2787.41 2768.66 2748.55 2729 2715.81 2710.99 2705.88 2704.01 2699.35 2694.48 2692.76 2680.36 2670.63 2659.16 2647.68 2635.98 2624.65 2612.51 2602.2 2594.73 2589.66 2588.43 2570.04 2548.62 2530.93 2510.45 2486.48 2448.39 2435.4 2419.64 2403.46 2388.01 2373.64 2358.34 2341.7 2324.93 2308.55 2293.01 2278.99 2271.3 2271.78 2258.08 2247.63 2236.38 2227.64 2214.74 2224.19 2230.21 2235.02 2238.17 2242.93
3205.43 3197.83 3189.81 3185.25 3177.71 3171.55 3161.31 3150.05 3134.43 3108.91 3058.75 2993.31 2927.18 2883.91 2863.27 2847.03 2832.94 2820.23 2809.61 2801.25 2796.68 2787.12 2772.83 2761.79 2751.16 2745.33 2732.14 2718.1 2703.29 2688.42 2674.32 2658.22 2644.11 2628.78 2613.38 2598.05 2582.26 2572.73 2565.82 2558.91 2547.41 2535.49 2525.97 2519.15 2471.64 2436.76 2413.09 2399.43 2388.24 2375.62 2362.33 2348 2333.34 2318.74 2300.72 2285.45 2277.96 2281.01 2281.16 2281.65 2281.86 2281.39 2283.6 2288.08 2292.42 2294.83 2294.84
3218.24 3214.36 3210.69 3206.45 3207.15 3204.63 3201.46 3198.36 3191.21 3175.28 3128.59 3058.57 2986.08 2938.27 2911.8 2892.63 2877.75 2870.85 2868.09 2868.24 2871.62 2859.32 2838.65 2820.43 2804 2790.31 2771.63 2752.74 2735.96 2717.11 2697.56 2679.21 2661.54 2644.28 2624.77 2602.16 2575.09 2558.79 2563.65 2566.4 2561.28 2554.85 2548.77 2533.89 2494.96 2453.11 2423.72 2415.77 2405.98 2395.14 2383.21 2371.17 2358.7 2345.58 2328.66 2311.72 2304.83 2315.57 2319.54 2325.95 2342.33 2347.59 2344.59 2346.79 2351.73 2355.4 2355.88
3228.82 3228.94 3228.59 3226.88 3229.34 3232.31 3235.89 3238.62 3238.03 3224.75 3183.36 3116.99 3046.14 2989.33 2950.59 2923.08 2915.4 2915.31 2920.37 2927.15 2932.65 2916.19 2899.94 2877.23 2852.94 2831.46 2807.11 2783.25 2764.41 2742.49 2720.62 2700.29 2680.94 2659.75 2639.28 2616.53 2589.15 2573.1 2574.08 2577.63 2573.47 2567.43 2558.29 2541.86 2511.59 2481.38 2458.24 2440.86 2428.28 2417.39 2407.57 2398.25 2388.71 2378.49 2367.95 2359.22 2357.72 2366.33 2380.5 2385.83 2389.24 2396.32 2400.53 2404.37 2409.49 2414.91 2412.97
3238.4 3239.53 3243.31 3242.3 3249.58 3254.27 3262.67 3268.78 3274.12 3265.96 3228.75 3166.83 3101.12 3040.8 2985.94 2953.35 2950.27 2955.72 2965.82 2979.21 2992.16 2984.88 2960.13 2930.06 2903.05 2873.68 2845.26 2817.96 2791.88 2767.39 2742.35 2722.74 2698.71 2677.05 2657.51 2640.97 2627.56 2610.4 2595.49 2592.41 2585.62 2578.28 2563.92 2545.27 2525.73 2504.74 2488.99 2465.44 2452.21 2442.86 2435.22 2428.64 2422.84 2417.73 2413.63 2414.2 2414.55 2419.45 2429.95 2438.02 2439.94 2448.27 2454.82 2459.23 2463.59 2468.11 2471.43
3242.95 3246.91 3250.89 3256.94 3263.25 3269.55 3280.02 3288.75 3298.91 3297.84 3266.5 3205.32 3139.31 3076.16 3020.07 2988.89 2986.22 2992.98 3005.79 3022.57 3041.44 3045.56 3012.91 2974.47 2943.01 2909.76 2877.99 2849.28 2820.26 2792.52 2765.01 2738.81 2713.75 2690.44 2672.12 2659.16 2659.27 2637.64 2612.77 2605.6 2596.77 2590.22 2583.53 2563.93 2539.28 2515.45 2493.28 2482.9 2475.52 2469.17 2464.12 2460.33 2457.27 2455.99 2456.73 2464.46 2466.04 2468.81 2475.78 2489.5 2502.73 2506.89 2510.57 2512.69 2514.19 2514.48 2518.53
3249.38 3254.47 3260.12 3266.54 3272.28 3279.92 3289.48 3298.19 3310.73 3320.09 3293.97 3231.97 3161.39 3098.16 3051.31 3025.29 3020.69 3026.03 3037.28 3053.2 3071.25 3079.87 3047.55 3008.08 2974.79 2940.07 2906.64 2875.99 2844.7 2814.64 2785.92 2756.91 2730.04 2703.39 2679.19 2659.08 2646.27 2634.22 2618.21 2613.69 2604.8 2597.13 2591.8 2573.32 2551.62 2529.8 2508.29 2504.27 2500.94 2497.34 2494.82 2493.79 2492.13 2492.76 2495.52 2501.87 2509.51 2517.12 2524.91 2543.07 2559.89 2564.33 2567.1 2567.87 2566.85 2561.7 2561.31
3254.74 3261.53 3268.78 3274.51 3279.43 3283.05 3290.14 3297.95 3311.69 3328.89 3305.91 3249.9 3182.84 3112.99 3076.12 3056.03 3049.16 3051.54 3059.47 3070.66 3080.95 3084.17 3062.92 3029.79 2999.49 2966.1 2932.89 2902.01 2869.78 2839.11 2808.47 2777.28 2746.97 2716.42 2686.03 2652.79 2625.83 2622.92 2619.62 2619.73 2611.88 2602.15 2581.52 2577.01 2564.77 2550.73 2542.76 2532.62 2529.05 2527.88 2527.7 2527.4 2527.76 2529.39 2532.66 2541.13 2551.81 2567.58 2585.54 2595.99 2609.61 2619.1 2625.29 2627.38 2625.28 2624.26 2617.17
3259.76 3266.79 3275.27 3280.24 3283.66 3284.94 3286.89 3286.87 3292.56 3305.6 3295.39 3261.21 3212.27 3129.66 3087.21 3076.64 3070.87 3072.27 3076.75 3082.75 3086.28 3084.72 3069.39 3043.68 3017.48 2986.27 2953.91 2923.4 2890.81 2859.59 2828.27 2797.09 2765.62 2733.12 2697.79 2659.68 2626.13 2627.94 2633 2628.44 2621.73 2615.34 2610.4 2593.17 2581.41 2570.95 2562.74 2559.07 2559.05 2560.32 2562.49 2565.38 2566.5 2566.98 2569.69 2577.45 2591.74 2611.09 2632.4 2644.77 2659.16 2676.03 2686.92 2692.73 2692.13 2688.49 2688.54
3263.05 3271.07 3279.23 3285.35 3288.09 3287.9 3282.71 3273.81 3264.79 3275.71 3281.62 3266.65 3230.78 3156.6 3112.11 3098.61 3091.24 3089.08 3090.53 3093.19 3094.53 3092.93 3078.08 3057 3033.49 3004.49 2973.49 2942.82 2911.53 2878.89 2848.17 2815.83 2784.64 2753.05 2721.24 2693.84 2670.55 2653.88 2650.61 2642.3 2634.29 2627.72 2620.7 2610.01 2600.74 2592.66 2587.85 2587.11 2591.76 2597.44 2602.61 2607.42 2610.33 2611.45 2612.14 2618.34 2632.84 2647.05 2668.78 2697.66 2720.48 2739.51 2755.4 2767.34 2772.91 2774.95 2792.87
3268.24 3276.14 3283.93 3290.58 3293.93 3294.5 3289.61 3276.57 3263.15 3277.7 3286.28 3274.22 3239.89 3185.97 3146.64 3123.57 3111.05 3106.27 3105.27 3106.24 3106.3 3107.11 3092.77 3071.62 3048.31 3020.14 2989.86 2960.91 2929.09 2898.75 2866.36 2834.04 2800.68 2771.32 2744.72 2727.27 2710.82 2684.12 2672.35 2659.23 2648.48 2639.79 2631.63 2627.59 2623.12 2618.27 2613.4 2618.4 2630.28 2640.58 2649.14 2654.65 2659.22 2661.64 2664 2670.48 2682.73 2697.43 2720.97 2754.35 2782.54 2806.55 2830.05 2850.61 2867.82 2882.98 2904.74
3273.69 3280.74 3288.23 3296.92 3303.02 3308.08 3309.43 3306.94 3305.55 3315.31 3311.54 3294.03 3259.01 3209.45 3164.57 3141.77 3129.15 3122.96 3120.12 3119.18 3119.07 3122.04 3109.2 3088.67 3064.09 3036.26 3009.33 2979.25 2949.55 2917.87 2883.65 2851.48 2819.95 2790.92 2764.21 2742.74 2724.63 2706.12 2693.43 2677.68 2664.44 2655.95 2651.18 2649.7 2650.86 2652.15 2653.19 2662.04 2675.82 2688.38 2699.37 2708.17 2714.47 2718.42 2722.13 2728.44 2739.79 2756.39 2779.42 2807.47 2841.88 2874.42 2905.31 2935.07 2964.55 2990.07 3012.84
