real_craters/C194-500m.grd
DSAA
369 369
-91.875 91.875
-91.875 91.875
1046.9754739145 5697.5168791745
[rows 60 to 89 of 369, columns 201 to 267 of 369]
2622.22 2650.99 2678.51 2706.41 2733.85 2760.07 2784.6 2804.63 2821.58 2826.58 2827.69 2825.88 2822.57 2818.66 2813.37 2807.68 2802.22 2796.96 2795.35 2794.42 2792.76 2790.62 2787.23 2788.05 2788.54 2797.43 2808.56 2805.71 2799.43 2799.83 2804.83 2824.66 2824.27 2822.77 2833.76 2839.03 2841.32 2842.49 2844.7 2843.28 2836.17 2846.58 2866.64 2854.84 2825.31 2787.14 2784.54 2797.29 2834.29 2883.37 2936.55 2956.55 2934.27 2943.66 2997.09 3026.79 3037.47 3047.22 3058.86 3071.7 3087.15 3103.16 3118.6 3126.93 3130.35 3135.05 3142.04
2622.61 2648.83 2677.66 2707.21 2736.45 2764.45 2789.42 2809.51 2823.89 2828.09 2830.89 2829.77 2826.79 2823.63 2818.49 2812.69 2808.17 2807.21 2803.19 2802.04 2800.06 2795.19 2791.72 2788.29 2791.92 2803.33 2814.41 2813.6 2803.87 2801.9 2815.7 2840.41 2836.07 2824.35 2842.79 2859.45 2864.59 2867.52 2870.54 2867.47 2851.35 2860.31 2885.76 2865.21 2843.56 2832.07 2812.81 2813.35 2849.98 2907.27 2974.42 2997.65 2939.68 2931.93 2970.09 3024.32 3032.81 3048.5 3062.58 3077.82 3095.2 3114.93 3134.65 3146.63 3151.38 3155.72 3150.8
2621.1 2647.3 2676.81 2707.64 2738.65 2768.11 2796.58 2822.5 2837.8 2835.95 2836.32 2834.81 2832.8 2829.31 2824.41 2818.19 2811.89 2808.98 2810.66 2810.45 2808.41 2804.24 2796.62 2793.12 2796.63 2807.47 2817.7 2824.99 2807.77 2787.27 2809.18 2854.66 2850.9 2843.51 2864.24 2879.7 2883.11 2886.86 2889.83 2886.97 2863.53 2861.4 2872.72 2863.12 2850.67 2842.94 2819.51 2812.95 2850.2 2906.27 2962.03 2980.04 2940.43 2971.83 3012.55 3034.14 3038.51 3054.26 3070.04 3086.56 3100.89 3127.34 3150.92 3165.83 3168.13 3170.82 3179.86
2615.98 2645.35 2676.83 2709.13 2741.21 2773.07 2803.46 2831.98 2847.91 2842.87 2841.56 2839.71 2839.04 2835.67 2831.64 2825.19 2817.69 2817.26 2819.94 2820.33 2818.52 2813.89 2804.9 2796.8 2802.52 2810.87 2817.91 2822.4 2799.25 2769.32 2796.64 2855.77 2851.17 2845.51 2873.25 2888.38 2895.44 2898.51 2898.07 2894 2867.76 2853.17 2853.36 2854.09 2844.73 2828.76 2811.84 2801.77 2845.42 2893.1 2932.74 2955.37 2934.3 3005.4 3041.32 3047.87 3051.3 3063.47 3078.38 3096.9 3119.55 3138.98 3159.21 3172.97 3181.45 3184.97 3202.12
2614.85 2645.19 2678.38 2711.94 2745.11 2777.36 2808 2837.01 2849.42 2847.99 2845.98 2844.1 2841.85 2840.86 2839.59 2836.73 2829.36 2830.32 2832.47 2833.31 2832.22 2829.31 2821.81 2812.67 2814.45 2817.81 2817.54 2809.13 2796.64 2780.51 2808.19 2835.91 2842.03 2843.77 2866.98 2894.21 2907.54 2905.01 2899.81 2889.23 2856.7 2853 2856.94 2853.42 2843.59 2829.69 2819.1 2822.67 2851.85 2883.39 2906.66 2915.27 2928.49 2978.74 3028.52 3055.88 3065.16 3070.63 3082.32 3101.32 3124.89 3146.85 3169.09 3186.89 3198.33 3203.1 3209.98
2615.02 2648.29 2681.44 2714.29 2746.55 2778.66 2808.92 2835.23 2848.93 2850.56 2849.59 2848.34 2848.02 2846.83 2848.77 2852.46 2857.97 2851.67 2848.79 2847.6 2847.47 2848.1 2849.27 2838.07 2831.98 2828.76 2823.21 2814.42 2806.63 2812.03 2817.19 2816.94 2836.63 2851.91 2872.63 2895.77 2905.88 2903.91 2896.23 2883.32 2866.07 2866.19 2865.29 2859.26 2851.69 2840.52 2836.7 2853.27 2869.56 2883.47 2892.83 2899.23 2913.6 2942.77 3008.19 3044.8 3061.47 3073.13 3083.9 3099.92 3123.83 3153.89 3181.7 3201.96 3218.65 3226.79 3230.93
2631.38 2657.76 2686.83 2716.55 2746.42 2777.92 2808.96 2835.64 2846.87 2849.15 2849.36 2847.84 2848.64 2850.69 2854.24 2861 2870.07 2864.56 2860.43 2859.08 2859.75 2861.96 2866.74 2858.5 2848.35 2841.83 2836.17 2824.67 2814.66 2809.95 2819.5 2823.25 2842.03 2861.39 2874.05 2887.35 2898 2900.07 2893.75 2881.18 2865.91 2858.6 2867.75 2869.33 2866.43 2865.57 2873.34 2887.71 2890.16 2887.96 2889.58 2891.93 2903.07 2930.96 3003.38 3050.19 3058.18 3066.74 3082.64 3103.11 3130.99 3163.84 3196 3224.97 3238.02 3245.54 3251.13
2640.3 2665.66 2692.01 2717.94 2744.51 2772.98 2806.88 2840.82 2843.75 2844.45 2845.72 2846.11 2847.73 2849.26 2853.22 2857.94 2859.31 2865.31 2866.49 2867.48 2869.17 2870.23 2864.56 2864.29 2860.64 2854.54 2849.49 2840.8 2818.08 2820.63 2825.67 2835.04 2849.15 2864.47 2859.52 2859.1 2895.45 2896.17 2893.76 2889.07 2879.69 2882.94 2884.6 2883.66 2882.16 2883.35 2888.48 2891.12 2893.09 2893.19 2892.1 2892.39 2900.98 2924.48 2984.71 3037.33 3036.53 3055.54 3080.37 3103.6 3137.17 3173.2 3206.3 3234.24 3246.67 3247.99 3251.43
2650.95 2675.78 2697.67 2718.45 2739.17 2760.68 2786.8 2825.54 2830.85 2835.07 2837.62 2840.94 2844.36 2846.89 2850.22 2853.8 2858.26 2863.49 2868.49 2872.38 2875.98 2879.02 2882.26 2876.44 2870.82 2863.5 2849.43 2819.25 2813.87 2834.46 2841.3 2845.24 2853 2860.44 2855.12 2857.58 2875.26 2888.12 2892.42 2895.64 2895.35 2893.81 2896.86 2896.82 2894.98 2893.63 2892.57 2896.73 2899.48 2899.14 2897.98 2894.06 2893.17 2919.98 2951.16 2968.93 3000.73 3041.92 3082.03 3118.76 3149.18 3179.04 3208.48 3237.1 3246.27 3236.52 3215.46
2667.3 2689.75 2704.14 2718.88 2733.68 2746.45 2756.06 2784.82 2808.98 2822.29 2828.66 2834.23 2838.24 2841.14 2844.66 2848.86 2855.37 2861.56 2868.31 2874.65 2880.31 2885.01 2883.67 2884.03 2881.06 2875.18 2862.18 2832.77 2828.13 2851.22 2859.33 2851.21 2855.51 2858.9 2853.33 2856.34 2872.97 2881.14 2889.53 2896.97 2901.16 2902.89 2910.39 2911.01 2906.28 2900.88 2894.62 2898.06 2903.88 2906.75 2908.68 2910.03 2917.46 2928.96 2953.87 2954.58 2985.4 3033.88 3086.75 3132.7 3159.82 3181.38 3201.89 3221.52 3231.26 3232.48 3220.67
2675.92 2696.06 2707.1 2719.24 2731.05 2741.11 2749.78 2773.97 2794.94 2811.46 2820.37 2827.54 2833.08 2836.22 2838.78 2842.05 2849.35 2859.23 2867.74 2876.3 2883.86 2890.4 2896.99 2893.91 2890.77 2888.78 2885.31 2862.64 2850.09 2862.99 2864.1 2854.2 2862.39 2865.69 2862.17 2861.44 2861.16 2874.3 2888.44 2898.08 2907.16 2912.79 2921.6 2921.92 2914.86 2908.1 2903.4 2904.67 2910.14 2916.83 2923.17 2929.93 2932.52 2952.54 2968.19 2973.86 2982.51 3031.34 3090.16 3143.5 3161.5 3176.32 3190.85 3198.06 3207.26 3235.27 3254.22
2675.43 2691.17 2705.67 2719.33 2732.05 2744.37 2756.78 2775.12 2791 2805.38 2814.58 2822.66 2829.19 2833.17 2835.28 2835.31 2843.99 2856.25 2867.49 2877.48 2886.82 2895.61 2901.75 2902.17 2898.68 2896.97 2904.23 2891.05 2887.54 2874.39 2860.01 2863 2877.3 2893.78 2909.45 2899.33 2885.3 2884.05 2891.04 2899.47 2909.18 2914.84 2924.77 2926.64 2920.09 2915.65 2913.5 2915.13 2920.39 2927.85 2937.81 2951.5 2971.98 2983.11 2981.96 2980.74 2991.32 3026.74 3075.43 3124.36 3144.84 3163.27 3179.71 3192.46 3208.56 3235.62 3254.1
2677.45 2686.7 2704.93 2720.12 2734.09 2749.8 2770.98 2785.2 2793.25 2803.69 2811.31 2820.22 2828.18 2834.59 2838.29 2838.57 2848.85 2859.69 2870.35 2880.26 2890.11 2900.64 2909.26 2908.85 2903.77 2892.14 2879.92 2890.23 2896.32 2878.82 2861.32 2873.73 2892.77 2918.1 2948.04 2926.65 2893.96 2893.57 2898.88 2900.14 2902.32 2913.67 2918.22 2919.9 2922 2922.09 2922.46 2923.93 2928.35 2934.3 2951 2969.02 2985.14 2983.38 2999.29 2992.47 2996.35 3022.04 3047.15 3077.18 3117.41 3147.42 3172.55 3196.13 3221.03 3229.92 3221.21
2687.51 2696.6 2710.11 2723.62 2736.32 2751.22 2771.07 2784.74 2792.56 2799.87 2809.11 2818.35 2827.76 2838.06 2849.48 2859.39 2862.97 2866.79 2873.97 2882.25 2891.21 2900.68 2912.53 2916.04 2914.72 2904.05 2873.59 2892.67 2903.3 2890.43 2876.82 2888.73 2900.08 2918.41 2930.32 2927.68 2912.09 2920.49 2912.48 2902.53 2894.81 2905.6 2913.93 2918.98 2925.52 2928.22 2929.72 2928.65 2923.79 2941.1 2965.37 2982.75 2995.84 3002.24 3000.87 3005.21 3017.74 3027.12 3040.25 3065.56 3102.02 3137.57 3168.08 3196.4 3218.29 3226.12 3229.19
2702.45 2713.39 2720.45 2728.32 2737.18 2746.8 2758.11 2774.5 2787.97 2799.03 2807.11 2816.82 2827.84 2840.46 2857.28 2878.63 2873.93 2871.32 2875.66 2882.5 2890.43 2897.17 2913.56 2924.59 2934.16 2944.75 2951.5 2922.45 2913.73 2906.07 2891 2883.5 2900.91 2913.32 2917.78 2919.32 2939.96 2946 2922.15 2906.89 2901.4 2908.57 2918.55 2930.12 2933.63 2936.46 2940.08 2947.14 2951.85 2967.37 2986.63 3000.28 3002.57 3009.25 3018.18 3027 3036.91 3038.75 3038.54 3061.06 3098.35 3135.47 3166.98 3192.75 3208.25 3222.05 3231.04
2717.2 2723.66 2728.49 2733.54 2740.11 2746.05 2748.43 2767.8 2783.33 2795.23 2804.73 2815.3 2826.11 2837.35 2849.23 2859.26 2867.99 2868.75 2873.83 2880.62 2887.69 2894.07 2912.23 2929.77 2947.28 2965.38 2971.29 2948.39 2928.19 2912.86 2901.06 2901.58 2906.32 2915.23 2925.06 2930.98 2939.25 2926.15 2917.27 2908.55 2906.29 2919.44 2924.65 2936.94 2940.96 2945.22 2950.93 2960.22 2977.33 2998 3014.33 3028.43 3033.96 3036.92 3049.5 3048.72 3055.62 3052.7 3048.12 3070.03 3106.38 3140.96 3171.02 3193.71 3210.85 3222.8 3236.78
2730.01 2728.72 2732.25 2737.27 2744.09 2753.34 2764.84 2772.51 2783.82 2794.94 2804.92 2814.98 2824.9 2833.11 2840.85 2850.24 2856.02 2863.51 2870.55 2878.12 2886.57 2895.62 2911.85 2931.22 2951.89 2967.93 2972.42 2965.48 2939.67 2913.86 2906.61 2905.09 2908.51 2918.84 2930.79 2937.78 2931.12 2916.68 2911.98 2910.99 2921.7 2943.69 2938.41 2939.82 2947.2 2954.36 2961.38 2970.62 3000.75 3028.79 3038.02 3049.45 3058.15 3055.55 3053.87 3059.76 3064.99 3069.2 3073.24 3094.43 3124.79 3154.28 3180.13 3203.41 3221.41 3229.11 3248.13
2742.58 2737.17 2736.7 2741 2748.3 2759.37 2773.38 2776.38 2784.74 2794.71 2805.14 2815.14 2824.22 2831.13 2833.1 2839.37 2853.3 2860 2867.8 2875.01 2882.94 2894.83 2907.59 2928.08 2950.92 2972.45 2976.88 2964.33 2935.21 2913.39 2908.04 2902.46 2906.94 2919.46 2934.36 2937.65 2932.03 2929.52 2924.32 2914.06 2919.22 2948.55 2948.58 2952.18 2959.35 2966.4 2974.27 2984.14 3009.26 3035.03 3047.53 3058.27 3061.34 3057.47 3057.29 3071.96 3088.11 3102.77 3112.53 3130.36 3151.32 3174.03 3196.42 3216.38 3234.84 3239.5 3240.35
2757.07 2747.8 2743.54 2745.52 2751.19 2759.59 2769.46 2775.68 2785.28 2795.4 2805.79 2817.44 2826.17 2834.11 2839.55 2846.35 2854.99 2859.15 2865.63 2870.81 2874.18 2874.34 2896.03 2918.62 2941.01 2962.44 2968.53 2956.91 2930.06 2918.37 2906.91 2903.76 2908.63 2919.21 2927.9 2933.14 2945.43 2965.83 2948.81 2924.93 2924.5 2952.44 2960.07 2967.93 2974.15 2978.57 2986.23 2998.94 3015.22 3030.16 3046.89 3060.01 3056.31 3047.07 3066.03 3090.75 3112.62 3134.72 3163.27 3168.27 3180.83 3197.94 3216.83 3235.23 3250.53 3260.91 3259.56
2773.76 2760.29 2751.11 2751.67 2753.53 2756.11 2764.39 2776.3 2787.08 2797.94 2809.49 2819.96 2830.47 2841.18 2850.01 2856.65 2857.27 2861.82 2866.64 2870.47 2870.2 2873.62 2889.7 2908.15 2925.25 2942.04 2947.97 2944.72 2917.85 2891.38 2899.88 2905.51 2914.28 2922.93 2930.55 2934.91 2951.54 2981.5 2965.88 2948.83 2949 2966.86 2971.5 2977.96 2984.1 2988.32 2995.56 3005.01 3016.69 3030.8 3046.18 3055.03 3054.98 3048.42 3084.77 3116.82 3141.43 3164.4 3184.59 3194.6 3205.32 3219.17 3235.81 3252.14 3266.86 3280.14 3269.1
2793.38 2778.07 2763.78 2764.28 2761.65 2754.59 2764.36 2778.95 2791.93 2802.82 2813.42 2823.5 2833.59 2845.51 2860.56 2864.85 2862.03 2865.72 2870.37 2874.62 2878.84 2883.17 2889.83 2901.85 2911.72 2912.45 2925.94 2925.17 2905.59 2893.53 2899.34 2907.95 2915.9 2933.54 2946.66 2953.69 2968.7 2985.49 2969.23 2968.77 2973.21 2979.85 2982.2 2986.3 2990.22 2995.29 3003.59 3012.6 3021.42 3038.36 3052.53 3068.66 3081.83 3089.34 3118.84 3148.71 3171.22 3192.5 3198.95 3212.25 3224.24 3237.11 3250.63 3265.2 3277.38 3283.51 3279.33
2818.06 2806.08 2795.33 2788.54 2780.26 2775.15 2779.52 2788.94 2802.46 2812 2821.41 2829.27 2836.19 2844.61 2850.98 2861.55 2863.89 2869.81 2875.89 2880.98 2884.39 2884.78 2891.69 2901.02 2909.53 2922.03 2919.8 2920.25 2902.37 2892.81 2910.18 2924.57 2936.9 2954.91 2972 2986.42 2966.68 2967.19 2966.56 2975.8 2985.39 2993.56 2997.28 2992.44 2993.96 2998.29 3012.13 3029.61 3046.01 3043.05 3057.29 3086.28 3105.29 3111.62 3151.31 3177.68 3192.91 3199.62 3213.39 3227.57 3239.41 3250.45 3262.12 3274.42 3285.74 3289.15 3282.76
2844.55 2837.04 2833.41 2819.34 2805.56 2797.77 2799.61 2804.6 2811.59 2822.98 2828.52 2833.11 2837.42 2842.85 2851.75 2860.03 2865.51 2874.5 2882.95 2889.36 2889.25 2888.01 2897.76 2904.86 2909.44 2911.12 2914.34 2919.29 2919.46 2925.64 2940.79 2954.82 2965.63 2982.47 2993.18 2996.65 2971.41 2962.58 2965.21 2984.59 2995.31 3001.37 3001.45 2993.2 2985.19 2997.44 3019.55 3045.17 3061.23 3055.57 3068.59 3111.71 3129.42 3140.62 3185.58 3204.15 3214.46 3222.48 3232.67 3243.1 3252.67 3262.04 3271.42 3281.77 3289.2 3293.99 3290.35
2866.9 2861.13 2853.43 2842.33 2829.78 2824.62 2822.21 2822.88 2828.07 2832.61 2839.17 2841.43 2843 2843 2845.67 2859.36 2868.96 2880.78 2892.04 2902.76 2914.46 2912.78 2911.61 2913.91 2915.65 2911.68 2905.33 2915.94 2942.5 2966.1 2978.06 2986.78 3005.54 3011.51 3011.96 3001.57 2982.92 2977.95 2978.55 2986.25 3002.07 3008.47 3009.2 2997.6 2981.65 2996 3026.85 3059.24 3083.13 3092.15 3102.19 3122.18 3159.56 3183.11 3212.46 3226.66 3233.69 3243.39 3251.41 3257.18 3263.48 3268.65 3274.92 3283.28 3290.7 3296.44 3303.05
2888.87 2883.5 2876.68 2866.27 2850.25 2841.49 2841.73 2843.59 2845.48 2847.21 2853.38 2853.73 2853.05 2849.42 2852.08 2863.35 2877.13 2889.97 2902.15 2914.06 2927.42 2929 2924.46 2924.6 2927.13 2923.65 2908.44 2927.96 2978.48 2994.97 2997.74 3003.45 3016.25 3025.89 3033.83 3040.99 3028.49 3013.09 3012.84 3008.06 3016.52 3018.63 3014.67 3002.62 2983.27 2999.86 3037.54 3078.53 3115.26 3130.27 3135.65 3148.97 3191.99 3208.3 3226.61 3233.39 3245.53 3257.27 3267.33 3267.47 3269.09 3273.69 3277.37 3283.73 3292.36 3298.08 3308.81
2908.51 2903.83 2898.15 2887.77 2875.67 2870.38 2864.34 2863.03 2865.35 2867.78 2868.9 2869.51 2870.34 2866.6 2867.99 2878.3 2890.07 2901.18 2911.42 2920.19 2927.99 2930.27 2931.99 2933.16 2933.4 2930.74 2930.49 2957.57 3001.8 3005.34 2997.63 3005.83 3016.79 3031.21 3049.4 3065.6 3062.21 3037 3046.88 3057.54 3040.44 3032.86 3021.41 3009.17 2994.31 3010.92 3053.74 3098.16 3138.51 3157.15 3155.44 3160.93 3200.46 3218.17 3242.61 3252.92 3255.45 3258.29 3272.68 3274.36 3274.61 3276.62 3278.16 3282.36 3288.98 3300.96 3322.08
2928.33 2922.8 2917.26 2909.86 2896.54 2889.94 2884.08 2882.95 2885.07 2886.22 2888.24 2890.4 2892.15 2894.73 2896.42 2899.03 2906.01 2913.76 2920.99 2926.05 2930.29 2935.41 2938.95 2941.36 2944.68 2945.39 2951.78 2977.98 3008.37 3003.56 2992.15 3009.34 3023.88 3039.73 3061 3071.45 3067.4 3042.31 3046.66 3052.74 3056.28 3051.52 3042.64 3023.47 3016.8 3036.48 3077.36 3117.48 3154.09 3173.84 3186.92 3183.32 3204.35 3227.12 3262.46 3272.53 3264.28 3263.07 3278.46 3273.92 3274.79 3278.53 3281.69 3283.87 3284.69 3297.74 3344.14
2946.85 2940.52 2933.29 2921.93 2904.54 2900.21 2899.27 2900.86 2902.37 2904.83 2909.66 2912.68 2915.44 2917.65 2919.6 2919.72 2922.74 2927 2931.68 2934.79 2935.98 2943.44 2948.81 2951.39 2950.2 2956.18 2963.56 2992.13 3017.58 3012.36 3010.1 3023.65 3046.1 3067.81 3076.48 3078.64 3076.99 3065.09 3053.94 3069.29 3074.42 3071.46 3064.93 3048.07 3056.7 3082.46 3108.71 3137.05 3159.8 3170.94 3172.69 3186.69 3203.81 3232 3268.66 3278.88 3265.05 3251.21 3253.87 3263.79 3274.27 3283.1 3290.09 3293.34 3292.67 3304.16 3342.73
2962.99 2954.7 2945.66 2928.61 2916.31 2912.69 2913.94 2916.83 2920.91 2924.5 2928.36 2934.65 2939.17 2941.25 2941 2939.1 2938.59 2939.52 2941.99 2946.2 2952.22 2954.39 2960.67 2966.83 2970.28 2979.29 2988.94 3007.72 3021.57 3020.01 3019.32 3035.39 3064.41 3089.7 3087.15 3083.28 3078.67 3069.27 3069.43 3098.74 3096.18 3092.35 3086.99 3068.16 3089.89 3117.04 3138.4 3159.53 3175.71 3180.87 3180.83 3201.41 3228.29 3250.02 3269.74 3285.31 3264.33 3243.58 3242 3260.16 3278.96 3293.77 3305.06 3314.53 3321.47 3331.61 3344.97
2981.24 2972.07 2964.18 2952.93 2933.9 2930.17 2931.28 2935.23 2938.86 2942.34 2947.76 2955.53 2962.56 2968.61 2964.39 2956.87 2952.64 2950.48 2950.13 2948.66 2952.32 2963.66 2974.45 2986.14 3002.16 3008.96 3019.91 3023.31 3029.25 3028.3 3023.94 3044.79 3068.65 3081.08 3087.13 3086.9 3081.44 3071.28 3090.87 3111.35 3112.62 3111.18 3109.29 3113.58 3123.19 3146.33 3167.31 3187.42 3203.9 3208.91 3200.94 3216.33 3231.87 3245.99 3262.31 3269.8 3260.24 3254.13 3257.46 3273.67 3292.98 3309.22 3324.03 3339.39 3355.09 3351.34 3350.42
