real_craters/C194-1000m.grd
DSAA
106 106
-52.5 52.5
-52.5 52.5
7936.0717119266 10119.506835925
[rows 60 to 89 of 106, columns 0 to 66 of 106]
9470.98 9491.86 9503.4 9440.04 9352.73 9324.7 9456.75 9460.26 9431.13 9418.13 9413.44 9408.74 9404.86 9411.33 9440.93 9470.43 9489.65 9477.42 9471.8 9474.84 9472.42 9478.09 9538.81 9534.57 9568.55 9621.39 9656.43 9663.84 9687.3 9706.81 9911.58 10054.8 9957.77 9699.33 9401.14 9094.59 8871.27 8739.52 8619.83 8483.86 8349.2 8236.34 8194.18 8173.22 8149.57 8138.16 8141.08 8145.08 8149.23 8147.69 8145.22 8142.02 8122.11 8118.64 8112.19 8117.74 8120.03 8114.83 8110.28 8117.01 8111.74 8116.55 8102.82 8118.22 8152.98 8142.88 8230.16
9457.72 9494.8 9498.21 9441.14 9358.88 9350.76 9441.28 9437.13 9410.98 9397.26 9398.01 9395.12 9395.85 9400.43 9439.24 9493.61 9503.01 9490.83 9474.56 9471.33 9471.25 9473.38 9500.02 9534.59 9587.7 9605.99 9646.49 9681.87 9713.03 9713.91 9903.02 10100.9 9974.83 9741.8 9480.7 9241.52 9008.74 8802.18 8669.24 8522.16 8394.78 8231.76 8189.94 8170.06 8165.58 8159.82 8149.75 8151.83 8143.93 8138.98 8133.68 8128.16 8122.52 8116.34 8109.32 8110.97 8112.26 8109.25 8106.92 8110.14 8121.94 8113.03 8098.46 8121.39 8132.64 8182.35 8307.51
9425.35 9444.5 9469.54 9462.82 9459.89 9441.21 9442.17 9412.71 9403.66 9399.21 9398.18 9404.41 9394.75 9413.87 9450.19 9495.34 9510.98 9493.11 9476.73 9470.15 9470.22 9471.98 9493.39 9537.58 9573.32 9589.33 9617.69 9663.65 9736.19 9762.76 9921.09 10038.9 9957.66 9765.75 9542.2 9327.53 9081.2 8895.07 8724.85 8513.93 8350.28 8209.35 8226.78 8247.12 8189.59 8138.14 8174.95 8145.57 8135.93 8127.44 8116.8 8097.59 8116.85 8117.31 8109.1 8110.31 8109.3 8106.24 8108.02 8109.76 8120.4 8116.32 8119.17 8146.87 8188.4 8329.09 8498.98
9403.46 9418.75 9445.47 9466.52 9477.68 9471.35 9445.94 9422.65 9396.59 9399.05 9388.73 9397.8 9404.99 9438.92 9466.08 9505.81 9494.6 9498.71 9495.29 9499.22 9472.43 9470.49 9481.62 9523.99 9565.22 9573.41 9586.6 9621.93 9692.7 9745.68 9851.5 10023.7 9923.75 9757.12 9570.21 9348.11 9122.7 9027.03 8834.13 8586.02 8376.54 8273.5 8295.01 8300.93 8250.9 8175.37 8129.89 8131.35 8134.85 8133.38 8124.24 8112.02 8119.48 8111.01 8098.81 8103.7 8107.27 8117.39 8129.24 8131.92 8139.87 8137.2 8172.97 8196.71 8307.19 8435.28 8556.39
9402.12 9417.49 9449.11 9456.98 9451.97 9449.22 9433.81 9408.39 9390.7 9386.17 9389.78 9398.38 9415.77 9445.36 9475.58 9498.82 9514.21 9491.55 9525.16 9537.68 9487.91 9471.02 9475.56 9508.76 9537.54 9551.86 9577.52 9627.05 9698.3 9732.17 9800.51 9915.4 9874.84 9755.35 9604.11 9454.88 9301.61 9192.42 8966.35 8702.83 8469.6 8368.47 8357.96 8341.06 8290.84 8221.09 8152.7 8135.18 8142.78 8146.1 8145.88 8138.04 8124.33 8114.56 8103.06 8097.75 8098.77 8121.48 8171.93 8197.63 8208.31 8198.5 8180.97 8240.22 8353.3 8468.14 8514.55
9411.97 9420.34 9425.17 9426.26 9419.36 9422.52 9413.54 9392.23 9394.05 9399.63 9405.74 9418.74 9430.41 9440.42 9457.29 9488.13 9532.89 9425 9255.56 9353.64 9522.91 9483.95 9477.66 9486.59 9547.08 9567.01 9577.47 9630.28 9678.64 9721.25 9790.04 9848.53 9848.81 9772.32 9647.77 9498.8 9403.43 9272.36 9037.4 8837.35 8580.02 8488.96 8418.3 8367.96 8302.47 8235.23 8182.1 8157.02 8160.35 8175.66 8188.07 8194.97 8190.13 8144.36 8137.05 8128.7 8129.98 8180.23 8247.7 8275.85 8272.21 8269.84 8252.8 8327.88 8413.82 8488.08 8549.52
9419.79 9423.78 9421.53 9414.77 9405.48 9404.3 9397.72 9392.86 9393.36 9399.23 9404.48 9410.55 9414.94 9440.56 9472.7 9488.17 9528.49 9428.85 9302.91 9345.66 9522.01 9485.64 9475.26 9480.63 9502.25 9541.75 9580.28 9650.68 9688.94 9715.5 9852.7 9880.99 9861.74 9818.31 9734.94 9588.19 9392.16 9241.85 9071.89 8849.08 8706.4 8571.58 8456.84 8382.37 8307.55 8248.66 8185.98 8161.89 8192.56 8221.71 8242.46 8256.7 8236.5 8218.4 8208.18 8194.22 8188.67 8275.68 8313.04 8328.13 8326.17 8321.2 8332.19 8430.85 8519.94 8555.27 8633.07
9431.63 9428.86 9418.1 9406.71 9401.69 9406.27 9404.22 9396.67 9395.34 9391.47 9397.31 9412.38 9425.7 9441.54 9470.85 9495.11 9519.47 9514.37 9467.96 9500.26 9488.67 9469.21 9463.88 9475.52 9491.25 9511.71 9616.87 9700.19 9719.7 9733.87 9815.36 9863.13 9862.65 9862.32 9857.39 9769.85 9549.01 9367.89 9198.75 9042.09 8860.61 8637.35 8511.21 8423.42 8338.21 8290.99 8230.57 8193.48 8241.3 8285.48 8315.2 8326.12 8292.51 8232.05 8259.22 8276.67 8307.7 8360.7 8385.61 8398.25 8404.82 8401.66 8430.52 8547.83 8680.58 8688.72 8780.02
9446.43 9431.79 9415.96 9405.3 9405.26 9413.96 9414.51 9412.9 9403.92 9397.27 9395.97 9399.54 9408.88 9427.53 9457.72 9493.57 9499.04 9492.8 9499.78 9485.94 9474.73 9457.14 9457.22 9473.67 9470.65 9487.25 9614.99 9762.93 9710.55 9703.25 9728.68 9796.26 9841.95 9884.92 9945.75 9954.06 9794.4 9635.39 9391.97 9198.65 9048.27 8824.1 8667.23 8552.18 8437.83 8390.17 8333.58 8286.26 8332.26 8380.06 8422.23 8437.51 8444.44 8326.84 8339.03 8372.08 8404.86 8453.73 8452.56 8469.44 8489.87 8512.06 8552.04 8657.63 8823.11 8928.2 9019.26
9444.41 9428.61 9411.87 9394.07 9396.11 9410.3 9415.46 9416.3 9406.45 9394.93 9389.1 9393.16 9399.59 9410.25 9436.97 9482.46 9503.24 9495.13 9483.97 9479.13 9461.24 9452.86 9451.94 9459.52 9468.44 9480.69 9528.32 9658.3 9690.03 9657.01 9653.01 9721.97 9780.94 9829.44 9872.96 9860.9 9762.43 9723.34 9614.39 9498.54 9330.3 9112.73 8927.14 8784.68 8629.49 8552.22 8493.51 8435.13 8462.92 8505.79 8544.81 8570.31 8553.54 8460.35 8486.14 8491.16 8495.73 8499.23 8512.36 8534.92 8563.37 8598.55 8634.88 8763.59 8984.53 9128.14 9194.54
9431.8 9423.5 9410.37 9398.34 9398.32 9406.05 9406.35 9405.53 9399.78 9390.78 9384.03 9390.07 9391.44 9398.76 9414.58 9445.23 9490.79 9494.22 9476.13 9473.05 9453.25 9453.37 9454.89 9455.29 9466.7 9488.1 9562.59 9678.66 9637.6 9603.2 9659.42 9681.7 9726.55 9768.64 9806.24 9828.32 9813.9 9722.55 9683.92 9763.13 9602.18 9416.32 9238.28 9068.43 8870.33 8756.16 8674.54 8605.25 8630.22 8671.02 8711.09 8733.23 8743.68 8741.94 8692.93 8642.9 8592.02 8591.89 8609.17 8605.58 8628.41 8679.5 8808.52 8943.27 9142.36 9254.34 9271.69
9429.96 9420.59 9412.09 9403.55 9398.6 9391.61 9393.83 9392.88 9391.34 9391.29 9386.81 9383.74 9375.69 9385.8 9410.51 9440.21 9468.65 9483.28 9470.57 9472.78 9455.26 9453.14 9459.59 9459.34 9464.78 9503.44 9553.19 9574.37 9568.21 9571.66 9610.35 9664.05 9706.22 9725.37 9725.46 9825.47 9942.27 9820.82 9692.17 9666.46 9766.94 9700.81 9552.27 9373.12 9156.61 8995.04 8891.64 8815.71 8832.61 8878.83 8918.13 8939.64 8949 8946.94 8900.75 8815.31 8705.01 8704.52 8693.16 8716.53 8747.54 8875.62 9105.92 9317.33 9467.42 9476.46 9447.47
9429.06 9418.05 9408 9403.43 9388.17 9383.38 9385.41 9387.89 9390.24 9390.05 9391.8 9379.22 9376.03 9379.22 9390.04 9430.49 9478.03 9475.92 9461.09 9455.32 9453.45 9456.53 9461.25 9468.73 9475.46 9529.31 9659.58 9632.22 9570.89 9576.28 9609.99 9659.15 9702.3 9727.65 9714.44 9669.33 9818.03 9897.49 9761.66 9675.78 9704.78 9792.23 9862.97 9690.83 9432.23 9254 9141.13 9051.49 9079.72 9111.07 9146.71 9179.52 9191.47 9174.14 9106.94 9020.47 8949.84 8852.35 8837.96 8916.7 8969.64 9216.55 9480.6 9730.74 9775.91 9728.94 9722.78
9434.21 9414.28 9395.57 9375.23 9371.75 9372.98 9379.21 9382.33 9382.28 9380.48 9374.43 9373.79 9372.96 9381.34 9381.84 9423.16 9472.62 9468.11 9459.97 9461.7 9457.05 9466.57 9482.27 9487.94 9495.77 9582.37 9762.9 9639.35 9577.6 9610.64 9627.16 9662.99 9711.1 9768.63 9791.54 9676.7 9656.53 9778.8 9848.57 9733.83 9681.36 9770.63 9856.53 9804.95 9671.38 9533.71 9433.58 9369.64 9357.54 9354.87 9368.58 9399.3 9444.38 9404.23 9283.18 9218.99 9146.51 9063.51 9095.8 9196 9243.72 9616.12 9807.43 9846.31 9888.51 9898.45 9902.22
9423.8 9408.07 9388.88 9376.47 9381.61 9381.12 9378.95 9377.39 9373.82 9375.03 9373.4 9378.69 9380.18 9385.21 9399.37 9429.43 9454.69 9459.61 9467.17 9462.86 9456.27 9467.57 9466.08 9448.04 9522.58 9587.22 9827.69 9729.3 9609.3 9616.88 9630.06 9658.9 9697.5 9771.35 9870.59 9778.44 9662.77 9637.57 9763.43 9781.1 9691.27 9757.03 9790.27 9779.44 9800.92 9756.39 9672.45 9695.4 9605.87 9531.34 9512.67 9540.92 9568.35 9519.76 9496.38 9448.36 9364.54 9419.45 9522.59 9621.77 9762.13 9849.29 9905.51 9936.03 9982.3 9992.22 10034.9
9416.65 9402.57 9390.41 9385.29 9382.26 9380.14 9380.47 9378.99 9378.44 9378.02 9379.82 9383.65 9385.6 9398.14 9433.08 9441.37 9454.99 9464.13 9464.63 9466.15 9464.25 9458.17 9455.61 9458.68 9476.72 9526.15 9746.89 9811.78 9701.21 9646.86 9645.86 9648.54 9653.14 9663.58 9741.84 9845.9 9770.63 9656.44 9715.65 9819.64 9822.94 9830.65 9828.27 9820.82 9817.8 9777.62 9750.69 9739.78 9688.61 9621.82 9608.65 9636.88 9721.13 9850.94 9807.98 9744.42 9741.29 9772.23 9872.95 9914.49 9909.28 9965.22 10006 10065.9 10062.1 9998.88 9976.19
9402.94 9397.42 9390.86 9382.57 9381.17 9383.95 9383.8 9383.43 9383.32 9384.03 9387.94 9398.88 9406.6 9419.48 9437.44 9437.85 9435.55 9446.32 9446.86 9475.93 9459.34 9449.21 9443.05 9449.26 9468.21 9482.24 9611.9 9726.59 9775.2 9718.23 9685.84 9658.3 9624.22 9589.35 9668.35 9898.04 9847.32 9751.18 9722 9850.45 9963.15 9890.84 9906.74 9917.49 9850.52 9769.17 9763.76 9722.96 9644.06 9637.22 9636.46 9654.25 9722.45 9888.63 9931.26 9887.85 9904.06 9914.74 9957.34 9951.15 9960.41 9966.9 9988.73 10031.4 10006.5 9917.09 9819.73
9402.31 9394.37 9385.8 9384.1 9387.99 9389.67 9389.94 9389.51 9389.48 9392.89 9398.92 9411.75 9420.06 9425.66 9430.25 9425.06 9429.31 9435.69 9450.55 9488.76 9464.72 9444.73 9440.26 9442.72 9454.66 9478.8 9502.25 9595.34 9689.03 9758.96 9737.41 9692.57 9644.96 9600.73 9648.09 9755.79 9806.77 9816.68 9746.61 9743.1 9764.28 9826.25 9863.49 9942.29 9914.35 9879.23 9816.67 9737.73 9652.05 9658.25 9653.06 9636.41 9593.69 9637.35 9742.07 9859.89 9922.74 9932.26 9966.02 9987.92 9956.34 9909.26 9864.77 9847.43 9859.94 9827.49 9773.72
9396.42 9398.07 9392.19 9390.12 9388.45 9396.1 9398.19 9398.77 9398.44 9407.88 9420.6 9423.69 9419.79 9416.72 9415.56 9413.65 9413.65 9439.76 9446.08 9479.98 9471.06 9449.86 9442.59 9449.71 9461.56 9481.95 9477.95 9486.67 9543.99 9673.39 9752.76 9716.25 9697.83 9685.02 9667.79 9694.11 9754.87 9840.23 9872.96 9781.91 9740.88 9757.04 9760.82 9858.92 9911.47 9956.96 9881.93 9789.22 9730.29 9717.15 9694.83 9675.21 9656.1 9636.89 9706.24 9755.62 9808.02 9800.58 9851.38 9860.16 9864.64 9805.87 9797.29 9800.74 9777.23 9798.07 9767.63
9436.99 9401.9 9421.44 9408.87 9400.6 9405.36 9407.43 9411.11 9416.65 9423.94 9432.14 9427.09 9418.51 9418.78 9412.68 9412.28 9407.75 9407.84 9421.46 9453.88 9484.19 9454.08 9441.87 9463.09 9471.69 9494.7 9496.8 9484.66 9539.68 9537.81 9651.99 9685.82 9713 9755.97 9734.67 9709.49 9718.85 9734.07 9811.31 9774.2 9745.25 9740.44 9745.27 9752.02 9853.92 9951.14 9890.28 9811.01 9799.16 9753.14 9729.07 9721.89 9707.9 9682.11 9673.28 9728.26 9796.34 9868.98 9945.52 9940.2 9841.92 9792.67 9783.77 9823.04 9872.5 9829.4 9791.6
9386.91 9357.41 9440.81 9420.85 9406.36 9409.72 9413.98 9421.37 9432.15 9432.95 9430.71 9420.74 9420.75 9417.87 9416.67 9412.99 9402.82 9385.28 9386.69 9425.15 9458.19 9456.82 9442.19 9456.14 9459.06 9456.66 9489.21 9516.33 9498.44 9492.19 9545.13 9625.58 9683.83 9718.26 9737.24 9750.64 9733.76 9680.38 9679.28 9695.68 9719.89 9752.8 9780.75 9779.92 9797.47 9806.12 9793.5 9773.09 9726.28 9737.68 9740.63 9747.41 9763.46 9781.78 9804.52 9856.11 9908.62 9954.43 9969.15 9883.42 9829.09 9814.11 9820.7 9867.21 9877.48 9800.31 9698.85
9461.11 9415.32 9439.36 9411.9 9395.29 9405.76 9416.42 9426.02 9431.8 9428.43 9426.83 9422.76 9434.18 9422.29 9415.49 9401.93 9382.26 9378.31 9377.39 9403.27 9440.17 9444.68 9440.63 9435.69 9439.6 9458.21 9484.02 9479.77 9542.36 9528.18 9558.3 9593.11 9635.79 9715.03 9758.39 9812.35 9791.86 9788.9 9737.8 9701.96 9705.33 9760.47 9844.75 9790.84 9767.5 9752.18 9766.22 9770.45 9741.71 9749.63 9758.29 9753.82 9785.5 9854.87 9905.91 9934.71 9954.57 9959.03 9925.78 9927.03 9904.98 9842.64 9809.7 9861.27 9813.27 9706.48 9568.85
9434.38 9418.93 9407.13 9403.11 9397.36 9405.57 9418.86 9429.74 9438.06 9438.68 9425.9 9434 9440.77 9428.58 9415.45 9401.3 9386.41 9380.55 9377.64 9397.39 9431.54 9442.32 9420.76 9414.63 9415.65 9416.39 9469.16 9499.92 9530.49 9520.87 9566.33 9565.48 9575.67 9582.72 9631.95 9718.99 9778.42 9796.59 9763.29 9690.53 9694.02 9726.02 9753.12 9764.32 9773.64 9816.84 9844.43 9825.76 9830.15 9825.51 9803.58 9791.97 9816.98 9874.41 9910.51 9855.35 9902.05 9887.71 9840.59 9773.3 9744.63 9709.69 9714.09 9715.87 9610.66 9510.04 9476.99
9418.59 9403.33 9401.06 9404.9 9409.06 9414.7 9423.63 9435.14 9445.01 9441.56 9426.34 9433.54 9437.53 9428.28 9413.87 9410.07 9387.5 9376.11 9378.56 9398.07 9417.03 9423.27 9418.65 9413.62 9404.65 9402.68 9461.53 9478.16 9512.12 9508.11 9516.66 9523.58 9519.98 9556.13 9589.01 9655.76 9696.57 9758.38 9767.5 9704.1 9684.1 9706.82 9710.57 9727.18 9750.22 9811.3 9862.32 9845.17 9867.72 9885.37 9845.43 9812.11 9830.04 9857.14 9885.55 9847.75 9752.83 9713.49 9642.48 9667.29 9662.17 9590.36 9516.96 9530.43 9488.72 9452.07 9447.35
9410.58 9404.49 9406.75 9413.65 9414.3 9416.94 9426.85 9439.85 9453.36 9452.92 9434.34 9442.55 9437.14 9420.97 9411.23 9397.92 9385.31 9377.36 9380.55 9394.57 9411.07 9424.08 9421.85 9409.53 9402.43 9398.6 9413.4 9434.96 9449.29 9436.97 9492.88 9469.56 9430.03 9451.32 9581.12 9585.56 9561.36 9564.7 9610.39 9592.23 9641.35 9719.7 9771.55 9715.72 9696.52 9744.69 9763.34 9798.1 9812.06 9831.4 9857.42 9876.51 9844.4 9804.63 9749.54 9717.58 9631.31 9623.04 9671.1 9653.51 9598.87 9518.17 9458.54 9474.17 9473.33 9467.06 9448.44
9419.43 9419.4 9413.54 9414.07 9415.17 9419.17 9430.7 9443.17 9455.51 9463.37 9454.59 9443.66 9426.73 9418.6 9412.34 9399.2 9388.16 9383.59 9388.19 9395.79 9412.85 9423.97 9428.02 9414.52 9404.53 9397.35 9398.48 9403.53 9417.15 9400.83 9404.42 9411.5 9394.77 9386.32 9442.02 9504.35 9506.15 9506.12 9502.31 9513.02 9570.23 9668.87 9741.89 9720.36 9699.33 9734.99 9753.29 9756.35 9748.6 9709.19 9832.2 9920.16 9830.08 9749.15 9663.15 9566.46 9523.74 9542.06 9581.26 9555.3 9512.4 9470.54 9461.53 9477.21 9458.67 9440.51 9443.28
9427.91 9422.23 9419.44 9416.02 9420.22 9427.03 9434.99 9444.61 9456.12 9478.01 9472.28 9444.7 9424.23 9412.92 9405.85 9403.97 9404.83 9411.56 9405.84 9409.62 9437.65 9457.9 9449.18 9424.66 9410.32 9402.28 9400.8 9403.47 9400.4 9391.14 9388.98 9391.08 9390.52 9384.6 9382.81 9449.56 9483.36 9489.1 9485.25 9454.04 9494.43 9566.23 9637.91 9704.77 9786.61 9752.78 9707.23 9742.77 9760.15 9771.85 9794.25 9798.66 9757.86 9681.78 9606.43 9519.74 9479.09 9472.4 9459.26 9474.19 9478.21 9450.32 9451.57 9440.34 9429.03 9435.07 9428.94
9435.92 9440.77 9434.83 9428.18 9429.48 9436.7 9437.48 9444.55 9457.68 9478.07 9470.95 9445.95 9425.94 9416.57 9409.86 9411.43 9412.66 9423.55 9419.35 9422.81 9452.03 9452.91 9439.78 9420.23 9405.08 9398.26 9404.11 9412.75 9402.73 9395.47 9393.11 9392.01 9385.9 9383.48 9384.86 9436.37 9504.07 9511.18 9467.39 9437.48 9462.33 9510.3 9566.25 9635.61 9708.5 9691.26 9729.13 9718.72 9752.37 9801.64 9762.84 9718.71 9671.16 9616.37 9555.72 9501.96 9473.87 9461.11 9453.38 9446.46 9440.29 9437.75 9448.53 9435.71 9411.78 9412.1 9403.29
9442.54 9447.12 9445.23 9438.72 9427.23 9429.35 9430.41 9441.29 9456.96 9473.22 9456.22 9435.79 9419.04 9409.55 9400.93 9400.38 9407.65 9415.8 9424.25 9438.99 9432.56 9442.65 9429.29 9419.06 9406.33 9400.41 9410.07 9414.87 9412.9 9416.63 9412.45 9398.55 9386.19 9381.94 9386.58 9419.37 9451.71 9455.64 9432.54 9440.87 9458.21 9486.48 9515.23 9533.9 9505.27 9537.87 9550.98 9604.17 9672.89 9726.5 9653.39 9618.06 9592.92 9561.53 9531.61 9497.49 9468.75 9461.9 9452.49 9446.91 9436.06 9428.09 9445.16 9440.54 9404.21 9395.59 9390.77
9440.33 9441.86 9425.64 9413.04 9412.19 9403.96 9417.54 9431.64 9440.38 9440.86 9440.69 9422.86 9411.26 9402.9 9399.87 9403.86 9409.08 9421.83 9434.11 9423.91 9426.01 9430.19 9435.92 9424.78 9408.99 9402.17 9425.94 9418.67 9423.39 9425.81 9421.32 9404.23 9391.39 9382.72 9386.13 9400.93 9407 9416.49 9431.73 9450.53 9448.68 9442.17 9468.4 9482.77 9484.38 9497.39 9509.04 9540.09 9571.31 9560.17 9566.9 9546.85 9529.48 9519.05 9500.21 9470.19 9455.54 9460.19 9444.46 9442.9 9423.26 9425.86 9436.82 9422.36 9392.63 9386.35 9383.2
