real_craters/C194-750m.grd
DSAA
246 246
-91.875 91.875
-91.875 91.875
1330.77203828 5697.1668467697
[rows 38 to 75 of 246, columns 84 to 167 of 246]
2476 2463 2436 2457 2464 2473 2481 2500 2498 2480 2466 2494 2492 2477 2478 2481 2474 2464 2452 2448 2452 2459 2458 2452 2440 2435 2438 2442 2439 2440 2444 2441 2422 2405 2397 2392 2380 2369 2394 2417 2426 2434 2441 2451 2467 2489 2513 2540 2578 2618 2648 2678 2713 2748 2780 2802 2818 2823 2820 2812 2804 2797 2793 2785 2776 2764 2769 2784 2789 2784 2782 2804 2795 2777 2770 2767 2786 2810 2796 2785 2779 2774 2781 2796
2527 2524 2516 2497 2491 2496 2504 2474 2487 2489 2487 2515 2513 2515 2510 2520 2514 2498 2486 2479 2478 2492 2486 2465 2463 2470 2480 2490 2502 2472 2470 2463 2450 2450 2440 2428 2416 2402 2424 2447 2452 2456 2459 2465 2477 2496 2518 2541 2564 2609 2641 2676 2713 2751 2787 2827 2828 2824 2819 2812 2801 2788 2789 2787 2782 2776 2780 2787 2790 2794 2797 2811 2815 2808 2804 2802 2808 2831 2835 2819 2792 2775 2809 2842
2564 2560 2545 2525 2510 2491 2495 2513 2504 2501 2521 2525 2528 2532 2528 2560 2539 2523 2510 2497 2485 2474 2479 2472 2480 2496 2511 2522 2517 2479 2496 2509 2491 2484 2475 2470 2469 2469 2475 2480 2479 2476 2473 2471 2477 2495 2522 2553 2581 2595 2630 2672 2714 2755 2791 2816 2827 2827 2822 2815 2807 2800 2796 2794 2789 2788 2791 2807 2803 2800 2813 2827 2827 2840 2844 2846 2837 2845 2868 2832 2786 2794 2852 2933
2603 2579 2555 2548 2532 2522 2526 2579 2561 2524 2515 2521 2532 2532 2534 2534 2544 2541 2530 2515 2496 2479 2493 2502 2507 2513 2526 2544 2547 2498 2519 2538 2521 2498 2504 2512 2525 2539 2540 2522 2513 2501 2488 2478 2476 2493 2521 2549 2575 2597 2629 2671 2716 2760 2800 2830 2833 2833 2830 2823 2814 2802 2807 2805 2798 2794 2798 2815 2820 2797 2825 2848 2838 2870 2877 2883 2874 2861 2879 2853 2845 2811 2870 2962
2649 2596 2578 2567 2552 2544 2545 2579 2590 2549 2511 2516 2531 2561 2546 2557 2563 2559 2552 2542 2529 2531 2529 2521 2516 2521 2533 2548 2552 2518 2540 2562 2549 2523 2533 2547 2569 2592 2600 2577 2550 2527 2506 2488 2481 2493 2520 2542 2567 2591 2623 2670 2718 2767 2812 2847 2843 2841 2838 2833 2824 2817 2821 2820 2813 2798 2806 2817 2817 2773 2819 2853 2850 2888 2898 2899 2887 2854 2854 2846 2822 2803 2861 2925
2674 2610 2580 2579 2570 2558 2553 2572 2603 2589 2546 2538 2575 2592 2567 2585 2581 2577 2575 2571 2566 2571 2548 2526 2519 2523 2532 2534 2532 2535 2548 2562 2555 2563 2559 2575 2600 2627 2647 2612 2582 2553 2526 2502 2486 2496 2523 2552 2572 2592 2623 2672 2722 2771 2817 2852 2850 2847 2844 2845 2846 2843 2842 2842 2840 2826 2824 2821 2806 2808 2815 2835 2853 2891 2908 2900 2882 2860 2862 2849 2828 2837 2869 2895
2647 2603 2595 2593 2581 2577 2578 2583 2584 2597 2581 2576 2590 2599 2572 2572 2578 2587 2593 2599 2595 2561 2546 2526 2509 2530 2539 2542 2543 2560 2564 2566 2576 2550 2570 2594 2619 2641 2647 2631 2605 2578 2550 2524 2502 2506 2527 2547 2574 2603 2641 2681 2725 2771 2817 2845 2849 2848 2849 2853 2864 2866 2861 2860 2864 2862 2847 2839 2822 2810 2819 2839 2867 2882 2900 2895 2877 2860 2871 2868 2870 2885 2889 2889
2579 2586 2595 2596 2577 2566 2582 2596 2554 2587 2610 2592 2594 2601 2594 2588 2588 2597 2609 2619 2630 2575 2562 2561 2557 2566 2559 2553 2555 2559 2552 2557 2559 2579 2591 2606 2628 2648 2666 2649 2626 2602 2576 2551 2533 2528 2534 2551 2581 2617 2650 2690 2725 2761 2810 2838 2839 2842 2846 2851 2856 2863 2869 2873 2875 2871 2865 2852 2811 2827 2840 2850 2862 2854 2886 2893 2894 2887 2892 2890 2890 2894 2897 2896
2552 2561 2588 2597 2569 2554 2572 2589 2568 2591 2603 2573 2600 2633 2635 2615 2602 2611 2621 2629 2625 2586 2594 2615 2654 2610 2581 2567 2564 2567 2560 2552 2549 2570 2591 2614 2636 2653 2656 2657 2646 2626 2603 2581 2566 2559 2551 2556 2594 2634 2677 2701 2723 2743 2757 2803 2824 2833 2839 2843 2850 2859 2870 2880 2886 2885 2881 2868 2826 2850 2856 2855 2859 2855 2876 2888 2899 2902 2914 2908 2899 2897 2905 2910
2547 2548 2586 2598 2564 2536 2564 2575 2582 2607 2611 2550 2667 2713 2676 2641 2624 2621 2631 2640 2632 2628 2631 2639 2634 2617 2593 2569 2576 2578 2569 2556 2551 2567 2594 2623 2647 2665 2674 2683 2674 2655 2633 2611 2593 2580 2581 2593 2618 2650 2681 2704 2723 2740 2755 2788 2809 2823 2832 2836 2836 2856 2870 2884 2895 2900 2895 2898 2876 2872 2854 2868 2882 2883 2874 2887 2902 2914 2926 2920 2911 2910 2918 2930
2560 2573 2615 2626 2598 2575 2581 2589 2585 2619 2635 2594 2693 2738 2681 2648 2628 2628 2643 2662 2686 2683 2666 2657 2639 2625 2607 2589 2588 2587 2575 2563 2559 2578 2613 2636 2661 2685 2707 2713 2699 2684 2665 2644 2619 2601 2610 2627 2644 2664 2680 2701 2724 2746 2781 2791 2807 2818 2830 2838 2840 2858 2873 2888 2904 2910 2902 2876 2894 2884 2865 2890 2929 2936 2893 2899 2900 2910 2918 2922 2923 2925 2929 2949
2604 2652 2673 2685 2651 2625 2617 2606 2575 2610 2638 2543 2689 2724 2684 2649 2613 2631 2655 2674 2680 2690 2693 2686 2671 2655 2631 2605 2602 2599 2588 2573 2570 2588 2623 2648 2680 2708 2730 2734 2723 2717 2701 2681 2660 2644 2646 2657 2673 2686 2698 2713 2729 2746 2772 2787 2801 2815 2831 2852 2878 2870 2878 2890 2903 2920 2927 2929 2906 2905 2886 2898 2918 2922 2935 2924 2902 2906 2919 2929 2934 2935 2943 2974
2664 2712 2709 2709 2701 2688 2663 2630 2607 2626 2605 2587 2668 2704 2699 2674 2653 2660 2674 2693 2711 2714 2715 2718 2722 2709 2668 2634 2624 2613 2599 2580 2578 2592 2603 2663 2705 2734 2755 2765 2774 2756 2739 2723 2711 2708 2712 2711 2711 2714 2720 2728 2736 2746 2755 2780 2797 2813 2829 2846 2861 2868 2876 2887 2899 2927 2954 2974 2942 2917 2901 2906 2919 2931 2938 2918 2907 2922 2930 2941 2948 2959 2987 3015
2696 2705 2708 2711 2776 2763 2707 2656 2622 2615 2605 2636 2700 2735 2727 2706 2695 2686 2688 2706 2721 2723 2727 2737 2752 2745 2701 2667 2645 2621 2607 2591 2592 2623 2667 2708 2740 2767 2788 2808 2807 2793 2776 2763 2756 2762 2764 2759 2749 2742 2736 2735 2741 2755 2773 2783 2798 2812 2827 2835 2847 2859 2871 2883 2901 2926 2958 2975 2958 2915 2906 2905 2924 2945 2926 2916 2912 2941 2945 2952 2964 2980 3018 3044
2715 2718 2704 2710 2825 2793 2726 2666 2620 2598 2614 2662 2727 2758 2742 2729 2708 2696 2690 2687 2700 2718 2727 2735 2745 2743 2715 2691 2672 2650 2636 2621 2623 2655 2732 2757 2778 2800 2821 2836 2838 2822 2807 2797 2790 2790 2803 2798 2786 2771 2756 2745 2747 2758 2771 2783 2799 2816 2830 2840 2850 2858 2867 2873 2880 2913 2946 2967 2949 2914 2905 2908 2922 2933 2957 2955 2921 2950 2963 2975 2982 2997 3021 3044
2715 2723 2695 2665 2736 2759 2723 2673 2631 2634 2637 2696 2740 2720 2764 2765 2738 2713 2694 2688 2709 2714 2718 2719 2716 2706 2708 2706 2701 2703 2687 2672 2680 2710 2742 2780 2809 2830 2846 2859 2851 2844 2835 2827 2818 2803 2826 2833 2821 2802 2781 2758 2758 2753 2767 2787 2804 2820 2836 2856 2863 2863 2870 2875 2882 2901 2918 2931 2927 2897 2901 2912 2932 2944 2975 2974 2966 2973 2980 2989 2995 3008 3024 3047
2731 2713 2680 2648 2666 2725 2716 2681 2644 2649 2660 2693 2756 2831 2861 2818 2767 2725 2700 2686 2699 2706 2708 2705 2694 2678 2694 2711 2723 2736 2753 2766 2755 2737 2781 2822 2843 2858 2870 2869 2869 2865 2862 2860 2859 2861 2876 2871 2853 2835 2818 2801 2790 2776 2784 2798 2815 2828 2839 2851 2863 2869 2878 2885 2886 2899 2912 2919 2915 2893 2918 2938 2964 2988 2964 2966 2981 2993 2996 2993 3003 3029 3049 3053
2748 2707 2686 2680 2736 2739 2734 2711 2681 2698 2708 2679 2794 2911 2922 2855 2790 2738 2711 2688 2694 2703 2707 2704 2695 2690 2712 2725 2750 2785 2825 2859 2840 2836 2860 2878 2876 2884 2894 2908 2900 2888 2892 2896 2902 2917 2929 2902 2883 2868 2857 2849 2830 2817 2814 2820 2833 2838 2841 2844 2859 2876 2891 2901 2902 2909 2912 2909 2923 2949 2967 2989 3002 2998 2974 2970 2997 3005 3004 2985 3005 3049 3076 3084
2763 2762 2752 2718 2727 2764 2773 2764 2729 2740 2726 2705 2808 2896 2910 2872 2811 2746 2747 2731 2707 2715 2719 2720 2716 2706 2722 2740 2781 2834 2873 2894 2900 2902 2902 2891 2897 2904 2912 2921 2914 2914 2924 2929 2932 2934 2918 2914 2908 2899 2889 2881 2865 2843 2845 2847 2850 2856 2854 2851 2869 2889 2907 2925 2927 2925 2929 2913 2948 2997 2999 3014 3030 3044 3025 3019 3016 3020 3014 2987 3013 3074 3128 3139
2835 2806 2792 2781 2793 2818 2828 2830 2784 2738 2737 2741 2867 2895 2895 2889 2856 2819 2807 2790 2750 2742 2743 2747 2754 2771 2800 2791 2808 2851 2895 2924 2916 2943 2935 2910 2916 2919 2921 2925 2935 2967 2965 2961 2958 2957 2928 2933 2932 2927 2919 2911 2897 2887 2876 2876 2878 2881 2883 2885 2893 2907 2919 2927 2934 2937 2942 2941 2983 3006 2996 3018 3043 3068 3058 3043 3053 3045 3025 3006 3038 3103 3160 3172
2859 2866 2857 2880 2893 2887 2876 2863 2795 2735 2765 2799 2854 2897 2916 2922 2917 2890 2871 2826 2789 2776 2777 2784 2796 2816 2839 2833 2824 2842 2880 2882 2891 2907 2921 2946 2937 2930 2930 2938 2963 3005 2993 2982 2974 2974 2982 2974 2964 2955 2946 2936 2916 2901 2902 2904 2910 2914 2918 2921 2923 2928 2934 2936 2947 2953 2952 2963 3003 3015 3015 3044 3076 3079 3076 3054 3076 3075 3063 3058 3095 3135 3165 3173
2908 2952 2980 2977 2966 2941 2900 2860 2812 2764 2798 2862 2860 2901 2948 2964 2983 3010 2939 2850 2818 2806 2807 2818 2831 2848 2865 2852 2842 2842 2846 2864 2872 2874 2894 2926 2934 2930 2930 2939 2963 3007 2999 2985 2976 2972 3001 3006 2997 2984 2972 2959 2944 2922 2925 2931 2936 2946 2956 2957 2949 2946 2947 2952 2962 2977 2993 3007 3023 3025 3022 3063 3089 3086 3079 3070 3109 3104 3103 3108 3142 3174 3195 3193
3003 3012 3006 2999 3006 2974 2916 2858 2857 2890 2891 2904 2898 2932 2970 2997 3024 3027 2949 2871 2848 2840 2841 2847 2857 2866 2863 2847 2838 2839 2839 2844 2853 2848 2842 2895 2917 2927 2930 2929 2927 2972 2979 2975 2976 2990 3015 3026 3021 3010 2999 2987 2970 2956 2955 2956 2964 2974 2987 2985 2971 2962 2958 2960 2979 3000 3016 3031 3031 3046 3066 3081 3089 3097 3093 3112 3121 3135 3131 3147 3179 3204 3238 3246
3062 3051 3021 3037 3019 2986 2941 2909 2915 2944 2923 2955 2964 2975 2988 3017 3054 3071 2995 2908 2883 2872 2868 2869 2873 2879 2841 2835 2841 2844 2851 2865 2875 2868 2870 2888 2913 2930 2937 2936 2925 2936 2950 2958 2964 2980 3025 3047 3038 3029 3021 3011 3000 2989 2986 2986 2986 2989 2995 2993 2984 2976 2968 2966 2997 3030 3039 3030 3047 3075 3106 3114 3122 3128 3136 3142 3151 3169 3202 3213 3235 3176 3198 3250
3107 3121 3061 3046 3028 3002 2970 2948 2953 2965 2950 2990 3025 3031 3014 3052 3086 3079 3008 2954 2920 2905 2896 2888 2880 2874 2836 2841 2854 2864 2872 2897 2911 2901 2885 2908 2928 2944 2955 2962 2972 2943 2942 2953 2960 2974 3016 3039 3046 3044 3041 3034 3032 3022 3014 3009 3002 2996 2988 2992 2993 2992 2989 2992 3011 3043 3061 3064 3078 3101 3124 3145 3156 3166 3170 3171 3179 3181 3188 3197 3078 3024 3026 3086
3126 3137 3096 3051 3038 3022 3006 2990 2980 2978 2995 3044 3080 3106 3149 3163 3134 3093 3031 2978 2961 2943 2929 2913 2892 2866 2866 2873 2885 2890 2900 2927 2946 2940 2943 2945 2954 2969 2982 2991 2994 2980 2967 2962 2968 2987 3008 3031 3051 3062 3066 3066 3055 3051 3043 3037 3029 3014 2996 3001 3008 3011 3010 3011 3018 3019 3038 3067 3099 3124 3155 3183 3206 3215 3217 3224 3195 3179 3092 2968 2882 2858 2851 2868
3153 3135 3108 3049 3061 3086 3041 3008 3014 3025 3023 3099 3106 3169 3233 3241 3181 3126 3082 3028 3008 2986 2964 2940 2917 2898 2908 2910 2916 2926 2937 2958 2974 2972 2966 2970 2981 2994 3007 3018 3025 3022 2997 2974 2961 2975 3012 3051 3066 3083 3088 3090 3084 3064 3072 3069 3063 3049 3028 3032 3028 3029 3035 3033 3033 3032 3049 3067 3091 3133 3177 3216 3239 3256 3261 3231 3235 3221 3061 2878 2794 2781 2776 2788
3154 3150 3129 3047 3070 3103 3069 3043 3050 3069 3098 3134 3202 3211 3240 3242 3200 3150 3118 3100 3058 3030 3002 2976 2953 2937 2937 2943 2953 2970 2979 2992 3002 2999 2988 2993 3004 3020 3031 3039 3042 3031 3007 2988 2975 2986 3015 3024 3076 3099 3117 3125 3108 3112 3122 3115 3107 3099 3089 3064 3053 3044 3038 3042 3051 3067 3057 3072 3100 3136 3179 3225 3264 3290 3277 3260 3305 3296 3092 2870 2783 2782 2777 2773
3181 3165 3197 3086 3089 3107 3106 3086 3069 3087 3130 3154 3199 3212 3224 3214 3214 3182 3137 3126 3100 3070 3039 3011 2988 2978 2963 2983 2998 3008 3011 3010 3023 3023 3024 3031 3043 3046 3051 3056 3058 3045 3011 3009 3014 3021 3040 3072 3099 3131 3164 3179 3201 3223 3164 3145 3139 3138 3128 3100 3077 3055 3033 3049 3059 3061 3055 3086 3117 3137 3150 3164 3269 3318 3282 3277 3360 3357 3139 2896 2775 2790 2811 2807
3207 3222 3244 3157 3131 3126 3136 3125 3100 3105 3148 3175 3163 3195 3232 3282 3240 3208 3183 3164 3141 3110 3078 3049 3018 2992 3003 3024 3010 3004 2998 2999 3025 3043 3049 3052 3061 3070 3072 3074 3074 3070 3044 3041 3042 3049 3063 3083 3118 3155 3207 3254 3235 3198 3167 3160 3162 3167 3156 3132 3105 3078 3063 3065 3071 3068 3077 3106 3132 3154 3174 3213 3290 3323 3288 3270 3377 3372 3196 2966 2803 2816 2822 2850
3307 3315 3251 3198 3173 3181 3170 3159 3153 3141 3170 3153 3137 3163 3201 3205 3226 3234 3242 3221 3185 3152 3114 3084 3080 3064 3055 3074 2985 2819 2870 2977 3044 3075 3078 3075 3083 3086 3090 3091 3087 3080 3076 3073 3074 3072 3078 3106 3135 3178 3244 3325 3288 3165 3163 3174 3186 3200 3191 3164 3134 3104 3091 3088 3091 3086 3075 3116 3150 3181 3218 3266 3329 3387 3300 3323 3377 3398 3275 3095 2901 2883 2909 2955
3342 3342 3286 3217 3212 3220 3187 3199 3208 3159 3198 3161 3131 3149 3189 3194 3243 3263 3291 3257 3223 3185 3146 3109 3068 3062 3078 3095 3003 2843 2902 3011 3095 3130 3105 3079 3088 3103 3110 3110 3106 3093 3104 3096 3086 3090 3091 3089 3106 3166 3224 3261 3232 3179 3159 3182 3204 3213 3210 3194 3171 3136 3105 3109 3101 3090 3089 3127 3167 3208 3249 3287 3322 3325 3334 3365 3372 3435 3356 3255 3103 3078 3065 3091
3364 3368 3331 3285 3279 3275 3261 3257 3250 3217 3189 3192 3162 3197 3231 3292 3313 3327 3315 3293 3255 3213 3172 3133 3097 3088 3094 3102 3104 3116 3068 3096 3148 3173 3129 3090 3113 3130 3131 3133 3132 3131 3124 3116 3115 3117 3114 3104 3116 3161 3209 3195 3187 3144 3167 3208 3237 3252 3243 3225 3200 3184 3168 3138 3119 3105 3115 3146 3191 3231 3270 3307 3324 3320 3348 3387 3366 3389 3400 3398 3333 3322 3340 3364
3392 3325 3317 3343 3348 3336 3299 3302 3330 3295 3233 3236 3212 3237 3258 3285 3320 3355 3319 3317 3273 3232 3199 3169 3128 3114 3116 3133 3171 3205 3181 3166 3172 3165 3142 3128 3131 3139 3152 3159 3162 3164 3137 3125 3147 3150 3155 3159 3170 3195 3230 3278 3230 3230 3241 3261 3284 3303 3283 3255 3223 3190 3175 3162 3152 3132 3146 3185 3222 3255 3289 3327 3356 3370 3386 3405 3395 3384 3414 3457 3474 3476 3512 3491
3387 3324 3337 3372 3382 3364 3290 3320 3355 3330 3273 3239 3250 3241 3277 3297 3320 3342 3319 3301 3268 3239 3215 3205 3218 3137 3134 3155 3196 3225 3220 3205 3183 3151 3147 3146 3150 3163 3176 3184 3186 3182 3151 3138 3166 3192 3204 3219 3239 3240 3237 3213 3252 3260 3276 3315 3338 3326 3319 3283 3244 3212 3198 3186 3177 3165 3196 3236 3255 3275 3297 3329 3361 3401 3422 3409 3388 3381 3413 3450 3465 3480 3494 3497
3456 3421 3395 3411 3411 3368 3313 3368 3441 3433 3324 3278 3240 3265 3321 3358 3357 3295 3274 3247 3248 3235 3212 3191 3172 3137 3155 3192 3223 3244 3241 3229 3205 3175 3170 3162 3173 3197 3206 3209 3211 3208 3199 3196 3222 3241 3259 3277 3284 3290 3281 3276 3296 3318 3343 3377 3413 3440 3368 3318 3270 3223 3224 3219 3203 3229 3253 3278 3285 3291 3294 3291 3308 3396 3424 3399 3381 3376 3397 3438 3486 3467 3484 3510
3504 3472 3439 3456 3458 3385 3335 3415 3476 3457 3368 3272 3268 3356 3383 3384 3337 3241 3242 3263 3263 3238 3206 3165 3139 3156 3181 3212 3236 3258 3262 3251 3235 3221 3209 3201 3206 3233 3234 3241 3241 3236 3229 3255 3279 3290 3307 3328 3353 3343 3325 3320 3352 3394 3434 3418 3408 3396 3383 3347 3311 3274 3281 3281 3266 3251 3296 3316 3317 3313 3305 3294 3307 3371 3389 3386 3371 3354 3377 3414 3436 3458 3496 3558
3522 3490 3464 3488 3502 3421 3409 3493 3483 3409 3376 3371 3333 3388 3403 3369 3313 3246 3240 3273 3275 3247 3215 3178 3162 3178 3198 3217 3263 3302 3289 3279 3268 3254 3253 3256 3259 3254 3266 3279 3283 3277 3271 3289 3312 3326 3339 3359 3387 3380 3360 3365 3395 3431 3440 3447 3424 3401 3394 3375 3353 3348 3351 3359 3351 3320 3335 3352 3350 3341 3331 3325 3342 3377 3378 3381 3378 3358 3371 3406 3430 3459 3529 3558
