real_craters/C194-300m.grd
DSAA
613 613
-91.875 91.875
-91.875 91.875
1037.8288180861 5697.0865043165
[rows 540 to 569 of 613, columns 201 to 267 of 613]
3499.14 3497.42 3496.69 3498.32 3500.82 3504.48 3507.92 3511.42 3516.69 3518.76 3518.47 3519.52 3519.69 3519.1 3518.08 3517.46 3516.74 3515.85 3514.67 3512.73 3509.57 3503.68 3503.63 3502.67 3501.25 3502.67 3507.62 3514.14 3517.36 3507.28 3499.37 3502.25 3507.32 3513.16 3512.8 3512.55 3514.05 3516.81 3521.76 3525.5 3529.22 3533.73 3535.66 3535.9 3534.6 3526.43 3510.46 3474.47 3459.61 3460.3 3466.18 3475.71 3484.99 3493.82 3501.35 3504.67 3504.26 3503.96 3502.81 3502.14 3501.11 3499.6 3499.27 3499.29 3499.13 3499.12 3497.8
3495.67 3492.02 3488.76 3487.22 3493.97 3499.82 3504.01 3506.28 3506.71 3506.17 3510.9 3514.42 3516.05 3516.37 3516.03 3515.75 3515.21 3514.38 3513.09 3511.01 3507.19 3501.37 3499.94 3498.63 3495.98 3495.99 3499.07 3504.95 3508.56 3500.93 3495.74 3499.12 3503.1 3515.83 3511.18 3511.78 3515.24 3519.82 3524.28 3528.52 3532.42 3535.8 3538.01 3538.63 3536.67 3528.6 3511.44 3475.35 3460.89 3462.86 3467.95 3475.89 3484.67 3493.81 3501.19 3504.4 3501.83 3503.74 3505.75 3503.4 3498.52 3496.01 3495.94 3496.11 3498.36 3499.2 3497.69
3493.05 3489 3485.57 3484.73 3491.38 3497.88 3503.34 3505.13 3503.68 3502.72 3507.42 3510.66 3512.68 3513.43 3513.84 3513.77 3513.02 3512.33 3511.58 3510.2 3508.03 3503.98 3497.94 3494.92 3493.38 3487.83 3485.25 3489.74 3497.94 3498.82 3500.69 3498.88 3490.53 3479.37 3496.8 3507.9 3515.08 3519.91 3524.8 3529.19 3533.05 3536.27 3538.57 3539.31 3538.14 3531.04 3515.6 3488.41 3469.76 3468.34 3471.33 3478.06 3487.09 3494.67 3501.76 3504.37 3505.33 3504.07 3502.69 3497.96 3490.38 3489.08 3492.21 3496.95 3499.55 3499.81 3498.01
3491.58 3488.14 3486.49 3487.92 3492.29 3498.27 3502.79 3504.97 3504.77 3504.7 3505.93 3508.58 3510.1 3510.95 3511.29 3511.17 3510.94 3509.93 3509.08 3508.45 3507.9 3503.41 3491.74 3484.19 3484.22 3472.14 3464.86 3462.65 3472.68 3492.61 3507.98 3504.86 3492.22 3479.91 3494.76 3507.38 3515.93 3521.99 3526.46 3530.52 3534.4 3537.94 3540.36 3541.64 3541.1 3536.85 3527.72 3508.09 3482.21 3474.84 3475.57 3481.38 3489.33 3497.11 3503.35 3508.17 3509 3500.33 3487.32 3476.12 3473.46 3478.94 3487.06 3495.14 3498.97 3499.5 3497.78
3491.12 3487.7 3486.08 3488.26 3493.78 3500.39 3505.63 3507.38 3507.1 3506.16 3506.76 3507.99 3508.59 3509.02 3509.12 3508.43 3507.87 3506.89 3505.59 3504.4 3503.16 3496.32 3479.58 3462.57 3451.31 3448.78 3445.08 3439.84 3452.81 3484.34 3509.67 3512.94 3511.1 3509.74 3508.15 3513.05 3518.73 3524.04 3527.64 3531.68 3534.54 3537.8 3540.8 3542.6 3543.79 3541.74 3535.72 3518 3488.38 3480.26 3480.77 3483.96 3491.95 3498.51 3504.76 3509.61 3510.08 3496.03 3466.78 3444.21 3452.51 3468.74 3483.35 3492.96 3497.83 3499.12 3495.01
3491.21 3487.47 3485.72 3488.54 3494.78 3502.59 3510.72 3509.98 3508.9 3509.65 3508.24 3507.13 3507.22 3507.04 3506.84 3506.25 3504.86 3503.31 3501.14 3498 3492.76 3483.69 3468.23 3446.44 3427.9 3434.8 3436.72 3437.73 3452.1 3479.06 3503.34 3514.15 3520.15 3521.96 3519.19 3519.69 3522.22 3525.41 3528.21 3531.92 3535.18 3538.38 3541.73 3544.03 3545.4 3546.06 3541.65 3528 3500.07 3487.25 3484.99 3486.33 3493.9 3499.42 3505.53 3508.86 3508.33 3495.05 3458.58 3428.52 3441.07 3464.41 3484.58 3499 3504.77 3499.28 3487.56
3491.05 3487.31 3485.82 3488.75 3494.56 3501.47 3507.52 3508.28 3507.42 3506.37 3505.7 3505.4 3505.48 3505.54 3505.16 3503.81 3502.3 3500.23 3496.78 3492.2 3485.24 3476.84 3465.31 3450.47 3439.24 3437.42 3439.68 3445.54 3458 3476.73 3495.4 3509.82 3519.54 3523.38 3523.95 3524.62 3525.98 3528.25 3530.71 3531.91 3535.21 3538.33 3539.14 3542.1 3544.77 3546.75 3545.12 3535.68 3510.98 3494.26 3489.04 3488.72 3492.93 3499.08 3504.64 3509.26 3507.2 3499.82 3465.85 3433.86 3444.12 3468.63 3490.26 3508.95 3516.64 3496.02 3471.23
3490.55 3487 3485.27 3488.37 3493.35 3498.38 3501.92 3504.36 3504.11 3502.23 3501.94 3503.22 3504.2 3504.38 3503.86 3502.31 3500.38 3497.56 3493.79 3488.61 3482.88 3476.25 3469.04 3461.24 3452.24 3445.86 3445.76 3452.78 3461.69 3475.59 3491.1 3505.19 3516.35 3522.05 3524.88 3526.12 3527.06 3528.69 3529.37 3531.36 3534.07 3536.99 3540.11 3542.76 3545.37 3547.17 3546.31 3539.63 3521.04 3502.86 3491.82 3489.14 3490.56 3495.54 3502.41 3505.79 3503.7 3509.11 3485.14 3457.74 3464.8 3480.15 3492.25 3505.09 3509.57 3476.1 3440.16
3489.65 3486.12 3485.71 3487.33 3491.87 3497.02 3500.26 3501.82 3501.66 3499.73 3499.47 3502.26 3503.55 3503.7 3502.93 3501.49 3499.24 3496.21 3491.83 3486.66 3481.12 3477.39 3473.75 3470.99 3461.89 3451.82 3447.31 3450.31 3460.77 3474.12 3487.76 3501.16 3513.64 3519.92 3523.74 3525.82 3527.36 3529.03 3529.5 3531.39 3532.93 3534.98 3537.64 3540.88 3543.16 3544.89 3544.76 3541.74 3525.51 3505.52 3487.87 3483.85 3486.57 3492.67 3500.64 3505.74 3505.25 3509.9 3510.08 3505.66 3502.56 3493.36 3484.22 3477.68 3466.51 3430.69 3393.65
3487.88 3483.64 3481.89 3484.21 3489.05 3496.76 3500.9 3500.09 3500.52 3500.96 3502.31 3503.34 3503.87 3503.52 3502.41 3500.63 3498.21 3495.17 3491.22 3486.04 3481.33 3478.64 3476.21 3472.43 3463.56 3453.66 3446.34 3445.09 3458.81 3473.57 3488.23 3501.68 3511.28 3518.5 3521.25 3524.42 3526.03 3524.89 3526.66 3528.08 3530.26 3531.72 3532.72 3535.05 3536.69 3538.01 3538.08 3536.58 3517.5 3487.58 3472.54 3474.19 3481.02 3490.83 3499.99 3508.57 3511.41 3518.91 3526.3 3540.58 3531.45 3496.11 3463.35 3432.59 3399.44 3365.26 3334.65
3485.4 3480.5 3478.37 3479.28 3482.94 3488.48 3493.47 3496.15 3499.03 3502.06 3504.82 3504.94 3504.63 3503.67 3502.7 3500.66 3497.7 3494.69 3491.27 3486.8 3482.69 3479.82 3476.54 3472.46 3461.31 3452.15 3450.58 3452.81 3459.03 3473.22 3490.7 3506.41 3513.46 3517.19 3518.75 3519.91 3520.96 3521.07 3522.69 3524.21 3525.58 3527.4 3528.65 3529.39 3529.77 3528.81 3525.98 3520.16 3499.46 3468.27 3455.42 3463.87 3477.01 3487.15 3499.19 3513.09 3522.37 3523.28 3511.72 3526.97 3520.85 3477.89 3431.52 3382.84 3333.55 3296.38 3271.08
3482.57 3476.4 3473.45 3473.42 3475.1 3479.11 3484.46 3490.87 3496.72 3501.6 3505.16 3505.83 3505.69 3504.39 3502.63 3500.76 3498.05 3495.14 3491.87 3488.92 3485.29 3480.66 3474.93 3466.39 3454.11 3443.11 3440.74 3445.38 3453.42 3469.25 3488.66 3505.26 3511.34 3513.8 3515.92 3517.4 3513.79 3514.02 3514.56 3517.28 3518.05 3519.76 3519.39 3519.34 3521.01 3517.92 3512.02 3500.48 3481.06 3458.03 3445.38 3458.66 3472.39 3483.26 3494.11 3509.22 3534.09 3505.85 3467.64 3477.2 3474.39 3443.45 3394.25 3333.14 3269.46 3226.77 3209.78
3480.84 3472.25 3468.95 3469.21 3468.72 3467.25 3476.96 3486.87 3495.02 3501.16 3504.24 3506.84 3506.69 3504.83 3502.47 3499.92 3497.27 3494.38 3491.84 3489.94 3486.75 3480.98 3473.61 3462.3 3445.69 3427.89 3415.5 3422.76 3441.06 3461.68 3482.63 3498.84 3503.02 3507.69 3510.73 3510.73 3506.63 3506.38 3505.81 3507.43 3507.32 3507.22 3507.17 3506.98 3509.53 3505.96 3499.72 3489.41 3474.38 3461.54 3453.35 3464.26 3472.56 3475.35 3478.91 3480.93 3477.6 3438.17 3409.89 3427.7 3432.86 3415.69 3361.41 3289.75 3216.22 3170.14 3155.3
3482.31 3473.21 3470.29 3469.98 3469.08 3469.7 3476.63 3486.2 3494.96 3502.54 3509.29 3509.57 3507.1 3504.21 3502.08 3498.35 3495.34 3492.57 3489.83 3486.64 3484.17 3480.88 3474.14 3461.46 3441.35 3417.09 3394.37 3407.02 3431.42 3454.38 3475.27 3492.67 3496.89 3500.87 3502.54 3503.44 3496.27 3494.77 3493 3491.52 3490.77 3489.89 3489.41 3489.71 3489.91 3491.68 3489.47 3484.99 3479.01 3476.82 3477.74 3480.66 3478.23 3466.67 3456.33 3441.81 3417.57 3375.86 3355.88 3405.56 3440.07 3409.46 3337.54 3253.05 3173.32 3119.74 3107.76
3486.61 3482.11 3477.64 3475.74 3474.77 3475.42 3481.31 3488.58 3495.99 3502.98 3508.81 3509.53 3506.51 3503.41 3500.47 3497.44 3494.39 3491.01 3487.94 3484.69 3482.71 3481.53 3477.28 3465.11 3445.05 3421.51 3400.5 3410.87 3431.36 3450.98 3468.15 3481 3488.78 3494.39 3495.83 3493.97 3485.85 3483.27 3479.78 3476.31 3475.76 3473.12 3470.97 3471.61 3472.98 3479.29 3481.64 3484.86 3486.95 3493.93 3498.58 3496.06 3482.66 3459.95 3431.68 3402.59 3368.23 3333.67 3322.98 3391.44 3455.86 3406.05 3311.2 3216.44 3130.39 3071.73 3068.17
3491.15 3487.53 3485.01 3483.96 3483.93 3484.73 3488.05 3492.41 3497.11 3501.82 3505.69 3505.91 3503.8 3501.42 3498.83 3495.97 3493.02 3489.72 3486.48 3482.5 3481.76 3481.83 3481.64 3471.42 3454.15 3439.34 3430.51 3429.71 3439.61 3452.78 3465.7 3474.34 3483.34 3489.43 3489.34 3489.65 3478.97 3473.7 3468.66 3463.09 3458.42 3454.65 3454.63 3453.28 3455.68 3460.86 3471.59 3484.19 3497.64 3509.2 3512.28 3505.68 3485.54 3447.31 3402.41 3362 3329.94 3300.86 3294.17 3352.07 3417.49 3359.64 3263.04 3173.26 3098.07 3049.83 3039.16
3495.48 3492.74 3491.75 3492.49 3494.85 3496.02 3495.3 3496.3 3498.15 3499.99 3500.66 3500.14 3499.95 3498.84 3497.05 3494.73 3491.71 3488.27 3485.19 3483.38 3479.7 3478.56 3478.56 3471.22 3460.78 3454.5 3451.6 3446.93 3449.86 3457.79 3467.69 3478.7 3485.65 3487.44 3484.04 3484.01 3472.84 3466.57 3459.31 3453.77 3446.28 3440.41 3435.54 3433.02 3432.74 3438.5 3450.26 3472.11 3499.13 3510.1 3514.44 3521.86 3481.84 3423.93 3365.77 3317.7 3274.91 3242.82 3252.13 3278.24 3292.2 3256.27 3187.81 3117.32 3056.78 3016.49 3006.24
3499.76 3497.55 3497.84 3499.65 3502.25 3502.62 3500.57 3499.53 3499.18 3498.7 3497.41 3496.21 3496.67 3496.62 3495.7 3493.78 3490.78 3486.71 3481.98 3477.54 3474.41 3471.42 3468.96 3465.67 3461.72 3459.36 3457.87 3455.95 3457.39 3462.21 3469.36 3479.04 3487.06 3488.04 3481.16 3475.01 3467.19 3458.71 3449.04 3440.94 3431.31 3421.29 3411.53 3407.94 3404.69 3406.84 3415.75 3435.41 3462.71 3470.86 3472.91 3487.8 3439.28 3370.99 3314.03 3267.14 3231.49 3214.69 3207.24 3194.54 3177.27 3144.42 3099.82 3052.4 3007.78 2972.62 2970.15
3506.07 3502.24 3504.35 3505.43 3506.44 3505.68 3503.57 3501.85 3500.35 3498.59 3496.14 3493.93 3494.83 3495.55 3495.22 3493.74 3490.99 3486.57 3479.8 3472.36 3469.35 3463.78 3459.02 3459.39 3460.02 3459.91 3459.88 3460.36 3462 3465.25 3469.36 3475.72 3485.32 3485.59 3479.61 3470.61 3461.23 3450.15 3437.82 3427.07 3414.02 3399.64 3387.98 3377.96 3372.13 3367.92 3366.52 3369.55 3376.2 3375.29 3374.04 3371.97 3339.85 3284.63 3237.92 3201.01 3173.41 3165.02 3120.43 3095.87 3062.54 3032.45 3012.85 2989.53 2964.22 2944.27 2941.57
3520.13 3516.53 3512.81 3510.33 3509.32 3507.29 3505.38 3503.73 3501.96 3499.83 3496.68 3494.19 3495.11 3496.15 3495.95 3494.74 3492.56 3489.04 3484.18 3477.17 3469.6 3461.22 3451.28 3457.1 3459.9 3461.21 3462.17 3463.39 3465.41 3468.44 3471.29 3475.78 3485.16 3482.44 3475.3 3466.43 3454.92 3441.3 3426.49 3410.85 3394.12 3377.45 3361.8 3347.06 3333.4 3319.62 3305.58 3291.67 3270.44 3253.33 3253.21 3239.03 3204.41 3177.1 3147.46 3119.06 3090.37 3056.36 3008.33 2995.05 2964.03 2938.83 2942.7 2938.19 2928.3 2918.53 2918.17
3533.53 3528.58 3520.43 3513.72 3508.23 3507.47 3506.95 3505.71 3504.2 3502.37 3499.91 3497.5 3498.1 3498.31 3497.86 3496.75 3495.24 3492.93 3489.96 3482.76 3472.85 3465.86 3463.55 3461.26 3462.87 3464.33 3465.12 3465.82 3467.53 3471.41 3477.73 3481.56 3483.7 3477.52 3470.32 3457.63 3444.05 3427.86 3410.42 3391.16 3371.49 3352.28 3332.29 3311.74 3291.39 3269.26 3246.21 3217.83 3183.75 3154.3 3143.82 3121.43 3089.2 3072.28 3055.83 3035.65 3008.12 2972.43 2931.66 2917.41 2905.19 2894.41 2900.44 2903.51 2902.66 2901.42 2904.35
3540.39 3534.29 3525.33 3517.18 3510.79 3509.56 3509.34 3508.45 3507.16 3505.78 3504.71 3504 3502.88 3501.38 3500.04 3498.78 3497.58 3496.01 3493.25 3485.17 3474.25 3465.67 3463.27 3465.47 3468.29 3468.47 3468.71 3467.17 3466.63 3469.86 3479.87 3482.43 3477.17 3470.75 3463.63 3449.84 3433.15 3414.29 3393.46 3371.26 3348.26 3327.58 3303.81 3278.57 3254.09 3224.54 3192.59 3156.24 3116.98 3081.88 3059.04 3033.07 3000.18 2985.4 2977.61 2963.26 2940.2 2906.3 2883.85 2877.17 2875.66 2876.86 2879.25 2883.62 2887.09 2892.01 2897.85
3536.13 3533.83 3528.28 3521.45 3515.93 3514.06 3513.16 3511.85 3510.36 3509.06 3508.47 3509.04 3506.85 3503.77 3501.87 3500.61 3499.52 3497.92 3493.73 3485.46 3474.29 3463.21 3462.24 3470.36 3477.31 3478.64 3474.25 3467.6 3461.73 3459.22 3461.9 3467.21 3469.15 3466 3458.1 3443.94 3424.63 3402.13 3378.18 3354.04 3328.27 3302.44 3274.55 3247.18 3219.95 3183.03 3146.36 3106.74 3064.26 3023.85 2993.9 2968.18 2939.9 2924.59 2916.59 2908.2 2895.33 2877.76 2866.94 2864.2 2862.07 2863.69 2868.95 2873.99 2878.51 2883.79 2889.12
3533.6 3534 3531.79 3527.15 3522.44 3520.29 3518.04 3515.48 3513.29 3511.23 3509.75 3508.42 3506.28 3504.15 3502.67 3501.71 3500.71 3499.05 3495.65 3486.2 3475.67 3466.54 3467.65 3477.06 3487.96 3491.91 3479.18 3466.53 3453.97 3443.33 3438.12 3448.89 3463.29 3465.07 3455.1 3436.82 3413.68 3387.62 3363.55 3335.78 3306.98 3277.71 3248.69 3217.04 3184.38 3147.47 3108.46 3064.01 3022.67 2984.05 2948.77 2920.9 2896.23 2876.53 2872.95 2871.24 2867.58 2863.7 2860.85 2854.17 2856.22 2861.8 2865.94 2869.89 2873.91 2878.58 2883.19
3535.82 3536.94 3537.02 3536.07 3532.52 3527.59 3523.18 3519.21 3515.61 3512.31 3509.26 3506.02 3503.56 3503.03 3502.73 3502.35 3501.36 3499.08 3493.66 3485.93 3477.62 3472.47 3473.91 3481.55 3491.26 3492.41 3479.55 3464.11 3446.96 3429.53 3418.85 3437.43 3462.25 3467.46 3450.81 3427.03 3398.93 3368.6 3340.18 3308.92 3278.46 3246.99 3216.32 3182.18 3147.69 3107.47 3069.15 3024.3 2985.83 2948.3 2915.41 2885.94 2862.19 2839.12 2844.57 2849.82 2851.44 2852.34 2851.69 2852.3 2855.17 2860.49 2864.19 2868.04 2872.85 2877.87 2882.98
3540.53 3540.41 3541.57 3543.5 3540.3 3533.51 3527.43 3522 3517.29 3512.81 3508.51 3504.37 3501.79 3501.38 3502.13 3502.61 3502.17 3499.77 3493.76 3484.53 3476.62 3475.66 3475.01 3480.97 3488.3 3487.49 3476.71 3462.11 3444.49 3424.94 3412.12 3434.37 3460.08 3464.9 3444.24 3414.53 3380.2 3344.71 3311.41 3277.26 3244.03 3216.19 3182.52 3147.8 3110.3 3074.55 3032.54 2993.61 2954.17 2921.06 2887.15 2861.34 2846.41 2835.59 2835.67 2840.51 2843.78 2846.68 2848.81 2853.89 2855.83 2857.8 2861.91 2867.42 2872.55 2877.71 2883.66
3540.5 3540.9 3542.77 3543.83 3541.73 3536.12 3529.94 3523.97 3518.43 3513.16 3507.98 3502.47 3498.32 3499.65 3501.67 3503.08 3503.46 3501.69 3494.63 3482.02 3469.45 3465.03 3468.51 3476.23 3481.52 3481.5 3474.34 3462.33 3447.86 3434 3428.33 3441.39 3458.44 3457.13 3434.97 3397.57 3355.69 3316.74 3278.72 3242.94 3208.9 3178.4 3143.65 3110.13 3075.98 3040.04 3000.77 2963.75 2925.29 2885.74 2856.55 2844.11 2838.84 2836.59 2836.86 2840.59 2844.53 2848.97 2853.66 2853.52 2855.27 2859.11 2863.42 2868.14 2872.72 2877.37 2881.94
3533.46 3538.03 3541.84 3544.24 3541.51 3536.57 3530.87 3525.17 3519.51 3513.98 3508.54 3502.29 3497.63 3499.62 3502.22 3503.9 3504.81 3504.59 3496.68 3480.17 3462.01 3448.01 3462.29 3472.83 3477.07 3478.34 3473.89 3464.69 3453.18 3443.04 3439.96 3446.3 3460.47 3460.44 3422.57 3371.12 3321.79 3280.07 3241.18 3205.45 3174.53 3141.49 3109.77 3075.67 3043.51 3008.86 2975.85 2941.72 2906.34 2872.28 2847.24 2838.07 2837.14 2839.8 2842.34 2843.53 2847.38 2852.12 2857.31 2856.72 2858.64 2862.3 2866.66 2869.96 2873.47 2876.96 2880.37
3527.82 3535.13 3539.94 3542.1 3540.56 3536.47 3531.38 3525.93 3520.47 3515.19 3510.22 3505.09 3502.7 3502.59 3503.84 3504.71 3504.74 3503.59 3495.64 3481.16 3466.78 3459.95 3465.84 3474.89 3481 3480.16 3476.04 3468.23 3457.25 3444.85 3436 3435.06 3443.34 3451.36 3388.81 3327.6 3276.75 3235.6 3198.28 3164.33 3132.69 3101.63 3075.29 3044.62 3016.13 2987.33 2957.09 2925.87 2898.04 2870.24 2850.6 2840.97 2839.73 2843.15 2845.45 2846.19 2849.5 2853.9 2858.02 2858.77 2861.62 2865.17 2869.07 2871.59 2874.31 2876.94 2879.69
3529.14 3534.83 3539.02 3540.07 3539.17 3535.78 3531.22 3526.25 3521.14 3516.23 3511.9 3508.58 3506.32 3505.7 3505.79 3505.61 3504.02 3499.16 3493.28 3484.34 3475.02 3471.06 3473.74 3478.07 3482.6 3482.86 3479.58 3472.53 3460.92 3442.54 3423.64 3405.57 3387.89 3360.74 3311.18 3262 3218.63 3183.31 3149.66 3119.78 3091.51 3064.58 3041.27 3015.47 2989.88 2966.12 2941.41 2915.99 2892.75 2871.94 2856.79 2847.34 2844.46 2845.67 2846.24 2846.72 2851.17 2855.8 2859.29 2861.53 2864.55 2867.63 2870.93 2872.91 2875.14 2877.37 2879.96
