real_craters/C194-300m.grd
DSAA
613 613
-91.875 91.875
-91.875 91.875
1037.8288180861 5697.0865043165
[rows 210 to 239 of 613, columns 201 to 267 of 613]
3745.99 3714.38 3678.48 3638.33 3596.01 3558.17 3566.77 3619.78 3668.64 3691.15 3697.96 3701.01 3703.28 3709.36 3710.6 3698.61 3681.99 3669.64 3667.88 3674.92 3694.08 3708.58 3716.76 3718.41 3716.53 3717.49 3721.85 3729.35 3725.35 3711 3698.48 3702.91 3713.08 3723.24 3729.84 3734.49 3735.65 3729 3708.43 3632.2 3600.07 3600 3608.2 3619 3615.49 3594.43 3605.3 3629.52 3644 3650.3 3634.49 3608.85 3600.17 3609.77 3624.57 3641.96 3661.28 3681.46 3700.54 3719.88 3736.27 3746.84 3751.39 3748.91 3741.96 3729.9 3712.89
3686.84 3667.77 3642.03 3613.46 3584.13 3561.27 3575.39 3634.16 3690.91 3708.28 3711.88 3712.35 3712.82 3715.18 3707.54 3694.93 3682.96 3673.31 3679.74 3693.8 3717.49 3740.47 3754.65 3752.09 3748.5 3747.46 3747.97 3746.05 3748.9 3744.51 3739.17 3737.82 3742.17 3747.56 3750.34 3751.07 3746.85 3733 3704.22 3646.68 3618.73 3619.66 3626.31 3632.21 3626.86 3603.67 3615.46 3640.78 3671.33 3687.85 3673.01 3645.2 3632.12 3639.75 3654.43 3672.87 3694.4 3717.88 3741.58 3766.88 3792.12 3811.33 3809.52 3805.6 3798.94 3785.34 3765.27
3635.55 3625.8 3611.49 3596.58 3584.02 3579.78 3601.07 3654.14 3702.02 3717.75 3720.32 3718.64 3715.39 3709.73 3701.34 3695.83 3690.5 3685.89 3700.77 3722.18 3742.5 3764.51 3779.28 3778.6 3776.22 3773.38 3773.5 3777.11 3779.02 3775.56 3772.52 3770.59 3770.92 3771.89 3770.79 3767.53 3759.89 3744.62 3718.74 3676.14 3649.13 3646.7 3648.39 3646.36 3633.53 3620.68 3640.17 3673.98 3704.5 3721.79 3709.74 3685.46 3670.85 3671.24 3683.78 3703.11 3726.58 3752.4 3779.84 3808.4 3837.92 3862.62 3858.79 3856.09 3856.38 3843.15 3820.37
3592.05 3589.18 3584.9 3582.96 3586.3 3600.28 3630.78 3673.24 3709.56 3720.98 3723.12 3720.92 3716.45 3710.18 3705.54 3711.25 3707 3705.74 3722.88 3744.3 3763.3 3780.9 3792.39 3797.01 3795.77 3794.03 3793.92 3799.21 3803.87 3804.78 3802 3801.39 3799.27 3796.44 3792.72 3787.27 3777.48 3763.06 3744.38 3715.19 3687.87 3680.69 3677.57 3673.62 3665.77 3654.87 3669.21 3704.21 3740.17 3763.48 3743.46 3717.63 3700.82 3697.43 3709.9 3730.65 3756.62 3784.84 3814.13 3842.5 3868.23 3883.32 3894.82 3897.7 3889.51 3884.61 3871.89
3554.03 3555.98 3559.23 3566.38 3582.28 3609.83 3653.86 3682.66 3706.98 3719.48 3722.13 3720.94 3718.31 3715.6 3715.23 3720.62 3722.49 3730.08 3744.26 3763.05 3780.79 3797.19 3812.01 3818.66 3816.84 3811.59 3808.33 3814.8 3830.01 3837.98 3836.05 3830.91 3825.29 3819.3 3813.5 3807.02 3796 3785.44 3772.92 3753.33 3728.66 3716.99 3710.47 3707.99 3706.55 3694.56 3704.45 3734.44 3769.26 3792.41 3764.96 3733.99 3712.53 3714.42 3731.99 3755.99 3784.7 3815.07 3845.93 3874.71 3899.66 3916.48 3933.07 3942.04 3943.16 3932.51 3920.16
3518.77 3523.31 3531.72 3544 3565.46 3596.98 3640.92 3680.25 3705.03 3713.1 3715.9 3717.3 3718.57 3721.03 3725.23 3731.33 3736.09 3742.57 3763.37 3782.51 3795.15 3808.53 3822.73 3835.74 3835.15 3828.09 3822.87 3834.49 3868.63 3871.94 3864.91 3858.98 3850.38 3842.32 3833.46 3824.68 3812.52 3804.78 3797.88 3792.47 3765.98 3748.69 3740.42 3739.45 3744.25 3737.21 3733.19 3754.04 3781.21 3797.38 3770.79 3741.95 3721.07 3729.1 3752.05 3780.45 3812.1 3844.62 3877.07 3909.16 3938.14 3961.15 3979.85 3989.18 3988.14 3977.98 3963.38
3485.1 3491.23 3501.36 3515.27 3536.02 3564.39 3603.24 3661.48 3692.1 3696.65 3701.91 3707.83 3715.43 3723.89 3732.28 3743.06 3751.42 3760.89 3784.61 3796.44 3803.42 3813.26 3827.41 3840.5 3844.8 3844.43 3845.68 3868.35 3912.63 3910.68 3895.98 3883.77 3870.61 3859.87 3848.81 3838.61 3826.81 3817.74 3810.24 3801.37 3784.28 3769.5 3761.34 3759.9 3764.87 3762.55 3761.48 3766.44 3775.15 3777.55 3766.81 3749.05 3736.43 3747.77 3774.31 3805.96 3840.11 3875.07 3909.58 3944.03 3978.63 4011.06 4031.37 4036.53 4029.3 4015.51 3997.52
3455.07 3460.68 3469.76 3482.41 3499.28 3520.73 3551.14 3607.86 3646.24 3662.53 3677.43 3692.04 3707.59 3723.45 3738.84 3752.94 3763.24 3774.37 3793.65 3798.03 3803.37 3810.81 3819.97 3835.21 3850.9 3861.51 3871.24 3895.09 3933.36 3944.2 3923.36 3902.53 3885.8 3871.23 3858.86 3847.81 3836.63 3826.3 3815.37 3803.13 3787.48 3781.2 3774.86 3770.65 3768.04 3767.59 3771.27 3771.59 3770.14 3768.89 3766.16 3759.03 3756.33 3771.01 3799.67 3833.7 3870.04 3906.05 3940.9 3975.96 4012.36 4050.8 4074.09 4078.63 4073.81 4044.65 4017.79
3428.15 3432.62 3440.02 3448.97 3460.34 3474.41 3490.8 3530.41 3580.76 3616.48 3644.11 3669.44 3693.33 3718.47 3742.53 3759.39 3768.48 3771.01 3777.66 3789.31 3798.76 3807.34 3813.57 3832.72 3860.25 3879.65 3892.79 3904.49 3920.35 3945.6 3928.99 3908.72 3892.24 3878 3865.53 3854.51 3843.15 3831.87 3819.27 3806.15 3795.91 3788.46 3783.35 3777.87 3770.8 3767.95 3777 3774.37 3772.99 3772.95 3773.43 3773.88 3777.14 3795.44 3829.08 3865.59 3902.22 3937.43 3970.68 4002.7 4032.39 4062.5 4081.37 4091.86 4087.08 4057.01 4028.19
3405.67 3407.06 3411.85 3416.8 3425.49 3435.48 3444.34 3466.17 3524.07 3570.8 3608.14 3641.12 3673.06 3704.7 3734.89 3750.96 3757.91 3763.32 3768.91 3780.27 3794.71 3809.62 3823.77 3845.5 3876.95 3900.15 3910.88 3903.73 3890.23 3905.58 3910.53 3903.49 3892.29 3881.27 3870.5 3861.01 3851.11 3838.91 3824.5 3809.91 3796.73 3795.46 3792.28 3787.68 3783.19 3783.97 3780.5 3776.53 3776.31 3780.58 3787.03 3795.62 3805.29 3828.75 3865.79 3903.51 3939.51 3973.65 4003.11 4027.53 4046.73 4060.6 4067.55 4078.05 4075.12 4055.01 4031.48
3385.67 3383.56 3385.14 3388.23 3395.3 3406.79 3421.92 3451 3489.46 3532.75 3571.58 3608.34 3645.16 3681.67 3716.42 3736.97 3746.44 3755.01 3758.32 3771.33 3791.13 3814.99 3843.79 3873.67 3895.47 3916.12 3933.86 3899.86 3870.42 3876.74 3891.88 3893.82 3888.83 3880.56 3872 3864.68 3856.09 3844.98 3834.11 3822.04 3808.71 3807.8 3804.89 3800.4 3795.11 3789.33 3789.71 3781.16 3781.85 3791.33 3806.31 3824.9 3845.48 3873.33 3910.38 3946.16 3980.78 4011.63 4036.68 4055.66 4065.22 4065.57 4057.08 4063.9 4064.2 4052.69 4035.59
3367.45 3361.88 3359.96 3361.33 3367.22 3378.55 3394.81 3428.02 3462.59 3499.92 3536.71 3573.09 3610.09 3647.94 3685.93 3713.04 3729.71 3743.29 3748.4 3761.15 3784.17 3814.17 3851.09 3886.12 3901.85 3913.26 3913.39 3883.74 3850.74 3865.04 3882.49 3885.92 3885.05 3879.57 3874.27 3867.51 3860.13 3854.16 3847.25 3839.55 3831.32 3824.77 3819.8 3814.44 3810.49 3809.55 3803.85 3789.03 3782.73 3803.86 3830.49 3860.46 3891 3925.43 3962.2 3996.57 4026.68 4055.26 4076.07 4090.88 4096.42 4090.6 4073.76 4073.19 4071.67 4062.61 4050.37
3349.46 3341.02 3336.62 3336.32 3340.72 3350.77 3366.61 3399.61 3434.14 3467.49 3501.84 3535.64 3570.02 3605.98 3643.94 3679.65 3697.06 3717.98 3728.62 3744.1 3769.92 3802.1 3839.62 3877.27 3894.01 3896.29 3890.03 3867.48 3846.32 3861.61 3877.22 3882.89 3884.3 3881.3 3877.28 3872.1 3871.3 3866.29 3860.75 3856.77 3849.5 3843.9 3835.26 3827.8 3823.1 3821.58 3812.65 3798.76 3795.58 3822.31 3859.49 3900.66 3941.87 3982.62 4019.69 4051.97 4080.02 4102.55 4121.66 4134.45 4141.52 4139.59 4124.11 4108.04 4100.21 4089.91 4081.31
3330.45 3319.93 3313.24 3311.85 3313.89 3322.51 3340.41 3372.91 3405.5 3435.36 3465.27 3494.97 3524.62 3553.86 3582.91 3608.79 3637.67 3683.92 3698.68 3718.83 3748.01 3780.87 3816.62 3865.62 3879.62 3870 3860.39 3855.28 3852.9 3864.68 3876.83 3882.71 3885.14 3885.14 3882.51 3878.57 3880.54 3877.69 3873.94 3872.79 3878.25 3862.46 3847.48 3837.65 3830.3 3824.4 3814.88 3807.39 3811.59 3844.1 3891.76 3944.14 3995.61 4041.98 4081.31 4109.26 4130.56 4151.67 4170.39 4183.66 4194.47 4204.16 4205.22 4171.85 4153.15 4135.73 4120.89
3309.74 3298.23 3290.42 3286.04 3286.55 3291.92 3309.22 3342.38 3374.38 3402.01 3428.28 3453.41 3476.48 3498 3516.27 3533.49 3575.67 3628.34 3656.38 3687.19 3719.71 3757.35 3797.25 3848.84 3860.66 3843.99 3839.49 3848.31 3856.45 3871.16 3880.76 3885.19 3886.78 3889.88 3887.96 3894.52 3892.21 3889 3883.6 3876.77 3866.05 3859.95 3854.51 3844.69 3832.98 3825.4 3815 3811.76 3822.76 3865.81 3923.42 3985.75 4050.51 4113.52 4145.29 4162.93 4177.46 4196.47 4210.96 4229.82 4247.38 4268.09 4286.21 4267.17 4225.88 4198.38 4187.13
3287.26 3275.89 3268.3 3262.5 3259.84 3260.18 3269.5 3305.06 3341.49 3368.1 3391.25 3412.1 3430.29 3445.93 3457.87 3467.79 3505.76 3547.03 3593.84 3638.87 3684.22 3732.4 3780.95 3822.44 3835.4 3825.36 3831.47 3849.26 3865.37 3877.69 3886.65 3889.35 3890.44 3893.33 3900.38 3902.34 3899.65 3896.9 3892.28 3885.61 3868.12 3869.75 3868.69 3855.62 3836.89 3819.81 3813.33 3812.45 3835.1 3891.49 3955.55 4023.21 4093.16 4161.77 4191.06 4200.63 4211.89 4231.43 4249.69 4270.66 4293.32 4316.3 4333.79 4327.42 4295.97 4267.57 4247.7
3262.5 3252.64 3245.6 3239.28 3235.15 3233.38 3241.3 3276.52 3312.74 3336.25 3355.65 3372.42 3387.5 3399.64 3410.5 3421.22 3436.59 3477.04 3534.07 3587.1 3646.49 3703.11 3754.69 3791.23 3816.09 3828.72 3839.36 3852.97 3870.99 3881.41 3890.21 3894.8 3897.81 3899.34 3904.01 3904.63 3907.36 3907.86 3904.37 3905.16 3914.19 3914.89 3894.12 3875.29 3853 3829.93 3821.48 3826.96 3867.73 3926.8 3988.79 4050.83 4114.14 4172.38 4203.55 4217.34 4235.28 4254.19 4278.93 4303.85 4328.04 4349.68 4364.2 4371.29 4355.34 4343.58 4343.54
3236.69 3229.4 3223.03 3218.28 3213.89 3212.59 3223.69 3255.99 3288.25 3307 3321.49 3335.44 3348.39 3359.09 3371.35 3381.99 3395.57 3440.1 3495.86 3551.93 3616.35 3677.24 3733.39 3784.34 3826.19 3858.29 3851.69 3847.93 3856.37 3872.54 3887.45 3897.99 3902.77 3908.31 3910.35 3908.76 3913.04 3915.94 3914.74 3917.29 3924.32 3929.85 3916.67 3903.88 3890.65 3877.91 3867.17 3883.96 3928.49 3976.95 4027.95 4077.43 4124.68 4165.21 4195.28 4219.07 4244.27 4271.4 4298.68 4328.19 4355.6 4376.76 4382.51 4397.54 4401.24 4409.07 4426.48
3210.65 3206.27 3202.09 3198.81 3195.6 3194.06 3202.33 3234.2 3263.22 3275.61 3287.54 3298.88 3310.58 3321.46 3336.53 3357.89 3377.49 3414.92 3474.16 3532.65 3593.27 3659.17 3721.89 3782.06 3833.56 3863.1 3845.78 3833.92 3840.34 3868.44 3891.22 3902.53 3905.46 3911.16 3911.54 3917.54 3920.93 3919.79 3922.94 3923.02 3920.98 3928.06 3938.08 3941.33 3937.45 3941.55 3959.82 3973.66 4004.53 4038.21 4073.25 4106.97 4136.68 4160.3 4184.19 4217.29 4250.61 4282.28 4316.27 4348 4378.33 4407.36 4421.17 4428.16 4427.47 4439.59 4461.51
3184.9 3184.67 3182.97 3182.35 3181.76 3183.65 3191.46 3210.57 3230.88 3241.94 3253.55 3264.77 3275.79 3286.58 3300.4 3319.21 3343.52 3406.13 3462.64 3503.69 3571.67 3647.55 3709.78 3762.14 3805.39 3811.71 3821.54 3821.14 3835.71 3868.8 3897.59 3907.77 3910.19 3913.83 3919.37 3921.88 3927.63 3930.11 3931.35 3932.45 3932.91 3944.86 3968.68 3991.02 4009.6 4026.96 4041.18 4068.5 4089.16 4105.87 4124.02 4142.08 4156.31 4166.29 4181.44 4219.96 4257.56 4293.06 4329.1 4364.08 4399.63 4435.02 4455.93 4440.36 4428.5 4438.17 4467.05
3163.63 3166.01 3166.11 3167.84 3170.25 3175.41 3181.34 3186.75 3191.57 3207.49 3220.08 3230.55 3240.95 3250.47 3262.24 3274.62 3297.95 3377.77 3447.19 3491.43 3555.82 3633.45 3688.66 3725.82 3752.26 3780.67 3798.98 3813.26 3834.11 3865.07 3896.91 3906.08 3912.19 3919.08 3925.01 3929 3933.77 3940.29 3942.6 3948.15 3956.63 3974.22 4006.2 4045.74 4089.81 4119.66 4148.5 4169.9 4173.5 4172.13 4175.91 4180.83 4185.31 4189.61 4200.97 4234.69 4269.98 4304.72 4340.09 4376.19 4412.24 4448.05 4466.91 4427.63 4414.82 4431.1 4472.24
3147.14 3148.42 3149.78 3151.82 3157.24 3164.67 3167.57 3167.96 3169.54 3180.91 3190.79 3199.03 3208.12 3216.79 3228.62 3243.42 3271.74 3354.16 3420.56 3470.93 3531.68 3602.51 3653 3688.48 3719.2 3753.44 3778.12 3803.29 3826.49 3851.17 3873.38 3894.92 3911.2 3923.57 3933.07 3939.56 3944.34 3952.18 3956.91 3967.15 3980.12 4001.66 4038.93 4092.65 4147.9 4194.74 4239.5 4258.24 4241.79 4231.69 4225.65 4221.11 4218.61 4222.77 4239.48 4257.42 4281.78 4314.32 4350.03 4384.94 4418.62 4446.2 4453.07 4420.69 4420.85 4458 4499.1
3134.22 3133.91 3133.28 3134.18 3139.13 3149.13 3150.17 3150.51 3160.2 3161.48 3163.4 3169.02 3177.2 3187.38 3201.52 3224.16 3276.82 3344.13 3397.71 3442.68 3496.81 3560.77 3610.19 3649.95 3687.15 3722.51 3753.79 3782.34 3814.06 3840.62 3857.52 3891.15 3916.62 3932.59 3942.87 3951.25 3957.74 3963.12 3974.35 3984.86 3999.42 4015.59 4061.39 4129.43 4196.54 4243.72 4287.52 4306.49 4295.22 4281.63 4271.17 4259.52 4249.98 4246.26 4258.07 4266.52 4290.47 4325.99 4361.9 4396.21 4425.77 4445.38 4451.56 4452.25 4470.04 4503.87 4533.03
3124.19 3120.01 3116.79 3113.36 3112.94 3118.12 3119.73 3123.29 3129.62 3133.21 3135.51 3140.07 3148.04 3157.45 3173.97 3199.34 3244.54 3314.93 3368.73 3408.4 3456.28 3516 3566.18 3609.27 3648.96 3688.21 3728.79 3769.51 3806.59 3843.52 3877.43 3910.45 3930.7 3944.51 3954.25 3961.58 3970.48 3978.03 3989.13 4002.51 4020.26 4039.61 4081.23 4150.73 4223.88 4264.22 4304.49 4326.93 4330.77 4322.96 4311.61 4296.04 4278.2 4260.4 4242.75 4257.55 4296.4 4338.28 4377.04 4411.9 4440.6 4456.11 4466.92 4490.75 4516.07 4538.57 4556.45
3116.64 3109.54 3101.96 3092.24 3081.8 3074.12 3081.16 3089.8 3098.19 3102.66 3104.31 3109.55 3118.44 3129.74 3148.13 3173.91 3222.84 3277.84 3320.03 3371.55 3422.14 3472.09 3524.09 3570.84 3609.95 3652.22 3701.32 3751.46 3798.03 3848.32 3901.82 3936.18 3947.02 3957.11 3964.18 3971.42 3980.14 3990.7 4002.79 4018.66 4039.94 4066.26 4099.24 4142.69 4199.1 4259.33 4308.97 4339.63 4358.24 4360.77 4350.59 4333.03 4311.69 4286.27 4257.17 4270.23 4316.23 4357.86 4395.72 4433.38 4464.45 4487.11 4500.1 4513.04 4526.11 4550.44 4562.95
3110.95 3101.5 3090.24 3075.58 3059.06 3045.86 3050.38 3057.62 3064.68 3068.92 3070.98 3077.71 3088.57 3103.67 3124.24 3153.99 3204.61 3254.02 3294.84 3337.54 3383.69 3434.46 3486.55 3537.69 3585.32 3619.83 3672.23 3726.92 3782.98 3841.13 3900.09 3939.51 3952.05 3962.96 3972.42 3979.2 3989.3 4000.82 4013.05 4029.21 4051.81 4082.13 4103.24 4122.81 4174.23 4248.1 4313.71 4360.62 4393.87 4398.28 4388.23 4369.91 4350.64 4332.01 4320.05 4329.41 4355.28 4384.25 4414.89 4449.79 4487.4 4524.93 4537.35 4535.94 4541.91 4564.97 4556.01
3107.74 3097.86 3085 3067.57 3048.89 3035.27 3031.85 3031.44 3028.84 3028.02 3037.43 3048.53 3062.02 3078.36 3099.24 3129.32 3173.66 3223.65 3268.12 3301.56 3339.65 3395.16 3449.57 3504.96 3555.36 3593.76 3644.7 3701.55 3761.94 3822.37 3879.28 3921.66 3945.1 3960.27 3972.54 3984.87 3997.08 4007.18 4020.5 4033.62 4049.57 4067.61 4075.16 4107.33 4163.31 4238.77 4319.38 4374.64 4422.57 4428.51 4416.78 4402.9 4389.76 4380.68 4384.42 4392.38 4394.15 4406.92 4425.84 4453.22 4488.7 4529.14 4540.42 4543.23 4562.53 4567.97 4527.07
3105.57 3097.67 3086.6 3070.35 3047.14 3029.74 3023.08 3015.23 3004.69 2998.06 3008.23 3020.41 3035.04 3052.07 3072.5 3099.43 3137.81 3181.42 3224.97 3260.33 3296.78 3350.88 3410.42 3470 3522.81 3567.58 3616.87 3676.36 3738.96 3799.63 3856.85 3904.21 3932.03 3953.61 3972.28 3987.87 4002.14 4012.98 4024.41 4033.9 4043.56 4053.03 4062.08 4105.52 4160.07 4225.14 4298.05 4379.9 4430.62 4440.85 4436.09 4428.86 4421.47 4417.31 4417.68 4414.85 4415.41 4417.01 4421.5 4434.75 4457.09 4482 4493.86 4503.93 4527.26 4512.11 4459.72
3104.5 3100.81 3094.97 3084.7 3065.07 3043.87 3028.22 3010.23 2994.86 2988.16 2987.51 2996.77 3010.81 3027.74 3046.56 3071.05 3105.69 3145.45 3183 3218.88 3256.15 3307.91 3370.66 3433.7 3486 3526.23 3586.79 3652.54 3717.18 3777.75 3832.09 3877.94 3914.98 3945.51 3969.93 3988.63 4002.96 4016.36 4026.26 4035.6 4042.13 4048.64 4058.58 4106.28 4156.82 4210.09 4276 4376.47 4421.26 4436.39 4443.85 4445.48 4444 4442.69 4441.27 4431.85 4426.71 4413.51 4400.59 4394.32 4397.23 4406.78 4411.23 4416.84 4413.58 4395.12 4357.04
3102.73 3104.84 3105.93 3107.43 3105.54 3077.74 3041.81 3010.3 2985.31 2967.99 2966.28 2975.25 2989.97 3007.89 3025.87 3042.17 3077.64 3111.83 3143.42 3179.9 3220.51 3270.26 3332.81 3398.8 3451.26 3489.39 3557.76 3631.8 3699.87 3761.61 3813.78 3853.68 3903.33 3941.8 3969.21 3989.66 4006.4 4017.7 4028.52 4038.83 4047.78 4059.47 4085.66 4121.89 4159.49 4200.92 4258.86 4351.13 4404.7 4428.17 4445.6 4454.14 4456.99 4458.12 4459.3 4458.33 4432.64 4398.36 4365.61 4336.79 4313.88 4301.06 4307.07 4310.91 4303.09 4276.36 4240.72
