real_craters/C194-300m.grd
DSAA
613 613
-91.875 91.875
-91.875 91.875
1037.8288180861 5697.0865043165
[rows 450 to 479 of 613, columns 67 to 133 of 613]
3460.81 3458.95 3454.92 3450.6 3446.77 3443.92 3444.49 3438.96 3434.18 3431.87 3432.28 3432.96 3435.21 3434.09 3428.09 3431.09 3435.57 3440.4 3439.56 3438.97 3438.89 3438.4 3437.71 3436.78 3435.25 3435.68 3439 3441.83 3442.95 3445.23 3446 3448.72 3451.97 3455.72 3460.78 3467 3454.65 3441.84 3453.52 3463.87 3466.59 3467.12 3467.39 3467.6 3467.97 3468.33 3468.47 3468.42 3467.84 3467.77 3468.22 3468.32 3468.43 3468.72 3468.92 3468.03 3468.17 3468.28 3467.19 3467.32 3466.71 3466.85 3466.99 3467.14 3466.66 3466.92 3467.21
3452.88 3454.05 3451.64 3448.11 3444.29 3439.49 3436.85 3438.28 3437.7 3436.86 3432.05 3428.8 3430.67 3435.47 3432 3432.43 3434.33 3434.69 3433.79 3433.28 3434.44 3435.11 3435.41 3435.49 3435.35 3435.47 3436.75 3438.7 3442.42 3442.96 3445.88 3446.56 3448.26 3449.03 3449.48 3449.32 3434.26 3429.03 3449.75 3464.49 3465.81 3466.14 3466.48 3466.84 3466.96 3466.87 3466.76 3466.26 3466.51 3467.03 3467.48 3467.65 3467.66 3468.46 3468.7 3468.26 3468.43 3468.21 3468.38 3467.05 3467.12 3467.21 3466.65 3466.74 3466.85 3466.98 3466.94
3446.65 3450.04 3448.24 3445.61 3442.8 3439.88 3438.23 3438.53 3438.07 3436.26 3430.64 3425.1 3426.02 3433.27 3432.77 3433.31 3435.16 3437.35 3434.66 3430.95 3431.68 3432.61 3433.6 3434.7 3435.97 3435.59 3434.89 3434.38 3434.85 3438.35 3440.87 3443.68 3444.6 3442.98 3438.45 3428.84 3427.22 3433.13 3447.14 3459.3 3461.77 3463.62 3464.78 3465.52 3465.76 3465.41 3463.96 3464.1 3465.3 3466.35 3466.8 3466.82 3466.94 3466.93 3467.71 3467.89 3468.23 3467.58 3467.47 3467.24 3467.38 3466.26 3466.38 3466.27 3465.83 3466.03 3466.32
3441.4 3444.46 3443.73 3442.73 3441.89 3441.51 3443.08 3438.69 3435.61 3434.8 3427.58 3425.26 3430.56 3436.18 3434.27 3433.05 3435.27 3438.09 3436.84 3431.55 3430.49 3431.11 3432.14 3433.36 3434.37 3434.16 3433.45 3433.22 3434.98 3438.11 3440.53 3442.72 3442.96 3441.05 3437.67 3433.98 3441.41 3441.3 3445.17 3449.74 3456.59 3460.68 3462.85 3464.07 3464.78 3464.98 3464.57 3464.4 3466.27 3466.36 3466.23 3466.01 3465.87 3466.01 3466.89 3467.09 3467.65 3467.76 3468.02 3467.3 3467.47 3467.18 3466.83 3465.89 3465.97 3466.05 3466.14
3437.84 3437.92 3438.13 3439.33 3440.71 3441.89 3441.3 3436.55 3430.06 3422.03 3421.22 3424.34 3431.44 3433.88 3430.35 3430.13 3433.21 3436.65 3437.88 3430.01 3429.6 3429.97 3430.6 3431.83 3432.96 3432.4 3431.99 3433.13 3436.91 3443.17 3444.58 3443.67 3443.22 3442.52 3441.87 3442.95 3442.91 3442.96 3445.59 3449.03 3454.78 3459.06 3461.56 3463.05 3464.04 3465.07 3467.18 3470.92 3468.28 3466.28 3465.56 3465.25 3465.14 3465.53 3465.69 3466.61 3466.81 3467.12 3467.63 3467.92 3468.15 3467.18 3467.26 3467.27 3467.2 3466.79 3466.23
3441.52 3433.71 3433.58 3436.8 3440.1 3442.6 3440.86 3434.79 3426.48 3417.68 3416.63 3418.66 3427.35 3429.94 3426 3425.77 3429.8 3434.36 3435.46 3430.97 3429.69 3429.4 3429.13 3429.24 3430.23 3430 3430.02 3430.61 3435.01 3442.93 3443.88 3443.46 3443.71 3444.02 3443.59 3441.66 3438.58 3443.25 3447.94 3452.36 3456.69 3459.3 3460.98 3462.12 3463 3463.92 3465.49 3466.74 3465.42 3464.56 3464.27 3464.2 3464.42 3464.57 3464.71 3465.18 3465.46 3466.64 3466.98 3467.28 3467.29 3467.47 3467.92 3467.9 3466.85 3466.46 3466.14
3438.46 3431.77 3430.2 3436.09 3440.92 3442.49 3442.05 3435.28 3426.66 3419.46 3418.2 3420.39 3428.26 3427.44 3423.1 3421.19 3425.56 3430.73 3430.3 3430.64 3430.4 3429.75 3428.36 3426.05 3425.31 3427.69 3428.91 3428.92 3431.12 3433.36 3438.35 3441.49 3443.66 3445.41 3445.82 3443.89 3443 3445.79 3450.79 3457.67 3459.21 3459.64 3460.36 3460.95 3461.39 3461.57 3461.16 3459.03 3460.55 3462.01 3462.79 3462.87 3463.1 3463.37 3463.97 3464.37 3464.77 3465.16 3465.16 3465.85 3466.1 3467.22 3467.36 3467.39 3466.73 3466.56 3466.23
3429.9 3426.78 3429.81 3438.64 3446.05 3449.07 3446 3438.06 3428.65 3421.01 3421.92 3431.51 3436.17 3429.08 3422.41 3417.31 3421.26 3425.83 3426.57 3429.47 3431.99 3431.44 3429.38 3426.99 3426.02 3428.04 3430.05 3431.09 3429.53 3429.18 3434.55 3439.66 3443.61 3446.83 3449.56 3448.27 3446.07 3447.98 3451.6 3455.33 3457.71 3458.96 3459.54 3459.77 3459.84 3459.64 3459.03 3459.1 3461.02 3460.66 3461.34 3461.33 3461.89 3462.36 3462.87 3463.37 3463.47 3463.88 3464.6 3464.97 3465.29 3465.81 3466.01 3465.55 3466.44 3466.37 3466.45
3432.72 3431.14 3435.86 3443.82 3451.91 3460.84 3451.99 3442.21 3432.45 3423.19 3424.22 3436.59 3437.34 3425.32 3415.42 3413.32 3419.29 3424.91 3428.95 3435.88 3436.47 3434.05 3431.57 3429.71 3429.16 3429.83 3431.85 3434.37 3430.38 3428.23 3434.21 3439.51 3443.98 3447.49 3449.62 3449.21 3448.11 3449.04 3451.67 3454.52 3456.82 3458.32 3458.82 3458.78 3458.47 3458.08 3457.92 3458.52 3459.86 3459.17 3459.95 3460.18 3460.88 3461.55 3462.1 3462.8 3463.36 3463.87 3464.36 3464.77 3465.13 3465.79 3466.04 3466.69 3466.75 3466.76 3467.31
3439.44 3438.78 3443.55 3449.83 3454.94 3457.47 3454.59 3446.51 3437.85 3431.17 3432.38 3439.47 3435.34 3425.88 3420.97 3416.74 3421.31 3427.03 3432.46 3437.79 3438.32 3435.8 3433.5 3431.41 3430.74 3431.13 3431.61 3431.71 3432.42 3434.19 3436.33 3440.62 3444.62 3447.75 3449.64 3450.73 3447.83 3448.71 3451.61 3454.85 3457.39 3458.65 3458.59 3458.24 3457.68 3456.93 3456.21 3455.87 3455.84 3456.34 3458.05 3458.68 3459.59 3460.49 3461.24 3461.93 3462.57 3463.28 3463.85 3464.38 3465.08 3465.51 3465.89 3466.61 3467.29 3467.44 3467.52
3443.37 3445.26 3450.57 3455.01 3460.75 3463.42 3457.04 3450.08 3443.2 3438.37 3437.85 3438.47 3437.08 3439.48 3433.8 3425.72 3425.54 3429.98 3435.21 3437.44 3437.42 3435.79 3434.59 3434.26 3432.65 3432.31 3432.6 3432.52 3432.25 3433.84 3438.37 3442.31 3445.64 3448.06 3447.98 3445 3444.16 3447.06 3450.95 3455.85 3459.91 3458.66 3458.08 3457.46 3456.71 3455.78 3454.3 3451.93 3450.46 3453.99 3456.41 3457.6 3458.78 3459.85 3460.8 3461.66 3462.59 3463.35 3464.05 3464.89 3465.5 3466.06 3466.16 3466.68 3467.17 3468.01 3468.42
3443.78 3444.25 3451.13 3455.33 3460.35 3461.22 3457.21 3451.88 3447.31 3443.21 3439.42 3438.62 3437.98 3440.08 3435.62 3429.06 3428.81 3432.16 3435.46 3435.26 3435.7 3434.41 3432.94 3432.68 3431.59 3432.3 3435.51 3436.96 3436.93 3438.3 3441.07 3444.08 3446.9 3448.19 3446.92 3438.97 3441.31 3445.35 3449.51 3453.44 3456.14 3456.85 3457.22 3457.04 3456.62 3455.63 3454.42 3453.12 3454.13 3454.31 3455.66 3456.64 3457.6 3458.52 3459.38 3460.2 3461.09 3461.88 3462.67 3464.15 3465 3465.82 3466.88 3467.65 3468.38 3469.15 3469.81
3441.41 3439.96 3444.48 3451.06 3455.84 3457.72 3455.65 3452.78 3450.29 3448.32 3448.75 3447.27 3440.74 3435.14 3431.03 3429.64 3431.85 3433.77 3435.02 3433.82 3434.93 3432.67 3429.37 3426.83 3427.58 3429.38 3432.97 3436.55 3440.65 3442.24 3444.03 3446.19 3447.91 3448.19 3444.39 3440.28 3441.81 3445.23 3448.75 3451.15 3452.04 3454.74 3456.34 3456.55 3456.26 3455.53 3454.75 3454.28 3455.26 3454.5 3455.43 3456.3 3457.38 3458.45 3459.65 3460.44 3461.47 3462.48 3463.63 3464.62 3465.59 3466.62 3467.56 3468.5 3469.43 3470.69 3471.54
3441.36 3440.51 3442.21 3446.61 3450.85 3452.75 3452.45 3452.32 3452.3 3452.26 3450.88 3449.78 3444.17 3435.07 3432.79 3437.97 3436.48 3436.22 3434.76 3433.84 3435.9 3431.39 3427.36 3424.34 3423.74 3424.79 3428.23 3434.46 3436.86 3443.66 3446.4 3447.56 3448.62 3449.64 3446.93 3442.3 3443.78 3446.74 3449.76 3451.87 3452.32 3455.23 3456.73 3456.9 3456.79 3456.21 3455.51 3454.59 3452.82 3453.97 3455.43 3456.45 3457.46 3458.51 3459.7 3460.83 3462.05 3463.01 3464.12 3465.22 3466.32 3467.73 3468.82 3469.91 3470.66 3471.85 3473.06
3443.79 3445.41 3443.49 3442.81 3443.67 3446.5 3448.68 3451.03 3453.01 3455.44 3458.02 3454.22 3451.2 3445.55 3443.42 3446.33 3441.82 3441.34 3439.74 3440.22 3435.14 3429.57 3424.12 3421.64 3420.57 3421.05 3422.21 3436.26 3450.08 3449.03 3448.87 3448.67 3448.52 3448.6 3447.4 3445.03 3446.77 3449.4 3452.2 3454.92 3458 3458.78 3458.21 3457.75 3457.57 3457.06 3456.61 3455.79 3454.48 3455.05 3456.22 3456.84 3457.69 3458.88 3460.03 3461.22 3462.64 3463.87 3465.09 3466.3 3466.92 3468.15 3469.42 3470.73 3472.02 3473.47 3474.98
3440.95 3441.32 3439.59 3437.72 3436.23 3441.01 3444.72 3448.14 3452.14 3457.28 3464.19 3466.29 3461.27 3457.07 3454.15 3455.12 3448 3448.22 3449.32 3450.36 3440.65 3429.75 3419.65 3417.01 3419.35 3421.59 3426.8 3439.09 3451.94 3451.58 3450.49 3449.41 3448.16 3446.76 3447.96 3448.41 3450.67 3452.78 3454.95 3457.62 3461.27 3460.9 3459.34 3458.64 3458.1 3457.75 3457.48 3457.78 3459.69 3459.17 3457.06 3457.01 3457.92 3459.23 3460.51 3461.84 3463.18 3464.37 3465.71 3467.06 3468.42 3469.44 3470.86 3472.34 3473.88 3475.67 3477.39
3434.18 3430.31 3429.43 3431.47 3435.96 3437.13 3440.45 3444.18 3448.44 3453.92 3461.95 3469 3468.38 3466.88 3465.06 3460.85 3454.05 3453.26 3455.57 3458.52 3446.49 3432.75 3420.93 3419.58 3422.84 3425.56 3429.74 3439.5 3446.22 3450.34 3450.44 3449.69 3448.7 3449.06 3451.98 3454.49 3455.98 3456.78 3457.61 3458.69 3459.12 3459.31 3459.31 3459.19 3458.95 3458.8 3458.57 3458.13 3456.78 3455.65 3456.35 3456.89 3458.07 3459.29 3460.61 3461.96 3463.53 3464.95 3466.38 3467.83 3469.49 3471.01 3472.57 3474.19 3475.8 3477.58 3479.6
3431.53 3430.16 3426.13 3425.29 3427.56 3432.73 3436.44 3439.68 3443.39 3447.43 3452.52 3467.13 3469.71 3470.97 3475.67 3468.06 3457.32 3453.81 3453.42 3451.77 3445.35 3438.23 3430.08 3428.97 3431 3434.14 3438.79 3445.35 3448.64 3449.82 3450.11 3450.31 3450.39 3452.54 3461.79 3462.98 3461.19 3460 3459.43 3459.46 3459.42 3459.54 3459.02 3459.55 3459.77 3459.64 3459.33 3458.71 3457.64 3456.53 3456 3456.95 3458.63 3460.08 3461.5 3462.95 3464.36 3465.77 3467.21 3469.15 3470.69 3472.26 3473.87 3475.55 3477.38 3479.26 3481.31
3428.77 3428.8 3424.63 3424.47 3427.4 3430.72 3433.15 3435.64 3437.82 3441.96 3450.01 3466.72 3463.15 3464.07 3464.86 3458.83 3452.22 3450.91 3449.89 3447.54 3448.85 3448.65 3447.54 3441.78 3439.62 3441.68 3443.55 3450.87 3451.02 3447.49 3448.97 3451.77 3454.06 3457.82 3473.05 3468.63 3464.55 3462.18 3460.8 3459.65 3458.21 3457.08 3459.07 3460.39 3461 3461.04 3460.59 3459.55 3457.16 3453.09 3455.5 3457.91 3459.88 3460.95 3462.31 3463.63 3464.97 3466.33 3467.73 3469.19 3470.71 3472.29 3473.95 3476.19 3478.04 3480.01 3482.14
3424.26 3420.77 3419.37 3424.69 3428.35 3429.98 3430.73 3431.75 3432.53 3434.29 3440.12 3435.5 3449.1 3452.75 3449.4 3449.45 3447.36 3448.44 3449.63 3451.67 3456.13 3455.96 3455.45 3448.23 3443.51 3440.3 3434.17 3425.66 3432.03 3439.63 3446.56 3453.66 3460.86 3466.4 3469.09 3467.29 3464.77 3463.06 3461.87 3460.76 3459.46 3458.69 3460.79 3462.01 3462.63 3462.69 3462.25 3461.04 3457.5 3453.39 3457.24 3459.89 3461.45 3462.86 3464.74 3466.25 3467.8 3468.25 3469.75 3471.3 3472.91 3474.56 3476.45 3478.21 3480.04 3481.94 3483.94
3423.64 3420.4 3423.17 3427.84 3429.75 3429.45 3428.83 3427.99 3427.55 3427.28 3427.73 3438.07 3442.6 3446.17 3447.89 3449.17 3448.11 3447.83 3450.57 3453.2 3456.8 3452.66 3450.8 3447.66 3443.97 3438.36 3425.16 3411.31 3419.5 3432.84 3444.27 3454.57 3464.81 3471.02 3463.62 3462.58 3462.45 3462.26 3462.18 3462.46 3462.63 3463.63 3463.85 3464.49 3464.5 3464.47 3464.3 3464.28 3464.68 3465.64 3463.68 3463.18 3463.78 3464.79 3466.02 3467.39 3468.88 3470.44 3472.78 3474.54 3476.32 3478.14 3478.69 3480.46 3482.24 3484.03 3485.82
3425.77 3426.45 3428.8 3432.46 3431.6 3429.55 3427.07 3425.19 3424.11 3424.08 3425.48 3433.94 3439.48 3442.8 3444.8 3446.1 3445.91 3446.41 3451.81 3457.73 3456.09 3446.09 3444.59 3445.75 3444.88 3438.87 3424.21 3408.95 3418.49 3431.66 3443.98 3454.32 3460.77 3460.6 3456.91 3458.31 3460.08 3461.53 3462.75 3464.15 3465.47 3465.76 3467.46 3467.17 3466.62 3466.27 3466.24 3466.94 3468.77 3470.21 3466.76 3465.77 3465.62 3466.22 3467.75 3469.12 3470.64 3472.27 3473.98 3475.73 3477.52 3479.33 3481.14 3481.24 3483.03 3484.8 3487.49
3426.49 3427.18 3427.41 3430.04 3431.27 3428.97 3425.77 3422.43 3420.07 3422.41 3422.79 3430.06 3437.31 3440.82 3441.57 3441.33 3441.26 3443.65 3451.11 3458.63 3452.28 3437.18 3438.94 3446.34 3450.44 3446.13 3434.19 3421.86 3427.28 3436.5 3446.18 3454.97 3461.99 3457.06 3453.67 3455.62 3458.01 3460.32 3462.78 3465.08 3468.35 3472.41 3471.64 3469.49 3468.06 3467.46 3467.43 3467.93 3468.55 3467.53 3466.97 3467.24 3467.39 3467.83 3468.83 3470.07 3471.48 3474.26 3476.04 3477.84 3479.69 3481.55 3483.41 3485.24 3487.01 3488.68 3490.17
3426.74 3426.8 3426.09 3429.48 3430.99 3428.96 3425.4 3420.61 3414.94 3409.17 3417.6 3431.69 3438.97 3440.31 3440.95 3441.39 3442.17 3440.27 3448.25 3455.26 3451.16 3430.71 3438.44 3452.43 3462.71 3464.62 3452.9 3443.88 3441.26 3444.91 3450.65 3456.2 3459.46 3454.77 3453.04 3454.93 3457 3459.43 3461.86 3464.35 3468.18 3472.93 3471.89 3469.13 3467.87 3467.57 3467.77 3468.17 3468.57 3468.5 3467.79 3468 3468.46 3469.38 3470.57 3471.96 3473.49 3475.13 3476.83 3478.51 3480.29 3482.09 3483.91 3485.72 3487.49 3489.17 3490.72
3429.55 3428.53 3429.96 3436.32 3433.63 3430.55 3426.65 3421.81 3416.5 3412.8 3418.84 3432.45 3439.46 3439.2 3438.28 3435.54 3432.33 3436.9 3446.88 3452.66 3453.44 3448.45 3452.39 3463.49 3474.89 3477.42 3467.3 3458.2 3453.08 3453.02 3455.65 3458.55 3457.87 3457.29 3455.01 3455.86 3457.32 3459.15 3461.49 3463.37 3465.31 3466.6 3466.73 3466.55 3466.66 3467.04 3467.49 3467.92 3468.29 3467.73 3467.29 3467.76 3469.1 3469.97 3471.27 3472.71 3473.9 3475.5 3477.17 3478.91 3480.71 3480.84 3482.63 3484.45 3486.29 3488.08 3489.82
3430.44 3431.14 3433.87 3435.56 3434.95 3431.99 3428.45 3424.71 3421.49 3420.52 3423.32 3430.45 3435.52 3436.43 3437.13 3437.46 3438.24 3442.71 3451.43 3456.87 3460.12 3461.84 3464.95 3473.83 3482.21 3481.8 3473.26 3465.08 3460.12 3459.08 3460.27 3462.32 3464.43 3458.01 3457.93 3458.54 3459.28 3460.27 3460.61 3461.35 3461.78 3461.42 3461.45 3463.21 3464.79 3466.06 3467.21 3467.66 3467.65 3466.87 3467.01 3467.88 3469.54 3470.55 3472.22 3472.95 3474.38 3475.88 3477.44 3479.06 3480.72 3482.43 3483.71 3485.25 3486.99 3488.76 3490.54
3429.79 3431.11 3433.29 3431.6 3434.23 3433.53 3430.59 3427.6 3426.16 3424.5 3425.21 3426.68 3428.43 3433.25 3437.76 3442.71 3452.54 3456.33 3460.45 3464.98 3469.27 3469.74 3474.76 3481.31 3487.61 3482.94 3470.72 3465.27 3463.66 3463.6 3464.35 3464.77 3463.72 3463.32 3462.22 3461.36 3461.14 3461.17 3461.28 3461.21 3460.28 3458.61 3458.38 3461.08 3463.98 3465.89 3467.15 3467.72 3467.8 3467.06 3466.99 3468.23 3470.13 3470.74 3472.03 3473.35 3474.72 3475.77 3477.21 3478.7 3480.23 3482.34 3483.98 3485.69 3487.43 3489.22 3491.08
3429.07 3429.8 3430.14 3431.17 3437.42 3435.39 3432.29 3429.74 3427.97 3430.23 3427.15 3425.4 3425.29 3431.75 3438.93 3448.38 3462.22 3467.39 3468.34 3471.01 3475.39 3478.56 3480.77 3483.98 3486.97 3480.35 3469.33 3465.29 3465.49 3466.72 3468.32 3469.47 3470.43 3470.08 3466.08 3464.27 3463.41 3463.03 3462.92 3462.24 3461 3458.76 3456.93 3461.7 3464.49 3466.4 3467.7 3468.41 3468.55 3467.55 3467.04 3469.33 3471.11 3471.69 3472.82 3473.98 3475.19 3476.44 3477.82 3478.98 3480.37 3481.81 3483.31 3484.87 3486.91 3488.65 3490.53
3428.98 3429.43 3431.46 3436.28 3439.1 3435.87 3433.11 3430.94 3429.58 3428.34 3428.19 3427.37 3428.15 3432.45 3438.69 3448.49 3462.57 3470.58 3471.92 3472.75 3473.04 3474.88 3477.72 3481.03 3483.03 3475.98 3466.69 3465.59 3467.01 3469.13 3471.75 3474.06 3472.86 3468.76 3467.63 3466.17 3465.28 3464.85 3464.56 3464.19 3463.54 3463.45 3465.72 3465.4 3466.68 3468.03 3469.05 3469.69 3470.08 3470.14 3470.45 3471.53 3472.35 3472.55 3473.52 3474.57 3475.71 3476.91 3478.13 3479.73 3481.04 3482.37 3483.73 3485.13 3486.58 3486.41 3488.18
3428.72 3429.39 3434.24 3433.77 3433.8 3434.37 3432.79 3431.1 3430.22 3429.56 3429.56 3430.47 3431.61 3433.87 3436.24 3440.23 3455.66 3471.12 3471.18 3471.9 3471.89 3471.71 3472.08 3475.99 3476.18 3472.66 3466.56 3466.64 3468.36 3470.68 3473.81 3476.82 3475.82 3470.77 3468.59 3467.43 3466.83 3466.55 3466.37 3466.47 3466.7 3467.19 3467.26 3468.76 3469.64 3470.4 3470.96 3471.26 3471.89 3473.1 3474.81 3473.39 3473.45 3473.01 3473.64 3474.51 3475.48 3476.52 3477.6 3478.69 3478.33 3479.4 3480.54 3481.76 3483.09 3485.84 3487.41
