real_craters/C194-500m.grd
DSAA
369 369
-91.875 91.875
-91.875 91.875
1046.9754739145 5697.5168791745
[rows 210 to 239 of 369, columns 134 to 200 of 369]
3842.85 3851.01 3863.77 3846.32 3789.08 3705.35 3623.51 3553.5 3479.69 3389.24 3287.11 3215.99 3174.76 3130.83 3080.99 2991.55 2876.51 2773.75 2694.54 2623.07 2553.08 2491.66 2437.75 2380.9 2352.89 2375.79 2364.86 2348.67 2330.9 2318.11 2310.84 2305.64 2300.32 2294.42 2293.65 2282.25 2285.35 2276.31 2265.55 2254.49 2242.24 2230.15 2217.08 2202.37 2188.24 2178.97 2178.24 2185.79 2197.25 2205.66 2210.99 2213.2 2212.95 2211 2209.72 2214.91 2228.02 2226.19 2230.47 2231.91 2236.82 2251.46 2269.24 2286.45 2300.95 2311.55 2323.54
3843.83 3864.28 3899.88 3927.36 3893.46 3765.46 3701.65 3620.07 3508.55 3408.79 3298.11 3249.89 3231.94 3203.01 3157.31 3082.14 2972.48 2870.56 2795.23 2717.23 2635.04 2554.2 2458.63 2385.1 2345.86 2389.87 2377.51 2358.54 2340.15 2325.53 2316.98 2310.74 2307.26 2306.04 2314.47 2330.56 2305.88 2288.56 2275.64 2264.16 2252.98 2243.28 2233.39 2223.06 2212.06 2205.17 2201.96 2208.22 2216.65 2221.67 2225.87 2229.75 2234.43 2238.43 2243.09 2252.89 2258.26 2251.66 2244.14 2242.02 2252.64 2266.92 2283.72 2302.13 2321.63 2334.69 2341.7
3853 3882.71 3921.2 3968.49 3969.19 3872.78 3842.34 3692.77 3546.51 3461.34 3397.55 3348.34 3310.69 3284.33 3247.23 3176.2 3078.69 2982.17 2901.95 2819.99 2714.91 2596.72 2484.62 2438.78 2421.31 2409.8 2389.93 2371.34 2351 2333.59 2323.38 2318.14 2314.94 2314.46 2318.32 2307.57 2302.75 2294.35 2282.49 2272.58 2263.78 2257.08 2251.7 2247.64 2243.85 2241.72 2248.05 2250.48 2243.12 2243.15 2246.55 2252.06 2259.23 2266.41 2274.68 2287.08 2286.2 2274.53 2261.17 2258.85 2270.56 2283.66 2298.51 2314.49 2335.92 2350.81 2359.91
3851.76 3883.63 3915.26 3941.9 3968.29 3982.68 3924.39 3770.78 3628.6 3524.96 3455.43 3407.2 3393.35 3369.33 3337.41 3270.17 3172.88 3071.19 2978.61 2890.05 2798.62 2705.08 2597.7 2522.9 2470.54 2427.11 2409.18 2391.17 2366.68 2343.93 2335.07 2330.94 2325.26 2320.73 2318.95 2323.06 2311.35 2295.55 2286.32 2278.86 2272.84 2270.08 2268.96 2270.92 2274.43 2269.39 2266.8 2260.52 2261.68 2263.63 2267.65 2274.46 2281.84 2291.24 2300.67 2308.38 2307.6 2293.46 2284.01 2283.22 2289.42 2305.2 2310.57 2322 2337.1 2357.41 2376.56
3834.77 3864.93 3897.06 3918.13 3967.08 4041.1 4021.62 3822.11 3646.95 3579.76 3538.49 3508.55 3480.51 3456.21 3432.56 3353.95 3255.44 3146.23 3037.08 2935.91 2875.77 2839.98 2724.05 2602.77 2509.76 2464.83 2448.1 2425.36 2394.84 2362.98 2355.34 2347.57 2338.59 2328.67 2318.05 2307.23 2293.01 2288.44 2285.24 2287.07 2285.58 2284.14 2284.82 2287.74 2290.5 2284.17 2275.29 2268.96 2275.39 2279.82 2284.74 2291.46 2299.63 2310.13 2320.82 2321.54 2311.68 2304.05 2297.62 2294.82 2299.3 2305.42 2315.9 2328.92 2344.63 2368.72 2395.66
3806.15 3848.69 3872.81 3900.35 3935.5 3954.87 3964.43 3794.1 3680.28 3642.55 3619.06 3593.44 3559.55 3533.84 3513.89 3443.67 3334 3221.46 3101.45 2986.84 2944.96 2886.94 2790.59 2677.44 2564.36 2538.21 2510.34 2474.66 2441.39 2409.09 2388.96 2374.25 2359.53 2343.32 2325.83 2303.18 2286.59 2285.88 2290.64 2296.42 2296.49 2297.46 2297.91 2299.03 2298.98 2296.07 2292.12 2291.31 2292.15 2294.54 2298.75 2305.09 2312.53 2320.4 2327.8 2319.7 2318.74 2315.03 2311.17 2308.49 2311.86 2315.43 2327.91 2340.35 2355.52 2386.23 2419.35
3764.46 3784.85 3831.01 3880.58 3896.81 3886.44 3858.76 3773.21 3744.06 3727.2 3688.23 3644.7 3613.78 3589.42 3541.7 3470.65 3405.71 3299.34 3184.65 3072.08 3016.64 2986.43 2872.37 2765.07 2674.87 2625.37 2579.35 2533.41 2495.31 2457.93 2430.11 2409.22 2388.7 2366.56 2343.88 2317.75 2300.74 2295.09 2303.3 2309.66 2309.91 2309.96 2310.48 2310.19 2307.67 2307.54 2307.61 2313.93 2306.86 2306.84 2310.03 2315.65 2321.74 2326.71 2330.42 2329.66 2329.71 2327.66 2326.79 2329.46 2332.12 2338.75 2347.27 2360.09 2379.66 2411.47 2448.23
3728.27 3750.78 3793.91 3824.44 3839.7 3845.61 3747.17 3737.57 3822.19 3822.01 3755.52 3694.45 3662.68 3649.32 3604.83 3518.66 3472.22 3383.05 3281.3 3174.09 3083.37 2984.35 2930.43 2852.74 2769.12 2699.56 2643.75 2596.11 2553.41 2509.94 2477.93 2452.15 2426.01 2398.67 2372.94 2343.96 2320.45 2314.8 2317.29 2323.32 2323.9 2326.25 2323.63 2322.61 2320.22 2317.1 2315.26 2312.69 2313.62 2316.43 2320.51 2325.19 2328.88 2331.87 2334.74 2341.74 2340.67 2341 2345.62 2350.08 2354.27 2358.06 2366.44 2382.48 2407.29 2440.72 2479.93
3696.51 3721.24 3763 3803.6 3751.62 3697.13 3661.69 3722.5 3854.18 3879.47 3807.16 3736.28 3716.2 3715.75 3687.04 3631.6 3555 3463.43 3379.03 3299.16 3203.71 3112.51 3036.68 2945.24 2857.68 2770.54 2709.39 2663.94 2617.41 2571.07 2532.48 2500.72 2469.8 2442.79 2411.27 2381.82 2355.38 2345.92 2343.23 2344.04 2348.31 2342.82 2336.66 2331.58 2327.86 2325.72 2322.84 2319.36 2321.26 2326.4 2331.31 2334.09 2337.08 2339.62 2347.91 2358.01 2343.59 2355.21 2366.79 2376.05 2381.22 2383.3 2390.04 2405.7 2432.43 2469.57 2510.94
3663.62 3668.97 3677.74 3687.79 3669.93 3643.66 3634.04 3695.82 3828.98 3872.7 3824.74 3786.95 3771.85 3770.68 3738.19 3658.63 3593.49 3527.35 3460.95 3384.97 3279.87 3192.72 3109.91 3036.1 2957.09 2879.57 2810.07 2739.4 2685.25 2633.65 2589.92 2554.42 2519.51 2488.08 2457.68 2430.19 2408.78 2390.93 2378.19 2372.7 2368.67 2362.51 2353.07 2342.75 2338.89 2337.75 2334.27 2330.41 2332.43 2339.24 2344.44 2346.85 2347.96 2347.25 2353.87 2367.69 2368.24 2377.67 2391.66 2403.96 2410.65 2412.25 2413.21 2425.83 2456.86 2501.88 2547.95
3634.46 3637.78 3644.17 3644.26 3625.49 3613.69 3638.7 3708.78 3778.2 3794.89 3801.44 3806.62 3807.48 3791.62 3746.4 3674.27 3622.31 3576.03 3526.84 3450.46 3338.14 3265.65 3213.77 3134.98 3053.3 2977.41 2881.07 2806.31 2754.14 2701.19 2652.47 2612.68 2575.01 2537.43 2506.76 2480.29 2458.65 2436.79 2415.7 2398.19 2389.8 2384.83 2373.88 2366.8 2358.99 2355.52 2352.23 2348.19 2350.71 2357.24 2361.21 2363.89 2363.95 2360.09 2359.2 2380.94 2397.88 2405.87 2418.47 2434.5 2446.71 2446.5 2446.55 2438.18 2480.96 2547.38 2598.86
3612.77 3617.85 3628.53 3626.1 3613.3 3627.52 3678.76 3734.14 3713.85 3707.5 3766.05 3825.19 3858.46 3830.22 3773.79 3699.54 3652.32 3620.83 3583.28 3523.83 3445.02 3381.26 3322.69 3227.63 3132.19 3034.74 2914.73 2870.08 2826.02 2780.4 2736.15 2677.78 2629.79 2589.29 2556.08 2526.9 2502.15 2476.7 2451.77 2431.39 2423.86 2409.58 2398.73 2393.17 2382.15 2377.53 2376.39 2377.64 2380.66 2381.45 2382.68 2384.5 2385.95 2386.49 2390.31 2403.7 2416.11 2429.05 2443.55 2461.76 2476.53 2489.33 2508.3 2549.09 2572.67 2623.27 2671.39
3593.58 3597.54 3603.75 3605.78 3607.01 3633.66 3689.29 3734.16 3683.14 3670.81 3742.26 3824.72 3882.34 3857.44 3816.17 3754.22 3706.59 3671.31 3630.1 3585.39 3551.05 3486.02 3395.64 3303.01 3197.63 3092.93 3022.34 2953.08 2897.07 2846.66 2806.2 2728.62 2678.74 2637.36 2602.84 2570.99 2538.96 2507.32 2485.66 2464.58 2445.8 2429.23 2423.96 2411.92 2405.86 2402.39 2402.39 2405.37 2407.2 2407.87 2408.86 2410.98 2413.27 2421.54 2423.21 2425.83 2436.33 2452.08 2473.65 2493.77 2514.67 2541.8 2557.72 2601.43 2668.54 2721.96 2769.72
3571.26 3573.07 3581.5 3590.41 3609.77 3634.21 3663.43 3670.9 3648.52 3676.14 3734.91 3798.98 3834.23 3869.66 3865.83 3841.33 3790.33 3728.09 3666.34 3628.62 3603.66 3549.37 3477.31 3377.29 3264.2 3153.95 3094.88 3031.99 2959.44 2882.11 2803.24 2752.59 2721.87 2688.05 2651.04 2616.36 2581.84 2552.21 2519.13 2496.77 2476.9 2462.4 2448.19 2439.48 2430.35 2428.14 2428.77 2431.61 2434.91 2434.5 2434.97 2438.8 2443.07 2450.8 2459.15 2459.05 2468.14 2486.59 2514.9 2539.81 2566.66 2625.73 2691.6 2746.51 2781.55 2824.63 2871.39
3551.29 3548.22 3549.92 3572.72 3603.01 3625 3635.88 3632.18 3635.62 3676.75 3739.31 3792.15 3833.48 3892.12 3905.57 3912.27 3878.17 3782.88 3683.18 3649.91 3631.23 3580 3519.14 3431.95 3331.8 3239.25 3181.88 3108.31 3018.77 2928.9 2828.65 2795.25 2774.36 2742.79 2707.8 2667.55 2626.01 2584.95 2556.83 2534.23 2512.84 2490.09 2469.41 2453.86 2457.05 2458.84 2458.91 2460.05 2461.45 2462.54 2466.55 2471.93 2475.72 2477.59 2487.42 2503.07 2519.26 2543.06 2577.06 2605.43 2640.24 2714.61 2825.99 2895.94 2881.47 2908.42 2952.93
3542.07 3537.29 3531.73 3564.9 3606 3620.82 3624.79 3625.75 3644.04 3709.04 3761.85 3805.26 3843.27 3892.59 3903.24 3928.45 3929.35 3826.05 3725.1 3668.34 3639.13 3603.96 3554.21 3484.62 3393.3 3307.1 3240.37 3160.73 3086.45 3010.47 2940.15 2889.91 2848.98 2808.7 2767.81 2723.77 2679.35 2639.12 2605.45 2581.26 2557.95 2531.63 2505.57 2490.62 2495.38 2498.37 2496.58 2491.08 2484.17 2491.46 2503.93 2512.14 2516 2518.06 2540.58 2559.6 2588.35 2624.79 2660.34 2694.5 2710.31 2783.18 2858.5 2887.36 2916.02 2950.49 3008.13
3542.49 3539.92 3547.06 3576.7 3612.76 3618.75 3622.75 3632.86 3651.6 3720.27 3780.02 3816.74 3860.49 3859.29 3868.32 3894.1 3925.29 3849.9 3745.87 3692.93 3638.51 3610.52 3586.68 3538.97 3440.97 3353.79 3268.42 3208.79 3158.45 3100.38 3053.33 2993.35 2934.44 2885.04 2837.95 2790.04 2742.54 2695.15 2659.91 2637.14 2614.35 2591.59 2570.35 2554.83 2553.7 2552.1 2546.16 2535.15 2522.01 2532.66 2552.61 2569.55 2579.86 2581.45 2590.08 2624.24 2655.82 2690.82 2751.49 2819.65 2882.57 2916.69 2893.72 2887.89 2925.14 2981.59 3043.63
3550.7 3550.83 3566.66 3590.2 3599.69 3614.14 3624.71 3637.82 3679.25 3764.46 3805.31 3800.31 3800.46 3812.23 3844.35 3883.46 3908.29 3861.47 3793.86 3723.69 3672.65 3621.27 3585.61 3531.89 3474.3 3407.12 3332.09 3302.98 3236.6 3179.31 3124.45 3067.03 3012.18 2963.41 2916.78 2867.77 2816.77 2765.52 2728.47 2705.45 2683.81 2665.61 2655.43 2636.97 2628.18 2624.39 2616.63 2602.78 2586.95 2597.88 2623.05 2645.41 2664.42 2684.38 2683.77 2708.85 2737.08 2764.85 2854.39 2948.93 3045.81 3058.43 2947.8 2904.04 2934.26 2997.51 3074.72
3567.89 3569.05 3582.43 3591.21 3591.32 3610.55 3632.14 3656.23 3711.48 3761.96 3779.57 3767.29 3733.29 3760.32 3820.77 3857.61 3857.9 3853.55 3814.37 3736.49 3678.56 3654.25 3603.6 3545.87 3524.2 3487.45 3449.38 3376.22 3310.64 3252.87 3194.95 3137.57 3090.2 3045.46 3000.6 2954.15 2905.46 2857.91 2817.43 2786.97 2761.48 2739.9 2729.17 2715.07 2708.87 2705.65 2702.89 2696.23 2686.98 2694.15 2714.15 2733.18 2753.09 2780.97 2789.86 2810.25 2842.82 2896.32 2967.84 3054.08 3142.09 3150.91 3002.54 2919.55 2952.49 3028.55 3116.92
3590.82 3596.74 3599.76 3593.17 3584.95 3607.06 3639.65 3680.65 3716.97 3737.29 3771.44 3742.72 3726.31 3751.89 3800.32 3839.62 3868.99 3853.1 3811.74 3779 3734.61 3698.39 3663.24 3640.65 3617.95 3571.91 3509.67 3431.47 3386.17 3333.31 3272.61 3212.05 3175.04 3137.5 3096.43 3052.37 3003.83 2955.34 2910.56 2877.9 2849.73 2818.9 2784.68 2791.08 2796.92 2801.75 2804 2806.37 2807.63 2814.45 2823.75 2829.43 2837.81 2872.34 2889.37 2910.48 2946.29 2992.12 3054.7 3125.66 3185.09 3186.94 3114.47 2969.01 3001.92 3092.95 3186.68
3611.44 3626.96 3611.35 3590.86 3582.41 3605.47 3639.99 3679.95 3701.4 3723.71 3731.01 3708.71 3693.5 3721.52 3756.98 3807.27 3849.42 3852.61 3812.82 3762.95 3722.6 3686.08 3722.51 3769.39 3730 3661.03 3583.21 3522.06 3481.45 3431 3371.93 3318.5 3276.9 3241.19 3201.87 3158.73 3112.99 3061.06 3011.71 2983.68 2952.37 2920.15 2892.17 2892.47 2899.84 2907.83 2917.08 2927.4 2942.97 2956.57 2946.95 2935.42 2921.19 2924.07 2973.15 3007.97 3040.82 3076.73 3129.25 3191.69 3236.46 3251.4 3275.99 3126.96 3133.63 3217.11 3307.18
3621.84 3625.2 3608.24 3580.76 3580.12 3602.14 3631.92 3664.4 3702.43 3712.53 3676.66 3663.04 3671.76 3681.9 3722.27 3772.48 3816.92 3840.78 3802.51 3750.5 3729.53 3708.21 3776.09 3825.11 3798.15 3744.69 3694.59 3649.37 3601.9 3544.51 3482.84 3413.55 3392.84 3362.17 3324.38 3279.5 3232.3 3188.52 3150.72 3108.24 3069.93 3036.51 3013.64 3007.87 3012.37 3022.65 3034.18 3047.48 3064.86 3087.46 3068.15 3060.81 3047.47 3050.95 3087.65 3118.28 3146.5 3168.75 3210.17 3281.32 3331.86 3364.1 3432.46 3351.29 3325.99 3381.55 3470.19
3625.12 3633.2 3603.73 3577.07 3581.72 3598.29 3618.4 3634.95 3641.76 3655.84 3612.31 3608.87 3637.08 3693.16 3713.78 3740.49 3768.32 3782.39 3766.66 3758.69 3772.3 3835.41 3844.7 3830.35 3816.96 3807.66 3808.16 3791.94 3721.2 3656.89 3610.03 3570.68 3538 3492.91 3447.4 3403.49 3360.1 3317.43 3279.49 3235.78 3195.52 3159.31 3133.74 3128.1 3132.4 3143.71 3156.33 3166.33 3169.33 3154.86 3187.14 3205.81 3211.87 3203.53 3224.29 3251.91 3276.62 3297.9 3334.23 3402.84 3460.7 3517.2 3580.36 3531.58 3508.56 3554.79 3644.77
3614.72 3610.38 3593.94 3576.93 3587.43 3595.69 3603.87 3610.45 3605.26 3604.64 3594.63 3587.1 3601.41 3668.31 3687.15 3701.19 3720.54 3723.1 3719.37 3695.1 3768.63 3838.01 3840.2 3817.44 3812.07 3831.55 3870.11 3864.61 3776.67 3741.87 3725.4 3725.48 3681.03 3616.56 3562.01 3518 3479.12 3442.26 3405.37 3364.28 3318.03 3281.54 3259.65 3249.41 3254.2 3264.38 3280.04 3293.77 3305.25 3319.34 3347.41 3372.13 3377.62 3367.54 3380.21 3398.67 3422.28 3453 3494.36 3542.51 3598.42 3657.54 3705.39 3649.96 3631.23 3708.11 3808.53
3602.72 3600.6 3584.48 3580.4 3593.22 3594.34 3594.86 3596.56 3598.4 3599.49 3600.62 3594.93 3595.32 3612.22 3628.39 3658.91 3682.66 3725.57 3714.05 3722.54 3749.57 3776.63 3789.33 3787.88 3792.3 3814.97 3827.96 3791.35 3780.01 3803.94 3811.86 3808.76 3775.01 3718.99 3665.83 3618.94 3582.86 3556.07 3532.02 3495.7 3440.21 3374.33 3356.75 3367.17 3375.92 3387.39 3404.31 3426.85 3455.32 3495.05 3521.42 3546.8 3557.41 3548.1 3539.48 3543.94 3566.01 3603.4 3650.87 3681.38 3713.84 3766.71 3811.61 3781.73 3778.68 3847.19 3938.17
3587.09 3583.39 3572.15 3576.91 3592.43 3589.69 3584.79 3583.3 3587.38 3582.85 3580.45 3584.4 3592.56 3602.13 3615.84 3631.1 3635.41 3660.81 3697.36 3720.75 3734.19 3752.18 3759.42 3753.96 3762.44 3792.37 3815.63 3814.35 3863.66 3881.1 3882.14 3878.11 3854.96 3805.3 3754 3708.37 3675.78 3656.7 3649.37 3625.48 3571.32 3524.73 3496.98 3493.91 3497.08 3507.89 3529.73 3556.51 3591.19 3632.7 3668.21 3706.91 3735.77 3707.14 3677.51 3670.55 3687.74 3730.42 3791.88 3793.3 3799.58 3827.53 3898.37 3920.71 3932.84 3987.15 4040.35
3560.7 3559.6 3556.51 3570.86 3590.33 3577.85 3570.32 3563.78 3553.19 3540.66 3565.53 3579.08 3597.68 3635.29 3644.04 3620.48 3613.66 3647.31 3673.59 3694.35 3715.71 3719.13 3711.89 3714.56 3722.77 3779.47 3850.96 3936.56 3982.05 3944.86 3927.86 3929.49 3914.98 3866.07 3821.41 3781.63 3753.22 3732.33 3722.09 3703.71 3684.04 3675.33 3639.98 3612.7 3605.52 3614.11 3634.22 3665.67 3705.52 3749.85 3789.04 3830.33 3850.95 3815.82 3780.53 3765.96 3774.81 3804.98 3845.1 3852.39 3861.7 3893.83 4000.52 4058.6 4116.21 4087.31 4098.73
3534.71 3534.67 3535.23 3543.57 3547.41 3553.89 3553 3549.41 3541.78 3543.25 3573.17 3554.79 3575.06 3621.25 3607.23 3602.64 3610.97 3632.23 3682.23 3709.51 3710.19 3703.88 3706.51 3693 3698.42 3772.24 3862.76 3962.71 3967.12 3943.68 3934.57 3938.41 3930.11 3900.13 3863.53 3828.95 3801.15 3779.87 3760.3 3741.12 3752.84 3784.23 3738.35 3709.6 3699.69 3708.27 3730.99 3766.59 3809.8 3859.9 3896.56 3912.68 3892.85 3873.64 3846.66 3830.21 3829 3840.13 3855.24 3874.32 3904.84 3963.24 4099.13 4114.1 4108.71 4090.99 4102.24
3520.02 3520.42 3518.62 3519.64 3524.08 3531.86 3537.35 3540.55 3541.26 3549.93 3592.71 3543.97 3547.77 3553 3550.6 3582.44 3618.36 3643.01 3730.75 3734.73 3703.56 3681.05 3667.09 3676.69 3711.39 3764.29 3827.9 3877.18 3867.97 3893.8 3912.51 3927.95 3937.86 3910.29 3882.21 3855.72 3833.46 3816.31 3806.41 3791.36 3804.23 3792.78 3790.49 3777.06 3773.16 3782.5 3805.88 3843.8 3891.7 3942.7 3972.43 3984.49 3962.11 3925.43 3888.94 3868.46 3856.23 3854.29 3859.45 3887.45 3939.34 3996.83 4111.34 4081.33 4036.71 4028.59 4055.77
3522.84 3518.88 3515.51 3512.16 3510.7 3519.06 3526.01 3533.06 3543.41 3556.27 3537.47 3536.44 3529.24 3525.58 3538.96 3570.92 3603.9 3639.08 3694.03 3704.89 3678.88 3649.8 3627.63 3651.34 3700.18 3742.34 3779.7 3802.6 3819.55 3849.75 3880.37 3903.35 3910.42 3898.78 3880.39 3859.31 3845.47 3839.73 3849.41 3879.15 3865.21 3851.15 3831.6 3821.74 3822.98 3836.51 3864.93 3900.99 3948.32 4009.33 4067.92 4039.53 4000.31 3955.14 3918.95 3887.27 3871.49 3865.12 3873.49 3914.32 3992.41 4008.55 4044.15 3990.71 3923.34 3923 3987
