real_craters/C195-300m.grd
DSAA
617 617
-92.4175 92.4175
-92.4175 92.4175
2431.1615125919 5065.8618070045
[rows 330 to 359 of 617, columns 201 to 267 of 617]
4173.89 4175.48 4176.91 4181.76 4190.57 4201.58 4216.12 4235.34 4252.11 4249.67 4247.89 4247.92 4250.13 4254.77 4260.15 4266.32 4281.26 4303.93 4336.7 4372.52 4401.71 4412.36 4403.12 4383.57 4364.91 4358.47 4358.62 4363.88 4368.46 4376.25 4387.61 4369.96 4321.26 4278.52 4221.52 4157.83 4090.97 4027.85 3961.71 3930.98 3914.59 3905.63 3906.1 3904.35 3906.66 3925.8 3941.41 3935.12 3910.25 3872.63 3834.13 3777.23 3710.19 3636.83 3549.28 3457.01 3363.55 3273.1 3186.01 3110.41 3049.89 2994.48 2941.8 2891.77 2844.19 2805.61 2771.16
4175.44 4181.71 4189.88 4192.31 4196.37 4205.4 4218.61 4232.07 4243.06 4247.82 4248.33 4250.2 4254.16 4260.26 4268.65 4278.23 4296.25 4324.29 4364.23 4408.15 4435.43 4443.45 4431.69 4405.7 4379.26 4370.92 4371.64 4377.37 4387.2 4406.82 4432.58 4434.98 4381.58 4333.58 4272.64 4205.55 4134.02 4063.49 3994.85 3960.13 3942.41 3933.23 3933.89 3934.65 3937.21 3952.67 3959.92 3951.86 3929.2 3896.08 3854.08 3812.93 3751.88 3662.97 3576.12 3484.49 3392.5 3302.49 3216.61 3141.77 3082.51 3027.26 2969.06 2917.41 2869.76 2828.44 2792.81
4175.36 4183.4 4190.58 4193.9 4196.84 4202.91 4212.53 4223.09 4234.28 4240.82 4245.06 4249.83 4255.52 4262.79 4272.24 4285.65 4307.69 4341.09 4388.65 4444.66 4479.97 4483.45 4470.94 4436.89 4400.07 4385.84 4383.28 4389.52 4408.69 4438.56 4464.91 4474.43 4431.93 4383.09 4320.17 4250.47 4176.19 4101.31 4029.01 3990.51 3970.47 3961.15 3961.62 3966.09 3978.35 3983.45 3984.68 3973.04 3950.83 3920.55 3882.84 3845.48 3789.75 3694.81 3602.96 3511.65 3421.28 3333.7 3251.29 3178.49 3118.43 3063.14 3000.67 2946.41 2896.76 2851.23 2810.57
4175.78 4182.37 4188.32 4191.3 4193.54 4196.32 4202.63 4212.75 4220.61 4231.73 4240.92 4248.65 4255.99 4263.86 4273.28 4288.54 4313.18 4351.82 4404.8 4469.99 4516.4 4515.38 4497.52 4463.77 4422.04 4403.28 4395.73 4397.6 4420.18 4455.75 4478.06 4490.96 4463.78 4421.17 4360.4 4289.82 4215.91 4139.84 4066.41 4020.54 3996.85 3986.57 3986.03 3989.62 3996.52 4008.5 4007.43 3994.17 3973.19 3944.51 3909.39 3871.96 3816.07 3720.98 3625.89 3538.02 3450.69 3365.83 3285.32 3211.82 3153.94 3098.38 3035.16 2977.53 2923.34 2874.21 2827.8
4174.99 4180.77 4184.49 4187.87 4190.07 4192.52 4198.12 4206.91 4216.02 4227.83 4238.88 4248.61 4257.15 4265.45 4274.93 4290.17 4315.46 4356.89 4413.23 4478.21 4519.86 4525.5 4515.92 4492.28 4453.04 4428.8 4411.38 4402.16 4418.35 4444.46 4471.12 4492.28 4484.72 4450.28 4389.24 4321.14 4251.34 4174.39 4097.3 4046.02 4019.52 4007.18 4005.82 4011.5 4022.37 4032.71 4029.42 4014.08 3993.37 3966.34 3932.57 3892.52 3829.95 3729.59 3646.8 3565.15 3481.83 3399.52 3320.36 3247.13 3189.24 3133.17 3070.43 3010.56 2953.7 2899.54 2848.57
4177.61 4181.67 4183.89 4185.99 4187.94 4190.83 4197.07 4205.91 4215.87 4228.07 4240.4 4250.86 4259.86 4268.53 4277.77 4291.84 4314.03 4353.38 4402.62 4466.62 4499.94 4514.11 4520.24 4517.68 4490.09 4461.39 4430.55 4407.1 4411.32 4428.65 4450.09 4469.15 4475.29 4455.92 4398.54 4336.54 4276.71 4203.12 4120.79 4064.62 4035.71 4021.69 4018.34 4024.26 4036.6 4048.93 4044.1 4028.91 4009.68 3986.32 3954.99 3913.3 3848.85 3758.58 3675.19 3596.95 3516.45 3435.83 3357.51 3283.8 3226.23 3169.11 3104.77 3042.25 2983.21 2927.36 2873.8
4183.82 4184.81 4184.34 4185.55 4187.03 4190.18 4198.02 4208 4218.95 4231.37 4245.78 4256.49 4265.9 4274.73 4284.43 4297.03 4315.4 4346.7 4385.79 4431.58 4460.94 4480.29 4500.44 4516.35 4513.13 4493.36 4448.14 4410.5 4404.12 4411.21 4423.23 4433.73 4438.14 4428.62 4382.73 4329.23 4275.51 4205.65 4129.77 4073.85 4044.11 4028.83 4023.18 4024.94 4036.68 4049.11 4047.16 4036.74 4022.11 4004.36 3979.02 3940.94 3876.93 3792.49 3711.9 3634.71 3555.71 3475.31 3396.24 3323.21 3265.65 3205.66 3140.12 3076.23 3016.06 2958.6 2903.36
4192.43 4190.93 4186.98 4186.32 4186.89 4190.41 4200.11 4212.18 4226.95 4243.36 4255.88 4264.9 4274.06 4283.34 4293.45 4305.77 4319.09 4340.9 4368.82 4397.22 4419.04 4439.42 4464.83 4484.22 4508.68 4506.83 4454.78 4410.69 4397.54 4397.16 4400.06 4401.47 4395.19 4381.88 4347.02 4301.58 4252.83 4189.81 4124.67 4073.91 4044.99 4029.36 4022.88 4022.05 4032.6 4041.46 4043.01 4037.91 4028.98 4017.91 4002.97 3977.82 3923.73 3841.24 3757.62 3677.49 3598.28 3517.92 3438.41 3363 3303.85 3244.74 3180.59 3115.95 3054.33 2994.61 2937.4
4198.3 4196.47 4189.82 4186.67 4186.8 4189.88 4202.38 4216.42 4234.88 4257.48 4264.55 4272.45 4281.93 4292.45 4302.84 4313.66 4323.57 4337.57 4354.8 4375.84 4394.7 4413.37 4432.52 4443.69 4476.06 4485.78 4445.82 4406.66 4393.13 4388.34 4384.84 4378.62 4362.59 4337.16 4306.21 4263.24 4213.22 4161 4109.25 4066.21 4038.5 4023.35 4018.62 4022.44 4030.78 4036.88 4036.02 4032.67 4028.38 4024.04 4018.54 4007.13 3961.16 3880.49 3798.65 3721.15 3643.42 3564.07 3483.7 3406.2 3348.12 3292.26 3227.97 3161.88 3097.58 3035.17 2975.59
4185.66 4187.36 4184.6 4183.94 4186.56 4193.47 4204.5 4217.43 4233.89 4249.28 4265.2 4276.64 4288.36 4300.56 4312.79 4323.3 4331.8 4339.38 4349.13 4363.15 4379.52 4396.63 4413.61 4429 4452.94 4460.6 4434.06 4403.16 4390.8 4383.35 4378.03 4365.37 4344.77 4308.05 4272.48 4226.62 4175.5 4131.16 4088.49 4051.14 4024.75 4009.26 4004.67 4012.28 4019.64 4025.7 4021.32 4019.04 4018.27 4018.66 4018.78 4012.9 3974.42 3908 3835.65 3764.18 3690.02 3613.09 3534.98 3458.93 3402.36 3343.22 3279.64 3211.77 3145.02 3079.53 3017.59
4163.51 4170.33 4173.45 4177.53 4183.68 4192.03 4204.46 4215.72 4230.33 4244.87 4262.7 4278.13 4292.34 4306.81 4321.91 4335.97 4343.72 4345.37 4347.73 4356.03 4367.29 4382.42 4401.54 4426.26 4447.48 4453.34 4432.34 4404.71 4387.54 4377.2 4368.62 4354.73 4337.12 4294.36 4249.82 4198.1 4146.95 4105.71 4067.34 4032.74 4006.14 3987.79 3977.26 3976.68 3985.71 3993.16 3994.01 3996.24 3999.29 4002.07 4003.47 3998.27 3971.43 3926.66 3871.22 3808.02 3737.32 3663.19 3588.95 3518 3449.99 3399.63 3335.28 3265.95 3195.06 3126.11 3061.79
4140.77 4150.33 4158.93 4167.98 4179.31 4190.94 4201.88 4215.38 4226.62 4242.87 4262.49 4278.2 4292.69 4308.86 4326.85 4346.5 4356.19 4353.35 4347.02 4348.64 4355.23 4367.35 4387.43 4412.24 4434.83 4450.14 4434.13 4407.43 4385.43 4370.39 4356.68 4338.3 4317.87 4279.75 4231.11 4174.71 4124.2 4085.15 4048.78 4014.88 3986.43 3964.28 3946.75 3937 3939.56 3947.95 3958.74 3967.41 3974.01 3978.18 3978.27 3971.95 3959 3938.14 3907.66 3848.72 3781.08 3712.25 3643.28 3575.68 3502.46 3453.42 3387.6 3318.9 3246.11 3174.79 3108.19
4122.31 4130.75 4142.9 4155.75 4169.78 4183.11 4195.43 4209.71 4222.12 4241.16 4262.42 4275.62 4288.9 4304.3 4322.29 4341.32 4351.4 4350.86 4345.55 4339.24 4343.47 4352.69 4373.14 4399.38 4421.7 4441.19 4433.3 4413.36 4389.72 4367.61 4341.82 4316.89 4289 4249.45 4205 4153.63 4107.46 4070.85 4035.06 3999.79 3968.84 3944.42 3924 3909.1 3901.95 3909.63 3925.06 3937.91 3947.35 3952.57 3951.09 3945.85 3943.4 3936.32 3922.78 3874.31 3815.84 3757.07 3696.83 3631.31 3555.36 3495.89 3436.8 3370.02 3298.35 3225.01 3157.32
4109.41 4117.61 4129.73 4142.78 4156.31 4170.76 4185.62 4201.3 4214.1 4233.88 4255.57 4267.07 4279.46 4293.6 4308.09 4322.57 4331.9 4334.55 4334.98 4329.91 4334.74 4345.21 4366.44 4395.78 4425.22 4441.39 4441.29 4426.81 4404 4374.9 4339.13 4304.3 4268.04 4223.19 4180.62 4139.14 4099.49 4064.92 4029.08 3991.62 3957.35 3930.9 3908.15 3888.35 3875.67 3882.25 3898.14 3912.98 3924.36 3930.77 3930.7 3926.79 3927.86 3923.11 3909.13 3878.15 3839.68 3798.1 3751.04 3690.26 3609.89 3543.83 3496.26 3430.56 3353.72 3276.78 3206.82
4100.56 4108.97 4120.91 4131.93 4142.57 4158.2 4174.96 4191.16 4205.03 4219.87 4236.55 4251.62 4265.44 4278.89 4290.49 4301.61 4309.16 4312.21 4317.32 4322.11 4327.38 4339.21 4361.27 4392.76 4426.56 4451.9 4459.95 4443.51 4420.32 4387.57 4345.27 4304.55 4264.58 4219.17 4175.6 4137.38 4103.5 4070.5 4033.99 3994.07 3956.01 3925.88 3898.69 3874.27 3858.54 3864.71 3880.12 3894.85 3907.2 3915.85 3918.79 3916.91 3916.22 3909.57 3895.44 3876.86 3858.26 3836.12 3810.25 3768.53 3697.85 3614.36 3562.09 3492.31 3411.09 3329.97 3257.65
4095.94 4105.54 4116.4 4125.39 4135.58 4149.61 4165.61 4181.14 4194.11 4205.95 4217.59 4234.59 4249.9 4260.73 4272.31 4281.02 4286.69 4293.68 4302.58 4308.4 4314.87 4327.14 4348.89 4384.93 4425.8 4457.72 4469.64 4454.23 4428.3 4394.51 4356.72 4317.05 4278.1 4232.62 4181.3 4151.16 4121.26 4088.49 4051.11 4008.8 3966.76 3932.16 3900.32 3871.07 3852.08 3858.11 3871.04 3884.58 3896.42 3906.71 3914.88 3914.44 3908.88 3900.48 3889.78 3879.13 3873.5 3868.1 3863.59 3856.92 3786.02 3684.41 3628.54 3554.45 3469.44 3384.46 3308.25
4096.23 4107.02 4115.88 4122.15 4129.45 4143.8 4158.98 4173.51 4185.4 4196.21 4205.41 4221.9 4236.95 4246.83 4257.08 4264.49 4269.28 4277.66 4285.96 4290.93 4299.58 4313.19 4333.82 4372.76 4415.81 4460.28 4478.46 4462.3 4433.66 4401.28 4375.81 4346.12 4305.85 4258.65 4206.24 4182.76 4153.79 4119.19 4079.55 4035.13 3990.03 3950.49 3914.79 3882.36 3862.64 3863.88 3872.37 3881.91 3890.65 3899.81 3909.79 3909.72 3902.3 3894.64 3887.29 3882.46 3884.1 3887.85 3893.33 3891.82 3832.53 3743.09 3688.59 3615.23 3529.25 3442.38 3367
4097.89 4107.92 4115.79 4121.35 4128.14 4140.53 4154.48 4168.17 4180.71 4190.54 4201.11 4214.5 4227.32 4235.7 4244.85 4252.33 4257.82 4264.85 4271.81 4279.04 4287.97 4301.54 4323.24 4358.71 4403.98 4457.23 4485.09 4467.18 4443.49 4418.63 4404.33 4382.93 4345.63 4297.54 4247.2 4227.22 4197.44 4159.89 4118.07 4071.77 4024.67 3981.25 3940.96 3905.82 3884.04 3881.29 3883.5 3886.66 3889.15 3892.07 3895.93 3895.66 3892.9 3888.75 3885.5 3884.77 3888.95 3896.01 3902.37 3897.72 3862 3801.08 3756.36 3678.43 3590.95 3504.55 3434
4093.78 4107.11 4118.16 4121.19 4127.71 4138.82 4151.57 4164.54 4176.93 4186.88 4197.14 4209.33 4220.34 4227.03 4235.31 4243.11 4250.6 4258.32 4264.06 4270.44 4277.7 4288.19 4307.74 4336.98 4375.65 4421.88 4455.21 4459.24 4455.24 4449.15 4444.21 4429.02 4397.59 4351.83 4301.82 4279.12 4248.82 4208.92 4165.9 4117.94 4069.05 4025.76 3985.31 3945.02 3919.07 3909.99 3904.25 3899.49 3893.55 3887.46 3882.67 3883.1 3884.94 3884.23 3883.01 3882.77 3888.41 3897.02 3904.21 3903.74 3885.4 3849.12 3814.75 3736.75 3651.61 3568.02 3501.31
4087.41 4100.84 4111.66 4118.5 4126.67 4137.22 4149.34 4161.79 4174.19 4184.52 4195.72 4206.47 4213.02 4219.54 4225.77 4233.29 4243.01 4253.87 4257.66 4258.06 4262.09 4268.67 4282.37 4306.5 4339.11 4374.28 4415.64 4443.36 4462.8 4481.33 4488.84 4483.7 4459.95 4417.66 4371.2 4337.81 4305.72 4265.95 4221.12 4171.93 4121.55 4077.42 4038.55 3996.04 3966.33 3948.95 3934.73 3920.7 3906.38 3890.7 3877.81 3879.3 3883.39 3884.72 3884.28 3882.65 3888.36 3897.48 3905.92 3912.95 3908.27 3884.13 3848.71 3785.38 3710.03 3631.65 3567.97
4084.9 4095.32 4105.22 4114.67 4124.76 4135.59 4147.01 4159.09 4171.76 4183.05 4195.47 4204.95 4209.09 4211.85 4214.94 4219.58 4226.34 4233.43 4235.23 4235.06 4236.58 4245.92 4257.86 4278.25 4308.21 4342.45 4383.5 4422.67 4459.87 4496.5 4521.16 4533.5 4523.49 4485.47 4448.92 4400.61 4366.98 4327.42 4282.41 4233.08 4181.22 4134.64 4095.25 4053.98 4021.12 3996.34 3974.76 3952.58 3930.13 3906.63 3888.66 3889.03 3892.77 3894.08 3893.89 3891.5 3894.91 3901.1 3908.12 3923.61 3932.8 3921.23 3882.97 3831.75 3764.93 3696.29 3631.1
4084.13 4093.52 4101.36 4113.65 4124.32 4134.02 4144.74 4156.22 4168.48 4182.47 4194.29 4205.73 4206.11 4202.94 4202.39 4202.52 4202.61 4201.99 4205.84 4210.14 4217.38 4227.5 4239.93 4257.94 4284.2 4314.78 4355.74 4400.58 4446.71 4491.55 4529.79 4561.1 4570.61 4532.64 4494.64 4457.92 4431.34 4391.96 4348.57 4301.44 4250.63 4203.48 4163.58 4119.15 4082.71 4052.01 4023.05 3994.35 3965.25 3937.03 3916.92 3912.63 3912.89 3912.8 3912.22 3910.17 3910.01 3909.36 3910.91 3923.23 3941.63 3957.25 3932.4 3874.59 3811.45 3749.64 3681.49
4089.29 4096.05 4103.94 4113.5 4122.91 4131.98 4141.89 4152.37 4163.51 4176.63 4188.25 4199.25 4196.99 4191.07 4188.11 4185.59 4181.75 4178.83 4184.82 4192.84 4203.12 4214.56 4227.68 4244.83 4266.49 4294.57 4335.26 4381.02 4427.69 4470.39 4509.27 4550.81 4573.16 4552.89 4530.56 4515.16 4493.02 4455.33 4416.54 4375.68 4331.08 4281.98 4236.33 4187.87 4150.27 4115.3 4080.44 4045.63 4010.99 3978.58 3955.84 3946.88 3942.46 3939.04 3937.41 3936.42 3934.4 3922.7 3911.68 3915.2 3933.05 3949.35 3950.06 3899.92 3841.68 3783.38 3713.98
4093.92 4098.54 4105.09 4113.24 4120.73 4129.14 4138.08 4147.2 4157.27 4166.4 4174.29 4181.64 4178.58 4175.27 4173.57 4171.24 4168.1 4166.63 4172.38 4182.53 4193.95 4205.68 4218.31 4233.82 4253.32 4279.62 4319.91 4366.1 4408.47 4447.25 4485.96 4521.78 4543.38 4551.08 4552.47 4552.15 4538.64 4508.96 4479.27 4450.21 4418.4 4377.29 4322.6 4269.11 4225.67 4184.95 4144.57 4104.67 4065.55 4029.51 4003.81 3989.16 3979.23 3970.61 3965.16 3962.01 3958.38 3940.02 3924.94 3921.29 3928.75 3934.78 3940.6 3905.93 3856.78 3798.68 3731.58
4092.96 4097.82 4102.76 4108.62 4117.32 4125.75 4133.87 4141.79 4148.9 4154.2 4156.81 4153.84 4156.34 4159.57 4160.62 4160.39 4159.19 4158.88 4163.99 4173.39 4185.97 4198.3 4210.64 4225.34 4245.82 4270.84 4305.78 4348.41 4386.74 4423.3 4458.54 4493.31 4516.67 4539.12 4556.18 4569.21 4568.49 4547.32 4530.78 4518.81 4504.19 4470.69 4411.21 4354.68 4305.59 4258.98 4213.83 4169.56 4126.94 4088.29 4059 4038.28 4021.55 4006.89 3994.08 3980.85 3969.33 3957.47 3948.41 3941.06 3941.38 3937.78 3931.06 3906.9 3866.88 3814.6 3747.73
4090.04 4095.27 4099.42 4105.37 4114.79 4123.51 4130.64 4136.38 4140.82 4143.67 4144.06 4143.08 4145.17 4147.79 4150.42 4152.53 4154.53 4155.52 4158.6 4166.29 4177.75 4190.5 4205.05 4221.83 4244.48 4266.34 4290.08 4323.86 4360.22 4397.31 4435.76 4472.23 4503.26 4526.55 4540.46 4558.04 4565.54 4562.27 4564.09 4573.53 4582.36 4558.87 4494.4 4437.39 4384.84 4333.33 4284.46 4237.24 4192.34 4151.8 4119.03 4092.01 4068.69 4046.48 4025.83 4002.84 3983.53 3977.38 3977.44 3973.12 3973.92 3965.63 3945.81 3918.13 3878.75 3826.12 3763.05
4087.14 4092.95 4097.68 4104.23 4114.31 4121.98 4127.73 4131.7 4134.33 4135.65 4135.65 4134.55 4136.22 4139.44 4142.65 4146.13 4149.75 4151.33 4154.04 4162.2 4173.34 4186.26 4200.69 4218.35 4241.38 4258.21 4272.15 4299.76 4332.78 4369.11 4408.81 4448.69 4489.96 4512.8 4519.1 4531.89 4544.57 4552.56 4572.82 4603.1 4638.23 4633.45 4570.37 4513.18 4457.53 4403.86 4353.64 4305.59 4258.78 4216.27 4181.8 4150.54 4120.52 4091.68 4063.21 4034.09 4011.09 4001.86 4002.4 4010.36 4023.34 4014.94 3983.17 3944.89 3896.69 3840.34 3777.68
4083.97 4091.57 4099.06 4109.01 4116.63 4122.07 4125.72 4128.05 4129.12 4129.49 4129.33 4129.62 4132.32 4133.58 4136.32 4140.35 4144.35 4147.25 4151.1 4160.37 4170.81 4182.4 4196.51 4212.43 4229.55 4243.23 4255.11 4278.01 4306.02 4338.58 4371.98 4412.91 4460.04 4484.6 4486.92 4494.91 4499.31 4521.91 4556.64 4599.38 4645.35 4663.01 4637.77 4576.96 4516.7 4463.97 4416.87 4371.52 4326.44 4282.61 4247.52 4212.89 4177.16 4142.06 4106.72 4073.27 4045.26 4032.01 4031.39 4043.31 4063.61 4058.12 4027.85 3983.12 3919.52 3858.81 3797.11
4079.07 4089.86 4101.68 4113.03 4119.2 4122.34 4124.05 4124.66 4125.13 4124.38 4123.96 4123.39 4124.25 4126.79 4130.39 4135.06 4140.62 4144.72 4150.26 4160.2 4170.48 4180.23 4194.36 4207.07 4218.21 4231.6 4244.69 4261.75 4283.51 4311.61 4342.09 4380.31 4423.16 4447.08 4449.08 4454.78 4461.11 4482.79 4523.15 4567.46 4611.43 4641.55 4648.9 4601.83 4551.27 4508.51 4471.6 4435.48 4396.11 4355.15 4317.84 4278.85 4238.35 4195.51 4155.25 4118.43 4086.36 4068.11 4060.75 4068.68 4082.6 4078.55 4057.9 4014.9 3944.72 3882.68 3821.03
4072.93 4086.37 4100.65 4113.38 4120.1 4121.87 4122.04 4121.74 4121.38 4120.37 4119.39 4117.63 4116.99 4120.9 4125.64 4130.42 4135.75 4143.39 4152.41 4163.15 4174.85 4186.43 4198.47 4207.94 4216.21 4227.16 4238.45 4251.34 4267.51 4290.26 4317.8 4351.25 4388.69 4412.72 4419.85 4426.7 4426.41 4446.79 4482.65 4520.34 4556.4 4586.5 4600.21 4582.39 4558.74 4535.82 4516.31 4496.3 4470.28 4435.35 4392.01 4346.03 4299.23 4252.42 4207.8 4165.62 4132.67 4106.96 4091.27 4091.77 4096.64 4090.96 4071.26 4031.66 3968.84 3914.6 3852.66
