real_craters/C195-1000m.grd
DSAA
107 107
-52.81 52.81
-52.81 52.81
2888.8038355517 5276.4854809835
[rows 0 to 29 of 107, columns 0 to 66 of 107]
4466.83 4468.66 4448.68 4444.56 4410.44 4429.09 4414.98 4409.02 4397.79 4398.74 4397.16 4394.58 4392.24 4390.26 4395.97 4406.84 4411.59 4392.66 4403.13 4449.9 4471.34 4451.76 4446.85 4452.15 4465.33 4476.78 4467.19 4478.53 4525.37 4559.06 4554.42 4543.14 4541.36 4555.51 4569.1 4542.46 4524.08 4497.59 4474.26 4459.15 4448.99 4467.95 4442.82 4419.88 4410.2 4406.46 4408.17 4406.02 4380.55 4403.15 4361.74 4294.39 4386.25 4380.1 4360.72 4350.09 4347.56 4335.34 4340.22 4371.05 4392.16 4391.25 4381.12 4369.81 4365.63 4359.36 4358.76
4465.98 4466.18 4442.12 4439.87 4437.94 4428.37 4423.27 4408.78 4389.61 4391.47 4395.63 4395.42 4400.45 4412.02 4400.86 4396.77 4392.87 4380.49 4398.86 4442.91 4469.21 4454.78 4463.46 4447.47 4448.19 4448.31 4447.63 4470.46 4483.97 4475.49 4498.2 4507.89 4519.08 4541.11 4540.52 4505.49 4464.6 4456.49 4448.17 4444.64 4437.07 4434.98 4422.67 4384.27 4371.78 4384.84 4389.31 4386.42 4378.48 4388.35 4327.56 4284.04 4379.49 4384.58 4369.47 4356.52 4341.86 4343.2 4351.36 4373.12 4386.64 4384.83 4380.85 4368.62 4364.35 4361.23 4358.17
4454.78 4440.56 4437.42 4443.94 4426.32 4428.42 4407.2 4395.36 4395.07 4395.18 4397.62 4404.68 4414.29 4400.45 4395.43 4387.96 4381.63 4381.94 4396.96 4429.93 4461.32 4460.05 4484.77 4457.31 4440.68 4437.64 4442.37 4429.37 4425.27 4439.09 4467.43 4478.48 4488.53 4487.64 4470.34 4467.75 4451.89 4443.8 4440.36 4435.88 4437.64 4429.57 4414.87 4389.01 4372.61 4373.93 4378.98 4380.06 4376.1 4388.72 4306.55 4298.81 4380.94 4385.34 4370.11 4355.16 4359.93 4411.93 4418.4 4376.33 4380.66 4379.98 4377.29 4364.1 4359.2 4361.78 4351.3
4445.93 4432.07 4445.69 4474.64 4473.08 4423.59 4413.37 4396.77 4398.72 4399.92 4399.17 4394.85 4399.75 4397.87 4389.92 4387.85 4386.38 4391.3 4396.1 4402 4386.98 4399.81 4437.87 4443.2 4432.95 4429.71 4431.94 4404.62 4408.6 4445.59 4467.06 4486.86 4481.21 4471.13 4469.38 4460.13 4449.39 4434.82 4426.27 4435.28 4438.92 4446.46 4451.57 4399.88 4381.98 4380.11 4381.08 4380.58 4376.12 4403.09 4229.35 4303.91 4387.2 4384.52 4367.57 4350.25 4353 4430.39 4441.58 4367.86 4366.87 4368.13 4371.51 4346.63 4329.01 4327.14 4334.75
4441.17 4432.84 4453.03 4487.08 4511.41 4490.39 4445.76 4460.41 4409.82 4403.62 4401.66 4406.86 4401.66 4399.89 4392.15 4392.68 4390.28 4398.18 4395.92 4390.54 4384.36 4406.05 4425.38 4426.18 4427.31 4433.68 4397.44 4395.43 4420.64 4458.74 4467.66 4470.45 4461.23 4454.81 4456.29 4464.95 4467.34 4453.47 4442.27 4447.39 4453.09 4457.43 4422.73 4376.45 4387.47 4387.41 4385.96 4384.55 4378.22 4393.26 4285.66 4336.6 4388.82 4383.06 4364.37 4358.22 4373.66 4401.47 4396.36 4351.31 4357.9 4357.1 4338.44 4333.39 4327.34 4327.49 4331.78
4435.39 4423.43 4449.26 4468.44 4471.32 4448.31 4432.19 4399.2 4396.61 4393.89 4397.35 4398.57 4397.01 4394 4394.96 4397.37 4395.36 4398.05 4396.87 4394.22 4398.97 4413.11 4418.08 4411.62 4402.98 4404.17 4399.61 4412.78 4441.13 4457.59 4456.42 4419.25 4436.57 4433.12 4421.99 4466.88 4496.28 4480.99 4482.79 4472.91 4484.65 4474.48 4456.32 4460.13 4423.54 4412.09 4403.4 4397.66 4392.06 4386.74 4277.46 4353.47 4390.75 4384.37 4361.96 4360.53 4374.21 4372.01 4365.64 4364.72 4363.22 4367.29 4372.9 4356.42 4350.04 4350.61 4346.69
4429.33 4430.73 4443.28 4456.46 4476.89 4455.7 4445.26 4425.9 4408.37 4395.87 4395.21 4404.47 4412.28 4412.88 4396.8 4398.36 4396.71 4397.62 4394.71 4396.17 4401.58 4417.96 4409.1 4401.79 4396.25 4399.54 4405.65 4430.6 4468.27 4503.24 4500.76 4474.03 4431.65 4429.11 4439.93 4454.17 4472.7 4478.52 4470.61 4478.69 4468.98 4469.74 4463.16 4454.81 4464.88 4455.1 4442.89 4423.84 4396.68 4382.19 4275.57 4381.97 4402.49 4390.42 4365.6 4351.65 4364.21 4375.52 4351.03 4358.67 4371.16 4380.75 4378.43 4364.17 4363.45 4362.23 4360.91
4426.4 4423.09 4435.21 4435.54 4420.91 4444.93 4455 4479.59 4422.49 4405.5 4398.99 4402.96 4444.91 4442.76 4395.41 4397.54 4393.61 4388.07 4389.97 4398.83 4401.73 4411.82 4404.93 4397.09 4397.08 4421.25 4426.88 4468.28 4480.1 4497.92 4474.54 4415.96 4424.63 4428.23 4436.45 4436.17 4447.6 4468.63 4481.57 4491.76 4506.28 4513.78 4521.97 4521.93 4506.88 4481.2 4464.24 4453.16 4420.98 4381.89 4310.33 4408.89 4437.09 4418.16 4384.24 4352.65 4372.98 4408.08 4448.16 4422.35 4409.84 4387.99 4379.51 4370.21 4366.88 4366.17 4369.13
4438.04 4438.3 4433.25 4428.79 4427.47 4448.96 4483.41 4450.31 4439.36 4449.07 4419.64 4407.06 4413.3 4413.49 4389.66 4388.25 4390.65 4389.03 4390.28 4403.89 4421.65 4418.55 4401.3 4398.97 4405.94 4439.34 4489.96 4472.88 4460.99 4445.41 4416.13 4413.2 4421.46 4430.78 4440.41 4439.2 4443.85 4466.35 4491.26 4505.56 4523.42 4583.83 4676.88 4625.42 4534.43 4500.09 4491.64 4480.69 4467.65 4454.74 4398.51 4509.64 4490.73 4456.01 4415.36 4377.63 4402.06 4446.4 4466.84 4429.17 4386.67 4383.74 4376.61 4373.61 4374.66 4375.95 4440.02
4439.89 4443.52 4435.17 4428.55 4430.57 4482.54 4551.58 4494.24 4450.94 4424.01 4406.29 4402.91 4408.26 4400.74 4391.53 4390.39 4387.69 4386.66 4398.26 4407.4 4406.6 4419.05 4405.56 4405.21 4416.26 4441.41 4466.72 4442.76 4435.86 4428.97 4429.72 4438.84 4427.6 4428.74 4431.73 4436.66 4442 4464.03 4500.55 4521.07 4527.88 4569.58 4574.49 4525.7 4515.92 4510.8 4513.78 4517.75 4508.21 4571.3 4469.18 4556.6 4531.06 4488.04 4449.92 4426.49 4440.03 4477.56 4504.56 4420.46 4402.17 4395.47 4387.9 4393.18 4408.99 4436.67 4481.69
4439.15 4436.46 4430.37 4422.6 4418.34 4444.36 4459.48 4479.06 4431.57 4419.07 4415.81 4420.89 4414.96 4394.25 4403.1 4386.11 4383.79 4385.17 4424.84 4410.26 4409.29 4408.59 4404.16 4406.18 4415.29 4415.03 4417.45 4422.7 4425.7 4427.08 4433.51 4425.47 4426.08 4425.24 4420.87 4411.21 4430.08 4446.28 4458.95 4473.61 4491.63 4502.09 4495.79 4467.15 4496.41 4522.86 4557.57 4570.81 4577.32 4592.4 4516.82 4579.06 4545.75 4506.08 4465.26 4448.19 4481.39 4492.63 4487.94 4432.61 4412.93 4444.34 4435.59 4426.51 4437.89 4444.23 4410.28
4434.34 4431.55 4426.21 4417.72 4416.05 4427.11 4453.53 4441.09 4437.97 4422.89 4451.87 4455.31 4438.92 4406.48 4397.43 4386.13 4380.66 4385.87 4396.93 4401.32 4403.38 4414.99 4403.21 4400.32 4400.71 4406.94 4411.41 4421.12 4438.67 4443.49 4416.28 4413.48 4422.59 4425.37 4425.89 4427.72 4428.21 4431.1 4428.56 4417.02 4428.5 4436.12 4428.2 4434.77 4466.87 4508.98 4554.65 4597.83 4627.3 4495.06 4566.06 4557.54 4534.2 4512.12 4495.87 4483.41 4476.45 4491.2 4490.94 4481.71 4490.06 4481.54 4455.76 4451.03 4458.94 4471.72 4407.03
4430.43 4429.17 4424.83 4419.13 4416.18 4417.25 4416.59 4427.62 4440.77 4431.26 4474.93 4465.92 4434.87 4413.02 4400.34 4383.82 4404.04 4394.25 4388.65 4392.62 4395.09 4394.77 4400.81 4410.44 4410.84 4414.46 4451.96 4508.74 4539.03 4507.41 4431.52 4427.42 4432.18 4429.24 4426.46 4423.62 4434.4 4439.73 4425.81 4396.92 4404.66 4411.53 4412.55 4423.72 4449.76 4505.13 4563.71 4605.16 4633.41 4449.7 4532.2 4521.91 4518.66 4513.24 4503.68 4492.9 4481.71 4489.65 4501.88 4489.22 4504.24 4488.28 4477.51 4472.37 4479.5 4494.17 4449.05
4428.37 4428.06 4426.1 4426.06 4422.6 4419.21 4418.33 4433.9 4443.84 4433.25 4435.04 4461.51 4449.54 4413.18 4397.09 4382.27 4391.15 4405.13 4393.64 4388.42 4388.66 4385.75 4405.96 4421.31 4433.42 4477.66 4610.42 4703.83 4726.87 4594.51 4516.88 4477.36 4459.38 4451.03 4440.17 4433.15 4465.38 4475.85 4465.01 4420.86 4426.67 4442.63 4443.64 4444.03 4455.28 4508.22 4548.21 4580.37 4570.34 4484.9 4575.49 4552.05 4541.55 4517.77 4501.1 4494.48 4493.57 4494.57 4495.56 4499.35 4509.47 4512.94 4497.02 4485.99 4486.24 4500.74 4509.87
4425.99 4424.97 4423.58 4421.91 4416.31 4408.01 4428.29 4420.64 4407.89 4431.33 4452.49 4475.75 4485.76 4460.22 4459.91 4401.94 4414.33 4413.78 4413.04 4420.82 4411.27 4402.82 4422.21 4459.19 4491.58 4552.2 4591.11 4651.52 4643.68 4637.58 4568.87 4509.42 4510.09 4494.9 4480.17 4513.33 4526.97 4523.37 4541.75 4541.25 4504.64 4480.06 4470.02 4474.57 4491.24 4526.2 4558.24 4566.38 4512.21 4440.78 4598.08 4583.71 4565.1 4536.32 4507.82 4513.03 4518.97 4515.07 4503.25 4503.29 4515.27 4506.37 4497 4497.09 4494.51 4495.57 4493.28
4424.08 4421.25 4417.64 4415.5 4408.77 4401.93 4402.12 4399.84 4412.17 4443.09 4466.04 4476.98 4482.85 4464.65 4463.67 4431.85 4402.01 4411.9 4426.43 4514.35 4450.22 4413.99 4460.11 4523.19 4556.25 4525.14 4546.25 4648.42 4709.3 4715.11 4679.25 4633.89 4586.67 4550.13 4510.92 4504.43 4522.3 4546.16 4573.09 4599.06 4556.21 4507.24 4491.78 4501.82 4518.75 4558.64 4587.6 4592.36 4576.51 4475.5 4585.66 4603.05 4584.35 4579.01 4566.72 4560.07 4559.42 4533.23 4523.89 4528.34 4528.83 4517.59 4518.14 4526.63 4507.83 4493.04 4496.9
4420.32 4417.46 4411 4401.93 4401.95 4401.67 4398.8 4400.15 4407.2 4432.36 4450.9 4432.2 4430.52 4432.46 4420.97 4412.31 4404.7 4418.5 4455.83 4444.51 4441.4 4444.17 4489.18 4529.29 4528.35 4517.44 4565.42 4704.19 4887.51 4789.8 4741.04 4712.65 4637.19 4604.46 4592.79 4538.41 4514.14 4554.18 4589.71 4575.3 4545.2 4519.4 4513.02 4536.13 4555.45 4580.81 4609.22 4613.35 4560.37 4507.34 4594.27 4610.48 4615.31 4627.34 4635.15 4591.16 4542.19 4542.16 4550.27 4558.65 4548.63 4597.53 4636.02 4585.29 4538.56 4499.37 4510.68
4417.71 4413.74 4407.85 4402.4 4400.71 4400.1 4401.94 4403.47 4407.4 4416.82 4412.31 4423.69 4431.68 4434.46 4436.72 4414.1 4425.17 4414.84 4406.06 4473.83 4453.76 4473.47 4523.57 4488.61 4512.47 4523.8 4572.31 4662.89 4690.6 4729.88 4710.6 4653.07 4635.28 4621.87 4620.05 4554.96 4513.63 4559.47 4639.16 4628.99 4552.92 4521.07 4518.85 4534.22 4548.03 4590.44 4625.08 4638.18 4554.5 4532.1 4597.34 4621.55 4623.89 4631.43 4659.83 4611.85 4578.86 4595.33 4605.64 4574.52 4553.11 4602.13 4664.33 4642.36 4592.48 4516.84 4532.2
4410.55 4410.65 4408.43 4405.23 4403.33 4402.63 4403.25 4405.8 4407.4 4406.85 4407.62 4414.1 4430.92 4438.35 4443.04 4418.47 4413.39 4412.74 4412.19 4517.49 4503.72 4484.67 4475.68 4492.76 4515.85 4521.68 4566.1 4627.21 4675.34 4690.07 4673.9 4639.45 4617.69 4598.92 4568.58 4542.66 4524.58 4538.82 4556.57 4569.05 4548.78 4518.42 4528.37 4543.86 4546.96 4604.95 4657.16 4671.94 4571.2 4561.53 4664.96 4661.76 4634.5 4605.82 4591.43 4624.07 4666.13 4709.14 4659.02 4595.64 4565.7 4602.64 4683.65 4693.21 4684.22 4707.86 4704.32
4409.24 4407.9 4407.27 4408.23 4405.96 4404.27 4403 4406.37 4408.72 4408.85 4411.36 4431.18 4431.83 4433.32 4429.89 4412.66 4407.89 4412.33 4430.57 4443.26 4436.96 4462.06 4471.78 4484.03 4507.86 4524.87 4560.49 4615.74 4668.99 4683.27 4656.18 4621.81 4600.11 4586.38 4565.97 4541.39 4521.34 4522.66 4535.4 4546.62 4531.57 4543.68 4588.84 4585.89 4551.56 4684.04 4729.01 4710.88 4607.81 4669.63 4695.65 4700.08 4705.6 4630.9 4602.3 4662.2 4676.92 4652.75 4670.6 4661.6 4679.98 4755.08 4737.86 4729.74 4739.73 4763 4765.26
4401.16 4402.65 4402.74 4402.99 4405.02 4407.49 4403.92 4409.01 4410.77 4410.86 4408.28 4410.03 4421.95 4424.93 4423.46 4419.15 4406.67 4403.68 4407.46 4417.55 4442.35 4452.55 4464.4 4482.89 4512.28 4520.54 4559.03 4607.22 4648.42 4652.97 4631.71 4601.58 4588.07 4586.21 4579.14 4559.6 4530.99 4532.16 4523.96 4596.6 4649.91 4754.54 4764.35 4753.18 4763.18 4865.58 4829.23 4746.84 4609.8 4890.13 4881.25 4864.37 4873.74 4810.68 4755.4 4784.04 4780.96 4734.06 4713.91 4714.01 4745.58 4763.05 4757.05 4764.48 4770.74 4770.2 4766.04
4394.56 4397.58 4398.5 4399.31 4399.91 4401.44 4399.38 4406.76 4413.15 4424.96 4419.97 4426.15 4424.29 4421.52 4417.2 4433.84 4417.61 4399.37 4403.35 4427.84 4446.81 4469.94 4489.31 4507.78 4513.91 4522.45 4555.06 4596.01 4631.15 4635.8 4620.7 4596.91 4591.29 4600.34 4604.65 4606.81 4606.18 4603.13 4628.35 4694.07 4845.34 4972.15 4905.65 4944.81 5044.94 4977.26 4961.23 4880.6 4652.36 4914.85 5042.22 5074.42 5067.05 5138.25 5028.09 4885.51 4872.52 4777.45 4715.55 4733.32 4747.57 4743.45 4777.2 4798.33 4803.92 4785.61 4766.11
4394.11 4395.58 4395.95 4396.29 4396.67 4401.86 4411.68 4407.17 4414.96 4432.08 4432.98 4438.06 4433.65 4425.41 4414.2 4409.76 4413.97 4419.85 4437.46 4456.29 4500.8 4494.73 4503.43 4518.37 4519.68 4523.61 4555.15 4591.14 4620.21 4631.38 4631.36 4620.92 4625.92 4646.12 4661.65 4670.53 4691.7 4680.14 4665.09 4732.16 4791.28 4820.74 4879.67 4897.09 4890.69 4927.51 4998.32 5050.89 4668.58 4904.97 5070.79 5175.31 5025.67 5020.56 4936.63 4799.23 4731.83 4631.83 4639.09 4711.96 4805.64 4797.25 4834.22 4844.08 4854.1 4845.13 4812.98
4391.77 4393.32 4396.28 4393.7 4392.72 4412.69 4481.39 4484.68 4426.92 4435.76 4437.75 4440.06 4454.24 4455.87 4429.55 4418.03 4447.93 4457.69 4456.53 4484.8 4507.6 4506.29 4503.83 4526.63 4523.49 4531.87 4559.64 4586.95 4617.67 4665.5 4654.54 4660.38 4679.06 4703.91 4720.7 4723.18 4720.39 4729.84 4753.31 4756.9 4803.36 4854.02 4799.62 4780.64 4827.4 4835.26 4806.37 4720.71 4358.1 4638.35 4694.19 4676.29 4679.14 4635.41 4626.36 4582.44 4489.78 4455.64 4553.63 4602.35 4664.92 4830.5 4863.33 4854.8 4863.23 4913.71 4987.68
4391.48 4393.55 4394.5 4393.41 4396.61 4443.33 4548.92 4591.39 4617.07 4550.68 4521.87 4526.49 4557.22 4527.95 4474.9 4438.65 4481.69 4482.8 4465.29 4501.36 4510.74 4513 4515.94 4528.69 4562.57 4561.05 4570.48 4590.91 4611.09 4633.75 4675.67 4703.28 4725.28 4845.83 4810.96 4766.09 4747.16 4770.33 4775.4 4716.83 4695.8 4737.22 4626.49 4570.1 4547.75 4443.86 4455.43 4203.4 3981.85 4209.2 4280.64 4313.37 4301.16 4293.33 4374.79 4428.57 4424.09 4499.79 4504.43 4583.33 4694.71 4775.74 4850.04 4810.05 4806.2 4848.37 4988.24
4389.03 4389.83 4396.02 4398.81 4403.66 4461.56 4594.39 4628.64 4598.76 4624.93 4679.92 4735 4722.96 4630.14 4559.03 4536.05 4625.42 4598.84 4505.21 4504.13 4510.77 4523.34 4538.41 4553.88 4546.46 4560.87 4575.17 4596.35 4618.61 4669.29 4696.5 4750.88 4879.06 4802.87 4803.24 4780.08 4758.87 4782.89 4772.54 4613.14 4441.81 4342.1 4357.96 4309.35 4190.05 4135.49 4142.06 3816.82 3768 3903.92 3954.05 3939.76 4020.22 4091.2 4202.46 4319.79 4413.48 4416.69 4363.55 4357.78 4438.15 4586.29 4661.4 4663.86 4684.84 4694.31 4639.49
4386.32 4389.54 4395.34 4412.49 4445.2 4497.14 4582.35 4627.19 4609.93 4604.2 4607.67 4681.56 4714.85 4694.31 4676.19 4668.61 4643.82 4588.53 4506.69 4510.11 4514.5 4528.72 4532.64 4538.74 4532.22 4547.25 4573.43 4598.73 4640.07 4646.26 4685.36 4746.63 4773.36 4763.12 4783.24 4798.37 4811.4 4827.77 4706.29 4502.1 4285.76 4210.56 4153.73 4085.2 4050.61 4005.8 3878 3704.83 3703.72 3748.19 3779.07 3792.36 3853.44 3941.47 4056.38 4195.05 4336.11 4187.48 4151.93 4111.39 4125.36 4239.06 4341.5 4424.75 4499.84 4584.54 4648.95
4384.34 4388.02 4396.47 4418.29 4453.87 4503.63 4544.2 4573.21 4569.22 4584.49 4603.97 4628.17 4655.96 4722.45 4779.77 4725.56 4635.89 4526.93 4513.05 4517.8 4515.87 4535.98 4551.36 4530.64 4532.54 4546.97 4569.54 4591.88 4607.17 4633.73 4687.46 4753.23 4789.11 4779.99 4790.18 4804.94 4830.28 4836.04 4579.74 4395.18 4262.27 4108.58 3992.96 3883.15 3763.85 3676 3558.47 3664.94 3647.78 3662.76 3690.1 3707.09 3695.5 3731.94 3874.5 4004.44 4053.54 3988.89 3940.33 4029.69 3987.75 4000.99 4077.51 4155.82 4265.04 4402.62 4607.34
4382.99 4392.23 4400.17 4416.38 4435.69 4471.52 4507.82 4526.99 4544.78 4572.38 4590.96 4621.02 4647.79 4710.41 4757.92 4646.64 4545.22 4516.55 4517.01 4523.89 4523.4 4525.19 4527.88 4532.76 4537.5 4553.89 4572.63 4591.54 4615.15 4651.49 4704.79 4772.63 4840.79 4843.39 4807.02 4782.11 4737.72 4551.95 4318.38 4199.77 4105.22 3947.96 3812.65 3719.75 3608.65 3561.85 3434.5 3619.81 3592.54 3606.04 3646.69 3690.38 3666.49 3638.05 3728.62 3854.84 3948.32 3712.45 3637.74 3830.3 3802.24 3804.2 3789.59 3896.65 4031.45 4142.95 4261.35
4381.3 4391.14 4405.2 4422.75 4436.52 4464.91 4491.94 4513.26 4541.7 4564.74 4597.08 4636.6 4660.03 4690.47 4678.99 4605.07 4534.82 4520.18 4523 4532.2 4532.51 4546.79 4563.64 4564.63 4555.72 4565.23 4580.26 4598.27 4624.34 4660.93 4714.98 4791.74 4840.39 4843.84 4798.21 4726.03 4609.32 4353.57 4089.25 3985.7 3873.19 3757 3670.88 3607.9 3555.23 3534.04 3493.33 3559.99 3535.72 3554.69 3586.74 3601.48 3567.77 3577.53 3622.42 3694.02 3753.85 3706.48 3731.46 3681.92 3663.02 3657.7 3620.51 3719.73 3821.33 3893.83 3995.5
