real_craters/C195-500m.grd
DSAA
371 371
-92.4175 92.4175
-92.4175 92.4175
2431.3643782294 5046.9193740678
[rows 210 to 239 of 371, columns 268 to 334 of 371]
4169.73 4161.29 4152.73 4151.58 4166.29 4189.31 4206.89 4203.79 4185.79 4178.68 4177.26 4191.29 4197.95 4193.2 4191.35 4187.6 4182.75 4179.92 4177.44 4175.06 4177.05 4184 4195.52 4209.45 4222.93 4233.6 4244.56 4256.23 4260.87 4220.68 4211.11 4194.36 4188.11 4191.42 4196.92 4204.08 4211.24 4206.39 4194.82 4191.24 4186.59 4182.05 4177.34 4170.54 4158.34 4152.13 4151.01 4153.27 4160.32 4164.88 4169.45 4174.61 4161.53 4145.24 4132.91 4127.48 4126.04 4125.84 4124.17 4122.07 4122.47 4121.65 4119.61 4120.22 4122.8 4125.35 4127.74
4169.13 4160.85 4151.83 4146.69 4159.18 4177.64 4193.76 4185.33 4172.9 4176.29 4184.81 4198.17 4199.94 4184.52 4182.7 4181.16 4177.5 4175.71 4175.81 4176.1 4176.76 4180.15 4187.04 4192.97 4202.12 4214.56 4223.29 4229.01 4226.22 4205.61 4201.73 4189.58 4185.87 4189.81 4195.98 4203.38 4211.11 4206.81 4199.29 4196.34 4192.19 4189.4 4186.96 4182.25 4167.27 4154.72 4153.42 4151.76 4153.78 4157.57 4160.9 4160.99 4153.23 4139.58 4127.52 4124.33 4125.21 4127.28 4128.62 4128.53 4126.66 4124.92 4123.52 4122.98 4123.83 4125.08 4126.38
4148.68 4146.28 4144.19 4142.94 4153.49 4165.99 4169.75 4164.87 4166.43 4176.38 4188.38 4200.39 4201.91 4183.13 4175.39 4174.54 4177.7 4175.45 4174.44 4174.73 4175.18 4176.28 4180 4187.04 4189.86 4196.46 4200.17 4198.49 4191.37 4192.7 4192.5 4185.24 4184.96 4187.46 4192.04 4197.07 4199.96 4194.98 4192.14 4191.63 4193.12 4193.8 4194.6 4193.84 4177.45 4159.11 4150.4 4147.31 4145.89 4148.63 4150 4147.45 4140.9 4129.24 4119.25 4120.32 4123.93 4128.81 4134.05 4133.47 4129.78 4127.92 4127.39 4126.12 4125.28 4125 4124.98
4137.05 4134.59 4139.79 4148.8 4158.02 4163.11 4161.85 4160.13 4166.99 4179.7 4191.65 4200.23 4194.41 4178.52 4167.23 4165.45 4168.6 4170.64 4171.49 4172.82 4172.91 4173.69 4173.84 4178.32 4180.29 4182.24 4182.99 4182.23 4184.03 4179.71 4180.43 4181.52 4182.09 4184 4186.94 4189.31 4190.44 4190.12 4189.6 4189.72 4193.38 4196.03 4196.55 4194.19 4173.06 4147.75 4137.87 4135.96 4137.11 4139.75 4140.25 4138.7 4131.26 4120.54 4116.13 4118.29 4122.56 4127.35 4131.37 4129.98 4129 4128.88 4128.3 4127.48 4126.19 4125.21 4123.87
4135.67 4136.74 4147.23 4158.66 4168.76 4169.34 4167.25 4166.34 4175.96 4185.12 4195.05 4200.42 4189.16 4170.35 4159.83 4157.58 4161.95 4164.83 4166.38 4167.8 4169.72 4172.36 4175.8 4172.04 4171.7 4172.05 4171.23 4169.58 4171.31 4170.78 4173.06 4175.24 4177.86 4179.93 4182.26 4183.5 4182.61 4183.71 4189.11 4192.29 4196.16 4196.39 4192.43 4182.27 4158.04 4135.95 4130.32 4129.28 4130.78 4133.02 4132.86 4129.56 4122.51 4117.79 4117.3 4118.63 4121.62 4124.21 4124.79 4124.48 4126.17 4129.06 4130.31 4128.37 4127.04 4126 4124.9
4141.11 4148.37 4162.24 4175.83 4178.52 4178.22 4175.72 4175.18 4180.31 4186.72 4192.91 4195.22 4182.91 4166.14 4157.72 4155.74 4159.3 4163.57 4161.42 4162.32 4166.02 4169.48 4172.38 4166.71 4166.64 4166.25 4164.69 4162.75 4164.88 4168.49 4171.28 4172.73 4174.35 4175.9 4177.7 4180.66 4181.72 4181.2 4190.54 4201.6 4202.44 4193.98 4184.98 4172.17 4147.74 4130.02 4125.23 4127.33 4129.89 4129.42 4128.51 4127.18 4124.92 4121.15 4118.13 4120.42 4122.32 4123.06 4122.11 4120.8 4123.8 4127.73 4129.02 4127.86 4127.48 4127.4 4127.36
4156.53 4166.8 4177.12 4190.1 4189.62 4188.06 4183.82 4180.53 4182.52 4184.72 4188.49 4186.54 4177.35 4167.06 4161.45 4163.42 4162.16 4160.15 4159.88 4160.71 4163.59 4166.24 4166.69 4165.59 4166.09 4165.6 4163.47 4160.97 4165.71 4168.75 4170.41 4171.49 4171.25 4171.3 4171.29 4173 4175.1 4180.01 4187.23 4199.18 4198 4183.79 4171.83 4159.55 4141.02 4127.75 4122.22 4126.86 4128.37 4125.15 4124.16 4124.69 4127.54 4127.07 4126.31 4124.93 4124.49 4124.77 4125.15 4127.14 4126.12 4122.45 4124.09 4126.66 4128.34 4129.16 4129.74
4188.05 4190.06 4191.27 4200.47 4201.5 4200.43 4193.84 4187.72 4183.93 4183.75 4188.13 4184.77 4176.91 4170.6 4167.21 4168.53 4165 4160.4 4159.45 4159.41 4161.23 4163.9 4165.97 4168.36 4169.12 4168.61 4167.78 4167.94 4172.36 4173.68 4174.59 4171.25 4169.66 4167.54 4164.28 4161.46 4162.73 4166.93 4173.75 4179.62 4176.54 4163.89 4150.09 4136.93 4126.45 4118.89 4119.67 4119.85 4118.31 4118.14 4117.78 4117.64 4116.29 4122.72 4125.39 4125.2 4125.5 4126.85 4129.65 4133.3 4130.09 4119.07 4122.2 4126.91 4129.71 4131.22 4131.62
4201.62 4203.64 4203.89 4209.13 4216.43 4214.5 4202.8 4194.19 4193.66 4191.5 4191.3 4184.97 4177.41 4170.84 4170.14 4170.49 4162.27 4155 4154.67 4155.5 4157.71 4161.47 4166.33 4169.13 4171.66 4172.9 4174.96 4178.65 4181.47 4180.89 4182.52 4177.84 4171.1 4165.74 4160.12 4153.42 4153.69 4154.75 4156.21 4155.8 4150.82 4140.78 4128.74 4121.61 4118.01 4115.7 4116.93 4113.68 4111.35 4111.93 4112.21 4111.67 4111.36 4113.88 4117.79 4121.99 4125.55 4126.85 4128.36 4130.03 4130.56 4131.08 4128.59 4130.04 4132.22 4134.08 4134.62
4198.92 4204.7 4200.26 4210.5 4218.55 4216.18 4206 4200.2 4198.47 4196.97 4193.83 4187.7 4177.07 4167.34 4165.1 4162.84 4155.94 4151.59 4148.17 4150.25 4152.98 4156.77 4161.88 4166.45 4170.69 4174.69 4180.04 4184.23 4185.99 4185.27 4183.74 4175.52 4168.36 4164.22 4160.39 4154.28 4146.67 4142.97 4139.77 4134.29 4126.54 4121.82 4115.75 4114.81 4113.36 4112.65 4113.64 4110.31 4107.25 4108.14 4109.17 4109.79 4109.96 4118.08 4127.11 4128.83 4127.75 4126.16 4124.82 4125.49 4130.58 4134.61 4132.71 4132.53 4134.25 4136.86 4138.97
4196.72 4198.53 4199.74 4206.82 4209.68 4204.76 4201.81 4199.13 4197.04 4191.1 4189.32 4184.43 4174.48 4164.96 4159.02 4154.12 4147.83 4145.23 4143.12 4144.93 4147.46 4150.02 4153.34 4158.15 4164.92 4171.65 4178.97 4182.84 4183.78 4182.06 4175.96 4167.57 4162.42 4160.86 4159.93 4151.76 4138.88 4132.4 4127.18 4120.31 4113.32 4111.13 4108.68 4109.69 4109.17 4109.88 4109.78 4108.13 4105.79 4106.76 4108.88 4112.01 4118.21 4133.38 4139.59 4134.24 4129.94 4126.04 4122.82 4122.92 4128.51 4131.33 4131.81 4132.37 4134.23 4137.81 4141.55
4197.18 4198.86 4201.35 4203.45 4199.47 4193.58 4195.66 4196.2 4197.88 4180.92 4183.32 4175.91 4165.88 4158.42 4149.98 4142.3 4132.8 4132.58 4136.74 4139.02 4141.51 4143.25 4145.57 4150.43 4158.03 4163.82 4169.25 4169.98 4177.29 4172.16 4164.1 4157.92 4154.74 4154.4 4154.1 4144.37 4131.28 4124.99 4119.74 4113.35 4106.6 4107.74 4110.35 4110 4107.4 4107.07 4105.27 4106 4105.87 4106.84 4109.67 4114.35 4122.8 4136.75 4141.16 4135.78 4130.17 4125.54 4122.13 4121.01 4124.37 4127.17 4128.69 4129.75 4131.7 4135.14 4139
4188.53 4192.52 4196 4196.67 4192.56 4189.63 4192.06 4194.03 4190.56 4181.88 4175.03 4159.14 4147.67 4144.18 4137.9 4120.71 4108.5 4113.91 4127.08 4132.92 4135.18 4137.37 4139.08 4141.91 4147.68 4152.54 4156.19 4156.79 4160.93 4153.69 4149.08 4147.79 4147.34 4145.43 4141.12 4134.81 4125.8 4121.15 4116.97 4112.34 4107.39 4108.78 4110.12 4107.01 4106.38 4105.43 4104.23 4107.66 4107.07 4107.42 4109.85 4113.74 4118.27 4123.78 4128.75 4130.44 4127.36 4123.35 4121.16 4121.85 4125.26 4125.09 4125.09 4125.98 4127.12 4128.75 4130.79
4180.63 4182.58 4187.25 4190.49 4191.47 4191.84 4189.8 4185.57 4177.59 4170.61 4163.1 4140.16 4124.35 4123.15 4125.64 4104.69 4091.79 4100.28 4120.77 4126.18 4126.86 4129.41 4130.23 4131.69 4135.71 4138.82 4142.6 4143.82 4144.78 4139.97 4136.75 4140.02 4143.44 4136.8 4130.23 4127.29 4124.02 4118.96 4116.58 4115.07 4114.44 4113.46 4111.48 4107.52 4106.62 4107.05 4104.79 4108.2 4107.59 4107.4 4109.54 4112.52 4116.41 4121.02 4124.14 4126 4122.35 4119.12 4117.48 4118.85 4119.24 4119.28 4120.31 4121.27 4121.85 4122.19 4125.5
4181.21 4178.38 4180.31 4182.47 4189.15 4195.8 4188.58 4175.71 4159.26 4151.54 4147.61 4124.85 4105.93 4105.2 4104.83 4098.92 4087.19 4096.1 4115.86 4117.91 4116.21 4112.67 4115.61 4117.77 4118.13 4124.25 4129.67 4134.19 4136.27 4134.66 4131.73 4132.01 4132.18 4127.36 4121.63 4117.03 4115.94 4116.13 4116.06 4117.57 4120.48 4116.39 4109.61 4105.63 4104.21 4104.45 4101.84 4106.7 4107.48 4107.25 4109.09 4111.46 4113.6 4115.89 4121.14 4115.77 4115.39 4113.52 4110.9 4107.52 4107.01 4112.41 4115.69 4117.24 4117.83 4118.92 4124.61
4182.87 4180.98 4178.63 4180.97 4197.85 4198.85 4188.42 4173.88 4156.49 4146.78 4140.38 4118.68 4101.34 4098.59 4101.77 4099.57 4089.92 4099.55 4108.26 4108.64 4107.68 4105.7 4106.3 4107.05 4107.38 4113.76 4117.91 4124.85 4129.2 4129.75 4125 4122.47 4121.4 4119.38 4116.94 4114.74 4113.34 4113.55 4114.17 4115.67 4118.46 4112.29 4104.3 4100.34 4099.07 4098.73 4100.4 4105.88 4107.72 4107.49 4108.86 4110.89 4112.65 4115.16 4117.74 4113.88 4110.82 4108.74 4106.24 4103.59 4104.83 4110.74 4113.66 4115.06 4115.86 4116.7 4122.49
4183.87 4182.18 4180.57 4185.15 4199.77 4197.19 4187.14 4176.82 4165.24 4140.59 4128.12 4115.25 4106.68 4095.3 4092.61 4093.99 4091.32 4098.56 4100.8 4101.26 4101.39 4101.51 4101.27 4101.71 4102.7 4106.38 4109.04 4115.94 4119.33 4118.89 4115.59 4113 4113.28 4115.18 4114.96 4113.64 4112.04 4111.54 4111.32 4110.42 4106.81 4101.81 4099.84 4097.76 4097.9 4099 4102.64 4105.51 4106.84 4107.21 4108.88 4110.69 4112.59 4115.27 4117.15 4111.4 4107.48 4105.86 4104.78 4104.08 4107.69 4112.57 4113.92 4114.93 4115.89 4117.55 4120.12
4187.6 4184.93 4184.69 4189.3 4198.24 4195.55 4185.2 4174.82 4163.73 4132.71 4116.96 4108.19 4096.59 4089.22 4086.81 4086.84 4085.19 4091.9 4097.63 4097.88 4096.45 4095.38 4097.53 4099.87 4104.94 4100.37 4099.74 4107.7 4110.58 4111.35 4110.98 4111.04 4113.5 4117.42 4114.89 4111.22 4110.07 4109.62 4108.82 4106.71 4103.24 4100.94 4100.18 4099.2 4100.41 4101.57 4103 4104.35 4105.58 4107.58 4109.29 4110.53 4111.44 4111.4 4110.99 4106.7 4104.05 4104.05 4105.18 4107.43 4111.57 4113.84 4114.24 4115.26 4116.61 4118.2 4119.76
4197.44 4191.04 4189.71 4192.55 4194.34 4190.63 4179.74 4166.92 4149.85 4132.4 4117.58 4107.19 4089.89 4082.29 4080.89 4081.11 4081.74 4085.29 4090.64 4093.6 4093.98 4094.29 4094.6 4095.17 4094.28 4093.3 4094.3 4098.68 4104.02 4107.89 4110.49 4112.73 4116.67 4121.41 4115.61 4109.82 4109.01 4108.38 4107.31 4105.65 4103.71 4103.51 4101.82 4102.4 4104.94 4104.25 4103.66 4105.38 4108.02 4109.46 4109.91 4110.29 4110.3 4109.98 4107.21 4102.77 4100.92 4103.12 4105.56 4109.02 4111.51 4112.03 4113.72 4115.98 4118.07 4120.08 4123.54
4205.86 4201.6 4196.33 4193.51 4188.81 4182.96 4173.35 4160.68 4145.67 4132.41 4123.83 4115.42 4096.11 4083.45 4079.55 4076.34 4077.34 4077.91 4080.33 4084.95 4089.57 4091.39 4091.35 4091.09 4090.79 4093.28 4097.55 4098.12 4102.47 4107.82 4112.9 4117.79 4121.16 4123.38 4116.87 4111.46 4109.67 4108.04 4106.68 4105.4 4104.45 4102.69 4101.94 4103.77 4107.3 4104.84 4104.19 4105.12 4107.18 4108.15 4110.28 4109.89 4108.9 4107.87 4107.32 4105.3 4103.37 4103.26 4105.04 4107.29 4108.06 4108.95 4112.33 4116.64 4121.4 4125.28 4128.78
4208.54 4206.2 4200.76 4194.43 4187 4178.97 4170.3 4159.3 4147.5 4137.05 4128.23 4122.32 4104.65 4091.04 4084.76 4079.77 4076.17 4073.98 4073.16 4075.48 4083.31 4086.95 4088.05 4088.49 4089.09 4093.83 4102.35 4104.28 4107.6 4110.96 4115.32 4119.36 4122.95 4122.61 4119.86 4114.97 4111.25 4108.66 4106.83 4105.35 4104.59 4102.02 4100.67 4101.16 4102.37 4101.48 4100.04 4101.06 4105.33 4111.22 4111.08 4108.83 4106.87 4105.61 4106.02 4105.12 4102.79 4102.6 4103.9 4105.33 4106.89 4106.51 4110.87 4116.23 4122.86 4128.36 4131.41
4210.72 4205.52 4202.63 4198.07 4192.45 4182.55 4170.89 4160.97 4152.39 4143.7 4131.51 4120.7 4108.11 4101.21 4092.43 4083.55 4077.07 4074.81 4075.51 4077.21 4079.91 4083.32 4085.69 4087.28 4088.74 4093.19 4100.27 4105.69 4108.87 4113.4 4117.48 4121.67 4124.77 4122.72 4120.29 4116.04 4111.9 4108.88 4106.38 4104.28 4102.73 4100.2 4098.17 4097.36 4097.65 4098.07 4097.42 4099.17 4105.8 4111.15 4109.57 4106.58 4103.94 4101.2 4101.03 4101.39 4099.27 4100.52 4102.51 4104.75 4105.49 4106.26 4109.58 4114.07 4118.34 4123.76 4130.54
4216.59 4209.22 4202.49 4199.7 4197.11 4187.5 4173.9 4163.72 4154.6 4145.52 4136.34 4126.75 4116.19 4110.38 4101.7 4093.2 4086.42 4081.04 4077.93 4076.39 4078.14 4081.77 4084.88 4087.26 4089.95 4092.8 4096.07 4104.93 4112.64 4115.18 4118.43 4121.93 4124.12 4121.2 4116.6 4114.04 4111.21 4108.68 4106.39 4103.35 4099.72 4099.45 4096.16 4095.85 4096.49 4097.32 4097.53 4099.43 4104.14 4104.74 4104.15 4103.15 4101.4 4099.17 4098.36 4098.43 4097.9 4098.41 4099.39 4101.3 4103.85 4105.59 4107.7 4111.33 4115.35 4116.22 4116.63
4231.99 4218.82 4207.05 4203.75 4197.14 4190.82 4178.08 4167.56 4155.51 4144.89 4138.52 4131.78 4125.11 4118.29 4109.76 4102.47 4096.03 4092.02 4084.96 4080.15 4078.97 4082.15 4085.36 4088.2 4091.46 4096.73 4097.83 4104.28 4111.14 4115.79 4118.94 4120.35 4123.22 4119.83 4115.3 4112.22 4110.12 4108.1 4106.29 4104.73 4104.24 4105.76 4097.09 4099.08 4099.16 4098.94 4099.32 4100.78 4102.8 4101.46 4100.37 4100.61 4100.16 4099.27 4098.86 4099.33 4098.34 4097.07 4096.21 4097.25 4098.61 4101.43 4104.24 4107.57 4111.05 4110.94 4111.72
4251.55 4240.31 4227.05 4223.34 4210.65 4201.35 4190.2 4172.52 4157.07 4141.81 4134.7 4128.66 4128.17 4121.04 4114.18 4109.28 4103.24 4097.02 4091.76 4086.33 4083.13 4084.58 4087.13 4089.94 4091.5 4099.19 4101.84 4106.47 4111.64 4116.48 4120.09 4121.88 4121.76 4116.67 4113.34 4109.73 4107.59 4106.48 4106.27 4106.55 4107.78 4105.31 4100.36 4102 4101.78 4101.16 4101.14 4102.19 4101.68 4099.99 4099.12 4099.89 4100.23 4100.24 4100 4098.63 4096.96 4096.77 4095.81 4096.79 4098.43 4098.96 4101.51 4104.44 4107.01 4110.83 4113.99
4276.63 4272.03 4261.87 4253.11 4234.4 4218.67 4194.78 4167.06 4145.46 4139.83 4130.77 4122.03 4119.33 4116.32 4112.19 4111.76 4106.17 4102.05 4097.64 4093 4087.65 4087.18 4089.26 4093.08 4097.76 4099.4 4104.51 4109.54 4113.39 4117.24 4121.24 4125.08 4122.72 4111.53 4106.82 4105.4 4104.94 4104.72 4105.3 4106.75 4108.34 4106.67 4104.62 4104.41 4103.83 4102.61 4101.61 4101.19 4102.01 4101.47 4100.2 4101.15 4101.56 4101.14 4099.9 4098.28 4099.22 4098.65 4098.73 4099.22 4099.84 4100.74 4102.99 4105.73 4109.26 4114.78 4118.34
4296.62 4302.22 4299.17 4290.05 4262.23 4237.1 4205.5 4162.81 4134.4 4133.1 4125.03 4114.31 4106.39 4102.01 4102.53 4103.49 4103.82 4103.57 4098.72 4093.4 4087.97 4087.86 4089.93 4094.1 4098.33 4099.48 4103.79 4108.82 4112.48 4116.05 4119.7 4121.54 4114.93 4107.06 4102.31 4102.53 4102.98 4103.22 4103.89 4105.12 4106.49 4105.42 4106.59 4108.13 4106.17 4103.91 4101.83 4100.11 4102.24 4103.76 4103.89 4104.42 4104.27 4103.27 4101.64 4101.65 4100.54 4100.64 4102.04 4103.2 4105.07 4106.29 4107.77 4110.75 4113.73 4118.21 4120.69
4321.12 4332.32 4347.08 4338.62 4296.24 4267.29 4235.4 4179.11 4131.35 4111.14 4112.28 4105.28 4094.69 4092.11 4091.66 4092.69 4098.26 4101.52 4095.31 4087.31 4086.48 4086.78 4088.5 4091.49 4095.39 4098.21 4103.26 4106.44 4109.67 4113.33 4116.27 4116.45 4110.86 4106.67 4101.79 4102.82 4103.06 4102.34 4101.41 4101.66 4105.69 4107.26 4110.98 4111.27 4107.93 4104.67 4102.4 4101.7 4104.4 4108.04 4109.47 4108.76 4107.82 4106.67 4105.08 4103.14 4101.91 4102.05 4103.99 4106.81 4109.19 4111.27 4112.53 4114.06 4115.58 4117.54 4120.61
4337.42 4345.73 4362.91 4362.88 4323.73 4283.21 4256.54 4211.95 4151.97 4109.83 4092.73 4100.77 4087.1 4085 4084.12 4085.71 4087.63 4089.41 4089.04 4086.78 4085.55 4085.3 4086.3 4088.4 4093.38 4096.95 4099.44 4102.05 4105.39 4109.18 4112.48 4113.21 4107.28 4105.16 4104.28 4105.57 4103.92 4101.74 4099.38 4097.74 4101.86 4106.8 4113.65 4111.39 4107.58 4104.32 4102.2 4101.75 4105.48 4111.72 4112.85 4111.79 4110.81 4110.38 4109.94 4108.12 4105.42 4105.18 4108.49 4110.81 4112.49 4113.2 4111.97 4111.23 4115.64 4118.24 4120.76
4330.93 4339.15 4356.6 4365.5 4335.16 4301.39 4271.1 4235.6 4181.95 4126.91 4100.37 4102.91 4094.9 4083.29 4080.76 4081.68 4083.14 4085.19 4086.8 4086.25 4083.89 4084.23 4084.6 4086.03 4092.23 4097.76 4094.32 4095.67 4100.04 4104.28 4107.71 4108.46 4105.07 4108.46 4114.09 4109.47 4104.8 4101.42 4099.03 4099.19 4102.46 4105 4107.98 4107.38 4105.2 4102.83 4100.89 4100.17 4102.84 4107.98 4111.2 4111.46 4111.93 4113.57 4115.96 4116.81 4115.17 4114.23 4115.97 4116.2 4115.04 4112.72 4111.34 4114.58 4119.1 4122.13 4122.52
