real_craters/C195-500m.grd
DSAA
371 371
-92.4175 92.4175
-92.4175 92.4175
2431.3643782294 5046.9193740678
[rows 150 to 179 of 371, columns 268 to 334 of 371]
4232.68 4229.74 4220.68 4212.66 4210.04 4212.46 4219.28 4224.53 4230.35 4226.42 4223.78 4227.44 4230.61 4232.76 4233.15 4228.13 4223.39 4222 4221.74 4221.39 4220.88 4219.71 4219.16 4223.94 4228.63 4218.84 4195.46 4188.52 4193.47 4199.18 4208.53 4219.57 4231.5 4237.38 4242.49 4246.49 4249.89 4252.92 4260.22 4265.7 4274.14 4276.81 4275.51 4272.41 4268.12 4262.96 4255.01 4237.23 4219.62 4207.91 4197.55 4186.52 4182.74 4186.63 4192 4197.68 4198.78 4201.6 4202.55 4199.43 4195.18 4190.39 4186.28 4185.27 4183.86 4180.9 4178.71
4226.12 4225.68 4218.92 4211.82 4211.05 4214.26 4223.13 4230.27 4235.05 4232.35 4218.31 4220.32 4225.98 4230.8 4232.94 4230.56 4223.89 4221.43 4219.52 4218.4 4216.61 4213.91 4215.52 4217.62 4224.02 4213.83 4197.91 4196.14 4198.35 4200.25 4209.92 4219.66 4226.38 4233.55 4239.16 4243.84 4247.99 4252.68 4259.05 4269.73 4275.96 4276.47 4274.06 4269.65 4264.75 4260.58 4254.67 4243.52 4230.57 4220.07 4209.59 4199.76 4197.53 4200.25 4202.96 4210.37 4212.29 4210.67 4210.6 4210.36 4204.6 4196.29 4187.33 4182.82 4184.62 4183.28 4182.35
4228.08 4225.5 4216.57 4209.21 4210.75 4218.3 4226.74 4237.52 4239.35 4233.73 4211.79 4216.58 4224.45 4230.92 4234.57 4233.79 4226.71 4222.82 4219.94 4217.3 4215.74 4214.17 4211.43 4210.46 4203.35 4208.4 4213.3 4213.58 4214.96 4212.57 4219.99 4224.54 4228.19 4233.05 4237.32 4241.13 4245.59 4251.25 4256.62 4269.08 4271.71 4271.39 4269.44 4264.8 4259.84 4255.51 4258.88 4259.16 4247.36 4234.99 4225.69 4219.57 4217.61 4221.57 4226.8 4232.87 4239.16 4235.74 4233.45 4228.68 4218.07 4205.09 4192.89 4187.22 4186.92 4184.87 4184.71
4226.6 4220.52 4213.97 4209.94 4220.12 4228.85 4232.82 4237.86 4239.37 4228.52 4213.05 4219.7 4227.36 4233.7 4238.15 4238.27 4230.69 4224.53 4220.44 4218.11 4217.02 4214.92 4218.03 4213.14 4207.26 4213.82 4224.51 4232.25 4241.42 4244.67 4237.04 4231.98 4229.7 4230.85 4233.86 4237.97 4242.74 4248.19 4254.14 4263.74 4268.27 4267.79 4265.04 4260.27 4255.55 4253.26 4256.59 4263.05 4257.97 4246.93 4240.7 4239.44 4243.08 4251 4267.41 4276.96 4284.2 4284.52 4271.34 4254.11 4234.92 4215.71 4198.83 4189.07 4187.3 4184.23 4183.41
4227.11 4214.52 4214.74 4220.84 4233.6 4238.33 4242.55 4246.67 4248.8 4249.17 4234.39 4232.12 4234.66 4238.33 4242.29 4244.7 4233.67 4224.72 4220.69 4218.6 4218.42 4221.05 4224.05 4223.14 4222.61 4224.09 4230.67 4246.45 4260.57 4263.96 4249.67 4237.36 4228.17 4226.21 4230.03 4234.58 4239.22 4244.02 4248.28 4255.93 4263.08 4264.43 4260.76 4255.57 4250.6 4248.34 4252.82 4258.21 4257.11 4251.8 4250.3 4253.65 4261.51 4278.94 4306.98 4321.86 4330.52 4333.49 4309.25 4280.54 4252.57 4226.14 4202.54 4185.33 4182.7 4181.88 4182.59
4231.02 4214.61 4216.42 4225.61 4235.26 4242.87 4248.9 4253 4254.22 4255.94 4251.4 4244.2 4240.97 4240.82 4242.15 4242.91 4227.85 4222.55 4220.17 4218.35 4217.34 4218.18 4224.54 4230.12 4233.35 4239.85 4246.72 4256.02 4265.04 4264.75 4253.55 4239.29 4225.9 4220.72 4227.03 4232.38 4236.67 4240.07 4244.97 4251.57 4259.17 4260.31 4256.5 4250.39 4244.44 4240.34 4241.88 4244.32 4247.12 4249.17 4253.74 4261.79 4275.57 4298.39 4327.22 4345.81 4362.59 4363.69 4335.32 4300.63 4266.68 4235.03 4206.79 4184.14 4178.94 4179.47 4181.92
4226.31 4217.36 4216.06 4217.81 4222.9 4235.95 4245.69 4251.94 4254.21 4252.37 4251.92 4249.01 4243.72 4239.97 4237.21 4233.71 4224.36 4220.88 4219.73 4218.54 4217.94 4218.75 4224.09 4233.97 4240.38 4243.94 4249.03 4257.56 4270.75 4266.12 4253.58 4240.32 4226.73 4221.35 4227.76 4232.51 4236.18 4239.34 4244.11 4251.01 4257.66 4257.86 4251.73 4244.42 4237.69 4232.56 4231.48 4232.58 4235.59 4243.23 4252.3 4265.22 4284.26 4310.29 4339.18 4362.6 4380.84 4378.8 4350.09 4313.97 4277.51 4243 4211.61 4186.22 4177.84 4178.11 4179.74
4217.48 4219.05 4218.31 4214.77 4213.27 4229.47 4242.65 4250.8 4254.22 4251.3 4252.24 4248.91 4241.02 4235.43 4230.39 4224.98 4221.6 4221.1 4220.52 4220.07 4219.86 4221.72 4228.46 4237.49 4238.27 4226.84 4234.45 4246.24 4258.68 4256.7 4249.24 4241.44 4232.86 4230.32 4232.27 4234.83 4237.27 4239.25 4240.45 4245.11 4248.74 4248.39 4243.53 4236.74 4230.61 4225.96 4224.38 4226.12 4228.66 4237.65 4248.43 4262.78 4283.2 4311.2 4338.35 4365.18 4389.97 4385.36 4355.59 4318.99 4282.7 4248.28 4216.69 4190.06 4179.79 4178.08 4177.34
4221.85 4224.27 4227.24 4224.95 4224.76 4232.19 4243.94 4253.69 4256.39 4249.49 4243.66 4239.68 4233.75 4228.48 4223.31 4217.89 4217.54 4220.67 4222.2 4223.31 4223.19 4226.31 4232.7 4235.53 4233.38 4226.11 4226.63 4229.96 4231.11 4239.07 4241.06 4241.3 4242.84 4237.27 4236.29 4236.95 4239.08 4240 4241.36 4241.03 4238.43 4236.88 4232.83 4227.89 4223.42 4220.1 4220.59 4224.08 4226.43 4232.72 4242.53 4255.7 4274.61 4302.13 4322.67 4356.97 4393.59 4382.19 4349.52 4314.98 4281.12 4249.84 4221.28 4197.34 4183.69 4178.41 4176.1
4228.41 4229.12 4237.29 4237.91 4231.17 4232.64 4244.78 4258.73 4263.64 4243.9 4224.21 4225.93 4224.85 4221.03 4216.71 4211.98 4211.43 4219.3 4224.99 4229.12 4231.87 4234.69 4238.73 4238.83 4235.69 4229.44 4224.63 4220.62 4219.47 4226.7 4232.23 4236.29 4240.18 4239.7 4235.57 4235.46 4238.81 4240.08 4235.32 4231.31 4226.75 4224.45 4221.1 4218.25 4215.75 4214.58 4219.23 4219.81 4221.79 4225.6 4233.28 4244.04 4258.43 4282.32 4298.61 4330.74 4360.91 4354.74 4330.25 4302.15 4273.86 4246.95 4222.97 4202.69 4187.2 4179.17 4176.47
4223.47 4227.67 4237.55 4237.72 4220.03 4225.22 4239.53 4255.42 4254.91 4233.65 4214.85 4221.17 4218.34 4215.26 4212.4 4209.18 4209.61 4221.35 4228.97 4235.6 4240.98 4242.2 4242.42 4238.8 4237.89 4233.32 4225.37 4218.73 4216.81 4220.92 4225.61 4229.19 4229.7 4229.04 4227.87 4228.42 4229.66 4226.95 4221.6 4217.04 4217.9 4213.67 4210.24 4209.07 4208.3 4208.32 4210.06 4210.67 4212.68 4215.71 4220.96 4229.71 4241.29 4260.88 4273.86 4295.33 4309.8 4314.04 4301.74 4282.83 4261.52 4240.07 4220.67 4204.26 4189.74 4179.3 4176.95
4218.67 4224.59 4230.01 4228.55 4209.45 4215.34 4226.68 4231.4 4228.06 4219.93 4215.5 4214.7 4212.28 4210.94 4210.55 4210.47 4215.96 4224.09 4231.26 4238.35 4245.2 4245.63 4239.68 4239.75 4242.5 4235.4 4223.62 4217.96 4215.9 4216.74 4219.58 4221.99 4224.08 4219.18 4218.27 4219.6 4218.96 4217.7 4217.27 4211.6 4208.52 4201.54 4199.15 4201.63 4202.31 4202.63 4202.89 4204.27 4200.19 4203.09 4208.33 4214.48 4221.75 4234.14 4249.72 4262.83 4273.72 4277.98 4273.4 4262.01 4246.87 4230.68 4214.7 4200.73 4187.9 4178.32 4176.71
4210.76 4215.38 4218.73 4214.22 4207.76 4212.28 4216.98 4217.1 4212.72 4208.62 4207.63 4204.18 4205.04 4206.01 4206.99 4210.42 4217.37 4226.99 4231.54 4233.98 4236.37 4241.61 4244.13 4224.9 4231.75 4223.87 4214.94 4210.38 4210.58 4212.51 4214.83 4216.18 4215.44 4213.79 4213.43 4213.87 4213.19 4213.67 4210.66 4203.12 4202.67 4199.52 4198.55 4197.98 4197.64 4196.79 4195.16 4192.76 4189.85 4191.76 4196.62 4200.67 4203.72 4209.16 4223.97 4233.52 4242.18 4248.07 4247.68 4241.33 4231.02 4218.77 4205.81 4193.5 4181.81 4176.58 4175.82
4209.89 4210.68 4212.41 4209.81 4217.67 4215.62 4211.86 4209.14 4203.07 4197.98 4197.43 4196.98 4198.63 4200.49 4202.47 4206.79 4213.58 4224.45 4227.12 4228.18 4229.09 4226.61 4219.24 4217.3 4212.4 4201.75 4203.98 4203.67 4204.39 4206.86 4210.5 4214.47 4214.44 4213.61 4213.08 4211.12 4211.88 4218.47 4209.03 4204.88 4199.94 4197.2 4196.87 4195.3 4193.47 4191.89 4189.09 4186.58 4184.22 4185.06 4188.88 4191.24 4192.86 4198.34 4204.69 4213.85 4220.55 4225.49 4226.34 4223.01 4216.67 4207.78 4197.52 4186.96 4178.1 4175.37 4174.74
4217.57 4213.24 4205.47 4206.14 4211.84 4211.57 4206.4 4199.07 4190.53 4186.2 4188.23 4191.39 4192.71 4193 4195.14 4199.52 4206.36 4216.08 4215.98 4216.99 4220.4 4218.44 4213.6 4206.15 4198.56 4195.69 4196.02 4201.14 4197.63 4198.85 4203.14 4209.29 4209.08 4207.38 4207.23 4207.53 4213.57 4218.74 4209.82 4206.41 4197.06 4194.08 4194.99 4191.82 4189.3 4187 4183.7 4181.26 4181.72 4182.96 4185.03 4187.26 4190.75 4195.57 4198.46 4201.74 4206.5 4210.01 4211.41 4209.4 4205 4198.61 4191.04 4182.96 4175.53 4174.02 4174.29
4218.6 4211.55 4209.64 4210.95 4210.74 4208.4 4200.96 4189.89 4178.53 4172.02 4178.54 4184.17 4182.92 4182.89 4184.74 4188.29 4194.5 4196.48 4196.6 4205.21 4218.72 4231.92 4248.12 4213.24 4189.65 4184.69 4180.87 4181.97 4183.74 4186.17 4190.92 4195.89 4196.86 4196.55 4198.08 4201 4202.62 4203.61 4203.41 4201.95 4193.56 4190.18 4188.33 4187.5 4185.32 4181.72 4178.58 4176.92 4177.35 4179.87 4183.02 4186.07 4190.02 4192.51 4192.19 4194.27 4195.83 4198.63 4199.68 4198.67 4196.21 4191.75 4186.75 4181.4 4177.35 4175.32 4175.08
4211.76 4206.73 4210.54 4208.3 4210.1 4206.09 4197.77 4187.77 4176.02 4165.04 4166.91 4166.62 4168.56 4172.54 4174.64 4174.99 4172.22 4164.47 4173.68 4192.85 4218.89 4246.85 4253.22 4220.01 4183.99 4168.37 4162.92 4164.55 4168.49 4170.23 4173.37 4180.01 4181.29 4182.92 4184.51 4191.91 4194.12 4192.01 4195.36 4196.26 4192.66 4192.53 4190.35 4187.61 4183.27 4179.17 4176.35 4174.66 4175.47 4178.29 4182.14 4186.11 4189.95 4187.43 4184.08 4185.24 4187.06 4189.09 4189.74 4189.34 4188.01 4185.75 4183.34 4181.49 4180.39 4177.84 4176.76
4208.05 4201.23 4200.52 4214.87 4210.49 4203.68 4197 4187.83 4177.3 4165.89 4161.78 4159.56 4161.49 4166.23 4168.12 4165.88 4159.54 4153.16 4160.39 4178.03 4214.64 4242.67 4242.89 4231.41 4193.74 4163.88 4158.79 4159.34 4157.05 4154.75 4152.35 4153.72 4164.52 4172.25 4177.14 4186.75 4192.84 4192.5 4197.21 4199.18 4199.59 4200.1 4196.5 4189.24 4182.98 4178.55 4177.18 4175.98 4175.88 4177.87 4181.48 4184.96 4186.85 4183.25 4179.68 4180.39 4180.13 4182.27 4182.44 4182.48 4181.98 4181.16 4180.57 4180.6 4181.64 4178.81 4178.31
4211.05 4206.39 4202.84 4215.88 4214.46 4205.81 4200.91 4189.24 4175.65 4167.16 4164.1 4162.52 4163.1 4166.31 4167.81 4166.07 4160.43 4152.59 4158.81 4178.18 4210.27 4233.84 4233.46 4229.61 4199.77 4167.3 4158.72 4153.4 4148.82 4144.35 4140.22 4142.69 4154.81 4166.81 4178.96 4183.56 4183.09 4191.23 4206.27 4208.66 4200.83 4199.81 4193.04 4186.52 4183.07 4182.26 4180.9 4179.23 4176.65 4174.99 4180.06 4186.79 4185.02 4180.78 4176.64 4175.66 4175.3 4177.2 4177.48 4177.83 4177.86 4177.58 4177.65 4178.06 4178.73 4179.08 4180.2
4217.19 4225.44 4215.62 4220.33 4223.27 4225.66 4209.11 4192.5 4178.18 4175.48 4171.39 4168.04 4169.45 4172.21 4173.7 4173.61 4173.03 4171.57 4177.05 4191.33 4206.84 4213.22 4213.66 4201.6 4173.01 4154.97 4144.98 4145.57 4143.55 4139.51 4135.62 4139.57 4150.45 4162.26 4172.93 4179.39 4180.74 4184.85 4197.39 4201.12 4195.41 4192.6 4187.18 4182.87 4182.89 4184.68 4185.64 4184.85 4181.57 4176.4 4177.48 4180.19 4180.31 4178.35 4175.44 4172.24 4172.4 4173.04 4173.21 4173.64 4173.73 4174.05 4174.28 4174.72 4175.51 4178.63 4181.82
4219.22 4220.52 4223.43 4223.29 4226.27 4225.41 4211.79 4196.03 4183.28 4177.27 4174.81 4174.6 4178.38 4181.06 4183.17 4185.78 4190.21 4198.41 4204.79 4210.08 4215.94 4216.73 4209.94 4197 4164.07 4151.48 4148.23 4145.9 4142.5 4139.23 4136.56 4140.54 4149.28 4158.81 4168.2 4175.07 4179.57 4186.12 4193.38 4192.41 4188.1 4183.84 4180.22 4178.98 4180.84 4186.29 4191.36 4192.38 4187.69 4182.7 4177.08 4175 4174.9 4176.03 4173.78 4169.74 4169.75 4169.76 4169.96 4170.39 4170.53 4171.08 4171.27 4171.64 4172.1 4175.89 4182.48
4220.64 4223.63 4226.17 4228.12 4224.32 4217.02 4208.41 4197.43 4187.32 4181.32 4181.52 4185.06 4188.72 4191.48 4193.43 4197.06 4203.04 4210.8 4217.21 4221.89 4226.56 4216.55 4207.66 4195.51 4180.77 4168.24 4162.29 4148.67 4142.26 4141.17 4142.24 4144.7 4150.5 4157.79 4165.28 4170.8 4182.93 4190.69 4194.63 4185.37 4175.42 4170.05 4168.36 4171.43 4179.96 4188.9 4197.91 4204.78 4199.33 4189.07 4178.42 4174.26 4172.77 4176.26 4174.22 4170.15 4169.11 4168.98 4169.07 4169.31 4169.58 4169.7 4169.53 4169.46 4170.35 4174.94 4183.19
4216.62 4222.12 4223 4223.63 4216.51 4210.96 4203.93 4197.24 4192.26 4190.93 4192.77 4196.5 4201.35 4199.89 4201.21 4205.34 4210.3 4217.3 4224.85 4225.54 4220.2 4202.38 4207.77 4205.76 4191.16 4176.38 4157.62 4145.6 4139.65 4140.63 4148.21 4146.43 4150.82 4158.19 4165.27 4174.87 4188.1 4187.89 4182.42 4175.03 4165.68 4162.04 4163.73 4170.37 4180.24 4191.54 4201.9 4207.76 4206.16 4190.36 4175.67 4172.16 4171.8 4175.39 4175.11 4170.41 4168.86 4168.72 4168.69 4168.88 4168.11 4167.86 4167.74 4168.01 4169.24 4173.96 4181.9
4204.94 4202.72 4198.3 4198.91 4203.81 4201.64 4198.11 4195.11 4194.35 4195.68 4199.33 4207.03 4206.22 4203.54 4204.69 4208.44 4213.78 4220.11 4225.76 4223.46 4207.47 4187.88 4203.47 4212.05 4197.84 4183.65 4155.19 4140.41 4132.97 4129.38 4132.17 4139.62 4148.39 4159.79 4174.62 4187.46 4182.35 4178.81 4173.4 4167.29 4161.58 4161.25 4166.64 4177.23 4187.3 4194.96 4204.51 4213.82 4210.84 4190.12 4172.93 4168.94 4168.4 4170.92 4170.07 4167.61 4169.11 4169.86 4170.13 4169.7 4169.27 4168.37 4167.68 4167.24 4167.32 4170.24 4178.36
4195.26 4205.07 4194.51 4192.7 4197.57 4197.33 4194.5 4190.22 4188.71 4190.98 4198.86 4204.19 4204.7 4202.94 4204.66 4208.43 4213.72 4220.8 4227 4211.58 4191.65 4181.42 4188.23 4195.26 4194.97 4187.29 4158.42 4138.77 4127.89 4118.88 4119.86 4131.86 4144.58 4156.62 4167.44 4170.74 4167.44 4165.32 4163.86 4162.16 4160.35 4163.65 4172.45 4181.28 4190.34 4194.51 4200.97 4207.54 4202.21 4185.9 4173.01 4169.22 4166.91 4166.74 4166.64 4169.25 4171.71 4172.93 4173.02 4172.31 4171.21 4169.86 4168.57 4167.67 4166.48 4167.66 4174.33
4191.66 4199.89 4190.3 4189.85 4194.72 4191.34 4186.66 4183.45 4181.66 4182.78 4187.93 4192.35 4195.82 4199.34 4202.01 4205.24 4209.54 4213.66 4211.7 4204.21 4187.5 4184.1 4190.99 4192.74 4189.21 4179.43 4158.84 4143.56 4129.87 4115.91 4116.88 4129.18 4141.53 4152.15 4158.3 4157.74 4153.63 4157.64 4157.96 4157.81 4159.4 4163.15 4168.43 4173.72 4182.58 4186.33 4190.88 4192.45 4189.4 4180.68 4173.25 4172.18 4167.64 4164.74 4165.92 4174.19 4176.6 4177.05 4176.72 4175.62 4174.11 4172.27 4170.31 4168.5 4167.52 4167.37 4171.96
4188.73 4193.52 4189.77 4195.32 4194.67 4185.8 4176.85 4178.61 4175.69 4171.06 4170.89 4182.74 4192.7 4194.75 4196.55 4199.78 4203.61 4208.02 4210.42 4209.59 4199.39 4195.48 4199.31 4195.61 4187.16 4175.88 4170.01 4158.78 4142.12 4125.04 4124.49 4132.7 4141.18 4150.38 4157.73 4151.4 4149.5 4152.6 4152.55 4152.75 4153.55 4155.16 4157.32 4159.63 4166.98 4173.27 4179.24 4183.24 4184.19 4180.99 4176.54 4178.09 4168.69 4162.64 4165.83 4176.38 4179.76 4180.47 4179.65 4178.16 4176.34 4174.17 4172.29 4170.45 4169.72 4172.16 4178.01
4183.36 4190.93 4199.68 4199.05 4191.3 4187.71 4186.62 4181.61 4175.81 4170.91 4169.22 4178.65 4188.96 4187.03 4189.79 4192.87 4195.42 4197.48 4200.41 4201.74 4202.29 4203.17 4204.24 4199.2 4190.84 4180.37 4180.46 4174.12 4160.74 4148.19 4142.09 4141.2 4143.14 4145.96 4150.05 4148.88 4146.71 4145.04 4146.83 4147.19 4146.98 4146.37 4145.72 4143.09 4150.24 4160.18 4168.16 4174.11 4177.92 4179.35 4177.48 4175.01 4168.08 4161.51 4164.98 4175.77 4182.62 4183 4181.51 4179.78 4177.9 4175.88 4173.83 4171.97 4170.23 4169.26 4171.27
4186.53 4192.55 4197.99 4190.61 4185.41 4189 4194.01 4184.28 4177.65 4176.96 4174.89 4176.73 4179.83 4179.96 4183.58 4185.6 4186.48 4188.9 4191.25 4195.91 4200.09 4207.08 4208.41 4202.86 4193.87 4186.14 4182.37 4179.24 4174.47 4170.84 4158.79 4150.91 4146.45 4143.46 4144.62 4146.35 4145.32 4142.87 4143.56 4143.37 4142.15 4140.4 4140.57 4139.28 4142.38 4150.9 4159 4165.18 4169.45 4173.08 4169.95 4170.22 4168.18 4165.67 4164.16 4178.08 4185.68 4184.57 4182.75 4180.77 4179.37 4177.56 4175.64 4174.25 4171.87 4168.37 4166.49
4192.42 4195.63 4199.2 4194.9 4187.88 4188.51 4185.41 4180.64 4175.22 4169.92 4169.63 4171.21 4174 4177.75 4179.09 4180.46 4179.72 4177.41 4184.82 4194.04 4202.99 4211.13 4213.59 4206.29 4196.21 4184.64 4181.31 4179.66 4178.27 4174.63 4166.11 4158.05 4151.6 4144.57 4144.81 4146.38 4145.58 4144.17 4142.25 4140.9 4139.63 4138.88 4138.92 4138.47 4140.07 4145.69 4152.6 4159.21 4165.95 4169.64 4169.7 4170.06 4169.94 4167.92 4167.68 4176.6 4183.51 4183.39 4182.8 4182 4181.09 4180.03 4178.55 4177.25 4175.57 4174.03 4173.17
