real_craters/C195-500m.grd
DSAA
371 371
-92.4175 92.4175
-92.4175 92.4175
2431.3643782294 5046.9193740678
[rows 240 to 269 of 371, columns 67 to 133 of 371]
4027.02 4037 4045.61 4041.45 4029.64 4019.67 4014.89 4013.95 4017.35 4020.58 4023.92 4028.52 4035.71 4040.05 4039.8 4037.18 4034.17 4032.7 4033.58 4031.78 4033.22 4035.41 4037.53 4038.9 4038.89 4036.68 4031.51 4025.54 4018.78 4014.23 4013.9 4009.68 4008.26 4008.02 4008.61 4008.21 4011.33 4015.65 4018.87 4021.46 4024.22 4028.09 4038.57 4051.83 4061.31 4068.86 4069.55 4074.2 4090.97 4115.22 4127.4 4134.52 4135.99 4142.94 4147.08 4156.76 4179.74 4208.11 4238.81 4268.14 4284.61 4288.43 4286.4 4282.42 4277.4 4266.89 4252.13
4024.49 4032.27 4037.01 4030.44 4019.74 4012.79 4007.55 4003.05 4008.01 4013.65 4019.54 4029.3 4039.7 4039.35 4037.62 4035.8 4033.47 4032.25 4032.14 4031.89 4032.32 4035.28 4036.95 4036.52 4033.63 4030.43 4025.47 4019.43 4013.11 4010.06 4006.89 4003.47 4003.86 4004.09 4005.25 4005.95 4009.54 4014.86 4019.24 4023.06 4028.32 4036.45 4045.03 4055.19 4065.26 4073.41 4072.41 4074.6 4082.9 4095.02 4117.93 4135.97 4150.37 4147.2 4138.74 4142.66 4170.74 4203.37 4238.79 4273.85 4297.87 4298.99 4294.88 4290.17 4284.26 4273.5 4256.37
4023.96 4026.66 4024.07 4010.46 4008.06 4004.61 4001.78 4001.83 4001.14 4005.04 4009.83 4018.26 4027.62 4032.07 4033.36 4033.39 4030.13 4028.43 4026.7 4026.8 4029.45 4036.54 4037.64 4036.26 4031.93 4027.96 4022.26 4015.54 4008.41 4003.35 4000.79 4000.07 4000.68 4003.66 4007.31 4009.85 4012.84 4017.39 4021.24 4024.7 4029.16 4037.42 4047.86 4060.23 4067.07 4071.02 4070.7 4071.3 4073.03 4079.19 4099.54 4129.45 4149.48 4145.96 4138.28 4140.55 4162.89 4194.73 4231.42 4270.36 4300.89 4299.34 4294.19 4291.35 4288.23 4274.34 4258.1
4021.4 4023.43 4023.25 4008.37 4002.58 3999.56 3995.44 3994.17 3992.93 3988.49 3998.5 4007.68 4018.64 4022.89 4024.67 4024.91 4022.07 4019.86 4019.5 4032.12 4044.8 4041.39 4038.84 4037.63 4036.56 4029.31 4021.46 4013.41 4005.56 3999.47 3997.98 3998.52 4002.75 4008.98 4014.21 4017.88 4020.96 4022.79 4024.55 4026.42 4028.5 4033.91 4047.39 4059.04 4064.08 4063.74 4067.81 4070.57 4073.82 4076.49 4090.16 4116.73 4135.96 4138.94 4136.47 4133.83 4154.37 4181.99 4214.21 4250.48 4284.6 4281.54 4279.66 4282.71 4286.95 4278.22 4260.99
4019.95 4021.25 4019.87 4009.46 4003.72 4000.51 3997.59 3994.1 3990.89 3988.83 3992.66 4001.38 4008.98 4013.62 4015.22 4014.06 4014.29 4013.22 4016.53 4030.8 4044.55 4038.85 4037.11 4036.67 4035.07 4029.27 4021.15 4013 4005.57 4002 4004.41 4005.11 4010.88 4020.02 4024.49 4027.17 4030.58 4028.14 4028.27 4030.15 4033.86 4039.68 4048.43 4055.24 4058.39 4062.81 4067.8 4071.35 4074.88 4074.59 4081.7 4095.35 4113.07 4129.61 4137.25 4133.69 4144.54 4165.44 4188.29 4211.51 4236.2 4243.24 4250.42 4262.33 4279.1 4278.64 4263.02
4019.81 4018.96 4013.67 4010.73 4007.62 4006.87 4004.17 4002.19 3994.47 3986.59 3985.66 3992.68 3999.31 4005.48 4009.46 4011.16 4013.32 4014.72 4018.27 4023.88 4023.82 4029.07 4032.36 4033.77 4032.66 4027.86 4021.07 4013.59 4006.46 4003.56 4006.53 4012.99 4022.81 4031.55 4034.27 4033.23 4031.04 4030.47 4031.12 4033.57 4039.09 4045.28 4052.01 4057.65 4059.87 4065.08 4069.41 4072.88 4074.68 4077.31 4079.6 4081.82 4095.08 4115.2 4127.04 4123.45 4134.27 4149.87 4162.47 4168.83 4177.55 4196.81 4212.82 4228.61 4249.77 4261.19 4258.19
4023.72 4022.95 4023.38 4018.08 4014.96 4016.34 4019.99 4014.99 3998.38 3985.02 3979.29 3982.08 3991.67 4000.78 4008.53 4013.91 4021.15 4027.11 4028.19 4024.2 4022.07 4024.5 4028.32 4030.99 4031.03 4026.87 4020.92 4014.75 4008.59 4003.36 4003.71 4019.26 4032.36 4040.48 4041.81 4037.72 4033.19 4032.03 4033.09 4035.21 4038.59 4046.79 4056.36 4065.41 4067.59 4069.29 4072.59 4076.58 4081.1 4085.56 4084.61 4083.11 4089.71 4100.98 4110.38 4119.7 4130.38 4140.1 4147.1 4147.37 4151.25 4163.77 4176.99 4187.91 4198.05 4228.54 4249.23
4027.32 4033.71 4034.93 4029.38 4024.04 4021.99 4022.36 4013.59 3999.05 3986.25 3978.71 3979.58 3988.28 4000.15 4011.51 4022.06 4033.45 4035.86 4029.22 4024.42 4021.72 4022.69 4026.34 4028.36 4028.58 4026.33 4022.28 4016.48 4011.26 4005.64 4008.32 4015.94 4030.51 4043.64 4046.8 4040.26 4034.7 4033.15 4034.97 4038.13 4040.52 4049.94 4060.55 4068.66 4073.23 4071.98 4073.82 4080.28 4085.59 4089.46 4081.46 4080.02 4085.1 4092.9 4100.37 4114.17 4126.38 4136.05 4143.67 4146.96 4143.94 4144.52 4150.17 4153.88 4163.12 4199.53 4235.52
4041.14 4049.29 4048.47 4037.51 4028.18 4021.07 4016.15 4007.54 3998.33 3989.41 3979.27 3976.76 3989.19 4003.33 4016.1 4028.26 4034.4 4030.35 4026.79 4022.92 4021.56 4023.4 4026.99 4028.13 4028.09 4026.96 4022.96 4017.19 4008.97 4000.47 3999.24 4007.51 4022.99 4039.06 4044.22 4038.42 4033.19 4032.49 4037.15 4043.14 4051.83 4057.52 4065.75 4072.76 4073.1 4072.53 4077.84 4085.63 4088.32 4087.24 4078.74 4077.14 4082.3 4090.43 4100.03 4110.3 4121.4 4136.21 4146.08 4151.78 4145.18 4138.07 4134.96 4130.31 4129.72 4158.86 4184.84
4055.07 4059.37 4052.61 4037.43 4024.3 4013.73 4004.64 3999.57 3998.54 3999.37 4004.6 3998.07 4002.56 4011.32 4020.53 4028.41 4032.25 4029.62 4023.99 4020.69 4021.73 4025.46 4030.86 4035.01 4034.18 4030.17 4024.48 4017.89 4010.21 3996.5 3997.82 4006.96 4016.99 4026.6 4032 4033.16 4032.81 4034.91 4039.82 4045.79 4051.82 4060.9 4069.6 4077.04 4072.04 4077.89 4092.89 4094.22 4090.52 4083.02 4076.65 4075.5 4080.92 4090.29 4101.93 4115.1 4129.65 4141.22 4149.2 4154.52 4147.4 4139.18 4129.3 4118.94 4113.38 4125.29 4136.54
4057.01 4055.26 4044.86 4029.27 4014.04 4004.97 4000.62 3994.58 3999.85 4009.45 4019.5 4024.35 4019.04 4019.77 4024.18 4028.87 4032.64 4027.94 4021.13 4018.39 4021.4 4027.6 4035.16 4041.65 4039.88 4033.67 4025.88 4017.96 4010.85 3999.22 4001.68 4009.22 4013.43 4017.51 4022.8 4029.77 4034.3 4037.57 4043.71 4048.6 4054.21 4062.03 4070.33 4076.7 4077.37 4086.42 4103.6 4101.97 4095.49 4088.08 4075.22 4073.19 4079.9 4091.42 4104.33 4120.43 4139.52 4145.06 4148.79 4148.47 4145.77 4139.73 4126.96 4115.83 4108.09 4105.41 4105.06
4047.31 4037.62 4032.52 4019.54 4003.69 3996.82 4002.77 3993.13 3999.99 4017.5 4033.69 4025.6 4026.93 4024.95 4025.72 4027.21 4028.2 4023.82 4017.69 4013.93 4021.69 4030.07 4037.49 4043.43 4042.45 4036.88 4029.69 4019.63 4008.24 4008.84 4013.41 4015.94 4016.06 4017.86 4023.72 4031.68 4039.11 4046.92 4048.56 4052.02 4056.95 4061.9 4069.15 4075.53 4079.34 4088.82 4102.6 4105.48 4100.01 4087.73 4071.28 4068.79 4078.88 4092.59 4109.18 4126.48 4134.48 4142.99 4148.98 4147.94 4141.63 4132.24 4121.66 4113.64 4105.72 4094.84 4086.03
4037.19 4033.27 4026.06 4013.41 3999.75 3993.97 3999.39 3991.19 4000.54 4022.97 4042.71 4042.88 4031.84 4026.23 4022.91 4022.11 4022.6 4017.8 4016.68 4019.4 4024.51 4030.56 4036.14 4041.24 4042.43 4039.77 4035.47 4027.26 4017.81 4014.24 4012.53 4012.94 4017.55 4021.37 4028.71 4036.94 4043.79 4049.43 4049.35 4048.6 4052.27 4058.89 4065.95 4072.21 4076.62 4084.52 4103.77 4104.65 4093.87 4078.91 4066.34 4067.54 4078.29 4092.24 4108.54 4123.99 4129.49 4139.82 4150.81 4150.28 4135.83 4121.6 4110.33 4104.54 4097.78 4088.61 4082.14
4032.35 4031.74 4023.46 4010.73 4000.99 3997.93 4000.9 4002.09 4011.5 4024.91 4040 4039.98 4029.19 4022.03 4017.45 4013.84 4010.05 4009.01 4015.45 4024.57 4027.44 4027.45 4031.34 4038.72 4041.25 4042.99 4043.94 4042.72 4032.44 4019.51 4011.35 4016.59 4024.04 4028.27 4038.08 4044.38 4047.07 4048 4047.39 4045.38 4047.97 4055.33 4061.68 4067.59 4073.18 4079.59 4094.48 4095.14 4083.19 4071.38 4065.11 4069.79 4077.47 4090.26 4103.94 4115.53 4125.96 4137.05 4145.19 4141.87 4126.28 4106.75 4094.95 4092.15 4087.5 4081.71 4075.87
4031.99 4030.88 4017.12 4008.54 4001.57 3996.09 3999.55 4009.73 4018.2 4022.09 4023.2 4021.96 4017.56 4013.43 4010.06 4006.03 4002.34 4003.04 4013.61 4024.68 4030.12 4028.92 4028.38 4032.67 4038.95 4044.31 4049.34 4056.02 4048.36 4023.26 4022.26 4033.19 4037 4043.5 4046.99 4049.66 4050.28 4049.06 4047.58 4047.69 4049.64 4054.15 4059.03 4064.29 4070.34 4078.89 4084.4 4083.85 4076.23 4067.57 4065.5 4064.5 4074.95 4088.43 4101.72 4113.82 4128.28 4138.17 4136.37 4130.35 4118.4 4102 4090.23 4086.59 4080.12 4074.02 4067.14
4036.04 4035.83 4014.33 4007.3 4004.46 4003.81 4006.13 4012.17 4016.39 4017.74 4015.96 4007.33 4004.96 4004.8 4004.53 4003.04 4000.08 4001.76 4013.22 4027.05 4034.81 4034.57 4033.34 4032.09 4037.97 4042.86 4046.33 4047.34 4035.43 4027.78 4035.99 4041.64 4047.67 4050.53 4054.66 4057.81 4053.26 4049.56 4047.36 4046.55 4049.93 4054.37 4058.77 4062.85 4066.4 4068.27 4071.25 4070.44 4064.89 4063.16 4063.7 4065.08 4073.9 4087.4 4101.89 4116.53 4129.59 4135.52 4134.25 4125.11 4113.89 4103.47 4094.37 4081.32 4073.61 4067.96 4062.25
4040.64 4028.38 4013.09 4008.37 4009.06 4012.77 4012.9 4014.54 4014.92 4012.97 4009.77 3999.55 3995.69 3996.82 3999.36 4005.04 4006.21 4004.49 4013.67 4026.12 4035.51 4038.23 4040.64 4038.52 4039.22 4040.67 4040.87 4035.75 4029.09 4035.18 4045 4052.29 4056.77 4057.87 4059.03 4058.4 4053.22 4047.79 4044.1 4048.24 4051.04 4055.27 4059.84 4062.32 4063.63 4064.21 4064.66 4062.42 4056.79 4058.2 4064.11 4065.68 4073.59 4086.53 4100.99 4115.92 4126.4 4129.54 4125.3 4116.77 4108.02 4099.96 4090.16 4072.39 4068.47 4064.06 4058.92
4043.81 4033.14 4014.57 4010.06 4012.71 4017.15 4019.68 4016.55 4011.81 4006.45 3999.51 3993.12 3989.66 3990.47 3992.6 3995.74 4000.14 4003.72 4011.57 4020.76 4028.79 4034.31 4042.75 4040.68 4039.87 4040.37 4040.14 4037.69 4039.6 4047.25 4053.2 4058.57 4061.26 4059.85 4057.25 4053.53 4050.21 4048.23 4046.57 4048.12 4051.47 4055.51 4059.84 4061.13 4061.75 4062.09 4061.64 4057.82 4054.4 4052.56 4055.42 4063.7 4072.33 4085.04 4097.39 4108.89 4115.96 4113.08 4107.12 4103.24 4099.2 4094.22 4085.56 4077.25 4069.02 4062.5 4056.6
4036.39 4028.3 4013.13 4012.8 4015.71 4019.15 4022.78 4016.78 4008.52 4000.58 3993.4 3988.4 3985.4 3985.6 3986.49 3987.7 3993.94 4003.36 4010.68 4014.33 4016.16 4023.98 4028.38 4033.64 4037.66 4040.81 4044.04 4048.13 4054.57 4063.69 4061.52 4060.58 4060.63 4057 4051.66 4047.13 4048.35 4050.96 4054.97 4051.38 4051.62 4054.34 4057.47 4058.7 4059.26 4059.48 4059.6 4060.35 4054.37 4049.2 4053.64 4065.63 4074.79 4084.25 4091.76 4097.79 4100.08 4095.85 4087.93 4088.55 4089.3 4089.54 4089.57 4080.89 4069.79 4060.92 4054.57
4027.35 4020.5 4016.34 4016.5 4017.72 4019.73 4020.36 4014.34 4004.54 3995.53 3989.75 3984.95 3983.03 3982.25 3983.41 3985.13 3991.91 4000.29 4006.01 4009.94 4012.95 4018.53 4022.96 4029.73 4035.51 4040.89 4047.21 4051.5 4057.71 4066.48 4065.99 4063.5 4061.54 4058.2 4055.23 4052.53 4050.66 4050.22 4051.1 4050.21 4049.36 4050.65 4052.91 4054.87 4056.38 4057.33 4056.65 4058.08 4053.15 4049.06 4055.59 4071 4081.82 4083.02 4085.53 4086.05 4080.17 4075.14 4072.6 4075.92 4078.38 4081.09 4085.31 4078.11 4065.95 4057.33 4050.76
4019.99 4017.61 4019.89 4019.17 4017.5 4016.58 4015.71 4009.53 3999.29 3991.36 3984.96 3980.54 3977.59 3979.84 3983.67 3986.84 3992.11 3997.8 4003.88 4007.01 4011.72 4015.84 4020.9 4027.98 4033.06 4039.07 4047.89 4061.98 4065.76 4058.15 4062.51 4060.51 4058.27 4056.39 4057.58 4053.19 4049.43 4045.61 4043.36 4044.34 4045.13 4045.48 4046.76 4050.25 4053.28 4055.82 4059.09 4054.8 4048.38 4050.83 4059.02 4069.08 4073.41 4077.09 4079.55 4079.46 4075.43 4069.22 4066.99 4067.32 4067.21 4067.25 4068.11 4062.69 4056.88 4052.66 4048.04
4018.5 4016.72 4018.11 4017.88 4013.8 4011.22 4008.62 4002.35 3992.45 3986.25 3980.67 3977.13 3975.74 3979.12 3985.15 3993.16 3993 3995.38 3998.38 4003.3 4007.83 4012.64 4017.68 4022.99 4028.96 4033.89 4038.64 4045.16 4048.77 4051.95 4052.76 4050.01 4047.19 4047.25 4047.85 4044.52 4040.91 4039.22 4038.55 4040.52 4042.01 4041.88 4042.77 4046.84 4049.71 4052.03 4052.74 4049.39 4045.95 4053.03 4057.72 4060.24 4062.91 4071.15 4075.06 4076.18 4076.91 4072.81 4066.25 4060.89 4056.93 4051.97 4044.64 4041.18 4046.67 4048.69 4048.22
4013.66 4012.08 4009.98 4006.89 4006 4003.99 3998.99 3992.31 3985.39 3975.78 3973.94 3975.19 3976.96 3979.1 3981.72 3984.83 3989.83 3992.6 3995.8 4000.4 4005.03 4009.24 4014.38 4020.85 4025.86 4028.45 4028.12 4029.48 4028.55 4029 4032.57 4036.76 4037.24 4038.03 4035.88 4033.12 4030.72 4033.48 4036.16 4038.52 4041.1 4043.09 4044.23 4045.9 4047.59 4048.24 4048.12 4044.72 4046.35 4056.74 4058.6 4057.11 4066.24 4070.51 4071.61 4072.08 4071.57 4068.21 4061.35 4054.35 4049 4042.61 4033.51 4036.19 4043.72 4047.84 4050.02
4004.58 4005.03 4002.16 3997.25 3997.01 3995.63 3991.25 3985.91 3984.09 3981.78 3976.18 3974.33 3974.5 3976.03 3978.96 3982.07 3986.94 3990.3 3993.74 3998.35 4003.87 4008.06 4015.83 4021.99 4025.03 4025.39 4024.3 4020.75 4019.03 4018.96 4022.08 4027.96 4031.86 4031.61 4029.04 4027.2 4026.52 4030.35 4035.9 4037.25 4041.24 4043.81 4044.58 4044.47 4044.96 4045.17 4044.63 4045.37 4053.17 4061.54 4062.17 4061.87 4066.57 4067.8 4066.94 4066.22 4064.53 4062.42 4053.42 4048 4043.58 4040.67 4044.05 4045.9 4047.07 4050.44 4053.02
4003.27 4001.44 3999.03 3995.2 3989.68 3987.17 3986 3984.67 3983.75 3983.89 3977.11 3972.83 3971.81 3973.27 3978.85 3984.07 3986.43 3989.23 3991.71 3997.6 4006.8 4016.95 4020.26 4025.75 4025.03 4023.05 4020.44 4017.38 4012.79 4016.9 4023.74 4023.16 4022.39 4021.12 4021.5 4022.25 4024.42 4029.06 4032.89 4039.63 4039.63 4041.53 4041.83 4042.29 4043.11 4043.97 4044.71 4047.29 4056.03 4062.04 4062.26 4063.36 4062.55 4061.41 4060.32 4060.01 4058.44 4055.19 4049.5 4044.34 4040.4 4037.78 4037.5 4044.3 4049.21 4053.27 4056.55
4002.16 3998.88 3995.61 3992.93 3984.19 3981.44 3981.34 3982.3 3980.6 3975.76 3971.01 3969.83 3970.08 3972.33 3977.51 3982.72 3986.37 3989.58 3993.12 3998.66 4006.46 4015.47 4016.98 4019.73 4021.04 4019.89 4016.56 4014.73 4015.46 4018.4 4021.08 4018.9 4015.48 4013.59 4016.56 4020.72 4025.59 4029.66 4032.96 4033.65 4034.16 4032.87 4036.93 4039.84 4041.87 4043.32 4045.61 4048.49 4055.41 4058.16 4055.45 4053.27 4050.77 4049.14 4051.49 4053.96 4054.76 4050.04 4045.78 4041.57 4038.79 4036.54 4037.26 4044.31 4051.32 4056.52 4060.08
3999.43 3993.92 3988.91 3982.93 3975.14 3974.46 3975.7 3977.64 3976.23 3968.23 3965.86 3967.6 3969.33 3971.46 3977.97 3983.14 3986.55 3989.76 3993.81 3998.53 4000.41 4003.09 4007.34 4012.44 4015.82 4016.52 4018.4 4018.42 4021.65 4019.98 4017.36 4014.78 4011.87 4010.87 4013.32 4017.85 4022.89 4027.55 4030.96 4031.35 4031.4 4032.28 4035.45 4038.64 4040.86 4042.49 4043.75 4042.24 4048.33 4049.03 4043.82 4038.25 4035.18 4036.28 4042.76 4048.54 4053.46 4055.62 4045.4 4041.06 4039.4 4038.53 4041.42 4049.81 4057.33 4060.18 4061.8
3991.3 3986.85 3980.82 3973.6 3968.3 3967.54 3969.38 3970.26 3967.92 3965.1 3965.57 3967.59 3970.53 3974.71 3979.98 3984.05 3986.59 3988.67 3991.03 3992.8 3991.87 3990.68 3996.93 4003.11 4008.37 4010.74 4014.62 4016.75 4017.63 4017.61 4014.74 4011.28 4008.4 4007.36 4009.37 4014.46 4019.49 4024.7 4029.2 4028.77 4029.92 4034.12 4036.65 4038.67 4040.28 4041.59 4041.55 4041.48 4041.18 4037.44 4031.19 4024.24 4021.96 4029.02 4037.34 4043.03 4046.45 4046.85 4045.66 4043.33 4041.35 4041.68 4046 4055.59 4063.89 4062.14 4062.53
3984.14 3979.49 3973.74 3966.91 3959.54 3962.34 3964.5 3965.28 3964.9 3964.87 3966.1 3969.59 3973.24 3976.83 3981.84 3985.5 3986.79 3987.17 3987.37 3987.68 3985 3982.16 3985.87 3992.79 3997.75 4003.8 4007.96 4013.01 4016.7 4015.54 4011.81 4008.05 4004.8 4002.3 4005.62 4011.42 4019.1 4026.98 4029.54 4027.78 4029.43 4036.77 4037.85 4038.52 4039.57 4040.86 4041.67 4039.81 4035.37 4029.66 4020.46 4012.52 4010.15 4025.53 4034.38 4038.85 4040.84 4043.02 4044.42 4042.7 4042.6 4043.56 4047.68 4052.76 4053.52 4062.58 4064.22
3976.56 3973.3 3969.18 3963.93 3960.84 3961 3962.35 3963.22 3963.71 3964.93 3968.63 3973.2 3977.38 3980.78 3986.56 3987.45 3986.32 3985.38 3983.7 3980.06 3981.38 3983.51 3984.16 3988.84 3994.15 4000.18 4006.13 4011.44 4013.9 4011.11 4008.15 4005.2 4002.71 4001.48 4004.64 4012.03 4020.12 4027.92 4029.43 4028.73 4032.22 4037.18 4036.35 4036.39 4037.07 4038.24 4039.06 4034.43 4029.53 4019.49 4012.55 4006 4003.83 4018.58 4029.55 4035.4 4040.88 4042.07 4042.13 4045.69 4042.57 4043.27 4048.04 4056.23 4068.37 4066.93 4066.38
