real_craters/C195-300m.grd
DSAA
617 617
-92.4175 92.4175
-92.4175 92.4175
2431.1615125919 5065.8618070045
[rows 60 to 89 of 617, columns 201 to 267 of 617]
4193.61 4190 4190.7 4190.32 4183.53 4179.44 4178.76 4178.27 4177.95 4177.16 4176.69 4176.7 4177.51 4179.65 4183.28 4187.48 4191.41 4194.31 4195.58 4198.25 4201.86 4202.72 4203.3 4208.24 4212.16 4214.36 4214.6 4210.15 4207.36 4202.51 4195.57 4188.84 4182.8 4178.46 4176.02 4175.02 4179.63 4182.4 4187.41 4188.57 4191.2 4193.78 4199.45 4199.09 4199.99 4201.93 4204.78 4208.94 4211.93 4212 4207.91 4202.05 4194.95 4187 4178.58 4170.81 4165.72 4160.93 4156.11 4151.34 4147.32 4144.81 4145.39 4147.47 4147.64 4144.8 4141.33
4190.34 4185.48 4182.02 4177.06 4176.25 4174.92 4177.16 4175.92 4172.74 4170.89 4169.91 4169.63 4169.91 4171.4 4175.65 4179.9 4183.82 4186.96 4189.18 4192.43 4197.14 4201.24 4203.16 4204.58 4206.75 4208.85 4211.62 4214.01 4205.45 4197.81 4190.8 4184.04 4177.91 4172.99 4169.45 4167.92 4168.14 4170.65 4173.66 4175.89 4174.98 4180.72 4184.43 4187.85 4190.36 4192.58 4194.94 4196.24 4198.51 4199.88 4197.19 4191.91 4185.18 4177.55 4169.81 4163.08 4157.72 4152.79 4147.85 4142.83 4138.14 4133.89 4132.98 4132.5 4133.76 4134.24 4133.18
4190.39 4183.75 4179.5 4175.5 4169.97 4168.14 4170.79 4169.56 4166.3 4164.14 4163.1 4162.88 4163.61 4166.11 4169.11 4173.28 4177.74 4181.85 4185.3 4188.45 4194.21 4199.13 4201.31 4200.54 4201.06 4201.84 4202.42 4202.86 4198.02 4191.36 4184.54 4177.95 4172.24 4166.75 4162.16 4158.57 4156.01 4155.67 4159.89 4162.06 4163.22 4168.07 4171.97 4176.87 4180.62 4183.34 4185.51 4186.56 4188.56 4189.8 4187.23 4182.33 4176.05 4168.86 4161.23 4154.97 4150.17 4145.21 4140.15 4135.13 4130.19 4125.69 4122.93 4121.44 4123.14 4125.1 4125.75
4194.19 4186.4 4179.3 4178.02 4168.73 4162.07 4160.23 4159.23 4158.02 4156.81 4156.27 4156.23 4157.21 4158.81 4162.77 4167.32 4172.36 4177.82 4183.93 4191.04 4191.1 4191.54 4193.02 4194.13 4194.62 4194.34 4191.89 4188.34 4187.63 4183.67 4178.18 4171.92 4165.63 4159.85 4155.03 4150.61 4148 4146.54 4149.07 4150.45 4153.77 4159.66 4164.33 4168.5 4172.01 4174.89 4177.35 4179.42 4181.04 4180.71 4177.98 4173.47 4167.73 4161.23 4154.56 4148.63 4143.64 4138.75 4133.67 4128.57 4123.58 4119.25 4115.42 4113.67 4115.84 4118.32 4119.77
4196.42 4186.27 4173.85 4171.93 4163.2 4155.06 4149.62 4149.31 4149.38 4149.11 4149.14 4149.65 4150.99 4153.31 4157.16 4161.55 4166.89 4173.04 4179.77 4184.77 4185.02 4183.09 4184.83 4187.31 4188.56 4188.63 4187.76 4185.34 4181.57 4177.47 4172.31 4166.13 4160.1 4153.86 4148.5 4144.96 4141.22 4139.57 4142.71 4147.16 4151.13 4154.57 4158.1 4161.25 4164.31 4167.13 4169.33 4171.28 4172.59 4171.7 4169.45 4165.28 4160.11 4154.4 4148.52 4143.13 4138.15 4133.34 4128.42 4123.44 4118.36 4112.8 4109.24 4108.94 4111.52 4113.92 4115.41
4194.97 4182.07 4167.41 4163.22 4155.76 4148.17 4143.23 4141.75 4141.63 4141.78 4142.12 4142.93 4144.54 4147.79 4151.02 4155.14 4160.73 4167.06 4173.31 4177.94 4178.96 4178.03 4179.34 4181.72 4183.38 4183.88 4183.22 4181.21 4177.03 4172.09 4166.34 4160.72 4154.1 4147.39 4140.75 4134.09 4128.74 4130.75 4136.93 4145.57 4149.3 4149.99 4151.27 4153.56 4157.23 4159.57 4161.15 4162.26 4162.77 4163.42 4161.58 4157.52 4152.69 4147.95 4143.21 4138.05 4133.3 4128.71 4124.04 4119.69 4115.29 4111.31 4108.72 4107.98 4110.11 4111.62 4112.78
4194.54 4180.11 4165.3 4155.9 4148.3 4142.07 4137.81 4135.69 4135.1 4135.17 4135.54 4136.15 4137.41 4139.2 4142.56 4147.84 4153.92 4160.39 4166.86 4172.24 4174 4172.82 4174.81 4177.07 4179.03 4180.02 4178.39 4176.23 4172.52 4167.24 4161.13 4154.67 4148.04 4141.22 4134.44 4127.92 4123.09 4124.14 4129.47 4136.37 4142.32 4143.63 4146.57 4150.32 4151.17 4152.5 4153.29 4153.48 4153.25 4154.25 4153.26 4149.56 4145.09 4140.96 4137.48 4132.81 4128.62 4124.92 4120.98 4117.37 4113.99 4111.35 4109.57 4110.72 4111.11 4111.55 4112.01
4192.51 4180.34 4166.32 4153.43 4143.39 4137.09 4132.78 4130.35 4129.37 4129.14 4129.26 4129.7 4130.59 4132.2 4135.48 4140.6 4146.71 4153.34 4159.81 4165.74 4169.36 4170.58 4170.55 4172.28 4174.76 4177.39 4178.94 4174.78 4168.39 4162 4155.51 4148.92 4142.68 4135.96 4129.65 4123.7 4119.76 4119.75 4121.36 4124.4 4129.87 4134.45 4139.15 4142.82 4144.49 4145.53 4145.86 4145.65 4144.83 4145.53 4144.98 4141.6 4137.12 4132.36 4128.77 4126.52 4124.31 4121.81 4119.16 4116.62 4114.19 4112.62 4113.25 4114.15 4113.44 4113.05 4112.88
4190.58 4177.7 4166.15 4154.25 4142.36 4133.6 4128.34 4125.83 4124.49 4123.61 4123.31 4123.73 4124.45 4125.53 4128.35 4133.4 4139.51 4146.06 4152.15 4157.17 4159.53 4161.77 4164.23 4166.18 4168.83 4172.43 4176.89 4171.01 4163.38 4156.75 4150.04 4143.57 4137.33 4131.21 4125.27 4120.73 4119.29 4116.7 4114.35 4113.15 4118.07 4124.91 4130.62 4135.24 4137.34 4138.65 4139.06 4138.95 4138.4 4138.5 4137.66 4134.2 4129.79 4124.35 4120.87 4121.26 4121.01 4119.92 4118.49 4117.11 4115.45 4114.82 4115.75 4116.93 4115.58 4114.76 4114.2
4183.22 4174.04 4164.01 4153.18 4140.38 4131.57 4125.75 4122.18 4120.42 4119.28 4118.66 4118.43 4118.76 4119.37 4121.04 4126.66 4132.57 4138.9 4144.87 4150.46 4154.16 4154.51 4157.14 4158.92 4160.85 4162.27 4161.82 4160.62 4156.1 4150.58 4144.75 4138.66 4132.62 4126.83 4121.11 4115.75 4112.14 4111.84 4109.6 4108.35 4111.94 4117.42 4123.11 4127.48 4130.61 4132.28 4132.88 4132.95 4132.69 4131.97 4130.08 4127.05 4123.84 4120.84 4118.85 4119.09 4119.33 4119.27 4118.71 4117.92 4117.05 4116.39 4117.68 4117.5 4116.71 4116.33 4115.7
4178.24 4167.32 4158.87 4148.85 4137.1 4126.9 4122.03 4119.24 4117.2 4115.62 4114.58 4113.91 4113.84 4114.85 4117.22 4121.34 4126.2 4132.07 4138.26 4144.26 4149.72 4150.19 4150.66 4150.95 4151.94 4152.39 4151.77 4150.31 4147.84 4143.8 4139.15 4133.75 4128.42 4123.19 4117.91 4112.97 4109.48 4110.36 4107.79 4105.45 4107.16 4111.96 4117.41 4122.57 4125.32 4126.66 4127.35 4127.33 4126.67 4124.82 4121.6 4119.96 4119.03 4118.89 4118.41 4118.34 4118.89 4119.64 4120.04 4119.88 4119.46 4117.92 4116.27 4116.54 4117.68 4118.09 4117.51
4167.6 4156.07 4149.85 4142.16 4133.18 4125.37 4120.24 4116.62 4114.03 4112.05 4110.66 4109.65 4109.4 4110.19 4112.93 4115.58 4119.63 4125.19 4131.15 4136.76 4140.22 4142.72 4143.42 4143.13 4143.52 4143.53 4143.12 4142.23 4140.48 4137.51 4133.44 4129.16 4124.52 4119.98 4116.06 4113.16 4113.54 4113.25 4108.94 4105.73 4105.15 4108.68 4113.49 4117.52 4120.24 4121.92 4122.54 4122.29 4121.17 4119.2 4114.72 4114 4114.61 4115.74 4116.63 4117.76 4119.08 4120.78 4122.47 4123.42 4123.37 4121.75 4119.15 4119.2 4121.19 4121.77 4120.71
4157.95 4147.81 4141.5 4135.56 4129.28 4125.58 4118.8 4114.26 4111.24 4109.04 4107.24 4106.01 4104.89 4104.51 4105.17 4107.49 4112.39 4118.38 4124.31 4129.53 4132.86 4134.35 4135.6 4136.17 4136.05 4135.82 4135.31 4135.09 4133.96 4131.6 4128.84 4125.28 4120.9 4117.2 4114.02 4112.26 4112.93 4113.16 4111.11 4108.3 4106.05 4108.23 4111.83 4114.62 4116.77 4118.48 4118.9 4118.14 4116.07 4112.32 4109.88 4109.61 4110.82 4112.71 4114.8 4117.23 4119.92 4122.74 4125.37 4127.83 4129.61 4129.95 4126.78 4126.15 4128.56 4127.22 4124.51
4153.46 4141.16 4133.99 4128.56 4123.3 4118.58 4114.94 4111.01 4108 4105.69 4103.65 4102.13 4100.7 4099.38 4098.14 4099.98 4105.98 4112.33 4118.2 4123.31 4126.58 4126.25 4127.74 4128.96 4129.39 4130.53 4130.44 4129.8 4128.74 4126.79 4124.45 4121.66 4118.1 4114.77 4111.49 4109.36 4110.98 4114.15 4114.02 4112.08 4110.35 4110.71 4112.38 4114.21 4115.9 4116.61 4116.62 4115.41 4113.04 4110.14 4107.24 4106.29 4107.89 4110.48 4113.09 4116.62 4120.49 4124.57 4128.59 4132.52 4136.65 4141.9 4145.27 4144.55 4139.69 4134.11 4128.85
4148.63 4137.67 4130.18 4120.4 4117.3 4114.24 4110.61 4107.65 4105.26 4103.07 4101.25 4099.65 4097.82 4096.06 4094.85 4096.16 4101.57 4107.67 4113.09 4117.4 4119.14 4118.61 4120.6 4122.1 4123.2 4124.4 4125.07 4124.75 4123.89 4122.6 4120.81 4118.52 4116.21 4113.21 4110.18 4107.37 4109.88 4114.17 4116.02 4114.94 4113.5 4113.28 4113.79 4114.57 4114.67 4116.11 4115.68 4113.99 4111.49 4109.22 4106.14 4104.66 4105.1 4107.25 4110.94 4115.79 4121.17 4126.57 4131.7 4136.55 4141.44 4148.18 4155.71 4159.54 4148.05 4138.96 4132.05
4144.77 4136.05 4128.56 4118.47 4112.37 4108.91 4106.23 4104.05 4102.13 4100.54 4099.2 4097.85 4096.11 4094.74 4093.47 4094.04 4099.36 4105.24 4109.74 4112.5 4113.81 4113.8 4114.45 4115.82 4117.49 4120.45 4120.45 4120.37 4120.09 4119.62 4118.63 4117.17 4115.18 4112.77 4110.39 4109.91 4111.23 4113.91 4115.8 4115.3 4114.66 4114.73 4114.88 4115.91 4117.7 4117.25 4115.79 4113.34 4110.2 4106.47 4103.69 4102.33 4101.64 4103.68 4108.59 4115.01 4121.75 4128.75 4134.99 4140.12 4143.64 4145.01 4149.75 4155.65 4147.16 4139.44 4133.07
4137.83 4128.89 4122.42 4113.47 4107.29 4103.63 4102.23 4100.96 4099.36 4098.28 4097.25 4096.45 4095.46 4094.87 4094.52 4095.09 4100.4 4105.13 4108.56 4109.51 4108.25 4107.94 4108.66 4110 4111.49 4112.93 4115.17 4116.41 4117.07 4117.11 4116.91 4116.1 4114.79 4113.14 4111.19 4108.96 4112.93 4116.2 4115.33 4114.06 4113.47 4114.01 4114.16 4116.22 4118.57 4118.62 4116.43 4113.16 4109.22 4105.01 4101.38 4098.69 4097.45 4099.85 4106.58 4114.6 4122.82 4131.12 4138.75 4144.78 4147.89 4146.38 4146.29 4142.41 4140.91 4137.21 4132.47
4131.02 4124.22 4117.73 4110.56 4103.72 4100.32 4099.22 4098.23 4097.02 4096.27 4095.61 4095.28 4095.39 4096.01 4097.96 4101.25 4104.27 4106.88 4109.4 4111.45 4109.33 4103.81 4104 4105.3 4106.66 4108.14 4110.76 4113.23 4114.8 4115.54 4116.11 4115.94 4115.66 4114.79 4113.81 4113.49 4115.68 4118.5 4115.78 4111.93 4109.59 4108.73 4110.63 4114.67 4119.28 4119.79 4116.9 4113.11 4109.02 4104.76 4100.48 4096.15 4094.51 4097.9 4105.86 4115.12 4124.61 4133.97 4142.94 4151.16 4157.07 4157.04 4152.39 4144.83 4139.11 4135.6 4131.67
4125.31 4119.98 4112.13 4105.99 4102.67 4099.46 4097.24 4096.03 4095.12 4094.41 4094.39 4094.47 4095.2 4096.69 4099.71 4104.23 4106.61 4108.02 4109.92 4111.61 4108.71 4101.97 4101.3 4102.61 4103.91 4105.6 4108.36 4111.18 4113.26 4114.74 4115.5 4116.1 4116.48 4116.8 4116.89 4117.04 4117.43 4117.7 4113.96 4108.54 4104.73 4102.56 4105.51 4111.34 4117.56 4119.22 4116.52 4112.94 4108.86 4104.5 4099.97 4093.65 4092.21 4097.38 4106.51 4116.55 4127.07 4137.12 4147.06 4157.09 4167.38 4174.89 4162.82 4147.83 4139.17 4135.96 4131.73
4120.66 4115.5 4106.88 4101.84 4099.83 4097.49 4095.31 4093.88 4093.14 4092.76 4092.7 4093.09 4094.04 4095.8 4098.68 4102.33 4105.2 4107.38 4109.2 4108.92 4106.7 4102.49 4101.23 4101.93 4102.86 4104.77 4107.57 4110.5 4112.55 4114.33 4115.64 4116.77 4117.71 4118.83 4119.8 4119.56 4117.75 4114.39 4108.31 4104.37 4100.55 4097.72 4100.89 4107.43 4113.35 4116.14 4115.61 4112.92 4109.08 4104.46 4098.82 4093.43 4092.86 4099.39 4109.28 4119.44 4129.64 4139.58 4149.27 4159.15 4169.46 4177.17 4166.11 4153.49 4144.48 4138.48 4132.73
4116.4 4110.97 4102.14 4098.41 4097.07 4095.02 4093.22 4092.09 4091.15 4090.73 4090.74 4091.16 4092.22 4093.82 4096.08 4098.92 4102.01 4105.42 4108.52 4110.28 4107.45 4104.21 4102.5 4102.74 4103.43 4105.11 4108.32 4110.9 4112.76 4114.33 4115.69 4117.1 4118.41 4120.26 4122.12 4121.39 4117.47 4113.01 4106.44 4101.8 4098.27 4096.03 4098.48 4104.76 4111.05 4115.23 4115.17 4113.45 4110.42 4106.23 4101.29 4096.18 4095.35 4104.35 4114.15 4123.61 4132.63 4141.32 4149.54 4157.1 4163.19 4165.47 4161.93 4155.76 4150 4140.74 4133.96
4111.82 4107.1 4098.84 4095.33 4094.67 4091.99 4090.6 4089.74 4089.22 4089 4088.99 4089.31 4089.88 4091.02 4092.57 4094.86 4098.02 4101.94 4106.65 4110.95 4107.01 4102.62 4101.07 4103.81 4108.25 4110.14 4110.77 4111.93 4113.3 4114.65 4115.94 4117.14 4118.25 4119.62 4121.57 4120.47 4116 4110.56 4105.3 4101.16 4097.79 4095.77 4097.59 4103.61 4109.79 4114.15 4115.7 4115.15 4113.28 4110.3 4106.76 4103.82 4106.29 4114.28 4122.05 4129.56 4136.62 4143.44 4149.42 4154 4156.26 4156.89 4155.89 4152.07 4145.73 4140.29 4134.41
4106.18 4103.31 4097.94 4092.45 4087.84 4088.76 4088.35 4087.88 4087.03 4086.75 4086.56 4086.82 4087.08 4087.47 4088.28 4089.53 4091.74 4096.15 4101.62 4105.62 4102.78 4098.95 4097.91 4102.34 4111.53 4112.95 4111.94 4112.56 4113.68 4114.82 4115.93 4116.66 4117.28 4117.37 4115.67 4115.93 4114.54 4110.34 4105.99 4101.92 4098.57 4096.96 4098.65 4104.39 4110.36 4115.06 4117.63 4118.2 4117.32 4116.04 4115.8 4117.97 4124.31 4127.22 4131 4135.93 4141.15 4146.26 4150.32 4152.43 4152.27 4151.68 4151.34 4148.48 4144.51 4139.07 4134.51
4100.11 4099.88 4097.28 4092.11 4088.6 4087.36 4086.89 4086.45 4085.91 4085.36 4084.88 4084.56 4084.19 4084 4084.04 4084.1 4084.94 4089.16 4094.33 4097.92 4096.49 4093.89 4092.58 4096.58 4101.21 4107.24 4110.41 4112.34 4113.71 4114.78 4115.68 4116.23 4116.48 4116.25 4115.27 4114.97 4114.47 4112.63 4107.95 4102.73 4099.55 4099.22 4101.74 4106.6 4112.57 4118 4121.27 4122.35 4122.02 4121.49 4122.53 4126.88 4134.99 4136.96 4138.55 4141.93 4145.97 4149.98 4152.82 4153.71 4152.41 4151.35 4149.82 4146.13 4141.02 4137.5 4134.92
4094.86 4096.1 4094 4091.32 4088.76 4086.76 4085.87 4085.37 4084.85 4084.14 4083.53 4082.84 4082.11 4081.29 4080.35 4079.57 4079.67 4082.4 4086.39 4089.38 4090.5 4090.01 4089.03 4093.09 4094.87 4103.42 4109.2 4112.2 4113.7 4114.66 4115.27 4115.63 4115.78 4115.72 4116.01 4114.93 4114.25 4112.23 4105.95 4100.95 4100.01 4100.82 4103.74 4109.06 4115.97 4122.69 4126.65 4127.48 4126.52 4125.41 4125.31 4127.9 4135.59 4140.02 4142.94 4146.65 4150.68 4154.4 4157.06 4157.95 4156.23 4154.32 4151.46 4146.37 4140.21 4137.28 4136.77
4092.55 4093.36 4090.93 4089.18 4087.47 4085.96 4085.11 4084.62 4084.07 4083.45 4082.69 4081.6 4080.48 4079.38 4077.73 4076.15 4075.03 4076.64 4080.23 4083.72 4086.53 4089.02 4092.38 4097.31 4101.97 4106.84 4110.72 4112.88 4113.87 4114.39 4114.55 4114.74 4114.75 4114.67 4114.09 4113.67 4112.76 4110.96 4105.05 4101.2 4101.22 4102.16 4105.01 4110.88 4119.91 4129.03 4133.86 4133.31 4131.06 4128.54 4126.57 4126.83 4133.18 4139.5 4144.53 4149.62 4154.43 4158.63 4162.12 4164.09 4164.32 4160.74 4155.52 4149.64 4143.43 4140.47 4140.85
4090.06 4089.14 4087.25 4086.18 4085.57 4084.71 4084.51 4084.01 4083.44 4082.8 4081.86 4080.82 4079.5 4078.1 4076.02 4074.32 4073.08 4073.64 4075.7 4079.71 4084.53 4089.29 4095.38 4103.68 4112.11 4113.02 4113.87 4114.2 4114.3 4114.19 4113.73 4113.51 4113.28 4113.52 4113.21 4111.67 4109.75 4107.63 4105.67 4104.29 4104.2 4104.39 4104.64 4112.09 4124.31 4135.39 4141.14 4138.45 4134.99 4131.42 4128.3 4126.94 4132.47 4138.51 4146.06 4152.46 4158.33 4163.16 4167.11 4170.47 4171.22 4166.65 4160.71 4154.82 4149.46 4146.65 4146.98
4084.72 4083.5 4083.15 4084.09 4084.37 4083.94 4083.81 4083.62 4082.99 4082.4 4081.52 4080.43 4079.23 4077.6 4075.78 4073.98 4072.59 4072.12 4073.86 4078.57 4084.52 4090.27 4095.87 4106.49 4116.93 4117.21 4116.54 4115.6 4114.3 4113.34 4112.55 4111.78 4111.02 4110.75 4110.98 4109.28 4107.49 4106.22 4107.12 4108.2 4108.82 4109.99 4111.93 4119.73 4129.99 4138.75 4143.4 4141.81 4138.59 4134.9 4131.4 4129.08 4132.54 4139.71 4148.5 4155.99 4162.29 4167.48 4171.42 4174.27 4175.4 4170.75 4165.4 4160.11 4155.64 4153.35 4153.76
4081.14 4080.18 4080.54 4081.82 4083.28 4083.82 4084.08 4083.93 4083.72 4083.4 4082.51 4081.58 4080.4 4078.88 4077.18 4075.27 4073.32 4072.5 4074.31 4080.34 4086.74 4092.88 4099.69 4109.55 4117.56 4118.36 4117.51 4115.96 4113.9 4112.58 4111.42 4110.3 4108.85 4106.2 4105.51 4107.4 4107.72 4107.82 4109.05 4111.38 4113.5 4117.11 4123.53 4130.69 4136.13 4141.46 4144.57 4143.8 4141.85 4139.47 4136.88 4131.57 4135.95 4144.21 4153.12 4160.02 4166.12 4171.5 4175.55 4176.82 4174.73 4173.27 4168.74 4163.95 4160.51 4159.24 4158.95
4080.04 4078.58 4080.05 4081.3 4083.16 4083.88 4084.07 4084.34 4084.32 4083.87 4083.41 4082.82 4082.04 4080.68 4079.45 4078.28 4077.2 4078.11 4082.25 4085.64 4090.77 4096.4 4102.41 4109.75 4116.98 4117.77 4116.5 4114.79 4112.43 4110.9 4109.66 4108.72 4107.89 4107.01 4106.51 4107.24 4108.06 4108.81 4110.03 4112.64 4116.42 4121.96 4129.12 4135.98 4141.18 4144.15 4144.98 4145.2 4144.82 4144.27 4144.96 4148.35 4146.66 4154.94 4159.16 4164.07 4169.24 4174.67 4179.98 4183.66 4181.87 4176.85 4170.77 4165.4 4161.56 4160.08 4159.68
