real_craters/C195-750m.grd
DSAA
247 247
-92.4175 92.4175
-92.4175 92.4175
2435.0083708854 5058.7211231825
[rows 38 to 75 of 247, columns 84 to 167 of 247]
4088 4092 4100 4110 4100 4085 4080 4088 4093 4098 4101 4106 4116 4133 4152 4157 4143 4134 4133 4136 4137 4136 4132 4128 4125 4118 4103 4089 4082 4082 4092 4102 4098 4091 4087 4089 4088 4094 4094 4094 4111 4118 4128 4128 4114 4106 4102 4101 4099 4104 4108 4112 4115 4117 4117 4111 4102 4100 4105 4107 4112 4115 4117 4121 4126 4124 4126 4132 4133 4129 4128 4130 4136 4148 4161 4163 4157 4173 4194 4207 4211 4199 4189 4190
4085 4087 4091 4094 4090 4077 4071 4085 4093 4099 4107 4113 4119 4128 4135 4143 4136 4127 4117 4118 4120 4123 4121 4119 4120 4113 4102 4084 4078 4078 4091 4106 4106 4103 4091 4085 4084 4085 4086 4086 4099 4104 4115 4117 4112 4107 4102 4103 4108 4108 4111 4112 4113 4113 4110 4109 4110 4107 4110 4109 4109 4109 4109 4115 4116 4120 4124 4128 4127 4128 4128 4129 4130 4148 4165 4154 4155 4154 4192 4221 4206 4192 4187 4176
4082 4080 4077 4074 4078 4085 4095 4091 4095 4101 4106 4113 4120 4125 4127 4127 4131 4127 4118 4118 4119 4118 4116 4118 4117 4111 4103 4082 4075 4074 4081 4101 4104 4102 4092 4089 4082 4078 4081 4085 4093 4101 4105 4108 4109 4108 4106 4114 4126 4121 4116 4114 4111 4109 4105 4106 4107 4108 4111 4112 4110 4108 4109 4110 4113 4114 4116 4118 4121 4124 4127 4131 4129 4132 4133 4142 4149 4155 4174 4188 4192 4190 4168 4156
4079 4075 4068 4063 4071 4085 4091 4094 4094 4093 4106 4115 4124 4130 4129 4120 4122 4129 4121 4117 4119 4116 4113 4113 4109 4106 4101 4084 4075 4071 4075 4089 4095 4092 4088 4088 4078 4076 4081 4086 4092 4097 4109 4108 4107 4109 4117 4130 4134 4128 4119 4114 4110 4107 4104 4103 4102 4107 4109 4112 4113 4107 4105 4110 4107 4109 4112 4115 4121 4125 4130 4131 4130 4127 4124 4130 4137 4140 4160 4190 4197 4192 4151 4145
4082 4076 4070 4069 4075 4084 4098 4099 4099 4104 4106 4117 4126 4131 4124 4114 4114 4122 4113 4112 4116 4115 4109 4103 4098 4097 4096 4086 4078 4072 4075 4079 4083 4081 4082 4083 4076 4077 4084 4094 4097 4097 4101 4102 4102 4106 4114 4121 4122 4121 4117 4113 4109 4106 4104 4103 4107 4114 4115 4107 4103 4106 4108 4118 4114 4109 4110 4114 4122 4132 4140 4138 4132 4125 4120 4125 4129 4131 4143 4158 4174 4160 4148 4139
4086 4080 4078 4079 4085 4090 4089 4091 4101 4105 4108 4117 4124 4127 4115 4109 4112 4122 4130 4119 4120 4119 4111 4096 4089 4086 4084 4082 4083 4084 4082 4079 4078 4082 4085 4081 4079 4079 4087 4097 4100 4099 4095 4092 4096 4100 4102 4105 4106 4113 4116 4114 4110 4106 4102 4102 4107 4117 4114 4110 4109 4110 4114 4121 4115 4110 4111 4112 4121 4130 4136 4135 4132 4124 4123 4124 4125 4126 4133 4142 4161 4158 4155 4143
4090 4084 4080 4082 4088 4095 4096 4102 4107 4110 4112 4119 4123 4123 4112 4108 4109 4115 4117 4120 4124 4127 4126 4108 4087 4081 4076 4080 4086 4092 4083 4076 4077 4088 4112 4089 4094 4088 4091 4094 4097 4095 4093 4092 4095 4098 4097 4096 4114 4117 4117 4115 4111 4106 4103 4104 4109 4111 4113 4112 4114 4113 4112 4123 4127 4124 4113 4110 4117 4123 4125 4127 4131 4119 4121 4122 4124 4124 4128 4144 4158 4162 4167 4157
4094 4087 4080 4084 4092 4100 4109 4117 4121 4123 4125 4124 4124 4120 4111 4105 4104 4105 4108 4117 4124 4134 4145 4137 4106 4085 4075 4078 4081 4080 4077 4074 4077 4087 4107 4095 4099 4095 4094 4093 4084 4095 4097 4097 4099 4102 4104 4097 4124 4123 4118 4114 4109 4105 4103 4104 4109 4110 4106 4110 4117 4116 4115 4125 4124 4118 4114 4113 4116 4122 4122 4123 4123 4114 4117 4121 4121 4119 4121 4132 4142 4156 4171 4172
4100 4092 4083 4089 4096 4107 4115 4122 4126 4126 4126 4128 4129 4128 4118 4102 4098 4097 4101 4107 4119 4132 4144 4137 4113 4091 4076 4073 4074 4071 4073 4075 4081 4085 4085 4090 4100 4096 4093 4093 4086 4081 4093 4104 4103 4107 4118 4133 4120 4123 4119 4114 4110 4106 4102 4100 4104 4102 4106 4104 4110 4112 4112 4119 4120 4120 4114 4114 4126 4129 4127 4118 4121 4117 4123 4126 4118 4113 4116 4120 4124 4139 4160 4157
4109 4104 4101 4103 4107 4115 4119 4121 4132 4129 4130 4133 4133 4131 4121 4103 4094 4091 4094 4100 4112 4122 4128 4121 4102 4090 4075 4070 4069 4070 4069 4070 4074 4067 4054 4058 4075 4093 4085 4080 4096 4087 4093 4098 4096 4106 4117 4131 4126 4122 4119 4116 4111 4108 4103 4098 4102 4110 4111 4108 4107 4108 4107 4106 4112 4112 4113 4125 4142 4138 4131 4116 4115 4118 4116 4114 4114 4113 4118 4118 4122 4125 4128 4130
4117 4117 4118 4122 4124 4125 4124 4125 4128 4140 4140 4137 4134 4129 4120 4107 4087 4085 4090 4100 4106 4108 4106 4103 4101 4106 4078 4068 4063 4063 4066 4068 4072 4063 4054 4054 4068 4090 4076 4070 4075 4087 4096 4100 4099 4108 4107 4104 4116 4120 4121 4120 4117 4111 4105 4101 4101 4103 4104 4105 4105 4107 4110 4107 4108 4107 4111 4124 4140 4137 4130 4118 4112 4111 4113 4113 4110 4108 4109 4116 4122 4126 4122 4123
4125 4132 4136 4142 4144 4131 4129 4130 4140 4144 4146 4142 4135 4127 4115 4101 4086 4085 4092 4096 4100 4097 4091 4087 4078 4075 4067 4062 4063 4060 4063 4069 4077 4084 4083 4085 4081 4076 4070 4070 4076 4089 4103 4108 4122 4123 4116 4106 4113 4125 4128 4125 4120 4115 4110 4108 4103 4104 4103 4107 4103 4103 4109 4109 4107 4108 4114 4118 4122 4127 4123 4120 4117 4112 4113 4109 4106 4103 4107 4112 4115 4124 4119 4127
4130 4144 4154 4154 4152 4139 4137 4142 4151 4159 4154 4147 4140 4130 4125 4119 4106 4093 4096 4101 4100 4095 4086 4083 4076 4065 4057 4049 4046 4047 4055 4068 4080 4085 4083 4086 4079 4074 4067 4069 4078 4101 4111 4117 4141 4148 4145 4139 4136 4137 4136 4134 4131 4125 4118 4107 4104 4104 4101 4104 4102 4104 4108 4104 4105 4108 4108 4111 4113 4117 4118 4121 4119 4126 4119 4108 4103 4105 4108 4111 4112 4120 4116 4124
4125 4141 4152 4154 4151 4143 4143 4151 4161 4168 4161 4152 4145 4134 4116 4112 4106 4100 4110 4109 4106 4102 4099 4091 4090 4074 4052 4040 4019 4028 4045 4060 4074 4079 4079 4071 4066 4068 4069 4068 4083 4104 4115 4129 4150 4168 4182 4180 4169 4154 4148 4144 4142 4138 4133 4129 4132 4122 4113 4106 4106 4107 4108 4104 4105 4108 4109 4108 4108 4113 4117 4119 4120 4139 4117 4097 4097 4106 4106 4109 4105 4110 4112 4116
4125 4141 4153 4156 4154 4149 4151 4158 4158 4166 4162 4156 4151 4147 4148 4138 4120 4119 4130 4122 4121 4112 4101 4097 4089 4081 4066 4047 4026 4029 4043 4055 4067 4073 4073 4074 4062 4064 4073 4078 4098 4116 4123 4132 4154 4175 4184 4183 4172 4162 4158 4155 4154 4152 4151 4152 4153 4153 4141 4124 4116 4106 4106 4108 4108 4105 4105 4107 4112 4114 4113 4115 4112 4113 4108 4094 4097 4108 4112 4114 4103 4109 4115 4119
4133 4147 4159 4167 4165 4160 4162 4175 4165 4165 4162 4158 4153 4152 4153 4149 4143 4138 4143 4139 4139 4131 4119 4103 4089 4071 4067 4061 4059 4046 4049 4054 4055 4045 4058 4074 4067 4066 4071 4094 4114 4122 4135 4147 4163 4180 4185 4186 4173 4167 4168 4168 4170 4170 4173 4174 4177 4178 4175 4162 4141 4118 4114 4118 4114 4101 4100 4107 4112 4113 4117 4111 4107 4107 4106 4104 4107 4116 4122 4115 4109 4101 4113 4119
4125 4140 4161 4172 4171 4166 4165 4165 4162 4161 4158 4156 4154 4151 4146 4139 4151 4150 4153 4149 4145 4142 4129 4109 4088 4073 4069 4064 4061 4059 4057 4059 4060 4050 4054 4068 4068 4068 4081 4105 4137 4145 4155 4173 4187 4193 4198 4196 4185 4180 4182 4185 4187 4190 4192 4192 4192 4188 4183 4181 4165 4146 4132 4119 4106 4100 4102 4108 4112 4112 4113 4116 4109 4109 4109 4111 4110 4105 4112 4111 4116 4112 4108 4112
4132 4163 4163 4166 4167 4167 4167 4164 4164 4159 4156 4154 4153 4151 4152 4151 4151 4154 4154 4154 4149 4148 4135 4115 4094 4082 4072 4062 4057 4060 4060 4060 4066 4068 4072 4074 4069 4071 4090 4114 4143 4153 4175 4197 4210 4213 4220 4214 4205 4199 4197 4199 4201 4205 4209 4210 4205 4197 4191 4190 4183 4178 4152 4127 4106 4103 4111 4111 4109 4103 4105 4108 4110 4114 4114 4118 4115 4097 4105 4108 4112 4112 4103 4107
4136 4161 4158 4147 4157 4166 4170 4168 4164 4152 4148 4148 4150 4151 4143 4150 4147 4152 4154 4153 4149 4147 4137 4121 4106 4094 4080 4068 4062 4063 4063 4062 4065 4075 4072 4073 4069 4075 4104 4135 4154 4165 4196 4215 4226 4232 4243 4235 4224 4217 4210 4209 4211 4215 4224 4233 4227 4207 4197 4190 4189 4188 4166 4137 4114 4108 4111 4110 4107 4108 4109 4108 4111 4112 4114 4120 4120 4114 4112 4113 4112 4109 4110 4113
4144 4165 4159 4148 4155 4166 4176 4186 4156 4140 4138 4143 4149 4156 4160 4136 4146 4156 4155 4151 4147 4144 4138 4127 4115 4102 4091 4079 4072 4069 4068 4065 4061 4067 4069 4071 4070 4078 4113 4146 4166 4173 4211 4227 4234 4239 4245 4240 4231 4223 4217 4214 4216 4221 4230 4242 4239 4211 4203 4195 4190 4187 4174 4148 4122 4113 4109 4109 4109 4110 4112 4110 4115 4121 4119 4118 4123 4116 4114 4114 4112 4106 4109 4114
4157 4184 4168 4155 4157 4164 4173 4180 4151 4130 4129 4135 4143 4153 4155 4146 4152 4156 4156 4148 4141 4146 4141 4133 4124 4116 4108 4099 4086 4075 4074 4076 4067 4071 4067 4072 4080 4093 4122 4153 4174 4185 4218 4232 4238 4244 4246 4239 4231 4222 4218 4217 4218 4222 4228 4244 4243 4221 4214 4204 4193 4191 4180 4159 4138 4121 4116 4116 4116 4114 4115 4116 4115 4114 4109 4109 4104 4111 4116 4115 4111 4112 4113 4124
4173 4193 4179 4166 4162 4161 4159 4158 4149 4126 4125 4130 4137 4144 4153 4165 4161 4150 4146 4141 4139 4145 4140 4135 4129 4122 4118 4118 4097 4082 4079 4076 4072 4068 4064 4076 4095 4118 4136 4166 4182 4196 4219 4230 4233 4237 4241 4238 4230 4219 4219 4220 4221 4222 4223 4235 4243 4237 4223 4208 4192 4189 4182 4166 4150 4136 4130 4128 4129 4129 4120 4110 4106 4109 4105 4102 4102 4108 4114 4114 4118 4117 4125 4118
4195 4200 4182 4170 4165 4164 4163 4160 4155 4130 4122 4124 4130 4140 4151 4163 4163 4150 4138 4138 4139 4139 4136 4130 4124 4121 4121 4116 4097 4075 4064 4056 4054 4051 4053 4082 4115 4126 4133 4167 4186 4204 4226 4232 4233 4237 4244 4241 4234 4227 4225 4225 4224 4223 4222 4230 4237 4233 4223 4206 4194 4189 4187 4171 4154 4142 4139 4137 4138 4139 4123 4115 4111 4103 4099 4101 4105 4109 4111 4112 4123 4117 4114 4117
4204 4206 4187 4174 4170 4167 4163 4159 4151 4130 4120 4117 4119 4127 4142 4160 4165 4145 4140 4143 4147 4138 4133 4123 4115 4116 4118 4117 4094 4068 4050 4054 4054 4050 4080 4104 4133 4165 4170 4179 4194 4209 4227 4237 4245 4247 4248 4242 4239 4237 4236 4234 4231 4229 4227 4226 4229 4229 4225 4220 4215 4208 4193 4176 4161 4151 4146 4142 4140 4133 4124 4119 4112 4104 4101 4105 4107 4110 4114 4119 4121 4120 4114 4120
4193 4193 4184 4178 4174 4170 4163 4148 4142 4127 4116 4110 4109 4111 4130 4150 4159 4145 4139 4149 4159 4152 4144 4126 4111 4114 4112 4106 4096 4078 4067 4087 4082 4071 4091 4118 4158 4177 4180 4189 4203 4212 4224 4246 4253 4246 4242 4240 4241 4245 4247 4245 4243 4239 4228 4223 4223 4226 4231 4234 4238 4228 4204 4186 4173 4166 4161 4155 4145 4135 4128 4122 4116 4111 4114 4114 4108 4111 4116 4119 4122 4115 4113 4121
4199 4181 4185 4180 4175 4172 4167 4147 4132 4119 4108 4103 4102 4105 4125 4145 4151 4144 4145 4157 4165 4174 4158 4140 4128 4123 4120 4114 4108 4102 4105 4109 4102 4097 4111 4131 4169 4187 4187 4200 4211 4215 4222 4238 4242 4237 4236 4236 4238 4244 4249 4254 4259 4261 4261 4238 4231 4232 4244 4257 4263 4246 4219 4203 4194 4186 4176 4166 4153 4139 4128 4124 4122 4116 4110 4109 4108 4115 4125 4121 4120 4116 4121 4123
4186 4184 4183 4180 4173 4166 4159 4145 4124 4108 4099 4100 4101 4106 4131 4154 4164 4152 4147 4152 4162 4168 4158 4151 4148 4136 4130 4127 4121 4122 4131 4129 4120 4118 4128 4141 4163 4192 4215 4229 4223 4216 4215 4227 4227 4226 4228 4229 4233 4239 4245 4263 4279 4291 4291 4273 4257 4255 4262 4270 4270 4246 4230 4221 4219 4207 4192 4172 4153 4137 4125 4125 4127 4123 4116 4115 4119 4123 4130 4127 4116 4116 4129 4129
4183 4186 4185 4175 4166 4157 4146 4130 4114 4102 4097 4101 4111 4126 4141 4167 4196 4180 4163 4160 4164 4169 4156 4158 4157 4140 4124 4122 4126 4133 4141 4146 4137 4134 4137 4152 4173 4204 4238 4245 4228 4215 4207 4226 4218 4215 4216 4221 4232 4244 4258 4277 4296 4315 4317 4298 4288 4282 4280 4271 4263 4251 4244 4242 4238 4228 4202 4174 4148 4134 4128 4127 4127 4127 4130 4124 4128 4134 4139 4130 4122 4118 4126 4134
4180 4176 4172 4166 4159 4148 4136 4123 4106 4101 4099 4103 4112 4126 4144 4165 4182 4186 4183 4170 4171 4170 4161 4162 4155 4140 4124 4119 4126 4138 4153 4153 4149 4143 4139 4159 4187 4218 4240 4235 4222 4211 4204 4207 4221 4206 4204 4216 4234 4253 4276 4293 4312 4330 4330 4316 4302 4296 4288 4273 4255 4256 4254 4253 4249 4234 4206 4170 4143 4133 4129 4129 4130 4132 4138 4138 4139 4141 4140 4133 4124 4121 4122 4135
4174 4170 4165 4161 4155 4145 4137 4131 4112 4104 4101 4104 4109 4121 4139 4157 4174 4179 4159 4165 4183 4170 4161 4158 4152 4142 4128 4120 4126 4136 4152 4163 4156 4147 4143 4161 4191 4215 4225 4224 4216 4206 4196 4185 4184 4191 4202 4219 4242 4265 4284 4307 4327 4344 4346 4335 4321 4313 4299 4287 4273 4269 4266 4254 4257 4246 4214 4170 4143 4136 4134 4133 4137 4143 4145 4150 4153 4151 4145 4136 4132 4127 4119 4135
4172 4169 4157 4159 4158 4156 4151 4143 4119 4109 4108 4104 4107 4117 4133 4150 4167 4172 4138 4161 4181 4173 4160 4156 4155 4149 4138 4128 4128 4138 4160 4175 4161 4152 4155 4171 4198 4237 4228 4221 4211 4202 4192 4179 4180 4189 4203 4227 4256 4286 4313 4335 4349 4358 4368 4365 4358 4350 4340 4327 4314 4304 4302 4294 4280 4263 4228 4174 4149 4142 4141 4140 4143 4147 4157 4161 4163 4173 4157 4141 4141 4141 4126 4124
4172 4170 4164 4160 4159 4162 4151 4134 4120 4107 4100 4097 4099 4110 4124 4140 4150 4146 4146 4154 4166 4170 4172 4166 4164 4163 4152 4133 4132 4138 4167 4200 4179 4159 4170 4177 4202 4242 4238 4222 4206 4199 4193 4192 4181 4191 4205 4236 4275 4317 4348 4371 4385 4376 4392 4395 4398 4404 4408 4401 4406 4386 4369 4343 4304 4275 4235 4185 4156 4148 4146 4148 4151 4153 4165 4165 4161 4167 4158 4151 4155 4172 4163 4147
4169 4163 4161 4158 4152 4147 4145 4132 4114 4101 4091 4086 4087 4100 4112 4122 4123 4109 4133 4147 4159 4168 4172 4171 4175 4176 4167 4147 4139 4143 4167 4211 4214 4181 4171 4174 4197 4230 4236 4221 4206 4197 4187 4176 4174 4195 4214 4243 4305 4363 4405 4436 4457 4444 4442 4444 4448 4462 4474 4473 4493 4490 4458 4387 4334 4295 4253 4218 4183 4169 4167 4161 4165 4169 4172 4165 4154 4155 4157 4184 4199 4201 4201 4195
4168 4166 4163 4150 4138 4137 4141 4132 4113 4100 4085 4078 4088 4097 4105 4109 4117 4130 4143 4153 4156 4170 4184 4188 4186 4183 4170 4149 4142 4149 4165 4201 4212 4193 4170 4169 4185 4219 4231 4217 4205 4199 4188 4172 4192 4230 4265 4291 4359 4426 4494 4551 4552 4550 4545 4538 4527 4523 4524 4538 4576 4586 4552 4480 4399 4333 4286 4263 4226 4210 4198 4189 4181 4181 4183 4178 4158 4161 4187 4221 4224 4226 4229 4221
4158 4146 4142 4134 4121 4109 4126 4124 4116 4103 4090 4096 4108 4101 4100 4109 4120 4144 4146 4150 4156 4174 4191 4194 4189 4183 4168 4150 4146 4153 4163 4194 4200 4187 4170 4168 4180 4209 4239 4235 4219 4206 4204 4198 4221 4285 4354 4390 4433 4479 4538 4596 4590 4609 4597 4587 4576 4579 4595 4602 4604 4604 4599 4552 4464 4370 4308 4286 4267 4251 4221 4198 4190 4191 4196 4198 4192 4201 4238 4253 4261 4256 4243 4228
4154 4146 4143 4140 4126 4107 4105 4115 4111 4100 4090 4086 4093 4097 4090 4088 4103 4115 4128 4148 4164 4179 4190 4193 4189 4182 4169 4155 4159 4183 4186 4192 4188 4183 4173 4167 4177 4197 4226 4224 4206 4211 4232 4269 4297 4347 4422 4486 4489 4498 4524 4545 4552 4550 4550 4557 4578 4609 4649 4651 4619 4598 4602 4555 4475 4391 4318 4290 4266 4259 4230 4203 4197 4199 4208 4215 4219 4231 4250 4262 4275 4276 4250 4236
4155 4157 4155 4160 4172 4171 4155 4134 4116 4100 4092 4093 4104 4095 4085 4078 4095 4113 4132 4161 4179 4187 4195 4200 4188 4179 4173 4175 4186 4199 4217 4201 4202 4200 4191 4185 4185 4196 4214 4212 4200 4218 4253 4281 4327 4384 4443 4490 4483 4481 4489 4498 4508 4503 4498 4514 4557 4611 4668 4674 4628 4591 4579 4544 4481 4411 4335 4289 4271 4256 4230 4207 4205 4209 4217 4237 4233 4236 4247 4264 4279 4264 4258 4250
4159 4162 4163 4172 4206 4211 4186 4154 4127 4112 4098 4095 4106 4097 4086 4085 4099 4119 4136 4151 4171 4184 4192 4202 4181 4167 4178 4194 4216 4229 4240 4214 4220 4226 4224 4223 4230 4218 4220 4214 4209 4235 4285 4329 4388 4395 4412 4426 4427 4440 4450 4454 4465 4461 4460 4479 4527 4582 4639 4649 4627 4603 4583 4547 4502 4439 4376 4304 4272 4255 4233 4212 4216 4223 4236 4254 4233 4228 4237 4240 4241 4250 4254 4253
