real_craters/C195-1000m.grd
DSAA
107 107
-52.81 52.81
-52.81 52.81
2888.8038355517 5276.4854809835
[rows 60 to 89 of 107, columns 0 to 66 of 107]
4414.91 4411.86 4415.3 4424.33 4420.53 4428.62 4422.55 4430.66 4459.78 4485.32 4500.98 4511 4511.08 4507.28 4548.68 4587.17 4591.59 4690.03 4858.61 4906.69 4816.06 4911.53 4949.83 4911.38 4900.24 4894 4595.45 4256.94 3950.09 3714.83 3647.89 3597.64 3548.69 3477.35 3425.9 3414.67 3412.58 3414.98 3437.19 3463.56 3485.69 3492.02 3466.15 3409.68 3315.78 3113.21 3272.9 3340.13 3422.96 3505.67 3507.81 3479.95 3509.74 3544.73 3568.28 3549.35 3447.49 3409.04 3374.08 3335.66 3272.46 3214.61 3175.04 3135.95 3105.98 3090.58 3095.56
4436.5 4424.66 4416.38 4412.34 4411.41 4413.33 4425.07 4448.46 4462.55 4486.99 4517.4 4513.71 4507.55 4544.47 4592.96 4565.55 4581.62 4715.16 4798.83 4880.01 4840.62 4955.61 4936.21 4936.21 4938.56 4916.18 4633.6 4286.81 3992.84 3833.09 3726.32 3674.31 3639.05 3570 3450.26 3436.52 3411.95 3414.01 3427.64 3444.37 3461.66 3476.89 3455.92 3395.21 3282.48 3107.76 3176.81 3215.71 3221.92 3363.98 3419.16 3462.33 3359.64 3406.44 3437.24 3399.94 3294.4 3275.74 3250.85 3224.87 3182.38 3133.46 3124.73 3116.15 3092.76 3075.09 3087.47
4442.73 4420.26 4411.2 4407.48 4410.88 4424.17 4466.45 4453.07 4461.22 4479.69 4489.51 4513.43 4542.07 4569.04 4554.21 4546.66 4547.73 4622.35 4712.94 4827.25 4893.83 4890.1 4924.89 4915.69 5057.42 4956.59 4705.35 4358.46 4033.93 3877.79 3801.87 3744.3 3721.28 3698.16 3642.39 3494.39 3407.46 3411.29 3412.09 3420.95 3428 3426.49 3426.91 3382.25 3267.75 3088.53 3104.66 3126.47 3112.42 3202.68 3321 3464.26 3323.06 3301.09 3318.27 3312.72 3227.35 3207.21 3180.74 3155.71 3127.2 3090.68 3074.24 3089.32 3085.9 3079.31 3076.28
4394.86 4396.39 4397.7 4401.14 4402.86 4401.01 4382.01 4414.79 4448.54 4471.41 4489.43 4506.16 4515.95 4523.64 4534.7 4557.34 4613.21 4685.1 4872.06 4851.9 4729.67 4779.7 4773.31 4800.13 5024.81 5061.22 4854.51 4488.93 4138.92 3987.64 3878.26 3782.42 3702.77 3667.58 3659.98 3556.74 3455.97 3415.16 3403.3 3403.68 3402.05 3387.41 3366.86 3342.38 3222.7 3035.01 3086.61 3097.38 3075.28 3085.76 3131.33 3243.41 3238.46 3193.57 3171.6 3174.37 3205.11 3156.72 3136.54 3115.79 3093.33 3075.83 3075.26 3081.5 3085.81 3091.16 3081.62
4362.28 4377.39 4383.91 4384.92 4375.98 4372.3 4366.94 4410.11 4449.46 4477.04 4496.15 4506.24 4514.06 4525.95 4545.62 4572.71 4618.18 4696.98 4948.55 4765.69 4727.94 4710.24 4679.2 4704.8 4872.6 5276.49 5010.24 4605.21 4293.96 4103.08 3930.08 3800.97 3701.44 3653.79 3640.62 3593.13 3514.42 3428.02 3410.92 3405.61 3394.64 3383.07 3357.17 3330.2 3206.56 3013.8 3069.67 3091.42 3063.95 3061.74 3068.59 3069.84 3105.92 3114.25 3092.16 3095.84 3089.82 3103.7 3101.9 3093.44 3082.69 3072.68 3074.42 3078.91 3081.88 3080.18 3077.52
4367.43 4377.35 4378.61 4378.95 4381.6 4372.09 4384.29 4445.42 4463.71 4481.39 4494.59 4497.77 4512.45 4529.44 4545.83 4574.83 4615.62 4682.05 4819.37 4750.95 4723.97 4687.98 4676.65 4710.23 4696.43 5130.29 4968.76 4579.1 4230.93 4083.33 3937.7 3803.4 3693.71 3639.8 3620.87 3583.99 3532.12 3459.49 3445.34 3425 3402.05 3387.78 3355.97 3306.94 3174.29 2999.78 3044.89 3083.67 3049.08 3050.6 3058.9 3061.36 3068.64 3075.23 3073.44 3069.63 3068.13 3078.26 3084.2 3082.42 3076.68 3071.79 3072.49 3076.19 3077.57 3075.52 3074.93
4392 4381.76 4377.74 4372.54 4366.25 4378.69 4436.09 4468.99 4465.13 4473 4481.07 4483.12 4488.05 4550.21 4557.41 4586.78 4640.61 4726.95 4760.5 4704.88 4662.95 4648.5 4685.76 4700.67 4700.78 4805.54 4788.97 4512.33 4159.66 4036.66 3934.43 3804.97 3678.88 3635.27 3615.53 3594.7 3568.9 3574.44 3516.15 3455.24 3411.07 3380.26 3367.98 3312.54 3168.53 3011.36 3022.74 3069.64 3034.9 3036.83 3043.23 3051.42 3055.82 3059.87 3061.58 3061.98 3065.1 3068.43 3070.39 3073.8 3071.97 3069.93 3073.54 3077.64 3077.42 3074.54 3074.32
4383.14 4380.31 4375.13 4370.82 4365.93 4376.47 4392.29 4413.84 4441.84 4469.37 4473.63 4475.04 4482.3 4504.9 4548.79 4585.38 4638.92 4637.57 4646.97 4631.47 4616.67 4612.93 4609.27 4649.09 4687.42 4780.77 4766.87 4562.18 4304.54 4125.84 3989.13 3847.84 3720.03 3659.06 3629.84 3607.31 3583.87 3550.7 3509.46 3469.98 3418.87 3367.44 3332.08 3282.69 3164.04 3035.79 3030.86 3038.65 3005.84 3025.15 3038.7 3042.03 3049.65 3053.37 3057.27 3058.97 3064.12 3065.8 3067.24 3068.74 3070.26 3071.74 3076.17 3077.83 3074.44 3074.32 3076.52
4383.33 4381.47 4374.23 4367.61 4367.99 4371.96 4378.51 4397.79 4414.04 4425.93 4452.88 4470.2 4481.65 4497.06 4512.81 4556.34 4584.42 4598.36 4599.97 4588.02 4587.05 4596.22 4606.52 4644.5 4672.5 4757.6 4810.48 4714.37 4519.97 4302.26 4124.42 3936.28 3790.52 3704.37 3657.7 3629.96 3603.32 3575.47 3532.59 3482.36 3424.73 3364.31 3307.28 3255.31 3155.61 3045.38 3012.33 3087.9 3034.04 3033.51 3034.79 3044.92 3052.07 3054.36 3054.51 3066.47 3064.08 3063.02 3066.16 3068.22 3070.81 3072.91 3077.35 3077.05 3067.93 3066.27 3080.88
4390.22 4383.84 4373.98 4366.46 4378.82 4379.61 4376.72 4385.01 4402.76 4410.64 4444.71 4473.18 4488.4 4502.8 4541.45 4551.77 4559.32 4559.05 4558.9 4570.26 4565.17 4594.64 4639.56 4632.86 4647.23 4708.86 4839.04 4937.96 4833.96 4600.5 4365.36 4094.35 3868.27 3779.12 3707.64 3668.43 3644.29 3611.54 3556.4 3511.73 3439.48 3366.32 3303.91 3242.43 3155.94 3059.36 3018.83 3091.76 3077.6 3060.85 3053.56 3055.16 3064.43 3069.87 3073.21 3075.12 3071.09 3066.96 3066.55 3069.76 3070.85 3075.17 3077.75 3077.48 3060.16 3023.41 2955.94
4391 4382.57 4373.76 4368.27 4375.2 4373.33 4377.09 4394.67 4424.19 4455.25 4466.29 4488.14 4523.24 4562.99 4579.54 4556.07 4552.11 4555.32 4559.25 4565.5 4566.7 4594.67 4662.89 4643.42 4608 4635.4 4913.49 5066.36 5091.17 4944.78 4656.7 4359.71 4105.31 3922.64 3769.99 3693.98 3680.97 3677.86 3695.69 3567.64 3466.88 3355.69 3310.87 3272.04 3181.05 3091.16 3045.28 3109.5 3098.88 3078.47 3067.67 3081.29 3097.44 3104.16 3099.67 3095.2 3081.37 3070.92 3068.52 3066.54 3069.82 3072.19 3077.08 3076.23 3068.01 3064.14 3095.92
4374.61 4373.89 4371.06 4369.81 4361.41 4356.31 4369.33 4395.1 4433.94 4481.92 4479.74 4494.45 4522.64 4608.34 4555.55 4547.52 4554.26 4561.23 4562.93 4569.09 4582.17 4606.61 4641.77 4672.58 4586.31 4556.92 4877.7 4829.9 4902.34 4997.79 4842.9 4686.84 4431.88 4125.83 3852.65 3720.22 3712.83 3719 3657.6 3637.17 3531.77 3395.48 3334.12 3302.44 3212.66 3126.46 3067.75 3137.54 3131.06 3103.24 3069.03 3111.07 3118.46 3133.22 3139.15 3120.08 3097.99 3077.34 3067.34 3066.07 3067.4 3069.22 3073.24 3078.12 3077.06 3082.73 3092.4
4362.28 4364.2 4363.52 4360.75 4355.91 4354.71 4355.41 4355.33 4392.6 4431.24 4457.52 4479.66 4517.87 4541.89 4550.76 4552 4558.89 4573.49 4571.38 4588.02 4595.56 4612.47 4617.73 4623.96 4586.81 4559.02 4797.6 4703.71 4718 4763.89 4873.89 4998.48 4737.05 4335.68 3960.55 3776.11 3747.37 3767.94 3826.71 3725.89 3642.71 3530.29 3403.24 3307.29 3280.81 3177.83 3078.76 3164.99 3162.41 3140.69 3122.37 3105.15 3122.64 3138 3170.48 3149.88 3114.15 3079.84 3068.01 3066.84 3068.84 3070.57 3071.98 3075 3080.31 3086.23 3093.64
4356.41 4358.38 4357.9 4355.97 4353.78 4354.22 4353.39 4355.69 4372.5 4400.8 4433.55 4455.86 4467.79 4502.59 4515.73 4542.45 4539.22 4556.89 4586.67 4593.88 4597.11 4600.09 4600.48 4615.73 4607.05 4598.91 4684.9 4636.1 4664.02 4710.36 4850.11 4909.62 4806.52 4507.8 4147.9 3899.33 3795.47 3784.96 3775.92 3755.13 3739.99 3720.23 3603.13 3575.92 3464.03 3306.96 3147.29 3204.84 3209.98 3181.18 3139.11 3124.29 3139.28 3151.72 3187.04 3172.84 3140.45 3085.77 3083.2 3082.24 3073.88 3068.97 3067.74 3073.81 3090.51 3111.68 3118.06
4352.86 4354.65 4354.68 4355.05 4354.67 4351.99 4358.67 4365.72 4375.98 4396.26 4423.87 4445.23 4461.74 4484.45 4499.26 4521.99 4537.16 4541.64 4546.59 4571.98 4588.79 4598.19 4583.89 4639.95 4585.02 4620.72 4621.73 4701.97 4712.9 4756.58 4870.4 5016.36 4885.72 4688.71 4426.97 4113.4 3891.96 3837.36 3799.71 3768.86 3761.43 3747.23 3730.15 3765.89 3650.06 3482.57 3338.78 3201.42 3267.56 3229.63 3197 3159.42 3169.28 3184.9 3196.89 3213.74 3207.19 3197.94 3162.71 3115.83 3081.86 3066.02 3062.87 3072.74 3116.01 3197.46 3303.61
4350.18 4350.99 4350.61 4354.47 4360.19 4365.07 4366.87 4372.94 4381.83 4401.26 4428.28 4453.68 4477.23 4498.04 4508.1 4521.62 4529.27 4528.98 4549.32 4570.91 4583.57 4594.84 4613.39 4351.09 4447.54 4598.78 4645.72 4666.12 4749.95 4812.44 4892.98 4922.91 4925.37 4840.3 4746.8 4371.11 4075.5 3962.26 3860.53 3790.52 3771.38 3759.36 3750.97 3778.72 3716.78 3619.45 3524.84 3340.22 3316.79 3290.97 3296.67 3267.72 3259.33 3229.06 3252.28 3299.44 3298.44 3269.61 3218.3 3156.61 3102.29 3088.11 3075.72 3086.28 3157.08 3309.47 3508.84
4346.2 4348.7 4352.69 4356.93 4362.49 4365.69 4371.06 4378.62 4388.33 4413.63 4441.79 4469.72 4496.31 4506.01 4507.7 4519.07 4522.91 4541.84 4569.23 4576 4574.61 4590.41 4607.78 4476.88 4504.57 4598.8 4635.4 4719.77 4768.66 4866.76 4993.73 5046.49 4968.18 4870.27 4775.48 4559.22 4345.79 4164.2 3980.59 3842.37 3794.93 3770.83 3756.41 3747 3723.37 3679.27 3605.37 3507.14 3412.78 3384.38 3495.75 3508.18 3521.29 3412.87 3485.69 3463.7 3423.5 3360.18 3292.84 3220.42 3149.14 3128.87 3128.78 3143.1 3229.36 3419.17 3640.16
4342.84 4352.75 4357.8 4359.77 4362.38 4365.81 4376.96 4393.87 4406.29 4431.35 4454.56 4479.54 4503.65 4508.35 4513.09 4527.87 4546.89 4576.54 4580 4558.78 4557.53 4568.01 4562.22 4586.26 4595.93 4631.55 4664.58 4692.78 4736.7 4790.4 4923.32 5059.72 4949.35 4809.56 4694.93 4698.03 4657.17 4417.53 4134.76 3907.33 3850.19 3799.67 3767.69 3750.69 3739.42 3737.11 3729.44 3705.41 3622.03 3625.56 3695.61 3784.58 3747.28 3736.54 3725.15 3648.49 3570.98 3487.4 3384.49 3301.32 3226.21 3218.35 3220.68 3256.79 3355.07 3541.46 3736.02
4341.51 4346.87 4352.99 4358.75 4362.66 4368.86 4384.98 4413.3 4445.04 4447.02 4460.53 4486.42 4499.22 4513.88 4545.69 4585.41 4622.55 4596.93 4578.62 4510.83 4521 4537.97 4544.43 4530.9 4565.62 4632.42 4705.41 4689.61 4693.26 4683.13 4724.67 4892.86 4874.89 4784.32 4724.73 4825.41 4858.64 4640.69 4356.13 4093.56 3956.23 3871.09 3814.79 3787.59 3777.22 3847.29 3866.67 3882.44 3984.72 4045.21 3944.01 3890.91 3843.64 3846.87 3868.44 3779.25 3698.4 3630.02 3564.68 3421.27 3307.87 3325.55 3343.72 3390.19 3474.34 3673.71 3895.55
4337.78 4344.72 4352.89 4358.04 4363.82 4370.73 4385.73 4413.65 4433.43 4435.6 4451.03 4461.97 4468.4 4478.57 4520.7 4591.17 4658.7 4594.16 4569.98 4497.66 4490.91 4492.89 4478.73 4500.28 4531.12 4618.81 4675.89 4702.93 4682.48 4655.8 4649.27 4745.02 4839.67 4892.5 4891.66 4921.31 4926.54 4762.16 4568.09 4429.64 4131.86 4058.62 4010.24 3925.66 3884.2 3995.82 4115.38 3936.23 3980.77 3965.05 3940.75 3883.4 3859.12 3877.68 3892.41 3840.28 3791.89 3756.42 3772.7 3552.17 3467.35 3496.26 3513.1 3567.22 3669.44 3858.73 4079.66
4336.99 4344.2 4353.14 4355.24 4361.4 4367.61 4377.25 4386.27 4393.48 4427.49 4448.1 4456.43 4455.53 4459.31 4477.09 4550.49 4591.97 4637.03 4548.87 4482.56 4479.19 4482.42 4492.13 4490.83 4554.52 4600.48 4674.27 4719.91 4706.37 4668.93 4716.28 4736.7 4813.69 4931.21 4978.58 4933.4 4900.91 4810.43 4679.2 4549.36 4432.98 4284.81 4215.05 4168.59 4182.25 4124.59 4085.01 4002.54 3983.68 3977.89 3961.1 3915.51 3884.4 3869.73 3887.67 3884.16 3852.32 3783.37 3661.94 3617.38 3626.46 3719.68 3734.7 3777.04 3852.61 4049.29 4317.04
4330.1 4335.87 4345.98 4351.79 4353.06 4362.53 4370.08 4373.22 4411.27 4458.31 4456.49 4447.52 4445.61 4441.67 4439.61 4452.38 4483.9 4503.39 4477.34 4472.56 4471.89 4477.97 4476.1 4483.63 4501.87 4565.54 4596.88 4631.83 4664.77 4600.24 4660.32 4715.91 4737.98 4761.95 4819.19 4870.49 4893.27 4842.93 4739.01 4630.35 4588.94 4554.13 4470.91 4383.5 4294.02 4297.64 4238.44 4218.01 4140.9 4108.55 4125.71 4053.65 3928.35 3887.33 3951.75 3982.85 3959.34 3884.64 3776.66 3848.04 3941.2 4015 4008.98 4025.16 4055.02 4264.09 4546.42
4326.74 4327.53 4338.2 4358.57 4369.14 4375.32 4378.62 4381.66 4453.86 4495.16 4461.5 4439.68 4439.37 4433.18 4423.2 4432.83 4438.13 4445.36 4438.86 4448.84 4454.92 4447.43 4442.43 4476.2 4496.14 4538.28 4564.28 4580.03 4583.12 4572.13 4667.7 4685.75 4655.65 4632.07 4703.88 4792.65 4852.73 4849.96 4797.72 4709.71 4698.3 4691.84 4614.8 4554.23 4559.92 4597.16 4604.66 4548.88 4536.19 4492.16 4418.1 4346.59 4153.6 4135.24 4145.87 4137.37 4124.78 4105.7 4101.34 4248.62 4324.32 4328.09 4318.98 4348.28 4430.04 4569.49 4691.49
4325.55 4326.09 4338.41 4376.75 4416.19 4408.79 4386.42 4436.35 4465.67 4468.32 4451.32 4431.72 4436.14 4432.09 4429.4 4446.94 4423.95 4420.13 4418.91 4435.16 4439.65 4433.9 4442.34 4463.34 4480.12 4502.16 4526.89 4571.8 4558.3 4559.55 4610.95 4640.46 4589.22 4548.9 4623.39 4732.7 4851.6 4920.75 4860.32 4829.66 4830.6 4707.56 4661.04 4646.32 4660.68 4795.04 4824.37 4777.2 4854.7 4780.46 4643.51 4685.11 4703.97 4550.67 4377.29 4319.2 4315.08 4358.53 4486.28 4661.58 4627.21 4560.44 4549.06 4584.87 4728.84 4792.58 4742.36
4324.94 4327.45 4341.93 4377.79 4415.6 4452.15 4521.46 4501.62 4476.8 4476.63 4442.25 4428.59 4432.65 4427.44 4425.23 4400.92 4407.87 4407.62 4410.37 4416.37 4424.64 4429.86 4441.5 4457.9 4474.95 4496.91 4510.75 4526.72 4522.75 4516.81 4550.77 4567.99 4553.21 4536.88 4596.42 4670.31 4763.78 4851.56 4805.34 4829.23 4785.79 4709.08 4677.11 4675.34 4756.98 4780.81 4778.49 4778.24 4768.26 4714.43 4664.28 4697.49 4635.72 4552.78 4500.79 4460.76 4467.51 4531.46 4654.02 4736.97 4734.17 4676.88 4642.22 4661.77 4693.55 4695.06 4724.84
4329.07 4334.22 4348.26 4378.48 4410.54 4449.84 4479.32 4441.99 4442.63 4440.37 4427.64 4426.57 4433.39 4418.05 4395.75 4386.02 4405.63 4405.34 4404.89 4409.84 4419.53 4431.52 4436.68 4445.14 4472.63 4507.79 4499.39 4494.71 4486.23 4477.95 4496.3 4512.12 4532.97 4575.87 4582.44 4612.84 4626.85 4588.98 4659.71 4676.13 4644.73 4613.35 4629.26 4642.52 4650.78 4640.11 4679.51 4691.59 4679.93 4698.63 4594.13 4598.68 4586.18 4580.66 4578.25 4582.25 4589.4 4638.4 4707.99 4792.37 4731.8 4695.58 4669.09 4662.86 4664.68 4668.59 4676.03
4343.26 4348.94 4376.55 4386.37 4404.15 4424.01 4426.34 4428.07 4422.33 4421.74 4416.76 4429.47 4435.58 4409.75 4385.95 4384.8 4396.19 4397.43 4401.03 4407.45 4413.25 4421.37 4434.72 4446.48 4473.56 4493.09 4502.66 4483.52 4466.28 4462.76 4470.42 4454.52 4498.68 4538.78 4557.76 4567.79 4556.97 4543.31 4577.08 4623.98 4630.04 4589.42 4595.32 4611.76 4621.76 4648.57 4653.93 4658.34 4639.66 4583.12 4496.7 4520.67 4528.49 4600.4 4597.55 4601.66 4608.46 4625.13 4640.07 4631.12 4657.9 4655.42 4642.38 4633.3 4626.53 4629.75 4606.33
4368.96 4398.67 4383.66 4391.29 4398.88 4407.88 4414.63 4415.03 4409.51 4404.49 4423.49 4425.58 4417.55 4399.2 4381.59 4379.7 4381.54 4387.25 4398.14 4409.07 4409.7 4421.99 4439.78 4461.28 4480.25 4494.13 4507.68 4496.5 4466.11 4433.4 4488.71 4442.25 4481.83 4519.84 4533.1 4533.52 4528.38 4523.03 4529.18 4554.65 4567.75 4555.12 4567.32 4579.64 4597.07 4626.13 4638.18 4651.97 4669.87 4570.76 4448.37 4502.67 4523.1 4543.09 4566.71 4572.33 4576.68 4576.02 4574.68 4576.28 4593.95 4607.78 4607.67 4598.24 4582.14 4553.37 4555.44
4377.86 4373.02 4373.47 4385.01 4394.02 4402.6 4409.26 4409.72 4399.86 4393.9 4399.6 4413.44 4406.32 4392.24 4382.2 4381.13 4383 4383.97 4394.57 4406.16 4421.09 4435.14 4443.95 4455.01 4474.97 4478.92 4494.04 4507.42 4474.17 4431.42 4493.17 4452.97 4484.03 4517.34 4521.5 4518.12 4509.29 4496.49 4494.74 4499.06 4530.22 4546.85 4546.5 4552.8 4564.41 4577.42 4605.01 4615.75 4613.71 4549.44 4428.19 4517.56 4530.91 4524.06 4519.1 4523.22 4526.02 4522.78 4519.53 4534.07 4566.06 4582.16 4581.45 4570.63 4550.77 4529.24 4526.97
4352.53 4353.53 4364.77 4383.45 4392.22 4398.39 4402.49 4399.94 4392.98 4388.36 4411.56 4417.29 4401.45 4387.62 4377.06 4379.91 4378.31 4382.71 4396.95 4411.17 4444.13 4459.4 4455.65 4442.2 4456.59 4467 4482.57 4481.38 4460.17 4431.71 4482.57 4468.46 4492.59 4510.8 4510.59 4507.56 4500.42 4489.94 4490.07 4497.13 4530.55 4534.3 4527.27 4527.44 4533.6 4561.52 4580.18 4575.19 4557.44 4536.31 4408.57 4493.92 4507.7 4493.38 4494.55 4503.35 4508.11 4501.16 4487.5 4534.94 4574.08 4580.26 4576.56 4562.49 4543.17 4526.18 4522.65
