real_craters/C195-500m.grd
DSAA
371 371
-92.4175 92.4175
-92.4175 92.4175
2431.3643782294 5046.9193740678
[rows 300 to 329 of 371, columns 0 to 66 of 371]
4022.82 4025.94 4030.78 4036.71 4042.23 4042.14 4042.96 4040.68 4035.72 4032.5 4029.18 4025.2 4009.6 4022.59 4021.35 4020.46 4024.46 4030.9 4039.03 4042.75 4042.87 4054.11 4067.14 4075.35 4065.44 4055.8 4049.13 4046.06 4048.16 4051.63 4064.09 4080.01 4088.36 4087.68 4080.3 4072.52 4066 4060.06 4053.19 4044.94 4035.63 4030.06 4033.57 4033.7 4026.41 4017.1 4010.9 3997.64 3988.66 3984.63 3985.98 3984.44 3979.89 3973.2 3973.57 3976.85 3974.68 3967.92 3969.56 3974.58 3989.17 3991.03 3986.85 3989.58 3990.61 3987.02 3983.1
4022.41 4021.66 4024.67 4030.72 4034.73 4034.87 4034.74 4036.09 4033.74 4032.64 4035.07 4034.5 4026.57 4030.02 4030.05 4029.57 4037.08 4045.46 4054.19 4055.68 4058.64 4066.42 4075.21 4080.32 4069.94 4061.28 4056.98 4056.85 4058.77 4073.18 4086.58 4099.1 4104.77 4104.48 4091.17 4077.46 4066.92 4058.02 4048.45 4036.69 4027.42 4026.29 4028.92 4028.62 4022.59 4014.91 4010.12 4004.71 3999.63 3990.99 3988.02 3983.89 3978.51 3973.35 3973.17 3984.11 3979.95 3981.98 3974.24 3983.3 3992.4 3989.75 3984.07 3987.93 3993.14 3990.94 3988.47
4021.08 4021.17 4022.35 4025.34 4027.4 4028 4027.19 4030.01 4027.23 4025.69 4035.51 4037.85 4022.72 4033.62 4034.39 4037.09 4051.25 4063.14 4068.51 4066.03 4066.08 4063.3 4062.93 4064.77 4062.41 4060.51 4060.57 4062.74 4071.03 4089.86 4102.18 4109.88 4108.11 4103.33 4090.06 4076.65 4064.8 4054.38 4044.25 4035.6 4028.95 4030.4 4028.84 4025.33 4020.04 4014.04 4009.5 4006.93 4004.07 3999.6 3993.01 3987.37 3982.4 3977.3 3987.84 3994.4 3993.27 3990.8 3990.29 3995.25 3995.58 3993.26 3987.53 3989.14 3993.87 3994.15 3995.85
4021.69 4021.28 4020.55 4021.8 4022.57 4022.55 4021.99 4023.6 4026.81 4029.82 4034 4033.66 4020.49 4031.7 4033.65 4037.55 4056.08 4067.86 4064.59 4056.79 4049.87 4040.42 4042.41 4045.68 4051.87 4057.2 4062.43 4069.05 4080.26 4101.07 4109.43 4111.97 4102.41 4093.96 4082.47 4071.58 4060.19 4049.5 4041.54 4037.63 4032.53 4030.64 4028.37 4024.24 4019.29 4013.76 4009.26 4007.24 4004.21 4000.92 3996.71 3992.87 3990.43 3991.66 3992.37 3994.36 3994.5 3997.61 4001.77 4002.68 4001.31 3997.84 3990.79 3989.8 3989.73 3995.5 4003.44
4017.66 4019.99 4018.92 4020.11 4021 4021.23 4019.77 4020.73 4025.51 4028.37 4032.88 4033.2 4030.64 4026.37 4026.89 4033.04 4039.88 4047.33 4039.6 4035.47 4029.41 4030.57 4034.73 4041.21 4046.4 4054.6 4064.41 4074.57 4089.15 4105.88 4108.66 4105.15 4095.96 4086.12 4075.17 4064.51 4054.63 4046.28 4041.22 4039.5 4034.73 4030.29 4027.95 4024.17 4019.08 4015.01 4011.38 4008.77 4006.35 4002.81 3999.46 3997.45 3996.42 3996.04 3993.88 3994.45 3997.28 4006.77 4013.43 4011.03 4007.33 4003.58 3995.37 3990.98 3987.87 3996.36 4006.42
4015.38 4021.38 4018.34 4021.55 4023.81 4024.07 4024.02 4024.41 4025.76 4026.13 4029.79 4028.39 4023.38 4017.71 4011.46 4006.03 4005.19 4008.49 4011.7 4016.73 4019.91 4024.17 4033.99 4037.89 4041.34 4052 4066.71 4082.29 4095.49 4104.64 4103.44 4097.74 4089.86 4079.2 4067.01 4056.48 4048.64 4042.88 4040.09 4037.26 4033.85 4030.13 4028.11 4026.1 4023.01 4018.22 4013.52 4010.79 4008.35 4005.3 4003.02 4002.3 4002.02 4001.93 4000.24 4004.54 4014.21 4027.38 4028.6 4020.91 4013.76 4005.57 4003.54 3997.35 3991.69 3998.94 4009.6
4014.59 4021.84 4020.91 4026.58 4031.1 4033.07 4031.63 4029.24 4027.1 4027.01 4026.03 4027.54 4018.42 4008.65 3994.61 3986.12 3985.38 3992.48 3997.54 4005.4 4012.02 4018.32 4025.15 4027.58 4031.08 4049.49 4069.62 4087.79 4097.46 4100.87 4097 4089.97 4082.21 4072.48 4060.55 4048.94 4042.97 4038.26 4034.46 4033.68 4033.03 4030.58 4030.29 4028.61 4025.86 4021.49 4017.09 4013.96 4012.35 4010.11 4007.66 4007.94 4008.68 4009.51 4011.54 4018.04 4032.17 4042.23 4040.95 4032.04 4021.16 4013.08 4009.39 4005.12 4000.49 4004.87 4012.36
4016.23 4021.84 4027.5 4033.79 4040.92 4046.57 4041.55 4035.86 4029.14 4028.34 4025.1 4031.7 4011.4 3994.21 3986.42 3981.83 3982.53 3987.42 3991.5 4000.39 4009.13 4013.02 4017.98 4022.29 4029.71 4050.54 4073.49 4091.24 4098.53 4097.45 4091.69 4084.08 4076.63 4067.39 4055.97 4043.96 4038.95 4035.19 4031.86 4031.04 4032.98 4032.19 4032.2 4030.5 4027.9 4024.76 4021.21 4017.96 4016.66 4015.57 4014.07 4014.75 4015.84 4017.89 4022.47 4030 4042.52 4051.27 4050.58 4038.93 4028.93 4020.49 4020.08 4016.01 4012.56 4015.6 4019.63
4021.25 4027.27 4034.09 4041.09 4048.11 4054.09 4049.98 4040.32 4029.03 4024.44 4019.52 4029.95 4004.69 3979.99 3978.55 3977.88 3982.19 3987.25 3993.47 4000.28 4006.45 4012.01 4016.02 4024.59 4036.15 4058.06 4080.45 4097.38 4100.87 4094.79 4087.63 4079.57 4070.95 4062.08 4051.26 4041.8 4037.02 4033.93 4031.18 4030.49 4032.15 4031.47 4031.5 4031.26 4030.63 4028.47 4025.09 4022.23 4022.1 4022.14 4023.23 4022.19 4022.71 4025.86 4030.9 4045.92 4057.14 4061.05 4053.26 4043.16 4038.82 4032.54 4028.61 4025.51 4025.18 4026.38 4028.71
4032.4 4037.78 4041.87 4045.76 4049.99 4054.34 4051.1 4035.8 4019.85 4011.64 4000.63 4012.35 3996.49 3977.87 3977.05 3978.37 3984.95 3989.82 3995.05 3999.64 4005.93 4012.18 4018.66 4031.01 4050.26 4070.14 4087.19 4099.16 4097.16 4089.84 4082.44 4074.01 4064.22 4054.06 4046.45 4039.55 4036.21 4034.68 4032.69 4030.85 4031.28 4030 4031.18 4033.06 4033.54 4032.29 4030.18 4028.23 4028.55 4030.17 4028.67 4027 4027.83 4032.78 4044.51 4065.97 4068.74 4067.08 4059.44 4052.13 4047.23 4040.07 4038.7 4032 4026.78 4023.18 4024.48
4049.79 4057.83 4050.53 4047.41 4045.39 4043.25 4037.38 4019.1 4003 3989.04 3980.22 3986.48 3983.76 3975.62 3978.41 3982.27 3988.24 3991.64 3996.49 4001.88 4010.01 4015.32 4022.22 4038.75 4061.63 4079.54 4088.98 4094.32 4086.7 4078.35 4074.31 4067.1 4057.58 4048.21 4042.6 4038.55 4036.76 4035.89 4034.01 4031.49 4031.18 4031.28 4032.76 4036.15 4038.02 4039.73 4037.94 4035.23 4035.66 4038.55 4036.08 4032.8 4032.31 4035.83 4056.81 4076.64 4082.52 4078.11 4071.26 4062.45 4056.58 4053.65 4048.26 4037.45 4028.15 4021.4 4022.84
4064.43 4067.05 4054.86 4047.46 4040.03 4030.6 4019.5 4002.78 3991.22 3981.81 3978.28 3978.32 3977.14 3973.24 3979.19 3986.87 3989.86 3993.57 4000.77 4006.28 4012.61 4018.13 4027 4048.91 4068.94 4082.45 4084.39 4080.93 4075.12 4067.55 4063.59 4058.9 4051.85 4044.63 4040.52 4039.3 4037.49 4036.35 4034.01 4031.04 4031.09 4032.99 4034.69 4038.42 4040.83 4042.16 4042.34 4042.12 4046.15 4047.3 4043.84 4039.44 4038.48 4044.75 4074.29 4092.71 4096.18 4091.11 4081.05 4071.34 4066.5 4067.98 4061.78 4045.44 4030.99 4022.13 4025.8
4065.94 4065.14 4055.49 4046.65 4037.82 4027 4010.62 3997.6 3992.03 3988.35 3982.55 3979.63 3978.91 3978.29 3981.99 3989.35 3993.93 3996.38 4003.66 4009.53 4016.29 4021.02 4035.89 4057.55 4071.53 4079.66 4076.26 4070.19 4062.56 4057.61 4055.21 4051.78 4047.19 4042.53 4039.88 4039.17 4037.16 4036.13 4033.63 4030.51 4030.87 4033.85 4035.53 4038.2 4042.4 4046 4046.5 4050.24 4057.67 4055.33 4049.76 4041 4046.71 4060.13 4089.5 4103.79 4101.66 4098.57 4089.77 4081.18 4078.09 4079.41 4067.97 4048.14 4035.3 4026.26 4028.85
4056.01 4054.38 4051.61 4044.68 4035.95 4025.9 4013.97 4004.8 3998.61 3993.6 3988.89 3983.2 3984.24 3982.29 3983.21 3993.37 3998.03 4001.62 4007.91 4014.39 4018.3 4023.06 4043.96 4062.93 4069.33 4070.4 4063.83 4056.93 4051.84 4048.17 4046.77 4045.22 4043.38 4041.79 4040.71 4039.76 4037.71 4035.46 4033.56 4031.39 4031.77 4034.4 4036.12 4040.34 4043.85 4046.78 4048.89 4052.4 4059.85 4058.13 4052.02 4044.65 4058.23 4079.05 4106.18 4113.79 4111.34 4106.93 4098.98 4090.88 4086.01 4075.03 4065.62 4051.65 4042.58 4036.03 4035
4045.94 4044.06 4045.79 4044.33 4037.98 4031.56 4025.92 4018.52 4008.16 4000.68 3993.48 3991.34 3990.27 3987.87 3987.38 3995.18 4001.99 4007.73 4012.99 4018.46 4024.23 4033.5 4048.27 4063.5 4062.01 4056.56 4049.87 4045.3 4043.49 4039.58 4038.46 4038.8 4039.95 4041.02 4041.94 4041.14 4038.45 4037.23 4035.51 4033.72 4033.95 4037.32 4040.88 4042.5 4046.52 4048.76 4050.52 4054.53 4060.65 4059.06 4052.22 4053.79 4073.66 4102.39 4120.28 4125.01 4119.56 4114.87 4107.22 4095.21 4085.86 4072.49 4065.6 4058.78 4052.25 4050.73 4051.02
4036.96 4036.94 4043.78 4046.27 4044.47 4041.59 4038.68 4032.91 4018.3 4008.45 3997.11 3995.23 3994.91 3993.42 3993.29 3997.85 4008.43 4016.35 4020.48 4027.45 4038.96 4046.8 4049.13 4051.73 4049.76 4043.42 4038.62 4035.74 4034.13 4030.94 4029.07 4033.14 4037.22 4040.31 4042.21 4041.62 4039.3 4040.59 4039.07 4036.45 4033.91 4038.78 4041.25 4047.45 4054.15 4056.82 4061.24 4064.19 4071.62 4063.92 4056.63 4068.21 4096.53 4118.3 4136.36 4136.04 4129.91 4124.73 4116.97 4106.31 4091.21 4083.06 4070.98 4062.24 4060.89 4062.91 4058.88
4022.91 4024.07 4038.22 4046.23 4048.9 4046.84 4044.29 4034.86 4019.08 4006.99 3995.76 3993.66 3997.22 3997.32 4002.27 4008.44 4018.66 4027.35 4033.53 4048.4 4054.81 4051.61 4044.53 4038.65 4035.03 4031.22 4028.2 4024.31 4022.62 4024.35 4025.01 4031.11 4036.53 4040.87 4043.84 4044.64 4044.21 4045.94 4044.51 4042.62 4041.45 4043.82 4044.78 4052.36 4059.79 4064.48 4067.87 4074.5 4077.05 4065.72 4060.43 4088.75 4120.8 4138.1 4152.77 4150.12 4144.21 4135.66 4127.1 4115.8 4102.46 4093.01 4078.59 4071.08 4070.19 4072.22 4065.37
3992.81 3999.94 4022.97 4037.32 4043.59 4040.6 4033.58 4020.52 4009.65 4001.14 3994.76 3992.78 3999.72 4002.52 4009.27 4016.19 4028.96 4041.02 4052.7 4061.84 4056.85 4046.42 4031.93 4022.64 4021.2 4020.04 4017.23 4016.14 4018.22 4023.96 4029.07 4032.55 4037.57 4042.83 4047.16 4049.35 4049.98 4050.55 4050.71 4050.73 4053.35 4053.31 4054.68 4060.08 4066.65 4071.8 4076.95 4077.97 4072.5 4066.43 4072.66 4101.55 4139.21 4153.15 4164.08 4163.14 4156.19 4148.67 4141.87 4129.98 4111.25 4103.01 4089.09 4083.9 4080.75 4077.73 4069.09
3974.48 3979.98 4004.47 4021.66 4027.44 4026.79 4020.56 4012.49 4006.28 3999.77 3991.98 4000.02 4004.65 4008.37 4014.83 4021.44 4035.88 4053.01 4062.67 4062.13 4046.83 4031.95 4021.97 4016.77 4014.1 4012.67 4012.22 4012.73 4016.81 4023.53 4028.38 4032.37 4038.66 4045.19 4051.01 4054.81 4056.01 4057.68 4056.08 4056.65 4057.68 4060.25 4064.84 4069 4073.67 4078.83 4081.65 4079.16 4072.4 4074.53 4095.11 4125.4 4151.22 4165.05 4174.86 4174.97 4172.31 4162.12 4154.16 4142.36 4126.15 4114.12 4103.1 4095.62 4091.36 4088.55 4084.63
3964.97 3971.53 3994.38 4012.23 4017.38 4016.28 4012.41 4008.72 4004.98 4000.63 3993.02 4007.12 4010.98 4015.71 4019.24 4024.55 4042.65 4056.32 4060.27 4050.27 4031.85 4023.24 4014.85 4009.35 4007.14 4007.23 4009.08 4012.69 4017.74 4023.16 4027.25 4031.81 4039.59 4047.54 4055.41 4061.14 4062.27 4059.2 4059.59 4062.41 4065.82 4070.72 4075.88 4079.66 4084.17 4087.91 4088.24 4086.36 4083.23 4090.79 4116.05 4142.73 4159.48 4173.96 4183.5 4185.39 4186.14 4169.98 4156.99 4144.59 4131 4117.31 4115.6 4109.21 4105.87 4111.4 4105.46
3956.32 3970.11 3990.74 4007.82 4012.62 4011.2 4008.58 4006.66 4005.75 4006.06 3999.48 4015.51 4018.96 4023.56 4023.12 4023.41 4044.54 4056.65 4053.77 4038.05 4023.37 4015.2 4008.15 4002.62 4001.33 4002.98 4007.39 4014.83 4019 4022.18 4027.1 4033.43 4039.88 4048.64 4058.5 4067.71 4065.07 4060.68 4063.3 4069.01 4075.49 4082.03 4086.47 4090.03 4096.05 4098.49 4098.28 4099.33 4104.04 4118.65 4132.21 4145.66 4162.35 4176.64 4185.96 4189.97 4191.71 4173.76 4153.65 4142.74 4132.59 4124.77 4122.25 4121.98 4123.86 4127.79 4125.93
3953.88 3971.77 3990.03 4005.28 4009.46 4009.72 4008.86 4007.87 4008.48 4015.09 4007.04 4023.5 4024.71 4026.67 4024.66 4024.57 4042.19 4050.64 4046.02 4027.41 4014.82 4008.34 4002.3 3997.3 3996.32 4000.08 4007.87 4013.23 4018.96 4023.5 4026.71 4030.51 4037.71 4047.32 4057.67 4066.26 4065.42 4065.91 4069.29 4076.42 4083.8 4090.93 4096.99 4102.06 4105.06 4106.5 4106.59 4109.74 4124.42 4139.03 4142.28 4148.7 4159.83 4174.14 4183.14 4186.33 4185.96 4171.9 4153.92 4139.24 4130.09 4122.15 4125.63 4131.02 4137.01 4139.37 4140.87
3951.89 3973.9 3990.16 4003.21 4008.36 4010.13 4011.04 4011.96 4014.85 4020.69 4013.75 4026.24 4027.06 4027.01 4028.16 4031.55 4041.69 4044.51 4034.39 4016.37 4008.23 4001.88 3998.57 3995.41 3995.73 3999.32 4005.34 4011.88 4019.02 4024.55 4025.7 4027.13 4034.36 4044.6 4054.27 4061.64 4065.58 4069 4076.34 4084.94 4092.66 4098.65 4106.27 4111.26 4110.38 4109.45 4112.86 4122.22 4131.98 4140.49 4140.32 4142.36 4149.17 4161.73 4172.1 4173.37 4170.94 4162.02 4149.6 4131.19 4124.61 4119.95 4123.34 4134.2 4146.64 4155.43 4152.57
3953.06 3975.22 3990.06 4002.42 4009.61 4011.33 4013.67 4016.27 4020.17 4024.14 4019.13 4027.24 4027.57 4028.26 4031.23 4038.31 4037.04 4030.69 4016.34 4007.33 4003.01 3999.52 3997.59 3995.95 3996.5 3998.52 4006.1 4015.06 4019.39 4022.74 4024.51 4026.12 4032.99 4042.61 4051.6 4059.19 4065.5 4072.06 4083.6 4094.19 4103.08 4110.98 4116.64 4117.63 4112.29 4107.84 4111.82 4120.45 4124.8 4128.44 4130.54 4134.53 4140.66 4145.63 4152.76 4155.41 4152.32 4144.01 4135.83 4126.78 4123.53 4117.59 4124.84 4141.4 4155.87 4165.45 4164.32
3956.32 3975.08 3988.3 4001.66 4011.3 4014.01 4016.59 4019.29 4021.97 4024.05 4027.52 4029.08 4030.25 4030.94 4030.13 4026.08 4021.56 4015.19 4009.98 4004.23 4002.06 4000.1 3998.53 3997.12 3997.48 3999.9 4009.72 4017.38 4018.76 4020.17 4024.15 4027.84 4033.97 4041.68 4049.9 4057.83 4064.68 4072.93 4091.81 4102.79 4112.53 4122.24 4126.42 4122.81 4114.1 4107.44 4105.41 4105.78 4108.67 4113.23 4119.6 4122.6 4126.61 4126.79 4129.9 4133.4 4132.5 4123.78 4116.41 4113.32 4111.83 4116.78 4127.33 4148.5 4159.45 4170.12 4171.94
3958.15 3972.67 3982.78 3994.71 4008.47 4015.8 4018.44 4021.08 4023.05 4024.57 4024.68 4029.99 4036.6 4037.49 4027.48 4018.63 4012.54 4009.14 4007.73 4005.14 4003.66 4001.12 4000.03 3999.33 4000.46 4009.06 4013.03 4014.51 4017.32 4021.69 4024.2 4028.29 4034.36 4041.55 4049.67 4057.73 4066.34 4076.95 4096.61 4109.23 4118.4 4126.29 4129.31 4125.47 4116.44 4104.8 4097.9 4094.73 4095.98 4100.68 4106.92 4108.54 4108.46 4109.34 4112.59 4115.32 4116.62 4113.79 4109.48 4106.03 4108.96 4113.66 4123.74 4139.93 4155.22 4169.22 4173.47
3958.59 3969.34 3974.14 3980 3997.41 4010.08 4018.18 4020.67 4023.04 4023.37 4026.63 4031.87 4035.06 4030.87 4021.36 4012.21 4007.02 4006.28 4007.47 4005.63 4005.5 4003.55 4002.24 4002.8 4005.57 4007.6 4011.79 4013.21 4016.07 4020.1 4023.24 4027.89 4034.04 4041.83 4050.44 4059.31 4068.04 4084.66 4102.81 4112.8 4119.9 4125.18 4126.54 4120.72 4111.41 4097.51 4089.25 4085.56 4085.61 4089.01 4092.05 4096.34 4096.9 4101.73 4104.31 4104.34 4105.61 4106.57 4103.21 4101.58 4104.47 4105.94 4120.95 4136.47 4150.26 4163.74 4171.83
3962.84 3967.08 3966.45 3969.14 3990.47 4010.03 4022.35 4028.09 4033.17 4033.33 4031.94 4033.37 4030.14 4022.17 4011.87 4009.41 4008.49 4007.79 4008.49 4006.37 4005.93 4005.26 4004.43 4005.02 4006.82 4011.84 4011.88 4013.61 4013.47 4016.01 4021.73 4027.83 4034.16 4043.26 4052.45 4062.06 4073.21 4091.14 4107.29 4113.67 4117.77 4119.95 4119.01 4108.47 4094.34 4082.53 4076.73 4076.69 4079.9 4084.03 4085.59 4090.09 4094.5 4098.44 4098.26 4094.26 4096.18 4097.37 4094.6 4098.55 4104.47 4107.25 4118.68 4132.17 4144.09 4158.27 4169.31
3961.34 3964.05 3962.01 3964.74 3988.51 4013.72 4030.77 4044.68 4049.06 4038.94 4040.25 4032.64 4017.84 4011.17 4007.82 4008.81 4008.49 4009.12 4010.24 4007.55 4006.59 4005.81 4003.79 4006.01 4009.45 4010.66 4011.38 4011.68 4010.82 4014.01 4021.3 4029.37 4038.25 4046.59 4054.88 4064.2 4076.66 4095.08 4109.38 4112.41 4112.4 4110.3 4105.7 4092.06 4074.46 4064.22 4063.18 4068.89 4076.19 4082.15 4086.58 4088.92 4091.69 4092.41 4090.07 4086.46 4088.33 4091.17 4091.14 4097.91 4102.75 4108.07 4117.13 4128.89 4139.3 4153.15 4164.35
3960.17 3960.98 3960.44 3967.71 3992.49 4018.22 4036.28 4049.73 4052.09 4035.11 4038.71 4023.92 4009.55 4007.39 4009.56 4010.12 4010.98 4009.31 4010.66 4010.6 4009.59 4006.41 4004.96 4007.21 4009.76 4012.56 4009.74 4010.39 4009.8 4014.06 4022.4 4031.49 4040.97 4048.74 4056.17 4066.27 4081.57 4098.89 4108.71 4108.33 4103.47 4097 4088.45 4073.95 4055.71 4048.64 4054.54 4061.22 4069.03 4077.01 4084.37 4087.31 4089.87 4087.01 4081.43 4079.04 4082.15 4084.37 4086.18 4094.82 4100.22 4105.68 4113.96 4123.08 4133.5 4144.62 4155
