real_craters/C195-750m.grd
DSAA
247 247
-92.4175 92.4175
-92.4175 92.4175
2435.0083708854 5058.7211231825
[rows 190 to 227 of 247, columns 0 to 83 of 247]
4001 4013 4031 4052 4065 4072 4069 4059 4049 4029 4041 4038 4035 4035 4033 4029 4027 4025 4023 4027 4033 4048 4068 4092 4116 4130 4129 4124 4113 4101 4092 4087 4076 4066 4057 4044 4032 4019 4010 4001 3997 3999 3999 4001 4007 4003 3990 3985 3990 3996 4003 4014 4031 4029 4024 4022 4025 4030 4021 4010 4005 4006 4019 4022 4024 4025 4025 4026 4028 4033 4035 4035 4033 4031 4035 4026 4015 4004 4004 4019 4017 4019 4027 4030
4002 4019 4041 4073 4094 4101 4091 4077 4066 4045 4044 4036 4028 4026 4023 4024 4023 4018 4017 4018 4021 4029 4045 4067 4093 4117 4121 4123 4115 4101 4089 4082 4070 4058 4045 4033 4019 4010 4007 4003 4001 4005 4007 4002 3999 3991 3977 3976 3983 3989 3995 4008 4019 4020 4025 4034 4039 4031 4027 4017 4015 4024 4028 4026 4027 4029 4031 4032 4031 4033 4028 4036 4033 4030 4028 4009 4004 4004 4009 4014 4010 4015 4023 4027
4005 4023 4051 4096 4132 4140 4118 4093 4080 4044 4046 4033 4024 4018 4016 4014 4012 4009 4008 4007 4008 4013 4024 4044 4067 4097 4112 4118 4113 4099 4084 4073 4062 4051 4039 4027 4019 4013 4011 4009 4009 4014 4007 4000 4005 3999 3979 3977 3973 3977 3989 4002 4016 4022 4027 4040 4049 4050 4038 4031 4037 4046 4040 4031 4031 4035 4039 4042 4043 4037 4027 4031 4035 4030 4024 4006 4000 3999 3999 4004 4006 4013 4021 4027
4008 4027 4057 4114 4200 4181 4128 4101 4082 4050 4040 4027 4016 4007 4003 3998 3998 3998 3999 3998 4000 4004 4012 4025 4041 4069 4101 4114 4111 4095 4080 4064 4053 4046 4038 4024 4019 4011 4002 4008 4011 4001 4001 4001 4004 4001 3985 3982 3974 3978 3983 3996 4007 4019 4030 4043 4058 4050 4046 4045 4047 4054 4048 4035 4035 4039 4044 4049 4045 4033 4030 4040 4040 4032 4017 3998 3999 3998 3999 4006 4007 4013 4018 4026
4015 4035 4059 4101 4141 4138 4111 4090 4067 4046 4032 4019 4007 4001 3996 3992 3993 3994 3994 3994 4000 4010 4014 4021 4034 4057 4095 4111 4108 4093 4076 4059 4047 4040 4034 4024 4017 4009 4006 4015 4013 4003 3984 3989 3989 3982 3981 3980 3979 3983 3988 3995 4005 4024 4021 4031 4039 4045 4052 4060 4076 4069 4052 4041 4041 4044 4048 4052 4047 4032 4029 4032 4038 4031 4010 4007 4001 4001 4005 4013 4012 4014 4022 4032
4031 4049 4066 4090 4101 4099 4067 4042 4044 4034 4021 4011 4005 3998 3995 3994 3992 3991 3991 3997 4008 4016 4021 4024 4033 4062 4093 4108 4104 4084 4066 4051 4040 4032 4025 4019 4014 4010 4010 4013 4008 3999 3983 3982 3979 3975 3974 3974 3981 3988 3990 3997 4008 4009 4011 4022 4030 4040 4051 4064 4076 4074 4058 4051 4045 4046 4050 4051 4045 4032 4029 4027 4031 4036 4016 4006 4003 4003 4005 4007 4005 4019 4031 4035
4044 4059 4075 4083 4072 4057 4037 4027 4027 4022 4015 4011 4008 4004 3999 3998 3998 3993 3993 4000 4011 4017 4026 4030 4037 4067 4093 4094 4079 4061 4043 4033 4027 4023 4016 4012 4011 4011 4007 4000 4006 4004 3996 3985 3977 3972 3971 3968 3980 3987 3986 3999 4009 4008 4008 4016 4032 4040 4046 4057 4069 4058 4056 4043 4038 4043 4051 4055 4055 4047 4044 4042 4028 4018 4013 4008 4006 4004 4005 4013 4022 4022 4023 4025
4027 4041 4068 4070 4058 4040 4026 4013 4009 4012 4013 4015 4014 4013 4010 4007 4006 4004 4003 4008 4013 4017 4032 4041 4053 4071 4085 4072 4056 4039 4026 4025 4024 4016 4008 4002 4003 3997 3985 3989 3997 3999 3994 3985 3977 3973 3972 3972 3984 3994 3998 4006 4008 4005 4004 4010 4013 4022 4033 4041 4046 4048 4056 4037 4032 4044 4057 4071 4076 4082 4068 4046 4017 4026 4016 4012 4007 4004 4002 4003 4020 4023 4023 4023
4013 4023 4042 4058 4057 4039 4025 4007 4003 4007 4008 4015 4022 4023 4025 4023 4026 4022 4017 4016 4024 4032 4046 4053 4060 4064 4059 4057 4045 4032 4026 4022 4017 4005 4000 4001 3986 3975 3971 3974 3987 3990 3987 3983 3977 3976 3983 3980 3987 4002 4011 4012 4005 4001 4002 4009 4009 4014 4024 4031 4043 4046 4043 4034 4032 4046 4063 4074 4085 4095 4096 4034 4014 4021 4022 4015 4009 4005 4002 4002 4015 4027 4033 4040
4019 4020 4038 4050 4048 4039 4029 4020 4008 4015 4013 4020 4031 4035 4046 4057 4055 4043 4035 4037 4050 4073 4072 4068 4063 4057 4050 4041 4039 4034 4021 4006 3991 3989 3988 3982 3977 3972 3968 3969 3986 3988 3987 3985 3980 3981 3995 3999 4004 4013 4018 4023 4017 4007 4005 4013 4015 4020 4023 4032 4046 4045 4039 4035 4036 4050 4068 4080 4081 4069 4047 4008 4005 4012 4012 4013 4011 4009 4007 4009 4022 4035 4046 4046
4023 4023 4032 4037 4036 4036 4034 4034 4028 4029 4028 4039 4051 4053 4066 4080 4069 4057 4056 4064 4084 4101 4102 4082 4066 4053 4036 4026 4030 4026 4014 4006 3996 3988 3983 3975 3974 3983 3975 3978 3993 3986 3990 3991 3987 3989 4004 4017 4027 4024 4026 4030 4026 4014 4010 4023 4023 4019 4022 4023 4035 4043 4040 4036 4038 4051 4070 4084 4074 4061 4013 4005 4008 4011 4012 4015 4014 4013 4015 4021 4032 4045 4058 4063
4021 4021 4024 4026 4025 4029 4028 4037 4023 4034 4037 4064 4071 4064 4058 4056 4059 4060 4065 4086 4106 4110 4100 4080 4062 4047 4035 4030 4028 4022 4013 4008 4004 3996 3988 3983 3994 3994 3994 3996 3997 3990 3991 3994 3999 4000 3998 4014 4024 4027 4029 4031 4028 4019 4016 4028 4036 4030 4030 4026 4032 4041 4043 4041 4038 4045 4061 4070 4060 4047 4049 4036 4011 4013 4024 4020 4015 4015 4018 4026 4034 4047 4061 4064
4019 4019 4020 4021 4020 4023 4029 4034 4030 4027 4036 4052 4045 4035 4032 4039 4048 4060 4074 4099 4109 4102 4086 4070 4055 4042 4039 4031 4028 4021 4014 4009 4006 4000 3997 3995 3993 3994 4006 4010 4006 3996 3989 3993 4008 4009 4000 4010 4023 4027 4031 4033 4029 4021 4014 4020 4034 4040 4038 4037 4031 4036 4043 4044 4037 4036 4039 4042 4042 4042 4048 4032 4011 4011 4014 4009 4013 4016 4018 4017 4021 4037 4043 4047
4015 4019 4023 4026 4026 4026 4027 4028 4021 4009 3996 4000 4007 4015 4023 4035 4039 4060 4086 4101 4101 4091 4076 4058 4046 4039 4036 4031 4028 4025 4019 4013 4009 4005 4004 4004 4003 4015 4037 4028 4014 4006 3998 3997 4013 4012 4003 4009 4019 4024 4030 4036 4031 4026 4023 4030 4037 4038 4034 4030 4031 4034 4041 4044 4036 4031 4026 4025 4029 4028 4023 4011 3998 4000 3998 4001 4010 4018 4021 4018 4012 4026 4032 4033
4016 4024 4033 4042 4040 4031 4028 4021 4012 3993 3982 3985 3992 4004 4014 4021 4030 4063 4091 4099 4092 4081 4067 4048 4039 4034 4032 4032 4032 4029 4024 4018 4016 4013 4014 4016 4022 4036 4051 4041 4026 4018 4013 4011 4018 4017 4011 4013 4015 4017 4021 4029 4030 4030 4036 4049 4050 4041 4033 4025 4023 4033 4039 4041 4042 4040 4034 4027 4023 4019 4011 4001 3993 3992 3996 4001 4010 4021 4031 4030 4014 4015 4024 4031
4024 4033 4043 4053 4051 4033 4021 4007 4002 3979 3978 3985 3995 4003 4012 4022 4042 4074 4099 4097 4085 4073 4059 4044 4036 4032 4031 4032 4031 4032 4029 4025 4024 4025 4024 4027 4037 4060 4062 4048 4039 4033 4027 4026 4029 4022 4016 4013 4009 4009 4009 4012 4019 4026 4036 4041 4045 4043 4035 4028 4026 4031 4041 4050 4054 4050 4038 4028 4018 4011 4006 3999 3998 3997 3998 4002 4008 4022 4039 4045 4021 4024 4027 4030
4046 4051 4047 4046 4040 4014 3992 3981 3985 3976 3982 3990 3996 4006 4015 4028 4061 4085 4096 4084 4076 4063 4048 4041 4036 4035 4031 4031 4033 4037 4039 4036 4035 4036 4031 4033 4059 4079 4075 4064 4055 4050 4035 4023 4023 4021 4013 3999 4003 4006 4005 4002 4003 4016 4030 4043 4043 4041 4044 4039 4039 4047 4062 4072 4076 4071 4042 4028 4025 4013 4005 4002 4005 4009 4002 3994 4001 4018 4034 4037 4026 4024 4029 4027
4068 4060 4047 4034 4015 3993 3983 3978 3977 3976 3988 3993 4002 4011 4019 4043 4071 4083 4077 4067 4061 4053 4043 4040 4037 4035 4031 4032 4036 4040 4044 4043 4051 4048 4040 4045 4086 4097 4092 4077 4071 4070 4044 4025 4030 4024 4016 4006 4007 4008 4002 4000 3995 4011 4022 4034 4024 4030 4040 4045 4054 4067 4081 4093 4099 4071 4047 4026 4010 4006 4004 4004 4000 4001 3998 3993 3997 4011 4026 4032 4025 4028 4033 4025
4057 4056 4045 4031 4012 4000 3993 3981 3983 3982 3993 4000 4007 4017 4023 4055 4070 4069 4058 4051 4048 4045 4042 4040 4037 4034 4031 4033 4036 4042 4047 4051 4060 4056 4044 4068 4107 4109 4105 4093 4085 4071 4049 4036 4033 4032 4027 4025 4019 4007 4001 4005 4023 4015 4013 4009 4012 4012 4021 4041 4066 4078 4089 4095 4088 4074 4045 4024 4008 4004 4002 3998 3995 3995 3998 3994 3995 4006 4015 4021 4024 4028 4031 4025
4044 4043 4045 4037 4031 4018 4004 3983 3992 3990 3997 4007 4015 4025 4040 4056 4058 4049 4042 4038 4035 4038 4041 4042 4038 4037 4034 4036 4041 4047 4051 4056 4064 4056 4059 4098 4126 4127 4117 4104 4085 4069 4059 4055 4054 4045 4040 4038 4029 4025 4014 4016 4028 4015 4007 4001 3995 3995 4004 4023 4049 4069 4083 4092 4092 4067 4036 4026 4018 4009 4002 3996 3991 3996 4000 3997 3995 4005 4014 4018 4022 4027 4025 4026
4026 4032 4047 4048 4044 4027 4008 3985 3997 3997 4007 4022 4032 4051 4051 4043 4037 4031 4026 4025 4025 4034 4041 4044 4043 4044 4041 4041 4044 4057 4064 4071 4076 4060 4095 4130 4151 4143 4133 4118 4100 4081 4068 4070 4063 4057 4051 4048 4034 4024 4010 4011 4014 4007 3998 3995 3990 3990 3992 4005 4020 4047 4073 4085 4081 4061 4038 4030 4027 4014 4005 3998 3999 4003 4007 4005 4009 4007 4006 4013 4018 4025 4028 4025
3983 4004 4032 4038 4028 4011 4000 3991 4002 4008 4019 4040 4058 4060 4040 4022 4018 4016 4014 4021 4030 4036 4044 4050 4052 4053 4053 4056 4059 4067 4075 4079 4070 4075 4115 4153 4168 4164 4153 4141 4115 4098 4087 4082 4072 4072 4067 4051 4035 4032 4023 4010 3999 3992 3987 3981 3986 3996 4001 4006 4006 4027 4053 4067 4068 4055 4032 4024 4019 4013 4008 4003 3999 4005 4004 4007 4011 4007 4004 4008 4014 4020 4022 4019
3965 3984 4013 4018 4013 4007 4000 4003 4011 4016 4025 4051 4061 4041 4024 4012 4008 4009 4013 4021 4028 4036 4048 4059 4062 4059 4062 4066 4075 4081 4087 4086 4081 4103 4144 4168 4183 4186 4167 4149 4128 4115 4106 4107 4101 4096 4088 4074 4060 4042 4028 4015 4001 3994 3989 3984 3986 3994 4010 3997 3997 4013 4031 4042 4049 4041 4025 4014 4011 4012 4011 4009 4004 4001 4001 4004 4009 4007 4002 4007 4011 4011 4011 4009
3957 3980 4007 4011 4008 4006 4009 4012 4021 4025 4023 4054 4049 4025 4013 4002 3999 4005 4015 4021 4027 4036 4049 4065 4065 4063 4072 4083 4091 4098 4102 4102 4114 4134 4149 4172 4186 4193 4171 4146 4131 4124 4126 4131 4132 4122 4109 4092 4075 4056 4039 4025 4014 4008 4000 3990 3985 3977 3995 3992 3994 4005 4019 4029 4037 4035 4022 4014 4012 4013 4012 4013 4006 4003 4000 4000 4007 4011 4010 4011 4012 4009 3999 3999
3948 3982 4004 4010 4011 4012 4020 4020 4027 4027 4030 4047 4035 4012 4002 3997 3996 4003 4013 4022 4026 4031 4046 4060 4066 4073 4085 4095 4106 4110 4110 4117 4134 4141 4144 4159 4174 4175 4161 4138 4124 4121 4136 4152 4150 4140 4125 4106 4083 4066 4054 4036 4024 4016 4005 3991 3974 3969 3976 3976 3988 4000 4012 4018 4025 4025 4017 4019 4018 4016 4013 4006 4006 4001 3998 3992 4002 4009 4010 4013 4016 4014 4005 4005
3957 3983 4003 4012 4015 4019 4025 4027 4028 4029 4035 4028 4012 4003 3999 3997 3997 4002 4017 4021 4024 4030 4043 4055 4066 4082 4099 4112 4121 4115 4107 4113 4120 4125 4131 4137 4145 4147 4134 4124 4120 4121 4148 4166 4167 4161 4147 4122 4095 4076 4061 4043 4027 4011 4004 3991 3977 3973 3972 3973 3987 4001 4011 4018 4019 4016 4014 4021 4021 4018 4017 4018 4010 4000 4000 3986 3998 4002 4006 4014 4019 4014 4003 4011
3958 3979 3996 4013 4018 4023 4025 4027 4036 4033 4019 4011 4008 4004 4001 3999 4000 4012 4015 4020 4025 4032 4042 4054 4066 4088 4110 4123 4129 4122 4104 4097 4098 4107 4110 4111 4114 4118 4114 4107 4109 4120 4144 4166 4174 4171 4160 4137 4114 4095 4071 4050 4031 4012 4002 3995 3988 3985 3980 3988 3999 4006 4012 4016 4014 4009 4014 4020 4021 4019 4016 4015 4018 4009 3998 4009 4004 3999 4005 4011 4018 4013 4003 4014
3960 3970 3975 4003 4019 4022 4024 4031 4033 4023 4011 4006 4008 4006 4005 4003 4007 4011 4013 4018 4023 4031 4043 4056 4070 4100 4114 4122 4124 4111 4091 4083 4083 4088 4094 4098 4102 4101 4103 4099 4105 4114 4137 4157 4172 4178 4169 4150 4126 4101 4083 4061 4042 4024 4009 4004 3998 3991 3989 3999 4010 4009 4010 4012 4011 4010 4018 4023 4021 4019 4016 4015 4015 4015 4007 4014 4011 4000 4002 4006 4009 4007 4001 4004
3962 3963 3965 4002 4030 4047 4037 4037 4019 4007 4009 4008 4010 4007 4006 4005 4010 4011 4012 4012 4022 4034 4047 4060 4078 4105 4113 4112 4106 4083 4066 4067 4078 4086 4090 4093 4091 4088 4092 4096 4104 4113 4131 4149 4167 4178 4180 4161 4141 4121 4100 4074 4059 4047 4036 4019 4007 3997 3995 3994 4006 4004 4004 4006 4006 4009 4013 4015 4018 4018 4017 4015 4017 4025 4014 4015 4015 4004 4000 4001 4002 4003 4008 4018
3959 3960 3969 4010 4037 4051 4035 4025 4008 4008 4010 4010 4011 4011 4007 4007 4010 4009 4010 4011 4024 4038 4049 4061 4083 4104 4105 4094 4080 4056 4044 4055 4067 4079 4086 4088 4078 4079 4083 4091 4098 4107 4122 4138 4153 4161 4164 4164 4158 4146 4119 4094 4074 4061 4047 4029 4016 4008 4000 3994 3989 3994 3997 4000 4000 4002 4009 4017 4017 4017 4019 4015 4017 4029 4026 4024 4021 4010 4004 4001 3996 4002 4012 4017
3952 3962 3976 4020 4038 4041 4023 4012 4006 4007 4011 4011 4013 4013 4012 4016 4012 4011 4011 4018 4028 4039 4048 4052 4066 4083 4082 4068 4049 4030 4023 4035 4051 4062 4073 4076 4073 4073 4077 4082 4087 4096 4109 4123 4135 4148 4160 4168 4172 4164 4133 4104 4075 4068 4057 4038 4029 4020 4016 4011 3992 3988 3991 3996 4001 4009 4018 4021 4015 4014 4014 4013 4017 4026 4030 4029 4023 4018 4011 4006 4003 4002 4003 3999
3959 3974 3993 4024 4033 4028 4006 4013 4009 4008 4009 4011 4014 4014 4017 4021 4014 4013 4014 4026 4031 4036 4041 4044 4048 4052 4051 4042 4026 4015 4013 4017 4035 4050 4061 4065 4064 4065 4070 4073 4076 4086 4098 4107 4118 4138 4157 4172 4184 4179 4133 4079 4063 4069 4067 4051 4044 4033 4032 4019 3991 3984 3988 3993 4001 4012 4023 4015 4009 4010 4011 4010 4017 4029 4034 4029 4031 4026 4022 4014 4008 4002 3994 3985
3980 3993 4006 4024 4027 4023 4004 4015 4007 4006 4007 4011 4013 4014 4017 4011 4009 4011 4016 4023 4028 4030 4031 4030 4030 4034 4031 4024 4016 4011 4005 4007 4017 4031 4048 4055 4057 4058 4064 4064 4065 4074 4085 4091 4101 4122 4153 4170 4183 4177 4137 4094 4077 4081 4080 4064 4054 4046 4036 4021 3993 3985 3989 3994 3997 4007 4024 4018 4012 4011 4009 4011 4020 4032 4039 4044 4038 4033 4027 4023 4017 4007 3996 3986
4003 4009 4015 4025 4024 4021 4002 4011 4008 4007 4009 4012 4013 4019 4010 4006 4000 4001 4009 4019 4025 4023 4019 4016 4009 4001 4008 4006 4004 4002 3998 3998 4002 4009 4022 4039 4044 4049 4057 4062 4061 4066 4071 4075 4081 4095 4130 4155 4172 4173 4154 4123 4106 4100 4091 4078 4067 4055 4043 4025 4001 3993 3998 4001 4001 4006 4020 4019 4017 4020 4024 4030 4033 4034 4033 4042 4044 4050 4039 4033 4027 4015 4002 3991
4017 4024 4022 4021 4019 4015 4003 4007 4004 4006 4009 4015 4022 4020 4008 4003 3998 4000 4000 4012 4020 4014 4007 3994 3987 3982 3984 3989 3989 3986 3983 3986 3991 3992 3998 4013 4029 4043 4052 4058 4063 4062 4064 4064 4065 4070 4094 4129 4161 4168 4148 4125 4104 4103 4099 4096 4084 4069 4051 4031 4016 4012 4014 4017 4017 4012 4020 4025 4035 4033 4040 4054 4050 4045 4039 4050 4063 4064 4051 4046 4039 4025 4011 4005
4043 4038 4027 4018 4010 4008 4004 4006 4004 4006 4010 4013 4023 4019 4010 4002 4003 4000 3990 4005 4010 4001 3990 3976 3970 3969 3969 3974 3976 3971 3971 3977 3981 3980 3987 3998 4009 4028 4044 4053 4055 4056 4054 4047 4046 4055 4070 4106 4148 4159 4144 4122 4102 4103 4106 4109 4097 4082 4063 4042 4034 4035 4035 4035 4031 4027 4032 4037 4041 4042 4052 4066 4066 4062 4059 4073 4083 4073 4060 4058 4052 4034 4015 4002
4056 4048 4030 4018 4012 4010 4004 4009 4009 4009 4011 4017 4023 4022 4013 4006 4002 3983 3978 3992 3995 3983 3968 3953 3959 3966 3972 3978 3970 3966 3968 3970 3970 3973 3980 3989 3995 4013 4031 4042 4048 4045 4035 4026 4028 4040 4054 4087 4128 4141 4132 4115 4096 4097 4105 4111 4108 4096 4078 4056 4051 4053 4056 4054 4050 4043 4042 4049 4053 4056 4063 4074 4081 4084 4089 4097 4103 4088 4076 4077 4064 4041 4017 3997
4058 4045 4029 4021 4018 4010 4002 4014 4019 4016 4015 4026 4031 4024 4015 4012 3998 3972 3946 3962 3964 3964 3955 3948 3954 3963 3970 3965 3956 3960 3964 3966 3965 3968 3977 3985 3990 3996 4012 4020 4035 4028 4013 4003 4006 4017 4037 4066 4108 4119 4115 4104 4091 4089 4099 4109 4107 4099 4091 4072 4068 4080 4075 4071 4066 4060 4068 4076 4082 4084 4086 4091 4099 4106 4113 4120 4124 4115 4096 4083 4069 4046 4021 4003
