real_craters/C195-750m.grd
DSAA
247 247
-92.4175 92.4175
-92.4175 92.4175
2435.0083708854 5058.7211231825
[rows 114 to 151 of 247, columns 84 to 167 of 247]
4470 4545 4674 4819 4791 4752 4745 4742 4647 4439 4089 3838 3624 3421 3177 2973 2874 2806 2751 2700 2664 2645 2630 2611 2569 2531 2522 2543 2628 2709 2720 2704 2690 2689 2707 2726 2741 2754 2786 2816 2846 2873 2863 2857 2830 2800 2780 2756 2741 2735 2759 2774 2785 2812 2834 2857 2880 2902 2924 2944 2965 3001 3071 3178 3323 3441 3529 3569 3665 3833 4012 4164 4338 4518 4725 4861 4795 4670 4589 4516 4407 4340 4313 4292
4461 4533 4680 4788 4857 4823 4782 4768 4623 4376 4068 3814 3583 3372 3128 2922 2827 2770 2723 2678 2651 2643 2630 2617 2587 2510 2501 2507 2555 2600 2637 2665 2687 2726 2768 2803 2839 2873 2898 2936 2971 3002 2994 2966 2928 2890 2856 2827 2803 2779 2775 2788 2801 2814 2833 2856 2881 2894 2912 2930 2951 2990 3063 3187 3349 3457 3540 3585 3678 3863 4041 4172 4304 4466 4675 4812 4789 4683 4596 4508 4431 4374 4319 4278
4458 4549 4679 4766 4880 4868 4806 4764 4578 4295 4018 3778 3531 3286 3071 2901 2806 2753 2714 2691 2671 2656 2639 2622 2573 2501 2484 2488 2508 2541 2582 2640 2699 2761 2826 2884 2937 2982 3017 3060 3098 3128 3119 3075 3024 2975 2941 2903 2867 2837 2804 2807 2813 2813 2829 2849 2868 2881 2902 2924 2949 2991 3067 3191 3339 3456 3540 3590 3686 3878 4043 4162 4277 4445 4645 4754 4734 4671 4600 4513 4450 4390 4332 4274
4441 4526 4621 4718 4804 4837 4841 4809 4590 4287 4004 3760 3504 3257 3059 2911 2801 2748 2726 2715 2701 2677 2658 2646 2597 2512 2489 2487 2499 2523 2567 2641 2723 2804 2891 2963 3029 3097 3149 3191 3223 3247 3229 3185 3129 3060 3012 2962 2907 2872 2839 2827 2822 2816 2824 2839 2855 2866 2890 2920 2956 3005 3075 3195 3334 3454 3539 3592 3675 3848 3989 4120 4252 4449 4667 4747 4725 4697 4633 4556 4494 4460 4373 4284
4426 4495 4579 4657 4757 4850 4927 4903 4609 4315 4004 3748 3494 3269 3069 2916 2826 2768 2759 2806 2748 2686 2640 2617 2593 2535 2509 2508 2518 2533 2576 2651 2738 2848 2961 3031 3105 3192 3276 3317 3342 3353 3328 3294 3229 3121 3039 2967 2913 2873 2849 2838 2828 2815 2818 2828 2838 2848 2873 2903 2936 3001 3090 3186 3320 3437 3530 3599 3658 3788 3951 4075 4244 4442 4674 4744 4744 4742 4681 4617 4572 4541 4436 4307
4395 4480 4571 4659 4752 4830 4876 4753 4541 4254 3966 3717 3471 3249 3080 2943 2840 2775 2762 2808 2751 2672 2598 2566 2575 2580 2563 2557 2561 2571 2612 2687 2773 2876 2988 3069 3156 3269 3385 3426 3445 3453 3421 3365 3254 3118 3023 2941 2900 2868 2852 2840 2825 2814 2813 2820 2830 2843 2862 2883 2912 2971 3035 3143 3260 3375 3486 3574 3650 3771 3952 4103 4260 4465 4655 4764 4777 4762 4711 4656 4600 4563 4445 4317
4396 4480 4570 4690 4831 4867 4800 4671 4457 4174 3917 3684 3455 3254 3101 2973 2858 2787 2768 2790 2730 2651 2577 2567 2626 2685 2647 2623 2620 2635 2671 2737 2809 2891 2987 3078 3183 3322 3464 3498 3504 3496 3418 3324 3191 3063 2980 2923 2886 2860 2843 2835 2821 2810 2808 2811 2821 2837 2855 2876 2905 2951 3008 3100 3200 3306 3424 3531 3649 3792 4012 4150 4309 4515 4696 4823 4815 4781 4726 4664 4603 4537 4430 4307
4400 4465 4566 4698 4894 4909 4797 4636 4409 4130 3879 3658 3452 3277 3138 3010 2870 2797 2750 2742 2703 2641 2578 2572 2649 2748 2712 2673 2670 2683 2723 2788 2831 2892 2977 3066 3167 3325 3467 3525 3518 3474 3358 3244 3109 3007 2947 2901 2872 2851 2836 2826 2813 2800 2795 2800 2813 2831 2852 2874 2908 2947 3002 3075 3157 3252 3380 3514 3654 3821 4052 4203 4374 4545 4697 4809 4836 4802 4746 4669 4603 4520 4379 4282
4376 4469 4573 4664 4813 4910 4793 4595 4358 4097 3861 3643 3453 3307 3194 3072 2927 2830 2747 2716 2696 2654 2605 2576 2615 2666 2690 2678 2688 2719 2751 2787 2816 2870 2947 3044 3157 3336 3496 3549 3503 3417 3290 3172 3036 2949 2898 2869 2854 2840 2828 2817 2802 2785 2779 2788 2805 2827 2850 2876 2912 2953 3001 3063 3141 3235 3365 3516 3677 3845 4068 4261 4478 4642 4712 4794 4866 4910 4781 4667 4587 4466 4339 4267
4364 4452 4532 4637 4787 4883 4779 4587 4316 4062 3832 3634 3466 3357 3278 3175 3023 2903 2795 2733 2714 2691 2655 2584 2571 2589 2626 2643 2669 2694 2697 2714 2771 2831 2912 3024 3176 3349 3529 3559 3462 3339 3204 3104 2986 2905 2862 2848 2842 2832 2821 2808 2790 2773 2769 2780 2798 2821 2844 2872 2905 2945 2993 3055 3132 3232 3355 3515 3684 3852 4073 4314 4581 4702 4760 4814 4879 4880 4759 4612 4495 4404 4315 4276
4342 4422 4485 4586 4737 4770 4734 4576 4317 4053 3824 3643 3499 3431 3394 3327 3164 3010 2875 2768 2735 2721 2705 2592 2547 2541 2560 2582 2609 2629 2638 2663 2719 2788 2866 2969 3126 3304 3460 3486 3381 3245 3100 3018 2929 2861 2838 2840 2835 2824 2812 2796 2780 2767 2764 2774 2796 2818 2842 2863 2898 2933 2986 3048 3119 3206 3335 3511 3699 3878 4089 4340 4595 4734 4764 4834 4877 4883 4722 4558 4440 4359 4312 4300
4304 4375 4446 4568 4695 4689 4679 4550 4293 4062 3849 3678 3563 3523 3512 3479 3308 3111 2946 2808 2743 2699 2664 2599 2532 2508 2503 2514 2537 2557 2581 2617 2677 2749 2831 2940 3076 3223 3337 3358 3278 3148 3012 2935 2885 2857 2849 2847 2837 2819 2799 2785 2777 2767 2765 2782 2798 2818 2840 2871 2899 2932 2985 3046 3115 3198 3329 3524 3718 3932 4163 4405 4610 4764 4782 4817 4846 4823 4678 4526 4429 4352 4333 4317
4269 4324 4396 4518 4633 4662 4645 4544 4290 4076 3879 3733 3648 3619 3605 3566 3390 3173 3002 2851 2745 2658 2596 2560 2514 2486 2466 2461 2470 2492 2532 2582 2645 2715 2795 2891 3019 3136 3227 3252 3181 3065 2947 2901 2873 2856 2847 2847 2836 2817 2796 2783 2776 2772 2773 2787 2802 2820 2841 2872 2905 2938 2993 3057 3126 3203 3339 3539 3734 3957 4218 4458 4650 4766 4781 4806 4825 4797 4662 4514 4429 4355 4320 4304
4246 4270 4319 4413 4556 4626 4569 4477 4268 4077 3902 3791 3752 3702 3674 3607 3426 3229 3061 2894 2773 2666 2595 2550 2513 2483 2458 2441 2436 2452 2489 2550 2612 2683 2760 2845 2949 3045 3125 3160 3097 3000 2906 2883 2862 2846 2836 2844 2833 2809 2794 2782 2775 2773 2777 2789 2804 2822 2844 2875 2914 2952 3005 3069 3143 3219 3354 3546 3745 3965 4203 4447 4682 4774 4785 4806 4825 4816 4703 4541 4450 4370 4322 4286
4231 4232 4263 4349 4475 4563 4523 4408 4241 4073 3922 3811 3777 3753 3721 3635 3509 3336 3149 2968 2839 2736 2662 2583 2528 2496 2471 2451 2435 2435 2457 2518 2588 2654 2722 2794 2867 2950 3018 3050 3015 2951 2890 2865 2848 2832 2818 2803 2796 2794 2787 2776 2772 2771 2773 2783 2798 2822 2850 2883 2913 2958 3019 3090 3152 3241 3373 3553 3776 3993 4244 4495 4702 4806 4791 4806 4832 4841 4765 4585 4459 4379 4338 4282
4216 4216 4229 4288 4383 4445 4442 4369 4267 4111 3951 3812 3784 3789 3805 3781 3626 3436 3256 3065 2922 2831 2723 2613 2545 2507 2488 2470 2448 2446 2467 2513 2575 2630 2679 2725 2788 2861 2921 2954 2941 2903 2864 2847 2833 2821 2807 2797 2789 2786 2779 2771 2771 2767 2764 2762 2784 2817 2855 2892 2918 2969 3039 3111 3177 3267 3406 3578 3802 4040 4296 4574 4755 4821 4799 4805 4829 4849 4821 4618 4460 4384 4346 4293
4214 4214 4220 4261 4332 4389 4371 4348 4313 4172 4011 3860 3823 3821 3841 3901 3741 3550 3357 3152 2985 2867 2759 2645 2559 2522 2510 2493 2477 2480 2502 2542 2583 2618 2647 2674 2727 2788 2838 2865 2867 2857 2841 2830 2819 2810 2801 2797 2790 2782 2774 2767 2762 2759 2743 2730 2766 2814 2865 2909 2940 2997 3069 3145 3216 3302 3441 3609 3829 4056 4321 4587 4788 4823 4797 4801 4814 4810 4750 4606 4470 4393 4363 4314
4234 4233 4240 4271 4336 4393 4347 4354 4340 4243 4105 3952 3875 3861 3869 3919 3810 3652 3451 3225 3037 2903 2795 2691 2602 2558 2544 2535 2535 2551 2574 2591 2608 2626 2639 2650 2689 2740 2779 2796 2809 2818 2817 2815 2810 2804 2796 2792 2791 2780 2766 2753 2749 2755 2756 2723 2766 2820 2876 2936 2979 3045 3119 3192 3267 3352 3492 3647 3848 4058 4345 4622 4789 4808 4792 4802 4796 4769 4720 4605 4468 4390 4355 4320
4249 4252 4268 4311 4405 4419 4368 4371 4400 4354 4225 4054 3938 3921 3928 3945 3868 3739 3526 3296 3100 2960 2840 2756 2693 2625 2593 2624 2650 2655 2657 2650 2644 2649 2657 2667 2689 2723 2753 2772 2786 2794 2798 2801 2802 2796 2792 2790 2787 2777 2765 2753 2748 2758 2760 2755 2800 2856 2913 2973 3041 3105 3176 3250 3329 3420 3575 3733 3920 4218 4404 4693 4810 4792 4792 4813 4790 4738 4675 4592 4461 4379 4347 4321
4235 4255 4278 4346 4491 4502 4413 4397 4465 4470 4336 4150 4011 3987 4004 3997 3932 3823 3590 3374 3188 3041 2903 2788 2720 2699 2704 2744 2753 2732 2713 2696 2682 2681 2685 2693 2707 2728 2748 2764 2774 2782 2787 2792 2793 2791 2788 2789 2784 2775 2765 2760 2769 2784 2805 2826 2866 2921 2972 3031 3114 3173 3245 3324 3409 3516 3674 3835 4024 4252 4507 4734 4790 4781 4798 4849 4789 4704 4620 4540 4450 4375 4337 4308
4234 4262 4284 4344 4463 4510 4497 4412 4425 4456 4371 4216 4057 4022 4043 4036 3986 3867 3662 3463 3278 3129 2976 2844 2776 2768 2797 2822 2826 2777 2755 2743 2724 2717 2716 2720 2733 2745 2756 2764 2768 2777 2782 2785 2788 2789 2791 2789 2786 2780 2772 2776 2797 2822 2841 2883 2944 2996 3049 3110 3165 3237 3317 3406 3500 3619 3786 3951 4130 4370 4617 4765 4760 4767 4800 4837 4749 4658 4572 4501 4437 4376 4335 4302
4261 4281 4307 4335 4382 4429 4484 4410 4387 4364 4289 4165 4053 4018 4034 4033 4022 3969 3769 3573 3378 3235 3073 2928 2846 2835 2840 2844 2839 2807 2791 2781 2761 2753 2750 2748 2759 2768 2773 2775 2774 2784 2789 2788 2783 2787 2799 2797 2794 2796 2798 2803 2835 2881 2902 2946 3017 3077 3135 3172 3229 3298 3391 3488 3597 3734 3901 4083 4271 4513 4727 4766 4756 4741 4741 4702 4659 4602 4540 4483 4437 4378 4330 4294
4249 4291 4331 4351 4355 4391 4447 4409 4369 4332 4219 4098 4011 3961 3963 3980 3990 3968 3870 3697 3521 3370 3192 3038 2937 2913 2903 2885 2873 2854 2840 2826 2799 2793 2788 2784 2789 2794 2797 2799 2798 2805 2811 2811 2811 2806 2814 2813 2810 2819 2830 2840 2870 2932 2973 3025 3095 3164 3210 3237 3294 3375 3473 3580 3694 3842 4015 4233 4412 4633 4803 4810 4792 4727 4668 4611 4589 4566 4551 4526 4457 4398 4346 4297
4241 4277 4313 4333 4330 4363 4433 4430 4363 4272 4165 4069 3977 3910 3875 3910 3931 3927 3897 3804 3663 3504 3323 3163 3050 3012 2990 2954 2934 2948 2922 2889 2856 2840 2824 2819 2820 2820 2825 2829 2831 2837 2844 2845 2822 2810 2830 2835 2837 2849 2865 2882 2911 2979 3046 3105 3168 3242 3285 3310 3378 3472 3572 3677 3794 3951 4142 4344 4548 4770 4892 4892 4822 4732 4639 4572 4557 4566 4550 4526 4461 4414 4370 4313
4203 4240 4266 4283 4299 4336 4435 4461 4386 4297 4184 4108 4005 3911 3855 3881 3907 3906 3884 3881 3862 3666 3465 3300 3186 3130 3077 3033 2999 3030 2996 2952 2916 2897 2878 2870 2860 2854 2860 2866 2869 2874 2879 2874 2837 2826 2836 2852 2868 2886 2905 2929 2971 3077 3129 3188 3233 3298 3358 3407 3497 3579 3676 3782 3907 4070 4261 4475 4680 4880 4975 4983 4901 4757 4635 4550 4529 4527 4501 4475 4429 4389 4348 4314
4190 4218 4237 4257 4272 4303 4389 4458 4450 4406 4289 4217 4102 3993 3917 3901 3885 3885 3882 3896 3900 3822 3619 3462 3350 3277 3204 3122 3059 3035 3020 2993 2966 2963 2957 2929 2912 2905 2904 2905 2906 2909 2914 2908 2876 2852 2857 2879 2900 2919 2948 2983 3032 3127 3193 3248 3292 3361 3442 3507 3593 3684 3785 3894 4022 4191 4377 4610 4845 4978 5016 5016 4927 4749 4629 4558 4494 4507 4488 4435 4391 4361 4332 4300
4187 4208 4209 4216 4221 4245 4305 4403 4511 4558 4471 4369 4251 4139 4044 3978 3913 3903 3902 3905 3936 3918 3765 3609 3502 3436 3374 3259 3147 3073 3039 3019 3018 3007 2999 2976 2961 2950 2950 2946 2945 2947 2953 2955 2935 2913 2916 2934 2935 2950 2987 3044 3106 3180 3247 3296 3356 3453 3548 3618 3694 3797 3905 4023 4155 4332 4512 4704 4894 5017 5000 4890 4778 4663 4567 4480 4438 4438 4436 4411 4363 4335 4316 4300
4168 4177 4172 4166 4186 4216 4261 4359 4460 4539 4551 4515 4444 4335 4215 4113 4021 3983 3965 3943 3925 3940 3834 3681 3599 3559 3508 3389 3259 3143 3062 3043 3025 3015 3010 3004 3002 3010 2993 2981 2979 2985 2991 2995 2987 2980 2987 2995 2977 2986 3031 3096 3164 3247 3289 3334 3410 3537 3642 3722 3804 3920 4044 4168 4312 4495 4680 4841 5006 5001 4882 4739 4647 4566 4494 4431 4397 4393 4396 4379 4325 4309 4298 4296
4139 4138 4147 4153 4167 4200 4253 4306 4396 4493 4534 4559 4604 4545 4407 4282 4175 4101 4036 3991 3998 3967 3866 3718 3659 3628 3584 3451 3325 3198 3129 3084 3046 3023 3023 3025 3027 3027 3017 3006 3004 3008 3020 3031 3033 3043 3061 3071 3051 3051 3103 3158 3187 3223 3324 3394 3459 3570 3691 3803 3920 4059 4202 4339 4484 4656 4811 4944 5002 4940 4788 4631 4556 4494 4437 4391 4377 4376 4397 4353 4298 4293 4308 4315
4124 4123 4132 4144 4164 4192 4223 4258 4321 4415 4449 4476 4582 4647 4535 4444 4347 4247 4144 4072 4077 4061 3918 3776 3724 3679 3621 3536 3414 3279 3201 3146 3089 3047 3051 3054 3051 3041 3032 3030 3029 3034 3047 3063 3080 3101 3132 3177 3171 3163 3221 3258 3284 3298 3412 3489 3547 3655 3793 3924 4065 4219 4376 4524 4656 4789 4884 4911 4888 4789 4681 4551 4492 4442 4400 4355 4359 4360 4364 4326 4275 4281 4307 4315
4115 4118 4124 4143 4183 4213 4223 4244 4273 4347 4401 4404 4451 4498 4541 4575 4533 4395 4272 4168 4130 4100 4005 3881 3823 3773 3737 3653 3541 3389 3300 3242 3179 3114 3108 3104 3091 3065 3052 3065 3071 3073 3089 3107 3139 3162 3186 3271 3312 3302 3384 3375 3371 3404 3545 3615 3672 3786 3962 4089 4238 4398 4546 4691 4780 4838 4860 4818 4780 4684 4605 4497 4462 4449 4381 4329 4319 4320 4316 4292 4262 4273 4295 4296
4105 4111 4111 4142 4199 4227 4251 4256 4258 4314 4384 4377 4386 4412 4496 4596 4600 4499 4394 4284 4222 4192 4140 4028 3959 3891 3860 3772 3635 3502 3391 3308 3285 3226 3200 3190 3171 3127 3103 3138 3149 3145 3164 3195 3248 3287 3290 3369 3419 3412 3464 3466 3476 3518 3674 3755 3821 3928 4094 4252 4425 4583 4673 4751 4796 4802 4793 4739 4670 4594 4533 4465 4440 4403 4358 4306 4280 4283 4293 4282 4267 4272 4282 4271
4095 4091 4098 4137 4177 4228 4264 4269 4266 4282 4323 4344 4378 4403 4454 4519 4558 4549 4509 4425 4347 4306 4289 4204 4120 4049 3998 3917 3792 3664 3466 3313 3350 3354 3322 3323 3305 3271 3249 3273 3283 3281 3304 3321 3386 3433 3456 3485 3521 3517 3522 3540 3567 3620 3773 3861 3940 4052 4227 4382 4556 4702 4744 4763 4773 4751 4742 4694 4605 4534 4485 4454 4442 4409 4353 4291 4260 4279 4291 4285 4277 4276 4293 4268
4094 4100 4125 4146 4167 4201 4235 4243 4261 4283 4305 4309 4319 4344 4379 4441 4511 4572 4616 4571 4499 4425 4384 4351 4289 4232 4183 4127 3980 3856 3538 3201 3432 3541 3509 3499 3482 3468 3455 3457 3454 3448 3464 3482 3554 3642 3680 3684 3707 3684 3648 3642 3666 3719 3841 3941 4037 4157 4318 4469 4621 4741 4774 4771 4762 4740 4726 4674 4586 4511 4473 4468 4469 4426 4355 4292 4261 4274 4290 4287 4277 4282 4289 4289
4098 4117 4142 4150 4155 4172 4208 4221 4226 4281 4301 4291 4286 4273 4283 4355 4454 4561 4680 4734 4663 4572 4509 4484 4455 4431 4362 4281 4136 4042 3761 3368 3663 3772 3724 3693 3671 3662 3680 3648 3635 3631 3616 3649 3712 3835 3915 3923 3940 3901 3833 3780 3787 3829 3929 4041 4159 4265 4403 4532 4653 4755 4778 4773 4761 4755 4757 4720 4602 4513 4481 4508 4533 4436 4347 4295 4271 4300 4301 4295 4295 4295 4297 4316
4099 4122 4141 4151 4160 4168 4197 4223 4223 4242 4273 4280 4268 4245 4234 4285 4390 4509 4629 4725 4741 4692 4644 4619 4614 4592 4502 4395 4298 4214 4088 3936 4009 4014 3946 3892 3851 3824 3796 3791 3806 3828 3809 3826 3831 3938 4034 4075 4124 4087 4017 3933 3926 3958 4040 4162 4303 4441 4504 4588 4675 4738 4761 4763 4759 4762 4792 4760 4595 4519 4497 4548 4577 4455 4342 4295 4282 4305 4310 4302 4294 4293 4297 4328
4103 4119 4131 4149 4179 4196 4201 4217 4222 4244 4272 4283 4276 4243 4216 4243 4333 4435 4540 4610 4684 4735 4786 4758 4775 4751 4639 4533 4444 4384 4340 4299 4328 4294 4179 4094 4031 3975 3932 3922 3955 4017 4038 4005 3994 4081 4136 4154 4164 4188 4161 4079 4075 4099 4165 4299 4436 4569 4620 4666 4708 4731 4748 4762 4771 4773 4801 4762 4604 4526 4536 4579 4611 4476 4353 4302 4292 4313 4316 4305 4289 4281 4284 4305
4118 4123 4121 4143 4179 4205 4207 4215 4226 4248 4287 4300 4284 4250 4214 4227 4287 4355 4412 4483 4558 4613 4718 4804 4896 4897 4778 4659 4596 4570 4563 4523 4520 4491 4382 4293 4210 4134 4069 4047 4083 4141 4188 4131 4098 4133 4174 4186 4190 4207 4194 4209 4221 4253 4312 4416 4552 4694 4751 4746 4743 4751 4776 4783 4763 4729 4680 4661 4563 4476 4492 4546 4569 4456 4359 4319 4330 4344 4322 4305 4293 4278 4263 4257
