real_craters/C195-300m.grd
DSAA
617 617
-92.4175 92.4175
-92.4175 92.4175
2431.1615125919 5065.8618070045
[rows 300 to 329 of 617, columns 335 to 401 of 617]
2847.24 2845.99 2842.25 2836.88 2831.01 2824.84 2819.11 2814.15 2811.47 2810.2 2809.32 2809.09 2810.06 2812.1 2815.17 2819.48 2824.84 2830.82 2837.51 2844.9 2852.06 2859.71 2867.67 2876.06 2885.4 2896.35 2912.87 2932.07 2951.42 2967.36 2991 3026.18 3063.45 3103.5 3144.94 3186.43 3227.66 3271.21 3315.72 3361.28 3407.96 3453.31 3496.4 3536.92 3574.22 3618.64 3666.29 3718.06 3778.1 3858.01 3951.96 4021.07 4074.85 4133.78 4189.98 4254.38 4324.3 4410.19 4496.45 4573.45 4645.02 4716.16 4776.24 4816.55 4819.44 4814.37 4806.42
2843.96 2840.68 2838.53 2833.83 2828.38 2822.74 2816.65 2811.22 2807.64 2807.52 2806.18 2805.47 2806.38 2808.41 2811.87 2816.3 2821.76 2828.02 2834.81 2842.2 2849.79 2857.66 2865.86 2874.79 2885.24 2896.99 2912.33 2930.12 2948.22 2963.54 2986.3 3019.25 3053.17 3089.89 3127.86 3166.08 3203.5 3241.8 3285.09 3334.64 3383.7 3430.92 3475.58 3519.71 3569.48 3617.46 3667.97 3723.88 3788.56 3875.5 3973.4 4043.97 4093.81 4152.52 4211.64 4276.83 4345.85 4429.07 4508.79 4580.59 4653.23 4722.82 4783.43 4821.73 4828.41 4824.83 4816.77
2841.9 2838.84 2834.98 2830.42 2825.42 2819.81 2813.85 2808.34 2805.44 2802.72 2801.05 2800.8 2801.9 2804.52 2808.26 2813.06 2818.79 2825.31 2832.4 2839.87 2847.99 2856.22 2864.65 2873.76 2884.33 2897.17 2913.12 2930.15 2947.46 2962.97 2985.3 3014.81 3046.07 3079.48 3114.48 3149.79 3184.24 3220.13 3262.74 3312.4 3363.14 3412.55 3460.59 3511.79 3567.83 3617.72 3670.85 3730.81 3800.02 3891.26 3990.57 4063.53 4112.82 4173.17 4233.39 4302.12 4370.7 4441.49 4518.16 4588.06 4656.68 4721.59 4778.63 4815.22 4828.34 4830.32 4824.8
2838.63 2833.64 2830.55 2826.62 2822.12 2816.92 2810.56 2804.8 2799.85 2796.88 2795.2 2795.25 2796.8 2800 2804.48 2809.57 2815.85 2822.83 2830.42 2838.63 2846.9 2855.32 2863.97 2873.13 2883.96 2898.66 2914.56 2931.62 2948.48 2963.91 2986.25 3012.72 3041.16 3071.82 3104.21 3137.56 3170.15 3205.51 3246.4 3296.1 3347.93 3399.38 3450.64 3506.49 3566.48 3620.64 3676.19 3739.17 3811.09 3903.95 4001.06 4075.49 4130.03 4195.03 4260.27 4330.33 4399.46 4461.59 4535.05 4601.69 4660.69 4717.37 4768.54 4804.93 4824.74 4834.43 4835.28
2835.24 2830.2 2826.53 2822.6 2817.92 2812.52 2806.49 2800.85 2796.77 2792.33 2789.27 2789.27 2791.27 2794.96 2799.75 2805.83 2812.79 2820.44 2828.61 2837.19 2845.93 2854.73 2863.85 2873.49 2884.73 2899.56 2916.45 2933.93 2948.3 2966.69 2987.76 3011.84 3037.76 3066.4 3097.25 3128.13 3161.17 3195.78 3235.87 3285.5 3338.17 3391.54 3445.17 3503.85 3567.39 3627.08 3687.23 3749.48 3821.92 3914.11 4010.06 4090.22 4146.72 4215.87 4288.51 4363.16 4432.66 4493.77 4572.33 4623.03 4666.85 4713.3 4757.77 4795.03 4821.66 4839.53 4850.65
2831.99 2827.54 2822.43 2818.89 2813.73 2807.88 2801.77 2795.51 2790.1 2786.04 2782.05 2783.06 2785.71 2789.84 2795.32 2802.12 2809.8 2818.06 2826.82 2835.95 2845.19 2854.37 2864.01 2874.65 2887.17 2901.85 2918.25 2935.93 2950.98 2970.46 2989.23 3010.24 3034.48 3061.69 3092.51 3122.73 3156.45 3191.07 3230.91 3280.16 3333.04 3387.97 3444.85 3506.74 3571.73 3634.72 3697.84 3759.28 3831.59 3921.17 4014.25 4094.5 4164.62 4238.87 4320.59 4403.27 4476.19 4543.53 4614.72 4650.21 4681 4717.99 4753.72 4789.87 4820.2 4844.48 4865.75
2828.76 2823.51 2819.84 2816 2811.48 2804.62 2797.07 2789.79 2783.04 2778.78 2776.39 2777.74 2780.78 2785.09 2791.06 2798.75 2807 2815.74 2824.98 2834.93 2844.78 2853.59 2863.65 2875.06 2888.65 2903.05 2918.56 2936.14 2951.19 2969.67 2988.85 3008.24 3031.8 3058.65 3088.25 3118.88 3153.27 3189.53 3231.16 3279.06 3330.63 3386.09 3445.48 3510.11 3576.56 3640.32 3703.5 3765.26 3838.04 3925.21 4016.45 4100.98 4179.35 4262.46 4354.89 4450.14 4538.56 4612.21 4658.62 4676.31 4698.4 4734.98 4759.52 4789.9 4821.02 4849.39 4877.95
2826.18 2821.36 2816.99 2812.92 2807.99 2800.42 2792.28 2784.78 2778.47 2774.69 2772.46 2773.55 2776.98 2781.83 2788.2 2795.97 2804.45 2813.41 2822.73 2832.38 2841.9 2851.53 2862.08 2873.8 2885.29 2899.97 2916.26 2933.73 2949.63 2967.81 2986.31 3005.41 3028.48 3055.73 3084.82 3115.2 3149.92 3188.75 3232.45 3278.69 3328.04 3383.18 3443.98 3510.37 3579.09 3643.29 3705.9 3766.49 3839.58 3926.63 4017.94 4108.17 4192.32 4284.42 4385.25 4490.93 4591.3 4658.38 4684.51 4696.37 4716.94 4770.84 4775.74 4796.78 4827.9 4861.86 4884.89
2823.65 2819.52 2814.35 2808.39 2803.84 2794.56 2787.04 2779.93 2773.75 2769.97 2768.41 2769.9 2773.68 2779.41 2785.93 2793.65 2802.32 2811.41 2820.56 2829.53 2838.2 2848.7 2859.26 2870.61 2881.77 2896.21 2912.17 2928.49 2942.85 2961.25 2981.4 3002 3026.03 3052.76 3080.35 3111.45 3146.06 3184.53 3227.4 3273.12 3322.2 3377.75 3439.58 3507.16 3576.59 3643.6 3709.02 3769.78 3842.24 3927.78 4016.78 4108.58 4204.71 4300.49 4405.25 4513.87 4613.38 4677.12 4699.26 4712.82 4731.89 4776.1 4780.37 4808.75 4839.02 4865.83 4885.4
2820.82 2817.04 2812.85 2802.17 2789.84 2787.32 2782.02 2775.87 2769.9 2765.71 2765.18 2766.96 2770.65 2776.21 2783.51 2791.84 2800.7 2809.79 2818.9 2828 2837.26 2846.67 2855.95 2865.89 2877.99 2892.58 2907.92 2922.63 2934.84 2954.51 2976.5 2998.84 3023.06 3049.13 3076.28 3107.32 3140.76 3176.89 3216.2 3261.09 3313.01 3370.1 3433.24 3502.75 3572.81 3644.06 3714.01 3774.49 3847.76 3931.87 4018.25 4112.34 4217.41 4308.68 4415.44 4521.45 4617.22 4684.45 4711.82 4727.94 4745.36 4767.06 4806.86 4830.87 4848.72 4870.96 4883.94
2816.92 2812.5 2806.41 2798 2789.15 2783.96 2778.71 2773.11 2767.76 2764.03 2762.94 2765.27 2768.7 2773.54 2781.88 2790.75 2799.73 2808.8 2817.89 2827.22 2837.09 2845.59 2853.8 2862.47 2874.85 2889.9 2904.94 2918.95 2931.12 2951.97 2973.37 2996.12 3020.68 3046.67 3072.55 3102.64 3135.03 3169.1 3206.12 3250.17 3303.35 3362.32 3428.15 3501.25 3575.4 3649.88 3723.36 3784.87 3859.01 3942.04 4025.97 4124.78 4228.52 4319.87 4424.14 4527.55 4624.65 4699.16 4725.5 4740.02 4752.14 4768.92 4806.05 4833.67 4852.83 4868.59 4882.89
2812.63 2806.9 2801.03 2795.05 2790.02 2782.9 2777.04 2771.6 2766.59 2762.6 2762.56 2766.05 2769.09 2774.08 2782.28 2790.92 2799.69 2808.48 2817.31 2826.34 2835.6 2844.87 2853.97 2863.15 2874.73 2889.12 2903.79 2915.37 2932.28 2951.71 2971.34 2994.82 3019.02 3044.7 3070.3 3099.35 3130.02 3162.88 3198.38 3240.65 3295.62 3356.52 3425.81 3503.15 3581.48 3657.07 3729.1 3797.42 3878.75 3958.91 4042.47 4146.9 4243.08 4335.01 4435.49 4535.1 4634.71 4706.87 4736.05 4751.9 4761 4773.85 4799.65 4826.94 4847.09 4862.3 4874.77
2808.09 2800.29 2792.8 2790.46 2786.42 2781.03 2775.74 2770.81 2766.29 2762.46 2762.65 2766.64 2771.52 2777.44 2784.48 2792.27 2800.42 2808.7 2817.1 2825.62 2834.63 2844.9 2856.06 2865.87 2876.69 2889.99 2903.75 2914.92 2931.52 2951.54 2970.99 2994.14 3018.06 3042.38 3069.55 3097.42 3127.25 3159.25 3194.45 3236.47 3291.53 3354.08 3427.07 3507.76 3588.98 3665.53 3734.76 3823.2 3903.14 3981.01 4065.3 4174.29 4263.65 4357.06 4451.34 4542.44 4641.49 4717.84 4754.21 4767.38 4773.89 4781.05 4798.27 4820.1 4838.26 4852.8 4860.92
2803.61 2795.41 2787.95 2785.15 2782.77 2779.38 2775.39 2771.23 2767.52 2764.83 2763.47 2766.64 2774.59 2781.45 2787.32 2794.19 2801.64 2809.39 2817.29 2825.39 2834.14 2845.2 2858.93 2869.91 2880.08 2891.9 2904.34 2914.2 2930.09 2951.75 2971.71 2995.2 3019.05 3043.57 3070.67 3098.04 3126.5 3158.11 3193.56 3236.43 3290.87 3355.23 3431.2 3514.28 3598.66 3677.41 3743.55 3836.01 3922.28 4002.17 4090.49 4207.5 4310.93 4393.65 4473.53 4550.96 4642.19 4719.38 4760.66 4776.16 4780.33 4783.99 4799.44 4815.03 4830.33 4841.54 4846.79
2801.81 2792.79 2784.19 2782.22 2781.06 2778.62 2775.47 2772.24 2769.48 2767.58 2766.67 2769.88 2777.03 2783.81 2789.77 2796.28 2803.27 2810.45 2817.97 2825.78 2834.01 2844.74 2859.45 2871.81 2882.59 2894.06 2905.71 2914.75 2930.87 2952.73 2973.51 2997.24 3022.35 3046.96 3072.93 3100.99 3127.17 3159.27 3194.56 3236.35 3291.87 3358.5 3436.9 3521.08 3606.73 3686.91 3751.99 3844.02 3935.23 4018.79 4112.2 4236.49 4356.33 4431.9 4499.77 4573.15 4658.25 4726.92 4763.32 4777.75 4779.89 4782.79 4795.84 4808.96 4821.86 4832.24 4836.51
2800.7 2792.77 2786.5 2784 2780.7 2778.06 2775.39 2773.04 2771.06 2770.38 2770.88 2772.49 2779.01 2785.52 2791.54 2797.75 2804.53 2811.49 2818.75 2826.54 2834.74 2844.66 2857.81 2870.44 2883.73 2896.37 2908.37 2917.57 2934.01 2955.37 2976.66 3000.68 3025.96 3050.85 3077.2 3105.5 3134.9 3161.86 3197.51 3239.56 3295.49 3364.37 3443.08 3527.1 3612.38 3691.47 3755.5 3850.2 3944.04 4028.65 4129.69 4265.03 4378.8 4451.05 4517.89 4593.89 4671.98 4731.35 4763.37 4774.19 4777.97 4782.47 4794.13 4805.14 4817.58 4825.9 4827.93
2800.1 2793.27 2787.97 2783.74 2780.31 2777.95 2775.83 2773.89 2772.53 2772.04 2772.58 2775.68 2781.46 2787.36 2792.87 2799.06 2805.7 2812.64 2819.9 2827.69 2836.16 2846.64 2858.11 2871.95 2885.47 2899.25 2912.47 2923.66 2939.42 2959.55 2980.99 3005.26 3030.61 3054.54 3082.28 3110.99 3140.81 3165.71 3202.43 3244.85 3300.54 3370.63 3448.66 3532.2 3617.26 3697.82 3759.38 3854.91 3949.03 4031.3 4132.25 4257.81 4359.4 4442.35 4519.36 4601.72 4680.7 4733.59 4763.32 4775.3 4777.95 4783.43 4794.43 4804.1 4814.47 4821.4 4823.29
2798.99 2793.16 2788.09 2785.43 2780.41 2777.43 2775.45 2774.02 2773.4 2773.72 2775.13 2776.64 2783.01 2788.59 2793.84 2800.06 2806.75 2813.57 2820.94 2828.78 2837.15 2846.52 2859.19 2872.47 2887.29 2902.26 2913.54 2929.09 2945.27 2964.04 2985.48 3009.64 3035.53 3059.71 3087.92 3117.22 3147.72 3170.79 3208.25 3251.16 3305.55 3375.05 3452.66 3535.31 3620.57 3705.51 3764.46 3858.86 3951.04 4030.81 4130.5 4241.09 4336.53 4430.3 4517.8 4607.96 4693.53 4740.65 4765.68 4774.68 4778.75 4784.37 4793.28 4804.08 4814.04 4820.8 4824.09
2797.28 2792.27 2788.17 2782.04 2778.06 2775.92 2774.43 2773.48 2773.42 2774.42 2776.88 2777.6 2783.26 2788.75 2793.73 2800.06 2807.01 2813.98 2821.65 2829.92 2838.47 2847.7 2860.5 2873.72 2889.44 2905.04 2916.76 2932.52 2950.13 2968.32 2990.33 3014.63 3039.97 3065.65 3094.46 3124.44 3155.71 3178.39 3214.89 3258.61 3313.39 3380.74 3456.36 3536.82 3620.16 3701.43 3773.29 3866.56 3955.25 4033.71 4138.47 4239.12 4336.48 4434.43 4527.91 4624.31 4710.65 4751.45 4772.57 4775.79 4780.74 4786.72 4793.88 4804.18 4814.14 4821.49 4826.37
2794.26 2789.78 2785.17 2778.59 2776.08 2774.46 2773.31 2772.88 2772.92 2773.76 2774.62 2777.57 2782.33 2787.64 2792.27 2798.76 2805.75 2813.9 2821.84 2831.02 2840.54 2850.46 2863.31 2877.42 2892 2907.24 2919.35 2935.47 2953.73 2972.69 2995.36 3019.76 3044.23 3072.46 3101.93 3132.6 3164.62 3186.62 3222.53 3266.66 3320.48 3387.64 3460.62 3538.4 3619.03 3701.35 3790.29 3881.46 3963.71 4041.89 4147.96 4247.2 4348.85 4449.85 4552.91 4644.46 4720.98 4761.61 4783.12 4782.13 4783.27 4788.19 4794.76 4804.37 4813.96 4823.06 4829.9
2790.39 2786.7 2781.92 2774.64 2774.15 2772.96 2772.28 2771.84 2771.84 2772.51 2773.4 2775.84 2780.3 2784.8 2789.38 2795.93 2803.52 2811.74 2821.41 2831.63 2842.4 2854.08 2866.6 2880.35 2894.27 2908.38 2919.62 2935.46 2955.63 2976.63 3000.78 3025.09 3050.63 3079.57 3109.67 3140.95 3173.58 3192.12 3231.52 3275.72 3330.78 3394.79 3466.13 3541.32 3620.22 3704.68 3814.3 3900.25 3977.73 4052.88 4164.09 4267.18 4371.25 4467.23 4554.67 4647.63 4723.85 4770.94 4795.97 4792.81 4788.19 4789.19 4794.46 4804.48 4814.98 4825.05 4833.06
2787.1 2784.04 2780.58 2776.29 2771.97 2771.56 2771.22 2770.84 2770.8 2771.19 2772.11 2774.28 2777.97 2780.84 2784.99 2791.82 2800.17 2810.03 2820.86 2832.35 2844.02 2856.37 2869.35 2883.23 2896.34 2908.96 2918.11 2934.04 2957.4 2980.16 3006.36 3033.34 3059.82 3089.6 3120.28 3151.87 3169.37 3201.95 3240.5 3285.75 3341.77 3405.01 3474.25 3547.52 3624.57 3707.98 3824.9 3915.57 3991.99 4067.75 4186.98 4297.71 4404.57 4504.5 4580.15 4663.98 4731.08 4782.21 4811.26 4806 4795.81 4792.1 4795.11 4804.63 4815.17 4825.71 4835.19
2783.58 2780.88 2777.89 2773.11 2770.67 2771.1 2770.58 2769.82 2769.44 2769.45 2770.69 2773 2774.99 2774.15 2777.94 2785.54 2795.38 2806.64 2818.93 2831.87 2845 2858.77 2872.13 2886.06 2899.01 2910.74 2919.5 2936.44 2961.26 2986.05 3013.74 3041.64 3068.51 3094.61 3125.6 3157.58 3190.76 3211.84 3250.7 3295.17 3350.88 3417.53 3485.12 3557.07 3633.7 3720.63 3835.43 3929.78 4009.94 4084.59 4207.62 4319.75 4434.57 4547.92 4619.9 4683.98 4747.44 4794.56 4821.15 4814.64 4802.41 4795.6 4796.15 4804.64 4814.69 4825.19 4835.22
2781.11 2777.9 2774.28 2771.13 2773.73 2771.69 2769.87 2768.37 2767.11 2766.18 2765.25 2764.25 2760.27 2761.93 2768.22 2777.84 2789.67 2802.86 2815.76 2830.56 2845.74 2860.89 2874.95 2890.28 2903.4 2914.78 2924.24 2941.7 2966.91 2992.49 3020.78 3048.19 3075.1 3105.72 3136.98 3167.55 3190.74 3224.55 3261.95 3306.48 3362.33 3430.97 3498.25 3568.56 3644.71 3731.92 3845.74 3943.36 4029.1 4105.68 4225.79 4337.85 4451.95 4560.74 4646.55 4720.21 4770.3 4805.59 4821.29 4812.25 4801.87 4797.12 4797.03 4803.99 4813.19 4822.69 4832.05
2778.83 2776.13 2773.28 2771.49 2769.4 2769.76 2767.36 2765.48 2763.66 2761.28 2758.07 2751.7 2745.86 2747.83 2756.3 2768.33 2782.52 2797.58 2813.72 2830.12 2846.16 2863.76 2882.6 2897.21 2909.68 2918.04 2930.94 2949.64 2975.49 3002.65 3031.69 3060.93 3089.25 3118.75 3149.64 3181.08 3203.46 3237.95 3276.49 3322.39 3382.23 3448.34 3512.39 3581.74 3657.92 3745.49 3856.22 3954.31 4042.34 4125.63 4241.97 4352.7 4460.44 4564.9 4663.27 4744.84 4788.5 4814.72 4821.34 4809.67 4800.58 4797.37 4797.43 4803.14 4810.55 4818.15 4826.76
2776.71 2774.14 2771.53 2769.35 2768.57 2765.91 2763.94 2762.45 2760.47 2757.21 2751.29 2738.21 2733.35 2735.13 2745.39 2759.82 2776.55 2794.19 2812.41 2830.9 2849.43 2869.63 2891.28 2904.81 2917.59 2927.04 2940.51 2961.37 2987.17 3015.27 3044.24 3074.53 3104.07 3132.14 3162.77 3194.04 3221.2 3254.16 3290.6 3334.7 3394.28 3461.73 3525.55 3594.4 3670.78 3761.08 3865.26 3960.67 4046.19 4140.83 4248.47 4358.13 4465.59 4566.89 4671.81 4756.39 4799.25 4823.84 4823.79 4807.3 4799.91 4797.2 4797.86 4801.71 4807.65 4813.72 4818.78
2774.03 2770.4 2766.83 2763.55 2761.58 2760.24 2759.52 2758.94 2758.22 2755.16 2747.89 2733.49 2726.14 2725.7 2737.3 2753.93 2772.74 2792.25 2812.27 2832.59 2854.57 2875.34 2893.17 2911.34 2927.28 2938.34 2952.42 2975.42 3002.85 3029.81 3059.3 3088.96 3119.43 3147.94 3178.58 3206.68 3238.16 3270.66 3306.48 3349.77 3407.38 3472.79 3538.51 3606.14 3680.08 3768.72 3871.2 3963.96 4046.47 4151.47 4257.1 4365.89 4473.76 4578.55 4677.05 4757.72 4803.52 4830.78 4826.54 4807 4797.59 4796.1 4797.34 4800.5 4804.45 4808.14 4809.28
2771.43 2766.38 2761.68 2756.8 2752.6 2753.27 2754.46 2755.5 2756.3 2755.89 2753.08 2739.93 2731.12 2720.95 2733.16 2751.71 2772.26 2793 2813.63 2834.5 2856.72 2881.84 2902.57 2921.85 2939.63 2953.29 2969.16 2992.47 3019.21 3048.39 3077.91 3108.17 3137.84 3168.18 3196.39 3225.97 3255.89 3289.55 3325.15 3369.74 3427.69 3492.4 3555.65 3619.96 3689.35 3776.44 3875.84 3965.93 4042.39 4160.01 4265.93 4375.88 4485.56 4591.52 4686.47 4757.24 4802.02 4826.87 4820.49 4802.91 4794.17 4794.44 4797.5 4800.33 4802.67 4803.77 4801.42
2769.24 2763.33 2758.14 2752.93 2748.53 2748.2 2750.27 2752.62 2754.61 2756.15 2757.72 2752.21 2740.31 2722.56 2734.41 2753.43 2775.07 2796.9 2818.04 2838.1 2859.31 2888.91 2913.33 2934.29 2954.19 2969.8 2987.37 3013.5 3041.73 3070.26 3100.28 3130.15 3156.29 3188.74 3218.16 3247.78 3278.49 3309.98 3346.99 3392.78 3452.41 3516.51 3578.68 3639.45 3703.09 3788.76 3884.27 3971.18 4046.81 4167.94 4273.57 4387.56 4500.28 4608.33 4702.3 4763.04 4800.56 4817.24 4810.76 4798.38 4791.99 4793.7 4798.03 4801.15 4802.27 4800.06 4794.02
2768.16 2762.44 2756.93 2751.67 2747.44 2746.1 2747.99 2751.33 2753.61 2754.21 2752.51 2748.61 2741.22 2730.14 2741.85 2761.81 2784.22 2806.37 2827.64 2847.36 2868.61 2897.45 2922.41 2945.63 2970.9 2992.35 3011.18 3036.63 3063.57 3092.01 3120.51 3150.18 3179.24 3208.18 3238.08 3269.05 3303.32 3334.57 3371.22 3418.67 3481.66 3548.26 3609.87 3668.42 3729.99 3812.94 3900.91 3980.16 4051.99 4176.66 4288.17 4406.4 4522.26 4632.41 4732.22 4779.59 4803.27 4810.59 4803.78 4795.22 4791.05 4794 4800.02 4803.89 4803.42 4798.55 4788.76
