real_craters/C195-300m.grd
DSAA
617 617
-92.4175 92.4175
-92.4175 92.4175
2431.1615125919 5065.8618070045
[rows 420 to 449 of 617, columns 0 to 66 of 617]
4005.32 4006.72 4007.95 4008.93 4003.36 4001.47 3999.96 4002.79 4006.91 4005.91 4003.08 4000.01 3998.34 3997.64 3999.02 4001.27 4002.59 4003.2 4005.21 4007.32 4010.01 4012.48 4015.01 4018.46 4022.76 4027.18 4031.67 4037.27 4039.33 4038.88 4036.96 4033.91 4032.49 4031.07 4030.21 4029.81 4029.55 4029.46 4026.2 4021.62 4019.4 4016.68 4014.93 4012.95 4010.18 4007.59 4006.76 4005.25 4003.51 4004.27 4006.43 4009.84 4011.63 4014.83 4019.89 4021.45 4022.05 4023.03 4027.57 4033.68 4038.12 4040.24 4040.18 4037.73 4034.26 4029.35 4026.36
4005.81 4005.97 4006.04 4007.17 4002.71 3999.85 4000.21 3999.33 4000.48 3999.45 3996.17 3993.52 3993.74 3994.25 3996.44 3999.27 4001.51 4002.74 4004.86 4010.17 4012.13 4012.59 4014.91 4017.59 4021.68 4027.09 4030.64 4034.19 4038.03 4037.76 4036.12 4034.28 4031.72 4029.23 4028.18 4027.9 4027.45 4025.95 4022.29 4019.48 4018.36 4016.64 4013.22 4010.62 4008.35 4005.11 4003.96 4003.39 4002.12 4002.72 4004.45 4006.28 4007.66 4011.51 4014.78 4015.96 4018.74 4021.06 4026.3 4031.14 4035.37 4037.03 4036.39 4033.48 4030.16 4026.58 4023.51
4004.42 4004.57 4003.96 4005.49 3999.92 3997.85 3997.83 3995.82 3995.21 3995.83 3994.14 3993.58 3994.14 3994.59 3996 3999.14 4002.48 4005.4 4007.07 4011.53 4012.77 4012.45 4015.04 4018.4 4023.05 4026.32 4028.59 4031.67 4035.5 4036.15 4034.89 4032.69 4030.47 4028.23 4026.82 4025.88 4025.01 4024.4 4020.69 4016.64 4015.62 4014.48 4009.56 4007.65 4006 4003.92 4002.76 4002.08 4001.16 4001.43 4002.86 4004.41 4005.79 4008.68 4010.87 4013.6 4016.64 4020.24 4024.31 4026.34 4029.23 4030.39 4029.71 4028.94 4026.2 4023.12 4020.31
4003.38 4003.59 4002.82 4005.33 3998.99 3996.95 3996.43 3995.62 3995.1 3995.87 3995.63 3995.32 3995.15 3995.46 3996.33 4000.13 4003.91 4008.21 4009.18 4010.64 4011.92 4012.48 4015.11 4018.8 4023.04 4024.57 4025.8 4028.98 4033.88 4034.87 4033.56 4031.52 4029.66 4028.24 4025.68 4023.58 4021.75 4019.6 4015.75 4012.15 4012.48 4012.47 4008.67 4006.99 4005.73 4004.38 4003.55 4002.19 4000.4 4000.39 4002.13 4003.63 4005.03 4007.31 4010.15 4012.13 4012.99 4016.27 4014.59 4016.19 4020.38 4023.55 4026.81 4025.44 4021.77 4018.28 4015.75
4002.8 4003.32 4003.03 4007.5 4000.53 3997.43 3997.09 3998.05 3996.78 3995.87 3995.28 3993.91 3994.1 3996.47 3999.65 4001.96 4004.21 4006.28 4007.27 4007.65 4008.53 4011.35 4014.57 4017.84 4019.69 4021.65 4023.38 4027.61 4034.3 4034.03 4031.98 4029.33 4026.77 4024.88 4022.86 4020.87 4018.63 4015.08 4012.62 4010.38 4010.56 4010.05 4008.59 4006.88 4006.12 4005.55 4005.01 4003.46 4001.85 4001.69 4002.72 4003.97 4005.08 4005.96 4007.49 4006.57 4005.25 4005.59 4007.74 4011.41 4016.91 4019.72 4021.39 4020 4016.27 4012.95 4010.6
4001.52 4002.8 4001.33 4005.12 3999.14 3995.5 3996 3997.35 3995.16 3993.92 3993.83 3993.07 3995.88 3999.17 4001.93 4003.33 4003.98 4004.11 4003.65 4005.19 4008.79 4010.77 4013.8 4016.94 4019.71 4020.8 4022.81 4028.42 4033.97 4032.93 4030.19 4026.74 4022.71 4020.73 4019.83 4018.44 4016.93 4015.69 4013.05 4012.03 4009.57 4008.01 4007.22 4006.57 4006.51 4005.96 4005.98 4005.26 4004.3 4003.99 4003.93 4004.46 4005.56 4003.65 4000.98 3996.63 3999.16 4000.97 4006.54 4011.39 4013.6 4014.31 4013.73 4012.58 4009.78 4006.51 4003.28
3998.44 3998.89 3997.94 4000.58 3994.6 3993.27 3993.97 3994.29 3993.42 3993.94 3994.79 3994.97 3999.63 4002.32 4003.92 4004.37 4003.67 4003.14 4003.01 4004.29 4007.1 4010.31 4013.18 4015.77 4018.03 4019.8 4022.03 4028.04 4032.4 4031.31 4028.58 4025.1 4021.82 4019.57 4018.02 4016.72 4015.34 4014.83 4011.95 4009.49 4008.35 4008.06 4009.09 4007.73 4008.49 4009.49 4009.28 4007.27 4005.95 4006.04 4004.35 4004.08 4003.25 4001.41 3997.29 3995.93 4001.34 4004.99 4006.9 4008.52 4008.17 4008.23 4007.02 4005.5 4003.75 4001.36 3997.85
3993.22 3995.52 3995.69 4000.28 3993.77 3992.81 3992.77 3993.91 3994.46 3996.65 3998.35 3999.18 4000.62 4002.52 4003.96 4003.97 4003.04 4002.41 4002.87 4004.43 4006.79 4010.51 4012.8 4015.07 4016.84 4018.14 4020.32 4025.96 4030.06 4029.63 4027.24 4023.89 4020.36 4018.12 4017.31 4016.06 4013.85 4011 4010.47 4009.15 4009.17 4009.95 4011.39 4011.38 4011.63 4012.4 4010.49 4008.28 4006.13 4002.84 4003.89 4004.68 4003.37 4002.17 4002.6 4004.35 4006.32 4007.82 4007.47 4006.61 4006.26 4004.78 4002.44 3999.68 3999.42 3998.31 3997.63
3990.63 3993.52 3993.62 3998.76 3993.25 3991.07 3992.07 3993.55 3996.09 3998.88 4000.94 4001.44 4001.63 4002.64 4003.3 4003.21 4002.13 4001.9 4003.02 4004.85 4007.58 4009.66 4012.52 4014.84 4016.86 4018.28 4019.83 4025.68 4028.58 4028.22 4026.49 4023.69 4020.29 4018.32 4018.62 4017.63 4015.09 4012.04 4011.95 4011.68 4012.51 4014.67 4015.92 4014.05 4011.99 4010.66 4009.43 4008.88 4008.12 4006.8 4007.47 4008.01 4007.81 4006.43 4007.3 4008.03 4008.48 4008.99 4008.49 4007.08 4006.25 4003.61 4000.08 3998.93 3997.14 3995.23 3993.33
3986.8 3986.69 3991.5 3996.31 3993.64 3991.71 3992.63 3994.17 3997.65 3999.69 4001.8 4002.37 4001.84 4001.67 4001.83 4000.91 4001.56 4002.14 4003.82 4005.75 4009.39 4011.58 4012.72 4014.68 4016.75 4019.39 4020.32 4023.59 4026.3 4026.93 4026.61 4025.16 4022.78 4022.31 4022.82 4021.92 4019.67 4017.34 4016.29 4015.9 4016.49 4017.66 4014.49 4011.95 4007.74 4003.07 4006.75 4010.69 4012.43 4013.51 4013.71 4012.53 4011.38 4009.87 4010.03 4010.11 4010.32 4010.86 4010.34 4008.95 4006.84 4004.01 4001.05 3997.72 3994.56 3992.26 3989.95
3985.49 3988.28 3991.74 3994.79 3995.6 3993.59 3993.99 3996.32 3998.89 3999.62 4000.34 4000.54 3999.37 3999.72 4000.96 4001.36 4002.82 4004.52 4005.94 4008.05 4010.6 4012.82 4013.36 4015.14 4017.13 4018.73 4021.44 4023.67 4025.01 4026.44 4027.95 4028.69 4028.6 4029.15 4029.58 4028.15 4025.98 4023.7 4021.69 4020.06 4018.79 4017.78 4014.68 4011.33 4011.42 4011.88 4013.34 4016.01 4017.53 4018.98 4019.06 4015.97 4013.47 4011.45 4011.16 4011.71 4013.84 4012.88 4011.98 4011.31 4008.73 4004.26 3999.77 3994.26 3991.28 3990.37 3988.51
3984.55 3988.17 3992.37 3996.17 3998.47 3996.01 3995.74 3997.35 3997.68 3996.02 3996.53 3997.86 3998.26 3999.61 4001.72 4002.74 4004.54 4006.6 4008.12 4009.35 4011.35 4013.95 4015.58 4016.47 4018.88 4020.98 4023.42 4022.85 4023.29 4025.99 4030.01 4033.75 4036.59 4038.79 4037.04 4034.58 4032.71 4030.36 4027.23 4024.48 4021.83 4021.36 4021.03 4023.73 4023.84 4026.62 4025.31 4022.71 4021.81 4021.77 4020.72 4017.22 4013.89 4011.74 4010.39 4009.83 4010.38 4011.14 4011.79 4011.97 4007.72 4003.78 4000.23 3996.12 3993.09 3990.25 3988.42
3982.96 3985.8 3988.34 3994.04 3999.94 3997.5 3995.98 3996.77 3996.43 3994.35 3995.09 3997.08 3998.55 4000.54 4002.91 4004.36 4006.03 4008.36 4010.51 4012.71 4014.61 4017.52 4019 4020.69 4023.64 4026.33 4025.04 4018.84 4020.31 4025.45 4031.86 4038.65 4044.51 4045.27 4042.03 4038.53 4036.77 4034.98 4031.71 4029.55 4027.84 4028.21 4030.72 4032.46 4031.05 4032.76 4030.75 4026.88 4024.11 4022.27 4020.63 4016.11 4012.07 4008.77 4006.65 4006.24 4005.21 4008.42 4010 4010.21 4005.45 4002.85 4000.49 3996.98 3992.65 3990.57 3988.13
3980.05 3981.92 3986.3 3994.65 4000.67 3997.55 3993.8 3994.75 3995.8 3995.27 3996.3 3997.84 3999.39 4002.83 4004.87 4006.55 4008.32 4010.14 4012.38 4015.22 4016.68 4019.03 4020.76 4021.45 4027.95 4035.36 4034.29 4015.69 4017.33 4024.25 4032.76 4041.68 4048.35 4047.37 4042.4 4038.59 4036.05 4034.66 4034.03 4034.06 4035.26 4036.89 4037.96 4036.86 4028.31 4034.47 4031.77 4027.99 4024.4 4020.7 4016.85 4013.08 4009.48 4005.74 4003.24 4004.87 4006.64 4007.08 4007.5 4007.74 4004.84 4002.74 4000.56 3996.79 3995.33 3991.16 3987.59
3978.12 3979.88 3983.68 3994.42 4000.45 3997.35 3993.34 3994.27 3997.26 3997.58 3997.49 3998.48 3999.52 4001.32 4005.41 4008.5 4011.09 4011.49 4012.68 4014.48 4015.33 4017.04 4018.21 4021.53 4029.61 4039.49 4045.64 4013.83 4015.66 4023.36 4032.3 4041.88 4049.07 4044.29 4037.81 4035.84 4035.02 4034.28 4034.3 4035.94 4039.13 4039.64 4039.36 4039.19 4034.2 4032.7 4030.39 4027.12 4023.06 4018.63 4013.81 4010.22 4007.61 4004.88 4003.66 4004.22 4005.66 4003.96 4004.15 4004.57 4004.39 4003.27 4001.7 3999.91 3995.13 3991.2 3988.23
3975.48 3977.91 3981.02 3994.36 4000.05 3997.19 3994.7 3995.71 3996.62 3997.17 3996.51 3998.9 4001.32 4005.32 4008.62 4010.23 4011.36 4011.58 4011.7 4011.92 4012.89 4014.91 4018.09 4021.27 4028.09 4034.31 4036.9 4014.7 4016.61 4022.69 4030.03 4037.85 4043.49 4038.8 4033.3 4031.53 4031.17 4031.22 4031.77 4033.52 4036.58 4036.13 4033.8 4032.33 4031.47 4030.5 4028.6 4025.65 4021.66 4017.16 4012.61 4009.08 4007.1 4005.12 4002.35 4001.3 4001.07 4000.48 4000.62 4000.59 4001.97 4002.37 4001.94 4000.9 3995.72 3992.4 3990.38
3973.11 3977.16 3980.15 3995.11 3999.06 3996.6 3994.99 3993.76 3993.34 3995.81 3996.66 3999.55 4002.63 4006.29 4008.71 4009.24 4010.78 4010.93 4010.35 4010.19 4011.39 4013.39 4016.11 4019.61 4024.99 4028.57 4029.06 4021.33 4019.53 4022.02 4026.57 4030.98 4032.79 4031.03 4027.8 4025.88 4025.56 4026.49 4027.43 4028.15 4027.6 4027.11 4028.62 4030.91 4030.02 4029.73 4027.66 4024.55 4020.69 4016.6 4012.43 4009 4007.37 4005.63 4001.42 3998.95 3999.65 3998.84 3998.61 3997.95 4000.14 4001.13 4001.16 3999.17 3997.1 3995.82 3993
3973.62 3977.32 3980.24 3991.59 3995.05 3992.26 3990.6 3988.66 3990.26 3995.18 3997.85 3999.6 4002.51 4006.02 4006.75 4006.99 4008.11 4009.32 4009.42 4009.26 4010.96 4012.65 4013.9 4018.46 4022.7 4026.36 4026.29 4024.77 4021.15 4020.91 4022.86 4024.85 4025.41 4023.45 4020.02 4020.28 4021.61 4022.68 4023.42 4023.71 4024.04 4025.88 4026.6 4028.93 4029.13 4028.7 4026.86 4023.77 4020.27 4016.57 4013.09 4010.16 4008.05 4005.29 4000.53 3998.11 3999.63 3999.18 3998.54 3998.84 4000.28 4002.16 4001.21 3999.81 3999.32 3999.1 3993.97
3973.61 3976.79 3978.41 3985.22 3988.13 3987.02 3986.81 3985.51 3987.62 3991.63 3994.66 3996.76 4000.09 4003.66 4004.95 4006.24 4007.49 4008.18 4009.62 4010.61 4011.25 4012.35 4014.45 4016.91 4020.81 4024.88 4030.57 4023.87 4020.02 4018.97 4019.6 4020.33 4020.14 4018.84 4016.78 4017.29 4019 4019.52 4020.07 4020.82 4022.07 4024.38 4025.66 4027.68 4028.75 4028.6 4026.4 4023.66 4020.41 4017.1 4014.04 4011.98 4009.14 4005.91 4001.18 3998.07 3999.06 3998.98 3998.4 3998.23 3999.98 4001.23 4000.91 3999.44 3997.97 3997.46 3992.76
3971.63 3974.06 3975.81 3979.38 3979.81 3980.2 3981.76 3982.27 3983.49 3986.2 3989.65 3992.54 3996.04 3999.7 4002.36 4003.3 4003.91 4006.74 4009.82 4011.41 4011.71 4012.93 4018.13 4019.6 4019.66 4022.86 4037.36 4023.21 4017.79 4016.59 4016.93 4017.43 4017.42 4016.58 4015.88 4015.86 4016.01 4016.71 4017.41 4018.47 4020.34 4023.13 4025.49 4027.74 4029.09 4028.32 4026.26 4023.84 4020.92 4017.71 4014.51 4011.42 4010.22 4008.64 4003.25 3998.14 3997.84 3997.54 3997.7 3997.95 3998.49 4000.35 3999.66 3998.84 3998.61 3996.46 3990.6
3968.59 3967.96 3972.15 3976.72 3972.47 3973.06 3974.52 3974.59 3977.27 3982.02 3986.71 3988.39 3991.03 3994.21 3994.48 3995.97 4000.57 4008.86 4010.09 4010.69 4012.23 4014.95 4018.95 4021.04 4018.75 4022.76 4041.97 4024.25 4015.49 4014.26 4014.89 4015.21 4015.29 4015.19 4014.83 4014.54 4014.15 4014.58 4015.07 4016.12 4018.62 4021.17 4023.43 4027.19 4029.57 4027.5 4026.08 4023.71 4020.83 4017.78 4014.72 4011.98 4011.39 4011 4006.52 4002.54 3996.53 3992.98 3992.87 3994.38 3994.49 3995.07 3995.55 3996.27 3996.1 3992.35 3987.03
3968.04 3966.76 3967.91 3969.87 3966.28 3965.98 3968.19 3968.99 3972.53 3978.8 3983.33 3983.3 3986.02 3988.84 3990.79 3996.1 4004.74 4009.2 4010.05 4010.41 4011.52 4013.61 4014.76 4016.47 4015.82 4021.38 4040.92 4024.2 4013.11 4012.31 4013.73 4015.48 4015.42 4014.46 4013.43 4012.86 4013.54 4013.44 4013.1 4012.73 4014.54 4018.9 4022.13 4025.8 4028.26 4027.08 4026.29 4023.88 4020.9 4017.8 4014.97 4012.66 4012.02 4011.71 4008.49 4004.49 3994.34 3987.18 3983.42 3986.77 3989.4 3990.61 3991.5 3992.44 3991.78 3987.88 3983.78
3967.86 3964.15 3964.33 3963.68 3960.16 3961.56 3963.88 3965.76 3970.64 3976.49 3979.8 3980.54 3982.96 3985.16 3988.31 3995.86 4005.01 4006.88 4007.05 4007.75 4008.99 4010.33 4011.62 4012.32 4011.1 4017.3 4036.32 4022.43 4011.39 4011.29 4013.03 4015.19 4015.27 4014.06 4012.76 4012.07 4013.45 4012.88 4012.19 4012.12 4014.36 4017.72 4021.09 4024.9 4021.93 4024.36 4026.44 4023.98 4020.6 4017.55 4014.75 4012.67 4011.87 4011.14 4008.35 4003.07 3993 3985.07 3980.66 3982.97 3986.07 3988.3 3989.48 3989.57 3988.09 3985.07 3982.59
3966.27 3961.61 3962.84 3962.25 3956.94 3959.5 3962.64 3964.75 3971.89 3977.57 3980.62 3981.76 3982.51 3984.25 3986.97 3993.42 4000.85 4003.47 4003.74 4004.84 4005.87 4006.63 4007.13 4007.3 4005.72 4012.52 4031.21 4021.91 4012.49 4011.4 4012.53 4013.55 4014.12 4013.67 4012.92 4012.82 4013.75 4012.64 4011.8 4011.9 4013.8 4017.3 4021.94 4026.86 4024.25 4023.53 4025.65 4023.31 4019.51 4016.12 4013.42 4011.16 4009.66 4008.8 4006.06 4001.1 3990.98 3984.25 3981.32 3982.25 3984.81 3987.5 3990.3 3987.63 3984.65 3981.71 3981.73
3964.73 3961.95 3962.54 3962.33 3955.79 3958.09 3961.84 3964.23 3973.94 3980.08 3982.69 3982.66 3982.69 3984.7 3988.28 3992.93 3997.97 4000.68 4001.64 4002.53 4003.09 4003.14 4003.23 4002.59 4002.41 4010.77 4024.41 4019.81 4013.47 4011.12 4012.38 4014.97 4014.11 4013.37 4013.16 4013.12 4013.06 4012.26 4011.59 4011.55 4014.13 4018.74 4024.46 4028.71 4029.97 4028.51 4026.3 4021.86 4017.49 4013.84 4010.83 4008.53 4006.62 4004.39 4000.45 3995.32 3986.38 3982.86 3980.95 3982.72 3984.63 3986.35 3986.57 3985.97 3984.04 3982.84 3982.47
3962.69 3961.17 3963.05 3963.82 3955.59 3957.96 3960.57 3963.76 3972.49 3978.5 3981.03 3981.31 3982.46 3985.77 3988.44 3990.03 3994.32 3997.73 4000.34 4000.86 4001.46 4001.03 3999.53 4001.01 4002.28 4009.15 4018.26 4016.04 4010.25 4009.32 4010.06 4011.79 4012.12 4012.36 4013 4014.02 4012.49 4011.49 4011.46 4012.52 4015.83 4019.58 4024.68 4028.68 4030.41 4028.95 4024.1 4018.48 4014.19 4010.65 4007.54 4004.83 4002.7 3998.34 3992.34 3987.14 3984.46 3982.9 3982.3 3984.02 3985.03 3986.06 3986.58 3986 3984.8 3983.45 3984.84
3960.59 3959.96 3963.05 3969.45 3960.74 3961.8 3963.06 3966.74 3972.64 3978.04 3982.23 3983.98 3986.11 3989.41 3991.45 3992.44 3993.98 3996.22 3997.99 4000.47 4001.93 4001.96 4002.16 4002.56 4003.32 4010.52 4016.57 4014.12 4009.89 4008.27 4007.16 4006.29 4009.02 4010.68 4011.75 4012.25 4010.4 4010.31 4011.03 4012.49 4015.53 4019.16 4023.5 4027.47 4027.92 4023.9 4016.62 4013.4 4010.06 4006.9 4003.69 4000.25 3995.63 3992.28 3988.85 3985.74 3985.53 3984.26 3984.43 3985.06 3985.71 3986.52 3987.07 3986.95 3986.16 3985.53 3984.31
3961.04 3960.43 3963.06 3976.03 3968.73 3967.94 3968.27 3971.44 3976.75 3982.55 3987.34 3991.08 3993.25 3996.04 3997.97 3997.57 3997.46 3998.87 4000.03 4003.28 4005.46 4005.76 4005.04 4004.4 4004.07 4011.81 4015.57 4013.03 4010.3 4008.4 4007.82 4007.57 4008.5 4009.4 4010.02 4010.28 4008.94 4009.2 4010.33 4012.18 4014.48 4016.54 4019.2 4022.59 4020.92 4016.3 4012.93 4008.92 4005.32 4002.58 4000.17 3997.26 3993.41 3990.63 3992.88 3990.85 3986.82 3985.71 3985.6 3985.67 3985.99 3986.98 3988.16 3988.61 3987.68 3986.55 3984.69
3961.85 3962.91 3965.77 3977.04 3971.54 3971.66 3972.64 3975.84 3980.89 3987.36 3993.38 3998.83 4001.74 4004.19 4007.16 4008.24 4006.27 4005.6 4008.81 4010.56 4012.17 4012.5 4010.8 4008.73 4010.65 4012.74 4014.03 4012.28 4009.39 4008.3 4009.9 4010.47 4008.91 4008.42 4008.31 4007.42 4007.65 4008.13 4009.19 4010.85 4012.27 4011.22 4012.47 4012.48 4014.57 4011.62 4007 4002.57 4000.01 3998.48 3997.14 3995.8 3993.93 3991.65 3993.75 3991.52 3987.29 3986.39 3985.78 3984.66 3985.34 3987.02 3988.8 3989.8 3988.93 3987.42 3986.57
3967.95 3970.18 3972.26 3978.9 3975.94 3977.68 3978.66 3981.28 3985.71 3991.36 3998.15 4005.02 4007.94 4011.75 4015.56 4017.73 4017.51 4018.05 4019.43 4019.61 4020.62 4021.41 4020.61 4019.13 4019.97 4014.22 4012.93 4013.01 4010.97 4009.45 4009.3 4009.28 4007.64 4006.83 4006.9 4007.95 4006.87 4006.7 4007.55 4009.2 4010.56 4011.5 4012.16 4013.76 4012.05 4007.31 4000.9 3995.67 3995.09 3994.63 3994.34 3994.31 3993.89 3991.67 3990.78 3988.84 3986.07 3984.26 3983.51 3982.88 3984.45 3986.84 3989.11 3990.82 3990.09 3989.05 3988.85
