real_craters/C195-1000m.grd
DSAA
107 107
-52.81 52.81
-52.81 52.81
2888.8038355517 5276.4854809835
[rows 30 to 59 of 107, columns 0 to 66 of 107]
4383.29 4384.87 4415.56 4446.74 4445.65 4472.9 4483.5 4494.31 4524.48 4552.19 4562.5 4591.57 4640.25 4668.62 4688.76 4618.15 4563.37 4529 4543.56 4569.11 4566.62 4598.76 4641.87 4584.99 4575.24 4580.47 4592.83 4607.18 4630.24 4666.02 4725.35 4835.28 4903.44 4863.55 4758.78 4627.59 4500.46 4235.54 3920.32 3838.54 3752.07 3653.7 3578.33 3545.9 3521.11 3508.26 3404.28 3522.81 3490.99 3505.75 3525.39 3524.13 3517.29 3530.05 3545.03 3552.92 3576.96 3607 3582.6 3566.49 3569.64 3593.78 3609.63 3669.5 3699.29 3702.34 3711.9
4389.02 4387.32 4426.88 4469.1 4540.58 4488.27 4473.54 4477.53 4506.6 4516.47 4541.88 4555.39 4576.85 4615.5 4639.65 4618.7 4617.09 4591.85 4593.9 4591.99 4598 4613.29 4628 4615.93 4594.36 4597.65 4605.27 4620.59 4643.08 4678.9 4718.77 4890.84 5049.86 4945.65 4660.25 4466.97 4313.87 4073.23 3816.39 3736.83 3676.9 3583.49 3530.54 3513.55 3496.71 3486.14 3384.65 3490.35 3458.66 3469.35 3485.29 3491.36 3495.66 3503.74 3509.16 3506.93 3515.44 3519.9 3506.12 3506.96 3509.89 3512.83 3665.36 3692.84 3627.73 3590.22 3600.59
4391.54 4397.6 4417 4430.63 4434.63 4452.39 4451.82 4449.58 4466.93 4503.36 4514.3 4527.08 4559.82 4576.74 4576.77 4573.52 4545.73 4566.75 4591.61 4607.29 4616.09 4627.1 4620.41 4615.46 4613.23 4613.86 4622.79 4643.54 4677.77 4716.77 4782.69 4887.34 4936.77 4650.92 4459.07 4244.79 4034.22 3855.48 3716.75 3611.78 3555.91 3529.77 3509.4 3492.16 3476.17 3458.7 3380.14 3458.34 3445.15 3450.47 3463.85 3477.43 3488.82 3492.91 3491.66 3487.04 3483.06 3479.52 3466.49 3468.19 3465.46 3464.3 3523.26 3553.41 3548.29 3523.06 3520.64
4393.4 4402.99 4423.21 4410.55 4405.66 4424.91 4436.47 4441.2 4455.45 4484.58 4512.76 4534.94 4566.2 4566.87 4552.57 4545.93 4547.01 4520.45 4538.15 4571.56 4600.79 4609.02 4612.82 4613.13 4626.97 4630.12 4634.15 4648.95 4684.71 4738.46 4798.3 4843.94 4801.8 4532.87 4283.62 4027.39 3776.04 3651.63 3605.23 3523.96 3487.79 3486.71 3477.52 3467.53 3456.75 3445.53 3444.94 3440.35 3434.16 3441.5 3452.07 3466.59 3480.95 3486.92 3485.07 3479.39 3474.88 3468.82 3462.28 3459.67 3452.05 3446.38 3454.14 3473.13 3485.7 3482.53 3484.32
4399.44 4417.6 4425.56 4406.52 4401.76 4417.69 4433.24 4440.9 4457.6 4481.33 4514.46 4553.9 4576.77 4573.84 4549.51 4532.7 4511.3 4510.98 4504.65 4544.33 4586.15 4602.05 4607.15 4629.7 4644.52 4650.12 4661.35 4661.94 4694.3 4736.56 4754 4753.91 4721.38 4428.05 4122.61 3869.01 3663.37 3557.57 3528.45 3497.98 3474.72 3464.6 3454.6 3455.55 3462.48 3451.18 3428.89 3429.72 3426.17 3433.57 3440.66 3448.23 3465.59 3477.95 3482.27 3482.91 3474.07 3468.25 3464.89 3474.53 3459.39 3445.56 3442.82 3448.2 3452.5 3454.99 3460.78
4439.47 4427.45 4419.47 4405.45 4407.47 4425.49 4443.2 4461.75 4455.49 4481.07 4503.42 4538.9 4557.61 4559.54 4550.29 4529.76 4512.32 4505.08 4522.43 4559.98 4606.16 4619.12 4621.34 4675.62 4677.18 4681.32 4712.42 4720.57 4732.75 4735.19 4715.48 4640.51 4453.88 4178.1 3954.5 3741.85 3561.67 3505.94 3507.44 3491.36 3471.03 3455.43 3441.07 3440.59 3441.41 3437.62 3420.59 3421.08 3420.07 3425.47 3430.13 3432.43 3441.62 3465.05 3480.28 3481.21 3475.03 3470.2 3468.09 3471.99 3457.9 3444.97 3435.44 3428.06 3433.94 3437.46 3443.24
4499.88 4434.02 4426.06 4424.57 4428 4440.74 4456.29 4467.55 4458.69 4465.36 4489.81 4508.91 4524.07 4535.86 4538.57 4532.31 4532.61 4533.27 4524.47 4563.85 4603.27 4623.52 4639.95 4687.87 4698.32 4723.63 4776.24 4825.37 4769.56 4707.45 4659.77 4482.94 4185.64 4031.63 3826.32 3632.21 3500.51 3466.55 3473.8 3474.2 3460.34 3446.27 3434.45 3437.37 3441.65 3418.04 3420.11 3414.76 3415.8 3421.11 3427.68 3434.68 3446.84 3464.91 3479.54 3484.83 3470.67 3465.09 3468.92 3456.91 3444.95 3438.56 3435.47 3429.39 3427.95 3426.13 3428.71
4531.69 4497.41 4447.56 4428.89 4444.74 4461.91 4474.84 4471.07 4479.71 4464.35 4472.17 4484.9 4494.87 4515.53 4525.32 4526.9 4529.45 4528.55 4523.62 4552.07 4589.91 4636.04 4676.16 4733.02 4749.7 4782.32 4837.16 4856.24 4746.17 4602.13 4442.69 4227.51 3983.36 3794.44 3637.11 3534.35 3459.99 3444.24 3448.76 3451.5 3445.4 3435.3 3421.18 3431.97 3456.29 3452.1 3428.4 3411.27 3412.09 3419.11 3428.65 3439.11 3448.59 3457.42 3466.23 3464.16 3453.49 3444.52 3436.51 3427.86 3423.77 3420.89 3425.86 3427.6 3422.35 3420.31 3419.35
4506.43 4487.1 4476.31 4463.7 4473.87 4487.7 4497.8 4500.87 4482.32 4477.31 4471.7 4480.83 4486.91 4491.92 4508.08 4515.58 4532.32 4550.51 4558.34 4558.65 4579.47 4649.85 4721.94 4744.37 4789.81 4838.38 4844.47 4829.41 4675.31 4461.84 4212.02 3964.43 3839.15 3656.92 3514.35 3468.81 3436.18 3428.55 3427.69 3430.68 3430.03 3424.85 3413.49 3430.04 3468.35 3430 3414.16 3403.62 3407.35 3416.35 3426.29 3437.58 3435.47 3435.22 3445.43 3442.41 3431 3418.03 3411.12 3409.06 3402.27 3392.1 3380.6 3396.31 3396.28 3390.8 3401
4546.13 4508.85 4503.22 4507.28 4511.7 4516.36 4520.02 4508.37 4487.39 4500.01 4505.03 4500.79 4478.51 4482.35 4495.05 4510.84 4522.47 4536.15 4562.13 4451.73 4572.84 4632.44 4654.8 4691.1 4778.68 4837.99 4841.03 4775.37 4593.33 4341.84 4071.67 3854.69 3743.55 3587.83 3471.03 3439.38 3427.64 3422.85 3420.67 3416.93 3418.05 3415.43 3411.71 3424.68 3473.17 3422.92 3384.82 3402.05 3407.45 3412.78 3419.05 3424.59 3414.62 3413.99 3426.2 3426.32 3412.32 3393.45 3379.2 3386.94 3381.1 3371.35 3362.62 3368.79 3367.52 3356.99 3375.36
4550.82 4546.05 4543.19 4548.2 4535.61 4539.64 4549.32 4545.47 4523.87 4535.43 4529.82 4523.2 4527.25 4521.27 4515.45 4534.52 4529.75 4545.16 4584.96 4522.98 4596.46 4619.19 4643.17 4689.95 4765.28 4805.41 4844.21 4776.68 4523.48 4246.43 3976.6 3769.27 3663.52 3544.69 3447.66 3428.56 3423.4 3419.94 3417.7 3409.24 3410.34 3411.19 3406.98 3420.21 3470.73 3377.34 3349.42 3404.81 3405.95 3407.73 3409.52 3403.1 3392.28 3381.7 3400.91 3403.91 3389.02 3379.83 3371.32 3362.73 3364.59 3361.29 3356.02 3359.77 3356.78 3341.62 3352.94
4544.84 4619.21 4554.05 4529.71 4545.07 4551.19 4552.46 4553.01 4552.77 4546.12 4528.97 4530.6 4531.25 4544.42 4566.61 4585.47 4611.07 4606.3 4681.98 4723.7 4704.43 4669.87 4684.1 4714.77 4763.8 4768.98 4826.21 4693.49 4416.67 4146.58 3891.25 3696.71 3597.18 3513.38 3446.36 3430.13 3423.62 3419.11 3415.64 3409.81 3407.74 3406.07 3398.33 3396.1 3457.31 3324.21 3334.57 3394.26 3402.85 3407.11 3404.78 3401.29 3377.03 3372.78 3354.87 3352.12 3347.61 3364.14 3365.46 3360.62 3358.38 3355.9 3346.96 3337.38 3336.83 3326.5 3322.8
4536.11 4526.85 4556.71 4539.44 4569.81 4570.84 4564.98 4559.79 4556.12 4550.41 4544.44 4555.46 4554.38 4568.07 4585.97 4621.62 4668.92 4739.07 4664.44 4675.62 4758.42 4770.15 4732.32 4752.31 4819.86 4874.21 4704.3 4507.21 4286.37 4036.9 3797.43 3598.5 3536.1 3489.76 3450.57 3429.98 3422.41 3417.44 3413.71 3410.6 3407.74 3403.79 3394.98 3390.09 3437.22 3286.76 3345.19 3393.45 3411.52 3423.58 3410.07 3383.28 3362.87 3318.76 3260.21 3277.42 3289.74 3320.59 3405.26 3381.8 3365.35 3360.15 3344.19 3275.13 3167.45 3259.16 3295.03
4556.12 4549.67 4560.57 4628.35 4628.67 4589.41 4551.35 4550.26 4559.9 4589.68 4604.09 4596.04 4594.27 4602.19 4612.92 4631.24 4690.47 4752.52 4690.26 4726.11 4728.76 4771.84 4771.39 4794.69 4855.11 4863.54 4595.21 4354.92 4154.59 3933.11 3724.67 3570.14 3505.67 3475.94 3454.65 3434.82 3425.76 3417.38 3409.68 3411.67 3408.28 3403.42 3394.99 3388.93 3423.32 3271.28 3364.25 3393.64 3449.73 3472.31 3469.9 3431.55 3377.03 3310.56 3253.43 3240.55 3240.06 3250.37 3418.56 3417.32 3401.27 3370.37 3326.79 3295.44 3357.69 3312.45 3295.24
4520.47 4611.42 4550.08 4602.76 4648.93 4597.23 4549.96 4542.26 4552.97 4551.97 4597.89 4590.88 4574.76 4590.21 4589.76 4618 4671.08 4724.56 4724.73 4723.74 4727.51 4759.35 4751.41 4828.33 4854.2 4803.1 4503.48 4274.76 4072.06 3865.32 3676.2 3542.96 3495.45 3472.87 3456.58 3447.52 3433.12 3420.46 3409.48 3409.89 3408.47 3404.41 3397.59 3390.26 3410.39 3275.47 3397.47 3466.59 3520.47 3521.31 3523.76 3478.54 3396.29 3334.97 3263.11 3234.15 3227.97 3242.4 3301.11 3405.6 3433.73 3365.39 3293.48 3251.44 3297.68 3304.35 3283.04
4447.66 4527.48 4545.11 4605.5 4636.24 4589.53 4536.88 4533.55 4538.95 4512.53 4542.23 4607.64 4562.93 4551.92 4548.73 4595.1 4670.65 4754.88 4741.18 4713.43 4714.44 4746.83 4767.26 4848.38 4840.77 4786.63 4541.29 4250.36 4017.72 3808.9 3639.44 3534.61 3497.93 3475.68 3463.46 3453.93 3438.28 3426.72 3421.19 3416.28 3411.45 3404.22 3400.86 3392.8 3398.71 3317.7 3470.64 3523.15 3577.81 3534.47 3477.36 3428.9 3369.88 3322.4 3255.55 3229.54 3228.19 3234.66 3258.17 3353.13 3391.88 3349.06 3292.08 3241.49 3266.04 3257.93 3246.27
4412.73 4455.27 4507.71 4565.37 4588.69 4567.1 4544.1 4524.54 4506.39 4493.17 4553.74 4573.52 4542.46 4544.19 4549.3 4571.59 4624.79 4679.51 4725.36 4728.6 4702.72 4748.59 4765.68 4802.31 4791.74 4713.56 4512.75 4186.44 3941.54 3748.64 3588.41 3504.15 3491.69 3472.98 3463.64 3445.94 3436.99 3426.96 3417.78 3411.01 3406.3 3409.94 3418.13 3422.95 3459.26 3439.96 3552.47 3547.63 3565.05 3488.15 3463.52 3383.09 3324.8 3272.71 3245.85 3220.97 3207.18 3258.9 3268.87 3302.61 3313.82 3325.91 3318.24 3294.48 3196.84 3194.76 3204.22
4382.7 4401.11 4418.94 4480.91 4509.02 4510.06 4505.47 4505.3 4503.04 4483.1 4522.11 4588.05 4566.66 4541.15 4554.09 4602.98 4586.25 4607.48 4694.26 4685.32 4685.2 4733.63 4771.44 4766.4 4725.87 4622.94 4300.68 4041.57 3846.67 3685.72 3552.66 3494.82 3470.23 3461.15 3458.59 3444.93 3433.31 3424.89 3415.94 3401.74 3402.08 3416.02 3441.89 3477.07 3559.42 3500.49 3638.58 3527.95 3422.11 3371.2 3324.98 3314.92 3288.94 3253.02 3247.55 3225.54 3172.35 3180.32 3287.3 3304.61 3294.68 3333.17 3343.76 3338.67 3174.34 3154.4 3171.69
4368.43 4377.09 4389.56 4421.87 4450.07 4446.2 4449.86 4468.05 4493.64 4472.17 4471.09 4491.23 4537.64 4531.8 4541.91 4581.78 4590.1 4568.97 4605.82 4627.89 4645.03 4670.05 4736.56 4740.77 4663.21 4506.86 4106.21 3893.78 3749.03 3624.14 3526.62 3483.92 3459.05 3448.44 3443.34 3434.42 3428.41 3422.96 3419.9 3411.77 3408.66 3428.41 3447.56 3491.12 3587.13 3597.62 3658.49 3466.47 3321.13 3276.6 3242.9 3276.69 3288.4 3282.57 3279.62 3279.49 3269.96 3276.68 3323.64 3360.84 3375.74 3383.86 3361.89 3288.64 3164.42 3143.37 3152.51
4364.8 4375.77 4383.4 4392.42 4392.31 4397.37 4405.13 4418.62 4423.68 4452.58 4472.98 4473.02 4498.36 4519.05 4555.49 4597.56 4669.21 4596.85 4559.8 4577.05 4601.11 4636.97 4669.38 4686.56 4606.37 4428.74 4047.7 3796.22 3678.67 3583.99 3506.73 3478.64 3454.85 3440.65 3432.7 3422.16 3425.89 3432.38 3440.51 3458.02 3483.2 3465.54 3456.87 3454.06 3502.11 3508.18 3523.66 3375.9 3260.82 3265.77 3296.13 3275.13 3293.66 3349.23 3350.99 3307.28 3370.19 3403.66 3390.08 3439.99 3487.48 3472.31 3404.91 3296.87 3195.31 3142.43 3136.89
4366.67 4379.64 4382.33 4383.39 4386.42 4390.16 4395.3 4403.31 4416.5 4438.92 4479.33 4499.28 4493.82 4526.03 4608.41 4733.59 4649.64 4578.86 4532.72 4527.53 4561.8 4593.14 4626.08 4670.09 4538.04 4280.09 3924.58 3746.55 3655.7 3572.82 3510.07 3470.82 3455.87 3438.42 3430.35 3421.28 3427.64 3448.59 3466.51 3500.79 3522.68 3506.25 3467.79 3418.38 3436.05 3351.71 3424.55 3379.13 3303.07 3300.7 3278.47 3265.79 3248.59 3177.04 3117.08 3143.37 3289.55 3399.51 3391.43 3482.1 3590.02 3581.11 3462.46 3355.09 3231.64 3142.21 3132.39
4366.71 4378.33 4380.42 4380.72 4383.16 4386.89 4393.02 4401.15 4413.68 4428.81 4447.23 4482.19 4490.59 4517.45 4568.53 4639.75 4642.66 4585.49 4536.23 4522.91 4526.61 4525.86 4539.27 4559.44 4452.16 4173.26 3950.87 3782.71 3668.43 3580.14 3509.5 3469.66 3456.13 3435.58 3427.65 3422.52 3423.41 3433.89 3476.07 3525.53 3572.79 3541.39 3482.94 3438.99 3444.87 3323.31 3418.03 3423.41 3399.52 3340.82 3292.56 3232.59 3187.16 3095.31 2957.6 2944.22 2962.09 3048.52 3268.72 3456.69 3617.54 3627 3485.03 3343.25 3201.88 3156.91 3129.2
4364.62 4375.07 4378.05 4378.78 4380.93 4386.09 4393.34 4404.89 4417.04 4428.47 4444.89 4499.9 4504.14 4499.13 4492.54 4529.84 4593.19 4579.53 4546.27 4523.41 4523.59 4525.49 4527.73 4546.46 4492.88 4225.41 4017.75 3813.48 3685.97 3594.13 3514.5 3471.43 3456.35 3433.52 3428.04 3422.36 3420.81 3426.82 3482.52 3538.52 3581.68 3552.06 3485.81 3441.1 3439.21 3337.52 3401.64 3392.58 3368.56 3361.6 3292.61 3182.44 3064.77 2955.54 2911.98 2888.84 2894.94 2961.61 3198.58 3411.21 3554.16 3578.02 3461.93 3335.59 3245 3169.05 3123.4
4362.59 4371.23 4375.13 4376.51 4376.9 4379.92 4391.93 4406.27 4418.69 4431.5 4450.05 4467.38 4500.75 4486.5 4486.31 4506.24 4530.45 4559.59 4573.6 4567.54 4552.67 4529.49 4569.2 4622.64 4702.45 4589 4218.11 3891.88 3722.51 3599.5 3510.46 3466.43 3444.86 3434.03 3428.16 3422.88 3427.71 3450.75 3500.17 3551.13 3573.21 3547.5 3470.94 3376.76 3385.86 3294.05 3277.65 3343.89 3393.3 3355.44 3296.21 3156.42 2983.73 2893.37 2888.8 2895.17 2926.75 3047.91 3236.1 3410.5 3531.1 3553.23 3473.85 3367.05 3284.2 3150.44 3097.27
4361.82 4371.7 4374.26 4376.88 4380.15 4383.48 4394.99 4406.14 4418.98 4432.84 4447.82 4450.36 4453.44 4465.03 4465.06 4487.84 4513.64 4543.73 4581.17 4596.44 4608.66 4621.08 4677.76 4755.13 4903.94 5016.06 4477.48 4019.46 3777.65 3606.76 3500.34 3460.22 3447.97 3438.33 3428.57 3420.95 3432.39 3480.42 3522.13 3566.37 3604.18 3571.86 3452.29 3347.78 3344.98 3188.52 3164.9 3280.68 3384.12 3470.31 3364.03 3192.16 2985.86 2912.15 2934.87 2986.27 3143.17 3223.32 3339.82 3449.14 3549.42 3616.31 3471.73 3393.55 3245.14 3131.56 3076.4
4366.36 4372.52 4374.45 4379.52 4390.39 4404.28 4405.72 4406.95 4422.47 4437.53 4440.75 4441.68 4451.57 4457.5 4461.17 4481.12 4506.53 4532.72 4567.65 4645.88 4683.9 4728.51 4826.21 4929.92 4983.27 4999.37 4570.12 4116.49 3824.2 3609.62 3493.38 3464.85 3464.41 3441.93 3434.82 3433.37 3457.53 3506.22 3529.08 3563.13 3591.55 3558.92 3423.56 3302.95 3306.78 3172.08 3138.39 3273.96 3409.29 3499.5 3437.35 3302.91 3123.66 3048.12 3090.08 3158.43 3295.01 3428.93 3468.48 3505.82 3514.86 3454.92 3409.86 3318.92 3271.35 3134.29 3071.84
4380.55 4375.27 4379.02 4377.47 4391.81 4411.63 4423.78 4411.64 4430.12 4449.24 4462.02 4463.13 4460.9 4465.12 4462.86 4484.14 4503.98 4528.49 4559.93 4634.98 4709.5 4845.8 4926.07 5030.33 4966.92 4880.92 4557.23 4179.89 3852.04 3603.43 3492.87 3479.78 3496.6 3523.53 3460.13 3438.27 3441.11 3465.84 3506.49 3541.51 3550.28 3503.96 3413.07 3297.96 3289.55 3223.12 3148.12 3316.55 3488.9 3527.38 3479.06 3445.08 3404.9 3312.9 3293.94 3325.36 3457.91 3566.7 3575.36 3559.47 3523 3460.31 3412.52 3328.76 3189.9 3110.52 3079.76
4412.2 4427.19 4399.39 4398.82 4384.95 4439.38 4452.49 4439.28 4449.34 4470.35 4498.1 4515.65 4482.66 4477.91 4472.33 4500.87 4506.75 4557.38 4618.86 4703.48 4749.94 4788.78 4919.89 5054.91 5013.98 4848.86 4523.22 4163.03 3854.78 3610.7 3508.14 3495.47 3508.46 3513.75 3436.37 3425.6 3415.8 3430.39 3473.34 3512.63 3532.86 3521.03 3450.9 3364.31 3308.88 3240.6 3274.01 3389.05 3481.78 3469.55 3479.89 3549.39 3600.31 3552.94 3493.18 3510.9 3767.7 3741.62 3655.62 3570.4 3517.95 3497.81 3366.07 3238.46 3133.42 3089.58 3087.47
4407.93 4410.08 4406.82 4403.01 4403.06 4441.69 4454.71 4445.95 4457.19 4480.82 4507.67 4523.29 4525.59 4480.32 4473.95 4488.94 4531.42 4601.93 4663.84 4726.26 4813.7 4814.81 4882.52 4973.56 5011.41 4820.81 4517.38 4155.02 3863.81 3636.18 3539.12 3509.71 3502.35 3488.67 3435.41 3419.37 3415.46 3424.88 3455.36 3492.23 3522.32 3526.29 3487.31 3436.62 3341.71 3210.92 3406.48 3439.2 3413.38 3387.6 3479.07 3608.81 3852.86 3711.98 3637.2 3632.13 3802.73 3746.52 3626.98 3532.36 3446.85 3335.6 3247.81 3175.71 3122.63 3096.63 3090.62
4405.56 4406.01 4407.67 4407.65 4419.22 4462.05 4463.71 4442.71 4458.33 4483.52 4507.15 4520.46 4503.07 4477.62 4481.11 4519.43 4597.52 4649.95 4750.9 4833.94 4813.95 4812.04 4891.38 4898.37 4894.03 4826.65 4544.55 4207.91 3910.83 3688.88 3588.66 3546.36 3503.16 3449 3431.72 3416.24 3414.29 3419.61 3445.84 3476.22 3504.82 3517.24 3474.94 3418.18 3354.75 3162 3383.6 3420.48 3392.49 3401.6 3514.69 3576.05 3641.18 3673.16 3656.96 3656.66 3621.79 3592.72 3523.76 3437.15 3360.4 3288.13 3209.18 3145.53 3117.57 3102.77 3098.44
