real_craters/C195-750m.grd
DSAA
247 247
-92.4175 92.4175
-92.4175 92.4175
2435.0083708854 5058.7211231825
[rows 190 to 227 of 247, columns 84 to 167 of 247]
4034 4043 4044 4037 4032 4031 4030 4024 4022 4022 4025 4031 4039 4049 4073 4100 4124 4119 4138 4120 4098 4081 4072 4071 4072 4077 4091 4108 4130 4140 4141 4138 4135 4133 4138 4159 4182 4171 4155 4188 4225 4241 4241 4233 4216 4203 4199 4195 4189 4182 4164 4156 4150 4128 4116 4116 4125 4140 4163 4172 4151 4164 4153 4160 4172 4173 4168 4165 4162 4157 4145 4141 4136 4128 4121 4121 4113 4094 4082 4073 4071 4067 4064 4052
4029 4034 4041 4039 4034 4031 4027 4024 4028 4024 4024 4027 4035 4046 4067 4086 4100 4109 4117 4099 4087 4072 4067 4067 4069 4073 4085 4109 4130 4146 4148 4147 4143 4140 4142 4145 4145 4139 4155 4237 4259 4256 4253 4241 4237 4212 4202 4201 4200 4191 4170 4156 4137 4116 4101 4093 4100 4113 4127 4139 4136 4141 4145 4159 4169 4170 4172 4171 4165 4153 4147 4145 4137 4127 4119 4122 4118 4105 4091 4078 4072 4069 4062 4048
4031 4032 4039 4039 4033 4025 4019 4020 4019 4023 4024 4023 4028 4045 4064 4080 4081 4087 4087 4076 4068 4064 4062 4062 4066 4071 4084 4105 4133 4151 4153 4151 4148 4143 4140 4135 4131 4134 4156 4219 4249 4236 4235 4233 4224 4213 4205 4205 4209 4194 4171 4153 4127 4108 4094 4065 4058 4066 4071 4089 4117 4123 4131 4143 4155 4163 4171 4176 4173 4169 4165 4152 4141 4132 4125 4123 4129 4111 4096 4082 4078 4077 4070 4058
4032 4032 4034 4035 4029 4020 4018 4017 4018 4023 4024 4021 4021 4037 4059 4069 4065 4066 4070 4065 4057 4053 4051 4056 4062 4071 4086 4102 4131 4150 4151 4148 4145 4141 4135 4127 4120 4132 4157 4190 4212 4234 4234 4225 4213 4203 4199 4197 4194 4190 4168 4146 4126 4106 4077 4050 4042 4040 4041 4059 4091 4105 4120 4131 4139 4154 4165 4169 4175 4170 4163 4154 4144 4137 4132 4127 4135 4115 4099 4088 4088 4091 4087 4065
4036 4034 4029 4029 4025 4017 4015 4018 4022 4029 4026 4019 4024 4036 4056 4054 4051 4052 4060 4068 4055 4044 4041 4049 4059 4070 4083 4101 4128 4146 4144 4141 4139 4136 4131 4127 4122 4136 4158 4186 4205 4242 4230 4214 4200 4192 4187 4184 4180 4172 4157 4135 4120 4089 4056 4040 4036 4037 4031 4038 4062 4091 4114 4120 4134 4146 4159 4170 4172 4166 4160 4153 4146 4140 4136 4132 4134 4122 4105 4095 4103 4105 4099 4064
4037 4037 4035 4031 4026 4020 4015 4018 4025 4029 4027 4028 4028 4034 4041 4036 4035 4032 4047 4063 4046 4027 4033 4044 4056 4068 4080 4100 4114 4123 4128 4130 4131 4131 4129 4128 4131 4142 4157 4184 4202 4219 4210 4193 4179 4176 4176 4174 4168 4160 4147 4128 4111 4070 4048 4036 4030 4027 4028 4024 4029 4073 4097 4110 4126 4138 4151 4163 4166 4160 4158 4152 4147 4143 4140 4138 4137 4122 4106 4102 4111 4097 4070 4044
4032 4039 4037 4033 4027 4021 4015 4019 4023 4024 4024 4029 4028 4031 4039 4031 4024 4021 4027 4031 4027 4020 4028 4041 4054 4067 4083 4094 4102 4105 4112 4117 4122 4125 4128 4131 4141 4146 4147 4166 4172 4179 4179 4167 4154 4157 4163 4166 4158 4149 4138 4123 4103 4064 4043 4035 4025 4025 4025 4019 4022 4052 4083 4103 4115 4126 4138 4148 4152 4155 4152 4149 4147 4144 4141 4138 4137 4118 4103 4100 4102 4088 4058 4039
4030 4034 4032 4031 4028 4025 4022 4021 4021 4016 4017 4021 4025 4025 4027 4024 4020 4018 4016 4019 4019 4018 4027 4040 4053 4065 4077 4095 4098 4098 4103 4110 4116 4120 4126 4134 4136 4136 4137 4149 4155 4154 4153 4145 4136 4144 4150 4154 4161 4131 4132 4113 4084 4064 4050 4039 4029 4027 4022 4017 4019 4034 4068 4090 4103 4113 4124 4133 4143 4144 4145 4143 4142 4141 4144 4144 4140 4114 4095 4094 4095 4090 4069 4057
4035 4032 4029 4031 4028 4023 4026 4019 4018 4014 4013 4016 4021 4025 4023 4024 4018 4014 4014 4018 4018 4019 4028 4041 4056 4071 4083 4104 4101 4098 4102 4108 4112 4114 4116 4119 4120 4120 4130 4138 4142 4144 4138 4132 4127 4132 4136 4134 4124 4119 4117 4096 4071 4065 4053 4041 4032 4029 4027 4023 4022 4026 4053 4078 4089 4101 4114 4126 4134 4140 4137 4134 4132 4134 4141 4153 4145 4109 4090 4093 4091 4083 4066 4072
4041 4032 4028 4037 4034 4022 4017 4012 4012 4009 4008 4014 4020 4023 4023 4025 4022 4013 4014 4016 4016 4019 4028 4042 4058 4076 4086 4100 4104 4105 4108 4108 4108 4107 4105 4101 4105 4115 4122 4131 4138 4132 4126 4122 4123 4125 4126 4122 4114 4108 4099 4083 4067 4055 4043 4038 4034 4033 4030 4026 4026 4025 4039 4058 4072 4087 4103 4120 4127 4124 4119 4118 4120 4123 4128 4138 4131 4106 4094 4090 4076 4070 4052 4041
4049 4032 4022 4046 4049 4034 4018 4013 4008 4003 4004 4013 4023 4026 4032 4024 4021 4011 4015 4022 4021 4022 4029 4043 4057 4067 4077 4090 4105 4114 4116 4111 4106 4102 4099 4096 4099 4104 4115 4127 4135 4123 4115 4110 4110 4121 4119 4110 4103 4100 4084 4074 4064 4048 4035 4036 4034 4035 4032 4025 4025 4029 4031 4042 4061 4071 4087 4105 4103 4091 4093 4099 4105 4111 4120 4128 4120 4103 4089 4086 4078 4076 4056 4042
4048 4030 4022 4054 4070 4063 4035 4019 4009 4004 4004 4010 4014 4020 4026 4021 4019 4016 4018 4026 4029 4028 4034 4046 4060 4073 4084 4103 4112 4115 4113 4110 4104 4096 4087 4083 4087 4096 4111 4119 4117 4109 4101 4097 4098 4104 4104 4096 4090 4080 4069 4063 4057 4043 4033 4031 4031 4033 4033 4028 4023 4025 4031 4035 4036 4051 4068 4079 4076 4060 4071 4082 4091 4100 4112 4120 4116 4104 4094 4089 4080 4077 4067 4054
4043 4029 4024 4044 4057 4057 4038 4019 4011 4007 4007 4010 4010 4011 4016 4017 4017 4019 4023 4028 4033 4035 4039 4048 4062 4077 4090 4107 4117 4119 4109 4112 4104 4091 4080 4065 4069 4081 4097 4101 4101 4087 4081 4080 4081 4084 4087 4087 4077 4059 4052 4051 4046 4037 4033 4030 4029 4029 4030 4028 4024 4026 4031 4031 4029 4037 4055 4066 4070 4058 4063 4073 4082 4091 4110 4115 4114 4105 4098 4090 4082 4074 4064 4053
4028 4028 4026 4038 4044 4045 4038 4021 4008 4006 4006 4009 4007 4004 4012 4017 4018 4020 4025 4029 4035 4037 4038 4048 4062 4077 4093 4109 4122 4132 4144 4122 4103 4086 4071 4061 4050 4060 4070 4073 4074 4060 4056 4058 4058 4058 4061 4072 4061 4051 4046 4043 4040 4036 4034 4034 4032 4027 4025 4028 4026 4020 4023 4027 4026 4033 4047 4062 4057 4060 4063 4069 4076 4085 4099 4104 4111 4103 4096 4090 4083 4072 4061 4053
4019 4036 4043 4042 4056 4054 4033 4011 4005 4004 4005 4006 4005 4006 4008 4018 4020 4022 4029 4035 4038 4038 4035 4047 4062 4076 4093 4117 4135 4136 4128 4118 4101 4082 4067 4053 4035 4037 4040 4044 4048 4040 4036 4033 4035 4035 4036 4048 4043 4043 4040 4038 4036 4035 4042 4039 4038 4030 4022 4024 4023 4021 4024 4027 4030 4035 4041 4046 4049 4057 4062 4067 4074 4081 4095 4097 4101 4096 4090 4085 4080 4071 4059 4051
4024 4040 4046 4030 4024 4021 4018 4010 4004 4003 4003 4005 4005 4011 4011 4015 4024 4038 4045 4043 4043 4037 4035 4044 4060 4073 4089 4111 4132 4128 4127 4117 4095 4076 4064 4049 4032 4031 4028 4022 4032 4031 4025 4019 4021 4023 4025 4035 4037 4036 4034 4032 4030 4029 4031 4034 4034 4028 4030 4030 4026 4026 4028 4031 4035 4036 4035 4040 4050 4054 4058 4064 4073 4082 4089 4089 4093 4090 4084 4083 4076 4068 4053 4043
4019 4032 4039 4026 4010 4005 4007 4005 4004 4002 4000 4003 4004 4008 4009 4013 4024 4050 4053 4043 4041 4035 4032 4039 4053 4066 4075 4085 4089 4100 4109 4101 4084 4067 4055 4043 4032 4029 4026 4023 4027 4026 4021 4019 4017 4017 4020 4030 4032 4031 4025 4025 4025 4025 4024 4031 4037 4035 4036 4032 4028 4031 4034 4033 4033 4033 4029 4028 4041 4046 4052 4058 4066 4077 4083 4082 4086 4086 4082 4078 4069 4057 4046 4036
4012 4008 4017 4017 4007 4004 4004 4006 4004 4001 3997 3999 4003 4004 4009 4014 4032 4050 4050 4042 4036 4031 4029 4032 4038 4050 4058 4061 4057 4072 4079 4077 4073 4060 4049 4036 4027 4026 4022 4025 4023 4020 4016 4015 4014 4014 4015 4021 4022 4021 4022 4022 4020 4018 4021 4030 4036 4036 4033 4027 4030 4039 4034 4031 4030 4032 4033 4043 4042 4048 4049 4052 4057 4074 4078 4077 4081 4083 4082 4068 4060 4050 4042 4038
4020 4018 4015 4016 4011 4009 4004 3999 4001 4002 3998 3996 4001 4001 4004 4017 4042 4058 4056 4046 4036 4029 4029 4030 4029 4040 4046 4050 4055 4065 4071 4071 4070 4061 4045 4028 4022 4024 4018 4015 4015 4014 4014 4013 4012 4012 4012 4014 4014 4015 4021 4020 4017 4012 4018 4025 4030 4032 4030 4025 4029 4032 4030 4029 4028 4027 4030 4030 4037 4048 4045 4044 4046 4073 4080 4079 4081 4082 4077 4069 4061 4050 4042 4040
4031 4028 4018 4020 4023 4018 4009 4002 4009 4005 4001 4000 4003 4004 4005 4019 4046 4057 4052 4041 4036 4030 4032 4033 4032 4030 4037 4044 4055 4064 4074 4081 4075 4057 4033 4021 4020 4028 4019 4013 4010 4010 4011 4011 4010 4009 4011 4018 4013 4013 4017 4018 4016 4015 4019 4021 4025 4027 4023 4021 4024 4029 4028 4028 4030 4029 4032 4032 4035 4039 4040 4040 4043 4073 4083 4082 4082 4082 4079 4070 4060 4048 4040 4038
4024 4015 4017 4022 4028 4028 4014 4008 4012 4004 4001 4002 4001 4001 4000 4015 4033 4037 4035 4033 4035 4033 4036 4038 4032 4034 4033 4037 4041 4052 4075 4096 4082 4055 4028 4019 4018 4019 4017 4014 4009 4007 4006 4006 4005 4006 4009 4014 4014 4014 4014 4015 4016 4019 4018 4015 4023 4026 4020 4016 4029 4045 4027 4029 4034 4037 4031 4032 4035 4041 4041 4039 4045 4080 4082 4081 4081 4081 4079 4071 4060 4046 4038 4036
4014 4023 4012 4005 4007 4019 4009 4001 4003 3997 3993 3995 3997 3997 3999 4008 4021 4026 4027 4026 4028 4031 4036 4043 4040 4032 4030 4031 4034 4046 4068 4089 4082 4054 4027 4022 4016 4013 4016 4016 4007 4003 4002 4001 4000 4001 4006 4013 4016 4015 4014 4013 4014 4014 4012 4009 4015 4029 4022 4016 4026 4029 4022 4035 4031 4031 4027 4031 4036 4041 4040 4039 4048 4074 4077 4077 4077 4078 4077 4069 4058 4045 4036 4033
4005 4001 4001 3996 4000 3999 4000 3997 3995 3991 3984 3988 3993 3998 4008 4006 4012 4022 4023 4024 4025 4027 4031 4032 4031 4028 4026 4025 4026 4032 4052 4069 4066 4045 4022 4019 4013 4009 4016 4018 4003 3998 3995 3995 3997 3997 4001 4009 4016 4016 4013 4012 4011 4009 4008 4004 4011 4022 4019 4029 4027 4019 4030 4025 4023 4021 4027 4031 4034 4037 4035 4035 4045 4068 4068 4070 4073 4075 4075 4067 4054 4040 4032 4030
4004 4000 3997 3992 3988 3990 3997 3998 3994 3991 3990 3989 3993 4000 4010 4024 4009 4016 4018 4022 4023 4026 4026 4026 4025 4024 4022 4021 4021 4024 4034 4038 4036 4024 4014 4011 4007 4004 4006 4009 4001 3997 3994 3994 3996 4000 4005 4005 4014 4015 4013 4011 4009 4008 4000 4002 4005 4006 4014 4031 4026 4027 4026 4016 4017 4019 4027 4032 4034 4032 4030 4031 4039 4062 4060 4063 4066 4069 4070 4063 4047 4036 4028 4025
4003 4001 3993 3983 3984 3993 4003 4002 3995 3987 3989 3994 3999 4003 4008 4010 4010 4016 4015 4019 4021 4023 4025 4023 4021 4020 4020 4020 4019 4023 4023 4021 4019 4014 4008 4005 4003 4003 4008 4012 4005 4000 3998 3996 3997 4001 4010 4012 4015 4014 4012 4009 4007 4003 4000 4000 4003 4002 4011 4021 4019 4021 4021 4015 4017 4021 4026 4037 4038 4037 4036 4034 4052 4061 4058 4058 4060 4062 4063 4056 4043 4034 4027 4024
4009 3997 3990 3988 3996 4003 4007 4002 3995 3985 3987 3996 3998 3998 4007 4015 4017 4016 4017 4016 4017 4023 4027 4024 4018 4017 4016 4015 4014 4013 4013 4012 4012 4010 4006 4003 4002 4004 4010 4015 4010 4006 4003 4000 3997 3997 3999 4009 4012 4010 4009 4008 4007 4004 4002 4003 4007 4005 4008 4010 4018 4021 4017 4014 4018 4024 4030 4042 4040 4039 4039 4034 4051 4058 4056 4054 4052 4051 4053 4050 4042 4036 4028 4025
4002 3989 3988 3995 4000 4007 4003 3997 3990 3985 3990 3997 3997 3999 4008 4021 4021 4020 4018 4016 4016 4021 4025 4029 4019 4016 4013 4011 4008 4005 4005 4007 4009 4010 4006 4004 4002 4002 4005 4009 4011 4018 4014 4002 3997 3994 3994 3995 3999 4004 4007 4009 4009 4007 4004 4002 4001 4005 4007 4010 4018 4019 4016 4015 4017 4025 4031 4040 4036 4032 4028 4030 4047 4048 4049 4048 4045 4044 4045 4049 4047 4040 4032 4027
3996 3991 3990 3992 3999 4005 3995 3990 3987 3987 3995 4000 4000 4001 4010 4019 4017 4021 4020 4019 4019 4021 4023 4023 4017 4013 4010 4007 4004 4001 4001 4005 4009 4008 4006 4004 4003 4001 3999 4000 4000 4011 4014 4003 3998 3996 3995 3999 3999 4002 4005 4006 4008 4008 4005 4000 4002 4006 4007 4011 4017 4016 4014 4014 4016 4018 4017 4028 4028 4026 4025 4024 4037 4039 4043 4042 4040 4039 4041 4044 4042 4036 4028 4027
4018 3999 3984 3975 3983 3986 3983 3985 3986 3987 3996 4000 3999 4001 4009 4016 4020 4022 4018 4017 4022 4025 4017 4012 4012 4009 4006 4004 4001 3998 3998 4002 4009 4009 4006 4005 4004 4003 4000 3997 3994 3991 4001 3999 3997 3996 3995 3997 3998 4001 4004 4007 4009 4008 4005 4002 4004 4004 4003 4004 4009 4013 4013 4010 4013 4014 4017 4018 4020 4019 4018 4014 4033 4036 4041 4043 4041 4038 4038 4038 4029 4025 4025 4027
4002 3989 3975 3968 3976 3981 3984 3985 3987 3992 3997 3999 4003 4003 4010 4018 4024 4023 4015 4018 4020 4023 4014 4007 4006 4004 4003 4001 3999 3997 3997 4000 4003 4004 4005 4005 4006 4006 4002 3998 3999 4001 3999 3996 3994 3994 3994 3995 3995 3999 4004 4011 4013 4006 4004 4003 4006 4005 4003 4004 4009 4012 4014 4017 4012 4011 4016 4015 4016 4016 4015 4013 4028 4037 4049 4053 4048 4041 4039 4037 4032 4023 4026 4027
3994 3986 3980 3983 3978 3983 3987 3987 3988 3990 3991 3997 4001 4004 4010 4015 4009 4014 4015 4016 4020 4021 4010 4005 4001 4000 4001 4000 3999 3997 3999 4000 4000 4000 4001 4004 4006 4006 4001 3997 3996 3999 3999 3997 3994 3991 3991 3993 3994 3997 4001 4005 4006 4003 4001 4005 4006 4006 4003 4004 4012 4014 4016 4015 4010 4010 4007 4014 4014 4014 4014 4012 4030 4049 4070 4080 4074 4057 4046 4034 4021 4026 4026 4027
3987 3985 3980 3979 3978 3979 3984 3987 3991 3995 3997 4002 4004 4003 4011 4013 4011 4019 4020 4018 4022 4020 4007 4004 4001 4000 4001 4001 4000 3999 3998 4002 4002 4001 3998 4002 4005 4007 4003 3997 3995 3999 4000 3999 3994 3992 3991 3992 3991 3994 3997 3998 4000 3998 3997 3999 4003 4005 4011 4013 4015 4015 4015 4016 4012 4009 4008 4015 4012 4010 4010 4018 4042 4073 4105 4125 4117 4085 4057 4037 4019 4024 4027 4029
3992 3984 3976 3973 3976 3977 3980 3985 3995 4003 4005 4011 4014 4020 4020 4020 4035 4030 4022 4015 4022 4017 4006 4005 4004 4003 4004 4004 4004 4002 4000 4004 4004 3998 3998 4001 4005 4008 4005 4000 3997 3997 4001 4002 3997 3992 3993 3993 3991 3992 3993 3995 3995 3995 3994 3999 4002 4006 4009 4010 4010 4012 4011 4008 4006 4007 4009 4011 4008 4004 4003 4029 4056 4103 4152 4187 4178 4116 4060 4039 4022 4023 4023 4022
3991 3984 3977 3976 3975 3979 3981 3986 3996 4003 4009 4020 4029 4026 4030 4031 4024 4028 4015 4019 4026 4019 4012 4008 4007 4008 4009 4010 4010 4011 4012 4017 4009 4002 3998 3999 4004 4006 4005 4001 3993 3994 4001 4009 4007 4001 3998 3995 3993 3992 3992 3992 3994 3995 3998 4000 3998 4002 4004 4008 4015 4013 4010 4007 4007 4008 4010 4011 4006 4001 4002 4036 4072 4130 4194 4247 4226 4134 4064 4037 4029 4023 4020 4019
3994 3990 3985 3976 3975 3980 3989 3992 3995 3999 4009 4016 4031 4034 4029 4022 4022 4022 4020 4031 4038 4029 4015 4011 4011 4012 4014 4016 4017 4019 4024 4035 4021 4004 3996 3998 4001 4004 4005 4005 4004 3995 3997 4011 4024 4004 3997 3995 3995 3994 3991 3989 3989 3993 3997 3999 3997 4000 4001 4007 4021 4013 4010 4008 4007 4009 4011 4010 4007 4001 4003 4040 4078 4139 4211 4272 4230 4119 4052 4030 4023 4019 4018 4020
3998 3998 3992 3978 3979 3987 3998 3994 3999 4002 4006 4011 4022 4027 4032 4028 4023 4026 4029 4032 4039 4039 4025 4015 4018 4020 4022 4022 4022 4025 4030 4041 4021 4002 3996 3998 4001 4003 4004 4003 4000 3997 3995 4000 4000 3999 3998 3996 3994 3992 3989 3986 3989 3993 3996 3999 3995 3997 3999 4002 4003 4009 4012 4010 4008 4014 4016 4024 4012 4004 4008 4033 4069 4123 4187 4246 4187 4077 4034 4023 4019 4017 4016 4018
3993 3998 4012 3998 3988 3992 3996 3999 4001 4007 4007 4007 4014 4022 4034 4033 4026 4028 4036 4046 4060 4054 4035 4021 4027 4033 4031 4027 4025 4023 4022 4019 4008 3998 3997 3998 4002 4004 4004 4003 3996 3995 3996 3994 3993 3996 3998 3995 3991 3988 3987 3986 3989 3992 3995 3998 3993 3996 3998 4000 4001 4014 4016 4012 4009 4016 4016 4013 4010 4007 4008 4022 4048 4087 4123 4142 4108 4043 4025 4021 4019 4019 4017 4015
3998 3998 4011 4001 3994 3995 3994 3993 3995 4006 4008 4007 4013 4021 4025 4032 4037 4043 4045 4058 4071 4065 4043 4025 4034 4039 4035 4028 4023 4017 4012 4003 4001 3996 3996 3998 4001 4003 4004 4005 4002 4002 3998 3995 3990 3990 3995 3992 3988 3983 3987 3991 3991 3992 3992 3993 3993 3995 3997 3998 3999 4012 4018 4016 4013 4014 4012 4010 4011 4008 4010 4013 4026 4050 4061 4052 4048 4029 4022 4021 4022 4022 4020 4018
