real_craters/C196-750m.grd
DSAA
253 253
-94.325 94.325
-94.325 94.325
6859.259982802 12497.536556725
[rows 104 to 129 of 253, columns 57 to 113 of 253]
1.213e+004 1.213e+004 1.213e+004 1.214e+004 1.214e+004 1.213e+004 1.213e+004 1.212e+004 1.211e+004 1.21e+004 1.21e+004 1.21e+004 1.21e+004 1.209e+004 1.209e+004 1.208e+004 1.207e+004 1.206e+004 1.206e+004 1.206e+004 1.206e+004 1.205e+004 1.205e+004 1.204e+004 1.204e+004 1.205e+004 1.206e+004 1.208e+004 1.21e+004 1.212e+004 1.215e+004 1.216e+004 1.218e+004 1.219e+004 1.22e+004 1.222e+004 1.224e+004 1.226e+004 1.228e+004 1.228e+004 1.227e+004 1.221e+004 1.209e+004 1.18e+004 1.161e+004 1.145e+004 1.13e+004 1.118e+004 1.105e+004 1.097e+004 1.088e+004 1.079e+004 1.069e+004 1.065e+004 1.062e+004 1.062e+004 1.061e+004
1.213e+004 1.214e+004 1.214e+004 1.215e+004 1.215e+004 1.214e+004 1.213e+004 1.212e+004 1.211e+004 1.21e+004 1.21e+004 1.21e+004 1.21e+004 1.21e+004 1.209e+004 1.208e+004 1.207e+004 1.206e+004 1.206e+004 1.206e+004 1.206e+004 1.206e+004 1.205e+004 1.204e+004 1.204e+004 1.205e+004 1.206e+004 1.207e+004 1.21e+004 1.213e+004 1.215e+004 1.217e+004 1.218e+004 1.219e+004 1.221e+004 1.221e+004 1.221e+004 1.222e+004 1.225e+004 1.23e+004 1.234e+004 1.218e+004 1.192e+004 1.161e+004 1.147e+004 1.136e+004 1.125e+004 1.111e+004 1.103e+004 1.096e+004 1.089e+004 1.076e+004 1.066e+004 1.062e+004 1.06e+004 1.059e+004 1.059e+004
1.214e+004 1.214e+004 1.215e+004 1.216e+004 1.216e+004 1.215e+004 1.214e+004 1.213e+004 1.211e+004 1.21e+004 1.21e+004 1.21e+004 1.21e+004 1.21e+004 1.209e+004 1.208e+004 1.207e+004 1.207e+004 1.206e+004 1.207e+004 1.207e+004 1.206e+004 1.205e+004 1.205e+004 1.204e+004 1.205e+004 1.205e+004 1.207e+004 1.211e+004 1.213e+004 1.215e+004 1.218e+004 1.22e+004 1.222e+004 1.222e+004 1.22e+004 1.217e+004 1.216e+004 1.215e+004 1.217e+004 1.213e+004 1.196e+004 1.174e+004 1.148e+004 1.137e+004 1.129e+004 1.123e+004 1.116e+004 1.106e+004 1.093e+004 1.082e+004 1.077e+004 1.063e+004 1.059e+004 1.056e+004 1.056e+004 1.056e+004
1.214e+004 1.214e+004 1.215e+004 1.217e+004 1.217e+004 1.216e+004 1.214e+004 1.213e+004 1.212e+004 1.211e+004 1.21e+004 1.21e+004 1.21e+004 1.21e+004 1.209e+004 1.208e+004 1.208e+004 1.207e+004 1.207e+004 1.206e+004 1.207e+004 1.206e+004 1.205e+004 1.205e+004 1.204e+004 1.204e+004 1.205e+004 1.206e+004 1.209e+004 1.213e+004 1.216e+004 1.22e+004 1.225e+004 1.226e+004 1.222e+004 1.218e+004 1.213e+004 1.207e+004 1.201e+004 1.193e+004 1.18e+004 1.175e+004 1.158e+004 1.143e+004 1.13e+004 1.123e+004 1.122e+004 1.124e+004 1.112e+004 1.088e+004 1.072e+004 1.065e+004 1.058e+004 1.056e+004 1.054e+004 1.055e+004 1.057e+004
1.214e+004 1.214e+004 1.215e+004 1.217e+004 1.217e+004 1.216e+004 1.214e+004 1.213e+004 1.212e+004 1.212e+004 1.211e+004 1.211e+004 1.21e+004 1.21e+004 1.209e+004 1.209e+004 1.208e+004 1.207e+004 1.207e+004 1.206e+004 1.206e+004 1.206e+004 1.205e+004 1.205e+004 1.204e+004 1.205e+004 1.205e+004 1.206e+004 1.209e+004 1.213e+004 1.217e+004 1.222e+004 1.226e+004 1.227e+004 1.221e+004 1.215e+004 1.208e+004 1.199e+004 1.188e+004 1.176e+004 1.167e+004 1.172e+004 1.164e+004 1.134e+004 1.12e+004 1.114e+004 1.113e+004 1.113e+004 1.102e+004 1.082e+004 1.067e+004 1.058e+004 1.055e+004 1.054e+004 1.055e+004 1.055e+004 1.055e+004
1.214e+004 1.214e+004 1.215e+004 1.217e+004 1.216e+004 1.215e+004 1.214e+004 1.213e+004 1.213e+004 1.212e+004 1.212e+004 1.211e+004 1.21e+004 1.21e+004 1.21e+004 1.209e+004 1.209e+004 1.208e+004 1.207e+004 1.207e+004 1.206e+004 1.205e+004 1.204e+004 1.204e+004 1.204e+004 1.204e+004 1.205e+004 1.205e+004 1.208e+004 1.213e+004 1.218e+004 1.223e+004 1.226e+004 1.224e+004 1.219e+004 1.211e+004 1.201e+004 1.19e+004 1.179e+004 1.169e+004 1.164e+004 1.173e+004 1.16e+004 1.124e+004 1.108e+004 1.103e+004 1.099e+004 1.093e+004 1.084e+004 1.078e+004 1.066e+004 1.056e+004 1.053e+004 1.052e+004 1.051e+004 1.052e+004 1.051e+004
1.214e+004 1.215e+004 1.215e+004 1.215e+004 1.215e+004 1.214e+004 1.213e+004 1.213e+004 1.213e+004 1.213e+004 1.213e+004 1.212e+004 1.211e+004 1.21e+004 1.21e+004 1.21e+004 1.209e+004 1.208e+004 1.207e+004 1.207e+004 1.206e+004 1.205e+004 1.204e+004 1.204e+004 1.204e+004 1.204e+004 1.204e+004 1.204e+004 1.208e+004 1.213e+004 1.219e+004 1.223e+004 1.226e+004 1.224e+004 1.219e+004 1.211e+004 1.202e+004 1.192e+004 1.182e+004 1.172e+004 1.176e+004 1.176e+004 1.15e+004 1.119e+004 1.101e+004 1.094e+004 1.088e+004 1.08e+004 1.072e+004 1.069e+004 1.062e+004 1.055e+004 1.052e+004 1.051e+004 1.05e+004 1.05e+004 1.05e+004
1.214e+004 1.215e+004 1.215e+004 1.214e+004 1.214e+004 1.213e+004 1.212e+004 1.212e+004 1.213e+004 1.213e+004 1.213e+004 1.212e+004 1.211e+004 1.21e+004 1.21e+004 1.21e+004 1.209e+004 1.209e+004 1.207e+004 1.207e+004 1.206e+004 1.204e+004 1.204e+004 1.204e+004 1.204e+004 1.203e+004 1.203e+004 1.205e+004 1.209e+004 1.214e+004 1.22e+004 1.224e+004 1.226e+004 1.229e+004 1.222e+004 1.214e+004 1.206e+004 1.198e+004 1.191e+004 1.184e+004 1.189e+004 1.174e+004 1.142e+004 1.116e+004 1.098e+004 1.088e+004 1.08e+004 1.073e+004 1.067e+004 1.059e+004 1.056e+004 1.052e+004 1.051e+004 1.051e+004 1.051e+004 1.051e+004 1.051e+004
1.214e+004 1.214e+004 1.214e+004 1.214e+004 1.213e+004 1.212e+004 1.211e+004 1.211e+004 1.212e+004 1.213e+004 1.212e+004 1.212e+004 1.211e+004 1.211e+004 1.21e+004 1.21e+004 1.21e+004 1.209e+004 1.208e+004 1.208e+004 1.207e+004 1.206e+004 1.205e+004 1.205e+004 1.204e+004 1.204e+004 1.204e+004 1.206e+004 1.211e+004 1.216e+004 1.221e+004 1.227e+004 1.227e+004 1.229e+004 1.224e+004 1.216e+004 1.209e+004 1.204e+004 1.2e+004 1.196e+004 1.185e+004 1.159e+004 1.133e+004 1.114e+004 1.099e+004 1.086e+004 1.076e+004 1.068e+004 1.06e+004 1.056e+004 1.053e+004 1.051e+004 1.05e+004 1.05e+004 1.051e+004 1.052e+004 1.051e+004
1.213e+004 1.213e+004 1.213e+004 1.213e+004 1.212e+004 1.211e+004 1.21e+004 1.21e+004 1.21e+004 1.211e+004 1.211e+004 1.212e+004 1.211e+004 1.211e+004 1.21e+004 1.21e+004 1.21e+004 1.209e+004 1.209e+004 1.21e+004 1.209e+004 1.208e+004 1.206e+004 1.205e+004 1.205e+004 1.205e+004 1.205e+004 1.207e+004 1.211e+004 1.217e+004 1.222e+004 1.227e+004 1.231e+004 1.227e+004 1.222e+004 1.217e+004 1.212e+004 1.208e+004 1.205e+004 1.198e+004 1.174e+004 1.143e+004 1.125e+004 1.112e+004 1.099e+004 1.083e+004 1.073e+004 1.064e+004 1.057e+004 1.053e+004 1.052e+004 1.049e+004 1.049e+004 1.049e+004 1.05e+004 1.051e+004 1.051e+004
1.213e+004 1.213e+004 1.212e+004 1.212e+004 1.212e+004 1.211e+004 1.21e+004 1.21e+004 1.21e+004 1.211e+004 1.211e+004 1.212e+004 1.211e+004 1.211e+004 1.21e+004 1.21e+004 1.21e+004 1.209e+004 1.208e+004 1.208e+004 1.208e+004 1.208e+004 1.207e+004 1.206e+004 1.206e+004 1.206e+004 1.207e+004 1.208e+004 1.211e+004 1.217e+004 1.223e+004 1.228e+004 1.228e+004 1.224e+004 1.219e+004 1.214e+004 1.209e+004 1.205e+004 1.203e+004 1.196e+004 1.166e+004 1.134e+004 1.117e+004 1.102e+004 1.087e+004 1.077e+004 1.068e+004 1.061e+004 1.055e+004 1.051e+004 1.048e+004 1.047e+004 1.047e+004 1.047e+004 1.049e+004 1.049e+004 1.051e+004
1.212e+004 1.211e+004 1.211e+004 1.212e+004 1.212e+004 1.211e+004 1.211e+004 1.211e+004 1.211e+004 1.211e+004 1.212e+004 1.212e+004 1.211e+004 1.21e+004 1.21e+004 1.21e+004 1.21e+004 1.209e+004 1.207e+004 1.206e+004 1.207e+004 1.207e+004 1.207e+004 1.207e+004 1.206e+004 1.207e+004 1.207e+004 1.208e+004 1.21e+004 1.215e+004 1.222e+004 1.226e+004 1.225e+004 1.222e+004 1.215e+004 1.208e+004 1.2e+004 1.193e+004 1.188e+004 1.183e+004 1.152e+004 1.123e+004 1.109e+004 1.094e+004 1.08e+004 1.072e+004 1.064e+004 1.057e+004 1.052e+004 1.049e+004 1.046e+004 1.045e+004 1.046e+004 1.046e+004 1.047e+004 1.049e+004 1.051e+004
1.211e+004 1.211e+004 1.212e+004 1.212e+004 1.212e+004 1.212e+004 1.212e+004 1.211e+004 1.211e+004 1.211e+004 1.211e+004 1.211e+004 1.21e+004 1.21e+004 1.21e+004 1.21e+004 1.209e+004 1.208e+004 1.207e+004 1.206e+004 1.206e+004 1.206e+004 1.207e+004 1.207e+004 1.207e+004 1.207e+004 1.207e+004 1.207e+004 1.209e+004 1.213e+004 1.218e+004 1.224e+004 1.223e+004 1.219e+004 1.211e+004 1.199e+004 1.187e+004 1.175e+004 1.162e+004 1.147e+004 1.131e+004 1.11e+004 1.1e+004 1.089e+004 1.079e+004 1.069e+004 1.059e+004 1.052e+004 1.048e+004 1.048e+004 1.046e+004 1.044e+004 1.044e+004 1.045e+004 1.045e+004 1.045e+004 1.047e+004
1.212e+004 1.212e+004 1.213e+004 1.213e+004 1.213e+004 1.212e+004 1.211e+004 1.211e+004 1.211e+004 1.21e+004 1.21e+004 1.21e+004 1.21e+004 1.209e+004 1.209e+004 1.209e+004 1.208e+004 1.208e+004 1.207e+004 1.206e+004 1.206e+004 1.207e+004 1.207e+004 1.207e+004 1.207e+004 1.207e+004 1.208e+004 1.208e+004 1.209e+004 1.211e+004 1.212e+004 1.218e+004 1.218e+004 1.212e+004 1.2e+004 1.186e+004 1.171e+004 1.156e+004 1.139e+004 1.123e+004 1.111e+004 1.099e+004 1.091e+004 1.081e+004 1.073e+004 1.062e+004 1.054e+004 1.048e+004 1.044e+004 1.044e+004 1.041e+004 1.041e+004 1.042e+004 1.043e+004 1.044e+004 1.044e+004 1.045e+004
1.213e+004 1.213e+004 1.213e+004 1.213e+004 1.213e+004 1.213e+004 1.213e+004 1.212e+004 1.211e+004 1.21e+004 1.209e+004 1.209e+004 1.208e+004 1.208e+004 1.208e+004 1.208e+004 1.207e+004 1.206e+004 1.207e+004 1.207e+004 1.208e+004 1.208e+004 1.207e+004 1.207e+004 1.207e+004 1.207e+004 1.208e+004 1.21e+004 1.21e+004 1.211e+004 1.212e+004 1.217e+004 1.212e+004 1.202e+004 1.187e+004 1.172e+004 1.156e+004 1.138e+004 1.121e+004 1.106e+004 1.096e+004 1.092e+004 1.084e+004 1.073e+004 1.061e+004 1.053e+004 1.048e+004 1.044e+004 1.041e+004 1.04e+004 1.037e+004 1.038e+004 1.04e+004 1.041e+004 1.042e+004 1.043e+004 1.044e+004
1.213e+004 1.213e+004 1.213e+004 1.213e+004 1.213e+004 1.213e+004 1.212e+004 1.212e+004 1.211e+004 1.21e+004 1.209e+004 1.209e+004 1.208e+004 1.208e+004 1.207e+004 1.206e+004 1.206e+004 1.204e+004 1.201e+004 1.202e+004 1.206e+004 1.207e+004 1.207e+004 1.207e+004 1.207e+004 1.207e+004 1.208e+004 1.21e+004 1.212e+004 1.214e+004 1.215e+004 1.214e+004 1.207e+004 1.193e+004 1.177e+004 1.159e+004 1.142e+004 1.125e+004 1.107e+004 1.093e+004 1.084e+004 1.08e+004 1.075e+004 1.064e+004 1.052e+004 1.045e+004 1.042e+004 1.04e+004 1.037e+004 1.036e+004 1.035e+004 1.036e+004 1.038e+004 1.04e+004 1.042e+004 1.045e+004 1.048e+004
1.214e+004 1.213e+004 1.213e+004 1.212e+004 1.212e+004 1.212e+004 1.212e+004 1.212e+004 1.211e+004 1.21e+004 1.209e+004 1.209e+004 1.209e+004 1.209e+004 1.208e+004 1.206e+004 1.206e+004 1.205e+004 1.203e+004 1.207e+004 1.207e+004 1.207e+004 1.207e+004 1.208e+004 1.208e+004 1.208e+004 1.208e+004 1.209e+004 1.211e+004 1.212e+004 1.214e+004 1.217e+004 1.205e+004 1.187e+004 1.166e+004 1.149e+004 1.132e+004 1.114e+004 1.097e+004 1.085e+004 1.078e+004 1.071e+004 1.064e+004 1.055e+004 1.046e+004 1.04e+004 1.038e+004 1.037e+004 1.037e+004 1.032e+004 1.032e+004 1.034e+004 1.036e+004 1.038e+004 1.04e+004 1.043e+004 1.047e+004
1.214e+004 1.213e+004 1.212e+004 1.212e+004 1.212e+004 1.212e+004 1.212e+004 1.211e+004 1.211e+004 1.21e+004 1.21e+004 1.209e+004 1.209e+004 1.209e+004 1.208e+004 1.208e+004 1.207e+004 1.207e+004 1.207e+004 1.208e+004 1.207e+004 1.207e+004 1.207e+004 1.208e+004 1.209e+004 1.209e+004 1.209e+004 1.209e+004 1.21e+004 1.213e+004 1.218e+004 1.221e+004 1.205e+004 1.184e+004 1.163e+004 1.143e+004 1.125e+004 1.107e+004 1.09e+004 1.079e+004 1.072e+004 1.061e+004 1.053e+004 1.05e+004 1.044e+004 1.039e+004 1.036e+004 1.033e+004 1.031e+004 1.03e+004 1.029e+004 1.031e+004 1.034e+004 1.036e+004 1.039e+004 1.041e+004 1.044e+004
1.213e+004 1.213e+004 1.212e+004 1.212e+004 1.212e+004 1.212e+004 1.212e+004 1.211e+004 1.211e+004 1.211e+004 1.21e+004 1.21e+004 1.209e+004 1.209e+004 1.208e+004 1.208e+004 1.208e+004 1.208e+004 1.208e+004 1.208e+004 1.207e+004 1.207e+004 1.207e+004 1.208e+004 1.21e+004 1.211e+004 1.212e+004 1.211e+004 1.212e+004 1.218e+004 1.224e+004 1.22e+004 1.204e+004 1.182e+004 1.159e+004 1.139e+004 1.121e+004 1.103e+004 1.086e+004 1.076e+004 1.068e+004 1.06e+004 1.055e+004 1.049e+004 1.044e+004 1.038e+004 1.036e+004 1.032e+004 1.029e+004 1.028e+004 1.026e+004 1.029e+004 1.031e+004 1.034e+004 1.037e+004 1.04e+004 1.045e+004
1.213e+004 1.213e+004 1.212e+004 1.212e+004 1.212e+004 1.212e+004 1.212e+004 1.211e+004 1.211e+004 1.21e+004 1.21e+004 1.21e+004 1.21e+004 1.209e+004 1.209e+004 1.208e+004 1.208e+004 1.208e+004 1.207e+004 1.207e+004 1.207e+004 1.206e+004 1.207e+004 1.209e+004 1.21e+004 1.212e+004 1.213e+004 1.212e+004 1.213e+004 1.219e+004 1.227e+004 1.222e+004 1.203e+004 1.181e+004 1.158e+004 1.137e+004 1.118e+004 1.101e+004 1.086e+004 1.075e+004 1.066e+004 1.059e+004 1.055e+004 1.05e+004 1.045e+004 1.041e+004 1.037e+004 1.034e+004 1.031e+004 1.027e+004 1.026e+004 1.028e+004 1.03e+004 1.032e+004 1.034e+004 1.037e+004 1.041e+004
1.213e+004 1.213e+004 1.212e+004 1.212e+004 1.212e+004 1.212e+004 1.211e+004 1.211e+004 1.21e+004 1.21e+004 1.21e+004 1.21e+004 1.209e+004 1.208e+004 1.208e+004 1.208e+004 1.207e+004 1.206e+004 1.206e+004 1.205e+004 1.206e+004 1.205e+004 1.207e+004 1.209e+004 1.21e+004 1.212e+004 1.212e+004 1.212e+004 1.213e+004 1.218e+004 1.224e+004 1.217e+004 1.2e+004 1.18e+004 1.158e+004 1.136e+004 1.117e+004 1.099e+004 1.085e+004 1.073e+004 1.065e+004 1.059e+004 1.055e+004 1.051e+004 1.046e+004 1.041e+004 1.037e+004 1.035e+004 1.032e+004 1.028e+004 1.027e+004 1.028e+004 1.03e+004 1.032e+004 1.034e+004 1.035e+004 1.036e+004
1.213e+004 1.212e+004 1.212e+004 1.211e+004 1.211e+004 1.212e+004 1.211e+004 1.21e+004 1.21e+004 1.21e+004 1.21e+004 1.209e+004 1.209e+004 1.209e+004 1.208e+004 1.208e+004 1.208e+004 1.207e+004 1.206e+004 1.205e+004 1.205e+004 1.205e+004 1.207e+004 1.208e+004 1.21e+004 1.212e+004 1.213e+004 1.213e+004 1.213e+004 1.214e+004 1.219e+004 1.213e+004 1.198e+004 1.179e+004 1.158e+004 1.137e+004 1.116e+004 1.096e+004 1.08e+004 1.072e+004 1.065e+004 1.06e+004 1.056e+004 1.052e+004 1.047e+004 1.042e+004 1.037e+004 1.033e+004 1.031e+004 1.029e+004 1.028e+004 1.029e+004 1.03e+004 1.032e+004 1.033e+004 1.034e+004 1.036e+004
1.212e+004 1.212e+004 1.212e+004 1.211e+004 1.211e+004 1.211e+004 1.211e+004 1.21e+004 1.21e+004 1.21e+004 1.21e+004 1.21e+004 1.209e+004 1.208e+004 1.208e+004 1.208e+004 1.207e+004 1.207e+004 1.206e+004 1.206e+004 1.206e+004 1.206e+004 1.207e+004 1.208e+004 1.209e+004 1.211e+004 1.212e+004 1.213e+004 1.214e+004 1.212e+004 1.214e+004 1.208e+004 1.195e+004 1.179e+004 1.16e+004 1.139e+004 1.116e+004 1.093e+004 1.078e+004 1.072e+004 1.066e+004 1.061e+004 1.057e+004 1.053e+004 1.049e+004 1.044e+004 1.039e+004 1.033e+004 1.029e+004 1.028e+004 1.028e+004 1.029e+004 1.031e+004 1.032e+004 1.033e+004 1.035e+004 1.038e+004
1.213e+004 1.212e+004 1.212e+004 1.211e+004 1.211e+004 1.21e+004 1.21e+004 1.21e+004 1.21e+004 1.211e+004 1.21e+004 1.209e+004 1.209e+004 1.208e+004 1.208e+004 1.207e+004 1.207e+004 1.206e+004 1.206e+004 1.206e+004 1.207e+004 1.207e+004 1.207e+004 1.208e+004 1.209e+004 1.209e+004 1.21e+004 1.211e+004 1.211e+004 1.211e+004 1.212e+004 1.206e+004 1.194e+004 1.179e+004 1.163e+004 1.143e+004 1.116e+004 1.089e+004 1.076e+004 1.074e+004 1.068e+004 1.062e+004 1.057e+004 1.054e+004 1.051e+004 1.047e+004 1.042e+004 1.038e+004 1.034e+004 1.03e+004 1.03e+004 1.031e+004 1.032e+004 1.033e+004 1.035e+004 1.037e+004 1.039e+004
1.212e+004 1.212e+004 1.211e+004 1.211e+004 1.21e+004 1.21e+004 1.21e+004 1.21e+004 1.21e+004 1.21e+004 1.21e+004 1.209e+004 1.208e+004 1.208e+004 1.207e+004 1.207e+004 1.206e+004 1.206e+004 1.206e+004 1.207e+004 1.207e+004 1.208e+004 1.207e+004 1.207e+004 1.208e+004 1.209e+004 1.21e+004 1.21e+004 1.211e+004 1.211e+004 1.211e+004 1.205e+004 1.195e+004 1.181e+004 1.165e+004 1.146e+004 1.116e+004 1.088e+004 1.075e+004 1.074e+004 1.069e+004 1.064e+004 1.06e+004 1.057e+004 1.055e+004 1.051e+004 1.046e+004 1.04e+004 1.036e+004 1.034e+004 1.033e+004 1.033e+004 1.034e+004 1.035e+004 1.037e+004 1.038e+004 1.04e+004
1.212e+004 1.212e+004 1.211e+004 1.211e+004 1.21e+004 1.21e+004 1.21e+004 1.21e+004 1.21e+004 1.21e+004 1.209e+004 1.209e+004 1.208e+004 1.207e+004 1.207e+004 1.206e+004 1.206e+004 1.205e+004 1.205e+004 1.205e+004 1.205e+004 1.204e+004 1.205e+004 1.206e+004 1.207e+004 1.208e+004 1.209e+004 1.21e+004 1.211e+004 1.211e+004 1.212e+004 1.207e+004 1.196e+004 1.183e+004 1.166e+004 1.144e+004 1.117e+004 1.089e+004 1.077e+004 1.075e+004 1.07e+004 1.066e+004 1.063e+004 1.06e+004 1.057e+004 1.054e+004 1.05e+004 1.041e+004 1.038e+004 1.036e+004 1.034e+004 1.034e+004 1.035e+004 1.036e+004 1.037e+004 1.039e+004 1.04e+004
