real_craters/C196-1000m.grd
DSAA
109 109
-53.9 53.9
-53.9 53.9
3123.0749930014 5327.0017934514
[rows 60 to 89 of 109, columns 0 to 66 of 109]
4625.37 4622.52 4624.76 4629.2 4632.55 4632.99 4633.83 4632.74 4629.44 4624.05 4616.06 4614.66 4632.98 4655.48 4652.89 4641.71 4635.25 4622.25 4611.89 4616.47 4617.44 4611.87 4605.88 4601.17 4598.87 4599.1 4606.36 4615.57 4623.04 4687.21 4751.28 4782.3 4919.21 5101.13 5223.54 5186.6 5071.05 5020.74 4688.65 4347.81 4104.34 3947.8 3804.87 3633.45 3534.65 3520.36 3545.26 3593.06 3588.53 3474.43 3415.69 3408.36 3406.95 3412.16 3413.34 3415.62 3417.28 3415.64 3417.2 3406.1 3395.94 3386.3 3391.49 3408.36 3436.21 3557.63 3678.77
4619.8 4618.57 4618.5 4624.98 4626.84 4625.46 4627.26 4629.02 4626.89 4618.37 4615.54 4625.2 4649.48 4666.66 4656.24 4634.36 4619.15 4618.69 4617.51 4612.27 4608.89 4600.77 4605.16 4602.15 4599.27 4598.66 4603.06 4623.15 4648.02 4692.73 4734.25 4768.14 4935.95 5125.4 5213.71 5163.37 5046.26 5054.19 4903.08 4534.5 4252.53 4059.46 3860.3 3700.36 3605.51 3530.85 3534.57 3578.49 3590.54 3508.51 3450.27 3429.62 3412.81 3405.51 3404 3407.33 3415.01 3429.6 3431.42 3421.2 3412.2 3411.31 3418.75 3435.36 3479.81 3613.61 3740.02
4617.44 4615.8 4621.04 4623.95 4625.05 4619.02 4617.05 4614.97 4612.56 4608.79 4605.56 4604.02 4620.48 4645.85 4640.6 4626.45 4618.41 4613.45 4611.79 4606.22 4599.57 4596.02 4595.75 4597.94 4605.79 4632.15 4639.05 4646.74 4663.1 4683.23 4700.81 4763.56 4937.8 5145.19 5201.3 5174.6 5080.1 5028.38 5034.12 4699.17 4400.46 4202.12 4012.08 3885.6 3777.1 3572.51 3550.73 3561.8 3581.94 3564.26 3507.41 3463.3 3437.12 3424.12 3424.24 3429.2 3442.56 3461.68 3468.62 3463.88 3489.5 3483.13 3489.56 3521.08 3578.69 3764.38 3908.36
4612.69 4612.83 4613.83 4621.31 4616.24 4611.42 4609.11 4609.89 4607.91 4603.5 4602.47 4602.74 4603.14 4614.3 4615.51 4611.54 4600.08 4599 4599.9 4596.48 4599.28 4595.81 4592.79 4613.05 4642.3 4647.65 4635.99 4645.6 4665.18 4674.69 4679.28 4754.17 4920.45 5140.17 5241.68 5224.46 5183.59 5111.86 5074.54 4854.67 4577.19 4381.61 4161.24 4011.6 3930.64 3704.27 3625.36 3593.51 3623.4 3653.29 3617.86 3548.12 3512.29 3514.66 3506.28 3502.85 3514.07 3520.65 3537 3551.08 3636.58 3638.95 3678.71 3716.27 3801.21 4027.43 4114.88
4618.57 4616.8 4611.85 4607.63 4607.02 4610.08 4606.87 4606.52 4604.86 4600.03 4603.31 4599.36 4600.3 4599.26 4599.94 4600.52 4597.99 4596.11 4597.1 4593.64 4593.36 4604.96 4622.26 4625.81 4626.2 4630.76 4636.71 4651.34 4670.96 4691.35 4709.36 4743.58 4866.63 5072.33 5232.33 5217.38 5214.51 5171.6 5198.81 5067.79 4848.93 4601.68 4325.85 4133.31 4025.41 3862.24 3766.23 3716.83 3678.62 3693.58 3745.18 3670.61 3631.74 3638.23 3624.41 3612.6 3620.74 3586.05 3596.55 3639.19 3744.63 3813.38 3867.71 3894.97 3993.22 4100.74 4225.17
4622.1 4617.22 4611.55 4610.44 4610.69 4612.51 4607.39 4603.85 4605.29 4605.62 4613.09 4608.77 4602.57 4598.59 4596.42 4597.39 4597.55 4595.56 4591.24 4600.58 4628.08 4641.39 4646.44 4640.97 4626.49 4622.56 4639.1 4653.27 4672.47 4699.89 4700.43 4710.32 4769.22 4899.76 5028.51 5126.44 5166.21 5164.95 5228.39 5204.09 5091.23 4802.39 4512.34 4269.01 4154.34 4016.02 3923.61 3861.58 3824.78 3743.81 3775.88 3784.46 3750.96 3737.44 3696.05 3714.71 3673.23 3638.52 3650.5 3693.53 3812.05 3922.46 3970.69 4033.92 4145.69 4214.62 4344.42
4617.37 4612.54 4610.1 4607.91 4608.63 4610.24 4611 4608.07 4606.92 4607.43 4608.63 4603.67 4599.22 4597.46 4596.07 4596.32 4596.3 4594.49 4592.78 4611.61 4645.47 4651.36 4662.05 4655.72 4628.12 4632.38 4639.08 4657.08 4657.06 4661.93 4677.75 4699.67 4727.6 4790.59 4897.89 5065.07 5154.38 5143.66 5140.67 5166.45 5117.08 4916.7 4713.46 4484.84 4340.53 4178.53 4056.54 4005.79 3947.74 3869.65 3853.82 3851.54 3850.62 3858.19 3850.45 3814.12 3796.96 3792.4 3789.22 3825.48 3918.62 4016.19 4080.11 4184.89 4275.72 4357.79 4505.53
4615.91 4613.69 4610.47 4608.68 4607.2 4607.34 4606.19 4607.58 4606.38 4603.27 4603.01 4598.91 4597.93 4596.17 4597.23 4596.44 4596.38 4594.94 4607.34 4623.63 4637.71 4644.18 4648.07 4643.71 4628.08 4626.53 4633.03 4631.17 4630.13 4635.97 4684.32 4718.55 4710.76 4760.02 4843.37 5042.67 5142.7 5093.63 5051.79 5028.21 5035.53 4955.89 4906.71 4876.33 4580.58 4329.66 4166.03 4085.87 4052.57 4004.46 3983.41 3970.83 3979.81 3970.59 3962.2 3942.72 3942.51 3956.72 3941.6 3949.04 3992.41 4073.44 4165.44 4239.63 4402.59 4550.26 4730.05
4612.78 4608.14 4610.84 4611 4607.07 4605.19 4606.79 4607.5 4606.45 4603.61 4601.05 4598.68 4597.57 4593.29 4593.57 4597.06 4600.59 4602.11 4620.2 4627.1 4630.41 4640.66 4641.76 4630.84 4618.27 4625.48 4598.24 4595.56 4608.76 4627.49 4678.33 4721.93 4726.78 4726.89 4781.88 4972.19 5052.53 4979.79 4898.32 4852.25 4853.05 4896.78 5026.71 5092.33 4860.26 4568.31 4387.21 4267.13 4216.64 4165.92 4147.2 4125.08 4074.58 4037.53 4034.32 4025.56 3952.64 3963.34 4019.02 4031.85 4090.31 4180.67 4298.4 4434.51 4679.7 4884.39 4939.97
4608.29 4609.92 4609.39 4608.93 4607.65 4606.57 4603.95 4605.18 4605.34 4603.98 4600.04 4598.92 4598.36 4600.27 4599.52 4599.61 4602.39 4607.76 4604.21 4601.18 4612.63 4626.15 4623.62 4621.27 4609.9 4592.09 4584 4591.3 4592.54 4608.68 4639.51 4680.09 4702.15 4692.43 4695.36 4782.25 4852.98 4841.02 4771.75 4757.62 4783.14 4847.48 4959.17 4987.16 4907.48 4825.52 4754.95 4582.19 4473.97 4421.32 4397.92 4380.7 4289.93 4220.44 4158.78 4115.05 4079.28 4099.15 4117.17 4158.19 4240.67 4344.18 4513.96 4730.6 5019.14 4979.82 4879.1
4608.14 4606.28 4608.63 4607.35 4606.52 4605.91 4604.54 4602.71 4605.83 4608.51 4602.62 4603.3 4604.21 4600.42 4599.97 4600.74 4602.5 4609.48 4606.11 4594.6 4599.19 4602.55 4611.16 4608.28 4612 4587.8 4578.77 4575.48 4584.36 4595.61 4622.99 4694.84 4718.31 4671.94 4657.34 4696.6 4740.11 4758.15 4749.36 4748.61 4767.96 4816.72 4855.18 4868.51 4879.69 4936.13 4971.32 4892.21 4788.25 4714.2 4752.35 4727.85 4625.86 4532.09 4426.83 4352.12 4314.73 4354.32 4347.95 4358.55 4439.92 4584.93 4829.08 5012.28 5115.83 4931.43 4796.21
4611.66 4611.57 4608.45 4605.56 4605.4 4604.39 4606.07 4605.2 4606.61 4607.45 4605.03 4608.73 4606.2 4603.76 4604.36 4601.62 4598.66 4598.94 4607.31 4599.66 4596.41 4592.33 4591.67 4589.36 4583.58 4577.14 4581.31 4576.52 4585.44 4620.89 4665.81 4737.06 4717.43 4695.26 4699.99 4699.18 4711.71 4722.68 4726.97 4724.46 4738.36 4770.03 4838.39 4864.95 4890.8 4918.32 4962.09 5055.37 5160.87 5060.93 5172.24 5128.8 5045.82 5006.53 4889.12 4691.75 4666.65 4677.9 4744.52 4612.53 4696.4 4839.13 5057.06 5148.09 5000.56 4864.39 4756.95
4610.6 4615.88 4611.61 4607.06 4605.65 4606.11 4608.04 4604.09 4606.75 4608.42 4607.02 4610.21 4611.33 4612.35 4605.19 4599.73 4594.76 4595.6 4599.9 4597.57 4600.26 4610.78 4608.63 4602.41 4590.07 4584.03 4585.03 4595.95 4617.74 4658.93 4715.22 4723.61 4736.24 4749.18 4704.94 4696.46 4701.22 4707.89 4713.24 4717.82 4726.84 4739.6 4794.56 4847.08 4863.12 4860.31 4887.76 4994.34 5064.52 5087.98 5160.04 5167.09 5260.07 5326.98 5250.56 5088.85 5039.49 5046.4 5102.81 4946.97 4905.78 5046.16 4952.93 4956.01 4850.97 4786.89 4730.56
4611.74 4611.17 4605.68 4606.15 4606.36 4606.44 4605.24 4603.95 4607.08 4610.96 4609.86 4612.32 4612.49 4606.42 4601.25 4596.34 4590.9 4591.37 4588.27 4586.55 4591.71 4593.83 4593.59 4592.31 4591.19 4590.9 4600.06 4609.01 4629.24 4675.28 4713.44 4706.77 4688.3 4675.25 4676.91 4678.61 4690.93 4699.29 4705.91 4716.12 4734.04 4745.98 4733.56 4773.97 4804.36 4786.72 4766.9 4811.62 4828.98 4868.6 4923.63 4957.69 5008.02 5007.87 5000.94 4987.43 5090.17 5177.91 5099.39 4896.25 4866.75 4860.89 4798.67 4780.16 4757.52 4732.66 4690.56
4611.65 4612.71 4606.15 4606.18 4607.74 4606.57 4610.23 4609.55 4610.77 4609.13 4617.53 4622.09 4612.47 4613.11 4604.08 4591.79 4589.33 4590 4584.98 4585 4586.81 4587.93 4591.71 4593.17 4594.19 4599.65 4602.83 4601.42 4618.96 4660.51 4697.46 4681.08 4651.81 4657.04 4674.57 4687.62 4693.52 4701.11 4711.28 4744.7 4758.23 4757.63 4759.15 4752.25 4750.65 4737.08 4706.34 4710.67 4711.93 4746.02 4786.82 4810.03 4841.34 4842.26 4848.51 4845.14 4914.5 4951.86 4881.33 4808.01 4774.05 4733.63 4733.05 4748.65 4734.13 4714.89 4712.37
4607.88 4607.05 4605.32 4608.51 4611.64 4616.25 4617.07 4616.05 4609.99 4609.61 4618.39 4615.52 4609.89 4602.97 4600.72 4592.7 4588.75 4589.76 4587.04 4587.14 4588.48 4590.33 4592.25 4594.86 4596.3 4594.73 4603.81 4613.68 4608.68 4645.15 4673.53 4672.42 4656.51 4663.41 4680.92 4690.12 4699.89 4708.82 4719.72 4752.41 4766.99 4767.24 4771.51 4746.99 4717.71 4705.92 4697.16 4698.23 4700.34 4723.64 4710.41 4716.82 4743.51 4757.75 4769.54 4759.36 4762.82 4758.46 4743.44 4725.83 4736.86 4711.02 4709.56 4725.14 4712.96 4704.66 4690.68
4608.47 4608.61 4608.84 4614.27 4615.46 4613.73 4611.39 4612.81 4612.33 4611.01 4609.31 4606.52 4607.51 4610.59 4602.11 4591.95 4589.83 4588.61 4584.6 4588.59 4590.13 4590.28 4593.48 4589.15 4591.95 4601.27 4607.95 4604.12 4628.58 4652.83 4671.15 4678.7 4677.91 4702.06 4704.71 4707.13 4705.96 4724.4 4744.93 4784.74 4795.33 4772.92 4753.39 4742.98 4730.78 4713.96 4699.14 4682.69 4702.14 4702.23 4683.23 4700.36 4699.11 4698.59 4732.59 4726.42 4710.98 4680.5 4682.57 4729.64 4734.94 4714.15 4714.56 4733.75 4731.08 4700.63 4669.64
4614.29 4618.86 4627.29 4626.2 4621.25 4615.68 4614.28 4631.92 4645.13 4618.82 4616.6 4613.39 4606.71 4602.3 4599.28 4593.82 4593.59 4587.36 4586.66 4589.38 4593.06 4594.34 4600.72 4591.77 4605.13 4619.04 4612.01 4624.43 4646.94 4658.86 4671.99 4684.84 4708.48 4720.94 4712.02 4684.22 4705.21 4743.43 4783.44 4798.7 4776.95 4760.44 4748.4 4740.31 4739.86 4772.39 4727.47 4682.28 4703.68 4691.23 4696.13 4712.21 4697.77 4683.38 4696.48 4708.12 4713.4 4680.46 4685.57 4716.67 4732.78 4742.59 4775.55 4741.97 4727.76 4697.93 4658.65
4623.91 4625.26 4629.43 4628.2 4625.19 4624.4 4626.76 4634.1 4633.58 4619.87 4611.32 4608.95 4607.84 4604.11 4602.05 4598.87 4590.79 4601.18 4606.18 4599.7 4591.58 4588.87 4593.65 4601.46 4595.36 4587.23 4605.56 4636.08 4648.55 4658.8 4666.6 4684.25 4711.68 4718.49 4715.26 4679.59 4706.87 4765.56 4802.36 4807.29 4782.37 4743.95 4725.79 4731 4749.62 4813.41 4762.51 4715.5 4715.6 4713.67 4729.91 4735.52 4713.52 4697.23 4699.88 4701.28 4699.09 4688.39 4689.63 4740.29 4761.33 4778.62 4811.16 4787.15 4752.71 4704 4660.82
4630.36 4629.04 4623.68 4621.92 4623.3 4627.88 4622.83 4621.25 4620.34 4611.9 4609.03 4614.79 4614.16 4607.69 4606.41 4609.95 4605.96 4609.93 4618.93 4619.37 4594.13 4593.84 4590.21 4603.63 4593.91 4591.84 4609.41 4632.69 4641.73 4644.43 4650 4660.92 4689.2 4707.57 4693.96 4668.07 4709.02 4792.08 4860.54 4812.4 4758.7 4729.06 4711.7 4714.1 4736.99 4777.02 4756.24 4722.63 4705.59 4688.51 4725.96 4746.02 4716.23 4694.76 4693.12 4697.7 4712.22 4719.35 4714.27 4739.57 4754.72 4782.38 4811.99 4821.64 4762.23 4709.47 4672.06
4629.91 4622.67 4618.88 4616.85 4616.96 4622.06 4622.89 4620.56 4605.38 4604.19 4610.06 4618.52 4620.34 4614.45 4620.92 4610.3 4598.77 4601.16 4605.18 4608.47 4590.06 4586.9 4588.03 4586.16 4583.05 4603.14 4635.23 4635.77 4627.45 4625.2 4636.8 4642.81 4674.57 4686.68 4683.13 4687.51 4716.1 4772.69 4826.63 4778.56 4724.87 4716.79 4696.13 4691.77 4699.83 4720.46 4726.7 4703.54 4700.77 4682.59 4671.77 4688.7 4690.4 4678.48 4663.54 4681.38 4697.73 4689.39 4681.21 4706.02 4724.75 4803.7 4846.18 4811.9 4739.5 4706.83 4682.44
4618.58 4615.71 4609.33 4606.47 4612.67 4609.79 4628.35 4635.1 4618.99 4609.04 4608.18 4617.88 4621.76 4611.24 4604.94 4603.67 4603.76 4597.61 4606.31 4603.9 4592.47 4580.57 4581.94 4586.21 4585.87 4614.37 4643.11 4654.75 4664.72 4654.56 4646.31 4643.27 4669 4673.92 4705.85 4714.9 4716.02 4721.35 4717.74 4724.66 4712.03 4712.13 4692.59 4677.28 4680.36 4691.35 4696.28 4683.05 4687.02 4672.9 4663.64 4663.81 4666.31 4662.97 4665.45 4666.45 4674.81 4669.34 4671.53 4691.05 4698.95 4765.5 4797.76 4759.7 4730.87 4692.97 4679.61
4613.42 4609.54 4609.49 4629.93 4620.79 4609.29 4625.87 4635.43 4623.38 4609.47 4604.76 4606.56 4603.14 4601.03 4600.96 4618.18 4613.88 4605.79 4599.7 4591.89 4581.42 4578.94 4579.48 4584.07 4617.92 4646.2 4661.76 4669.17 4669.76 4669.08 4662.85 4668.26 4682.35 4700.35 4743.15 4714.06 4704.36 4689.65 4688.93 4702.28 4711.52 4718.83 4688.75 4667.76 4674.2 4684.64 4677.63 4681.06 4670.19 4651.17 4650.01 4654.93 4656.6 4660.35 4659.21 4666.28 4658.21 4660.89 4677.62 4693.31 4708.27 4684.22 4708.07 4726.17 4671.97 4661.29 4652.97
4607.35 4607.49 4604.67 4619.09 4618.46 4615.1 4626.21 4638.47 4619.18 4601.79 4602.3 4600.61 4596.1 4592.41 4586.47 4604 4599.23 4593.13 4586.49 4580.73 4578.19 4577.87 4579.43 4603.04 4634.78 4658.45 4673.69 4675.87 4680.36 4671.93 4678.65 4678.44 4671.25 4686.97 4680.51 4665.23 4664.15 4667.89 4672.53 4689.37 4720.28 4710.92 4679.91 4657.8 4669.6 4690.73 4683.74 4679.75 4668.97 4652.7 4652.91 4649.67 4650.1 4652.7 4633.86 4645.12 4629.47 4641.58 4661.89 4671.3 4686.97 4677.44 4672.49 4720.08 4653.57 4640.2 4634.61
4607.4 4607.12 4612.86 4614.14 4611.24 4608.56 4618.6 4617.67 4611.66 4603.82 4603.99 4600.9 4596.84 4591.73 4588.39 4594.57 4584.87 4581.75 4582.44 4585.42 4580.12 4585.41 4595.09 4615 4640.51 4659.15 4659.53 4666.56 4666.7 4673.38 4675.21 4665.62 4643.78 4626.21 4620.93 4630.11 4651.28 4650.53 4659.8 4671.24 4678.27 4675.34 4661.7 4646.81 4649.35 4657.86 4668.11 4673.95 4662.09 4648.79 4628.02 4638.55 4650.4 4643.08 4612.69 4608.18 4626.87 4654.21 4649.17 4656.33 4662.66 4672.81 4636.93 4663.71 4639 4627.87 4614.78
4604.13 4606.72 4611.42 4611.83 4612.17 4616.18 4615.77 4611.54 4602.93 4604.94 4608.7 4604.35 4598.21 4593.33 4589.12 4582.77 4582.82 4600.24 4594.84 4583.09 4579.86 4590.23 4591.46 4597.12 4596.91 4626.14 4652.87 4651.63 4648.14 4667.19 4651.05 4625.43 4595.29 4578.86 4595.43 4624.37 4637.58 4635.43 4642.43 4650.45 4654.24 4655.92 4641.89 4628.8 4629.14 4636.13 4669.54 4672.98 4664.85 4655.84 4637.26 4622.28 4638.5 4614.44 4605.36 4617.4 4644.16 4664.28 4642.15 4641.82 4646.1 4651.12 4629.62 4629.92 4621.54 4607.66 4589.28
4605.89 4605.98 4608.22 4606.29 4608.69 4620.78 4616.49 4615.09 4612.02 4617.62 4612.31 4604.87 4601.26 4595.09 4587.08 4582.65 4581.5 4582.64 4586.39 4581.53 4592.37 4593.05 4594.57 4585.04 4575.01 4580.11 4604.83 4614.54 4612.62 4586.98 4586.95 4589.91 4573.99 4574.88 4596.53 4617.53 4632.93 4641.79 4642.83 4641.9 4635.42 4632.8 4622.16 4609.62 4611.53 4623.3 4657.73 4681.88 4670.85 4661.22 4654.74 4642.01 4640.35 4630.18 4616.9 4623.87 4641.85 4653.88 4648.63 4642.79 4644.82 4632.89 4633.32 4643.73 4621.26 4585.96 4565.01
4608.77 4605.52 4604.61 4602.69 4602.53 4609.57 4611.72 4611.3 4609.81 4602.31 4602.38 4599.06 4594.14 4588.45 4585.69 4581.66 4583.86 4584.06 4580.43 4579.33 4588.26 4589.64 4586.24 4574.53 4572.93 4569.35 4572.46 4581.75 4582.66 4572.81 4578.36 4575.96 4571.54 4586.17 4603.12 4625.91 4639.07 4647.24 4639.78 4638.38 4638 4620.31 4606.9 4585.98 4594.94 4618.07 4647.27 4680.27 4676.65 4669.65 4661.24 4658.29 4642.28 4644.15 4643.67 4634.32 4638.31 4640.49 4647.17 4648.07 4648.93 4624.07 4626.72 4627.37 4605.67 4561.83 4550.05
4603.81 4606.13 4606.41 4603.66 4597.68 4603.53 4604.53 4600.68 4600.18 4599.1 4592.73 4593.31 4593.18 4593.21 4584.56 4582.97 4586.36 4574.7 4580.31 4580.97 4593.26 4587.19 4590.42 4592.6 4585.78 4579.83 4587.64 4578.5 4574.95 4571.24 4575 4571.94 4578.49 4594.85 4610.32 4626.56 4634.96 4624.17 4624.34 4622 4632.49 4608.38 4594.96 4575.63 4587.27 4615.92 4651.93 4683.82 4664.72 4666.84 4654.06 4661.55 4647.36 4655.17 4658.17 4650.21 4649.91 4649.38 4653.34 4648.27 4652.84 4625.01 4622.86 4614.2 4585.28 4543.56 4538.44
4615.5 4608.27 4608.68 4608.35 4605.14 4604.59 4601.9 4599.25 4600.56 4592.6 4590.54 4590.71 4588.91 4585.81 4583.79 4587.93 4587.41 4583.44 4588.4 4585.6 4584.59 4576.09 4581.29 4584.13 4580.76 4576.44 4591.23 4578.73 4576.01 4577.45 4571.8 4571.84 4579.15 4587.09 4605.06 4620.47 4623.07 4618.93 4607.13 4590.49 4575.32 4590.62 4579.49 4573.17 4588.43 4615.44 4642.49 4662.04 4658.1 4665.74 4653.91 4655.89 4651.85 4659.66 4667.47 4661.32 4663.77 4680.51 4660.4 4649.56 4633.76 4633.79 4613.61 4578.18 4544.4 4533.2 4524.37
