real_craters/C196-500m.grd
DSAA
378 378
-94.325 94.325
-94.325 94.325
6855.1155602342 12502.492802406
[rows 330 to 359 of 378, columns 268 to 334 of 378]
11947.6 11945.3 11943.2 11940.8 11938.6 11936.1 11933.4 11928.7 11925.4 11921.4 11917.2 11913.1 11909.4 11905.3 11902.5 11898.4 11892.9 11887.8 11887.9 11886.7 11883.4 11880.4 11879.8 11877.4 11876.3 11878.2 11882.2 11886.6 11891.9 11897.3 11901.7 11904.6 11904 11900.7 11888.4 11882.1 11880.6 11885.3 11895.9 11880.1 11874.2 11875.5 11880.8 11888.9 11897.7 11900.8 11911.7 11921.9 11927.2 11929.2 11929.2 11929.5 11938.3 11943.9 11947.7 11946 11953.1 11954.9 11950.6 11939.2 11942.5 11950.8 11947.9 11921.3 11876.8 11816.6 11743.6
11952.8 11950.1 11947.7 11945.9 11943.4 11940.3 11936.9 11932.4 11928.5 11924.9 11921.1 11916.8 11913.3 11909 11906.7 11903.6 11899 11893.7 11892.7 11888.9 11881.4 11874.7 11875 11871.2 11870.2 11873.1 11878.2 11883.4 11887.8 11891.9 11894.1 11892.9 11885.9 11866.6 11862.4 11860.6 11856.7 11852.6 11845.6 11845.3 11851.9 11862.1 11875.7 11889.4 11902.6 11920.1 11924.2 11935.9 11948.6 11945.5 11937.3 11934 11941.6 11947.9 11949.6 11948.8 11956.6 11961.5 11959.9 11959.8 11966 11978.7 11959.9 11935.4 11900.9 11863.7 11822.8
11957.6 11954.9 11952 11950.6 11948.5 11945.3 11941.6 11935.4 11931.7 11928.8 11924.8 11920.4 11916.3 11913.1 11911.7 11907 11904.1 11906.2 11894.7 11891.1 11875 11860.3 11850.2 11854.1 11860.2 11866.3 11872.3 11877.6 11882.4 11885.9 11887.4 11886 11880.1 11865.4 11852.1 11844.9 11835.2 11821.3 11804.3 11812.3 11828.2 11845.3 11864.8 11882.9 11893.2 11901.6 11920.5 11940.6 11957.4 11952 11940.4 11935.4 11944.6 11951.5 11952 11956 11968.6 11972.2 11970.4 11971.7 11974.6 11979.2 11971.1 11950.3 11927.5 11908.7 11902.1
11961.5 11957.7 11956 11956.3 11954.6 11951.8 11947.7 11941.9 11936.7 11934.4 11929.5 11922.7 11916.2 11909.9 11903.9 11896.9 11892.9 11889.7 11880.6 11872.2 11861.6 11846.9 11833.2 11841.2 11852.7 11861.2 11868 11873.6 11877.8 11881.2 11883.1 11883.1 11880.7 11870.4 11851.9 11837.6 11822.8 11806 11792.7 11794.2 11808.9 11826.8 11847.1 11875.1 11877.5 11892.3 11910.3 11937.2 11952.8 11950.7 11936 11924.8 11940.9 11956.3 11958.2 11964.2 11975.1 11979.9 11977.2 11973.4 11970.7 11978.2 11977.2 11961.2 11947.3 11945.8 11955.6
11966.5 11959.8 11961.3 11963.1 11962.4 11959.8 11956.4 11948.7 11945.8 11942.8 11935 11926.1 11917.4 11905.6 11892.6 11887.3 11882.3 11872.8 11865.2 11855 11853.9 11845.5 11835.3 11842.8 11852.2 11859.4 11865.3 11870.1 11874.7 11877.7 11880.1 11881.1 11880.1 11870 11852.3 11836.8 11819.5 11800.7 11784.4 11782.4 11794.8 11808.7 11819.7 11820.9 11831.1 11845.6 11871 11916 11956 11937.6 11925.7 11920.3 11935.3 11959.5 11965.3 11969.1 11977.3 11985.7 11980 11973.5 11968 11973.7 11977.1 11969.4 11964.9 11967 11979.7
11976.6 11973.4 11973.6 11972.4 11970.2 11968.6 11967.9 11970.1 11966.7 11952.5 11940.8 11930.5 11920.5 11909.6 11899.3 11893 11888 11879.3 11871.5 11865.8 11861.6 11857.8 11854.3 11854.1 11857.9 11862.4 11867 11871.9 11874.8 11877.6 11878.7 11879.9 11878.6 11870.3 11856.7 11841.5 11822.9 11803.2 11786.2 11780.7 11788.9 11798.2 11804.7 11808.5 11816.7 11824.6 11841.6 11864.1 11885.2 11891.9 11899.9 11913 11925.8 11950.7 11958.8 11972.6 11990.6 11987.5 11978.1 11970.9 11965.7 11964.1 11964.8 11966.7 11966.3 11970.2 11977.5
11988.4 11991 11987.2 11980.9 11977.5 11974.4 11973.5 11975.2 11972.1 11955.4 11943.7 11934.3 11925.5 11916.5 11906.6 11900.7 11894.8 11888.3 11883.1 11880.1 11875.3 11873.3 11871.1 11867.1 11866.8 11869.2 11872.1 11874.4 11876.3 11877.9 11878.5 11878.3 11877.6 11873.8 11867.2 11850.5 11830.9 11811.4 11795.3 11787.3 11792 11797.8 11801.9 11804.4 11807 11809.9 11810.9 11812.5 11818.6 11835.9 11839.6 11842.2 11843.9 11879.4 11935.7 11966.5 11979.7 11973.3 11968.6 11964.3 11966.7 11959.7 11957.9 11962.8 11964.7 11966.2 11969.8
11996.9 11997.5 11994.1 11988 11981.9 11976.7 11972.1 11965.6 11954.5 11949.9 11943 11936.4 11930.1 11925.1 11916.5 11907.9 11904.2 11899.1 11895.4 11892.1 11887 11883.9 11880.4 11877.6 11876.1 11875.7 11876.1 11876.5 11876.8 11877.7 11877.4 11876.5 11874.5 11874.8 11874.6 11856.9 11838.9 11822.5 11809.4 11803 11802.1 11804.3 11806.6 11807.1 11804.5 11806.7 11805.1 11795.4 11794.1 11801.5 11794.9 11789.2 11796 11819.6 11872.3 11935.3 11943.4 11956.8 11949.9 11948.7 11950 11953.9 11956.3 11958.2 11959.9 11960.9 11961.8
12002.7 12002.9 11999 11991.3 11984.6 11977.9 11970.1 11959.8 11949.2 11945.8 11942.2 11938 11934.4 11932.8 11927.2 11914.1 11910.6 11904.8 11899.3 11900 11895.9 11891.6 11887.6 11884.7 11882.2 11881.2 11880.4 11880.4 11879.9 11879.2 11877.8 11876 11872.5 11872.4 11868.5 11858.7 11844.8 11831.2 11820.7 11814.2 11812.1 11813.4 11815.7 11819.1 11819 11817.9 11813.1 11806.9 11800.4 11796.5 11792.9 11786.5 11786.5 11800.2 11831.9 11872.7 11900.8 11907.5 11919.5 11925.7 11936.2 11944.4 11942.9 11948.2 11949.9 11950 11948.3
12007.7 12001.1 11994.2 11992.5 11987.3 11980 11970.6 11961 11952.5 11946.9 11943.2 11939.7 11936.1 11932.9 11926.2 11916 11912.8 11910.3 11907.4 11907.6 11903.6 11900 11895.5 11892 11889.2 11886.9 11885.3 11883.6 11882.7 11881 11878.9 11876.8 11874.7 11871.7 11870.9 11860.6 11847.9 11836.9 11828.4 11822.2 11820.4 11820.7 11824.2 11833.5 11834.9 11834 11837 11823.7 11813.9 11804.8 11794.2 11787.3 11786.4 11799.2 11817.4 11836.3 11847 11873.7 11892.9 11899.7 11907.6 11926 11935 11940 11937.3 11933.9 11933.4
12012.6 12006.8 12000.6 11996.4 11990.3 11982.2 11972.9 11963.3 11955.4 11949 11945.7 11942.7 11938 11929.2 11923.5 11922.9 11925 11924.9 11918.3 11915.1 11910.2 11906.3 11901.9 11898.6 11895.2 11892.5 11890 11887.9 11886.1 11883.5 11880.7 11877 11872.6 11869 11864.4 11856 11847.3 11839 11832.8 11829.9 11826.2 11822.6 11823.8 11826.7 11822.7 11840.3 11872.6 11860.7 11839.7 11822 11800.2 11791.3 11785 11790.4 11810 11822.4 11836.1 11858.7 11869.8 11875.7 11887.8 11907.6 11929.2 11929.9 11920.6 11915.9 11917
12017.7 12014.7 12011.2 12002.7 11995.4 11986.7 11977.3 11966.8 11954.4 11950.1 11950.8 11948.9 11944.7 11938.7 11935.5 11936.7 11934.9 11932.8 11926.7 11920.7 11916.8 11911.5 11908.4 11905.2 11902 11898.7 11895.6 11893 11890 11886.9 11883.2 11878.9 11873 11866.9 11859.1 11851.8 11845.8 11839.3 11833.2 11830.2 11825.8 11822.2 11819.5 11816 11810.5 11827.3 11853.8 11887.9 11859.1 11841.6 11829.1 11805.6 11788 11789.3 11809.2 11820 11832.1 11840.3 11845.1 11846.2 11854.4 11876.3 11901.1 11899.9 11892.1 11893.4 11898.7
12022.8 12019.4 12015.9 12005.7 11997.9 11992.2 11984 11975.1 11965.2 11961.6 11960.9 11958.7 11955.3 11953.1 11948.9 11945.7 11942.8 11938.6 11934.3 11927.7 11923.9 11919.9 11914.7 11911.3 11907.8 11904.5 11901.1 11897.6 11894.5 11890.8 11886.7 11882.1 11875.6 11867.4 11858.8 11851.3 11845.9 11840.1 11833 11823.8 11818.6 11822 11820 11811.3 11803 11809.9 11816.9 11831.9 11841.4 11842.3 11842.8 11812.7 11790.5 11783.3 11800 11810.8 11812.3 11808.6 11820.8 11820.1 11823.2 11825.8 11826 11831.6 11851.5 11864.2 11875.6
12030.1 12021.8 12009.7 12005.3 12003.5 11997.9 11992.3 11986.7 11983.6 11980.2 11973.6 11969 11965.9 11962.3 11957.9 11952.9 11949 11946.1 11939.9 11933.4 11929.7 11925.9 11920.6 11916.8 11913 11909.4 11905.9 11902.3 11898.6 11894.4 11890.3 11885.4 11878.4 11869.9 11860.4 11851.5 11848.2 11843.9 11837.6 11829.5 11825 11829 11829.1 11824.2 11812.9 11807 11803.1 11804.9 11813.5 11816 11814.4 11800.4 11786.3 11778.9 11779.9 11787.7 11782.5 11768 11778.7 11793.9 11795.4 11784.7 11778.7 11785.3 11820.1 11837 11843.4
12036.9 12028.2 12020.8 12014.6 12010.2 12005.1 12000.2 11996.5 11993.8 11990 11984 11978.3 11974.4 11971.2 11965.6 11959.7 11955.6 11951.6 11945.3 11938.6 11934.7 11930.5 11926.1 11922.1 11918 11914.4 11910.7 11906.9 11903 11898.8 11894.3 11889.2 11882 11874.3 11865.5 11857.9 11854.4 11851.2 11847.6 11844.4 11844.5 11842.1 11842.2 11840.1 11825.8 11811.5 11800.6 11794.1 11794.2 11787.9 11781.8 11785 11780.6 11774.7 11775.4 11776.2 11771.5 11765.1 11768 11761.4 11779.9 11796 11793.6 11789.9 11812.8 11822.9 11816.2
12035.6 12036.1 12029.4 12022.5 12019.3 12014.7 12010 12005.5 12001.8 11999.4 11990.7 11984.5 11979.8 11975.7 11971.3 11967.7 11962.6 11956.4 11950.7 11943.8 11939.1 11934.5 11929.7 11926.6 11922.9 11919.1 11915.5 11911.4 11907.2 11902.9 11898 11892.6 11886.3 11880.1 11873.2 11867 11863 11860.1 11858.1 11856.8 11855 11852.7 11850 11845.6 11829.8 11814.4 11802 11792.4 11787.9 11781.9 11778.5 11780.2 11778.9 11775.9 11773.1 11778.4 11778.2 11772.5 11771.8 11767.9 11787.2 11812.7 11819.3 11827.5 11814.9 11813.4 11816.7
12049 12040.9 12032.8 12026 12030.2 12027.7 12022.4 12015.3 12007.1 11998.2 11992.6 11988.2 11983.5 11979.5 11974.8 11970.3 11964.9 11959.7 11954.8 11950 11942.1 11937.2 11934.7 11930.9 11927.7 11924 11920.7 11916.2 11912 11907.4 11902.3 11896.1 11891.2 11886.3 11880.9 11875.4 11871.6 11869 11867.3 11866.4 11865.7 11859.6 11851.3 11842 11830.8 11817.2 11806.1 11797.9 11790.7 11786.2 11783.5 11783 11783.8 11785 11783 11790.2 11807.5 11810.9 11815.1 11811.2 11797.1 11791.2 11793.2 11789.8 11780.7 11769.3 11791.5
12051.3 12044.4 12038.4 12034.4 12033.3 12039.6 12033.9 12024.1 12012.1 11999.5 11993.9 11990.4 11985.1 11980.5 11977.3 11973.4 11968.6 11962.6 11957.7 11950.8 11945.5 11941.4 11939 11935.7 11932.5 11928.4 11924.4 11920.5 11916.5 11912.5 11908.1 11902.8 11897.7 11893.2 11888.7 11884.5 11880.9 11876.9 11874.1 11872.5 11871.7 11862.6 11851.8 11843.2 11835.6 11823.6 11810.3 11800.3 11794.6 11791.7 11789.1 11788 11788.6 11790 11789.8 11796.8 11806.9 11812.7 11801.8 11783.9 11784.8 11780.3 11779.1 11771 11698.8 11644 11642.3
12046 12043.9 12041.9 12042.4 12040.3 12049.6 12043.7 12032.5 12017.9 12002.9 11996.2 11994.1 11987.6 11983.2 11980.5 11976.7 11971.3 11965.2 11962 11954.6 11951.2 11947.9 11944.9 11941.4 11937.4 11933.1 11928.9 11924.9 11921.2 11917.3 11913.6 11910.9 11904.3 11899.2 11895.3 11893.1 11888.4 11882.3 11878.1 11874.4 11869.5 11862.5 11853.1 11847 11845.6 11843.4 11813.6 11803.2 11798.8 11795.4 11793.4 11792.7 11792.5 11793.4 11795.8 11798.9 11802.3 11798.5 11795.2 11776.1 11741.5 11724.9 11728 11624.5 11503.7 11412.1 11360
12027 12031.9 12038.2 12041.5 12044.6 12058.8 12052.5 12039.4 12023.5 12006.4 12000.3 12000.1 11992.9 11988.4 11986.6 11983.2 11977 11971.5 11966.5 11959.8 11957.6 11954.9 11950.8 11946 11941.3 11936.6 11931.1 11928.7 11925.3 11921.3 11917 11912.2 11908.2 11903.2 11898.6 11894.7 11889.7 11884.1 11879.7 11875.2 11870.5 11864.3 11858 11852.9 11850.2 11844.2 11818.4 11806.5 11801.1 11798.8 11799.4 11798.1 11799 11797.8 11798 11800.5 11800.3 11795.8 11796.7 11751.2 11635.8 11539.8 11444.6 11316 11198.8 11112 11037.4
11996.3 12012.3 12029.1 12043.1 12052.7 12064.4 12054.8 12040.2 12027.1 12013.3 12010 12010.9 12000.3 11995.5 11993.7 11991 11987.3 11979.5 11973.4 11967.9 11967.1 11962.5 11956.2 11947.7 11943.6 11938.9 11935.4 11932.4 11928.9 11925.5 11920.8 11915.4 11911.5 11906 11900.1 11893.7 11887.1 11883.5 11879.9 11877.1 11872 11865.4 11860.8 11855.6 11849.5 11840.8 11823.9 11813.6 11805.4 11803.4 11809.4 11810.3 11803.8 11803 11799.9 11803.9 11800.1 11790.3 11788.4 11643.2 11452.2 11287.8 11128.4 10997.2 10887.4 10806.4 10740
11949.1 11979.8 12015.3 12046.8 12062.2 12062.6 12043.6 12025.4 12016.5 12017.1 12025.3 12027.6 12011.2 12000.8 11994.7 11992.6 11992.9 11987.6 11982.1 11977.5 11977.5 11968.9 11958.8 11951.5 11945.9 11941.1 11937.6 11934.1 11932.2 11929.5 11927.2 11921.4 11914.6 11907.7 11900.7 11894.1 11889 11884.9 11883.2 11880.6 11875 11867.7 11858.9 11856 11850.1 11839.2 11834.6 11824 11810.9 11811.2 11819.5 11823.9 11809.3 11802.4 11805.1 11797.3 11778.1 11776.1 11667.2 11415.3 11210.3 11022.2 10843.5 10707 10606.6 10529.9 10466.2
11858.1 11909.5 11979.1 12043.8 12067.2 12041.9 12002.4 11976.3 11974.5 12000.2 12034.5 12038.6 12020.7 11992.4 11973.7 11976.7 11991.8 11996 11989.2 11983.8 11979.8 11975.5 11959.1 11952.9 11949.1 11943.9 11939.3 11935.7 11932.2 11930.7 11930.8 11924 11915.2 11908.1 11900.8 11893.7 11886.7 11885.1 11884.9 11882.5 11878.6 11864.8 11857.6 11854.9 11849.3 11841.2 11839.6 11834.1 11820.3 11816.1 11811.8 11818.3 11812.7 11744.2 11698.9 11640.6 11619.1 11624.9 11435.7 11177.6 10967.9 10772 10586.8 10446.6 10357.5 10330.8 10277.9
11745.9 11809.4 11904.8 12014.3 12056.8 11976.2 11909.8 11872 11869.3 11912.9 12006.5 11992.5 12003.7 11930.5 11895.7 11909.9 11962 11991.7 11981.9 11975.3 11975.6 11967.1 11961.4 11958.5 11954 11950.6 11946.1 11936.1 11930 11928.8 11924.9 11919.2 11914.7 11908.9 11902.7 11895.4 11887.4 11883.6 11883.9 11881.2 11876.5 11865.1 11858.4 11843 11831.6 11847.9 11844 11819.7 11825.6 11798.5 11741.4 11719.9 11717.3 11572.2 11448.7 11334.4 11324.8 11309.6 11218.7 10975 10756.6 10561.4 10377.2 10266.4 10230.2 10280.8 10281.8
11594.3 11662 11757 11865.4 11908.4 11818.9 11747.7 11701.1 11685.2 11699 11735.7 11776.1 11812.5 11763 11740.3 11763.7 11854.4 11933.6 11940.7 11941.8 11946.5 11961.2 11963.8 11963.8 11958.7 11949.2 11942.8 11934.6 11927.7 11923.6 11913.5 11910.9 11914.8 11909.7 11904.8 11901.5 11891.4 11881.8 11874.2 11864.8 11864.7 11870 11855.4 11793.9 11745 11742.9 11723.1 11698.5 11748.4 11683.1 11565.7 11473 11390.8 11298.6 11197.7 11076.9 11026.7 11024.9 11031.4 10785 10577.9 10405.9 10255.7 10199.4 10298.6 10322 10366.7
11428.6 11481.4 11548.9 11603.3 11614 11588.3 11527.4 11477.5 11441.7 11419.1 11406 11453.5 11502.2 11515.3 11511.8 11528.4 11587.2 11738.7 11913.5 11952.5 11947.2 11957.3 11955.6 11947.1 11943.9 11942.9 11923 11928.2 11919.3 11920.3 11916.1 11910.7 11912.2 11912.1 11907.3 11904.9 11899.1 11877.9 11848.6 11815.6 11807.2 11845.7 11811.8 11672.1 11557.9 11477.7 11420.9 11425.9 11442.8 11421.7 11300.3 11166.7 11063.9 10989.9 10909.3 10808.8 10739.4 10718.4 10737.8 10578.6 10401.4 10285.1 10203.3 10185.3 10253.2 10305.8 10320.3
11219.9 11262.4 11316.4 11348.7 11366.4 11339.7 11278.4 11226.6 11178.9 11135.4 11105.6 11164 11237.8 11259.2 11262.3 11271.6 11321.8 11529.7 11815.3 11962.6 11962.7 11958.4 11949.3 11916.8 11910 11903.6 11900.9 11911.1 11913.2 11924.3 11919.8 11915.2 11912.4 11906.7 11906.8 11909.2 11907.9 11872.4 11797.1 11712.2 11657.3 11622.2 11566.6 11447.8 11302.5 11183.5 11107.1 11100.9 11088.8 11104.7 10991.6 10854.5 10750.5 10681.5 10609.8 10528.7 10463.4 10429.2 10417.3 10329.8 10208 10165.1 10177.7 10252.4 10293.9 10333.5 10334.6
10982.2 11027.2 11062.6 11089.8 11101.6 11076.5 11013 10960.4 10910.5 10866.5 10840.7 10922.1 11006.8 11023.9 11031.6 11051.4 11133.9 11384.2 11711.5 11951.8 11963.6 11937.8 11889.4 11857.7 11843.1 11849.7 11869.1 11881.1 11902.8 11928.6 11923 11923.6 11909 11894.5 11885.1 11878.9 11894 11859.1 11700.1 11551.6 11425.2 11321.2 11281.4 11164.7 11009.1 10873.3 10818.5 10791.9 10781.9 10761.3 10675.7 10562.8 10466.9 10394.4 10321.5 10251.1 10194.7 10142.5 10112.5 10055.8 9998.62 10015.9 10082.2 10205.6 10261.7 10316.2 10311.6
10745.3 10792.3 10816.2 10831.9 10822.5 10806.8 10747.2 10698.7 10653.2 10620.2 10614.4 10729 10786.7 10804.9 10833.6 10879.3 11018.9 11361.8 11571.5 11711.7 11823.4 11811.8 11755.6 11732.4 11740.4 11773 11814.7 11850.7 11898 11930.1 11922.4 11911.1 11883.4 11847.6 11820.2 11795.6 11772.4 11698.4 11518 11340 11182.1 11041.2 10993 10868.2 10716.6 10582.7 10536.7 10489.8 10453.9 10449.9 10371 10276.6 10198.9 10129.1 10054.2 9984.01 9937.69 9877.08 9848.3 9816.25 9803.08 9848.93 9910.53 9962.65 10064.7 10158.3 10219.1
10526.8 10566 10580.8 10580.8 10563.2 10543.7 10495.9 10458.9 10420.8 10389 10383.6 10428.5 10523.7 10590.4 10654 10730.3 10895.4 11180.1 11319.2 11413.3 11543.6 11542.4 11547.9 11570.7 11607.4 11666.8 11739.5 11804.9 11889.1 11935.5 11926 11894 11841.3 11783.9 11720.2 11655.7 11564.5 11427.4 11276.1 11105.7 10933.6 10779.3 10688.6 10577.5 10443.7 10331.8 10262.5 10202.9 10162.1 10150.2 10078.6 9999.46 9949.91 9898.96 9827.12 9740.24 9715.17 9703.81 9709.03 9697.27 9656.04 9707.51 9765.29 9826.75 9936.66 10059.5 10127.9
