real_craters/C196-750m.grd
DSAA
253 253
-94.325 94.325
-94.325 94.325
6859.259982802 12497.536556725
[rows 182 to 207 of 253, columns 57 to 113 of 253]
1.202e+004 1.202e+004 1.202e+004 1.202e+004 1.203e+004 1.203e+004 1.203e+004 1.205e+004 1.205e+004 1.204e+004 1.203e+004 1.204e+004 1.203e+004 1.202e+004 1.202e+004 1.202e+004 1.202e+004 1.202e+004 1.202e+004 1.201e+004 1.201e+004 1.2e+004 1.202e+004 1.202e+004 1.202e+004 1.203e+004 1.204e+004 1.204e+004 1.205e+004 1.205e+004 1.205e+004 1.205e+004 1.206e+004 1.206e+004 1.205e+004 1.204e+004 1.203e+004 1.202e+004 1.202e+004 1.202e+004 1.202e+004 1.2e+004 1.2e+004 1.2e+004 1.2e+004 1.2e+004 1.2e+004 1.2e+004 1.2e+004 1.199e+004 1.199e+004 1.199e+004 1.2e+004 1.2e+004 1.199e+004 1.201e+004 1.2e+004
1.203e+004 1.203e+004 1.203e+004 1.203e+004 1.203e+004 1.203e+004 1.203e+004 1.203e+004 1.203e+004 1.204e+004 1.204e+004 1.203e+004 1.202e+004 1.202e+004 1.202e+004 1.201e+004 1.201e+004 1.2e+004 1.2e+004 1.199e+004 1.2e+004 1.201e+004 1.2e+004 1.201e+004 1.202e+004 1.203e+004 1.204e+004 1.205e+004 1.205e+004 1.205e+004 1.206e+004 1.206e+004 1.206e+004 1.206e+004 1.205e+004 1.204e+004 1.203e+004 1.202e+004 1.202e+004 1.203e+004 1.203e+004 1.203e+004 1.201e+004 1.2e+004 1.2e+004 1.2e+004 1.2e+004 1.199e+004 1.199e+004 1.199e+004 1.198e+004 1.199e+004 1.2e+004 1.2e+004 1.199e+004 1.2e+004 1.199e+004
1.203e+004 1.202e+004 1.202e+004 1.203e+004 1.203e+004 1.203e+004 1.203e+004 1.203e+004 1.203e+004 1.202e+004 1.203e+004 1.202e+004 1.202e+004 1.201e+004 1.201e+004 1.2e+004 1.199e+004 1.198e+004 1.198e+004 1.199e+004 1.201e+004 1.2e+004 1.201e+004 1.202e+004 1.203e+004 1.204e+004 1.205e+004 1.205e+004 1.206e+004 1.206e+004 1.206e+004 1.207e+004 1.207e+004 1.206e+004 1.205e+004 1.205e+004 1.204e+004 1.203e+004 1.203e+004 1.203e+004 1.203e+004 1.204e+004 1.201e+004 1.2e+004 1.2e+004 1.2e+004 1.2e+004 1.2e+004 1.199e+004 1.199e+004 1.199e+004 1.199e+004 1.199e+004 1.198e+004 1.199e+004 1.198e+004 1.198e+004
1.203e+004 1.203e+004 1.203e+004 1.203e+004 1.203e+004 1.203e+004 1.202e+004 1.203e+004 1.203e+004 1.203e+004 1.202e+004 1.202e+004 1.202e+004 1.201e+004 1.201e+004 1.2e+004 1.199e+004 1.198e+004 1.198e+004 1.2e+004 1.201e+004 1.203e+004 1.202e+004 1.203e+004 1.203e+004 1.204e+004 1.205e+004 1.205e+004 1.206e+004 1.207e+004 1.207e+004 1.205e+004 1.204e+004 1.204e+004 1.204e+004 1.204e+004 1.204e+004 1.203e+004 1.203e+004 1.204e+004 1.203e+004 1.202e+004 1.201e+004 1.2e+004 1.2e+004 1.2e+004 1.2e+004 1.2e+004 1.2e+004 1.199e+004 1.2e+004 1.199e+004 1.199e+004 1.199e+004 1.198e+004 1.197e+004 1.196e+004
1.205e+004 1.204e+004 1.203e+004 1.203e+004 1.203e+004 1.203e+004 1.203e+004 1.203e+004 1.203e+004 1.202e+004 1.202e+004 1.202e+004 1.201e+004 1.2e+004 1.2e+004 1.2e+004 1.2e+004 1.201e+004 1.201e+004 1.202e+004 1.202e+004 1.203e+004 1.205e+004 1.204e+004 1.204e+004 1.204e+004 1.204e+004 1.205e+004 1.206e+004 1.207e+004 1.207e+004 1.205e+004 1.203e+004 1.203e+004 1.203e+004 1.203e+004 1.203e+004 1.203e+004 1.204e+004 1.204e+004 1.203e+004 1.203e+004 1.202e+004 1.201e+004 1.201e+004 1.201e+004 1.2e+004 1.2e+004 1.2e+004 1.199e+004 1.199e+004 1.199e+004 1.199e+004 1.198e+004 1.198e+004 1.196e+004 1.195e+004
1.207e+004 1.205e+004 1.204e+004 1.204e+004 1.204e+004 1.204e+004 1.204e+004 1.203e+004 1.202e+004 1.202e+004 1.201e+004 1.2e+004 1.199e+004 1.2e+004 1.201e+004 1.201e+004 1.202e+004 1.203e+004 1.203e+004 1.203e+004 1.204e+004 1.204e+004 1.205e+004 1.205e+004 1.205e+004 1.204e+004 1.204e+004 1.204e+004 1.204e+004 1.207e+004 1.206e+004 1.204e+004 1.203e+004 1.203e+004 1.203e+004 1.202e+004 1.202e+004 1.203e+004 1.204e+004 1.205e+004 1.204e+004 1.203e+004 1.202e+004 1.202e+004 1.202e+004 1.201e+004 1.201e+004 1.2e+004 1.2e+004 1.2e+004 1.199e+004 1.199e+004 1.198e+004 1.198e+004 1.196e+004 1.195e+004 1.194e+004
1.207e+004 1.205e+004 1.205e+004 1.204e+004 1.204e+004 1.204e+004 1.203e+004 1.202e+004 1.202e+004 1.202e+004 1.2e+004 1.198e+004 1.198e+004 1.2e+004 1.201e+004 1.202e+004 1.203e+004 1.204e+004 1.204e+004 1.204e+004 1.205e+004 1.206e+004 1.206e+004 1.205e+004 1.205e+004 1.205e+004 1.204e+004 1.204e+004 1.205e+004 1.205e+004 1.204e+004 1.204e+004 1.203e+004 1.203e+004 1.202e+004 1.202e+004 1.202e+004 1.202e+004 1.203e+004 1.204e+004 1.202e+004 1.202e+004 1.202e+004 1.202e+004 1.202e+004 1.201e+004 1.201e+004 1.201e+004 1.2e+004 1.2e+004 1.2e+004 1.199e+004 1.198e+004 1.196e+004 1.194e+004 1.194e+004 1.194e+004
1.206e+004 1.206e+004 1.205e+004 1.204e+004 1.204e+004 1.204e+004 1.203e+004 1.203e+004 1.202e+004 1.201e+004 1.199e+004 1.197e+004 1.197e+004 1.2e+004 1.202e+004 1.203e+004 1.204e+004 1.205e+004 1.204e+004 1.204e+004 1.205e+004 1.204e+004 1.204e+004 1.205e+004 1.205e+004 1.204e+004 1.204e+004 1.204e+004 1.204e+004 1.202e+004 1.202e+004 1.204e+004 1.203e+004 1.203e+004 1.203e+004 1.202e+004 1.202e+004 1.202e+004 1.203e+004 1.204e+004 1.202e+004 1.202e+004 1.202e+004 1.202e+004 1.202e+004 1.201e+004 1.201e+004 1.201e+004 1.2e+004 1.2e+004 1.2e+004 1.198e+004 1.197e+004 1.196e+004 1.194e+004 1.194e+004 1.195e+004
1.206e+004 1.206e+004 1.205e+004 1.204e+004 1.204e+004 1.203e+004 1.203e+004 1.202e+004 1.2e+004 1.198e+004 1.197e+004 1.198e+004 1.201e+004 1.202e+004 1.203e+004 1.204e+004 1.204e+004 1.205e+004 1.205e+004 1.205e+004 1.204e+004 1.203e+004 1.204e+004 1.205e+004 1.205e+004 1.204e+004 1.204e+004 1.203e+004 1.203e+004 1.202e+004 1.203e+004 1.203e+004 1.203e+004 1.203e+004 1.203e+004 1.203e+004 1.203e+004 1.203e+004 1.204e+004 1.204e+004 1.202e+004 1.202e+004 1.202e+004 1.202e+004 1.202e+004 1.201e+004 1.201e+004 1.201e+004 1.2e+004 1.2e+004 1.199e+004 1.198e+004 1.197e+004 1.196e+004 1.195e+004 1.195e+004 1.195e+004
1.204e+004 1.204e+004 1.204e+004 1.204e+004 1.204e+004 1.203e+004 1.203e+004 1.199e+004 1.198e+004 1.198e+004 1.201e+004 1.203e+004 1.204e+004 1.205e+004 1.205e+004 1.205e+004 1.206e+004 1.205e+004 1.205e+004 1.205e+004 1.203e+004 1.203e+004 1.205e+004 1.205e+004 1.205e+004 1.204e+004 1.204e+004 1.203e+004 1.203e+004 1.202e+004 1.203e+004 1.203e+004 1.203e+004 1.203e+004 1.203e+004 1.203e+004 1.204e+004 1.204e+004 1.203e+004 1.202e+004 1.202e+004 1.202e+004 1.202e+004 1.201e+004 1.201e+004 1.201e+004 1.2e+004 1.2e+004 1.2e+004 1.199e+004 1.199e+004 1.198e+004 1.197e+004 1.196e+004 1.196e+004 1.195e+004 1.194e+004
1.204e+004 1.204e+004 1.204e+004 1.203e+004 1.203e+004 1.203e+004 1.2e+004 1.198e+004 1.199e+004 1.201e+004 1.203e+004 1.204e+004 1.204e+004 1.206e+004 1.206e+004 1.206e+004 1.206e+004 1.206e+004 1.206e+004 1.204e+004 1.204e+004 1.203e+004 1.203e+004 1.204e+004 1.204e+004 1.204e+004 1.204e+004 1.203e+004 1.203e+004 1.203e+004 1.203e+004 1.203e+004 1.203e+004 1.203e+004 1.203e+004 1.203e+004 1.203e+004 1.203e+004 1.202e+004 1.202e+004 1.202e+004 1.202e+004 1.201e+004 1.201e+004 1.201e+004 1.2e+004 1.2e+004 1.199e+004 1.199e+004 1.198e+004 1.198e+004 1.197e+004 1.197e+004 1.197e+004 1.196e+004 1.195e+004 1.193e+004
1.204e+004 1.204e+004 1.203e+004 1.203e+004 1.201e+004 1.199e+004 1.199e+004 1.201e+004 1.202e+004 1.204e+004 1.204e+004 1.205e+004 1.205e+004 1.206e+004 1.206e+004 1.206e+004 1.206e+004 1.206e+004 1.205e+004 1.204e+004 1.203e+004 1.203e+004 1.203e+004 1.204e+004 1.204e+004 1.204e+004 1.203e+004 1.203e+004 1.203e+004 1.203e+004 1.203e+004 1.203e+004 1.203e+004 1.203e+004 1.203e+004 1.203e+004 1.203e+004 1.202e+004 1.201e+004 1.202e+004 1.202e+004 1.202e+004 1.202e+004 1.201e+004 1.2e+004 1.2e+004 1.199e+004 1.198e+004 1.198e+004 1.197e+004 1.197e+004 1.198e+004 1.197e+004 1.197e+004 1.195e+004 1.193e+004 1.19e+004
1.204e+004 1.203e+004 1.202e+004 1.202e+004 1.201e+004 1.202e+004 1.202e+004 1.203e+004 1.204e+004 1.205e+004 1.204e+004 1.205e+004 1.206e+004 1.205e+004 1.201e+004 1.202e+004 1.205e+004 1.203e+004 1.201e+004 1.202e+004 1.203e+004 1.203e+004 1.205e+004 1.205e+004 1.203e+004 1.201e+004 1.202e+004 1.203e+004 1.203e+004 1.203e+004 1.203e+004 1.203e+004 1.203e+004 1.203e+004 1.203e+004 1.203e+004 1.202e+004 1.201e+004 1.201e+004 1.201e+004 1.201e+004 1.202e+004 1.202e+004 1.201e+004 1.201e+004 1.199e+004 1.197e+004 1.196e+004 1.195e+004 1.194e+004 1.194e+004 1.196e+004 1.193e+004 1.19e+004 1.188e+004 1.187e+004 1.186e+004
1.204e+004 1.201e+004 1.2e+004 1.2e+004 1.201e+004 1.202e+004 1.203e+004 1.205e+004 1.206e+004 1.204e+004 1.204e+004 1.199e+004 1.205e+004 1.196e+004 1.188e+004 1.188e+004 1.193e+004 1.191e+004 1.19e+004 1.195e+004 1.205e+004 1.207e+004 1.207e+004 1.204e+004 1.198e+004 1.196e+004 1.198e+004 1.201e+004 1.203e+004 1.204e+004 1.204e+004 1.203e+004 1.203e+004 1.203e+004 1.203e+004 1.203e+004 1.202e+004 1.202e+004 1.201e+004 1.201e+004 1.201e+004 1.201e+004 1.201e+004 1.201e+004 1.2e+004 1.197e+004 1.193e+004 1.191e+004 1.19e+004 1.189e+004 1.188e+004 1.187e+004 1.187e+004 1.185e+004 1.183e+004 1.183e+004 1.182e+004
1.202e+004 1.198e+004 1.194e+004 1.193e+004 1.197e+004 1.205e+004 1.197e+004 1.197e+004 1.203e+004 1.184e+004 1.172e+004 1.172e+004 1.173e+004 1.168e+004 1.161e+004 1.161e+004 1.177e+004 1.165e+004 1.166e+004 1.173e+004 1.19e+004 1.21e+004 1.203e+004 1.197e+004 1.187e+004 1.188e+004 1.192e+004 1.198e+004 1.203e+004 1.204e+004 1.205e+004 1.204e+004 1.203e+004 1.202e+004 1.201e+004 1.201e+004 1.201e+004 1.202e+004 1.201e+004 1.202e+004 1.2e+004 1.198e+004 1.197e+004 1.198e+004 1.198e+004 1.192e+004 1.186e+004 1.185e+004 1.183e+004 1.182e+004 1.182e+004 1.182e+004 1.179e+004 1.182e+004 1.182e+004 1.18e+004 1.178e+004
1.199e+004 1.19e+004 1.182e+004 1.176e+004 1.175e+004 1.178e+004 1.166e+004 1.155e+004 1.162e+004 1.146e+004 1.134e+004 1.134e+004 1.133e+004 1.129e+004 1.125e+004 1.124e+004 1.124e+004 1.13e+004 1.136e+004 1.145e+004 1.169e+004 1.182e+004 1.169e+004 1.161e+004 1.168e+004 1.177e+004 1.187e+004 1.196e+004 1.204e+004 1.205e+004 1.205e+004 1.204e+004 1.201e+004 1.198e+004 1.196e+004 1.197e+004 1.199e+004 1.202e+004 1.202e+004 1.203e+004 1.196e+004 1.191e+004 1.188e+004 1.188e+004 1.187e+004 1.181e+004 1.176e+004 1.176e+004 1.176e+004 1.175e+004 1.174e+004 1.171e+004 1.17e+004 1.17e+004 1.17e+004 1.171e+004 1.172e+004
1.193e+004 1.177e+004 1.163e+004 1.152e+004 1.143e+004 1.134e+004 1.125e+004 1.116e+004 1.12e+004 1.111e+004 1.102e+004 1.099e+004 1.094e+004 1.089e+004 1.089e+004 1.087e+004 1.087e+004 1.096e+004 1.105e+004 1.115e+004 1.137e+004 1.138e+004 1.13e+004 1.13e+004 1.152e+004 1.17e+004 1.182e+004 1.194e+004 1.204e+004 1.205e+004 1.205e+004 1.202e+004 1.196e+004 1.193e+004 1.192e+004 1.192e+004 1.192e+004 1.191e+004 1.185e+004 1.182e+004 1.183e+004 1.181e+004 1.176e+004 1.172e+004 1.171e+004 1.165e+004 1.163e+004 1.166e+004 1.168e+004 1.169e+004 1.17e+004 1.17e+004 1.171e+004 1.17e+004 1.165e+004 1.168e+004 1.168e+004
1.171e+004 1.154e+004 1.139e+004 1.125e+004 1.112e+004 1.1e+004 1.091e+004 1.084e+004 1.085e+004 1.082e+004 1.075e+004 1.07e+004 1.064e+004 1.059e+004 1.06e+004 1.059e+004 1.06e+004 1.067e+004 1.073e+004 1.081e+004 1.093e+004 1.094e+004 1.107e+004 1.127e+004 1.15e+004 1.165e+004 1.176e+004 1.184e+004 1.189e+004 1.191e+004 1.196e+004 1.192e+004 1.188e+004 1.186e+004 1.185e+004 1.184e+004 1.182e+004 1.179e+004 1.176e+004 1.176e+004 1.175e+004 1.171e+004 1.165e+004 1.155e+004 1.143e+004 1.145e+004 1.152e+004 1.158e+004 1.162e+004 1.164e+004 1.165e+004 1.167e+004 1.166e+004 1.166e+004 1.163e+004 1.168e+004 1.166e+004
1.136e+004 1.124e+004 1.11e+004 1.096e+004 1.081e+004 1.07e+004 1.065e+004 1.062e+004 1.061e+004 1.049e+004 1.047e+004 1.045e+004 1.042e+004 1.04e+004 1.04e+004 1.041e+004 1.043e+004 1.045e+004 1.047e+004 1.046e+004 1.054e+004 1.064e+004 1.099e+004 1.137e+004 1.153e+004 1.162e+004 1.17e+004 1.175e+004 1.174e+004 1.171e+004 1.166e+004 1.172e+004 1.177e+004 1.179e+004 1.179e+004 1.179e+004 1.177e+004 1.174e+004 1.174e+004 1.174e+004 1.172e+004 1.167e+004 1.159e+004 1.147e+004 1.132e+004 1.134e+004 1.146e+004 1.154e+004 1.159e+004 1.162e+004 1.164e+004 1.166e+004 1.166e+004 1.165e+004 1.163e+004 1.163e+004 1.164e+004
1.099e+004 1.091e+004 1.081e+004 1.071e+004 1.062e+004 1.048e+004 1.044e+004 1.04e+004 1.04e+004 1.032e+004 1.028e+004 1.026e+004 1.024e+004 1.022e+004 1.023e+004 1.026e+004 1.028e+004 1.028e+004 1.027e+004 1.026e+004 1.032e+004 1.053e+004 1.091e+004 1.133e+004 1.149e+004 1.156e+004 1.163e+004 1.168e+004 1.17e+004 1.16e+004 1.159e+004 1.164e+004 1.169e+004 1.173e+004 1.174e+004 1.174e+004 1.172e+004 1.17e+004 1.173e+004 1.174e+004 1.173e+004 1.168e+004 1.161e+004 1.15e+004 1.138e+004 1.139e+004 1.149e+004 1.156e+004 1.16e+004 1.162e+004 1.164e+004 1.165e+004 1.165e+004 1.164e+004 1.162e+004 1.161e+004 1.162e+004
1.065e+004 1.061e+004 1.053e+004 1.044e+004 1.036e+004 1.028e+004 1.026e+004 1.024e+004 1.023e+004 1.017e+004 1.013e+004 1.011e+004 1.009e+004 1.008e+004 1.009e+004 1.012e+004 1.014e+004 1.015e+004 1.015e+004 1.015e+004 1.017e+004 1.039e+004 1.074e+004 1.109e+004 1.128e+004 1.142e+004 1.152e+004 1.156e+004 1.158e+004 1.157e+004 1.159e+004 1.16e+004 1.163e+004 1.168e+004 1.172e+004 1.173e+004 1.173e+004 1.168e+004 1.166e+004 1.176e+004 1.177e+004 1.172e+004 1.166e+004 1.161e+004 1.161e+004 1.163e+004 1.161e+004 1.161e+004 1.163e+004 1.164e+004 1.165e+004 1.165e+004 1.165e+004 1.164e+004 1.163e+004 1.162e+004 1.162e+004
1.039e+004 1.035e+004 1.028e+004 1.019e+004 1.01e+004 1.011e+004 1.011e+004 1.009e+004 1.006e+004 1.002e+004 1.001e+004 9996 9977 9958 9973 1.001e+004 1.004e+004 1.006e+004 1.006e+004 1.006e+004 1.007e+004 1.02e+004 1.047e+004 1.074e+004 1.101e+004 1.127e+004 1.144e+004 1.153e+004 1.157e+004 1.157e+004 1.158e+004 1.158e+004 1.164e+004 1.17e+004 1.174e+004 1.177e+004 1.18e+004 1.184e+004 1.181e+004 1.182e+004 1.181e+004 1.176e+004 1.173e+004 1.171e+004 1.173e+004 1.174e+004 1.168e+004 1.167e+004 1.166e+004 1.166e+004 1.166e+004 1.166e+004 1.165e+004 1.165e+004 1.164e+004 1.163e+004 1.162e+004
1.019e+004 1.015e+004 1.009e+004 1.001e+004 9967 9964 9965 9948 9936 9908 9910 9908 9895 9878 9894 9929 9970 9996 1.001e+004 1.001e+004 1.003e+004 1.009e+004 1.029e+004 1.06e+004 1.091e+004 1.116e+004 1.139e+004 1.155e+004 1.157e+004 1.156e+004 1.165e+004 1.16e+004 1.17e+004 1.175e+004 1.178e+004 1.181e+004 1.184e+004 1.186e+004 1.184e+004 1.184e+004 1.182e+004 1.179e+004 1.177e+004 1.175e+004 1.175e+004 1.173e+004 1.171e+004 1.17e+004 1.169e+004 1.168e+004 1.167e+004 1.167e+004 1.166e+004 1.165e+004 1.164e+004 1.163e+004 1.162e+004
1.003e+004 9995 9940 9883 9843 9841 9848 9846 9831 9819 9840 9851 9850 9840 9854 9897 9935 9966 9986 1.002e+004 1.007e+004 1.014e+004 1.027e+004 1.053e+004 1.082e+004 1.112e+004 1.139e+004 1.158e+004 1.161e+004 1.154e+004 1.175e+004 1.184e+004 1.183e+004 1.183e+004 1.183e+004 1.184e+004 1.186e+004 1.186e+004 1.185e+004 1.184e+004 1.183e+004 1.18e+004 1.179e+004 1.177e+004 1.175e+004 1.173e+004 1.172e+004 1.172e+004 1.17e+004 1.169e+004 1.168e+004 1.167e+004 1.166e+004 1.166e+004 1.164e+004 1.162e+004 1.16e+004
9907 9874 9825 9771 9736 9741 9743 9759 9769 9778 9803 9827 9837 9838 9849 9882 9932 9966 9994 1.005e+004 1.013e+004 1.024e+004 1.039e+004 1.057e+004 1.079e+004 1.116e+004 1.147e+004 1.165e+004 1.178e+004 1.188e+004 1.191e+004 1.195e+004 1.191e+004 1.188e+004 1.187e+004 1.187e+004 1.188e+004 1.187e+004 1.186e+004 1.184e+004 1.183e+004 1.182e+004 1.18e+004 1.179e+004 1.177e+004 1.175e+004 1.174e+004 1.174e+004 1.172e+004 1.171e+004 1.169e+004 1.168e+004 1.166e+004 1.165e+004 1.164e+004 1.162e+004 1.161e+004
9811 9786 9744 9690 9680 9687 9696 9723 9725 9737 9799 9840 9863 9872 9880 9917 9971 1.001e+004 1.003e+004 1.008e+004 1.021e+004 1.037e+004 1.053e+004 1.074e+004 1.097e+004 1.131e+004 1.165e+004 1.189e+004 1.192e+004 1.194e+004 1.192e+004 1.192e+004 1.191e+004 1.19e+004 1.189e+004 1.188e+004 1.188e+004 1.187e+004 1.186e+004 1.185e+004 1.184e+004 1.182e+004 1.181e+004 1.18e+004 1.178e+004 1.176e+004 1.175e+004 1.174e+004 1.173e+004 1.172e+004 1.17e+004 1.168e+004 1.166e+004 1.165e+004 1.164e+004 1.163e+004 1.161e+004
