real_craters/C196-500m.grd
DSAA
378 378
-94.325 94.325
-94.325 94.325
6855.1155602342 12502.492802406
[rows 210 to 239 of 378, columns 268 to 334 of 378]
11713 11714.6 11713 11711 11708.4 11705.1 11701.3 11697.3 11694.2 11691.6 11688.9 11685.5 11681.3 11677.7 11674.8 11673.2 11671.9 11671.2 11666.7 11662.7 11659.3 11656.2 11651.3 11654 11656.4 11658.6 11659.2 11659.9 11657.6 11651.4 11646.3 11646 11642.9 11639.8 11639.6 11645 11648.1 11645.5 11643.3 11640.1 11653.8 11656.2 11653.9 11650.6 11656.8 11662.5 11661.1 11655.3 11648.8 11650.6 11653 11655.8 11658.7 11662.7 11667.4 11673.5 11681.8 11691.9 11705.1 11723 11745.8 11766.8 11777.4 11787.1 11807.8 11809.4 11731.2
11721.9 11715.7 11714 11711.3 11711.3 11706.9 11702.4 11699.2 11696.9 11694.8 11690.8 11688.4 11684.4 11680.9 11678.1 11675.9 11674.3 11673.6 11668.8 11664.3 11660.3 11657 11653.7 11655.1 11657.5 11660.8 11666.5 11669.2 11665.7 11662.3 11658 11654.8 11649.3 11642.9 11636.2 11637.2 11645.8 11648.7 11649.6 11647.3 11660.9 11661.4 11657.7 11654.3 11662 11670.7 11668.2 11664.9 11662.9 11659.7 11657.5 11658.4 11660.2 11662.7 11667.2 11672.8 11680.1 11690.2 11702.5 11717.7 11733.1 11746.5 11754.1 11760 11803 11846.9 11793.5
11724.8 11724.5 11714.7 11709 11701.4 11701.4 11701.2 11699.3 11698 11697.4 11698.9 11691.2 11686.5 11682.5 11679.6 11677.1 11675 11672 11669.1 11664.9 11661.1 11658.4 11657.3 11656.5 11657.6 11659.8 11663.3 11666.3 11672.7 11679.3 11680.9 11667.5 11658 11648.6 11641 11638.8 11641.5 11647.4 11649.4 11649.5 11663.2 11664.4 11661.6 11660.8 11666.4 11673.3 11670.6 11668.2 11667.8 11664.3 11661.7 11659.9 11660.6 11662.9 11665.9 11670.2 11676.3 11684.3 11696 11709.1 11721.6 11732.4 11742.6 11758 11810.3 11880.5 11874.3
11723.7 11718.1 11712.9 11708 11704.3 11701.3 11699.9 11698.7 11697.6 11695.7 11691.3 11690.3 11686.9 11682.9 11679.4 11676.6 11674.8 11674.1 11669.9 11664.3 11660.5 11658.6 11656.8 11656.1 11656.1 11657.2 11659.4 11663 11674.7 11687.9 11685.6 11674.3 11663 11654.6 11647.8 11646.6 11643.6 11648.1 11648.5 11649 11658.9 11663.9 11663 11662.4 11664.4 11666.7 11667.2 11665.2 11663.8 11663.2 11662.3 11661.5 11662.1 11663.8 11663.7 11666.9 11671.3 11676.5 11682.2 11688.7 11708.1 11720.5 11730.9 11745.5 11797 11848.5 11825.6
11722.1 11715.7 11709.7 11706.1 11703.3 11700.6 11698.4 11697.4 11697.2 11696.9 11694 11690.2 11686 11681.5 11677.6 11674.6 11671.9 11668.1 11664.5 11661.9 11659.6 11656.8 11656.2 11654.8 11653.6 11654.1 11656.1 11659.8 11671.3 11682.1 11683.3 11674.2 11663.8 11657.3 11658.1 11657.7 11658.8 11659.2 11656.8 11655.1 11659.4 11664.7 11663.2 11659.4 11657.6 11661.8 11661.3 11660.8 11661 11661.5 11662.2 11663 11663.4 11664.6 11666.3 11666.8 11668.8 11670.8 11674.1 11684.5 11687.3 11704.3 11718.2 11733.7 11766.5 11794.7 11772.9
11718.9 11708.9 11703.1 11701.9 11702 11697.5 11695.3 11694.6 11695.6 11697.2 11695.9 11689.3 11683.8 11679.2 11675.2 11671.2 11668 11666.3 11664.6 11658.4 11655.8 11652.8 11651.1 11649.3 11649.2 11650.9 11653.4 11657.5 11663.1 11676.4 11679.1 11668 11658.8 11650.8 11648 11658.1 11665.6 11665 11663.6 11662.9 11665.7 11668.1 11665.2 11659.7 11654.3 11653.5 11655.1 11656.5 11658.3 11660.9 11661.8 11662.8 11663.7 11664.8 11666.1 11666.2 11666.7 11667 11668.8 11677.1 11693 11698.2 11705.2 11712.8 11735.5 11747.4 11740.2
11721.4 11709.7 11700.4 11695 11690.9 11691.2 11690.3 11690 11690.8 11691.5 11689.3 11684.8 11680 11674.9 11670.5 11666.8 11662.9 11658.9 11654.1 11652.2 11651.4 11648.4 11643.2 11641.3 11646.7 11649.5 11650.9 11651 11649.6 11645.9 11654.5 11655.2 11651 11646.1 11645.1 11650.6 11653.6 11657.1 11663.9 11666.4 11663.5 11670.8 11668.9 11663.6 11660.6 11655.4 11655.5 11657 11659.2 11661.2 11662.2 11663.1 11664 11663.9 11665.4 11665.9 11665.5 11665.1 11665.6 11667.3 11686.4 11692.9 11689.2 11694.9 11712.9 11723.7 11731.3
11723.7 11712.9 11700.2 11692.1 11688.1 11686.1 11685 11684 11683.8 11684.4 11681.9 11677.7 11673.6 11670 11666.3 11661.7 11656.9 11652.3 11649 11647.5 11648.1 11647.3 11645.9 11646.6 11648.7 11649.8 11650 11648.6 11642.4 11637.5 11643.7 11645.4 11644 11642.3 11642.6 11644.6 11645.1 11650.9 11659.2 11665.1 11668 11677.1 11672.7 11666.1 11661.4 11657.9 11658.5 11662.6 11662.8 11663.1 11665.2 11666.7 11667.7 11669.3 11670.3 11670.6 11669.1 11668.6 11667.3 11667.3 11688.8 11691.7 11691 11689 11696.9 11706.7 11723.3
11720.7 11705.8 11691.8 11687.1 11684.3 11682.7 11680.6 11678 11675.4 11672 11671.3 11669.6 11667.4 11664.7 11661.1 11657.5 11652.9 11648 11644.1 11644.3 11646.5 11648 11650.2 11653.2 11652.6 11652 11651.3 11650.1 11643 11633.3 11638.5 11640.3 11639.2 11637 11637.4 11640.2 11642.6 11644.8 11650.6 11655.8 11667.1 11679.1 11672.1 11664.4 11657.4 11656.5 11658.6 11661 11664.2 11665.5 11667.1 11668.8 11670.5 11672.2 11672.5 11673.4 11674 11674.3 11676.4 11680.8 11690.9 11692.4 11690.7 11691 11694.4 11704.3 11715.6
11712.5 11702.2 11691.2 11687 11683.4 11680.5 11677.2 11673.1 11668.6 11662.3 11662.7 11662.8 11661.4 11659.3 11656.3 11652.8 11649.2 11645.7 11642.3 11643.2 11646 11648.9 11652.5 11657.2 11655.2 11654.3 11653.1 11650.3 11644.1 11639.8 11639.9 11638.8 11636.7 11634.9 11635.5 11637 11638.6 11641 11645.9 11650.1 11660 11666.1 11664.7 11661 11657 11656.9 11661.9 11664.6 11665.5 11667 11669.3 11671 11672.9 11674.6 11676.2 11677.4 11677.3 11681.2 11686.3 11692.8 11697.6 11691.6 11685.2 11683.4 11687 11696.1 11705.6
11709.5 11699.5 11691.7 11685.9 11683 11679.4 11675.5 11670.7 11665.8 11661.1 11659.9 11659 11657.8 11655.6 11652.4 11649.3 11646.6 11643.8 11642.3 11642.8 11645.8 11649.3 11652.4 11653.8 11655.7 11656.5 11655 11651.5 11643.8 11638.4 11639.4 11638.5 11636.1 11633.8 11634.1 11635.7 11637.6 11640.3 11644.7 11648.9 11647.2 11651.2 11658.9 11658.5 11654.7 11653.8 11654.4 11659.3 11665.2 11668.1 11671.2 11673.9 11676.2 11678.5 11680.6 11682.5 11684.2 11687.7 11691.5 11699.2 11698.4 11686.1 11683 11678.5 11678.5 11684.3 11694.3
11700.6 11692.1 11689.5 11689.5 11684.5 11679.9 11675.2 11670.3 11665.9 11661.9 11659 11657.4 11655.1 11652.7 11649.5 11646.2 11643.4 11642.1 11641.3 11642.5 11645.9 11649.9 11653.6 11655.1 11658.3 11659.9 11658.7 11655.7 11653.7 11646.9 11642.7 11639.7 11637.9 11635.1 11635.4 11636.1 11639.8 11645 11647.2 11650.4 11649.9 11656.7 11661 11659.7 11656.7 11654.7 11655.2 11659.6 11666.1 11670.1 11673.1 11675.1 11678.2 11681.1 11683.8 11686.6 11688.7 11689.9 11691.2 11687.9 11668.8 11672.3 11669.1 11673.2 11675.2 11679 11685.5
11697.1 11692.8 11687.6 11685.1 11684 11679.6 11675.2 11671.1 11667.7 11662.7 11659.9 11656.8 11653.6 11650.6 11647.5 11644.6 11641.9 11640.3 11641.1 11643.3 11645 11650.3 11656.4 11661.7 11664.4 11664.5 11662.5 11659.1 11653.6 11651.4 11643.7 11640 11640.9 11642 11638 11635.5 11636.1 11644.5 11646.6 11645.7 11644.8 11653 11662.4 11662.4 11660.8 11661.2 11663.3 11666.5 11668.7 11671.5 11674.9 11678.9 11682.7 11685 11688.5 11691.5 11694.9 11695.1 11691.4 11679.8 11673.9 11670.8 11667.3 11669.5 11671 11669.8 11678.6
11696.2 11691.9 11686.6 11685.2 11682.8 11679.2 11675.5 11672.2 11669.5 11665.8 11660.5 11656.4 11652.4 11649.1 11646.1 11643.1 11640.8 11638.7 11635.5 11632.9 11642.1 11650.9 11659.3 11667.5 11671.4 11669.4 11666 11663.2 11663.1 11654.5 11645.8 11641.9 11642 11642 11639 11636.3 11636 11641.9 11643.7 11642.2 11642.8 11654.2 11664.9 11665.8 11663.8 11662.4 11666.4 11669.1 11671 11673.4 11677.1 11679.4 11683.9 11687.7 11691.9 11695.6 11698.9 11700.3 11698.4 11694.5 11688.4 11681.3 11673.3 11672.3 11672.6 11669.3 11674.9
11702.6 11694.8 11689.6 11684 11682.5 11679.6 11676.4 11673.3 11669.4 11665.1 11661.6 11656.2 11651.9 11648 11645.3 11644.4 11641.5 11638.3 11635.4 11635.7 11641.9 11650.9 11660.3 11670.7 11675.5 11670.9 11665.9 11662.4 11659.4 11652.9 11647.3 11644.7 11643.5 11642.3 11640.1 11637.5 11637.3 11638.8 11644.1 11646.2 11650.9 11660.9 11670.7 11668.2 11665.4 11665 11664.2 11668.1 11669.7 11672.2 11675.8 11679.9 11684.6 11689.4 11693.6 11698.5 11703.4 11708.1 11709.1 11707.9 11705.6 11694.1 11683.3 11678.4 11675.4 11672.3 11673.9
11704.8 11702.6 11697.1 11689.5 11683.7 11679.9 11676.8 11674.5 11673 11667.5 11660.6 11655.1 11651.7 11648.6 11645 11642.5 11642.4 11640.2 11638.7 11639.7 11643.2 11650.6 11658.2 11666.8 11674.2 11665.9 11661.3 11657.9 11652 11648.9 11647.4 11646.1 11647.3 11646.4 11642.9 11639.2 11638 11640.5 11646.9 11652.2 11658.5 11662.8 11668.8 11668.2 11664.2 11660.4 11662.4 11664.4 11667.3 11670 11673.4 11677.3 11682.2 11687.3 11693.3 11699.4 11705.8 11712.4 11719.9 11723.4 11716.1 11703.8 11692.3 11686 11678.8 11673.9 11674.2
11706.7 11706.8 11702.2 11692.2 11686.8 11680.8 11675.6 11673.1 11674.2 11666.5 11658.9 11654.7 11651.5 11649.7 11645.5 11644.1 11645.7 11644.1 11642.4 11638.9 11645.4 11650.9 11654 11654.5 11650.3 11654 11655.4 11655.4 11652.9 11649.1 11648.7 11647.4 11652 11651.3 11647 11642.3 11642.4 11646.6 11649.9 11658 11662.7 11663.7 11670.1 11668.4 11663.2 11657.7 11656.9 11658.9 11662.9 11666.9 11671.3 11676.2 11681 11686.4 11692.7 11698.9 11706 11714.7 11724.7 11731.5 11732.2 11721.9 11706.4 11698.5 11689.4 11678.4 11674.1
11709.1 11705.2 11706.3 11700.8 11691.1 11681.2 11671.5 11664 11662.3 11656.3 11652.1 11650.5 11649.5 11649.2 11647.8 11647.3 11646.2 11649.2 11649.7 11654.8 11654 11652.4 11651 11647.8 11644.1 11646.4 11650.1 11654.2 11655.5 11653.8 11652.9 11655.2 11654.7 11654.2 11652 11649.5 11649 11652 11660.3 11665.6 11671.8 11668 11670.7 11670 11663.4 11656.3 11654 11654.8 11659.1 11663.9 11669 11674.4 11679.8 11684.9 11691.3 11698.2 11706.1 11713.8 11720.2 11731.2 11740.3 11741.8 11729.6 11714.5 11698.5 11682.1 11674.1
11714.2 11714.4 11709.7 11705.4 11696.9 11683.1 11667 11650 11637 11640.2 11643.6 11646.1 11647.7 11648.7 11649.3 11650 11651.2 11652.3 11654.8 11655 11655.1 11653.8 11650.6 11646.1 11640.7 11642.2 11645.7 11647.8 11651.6 11655.7 11651.8 11656.1 11659.2 11659 11657.6 11656.5 11655.5 11656.2 11660.8 11670.2 11678.7 11675.7 11677 11673.8 11665.3 11655.7 11650.2 11652.5 11656.4 11661.8 11666.6 11671 11677.2 11681.6 11688.2 11695.2 11702.9 11711.8 11721.7 11732.8 11744.2 11750.4 11743.2 11729.4 11714 11695.7 11682.4
11720.8 11721.9 11723.1 11719.5 11704.7 11687 11666.5 11643.7 11628.2 11632.9 11638.7 11642.8 11646 11648.4 11649.4 11652 11653.3 11655.2 11658.6 11659 11659 11655.9 11652.3 11647.9 11643.8 11643.9 11645.5 11644.2 11641.2 11636.8 11642.4 11648.6 11659.6 11661.9 11662.3 11661.5 11660.5 11660.2 11666.4 11674.7 11676.3 11677.2 11680.7 11677.4 11668.1 11658.9 11653.7 11653.5 11656.6 11660.4 11663.7 11667.1 11671.9 11677 11682.5 11689.7 11697.8 11708.2 11719.2 11733.6 11746.1 11752.3 11751.7 11740.5 11725.4 11713 11696.4
11720.6 11721.6 11717.9 11719.9 11709.5 11692.5 11671.8 11650.3 11636.1 11637.6 11641.7 11644.7 11646.7 11648.1 11651.1 11653.2 11655.3 11657.4 11659.3 11660.5 11660.4 11658.6 11655.3 11652 11649.3 11649.5 11651.1 11650.7 11644.6 11635.3 11641.6 11647.6 11654.2 11661.4 11664.7 11667.2 11663.5 11662.4 11668.7 11676.4 11674.3 11674.6 11677.3 11677 11670.1 11661.3 11655.1 11655.9 11658.1 11659.4 11661.6 11664.6 11669 11673.2 11678.7 11686.1 11693 11702 11714.8 11729.3 11746.8 11761.7 11759.1 11749.5 11736.1 11714.9 11705.1
11711.7 11715.4 11715.9 11721.5 11716.2 11697.8 11679.7 11664.1 11653.5 11649 11648.3 11649.6 11650.9 11652 11653.3 11654.9 11657.5 11659.9 11661.4 11662.8 11663.4 11661.1 11658.5 11656.4 11655 11655.2 11658.1 11662.4 11657.5 11654.7 11655.3 11656 11659 11663.1 11664.5 11664.1 11663.4 11662.3 11663.7 11667.8 11667.8 11667.5 11674.3 11679.6 11671.3 11661.1 11654.6 11657 11658.6 11659.4 11661.1 11663.8 11667.2 11671 11675 11680.3 11686 11691.4 11698.9 11718.7 11739 11758.8 11755.6 11741.9 11733 11725.1 11711.6
11697.8 11703 11711.3 11713.8 11712.3 11699.2 11686.9 11674.2 11665 11659.1 11655.7 11655.1 11654 11655.3 11656.3 11656.9 11658.4 11661.1 11662 11663.6 11666.6 11661.6 11660.2 11659.5 11660.2 11661.8 11660.3 11661.7 11662.8 11667.5 11668.2 11667.6 11668.8 11668 11666.1 11664.8 11663.8 11662.6 11662.5 11662.7 11662.7 11660.3 11664.3 11675.3 11671.1 11664.4 11659.6 11656.9 11656.3 11657.4 11659.5 11661.7 11664.8 11668 11671.6 11676.1 11680.5 11687.4 11696.4 11707.5 11720.5 11739.6 11738 11718.7 11714.7 11721 11710.3
11686 11682 11690 11699.5 11697.7 11696.8 11692 11683.5 11676.4 11670.1 11666.5 11663.5 11657.5 11657 11658.2 11657.7 11659.3 11660.2 11660.3 11660 11658.6 11659.1 11660 11660.4 11661.2 11661 11658.2 11655.9 11661 11665.9 11669.7 11674.1 11677.5 11673.3 11668.2 11666.2 11666.3 11665.5 11664.3 11665.2 11664.8 11664 11660.4 11669.9 11669.3 11663.8 11659.3 11655.8 11655.5 11656 11658.2 11660.7 11662.9 11665.7 11668.6 11671.4 11674.6 11679.3 11687.5 11696.5 11704.6 11705.4 11709.1 11718.6 11712.3 11708 11701.9
11680.2 11671.9 11676.5 11690.5 11693.7 11700.9 11699.8 11697.2 11687.1 11677.6 11670.6 11665.9 11664.3 11663.4 11663.8 11662.6 11660.8 11659.1 11658.4 11657.9 11659 11657.7 11658.8 11659.8 11660.2 11661.3 11655 11654.3 11658.6 11665.2 11671.8 11675.3 11679.3 11677.6 11673.5 11671.2 11671.2 11670.2 11669.4 11670.1 11669.7 11669.5 11662.9 11671.5 11669.2 11661.4 11653.9 11651.5 11652.8 11653.8 11657 11659.8 11661.7 11663.2 11665.5 11667 11668.5 11670.1 11676.2 11685.6 11694.9 11697.8 11692.2 11679.9 11690.3 11693.8 11690.7
11678.7 11674.8 11687.5 11714.4 11714.1 11707.1 11702.2 11698.6 11690.9 11682.8 11677.2 11672.2 11669.3 11666.9 11665 11660.8 11658.4 11656.9 11656.1 11656.2 11652.4 11653.4 11657.8 11659.7 11659.4 11652.8 11652.7 11652.4 11656.9 11661.7 11666.7 11675.1 11681.9 11686.3 11682.2 11680.1 11678.8 11677.1 11675 11672.6 11673.8 11675.1 11670.8 11676 11671.7 11660.4 11653.1 11650 11651.1 11653.2 11656 11658.5 11661.1 11662.9 11664.8 11664.9 11665.3 11666.5 11671.7 11677.5 11680.2 11678.5 11671.5 11669.7 11679.5 11687.5 11686.9
11682.1 11681.9 11717.4 11645.1 11654.2 11692.9 11698.4 11695.7 11689.8 11683.6 11678.9 11675 11669.8 11666.9 11663.1 11662.6 11659.9 11660.8 11657 11655.3 11653.9 11655.4 11658.6 11661.7 11664.2 11668.9 11663.1 11657.8 11658.9 11660.6 11665.6 11678.6 11693.6 11702.8 11701.7 11694.9 11687.9 11685.1 11684.3 11682.2 11680.5 11679 11677 11681.5 11677.2 11664 11658.5 11656.4 11652.2 11653.7 11655.8 11658.2 11660.4 11662.2 11664.2 11665.6 11665.5 11664 11671 11677.3 11677.3 11676.8 11673.8 11677.8 11683.7 11689.3 11689.4
11683.8 11684.7 11719.2 11670.2 11681.9 11700.4 11694 11688.3 11684.7 11682.4 11679.6 11675 11670.5 11666.4 11663.5 11666.6 11660.8 11659.1 11656.2 11654.8 11655.5 11656.7 11659.9 11663.9 11668.4 11671.9 11670.8 11667.2 11665.1 11664.3 11668.1 11689.7 11707.7 11717.4 11747.9 11700.7 11690.4 11690.4 11694 11694.9 11691.9 11690.1 11687 11689.7 11682.5 11667.6 11660.6 11657.4 11655.9 11656.1 11658.2 11660.8 11663.6 11666.3 11667.4 11668.3 11670 11672.2 11676.7 11684 11691.9 11689.7 11691.6 11693 11690.6 11692.2 11687.7
11686.8 11679.7 11685.1 11690.2 11698.7 11694.8 11686.4 11680.9 11679.8 11678.9 11676.9 11674.5 11671.1 11666.6 11669.7 11665.8 11660.7 11657.7 11654.2 11654.9 11654.4 11655.6 11660.4 11666 11671.6 11675 11676.4 11676.5 11674.5 11672.6 11672.2 11687.5 11729.2 11715.5 11619.2 11672.2 11684.8 11690.9 11698 11705.7 11705.6 11697.7 11691.4 11684.8 11676.8 11662.8 11659.5 11659.4 11656.7 11658.2 11662 11665.6 11668.2 11670.5 11671.1 11673 11676 11677.3 11681.4 11686.9 11696.6 11692.2 11693.3 11691.8 11689.6 11692.8 11701.2
11688.7 11677.4 11667.9 11671.5 11681.6 11679.5 11677.3 11675.1 11678.2 11680.2 11680.3 11679.1 11677.3 11671.2 11665.5 11662 11657.9 11655.8 11655.2 11653.7 11653.3 11655.4 11660.3 11667.8 11675.5 11681.9 11687.2 11686.2 11684.2 11684.6 11687.9 11694.4 11715.9 11716.3 11720 11682.3 11683.6 11687.5 11692.7 11700.8 11704 11691.2 11680.6 11685.1 11675.7 11660.1 11655.8 11654.6 11657.7 11661.9 11667.1 11672.3 11674.6 11674.9 11674.7 11675.1 11677.5 11682.3 11679.3 11679.1 11681.3 11679.7 11678.7 11678.3 11678.2 11680.3 11684.4
