real_craters/C196-300m.grd
DSAA
630 630
-94.325 94.325
-94.325 94.325
6856.5034010915 12514.895742073
[rows 540 to 569 of 630, columns 335 to 401 of 630]
11669.2 11679.2 11693.7 11711.1 11727.6 11743.9 11759.7 11774.4 11786.3 11797.3 11793 11797.5 11797.4 11792.3 11780.9 11764 11748.5 11742.9 11741.5 11741.3 11739.4 11757.6 11778.8 11796.9 11805.9 11806.2 11796.5 11777.6 11766.5 11791.2 11806.2 11812.4 11805.8 11787.7 11781.7 11811.5 11836.6 11855.3 11869.7 11885.6 11906.2 11917.7 11923.7 11928.1 11931.9 11935.3 11938.1 11941.3 11946.9 11950.8 11962.1 11965.6 11969.4 11976 11977.7 11980.6 11985.6 11990.1 11994.5 12001.4 12005.1 11995.4 11988.5 11981 11974.3 11971.7 11972.7
11671.6 11684.1 11699.4 11715.6 11732.9 11750.3 11767.1 11783.2 11797.5 11810.2 11820.2 11827.4 11830.1 11826.8 11814.2 11790.3 11756.6 11756.3 11762.6 11757.3 11754.7 11786.5 11817.5 11839.6 11852 11853.5 11844.9 11824.3 11814.5 11837.6 11854.1 11862.9 11863.1 11851.4 11848.1 11873.9 11897.3 11921.3 11950.6 11995.8 11997.9 11980.1 11970 11964.8 11962.1 11961.1 11961.2 11962.4 11963.7 11965.6 11971 11973.8 11983.1 11985.6 11989.7 11992 11994.2 11995.4 11995.1 11997.3 11995.7 11992.3 11989 11982.9 11976.2 11976.4 11979.3
11680.4 11693.1 11709.6 11726.2 11746.2 11766.2 11786.6 11804.6 11821.8 11837.8 11851.9 11863.9 11871.8 11875.1 11869 11848.7 11812.9 11818.2 11825.5 11815.5 11809 11850 11879.3 11898 11909.8 11914.5 11914.5 11908.7 11904.7 11909.1 11917.7 11927.7 11940 11956.5 11954.2 11951.4 11961.1 11980 12006.7 12038.8 12042.7 12022.9 12007 11996.1 11989.3 11985 11982.3 11981 11981.1 11981.9 11985.5 11986.6 11995.1 11996.3 11997.2 11999.6 12000.4 11999.6 11995.2 11992.2 11989.1 11989.4 11991.5 11990.1 11984.2 11986.5 11989.4
11688.5 11703.3 11719.7 11742.4 11765.9 11789.3 11811.7 11833.2 11853.5 11873 11890.9 11907.2 11922.1 11934.5 11943.4 11945.1 11936.6 11933.2 11932.1 11930 11932.5 11950.3 11961 11968 11974.7 11980.9 11989.9 12000 11994.9 11984.4 11983.1 11989.9 12007.1 12035.6 12032.2 12015.2 12013.5 12023.4 12039.2 12054.7 12057.7 12045.6 12031.2 12019.9 12011.8 12005.5 12001.9 11999.2 11997.6 11996.7 11996.1 11996.7 11999.7 12001.4 12001.6 12007.3 12004.9 12002 11996.1 11991.2 11987.5 11989.9 11997.4 12002.8 12007.5 12004.1 12002.6
11698.1 11717 11736.7 11763.2 11789.8 11815.5 11840.3 11863.7 11886.4 11908.2 11929.5 11951 11972.6 11995.1 12021.7 12052.7 12081.5 12057.5 12047.7 12063.5 12082.7 12064.5 12045.3 12037.2 12037.9 12044.4 12057.9 12067.3 12061.2 12045.9 12036.9 12036.7 12046.4 12060.8 12060.6 12051.6 12048.3 12052.2 12059 12064.6 12065.8 12057.4 12046.5 12036.9 12028.8 12022.5 12016.4 12014 12011.1 12008.9 12010.5 12008.7 12009.7 12009.2 12010.2 12009.1 12007.1 12004.5 12000.6 11994.6 11988.2 11993.6 12006 12015.1 12021.4 12018.3 12015.1
11709.7 11737 11759.3 11789.5 11818.4 11845.5 11871.6 11896.2 11920.1 11944.1 11967.8 11992.6 12019.1 12048.9 12083.8 12124.8 12155.2 12139.4 12128.3 12141.1 12159.9 12135.6 12107.5 12091.9 12088.3 12092.8 12109 12133.6 12111.7 12089 12074.5 12067.3 12066.6 12067.4 12070.3 12069.5 12068.6 12069.9 12071.5 12070.9 12069.6 12064 12056.4 12048.9 12041.3 12034.7 12028.3 12025.3 12021.4 12018.9 12017.9 12016.2 12015.9 12013.5 12012.6 12011.3 12010 12009 12007.8 12004.4 12002.7 12008.4 12019.3 12027.1 12029.9 12029.7 12026.8
11729.9 11768.2 11790.6 11822.6 11851.7 11878.8 11904.1 11928.3 11952.2 11978.4 12003 12029.4 12057.5 12088.3 12122.9 12157.2 12179.2 12175.5 12166.1 12165.1 12166.2 12156.4 12140.7 12127.2 12121.6 12122.8 12132.1 12142 12130.4 12111.6 12096.9 12086.9 12080.2 12076.4 12078.3 12080 12080.7 12080.9 12079.9 12076.6 12073 12069 12063.6 12057.3 12051.1 12044.4 12037.8 12033.2 12029.2 12021.5 12019 12017 12015.4 12014.3 12014.6 12014 12013.3 12013.4 12016 12016.6 12021.1 12027.4 12034.1 12041.8 12044.9 12040.6 12036.6
11773.2 11818.3 11835.7 11865.8 11892.5 11917.2 11940.6 11958.3 11980.7 12004 12033.7 12059.6 12086.8 12115.6 12145.2 12171.4 12187.7 12188.5 12180.1 12173.4 12171.1 12166.3 12157 12147.8 12141.2 12138.5 12137.5 12134.8 12131.5 12119.9 12108.4 12098.4 12090.4 12085.8 12086.4 12087.9 12088.7 12088 12086.6 12081.9 12077.7 12074.2 12069 12063 12056.4 12046.7 12040.5 12036.3 12032 12026.8 12024 12021.7 12020 12018.5 12018 12017.4 12017.4 12018.9 12023.2 12026.1 12031.4 12037.4 12044.8 12051.6 12052.4 12048.7 12044.6
11855.1 11892.4 11892.5 11914.3 11934.3 11953.5 11972.6 11992 12012.2 12033.6 12055.8 12079.9 12105.6 12133.4 12157.7 12178 12190.6 12192.9 12186.2 12179.9 12178 12174.9 12168.3 12160.3 12152.9 12146.1 12139.5 12133.6 12129.9 12124.7 12116.4 12107.5 12098.9 12094.2 12094.2 12094.8 12095.1 12094 12092.3 12088.8 12085.7 12081.2 12074.6 12066.7 12059.5 12052.6 12047 12041.7 12038.3 12034.1 12029 12026 12023.4 12021.3 12020.1 12019.4 12019.8 12021.4 12026.4 12030 12036.4 12043.2 12050.2 12058.2 12055.1 12054.5 12052.7
11965.9 11953.9 11961.5 11971.9 11983.9 11997.2 12013 12029.1 12046.4 12065.1 12085.5 12106.5 12128.4 12150.7 12169.1 12181.3 12191.8 12195.2 12190.8 12187.3 12185 12182 12175.8 12167.7 12159.4 12150.7 12141.8 12135.7 12132.6 12128.5 12122.5 12115.3 12107.3 12102.6 12102.3 12101.8 12101.2 12099.6 12097.7 12094.8 12092.7 12087.8 12079.9 12071.4 12063.6 12056.5 12050.8 12045.5 12040.7 12035.6 12031.8 12027.9 12024.5 12022.2 12019.7 12019 12019.6 12020.9 12026.7 12031.8 12038.7 12046.4 12056.1 12061.4 12059.2 12062.8 12061.6
12080.7 12040 12031 12029.9 12032.9 12040.2 12050.5 12062.8 12076.9 12093.9 12110.8 12130 12148.1 12167.2 12181.8 12193.1 12197.7 12198.6 12194.1 12191.2 12189.5 12186.7 12179.8 12171.3 12163.3 12154.3 12145.3 12139.9 12137.4 12134.6 12130.3 12124.4 12117.7 12113 12111.3 12109.3 12107.3 12104.6 12102 12098.8 12096.1 12091.8 12084.8 12076.1 12067.9 12061.2 12055.2 12050 12045.4 12041 12035.3 12031.1 12027.8 12023.9 12021.7 12020.7 12020.2 12021.8 12027.3 12032.4 12039.9 12049.5 12064.8 12076.4 12076.2 12074.9 12071.4
12156.6 12109.4 12091.1 12081.8 12078.1 12080.2 12085.6 12094.1 12104.9 12118.2 12132.3 12149.9 12164.7 12179 12192.2 12200.7 12202.9 12202.1 12196.5 12192.6 12191.1 12188.4 12181.1 12173 12165.3 12157.8 12149.8 12145.5 12143.8 12141.3 12138.2 12134.5 12130.5 12125.1 12120.6 12116.8 12113.2 12109.8 12105.7 12100.8 12097.3 12093.3 12086.3 12078.4 12072.2 12066.6 12061.2 12054.3 12048.8 12045.2 12040.6 12036.2 12032.5 12028.2 12025.7 12023.8 12023.1 12025.5 12027.6 12031.9 12039.8 12052.7 12071.7 12089.2 12091 12087.3 12081.6
12185.1 12149 12135.6 12123.1 12115.9 12114.4 12116.7 12122.1 12129.9 12139.6 12151.7 12163.6 12177.3 12188.9 12199.1 12205.1 12205.9 12203.9 12199.5 12194.3 12189.9 12185 12178.3 12172.5 12167.4 12161.9 12156.3 12153 12150.7 12148.6 12146.3 12143.6 12140 12134.5 12129.7 12124.6 12119.8 12115 12109.4 12101.8 12094.8 12088.5 12084.5 12079.5 12074.9 12070.2 12065.2 12060.7 12055.8 12052.5 12045.5 12041 12036.7 12033.9 12030.5 12027.8 12029.4 12028.1 12027.9 12030.1 12036.2 12048.8 12071.5 12093.8 12099.8 12097.6 12091.1
12199.8 12176.4 12167.3 12155.2 12147.4 12143.9 12143.8 12146.1 12151.1 12157.9 12167.5 12176.3 12185.9 12195.5 12204.5 12209.7 12207.7 12205.4 12202.8 12195.8 12187 12177.6 12173.2 12172 12169.9 12167 12164.6 12161 12158.1 12155.9 12154 12151.8 12147.6 12142.3 12137.2 12131.3 12125.4 12119.5 12112.7 12103.3 12093.5 12083.3 12084.5 12080.7 12077.7 12073.5 12068.7 12066.6 12062.2 12058.2 12053.8 12049.1 12044.7 12041.6 12036.2 12032.6 12033.4 12031.4 12028.8 12027.8 12029.8 12037.5 12065.9 12099.7 12107.7 12105.6 12098.3
12206.5 12191.3 12187.8 12177.6 12170.4 12166.2 12164.7 12165.7 12168.5 12172.8 12178.5 12184.6 12191.2 12198.4 12206.1 12210 12205 12202.5 12199.3 12193.1 12184.8 12176.1 12173 12174 12173.9 12172.3 12168.6 12167.6 12164.9 12162.5 12160.8 12159.8 12157.6 12149.6 12143.5 12137 12130.6 12123.8 12116.5 12107 12098.8 12095.2 12089.3 12084.8 12082.5 12079.5 12075.8 12070.7 12066.7 12063.2 12061.3 12057 12053.5 12049.1 12044.8 12046.8 12041.5 12036.4 12030.5 12026.8 12025 12029.6 12062.2 12106.8 12114.2 12110.9 12102.6
12210.3 12202.1 12193.2 12192.7 12186.7 12182.7 12180.6 12180.2 12181.4 12183.9 12187 12190.6 12194.5 12198.4 12201.4 12202.7 12199.5 12196.1 12190.7 12187.9 12184.4 12180.5 12178.6 12178.8 12179.2 12179.3 12178.3 12174.6 12170.8 12167.8 12165.4 12163.5 12160.9 12153.9 12147.8 12141.3 12134.9 12128 12120.8 12113.3 12104.3 12098.9 12094.1 12089.5 12087.3 12083.9 12080.1 12077.6 12074.9 12072 12068 12063.2 12059.8 12055.4 12057.5 12053.9 12048 12042.1 12036.2 12030.9 12026.9 12031.2 12066.6 12114.1 12118.2 12112.8 12103.8
12212.9 12208 12201.6 12202.7 12198.5 12195.3 12193.3 12192.4 12192.3 12193.1 12194.2 12195.5 12196.6 12197.4 12197.5 12196.9 12195 12191.5 12185.2 12186.2 12186.2 12185.3 12184.5 12184.4 12184.7 12185.3 12184.3 12179.8 12175.7 12172.1 12168.3 12163.5 12158.8 12155.1 12150.4 12144.4 12138 12131.3 12124.5 12117.5 12109.9 12103.7 12099.3 12095.5 12093.9 12090.8 12087.7 12084.1 12080 12077.6 12073.8 12070.8 12068.8 12071.3 12066.2 12060.8 12055 12047.9 12042 12037.1 12034.1 12039.1 12072 12115.9 12116.1 12109.9 12101
12214.5 12212.7 12208.8 12207.1 12207.4 12205.2 12203.4 12202.2 12201.4 12200.8 12200.3 12199.8 12198.7 12196.9 12194.5 12194.3 12194.3 12193.3 12190.3 12190 12190.3 12190.3 12189.9 12189.4 12188.8 12188.4 12186.6 12182.7 12179 12175.4 12171.5 12167 12162 12157.8 12152.9 12147.1 12140.9 12134.5 12128.1 12121.9 12116.6 12112 12107 12102.5 12101 12097.9 12094.7 12091.5 12088.2 12084.9 12081.4 12081.5 12077.8 12079.3 12074.8 12070 12064.7 12059.2 12054.7 12049.8 12045.6 12048.9 12079.6 12105.8 12107.4 12102.7 12095.4
12218.8 12216.7 12215.4 12214.5 12213.7 12213 12211.5 12210.2 12208.9 12207.4 12205.7 12203.9 12201.6 12198.5 12194 12195 12196.7 12198.4 12198.1 12195.9 12195.2 12195.7 12196.5 12193.5 12190.6 12189.2 12187 12183.8 12180.9 12178 12175 12171.8 12167.3 12161.9 12156.5 12150.9 12145 12139.2 12133.4 12127.9 12123.6 12119.3 12114.2 12109.7 12107.4 12104.5 12101.4 12100.8 12098.7 12096 12093.1 12090.3 12091.8 12088.4 12084.6 12080.1 12075.6 12070.9 12066 12062.3 12059 12059.4 12069.1 12088.1 12094.3 12092.7 12087.6
12226.5 12222.1 12221.6 12220.6 12219.5 12218.3 12216.9 12215.4 12213.7 12211.6 12209.6 12207.4 12205.1 12202.9 12201.5 12200.1 12200.8 12202 12201.7 12199.9 12198.5 12198.2 12198.2 12194.1 12190 12185.5 12184.5 12183.9 12182.2 12180.1 12177.8 12174.8 12170.8 12165.7 12160.3 12154.9 12149.6 12144.3 12139 12134 12130.4 12126.1 12121.1 12116.9 12114.8 12113 12110.9 12108.5 12106.2 12103.9 12102.1 12099.8 12105.6 12102.8 12100 12096.8 12093.3 12089.3 12084.8 12080 12075 12071.1 12070.9 12080.6 12084.1 12083.2 12079.8
12231.2 12228.2 12225.5 12223.8 12222.2 12220.4 12218.7 12217.9 12216.3 12214.8 12212.6 12210.4 12208.3 12206.7 12206.3 12204.7 12204.5 12204.8 12204.1 12202.2 12200.2 12198.1 12195 12192.3 12189.4 12186.7 12184.9 12184.5 12183.4 12181.8 12180.3 12179.4 12174.3 12169 12163.9 12159 12154 12149.2 12144.6 12140.2 12137 12133.4 12129.3 12124.5 12122.5 12120.9 12120 12118.8 12117.2 12116.1 12114.9 12117.9 12116.4 12114.3 12112.4 12110.3 12108 12105.4 12102.3 12098.5 12093.7 12087.3 12080.4 12078.9 12077.7 12075.2 12072.2
12236.7 12232.7 12230 12227.1 12225.4 12223.7 12222.3 12220.6 12219.5 12217.2 12215.1 12213 12210.8 12208.9 12207.6 12207.3 12207.2 12206.7 12205.8 12204 12201.6 12198.4 12194.6 12191.9 12189.8 12187.9 12186.7 12186.2 12184.9 12183 12180.7 12178.7 12175.4 12171.4 12167.1 12162.8 12158.4 12154.1 12150.1 12146.1 12143.3 12140 12136.2 12131.9 12129.9 12130 12128.3 12127 12124.5 12123.7 12123.1 12127.4 12126.6 12125.6 12124.8 12124 12123 12121.9 12120.5 12118.5 12116.1 12109.5 12096 12080 12073.8 12069.4 12066.7
12240 12235.9 12233.1 12230.3 12228.6 12227.1 12225.2 12223.5 12222.1 12220.7 12218.7 12216.5 12214 12211.5 12209.9 12210.2 12210 12208.9 12207.9 12206.2 12203.5 12200.1 12196.2 12193.1 12191.3 12189.4 12189 12188.8 12187.3 12184.6 12180.7 12176.8 12175.7 12173.5 12170.2 12166.5 12162.5 12158.5 12154.8 12151.4 12148.5 12146 12142.7 12139.2 12137.3 12136.3 12134.3 12132.7 12132.1 12131.8 12136.8 12136.9 12137.2 12137.5 12138.4 12138.8 12139.2 12139.4 12139.5 12139 12137.6 12132.5 12112.5 12083.8 12071.1 12064.3 12061.1
12241.6 12238.4 12235.7 12232.9 12230.8 12228.9 12227.5 12225.6 12224 12223.1 12221.7 12220.2 12218.1 12215.9 12214.6 12214.4 12214.1 12212.9 12211.5 12209.5 12206.7 12203.2 12199.2 12196.3 12195.3 12194.1 12193.3 12192.7 12191 12188 12183.7 12180.1 12178.7 12176.7 12173.6 12170.1 12166.2 12162.6 12159 12156 12153.6 12151.7 12149.8 12146.3 12143.9 12142.5 12140.7 12140.2 12140.3 12141 12147.4 12148.6 12150 12151.4 12152.8 12154.2 12155.5 12156.6 12157 12157.2 12157.5 12150.7 12124.6 12088.8 12067.9 12059.4 12056.3
12244.4 12241 12237.8 12235.2 12233.5 12231.8 12230.3 12228.8 12227.3 12226 12224.7 12223.5 12222.5 12221.4 12220.2 12219.2 12219 12218.3 12216 12213.5 12210.8 12207.8 12204.6 12202 12201.3 12200.4 12198.9 12198 12196.3 12193.6 12189.5 12185.8 12183.9 12181.3 12177.7 12173.8 12169.6 12165.5 12162 12159.2 12157.2 12156.2 12155.8 12153 12149.3 12148.1 12147.4 12147.7 12149.1 12155.5 12157.8 12160.3 12162.7 12165.1 12167.8 12168.9 12170.5 12171.8 12172.5 12178 12171.7 12160.4 12125.2 12077.1 12060.6 12055 12053.3
12247.4 12244.5 12241.9 12239.7 12237.1 12235.2 12233.5 12232 12230.9 12229.3 12228.6 12227.7 12227 12226.5 12225 12223.7 12223.1 12222.4 12220 12217.6 12215.4 12213.2 12211.2 12209.3 12206.9 12205.3 12204.4 12204 12203.1 12201.8 12198 12194.1 12191 12186.7 12182 12177.1 12172.2 12167.8 12164 12160.8 12158.7 12158.5 12159.6 12157.8 12151.6 12149.9 12150.6 12152.6 12155.4 12162.9 12166.7 12170.1 12173.4 12176.4 12179.1 12181.5 12183.4 12184.6 12184.7 12187.1 12179.9 12163.7 12123.6 12076.2 12058.1 12054.1 12053.6
12250.5 12248.9 12245.2 12243.3 12241.3 12239.1 12237.4 12235.8 12234.6 12233.5 12232.7 12231.9 12231 12229.5 12228.7 12227.4 12225.5 12223.8 12223 12221.5 12219.9 12218.5 12217.5 12216.5 12212.1 12209.9 12209.7 12210.1 12210.5 12211 12208.8 12204.3 12198.6 12192.4 12186.3 12180.4 12175 12169.8 12165.1 12160.9 12157.5 12155.4 12158.1 12157.9 12147.4 12147.7 12150.3 12154.1 12158.5 12166.8 12171.1 12175.1 12179 12182.6 12185.8 12188.6 12190.8 12192.1 12192.1 12195 12185.6 12167.6 12127.7 12080.7 12062.7 12059.9 12059.6
12251 12249.6 12247.7 12247 12245.4 12243.9 12241.9 12240.3 12238.6 12237.5 12236.6 12236.2 12235.9 12234.5 12233.3 12231.4 12229.3 12227.3 12226.4 12225.3 12224.1 12223 12222 12220.5 12217.1 12214.9 12214.5 12215.4 12217.5 12219.5 12221.1 12214.2 12205.2 12196.9 12189.6 12183 12177 12171.2 12165.7 12160.1 12154.4 12147.5 12138.8 12129 12137 12142.9 12149.4 12155.8 12165.6 12170.8 12175.7 12180.3 12184.5 12188.4 12191.9 12194.9 12197.1 12198.2 12197.7 12199.8 12189.2 12172.6 12136.8 12097.6 12079 12073 12071.1
12252.6 12251.2 12250.1 12249.7 12248 12245.9 12245.1 12243.6 12242.2 12240.8 12239.8 12239.5 12240.7 12243 12238 12235.1 12234.2 12232.4 12230.5 12229.4 12228.4 12227.4 12225.9 12224.4 12221.8 12219.1 12217.9 12218.4 12221 12223.3 12225.2 12218.1 12208 12199.2 12191.7 12184.7 12178.5 12172.5 12166.6 12160.3 12152.9 12142.5 12129.6 12120.5 12131.2 12142.8 12150.3 12158.2 12169.1 12174.9 12180.2 12185.1 12189.7 12193.7 12197.3 12200.3 12202.5 12203.4 12202.5 12204.5 12192.3 12174.4 12149.4 12122.4 12102.6 12089.8 12085.8
12256 12255.6 12253.7 12252 12250.1 12248.4 12246.7 12244.9 12243.3 12242.1 12241 12240.2 12238.9 12238.1 12238.3 12236.6 12234.8 12234.3 12233.9 12233.3 12232.4 12231.3 12229 12227.9 12225.3 12221.3 12219 12219.6 12220.6 12222.3 12221 12215.4 12207.2 12199.1 12191.8 12186 12180.3 12174.9 12169.3 12163.1 12155.8 12145.4 12134.7 12127.7 12136.5 12148.7 12154.9 12163.6 12175.5 12181.6 12187.1 12192.1 12197 12201 12204.4 12207.1 12208.9 12209.3 12207.9 12208.4 12196.6 12181 12160.9 12137.7 12118.3 12104.8 12100
