real_craters/C196-500m.grd
DSAA
378 378
-94.325 94.325
-94.325 94.325
6855.1155602342 12502.492802406
[rows 270 to 299 of 378, columns 67 to 133 of 378]
12039.5 12034.9 12031.4 12028.4 12025.5 12022.8 12020.8 12022.2 12022.7 12023.5 12024.3 12024.7 12024.7 12024.4 12023.3 12023 12023.3 12022.8 12022 12021.1 12020.8 12018.7 12016.8 12015.5 12014.5 12014.1 12015.8 12021 12030.2 12049.9 12051.1 12049.6 12050.4 12048.3 12033.5 12033.1 12032.8 12029.6 12026.5 12024.5 12023.7 12022.7 12022.5 12023.2 12021.9 12017 12021 12023.4 12024.3 12025.5 12025.4 12022.3 12011.8 12011.8 12016.9 12019.7 12021 12021.9 12022.5 12023.1 12023.6 12030 12038 12045.3 12050.7 12058 12060.2
12036.1 12032.6 12029.5 12026.9 12024.4 12022.1 12021 12022.3 12022.8 12024.2 12025 12025.3 12025.3 12024.9 12023.6 12023.2 12023.7 12023.5 12022.9 12021.9 12020.9 12020.3 12019.9 12019.4 12019.5 12020.3 12023.1 12031.8 12044.1 12057.8 12055.3 12050.2 12047.7 12051.6 12036.2 12036 12036.3 12030.1 12026.2 12023.4 12021.5 12021.2 12021.2 12022 12022.4 12023.1 12020.8 12018.5 12016.6 12017.4 12015.7 12014 12005.5 12008.9 12016.1 12020.8 12024.6 12027.5 12030.4 12031.9 12032.1 12036.3 12041.4 12047.7 12053.9 12057.7 12062.8
12033.3 12030.7 12027.8 12025.7 12024 12022.8 12022.7 12025.1 12027.1 12026.3 12026.2 12026.2 12026.2 12026.2 12026.2 12025.4 12024.8 12024.4 12024.1 12023.5 12023.4 12023.2 12022.8 12022.9 12023.6 12026.2 12031.7 12034.4 12038.1 12053.7 12050.5 12045.1 12038.6 12036.9 12040 12034.2 12030.2 12027.5 12024.2 12020.9 12018.8 12017.9 12017.6 12018.6 12020.9 12024.1 12017.7 12011.8 12007.7 12003.9 12007.5 12014.3 12021.1 12018.1 12019.8 12023.9 12028.1 12032.8 12037.9 12042.7 12043.3 12043 12045.1 12046.9 12051 12055.7 12057.9
12032.6 12029.4 12027.2 12025.6 12024.3 12023.8 12024.9 12026.7 12028 12027.5 12027.1 12027.2 12027.2 12027.1 12027 12026.6 12026 12025.4 12025 12025.2 12024.9 12024.6 12024.6 12025.1 12026.5 12028.3 12028.5 12025.9 12030.1 12038.1 12041 12039.6 12038.7 12039.5 12039 12032.3 12026.7 12024.1 12021.5 12018.9 12016.2 12013.4 12010.9 12011.2 12013.4 12016.1 12006.5 12000.3 12001.4 12001.3 12005.7 12013.2 12022 12021.1 12023.1 12027.2 12032.1 12037.7 12042.9 12048.9 12045.2 12046.6 12050.2 12053.1 12055 12056 12053.9
12032.4 12028.8 12026.6 12025.4 12024.6 12024.3 12024.6 12026.1 12027 12027.4 12027.7 12027.7 12028.1 12028.1 12027.9 12027.8 12027 12026.2 12025.3 12025.5 12026.1 12025.7 12025.7 12026.6 12028 12029.4 12030.6 12029.9 12030.4 12031.2 12032.8 12033.4 12036.7 12040.6 12034.2 12028.1 12024.3 12021.3 12017.6 12015.5 12012.3 12008.8 12004.9 12001.5 11999.4 11995.6 11991.2 11994.2 11999.9 12004.7 12002.4 12000.9 12005.2 12017.3 12023.9 12029.6 12034.9 12040.7 12046 12047.6 12053.9 12056.8 12055.3 12057.3 12059.9 12063 12061.1
12032.6 12029 12027.1 12026.1 12025.3 12025.1 12026 12027.1 12025.7 12027.3 12028 12028.3 12028.2 12028.6 12029.6 12029.2 12029.2 12028 12025.8 12022.4 12022.9 12024.6 12025.7 12027 12029 12030.5 12031.8 12027.9 12024.4 12026.4 12028.5 12027.7 12027.2 12031.5 12028.8 12023.5 12020.8 12018 12014.7 12011.1 12006.1 12001.7 11996.6 11990.8 11984.7 11979.2 11983.4 11995.5 12002.8 12005.3 12003.8 12007.3 12013.5 12019.9 12026.7 12032.6 12038.3 12043.8 12049.3 12057.2 12060.5 12058.8 12058.2 12054.1 12060.6 12070.2 12076.2
12031.7 12029.1 12027.5 12026.3 12025.7 12025.5 12025.5 12025.5 12027.6 12027.5 12028.3 12028.6 12028.4 12027.4 12028.4 12031 12032.4 12032.3 12029.2 12024.5 12023.2 12024.6 12026.2 12027.6 12028.8 12029.6 12029.5 12027.2 12027.4 12026.2 12027.3 12028.6 12028.3 12027.2 12025.1 12022 12018.5 12014.4 12011.6 12007.7 12003.6 11999.2 11993 11984.1 11975.1 11972.4 11980.9 12004 12008.3 12013.5 12016.5 12016.1 12018.8 12024.7 12030 12035.4 12040.4 12045.3 12050.7 12054 12056.1 12060.3 12066 12065.5 12061.7 12057.6 12055.8
12032 12030.2 12028.9 12028.1 12027.1 12026.1 12025 12024.3 12026.8 12028.3 12028.8 12029.2 12029.5 12029.6 12030.9 12035 12038.1 12039.2 12036.9 12031.6 12027.8 12027.1 12027.7 12028.5 12029.1 12029.2 12028.3 12026 12024.7 12026.6 12027.9 12028.4 12026.4 12023.3 12023.4 12020.8 12016.1 12012.3 12009 12006.5 12003.7 12000.1 11994.9 11986.5 11971.7 11975.3 11990.3 11995.4 12009.6 12022.9 12034 12027.7 12027 12031.4 12035.7 12039.1 12042.5 12046.3 12051.3 12057 12064.8 12074.4 12073.6 12075.7 12060.8 12045.8 12040
12033.2 12031.4 12030.4 12029.4 12029.2 12028.6 12026.6 12026.3 12027 12028.1 12029.5 12030.6 12031.2 12031.9 12035.7 12040.6 12045.4 12048.9 12049.2 12043 12034.8 12031.7 12031 12030.6 12030.7 12029.9 12028.9 12027.5 12028.6 12029 12028 12027.5 12024.2 12021.8 12020.7 12017.9 12012.4 12008.5 12005.9 12004.3 12004.1 12003.3 12001.4 12000.1 12002.8 12004.3 12016.6 12011.6 12017.7 12027.5 12034 12040.4 12040.8 12039.8 12040.3 12041.9 12042.7 12045.5 12048.9 12055.8 12061.9 12058.1 12069.6 12069.6 12057 12043.5 12035.8
12036.1 12033.5 12032.2 12031.2 12031.1 12031.5 12028.3 12024 12026.3 12029.3 12031.4 12033 12034.6 12035.5 12039.5 12045.9 12052.3 12058.9 12063.9 12056.5 12041.1 12036.9 12035.1 12034.1 12033.8 12033 12032 12031 12038.7 12031.2 12026.7 12023.4 12021.5 12019.2 12018.1 12014.7 12004.2 12000.7 12000.4 12002.8 12005 12007.4 12010.3 12014.5 12021.1 12022 12023.3 12023.8 12028.9 12034.6 12039.2 12048.9 12049.3 12046.2 12044.1 12042 12042.4 12043.8 12044.8 12045.3 12045.2 12056.7 12068.5 12066.4 12050.8 12035.3 12031.4
12038.8 12036.4 12034.7 12033.3 12031.8 12031.5 12029.1 12026.9 12027.1 12031.3 12033.8 12035.8 12038 12042 12045.6 12050.7 12057.3 12065.1 12072.3 12064.2 12048 12041.8 12038.9 12037 12036.4 12036.3 12036.3 12036.2 12031.8 12028.6 12024.2 12020.1 12019.6 12014.2 12006 11992 11990.4 11994.2 11999.1 12003.9 12008 12013.2 12018.7 12024.5 12029.3 12029.5 12027.1 12033.1 12040.6 12046.5 12048.4 12053.7 12053.3 12049.7 12047 12045 12043.9 12042.3 12040.9 12038.9 12038.9 12060.5 12063.6 12055 12044.4 12034 12030.4
12042.3 12040.6 12038.8 12036.5 12033.1 12028.4 12031 12032.4 12034.3 12035.4 12036.8 12038.4 12040.3 12043.2 12047.5 12052.7 12058.9 12065.2 12069.9 12059.6 12049.6 12045.2 12042 12039.8 12038.6 12038.4 12038.7 12037.8 12027.9 12025.1 12022.9 12020.3 12018.7 12006.9 11990.4 11980.5 11983 11989.6 11998.5 12007 12013.8 12020.4 12026.4 12031.9 12038.3 12037.3 12038.3 12042.7 12048.6 12057.2 12057.7 12060.9 12056.3 12052.5 12049.1 12046.6 12044.1 12042.3 12041.3 12040 12043.3 12059.1 12049.4 12039.7 12038.9 12038.1 12033.1
12051.4 12046.9 12044.3 12041.6 12038.1 12034.8 12035.3 12036.7 12039.3 12039.2 12039.4 12040.1 12041.6 12043.3 12047.6 12052.2 12057.1 12060.9 12061.9 12057.3 12052.4 12048.4 12044.8 12042.4 12040.7 12039.2 12038.2 12034.9 12027.9 12024.6 12022.4 12020.3 12017.2 12000.3 11985.5 11979 11977.7 11986.5 11998.3 12010.6 12018.9 12026.4 12033 12038.4 12041 12042.8 12041.8 12045.2 12052.3 12053.1 12051.5 12050 12051.9 12051.1 12049.7 12046.1 12044.4 12041.5 12039.7 12039.6 12042.6 12039.2 12024.5 12026.7 12033.7 12036.6 12034.1
12057.2 12053.7 12050.8 12048 12045.7 12043 12040.7 12040.1 12040.5 12040.5 12040.9 12041.6 12042.3 12043.7 12046.9 12050.5 12054.3 12057 12056.5 12060.8 12056.3 12050.2 12045.7 12042.1 12039.9 12038 12036 12033.3 12029.6 12023.9 12017.8 12009.3 11998.2 11986.2 11979.3 11960.4 11965.2 11989.2 12005.1 12015.9 12024.3 12032 12038.8 12044.3 12047.8 12045.5 12043.2 12043.6 12046.3 12044.7 12040.9 12041.4 12046.5 12048.2 12046.8 12044.8 12042 12039.8 12037.9 12036.2 12033.8 12025.5 12015 12022.2 12031.7 12036.6 12034.6
12064.3 12061 12056.5 12053.3 12052 12049.5 12045 12042.6 12040.9 12041 12041.9 12042.2 12042.5 12043 12045.4 12047.9 12050.4 12053.9 12062.2 12065 12056 12050 12045.8 12042.5 12040.6 12036.7 12033.9 12032.5 12030.4 12021.1 12005.6 11990.8 11976.7 11970 11961.6 11971.8 11990.1 12009.6 12017.4 12024.7 12031.3 12037.6 12042.6 12047.5 12049.3 12049.9 12049.7 12048.1 12043 12038.2 12035.8 12039.4 12047.1 12046.9 12045.9 12043.6 12041.6 12039.7 12037 12033.8 12029.7 12024.5 12024.5 12024.5 12030.3 12034.1 12033.5
12070.3 12065.9 12059.5 12055.9 12053.9 12050.2 12045.4 12043.2 12042.7 12043.1 12041.9 12042 12043.1 12043.3 12043.1 12044.3 12045.8 12045.9 12043 12045 12048.9 12046.5 12043.6 12040.8 12038.3 12036.6 12033 12029.3 12028.2 12012.2 11990.9 11980.9 11978.9 11978.2 11977.3 12016.4 12041 12034.8 12036.3 12040.4 12042.1 12043.7 12046.8 12049.1 12050.5 12052 12053.5 12046.1 12038.6 12030.9 12033.8 12048.4 12051.4 12048.5 12047.5 12045.5 12043.1 12041.4 12037.6 12032.5 12026.7 12022.1 12023.3 12025.4 12028.1 12030.8 12032.4
12067.7 12062.7 12058.8 12055.5 12052.7 12049.4 12045.5 12043.4 12041.7 12042.2 12039.9 12038.5 12040.4 12040.1 12039 12040.2 12042.2 12044.2 12044.4 12043.4 12042.7 12040.9 12038.4 12037.3 12035.1 12032.6 12030.4 12028.5 12015.6 11980.2 11979.8 11978.1 11987.9 12009.7 12028.8 12035.4 12043 12051.1 12050.9 12051.3 12050 12053.2 12054.4 12052.8 12054.2 12054.5 12052.5 12047.6 12032.5 12028.8 12033.2 12052.4 12052.4 12046.2 12045.9 12044.1 12042.4 12039.5 12036 12031.1 12026.2 12021.4 12021.5 12025.7 12028.1 12030 12031.2
12064 12059.3 12057.6 12053.9 12050.1 12047.6 12046 12043.5 12043.6 12041.7 12035 12029.7 12028.9 12030.2 12032.6 12035.9 12039.1 12042.4 12043.7 12041.6 12040 12038.2 12035.6 12031.5 12028 12027 12028.5 12011.9 11981.6 11982.4 11986.3 11990.3 12005.9 12027 12041 12043.2 12043.4 12053.7 12057.8 12059.3 12063.8 12063.8 12064.3 12057.7 12057.5 12055.8 12051.2 12043.9 12035.7 12032.7 12029.4 12034.5 12042.2 12042.7 12043.5 12043 12041.3 12038.8 12035.9 12032.3 12028.1 12023.5 12025.2 12028 12030.7 12030.8 12030.6
12069.7 12064.6 12059.1 12053.3 12047.3 12046.1 12043.8 12039.9 12038.8 12037.4 12026.2 12017.9 12009.6 12017.8 12026 12032.1 12036.3 12038 12038.4 12038.3 12037.5 12034.9 12031.1 12025.7 12019.3 12014.7 12002.6 11985.4 11994.6 12002.8 12003.3 12023.3 12029.3 12035.7 12044 12046.8 12045 12054.6 12061.7 12064.6 12063.8 12064.6 12067.1 12063 12060.3 12055.8 12049 12040.9 12034.6 12032.3 12027.7 12025.5 12034.9 12040.6 12043.3 12043.3 12039.3 12037.6 12035.3 12033.3 12031.7 12029.8 12028.3 12028.4 12028.8 12030 12030.5
12076.2 12068.7 12061.2 12053.7 12047 12043.3 12040.2 12030.7 12022.2 12013.8 12014.1 12011.1 12008.8 12015.1 12023.6 12030.3 12035.6 12039.6 12038.7 12038 12035.1 12032.3 12028.7 12022.7 12014.3 12002.5 11984.3 11994.4 12009.2 12010.9 12022.3 12037.5 12042.1 12039.8 12046.2 12051.1 12048.3 12055.6 12056.8 12055.6 12051.6 12055.5 12061.6 12055.6 12053.2 12048.8 12042.7 12034.9 12029.3 12027.8 12029.4 12035.2 12042 12044.4 12043.1 12038.6 12035.5 12032.3 12034.8 12032.6 12033.3 12031.3 12028.6 12028.4 12028.4 12030 12030.8
12077.2 12072.5 12062.4 12052.9 12044.5 12033.7 12026.4 12020.6 12011 12003.9 12009.1 12012 12013.6 12019.3 12025.7 12031.6 12036.5 12039.8 12040.5 12035.8 12029.8 12025.5 12021.3 12016.1 12014.3 12012 12014.5 12017.7 12015.3 12033.9 12042.2 12042.9 12048.9 12043.3 12048.6 12055.3 12060.1 12059.6 12045.3 12027.5 12020.5 12031.1 12050.7 12047.8 12034.5 12024.1 12023.8 12032.1 12028.8 12028.9 12034.5 12048.8 12050.7 12044.9 12035.7 12026.3 12017.4 12017.3 12022.5 12028.4 12032.4 12032.1 12031.4 12031.1 12032.1 12032.1 12032
12083.7 12072.9 12061 12049.2 12038.2 12028.4 12021.6 12017.3 12012.1 12010.8 12014.7 12020.1 12023.5 12026.7 12030.4 12033.8 12037.5 12040.2 12039.6 12031.2 12020.7 12015.2 12010.9 12011.7 12014.3 12020.8 12022.1 12028.5 12032.8 12043.3 12047.7 12047.8 12056.4 12048.1 12037.3 12038.3 12058.5 12054.8 12005.8 11966 11953.8 11971.3 12023.9 12028.4 11982.1 11967.8 11980.7 12022.7 12042.5 12038.3 12052.4 12062 12053.2 12033.6 12011.1 11994.9 11995.8 11995.2 12005.7 12018.9 12031.6 12035.5 12033.8 12033 12033.6 12033.5 12033.9
12070.1 12065.4 12057.8 12048.8 12039.8 12031.1 12025.1 12020.9 12018.2 12019.2 12021.4 12030.3 12034.9 12034.1 12033.9 12035 12037.1 12040.3 12038.2 12022.7 12005.4 11996.2 11990.8 11991.3 12003.2 12022.8 12024.7 12031.7 12042.9 12053.4 12057.5 12045 12029.2 12049 11966.8 11956.4 12002.7 12003.7 11905 11850.3 11832.2 11846.8 11865 11878.8 11862.4 11856.8 11880.7 11950.5 12033 12071.5 12084.7 12078.1 12055.4 12016.5 11969.9 11948.7 11951.5 11965.6 11985.9 12009.1 12030.3 12036.3 12037.1 12037.4 12036.3 12035.3 12032.3
12062.3 12060.7 12055.1 12050.1 12045.6 12042.7 12033.9 12027.3 12023 12019.3 12025.1 12037.2 12040.9 12038 12035.9 12036.1 12036.8 12034.9 12031.2 12006.5 11977.7 11955.7 11935.3 11938.7 11971.1 12029.3 12033.4 11995.5 11991.6 12012.3 12043.7 11983.5 11863.4 11793.7 11772.8 11769.6 11787.1 11770.1 11713.5 11668.5 11652.1 11673.1 11754.1 11716.4 11691.2 11694.4 11727.7 11788.7 11881 12076.3 12090.3 12056.9 12061 11960.8 11900.3 11882 11895.4 11922.6 11963.1 11998.4 12028.3 12040.8 12042.8 12044.5 12041.5 12038 12033.3
12048.7 12048.9 12047.7 12048.1 12046.8 12045.6 12039.1 12032.7 12028.8 12027.7 12032.5 12037.5 12038.4 12035.8 12034.3 12034.1 12033.5 12031.2 12019 11979.4 11932.4 11893.4 11865.1 11850.4 11872.8 11949.5 11958.3 11854.9 11786.8 11747.3 11823 11771.5 11610.9 11512.1 11517.1 11522.7 11521.5 11509.4 11470.1 11437.8 11423.1 11430.2 11444 11473.5 11479.1 11500.8 11544.2 11611.4 11746.1 12008.6 11980.9 11893.2 11838.6 11791.3 11777.9 11799.9 11839.4 11882.1 11937 11989.5 12028.2 12046.3 12046.7 12047.8 12044.4 12039 12032.9
12041.2 12040.4 12041.7 12045.8 12044.4 12041.1 12039 12036 12033.6 12034.3 12035.1 12035.9 12030.5 12022.6 12020 12023.9 12027.7 12030.7 12003.1 11937.1 11867.5 11803.5 11752.3 11716 11695.8 11670.8 11681.3 11606.1 11522.8 11468.4 11534.5 11483.7 11357.5 11278.8 11272 11266 11255.3 11236.1 11205.1 11184.8 11171.3 11166.7 11163.7 11206 11247.7 11294.8 11346.9 11427.9 11593.1 11787.1 11717.8 11626.3 11540.1 11563.8 11634.8 11710.6 11782.2 11846.4 11911.3 11977.6 12030.1 12049.9 12044.3 12049 12046.9 12028.1 12006.9
12038.5 12039.6 12041.2 12042.1 12043 12040.5 12038.5 12036.5 12035.5 12036.4 12035.9 12034.9 12016.2 11995.2 11985.4 11996.7 12023.6 12032.7 11967.8 11865.4 11767.4 11683 11608.6 11545.2 11493 11426.4 11388.5 11327.6 11251.6 11244.1 11281 11216.4 11124.3 11068.7 11049.8 11028.9 10997 10959.8 10944.2 10939.4 10926.2 10914.6 10921.8 10966.8 11022.2 11081.5 11146.9 11226.2 11385.7 11504.8 11421.3 11361.4 11313 11378.8 11516.2 11636.7 11733.5 11813.3 11891.4 11970 12033.6 12051.8 12044.5 12050.9 12042.2 12009 11975.9
12035.4 12036.6 12038.7 12039.2 12040 12039.3 12036.6 12034.4 12033.5 12034.1 12033.3 12025.2 11987.4 11943.2 11911.8 11913.5 11972.4 11989.3 11872.8 11746.4 11635.9 11535.6 11445 11362.6 11296.8 11222.6 11141.5 11076.8 11006.1 11000.9 11013.3 10981.9 10949 10894.9 10853.5 10818 10775.3 10725 10718.4 10726.3 10718.7 10691.8 10683.4 10753.2 10813.2 10869.6 10930 11006 11117.8 11203 11133.1 11153.2 11177.5 11289.3 11467.8 11600.2 11700.6 11782.3 11852.1 11925.1 12016.8 12010.9 12022.7 12044.8 12024.6 11966.1 11927.7
12031.5 12030.7 12031.2 12031.2 12035.4 12036.7 12032.1 12030.5 12029.5 12028.3 12025 12014.1 11942.1 11856.9 11783.8 11740.2 11736.3 11753.9 11679.5 11570.3 11462.6 11360.7 11263.4 11168.2 11080.5 10990.7 10920.2 10864.3 10809.3 10801 10812.5 10774.2 10737.8 10701.8 10669.2 10635.6 10597.2 10562.7 10551.3 10556.1 10556.2 10549.6 10557.9 10592.3 10634.4 10669.7 10707.6 10752.3 10825.2 10876.8 10877.7 11019.6 11185.3 11356.2 11489.7 11594.1 11675.2 11738.6 11796.5 11823.5 11821.6 11868.8 11854.7 11880.3 11896.8 11872.8 11860.3
12025.3 12023.5 12023.4 12019.6 12017.8 12022.4 12028.9 12032.6 12033.5 12028.6 12020.3 11992.3 11870.2 11735.6 11611.7 11510.6 11458.8 11485.8 11434.8 11351.4 11261 11167.5 11074.3 10977.5 10874 10772.4 10727.3 10686.8 10652.3 10651.7 10646.7 10592.8 10506.5 10504.2 10497.8 10478.8 10453.9 10429.4 10419.7 10421.6 10428.8 10439 10450.8 10464.9 10483 10495.9 10500 10509.1 10571.2 10624.5 10706.9 10948.1 11214 11435 11519.1 11587.6 11644.3 11699.7 11741.4 11756.7 11748 11747.7 11722 11695.1 11704.7 11755.4 11779.5
