real_craters/C196-300m.grd
DSAA
630 630
-94.325 94.325
-94.325 94.325
6856.5034010915 12514.895742073
[rows 360 to 389 of 630, columns 201 to 267 of 630]
12013.6 12015.8 12017.5 12018.9 12020 12020.9 12021.2 12021.2 12020.8 12018.1 12017.1 12020.1 12024.5 12030.1 12035.9 12041.9 12047.8 12053.6 12060.2 12067.2 12073.9 12083.2 12091.1 12099.5 12107.6 12114.6 12122 12130.6 12139.9 12152.5 12165.3 12180.8 12192.8 12193.8 12161.7 12101.8 12034.4 11965.8 11894.1 11820.9 11753.2 11687 11621.5 11559.9 11498.7 11439.4 11385.1 11330.4 11278.6 11229.3 11187 11138.5 11114.3 11108.1 11150.3 11210.9 11275.9 11309 11323 11342.1 11352.6 11333 11274.7 11202 11126.5 11053.9 10984.4
12016.5 12018.2 12019.8 12021.2 12022.4 12023.2 12023.7 12023.6 12022.2 12019.3 12017.2 12020.2 12024.6 12029.7 12034.8 12040.1 12045.1 12050 12055.5 12061.4 12068.5 12075.2 12081.2 12089 12096.7 12104.8 12111.7 12119.5 12128.8 12142.9 12163 12184.2 12201 12204.5 12171.7 12118.7 12060.3 11999.5 11933.2 11857.4 11793 11727.6 11663 11599.2 11535.9 11472.1 11412.7 11357.1 11302.6 11254.2 11205.8 11151.4 11119.8 11114.7 11151.4 11202.8 11252.7 11279.7 11319.2 11358.5 11396.6 11388.9 11307.2 11223.5 11145.4 11072.1 11003.7
12019.2 12020.9 12022.6 12024 12025.1 12026 12026.6 12026.6 12024.9 12021.7 12020.2 12022.2 12026 12030.5 12034.9 12039.5 12044 12048.6 12052.8 12056.2 12060.1 12065.1 12072.3 12079.8 12087.2 12094.9 12101.7 12108.1 12115.4 12128.1 12155.4 12182.4 12203.8 12208.5 12172.2 12126.2 12078.2 12025 11968.1 11899.5 11836.8 11773.4 11709.8 11646.2 11580.8 11516.8 11454.7 11393.7 11335.4 11275.9 11214.5 11164.6 11129.4 11127.8 11152.6 11188.9 11216.1 11250.2 11299.2 11342.6 11382.7 11385 11299.9 11221.2 11150.3 11080.8 11014.9
12020.3 12023.3 12025.5 12026.9 12028 12028.8 12029.4 12029.7 12027.7 12024.2 12022.9 12024.9 12028.3 12032.4 12036.5 12040.3 12044.1 12047.8 12050.9 12052.4 12054.3 12057.8 12065.1 12073 12079.8 12086.9 12093.3 12099.7 12106.6 12120.3 12147.8 12176.7 12202.1 12211.5 12176.5 12135.6 12097.4 12050.4 11994.7 11930.8 11870.3 11807.7 11744.8 11681.2 11616.3 11552.3 11490.2 11426.6 11362.3 11293.7 11235.5 11181.9 11143.9 11141.3 11157.4 11187.3 11211.2 11239.6 11275.8 11301.8 11310.4 11286.6 11249.6 11197 11141.3 11082.1 11022.3
12023.3 12026.7 12028.9 12030 12030.8 12031.5 12031.9 12031.8 12029.9 12026.9 12025.8 12028.3 12031.4 12035 12038.6 12041.9 12044.8 12047.1 12048.9 12050.5 12051.8 12054.1 12061.2 12067.9 12074.6 12081.1 12087.8 12094.9 12102.8 12116.9 12139.9 12165.7 12191.3 12204.4 12183.9 12153.1 12115.6 12071.3 12020.7 11960.9 11903.4 11843.8 11781.7 11719.4 11656 11591.8 11526.8 11459.8 11395 11326.2 11263.4 11202.9 11162.5 11153.2 11166.2 11195.9 11224.9 11242.1 11255.9 11260.1 11244.6 11203.8 11195.7 11167.1 11126.1 11077.1 11024.8
12028.8 12031.3 12032.6 12033.3 12033.7 12033.9 12034.2 12034.4 12032.9 12030.9 12030.6 12032.6 12035.4 12038.3 12041.4 12044.3 12046.7 12048.3 12049.4 12051.4 12053.2 12056.1 12059.8 12065.1 12071.2 12077.5 12084.3 12092.4 12101.2 12113.1 12129.3 12148.1 12167.8 12181.1 12182.5 12169 12130.8 12087.3 12039.6 11984.5 11931.4 11874.7 11814.6 11753.6 11691.3 11627.5 11562.7 11493.8 11427 11358.9 11293.4 11232.7 11188.7 11174.1 11176.1 11198.6 11237.2 11241.3 11239.9 11233.4 11213.8 11184 11170.2 11148.1 11114 11072.3 11025.7
12033.9 12035.8 12036.4 12036.7 12036.6 12036.3 12036 12035.9 12036.1 12036.3 12036.8 12037.8 12039.8 12042.2 12044.8 12047.4 12049.9 12052 12054 12054.6 12054.7 12055.9 12058.8 12063 12068.4 12074.2 12081.3 12089.7 12098.6 12107.1 12116 12125.7 12135.9 12148.4 12166.6 12169.6 12135.8 12096.3 12052.5 12002.4 11950.9 11896.7 11840.4 11781.4 11721.4 11659.1 11594.8 11529.9 11464.8 11397.3 11330.4 11269.6 11222.4 11195.3 11186.2 11197.1 11213.6 11225.3 11226.8 11219.7 11206.2 11186.4 11167.7 11141 11107.6 11068.3 11025.5
12037.1 12039.2 12039.8 12039.5 12039 12038.4 12037.4 12037 12038.9 12041.1 12042 12042.6 12044.1 12046 12048.2 12050.7 12053.4 12056.1 12058.5 12058.5 12057.2 12055.6 12058.3 12061.4 12065.4 12070.5 12077.4 12086 12095.2 12099.4 12102.1 12104 12104.7 12116.2 12140.6 12147.5 12128.9 12098.7 12060.4 12016.5 11969.4 11917.6 11862.3 11805.4 11746.7 11687.5 11626.4 11565.8 11502.7 11438.3 11372.9 11311.9 11259.5 11225.1 11205.4 11203 11206.8 11215.6 11219 11214.5 11206.9 11197.8 11174.7 11139.5 11103.1 11064.8 11025
12040 12042.5 12043 12042.6 12041.7 12040.9 12040 12039.7 12041.9 12043.7 12045.5 12046.7 12047.9 12049.3 12051.1 12053.4 12056.2 12059.4 12062.9 12062.3 12059.9 12059.8 12059.4 12059.4 12061.9 12065.7 12071.6 12079.6 12088.7 12090.6 12090.6 12089.6 12087.3 12098.4 12121.2 12125.8 12120.7 12101.8 12070.1 12030.1 11984.1 11935.2 11882.3 11826 11769.4 11716.2 11658.1 11599.9 11542.5 11482.5 11420.6 11362.3 11307.1 11267.5 11238 11220.8 11214.6 11218.7 11219.6 11214 11207.3 11198.2 11174.4 11135.7 11098 11061.2 11024.3
12044 12046.3 12046.1 12045 12043.9 12043.4 12043.8 12045 12046.4 12047.6 12049.4 12050.5 12051.2 12052 12053.2 12054.8 12057.2 12060.5 12064.3 12063.3 12059.3 12057 12056.2 12055.7 12057.2 12060.1 12064.4 12069.9 12076.1 12080.8 12083.2 12084.9 12089.7 12099.9 12120.2 12128.5 12127.1 12111.6 12082.6 12044.4 12000.1 11951.1 11899.8 11848.7 11795.7 11741.3 11686.6 11635.7 11579.9 11526.9 11472.3 11421.3 11370.2 11320.7 11277.1 11251.9 11236.4 11235.3 11230.4 11219 11204.3 11187.7 11162 11127.1 11092 11058.8 11025.5
12048.2 12050.3 12048.7 12046.5 12044.9 12044.6 12046.2 12049.1 12051.7 12053.4 12054.1 12053.8 12053.4 12053.4 12053.8 12054.8 12056.3 12058.2 12060.2 12059 12055.1 12051.8 12050.8 12051.5 12053.1 12055.2 12057.8 12061 12065.9 12074.9 12081.2 12085.2 12091.4 12108.3 12133.6 12147.9 12147.5 12129.9 12099.3 12060.1 12017.4 11970.7 11921.8 11870.7 11819 11767.8 11716.4 11667 11617 11572.7 11525.6 11482.5 11435.2 11386.6 11339.1 11303.6 11276.6 11265.7 11250.2 11228.6 11203.3 11173 11138 11115.3 11087.2 11061 11031.9
12052.7 12053.8 12050 12046.3 12043.9 12043.4 12045.3 12050.5 12056.6 12059.7 12058.4 12056.2 12054.5 12053.5 12053.2 12053.5 12053.8 12054 12053.3 12051.5 12049.7 12047.6 12047.5 12048.2 12050.1 12052 12054.3 12057.3 12064.4 12076.7 12087.3 12093.6 12099.3 12123 12154.3 12175 12175.6 12152.8 12118.9 12078.5 12035 11989.2 11939.4 11891.5 11842.5 11793.2 11743.5 11696.5 11653.6 11615.3 11577.2 11541.9 11499.1 11454.9 11410.8 11372.4 11333.8 11308.6 11279.6 11247.6 11211.3 11172.6 11132.8 11112.9 11090.7 11069.8 11044.5
12056.3 12053.6 12048.3 12044 12041 12039.6 12041.5 12049 12060.2 12064.6 12060.3 12056.5 12054 12052.5 12051.6 12051 12050.5 12049.7 12047.9 12046.1 12045.5 12044.6 12044.5 12046.4 12048.7 12050.9 12053.5 12058 12068.9 12086 12102.4 12116.1 12129.1 12148 12176.8 12196.6 12196.7 12171.8 12135.2 12096.1 12053.4 12006.2 11959.8 11914 11864 11819.3 11774.1 11729.9 11687.7 11652.9 11621.7 11597.6 11558.4 11516.9 11475.5 11444.4 11399 11358.4 11316.9 11275.9 11232.1 11189.4 11147.4 11124.6 11105.4 11088.2 11065.5
12055.8 12048.5 12043.9 12040 12036.6 12034.1 12033.5 12042.1 12054.8 12060.5 12056.1 12053.1 12051.2 12049.8 12048.9 12048.1 12047.3 12046.2 12044.8 12043.6 12043.5 12043.8 12044.1 12046.5 12049.1 12052.1 12056 12062 12077.3 12099.9 12123.2 12143.9 12160.1 12174.1 12195.6 12209.5 12208.3 12183.5 12148.9 12110.6 12069.8 12027.2 11983.4 11938.7 11891.2 11845.8 11801.2 11756.4 11716.3 11680.6 11652.7 11633.3 11598.3 11565.5 11534 11512.5 11457 11406.7 11358.2 11313.1 11264.8 11219 11171.3 11149.7 11133 11116.7 11095.6
12049.1 12043.1 12039.1 12035.4 12032.1 12029.5 12028.9 12032.9 12036.9 12043 12046.7 12047.2 12046.7 12045.9 12045.2 12044.4 12043.8 12043.2 12042.8 12043 12043.1 12044.5 12046.5 12047.6 12050.3 12054.5 12061.1 12071 12088.9 12114.3 12144 12173.3 12189.1 12194.1 12207.2 12214.2 12210 12187.6 12155.4 12118.5 12079.9 12038.3 11998.2 11955.1 11911.3 11867.2 11826.4 11781.2 11739.4 11698.6 11665.4 11635.5 11613 11596.5 11579.1 11549.5 11497.2 11449.5 11404.9 11357.7 11309.6 11263.2 11216.7 11189.7 11171.5 11153.3 11131.3
12042 12038.6 12034.4 12030.8 12028 12026 12025.8 12027.4 12028.4 12033.7 12038.7 12040.9 12041.5 12041.5 12041.1 12040.5 12040.1 12040 12040.5 12041.6 12042.6 12044.1 12045.3 12048.5 12051.2 12055.8 12065.1 12080.8 12097.3 12121.9 12155.7 12195.7 12208.7 12202.3 12208.5 12211.2 12205.8 12185.4 12155.5 12121.3 12085.2 12047.8 12009.6 11971.2 11929.6 11884.4 11843.8 11803.7 11757.3 11713.8 11673.8 11638.4 11623 11613.4 11593.4 11563.5 11527.2 11487.2 11453.9 11410.1 11364.9 11322.3 11276 11243.9 11220.3 11196.6 11172.1
12036.1 12031.6 12028.2 12026.2 12024.6 12023 12022.4 12025 12028.8 12030.8 12033.6 12035.8 12036.9 12037.2 12037 12036.5 12036.1 12036.2 12037.2 12039.7 12041.1 12043.5 12049.4 12050.8 12050.1 12053 12061.1 12076.1 12093.1 12116.1 12146.6 12183 12195.4 12191.6 12198 12199.5 12194.9 12176.3 12150.6 12120.7 12088.2 12054.9 12019.2 11982.2 11945.2 11904.5 11862.5 11825.6 11776.1 11732.8 11689.9 11655.9 11643 11633.1 11606.6 11577.9 11564.4 11538.3 11512.7 11471.3 11430.6 11388.5 11351.7 11313.4 11276.3 11245.8 11218.9
12026.1 12022.8 12021.5 12022.1 12022.7 12023 12023 12023.5 12024.4 12027.5 12030.1 12032 12032.9 12033.2 12033 12032.5 12032 12031.8 12032.1 12033.3 12034.9 12038.4 12045.9 12047.2 12044.8 12046.3 12050.6 12060.4 12079.5 12099.9 12119.9 12137.9 12157.3 12167.1 12179 12179.3 12171.3 12159 12143 12118.4 12093.1 12063.7 12030.9 11996.8 11960.9 11925.6 11886.1 11847.3 11803.9 11760.8 11717.1 11687 11679.7 11672.7 11650 11628.5 11621.3 11604.3 11581.2 11542.3 11498 11452.8 11412 11369.6 11328.3 11296.4 11269.7
12016 12016 12016.9 12019.4 12022.1 12024.5 12025.2 12024.2 12023.7 12026.1 12028.1 12029.2 12029.7 12029.7 12029.4 12028.7 12027.8 12026.9 12026 12025 12026.1 12029.1 12031.1 12031.9 12036.6 12039.2 12042.2 12050.4 12067.6 12084.1 12095.8 12103.4 12126.2 12143.9 12160.2 12160.7 12152.7 12144.9 12136.5 12118.8 12098.1 12074.4 12046.1 12016 11983.6 11951.2 11915.9 11879.2 11841.2 11798.8 11759.4 11736.7 11737.3 11738.3 11728.3 11713.7 11711.1 11691.8 11664.3 11620.8 11568 11512.9 11458.9 11405.6 11373.9 11346 11320.8
12012.4 12012.5 12013.9 12018.2 12022.7 12025.4 12027.4 12027.6 12026.8 12026.8 12027 12027.2 12027.2 12026.8 12026.4 12025.5 12024.4 12022.7 12020.8 12018.9 12019.1 12021.7 12024.7 12028.6 12032 12035.2 12038.9 12047.5 12062 12076.5 12087.4 12096.2 12115 12130.8 12148 12150.2 12146 12140.9 12137.7 12122.8 12105.8 12084.6 12061.7 12035.5 12007.3 11980.2 11949.9 11918.7 11887.1 11852.3 11820.5 11807.6 11815.2 11825.6 11829.1 11834.7 11827.3 11799 11759 11704.4 11641.1 11576.4 11514.1 11456.5 11426.1 11400.8 11377.4
12014.7 12012.9 12013.2 12018.7 12024.9 12031 12031.1 12031.2 12030.4 12027.6 12026.2 12025.7 12025.2 12024.9 12024.2 12023 12021.7 12019.8 12017.4 12014.6 12014 12017.7 12022.5 12027.5 12031.1 12034.9 12039.9 12048.8 12061.7 12076.3 12091.8 12106 12116.2 12127.5 12143.3 12147.6 12147.6 12144.4 12142.5 12131.2 12116.7 12097.7 12077.5 12056.3 12033.7 12010.4 11987.4 11963.7 11940 11917.1 11897.5 11893.8 11905.6 11923 11936.3 11964.2 11960.5 11918 11858.3 11787.4 11715 11643.3 11579.1 11525.6 11487.6 11462.1 11441.8
12018 12016.5 12016.7 12020.8 12025.7 12030.2 12030.7 12029.6 12028.3 12026.2 12024.8 12023.9 12023.4 12023 12022.5 12021.6 12020.5 12018.8 12016.4 12013.5 12012.6 12017 12022.6 12027.8 12032.7 12037.3 12042.4 12051.9 12064.3 12078 12093.4 12108.5 12118.5 12128.9 12141.8 12150.9 12155.8 12155.5 12152.1 12141.7 12127.5 12111.7 12094.1 12076 12058.2 12040.1 12023.5 12008.7 11996.2 11987.3 11983.7 11984.2 11996.8 12020.5 12052.6 12115.3 12112 12036.5 11949.9 11867.4 11786.8 11710.8 11641.5 11582.9 11545.3 11525.1 11510.3
12022 12020.7 12021.2 12022.1 12024.6 12027 12027 12025.9 12024.8 12023.5 12022.5 12021.9 12021.8 12021.8 12021.6 12021.2 12020.6 12019.6 12018.1 12016.2 12015.8 12020.1 12026 12030.9 12037.3 12043.2 12048.6 12057.9 12069.1 12080.4 12091 12104.3 12119.5 12132.2 12145.6 12156.9 12167 12168.4 12164.8 12154.1 12140.3 12125.3 12109.6 12095 12081.6 12069.2 12061.1 12053.8 12049 12052.8 12060.7 12062.8 12074 12098.3 12140.7 12217.2 12220.7 12120.4 12020.5 11933.3 11851.4 11774.4 11702 11633.6 11602.5 11591.5 11581.6
12023.3 12021.5 12020.3 12020.4 12021.5 12022.6 12022.1 12021.8 12020.8 12020.2 12019.8 12019.9 12020.2 12020.6 12021.1 12021.3 12021.9 12022.2 12022.2 12021.9 12021.8 12026.8 12033.2 12039.3 12044.7 12051.5 12060.5 12067.3 12076.1 12085.9 12094.9 12107.8 12123.3 12137 12150.4 12163.7 12177.8 12185.6 12179 12166 12151.6 12137.1 12123.7 12112.3 12101.9 12094.6 12091.7 12090.6 12094.3 12104.2 12117.9 12119 12127.9 12148.4 12172.7 12219.1 12219.2 12143.2 12059.4 11980.4 11907.2 11837.4 11770.7 11705.8 11676.2 11669.2 11659.8
12019.9 12018.5 12017.6 12017.2 12016.6 12016.1 12015.7 12015.7 12015.5 12015.9 12016.6 12017.7 12018.5 12019.4 12021 12022.4 12024 12025.8 12027.9 12030.7 12034.5 12038.6 12042.1 12046.5 12050.5 12055.7 12064.9 12073.4 12083.8 12094.9 12104.9 12117 12130.1 12142.4 12153.9 12167.3 12184.4 12198.6 12188.9 12172.6 12157.6 12145.1 12134.3 12125.3 12118.4 12114.6 12115.4 12118.5 12125.7 12136.9 12146.9 12150.4 12155.3 12162.1 12167.5 12177.5 12158.9 12125.6 12073.1 12012.3 11954.8 11899.3 11849.9 11803.8 11775.9 11761.7 11744
12015.2 12014 12014.1 12013.2 12011.5 12009.8 12008.5 12008.8 12009.4 12011.2 12013 12015 12017.1 12019.2 12021.5 12023.8 12026.4 12029.5 12033.3 12038.5 12045.8 12048.8 12048.5 12050.7 12052.6 12054.9 12062.4 12075.9 12090.9 12106.1 12119.7 12128.9 12137.4 12145.4 12154.6 12164.6 12178.4 12189 12181.9 12169.4 12157.5 12148 12140.5 12134.4 12130.8 12129.6 12134 12138.6 12146.9 12156.6 12162.5 12164.9 12166.2 12168.2 12162.9 12149.5 12124.3 12108 12076.7 12034.6 11995.7 11959 11929.8 11911.1 11891.8 11859 11826.7
12010.9 12009.6 12009.2 12008.4 12007.5 12005 12001.4 12000.1 12003.4 12006.8 12009.6 12012.3 12014.9 12017.8 12020.7 12023.8 12027.9 12031.9 12036.6 12042 12047.4 12049.6 12050 12049.4 12049.3 12052.3 12061.7 12078.3 12097 12115.8 12132.4 12138.2 12142.4 12146.5 12151.8 12157.3 12163.6 12165.4 12161.6 12158.6 12152.7 12147.4 12143.6 12140.7 12140.5 12141.2 12145.8 12151.4 12160 12169.6 12172.3 12169.2 12165.3 12164.7 12152.8 12135.9 12122.2 12102.6 12080.8 12053.7 12029.1 12008.5 11996.9 11998.3 11995.3 11942.4 11898.6
12007.8 12006.7 12005.9 12005.3 12004.8 12002.1 11997.9 11996.4 12000 12003.8 12007.3 12010.5 12013.6 12017.4 12020.4 12024.3 12028.3 12032.9 12038.1 12043.2 12047.1 12049.3 12050.7 12049.2 12048 12050.7 12061.7 12081 12101.9 12121 12135.2 12141.3 12143.5 12144.1 12145.6 12147.3 12148.2 12145.8 12143.6 12146.6 12146.6 12145.5 12144.9 12145.2 12146.4 12149.3 12154.5 12159.7 12167 12174 12173.2 12165.9 12154.5 12138.7 12132.5 12120.9 12104.4 12093.7 12083.3 12068.2 12055.3 12045.1 12040.1 12041.7 12030.6 11993.9 11953.3
12005.9 12005.2 12004 12003.1 12003.2 12001 11998.5 11997.9 11999.4 12002.6 12005.9 12009.2 12012.6 12016 12019.8 12023.6 12027.8 12032.7 12038.1 12043.9 12049.7 12054.2 12053.7 12051.8 12050.4 12052.6 12064.8 12084.7 12106.3 12126.4 12138.7 12141.3 12139.7 12138.4 12137.7 12137.1 12136.2 12134.8 12134.6 12137.3 12139.7 12141.5 12144.3 12147.3 12150.1 12154.5 12158.6 12162.8 12165.9 12165 12165.2 12160.9 12148.4 12134.4 12126.3 12114.7 12096.4 12089.4 12087.8 12082.2 12075.2 12068.4 12064.6 12061.4 12049.3 12022.6 11989.7
12004.3 12003.9 12002.5 12001.4 12002.1 12000.4 11998.7 11998.4 11999.9 12002.2 12005.3 12008.2 12011.2 12015 12018.5 12022.5 12026.8 12032.1 12037.6 12043.9 12050.6 12056.3 12056.7 12056 12056 12058.9 12070.9 12088.5 12108.3 12129.2 12140.8 12137.7 12133 12129.9 12128.1 12126.2 12125.2 12126.2 12128.6 12128.8 12130.7 12134.2 12138.5 12143 12148.5 12154.4 12159.4 12163.5 12164.7 12161.9 12162 12161 12152.4 12143.9 12131.6 12121.2 12113.5 12104.5 12100 12097.4 12090.2 12084.1 12079.7 12073.2 12061.6 12039.9 12012.5
