real_craters/C196-300m.grd
DSAA
630 630
-94.325 94.325
-94.325 94.325
6856.5034010915 12514.895742073
[rows 570 to 599 of 630, columns 134 to 200 of 630]
12146.5 12148.7 12151.7 12153.9 12150 12133.5 12117.2 12103.2 12091.6 12082.4 12078.9 12080.5 12085.7 12093.4 12100.4 12106.4 12110.7 12110.8 12110.4 12110 12109.8 12110.5 12111.1 12110.2 12109.3 12108.9 12108.6 12108.7 12108.7 12109.3 12110.1 12111.2 12112.4 12113.9 12115.6 12117.5 12119.7 12120.8 12120.5 12119.5 12118.2 12116.7 12115.2 12113.6 12111.7 12109.5 12107.1 12104.9 12102.9 12100.7 12099.1 12096.8 12093.8 12091 12089.1 12087 12085.5 12084.3 12083 12081.6 12080.6 12078.8 12076.6 12074 12071.8 12067.3 12063
12147.8 12148.2 12150.3 12154.6 12147.4 12125 12110.2 12098.3 12089.9 12085.9 12081.3 12084.8 12092 12100.2 12107.5 12113.3 12115.5 12115 12113.7 12112 12111.6 12112.4 12113.5 12112.4 12111.6 12111.4 12111.4 12111.7 12112 12112.8 12113.7 12114.9 12116.3 12117.9 12119.8 12122.1 12124.6 12125 12124.7 12123.5 12122.1 12120.7 12119.1 12117.5 12115.5 12113.1 12110.3 12107.8 12107.2 12106.3 12105.4 12101.7 12097.7 12094.4 12092.3 12090.6 12089 12088 12086.5 12085.9 12084.7 12083 12080.6 12077.6 12074.6 12070.5 12065.9
12147.8 12144.8 12141.3 12135.1 12113.8 12108.9 12100.8 12092 12085.2 12082.9 12081.3 12091.1 12100.2 12107.6 12114.4 12120.4 12121.3 12116.3 12113.1 12112.2 12111.6 12111.9 12112.7 12112.9 12113.1 12113.5 12114 12114.6 12115.4 12116.4 12117 12118.2 12119.7 12121.3 12123.3 12125.5 12127.6 12128.3 12128.3 12126.7 12125.5 12124.5 12123.3 12121.9 12120 12117.6 12114.7 12112.6 12112.5 12111.9 12109.5 12104.7 12100.4 12098 12095.4 12094.7 12093.3 12092.2 12091.5 12089.9 12088.4 12086.2 12083.4 12079.6 12076.6 12073.3 12069.4
12145.6 12139.8 12131 12117.9 12104.7 12100.2 12094.9 12087.8 12080.8 12080.9 12094.6 12104.6 12110.7 12115.3 12119.7 12123.3 12121.9 12116 12112.4 12111.8 12111 12110 12110.6 12112.8 12114.2 12115.4 12116.6 12117.4 12118.5 12119.7 12120.8 12121.7 12123 12124.5 12126 12127.8 12130.2 12129.8 12128.8 12128.4 12128.3 12128 12127.4 12126.6 12125 12122.9 12120.3 12118.3 12117.8 12116.1 12109.3 12105.1 12102 12100 12098.5 12097.4 12095.9 12095 12093.5 12091.8 12089.3 12088.7 12086.5 12082.8 12080.2 12077.5 12074.3
12144.5 12136 12125.7 12113.5 12103.6 12099.2 12094.4 12089.3 12084.5 12094.2 12120.8 12122.1 12121.7 12122.1 12123.3 12124.2 12121.4 12116.2 12113.2 12112.2 12111.4 12110.6 12111.4 12113.8 12115.9 12117.7 12119.3 12120.3 12121.6 12123 12124.2 12124.9 12126 12127.1 12127.9 12128.6 12128.1 12127.4 12128.1 12129.7 12130.9 12131.4 12131.5 12131.1 12130.2 12128.6 12126.1 12123.4 12121.1 12117.2 12106.3 12104.3 12102.8 12101.6 12100.5 12099.6 12097.7 12096.2 12095.1 12093.6 12090.6 12089 12088.2 12086.3 12085.9 12083.5 12080.9
12144.2 12134.7 12124.8 12114.9 12109 12101.7 12097.3 12096.4 12099.1 12117.7 12139.6 12133.4 12128.7 12126.2 12125 12124.2 12120.8 12117 12114.7 12113.7 12113.2 12113.1 12114.2 12116.2 12118.3 12120.2 12122 12123.7 12125.2 12126.7 12127.1 12128.3 12129.5 12130.2 12130.4 12130.1 12128.7 12128.3 12129.9 12132.1 12134 12135.2 12135.6 12135.6 12135.2 12134.4 12132.4 12127.3 12121.2 12114.9 12106.9 12104.8 12103.9 12103.2 12102.3 12101.4 12101.4 12100.6 12098.3 12097.4 12095.5 12094.1 12093.3 12092.6 12091.9 12090.3 12087.8
12145 12135.2 12125.1 12115.9 12108.4 12099.1 12100.3 12104.9 12114.1 12128.3 12137 12133.5 12130 12127.2 12124.6 12122.8 12119.9 12117.4 12116.2 12115.8 12115.6 12116.1 12117.4 12119.2 12121.3 12123.3 12125.4 12126.9 12128.7 12130.2 12131.6 12132.6 12133.8 12134.2 12134.2 12133.7 12133.3 12134 12133.9 12136.3 12138.3 12139.4 12139.8 12140 12139.8 12139.1 12136.6 12129 12119.1 12111.8 12107.8 12106.8 12106.4 12106.4 12105.7 12104.9 12103.4 12102.8 12101.6 12100.1 12099 12097.9 12096.9 12096.8 12096.4 12095.5 12094.9
12146.8 12136.3 12125.9 12114.7 12100.8 12097 12104.9 12110.8 12116.9 12117.4 12122.6 12127.4 12127.9 12126.2 12123.4 12120.1 12119.7 12118.6 12118.5 12118.8 12118.6 12119.2 12120.9 12122.9 12125.1 12127 12129.1 12131.1 12132.8 12134.4 12135.9 12137.1 12138 12138.5 12138.6 12138.6 12138.2 12138.7 12140.5 12142.8 12143.5 12143.9 12143.8 12143.6 12143.4 12142.7 12139.5 12129.7 12118.4 12112.1 12110.3 12110.7 12110.7 12110.9 12110.3 12108.8 12107.5 12105.9 12104.6 12102.5 12101.2 12100 12099.8 12100.1 12100.6 12101.1 12101
12149.5 12138.8 12129.3 12118.8 12110.9 12113.4 12113.7 12116 12117.5 12113.2 12117.4 12123.7 12126.2 12126.2 12124.4 12122.3 12122.1 12121.8 12122.1 12122.3 12122.6 12123.1 12125.2 12127.3 12129.5 12131.7 12133.8 12135.9 12137.7 12139.1 12140.5 12141.8 12142.6 12143.3 12143.8 12144.1 12143.9 12144.5 12148.9 12150.5 12149.3 12148.7 12147.1 12146.2 12145.6 12145 12141.9 12130.6 12119.2 12115.3 12116 12117.2 12116.4 12115.8 12114.4 12112.6 12110.6 12108.5 12106.2 12104 12102 12100.8 12100.7 12101.2 12103.4 12105 12106.3
12151.9 12142.8 12134.5 12127.7 12124.7 12123.7 12122.2 12121.8 12121.1 12116.7 12120 12124.6 12127.5 12128.4 12127.9 12127 12126.6 12126.4 12126.8 12127 12127.6 12128.7 12130.1 12131.7 12134 12136 12138 12139.9 12141.7 12143.9 12144.8 12146.1 12147.9 12148.3 12149.3 12150.3 12150.7 12151.1 12153.1 12154.1 12154 12152.3 12150.4 12148.8 12147.2 12144.9 12140.6 12131 12121.5 12120.4 12123.3 12125 12122.3 12120.4 12117.9 12115 12111.6 12108.8 12105.9 12103 12100.4 12100.7 12099.8 12100.3 12102.4 12105.9 12110.5
12152.3 12145.7 12140 12135.1 12131.9 12129.8 12129.7 12128.6 12125.9 12125.3 12126.7 12129.3 12131.6 12132.5 12132.5 12132.1 12132 12131.9 12132 12132.3 12133.1 12134.2 12135.4 12136.6 12138.1 12139.6 12141.3 12142.8 12146.1 12147.6 12149.5 12151 12152.2 12153.7 12155.7 12156.6 12157.5 12157.9 12159.3 12160.4 12158.9 12156.4 12153.4 12149.9 12146.5 12143 12138.7 12132.8 12125.7 12127.2 12129.5 12130.5 12129 12127.6 12124.6 12121.3 12117.6 12113.9 12110 12106.6 12100 12097 12095.7 12095 12097.1 12100.7 12109
12151.1 12146.9 12143.6 12140.7 12138 12136.4 12138.8 12138.6 12136.8 12134.4 12135.4 12136.1 12137.5 12138 12137.8 12137.1 12136.6 12136.7 12137.3 12137.8 12139 12140 12140.8 12142 12142.7 12143.8 12145.8 12146.5 12148.8 12149.5 12151.6 12156.7 12158.3 12160 12162 12163.4 12164.1 12164.1 12164.7 12164.7 12163 12160.3 12156.2 12151.1 12146.1 12141 12138.1 12137.3 12138.1 12136 12136.1 12135.7 12134 12130.8 12126.7 12122 12116.9 12112.2 12107.3 12102.8 12101.5 12097.3 12093.8 12088.7 12087.1 12086.7 12088
12148.9 12147 12146.3 12146.7 12147.2 12149.8 12150.5 12147.8 12147.1 12146.6 12145.2 12144.2 12144.1 12144.2 12144.3 12142.3 12140.1 12140.9 12142.7 12143.5 12145.1 12146 12146.7 12147.3 12148.5 12148.6 12150.7 12150.8 12152.2 12155.8 12157.9 12159.9 12162.4 12164.7 12168.3 12169.6 12171 12169.6 12169.2 12168.9 12167.5 12163.8 12158.9 12153.3 12147.3 12140.9 12140.2 12142.1 12142.4 12143.8 12143.5 12141.9 12139.6 12135.2 12129.9 12123.4 12117 12110.8 12105 12100.9 12095.7 12090.7 12088.2 12082.4 12076.2 12068.5 12059.5
12145.9 12146.3 12147.9 12151.1 12157.4 12163.6 12159.4 12155.3 12155.8 12157.1 12154.5 12152.2 12150.8 12149.8 12149.3 12147.2 12144.9 12146.4 12148.6 12149.6 12151.2 12151.9 12152.4 12152.8 12153.2 12153.7 12154.5 12155.6 12156.8 12158.5 12161.3 12163.7 12166.5 12169.4 12171.7 12173 12174 12172.5 12173.2 12175.7 12172 12166.4 12161 12155.8 12150.6 12145.7 12146.8 12152.9 12153.6 12152.1 12151 12149.2 12146.2 12139.8 12132.3 12124.2 12116.3 12109 12102.5 12097.2 12091.4 12085.7 12080.2 12073.5 12065 12054.1 12041
12141.7 12144.4 12147 12151.8 12159.7 12164.8 12157.1 12163.5 12167.2 12165.2 12161.2 12158.1 12156.3 12155.1 12153.4 12152.9 12152.3 12153.4 12155.3 12155.9 12156 12157.2 12157.6 12157.2 12157 12157.1 12157.2 12157.8 12159.5 12160.9 12163 12165.8 12168.9 12172.2 12175 12175.8 12176 12179.1 12181.2 12180 12174.1 12166.2 12161.1 12157.9 12155.2 12152.4 12150.2 12157.9 12162.5 12155.7 12156.6 12156.3 12152.9 12145.3 12135.8 12126 12117 12109.2 12102 12092.8 12086.7 12080.8 12074 12066.4 12057.8 12047.5 12038.2
12138.8 12141.8 12144.9 12148.4 12151.7 12149.1 12145.4 12167.7 12171.5 12167.8 12164.4 12161.9 12160.5 12160.1 12160 12159.4 12159 12160.5 12162.3 12163.2 12164.7 12163.5 12162.3 12161.2 12160 12159.3 12159 12159.1 12159.8 12161.6 12163.5 12166.3 12169.9 12174.4 12178.6 12180.8 12181 12182.1 12181.4 12177.9 12168 12160.6 12158.8 12158.7 12158.7 12157 12150 12126.5 12135.9 12152.5 12159.4 12162.2 12159 12148.5 12135.5 12124.3 12114.7 12106.7 12098.4 12091.8 12085.4 12076.2 12069.7 12062.6 12055 12047 12038.6
12132.6 12136.3 12139 12141.8 12143.9 12143.7 12151.2 12168 12169.7 12166.5 12164.4 12163.5 12163.1 12163.5 12164.2 12164.8 12166.3 12166.8 12167.6 12169.5 12170.8 12168.8 12166.2 12163.8 12161.9 12160.3 12158.8 12158.2 12158.1 12158.9 12160.5 12164 12168.2 12173.8 12180.5 12186.7 12183.9 12175.6 12165.9 12150.1 12144.7 12149.6 12153.6 12157.6 12161.5 12163.3 12162.4 12162.6 12153.7 12153.7 12159 12165.5 12163.5 12146.6 12130.5 12118.4 12109.6 12102.4 12095.6 12089.8 12082.8 12076.7 12070.1 12062 12055.3 12047.9 12041.8
12129.2 12132.1 12134.7 12137.4 12139.3 12142.1 12151.3 12156.5 12159.7 12161.3 12162.5 12163.3 12164.2 12165.2 12166.3 12166.9 12168.6 12171.2 12173 12173.9 12174.1 12172 12169.2 12167.2 12164.4 12162.3 12160.5 12158.5 12158.1 12157.7 12159.1 12160.7 12163.9 12168.5 12177.1 12188 12180.1 12162.2 12142.8 12133.1 12131.7 12140.6 12146.6 12152.5 12160.9 12167.5 12170 12175.2 12160.9 12149.1 12147.5 12153.5 12156.1 12130.6 12116.7 12107.7 12101 12095.8 12090.2 12085.1 12079.9 12074.8 12069.4 12063.4 12056.7 12051.8 12048.2
12127 12130.2 12132.6 12134.5 12135.6 12137.2 12140.4 12143.4 12147.9 12156 12160.3 12162.7 12164.1 12165.3 12167.4 12169.2 12171.9 12175.3 12176.9 12177.1 12176.3 12174.5 12171.5 12167.7 12165.2 12160.9 12159.4 12155.8 12155.7 12154.9 12154.4 12154.7 12155.5 12156.9 12160.5 12170.3 12161.5 12147.5 12135.5 12132.5 12135.5 12136.7 12138 12140.5 12146.3 12150.4 12151.8 12168.1 12143 12129.2 12121.1 12111.8 12094.3 12098 12096.3 12093.3 12090.9 12088 12085 12081.7 12078.4 12074.2 12069.8 12064.9 12059.7 12057 12055.3
12127.1 12130.1 12132.5 12133.3 12134.5 12135.8 12139.9 12144.1 12148.7 12155.2 12159.5 12162.4 12164.3 12165.7 12169.5 12173.8 12176.9 12179.6 12180.7 12180.3 12178.6 12175.5 12171.2 12167.1 12162.7 12158.4 12154.7 12151.8 12149.1 12147.6 12146.4 12145.3 12144.3 12141.5 12135.5 12122.9 12131.8 12133.3 12129.8 12133.8 12137 12133.3 12126.5 12120.9 12117.2 12113.3 12105.2 12095.3 12103.4 12099.9 12091.9 12078.7 12064.7 12071.1 12077.3 12080.5 12081.8 12082.2 12081.2 12079.3 12076 12073.2 12070.4 12067.5 12065 12063.9 12063.2
12128.8 12131.9 12131.4 12133.7 12135.7 12138.8 12143.9 12150.8 12156.4 12158.1 12160.8 12163.4 12165.8 12168.5 12172.4 12177.9 12180.9 12183.4 12184.7 12184 12180.8 12176.3 12170.3 12164.2 12158.8 12153.4 12148.8 12145.2 12141.8 12139.1 12137.3 12135.6 12132.8 12129.3 12121.8 12112.9 12118 12124.2 12129.7 12137.5 12141.6 12127.1 12110.7 12097.7 12086.1 12078.2 12068.5 12062.8 12071.7 12074.3 12070.2 12061 12051.4 12057.1 12065 12071.1 12074.7 12076.6 12077.2 12078.6 12077.4 12075.6 12073.8 12072.1 12070.6 12070.9 12071.2
12129 12132.2 12135.2 12137.4 12139.6 12143.2 12147.1 12154.1 12159.1 12160.8 12162.4 12165.1 12167.9 12170 12173.8 12177.8 12182.3 12185.6 12187.4 12187 12181.9 12174.9 12167.1 12159.7 12152.8 12146.3 12140.9 12136.2 12132.5 12129.6 12127.1 12125.2 12123 12122 12118.1 12112.9 12112 12115.1 12123.9 12130 12137.6 12107.7 12088.9 12075 12062.5 12056.1 12050.7 12049.7 12055.8 12059 12058 12053.7 12050 12053.5 12060.5 12066.9 12071.4 12074.4 12074.4 12075.4 12075.2 12075 12074.4 12074.1 12074.6 12076.1 12076.8
12133.4 12135.8 12139 12141.2 12143.5 12146.8 12148.9 12152.3 12157.6 12161.7 12164.6 12167.3 12170.4 12173.2 12174.5 12177.2 12182.3 12186.8 12188.8 12186 12180.6 12172.4 12161.8 12153.7 12144.3 12137.5 12131.7 12126.4 12122.4 12119.7 12117.1 12114.8 12113.3 12115.1 12116.8 12113.2 12103.9 12098.2 12093.5 12085.1 12066.6 12066.6 12064.1 12056.7 12048.3 12046.4 12046.1 12047.4 12050.9 12053.5 12054.1 12053.2 12052.5 12055.2 12060.5 12065.6 12069.7 12072.4 12073.8 12075.1 12075.8 12076.4 12076.8 12076.9 12077.3 12077.8 12080
12137.7 12140.1 12142.3 12144.5 12146.7 12150.1 12151.5 12149.5 12155.7 12162 12166.3 12168.9 12172.4 12175.5 12174.5 12175.4 12181.6 12187.6 12190.1 12187.9 12178 12165.6 12153.4 12143.9 12134.2 12127.2 12121.1 12115.9 12111.7 12108.4 12105.1 12102.2 12100.7 12103.2 12109 12105 12089.7 12077.4 12062.5 12046.8 12041.8 12044.2 12047.8 12046.9 12044.1 12045.8 12049 12050.7 12052.5 12054.2 12055.8 12056.8 12058.3 12060.8 12064.8 12068 12071 12073.2 12075.2 12076.6 12078 12080.4 12081 12081.3 12081.1 12080.5 12083.8
12141.8 12143.6 12145.9 12147.8 12149.7 12152.1 12152.5 12152 12157.7 12163.6 12167.9 12170.4 12171.5 12172.9 12174.9 12176.1 12179.4 12185.1 12189.5 12185.4 12171.6 12155 12141.2 12130.5 12122.3 12115.5 12110.2 12105.1 12100.8 12096.4 12092.3 12088.7 12084.1 12082.7 12083.4 12079.5 12069.7 12060.1 12047.3 12036.2 12035.3 12038.8 12043.8 12046.5 12048.1 12050.9 12054.5 12056.2 12057.6 12059.1 12060.8 12062.9 12065.6 12068.1 12070.6 12072.4 12074 12075.6 12077.2 12080.2 12081.6 12083.2 12084.6 12086.2 12087.1 12087.8 12090.3
12147.3 12149.1 12150.8 12152.1 12153.3 12154.6 12155.4 12158.8 12162.3 12167 12170.7 12172.6 12173.2 12175.4 12176.8 12174.7 12172.3 12174 12182.6 12182.5 12156.9 12138.3 12125.8 12117 12110.6 12104.9 12100.6 12096.6 12091.7 12087.3 12082.1 12074.7 12067.4 12059.6 12047.3 12048.6 12050.9 12049 12043.6 12039.5 12039.7 12043.4 12048.3 12052.4 12055.8 12058.9 12061.9 12063.2 12064.3 12065.3 12067.1 12069.9 12073.2 12075.8 12077.2 12077.8 12078.3 12079.1 12080.3 12082 12083.7 12085.7 12088.3 12090.9 12093.7 12095.8 12097.6
12152.9 12154.2 12155.2 12156.3 12157.5 12158.6 12159.6 12161.3 12166.8 12170.9 12174.5 12175.9 12175.1 12180.2 12182.9 12173.1 12157.2 12145.4 12144.8 12141.9 12123.1 12111.3 12104.3 12099.6 12096.2 12093.1 12089.9 12087.6 12083.7 12079.5 12073.4 12065.7 12055.9 12045.7 12033.5 12035.7 12041.4 12045 12045.5 12046.6 12049.5 12054 12057.6 12061.4 12064.9 12068.1 12070.9 12071 12071.1 12071.8 12073.5 12076.5 12080.5 12083.5 12083.3 12082.2 12081.2 12080.9 12081.6 12082.8 12085 12087.4 12090.7 12094.8 12099.4 12102.4 12103.4
12155.8 12156.5 12159.8 12160.4 12161.4 12163.2 12166.6 12168.3 12171.4 12174.8 12178.8 12181.5 12179.8 12189 12191.4 12168.2 12134 12101 12070.2 12066.5 12074.8 12078.6 12080.8 12082.1 12082.4 12082.4 12079.9 12078.4 12075.9 12072.6 12068.1 12061.1 12051.5 12044 12036.4 12037.4 12041.8 12047.4 12051 12054.6 12059.9 12065.5 12068.2 12070.8 12074.2 12077.4 12079 12078.3 12077.8 12077.5 12078.8 12081.5 12086.7 12091.2 12088.3 12084.7 12082.4 12081.4 12081.8 12083 12085.3 12088.1 12091.7 12096.7 12102 12105.3 12106.6
12156.5 12157 12158.7 12162.8 12164.8 12167 12171.6 12174 12174.4 12176.2 12179.9 12187.1 12193.5 12197.2 12194.3 12154.4 12105.3 12058.7 12016.7 12014.7 12034 12048.8 12058.2 12064.9 12068.7 12071 12072.3 12071.8 12071 12068.3 12065.4 12060.8 12053.3 12049.2 12045.3 12046 12049.6 12054.3 12059.4 12064.8 12070.5 12076.2 12078.7 12081 12083.8 12086.5 12087.1 12084.7 12082.7 12081.2 12081.3 12083.2 12087.9 12092.6 12089.1 12083.6 12080.9 12080.1 12081 12082.6 12084.8 12087.6 12091.1 12096 12102.6 12105.3 12106.5
12157.6 12157 12159 12164.5 12167.8 12170.2 12174.6 12178.1 12175.5 12170.4 12168.3 12176.5 12194 12172.5 12177.5 12118.7 12071.5 12028.5 11990.4 11992.8 12011.4 12028.3 12040.3 12049.1 12056.2 12060.5 12062.9 12064.8 12066 12065.9 12066 12063.6 12059.8 12057.4 12056.2 12056.8 12058.8 12063.3 12069.1 12075.4 12080.7 12084.1 12088.3 12091.8 12093.1 12093.8 12092.8 12089.2 12085.9 12083.1 12081.4 12081.1 12083 12086.9 12082.3 12078.2 12077.1 12077.9 12079.6 12081.8 12083.7 12086.5 12089.1 12091.8 12094.8 12099.6 12103.3
