real_craters/C196-500m.grd
DSAA
378 378
-94.325 94.325
-94.325 94.325
6855.1155602342 12502.492802406
[rows 240 to 269 of 378, columns 201 to 267 of 378]
12192.9 12181.3 12189.5 12214.4 12248.7 12274.1 12296.2 12309.9 12313.9 12326.6 12338.8 12283.6 12201.7 12119.9 12064.9 12024.4 11994.8 11969.3 11945.1 11928 11923.4 11954.2 12000 12010.5 11971.1 11942.2 11936.9 11935.8 11925.8 11919.7 11919.1 11920.9 11925.3 11923.2 11914.3 11901.7 11887.1 11872.8 11858.8 11847.7 11841.5 11834.6 11827.3 11827.2 11821.2 11815.1 11809.1 11803 11796.9 11790.8 11784.5 11777.5 11771.5 11761.9 11746 11711.6 11694.2 11726.5 11740.3 11745.2 11746 11745.3 11743.4 11732.6 11720.7 11708.5 11699.8
12219.1 12231.3 12225.6 12236.3 12260.6 12292.7 12332.9 12339.6 12296.3 12251.8 12215.5 12144.3 12038.8 11977 11968.5 11961.2 11948.4 11936.9 11924.2 11909.2 11897.9 11938.5 11996.3 12022.4 12010.3 11997.3 11964.5 11943.2 11932 11926.5 11926.1 11929.7 11936.6 11930.7 11916.6 11900.7 11885.8 11873.2 11863.8 11859.4 11853.8 11841.3 11828.6 11826.4 11819.2 11812.8 11806.9 11801.2 11795.5 11789.7 11783.8 11776.6 11769.7 11759.1 11743.3 11716 11704.4 11735.3 11746.7 11750.3 11751.7 11751.5 11747.1 11738.5 11725 11711.4 11698.7
12219.1 12245.7 12251.9 12249.6 12250 12274.2 12323.5 12335.4 12233.2 12143.9 12054.6 11991.2 11916.7 11877.9 11900.4 11915.2 11921.1 11921.6 11918.6 11913.9 11910.7 11940.8 11975.4 12004.5 12020.1 12012.3 11976.2 11940 11930.4 11930.3 11933.5 11938 11943.1 11934.5 11915.6 11897.6 11883 11871.4 11864.2 11862.6 11861.1 11843.2 11827.2 11824.5 11817.2 11811.1 11805.4 11800 11794.6 11789.1 11783.5 11777.7 11771.9 11765.8 11761.3 11768.4 11790.5 11765.2 11759.8 11758.1 11757.4 11755.9 11755.2 11742 11727.3 11710.9 11696.3
12178.8 12189.3 12225 12216.4 12202.7 12201.2 12200.6 12180.8 12123 12035.4 11936.1 11893.3 11866.6 11852.6 11871.9 11890.8 11906.3 11914.9 11922.6 11933.3 11948.5 11957 11970.9 11996.8 12021 12030.8 11980.6 11936.4 11931.6 11932.9 11933.8 11936.1 11939.3 11929.1 11906.6 11889.1 11874.9 11864.7 11857 11853.2 11852.5 11835.3 11822.2 11820.1 11814.4 11809.4 11804.5 11799.7 11794.7 11789.8 11784.9 11780.1 11775.5 11772.6 11773.5 11780.4 11783.6 11774.7 11768.5 11764.5 11761.6 11757.9 11750.5 11741.3 11727.8 11712.4 11697.7
12120.5 12137.6 12132.7 12133.7 12128.1 12111.3 12073 12048.6 12021.8 11960.9 11892.4 11869.6 11860 11862.7 11873.6 11887.7 11904.5 11913.4 11925.6 11942.5 11964.8 11967.3 11975.6 11996.5 12015.1 12016.4 11978.7 11942 11936.8 11935.4 11936.8 11928 11919.4 11905.5 11886.9 11872.9 11861.6 11852.9 11843.4 11833.9 11819.9 11815.4 11812.2 11813.6 11810.5 11807 11803 11798.7 11794.3 11789.8 11785.5 11781.5 11778.5 11776.5 11776.2 11776.5 11773.7 11771.2 11770.1 11766.9 11763.6 11759.5 11753.7 11743.1 11729.8 11714.9 11699.4
12050.8 12039.9 12019 12047.8 12060 12047.9 12007.1 11987.9 11967 11926.5 11884.2 11870.5 11869.7 11877.3 11886.1 11897 11907.6 11918.9 11928.7 11936.2 11947.1 11967.9 11984.3 11998.1 12009.5 12007.7 11990.8 11966.6 11950.3 11936.6 11923.7 11909 11888.6 11869.1 11863.2 11857.1 11849.9 11840.4 11830.6 11817.9 11803 11801.8 11805.9 11809.1 11808.3 11806 11802.7 11798.8 11794.6 11790.4 11786.3 11782.6 11778.9 11777 11775.4 11773.3 11767.3 11768.7 11769.9 11768.1 11765.6 11761.6 11755 11745.3 11733.8 11719.1 11703.2
12007.2 11997.9 11986.1 12004.9 12019.3 12022.5 12018.2 11983.1 11949.1 11917 11890.9 11879.4 11885.3 11899.5 11902.8 11907.2 11914.9 11923.8 11934.4 11945.2 11955.8 11968.9 11980.9 11997.5 12008.7 12012.3 12005.8 11987.6 11965.6 11943.4 11913.7 11895.9 11870.5 11848.4 11843.5 11841.2 11836.6 11830.4 11823.7 11812.9 11801.9 11800.2 11804.6 11806.3 11806.6 11804.6 11801.5 11797.7 11793.7 11789.5 11785.6 11781.9 11777.1 11775.7 11773.5 11772.9 11773.2 11771 11769.2 11767.7 11766.4 11764.6 11762 11754.8 11740.9 11724.7 11710.8
11993.4 11989.6 11985.5 11990.1 11996.6 12002.5 12013.1 11979.3 11943.3 11912 11891.4 11888.6 11898 11912.8 11913.9 11913.8 11919.2 11927.2 11938.8 11956.5 11967.3 11974.8 11985.1 11995.5 12006.8 12010.4 12001.5 11994.7 11973.2 11949.3 11932.8 11894.8 11866.2 11846.9 11837.6 11833.4 11830.3 11822.9 11820.2 11814.1 11809.9 11807.9 11808.6 11808.6 11807.5 11805 11801.6 11797.6 11793.4 11789.2 11785.1 11781.2 11776.2 11773.8 11771.3 11769.3 11769 11768 11766.2 11765.7 11766.2 11766.5 11767.4 11764.5 11745.4 11728 11713.7
11997.7 11995 11988.3 11986.2 11983.4 11976.9 11963.5 11959.4 11940.7 11916.5 11898.1 11900.3 11905.4 11911.1 11913.5 11916.7 11920.6 11926.4 11934.5 11945.9 11958.1 11972.1 11981.1 11981.8 11992.8 12017.1 12046.8 12000.6 11968.4 11933.1 11897.8 11890.4 11866.4 11843.8 11837.3 11835.9 11834.7 11829.3 11822.7 11820.1 11818 11817.5 11815.2 11813.1 11809.8 11806.9 11802.6 11798 11793.3 11788.7 11784.2 11779.9 11776 11770.2 11765.9 11763.7 11762.3 11760.3 11760 11761.5 11763.5 11764.9 11765.3 11758.9 11746.1 11728.2 11709.4
12014.5 12006 11993.5 11986.7 11980.5 11970.1 11957.3 11953.7 11943.3 11931 11917.2 11912.8 11913.2 11911 11913.3 11917.5 11920 11922.8 11926.2 11933.2 11945.6 11953.3 11951.6 11944.9 11941.3 11953.6 11965.2 11944.2 11937.6 11955.4 11936 11897 11866.6 11845.7 11841 11842.6 11840.6 11835.5 11829.9 11828.4 11826.3 11826.9 11822.5 11818 11813.4 11807.9 11802.6 11797.5 11792.6 11787.9 11783.4 11779.1 11774.9 11767.1 11763.1 11758.7 11752.1 11747.2 11753.6 11758.1 11761 11763 11763.1 11761.9 11746.6 11728.9 11713.4
12035.7 12017.3 12000.4 11991.8 11986.1 11980.5 11971.8 11961.6 11951.2 11936.9 11927.9 11926 11923.7 11923.2 11924.7 11920.9 11919.6 11920 11920.4 11917 11946.3 11957.2 11935 11892.3 11843.7 11793 11782.4 11799.4 11837.6 11918.7 11931.8 11878.6 11855.9 11849.6 11849.8 11850.8 11847.5 11842.1 11839.8 11836.1 11836.1 11835.3 11830.5 11822.7 11815 11809 11802.9 11797.3 11792.1 11787.2 11782.5 11777.8 11770.5 11765.8 11759.9 11754.6 11748.9 11746.1 11750.3 11755 11758.3 11759.9 11758.4 11753.8 11743.7 11729.9 11716.3
12050.1 12029.7 12009.3 11998.6 11993.2 11990.4 11983.5 11971.3 11962 11955.1 11942.7 11937.5 11932.8 11929.6 11926.9 11922.7 11920 11920.2 11924.2 11936.4 11967 11979.3 11927.6 11837.5 11732.6 11618 11555.2 11609.2 11669.7 11725.5 11777.4 11805.2 11825.6 11848.2 11856.9 11858.3 11855.6 11851.4 11847.8 11843.1 11845.7 11845.3 11835.8 11823.7 11814 11809 11802.4 11796.4 11790.8 11785.3 11780.1 11774.8 11769.6 11763.5 11758.2 11753.2 11748.5 11746.3 11748 11751.1 11754.3 11756 11755 11750.9 11742.7 11732.3 11721.3
12059.3 12041 12020.9 12006.8 11997.9 11991.5 11984.5 11976.4 11970.1 11964.6 11954 11946.2 11939.4 11934.3 11931.9 11925.7 11921.3 11920.6 11927.8 11951.6 11994.5 12007.9 11923.1 11791.6 11644.4 11495.2 11415.8 11456.4 11513 11564.1 11647.2 11725.9 11783.5 11830.4 11854.6 11856.9 11855.2 11852.1 11847.2 11845.7 11844.9 11840.6 11832.1 11821.7 11810.7 11806.7 11800.2 11794.2 11788.5 11783 11777.5 11772.2 11766.9 11760.9 11756 11751.5 11747.6 11745 11746 11749 11752 11754.4 11754.6 11751.8 11745.4 11736.3 11728.1
12070.8 12054.7 12032.2 12013.4 12001.6 11991.6 11985 11978.6 11973.4 11969.1 11959.2 11950.3 11942.1 11936.6 11933.3 11925.2 11919.4 11917.7 11923.4 11953.5 12012.5 12028 11915.6 11758 11588.3 11431.1 11352 11367.1 11414.9 11466.3 11571.6 11671.9 11747 11800.3 11829 11845.6 11849.8 11849 11847.5 11840.7 11833.7 11827 11820.6 11814 11805.3 11802.7 11797.2 11791.7 11786.2 11780.9 11775.6 11770.4 11765.4 11758.6 11753.9 11749.9 11746.3 11743.2 11744.5 11748.3 11751.8 11754.6 11756.2 11755.8 11750.7 11739.9 11730.7
12081.1 12076 12040.6 12018.2 12005.5 11996.1 11987.7 11980.7 11974 11967.3 11960 11951.9 11942.6 11934 11926.7 11920 11915.8 11913.1 11915 11948.3 12012.3 12024.4 11901.5 11738.9 11566.5 11404.5 11329 11344.5 11394.8 11453.6 11559 11655.6 11729.6 11780.5 11810.5 11834.4 11845 11848.9 11846.8 11838.1 11825.6 11808.4 11804.5 11804.3 11803.3 11799.3 11794.5 11789.4 11784.2 11779 11773.9 11768.9 11763.9 11759.3 11752.5 11748.2 11744.9 11742.1 11743.1 11747.5 11751.8 11755.5 11758.3 11759.2 11755.2 11742.9 11731.8
12075.4 12065.2 12045.9 12023.6 12007.9 11996.8 11989.6 11983.4 11977.2 11970.5 11962.7 11953.1 11942.6 11931.5 11921.1 11915.9 11913.7 11912.1 11910.4 11935.4 11977.9 11976.8 11874.9 11737.9 11584.3 11433 11377.1 11394.3 11446.3 11517.3 11600.3 11676.7 11736 11778.1 11807.1 11824.4 11836.3 11842 11840 11833.2 11820 11799.7 11796.4 11799.3 11798.7 11795.3 11791.2 11786.6 11781.8 11776.9 11772.1 11767.3 11762.6 11754.6 11750.2 11747.2 11744 11742 11743.6 11747.1 11751.7 11756.5 11759.9 11761.6 11760.4 11745.1 11735.3
12082.6 12076.5 12050.1 12026.1 12009 11995 11990.9 11987.1 11983 11973.1 11965.1 11953.6 11941.3 11930.5 11923.7 11917.4 11912.8 11914 11922 11927 11929.5 11910.2 11856.7 11764.7 11649.2 11524.3 11473.6 11478.6 11552.9 11620.7 11683.9 11731.2 11765.2 11789.8 11803.5 11819.1 11827.5 11832.3 11832.3 11826.2 11816.5 11803.4 11803.1 11798.5 11795.8 11792 11787.5 11783.2 11778.7 11774.3 11769.8 11765.4 11761.1 11754 11750 11744.8 11742.3 11740.5 11741.5 11745.9 11752.4 11758.4 11762.3 11762 11750.8 11744.9 11735.9
12083.4 12076.5 12048.4 12026.1 12010.6 11999.8 11991.9 11989.4 11992.3 11980.8 11964.8 11951.7 11938.2 11927.2 11919.7 11912.5 11906.3 11906.8 11913.9 11909.8 11901.9 11888.6 11861 11820.4 11766.5 11695.1 11647.2 11637.9 11740.2 11787.2 11792.8 11795.7 11800.9 11807.9 11817.8 11821.4 11817.2 11812.9 11813.9 11818.9 11811.6 11803.7 11803.9 11797.2 11791.3 11787.7 11783.4 11779.2 11775.1 11771 11767 11763 11759.1 11755.3 11746.2 11744 11740.1 11736.3 11732.9 11745 11753.4 11760.7 11766.6 11770 11771.9 11759.8 11748.9
12072.6 12062.3 12032.8 12005.6 12004.6 12000.6 11986.1 11980.5 11987.4 11980.8 11962.2 11946.2 11932.1 11919.5 11908.2 11898.8 11893.6 11890 11884.5 11884.4 11879.3 11875.7 11873.1 11875.9 11899.4 11918.8 11862.4 11876.9 11977.6 11959.6 11882.4 11845.6 11830.3 11821.5 11815.8 11814 11809.6 11804.6 11800.1 11802 11803.2 11798.1 11793.9 11792.1 11787.6 11783.5 11779.2 11775.1 11771.2 11767.5 11763.9 11760.3 11756.9 11753.6 11743.6 11741.2 11740 11739.9 11744.5 11748.1 11755.2 11763.3 11771.3 11778.8 11784 11775.1 11761.4
12041.4 12036.2 12013.1 11990.3 11982.5 11977.8 11969.9 11960.8 11950.4 11954.8 11948.9 11936 11922.9 11909.9 11896.9 11885 11881.2 11876 11872.1 11869.2 11868.6 11870.6 11878.3 11891.3 11924.6 11961.9 11952.7 11999.6 11968.1 11949.4 11904 11868.4 11844.5 11825.9 11809.5 11802.1 11801.6 11798 11790.6 11789 11789.5 11793.1 11792 11787.6 11782.8 11778.5 11774.6 11771.3 11768 11764.8 11761.7 11758.6 11755.6 11752.7 11741.9 11740.2 11739.5 11740 11740.8 11748.7 11756.7 11764.9 11773.7 11782.7 11790.5 11787.1 11773.2
12032.8 12020.1 11996.3 11971.7 11963.6 11958.1 11951.1 11944.4 11939.7 11937.7 11934.1 11925.1 11913.6 11901.6 11889.7 11879.4 11873.2 11867.8 11863.3 11861.1 11861.9 11865.7 11871.6 11876.8 11873.4 11876.6 11902.8 11875.7 11874.2 11890.6 11884 11865 11843.4 11825.2 11808.4 11797.4 11793.1 11786.7 11784.3 11783.2 11780.8 11786.9 11785.6 11781 11776.2 11772.7 11769.8 11767.1 11764.4 11761.7 11759 11756.3 11753.7 11751.2 11741.5 11739.6 11739.4 11741.8 11745.9 11751.2 11756.5 11763.8 11772.2 11781 11788.3 11783.2 11775.1
12033.8 12010.1 11982.8 11956.3 11940 11936.7 11934.4 11931 11929.4 11926.7 11921.4 11913.7 11904.5 11894.4 11885.1 11877.4 11869.1 11861.1 11856.4 11855.1 11855.4 11859 11861.8 11862.7 11866.8 11868.7 11869.3 11870.9 11865.7 11864.5 11861.5 11850.9 11838.3 11821.9 11807.4 11798.6 11794.6 11790.8 11786.3 11783.6 11779.7 11779 11775.7 11771.4 11768.5 11767.1 11765.3 11763.4 11761.3 11759 11756.7 11754.2 11751.8 11749.6 11741.9 11740.4 11738.8 11741 11747 11749.7 11752.3 11758.3 11765.9 11774 11780.6 11779.9 11775.5
12012.3 11991.2 11968.2 11948.9 11934.9 11925.6 11921 11918.7 11920.7 11914.9 11909.6 11902.8 11894.7 11886.4 11878.9 11873.9 11863.8 11855.6 11851.7 11851.6 11852.5 11853 11852.2 11849.9 11844.5 11846.4 11847.5 11843.5 11834.1 11839.8 11837 11832.1 11826 11817.9 11808.1 11801.5 11797.3 11791.8 11785.8 11780.8 11774.8 11771.7 11765 11761.5 11760.9 11761.4 11761.4 11760.3 11758.7 11756.8 11754.7 11752.5 11750.2 11747.9 11740.8 11738.3 11736.2 11736.6 11735.9 11739 11745.4 11751.2 11758 11765.9 11772.9 11777 11775.4
11973.2 11963.9 11949.5 11936.7 11924.2 11915.6 11910 11905.5 11904.9 11903.1 11898.7 11892.7 11885.9 11878.3 11870.2 11860.4 11854.4 11850.9 11849.5 11850.3 11850.6 11850.7 11848.4 11844.2 11837.1 11834.6 11832.8 11827.7 11822.2 11824.7 11822 11820.8 11820.6 11815.5 11810.6 11807.5 11799.6 11793.2 11786.5 11781.9 11775 11767.3 11759.2 11754.8 11756 11756.9 11759 11758.4 11757.1 11755.4 11753.4 11751.3 11749 11746.7 11739.8 11737.1 11734.3 11733.3 11732.8 11736.7 11738.1 11742.8 11748.6 11755.8 11766.1 11777.9 11778.2
11940.3 11938.4 11930 11919.3 11909.7 11906.1 11902.2 11898.7 11894.9 11893.2 11889.6 11884.3 11878 11871 11863.4 11856.3 11850.5 11845.6 11847.8 11851.4 11852.1 11850.1 11847.3 11844.1 11843.7 11834.1 11827.2 11821 11814.6 11817.2 11816.8 11815.9 11814 11812.2 11808.2 11802.5 11797.6 11791.8 11785.3 11780.4 11773.7 11766.7 11759.2 11754.3 11756.2 11758.5 11758.3 11757.6 11756.4 11754.7 11752.8 11750.6 11748.3 11744.6 11741.9 11738.2 11733.2 11729.6 11727 11725.8 11730.5 11735.2 11739.4 11744.1 11751.8 11773 11779
11925.3 11922.6 11915.9 11906.3 11899 11898.8 11896.5 11893.8 11889.6 11886.6 11882 11877.4 11871.7 11865.4 11858.8 11852.3 11848.5 11848 11851.9 11855.5 11855.9 11853.7 11849.1 11842.6 11834.4 11832 11826.8 11824.1 11819.7 11816.5 11814.5 11812.3 11809.6 11807.1 11804.1 11800.1 11795.5 11789.8 11784.3 11779 11773.3 11768.1 11764.5 11763.5 11760.1 11757.6 11758.1 11756.9 11755.5 11753.7 11751.7 11749.5 11745.8 11743.2 11740.5 11737.3 11733.1 11727.6 11722.3 11719.9 11724 11728.7 11731.3 11732.7 11734.8 11755.2 11770.6
11925.2 11914.6 11906.5 11898.8 11895.9 11895.6 11893.1 11888.9 11883.9 11880.5 11876.2 11871.7 11866.9 11861.2 11855.8 11851.2 11850 11853.5 11858.9 11864.2 11862.5 11857.9 11851.7 11844 11835.6 11832.5 11828.7 11824.8 11821.6 11816.9 11813.6 11810.4 11806.9 11804.1 11800.8 11797.8 11792.7 11786.2 11781 11777.1 11772.6 11768.9 11766.9 11766.7 11762.1 11759.2 11758 11756.3 11754.6 11752.6 11750.5 11748.3 11746 11741.5 11738.4 11735.7 11732 11727.7 11723 11718 11723.8 11727.4 11727.9 11727.1 11727.2 11741.3 11760.4
11916 11907.1 11900.9 11896.9 11897 11895.6 11891.4 11887.4 11879.2 11875.2 11871.4 11867.5 11862.5 11858.3 11854 11850.7 11852.3 11857.9 11864.2 11868.7 11866.3 11861.3 11855.9 11850 11842.6 11836.7 11830.4 11824 11820 11817 11813.8 11810 11806.4 11802 11797.2 11791.8 11786.2 11782.5 11778.7 11776.2 11772.6 11769.3 11766.2 11761.9 11761 11760 11758.6 11756.6 11754.4 11752.1 11749.7 11745.3 11742.7 11739.5 11736.2 11735.5 11732.7 11731.5 11730.8 11733.3 11732.7 11730 11728.4 11727.6 11728.9 11742.7 11758.2
11901.6 11898.4 11895.5 11896.2 11898.1 11895.4 11888.6 11876.8 11874.4 11871.2 11867.5 11864.4 11860.7 11856.6 11853.2 11851.7 11855.4 11861.8 11865.8 11869.5 11866.4 11862.2 11858.7 11856.1 11850.3 11841.3 11833.2 11826.3 11822.2 11818.3 11814.3 11809.8 11804.6 11799.9 11794.2 11788 11782.8 11778.9 11776.1 11774.7 11771.9 11769.1 11766.2 11763.5 11761.8 11760.7 11758.5 11756 11753.4 11750.9 11746.8 11744.1 11740.1 11738.6 11736.4 11734.2 11733.5 11733.3 11735.4 11740.9 11736.1 11731.8 11729.9 11730.5 11735.4 11744.9 11756
11895.7 11891.3 11887.6 11888.8 11892.1 11892.8 11888.7 11878.4 11872 11868.8 11865.7 11862.5 11857.9 11855.1 11852.9 11852.6 11853.8 11857.4 11862.9 11865.8 11863 11859.2 11856.4 11856.2 11851.7 11842.2 11835.2 11829.2 11824.1 11819.8 11815.9 11810.7 11804.6 11798.8 11792.1 11785 11778.6 11776 11774.4 11773.7 11771.4 11769.2 11767.3 11766.4 11763.7 11762.2 11758.5 11755.7 11752.8 11750 11746 11743.3 11740.8 11738.4 11735.5 11733.1 11732.8 11733.3 11733.5 11730.4 11730.6 11731 11729.9 11731.4 11741.8 11747.6 11759.2
