real_craters/C196-300m.grd
DSAA
630 630
-94.325 94.325
-94.325 94.325
6856.5034010915 12514.895742073
[rows 210 to 239 of 630, columns 469 to 535 of 630]
11610 11605.4 11600.3 11594.5 11588.4 11585.4 11583.5 11581.1 11576.5 11570.6 11564.8 11559.3 11553.7 11548.2 11545.3 11542 11538.2 11534.4 11531.8 11529.4 11529 11530.4 11533.7 11536.4 11537.2 11543.7 11547.9 11544.6 11538.7 11531.4 11523.3 11515.5 11514.8 11518.6 11522.2 11524.5 11527 11529.8 11532.4 11534.8 11537.1 11538.5 11539.5 11539.3 11537.7 11534.9 11530.3 11524.3 11516.8 11508.2 11499.2 11489.7 11481.7 11475.2 11473.2 11472.4 11472.4 11471.9 11470.7 11470.1 11469.4 11468 11466 11463.4 11463 11462.6 11461.6
11614.7 11609.8 11603.6 11595.7 11588.3 11583.5 11579.4 11574.9 11570.2 11565.8 11561.1 11556.4 11551.8 11547.2 11543.7 11540.3 11536.8 11533 11527.6 11526.3 11527.5 11529.9 11533.7 11535.9 11534.2 11537.7 11542 11541 11536.4 11530.2 11523.7 11518.2 11517.9 11521.1 11524.5 11525.1 11526.9 11529.4 11532 11534.7 11537.3 11539.3 11540.8 11541.1 11539.5 11535.2 11531.4 11526.1 11518.9 11510.4 11501.4 11491.6 11482.7 11475.3 11473 11471.8 11470.9 11469.7 11468 11468.1 11468.2 11468 11467.5 11466.6 11465.9 11464.7 11463.3
11619.1 11615 11608.7 11598.1 11588.3 11581.9 11576.5 11570.4 11565.2 11561.7 11557.6 11553.8 11551.1 11547.9 11543.1 11539.4 11536.4 11533.6 11532.4 11528.7 11527.9 11528.4 11528 11525.9 11526.3 11529.6 11539.1 11537.9 11534.4 11529.6 11525 11522.7 11522.1 11521.4 11522 11523.9 11526.3 11529 11531.9 11535.1 11538 11540.7 11542.6 11543.6 11543 11541.4 11535.6 11529.2 11521.7 11513.4 11504.4 11494.6 11485.7 11478.2 11474.6 11471.9 11469.6 11467.6 11466.8 11467 11467.5 11468.2 11469 11470 11469.1 11466.8 11464.8
11623.5 11620.5 11616.6 11607.4 11589.8 11581.8 11575.5 11569.3 11563.9 11559.4 11554.9 11550.6 11547.1 11544.7 11541.5 11538.9 11536.6 11534.4 11531.6 11530.3 11529.5 11528.2 11526.4 11524.1 11522.8 11524.7 11533.1 11534.8 11532.5 11528.5 11524.6 11521.7 11519.8 11519.4 11520.4 11522.6 11525.2 11528.5 11531.9 11535.6 11539.2 11542.6 11545.3 11546.9 11546.8 11543.5 11539.6 11533 11525.2 11517 11508.2 11498.7 11490.4 11483.1 11477.4 11472.9 11469.1 11466.7 11466.1 11466.4 11467.1 11468.1 11469.4 11470.3 11469.7 11467.6 11465.6
11626.7 11624.7 11620.8 11610.3 11593.9 11583.9 11576.3 11569.7 11565 11558 11553.1 11548.1 11542.2 11540.2 11540.2 11539 11537.4 11535.8 11534.7 11533.6 11531.4 11529.2 11527.5 11525.7 11522.8 11522.3 11530.8 11532.9 11531.1 11527.4 11523.1 11518.7 11515.6 11516.8 11519.2 11521.1 11523.8 11527.8 11531.8 11536 11540.4 11544.3 11547.9 11550.6 11552 11550 11544.4 11537.1 11529 11520.7 11512.2 11503.1 11495.4 11487.8 11480.5 11474.4 11469 11465.3 11465.1 11465.9 11466.6 11467.7 11469.1 11469.7 11469.5 11467.5 11465.9
11628.5 11627.2 11624.2 11614 11598.4 11587.1 11578 11569.1 11559.8 11556.4 11553.2 11549.1 11544.6 11542.2 11541.5 11540.4 11539 11537.6 11536.8 11535 11531.6 11530.4 11529.7 11528.5 11525.5 11522.7 11528.6 11532.5 11530.7 11526.8 11522.5 11517.8 11514.6 11514.6 11515.9 11518.2 11521.9 11526.6 11531.3 11536.1 11541 11545.5 11549.9 11553.6 11556.6 11555.7 11548.6 11540.6 11532.3 11523.9 11515.5 11506.6 11499.3 11491.3 11483 11475.9 11469.8 11465.2 11464.8 11465.8 11466.5 11467.3 11468.4 11467.9 11466.5 11466.4 11465.8
11628.6 11627.5 11624.9 11615.9 11602.6 11591.3 11580.9 11571 11561.1 11558.3 11555.8 11553 11550.3 11547.3 11544.8 11542.9 11541 11539 11536.3 11532.8 11531.2 11532.1 11532.7 11533 11531 11527.9 11534 11535.3 11531.1 11527 11522.5 11517.9 11513.9 11513.3 11513.8 11515.9 11520.3 11525.5 11530.6 11535.9 11540.9 11545.8 11550.6 11554.8 11557.9 11556.9 11550.4 11542.7 11534.6 11526.4 11518.1 11509.4 11501.3 11493.1 11484.8 11477.2 11471 11467.8 11466.8 11466.3 11466.6 11467.4 11468.3 11467.1 11465.1 11466 11466
11627.8 11626.3 11623.3 11615.4 11605.6 11594.5 11584.3 11575.7 11569.8 11564.4 11560.5 11557.8 11555 11552.1 11548.9 11546.2 11543.7 11540.9 11537.5 11534.4 11534.1 11535.3 11535.6 11536.4 11535.9 11535.5 11535.8 11533.5 11530.5 11527.3 11523.4 11519.4 11515.8 11514.6 11514.3 11515.6 11519.7 11524.6 11529.8 11535.1 11540.2 11545.2 11550 11554.1 11556.3 11554.9 11550 11543.2 11535.9 11528 11520.2 11511.7 11503.9 11495 11486.1 11477.9 11471 11468 11467.7 11466.5 11466.9 11467.7 11469.1 11468.8 11467.5 11468 11467.3
11626.3 11623.7 11619.2 11612.9 11603.9 11595 11587.2 11579.8 11573.4 11568.5 11565.3 11562.9 11560.6 11556.8 11553.2 11550.1 11547.1 11544.3 11541.1 11537.7 11540.6 11539.4 11536.7 11535.1 11534.6 11535.1 11532.7 11528.7 11529.9 11527.9 11524.6 11521.7 11519.9 11517.8 11516.1 11516.7 11519.7 11524.1 11529 11534.2 11539.1 11543.8 11548.3 11552 11554.8 11553.1 11548.4 11542.6 11536.2 11529.1 11521.6 11513.3 11505.5 11496.3 11486.9 11478 11469.8 11464.4 11464.5 11465.6 11466.8 11468.3 11470.5 11471.9 11473.5 11472.4 11469.1
11624.7 11621.5 11617.1 11611.4 11604.6 11597.3 11590.2 11583.3 11576.7 11572.1 11569.6 11567 11564.3 11560.7 11557.1 11553.6 11550.6 11548.4 11546.7 11546.7 11547.7 11541.9 11535.3 11531.4 11530.2 11532.2 11533.7 11534 11531.8 11529.4 11526 11522.9 11520.8 11518.4 11516.6 11516.6 11519.6 11523.7 11528.4 11533.2 11537.9 11542.1 11545.7 11548.3 11549.5 11548.8 11545.7 11541.2 11535.7 11529.4 11522.5 11514.4 11505.8 11497 11487.4 11478.2 11469.7 11463.8 11463.1 11465.3 11467 11469.2 11470.9 11473.3 11477.5 11475.1 11469.4
11623.8 11620.5 11615.6 11611.3 11605.7 11599.6 11592.9 11586.8 11581.1 11576.6 11574.1 11571.2 11567.7 11563.9 11560.2 11556.7 11553.7 11551.6 11550.4 11550.9 11545.9 11536.6 11530.4 11526.5 11525.1 11527.9 11533.2 11535.1 11534.3 11531 11527 11523.1 11519.5 11517 11516.3 11517 11519.8 11523.6 11527.7 11532.1 11536.4 11540.3 11543.2 11544.5 11543.8 11544.3 11542.8 11539.5 11534.9 11529.4 11523.2 11516.1 11507.9 11498.1 11488.1 11478.7 11470.9 11466.7 11467.1 11466.4 11466.8 11468.4 11469.7 11470.9 11470.5 11468.5 11466.9
11622.8 11620.6 11617.8 11611.9 11606.2 11599.9 11595.5 11590.2 11585.7 11582.4 11578.4 11575.6 11571.8 11566.9 11562.6 11559.1 11556 11553.5 11550.9 11546.6 11535.3 11527 11525.5 11522 11518.8 11521.7 11525.9 11537.9 11536.5 11532.2 11527.5 11523 11518.5 11515.5 11515.8 11517.5 11520.1 11523.5 11527.3 11531.4 11535.4 11539 11541.8 11542.8 11540.3 11542 11540.9 11538 11533.9 11529.1 11523.6 11517.6 11509.7 11498.8 11488.3 11478.7 11470.9 11466.9 11467.2 11465.8 11466.1 11467.1 11467.9 11468 11466.3 11464.6 11464.7
11620.6 11617.9 11614.8 11611.2 11607.4 11604.2 11598.1 11592.3 11587.7 11583.9 11579.6 11577.2 11573 11568 11564.1 11560.6 11557.6 11554.6 11551.2 11546.5 11537.4 11529.6 11527 11522.4 11517.4 11521.9 11530.7 11537.9 11536.3 11532.2 11527.9 11523.2 11518.3 11514.4 11515.9 11518.2 11520.6 11523.2 11526.5 11530.2 11534 11537.7 11540.9 11543.6 11545.3 11542.2 11539.7 11536.6 11532.7 11528.3 11523.1 11517 11508.8 11498.4 11487.7 11477.9 11470 11465.6 11463 11464.3 11464.6 11465 11465.8 11466.3 11466.8 11467.5 11464
11617.9 11615 11612 11609.1 11606.4 11603.7 11598.1 11592.2 11587.1 11582.7 11576.8 11572.1 11569.7 11567.1 11564.5 11561.9 11559.1 11556 11552.3 11548 11543.7 11540.1 11534.2 11529.3 11524.8 11528.1 11534.1 11534.9 11533.6 11531.8 11528.5 11524.6 11520.6 11517.7 11518 11519.7 11521.1 11522.7 11525.1 11528.4 11531.7 11535.5 11539.4 11542.8 11543.2 11541.2 11538.1 11534.7 11530.9 11526.7 11521.9 11516 11507.7 11497.3 11486.6 11476.5 11468.2 11464.7 11465.7 11464.5 11462.9 11463 11463.4 11464.1 11465.1 11464.9 11462
11615.1 11612.9 11609.5 11606 11603.2 11600 11595.5 11590.4 11585 11579 11573.1 11566.6 11566.3 11566.5 11565 11563 11560.4 11557.6 11554.1 11549.8 11546.3 11544.9 11542.9 11539.7 11537.4 11536.8 11538.6 11535.8 11533.4 11532.1 11529.7 11526.7 11523.9 11521.8 11520.3 11520 11520.1 11521.5 11523.3 11525.9 11528.7 11532.1 11536 11540.4 11541.9 11538.2 11535 11531.8 11528.6 11524.7 11520.1 11514.6 11506.2 11496 11485.3 11474.9 11466.2 11462.4 11462 11461 11460 11460.2 11460.7 11461.3 11461.3 11460.2 11458.6
11611.7 11607.2 11604.4 11601.9 11599.3 11596 11592.3 11588.2 11583.4 11577.9 11574.1 11571.1 11569.1 11567.8 11566.2 11564.5 11562.1 11559.8 11556.8 11553.4 11550.4 11553.6 11553.3 11550.3 11546.6 11541.9 11535.1 11532.8 11534.8 11533.9 11532 11529.5 11526.8 11524.1 11522.5 11520.7 11519.1 11520.3 11521.6 11523.4 11525.2 11527.3 11530 11532.8 11533.7 11532.3 11530.4 11528.4 11525.9 11522.5 11518 11512 11504.3 11495 11484.5 11473.7 11464.4 11459.7 11457.1 11455.7 11456.3 11457.2 11458 11458.5 11458.3 11457 11455.9
11609.6 11600.2 11599.7 11598.3 11595.8 11592.9 11589.7 11586.6 11583.4 11580.1 11578.1 11576.7 11573.3 11570.4 11568.1 11566.4 11564.2 11562.3 11560.4 11559.2 11560.8 11564.7 11564 11560.2 11555.8 11548.9 11536.9 11532.1 11536.8 11535.9 11533.9 11531.8 11530.4 11530.5 11528.8 11523.2 11520.2 11520.4 11520.8 11520.7 11521.1 11521.6 11522.2 11523 11524.2 11525 11525.1 11524.5 11523.2 11521 11516.8 11510.4 11503.8 11495.2 11484.9 11474.1 11464.3 11459 11455.2 11452.9 11453.9 11455 11456 11456.6 11456.7 11456.3 11455.1
11611.2 11606.9 11600 11596.3 11593.1 11590 11587.2 11585.3 11583.9 11584.2 11584.3 11580 11576.3 11573 11570.1 11568.2 11566.1 11564.9 11563.8 11563.9 11565.3 11571.5 11571.7 11567.3 11563 11556.2 11541.5 11534.3 11539.5 11537.4 11534.6 11532.6 11531.5 11531.5 11528.5 11524 11522.6 11521.4 11520.4 11519.2 11518.1 11516.8 11515 11512.4 11515 11518.1 11519.9 11520.8 11521 11520.4 11518.2 11512.1 11506.1 11497.3 11487.2 11476.7 11467.6 11461.3 11456.6 11453.3 11453.8 11454.3 11454.7 11455.1 11455.3 11456.6 11455
11610.8 11605.2 11599.2 11594.3 11590.8 11587.9 11585.8 11583.7 11582.5 11582.5 11583.4 11582.2 11578.1 11574.6 11571.8 11569.7 11568.1 11566.5 11566.4 11567.1 11568.7 11573.4 11573.9 11570.3 11566 11558.1 11545.2 11535.6 11538.9 11536.7 11534.9 11533.4 11530.9 11525.2 11519.9 11523.4 11524.4 11522.4 11519.7 11517.6 11515.4 11513 11510.3 11507.3 11509.8 11513 11515.6 11517.5 11518.8 11519.8 11521 11520.2 11509.9 11500.4 11490.8 11480.4 11471.2 11465.7 11460.7 11457.2 11455.5 11454.8 11454.5 11454 11453 11450.7 11448.1
11607.5 11601.1 11595.6 11591.4 11588.2 11585.5 11583 11581.5 11579.8 11577.5 11574.3 11577.8 11577.1 11574.6 11572.4 11570.1 11569.1 11567.7 11567.8 11569.4 11572.1 11572.9 11571 11570.5 11568.4 11562.2 11549.3 11536.1 11532.8 11534.3 11535.5 11535.7 11534.1 11530.3 11526.6 11527.8 11527.2 11523.4 11519.1 11515.6 11512.5 11509.9 11508.1 11507.9 11507.5 11509.8 11512.2 11514.5 11516.2 11517.8 11519 11517.7 11510.7 11503.2 11495.5 11487.5 11479.1 11472.2 11466 11460.3 11458.3 11456.5 11455.2 11453.9 11451.9 11448.6 11446.4
11601.4 11594.2 11591 11588.1 11585.4 11582.9 11581.5 11578.7 11577.6 11576.6 11577.3 11577.6 11576.5 11574.3 11572.1 11570.2 11568.9 11567.7 11567.6 11568.9 11572.2 11572.2 11567.8 11570.4 11570.5 11568 11553.2 11535 11530.8 11534.4 11538.2 11540 11540.9 11541 11540.4 11536.1 11529.7 11522.9 11518 11514.1 11510.6 11507.6 11505.5 11504.1 11505.2 11507.3 11509.8 11511.9 11513.5 11514.2 11513.8 11512.4 11509.3 11504.8 11500 11495.4 11488.4 11479.1 11471.8 11467 11462.3 11458.8 11456.6 11454.8 11453 11451.2 11450.5
11596 11589.2 11587.4 11585.5 11583.2 11580.5 11576.1 11576.3 11576.1 11576.2 11578.9 11577.9 11575.8 11573.6 11571.7 11569.8 11568.3 11566.6 11565.7 11565.3 11564.9 11564.5 11569 11571.4 11570.5 11566.6 11555.4 11541.2 11537.6 11540.3 11543 11545.3 11547.8 11550.8 11551.6 11544.9 11531.4 11520.9 11517 11513.1 11509.3 11505.6 11502.8 11502 11503 11505.4 11508 11510 11511.4 11511.4 11509.6 11508.7 11508 11505.7 11502.5 11499 11492.6 11483.8 11475.9 11469.4 11464.2 11460.7 11458.4 11456.6 11454.9 11453.5 11452
11594.2 11588.6 11586.2 11583.9 11581.6 11579.8 11579.4 11577.1 11574.5 11573.2 11573.3 11574.7 11573.7 11571.8 11570.1 11568.3 11566.5 11565.4 11563.7 11561.7 11558.6 11557.8 11571 11571.5 11568.8 11564.8 11557 11547.5 11545.6 11547.9 11548.4 11549.2 11551.3 11556.7 11565.6 11555.9 11534.8 11523 11517.9 11513.3 11508.7 11504.3 11500.4 11499.5 11502 11504.4 11507.1 11509.2 11510.5 11510.8 11510.1 11509.1 11508.2 11506.3 11503.4 11499.3 11493.7 11486.4 11478.7 11471 11465.3 11462.8 11460.7 11458.5 11456.5 11455 11454.3
11598.4 11591.4 11586.6 11583 11580.3 11578.2 11577.1 11574.8 11571.3 11569.6 11571 11572.5 11570.7 11569.3 11567.7 11566.4 11565.1 11563.9 11562 11559.8 11557.4 11557.8 11568 11568.3 11564.1 11560.2 11555.1 11549 11549.4 11553 11552.2 11550 11548.5 11548.8 11554.3 11541 11529.6 11525.5 11519.6 11514 11509 11504.2 11499.6 11499.3 11502.5 11504.6 11507.3 11509.4 11511 11511.6 11510.7 11510.4 11509.4 11507.5 11504.2 11499.3 11494.8 11489 11482.1 11474.4 11468.2 11466.4 11463.5 11460.5 11457.5 11455.1 11453.4
11594.8 11591.1 11586.1 11581.6 11577.8 11574.9 11572.8 11570.2 11566.3 11564.6 11565 11566.2 11566.4 11566.3 11565.7 11564.9 11563.6 11562.1 11560.6 11559.3 11558.8 11560.4 11563.8 11559.6 11555.9 11552 11548.5 11550 11555.1 11559.2 11553.5 11548.1 11542.1 11532 11508.9 11499.5 11517.9 11524.5 11520 11514.5 11510.1 11506.3 11502.3 11501.8 11503.5 11506.2 11508.6 11510.7 11512.5 11513.8 11514.3 11512.9 11511.3 11509.3 11506.6 11502.9 11497.9 11492.4 11486.6 11481.4 11477.2 11471.8 11467.1 11462.6 11458.3 11454 11449
11597.7 11591.1 11584.7 11579.1 11574.5 11570.2 11566.4 11562.7 11560.1 11558.4 11558.5 11560.1 11562.5 11563.7 11563.8 11563.3 11562.5 11561.1 11560.2 11558.8 11558.4 11558.2 11550.7 11547.4 11547 11545 11543.5 11545.9 11551.6 11554.5 11549.4 11544.2 11538.3 11529.8 11516.1 11512.8 11521.6 11521.7 11517.7 11514 11511.2 11509.5 11508.8 11507.4 11506.6 11508.6 11510.6 11512.6 11514.4 11515.7 11516.8 11514.9 11513 11510.9 11508.8 11506.2 11500.8 11495.5 11490.8 11486.8 11482.9 11476.8 11470.6 11464.9 11459.5 11454.1 11448.5
11596.5 11589.3 11581.7 11575.6 11570.6 11565.9 11560.7 11555.5 11555.4 11554.6 11555 11558.3 11560.9 11562.1 11562.5 11562.3 11561.7 11560.2 11558.8 11557.4 11555.8 11552.5 11547 11542.3 11539.6 11538.6 11538.7 11535 11531.2 11538.4 11540.1 11538.9 11537.1 11536.5 11543.2 11552.9 11532.6 11519.5 11515.1 11513.3 11511.7 11511.3 11512.8 11510.4 11510.3 11510.8 11512.7 11514.8 11516.5 11517.1 11516.3 11516.1 11514.3 11511.8 11508.9 11505.8 11501.7 11497.4 11493.6 11490.2 11486.5 11480.4 11473.4 11466.8 11460.8 11455.6 11451.2
11591.3 11582.7 11575.8 11570.6 11566.5 11562.9 11558.9 11554.9 11555.8 11556.3 11557.4 11559.5 11561.1 11562.1 11562.2 11561.8 11560.6 11558.9 11557 11555.2 11553.1 11550.1 11543.7 11535.6 11532.5 11531.2 11529.6 11524.4 11519.7 11526.1 11530.8 11533.1 11534.6 11536.6 11540.6 11540.9 11530.5 11520.6 11516.1 11513.6 11511.3 11510 11511.1 11510.2 11511.1 11512.7 11514.7 11517.1 11519.2 11520.3 11519.5 11518.1 11515.4 11512.1 11508.1 11504.5 11501.4 11498 11494.8 11491.9 11489 11482.8 11475 11468 11461.9 11457 11453.7
11575.6 11570.1 11566.6 11564.2 11562.4 11560.9 11559.9 11560.3 11559.9 11560.3 11561.1 11562.2 11562.7 11562.8 11562.4 11561.2 11559.5 11557.4 11555.1 11552.6 11550.7 11549.9 11544.9 11529.5 11526.9 11524.8 11521.4 11517.4 11514.5 11517.5 11523.4 11528.1 11530.9 11532 11530.8 11525 11524 11522.4 11519.4 11515 11510.8 11506.5 11504.6 11507.7 11510.7 11513.5 11516.2 11519 11521.8 11524.4 11524.3 11520.3 11516.5 11512.5 11507.9 11504.1 11501 11497.7 11494.3 11491.4 11489.3 11482.7 11474.6 11468.1 11462.4 11457.4 11453
11551.1 11554.4 11556.3 11557.5 11558.5 11559.4 11560.8 11562.6 11563.1 11563.7 11564.5 11564.5 11565 11564.4 11563.2 11561.2 11558.9 11556.2 11553.3 11550.3 11546.5 11541.8 11533.9 11528.1 11524 11521.5 11518.9 11515 11510.9 11513.6 11520.5 11525.7 11528.3 11528.5 11526.1 11522.6 11521.7 11522.2 11520.7 11516.8 11512.2 11505.7 11501.8 11507.5 11511.6 11514.8 11517.5 11520.3 11523.1 11525 11524.4 11521 11517 11512.9 11508.8 11504.7 11500.8 11497 11492.8 11488.3 11483.2 11477.2 11471.9 11467.2 11462.6 11458 11452.9
