real_craters/C196-1000m.grd
DSAA
109 109
-53.9 53.9
-53.9 53.9
3123.0749930014 5327.0017934514
[rows 30 to 59 of 109, columns 0 to 66 of 109]
4643.36 4641.98 4647.88 4642.8 4635.76 4632.66 4632 4633.41 4629.35 4635 4633.24 4632.37 4619.48 4621 4620.9 4622.84 4625.24 4626.68 4621.78 4623.37 4628.86 4622.7 4610.42 4616.53 4619.44 4618.71 4632.8 4637.35 4635.71 4633.87 4622.79 4627.55 4651.7 4678.13 4708.59 4722.75 4722.52 4719.15 4712.52 4706.46 4699.8 4700.42 4711.24 4737.59 4745.79 4751.48 4732.6 4732.59 4785.76 4755.44 4771.72 4792.42 4789.29 4830.15 4883.11 4860.08 4856.44 4839.71 4804.03 4765.46 4720.54 4684.16 4690.05 4741.16 4749.03 4700.52 4673.39
4641.05 4633.19 4635.77 4635.81 4633.24 4636.13 4632.78 4633.36 4631.83 4629.98 4632.47 4629.48 4624.89 4621.77 4623.05 4625.08 4625.93 4620.94 4618.6 4622.4 4625.64 4617.04 4612.8 4624.18 4624.96 4617.95 4628.57 4634.32 4627.01 4632.71 4628.61 4642.59 4656.39 4677.57 4717.31 4734.5 4735.91 4720.55 4711.96 4733.06 4749.87 4744.33 4751.53 4788.84 4785.38 4801.59 4792.45 4814.69 4845.8 4836.44 4821.35 4814.87 4824.65 4851.86 4946.93 4985.97 4938.77 4923.02 4881.21 4835.88 4774.71 4713.45 4723.56 4784.49 4786.77 4756.78 4713
4636.29 4636.3 4639.94 4634.47 4628.67 4628.51 4627.26 4630.24 4629.95 4628.29 4626.91 4624.93 4622.56 4624.18 4625.32 4628.76 4625.47 4620.86 4624.4 4624.98 4621.79 4617.06 4607.69 4621.38 4623.45 4616.86 4618.99 4619.75 4624.61 4624.27 4634.15 4644.34 4665.43 4685.03 4726.23 4751.61 4758.6 4752.28 4744.69 4761.77 4773.64 4775.87 4792.39 4839.86 4852.38 4853.53 4853.6 4881.43 4931.62 4905.12 4886 4844.83 4856.22 4888.63 4937.67 4992.28 4981.06 4960.34 4943.95 4915.06 4841.59 4746.18 4772.16 4800.58 4813.11 4797.17 4761.63
4636.38 4637.47 4638.41 4634.49 4628.81 4626.56 4626.7 4629.02 4627.81 4625.9 4624.93 4626.19 4628.51 4626.65 4623.58 4632.75 4629.61 4616.8 4618.62 4622.78 4622.61 4617.3 4619.95 4620.1 4621.49 4620.21 4618.63 4620.48 4620.56 4621.17 4626.09 4650.92 4675.86 4703.5 4727.66 4758.39 4773.86 4770.23 4770.71 4789.86 4801.34 4794.65 4835.92 4909.82 4912.16 4929.06 4925.95 4958.5 5012.52 4971.26 4920.06 4879.32 4901.14 4896.14 4894.86 4923.83 4962.83 4985.34 4979.93 4968.35 4873.64 4808.71 4810.19 4833.78 4866.49 4843.51 4800.84
4641.1 4635.43 4640.25 4634.9 4629.57 4627.31 4627.45 4625.72 4623.96 4625.95 4623.66 4626.68 4632.08 4628.28 4626.71 4629.26 4630.89 4631.81 4631.21 4638.91 4631.96 4622.48 4619.18 4629.35 4631.81 4635.76 4623.69 4625.1 4622.87 4619.29 4626.03 4649.48 4685.15 4715.77 4727.36 4762.44 4795.73 4803.21 4806.72 4814.09 4812.2 4816.3 4833.45 4864.15 4912.62 4932.77 4973.31 5020.98 5024.52 4992.93 4988.86 4976.56 4993.87 4996.56 4959.46 4927.74 4932.87 4945.53 4964.09 4982.94 4966.06 4928.31 4892.93 4862.5 4887.67 4859.07 4821.8
4634.78 4628.09 4636.28 4633.27 4629.35 4625.7 4626.73 4627.26 4623.88 4620.32 4622.6 4625.25 4623.16 4626.86 4631.46 4629.83 4627.67 4625.69 4636.69 4638.72 4647.05 4653.28 4641.28 4634.6 4643.71 4655.42 4644.16 4624.15 4614.9 4616.69 4622.63 4648.64 4697.4 4741.47 4763.22 4806.87 4864.41 4866.27 4863.2 4838.11 4828.96 4859.99 4862.95 4868.48 4874.62 4956.1 5014.58 5014.31 4995.14 5017.3 5062.3 5069.21 4996.56 5037.28 5006.89 4998.99 5031.65 5049.02 5026.16 5048.45 5135.65 5117.74 5052.23 4955.41 4914.77 4897.66 4880.58
4631.21 4631.62 4629.6 4629.11 4627.33 4625.17 4626.62 4629.99 4625.08 4618.78 4620.88 4622.73 4621.31 4624.55 4627.63 4626.02 4628.6 4632.11 4630.73 4642.55 4648.67 4646.29 4646.24 4645.83 4657.56 4677.14 4670.25 4663.44 4630.3 4613.48 4625.6 4662.19 4718.56 4772.54 4819.76 4844.89 4890.03 4893.04 4852.44 4814.04 4833.28 4882.99 4870.3 4864.44 4914.93 5042.97 5048.48 5038.34 5025.31 5021.4 5058.42 4822.72 4699.52 4671.56 4634.73 4742.47 4808.85 4881.74 4899.86 4974.62 5033.95 5153.8 5183.64 5064.32 4955.09 4937.04 4911.05
4628.76 4628.84 4626.23 4626.08 4625.22 4621.01 4622.79 4625.07 4626.04 4624.65 4624.9 4624.38 4623.52 4624.27 4622.66 4623.7 4629.43 4637.28 4635.03 4642.37 4646.03 4635.78 4640.9 4647.33 4653.86 4662.96 4678.24 4692.55 4690.34 4659.69 4644.41 4690.52 4748.83 4803.26 4840.12 4864.81 4885.19 4861.04 4826.12 4806.82 4832.58 4834.33 4844.54 4848.83 4925.55 5020.82 5015.29 4978.31 4862.66 4787.86 4697.79 4488.74 4408.95 4407.94 4389.54 4404.59 4406.54 4506.5 4556.77 4646.86 4747.82 4840.22 4939.04 5123.87 5084.38 5051.45 5043.99
4629.74 4628.26 4626.85 4626.69 4623.62 4621.73 4624.19 4629.03 4625.77 4622.95 4624.47 4623.56 4620.47 4621.45 4622.18 4623.96 4626.62 4627.46 4632.19 4633.3 4637.43 4631.66 4632.26 4654.39 4653.49 4658.75 4680.01 4703.01 4718.28 4745.22 4729.09 4748.9 4790.55 4839.55 4890.64 4916.85 4900.11 4865.16 4827.04 4817.78 4830.53 4833.92 4852.92 4888.94 4939.7 4976.54 4946.41 4865.37 4562.19 4415.75 4300.79 4207.71 4176.54 4193.84 4246.47 4228.18 4236.75 4291.21 4361.08 4439.33 4514.64 4596.53 4698.84 4900.77 5133.49 5137.75 5126.16
4625.31 4627.58 4627.78 4630.1 4630.62 4626.95 4637.92 4631.5 4625.73 4621.18 4619.63 4620.87 4618 4613.63 4617.54 4621.1 4624.28 4626.3 4629.51 4631.64 4634.54 4629.83 4629.11 4638.09 4643.38 4651.32 4670.93 4706.88 4743.06 4758.15 4779.63 4794.27 4823.17 4863.68 4904.86 4924.8 4906 4872.06 4828.35 4814.78 4838.79 4848.53 4888.38 4952.45 4954.28 4905.99 4672.9 4530.62 4254.02 4143.83 4078.79 4035.6 4004.99 4014.1 4042.33 4054.45 4088.93 4145.12 4242.07 4290.07 4300.52 4355.26 4475.56 4636.48 4853.33 5076.37 5308.37
4623.19 4626.95 4631.67 4631.66 4636.6 4631.63 4626.19 4620.93 4620.25 4619.32 4616.75 4619.31 4622.57 4624.99 4617.95 4619.65 4625.72 4633.56 4644.14 4646.57 4643.28 4642.39 4640.13 4642.25 4629.99 4613.12 4633.35 4676.27 4724.4 4762.22 4796.1 4812.05 4841.25 4875.22 4907.57 4905.59 4874.29 4840.8 4821.42 4817.28 4866.72 4911.68 4964.09 5011.1 4908.48 4574.33 4309.9 4205.29 4034.54 3964.28 3911.76 3882.5 3901.66 3926.72 3930.98 3903.89 3894.49 3897.77 3975.34 4015.46 4091.16 4171.93 4268.6 4416.9 4599.92 4841.35 5135.69
4627.99 4626.85 4623.36 4626.23 4624.39 4623.71 4610.85 4613.96 4620.13 4620.29 4617.26 4616.56 4622.36 4633.3 4621.25 4621.19 4627.27 4635.64 4645.74 4640 4634.85 4639.54 4641.88 4636.69 4633.13 4629.67 4620.32 4627.3 4680.92 4748.96 4769.61 4813.2 4853.25 4887.49 4913.96 4912.07 4847.23 4817.3 4820.92 4845.67 4893.26 4984.57 5034.44 4869.8 4593.89 4269.11 4060.56 3973.35 3815.59 3769.57 3733.78 3686.39 3722.32 3833.45 3797.72 3758.57 3756.52 3732.46 3770.43 3844.81 3936.8 4012.81 4093.96 4215.65 4374.04 4563.36 4799.75
4631.45 4625.95 4624.16 4624.93 4620.72 4621.54 4621.55 4618.18 4617.72 4620.04 4618.9 4616.84 4620.78 4618.09 4621.7 4624.02 4627.69 4631.24 4629.11 4631.21 4634.46 4636.59 4643.4 4634.38 4630.66 4637.89 4644.19 4645.4 4643.69 4681.48 4750.57 4811.86 4857.79 4889.72 4911.78 4894.95 4844.74 4826.1 4824.75 4842.19 4908.75 4936.87 4831.71 4518.09 4240.73 4000.94 3876.83 3811.53 3669.67 3569.74 3536.82 3492.57 3524.13 3551.29 3559.79 3566.79 3597.86 3587.54 3619.7 3693.35 3808.21 3863.63 3915.88 4013.37 4163.93 4322.23 4524.46
4635.48 4630.81 4624.78 4626.15 4630.5 4625.43 4624.35 4621.74 4622.82 4619.46 4620.66 4620.34 4620.29 4621.19 4620.23 4626.63 4630.03 4632.35 4631.16 4629.19 4629.52 4633.56 4637.56 4632.57 4632.73 4650.52 4674.48 4684.72 4695.45 4693.21 4759.24 4824.08 4859.77 4888.74 4908.74 4893.78 4874.05 4840.58 4841.63 4872 4989.23 4844.5 4551.04 4232.55 3975.72 3820.59 3756.2 3701.8 3553.28 3418.14 3405.34 3406.55 3426.95 3451.9 3459.89 3468.42 3489.12 3493.9 3507.89 3540.98 3599.34 3698.68 3760.7 3843.13 3986 4135.84 4292.49
4633.59 4631.95 4629.16 4628.72 4627.29 4625.76 4623.07 4620.99 4625.59 4625.5 4621.22 4618.59 4616.69 4620.87 4627.24 4628.35 4631.02 4633.84 4636.01 4632.38 4632.41 4629.45 4630.05 4633.88 4628.56 4653.57 4690.88 4726.13 4746.53 4761.35 4802.95 4838.49 4866.55 4890.21 4905.75 4912.09 4876.47 4862.44 4891.66 4963.35 5017.92 4680.51 4275.18 3987.12 3771.6 3699.89 3695.71 3618.63 3438.12 3313.63 3316.74 3338.43 3359.47 3387.52 3407.03 3418.65 3437.76 3446.95 3450.87 3452.9 3485.14 3560.25 3624.99 3701.37 3822.23 3947.8 4082.33
4630.54 4629.09 4628.41 4629.04 4627.2 4628.38 4619.36 4619.25 4616.34 4621.52 4619.52 4614.65 4617.14 4618.18 4625.58 4626.45 4629.5 4632.95 4631.99 4629.88 4634.85 4636.28 4631.62 4629.75 4633.42 4642.74 4668.1 4719.91 4761.53 4806.34 4817.81 4842.57 4870.62 4886.77 4895.32 4898.53 4892.71 4904.31 4966.47 4975.85 4784.54 4405.22 4048.41 3808.62 3659.61 3609.44 3625.12 3490.77 3335.46 3260.3 3269.24 3288.69 3307.7 3337.71 3371.79 3399.99 3413.04 3417.56 3419.12 3431.98 3455.65 3483.43 3529.22 3609.68 3702.65 3804.29 3922.45
4636.76 4635.49 4638.11 4635.16 4637.39 4635.98 4630.22 4621.12 4619.78 4620.04 4621.51 4617.64 4623.25 4627.5 4618.05 4622.46 4628.21 4633.4 4638.25 4633.11 4651.7 4649.2 4638.65 4626.32 4632.73 4635.09 4674.12 4733.95 4797.72 4840.13 4852.93 4876.53 4884.91 4888.82 4892.25 4899.17 4929.4 4964.29 5052.31 4908.25 4548.23 4165.79 3875.51 3674.96 3584.25 3606.8 3530.8 3341.07 3256.69 3223.46 3243.28 3259.89 3285.67 3328.84 3366.14 3393.88 3403.49 3407.72 3413.28 3427.09 3443.38 3452.53 3489.63 3567.01 3649.5 3738.29 3832.35
4629.88 4632.51 4636.33 4638.35 4639.01 4634.39 4628.85 4623.54 4619.47 4626.71 4627.38 4622.97 4618.33 4620.33 4618.52 4622.46 4629.66 4634.69 4638.64 4636.06 4635.31 4635.15 4635.96 4630.02 4633.66 4627.41 4689.29 4761.54 4813.68 4840.13 4882.13 4912.53 4891.12 4886.89 4893.38 4919.23 4971.15 5038.01 5045.25 4746.58 4313.53 3985.65 3755.68 3602.48 3577.93 3543.72 3471.31 3250.26 3201.56 3203.13 3223.07 3238.51 3263.37 3355.98 3378.45 3393.14 3403.81 3410.42 3412.12 3425.07 3429.36 3429.51 3452.33 3523.27 3612.2 3725.85 3803.01
4630.29 4630.65 4628.89 4634.4 4638.55 4635.94 4629.08 4622.89 4622.61 4618.85 4631.01 4625.82 4625.11 4623 4623.52 4629.43 4634.02 4636.05 4636.17 4631.97 4634.46 4637.28 4647.67 4626.36 4625.84 4624.55 4679.51 4753.14 4822.81 4877.16 4892.98 4877.57 4883.86 4885.65 4891.42 4910.62 4994.06 5036.05 4912.34 4544.2 4115.64 3844.74 3667.36 3572.72 3536.29 3478.1 3378.28 3192.87 3159.69 3174.25 3198.16 3228.52 3285.67 3345.13 3382.95 3394.71 3411.68 3414.86 3410.59 3417.59 3418.13 3414.21 3424.38 3477.12 3588.05 3704.11 3802.92
4630.62 4632.5 4631.27 4629.71 4636.36 4642.02 4635.31 4629.11 4627.62 4626.15 4628.83 4629.58 4629 4627.4 4630.04 4638.67 4636.28 4637.27 4638.43 4637.42 4635.07 4639.55 4642.11 4637.64 4637.33 4645.4 4678.28 4745.5 4805.21 4877.73 4895.36 4872.6 4879.29 4886.88 4895.59 4903.4 4957.46 4924.06 4720.81 4363.28 3987.83 3750.52 3632.27 3555.28 3488.77 3430.94 3297.22 3137.96 3131.84 3155.47 3211.57 3271.65 3340.69 3401.5 3436.03 3444.87 3443.09 3430.89 3422.26 3423.87 3420.21 3410.17 3408.92 3441.01 3549.96 3695.33 3788.49
4633.91 4637.7 4646.04 4648.28 4639.87 4634.13 4631.34 4627.8 4627.46 4626.7 4620.41 4617.89 4618.72 4625.48 4635.18 4634.49 4633.11 4634.81 4638.49 4639.67 4635.12 4653.82 4656.61 4659.79 4664.03 4685.47 4720.99 4783.84 4805.38 4861.17 4905.56 4884.89 4885.51 4902.91 4923 4944.57 4985.1 4866.74 4535.65 4216.7 3898.41 3700.83 3608.95 3519.8 3449.13 3371.19 3205.69 3123.07 3136.6 3177.31 3274.33 3353.29 3431.71 3496.46 3516.61 3511.2 3479.55 3464.61 3441.52 3429.96 3425.31 3414.89 3412.32 3425.65 3494.74 3610.45 3731.07
4629.24 4638.11 4648.2 4652.01 4644.85 4635.52 4629.96 4624.73 4623.3 4618.56 4617.7 4611.82 4616.39 4624.48 4624.95 4621.66 4624.82 4627.97 4632.3 4636.35 4635.03 4648.5 4661.05 4673.42 4688.94 4701.88 4730.58 4760.79 4778.54 4835.57 4855.16 4865.93 4885.64 4923.39 4959.03 4982.8 5044.99 4914.75 4475.63 4125.6 3847.12 3658.99 3586.06 3500.75 3419.02 3307.87 3162.59 3145.53 3170.09 3215.72 3315.95 3449.06 3534.77 3598.81 3619.76 3591.9 3516.93 3484.65 3453.78 3443.86 3431.21 3419.28 3415.13 3425.54 3455.95 3531.85 3665.39
4632.66 4633.43 4639.9 4649.47 4647.3 4639.4 4631.18 4625.21 4625.01 4621.17 4612.83 4609.91 4612.87 4614.78 4614.64 4614.11 4614.73 4617.7 4621.5 4626.72 4637.01 4647.39 4658 4671.14 4681.97 4698.33 4705.49 4714.03 4744 4774.4 4797.71 4819.91 4871.31 4947.29 5021.46 5074.15 5091.84 4923.4 4439.99 4068.71 3828.56 3669.29 3588.29 3500.9 3386.88 3241.61 3179.46 3191.8 3219.27 3268.48 3366.8 3474.11 3590.76 3737.73 3850.96 3693.44 3545.16 3480.24 3440.99 3426.71 3426.9 3421.4 3414.31 3419.48 3440.26 3497.74 3611.42
4623.25 4626.21 4627.28 4630.74 4632.71 4636.1 4632.48 4626.73 4625.45 4622.73 4617.17 4610.75 4607.92 4603.6 4603.84 4602.25 4606.58 4609.48 4610.03 4612.9 4610.74 4634.05 4638.73 4636.52 4642.5 4653.58 4668.23 4684.97 4696.39 4721.47 4744.11 4781.38 4852.73 4974.69 5090.49 5134.98 5063.79 4786.76 4376.88 4031.14 3816.11 3668.59 3589.88 3495.76 3355.68 3231.58 3217.48 3235.8 3257.74 3295.87 3362.95 3451.52 3582.92 3769.23 3833.29 3701.1 3569.21 3489.91 3440.58 3419 3420.47 3415.54 3406.9 3411.04 3428.79 3473.2 3572.88
4624.17 4623.26 4620.55 4620.97 4632.59 4638.1 4634.43 4631.87 4630.32 4623.36 4618 4610.37 4602.93 4601.08 4603.77 4599.48 4606.37 4608.22 4604.4 4595.86 4604.59 4603.85 4607.94 4608.06 4608.32 4615.22 4624.36 4640.16 4661.44 4689.3 4730.81 4774.04 4851.29 5010.09 5177.01 5280.36 5229.18 4845.38 4384.56 4031.51 3830.94 3701.02 3610.23 3490 3335.3 3249.59 3260.58 3260.91 3285.15 3316.3 3359.06 3431.89 3519.03 3638.69 3636.37 3622.77 3575.31 3519.62 3445.8 3409.74 3410.26 3404.43 3398.11 3403.79 3416.65 3449.72 3536.35
4626.6 4625.57 4622.99 4626.26 4620.69 4632.99 4630.9 4627.99 4623.05 4620.88 4618.21 4611.95 4611.48 4617.46 4616.83 4620.55 4619.18 4613.26 4608.2 4612.1 4613.37 4615.27 4611.25 4611.38 4612.13 4620.22 4627.64 4639.56 4663.31 4692.22 4744.62 4785.22 4857.43 5027.91 5220.39 5327 5221.31 4860.86 4414.63 4056.82 3866.99 3746.99 3645.79 3499.05 3351.38 3309.07 3302.55 3290.34 3318.25 3338 3364.93 3433.46 3528.1 3633.83 3641.21 3583.17 3545.7 3494.25 3435.26 3391.25 3388.65 3392.64 3392.51 3397.83 3409.06 3446.92 3526.07
4634.09 4630.65 4625.8 4617.12 4618.59 4624.21 4624.73 4621 4617.45 4621.45 4627.57 4631.71 4629.47 4632.23 4633.14 4636.73 4630.01 4621.42 4613.08 4610.44 4620.2 4622.18 4626.74 4617.94 4615.28 4637.28 4646.56 4670.84 4697.86 4716.5 4735.75 4772.7 4841.53 5018.75 5208.77 5300.21 5234.01 4896.93 4452.57 4094.54 3912.6 3802.59 3693.45 3528.08 3390.83 3366.4 3338.06 3325.3 3352.78 3362.84 3382.31 3428.63 3515.05 3602.38 3613.62 3548.16 3501.85 3455.85 3425.22 3392.76 3380.63 3389 3389.21 3393.88 3402.93 3442.59 3503.84
4634.25 4632.25 4634.65 4626.25 4621.5 4622.44 4623.03 4620.8 4617.5 4623.14 4625.8 4637.48 4637.23 4633.83 4642.77 4655.23 4641.8 4626.56 4616.36 4609.92 4607.19 4617.04 4638.75 4635.86 4617.13 4638.32 4656.98 4666.68 4681.66 4702.59 4724.8 4755.48 4828.72 5006.2 5195 5279.76 5226.59 4952.48 4490.35 4116.63 3947.23 3860.41 3729.36 3564.93 3432.28 3401.17 3380.8 3379.85 3384.39 3380.28 3394.52 3420.13 3462.37 3487.37 3516.02 3495.52 3457.69 3430.17 3426.79 3401.17 3391.16 3386.24 3384.66 3394.97 3408.04 3442.89 3497.21
4625.47 4626.44 4625.55 4627.15 4630.31 4628.95 4628.87 4627.64 4626 4626.06 4626.57 4633.81 4630.94 4631.46 4644.25 4648.93 4641.05 4626.73 4615.99 4616.67 4628.17 4622.22 4648.68 4640.76 4625.38 4649.12 4662.04 4666.21 4672.92 4690.91 4733.29 4776.6 4844.32 5006.5 5200.03 5262.41 5187.49 4962.4 4531.69 4160.11 3965.2 3869.78 3772.15 3603.71 3464.48 3445.94 3467.17 3464.32 3409.56 3391.54 3398.69 3414.97 3426.14 3442.08 3459.72 3461.94 3452.73 3434.46 3425.97 3406.35 3393.73 3377.12 3379.77 3389 3409.12 3453.93 3514.18
4620.01 4622.93 4625.04 4630.23 4636.35 4641.57 4636.07 4632.46 4632.34 4627.68 4619.54 4617.55 4632.74 4641.68 4647.19 4646.74 4633.65 4624.4 4611.18 4618.16 4622.57 4612.88 4622.61 4614.2 4613.82 4617.55 4623.48 4633.03 4636.99 4693.58 4757.43 4803.53 4875.87 5032.34 5195.03 5220.44 5137.46 5010.96 4606.77 4226.32 4002.58 3879.19 3792.76 3629.96 3500.13 3495.2 3530.88 3566.3 3480.12 3421.46 3399.77 3402.96 3408.32 3417.52 3432.3 3438.34 3434.5 3424.24 3417.77 3401.87 3391.86 3371.23 3380.37 3391.87 3409.86 3491.12 3581.74
