real_craters/C196-750m.grd
DSAA
253 253
-94.325 94.325
-94.325 94.325
6859.259982802 12497.536556725
[rows 26 to 51 of 253, columns 57 to 113 of 253]
1.187e+004 1.189e+004 1.19e+004 1.191e+004 1.191e+004 1.19e+004 1.189e+004 1.189e+004 1.188e+004 1.187e+004 1.187e+004 1.187e+004 1.187e+004 1.187e+004 1.187e+004 1.188e+004 1.188e+004 1.19e+004 1.197e+004 1.189e+004 1.175e+004 1.16e+004 1.153e+004 1.152e+004 1.154e+004 1.155e+004 1.157e+004 1.16e+004 1.18e+004 1.204e+004 1.199e+004 1.192e+004 1.188e+004 1.185e+004 1.184e+004 1.184e+004 1.185e+004 1.186e+004 1.187e+004 1.187e+004 1.186e+004 1.186e+004 1.186e+004 1.188e+004 1.187e+004 1.184e+004 1.182e+004 1.18e+004 1.18e+004 1.181e+004 1.18e+004 1.18e+004 1.179e+004 1.18e+004 1.181e+004 1.182e+004 1.183e+004
1.189e+004 1.19e+004 1.189e+004 1.192e+004 1.191e+004 1.19e+004 1.189e+004 1.188e+004 1.187e+004 1.188e+004 1.188e+004 1.188e+004 1.187e+004 1.187e+004 1.189e+004 1.189e+004 1.189e+004 1.191e+004 1.192e+004 1.191e+004 1.187e+004 1.182e+004 1.174e+004 1.175e+004 1.174e+004 1.175e+004 1.179e+004 1.185e+004 1.202e+004 1.201e+004 1.19e+004 1.187e+004 1.186e+004 1.185e+004 1.185e+004 1.184e+004 1.184e+004 1.185e+004 1.186e+004 1.187e+004 1.186e+004 1.186e+004 1.186e+004 1.187e+004 1.185e+004 1.184e+004 1.182e+004 1.18e+004 1.18e+004 1.18e+004 1.18e+004 1.179e+004 1.179e+004 1.179e+004 1.18e+004 1.181e+004 1.182e+004
1.189e+004 1.19e+004 1.19e+004 1.191e+004 1.19e+004 1.19e+004 1.189e+004 1.188e+004 1.188e+004 1.189e+004 1.188e+004 1.188e+004 1.189e+004 1.189e+004 1.19e+004 1.19e+004 1.19e+004 1.19e+004 1.191e+004 1.193e+004 1.195e+004 1.202e+004 1.208e+004 1.198e+004 1.192e+004 1.191e+004 1.195e+004 1.205e+004 1.201e+004 1.195e+004 1.188e+004 1.186e+004 1.186e+004 1.186e+004 1.185e+004 1.184e+004 1.183e+004 1.182e+004 1.184e+004 1.185e+004 1.185e+004 1.184e+004 1.185e+004 1.187e+004 1.185e+004 1.183e+004 1.182e+004 1.181e+004 1.18e+004 1.18e+004 1.18e+004 1.179e+004 1.179e+004 1.179e+004 1.18e+004 1.181e+004 1.182e+004
1.192e+004 1.191e+004 1.19e+004 1.19e+004 1.19e+004 1.189e+004 1.189e+004 1.188e+004 1.188e+004 1.188e+004 1.189e+004 1.189e+004 1.19e+004 1.19e+004 1.19e+004 1.191e+004 1.191e+004 1.191e+004 1.193e+004 1.194e+004 1.197e+004 1.199e+004 1.203e+004 1.204e+004 1.2e+004 1.199e+004 1.2e+004 1.2e+004 1.195e+004 1.192e+004 1.187e+004 1.186e+004 1.186e+004 1.186e+004 1.185e+004 1.185e+004 1.184e+004 1.183e+004 1.185e+004 1.184e+004 1.184e+004 1.183e+004 1.183e+004 1.185e+004 1.184e+004 1.183e+004 1.182e+004 1.181e+004 1.18e+004 1.18e+004 1.18e+004 1.179e+004 1.178e+004 1.179e+004 1.18e+004 1.181e+004 1.182e+004
1.194e+004 1.192e+004 1.19e+004 1.189e+004 1.189e+004 1.189e+004 1.189e+004 1.188e+004 1.188e+004 1.187e+004 1.188e+004 1.19e+004 1.191e+004 1.19e+004 1.19e+004 1.191e+004 1.192e+004 1.192e+004 1.193e+004 1.195e+004 1.196e+004 1.198e+004 1.2e+004 1.202e+004 1.202e+004 1.201e+004 1.2e+004 1.198e+004 1.193e+004 1.19e+004 1.188e+004 1.187e+004 1.187e+004 1.186e+004 1.186e+004 1.185e+004 1.185e+004 1.186e+004 1.185e+004 1.184e+004 1.183e+004 1.182e+004 1.182e+004 1.184e+004 1.183e+004 1.182e+004 1.181e+004 1.181e+004 1.181e+004 1.18e+004 1.18e+004 1.179e+004 1.179e+004 1.179e+004 1.18e+004 1.181e+004 1.182e+004
1.193e+004 1.192e+004 1.19e+004 1.19e+004 1.189e+004 1.189e+004 1.188e+004 1.188e+004 1.188e+004 1.187e+004 1.188e+004 1.189e+004 1.191e+004 1.191e+004 1.191e+004 1.191e+004 1.193e+004 1.194e+004 1.194e+004 1.195e+004 1.197e+004 1.198e+004 1.199e+004 1.2e+004 1.2e+004 1.2e+004 1.199e+004 1.195e+004 1.191e+004 1.189e+004 1.187e+004 1.187e+004 1.187e+004 1.186e+004 1.186e+004 1.186e+004 1.186e+004 1.186e+004 1.185e+004 1.184e+004 1.182e+004 1.182e+004 1.183e+004 1.184e+004 1.181e+004 1.18e+004 1.181e+004 1.182e+004 1.182e+004 1.181e+004 1.18e+004 1.179e+004 1.178e+004 1.179e+004 1.18e+004 1.181e+004 1.182e+004
1.192e+004 1.191e+004 1.191e+004 1.19e+004 1.189e+004 1.189e+004 1.188e+004 1.188e+004 1.187e+004 1.187e+004 1.188e+004 1.189e+004 1.189e+004 1.19e+004 1.191e+004 1.191e+004 1.192e+004 1.193e+004 1.194e+004 1.196e+004 1.197e+004 1.198e+004 1.199e+004 1.199e+004 1.199e+004 1.199e+004 1.198e+004 1.195e+004 1.191e+004 1.189e+004 1.188e+004 1.188e+004 1.187e+004 1.186e+004 1.186e+004 1.186e+004 1.186e+004 1.186e+004 1.186e+004 1.184e+004 1.182e+004 1.181e+004 1.18e+004 1.181e+004 1.18e+004 1.18e+004 1.181e+004 1.182e+004 1.182e+004 1.18e+004 1.18e+004 1.179e+004 1.179e+004 1.18e+004 1.181e+004 1.182e+004 1.182e+004
1.191e+004 1.191e+004 1.191e+004 1.19e+004 1.189e+004 1.189e+004 1.188e+004 1.188e+004 1.188e+004 1.188e+004 1.188e+004 1.189e+004 1.19e+004 1.192e+004 1.192e+004 1.192e+004 1.192e+004 1.193e+004 1.194e+004 1.196e+004 1.198e+004 1.199e+004 1.198e+004 1.198e+004 1.198e+004 1.198e+004 1.198e+004 1.195e+004 1.192e+004 1.19e+004 1.19e+004 1.188e+004 1.187e+004 1.186e+004 1.186e+004 1.186e+004 1.186e+004 1.186e+004 1.185e+004 1.183e+004 1.183e+004 1.181e+004 1.18e+004 1.179e+004 1.18e+004 1.18e+004 1.181e+004 1.181e+004 1.181e+004 1.18e+004 1.18e+004 1.18e+004 1.181e+004 1.181e+004 1.182e+004 1.183e+004 1.183e+004
1.19e+004 1.189e+004 1.189e+004 1.189e+004 1.189e+004 1.188e+004 1.188e+004 1.188e+004 1.187e+004 1.188e+004 1.189e+004 1.189e+004 1.189e+004 1.19e+004 1.191e+004 1.192e+004 1.193e+004 1.194e+004 1.195e+004 1.197e+004 1.198e+004 1.199e+004 1.198e+004 1.197e+004 1.197e+004 1.198e+004 1.197e+004 1.194e+004 1.192e+004 1.191e+004 1.19e+004 1.188e+004 1.186e+004 1.186e+004 1.185e+004 1.185e+004 1.186e+004 1.185e+004 1.183e+004 1.183e+004 1.183e+004 1.184e+004 1.18e+004 1.179e+004 1.179e+004 1.18e+004 1.181e+004 1.181e+004 1.181e+004 1.181e+004 1.181e+004 1.181e+004 1.182e+004 1.182e+004 1.183e+004 1.183e+004 1.184e+004
1.189e+004 1.189e+004 1.188e+004 1.188e+004 1.188e+004 1.188e+004 1.188e+004 1.188e+004 1.188e+004 1.188e+004 1.189e+004 1.189e+004 1.189e+004 1.19e+004 1.191e+004 1.192e+004 1.194e+004 1.195e+004 1.197e+004 1.198e+004 1.198e+004 1.198e+004 1.198e+004 1.197e+004 1.197e+004 1.197e+004 1.196e+004 1.195e+004 1.193e+004 1.191e+004 1.19e+004 1.188e+004 1.186e+004 1.186e+004 1.186e+004 1.186e+004 1.186e+004 1.185e+004 1.184e+004 1.183e+004 1.183e+004 1.183e+004 1.178e+004 1.178e+004 1.179e+004 1.18e+004 1.18e+004 1.181e+004 1.182e+004 1.182e+004 1.181e+004 1.182e+004 1.183e+004 1.184e+004 1.184e+004 1.184e+004 1.185e+004
1.189e+004 1.189e+004 1.188e+004 1.188e+004 1.188e+004 1.188e+004 1.188e+004 1.189e+004 1.189e+004 1.189e+004 1.189e+004 1.189e+004 1.189e+004 1.189e+004 1.19e+004 1.192e+004 1.193e+004 1.195e+004 1.198e+004 1.198e+004 1.199e+004 1.199e+004 1.198e+004 1.197e+004 1.196e+004 1.196e+004 1.196e+004 1.194e+004 1.193e+004 1.191e+004 1.19e+004 1.19e+004 1.189e+004 1.188e+004 1.187e+004 1.187e+004 1.186e+004 1.185e+004 1.184e+004 1.183e+004 1.182e+004 1.181e+004 1.18e+004 1.179e+004 1.179e+004 1.18e+004 1.18e+004 1.181e+004 1.182e+004 1.183e+004 1.183e+004 1.184e+004 1.185e+004 1.185e+004 1.185e+004 1.185e+004 1.185e+004
1.189e+004 1.189e+004 1.189e+004 1.189e+004 1.189e+004 1.189e+004 1.189e+004 1.189e+004 1.189e+004 1.19e+004 1.191e+004 1.19e+004 1.189e+004 1.189e+004 1.191e+004 1.192e+004 1.193e+004 1.194e+004 1.196e+004 1.197e+004 1.197e+004 1.197e+004 1.197e+004 1.196e+004 1.196e+004 1.196e+004 1.195e+004 1.194e+004 1.192e+004 1.191e+004 1.19e+004 1.191e+004 1.19e+004 1.189e+004 1.189e+004 1.188e+004 1.186e+004 1.184e+004 1.184e+004 1.183e+004 1.181e+004 1.18e+004 1.18e+004 1.18e+004 1.18e+004 1.18e+004 1.18e+004 1.181e+004 1.183e+004 1.183e+004 1.184e+004 1.184e+004 1.186e+004 1.186e+004 1.185e+004 1.185e+004 1.185e+004
1.189e+004 1.189e+004 1.189e+004 1.189e+004 1.189e+004 1.189e+004 1.189e+004 1.189e+004 1.19e+004 1.19e+004 1.191e+004 1.193e+004 1.191e+004 1.19e+004 1.191e+004 1.193e+004 1.194e+004 1.196e+004 1.195e+004 1.195e+004 1.194e+004 1.194e+004 1.195e+004 1.195e+004 1.195e+004 1.195e+004 1.194e+004 1.193e+004 1.192e+004 1.192e+004 1.191e+004 1.189e+004 1.189e+004 1.189e+004 1.189e+004 1.187e+004 1.186e+004 1.185e+004 1.184e+004 1.183e+004 1.181e+004 1.179e+004 1.179e+004 1.18e+004 1.18e+004 1.18e+004 1.181e+004 1.182e+004 1.183e+004 1.183e+004 1.183e+004 1.185e+004 1.186e+004 1.186e+004 1.185e+004 1.185e+004 1.185e+004
1.19e+004 1.19e+004 1.19e+004 1.19e+004 1.19e+004 1.19e+004 1.19e+004 1.19e+004 1.19e+004 1.19e+004 1.19e+004 1.192e+004 1.192e+004 1.191e+004 1.192e+004 1.193e+004 1.195e+004 1.194e+004 1.194e+004 1.194e+004 1.193e+004 1.193e+004 1.194e+004 1.195e+004 1.195e+004 1.194e+004 1.194e+004 1.192e+004 1.192e+004 1.194e+004 1.192e+004 1.19e+004 1.19e+004 1.189e+004 1.187e+004 1.186e+004 1.186e+004 1.185e+004 1.184e+004 1.183e+004 1.18e+004 1.179e+004 1.18e+004 1.18e+004 1.18e+004 1.181e+004 1.181e+004 1.182e+004 1.183e+004 1.183e+004 1.183e+004 1.184e+004 1.186e+004 1.186e+004 1.185e+004 1.185e+004 1.184e+004
1.191e+004 1.191e+004 1.19e+004 1.19e+004 1.19e+004 1.19e+004 1.19e+004 1.19e+004 1.19e+004 1.19e+004 1.191e+004 1.191e+004 1.192e+004 1.192e+004 1.193e+004 1.193e+004 1.193e+004 1.194e+004 1.195e+004 1.194e+004 1.194e+004 1.194e+004 1.194e+004 1.194e+004 1.193e+004 1.193e+004 1.193e+004 1.192e+004 1.191e+004 1.192e+004 1.192e+004 1.192e+004 1.191e+004 1.19e+004 1.188e+004 1.186e+004 1.186e+004 1.185e+004 1.183e+004 1.181e+004 1.18e+004 1.18e+004 1.18e+004 1.18e+004 1.181e+004 1.181e+004 1.181e+004 1.182e+004 1.182e+004 1.183e+004 1.183e+004 1.184e+004 1.185e+004 1.185e+004 1.185e+004 1.184e+004 1.184e+004
1.193e+004 1.192e+004 1.191e+004 1.191e+004 1.191e+004 1.191e+004 1.191e+004 1.191e+004 1.191e+004 1.191e+004 1.191e+004 1.193e+004 1.194e+004 1.193e+004 1.193e+004 1.194e+004 1.194e+004 1.195e+004 1.195e+004 1.194e+004 1.194e+004 1.194e+004 1.193e+004 1.193e+004 1.193e+004 1.191e+004 1.191e+004 1.192e+004 1.192e+004 1.192e+004 1.193e+004 1.192e+004 1.192e+004 1.19e+004 1.188e+004 1.187e+004 1.186e+004 1.185e+004 1.183e+004 1.181e+004 1.181e+004 1.18e+004 1.18e+004 1.181e+004 1.181e+004 1.181e+004 1.182e+004 1.182e+004 1.183e+004 1.183e+004 1.183e+004 1.184e+004 1.184e+004 1.184e+004 1.184e+004 1.184e+004 1.183e+004
1.193e+004 1.193e+004 1.192e+004 1.191e+004 1.191e+004 1.191e+004 1.191e+004 1.191e+004 1.191e+004 1.192e+004 1.192e+004 1.192e+004 1.192e+004 1.193e+004 1.194e+004 1.195e+004 1.195e+004 1.196e+004 1.195e+004 1.194e+004 1.193e+004 1.193e+004 1.193e+004 1.193e+004 1.192e+004 1.191e+004 1.193e+004 1.194e+004 1.194e+004 1.193e+004 1.193e+004 1.193e+004 1.191e+004 1.19e+004 1.189e+004 1.188e+004 1.186e+004 1.184e+004 1.183e+004 1.182e+004 1.182e+004 1.181e+004 1.181e+004 1.181e+004 1.181e+004 1.181e+004 1.181e+004 1.182e+004 1.182e+004 1.182e+004 1.183e+004 1.183e+004 1.184e+004 1.184e+004 1.183e+004 1.183e+004 1.183e+004
1.193e+004 1.193e+004 1.192e+004 1.192e+004 1.192e+004 1.192e+004 1.192e+004 1.192e+004 1.192e+004 1.192e+004 1.192e+004 1.192e+004 1.192e+004 1.193e+004 1.194e+004 1.195e+004 1.196e+004 1.195e+004 1.195e+004 1.194e+004 1.193e+004 1.193e+004 1.193e+004 1.193e+004 1.193e+004 1.194e+004 1.194e+004 1.194e+004 1.194e+004 1.193e+004 1.193e+004 1.192e+004 1.19e+004 1.189e+004 1.188e+004 1.187e+004 1.186e+004 1.184e+004 1.183e+004 1.182e+004 1.179e+004 1.18e+004 1.181e+004 1.181e+004 1.181e+004 1.182e+004 1.183e+004 1.183e+004 1.183e+004 1.183e+004 1.183e+004 1.183e+004 1.183e+004 1.183e+004 1.182e+004 1.182e+004 1.182e+004
1.193e+004 1.193e+004 1.193e+004 1.192e+004 1.192e+004 1.192e+004 1.192e+004 1.193e+004 1.193e+004 1.193e+004 1.193e+004 1.192e+004 1.193e+004 1.193e+004 1.194e+004 1.195e+004 1.195e+004 1.195e+004 1.195e+004 1.193e+004 1.193e+004 1.193e+004 1.193e+004 1.194e+004 1.194e+004 1.193e+004 1.192e+004 1.192e+004 1.193e+004 1.193e+004 1.192e+004 1.191e+004 1.189e+004 1.188e+004 1.188e+004 1.187e+004 1.186e+004 1.184e+004 1.183e+004 1.182e+004 1.18e+004 1.181e+004 1.181e+004 1.181e+004 1.182e+004 1.182e+004 1.183e+004 1.183e+004 1.183e+004 1.183e+004 1.182e+004 1.181e+004 1.181e+004 1.181e+004 1.181e+004 1.181e+004 1.181e+004
1.193e+004 1.193e+004 1.193e+004 1.193e+004 1.193e+004 1.193e+004 1.193e+004 1.193e+004 1.193e+004 1.193e+004 1.194e+004 1.193e+004 1.193e+004 1.194e+004 1.194e+004 1.195e+004 1.195e+004 1.195e+004 1.195e+004 1.194e+004 1.194e+004 1.193e+004 1.194e+004 1.194e+004 1.193e+004 1.193e+004 1.193e+004 1.192e+004 1.192e+004 1.192e+004 1.192e+004 1.19e+004 1.189e+004 1.188e+004 1.187e+004 1.186e+004 1.185e+004 1.184e+004 1.183e+004 1.182e+004 1.182e+004 1.181e+004 1.182e+004 1.182e+004 1.182e+004 1.182e+004 1.182e+004 1.183e+004 1.183e+004 1.183e+004 1.182e+004 1.18e+004 1.18e+004 1.18e+004 1.18e+004 1.181e+004 1.181e+004
1.194e+004 1.194e+004 1.194e+004 1.193e+004 1.194e+004 1.194e+004 1.193e+004 1.193e+004 1.193e+004 1.193e+004 1.193e+004 1.194e+004 1.194e+004 1.195e+004 1.195e+004 1.194e+004 1.194e+004 1.195e+004 1.195e+004 1.195e+004 1.194e+004 1.194e+004 1.194e+004 1.194e+004 1.193e+004 1.194e+004 1.194e+004 1.192e+004 1.192e+004 1.192e+004 1.191e+004 1.19e+004 1.189e+004 1.188e+004 1.186e+004 1.185e+004 1.185e+004 1.184e+004 1.183e+004 1.182e+004 1.182e+004 1.182e+004 1.182e+004 1.182e+004 1.182e+004 1.182e+004 1.182e+004 1.183e+004 1.183e+004 1.182e+004 1.181e+004 1.18e+004 1.179e+004 1.179e+004 1.18e+004 1.18e+004 1.181e+004
1.194e+004 1.194e+004 1.194e+004 1.194e+004 1.194e+004 1.194e+004 1.194e+004 1.194e+004 1.193e+004 1.193e+004 1.192e+004 1.195e+004 1.196e+004 1.196e+004 1.196e+004 1.196e+004 1.196e+004 1.196e+004 1.196e+004 1.194e+004 1.194e+004 1.194e+004 1.194e+004 1.194e+004 1.194e+004 1.194e+004 1.194e+004 1.193e+004 1.193e+004 1.192e+004 1.19e+004 1.189e+004 1.189e+004 1.188e+004 1.187e+004 1.186e+004 1.185e+004 1.185e+004 1.184e+004 1.183e+004 1.184e+004 1.183e+004 1.183e+004 1.183e+004 1.183e+004 1.183e+004 1.183e+004 1.183e+004 1.183e+004 1.182e+004 1.181e+004 1.18e+004 1.179e+004 1.179e+004 1.18e+004 1.18e+004 1.181e+004
1.195e+004 1.195e+004 1.195e+004 1.195e+004 1.196e+004 1.195e+004 1.195e+004 1.194e+004 1.194e+004 1.193e+004 1.192e+004 1.195e+004 1.196e+004 1.197e+004 1.197e+004 1.198e+004 1.197e+004 1.197e+004 1.195e+004 1.195e+004 1.195e+004 1.194e+004 1.194e+004 1.194e+004 1.194e+004 1.195e+004 1.194e+004 1.194e+004 1.194e+004 1.193e+004 1.191e+004 1.19e+004 1.189e+004 1.188e+004 1.187e+004 1.186e+004 1.186e+004 1.185e+004 1.185e+004 1.185e+004 1.184e+004 1.184e+004 1.183e+004 1.183e+004 1.183e+004 1.183e+004 1.183e+004 1.183e+004 1.183e+004 1.182e+004 1.18e+004 1.179e+004 1.178e+004 1.179e+004 1.18e+004 1.18e+004 1.181e+004
1.196e+004 1.196e+004 1.196e+004 1.196e+004 1.197e+004 1.196e+004 1.195e+004 1.195e+004 1.194e+004 1.194e+004 1.194e+004 1.195e+004 1.196e+004 1.197e+004 1.199e+004 1.199e+004 1.199e+004 1.197e+004 1.196e+004 1.196e+004 1.195e+004 1.195e+004 1.195e+004 1.195e+004 1.195e+004 1.194e+004 1.195e+004 1.194e+004 1.194e+004 1.194e+004 1.193e+004 1.191e+004 1.189e+004 1.188e+004 1.188e+004 1.188e+004 1.187e+004 1.186e+004 1.186e+004 1.185e+004 1.182e+004 1.183e+004 1.183e+004 1.183e+004 1.183e+004 1.183e+004 1.184e+004 1.184e+004 1.183e+004 1.182e+004 1.18e+004 1.179e+004 1.179e+004 1.179e+004 1.18e+004 1.18e+004 1.181e+004
1.197e+004 1.197e+004 1.196e+004 1.196e+004 1.196e+004 1.196e+004 1.195e+004 1.195e+004 1.195e+004 1.195e+004 1.195e+004 1.196e+004 1.196e+004 1.198e+004 1.199e+004 1.2e+004 1.199e+004 1.197e+004 1.196e+004 1.196e+004 1.195e+004 1.195e+004 1.195e+004 1.196e+004 1.196e+004 1.196e+004 1.196e+004 1.196e+004 1.196e+004 1.195e+004 1.194e+004 1.192e+004 1.19e+004 1.189e+004 1.189e+004 1.188e+004 1.187e+004 1.187e+004 1.187e+004 1.187e+004 1.183e+004 1.183e+004 1.183e+004 1.184e+004 1.184e+004 1.184e+004 1.184e+004 1.184e+004 1.184e+004 1.183e+004 1.181e+004 1.181e+004 1.181e+004 1.18e+004 1.18e+004 1.181e+004 1.182e+004
1.197e+004 1.197e+004 1.197e+004 1.197e+004 1.197e+004 1.196e+004 1.196e+004 1.195e+004 1.195e+004 1.195e+004 1.196e+004 1.199e+004 1.2e+004 1.199e+004 1.199e+004 1.199e+004 1.198e+004 1.197e+004 1.196e+004 1.196e+004 1.196e+004 1.196e+004 1.196e+004 1.196e+004 1.197e+004 1.197e+004 1.196e+004 1.196e+004 1.196e+004 1.196e+004 1.195e+004 1.192e+004 1.19e+004 1.189e+004 1.189e+004 1.189e+004 1.188e+004 1.188e+004 1.188e+004 1.187e+004 1.186e+004 1.185e+004 1.185e+004 1.185e+004 1.186e+004 1.186e+004 1.186e+004 1.185e+004 1.185e+004 1.184e+004 1.182e+004 1.182e+004 1.181e+004 1.182e+004 1.182e+004 1.182e+004 1.182e+004
