real_craters/C196-1000m.grd
DSAA
109 109
-53.9 53.9
-53.9 53.9
3123.0749930014 5327.0017934514
[rows 0 to 29 of 109, columns 0 to 66 of 109]
4685.43 4683.04 4680.5 4679.35 4678.25 4674.07 4671.67 4668.01 4665.82 4665.39 4671.38 4670.51 4670.87 4660.57 4661.95 4662.14 4657.28 4663.98 4655.95 4652.99 4651.54 4646.69 4643.56 4647.58 4646.64 4639.5 4636.75 4639.07 4636.54 4633.92 4626.8 4622.98 4639.76 4619.59 4612.53 4616.6 4622.75 4615.73 4607.27 4641.67 4655.95 4651.69 4642.98 4654.39 4663.32 4660.36 4629.41 4629.88 4629.87 4618.67 4609.27 4607.12 4612.01 4609.68 4608.09 4607.73 4607.32 4608.35 4608.37 4608.44 4604.33 4599.86 4597.52 4591.67 4595.11 4593.12 4601.16
4685.91 4687.64 4681.36 4681.67 4672.72 4674.51 4673.05 4668.49 4664.66 4667.84 4682.87 4705.47 4697.58 4665.74 4659.75 4660.41 4659.42 4658.36 4659.07 4651.82 4649.53 4649.71 4640.16 4642 4643.99 4641.08 4638.19 4637.95 4636.43 4637.19 4631.15 4625.98 4622.48 4622.12 4620.21 4622.03 4625.47 4619.94 4623.31 4622.25 4627.99 4634.1 4622.82 4614.09 4624.96 4632.46 4607.89 4613.24 4610.94 4605.16 4606.05 4610.62 4610.08 4611.5 4609.67 4608.6 4608.61 4610.58 4611.12 4606.37 4603.76 4598.3 4594.08 4595.86 4590.26 4590.13 4600.93
4687.05 4688.4 4684.11 4686.51 4675.59 4676.35 4671.28 4663.98 4663.35 4666.88 4680.28 4698.98 4692.05 4666 4655.5 4660.19 4661.27 4653.27 4661.97 4652.62 4648.79 4648.26 4641.63 4637.05 4641.4 4642.9 4639.13 4638 4639.13 4635.58 4637.21 4627 4619.38 4624.61 4619.96 4615.55 4614.26 4614.82 4612.11 4617.96 4603.87 4600.75 4610.01 4613.47 4614.76 4610.22 4605.39 4606.19 4605.42 4604.64 4608.46 4609.07 4608.25 4611.04 4610.64 4608.98 4606.93 4606.99 4605.51 4605.93 4603.95 4603.44 4599.96 4598.53 4592.98 4591.12 4593.49
4684.36 4684.6 4679.88 4679.35 4672.52 4672.03 4669.11 4663.17 4661.62 4664.43 4664.21 4662.3 4658.82 4659.31 4656.06 4654.6 4648.17 4645.6 4648.62 4648.03 4641.15 4639.81 4638.15 4635.54 4638.28 4637.34 4639.36 4638.06 4636.16 4631.3 4629.6 4631.84 4627.08 4623.15 4621.12 4618.37 4616.37 4614.98 4610.85 4605.15 4598.1 4596.72 4602.16 4609.54 4614.14 4612.12 4604.4 4608.98 4605.62 4605.55 4604.42 4613.79 4613.34 4612.69 4609.88 4608.28 4606.67 4606.6 4604.14 4606.24 4604.24 4604.44 4600.69 4597.72 4596.94 4591.5 4588.03
4683.74 4681.02 4678.7 4675.83 4671.99 4665.58 4665.76 4661.8 4664.64 4662.45 4661.07 4658.63 4653.16 4651.59 4649.49 4650.03 4646.17 4655.15 4653.48 4644.19 4643.6 4644.57 4642.12 4640.11 4637.78 4638.34 4639.41 4636.49 4641.07 4642.51 4628.16 4626.54 4629.49 4626.27 4622.25 4621.37 4621.46 4618.46 4612.68 4603 4599.94 4595.33 4596.81 4598.25 4602.95 4611.09 4607.7 4610 4608.09 4604.06 4612.38 4607.45 4610.22 4608.73 4608.38 4607.12 4605.82 4605.49 4602.08 4603.75 4603.6 4600.3 4597.93 4595.95 4597.99 4593.89 4587.84
4681.04 4678.63 4675.38 4672.35 4668.21 4674.8 4670.04 4674.55 4667.23 4662.75 4660.55 4659.93 4659.57 4650.66 4647.84 4648.34 4646.71 4648.03 4646.87 4645.42 4641.28 4640.2 4638.77 4636.47 4638.82 4632.9 4636.24 4634.5 4655.22 4681.31 4652.81 4629.05 4628.88 4629.51 4621.35 4623.57 4622.56 4618.75 4613.2 4608.81 4599.18 4600.75 4597.23 4595.16 4595.28 4606.23 4612.98 4610.61 4606.87 4602.32 4594.68 4606.82 4605.4 4610.84 4609.08 4605.86 4604.09 4603.84 4605.62 4604.4 4603.18 4600.82 4598.96 4604.74 4607.98 4596.96 4594.26
4674.86 4674.27 4672.18 4665.3 4664.74 4668.35 4668.28 4662.99 4660.94 4660.31 4661.42 4662.26 4662.08 4651.05 4648.79 4647.87 4649.99 4649.35 4646.99 4643.88 4637.37 4633.81 4634.85 4636.33 4636.33 4636.08 4647 4674.79 4683.44 4686.25 4652.31 4641.44 4628.08 4628.21 4624.16 4624.57 4622.5 4619.03 4616.73 4611.6 4607.27 4603.6 4600.37 4597.14 4596.25 4601.16 4613.87 4609.64 4604.89 4598.65 4597.24 4605.15 4605.02 4605.07 4604.7 4602.52 4600.23 4599.58 4605.42 4602.73 4602.21 4602.3 4601.81 4600.04 4590.12 4593.98 4589.23
4668.17 4667.9 4667.33 4663.88 4673.06 4672.54 4667.64 4662.3 4656.64 4657.03 4658.01 4660.96 4661.14 4653.46 4657.34 4649 4650.58 4648.71 4645.18 4641.24 4639.39 4637.76 4636.95 4639.8 4637.13 4631.42 4643.59 4699.43 4686.49 4668.85 4635.16 4632.68 4628.33 4625.83 4624.25 4622.64 4622.84 4622.55 4619.71 4613.8 4605.89 4607.06 4602.66 4602.33 4600.58 4599.9 4603.99 4608.12 4599.67 4596.23 4601.01 4607.54 4604.68 4605.42 4603.25 4600.61 4597.36 4599.63 4601.62 4599 4595.38 4603.81 4609.74 4597.52 4584.95 4589.71 4585.38
4662.38 4662.77 4666.3 4672.16 4686.34 4676.41 4665.19 4662.16 4661.41 4657.88 4658.44 4654.74 4653.08 4650.4 4648.26 4646.73 4648.33 4652.47 4646.81 4642.03 4637.99 4636.26 4636.32 4632.37 4636.68 4636.92 4636.13 4647.86 4654.31 4637.61 4635.76 4628.5 4628.12 4628.02 4627.83 4620.11 4621.11 4619.97 4615.77 4606.96 4603.74 4602.57 4601.64 4604.58 4603.21 4601.41 4598.35 4605.59 4595.27 4593.29 4595.11 4603.53 4603.03 4606.36 4603 4598.98 4595.02 4591.07 4594.96 4595.59 4602.67 4604.19 4610.76 4604.9 4586.52 4589.23 4587.24
4658.39 4657.64 4662.37 4658.08 4663.36 4661.72 4659.61 4659.22 4657.16 4656.45 4654.49 4652.5 4651.85 4652.4 4642.56 4642.57 4644.85 4644.18 4644.75 4642.3 4637.52 4636.2 4638.36 4630.5 4634.76 4639.26 4640.75 4647.56 4636.52 4627.54 4632.74 4628.2 4625.62 4626.98 4625.06 4620.85 4622.55 4621.62 4615.27 4604.88 4599.97 4601.87 4601.61 4599.5 4606.56 4604.39 4596.26 4601.58 4599.87 4595.45 4594.94 4599.27 4603.17 4604.31 4600.53 4598.08 4593.16 4587.99 4589.91 4595.77 4594.73 4595.36 4596.05 4589.4 4590.54 4587.55 4582.46
4658.74 4658.81 4657.5 4663.18 4659.12 4655.43 4655.35 4655.74 4653.62 4653.69 4650.07 4651.08 4650.02 4649.71 4647.29 4644.53 4643.09 4639.3 4642.62 4639.75 4636.32 4631.19 4632.79 4630.78 4629.4 4631.76 4632.31 4630.74 4630.94 4629.58 4631.15 4629.81 4630.6 4626.32 4619.55 4617.69 4621.32 4616.1 4611.24 4609.45 4606.88 4603.76 4605.78 4609.82 4599.94 4599.1 4601.71 4599.24 4596.74 4600.42 4615.46 4611.12 4604.9 4602.53 4601.62 4599.71 4596.29 4590.97 4593.16 4599.79 4592.96 4586.5 4585.21 4589.21 4586.16 4581.7 4577.82
4660.35 4662.79 4657.93 4652.79 4657.96 4654.01 4651.81 4652.41 4650.86 4649.37 4652.41 4645.84 4646.19 4644.34 4643.19 4640.13 4639.67 4636.2 4643.82 4642.31 4637.25 4634.27 4627.03 4629.13 4626.32 4625.74 4629.52 4629.19 4630.66 4630.15 4629.67 4624.34 4625.98 4625.13 4620.2 4611.15 4616.87 4612.12 4608.87 4607.97 4606.96 4603.33 4605.92 4607.26 4601.12 4596.3 4602.77 4598.37 4596.11 4595.7 4602.78 4600.72 4602.51 4601.17 4602.01 4600.58 4596.43 4588.27 4588.22 4592.57 4589.68 4584.21 4578.22 4576.88 4580.21 4578.05 4571.88
4658.48 4655.1 4658.54 4654.57 4649.81 4650.38 4648.98 4647.71 4645.5 4646.5 4648.21 4647.75 4647.92 4646.58 4640.89 4636.65 4639.75 4640.54 4637.15 4636.34 4636.5 4637.63 4635.47 4634.38 4624.4 4619.68 4627.88 4629.8 4630.75 4629.9 4629.12 4624.08 4624.66 4619.75 4616.33 4606.14 4612.88 4610.82 4607.99 4608.04 4608.07 4600.75 4602.56 4603.69 4609.19 4603.59 4597.05 4592.28 4595.15 4593.78 4595.71 4601.2 4600.78 4598.9 4599.41 4601.35 4598.52 4584.87 4581.85 4584.34 4582.18 4581.33 4579.7 4576.93 4575.93 4577.53 4578.82
4655.94 4651.24 4652.33 4654.19 4656.1 4648.44 4644.09 4643.8 4646.15 4646.58 4645.48 4647.49 4651.04 4652.82 4646.61 4643.22 4643.1 4639 4633 4632.41 4635.38 4639.21 4638.57 4636.68 4630.81 4618.55 4624.47 4625.93 4626.42 4627.84 4627.81 4624.39 4621.4 4614.17 4612.24 4611.52 4612.99 4610.71 4606.64 4606.67 4602.27 4605.43 4605.51 4603.95 4603.93 4594.41 4601.39 4599.41 4596.02 4593.37 4595.29 4597.41 4599.43 4601.33 4600.76 4605.73 4606.77 4588.31 4583.87 4583.93 4579.08 4578.72 4583.92 4583.9 4587.03 4588.07 4579.52
4657.3 4651.15 4649.58 4648.77 4652.12 4647.73 4646.85 4644.34 4643.72 4644.36 4646.27 4645.83 4650.23 4653.29 4643.77 4643.15 4641.81 4641.81 4640.6 4637.49 4636.32 4633.77 4632.9 4631.99 4627.35 4629.6 4624.55 4622.87 4624.63 4626.34 4624.18 4622.24 4623.51 4613.53 4611.94 4608.22 4615.05 4612.41 4612.48 4607.48 4598.47 4602.2 4605.98 4607.31 4601.68 4597.29 4605.53 4611.67 4599.25 4593.48 4594.95 4595.45 4598.13 4603.19 4601.74 4598.22 4594.08 4591.44 4594.08 4586.94 4581.62 4582.6 4584.47 4587.42 4587.88 4587.14 4581.51
4659.2 4652.11 4647.14 4644.83 4643.25 4643.85 4645.04 4646.77 4646.3 4643.76 4644.34 4645.03 4645.11 4643.3 4640.59 4642 4639.04 4637.26 4638.38 4648.17 4633.35 4635.08 4635.46 4627.96 4624.03 4618.65 4628.15 4624.92 4622.97 4622.33 4620.72 4619.17 4618.17 4615.77 4611.04 4608.46 4609.13 4608.61 4606.12 4601.67 4606.29 4607.18 4606.46 4607.67 4603.21 4600.03 4610.59 4606.53 4602.54 4594.3 4605.65 4599.08 4601.06 4602.36 4599.84 4594.41 4588.15 4595.24 4599.28 4593.84 4586.93 4585.94 4586.14 4584.59 4580.98 4579.64 4582.2
4660.68 4654.44 4648.31 4646.49 4641.02 4640.19 4644.16 4645.39 4645.55 4644.45 4646.23 4642.86 4642.28 4642.25 4643.13 4642.04 4638.51 4644.36 4640.54 4637.54 4630.68 4635.01 4637.62 4627.83 4617.12 4627.12 4625.66 4625.01 4622.56 4626.43 4621.07 4618.59 4617 4617.44 4611.57 4605.43 4602.4 4606.56 4605.07 4601.21 4606.94 4605.57 4600.52 4604.2 4603.78 4604.3 4617.05 4618.09 4615.65 4606.86 4609.56 4611.21 4606.81 4600.38 4594.36 4592.94 4585.3 4593.08 4598.88 4594.94 4588.45 4585.27 4592.59 4590.49 4580.8 4580.53 4577.67
4659.82 4656.55 4651.45 4649.4 4643.99 4636.61 4640.14 4642.6 4643.23 4642.45 4646.43 4642.9 4641.51 4639.96 4640.25 4641.94 4638.82 4651.94 4641.75 4635.87 4628.43 4632.6 4632.58 4626.37 4611.58 4624.43 4625.02 4624.93 4625.03 4617.09 4619.34 4615.73 4614.51 4619.8 4612.35 4605.74 4606.32 4606.85 4605.12 4606.46 4599.24 4602.78 4608.12 4609.74 4608.37 4605.24 4608 4617.11 4623.84 4624.89 4617.48 4605.83 4605.26 4600.9 4600.63 4590.9 4582.06 4596.75 4603.87 4601.13 4590.17 4584.56 4603.26 4597.13 4582.34 4576.46 4576.07
4655.45 4654.25 4651.85 4650.27 4648.36 4638.18 4640.86 4642.35 4641.23 4643.46 4642.09 4642.45 4643.56 4641.47 4635.26 4633.33 4641.8 4636.78 4641.47 4632.66 4627.61 4633.01 4638.77 4620.78 4616.03 4620.78 4620.3 4621.93 4623.28 4623.13 4618.9 4616.29 4614.89 4614.49 4610.81 4607.98 4608.37 4605.07 4606.93 4610.61 4605.1 4609.08 4615.2 4618 4615.43 4616.47 4608.2 4615.05 4624.02 4619.08 4616.97 4613.6 4601.96 4598.94 4596.29 4588.27 4586.4 4597.79 4604.94 4604.35 4596.48 4600.5 4622.74 4609.21 4590.96 4578.98 4571.54
4651.16 4651.02 4648.24 4649.2 4647.53 4642.35 4641.7 4640.14 4639.11 4637.89 4635.48 4639.46 4642.94 4641.68 4635.39 4625.05 4629.02 4634.71 4638.09 4632.83 4630.66 4631.02 4632.39 4621.61 4619.55 4615.25 4618.46 4619.87 4617.65 4621.01 4621.04 4616.2 4613.52 4611.86 4608.35 4607.29 4603.92 4604.38 4605.63 4608.9 4614.57 4610.84 4609.54 4609.62 4613.09 4610.56 4612.34 4617.01 4622.22 4631.27 4627.19 4608.36 4595.86 4597.13 4598.2 4599.84 4608.38 4600.59 4605.21 4600.76 4602.27 4617.58 4630.22 4620.14 4599.88 4578.26 4570.11
4650.26 4647.59 4647.08 4646.14 4648.54 4658.37 4647.46 4639.01 4637.35 4638.42 4637.92 4635.46 4636.22 4636.16 4634.76 4635.73 4635.22 4634.97 4631.51 4633.38 4634.04 4627.89 4621.75 4620.07 4619.74 4620.73 4618.57 4623.58 4617.72 4622.37 4624.51 4621.28 4612.4 4615.42 4614.35 4608.27 4604.13 4605.36 4607.1 4605.84 4617.27 4624.52 4611.24 4608.17 4610.19 4615.14 4608.26 4617.86 4629.31 4626.8 4627.36 4610.01 4600.11 4596.75 4594.77 4598.59 4602.14 4602.29 4607.7 4602.37 4609.52 4628.94 4628.79 4636.78 4619.16 4581.56 4573.71
4652.52 4651.51 4642.37 4639.02 4640.44 4640.57 4643.27 4636.7 4636.77 4641.28 4637.11 4633.49 4631.4 4631.61 4632.41 4629.79 4631.83 4630.92 4629.43 4630.13 4628.89 4625.05 4619.49 4620.96 4623.07 4625.13 4620.04 4621.78 4616.39 4616.46 4618.1 4621.61 4615.74 4619.85 4614.03 4609.57 4603.15 4610.88 4608.32 4609.59 4613.72 4617.25 4614.97 4600.14 4609.68 4612.73 4612.74 4618.47 4628.62 4630.16 4623.08 4611.45 4602.03 4597.68 4595 4590.54 4601.52 4605.08 4611.95 4621.89 4626.68 4626.34 4642.58 4645.81 4619.48 4578.32 4573.09
4648.85 4654.14 4644.38 4637.32 4635.18 4633.34 4641.03 4637.47 4636.14 4639.74 4638.34 4632.19 4629.31 4629.3 4629.66 4630.46 4629.51 4630.05 4626.43 4628.13 4626.04 4624.18 4618.03 4619.14 4623.16 4626.82 4617.49 4622.4 4616.53 4610.34 4617.68 4620.1 4617.48 4621.8 4621.49 4613.57 4603.31 4601.03 4598.5 4606.92 4614.33 4614.19 4612.42 4619.21 4618.79 4613.39 4613.45 4622.47 4638.81 4634.26 4612.65 4607.24 4601.46 4601.89 4606.52 4598.44 4600.9 4612.73 4628.93 4634.44 4634.1 4633.2 4647.98 4651.21 4624.05 4577.55 4572.97
4642.15 4640.23 4640.93 4640.21 4636.68 4634.29 4641.28 4636.04 4638.07 4639.14 4634 4632.21 4633.73 4628.66 4625.1 4621.23 4622.32 4622.93 4619.93 4617.52 4621.75 4624.96 4622.56 4619.18 4619.8 4622.37 4618.54 4614.92 4610.85 4609.22 4618.65 4621.56 4621.69 4618.37 4624.31 4621.16 4612.09 4608.8 4599.2 4607.82 4615.38 4621.51 4627.36 4628.21 4627.83 4617.42 4611.91 4619.41 4636.49 4644.29 4618.31 4608.53 4603.43 4605.68 4606.26 4609.96 4622.19 4631.66 4645.57 4645.62 4640.87 4643.6 4644.22 4659.02 4638.03 4582.03 4572.67
4639.66 4640.65 4640.43 4641.76 4640.21 4640.6 4637.16 4635.88 4635.91 4637.95 4632.83 4632.41 4633.77 4629.4 4623.59 4616.31 4624.76 4624.4 4621.5 4619.94 4622.2 4623.71 4624.91 4617.84 4615.72 4618.57 4620.28 4613.05 4609.2 4611.84 4623.65 4625.6 4623.5 4628.57 4638.76 4631.31 4620.63 4613.65 4607.53 4603.32 4611.74 4619.54 4625.08 4620.62 4626.25 4627.03 4607.32 4614.61 4638.2 4648.46 4629.94 4621.16 4604.04 4607 4601.97 4610.95 4628.56 4651.7 4662.73 4661.02 4656.19 4661.25 4656.61 4658.53 4633.85 4586.72 4567.18
4645.75 4642.76 4639.65 4635.85 4640.34 4643.77 4636.62 4637.23 4635.94 4636.54 4632.54 4629.16 4634.3 4629.82 4626.03 4627.18 4627.7 4624.64 4622.23 4619.8 4619.04 4616.38 4615.62 4605.39 4621.26 4616.01 4615.93 4614.39 4615.78 4617.83 4627.89 4627.4 4638.2 4642.95 4645.52 4642.06 4629.94 4614.33 4608.4 4608.23 4616.35 4635.55 4648.82 4613.41 4615.86 4627.77 4612.84 4610.77 4635.69 4645.23 4658.48 4649.56 4638.75 4608.52 4610.24 4626.89 4652.14 4682.77 4703.9 4684.39 4662.52 4680.89 4699.4 4663.55 4628.92 4590.39 4570.24
4641.26 4640 4640.92 4643.82 4640.74 4639.48 4639.14 4637.6 4640.83 4637.25 4633.76 4628.18 4629.39 4629.44 4627.38 4625.24 4625.25 4621.37 4619.95 4623.53 4624.39 4621.62 4619.83 4620.82 4636.05 4623 4620.49 4615.43 4616.35 4619.91 4628.66 4648.35 4647.58 4648.93 4657.95 4657.91 4648.19 4638.89 4626.58 4618.69 4617.84 4624.32 4629.25 4616.25 4615.6 4625.36 4623.54 4610.76 4638.4 4661.51 4673.29 4672.85 4678.64 4653.07 4635.02 4633.41 4661.71 4712.28 4732.11 4699.19 4677.07 4676.98 4676.79 4655.51 4626.81 4581.48 4570.86
4641.49 4638.75 4638.97 4638.96 4639 4637.75 4635.63 4634.9 4633.04 4636.78 4636.28 4631.81 4632.36 4630.6 4627.88 4625.01 4623.76 4625.47 4625.08 4626 4625.76 4620.2 4616.56 4623.41 4628.16 4629.16 4631.27 4617.29 4612.37 4610.79 4622.61 4643.78 4647.85 4656.12 4673.1 4677.74 4671.32 4656.02 4645.69 4637.25 4629.48 4622.86 4622.33 4621.33 4638.95 4637.3 4642.21 4635.56 4644.77 4673.13 4671.07 4681.77 4699.29 4740.47 4678.16 4655.67 4685.42 4717.18 4719.55 4695.75 4670.38 4668.85 4670.1 4642.95 4614.64 4582.31 4576.14
4643.74 4643.37 4641.03 4640.37 4639.71 4637.39 4635.63 4635.01 4630.57 4632.84 4631.5 4631.75 4633.68 4630.1 4629.82 4630.93 4627 4625.34 4627.5 4624.89 4621.66 4622.98 4621.34 4619.08 4616.39 4627.04 4625.92 4622.91 4614.37 4608.25 4613.51 4634.39 4650.87 4666.03 4685.43 4697.83 4696.72 4693.9 4675.85 4657.48 4648.98 4633.34 4623.77 4625.87 4655.71 4664.84 4638.71 4633.81 4662.78 4684.31 4684.18 4696.5 4723.61 4780.13 4743.96 4701.71 4731.2 4720.5 4706.19 4692.1 4664.64 4659.92 4672.26 4642.4 4613.74 4579.53 4597.68
4644.29 4643.96 4644.63 4643.35 4638.89 4635.45 4636.71 4637.38 4630.15 4628.4 4628.33 4622.99 4622.63 4624.83 4627.36 4629 4629.39 4624.97 4625.9 4624.1 4620.22 4617.69 4619.97 4620.55 4617.75 4632.92 4632.13 4631.57 4626.95 4622.17 4613.2 4632.45 4652.52 4673.45 4695.92 4713.42 4715.77 4716.54 4688.77 4678.43 4670.08 4657.72 4663.11 4650.05 4680.52 4699.21 4674.15 4660.94 4711.05 4705.2 4709.62 4726.52 4748.3 4774.28 4814.2 4778.98 4781.77 4748.42 4731.43 4714.23 4684.61 4665.01 4665.05 4666.27 4623.85 4605.92 4637.67
