real_craters/C197-750m.grd
DSAA
261 261
-97.475 97.475
-97.475 97.475
2617.1004666881 5212.2697043572
[rows 114 to 151 of 261, columns 168 to 251 of 261]
4908 4854 4729 4562 4401 4326 4320 4332 4338 4347 4372 4406 4369 4390 4398 4350 4419 4378 4399 4456 4535 4548 4559 4583 4600 4545 4500 4464 4429 4400 4380 4384 4386 4386 4368 4351 4358 4353 4357 4352 4344 4369 4368 4328 4310 4324 4348 4369 4347 4332 4332 4290 4294 4283 4257 4246 4241 4243 4244 4243 4244 4244 4243 4243 4242 4241 4240 4236 4236 4234 4230 4239 4237 4243 4249 4253 4258 4244 4239 4244 4247 4253 4259 4262
4843 4813 4685 4528 4399 4340 4341 4354 4349 4356 4402 4398 4422 4406 4418 4391 4414 4404 4449 4516 4504 4513 4518 4529 4505 4502 4473 4443 4412 4382 4360 4377 4387 4394 4389 4379 4386 4364 4350 4345 4344 4341 4343 4333 4328 4333 4332 4332 4339 4335 4326 4325 4321 4320 4289 4251 4245 4245 4245 4243 4242 4243 4243 4242 4241 4241 4239 4235 4236 4233 4230 4236 4243 4250 4250 4250 4248 4242 4240 4244 4248 4251 4253 4257
4753 4730 4621 4496 4373 4348 4355 4370 4384 4372 4357 4444 4407 4388 4381 4374 4409 4438 4427 4421 4467 4461 4466 4471 4476 4460 4444 4425 4403 4383 4367 4380 4390 4395 4390 4395 4392 4371 4355 4353 4352 4331 4333 4331 4328 4330 4341 4336 4334 4332 4323 4323 4330 4295 4269 4248 4245 4244 4244 4243 4241 4242 4241 4241 4240 4239 4238 4237 4235 4233 4232 4249 4254 4252 4248 4244 4239 4242 4243 4247 4250 4251 4252 4257
4652 4590 4527 4469 4396 4382 4371 4369 4388 4397 4415 4380 4386 4324 4283 4342 4430 4414 4393 4376 4380 4396 4411 4417 4409 4414 4417 4409 4400 4393 4392 4392 4398 4406 4411 4412 4399 4374 4351 4339 4338 4306 4328 4317 4316 4317 4320 4325 4331 4326 4326 4307 4286 4250 4246 4244 4242 4241 4241 4241 4240 4240 4239 4239 4239 4238 4238 4237 4233 4233 4239 4250 4242 4240 4244 4243 4241 4248 4254 4258 4255 4256 4254 4253
4572 4495 4454 4448 4448 4405 4383 4380 4366 4393 4389 4395 4385 4314 4243 4270 4401 4396 4375 4364 4329 4356 4376 4388 4383 4394 4402 4400 4396 4390 4392 4394 4402 4411 4420 4404 4381 4340 4341 4326 4313 4293 4294 4304 4309 4311 4315 4327 4318 4304 4284 4268 4244 4244 4243 4245 4243 4242 4242 4241 4239 4240 4239 4238 4238 4237 4239 4235 4232 4234 4241 4242 4239 4243 4245 4246 4250 4256 4267 4272 4268 4267 4265 4264
4527 4447 4411 4424 4431 4404 4380 4363 4377 4371 4369 4397 4406 4425 4421 4421 4425 4371 4357 4354 4345 4350 4367 4382 4403 4409 4400 4395 4390 4378 4384 4392 4397 4387 4348 4393 4388 4372 4358 4361 4322 4295 4300 4301 4309 4314 4333 4329 4306 4255 4244 4245 4245 4246 4245 4244 4244 4245 4243 4244 4240 4240 4238 4237 4236 4235 4234 4232 4233 4237 4240 4241 4242 4247 4248 4247 4247 4254 4270 4279 4278 4277 4277 4282
4488 4422 4391 4406 4408 4394 4371 4346 4346 4359 4344 4350 4393 4421 4430 4417 4388 4364 4354 4361 4362 4359 4366 4382 4394 4398 4398 4394 4391 4393 4387 4389 4394 4406 4388 4370 4367 4357 4349 4345 4323 4317 4323 4314 4311 4316 4323 4304 4277 4244 4244 4244 4246 4246 4246 4245 4244 4243 4242 4241 4240 4240 4240 4238 4235 4233 4233 4235 4237 4240 4239 4240 4246 4249 4250 4248 4248 4252 4266 4275 4276 4271 4279 4285
4468 4420 4392 4385 4389 4385 4369 4347 4323 4367 4353 4346 4376 4380 4390 4394 4400 4367 4363 4359 4361 4357 4368 4385 4396 4405 4405 4395 4383 4384 4380 4383 4384 4383 4368 4353 4353 4347 4333 4320 4322 4327 4335 4332 4305 4284 4273 4264 4247 4244 4244 4245 4246 4246 4245 4243 4244 4246 4243 4241 4239 4240 4239 4237 4235 4234 4234 4237 4241 4244 4242 4244 4250 4253 4250 4247 4246 4249 4257 4264 4273 4267 4279 4292
4463 4429 4404 4402 4395 4389 4378 4362 4346 4366 4341 4349 4348 4375 4368 4360 4370 4363 4335 4342 4339 4346 4369 4387 4409 4426 4410 4403 4392 4372 4379 4379 4374 4374 4356 4355 4342 4332 4325 4316 4309 4322 4307 4312 4284 4256 4246 4245 4233 4244 4244 4245 4249 4247 4244 4243 4243 4242 4242 4241 4240 4239 4238 4236 4235 4234 4236 4239 4243 4245 4244 4245 4248 4247 4245 4244 4244 4249 4258 4269 4279 4265 4281 4303
4465 4430 4415 4424 4413 4397 4382 4374 4354 4379 4349 4348 4350 4349 4352 4354 4352 4350 4348 4348 4349 4365 4376 4387 4394 4381 4403 4409 4415 4417 4396 4383 4366 4350 4348 4343 4339 4324 4315 4306 4304 4318 4298 4262 4254 4247 4241 4242 4241 4245 4245 4246 4246 4246 4245 4246 4242 4241 4242 4242 4240 4238 4237 4236 4235 4236 4240 4241 4242 4244 4244 4245 4246 4242 4243 4246 4250 4256 4259 4260 4260 4261 4274 4291
4465 4439 4429 4432 4412 4395 4381 4372 4350 4344 4317 4324 4338 4333 4344 4348 4346 4366 4374 4367 4368 4379 4383 4388 4390 4393 4406 4416 4420 4416 4403 4388 4374 4363 4359 4343 4316 4299 4282 4275 4263 4271 4248 4231 4237 4237 4238 4241 4243 4246 4248 4246 4244 4243 4238 4241 4240 4240 4242 4242 4240 4238 4236 4235 4236 4238 4240 4241 4243 4245 4245 4246 4245 4243 4248 4253 4256 4259 4258 4257 4259 4261 4266 4268
4474 4444 4417 4410 4404 4388 4371 4352 4368 4359 4320 4339 4330 4337 4347 4350 4348 4356 4362 4365 4367 4382 4389 4394 4402 4412 4419 4427 4432 4419 4402 4383 4370 4338 4313 4292 4261 4261 4256 4251 4244 4241 4226 4255 4240 4235 4238 4241 4244 4263 4253 4246 4245 4243 4243 4241 4240 4240 4242 4245 4242 4237 4236 4236 4238 4240 4243 4243 4243 4244 4246 4246 4246 4249 4252 4254 4255 4253 4255 4257 4255 4257 4267 4272
4488 4445 4410 4397 4392 4385 4374 4354 4389 4376 4330 4339 4335 4332 4335 4341 4344 4357 4359 4366 4388 4392 4393 4398 4408 4415 4428 4437 4437 4424 4396 4363 4327 4256 4251 4249 4240 4242 4252 4242 4233 4234 4228 4240 4239 4237 4241 4244 4246 4246 4246 4244 4242 4243 4243 4242 4240 4240 4241 4241 4237 4236 4236 4237 4239 4242 4245 4245 4245 4244 4245 4245 4244 4246 4249 4253 4253 4253 4254 4252 4259 4272 4280 4291
4506 4453 4392 4396 4385 4381 4384 4383 4389 4358 4343 4330 4334 4328 4322 4332 4350 4372 4368 4370 4391 4399 4393 4396 4407 4420 4433 4442 4443 4421 4388 4344 4275 4233 4235 4237 4234 4233 4232 4232 4228 4231 4234 4236 4242 4244 4245 4246 4258 4245 4244 4244 4242 4242 4241 4241 4241 4240 4239 4238 4235 4235 4237 4237 4240 4243 4245 4246 4245 4246 4248 4246 4245 4246 4253 4254 4255 4257 4257 4257 4266 4288 4300 4311
4530 4470 4410 4377 4366 4370 4381 4388 4395 4369 4341 4351 4329 4319 4317 4329 4348 4361 4350 4365 4364 4366 4374 4386 4400 4417 4428 4436 4434 4418 4386 4348 4307 4257 4243 4241 4242 4237 4233 4240 4243 4246 4242 4242 4250 4252 4251 4253 4244 4242 4237 4242 4241 4241 4240 4239 4239 4239 4238 4237 4236 4236 4237 4238 4241 4244 4245 4246 4245 4247 4248 4246 4246 4249 4251 4254 4256 4258 4264 4276 4295 4313 4321 4330
4551 4481 4401 4345 4343 4353 4361 4360 4367 4378 4350 4335 4316 4304 4303 4318 4335 4333 4348 4370 4356 4347 4355 4370 4387 4404 4415 4414 4418 4405 4389 4367 4339 4301 4259 4247 4244 4247 4245 4239 4242 4240 4240 4243 4249 4250 4249 4245 4244 4242 4242 4242 4241 4240 4239 4237 4235 4237 4238 4238 4237 4236 4238 4241 4242 4244 4245 4247 4247 4245 4247 4248 4249 4253 4254 4257 4261 4263 4273 4297 4317 4330 4342 4349
4574 4485 4398 4312 4319 4339 4351 4351 4366 4388 4369 4323 4303 4299 4300 4312 4329 4350 4330 4348 4348 4351 4347 4357 4370 4379 4381 4380 4381 4388 4390 4383 4371 4345 4304 4273 4260 4258 4250 4238 4239 4238 4245 4252 4248 4249 4247 4246 4245 4242 4243 4241 4239 4237 4239 4237 4237 4237 4239 4240 4241 4237 4239 4242 4244 4246 4246 4246 4257 4253 4249 4256 4258 4263 4258 4263 4273 4286 4301 4310 4326 4340 4351 4361
4594 4467 4382 4296 4308 4341 4362 4358 4351 4363 4366 4328 4306 4303 4301 4312 4321 4323 4329 4330 4328 4316 4327 4346 4356 4360 4356 4357 4357 4377 4393 4409 4401 4364 4317 4297 4271 4285 4279 4275 4249 4247 4270 4268 4252 4251 4246 4244 4238 4243 4242 4241 4239 4238 4238 4238 4240 4242 4243 4241 4240 4239 4242 4244 4246 4248 4248 4247 4248 4247 4253 4267 4290 4265 4261 4274 4298 4309 4310 4320 4325 4371 4364 4370
4581 4417 4281 4263 4304 4353 4412 4406 4369 4354 4333 4311 4306 4327 4316 4317 4318 4325 4343 4338 4326 4323 4338 4339 4348 4360 4376 4355 4355 4371 4390 4406 4398 4381 4307 4203 4209 4222 4258 4256 4266 4254 4271 4251 4264 4253 4243 4242 4242 4244 4241 4240 4239 4239 4240 4235 4243 4251 4250 4245 4241 4240 4243 4246 4249 4250 4251 4251 4250 4250 4258 4264 4259 4271 4276 4309 4337 4351 4363 4357 4377 4410 4404 4384
4546 4379 4263 4270 4313 4358 4383 4422 4399 4393 4312 4303 4307 4322 4327 4321 4316 4309 4325 4326 4328 4326 4319 4331 4342 4349 4345 4341 4348 4364 4379 4386 4380 4378 4300 4180 4192 4218 4256 4282 4256 4243 4231 4247 4247 4250 4245 4252 4265 4243 4246 4238 4238 4239 4257 4277 4276 4269 4261 4252 4242 4243 4245 4247 4249 4251 4253 4255 4254 4254 4264 4275 4300 4315 4339 4387 4378 4381 4386 4370 4356 4381 4398 4396
4516 4351 4258 4294 4324 4368 4411 4428 4409 4373 4313 4324 4324 4325 4328 4322 4314 4309 4305 4319 4329 4332 4330 4336 4340 4339 4346 4352 4352 4360 4369 4383 4383 4382 4343 4288 4258 4238 4276 4282 4270 4268 4261 4257 4260 4255 4251 4262 4257 4254 4259 4239 4239 4241 4270 4318 4305 4282 4269 4261 4254 4244 4245 4249 4251 4254 4255 4258 4258 4266 4269 4287 4329 4375 4434 4414 4400 4386 4385 4380 4380 4390 4408 4404
4528 4334 4236 4253 4295 4353 4401 4400 4385 4377 4357 4347 4335 4327 4332 4321 4312 4305 4293 4300 4323 4354 4351 4350 4344 4336 4324 4332 4349 4357 4362 4348 4375 4375 4375 4371 4339 4334 4305 4288 4268 4262 4257 4257 4258 4255 4246 4245 4245 4242 4238 4239 4240 4239 4254 4272 4282 4277 4270 4266 4264 4248 4247 4250 4255 4257 4257 4259 4266 4261 4266 4274 4278 4304 4373 4427 4389 4372 4361 4396 4439 4416 4410 4408
4554 4329 4228 4236 4271 4312 4339 4360 4360 4371 4344 4337 4341 4341 4324 4317 4314 4309 4301 4302 4324 4355 4365 4362 4353 4342 4332 4341 4351 4362 4372 4389 4390 4376 4361 4354 4361 4352 4345 4310 4263 4256 4257 4260 4262 4263 4251 4246 4242 4240 4238 4240 4241 4241 4243 4248 4262 4267 4266 4262 4256 4251 4254 4255 4258 4259 4259 4260 4261 4261 4265 4260 4250 4251 4261 4313 4358 4374 4372 4421 4473 4432 4403 4405
4556 4314 4224 4236 4269 4297 4315 4345 4349 4359 4325 4349 4327 4358 4308 4311 4317 4320 4318 4311 4334 4351 4374 4375 4362 4350 4347 4341 4353 4365 4379 4390 4398 4389 4371 4375 4392 4377 4334 4319 4280 4262 4267 4265 4261 4262 4254 4245 4241 4241 4238 4238 4240 4241 4242 4246 4253 4258 4260 4258 4256 4253 4256 4259 4262 4261 4262 4261 4261 4265 4272 4268 4256 4253 4255 4276 4351 4384 4430 4440 4435 4417 4402 4396
4532 4300 4230 4248 4287 4320 4342 4366 4344 4361 4331 4337 4322 4306 4309 4312 4320 4328 4333 4318 4323 4330 4345 4372 4365 4355 4351 4362 4361 4362 4378 4424 4435 4437 4423 4425 4433 4404 4352 4298 4275 4265 4257 4250 4253 4257 4248 4243 4237 4240 4236 4238 4239 4239 4241 4244 4248 4251 4252 4254 4255 4255 4256 4259 4261 4262 4265 4264 4267 4293 4295 4282 4273 4254 4300 4424 4378 4387 4398 4407 4410 4401 4393 4382
4494 4303 4242 4249 4283 4314 4351 4364 4361 4378 4340 4316 4302 4290 4313 4316 4322 4327 4333 4323 4308 4322 4342 4363 4367 4365 4351 4377 4370 4352 4335 4355 4461 4501 4520 4472 4459 4410 4358 4264 4269 4262 4260 4253 4252 4249 4244 4238 4234 4236 4236 4238 4239 4241 4243 4246 4248 4249 4251 4253 4256 4258 4258 4261 4262 4264 4266 4267 4269 4273 4278 4296 4319 4361 4354 4353 4364 4378 4387 4391 4385 4377 4376 4372
4409 4263 4240 4256 4270 4321 4351 4383 4373 4382 4314 4304 4288 4297 4309 4322 4325 4322 4312 4325 4318 4336 4362 4363 4384 4392 4399 4413 4378 4354 4327 4343 4496 4509 4459 4447 4418 4391 4336 4281 4266 4255 4250 4255 4254 4246 4244 4243 4242 4242 4240 4240 4241 4243 4246 4246 4248 4250 4251 4253 4255 4258 4254 4259 4257 4261 4273 4277 4278 4275 4279 4310 4319 4292 4320 4338 4352 4367 4380 4384 4373 4367 4368 4367
4305 4237 4253 4295 4349 4381 4390 4427 4403 4352 4312 4319 4291 4318 4317 4329 4330 4326 4318 4332 4335 4354 4372 4395 4425 4432 4400 4392 4372 4379 4419 4463 4470 4446 4407 4410 4411 4390 4347 4279 4243 4243 4248 4251 4248 4245 4244 4242 4243 4242 4240 4240 4242 4244 4245 4247 4249 4250 4251 4252 4252 4251 4252 4251 4255 4260 4272 4286 4300 4323 4363 4329 4326 4323 4319 4335 4350 4359 4365 4365 4364 4363 4366 4363
4249 4245 4282 4339 4415 4418 4446 4414 4367 4324 4332 4319 4323 4327 4342 4343 4337 4338 4345 4343 4347 4387 4438 4464 4487 4498 4472 4352 4351 4381 4421 4411 4364 4370 4358 4382 4386 4377 4343 4267 4234 4237 4239 4244 4246 4245 4243 4242 4242 4241 4238 4241 4244 4245 4246 4247 4248 4249 4250 4251 4252 4252 4252 4263 4266 4265 4268 4284 4297 4309 4300 4314 4314 4320 4328 4345 4348 4353 4355 4354 4358 4363 4361 4372
4247 4275 4307 4348 4385 4394 4381 4350 4318 4325 4322 4309 4314 4316 4333 4334 4339 4348 4357 4361 4387 4431 4472 4521 4536 4539 4534 4368 4344 4362 4382 4360 4359 4361 4369 4377 4372 4347 4325 4280 4249 4243 4242 4246 4252 4250 4245 4243 4242 4242 4239 4241 4244 4245 4245 4247 4249 4250 4251 4253 4254 4255 4264 4270 4272 4272 4275 4280 4288 4290 4284 4303 4308 4314 4329 4344 4348 4348 4348 4356 4355 4360 4369 4372
4272 4303 4321 4348 4372 4384 4360 4355 4361 4352 4344 4331 4316 4341 4330 4321 4341 4357 4370 4370 4398 4443 4467 4538 4542 4515 4469 4406 4369 4348 4327 4324 4325 4318 4323 4326 4318 4304 4291 4287 4257 4250 4254 4255 4260 4253 4250 4244 4242 4241 4239 4239 4244 4246 4247 4247 4248 4248 4250 4252 4256 4262 4266 4267 4269 4275 4275 4279 4286 4295 4305 4313 4329 4318 4330 4349 4346 4350 4348 4344 4353 4365 4385 4388
4245 4290 4313 4339 4358 4363 4373 4361 4372 4373 4371 4352 4350 4340 4325 4336 4353 4370 4385 4387 4395 4441 4452 4478 4503 4487 4459 4442 4397 4343 4321 4302 4277 4281 4283 4278 4275 4245 4239 4240 4249 4250 4256 4261 4258 4256 4245 4241 4242 4240 4239 4241 4241 4244 4246 4246 4246 4247 4249 4256 4259 4263 4268 4268 4270 4271 4271 4274 4285 4299 4319 4315 4307 4302 4304 4304 4333 4359 4354 4348 4351 4364 4380 4400
4230 4265 4299 4327 4352 4352 4325 4328 4371 4363 4362 4375 4373 4336 4322 4345 4369 4383 4390 4390 4400 4432 4439 4440 4464 4472 4462 4443 4405 4353 4329 4306 4284 4265 4268 4287 4266 4254 4250 4251 4247 4246 4250 4275 4264 4251 4238 4238 4240 4240 4239 4242 4239 4243 4244 4248 4246 4249 4247 4255 4255 4255 4256 4262 4271 4284 4270 4275 4288 4299 4303 4305 4298 4298 4298 4299 4388 4380 4361 4348 4350 4359 4380 4411
4224 4260 4299 4326 4326 4328 4318 4314 4350 4352 4330 4334 4349 4344 4347 4386 4402 4397 4399 4408 4424 4444 4446 4434 4450 4438 4430 4421 4389 4334 4278 4286 4285 4286 4263 4253 4262 4256 4244 4246 4245 4244 4249 4267 4268 4273 4254 4239 4232 4233 4234 4233 4231 4235 4241 4245 4247 4250 4252 4255 4256 4251 4255 4259 4255 4274 4290 4289 4296 4299 4303 4321 4329 4311 4313 4387 4423 4380 4362 4350 4362 4371 4373 4372
4224 4263 4308 4347 4353 4338 4354 4369 4371 4383 4370 4350 4351 4364 4396 4450 4403 4391 4400 4410 4431 4474 4463 4471 4445 4428 4403 4380 4348 4306 4272 4265 4265 4264 4256 4253 4263 4272 4268 4254 4249 4244 4247 4263 4264 4291 4255 4237 4224 4222 4223 4220 4219 4218 4239 4247 4249 4251 4253 4256 4259 4260 4292 4216 4196 4206 4286 4309 4296 4298 4304 4320 4333 4322 4316 4322 4338 4343 4352 4366 4371 4360 4358 4369
4256 4278 4323 4378 4435 4387 4380 4397 4395 4379 4362 4343 4327 4365 4361 4313 4338 4369 4391 4410 4421 4464 4446 4420 4379 4375 4356 4318 4276 4248 4242 4248 4251 4251 4255 4256 4257 4263 4267 4263 4257 4253 4255 4275 4276 4281 4267 4232 4216 4212 4212 4215 4227 4320 4255 4250 4249 4246 4248 4253 4255 4265 4244 4183 4184 4187 4200 4254 4282 4292 4299 4307 4313 4315 4316 4337 4312 4318 4335 4352 4357 4357 4355 4358
4252 4285 4325 4366 4382 4349 4346 4368 4374 4359 4321 4259 4268 4384 4370 4319 4327 4352 4380 4408 4433 4426 4412 4382 4358 4352 4320 4277 4235 4237 4239 4250 4247 4246 4250 4254 4256 4267 4265 4262 4266 4269 4268 4271 4282 4254 4243 4216 4210 4206 4213 4196 4190 4216 4242 4241 4237 4241 4240 4239 4236 4230 4223 4173 4177 4187 4193 4244 4273 4286 4296 4304 4310 4311 4313 4299 4293 4304 4320 4333 4338 4354 4360 4365
4248 4285 4319 4339 4339 4337 4341 4374 4357 4331 4318 4306 4313 4373 4332 4322 4331 4344 4363 4384 4403 4386 4381 4375 4368 4355 4316 4269 4235 4241 4245 4253 4259 4257 4253 4253 4254 4252 4245 4258 4274 4286 4274 4254 4237 4235 4227 4205 4200 4201 4206 4257 4214 4222 4228 4233 4234 4234 4233 4229 4222 4211 4206 4162 4208 4247 4277 4272 4274 4281 4293 4302 4301 4298 4296 4287 4282 4292 4306 4318 4337 4355 4371 4371
