real_craters/C197-1000m.grd
DSAA
112 112
-55.7 55.7
-55.7 55.7
3015.1134097389 5095.0621932846
[rows 30 to 59 of 112, columns 0 to 66 of 112]
4517.05 4512.44 4514.26 4513.16 4509.71 4511.67 4515.56 4520.92 4520.1 4524.67 4512.82 4513.6 4517.68 4509.21 4497.22 4497.87 4502.11 4503.8 4504.85 4505.89 4503.69 4503.71 4509.35 4505.41 4509.52 4504.51 4517.14 4537.94 4551.4 4550.83 4553.72 4551.88 4545.5 4533.04 4536.68 4527.87 4526.26 4535.08 4538.86 4540.18 4541.02 4544.06 4552.51 4552.27 4561.96 4566.23 4609.71 4646.39 4661.43 4664.98 4629.69 4607.82 4588.16 4567.58 4552.76 4537.58 4535.17 4551.7 4569.85 4565.53 4569.01 4569.9 4561.42 4559.04 4563.78 4569.21 4593.5
4509.73 4508.69 4511.24 4512.73 4510.43 4509.51 4514.65 4515.04 4513.33 4512.45 4518.08 4518.22 4511.79 4507.46 4500.51 4497.15 4499.02 4500.13 4499.5 4496.72 4497.5 4502.05 4508.28 4512.92 4520.72 4519.93 4523.64 4536.08 4547.47 4558.17 4563.72 4569.99 4561.7 4551.02 4534.29 4518.6 4507.38 4520.04 4524.68 4530.28 4535.03 4555.03 4558.85 4558.14 4561.73 4568.38 4592.22 4615.65 4613.69 4608.09 4604.11 4583.7 4575.14 4560.89 4545.98 4544.81 4570.08 4567.78 4569.28 4566.35 4575.04 4568.53 4565.81 4553.88 4558.29 4568.29 4593.83
4507.9 4514.55 4512.42 4509.3 4509.42 4514.96 4523.55 4532.55 4525.22 4514.98 4516.81 4513.98 4508.55 4506.74 4504.54 4498.49 4498.68 4499.19 4498.32 4495.79 4496.18 4502.43 4506.5 4518.92 4532.38 4535.3 4549.58 4545.21 4554.39 4568.53 4563.4 4558.29 4549.26 4539.41 4522.83 4504.22 4497 4501.44 4505.75 4502.29 4510.88 4525.4 4548.4 4562.45 4564.67 4572.49 4584.31 4597.6 4605.03 4588.04 4577.39 4553.07 4553.04 4549.64 4548.14 4553.93 4576.81 4561.45 4557.94 4566.52 4573.84 4563.8 4561.27 4547.75 4557.55 4561.65 4565.84
4517.78 4518.34 4525.18 4512.44 4521.26 4521.34 4526.35 4530.1 4520.09 4508.61 4509.92 4506.27 4507.73 4506.39 4502.99 4501.84 4500.56 4500.78 4501.1 4498.44 4497.49 4501.4 4503.33 4511.17 4532.76 4550.02 4569.8 4551.27 4553.24 4560.33 4557.99 4542.13 4529.59 4526.78 4522.28 4513.95 4501.45 4495.01 4498.61 4497.68 4492.02 4500.49 4528.81 4545.81 4554.74 4554.53 4568.69 4582.71 4580.32 4567.17 4557.02 4544.12 4537.07 4532.76 4539.2 4534.54 4550.34 4546.53 4533.35 4547.24 4549.71 4538.99 4536.15 4535.95 4554.97 4545.91 4531.18
4512.85 4517.39 4516.68 4517.08 4511.53 4512.27 4512.64 4507.81 4510.07 4511.19 4507.78 4505.99 4506.27 4508.27 4509.63 4505.21 4503.83 4503.91 4502.61 4499.61 4495.96 4498.15 4501.7 4503.8 4527.95 4547.24 4559.93 4551.11 4545.5 4561.29 4561.18 4554.06 4536.36 4518.95 4506.07 4527.09 4508.31 4505.43 4507.96 4514.11 4500.16 4502.02 4534.72 4550.14 4557.23 4548.1 4564.47 4583.94 4579.41 4549.12 4534.16 4537.92 4519.76 4506.77 4520.01 4516.89 4528.84 4527.63 4522.32 4519.58 4533.66 4530.55 4535.52 4529.01 4537.2 4526.13 4516.1
4515.45 4519.79 4523.3 4514.47 4508.03 4503.79 4506.14 4504.81 4506.23 4509.14 4521.8 4512.93 4510.84 4510.59 4510.38 4507.86 4509.17 4510.22 4508.73 4509.41 4505.06 4499.07 4496.72 4503.2 4516.35 4537.68 4558.5 4558.83 4549.21 4559.03 4573.42 4575.82 4560.03 4529.28 4513.46 4523.9 4514.78 4520.44 4530.13 4528.45 4520.92 4512.99 4538.26 4566.93 4570.18 4560.49 4559.61 4562.83 4560.71 4550.04 4537.36 4523.7 4513.67 4503.59 4514.8 4514.74 4521.6 4517.15 4517.16 4530.08 4545.3 4543.94 4534.1 4533.29 4530.87 4524.97 4525.64
4506.93 4516.54 4530.04 4524.61 4509.22 4500.74 4500.74 4498.18 4500.22 4508 4504.31 4503.45 4509.1 4513.47 4517.18 4518.27 4519.37 4521.44 4525.38 4532.87 4523.02 4509.74 4506.63 4502.78 4507.85 4536.33 4549.13 4559 4558.58 4560.8 4570.95 4575.25 4566.42 4543.72 4532.9 4537.99 4534.64 4538.37 4555.04 4563.41 4545.36 4530.55 4545.27 4545.86 4557.16 4560.77 4558.26 4553.42 4545.41 4545.64 4553.99 4556.9 4546.69 4540.29 4547.98 4559 4574.21 4568.7 4557.13 4568.82 4607.35 4579.67 4561.17 4547.44 4554.32 4538.44 4527.34
4499.67 4517.3 4526.55 4531.6 4511.27 4505.16 4505.12 4503.06 4504.56 4512.02 4510.62 4508.38 4516.2 4518.87 4525.03 4536.08 4532.52 4532.91 4535.31 4548.9 4541.79 4546.4 4544 4536.45 4552.2 4564.13 4586.23 4575.37 4569.72 4561.4 4567.49 4570.3 4554.77 4540.68 4536.27 4545.23 4537.85 4550.15 4560.89 4566.12 4575.03 4548.02 4540.74 4553.69 4578.88 4574.89 4561 4554.29 4555.25 4564.65 4601.97 4626.56 4629.55 4640.35 4665.59 4688.42 4705.23 4717.94 4667.88 4654.63 4654.37 4643.75 4615.11 4576.3 4550.15 4533.3 4529.26
4493.76 4499.07 4510.23 4521.97 4510.4 4508.93 4498.4 4498.01 4499.35 4510.34 4511.57 4512.79 4519.09 4519.3 4525.53 4528.25 4532.31 4540.32 4554.78 4554.69 4548.76 4547.48 4548.95 4546.31 4551.2 4569.91 4609.81 4611.92 4579.55 4552.16 4544.16 4547.66 4541.71 4538.57 4532.04 4536.82 4554.65 4563.39 4567.61 4560.84 4587.58 4568.61 4562.8 4571.39 4585.11 4569.86 4571.27 4573.5 4600.47 4633.07 4731.1 4745.1 4760.9 4796.87 4855.54 4865.04 4840.91 4849 4820.07 4788.22 4744.94 4699.21 4655.58 4634.84 4620.61 4574.58 4549.62
4500.88 4497.88 4492.99 4495.19 4511.01 4530.92 4517.18 4502.5 4500.4 4505.66 4513.13 4512.4 4514.71 4513.4 4516.63 4529.3 4533.63 4532.65 4536.67 4541.29 4544.95 4551.79 4558.52 4546.28 4530.4 4546.26 4587.73 4601.59 4578.56 4559.17 4541.17 4533.23 4529.67 4539.79 4536.02 4532.45 4551.7 4564.68 4562.59 4550.01 4572.26 4583.8 4583.96 4581.54 4590.5 4585.66 4613.9 4651.07 4708.16 4722.3 4789.66 4806.87 4797.32 4831.04 4910.11 4920.76 4873.28 4906.86 4953.17 4901.5 4834.33 4782.79 4722.65 4711.49 4702.36 4658.49 4596.88
4503.23 4497.95 4491.33 4493.64 4511 4524.62 4511.49 4500.68 4495.66 4496.53 4502.2 4515.66 4515.63 4507.24 4507.21 4511.81 4522.09 4514.23 4512.08 4521.02 4531.78 4540.45 4564.42 4563.15 4540.48 4540.01 4562.86 4574.09 4568.55 4560.27 4546.09 4543.92 4534.9 4523.6 4530.43 4540.78 4544.21 4548.26 4554.71 4554.53 4572.87 4598.85 4599.61 4593.28 4646.72 4673.66 4704.74 4749.86 4821.61 4840.16 4871.22 4761.46 4659.55 4580.67 4561.47 4573.44 4546.37 4590.35 4649.72 4765.44 4833.54 4884.54 4832.61 4803.56 4731.17 4680.38 4625.41
4495.97 4493.74 4491.52 4498.02 4500.83 4504.7 4498.37 4495.29 4499.27 4494.59 4491.7 4514.67 4516.15 4489.28 4488.17 4500.95 4502.1 4500.74 4508.71 4520.24 4525.51 4527.83 4535.87 4554 4567.02 4560.45 4553.11 4562.9 4559.4 4548.87 4547.57 4574.53 4566.49 4545.67 4551.69 4547.49 4550.17 4547.33 4545.26 4544.9 4591.95 4611.54 4617.25 4625.67 4700.51 4747.05 4827.92 4860.36 4869.4 4801.8 4630.42 4499.42 4398.44 4365.94 4364.95 4361.85 4340.86 4358.11 4388.04 4456.2 4580.31 4652 4636.17 4618.4 4610.2 4641.21 4636.02
4488.59 4486.93 4487.37 4487.41 4489.95 4496.05 4513.01 4502.03 4500.25 4495.61 4498.75 4506.67 4506.99 4490.8 4486.48 4494.08 4494.96 4493.61 4505.42 4516.35 4522.47 4527.71 4534.97 4559.54 4571.18 4561.84 4541.06 4546.96 4551.26 4544.96 4556.11 4565.64 4561.59 4549.28 4579.07 4589.05 4567.57 4547.86 4545.6 4549.42 4582.69 4604.19 4618.46 4650.97 4705.3 4832.32 4951.74 4924.55 4640.96 4440.43 4311.62 4235.2 4234.38 4256.16 4279.7 4253.68 4168.1 4136.27 4170.05 4231.38 4319.97 4437.29 4489.79 4506.99 4502.41 4528.27 4628.26
4491.76 4495.62 4496.16 4488.42 4491.91 4492.22 4496.72 4524.78 4512.63 4490 4502.4 4503.54 4484.07 4479.45 4484.83 4491.1 4493.55 4496.65 4493.06 4505.47 4519.23 4535.94 4544.61 4556.75 4570.9 4556.82 4550.5 4556.95 4549.18 4539.67 4536.89 4542.94 4552.94 4555.61 4580.91 4587.52 4576.65 4561.31 4552.2 4589.68 4571.39 4585.57 4631 4710.57 4825.1 4969.85 4895.52 4657.32 4350.83 4192.84 4107.99 4069.95 4102.9 4157.33 4194.66 4150.53 3951.69 3885.26 3919.93 3992.01 4083.46 4255.64 4420.58 4499 4457.98 4467.03 4547.04
4494.87 4501.33 4503.28 4494.49 4486.53 4479.15 4488.04 4510.05 4504.27 4496.45 4496.98 4491.68 4475.56 4476.1 4483.94 4493.57 4499.53 4509.48 4500.55 4504.86 4516.7 4536.94 4560.35 4561 4540.71 4536.74 4548.12 4560.74 4555.15 4542.12 4537.39 4531.3 4543.72 4561.74 4584.82 4594.08 4578.58 4564.21 4585.99 4612.19 4569.08 4596.09 4664.73 4794.94 4940.72 4872.44 4568.37 4339.95 4119.21 4005.96 3961.4 3939.55 3946.28 3949.04 3899.91 3827.87 3731.03 3697.81 3686.63 3750.24 3816.74 3935.65 4120.43 4283.04 4418.24 4455.61 4471.1
4495.51 4498.66 4499.86 4506.23 4499.08 4495.84 4493.03 4492.29 4500.19 4494.77 4489.79 4480.38 4470.43 4473.9 4486.99 4499.11 4507.73 4493.46 4499.55 4506.48 4514.07 4527.67 4538.65 4548.19 4534.16 4533.61 4535.85 4541.56 4556.94 4541.85 4537.79 4528.56 4532.96 4550.03 4575.17 4594.11 4574.94 4563.42 4596.43 4608.04 4594.86 4656.39 4790.06 4936.22 4826.73 4571.45 4270.28 4086.38 3928.42 3869.83 3821.53 3775.76 3735.22 3695.96 3646.89 3602.61 3556.41 3512.39 3478.75 3520.89 3569.32 3678.24 3824.63 3960.55 4213.68 4347.36 4352.65
4498.96 4493.26 4489.37 4508.14 4505.34 4494.11 4490.34 4488.91 4496.55 4492.03 4475.88 4472.38 4474.52 4480.98 4490.55 4504.29 4518.71 4500.77 4513.44 4512.21 4507.95 4515.75 4514.78 4520.78 4524.74 4527.06 4533.92 4534.86 4547.31 4548.89 4542.64 4540.38 4530.88 4536.58 4555.99 4568.07 4559.76 4555.35 4581.22 4595.34 4625.95 4722.68 4914.23 4836.59 4538.16 4297.73 4060.26 3910.74 3791.19 3762.7 3691.14 3608.64 3568.34 3533.14 3489.77 3448.33 3410.39 3354.01 3306.87 3328.44 3377.45 3471.53 3568.74 3711.99 3932.71 4070.24 4144.06
4513.82 4503.36 4500.26 4510.42 4510.29 4497.53 4491.69 4482.63 4489.78 4487.74 4480.55 4474.17 4470.54 4478.53 4489.73 4501.05 4506.91 4509.7 4520.1 4521.69 4523.85 4518.99 4506.45 4510.86 4537.67 4525.73 4526.4 4534.07 4541.85 4555.13 4540.47 4524.04 4515.14 4525.97 4549.74 4546.47 4545.99 4543.45 4582.27 4613.2 4669.36 4799.16 4919.16 4649.44 4326.81 4092.78 3898.8 3770.64 3725.97 3668.42 3575.95 3491.88 3460.79 3462.6 3368.75 3288.47 3277.12 3279.06 3181.68 3184.69 3228.4 3301.78 3388.02 3547.39 3786.32 3918.34 4021.52
4504.18 4504.81 4495.91 4494.9 4494.25 4489.63 4491.59 4489.22 4484.45 4482.1 4478.33 4477.94 4477.25 4478.83 4488.72 4498.59 4507.65 4521.59 4532.18 4529.61 4528.95 4533.26 4520.04 4523.6 4539.91 4538.86 4523.73 4537.14 4548.47 4543.09 4530.83 4516.14 4516.75 4516.91 4547.59 4548.03 4547.14 4549.71 4603.06 4642.57 4710.07 4812.64 4793.9 4430.5 4150.83 3932.07 3745.45 3629.12 3598.71 3539.46 3472.46 3405.21 3385.77 3372.89 3267.86 3168.41 3169.48 3139.99 3103.75 3114.16 3143.32 3198.07 3307.38 3445.45 3646.92 3790.42 3914.69
4495.98 4494.05 4498.74 4494.72 4487.2 4481.75 4490 4489.07 4484.25 4480.66 4480.19 4481.25 4479.86 4482.55 4489.17 4498.03 4509.44 4520.18 4526.51 4528.45 4539.65 4529.39 4529.02 4541.61 4545.78 4539.87 4541.97 4538.58 4535.92 4534.39 4524.8 4524.54 4525.01 4531.26 4536.07 4555.39 4571.55 4595.45 4675.71 4692.32 4757.78 4801.36 4574.47 4245.83 4010.31 3836.05 3675.76 3505.76 3419.18 3376.76 3382.16 3389.69 3360.73 3264 3174.46 3112.21 3113.05 3077.04 3074.34 3103.42 3133.28 3170.8 3293.05 3351.57 3502.21 3667.47 3839.24
4495.81 4493.23 4499.47 4494.39 4489.72 4485.08 4488.25 4491.72 4487.57 4481.26 4476.79 4482.28 4478.28 4484.08 4488.07 4495.87 4506.56 4514.62 4514.27 4516.6 4522.77 4535.38 4535.44 4542.58 4552.33 4555.13 4546.3 4537.65 4520.99 4509.31 4509.34 4510.44 4516.23 4533.94 4532.65 4554.01 4600.85 4668.85 4739.13 4742.68 4804.33 4759.84 4390.88 4100.72 3917.95 3808.27 3640.09 3412.64 3305.7 3294.81 3310.29 3329.85 3306.72 3229.67 3150.87 3090.83 3063.36 3035.95 3048.84 3065.68 3114.31 3180.99 3236.72 3323.74 3445.06 3597.34 3807.23
4495.57 4493.8 4498.93 4495.4 4492.27 4489.96 4491.31 4491.54 4495.71 4484.19 4475.76 4472.3 4468.56 4474.49 4481.64 4488.88 4493.41 4494.68 4498.95 4510.14 4527.02 4532.05 4542.35 4548.23 4556.51 4557.02 4550.54 4537.69 4521.34 4512.47 4508.68 4502.12 4516.05 4540.08 4529.84 4548.15 4611.48 4688.98 4768.12 4779.25 4826.03 4666.17 4266.62 4051.59 3903.15 3769.86 3561.91 3335.19 3255.33 3248.44 3249.4 3240.11 3221.82 3237.91 3219.9 3139.46 3065.3 3015.11 3021.59 3052.53 3095.64 3160.86 3262.84 3369.69 3431.72 3537.89 3694.55
4494.26 4487.03 4479.46 4483.36 4484.07 4483.68 4486.73 4487.19 4492.92 4482.06 4475.6 4474.99 4476.87 4474.9 4477.48 4480.2 4485.06 4478.95 4490.16 4504.8 4524.88 4547.6 4549.15 4555.34 4558.89 4559.32 4558.06 4539.51 4531.56 4529.27 4524.69 4513.92 4522.92 4545.88 4540.91 4540.94 4591.35 4666.52 4765.86 4796.02 4838.54 4520.87 4173.69 4048.19 3868.28 3674.05 3461.25 3287.12 3226.45 3215.14 3204.97 3188.21 3184.34 3246.26 3308.35 3290.33 3179.39 3043.44 3020.23 3039.21 3070.4 3133.74 3221.25 3334.92 3372.83 3481.52 3635.24
4503.94 4484.1 4476.65 4478.51 4475.44 4471.8 4480.63 4482.43 4486.63 4476.05 4473.25 4478.63 4478.86 4475.53 4473.36 4471.76 4472.78 4482 4489.35 4503.03 4520.73 4532.14 4546.28 4557.97 4558.54 4554.37 4544.65 4537.9 4544.12 4545.25 4534.93 4530.16 4517.93 4515.57 4515.3 4531.68 4562.29 4626.04 4739.29 4779.44 4739.45 4389.63 4128.74 4018.42 3815.28 3563.05 3374.5 3251.44 3216.76 3219.41 3211.04 3177.3 3142.03 3263.08 3406.38 3412.53 3336.13 3167.94 3060.22 3046.54 3067.62 3137.19 3176.54 3238.14 3284.24 3395.19 3529.21
4503.19 4486.86 4476.01 4483.37 4484.5 4477.27 4476.41 4488.17 4475.25 4467.73 4466.95 4469.89 4473.62 4472.76 4466.7 4463.58 4459.94 4459.93 4466.3 4490.91 4520.75 4534.66 4541.92 4545.39 4545.45 4548.96 4532.25 4530.67 4531.44 4529.1 4530.15 4531.55 4514.97 4526.24 4540.74 4552.32 4555.01 4605.2 4730.68 4825.45 4747.8 4332.71 4068.84 3912.8 3711.97 3539.73 3347.9 3251.9 3231.59 3248.67 3260.9 3213.19 3206.28 3326.4 3452.01 3408.54 3355.85 3298.05 3155.01 3099.85 3085.69 3112.81 3147.03 3184.28 3235.44 3333.29 3429.77
4489.96 4485 4475.37 4472.16 4479.93 4478.92 4483.57 4486.28 4486.91 4474.61 4465.55 4462.09 4466.25 4464.58 4463.17 4464 4459.56 4448.9 4452.33 4470.22 4517 4539.63 4538.43 4532.39 4532.2 4532.46 4530.71 4525.55 4522.79 4521.06 4528.14 4527.93 4508.73 4536.02 4542.89 4562.99 4544.47 4570.22 4661.46 4806.51 4708.78 4258.03 3987.96 3814.47 3651.44 3555.11 3350.88 3248.95 3233.21 3235.9 3247.49 3231.64 3281.86 3389.07 3483.14 3364.9 3334.08 3399.38 3244.2 3164.29 3118.53 3107.73 3126.2 3177.66 3233.14 3269.93 3364.68
4481.2 4474.05 4466.24 4466.53 4475 4479.77 4496.52 4489.36 4490.11 4477.5 4468.67 4468.14 4475.21 4470.63 4470.12 4470.52 4472.33 4473.42 4489.7 4505.54 4522.2 4530.93 4527.4 4523.41 4523.4 4528.31 4521.18 4521.92 4539.78 4527.67 4515.13 4521.59 4515.18 4531.7 4535.74 4553.05 4543.03 4556.81 4644.05 4797.9 4709.17 4209.3 3942 3785.37 3666.17 3548.85 3385.5 3233.75 3214.48 3187.14 3144.58 3187.6 3271.12 3377.69 3482.44 3421.26 3490.5 3487.91 3315.98 3225.99 3169.86 3103.48 3077.68 3118.51 3201.98 3197.66 3286.76
4469.68 4469.27 4473.59 4477.63 4476.54 4472.25 4463.27 4493.85 4478.48 4470.78 4474.2 4480.92 4493.74 4482.92 4471.51 4478.18 4480.53 4479.86 4488.62 4521.39 4533.11 4533.61 4526.12 4524.74 4525.18 4522.82 4515.31 4519.44 4534.19 4528.24 4525.49 4526.63 4522.68 4539.71 4541.52 4561.07 4563.61 4571.83 4639.26 4719.73 4663.8 4198.47 3910.23 3783.7 3676.01 3551.18 3425.08 3300.63 3268.65 3189.97 3112 3147.92 3231.9 3318.33 3391.44 3452.35 3526.44 3432.94 3340.88 3275.4 3186.92 3083.37 3035.24 3055.92 3123.92 3189.34 3299.9
4469.03 4472.22 4478.57 4480.48 4470.2 4479.96 4477 4506.63 4483.83 4480.79 4481.47 4489.47 4501.74 4501.96 4500.01 4493.71 4487.03 4483.31 4483.4 4502.76 4532.72 4533.26 4526.59 4521.32 4520.31 4511.7 4501.75 4508.02 4526.58 4539.92 4555.62 4534.72 4517.43 4530.75 4543.6 4558.91 4602.21 4579.85 4625.55 4680.56 4624.45 4248.48 3949.43 3810.7 3700.97 3607.51 3477.91 3348.66 3325.92 3232.25 3151.46 3148.93 3184.63 3232.86 3311.6 3354.33 3339.09 3326.15 3320.61 3321.2 3239.17 3094.01 3044.67 3070.51 3156.8 3277.83 3405.18
4467.75 4466.94 4472.45 4474.07 4464.77 4480.72 4481.7 4469.75 4478.1 4481.37 4484.58 4491.21 4497.69 4508.19 4509.45 4502.02 4498.78 4496 4490.87 4490.55 4523.09 4523.19 4517.86 4511.98 4507.09 4502.9 4494.22 4508.77 4525.52 4524.64 4540.83 4535.48 4526.54 4527.16 4538.41 4559.9 4598.37 4585.41 4608.49 4642.44 4668.7 4386.59 4050.75 3878.7 3732.42 3664.11 3565.31 3389.14 3333.82 3269.58 3209.71 3179.71 3171.87 3184.18 3262.54 3287.5 3234.45 3214.77 3217.26 3285.98 3228.68 3142.55 3101.2 3139.12 3229.04 3383.36 3513.01
