real_craters/C197-300m.grd
DSAA
651 651
-97.475 97.475
-97.475 97.475
2607.9095965283 5241.3412938928
[rows 210 to 239 of 651, columns 0 to 66 of 651]
4222.08 4222.07 4223.64 4225.16 4227.29 4232.36 4239.21 4245.92 4249.3 4246.66 4235.88 4234.93 4230.25 4224.29 4216.94 4210.86 4202.16 4191.93 4184.08 4178.74 4176.1 4173.72 4169.74 4166.49 4161.28 4155.28 4149.11 4142.65 4136.72 4135.45 4134.16 4133.14 4132.58 4133.22 4133.75 4133.96 4132.73 4130.93 4128.22 4125.17 4123.13 4123.21 4120.52 4117.44 4115.55 4114.65 4114.81 4116.6 4115.57 4111.91 4113.04 4115.86 4117.47 4119.39 4122.97 4125.88 4117.75 4111.85 4113.91 4117.78 4120.86 4122.78 4122.89 4119.49 4118.16 4114.88 4110.51
4223.14 4224.86 4227.76 4230.78 4233.03 4234.26 4245.78 4250.98 4252.59 4248.54 4242.99 4236.59 4234.58 4225.48 4217.54 4209.41 4200.79 4193.53 4186.3 4181.34 4176.05 4173.4 4169.67 4165.83 4161.23 4155.97 4150.4 4145.04 4141.53 4138.4 4136.91 4135.75 4134.09 4133.84 4136.55 4137.72 4133.89 4130.02 4125.79 4120.97 4119.05 4120.83 4119.37 4116.69 4114.95 4113.91 4113.82 4114.7 4116.07 4118.12 4120.09 4119.27 4119.25 4120.08 4121.78 4123.16 4117.76 4113.19 4115.28 4118.71 4121.61 4123.95 4126.26 4129.49 4123.75 4117.27 4110.98
4224.53 4228.25 4232.24 4237.07 4244.3 4256.2 4254.89 4254.83 4253.33 4245.23 4238.4 4236.06 4230.8 4223.49 4216.59 4209.35 4201.95 4195.39 4189.73 4185.35 4182.83 4174.86 4170.92 4166.79 4162.28 4157.39 4152.44 4147.83 4143.14 4141.7 4140.4 4139.39 4139.03 4138.15 4137.63 4137.45 4133.61 4129.54 4125.13 4120.83 4118.42 4117.4 4116.12 4115.36 4113.93 4112.6 4111.88 4111.74 4114.79 4119.53 4122.93 4120.65 4119.79 4119.06 4117.09 4113.47 4117.13 4118.21 4118.84 4120.55 4122.5 4124.5 4127.13 4129.88 4125.78 4117.74 4111.48
4231.91 4233.42 4236.04 4240.46 4247.74 4259.26 4255.2 4253.94 4249.89 4234.81 4230.57 4227.43 4222.95 4219.12 4214.83 4210 4204.59 4196.99 4189.71 4187.27 4186.18 4179.55 4173.03 4168.13 4163.81 4159.36 4154.99 4151.34 4149.1 4146.21 4143.75 4142.44 4142.35 4140.41 4136.67 4134.09 4133.08 4129.77 4125.44 4122.44 4119.4 4117.42 4116.03 4115.22 4113.11 4111.11 4109.86 4111.67 4113 4116.25 4117.03 4119.67 4119.46 4118.81 4117.61 4117.2 4119.63 4121.66 4121.63 4121.94 4122.49 4123.36 4124.11 4123.61 4119.76 4115.81 4111.46
4237.52 4237.28 4237.69 4239.64 4241.91 4240.49 4244.09 4246.31 4243.57 4227.3 4221.23 4212.7 4214.78 4215.38 4212.73 4209.37 4205.8 4197.67 4189.86 4185.64 4181.87 4174.8 4172.48 4169.56 4165.55 4161.32 4157.15 4153.74 4151.52 4148.78 4145.77 4144.16 4143.12 4142.1 4139.2 4136.87 4135.73 4132.18 4126.29 4120.1 4118.8 4119.61 4121.71 4116.07 4113.27 4110.62 4107.37 4104.49 4109.76 4114.88 4120.69 4119.23 4119.04 4119.25 4120.72 4120.68 4121.95 4123.47 4123.18 4122.72 4122.04 4121.64 4120.47 4118.2 4115.16 4114.03 4111.57
4236.74 4236.88 4237.3 4237.07 4236.17 4235.63 4235.43 4234.46 4229.98 4223.42 4220.74 4220.81 4217.55 4214.33 4211.02 4207.19 4202.81 4197.63 4192.46 4188.52 4187.01 4178.97 4175.84 4172.24 4168.01 4163.63 4159.06 4154.82 4151.5 4148.47 4146.15 4145.74 4145.63 4146.51 4147.05 4144.97 4141.78 4137.93 4131.99 4120.25 4122 4120.83 4115.65 4115.75 4114.74 4112.75 4109.04 4104.27 4110.25 4114.55 4115.85 4117.77 4118.35 4118.52 4119.52 4122.59 4124.41 4124.72 4124.15 4123.43 4122.24 4120.69 4118.52 4115.17 4113.56 4114.2 4112.81
4237.55 4237.69 4236.98 4234.7 4231.49 4227.84 4226.35 4227.12 4224.61 4223.12 4220.93 4221.39 4218.28 4212.65 4208.4 4204.75 4201.2 4197.66 4194.45 4191.23 4187.04 4185.22 4180.18 4175.44 4170.73 4165.82 4160.93 4155.74 4149.55 4144.33 4146.42 4147.63 4148.98 4150.53 4154.04 4151.95 4147.92 4145.5 4144.2 4144.17 4133.92 4126.52 4120.38 4118.6 4118.8 4118.3 4117.7 4117.96 4116.66 4117.69 4118.33 4118.77 4118.61 4118.16 4117.11 4123.79 4127.8 4125.95 4125.51 4124.4 4122.96 4120.67 4118.1 4115.95 4116.64 4115.69 4115.04
4240.86 4240.84 4237.96 4234.05 4228.82 4221.91 4219.23 4228.35 4229.23 4223.49 4218.86 4215.13 4214.05 4208.98 4205.3 4202.45 4200.4 4197.85 4195.08 4193.22 4190.25 4186.6 4183.22 4178.34 4173.2 4167.9 4162.97 4158.05 4152.79 4148.78 4150.03 4150.68 4150.41 4151.74 4151.95 4152.15 4151.23 4150.81 4152 4152.04 4142.6 4133.98 4126.6 4124.95 4125.37 4125.27 4125.43 4125.24 4123.53 4122.57 4122.27 4121.51 4119.91 4119.51 4121.69 4126.6 4129.59 4128.78 4127.82 4126.13 4123.97 4121.37 4118.25 4115.35 4113.99 4115.74 4116.6
4242.71 4242.51 4239.26 4235.07 4230.44 4225.3 4222.12 4232.35 4233.88 4226.21 4217.59 4209.32 4204.64 4203.88 4202.54 4199.98 4197.22 4194.76 4193.79 4194.02 4191.54 4190.49 4186.05 4180.39 4175.05 4170.16 4165.73 4161.35 4158.67 4157.34 4156.3 4155.23 4154.52 4152.99 4152.27 4152.25 4152.31 4152.31 4152.83 4152.18 4145.61 4139.89 4137.51 4135.94 4132.17 4131.7 4131.93 4130.94 4129.38 4126.82 4124.93 4122.67 4120.55 4119.86 4121.07 4125.01 4130.9 4131.57 4129.45 4127.11 4124.31 4121.35 4118.24 4114.93 4111.18 4115.15 4117.09
4243.37 4243.4 4239.96 4236.88 4234.46 4234.93 4241.87 4238.09 4238.02 4230.27 4218.22 4204.39 4199 4202.51 4202.06 4198.66 4192.86 4188.14 4192.48 4194.63 4193.76 4192.42 4187.64 4181.51 4176.07 4170.85 4166.89 4164.2 4163.24 4164.29 4161.68 4158.44 4156.24 4154.07 4151.76 4152.43 4152.65 4151.92 4149.8 4146.99 4145.1 4141.79 4139.52 4137.54 4134.56 4135.5 4139.81 4139.26 4134.21 4130.51 4126.51 4121.59 4122.16 4119.81 4118.72 4122.17 4125.3 4130.76 4130.07 4127.66 4124.96 4122.11 4119.71 4117.41 4115.79 4117.56 4117.96
4243.25 4241.03 4239.5 4237.87 4236.46 4237.33 4240.7 4240.08 4238.55 4233.87 4227.19 4215.27 4209.94 4208.6 4205.2 4200.59 4196.09 4195.05 4193.15 4194.82 4193.99 4192.47 4187.48 4181.03 4175.63 4171.18 4167.4 4164.47 4163.45 4164.73 4160.97 4157.69 4155.99 4153.98 4154.23 4153.05 4153.11 4152.59 4150.01 4147.24 4145.1 4141.28 4136.6 4131.4 4132.07 4134 4138.24 4138.67 4135.81 4133.61 4132.81 4134.39 4125.59 4120.03 4118.65 4123.74 4131.45 4132 4130.72 4128.59 4126.09 4123.31 4121.07 4120.18 4122.73 4122.55 4120.91
4244.44 4242.19 4240.01 4237.92 4235.74 4233.99 4231.86 4232.75 4234.45 4236.56 4236.53 4231.37 4224.66 4217.72 4210.41 4204.09 4198.57 4192.09 4192.91 4192.76 4190.78 4188.7 4183.9 4177.99 4173.4 4169.34 4166.06 4162.94 4160.38 4156.22 4153.8 4153.21 4151.83 4150.61 4150.16 4152.01 4153.91 4155.37 4154.89 4151.78 4147.19 4141.31 4134.89 4129.88 4129.08 4130.1 4129.02 4132.9 4135.23 4135.14 4133.8 4130.37 4125.84 4120.7 4117.12 4126.16 4134.46 4133.84 4131.55 4128.83 4126.27 4124 4121.95 4120.55 4119.5 4121.19 4123.06
4245.43 4243.85 4240.29 4237.04 4234.52 4231.7 4227.36 4233.14 4236.87 4238.34 4239.04 4234.78 4230 4223.07 4213.59 4206.79 4202.33 4200.55 4193.95 4187.74 4189.43 4186.21 4176.52 4173.56 4170.31 4166.56 4163.63 4161.03 4158.24 4155.35 4153.33 4151.56 4150.17 4148.43 4148.41 4151.51 4155.02 4158.67 4162.43 4158.1 4150.09 4142.56 4135.1 4127.94 4128.5 4130.93 4130.39 4134.25 4136.93 4137.15 4135.49 4131.38 4129.76 4126.5 4123.47 4125.33 4131.47 4133.37 4131 4128.49 4126.45 4124.66 4122.68 4120.8 4118.48 4121.26 4125.26
4243.61 4239.24 4235.64 4234.87 4233.7 4232.87 4235.78 4244.97 4242.29 4237.31 4233.64 4229.9 4225.33 4220.31 4211.9 4207.14 4203.86 4200.62 4194.8 4185.84 4183.48 4180.08 4174.78 4170.02 4166.88 4164.49 4162.19 4159.79 4157.46 4154.8 4152.68 4152.89 4151.72 4148.66 4148.56 4152.26 4155.98 4159.45 4161.92 4158.38 4151.71 4144.72 4137.87 4132.36 4133.03 4138.39 4142.34 4142.2 4141.4 4140.44 4139.3 4139.29 4136.11 4133.26 4131.75 4127.38 4127.14 4129.87 4129.3 4128.08 4126.65 4125.09 4123.78 4123.07 4123.12 4127.41 4128.93
4240.5 4235.65 4232.59 4232.99 4232.83 4232.48 4232.37 4233.63 4234.66 4232.58 4228.95 4223.62 4215.64 4206.62 4207.19 4205.98 4204.09 4201.5 4197.75 4194.27 4186.76 4180.95 4172.5 4167.67 4164.16 4161.91 4160.2 4158.9 4157.73 4156.87 4157.72 4159.78 4158.56 4153.48 4152.02 4155.07 4157.41 4158.67 4158.24 4156.47 4152.59 4147.53 4142.5 4138.25 4139.63 4147.61 4154.99 4149.43 4145.56 4143.24 4141.68 4139.85 4138.17 4136.18 4133.94 4132.8 4130.05 4127.55 4127.68 4127.43 4126.78 4125.92 4125.06 4125.05 4126.34 4130.19 4130.98
4238.68 4236.61 4235.58 4232.77 4231.26 4230.52 4229.8 4228.55 4228.87 4227.32 4224.26 4220.59 4215.77 4206.93 4205.75 4205.04 4204.45 4202.93 4200.15 4195.19 4190.34 4184.89 4174.15 4165.56 4161.66 4160 4159.53 4159.14 4159.25 4160.06 4161.57 4172.6 4168.87 4162.8 4160.02 4159.91 4160.43 4159.91 4156.45 4156.44 4154.09 4150.52 4147.51 4147.61 4151.54 4151.63 4154.63 4150.44 4146.74 4144.23 4142.91 4142.91 4142.83 4139.35 4137.62 4136.83 4133.03 4128.86 4127.85 4127.66 4127.17 4126.45 4126.06 4125.85 4126.66 4127.95 4130.41
4235.11 4234.46 4233.92 4230.51 4228.56 4227.72 4227.74 4228.9 4225.27 4223.78 4220.56 4218.21 4213.51 4209.52 4206.58 4205.38 4204.61 4203.92 4202.26 4198.26 4191.71 4183.07 4170.24 4160.77 4158.77 4158.63 4159.18 4159.44 4160.59 4163.41 4169.85 4175.41 4172.99 4169.44 4166.59 4164.84 4164.16 4164.51 4164.08 4159.96 4156.06 4152.76 4150.31 4149.29 4147.83 4147.71 4146.77 4146.93 4145.24 4143.28 4141.74 4140.88 4140.26 4140.45 4140.85 4140.38 4135.65 4129.49 4128.91 4128.33 4127.67 4126.98 4126.51 4126.18 4125.95 4125.9 4128.36
4230.01 4228.2 4226.09 4224.98 4224.27 4223.87 4222.93 4220 4221.2 4224.15 4224.17 4219.07 4213.31 4208.93 4207.07 4205.43 4204.27 4203.37 4202.17 4198.76 4191.35 4176.35 4163.58 4156.66 4158.43 4158.9 4159.41 4160.11 4161.2 4163.11 4165.24 4166.05 4170.96 4174.38 4170.97 4167.71 4166.2 4166.09 4166.37 4161.65 4157.63 4154.2 4151.21 4148.57 4146 4144.15 4142.93 4143.45 4142.63 4141.33 4139.38 4137.06 4134.87 4138.51 4140.99 4141.71 4137.97 4132.87 4131.53 4130.15 4128.9 4127.88 4127.25 4126.72 4126.07 4125.28 4127.01
4223.34 4221.72 4219.87 4219.77 4219.71 4219.66 4219.88 4219.05 4220.27 4224.2 4224.7 4220.07 4215.45 4211.83 4207.85 4204.76 4202.7 4201.16 4199.23 4195.35 4190.61 4176.99 4171.47 4165.1 4161.47 4160.32 4159.81 4159.99 4160.68 4161.51 4162.25 4163.45 4166.37 4169.62 4168.84 4167.55 4166.21 4163.8 4161.64 4160.96 4158.34 4155 4151.56 4148.2 4145.58 4143.09 4141.82 4141.77 4141.08 4139.7 4137.82 4135.73 4134.37 4136.02 4138.61 4139.68 4138.85 4137.9 4134.64 4132.03 4130.16 4128.78 4127.83 4127.74 4127.17 4126.68 4126.27
4215.32 4214.88 4215.05 4214.93 4214.57 4215.5 4217.04 4219.22 4222.56 4223.41 4222.01 4218.96 4215.32 4211.12 4206.42 4203.29 4200.81 4198.53 4194.83 4191.54 4182.54 4176.38 4174.51 4168.84 4164.52 4161.83 4160.6 4160.09 4160.25 4160.31 4160.07 4160.48 4160.61 4160.21 4163.88 4166.03 4166.65 4164.99 4162.93 4161.86 4159.05 4155.45 4151.64 4147.82 4144.4 4142.65 4141.84 4141.22 4140.29 4138.9 4136.98 4135.01 4133.91 4135.11 4137.18 4138.23 4138.2 4137.39 4134.98 4132.76 4131.09 4129.57 4128.83 4128.18 4127.99 4128.77 4127.4
4208.1 4207.11 4206.4 4206.31 4208.17 4211.1 4214.73 4221.37 4225.78 4222 4219.12 4216.91 4214.36 4210.69 4204.49 4201.32 4198.48 4196.68 4196.47 4193.39 4186.7 4178.09 4175.46 4171.05 4166.13 4162.89 4161.15 4160.21 4159.87 4159.78 4159.69 4159.28 4157.33 4157.73 4161.47 4165.08 4168.35 4170.98 4168.9 4164.16 4159.73 4155.4 4151.33 4147.48 4144.23 4142.74 4141.8 4140.86 4139.79 4138.5 4136.92 4134.92 4133.01 4134.21 4136.74 4138.39 4137.25 4135.4 4133.55 4132.29 4130.92 4129.71 4128.8 4128.3 4127.73 4126.49 4122.3
4200.07 4198.79 4196.5 4196.34 4201.78 4206.64 4212.56 4218.3 4221.79 4218.38 4215.18 4213.61 4212.21 4210.36 4204.99 4198.69 4195.06 4192.9 4192.58 4192.55 4187.11 4179.86 4173.34 4169.44 4165.69 4163.18 4161.62 4160.49 4159.89 4159.52 4158.94 4154.21 4155.82 4158.13 4160.63 4164.07 4168.25 4173.62 4171.39 4164.81 4159.61 4155.04 4150.92 4147.24 4144.24 4142.37 4141.52 4140.43 4139.57 4138.74 4137.64 4136.08 4133.86 4133.57 4135.39 4136.76 4135.96 4134.59 4133.2 4131.89 4130.69 4129.45 4128.59 4127.94 4127.19 4126.23 4127.11
4193.64 4192.85 4192.25 4194.2 4198.03 4201.95 4204.03 4211.5 4218.45 4214.37 4211.06 4209.88 4208.51 4205.53 4198.68 4194.66 4191.31 4188.09 4185.34 4189.82 4187.93 4180.88 4173.56 4168.33 4164.78 4162.84 4161.56 4160.53 4159.78 4159.08 4157.56 4155.05 4154.97 4156.92 4159.13 4161.89 4164.53 4165.73 4165.42 4162.31 4158.25 4154.16 4150.34 4146.89 4144.13 4141.48 4140.41 4139.75 4139.24 4139.13 4139.27 4139.12 4137.67 4133.63 4134.52 4134.93 4134.74 4133.86 4132.71 4131.4 4130.18 4129.67 4129.03 4127.81 4126.8 4125.21 4121.15
4188.42 4188.33 4188.97 4191.41 4194.96 4200.47 4205.51 4207.6 4211.88 4206.2 4205.72 4206.04 4204.75 4201.45 4195.11 4191.36 4188.58 4185.01 4181.47 4180.61 4181.98 4181.55 4178.31 4170.21 4164.94 4163.07 4161.32 4160.18 4159.2 4158.8 4158.81 4156.26 4154.54 4154.96 4157.28 4159.24 4160.73 4160.89 4160.71 4159.04 4156.39 4153.07 4149.68 4146.63 4144.19 4141.39 4139.67 4139.08 4139.33 4140.28 4141.76 4143.74 4145.9 4143.7 4138.05 4135.25 4134.8 4133.43 4131.89 4130.63 4130.06 4129.69 4129.32 4128.65 4127.35 4125.81 4123.49
4184.73 4184.78 4184.61 4185.45 4192.49 4200.1 4202.9 4203.3 4199.66 4199.47 4202.89 4203.88 4203.23 4200.03 4194.13 4191.65 4188.28 4184.32 4180.71 4177.01 4177.8 4179.76 4178.4 4172.88 4167.28 4164.08 4161.91 4159.77 4158.22 4157.09 4157.21 4156.23 4155.44 4155.31 4155.9 4156.71 4157.27 4158.29 4157.64 4156.54 4154.74 4152.06 4148.93 4145.66 4143.23 4143.14 4138.22 4138.06 4139.3 4141.14 4143.61 4147.08 4151.86 4153.04 4145.4 4139.67 4136.88 4133.93 4130.74 4130.03 4130.11 4129.99 4129.64 4128.5 4127.66 4126.34 4123.17
4183.06 4183.12 4183.25 4184.81 4192.14 4202.8 4207.89 4204.15 4204.71 4208.45 4205.65 4204.41 4203.42 4202.2 4200.61 4195.48 4190.12 4185.43 4182.32 4183.3 4181.46 4179.41 4177.6 4174.05 4168.81 4165.14 4162.48 4159.86 4157.18 4154.13 4151.84 4152.08 4153.24 4154.42 4154.91 4154.96 4154.22 4153.14 4154.64 4154.82 4153.58 4151.3 4148.29 4144.52 4139.43 4133.56 4134.52 4137.11 4139.43 4141.7 4144.2 4147.37 4151.54 4155.15 4150.28 4144.77 4140.27 4135.76 4131.89 4130.37 4130.48 4130.57 4130.33 4129.6 4128.1 4125.9 4122.79
4182.55 4182.77 4183.55 4185.53 4192.31 4201.8 4210.53 4206.89 4206.62 4208.42 4204.29 4203.29 4203.32 4203.82 4202.82 4196.7 4192.21 4188.33 4185.51 4186.98 4183.13 4179.04 4176.46 4173.34 4168.89 4165.7 4163.62 4161.05 4157.59 4152.65 4148.53 4150.24 4152.28 4153.93 4154.59 4154.79 4154.37 4153.66 4154.53 4154.58 4153.46 4151.69 4148.93 4145.22 4140.47 4135.79 4134.72 4138.04 4140.53 4142.48 4143.97 4145.44 4147.23 4150.34 4154.39 4149.85 4143.56 4138.13 4133.31 4131.74 4132.32 4132.41 4132.08 4131.33 4129.38 4125.65 4120.95
4182.4 4182.88 4184.16 4187.13 4191.36 4195.32 4200.57 4200.78 4193.58 4189.31 4198.47 4200.47 4201.17 4202.29 4202.68 4197.19 4193.11 4191.56 4190.34 4186.69 4181.46 4176.87 4172.58 4170.79 4167 4166.98 4165.75 4163.71 4160.69 4156.45 4152.34 4152.96 4154.7 4154.72 4155.18 4156.06 4156.88 4157.16 4156.63 4155.98 4154.85 4153.2 4151.06 4148.34 4144.73 4141.44 4140.8 4141.66 4142.88 4143.6 4143.65 4143.26 4142.43 4145.56 4151.28 4150.38 4145.27 4140.54 4136.78 4135.19 4135.27 4135.2 4135.1 4134.51 4132.83 4128.97 4124.08
4182.13 4182.64 4183.66 4185.22 4187.63 4190.51 4193.85 4194.87 4197.13 4200.54 4198.17 4197.46 4197.66 4197.7 4196.68 4193.82 4191.1 4188.88 4186.37 4182.28 4177.92 4174.67 4172.76 4173.85 4172.56 4170.86 4169.03 4167.77 4166.4 4164.51 4161.87 4158.16 4154.75 4154.97 4156.35 4158.16 4159.67 4160.03 4159.25 4158.09 4156.84 4155.44 4154.01 4152.62 4151.71 4149.68 4146.99 4146.58 4145.81 4145.05 4144.16 4143.03 4142.23 4144.75 4149.69 4148.24 4144.95 4142.02 4140.49 4139.74 4138.35 4138.15 4138.37 4138.65 4138.23 4136.67 4132.41
4182.62 4183.09 4183.61 4183.64 4184.06 4187.29 4188.55 4187.91 4188.15 4196.34 4193.79 4193.28 4193.5 4192.97 4190.12 4187.93 4188.47 4186.53 4183.55 4179.27 4174.6 4172.93 4171.24 4170.69 4173.69 4172.62 4171.43 4171.9 4172.9 4173.32 4170.98 4165.78 4158.76 4156.44 4158.4 4160.69 4162.86 4163.1 4161.81 4160.46 4159.09 4157.87 4156.86 4156.25 4156.4 4155.49 4155.25 4151.56 4148.98 4147.21 4145.7 4144.18 4142.75 4142.88 4144.82 4144.77 4143.29 4142.03 4141.45 4141.64 4140.02 4140.43 4141.55 4142.44 4143.09 4143.85 4139.16
