real_craters/C197-1000m.grd
DSAA
112 112
-55.7 55.7
-55.7 55.7
3015.1134097389 5095.0621932846
[rows 0 to 29 of 112, columns 0 to 66 of 112]
4552.03 4551.63 4547.8 4544.37 4544.39 4549.86 4549.92 4553.54 4548.95 4543.6 4546.9 4545.16 4539.28 4531.9 4529.61 4528.75 4526.37 4526.85 4531.12 4532.15 4526.02 4523.51 4526.82 4526.25 4525.71 4528.89 4526.27 4531.47 4537.48 4540.44 4541.98 4535.5 4525.05 4518.01 4506.23 4495.65 4493 4500.04 4498.62 4495.82 4499.76 4499.95 4496.24 4492.44 4487.58 4493.26 4495.29 4490.98 4491.54 4494.02 4489.31 4486.15 4483.45 4477.42 4471.95 4471.48 4480.57 4477.15 4472.56 4463.06 4456.87 4455.62 4454.17 4453.72 4462.16 4448.46 4445.31
4552.58 4551.65 4544.72 4542.69 4543.34 4543.69 4547.67 4557.99 4551.03 4543.76 4541.11 4542.03 4538.67 4534.01 4530.57 4528.4 4529.47 4528.11 4528.38 4528.41 4528.13 4527.02 4528.35 4524.36 4519.27 4521.05 4523.23 4522.83 4528.01 4534.78 4539.66 4537.97 4524.59 4514.29 4506.9 4497.31 4498.54 4497.42 4494.77 4499.16 4506.69 4504.16 4495 4488.25 4475.8 4473.72 4485.85 4491.53 4491.24 4501.45 4501.04 4487.42 4478.85 4480.1 4482.16 4479.04 4468.39 4466.97 4467.15 4464.37 4459.53 4454.74 4454.57 4450.5 4450.98 4450.29 4445.25
4553.81 4552.64 4548.3 4542.94 4542.64 4539.69 4540.68 4547.95 4558.89 4550.55 4541.92 4540.64 4538.57 4535.48 4533.17 4534.09 4530.86 4529.85 4526.48 4526.51 4529.57 4530.15 4532.44 4527.46 4518.82 4519.42 4523.08 4521.9 4524.45 4529.37 4532.88 4530.93 4522.49 4516.55 4511.71 4504.3 4497.58 4496.13 4494.84 4497.51 4495.25 4494.34 4493.02 4489.76 4476.15 4462.99 4469.78 4484.35 4486.93 4497.65 4504.32 4491.98 4482.73 4486.91 4492.56 4477.35 4454.41 4444.95 4455.15 4460.66 4456.83 4456.52 4456.22 4449.37 4451.82 4445.7 4442.67
4554.1 4551.93 4545.93 4543.13 4540.77 4538.96 4538.11 4540.75 4555.35 4574.1 4545.32 4546.85 4538.41 4533.94 4532.58 4530 4527.85 4527.85 4529.56 4528.27 4530.35 4530.22 4533.58 4530.14 4521.46 4520.49 4523.68 4521.66 4522.8 4525.5 4528.16 4528.22 4525.69 4519.72 4514.94 4511.38 4499.41 4493.55 4489.27 4492.66 4491.6 4490.32 4488.49 4493.66 4486.9 4467.31 4464.33 4470.44 4486.97 4495.39 4499.09 4493.69 4492.36 4488.85 4491.68 4477.34 4459.44 4443.82 4441.4 4450.45 4453.52 4448.85 4448.19 4446.29 4445.01 4444.83 4443.04
4549.9 4550.13 4548.62 4541.92 4538.92 4539.59 4539.27 4535.9 4538.3 4570.76 4540.03 4535.82 4535.99 4533.79 4531.5 4529.94 4527.82 4526.86 4528.27 4530.66 4529.13 4527.09 4529.92 4534.35 4529.92 4523.32 4523.8 4521.11 4521.8 4522.79 4524.2 4528.34 4527.73 4523.21 4513.74 4503.47 4503.36 4490.22 4487.46 4487.14 4490.39 4489.34 4487.43 4491.19 4490.92 4481.7 4466.9 4459.43 4471.93 4488.59 4489.99 4494 4491.96 4484.72 4478.56 4480.66 4470.23 4447.65 4439.5 4447.42 4455.58 4448.45 4447.26 4446.89 4442.49 4443.96 4442.92
4546.44 4545.44 4541.97 4540.18 4539.78 4537.98 4537.29 4536.5 4533.64 4537.98 4538.25 4533.41 4534.21 4532.39 4530.23 4529 4527.26 4528.14 4528.84 4529.67 4528.18 4526.67 4526.06 4530.05 4524.49 4522.13 4524.56 4520.58 4520.36 4520.19 4519.86 4518.86 4522.73 4525.34 4527.73 4521.35 4501.76 4490.44 4487.58 4487.34 4492.08 4488.4 4483.92 4488.24 4488.67 4489.11 4477.63 4458.98 4462.95 4468.06 4492.92 4495.27 4477.06 4479.6 4479.63 4480.34 4469.58 4437.48 4432.88 4460.44 4457.01 4447.85 4444.64 4443.88 4442.27 4442.06 4439.81
4546.81 4542.07 4539.51 4543.72 4542.99 4537.02 4538.06 4536.46 4532.83 4532.73 4532.86 4537.16 4530.83 4529.65 4528.59 4527.53 4526.06 4523.59 4524.26 4529.22 4526.88 4523.02 4525.96 4526.26 4523.74 4521.54 4523.66 4520.51 4519.38 4518.34 4517.24 4520.31 4527 4536.1 4540.32 4535.8 4515.93 4501.99 4497.23 4489.87 4489.24 4484.26 4482.01 4484.88 4489.88 4486.87 4486.81 4483.97 4465.35 4476.76 4489.56 4493.47 4494.18 4472.39 4449.51 4458.49 4449.82 4435.75 4436.49 4471.93 4461.48 4449.65 4446.64 4447.4 4442.32 4439.4 4437.88
4560.59 4545.28 4538.58 4540.76 4542.88 4545.32 4535.94 4535.55 4532.79 4532.84 4530.34 4534.22 4529.13 4527.62 4527.1 4525.72 4525.9 4527.87 4523.26 4522.74 4522.48 4521.79 4521.3 4527.95 4524.5 4522.83 4524.8 4521.43 4519.28 4517.9 4517.61 4521.27 4528.99 4537.76 4542.53 4538.92 4529.1 4511.56 4499.9 4490.89 4491.61 4480.98 4479.88 4487.63 4486.76 4484.59 4488.35 4490.95 4498.34 4482.04 4497.8 4477.42 4473.6 4455.04 4451.09 4451.21 4447.51 4435.09 4453.05 4465.59 4460.54 4449.44 4444.02 4441.4 4440.15 4435.86 4432.38
4555.79 4546.59 4540.11 4539.53 4540.48 4542.17 4541.65 4542.9 4541.34 4535.92 4531.98 4530.26 4529.35 4528.21 4528.81 4528.72 4529.44 4533 4529.27 4524.83 4523.78 4519.89 4516.21 4520.18 4521.08 4520.71 4524.38 4522.07 4519.45 4519.04 4518.75 4519.06 4524.32 4540.4 4545.17 4545.54 4536.67 4517.74 4499.5 4493.46 4491.02 4483.22 4481.35 4484.13 4503.31 4482.71 4484.95 4489.01 4501.32 4508.61 4511.25 4500.21 4485.04 4474.34 4473.45 4456.45 4435.49 4433.01 4450.71 4468.95 4463.09 4446.68 4441.08 4441.55 4440.15 4435.05 4429.95
4547 4543.56 4541.26 4540.38 4538.73 4540.95 4548.42 4542.09 4541.52 4540.4 4534.48 4533.74 4531.39 4532.17 4532.15 4532.9 4533.17 4533.92 4530.26 4527.81 4525.5 4525.04 4521.46 4516.86 4517.4 4519.36 4520.26 4519.74 4520.33 4519.92 4518.76 4518.54 4522.56 4545.13 4565.11 4545.44 4533.36 4513.55 4493.01 4487.49 4490.82 4486.32 4488.51 4485.32 4483.44 4485.65 4486.22 4485.49 4501.52 4512.65 4509.38 4495.03 4491.91 4487.97 4476.05 4461.61 4448.59 4436.27 4431.6 4452.43 4459.44 4449.78 4444.36 4449.13 4443.88 4438.4 4437.76
4544.55 4542.03 4541.21 4541.83 4541.55 4533.59 4542.23 4542.29 4541.73 4542.63 4537.52 4537.77 4537.14 4532.83 4534.98 4535.78 4535.61 4534.95 4533.46 4528.39 4523.61 4526.48 4525.52 4522.36 4514.95 4511.28 4517.91 4519.63 4522.49 4520.62 4519.48 4517.95 4522.37 4535.52 4525.94 4525.87 4513.08 4493.96 4497.3 4492.95 4481.98 4489.17 4492.01 4488.37 4483.48 4480.95 4475.09 4481.98 4488.89 4484.13 4488.06 4485.88 4491.53 4492.36 4475.46 4460.1 4461.99 4449.38 4430.81 4439.94 4449.52 4448.51 4442.09 4449.54 4445.35 4437.68 4432.65
4542.06 4539.52 4540.1 4541.34 4538.64 4534.65 4536.03 4538.55 4539.28 4541.18 4542.65 4544.39 4542.59 4535.91 4536.3 4535.41 4532.57 4530.91 4530.88 4527.12 4526.09 4528.08 4526.33 4525.02 4515.19 4510.78 4510.98 4516.65 4520.52 4519.27 4516.45 4520.82 4520.09 4533.78 4528.19 4524.56 4508.92 4483.46 4496.22 4496.27 4487.95 4488 4502.25 4486.95 4479.06 4472.73 4474.45 4481.51 4482.91 4477.66 4478.67 4485.34 4486.47 4483.05 4470.7 4456.39 4459.99 4458.3 4452.92 4433.34 4438.51 4437.94 4440.14 4448.52 4442.35 4430.77 4415.79
4541.28 4543.04 4539.51 4539.28 4538.96 4537.23 4533.64 4534.38 4535.79 4537.57 4539.28 4540.24 4538.98 4535.22 4534.16 4533.36 4532.03 4531.75 4531.49 4528.69 4527.29 4525.6 4527.24 4521.39 4518.28 4519.04 4514.31 4517.05 4520.13 4519.52 4524.54 4530.75 4528.41 4532 4535.26 4518.21 4505.26 4483.98 4478.72 4489.36 4489.17 4484.18 4484.48 4488.13 4472.55 4469.53 4471.88 4481.18 4483.14 4474.98 4477.91 4493.77 4482.95 4482.77 4472.45 4464.26 4458.94 4456.94 4463.35 4453.33 4449.4 4440.55 4446.15 4444.29 4432.49 4420.22 4401.38
4536.68 4535.8 4535.95 4537.6 4540.69 4539.98 4536.93 4533.37 4533.32 4533.94 4537.92 4538.45 4536 4535.05 4532.26 4531.37 4529.46 4528.59 4529.42 4525.4 4526.08 4524.84 4524.46 4520.93 4519.44 4522.89 4522.07 4518.4 4517.76 4517.86 4518.62 4524.4 4527.25 4525.02 4527.73 4522.39 4518.54 4505.04 4483.35 4489.28 4490.98 4485.73 4486.16 4486.04 4473.63 4471.25 4471.48 4484.82 4480.45 4479.11 4497.3 4504.3 4493.3 4479.03 4483.71 4463.87 4464.04 4457.89 4458.19 4462.72 4442.95 4433.47 4427.75 4425.81 4426.17 4415.71 4404.68
4533.56 4530.64 4533.58 4535.21 4535.88 4539.18 4538.36 4534.69 4534.52 4534.49 4531.85 4535.43 4535.75 4535.73 4537.81 4532.18 4532.85 4533.43 4529.39 4524.83 4524.63 4526.06 4523.76 4519.78 4517.36 4521.4 4519.93 4517.3 4515.01 4515.87 4517.94 4522.99 4529.79 4532.35 4537.18 4544.63 4536.66 4523.66 4505.42 4486.09 4489.24 4484.52 4482.51 4479.23 4466.17 4473.87 4478.19 4486.25 4486 4484.41 4498.53 4504.71 4492.72 4482.58 4482.34 4476.11 4465.85 4452.91 4455.96 4467.33 4433.95 4422.48 4433.79 4439.2 4430.83 4419.87 4405.27
4534.91 4535.47 4535.42 4533.23 4531.67 4533.41 4535.76 4535.46 4533.67 4534.31 4532.93 4545.39 4547.37 4539.17 4530.71 4529.27 4525.98 4535.29 4531.14 4523 4522.42 4523.93 4523.2 4523.04 4520.21 4524.98 4518.24 4516.27 4514.49 4515.99 4519.32 4524.94 4534.35 4543.68 4548.21 4554.19 4554.86 4547.04 4517.25 4492.05 4482.31 4490.31 4486.75 4484.55 4463 4468.13 4475.63 4486.76 4486.95 4482.62 4486.28 4497.3 4488.22 4484.54 4481.35 4467.64 4458.93 4452.13 4466.95 4466.79 4433.8 4429.3 4434.17 4449.45 4440.94 4429.01 4420.1
4536.2 4543.29 4539.45 4535.11 4528.38 4531.14 4532.16 4530.59 4531.86 4530.13 4532.73 4540.47 4552.91 4544.07 4541.88 4529.9 4523.41 4524.84 4530.83 4531.25 4523.23 4523.86 4524.88 4523.43 4523.58 4535.6 4530.37 4519.14 4514.91 4513.8 4518.78 4522.76 4530.05 4540.24 4553.95 4568.09 4573.05 4561.82 4541.67 4508.09 4482.96 4488.34 4482.17 4464.69 4450.63 4477.15 4476.56 4489.06 4486.66 4480.36 4488.9 4499.34 4488.89 4485.64 4477 4472.38 4463.59 4459.43 4469.66 4465.4 4439.16 4439.65 4436.2 4450.6 4448.97 4438.44 4430.42
4532.75 4544.24 4543.46 4539.12 4536.68 4531.11 4530.79 4535.65 4533.35 4534.77 4530.99 4525.6 4545.74 4536.7 4535.96 4530.14 4527.4 4522.31 4521.44 4524.72 4522.98 4524.75 4527 4523.64 4526.49 4531.42 4523.74 4518.27 4515.17 4511.65 4512.37 4517.59 4522.24 4527.54 4547.84 4571.42 4580.98 4564.77 4545.78 4528.45 4510.12 4491.34 4477.73 4460.58 4455.6 4469.97 4475.89 4490.07 4488.32 4481.32 4496.72 4503.04 4495.6 4490.04 4484.38 4473.74 4463.38 4458.27 4468.38 4463.03 4432.67 4431.95 4441.93 4456.5 4465.36 4443.32 4427.06
4525.9 4540.68 4544.29 4540.25 4540.41 4546.4 4534.26 4533.2 4532.04 4534.44 4532.55 4526.98 4533.87 4530.17 4530.79 4527.6 4524.92 4522.19 4514.45 4516.68 4515.25 4517.14 4526.13 4534.46 4533.35 4530.3 4523.79 4520.86 4517.52 4512.45 4512.05 4515.43 4518.79 4523.99 4543.34 4565.52 4557.09 4541.55 4535.28 4548.66 4540.83 4504.89 4467.45 4477.14 4473.92 4472.77 4475.09 4483.57 4489.12 4486.05 4493.19 4490.61 4499.78 4492.23 4487.88 4475.89 4451.14 4454.98 4459.97 4449.72 4432.64 4439.71 4446.66 4495.27 4491.71 4443.7 4407.94
4521.87 4528.14 4535.26 4540.41 4544.3 4546.83 4544.31 4530.79 4530.7 4530.4 4527.67 4529.22 4522.51 4527.47 4527.38 4524.58 4521.94 4522 4516.83 4510.7 4513.69 4512.9 4521.57 4533.85 4533.16 4540.84 4537.85 4532.18 4522.33 4516.19 4515.6 4517.09 4519.4 4524.22 4533.92 4542.08 4536.59 4542.88 4540.49 4551.55 4549.49 4535.02 4497.83 4483.52 4479.97 4475.89 4478.69 4486.96 4493.94 4481.26 4500.85 4488.83 4506.39 4500.98 4490.19 4475.71 4439.38 4482.23 4504.38 4451.42 4446.24 4447.11 4457.96 4501.04 4505.11 4454.3 4413.78
4520.49 4521.54 4524.65 4533.66 4541.29 4539.92 4542.23 4529.93 4537.31 4534.05 4528.68 4527.99 4520.78 4519.26 4520.86 4519.99 4524.99 4524.33 4522.42 4513.65 4505.67 4507.35 4515.73 4529.97 4541.52 4531.24 4528.47 4522.87 4523.88 4525.51 4519.24 4518.34 4520.9 4526.08 4528.7 4540.52 4544.6 4550.79 4545.49 4552.65 4554.43 4551.17 4536.77 4487.27 4481.03 4473 4479.23 4482.47 4502.15 4490.7 4496.18 4489.8 4519.82 4533.49 4504.31 4471.41 4461.57 4529.08 4568.37 4460.18 4448.81 4470.29 4508.25 4537.58 4508.56 4459.97 4421.11
4519.79 4517.51 4518.15 4521.2 4533.53 4536.2 4529.69 4527.07 4526.74 4529.89 4530.69 4524.4 4521.26 4514.24 4514.23 4514.22 4524.5 4523.65 4518.65 4514.22 4512.7 4507.73 4515.85 4539.15 4553.58 4529.88 4523.54 4520.66 4524.12 4524.46 4519.01 4518.53 4516.71 4518.92 4520.7 4525.39 4538.23 4552.22 4557.58 4559.67 4559.85 4556.34 4547.59 4536.08 4506.63 4482.69 4497.1 4482.26 4501.98 4504.2 4484.99 4485.45 4531.05 4533.02 4516.78 4490.41 4518.09 4545.85 4519.74 4486.61 4510.61 4549.11 4572.93 4581.69 4539.4 4484.42 4441.5
4519.21 4517.55 4513.76 4514.81 4520.44 4528.36 4529.18 4529.1 4530.17 4532.35 4534.84 4525.53 4523.92 4515.47 4513.95 4514.11 4521.04 4521.89 4519.1 4511.61 4511 4510.06 4520.16 4542.18 4553.47 4532.27 4524.34 4525.07 4525.82 4532.27 4528.08 4521.63 4514.89 4514.9 4517.17 4518.03 4526.1 4541.73 4561.68 4566.79 4564.92 4556.96 4551.56 4541.71 4504.26 4467.8 4497.15 4486.63 4521.92 4557.58 4523.06 4504.98 4542.56 4559.65 4545.11 4524.99 4537.81 4568.68 4552.22 4558.33 4581.49 4613.76 4616.88 4614 4590.6 4538.89 4471.15
4518.15 4519.29 4513.42 4511.27 4512.82 4515.38 4519.76 4524.25 4525.23 4523.79 4526.67 4527.24 4523.86 4520.85 4515.41 4515.16 4520.79 4520.69 4517.63 4514.75 4510.26 4510.16 4511.61 4534.32 4542.57 4529.71 4524.81 4517.73 4524.45 4527.84 4533.29 4523.08 4517.28 4513.73 4517.05 4520.67 4525.97 4543.61 4557.77 4565.15 4562.86 4561.61 4549.44 4544.82 4544.7 4469.88 4474.65 4494.9 4553.86 4607.82 4590.1 4585.72 4632.01 4643.6 4592.82 4574.88 4575.74 4606.89 4661.12 4650.16 4668.38 4657.94 4648.36 4642.14 4635.14 4587.33 4538.06
4518.1 4516.77 4515.56 4513.06 4517 4513.32 4505.33 4509.16 4519.49 4519.54 4522.58 4529.7 4523.88 4520.45 4516.97 4517.63 4520.08 4521.33 4521.96 4528.55 4521.64 4510.69 4514.46 4529.5 4552.08 4547.51 4530.74 4516.47 4521.63 4527.13 4527.34 4520.24 4514.96 4511.92 4510.38 4523.9 4536.02 4549.88 4553.08 4557.96 4558.71 4560.86 4551.3 4555.3 4544.45 4500.29 4462.05 4517.42 4620.32 4695.89 4710.37 4729.25 4709.35 4636.96 4634.14 4589.23 4602.62 4617.77 4664.31 4667.97 4645.74 4652.95 4657.96 4677.66 4671.45 4661.95 4641.74
4516.96 4516.25 4517.06 4516.6 4516.33 4515.37 4512.49 4507.85 4500.57 4510.34 4517.58 4534.48 4524.89 4516.94 4516.04 4521.71 4521.93 4521.34 4524.62 4530.22 4528.79 4522.83 4511.71 4532.75 4563.03 4560.14 4536.69 4516.67 4520.74 4536.7 4530.43 4522.72 4522.5 4517.26 4509.94 4531.34 4543.23 4557.58 4556.31 4555.11 4552.63 4561.41 4560.38 4555.67 4538.2 4537.62 4513.86 4580.5 4696.93 4713.62 4725.86 4729.12 4687.03 4634.51 4625.42 4626.9 4635.33 4651.54 4677.16 4698.31 4693.06 4677.12 4659.26 4679.96 4700.3 4682.2 4665.2
4526.49 4522 4522.32 4521.34 4520.23 4519.1 4514.64 4514.16 4511.34 4503.67 4510.01 4528 4519.06 4510.82 4511 4510.3 4514.25 4517.11 4518.97 4519.29 4515.93 4511.1 4511.75 4516.31 4537.69 4549.81 4535.7 4524.29 4532.01 4538.71 4532.7 4529.01 4529.86 4539.1 4533.36 4543.67 4542.69 4549.99 4556.43 4558.5 4553.46 4552.56 4568.53 4575.53 4541.45 4547.97 4600.91 4654.41 4736.38 4767.11 4724.14 4674.26 4663.92 4629.97 4635.95 4637.74 4624.71 4631.83 4667.67 4699.03 4683.55 4657.5 4632.78 4642.47 4683.69 4677.6 4683.11
4529.71 4530.89 4528.57 4527.94 4522.32 4519.67 4515.69 4514.99 4524.69 4538.99 4521.36 4526.14 4512.83 4510.29 4508.84 4509.25 4510.82 4512.89 4512.41 4510.39 4511.94 4508.07 4509.83 4513.26 4519.3 4529.41 4527.29 4531.29 4535.63 4530.24 4530.66 4530.06 4538.55 4543.08 4539.57 4540.05 4546.09 4546.1 4553.47 4558.88 4552.22 4543.43 4555.76 4561.57 4544.3 4554.93 4649 4705.28 4747.52 4738.51 4696.59 4655 4641.53 4613.06 4604.86 4601.83 4596.94 4612.21 4641.01 4652.88 4645.66 4604.8 4599.02 4604.63 4647.01 4679.15 4678.07
4524.42 4523.74 4518.81 4522.18 4524.65 4523.04 4518.15 4516.7 4520.05 4524.42 4524.49 4520.15 4504.86 4501.57 4509.36 4509.36 4509.41 4509.27 4508.74 4507.32 4505.63 4504.64 4504.07 4505.46 4508.51 4515.43 4522.71 4533.58 4535.47 4534.36 4536.31 4540.67 4548.78 4547.44 4545.46 4542.86 4545.24 4550.41 4549.71 4548.77 4540.17 4531.87 4533.67 4542.13 4538.82 4562.97 4668.36 4713.41 4745.18 4733.08 4677.4 4635.8 4614.24 4599.74 4577.55 4561.22 4552.7 4581.74 4615.92 4617.24 4593.95 4595.37 4574.39 4578.71 4606.89 4640.06 4636.49
4518.68 4518.39 4518.88 4518.89 4519.8 4517.19 4518.16 4521.16 4518.05 4513.71 4509.14 4510.82 4511.84 4501.71 4495.61 4506.29 4506.87 4507.16 4507.53 4507.38 4504.88 4505.54 4504.36 4501.61 4512.21 4535.4 4523.59 4536.33 4544.09 4543.85 4546.94 4550.55 4542.44 4538.9 4541.62 4552.58 4553.92 4551.58 4546.05 4540.62 4531.54 4543.9 4544.57 4540.3 4547.85 4565.41 4643.64 4687.32 4712.9 4698.02 4658.38 4633.67 4594.26 4580.81 4564.53 4542.32 4536.59 4562.32 4593.66 4588.57 4569.71 4572.51 4567.55 4567.7 4575.38 4590.88 4602.84
