real_craters/C197-500m.grd
DSAA
391 391
-97.475 97.475
-97.475 97.475
2616.0072307608 5225.6885318659
[rows 330 to 359 of 391, columns 67 to 133 of 391]
3952.04 3948.54 3951.23 3954.18 3955.4 3956.89 3957.1 3956.39 3957.46 3957.51 3956.06 3954.07 3952.22 3948.99 3956.47 3952.78 3955.02 3955.27 3955.39 3957.44 3959.92 3960.25 3961.85 3965.81 3962.45 3950.05 3946.7 3956.87 3961.19 3963.71 3964.09 3957.13 3969.2 3991.57 4005.93 3966.44 3980.15 4012.54 4011.04 4018.42 4026.99 4030.8 4036.86 4037.95 4036.52 4038.49 4069.15 4070.39 4082.36 4078.65 4065.16 4063.67 4067.08 4074.2 4075.31 4077.31 4079.51 4081.3 4083.68 4085.46 4085.33 4086.39 4086.35 4084.67 4081.6 4078.31 4074.62
3948.77 3947.15 3951.43 3954.9 3956.69 3956.75 3957.42 3958.08 3957.62 3957.12 3955.73 3953.77 3951.68 3951.3 3947.58 3946.77 3948.14 3950.06 3954.21 3956.71 3960.21 3964.11 3964.68 3962.02 3965.86 3962.11 3968.4 3960.35 3961.11 3961.17 3958.37 3960.8 3973.86 3994.64 4022.53 3970.55 3974.02 3989.79 4010.17 4020.45 4027.71 4044.31 4036.98 4037.95 4037.62 4042.85 4092.85 4072.26 4063.33 4063.02 4062.8 4063.49 4065.58 4071.3 4072.81 4074.78 4076.53 4078.7 4080.49 4082.33 4084.54 4084.32 4083.57 4081.86 4080.63 4078.9 4076.08
3948.38 3952.85 3954.08 3955.88 3956.3 3956.11 3956.55 3956.97 3957.09 3956.84 3955.37 3953.49 3951.14 3949.95 3946.25 3942.24 3945.13 3949.64 3951.42 3956.38 3961.12 3965.4 3969.34 3966.68 3956.43 3955.69 3951.05 3959.67 3961.18 3961.7 3961.73 3963.78 3974.38 3981.71 3974.67 4005.97 3980.98 4002.58 4014.07 4023.19 4028.47 4025.47 4036.78 4040.74 4045.13 4046.84 4048.57 4055.26 4047.56 4048.94 4058.37 4063.09 4063.33 4066.51 4069.57 4071.73 4074.11 4075.83 4077 4077.97 4079.41 4079.94 4080.48 4080.57 4080.02 4079.93 4079.41
3947.56 3953.22 3954.54 3956.01 3955.76 3954.77 3955.95 3956.47 3956.26 3955.43 3954.6 3952.79 3951 3949.86 3946.17 3944.99 3941.44 3937.09 3948.87 3954.88 3960.29 3966.66 3973.65 3969.99 3949.72 3952.4 3966 3961.45 3963 3963.52 3966.29 3966.65 3978.97 3991.4 4005.29 4002.23 4014.31 4018.44 4021.12 4025.75 4037.66 4048.93 4040.2 4041.79 4049.19 4057.53 4050.04 4052.49 4050.04 4054.27 4059.93 4065.07 4068.34 4067.04 4068.6 4070.51 4071.81 4073.02 4073.9 4074.83 4074.16 4076.58 4077.68 4077.67 4078.81 4079.76 4080.1
3947.45 3951.29 3953.46 3955.5 3955.06 3951.7 3949.19 3951.14 3954.27 3957.13 3953.74 3951.43 3948.9 3945.97 3942.97 3937.1 3940.15 3949.63 3950.64 3953.53 3956.83 3961.85 3969.62 3970.13 3951.31 3953.69 3954.76 3960.94 3966.17 3970.22 3976.27 3986.31 3989.81 3998.21 4011.47 4013.86 4027.28 4026.32 4022.2 4020.71 4023.46 4029.59 4034.39 4037.88 4039.98 4044.33 4053.33 4050.62 4051.01 4058.09 4061.43 4066.46 4067.77 4067.62 4068.23 4068.8 4069.77 4070.34 4070.92 4072.5 4075.54 4074.37 4075.18 4075.64 4076.78 4077.87 4079.06
3947.73 3950.11 3952.6 3954.93 3954.11 3950.87 3944.35 3946.21 3953.23 3954.78 3952.54 3949.07 3946.08 3943.62 3940.63 3939.68 3944.42 3949.72 3951 3951.31 3951.64 3951.67 3950.27 3952.24 3964.31 3959.62 3959.9 3963.77 3969.22 3975.63 3982.16 3989.52 3991.12 3985.18 3987.46 4016.84 4035.83 4028.49 4019.5 4011.78 4006.87 4012.44 4025.2 4034.82 4038.54 4045.41 4054 4052.2 4051.23 4051.72 4059.02 4065.97 4068.28 4069.25 4068.22 4067.67 4067.67 4067.78 4067.97 4066.77 4066.05 4070.18 4072.07 4073.18 4074.14 4074.47 4073.2
3949.47 3952.37 3952.36 3953.88 3954.39 3955.04 3952.1 3951.83 3954.78 3955.04 3951.2 3946.51 3941.43 3940.02 3940.5 3944.08 3946.44 3949.07 3949.46 3948.74 3946.69 3943.35 3939.22 3942.9 3949.85 3955.86 3959.36 3964.18 3971.62 3979.62 3986.69 3997.15 3996.58 3978.92 3984.08 4014.36 4029.88 4023.24 4012.29 4002.28 3994.16 4002.99 4021.33 4038.41 4048.8 4054.86 4056.19 4054.13 4054.17 4054.06 4057.25 4064.45 4069.35 4068.34 4067.52 4067.08 4066.87 4067.25 4066.8 4066.48 4066.22 4068.14 4069.35 4070.78 4071.68 4071.34 4069.86
3950.2 3952.79 3953.18 3954.6 3955.08 3956.06 3956.65 3955.2 3953.84 3952.67 3949.7 3945.43 3942.59 3939.59 3940.89 3940.88 3942.47 3948.45 3949.77 3947.91 3945.18 3939.9 3932.46 3937.45 3947.41 3952.83 3956.29 3962.2 3972.67 3982.64 3989.66 3998.52 3994.03 3976.93 3981 4004.85 4015.82 4012.53 4004.87 3996.93 3992.26 4001.98 4021.57 4044.81 4070.78 4073.66 4065.93 4057.58 4055.73 4051.64 4054.76 4062.94 4067.78 4066.6 4066.56 4066.69 4066.55 4066.38 4066.72 4067.67 4068.16 4067.57 4067.94 4068.78 4069.27 4069.54 4068.89
3948.83 3951.44 3954.15 3956.84 3955.44 3956.6 3955.39 3955.64 3955.35 3952.3 3949.09 3945.05 3939.81 3943.87 3942.71 3943.82 3949.55 3947.77 3947.72 3948.03 3946.8 3944.72 3945.05 3943.37 3946.78 3950.99 3957.05 3964.31 3972.2 3983.84 3996.73 3994.96 3987.05 3974.39 3978.28 3991.56 3996.6 4001.27 3999.22 3995.15 3995.15 4005.31 4022.98 4043.52 4064.33 4074.61 4080.61 4077.29 4061.39 4059.79 4057.55 4061.68 4063.9 4064.64 4065.33 4065.72 4065.87 4065.88 4065.46 4063.77 4064.79 4066.44 4067.13 4066.98 4067.42 4067.6 4067.44
3946.81 3949.95 3953.74 3956.76 3955.92 3956.15 3957.39 3955.87 3952.82 3951.43 3948.93 3944.99 3937.34 3938.93 3941.48 3944.56 3946.45 3947.09 3946.61 3949.36 3949.61 3950.76 3951.61 3951.09 3951.94 3955.46 3954.94 3957.72 3967.34 3978.7 3988 3983.17 3971.62 3972.18 3976.16 3981.88 3985.91 3997.66 3995.46 3994.57 3997.58 4008.05 4022.59 4036.9 4048.58 4065.74 4078.72 4081.56 4074.02 4072.16 4061.03 4056.26 4061.95 4063.35 4064.47 4065.12 4065.65 4065.94 4066.45 4063.9 4065.58 4066.27 4065.94 4065.88 4066.05 4066.37 4066.45
3943.75 3947.61 3951.02 3953.94 3954.73 3954.28 3956.47 3954.86 3954.73 3951.19 3949.34 3948.13 3948.35 3937.34 3938.06 3942.38 3951.59 3951.92 3955.26 3950.96 3950.58 3952.79 3957.18 3952.3 3950.31 3951 3948.83 3952.91 3961.03 3970.74 3982.86 3974.1 3969.13 3976.26 3976.88 3978.98 3984.5 3989.43 3993.67 3994.96 3999.37 4010.64 4023.74 4035.23 4044.68 4058.27 4065.28 4057.6 4065.02 4065.92 4058.87 4055.81 4059.34 4062.6 4064.14 4064.79 4065.6 4066.37 4068.07 4072.27 4068.75 4067.08 4065.65 4065.26 4064.72 4064.64 4064.8
3940.18 3940.24 3944.36 3950.13 3952.27 3952.45 3952.82 3951.69 3950.56 3949.81 3948.07 3945.13 3937.35 3931 3934.01 3937.2 3937.97 3942.76 3946.63 3947.03 3948.31 3948.8 3947.44 3948.41 3944.63 3937.53 3941.79 3948.94 3952.84 3959.9 3965.66 3966.25 3967.56 3971.26 3975.93 3982.28 3989.39 3991.83 3996.91 4000.77 4001.52 4016.77 4027.42 4038.34 4048.44 4055.83 4061.42 4063.78 4055.56 4055.31 4056.42 4065.56 4060.26 4063.11 4064.65 4065.57 4066.19 4066.86 4067.35 4065.32 4067.42 4066.68 4065.7 4064.92 4064.31 4063.81 4063.46
3938.94 3937.58 3935.68 3946.53 3948.82 3945.61 3942.17 3945.79 3948.31 3947.77 3946.44 3941.77 3931.37 3929.76 3931.5 3934.8 3937.86 3939.29 3935.22 3942.14 3945.76 3947.68 3948.58 3947.11 3944.61 3938.03 3940.91 3938.04 3943.92 3949.36 3951.7 3958.78 3961.36 3964.26 3974.87 3983.19 3989.91 3991.53 4002.08 4021.01 4031.81 4026.84 4031.14 4039.48 4048.18 4052.6 4057.45 4058.72 4050.36 4049.82 4056.55 4065.28 4064.48 4064.9 4065.74 4066.24 4066.88 4067.43 4068.33 4068.15 4067.37 4066.33 4064.87 4063.87 4062.78 4061.65 4060.54
3940.9 3940.33 3942 3945.9 3946.92 3948.76 3940.12 3943.45 3944.16 3945.17 3946.42 3946.45 3938.78 3929.38 3930.57 3934.69 3939.74 3942.17 3944.36 3944.78 3945.19 3946.03 3946.24 3947.56 3949.49 3954.8 3953.04 3947.88 3947.6 3949.14 3955.47 3957.6 3963.35 3969.41 3976.43 3982.43 3987.81 3991.64 4002.58 4013.46 4023.91 4025.78 4029.4 4034.16 4040.34 4046.41 4050.95 4052.24 4046.71 4048.86 4062.89 4068.64 4067.31 4066.49 4065.88 4066.17 4066.73 4067.84 4069.13 4069.34 4067.77 4065.87 4064.15 4062.69 4061.23 4059.71 4058.23
3945.27 3946.35 3948.62 3945.15 3944.87 3942.76 3950.4 3942.8 3940.19 3941.8 3944.36 3945.87 3928.87 3926.36 3930.12 3934.98 3939.7 3943.98 3947.4 3945.85 3943.57 3941.55 3943.2 3946.01 3950.37 3955.93 3956.8 3953.54 3949.32 3943.75 3946.91 3958.49 3966.97 3975.73 3977.37 3984.52 3988.13 3999.59 4004.31 3998.43 4005.57 4019.09 4026.06 4029.18 4034.5 4040.69 4043.38 4042.99 4041.72 4046.28 4060.08 4070.02 4068.47 4067.7 4067.18 4067.04 4067.4 4067.98 4068.57 4068.24 4067.01 4065.05 4063.44 4061.64 4059.98 4058.03 4056.58
3948.89 3949.66 3947.5 3947.49 3943.77 3940.82 3940.48 3932.98 3933.79 3937.47 3939.43 3940.01 3927.89 3927.94 3931.89 3936.67 3941.14 3944.08 3944.96 3943.77 3942 3938.61 3939.38 3942.59 3945.81 3950.35 3950.67 3938 3936.53 3950.87 3957.86 3961.43 3964.65 3965.77 3974.83 3983.49 3993.87 4002.54 4000.12 4002.89 4009.87 4019.63 4027.49 4031.85 4035.99 4038.93 4038.24 4033.74 4035.59 4050.62 4062.58 4068.52 4068.37 4067.71 4067.11 4066.74 4066.83 4067.27 4069.49 4069.03 4066.47 4064.66 4062.77 4061.19 4059.73 4058.2 4056.92
3950.72 3951.44 3947.95 3945.74 3940.86 3937.77 3930.67 3940.81 3936.65 3935.03 3933.95 3932.53 3932.6 3932.55 3935.49 3939.48 3943.49 3946.51 3945 3943 3942.29 3942.93 3940.8 3939.69 3938.38 3933.65 3926.01 3925.7 3931.08 3952.65 3962.68 3962.44 3961.85 3963.71 3971.93 3980.88 3992.07 3998.39 4000.18 4012.28 4016.15 4023.56 4032.77 4040.66 4042.37 4041.6 4040.87 4039.84 4038.71 4060.53 4067.1 4064.6 4066.27 4067.01 4067.04 4066.53 4066.38 4065.78 4064.86 4065.52 4065.21 4063.97 4062.68 4061.33 4060.08 4058.79 4058.02
3951.02 3949.8 3944.82 3944.78 3935.47 3924.91 3927.64 3930.27 3933.19 3932.69 3931.09 3927.07 3934.18 3936.32 3938.89 3942.01 3945.3 3947.47 3944.99 3942.19 3943.14 3940.63 3940.35 3937.28 3933.12 3927.73 3922.84 3921.82 3927.73 3949.08 3957.29 3959.36 3961.41 3960.91 3971.2 3981.06 3989.86 3992.87 3997.01 4004.12 4015.93 4026.93 4037.29 4045.95 4047.44 4045.35 4043.49 4042.64 4041.12 4055.39 4067.34 4061.46 4065.24 4066.51 4066.36 4066.04 4065.61 4064.8 4063.3 4063.66 4064.24 4063.76 4062.68 4061.7 4061.06 4060.15 4058.68
3951.7 3950.11 3945.78 3941.22 3932.43 3923.51 3930.1 3929.11 3930.85 3932.13 3932.73 3934.84 3936.34 3939.88 3941.62 3943.61 3946.17 3948.62 3946.81 3944.38 3944.74 3946.57 3940.88 3935.82 3931.01 3926.11 3921.59 3921.52 3926.38 3938.63 3949.45 3953.94 3957.67 3963.61 3972.79 3983.28 3990.47 3995.94 3998.77 4007.35 4018.76 4030.56 4041.34 4048.6 4050.41 4048.6 4045.18 4044.48 4046.63 4057.68 4065.31 4067.83 4066.67 4066.03 4065.83 4065.54 4065.56 4065.33 4065.65 4064.96 4064.45 4064 4062.58 4061.85 4061.07 4061.79 4061.34
3952.31 3951.63 3942.86 3944.55 3934.66 3927.82 3928.62 3933.36 3931.61 3932.98 3935.39 3938.17 3947.12 3943.94 3943.9 3944.85 3946.3 3948.27 3947.83 3944.22 3944.14 3940.26 3938.21 3934.43 3930.5 3926.87 3924.43 3924.17 3927.62 3933.52 3944.42 3949.03 3952.13 3964.74 3974.47 3984.26 3991.66 4000.64 4001.85 4012.81 4021.84 4033.35 4045.2 4054.33 4054.57 4052.84 4050.28 4052.67 4062.23 4066.62 4070.8 4069.94 4067.49 4066.14 4065.82 4065.45 4065.32 4065.76 4067.54 4065.74 4065.91 4065.87 4063.97 4064.8 4064.41 4063.01 4062.76
3951.61 3950.66 3940.29 3932.15 3932.87 3932.62 3932.12 3932.91 3932.45 3933.82 3936.07 3941.35 3941.55 3943.77 3944.56 3944.87 3944.7 3943.36 3943.27 3948.77 3945.73 3943.33 3936.31 3933.13 3930.9 3929.02 3927 3927.91 3930.6 3933.71 3940.58 3946.5 3953.32 3963.12 3972.58 3981.37 3991.94 3998.96 4003.11 4009.14 4022.48 4035.23 4046.87 4055.13 4057.73 4057.84 4058.1 4061.09 4066.57 4069.56 4070.59 4069.4 4067.76 4066.75 4066.24 4065.61 4065.33 4065.3 4064.47 4066.17 4067.06 4067.89 4068.04 4068.52 4068.94 4067.3 4068.15
3948.31 3947.59 3939.48 3932.5 3930.98 3932.11 3930.15 3933.07 3934.31 3935.93 3935.32 3938.24 3941.15 3942.98 3943.71 3943.78 3942.97 3940.97 3940.02 3941.72 3937.86 3934.38 3933.16 3932.14 3931.69 3932.04 3934.35 3936.2 3935.16 3936.99 3941.27 3947.15 3952.03 3961.98 3973.19 3983.29 3992.47 4002.12 4005.57 4010.53 4024.1 4037.25 4048.63 4056.06 4059.78 4061.48 4063.41 4065.42 4067.33 4068.88 4069.67 4069.57 4068.03 4067.41 4066.85 4066.38 4065.84 4066.16 4067.68 4067.21 4068.28 4069.89 4071.05 4069.17 4071.72 4072.39 4072.56
3943.21 3938.4 3936.91 3938.74 3933.54 3935.42 3934.98 3934.91 3939.96 3940.8 3940.03 3936.41 3941.5 3942.56 3943.13 3943.24 3942.61 3941.93 3940.01 3935.24 3928.86 3927.26 3929.89 3931.86 3932.87 3934.18 3935.25 3935.06 3936.59 3939.23 3942.86 3948.25 3956.69 3962.93 3972.2 3982.63 3992.83 4000.61 4007.31 4017.21 4029.06 4040.64 4051.66 4058.57 4061.02 4063.32 4064.79 4066.42 4067.36 4068.64 4070.38 4069.26 4068.02 4067.9 4067.61 4067.16 4066.31 4065.18 4065.07 4067.65 4069.61 4071.15 4071.53 4072.83 4073.66 4075.3 4076.49
3939.27 3936.39 3935.28 3935.54 3938.87 3939.11 3940.5 3941.3 3945.76 3944.92 3948.77 3951.36 3943.59 3942.84 3942.91 3943.1 3943.22 3943.51 3948.5 3935.39 3927.21 3927.2 3929.99 3932.62 3934.83 3935.78 3936.18 3935.87 3937.81 3941.25 3945.16 3947.78 3952.71 3963.5 3971.74 3983.71 3996.71 4007.3 4017.2 4026.16 4036.32 4044.67 4051.31 4056.9 4060.63 4063.67 4067.91 4066.58 4066.09 4066.4 4070.01 4070.47 4070.54 4069.49 4069.07 4068.87 4068.54 4067.36 4066.87 4069.76 4071.67 4072.81 4074.37 4074.1 4076.04 4077.38 4077.64
3937.78 3936.64 3935.78 3936.73 3941.54 3942.56 3948.32 3942.42 3942.06 3942.42 3942.92 3941.63 3940.8 3941.2 3942.3 3942.83 3943.34 3942.33 3937.33 3940.79 3940 3932.68 3933.66 3935.9 3938.57 3940.52 3941.25 3940.83 3940.88 3944.4 3949.58 3956.44 3961.93 3967.09 3976.22 3988.93 4005.22 4019.45 4032.55 4041.98 4046.64 4049.63 4052.98 4055.98 4059 4061.76 4064.68 4065.05 4064.45 4065.22 4071.77 4070.41 4070.17 4070.12 4070.28 4070.89 4072.08 4075.78 4075.42 4073.95 4073.94 4074.18 4074.87 4075.24 4073.8 4075.72 4077.48
3936.05 3937.29 3936.9 3938.37 3943.64 3945.68 3945.66 3946.71 3938.63 3937.75 3937 3937.25 3939.27 3941.27 3942.93 3944.04 3944.46 3944.37 3944.84 3943.79 3942.25 3936.98 3938.29 3940.51 3944.25 3947.57 3950.21 3953.18 3948.48 3947.21 3953.72 3964.59 3968.86 3969.75 3977.88 3999.34 4017.23 4033.38 4048.25 4058.63 4056.76 4054.14 4052.16 4055.3 4058.16 4059.48 4060.67 4063.65 4065.4 4068.55 4070.16 4069.15 4070.62 4070.86 4071.66 4073.12 4074.58 4074.82 4076.52 4077.17 4077.13 4076.72 4076.74 4076.27 4075.27 4073.71 4073.4
3932.91 3934.11 3936.48 3939.9 3948.33 3948.24 3950.48 3945.63 3936.3 3934.69 3934.34 3934.06 3937.06 3940.24 3942.54 3944.89 3945.86 3945.62 3943.97 3944.63 3945.73 3942.33 3943.94 3947.22 3951.63 3953.87 3957.36 3959.97 3957.57 3952.46 3956.26 3965.16 3970.75 3973.39 3982.15 4013.48 4030.62 4046.19 4060.28 4068.18 4062.43 4058.16 4055.24 4057.47 4060.41 4060.95 4061.58 4064.8 4066.86 4069.32 4069.36 4070.15 4068.69 4070.64 4072.67 4075.09 4077.6 4080.5 4080.24 4080.03 4079.4 4078.63 4078.01 4076.57 4075.15 4071.13 4069.3
3932.74 3931.75 3936.96 3942.81 3945.54 3945.23 3945.13 3945.5 3940.63 3933.14 3931.27 3933.58 3937.4 3940.8 3943.41 3945.41 3947.22 3947.46 3948.38 3948.17 3945.61 3946.16 3949.09 3952.49 3957.29 3960.96 3963.95 3966.01 3968.67 3960.98 3960.78 3967.67 3975.38 3986.11 4007.06 4026.8 4043.27 4056.4 4067.89 4065.62 4063.58 4061.56 4061.28 4062.26 4065.45 4069.07 4069.41 4068.06 4068.21 4071.04 4070.31 4070.42 4068.9 4070.73 4073.81 4077.01 4081.42 4084.11 4083.54 4082.84 4081.61 4080.2 4078.57 4076.46 4074.08 4071.17 4066.88
3935.64 3935.57 3938.72 3944.47 3947.31 3945.05 3946.82 3949.08 3941.36 3932.51 3928.94 3936.44 3940.34 3943.03 3945.34 3947.68 3950.8 3952.53 3957.35 3963.18 3949.65 3951.92 3956.49 3959.82 3963.2 3967.46 3971.91 3975.63 3983.7 3980.42 3974.52 3974.57 3983.68 3998.07 4019.36 4042.2 4055.31 4063.78 4068.5 4067.89 4064.99 4063.54 4062.95 4066.03 4070.1 4074.54 4073.67 4070.17 4067.55 4069.54 4069.32 4069.37 4069.19 4071.66 4075.35 4078.99 4083.41 4085.01 4086.2 4085.63 4084.22 4082.11 4078.83 4075.96 4073.22 4069.12 4064.46
3943.14 3936.14 3939.81 3944.78 3944.16 3948.25 3952.2 3951.07 3941.69 3937.43 3938.48 3943.87 3943.82 3945.83 3946.78 3949.21 3951.69 3954.34 3955.88 3952.55 3961.31 3966.65 3963.72 3965.1 3967.87 3972.26 3979.16 3991.55 4008.04 4002.9 3995.72 3986.29 3994.88 4011.3 4035.84 4059.08 4066.77 4069.48 4070.3 4067.83 4065.17 4064.97 4065.96 4068.29 4071.67 4075.21 4074.89 4071.03 4067.12 4065.05 4071.04 4070.08 4070.81 4074.41 4077.88 4081.58 4085.6 4087.25 4088.3 4087.8 4085.69 4082.89 4079.39 4074.66 4071.46 4066.88 4061.91
