real_craters/C197-750m.grd
DSAA
261 261
-97.475 97.475
-97.475 97.475
2617.1004666881 5212.2697043572
[rows 114 to 151 of 261, columns 0 to 83 of 261]
4166 4153 4156 4149 4142 4149 4158 4151 4158 4160 4157 4167 4160 4154 4154 4164 4172 4180 4183 4183 4176 4167 4165 4169 4163 4152 4141 4132 4121 4113 4120 4113 4105 4095 4092 4087 4082 4077 4072 4067 4064 4065 4067 4072 4083 4101 4086 4075 4078 4080 4076 4075 4077 4071 4056 4071 4080 4082 4081 4082 4111 4157 4167 4185 4180 4178 4173 4163 4161 4162 4164 4164 4163 4171 4185 4194 4200 4195 4203 4201 4239 4247 4247 4239
4179 4158 4156 4155 4156 4199 4166 4154 4157 4170 4172 4168 4155 4147 4153 4157 4162 4172 4174 4173 4168 4162 4161 4161 4154 4136 4130 4118 4111 4102 4117 4112 4101 4099 4097 4091 4083 4075 4070 4065 4061 4064 4068 4073 4078 4087 4088 4088 4083 4084 4094 4070 4068 4064 4073 4072 4079 4083 4085 4089 4105 4158 4161 4169 4167 4163 4153 4149 4150 4155 4159 4163 4170 4176 4188 4195 4192 4199 4217 4237 4248 4251 4244 4257
4168 4175 4162 4165 4171 4164 4168 4168 4159 4159 4161 4166 4162 4150 4152 4158 4163 4162 4161 4155 4154 4159 4158 4156 4155 4144 4130 4119 4111 4113 4127 4112 4129 4122 4109 4097 4086 4076 4071 4071 4080 4070 4072 4074 4075 4084 4082 4084 4082 4078 4066 4062 4082 4089 4075 4081 4083 4086 4095 4112 4131 4135 4120 4132 4142 4144 4122 4132 4139 4147 4157 4164 4174 4183 4195 4209 4185 4202 4221 4243 4256 4255 4252 4265
4142 4141 4157 4166 4174 4174 4169 4167 4161 4162 4144 4157 4158 4146 4152 4153 4155 4147 4141 4157 4155 4148 4148 4138 4130 4112 4122 4117 4107 4107 4119 4124 4147 4133 4118 4101 4087 4075 4062 4073 4092 4078 4077 4078 4080 4073 4085 4084 4079 4077 4076 4078 4091 4097 4097 4092 4091 4093 4096 4104 4107 4104 4095 4103 4123 4121 4116 4125 4135 4145 4155 4166 4182 4185 4191 4187 4195 4225 4261 4297 4296 4282 4280 4270
4153 4125 4163 4164 4171 4180 4173 4167 4163 4155 4137 4137 4149 4153 4150 4143 4126 4125 4128 4131 4132 4128 4120 4114 4103 4102 4095 4090 4095 4096 4105 4109 4129 4128 4116 4101 4088 4076 4064 4062 4078 4081 4079 4081 4084 4082 4078 4074 4074 4076 4080 4095 4091 4092 4095 4096 4094 4096 4098 4093 4093 4088 4083 4105 4119 4127 4125 4125 4132 4140 4150 4163 4183 4186 4193 4198 4194 4212 4262 4325 4320 4303 4298 4292
4131 4132 4133 4153 4163 4171 4168 4169 4168 4168 4156 4131 4129 4136 4142 4136 4121 4115 4114 4105 4109 4108 4102 4096 4088 4076 4080 4084 4089 4097 4104 4107 4114 4120 4110 4099 4088 4081 4075 4067 4071 4076 4078 4080 4079 4079 4072 4075 4077 4080 4085 4087 4089 4089 4088 4091 4092 4095 4105 4106 4083 4081 4093 4112 4115 4126 4119 4120 4126 4134 4143 4153 4165 4177 4193 4213 4209 4202 4243 4300 4298 4295 4287 4286
4135 4148 4147 4150 4156 4151 4158 4167 4163 4155 4149 4145 4107 4136 4133 4139 4130 4117 4100 4098 4097 4094 4091 4086 4077 4066 4068 4067 4085 4098 4089 4082 4097 4095 4098 4094 4086 4080 4076 4074 4071 4071 4076 4080 4079 4078 4078 4073 4072 4078 4077 4085 4079 4088 4088 4090 4089 4086 4082 4096 4101 4072 4099 4117 4111 4100 4112 4119 4125 4132 4141 4145 4151 4166 4181 4195 4206 4226 4248 4245 4258 4313 4265 4276
4129 4137 4148 4146 4145 4143 4156 4156 4151 4146 4158 4145 4123 4098 4108 4118 4119 4113 4104 4099 4092 4086 4078 4074 4072 4062 4060 4062 4080 4100 4082 4072 4081 4091 4088 4086 4083 4080 4078 4062 4073 4079 4082 4084 4078 4072 4073 4073 4077 4077 4071 4042 4047 4087 4088 4091 4086 4080 4067 4087 4096 4108 4117 4128 4135 4131 4117 4121 4125 4133 4140 4148 4155 4160 4168 4176 4194 4249 4254 4253 4227 4217 4245 4269
4124 4136 4138 4139 4130 4146 4150 4147 4137 4129 4159 4149 4130 4115 4096 4088 4100 4101 4097 4098 4089 4079 4069 4062 4066 4062 4062 4061 4069 4074 4068 4063 4068 4073 4080 4081 4081 4078 4072 4072 4075 4082 4088 4082 4084 4081 4074 4071 4071 4076 4078 4088 4079 4086 4099 4084 4087 4084 4089 4093 4100 4115 4130 4142 4154 4127 4123 4125 4128 4135 4142 4148 4153 4154 4158 4166 4194 4237 4236 4214 4217 4215 4237 4263
4118 4118 4128 4133 4137 4126 4136 4137 4131 4119 4128 4132 4123 4118 4110 4103 4095 4089 4092 4094 4084 4073 4064 4062 4063 4066 4065 4065 4068 4068 4073 4067 4065 4070 4073 4077 4080 4081 4078 4074 4080 4088 4088 4091 4087 4084 4078 4078 4086 4087 4087 4090 4094 4093 4105 4093 4087 4084 4074 4085 4105 4122 4134 4141 4162 4146 4132 4131 4134 4136 4141 4146 4152 4157 4161 4167 4199 4243 4227 4226 4209 4223 4235 4241
4118 4113 4116 4118 4114 4114 4119 4125 4128 4125 4118 4120 4115 4110 4124 4109 4099 4099 4091 4085 4076 4066 4056 4049 4056 4056 4055 4065 4073 4068 4062 4065 4061 4060 4070 4077 4083 4085 4084 4081 4081 4081 4098 4097 4095 4087 4080 4073 4087 4077 4085 4098 4101 4112 4071 4071 4087 4088 4092 4111 4114 4124 4131 4119 4127 4135 4136 4137 4141 4140 4143 4145 4153 4163 4172 4180 4184 4228 4211 4193 4218 4234 4226 4229
4110 4107 4109 4110 4105 4106 4106 4113 4115 4119 4113 4121 4116 4104 4103 4097 4093 4091 4081 4073 4066 4059 4052 4049 4056 4047 4047 4057 4064 4062 4060 4061 4062 4067 4072 4083 4090 4095 4094 4091 4086 4085 4088 4094 4093 4086 4080 4085 4083 4077 4085 4091 4100 4120 4095 4091 4096 4090 4090 4092 4099 4113 4113 4124 4129 4137 4142 4145 4147 4147 4144 4141 4158 4173 4189 4209 4238 4222 4219 4225 4227 4241 4224 4239
4110 4105 4108 4108 4095 4096 4101 4103 4107 4111 4107 4115 4111 4100 4086 4078 4079 4076 4067 4062 4059 4053 4049 4044 4044 4045 4048 4050 4054 4056 4052 4059 4068 4075 4076 4091 4101 4104 4113 4106 4094 4080 4084 4091 4087 4084 4081 4078 4087 4099 4086 4079 4117 4141 4123 4117 4106 4089 4079 4079 4081 4109 4127 4129 4141 4143 4143 4147 4151 4154 4151 4157 4170 4188 4208 4229 4251 4240 4239 4243 4256 4267 4255 4262
4106 4105 4106 4105 4092 4087 4087 4094 4103 4101 4091 4090 4089 4091 4086 4072 4067 4064 4061 4059 4056 4052 4046 4041 4040 4041 4042 4042 4044 4044 4041 4049 4068 4081 4102 4103 4110 4130 4116 4106 4100 4102 4095 4094 4083 4084 4088 4097 4088 4071 4081 4085 4108 4120 4117 4101 4103 4106 4096 4085 4085 4091 4114 4120 4128 4138 4141 4145 4150 4157 4158 4165 4181 4199 4218 4235 4243 4246 4255 4255 4242 4267 4250 4259
4102 4102 4102 4098 4086 4078 4073 4079 4095 4094 4075 4065 4067 4072 4073 4066 4057 4053 4056 4061 4057 4052 4044 4037 4037 4038 4039 4036 4027 4028 4030 4056 4074 4083 4096 4103 4104 4085 4098 4099 4097 4094 4089 4083 4083 4087 4090 4091 4095 4098 4083 4091 4115 4116 4112 4106 4074 4114 4103 4096 4104 4114 4113 4129 4139 4135 4138 4145 4153 4161 4168 4185 4193 4209 4227 4240 4239 4246 4250 4254 4246 4250 4250 4260
4098 4099 4097 4098 4090 4075 4061 4062 4076 4079 4069 4061 4054 4056 4063 4051 4046 4043 4077 4065 4061 4055 4047 4039 4036 4036 4038 4037 4033 4031 4034 4056 4068 4082 4094 4102 4103 4110 4101 4101 4095 4087 4082 4092 4093 4094 4092 4089 4087 4081 4092 4103 4117 4108 4104 4098 4102 4118 4113 4110 4120 4121 4113 4114 4122 4123 4129 4139 4149 4159 4164 4175 4195 4213 4231 4252 4268 4242 4264 4256 4246 4247 4238 4224
4092 4092 4096 4104 4096 4075 4056 4051 4059 4070 4069 4063 4053 4050 4047 4044 4040 4039 4049 4060 4062 4060 4056 4044 4030 4032 4038 4042 4037 4040 4040 4056 4070 4084 4092 4091 4096 4095 4115 4101 4094 4088 4090 4107 4105 4100 4095 4095 4087 4078 4107 4126 4135 4106 4108 4116 4114 4119 4130 4127 4124 4129 4109 4106 4099 4104 4123 4136 4148 4159 4166 4180 4194 4211 4230 4251 4261 4234 4232 4249 4243 4252 4265 4278
4082 4082 4089 4102 4094 4075 4056 4049 4059 4064 4065 4061 4049 4049 4052 4045 4040 4040 4053 4064 4065 4064 4062 4052 4027 4031 4037 4041 4062 4047 4047 4066 4073 4077 4080 4089 4094 4099 4085 4093 4093 4096 4102 4117 4111 4101 4093 4086 4079 4107 4115 4127 4141 4106 4116 4123 4120 4118 4124 4127 4118 4120 4108 4105 4122 4119 4125 4138 4149 4159 4164 4177 4193 4209 4224 4237 4244 4236 4270 4279 4274 4259 4253 4259
4067 4069 4074 4074 4081 4072 4063 4060 4058 4050 4048 4039 4044 4054 4054 4044 4039 4042 4063 4067 4067 4066 4061 4054 4040 4037 4042 4049 4049 4065 4066 4071 4073 4071 4070 4079 4080 4080 4087 4090 4094 4096 4097 4106 4109 4102 4091 4082 4082 4098 4128 4137 4134 4127 4127 4125 4120 4112 4111 4094 4112 4118 4114 4105 4116 4115 4128 4139 4150 4159 4164 4176 4189 4203 4215 4224 4232 4279 4327 4319 4296 4270 4254 4262
4066 4064 4064 4061 4070 4070 4065 4059 4054 4049 4033 4030 4035 4038 4053 4054 4047 4043 4057 4065 4068 4069 4070 4062 4048 4045 4049 4059 4065 4078 4073 4072 4074 4074 4064 4071 4077 4078 4081 4088 4095 4101 4115 4116 4107 4101 4094 4083 4067 4091 4113 4121 4131 4144 4135 4132 4133 4118 4115 4108 4125 4135 4132 4134 4138 4141 4142 4150 4156 4162 4167 4176 4186 4199 4210 4225 4245 4263 4327 4310 4291 4277 4263 4270
4072 4066 4063 4064 4069 4068 4065 4062 4059 4048 4041 4033 4045 4050 4058 4061 4061 4059 4063 4066 4068 4070 4070 4067 4055 4052 4055 4059 4063 4071 4070 4069 4070 4070 4071 4081 4081 4080 4083 4088 4096 4105 4113 4102 4107 4103 4100 4097 4099 4092 4092 4103 4104 4112 4125 4124 4121 4129 4118 4127 4137 4146 4147 4158 4139 4134 4153 4161 4164 4167 4168 4177 4189 4202 4214 4229 4246 4288 4324 4299 4294 4281 4258 4298
4073 4067 4066 4063 4066 4065 4065 4063 4063 4055 4047 4042 4045 4056 4057 4058 4063 4063 4063 4066 4069 4070 4068 4064 4056 4056 4060 4063 4058 4051 4063 4065 4065 4063 4070 4077 4070 4069 4075 4084 4093 4105 4114 4115 4111 4109 4108 4113 4122 4108 4108 4109 4109 4110 4111 4117 4133 4132 4125 4135 4126 4130 4139 4127 4122 4173 4178 4169 4167 4166 4171 4177 4187 4199 4215 4236 4244 4253 4329 4326 4318 4304 4313 4297
4073 4071 4071 4061 4063 4061 4062 4063 4061 4054 4048 4048 4050 4054 4054 4048 4054 4058 4064 4070 4073 4075 4074 4070 4064 4063 4068 4070 4061 4063 4066 4065 4064 4066 4064 4064 4069 4068 4070 4076 4083 4093 4102 4112 4110 4111 4111 4111 4108 4114 4115 4116 4115 4106 4108 4111 4123 4124 4106 4125 4122 4126 4141 4157 4134 4150 4169 4169 4167 4163 4171 4180 4196 4211 4227 4234 4244 4288 4390 4329 4324 4308 4298 4297
4074 4075 4072 4068 4055 4056 4058 4059 4058 4054 4054 4058 4060 4059 4064 4065 4068 4070 4072 4070 4080 4082 4082 4082 4071 4069 4072 4080 4074 4070 4065 4063 4063 4066 4061 4065 4069 4065 4069 4074 4076 4080 4100 4123 4126 4114 4109 4109 4113 4112 4115 4115 4115 4118 4117 4108 4111 4135 4126 4121 4127 4132 4140 4137 4156 4157 4163 4166 4164 4157 4160 4178 4193 4213 4235 4268 4267 4272 4343 4332 4324 4308 4275 4284
4072 4072 4068 4067 4056 4057 4055 4051 4058 4060 4069 4063 4070 4070 4075 4078 4084 4087 4084 4088 4086 4087 4085 4078 4069 4064 4070 4079 4068 4064 4062 4059 4057 4054 4057 4056 4065 4071 4074 4073 4071 4068 4081 4119 4109 4106 4099 4098 4109 4124 4118 4110 4113 4127 4129 4112 4107 4127 4128 4122 4113 4128 4142 4148 4151 4164 4162 4162 4164 4162 4169 4186 4207 4226 4242 4256 4290 4339 4326 4325 4323 4322 4292 4258
4069 4069 4049 4043 4049 4052 4051 4054 4049 4056 4052 4055 4062 4076 4082 4087 4091 4085 4081 4080 4080 4083 4084 4079 4066 4057 4064 4077 4067 4054 4050 4052 4050 4049 4057 4077 4088 4094 4084 4078 4074 4075 4081 4098 4106 4095 4087 4080 4100 4129 4134 4122 4121 4128 4130 4125 4125 4135 4121 4121 4127 4140 4149 4159 4163 4157 4161 4163 4166 4167 4179 4197 4215 4236 4252 4261 4290 4299 4321 4316 4317 4313 4288 4256
4066 4061 4055 4050 4052 4054 4046 4037 4044 4052 4048 4049 4062 4068 4078 4081 4079 4072 4069 4065 4066 4069 4074 4075 4066 4063 4058 4052 4050 4042 4044 4046 4048 4049 4067 4091 4095 4087 4084 4082 4081 4082 4090 4095 4091 4086 4081 4078 4097 4129 4131 4132 4126 4124 4131 4127 4128 4120 4108 4130 4155 4158 4174 4210 4180 4160 4159 4168 4174 4172 4187 4210 4232 4255 4278 4299 4296 4304 4294 4303 4299 4283 4272 4269
4065 4066 4065 4061 4057 4054 4042 4034 4045 4051 4045 4048 4064 4073 4072 4068 4063 4060 4058 4057 4060 4064 4065 4068 4064 4059 4055 4049 4046 4040 4034 4042 4058 4071 4079 4081 4087 4074 4078 4082 4085 4093 4089 4088 4084 4084 4085 4088 4100 4115 4112 4117 4116 4115 4107 4125 4138 4147 4134 4140 4152 4168 4182 4193 4192 4163 4160 4179 4190 4203 4213 4229 4248 4265 4284 4292 4283 4280 4280 4287 4282 4270 4267 4264
4063 4063 4058 4062 4054 4047 4043 4028 4043 4041 4044 4054 4066 4068 4060 4056 4051 4053 4050 4047 4046 4058 4059 4059 4063 4062 4057 4048 4038 4033 4027 4049 4071 4089 4088 4084 4076 4082 4079 4080 4084 4091 4086 4090 4089 4090 4092 4093 4099 4106 4095 4088 4104 4113 4122 4140 4161 4176 4161 4149 4157 4165 4169 4170 4184 4203 4187 4187 4201 4220 4232 4245 4260 4276 4286 4286 4274 4264 4277 4282 4280 4266 4264 4261
4060 4059 4057 4059 4055 4054 4050 4040 4028 4037 4047 4062 4056 4052 4050 4050 4053 4050 4044 4039 4041 4054 4048 4064 4069 4063 4055 4051 4040 4033 4062 4082 4084 4091 4090 4078 4078 4081 4081 4081 4082 4087 4104 4102 4098 4100 4099 4101 4097 4091 4092 4099 4105 4119 4134 4167 4177 4181 4142 4154 4163 4164 4166 4169 4176 4206 4178 4182 4200 4211 4237 4254 4270 4282 4293 4294 4282 4278 4267 4282 4280 4285 4279 4270
4060 4059 4060 4058 4055 4054 4055 4045 4035 4025 4033 4045 4042 4039 4042 4047 4050 4048 4041 4036 4038 4044 4081 4093 4076 4064 4056 4051 4042 4047 4066 4078 4085 4087 4077 4075 4069 4074 4080 4084 4086 4083 4130 4112 4099 4093 4104 4107 4099 4091 4111 4111 4113 4127 4146 4163 4170 4170 4172 4164 4162 4165 4171 4177 4180 4199 4184 4188 4210 4228 4245 4265 4281 4292 4293 4297 4303 4298 4301 4301 4277 4295 4294 4300
4068 4059 4056 4056 4053 4052 4053 4047 4041 4023 4028 4035 4029 4026 4029 4034 4038 4037 4035 4030 4026 4035 4067 4081 4072 4063 4058 4054 4049 4041 4054 4071 4080 4084 4082 4074 4069 4071 4082 4092 4104 4121 4119 4109 4107 4118 4118 4115 4111 4115 4115 4119 4122 4135 4150 4157 4159 4164 4182 4185 4175 4169 4176 4190 4187 4211 4224 4224 4221 4225 4253 4276 4297 4312 4309 4314 4307 4307 4291 4273 4277 4278 4303 4329
4058 4055 4053 4051 4049 4049 4051 4046 4044 4035 4030 4032 4029 4024 4025 4028 4030 4027 4028 4025 4025 4032 4029 4049 4056 4055 4052 4050 4047 4042 4053 4064 4079 4085 4086 4086 4074 4077 4087 4098 4109 4117 4106 4100 4093 4123 4124 4123 4119 4120 4132 4122 4128 4142 4154 4155 4156 4174 4172 4172 4170 4171 4179 4202 4210 4228 4208 4216 4229 4244 4266 4290 4317 4342 4367 4342 4329 4309 4311 4278 4267 4301 4311 4327
4053 4051 4050 4047 4045 4045 4047 4043 4042 4037 4033 4030 4031 4031 4030 4028 4028 4023 4021 4022 4025 4030 4031 4032 4041 4046 4048 4045 4042 4046 4058 4077 4085 4089 4094 4094 4079 4084 4091 4101 4111 4113 4107 4103 4107 4125 4120 4113 4134 4139 4129 4127 4136 4148 4158 4151 4162 4172 4164 4170 4173 4173 4195 4212 4213 4216 4199 4214 4231 4250 4274 4301 4329 4358 4369 4360 4324 4308 4283 4261 4294 4307 4312 4313
4050 4052 4051 4046 4042 4040 4043 4044 4041 4041 4038 4033 4032 4032 4032 4032 4026 4021 4017 4017 4018 4019 4018 4025 4032 4037 4040 4040 4039 4042 4055 4077 4086 4094 4105 4103 4091 4090 4090 4099 4115 4108 4098 4105 4117 4120 4113 4116 4133 4134 4117 4124 4140 4155 4167 4171 4182 4173 4160 4182 4184 4190 4227 4217 4202 4181 4183 4217 4236 4256 4283 4311 4338 4357 4361 4365 4353 4322 4285 4277 4285 4302 4306 4306
4053 4052 4051 4045 4037 4034 4038 4039 4042 4043 4040 4033 4031 4031 4031 4030 4023 4015 4011 4012 4013 4017 4022 4022 4025 4029 4033 4040 4040 4040 4047 4058 4075 4090 4101 4099 4092 4077 4079 4085 4089 4096 4099 4101 4105 4105 4105 4108 4115 4119 4116 4129 4154 4160 4166 4184 4176 4181 4165 4169 4190 4207 4222 4213 4198 4183 4199 4211 4238 4266 4294 4319 4342 4365 4373 4357 4349 4328 4311 4288 4295 4298 4296 4289
4051 4051 4051 4044 4032 4021 4026 4059 4038 4031 4033 4031 4030 4030 4027 4026 4018 4010 4006 4008 4018 4021 4018 4017 4022 4024 4021 4043 4046 4044 4047 4060 4072 4082 4092 4100 4086 4075 4071 4074 4078 4081 4090 4096 4097 4097 4100 4105 4107 4118 4122 4142 4161 4159 4160 4166 4164 4165 4165 4182 4194 4208 4211 4210 4203 4193 4195 4214 4250 4277 4301 4322 4343 4360 4361 4339 4326 4312 4301 4295 4290 4289 4286 4278
4049 4050 4049 4045 4029 4011 4013 4046 4009 4015 4031 4031 4030 4030 4027 4024 4015 4007 3982 4001 4013 4004 4001 4011 4020 4031 4050 4052 4050 4047 4047 4052 4061 4071 4082 4083 4080 4069 4067 4066 4069 4077 4090 4097 4100 4100 4099 4108 4128 4130 4150 4158 4144 4152 4155 4161 4154 4180 4179 4170 4210 4236 4221 4216 4211 4209 4199 4235 4270 4288 4306 4322 4338 4355 4347 4324 4306 4288 4287 4297 4311 4296 4276 4258
