real_craters/C197-300m.grd
DSAA
651 651
-97.475 97.475
-97.475 97.475
2607.9095965283 5241.3412938928
[rows 390 to 419 of 651, columns 134 to 200 of 651]
4140.23 4147.28 4162.14 4182.23 4203.41 4213.46 4209.8 4208.6 4210.31 4213.06 4217.37 4220.69 4201.16 4164.84 4148.66 4131.71 4134.35 4159.81 4186.25 4188.89 4188.48 4189.82 4192.9 4195.99 4199.47 4203.47 4207.33 4209.46 4213.19 4216.8 4220.91 4223.16 4231.27 4247.67 4258.89 4262.79 4261.45 4266.57 4271.27 4273.61 4274.05 4272.9 4271.79 4270.24 4268.86 4266.83 4264.64 4262.74 4260.82 4256.39 4254.08 4251.47 4250.65 4249.85 4246.06 4239.42 4232.2 4223.18 4213.73 4221.16 4226.05 4228.23 4227.85 4225.33 4220.36 4219.51 4237.16
4116.32 4135.91 4155.36 4177.82 4201.88 4211.42 4207.22 4205.07 4208.3 4213.66 4219.45 4222.27 4207.75 4185.07 4167.35 4150.15 4147.05 4160.92 4177.61 4188.08 4187.51 4188.65 4192.05 4196.22 4199.63 4203.04 4206.8 4210.85 4213.78 4218.82 4224.52 4228.72 4236.17 4255.5 4275.87 4282.16 4286.9 4287.04 4282.23 4279.65 4276.75 4274.73 4272.65 4270.91 4267.97 4266.06 4264.54 4264.67 4266.36 4260.46 4253.37 4248.89 4246.57 4243.75 4239.11 4234.1 4227.9 4220.47 4212.76 4217.9 4222.67 4225.84 4227.09 4226.81 4225.13 4226.55 4242.63
4108.37 4124.87 4143.18 4163.02 4183.7 4191.54 4193.99 4194.15 4200.52 4208.87 4214.79 4214.94 4211.89 4207.38 4195.73 4182.54 4181.57 4175.65 4170.29 4177.48 4183.81 4187.78 4192 4196.4 4200.39 4201.69 4205.18 4209.94 4215.12 4219.65 4227.83 4239.46 4256.93 4265.67 4284.52 4291.46 4293.63 4293.04 4289.1 4284.92 4280.9 4276.95 4273.36 4270.47 4267.45 4264.95 4262.9 4261.27 4260 4256.27 4250.55 4245.02 4240.18 4238.02 4234.01 4231.26 4227.84 4224.84 4224.17 4222.15 4224.19 4226.72 4229.19 4232.41 4237.2 4242.17 4248.01
4103.59 4115.72 4129.09 4141.57 4152.3 4157.45 4156.21 4171.1 4190.57 4203.22 4211.3 4214.58 4213.95 4209.63 4202.28 4198.93 4196.13 4186.71 4178.37 4174.51 4179.83 4185.16 4190.24 4194.41 4198.38 4201.55 4205.56 4209.16 4215.13 4222.93 4231.78 4242.02 4255.09 4269.85 4277.72 4286.92 4293.87 4296.58 4292.5 4286.81 4281.86 4277.76 4273.68 4269.47 4265.8 4262.98 4260 4255.73 4250.93 4250.23 4245.75 4240.5 4233.76 4226.49 4228.59 4230.23 4230.44 4228.81 4225.85 4227.03 4226.94 4228.07 4230.57 4235.68 4244.33 4247.64 4244.92
4100.44 4108.85 4116.46 4121.9 4123.96 4131.54 4137.45 4168.37 4186.39 4197.6 4208.27 4215.66 4214.21 4212.01 4207.9 4198.42 4185.52 4182.24 4170.14 4171.73 4177.14 4182.47 4187.56 4191.55 4193.46 4198.29 4203.49 4209.75 4214.93 4221.45 4229.35 4238.67 4250.43 4254.56 4257.19 4277.2 4289.75 4295.09 4291.02 4285.31 4280.25 4275.76 4271.15 4268.29 4264.61 4261.4 4258.33 4254.95 4250.51 4248.21 4244.3 4239.14 4232.35 4226.73 4229.1 4231.79 4234.72 4239.69 4238.51 4231.79 4228.93 4228.24 4229.93 4233.33 4238.14 4240.54 4237.33
4100.19 4104.87 4108.46 4111.07 4114.3 4124.2 4143.67 4168.91 4180.21 4188.34 4197.75 4205.98 4209.27 4211.23 4209.44 4200.27 4188.08 4182.22 4168.9 4171.13 4175.38 4180.16 4184.37 4187.74 4192.54 4198.46 4202.55 4208.12 4213.75 4219.63 4226.1 4232.82 4237.02 4250.62 4259.04 4273.81 4282.81 4287.91 4284.82 4280.69 4276.71 4272.4 4268.53 4265.12 4261.94 4259.13 4256.7 4255.44 4253.3 4248.15 4244.35 4241.04 4237.66 4234.83 4233.89 4234.79 4236.75 4238.72 4237.45 4232.98 4229.31 4226.94 4226.6 4227.71 4229.27 4230.94 4232.7
4104.63 4104.79 4104.12 4104.17 4108.77 4117.56 4133.67 4153.58 4166.46 4174.59 4180.55 4189.34 4200.26 4207.92 4212.53 4204.79 4195.5 4189.87 4178.66 4174.94 4175.62 4177.55 4180.92 4184.68 4188.91 4195.45 4199.81 4205.36 4211.33 4217.18 4223.71 4228.08 4230.52 4232.62 4245.1 4264.93 4273.92 4275.45 4275.62 4274.87 4272.57 4268.6 4265.06 4261.38 4258.37 4255.81 4253.16 4251.92 4250.09 4246.83 4244.77 4243.68 4244.98 4244.03 4238.82 4236.84 4236.21 4235.94 4233.89 4230.59 4226.82 4224.12 4221.98 4221.13 4221.41 4224.02 4227.67
4109.6 4106.73 4102.03 4097.53 4097.94 4107.83 4120.73 4136.97 4150.04 4161.35 4169.23 4179.11 4191.31 4201.22 4207.25 4205.5 4199.95 4196.2 4189.04 4179.51 4175.73 4177.73 4179.41 4182.5 4188.44 4193.96 4197.56 4203.32 4210.63 4215.44 4220.8 4225.82 4230.06 4231.94 4240.2 4261.59 4269.31 4267.74 4269.37 4269.17 4266.42 4263.18 4260.26 4256.99 4254.06 4251.51 4248.06 4243.96 4243.5 4244.47 4244.67 4244.08 4243.07 4242.04 4239.08 4236.46 4234.92 4233.53 4230.51 4227.01 4223.24 4219.53 4216.65 4214.39 4212.47 4215.76 4220.26
4115.28 4109.26 4102.6 4096.13 4095.95 4105.1 4115.12 4126.59 4139.12 4152.93 4163.21 4173.4 4183.67 4193.18 4200.22 4203.05 4203.38 4200.8 4185.67 4180 4175.63 4173.32 4175.19 4177.61 4180.55 4185.02 4192.5 4198.46 4205.13 4212.15 4219.57 4226.69 4235.15 4244.16 4251.76 4264.68 4269.91 4270.96 4268.16 4263.38 4259.53 4256.07 4253.09 4251.22 4249.51 4247.95 4245.46 4241.7 4241.38 4243.86 4244.62 4243.42 4240.64 4238.87 4237.21 4234.91 4231.8 4230.36 4225.92 4222.37 4218.91 4215.09 4211.25 4208.67 4208.39 4209.75 4213.04
4116.18 4109.92 4104.61 4101.12 4103.34 4112.93 4120.81 4127.95 4137.34 4147.73 4162.01 4167.44 4173.9 4182.34 4191.99 4195.84 4193.63 4193.63 4183.97 4175.25 4170.82 4169.62 4172.06 4175.41 4179.88 4184.98 4189.35 4195.46 4202 4208.32 4217.46 4225.45 4236.3 4248.78 4263.4 4271.27 4269.51 4265.23 4260.56 4255.21 4250.74 4247.75 4245.87 4244.27 4243.82 4244.46 4245.74 4246.43 4245.27 4245.46 4245.46 4244.57 4242.79 4238.2 4236.34 4232.62 4227.42 4221.01 4220.4 4217.74 4214.09 4210.23 4206.17 4202.29 4200.94 4203.11 4206.37
4109.17 4107.36 4105.67 4107.12 4110.67 4121.39 4125.85 4126.2 4131.28 4137.88 4143.5 4153.77 4160.36 4166.47 4173.15 4176.31 4175.31 4166.39 4166.68 4164.14 4162.76 4163.9 4166.95 4169.2 4173.73 4179.39 4185.2 4191.62 4197.94 4205.9 4214.32 4222.17 4233.17 4245.98 4263.28 4264.48 4259.48 4254.48 4249.53 4244.57 4240.54 4238.32 4237.41 4237.51 4238.46 4240.66 4244.69 4248.24 4246.97 4245.36 4245.46 4246.37 4246.66 4240.96 4236.67 4232.32 4226.76 4219.32 4218 4214.72 4210.64 4206.12 4201.7 4197.14 4195.02 4197.2 4199.8
4102.01 4103.16 4103.25 4105.28 4107.16 4106.12 4113.37 4118.62 4121.34 4128.7 4136.57 4140.84 4145.2 4147.64 4146.74 4145.03 4152.78 4140.93 4147.45 4150.98 4153.68 4158.38 4161.31 4164.34 4169.07 4176.06 4182.33 4188.87 4194.83 4201.59 4209.46 4217.45 4227.84 4236.1 4252.82 4249.79 4243.63 4241.4 4237.31 4231.29 4228.72 4228.73 4229.59 4230.56 4232.3 4234.72 4239.29 4245.51 4242.41 4241.27 4242.43 4245.22 4246.87 4241.56 4236.52 4232.82 4230.49 4226.1 4218.8 4212.83 4207.48 4202.64 4198.2 4194.3 4192.49 4192.88 4194.02
4099.29 4099.94 4099.44 4097.67 4103.48 4104.97 4110.97 4115.33 4117.74 4122.17 4126.25 4129.65 4131.46 4131.66 4129.6 4128.42 4126.67 4126.52 4130.8 4137.42 4143.21 4148.24 4154 4158.58 4164.75 4170.69 4178.3 4184.66 4191.21 4198.52 4204.58 4212.71 4221.45 4232.49 4247.05 4244.4 4237.68 4227.72 4218.1 4214.16 4216.73 4219.2 4221.75 4223.63 4224.73 4225.58 4225.87 4227.19 4230.84 4232.99 4236.18 4239.12 4241.2 4236.37 4232.53 4231.15 4231.09 4227.49 4217.58 4209.9 4203.9 4199.07 4195.22 4192.1 4190.3 4189.53 4189.52
4097.79 4099 4100.49 4101.74 4109.86 4124.75 4118.24 4115.74 4117.16 4117.22 4117.61 4119.57 4120.24 4119.14 4116.79 4113.42 4119.07 4116.16 4119.99 4127.5 4135.84 4141.86 4149.28 4154.53 4161.67 4167.32 4173.52 4180.57 4186.66 4193.97 4201.26 4207.12 4213.73 4222.54 4234.41 4241.43 4236.31 4218.68 4197.67 4202.75 4207.88 4211.46 4214.69 4216.99 4218.4 4218.27 4215.06 4213.48 4220.02 4224.6 4226.51 4227.87 4228.62 4226.65 4224.54 4223.12 4222.18 4219.09 4211.1 4204.38 4199.05 4194.87 4191.95 4189.91 4188.1 4186.32 4185.5
4098.14 4101.39 4104.9 4109.23 4112.69 4117.08 4114.9 4111.56 4110.63 4110.56 4111.24 4111.39 4110.89 4109.39 4108.37 4109.4 4111.32 4107.81 4113.71 4120.9 4128.14 4135.64 4143.99 4149.51 4156 4160.95 4167.23 4173.7 4180.46 4188.08 4194.82 4201.46 4206.87 4209.81 4229.09 4236.57 4229.18 4217.93 4209.7 4203.21 4203.2 4206.08 4209.24 4211.97 4214.14 4215.05 4214.35 4213.93 4216.48 4217.97 4217.85 4215.24 4212.27 4214.99 4215.29 4212.77 4205.44 4203.64 4201.83 4197.1 4192.29 4188.61 4187.39 4188.4 4185.13 4182.14 4180.92
4110.22 4107.24 4107.33 4108.39 4107.47 4106.71 4105.25 4103.08 4101.15 4103.77 4106.81 4105.29 4103.33 4101.59 4101.09 4104.05 4108.92 4107.45 4109.39 4115.86 4122.74 4129.73 4135.62 4142.69 4149.09 4155.63 4162.11 4169.41 4177.91 4185.5 4191.25 4196.95 4203.41 4212.35 4226.96 4231.97 4228.54 4217.42 4204.43 4199.11 4200.38 4202.53 4205.04 4207.82 4211.37 4214.83 4217.9 4217.76 4215.6 4214.3 4212.46 4209.86 4207.17 4207.09 4206.51 4205.57 4205.47 4199.84 4194.45 4189.5 4184.58 4180.34 4178.11 4178.79 4177.11 4175.93 4176.28
4115.18 4110.24 4106.7 4102.64 4098.97 4096.29 4095.08 4094.55 4093.92 4097.22 4101.31 4099.7 4096.69 4093.31 4090.88 4095.54 4106.39 4105.15 4105.77 4111.18 4116.64 4122.68 4129.19 4137.02 4143.13 4150.56 4157.05 4164.16 4169.25 4176.97 4185.21 4192.77 4200.86 4209.52 4220.25 4231.3 4228.97 4216.73 4204.7 4199.49 4199.02 4199.56 4201.33 4204.26 4208.7 4213.77 4218.42 4218.11 4213.91 4210.86 4207.92 4205.32 4203.07 4199.75 4198.19 4197.89 4197.37 4192.86 4187.07 4181.91 4176.66 4170.77 4164.95 4162.51 4165.05 4168.76 4171.7
4117.25 4111.98 4107.04 4099.15 4088.98 4084.67 4085.8 4087.84 4090.35 4094.24 4096.79 4095.76 4092.43 4086.59 4079.53 4071.46 4088.52 4094.28 4103.76 4108.82 4113.42 4118.81 4124.67 4131.01 4138.94 4144.77 4152.3 4158.98 4164.41 4171.51 4179.61 4187.73 4196.93 4205.82 4216.68 4224.8 4217.73 4209.88 4205.95 4203.07 4197.9 4196.31 4197.04 4199.33 4203.23 4209.4 4216.99 4214.77 4209.51 4206.39 4202.71 4196.7 4194.12 4192.21 4189.06 4187.06 4188.49 4182.58 4178.69 4175 4170.71 4164.21 4153.87 4144.81 4156.06 4163.99 4169.05
4121.9 4112.68 4101.99 4091.5 4078.16 4073.5 4079.25 4084.14 4089.19 4091.65 4095.4 4094.96 4091.78 4086.06 4077.38 4064.54 4073.62 4099.46 4105.07 4106.61 4111.43 4117.1 4123.11 4128.89 4134.73 4140.27 4146.65 4154.84 4159.94 4166.89 4173.86 4181.43 4192.09 4201.96 4206.92 4214.37 4206.09 4201 4200.24 4198.33 4192.91 4190.61 4190.84 4192.25 4195 4199.04 4203.3 4203.69 4201.98 4200.47 4199.36 4198.87 4192.42 4186.6 4180.45 4173.44 4166.25 4169.55 4170.19 4169.16 4167.14 4163.93 4159.69 4155.89 4159.1 4164.32 4168.74
4116.79 4105.98 4087.5 4079.59 4075.76 4074.3 4078.3 4083.37 4089.55 4098.23 4098.02 4095.99 4093.86 4091.07 4088.26 4086.63 4104.05 4108.56 4103.16 4104.52 4109.83 4115.64 4121.37 4127.55 4133.64 4138.93 4144.91 4149.87 4156.64 4161.57 4168.55 4174.55 4182.65 4192.04 4201.93 4200.86 4198.69 4196.03 4190.42 4185.03 4183.91 4183.69 4183.51 4183.82 4184.2 4185.12 4187.83 4189.28 4191.26 4192.42 4194.35 4194.22 4189.35 4182.2 4174.78 4165.97 4159.7 4162.09 4163.87 4164.52 4164.89 4166.26 4169.89 4170.96 4166.88 4166.99 4169.3
4104.41 4095.85 4089.76 4083.11 4081.25 4079.5 4080.41 4084.11 4088.22 4092.66 4097.07 4097.08 4096.94 4097.89 4100.64 4112.38 4118.77 4109.8 4100.11 4102.24 4107.87 4113.69 4120.35 4125.96 4131.82 4137.72 4143.23 4147.68 4152.87 4158.35 4162.93 4167.42 4172.21 4181.05 4193.12 4193.44 4192.57 4189.06 4181.75 4175.17 4177.04 4178.12 4177.76 4176.64 4174.4 4170.68 4166.8 4174.6 4179.75 4183.7 4186.81 4190.55 4182.94 4177.37 4171.88 4166.07 4161.01 4160.27 4160.73 4161.48 4162.9 4165.9 4171.66 4172.81 4168.9 4168.01 4169.37
4097.31 4095.01 4099.97 4091.5 4083.27 4081.01 4082.52 4085.98 4088.49 4091.15 4096.18 4096.44 4098.31 4101.71 4106.41 4107.11 4109.91 4108.66 4101.76 4102.85 4108.37 4113.62 4119.39 4125.61 4131.39 4135.6 4140.61 4144.87 4149.61 4153.89 4157.47 4160.55 4163.54 4170.05 4179.4 4187.22 4185.66 4180.92 4174.33 4173.47 4173.65 4175 4174.31 4171.74 4168.28 4163.73 4160.86 4165.57 4171.27 4175.48 4176.42 4173.61 4174.24 4171.39 4168.08 4167.51 4165.66 4159.74 4158.07 4158.02 4159.14 4160.8 4163.03 4165.19 4165.58 4166.34 4168.15
4097.64 4104.27 4102.38 4091.42 4082.33 4080.69 4084.31 4089.56 4094.57 4093 4089.06 4092.46 4098.17 4104.36 4111.89 4118.95 4112.86 4105.57 4103.38 4105.01 4109.32 4113.83 4117.5 4122.67 4127.78 4132.47 4137.95 4143.92 4147.78 4151.28 4154.45 4156.1 4156.54 4160.49 4162.71 4167.9 4172.22 4158.31 4167.02 4171.74 4175.72 4174.99 4173.25 4170.38 4166.72 4162.47 4160.35 4162.44 4165.99 4169.01 4171.29 4170.51 4167.89 4164.86 4160.8 4157.17 4155.99 4154.89 4154.23 4154.39 4154.85 4155.16 4154.55 4157.05 4160.39 4162.94 4165.99
4094.45 4101.1 4097.98 4088.46 4075.07 4080.77 4085.88 4090.92 4100.48 4097.71 4082.73 4090.19 4097.46 4103.74 4110.46 4115.2 4098.17 4097.87 4103.17 4105.88 4107.99 4111.6 4114.91 4119.53 4122.24 4127.67 4133.36 4139.63 4144.31 4148.66 4152.17 4154.56 4156.39 4158.32 4160.45 4164.64 4171.27 4167.48 4173.18 4180.61 4179.91 4175.51 4172.86 4170.21 4167.13 4163.75 4161.32 4161.69 4162.29 4163.44 4165.65 4166.67 4161.62 4157.77 4153.82 4148.45 4148.05 4149.62 4150.09 4150.5 4151.18 4151.84 4151.55 4153.59 4156.25 4158.97 4161.88
4091.48 4095.62 4091.61 4093.33 4089.61 4089.35 4088.76 4088.37 4085.44 4084.02 4085.49 4092.4 4097.41 4100.98 4103.23 4101.25 4093.66 4095.38 4099.67 4103.3 4106.45 4109.35 4112.45 4115.37 4119.67 4125.32 4131.82 4137.98 4144.03 4149.36 4153.86 4156.61 4155.17 4161.26 4167.41 4176.71 4180.28 4186.86 4184.25 4178.76 4175.13 4173.98 4172.66 4171.38 4169.28 4166.57 4163.73 4161.7 4159.59 4157.21 4155.38 4153.81 4152.62 4150.97 4149.11 4148.66 4146.66 4146.05 4146.34 4147.14 4148.21 4150.31 4153.97 4152.35 4152.67 4154.17 4156.35
4093.18 4102.82 4098.23 4103.47 4110.6 4099.04 4091.35 4085.95 4083.86 4088.06 4099.26 4098.12 4097.34 4097.06 4096.19 4095.31 4094.5 4097.63 4100.03 4102.58 4106.39 4107.69 4109.19 4113.76 4118.97 4125.5 4132.46 4139.58 4145.84 4152.43 4158.45 4163.96 4166.68 4168.05 4171.3 4176.42 4184.88 4188.88 4185.83 4179.52 4174.24 4171.87 4172.03 4172.98 4172.86 4168.99 4166.17 4162.6 4157.48 4151.77 4142.9 4142.04 4143.6 4143.72 4144.65 4144.73 4143.7 4142.8 4143.03 4143.71 4144.54 4145.6 4147.08 4148.08 4148.65 4149.21 4149.98
4093.44 4097.5 4095.11 4102.7 4108.32 4100.35 4092.13 4084.58 4077.87 4086.99 4099 4099.13 4096.8 4094.39 4091.72 4092.24 4097.19 4098.91 4105.14 4111.3 4108.28 4105.99 4107.12 4111.49 4117.64 4124.48 4132.6 4141.06 4148.96 4155.66 4163.58 4172.06 4176.73 4174.72 4173.87 4175.75 4187.33 4190.75 4187.14 4176.72 4167.42 4167.65 4170.21 4173.89 4178.28 4179.81 4173.48 4164.39 4156.39 4149.46 4144.89 4139.15 4136.51 4135.99 4137.54 4141.04 4138.56 4138.04 4139.14 4140.27 4141.13 4140.92 4140.2 4143.51 4145.04 4145.68 4145.74
4091.62 4094.99 4091.22 4094.78 4097.61 4096.13 4091.97 4086.98 4080.02 4087.63 4094.26 4096.95 4095.81 4092.95 4090.18 4089.67 4092.26 4093.68 4107.53 4118.65 4103.02 4098.83 4102.44 4108.66 4117.67 4125.48 4134.2 4142.68 4151.16 4159.06 4166.95 4175.53 4179.83 4177.08 4175.52 4176.14 4183.02 4187.51 4184.9 4173.55 4164.75 4164.88 4166.37 4170.77 4179.74 4192.1 4177.98 4163.28 4152.9 4145.25 4142.24 4136.07 4130.9 4127.58 4126.22 4125.19 4129.28 4132.65 4135.35 4137.73 4139.72 4141.33 4142.39 4142.48 4143.3 4143.61 4143.72
4087.3 4090.3 4087.49 4089.74 4091.83 4092 4091.7 4093.14 4098.89 4096.2 4097.6 4098.09 4095.97 4092.4 4089.37 4089.28 4095.82 4103.92 4097.63 4080.19 4076.91 4084.5 4094.29 4104.7 4115.64 4125.03 4133.81 4143.19 4151.47 4159.48 4167.53 4173.13 4175.62 4175.28 4173.77 4172.97 4176.34 4178.08 4174.71 4167.13 4164.97 4160.84 4158.47 4159.34 4164.73 4174.78 4164.5 4153.92 4145.13 4137.82 4129.06 4127.86 4125.68 4121.89 4118.75 4116.48 4123.32 4128.84 4133.14 4136.52 4138.9 4141.01 4142.21 4142.65 4142.77 4142.76 4142.87
4083.58 4088.7 4084.03 4084.74 4086.8 4087.93 4089.88 4093.61 4101.75 4099.65 4101.26 4100.95 4097.28 4092.82 4088.15 4086.63 4097.95 4110.23 4085.45 4045.38 4052.62 4072.79 4089.17 4101.6 4112.84 4122.93 4132.86 4141.99 4150.96 4159.94 4167.61 4173.72 4175.2 4172.26 4168.97 4165.94 4166.61 4163.39 4150.51 4154.68 4154.9 4151.53 4146.84 4141.69 4135.41 4129.22 4137.28 4137.99 4136.35 4133.47 4129.32 4125.41 4122.78 4120.84 4119.67 4119.44 4122.82 4127.97 4132.86 4136.8 4139.84 4141.5 4142.72 4143.71 4143.57 4142.95 4142.41
