real_craters/C197-300m.grd
DSAA
651 651
-97.475 97.475
-97.475 97.475
2607.9095965283 5241.3412938928
[rows 360 to 389 of 651, columns 469 to 535 of 651]
4373.78 4397.97 4421.19 4437.13 4448.05 4457.19 4467.01 4479.85 4515.46 4551.73 4550.74 4542.45 4532.71 4521.3 4506.97 4488.99 4469.37 4445.42 4419.66 4394.23 4379.92 4368.57 4358.99 4351.25 4343.88 4335.32 4327.48 4321.66 4322.5 4324.25 4326.13 4324.6 4321.51 4319.05 4315.9 4317.66 4323.46 4325.98 4326.23 4325 4323 4318.36 4311.53 4305.45 4302.16 4294.59 4290.88 4290.79 4285.85 4279.08 4265.75 4257.37 4252.1 4249.95 4249.81 4251.04 4253.64 4254 4252.61 4257.41 4260.07 4260.12 4258.82 4255 4250.63 4249.54 4249.78
4366.44 4390.38 4411.03 4431.14 4444.98 4453.63 4462.15 4475.53 4504 4536.86 4536.69 4530.19 4521.09 4509.06 4493.54 4474.95 4461.1 4447.52 4433.66 4420.9 4402.31 4382.93 4366.45 4352.82 4343 4342.93 4338.19 4333.46 4320.86 4310.98 4304.82 4303.01 4302.25 4300.8 4296.94 4297.13 4303.25 4305.8 4305.58 4303.78 4301.41 4296.45 4287.49 4274.14 4264.9 4263.31 4254.9 4249.74 4249 4251.89 4254.87 4253.55 4251.69 4251.1 4251.61 4253.46 4255.97 4257.07 4258.19 4261.72 4263.25 4262.4 4263.92 4264.64 4261.99 4257.79 4250.04
4373.81 4393.26 4419.14 4436.58 4443.73 4449.36 4455.29 4463.75 4479.74 4498.04 4510.47 4512.09 4507.01 4497.53 4483.68 4466.77 4458.24 4451.2 4443.19 4435.52 4417.11 4393.83 4372.74 4353.29 4335.49 4321.34 4328.26 4330.68 4315.26 4297.75 4285.02 4284.35 4285.83 4286.88 4289.79 4289.43 4289.3 4289.62 4287.76 4286.27 4284.61 4280.63 4271.73 4255.09 4243.94 4245.18 4241.56 4238.62 4237.28 4242.32 4247.87 4249.87 4249.91 4250.3 4251.26 4253.42 4256.64 4257.52 4258.9 4263.02 4263.99 4260.25 4259.8 4268.79 4259.73 4255.41 4245.26
4378.15 4396.29 4422.58 4437.79 4441.85 4445.27 4448.97 4454.41 4464.11 4478.59 4491.25 4495.31 4493.57 4488.27 4479.15 4466.8 4460.31 4454.24 4447.34 4438.1 4420.99 4399.78 4377.15 4354.42 4331.48 4312.45 4317.28 4319.96 4308.4 4289.88 4271.35 4273.93 4274.93 4273.45 4273.28 4275.71 4277.97 4278.87 4275.15 4270.95 4273.6 4271.97 4267.59 4263.42 4252.27 4243.33 4237.6 4240.12 4242.34 4245.94 4247.66 4248.74 4248.38 4248.59 4249.53 4251.79 4255.38 4256.6 4259.52 4263.26 4260.88 4256.66 4249.34 4247.21 4248.77 4246.23 4244.14
4379.54 4396.7 4416.74 4430.68 4437.29 4440.67 4443.09 4447.2 4457.87 4475.17 4480.26 4480.22 4481.2 4480.7 4478.84 4474.12 4464.07 4455.94 4448.31 4438.19 4423.31 4403.48 4380.76 4358.28 4336.73 4319.53 4320.08 4317.73 4307.65 4293.29 4281.02 4275.99 4272.07 4265.12 4256.2 4263.5 4270.65 4275.39 4277.55 4273.58 4271.55 4268.37 4265.16 4263.1 4256.59 4246.85 4240.23 4247.54 4261.73 4252.55 4248.86 4247.69 4246.94 4246.92 4247.46 4249.02 4253.31 4266.26 4275.16 4266.82 4260.18 4257.74 4255.12 4251.56 4246.65 4242.21 4239.06
4388.19 4399.63 4415.31 4427.31 4434.61 4437.91 4438.58 4437.37 4435.09 4443.9 4453.23 4463.69 4468.44 4470.82 4473.96 4473.96 4461.97 4453.49 4446.52 4440.06 4427.34 4404.75 4382.36 4361.83 4346.56 4336.32 4328.55 4319.85 4310.06 4302.69 4292.55 4283.87 4276.53 4269.18 4261.88 4264.07 4268.26 4273.67 4283.47 4281.94 4271.84 4266.12 4261.41 4255.8 4252.07 4249.49 4249.81 4248.36 4251.36 4250.49 4247.85 4246.62 4245.81 4245.54 4245.74 4246.56 4250.01 4268.78 4279.74 4268.04 4254.43 4264.12 4264.75 4253.97 4249.25 4240.27 4237.54
4394.15 4407.56 4419.73 4429.39 4436.11 4438.92 4438.3 4435.01 4431.39 4434.26 4442.57 4452.86 4457.32 4457.47 4455.29 4453.75 4450.64 4445.29 4439.71 4432.6 4420.13 4400.5 4379.38 4359.17 4342.45 4328.41 4316.64 4309.57 4305.95 4308.71 4303.51 4290.24 4282.96 4279.07 4275.34 4269.39 4266.69 4266.22 4268.15 4269.51 4266.94 4263.57 4259.74 4255.91 4251.39 4248.3 4248.62 4243.33 4241.62 4245.97 4246.18 4245.74 4245.18 4244.64 4244.68 4245.55 4250.01 4260.37 4266.12 4270.09 4275.21 4276.52 4274.81 4258.85 4249.33 4249.08 4241.02
4413.04 4419.75 4428.34 4436.92 4441.88 4443.73 4442.41 4439 4438.16 4439.76 4446.7 4450.09 4450.32 4445.81 4435.11 4432.88 4436.41 4434.6 4429.68 4421.99 4408.33 4392.78 4372.5 4350.67 4328.62 4307 4290.02 4288.66 4292.06 4295.02 4293.57 4288.29 4284.61 4284.8 4281.81 4271.56 4264.15 4258.35 4252.15 4257.61 4261.32 4261.82 4259.23 4254.48 4251.68 4245.58 4240 4243.04 4243.74 4245.19 4245.59 4245.09 4244.34 4243.7 4243.8 4245.23 4249.02 4256.27 4263.67 4271.11 4278.34 4274.36 4270.97 4268.68 4268.25 4257.25 4248.82
4423.28 4429.37 4437.8 4444.93 4450.35 4451.61 4449.68 4445.53 4437.93 4442.44 4448.65 4451.09 4447.11 4440.61 4432.46 4426.99 4425.54 4422.74 4418.58 4413.63 4405.86 4386.62 4363.17 4340.5 4317.58 4291.22 4268.83 4272.06 4277.35 4280.06 4281.69 4281.03 4279.34 4278.26 4275.82 4268.19 4261.2 4255.55 4252.36 4254.96 4259.32 4262.99 4264.55 4262.08 4257.44 4251.13 4248.04 4248.73 4248.47 4247.63 4246.84 4245.8 4244.56 4243.76 4243.54 4245.13 4249.52 4255.65 4262.2 4267.83 4270 4263.21 4265.1 4274 4274.45 4274.97 4259.75
4429.31 4436.72 4446 4456.95 4462.05 4460.79 4457.95 4456.11 4456.89 4462.72 4466.55 4453.91 4444.22 4437.42 4430.9 4423.07 4415.99 4409.52 4403.74 4399.27 4393.63 4372.18 4349.08 4328.7 4309.43 4287.26 4268.88 4266.1 4269.13 4270.28 4272.61 4272.85 4271.53 4268.01 4265.56 4262.98 4258.27 4254.11 4252.48 4254.79 4259.3 4265.05 4272.82 4274.2 4266.98 4259.04 4254.53 4255.66 4252.86 4250.6 4248.92 4247.23 4245.53 4243.99 4242.98 4243.28 4247.68 4255.06 4262.56 4264.87 4263.32 4262.14 4269.47 4280.92 4277.34 4271.85 4269.78
4419.76 4431.15 4449.37 4468.78 4472.69 4467.33 4462.8 4461.95 4466.81 4469.57 4461.55 4444.77 4434.48 4429.47 4426.51 4414.55 4403.44 4393.47 4384.5 4375.43 4363.34 4347.53 4328.33 4311.75 4300.62 4283.37 4271.68 4263.21 4262.95 4268.24 4265.92 4265.33 4264.93 4264.74 4262 4259.22 4256.3 4253.14 4252.45 4254.84 4258.68 4263.36 4268.63 4272.29 4272.48 4277.01 4267.92 4256.21 4254.68 4253.31 4251.1 4249.08 4247.15 4245.11 4243.7 4242.9 4247.4 4255.11 4261.5 4262.96 4261.61 4264.45 4273.1 4285.41 4279.63 4261.03 4255.11
4422.55 4428.38 4446.76 4464.54 4470.35 4466.58 4460.9 4456.54 4453.01 4445.07 4429.5 4419.57 4414.99 4413.43 4411.22 4398.9 4385.91 4373.76 4361.77 4349.72 4337.56 4320.64 4302.67 4286.15 4272.08 4262.95 4257.61 4255.28 4254.1 4253.02 4257.26 4258.21 4257.9 4257.41 4257.14 4256.28 4255.35 4253.98 4253.77 4255.44 4257.63 4259.76 4261.15 4265.08 4268.93 4271.65 4269.71 4263.81 4259.78 4256.65 4253.77 4251.86 4249.71 4247.6 4246.29 4248.88 4251.43 4256.75 4260.89 4263.38 4262.51 4261.61 4272.18 4278.6 4278.19 4263.8 4253.49
4419.57 4424.67 4440.68 4458.51 4466.29 4460.36 4452.35 4443.91 4434.78 4421.76 4398.67 4390.74 4390.34 4390.04 4388.18 4377.66 4365.78 4352.68 4338.21 4322.58 4305.56 4289.97 4276.69 4261.88 4247.96 4244.62 4244.69 4247.87 4250.11 4252.04 4252.57 4252.86 4252.37 4251.44 4252.59 4253.86 4255.21 4256.57 4256.15 4256.22 4257.02 4257.74 4258.31 4261.64 4263.99 4262.89 4268.12 4270.56 4264.2 4259.96 4257.36 4255.18 4252.95 4251.19 4249.01 4246.03 4252.99 4260.19 4268.98 4272.89 4269.79 4271.19 4276.08 4279.79 4283.38 4275.83 4263.55
4412.56 4416.4 4432.7 4449.29 4454.88 4448.43 4439.06 4428.02 4414.38 4397.62 4377.19 4369.16 4368.24 4364.05 4359.47 4355.59 4345.83 4332.43 4316.33 4297.98 4278.15 4263.21 4256.38 4250.13 4243.52 4239.28 4240.61 4244.84 4248.44 4249.87 4250.23 4249.31 4248.68 4249.13 4249.95 4251.91 4254.7 4257.27 4256.79 4256.39 4256.74 4257.62 4258.51 4261.9 4264.22 4264.34 4266.05 4266.2 4264.51 4262.26 4260.66 4258.84 4257.49 4256.25 4254.91 4254.61 4257.86 4262.94 4267.16 4269.08 4274.78 4279.18 4280.22 4281.39 4276.05 4275.8 4267.72
4417.48 4418.07 4429.78 4437.49 4438.56 4433.47 4424.64 4412.76 4396.48 4374.34 4360.25 4355.25 4356.07 4350.74 4344.93 4340.17 4329.97 4315.89 4298.57 4279.07 4258.91 4244.97 4242.98 4242.87 4240.61 4238.04 4239.55 4244.36 4250.53 4251.54 4249.45 4247.32 4245.11 4244.97 4247.52 4250.03 4252.36 4255.64 4255.37 4255.72 4256.43 4258.38 4262.15 4264.1 4266.99 4268.71 4265.87 4263.76 4263.19 4262.62 4262.52 4262.69 4262.64 4262.65 4262.73 4262.24 4263.67 4265.89 4268.7 4273.47 4277.49 4278.73 4278.9 4277.2 4264.33 4260.34 4256.48
4425.49 4432.7 4432.52 4428.81 4422.31 4419.35 4411.74 4401.47 4389.03 4375.48 4364.55 4357.62 4355.89 4354.11 4343.87 4332.31 4320.17 4305.21 4287.14 4267.44 4248.07 4235.14 4236.63 4237.71 4237.34 4235.43 4238.98 4243.4 4248.11 4249.87 4249.18 4247.29 4244.36 4244.18 4247.08 4249.42 4250.04 4249.56 4253.12 4254.37 4255.25 4256.25 4259.06 4264.77 4269.12 4267.5 4265.12 4262.15 4260.92 4262.29 4264.27 4266.21 4267.78 4268.83 4270.09 4270.87 4268.45 4268.25 4269.84 4272.61 4275.34 4282.44 4270.77 4257.12 4251.41 4251.47 4242.99
4423.31 4429.76 4427.06 4420.93 4419.23 4407.82 4399.62 4392.62 4386.36 4384.29 4381.92 4377.31 4360.01 4344.29 4338.28 4328.92 4315.74 4299.42 4281.25 4262.41 4244.6 4233.92 4237.65 4247.27 4243.53 4240.14 4240.83 4243.29 4245.03 4248.8 4250.57 4250.25 4248.35 4248.07 4249.6 4250.95 4252.32 4253.21 4252.96 4253.64 4254.24 4254.66 4256.77 4262.5 4271.1 4267.13 4254.41 4253.61 4257.14 4261.03 4265.1 4269.31 4272.61 4274.64 4274.14 4272.68 4270.93 4268.11 4265.57 4263.21 4260.93 4263.11 4256.04 4246.45 4248.7 4247.62 4237.77
4408.73 4413.48 4411.86 4403.59 4393.83 4389.34 4386.9 4384.21 4380.5 4375.82 4372.92 4372.27 4364.06 4349.8 4342.09 4330.34 4315.14 4298.11 4279.39 4260.86 4244.87 4236.04 4237.22 4244.62 4243.79 4242.47 4243.79 4246.15 4248.36 4251.82 4254.46 4255.88 4256.4 4255.01 4253.87 4252.98 4251.86 4252.28 4253.1 4253.57 4254.01 4254.62 4255.2 4256.11 4255.34 4251.79 4241.49 4247 4254.36 4260.76 4266.92 4272.6 4277.48 4281.1 4281.81 4278.54 4273.01 4266.66 4259.96 4252.85 4248.96 4241.11 4240.99 4238.21 4241.41 4240.99 4227.82
4380.98 4388.88 4390.16 4382.2 4370.55 4372.48 4376.42 4377.45 4376.21 4370.85 4367.09 4365.47 4371.22 4374.19 4353.56 4336.12 4318.02 4298.71 4279.24 4260.91 4244.45 4233.31 4232.19 4235.02 4239.45 4242.18 4246.28 4250.6 4254.5 4256.66 4259.27 4261.81 4263.47 4261.25 4258.2 4255.76 4254.27 4253.4 4253.45 4253.76 4254.35 4254.06 4253.32 4250.9 4246.27 4245.8 4246.63 4248.51 4254.26 4261.17 4268.44 4275.71 4282.99 4288.43 4290.69 4284.81 4274.71 4264.37 4254.79 4248.94 4244.3 4233.83 4231.32 4228.62 4232.67 4233.23 4225.64
4356.35 4362.15 4366.04 4365.61 4366.85 4368.19 4369.71 4373.6 4377.38 4380.26 4381.2 4376.98 4378.91 4374.26 4360.91 4341.79 4321.95 4301.73 4282.11 4263.3 4246.21 4232.95 4230.87 4235.51 4240.5 4244.77 4248.71 4253.13 4257.61 4260.23 4263.45 4266.34 4267.55 4265.35 4261.59 4257.68 4256.3 4254.21 4253.79 4253.76 4254.56 4257.16 4253.6 4249.5 4245.99 4245.35 4247.15 4250.07 4255.2 4262.34 4269.71 4277.62 4285.31 4292.6 4295.93 4287.46 4274.53 4260.98 4248.05 4235.58 4231.67 4226.65 4219.08 4210.26 4219.92 4226.48 4221.06
4342.65 4345.02 4348.58 4349.5 4353.9 4357.74 4362.52 4370.61 4379.75 4389.29 4396.43 4390.08 4390.07 4385.51 4366.5 4347.01 4326.4 4305.98 4286.45 4267.5 4251.11 4238.1 4234.58 4238.64 4246.03 4248.92 4250.54 4252.61 4256.59 4261.61 4266.35 4270.07 4271.26 4268.78 4264.55 4259.13 4252.62 4254.51 4254.25 4253.35 4252.29 4252.13 4252.33 4251.2 4247.47 4246.9 4247.03 4250.89 4255.67 4261.64 4268.51 4276.05 4284.47 4293.29 4296.46 4286.01 4271.52 4256.6 4242.01 4227.74 4224.52 4221.94 4221.51 4205.08 4210.25 4215.1 4209.7
4342.73 4338.08 4330.81 4332.17 4335.19 4341.19 4354.09 4366.3 4378.91 4391.59 4400.61 4396.68 4393.92 4386.29 4369.52 4350.17 4330.24 4310.07 4291.19 4273.37 4258.17 4247.09 4244.97 4248.66 4252.44 4252.15 4251.49 4252.45 4256.13 4262.08 4268.23 4273.39 4274.76 4271.51 4267.25 4263.72 4260.8 4257.09 4255.52 4253.95 4250.57 4245.78 4251.72 4255.65 4256.51 4250.95 4249.54 4251.83 4255.85 4260.62 4265.93 4271.98 4278.71 4286.96 4292.3 4279.05 4265.18 4251.02 4237.29 4227.38 4222.1 4213.35 4206.75 4202.51 4201.85 4202.72 4203.27
4348.65 4339.54 4320.62 4323.16 4327.15 4333.69 4348.84 4362.43 4375.27 4387.91 4398.8 4395.9 4394.19 4385.18 4369.41 4352.35 4334.6 4316.45 4298.43 4281.38 4266.73 4256.7 4255.82 4256.99 4256.74 4252.47 4250.18 4251.15 4254.99 4261.26 4268.68 4274.96 4276.11 4272.41 4267.8 4264.22 4261.2 4258.5 4257.15 4256.84 4256.33 4254.28 4254.58 4256.54 4256.49 4251.47 4250.62 4253.02 4255.54 4258.62 4261.6 4264.91 4267.92 4270.2 4270.18 4265.23 4256.13 4244.9 4231.94 4216.67 4208.1 4206.31 4202.82 4201.71 4201.1 4201.69 4203.04
4345.34 4340.33 4328.13 4327.75 4331.76 4339.76 4349 4359.62 4370.02 4379.43 4385.63 4382.51 4381.48 4376.04 4365.29 4352.16 4337.52 4320.99 4304.81 4288.86 4273.79 4261.99 4263.09 4258.34 4252.06 4248.59 4246.29 4246.28 4251.04 4258.3 4266.98 4276.02 4276.05 4270.65 4265.44 4261.52 4258.95 4257.56 4257.3 4258.72 4263.42 4264.04 4256.31 4252.65 4252.62 4251.39 4252.36 4254.73 4256.06 4257.26 4258.15 4258.39 4257.19 4253.47 4251.81 4251.8 4247.66 4240.52 4230.94 4217.88 4204.54 4204.77 4202.04 4200.93 4200.47 4201.18 4201.51
4333.12 4330.26 4335.5 4335.65 4337.74 4344.06 4350.69 4357.97 4365.01 4369.66 4369.63 4364.33 4361.03 4364.41 4359.82 4350.56 4339 4325.97 4312.09 4297.2 4281.67 4265.66 4253.1 4251.08 4245.71 4244 4242.01 4242.14 4246.58 4253.45 4261.28 4268.98 4269.99 4265.88 4260.84 4256.62 4255.14 4255.09 4255.32 4256.24 4257.19 4257.48 4254.24 4249.35 4252.79 4258.17 4257.62 4256.74 4256.02 4255.48 4254.47 4252.71 4249.5 4244.08 4242.26 4242.98 4241.46 4237.85 4233.41 4227.16 4213.61 4208.03 4204.18 4201.43 4200.34 4199.21 4200.09
4327.54 4326.7 4331.77 4334.79 4339.36 4346.71 4350.59 4356.23 4361.88 4364.88 4363.37 4361.25 4360.82 4361.43 4358.11 4351.34 4342.21 4331.8 4320.33 4307.7 4293.56 4277.53 4260.25 4253.79 4247.57 4243.61 4239.47 4237.93 4242.29 4248.09 4253.52 4256.75 4260.63 4260.59 4257.02 4249.14 4252.02 4252.56 4252.17 4251.95 4252.17 4252.51 4252.98 4253.62 4257.87 4263.9 4260.65 4257.78 4255.74 4253.75 4251.59 4248.61 4245.15 4241.26 4238.83 4237.76 4236.63 4235.11 4233.53 4229.87 4221.54 4210.99 4205.13 4203.08 4202.37 4200.56 4200.63
4329.16 4328.77 4330.33 4334.24 4338.52 4342.13 4347.73 4355.6 4362.15 4366.29 4368.22 4370.3 4371.4 4365.29 4359.75 4353.91 4347.03 4339.08 4330.34 4321.01 4310.22 4298.33 4283.26 4266.92 4256.65 4248.88 4241.4 4237.63 4240.14 4244.43 4248.79 4252.43 4255.54 4257.78 4258.17 4256.92 4252.95 4250.83 4248.97 4247.4 4246.27 4248.23 4251.33 4255.98 4257.05 4259.97 4258.31 4256.54 4254.29 4251.82 4248.93 4245.68 4242.28 4239.36 4236.22 4233.95 4232.27 4230.98 4230.63 4229.17 4222.12 4208.79 4202.16 4202.77 4202.5 4201.15 4200.65
4334.17 4335.73 4338.82 4341.36 4341.73 4338.27 4347.49 4359.11 4366.97 4372.41 4376.44 4380 4378.92 4368.03 4362.27 4357.88 4352.77 4347.16 4341.2 4335.11 4328.62 4321 4305.77 4289.82 4274.07 4258.61 4245.92 4239.98 4240.06 4242.78 4246.4 4250.21 4253.15 4256.07 4258.75 4258.49 4253.27 4249.29 4246.07 4243.36 4241.29 4244.16 4247.53 4250.24 4251.39 4251.21 4254.21 4253.88 4251.92 4249.04 4246.02 4242.37 4238.59 4235.79 4232.87 4230.2 4227.43 4224.72 4221.64 4218.05 4210.83 4204.74 4203.77 4203.03 4201.44 4200.71 4200.04
4341.35 4346.26 4348.37 4349.8 4353.41 4356.38 4362.09 4368.72 4374.85 4379.84 4384.03 4386.78 4371.12 4367.61 4365.23 4362.63 4358.55 4354.81 4351.56 4348.1 4344.75 4339.88 4320.51 4308.23 4291.44 4270.24 4250.08 4242.14 4242.33 4243.21 4244.6 4247.05 4250.52 4253.44 4255.62 4254.77 4250.95 4246.6 4242.97 4240.45 4239.18 4241.39 4244.71 4248.35 4251.85 4252.89 4252.78 4251.5 4249.38 4246.72 4243.82 4240.49 4235.96 4231.1 4229.85 4227.12 4223.39 4218.73 4213.86 4208.96 4205.05 4203.74 4203.08 4201.68 4200.38 4199.63 4199.2
4347.7 4355.54 4360.5 4365.39 4370.34 4374.82 4378.18 4380.86 4384.13 4387.4 4389.9 4390.65 4380.48 4372.91 4368.9 4365.8 4363.92 4360.92 4359.56 4358.16 4356.87 4354.13 4335.73 4322.75 4305.82 4284.59 4264.35 4252.7 4248.4 4245.84 4244.25 4245.22 4248.46 4251.14 4252.23 4250.72 4247.11 4242.69 4238.89 4237.11 4237.43 4238.37 4242.42 4248.16 4254.43 4255.02 4251.96 4249.15 4246.77 4244.31 4242 4239.39 4236.42 4232.96 4229.43 4225.58 4220.8 4214.84 4207.88 4204.77 4203.72 4203.56 4202.54 4200.75 4199.11 4198.27 4197.83
