real_craters/C197-500m.grd
DSAA
391 391
-97.475 97.475
-97.475 97.475
2616.0072307608 5225.6885318659
[rows 120 to 149 of 391, columns 67 to 133 of 391]
4089.61 4090.14 4089.77 4090.06 4090.71 4091.52 4092.2 4093.19 4094.91 4097.19 4099.92 4102.37 4104.72 4107.33 4109.85 4109.99 4109.85 4111.75 4106.53 4100.31 4097.55 4098.02 4099.95 4102.24 4105.01 4107.85 4109.63 4110.3 4108.73 4107.66 4103.68 4100.02 4097.91 4096.12 4095.34 4093.54 4091.73 4090.34 4088.7 4087.27 4086.7 4086.71 4087.21 4087.59 4087.43 4087.38 4087.8 4087.31 4088.95 4097.1 4107.59 4119.43 4131.74 4143.1 4150.21 4148.6 4147.26 4151.7 4158.43 4162.32 4157.73 4152.99 4159.18 4156.97 4155.47 4153.85 4146.97
4089.69 4088.79 4089.23 4090.77 4092.12 4092.34 4093.44 4094.69 4096.52 4098.35 4100.53 4102.73 4104.35 4105.84 4106.45 4107.94 4109.41 4114.12 4117.73 4105.85 4099.01 4099.45 4101.69 4104.48 4107.92 4110.97 4114.4 4116 4119.72 4113.04 4107.31 4102.17 4099.86 4099.34 4096.39 4094.5 4092.62 4090.53 4088.85 4087.97 4087.48 4088 4088.73 4089.38 4089.82 4089.88 4089.83 4088.65 4090.53 4097.54 4107.18 4118.28 4131.48 4147.84 4160.71 4152.85 4150.12 4155.92 4161.8 4164.55 4164.5 4165.21 4161.91 4161.19 4159.83 4155.81 4147.27
4090.47 4088.6 4089.46 4092.11 4094.4 4096.46 4095.73 4096.39 4098.55 4100.63 4102.13 4103.59 4104.51 4105.32 4106.19 4106.86 4106.73 4106.64 4119.42 4109.75 4099.91 4100.44 4103.16 4107.04 4111.28 4115.4 4119.11 4120.42 4116.51 4121.6 4112.24 4105.59 4100.89 4097.73 4096.09 4095.26 4094.44 4091.91 4091.69 4089.29 4088.39 4089.31 4090.3 4091.36 4092.5 4092.92 4090.83 4088.7 4090.73 4097.7 4105.66 4114.9 4125.54 4137.34 4147.83 4153.14 4155.55 4159.33 4163.93 4167.61 4168.75 4167.04 4162.55 4165.52 4164.62 4158.38 4150.27
4092.23 4092.14 4093.22 4093.99 4096.59 4098.74 4098.73 4099.92 4100.68 4102.55 4104.02 4105.18 4105.6 4105.29 4105.34 4106.97 4108.11 4109.36 4113.67 4108.86 4100.55 4102.85 4105.94 4109.71 4113.93 4118.64 4123.69 4129.08 4132.54 4127.46 4115.56 4107.83 4101.78 4096.97 4095.76 4095.79 4096.95 4097.16 4090.57 4090.08 4090.66 4090.79 4091.49 4092.89 4094.61 4096.04 4092.44 4090.73 4094.44 4097.82 4102.67 4108.86 4115.58 4121.64 4128.04 4140.94 4152.99 4159.68 4165.16 4168.31 4170.5 4175.82 4173.27 4173.45 4173.88 4169.15 4152.5
4093.24 4092.09 4091.63 4095 4097.79 4100.07 4100.8 4100.87 4103.26 4105.36 4106.46 4107.75 4107.89 4107.84 4108.38 4109.35 4110.95 4112.46 4113.36 4109.79 4110.84 4107.46 4109.14 4112.94 4117.16 4121.79 4126.79 4133.73 4139.09 4131.88 4125.42 4113.2 4103.09 4096.64 4095.46 4095.43 4095.92 4096 4092.08 4091.14 4092.47 4091.5 4092.31 4093.36 4094.91 4097.44 4094.07 4094.7 4095.95 4096.85 4099.41 4102.28 4105.2 4106.44 4105.54 4124.3 4141.5 4155.57 4167.36 4170.45 4169.64 4171.6 4177.77 4179.86 4182.44 4183.06 4161.02
4093.73 4093.48 4094.54 4096.07 4098.41 4100.26 4102.47 4106.5 4107.58 4109.05 4109.85 4110.37 4110.7 4111.1 4111.09 4111.46 4112.24 4113.33 4121.16 4119.31 4109.58 4110.32 4112.78 4115.94 4119.61 4123.05 4126.35 4127.17 4124.63 4122.27 4122.03 4113.24 4103.48 4097.9 4096.92 4095.62 4092.64 4091.98 4091.16 4090.27 4089.59 4091.6 4092.59 4092.71 4092.22 4090.53 4088.43 4087.05 4091.27 4093.45 4095.56 4097.15 4098.18 4098.03 4098.73 4103.39 4124.42 4145.71 4170.62 4170.15 4164.15 4161.28 4175.55 4183 4188 4187.64 4173.19
4094.27 4094.51 4095.69 4096.8 4098.88 4100.49 4103.77 4109.15 4112.24 4113.11 4113.36 4112.72 4112.59 4113.11 4113.57 4112.56 4112.3 4112.22 4114.78 4123.46 4116.62 4114.04 4115.78 4118.01 4120.72 4122.78 4123.91 4123.03 4119.48 4114.36 4109.85 4109.84 4106.25 4102.12 4101.45 4099.47 4094.81 4089.58 4090.87 4091.59 4092.27 4092.86 4093.17 4092.11 4089.85 4086.33 4084.5 4086.62 4089.21 4090.88 4092.28 4093.76 4094.14 4094.35 4095.16 4101.82 4115.64 4132.38 4144.1 4153.7 4155.69 4159.78 4174.52 4184.17 4191.54 4191.66 4180.96
4094.47 4095.02 4095.96 4097.52 4099.75 4101.18 4107.6 4113.71 4118 4117.06 4115.96 4114.73 4113.66 4112.59 4112.65 4113.39 4113.87 4113.24 4115.77 4119.28 4118.38 4117.41 4118.46 4119.56 4121.37 4123.01 4123.41 4121.87 4116.58 4111.09 4109.43 4110.41 4112.46 4111.34 4107.97 4107.05 4104.9 4092.33 4093 4094.57 4092.9 4095.99 4095.34 4092.48 4088.85 4085.43 4084.79 4087.5 4088.56 4089.99 4091.22 4092.43 4092.99 4092.72 4094.91 4100.8 4109.43 4121.48 4132.75 4143.59 4152.05 4156.88 4170.13 4182.99 4192.44 4198.71 4175.17
4095.44 4096.15 4096.93 4098.73 4100.58 4102.39 4106.16 4117.95 4120.48 4118.85 4118.19 4117.23 4115.55 4113.6 4114.09 4114.71 4115.36 4116.31 4116.25 4119.65 4119.8 4119.62 4120.22 4120.84 4121.91 4123.28 4124.26 4123.6 4115.13 4111.25 4111.43 4113.03 4113.37 4112.74 4112.15 4113.34 4117.08 4108.92 4095.57 4086.87 4099.86 4103.87 4098.3 4093.62 4089.32 4085.42 4082.98 4085.38 4086.79 4089.09 4090.89 4092.29 4092.23 4093.11 4093.71 4096.15 4103.43 4112.44 4125.83 4137.03 4151.9 4165.42 4171.34 4181.54 4192.15 4201.42 4197.53
4096.58 4098.08 4100.06 4103.13 4104.44 4106 4107.3 4109.67 4114.6 4118.77 4120.72 4121.42 4119.42 4115.13 4116.92 4117.31 4116.15 4115.91 4118.22 4118.68 4123.72 4123.96 4122.17 4121.98 4123.19 4123.33 4124.63 4125.74 4125.76 4122.39 4120.96 4118.53 4115.89 4114.15 4114.12 4114.58 4116.49 4112.32 4101.64 4090.18 4098.53 4102.9 4099.23 4095.36 4091.15 4086.98 4083.95 4085.03 4086.64 4088.31 4090.72 4092.6 4093.82 4095.24 4095.22 4098.44 4099.73 4105.77 4114.57 4130.59 4150.8 4163.23 4169.68 4177.04 4189.38 4199.11 4209.15
4098.09 4100.31 4103.22 4107.66 4115.18 4115.33 4112.95 4112.17 4114.96 4121.17 4125.99 4127.89 4128.1 4126.93 4124.75 4123.37 4119.94 4118.14 4117.02 4123.47 4124.11 4120.54 4121.16 4122.94 4123.86 4124.35 4124.15 4123.81 4126.43 4138.23 4133.19 4124.79 4118.03 4116.16 4115.09 4112.75 4108.7 4117.42 4111.56 4106.43 4103.72 4099.81 4100.11 4098.04 4094.47 4090.43 4087.34 4087.36 4087.79 4089.19 4091.3 4093.18 4095.22 4097.96 4100.57 4097.68 4098.36 4102.48 4110.07 4122.13 4138.8 4152.58 4158.9 4169.23 4182.66 4193.73 4202.55
4098.47 4101.67 4106.88 4114.78 4122.11 4125.7 4125.58 4124.53 4120.39 4130.83 4134.83 4136.33 4137.09 4134.08 4133.67 4130.62 4131.81 4124.97 4122.16 4121.22 4124.72 4116.97 4121.84 4125.51 4127.69 4127.62 4125.76 4125.5 4129.83 4137.2 4135.6 4128.73 4121.66 4119.94 4117.29 4113.64 4111.85 4119.58 4120.48 4122.87 4116.85 4107.35 4105.66 4103.27 4099.28 4094.83 4091.02 4088.25 4087.78 4090.65 4093.04 4095.24 4096.63 4099.09 4102.37 4097.34 4100.12 4101.65 4104.72 4112.62 4118.64 4131.27 4143 4164.61 4183.57 4193.85 4198.99
4097.81 4101.09 4108.41 4119.76 4125.66 4134.31 4138.3 4140.56 4147.46 4145.66 4144.32 4144.56 4145.94 4146.03 4141.97 4135.69 4124.41 4127.43 4124.61 4119.77 4120.54 4131.49 4127.68 4132.59 4135.36 4134.5 4131.52 4128.66 4131.41 4128.92 4130.78 4131.21 4128.73 4126.7 4123.07 4119.21 4119.11 4120.82 4124.79 4129.49 4127.04 4119.78 4113.99 4111.06 4106.63 4101.26 4095.7 4092.97 4092.27 4095.51 4096.31 4097.14 4097.32 4097.84 4099.78 4103.37 4109.96 4115.51 4114.42 4110.9 4111.15 4128.34 4155.24 4183.38 4196.1 4205.14 4212.54
4096.6 4099.19 4101.15 4102.82 4125.28 4136.62 4144.18 4164.53 4168.44 4155.94 4151.08 4149.76 4150.63 4153.64 4150.77 4146.98 4144.73 4140.92 4132.51 4139.87 4131.18 4120.44 4135.68 4146.12 4149.05 4146.34 4141.11 4136.44 4129.04 4123.73 4129.64 4136.32 4140.31 4137.25 4133.55 4126.86 4119.28 4123.39 4127.98 4130.38 4128.32 4125.37 4124.69 4121.28 4116.34 4110.01 4101.71 4103.96 4111.88 4103.47 4102.24 4100.8 4098.45 4096.18 4096.8 4109.49 4119.38 4131.37 4125.39 4114.47 4108.63 4130.75 4169.51 4203.88 4236.64 4239.56 4232.75
4095.09 4097.12 4099 4101.65 4121.1 4130.21 4132.75 4136.3 4142.79 4150.99 4153.35 4152.75 4150.34 4155.17 4164.57 4166.63 4167.39 4172.63 4168.19 4153.61 4144.81 4154.99 4164.74 4169.37 4168.7 4162.7 4151.34 4137.7 4133.14 4131.7 4131.5 4136.05 4144.11 4148.04 4150.44 4145.77 4130.37 4133.07 4135.02 4134.21 4134.75 4139.84 4137.81 4132.28 4127.43 4123.78 4121.08 4121.05 4107.55 4109.64 4111.12 4106.55 4103.06 4096.15 4091.62 4105.33 4114.45 4122.32 4124.66 4119.8 4117.91 4131.76 4153.36 4179.87 4209.46 4231.54 4235.32
4095.32 4098.89 4103.44 4112.07 4109.56 4109.8 4120.65 4119.15 4132.94 4152.31 4157.33 4158.99 4160.12 4171.3 4189.2 4200.44 4207.41 4216.64 4218.94 4192.59 4172.48 4189.17 4200.43 4198.89 4193.1 4185.41 4173 4149.84 4132.49 4133 4137.35 4133.93 4140.95 4161.38 4174.85 4181.29 4169.2 4156.2 4147.96 4140.89 4137.16 4145.52 4147.21 4141.04 4136.67 4135.8 4144.62 4147.12 4136.54 4131.35 4123.38 4116.43 4109.46 4100.51 4090.52 4090.24 4098.77 4119.07 4123.26 4126.54 4132.71 4133.2 4136.59 4143.65 4183.48 4211.71 4221.42
4097.17 4100.84 4107.19 4117.55 4129.14 4123.78 4126.23 4134.66 4153.86 4164.61 4162.71 4163.83 4179.56 4194.37 4217.44 4242.93 4253.1 4253.98 4258.92 4239.38 4215.89 4227.01 4235.64 4223.27 4214.31 4208.27 4202.83 4175.47 4159.42 4158.67 4156.94 4155.71 4163.21 4181.94 4201.54 4213.03 4201.3 4180 4161.79 4149.23 4142.69 4147.27 4148.13 4144.3 4142.18 4140.02 4140.93 4151.25 4153.08 4146.71 4135.27 4126.64 4120.67 4114.91 4107.62 4094.57 4098.35 4120.14 4135.83 4135.79 4131.47 4138.08 4144.07 4166.44 4208.43 4213.55 4217.99
4101.73 4104.54 4110.41 4121.14 4140.79 4137.11 4132.91 4140.27 4157.77 4169.58 4163.1 4155.22 4157.53 4190.77 4236.48 4281.84 4287.18 4268.24 4255.59 4262.76 4249.07 4244.74 4242.24 4232.2 4225.01 4221.46 4214.14 4189.76 4189.88 4186.99 4178.83 4181.52 4186.92 4199.81 4220.98 4244.27 4221.72 4191.92 4170.99 4156.52 4147.76 4144.73 4145.66 4145.55 4144.81 4143.67 4141.07 4138.83 4143.72 4144.38 4139.82 4138.19 4136.98 4135.95 4133.83 4127.1 4130.41 4158.35 4168.25 4164.24 4155.69 4152.93 4152.27 4161.92 4191.32 4212.11 4228.9
4105.96 4106.43 4110.33 4119.56 4129.38 4130.69 4129.96 4129.77 4137.16 4163.34 4163.44 4145.97 4131.38 4181.15 4240.04 4293.64 4295.31 4268.62 4246.88 4252.53 4241.55 4237.67 4235.44 4225.94 4223.29 4225.38 4227.26 4198.83 4197.23 4195.18 4187.28 4186.68 4192.27 4203.8 4219.73 4231.28 4211.45 4191.16 4173.13 4159.39 4151.1 4147.63 4147.62 4148.32 4150.3 4151.47 4148.24 4139.48 4137.21 4140.97 4144.18 4150.69 4157.81 4164.1 4172.94 4193.83 4225.76 4225.18 4214.31 4202.59 4190.57 4175.6 4161.36 4149.81 4170.53 4210.79 4242.03
4111.18 4110.84 4110.06 4109.63 4128.15 4128.84 4127.42 4126.37 4134 4192.23 4174.61 4153.61 4145.55 4187.61 4237.93 4272 4281.91 4266.37 4251.02 4241.48 4224.53 4228.53 4213.99 4214.96 4212.93 4212.31 4224.57 4200.04 4202.54 4193.47 4184.41 4178.42 4186.63 4197.21 4205.06 4205.41 4196.59 4183.79 4170.3 4158.17 4148.7 4143.77 4140.49 4154.55 4158.74 4158.21 4156.2 4144.6 4140.55 4137.91 4151.73 4167.42 4181.56 4195.18 4210.28 4230.73 4254.79 4266.88 4252.48 4234.03 4218.9 4203.59 4186.57 4166.07 4181.47 4229.5 4267.15
4115.84 4114.69 4114.26 4114.75 4127.53 4126.85 4125.88 4131.98 4158.64 4189.31 4171.1 4163.61 4178.29 4200.56 4241.95 4278.49 4280.98 4269.51 4254.18 4242.86 4246.95 4247.53 4228.3 4214.25 4202.88 4186.54 4168.6 4189.19 4177.4 4182.84 4179.22 4177.4 4182.35 4190.36 4194.84 4190.58 4185.18 4176.55 4165.98 4156.06 4148.19 4149.47 4164.66 4172.35 4175.19 4171.1 4178.53 4192.95 4185.89 4157.65 4172.12 4191.27 4209.71 4227.11 4243.13 4257.53 4270.49 4288.22 4282.06 4273.6 4254.39 4237.34 4228.03 4223.87 4236.23 4266.22 4300.7
4121.93 4117.06 4114.34 4129.34 4126.8 4118.57 4119.95 4125.62 4130.15 4129.73 4140.78 4148.72 4165.31 4198.57 4239.85 4282.14 4279.64 4275.99 4270.11 4264.26 4265.64 4267.09 4239.02 4219.89 4203.37 4184.34 4172.08 4183.17 4181.68 4181.93 4176.07 4171.82 4178.86 4186.99 4192.74 4189.65 4180.18 4171.37 4163.34 4156.54 4153.81 4160.97 4181.12 4195.95 4202.57 4211.55 4218.43 4229.82 4226.16 4211.19 4214.14 4222.91 4235.78 4260.18 4270.34 4284.69 4311.41 4321.71 4302.73 4284.51 4275.52 4268.51 4266.26 4268.63 4279.58 4302.75 4333.6
4129.66 4115.93 4105.42 4094.52 4104.37 4102.33 4111.76 4121.49 4121.41 4118.2 4136.89 4142.95 4152.82 4191.88 4223.39 4253.64 4268.85 4268.55 4273.19 4270.22 4256.79 4265.14 4252.42 4233 4213.2 4196.68 4187.85 4192.23 4203.88 4194.52 4181.56 4172.7 4180.27 4186.96 4192.29 4192.33 4179.66 4171.08 4164.66 4160.2 4159.35 4168.87 4197.77 4216.6 4228.14 4236.52 4253.13 4263 4266.82 4269.22 4263.08 4258.19 4256.02 4251.39 4272.73 4296.08 4329.37 4329.73 4314.21 4295.13 4288.04 4288.81 4293.26 4300.21 4312.02 4328.72 4361.02
4114.79 4108.15 4104.7 4102.33 4091.57 4094.76 4108.28 4126.98 4158.73 4182.93 4185 4194.13 4199.9 4200.91 4206.68 4224.67 4269.06 4296.9 4298.29 4289.5 4279.44 4277.11 4264.49 4244.76 4225.1 4207.34 4188.97 4193.2 4214.87 4210.22 4199.84 4192.65 4191.11 4190.68 4189.69 4184.94 4177.71 4173.48 4170.32 4168 4167.89 4173.05 4199.24 4226.93 4252.11 4271.67 4284.48 4298.45 4310.06 4307.34 4301.64 4292.81 4283.72 4281.63 4283.53 4296.82 4314.88 4337.91 4322.44 4299.95 4299.38 4302.94 4306.17 4309.82 4313.34 4333.54 4373.36
4091.84 4098.07 4099.8 4099.46 4093.76 4094.13 4106.24 4123.54 4144.35 4169.01 4194.8 4217.38 4224.48 4217.73 4207.73 4226.73 4281.33 4326.27 4323.97 4308.94 4291.99 4283.86 4268.28 4249.41 4233.66 4226.62 4215.62 4219.79 4229.32 4225.88 4222.24 4216.1 4207.64 4198.05 4183.07 4168.14 4174.45 4178.37 4179.2 4179.27 4181.75 4194.38 4223.76 4262.46 4280.98 4292.12 4313.77 4328.08 4337.08 4342.45 4340.66 4329.14 4311.01 4295.58 4299.41 4302.08 4318.89 4353.61 4331.63 4313.59 4309.96 4313.86 4318.81 4317.48 4286.41 4318.51 4375.99
4085.73 4094.45 4098.35 4099.46 4097.4 4095.83 4106.93 4117.88 4126.04 4137.57 4179.5 4223.81 4239.12 4240.11 4242.1 4255.8 4293.39 4325.1 4324.2 4314.07 4301.66 4285.58 4267.36 4241.26 4236.21 4236.16 4239.31 4228.57 4231.41 4239.26 4240.55 4235.58 4225.97 4213.29 4194.56 4176.93 4185.85 4191.62 4194.65 4197.09 4199.36 4202.91 4239.63 4289.35 4309.74 4329.44 4345.43 4358.04 4364.55 4376.54 4379.35 4371.27 4356.57 4336.55 4330.46 4327.87 4327.77 4342.88 4331.67 4319.74 4315.45 4316.04 4321.5 4325.26 4274.77 4312.15 4368.49
4088.66 4099.21 4108.37 4104.6 4103.3 4109.68 4114.57 4118.07 4121.75 4131.59 4153.1 4209.05 4236.66 4258.75 4280.14 4289.04 4294 4307.12 4305.51 4302.64 4297.93 4295.16 4266.91 4244.93 4238.43 4229.61 4224.29 4218.21 4233.58 4252.01 4268.42 4258.76 4242.81 4232.33 4231.8 4218.87 4212.84 4212.44 4215.06 4219.89 4227.14 4238.69 4265.33 4289.55 4329.03 4357.22 4373.69 4389.17 4403.45 4417.08 4422.76 4410.5 4402.36 4396.77 4366.19 4362.05 4357.4 4327.16 4328.02 4320.82 4311.31 4313.09 4315.92 4309.64 4312.7 4327.76 4356.28
4094.13 4104.14 4116.13 4111.51 4111.97 4120.7 4120.67 4123.75 4129.65 4138.11 4152.1 4164.01 4218.57 4266.94 4301.19 4301.16 4282.55 4266.98 4279.52 4283.7 4285.81 4268.69 4259.8 4258.15 4247.71 4236.57 4251.17 4254.88 4251.93 4258.19 4264.72 4261.47 4249.85 4240.54 4239.65 4246.56 4234.77 4232.07 4235.72 4244.28 4259.46 4285.06 4311.2 4328.6 4352.52 4375.13 4396.61 4414.73 4436.74 4451.72 4445.1 4433.89 4408.03 4383.3 4372.28 4363.63 4365.98 4358.69 4314.24 4295.08 4298.99 4308.83 4316.65 4322.08 4328.11 4330.88 4329.35
4097.44 4103.75 4107.35 4105.3 4107.69 4114.12 4122.27 4130.53 4143.72 4161.8 4181.45 4166.45 4213.58 4267.58 4318.74 4297.37 4270.1 4258.35 4258.79 4262.06 4256.64 4247.09 4241.07 4253.68 4254.81 4248.94 4248.16 4259.64 4254.08 4254.86 4257.07 4255.17 4248.66 4240.77 4234.68 4242.35 4243.57 4245.39 4251.88 4264.94 4281.79 4301.59 4319.51 4344.25 4380.61 4403.39 4409.94 4423.17 4445.99 4466.52 4471.52 4457.05 4421.58 4391.28 4367.63 4343.37 4357.63 4365.07 4275.85 4261.12 4289.71 4309.1 4319.52 4317.76 4309.11 4300.18 4311.78
4097.21 4105.03 4099.44 4095.63 4103.28 4115.64 4121.44 4135.57 4155.86 4183.28 4212.53 4210.57 4219.38 4246.94 4278.65 4263.4 4236.58 4228.91 4240.52 4248.26 4248.46 4250.05 4257.52 4253.87 4249.69 4245.85 4227.25 4231.85 4239.99 4243.11 4248.58 4246.6 4245.08 4242.79 4237.33 4240.62 4248.12 4255.84 4265.34 4278.81 4296.46 4314.94 4332.68 4353.88 4392.75 4406.37 4405.05 4411 4415.79 4425.26 4474.14 4465.81 4430.67 4395.54 4367.39 4344.79 4340.86 4335.37 4293.71 4284.11 4299.71 4315.19 4333.94 4331.16 4304.14 4287.78 4289.44
