real_craters/C197-750m.grd
DSAA
261 261
-97.475 97.475
-97.475 97.475
2617.1004666881 5212.2697043572
[rows 190 to 227 of 261, columns 168 to 251 of 261]
4162 4171 4179 4179 4175 4163 4164 4169 4170 4172 4179 4184 4199 4214 4230 4244 4252 4266 4278 4277 4289 4279 4258 4251 4255 4257 4228 4238 4158 4232 4274 4287 4260 4244 4242 4233 4208 4189 4165 4164 4194 4225 4237 4184 4176 4160 4151 4152 4153 4175 4164 4170 4181 4180 4172 4170 4166 4154 4155 4166 4191 4207 4215 4221 4226 4230 4227 4220 4201 4179 4188 4175 4160 4141 4122 4104 4093 4088 4087 4085 4087 4087 4090 4091
4155 4159 4174 4171 4167 4156 4158 4162 4165 4166 4166 4180 4196 4211 4219 4224 4233 4262 4280 4254 4271 4257 4231 4205 4196 4269 4197 4198 4199 4221 4270 4280 4258 4242 4238 4223 4198 4168 4143 4159 4173 4190 4196 4181 4164 4150 4152 4157 4156 4158 4159 4159 4166 4169 4170 4167 4169 4157 4157 4165 4176 4196 4210 4218 4225 4227 4226 4225 4215 4208 4200 4180 4156 4129 4108 4091 4085 4082 4084 4086 4087 4089 4091 4092
4160 4156 4168 4156 4153 4165 4160 4158 4162 4164 4165 4181 4197 4211 4219 4220 4225 4260 4258 4230 4213 4201 4201 4204 4182 4186 4195 4199 4202 4209 4254 4249 4254 4259 4237 4231 4205 4168 4150 4161 4157 4156 4162 4160 4147 4146 4155 4162 4161 4160 4160 4160 4164 4168 4176 4175 4172 4163 4170 4175 4185 4197 4209 4217 4224 4232 4231 4225 4217 4218 4213 4186 4153 4123 4102 4087 4080 4077 4078 4083 4087 4090 4091 4091
4156 4159 4154 4152 4151 4150 4153 4155 4159 4167 4174 4188 4202 4219 4231 4240 4244 4244 4244 4217 4170 4148 4172 4199 4200 4189 4187 4193 4209 4202 4170 4192 4218 4225 4209 4185 4179 4167 4158 4158 4151 4155 4154 4152 4145 4151 4158 4164 4162 4159 4156 4159 4164 4168 4174 4188 4191 4179 4183 4191 4197 4205 4212 4216 4219 4221 4227 4224 4209 4204 4198 4175 4144 4119 4096 4080 4077 4078 4076 4078 4083 4088 4088 4090
4162 4155 4162 4170 4165 4152 4145 4150 4158 4168 4177 4191 4207 4228 4251 4274 4299 4244 4243 4209 4164 4152 4149 4149 4177 4191 4187 4193 4184 4170 4174 4153 4159 4172 4176 4166 4164 4163 4156 4148 4145 4151 4149 4147 4146 4148 4154 4166 4174 4188 4169 4183 4163 4165 4180 4192 4187 4192 4189 4204 4214 4216 4218 4218 4218 4219 4224 4222 4201 4184 4169 4157 4132 4102 4093 4083 4080 4082 4080 4077 4073 4078 4081 4085
4165 4162 4168 4180 4179 4169 4145 4151 4161 4171 4173 4190 4213 4233 4259 4290 4307 4297 4209 4192 4153 4140 4148 4152 4150 4154 4166 4158 4176 4164 4162 4160 4144 4148 4166 4172 4167 4165 4155 4147 4145 4147 4147 4145 4144 4143 4152 4173 4203 4206 4212 4151 4154 4164 4180 4198 4202 4210 4210 4218 4226 4227 4226 4225 4222 4221 4226 4227 4207 4183 4170 4157 4133 4111 4096 4088 4086 4087 4086 4082 4078 4070 4073 4080
4168 4158 4164 4174 4172 4168 4151 4155 4165 4177 4187 4203 4214 4230 4250 4273 4302 4213 4170 4156 4140 4131 4137 4128 4140 4150 4164 4152 4151 4160 4166 4157 4151 4157 4169 4179 4167 4148 4154 4148 4146 4148 4145 4143 4140 4144 4156 4177 4204 4211 4225 4171 4156 4167 4182 4202 4210 4209 4226 4233 4237 4238 4235 4233 4231 4231 4229 4222 4192 4181 4173 4158 4131 4110 4098 4092 4092 4095 4089 4083 4078 4060 4070 4081
4179 4168 4161 4148 4152 4148 4149 4158 4169 4181 4191 4201 4210 4215 4222 4221 4199 4160 4139 4136 4131 4126 4130 4131 4130 4129 4150 4161 4149 4152 4165 4138 4146 4156 4165 4172 4164 4158 4147 4142 4147 4152 4156 4145 4141 4144 4150 4170 4194 4208 4210 4171 4162 4174 4185 4199 4219 4230 4241 4252 4253 4250 4245 4239 4230 4227 4224 4209 4183 4179 4176 4157 4126 4107 4098 4094 4095 4098 4092 4080 4089 4076 4069 4074
4183 4189 4169 4156 4149 4150 4159 4163 4173 4185 4194 4199 4206 4203 4191 4176 4147 4139 4126 4118 4118 4128 4126 4124 4128 4129 4128 4145 4146 4148 4151 4155 4158 4156 4152 4149 4154 4152 4137 4142 4154 4162 4164 4149 4149 4148 4154 4158 4155 4168 4173 4168 4174 4184 4191 4199 4211 4227 4251 4269 4266 4262 4256 4248 4238 4229 4220 4206 4186 4179 4169 4149 4117 4101 4097 4097 4099 4099 4101 4107 4107 4090 4070 4079
4197 4196 4174 4159 4155 4152 4155 4163 4174 4189 4204 4217 4207 4188 4168 4142 4118 4124 4124 4118 4105 4116 4126 4122 4127 4128 4130 4130 4140 4146 4150 4146 4149 4146 4141 4141 4145 4147 4143 4137 4157 4162 4158 4153 4147 4152 4155 4157 4159 4162 4166 4172 4180 4189 4194 4202 4211 4223 4243 4256 4271 4270 4266 4260 4244 4237 4224 4204 4190 4184 4173 4156 4120 4104 4098 4094 4093 4095 4098 4111 4105 4102 4074 4083
4175 4186 4175 4163 4147 4150 4150 4160 4173 4189 4209 4237 4208 4174 4146 4121 4099 4098 4121 4118 4112 4107 4113 4126 4129 4136 4135 4137 4140 4143 4153 4146 4142 4139 4138 4139 4142 4147 4145 4145 4152 4157 4158 4156 4163 4161 4161 4164 4166 4169 4171 4175 4181 4188 4191 4194 4209 4224 4241 4270 4275 4275 4273 4271 4267 4250 4232 4217 4202 4196 4191 4169 4138 4116 4101 4089 4082 4086 4086 4082 4081 4072 4074 4083
4171 4173 4179 4174 4172 4155 4150 4157 4169 4182 4196 4206 4189 4163 4137 4113 4091 4083 4100 4109 4111 4115 4112 4120 4131 4141 4145 4143 4145 4146 4146 4140 4140 4138 4138 4139 4139 4147 4151 4154 4150 4157 4157 4167 4178 4185 4183 4179 4173 4170 4176 4182 4183 4185 4191 4201 4214 4224 4241 4267 4269 4270 4273 4275 4268 4253 4234 4220 4216 4201 4181 4162 4147 4121 4101 4087 4078 4080 4079 4073 4071 4069 4073 4083
4165 4169 4175 4171 4160 4156 4152 4155 4164 4173 4178 4179 4173 4154 4134 4113 4092 4081 4085 4099 4101 4113 4117 4112 4120 4131 4138 4152 4151 4149 4148 4147 4145 4143 4139 4140 4144 4146 4150 4147 4147 4152 4156 4163 4185 4214 4208 4191 4179 4174 4179 4185 4187 4187 4195 4205 4212 4219 4232 4247 4255 4259 4267 4277 4275 4251 4228 4207 4198 4193 4175 4151 4132 4118 4100 4085 4080 4080 4080 4081 4081 4085 4086 4086
4174 4170 4161 4159 4157 4156 4151 4155 4161 4164 4168 4176 4166 4152 4131 4115 4098 4083 4076 4084 4094 4108 4112 4113 4116 4123 4133 4151 4156 4156 4155 4156 4160 4152 4145 4142 4145 4157 4154 4148 4150 4148 4153 4166 4184 4215 4206 4190 4182 4181 4156 4183 4190 4190 4196 4207 4216 4218 4224 4230 4236 4243 4248 4253 4258 4235 4214 4195 4183 4178 4157 4142 4129 4111 4096 4084 4076 4082 4082 4083 4083 4082 4085 4086
4178 4173 4158 4163 4160 4163 4166 4164 4159 4158 4157 4156 4150 4145 4134 4124 4110 4096 4095 4085 4093 4096 4094 4106 4119 4132 4142 4162 4170 4163 4165 4194 4183 4165 4147 4142 4146 4155 4151 4149 4150 4149 4150 4175 4174 4167 4179 4178 4173 4153 4158 4177 4191 4195 4201 4212 4219 4217 4210 4214 4218 4224 4224 4220 4214 4212 4202 4191 4189 4173 4159 4146 4116 4105 4092 4081 4078 4082 4082 4082 4083 4084 4085 4085
4182 4178 4177 4182 4181 4170 4164 4160 4155 4153 4152 4152 4148 4147 4142 4135 4127 4113 4100 4094 4098 4092 4080 4091 4113 4135 4153 4174 4188 4173 4153 4179 4209 4206 4152 4137 4148 4146 4146 4145 4146 4149 4151 4148 4158 4159 4165 4165 4160 4157 4173 4170 4193 4199 4203 4213 4217 4224 4207 4203 4204 4206 4207 4201 4201 4198 4192 4182 4164 4159 4133 4100 4115 4096 4084 4077 4078 4079 4081 4082 4083 4083 4084 4083
4164 4170 4171 4180 4179 4168 4157 4148 4150 4151 4152 4156 4157 4156 4152 4150 4147 4132 4113 4098 4089 4088 4086 4090 4105 4129 4155 4180 4186 4186 4148 4175 4235 4294 4208 4128 4141 4149 4144 4147 4146 4148 4151 4150 4159 4165 4161 4157 4150 4140 4144 4159 4184 4199 4208 4210 4208 4207 4217 4197 4196 4196 4197 4193 4192 4189 4184 4176 4168 4142 4132 4146 4095 4088 4080 4073 4071 4076 4078 4079 4079 4082 4083 4082
4152 4167 4170 4170 4169 4163 4155 4152 4150 4152 4155 4159 4161 4160 4156 4158 4161 4153 4130 4108 4094 4096 4091 4090 4099 4115 4147 4185 4177 4198 4164 4187 4240 4292 4202 4141 4165 4138 4144 4150 4149 4147 4148 4153 4155 4158 4157 4153 4148 4146 4145 4144 4156 4181 4197 4203 4218 4207 4205 4195 4191 4190 4195 4197 4190 4184 4179 4172 4162 4145 4135 4113 4098 4088 4079 4069 4070 4076 4076 4076 4077 4080 4079 4077
4163 4174 4175 4172 4166 4159 4154 4149 4151 4154 4158 4162 4164 4163 4160 4159 4162 4160 4130 4135 4118 4108 4106 4104 4110 4128 4158 4165 4154 4167 4208 4248 4211 4169 4148 4130 4132 4134 4144 4150 4153 4150 4143 4142 4147 4151 4154 4153 4151 4150 4148 4148 4153 4164 4177 4184 4183 4198 4203 4190 4188 4188 4192 4192 4186 4181 4175 4171 4170 4165 4143 4134 4103 4087 4079 4077 4072 4069 4073 4075 4077 4078 4071 4070
4172 4179 4170 4161 4159 4156 4153 4152 4153 4156 4159 4165 4170 4165 4159 4154 4147 4145 4164 4170 4147 4152 4138 4124 4129 4138 4133 4150 4151 4155 4153 4171 4176 4151 4140 4138 4131 4131 4139 4146 4159 4153 4148 4146 4151 4152 4154 4155 4155 4152 4152 4157 4161 4166 4172 4176 4180 4184 4184 4180 4181 4182 4187 4188 4183 4176 4171 4164 4164 4164 4143 4120 4107 4088 4079 4074 4070 4070 4070 4073 4076 4077 4071 4071
4185 4181 4170 4156 4155 4155 4153 4157 4155 4155 4157 4161 4163 4160 4156 4151 4142 4138 4153 4169 4154 4174 4171 4153 4140 4136 4131 4144 4148 4150 4149 4159 4166 4171 4149 4137 4132 4132 4140 4155 4170 4153 4145 4148 4147 4153 4155 4158 4160 4163 4169 4173 4182 4185 4187 4187 4189 4179 4174 4172 4174 4176 4177 4176 4175 4171 4166 4160 4153 4155 4145 4117 4093 4084 4077 4066 4069 4073 4071 4073 4073 4072 4064 4067
4187 4199 4180 4162 4158 4155 4151 4150 4149 4151 4153 4157 4156 4156 4155 4152 4152 4142 4134 4175 4176 4196 4186 4170 4141 4130 4134 4134 4144 4157 4161 4156 4153 4150 4163 4142 4136 4128 4133 4147 4168 4146 4139 4144 4147 4151 4156 4161 4166 4173 4180 4189 4201 4200 4201 4206 4181 4130 4176 4170 4170 4171 4171 4171 4170 4167 4162 4156 4151 4145 4144 4116 4088 4083 4082 4084 4076 4073 4076 4077 4078 4077 4072 4064
4185 4191 4185 4173 4163 4155 4148 4141 4138 4145 4150 4153 4156 4156 4153 4150 4150 4142 4136 4143 4151 4157 4170 4189 4154 4142 4144 4140 4134 4144 4159 4158 4148 4153 4191 4215 4138 4134 4134 4136 4136 4142 4137 4140 4144 4149 4155 4161 4170 4179 4191 4203 4203 4202 4199 4201 4203 4204 4183 4169 4170 4170 4171 4169 4166 4163 4160 4156 4150 4142 4141 4112 4092 4086 4084 4083 4082 4082 4081 4080 4080 4079 4081 4074
4175 4176 4180 4176 4166 4158 4148 4141 4139 4141 4147 4150 4154 4154 4151 4147 4142 4140 4138 4140 4156 4146 4167 4195 4159 4157 4149 4143 4134 4137 4157 4160 4150 4158 4197 4183 4137 4137 4138 4137 4138 4140 4140 4140 4143 4148 4154 4161 4171 4182 4193 4215 4215 4194 4188 4193 4204 4211 4201 4180 4172 4170 4171 4169 4166 4163 4160 4159 4151 4143 4138 4105 4088 4086 4085 4084 4084 4084 4083 4082 4080 4080 4080 4080
4166 4170 4169 4169 4164 4157 4150 4144 4140 4141 4145 4146 4147 4147 4146 4145 4145 4142 4142 4143 4152 4149 4149 4174 4162 4157 4152 4151 4137 4141 4153 4156 4149 4151 4156 4137 4136 4139 4140 4140 4141 4144 4144 4145 4147 4150 4156 4161 4169 4177 4195 4194 4175 4172 4174 4183 4202 4218 4232 4185 4170 4167 4168 4172 4175 4178 4179 4178 4169 4148 4129 4103 4088 4086 4086 4085 4084 4083 4082 4082 4081 4080 4079 4076
4162 4162 4170 4166 4162 4156 4151 4146 4144 4142 4143 4142 4140 4138 4141 4142 4141 4143 4145 4148 4153 4145 4141 4146 4149 4147 4150 4146 4145 4142 4147 4153 4153 4149 4145 4141 4137 4137 4141 4143 4144 4145 4146 4145 4148 4152 4157 4160 4160 4161 4162 4168 4179 4184 4167 4153 4179 4194 4214 4167 4161 4163 4167 4170 4178 4187 4197 4205 4206 4187 4120 4097 4085 4087 4084 4084 4083 4083 4083 4083 4081 4080 4077 4074
4163 4167 4164 4162 4158 4153 4149 4145 4141 4141 4140 4140 4139 4142 4141 4143 4143 4144 4147 4154 4160 4155 4148 4149 4148 4150 4154 4142 4146 4145 4148 4152 4155 4153 4147 4147 4142 4140 4140 4144 4146 4147 4148 4149 4152 4155 4154 4156 4157 4156 4153 4183 4209 4182 4151 4135 4147 4155 4154 4150 4155 4155 4158 4165 4177 4188 4205 4221 4246 4276 4144 4101 4090 4086 4085 4083 4083 4083 4083 4084 4084 4081 4079 4075
4165 4162 4158 4158 4155 4151 4147 4143 4137 4139 4139 4138 4137 4137 4140 4144 4146 4145 4146 4157 4171 4163 4154 4151 4149 4157 4169 4163 4147 4156 4155 4157 4163 4160 4155 4146 4145 4145 4145 4145 4148 4149 4153 4153 4158 4161 4161 4162 4154 4150 4151 4137 4135 4137 4140 4139 4133 4119 4139 4143 4156 4148 4150 4160 4175 4186 4206 4222 4241 4235 4141 4105 4091 4087 4086 4084 4083 4082 4082 4084 4085 4085 4082 4070
4159 4154 4154 4154 4153 4149 4146 4143 4143 4141 4138 4137 4137 4138 4140 4145 4146 4145 4146 4155 4167 4165 4154 4156 4155 4161 4169 4163 4155 4159 4161 4165 4171 4168 4170 4177 4147 4149 4147 4142 4166 4159 4166 4173 4172 4166 4162 4159 4159 4153 4142 4142 4139 4135 4139 4140 4147 4141 4143 4148 4147 4147 4148 4158 4170 4183 4195 4200 4192 4166 4137 4122 4095 4093 4087 4084 4083 4083 4084 4085 4085 4086 4085 4079
4163 4155 4151 4154 4153 4150 4146 4142 4139 4137 4136 4136 4136 4138 4138 4142 4143 4144 4147 4154 4153 4153 4158 4154 4155 4159 4163 4162 4164 4167 4172 4173 4181 4175 4167 4184 4155 4160 4154 4151 4181 4157 4170 4196 4180 4170 4164 4160 4157 4156 4151 4144 4140 4147 4142 4139 4141 4144 4146 4146 4145 4149 4151 4156 4162 4167 4169 4172 4173 4181 4154 4149 4189 4093 4091 4084 4082 4085 4084 4086 4087 4087 4086 4086
4148 4170 4160 4159 4156 4150 4145 4140 4135 4132 4133 4133 4133 4134 4133 4130 4138 4144 4146 4144 4145 4149 4152 4148 4150 4159 4164 4164 4170 4199 4186 4178 4190 4181 4182 4193 4165 4162 4163 4162 4161 4183 4164 4162 4169 4167 4164 4160 4158 4159 4161 4153 4145 4147 4146 4144 4141 4145 4145 4145 4147 4149 4151 4154 4157 4159 4161 4162 4160 4147 4140 4146 4124 4057 4065 4085 4088 4085 4082 4089 4089 4096 4087 4089
4151 4164 4172 4164 4156 4149 4143 4138 4132 4130 4131 4131 4129 4127 4126 4130 4139 4148 4153 4152 4143 4142 4140 4149 4151 4159 4169 4171 4173 4176 4179 4179 4177 4178 4175 4173 4171 4166 4169 4168 4158 4159 4157 4157 4162 4163 4161 4157 4154 4153 4157 4164 4150 4151 4156 4151 4148 4144 4145 4150 4148 4149 4153 4156 4157 4161 4162 4165 4159 4146 4143 4162 4170 4104 4098 4102 4097 4091 4090 4077 4084 4081 4087 4090
4147 4145 4167 4161 4152 4146 4141 4136 4133 4131 4131 4131 4130 4126 4125 4132 4145 4156 4165 4168 4166 4165 4149 4147 4151 4159 4166 4169 4174 4178 4179 4181 4180 4181 4176 4171 4173 4169 4169 4168 4166 4153 4161 4159 4160 4161 4159 4157 4152 4145 4151 4163 4165 4161 4160 4160 4155 4148 4145 4147 4152 4156 4157 4159 4162 4164 4165 4163 4163 4160 4146 4181 4261 4292 4193 4131 4107 4100 4088 4097 4092 4087 4089 4089
4148 4138 4140 4146 4144 4140 4136 4131 4130 4130 4130 4133 4136 4141 4149 4151 4156 4165 4176 4180 4185 4184 4167 4149 4154 4163 4170 4175 4179 4180 4182 4180 4185 4181 4165 4168 4175 4172 4169 4169 4166 4164 4165 4165 4164 4162 4160 4158 4155 4146 4153 4164 4167 4168 4168 4168 4162 4151 4145 4142 4145 4152 4156 4158 4161 4164 4166 4168 4170 4168 4154 4169 4181 4177 4152 4131 4116 4105 4102 4094 4093 4089 4087 4089
4149 4142 4138 4137 4136 4135 4133 4128 4125 4124 4129 4135 4142 4150 4157 4161 4165 4172 4180 4181 4186 4184 4177 4155 4165 4178 4186 4195 4184 4183 4187 4202 4197 4184 4172 4169 4175 4173 4174 4172 4170 4169 4172 4170 4167 4163 4161 4160 4161 4171 4167 4168 4174 4175 4175 4168 4160 4151 4143 4142 4146 4149 4156 4160 4164 4168 4170 4172 4172 4169 4166 4168 4166 4165 4135 4126 4115 4100 4089 4086 4090 4090 4089 4089
4153 4154 4135 4130 4131 4131 4131 4127 4126 4124 4131 4138 4146 4155 4165 4164 4167 4172 4178 4179 4181 4180 4175 4167 4209 4195 4196 4205 4205 4207 4191 4207 4211 4198 4178 4172 4174 4176 4176 4176 4168 4171 4173 4172 4169 4164 4162 4160 4162 4160 4167 4175 4178 4161 4161 4167 4162 4152 4145 4142 4143 4150 4156 4160 4164 4169 4173 4177 4180 4178 4175 4174 4171 4159 4127 4117 4111 4101 4092 4087 4084 4087 4088 4088
4146 4144 4135 4130 4129 4130 4132 4130 4131 4136 4138 4141 4147 4153 4157 4162 4166 4169 4172 4171 4177 4177 4179 4180 4194 4192 4189 4202 4219 4246 4192 4209 4223 4222 4184 4185 4182 4181 4183 4176 4176 4176 4176 4173 4169 4165 4162 4158 4158 4163 4159 4172 4194 4158 4171 4180 4168 4157 4155 4151 4156 4154 4155 4160 4165 4169 4175 4180 4186 4184 4178 4178 4175 4159 4136 4120 4109 4100 4092 4088 4088 4084 4081 4085
4141 4133 4130 4128 4128 4131 4133 4134 4135 4136 4138 4141 4146 4151 4158 4159 4163 4166 4168 4170 4175 4182 4188 4191 4196 4208 4207 4261 4224 4207 4200 4209 4233 4237 4217 4214 4202 4193 4188 4183 4181 4181 4179 4174 4169 4164 4160 4156 4150 4148 4156 4167 4203 4232 4216 4187 4166 4156 4151 4148 4150 4153 4156 4160 4164 4169 4174 4180 4180 4183 4178 4177 4174 4160 4143 4127 4113 4101 4091 4087 4089 4084 4092 4086
