real_craters/C197-750m.grd
DSAA
261 261
-97.475 97.475
-97.475 97.475
2617.1004666881 5212.2697043572
[rows 152 to 189 of 261, columns 0 to 83 of 261]
4046 4047 4048 4045 4029 4009 3993 4007 4025 4025 4029 4031 4030 4028 4027 4024 4019 4012 4013 3998 3998 3990 3993 4005 4020 4033 4034 4098 4064 4053 4054 4044 4039 4059 4079 4087 4077 4069 4066 4063 4063 4099 4103 4106 4105 4104 4100 4111 4127 4132 4135 4145 4146 4151 4154 4154 4156 4188 4200 4236 4246 4244 4238 4225 4218 4215 4215 4249 4291 4300 4306 4314 4321 4331 4323 4303 4289 4278 4278 4291 4297 4298 4272 4251
4043 4042 4045 4047 4037 4026 4022 4009 4028 4029 4027 4028 4027 4025 4024 4023 4021 4010 3991 3988 3979 3980 3991 4002 4020 4058 4102 4080 4050 4052 4055 4049 4044 4054 4069 4096 4079 4071 4068 4067 4075 4114 4117 4115 4110 4098 4101 4113 4132 4142 4143 4146 4147 4155 4158 4156 4165 4186 4197 4219 4234 4245 4237 4223 4217 4216 4235 4275 4302 4296 4294 4296 4298 4293 4291 4276 4276 4280 4279 4281 4294 4273 4260 4247
4043 4038 4037 4040 4040 4039 4038 4033 4017 4021 4022 4024 4024 4023 4021 4018 4015 4009 4001 3994 3993 3983 3991 3997 4003 4005 4020 4023 4036 4048 4058 4056 4049 4052 4056 4090 4087 4074 4062 4070 4097 4116 4124 4125 4124 4118 4122 4143 4146 4184 4184 4159 4165 4167 4164 4155 4142 4165 4178 4193 4199 4190 4206 4211 4211 4215 4234 4269 4270 4280 4284 4284 4280 4290 4273 4270 4278 4272 4269 4257 4245 4255 4235 4234
4044 4039 4037 4039 4039 4038 4038 4022 4015 4015 4017 4020 4021 4020 4019 4015 4010 4009 4005 3998 3997 3997 3995 3994 3991 3978 3983 4014 4033 4046 4060 4064 4050 4054 4053 4072 4087 4074 4063 4070 4088 4125 4125 4127 4133 4146 4137 4133 4155 4161 4160 4136 4137 4133 4138 4165 4171 4184 4190 4196 4172 4178 4197 4205 4209 4215 4221 4249 4258 4264 4271 4272 4265 4255 4257 4249 4259 4267 4249 4238 4233 4243 4248 4245
4044 4041 4037 4033 4031 4034 4030 4013 4017 4018 4018 4020 4018 4014 4016 4015 4014 4011 4008 4005 4002 3999 3997 3994 3991 3989 3991 4007 4036 4045 4055 4062 4062 4062 4071 4076 4100 4078 4088 4070 4082 4103 4110 4112 4119 4130 4129 4107 4112 4139 4137 4126 4126 4132 4147 4193 4210 4211 4221 4153 4134 4190 4190 4198 4207 4215 4223 4254 4261 4272 4273 4270 4265 4258 4251 4249 4232 4218 4228 4223 4237 4245 4243 4247
4042 4041 4037 4033 4031 4030 4027 4006 4021 4023 4024 4022 4016 4010 4011 4012 4011 4011 4019 4013 4000 3994 3997 4000 4001 4001 4008 4022 4029 4035 4039 4041 4046 4047 4040 4043 4075 4070 4055 4050 4049 4072 4084 4091 4095 4096 4098 4107 4107 4116 4114 4106 4098 4099 4120 4161 4177 4201 4213 4205 4197 4173 4187 4196 4206 4217 4242 4277 4294 4289 4277 4268 4261 4254 4242 4230 4229 4225 4227 4238 4248 4249 4255 4252
4038 4038 4036 4033 4031 4029 4024 4007 4018 4024 4027 4024 4017 4014 4012 4007 4000 4004 4006 4005 3999 3999 4005 4012 4016 4016 4019 4015 4017 4022 4024 4018 4029 4028 4019 4026 4071 4068 4071 4064 4053 4056 4064 4071 4073 4067 4086 4105 4107 4103 4094 4087 4087 4092 4105 4113 4144 4184 4206 4211 4188 4170 4180 4190 4203 4216 4233 4254 4283 4283 4272 4264 4257 4251 4241 4234 4237 4235 4227 4229 4233 4243 4233 4242
4033 4034 4033 4031 4028 4026 4020 4004 4016 4023 4027 4043 4021 4022 4015 4013 4006 4001 3996 3979 4002 4020 4024 4027 4029 4033 4018 4006 4005 4015 4026 4036 4035 4022 4012 4009 4037 4064 4093 4080 4042 4045 4051 4057 4065 4081 4103 4107 4097 4087 4076 4074 4078 4098 4108 4094 4117 4150 4176 4201 4202 4183 4176 4183 4195 4210 4227 4240 4269 4268 4260 4253 4246 4243 4244 4239 4234 4227 4217 4211 4217 4223 4219 4220
4032 4031 4030 4027 4030 4029 4022 4017 4018 4022 4023 4004 4019 4012 4001 4004 4001 3998 3995 3989 4015 4032 4045 4043 4029 4019 4008 3992 3996 4013 4025 4039 4031 4034 4032 4029 4035 4050 4065 4058 4040 4037 4044 4051 4059 4069 4058 4095 4084 4062 4065 4068 4079 4108 4107 4109 4126 4134 4154 4170 4175 4166 4164 4171 4185 4202 4222 4255 4259 4247 4238 4238 4245 4246 4246 4239 4227 4216 4206 4195 4200 4199 4194 4198
4031 4026 4016 4018 4025 4028 4023 4019 4020 4019 4021 4029 4017 4040 4029 4022 4030 4028 4013 4033 4047 4052 4055 4046 4023 4003 3998 4006 4017 4017 4019 4010 4012 4034 4052 4039 4045 4065 4051 4028 4032 4033 4039 4046 4054 4054 4062 4084 4082 4078 4073 4072 4075 4093 4099 4099 4115 4119 4124 4124 4122 4128 4144 4159 4175 4193 4210 4235 4237 4202 4215 4221 4219 4227 4234 4230 4228 4211 4197 4190 4187 4187 4184 4182
4027 4021 4004 4008 4010 4019 4023 4020 4017 4011 3994 3986 4003 4020 4032 4038 4027 4015 4006 4001 4038 4053 4053 4042 4015 4007 4012 4027 4024 4017 4017 4022 4032 4049 4068 4058 4067 4062 4035 4021 4024 4032 4037 4044 4050 4058 4052 4055 4069 4075 4079 4086 4093 4123 4107 4108 4105 4101 4105 4101 4109 4112 4130 4146 4162 4182 4197 4221 4229 4200 4203 4209 4218 4215 4210 4207 4205 4192 4180 4178 4176 4175 4176 4175
4027 4023 4016 4004 3996 3993 4011 4017 4019 4010 3994 3978 3986 4012 4022 4011 3997 4007 3996 4008 4032 4044 4045 4035 4010 4015 4092 4062 4019 4017 4022 4033 4046 4047 4045 4048 4063 4058 4026 4022 4025 4029 4033 4037 4042 4044 4044 4050 4030 4051 4081 4106 4147 4134 4113 4090 4082 4091 4095 4082 4072 4106 4118 4133 4151 4166 4185 4208 4211 4204 4194 4198 4213 4205 4196 4187 4176 4173 4163 4150 4169 4177 4174 4172
4022 4018 4008 3995 3986 3983 3999 4010 4010 4007 4000 3988 3985 3998 3999 3979 3973 3992 3979 3996 4021 4032 4036 4040 4031 4031 4079 4061 4026 4022 4028 4033 4047 4037 4054 4047 4040 4021 4022 4026 4025 4024 4025 4028 4034 4035 4036 4038 4053 4072 4084 4102 4118 4113 4096 4082 4080 4091 4097 4099 4119 4101 4114 4129 4143 4155 4167 4187 4193 4178 4178 4176 4167 4182 4191 4175 4161 4161 4166 4171 4169 4174 4172 4174
4010 4014 3993 3985 3987 3991 3992 3988 3989 3996 3995 3986 3977 3980 3960 3950 3941 3943 3958 3970 3991 4007 4021 4037 4088 4061 4013 4031 4026 4027 4031 4035 4038 4033 4058 4041 4035 4038 4022 4026 4027 4024 4020 4015 4019 4037 4040 4065 4072 4082 4086 4091 4088 4084 4109 4083 4085 4101 4091 4108 4104 4106 4114 4124 4137 4149 4155 4160 4169 4173 4176 4168 4160 4165 4171 4159 4151 4152 4153 4157 4164 4179 4179 4178
4024 4012 3997 3988 3988 3983 3987 3982 3977 3981 3975 3975 3973 3955 3941 3939 3941 3959 3957 3951 3947 3972 3997 4019 4028 4030 4008 4031 4037 4035 4027 4029 4040 4034 4001 4018 4029 4026 4010 4012 4026 4025 4020 4010 3982 3993 4048 4069 4085 4079 4083 4082 4080 4078 4103 4109 4091 4086 4098 4097 4094 4101 4108 4117 4132 4149 4164 4169 4185 4183 4172 4173 4166 4155 4142 4144 4144 4143 4146 4148 4150 4151 4174 4173
4029 4014 3999 3990 3985 3981 3978 3974 3974 3980 3972 3971 3968 3957 3944 3941 3948 3962 3953 3955 3953 3952 3974 3998 4002 4070 4080 4047 4041 4029 4022 4018 4015 4018 3994 4006 4015 4015 4010 4026 4030 4027 4025 4023 4035 4044 4062 4060 4102 4082 4079 4080 4081 4083 4095 4093 4092 4090 4097 4091 4093 4108 4092 4111 4134 4156 4175 4175 4179 4176 4164 4170 4174 4145 4132 4123 4126 4136 4141 4143 4143 4150 4169 4170
4021 4011 3997 3986 3988 3988 3977 3972 3967 3970 3978 3974 3974 3966 3964 3958 3954 3951 3953 3965 3953 3953 3974 3983 3976 4039 4051 4035 4013 4006 4007 4002 3992 3984 4000 4004 4009 4008 4010 4015 4021 4024 4026 4034 4051 4055 4051 4060 4055 4070 4076 4079 4079 4072 4085 4077 4086 4092 4101 4093 4097 4067 4073 4107 4132 4154 4172 4166 4156 4149 4142 4120 4117 4129 4125 4119 4124 4136 4146 4146 4143 4148 4174 4169
4010 4007 3995 3983 3990 3986 3981 3973 3963 3962 3967 3974 3978 3963 3967 3960 3969 3973 3971 3975 3940 3968 3981 4002 4026 4039 4022 4011 3995 3993 3999 3995 3985 3975 3995 4006 4012 4016 4022 4030 4019 4019 4024 4032 4038 4056 4066 4076 4079 4076 4078 4079 4082 4092 4096 4095 4093 4094 4098 4102 4101 4110 4119 4116 4129 4146 4163 4151 4139 4147 4122 4103 4102 4114 4118 4113 4125 4142 4152 4154 4151 4157 4167 4174
4014 4007 3998 3993 3996 3983 3979 3976 3965 3962 3961 3977 3982 3959 3965 3978 3977 3972 3961 3966 3964 3979 3978 3990 4003 3986 3979 3992 4008 4014 4003 3999 4000 3985 3995 4006 4015 4029 4042 4048 4017 4017 4020 4026 4042 4052 4074 4082 4081 4081 4081 4086 4098 4100 4115 4119 4106 4101 4104 4092 4083 4086 4103 4112 4120 4129 4129 4127 4118 4101 4097 4097 4099 4106 4110 4117 4132 4151 4166 4161 4155 4156 4164 4176
4008 4003 4003 4007 4002 3995 3992 3984 3975 3970 3988 3985 3986 3985 3982 3979 3978 3976 3970 3982 3978 3960 3958 3948 3924 3949 3960 3980 3998 4008 3999 3992 3987 3988 3991 4004 4014 4026 4038 4050 4022 4018 4016 4015 4016 4036 4048 4067 4068 4067 4079 4091 4096 4099 4125 4117 4096 4091 4087 4108 4090 4106 4097 4104 4111 4115 4113 4109 4096 4096 4099 4105 4101 4091 4103 4121 4135 4156 4169 4167 4160 4161 4166 4173
3978 3993 4000 4006 4001 3997 3995 3989 3986 3989 3990 3988 3988 3987 3979 3965 3977 3981 3950 3961 3954 3948 3946 3937 3928 3929 3951 3969 3981 3984 3987 3984 3982 3983 3993 4004 4005 4008 4008 4021 4023 4018 4015 4014 4014 4034 4054 4061 4072 4071 4077 4088 4097 4099 4108 4093 4098 4097 4095 4109 4095 4091 4091 4096 4104 4112 4111 4103 4094 4098 4106 4107 4104 4107 4106 4112 4134 4155 4168 4170 4173 4173 4176 4177
4005 3993 3993 3992 3998 3996 3987 3988 3990 3987 3978 3984 3990 3976 3967 3975 3976 3982 3978 3959 3950 3952 3950 3951 3959 3961 3958 3966 3971 3971 3978 3978 3973 3983 3979 3982 3992 3994 3996 4009 4012 4015 4016 4021 4028 4032 4047 4068 4079 4067 4078 4085 4093 4098 4112 4094 4095 4104 4102 4083 4092 4093 4087 4088 4094 4103 4107 4102 4098 4099 4107 4103 4104 4106 4112 4120 4138 4152 4163 4168 4171 4174 4179 4182
3986 3988 3986 3981 3976 3990 3990 3990 3989 3991 3978 3976 3978 3971 3961 3954 3955 3959 3970 3951 3945 3949 3959 3963 3964 3959 3962 3970 3976 3981 3982 3981 3984 3965 3980 3990 3985 3985 3991 4004 4020 4016 4016 4020 4026 4025 4041 4065 4080 4091 4087 4084 4101 4132 4096 4092 4112 4117 4109 4099 4092 4096 4084 4082 4087 4094 4098 4101 4104 4109 4105 4100 4105 4111 4116 4130 4148 4165 4172 4173 4163 4169 4172 4168
3987 3984 3989 3995 3992 3992 3993 3989 3984 3979 3971 3973 3970 3963 3959 3951 3950 3953 3955 3955 3943 3952 3971 3966 3971 3962 3973 3981 3988 3993 3989 3982 3978 3976 3989 3980 3980 3981 3987 4003 4028 4016 4014 4009 4014 4028 4044 4065 4085 4095 4098 4097 4108 4120 4101 4100 4119 4122 4108 4087 4096 4100 4089 4082 4084 4088 4094 4100 4107 4114 4103 4099 4108 4117 4115 4128 4158 4188 4194 4188 4179 4175 4168 4166
3987 3987 3993 3996 3993 3987 3985 3983 3980 3972 3975 3980 3978 3972 3963 3953 3949 3951 3953 3959 3955 3965 3966 3965 3963 3972 3988 3994 3997 3998 3992 3983 3978 3992 3978 3975 3977 3979 3985 3992 4004 4026 4014 4008 4013 4028 4041 4051 4077 4090 4094 4101 4110 4121 4114 4105 4109 4124 4127 4114 4107 4105 4095 4088 4090 4080 4095 4104 4106 4101 4099 4109 4114 4119 4123 4138 4166 4192 4201 4201 4196 4186 4176 4177
3993 3994 4000 3995 3981 3979 3978 3979 3983 3985 3987 3988 3982 3961 3967 3958 3954 3954 3947 3956 3960 3958 3967 3957 3968 3999 4010 4008 4005 3997 3993 3990 3986 3976 3973 3976 3980 3978 3979 3987 3994 4004 4005 4000 4008 4021 4031 4041 4060 4074 4083 4087 4097 4109 4134 4127 4128 4136 4146 4121 4117 4110 4100 4097 4107 4129 4117 4114 4113 4108 4114 4121 4129 4134 4140 4153 4172 4184 4202 4207 4202 4193 4185 4175
4001 4015 4011 4013 4001 3993 3990 3988 3989 3991 3988 3987 3981 3975 3965 3960 3956 3955 3952 3959 3971 3970 3971 3954 3982 4023 4026 4021 4013 4010 3999 3981 3970 3968 3975 3988 3991 3990 3986 3985 3989 3993 3996 4000 4009 4012 4022 4031 4047 4060 4070 4096 4081 4091 4132 4144 4137 4139 4146 4134 4122 4113 4104 4100 4107 4111 4122 4124 4126 4130 4124 4130 4141 4146 4151 4159 4173 4191 4198 4203 4203 4188 4183 4174
4002 4004 4005 4012 4003 4002 3994 3988 3990 3989 3974 3977 3981 3965 3956 3958 3961 3942 3947 3986 3987 3962 3963 3961 3989 4010 4030 4024 4011 3995 3983 3978 3976 3978 3990 3989 3998 4013 4005 3989 3988 3988 3991 3995 4014 4032 4021 4019 4037 4054 4071 4059 4061 4076 4120 4135 4143 4133 4115 4113 4117 4120 4116 4112 4109 4114 4124 4131 4137 4144 4136 4139 4142 4145 4145 4156 4167 4177 4187 4190 4187 4178 4161 4168
3999 3978 3988 4003 3997 3991 3988 3985 3987 3986 3973 3975 3987 3977 3959 3956 3960 3958 3955 3997 3999 3993 4018 3989 3952 4006 4031 4023 4008 3987 3975 3995 3996 3993 3987 3994 4003 4007 4015 4001 3992 3987 3988 3990 4011 4036 4021 4019 4031 4037 4042 4055 4055 4077 4114 4136 4142 4132 4115 4118 4130 4132 4127 4106 4118 4126 4134 4140 4145 4148 4147 4133 4146 4146 4140 4152 4161 4175 4182 4184 4186 4186 4182 4177
3977 3972 3989 4014 4002 3992 3991 3976 3977 3977 3977 3991 3987 3975 3959 3955 3953 3959 3958 4000 3992 4014 4046 4015 4008 4020 4026 4024 4011 4000 4002 3999 3998 3997 4000 3995 3990 4000 4015 4024 4000 3996 3985 3986 3996 4005 4013 4021 4036 4051 4037 4040 4057 4073 4098 4118 4139 4133 4119 4135 4154 4144 4139 4127 4133 4141 4140 4145 4149 4149 4147 4138 4139 4147 4158 4152 4153 4164 4188 4199 4205 4201 4187 4183
3973 3980 3984 3994 4009 4013 4001 3987 3976 3974 3980 3990 3973 3965 3959 3958 3959 3970 3954 3957 3976 4005 4039 4037 4032 4040 4056 4026 4015 4008 3998 4011 4009 4009 4010 4003 4001 3995 4009 4010 4001 4000 3985 3986 3991 4000 4013 4025 4037 4053 4035 4056 4071 4067 4076 4095 4107 4119 4136 4138 4146 4141 4137 4130 4137 4141 4143 4145 4148 4156 4162 4147 4141 4143 4145 4150 4159 4176 4203 4229 4232 4229 4221 4193
3981 3983 3973 3964 3968 4009 4002 3986 3984 3981 3973 3960 3963 3965 3968 3968 3969 3966 3952 3948 3940 3975 4000 4007 3994 4004 3993 4009 4012 4013 4018 4018 4014 4013 4016 4007 3983 3990 4002 4004 4002 4005 3993 3990 3994 4001 4011 4024 4038 4045 4074 4081 4066 4047 4050 4067 4081 4099 4101 4123 4125 4126 4119 4123 4138 4138 4137 4139 4143 4149 4160 4141 4138 4138 4142 4145 4152 4173 4203 4232 4235 4226 4213 4197
3979 3979 3980 3968 3955 3962 3980 3981 3979 3983 3968 3957 3974 3972 3964 3960 3963 3957 3951 3928 3924 3954 3983 3990 3976 3974 3983 3999 4010 4017 4024 4018 4016 4013 4012 4001 3985 3985 3998 4007 4012 4009 4002 3996 3996 4001 4006 4021 4040 4067 4085 4082 4073 4044 4040 4050 4077 4085 4115 4118 4123 4114 4108 4113 4119 4126 4131 4133 4134 4132 4130 4130 4132 4132 4135 4143 4149 4165 4188 4209 4216 4226 4216 4193
3960 3954 3970 3969 3951 3953 3971 3984 4006 3987 3971 3970 3977 3969 3962 3962 3955 3930 3926 3922 3917 3943 3966 3962 3961 3977 3997 4003 4011 4019 4027 4024 4021 4013 4008 4001 4001 4006 4005 4010 4011 4013 3998 4005 4014 4012 4011 4019 4034 4054 4071 4069 4057 4032 4041 4060 4073 4068 4095 4102 4099 4096 4092 4090 4106 4115 4122 4126 4129 4131 4132 4129 4132 4140 4142 4146 4154 4157 4167 4181 4188 4180 4185 4182
3967 3977 3959 3962 3957 3960 3967 3973 3971 3973 3966 3970 3961 3958 3947 3937 3933 3929 3929 3920 3927 3941 3954 3966 3975 3984 3996 4004 4011 4016 4019 4012 4006 4009 4009 4008 4009 4008 4007 4009 4018 4023 4026 4023 4032 4021 4012 4015 4022 4029 4030 4033 4030 4043 4046 4057 4066 4068 4072 4082 4082 4082 4081 4087 4099 4108 4116 4122 4127 4130 4134 4134 4136 4137 4138 4137 4145 4137 4132 4138 4163 4186 4178 4166
3965 3963 3978 3975 3973 3965 3961 3967 3974 3964 3960 3943 3951 3944 3933 3921 3922 3918 3915 3924 3944 3943 3941 3980 3989 3992 3997 4004 4010 4012 4011 4009 4009 4009 4010 4011 4012 4005 4001 3997 4001 4022 4030 4029 4029 4019 4007 4011 4010 4005 3996 4011 4028 4043 4042 4048 4063 4072 4071 4074 4076 4077 4074 4073 4088 4102 4111 4118 4125 4129 4131 4132 4131 4136 4126 4117 4110 4108 4107 4119 4143 4160 4163 4159
3970 3976 3966 3971 3972 3971 3969 3966 3968 3963 3960 3967 3943 3936 3923 3912 3910 3913 3914 3925 3940 3936 3936 3978 3989 3993 4000 4005 4007 4010 4014 4012 4011 4011 4010 4012 4005 3997 3995 3992 3992 4014 4023 4025 4020 4021 4023 4014 4009 4004 4005 4026 4035 4048 4042 4041 4047 4058 4072 4073 4074 4073 4073 4074 4088 4098 4106 4115 4123 4130 4129 4140 4127 4117 4111 4100 4091 4090 4092 4107 4135 4156 4156 4146
3983 3948 3968 3970 3971 3968 3969 3955 3950 3956 3951 3941 3936 3927 3916 3901 3904 3926 3929 3920 3930 3926 3944 3975 3983 3990 3994 3998 4002 4006 4009 4016 4014 4011 4008 4001 3999 3996 3994 3994 4001 4007 4012 3998 3994 4005 4014 4016 4014 4014 4025 4028 4035 4042 4042 4043 4048 4055 4073 4075 4073 4071 4075 4077 4084 4092 4101 4110 4120 4126 4123 4121 4116 4110 4098 4090 4083 4082 4083 4102 4129 4150 4154 4149
