real_craters/C197-1000m.grd
DSAA
112 112
-55.7 55.7
-55.7 55.7
3015.1134097389 5095.0621932846
[rows 60 to 89 of 112, columns 0 to 66 of 112]
4467.69 4463.61 4466.08 4471.08 4460.1 4463.34 4470.33 4475.14 4474.92 4473.15 4472.05 4476.05 4496.53 4525.88 4517.78 4510.62 4527.2 4516.67 4504.51 4503.14 4505.89 4509.76 4507.47 4502.39 4494.1 4492.01 4506.83 4509.12 4511.11 4517.72 4526.79 4523.4 4509.99 4508.13 4529.48 4566.92 4614.39 4640.91 4635.22 4635.39 4753.48 4553.76 4209.55 3982.4 3784.37 3708.53 3634.61 3422.53 3336.72 3290.72 3243.98 3205.93 3177.35 3171.6 3218.97 3236.04 3206.26 3174.38 3149.37 3214.93 3233.99 3179.5 3196.85 3277.86 3341 3432.63 3508.94
4467.36 4469.11 4460.21 4455.62 4460.35 4459.57 4463.25 4469.75 4454.7 4446.18 4455.46 4448.51 4509.63 4544.57 4551.56 4529.09 4523.54 4519.16 4508.49 4505.52 4497.9 4501.47 4502.65 4500.4 4489.04 4487.52 4507.41 4511.69 4499.39 4505.76 4513.67 4514.58 4500.03 4505.11 4525.34 4552.86 4575.21 4655.37 4670.07 4668.22 4786.93 4711.04 4385.71 4115.18 3875.76 3769.33 3688.91 3478.35 3376.44 3316.7 3271.7 3229.94 3193.69 3172.68 3204.9 3239.29 3182.02 3120.78 3135 3200.76 3237.64 3254.69 3314.06 3397.17 3478.55 3522.18 3598.56
4460.34 4454.16 4452.78 4448.09 4451.51 4448.59 4469.97 4450.88 4458.07 4474.85 4480.07 4495.25 4506.79 4528.47 4531.84 4520.33 4505.74 4513.34 4518.29 4511.48 4498.01 4497.32 4501.86 4504.32 4496.27 4485.51 4498.88 4499.79 4498.36 4494.2 4490.4 4504.52 4506.89 4501.08 4522.82 4558.86 4559.4 4598.48 4670.44 4696.95 4763.02 4848.62 4596.15 4289.05 4014.75 3908.49 3749.59 3580.47 3471.81 3373.02 3315.2 3261.65 3205.94 3182.33 3237.3 3253.47 3157.29 3100.79 3088.85 3160.11 3224.95 3325.39 3455.72 3586.12 3603.09 3660.06 3749.16
4458.84 4451.51 4451.48 4454.8 4459.21 4459.39 4467.37 4470.79 4482.55 4498.45 4501.24 4502.43 4503.92 4505.46 4508.8 4497.22 4509.39 4506.76 4514.34 4506.89 4496.53 4499.19 4501.37 4499.26 4491.66 4488.73 4503.01 4501.3 4493.77 4497.89 4508.26 4522.72 4516.94 4517.56 4524.86 4548.43 4546.96 4568.09 4651.08 4728.11 4758.44 4805.65 4798.41 4484.29 4211.77 4081.9 3949.09 3785.88 3619.45 3469.52 3370.97 3277.15 3213.12 3180.11 3204.12 3181.53 3127.67 3064.64 3069 3138.09 3246.36 3404.57 3621.4 3744.93 3715.82 3761.32 3818.4
4458.65 4456.55 4465.16 4471.82 4469.05 4468.9 4455.28 4479.11 4483.31 4505.24 4509.55 4507.71 4502.11 4497.57 4490.71 4496.23 4493.5 4492.84 4484.89 4487.22 4497.17 4502.53 4502.56 4499.76 4490.24 4487.75 4492.16 4483.08 4509.98 4528.59 4541.71 4543.51 4542.6 4540.82 4535.38 4537.52 4560.16 4571.08 4616.63 4665.39 4713.52 4798.52 4857.06 4638.44 4388.59 4211.65 4101.21 3951.19 3782.33 3616.72 3465.07 3316.78 3248.31 3230.55 3241.75 3202.9 3140.09 3087.88 3077.89 3171.7 3301.61 3479.45 3714.53 3795.04 3801.71 3835.87 3858.85
4454.19 4463.26 4472.81 4474.24 4481.22 4480.93 4472.38 4485.86 4489.23 4495.04 4503.72 4503.33 4495.73 4487.47 4481.23 4478.84 4487.76 4486.38 4482.24 4484.46 4497.45 4507.34 4502.38 4494.65 4482 4471.85 4473.49 4487.61 4522.27 4530.86 4548.57 4573.21 4545.78 4540.07 4528.35 4543.36 4557.38 4553.43 4585.4 4628.69 4669.7 4757.47 4831.12 4793.19 4599.77 4338.11 4164.83 4081.65 3959.52 3796.06 3591.26 3415.21 3339.66 3347.74 3377.78 3376.43 3309.03 3217.81 3157.07 3231.84 3379.29 3573.46 3767.51 3840.17 3868.23 3902.31 3961.43
4461.47 4468.83 4476.09 4487.77 4488.96 4489.88 4477.38 4497.1 4489.47 4499.78 4499.49 4493.29 4486.46 4483 4483.95 4490.84 4487.29 4490.48 4500.04 4511.5 4525.07 4514.06 4503.23 4489.62 4479.85 4472.39 4481.48 4490.11 4500.77 4523.85 4525.19 4531.11 4531.84 4524.04 4513.42 4531.97 4549.32 4535.41 4545.26 4584.95 4648.44 4724.6 4812.01 4920.15 4795.36 4515.32 4289.9 4153.22 4027.95 3899.09 3746.64 3598.32 3510.09 3478.27 3465.12 3477.09 3412.79 3355.64 3338.17 3406.32 3532.97 3689.33 3821.61 3891.66 3935.5 3994.53 4135.13
4470 4468.12 4477.59 4492.25 4506.01 4510.66 4489.89 4493.83 4500.82 4499.51 4498.07 4490.01 4476.88 4464.61 4481.92 4486.93 4498.7 4493.05 4501.54 4513.46 4509.83 4513.22 4510.31 4496.28 4487.38 4482.47 4478.08 4481.12 4482.52 4477.69 4487.77 4498.95 4495.55 4494.88 4502.92 4525.67 4526.6 4521.91 4536.64 4545.06 4608.13 4700.17 4745.54 4864.72 4849.73 4735.54 4484.2 4311.53 4158.31 4061.23 3938.68 3824.92 3724.21 3648.58 3595.2 3573.88 3551.35 3553.88 3574.94 3640.38 3742.6 3858.35 3947.28 3992.16 4037.45 4175.6 4382.64
4462.14 4468.24 4474.74 4493.01 4515.33 4516.52 4499.64 4500.82 4501.4 4494.37 4489.04 4482.34 4468.92 4459.27 4460.62 4472.85 4484.4 4503.22 4519.24 4533.91 4536.85 4530.66 4526.36 4512.85 4504.7 4500.14 4492.32 4482.13 4486.61 4492.7 4489.14 4491.34 4488.89 4486.39 4496.08 4510.14 4506.51 4497.54 4510.91 4512.73 4536.42 4623.58 4664.13 4736.93 4790.49 4847.47 4795.61 4606.5 4399.9 4300.25 4183.54 4076.08 3960.18 3861.72 3780.47 3755.34 3765.27 3809.85 3849.76 3892.51 3982.14 4109.55 4164.68 4180.43 4257.49 4440.56 4626.64
4465.47 4471.78 4481.79 4493.03 4497.12 4510.82 4502.96 4503.19 4501.4 4487.06 4477.04 4471.23 4462.64 4455.54 4463.16 4467.83 4491.79 4521.34 4543.54 4556.52 4569.95 4552.19 4538.97 4530.66 4524.53 4524.49 4523.68 4513.3 4498.63 4478.98 4474.39 4472.06 4470.48 4471.85 4477.23 4488.3 4489.11 4480.96 4491.46 4522.53 4513.87 4577.22 4605.19 4634.32 4674.97 4725.11 4822.27 4834.77 4722.25 4631.21 4497.39 4369.06 4236.22 4133.64 4056.29 4024.03 4069.07 4124.42 4180.04 4216.93 4339.23 4432.25 4441.61 4485.11 4558.2 4656.67 4575.06
4463.54 4473.98 4490.52 4498.47 4492.46 4506.18 4491.07 4494.19 4500.64 4486.01 4472.51 4461.77 4454.22 4446.42 4440.95 4436.76 4447.46 4499.34 4535.59 4556.47 4578.03 4564.71 4537.59 4529.99 4535.09 4541.52 4545.15 4520.54 4476.38 4475.29 4469.97 4459.46 4452.52 4454.43 4447 4455.51 4469.59 4489.77 4498.13 4509.69 4500.4 4539.37 4582.45 4621.12 4623.17 4653.17 4757.02 4880.53 4990.36 4979.54 4822.65 4676.33 4563.72 4467.53 4399.45 4380.14 4434.92 4505.15 4562.49 4615.63 4703.31 4805.71 4767 4712.56 4685.15 4632.15 4524.23
4462.83 4472.59 4479.44 4492.13 4504.57 4491.78 4485.72 4480.17 4489.06 4470.38 4455.5 4449.96 4448.51 4443.59 4434.39 4430.1 4429.37 4455.54 4503.05 4537.53 4554.33 4536.8 4524.73 4527.73 4537.32 4547.35 4555.27 4521.79 4495.23 4481.9 4468.2 4464.48 4458.53 4448.76 4445.96 4439.54 4464.86 4481.05 4500.54 4489.96 4495.08 4522.88 4565.02 4605.83 4608.77 4630.61 4662.76 4763.37 4930.61 5095.06 5048.86 4888.05 4865.01 4843.16 4782.45 4769.72 4815.66 4847.85 4871.67 4874.81 4799.21 4762.11 4665.29 4636.05 4618.03 4539.35 4491.15
4447.37 4462.4 4474.99 4493.28 4502.54 4500.7 4478.47 4463.99 4469.87 4461.69 4456.05 4450.61 4445.67 4442.52 4437.44 4436.23 4428.61 4407.6 4474.87 4513.98 4517.4 4511.61 4522.77 4525.57 4526.96 4535.36 4532.04 4503.45 4487 4470.94 4466.25 4466.23 4453.58 4441.14 4434.05 4437.63 4462.17 4470.13 4485.83 4497.16 4521.84 4536.6 4550.17 4541.88 4556.82 4585.87 4585.13 4627.38 4746.26 4868.6 4913.62 4873.46 4883.24 4911.86 4984.24 4927.83 4869.88 4784.33 4735.97 4697.6 4642.26 4615.19 4631.81 4627.82 4577.63 4510.8 4494.92
4447.82 4453.4 4472.88 4495.6 4484.74 4496.15 4467.96 4464.57 4459.06 4453.42 4449.44 4446.45 4443.65 4436.45 4430.7 4433.32 4438.83 4415.96 4457.78 4485.64 4497.17 4495.65 4499.85 4507.05 4504.71 4500.89 4501.98 4493.66 4473.38 4463.45 4474.28 4469.99 4445.44 4434.8 4434.34 4450.14 4446.09 4449.94 4464.04 4491.94 4508.99 4542.88 4563.04 4532.46 4517.64 4543.74 4538.85 4541.48 4593.49 4655.63 4697.04 4722.15 4739.92 4756.73 4802.98 4756.91 4706.39 4633.42 4614.56 4585.54 4557.14 4541.24 4532.63 4537.68 4529.05 4521.15 4529.32
4450.15 4444.85 4459.63 4486.78 4483.98 4488.02 4470.92 4464.93 4460.48 4460.52 4455.93 4450.8 4446.34 4447.55 4437.85 4426.48 4419.14 4429.93 4449.9 4466.27 4472.03 4482.44 4497.58 4495.49 4485.62 4470.43 4464.86 4459.09 4466.86 4475.6 4468.59 4466.88 4439.93 4438.98 4445.23 4452.08 4450.8 4448.06 4446.86 4462.2 4486.69 4523.39 4551.72 4529.09 4508.08 4524.08 4515.01 4506.12 4523.85 4537.85 4543.87 4581.6 4596.39 4592.89 4616.5 4605.85 4574.07 4542.63 4553.75 4542.18 4554.09 4528.22 4506.64 4509.99 4513.21 4488.99 4501.5
4446.76 4448.74 4445.44 4466.18 4471.81 4488.94 4493.75 4485.61 4458.57 4445.37 4447.56 4443.35 4444.32 4445.22 4436.62 4424.3 4429.05 4444.01 4460.97 4465.06 4463.11 4465.54 4486.19 4487.2 4474.99 4459.23 4454.18 4454.17 4457.46 4464.03 4459.53 4468.54 4456.38 4445.18 4449.4 4459.49 4464.59 4454.36 4454.5 4459.77 4477.2 4502.92 4520.02 4521.03 4525.79 4516.63 4500.38 4495.69 4497.07 4495.42 4479.73 4506.2 4515.52 4501.46 4498.51 4492.91 4504.22 4528.33 4525.84 4530.63 4567.07 4569.86 4541.05 4504.06 4480.88 4481.13 4478.97
4436.52 4435.35 4432.91 4438.94 4442.47 4489.09 4493.15 4485.93 4468.85 4455.51 4449.01 4443.39 4445.1 4443.91 4443.89 4436.67 4442.35 4448.27 4475.48 4470.22 4470.19 4480.6 4488.32 4483.84 4472.78 4462.69 4463.56 4466.64 4449.51 4457.7 4451.87 4453.69 4451.23 4432.35 4455.07 4470.28 4468.9 4475.86 4469.55 4464.31 4478.59 4495.32 4507.4 4518.01 4530.05 4501.1 4478.84 4466.05 4466.11 4460.95 4477.29 4484.14 4481.68 4454.05 4451.41 4456.23 4488.57 4542.39 4556.43 4534.36 4485.86 4486.85 4484.18 4496.69 4489.87 4485.61 4471.08
4436.29 4436.15 4435.59 4430.34 4433.44 4483.22 4460.29 4485.62 4480.3 4458.03 4446.69 4452.98 4451.11 4443.39 4435.66 4439.28 4443.1 4434.99 4453.62 4463.79 4471.1 4480.48 4487.04 4479.61 4470.67 4460.13 4473.52 4480.93 4461.08 4466.63 4452.48 4457.81 4465.23 4443.3 4464.68 4472.09 4468.05 4477.01 4462.78 4470.44 4479.39 4488.46 4490.4 4485.74 4486.47 4470.92 4450.36 4429.15 4439.36 4469.39 4493.47 4471.34 4481.15 4460.58 4450.66 4464.74 4484.79 4493.83 4505.33 4487.25 4466.63 4469.9 4460.62 4478.08 4492.19 4483.2 4478.33
4439.03 4432.64 4432.13 4430.98 4421.65 4444.9 4420.92 4442.64 4464.23 4454.13 4448.21 4451.33 4446.85 4438.08 4433.3 4426.66 4429.06 4429.52 4440.63 4449.91 4460.03 4473.92 4476.84 4474.82 4474.55 4473.42 4484.49 4478.3 4472.6 4453.18 4451.43 4454.81 4466.55 4466.05 4466.92 4470.62 4475.32 4475.91 4457.39 4467.49 4468.51 4470.89 4469.67 4463.42 4449.04 4443.02 4434.05 4426.19 4441.25 4454.32 4463.52 4455.1 4463.81 4464.7 4468.83 4470.66 4475.98 4478.46 4458.92 4452.1 4464.12 4472.99 4467.14 4499.36 4500.95 4498.08 4506.3
4434.67 4439.83 4431.24 4428.58 4425.2 4430.8 4427.92 4435.49 4448.78 4448.1 4455.77 4446.49 4433.95 4427.15 4413.27 4414.8 4418.52 4424.41 4428.59 4434.9 4440.68 4447.41 4459.47 4467.23 4475.96 4488.12 4496.53 4492.97 4465.78 4455.82 4461.95 4469.32 4468.24 4463.23 4467.09 4465.54 4469.38 4459.35 4473.91 4463.8 4458.33 4459.54 4451.71 4443.2 4436.13 4423.76 4425.84 4435.35 4454.62 4462.3 4467.21 4468.52 4468.61 4475.37 4484.73 4471.94 4469.73 4478.94 4462.48 4463.35 4480.2 4479.78 4491.62 4511.43 4525.3 4517.84 4525.61
4430.23 4429.4 4430.14 4428.92 4428.08 4439.15 4449.2 4449.14 4452.33 4450.43 4444 4428.42 4414.63 4405.64 4400.96 4415.19 4432.38 4430.39 4424.14 4421.68 4422.01 4422.29 4427.04 4439.16 4450.65 4474.58 4474 4473.08 4471.6 4463.39 4458.27 4467.64 4465.1 4465.74 4459.2 4447.46 4448.78 4456.73 4463.14 4456.29 4447.76 4437.67 4435.62 4445.93 4427.76 4410.44 4419.33 4436.46 4451.24 4460.23 4470.61 4479.4 4485.29 4487.87 4482.95 4472.39 4482.31 4495.92 4479.93 4468.43 4481.62 4492.83 4519.24 4546.7 4548.84 4516.03 4499.93
4431.89 4428.59 4429.82 4439.93 4429.12 4446.56 4451.29 4445.97 4446.44 4441.85 4427.24 4400.55 4403.31 4418.07 4419.78 4417.86 4420.18 4417.08 4413.13 4411.18 4407.16 4397.85 4392.26 4398.03 4412.75 4440.07 4446.61 4445.58 4444.56 4447.21 4451.37 4460.7 4460.27 4454.7 4448.29 4434.17 4441.31 4445.14 4448.62 4447.23 4432.73 4416.81 4421.73 4433.23 4413.96 4403.26 4412.3 4423.51 4427.41 4453.03 4464.22 4474.68 4496.63 4490.12 4476.47 4477.16 4469.09 4481.11 4471.79 4475.22 4472.82 4486.08 4535.95 4552.66 4554.87 4489.63 4483.61
4435.03 4437.49 4436.17 4439.21 4428.3 4437.37 4433.68 4427.01 4428.77 4423.03 4401.7 4397.16 4422.18 4427.59 4421.22 4420.88 4399.49 4413.57 4412.94 4406.31 4395.08 4391.81 4383.91 4380.69 4397.14 4418.76 4423.95 4430.3 4437.47 4435.03 4439.16 4446.28 4445.83 4437.95 4429.22 4434.38 4456.43 4455.88 4461.9 4449.42 4424.99 4413.2 4410.99 4425.43 4413.14 4405.31 4417 4434.37 4457.27 4482.26 4475.89 4488.55 4500.82 4505.02 4504.89 4505.85 4496.23 4468.97 4474.65 4478.47 4456.43 4457.14 4500.79 4553.96 4500 4469.4 4462.27
4443.62 4445.46 4439.9 4440.89 4446.45 4430.71 4425.35 4424.03 4418.22 4405.33 4393.11 4408.02 4426.94 4423.17 4419.94 4423.92 4409.3 4438.8 4419.36 4407.25 4384.67 4361.64 4384.34 4380.67 4396.05 4409.34 4406.66 4418.42 4423.77 4418.83 4434.42 4431.05 4428.43 4421.87 4426.89 4444.15 4476.02 4478.42 4480.5 4449.06 4422.54 4414.88 4402.64 4393.54 4394.19 4400.1 4431.31 4467.24 4499.38 4529.41 4507.7 4495.48 4516.11 4528.14 4547.6 4537.95 4520.72 4511.11 4517.33 4483.2 4458.38 4467.06 4472.88 4510.23 4484.11 4453.88 4442.63
4451.02 4439.76 4436.37 4436.47 4445.96 4428.56 4418.42 4409.82 4398.4 4396 4406.49 4417.83 4420.71 4416.14 4415.8 4415.59 4415.54 4411.13 4427.72 4413.5 4392.44 4390.38 4394.16 4396.33 4405.6 4409.01 4405.82 4419.68 4438.86 4439.33 4428.97 4416.18 4428.3 4427.85 4443.6 4459.92 4475.43 4501.89 4487.91 4442.36 4420.79 4417.02 4395.83 4383.22 4383.03 4405.56 4451.7 4513.67 4568.6 4576.42 4538.61 4513.98 4508.03 4540 4560.61 4559.77 4530.24 4515.09 4481.99 4450.12 4456.57 4478.54 4490.48 4497.65 4483.15 4456.19 4418.02
4459.51 4440.73 4432.28 4435.45 4438.27 4424.92 4410.79 4399.58 4401.07 4403.27 4416 4418.7 4423.44 4416.29 4414.85 4413.72 4411.72 4412.41 4432.4 4417.18 4396.64 4392.11 4385.12 4382.9 4402.53 4400.74 4393.1 4403.2 4437.72 4444.49 4425.02 4426.92 4422.78 4438.87 4459.98 4458.66 4484.02 4510.74 4468.51 4430.57 4414.57 4402.24 4381.86 4365.35 4382.66 4393.99 4462.31 4548.98 4640.32 4637.65 4567.19 4515.4 4506.6 4545.85 4593.03 4580.73 4528.77 4510.05 4462.38 4444.23 4456.01 4443.04 4434.29 4460.89 4465.13 4449.78 4412.5
4450.85 4430.83 4429.57 4437.51 4430.88 4416.38 4407.48 4408.46 4422.45 4416.47 4411.86 4411.06 4416.96 4413.15 4414.52 4415.52 4404.06 4402.01 4407.07 4406.86 4387.31 4375.93 4375.15 4378.83 4398.58 4397.35 4390.84 4396.34 4421.89 4433.74 4428.33 4412.66 4405.92 4439.52 4441.13 4449.27 4464.94 4473.13 4436.72 4416.46 4404.23 4387.41 4367.27 4363.61 4392.91 4409.85 4468.64 4551.01 4626.74 4595.71 4564.55 4513.21 4502.77 4535.88 4575.2 4550.55 4477.72 4451.45 4444.42 4442.83 4472.17 4455.08 4439.11 4433.67 4448.38 4449.17 4417.24
4441.24 4433.01 4439.61 4443.88 4432.25 4424.1 4406.77 4414.24 4420.26 4411.94 4412.4 4416.02 4421.81 4414.58 4412.39 4408.48 4404.13 4398.08 4391.21 4399.43 4384.64 4374.38 4379.72 4387.58 4402.89 4395.68 4391.58 4398.45 4411.33 4431.6 4422.98 4411.12 4392.42 4432 4428.25 4442.99 4455.89 4452.88 4423.33 4401.79 4392.13 4381.46 4362.51 4361.93 4388.14 4410.81 4455.01 4522.18 4597.92 4644.18 4579.92 4513.58 4489.37 4516.31 4528.07 4509.13 4471.55 4445.53 4434.39 4452.8 4454.16 4460.27 4448.33 4431.93 4430.42 4418.87 4417.54
4448.17 4443.03 4446.27 4446.78 4447.89 4424.78 4413.68 4416.84 4419.61 4421.32 4420.38 4426.95 4415.25 4410.55 4406.11 4404.59 4410.49 4392.92 4392.93 4389.05 4386.67 4384.05 4387.89 4395.43 4392.41 4389.05 4387.18 4389.75 4397.87 4428.99 4426.11 4413.22 4390.37 4412.93 4411.6 4422.1 4427 4419.68 4399.05 4394.91 4398.73 4383.06 4357.61 4361.37 4362.84 4383.63 4416 4471.17 4525.58 4576.11 4548.84 4473.1 4485.82 4492.56 4492.64 4483.32 4452.44 4446.31 4433.09 4435.42 4433.3 4460.5 4444.09 4429.54 4407.18 4405.02 4394.3
4444.88 4450.77 4449.81 4445.45 4433.22 4417.69 4424.83 4415.89 4423.22 4422.92 4416.25 4411.69 4404.99 4400.54 4398.32 4397.96 4411.6 4403.27 4390.15 4380.53 4378.93 4389.85 4394.17 4391.72 4391.05 4384.84 4383.04 4385.48 4398.66 4404.49 4420.26 4414.52 4403.66 4413.25 4406.6 4408.31 4419.73 4415.18 4403.31 4389.96 4382.72 4371.16 4370.3 4358.91 4379.41 4374.49 4380.62 4419.3 4449.42 4467.8 4478.22 4446.09 4457.95 4458.71 4461.73 4470.45 4444.61 4434.32 4431.96 4423.49 4415.92 4423.49 4436.51 4425.93 4434.5 4413.77 4366.35
