real_craters/C197-300m.grd
DSAA
651 651
-97.475 97.475
-97.475 97.475
2607.9095965283 5241.3412938928
[rows 330 to 359 of 651, columns 134 to 200 of 651]
4127.72 4127.39 4127.25 4126.4 4123.71 4119.87 4120.38 4117.33 4110.67 4113.2 4114.13 4111.23 4101.69 4089.91 4099.19 4107.16 4112.14 4115.22 4117.71 4117.96 4116.61 4114.05 4110.04 4104.88 4108.15 4116.25 4116.45 4116.94 4114.09 4118.68 4123.87 4127.75 4131.64 4135.48 4141.69 4145.8 4149.78 4153.56 4157.53 4160.68 4160.9 4164.49 4169.55 4173.94 4178.44 4183.64 4189.18 4195.1 4200.47 4205.87 4210.63 4215.36 4219.64 4222.68 4223.83 4221.71 4232.12 4246.14 4265.71 4284.59 4298.22 4327.3 4332.23 4323.73 4314.44 4304.75 4295.6
4135.07 4132.37 4130.37 4128.65 4126.01 4122.4 4120.19 4111.04 4104.71 4109.51 4111.8 4109.32 4107.24 4105.08 4104.76 4109.62 4114.33 4115.78 4114.03 4119.3 4121.06 4119.47 4116.7 4112.53 4114.9 4120.25 4120.7 4120.61 4117.93 4123.35 4128.56 4131.32 4136.65 4140.51 4144.41 4147.75 4151.3 4155.15 4158.06 4161.64 4161.51 4163.71 4165.53 4173.15 4178.38 4183.53 4187.3 4194.11 4199.27 4204.53 4209.32 4214.12 4218.31 4222.85 4228.11 4234.8 4240.07 4250.94 4267.39 4283.93 4297.23 4340.7 4344.01 4329.1 4316.11 4306.18 4295.72
4138.98 4134.9 4132.43 4131.46 4132.08 4133.9 4129.08 4120.52 4112.24 4112.93 4114.03 4119.21 4112.01 4109.81 4110.18 4114.78 4120.71 4124.16 4121.49 4127.23 4128.27 4127.69 4127.26 4128.87 4131.84 4130.82 4132.27 4131.6 4133.08 4134.41 4135.38 4137.99 4143.13 4145.21 4148.61 4151.84 4154.79 4157.52 4159.97 4162.38 4162.74 4166.92 4171.68 4174.33 4177.96 4182.48 4186.83 4191.57 4196.52 4201.09 4205.94 4210.21 4215.54 4222.74 4230.13 4243.67 4245.11 4251.85 4261.09 4274.24 4297.43 4333.9 4334.15 4321.68 4310.14 4301.44 4293.05
4138.03 4134.06 4131.96 4131.52 4133.56 4137.55 4134.94 4133.44 4126.26 4119.72 4114.01 4104.09 4102.8 4104.17 4113.21 4121.17 4129.4 4139.27 4148.3 4140.48 4137.84 4137.14 4138.11 4139.39 4140.41 4138.35 4143.88 4138.71 4139.93 4140.54 4140.94 4143.97 4147.13 4150 4154.39 4157.16 4158.82 4160.9 4162.67 4161.35 4162.67 4166.33 4171.12 4173.78 4179.34 4184.25 4186.48 4191.03 4195.67 4200.52 4205.04 4209.81 4215.28 4220.76 4226.94 4233 4244.2 4253.37 4263.4 4281.5 4346.78 4326.31 4313.43 4309.13 4300.48 4292.49 4288.86
4130.79 4129.78 4128.79 4128.38 4128.45 4128.74 4129.78 4132.57 4135.67 4125.33 4117.86 4115.35 4110.51 4113.07 4119.95 4127.31 4134.95 4143.44 4148.13 4146.33 4143.61 4143.77 4145.75 4149.21 4151.86 4144.53 4136.4 4136.7 4136.98 4138.12 4142.33 4148.37 4152.77 4156.14 4158.42 4160.03 4161.71 4163.34 4164.45 4162.48 4163.19 4162.14 4167.1 4173.68 4179.36 4183.88 4189.14 4194.13 4199.05 4204.15 4209.28 4214.26 4219.82 4223.47 4228.01 4233.71 4245.64 4256.48 4272.59 4300.31 4333.86 4324.62 4308.07 4302.05 4295.33 4290.17 4288.51
4122.8 4124.63 4124.57 4124.02 4122.47 4118.58 4121.42 4132.62 4132.8 4124.99 4119.37 4117.88 4124.3 4126.48 4128.34 4131.66 4136.52 4142.4 4145.69 4145.33 4145.25 4146.53 4149.23 4154.39 4160 4146.28 4138.83 4136.76 4134.53 4135.73 4145.7 4153.02 4157.52 4160.04 4161.84 4163.19 4164.29 4165.39 4166.43 4164.51 4166.73 4168.13 4171.03 4175.12 4178.85 4181.64 4189.45 4194.36 4199.16 4204.32 4209.68 4214.15 4220.3 4226.28 4232.06 4238.05 4245.84 4258.43 4275.89 4302.54 4343.44 4324.36 4305.42 4300.64 4297.25 4294.58 4293.63
4121.17 4120.69 4120.91 4121.21 4121.21 4121.63 4128.06 4131.65 4121.17 4121.81 4120.37 4121.56 4133.75 4135.16 4133.37 4133.05 4134.71 4138.5 4141.14 4142.31 4143.6 4145.4 4146.37 4148.94 4144.93 4134.9 4137.27 4137.94 4138.61 4142.42 4155.93 4162.4 4164.02 4164.82 4164.3 4164.86 4165.38 4166.23 4167.16 4165.67 4168.55 4175.94 4175.59 4176.09 4176.97 4180.64 4184.87 4192.99 4196.94 4202.03 4209.29 4213.53 4219.27 4227.4 4238.24 4242.66 4246.61 4254.94 4269.43 4301.59 4328.27 4313.41 4300.46 4306.25 4311.14 4308.72 4304.03
4115.23 4114.98 4116.01 4117.68 4120.29 4126.44 4136.68 4139.64 4130.66 4124.28 4123.7 4131.46 4137.11 4137.7 4134.2 4131.14 4129.14 4128.45 4131.75 4135.95 4139.26 4141.28 4141.5 4137.14 4123.07 4123.6 4125.2 4131.1 4150.61 4171.67 4176.52 4173.56 4170.04 4168.35 4167.48 4167.13 4167.03 4166.92 4167.75 4167.29 4167.86 4166.44 4173.54 4176.57 4178.59 4183.23 4187.44 4192.33 4196 4202.34 4207.7 4212.82 4221.91 4230.43 4240.31 4242.24 4245.1 4248.84 4253.17 4254.51 4282.36 4315.79 4313.92 4317.84 4325.83 4322.81 4313.8
4104.58 4108.6 4111.49 4113.9 4116.57 4120.11 4123.2 4133.54 4138.17 4123.21 4106.02 4113.06 4133.84 4135.96 4132.33 4127.74 4123.04 4120.71 4124.18 4130.55 4135.71 4138.59 4137.75 4131.12 4120.21 4120.01 4120.59 4130.56 4157.54 4189.92 4188.48 4180.17 4174.94 4172.27 4169.89 4168.07 4167.45 4167.54 4168.02 4166.97 4168.89 4173.63 4174.58 4176.48 4179.9 4185.43 4190.29 4195.4 4200.45 4205.92 4211.23 4219.01 4225.37 4231.73 4242.21 4240.68 4243.36 4246.88 4253.05 4265.83 4337.57 4350.11 4332.27 4328.35 4331.93 4327.99 4320.57
4100.38 4105.98 4109.37 4111.69 4113.73 4115.17 4116.96 4126.48 4126.04 4112.96 4093.3 4102.36 4128.3 4131.41 4129.12 4125.19 4119.12 4110.66 4119.33 4127.86 4134.32 4138.83 4140.4 4136.51 4128 4122.98 4121.86 4125.34 4150.46 4171.82 4177.41 4176.38 4174.29 4171.67 4169.75 4168.54 4167.72 4167.16 4167.36 4166.4 4168.31 4170.66 4174.68 4177.84 4182.47 4189 4194.61 4200.5 4206.06 4212.69 4218.46 4225.02 4228.86 4228.67 4224.39 4233.66 4241.54 4249.19 4264.05 4304.13 4415.25 4389.59 4347.48 4332.02 4332.27 4328.64 4322.44
4106.5 4107.53 4109.05 4110.33 4112.27 4116.03 4122.53 4127.94 4126.34 4117.28 4103.33 4106.37 4120.11 4124.63 4125.11 4124.04 4121.7 4120.12 4123.12 4129.38 4135.9 4141.37 4147.26 4154.69 4151.44 4139.37 4134.24 4134.49 4144.1 4154.82 4163.39 4169.12 4169.96 4169.66 4168.98 4167.64 4166.83 4166.02 4165.84 4164.21 4167.16 4170.9 4173.93 4177.31 4182.82 4188.56 4195.55 4201.31 4207.88 4214.09 4221.61 4226.54 4231.83 4234.54 4234.31 4237.59 4243.87 4253.17 4270.08 4315.9 4408.57 4390.31 4350.93 4332.18 4327.21 4327.39 4323.74
4111.3 4110.83 4110.19 4110.08 4111.07 4114.9 4124.12 4130.92 4129.77 4123.11 4117.43 4110.89 4112.34 4119.13 4122.43 4124.19 4126.08 4128.87 4128.85 4131.68 4136.61 4142.33 4149.09 4158.1 4154.53 4149.25 4142.95 4135.19 4144.81 4152.29 4158.59 4163.53 4166.33 4167.06 4166.84 4166.51 4165.49 4164.58 4163.67 4160.72 4162.51 4166.77 4170.77 4175.89 4181.55 4188.08 4194.35 4200.42 4208.28 4213.65 4222.55 4229.58 4237.18 4244.14 4248.04 4249.22 4251.01 4256.63 4263.92 4288.94 4349.82 4362.07 4341.14 4328.95 4332.44 4328.94 4323.76
4117.44 4114.64 4111.86 4109.57 4107.86 4108.79 4117.35 4133.3 4133.82 4131.97 4129.19 4119.72 4115.82 4118.93 4121.19 4123.46 4127.87 4131.28 4131.18 4133.27 4136.95 4141.45 4145.1 4145.53 4142.44 4149.37 4152.61 4155.03 4154.27 4154.53 4157.01 4162.77 4165.74 4166.8 4166.78 4166.18 4165.12 4163.93 4158.94 4157.43 4155.7 4159.14 4168.55 4174.09 4180.68 4186.38 4192.83 4199.85 4206.85 4215.55 4224.21 4232.97 4243.11 4255.67 4263.81 4262.29 4261.46 4261.79 4262.67 4266.51 4323.59 4344.26 4333.13 4329.03 4335.36 4330.1 4324.01
4121.25 4118.93 4114.79 4110.02 4105.54 4101.73 4107.73 4132.51 4134.26 4133.13 4128.51 4129.31 4126.51 4122.26 4120.63 4120.37 4123.43 4128.25 4128.66 4131.9 4135.55 4139.93 4141.98 4139.77 4137.28 4145.9 4151.24 4155.25 4157.86 4159.84 4162.61 4165.56 4165.86 4165.17 4164.72 4164.09 4163.35 4162.34 4158.48 4156.31 4156.86 4160.56 4168.37 4175.79 4183.72 4190.01 4196.47 4202.43 4212.11 4218.17 4227.16 4236.18 4247.94 4262.91 4274.18 4271.65 4273.14 4276.05 4280.89 4291.18 4328.62 4340.44 4333.71 4328.07 4329.31 4327.65 4323.96
4126.57 4123.96 4118.37 4111.88 4105.68 4101.75 4106.57 4122.23 4128.6 4128.65 4126.69 4130 4128.49 4123.89 4120.35 4116.57 4110.78 4113.14 4123.74 4130.31 4135.5 4140 4142.65 4143.05 4140.62 4143.09 4148.42 4154.01 4159.44 4165.78 4172.74 4168.09 4164.58 4163.85 4164.51 4163.84 4163.42 4162.84 4159.05 4157.91 4157.2 4162.62 4170.78 4179.07 4186.13 4193.86 4203.19 4210.45 4218.01 4225.7 4231.21 4239.18 4247.66 4257.07 4266.66 4274.86 4283.38 4294.35 4310.6 4327.73 4333.68 4335.24 4331.21 4326.74 4324.98 4324.59 4323.35
4134.02 4129.32 4122.28 4115.28 4108.89 4104.15 4107.3 4117.32 4125.14 4126.9 4126.22 4128.47 4126.53 4123.23 4120.52 4118.1 4112.88 4115.34 4124.72 4131.16 4136.64 4141.77 4145.36 4147.78 4147.46 4148.98 4150.77 4155.6 4162.09 4164.81 4166.24 4162.44 4161.15 4161.64 4162.46 4162.87 4163.56 4163.84 4161.91 4162.53 4165.2 4169.01 4175.34 4182.14 4189.93 4197.83 4207.46 4215.35 4222.09 4229.33 4235.21 4241.66 4247.63 4253.14 4263.24 4276.49 4289.88 4306.42 4328.89 4341.88 4333.08 4325.77 4327.5 4329.24 4322.66 4322.41 4322.71
4134.88 4131.23 4125.04 4119.1 4113.53 4110.05 4113.4 4123.74 4128.06 4126.07 4122.26 4120.79 4121.25 4121.19 4121.5 4123.82 4131.53 4130.38 4130.52 4134.61 4139.17 4143.38 4148.89 4154.15 4155 4151.99 4149.24 4157.39 4167.58 4158.56 4148.96 4151.24 4157.46 4160.06 4161.63 4163.16 4164.54 4165.45 4164.1 4166.92 4172.1 4175.42 4179.97 4186.1 4193.66 4201.1 4210.15 4217.85 4225.04 4232.22 4238.73 4244.26 4248.8 4255.96 4265.12 4277.52 4291.55 4306.25 4326.59 4336.17 4325.46 4317.91 4318.26 4315.76 4317.58 4319.91 4321.18
4130.04 4129.41 4126.88 4123.48 4119.98 4115.93 4121.53 4132.44 4134.09 4129.63 4123.33 4116.15 4117.88 4120.27 4122.04 4125.13 4130.58 4133.3 4135.67 4139.64 4143.17 4146.77 4151.87 4157.09 4158.52 4155.52 4155.02 4162.81 4155.63 4155.53 4152.17 4155.15 4158.65 4161.21 4162.95 4164.26 4165.25 4166.37 4165.26 4168.79 4174.44 4178.43 4183.08 4189.53 4196.86 4206 4213.87 4221.16 4229.59 4236.73 4243.28 4247.93 4251.66 4252.77 4264.94 4278.43 4289.83 4298.29 4302.95 4311.87 4318.9 4320.42 4312.36 4307.33 4315.86 4318.24 4318.59
4130.45 4130.54 4127.95 4127.89 4129.2 4130.42 4130.35 4133.75 4134.86 4137.49 4124.48 4121.41 4119.46 4121.04 4123.39 4124.08 4124.4 4132.76 4140.01 4145.38 4148.97 4151.17 4151.76 4162.53 4173.05 4174.42 4177.71 4171.61 4160.15 4160.83 4164.35 4166.24 4163.3 4163.63 4164.8 4166.34 4167.38 4168.07 4165.97 4167.81 4172.31 4179.47 4186.02 4194.66 4202.48 4209.92 4218.05 4226 4234.65 4242.6 4251.17 4256.68 4261.15 4263.25 4272.88 4283.15 4290.92 4294.37 4295.63 4301.7 4309.77 4312.38 4307.75 4309.68 4317.43 4315.87 4313.49
4124.3 4122.26 4127.27 4129.41 4134.6 4144.18 4135.69 4126.41 4124.89 4129.62 4119.72 4118.71 4118.99 4123.05 4127.84 4130.15 4126.47 4138.99 4146.72 4152.26 4156.78 4160.41 4161.85 4179.46 4191.69 4190.55 4188.98 4177.43 4172.42 4165.17 4164.75 4165.55 4164.84 4165.64 4167.27 4168.27 4169.81 4170.51 4167.46 4168.07 4172.01 4181.37 4191.3 4200.42 4208.25 4216.79 4225.34 4234.6 4243.22 4251.66 4260.2 4268.28 4276.62 4282.09 4286.38 4290.32 4294.4 4296.69 4296.99 4300 4302.32 4302.32 4300.31 4303.11 4312.5 4310.71 4307.05
4126.12 4130.89 4127.5 4127.06 4127.4 4128.73 4128.14 4121.66 4118.83 4119.28 4115.58 4108.16 4115.27 4125.07 4135.53 4145.78 4154.53 4153.87 4156.39 4160.53 4165.85 4173.54 4188.02 4210 4204.6 4192.73 4180.16 4175.13 4165.45 4159.85 4158.99 4159.48 4163.27 4166.22 4169.55 4172.2 4174.15 4175.18 4172.08 4171.97 4176.95 4187.02 4196.34 4205.65 4214.55 4223.32 4232.48 4241.66 4250.8 4259.15 4268.98 4278.47 4290.72 4302.51 4297.3 4295.93 4296.16 4301.76 4305.36 4301.6 4296.88 4294.22 4292.4 4297.14 4305.73 4303.02 4298.51
4123.21 4127.71 4123.44 4123.37 4122.8 4120.24 4125.13 4124.57 4121.47 4121.4 4099.59 4099.7 4115.74 4129.18 4142.18 4158.08 4167.45 4164.38 4163.85 4167.05 4172.42 4180.9 4192.37 4206.04 4203.37 4191.85 4179.3 4180.9 4169.03 4157.52 4155.89 4160.35 4163.84 4168.93 4173.14 4176.73 4179.87 4182.22 4181.25 4181.09 4186.22 4195.81 4204.44 4212.98 4221.48 4230.02 4238.75 4247.33 4256.35 4264.44 4274.61 4283.77 4293.62 4300.77 4298.65 4296 4294.21 4298.87 4310.06 4297.61 4289.46 4282.89 4284.04 4290.96 4294.02 4294 4290.53
4114.07 4107.19 4115.44 4121.82 4126.73 4131.39 4133.29 4135.37 4134.08 4119.12 4116.83 4117.37 4125.96 4134.4 4143.35 4155.8 4167.44 4165 4166.5 4169.92 4175.06 4182.42 4189.84 4195.08 4196.09 4192.18 4187.4 4189.23 4170.57 4152.24 4155.28 4157.45 4166.56 4173.61 4178.26 4182.34 4186.96 4188.52 4193.47 4200.02 4203.5 4207.56 4213.93 4221.72 4229.66 4237.45 4245.65 4253.78 4261.5 4267.87 4276.23 4284.06 4290.69 4293.96 4294.13 4291.43 4287.09 4285.22 4281.87 4285.24 4282.81 4279.94 4283.06 4287.61 4287.8 4287.34 4284.74
4111.75 4110.64 4116.48 4123.72 4129.91 4136.37 4143.03 4149.75 4159.01 4165.25 4154.09 4147.95 4141.28 4140.86 4142.57 4139.57 4144.95 4158.92 4165.21 4169.68 4174.86 4181.13 4188.19 4187.27 4188.98 4192.57 4197.95 4199.01 4179.68 4161.44 4163.61 4171.34 4177.79 4181 4183.51 4187.92 4192.54 4196.25 4203.32 4211.17 4214.83 4217.92 4222.03 4227.81 4234.5 4241.58 4249.67 4257.13 4263.24 4270.9 4278.18 4283.71 4288.47 4290.33 4289 4285.42 4278.82 4276.41 4276.8 4276.57 4278.5 4281.09 4283.78 4285.43 4283.74 4283.3 4280.76
4114.28 4118.91 4123.58 4129.1 4135.45 4143.47 4152.21 4159.59 4162.63 4164.02 4161.12 4158.07 4149.92 4146.05 4146.53 4151.11 4154.47 4158.54 4163.93 4168.18 4172.32 4174.75 4173.86 4172.39 4180.31 4188.28 4199.06 4205.33 4191.55 4169.87 4178.59 4189.37 4190.68 4186.5 4187.39 4191.74 4197.66 4202.53 4210.7 4217.54 4222.09 4225.91 4230.36 4235.39 4241.59 4248.13 4254.22 4260.34 4267.52 4274.49 4280.36 4283.82 4285.27 4286.2 4284.94 4281.17 4272.85 4264.64 4264.31 4269.64 4275.2 4282.23 4288 4284.9 4285.05 4283.21 4279.25
4117.46 4121.73 4128.38 4136.98 4142.79 4152.19 4161.43 4168.41 4174.81 4170.56 4163.37 4160.54 4149.67 4148.12 4150.61 4152.47 4156.94 4160.72 4163.86 4166.64 4169.47 4169.47 4166.05 4167.33 4173.57 4179.52 4184.35 4191.66 4204.59 4203.42 4188.2 4186.85 4185.84 4185.25 4188.36 4193.48 4200.76 4206.27 4215.55 4224.91 4228.21 4231.98 4236.54 4241.95 4248.03 4253.54 4259.66 4265.94 4272.35 4279.57 4284.2 4285.89 4286.14 4286.41 4284.91 4280.99 4274.24 4262.6 4258.77 4266.98 4271.77 4277.06 4281.06 4281.36 4283.1 4282.83 4279.83
4121.14 4126.43 4135.46 4149.73 4160.62 4165.96 4170.38 4174.23 4174.76 4168.07 4155.85 4137.41 4140.69 4147.46 4155.03 4162.93 4163.31 4162.65 4164.15 4165.6 4167.17 4169.38 4169.51 4167.75 4170.35 4172.92 4172.98 4179.11 4200.88 4188.67 4180.7 4175.77 4173.62 4181.03 4187.44 4194.32 4201.57 4208.01 4217.03 4224.32 4229.95 4235.03 4240.69 4246.56 4253.23 4259.05 4264.97 4271.53 4277.2 4281.94 4287.07 4291.31 4291.54 4291.44 4288.5 4284.97 4282.36 4286.47 4279.11 4271.72 4268.88 4266.78 4267.69 4276.15 4284.19 4286.17 4281.25
4125.74 4133.19 4145.54 4159.08 4176.78 4176.13 4175.82 4177.58 4178.12 4172.04 4158.13 4126.28 4138.76 4148.81 4157.01 4166.06 4164.62 4163.21 4163.81 4164.4 4166.04 4167.92 4168.21 4168.16 4169.71 4171.51 4173.4 4181.37 4209.71 4189.83 4178.8 4175.52 4175.92 4179.4 4185.96 4193.84 4202.1 4207.5 4214.85 4224.35 4230.1 4236.79 4242.81 4249.13 4255.45 4261.33 4268.15 4275.14 4280.49 4283.34 4288.85 4294.79 4307.9 4297.97 4290.8 4286.83 4283.03 4283.67 4280.44 4275.49 4270.78 4261.88 4257.4 4276.52 4281.6 4280.89 4280.59
4129.3 4135.45 4140.47 4157.05 4169.05 4174.55 4176.64 4178.91 4183.88 4188.04 4172.89 4162.53 4155.02 4154.11 4155.7 4158.01 4160.95 4162.28 4163.45 4164.53 4164.89 4165.18 4167.81 4169.68 4171.3 4173.78 4179.02 4193.24 4209.46 4199.36 4186.86 4179.13 4176.54 4178.01 4185.4 4194.41 4203.01 4208.33 4212.18 4217.86 4229.57 4237.62 4244.23 4250.73 4257.65 4264.56 4271.22 4276.61 4281.52 4285.61 4288.43 4290.01 4288.67 4293.74 4291.32 4286.21 4281.27 4275.72 4277.82 4278.95 4278.82 4278.92 4282.66 4286.66 4282.21 4276.89 4279.26
4133.62 4140.87 4150.08 4156.66 4162.73 4169.94 4173.41 4174.79 4176.22 4179.29 4175.09 4173.27 4166.32 4160.14 4155.79 4154.29 4158.69 4161.54 4163.3 4163.98 4165.07 4166.03 4168.74 4172.26 4173.58 4175.86 4180.58 4188.23 4199.24 4201.21 4193.14 4179.88 4169.88 4174.96 4186.63 4197.09 4206.09 4212.35 4219.96 4226.97 4233.39 4240.64 4248 4255.03 4262.22 4268.79 4274.27 4279.45 4283.73 4288.22 4289.89 4289.18 4289.14 4291.78 4293.77 4290.97 4286.24 4278.23 4282.87 4287.76 4291.04 4297.72 4306.17 4300.97 4288.56 4278.83 4278.76
