real_craters/C197-500m.grd
DSAA
391 391
-97.475 97.475
-97.475 97.475
2616.0072307608 5225.6885318659
[rows 240 to 269 of 391, columns 0 to 66 of 391]
4031.65 4031.46 4031.23 4029.88 4027.66 4027.86 4030.2 4029.66 4027.07 4022.34 4017.76 4016.76 4017.71 4020.35 4022.88 4023.32 4012.19 4009.73 4018.79 4019.73 3998.69 4001.23 4000.82 4005.18 4000.94 3993.7 3999.85 3995.44 3986.34 3993.97 4015.32 4023.05 4037.81 4045.41 4046.53 4038.34 4029.49 4022.03 4015.11 4008.5 3997.67 3987.2 3996.11 4008.25 4017.04 4025.08 4034.36 4040.55 4030.64 4031.13 4031.28 4032.26 4028.54 4031.15 4035.37 4040.92 4057.14 4064.68 4064.98 4051.48 4039.83 4035.71 4038.55 4044.42 4048.29 4053.47 4059.12
4031.99 4029.01 4026.16 4023.02 4021.23 4023.31 4026.88 4029.43 4027.62 4022.89 4020.02 4018.46 4023.24 4021.08 4021.36 4024.84 4039.89 4022.87 4019.87 4034.34 4058.17 4017.2 4009.3 4012.63 4016.99 4022.47 4014.08 4010.23 4023.8 4038.57 4043.12 4053.11 4050.93 4053.52 4052.53 4039.76 4025.51 4011.75 4004.63 3995.05 3993.04 4001.27 4008.62 4014.33 4017.99 4020.27 4018.2 4005.03 4012.48 4020.12 4053.67 4047.43 4037.85 4040.4 4048.45 4048.72 4058.9 4059.78 4036.46 4022.98 4028.64 4032.5 4035.63 4039.66 4044.38 4050.53 4055.96
4030.64 4029.69 4018.67 4009.14 4012.1 4016.54 4021.88 4025.92 4025.45 4022.98 4020.41 4017.32 4018.29 4017.45 4014.23 4010.68 3993.09 3998.25 4011.78 4025.95 4034.08 4034.21 4033.53 4036.34 4036.44 4030.24 4019.35 4012.52 4016.1 4035.93 4038.14 4046.1 4053.61 4055.04 4050.51 4037.2 4020.79 4008.5 4003.53 4005.18 4010.16 4021.39 4024.18 4018.76 4017.2 4017.17 4016.01 4013.92 4017.8 4028.13 4056.78 4056.23 4037.64 4048.18 4055.62 4092.57 4063.8 4043.36 4027.49 4032.26 4032.16 4031.02 4033.98 4038.03 4042.82 4047.8 4052.62
4027.4 4024.77 4015.84 4003.94 4007.04 4009.27 4010.22 4013.38 4020.82 4023.12 4021.48 4018.86 4016.54 4013.9 4006.32 3993.84 3983.86 3991.91 4003.42 4015.45 4023.67 4032.24 4038.18 4036.54 4026.79 4019.01 4011.75 4006.26 4000.39 4018.04 4038.21 4052.61 4053.35 4052.96 4049.2 4032.25 4014.62 4008.1 4007.52 4012.48 4022.24 4028.33 4023.64 4018.78 4016.16 4017.01 4019.6 4024.1 4031.7 4043.22 4065.37 4068.46 4063.17 4057.91 4066.71 4062.19 4055.51 4035 4020.47 4024.35 4023.78 4029.71 4033.75 4037.25 4040.88 4046.59 4050.41
4025.34 4026.74 4019.27 4014.3 4008.14 4003.8 4001.91 4005.99 4008.82 4016.81 4018.58 4018.92 4017.76 4013.96 4004.52 3990.36 3974.16 3985.7 3993.24 4007.69 4023.04 4029.84 4028.14 4020.59 4016.95 4011.21 4005.93 4000.3 4006.87 4026.89 4034.89 4044.75 4048.48 4047.65 4042.45 4028.09 4007.7 3990.07 4021.06 4046.39 4055.17 4037.11 4020.42 4017.93 4018.68 4020.1 4025.59 4035.81 4044.95 4052.51 4063.41 4052.12 4046.9 4055.65 4062.05 4071.07 4049.43 4027.39 4013.79 4027.85 4026.92 4028.28 4031.74 4034.37 4039.1 4042.98 4046.03
4027.44 4026.04 4019.76 4015.61 4007.09 3997.77 3990.11 3978.11 3991.29 4005.59 4014.79 4016.6 4017.7 4014.36 4006.23 3999.33 3993.48 3974.28 3983.41 4000 4013.6 4013.1 4003.81 3995.2 4004.93 4006.06 3998.64 3991.05 3985.85 4002.25 4029.07 4038.53 4042.26 4042.98 4040.18 4030.78 4015.25 4014.31 4051.99 4129.18 4096.53 4048.2 4018.52 4016.56 4019.44 4023.98 4029.83 4035.92 4039.56 4040.74 4039.41 4039.53 4042.65 4051.01 4058.23 4064.76 4041.27 4025.37 4023.29 4025.26 4024.87 4027.65 4030.29 4031.7 4033.21 4036.32 4038.93
4022.18 4020.43 4014.93 4007.64 3998.52 3991.42 3986.04 3981.04 3987.95 3998.83 4008.75 4008.99 4010.1 4009.18 4004.86 4000.04 3992.96 3983.71 3984.77 3993.65 4000.55 3999.06 3986.67 3972.02 3973.11 3986.91 3984.92 3978.78 3983.53 4010.46 4020.76 4029.19 4032.9 4036.46 4040.04 4039.31 4031.01 4021.75 4041.26 4078.67 4075.87 4046.1 4025.58 4020.75 4023.65 4028.09 4030.94 4035.22 4046.55 4037.94 4041.58 4053.78 4049.96 4045.82 4040.13 4025.66 4023.32 4022.43 4021.54 4025.41 4024.88 4024.36 4024.37 4025.01 4026.68 4029.4 4033.98
4013.69 4019.22 4009.31 3994.91 3984.84 3986.16 3987.16 3990.38 3994.1 3994.43 3991.96 3994.74 3994.76 4003.4 3999.63 3996.86 3991.17 3984.36 3982.23 3985.84 3992.27 3976.21 3965.72 3950.15 3942.23 3949.81 3957 3964.29 3973.94 3987.11 4000.39 4015.23 4019.64 4026.68 4034 4045.62 4072.27 4069.33 4031.79 4024.58 4038.26 4033.89 4022.77 4023.43 4026.86 4030.12 4033.9 4036.17 4037.73 4034.41 4044.72 4059.62 4052.14 4042.03 4034.03 4022.99 4024.89 4022.07 4021.38 4030.29 4026.36 4024.14 4023.97 4022.87 4021.13 4020.2 4029.49
4008.76 4015.8 4006.88 3994.66 3987.88 3986.01 3987.12 3986.73 3988.98 3989.75 3985.68 3985.12 3984.85 3987.49 3989.81 3990.22 3986.58 3978.89 3973.93 3971.6 3961.34 3943.97 3944.71 3942.06 3940.56 3941.03 3944.05 3954.71 3956.72 3972.82 3989.02 3990.69 4001.62 4014.74 4030.04 4053.97 4081.16 4081.92 4040.52 4027.99 4025.24 4028.58 4027.75 4027.01 4027.7 4028.33 4033 4035.28 4035.88 4041.2 4031.53 4027.05 4033.12 4033.46 4035 4040.79 4032.44 4020.63 4023.78 4024.83 4025.75 4024.55 4023.12 4019.94 4015.06 4007.65 3999.54
4023.68 4015.69 4006.98 3997.26 3988.87 3986.99 3987.75 3986.4 3986.46 3987.33 3985.87 3979.95 3976.58 3979.16 3980.49 3975.11 3974.57 3974.67 3972.62 3961.72 3948.9 3941.4 3939.67 3938.98 3940.63 3946.78 3968.13 3956.56 3950.26 3950.53 3947.2 3962.41 3980.48 3997.27 4013.26 4018.54 4027.87 4032.47 4021.38 4008.46 4026.05 4033.89 4036.71 4037.45 4032.11 4027.19 4028.42 4031.1 4039.8 4040.5 4024.34 4001.06 4011.79 4021.66 4028.78 4033.3 4014.97 4010.35 4004.88 4020.61 4025.81 4026.19 4023.31 4019.54 4014.1 4004.09 3981.69
4041.27 4021.04 4008.58 3998.58 3991.18 3987.81 3984.01 3980.48 3982.31 3980.05 3975.68 3975.41 3974.74 3976.38 3977.47 3972.18 3970.76 3970.79 3965.28 3959.43 3950.05 3940.14 3938.32 3940.7 3946.43 3968.93 3941.9 3953.38 3961.73 3943.53 3938.75 3948.02 3964.18 3980.43 3995.14 4005.66 4007.43 4027.57 4030.14 4041.8 4043.08 4043.31 4052.18 4041.91 4030.14 4024.46 4022.27 4022.06 4019.58 4031.44 4013.82 4005.14 4004.7 4013.13 4019.2 4020.94 4014.75 4009.3 4013.61 4029.27 4031.58 4027.83 4025.44 4023 4020.02 4016.74 4021.58
4025.26 4017.45 4007.96 3999.39 3994.21 3989.5 3987.97 3985.73 3979.65 3976.62 3974.26 3972.53 3972.66 3978.6 3978.29 3972.07 3972.12 3972.12 3970.98 3964.39 3956.69 3951.64 3942.81 3946.39 3948.73 3960.85 3964.51 3954.28 3952.22 3964.89 3960.97 3946.36 3958.14 3972.41 3986.37 3998.99 3988.86 4037.55 4121.44 4088.04 4055.67 4040.98 4030.63 4023.28 4018.91 4016.52 4013.61 4011.68 4013.43 4017.71 4002.02 3994.74 4001.23 4007.93 4011.68 4012.74 4012.84 4008.64 4009.16 4026.44 4027.01 4027.03 4025.97 4025.32 4025.98 4030.53 4039.17
4021.12 4015.02 4006.43 3997.4 3989.25 3986.79 3988.31 3988.42 3981.24 3976.74 3973.94 3970.26 3967.02 3966.44 3972.31 3977.9 3974.35 3974.15 3974.46 3968.8 3964.9 3964.11 3965.82 3955.66 3954.11 3947.89 3953.33 3952.72 3958.4 3968.94 3952.86 3947.24 3960.15 3973.53 3981.62 3978.51 3975.7 4020.73 4045.27 4051.29 4042.56 4028.11 4013.46 4006.64 4006.4 4006.51 4003.79 3999.46 3992.21 3981.08 3988.02 3999.88 4001.86 4005.88 4008.7 4008.24 4008.43 4010.07 4012.87 4015.26 4021.41 4023.33 4024.04 4025.84 4030.87 4038.67 4051.07
4014.25 4012.14 4005.02 3994.73 3986.79 3984.62 3988.9 3987.79 3981.17 3979.28 3975.66 3969.32 3963.27 3959.72 3965.83 3968.57 3972.71 3974.8 3972.52 3967.81 3968.74 3968.54 3956.77 3960.56 3965.78 3973.71 3965.81 3964.11 3966.89 3971.56 3947.28 3947.03 3965.71 3977.61 3989.65 4001.47 4017.57 4028.95 4036.55 4030.6 4022.83 4012.86 3999.66 3994.38 3998.45 4000.51 3997.68 3991.69 3977.93 3958.34 3980.07 3991.88 4001.89 4007.8 4010.52 4011.15 4011.94 4014.62 4017 4017.5 4019.87 4020.2 4022.31 4025.07 4029.86 4037.85 4047.91
4009.14 4009.49 4003.91 3995.14 3983.36 3976.75 3986.15 3986.85 3979.44 3978.28 3976.44 3969.5 3962.53 3958.24 3968.7 3965.66 3971.11 3977.25 3982.11 3973.64 3960.29 3963.11 3959.69 3967.14 3972.12 3973.61 3969.63 3970.99 3973.81 3971.72 3939.07 3972.89 3977.62 3983 3995.4 4019.16 4039.98 4028.95 4019.48 4007.85 4004.52 4002.66 3997.41 3995.76 4000.87 3999.79 3998.44 3996.06 3996.15 3991.61 3986.98 3999.91 4005.73 4009.14 4013.37 4018.11 4024.69 4034.17 4040.15 4025.18 4015.16 4016.73 4019.36 4022.61 4027.53 4032.92 4034.89
4013.75 4010.6 4004.27 3998.09 3992.91 3995.25 3996.11 3985.45 3983.26 3979.18 3978.19 3972.27 3964.89 3960.05 3963.03 3961.43 3972.49 3979.72 3982.38 3969.78 3957.19 3964.66 3977.27 3976.7 3976.69 3974.85 3967.36 3961.45 3968.42 3964.5 3964.21 3982.55 3976.5 3978.09 3984.36 3996.92 4002.63 3992.76 3973.81 3979.17 3988.77 3996.45 4008.33 4020.95 4009.3 4003.34 3999.72 3998.48 4000.17 3990.49 3986.91 3995.03 4002.59 4009.16 4015.43 4023.6 4036.24 4042.16 4052.82 4034.46 4016.73 4017.48 4018.09 4019.76 4023.03 4029.17 4042.38
4012.45 4006.28 4002.74 4002.46 4002.35 4001.86 3999.05 3995.4 3990.62 3995.43 3985.43 3977.8 3970.56 3962.43 3958.55 3976.57 3980.19 3982.86 3984.37 3984.9 3981.67 3978.73 3979.88 3979.31 3978.48 3980.97 3974.48 3966.14 3973.28 3983.08 3983 3966.2 3963.61 3963.97 3962.26 3951.7 3929.17 3952.84 3960.06 3965.99 3977.6 3990.53 4001.47 4001.18 4006.16 4001.07 3997.19 3993.72 3991.45 3987.14 3980.67 3989.93 4001.05 4008.26 4014.58 4023.29 4033.12 4047.58 4063.89 4042.38 4023.13 4019.11 4017.65 4016.96 4017.37 4018.74 4022.2
3999.65 3998.47 3999.85 4002.72 4006.53 4012.36 4002 3998.02 3995.1 3995.6 3989.66 3983.68 3979.4 3978.73 3986.84 3990.54 3987.77 3986.9 3985.95 3983.56 3983.35 3981.42 3978.84 3977.51 3977.72 3975.31 3978.31 3981.56 3978.44 3977.84 3971.11 3959.79 3954.06 3952.54 3946.69 3935.56 3924.96 3929.62 3943.96 3955.4 3968.69 3981.97 3994.74 4013.04 4001.82 3995.87 3991.52 3987.15 3981.74 3981.35 3992.81 3993.3 4000.77 4006.71 4011.06 4017.11 4025.43 4019.42 4035.72 4031.91 4020.77 4020.43 4017.36 4015.36 4013.29 4011.83 4014.48
3977.59 3988.46 3995.99 4000.31 4003.77 4006.1 4001.25 3997.77 3995.96 3994.82 3990.53 3987.13 3986.17 3988.04 3989.5 3989.67 3988.27 3988.23 3988.06 3986.47 3989.37 3978.97 3970.89 3969.12 3976.77 3981.31 3973.3 3949.56 3964.82 3963.23 3954.34 3946.96 3948.61 3946.22 3941.38 3932.6 3927.56 3927.96 3932.98 3950.76 3963.3 3974.06 3981.25 3982.42 3985.91 3986.71 3985.21 3982.07 3981.92 3981.77 3984.07 3993.22 4005.33 4003.18 4005.03 4006.92 4008.3 4007.56 4019.23 4021.01 4022.69 4019.54 4016.45 4014.95 4014.2 4012.84 4014.37
3983.56 3990.21 3993.51 3995.61 3996.65 3999.24 3996.23 3996.1 3995.66 3989.4 3988.18 3988.68 3989.54 3991.16 3993.42 3985.75 3985.12 3987.37 3990.05 3988.82 3969.04 3970.4 3970.96 3973.74 3977.28 3981.8 3983.41 3968.63 3964.11 3954.14 3950.1 3946.93 3948.97 3947.78 3946.49 3942.79 3948.63 3948.13 3949.04 3954.61 3962.19 3969.14 3972.12 3971.25 3975.6 3979.8 3979.78 3976.91 3967.26 3979.08 3980.82 3983.43 3982.4 3991.61 3996.27 3997.87 3997.42 3999.9 4008.82 4013.16 4013.13 4015.2 4015.59 4016.03 4017.18 4020.27 4023.8
3998.78 3993.13 3990.95 3990.42 3987.97 3983.68 3992.54 3998.62 3989.98 3984 3987.09 3988.92 3989.65 3988.72 3978.23 3973.89 3979.17 3982.41 3986.83 3986.7 3964.78 3964.72 3970.92 3980.47 3972.11 3971.86 3971.16 3980.89 3968.32 3952.98 3949.47 3953.87 3950.47 3951.97 3954.69 3958.83 3961 3957.76 3958.08 3959.67 3963.74 3968.64 3971.91 3971.87 3975.84 3978.84 3979.53 3977.25 3971.47 3975.84 3978.46 3976.93 3977.85 3985.22 3988.8 3989.98 3990.37 3993.41 4002.4 4009.36 4011.96 4013.3 4014.8 4016.31 4019.54 4025.39 4028.88
3985.55 3988.3 3986.92 3986.36 3984.27 3975.89 3975.96 3989.06 3989.58 3990.1 3990.46 3989.93 3989.38 3989.23 3999.28 3978.11 3974.6 3976.85 3978.01 3975.79 3967.21 3961.18 3957.99 3944.11 3954.94 3958.53 3959.41 3970.03 3963.24 3944.31 3944.69 3951.41 3947.78 3958.99 3962.81 3962.27 3964.15 3961.69 3958.43 3961.68 3967.64 3972.12 3975.73 3980.11 3981.61 3981.77 3981.29 3981.56 3984.23 3970.03 3971.09 3980.02 3988.17 3987.5 3985.28 3984.78 3985.69 3990.64 3997.97 4010.78 4020.09 4017.44 4015.23 4015.7 4017.81 4023.88 4026.46
3984.55 3984.3 3986.66 3988.31 3989.65 3994.35 3997.68 3989.54 3988.33 3991.53 3991.96 3988.34 3985.73 3983.06 3972.06 3965.64 3971.63 3973.32 3970.22 3964.39 3961.81 3958.51 3951.85 3946.98 3949.15 3952.45 3955.52 3956.34 3955.3 3941.78 3942.13 3945.84 3966.15 3969.23 3969.52 3983.01 3970.1 3957.87 3960.77 3968.01 3973.76 3979.42 3983.65 3986.28 3987.29 3986.22 3983.77 3981.69 3980.44 3971.37 3980.59 3987.13 3986.29 3983.75 3981.96 3981.75 3982.4 3987.01 3997.01 4012.7 4032.93 4026.94 4015.33 4014.21 4013.4 4012.87 4017.48
3987.33 3981.66 3985.7 3989.92 3994 3998.48 3988.13 3990.99 3995.46 3992.23 3988.44 3985.16 3982.04 3979.57 3976.18 3972.26 3973.44 3974.59 3972.92 3971.12 3967.23 3960.12 3954.17 3949.42 3948.57 3950.93 3954.1 3954.93 3959.75 3953.6 3946.08 3934.91 3959.3 3971.05 3971.75 3980.96 3972.55 3970.04 3968.82 3975.36 3983.37 3987.7 3991.48 3995.86 3996.36 3990.83 3985.17 3979.77 3977.87 3979.81 3990.38 3986.97 3979.75 3976.74 3978.58 3979.78 3981.52 3988.82 3993.52 4006.07 4018.66 4016.27 4014.99 4013.65 4009.82 4006.03 4012.88
3986.72 3985.07 3988.66 3992.64 3995.61 3995.3 3992.88 3988.91 3987.43 3985.05 3985.5 3981.57 3979.54 3975.49 3970.98 3975.11 3979.94 3979.77 3978.14 3974.74 3969.06 3962.77 3956.32 3950.99 3949.49 3951.01 3950.94 3952.92 3958.95 3957.48 3954.56 3959.55 3966.21 3965.72 3965.55 3963.91 3963.33 3959.63 3980.45 3988.31 3992.23 3994.82 3997.07 3998.35 3996.13 3991.82 3986.13 3978.63 3977.93 3990.07 3984.93 3978.35 3976.2 3975.27 3976.84 3978.17 3981.59 3984.63 3987.42 3996.92 4004.21 4013.35 4022.21 4014.31 4008.77 4008.85 4013.19
3992.16 3993.37 3993.88 3996.68 3996.87 3992.6 3983.83 3978.03 3966.61 3976 3970.35 3978.88 3980.16 3977.53 3975.36 3979.51 3987.25 3985.19 3981.27 3967.17 3965.73 3965.29 3959.49 3954.41 3952.3 3952.62 3952.84 3948.73 3952.02 3956.78 3959.05 3960.91 3958.03 3957.46 3960.04 3957.87 3963.29 3973.9 3997.72 4003.19 4005.09 4004.6 4003.5 3999.08 3992.89 3991.76 3989.22 3987.6 3984.58 3985.48 3980.09 3974.91 3974.66 3975.22 3977.41 3977.57 3975.75 3980.59 3986.09 3991.16 3996.93 4004.5 4015.71 4009.69 4004.43 4002.85 4009.89
3993.93 3989.33 4001.15 4003.67 4003.39 3995.87 3989.37 3985.59 3986.1 3982.8 3986.71 3985 3985.59 3988.05 3988.8 3987.49 3989.26 3986.68 3982.65 3972.4 3968.97 3967.56 3961.82 3957.26 3955.22 3954.78 3954.87 3950.32 3954.46 3958.64 3962.26 3961.68 3963.21 3983.59 3964.74 3960.06 3967.57 3981.75 4014.25 4016.86 4015.25 4010.45 4008.73 4003.53 3997.53 3996.04 3989.75 3986.59 3980.86 3970.95 3970.16 3971.66 3977.19 3980.58 3983.67 3982.06 3978.89 3979.45 3984.22 3987.86 3991.65 3995.69 3998.9 4001.56 4001.25 4002.6 4007.97
4001.16 4014.86 4012.29 4010.58 4011.93 4011.42 4001.18 3996.72 3990.56 3990.05 3989.07 3988.6 3989.09 3990.35 3989.43 3987.91 3988.94 3985.62 3980.86 3977.82 3971 3964.96 3961.46 3958.26 3955.52 3954.96 3955.11 3952.48 3950.06 3967.06 3970.77 3969.4 3968.28 3970.5 3956.58 3960.88 3981.69 4011.3 4025.79 4025.93 4023.27 4018.55 4013.11 4009.82 4013.77 3998.66 3986.23 3975.04 3969.83 3966.9 3969.93 3974.74 3984.01 3992.73 3991.31 3991.1 3987.23 3985.96 3986.06 3986.26 3989.03 3992.77 3993.38 3996.28 3998.8 4002.92 4008.93
4000.59 4014.27 4010.52 4009.03 4012.63 4013.28 4007.69 4005.4 4003.14 3994.02 3990.7 3989.63 3990.59 3991.31 3987.45 3984.11 3980.78 3982.01 3980.73 3965.46 3966.28 3966.41 3959.54 3958.94 3957.56 3951.67 3948.5 3952.29 3970.11 3990.01 3981.14 3970.26 3960.65 3954.3 3950.92 3960.99 3992.45 3992.85 4020.4 4028.49 4026.2 4020.18 4012.66 4004.89 3994.91 3987.95 3981.79 3977.43 3972.24 3969.01 3978.48 3990.76 3988.59 3988.36 3994.66 4003.03 4006.74 3993.76 3990.36 3987.61 3987.6 3988.99 3992.43 3992.95 3995.23 4001.82 4012.56
4001.8 3995.72 3993.46 3998.97 4005.42 4006.56 3999.35 3995.56 3994.63 3991.75 3988.16 3987.22 3989.36 3990.55 3983.26 3969.74 3972.46 3981.07 3984.06 3982.42 3964.55 3951.8 3955.65 3959.62 3963.37 3948.38 3932.68 3944.6 3979.84 3998.2 3992.29 3977.59 3955.92 3980.2 3979.87 3968.58 3968.14 3985.9 4023.07 4030.69 4026.98 4019.55 4009.25 3997.63 3984.4 3978.65 3979.22 3973.62 3982.37 3984.97 3984.78 3984.23 3988.78 3995.51 4002.9 4010.25 4017.39 4008.43 4000.34 3990.51 3988.07 3986.82 3987.29 3989.2 3990.73 3998.73 4015.3
