real_craters/C197-500m.grd
DSAA
391 391
-97.475 97.475
-97.475 97.475
2616.0072307608 5225.6885318659
[rows 90 to 119 of 391, columns 0 to 66 of 391]
4163.31 4164.97 4143.46 4152.13 4156.38 4152.1 4148.28 4147.76 4143.88 4138.9 4138.38 4136.99 4133.14 4132.94 4132.5 4131.38 4128.14 4128.28 4133.06 4135.74 4134.35 4133.12 4131.62 4129.38 4124.31 4126.61 4126.07 4127.11 4118.14 4119.31 4121.93 4124.08 4125.78 4134.75 4126.87 4123.25 4123.4 4126.48 4128.13 4129.68 4124.58 4121.56 4119.84 4118.58 4117.89 4119.14 4116.1 4115.26 4117.37 4117.42 4116.55 4116.04 4115.75 4115.55 4115.2 4114.6 4113.8 4115.66 4113.15 4110.5 4107.38 4106.24 4105.79 4105.3 4105.1 4108.37 4112.04
4153.61 4147.19 4151.18 4148.14 4147.09 4142.92 4142.13 4144.89 4141.87 4137.77 4135.19 4133.94 4132.98 4132.08 4130.77 4129.6 4129.95 4128.45 4130.43 4131.77 4132.14 4131.98 4131.45 4130.23 4125.39 4125.3 4124.74 4122.47 4117.42 4118.62 4120.48 4122.03 4123.1 4120.39 4121.6 4118.17 4117.68 4121.3 4120.53 4120.51 4119.41 4117.76 4116.64 4115.1 4113.44 4110.53 4112.21 4112.24 4113.05 4111.34 4111.49 4112.34 4113.07 4113.57 4111.83 4109.44 4106.68 4108.16 4106.24 4103.23 4103.25 4102.92 4102.41 4101.76 4101.49 4104.16 4107.06
4146.98 4143.81 4143.07 4137.24 4128.48 4125.06 4127.29 4130.27 4133.99 4133.67 4127.95 4129.94 4133.26 4130.79 4128.24 4126.99 4126.86 4127.09 4128.01 4128.8 4129.94 4130.59 4130.3 4129.1 4123.95 4124.13 4122.87 4119.72 4118.57 4119.58 4120.15 4120.68 4120.47 4119.51 4118.1 4116.2 4115.18 4113.24 4111.19 4112.67 4113.57 4113.3 4112.68 4111.88 4111.69 4110.84 4106.79 4104.96 4107.75 4109.09 4109.7 4109.37 4109.07 4109.04 4109.7 4107.97 4104.93 4103.89 4102.81 4101.02 4100.77 4100.89 4100.77 4100.23 4100.34 4101.96 4104.52
4141.1 4133.44 4137.67 4125.71 4114.35 4110.82 4114.58 4119.55 4122.12 4113.4 4112.86 4119.49 4127.69 4125.88 4124.42 4123.02 4122.63 4125.05 4126.59 4127.38 4129.18 4130.07 4129.16 4125.89 4125.15 4124.43 4122.37 4120.64 4123.09 4121.4 4120.61 4119.87 4118.14 4116.27 4115.56 4114.07 4112.25 4110.54 4107.27 4106.83 4108.45 4108.46 4108.51 4107.93 4106.83 4106.22 4105.02 4107.7 4107.27 4106.95 4106.3 4106.58 4107.34 4108.11 4109.54 4111.93 4108.25 4105.31 4103.63 4100.74 4100.52 4100.89 4100.52 4099.92 4099.68 4100.75 4102.32
4137.84 4130.14 4123.06 4113.12 4102.4 4099.69 4110.25 4103.42 4113.54 4109.52 4103.27 4107.74 4115.78 4117.58 4119.65 4121.71 4122.94 4123.51 4125.7 4128.75 4130.71 4130.44 4130.23 4129.31 4126.89 4124.29 4123.89 4120.19 4122.92 4122.16 4121.08 4119.74 4118.22 4114.56 4113.4 4111.97 4111.24 4110.23 4104.31 4104.45 4105.38 4105.46 4105.62 4105.31 4104.22 4104.63 4107.21 4105.2 4107.11 4104.46 4102.23 4103.97 4106.29 4107.64 4108.18 4109.19 4111.35 4111.35 4108.61 4104.11 4103.18 4102.76 4101.68 4100.78 4100.24 4100.7 4101.75
4133.41 4123.53 4110.24 4103.49 4095.43 4092.07 4096.88 4101.36 4109.24 4105.18 4102.82 4102.34 4100.6 4107.85 4113.99 4119.57 4121.29 4121.08 4123.46 4126.57 4128.59 4129.94 4131.19 4131.99 4129.16 4128.73 4127.67 4129.15 4125.09 4122.9 4120.81 4118.84 4116.19 4112.48 4111.32 4109.48 4106.07 4103.45 4101.99 4103.15 4103.36 4103.5 4103.45 4103.62 4104.52 4105.65 4106.18 4104.1 4104.04 4102.45 4100.81 4101.92 4103.97 4105.2 4105.89 4106.06 4108.68 4115.97 4114.66 4111.53 4108.26 4105.34 4103.34 4101.71 4100.61 4100.52 4101.65
4126.95 4114.79 4106.83 4099.07 4093.07 4087.41 4093.41 4095.72 4103.23 4106.83 4109.16 4102.45 4098.31 4102.12 4107.98 4114.03 4115.35 4116.54 4120.02 4123.25 4125.95 4128.15 4129.94 4130.23 4126.75 4126.17 4127.45 4128.08 4125.64 4122.38 4120.07 4117.87 4114.85 4111.14 4110.42 4108.96 4106.94 4106.5 4105.96 4103.7 4102.62 4101.95 4101.51 4101.63 4102.09 4103.94 4105.5 4103.88 4101.86 4100.52 4100.6 4100.25 4099.49 4101.62 4103.82 4103.95 4106.49 4114.95 4115.42 4112.01 4109.17 4107.03 4104.68 4102.46 4100.57 4099.62 4099.33
4121.7 4110.9 4100.7 4096.79 4092.71 4090.06 4091.97 4093.64 4094.09 4099.12 4100.65 4100.16 4099.09 4099.76 4101.86 4104.48 4110.01 4113.06 4116.59 4120.67 4123.89 4125.81 4126.31 4126.85 4126.22 4123.89 4122.3 4121.62 4120.32 4118.8 4118.53 4117.3 4114.86 4111.85 4110.44 4109.23 4108.33 4106.17 4106.73 4103.77 4101.87 4100.59 4099.32 4099.02 4100.31 4101.26 4103.38 4103.08 4100.41 4099.55 4100.28 4099.67 4098.35 4100.65 4102.62 4102.96 4103.9 4107.32 4109.25 4110.29 4109.97 4108.25 4105.48 4103.02 4100.87 4099.19 4100.03
4119.45 4107.26 4102.01 4097.37 4095.43 4095.89 4095.99 4095.7 4096.29 4096.6 4099.23 4098 4096.32 4095.74 4096.83 4096.12 4101.44 4106.85 4112.16 4118.06 4123.86 4122.99 4119.83 4118.99 4121.54 4117.1 4116.34 4117.05 4117.82 4117.55 4117.01 4116.27 4114.19 4110.74 4109.01 4108.24 4107.12 4104.93 4102.1 4101.75 4100.84 4099.75 4098.45 4096.37 4095.28 4097.81 4099.91 4101.22 4100.26 4099.49 4099 4099.37 4101.56 4101.69 4102.39 4101.23 4101.33 4102.38 4104.69 4109.39 4113.2 4108.3 4105.15 4103.1 4101.8 4101.9 4100.8
4121.1 4109 4102.43 4098.55 4097.38 4097.08 4096.62 4095.94 4097.27 4096.65 4097.86 4096.75 4094.76 4093.99 4095.18 4096.05 4092.75 4100.23 4107.56 4113.75 4118.68 4119.05 4116.86 4114.98 4113.88 4111.84 4112.54 4115.21 4115.87 4116.33 4114.9 4113.35 4111.45 4108.34 4104.91 4106.54 4109.91 4104.38 4102.07 4101.35 4099.94 4099.12 4097.61 4095.98 4093.87 4099.6 4100.73 4099.05 4099.83 4100.35 4098.25 4098.21 4099.6 4101.1 4101.93 4101.52 4099.95 4100.11 4101.56 4104.18 4102.73 4104.32 4103.36 4102.52 4102.04 4102.27 4101.37
4122.74 4111.74 4104 4101.8 4099.04 4098.28 4097.4 4095.8 4097 4097.51 4098.04 4096.5 4094.72 4094.15 4095.1 4096.01 4094.81 4098.79 4104.67 4110 4113.09 4116.47 4119.31 4116.33 4110.05 4106.82 4107.74 4111.74 4112.16 4112.77 4111.63 4110.96 4109.82 4108.57 4110.17 4103.87 4104.42 4105.6 4102.38 4100.24 4099.21 4098.77 4098.75 4099.6 4100.86 4099.38 4095.59 4096.92 4098.35 4098.67 4097.29 4097.24 4099.8 4099.91 4099.28 4098.73 4098.21 4098.6 4099.46 4100.05 4100.01 4100.47 4100.94 4101.07 4100.9 4100.56 4100.66
4119.73 4110.93 4104.42 4099.56 4099.51 4100.2 4099.99 4098.73 4097.17 4098.31 4098.36 4096.58 4094.56 4093.24 4094.85 4096.09 4095.85 4098.92 4103.56 4108.46 4113.3 4118.08 4120.97 4120.62 4115.31 4104.26 4099.05 4105.58 4107.12 4107.18 4108.01 4108.62 4108.37 4107.19 4104.37 4101.83 4100.89 4100.1 4100.13 4099.39 4098.8 4098.29 4098.59 4100.24 4102.11 4101.02 4099.13 4097.48 4097.16 4097.03 4096.31 4096.51 4098.32 4098.7 4097.41 4094.96 4096.05 4097.19 4098.18 4098.1 4097.28 4098.05 4099.12 4099.72 4099.81 4098.82 4098.65
4114.96 4104.21 4105.06 4099.38 4101.52 4102.77 4101.94 4099.9 4098.64 4098.39 4098.31 4096.77 4094.83 4093.4 4095.02 4096.73 4096.83 4099.2 4102.95 4107.41 4112.5 4117.65 4122.11 4122.72 4116.96 4106.41 4099.37 4101.93 4103.75 4104.71 4105.69 4106.5 4106.68 4106.1 4104.76 4101.58 4098.77 4099.49 4098.45 4098.76 4098.27 4097.46 4096.75 4096.51 4098.28 4099.94 4098.6 4095.88 4095.46 4095.83 4095.12 4095.63 4097.93 4097.63 4097.61 4094.9 4094.92 4096.31 4097.58 4097.63 4096.88 4097.08 4097.89 4098.74 4099.53 4099.5 4096.85
4113.9 4104.57 4101.87 4105.12 4105.82 4106.38 4105.48 4102.37 4100.18 4099.08 4099.27 4097.92 4095.96 4094.37 4095.56 4096.6 4097.09 4099.12 4101.95 4105.44 4110.19 4116.97 4122.69 4122.78 4117.81 4109.37 4102.76 4101.83 4102.39 4103.73 4105.1 4105.68 4105.57 4105.25 4105.02 4103.39 4100.08 4098.48 4100.19 4099.69 4098.43 4097.29 4095.67 4092.38 4093.49 4098.51 4091.51 4092.83 4093.45 4094.33 4093.74 4093.39 4095.31 4095.84 4094.4 4093.08 4094.04 4095.81 4097.63 4097.7 4096.66 4096.3 4096.74 4097.51 4098.69 4101.1 4096.47
4115.49 4104.1 4102.59 4105.51 4108.36 4109.91 4110.91 4104.77 4100.59 4100.5 4101.52 4100 4097.83 4096.3 4097.64 4098.65 4098.14 4099.14 4100.77 4102.85 4105.93 4112.28 4121.98 4123.87 4119.21 4111.29 4104.75 4100.77 4101.22 4103.27 4104.37 4105.13 4104.46 4103.63 4102.5 4100.78 4100.36 4098.71 4097.35 4098.62 4097.86 4096.87 4095.92 4095.7 4095.53 4094.59 4092.35 4091.51 4091.7 4091.61 4090.75 4089.74 4093.12 4094.93 4094.26 4092.2 4093.31 4094.99 4096.67 4096.83 4095.78 4095.44 4095.46 4095.9 4096.11 4095.02 4094.15
4118.32 4107.6 4104.52 4107.2 4109.59 4112.03 4113.14 4110.96 4104.17 4104.58 4105.32 4102.93 4100.06 4098.03 4099.06 4100.29 4099.65 4099.51 4099.96 4100.35 4100.79 4101.1 4114.34 4121.89 4119.32 4111.47 4103.65 4099.74 4099.91 4100.75 4101.14 4102.8 4102.82 4101.89 4100.39 4099.97 4099.74 4098.71 4098.19 4097.54 4097.36 4096.94 4096.42 4096.02 4094.95 4093.49 4092.28 4090.72 4089.68 4089.06 4089.06 4090.33 4091.67 4094.68 4096.26 4092.33 4093.01 4093.97 4094.68 4094.59 4093.97 4092.99 4093.99 4094.21 4093.81 4092.67 4091.37
4119.26 4109.97 4105.26 4102.75 4111.38 4113.37 4113.89 4112.62 4112.62 4113.82 4110.17 4106.4 4102.67 4099.51 4100.09 4102.06 4101 4100.2 4099.67 4099.01 4098.32 4098.69 4103.35 4116.81 4115.47 4109.87 4103.77 4099.79 4099.79 4100.18 4100.77 4101.7 4101.42 4100.83 4099.47 4096.5 4096.07 4097.15 4098.07 4097.69 4097.49 4097.05 4096.44 4095.57 4094.23 4092.92 4091.57 4089.76 4088.21 4087.76 4089.02 4088.66 4088.46 4093.41 4095.74 4093.63 4093.02 4093 4092.96 4092.94 4093.2 4094.43 4093.26 4092.78 4092.29 4091.27 4089.58
4121.38 4113.62 4108.57 4106.64 4111.95 4114.27 4115.09 4113.89 4112.98 4114.45 4112.61 4108.9 4105.36 4102.42 4102.68 4103.73 4102.57 4101.69 4100.56 4099.48 4098.5 4098.09 4100.09 4104.62 4108.05 4107.1 4104.11 4100.92 4100.8 4101.36 4101.67 4100.88 4100.65 4099.54 4098.27 4095.13 4092.01 4094.68 4096.93 4097.78 4097.88 4097.87 4096.96 4094.73 4094.05 4093.2 4091.66 4089.25 4086.51 4083.86 4082.57 4086.48 4087.8 4091.71 4094.71 4093.64 4092.5 4092.04 4091.91 4092.03 4092.18 4092.54 4091.89 4091.18 4090.85 4090.91 4088.65
4126.59 4120.67 4115 4111.78 4114.03 4115 4116.12 4115.52 4113.04 4114.71 4113.28 4110.84 4108.58 4106.77 4106.17 4105.72 4104.76 4104.08 4102.58 4101.24 4099.94 4099.72 4100.92 4100.31 4103.09 4104.64 4104.14 4101.65 4102.46 4102.67 4102.99 4102.08 4100.23 4098.8 4097.54 4095.93 4097.36 4097.17 4098.75 4097.77 4098.83 4099.76 4099.28 4097.83 4094.79 4093.39 4091.89 4089.5 4085.97 4080.76 4075 4082.84 4086.49 4089.84 4090.88 4091.07 4090.94 4090.8 4090.61 4090.25 4090.23 4089.88 4089.44 4089.32 4088.95 4087.97 4087.53
4138.39 4129.78 4123.4 4118.64 4114.74 4116.17 4117.01 4116.71 4115.26 4114.8 4112.68 4112.55 4112.12 4111.63 4111.24 4109.64 4108.36 4107.03 4105.66 4104.21 4102.54 4101.88 4102.58 4101.39 4101.48 4102.69 4104.2 4106.5 4104.08 4102.3 4103.24 4101.59 4098.99 4097.83 4096.67 4096.41 4101.71 4099.51 4099.41 4098.94 4100.04 4102.46 4103.76 4100.79 4096.61 4093.25 4093.88 4091.38 4087.49 4083.54 4080.83 4083.62 4086.91 4088.88 4088.47 4088.79 4089.29 4089.61 4089.69 4089.47 4088.99 4087.53 4087.26 4087.86 4087.83 4087.31 4086.49
4149.07 4138.95 4132.05 4126.31 4118.62 4121.28 4119 4117.99 4117.6 4116.35 4114.1 4114.92 4115.29 4115.58 4113.57 4112.49 4111.15 4109.43 4107.69 4106.01 4104.17 4101.89 4100.2 4099.4 4099.75 4099.67 4101.09 4103.27 4101.68 4099.4 4095.34 4096.18 4096.65 4096.93 4096.95 4095.99 4097.15 4098.07 4096.61 4096.63 4099.88 4104.98 4111.63 4111.95 4103.53 4105.47 4099.71 4094.44 4090.44 4087.64 4087.39 4086.79 4085.89 4087.53 4087.17 4087.38 4087.94 4088.54 4089.11 4089.9 4089.14 4087.48 4087.12 4087.53 4087.34 4086.7 4085.57
4158.42 4147.11 4140.11 4136.69 4139.95 4126.96 4122.75 4120.04 4119.27 4115.53 4117.69 4117.9 4117.7 4117.68 4115.23 4114.33 4113.12 4111.52 4110 4108.45 4106.56 4103.54 4100.85 4098.8 4098.93 4099.29 4098.78 4097.37 4097.53 4098.22 4097.03 4094.86 4095.14 4096.25 4098.53 4099.96 4095.48 4096.91 4096.33 4095.93 4096.31 4103.19 4113.66 4117.1 4103.51 4101.83 4100.88 4096.55 4092.79 4090.48 4089.39 4087.89 4086.15 4087.13 4085.91 4086.36 4087.03 4087.7 4088.29 4088.62 4088.49 4088.4 4088.47 4088.01 4087.59 4086.86 4085.78
4159.64 4154.2 4145.7 4135.82 4125.63 4126.62 4127.08 4126.14 4123.99 4120.18 4119.92 4120.29 4119.97 4118.65 4117.24 4115.74 4113.8 4112.53 4111.91 4111.42 4109.81 4107.38 4102.84 4100.15 4098.99 4098.11 4097.1 4095.91 4096.15 4097.98 4100.77 4092.67 4094.3 4095.35 4095.41 4096.04 4097.42 4096.12 4095.23 4092.48 4090.63 4097.32 4101.71 4102.67 4099.55 4099.41 4099.06 4097.11 4094.64 4092.16 4089.57 4087.52 4086.62 4087.14 4086.05 4086.14 4086.6 4087.07 4087.44 4087.62 4087.88 4088.39 4088.94 4088.15 4088.05 4087.27 4086.09
4164.53 4161.86 4152.21 4140.26 4127.12 4136.54 4130.75 4126.69 4126.53 4123.27 4123.11 4122.83 4122.32 4120.28 4117.73 4114.11 4113.58 4114.08 4114.3 4114.66 4113.88 4110.66 4105.71 4102.29 4100.02 4099.23 4097.11 4094.71 4093.55 4096.32 4097.47 4096.12 4095.91 4095.71 4095.23 4095 4094.23 4094.6 4094.14 4094.25 4092.1 4094.8 4096.93 4098.43 4098.41 4098.27 4099.22 4097.36 4095.07 4092.58 4090.59 4088.78 4087.86 4089.16 4086.65 4086.11 4086.28 4086.57 4086.81 4086.9 4087.22 4087.42 4087.45 4087.02 4086.39 4086.26 4085.67
4173.71 4166.53 4159.97 4153.48 4155.2 4147.75 4133.47 4129.38 4130.26 4128.36 4125.42 4125.18 4124.52 4127.4 4124.2 4115.23 4113.85 4113.48 4114.11 4115.61 4117.58 4117.94 4111.56 4105.68 4101.68 4098.9 4098.75 4097.42 4096.46 4097.56 4097.48 4099.7 4098.15 4097.42 4095.87 4095.31 4094.6 4093.71 4093.66 4093.71 4095.02 4094.56 4095.72 4098.89 4105.03 4105.37 4100.54 4097.2 4094.44 4092.04 4090.5 4090.51 4088.85 4088.71 4086.15 4086.05 4086.07 4086.29 4086.44 4086.39 4086.23 4086.52 4086.6 4085.9 4085.08 4085.67 4087.19
4168.93 4170.39 4167.61 4164.22 4162.16 4152.35 4139.93 4139.5 4138.2 4132.46 4135.18 4127.84 4124.94 4120.57 4120.9 4117.08 4115.47 4116.02 4117.92 4119.41 4121.55 4122.32 4117.4 4105.62 4109.55 4107.2 4106.24 4105.44 4104.27 4105.01 4102.85 4099.77 4099.1 4100.34 4102.99 4099.93 4093.53 4092.73 4093.19 4093.7 4093.7 4093.86 4093.87 4095.42 4101.28 4102.69 4098.68 4095.47 4093.11 4090.83 4088.86 4089.86 4089.59 4089.19 4086.78 4086.34 4086.38 4086.44 4086.59 4086.67 4086.88 4086.22 4085.56 4085.58 4085.67 4085.68 4085.71
4170.79 4174.11 4172.9 4169.57 4164.98 4158.11 4161.87 4152.95 4148.88 4139.46 4134.36 4132.24 4127.94 4122.58 4119.74 4118.41 4117.84 4119.72 4121.27 4122.75 4123.05 4124.22 4121.95 4127.06 4124.8 4121.21 4117.5 4115.4 4119.49 4114.2 4110.2 4102.11 4100.21 4101.44 4103.18 4103.98 4098.97 4094.37 4093.31 4092.97 4093.27 4093.64 4093.98 4092.29 4088.68 4092.53 4094.15 4093.23 4091.52 4089.75 4088.57 4088.06 4088.66 4086.95 4086.61 4086.72 4087.11 4087.27 4087.59 4087.23 4086.58 4086.25 4085.98 4086.19 4087.01 4086.63 4086.24
4177.06 4173.22 4173.98 4175.58 4172.95 4173.09 4166.83 4161.78 4160.5 4154.97 4157.16 4143.37 4135.46 4128.1 4122.91 4120.34 4119.73 4121.8 4125.14 4128.96 4125.03 4134.34 4145.64 4152.4 4139.11 4130.88 4129.82 4122.25 4109.41 4113.3 4113.77 4106.42 4103.41 4103.53 4100.26 4099.81 4098.33 4095.93 4094.42 4093.24 4092.85 4093.8 4094.08 4093.64 4091.67 4090.47 4091.17 4090.98 4090.09 4089.05 4088.24 4088.63 4088.56 4086.88 4087.07 4088.55 4089.21 4090.16 4089.68 4088.77 4087.7 4086.99 4086.65 4086.75 4087.07 4087.67 4087.88
4181.04 4183.55 4185.17 4183.6 4183.75 4183.73 4168.72 4170.81 4169.02 4174.32 4174.31 4160.87 4143.7 4129.74 4127.31 4124 4121.7 4124.95 4130.47 4136.95 4144.67 4142.84 4145.98 4126.73 4132.76 4149.78 4150.16 4133.33 4117.24 4113.8 4113.63 4110.36 4108.75 4108.53 4108.98 4106.68 4102.79 4099.21 4096.26 4093.72 4095.4 4098.03 4093.41 4092.4 4092.16 4090.77 4090.4 4090.2 4089.73 4089.16 4088.92 4089.27 4089.12 4086.36 4089.35 4092.7 4093.93 4094.92 4092.25 4090.7 4089.2 4088.12 4087.82 4088.01 4088.48 4087.9 4087.93
4186.55 4190.67 4191.35 4190.26 4187.56 4183.85 4180.73 4177.79 4173.74 4175.81 4177.64 4168.27 4152.52 4141.6 4145.51 4130.26 4123.71 4127.69 4133.97 4141.01 4142.36 4115.06 4074.33 4065.67 4125.56 4201.33 4172.68 4143.8 4117.13 4106.83 4111.62 4113.63 4114.48 4111.12 4109.65 4108.23 4107.77 4104.97 4098.21 4094.2 4095.6 4097.47 4092.91 4091.98 4090.88 4090.58 4090.33 4089.79 4089.37 4089.16 4089.72 4090.77 4091.41 4088.19 4094.94 4100.46 4100.65 4099.01 4096.54 4093.77 4091.04 4089.04 4089.02 4089.34 4089.57 4088.82 4088.6
