real_craters/C198-500m.grd
DSAA
411 411
-102.445 102.445
-102.445 102.445
7144.391851631 10791.905795863
[rows 120 to 149 of 411, columns 67 to 133 of 411]
9626.12 9628.01 9625.12 9623.52 9622.91 9624.67 9631.58 9631.65 9636.68 9647.27 9661.88 9675.83 9684.42 9684.78 9679.04 9675.94 9675.35 9673.02 9666.41 9654.76 9644.49 9643.7 9646.35 9648.19 9649.15 9649.3 9648.6 9646.55 9644.85 9640.17 9634.95 9621.77 9621.86 9621.31 9621.09 9621.65 9623.61 9625.11 9622.67 9624.32 9628.18 9631.2 9634.7 9639.51 9645.21 9649.31 9651.12 9649.02 9646.16 9643.24 9640.86 9638.93 9639.41 9641.82 9646.27 9653.73 9654.38 9655.76 9658.86 9662.5 9666.79 9672.32 9679.68 9680.2 9674.68 9672.09 9671.02
9625.15 9625.87 9624.69 9623.61 9623.95 9625.43 9627.93 9629.23 9630.96 9638.31 9656.65 9676.66 9689.57 9690 9680.05 9674.57 9670.6 9669.43 9663.39 9653.25 9644.15 9642.58 9643.5 9644.5 9644.96 9644.43 9642.58 9639.71 9638.02 9634.03 9628.02 9621.57 9622.01 9622.93 9622.51 9621.74 9621.29 9623.93 9620.84 9624.52 9629.5 9632.95 9636.07 9641.07 9645.21 9648.02 9648.42 9647.33 9644.71 9641.61 9638.75 9637.12 9637.64 9643.85 9647.28 9654.65 9657.61 9660.35 9664.24 9668.66 9673.07 9677.41 9682.27 9682.56 9678.51 9676.76 9674.71
9624.89 9625.01 9622.34 9622.92 9624.29 9625.73 9625.52 9626.49 9626.32 9630.8 9653.25 9679.68 9697.98 9699.24 9685.52 9679.16 9676.95 9673.58 9665.33 9655.86 9648.47 9644.51 9643.17 9642.68 9642.37 9641.59 9639.94 9637.22 9634.7 9630.09 9625.28 9624.09 9625.59 9625.7 9625.08 9623.45 9621.31 9624.7 9629.96 9632.01 9633.69 9635.82 9640.23 9644.56 9647.17 9647.36 9647.4 9645.95 9643.05 9640.1 9636.81 9633.72 9631.03 9626.45 9639.92 9648.1 9655.81 9662 9668.01 9673.57 9677.88 9680.91 9681.32 9681.04 9683.19 9686.24 9686.42
9626.36 9617.82 9618.54 9621.48 9624.76 9629.19 9631.4 9627.62 9626.27 9629.87 9652.75 9679.98 9700.72 9707.05 9696.36 9684.19 9681.32 9677.43 9669.69 9660.68 9651.94 9646.96 9645.04 9643.98 9642.76 9641.15 9640.29 9638.2 9635.35 9631.3 9626.79 9631.98 9632.24 9631.73 9630.52 9628.93 9627.09 9632.82 9635.51 9637.12 9639.57 9642.92 9645.63 9651.18 9653.06 9652.22 9649.32 9646.04 9642.6 9639.14 9635.24 9631.63 9628.58 9629.7 9635.91 9643.17 9654.46 9663.55 9671.66 9678.86 9684.84 9688.41 9687.47 9684.06 9693.45 9701.8 9707.03
9621.6 9616.36 9618.13 9619.91 9622.93 9628.16 9631.24 9627.38 9627.82 9637.21 9653.29 9674.75 9694.3 9705.74 9700.78 9692.95 9688.32 9683.33 9676.8 9667.54 9658.14 9652.39 9649.69 9647.46 9644.78 9641.81 9639.05 9638.21 9638.55 9639.19 9636.47 9636.35 9639.95 9640.36 9639.3 9637.52 9637.2 9641.33 9647.84 9643.88 9645.68 9650.93 9660.83 9662.52 9658.44 9654.99 9650.47 9646.29 9642.21 9638.32 9634.43 9630.99 9628.47 9630.49 9637.62 9646.42 9655.85 9665.84 9675.83 9685.25 9693.76 9701.02 9703.84 9706.2 9713.16 9723.1 9732.62
9621.25 9619.61 9618.83 9617.73 9618.66 9622.16 9623.92 9623.92 9625.73 9630.77 9648.46 9673.07 9689.98 9697.56 9696.36 9700.84 9698.07 9694.94 9685.67 9676.06 9666.91 9659.92 9656.22 9653.44 9649.97 9645.5 9640.39 9639.87 9642.19 9648.02 9649.45 9646.45 9650.54 9650.44 9648.57 9646.68 9647.83 9658.69 9659.64 9651.99 9650.33 9654.12 9663.95 9667.1 9660.19 9654.74 9650.11 9646.08 9642.06 9638.32 9635.01 9632.46 9630.21 9631.75 9640.12 9649.34 9658.2 9668.76 9680.23 9691.96 9703.66 9712.81 9726.12 9743.28 9736.56 9745.01 9759.35
9619.48 9616.42 9614.77 9614.22 9613.69 9612.91 9616.43 9620.49 9624.34 9630.24 9649.68 9676.77 9690.1 9693.48 9694.26 9698.93 9701.36 9700.33 9693.03 9684.82 9675.81 9667.8 9665.27 9661.85 9657.32 9652.2 9648.5 9644.53 9644.45 9647.46 9658.64 9665.37 9666.87 9663.15 9658.07 9653.75 9652.96 9657.15 9660.27 9655.9 9651.22 9652.66 9655.8 9662.36 9658.78 9653.78 9649.91 9646.28 9642.1 9638.64 9636.16 9634.69 9636.7 9638.94 9639.4 9647.57 9659.53 9671.64 9685.03 9698.58 9712.34 9723.28 9737.49 9748.2 9751.87 9762.2 9771.66
9614.31 9613.49 9612.42 9612.12 9611.99 9612.15 9615.13 9620.08 9626.37 9635.7 9654.94 9683.37 9692.8 9692.34 9692.31 9698.06 9701.59 9700.59 9699.47 9694.94 9687.81 9680.91 9676.92 9673.01 9667.76 9660.8 9651.7 9649.46 9646.68 9649.36 9667.51 9682.65 9683.67 9673.76 9664.82 9657.72 9652.74 9649.94 9652.19 9643.76 9646.17 9651.39 9657.06 9665.26 9658.93 9653.52 9650.28 9646.64 9643.5 9640.36 9637.76 9635.66 9634.06 9637.52 9642.46 9650.36 9660.98 9673.87 9687.69 9702.52 9718.2 9727.22 9742.06 9755.48 9765.24 9778.11 9789.34
9611.63 9610.42 9611.4 9610.94 9611.58 9618.63 9617.12 9621.32 9628.86 9640.57 9660.26 9686.91 9694.23 9693.94 9694.98 9699.86 9705.93 9708.32 9710.2 9706.7 9700.88 9694.29 9690.19 9685.09 9680.33 9675.01 9666.69 9659.31 9651.24 9642.45 9659.47 9683.32 9686.9 9676.48 9666.92 9658.1 9650.58 9643.49 9641.31 9640.69 9643.62 9651.55 9663.42 9674 9662.04 9655.97 9652.2 9649.11 9646.14 9643.35 9640.4 9637.78 9636.65 9637.11 9642.79 9650.17 9661.67 9675.03 9690.07 9705.42 9713.79 9729.56 9745.13 9760.92 9774.44 9790.1 9809.56
9611.75 9612.68 9608.64 9610.23 9611.11 9611.25 9615.56 9621.2 9629.5 9642.36 9660.15 9672.65 9684.57 9694.48 9696.25 9702.6 9712.08 9724.31 9723.9 9718.05 9713.01 9711.39 9702.68 9695.81 9691.74 9690.71 9685.54 9671.5 9660.71 9653.27 9651.31 9667.64 9673.02 9670.37 9664.71 9658.16 9650.78 9641.26 9637.87 9638.6 9642.22 9649.44 9657.78 9662.46 9661.68 9655.51 9651.84 9649.77 9647.8 9645.46 9642.9 9639.93 9639.32 9637.78 9640.41 9649.69 9662.52 9676.44 9687.89 9702.02 9716.23 9729.29 9745.01 9762.23 9776.73 9790.33 9804.55
9609.76 9611.69 9613.22 9611.14 9611.21 9614.37 9614.6 9618.39 9625.43 9635.67 9648.08 9663.82 9662.44 9682.42 9683.59 9696.93 9712.52 9725.09 9728.86 9724.67 9718.95 9713.35 9707.49 9701.37 9697.77 9695.37 9691 9680.44 9669.35 9655.57 9646.29 9653.54 9661.55 9662.05 9660.86 9658.38 9654.76 9653.47 9645.57 9644 9644.55 9647.64 9646.26 9648.55 9649.99 9650.57 9650.33 9650.34 9650.31 9649.28 9646.95 9642.63 9636.73 9638.97 9641.56 9650.83 9662.75 9673.2 9684.21 9697.45 9711.04 9722.66 9739.14 9759.48 9779.76 9783.28 9793.41
9605.16 9605.61 9608.78 9608.12 9605.83 9607.34 9609.53 9613.53 9618.44 9625.72 9633.13 9636.91 9650.71 9662.67 9674.27 9691.67 9710.29 9726.53 9732.1 9726.42 9719.39 9712.16 9706.6 9702.41 9700.4 9700.61 9695.85 9688.8 9679.83 9662.38 9647.01 9646.26 9649.24 9653.65 9657.51 9659.36 9658.93 9658.4 9661.38 9658.61 9657.96 9649.76 9640.66 9632.03 9639.09 9644.98 9649.11 9651.4 9653.38 9654.82 9654.41 9650.76 9646.29 9645.3 9647.44 9653 9661.46 9670.26 9680.17 9691.16 9702.5 9715.85 9728.17 9740.13 9753.43 9778.5 9797.09
9601.78 9600.79 9604.53 9603.23 9598.96 9599.8 9604.64 9608.3 9611.06 9613.96 9621.25 9626.95 9646.25 9668.59 9674.71 9690.65 9707.12 9721.11 9726.62 9724.29 9717.99 9708.72 9703.46 9702.32 9701.54 9700.79 9701.71 9699.94 9692.22 9680.16 9668.33 9654.96 9637.54 9648.95 9657.34 9662.73 9663.33 9662.79 9661.98 9664.22 9665.19 9650.48 9639.7 9633.87 9634.26 9644.71 9651.77 9656.45 9660.06 9663.18 9665.28 9665.52 9661.98 9654.53 9652.11 9658.47 9665.65 9671.06 9679.16 9688.04 9694.76 9705.11 9715.24 9724.98 9740.2 9770.33 9795.46
9600.37 9601.14 9600.07 9599.44 9600.13 9602.3 9605.07 9606.22 9605.34 9602.35 9598.12 9613.46 9645.47 9669.42 9680.8 9691.49 9703.84 9713.97 9719.75 9722.85 9719.47 9710.75 9704.28 9706.15 9704.4 9704.21 9709.31 9717.12 9720.32 9724.28 9708.67 9681.49 9658.97 9658.64 9664.84 9671.27 9671.72 9667.09 9658.35 9659.52 9654.42 9646.09 9638.91 9639.48 9643.37 9646.33 9650.87 9655.94 9661.37 9667.72 9674.61 9679.05 9678.02 9669.82 9664.07 9665.82 9669.63 9674.73 9681.41 9686.59 9691.54 9698.22 9704.38 9713.63 9724.97 9747.28 9773.22
9599.88 9599.64 9599.1 9600.81 9606.29 9609.16 9609.4 9608.03 9605.03 9599.56 9593.36 9602.75 9631.16 9660.52 9676.57 9686.97 9698.88 9710.74 9720.62 9725.04 9726.23 9724.71 9722.41 9719 9709.44 9702.27 9717.74 9736.12 9759.11 9779.91 9745.14 9710.17 9683.31 9675.37 9679.67 9687.17 9686.06 9678.81 9670.91 9661.28 9645.94 9642.82 9638.4 9632.44 9645.87 9649.24 9651.35 9655.16 9660.76 9669.39 9680.71 9693.39 9692.19 9685.49 9677.55 9672.63 9672.51 9674.89 9679.64 9684.18 9687.7 9693.47 9697.56 9703.98 9715.87 9734.69 9758.23
9600.19 9599.32 9598.37 9602.74 9614.54 9617.13 9616.55 9614.2 9611.99 9606.89 9601.69 9607.83 9617.25 9643.26 9662.41 9677.17 9691.67 9706.58 9720.27 9727.46 9733.36 9742.34 9752.52 9736.42 9721.26 9712.96 9727.63 9747.43 9766.2 9769.15 9753.03 9728.91 9706.7 9692.8 9695.15 9705.05 9709.83 9699.93 9684.59 9669.8 9653.14 9649.19 9648.38 9650.63 9651.52 9650.39 9651.12 9653.17 9657.24 9664.67 9676.62 9694.88 9693.19 9684.33 9678.47 9673.63 9672.37 9672.32 9674.95 9679.28 9682.78 9686.05 9691.96 9698.64 9706.55 9724.73 9748.12
9601.95 9599.48 9597.3 9603.98 9620.1 9623 9621.94 9621.26 9621.74 9623.55 9622.35 9625.49 9630.37 9632.93 9647.11 9665.55 9682.49 9698.64 9715.65 9723.35 9733.07 9744.76 9753.08 9744.38 9734.86 9731.56 9736.89 9749.54 9761.49 9758.44 9749.07 9736.04 9722.37 9707.28 9711.5 9718.83 9724.47 9712.73 9689.23 9673.18 9667.26 9658.44 9657.26 9663.09 9652.35 9649.22 9649.35 9650.05 9651.89 9654.36 9657.62 9664.26 9670.59 9673.32 9670.82 9667.93 9667.64 9669.24 9670.71 9674.73 9679.18 9684.02 9687.82 9693.06 9699.71 9712.36 9737.84
9605.54 9604.13 9603.23 9609.09 9627.07 9624.02 9623.44 9624.43 9627.33 9633.09 9637.79 9627.4 9632.4 9632.69 9641.65 9655.9 9671.93 9686.64 9695.64 9711.67 9726.08 9736.87 9742.09 9742.2 9739.72 9737.88 9737.62 9742.38 9748.04 9742.08 9740.9 9732.37 9723.06 9713.31 9718.16 9727.06 9735.53 9722.58 9698.31 9680.5 9666.98 9656.12 9654.38 9656.39 9649.35 9645.37 9644.56 9644.19 9643.05 9641.23 9636.63 9632.66 9644.48 9654.04 9658.02 9659.6 9661.42 9664.58 9668.51 9672.05 9675.4 9680.06 9682.81 9688.25 9697.01 9707.67 9733.62
9608.5 9609.6 9614.33 9607.33 9611.97 9618.78 9622.07 9624.59 9627.39 9628.28 9624.98 9623.78 9618 9620.74 9632.7 9646.91 9662.23 9677.91 9692.68 9706.52 9718.76 9728.37 9731.79 9736.49 9737.16 9734.64 9731.17 9727.1 9728.28 9733.19 9732.39 9729.11 9724.57 9719.58 9718.14 9724.45 9735.12 9731.15 9727.33 9709.6 9679.76 9659.9 9651.31 9639.87 9638.65 9641.41 9641.65 9640.03 9636.59 9630.97 9623.78 9620.19 9626.57 9635.2 9643.69 9649.66 9655.82 9661.32 9666.9 9673.85 9679.02 9684.6 9688.45 9690.97 9693.19 9705.28 9734.17
9609.74 9609.76 9609.2 9602.38 9606.66 9613.1 9618.5 9622.41 9625.44 9626.17 9622.82 9616.46 9615.23 9620.56 9627.64 9640.74 9655.56 9670.51 9685.81 9699.36 9711.6 9722.84 9732.35 9738.88 9738.23 9733.67 9725.22 9714.83 9712.91 9720.03 9723.74 9725.62 9723.61 9716.78 9712.65 9711.35 9713.82 9725.74 9738.65 9735.43 9698.84 9675.19 9662.02 9647.61 9639.09 9641.31 9640.11 9637.48 9634.23 9627.16 9618.04 9610.65 9615.56 9622.91 9633.19 9643.74 9654.27 9663.97 9671.85 9680.77 9687.07 9691.07 9693.92 9697.18 9698.42 9725.05 9737.54
9608.43 9607.45 9604.45 9599.08 9601.96 9608.66 9614.55 9619.77 9622.88 9623.9 9620.69 9616.15 9612.37 9608.89 9623.47 9637.73 9651.46 9664.9 9678.19 9691.14 9704.41 9717.65 9730.35 9738.97 9744.46 9734.55 9723.16 9710.57 9703.51 9709.3 9716.89 9722.11 9723.3 9719.37 9708.93 9700.97 9699 9712.53 9723.39 9713.48 9699.97 9687.38 9672.13 9652.78 9640.04 9645.08 9643.79 9640.36 9635.35 9627.91 9621.27 9615.49 9609.41 9614.13 9626.76 9641.35 9653.9 9665.71 9675.51 9683.88 9691.66 9698.31 9704.47 9709.38 9718.16 9744.51 9731.92
9608.6 9607.45 9604.41 9600.13 9602.89 9606.47 9612.37 9617.48 9621.33 9623.6 9617.72 9609.76 9611.72 9615.85 9624.38 9635.48 9647.89 9659.56 9670.41 9681.96 9696.54 9710.56 9721.78 9727.9 9729.12 9726.54 9722.66 9717.81 9706.85 9706.95 9713.54 9719.35 9723.72 9722.26 9709.53 9698.05 9694.46 9699.93 9702.64 9695.91 9689.15 9681.43 9685.13 9664.72 9637.17 9652.23 9648.91 9644.02 9637.68 9630.89 9623.3 9616.34 9610.7 9614.63 9628.2 9642.24 9655.06 9666.45 9675.69 9684.96 9689.75 9698.07 9706.63 9715.8 9723.17 9712.25 9714.24
9608.66 9609.18 9609.5 9606.14 9601.95 9605.64 9610.51 9615.73 9620.24 9617.59 9615.34 9610.08 9613.05 9621.91 9626.67 9635.99 9646.79 9656.77 9666.37 9673.74 9691.82 9704.25 9712.55 9713.4 9707.6 9713.66 9719.83 9724.44 9709.83 9708.02 9711.74 9717.7 9722.5 9723.61 9710.82 9700.31 9693.54 9691.92 9690.57 9689.23 9685.01 9685.77 9690.97 9675.12 9659.6 9659.3 9654.9 9648.67 9642.51 9635.99 9629.86 9623.08 9618.74 9623.46 9632.39 9643.51 9654.2 9664.04 9672.79 9681.94 9691.64 9701.24 9712.06 9722.78 9727.89 9710.01 9705.2
9609.55 9610.6 9612.2 9612.1 9603.66 9605.18 9608.45 9613.38 9619.26 9626.13 9614.2 9607.04 9610.78 9617.63 9627.3 9636.52 9647.87 9657.91 9668.26 9681.21 9690.42 9699.8 9706.04 9704.29 9696.41 9705.47 9714.23 9723.23 9714.28 9708.69 9710.24 9714.19 9718.29 9718.72 9707.65 9699.18 9692.63 9686.94 9683.57 9684.63 9683.28 9679.4 9695.17 9678.83 9649.14 9662.23 9661.87 9656.32 9648.98 9642.3 9638.6 9632.46 9627.79 9633.23 9642.89 9652.15 9661.19 9669.38 9680.48 9689.26 9697.38 9706.59 9716.15 9726.25 9742.19 9725.08 9723.15
9610.04 9610.96 9613.43 9619.36 9608.7 9605.03 9606.53 9609.23 9611.88 9612.13 9609.85 9606.78 9610.37 9619.85 9630.22 9640.82 9650.68 9659.19 9668.68 9676.87 9687.67 9696.56 9703.88 9707.15 9699.84 9704.13 9708.12 9705.06 9703.9 9704.26 9706.27 9709.31 9712.1 9712.46 9703.46 9694.06 9688.47 9683.15 9676.25 9668.14 9678.11 9687.83 9693.11 9681.53 9665.43 9674.74 9670.44 9664.3 9657.53 9648.73 9638.82 9644.27 9649.88 9651.99 9655.95 9661.47 9668.85 9675.82 9683.1 9689.83 9697.44 9704.81 9711.36 9717.36 9721.22 9745.28 9748.16
9608.51 9608.12 9607.29 9604.01 9599.89 9601.92 9603.56 9605.04 9605.59 9607.69 9611.45 9616.6 9623.45 9628.64 9636.4 9645.39 9653.39 9661.54 9669.69 9679.22 9687.24 9694.79 9701.72 9706.57 9706.56 9705.76 9708.33 9706.73 9696.63 9698.28 9701.05 9704.06 9706.11 9705.97 9701.09 9694.08 9689.65 9683.85 9677.42 9671.48 9682.9 9699 9703.1 9690.57 9678.63 9676.84 9675.79 9671.82 9667.29 9663.63 9662.66 9665.22 9664.52 9669.1 9670.9 9673.15 9675.81 9680.14 9685.94 9691.75 9696.41 9702.14 9707.31 9713.37 9722.43 9731.26 9732.96
9605.4 9604.25 9602.8 9599.02 9599.48 9599.66 9601.55 9603.58 9604.74 9608.22 9617.59 9627.98 9633.19 9639.96 9645.22 9651.2 9656.92 9662.89 9668.78 9675.5 9682.78 9690.74 9698.32 9703.22 9706.63 9704.71 9704.16 9699.42 9692.72 9693.37 9696.3 9699.17 9700.92 9699.17 9695.77 9698.03 9692.66 9687.95 9685.16 9686.48 9692.12 9699.17 9701.14 9695.96 9687.19 9682.78 9680.73 9677.38 9675.54 9676.74 9680.35 9688.71 9700.95 9687.17 9682.16 9681.73 9682.87 9684.9 9687.33 9690.82 9694.64 9698.12 9701.11 9705.64 9711.87 9718.04 9717.8
9602.15 9600.12 9597.2 9590.12 9591.48 9596.09 9600.28 9604.79 9610.69 9614.32 9621.4 9638.85 9639.79 9652.76 9653.2 9655.94 9658.18 9661.44 9665.16 9667.61 9674.85 9687.23 9695.96 9698.76 9704.23 9701.47 9696.84 9691.13 9688.57 9690.03 9692.33 9695.07 9698.06 9700.41 9702.88 9695.02 9693.96 9692.46 9692.47 9695.92 9697.72 9701.45 9703.25 9698.3 9691.56 9689.86 9685.43 9681.69 9681.37 9683.92 9687.28 9689.56 9690.87 9692.46 9690.91 9689.96 9691.02 9692.62 9694.52 9697.09 9699.46 9701.2 9700.94 9698.86 9703.34 9713.43 9722.45
9598.26 9595.6 9592 9590.83 9591.88 9595.34 9599.53 9604.16 9611.03 9615.1 9625.21 9640 9659.49 9661.45 9659.79 9659.58 9659.83 9661.5 9663.67 9668.58 9677.62 9688.45 9699.21 9703.43 9708.94 9700.09 9689.87 9686.67 9686.88 9688.4 9691.4 9694.11 9696.64 9699.81 9701.89 9697.91 9696.27 9696.15 9696.94 9698.66 9698.04 9701.41 9706.55 9700.48 9692.56 9686.06 9685.01 9681.76 9681.07 9684.28 9687.63 9688.6 9691.67 9694.83 9696.7 9697.99 9700.69 9702.69 9701.55 9702.26 9702.66 9703.55 9703.21 9704.14 9704.78 9708.96 9714.18
9597.17 9594.69 9591.38 9590.11 9591.45 9595.81 9600.26 9603.28 9601.11 9610.76 9618.66 9629.94 9642.44 9659.8 9660.68 9660.46 9660.22 9660.59 9661.89 9666.51 9675.73 9687.18 9704.41 9717.48 9699.03 9699.1 9696.14 9689.58 9687.3 9688.86 9691.99 9694.73 9696.92 9698.05 9697.85 9698.76 9698.21 9698.3 9698.84 9699.38 9698.57 9693.96 9703.1 9701.14 9695.43 9689.85 9684.43 9680.63 9677.69 9674.97 9680.13 9684.95 9691.21 9698.45 9702.46 9704.46 9706.06 9706.52 9707.24 9707.32 9707.88 9707.56 9707.94 9711.03 9709.11 9705.06 9699.72
