real_craters/C198-500m.grd
DSAA
411 411
-102.445 102.445
-102.445 102.445
7144.391851631 10791.905795863
[rows 120 to 149 of 411, columns 201 to 267 of 411]
9737.26 9740.48 9750.94 9767.64 9784.64 9792.06 9781.23 9760.75 9746.68 9739.27 9727.14 9702.71 9690.65 9699.72 9707.18 9728.87 9753.48 9778.09 9804.77 9831.36 9850.77 9841.12 9830.68 9822.61 9824.53 9845.27 9867.93 9881.72 9895.29 9897.23 9889.47 9876.7 9829.2 9764.04 9741.33 9725.61 9730.99 9801.11 9855.05 9892.08 9874.06 9845.24 9812.41 9798.83 9805.2 9815.76 9830.72 9826.93 9852.1 9856.8 9844.15 9827.04 9812.44 9795.62 9784.86 9778.64 9772.89 9760.95 9731.55 9689.21 9626.14 9573.52 9553.43 9508.09 9441.62 9360.74 9310.44
9735.27 9722.37 9728.3 9749.64 9771.22 9799.28 9785.42 9758.85 9760.81 9763.98 9769.55 9737.47 9719.8 9726.14 9718.82 9730.61 9755.53 9780.11 9802.01 9823.53 9837.09 9836.21 9829.15 9820.26 9815.59 9841.85 9865.86 9881.77 9888.45 9892.86 9895.75 9893.19 9823.37 9800.29 9824.59 9867.01 9915.03 9900.18 9908 9915.4 9864.62 9845.31 9828.44 9813.83 9811.66 9817.97 9809.26 9823.93 9854.24 9857.07 9843.72 9823.33 9802.27 9778.7 9761.23 9743 9722.48 9699.31 9659.36 9604.51 9537.69 9483.65 9446.23 9400.88 9345.87 9295.83 9264.5
9734.88 9736.96 9733.13 9735.43 9740.57 9756.29 9751.99 9744.1 9754.21 9765.76 9780.97 9759.73 9753.26 9753.39 9752.58 9754.98 9764.57 9782.17 9800.12 9815.04 9824.73 9829 9830.66 9830.21 9831.69 9853.89 9872.27 9883.85 9880.57 9882.02 9893.04 9874.03 9822.61 9828.42 9867.03 9914.68 9887.93 9896.93 9896.67 9886.73 9872 9858.79 9842.23 9827.86 9813.34 9799.25 9793.81 9827.34 9861.71 9853.65 9837.15 9816.52 9793.18 9768.67 9738.57 9708.67 9670.08 9623.17 9571.36 9532.03 9469.1 9413.6 9367.19 9317.12 9265.11 9219.99 9184.61
9751.45 9752.26 9745.39 9727.23 9703.32 9674.81 9701.81 9717.7 9723.33 9741.73 9753.18 9763.79 9782.35 9808.42 9781.49 9761.78 9772.39 9787.76 9800.8 9810.04 9815.38 9824.9 9834.8 9848.06 9869.51 9876.18 9879.85 9882.99 9873.47 9871.03 9883.52 9881.47 9881.36 9860.22 9870.74 9878.11 9872.03 9867.72 9872.2 9889.4 9871.56 9868.62 9861.24 9838.43 9814.15 9794.69 9811.86 9833.27 9844.68 9843.58 9825.86 9800.04 9770.4 9738.85 9703.04 9663.25 9621.22 9567.74 9516.98 9481.39 9427.34 9362.29 9300.2 9248.08 9198.44 9151.24 9114.19
9789.17 9772.77 9761.35 9735.82 9699.7 9665.72 9689.51 9711.31 9724.29 9728.08 9736.15 9767.1 9791.71 9818.39 9791 9769.2 9786.67 9798.06 9805.75 9811.28 9819.91 9826.85 9836.36 9851.93 9870.5 9872.45 9876.24 9884.71 9863.41 9855.57 9866.36 9878 9879.39 9855.05 9869.32 9894.52 9877.77 9860.03 9880.18 9895.44 9873.84 9879.08 9875.43 9850.63 9822.32 9798.09 9810.1 9837.75 9844.68 9829.9 9806.33 9775.81 9741.18 9702.29 9662.02 9618.81 9575.92 9535.01 9493.25 9429.53 9392.29 9303.63 9237.21 9188.01 9144.47 9103.81 9071.1
9847.18 9848.12 9800.15 9765.8 9737.39 9721.04 9715.67 9724.72 9736.34 9726.95 9725.95 9748.34 9777.02 9794.9 9808.98 9813.85 9812.14 9812.05 9812.54 9813.46 9813.87 9819.34 9833.72 9847.27 9847.29 9848.73 9851.06 9847.94 9839.54 9834.5 9853.07 9866.67 9865.67 9836.74 9855.23 9868.51 9866.48 9863.46 9889.65 9893.98 9877.76 9883.63 9883.28 9861.53 9834.63 9812.89 9813.97 9841.54 9841.87 9817.63 9785.04 9749.23 9708.2 9664.3 9617.54 9570.52 9521.38 9478.16 9443.51 9319.51 9213.88 9191.7 9165.47 9134.85 9103.54 9075.25 9056.07
9857.73 9845.95 9828.7 9801.03 9776.27 9761.84 9747.87 9742.52 9738.55 9723.38 9720.39 9747.44 9778.48 9808.8 9830.25 9842.71 9835.15 9827.62 9822.29 9817.36 9809.51 9812.54 9837.65 9857.11 9861.93 9855.38 9833.03 9813.43 9817.53 9830.71 9838.53 9853.47 9858.94 9834.15 9865.93 9866.17 9852.39 9863.71 9879 9875.34 9877.67 9894.2 9892.79 9871.74 9846.64 9833.98 9847.29 9847.18 9834.98 9805.21 9768 9723.93 9678.95 9629.96 9575.19 9517.63 9456.82 9388.14 9300.71 9205.16 9100.28 9109.13 9105.69 9092.14 9071.5 9051.26 9042.34
9875.65 9874.75 9859.17 9840.24 9812.18 9788.03 9783.82 9767.67 9746.17 9748.26 9740.48 9738.74 9787.42 9823.72 9840.51 9846.07 9843.26 9839.23 9835.87 9833.82 9826.73 9819.03 9861.76 9881.69 9898.2 9894.3 9837.76 9806.2 9806.18 9801.79 9822.59 9842.22 9855.87 9853.13 9879.19 9883.51 9858.25 9848.26 9852.3 9850.54 9869.73 9896.97 9904.21 9877.58 9851.83 9833.97 9835.82 9842.01 9825.28 9795.57 9754.01 9709.18 9652.69 9596.18 9534.78 9469.19 9397.64 9314.53 9224.04 9165.05 9124.59 9093.71 9078.26 9062.87 9047.19 9032.48 9024.99
9899.98 9889.45 9898.98 9891.24 9880.38 9866.38 9838.98 9815.27 9787.26 9794.1 9790.82 9781.46 9817.25 9837.46 9846.16 9850.28 9844.54 9842.28 9847.61 9858.44 9880.21 9918.55 9905.4 9903.98 9907.41 9895.04 9854.8 9826.26 9816.25 9815.03 9817.16 9821.65 9830.04 9833.43 9871.84 9872.72 9849.06 9829.24 9837.81 9842.47 9859.75 9890.2 9889.8 9872.17 9852.69 9833.35 9831.77 9836 9814.7 9779.79 9738.63 9688.62 9633.49 9573.92 9503.81 9433.37 9352.06 9271.84 9193.46 9155.65 9132.51 9093.77 9066.17 9045.42 9030.17 9020.56 9026.23
9959.62 9966.93 9954.24 9945.08 9933.1 9916.92 9896.99 9875.37 9863.54 9867.18 9880.69 9870.56 9876.01 9866.45 9846.44 9838.66 9831.08 9836.69 9850.33 9870.33 9898.72 9922.9 9917.72 9910.83 9903.52 9887.86 9880.81 9857.94 9834.18 9816.22 9811.47 9822.96 9819.06 9821.67 9855.82 9839.86 9836.07 9833.57 9841.84 9838.87 9841.86 9841.55 9854.12 9858.99 9853.15 9833.77 9831.8 9832.92 9812.07 9774.29 9728.75 9673.08 9612.47 9549.27 9480.17 9408.27 9330.29 9255.91 9191.56 9153.52 9120.31 9085.46 9055.27 9032.12 9016.96 9008.74 9017.86
9994.88 10002.3 9995.46 9990.7 9984.87 9972.01 9948.68 9928.31 9923.44 9935.24 9946.95 9925.02 9872.83 9857.15 9839.29 9811.3 9806.96 9827.44 9849.27 9869.59 9889.63 9895.94 9905.88 9906.51 9902.33 9898.39 9899.79 9881.53 9853.61 9823.31 9810.57 9815.8 9814.15 9817.87 9846.49 9834.46 9839.72 9856.04 9857.13 9838.6 9837.37 9833.63 9839.93 9850.04 9855.85 9840.1 9841.48 9849.35 9815.57 9769.19 9712.8 9651.84 9589.54 9521.16 9449.23 9385.18 9311.3 9241.12 9178.62 9133.39 9105.32 9077.82 9047.86 9024.18 9005.05 8996.92 9019.6
9976.36 9988.82 10002.3 10019.8 10043.3 10026.4 9992.5 9964.3 9941.94 9923.62 9963.33 9947.28 9904.57 9876.45 9853.54 9825.05 9813.65 9829.11 9847.58 9866.28 9885.42 9900.84 9903.32 9896.55 9894.52 9903.55 9914.39 9897.61 9872.85 9857.81 9851.09 9834.91 9818.8 9824.57 9833.26 9838.19 9844.93 9846.54 9851.42 9842.56 9842.86 9848.04 9837.88 9841.7 9845.6 9833.11 9849.06 9855.5 9819.86 9769.49 9710.86 9646.41 9577.49 9507.04 9433.79 9360.25 9291.83 9225.02 9165.19 9132.38 9104.28 9069.36 9036.97 9009.23 8989.7 8980.16 8993.89
9982.57 9982.33 9994.31 10014.4 10052.9 10036.1 10001.3 9978.12 9955.69 9946.67 9957.56 9959.68 9930.74 9917.71 9891.68 9862.75 9848.95 9844.25 9851.15 9863.48 9875.75 9891.71 9886.68 9875.81 9874.56 9885.39 9914.92 9902.39 9881.16 9861.28 9842.42 9818.77 9817.24 9829.57 9848.91 9855.46 9860.25 9854.88 9850.48 9837.93 9850.44 9845.71 9838.1 9838.67 9834.81 9835.3 9858.32 9861.67 9823.21 9770.61 9710.77 9643.29 9575.5 9503.03 9428.68 9354.94 9283.2 9214.96 9153.1 9120.73 9089.43 9053.96 9022.9 8995.99 8976.43 8969.93 8989.17
9957.39 9970.09 9973.87 9972.51 9969.35 9983.93 9983.47 9984.15 9998.3 9966.97 9977.62 10016.3 10019.6 9985.15 9943.24 9902.17 9870.58 9860.59 9861.94 9862.72 9862.59 9852.96 9845.12 9849.56 9851.38 9851.61 9889.93 9896.59 9881.13 9857.81 9834.63 9829.87 9827.96 9824.62 9856.49 9884.19 9892.99 9880.52 9854.87 9869.49 9875.25 9864.83 9852.73 9846.82 9835.16 9839.42 9864.57 9863.64 9822.41 9771.03 9711.62 9645.55 9574.37 9503.17 9427.98 9352.9 9278.74 9208.63 9138.63 9087.74 9063.66 9036.68 9010.19 8986.09 8969.55 8969.7 9011.58
9965.07 9947.4 9939.58 9926.77 9919.77 9944.01 9959.12 9969.62 9991.6 10075.9 10062.9 10105.6 10123 10062.9 9999.22 9939.43 9890.22 9884.52 9884.96 9875.72 9859.85 9841.7 9831.38 9835.83 9844.21 9858.07 9889.55 9894.68 9889.13 9866.17 9830.05 9839.36 9841.54 9833.44 9863.97 9927.03 9944.07 9947.22 9915.71 9898.69 9900.77 9895.57 9885.51 9865.01 9846.84 9840.93 9868.48 9862.77 9822.96 9771.63 9711.64 9644.11 9574.32 9500.23 9424.01 9347.81 9273.39 9203.4 9133.87 9094.38 9049.59 9027.33 9006.31 8986.32 8970.06 8972.36 9036.37
9878.27 9886.55 9883.72 9893.28 9900.84 9923.56 9939.21 9947.04 9951.59 10033.3 10089.7 10143.9 10168 10105.1 10045.5 9989.53 9936.56 9930.51 9923.74 9905.65 9879.43 9850.99 9836.71 9840.38 9856.58 9868.77 9893.14 9914.87 9921.16 9915.75 9884.21 9881.39 9866.6 9862.53 9950.27 9976 9983.82 10012.2 10004.5 9933.97 9909.15 9902.66 9886.08 9878.17 9876.97 9856.37 9871.7 9861.33 9824.3 9773.47 9713.39 9646.5 9575.49 9501.64 9426.34 9353.54 9279.02 9206.28 9132.45 9062.78 9037.16 9030.61 9015.25 8994.97 8978.14 8981.16 9047.51
9831.59 9841.99 9852.01 9882.71 9908.93 9925.81 9940.6 9949.85 9967.27 10012.3 10050.1 10093 10114.5 10101.1 10076.8 10050.3 10022.6 10012.9 9990.26 9957.55 9917.75 9875.26 9839.14 9864.37 9894.44 9921.37 9927.99 9948.65 9975.53 10004.2 10026.8 9997.47 9941.65 9942.01 9945.55 9974.76 9990.85 9988.66 9976.7 9985.5 9959.2 9921.14 9880.99 9884.85 9884.09 9882.87 9883.79 9865.74 9825.97 9772.84 9711.61 9645.75 9577.23 9505.29 9432.98 9360.11 9288.5 9215.04 9148.06 9096.15 9067.63 9055.48 9035.7 9014.9 8997.07 8991.4 9051.64
9815.12 9818.23 9839.51 9873.62 9909.43 9931.43 9955.06 9971.31 9982.67 10035.3 10059 10053.1 10066.1 10087.2 10098.2 10109.9 10136.1 10114.9 10064.8 10021.8 9979.29 9935.37 9902 9922.87 9952.68 9968.33 9961.76 9987.66 10035.2 10093.2 10151.7 10144.6 10071.6 10001 9990.69 9969.32 9993.74 10016.1 10025.3 10043 10057 10001.4 9939.4 9931.69 9911.33 9915.95 9911.56 9882.79 9835.37 9779.8 9718.09 9652.85 9582.92 9513.02 9442.09 9372.04 9304.1 9238.94 9179.67 9148.68 9136.43 9103.93 9072.93 9048.31 9035.21 9040.31 9067.84
9783.98 9791.41 9809.18 9843.02 9887.35 9932.97 9978.18 10020.3 10030.6 10034.2 10060.6 10044.7 10050.4 10082 10113.2 10143.3 10171.1 10163.6 10124.5 10087.7 10052.1 10019.7 10004.3 10008.5 10024.7 10040.4 9997.8 10022.7 10085.8 10158.1 10230.3 10244.6 10186.7 10106.1 9972.77 9970.82 10012.6 10069.1 10085.4 10084.5 10090.6 10059.6 10040.9 10011 9968.47 9963.94 9959.62 9903.53 9845.55 9785.7 9723.37 9657.68 9591.34 9523.85 9454.92 9386.2 9323.67 9269.88 9238.64 9218.48 9196.07 9145.86 9108.82 9079.79 9062.98 9068.79 9081.65
9751.94 9768.4 9790.53 9818.24 9877.02 9942.67 10000.2 10076.7 10140 10075.6 10105.4 10041.5 10042.3 10079.8 10120.5 10157.1 10179.8 10184.1 10172.6 10152.4 10127.9 10106.3 10093.6 10084.2 10077.9 10075.7 10052 10072.2 10125.2 10192.8 10258.7 10281.7 10237 10196 10107.8 10016.7 10033.9 10073.3 10111.7 10100.5 10081.4 10063.2 10045.5 10019.3 9986.99 9978.74 9965.01 9904.14 9845 9785.73 9725.8 9663.82 9603.73 9540.72 9474.24 9410.2 9346.03 9290.61 9246.48 9225.35 9195.36 9169.93 9134.02 9099.31 9070.18 9059.25 9075.8
9751.7 9764.5 9781 9823.67 9901.8 9968.25 10012.2 10045.9 10109.7 10153.2 10091.3 10038.8 10042.1 10082 10131.6 10174.1 10204.8 10213.9 10224.1 10214.4 10196.7 10181 10166.6 10147.9 10114.3 10082.4 10086.5 10100.7 10140.5 10196.4 10246.2 10260.8 10198.8 10171.9 10147.2 10109.2 10051.9 10018.7 10071.6 10083.6 10062.1 10045.9 10018.2 9983.3 9965.88 9950 9924.89 9887.96 9838.79 9789.12 9733.1 9678.46 9618.77 9560.15 9495.19 9430.97 9367.11 9308.1 9266.2 9244.94 9228.79 9197.49 9158.82 9119.62 9081.19 9061.77 9060.61
9790.24 9792.73 9794.31 9865.94 9967.57 10015.1 10038.2 10029.9 10118.5 10244.2 10074.6 10022.1 10045.8 10094.4 10154.4 10207.6 10255.3 10295.5 10287.5 10272.9 10258.5 10244 10233.5 10208.6 10151.4 10115.5 10090.7 10100.9 10140.3 10179.1 10212.6 10234.2 10167.7 10128.9 10103.2 10114.4 10066.4 10007.1 10024.9 10061.3 10043.7 10039.7 10025.2 10006.7 9972.83 9935.63 9904.48 9873.26 9834.3 9787.25 9744.56 9694 9644.46 9587.08 9527.33 9461.29 9398.05 9327.59 9264.41 9262.43 9261.78 9223.59 9181.5 9146.53 9116.61 9089.1 9066.18
9852.05 9865.79 9886.18 10005.5 10062.4 10074.9 10101.9 10129.6 10159.2 10173.6 10062.8 10027.7 10061.8 10111.6 10182.1 10239.4 10298.4 10356.8 10336.2 10323.5 10310.8 10292.6 10271.2 10234.8 10162.9 10124.5 10116.6 10127.8 10145.6 10167.3 10179 10155.4 10134.8 10098.1 10103 10117.8 10075.7 10036.3 9999.74 10024.7 10028.7 10028 10028 10018.7 9976.43 9936 9902.45 9875.97 9843.25 9807.56 9768.21 9723.51 9673.14 9631.4 9579.99 9516.57 9448.28 9369.36 9295.65 9279.18 9264.7 9226.15 9194.1 9170.82 9149.46 9130.03 9104.67
9947.95 9966.02 10008.2 10113.8 10102.6 10107 10141.6 10219.7 10166.4 10104.6 10060.3 10048.2 10096.7 10156.9 10214 10269.1 10311.1 10312.1 10352.4 10364.6 10355.1 10332.5 10291 10235.2 10173.3 10139.1 10150.9 10162.9 10146.7 10161.1 10178.8 10177.9 10153.8 10117.1 10081.1 10076.9 10070.6 10028.4 9992.59 10003 10000.7 10003.1 10006.4 9994.42 9978.08 9944.51 9908.37 9880.29 9852.1 9823.03 9796.13 9766.99 9727.66 9686.7 9636.33 9580.06 9512.22 9441.33 9374.56 9307.97 9244.73 9212.86 9204.09 9199.25 9190.6 9174.12 9162.25
10067.5 10060.2 10057.1 10038.9 10073.4 10100.1 10112.6 10105.1 10079 10065.2 10093.1 10099.2 10140.9 10198.2 10251.9 10299.7 10347.2 10404.8 10414.3 10406.7 10398.2 10376.6 10332.1 10257.2 10290.5 10239.5 10165.9 10107.5 10119.1 10155.5 10193.5 10222.1 10185.4 10105.1 10071.7 10081.6 10093.1 10033.6 9999.02 9988.05 9987.68 9993.96 9999.7 9980.33 9948.89 9934.55 9906.41 9882.77 9859.83 9844.32 9820.26 9797.53 9772.26 9736.84 9695.04 9644.34 9586.27 9517.78 9435.46 9349.31 9265.68 9218.84 9217.68 9234.16 9244.86 9217.01 9186.99
10195 10157.1 10113.3 10043.7 10077.6 10106 10100 10068.9 10076.6 10117 10177.7 10143.6 10191.5 10227.2 10275.9 10323.5 10378.4 10420.1 10432.9 10436.2 10433.8 10427.6 10414.8 10410.3 10393.6 10306.8 10187.4 10067.7 10107.9 10157.9 10198.2 10246.2 10248.8 10125.2 10090.4 10104.6 10141 10083.2 10022.3 9987.87 9995.41 10014 10011 9983.58 9936.99 9913.46 9899.43 9887.83 9878.18 9865.76 9846.97 9835.1 9814.62 9786 9755.52 9716.98 9670.84 9608.78 9515.42 9404.75 9288.65 9222.49 9234.98 9266.09 9286.59 9243.95 9201.69
10306.8 10250.1 10212.2 10162 10153.1 10157.2 10150.9 10150.4 10189 10229.8 10271.1 10255.4 10254.9 10264.7 10298.3 10334.6 10385.7 10432.6 10461.7 10456.1 10454.1 10463.1 10480.4 10501 10426.1 10341.1 10251.2 10186.5 10175.8 10177.8 10182.8 10177.2 10132.4 10123.2 10097.2 10123.3 10166.7 10090.6 10053 10018.8 10016.2 10029 10020.6 9996.4 9935.51 9911.93 9904.66 9906.53 9898.57 9893.21 9884.07 9873.26 9857.36 9838.69 9822.45 9798.17 9764.22 9701.49 9606.66 9483.06 9343.3 9241.54 9271.87 9294.41 9294.21 9263.53 9220.97
10362.5 10302 10279.9 10286.9 10235.4 10213.4 10214.3 10238.8 10303.2 10308.6 10332.9 10329.4 10301.2 10286.2 10295.2 10325.6 10373.9 10423.1 10448 10450.4 10448.4 10460.9 10485.7 10503.7 10465.9 10373.4 10304.5 10278.9 10233 10194 10171 10126.4 10073.2 10086.6 10115.9 10155.3 10143.5 10126.8 10093.7 10063.9 10042.4 10027.6 10058.9 9997.83 9944.42 9933.83 9916.94 9923.59 9920.3 9916.89 9908.82 9902.42 9892.75 9888.11 9883.66 9873.35 9858.71 9825.53 9716.53 9584.44 9456.98 9373.94 9356.14 9352.43 9333.68 9295.71 9262.41
10339.6 10288.6 10253.1 10234.6 10233 10230.7 10234.2 10230.8 10229.6 10242.3 10282.6 10311.6 10285.6 10258.2 10268.8 10297.2 10337.1 10385.2 10415.4 10421.2 10414 10415.7 10434.5 10451.3 10422.9 10354.9 10306.7 10266.5 10232 10198.6 10176.7 10168.8 10136.7 10120.8 10175 10214 10152.6 10155 10141 10114.4 10097.1 10078.5 10082.9 10028.8 9963.68 9952.45 9936.48 9942.89 9943.23 9940.65 9939.23 9937.17 9940.5 9937.75 9936.83 9932.52 9927.81 9913.85 9804.92 9679.53 9570.17 9507.14 9444.47 9428.62 9397.62 9341.91 9290.4
10252.8 10211.2 10220.5 10233.1 10227.5 10190.9 10179.7 10135.2 10083.9 10116.5 10119 10144.8 10180 10184.9 10198.2 10224.6 10272.6 10331.8 10412.1 10361.3 10345.2 10344.4 10350.8 10336 10290.2 10295.3 10275.7 10245.6 10211.3 10186.5 10174.4 10184.6 10227.5 10181.1 10188.9 10212.7 10192.4 10172.4 10194.2 10200.6 10148.8 10064.1 10011.8 9992.97 9987.24 9966.93 9956.72 9965.53 9963.24 9960.89 9961.02 9961.26 9967.46 9966.09 9970.66 9965.13 9955.24 9929.49 9846.7 9745.38 9640.29 9540.45 9490.23 9464.74 9432.32 9392.33 9375.68
