real_craters/C198-500m.grd
DSAA
411 411
-102.445 102.445
-102.445 102.445
7144.391851631 10791.905795863
[rows 150 to 179 of 411, columns 201 to 267 of 411]
10096.1 10039 10059.4 10134.2 10163.4 10053.1 9975.29 9956.89 9980.02 10066.7 10099.3 10039.7 10057.7 10083 10103.8 10134.1 10174.7 10211.7 10249.4 10238.9 10236.6 10245 10254 10258.1 10249.1 10258.5 10247.1 10212.2 10178.8 10170.3 10154.2 10135.9 10154 10115.3 10094.1 10146.8 10207.8 10197.2 10188 10169.4 10127.6 10073.8 10048.8 10039.1 10008.9 9988.13 9983.89 9983.24 9976.47 9976.34 9978.02 9980.2 9981.58 9986.09 9984.05 9982.43 9967.94 9934.53 9875.62 9796.01 9704.2 9609.13 9540.35 9480.94 9461.4 9434.06 9410.05
9866.57 9779.04 9766.42 9864.01 9911.96 9826.79 9729.16 9728.13 9812.05 9967.09 10038.7 9964.25 9969.02 9996.48 10016.5 10026.2 10039.6 10055.9 10054.3 10075 10102.8 10128.9 10154.7 10198.4 10254.5 10250 10244.9 10223.6 10186.1 10196.2 10147.2 10075.5 10065.2 10064.8 10076.2 10136.2 10179.5 10230.6 10177.9 10139.4 10083.1 10094 10097.4 10061.5 10034.5 10025.1 10008 9994.23 9991.45 9983.8 9981.17 9988.82 9983.59 9981.65 9985.88 9993.18 9989.26 9959.5 9907.47 9844.02 9777.68 9706.2 9648.31 9577.25 9568.96 9551.9 9532.49
9603.22 9498.66 9486.84 9577.01 9634.75 9600.9 9535.5 9521.81 9589.41 9724.68 9817.63 9852.73 9878.6 9920.07 9919.93 9913.97 9911.09 9905.88 9896.26 9918.83 9966.88 10011.2 10048.2 10077.4 10148.2 10223.2 10246.1 10279.7 10344.9 10258.3 10185 10092.6 10062.1 10134.3 10204.8 10249.3 10355.8 10340.2 10217.9 10220.2 10232 10195.2 10083.3 10072 10068 10051.3 10020.6 9993.33 9979.18 9994.05 9982.18 9980.56 9971.24 9978.81 9988.02 9992.33 9995.18 9975.88 9927.44 9881.6 9846.79 9837.87 9810.22 9755.07 9733.24 9764.66 9754.85
9372.14 9269.68 9271.3 9348.61 9392.72 9437.88 9443.91 9438.62 9453.05 9507.64 9614.81 9726.69 9790.65 9831.69 9825.94 9816.65 9801.95 9779.75 9765.73 9787.64 9844.33 9900.41 9955.17 9999.84 10117.6 10175.4 10211.2 10253.1 10282 10273.4 10244.7 10219.7 10166.6 10261.7 10290.5 10318.6 10399.2 10402.9 10409.6 10407.7 10458.3 10419.1 10268.6 10127.3 10116.6 10068.7 10015.3 9991.12 9974.78 9976.71 9970.82 9967.18 9966.42 9973.51 9976.41 9982.21 9971.06 9950.66 9929.33 9899.59 9878 9871 9849.43 9810.8 9846.27 9889.13 9891.5
9221.95 9153.85 9156.72 9214.62 9291.93 9380.91 9449.11 9446.96 9412.72 9366.91 9478.85 9619.79 9744.41 9753.04 9734.19 9692.45 9678.04 9669.51 9671.12 9695.88 9738.99 9797.18 9877.19 9974.32 10030.7 10080.6 10122.9 10178.1 10236 10256.2 10250.1 10246.2 10268.2 10247.6 10262.4 10277.6 10262.1 10369.9 10526.5 10512.2 10507.8 10544.4 10402.7 10191.6 10041.3 10021.5 10000.9 9985.79 9972.26 9965.51 9978.75 9973.33 9969.83 9971.2 9970 9973.3 9969.16 9944.62 9922.09 9897.01 9869.67 9851.58 9850.71 9879.05 9907.24 9961.8 9962.62
9145.94 9103.62 9097.91 9124.55 9178.82 9283.5 9398.07 9442.03 9422.45 9365.68 9437.03 9503.3 9584.6 9609.98 9595.11 9578.5 9554.06 9556.84 9569.34 9589.47 9629.71 9673.99 9744.99 9864.06 9906.09 9938.76 9973.83 10045.5 10139.6 10176.3 10195.1 10239.2 10262.4 10299.4 10365.5 10430.8 10419 10415.1 10500.9 10498.5 10489.7 10552.8 10520.4 10308.9 10077.7 9995.77 9998.43 9996 10000.1 9992.44 9991.72 9987.98 9987.23 9974.87 9963.01 9958.08 9964.89 9935.3 9907.14 9882.91 9852.32 9826.81 9796.31 9852.39 9921.15 9969.14 9995.99
9104.74 9096.12 9058.7 9047.17 9047.49 9104.98 9201.94 9278.87 9411.93 9515.94 9425.81 9366.05 9342.49 9396.29 9407.04 9414.57 9423.34 9440.1 9469.15 9505.14 9515.79 9528.19 9542.99 9577.46 9643.33 9694.92 9765.42 9842.07 9924.85 9961.74 9975.18 10030.7 10107.5 10195 10304.8 10383.1 10482.8 10468.2 10424.9 10455.2 10468 10478.2 10505.9 10414.2 10213.7 10073.5 10050.7 10043 10039.2 10033.8 10023.5 10020.7 10002.8 9976.04 9952.06 9934.56 9924.78 9903.27 9883.42 9858.34 9838.58 9823.68 9812.97 9866.56 9936.09 9980.65 10014.5
9054.83 9034.44 9010.74 8993.18 8978.62 8982.43 9038.97 9127.99 9305.71 9416.87 9326.86 9222.62 9129.48 9176.14 9246.37 9275.08 9291.91 9312.23 9344.64 9399.7 9377.16 9382.68 9370.58 9363.83 9419.78 9459.34 9551.6 9620.69 9654.4 9671.29 9702.97 9744.97 9830.17 9945.37 10152.2 10324.7 10336.6 10379.7 10430.3 10426.9 10429.2 10420.1 10404.5 10405.4 10314.6 10180.8 10129.4 10114.6 10104.7 10092.2 10073.7 10046.4 10031.3 9994.95 9952.67 9906.67 9874.24 9867.4 9861.45 9843.64 9831.99 9836.19 9881.33 9906.91 9957.86 10026.5 10027.6
8996.39 8972.25 8968.47 8960.55 8956.36 8959.76 8976.66 9032.72 9138.49 9203.61 9163.74 9095.87 9041.02 9057.07 9107.71 9143.84 9168.23 9179.95 9177.43 9153.64 9208 9273.1 9322.94 9334.59 9317.85 9315.8 9405.36 9446.98 9445.46 9438.73 9505.86 9552.29 9633.85 9758.33 9967.49 10192.9 10291.1 10298 10363.2 10382.6 10423.3 10447.6 10440.3 10412.1 10343.7 10238.9 10208.3 10193 10173.1 10153 10118.8 10096.5 10058 10018.2 9965.45 9894.63 9843.32 9847.17 9847.8 9834.24 9821.33 9818.5 9826.81 9872.38 9934.25 9987.15 10015.5
8955.03 8943.67 8942.72 8947.09 8949.39 8953.95 8942.77 8946.37 8965.21 8994.51 9001.29 8977.91 8960.34 8966.35 8991.81 9023.3 9053.59 9072.16 9066.63 9034.22 9109.63 9200.48 9266.77 9299.83 9298.83 9350.96 9345.87 9354.28 9348.54 9346.67 9411.77 9463.44 9520.3 9607.74 9780.55 10043.4 10137.3 10143.1 10213.4 10289.4 10392.2 10512 10504.9 10471.3 10392.8 10316 10314.5 10295.3 10259.1 10221.2 10181.5 10133.3 10114.5 10068.9 10011.9 9937.7 9883.8 9875.39 9859.17 9833.87 9813.6 9797.36 9795.56 9830.35 9891.52 9950.65 9993.83
8911.47 8912.82 8925.23 8933.65 8947.22 8974.06 8930.86 8884.77 8859.78 8865.46 8877.79 8864.52 8842.58 8842.49 8871.66 8914.35 8960.83 9000.25 9032.92 9072.65 9131.3 9171.3 9184.66 9219.19 9252.39 9268.94 9293.45 9318.11 9338.88 9375.74 9391.52 9429.83 9434.64 9472.03 9588 9833.03 9918.56 9958.44 10038.4 10160.5 10295.1 10441.3 10449.6 10402.1 10429.4 10453.7 10443.7 10392.6 10337.2 10275.8 10226.5 10184.1 10174.6 10139 10096.7 10041 9988.01 9937.41 9887.58 9842.02 9806.69 9783.73 9785.4 9811.47 9878.75 9943.51 9993.88
8910.17 8909.42 8909.63 8913.6 8920.84 8942.83 8939.31 8891.99 8839.48 8820.79 8799.92 8765.74 8720.29 8700.92 8755.23 8815.95 8876.82 8940.76 9011.69 9101.02 9155.44 9164.62 9181.44 9197.64 9213.2 9224.96 9262.67 9304.47 9341.51 9376.89 9364.81 9331.67 9343.77 9352.92 9417.87 9599.92 9760.2 9888.28 9900.59 10009.6 10156.2 10336.8 10350.2 10376.1 10434.5 10543.7 10546.6 10475.5 10406 10341.7 10289.6 10270.7 10237.5 10212.8 10189.5 10162.9 10096.6 10008.4 9926.69 9860.44 9803.03 9767.83 9770.28 9830.28 9952.46 10015.6 10034
8901.26 8887.95 8875.07 8881.25 8887.25 8877.12 8856.66 8860.07 8862.03 8809.63 8752.09 8695.16 8634.6 8575.24 8662.04 8734.74 8803.2 8874.95 8956.81 9044.64 9101.7 9121.22 9175.27 9167.03 9191.41 9218.82 9263.32 9302.14 9321.07 9322.98 9310.27 9292.56 9288.5 9297.33 9336.69 9426.05 9576.39 9690.64 9700.36 9827.98 9981.36 10064.7 10099.5 10185.4 10343 10527 10573.4 10497 10429 10372.3 10324.5 10305.4 10279.1 10259.3 10252 10249.7 10169.2 10064.6 9965.24 9880.42 9811.13 9767.46 9802.63 9943.06 10053 10102 10095.7
8750.47 8787.82 8809.72 8833.66 8857.06 8873.81 8832.19 8832.61 8845.39 8779.1 8708.47 8645.98 8598.5 8596.17 8620.43 8668.26 8732.6 8804.95 8880.88 8961.29 9029.5 9002.1 9003.94 9082.37 9160.96 9241.14 9297.52 9304.14 9292.25 9273.18 9273.78 9269.44 9248.34 9251.31 9279.14 9290 9372.46 9459.15 9515.8 9645.18 9755.69 9815.74 9883.91 9981.53 10172.4 10375.8 10466.6 10446.5 10404.4 10364.3 10327.9 10317.3 10293.6 10279.7 10272.1 10281.5 10190.3 10092.2 9991.89 9907.14 9843.88 9809.65 9901.29 10147.5 10269.6 10221.2 10160.2
8620.67 8678.35 8728.03 8772.81 8819.22 8833.5 8810.43 8769.67 8749.37 8706.22 8648.54 8591.57 8544.2 8510.12 8544.44 8597.34 8658.25 8720.91 8781.82 8825.68 8826.53 8877.17 8898.74 8991.95 9101.72 9242.09 9335.04 9280.14 9252.91 9244.6 9227.55 9207.16 9195.79 9184.71 9172.25 9189.35 9218.11 9269.04 9334.18 9517.66 9706.26 9742.15 9810.82 9867.84 10005.1 10178.9 10296.5 10347.9 10348.8 10335.4 10308.6 10303.4 10287.8 10273.6 10248.1 10206.2 10165.9 10094.7 10012.1 9941.01 9891.35 9895.69 10005.3 10207.6 10292.4 10267.4 10201.7
8571.57 8605.04 8649.45 8695.6 8751.07 8751.81 8718.32 8701.83 8644.87 8633.41 8590.38 8538.28 8484.18 8421.25 8448.77 8521.46 8578.43 8631.33 8680.83 8728.41 8790.1 8804.46 8842.6 8891.63 8986 9100.44 9178.29 9171.67 9172.64 9173.7 9156.23 9149.22 9138.7 9119.98 9094.88 9118.65 9129.66 9157.16 9252.24 9417.69 9611.78 9702.97 9738.4 9781.36 9862.95 10028.7 10164.3 10253.6 10290.8 10298.8 10295.3 10284.1 10267.9 10252.8 10227.7 10193.8 10154.8 10096.7 10029.8 9968.14 9923.96 9933.8 10019 10158.2 10278.6 10251.8 10202.6
8528.59 8531.83 8567.58 8605.49 8628.72 8669.91 8722.78 8708.89 8662.93 8590.54 8537.12 8487.57 8439.19 8381.84 8396.03 8458.91 8501.74 8537.43 8575.4 8612.59 8635.73 8648.67 8685.37 8749.02 8824.08 8892.54 8945.39 9005.89 9067.21 9122.25 9141.06 9105.99 9098.52 9093.94 9092.84 9110.06 9154.5 9133.86 9152.8 9309.01 9527.29 9603.49 9626.64 9676.62 9760.71 9937.07 10092 10182.1 10229.3 10247.8 10264.7 10256.9 10245.7 10225.7 10209.4 10198.4 10154.7 10106.1 10056 10005.8 9949.66 9919.17 9986.83 10077.2 10165.2 10198.3 10180
8417.51 8447.59 8480.8 8524.26 8571.89 8612.91 8706.58 8640.62 8579.71 8525.16 8475.79 8433.91 8399.39 8383.04 8400.4 8409.12 8422.95 8445.66 8469.43 8490.87 8517.33 8515.83 8532.59 8598.38 8664.42 8706.73 8722.38 8843.14 8956.86 9036.85 9058.01 9068.69 9061.33 9058.93 9065.44 9095.84 9096.42 9095.16 9092.32 9187.38 9322.85 9434.19 9532.92 9608.09 9726.99 9878.63 10029.6 10122.8 10164.6 10199.1 10215.7 10222.5 10210 10192.9 10166.3 10156.9 10153.6 10130.9 10104.8 10068.4 10014.3 9941.31 10003.4 10079.1 10132.2 10150.4 10141.7
8344.06 8367.74 8391.17 8420.42 8453.83 8467.28 8491.68 8490.81 8472.26 8445.33 8406.92 8368.84 8339.97 8331.53 8345.78 8330.68 8340.37 8353.37 8363.1 8368.46 8370.06 8350.77 8387.29 8462.73 8537.45 8601.8 8649.32 8766.2 8862.16 8949.03 9083.4 9028.88 9003.54 9010.39 9004.42 9037.77 9063.9 9076.16 9077.69 9100.61 9180.68 9306.81 9440.79 9514.45 9638.94 9791.81 9989.85 10056.6 10087.6 10127.4 10157.8 10181.9 10179.1 10171 10138 10137.3 10165.6 10167.2 10161.5 10153.2 10147.5 10129.4 10081.9 10083.4 10114.6 10108.2 10101.4
8292.14 8300.97 8305.61 8298.59 8279.56 8292.79 8320.08 8392.95 8387.05 8358.4 8326.75 8295.07 8262.63 8220.2 8169.02 8226.24 8252.92 8263.96 8263.14 8250.22 8218.55 8196.89 8262.36 8352.39 8446.83 8548.26 8684.98 8741.51 8769.74 8803.49 8829.03 8891.25 8900.01 8908.45 8883.69 8981.97 9069.31 9075.8 9087.05 9070.9 9096.34 9219.22 9339.4 9375.7 9447.49 9626.91 9825.1 9926.13 9979.59 10034.2 10080.3 10134.3 10172.8 10184.1 10161.3 10178.7 10211.8 10209.9 10211 10212.9 10232.9 10254.1 10116.7 10021.6 10042.8 10055.4 10058.2
8246.38 8246.83 8246.22 8234.14 8214.54 8203.45 8189.71 8239.6 8278.17 8269.33 8246.41 8227.02 8200.12 8169.67 8150.31 8174.74 8189.71 8191.58 8181.69 8163.83 8135.13 8127.49 8182.46 8265.58 8356.75 8455.71 8558.39 8615.5 8651.9 8679.96 8703.75 8754.39 8778.06 8768.1 8757.51 8781.15 8892.57 9008.2 9073.87 9062.88 9093.79 9157.82 9235 9301.63 9338.29 9471.04 9634.32 9753.11 9846.2 9936.35 10019.5 10101.5 10173.6 10236.1 10282.8 10281.5 10280.2 10252.8 10244.1 10231.1 10198.7 10149.3 10089 9992.72 9998.04 10009.8 10023.5
8200.87 8199.19 8200.4 8202.68 8184.81 8170.31 8157.59 8167.38 8176.83 8181.38 8174.88 8160.1 8143.7 8137.27 8166.32 8158.08 8138.11 8131.07 8123.11 8107.25 8091.68 8089.11 8131.65 8197.52 8274.2 8352.36 8422.79 8491.84 8529.22 8566.53 8599.65 8628.5 8684.34 8727.34 8708.56 8722.62 8829.78 8923.94 8934.1 9021.43 9084.94 9133.13 9206.73 9273.84 9293.71 9371.11 9478.46 9588.39 9709.5 9835.81 9956.12 10070.3 10180 10282.4 10370.5 10367.1 10342.7 10288 10267.1 10245.9 10215.2 10167.7 10099.5 10030.6 9985.94 9986.42 10000.1
8156.03 8155.62 8152.38 8160.3 8125.23 8068.99 8072.1 8074.18 8092.54 8099.7 8101.5 8094.27 8082.05 8075.08 8067.26 8074.38 8075.15 8076.34 8075.97 8070.73 8069.23 8072.19 8097.76 8142.93 8197.23 8254.28 8306.82 8356.4 8406.73 8437.74 8463.34 8509.97 8570.66 8671.03 8673.24 8716.21 8764.48 8843.45 8872.82 8981.07 9078.15 9119.91 9180.95 9239.71 9265.2 9306.24 9362.98 9440.92 9590.95 9741.3 9887.48 10032.3 10175 10303.3 10369.4 10394.8 10370.4 10335.3 10278.1 10255.4 10233.2 10195.8 10140.2 10079.7 9997.83 9976.46 9988.31
8126.36 8112.97 8091.64 8047.58 8022.91 7994.11 7986.98 7994.1 8019.9 8035.83 8042.48 8040.06 8028.74 8011.45 7982.6 7994.78 8018.87 8031.62 8037.96 8041.94 8046.62 8050.17 8066.66 8095.14 8125.59 8153.15 8175.37 8226.37 8301.09 8394.61 8398.4 8370.58 8401.98 8458.42 8591.08 8685.86 8694.44 8740.14 8850.73 9034.07 9061.29 9119.5 9170.83 9221.07 9257.45 9292.95 9316.71 9372.76 9511.03 9667.26 9825.73 9981.7 10141.1 10300.7 10410.7 10401.3 10369.4 10332.9 10273.8 10250.3 10230.9 10208 10178.3 10123.8 10024.7 9983.29 9986.38
8111.49 8080.07 8050.19 8027.49 7990.1 7969.62 7960.55 7962.12 7975.51 7988.92 7993.93 7996.9 7988.54 7975.37 7960.66 7969.78 7984.06 7997.43 8007.08 8014.51 8020.98 8025.79 8036.54 8052.44 8064.75 8071.46 8068.98 8067.38 8186.41 8332.39 8361.86 8336.06 8293.9 8301.73 8432.69 8534.6 8566.99 8666.56 8742.06 8942.09 9033.51 9075.27 9133 9188.1 9252.29 9305.08 9305.6 9336.53 9460.58 9609.86 9764.75 9915.07 10067.5 10216.1 10335.9 10338.6 10324.4 10302.6 10255.3 10230.2 10203.9 10202.3 10195.7 10155.6 10065.9 10011.8 9995.06
8085.98 8044.91 8010.62 7979.83 7961.13 7949.45 7949.22 7947.61 7951.14 7957.2 7959.84 7959.64 7954.92 7949.31 7942.35 7951.76 7961.26 7971.73 7980.99 7988.46 7995.23 8001.9 8009.34 8016.25 8020.56 8019.18 8013.77 8018.52 8073.96 8131.2 8210.98 8264.55 8222.84 8244.74 8318.74 8347.02 8339.77 8383.18 8591.43 8901.54 9010.53 9045.17 9089.36 9154.71 9230.68 9278.04 9306.67 9330.88 9435.99 9576.83 9716.01 9842.04 9967.76 10065.2 10150.5 10226.9 10252.8 10258.2 10250.6 10218.1 10190.3 10194.4 10195.9 10163.1 10095.1 10042.9 10004.8
8032.21 8005.86 7975.57 7947.15 7940.8 7937.11 7937.84 7933.79 7933 7936.49 7934.83 7933.9 7931.28 7929.11 7928.96 7936.88 7940.72 7948.47 7956.71 7963.94 7970.1 7979.83 7987.07 7989.68 7990.21 7990.13 7989.04 7997.42 8007.17 8004.18 8057.87 8067.16 8117.01 8268.66 8260.51 8244.73 8221.38 8233.02 8401.05 8667.63 8859.11 8935.45 9027.19 9130.3 9227.29 9310.68 9319.7 9345.85 9438.96 9557.51 9671.5 9771.16 9870.64 9983.24 10067.7 10127.3 10180.4 10216.2 10229.9 10228.8 10217.4 10201.7 10169.2 10134.8 10089.4 10040.9 10000.9
7985.08 7971.91 7951.94 7936.99 7933.42 7929.16 7922.97 7921.1 7920.65 7920.41 7920.35 7919.39 7918.53 7917.46 7914.74 7917.23 7925.59 7933.98 7941.6 7947.52 7951.11 7959.6 7966.45 7969.35 7969.7 7969.83 7973.37 7979.93 7984.18 7988.08 7996.31 8002.15 8016 8077.5 8143.86 8159.22 8158.72 8138.49 8258.89 8497.59 8744.82 8812.81 8946.67 9106.13 9199.45 9245.97 9323.6 9389.25 9476.54 9565.54 9643.34 9702.12 9762.93 9829.41 9930.1 10022.7 10107.1 10165.7 10221.9 10252.4 10259.8 10225.9 10166.4 10124.1 10076.2 10020 9989.36
7960.67 7950.48 7939.08 7928.86 7925.55 7921.74 7917.74 7913.77 7911.48 7909.93 7909.34 7908.54 7907.36 7905.64 7901.34 7904.53 7911.74 7920.24 7928.32 7935.38 7942.78 7947.99 7954.2 7959.42 7962.03 7960.97 7963.5 7967.17 7970.95 7976.69 7979.29 7991.14 7999.88 8012.61 8047.16 8062.75 8080.39 8093.39 8184.83 8458.65 8692.73 8740.51 8833.43 8962.95 9094.67 9234.3 9358.86 9461.14 9536.67 9593.94 9618.58 9644.61 9659.61 9670.95 9789.57 9923.12 10036.8 10129.2 10214.4 10268.8 10283.3 10251.2 10197.7 10147.1 10092.3 10032.2 9989.27
7938.46 7935.77 7930.45 7925.21 7922.54 7917 7909.94 7905.98 7901.8 7900.17 7899.03 7898.51 7897.14 7895.28 7893.27 7893.51 7900.2 7908.68 7917.34 7925.68 7933.61 7940.13 7947.58 7951.1 7953.86 7956.71 7957.64 7959.91 7961.07 7963.29 7970.63 7981.09 7994.39 8006.02 8018.18 8037.54 8072.5 8100.22 8141.04 8303.19 8431.48 8546.37 8683.97 8813.52 8982.92 9221.09 9406.95 9509.57 9577.41 9597.92 9607.17 9606.71 9607.92 9623.87 9727.81 9858.42 9983.12 10101.1 10212.2 10304.7 10332.6 10289.3 10203.3 10169.5 10118.9 10059.7 9988.35
