real_craters/C198-1000m.grd
DSAA
118 118
-58.54 58.54
-58.54 58.54
2615.7248884832 5186.7132585326
[rows 60 to 89 of 118, columns 0 to 66 of 118]
4134.23 4127.74 4126.96 4120.45 4113.49 4093.66 4111.49 4117.77 4107.29 4115.78 4119.67 4133.55 4149.19 4161.23 4171.55 4188.41 4206.9 4221.47 4230.36 4286.55 4327.99 4296.89 4263.75 4257.52 4264.72 4265.05 4271.38 4297.88 4377.75 4436.92 4430.61 4513.16 4574.73 4362.81 4248.61 4139 3998.77 3852.05 3712.27 3631.11 3592.97 3525.47 3437.6 3343.06 3243.24 3134.23 3056.77 3024.84 2971.99 2985.34 3009.8 3047.08 3112.29 3204.19 3283.42 3334.98 3335.01 3305.04 3194.59 3197.85 3226.89 3258.87 3294.77 3318.88 3241.79 3083.4 2957.33
4116.15 4141.97 4130.61 4134.56 4120.8 4101.32 4130.18 4142.86 4142.24 4142.6 4140.31 4150.18 4159.96 4162.37 4171.52 4188.33 4201.22 4220.45 4242.52 4304.08 4307.93 4288.61 4274.02 4266.09 4274.6 4267.04 4282.24 4297.58 4317.26 4342.03 4474.2 4550.28 4572.66 4478.43 4244.67 4132.75 3973 3814.77 3684.74 3661.64 3602.45 3573.58 3491.85 3378.99 3249.94 3136.25 3015.14 2939.74 2984.73 3005.21 3024.98 3049.34 3093.82 3168.72 3222.67 3245.78 3286.61 3289.77 3287.82 3349.09 3319.02 3294.26 3288.64 3281.06 3200.77 3075.09 2990.81
4107.99 4123.21 4117.87 4135.75 4122.87 4138.76 4131.09 4138.34 4142.74 4128.98 4160.62 4167.46 4166.63 4166.59 4175.47 4186.96 4202.95 4226.55 4245.38 4263.63 4311.11 4311.95 4295.52 4297.79 4281.99 4285.86 4315.83 4314.5 4286.62 4322.89 4454.31 4513.21 4503.27 4483.51 4305.85 4125.91 3974.3 3826.97 3707.31 3716.46 3832.24 3712.33 3575.23 3430.72 3279.63 3112.88 2986.58 2924.78 2982.27 3021.04 3030.43 3039.58 3062 3109.51 3136.25 3169.56 3184.4 3206.19 3296.77 3406.9 3335.56 3283.5 3253.71 3231.15 3166.44 3109.34 3037.21
4115.85 4106.35 4109.73 4121.11 4114.91 4123.08 4122.15 4130.45 4150.79 4135.34 4156.1 4169.88 4166.89 4164.33 4174.78 4194.71 4216.51 4233.54 4242.03 4331.83 4337.7 4324.33 4303.62 4297.57 4295.86 4303.53 4332.5 4334.99 4316.03 4332.7 4363.43 4438.53 4562.42 4493.11 4286.56 4140.75 4048.52 3892.17 3766.37 3789.39 3945.03 3811.87 3646.2 3500.39 3343 3203.09 3074.39 2969.08 3017.37 3033.45 3032.27 3022.68 3012.89 3036.28 3066.85 3095.12 3109.04 3124.21 3201.43 3258.22 3255.87 3225.24 3192.84 3153.38 3114.86 3063.23 3027.69
4113.15 4122.63 4113.5 4098.78 4131.29 4125.29 4118.66 4131.9 4141.7 4147.07 4163.01 4165.03 4163.3 4156.43 4172.75 4197.53 4222.23 4255.27 4276.44 4305.63 4327.04 4324 4303.31 4265.46 4284.8 4312.67 4349.24 4341.86 4349.48 4352.22 4351.84 4410.42 4587.3 4586.87 4203.52 4294.76 4177.41 4015.15 3835.27 3867.25 3871.12 3852.5 3713.17 3552.49 3394.73 3261.21 3141.74 2970.72 3005.48 3031.28 3021.1 3002.32 2989.11 3005.79 3023.92 3048.42 3057.96 3072.58 3100.22 3140.12 3151.49 3140.43 3118.51 3087.11 3051.94 3005.43 2963.26
4117.36 4130.51 4124.21 4118.43 4126.22 4119.44 4130.64 4138.57 4154.45 4150.06 4154.45 4159.35 4164.57 4169.44 4185.53 4212.58 4236.63 4251.54 4288.72 4320.78 4309.29 4319.63 4323.75 4277.01 4259.98 4297.88 4352 4372.58 4395.11 4414.41 4386.14 4425.23 4518.89 4417.67 4179.48 4221.98 4242.61 4251.05 4257.17 4137.92 4081.06 3958.75 3787.7 3603.21 3422.25 3250.56 3095.95 3031.48 3059.52 3047.85 3019.51 2993.83 2969.6 2969.22 2991.54 3007.67 3014.96 3015.5 3033.21 3051.39 3069.58 3070.08 3057.98 3041.35 3049.5 2987.26 2942.82
4126.3 4124.15 4126.94 4128.6 4118.36 4120.1 4154.57 4161.48 4200.71 4181.86 4159.55 4164.99 4174.01 4172.25 4201.38 4231.29 4261.04 4298.56 4297.24 4300.51 4293.56 4298.95 4277.7 4274.19 4266.06 4279.06 4308.18 4420.41 4495.83 4439.75 4404.65 4433.6 4496.43 4525.66 4180.76 4101.04 4196.32 4299.27 4353.54 4308.63 4279.61 4077.6 3851.05 3638.94 3426.59 3240.52 3141.92 3103.62 3065.77 3039.19 3012.69 2989.08 2964.31 2960.47 2975.23 2979.43 2984.31 2977.56 2986.19 2997.69 3019.82 3027.84 3019.89 2985.14 2964.01 3005.98 3036.91
4110.43 4112.66 4121.93 4144.93 4165.46 4143.6 4146.01 4169.86 4180.35 4198.82 4162.97 4183.32 4193.59 4213.69 4227.82 4249.87 4273.75 4288.22 4277.05 4274.61 4283.53 4280.27 4265.27 4261.76 4239.01 4271.99 4287.63 4342.89 4510.28 4424.03 4379.83 4366.28 4577.56 4533.82 4208.02 4023.07 4118.3 4206.93 4251.71 4257.28 4223.53 4109.57 3919.09 3717.48 3501.99 3279.39 3166.72 3099.55 3064.65 3028.04 3008.42 2994.8 2981.46 2976.35 2974.67 2982.44 2987.78 2978.95 2981.81 2988.26 3004.88 3014.99 3013.66 2988.46 2949.25 3014.2 3036.75
4103.31 4119.72 4149.26 4174.54 4167.87 4143.31 4165.4 4164.81 4167.83 4172.25 4183.36 4176.51 4200.88 4227.64 4244.76 4266.62 4285.09 4302.35 4283.46 4273.58 4269.47 4281.29 4277.12 4268.71 4283.59 4290.4 4293.36 4307.84 4347.66 4387.55 4379.66 4391.48 4478.12 4458.11 4204.85 4035.59 4095.5 4130.81 4176.2 4180.2 4275.56 4095.77 3977.59 3812.78 3625.28 3403.47 3201.01 3116.66 3068.86 3013.9 3015.36 3016.86 3012.56 3000.74 2983.7 3001.58 3011.2 3005.05 2998.7 3001.24 3009.43 3017.65 3022.97 3018.22 3024.44 3072.21 3152.03
4112.46 4131.95 4159.37 4169.71 4172.97 4167.12 4161.55 4165.84 4176.7 4179.97 4199 4168.99 4210.03 4232.41 4257.65 4280.63 4293.02 4295.03 4302.69 4297.55 4312.54 4277.25 4291.72 4297.85 4309.63 4320.15 4314.01 4333.4 4349.92 4380.33 4405.02 4437 4495.35 4557.54 4384.36 4062.18 4057.99 4050.04 4115.51 4257.76 4273.72 4160.08 4027.63 3904.92 3773.86 3619.93 3520.57 3189.87 3093.51 3049.17 3044.64 3045.77 3049.03 3055.93 3045.45 3048.65 3052.36 3041.84 3033.96 3021.14 3023.34 3031.83 3039.54 3055.96 3062.97 3119.12 3157.09
4122.98 4141.36 4156.63 4155.43 4176.54 4182.6 4175.46 4171.45 4194.19 4195.58 4223.76 4221.46 4224.28 4239.18 4271.93 4303.39 4326.05 4325.2 4307.35 4305.03 4279.87 4271.51 4289.08 4324.62 4349.49 4331.22 4319.67 4332.79 4364.96 4403.08 4443.14 4484.22 4559.93 4725.31 4692.73 4287.76 4082.97 4042.94 4063.25 4140.02 4253.93 4205.36 4063.23 3942.93 3872.03 3799.21 3531.37 3273.2 3152 3103.16 3087.91 3083.24 3078.74 3080.66 3082.62 3090.69 3089.86 3080.05 3069.44 3048.19 3046.31 3053.95 3061.39 3075.65 3098.88 3166.27 3265.11
4133.02 4149.08 4161.26 4157.04 4177.29 4174.96 4169.39 4173.34 4203.46 4213.85 4223.63 4207.66 4229.69 4255.71 4286.76 4324.58 4364.94 4368.77 4316.54 4302.17 4270.55 4290.8 4306.68 4313.94 4309.75 4314.19 4327.18 4362.01 4392.04 4408.83 4453.79 4528.24 4572.28 4715.97 4740.75 4618.57 4289.93 4053.69 4054.35 4009.58 4112.01 4134.12 4025.19 3931 3855.36 3776.69 3629.31 3377.86 3248.57 3175.25 3135.23 3119.88 3104.59 3087.79 3119.28 3124.33 3116.73 3108.41 3094.14 3085.24 3080.22 3080.48 3088.12 3105.73 3146.12 3210.66 3289.5
4139.04 4158.58 4169.83 4180.87 4167.62 4169.25 4184.18 4194.04 4222.07 4202.62 4183.04 4202.17 4234.83 4263.2 4300.32 4337 4358.02 4366.52 4353.06 4310.54 4279.56 4284.5 4304.04 4305.84 4310.47 4307.72 4312.18 4337.23 4355.71 4380.27 4413.77 4465.02 4557.57 4647.63 4674.4 4747.14 4514.97 4464.67 4208.08 4035.88 4007.71 3926.16 3935.05 3876.5 3789.01 3713.63 3619.85 3536.01 3459.64 3290.21 3222.96 3190.78 3157.52 3130.4 3143.06 3149.32 3141.15 3139.43 3139.92 3124.21 3123.84 3140.02 3131.25 3175.35 3216.64 3257.29 3293.45
4154.76 4160.97 4168.3 4170.88 4171.71 4168.15 4190.39 4216.27 4215.62 4200.3 4189.6 4209.08 4240.11 4277.65 4310.78 4342.98 4372.91 4357.9 4332.96 4317.78 4296.36 4294.66 4294.66 4291 4266.78 4266.67 4269.38 4291.81 4309.42 4334.24 4356.99 4380.4 4443.77 4601.61 4812.61 4780.25 4729.62 4623.2 4406.86 4170.89 4065.56 3998.88 3933.48 3854.55 3760.66 3703.48 3666.97 3660.72 3564.44 3450.11 3344.4 3270.52 3221.22 3189.9 3186.23 3170.97 3164.53 3173.32 3182.68 3170.93 3185.6 3273.51 3289.53 3246.2 3279.44 3315.48 3353.16
4143.7 4154.8 4161.83 4157.58 4174.32 4175.29 4200.04 4223.33 4214.21 4208.78 4201.52 4199.49 4260.59 4290 4314.3 4340.62 4356.48 4338.04 4310.42 4297.34 4295.18 4309.66 4289.61 4270.06 4259.87 4246.94 4239.08 4255.87 4275.95 4297.65 4315.95 4347.55 4415.4 4505.85 4555.58 4607.61 4658.49 4722.33 4643.53 4482.72 4202.34 4049.98 3974.75 3879.06 3777.79 3729.68 3710.84 3699.09 3623.35 3533.01 3429.88 3345.13 3293.26 3249.94 3213.62 3198.99 3192.12 3214.76 3232.25 3256.65 3334.41 3394.43 3465.94 3352.27 3376.98 3422.34 3489.11
4146.39 4151.95 4154.67 4153.93 4191.63 4216.77 4247.21 4236.94 4228.54 4217.92 4214.64 4232.15 4290.02 4300.65 4310.08 4319.49 4329.55 4310.16 4288.9 4275.5 4285.81 4297.19 4290.05 4258.09 4239.7 4231.47 4230.73 4243.19 4256.99 4277.48 4294.97 4313.85 4347.42 4437.52 4557.1 4551.87 4514.17 4599.35 4763.22 4727.33 4448.05 4210.35 4108.78 3957.52 3805.81 3751.06 3722.29 3651.96 3587.06 3514.12 3430.09 3396.64 3376.22 3346.27 3270.77 3237.66 3236.42 3259.63 3279.07 3302.61 3335.94 3415.41 3454.62 3476.16 3492.86 3554.67 3628.9
4150.33 4161.75 4158.02 4162.07 4180.8 4175.35 4217.29 4221.98 4221.75 4215.61 4219.53 4257.77 4296.94 4290.7 4290.92 4290.52 4268.47 4283.93 4279.74 4282.38 4273.52 4275.18 4260.02 4244.8 4233.97 4238.19 4244.06 4253.97 4250.97 4276.5 4296.17 4310.92 4321.78 4400.52 4506.4 4558 4560.75 4554.98 4639.2 4657.51 4604.86 4586.06 4379.26 4071.33 3823.84 3809.54 3771.69 3663.41 3562.02 3495.69 3442.61 3435.52 3450.74 3468.35 3524.91 3365.43 3319.82 3318.66 3335.76 3354.27 3435.38 3485.99 3499.15 3536.19 3603.01 3676.8 3781.68
4148.38 4133.18 4153.6 4138.49 4176.59 4195.49 4183.08 4195.54 4205.2 4209.75 4215.54 4236.07 4262.95 4270.4 4273.3 4267.99 4253.68 4259.94 4266.04 4275.09 4247.14 4233.12 4234.83 4245.8 4243.16 4247.85 4245.18 4244.78 4263.75 4291.96 4309.59 4320.29 4324.69 4375.89 4469.16 4557.95 4604.95 4526.5 4521.09 4557.84 4583.34 4602.5 4494.21 4183.49 3922.73 3900.5 3887.93 3846.95 3710.9 3590.24 3471.35 3538.78 3567.82 3556.33 3504.46 3499.05 3472.86 3463.74 3441.31 3445.59 3564.75 3628.55 3663.6 3651.67 3711.51 3789.33 3876.88
4125.87 4133.19 4171.33 4210.44 4213.89 4185.39 4131.38 4189.09 4195.75 4205.17 4217.69 4241.99 4263.39 4274.16 4271.04 4265.02 4256.58 4249.96 4232.89 4221.87 4226.69 4235.07 4241.15 4245.88 4251.6 4266.38 4292.72 4295.73 4319.18 4318.44 4326.64 4326.32 4323 4341.08 4367.56 4406.95 4555.92 4603.2 4541.8 4529.89 4548.89 4579.77 4531.42 4316.53 4057.74 4000.45 4072.47 4071.62 4041.96 3970.18 3794.42 3783.89 3758.76 3678.24 3580.7 3552.39 3513.32 3495.58 3587.79 3747.58 3753.01 3769.36 3723.1 3767.5 3824.4 3878.82 3942.11
4089.86 4095.91 4128.63 4145.26 4202.74 4212.99 4194.73 4174.26 4190.48 4203.61 4224.17 4259.59 4291.35 4285.55 4270.78 4259.9 4248.23 4228.88 4231.95 4228.63 4232.92 4242.45 4253.79 4249.8 4261.85 4288.28 4294.32 4289.65 4323.35 4322.17 4323.92 4325.7 4318.95 4319.49 4327.28 4377.13 4507.7 4560.82 4552.19 4545.39 4544.38 4561.73 4557.61 4526.92 4457.5 4349.29 4390.02 4480.47 4621.74 4571.47 4320.6 4186.79 4026.78 3850.59 3686.27 3676.22 3742.77 3645.83 3704.84 3804.53 3869.36 3939.64 3900.52 3893.33 3913.64 3941.5 3983.9
4078.86 4109.55 4100.65 4121.04 4165.85 4198.83 4200.12 4177.75 4181.79 4198.4 4218.01 4230.46 4269.34 4270.24 4258.94 4249.8 4245 4245.03 4235.61 4227.37 4216.93 4221.77 4231.51 4225.18 4235.14 4230.74 4257.03 4276.51 4298.59 4302.67 4306.93 4311.02 4321.68 4335.5 4319.73 4325.42 4443.16 4525.85 4531.48 4548.32 4547.04 4537.96 4598.93 4644.45 4686.91 4651.29 4668.63 4868.14 5141.71 5186.71 4991.66 4687.77 4362.96 4100.54 3884.86 3837.6 3959.43 3948.26 3860.12 3863.51 3941.4 3971.27 3967.63 3990.71 3997.12 4004.36 4023.26
4077.36 4108.06 4105.92 4126.53 4138.19 4162.29 4174.03 4162.96 4166.87 4183.93 4207 4238.49 4259.26 4243.01 4236.9 4243.88 4245.15 4243.74 4227.89 4213.76 4198.92 4199.09 4197.6 4196.01 4207.57 4241.27 4234.73 4253.19 4262.24 4271.6 4276.52 4289.67 4300.13 4300.44 4300.87 4316.62 4396.25 4478.31 4549.31 4531.3 4546.2 4607.57 4624.83 4687.67 4722.09 4701.66 4750.7 4887.2 5120.72 5109.63 5133.44 4928.59 4628.92 4375.02 4156.29 3961.88 3951.35 3953.39 3957.98 3971.35 3974.02 3983.22 4107.94 4060.19 4070.33 4099.36 4096.73
4075.94 4099.4 4104.01 4119.63 4114.72 4115.94 4115.03 4125.86 4149.16 4169.93 4192.4 4213.27 4237.28 4203.45 4213.6 4214.4 4221.81 4221.58 4214.93 4200.67 4189.83 4183.81 4181.71 4181.58 4180.17 4199.01 4221.03 4228.05 4233.58 4242.43 4256.87 4267.32 4277.81 4287.78 4284.5 4283.53 4316.45 4412.58 4425.03 4466.06 4491.73 4516.86 4537.27 4591.92 4658.3 4661.71 4693.81 4736.79 4831.79 4912.43 4993.78 4945.54 4764.93 4617.75 4506.31 4378.64 4101.15 4050.91 4106.12 4063.53 4038.87 3994.89 4030.2 4128.55 4171.98 4196.14 4226.05
4129.49 4122.83 4103.45 4087.89 4095.31 4090.73 4096.27 4109.44 4129.28 4152.04 4174.69 4202.36 4222.98 4201.84 4199.49 4216.7 4206.89 4195.26 4192.79 4175.83 4150.55 4169.12 4176.13 4172.3 4175.26 4192.14 4191.07 4206.88 4211.43 4222.55 4229.6 4246.56 4259.39 4267.67 4268.26 4260.2 4262.66 4303.75 4360.43 4408.74 4432.1 4430.91 4449.13 4485.64 4518.94 4569.92 4615.26 4655.11 4777.95 4778.59 4786.65 4799.45 4777.96 4741.85 4744.81 4732.72 4597.66 4384.7 4280.11 4253.25 4247.68 4286.48 4214.34 4255.71 4319.74 4374.48 4416.76
4116.6 4109.43 4087.39 4080.16 4092.81 4097.53 4119.69 4102.97 4122.96 4142.24 4158.6 4174.67 4192.35 4175.53 4176.84 4164.64 4183.62 4179.34 4161.92 4161.41 4174.17 4169.12 4173.43 4172.75 4179.62 4186.79 4205.64 4214.73 4228.23 4227.24 4220.79 4231.95 4243.82 4247.9 4258.14 4265.43 4263.85 4294.85 4361.27 4391.24 4394.78 4386.17 4382.69 4406.88 4432.13 4482.34 4541.31 4608.78 4739.65 4706.44 4693.88 4728.37 4752.18 4771.59 4789.73 4821.1 4778.66 4692 4622.74 4557.66 4509.25 4443.17 4471.63 4439.14 4463.88 4525.17 4605.88
4081.78 4083.43 4092.84 4086.32 4089.89 4099.96 4098.12 4105.5 4114.44 4131.59 4149.83 4157.43 4175.12 4178.67 4171.52 4162.66 4160.84 4156.16 4147.61 4149.16 4152.29 4159.5 4182.83 4174.78 4181.58 4199.26 4214.54 4217.99 4223.26 4222.19 4217.92 4223.12 4234.83 4248.55 4262.01 4272.37 4277.42 4262.92 4394.05 4381.97 4374.63 4371.27 4366.54 4383.86 4384.85 4428.98 4489.84 4555.2 4603.4 4682.59 4678.14 4711.37 4751.09 4764.19 4772.56 4778.04 4866.94 4894.09 4864.81 4777.8 4710.59 4622.86 4594.87 4620.22 4635.67 4684.52 4721.92
4080.23 4090.25 4093.4 4092.96 4088.26 4094.7 4092.39 4117.66 4107.05 4132.73 4160.14 4178.27 4183.26 4171.91 4169.7 4180.28 4145.88 4130.6 4131.24 4138.6 4141.83 4144.15 4155.61 4172.69 4173.52 4187.97 4198.25 4207.85 4218.99 4215.63 4208.8 4219.8 4230.3 4237.61 4243.73 4258.59 4237.84 4238.97 4305.5 4336.44 4342.06 4358.73 4412.49 4383.08 4351.52 4386.95 4439.2 4490.02 4523.11 4569.55 4632.76 4753.18 4754.43 4726.72 4708.76 4761.4 4782.81 4788.52 4878.78 4779.82 4688.6 4736.43 4694.52 4684.99 4720.08 4776.58 4825.54
4079.02 4077.44 4078.69 4086.03 4096.23 4097.01 4095.22 4053.5 4096.07 4129.91 4159.95 4169.84 4155.37 4148.43 4129.99 4113.92 4130.94 4121.24 4123.13 4139.88 4147.42 4143.36 4157.53 4171.92 4174.71 4189.72 4201.32 4201.83 4214.48 4220.18 4212.89 4217.49 4227 4238.99 4249.75 4245.15 4245.96 4227.61 4259.7 4283.92 4285.44 4272.61 4221.8 4278.08 4333.42 4345.68 4383.65 4434.77 4542.13 4606.71 4611.28 4755.04 4708.66 4654.37 4625.15 4597.29 4693.88 4767.42 4743.17 4710 4756.42 4774.06 4749.64 4754.72 4773.69 4812.68 4866.24
4076.27 4094.07 4113.66 4098.59 4097.94 4100.28 4097.83 4131.51 4115.82 4126.22 4144.07 4147.83 4139.01 4126.16 4101.75 4100.19 4111.06 4114.12 4125.98 4149.04 4157.32 4152.63 4159.25 4171.81 4181.17 4193.97 4188.73 4195.24 4205.93 4210.01 4208.51 4214.28 4224.74 4234.69 4243.29 4239.01 4251.91 4243.59 4261.98 4261.21 4245.84 4210.15 4174.55 4195.12 4262.61 4303.22 4326.73 4346.13 4347.47 4387.75 4445.66 4520.64 4541.67 4533.93 4516.99 4503.23 4560.07 4585.15 4524.19 4560.57 4669.21 4697.98 4740.6 4752.68 4748.88 4776.57 4827.64
4092.68 4101.2 4131.9 4102.21 4093.54 4096.24 4085.13 4102.07 4102.93 4113.72 4118.25 4115.48 4100.47 4096.18 4100.49 4100.19 4087.46 4114.13 4134.06 4160.3 4167.91 4158.66 4160.45 4168.05 4177.22 4180.58 4191.47 4197.25 4197.61 4194.83 4196.82 4210.8 4222.58 4231.17 4232.15 4250.05 4251.81 4249.67 4266.39 4260.41 4238.66 4206.71 4182.81 4192.39 4225.25 4259.01 4277 4272.7 4241.42 4243.03 4279.16 4325.17 4360.55 4408.12 4420.7 4421.65 4382.52 4359.17 4380.61 4421.73 4484.57 4574.3 4735.88 4702.61 4688.97 4683.51 4679.78
