real_craters/C198-1000m.grd
DSAA
118 118
-58.54 58.54
-58.54 58.54
2615.7248884832 5186.7132585326
[rows 0 to 29 of 118, columns 0 to 66 of 118]
4162.57 4168.6 4170.44 4170.89 4170.18 4171.58 4170.27 4171.49 4172.74 4174.12 4174.73 4181.37 4179.97 4177.97 4178.88 4170.5 4171.03 4171.83 4174.47 4183.55 4194.69 4203.57 4205.56 4201.01 4196.39 4196.87 4199.38 4199.38 4199.92 4216.12 4231.89 4223.55 4230.04 4221.33 4224.05 4268.12 4299.62 4306.29 4297.28 4322.68 4332.68 4343.1 4353.65 4370.49 4377.97 4387.54 4391.08 4348.23 4353.43 4341.03 4338.85 4339.67 4340.69 4346.13 4364.26 4380.68 4391.26 4394.77 4365.05 4372.39 4384.92 4392.45 4396.82 4396.38 4388.85 4376.28 4359.63
4157.09 4161.3 4163.3 4164.83 4166.73 4170.38 4169.61 4165.42 4168.57 4172.85 4176.46 4175.65 4180.37 4175.76 4179.25 4173.47 4170.71 4171.25 4173.6 4180.62 4191.83 4200.93 4201.53 4201.49 4200.02 4204.68 4199.66 4193.99 4196.72 4214.45 4225.47 4223.46 4231.92 4223.92 4230.15 4273.31 4296.84 4300.36 4296.23 4317.55 4317.72 4334.44 4345 4354.86 4363.32 4368.67 4368.79 4352.84 4342.98 4341.17 4337.71 4336.53 4339.43 4347.2 4365.9 4356.7 4379.67 4395.87 4386.3 4393.12 4398.89 4406.07 4417.4 4413.6 4397.32 4382.73 4370.2
4154.65 4156.79 4157.43 4160.47 4161.17 4163.62 4164.11 4162.65 4165.26 4170.07 4177.39 4181.37 4176.42 4176.63 4177.49 4179.72 4171.79 4170.95 4171.41 4176.68 4186.39 4195.98 4201.96 4204.59 4203.97 4204.65 4203.02 4197.31 4196.36 4210.41 4224.29 4226.37 4222.1 4225.42 4237.84 4268.87 4303.68 4308.81 4295.02 4315.44 4311.75 4325.36 4334.58 4342.27 4346.21 4354.65 4361.79 4346.46 4336.76 4332.23 4327.57 4329.54 4337.49 4343.32 4342.26 4367.4 4384.23 4407.64 4422.03 4413.98 4407.94 4408.72 4418.22 4411.78 4392.89 4379.53 4374.94
4150.79 4149.46 4152.54 4156.62 4160.54 4159.09 4158 4158.51 4159.86 4163.95 4167.86 4172.25 4171.33 4178.09 4180.51 4179.85 4173.68 4170.58 4171.61 4176.01 4182.55 4192.36 4206.13 4212.18 4207.93 4208.94 4206.84 4202 4194.9 4204.07 4213.76 4221.78 4221.79 4227.34 4232.22 4244.06 4277.16 4291.74 4287.43 4303.76 4302.52 4316.68 4325.17 4332.94 4338.14 4342.54 4359.58 4347.94 4338.97 4325.97 4321.65 4327.06 4335.46 4348.73 4355.54 4355.73 4381.3 4405.34 4426.8 4417.94 4407.62 4400.66 4396.39 4385.53 4376.78 4365.93 4350.19
4136.99 4141.42 4148.39 4145.14 4147.22 4146.49 4151.07 4151.97 4152.63 4153.98 4156.25 4159.32 4173.44 4166.22 4176.31 4175.52 4168.43 4169.62 4172.3 4176.78 4180.16 4190.39 4205.48 4214.65 4212.87 4208.51 4207.98 4203.62 4202.74 4211.64 4221.16 4227.59 4228.77 4224.21 4223.5 4222.12 4247.91 4272.08 4277.86 4310.25 4297.33 4306.88 4317.44 4328.38 4339.54 4347.68 4348.41 4343.99 4332.48 4324.01 4321.07 4324.43 4328.78 4336.37 4340.1 4357.26 4370.11 4388.64 4405.49 4400.4 4394.95 4385.51 4372.79 4354.17 4359.56 4354.37 4345.72
4126.93 4123.97 4130.92 4130.95 4134.82 4156.17 4146.94 4145.25 4146.09 4147.6 4146.63 4151.1 4154.93 4163.35 4161.29 4162.79 4169.26 4167.3 4168.12 4172.07 4174.99 4183.43 4194.99 4205.94 4217.2 4216.5 4211.02 4203.45 4204.89 4216.69 4226.03 4236.66 4223.13 4211.65 4209.66 4215.2 4231.12 4251.18 4271.24 4298.16 4295.65 4299.63 4312.19 4329.44 4344.32 4352.47 4347.01 4341.19 4329.25 4322.42 4318.5 4320.69 4321.23 4319.96 4334.76 4344.61 4354.53 4363.21 4363.56 4380.86 4379.73 4373.32 4363.1 4358.04 4352.15 4349.44 4347.3
4119.02 4117.45 4117.66 4124.66 4130.07 4129.18 4128.54 4133.4 4137.71 4141.04 4142.58 4136.29 4144.71 4146.93 4146.91 4147.02 4157.49 4159.15 4160.48 4162.99 4170.57 4175.29 4181.02 4189.55 4205.42 4215.61 4205.33 4193.72 4201.08 4207.79 4220.99 4229.85 4218.49 4204.05 4199.04 4200.79 4215.91 4233.45 4256.05 4277.74 4286.19 4287.07 4312.39 4335.26 4356.12 4374.55 4354.3 4349.65 4335.81 4323.71 4318.17 4322.81 4320.52 4318.25 4324.38 4325.45 4340.46 4350.79 4359.75 4368.41 4370.37 4364.22 4356.46 4353.02 4350.48 4350.24 4346.05
4112.48 4111.64 4113.41 4118.36 4121.81 4122.79 4120.88 4125.15 4129.43 4133.91 4141.21 4134.95 4134.56 4139.56 4139.18 4136.69 4141.59 4146.3 4150 4151.86 4155.94 4163.4 4170.1 4178.73 4188.13 4195.67 4190.59 4189.78 4193.55 4202.02 4210.89 4219.13 4209.77 4201.3 4193.71 4186.75 4203.05 4224.55 4249.75 4252.31 4262.24 4294.65 4314.44 4338.79 4364.07 4374.01 4364.84 4354.18 4342.84 4327.47 4314.73 4322 4320.49 4317.11 4319.51 4325.07 4335.6 4346.59 4359.38 4372.92 4363.87 4357.59 4352.61 4348.31 4347.83 4349.68 4353.95
4112.16 4104.3 4105.48 4109.93 4114.42 4119.3 4122.85 4122.64 4124 4125.14 4122.88 4131.69 4131.62 4137.23 4137.13 4137 4133.96 4140.3 4143.89 4144.31 4148.6 4154.56 4160.92 4167.67 4166.72 4173.95 4174.05 4174.71 4181.32 4187.91 4195.48 4204.47 4202.64 4192.89 4184.23 4182.69 4190.07 4209.59 4238.76 4226.97 4260.19 4292.35 4310.43 4333.81 4359.82 4372.39 4365.49 4367.13 4349.15 4339.26 4335.63 4332 4329.87 4338.46 4332.2 4329.08 4336.06 4344.47 4349.64 4354.38 4355.01 4352.74 4348.2 4342.96 4340.68 4340.97 4340.87
4111.78 4099.8 4098.18 4103.62 4106.77 4112.28 4115.05 4116.87 4117.22 4118.61 4124.67 4135.62 4134.53 4132.18 4133.53 4145.27 4145.27 4147.83 4147.23 4143.38 4142.57 4148.98 4151.86 4151.05 4155.17 4160.1 4162.45 4161.23 4165.46 4168.92 4177.61 4177.85 4188.8 4170.82 4178.04 4176.03 4182.19 4189.85 4194.02 4244.99 4259.76 4270.58 4293.68 4319.08 4343.36 4366.82 4362.66 4357.31 4349.49 4345.5 4350.17 4344.16 4343.28 4329.13 4322.45 4332.23 4338.27 4341.63 4344.84 4344.56 4349.68 4351.48 4347.41 4343.37 4338.21 4330.95 4333.57
4109.46 4104.68 4095.98 4073.69 4099.39 4106.7 4110.37 4111.6 4111.83 4113.99 4119.41 4133.97 4130.55 4123.8 4123.2 4144.29 4162 4161.58 4155.1 4150.31 4150.77 4148.11 4147.29 4145.45 4148.32 4155.86 4161.5 4169.99 4161.61 4178.24 4174.43 4173.1 4171.82 4172.61 4175.53 4189.19 4182.42 4182.16 4188.73 4230.33 4250.82 4258.73 4280.9 4307.05 4329.04 4353.92 4371.99 4355.04 4334.8 4342.88 4355.58 4345.99 4347.28 4369.67 4364.2 4348.25 4344.97 4344.87 4343.93 4350.74 4358.46 4355.34 4347.39 4338.05 4332.64 4331.36 4332.61
4104.96 4105.21 4106.61 4101.35 4101.48 4104.88 4106.24 4107.34 4107.92 4108.66 4111.6 4119.86 4126.84 4114.73 4118.42 4146.36 4172.6 4170.15 4160.25 4150.96 4147.2 4146.59 4145.15 4145.48 4149.74 4150.92 4156.63 4161.73 4157.37 4167.74 4170.99 4173.55 4165.24 4161.85 4182.63 4194.77 4187.51 4184.01 4186.44 4224.4 4233.29 4244.16 4271.23 4300.4 4327.28 4339.37 4356.14 4347.22 4341.41 4346.89 4348.58 4354.66 4367.77 4371.7 4358.86 4359.26 4356.2 4351.45 4350.86 4357.74 4370.77 4362.84 4351.6 4338.34 4335.48 4360.93 4356.43
4100.83 4103.44 4114.48 4102.88 4100.53 4103.64 4104.9 4103.47 4102.97 4103.67 4106.37 4109.08 4114.1 4113.24 4120.44 4142.47 4169.02 4172.69 4163.04 4152.62 4143.79 4145.46 4144.43 4142.77 4147.38 4149.44 4156.95 4156.89 4161.45 4156.13 4159.3 4162.67 4170.3 4174.02 4201.99 4192.44 4191.8 4191.19 4192.43 4212.81 4237.42 4255.89 4276.4 4293.9 4312.66 4319.62 4332.71 4344.25 4345.63 4356.05 4358.43 4366.03 4367.88 4384.74 4376.71 4377.64 4374.98 4367.59 4358.41 4352.68 4376.81 4369.92 4359.89 4351.02 4353.23 4362.7 4356.35
4098.03 4099.92 4105.55 4100.41 4096.14 4096.84 4098.1 4098.06 4097.91 4098.02 4100.62 4099 4104.52 4110.14 4128.46 4153.36 4195.41 4176.95 4162.74 4151.45 4150.37 4152.17 4146.51 4140.02 4141.72 4151.79 4151.39 4155.63 4170.72 4157.52 4155.53 4157.62 4159.91 4162.45 4198.77 4199.94 4196.76 4197.32 4203.25 4207.72 4231.84 4259.56 4279.37 4286.21 4286.82 4299.02 4316.01 4325.71 4336.76 4356.19 4370.06 4377.45 4376.5 4384.65 4402.1 4413.92 4408.08 4391.62 4375.97 4366.59 4376.59 4377.66 4370.16 4363.3 4367.47 4359.69 4354.88
4096.18 4097.84 4104.38 4108.07 4105.13 4093.77 4092.26 4093.55 4093.47 4093.6 4094.28 4100.21 4107.97 4103.8 4106.42 4140.63 4185.79 4168.05 4158.81 4152.35 4159.92 4160.23 4149.05 4137.48 4136.02 4142.41 4144.72 4155.4 4160.5 4156.43 4154.95 4152.98 4154.82 4159.63 4169.85 4199.98 4198.42 4196.98 4200.78 4227.98 4251.72 4269.35 4283.08 4281.13 4282.04 4287.7 4296.6 4322.06 4344.06 4346.6 4376.02 4394.73 4379.64 4418.84 4471.61 4454.11 4432.92 4415.72 4399.89 4389.36 4395.48 4385.94 4376.19 4368.08 4362.06 4361.21 4363.74
4094.72 4095.01 4097.08 4099.76 4098.98 4095.26 4091.27 4091.12 4090.71 4089.91 4092.08 4098.64 4100.78 4104.66 4104.38 4118.16 4131.17 4155.1 4154.19 4139.95 4151.49 4152.62 4146.53 4148.56 4137.14 4138.67 4144.66 4156.83 4155.36 4155.02 4150.41 4147.27 4148.66 4159.03 4179 4192.7 4192.97 4193.13 4198.81 4228.72 4263.49 4273.13 4265.26 4273.21 4279.13 4286.42 4299.62 4325.16 4340.02 4337.63 4380.94 4430.56 4398.89 4461.23 4509.45 4475.73 4451.23 4432.83 4419.61 4410.19 4404.99 4396.43 4381.07 4368.78 4361.08 4381.19 4382.72
4091.95 4092.96 4094.66 4097.03 4098.34 4091.99 4091.54 4090.82 4090.18 4090.55 4090.44 4093.17 4095.43 4092.39 4097.1 4101.9 4110.93 4152.56 4148.91 4150.97 4141.98 4134.03 4135.53 4135.24 4147.99 4144.84 4140.16 4147.69 4147.95 4156.98 4145.17 4140.8 4143.68 4158.03 4202.92 4185.87 4184.23 4187.12 4196.91 4220.57 4250 4237.54 4252.78 4262.63 4280.55 4288.32 4298.21 4333.15 4345.59 4349.94 4380.34 4403.4 4408.53 4415.28 4459.91 4460.1 4446.01 4429.61 4423.34 4428.43 4424.28 4401.68 4384.87 4368.66 4359.8 4372.29 4389.02
4090.27 4090.65 4089.5 4094.03 4097.21 4099.52 4095.37 4093.73 4091.95 4089.52 4090.33 4089.33 4090.3 4088.48 4089.8 4091.98 4097.78 4104.33 4124.11 4135.29 4143.06 4148.23 4130.17 4119.8 4133.5 4140.39 4142.64 4146.89 4138.7 4137.8 4136.15 4136.83 4141.72 4153.23 4164.29 4170.39 4174.41 4180.69 4191.18 4216.65 4226.94 4224.9 4223.04 4241.6 4266.27 4284.45 4303.21 4324.83 4348.76 4366.68 4381.86 4408.66 4402.6 4410.2 4419.71 4424.49 4417.03 4411.8 4406.56 4401.33 4401.1 4405.41 4392.48 4371.12 4346.72 4348.21 4382.55
4091.06 4091.94 4090.85 4089.69 4090.46 4095.07 4096.63 4096.42 4095.76 4090.15 4089.55 4087.6 4086.26 4087.61 4086.26 4086.91 4089.5 4088.83 4102.14 4119.59 4135.27 4141.27 4132.79 4127.39 4140.84 4142.69 4144.97 4141.67 4145.64 4139.75 4131.88 4134.87 4140.18 4143.01 4150.05 4159.66 4168.61 4175.59 4186.75 4204.31 4213.65 4213.48 4210.72 4223.66 4248.68 4274.87 4293.86 4323.12 4355.79 4363.18 4374.3 4401.59 4415.66 4419.23 4407.47 4402.73 4404.31 4399.76 4390.6 4382.55 4393.03 4412.1 4398.37 4378.94 4360.4 4352.77 4384.5
4094.74 4096.87 4094.78 4091.01 4090.4 4092.44 4096.5 4098.8 4099.64 4100.17 4091.32 4087.24 4085.77 4084.32 4084.72 4084.73 4084.3 4084.19 4091.44 4105.61 4125.85 4140.72 4141.25 4140.36 4143.12 4138.37 4138.67 4151.29 4131.83 4138.74 4133.05 4131.98 4133.25 4135.02 4142.83 4151.17 4162.73 4174.26 4180.67 4188.66 4193.62 4204.94 4207.48 4219.55 4244.02 4270.55 4300.95 4340.65 4336.29 4361.06 4368.46 4373.08 4405.79 4411.07 4406.3 4395.47 4389.1 4381.63 4376.16 4372.71 4388.28 4419.16 4397.32 4384.99 4381.94 4373.41 4401.09
4098.97 4104.7 4106.06 4096.32 4092.7 4094.73 4098.87 4101.92 4101.88 4097.09 4092.07 4091.84 4089.98 4087.27 4083.57 4084.28 4085.48 4088.95 4087.43 4096 4119.6 4137.48 4140.95 4145.44 4149.98 4140.19 4143.89 4154.8 4127.51 4119.46 4126.13 4127.29 4129.06 4131.59 4138.19 4146.39 4161.87 4177.79 4187.31 4180.47 4184.11 4199.55 4207.59 4226.78 4245.27 4269.42 4298.96 4320.58 4326.29 4354.75 4363.75 4362.01 4376.11 4393.33 4398.43 4398.18 4392.3 4385.15 4377.5 4373.24 4372.57 4366.1 4381.57 4385.78 4397.25 4412.56 4414.76
4101.99 4107.16 4110.29 4110.86 4100.5 4097.81 4101.81 4107.37 4109.91 4107.48 4099.97 4096.41 4093.64 4090.4 4087.32 4086.61 4087.44 4087.23 4087.27 4096.26 4118.49 4141.61 4148.15 4150.82 4161.89 4152.19 4156.72 4153.55 4132.94 4128.45 4128.38 4120.89 4124.45 4138.23 4136.57 4143.31 4159.92 4177.33 4182.89 4179.72 4184.94 4199.73 4207.32 4218.62 4240.92 4262.98 4287.49 4316.85 4338.12 4333.47 4360.14 4388.29 4349.98 4398.98 4393.8 4394.86 4387.36 4381.89 4379.44 4375.22 4369.13 4366.32 4377.82 4390.47 4389.31 4445.21 4425.03
4103.38 4105.24 4106.86 4106.87 4111.11 4100.26 4106.33 4114.7 4120.06 4120.35 4106.04 4097.97 4095.28 4092.01 4089.45 4089.13 4091.13 4092.89 4088.78 4097.1 4114.46 4137.45 4152.86 4158.92 4167.34 4167.43 4165.11 4158.45 4146.84 4139.07 4132.29 4120.47 4124.01 4143.3 4143.88 4143.37 4158.91 4177.61 4186.38 4186.02 4187.98 4203.77 4210.23 4228.14 4244 4259.48 4285.23 4316.87 4331.48 4331.68 4342.28 4355.95 4337.08 4372.09 4391.09 4395.17 4395.93 4394.17 4388.95 4380.6 4370.96 4364.66 4378.22 4407.91 4455.11 4418.36 4403.72
4107.1 4107.62 4109.03 4113.64 4110.4 4107.04 4112.24 4121.12 4133.07 4133.14 4113.93 4096.9 4095.55 4097 4091.17 4091.5 4093.27 4097.57 4094.55 4096.75 4102.45 4107.25 4124.09 4155.05 4170.17 4169.75 4179.48 4182.37 4154.85 4143.35 4136.88 4122.06 4122.81 4129.07 4135.76 4137.9 4155.36 4177.58 4187.34 4193.01 4198.99 4202.27 4216.83 4238.22 4254.42 4269.82 4299.4 4336.7 4344.78 4345.8 4343.91 4356.82 4398.94 4388.64 4393.65 4398.75 4401.61 4400.92 4394.46 4382.96 4376.37 4361.12 4377.03 4404.27 4412.59 4366.57 4369.81
4112.48 4113.14 4112.57 4112.21 4123.76 4113.75 4117.58 4122.42 4123.45 4115.15 4110.18 4101.18 4099.38 4089.79 4091.17 4092.58 4092.57 4086.86 4086.59 4090.86 4093.77 4094.64 4100.78 4131.85 4154.2 4158.95 4183.03 4191.48 4166.22 4161.67 4162.45 4142.82 4129.1 4132.54 4139.06 4143.33 4160.21 4164.36 4187.88 4200.27 4200.99 4197.25 4225.05 4247.38 4268.98 4304.43 4331.65 4361.87 4374.44 4374.12 4362.06 4365.9 4357.11 4373.12 4393.84 4401.6 4409.78 4409.33 4405.18 4396.81 4387.8 4361.49 4393.03 4406.41 4387.45 4344.75 4358.46
4117.16 4113.91 4114.57 4116.39 4118.56 4119.12 4120.69 4123.48 4123.37 4111.04 4112.67 4112.73 4112.96 4109.84 4086.17 4104.03 4094.03 4085.69 4085.72 4089.07 4092.25 4093.01 4095.89 4111.99 4136.69 4165.37 4180.95 4198.93 4188.87 4165.47 4187.41 4154.3 4140.43 4129.42 4146.66 4164.42 4191.39 4199.05 4210.58 4213.81 4209.75 4195.9 4232.45 4250.82 4279.88 4311.29 4342.57 4367.21 4372.49 4390.13 4409.51 4417.29 4392.21 4402.56 4419.39 4428.69 4432.73 4427.34 4417.02 4405.81 4387.67 4417.81 4483.48 4483.94 4449.86 4423.11 4412.34
4127.08 4125.84 4123.02 4118.02 4123.45 4121.23 4122.77 4124.23 4124.05 4136.23 4125.11 4116.13 4113.03 4117.72 4104.94 4099.6 4097.95 4090.44 4087.25 4089.09 4093.07 4097.52 4098.14 4102.33 4121.83 4154.26 4168.82 4193.87 4204.49 4216.77 4220.78 4210.08 4174.85 4160.92 4196.01 4231.36 4237.42 4244.75 4240.4 4236.98 4229.78 4217.67 4248.84 4267.08 4297.55 4326.52 4351.94 4366.37 4379.42 4388.41 4395.7 4391.62 4417.07 4436.06 4460.39 4463.92 4456.95 4446.55 4432.55 4436.07 4459.88 4566.92 4646.28 4624.06 4586.54 4541.76 4499.38
4143.98 4145.76 4136.05 4127.3 4119.68 4129.51 4131.57 4134.14 4127.96 4129.22 4131.13 4126.43 4119.08 4120.36 4128.8 4120.33 4110.53 4101.39 4092.52 4094.91 4096.9 4097.79 4102.62 4114.08 4110.59 4126.66 4179.8 4203.45 4209.77 4262.46 4265.61 4276.51 4244.08 4222.19 4258.48 4280.18 4272.32 4269.15 4268.64 4262.07 4256.44 4246.51 4267.68 4295.13 4319.15 4355.65 4372.06 4379.34 4380.53 4408.36 4398.68 4400.98 4422.31 4471.08 4511.89 4505.92 4483.1 4461.47 4458.15 4464.08 4492.49 4585.41 4743.38 4790.15 4746.02 4677.03 4596.26
4153.09 4153.55 4165.13 4170.12 4153.32 4151.39 4167.37 4162.2 4137.97 4132.03 4135.68 4147.26 4144.84 4131.66 4133.94 4138.98 4132.1 4123.11 4119.76 4108.59 4106.37 4096.52 4104.27 4123.25 4119.67 4130.39 4180.37 4232.97 4243.3 4240.84 4255.05 4264.17 4296.52 4303.76 4303.12 4292.15 4306.11 4305.38 4296.11 4284.86 4275.59 4254.65 4310.79 4316.47 4340.83 4397.1 4406.1 4400.14 4401.01 4416.79 4426.04 4410.64 4429.75 4503.34 4569.64 4523.76 4494.63 4479 4483.15 4495.88 4533.04 4592.84 4790.52 4805.47 4803.11 4788.71 4807.5
4163.3 4192.15 4238.36 4252.07 4239.64 4222.94 4223.4 4207.66 4177.53 4157.18 4153.98 4178.87 4211.11 4179.97 4149.6 4146.85 4144.45 4139.98 4150.93 4147.65 4126.51 4114.33 4094.49 4117.92 4135.21 4137.26 4162.67 4212.47 4210.84 4246.47 4257.94 4255.07 4260.01 4264.83 4332.9 4373.5 4355.82 4347.76 4322 4304.79 4293.04 4291.52 4303.27 4320 4367.75 4433.83 4435.92 4423.45 4418.6 4445.38 4463.73 4453.02 4452.06 4451.21 4499.95 4480.81 4475.43 4482.23 4497.83 4518.85 4577.65 4712.46 4782.75 4798.04 4776.31 4768.94 4815.18
