real_craters/C198-750m.grd
DSAA
274 274
-102.445 102.445
-102.445 102.445
7149.438498403 10781.220348397
[rows 72 to 107 of 274, columns 82 to 163 of 274]
9596 9617 9648 9672 9675 9677 9679 9683 9690 9698 9704 9716 9730 9742 9753 9767 9741 9707 9705 9714 9706 9697 9699 9723 9745 9744 9729 9715 9701 9690 9682 9679 9689 9713 9748 9778 9792 9796 9800 9799 9774 9764 9748 9734 9728 9730 9754 9752 9747 9734 9729 9720 9704 9692 9684 9661 9645 9650 9625 9584 9560 9612 9698 9696 9702 9712 9707 9688 9669 9633 9614 9631 9608 9613 9643 9675 9715 9748 9701 9655 9642 9630
9611 9627 9655 9671 9681 9679 9674 9669 9667 9687 9713 9726 9736 9745 9752 9753 9735 9698 9702 9696 9703 9695 9688 9720 9730 9719 9712 9703 9693 9686 9681 9681 9693 9719 9755 9780 9793 9802 9808 9804 9776 9748 9742 9737 9735 9740 9748 9756 9750 9727 9725 9720 9711 9704 9693 9668 9650 9656 9640 9620 9576 9578 9628 9681 9712 9728 9733 9727 9694 9654 9639 9672 9610 9632 9686 9727 9746 9730 9699 9666 9659 9636
9652 9659 9673 9695 9694 9679 9667 9659 9660 9687 9720 9735 9743 9747 9749 9743 9724 9705 9710 9712 9703 9694 9691 9695 9694 9678 9695 9692 9686 9681 9679 9682 9701 9736 9767 9797 9800 9805 9806 9795 9782 9734 9737 9743 9747 9755 9764 9769 9771 9761 9744 9720 9717 9707 9694 9679 9662 9659 9661 9660 9638 9628 9628 9685 9724 9748 9764 9767 9727 9692 9680 9664 9616 9699 9741 9811 9870 9811 9739 9652 9650 9665
9685 9680 9680 9684 9684 9674 9663 9657 9665 9696 9731 9742 9747 9749 9747 9741 9740 9749 9736 9721 9700 9691 9688 9684 9690 9698 9688 9683 9679 9673 9675 9685 9709 9737 9783 9819 9807 9807 9808 9806 9785 9762 9759 9761 9765 9775 9779 9782 9791 9801 9771 9747 9735 9722 9709 9699 9675 9662 9670 9678 9666 9680 9686 9715 9752 9776 9773 9768 9744 9724 9717 9728 9746 9737 9738 9773 9826 9796 9718 9646 9641 9664
9674 9676 9675 9674 9674 9666 9660 9659 9675 9703 9735 9744 9745 9745 9743 9740 9725 9725 9698 9682 9688 9686 9682 9681 9682 9679 9680 9678 9674 9670 9666 9666 9670 9722 9797 9824 9809 9811 9814 9818 9803 9812 9789 9782 9780 9771 9778 9788 9797 9797 9786 9775 9760 9741 9740 9737 9701 9666 9668 9681 9667 9688 9722 9740 9772 9776 9760 9752 9755 9758 9754 9776 9763 9689 9697 9697 9701 9679 9659 9717 9703 9691
9661 9663 9663 9661 9659 9658 9658 9656 9671 9722 9733 9742 9742 9740 9737 9736 9738 9696 9679 9687 9687 9685 9680 9680 9676 9678 9671 9672 9671 9665 9662 9654 9648 9725 9802 9828 9816 9813 9808 9805 9803 9804 9799 9801 9804 9792 9783 9787 9791 9792 9783 9775 9766 9759 9774 9794 9759 9687 9671 9663 9673 9731 9753 9751 9733 9720 9749 9753 9778 9811 9829 9821 9789 9718 9663 9669 9621 9599 9600 9814 9774 9735
9647 9655 9657 9654 9647 9656 9664 9677 9697 9719 9737 9746 9747 9744 9739 9731 9722 9707 9702 9698 9693 9687 9681 9676 9669 9665 9667 9671 9673 9675 9672 9670 9678 9729 9789 9830 9831 9811 9797 9795 9816 9794 9794 9808 9828 9826 9798 9787 9780 9773 9764 9753 9756 9778 9798 9823 9800 9711 9682 9673 9699 9768 9767 9765 9761 9763 9783 9797 9824 9867 9945 9940 9827 9656 9629 9641 9610 9648 9717 9835 9803 9765
9646 9653 9658 9661 9665 9666 9670 9680 9700 9728 9746 9744 9742 9739 9734 9725 9715 9713 9720 9710 9701 9694 9685 9670 9661 9661 9666 9671 9678 9684 9687 9702 9735 9772 9800 9815 9813 9800 9783 9765 9799 9787 9780 9800 9824 9817 9793 9783 9777 9766 9751 9738 9745 9778 9793 9800 9777 9736 9701 9680 9693 9708 9756 9776 9806 9840 9826 9826 9842 9875 9907 9902 9842 9716 9662 9638 9652 9748 9850 9866 9820 9791
9655 9658 9664 9671 9681 9676 9672 9670 9689 9709 9739 9742 9739 9736 9731 9723 9710 9703 9698 9705 9704 9699 9692 9663 9655 9661 9667 9672 9679 9689 9698 9721 9765 9802 9834 9840 9806 9798 9786 9767 9790 9776 9780 9796 9798 9802 9793 9774 9756 9752 9747 9740 9736 9746 9769 9792 9778 9750 9742 9714 9696 9707 9735 9772 9811 9848 9838 9824 9828 9862 9882 9899 9890 9849 9763 9748 9774 9856 9901 9850 9803 9805
9657 9665 9673 9679 9681 9681 9682 9680 9696 9719 9745 9736 9735 9735 9734 9731 9722 9711 9710 9708 9707 9703 9692 9670 9661 9664 9669 9675 9683 9694 9706 9721 9744 9772 9813 9840 9828 9818 9812 9825 9853 9827 9828 9819 9793 9797 9802 9776 9749 9754 9752 9745 9733 9721 9743 9771 9763 9755 9773 9761 9742 9739 9748 9776 9806 9827 9832 9826 9826 9865 9892 9883 9892 9827 9828 9915 9906 9913 9892 9856 9837 9815
9656 9669 9681 9689 9688 9692 9706 9714 9720 9730 9717 9724 9731 9735 9738 9741 9745 9740 9716 9715 9715 9709 9699 9685 9675 9670 9672 9679 9688 9697 9706 9716 9729 9745 9764 9834 9838 9837 9838 9838 9847 9883 9891 9865 9839 9811 9779 9773 9811 9777 9770 9767 9752 9750 9721 9673 9703 9719 9741 9762 9793 9794 9764 9786 9804 9814 9828 9846 9882 9879 9881 9868 9882 9884 9862 9879 9872 9870 9890 9870 9858 9820
9659 9675 9691 9707 9722 9728 9740 9759 9751 9733 9709 9719 9728 9736 9743 9749 9758 9765 9739 9737 9726 9718 9709 9699 9688 9679 9675 9684 9692 9699 9705 9709 9718 9734 9776 9819 9842 9858 9867 9879 9881 9871 9886 9903 9907 9848 9790 9783 9762 9779 9792 9809 9839 9795 9746 9697 9708 9728 9726 9745 9788 9803 9797 9805 9811 9816 9825 9846 9849 9860 9863 9836 9862 9874 9844 9870 9859 9884 9892 9884 9876 9836
9662 9681 9701 9719 9741 9753 9767 9780 9786 9774 9735 9730 9734 9740 9744 9752 9757 9749 9764 9746 9731 9727 9722 9710 9699 9692 9690 9696 9701 9705 9709 9711 9719 9743 9779 9827 9875 9897 9887 9875 9874 9892 9913 9930 9941 9885 9814 9797 9759 9782 9816 9845 9859 9839 9800 9767 9750 9740 9718 9741 9790 9828 9846 9831 9823 9812 9819 9857 9867 9840 9811 9822 9840 9859 9839 9875 9855 9873 9871 9894 9890 9853
9664 9684 9707 9723 9747 9767 9790 9810 9819 9807 9772 9754 9748 9748 9754 9757 9760 9764 9747 9719 9731 9736 9735 9722 9714 9710 9718 9712 9712 9713 9718 9732 9743 9767 9842 9867 9914 9940 9923 9904 9915 9917 9918 9934 9940 9908 9882 9759 9752 9806 9851 9882 9887 9884 9868 9845 9813 9776 9793 9753 9812 9842 9848 9843 9846 9858 9888 9896 9910 9859 9815 9809 9822 9837 9858 9885 9847 9840 9845 9898 9892 9857
9665 9683 9703 9725 9747 9770 9791 9814 9834 9826 9801 9772 9759 9756 9755 9760 9759 9760 9746 9731 9738 9741 9742 9728 9719 9725 9728 9731 9725 9721 9722 9730 9757 9801 9849 9898 9941 9976 9957 9922 9911 9920 9915 9913 9917 9885 9843 9777 9830 9878 9909 9936 9977 9966 9951 9931 9900 9877 9888 9892 9885 9849 9832 9832 9856 9891 9919 9912 9900 9886 9855 9820 9814 9819 9831 9843 9836 9844 9838 9839 9854 9855
9662 9677 9695 9714 9735 9755 9781 9808 9832 9822 9783 9768 9769 9766 9761 9760 9761 9747 9763 9774 9750 9734 9730 9737 9748 9750 9761 9752 9739 9732 9727 9735 9765 9814 9861 9917 9929 9929 9978 9974 9916 9873 9869 9881 9876 9865 9845 9939 9986 9966 9962 9972 9984 1e+004 1.002e+004 1.001e+004 9973 9940 9933 9954 9871 9851 9811 9823 9852 9882 9899 9901 9899 9912 9886 9851 9835 9818 9826 9836 9846 9854 9841 9846 9840 9850
9667 9677 9690 9700 9715 9731 9772 9801 9823 9819 9805 9797 9786 9780 9777 9775 9778 9783 9782 9765 9753 9740 9736 9742 9753 9752 9753 9749 9745 9745 9743 9727 9769 9806 9857 9894 9914 9948 9965 9966 9921 9876 9901 9894 9882 9879 9892 1.007e+004 1.007e+004 1.001e+004 9984 9974 9978 9990 1.002e+004 1.004e+004 9994 9965 9948 9967 9934 9906 9865 9847 9854 9871 9889 9873 9871 9909 9897 9865 9835 9815 9840 9857 9863 9853 9844 9851 9840 9835
9672 9678 9685 9694 9700 9715 9739 9778 9800 9812 9814 9810 9799 9792 9789 9788 9792 9812 9817 9772 9754 9748 9744 9741 9737 9737 9735 9736 9748 9760 9775 9793 9789 9788 9812 9842 9889 9924 9951 9980 9926 9866 9881 9910 9919 9907 9921 9975 1.001e+004 9981 9956 9953 9965 9964 9940 9951 9970 9998 1.005e+004 1.006e+004 1.008e+004 9994 9911 9875 9873 9862 9838 9837 9846 9883 9893 9868 9827 9842 9831 9903 9926 9886 9898 9885 9868 9849
9672 9674 9680 9687 9694 9703 9725 9761 9793 9803 9806 9802 9801 9799 9796 9793 9791 9791 9807 9772 9757 9753 9749 9745 9738 9733 9733 9737 9752 9772 9796 9818 9817 9805 9821 9850 9908 9900 9921 9944 9944 9927 9907 9947 9962 9934 9897 9870 9903 9905 9891 9877 9872 9873 9893 9917 9941 9949 1.005e+004 1.012e+004 1.015e+004 1.006e+004 9985 9941 9929 9893 9847 9839 9866 9887 9921 9930 9901 9877 9874 9977 9992 1.002e+004 9925 9905 9880 9881
9665 9669 9675 9680 9687 9696 9713 9752 9780 9796 9800 9799 9806 9804 9800 9798 9804 9808 9786 9756 9751 9759 9759 9757 9755 9755 9749 9749 9764 9778 9794 9833 9878 9883 9946 1.004e+004 1.001e+004 9972 9974 9975 1e+004 1.001e+004 1.003e+004 1.003e+004 1e+004 9962 9914 9836 9831 9835 9829 9824 9820 9839 9890 9924 9953 9976 1.004e+004 1.006e+004 1.008e+004 1.009e+004 1.009e+004 1.01e+004 1.003e+004 9966 9900 9891 9939 9952 9986 1.005e+004 1.012e+004 1.003e+004 9982 9971 9996 9997 1.003e+004 9985 9905 9896
9657 9666 9676 9685 9691 9693 9713 9749 9774 9787 9801 9816 9817 9811 9805 9799 9791 9793 9805 9782 9780 9783 9767 9764 9774 9785 9771 9782 9784 9799 9822 9878 9973 1.003e+004 1.009e+004 1.009e+004 1.008e+004 1.006e+004 1.006e+004 1.004e+004 1.008e+004 1.016e+004 1.01e+004 1.001e+004 1.001e+004 9991 9960 9868 9817 9800 9786 9773 9779 9800 9848 9920 9995 1.005e+004 1.003e+004 1.005e+004 1.006e+004 1.01e+004 1.015e+004 1.017e+004 1.013e+004 1.007e+004 1.003e+004 1.002e+004 1.004e+004 1.002e+004 1.005e+004 1.015e+004 1.025e+004 1.021e+004 1.008e+004 9969 1.003e+004 1.009e+004 1.009e+004 1.007e+004 1.004e+004 9991
9655 9670 9681 9696 9704 9709 9742 9734 9749 9775 9801 9819 9824 9817 9808 9797 9790 9790 9793 9798 9785 9758 9759 9761 9762 9760 9768 9772 9801 9827 9858 9928 1.002e+004 1.012e+004 1.014e+004 1.014e+004 1.014e+004 1.014e+004 1.02e+004 1.014e+004 1.008e+004 1.008e+004 1.007e+004 1.006e+004 1.003e+004 1.001e+004 9987 9929 9841 9798 9776 9742 9751 9777 9833 9942 1.002e+004 1.011e+004 1.013e+004 1.006e+004 1.005e+004 1.012e+004 1.018e+004 1.02e+004 1.02e+004 1.018e+004 1.015e+004 1.013e+004 1.009e+004 1.008e+004 1.011e+004 1.018e+004 1.027e+004 1.022e+004 1.018e+004 1.009e+004 1.004e+004 1.009e+004 1.008e+004 1.005e+004 1.001e+004 9970
9656 9669 9682 9696 9709 9723 9710 9712 9729 9762 9795 9817 9825 9821 9808 9798 9780 9776 9766 9776 9776 9756 9755 9756 9754 9759 9780 9819 9835 9852 9884 9960 1.002e+004 1.003e+004 1.011e+004 1.015e+004 1.013e+004 1.004e+004 1.002e+004 9997 9998 9977 9974 1.004e+004 1.001e+004 9998 9978 9909 9823 9844 9828 9809 9799 9803 9921 1.002e+004 1.005e+004 1.008e+004 1.021e+004 1.002e+004 1.006e+004 1.015e+004 1.023e+004 1.031e+004 1.029e+004 1.027e+004 1.025e+004 1.023e+004 1.014e+004 1.01e+004 1.011e+004 1.017e+004 1.021e+004 1.017e+004 1.011e+004 1.011e+004 1.005e+004 1.001e+004 1.005e+004 1.004e+004 1.003e+004 9979
9659 9672 9685 9699 9716 9733 9706 9712 9730 9759 9793 9822 9829 9821 9810 9801 9798 9778 9762 9756 9753 9755 9757 9761 9764 9771 9798 9833 9858 9878 9924 1e+004 1.01e+004 1.014e+004 1.008e+004 1.007e+004 1.002e+004 9933 9902 9892 9930 9933 9925 9930 9972 1e+004 1.001e+004 9967 9966 9985 9956 9885 9917 9961 1.01e+004 1.01e+004 1.015e+004 1.02e+004 1.011e+004 1.003e+004 1.009e+004 1.019e+004 1.027e+004 1.033e+004 1.035e+004 1.034e+004 1.031e+004 1.024e+004 1.014e+004 1.014e+004 1.015e+004 1.016e+004 1.018e+004 1.015e+004 1.009e+004 1.01e+004 1.006e+004 9992 1.001e+004 1.001e+004 1.001e+004 9993
9671 9680 9691 9701 9712 9716 9745 9746 9740 9765 9794 9818 9825 9818 9804 9786 9787 9770 9760 9751 9740 9752 9766 9774 9782 9798 9814 9841 9865 9885 9933 1.002e+004 1.012e+004 1.018e+004 1.014e+004 1.007e+004 9955 9902 9852 9875 9941 1.001e+004 1.009e+004 1.005e+004 1.002e+004 1.003e+004 1.004e+004 1.008e+004 1.017e+004 1.02e+004 1.016e+004 1.01e+004 1.009e+004 1.007e+004 1.003e+004 1.009e+004 1.011e+004 1.008e+004 1.008e+004 1.011e+004 1.016e+004 1.024e+004 1.032e+004 1.04e+004 1.042e+004 1.041e+004 1.037e+004 1.029e+004 1.032e+004 1.019e+004 1.009e+004 1.015e+004 1.021e+004 1.022e+004 1.009e+004 1.008e+004 1.009e+004 1.001e+004 9984 9991 9998 9948
9680 9684 9692 9698 9704 9715 9722 9718 9735 9764 9792 9821 9835 9814 9793 9769 9751 9758 9758 9756 9759 9770 9784 9796 9805 9805 9824 9841 9865 9911 9950 1.005e+004 1.011e+004 1.018e+004 1.024e+004 1.016e+004 9948 9899 9852 9897 9982 1.006e+004 1.012e+004 1.007e+004 1.005e+004 1.009e+004 1.015e+004 1.02e+004 1.028e+004 1.035e+004 1.038e+004 1.036e+004 1.026e+004 1.019e+004 1.011e+004 1.014e+004 1.012e+004 1.014e+004 1.021e+004 1.022e+004 1.024e+004 1.028e+004 1.035e+004 1.041e+004 1.045e+004 1.045e+004 1.046e+004 1.048e+004 1.039e+004 1.025e+004 1.012e+004 1.017e+004 1.019e+004 1.019e+004 1.012e+004 1.01e+004 1.014e+004 1.005e+004 1e+004 1.003e+004 1.002e+004 9944
9693 9696 9700 9702 9701 9699 9714 9718 9736 9764 9791 9815 9821 9808 9783 9763 9754 9758 9768 9778 9790 9798 9807 9821 9841 9870 9891 9878 9884 9989 1.007e+004 1.011e+004 1.019e+004 1.018e+004 1.019e+004 1.011e+004 9929 9890 9883 9981 1.006e+004 1.008e+004 1.003e+004 1.003e+004 1.008e+004 1.014e+004 1.024e+004 1.033e+004 1.044e+004 1.042e+004 1.048e+004 1.048e+004 1.035e+004 1.028e+004 1.027e+004 1.022e+004 1.022e+004 1.028e+004 1.031e+004 1.033e+004 1.03e+004 1.029e+004 1.034e+004 1.04e+004 1.044e+004 1.044e+004 1.046e+004 1.05e+004 1.044e+004 1.032e+004 1.027e+004 1.02e+004 1.016e+004 1.007e+004 1.009e+004 1.016e+004 1.015e+004 1.011e+004 1.006e+004 1.004e+004 1.008e+004 9954
9704 9704 9706 9706 9708 9711 9706 9710 9736 9765 9792 9810 9817 9808 9783 9760 9754 9765 9777 9786 9798 9811 9828 9849 9873 9913 9946 9966 1.004e+004 1.002e+004 1.006e+004 1.013e+004 1.017e+004 1.016e+004 1.009e+004 9972 9963 9977 9999 1.014e+004 1.018e+004 1.017e+004 1.008e+004 1.006e+004 1.008e+004 1.014e+004 1.02e+004 1.026e+004 1.03e+004 1.034e+004 1.04e+004 1.036e+004 1.027e+004 1.023e+004 1.023e+004 1.022e+004 1.02e+004 1.013e+004 1.015e+004 1.021e+004 1.022e+004 1.022e+004 1.027e+004 1.034e+004 1.041e+004 1.037e+004 1.037e+004 1.038e+004 1.032e+004 1.029e+004 1.025e+004 1.02e+004 1.018e+004 1.021e+004 1.019e+004 1.022e+004 1.016e+004 1.018e+004 1.017e+004 1.008e+004 1.001e+004 9979
9713 9714 9714 9712 9708 9707 9704 9713 9743 9771 9795 9816 9834 9814 9789 9774 9772 9782 9792 9788 9780 9816 9845 9873 9893 9894 9894 9993 1.005e+004 1.003e+004 1.006e+004 1.013e+004 1.019e+004 1.016e+004 1.011e+004 1.007e+004 1.005e+004 1.005e+004 1.015e+004 1.029e+004 1.031e+004 1.034e+004 1.029e+004 1.022e+004 1.021e+004 1.016e+004 1.014e+004 1.017e+004 1.018e+004 1.024e+004 1.033e+004 1.021e+004 1.004e+004 9995 1.012e+004 1.004e+004 9912 9952 1.009e+004 1.005e+004 1.005e+004 1.008e+004 1.013e+004 1.018e+004 1.022e+004 1.021e+004 1.023e+004 1.025e+004 1.025e+004 1.025e+004 1.019e+004 1.017e+004 1.014e+004 1.013e+004 1.008e+004 1.013e+004 1.02e+004 1.019e+004 1.015e+004 1.008e+004 1.006e+004 1.002e+004
9723 9724 9725 9722 9718 9716 9719 9742 9758 9778 9797 9814 9817 9809 9788 9786 9790 9804 9820 9817 9800 9827 9877 9910 9934 9949 9955 1.003e+004 1.005e+004 1.005e+004 1.008e+004 1.013e+004 1.017e+004 1.016e+004 1.016e+004 1.017e+004 1.007e+004 1.004e+004 1.014e+004 1.025e+004 1.037e+004 1.05e+004 1.057e+004 1.04e+004 1.036e+004 1.023e+004 1.013e+004 1.008e+004 1.007e+004 1.001e+004 9948 9833 9658 9558 9685 9685 9570 9625 9838 9892 9917 9949 9950 9951 9944 9999 1.006e+004 1.011e+004 1.02e+004 1.025e+004 1.028e+004 1.026e+004 1.014e+004 1.005e+004 1.012e+004 1.019e+004 1.032e+004 1.022e+004 1.018e+004 1.016e+004 1.007e+004 1.006e+004
9733 9735 9738 9739 9735 9741 9756 9763 9770 9784 9797 9809 9811 9802 9783 9769 9790 9825 9861 9901 9907 9921 9947 9968 9993 1.005e+004 1.019e+004 1.007e+004 1.003e+004 1.007e+004 1.008e+004 1.01e+004 1.012e+004 1.014e+004 1.015e+004 1.016e+004 1.009e+004 1.018e+004 1.025e+004 1.024e+004 1.039e+004 1.049e+004 1.052e+004 1.041e+004 1.031e+004 1.034e+004 1.018e+004 9939 9718 9554 9474 9431 9315 9227 9331 9406 9437 9438 9492 9678 9789 9821 9799 9762 9742 9811 9899 9980 1.013e+004 1.019e+004 1.025e+004 1.028e+004 1.025e+004 1.019e+004 1.027e+004 1.03e+004 1.036e+004 1.044e+004 1.045e+004 1.047e+004 1.023e+004 1.011e+004
9745 9749 9755 9758 9762 9767 9774 9779 9773 9783 9795 9808 9818 9808 9782 9774 9807 9850 9884 9910 9948 1.001e+004 1.001e+004 1.001e+004 1.002e+004 1.003e+004 1.002e+004 9997 9974 9981 1.003e+004 1.007e+004 1.01e+004 1.013e+004 1.015e+004 1.01e+004 1.017e+004 1.032e+004 1.038e+004 1.039e+004 1.042e+004 1.043e+004 1.038e+004 1.035e+004 1.032e+004 1.023e+004 1.002e+004 9746 9489 9302 9232 9211 9150 9108 9166 9301 9440 9431 9364 9519 9682 9648 9602 9593 9609 9655 9735 9899 9980 1.002e+004 1.012e+004 1.021e+004 1.023e+004 1.024e+004 1.029e+004 1.037e+004 1.036e+004 1.05e+004 1.05e+004 1.053e+004 1.042e+004 1.008e+004
9757 9763 9772 9778 9788 9787 9788 9762 9761 9772 9788 9803 9814 9807 9781 9774 9833 9892 9930 9922 9985 1.004e+004 1.004e+004 1.003e+004 1.001e+004 9986 9939 9925 9908 9897 9972 1.004e+004 1.008e+004 1.013e+004 1.02e+004 1.032e+004 1.036e+004 1.03e+004 1.039e+004 1.04e+004 1.042e+004 1.04e+004 1.027e+004 1.008e+004 9988 9850 9694 9514 9359 9304 9232 9138 9095 9058 9032 9054 9185 9361 9494 9354 9311 9367 9392 9412 9463 9494 9502 9518 9608 9706 9820 9905 9925 1.003e+004 1.018e+004 1.035e+004 1.049e+004 1.042e+004 1.045e+004 1.046e+004 1.049e+004 1.028e+004
9770 9778 9787 9796 9803 9799 9785 9759 9754 9769 9783 9795 9802 9799 9797 9814 9874 9947 1.002e+004 1.01e+004 1.011e+004 1.011e+004 1.008e+004 1.005e+004 1.002e+004 9980 9946 9922 9916 9928 9966 1.002e+004 1.006e+004 1.013e+004 1.021e+004 1.028e+004 1.026e+004 1.032e+004 1.038e+004 1.041e+004 1.031e+004 1.019e+004 9972 9711 9561 9458 9377 9268 9150 9119 9123 9061 9004 8982 8967 8962 9000 9158 9263 9153 9041 9126 9187 9215 9228 9247 9312 9323 9332 9421 9499 9493 9570 9658 9860 1.018e+004 1.03e+004 1.039e+004 1.04e+004 1.042e+004 1.04e+004 1.035e+004
9782 9790 9798 9804 9803 9804 9796 9769 9761 9770 9785 9798 9803 9809 9829 9868 9921 9998 1.009e+004 1.019e+004 1.013e+004 1.011e+004 1.009e+004 1.006e+004 1.002e+004 9981 9929 9908 9944 9941 1e+004 1.005e+004 1.009e+004 1.013e+004 1.019e+004 1.022e+004 1.023e+004 1.028e+004 1.022e+004 1.013e+004 9967 9777 9584 9374 9215 9137 9132 9059 8965 8920 8981 8973 8943 8938 8946 8951 8926 8935 8968 8959 8937 8963 9012 9053 9050 9082 9207 9277 9302 9338 9346 9339 9421 9492 9614 9948 1.011e+004 1.016e+004 1.03e+004 1.047e+004 1.049e+004 1.041e+004
9794 9803 9805 9807 9811 9809 9800 9782 9774 9782 9801 9812 9822 9836 9851 9893 9953 1.001e+004 1.009e+004 1.015e+004 1.014e+004 1.011e+004 1.009e+004 1.008e+004 1.006e+004 1.003e+004 9985 9977 1.001e+004 1.004e+004 1.008e+004 1.011e+004 1.01e+004 1.01e+004 1.012e+004 1.017e+004 1.018e+004 1.01e+004 9899 9701 9519 9365 9256 9096 9041 9030 8983 8921 8860 8860 8881 8901 8897 8912 8923 8958 8938 8853 8828 8802 8743 8777 8858 8944 9040 9159 9172 9197 9225 9256 9316 9371 9369 9367 9394 9615 9838 9923 1.01e+004 1.032e+004 1.039e+004 1.042e+004
