real_craters/C198-750m.grd
DSAA
274 274
-102.445 102.445
-102.445 102.445
7149.438498403 10781.220348397
[rows 36 to 71 of 274, columns 0 to 81 of 274]
9486 9482 9470 9474 9470 9469 9466 9460 9456 9460 9468 9476 9484 9491 9496 9500 9504 9507 9505 9500 9495 9494 9495 9496 9502 9505 9505 9502 9497 9495 9491 9488 9487 9487 9484 9481 9478 9476 9474 9472 9479 9469 9469 9469 9471 9471 9473 9474 9472 9466 9466 9461 9436 9450 9466 9480 9493 9507 9515 9505 9498 9504 9513 9519 9527 9543 9558 9612 9634 9640 9627 9624 9626 9625 9627 9632 9642 9632 9628 9628 9630 9640
9494 9486 9480 9474 9479 9473 9465 9459 9455 9452 9463 9474 9486 9495 9498 9501 9506 9509 9505 9498 9492 9500 9494 9496 9504 9507 9506 9502 9500 9495 9491 9489 9489 9488 9488 9486 9483 9480 9478 9477 9477 9473 9472 9474 9474 9475 9476 9478 9477 9466 9467 9466 9474 9477 9477 9485 9498 9516 9539 9535 9516 9516 9526 9531 9541 9564 9603 9663 9669 9662 9657 9657 9637 9629 9630 9635 9641 9637 9633 9631 9630 9640
9494 9483 9486 9485 9479 9473 9467 9461 9457 9456 9462 9471 9482 9492 9493 9497 9504 9509 9502 9493 9487 9489 9495 9502 9508 9511 9508 9503 9497 9493 9491 9489 9489 9489 9491 9490 9490 9488 9484 9478 9481 9479 9478 9477 9479 9475 9478 9482 9480 9471 9470 9471 9474 9478 9480 9485 9495 9506 9530 9545 9537 9547 9553 9563 9580 9600 9637 9684 9697 9684 9668 9627 9629 9628 9628 9631 9632 9632 9633 9633 9634 9641
9500 9493 9484 9487 9480 9476 9472 9465 9457 9456 9457 9463 9470 9475 9481 9489 9496 9501 9494 9485 9481 9483 9495 9505 9511 9513 9510 9504 9498 9493 9491 9488 9486 9491 9493 9498 9502 9499 9497 9491 9485 9491 9492 9482 9478 9480 9482 9488 9486 9473 9474 9473 9475 9476 9478 9481 9485 9489 9492 9532 9551 9568 9583 9601 9628 9664 9660 9673 9701 9694 9662 9636 9624 9624 9626 9627 9629 9633 9635 9637 9637 9642
9509 9499 9502 9492 9482 9475 9470 9463 9455 9450 9452 9457 9463 9468 9472 9478 9484 9487 9481 9474 9471 9482 9494 9507 9511 9516 9511 9504 9498 9494 9491 9489 9491 9496 9503 9508 9510 9511 9513 9516 9502 9517 9515 9509 9493 9487 9487 9492 9489 9479 9477 9476 9475 9474 9476 9477 9479 9481 9488 9518 9559 9587 9610 9633 9657 9683 9664 9656 9705 9699 9671 9630 9626 9625 9626 9629 9631 9634 9638 9640 9639 9630
9521 9513 9507 9492 9483 9479 9475 9466 9453 9441 9443 9451 9458 9463 9466 9467 9467 9469 9466 9462 9459 9472 9492 9507 9525 9522 9511 9503 9497 9494 9491 9492 9494 9504 9520 9522 9524 9526 9528 9536 9535 9539 9535 9541 9522 9504 9497 9497 9488 9482 9481 9481 9479 9474 9475 9476 9476 9479 9488 9506 9563 9602 9631 9662 9696 9677 9660 9661 9711 9697 9689 9648 9633 9627 9626 9628 9631 9636 9641 9644 9641 9628
9530 9526 9517 9500 9492 9487 9476 9468 9459 9424 9440 9449 9456 9462 9463 9459 9452 9450 9455 9455 9457 9472 9491 9508 9521 9522 9502 9499 9497 9494 9495 9493 9497 9512 9526 9530 9533 9537 9538 9530 9528 9536 9535 9526 9527 9531 9528 9504 9490 9488 9488 9490 9485 9480 9479 9479 9479 9481 9499 9540 9594 9623 9641 9658 9662 9648 9645 9655 9679 9679 9666 9651 9639 9629 9623 9622 9627 9636 9645 9650 9651 9645
9534 9529 9519 9510 9501 9492 9482 9470 9454 9452 9450 9452 9455 9456 9456 9457 9456 9453 9451 9452 9462 9476 9495 9517 9497 9458 9493 9498 9500 9502 9497 9497 9499 9508 9524 9534 9539 9542 9547 9553 9527 9533 9531 9541 9544 9544 9540 9507 9493 9499 9500 9498 9496 9485 9479 9485 9490 9494 9522 9576 9619 9639 9638 9631 9624 9632 9638 9637 9658 9665 9652 9646 9642 9636 9629 9610 9626 9641 9650 9655 9652 9640
9539 9527 9518 9514 9508 9502 9492 9483 9474 9465 9459 9456 9455 9455 9456 9458 9460 9458 9453 9451 9463 9478 9495 9509 9526 9524 9505 9502 9502 9502 9500 9496 9495 9519 9534 9538 9541 9544 9546 9538 9528 9522 9523 9523 9533 9535 9530 9538 9527 9529 9531 9540 9515 9494 9489 9501 9514 9531 9564 9603 9640 9655 9636 9613 9593 9621 9641 9644 9659 9665 9650 9648 9646 9644 9646 9652 9648 9653 9658 9658 9651 9636
9539 9527 9520 9519 9514 9508 9502 9493 9484 9479 9463 9458 9456 9454 9454 9457 9460 9458 9455 9453 9460 9476 9490 9501 9512 9514 9511 9507 9504 9504 9500 9498 9501 9517 9536 9538 9540 9540 9539 9534 9516 9521 9518 9521 9522 9520 9515 9517 9543 9546 9547 9551 9529 9514 9507 9518 9539 9565 9593 9619 9650 9658 9633 9604 9586 9616 9646 9655 9656 9664 9657 9653 9652 9650 9654 9658 9659 9663 9669 9670 9659 9644
9536 9532 9527 9523 9518 9514 9510 9505 9488 9437 9462 9463 9460 9456 9454 9456 9459 9456 9456 9460 9454 9475 9489 9503 9513 9515 9511 9506 9504 9503 9501 9499 9500 9510 9524 9531 9535 9538 9536 9529 9519 9513 9516 9513 9510 9507 9506 9512 9523 9537 9536 9536 9524 9517 9514 9534 9558 9583 9605 9625 9651 9655 9626 9599 9579 9600 9632 9658 9656 9655 9662 9655 9652 9651 9656 9663 9662 9666 9675 9685 9671 9648
9535 9535 9530 9526 9521 9517 9516 9512 9501 9496 9479 9473 9468 9460 9453 9455 9457 9446 9441 9462 9478 9484 9496 9502 9523 9512 9507 9507 9505 9503 9501 9499 9498 9501 9510 9519 9527 9533 9537 9524 9518 9511 9521 9502 9502 9502 9503 9513 9511 9516 9515 9506 9506 9512 9527 9548 9575 9600 9621 9659 9675 9656 9616 9594 9582 9598 9624 9639 9647 9643 9647 9648 9647 9648 9651 9655 9658 9662 9667 9673 9665 9659
9550 9526 9525 9520 9520 9519 9518 9516 9509 9499 9489 9482 9476 9471 9463 9463 9450 9437 9415 9402 9461 9476 9505 9518 9483 9492 9500 9501 9505 9503 9503 9499 9497 9500 9501 9510 9520 9528 9534 9525 9517 9512 9508 9503 9502 9502 9503 9505 9503 9501 9500 9499 9500 9507 9531 9569 9601 9619 9645 9681 9668 9607 9592 9585 9584 9599 9621 9626 9623 9634 9635 9641 9643 9644 9643 9645 9651 9654 9656 9654 9654 9657
9544 9535 9526 9522 9520 9520 9519 9517 9512 9506 9499 9492 9484 9480 9480 9473 9462 9439 9411 9350 9385 9458 9504 9518 9476 9493 9499 9501 9503 9504 9503 9500 9498 9499 9498 9506 9514 9522 9524 9525 9517 9512 9512 9508 9505 9506 9505 9506 9502 9494 9498 9505 9513 9526 9559 9604 9644 9673 9686 9699 9649 9593 9578 9581 9588 9601 9617 9615 9620 9630 9631 9635 9638 9639 9637 9640 9644 9646 9647 9648 9649 9650
9544 9538 9531 9527 9522 9519 9515 9513 9512 9510 9505 9499 9492 9484 9473 9463 9456 9449 9445 9462 9447 9465 9493 9512 9522 9513 9505 9504 9505 9505 9504 9502 9500 9498 9499 9504 9510 9517 9523 9521 9512 9506 9508 9510 9509 9509 9509 9502 9495 9495 9506 9519 9541 9578 9607 9642 9681 9701 9681 9648 9622 9589 9582 9590 9597 9610 9618 9617 9621 9624 9630 9631 9634 9637 9639 9640 9641 9641 9642 9643 9647 9650
9539 9546 9540 9529 9519 9514 9511 9508 9512 9514 9512 9506 9498 9490 9479 9470 9466 9461 9459 9460 9463 9469 9483 9501 9512 9511 9510 9509 9508 9507 9507 9503 9500 9498 9499 9503 9507 9511 9516 9510 9509 9507 9507 9508 9508 9508 9506 9502 9494 9499 9523 9550 9581 9614 9633 9665 9697 9697 9664 9610 9598 9581 9588 9597 9608 9624 9629 9617 9617 9628 9626 9629 9633 9636 9638 9640 9639 9639 9637 9639 9644 9648
9545 9539 9552 9520 9510 9509 9510 9510 9511 9516 9517 9510 9502 9496 9490 9485 9480 9472 9461 9455 9461 9471 9480 9493 9505 9506 9507 9506 9507 9508 9507 9505 9501 9499 9500 9502 9504 9504 9504 9505 9506 9504 9497 9501 9505 9506 9504 9496 9496 9512 9545 9585 9621 9644 9664 9683 9693 9677 9636 9607 9590 9595 9587 9594 9612 9630 9628 9620 9619 9613 9617 9624 9631 9638 9641 9645 9645 9643 9635 9638 9647 9651
9546 9497 9432 9483 9497 9502 9507 9508 9512 9515 9514 9511 9506 9502 9501 9503 9492 9480 9466 9456 9462 9470 9481 9485 9489 9494 9499 9503 9506 9507 9508 9508 9504 9502 9499 9502 9503 9502 9497 9500 9505 9507 9495 9497 9499 9503 9503 9496 9498 9523 9566 9615 9657 9669 9688 9698 9690 9656 9625 9604 9577 9541 9540 9577 9609 9634 9626 9622 9628 9616 9617 9627 9637 9645 9653 9654 9653 9656 9660 9656 9656 9657
9537 9508 9466 9484 9497 9503 9507 9508 9510 9509 9511 9508 9508 9507 9508 9510 9498 9488 9479 9467 9465 9469 9472 9472 9477 9486 9493 9500 9505 9508 9510 9510 9509 9504 9503 9504 9504 9503 9495 9495 9502 9511 9503 9497 9495 9497 9501 9500 9503 9533 9580 9631 9680 9691 9702 9706 9684 9651 9623 9609 9578 9539 9532 9570 9608 9634 9640 9619 9597 9633 9626 9635 9644 9654 9660 9660 9661 9664 9678 9670 9664 9663
9536 9535 9545 9516 9509 9507 9503 9506 9505 9506 9502 9506 9508 9509 9509 9505 9498 9492 9483 9473 9471 9471 9465 9459 9465 9478 9490 9499 9505 9509 9510 9509 9505 9504 9501 9501 9503 9504 9490 9490 9494 9496 9504 9493 9489 9487 9485 9494 9513 9544 9587 9634 9676 9692 9688 9668 9654 9646 9635 9626 9604 9574 9553 9587 9617 9641 9645 9633 9633 9626 9634 9643 9654 9668 9672 9668 9664 9659 9656 9662 9663 9665
9526 9526 9525 9522 9516 9511 9506 9505 9507 9507 9507 9509 9510 9510 9507 9500 9498 9496 9489 9479 9478 9478 9480 9459 9463 9480 9495 9503 9508 9510 9510 9508 9506 9505 9501 9499 9500 9499 9486 9483 9487 9497 9491 9482 9481 9480 9476 9489 9513 9547 9589 9632 9664 9677 9672 9653 9646 9629 9654 9655 9644 9637 9631 9633 9640 9646 9657 9624 9636 9627 9635 9649 9666 9677 9678 9672 9664 9655 9656 9653 9657 9661
9528 9525 9522 9522 9519 9517 9516 9512 9511 9512 9513 9513 9513 9513 9513 9510 9505 9502 9499 9491 9486 9482 9477 9475 9485 9501 9507 9510 9512 9513 9513 9512 9509 9507 9507 9502 9499 9493 9479 9474 9475 9477 9478 9471 9473 9480 9473 9476 9497 9544 9594 9637 9664 9675 9668 9656 9636 9643 9669 9673 9669 9673 9681 9665 9662 9666 9671 9660 9644 9631 9637 9653 9670 9685 9683 9673 9662 9648 9643 9649 9653 9658
9525 9521 9518 9519 9521 9519 9518 9517 9515 9515 9516 9516 9514 9513 9515 9515 9512 9510 9507 9500 9492 9487 9484 9484 9499 9515 9518 9518 9518 9517 9515 9513 9509 9507 9506 9501 9499 9495 9476 9463 9460 9469 9459 9455 9461 9471 9467 9458 9492 9547 9605 9654 9683 9689 9672 9651 9641 9660 9677 9676 9676 9675 9667 9667 9676 9690 9689 9675 9658 9639 9644 9656 9666 9681 9677 9672 9665 9653 9643 9650 9653 9651
9532 9523 9521 9520 9520 9520 9520 9518 9518 9518 9519 9518 9515 9513 9511 9513 9516 9517 9509 9501 9497 9494 9489 9489 9505 9521 9525 9525 9522 9519 9515 9509 9507 9507 9506 9501 9498 9484 9460 9451 9441 9430 9435 9436 9443 9444 9442 9449 9489 9551 9618 9678 9705 9699 9680 9667 9668 9673 9660 9669 9671 9671 9665 9668 9677 9690 9697 9683 9666 9649 9659 9656 9652 9652 9661 9669 9674 9681 9674 9663 9654 9647
9536 9534 9528 9524 9522 9521 9521 9519 9518 9519 9522 9523 9514 9510 9511 9508 9508 9513 9507 9502 9500 9498 9493 9495 9510 9526 9533 9534 9531 9525 9517 9510 9508 9509 9508 9504 9500 9482 9456 9444 9432 9421 9418 9420 9428 9433 9428 9454 9491 9556 9628 9693 9707 9680 9679 9679 9681 9673 9671 9668 9668 9668 9668 9664 9666 9671 9670 9675 9668 9661 9658 9655 9648 9642 9653 9665 9679 9700 9694 9672 9655 9643
9534 9531 9528 9525 9523 9521 9519 9517 9518 9517 9513 9506 9507 9504 9502 9502 9501 9505 9508 9505 9503 9498 9494 9495 9516 9539 9542 9542 9540 9534 9524 9513 9513 9514 9513 9509 9501 9483 9458 9444 9433 9424 9421 9415 9423 9428 9429 9455 9487 9563 9634 9688 9698 9683 9679 9675 9682 9676 9672 9671 9669 9666 9660 9651 9655 9660 9660 9659 9655 9660 9662 9656 9653 9651 9656 9663 9673 9676 9678 9668 9653 9641
9537 9529 9526 9523 9521 9516 9516 9516 9517 9515 9512 9520 9505 9500 9497 9499 9504 9505 9509 9508 9505 9504 9497 9500 9518 9537 9546 9551 9552 9549 9541 9528 9525 9526 9524 9515 9490 9468 9457 9450 9442 9433 9429 9421 9430 9431 9432 9466 9529 9607 9646 9668 9683 9684 9683 9681 9687 9685 9680 9677 9672 9666 9656 9644 9647 9649 9647 9649 9651 9649 9644 9652 9654 9657 9656 9661 9664 9663 9664 9661 9651 9640
9538 9522 9522 9519 9518 9517 9513 9514 9514 9513 9512 9513 9506 9500 9497 9500 9502 9508 9510 9508 9505 9504 9499 9505 9523 9543 9554 9561 9564 9567 9569 9561 9547 9541 9534 9515 9487 9466 9466 9463 9456 9450 9442 9439 9455 9463 9469 9534 9645 9670 9660 9660 9677 9690 9693 9694 9701 9697 9692 9683 9675 9666 9657 9645 9645 9645 9640 9642 9649 9645 9643 9648 9640 9642 9653 9661 9669 9672 9667 9661 9650 9640
9543 9532 9522 9518 9516 9514 9511 9510 9511 9511 9512 9512 9509 9503 9501 9502 9504 9504 9509 9505 9502 9499 9500 9511 9531 9548 9562 9571 9575 9579 9586 9583 9565 9555 9547 9539 9505 9497 9497 9487 9472 9467 9465 9469 9494 9503 9540 9618 9659 9667 9658 9656 9677 9696 9699 9695 9700 9703 9698 9688 9678 9666 9656 9646 9644 9641 9638 9640 9646 9643 9646 9644 9639 9640 9650 9662 9676 9677 9672 9661 9649 9639
9538 9529 9521 9515 9510 9508 9506 9505 9507 9508 9510 9512 9511 9512 9508 9504 9503 9501 9504 9503 9501 9502 9504 9520 9542 9561 9575 9579 9579 9580 9579 9576 9569 9565 9563 9553 9559 9561 9551 9535 9508 9506 9504 9505 9551 9574 9626 9676 9658 9646 9646 9654 9675 9700 9709 9702 9710 9712 9701 9690 9679 9668 9656 9647 9640 9637 9636 9634 9638 9638 9634 9639 9634 9637 9647 9660 9677 9684 9673 9661 9648 9639
9524 9523 9517 9510 9503 9498 9499 9500 9503 9504 9505 9505 9505 9505 9504 9502 9502 9504 9505 9501 9498 9505 9522 9532 9551 9578 9592 9582 9578 9576 9579 9572 9568 9577 9587 9596 9629 9630 9616 9600 9587 9578 9575 9582 9634 9646 9668 9674 9652 9635 9628 9636 9670 9698 9711 9705 9693 9707 9698 9688 9677 9667 9656 9648 9637 9633 9632 9629 9635 9635 9630 9626 9623 9632 9641 9653 9668 9674 9666 9657 9647 9640
9500 9518 9511 9503 9497 9495 9494 9497 9499 9499 9499 9498 9494 9491 9493 9496 9503 9506 9503 9498 9496 9503 9524 9534 9548 9565 9573 9574 9570 9567 9569 9573 9580 9600 9624 9656 9709 9696 9670 9657 9653 9647 9653 9685 9709 9684 9666 9653 9643 9637 9643 9652 9671 9690 9698 9696 9692 9692 9691 9683 9675 9667 9658 9647 9638 9635 9633 9632 9632 9630 9627 9624 9622 9628 9635 9643 9652 9656 9656 9649 9645 9641
9511 9511 9505 9497 9488 9484 9491 9494 9497 9496 9495 9491 9484 9478 9482 9488 9493 9495 9496 9494 9492 9494 9500 9520 9538 9551 9558 9562 9561 9557 9561 9578 9600 9629 9663 9691 9685 9703 9693 9688 9700 9685 9689 9698 9675 9699 9650 9639 9635 9633 9644 9660 9675 9687 9692 9690 9689 9686 9683 9676 9670 9664 9657 9649 9647 9641 9638 9633 9627 9626 9629 9631 9625 9627 9631 9635 9636 9641 9645 9644 9641 9641
9511 9508 9503 9496 9488 9487 9490 9495 9497 9497 9495 9493 9486 9469 9477 9483 9484 9486 9492 9494 9494 9492 9497 9512 9529 9543 9555 9556 9553 9552 9564 9592 9616 9663 9705 9736 9729 9702 9700 9700 9682 9687 9687 9674 9624 9682 9666 9643 9630 9629 9655 9668 9678 9688 9691 9692 9693 9684 9677 9672 9668 9663 9658 9652 9640 9643 9645 9643 9620 9633 9628 9624 9625 9627 9630 9633 9633 9635 9636 9635 9637 9639
9515 9508 9502 9496 9491 9492 9496 9501 9504 9504 9502 9494 9483 9479 9483 9486 9489 9491 9496 9497 9498 9492 9494 9507 9521 9538 9557 9554 9551 9550 9571 9623 9677 9713 9731 9746 9722 9702 9694 9686 9671 9675 9680 9681 9625 9660 9648 9640 9629 9629 9652 9670 9678 9688 9704 9709 9720 9684 9679 9673 9673 9668 9661 9651 9651 9648 9646 9638 9614 9635 9631 9626 9629 9630 9631 9635 9637 9634 9633 9630 9630 9636
9504 9503 9500 9498 9501 9498 9503 9505 9510 9514 9525 9512 9490 9499 9502 9500 9506 9523 9508 9501 9496 9493 9494 9502 9513 9526 9546 9551 9560 9567 9598 9660 9722 9749 9744 9730 9711 9705 9687 9674 9660 9661 9665 9665 9672 9662 9648 9637 9631 9629 9655 9676 9686 9683 9695 9737 9713 9686 9687 9681 9673 9670 9668 9661 9660 9653 9648 9640 9637 9634 9632 9633 9636 9634 9633 9634 9635 9632 9628 9623 9617 9612
