real_craters/C198-500m.grd
DSAA
411 411
-102.445 102.445
-102.445 102.445
7144.391851631 10791.905795863
[rows 240 to 269 of 411, columns 335 to 401 of 411]
9790.73 9782.61 9761.24 9766.46 9774.8 9787.52 9803.61 9819.08 9833.01 9834.28 9831.33 9827.78 9824.92 9821.83 9820.67 9826.88 9838.94 9842.89 9834.24 9837.22 9836.59 9838.89 9831.21 9812.79 9801.75 9806.6 9806.62 9802.34 9804.62 9811.69 9815.32 9818.33 9824.2 9832.95 9839.96 9853.11 9867.04 9854.02 9853.84 9864.78 9870.67 9879.97 9890.19 9892.22 9893.21 9895.12 9895.5 9897.62 9897.71 9897.56 9898.3 9899.4 9903.87 9921.4 9890.57 9875.24 9853.27 9835.29 9864.09 9870.4 9867.17 9863.74 9864.16 9862.54 9859.38 9855.77 9851.62
9786.06 9774.22 9749.39 9746.1 9759.16 9776.3 9792.18 9805.6 9815.74 9820.44 9820.23 9818.89 9816.83 9813.49 9807.32 9806.86 9824.34 9832.64 9843.51 9836.89 9825.26 9814.41 9802.14 9810.24 9804.94 9805.65 9806.86 9805.81 9808.27 9811.96 9815.26 9818.71 9823.79 9834.21 9848.82 9864.93 9878.8 9870.44 9868.98 9874.64 9879.42 9887.48 9894.97 9893.93 9894.98 9895.06 9896.27 9898.08 9899.28 9899.65 9899.43 9897.19 9886.7 9856.07 9867.41 9878.15 9877.53 9892.32 9884.45 9878.89 9870.69 9865.81 9866.78 9866.14 9862.69 9858.45 9852.74
9768.63 9759.78 9749.67 9749.78 9756.53 9769.87 9782.86 9793.25 9799.7 9804.11 9809.67 9811.59 9812.8 9811.11 9807.37 9803.06 9802 9815.88 9817.45 9816.18 9814.97 9806.41 9825.21 9814.42 9813.51 9812.18 9813.7 9816.55 9816.62 9817.22 9818.92 9821.61 9826.29 9836.52 9853.26 9870.6 9881.96 9883.94 9880.35 9880.56 9882.66 9887.46 9891.16 9892.93 9894.3 9895.25 9895.52 9896.49 9897.54 9896.05 9896.13 9896.64 9891.9 9889.93 9891.89 9894.72 9899.36 9907.09 9898.27 9888.77 9880.25 9874.43 9872.07 9868.6 9864.3 9859.72 9854.29
9758.08 9748.25 9743.53 9753.44 9759.48 9768.24 9777.42 9785.53 9790.11 9795.56 9802.26 9806.8 9809.53 9812.84 9814.14 9811.88 9803.64 9806.17 9808.69 9811.13 9815.59 9821.18 9808.7 9810.97 9815.49 9818.11 9822.02 9827.35 9824.38 9822.43 9822.03 9824.26 9828.85 9839.97 9855.28 9873.64 9891.48 9895.33 9889.65 9884.31 9884.56 9886.99 9888.62 9890.72 9893.85 9899.63 9898.84 9895.25 9892.42 9890.28 9889.65 9890.68 9895.49 9904.29 9908.06 9909.77 9907.04 9901.25 9899.12 9894.77 9888.46 9882.7 9876.27 9870.44 9866.18 9860.92 9855.44
9760.68 9750.26 9747.88 9754.45 9762.77 9767.9 9776.33 9783.99 9789.55 9795.44 9799.76 9803.45 9806.63 9812.68 9824.78 9833.01 9829.74 9809.94 9813.89 9820.1 9826.42 9829.24 9826.92 9820.61 9820.86 9823.54 9825.88 9828.21 9828.43 9826.97 9826.54 9828.37 9832.53 9842.32 9854.77 9866.54 9890.07 9902.9 9895.79 9890.56 9888.36 9887.88 9887.24 9889.9 9891.76 9886.71 9892.33 9893.55 9890.22 9886.64 9884.66 9886.5 9894.03 9904.79 9914.72 9918.91 9915.97 9904.73 9900.51 9898.29 9891.13 9884.86 9878.39 9871.62 9866.06 9862.99 9860
9763.54 9754.94 9739.75 9744.92 9756.26 9764.61 9775.3 9784.71 9791.34 9794.51 9799.04 9799.11 9798.47 9801.51 9814.08 9826.23 9828.33 9823.51 9823.12 9827.03 9843.27 9856.49 9848.98 9839.52 9834.52 9829.64 9829.39 9828.56 9831.13 9830.62 9830.03 9831.6 9837.23 9845.75 9856.8 9866.68 9875.35 9893.67 9903.23 9900.64 9895.11 9890.73 9889.28 9893.19 9902.32 9908.22 9902.26 9894.54 9885.08 9876.81 9871.58 9871.58 9880.42 9897.95 9914.2 9916.65 9911.31 9902.31 9897.82 9899.91 9892.82 9883.8 9872.04 9862.93 9859.38 9862.19 9868.54
9777.64 9758.68 9736.1 9737.2 9745.21 9763.77 9777.36 9787.92 9797.32 9804.04 9801.55 9793.2 9784.08 9779.47 9785.37 9797.09 9818.44 9832.32 9830.29 9832.53 9859.63 9883.38 9884.39 9855.74 9835.73 9835.86 9839.78 9842.32 9839.28 9835.31 9832.68 9832.25 9837.7 9846.87 9860.95 9879.35 9892.95 9899.82 9907.19 9908.41 9899.63 9892.73 9890.45 9894.93 9908.16 9927.71 9913.83 9892.6 9874.98 9860.07 9848.82 9842.93 9846.73 9866.16 9897.9 9878.9 9893.83 9879.72 9888.43 9890.28 9894.29 9874.28 9851.5 9840.74 9840.06 9850.23 9868.43
9764.17 9768.03 9753.66 9748.91 9758.47 9773 9782.77 9792.04 9802.47 9815.83 9804.08 9786.69 9769.18 9752.27 9738.87 9749.99 9789.41 9825.59 9841.07 9845.59 9864 9894.28 9902.3 9887.58 9847.01 9847.12 9853.46 9854.83 9850.01 9842.92 9836.55 9830.52 9830.45 9844.73 9860.88 9873.21 9879.31 9889.25 9923.69 9914.83 9898.59 9892.39 9889.89 9891.91 9902 9904.31 9899.17 9882.28 9862 9840.51 9820.04 9801.56 9787.24 9779.94 9772.06 9745.7 9741.72 9770.76 9802.8 9817.59 9867.44 9826.23 9803.47 9796.48 9802.17 9819.51 9844.54
9775.08 9789.16 9790.38 9784.96 9788.86 9786.12 9786.39 9792.25 9800.79 9808.45 9802.57 9780.7 9758.54 9740.08 9730.66 9742.8 9803 9862.37 9873.24 9847.65 9848.09 9862.55 9890.81 9902.7 9869.47 9862.37 9870.73 9869.87 9860.96 9852.24 9842.93 9835.14 9834.38 9846.31 9860.51 9874.75 9866.16 9855.91 9889.48 9914.61 9896.54 9892.92 9889.66 9888.57 9898.2 9898.55 9889.92 9871.03 9847.01 9817.95 9787.52 9754.61 9717.72 9673.42 9610.15 9588.03 9579.25 9610.09 9611.02 9656.04 9689.76 9717.81 9725.71 9732.38 9745.88 9769.74 9807.79
9781.33 9793.55 9796.33 9791.31 9784.51 9780.36 9781.4 9785.93 9793.27 9801.11 9794.09 9772.38 9751.65 9736.56 9737 9756.56 9843.47 9941.07 9922.19 9866.94 9848.82 9850.16 9876.3 9891.56 9876.13 9867.83 9874.37 9874.49 9867.54 9860.76 9853.28 9846.05 9845.71 9852.79 9858.85 9862.95 9860.72 9853.87 9870.93 9910.3 9905.46 9896.86 9892.71 9893.32 9902.28 9900.95 9885.23 9860.53 9829.6 9792.62 9753.26 9710.51 9661.34 9603.89 9540.41 9517.89 9517.36 9520.65 9516.05 9535 9561.87 9612.74 9641.58 9660.56 9679.49 9702.49 9731.03
9775.47 9776.16 9777.22 9776.12 9770.18 9768.38 9770.22 9775.03 9779.2 9781.05 9776.25 9763.89 9750.31 9737.42 9750.06 9791.35 9871.96 9943.01 9931.69 9881.68 9863.41 9856.52 9867.97 9883.04 9869.26 9861.06 9864.13 9869.43 9869.23 9868.62 9866.15 9862.28 9861.5 9863.23 9861.28 9857.41 9865.86 9886.73 9911.86 9904.65 9900.4 9897.57 9897.26 9898.08 9907.54 9905.11 9881.81 9848.66 9811.17 9765.66 9720.41 9672.45 9620.04 9568.26 9519.26 9501.5 9497.36 9490.54 9491.27 9493.44 9511.42 9545.52 9573.1 9593.25 9610.9 9632.47 9666.43
9766.59 9756.64 9754.8 9752.41 9752.92 9752.26 9756.63 9762.23 9765.64 9765.9 9762.95 9760.67 9759.9 9761.33 9787.36 9838.68 9886.04 9921.68 9915.95 9875.24 9842.56 9858.04 9866.52 9876.23 9867.79 9859.82 9863.32 9869.68 9873.51 9876.65 9880.87 9883.85 9881.43 9879.09 9876.61 9870.53 9876.92 9877.34 9881.72 9890.65 9892.03 9899.38 9905.04 9905.73 9912.1 9902.63 9875.7 9836.91 9794.66 9749.86 9698.44 9649.7 9598.64 9550.8 9510.53 9496.06 9488.28 9477.5 9476.88 9477.67 9487.92 9505.13 9523.32 9539.49 9552.93 9563.42 9587.7
9747.93 9747.06 9742.38 9744.89 9742.52 9738.6 9746.93 9753.1 9756.27 9757.05 9755.98 9760.55 9770.56 9794.92 9818.13 9851.92 9889.72 9927.48 9928.82 9879.16 9853.51 9856.86 9867.23 9874.05 9870.87 9867.21 9883.74 9878.1 9877.81 9880.89 9889.32 9899.74 9893.17 9888.12 9899.04 9906.55 9896.21 9894.88 9892.03 9890.85 9906.42 9918.34 9921.31 9915.97 9924.65 9908.11 9862.68 9813.89 9765.23 9717.71 9670.22 9623.02 9576.52 9531.24 9500.49 9480.31 9474.94 9467.61 9462.85 9463.24 9470.66 9479.08 9490.82 9498.74 9504.97 9508.89 9529.06
9744 9745.49 9746.72 9751.94 9744.43 9740.75 9744.96 9750.41 9753.97 9755.69 9755.97 9764.68 9774.35 9783.44 9808.05 9840.48 9880.04 9915.12 9918.11 9877.05 9853.69 9858.26 9868.72 9875.11 9871.64 9872.9 9883.76 9878.57 9875.07 9874.97 9881.8 9899.11 9880.72 9871.35 9884.52 9905.87 9895.53 9906.43 9918.28 9912.85 9933.71 9945.7 9938.92 9932.29 9938.16 9892.59 9827.61 9774.59 9723.25 9675.46 9630.81 9589.19 9549.12 9515.9 9490.67 9477.95 9466.22 9460.37 9455.13 9454.91 9460.16 9464.03 9468.3 9472.09 9474.59 9479.19 9501.27
9755.83 9744.72 9744.42 9751.18 9749.53 9746.99 9749.3 9754.15 9758.62 9762.84 9768.3 9775.56 9784.93 9793.13 9809.28 9834.23 9864.9 9883.6 9882.66 9876.37 9866.84 9868.67 9868.73 9870.42 9868.17 9863.64 9866.85 9868.67 9866.3 9860.68 9848.46 9836.27 9839.49 9831.13 9818.88 9833.48 9869.32 9896.17 9930.75 9959.24 9951.22 9965.46 9940.58 9918.8 9901.51 9832.9 9775.68 9729.06 9682.39 9640.74 9601.4 9564.91 9531.01 9501.35 9475.88 9456.61 9457.28 9454.82 9452.43 9454.72 9452.53 9453.41 9455.2 9457.36 9459.63 9465.76 9482.57
9760.74 9743.22 9754.6 9756.23 9758.32 9757.34 9757.1 9761.1 9767.04 9774.82 9781.3 9790.13 9801.35 9814.85 9818.23 9836.04 9859.37 9875.13 9883.92 9897.41 9899.73 9891.86 9875.02 9866.9 9859.03 9853.1 9855.05 9859.25 9861.59 9856.11 9833.78 9796.91 9813.48 9804.02 9786.57 9805.77 9852.69 9897.83 9942.4 9942.4 9947.77 9955.65 9922.12 9859.06 9772.36 9745.58 9702.09 9668.53 9631.33 9597.42 9570.87 9539.81 9511.86 9486.78 9465.79 9454.19 9452.62 9450.43 9449.61 9451.8 9443.83 9445.85 9448.04 9450.42 9455.02 9463.4 9474.48
9775.11 9779.46 9786.34 9783.69 9775.44 9765.03 9763.56 9771.06 9779.63 9788.31 9794.48 9802.42 9813.82 9824.27 9836.06 9845.27 9860.67 9879.42 9902.82 9929.56 9941.84 9923.11 9886.37 9871.12 9857.21 9847.11 9846.13 9856.08 9863.55 9867.04 9872.72 9869.79 9832.06 9806.61 9785.32 9806.98 9851.82 9897.29 9932.21 9960 9955.43 9955.18 9907.64 9825.19 9751.51 9663.53 9626 9609.29 9583.48 9559.02 9535.43 9512.85 9491.65 9472.23 9456.61 9445.75 9445.26 9446.06 9446.1 9432.56 9439.14 9443.03 9445.96 9448.52 9454.05 9463.49 9470.61
9779.79 9802.8 9825.22 9815.08 9797.7 9780.73 9776.9 9785.66 9796.28 9806.7 9817.2 9825.66 9824.39 9823.35 9831.69 9846.66 9864.08 9884.03 9908.23 9934.63 9967.98 9961.68 9924.88 9892.52 9859.23 9847.76 9851.66 9863.56 9872.02 9879.04 9888.27 9882.5 9855.74 9830.46 9812.76 9829.59 9863.5 9898.97 9929.04 9943.19 9961.47 9970.56 9904.03 9785.29 9633.86 9579.22 9558.07 9546.27 9543.86 9527.08 9510.87 9495.15 9476.4 9461.47 9449.13 9440.17 9440.69 9442.95 9443.96 9444.83 9443.7 9443.73 9445.58 9448.62 9453.49 9463.28 9469.74
9771.05 9811.34 9840.72 9839.18 9818.17 9800.44 9794.71 9802.39 9812.33 9824.07 9838.19 9846.24 9840.8 9837.06 9836.82 9848.26 9866.06 9886.3 9903.52 9933.23 9968.58 9987.73 9977.65 9922.19 9881.04 9869.57 9874.26 9877.92 9882 9885.92 9887.59 9885.48 9875.19 9865.22 9858.29 9865.97 9883.85 9905.16 9923.72 9937.38 9951.47 9972.99 9896.49 9748.32 9596.56 9529.46 9509.93 9504.09 9510.02 9501.56 9491.38 9479.74 9467.36 9454.96 9445.42 9440.48 9440.52 9441.75 9443.19 9445.22 9445.73 9444.89 9446.29 9448.68 9452.27 9459.75 9468.19
9760.58 9825.02 9855.14 9846.29 9823.99 9813.98 9812.72 9817.53 9824.99 9835.13 9846.78 9858.57 9837.73 9830.41 9835.41 9846.72 9867.13 9891.71 9917.13 9940.52 9956.53 9948.66 9951.11 9938.22 9918.99 9904.78 9899.82 9896.29 9892.97 9891.53 9889.94 9890.16 9891.32 9897.48 9907.09 9899.26 9902.88 9912.14 9922.29 9928.13 9934.83 9942.25 9871.35 9733.57 9588.53 9505.6 9481.04 9475.94 9488.77 9483.73 9477.04 9468.93 9459.05 9451.12 9444.33 9441.73 9441.6 9441.55 9442.41 9444.31 9445.21 9445.66 9447.16 9449.51 9452.83 9459.51 9470.13
9726.94 9755.98 9776.06 9800.8 9807.46 9815.51 9829.62 9826.22 9830.92 9839.07 9846.39 9841.56 9835.78 9818.05 9816.28 9838.95 9866.54 9897.92 9929.52 9945.8 9959.36 9974.57 9961.61 9947.28 9938.21 9929.55 9927.29 9910.83 9900.48 9893.65 9902.65 9894.68 9898.89 9910.35 9919.95 9915.06 9914.49 9919.11 9924.54 9924.59 9918.32 9897.7 9811.65 9668.91 9548.56 9481.96 9470.29 9467.37 9471.98 9469 9463.77 9458.55 9452.85 9448.27 9445.25 9443.84 9442.9 9441.49 9441.68 9441.56 9443.14 9447.07 9450.68 9453.69 9457.28 9466.29 9476.24
9750.12 9753.35 9760.72 9767.28 9784.76 9800.36 9810.71 9820.45 9828.17 9837.08 9846.03 9856 9820.97 9805.03 9809.02 9833.03 9864.33 9898.25 9933.84 9954.08 9952.69 9945.5 9948.16 9946.12 9942.76 9924.92 9926.92 9913.33 9902.54 9892.08 9874.52 9887.93 9897.46 9905.09 9912.28 9914.99 9918.97 9922.33 9921.41 9913.61 9904.1 9812.54 9699.74 9556.24 9498.52 9478.49 9471.26 9468.23 9466.74 9463.63 9459.06 9454.28 9450.17 9446.15 9445.23 9443.86 9443.42 9441.47 9440.36 9441.71 9445.22 9451.48 9456.94 9461.94 9466.55 9473.07 9484.74
9771.4 9791.38 9765.92 9759.71 9770.68 9784.81 9798.55 9810.2 9822.43 9831.5 9837.27 9834.64 9813.69 9796.44 9803.74 9828.94 9858.81 9889.35 9916.17 9926 9932.66 9942.4 9942.48 9934.77 9929.92 9917.73 9910.54 9904.15 9900.93 9902.07 9905.82 9895.68 9893.16 9891.91 9899 9910.85 9920.83 9925.37 9921.78 9904.68 9828.04 9711.61 9577.6 9526.21 9502.59 9498.3 9489.02 9481.44 9475.1 9470.38 9464.42 9458.14 9452.52 9447.17 9445.24 9444.25 9443.62 9444.8 9445.68 9448.83 9453.48 9460.2 9466.52 9473.1 9482.12 9490.33 9497.75
9771.1 9815.83 9765.62 9745.91 9759.97 9777.52 9787.98 9804.89 9818.51 9825.7 9827.46 9824.13 9810.3 9796.13 9805.3 9827.48 9852.74 9877.13 9893.44 9899.08 9904.75 9914.89 9920.4 9914.36 9907.68 9898.41 9886.44 9890.64 9893.67 9897.32 9899 9895.17 9889.6 9882.38 9888.66 9903.08 9914.62 9920.41 9914.06 9876.58 9795.79 9652.68 9542.39 9513.48 9513.61 9519.97 9507.45 9492.98 9482.72 9475.03 9468.5 9462.03 9455.65 9448.84 9446.12 9448.59 9452.17 9455.45 9456.96 9462.76 9467.6 9473.66 9478.45 9484.2 9493.94 9501.6 9510.14
9755.88 9762.87 9755.58 9750.58 9764.6 9783.06 9799.18 9813.07 9822.24 9824.69 9819.88 9803.82 9791.76 9800.42 9812.48 9829.18 9848.4 9866.65 9879.86 9870.03 9874.8 9876.23 9887.13 9891.7 9884.94 9875.91 9874.62 9880.26 9885.83 9887.3 9887.37 9890 9887.98 9883.19 9886.39 9895.54 9904.2 9908.74 9907.77 9889.98 9750.99 9592.57 9525.5 9515.97 9521.33 9529.24 9515.96 9503.84 9494.96 9487.99 9477.93 9470.99 9463.45 9455.46 9451.23 9458.66 9466.74 9473.43 9478.41 9482.3 9489.17 9490.58 9491.71 9493.88 9498.11 9511.02 9521.18
9753.89 9759.34 9761.23 9769.7 9782.22 9798.71 9813.94 9824.78 9830.68 9831.52 9825.63 9811.02 9801.8 9813.81 9821.17 9831.42 9843.64 9855.18 9859.6 9854.53 9854.85 9857.06 9873.74 9879.4 9874.9 9867.75 9868.41 9876.75 9884.19 9887.45 9888.98 9891.05 9887.31 9875.82 9880.48 9884.49 9885.25 9882.84 9871.48 9823.04 9633.21 9537.04 9526.94 9525.26 9523.44 9520.83 9513.16 9505.16 9498.71 9493.59 9489 9483.51 9476.53 9468.04 9464.14 9475 9486.55 9495.52 9498.85 9500.44 9503.53 9504.66 9506 9508.15 9506.03 9521.92 9532.78
9768.69 9782.71 9786.46 9792.79 9802.39 9816.65 9830.23 9838.84 9843.49 9841.43 9839.53 9846.66 9855.96 9835.72 9828.52 9832.18 9839.73 9845.41 9844.65 9842.2 9842.73 9855.33 9876.86 9877 9869.21 9861.04 9863.88 9874.71 9885.8 9898.92 9900.76 9897 9891.72 9882.1 9877.53 9872.6 9863.53 9846.78 9815.38 9753.69 9610.21 9539.06 9537.28 9537.63 9526.13 9514.5 9508.17 9505.75 9503.32 9501.22 9498.96 9496.3 9493.5 9492.12 9491.93 9496.46 9504.39 9511.18 9513.48 9514.44 9514.93 9516.69 9520.23 9525.79 9535.58 9542.24 9546.98
9778.7 9790.21 9796.68 9805.87 9818.95 9832.07 9849.75 9868.99 9856.26 9847.52 9842.72 9839.83 9820.82 9814.24 9824.75 9831.57 9837.8 9842.46 9839.88 9833.2 9839.65 9859.51 9886.04 9879.43 9864.14 9856.68 9860.97 9875 9884.65 9891.29 9898.62 9901.74 9900.53 9889.62 9879.13 9864.6 9841.79 9811.82 9766.56 9695.43 9606.41 9563.08 9551.47 9546.4 9530.52 9516.61 9508.46 9507.18 9507.91 9509.47 9511.16 9511.67 9511.63 9513.43 9514.43 9516.66 9519.95 9524.43 9527.65 9527.92 9527.13 9529.28 9535.01 9540.13 9544.53 9554.51 9558.53
9786.91 9794.23 9801.6 9816.27 9826.98 9838.14 9852.4 9863.35 9853.47 9845.59 9840.46 9833.87 9815.71 9806.87 9823.09 9832.42 9836.99 9838.64 9836.27 9834.29 9842.45 9868.9 9887.67 9879.15 9861.03 9854.49 9860.24 9877.01 9886.91 9884.62 9893.58 9903.12 9907.98 9900.67 9880.13 9853.72 9824.56 9787.88 9740.07 9680.41 9629.25 9590.41 9564.53 9550.08 9534.4 9519.74 9510.17 9508.03 9512.18 9518 9524 9529.16 9532.18 9529.51 9533.16 9537 9536.8 9539.34 9542.44 9543.01 9542.95 9545.53 9553.19 9559.5 9564.67 9569.21 9568.61
9792.35 9802.53 9811.19 9824.26 9832.07 9838.01 9840.34 9836.39 9837.15 9839.01 9839.22 9836.55 9839.14 9835.33 9839.6 9842.88 9841.47 9835.91 9830.54 9834.44 9851.12 9872.37 9882.82 9873.51 9868.14 9858.5 9869.82 9894.2 9894.01 9894.23 9893.75 9898.33 9902.73 9895.72 9872.01 9843.75 9811.2 9772.43 9726.53 9673.54 9633.2 9610.21 9584.78 9567.43 9540.43 9523.05 9512.54 9507.58 9515.91 9525.94 9537.6 9549.45 9559.34 9565.2 9563.9 9561.54 9555.55 9552.75 9555.52 9559.7 9563.21 9567.75 9574.37 9581.36 9585.9 9585.06 9580.54
