real_craters/C198-750m.grd
DSAA
274 274
-102.445 102.445
-102.445 102.445
7149.438498403 10781.220348397
[rows 180 to 215 of 274, columns 82 to 163 of 274]
9700 9705 9740 9769 9775 9772 9778 9782 9784 9789 9794 9796 9800 9806 9813 9818 9825 9845 9853 9863 9865 9869 9899 9924 9959 9988 9990 9983 1.013e+004 1.019e+004 1.023e+004 1.027e+004 1.04e+004 1.042e+004 1.044e+004 1.042e+004 1.026e+004 1.02e+004 1.016e+004 1.012e+004 1.007e+004 1.009e+004 1.011e+004 1.013e+004 1.014e+004 1.015e+004 1.014e+004 1.021e+004 1.023e+004 1.01e+004 1.004e+004 9996 9953 9873 9842 9853 9869 9883 9852 9840 9869 9904 9924 9919 9985 1.003e+004 9999 9950 9952 9952 9959 9970 9999 1.003e+004 1.007e+004 1.003e+004 9959 9910 9874 9898 9898 9897
9691 9699 9718 9740 9759 9756 9763 9767 9767 9771 9777 9781 9792 9799 9805 9813 9821 9842 9834 9847 9867 9886 9908 9929 9956 9981 9997 9946 1e+004 1.006e+004 1.008e+004 1.009e+004 1.022e+004 1.035e+004 1.044e+004 1.052e+004 1.045e+004 1.039e+004 1.033e+004 1.027e+004 1.023e+004 1.02e+004 1.02e+004 1.022e+004 1.024e+004 1.024e+004 1.022e+004 1.023e+004 1.016e+004 9998 9949 9916 9851 9783 9777 9797 9814 9811 9824 9831 9870 9924 9967 1e+004 1.003e+004 1.005e+004 1e+004 9921 9917 9922 9975 9989 1.001e+004 1.001e+004 9968 9931 9923 9899 9871 9876 9909 9916
9676 9683 9703 9724 9743 9757 9758 9756 9750 9739 9751 9767 9778 9784 9793 9804 9814 9826 9840 9841 9867 9904 9922 9937 9951 9978 9998 9967 9966 9982 1.002e+004 1.011e+004 1.019e+004 1.027e+004 1.033e+004 1.043e+004 1.056e+004 1.054e+004 1.045e+004 1.039e+004 1.033e+004 1.027e+004 1.025e+004 1.028e+004 1.033e+004 1.031e+004 1.027e+004 1.019e+004 1.006e+004 9965 9923 9888 9835 9791 9785 9805 9813 9819 9849 9853 9918 9975 1.001e+004 1.005e+004 1.004e+004 1.004e+004 1.003e+004 9964 9944 9933 1.003e+004 1.009e+004 1.004e+004 9990 9942 9916 9898 9894 9897 9920 9930 9932
9677 9694 9701 9710 9731 9750 9757 9754 9746 9733 9745 9761 9772 9777 9781 9787 9794 9805 9805 9818 9842 9879 9889 9908 9915 9930 9945 9936 9914 9938 9957 1.003e+004 1.016e+004 1.02e+004 1.022e+004 1.022e+004 1.044e+004 1.048e+004 1.044e+004 1.043e+004 1.037e+004 1.029e+004 1.025e+004 1.025e+004 1.032e+004 1.031e+004 1.02e+004 1.008e+004 1.004e+004 1e+004 9960 9905 9859 9812 9869 9889 9854 9853 9932 1.005e+004 1.004e+004 1.004e+004 1.006e+004 1.005e+004 1.002e+004 9983 1.004e+004 1.006e+004 1.003e+004 1.004e+004 1.019e+004 1.013e+004 1.005e+004 9979 9926 9885 9887 9894 9927 9971 9950 9918
9673 9683 9698 9719 9752 9757 9755 9758 9760 9755 9763 9767 9770 9774 9773 9773 9769 9768 9783 9783 9795 9806 9817 9840 9860 9867 9852 9866 9933 9922 9905 9911 1.006e+004 1.015e+004 1.023e+004 1.026e+004 1.026e+004 1.027e+004 1.035e+004 1.04e+004 1.031e+004 1.024e+004 1.018e+004 1.013e+004 1.011e+004 1.021e+004 1.023e+004 1.017e+004 1.012e+004 1.008e+004 1.002e+004 9936 9905 9929 9939 9943 9919 9916 9955 9989 1.004e+004 1.008e+004 1.011e+004 1.009e+004 1.003e+004 9988 1.006e+004 1.011e+004 1.009e+004 1.01e+004 1.005e+004 1.002e+004 9998 9957 9915 9903 9881 9889 9905 9913 9950 9988
9652 9672 9689 9713 9729 9734 9746 9760 9779 9809 9789 9779 9773 9767 9764 9761 9751 9738 9730 9747 9747 9731 9762 9786 9820 9841 9839 9850 9892 9906 9900 9913 9988 1.011e+004 1.023e+004 1.026e+004 1.017e+004 1.012e+004 1.018e+004 1.015e+004 1.018e+004 1.016e+004 1.012e+004 1.005e+004 9998 9995 1.012e+004 1.015e+004 1.007e+004 9988 9927 9917 9919 9936 9963 9985 9991 9994 9996 9997 1.004e+004 1.012e+004 1.017e+004 1.013e+004 1.004e+004 9998 1.005e+004 1.008e+004 1.004e+004 9976 1.001e+004 9986 9972 9948 9917 9883 9886 9881 9880 9902 9926 9946
9645 9669 9677 9684 9680 9705 9733 9759 9782 9798 9797 9790 9777 9771 9764 9757 9747 9738 9742 9736 9732 9731 9753 9785 9798 9817 9828 9846 9883 9896 9904 9932 9991 1.006e+004 1.011e+004 1.014e+004 1.013e+004 1.011e+004 1.012e+004 1.009e+004 1.01e+004 1.009e+004 1.008e+004 1.008e+004 1.005e+004 1e+004 1.002e+004 1.004e+004 9930 9881 9866 9895 9914 9937 9973 1.003e+004 1.003e+004 1.004e+004 1.006e+004 1.009e+004 1.014e+004 1.014e+004 1.017e+004 1.013e+004 1.006e+004 1.002e+004 1.004e+004 1.004e+004 1.001e+004 9986 1.005e+004 1.002e+004 9970 9947 9934 9936 9905 9876 9854 9853 9890 9923
9654 9668 9655 9655 9663 9693 9726 9756 9783 9800 9799 9794 9777 9771 9766 9759 9753 9741 9730 9744 9750 9756 9759 9769 9780 9786 9807 9835 9856 9874 9888 9920 9955 1e+004 1.004e+004 1.008e+004 1.01e+004 1.013e+004 1.013e+004 1.014e+004 1.006e+004 1.004e+004 1.004e+004 1.004e+004 1e+004 9946 9920 9944 9794 9833 9883 9891 9910 9943 9979 1e+004 1.004e+004 1.007e+004 1.011e+004 1.015e+004 1.016e+004 1.011e+004 1.008e+004 1.009e+004 1.01e+004 1.009e+004 1.005e+004 1.004e+004 1.002e+004 1e+004 1.001e+004 9995 9947 9936 9931 9927 9906 9875 9854 9849 9866 9883
9639 9639 9609 9640 9666 9696 9725 9753 9779 9792 9794 9790 9785 9775 9773 9771 9771 9766 9769 9763 9773 9777 9769 9765 9775 9797 9809 9822 9837 9840 9835 9862 9912 9946 9977 1.002e+004 1.005e+004 1.007e+004 1.007e+004 1.001e+004 1.001e+004 9998 9980 9942 9894 9855 9860 9884 9776 9799 9832 9874 9906 9926 9944 1.003e+004 1.009e+004 1.009e+004 1.011e+004 1.015e+004 1.012e+004 1.006e+004 1.001e+004 1.005e+004 1.011e+004 1.014e+004 1.014e+004 1.008e+004 1.007e+004 1.004e+004 1.003e+004 9904 9902 9906 9915 9926 9903 9860 9831 9836 9847 9861
9630 9639 9651 9645 9668 9704 9725 9745 9774 9795 9781 9777 9776 9774 9776 9779 9784 9793 9778 9774 9778 9777 9777 9772 9777 9785 9792 9802 9803 9792 9779 9807 9866 9905 9943 9981 1.001e+004 1.001e+004 1.003e+004 1.003e+004 9980 9958 9943 9928 9898 9843 9820 9813 9796 9802 9822 9874 9930 9966 9967 9976 9994 1.005e+004 1.007e+004 1.009e+004 1.005e+004 1.002e+004 1.001e+004 1.005e+004 1.008e+004 1.011e+004 1.013e+004 1.007e+004 1.002e+004 1.001e+004 1.002e+004 9910 9867 9871 9886 9904 9886 9834 9793 9802 9818 9830
9621 9634 9645 9642 9670 9706 9719 9727 9719 9726 9752 9761 9765 9768 9775 9783 9790 9786 9767 9771 9774 9783 9785 9791 9791 9778 9782 9788 9790 9788 9749 9776 9811 9862 9910 9942 9973 9994 9974 9943 9932 9923 9903 9893 9915 9847 9793 9794 9819 9826 9847 9903 9972 1.004e+004 1.014e+004 1.002e+004 9996 1.001e+004 1.001e+004 1.001e+004 9999 1.002e+004 1.005e+004 1.007e+004 1.009e+004 1.009e+004 1.004e+004 1.001e+004 1e+004 9986 9945 9857 9833 9848 9859 9859 9834 9815 9790 9800 9816 9819
9613 9615 9635 9639 9668 9698 9710 9716 9720 9724 9736 9745 9754 9760 9769 9778 9786 9787 9774 9776 9815 9791 9783 9781 9780 9781 9772 9778 9780 9772 9778 9785 9812 9830 9848 9898 9933 9966 9917 9887 9920 9903 9875 9842 9866 9822 9780 9818 9824 9872 9922 9968 1.001e+004 1.006e+004 1.009e+004 1.004e+004 1.002e+004 9983 9961 9933 9902 9963 1.002e+004 1.006e+004 1.01e+004 1.009e+004 9972 9928 9957 9948 9924 9863 9840 9840 9853 9840 9819 9822 9813 9833 9849 9838
9608 9609 9625 9642 9662 9687 9696 9705 9718 9725 9725 9731 9739 9747 9756 9765 9773 9776 9766 9757 9746 9768 9772 9772 9765 9762 9769 9774 9783 9796 9797 9797 9801 9813 9836 9866 9888 9890 9863 9878 9902 9890 9880 9862 9832 9848 9829 9978 9965 9972 1e+004 1.003e+004 1.004e+004 1.005e+004 1.002e+004 9985 9958 9947 9933 9913 9904 9885 9942 1e+004 1.003e+004 9959 9865 9869 9944 9887 9881 9861 9848 9843 9847 9851 9888 9851 9850 9846 9847 9841
9614 9619 9653 9677 9680 9685 9681 9683 9685 9695 9706 9715 9723 9731 9739 9746 9756 9763 9758 9759 9744 9756 9763 9763 9759 9748 9757 9772 9783 9795 9813 9795 9777 9785 9821 9850 9862 9854 9858 9862 9854 9882 9896 9884 9856 9896 9894 1e+004 1.004e+004 1.005e+004 1.005e+004 1.005e+004 1.008e+004 1.006e+004 9998 9950 9914 9917 9912 9892 9869 9834 9860 9915 9904 9834 9821 9825 9782 9809 9832 9851 9854 9841 9838 9840 9834 9848 9848 9838 9829 9808
9619 9634 9657 9675 9676 9656 9664 9666 9664 9675 9688 9697 9707 9712 9719 9725 9729 9738 9749 9765 9765 9761 9765 9764 9757 9766 9773 9781 9788 9792 9810 9793 9774 9782 9823 9850 9860 9861 9858 9863 9874 9891 9912 9912 9901 9902 9928 9976 1.005e+004 1.01e+004 1.012e+004 1.014e+004 1.015e+004 1.012e+004 1.008e+004 9995 9925 9933 9909 9881 9847 9830 9844 9858 9809 9763 9773 9774 9778 9790 9817 9823 9814 9822 9826 9826 9822 9834 9843 9822 9786 9772
9617 9626 9650 9657 9663 9666 9656 9659 9665 9669 9677 9685 9693 9699 9702 9706 9711 9726 9748 9760 9765 9769 9774 9777 9778 9787 9793 9796 9799 9805 9806 9797 9790 9821 9864 9871 9874 9875 9872 9870 9877 9894 9921 9912 9874 9857 9889 9962 1.002e+004 1.008e+004 1.019e+004 1.028e+004 1.022e+004 1.016e+004 1.013e+004 1.009e+004 1.005e+004 9968 9924 9891 9866 9900 9867 9825 9774 9731 9748 9764 9752 9854 9837 9813 9792 9802 9813 9825 9836 9845 9835 9819 9791 9767
9613 9627 9653 9656 9652 9645 9647 9651 9656 9661 9666 9672 9676 9682 9688 9694 9703 9725 9757 9786 9772 9777 9786 9796 9815 9818 9816 9813 9813 9816 9811 9812 9812 9855 9892 9888 9885 9883 9884 9875 9864 9880 9900 9872 9832 9821 9853 9939 1.001e+004 1.007e+004 1.017e+004 1.027e+004 1.021e+004 1.013e+004 1.006e+004 9994 9960 9957 9944 9920 9899 9906 9878 9797 9750 9759 9771 9787 9744 9809 9834 9807 9777 9788 9802 9820 9849 9863 9838 9818 9825 9776
9610 9627 9656 9644 9643 9638 9643 9642 9645 9649 9654 9660 9669 9673 9679 9685 9699 9729 9764 9777 9774 9782 9794 9809 9797 9820 9833 9831 9827 9817 9845 9834 9824 9839 9876 9885 9887 9890 9882 9865 9864 9875 9872 9843 9822 9820 9861 9959 1.002e+004 1.004e+004 1.011e+004 1.013e+004 1.013e+004 1.007e+004 1e+004 9957 9977 9984 9969 9952 9943 9929 9882 9766 9762 9797 9781 9766 9786 9857 9833 9805 9779 9782 9794 9804 9810 9800 9802 9791 9764 9736
9608 9624 9645 9648 9642 9637 9637 9632 9629 9640 9645 9653 9659 9664 9671 9681 9694 9730 9770 9793 9778 9786 9799 9821 9846 9855 9842 9844 9849 9857 9885 9850 9835 9836 9866 9878 9878 9877 9854 9845 9867 9882 9879 9850 9836 9854 9906 9995 1.005e+004 1.005e+004 1.007e+004 1.01e+004 1.008e+004 1.002e+004 9960 9947 1.001e+004 1.002e+004 9978 9966 9980 9982 9896 9839 9790 9794 9769 9765 9811 9828 9816 9796 9775 9779 9787 9790 9786 9792 9780 9766 9745 9732
9605 9616 9626 9635 9635 9632 9631 9628 9626 9635 9639 9644 9648 9654 9663 9676 9698 9733 9771 9789 9778 9781 9789 9801 9805 9807 9830 9843 9859 9874 9826 9825 9843 9869 9870 9872 9869 9851 9845 9853 9862 9869 9873 9853 9845 9861 9915 9995 1.004e+004 1.002e+004 1.004e+004 1.006e+004 1.005e+004 9990 9929 9938 9976 9968 9936 9919 9919 9900 9857 9873 9811 9772 9773 9740 9762 9784 9783 9779 9777 9781 9784 9785 9781 9771 9759 9750 9743 9753
9603 9614 9621 9623 9632 9640 9638 9634 9634 9635 9639 9642 9645 9651 9659 9671 9690 9731 9771 9780 9775 9780 9779 9773 9776 9808 9820 9827 9837 9836 9778 9793 9839 9871 9874 9877 9876 9869 9865 9861 9853 9847 9860 9884 9848 9858 9896 9932 9925 9948 9978 1.003e+004 1.003e+004 9959 9898 9905 9909 9869 9866 9841 9802 9780 9791 9832 9800 9784 9810 9797 9711 9720 9742 9754 9768 9774 9774 9781 9785 9759 9740 9734 9744 9784
9604 9617 9623 9625 9626 9631 9628 9634 9639 9639 9635 9637 9642 9648 9656 9669 9691 9724 9768 9803 9800 9786 9777 9767 9777 9805 9807 9807 9798 9784 9770 9790 9814 9840 9866 9882 9890 9899 9884 9869 9858 9846 9870 9933 9913 9889 9905 9920 9937 9915 9934 9955 9942 9919 9893 9890 9883 9856 9816 9785 9742 9739 9797 9772 9775 9779 9799 9761 9715 9703 9706 9719 9729 9736 9751 9770 9788 9761 9728 9713 9709 9714
9604 9620 9631 9620 9621 9624 9618 9627 9634 9634 9634 9637 9639 9644 9650 9661 9681 9707 9732 9776 9800 9793 9781 9776 9777 9799 9795 9792 9784 9783 9808 9831 9852 9869 9890 9888 9885 9883 9885 9879 9872 9869 9878 9944 1.002e+004 9987 9943 9922 9908 9925 9930 9893 9864 9876 9911 9923 9896 9813 9785 9762 9744 9701 9722 9742 9769 9765 9755 9705 9660 9665 9677 9688 9694 9700 9722 9746 9768 9746 9710 9691 9682 9699
9595 9606 9608 9607 9618 9621 9614 9617 9624 9630 9631 9635 9637 9641 9646 9651 9669 9697 9723 9767 9785 9784 9778 9772 9773 9767 9778 9780 9783 9791 9812 9824 9826 9868 9900 9885 9877 9874 9868 9879 9874 9885 9906 9952 1.002e+004 1.002e+004 9971 9934 9899 9911 9903 9844 9785 9826 9877 9920 9904 9811 9787 9759 9723 9692 9680 9682 9697 9712 9705 9657 9629 9642 9659 9672 9682 9693 9705 9717 9716 9704 9688 9679 9672 9711
9579 9591 9592 9597 9607 9613 9612 9609 9614 9617 9621 9626 9634 9641 9648 9652 9668 9694 9731 9746 9760 9762 9762 9768 9757 9777 9787 9773 9758 9765 9774 9782 9808 9848 9874 9863 9817 9799 9830 9837 9864 9902 9944 9959 9980 9992 9973 9952 9933 9925 9895 9824 9755 9798 9864 9898 9902 9879 9833 9779 9729 9712 9682 9660 9665 9662 9640 9601 9610 9627 9650 9668 9684 9693 9706 9704 9684 9674 9670 9675 9678 9685
9564 9592 9605 9604 9599 9615 9632 9617 9612 9615 9621 9626 9633 9641 9651 9667 9673 9683 9691 9713 9723 9733 9733 9727 9711 9764 9787 9770 9744 9753 9766 9778 9794 9827 9858 9861 9846 9812 9819 9822 9849 9893 9889 9887 9924 9950 9959 9961 9972 9965 9923 9840 9776 9810 9875 9873 9845 9879 9853 9805 9758 9734 9694 9650 9656 9628 9605 9588 9600 9627 9651 9672 9695 9732 9722 9709 9698 9680 9675 9677 9690 9685
9567 9582 9596 9599 9593 9606 9625 9609 9609 9613 9618 9624 9631 9639 9650 9665 9668 9674 9682 9685 9687 9695 9694 9679 9674 9729 9765 9775 9776 9763 9764 9775 9775 9803 9833 9860 9901 9893 9835 9812 9825 9844 9800 9815 9892 9936 9941 9945 9948 9930 9900 9852 9818 9830 9858 9869 9899 9872 9842 9812 9779 9713 9666 9643 9612 9604 9587 9627 9641 9639 9652 9669 9688 9710 9708 9702 9700 9676 9665 9668 9672 9663
9575 9578 9586 9594 9588 9593 9591 9602 9609 9614 9619 9625 9630 9634 9641 9650 9656 9665 9677 9673 9668 9672 9658 9643 9657 9721 9767 9774 9772 9759 9748 9742 9742 9780 9820 9841 9836 9837 9825 9804 9805 9822 9769 9813 9866 9899 9908 9907 9899 9886 9867 9856 9858 9854 9833 9835 9844 9836 9819 9771 9725 9686 9703 9691 9642 9614 9621 9687 9691 9657 9649 9655 9668 9679 9679 9672 9668 9649 9636 9654 9674 9658
9581 9585 9585 9585 9594 9594 9592 9607 9620 9630 9633 9633 9632 9630 9627 9631 9643 9654 9659 9665 9670 9670 9648 9645 9675 9722 9757 9758 9751 9739 9720 9694 9706 9764 9826 9843 9815 9818 9819 9807 9794 9772 9741 9787 9842 9866 9870 9863 9854 9851 9845 9843 9840 9814 9788 9784 9762 9774 9774 9720 9675 9655 9702 9715 9664 9637 9625 9650 9655 9635 9627 9631 9638 9649 9641 9624 9615 9624 9637 9642 9649 9646
9581 9585 9589 9593 9591 9596 9619 9634 9644 9645 9643 9638 9633 9627 9622 9623 9638 9652 9663 9660 9659 9662 9681 9696 9705 9721 9735 9733 9724 9719 9700 9674 9691 9752 9818 9842 9820 9823 9827 9825 9805 9759 9738 9765 9821 9835 9832 9822 9799 9772 9803 9818 9800 9762 9755 9762 9755 9749 9732 9697 9661 9645 9710 9692 9652 9623 9583 9588 9595 9589 9598 9603 9607 9609 9603 9594 9594 9605 9609 9623 9632 9627
9580 9587 9595 9603 9599 9607 9629 9667 9664 9654 9646 9639 9633 9629 9626 9628 9638 9652 9664 9662 9662 9673 9685 9710 9718 9717 9715 9723 9723 9709 9694 9673 9686 9742 9795 9828 9842 9837 9840 9847 9843 9796 9746 9761 9784 9803 9804 9794 9774 9749 9788 9807 9785 9755 9755 9765 9777 9763 9705 9683 9651 9635 9666 9673 9642 9603 9574 9592 9579 9574 9576 9580 9578 9575 9575 9593 9599 9597 9597 9604 9609 9599
9585 9593 9600 9606 9609 9616 9630 9661 9666 9660 9649 9643 9636 9632 9629 9632 9638 9645 9657 9663 9666 9666 9668 9692 9707 9712 9712 9714 9716 9707 9696 9697 9700 9741 9784 9813 9837 9839 9840 9847 9864 9814 9765 9756 9777 9785 9787 9784 9779 9786 9796 9798 9784 9782 9774 9773 9782 9767 9694 9668 9635 9602 9598 9614 9627 9592 9563 9560 9558 9561 9555 9557 9557 9559 9567 9594 9598 9590 9588 9588 9582 9575
9586 9594 9601 9611 9617 9611 9622 9644 9657 9655 9649 9640 9635 9633 9634 9637 9642 9643 9655 9665 9671 9672 9663 9682 9701 9713 9720 9729 9721 9707 9693 9685 9704 9748 9791 9826 9831 9830 9823 9812 9783 9760 9749 9750 9768 9774 9775 9777 9782 9799 9788 9767 9776 9783 9774 9761 9745 9712 9680 9640 9610 9580 9580 9622 9642 9605 9566 9552 9539 9526 9538 9545 9548 9553 9565 9578 9580 9573 9563 9556 9560 9564
9583 9590 9598 9602 9604 9610 9612 9655 9649 9644 9639 9635 9633 9633 9637 9640 9646 9660 9662 9665 9672 9673 9653 9675 9700 9719 9737 9741 9727 9709 9694 9694 9724 9761 9798 9827 9826 9818 9804 9782 9749 9735 9750 9746 9757 9762 9764 9767 9768 9767 9761 9755 9766 9775 9760 9740 9715 9683 9674 9640 9602 9577 9588 9633 9643 9610 9567 9547 9534 9533 9536 9541 9545 9548 9553 9552 9555 9554 9548 9545 9550 9558
9588 9589 9594 9600 9602 9607 9620 9644 9635 9631 9628 9626 9624 9625 9630 9633 9638 9645 9653 9660 9665 9664 9660 9684 9707 9727 9743 9752 9727 9704 9694 9708 9748 9768 9794 9820 9820 9805 9788 9768 9746 9725 9733 9730 9752 9753 9754 9755 9756 9750 9749 9755 9757 9747 9739 9725 9700 9676 9667 9644 9603 9579 9592 9610 9607 9605 9562 9528 9530 9531 9535 9539 9541 9541 9535 9528 9537 9542 9543 9544 9548 9556
9581 9584 9590 9595 9598 9614 9633 9630 9622 9621 9618 9615 9613 9612 9612 9620 9622 9621 9640 9652 9658 9659 9671 9697 9712 9728 9741 9742 9715 9692 9680 9693 9730 9753 9773 9800 9806 9792 9777 9758 9733 9708 9703 9722 9731 9736 9742 9744 9745 9747 9755 9759 9756 9747 9739 9721 9699 9671 9659 9649 9618 9590 9599 9605 9586 9587 9552 9537 9536 9537 9538 9540 9541 9540 9535 9533 9535 9537 9540 9546 9552 9558
