real_craters/C198-750m.grd
DSAA
274 274
-102.445 102.445
-102.445 102.445
7149.438498403 10781.220348397
[rows 180 to 215 of 274, columns 164 to 245 of 274]
9892 9881 9826 9851 9865 9802 9818 9812 9770 9793 9795 9778 9800 9783 9780 9787 9791 9797 9802 9804 9799 9808 9822 9841 9839 9838 9838 9830 9837 9833 9830 9830 9811 9803 9792 9792 9788 9789 9787 9773 9763 9755 9749 9742 9734 9705 9673 9656 9616 9654 9716 9762 9751 9744 9737 9739 9738 9742 9758 9794 9818 9841 9848 9837 9825 9835 9845 9869 9874 9871 9866 9854 9859 9862 9841 9840 9852 9884 9878 9875 9879 9868
9912 9912 9895 9892 9898 9917 9887 9865 9745 9736 9716 9718 9708 9736 9757 9773 9786 9797 9808 9820 9842 9824 9831 9852 9856 9856 9856 9865 9845 9830 9814 9801 9794 9786 9781 9784 9780 9782 9778 9767 9757 9750 9745 9743 9744 9740 9699 9674 9615 9652 9704 9740 9755 9765 9775 9759 9744 9736 9755 9780 9813 9841 9851 9849 9845 9849 9848 9873 9889 9894 9907 9889 9858 9840 9826 9823 9806 9799 9840 9852 9847 9847
9922 9913 9912 9927 9954 9982 9893 9774 9756 9741 9719 9702 9691 9718 9747 9766 9781 9795 9803 9816 9826 9835 9842 9847 9866 9876 9879 9871 9854 9826 9798 9777 9767 9766 9766 9765 9767 9756 9753 9756 9753 9747 9740 9736 9739 9746 9735 9741 9699 9686 9721 9750 9764 9761 9761 9748 9759 9751 9751 9777 9808 9831 9846 9862 9884 9872 9863 9866 9880 9894 9897 9875 9846 9832 9833 9832 9843 9814 9810 9826 9829 9836
9924 9894 9876 9903 9956 9938 9872 9800 9812 9787 9744 9724 9725 9733 9750 9766 9776 9789 9803 9816 9828 9849 9868 9873 9883 9893 9900 9890 9866 9821 9770 9745 9742 9746 9750 9754 9754 9752 9747 9751 9747 9740 9730 9720 9709 9705 9717 9732 9716 9715 9740 9782 9771 9744 9700 9728 9753 9768 9776 9786 9812 9838 9849 9866 9885 9876 9851 9841 9860 9880 9886 9851 9837 9842 9844 9842 9839 9829 9803 9825 9832 9844
9957 9890 9866 9867 9859 9881 9857 9836 9835 9806 9749 9752 9751 9755 9761 9770 9779 9790 9802 9818 9835 9853 9873 9891 9894 9904 9917 9928 9890 9817 9743 9713 9719 9728 9738 9749 9760 9764 9758 9752 9744 9734 9721 9706 9685 9677 9684 9701 9698 9716 9725 9722 9729 9753 9775 9784 9752 9737 9770 9803 9823 9836 9854 9870 9879 9874 9859 9839 9856 9863 9870 9856 9851 9829 9859 9849 9851 9864 9864 9850 9841 9853
9954 9933 9871 9844 9841 9851 9849 9832 9820 9833 9825 9807 9789 9779 9778 9779 9785 9792 9799 9813 9831 9850 9869 9880 9889 9902 9918 9929 9891 9811 9739 9708 9707 9716 9731 9750 9768 9786 9771 9755 9741 9728 9716 9701 9683 9677 9682 9684 9706 9720 9706 9677 9698 9761 9844 9843 9767 9719 9762 9805 9833 9869 9867 9878 9874 9868 9846 9828 9838 9835 9836 9856 9870 9882 9881 9871 9878 9897 9905 9876 9854 9866
9953 9978 9903 9854 9848 9855 9850 9819 9829 9847 9831 9816 9807 9796 9791 9790 9790 9793 9796 9801 9819 9844 9868 9854 9872 9888 9900 9895 9856 9794 9735 9704 9697 9706 9725 9746 9770 9784 9769 9752 9738 9725 9715 9706 9705 9699 9700 9707 9729 9736 9711 9682 9692 9750 9800 9805 9776 9759 9763 9796 9829 9849 9867 9854 9858 9860 9839 9811 9803 9809 9821 9852 9885 9894 9881 9874 9894 9928 9923 9893 9863 9883
9895 9904 9914 9893 9866 9859 9862 9861 9835 9833 9798 9793 9802 9797 9792 9794 9797 9800 9799 9791 9810 9828 9831 9839 9861 9875 9878 9862 9821 9769 9714 9692 9688 9697 9713 9733 9763 9780 9759 9742 9728 9718 9710 9708 9713 9715 9721 9735 9750 9753 9730 9706 9708 9745 9766 9766 9774 9760 9756 9791 9820 9841 9828 9819 9832 9825 9815 9799 9784 9798 9817 9844 9872 9884 9876 9896 9899 9897 9937 9908 9884 9910
9887 9888 9880 9888 9915 9944 9857 9796 9765 9800 9782 9803 9798 9794 9794 9791 9798 9808 9816 9817 9828 9830 9814 9841 9860 9867 9865 9852 9820 9749 9682 9677 9683 9693 9702 9712 9727 9735 9732 9726 9719 9712 9705 9702 9710 9717 9731 9765 9766 9764 9755 9751 9758 9770 9772 9772 9780 9786 9811 9809 9823 9831 9830 9853 9812 9788 9774 9779 9791 9807 9821 9853 9875 9880 9871 9887 9911 9930 9906 9934 9953 9950
9846 9885 9847 9862 9911 9899 9830 9821 9776 9756 9761 9757 9776 9784 9792 9798 9798 9807 9824 9858 9851 9861 9898 9882 9873 9869 9861 9844 9815 9745 9686 9678 9681 9686 9690 9692 9688 9690 9706 9712 9712 9709 9703 9692 9680 9709 9736 9766 9765 9764 9777 9796 9815 9811 9804 9803 9798 9799 9813 9827 9832 9830 9822 9801 9787 9778 9769 9785 9813 9831 9848 9866 9878 9876 9878 9903 9926 9944 9963 9954 9958 9981
9801 9836 9827 9829 9874 9922 9835 9827 9795 9777 9760 9739 9761 9772 9779 9782 9788 9795 9805 9813 9847 9870 9885 9895 9887 9877 9864 9842 9808 9760 9713 9690 9684 9684 9685 9685 9684 9688 9697 9707 9712 9713 9710 9700 9689 9713 9740 9733 9765 9775 9799 9828 9855 9844 9829 9814 9818 9825 9842 9850 9844 9838 9826 9796 9773 9758 9773 9798 9829 9849 9852 9854 9870 9886 9904 9919 9943 9967 9980 9989 9983 1e+004
9841 9834 9843 9929 1e+004 9933 9852 9838 9806 9781 9784 9770 9769 9776 9777 9777 9777 9781 9795 9822 9845 9877 9894 9893 9894 9885 9868 9844 9807 9766 9725 9698 9686 9683 9685 9686 9681 9687 9699 9707 9714 9720 9726 9737 9743 9732 9727 9761 9778 9793 9821 9845 9856 9859 9847 9835 9835 9843 9860 9862 9856 9851 9847 9820 9776 9770 9794 9802 9817 9829 9854 9861 9876 9896 9910 9924 9940 9966 9988 1.001e+004 1.001e+004 1.003e+004
9838 9811 9881 9971 1.002e+004 9951 9920 9857 9829 9805 9815 9818 9791 9779 9773 9773 9773 9772 9768 9788 9835 9882 9909 9903 9905 9890 9869 9846 9821 9767 9718 9699 9691 9689 9692 9699 9709 9706 9708 9715 9723 9731 9741 9756 9764 9753 9749 9756 9783 9818 9838 9854 9874 9870 9857 9845 9841 9842 9846 9854 9856 9855 9849 9829 9780 9769 9778 9796 9804 9811 9837 9859 9880 9900 9916 9923 9927 9928 9947 9971 9997 1.003e+004
9789 9771 9836 9971 1.007e+004 9989 9965 9899 9811 9783 9808 9812 9798 9785 9776 9773 9775 9777 9775 9788 9824 9863 9904 9939 9916 9888 9861 9839 9817 9757 9707 9695 9691 9692 9696 9705 9722 9717 9718 9725 9733 9740 9747 9751 9755 9759 9771 9771 9787 9808 9829 9853 9866 9869 9861 9848 9836 9830 9833 9849 9855 9854 9850 9827 9800 9776 9784 9802 9815 9826 9843 9858 9877 9892 9911 9917 9917 9918 9931 9919 9968 1.002e+004
9757 9765 9820 9923 9956 9874 9911 9892 9807 9774 9812 9806 9792 9784 9777 9777 9781 9788 9798 9804 9814 9825 9873 9920 9906 9875 9849 9821 9786 9729 9695 9685 9685 9689 9694 9698 9699 9714 9723 9731 9741 9749 9755 9759 9762 9760 9757 9780 9798 9816 9830 9856 9873 9879 9866 9852 9838 9832 9837 9853 9854 9849 9846 9837 9814 9806 9809 9823 9838 9852 9858 9865 9879 9884 9884 9876 9885 9891 9904 9908 9956 1.003e+004
9752 9773 9798 9817 9795 9809 9818 9861 9816 9795 9829 9813 9795 9777 9773 9774 9781 9793 9815 9814 9811 9804 9836 9870 9856 9837 9818 9794 9752 9708 9691 9686 9690 9697 9702 9701 9704 9719 9732 9742 9751 9760 9768 9773 9780 9783 9793 9807 9823 9838 9859 9858 9871 9880 9866 9857 9852 9845 9849 9863 9852 9838 9826 9814 9812 9815 9830 9843 9858 9864 9874 9878 9876 9869 9813 9811 9851 9880 9905 9921 9990 1.006e+004
9745 9772 9780 9767 9760 9814 9862 9860 9819 9824 9828 9795 9766 9753 9754 9763 9775 9788 9805 9813 9822 9829 9813 9789 9785 9790 9788 9782 9770 9705 9684 9690 9698 9706 9714 9716 9722 9731 9742 9751 9762 9772 9782 9796 9801 9813 9824 9833 9846 9845 9833 9841 9847 9842 9854 9860 9871 9863 9858 9865 9838 9822 9808 9801 9820 9829 9842 9861 9870 9866 9873 9876 9866 9850 9835 9838 9849 9908 9985 1.004e+004 1.007e+004 1.011e+004
9739 9771 9772 9756 9757 9845 9840 9767 9783 9807 9804 9761 9715 9723 9734 9746 9760 9774 9785 9806 9822 9827 9798 9761 9748 9754 9758 9761 9765 9726 9700 9701 9707 9719 9729 9736 9743 9746 9753 9761 9769 9779 9793 9801 9811 9818 9811 9836 9861 9847 9827 9834 9836 9832 9835 9849 9864 9859 9835 9806 9807 9806 9807 9819 9841 9845 9863 9876 9877 9858 9839 9847 9862 9869 9856 9862 9895 9974 1.002e+004 1.013e+004 1.015e+004 1.015e+004
9740 9745 9748 9736 9733 9736 9720 9709 9739 9776 9801 9764 9717 9715 9725 9736 9748 9763 9781 9795 9808 9809 9778 9746 9727 9724 9729 9735 9734 9741 9717 9710 9716 9728 9742 9753 9759 9761 9766 9771 9778 9785 9797 9814 9810 9818 9812 9825 9837 9849 9863 9852 9828 9801 9810 9821 9820 9828 9803 9782 9783 9792 9804 9825 9850 9840 9856 9868 9865 9831 9808 9822 9833 9846 9857 9884 9979 1.004e+004 1.001e+004 1.003e+004 1.014e+004 1.016e+004
9754 9747 9735 9709 9684 9676 9681 9689 9711 9754 9815 9777 9727 9713 9713 9724 9738 9749 9761 9780 9795 9788 9758 9724 9701 9704 9711 9718 9717 9704 9699 9704 9714 9728 9746 9763 9770 9770 9775 9780 9785 9788 9783 9781 9795 9795 9807 9813 9824 9846 9864 9859 9833 9807 9803 9807 9802 9796 9781 9764 9768 9780 9795 9816 9832 9826 9835 9842 9834 9804 9801 9809 9818 9836 9865 9890 9966 1.006e+004 1.01e+004 1.003e+004 1.013e+004 1.016e+004
9772 9752 9731 9697 9662 9659 9677 9691 9688 9710 9745 9750 9724 9701 9703 9716 9734 9746 9752 9763 9777 9772 9734 9704 9690 9688 9696 9702 9704 9693 9694 9708 9720 9734 9750 9773 9772 9775 9780 9786 9791 9794 9791 9791 9794 9784 9787 9805 9822 9842 9865 9867 9843 9817 9808 9813 9815 9805 9781 9773 9769 9774 9782 9788 9815 9822 9827 9834 9833 9815 9800 9812 9835 9861 9893 9934 9986 1.006e+004 1.009e+004 1.011e+004 1.011e+004 1.014e+004
9785 9781 9720 9690 9672 9653 9645 9667 9668 9674 9715 9728 9681 9670 9684 9704 9729 9756 9750 9732 9718 9714 9702 9686 9668 9684 9697 9703 9705 9701 9700 9708 9720 9731 9739 9742 9760 9772 9780 9788 9798 9807 9816 9823 9824 9816 9809 9810 9812 9828 9861 9872 9846 9820 9810 9817 9813 9804 9787 9783 9767 9772 9774 9772 9781 9807 9830 9844 9836 9825 9817 9831 9852 9883 9924 9980 1e+004 1.006e+004 1.007e+004 1.008e+004 1.01e+004 1.014e+004
9758 9738 9682 9685 9691 9702 9648 9629 9642 9640 9669 9679 9652 9648 9665 9687 9709 9731 9720 9689 9658 9663 9678 9685 9690 9704 9709 9708 9709 9705 9707 9709 9717 9725 9729 9728 9750 9763 9776 9790 9806 9822 9838 9854 9871 9867 9838 9821 9812 9820 9843 9860 9840 9826 9818 9818 9817 9810 9797 9782 9781 9778 9775 9776 9787 9807 9830 9846 9836 9829 9843 9862 9874 9909 9944 9975 1.001e+004 1.006e+004 1.009e+004 1.011e+004 1.013e+004 1.016e+004
9699 9682 9684 9688 9691 9694 9684 9646 9641 9638 9631 9626 9628 9631 9646 9663 9677 9680 9676 9655 9629 9642 9668 9695 9731 9731 9724 9723 9719 9713 9701 9716 9722 9726 9727 9737 9746 9760 9776 9791 9810 9829 9850 9871 9891 9893 9853 9831 9818 9816 9821 9809 9829 9834 9829 9806 9822 9829 9802 9788 9789 9784 9778 9778 9786 9808 9827 9844 9843 9843 9858 9883 9919 9934 9961 9977 1.001e+004 1.009e+004 1.011e+004 1.015e+004 1.017e+004 1.019e+004
9685 9683 9706 9694 9688 9682 9696 9676 9676 9669 9640 9626 9621 9621 9631 9642 9650 9654 9651 9641 9634 9646 9671 9698 9719 9724 9726 9731 9743 9732 9745 9729 9727 9728 9728 9735 9748 9761 9772 9787 9802 9826 9865 9871 9873 9846 9841 9837 9834 9840 9827 9834 9832 9842 9858 9811 9813 9804 9796 9784 9787 9785 9782 9781 9794 9808 9819 9825 9834 9839 9854 9880 9899 9944 9988 1.003e+004 1.004e+004 1.01e+004 1.014e+004 1.019e+004 1.021e+004 1.021e+004
9662 9677 9691 9696 9691 9683 9696 9692 9698 9702 9650 9633 9625 9623 9619 9628 9637 9645 9645 9646 9645 9662 9680 9696 9705 9713 9720 9716 9714 9724 9725 9726 9729 9732 9736 9743 9754 9766 9774 9785 9796 9806 9818 9853 9877 9847 9848 9846 9840 9829 9825 9825 9822 9823 9822 9819 9798 9793 9796 9797 9801 9788 9786 9791 9800 9810 9815 9825 9838 9845 9857 9867 9890 9953 1.001e+004 1.006e+004 1.008e+004 1.013e+004 1.018e+004 1.022e+004 1.023e+004 1.022e+004
9653 9677 9704 9709 9690 9665 9690 9679 9675 9697 9641 9640 9624 9600 9607 9616 9620 9629 9643 9654 9668 9678 9693 9706 9719 9728 9725 9717 9715 9721 9719 9726 9731 9737 9746 9754 9762 9770 9780 9788 9793 9793 9796 9839 9877 9902 9868 9856 9849 9829 9830 9813 9803 9799 9790 9784 9779 9791 9800 9808 9810 9796 9789 9790 9809 9813 9816 9823 9846 9864 9875 9886 9912 9977 1.004e+004 1.01e+004 1.014e+004 1.019e+004 1.022e+004 1.022e+004 1.02e+004 1.02e+004
9652 9683 9720 9720 9698 9680 9687 9658 9639 9662 9630 9628 9627 9607 9608 9611 9614 9625 9645 9661 9675 9690 9702 9713 9724 9731 9741 9737 9734 9733 9738 9730 9730 9742 9754 9762 9771 9779 9792 9794 9800 9804 9816 9841 9858 9864 9868 9864 9865 9883 9852 9810 9792 9790 9780 9779 9783 9785 9796 9810 9817 9809 9794 9785 9798 9803 9819 9836 9850 9868 9892 9915 9950 1.001e+004 1.008e+004 1.016e+004 1.02e+004 1.022e+004 1.024e+004 1.021e+004 1.018e+004 1.017e+004
9652 9678 9704 9709 9695 9661 9648 9654 9621 9609 9575 9604 9637 9619 9615 9607 9616 9633 9653 9677 9694 9705 9714 9725 9736 9751 9767 9782 9771 9747 9715 9706 9729 9743 9753 9766 9780 9792 9801 9811 9821 9829 9841 9858 9872 9863 9863 9862 9860 9858 9839 9813 9799 9796 9794 9789 9793 9796 9804 9814 9822 9822 9801 9791 9801 9805 9818 9853 9866 9868 9908 9953 9988 1.004e+004 1.009e+004 1.014e+004 1.019e+004 1.022e+004 1.021e+004 1.019e+004 1.017e+004 1.015e+004
9635 9657 9685 9694 9666 9642 9634 9653 9648 9578 9521 9536 9580 9617 9605 9587 9577 9602 9646 9687 9707 9710 9716 9730 9744 9753 9781 9826 9800 9767 9744 9740 9749 9751 9745 9769 9788 9804 9816 9828 9841 9854 9863 9872 9881 9867 9859 9852 9845 9833 9820 9813 9811 9809 9808 9799 9799 9805 9813 9822 9827 9821 9802 9789 9797 9819 9831 9858 9875 9873 9932 9986 1.004e+004 1.007e+004 1.01e+004 1.015e+004 1.018e+004 1.021e+004 1.018e+004 1.017e+004 1.015e+004 1.014e+004
9601 9622 9644 9655 9646 9634 9626 9615 9596 9555 9502 9461 9471 9528 9563 9574 9557 9580 9626 9681 9697 9703 9717 9733 9751 9768 9776 9763 9785 9781 9776 9776 9777 9779 9778 9789 9803 9815 9830 9844 9857 9863 9869 9868 9871 9863 9850 9840 9831 9820 9811 9808 9811 9817 9828 9817 9816 9822 9829 9833 9835 9828 9818 9807 9810 9821 9833 9836 9899 9947 9975 1.003e+004 1.009e+004 1.009e+004 1.008e+004 1.01e+004 1.016e+004 1.017e+004 1.015e+004 1.015e+004 1.013e+004 1.013e+004
9577 9592 9596 9592 9627 9619 9606 9595 9580 9547 9502 9476 9505 9583 9623 9586 9566 9568 9594 9620 9657 9685 9705 9728 9754 9785 9792 9773 9787 9790 9791 9795 9801 9809 9813 9812 9816 9828 9842 9859 9875 9882 9878 9866 9848 9842 9838 9831 9821 9810 9804 9801 9806 9821 9826 9837 9841 9848 9846 9849 9840 9840 9844 9832 9838 9851 9847 9859 9909 9964 9998 1.005e+004 1.01e+004 1.01e+004 1.01e+004 1.011e+004 1.012e+004 1.012e+004 1.014e+004 1.014e+004 1.013e+004 1.012e+004
9586 9592 9569 9549 9568 9586 9589 9584 9570 9542 9500 9495 9557 9615 9643 9589 9539 9554 9569 9577 9623 9662 9694 9721 9746 9777 9804 9826 9804 9797 9797 9803 9813 9826 9834 9826 9827 9836 9849 9867 9890 9919 9893 9871 9840 9834 9834 9830 9822 9810 9796 9810 9824 9836 9847 9861 9872 9878 9886 9876 9865 9866 9864 9874 9883 9888 9854 9897 9940 9973 1.001e+004 1.004e+004 1.009e+004 1.01e+004 1.011e+004 1.011e+004 1.011e+004 1.01e+004 1.012e+004 1.012e+004 1.012e+004 1.011e+004
9576 9578 9561 9546 9546 9557 9564 9576 9568 9513 9480 9473 9559 9586 9599 9577 9555 9560 9572 9588 9617 9649 9682 9711 9735 9755 9782 9805 9794 9787 9786 9795 9800 9814 9824 9822 9826 9835 9847 9862 9878 9886 9884 9869 9853 9843 9841 9839 9835 9831 9834 9835 9844 9859 9876 9892 9901 9906 9909 9907 9901 9907 9900 9882 9897 9922 9923 9929 9947 9984 1.004e+004 1.007e+004 1.009e+004 1.01e+004 1.01e+004 1.011e+004 1.011e+004 1.011e+004 1.011e+004 1.011e+004 1.011e+004 1.01e+004
9563 9563 9558 9551 9544 9539 9533 9530 9531 9493 9458 9428 9455 9516 9547 9559 9570 9573 9584 9603 9625 9648 9674 9697 9722 9739 9759 9774 9769 9764 9762 9761 9763 9766 9785 9803 9815 9828 9840 9851 9858 9863 9869 9870 9861 9855 9852 9852 9853 9853 9853 9859 9867 9878 9890 9905 9917 9920 9927 9928 9929 9948 9933 9899 9908 9926 9947 9969 9961 1.001e+004 1.006e+004 1.01e+004 1.01e+004 1.012e+004 1.014e+004 1.013e+004 1.012e+004 1.01e+004 1.011e+004 1.011e+004 1.011e+004 1.011e+004
9563 9564 9558 9548 9540 9531 9521 9520 9514 9495 9462 9426 9445 9493 9522 9540 9560 9584 9599 9613 9633 9653 9675 9697 9718 9731 9734 9726 9728 9731 9733 9729 9732 9737 9759 9785 9804 9819 9831 9841 9847 9853 9860 9868 9870 9867 9868 9871 9874 9877 9879 9884 9890 9896 9904 9915 9922 9912 9914 9922 9934 9947 9939 9935 9931 9926 9945 9999 9994 1.005e+004 1.007e+004 1.009e+004 1.011e+004 1.012e+004 1.012e+004 1.011e+004 1.008e+004 1.012e+004 1.013e+004 1.014e+004 1.013e+004 1.013e+004
