real_craters/C198-1000m.grd
DSAA
118 118
-58.54 58.54
-58.54 58.54
2615.7248884832 5186.7132585326
[rows 30 to 59 of 118, columns 0 to 66 of 118]
4148.32 4174.91 4289.1 4271.75 4253.88 4238.77 4227.08 4225.07 4200.79 4195.88 4186.53 4202.62 4233.23 4193.24 4160.33 4147.85 4148.01 4150.94 4139.8 4141.1 4149.46 4161.87 4188.6 4223.05 4201.07 4175.08 4150.02 4208.22 4259.76 4254.86 4245.46 4242.52 4246 4261.7 4324.97 4381.79 4367.99 4351.58 4329.99 4311.95 4296.8 4280.54 4295.45 4322.14 4360.28 4438.89 4445.84 4450.39 4458.95 4504.85 4507.55 4551.9 4498.84 4425.25 4389.62 4405.61 4409.97 4415.59 4441.89 4485.38 4558.19 4643.41 4796.32 4774.3 4679.26 4604.6 4539.17
4163.39 4196.19 4275.42 4270.61 4242.94 4248.22 4215.19 4189.5 4189.04 4183.46 4177.53 4190.17 4191.38 4177.68 4156.98 4147.88 4170.77 4170.73 4189.08 4156.33 4188.27 4224.02 4254.95 4286.14 4271.75 4236.39 4220.36 4261.88 4326.11 4323.29 4252.14 4235.6 4262.58 4259.27 4297.47 4322.62 4355.74 4343.65 4332.44 4317.76 4303.44 4301.62 4327.2 4340.97 4384.79 4403.53 4422.83 4454.74 4510.52 4556.65 4570.89 4578.62 4534.41 4440.26 4379.87 4354.28 4324.68 4313.99 4336.17 4393.54 4494.41 4614.03 4684.73 4608.99 4506.3 4415.06 4362.34
4142.89 4188.15 4252.32 4269.56 4270.85 4265.7 4234.14 4197.31 4189.72 4194.75 4171.93 4186.3 4193.02 4171.62 4160.32 4167.02 4215.3 4235.72 4260.38 4266.47 4256.33 4252.39 4294.06 4329.93 4295.16 4287.95 4297.9 4326.27 4393.9 4389.28 4274.14 4298.23 4260.35 4271.65 4287.76 4314.06 4362.96 4350.31 4339.3 4324.2 4313.31 4305.66 4348.32 4360.43 4352.41 4361.62 4382.27 4403.48 4470.22 4411.9 4483.05 4569.99 4515.71 4449.14 4427.71 4314.84 4183.44 4134.41 4140.66 4191.24 4282.46 4378.11 4382.01 4344.7 4284.52 4226.05 4164.56
4214.27 4217.72 4221.4 4322.79 4309.68 4283.36 4252.2 4226.3 4214.99 4225.48 4215.87 4198.53 4170.2 4177.76 4178.5 4191.72 4257.4 4288.34 4325.57 4340.51 4327.8 4296.55 4301.38 4354.45 4313.49 4312.83 4316.37 4316.19 4426.49 4461.39 4348.71 4330.19 4292.07 4299.19 4300.53 4317.1 4379.03 4355.19 4343.3 4337.22 4336.15 4334.15 4360.74 4349.78 4360.19 4348.77 4296.95 4258.96 4194.62 4067.01 4038.55 4181.32 4290.1 4268.54 4131.25 3990.38 3935.21 3921.62 3926.7 3953.97 4005.4 4063.81 4034.48 4063.03 4068.73 4076.63 4131.66
4204.19 4255.71 4287.4 4309.52 4303.92 4298.1 4245.97 4231.61 4218.69 4249.73 4259.69 4232.31 4217.94 4211.17 4218.18 4234.74 4286.1 4355.21 4386.57 4414.14 4409.92 4399.1 4360.7 4326.58 4322.58 4313.1 4308.67 4325.69 4387.18 4350.36 4354.02 4318.45 4321.77 4306.55 4306.03 4314.73 4322.05 4340.28 4346.24 4347.28 4352.16 4365.12 4354.96 4335.37 4361.09 4298.07 4175.39 4091.48 3994.05 3860.9 3866.5 3854.51 3899.5 3779.29 3646.9 3599.72 3629.13 3653.63 3670.66 3671.98 3662.23 3636.64 3605.75 3754.7 3866.73 3942.45 4018.32
4164.32 4261.86 4301.63 4260.59 4262.86 4248.17 4253.12 4249.89 4260.17 4254.88 4255.92 4241.5 4242.47 4245.1 4263.42 4299.49 4341.72 4402.08 4421.79 4466.98 4458.11 4393.11 4346.58 4371.4 4259.7 4307.95 4317.07 4301.56 4327.14 4370.54 4332.24 4344.95 4294.95 4301.22 4298.09 4297.24 4299.43 4325.45 4349.03 4373.81 4379.96 4365.97 4361.3 4390.96 4376.25 4077.36 3969.91 3910.66 3872.79 3801.9 3689.28 3691.51 3599.56 3455.15 3345.51 3326.21 3366.2 3398.08 3413.67 3408.57 3374.61 3318.41 3356.59 3568.78 3682.18 3791.67 3892.75
4222.37 4206.84 4217.93 4217.04 4242.47 4278.44 4242.76 4228.16 4219.1 4231.19 4237.59 4241.86 4241.99 4258.64 4283.12 4327.42 4361.37 4377.45 4393.74 4399.3 4441.61 4396.65 4357.15 4351.52 4340.36 4317.6 4320.43 4306.5 4281.9 4305.17 4304.01 4301.44 4283.23 4286.12 4285.16 4283.74 4297.59 4330.83 4367.12 4401.17 4426.38 4445.72 4454.94 4497.02 4274.63 3845.32 3769.71 3760.87 3760.72 3744.48 3630.43 3547.53 3459.47 3331.55 3216.78 3201.46 3160.56 3175.12 3175.42 3160.47 3136.98 3113.51 3138.43 3328.06 3491.05 3633.87 3738
4149.49 4170.63 4191.35 4209.33 4227.41 4228.94 4216.85 4218.64 4219.45 4234.27 4241.2 4238.04 4249.04 4257.62 4269.2 4281.27 4286.06 4308.82 4345.75 4385.74 4358.97 4330.58 4301.56 4309.86 4308.56 4319.66 4320.39 4319.22 4287.27 4269.37 4275.4 4282.72 4274.89 4278.69 4284.69 4274.58 4288.59 4342.79 4383.95 4431.83 4475.2 4527.69 4467.92 4532.39 4139.57 3703.64 3619.63 3639.75 3682.9 3677.94 3637.9 3531.23 3445.49 3282.09 3143.34 2993.26 2989.07 2991.11 2993.78 2989.15 3000.61 2997.48 3022.35 3159.94 3311.73 3463.93 3618.43
4129.78 4155.73 4185.92 4207.91 4209.19 4210.67 4199.76 4211.6 4218.1 4244.43 4258.6 4256.32 4260.85 4256.92 4259.05 4254 4261.42 4277.05 4291.05 4290.74 4300.83 4335.46 4327.03 4295.17 4285.62 4310.9 4302.36 4259.9 4242.43 4257.46 4251.66 4252.31 4252.49 4272.28 4288.22 4330.1 4314.13 4362.41 4411.44 4463.87 4526.01 4525.43 4639.35 4359.2 3873.55 3577.72 3509.9 3533.91 3599.51 3633.14 3395.54 3335.14 3307.59 3181.19 3103.24 2929.35 2881.8 2887.42 2897.99 2907.77 2908.26 2921.04 2968.81 3034 3151.66 3269.6 3385.57
4088.23 4104.82 4145.05 4169.35 4181.86 4181.27 4209.91 4220.39 4222.69 4255.9 4271.67 4282.81 4243.66 4244.94 4247.4 4249.14 4259.92 4250.13 4255.17 4243.08 4275.28 4313.58 4322.91 4313.21 4294.02 4302.06 4292 4261.95 4268.93 4276.76 4270.45 4308.35 4286.24 4294.8 4297.19 4280.49 4341.64 4384.45 4448.39 4509.67 4581.75 4710.67 4571.61 4037.5 3651.22 3437.05 3379.31 3390.98 3402.27 3342.14 3141.7 3077.51 3010.83 2979.72 2897.87 2825.94 2796.37 2815.74 2840.15 2863.46 2869.63 2864.3 2880.52 2939.81 3017.47 3089.46 3123.21
4099.24 4081.78 4142.32 4154.42 4154.16 4177.98 4223.46 4221.37 4230.24 4242.94 4256.61 4228.06 4228.94 4228.45 4233.71 4243.97 4250.82 4252.59 4243.91 4249.58 4252.43 4293.22 4304.17 4274.92 4283.9 4270.75 4268.75 4270.64 4299.53 4301.73 4287.69 4285.13 4331.45 4348.54 4364.02 4350.34 4474.2 4445.18 4469.96 4492.05 4524.37 4454.63 4177.13 3743.75 3449.31 3287.09 3240.67 3241.81 3211.56 3112.24 2970.21 2923.13 2896.41 2818.41 2736.74 2712.21 2727.85 2776.43 2824.81 2866.49 2881.72 2852.83 2823.22 2862.9 2945.13 2989.3 2991.01
4084.78 4083.88 4095.33 4108.44 4112.4 4116.74 4170.55 4245.92 4232.63 4255.04 4262.37 4228.43 4220.41 4217.76 4220.86 4223.74 4227.42 4226.17 4235.65 4241.29 4237.2 4255.78 4277.74 4253.91 4277.52 4298.57 4282.48 4283.24 4300.29 4319.13 4284.48 4270.06 4339.4 4383.04 4433.66 4531.39 4507.42 4454.72 4435.88 4388.08 4354.25 4212.81 3829.96 3479.16 3260.62 3157.77 3130.08 3149.04 3159.49 3101.72 2930.86 2879.52 2777.88 2716.84 2660.93 2654.46 2687.81 2759.32 2833.5 2897.73 2943.31 2954.06 2914.96 2924.23 2978.65 2996.92 2963.37
4064.41 4054.81 4059.19 4069.74 4074.7 4072.49 4088.07 4162.93 4221.77 4240.83 4265.1 4240.83 4215.14 4207.37 4205.28 4204.58 4212.3 4219.08 4220.31 4219.69 4222.84 4227.16 4235.44 4231.41 4259.05 4286.39 4272.27 4277.89 4280.61 4291.09 4303.12 4304.88 4344.41 4396.05 4450.08 4481.03 4493.46 4530.52 4317.9 4172.21 4025.79 3832.85 3564.01 3289.07 3186.89 3089.26 3058.75 3089.38 3092.65 3037.43 2953.48 2847.92 2759.12 2682.36 2662.04 2660.73 2689.4 2761.12 2837.95 2923.72 3022.95 3119.04 3069.73 2995.32 3052.82 3087.91 3174.57
4037.38 4041.83 4019.06 4061.83 4072.36 4069.35 4081.74 4184.55 4220.32 4212.88 4262.66 4231.25 4204.68 4196.13 4194.66 4192.4 4192.44 4196.26 4197.11 4200.11 4192.69 4209.67 4223.22 4243.48 4245.15 4241.34 4250.17 4257.31 4267.09 4280.48 4313.49 4323.99 4322.7 4410.1 4467.44 4480.54 4441.69 4261.87 4096.31 3920.48 3707.82 3522.44 3355.37 3180.88 3101.37 3021.72 3014.73 3053.05 3056.43 2927.45 2899.38 2877.33 2780.51 2709.55 2708.4 2701.4 2716.15 2772.24 2865.57 2959.08 3057.93 3162.38 3131.28 3121.56 3078.15 3086.64 3168.2
4042.09 4049.16 4101.58 4088.98 4087.21 4095.63 4117.87 4152.46 4210.05 4210.38 4220.18 4198.05 4190.95 4188.47 4188.08 4190.83 4187.25 4177.51 4184.19 4189.11 4214.4 4240.58 4240.53 4241.71 4231.63 4226.81 4245.05 4266.23 4303.46 4294.45 4345.02 4316.03 4378.52 4455.02 4518.6 4509.98 4391.63 4202.95 3927.33 3707.6 3490.13 3346.57 3248.77 3144.67 3067.71 2987.18 2971.97 3086.25 3136.21 2955.21 2933.14 2936.13 2971.09 2848.24 2778.86 2728.64 2735.36 2802.68 2874.62 2950.81 3028.55 3070.78 3039.03 2953.73 2970.78 2959.32 2919
4072.28 4117.33 4111.95 4102.81 4098.44 4104.33 4117.67 4133.94 4163.3 4174.84 4176.75 4175.12 4175.94 4175.83 4178.42 4179.67 4176.41 4169.57 4172.68 4180.7 4218.97 4223.62 4242.44 4254.93 4273.61 4278.19 4238.96 4246.11 4265.86 4317.78 4357.3 4362.61 4390.38 4470.25 4556.05 4523.87 4350.23 4099.48 3829.92 3567.22 3327.63 3224.37 3203.34 3124.2 3230 3104.14 3035.12 3174.87 3287.05 3108.78 2973.71 2953.12 2970.78 3011.66 2934.35 2890.9 2869.92 2859.7 2894.64 2939.42 2978.8 2956.71 2937.73 2874.19 2849.42 2849.56 2846.31
4075.95 4077.1 4085.76 4089.27 4084.87 4088.02 4105.93 4136.92 4172.15 4178.6 4177.57 4169.47 4166.47 4168.55 4169.67 4171.29 4177.33 4188.16 4180 4189.62 4189.57 4262.36 4248.04 4236.28 4228.91 4235.08 4214.76 4218.19 4253.85 4305.02 4330.38 4340.07 4377.74 4495.25 4636.11 4583.15 4372.05 4098.42 3823.19 3503.18 3225.19 3159.12 3161.21 3240.09 3276.38 3111.38 3118.97 3217.35 3276.74 3192.69 3088.7 3017.96 3028.28 3139.59 3046.63 2956.35 2907.8 2895.62 2895.21 2910.23 2917.8 2900.36 2854.98 2796.41 2766.88 2780.01 2807.27
4070.6 4057.33 4064.14 4077.28 4082.36 4079.88 4096.45 4167.61 4171.38 4173.14 4169.98 4155.2 4154.09 4158.13 4163.24 4163.62 4175.67 4188.92 4192.4 4201.4 4222.27 4237.2 4246.28 4247.57 4247.14 4240.83 4232.93 4244.63 4273.13 4341.16 4381.04 4466.69 4495.83 4654.36 4744.24 4642.39 4413.47 4197.99 3887.28 3472.28 3178.38 3153.84 3225.99 3209.87 3178.83 3077.57 3111.71 3223.38 3224.75 3175.23 3166.73 3120.48 3127.53 3148.3 3057.4 2963.42 2957.62 2912.88 2883.09 2876.18 2866.66 2841.78 2792.26 2749.92 2739.76 2748.71 2782.53
4080.27 4089.73 4079.48 4082.86 4088.44 4103.89 4129.48 4129.53 4125.6 4142.18 4142.83 4128.23 4139.03 4149.52 4160.89 4172.66 4185.52 4205.7 4184.55 4204.11 4239.71 4253.93 4249.55 4260.96 4253.3 4246.8 4248.42 4317.18 4364.88 4460.5 4508.21 4547.51 4633.88 4788.05 4904.3 4700.16 4377.09 4035.98 3702.96 3422.44 3184.91 3153.72 3189.03 3092.17 3044.47 3071.82 3289.1 3235.68 3162.71 3128.94 3098.68 3063.99 3057.17 3055.32 3027.7 2974.12 2907.82 2870.13 2867.88 2854.8 2829.58 2796.51 2753.71 2718.03 2703.33 2718.35 2737.39
4089.86 4097.55 4096.84 4093.57 4095.47 4093.06 4099.03 4097.32 4098.66 4120.06 4122.68 4121.76 4133.63 4145.89 4159.88 4180.94 4187.52 4190.92 4195.68 4244 4293.29 4308.08 4311.36 4281.5 4298.81 4296.31 4299.05 4447.66 4613.99 4586.02 4489.85 4339.99 4481.53 4784.69 4829.38 4631.53 4272.99 3889.77 3631.39 3408.85 3234.95 3161.22 3098.6 3057.24 3031.59 3173.37 3214.04 3153.82 3085.68 3061.94 3037.3 3028.02 3017.33 3023.71 3006.16 2958.75 2918.45 2886.93 2876.27 2857.12 2817.86 2782.51 2744.39 2704.65 2673.4 2672.45 2682.19
4088.46 4088.33 4094.77 4093.91 4097.83 4105.24 4083.91 4092.77 4100.94 4117.11 4122.97 4120.91 4127.18 4138.27 4151.75 4167.24 4184.01 4205.74 4206.43 4192.84 4292.67 4295.31 4303.36 4289.59 4287.48 4326.81 4403.98 4545.86 4621.61 4391.79 4324.72 4313.74 4343.53 4694.5 4780.97 4530.58 4172.83 3813.08 3520.96 3381.25 3283.09 3221.79 3145.06 3080.98 3039.64 3063.18 3096.29 3023.37 2978.18 2993.99 2999.38 2989.66 2988.75 2994.72 3001.04 2986.83 2950.65 2913.33 2907.02 2896.25 2855.34 2816.26 2781.91 2739.22 2701.37 2660.16 2624.02
4079.81 4090.68 4091.48 4088.8 4084.26 4087.24 4100.49 4064.96 4116.51 4111.45 4105.75 4116.19 4124.56 4134.7 4143.88 4150.14 4170.26 4189.69 4205.76 4232 4251.35 4257.82 4281.31 4273.76 4291.26 4330.23 4436.42 4554.9 4556.97 4313.64 4298.82 4240.72 4326.94 4754.82 4698.25 4464.61 4103.87 3730.4 3417.35 3357.93 3320.32 3303.82 3231.7 3099.32 2975.63 2972.15 2996.81 2952.51 2954.19 2978.01 2965.4 2951.16 2968.55 3000.14 3027.77 3025.65 3015.12 3017.37 3000.37 2981.69 2937.26 2891.55 2842.39 2792.63 2738.54 2673.19 2626.27
4051.32 4094.31 4093.02 4086.2 4080.25 4081.35 4097.76 4111.92 4129.26 4141.54 4124.36 4119.41 4127.14 4136.51 4145.16 4158 4158.85 4168.58 4192.56 4244.4 4242.36 4226.48 4225.03 4258.75 4279.94 4300.46 4388.59 4545.69 4530.4 4294.61 4238.67 4290.22 4395.27 4716.59 4755.05 4463.18 4051.77 3680.05 3409.7 3427.06 3392.45 3351.62 3267.04 3125.36 2999.52 3047.38 3002.34 2946.39 2961.14 2964.67 2937.24 2924.53 2961.39 3011 3053.27 3079.86 3105.04 3122.68 3131.4 3094.41 3031.98 2969.68 2904.68 2851.76 2771.33 2687.18 2667.07
4091.18 4095.76 4101.96 4088.12 4084.33 4088.6 4099.75 4125.05 4139.44 4164.18 4137.9 4129.28 4132.06 4137.65 4144.47 4152.73 4156.63 4162.11 4192.45 4234.8 4227.73 4208.47 4223.89 4242.4 4257.45 4284.25 4356.17 4501.06 4526.81 4346.91 4317.96 4422.48 4574.87 4782.12 4847.03 4499.76 4077.71 3663.13 3378.38 3468.55 3389.24 3252.97 3195.85 3163.96 3174.65 3073.95 2994.88 2978.88 2940.89 2921.11 2910.99 2910.98 2962.86 3016.56 3082.33 3144.71 3215.34 3296.22 3285.56 3209.8 3114.62 3033.54 2960.49 2902.25 2866.81 2795.74 2745.96
4099.23 4105.05 4054.07 4086.64 4088.17 4098.9 4113.57 4127.71 4117.31 4126.67 4135.72 4136.74 4140.35 4140.88 4143.63 4152.48 4165.25 4176.92 4182.39 4226 4191.09 4216.17 4229.38 4227.98 4234.28 4263.67 4327.36 4381.3 4418.19 4489.95 4525.34 4630.09 4832.97 4960.09 4858.7 4530.82 4104.01 3703.73 3434.72 3496.45 3354.4 3192.83 3155.43 3161.88 3134.21 3041.92 3031.35 2951.51 2896.71 2881.42 2895.8 2920 2977.98 3043.49 3126.24 3219.96 3320.27 3446.52 3427.88 3303.34 3177.48 3076.68 3003.46 2947 2897.9 2842.32 2797.61
4116.62 4125.34 4107.29 4102.3 4086.51 4088.78 4094.74 4113.45 4126.14 4133.78 4140.73 4146.29 4148.86 4150.17 4147.15 4159.69 4182.12 4208.8 4243.24 4226.77 4212.38 4237.95 4245.99 4239.57 4242.51 4255.78 4314.51 4387.08 4400.69 4361.89 4432.31 4556.18 4679.2 4789.82 4835.87 4504.96 4107.26 3732.82 3470.16 3439.66 3351.51 3234.25 3188.1 3176.93 3141.88 3021.84 2997.65 2953.23 2875.34 2865.81 2894.89 2933.69 3001.22 3106.44 3198.78 3299.37 3409.18 3608.07 3500.1 3294.94 3196.37 3097.03 3053.71 3025.16 2973.11 2892.55 2824.79
4121.2 4127.23 4112.95 4109.49 4096.79 4083.37 4077.86 4101.55 4117.84 4125.82 4140.9 4145.81 4150.38 4157.21 4157.36 4176.47 4200.72 4226.38 4243.88 4236.59 4264.62 4248.69 4269.12 4253.28 4263.54 4267.39 4307.1 4381.82 4419.59 4444.41 4420.15 4455.01 4511.86 4705.53 4720.51 4408.4 4079.91 3763.23 3490.65 3448.33 3381.19 3286.96 3249.48 3225.19 3197.6 3147.19 3007.93 2963.36 2884.14 2874 2909.94 2962.25 3041.06 3139.05 3258.68 3339.75 3431.02 3331.94 3219.28 3117.12 3054.31 3074.06 3100.42 3123.24 3123.71 2983.4 2851.3
4112.77 4114.6 4110.4 4071.03 4116.38 4086.1 4104.08 4118.41 4121.41 4138.79 4135.88 4141.97 4152.43 4163.98 4179.48 4192.2 4213.65 4235.71 4240.01 4241.14 4255.03 4246.37 4251.18 4256.25 4261.54 4282.08 4304.57 4343.97 4415.86 4433.86 4445.56 4462.28 4536.31 4704.12 4484.51 4270.11 4047.46 3814.52 3599.16 3505.14 3436.03 3372.4 3313.87 3271.47 3245.97 3192.03 3010.08 2970.51 2888.39 2894.42 2934.82 2992.94 3095.38 3180.48 3328.77 3291.61 3105.01 3006.9 2966.27 2975.47 3004.99 3092.71 3170.66 3217.8 3210.21 3051.35 2884.75
4116.93 4104.43 4103.87 4100.08 4118.56 4120.41 4122.92 4124.02 4101.83 4111.49 4118.68 4133.46 4146.49 4161.77 4165.95 4193.9 4218.42 4245.58 4274.71 4245.79 4259.61 4245.27 4250.61 4237.52 4262.81 4286.65 4298.63 4339.53 4420.08 4470.18 4424.1 4479.01 4568.52 4591.3 4348.44 4178.27 4025.08 3864.97 3733.53 3556.35 3481.66 3424.49 3353.56 3292.11 3223.87 3126.19 3009.28 2929.49 2923.36 2929 2967 3024.69 3127.78 3202.54 3270.97 3269.66 3082.26 2952.12 2902.87 2917.16 3002.6 3127.68 3223.86 3282.69 3258.46 3080.57 2903.43
4139.36 4107.95 4118.05 4117.32 4118.92 4126.47 4120.48 4109.01 4100.2 4115.83 4114.08 4132.32 4148.22 4161.79 4173.44 4192.09 4214.11 4235.85 4248.02 4236.19 4259.02 4248.02 4255.11 4260.68 4265.44 4265.92 4282.36 4319.76 4396.52 4437.83 4409.07 4491.29 4535.97 4369.47 4260.06 4159.71 4021.17 3880.77 3762.18 3604.35 3544.8 3468.22 3392.76 3313.14 3234.21 3134.66 3018.69 2971.13 2957.6 2957.49 2987.01 3040.36 3128.32 3234.44 3350.2 3378.43 3222.93 3076.8 2955.1 3021.32 3098.53 3186.36 3265.1 3324.66 3296.04 3082.29 2933.17
