real_craters/C199-1000m.grd
DSAA
118 118
-58.54 58.54
-58.54 58.54
2420.4971328449 4445.4794153071
[rows 30 to 59 of 118, columns 0 to 66 of 118]
3719.79 3713.94 3716.34 3717.37 3716.02 3715.73 3714.08 3716 3717.35 3716.06 3720.92 3730.51 3736.65 3734.69 3733.66 3733.32 3732.65 3730.62 3727.45 3728.11 3729.43 3730.02 3728.35 3739.84 3755.44 3765.96 3770.39 3759.27 3769.38 3784.86 3764.58 3772.66 3753.59 3725.67 3714.35 3706.42 3706.41 3678.45 3648.53 3695.47 3831.54 3899.28 3959.04 3995.74 4083.36 4110.04 4055.03 3974.42 3933.28 3910 3909.92 3910.91 3899.74 3908.99 3888.01 3878.7 3881.45 3868.7 3846.58 3845.83 3842.24 3840.13 3858.8 3828.59 3785.73 3777.56 3780.05
3717.71 3706.21 3706.81 3707.93 3712.14 3714.36 3713.94 3713.08 3713.14 3718.2 3727.07 3729.35 3729.7 3727.6 3726.04 3724.29 3723.94 3723.02 3721.25 3721.86 3730.98 3746.8 3747.66 3760.38 3771.21 3780.25 3785.64 3774.65 3781.77 3786.92 3774.43 3783.37 3764.73 3731.29 3701.52 3700.49 3648.2 3627.67 3674.86 3752.87 3871.46 3980.82 4071.16 4179.58 4331.78 4286.3 4190.57 4046.36 3976.5 3931.55 3926.05 3927.63 3925.31 3980.51 3993.06 4000.88 3989.12 3973.69 3911.27 3906.34 3902.7 3939.58 3990.53 3903.58 3859.7 3819.85 3802.66
3704.42 3710.25 3705.3 3704.77 3710.39 3715.67 3720.87 3719.8 3721.98 3729.16 3734.69 3733.38 3721.2 3719.17 3717.94 3718.15 3716.45 3714.88 3714.79 3716.75 3728.86 3737.18 3752.19 3770.11 3788.44 3803.94 3817.68 3806.82 3824.01 3812.04 3800.78 3823.58 3798.05 3755.5 3712.92 3669.68 3604.55 3629.37 3690.85 3876.4 3961.91 4081.18 4192 4331.47 4441.29 4385.92 4332.66 4244.71 4081.05 3989.07 3961 3959.62 3969.22 4103.52 4174.85 4240.87 4246.54 4126.29 4042.57 4026.48 3984.36 3871.58 3892.43 3872.29 3861.7 3887.17 3873.13
3696.55 3701.51 3701.27 3706.89 3711.77 3714.97 3719.29 3713.78 3724.43 3733.86 3735.87 3715.87 3714.33 3713.66 3711.57 3707.73 3708.39 3709.71 3709.88 3717.19 3726.28 3745.65 3749.02 3760.57 3783.74 3803.36 3822.42 3817.31 3866.86 3874.22 3888.24 3878.52 3831.87 3784.59 3742.26 3673.72 3652.77 3703.13 3829.35 3967.77 4081.54 4144.3 4248.71 4370.14 4353.52 4348.33 4340.18 4317.07 4184.67 4067.25 4006.53 3985.16 4002.97 4076.2 4180.46 4319.08 4297.45 4287.42 4270.88 4193.66 4130.42 4008.67 3796.03 3762.5 3792.85 3837.09 3920.51
3690.34 3707.18 3707.63 3711.31 3711.28 3713.05 3715.6 3712.26 3716.95 3720.62 3725.04 3718.29 3716.62 3711.9 3709.46 3707.63 3706.81 3707.75 3705.96 3704.17 3712.45 3715.9 3722.23 3742.71 3756.45 3777.95 3789.76 3810.52 3821.86 3873.66 3892.1 3904.49 3868.35 3823.46 3786.68 3831.01 3864.2 3867.2 3850.65 3888.26 3980.41 4098.16 4221.99 4314.5 4328.42 4313.71 4286.22 4246.13 4176.32 4114.98 4075.49 4021.72 4026.07 4050.98 4081.92 4126.63 4191.74 4283.98 4335.53 4255.71 4236.76 4205.6 3961.4 3852.16 3812.46 3767 3773.06
3691.57 3697.04 3701.28 3710.52 3704.11 3710.83 3709.14 3712.09 3710.46 3707.8 3712.56 3709.67 3710.36 3708.81 3707.88 3706.28 3708.22 3710.46 3710.9 3709.56 3707.65 3703.62 3703.81 3702.35 3715.46 3749.09 3787.31 3790.77 3804.81 3888.8 3895.09 3911.53 3878.24 3850.28 3838.22 3821.39 3836.84 3833.01 3815.37 3852.97 3940.4 4054.92 4181.24 4296.84 4356.32 4294.63 4251.92 4203.03 4153.47 4149.9 4118.16 4098.87 4089.14 4055.12 3993.47 3965.22 3987.75 4041.7 4119.58 4146.83 4182.55 4188.78 4117.37 4019.28 3935.14 3826.18 3748.18
3697.15 3708.95 3712.11 3707.2 3720.51 3719.11 3707.16 3708.1 3710.25 3707.26 3703.23 3705.43 3703.57 3704.72 3704.11 3704.41 3709.58 3713.79 3718.93 3719.97 3715.51 3710.72 3704.77 3704.23 3699.46 3724.16 3753.87 3786.67 3822.63 3900.15 3892.65 3902.88 3881.51 3862.95 3841.8 3826 3856.02 3836.16 3796.26 3851.82 3929.1 4019.4 4153.26 4264.14 4339.3 4295.18 4236.5 4181.78 4209.61 4287.2 4283.56 4202.08 4156.85 3947.67 3806.9 3758.15 3837.12 3954.77 3920.65 3934.35 3998.5 4060.71 4064.07 4076.31 4021.38 3896.07 3809.51
3681.38 3689.65 3697.49 3710.46 3770.81 3753.18 3715.39 3700.12 3703.42 3702.34 3700.83 3700.42 3701.89 3702.16 3702.02 3704.1 3710.04 3716.54 3720.03 3721.8 3722.97 3720.85 3720.62 3700.36 3708.69 3711.92 3733.26 3804.83 3908.5 3878.26 3885.45 3891.76 3882.01 3864.44 3849.47 3865.57 3862.43 3840.15 3852.4 3938.82 3981.94 4034.33 4152.58 4262.66 4317.91 4276.62 4249.13 4246.47 4349.83 4364.35 4218.26 3997.53 3902.34 3780.88 3676.79 3631.71 3662.57 3682.06 3651.54 3671.84 3708.37 3791.77 3877.24 3927.02 3949.72 3919.41 3860.14
3691.39 3696.33 3688.33 3703.5 3788.37 3780.81 3732.78 3698.37 3704.97 3705.29 3706.45 3704.24 3699.94 3699.41 3699.18 3702.68 3708.87 3717.59 3725.94 3726.54 3722.39 3721.48 3721.33 3720.36 3720.37 3721.76 3726.02 3739.41 3798.78 3866.64 3864.09 3871.41 3863.95 3858.62 3857.73 3863.36 3897.68 3903.47 3991.83 4107 4079.44 4096.56 4170.56 4252.47 4291.39 4276.82 4295.83 4310.58 4344.12 4231.18 3983.62 3761.36 3663.04 3597.74 3547.36 3503.64 3506.25 3473.13 3424.32 3420.15 3428.83 3491.41 3584.31 3698.82 3811.08 3871.65 3863.92
3692.5 3692.1 3693.74 3692.34 3740.16 3783.08 3765.32 3694.79 3704.74 3709.31 3709.76 3706.25 3701.19 3698.45 3695.51 3698.06 3704.37 3712.79 3731 3730.78 3722.18 3723.73 3720.83 3721.1 3719.71 3720.93 3723.56 3740.51 3764.8 3819.47 3859.97 3861.45 3861.98 3855.61 3855.28 3872.57 3976.11 4015.91 4106.77 4152.3 4120.28 4112.62 4184.25 4268.19 4321.69 4298.95 4362.27 4378.6 4273.19 3979.45 3762.42 3546.51 3445.68 3395.24 3374.64 3414.65 3379.23 3319.34 3249.77 3220.73 3216.27 3275.68 3373.06 3489.62 3637.92 3751.22 3796.12
3712.65 3699.26 3698 3690.42 3711.02 3741.68 3752.96 3733.21 3704.56 3711.14 3705.73 3705.91 3703.02 3700.06 3696.72 3696.03 3698.46 3699.95 3701.82 3724.92 3742.1 3737.48 3730.04 3731.48 3717.62 3721.21 3725.74 3743.37 3777.01 3833.01 3841.72 3861.66 3860.68 3850.45 3842.25 3848.13 3925.32 3983.1 4071.2 4098.9 4120.34 4135.81 4185.66 4247.54 4299.33 4330.64 4277.87 4138.24 3919.97 3643.11 3480.32 3319.12 3234.1 3221.65 3249.33 3255.88 3237.48 3208.71 3132.54 3087.68 3056.42 3120.34 3198.73 3301.05 3459.59 3622.47 3656.76
3729.35 3714.53 3701.67 3693.3 3693.16 3698.96 3694.99 3684.41 3712.71 3751.03 3703.21 3707.86 3712.12 3704.24 3700.93 3699.67 3699.01 3696.62 3695.71 3722.97 3758.77 3747.77 3742.8 3744.62 3739.15 3731.08 3743.27 3769.43 3862.12 3897.7 3892.94 3877.67 3862.94 3851.95 3841.87 3880.66 3927.39 3951.61 4016.27 4093.27 4116 4137.59 4148.38 4158.95 4141.14 4048.56 3934.65 3761.37 3571.64 3374.66 3259.55 3184.28 3094.1 3080.84 3051.1 3046.95 3074.11 3052.58 3015.65 3007.02 3022.58 3037.99 3059.83 3120.48 3254.06 3365.07 3459.18
3731.38 3712.23 3697.15 3699.05 3690.3 3682.39 3680.17 3681.66 3687.91 3731.91 3710.85 3747.71 3730.86 3708.64 3708.27 3706.86 3705.21 3705.5 3711.67 3719.15 3731.23 3740.39 3744.04 3756.95 3752.14 3757.48 3782.97 3805.44 3842.5 3919.6 3919.62 3889.33 3871.45 3861.83 3866.15 3911 3964.6 3966.95 4050.53 4106.24 4109.1 4091.72 4064.59 4016.44 3934.28 3825.47 3712.69 3605.75 3468.58 3235.52 3159.81 3134.39 3045.82 3034.49 2943.14 2903.85 2888.39 2877.57 2872.99 2897.09 2951.52 2980.53 3021.05 3063.87 3106.8 3170.39 3261.92
3713.18 3697.95 3688.92 3680.52 3677 3679.77 3675.45 3684.43 3689.35 3698.38 3701.03 3781.37 3751.18 3697.88 3717.6 3712.19 3710.79 3713.23 3719.57 3724.31 3730.03 3738.36 3735.7 3728.26 3803 3787.14 3771.64 3792.41 3809.28 3866.31 3880.06 3886.5 3882.79 3880.03 3888.27 3915.47 3967.91 3975.8 4068.14 4113.48 4082.76 4032.24 3960.62 3863.31 3750.09 3633.07 3536.8 3446.05 3299.18 3138.61 3109.52 3069.84 2978.04 2937.73 2913.23 2837.8 2779.23 2758.75 2756.07 2767.29 2809.59 2881.78 2964.84 2967.44 3019.55 3068.23 3121.85
3678.36 3672.54 3676.65 3679.55 3679.05 3681.31 3687.63 3693.13 3686.2 3698.41 3689.77 3725.59 3770.58 3699.74 3715.5 3722.89 3724.74 3714.63 3715.85 3734.59 3750.94 3756.38 3759.67 3748.98 3801.32 3818.6 3795.27 3821.2 3864.48 3840.04 3850.01 3852.82 3859.92 3869.53 3882.96 3894.4 3932.61 3954.26 4005.08 4071.69 4031.86 3942.53 3831.69 3703.68 3576.82 3477.18 3349.83 3236.99 3118.9 3046.31 3035.87 2999.48 2930.06 2838.8 2779.27 2761.56 2704.95 2675.32 2664.91 2657.03 2678.29 2748.09 2819.34 2889.28 2967.47 3019.51 3055.61
3667 3666.46 3666.17 3668.07 3674.6 3675.66 3680.04 3694.4 3694.74 3662.32 3669.9 3691.99 3727.28 3695.49 3700.08 3748.09 3744.03 3730.18 3730.88 3735.38 3759.67 3791.29 3819.11 3855.84 3839.07 3815.67 3830.78 3856.77 3874.57 3873.13 3823.28 3837.68 3850.71 3857.65 3870.16 3867.86 3891.03 3956.51 3994.66 4074.31 3977.68 3810.38 3638.19 3518.24 3418.82 3314.03 3180.55 3040.72 2974.53 2960.68 2959.92 2921.8 2869.7 2783.88 2687.11 2632.1 2595.63 2608.22 2612.08 2605.6 2609.29 2644.2 2694.42 2828.79 2916.21 2966.98 3016.72
3669.15 3657.27 3671.46 3664.99 3666.25 3667.23 3665.61 3679.44 3681.77 3673.18 3667.32 3677.89 3688.91 3692.27 3715.91 3771.62 3763.82 3729.46 3732.18 3761.19 3799.53 3833.64 3879.53 3917.64 3912.56 3896.6 3884.74 3914.64 3928.91 3802.3 3814.55 3838.74 3841.43 3836.14 3826.43 3842.19 3891.98 3957.56 4052.6 4129.37 3941.34 3674.83 3411.88 3336.75 3283.81 3170.62 3033.51 2913.14 2860.12 2853.56 2872.56 2860.87 2801.49 2713.98 2620.38 2583.29 2565.68 2565.92 2582.05 2595.63 2582.93 2584.89 2618.42 2699.58 2778.62 2840.45 2901.52
3669.99 3674.45 3670.79 3665.48 3661.38 3668.29 3673.46 3674.3 3668.4 3663.52 3667.67 3670.67 3681.56 3693.45 3713.03 3754.41 3777.42 3752.88 3761.64 3802.69 3845.35 3893.51 3929.93 3948.5 3939.34 3957.13 3957.06 3952.04 3958.23 3926.96 3891.85 3865.78 3854.39 3839.24 3815.8 3832.97 3858.51 3965.27 4088.85 4141.2 3912.81 3601.82 3308.6 3221.04 3165.46 3058.68 2951.66 2857.15 2760.92 2717.3 2760.38 2752.85 2678.45 2614.77 2615.08 2575.41 2528.28 2526.35 2518 2551.44 2549.84 2556.32 2582.59 2636.49 2685.43 2728.53 2796.14
3669.78 3659.1 3665.35 3680.62 3664.85 3670.83 3684.34 3673.17 3662.34 3660.35 3667.61 3675.57 3683.48 3692.04 3704.59 3729.27 3751.16 3746.61 3847.2 3829.52 3904.59 3962.51 3981.74 3996.11 3995.09 3973.65 3961.35 3955.4 3947.98 3922.37 3892.52 3888.77 3878.66 3869.9 3858.12 3881.48 3935.25 4028.42 4113.25 4109.53 3863.21 3570.96 3311.74 3178.34 3107.5 3034.57 2894.19 2786.98 2695.86 2622.04 2619.08 2633.71 2609.67 2557.31 2551.14 2509.46 2478.62 2512.39 2536.76 2498.58 2522.11 2538.41 2564.73 2595.62 2621.35 2654.54 2715.4
3689.51 3688.83 3676.1 3681.52 3672.24 3667.55 3666.65 3669.99 3667.83 3661.38 3666.23 3677.11 3679.87 3685.48 3692.37 3709.09 3725.4 3751.86 3842.27 3898.79 4017.63 4045.55 4034.55 4011.45 3995.89 3970.03 3965.03 3965.57 3950.98 3942.25 3912.53 3915.61 3912.49 3918.87 3939.86 3962.9 4046.66 4106.03 4141.26 4018.58 3779.84 3524.72 3290.82 3152.62 3078.36 3015.98 2901.73 2771.03 2670.79 2607.15 2585.12 2608.69 2584.96 2503.29 2476.78 2467.33 2494.14 2524.31 2539.9 2504.09 2496.48 2521.39 2550.61 2571.14 2601.38 2619.08 2658.44
3682.3 3681.03 3674.16 3678.35 3672.45 3674.35 3668.15 3668.86 3672.77 3681.93 3666.07 3665.92 3674.15 3684.68 3689.71 3698.65 3715.34 3753.24 3813.5 3908.68 4064.12 4093.83 4066.65 4032.78 3993.36 3973.9 3951.68 3964.09 3962.35 3989.71 3972.08 3942.96 3932.5 3942.66 4003.04 3996.51 4031.26 4198.25 4087.13 3886.17 3698.16 3471.57 3262.75 3126.81 3050.05 2990.52 2879.2 2737.65 2648.82 2597.7 2587.55 2589.04 2556.97 2492.02 2462.31 2471.4 2522.83 2540.08 2526.48 2479.66 2476.61 2510.41 2548.4 2583.73 2587.07 2592.2 2615.96
3669.6 3672.28 3670.73 3660.87 3686.07 3661.79 3664.55 3666.53 3672.57 3676.85 3676.91 3676.98 3674.56 3667.58 3678.27 3695.22 3721.98 3761.19 3799.95 3876.04 3997.62 4059.7 4070.31 4050.63 3988.08 3964.07 3953.09 3970.9 3995.34 3996.97 3955.66 3935.28 3930.92 3942.23 3988.79 3987.27 4034.32 4016.51 3897.9 3795.96 3611.69 3403.61 3224.77 3087.25 2991.41 2932.11 2789.96 2651.77 2613.71 2606.65 2604 2602.2 2569.27 2521.4 2493.29 2523.98 2552.31 2558.73 2544.96 2506.5 2521.79 2556.91 2564.87 2553.27 2546.06 2553.63 2566.78
3660.95 3666.53 3662.95 3664.54 3667.75 3683.36 3671.88 3664.19 3654.5 3660.94 3688.76 3689.27 3678.08 3653.53 3661.94 3689.78 3732.13 3771.23 3794.79 3852.13 3945.56 4022.4 4067.86 4107.15 4034.89 4015.57 4010.32 3986.99 3972.93 3971.69 3952.8 3927.39 3922.25 3929.57 3973.23 4038.25 4174.99 4009.74 3793.84 3652.63 3495.8 3306.4 3127.4 2978.14 2876.5 2782.87 2664.86 2576.63 2584.48 2595.1 2611.29 2616.02 2588.75 2554.25 2621.34 2701.82 2716.3 2653.58 2659.31 2627.95 2659.31 2661.4 2604.24 2542.43 2526.14 2512.71 2514.98
3658.44 3670.02 3688.98 3670.32 3673.53 3689.66 3679.5 3663.21 3655.16 3678.42 3684.62 3688.45 3689.92 3676.02 3663.71 3685.36 3733.68 3779.59 3804.7 3853 3915.1 3986.31 4047.23 4088.82 4099.32 4086.42 4039.46 4006.27 3996.97 3965.14 3927.54 3914.33 3923.8 3930.81 4006.46 4073.38 4195.23 4023.77 3657.49 3502.66 3364.83 3185.22 3005.87 2849.42 2763.24 2690.76 2617.45 2570.5 2577.94 2589.37 2582.1 2592.58 2575.28 2560.69 2628.76 2743.96 2813.45 2833.98 2825.7 2776.22 2815.21 2729.14 2654.98 2570.75 2533.12 2505.97 2480.01
3658.55 3670.22 3681.96 3680.95 3669.27 3669.19 3668.57 3658.58 3655.77 3665.65 3659.5 3673.59 3683.72 3703.34 3687.39 3681.02 3689.1 3735.9 3793.43 3848.02 3896.86 3959.61 4017.68 4060.01 4098.67 4111.56 4078.15 4017.18 4013.37 3946.06 3935.28 3925.04 3937.27 3945.43 3987.69 4105.51 4242.17 3997.1 3588.03 3354.85 3219.79 3070.21 2912.66 2773.83 2694.16 2640.58 2601.31 2575.54 2586.3 2588.97 2565.35 2585.11 2608.27 2641.14 2692.95 2887.69 2982.85 3028.2 3018 2943.38 2888.18 2817.02 2728.03 2626.1 2550.52 2511.99 2464.77
3668.29 3665.36 3664.26 3667.45 3670.29 3657.58 3649.26 3648.16 3646.23 3652.99 3660.72 3670.59 3704.74 3720.77 3701.94 3681.81 3647.74 3695.54 3772.22 3826.62 3878.52 3931.92 3988.79 4051.26 4098.93 4102.61 4039.46 4062.21 4044.31 3950.19 3941.03 3966.85 3946.33 3926.64 3965.94 4064.69 4198.02 3943.14 3543.95 3255.69 3117.83 2995.68 2855.69 2725.88 2661.9 2625.04 2597.44 2578.46 2602.08 2635.65 2616.4 2618.73 2644.69 2713.25 2802.47 2962.26 3076.56 3175.63 3179.73 3041.64 2954.15 2930.84 2836.43 2719.03 2612.28 2540.87 2479.7
3653.93 3655.16 3654.38 3656.52 3673.26 3660 3642.9 3637.35 3639.7 3637.08 3639.29 3652.74 3662.89 3675.54 3687.25 3679.52 3673.27 3700.74 3751.31 3799.44 3849.04 3897.89 3946.19 3995.9 4025.31 4048.87 4054.08 4011.92 4020.71 3961.21 3956.41 3939.48 3946.49 3924.76 3947.03 4012.94 4018.23 3767.37 3440.29 3184.3 3099.21 2969.31 2830.09 2707.94 2646.94 2621.35 2601.27 2589.85 2594.21 2613.82 2618.06 2656.15 2720.2 2808.63 2900 3019.92 3130.81 3257.94 3181.24 3111.26 3121.8 3093.58 2955.72 2830.37 2698.23 2628.8 2539.66
3651.44 3649.56 3647.57 3647.74 3650.71 3638.75 3642.58 3632.94 3625.6 3633.46 3637.26 3641.89 3646.74 3666.48 3695.99 3729.22 3748.11 3735.86 3705.72 3773.74 3825.79 3865.67 3893.11 3906.55 3916.8 3919.05 3952.42 3950.61 3937.22 3936.77 4021.99 3913.07 3962.54 3970.98 3930.6 3977.69 3855.85 3538.03 3272.24 3153.1 3086 2960.4 2823.03 2703.06 2635.02 2609.4 2606.7 2593.71 2569.91 2583.77 2632.21 2816.01 2909.77 3001.57 3052.83 3152.27 3206.74 3223.1 3175.23 3154.65 3285.16 3175.36 2972.26 2867.46 2817.8 2731.41 2648.43
3648.08 3646.77 3645.57 3646.63 3647.1 3642.79 3646.78 3640.37 3643.22 3640.46 3638.28 3646.65 3649.34 3675.16 3725.31 3755.85 3807.1 3809.37 3810.97 3807.19 3820.4 3838.63 3855.99 3867.47 3863.57 3859 3869.71 3875.66 3891.51 3889.23 3939.55 3926.49 3995.7 3978.22 3931.31 3960.36 3800.6 3434.32 3219 3124.13 3061.84 2947.67 2812.88 2694.89 2620.52 2586.58 2582.54 2579.98 2546.17 2563.61 2721.5 2985.98 3189.46 3188.64 3228.38 3326.42 3281.61 3219.77 3154.82 3106.49 3067.52 2997.21 2898.09 2866.38 2908.97 2838.81 2767.98
3645.39 3647.28 3647.23 3645.41 3642.98 3642.19 3646.28 3646.98 3644.75 3658.34 3664.93 3680.88 3678.08 3714.91 3762.05 3815.26 3826.83 3840.82 3871 3830.93 3818.19 3819.77 3828.46 3834.82 3831.76 3811.28 3824.54 3821.3 3837.51 3853.76 3869.07 3887.74 3953.61 3899.47 3975.87 3954.06 3624.48 3339.12 3213 3135.17 3048.83 2922.38 2789.06 2675.97 2606.43 2578.14 2578.98 2600.57 2544.52 2566.75 2717.97 2929.19 3102.45 3055.01 3016.56 3043.25 3084.91 3107.97 3118.82 3066.47 2960.38 2882.47 2872.66 2873.07 2902.53 2896.25 2891.73
