real_craters/C199-300m.grd
DSAA
684 684
-102.445 102.445
-102.445 102.445
7126.3156636641 10813.151550486
[rows 450 to 479 of 684, columns 268 to 334 of 684]
9991.97 9988.74 9983.47 9968.88 9956.59 9951.05 9958.99 9983.61 10002.7 10018.9 10032.1 10044.9 10060 10083.5 10110 10140.9 10188.9 10235.5 10277.6 10315.4 10351.2 10390.7 10440.8 10509.9 10564 10545.3 10538.5 10545.8 10504.4 10468.7 10435.6 10408 10385.9 10358.7 10330.1 10303 10281.6 10264.5 10250.3 10239.7 10234.1 10232.8 10235.8 10245.3 10258.8 10273.7 10287.9 10292.1 10287.2 10281.4 10275.3 10259.6 10246.5 10246 10222.1 10169.6 10119.7 10065.7 10005.5 9947.19 9929.19 9925.88 9918.2 9906.28 9890.77 9869.55 9845
9993.42 9999.43 9987.92 9976.59 9964.54 9957.13 9965.62 9968.36 9978.68 9991.86 10006.1 10023.2 10046.9 10082.4 10119.8 10146.2 10182.1 10218.4 10251.9 10282.6 10311.9 10341.4 10376.5 10426.7 10483.3 10516.4 10549.2 10562.6 10555.6 10518.2 10479 10446.6 10423.1 10397.1 10371.6 10346.4 10322.1 10299.5 10279.7 10264.5 10254.3 10250.9 10254.1 10263.6 10279.6 10300.4 10322 10328.8 10316.4 10302 10287.2 10276.5 10262.7 10232.8 10185.4 10116.6 10073 10037.7 9994.35 9954.27 9933.19 9923.99 9914 9900.86 9884.21 9863.87 9840.54
9988.99 10000 9984.95 9968.6 9955.46 9947.3 9945 9946.12 9956.18 9968.22 9981.84 9999.95 10026.4 10065.7 10113.6 10148.7 10177.5 10203.4 10227.5 10249.6 10271.8 10284.9 10293.3 10301.8 10354.9 10447.6 10530.6 10602.8 10589 10540 10496.3 10461.9 10434.1 10412.5 10401 10387.2 10358.6 10327.9 10302.1 10282.5 10268.1 10261.3 10262.3 10271.5 10289.1 10314 10336.2 10342.4 10332.8 10316.4 10294.3 10269.8 10249.6 10192.9 10134.9 10093 10054.7 10025.8 9996 9968.88 9948.17 9932.23 9921.21 9905.51 9887.17 9864.05 9842.6
9968.31 9979.26 9967.42 9956.51 9943.23 9929.39 9915.71 9925.58 9939.55 9950.75 9961.62 9975.55 9994.9 10031.3 10092.4 10147 10171.1 10188.7 10206.5 10222.6 10235.8 10238.4 10228.8 10212.4 10269.9 10378.6 10479 10569.2 10566.2 10519.9 10484 10457 10434.2 10418.4 10418.3 10412.9 10378.8 10342.9 10312.2 10287.7 10269.8 10258.4 10255.6 10261.8 10278.5 10308.2 10352 10352.3 10334.4 10314.8 10266.1 10232.6 10200.2 10143 10083.7 10056.9 10042.1 10025.5 10005.4 9980.53 9958.5 9947.06 9932.27 9914.76 9894.34 9873.86 9853.01
9929.03 9932.85 9934.18 9938.24 9927.73 9919.88 9915.7 9923.37 9932.47 9938.46 9943.95 9950.18 9959.31 9981.8 10043.5 10136.2 10153.3 10168 10184.2 10200 10211.1 10213.8 10206.5 10197.1 10244.1 10326.6 10402.2 10455.8 10467.8 10457.2 10445.2 10436.6 10430.7 10426.2 10425.4 10409.7 10378.8 10343.1 10309.8 10282.4 10261 10246.1 10237.8 10237.3 10246.9 10269.2 10298.1 10311.5 10311.8 10303.4 10257 10204.5 10157.4 10116.3 10068.1 10044 10043.2 10038.5 10025.1 10005.6 9981.76 9971.91 9949.27 9925.58 9903.11 9886.77 9864.71
9888.68 9888.34 9890.97 9895.08 9902.59 9912.74 9925.66 9933.9 9932.41 9930.08 9928.77 9925.56 9925.48 9930.5 9985.26 10085.6 10114.5 10137 10160.1 10181.9 10199.8 10212.1 10218 10226.7 10252.5 10292.5 10328.6 10345.3 10354 10375.4 10388.7 10401.8 10417.7 10435.7 10425.8 10403.6 10366.3 10328.5 10294.9 10266 10243.3 10224.4 10209.9 10200.3 10197 10203.6 10223.9 10243.7 10266.9 10280.9 10256.1 10201 10155.1 10127.1 10088 10070.9 10070 10064.3 10055.5 10049.6 10043.7 10012.3 9975.38 9944.37 9916.21 9896.55 9882.64
9857.76 9855.58 9854.78 9851.49 9878.11 9902.63 9929.18 9940.62 9930.36 9922.67 9916.66 9909.9 9903.87 9899.87 9934.24 10008.3 10061.3 10100.1 10134.7 10166 10194.7 10220.2 10241 10254.5 10262.3 10269.5 10273.6 10270.1 10270.3 10298.7 10325.2 10352.8 10383.6 10406.2 10407.2 10379.5 10336.8 10299.1 10266.8 10239.9 10216.3 10195.4 10176.1 10157.1 10138.9 10123.3 10124.5 10160.4 10199.8 10237.3 10226.8 10215.1 10196.2 10171.8 10148.3 10139.6 10117.1 10093 10078.5 10079.8 10097.6 10039.1 9990.77 9955.69 9929.44 9913 9903.06
9859.54 9849.3 9840.91 9842.27 9863.2 9888.25 9910.86 9920.61 9918.98 9914.63 9908.91 9902.41 9896.66 9894.11 9913.55 9958.95 10015.3 10065.1 10108.8 10150 10189.6 10228.8 10265.6 10284.5 10270.4 10251.9 10233.9 10217.6 10215.2 10230.5 10259.2 10290.8 10326 10373.6 10348.2 10316.3 10284.4 10256.3 10231.6 10209.5 10188.1 10166.6 10143.8 10117.2 10088.4 10058.5 10052 10078.8 10108.5 10148.6 10190.5 10234.9 10221.8 10211.7 10231.3 10220.8 10150 10103.2 10077.6 10066.6 10052.1 10021.7 9980.87 9950.61 9931.1 9918.71 9913.47
9856.17 9846.1 9837.61 9840.48 9857.08 9876.21 9891.35 9898.85 9907.86 9908.11 9904.64 9900.06 9898.3 9901.81 9910.47 9932.16 9985.54 10038.7 10087.7 10134.4 10180.9 10229.3 10275.5 10295.7 10267.6 10233 10199.3 10168.1 10144.8 10164.8 10195.5 10222.4 10239.9 10234.9 10215.2 10215.4 10219.4 10205.1 10191.6 10175.8 10159.3 10139.9 10117.1 10089.3 10056.5 10022.4 10010.7 10019.1 10022.7 10045.7 10111.7 10162.6 10186.4 10196.4 10217.6 10190.6 10128.9 10081.2 10048.7 10026.8 10017.6 9984.4 9952.3 9934.45 9923.75 9918.74 9918.2
9839.61 9838.94 9834.65 9839.16 9853.84 9871.29 9888.06 9900.73 9906.12 9905.69 9902.8 9900.36 9901.1 9909.54 9913.61 9926.69 9973.28 10022.9 10070.2 10115.9 10162.1 10211.8 10264.6 10280.7 10246.5 10208.2 10169.1 10130.5 10091.4 10115.6 10146 10164.8 10166.5 10144.7 10134 10151.6 10165.2 10161.4 10156.2 10146.4 10133.8 10119 10099.9 10075 10044.7 10011.8 9997.69 9994.89 9987.3 10000.5 10043.7 10086.4 10126.1 10140.3 10121.4 10092.3 10069 10033.6 9998.88 9967.05 9932.38 9912.13 9910.86 9912.68 9912.68 9912.98 9917.62
9837.83 9834.94 9833.44 9839.36 9852.61 9869.13 9887.87 9905.78 9907.61 9903.96 9901.71 9901.37 9902.65 9903.12 9919.75 9942.14 9977.21 10015.9 10055.6 10095.1 10133.2 10170.7 10206.6 10223.4 10204.4 10178.2 10148.1 10116.7 10092.7 10100.8 10121.1 10131.9 10128.7 10115 10109.1 10116.4 10127.8 10125.9 10124.9 10119.6 10111.4 10101.3 10089.1 10073.4 10053.3 10027.7 10013 10003.2 9992.29 9992.52 10004.8 10036.8 10079.2 10092.7 10079.5 10042.4 10012.1 9980.78 9948.58 9913.06 9869.78 9854.79 9877.94 9892.89 9901.46 9907.45 9913.13
9829.55 9829.86 9833 9839.2 9850.37 9864.65 9882.06 9900.1 9900.46 9898.83 9899.59 9902.72 9908.23 9917.97 9934.31 9959.82 9984.91 10011.2 10041.3 10072.2 10100.8 10121.4 10124.9 10144.5 10156.4 10149 10134 10117.6 10105.6 10109.3 10118.6 10121.8 10117.1 10104.8 10092.2 10097 10101 10098.5 10097.5 10094.4 10089.8 10084.7 10080.2 10077.6 10075.8 10067.7 10047.5 10028 10011.2 9997.96 9992.38 10019.8 10048.1 10056.2 10044.2 10000.5 9955.5 9927.89 9905.36 9882.61 9857.98 9851.58 9872.57 9885.4 9895.91 9903.52 9912.16
9814.64 9820.89 9826.82 9835.78 9846.1 9857.62 9868.93 9876.06 9882.3 9888.92 9894.73 9902.05 9912.93 9926.31 9942.11 9964.16 9983.47 10001.8 10024.5 10048.7 10071.7 10090.4 10100.2 10112.8 10124.6 10126.8 10124.8 10123.3 10125.3 10129.4 10127.7 10125.5 10122.3 10113.1 10085.9 10091.4 10085.7 10080.5 10077.2 10073.3 10071 10069.5 10071 10077.8 10092.5 10109.3 10072.5 10042.9 10031 10003.3 9985.95 9989.57 10006.5 10019.6 9999.79 9927.8 9887.9 9873.93 9868.21 9866.88 9875.25 9896.88 9888.01 9889.05 9895.65 9902.94 9911.67
9800.53 9811.21 9823.66 9831.01 9841.12 9850.75 9858.9 9861.64 9868.47 9879.69 9887.46 9896.09 9910.06 9926.6 9936.45 9952.38 9968.66 9985.17 10004.4 10024 10044 10066.3 10092.9 10096.4 10100.7 10107.4 10113.7 10121.3 10133.5 10141.9 10133.4 10130 10132.5 10140.9 10131 10096.3 10076.1 10065.6 10059.6 10056.2 10054 10053.2 10055.2 10062.9 10079.4 10094.1 10054.1 10017.3 10002.9 9980.13 9965.4 9951.83 9957.96 9985.8 9966.75 9854.73 9823.11 9827.11 9837.1 9851.81 9872.23 9891.03 9891.53 9890.19 9895.29 9901.5 9909.98
9794.46 9805.79 9809.75 9826.6 9836.82 9845.78 9854.27 9862.9 9870.98 9874.77 9877.3 9882.57 9892.88 9906.69 9918.3 9929.89 9943.77 9964.78 9982.62 9998.6 10013.5 10027.8 10046.7 10061.4 10074 10085.7 10097 10109 10121 10128.8 10125.4 10123.1 10127.3 10140.5 10127.2 10086 10060.7 10049.1 10041.9 10036.1 10033.1 10030.1 10029.3 10028.3 10031.7 10038.4 10000.9 9961.27 9927.69 9937.89 9946.16 9922.67 9915.19 9944.45 9917.52 9823.42 9787.87 9796.24 9812.89 9833.77 9856.65 9876.8 9884.24 9886.31 9891.09 9897.7 9906.45
9797.45 9813.43 9827.2 9826.73 9832.64 9840.42 9850.46 9865.69 9874.81 9866.43 9862.39 9863.15 9867.24 9878.51 9896.25 9913.86 9933.38 9947.23 9961.46 9974.7 9984.81 9988.25 9996.2 10024.5 10047 10063.4 10077.3 10089.7 10098.7 10105.4 10105.7 10102.8 10099.8 10099.2 10076.7 10048.4 10036.6 10029.5 10025.9 10020.5 10015.4 10009.7 10002 9988.43 9961.74 9944.23 9940.03 9913.34 9895.08 9897.84 9907.34 9893.07 9887.76 9930.17 9905.16 9818.13 9777.25 9781.37 9797.9 9818.4 9840.78 9865.49 9871.57 9876.87 9884.71 9894.23 9904.39
9801.64 9809.47 9817.41 9821.48 9825.98 9832.02 9839.62 9848.81 9853.04 9846.19 9841.52 9840.69 9846.28 9856.99 9873.54 9894.93 9916.89 9927.19 9940.8 9954.26 9965.71 9973.21 9982.25 10004.7 10025.8 10042 10056.2 10067.3 10074.8 10081.2 10081.4 10076.5 10063.4 10035.6 10011.6 10007.3 10011.2 10009.6 10007.5 10002.1 9995.86 9988.39 9977.7 9961.69 9939.67 9920.42 9904.91 9879.12 9860.88 9861.21 9860.02 9863.02 9871.59 9903.47 9882.39 9815.87 9777.46 9777.14 9789.28 9805.6 9822.69 9836.52 9849.45 9864.95 9878.82 9888.96 9900.74
9801.78 9802.18 9807.02 9812.33 9817.14 9821.12 9824.07 9824.87 9820.89 9819.43 9817.67 9816.1 9817.72 9830.98 9848.59 9866.44 9879.92 9901.45 9920.61 9936.97 9952.55 9970.12 9985.07 9994.72 10009 10022.9 10035.4 10045.1 10051.1 10055.9 10056.8 10054.2 10043 10015.9 9999.84 9995.74 9997.54 9994.26 9989.76 9984.42 9977.45 9970.15 9959.8 9947.89 9933.91 9916.82 9896.9 9873.19 9852.84 9842.68 9836.9 9847.5 9866.37 9881.93 9856.5 9811.55 9782.39 9780.37 9787.76 9799.06 9809.74 9820.34 9834.71 9855.5 9872.03 9889.19 9904.02
9795.42 9794.4 9798.95 9804.31 9808.22 9810.58 9810.6 9806.52 9798.34 9798.46 9796.85 9794.05 9794.45 9808.18 9826.45 9844.98 9862.36 9884.68 9904 9921.01 9937.62 9953.51 9968.89 9981.87 9994.66 10006.6 10017 10025.2 10028.8 10029.6 10033.2 10038.3 10039.8 10038.3 10021 10009 9991.76 9982.24 9974.9 9968.85 9962.23 9955.02 9947.06 9938.5 9928.68 9915.64 9899.8 9885.36 9861.87 9838.43 9827.32 9833.81 9850.6 9845.85 9830.85 9807.13 9790.22 9788.01 9791.97 9798.98 9806.96 9816.78 9830.52 9853.73 9874.47 9895.4 9913.91
9789.72 9790.76 9795.26 9798.56 9801.04 9802.45 9801.85 9799.26 9795.21 9789.99 9782.17 9775.57 9778.8 9789.41 9808.78 9831.89 9858.92 9876.46 9889.63 9905.52 9922.2 9937.37 9952.37 9967.31 9979.99 9991.67 10001.5 10008.5 10011.8 10010.3 10015 10024.1 10032 10039.7 10017.1 9996.75 9980.2 9968.85 9960.53 9953.15 9947.66 9941.22 9935.23 9930.4 9926.46 9916.75 9903.49 9885.27 9862.64 9837 9819.96 9816.68 9811.5 9807.52 9808.59 9803.69 9798.81 9798.47 9800.37 9805.21 9811.28 9820.37 9834.33 9857.27 9881.04 9905.37 9927.6
9786.75 9798.17 9794.32 9794.05 9795.27 9796.28 9796.47 9796.18 9795.99 9787.29 9772.46 9758.72 9752.62 9772.13 9793.44 9816.44 9841.53 9858.49 9872.04 9888.99 9906.89 9923.26 9937.85 9952.38 9965.19 9975.78 9986 9995.04 10001.3 10005.6 10007.7 10006.7 10007.4 10006 9989.52 9973.42 9961.23 9952.46 9945.89 9938.58 9931.82 9925.4 9920.01 9917.4 9918.74 9914.99 9908.59 9893.93 9868.64 9839.99 9817.64 9806.17 9800.21 9797.85 9799.85 9804.68 9810.11 9810.59 9810.38 9813.92 9820.53 9828.46 9841.76 9864.07 9890.91 9917.68 9944.11
9781.28 9783.79 9787.53 9788.68 9789.84 9790.97 9791.62 9792.1 9792.8 9784.35 9766.73 9751.61 9747.87 9763.56 9782.34 9800.14 9814.99 9830.5 9851.52 9871.77 9891.12 9908.77 9921.96 9936.69 9949.98 9962.17 9974.19 9984.79 9992.32 9996.45 9992.9 9984.56 9970.91 9960.42 9951.94 9943.94 9938.14 9934.98 9930.67 9924.65 9917.13 9909.26 9902 9898.01 9899.76 9906.3 9912.95 9908.42 9875.45 9840.54 9814.56 9798.61 9792.54 9793.34 9796.4 9805.74 9818.08 9818.76 9819.6 9824.74 9832.78 9840.39 9852.94 9875.6 9904.6 9932.72 9960.28
9777.82 9776.5 9780.64 9783.43 9785.29 9786.11 9786.33 9785.5 9783.24 9775.27 9763.64 9753.46 9752.67 9764.37 9778.47 9791.37 9800.51 9813.24 9835.57 9855.02 9873.9 9894.65 9905.22 9918.54 9932.43 9946.11 9959.86 9972.52 9983.32 9991.53 9988.78 9964 9932.59 9917.12 9916.33 9911.53 9917.44 9921.07 9918.73 9913.08 9903.98 9894.06 9883.47 9874.32 9876.31 9890.2 9907.44 9911.45 9872.18 9833.12 9806.09 9789.34 9780.8 9782.95 9793.85 9805.13 9814.52 9819.44 9827.61 9838.09 9849.37 9858.49 9864.42 9893.22 9923.35 9949.77 9976.21
9776.42 9774.45 9776.22 9778.73 9780.72 9781.86 9781.92 9779.91 9773.62 9766.49 9766.41 9763.53 9764.68 9772.03 9781.66 9792.16 9802.98 9816.17 9828.65 9839.92 9849.24 9863.79 9881.9 9899.35 9915.08 9929.33 9942.74 9957.62 9970.47 9983.22 9988.57 9946 9900.87 9887.24 9895.8 9900.99 9911.16 9915.87 9911.92 9905.23 9895.41 9883.03 9868.75 9852.08 9849.06 9868.72 9885.88 9886.63 9856.58 9822.2 9798.64 9782.52 9773.7 9781.06 9801.42 9812.49 9814.29 9821.09 9838.59 9856.99 9873.85 9889.54 9909.58 9927.92 9949.79 9972.95 9994.78
9773.03 9771.02 9773.45 9775.47 9777.49 9779.19 9780.09 9779.67 9777.39 9775.26 9778.37 9781.75 9781.24 9782.58 9788.05 9796.56 9808.86 9823.15 9825.8 9829.23 9830.24 9838.79 9861.9 9881.37 9897.76 9912.97 9925.33 9938.23 9951.01 9962.85 9965.79 9925.32 9878.95 9873.48 9891.7 9913.3 9923.02 9917.82 9909.47 9900.08 9889.96 9878.21 9863.67 9847.65 9842.73 9850.96 9857.36 9856.07 9839.73 9816.58 9798.06 9783.87 9778.7 9802.12 9832.34 9840.2 9832.3 9835.32 9860.52 9884.19 9904.19 9923.85 9941.21 9959.51 9977.78 9994.55 10011.7
9772.85 9771.59 9772.3 9773.93 9776.23 9778.54 9780.75 9783.18 9786.7 9792.12 9792.6 9794.94 9792.35 9791.14 9793.44 9798.91 9807.61 9816.33 9819.68 9822.67 9826.43 9835.7 9851.41 9867.97 9882.92 9896.16 9907.59 9917.16 9926.23 9931.8 9932.14 9900.98 9867.43 9870.15 9891.68 9921.67 9932.84 9916.85 9905.09 9895.74 9886.92 9877.5 9867.06 9856.19 9847.32 9841.79 9834.12 9833.49 9832.73 9821.94 9807.98 9796.6 9801.42 9860 9892.6 9892.54 9880.08 9878.14 9900.37 9920.45 9938.94 9958.91 9978.77 9995.33 10004.6 10013.6 10024.7
9772.3 9770.98 9770.5 9772.24 9775.39 9778.58 9781.85 9785.91 9791.59 9800.66 9798.48 9794.98 9797.38 9796.49 9796.14 9797.8 9801.83 9807.97 9811.65 9817.1 9825.19 9834.18 9845.8 9858.54 9871.04 9882.02 9890.86 9896.68 9899.02 9896.18 9885.09 9871.44 9862.09 9868.86 9884.83 9904.05 9912.01 9903.61 9896.53 9890.96 9885.69 9880.24 9874.55 9868.63 9855.68 9841.94 9831 9833.41 9840.71 9839.02 9827.41 9819.86 9835.64 9934.62 9963.24 9955.11 9947.88 9949.78 9952.7 9962.09 9974.32 9990.64 10013.2 10028.5 10025.8 10030 10037.1
9759.3 9762.79 9766.41 9770.31 9774.29 9778.07 9781.97 9786.07 9790.01 9792.58 9801.51 9803.76 9804.76 9800.44 9796.42 9793.97 9793.55 9795.55 9799.55 9808.93 9821.19 9830.66 9840.77 9851.68 9862.32 9871.24 9877.47 9879.3 9876.84 9867.35 9850.56 9849.48 9861.48 9867.22 9873.44 9877.86 9878.89 9882.85 9885.28 9886.29 9886.05 9884.45 9881.78 9875.82 9862.67 9846.87 9836.56 9843.34 9855.98 9859.22 9851.47 9850.74 9880.48 9969 10008.3 10002.8 9999.36 10003 9997.77 9999.45 10005.1 10013.6 10023.5 10028.3 10035.4 10042.1 10049.6
9742.58 9754.5 9762.87 9768.58 9773.19 9777.85 9781.71 9785.55 9789.55 9796.21 9811.81 9828.41 9811.65 9802.2 9794.81 9788.81 9783.74 9779.6 9783.91 9797.52 9812.81 9823.92 9835.43 9846.36 9855.79 9863.29 9867.76 9868.08 9863.89 9854.66 9843.12 9848.97 9867.11 9866.57 9864.47 9859.32 9851.6 9866.23 9876.6 9883.62 9887.74 9889.93 9889.78 9884.76 9871.39 9854.74 9843.6 9857.24 9875.31 9879.61 9874.19 9876.77 9908.6 9983.77 10024.2 10024 10025.1 10027.7 10027.7 10028.8 10031 10032.5 10030.4 10025.5 10043.1 10055.6 10063.2
9749.56 9755.99 9763.42 9769.22 9773.96 9778.48 9781.91 9785.34 9788.87 9795.37 9801.93 9807.54 9807.54 9800.7 9792.71 9785.05 9777.48 9771.31 9774.26 9786.71 9801.33 9815.86 9830.36 9841.95 9850.45 9857.02 9860.63 9861.03 9858.28 9852.8 9845.53 9849.93 9869.64 9865.62 9860.78 9855.09 9853.26 9862.29 9874.48 9884.19 9891.14 9896.13 9898.67 9896.07 9884.12 9868.47 9857.81 9874.63 9895.05 9898.11 9892.14 9893.31 9917.21 9967.96 10005.1 10023.1 10034.1 10042 10047.5 10051.9 10054.6 10055 10051.8 10051.9 10062.6 10075.6 10082.3
