real_craters/C199-1000m.grd
DSAA
118 118
-58.54 58.54
-58.54 58.54
2420.4971328449 4445.4794153071
[rows 0 to 29 of 118, columns 0 to 66 of 118]
3829.34 3822.88 3820.84 3818.92 3816.76 3810.67 3800.94 3798.46 3802.33 3801.88 3798.23 3794.17 3797.24 3801.28 3801.36 3817.27 3829.87 3842.71 3868.61 3893.02 3923.09 3964.95 3985.22 4092.11 4070.51 3958.43 3918.16 3895.39 3879.15 3868.29 3862.63 3857.03 3860.32 3862.08 3859.59 3868.42 3864.76 3858.49 3847.57 3837.7 3838.8 3834.29 3816.23 3811.72 3796.82 3784.37 3779.33 3779.45 3776.77 3784.33 3798.52 3813.41 3826.47 3849.24 3835.21 3820.43 3804.86 3812.24 3807.77 3802.83 3809.14 3823.96 3825.74 3826.93 3836.54 3848.45 3857.48
3829.2 3821.41 3817.44 3815.95 3813.79 3804.16 3794.79 3804.05 3802.43 3799.67 3796.66 3795.21 3798.72 3803.36 3806.34 3813.96 3828.42 3842.37 3854.63 3878.31 3903.21 3925.52 3956.68 4091.28 4036.79 3962.15 3916.42 3887.03 3873.99 3867.34 3854.9 3855.41 3869.56 3857.2 3861.95 3869.92 3872.94 3858.92 3838.76 3832.05 3845.28 3830.05 3809.94 3800.96 3789.39 3776.12 3773.05 3780.5 3794.52 3820.9 3820.49 3839.2 3845.65 3848.87 3845.63 3830.39 3827.07 3821.28 3802.23 3789.59 3791.6 3797.16 3797.58 3810.69 3828.2 3843.4 3854.8
3825.02 3818.64 3812.43 3809.8 3811.05 3802.98 3792.86 3802.79 3801.1 3796.77 3794.86 3795.54 3801.57 3810.92 3822.93 3821.75 3826.78 3838.11 3847.03 3854.33 3877.98 3900.34 3915.15 3957.24 3948.61 3926.7 3911.09 3895.04 3881.13 3873.63 3867.82 3875.49 3884.62 3870.1 3886.68 3875.66 3880.96 3857.86 3828.68 3798.4 3829.86 3822.86 3805.2 3796.01 3785.72 3777.68 3773.39 3787.64 3818.57 3840.04 3844.33 3854.17 3840.88 3844.51 3845.05 3828.29 3806.52 3795.43 3785.13 3783.67 3784.12 3778.33 3788.61 3798.29 3822.34 3847.59 3849.69
3804.53 3808.82 3809.89 3807.85 3802.38 3798.87 3792.84 3794.89 3794.82 3793.51 3793.67 3795.42 3801.45 3810.96 3821.7 3818.29 3824.16 3827.03 3837.53 3849.45 3861.53 3869.53 3877.5 3885.79 3886.59 3895.14 3898.41 3891.55 3883.27 3873.17 3861.49 3873.87 3867.41 3875.55 3903.71 3897.05 3885.22 3857.86 3828.02 3811.21 3831.95 3814.9 3804.55 3801.8 3793.76 3789.1 3782.17 3787.01 3814.72 3826.09 3830.97 3849.84 3844.99 3842.8 3855.11 3823.35 3786.05 3782.48 3782.97 3788.24 3785.79 3793.72 3784.4 3790.34 3814.13 3832.31 3831.61
3805.29 3795.84 3806.89 3802.54 3802.91 3793.83 3789.87 3787.98 3789.57 3791.2 3791.85 3794.4 3798.89 3802.02 3811.35 3822.71 3825.18 3828.05 3831.1 3831.79 3851.36 3853.53 3853.3 3862.78 3873.65 3882.9 3885.05 3883.46 3877.23 3869.4 3858.88 3858.78 3859.84 3874.74 3920.27 3912.06 3875.09 3853.1 3840.59 3830.88 3820.25 3822.11 3842.77 3797.09 3795.42 3790.67 3786.7 3784.3 3797.71 3809.9 3831.14 3826.11 3828.16 3832.67 3841.07 3822.09 3782.29 3775.24 3776.19 3778.35 3785.02 3788.91 3788.71 3790.74 3804.09 3817.23 3814.35
3797.57 3794.95 3795.65 3798.94 3796.4 3787.6 3785.67 3786.16 3788.2 3789.33 3790.04 3792.42 3797.92 3805 3814.41 3823.54 3827.65 3831.14 3835.34 3831.77 3843.71 3847.33 3849.51 3854.27 3859.01 3871.16 3875.39 3873.15 3869.09 3863.94 3855.09 3842.94 3847.7 3855.93 3879.84 3881.13 3858.1 3844.68 3844.44 3840.07 3824.81 3829.74 3842.6 3808.94 3785.55 3780.98 3775.32 3774.47 3777.29 3798.23 3818.72 3815.32 3812.31 3818.26 3825.25 3822.69 3774.15 3778.15 3794.92 3802.76 3789.48 3786.79 3784.21 3787.46 3789.96 3801.02 3811.75
3798.21 3799.88 3799.42 3794.27 3788.59 3782.43 3783.79 3788.62 3791.17 3789.25 3788.61 3791.27 3797.46 3805.07 3815.3 3821.25 3826.7 3832.24 3843.41 3842.91 3839.97 3842.78 3847.84 3852.04 3858.42 3870.46 3876.04 3877.48 3872.88 3862.04 3852.31 3841.26 3842.37 3841.85 3847.53 3851.18 3842.54 3838.25 3846.36 3850.57 3834.26 3829.03 3833.02 3817.91 3785.91 3772.88 3761.67 3765.4 3777.55 3784.16 3789.5 3793.36 3783.92 3782.05 3788.01 3813.62 3763.28 3772.41 3798 3806.04 3796.64 3787.16 3782.21 3772.95 3772.12 3785.16 3812.84
3805.8 3801.7 3795.07 3787.16 3785.26 3780.61 3787.9 3789.89 3788.36 3788.77 3787.47 3790.19 3796.96 3805.3 3810.19 3818.72 3823.75 3829.54 3835.87 3853.87 3845.71 3843.04 3840.75 3851.72 3863.3 3884.21 3896.08 3896.56 3887.63 3867.97 3849.86 3846.58 3849.09 3834.76 3841.4 3837.74 3833.9 3835.25 3846.57 3853.24 3843.89 3832.05 3840.15 3830.93 3790.72 3764.59 3754.23 3747.69 3753.63 3766.72 3770.92 3771.86 3769.79 3760.73 3753.95 3785 3742.52 3759.21 3784.79 3797.04 3789.82 3779.05 3769.43 3759.53 3761.76 3772.93 3796.17
3805.5 3802.56 3798.56 3785.77 3783.49 3789.87 3794.01 3793.46 3792.9 3789.68 3784.22 3787.14 3795.53 3805.13 3809.9 3816.27 3822.09 3826.33 3829.67 3833.02 3854.46 3844.58 3838.17 3859.89 3889.33 3915.03 3908.9 3903.41 3901.72 3899.3 3858.45 3838.38 3839.28 3837.21 3829.56 3829.2 3827.19 3830.04 3841.01 3850.03 3837.46 3833.91 3821.76 3820.09 3791.36 3760.9 3747.83 3741.19 3746.46 3752.89 3754.85 3760.38 3749.58 3743.66 3726.84 3762.16 3734.47 3750.65 3775.85 3786.37 3772.1 3763.84 3754.76 3753.37 3758.82 3766.91 3779.46
3807.39 3802.01 3795.41 3785.63 3778.3 3787.39 3794.13 3795.08 3798.35 3791.79 3789.98 3789.52 3793.57 3799.42 3803.83 3814.78 3821.92 3826.34 3827.49 3832.57 3846.95 3847.4 3841.98 3861.3 3922.22 3926.31 3903 3900.46 3907.04 3915.03 3854.18 3831.35 3867.69 3843.27 3831.53 3824.26 3818.18 3819.5 3826.26 3830.45 3821.93 3819.54 3809.2 3810.67 3795.86 3763.57 3755.49 3749.41 3743.04 3745.82 3733.45 3736.8 3737.16 3736.83 3716.87 3750.12 3737.33 3751.38 3764.98 3760.56 3755.72 3756.45 3757.42 3761.46 3746.51 3757.37 3772.85
3802 3798.54 3794.35 3785.54 3776.03 3784.23 3789.92 3788.61 3787.19 3783.01 3782.37 3786.71 3790.57 3797.68 3807.35 3815.71 3823.86 3829.23 3828.33 3827.27 3840.43 3859.61 3866.14 3846.6 3874.65 3868.2 3878 3885.65 3890 3893.13 3912.25 3849.17 3867.73 3848.73 3837.89 3820.04 3807 3795.23 3806.81 3826.78 3819.24 3819.54 3795.15 3800.15 3797.04 3762.49 3764.54 3754.26 3742.21 3738.94 3723.55 3730.28 3732.48 3727.51 3711.03 3736.69 3750.11 3754.76 3754.13 3749.56 3752.25 3762.52 3762.6 3749.59 3744.26 3755.98 3768.92
3796.94 3795.03 3793.45 3787.6 3771.24 3777.98 3784.44 3779.29 3766.56 3770.73 3781.21 3784.14 3787.82 3792.04 3806.72 3816.69 3825.59 3833.47 3833.74 3830.43 3834.32 3842.88 3857.33 3860.98 3855.66 3847.35 3855.38 3862.9 3869.38 3873.02 3888.23 3915.26 3869.33 3847.01 3822.37 3812.43 3799.48 3788.93 3797.94 3810.9 3821.12 3813.37 3801.33 3792.53 3783.27 3756.67 3758.18 3741.55 3725.5 3733.56 3729.89 3728.66 3733.97 3735.71 3722.34 3755.17 3764.8 3755.56 3741.9 3752.82 3780.75 3782.18 3786.66 3782.55 3767.56 3772.18 3785.5
3792.28 3789.58 3788.98 3789.65 3771.31 3774.59 3781.77 3777.27 3773.99 3775.55 3779.67 3785.66 3790.78 3798.54 3808.58 3818.06 3827.21 3834.36 3833.47 3823.21 3826.6 3825.21 3833.92 3846.27 3857.62 3846.27 3845.99 3850.44 3857.22 3861.48 3862.05 3880.09 3886.17 3855.01 3825.66 3810.81 3801.29 3792 3790.68 3800.75 3802.61 3798.14 3786.82 3783.72 3777.05 3758.97 3748.14 3739.46 3730.9 3738.36 3753.08 3744.43 3745.39 3745.34 3738.72 3751.73 3761.32 3755.11 3744.18 3737.7 3784.47 3796.54 3806.33 3807.74 3790.21 3796.68 3815.35
3786.01 3784.76 3778.93 3783.47 3785.54 3772.57 3778.83 3775.26 3773.3 3776.55 3783.52 3787.79 3792.78 3800.95 3809.4 3818.6 3826.58 3832.15 3834.36 3828.8 3820.34 3823.99 3830.11 3833.01 3834.82 3842.65 3839.2 3843.27 3847.15 3851.91 3863.27 3869.36 3874.82 3838.35 3828.35 3816.41 3809.04 3803.5 3794.35 3788.58 3795.46 3793.33 3780.09 3777.85 3774.87 3758.39 3740.38 3736.23 3726.86 3729.37 3746.08 3755.52 3756.1 3748.58 3743.56 3744.16 3754.43 3758.16 3761.08 3728.06 3788.61 3811.23 3817.36 3811.34 3816.04 3819.15 3829.15
3784.35 3787.81 3788.83 3781.03 3786.05 3776.74 3771.27 3770.24 3772.13 3775.85 3782.21 3789.04 3794.52 3801.66 3810.9 3818.38 3826.31 3830.9 3833.42 3832.67 3821.75 3817.42 3825.51 3828.7 3820.11 3812.19 3826.23 3844.53 3847.39 3847.71 3855.84 3848.03 3848.05 3819.09 3817.16 3810.26 3810.48 3812.7 3792.76 3783.44 3775.02 3781.97 3779.38 3774.25 3767.69 3745.1 3729.59 3728.6 3728 3725.36 3740.47 3759.09 3750.07 3751.6 3758.91 3752.99 3759.84 3769.04 3783.78 3741.76 3816.07 3834.36 3841.2 3837.59 3835.65 3844.52 3846.52
3779.72 3791.98 3803.73 3787.17 3788.44 3784.47 3774.35 3770.03 3770.28 3772.74 3780.81 3792.17 3802.1 3810.24 3813.1 3818.62 3826.19 3836.56 3839.63 3842.22 3821.93 3808.14 3820.1 3832.83 3820.22 3806.67 3832.07 3859.91 3874.72 3853.83 3842.06 3837.04 3832.67 3840.34 3817.1 3799.62 3798.44 3803.12 3804.29 3782.15 3789.53 3775.64 3771.1 3763.63 3752.39 3740.41 3727.24 3723.85 3723.42 3719.57 3735.22 3752.83 3747.63 3753.66 3753.47 3764.34 3771.51 3782.7 3803.26 3788.26 3843.41 3849.67 3857.01 3863.62 3866.59 3875.35 3884.22
3786.55 3787.62 3789.94 3785.56 3788.25 3786.26 3778.54 3774.35 3770.07 3768.44 3789.47 3796.64 3804.11 3809.69 3812.72 3816.56 3821.52 3826.21 3829.84 3829.06 3820.79 3809.96 3813.82 3825.73 3821.6 3832.78 3842 3867.86 3908.99 3854.47 3818.36 3807.43 3801.1 3851.57 3813.67 3783.66 3780.43 3777.66 3771.33 3774.91 3778.07 3772.17 3755.81 3747.92 3743.36 3731.28 3724.12 3726.16 3721.99 3719.99 3726.51 3741.06 3760.07 3762.21 3766.69 3774.12 3790.88 3802.49 3813.95 3825.12 3848.89 3854.83 3848.56 3850.73 3864.42 3870.62 3877.12
3783.68 3778.66 3772.54 3772.88 3776.48 3787.31 3787.22 3781.15 3773.67 3775.22 3788.34 3796.91 3804.06 3807.4 3811.11 3812.79 3813.33 3813.61 3817.21 3815.35 3808.13 3821.21 3815.71 3810.65 3800.85 3805.89 3811.15 3838.11 3860.75 3821.7 3802.38 3780.95 3781.22 3805.78 3796.91 3776.19 3766.25 3755.61 3750.05 3764.35 3754.8 3754.08 3731.68 3729.76 3734.34 3731.44 3728.08 3734.06 3737.26 3727.87 3729.92 3751.59 3754.9 3775.62 3786.62 3803.25 3813.09 3821.47 3823.7 3834.78 3837.72 3840.87 3834.08 3829.1 3832.96 3845.53 3854.27
3774.41 3773.41 3769.87 3769.27 3776.76 3795.86 3786.18 3780.4 3775.38 3773.99 3783.52 3793.91 3808.53 3811.77 3809.33 3807.49 3806.28 3805.43 3809.21 3812.81 3807.26 3805.44 3807.83 3807.83 3805.19 3800.69 3788.36 3797.72 3802.55 3789.69 3784.18 3753.68 3759.79 3769.78 3776.51 3773.32 3756 3743.26 3727.51 3751.65 3758.39 3748.02 3727.79 3723.44 3731.95 3742.47 3735.01 3739.77 3738.27 3732.03 3745.92 3763.66 3769.54 3787.62 3805.48 3803.92 3812.32 3818.46 3822.36 3825.25 3833.41 3845.2 3832.7 3812.79 3824.85 3825.01 3832.98
3774.02 3773.97 3768.33 3767.55 3769.05 3769.72 3776.03 3778.42 3775.89 3774.78 3780.89 3786.35 3794.89 3805.1 3801.79 3800.35 3798.94 3796.25 3801.32 3803.76 3799.39 3790.74 3793.74 3790.27 3785.49 3778.59 3770.33 3771.54 3770.14 3791.2 3760.89 3744.05 3755.26 3766.55 3763.42 3742.69 3741.93 3742.99 3734.25 3741.92 3743.94 3730.57 3723.03 3719.69 3728.84 3722.79 3734.83 3732.77 3735.42 3743.71 3744.86 3762.02 3762.19 3783.98 3806.47 3807.53 3814.05 3812.85 3799.22 3802.34 3833.98 3853.09 3847.59 3834.75 3805.24 3807.31 3809.65
3769.15 3768.5 3766.27 3764.16 3759.95 3758.58 3764.61 3774.27 3772.53 3770.57 3777.36 3778.3 3776.43 3784.72 3790.56 3792.74 3795.44 3795.74 3794.45 3793.01 3790.26 3789.3 3778.54 3772.88 3759.79 3757.1 3754.55 3757.13 3764.99 3759.83 3749.75 3747.86 3746.34 3762.08 3750.31 3725.94 3728.55 3737.15 3742.23 3758.02 3757.27 3742.01 3726.56 3723.25 3733.62 3740 3732.45 3737.43 3739.08 3735.22 3737.44 3752.6 3755.19 3774.7 3791.17 3794.05 3790.91 3788.47 3785.78 3800.11 3793.66 3841.24 3848.35 3840.44 3802.13 3774.3 3780.92
3772.54 3765.44 3757.73 3760.43 3763.74 3751.15 3761.07 3767.78 3768.52 3770.88 3771.93 3772.36 3773.46 3776.89 3780.27 3783.31 3786.58 3788.73 3786.4 3784.2 3781.2 3781.01 3778.94 3766.71 3743.07 3739.06 3739.18 3741.17 3751.51 3760.98 3754.85 3745.37 3742.78 3738.63 3731.56 3722.03 3721.99 3732.68 3740.78 3751.72 3751.13 3749.86 3749.5 3736.87 3743.04 3750.89 3732.79 3740.29 3738.14 3737.89 3733.4 3747.74 3755.12 3770.49 3781.45 3770.72 3764.36 3768.07 3772.03 3777.68 3759.9 3811.6 3824.72 3817.08 3786.6 3759.33 3762.25
3774.39 3769.44 3763.45 3759.4 3763.72 3771.71 3773.19 3767.47 3767.43 3767.97 3764.94 3766.49 3767.97 3769.85 3770.11 3770.32 3770.6 3773.02 3773.72 3776.79 3779.16 3792.16 3772.07 3753.76 3740.07 3731.63 3724.58 3735.83 3741.47 3749.81 3749.14 3742.03 3736.4 3730.73 3724.3 3718.4 3719.15 3722.66 3736.49 3738.45 3758.74 3759.25 3746.06 3744.69 3750.55 3752.17 3733.77 3744.45 3751.57 3732.96 3735.14 3740.26 3756.08 3767.61 3775.5 3778.01 3758.6 3762.83 3766.92 3770.59 3776.16 3789.63 3802.36 3792.49 3765.3 3751.86 3754.57
3770.71 3758.19 3756.87 3755.28 3760.57 3777.21 3782.09 3776.88 3765.94 3756.45 3758.71 3765.54 3768.81 3764.26 3762.08 3760.43 3758.15 3759.92 3763.86 3768.47 3782.48 3773.41 3765.55 3745.45 3732.58 3724.12 3725.27 3755.85 3747.56 3748.09 3754.02 3748.21 3739.32 3726.97 3724.75 3727.78 3727.93 3726 3736.36 3758.97 3752.2 3752.75 3744.71 3758.38 3756.04 3752.82 3743.51 3744.31 3741.84 3732.04 3734.06 3736.53 3752.81 3779.32 3782.62 3775.05 3780.46 3769.35 3764.13 3764.39 3775.23 3785.4 3787.22 3782.01 3766.78 3750.92 3753.23
3756.49 3754.62 3756.25 3751.74 3751.92 3762 3768.79 3767.67 3755.69 3747.14 3750.38 3750.78 3750.04 3754.62 3754.45 3751.78 3749.97 3750.83 3753.68 3756.01 3753.66 3762.37 3737.85 3735.53 3725.47 3719.4 3728.15 3746.21 3742.08 3737.14 3748.22 3756.12 3742.94 3732.79 3732.98 3735.76 3737.43 3729.92 3728.45 3731.7 3750.65 3755.26 3746.25 3753.91 3754.38 3761.51 3757.65 3745.77 3742.46 3738.86 3740.22 3738.68 3740.62 3758.95 3778.25 3782.74 3774.87 3766.99 3756.57 3753.58 3754.74 3785.92 3777.26 3776.55 3775.49 3749.4 3760.25
3733.83 3753.34 3754.36 3747.16 3745.66 3747.99 3750.22 3753.94 3753.01 3746.53 3740.27 3736.08 3750.74 3752.21 3749.02 3744.25 3741.83 3742.1 3744.83 3747.82 3751.44 3746.99 3732.33 3730.47 3735.02 3738.31 3731.35 3752.87 3740.54 3729.27 3739.88 3752.54 3748.07 3742.45 3733.4 3738.78 3736.7 3721.47 3724.89 3737.4 3734.69 3748.96 3757.69 3740.47 3750.9 3761.25 3755.79 3747.17 3746.56 3745.05 3740.96 3738.76 3744.38 3757.81 3774.81 3790.62 3783.39 3770.64 3757.3 3761.31 3769.27 3791.76 3784.22 3786.37 3780.01 3779.92 3776.84
3733.83 3750.51 3745.82 3742.03 3738.59 3736.87 3743.1 3753.19 3758 3747.35 3732.69 3734.09 3760.56 3751.87 3746.33 3740.79 3733.23 3736.16 3738.62 3739.53 3739.6 3738.3 3739.12 3741.75 3741.23 3748.07 3742.47 3742.04 3742.5 3735.82 3724.23 3728.46 3736.04 3744.1 3731.96 3741.87 3732.23 3719.66 3720.8 3725.84 3772.26 3759.39 3755.82 3744.86 3759.92 3781.6 3771.52 3754.33 3752.43 3742.61 3740.26 3737.24 3742.58 3741.17 3778.6 3784.48 3784.87 3775.72 3775.48 3784.51 3801.16 3796.6 3807.34 3801.61 3791.9 3783.91 3781.76
3728.15 3719.6 3727.45 3732.88 3731.54 3729.91 3737.67 3750.07 3763.09 3744.67 3729.6 3724.52 3734.15 3742.43 3743.05 3741.86 3742.84 3736.85 3735.26 3733.54 3732.33 3732.86 3733.46 3743.03 3736.06 3722.11 3746.36 3742.66 3748.2 3743.98 3730.42 3729.6 3727.46 3723.83 3732.65 3733.74 3728.12 3725.1 3722.57 3719.94 3735.08 3768.14 3780.08 3778.79 3813.95 3832.46 3836.11 3786.24 3755.49 3745.89 3747.66 3748.56 3755.75 3749.14 3790.3 3786.1 3785.76 3784.75 3786.15 3797.76 3814.44 3798.68 3812.7 3807.2 3793.6 3778.7 3785.74
3713.25 3725.89 3721.91 3721.22 3724.51 3724.95 3725.07 3737.27 3748.29 3736.39 3727.25 3723.95 3730.35 3737.77 3740.61 3742.68 3742.36 3737.88 3733.77 3730.02 3728.57 3731.01 3738.86 3745.19 3743.12 3748.18 3754.34 3751.59 3745.36 3759.68 3759.65 3717.73 3722.56 3716.84 3716.61 3712.56 3696.98 3726.58 3719.7 3718.23 3732.79 3785.07 3841.97 3880.76 3898.03 3894.55 3869.24 3829.5 3797.19 3762.14 3758.91 3760.27 3798.79 3848.62 3820.87 3800.92 3804.39 3825.54 3812.39 3808.07 3809.42 3811.13 3811.55 3794.19 3795.98 3797.23 3806.24
3723.11 3726.83 3723.81 3725.44 3720.68 3718.72 3720.18 3724.8 3726.41 3723.7 3724.19 3731.86 3735.73 3736.34 3737.67 3739.99 3740.3 3735.92 3731.84 3728.66 3727.67 3729.72 3743.68 3753.02 3749.41 3757.3 3758.6 3756.5 3760.74 3768.31 3759.17 3768.01 3738.92 3720.75 3710.76 3705.3 3693.56 3701.63 3685.98 3706.71 3749.54 3831.13 3894.58 3907.86 3932.84 3974.74 3970.59 3887.92 3835.95 3814.81 3842.69 3861.3 3849.06 3828.38 3835.52 3828.99 3812.68 3822.01 3821 3817.68 3801.54 3779.49 3784.27 3773.72 3773.41 3771.1 3780.5
