real_craters/C199-300m.grd
DSAA
684 684
-102.445 102.445
-102.445 102.445
7126.3156636641 10813.151550486
[rows 150 to 179 of 684, columns 469 to 535 of 684]
9638.12 9633.67 9628.63 9623.16 9616.84 9617.79 9614.72 9614.04 9620.39 9620.62 9607.87 9601.29 9597.34 9593.34 9587.67 9574.81 9582.75 9591.45 9596.12 9599.24 9601.24 9605.03 9610.32 9615.46 9620.68 9625.62 9630.15 9634.59 9642.98 9652.68 9653.01 9651.15 9647.2 9641.34 9634.27 9625.78 9621.57 9617.08 9612.18 9606.91 9602.37 9601.1 9616.56 9620.73 9616.81 9620.62 9626.8 9633.91 9640.89 9647.88 9655.05 9662.67 9669.51 9639.57 9614.47 9624.2 9665.66 9675.94 9671.7 9665.5 9659.6 9651.55 9640.51 9628.79 9616.54 9605.29 9595.09
9633.93 9630.31 9626.18 9621.73 9618.04 9617.08 9610.89 9604.75 9602.07 9603.31 9603.16 9603.1 9603.11 9602.54 9600.46 9596.65 9601.54 9607.76 9610.5 9612.2 9614.14 9617.06 9620.08 9623.56 9627.39 9631.69 9636.42 9643.25 9650.74 9656.29 9657.65 9656.51 9653.29 9647.91 9640.38 9630.57 9625 9622.52 9618.95 9614.47 9611.4 9614.07 9626.08 9620.25 9614.1 9619.79 9627.53 9634.7 9640.97 9647.28 9652.3 9658.07 9659.62 9640.35 9615.94 9616.91 9684.34 9684.03 9678.15 9672.9 9668.74 9661.25 9647.97 9634.42 9621.59 9609.45 9598.45
9632.31 9627.83 9624.44 9621.49 9618.4 9616.31 9608.82 9597.47 9576.49 9584.18 9599.08 9606 9610.24 9614.26 9619.82 9628.19 9632.32 9628.54 9626.02 9625.34 9626.81 9629.06 9629.66 9631.36 9634.26 9638.3 9643.05 9649.09 9656.27 9662.03 9664.02 9663.41 9661.14 9657.33 9652.17 9643.27 9633.6 9633.39 9628.73 9622.74 9617.53 9614.39 9610.91 9605.06 9608.7 9620.01 9627.1 9633.15 9638.49 9643.08 9645.9 9648.24 9646.86 9633.29 9612.7 9613.83 9665.36 9675.19 9674.05 9672.38 9671.08 9665.36 9651.53 9636.8 9622.61 9610.44 9599.16
9632.7 9630.65 9627.4 9623.2 9620.34 9618.25 9612.54 9606.14 9598.15 9598.34 9605.63 9612.36 9618.37 9625.34 9634.42 9649.56 9656.28 9643.34 9638.38 9636.44 9636.36 9638.39 9636.91 9638.27 9640.98 9644.66 9649.18 9654.47 9663.84 9670.21 9671 9670.53 9669.57 9668.61 9668.57 9663.79 9658.36 9651.1 9641.25 9631.9 9623.16 9614.93 9606.74 9605.32 9616.87 9624.36 9629.7 9633.61 9637.12 9638.92 9639.38 9637.41 9630.92 9619.98 9610.26 9615.14 9645.81 9655.37 9660.58 9663.66 9665.91 9663.26 9649.89 9634.4 9620.72 9608.46 9598.41
9637.88 9633.62 9630.06 9627.06 9623.47 9621.71 9618.84 9619.39 9631.78 9618.83 9617.15 9621.05 9626.71 9633.62 9640.77 9645.34 9642.24 9647.63 9646.5 9644.35 9642.41 9639.21 9641.76 9644.28 9647.08 9650.48 9654.81 9660.34 9669.85 9676.55 9676.88 9676.58 9676.75 9678.41 9683.65 9692.83 9688.37 9666.4 9652.42 9640.64 9629.61 9619.67 9615.38 9622.74 9629.61 9631.55 9633.06 9635.52 9635.44 9635.03 9632.36 9627.19 9618.87 9609.97 9611.45 9607.28 9614.81 9631.81 9642.79 9649.35 9653.93 9654.22 9641.5 9627.55 9615.57 9605.42 9596.18
9640.84 9636.93 9633.55 9631.27 9628.99 9625.5 9622.91 9621.32 9619.08 9623.24 9624.98 9628.62 9633.74 9639.84 9645.52 9649.3 9652.92 9653.75 9653.45 9651.68 9649.44 9647.09 9647.97 9650.54 9653.01 9655.73 9659.5 9665.07 9674.43 9679.61 9679.98 9680.08 9680.72 9682.59 9687.34 9692.99 9678.85 9671.17 9660.84 9649.1 9637.12 9625.71 9615.15 9628.26 9636.07 9636.77 9635.9 9635.12 9633.79 9631.52 9627.74 9620.78 9615.27 9613.65 9618.85 9603.75 9598.29 9614.22 9626.7 9633.25 9635.65 9633.42 9625.09 9615.97 9607.95 9599.97 9592.34
9644.44 9640.56 9637.8 9635.01 9632.3 9629.06 9626.45 9622.99 9620.34 9625.6 9630.11 9634.37 9639.38 9645.06 9650.88 9656.37 9660.63 9661.52 9660.59 9659.25 9657.47 9654.88 9655.71 9657.71 9658.67 9659.78 9662.14 9666.77 9673.13 9678.28 9680.55 9681.72 9682.49 9682.87 9681.57 9676.52 9680.14 9678.17 9669.24 9657.9 9646.25 9635.86 9629 9630.79 9643.62 9639.64 9637.4 9635.53 9633.48 9630.13 9624.61 9618.2 9612.27 9610.76 9612.15 9599.09 9595.99 9607.89 9616.48 9620.44 9618.33 9610.77 9606.59 9604.14 9599.45 9593.69 9587.95
9648.64 9644.85 9641.9 9639.03 9635.76 9633.14 9631.34 9629.53 9628.95 9631.65 9635.24 9639.85 9644.71 9649.97 9655.68 9661.85 9668.5 9667.39 9666.61 9666.39 9666.58 9666.95 9667.61 9666.38 9664.46 9663.18 9662.89 9664.91 9671.19 9677.51 9680.16 9681.72 9682.88 9683.61 9682.82 9682.25 9692 9688.33 9677.43 9666.26 9655.58 9646.91 9643.08 9636.51 9633.57 9636.33 9637.67 9637.38 9635.3 9630.5 9625.13 9618.08 9609.51 9599.49 9601.18 9594.73 9604.83 9610.98 9613.11 9612.21 9607.62 9597.96 9595.65 9596 9593.49 9588.9 9584.12
9652.32 9649.26 9647.15 9644.13 9639.7 9637.92 9637.05 9637.13 9637.54 9638.2 9640.96 9644.67 9649.12 9653.96 9659 9664.17 9665.97 9668.88 9670.63 9671.62 9673.83 9678.93 9680.75 9673.42 9668.95 9665.75 9663.24 9661.12 9668.37 9677.17 9678.58 9680.47 9682.61 9685.09 9689.69 9694.65 9696.23 9692.54 9683 9673.1 9663.76 9655.08 9645.91 9632.88 9628.3 9635.5 9640.4 9641.16 9639.15 9635.3 9628.78 9622.06 9613.99 9606.29 9608.07 9604.59 9615.75 9616.64 9613.22 9609.71 9604.83 9600.18 9597.33 9593.36 9589.45 9585.35 9580.74
9655.71 9652.48 9650.19 9647.35 9644.38 9642.81 9642.06 9642.34 9642.9 9643.83 9646.06 9648.86 9652.51 9656.76 9661.54 9666.44 9670.46 9672.85 9673.38 9674.38 9676.37 9678.89 9678.75 9675.2 9671.59 9668.13 9665.05 9664.67 9666.91 9671.33 9674.89 9678.54 9681.71 9684.59 9687.85 9691.89 9694.22 9692.21 9685.76 9678.84 9671.63 9664.05 9655.55 9647.76 9643.08 9645.51 9648.31 9648.07 9645.13 9640.72 9634.9 9629.05 9623.51 9619.8 9624.83 9604.71 9616.6 9617.59 9613.99 9609.43 9604.65 9601.88 9597.73 9591.63 9587.19 9582.75 9578.3
9659.19 9655.48 9652.57 9650.52 9648.06 9646.75 9646.13 9645.9 9646.59 9647.92 9650.05 9652.7 9655.96 9659.34 9663.13 9667.79 9672.6 9674.95 9674.08 9674.79 9676.08 9676.24 9674.43 9675.06 9673.67 9670.93 9667.49 9663.76 9665.21 9666.16 9671.91 9677.5 9681.12 9683.26 9683.71 9686.26 9689.46 9689.33 9687.16 9684.07 9679.89 9675.05 9670.01 9665.3 9662.8 9663.62 9661.21 9658.01 9653.56 9648.6 9643.35 9638.23 9633.6 9629.08 9623.49 9618.94 9620.96 9619.09 9614.63 9609.59 9603.89 9598.05 9591.67 9589.07 9585.36 9581.24 9576.68
9661.55 9658.87 9656.08 9654.04 9651.53 9650.42 9649.71 9648.95 9650.06 9651.9 9654.19 9656.43 9658.92 9661.34 9664.16 9667.01 9668.96 9669.92 9671.53 9673.74 9675.9 9676.8 9675.11 9677.57 9676.87 9675.12 9672.57 9670.53 9670.18 9669.12 9674.78 9679.58 9682.23 9683.95 9685.43 9686.67 9687.33 9686.72 9689.51 9690.08 9688.78 9686.71 9684.82 9683.87 9681.93 9681.25 9674.86 9668.15 9661.84 9656.03 9650.55 9645.9 9643.03 9640.08 9635.91 9637.99 9629.04 9621.59 9615.8 9610.16 9604.3 9598.62 9593.52 9589.24 9584.75 9581.22 9577.07
9663.1 9661.5 9659.33 9657.64 9654.81 9653.86 9653.36 9653.62 9654.18 9655.74 9657.83 9659.85 9661.78 9663.48 9664.96 9665.89 9665.09 9664.04 9668.53 9672.67 9676.5 9679.94 9684.59 9682.42 9680.49 9679.9 9680.74 9679.56 9680.42 9682.73 9684.47 9684.44 9684.72 9685.58 9687.7 9689.52 9690.9 9692.05 9695.59 9697.48 9697.7 9697.4 9697.76 9697.37 9696.91 9695.6 9686.59 9677.48 9669.24 9662.15 9655.98 9650.71 9648.15 9645.89 9637.47 9629.57 9631.51 9622.56 9616.21 9610.5 9604.73 9599.54 9594.96 9590.09 9585.52 9581.43 9578.11
9664.63 9663.74 9662.12 9660.79 9658.11 9657.43 9656.8 9656.67 9658.15 9660.1 9661.31 9663.16 9664.84 9666.01 9666.49 9666.39 9664.69 9663.81 9667.73 9672.76 9677.73 9681.91 9684.02 9684.09 9681.71 9681.24 9685.77 9689.68 9686.94 9691.46 9691.97 9688.1 9686.93 9686.88 9687.02 9692.65 9697.5 9701.3 9704.26 9705.49 9705.51 9705.41 9706.74 9710.74 9707.4 9703.91 9695.12 9685.28 9675.37 9666.21 9658.16 9652.41 9647.49 9644.62 9636.47 9626.47 9631.63 9622.74 9616.56 9610.65 9604.84 9599.54 9595.02 9590.3 9585.82 9582.36 9579.54
9666.42 9665.39 9664.5 9661.62 9661.21 9660.85 9660.61 9660.97 9662.28 9664.43 9665.61 9667.25 9668.85 9669.66 9670.17 9669.52 9667.49 9665.34 9669.52 9674.57 9679.28 9683.14 9687.52 9685.15 9678.97 9676.09 9676.66 9679.16 9682.46 9686.58 9687.8 9687.22 9688.07 9689.78 9693.25 9698.47 9705.34 9710.81 9713.88 9713.55 9711.61 9710.14 9710.02 9709.98 9711.28 9707.69 9699.79 9690.03 9679.61 9668.66 9659.19 9650.87 9643.5 9638.4 9629.92 9626.85 9631.05 9623.36 9617.21 9610.71 9604.4 9598.64 9593.95 9589.32 9585.75 9583.08 9581.42
9668.24 9666.98 9666.3 9663.6 9663.39 9664.12 9664.79 9665.55 9667.07 9668.31 9670.43 9672.16 9673.54 9674.47 9675.38 9675.4 9673.78 9671.45 9675.11 9679.13 9681.86 9683.04 9682.52 9678.51 9672.46 9667.07 9664.94 9668.65 9674.63 9677.45 9678.57 9685.46 9688.65 9691.51 9696.16 9703.25 9712.59 9721.79 9724.56 9719.69 9714.41 9710.84 9709.15 9708.99 9709.75 9709.55 9703.87 9694.29 9682.35 9669.71 9658.59 9646.06 9636.15 9629.18 9627.81 9629.51 9630.44 9626.79 9618.15 9609.45 9602.57 9596.5 9591 9587.08 9584.37 9582.3 9581.01
9669.64 9668.33 9667.04 9664.97 9665.31 9667.04 9669.14 9670.69 9671.2 9672.28 9674.59 9677.39 9679.19 9681.24 9683.22 9683.92 9683.91 9684.33 9685.87 9686.93 9686.68 9683.95 9678.78 9672.56 9666.79 9660.56 9652.82 9660.52 9671.86 9679.9 9685.49 9688.76 9689.74 9691.45 9695.86 9703.56 9714.7 9728.98 9730.72 9719.9 9712.25 9707.45 9705.34 9705.72 9708.27 9710.26 9706.33 9696.58 9683.63 9668.92 9653.99 9640.75 9627.75 9617.42 9611.96 9630.37 9627.59 9624.01 9614.87 9606.12 9599.16 9593.35 9588.68 9584.93 9582.52 9580.86 9578.93
9670.3 9669.62 9669.05 9666.1 9666.62 9667.81 9670.6 9672.74 9674.06 9675.86 9678.28 9681.93 9685.64 9688.97 9692.17 9694.25 9695.76 9697.31 9698.15 9697.46 9695.22 9689.58 9679.41 9668.2 9667.85 9664.4 9660.23 9666.29 9676.59 9686.75 9695.5 9693.98 9691.52 9688.65 9690.96 9699.21 9708.32 9716.91 9717.99 9710.5 9704.07 9700.43 9698.86 9698.9 9701.02 9711.44 9709.84 9699.34 9685.33 9668.78 9651.73 9635.73 9619.38 9608.1 9610.5 9627.7 9623.81 9615.72 9607.01 9599.76 9593.83 9588.89 9584.86 9581.61 9579.55 9577.3 9576.27
9670.89 9670.23 9669.43 9666.74 9666.55 9667.52 9669.54 9672.25 9675.19 9678.47 9682.53 9686.71 9691.72 9696.61 9701.32 9705.18 9707.66 9708.19 9708.69 9710.69 9708.22 9702.11 9692.24 9677.92 9681.88 9678.42 9675.49 9678.9 9685.62 9692.52 9697.52 9696.9 9694.66 9692.2 9691.23 9693.77 9697.19 9699.37 9698.5 9694.52 9691.42 9690.42 9691.11 9693.25 9697.26 9708.7 9711.34 9700.75 9685.69 9668.05 9648.81 9630.57 9613.44 9600.43 9604.22 9627.29 9620.6 9608.53 9598.06 9591.9 9586.86 9582.8 9580.54 9578.74 9575.45 9573.13 9572.36
9672.47 9671.31 9669.54 9666.66 9665.29 9666.37 9668.3 9671.15 9675.77 9680.73 9686.01 9691.77 9697.33 9703.98 9709.94 9715.9 9721.45 9724.79 9726.08 9728.74 9724.79 9719.42 9715.44 9718.67 9707.26 9698.92 9692.8 9694.26 9696.82 9699.45 9699.91 9700.4 9698.81 9695.37 9691.96 9688.64 9685.12 9681.3 9678.06 9675.41 9676.1 9678.79 9683.03 9688.78 9695.16 9701.21 9710.61 9701.85 9686.45 9667.58 9647.3 9627.45 9609.41 9596.42 9601.7 9619.91 9618.21 9603.1 9591.53 9584.38 9579.03 9575.31 9573.73 9573.6 9569.39 9566.6 9567.12
9675.49 9674.11 9670.78 9666.94 9665.17 9664.74 9666.14 9669.99 9676.58 9683.33 9690.41 9697.16 9704.02 9710.59 9717.99 9726.12 9735.5 9746.68 9759.82 9748.8 9740.9 9735.32 9732.56 9731.61 9725.99 9720.7 9716.02 9710.76 9708.62 9708.31 9708.34 9707.48 9704.45 9699.16 9692.08 9683.74 9674.1 9663.4 9654.13 9654.58 9660.25 9666.98 9674.75 9684.25 9695.4 9700.4 9712.03 9703.23 9687.5 9668.17 9647.3 9627.04 9608.49 9594.58 9598.96 9615.15 9609.35 9596.33 9584.67 9577.67 9571.24 9565.47 9561.89 9562.85 9556.96 9555.96 9560.06
9681.25 9677.34 9674.12 9670.01 9666.65 9664.01 9661.88 9669.86 9678.64 9686.76 9694.7 9701.9 9709.48 9716.75 9724.78 9733.59 9743.51 9755.49 9764.59 9758.16 9750.88 9745.83 9742.43 9738.88 9736.18 9735.2 9731.5 9722.97 9718.16 9716.34 9716.57 9715.28 9710.62 9705.17 9693.97 9680.88 9666.45 9651.02 9634.56 9639.72 9647.88 9656.87 9666.82 9677.43 9687.96 9699.62 9710.09 9703.76 9688.68 9669.25 9648.43 9628.18 9610.1 9599.78 9604.7 9615.05 9605.17 9592.22 9582.41 9574.08 9564.64 9554.44 9543.99 9536.76 9534.78 9541.75 9552.61
9687.05 9681.45 9677.11 9674.46 9670.82 9667.61 9668 9673.5 9681.68 9690.78 9698.83 9706.83 9714.4 9721.69 9729.15 9737.58 9745.45 9753.15 9759.24 9756.31 9753.97 9751.79 9749.24 9744.83 9742.39 9741.09 9735.56 9728.43 9723.4 9720.57 9719.65 9718.16 9713.72 9706.62 9695.58 9680.13 9663.18 9646.69 9637.76 9633.46 9638.87 9648.85 9659.58 9670.42 9681.92 9697.13 9708.97 9704.56 9689.89 9671.45 9651.26 9631.2 9613.02 9599.37 9609.64 9625.67 9613.94 9596.1 9585.69 9574.88 9561.89 9546.31 9528.57 9510.57 9511.94 9529.3 9547.79
9693.63 9688.46 9684.29 9682.02 9677.79 9673.98 9673.08 9680.27 9687.73 9695.61 9702.77 9711.36 9718.34 9725.52 9732.39 9739.07 9744.56 9747.75 9744.05 9749.31 9754.05 9755.35 9754.38 9754.86 9751.35 9741.09 9734.22 9729.14 9725.42 9721.97 9717.43 9713.26 9717.23 9714.46 9698.68 9681.48 9663.38 9644.84 9626.13 9623.3 9634.18 9645.03 9654.69 9664.4 9675.37 9690.33 9709.08 9705.22 9689.81 9672.22 9653.82 9635.38 9619.33 9607.99 9618.79 9634.66 9622.44 9601.24 9592.66 9580.59 9564.39 9545.41 9524.37 9503.38 9503.65 9525.13 9548.5
9701.96 9697.54 9693.92 9691.62 9688.81 9686.9 9686.98 9690.67 9696.14 9702.08 9707.95 9714.65 9720.51 9726.73 9734.05 9739.4 9744.15 9747.43 9750.18 9753.28 9755.87 9757.62 9757.08 9756.59 9750.13 9730.04 9727.87 9728.67 9726.64 9723.49 9720 9717.43 9719.44 9713.85 9700.42 9683.68 9666.92 9650.06 9632.57 9628.31 9638.82 9646.48 9652.68 9659.02 9667.71 9681.72 9699.07 9698.07 9686.05 9671.42 9656.23 9641.27 9628.89 9622.7 9629.16 9637.29 9629.28 9612.59 9603.92 9589.68 9571.93 9552.94 9532.4 9513.12 9510.14 9532.22 9555.86
9711.82 9709.78 9705.14 9703.16 9702.14 9700.83 9700.95 9703.07 9705.85 9709.79 9714.33 9718.97 9723.34 9729.09 9734.7 9739.98 9744.94 9749.42 9754.03 9756.81 9758.35 9759.07 9757.63 9754.05 9743.97 9737.12 9733.23 9731.2 9728.15 9724.85 9723.21 9725.13 9726.13 9717.14 9699.31 9684.93 9672.58 9662.49 9655.69 9653.81 9653.52 9652.35 9652.29 9653.5 9657.63 9668.85 9683.44 9685.66 9679.33 9669.14 9657.93 9646.87 9637.95 9634.56 9638.22 9642.97 9638.83 9624.72 9612.01 9598.66 9583.15 9567.11 9552.03 9537.83 9534.34 9553 9568.66
9721.82 9719.71 9714.59 9714.27 9715.77 9717.33 9715.86 9715.03 9715.65 9717.99 9720.3 9723.88 9726.48 9731 9735.83 9741.04 9745.44 9750.4 9757 9761.79 9759.29 9759.48 9758.89 9756.89 9753.82 9749.37 9742.54 9735.74 9729.23 9723.56 9719.31 9716.19 9706.99 9700.52 9691.72 9683.57 9677.31 9674.03 9676.73 9682.88 9667.27 9658.43 9652.83 9648.4 9644.89 9644.16 9664.68 9672.79 9672.05 9666.69 9659.49 9651.74 9644.85 9642.17 9645.89 9648.17 9642.2 9629.45 9619.44 9609.4 9595.58 9583.71 9575.71 9575.71 9585.62 9580.62 9582.92
9730.73 9728.59 9725.04 9725.82 9727.64 9728.46 9726.94 9724.83 9724.49 9724.78 9725.76 9728.06 9730.25 9733.34 9737.16 9742.01 9745.74 9749.15 9751.88 9752.01 9756.28 9758.91 9760.81 9761.55 9761.9 9760.95 9750.26 9739.38 9729.49 9720.22 9711.01 9701.04 9684.41 9679.6 9681.46 9680.37 9678.92 9678.66 9679.91 9678.98 9670.61 9661.92 9653.98 9646.58 9638.61 9632.91 9647.8 9662.65 9666.16 9665.14 9661.92 9657.35 9652.24 9650.04 9654.27 9656.04 9652.31 9630.77 9624.84 9616.57 9606.15 9598.4 9594.59 9596.19 9600.72 9596.8 9594.05
9740.75 9738.19 9736.49 9735.45 9737.84 9737.03 9735.85 9733.24 9731.63 9729.88 9731.06 9733.15 9734.66 9737.05 9739.83 9742.61 9745.34 9747.7 9748.53 9749.61 9753.83 9757.85 9761.25 9764.26 9768.24 9765.85 9752.92 9739.93 9727.6 9715.81 9702.62 9686.01 9670.73 9671.82 9676.5 9678.33 9679.07 9679.52 9678.3 9672.39 9670.72 9664.62 9657.08 9649.27 9642.27 9638.45 9650.42 9657.89 9662.78 9665.01 9665.24 9664.39 9663.99 9663.7 9663.85 9663.65 9658.47 9645.85 9632.03 9620.97 9614.17 9609.17 9606.82 9606.63 9605.94 9604.76 9602.12
9747.86 9744.95 9745.05 9743.69 9747.4 9748.92 9744.4 9739.99 9736.66 9734.53 9734.63 9735.69 9738.49 9740.16 9742.42 9743.5 9745.75 9747.36 9748.37 9749.73 9752.96 9756.7 9760.33 9763.15 9763.07 9760.2 9749.75 9736.97 9724.73 9712.45 9699.92 9684.18 9674.09 9674.59 9676.7 9677.67 9678.84 9679.71 9679.85 9679.66 9675.19 9668.7 9661.8 9655.37 9651.04 9652.16 9656.17 9658.93 9662.64 9666.49 9669.4 9671.01 9670.61 9671.53 9672.14 9670.43 9664.48 9652.38 9638.34 9627.85 9620.57 9616.46 9615.02 9615 9613.83 9613.26 9610.16
