real_craters/C199-300m.grd
DSAA
684 684
-102.445 102.445
-102.445 102.445
7126.3156636641 10813.151550486
[rows 450 to 479 of 684, columns 67 to 133 of 684]
9575.28 9572.64 9569.52 9566.34 9563.92 9561.15 9558.86 9556.89 9553.99 9551.92 9553.02 9551.35 9550.1 9550.39 9550.92 9551.96 9553.6 9555.72 9559.54 9564.74 9568.75 9569.99 9572.71 9576.35 9579.77 9583.37 9586.56 9588.47 9589.91 9589.96 9586.07 9579.71 9575.99 9580.82 9585.65 9591.12 9594.26 9594.5 9593.89 9593.83 9592.96 9592.17 9591.29 9589.56 9587.99 9586.15 9584.42 9583.32 9583.66 9584.01 9586.02 9588.57 9591.52 9594.58 9596.98 9593.38 9590.41 9602.14 9638.09 9644.31 9641.57 9634.71 9626.65 9620.23 9616.24 9612.85 9611.31
9576.64 9574.27 9571.18 9567.85 9563.85 9560.89 9558.34 9556.51 9548.78 9548.89 9550.49 9550 9549.58 9548.9 9549.23 9549.44 9550.47 9551.44 9554.26 9559.73 9563.9 9566.28 9570.28 9574.94 9579.16 9583.23 9586.03 9587.91 9587.95 9586.08 9580.19 9573.01 9573.72 9584.49 9589.21 9594.77 9596.8 9596.33 9595.49 9594.75 9593.59 9592.19 9589.97 9589.02 9587.56 9585.94 9584.46 9583.04 9583.71 9583.26 9586.69 9589.87 9593.61 9597.77 9601.96 9598.15 9595.31 9607.9 9661.43 9649.13 9640.81 9638.01 9629.28 9624.07 9620.13 9616.62 9614.4
9577.07 9574.05 9570.84 9567.42 9563.88 9560.21 9555.88 9550.74 9543.77 9544.98 9546.71 9546.99 9546.94 9546.38 9547.35 9546.36 9546.65 9546.65 9546.28 9546.39 9553.08 9560.38 9566.85 9572.78 9578.25 9583.09 9586.77 9588.62 9587.71 9585.88 9582.21 9578.73 9589.29 9594.35 9596.26 9599.66 9599.66 9597.87 9596.29 9593.97 9592.98 9591.49 9590.34 9588.94 9587.82 9586.65 9585.37 9582.55 9574.6 9584.72 9588.8 9591.28 9594.35 9597.22 9599.47 9600.28 9601.34 9609.77 9633.11 9628.44 9623.79 9620.96 9627.26 9625.78 9622.55 9619.25 9616.66
9576.03 9573.4 9569.73 9566.32 9562.7 9558.65 9553.45 9547.35 9542.58 9541.35 9542.95 9544.73 9545.3 9544.42 9544.46 9544.33 9544.22 9543.42 9541.92 9539.33 9546.51 9556.43 9564.46 9571.41 9577.87 9583.87 9588.43 9591.75 9591.39 9587.98 9589.11 9592.68 9594.03 9592.77 9597.4 9602.21 9600.62 9599.05 9596.69 9594.93 9593.2 9591.78 9591.14 9590.02 9589.06 9588.33 9588.37 9590.1 9597.1 9594.08 9592.27 9592.39 9594.34 9596.92 9599.81 9602.74 9606.94 9613.43 9621.18 9622.32 9627.94 9635.25 9628.76 9626.06 9622.88 9619.91 9617.6
9574.13 9571.67 9568.57 9565.31 9561.92 9557.97 9553 9546.5 9543.71 9541.36 9541.11 9542.62 9542.92 9543.02 9542.89 9542.86 9542.47 9541.58 9542.8 9545.39 9548.96 9555.91 9563.83 9571.51 9578.88 9585.19 9591.32 9596.63 9600 9600.14 9597.38 9593.99 9590.57 9587.02 9593.12 9599.09 9598.56 9597 9595.77 9594.76 9593.12 9591.89 9590.91 9589.88 9589.08 9588.9 9589.73 9592.75 9597.79 9596.8 9593.57 9592.83 9593.51 9595.64 9600.29 9605.55 9612.16 9619.48 9622.8 9623.77 9626.12 9628.98 9626.54 9624.82 9622.48 9621.8 9619.81
9571.99 9569.69 9567.46 9564.78 9561.97 9558.95 9555.94 9551.47 9546.91 9544.3 9542.12 9541.21 9541.7 9541.67 9541.13 9541.08 9540.94 9540.79 9542.2 9545.98 9549.71 9555.9 9563.32 9571.2 9579.04 9587.33 9594.67 9601.79 9607.78 9610.94 9604.41 9597.6 9592.81 9589.42 9589.76 9591.73 9593.87 9593.88 9593.34 9593.41 9592.06 9591.22 9590.38 9588.71 9588.9 9588.51 9588.4 9589.32 9593.14 9591.74 9590.92 9592.91 9594.1 9592.43 9597.61 9608.49 9617.13 9623.28 9623.43 9619.72 9612.85 9616.38 9622.33 9623.54 9622.87 9622.64 9620.28
9568.87 9566.84 9565.03 9562.94 9561.11 9559.34 9558.75 9555.95 9549.65 9545.7 9543.22 9541.85 9541.42 9540.4 9540.05 9540 9540.28 9540.47 9539.34 9540.24 9548.27 9555.77 9563.24 9570.97 9579.14 9587.64 9596.14 9604.14 9609.68 9611.28 9608.78 9603.57 9599.39 9595.07 9590.78 9590.29 9591.71 9592.16 9591.97 9592.01 9592.05 9591.59 9590.66 9589.9 9589.58 9588.53 9586.71 9583.51 9577.29 9577.34 9587.74 9596.28 9601.39 9599.64 9605.43 9616.58 9624.22 9629.31 9624.34 9615.46 9617.41 9619.38 9623.48 9624.85 9625.49 9624.97 9623.45
9563.57 9562.51 9561.85 9560.79 9559.58 9558.02 9555.91 9555.91 9552.83 9548.24 9544.83 9542.66 9541.59 9540.27 9540.03 9540.44 9541.02 9542.31 9543.9 9545.3 9549.81 9555.63 9562.64 9569.78 9577.87 9586.98 9596.87 9607.04 9614.91 9615.58 9612.45 9608.7 9604.34 9599.04 9594.06 9591.3 9591.49 9592.77 9593.06 9592.74 9592.65 9592.64 9592.58 9592.27 9591.47 9590.56 9588.31 9583.87 9574.57 9573.88 9592.27 9605.46 9616.89 9629 9627.91 9628.51 9631.82 9635.19 9636.1 9632.66 9632.84 9628.71 9626.82 9626.9 9625.9 9626.81 9626.23
9556.73 9558.48 9559.37 9559.36 9558.72 9557.2 9555.16 9554.55 9552.48 9550.18 9547.11 9544 9542.6 9541.08 9540.47 9540.46 9541.01 9542.8 9546.95 9550.38 9551.77 9556.09 9561.91 9568.79 9576.51 9584.84 9594.55 9606.52 9619.19 9618.89 9611.81 9610.44 9614.04 9606.68 9598.61 9593.9 9592.29 9593.4 9594.07 9594.19 9593.39 9593.32 9593.31 9593.2 9593.51 9593.67 9593.95 9594.13 9594.74 9598.87 9609.4 9616.05 9625.72 9638.81 9638.91 9636.63 9637.59 9638.49 9637.83 9638.78 9636.31 9632.58 9630.62 9629.29 9629 9627.31 9626.64
9551.87 9555.32 9557.28 9558.43 9558.57 9557.99 9555.6 9554.43 9554.02 9552.68 9549.23 9546.28 9543.45 9541.88 9540.57 9539.96 9539.89 9541.74 9544.35 9547 9550.58 9554.76 9560.19 9566.38 9573.31 9580.67 9588.56 9597.51 9607.59 9609.5 9605.8 9595.65 9612.02 9606.87 9595.06 9593.31 9591.73 9591.44 9592.28 9592.32 9592.95 9592.15 9592.62 9593.03 9594.87 9596.49 9599.13 9605.09 9618 9639.1 9624.53 9622.29 9624.69 9627.77 9634.58 9638.72 9641.99 9644.47 9646.15 9650.05 9635.15 9634.54 9633.63 9632.57 9631.65 9632.04 9631.44
9550.87 9553.83 9555.86 9557.65 9558.52 9559.53 9560.07 9557.68 9561.09 9556.2 9552.19 9547.45 9544.24 9541.89 9539.8 9538.7 9538.83 9539.53 9541.97 9544.53 9547.66 9552.19 9557.4 9563.28 9569.39 9575.19 9580.25 9583.39 9586.41 9595.32 9602.11 9609.25 9597.56 9597.47 9596.65 9595.02 9592.96 9592.59 9591.64 9591.67 9592.49 9592.85 9593.51 9594.29 9595.9 9598.31 9601.96 9608.08 9616.25 9618.61 9621.42 9621.03 9621.76 9624.83 9631.62 9638.56 9644.73 9651.1 9657.48 9652.5 9641.08 9639.55 9637.1 9635.35 9633.32 9633.66 9632.83
9551.14 9553.07 9554.94 9556.86 9558.7 9559.97 9559.29 9559.86 9562.42 9555.68 9547.82 9545.54 9544.3 9542.11 9539.88 9538.16 9536.86 9536.33 9536.79 9540.27 9544.32 9548.84 9553.71 9559.3 9564.96 9570.56 9574.52 9574.97 9573.59 9586.87 9597.17 9600.32 9591.82 9593.82 9596.63 9596.86 9594.56 9592.53 9591.38 9590.93 9592.21 9592.5 9593.19 9595.21 9596.58 9599 9602.33 9606.46 9610.32 9613.73 9615.06 9616.79 9618.13 9621.78 9629.35 9637.35 9645.17 9653.03 9661.34 9662.95 9653.91 9645.68 9641.17 9639.56 9638.01 9636.45 9635.7
9550.95 9552.56 9554.73 9556.57 9558.49 9560.21 9560.76 9559.55 9557.43 9553.17 9548.38 9546.88 9544.94 9542.04 9539.08 9536.77 9534.91 9534 9534.54 9537.15 9541.27 9545.7 9550.8 9556.06 9562.01 9567.66 9573.17 9578.8 9581.73 9587.52 9593.97 9597.6 9595.02 9598.61 9602.11 9598.34 9595.72 9593.61 9592.55 9591.04 9590.73 9590.95 9592.96 9594.11 9595.75 9597.62 9600.76 9603.65 9606.37 9606.22 9610.01 9613.01 9614.68 9619.12 9627.13 9635.58 9643.45 9649.92 9650.28 9651.32 9651.22 9648.63 9645.78 9643.13 9641.66 9640.57 9638.11
9550.37 9552.08 9554.1 9555.87 9557.66 9559.71 9558.54 9552.06 9549.87 9550.43 9550.49 9549.74 9545.17 9541.26 9537.87 9535.16 9533.05 9531.7 9532.42 9534.71 9538.88 9543.4 9548.12 9553.18 9558.43 9564.05 9570.24 9579.77 9589.17 9587.29 9589.23 9589.42 9592.43 9598.61 9599.1 9597.92 9595.76 9595.47 9594.98 9594.66 9593.28 9593.41 9592.24 9593.1 9594.34 9597.43 9599.31 9601.39 9603.86 9607.12 9609.35 9611.41 9613.22 9617.97 9625.6 9633.05 9640.74 9648.57 9652.01 9649.59 9650.54 9648.56 9646.12 9644.19 9642.88 9641.28 9640.95
9549.4 9551.23 9553.09 9554.47 9555.14 9554.44 9550.74 9548.54 9546.88 9547.97 9549.57 9549.24 9543.89 9539.62 9536.47 9533.63 9531.37 9529.68 9529.64 9532.44 9535.99 9540.16 9544.54 9549.26 9554.24 9559.41 9564.86 9569.15 9574.3 9580.63 9583.73 9583.65 9584.91 9590.53 9592.99 9594.11 9594.52 9594.66 9593.97 9593.84 9594.43 9593.91 9594.27 9594.4 9595.14 9596.35 9597.64 9598.46 9600.76 9603.16 9606.44 9611.51 9617.05 9620.3 9624.78 9630.33 9636.35 9643.72 9652.3 9646.88 9648.5 9647.96 9647.73 9646.46 9645.2 9644.32 9643.05
9548.76 9550.54 9552.21 9553.36 9553.34 9551.03 9552.22 9549.97 9546.75 9544.93 9544.23 9542.25 9540.09 9537.46 9534.85 9532.39 9530.12 9528.59 9528.66 9530.89 9533.81 9537.37 9541.27 9545.63 9550.26 9554.98 9559.89 9565.46 9570.4 9574.73 9577.56 9579 9581.34 9583.39 9587.27 9590.04 9591.49 9592.33 9592.57 9593.18 9593.34 9593.33 9593.56 9593.73 9594.12 9594.91 9595.33 9596.55 9598.22 9600.39 9604.3 9610.49 9617.19 9620.44 9622.79 9625.99 9629.15 9632.01 9633.94 9633.2 9643.01 9647.68 9648.61 9647.3 9646.84 9646.75 9645.65
9548.93 9550.3 9551.53 9552.75 9553.89 9554.19 9549.92 9546.3 9543.11 9540.73 9538.21 9536.56 9535.77 9534.98 9533.43 9531.53 9529.38 9527.84 9528.13 9529.87 9532.19 9535.08 9538.35 9541.99 9546.07 9550.33 9554.8 9559.83 9565.13 9570.23 9575.33 9576.6 9579.88 9583.78 9586.48 9588.92 9590.53 9590.88 9591.55 9591.78 9591.29 9592.07 9592.27 9592.04 9592.35 9592.8 9593.46 9594.22 9595.64 9598.54 9603.45 9607.23 9611.87 9616.26 9619.21 9621.54 9623.14 9623.15 9628.21 9639.39 9648.43 9647.28 9648.49 9649 9648.99 9648.02 9647.69
9549.55 9549.78 9550.37 9551.43 9553.38 9555.83 9549.34 9539.76 9538.33 9537.53 9534.98 9531.64 9533.66 9533.76 9532.54 9530.85 9529.28 9528.66 9528.38 9529.08 9530.85 9533.59 9536.38 9539.31 9542.48 9545.8 9549.45 9552.54 9559.09 9565.69 9572.3 9577.68 9581.24 9585.48 9586.86 9588.44 9589.62 9590.12 9590.13 9590.49 9589.79 9589.99 9590.08 9590.54 9590.72 9590.76 9591.11 9591.46 9592.23 9593.53 9597.03 9602.95 9609.31 9613.56 9616.26 9618.67 9621.54 9624.54 9634.22 9646.19 9644.53 9646.56 9647.64 9648.22 9648.48 9647.71 9648.34
9548.99 9548.56 9548.39 9548.66 9548.96 9549.61 9546.9 9538.94 9536.92 9536.83 9537.11 9538.32 9536.53 9534.03 9531.89 9530.08 9528.93 9529.01 9528.31 9528.33 9529.56 9531.39 9533.66 9536.42 9539.4 9542.31 9545.19 9549.77 9555.06 9561.28 9567.26 9575.41 9579.08 9584.24 9585.3 9586.54 9586.86 9587.55 9588.58 9589.09 9589.71 9590.43 9589.73 9589.3 9589.31 9589.07 9588.69 9588.68 9588.46 9588.37 9589.08 9598.94 9607.59 9611.82 9613.95 9616.07 9620.77 9632.04 9640.34 9645.83 9643.24 9646.36 9647.64 9648.4 9647.85 9648.39 9648.94
9546.86 9546.01 9545.4 9544.64 9543.22 9542.15 9543.25 9539.95 9536.93 9536.84 9538.49 9540.86 9538.12 9534.37 9531.51 9529.05 9527.34 9526.37 9526.61 9527.4 9528.21 9529.75 9532 9533.88 9536.12 9538.4 9540.93 9544.26 9551.55 9558.11 9563.84 9568.82 9573.08 9576.71 9581.92 9584.17 9584.78 9585.34 9586.59 9586.18 9586.71 9587.09 9587.3 9587.56 9586.73 9586.88 9586.9 9586.8 9586.75 9586.81 9586.71 9600.12 9609.57 9611.45 9611.8 9612.01 9613.98 9621.4 9638.08 9643.88 9647.52 9646.71 9647.24 9648.42 9649.08 9649.52 9649.25
9542.42 9542.19 9541.95 9541.26 9540.3 9540.83 9539.97 9536.89 9534.9 9534.84 9536.23 9537.95 9536.77 9533.23 9530.29 9527.5 9525.65 9524.7 9524.97 9526.17 9527.42 9528.71 9530.31 9532.15 9533.94 9536 9538.82 9543.76 9550.11 9556.78 9561.07 9564.85 9571.76 9577.08 9581.25 9582.87 9583.33 9583.48 9583.66 9583.77 9584.35 9584.07 9584.33 9584.75 9585.19 9585.72 9586.06 9586.53 9587.11 9589.03 9593.58 9604.19 9611.02 9610.54 9609.13 9607.63 9605.98 9608.56 9635.16 9644.8 9641.64 9644.98 9647.45 9649.08 9647.34 9646.69 9647.11
9536.56 9538.16 9538.78 9538.61 9537.56 9538.69 9535.49 9531.69 9530.31 9530.9 9532.26 9533.19 9533.31 9531.14 9528.18 9525.82 9524.05 9523.14 9523.59 9524.5 9525.66 9527.02 9528.76 9530.74 9532.6 9534.69 9536.96 9541.72 9549.56 9557.22 9560.95 9563.7 9573.26 9580.07 9582.32 9582.41 9582.57 9582.62 9582.86 9582.86 9583.1 9583.59 9583.79 9584.82 9584.75 9585.2 9585.82 9586.88 9588.41 9591.05 9596.91 9605.49 9609.1 9608.52 9607.21 9606.09 9605.35 9610.08 9633.52 9641.85 9645.47 9646.93 9646.83 9649.39 9649.2 9648.73 9645.75
9532.19 9534.55 9535.84 9536.46 9536.05 9532.17 9523.36 9522.32 9524.65 9526.72 9528.46 9529.81 9530.24 9527.96 9526.38 9524.4 9522.79 9522.07 9522.72 9523.86 9524.59 9526.16 9527.97 9529.96 9532.01 9533.98 9535.71 9541.23 9549.52 9557.2 9560.75 9564.38 9571.74 9577.84 9580.14 9579.7 9580.25 9580.86 9581.33 9582.02 9582.36 9583.17 9583.76 9584.28 9584.69 9584.54 9586.47 9587.76 9589.83 9592.11 9594.9 9600.75 9604.83 9605.19 9605.16 9606.04 9609.33 9615.12 9621.23 9631.55 9637.82 9643.24 9646.08 9648.18 9648.71 9648.37 9646.39
9530.04 9532.05 9533.36 9534.27 9534.19 9528.19 9517.28 9517.06 9520.92 9523.56 9525.23 9525.17 9523.16 9524.54 9524.48 9523.03 9522.1 9521.72 9521.88 9522.91 9524.44 9526.44 9528.35 9529.45 9532.19 9535.49 9537.63 9541.88 9549.43 9558.29 9561.14 9565.27 9571.03 9572.16 9571.72 9575.26 9577.3 9577.55 9578.26 9579.08 9579.91 9580.86 9581.51 9582.2 9583.07 9584.33 9585.8 9587.51 9589.58 9592.43 9594.77 9597.05 9599.83 9601.52 9602.56 9604.31 9608.25 9612.78 9615.01 9626.57 9637.49 9641.31 9644.65 9645.39 9645.76 9647.8 9647.07
9529.05 9530.08 9530.78 9531.48 9531.18 9528.55 9523.39 9519.99 9520.67 9522.35 9523.87 9524.74 9523.83 9524.8 9523.69 9521.93 9520.35 9520.33 9521.02 9522.19 9523.9 9525.73 9527.9 9530.14 9532.73 9536.78 9544.41 9543.19 9544.99 9554.99 9562.16 9564.1 9568.87 9568.86 9569.96 9572.29 9573.66 9574.81 9576.37 9577.49 9577.72 9578.54 9579.05 9580.24 9581.54 9583.23 9584.86 9586.75 9588.74 9591.69 9594.67 9597.74 9597.02 9598.11 9599.59 9601.32 9602.35 9606.04 9611.34 9623.18 9632.97 9640.82 9643.07 9643.9 9644.57 9645.08 9644.79
9528.32 9527.42 9527.11 9527.92 9530.56 9529.92 9525.62 9521.75 9520.68 9521.36 9523.03 9526.04 9531.05 9525.53 9521.98 9519.97 9518.47 9518.65 9519.55 9521.21 9523.05 9525.02 9527.15 9529.09 9530.95 9532.38 9533.32 9533.61 9533.03 9534.12 9551.33 9552.97 9555.51 9561.06 9569.04 9569.09 9569.61 9570.55 9571.92 9573.04 9574.11 9575.13 9576.47 9577.89 9579.44 9581.12 9583.04 9585.18 9587.66 9590.56 9592.23 9590.81 9592.9 9595.4 9597.8 9600.07 9602.79 9608.79 9616.92 9622.17 9630.43 9639.55 9639.42 9641.34 9643.39 9644.61 9644.88
9524.96 9523.16 9522.03 9521.48 9523.94 9526.71 9521.37 9519.77 9519.4 9519.71 9520.79 9521.95 9520.81 9520.91 9519.5 9517.84 9516.95 9517.02 9518.03 9519.75 9521.77 9523.85 9526.82 9528.36 9529.19 9528.69 9525.6 9524.5 9523.01 9524.34 9538.79 9537.59 9536.57 9549.51 9558.12 9563.08 9565.53 9567 9568.77 9569.62 9571.2 9572.77 9573.56 9575.18 9576.93 9578.87 9581.01 9583.26 9585.87 9588.47 9589.62 9585.14 9590.36 9594.27 9597.26 9600.05 9603.71 9609.49 9615.38 9619.26 9624.1 9622.4 9633.31 9639.03 9642.48 9644.62 9645.74
9518.49 9517.2 9516.01 9516.41 9519.38 9519.91 9517.04 9517.09 9517.12 9517.46 9517.87 9518.22 9518.82 9518.65 9516.69 9515.05 9514.31 9514.99 9516.64 9518.53 9520.76 9523.06 9525.31 9526.7 9527.48 9526.99 9525.1 9518.55 9516.46 9527.21 9538.32 9535.66 9534.7 9543.79 9553.09 9556.58 9559.96 9562.51 9564.78 9567.08 9568.81 9570.72 9572.74 9574.2 9576.14 9578.11 9580.34 9582.66 9585.42 9588.04 9589.71 9590.76 9592.57 9595.02 9598.1 9601.16 9603.77 9605.87 9611.23 9616.52 9618.21 9626.87 9633.25 9638.74 9642.42 9644.69 9646.15
9512.72 9510.98 9508.86 9508.46 9513.97 9514.27 9514.47 9515.2 9515.29 9515.22 9515.18 9515.31 9515.65 9515.32 9513.76 9511.61 9511.06 9512.75 9514.81 9516.91 9519.52 9522.26 9524.54 9527.09 9528.06 9526.36 9521.11 9514.29 9505.23 9509.89 9530.63 9537.56 9540.01 9541.26 9543.15 9548.77 9554.85 9558.9 9561.81 9564.49 9566.91 9569.18 9571.39 9573.48 9575.62 9577.63 9579.77 9581.53 9584.37 9587.1 9590.59 9595.32 9594.2 9596.1 9600.35 9604.42 9607.77 9610.79 9615.23 9619.72 9623.52 9629.06 9635.11 9639.95 9642.9 9645 9646
9507.86 9505.89 9502.3 9496.15 9493.46 9508.98 9513.72 9513.57 9513.07 9512.42 9511.92 9511.7 9511.86 9512.47 9511.09 9509.01 9508.33 9510.88 9513.21 9516.05 9518.91 9522.06 9525.33 9528.42 9530.75 9531.01 9526.17 9517.01 9509.27 9518.08 9530.66 9533.93 9536.94 9540.24 9542.72 9547.55 9552.92 9556.35 9559.66 9563.06 9565.85 9568.48 9571.02 9573.52 9575.8 9577.62 9578.87 9580.26 9582.92 9585.89 9589.67 9586.68 9588.97 9597.06 9604.4 9610.66 9615.96 9622.01 9624.78 9627.19 9630.28 9634.42 9639.22 9642.79 9644.27 9644.98 9645.17
