real_craters/C199-500m.grd
DSAA
411 411
-102.445 102.445
-102.445 102.445
7141.293342435 10795.077083471
[rows 270 to 299 of 411, columns 268 to 334 of 411]
9767.62 9777.39 9787.73 9797.4 9802.06 9808.46 9816.32 9829.11 9836.78 9829.7 9826.71 9834.84 9838.33 9852.93 9860.77 9863.81 9864.51 9866.4 9868.76 9858.56 9845.99 9832.59 9818.09 9800.89 9781.83 9784.58 9783.26 9780.03 9775.39 9774.4 9772.12 9777.79 9774.49 9773.62 9778.23 9769.07 9764.78 9759.58 9754.92 9750.26 9746.17 9743.01 9741.36 9741.99 9746.81 9754.83 9732.8 9715.03 9713.07 9707.67 9636.84 9653.16 9684.17 9713.61 9734.93 9750.45 9759.49 9765.68 9778.85 9797.89 9767.62 9755.53 9754.26 9744.56 9743.41 9753.88 9771.81
9763.85 9775.74 9783.23 9793.19 9799.98 9805.35 9813.63 9819.04 9827.6 9834.32 9839.13 9844.32 9846.05 9859.03 9869.42 9876.39 9880.13 9879.95 9875.03 9865.64 9850.79 9831.72 9811.7 9793.67 9780.3 9769.76 9766.13 9764.92 9764.15 9765.38 9764.92 9763.52 9765.06 9757.11 9745.24 9752.44 9756.23 9754.65 9751.7 9747.4 9742.58 9738.47 9735.04 9734.35 9738.55 9748.82 9739.99 9736.78 9741.09 9736.24 9689.43 9683.8 9703.29 9727.27 9746.99 9761.4 9764.56 9760.47 9756.56 9749.02 9744.1 9750.62 9760.01 9755.17 9753.36 9753.94 9771.09
9763.87 9772.52 9781.87 9787.89 9796.43 9804.7 9813.39 9817.95 9829.02 9842.01 9852.78 9861.54 9867.6 9873.06 9880.75 9886.94 9892.13 9894.01 9888.13 9876.02 9857.18 9830.66 9801.49 9774.88 9761.75 9751.33 9749.27 9750.84 9752.95 9754.99 9755.94 9756.49 9760.5 9752.34 9742.56 9746.73 9751.36 9751.01 9747.81 9743.19 9737.66 9731.86 9726 9720.59 9717.13 9717.91 9723.52 9731.55 9735.54 9728.94 9717.06 9709.89 9720.26 9741.77 9771.11 9781.28 9769.02 9751.91 9727.47 9690.64 9717.21 9742.45 9755.62 9765.72 9770.79 9771.68 9778.95
9762.49 9769.78 9776.79 9786.22 9795.14 9803.75 9815.57 9831.22 9838.08 9850.23 9870.26 9878.91 9880.53 9885.11 9890.44 9896.45 9903.35 9908.17 9906.06 9893.88 9867.97 9830.16 9789.18 9747.4 9727.38 9729.03 9732.18 9736.73 9741.54 9745.3 9750.35 9754.29 9755.56 9757.66 9751.8 9751.22 9751.37 9748.97 9744.68 9739.2 9732.43 9724.18 9715.62 9706.13 9694.63 9687.12 9694.16 9696.49 9716.06 9711.85 9706.7 9715.34 9724.36 9742.86 9776.8 9794.59 9760.06 9748.52 9735.85 9719.81 9735.13 9749.89 9751.29 9753.51 9765.82 9780.9 9789.03
9769.57 9773.89 9781.53 9788.19 9795.75 9804.48 9814.97 9823.76 9837.66 9849.53 9861.08 9876.98 9890.83 9891.14 9895.56 9902.64 9910.9 9919.74 9928.3 9923.01 9880.14 9830.81 9781.44 9733.39 9712.67 9714.07 9719.12 9724.99 9730.65 9739.18 9747.17 9755.46 9761.17 9767.58 9762.4 9758.15 9753.6 9748.1 9741.94 9734.96 9726.74 9717.97 9708.65 9695.55 9682.21 9674.62 9679.73 9684.99 9696.47 9693.32 9700.84 9713.72 9719.8 9722.76 9718.85 9701.89 9728.08 9747.49 9767.35 9785.16 9794.88 9775.67 9748.36 9727.48 9750.16 9773.44 9798.95
9775.73 9780.83 9785.46 9790.11 9796.55 9803.08 9811.41 9823.02 9835.03 9846.74 9855.78 9870.93 9885.51 9887.4 9892.56 9900.94 9911.34 9922.61 9931.82 9928.2 9882.22 9828.58 9776.45 9733.82 9711.3 9707.25 9710.2 9716.21 9724.84 9734.73 9746.96 9757.38 9772.91 9782.53 9777.95 9766.06 9756.96 9748.23 9739.65 9731.67 9722.98 9715.11 9705.01 9692.17 9680.17 9675.14 9678.32 9681.87 9684.34 9690.79 9703.79 9715.47 9715.42 9705 9683.93 9671.25 9706.46 9747.63 9793.8 9852.97 9857.22 9802.97 9756.11 9720.75 9732.47 9766.78 9794.84
9783.66 9784.3 9787.37 9790.12 9793.74 9798.53 9806.25 9818.95 9830.32 9844.82 9861.45 9870.34 9868.12 9875.94 9885.31 9895.3 9905.8 9913.68 9919.25 9917.5 9870.78 9819.62 9768.64 9728.06 9708.63 9702.24 9703.05 9708.82 9718.89 9731.1 9746 9758.65 9775.25 9780.4 9778.34 9768.64 9758.07 9747.95 9738.62 9730.37 9720.78 9713.78 9705.41 9696.77 9683.46 9680.53 9685.62 9686.69 9689.22 9697.9 9719.28 9731.23 9719.39 9701.78 9683.04 9677.88 9702.02 9743.97 9792.37 9839.33 9846.13 9805.15 9766.16 9738.34 9743.19 9768.86 9800.85
9789.94 9791.51 9791.64 9793.56 9794.07 9795.95 9798.09 9806.81 9822.43 9838.62 9856.04 9859.06 9849.35 9861.77 9873.69 9884.58 9894.78 9899.18 9895.52 9876.21 9844.48 9804.15 9761.03 9728.99 9707.48 9697.73 9697.23 9703.71 9713.05 9726.42 9741.12 9755.68 9774.91 9784.19 9778.48 9766.61 9755.06 9744.93 9735.61 9726.86 9719.69 9713.71 9708.31 9705.24 9708.12 9702.44 9700.63 9702.11 9706.29 9716.62 9732.87 9739.62 9726.91 9706.85 9687.61 9674.67 9698.58 9736.62 9774.26 9800.06 9802.83 9791.61 9772.04 9759.5 9755.15 9764.31 9786.26
9790.7 9792.77 9795.08 9797.18 9798.07 9796 9791.99 9798.63 9814.75 9828.5 9838.51 9839.91 9836.43 9852.34 9865.87 9876.72 9882.44 9882.6 9872.85 9849.13 9820.8 9786 9746.48 9719.56 9699.85 9691.15 9691.71 9697.8 9705.91 9718.68 9732.86 9749.58 9771.5 9783.11 9773.97 9760.31 9749.04 9739.03 9729.09 9721.54 9714.96 9710.39 9707.92 9710.19 9717.06 9714.81 9713.72 9716.26 9721.55 9734.29 9745.99 9750.85 9738.28 9719.85 9701.82 9690.37 9706.21 9735.32 9759.97 9773.07 9775.22 9775.9 9771.97 9760.34 9734.71 9753.56 9780.7
9795.86 9797.35 9799.07 9801.26 9802.21 9801.38 9795.11 9801.41 9816.33 9823.94 9823.56 9822.4 9830.94 9849.7 9862.47 9869.89 9873.66 9871.48 9861.42 9843.14 9813.31 9771.9 9725.17 9693.69 9685.15 9682.96 9685.68 9692.77 9701.93 9710.5 9722.6 9735.02 9756.64 9767.72 9759.49 9746.96 9737.99 9730.4 9723.13 9716.82 9711.2 9707.12 9706.09 9707.73 9711.75 9714.69 9720.48 9730.59 9748.46 9753.89 9758.84 9761.34 9751.36 9737.94 9725.68 9717.38 9727.53 9746.61 9759.35 9762.2 9756.68 9767.94 9775.88 9779.73 9764.32 9776.39 9791.76
9790.48 9795.2 9798.83 9803.65 9812.07 9819.7 9824.05 9826.22 9831.02 9832.31 9825.15 9816.54 9835.62 9853.33 9862.09 9866.22 9866.43 9863.1 9854.51 9839.99 9808.31 9761.94 9710.28 9678.24 9675.55 9677.86 9683.27 9690.89 9696.54 9702.67 9708.64 9714.69 9723.86 9727.38 9732.47 9729.36 9726.12 9722.3 9717.88 9713.17 9707.85 9703.76 9701.64 9702.95 9711.14 9713.32 9722.52 9734.08 9760.98 9768.04 9765.7 9764.55 9760.3 9756.07 9753.99 9755.78 9763.44 9770.57 9773.76 9774.18 9774.1 9778.23 9781.91 9784.42 9802.19 9812.99 9808.5
9794.23 9798.67 9801.74 9807.26 9814.94 9831.08 9866.01 9854.73 9848.23 9851.29 9858.46 9857.86 9865.76 9869 9869.02 9868.78 9865.7 9859.42 9848.87 9832.3 9802.1 9757.76 9708.57 9679.69 9675.46 9678.89 9682.33 9686.49 9690.75 9694.55 9697.47 9696.43 9691.44 9690.04 9704.86 9712.38 9715.25 9715.31 9712.95 9709.8 9705.76 9702.01 9695.91 9690.58 9693.98 9706.66 9721.47 9737.16 9760.34 9767.44 9765.82 9763.71 9766.07 9773.98 9782.46 9791.84 9798.78 9800.19 9797.71 9795.62 9796.78 9794.68 9792.72 9794.57 9799.64 9806.55 9818.47
9788.93 9792.82 9796.88 9801.41 9808.41 9817.79 9822.38 9843 9853.04 9864.49 9884.29 9907.32 9900.62 9885.28 9878.24 9873.38 9867.47 9859.67 9847.02 9828.82 9798.75 9761.6 9718.36 9691.54 9683.28 9680.77 9681.02 9683.7 9685.59 9688.06 9688.42 9686.12 9683.78 9684.35 9693.39 9701.49 9708.17 9711.32 9712.16 9711 9708.16 9702.8 9694.35 9681.79 9680.21 9702.1 9722.82 9743.52 9755.21 9757.27 9763.23 9765.65 9773.56 9788.93 9804.73 9822.73 9835.17 9828.32 9820.63 9814.47 9810.04 9806.55 9805.16 9805.55 9813.61 9832.92 9836.01
9780.81 9785.96 9788.74 9793.04 9798.67 9806.03 9807.15 9831.89 9851.02 9866.53 9876.57 9888.18 9893.9 9891.4 9886.74 9879.15 9872.14 9861.38 9846.87 9827.46 9803.63 9770.96 9738 9710.19 9693.52 9685.49 9683.43 9683.94 9684.31 9684.78 9684.06 9682.81 9683.67 9686.09 9689.71 9698.44 9705.25 9709.71 9712.55 9713.33 9712.33 9709.3 9704.19 9693.53 9692.96 9708.74 9724.44 9743.35 9742.29 9753.23 9767.25 9774.06 9784.57 9803.47 9822.99 9842.5 9857.58 9848.64 9837.31 9828.96 9819.11 9815.54 9819.81 9825.99 9833.02 9846.11 9851.15
9777.8 9777.54 9779.69 9782.68 9789.21 9804.86 9826.25 9832.52 9850.68 9870 9884.19 9890.38 9891.89 9893.39 9890.84 9884.86 9875.61 9864.38 9848.44 9828.09 9803.72 9774.51 9748 9720.57 9700.56 9690.46 9685.43 9684.15 9683.95 9685.39 9684.68 9682.42 9678.26 9683.22 9691.32 9698.75 9705.36 9710.33 9713.41 9716.6 9719.3 9722.3 9725.13 9726.3 9723.82 9725.01 9726.75 9724.89 9758.74 9777.76 9777.29 9784.98 9796.24 9817.69 9836.39 9851.12 9856.85 9857.05 9850.26 9841.07 9832.85 9831 9832.31 9836.4 9849.41 9863.09 9861.84
9774.92 9774.68 9775.19 9776.26 9778.38 9784.2 9798.73 9822.67 9847.88 9874.82 9898.9 9901.07 9896.32 9899.16 9896.81 9889.81 9879 9865.9 9850.51 9830.83 9802.75 9775.03 9742.44 9718.42 9701.71 9691.5 9687.95 9686.04 9686.99 9688.14 9690 9690.29 9688.73 9691.71 9697.57 9703.39 9708.11 9713.3 9718.13 9723.69 9729.09 9735.53 9745.64 9760.78 9755.54 9743.35 9737.27 9734.17 9743.76 9761.48 9782.67 9801.49 9822.18 9835.99 9847.15 9858.96 9869.46 9868.67 9859.72 9850.33 9841.34 9836.42 9839.98 9845.43 9847.79 9857.86 9861.51
9772.9 9772.93 9772.75 9772.56 9770.45 9766.63 9779.08 9810.52 9841.55 9873.1 9903.16 9909.2 9903.46 9908.86 9903.66 9893.4 9879.44 9865.63 9849.92 9835.24 9818.2 9780.69 9735.91 9713.56 9701.12 9693.74 9690.53 9689.28 9690.48 9692.92 9698.04 9704.1 9713.21 9707.2 9707.38 9709.68 9713.98 9719.94 9724.18 9730.33 9736.2 9743.13 9752.19 9762.68 9761.7 9754.7 9752.12 9750.71 9753.28 9767.81 9787.2 9809.38 9820.18 9839.71 9850.53 9863.13 9874.9 9872.16 9864.37 9855.61 9847.47 9843.58 9840.28 9841.09 9841.74 9845.56 9851.95
9773.81 9772.93 9774.53 9774.97 9772.25 9768.42 9779.04 9805.92 9833.39 9861.9 9889.6 9911.49 9933.5 9926.14 9911.08 9894.45 9877.1 9860.23 9845.96 9831.86 9819.05 9779.26 9724.58 9707.44 9698.85 9694.63 9692.76 9693.53 9694.73 9697.63 9703.67 9712.09 9722.98 9716.7 9714.89 9716.87 9721.06 9726.2 9732.04 9736.66 9741.79 9746.81 9750.85 9751.68 9756.62 9758.02 9762.83 9768.42 9765.41 9775.48 9789.54 9805.21 9817.11 9833.45 9849.26 9860.97 9865.97 9867.47 9865.66 9859.27 9850.5 9840.63 9835.43 9831.52 9834 9835.86 9846.29
9774.74 9775.31 9777.43 9779.79 9782.91 9788.54 9793.15 9806.9 9824.2 9844.79 9872.43 9902.16 9927.9 9928.05 9912.04 9892.03 9873.33 9855.45 9838.56 9822.27 9801.9 9761.71 9716.91 9698.14 9689.23 9685.7 9685.2 9687.3 9690.17 9694.3 9699.95 9708.49 9716.3 9715.91 9717.59 9720.42 9725.47 9731.04 9736.9 9742.39 9746.58 9750.3 9752.74 9754.34 9756.57 9757.62 9758.39 9766.8 9773.74 9777.12 9791.59 9805.38 9817.52 9831.59 9848.94 9861.69 9868.85 9871.32 9868.76 9861.49 9852.72 9844.29 9835.86 9828.48 9832.01 9833.1 9847.89
9776.24 9778.71 9781.01 9786.5 9793.89 9800.2 9804.59 9809.61 9814.76 9820.16 9839.45 9879.85 9913.62 9919.04 9899.21 9877.65 9859.71 9842.06 9825.17 9803.28 9776.64 9741.22 9704.42 9692.46 9686.65 9685.62 9687.06 9688.9 9692.13 9694.81 9697.57 9698.06 9700.11 9710.74 9718.6 9724.07 9730.16 9736.54 9742.85 9747.64 9752.65 9756.33 9758.75 9760.27 9762.51 9761.36 9755.5 9760.48 9777.06 9789.68 9802.25 9813.92 9820.92 9834.95 9852.46 9865.03 9875.39 9880.52 9874.84 9864.87 9854.78 9844.73 9836.96 9831.36 9833.77 9839.01 9851.68
9774.34 9777.76 9782.35 9790.5 9803.22 9819.39 9813.36 9811.45 9809.65 9805.41 9816.95 9853.8 9886.23 9890.99 9870.02 9852.33 9837.53 9823.32 9806.15 9783.4 9749.11 9712.24 9698.78 9689.83 9687.03 9688.28 9691.52 9695.31 9697.21 9700.07 9701.05 9699.22 9702.46 9711.87 9723.82 9730.96 9737.63 9744.27 9749.01 9754.85 9760.35 9765.2 9768.87 9772.31 9773.61 9774.63 9775.56 9779.93 9792.85 9807.72 9818.66 9829 9842.46 9854.07 9857.31 9865.23 9877.44 9886.14 9875.24 9865.27 9856.85 9849.07 9846.85 9838.79 9841.5 9842.75 9855.66
9769.16 9773.03 9780.82 9790.08 9801.22 9807.3 9812.98 9814.8 9814.59 9810.27 9814.06 9828.82 9834.14 9828.11 9825.22 9819.6 9812.15 9803.6 9792.51 9774.82 9743.54 9696.07 9698.23 9687.34 9685.98 9689.08 9693.6 9699.08 9703.49 9706.63 9708.51 9709.63 9712.1 9719.39 9730.32 9738.64 9743.99 9750.3 9756.66 9763.22 9770.02 9775.43 9779.76 9783.73 9788.58 9793.35 9799.53 9811.17 9817.14 9823.69 9832.2 9840.59 9850.01 9856.91 9853.05 9856.86 9862.5 9863.94 9862.08 9861.12 9859.16 9857.88 9860.13 9854.84 9852.38 9857.35 9865.47
9760.66 9767.76 9776.34 9785 9796.24 9806.71 9811.58 9817.76 9824.33 9831.08 9822.89 9809.33 9792.69 9775.68 9783.52 9787.77 9788.1 9786.05 9781.38 9775.64 9770.45 9755.8 9683.09 9684.84 9688.99 9693.88 9701.6 9707.06 9712.09 9716.31 9719.26 9719.9 9723.83 9730.33 9736.84 9743.53 9749.81 9756.81 9763.66 9770.44 9777.79 9784.85 9794.48 9799.5 9802.73 9810.6 9820.44 9825.44 9830.72 9841.62 9849.73 9847.39 9839.65 9830.14 9838.07 9844.16 9846.76 9840.64 9850.56 9853.76 9858.49 9864.86 9871.79 9865.71 9859.93 9857.28 9866.71
9749.81 9758.03 9767.35 9776.04 9785.08 9795.31 9805.53 9816.1 9826.62 9838.11 9821.45 9797.02 9772.32 9754.81 9756.42 9761.85 9764.7 9766.27 9767.08 9769.62 9775.46 9754.02 9693.28 9693.4 9696.94 9701.21 9706.82 9713.16 9719.78 9725.89 9729.02 9734.98 9738.01 9740.89 9745.14 9750.86 9756.13 9762.45 9767.44 9774.7 9783.69 9791.84 9798.8 9806.06 9810.58 9817.26 9825.58 9815.47 9831.76 9853.17 9865.34 9850.78 9835.05 9821.5 9830.31 9837.21 9839.33 9845.85 9841.8 9842.97 9851.04 9863.58 9861.1 9862.62 9854.91 9841.08 9821.59
9738.17 9747.67 9756.62 9766.74 9775.83 9784.61 9798.23 9810.36 9819.52 9819.9 9807.79 9784.89 9761.19 9742.95 9738.86 9740.94 9743.63 9747.67 9749.9 9752.37 9750.61 9739.51 9725.81 9709.65 9705.82 9708.09 9713.39 9720.33 9728.01 9736.86 9741.45 9748.4 9749.9 9751.6 9754.55 9757.38 9761.72 9767.11 9772.48 9780.36 9788.03 9797.71 9805.58 9810.07 9812.35 9814.6 9811.1 9810.64 9826.35 9842.64 9850.85 9849.04 9842.77 9834.36 9838.91 9836.51 9829.54 9819.78 9818.3 9826.01 9835.51 9849.32 9864.67 9856.35 9843.4 9818.83 9799.39
9733.31 9740.93 9749.38 9759.7 9772.88 9781.7 9791.81 9801.86 9808.31 9809.84 9793.54 9771.97 9749.95 9733.48 9724.59 9722.35 9724.19 9728 9732.12 9734.59 9732.35 9734.5 9730.58 9714.29 9710.05 9712.46 9718.25 9726.02 9734.05 9743.7 9751.54 9759.91 9758.8 9761.16 9762.62 9766.98 9770.39 9773.99 9778.93 9783.88 9789.46 9798.99 9814.69 9810.2 9810.46 9817.02 9816.68 9812.52 9820.7 9830.94 9837.29 9846.68 9854.57 9867.71 9859.32 9841.86 9824.63 9806.04 9800.41 9810.33 9817.77 9820.46 9815.92 9822.78 9816.72 9798.38 9783.23
9725.45 9735.38 9744.4 9751.67 9758.27 9769.07 9781.46 9792.63 9797.25 9788.72 9778.92 9758.31 9736.17 9716.75 9708.74 9709.39 9713.7 9718.13 9722.54 9723.36 9720.28 9711.96 9702.4 9703.81 9705.12 9709.63 9716.57 9725.87 9736.77 9748.53 9758.27 9766.26 9768.03 9767.59 9770.44 9773.55 9777.21 9780.97 9784.1 9786.27 9786.88 9786.41 9787.41 9796.27 9800.74 9807.37 9814.27 9811.52 9814.44 9822.04 9830.22 9842.82 9857.26 9868.59 9863.06 9846.69 9826.97 9807.27 9798.16 9803.92 9807.43 9803.58 9799.65 9794.35 9791.43 9781.63 9768.84
9717.74 9726.31 9737.19 9744.65 9747.73 9758.77 9771.62 9783.35 9794.1 9790.82 9768.2 9744.5 9721.82 9701.99 9694.36 9695.66 9700.44 9705.97 9709.49 9711.41 9709.86 9702.28 9694.62 9696.92 9703.09 9710.26 9718.56 9728.54 9739.81 9752.32 9762.77 9770.05 9771.94 9772.32 9774.2 9778.42 9782.38 9786.28 9788.95 9789.33 9787.23 9780.99 9776.72 9786.96 9790.54 9785.95 9786.69 9796.85 9806.52 9815.68 9824.66 9840.03 9855.24 9865.27 9865.33 9852.25 9834.03 9816.64 9807.1 9805.46 9808.22 9811.89 9806.71 9801.01 9790.87 9778.4 9769.67
9712.33 9724.6 9736.46 9744.71 9746.62 9753.43 9760.06 9766.69 9778.07 9776.46 9750.36 9727.65 9707.81 9692.59 9685.9 9685.51 9691.03 9696.48 9701.47 9704.13 9702.97 9696.22 9686.71 9696.29 9705.65 9714.72 9723.62 9731.95 9741.76 9753.01 9766.84 9774.91 9771.8 9774.28 9776.92 9781.51 9785.2 9789.19 9792.55 9794.25 9792.97 9791.6 9791.33 9794.85 9793.96 9786.46 9780.96 9790.1 9802.21 9812.39 9823.97 9837.06 9852.7 9866.93 9869.79 9857.9 9839.61 9821.82 9810.14 9808.69 9812.02 9816.09 9815.08 9811.14 9794.71 9778.29 9770.07
9704.61 9718.92 9734.51 9750.01 9758.92 9750.31 9743.44 9739.28 9738.95 9735.15 9722.14 9708.01 9693.88 9677.92 9670.4 9680.16 9689.72 9696.78 9701.23 9703.46 9705.62 9700.54 9697.94 9699.56 9706.43 9714.43 9722.8 9730.52 9736.84 9744.23 9748.48 9758.28 9766.57 9771.43 9776.31 9781.47 9787.76 9791.16 9796.69 9801.86 9805.94 9809.68 9813.07 9814.09 9812.35 9803.47 9800.51 9801.37 9805.69 9810.62 9817.21 9828.2 9846.62 9866 9874.78 9861.51 9842.76 9824.53 9809.32 9810.09 9814.82 9818.9 9813.1 9811.37 9797.28 9781.52 9762.95
