real_craters/C199-500m.grd
DSAA
411 411
-102.445 102.445
-102.445 102.445
7141.293342435 10795.077083471
[rows 0 to 29 of 411, columns 335 to 401 of 411]
8609.08 8629.45 8638.51 8641.75 8619.88 8668.03 8706.76 8723.06 8741.45 8773.78 8738.48 8732.79 8754.2 8855.94 9033.49 9252.07 9487.49 9648.57 9713.71 9760.8 9789.95 9787.7 9765.62 9733.99 9704.18 9695.76 9685.31 9674.55 9661.44 9650.31 9643.06 9637.93 9627.32 9612.42 9611.3 9610.73 9608.81 9606.82 9605.04 9601.42 9605.41 9610.86 9621.72 9630.92 9642.52 9649.9 9668.69 9683.75 9695.07 9702.52 9706.42 9708.06 9710.53 9713.36 9717.08 9719.15 9716.69 9710.12 9702.21 9693.91 9686.11 9679 9676.64 9678.23 9680.31 9681.78 9688.4
8580.29 8589.41 8595.51 8592.83 8590.46 8605.76 8633.26 8657.95 8674 8674.7 8681.29 8684.8 8709.17 8812.01 8985.52 9213.49 9469.66 9613.35 9675.04 9731.1 9771.84 9783.78 9771.94 9746.26 9721.49 9707.15 9693.94 9677.65 9664.34 9653.88 9648.7 9651.74 9650.69 9644.07 9630.29 9620.96 9612.9 9605.66 9599.47 9597.81 9601.67 9608.79 9619.87 9638.53 9656.38 9674.6 9684.91 9695.93 9704.5 9709.75 9709.32 9709.89 9713.43 9717.69 9722.61 9726.3 9724.02 9716.24 9707.56 9698.78 9690.51 9683.65 9681.15 9682.46 9685.88 9690.51 9691.56
8556.84 8560.49 8565.36 8569.41 8571.55 8577.76 8585.83 8610.04 8626.97 8639.93 8643.99 8651.42 8675.82 8766.75 8903.41 9066.26 9297.44 9476.89 9585.26 9674.96 9745.3 9775.57 9770.79 9751.71 9726.71 9714.38 9698.3 9680.82 9668.44 9656.6 9649.53 9637.18 9650.34 9659.97 9643.12 9627.62 9615.96 9605.73 9597.9 9595.31 9601.76 9614.68 9628.64 9649.65 9668.93 9685.14 9698.76 9708.72 9715.22 9716.25 9711.63 9711.65 9716.42 9722.22 9727.74 9731.2 9728.42 9720.67 9711.92 9703.12 9695.34 9687.93 9686.08 9686.34 9688.66 9691.63 9693.78
8540.78 8544.28 8547.51 8553.09 8557.97 8564.92 8571 8584.47 8599.89 8616.73 8623.32 8631.73 8658.3 8726.88 8821.58 8936.78 9134.06 9321.85 9473.01 9602.26 9708.43 9762.13 9764.23 9752.36 9738.36 9721.78 9702.18 9685.08 9668.33 9655.1 9648.25 9656.93 9653.02 9650.06 9640.91 9628.61 9617.64 9607.68 9598.54 9592.23 9603.6 9625.17 9647.84 9662.29 9682.88 9696.68 9711.17 9721.71 9728.87 9724.05 9715.45 9715.49 9722.81 9728.3 9732.46 9734.66 9731.04 9723.42 9714.72 9706.49 9699.63 9694.82 9690.79 9689.02 9689.26 9691.32 9694.74
8528.33 8532.84 8536.2 8540.85 8545.47 8557.25 8560.32 8569.91 8582.87 8597.84 8607.33 8618.73 8647.02 8697.08 8763.33 8839.94 8986.16 9184.05 9364.57 9521.28 9651.34 9728.9 9742.32 9739.53 9728.65 9715.1 9699.86 9685.3 9669.38 9651.68 9636.53 9626.73 9635.26 9637.51 9633.59 9627.14 9619.99 9614.49 9606.78 9600.34 9612.18 9627.89 9645.22 9666.91 9690.99 9712.51 9716.9 9730.6 9747.8 9752.98 9720.48 9721.32 9729.92 9734.95 9736.52 9736.15 9732.69 9725.3 9716.81 9708.46 9701.46 9697.21 9692.76 9690.56 9689.96 9690.73 9692.76
8518.97 8525.49 8531.75 8539.38 8540.15 8548.49 8554.6 8561.51 8571.36 8581.99 8593.17 8606.5 8633.59 8676.6 8735.28 8806.56 8896.63 9088.98 9277.81 9443.72 9578.01 9666 9707.36 9718.71 9706.01 9697.76 9694.66 9681.6 9666.72 9647.27 9626.14 9615.04 9619.64 9624.98 9625.52 9624.66 9623.55 9622.13 9622.37 9625.93 9640.55 9657.21 9665.16 9669.18 9670.36 9686.63 9711.87 9732.08 9751.96 9760.01 9737.01 9734.48 9733.31 9737.93 9740.42 9739.68 9734.65 9727.53 9718.83 9709.71 9700.93 9694.37 9692.92 9691.8 9690.08 9690.73 9691.76
8517.03 8522.96 8529.88 8542.9 8550.89 8525.63 8548.27 8555.24 8563.43 8573.11 8583.51 8596.06 8619.92 8662.25 8722.14 8796.71 8878.94 9045.53 9223.89 9388.6 9521.86 9616.85 9680.61 9708.65 9707.11 9702.93 9698.5 9684.57 9664.75 9643.4 9623.25 9610.18 9608.26 9613.11 9619.81 9623.99 9626.91 9630.88 9638.8 9655.59 9671.94 9680.35 9682.6 9676.52 9673.76 9686.11 9708.81 9728.17 9743.13 9756.33 9761.89 9757.61 9752.17 9749.91 9747.15 9742.29 9737.38 9729.54 9720.35 9710.96 9702.22 9695.85 9694.18 9693.87 9695.48 9693.72 9693.98
8513.24 8519.45 8525.47 8533.83 8535.4 8531.79 8543.89 8548.88 8557.13 8566.84 8576.81 8587.79 8610.51 8645.87 8702.32 8782.6 8884.54 9028.56 9195.15 9360.16 9499.58 9581.36 9684.41 9719.33 9719.9 9714.14 9709.19 9693.52 9671.64 9645.84 9624.66 9611.19 9608.5 9613.69 9621.11 9627.25 9633.29 9638.65 9645.97 9657.37 9670.12 9684.67 9691.28 9686.72 9677.84 9694.79 9716.3 9729.52 9739.3 9762.46 9785.13 9776.9 9774.37 9763.49 9758.91 9750.23 9743.12 9732.54 9722.25 9712.83 9704.32 9698.5 9696.1 9695.62 9695.99 9695.14 9695.09
8509.59 8514.8 8518.62 8522.22 8522.49 8527.45 8537.39 8542.78 8551.42 8561.29 8568.55 8557.12 8578.36 8623.01 8675.83 8756.23 8870.56 9010.58 9174.57 9348.43 9520.93 9689.1 9742.03 9741.14 9733.63 9726.24 9722.02 9707.35 9687.97 9661.05 9631.83 9617.48 9617.76 9621.56 9626.73 9632.14 9637.75 9643.95 9649.98 9656 9665.42 9678.81 9700.27 9710.74 9702.15 9720.17 9734.14 9738.51 9738.52 9766.82 9793.32 9778.63 9763.19 9766.09 9767.56 9765.54 9747.1 9734.33 9723.66 9714.05 9706.71 9700.91 9697.5 9696.03 9695.96 9695.03 9694.98
8506.74 8511.01 8514.89 8516.24 8518.9 8524.97 8530.73 8536.66 8545.24 8554.91 8563.92 8564.44 8574.13 8605.55 8647.28 8704.01 8820.77 8980.35 9150.68 9328.44 9512.1 9694.19 9744.46 9736.21 9733.29 9730.55 9735.06 9728.21 9711.96 9686.54 9651.33 9635.69 9645.5 9633.37 9631.93 9635.11 9641.28 9647.53 9652.91 9655.72 9655.3 9674.14 9715.04 9750.15 9772.93 9756.05 9753.53 9758.19 9748.8 9763.47 9784.5 9785.89 9774.95 9770.97 9761.93 9752.15 9744.42 9733.82 9724.21 9715.28 9706.61 9701.8 9698.93 9695.58 9693.28 9694.36 9694.96
8505.79 8508.38 8510.37 8512.4 8516.96 8524.48 8527.86 8532.61 8538.97 8548.07 8556.68 8569.44 8577.5 8595.21 8629.19 8683.35 8797.89 8957.68 9123.65 9288.01 9445.71 9574.05 9649.02 9691.83 9720.65 9737.87 9753.67 9752.96 9740.68 9722.56 9696.71 9664.56 9641.58 9639.53 9642.54 9648.39 9656.77 9665.29 9672.6 9671.07 9669.39 9708.36 9717.43 9743.73 9791.53 9736.93 9742.58 9789.74 9816.25 9779.83 9782.9 9806.42 9804.25 9781.4 9761.68 9749.88 9740.82 9731.76 9723.79 9717.1 9713.78 9706.33 9701.34 9697.96 9695.47 9695.35 9695.36
8503.64 8505.67 8507.73 8510.34 8514.74 8521.83 8526.06 8526.58 8533.46 8541.99 8551.26 8562.63 8568.69 8582.68 8616.62 8678.22 8798.16 8946.83 9098.49 9245.02 9373.78 9468 9549.94 9639.43 9702.36 9745.56 9772.23 9774.42 9766.12 9757.26 9748.98 9692.89 9647.89 9646.67 9652.85 9665.39 9675.82 9688.44 9702.57 9722.55 9727.99 9761.38 9672.94 9600.18 9579.89 9599.57 9657.95 9775.2 9945.54 9859.41 9824.31 9824.03 9811.68 9784.99 9758.56 9745.79 9737.49 9728.82 9721.02 9715.28 9711.86 9706.28 9702.67 9701.93 9700.04 9697.53 9695.8
8500.26 8503.25 8505.71 8508.31 8512.84 8519.23 8525.39 8525.78 8530.64 8537.98 8547.06 8554.56 8557.51 8568.07 8602.94 8693.62 8817.99 8948.04 9081.9 9211.76 9326.23 9420.38 9511.13 9606.82 9685.25 9738.61 9779.41 9789.33 9787.8 9777.47 9753.99 9708.91 9668.39 9663.78 9667.39 9674.94 9688.95 9703.87 9721.73 9765.18 9821.99 9778.86 9562.82 9391.06 9330.22 9393.05 9489.28 9619.25 9775.39 9910.86 9863.98 9803.29 9788.58 9782.27 9772.14 9750.3 9735.42 9725.66 9717.48 9710.83 9704.36 9702.87 9702.37 9702.2 9700.98 9699.18 9698.04
8498.79 8501.18 8503.92 8506.92 8510.77 8516.87 8525.4 8526.37 8529.08 8534.68 8541.45 8548.01 8549.63 8558.55 8601.84 8758.08 8847.27 8952.47 9069.6 9190.87 9303.09 9404.45 9490.23 9594.57 9675.78 9734.03 9783.24 9799.96 9799.95 9790.74 9770.98 9730.73 9698.7 9688.9 9691.99 9699.39 9707.39 9717.34 9748.91 9755.73 9733.68 9600.3 9383.3 9185.76 9123 9192.59 9288.32 9396.97 9547.82 9735.35 9810.08 9797.22 9793.64 9782.5 9755.76 9744.15 9731.61 9721.5 9714.09 9708.13 9704.34 9701.56 9701.01 9701.19 9700.78 9700.13 9699.98
8496.77 8499.53 8502.15 8505.13 8508.44 8513.82 8524.77 8526.62 8528.71 8532.7 8537.86 8545.33 8547 8556 8606.24 8759.52 8844.96 8946.63 9060.23 9177.56 9291.99 9400.7 9505.33 9595.36 9677.82 9736.4 9791.89 9807.91 9807.23 9796.41 9777.64 9742.33 9717.39 9712.95 9713.33 9718.53 9724.82 9723.43 9733.59 9707.67 9629.66 9401.58 9203.6 9033.32 8982.05 9028.95 9103.1 9193.52 9350.46 9577.4 9757.01 9845.51 9842.57 9799.81 9754.67 9737.75 9726.7 9714.29 9708.5 9706.72 9703.52 9700.39 9699.46 9701 9700.35 9700.71 9701.62
8495.71 8498.8 8501.6 8504.52 8507.3 8513.14 8526.35 8527.55 8528.91 8532.36 8538.21 8546.87 8549.31 8559.74 8594.83 8689.65 8809.6 8927.16 9046.23 9168.84 9289.48 9403.77 9494.74 9604.96 9685.11 9739.44 9793.86 9813.21 9812.59 9801.98 9785.51 9755.8 9738.09 9733.8 9736.87 9743.14 9742.92 9732.37 9724.82 9656.05 9519.56 9262.37 9081.56 8948.37 8900.36 8920.82 8968.5 9047.93 9219.99 9486.56 9747.33 9931.1 9898.19 9819.2 9750.99 9731.95 9722.2 9714.93 9708.48 9703.71 9701.18 9700.79 9698.18 9695.34 9698.71 9702.21 9703.56
8495.84 8498.96 8502.23 8505.11 8508.35 8512.09 8525.58 8528.76 8526.35 8533.2 8538.88 8546.22 8552.58 8566.98 8596.88 8665.47 8782.61 8906.98 9036.31 9165.46 9293.17 9420.03 9556.67 9635.24 9693.46 9743.4 9802.27 9819.75 9815.51 9802.55 9789.07 9761.54 9751.44 9751.24 9756.14 9755.89 9753.87 9740.11 9721.83 9637.68 9474.47 9198.69 9025.23 8917.96 8868.84 8867.98 8894.6 8962.07 9144.27 9435.66 9744.43 9946.71 9920.24 9826.39 9751.6 9731.61 9719.97 9713.33 9707.76 9702.38 9701.81 9707.31 9704.61 9692.59 9702.72 9705.28 9704.68
8496.15 8499.41 8502.85 8506.65 8510.72 8515.62 8523.9 8529.27 8532.78 8537.03 8540.68 8547.51 8554.47 8565.78 8590.72 8659.38 8770.54 8898.63 9032.68 9165.3 9293.12 9415.96 9522.84 9612.85 9689.63 9744.77 9807.66 9823.66 9814.36 9793.11 9781.67 9772.56 9761.44 9762.7 9763.22 9767.57 9766.16 9762.76 9732.24 9659.77 9500.12 9219.34 9030.24 8926.81 8874.87 8869.54 8885.19 8940.44 9112.5 9411.94 9741.77 9940.32 9909.64 9816.43 9743.18 9727.88 9717.06 9712.55 9710.03 9707.02 9709.39 9719.88 9742.9 9737.97 9724.45 9711.33 9705.22
8496.61 8500.57 8504.24 8508.39 8513.35 8519.21 8524.49 8529.14 8536.49 8542.85 8550.41 8555.3 8558.61 8562.54 8586.41 8661.14 8768.01 8897.77 9033 9167.32 9293.9 9408.57 9506.66 9601.04 9664.78 9744.13 9805.28 9823.41 9813.63 9797.55 9778.74 9759.4 9759.04 9760.22 9758.4 9762.6 9762.12 9773.8 9757.93 9717.63 9600.11 9333.97 9104.86 8949.04 8938.57 8944.91 8955.51 8993.49 9158.79 9445.91 9753.52 9915.28 9880.48 9794.5 9739.93 9720.83 9712.78 9711.98 9715.96 9721.9 9716.17 9714.88 9725.51 9734.96 9721.67 9707 9701.36
8498 8502.09 8506 8510.23 8515.52 8521.77 8527.48 8530.57 8541.28 8547.12 8553.04 8560.99 8564.67 8568.03 8589.07 8665.24 8775.45 8904.97 9038.32 9172.47 9302.97 9419.53 9515.47 9605.57 9698.48 9752.09 9805.01 9821.49 9809.34 9787.9 9775.78 9759.63 9751.74 9750.05 9754.48 9759.66 9768.23 9778.02 9782.23 9786.35 9738.32 9509.48 9278.77 9120.22 9095.9 9099.58 9109.18 9147.25 9315.68 9547.56 9777.48 9880.42 9841.01 9763.92 9724.87 9711.57 9705.76 9704.12 9711.75 9729.67 9708.08 9690.17 9675.26 9673.17 9686.49 9691.05 9693
8499.15 8503.47 8507.82 8511.81 8515.92 8520.87 8527.59 8537.84 8543.44 8548.43 8555.32 8563 8568.56 8574.75 8587.99 8675.13 8786.35 8915.93 9051.43 9188.54 9321.91 9448.9 9560.08 9655.91 9735.73 9772.63 9814.33 9825.02 9802.95 9780.56 9762.8 9749.84 9741.07 9740.45 9744.65 9752.84 9761.52 9770.9 9781.6 9794.5 9787.41 9679.97 9511.19 9350.97 9311.54 9311.83 9331.62 9377.54 9523.74 9661.81 9787.28 9831.93 9794.58 9737.27 9712.79 9699.79 9695.85 9693.07 9688.82 9682.62 9677.18 9662.47 9648.92 9649.5 9662.89 9674.88 9682.93
8500.24 8505.12 8509.21 8513.06 8515.94 8518.46 8523.65 8542.36 8547.15 8550.63 8557.05 8565.38 8573.75 8580.15 8612.46 8694.68 8805.35 8935.86 9073.01 9212.42 9351.99 9488.57 9620.69 9739.73 9783.23 9794.44 9822.93 9825.22 9787.75 9748.56 9727.65 9711.98 9716.25 9720.18 9726.04 9733.56 9742.49 9750.62 9752.52 9743.99 9745.51 9799.22 9755.83 9596.61 9530.81 9532.39 9589.32 9671.75 9766.94 9754.07 9739.02 9757.54 9750.29 9717.97 9703.24 9694.66 9687.8 9678.31 9668.37 9655.24 9655.15 9645.87 9617.19 9629.11 9651.35 9665.22 9675.63
8502.5 8506.69 8510.46 8513.45 8516.36 8519.43 8523.94 8542.61 8551.57 8553.89 8559.51 8568.84 8580.74 8597.65 8631.2 8715.72 8825.78 8953.11 9091.79 9234.25 9377.85 9517.26 9651.78 9765.85 9803.81 9802.65 9818.02 9816.12 9776.85 9731.75 9697.67 9681.97 9692.55 9700.93 9708.83 9714.23 9719.62 9729.69 9728.42 9721.35 9735.53 9787.71 9811.78 9747.87 9677.77 9685 9766.31 9848.03 9803.55 9771.94 9723.04 9723.92 9722.21 9704.96 9695.96 9686.75 9679.9 9672.84 9665.1 9656.67 9651.81 9651.37 9665.51 9651.31 9652.52 9661.46 9671.64
8505.21 8508.98 8512.12 8515.78 8519.96 8524.48 8532.58 8547.3 8556.03 8557.71 8563.73 8573.7 8585.18 8608.41 8648.39 8731.85 8839.92 8970.22 9107.39 9249.1 9392.8 9532.38 9658.68 9752.66 9804.15 9796.38 9797.58 9782.25 9777.69 9752.85 9701.5 9677.21 9677.4 9684.47 9690.47 9691.39 9697.52 9703.45 9711.16 9724.38 9730.88 9731.19 9723.19 9734.82 9723.03 9732.34 9759.05 9770.04 9743.88 9749.17 9742.85 9722.87 9711.33 9698.54 9689.29 9680.55 9673.38 9668.02 9663.28 9658.31 9651.8 9648.9 9641.65 9651.65 9653.67 9661.53 9669.94
8506.8 8509.77 8513.59 8517.59 8522.89 8530.21 8541.15 8552.07 8561.13 8570.79 8574.41 8580.88 8591.04 8602.94 8646.41 8737.87 8854.19 8982.76 9117.74 9260.96 9404.13 9540.07 9664.66 9768.6 9809.47 9783.4 9767 9753.42 9759.06 9754.25 9698.45 9676.56 9670.15 9668.3 9670.25 9673.52 9676.84 9681.19 9686.45 9696.46 9699.44 9695.35 9685.79 9703.62 9717.83 9725.92 9731.31 9737.15 9742.51 9739.63 9725.8 9718.72 9707.15 9696.44 9683.46 9674.93 9668.27 9661.36 9656.28 9651.77 9648.32 9648.07 9656.18 9649.19 9653.26 9656.1 9663.13
8506.66 8510.18 8514.3 8519.37 8526.17 8534.04 8542.99 8553.12 8563.1 8575.49 8579.44 8585.71 8594.76 8597.17 8642.54 8740.32 8859.75 8989.18 9128.54 9268.43 9404.99 9538.23 9660.03 9759.9 9801.55 9766.31 9737.87 9705.44 9701.55 9704.36 9690.19 9671.85 9664.76 9661.83 9663.05 9666.55 9667.71 9669.56 9666.25 9653.52 9656.91 9658.62 9656.17 9681.7 9700.61 9713.2 9723.25 9734.16 9742.29 9740.95 9731.01 9714.75 9701.35 9689.55 9676.12 9666.86 9659.5 9654 9648.31 9644.85 9642.59 9642.76 9645.09 9646.96 9650.19 9655.05 9661.45
8504.11 8508.86 8515.14 8521.51 8529.14 8536.39 8544.52 8552.98 8562.46 8569.72 8578.56 8586.66 8593.47 8596.47 8645.36 8745.29 8866.4 8995.15 9129.95 9265.57 9400.47 9528.25 9643.02 9742.86 9789.91 9747.63 9716.8 9687.14 9675.51 9672.53 9664.7 9659.44 9654.94 9653.53 9654.29 9656.16 9658.93 9657.64 9657.65 9653.3 9647.87 9643.9 9648.76 9675.87 9691.14 9703.12 9712.44 9739.45 9749.73 9745.21 9733.11 9710.79 9686.47 9672.03 9666.01 9659.06 9652.96 9647.54 9643.56 9639.44 9636.21 9634.18 9633.59 9639.65 9645.16 9650.89 9656.72
8501.92 8508.51 8515.26 8522.16 8530.32 8537.78 8545.82 8554.57 8566.9 8570.15 8578.66 8587.75 8596.51 8602.02 8652.68 8752.01 8867.1 8998.85 9132.13 9259.19 9389.28 9510.76 9618.7 9705.74 9746.22 9741.75 9702.7 9680.49 9668.18 9662.42 9652.74 9651.96 9651.33 9651.38 9651.57 9651.95 9652.2 9652.34 9654.67 9666.3 9650.06 9644.33 9649.77 9664.51 9681.28 9700.95 9721.1 9742.37 9749.93 9749.04 9735.11 9707.73 9679.25 9663.75 9658.36 9652.7 9647.06 9641.52 9636.78 9633.3 9630.84 9629.86 9631.27 9635.32 9641.29 9646.71 9651.4
8501.38 8508.71 8516.33 8523.36 8529.74 8537.33 8545.4 8555.24 8561.76 8568.63 8578.76 8588.58 8597.55 8605.7 8660.43 8755.07 8868.3 8993.4 9122.05 9250.24 9373.79 9491.92 9594.36 9673.65 9720.4 9721.99 9691.15 9680.62 9686.69 9662.29 9647.11 9647.83 9649.27 9649.86 9649.59 9648.57 9646.71 9643.98 9640.1 9635.75 9639.26 9643.13 9643.72 9648.25 9674.45 9698.32 9715.85 9717.09 9730.71 9739.18 9730.38 9706.81 9681.34 9666.06 9657.06 9649.33 9642.41 9635.84 9631.25 9627.66 9625.94 9625.01 9626.78 9631.86 9637.65 9643.5 9648.76
8502.02 8509.29 8515.26 8522.06 8529.29 8536.58 8543.63 8549.72 8561.62 8567.22 8580 8590.55 8599.47 8608.37 8666.22 8761.39 8873.59 8995.48 9119.77 9244.4 9366.26 9475.2 9572.96 9651.2 9703.73 9705.95 9677.53 9666.07 9657.16 9657.69 9648.12 9645.2 9643.99 9644.43 9643.08 9641.89 9639.28 9635.75 9630.27 9623.09 9627.51 9630.98 9636.53 9650.38 9669.77 9695.71 9707.62 9700.81 9716.37 9725.71 9721.13 9705.91 9689.24 9670.6 9657.83 9647.74 9639.65 9633.06 9627.51 9624.04 9621.89 9620.76 9623.52 9629.59 9635.77 9640.82 9645.51
