real_craters/C199-300m.grd
DSAA
684 684
-102.445 102.445
-102.445 102.445
7126.3156636641 10813.151550486
[rows 120 to 149 of 684, columns 603 to 669 of 684]
9590.98 9592.6 9593.75 9594.33 9593.89 9592.82 9598.1 9602.41 9606.08 9608.97 9611.54 9614.48 9619.35 9624.47 9629.77 9635 9639.63 9642.06 9642.66 9642.03 9640.8 9639.3 9637.71 9636.3 9639.66 9645.01 9652.28 9660.17 9666.44 9670.3 9670.42 9667.45 9662.29 9654.42 9642.45 9629.71 9620.5 9621.29 9626.56 9633.74 9641.47 9648.42 9653.85 9661.55 9673.96 9685.31 9693.94 9699 9699.78 9702.94 9709.53 9712.84 9713.89 9714.04 9712.51 9711.03 9708.9 9706.8 9704.99 9703.95 9702.6 9701.77 9701.26 9699.16 9699.2 9699.67 9697.43
9596.55 9599.29 9601.37 9602.47 9602.15 9603.51 9606.58 9610.94 9614.05 9615.67 9616.69 9617.52 9619.32 9620.71 9622.31 9623.92 9628.31 9632.43 9634.86 9635.8 9636.31 9636.62 9637.1 9637.49 9636.89 9639.32 9645.42 9652.21 9658.72 9661.74 9662.9 9662.91 9662.08 9659.68 9646.34 9631.44 9621.53 9620.42 9625.4 9633.67 9643.33 9653.36 9662.52 9671.61 9681.26 9690.98 9699.52 9705.98 9708.38 9711.14 9715.15 9717.18 9717.45 9717.36 9715.55 9713.01 9710.46 9707.85 9705.27 9702.32 9699.9 9697.32 9694.5 9689.38 9686.33 9687.06 9688.08
9603.05 9607.47 9611.23 9613.8 9614.07 9609.11 9618.12 9623.29 9624.26 9623.49 9621.97 9620.86 9619.33 9616.69 9616.09 9616.03 9620.53 9625.09 9628.19 9630.23 9631.73 9633.17 9634.99 9635.85 9634.08 9634.79 9638.25 9642.69 9648.26 9651.74 9654.24 9656.25 9657.78 9656.99 9644.63 9630.36 9620 9618.62 9624.49 9633.97 9645.96 9659.82 9673.53 9682.64 9689.47 9697.72 9706.77 9716.29 9723.99 9724.4 9723.18 9722.19 9720.96 9719.46 9716.99 9713.8 9710.73 9707.52 9704.19 9699.94 9696.41 9692.47 9686.71 9681.02 9676.9 9677.63 9680.25
9610.9 9616.52 9622.67 9628.22 9633.79 9639.99 9643.23 9640.25 9635.99 9631.32 9626.02 9620.62 9613.17 9611.27 9611.55 9612.88 9615.99 9619.67 9622.61 9624.58 9626.24 9627.96 9630.16 9630.61 9628.46 9628.89 9630.96 9632.57 9634.22 9640.17 9644.76 9647.56 9649.38 9647.93 9638.18 9626.85 9618.01 9617.08 9623.18 9633.28 9646.66 9663.08 9681.82 9689.51 9694.3 9702.15 9711.87 9723.12 9733.2 9732.33 9728.94 9726.02 9723.07 9720.03 9716.79 9712.99 9709.42 9705.81 9701.9 9696.88 9692.62 9687.87 9681.26 9674.75 9670.16 9671.36 9674.47
9619.28 9626.49 9634.02 9642.47 9653.29 9668.84 9668.44 9655.06 9645.59 9638.03 9630.78 9622.47 9607.61 9607.28 9608.82 9610.17 9613.76 9616.44 9618.69 9620.41 9621.63 9622.33 9622.45 9622.1 9620.56 9622.93 9625.68 9626.52 9627.42 9632.51 9636.56 9638.64 9638.71 9636.21 9630.16 9622.57 9616.84 9615.98 9621.04 9630.48 9643.46 9659.4 9675.68 9685.48 9692.84 9702.02 9712.83 9723.87 9730.76 9732.32 9730.11 9726.85 9723.15 9719.17 9715.36 9710.76 9706.85 9702.86 9698.02 9693.4 9688.9 9683.88 9676.73 9671.64 9668.26 9668.34 9673.71
9627.32 9635.11 9643.42 9652.1 9662.19 9672.64 9671.46 9660.79 9651.48 9642.66 9634.16 9624.98 9608.72 9606.2 9608.89 9612.47 9612.91 9614.3 9615.66 9616.96 9617.73 9617.97 9616.82 9617.44 9618.4 9621.39 9623.92 9625.3 9626.41 9628.57 9630.45 9631.24 9630.12 9627.17 9623.75 9618.56 9614.31 9613.21 9617.42 9625.36 9636.37 9650.5 9665.29 9675.77 9685.82 9697.42 9710.72 9722.38 9729.82 9730.55 9728.37 9724.99 9720.95 9716.93 9712.21 9708.2 9703.35 9699.23 9694.23 9689.76 9684.78 9679.89 9672.89 9670.16 9668.5 9666.9 9671.08
9635.33 9642.99 9651.07 9658.84 9664.55 9665.86 9661.12 9660.25 9654.07 9645.1 9635.11 9625.13 9608.6 9605.86 9608.99 9611.73 9612.14 9612.45 9613.01 9614.15 9615.53 9616.87 9616.93 9619.96 9622.35 9623.6 9624.25 9625.55 9626.3 9625.85 9626.02 9626.04 9625.21 9623.36 9620.14 9616.14 9612.22 9609.87 9613.54 9619.1 9626.25 9636.11 9650.67 9661.01 9674.43 9688.94 9704.53 9718.29 9726.9 9726.35 9723.6 9720.25 9716.43 9712.42 9707.77 9703.85 9699.19 9695.23 9691.21 9686.72 9681.84 9676.75 9669 9666.96 9665.68 9664.26 9668.47
9643.49 9650.86 9658.23 9664.85 9669.18 9668.32 9661.42 9664.99 9657.86 9646.75 9634.05 9620.63 9607.66 9604.58 9608.61 9611.12 9610.47 9610.39 9610.82 9611.69 9613.58 9616.95 9623.16 9626.77 9629.64 9626.29 9623.77 9622.6 9622.54 9622.39 9622.32 9622.07 9621.63 9620.96 9618.85 9616.35 9613.26 9611.11 9612.24 9613.78 9615.5 9617.85 9625.17 9643.16 9660.7 9677.89 9695.06 9709.67 9718.15 9718.43 9716.16 9713.1 9709.54 9705.84 9701.53 9698 9695.24 9691.63 9687.75 9683.6 9679.16 9673.68 9665.42 9661.99 9660.67 9660.5 9665.97
9651.26 9658.2 9665.05 9671.45 9677.42 9684.08 9694.17 9678.51 9663.4 9648.65 9633.38 9617.31 9604.66 9601.61 9605.51 9607.68 9607.58 9607.43 9607.67 9608.28 9610.44 9613.61 9619.44 9625.94 9629.52 9625.76 9621.51 9617.85 9617.5 9618.92 9619.65 9619.24 9617.59 9618.72 9619.67 9619.29 9617.97 9616.6 9614.22 9611.52 9608.06 9605.62 9611.67 9628.83 9647.72 9666.06 9683.88 9699.34 9706.95 9707.73 9706.09 9703.51 9701.03 9697.98 9695.18 9692.73 9690.26 9687.29 9684.14 9681.12 9676.9 9671.78 9662.93 9657.19 9656.18 9658.42 9663.99
9657.51 9663.98 9670.49 9676.75 9683.1 9690.02 9692.75 9681.64 9666.18 9650.45 9634.4 9618.78 9604.62 9599.51 9601.23 9603.3 9604.07 9604 9604.24 9604.57 9605.89 9607.94 9611.51 9621.02 9625.05 9622.48 9618.32 9615.15 9614.94 9616.9 9618.75 9619.21 9618.15 9620.81 9623.37 9624.59 9624.65 9623.21 9619.78 9613.52 9605.65 9599.44 9604.03 9619.49 9637.14 9654.48 9671.47 9687.38 9694.85 9694.87 9694.03 9692.53 9691.1 9688.95 9687.26 9686.32 9684.14 9682.02 9680.63 9678.62 9675.76 9672.29 9664.21 9657.87 9657.19 9659.56 9663.62
9661.46 9667.72 9673.61 9679.12 9684.19 9687.04 9683.68 9677.48 9666.35 9651.89 9636.17 9621.01 9607.58 9601.24 9600.73 9601.77 9601.95 9601.34 9600.89 9600.79 9600.98 9602.02 9606.42 9616.17 9620.62 9617.68 9614.24 9611.76 9612.71 9615.65 9619.34 9622.81 9625.68 9627.52 9629.25 9631.28 9633.22 9634.47 9629.81 9620.11 9608.58 9598.57 9601.76 9614.92 9629.7 9644.12 9657.82 9668.85 9676.67 9680.11 9681.45 9681.56 9680.91 9679.9 9679.72 9679.19 9677.9 9676.72 9675.73 9675.76 9675.09 9674.35 9670.65 9667.25 9665.65 9664.74 9665.61
9663.51 9669.16 9674.62 9680 9683.46 9685.39 9683.27 9677.73 9667.58 9654.29 9638.84 9623.87 9612.57 9606.84 9606.4 9602.76 9600.45 9598.65 9597.13 9596.15 9595.77 9596.5 9599.11 9606.55 9611.24 9611.79 9610.4 9609.11 9610.66 9614.04 9619.21 9626.55 9633.67 9633.61 9634.44 9637.47 9641.25 9644.17 9640.58 9630.55 9617.7 9604.57 9606.26 9615.71 9626.02 9636.34 9646.29 9653.29 9660.72 9665.73 9668.28 9669.82 9671.16 9671.35 9671.12 9670.53 9670.03 9669.8 9669.68 9671.01 9672.84 9675.76 9679.43 9683.88 9677.46 9670.67 9667.18
9663.29 9669.12 9674.67 9678.99 9682.44 9684.64 9684.33 9679.82 9670.5 9658.84 9644.68 9629.15 9615.39 9606.03 9605.69 9602.33 9599.5 9596.74 9594.33 9592.16 9590.96 9591.86 9595.6 9600.64 9604.85 9606.84 9607 9607.66 9608.61 9611.08 9615.26 9622.59 9632.91 9632.61 9635.81 9641.39 9647.81 9652.28 9651.33 9644.72 9632.97 9621.71 9618.76 9621.44 9625.56 9630.77 9638.24 9645.64 9649.01 9652.89 9656.16 9659.09 9660.99 9662.33 9662.57 9663.12 9663.41 9663.18 9664.12 9665.7 9668.92 9673.48 9682.48 9691.92 9682.35 9674.33 9667.22
9661.29 9666.95 9672.64 9677.16 9680.84 9683.23 9683.28 9679.72 9673.21 9664.65 9655.44 9639.56 9619.21 9599.25 9601.03 9602.33 9599.35 9595.58 9591.96 9588.53 9585.91 9585.34 9588.02 9594.35 9600.53 9604.39 9604.73 9604.22 9606.42 9607.2 9607.8 9609.02 9613.37 9623.55 9632.9 9642.83 9653.34 9662.92 9667.74 9663.05 9652.94 9638.37 9634.54 9630.42 9627.17 9625.7 9626.86 9634.04 9635.23 9639.61 9644.24 9648.55 9651.45 9653.73 9654.38 9655.51 9656.13 9656.13 9657.33 9659.19 9662.07 9665.41 9672.07 9678.73 9673.95 9668.78 9664.28
9657.28 9663.63 9669.64 9674.92 9679.08 9681.71 9681.57 9678.34 9675.7 9669.64 9661.48 9647.23 9629.35 9615.48 9613.32 9607.08 9600.6 9594.9 9589.76 9585.4 9581.99 9580.05 9582.78 9590.2 9599.26 9606.09 9608.93 9608.28 9607.39 9604.29 9600.7 9597.88 9601.73 9614.76 9628.17 9641.71 9655.95 9671.22 9683.56 9679.04 9674.47 9669.66 9653.28 9640.4 9629.82 9620.7 9611.8 9607.82 9618.75 9627.24 9633.75 9638.81 9642.74 9645.57 9646.6 9648.29 9649.24 9648.62 9649.67 9650.98 9652.65 9653.42 9653.32 9654.24 9659.41 9659.73 9658.86
9653.61 9660.32 9666.81 9673.24 9677.76 9681 9682.48 9681.56 9679.78 9674.54 9666.51 9654.91 9641.41 9629.49 9626.69 9611.74 9601.36 9593.95 9588.03 9583.51 9580.25 9578.41 9582.29 9590.94 9600.93 9610.79 9619.32 9618.48 9610.44 9602.69 9595.98 9591.37 9595.46 9608.76 9623.33 9638.27 9653.5 9668.75 9681.03 9682.74 9683.41 9682.49 9664.35 9648.34 9633.63 9619.82 9606.03 9600.94 9609.77 9619.14 9626.32 9631.43 9635.51 9636.71 9638.81 9640.94 9641.88 9641.47 9642.02 9642.8 9643.16 9642.65 9643.12 9644.1 9648.33 9650.73 9652.5
9648.94 9657.01 9664.15 9670.77 9676.86 9680.99 9684.93 9687.45 9685.85 9680.54 9672.51 9663.01 9652.1 9640.33 9625.5 9610.26 9600.09 9592.79 9587.22 9583.54 9580.33 9580.02 9584.69 9593.66 9602.1 9612.73 9624.67 9622.32 9610.7 9600.81 9593.11 9588.89 9593.16 9605.09 9618.99 9633.42 9647.52 9660.35 9670.02 9676.13 9678.38 9675.39 9667.3 9653.99 9639.09 9624.04 9609.38 9604.14 9609.68 9616.47 9623.02 9626.49 9630 9631.32 9633.16 9634.57 9635.26 9633.83 9633.94 9634.22 9633.59 9632.48 9633.64 9636.7 9639.72 9642.86 9646.35
9644.03 9653.36 9661.07 9668.61 9675.21 9680.89 9685.85 9691.81 9691.18 9687.8 9680.38 9670.65 9658.39 9649.19 9613.41 9604.96 9598.48 9592.65 9588.07 9584.22 9581.32 9580.47 9585.02 9592.43 9599.62 9607.67 9615.57 9613.75 9605.56 9597.11 9590.36 9587.43 9591.98 9602.66 9615.32 9628.49 9640.9 9651.65 9659.99 9668.24 9674.96 9676.02 9670.11 9659.71 9646.71 9632.93 9619.05 9613.45 9615.62 9618.52 9622.09 9624.85 9627.19 9626.9 9628.23 9629.07 9629.4 9628.47 9627.87 9626.86 9625.33 9622.65 9620.88 9624.46 9631.46 9636.08 9641.08
9639.15 9648.51 9656.98 9665.74 9672.97 9679.46 9684.19 9686.1 9690.94 9695.86 9693.48 9676.96 9657.26 9634.28 9610.18 9602.97 9598.59 9594.13 9590.11 9586.19 9583.13 9582.02 9584.78 9589.72 9594.48 9598.87 9601.23 9601.51 9597.74 9592.32 9587.53 9585.11 9590.91 9600.84 9612.29 9624.33 9635.54 9645.08 9652.85 9662.78 9674.16 9678.64 9675.02 9666.74 9656.31 9645.5 9634.23 9627.68 9625.09 9624.25 9624.84 9624.53 9625.31 9625.15 9625.41 9625.64 9625.49 9625.36 9624.02 9621.89 9618.93 9615.19 9613.09 9617.17 9625.04 9630.85 9636.92
9632.6 9642.49 9651.88 9661.89 9670.03 9677.34 9682.91 9687.65 9694.56 9701.46 9700.57 9680.5 9656.46 9628.3 9613.29 9606.15 9601.58 9597.38 9593.46 9589.41 9585.87 9583.23 9583.15 9585.92 9589.28 9591.39 9592.07 9592.4 9590.71 9588.18 9586.01 9585.39 9590.94 9599.69 9610.06 9621.26 9632.16 9641.91 9650.51 9663.08 9679.99 9685.6 9681.52 9674.09 9665.99 9659.06 9652.87 9643.34 9635.72 9630.21 9627.39 9625.55 9625.42 9625.9 9625.57 9625.14 9624.4 9623.3 9621.24 9618.68 9615.13 9610.92 9608.75 9613.48 9621.51 9627.99 9634.28
9626.69 9636.94 9647.01 9657.85 9666.96 9675.61 9682.89 9691.26 9697.89 9699.39 9695.44 9682 9662.44 9638.61 9622.22 9613.79 9607.58 9602.49 9598.04 9594.24 9590.6 9586.2 9582.98 9584.11 9586.36 9587.2 9586.92 9586.74 9585.37 9584.23 9584.54 9587.64 9591.22 9598.58 9608.24 9619.52 9630.76 9642.08 9654.51 9670.86 9692.13 9693.98 9687.15 9679.25 9672.13 9667.78 9666.38 9653.33 9642.18 9635.05 9630.35 9628.37 9626.73 9625.95 9625.24 9624.43 9623.61 9622.19 9620.2 9617.63 9615.46 9610.07 9608.52 9613.17 9620.03 9627.02 9633.55
9620.48 9631.2 9641.68 9652.74 9663.01 9672.37 9680.66 9689.2 9694.53 9693.42 9690.3 9684.16 9673.91 9658.55 9636.29 9624.54 9615.69 9608.68 9603.43 9599.87 9597.14 9592.83 9586.95 9586.06 9586.49 9586.45 9585.63 9583.8 9581.65 9580.07 9579.9 9582.86 9588.72 9596.98 9606.89 9618.04 9630 9642.93 9657.9 9675.98 9697.04 9696.4 9688.52 9680.19 9672.91 9667.15 9662.1 9653.55 9644.85 9638.03 9633.14 9630.08 9627.77 9626.55 9625.29 9624.44 9623.37 9622.1 9620.59 9618.51 9615.72 9612.65 9612.31 9616.33 9622.27 9628.3 9634.2
9614.28 9625.27 9636.48 9647 9657.8 9667.89 9676.41 9683.07 9686.82 9688.15 9688.09 9686.44 9682.57 9671.7 9652.45 9635.96 9623.69 9614.72 9608.82 9604.4 9602.89 9602.96 9595.17 9591.08 9588.42 9586.79 9585.32 9582.05 9579.15 9576.51 9574.66 9576.98 9585.55 9594.98 9605.22 9616.64 9629 9642.51 9657.54 9672.67 9691.87 9691.19 9684.81 9676.9 9668.67 9660.87 9654.66 9648.74 9643.06 9638.26 9634.32 9631.18 9628.71 9627.16 9625.9 9624.86 9623.72 9622.93 9622.1 9620.93 9618.82 9617.41 9618.09 9620.9 9626.09 9631.57 9637.1
9609.09 9619.74 9630.83 9641.91 9652.33 9662.27 9671.01 9677.68 9681.38 9683.47 9686.87 9687.45 9684.01 9674.16 9658.73 9642.78 9629.76 9620.13 9612.38 9606.55 9602.87 9601.77 9601.91 9595.4 9590.45 9586.35 9583.65 9581.12 9578.21 9575.4 9573.6 9576.35 9584.2 9593.29 9603.87 9615.25 9627.68 9641.03 9655.66 9667.26 9678.39 9681.93 9678.14 9671.34 9662.28 9652.33 9645.28 9643.08 9640.12 9636.96 9633.98 9631.3 9628.53 9626.83 9625.63 9624.87 9624.59 9624.43 9624.45 9624.49 9623.41 9622.68 9623.58 9626.6 9631.05 9635.53 9640.57
9603.71 9614.16 9625.3 9635.36 9645.84 9656.27 9666.02 9674.65 9681.35 9687.38 9689.99 9689.17 9682.38 9672.49 9658.17 9644.15 9633.64 9624.33 9615.36 9607.66 9600.93 9598.93 9600.99 9597.02 9592.62 9588.09 9585.03 9582.45 9579.41 9576.71 9575.64 9578.03 9584.17 9592.64 9602.91 9613.91 9626 9638.73 9652.7 9664.9 9671.23 9673.61 9671.27 9665.83 9657.34 9645.77 9639.32 9639.56 9638.08 9635.57 9632.7 9630.23 9628.53 9627.04 9626.05 9625.57 9626.05 9626.44 9627.28 9628.73 9629.15 9630.43 9631.28 9633.07 9636.41 9639.75 9643.82
9599.23 9609.01 9618.45 9629.03 9639.29 9648.92 9660.23 9672.39 9684.86 9693.31 9693.54 9692.36 9689.08 9676.92 9660.77 9646.71 9637.16 9627.92 9618.54 9609.33 9600.16 9596.01 9597.86 9597.51 9595.99 9593.1 9589.91 9586.26 9582.37 9579.56 9579.1 9580.61 9585.08 9592.05 9600.95 9611.16 9622.52 9635.34 9648.62 9660.91 9666.18 9666.75 9664.83 9661.37 9656.03 9647.74 9641.73 9640.14 9637.31 9635.21 9631.95 9630.26 9628.42 9627.12 9626.4 9626.26 9627.37 9628.04 9629.63 9632.6 9635.05 9642.07 9642.01 9639.58 9640.64 9642.84 9646.27
9595.03 9604.14 9612.95 9622.63 9631.77 9641.95 9653.32 9666.18 9681.47 9690.77 9691.31 9692.32 9691.28 9680.15 9665.32 9651.86 9641.22 9631.77 9622.58 9613.22 9603.36 9595.55 9595.87 9600.75 9601.87 9599.6 9596.67 9592.17 9586.84 9581.92 9579.28 9580.84 9585.2 9591.42 9599.05 9608.03 9618.33 9629.18 9641.52 9653.13 9659.85 9659.1 9657.68 9656.49 9656.04 9656.66 9649.82 9641.65 9636.89 9633.28 9630.5 9628.32 9627.43 9625.78 9625.91 9625.91 9626.42 9627.57 9629.54 9633.38 9635.96 9643.12 9644.05 9642.56 9642.69 9644.72 9647.52
9590.34 9598.83 9605.62 9614.58 9623.46 9632.78 9642.57 9653.37 9664.5 9673.35 9680.9 9687.56 9688.38 9680.44 9667.46 9654.66 9644.38 9635.58 9627.58 9619.77 9612.23 9606.34 9605.6 9609.37 9612.37 9610.54 9606.44 9599.43 9591.85 9584.94 9580.02 9581.5 9585.15 9590.29 9596.21 9603.39 9611.43 9621.21 9632.59 9644.71 9649.57 9648.09 9647.49 9648.22 9651.07 9653.65 9647.97 9639.6 9633.88 9630.17 9627.94 9626.82 9626.08 9625.51 9625.31 9625.52 9626.15 9627.39 9628.97 9631.06 9632.6 9635.64 9638.68 9641.36 9642.74 9645.1 9648.45
9587.43 9595.03 9600.59 9607.82 9615.02 9622.15 9629.6 9636.46 9642.64 9650.97 9665.87 9679.99 9688.15 9678.38 9666.52 9654.81 9646.22 9638.58 9632.28 9626.97 9622.51 9618.24 9616.65 9619.81 9625.37 9627.31 9617.9 9607.21 9597.45 9589.06 9583.34 9583.33 9585.44 9588.65 9593.01 9598.16 9605.23 9611.54 9618.37 9629.3 9630.47 9632.99 9634.48 9635.26 9637.2 9645.02 9637.34 9631.09 9627.62 9625.85 9624.96 9624.63 9624.47 9624.52 9625.08 9625.27 9626.13 9626.8 9628.12 9628.99 9629.19 9631.96 9635.02 9639.46 9642 9645.69 9649.75
9583.59 9588.24 9594.45 9600.8 9606.58 9611.75 9616.81 9620.96 9623.96 9632.09 9650.4 9667.29 9677.28 9670.65 9662.11 9654.04 9646.33 9640.03 9635.26 9632.09 9629.73 9624.11 9622.55 9626.38 9633.35 9635.71 9624.53 9612.44 9602.06 9593.22 9586.54 9585.5 9585.73 9587.29 9589.27 9592.33 9597.32 9600.5 9601.95 9598.82 9610.04 9619.99 9621.76 9619.32 9614.64 9609.77 9615.7 9617.97 9619.34 9620.81 9622.02 9622.99 9624.16 9624.87 9625.45 9625.94 9626.78 9627.01 9627.69 9625.27 9626.34 9629.02 9633.03 9637.97 9642.06 9646.78 9651.24
