real_craters/C199-750m.grd
DSAA
274 274
-102.445 102.445
-102.445 102.445
7158.4299339023 10818.559981446
[rows 180 to 215 of 274, columns 162 to 242 of 274]
9924 9924 9917 9915 9907 9915 9954 9946 9866 9774 9747 9707 9700 9693 9696 9732 9757 9773 9787 9800 9810 9824 9833 9831 9838 9851 9866 9871 9871 9862 9842 9818 9790 9779 9775 9772 9771 9769 9770 9769 9763 9758 9752 9745 9741 9740 9748 9739 9724 9724 9653 9686 9726 9751 9763 9775 9783 9756 9765 9745 9759 9790 9818 9842 9852 9863 9873 9861 9860 9880 9890 9900 9897 9870 9842 9831 9829 9828 9832 9775 9819
9941 9929 9915 9894 9889 9934 9993 9945 9841 9771 9790 9761 9730 9711 9714 9735 9757 9772 9781 9795 9808 9817 9833 9849 9861 9869 9881 9890 9890 9876 9848 9808 9776 9756 9753 9754 9757 9757 9758 9740 9750 9752 9747 9739 9731 9724 9722 9728 9736 9733 9709 9716 9750 9779 9763 9734 9698 9741 9759 9768 9771 9792 9820 9842 9852 9874 9886 9868 9851 9853 9875 9891 9885 9853 9835 9837 9837 9840 9833 9826 9812
9959 9979 9925 9882 9871 9880 9890 9882 9845 9825 9838 9778 9737 9740 9743 9752 9763 9769 9779 9792 9808 9827 9843 9867 9884 9888 9895 9906 9914 9908 9858 9792 9729 9722 9729 9737 9745 9754 9762 9755 9753 9750 9742 9732 9719 9704 9685 9687 9696 9707 9708 9722 9746 9787 9749 9745 9737 9757 9745 9759 9785 9805 9825 9843 9857 9874 9883 9868 9844 9845 9864 9874 9865 9850 9844 9843 9846 9846 9845 9853 9842
9950 9963 9940 9884 9852 9840 9843 9860 9844 9816 9814 9812 9797 9778 9771 9769 9773 9780 9788 9795 9806 9821 9839 9854 9883 9889 9896 9909 9926 9934 9864 9785 9723 9708 9714 9724 9739 9756 9777 9778 9762 9749 9737 9724 9712 9695 9677 9677 9684 9689 9707 9716 9701 9668 9724 9786 9870 9804 9739 9730 9779 9813 9840 9859 9867 9877 9877 9865 9843 9841 9849 9846 9852 9858 9857 9865 9876 9863 9868 9887 9883
9915 9941 9977 9955 9861 9854 9847 9855 9841 9815 9838 9842 9848 9816 9799 9789 9786 9787 9791 9793 9799 9813 9833 9858 9862 9870 9885 9900 9912 9908 9846 9772 9718 9701 9703 9716 9734 9757 9779 9779 9764 9749 9735 9721 9711 9700 9685 9690 9693 9703 9733 9723 9695 9675 9716 9782 9836 9805 9759 9747 9781 9814 9845 9867 9872 9865 9867 9862 9828 9817 9820 9815 9834 9869 9890 9897 9874 9877 9904 9929 9909
9883 9896 9908 9917 9919 9862 9854 9867 9852 9833 9841 9829 9783 9810 9804 9794 9790 9791 9795 9797 9795 9797 9821 9840 9839 9851 9871 9883 9883 9856 9813 9755 9715 9693 9694 9706 9726 9749 9777 9777 9757 9741 9727 9716 9709 9709 9720 9712 9715 9730 9747 9738 9710 9688 9716 9759 9779 9778 9768 9735 9763 9804 9831 9844 9824 9835 9844 9836 9812 9796 9789 9812 9833 9860 9883 9883 9877 9888 9901 9909 9923
9859 9878 9891 9895 9897 9898 9898 9897 9852 9823 9820 9814 9781 9798 9797 9797 9794 9797 9798 9806 9805 9804 9823 9823 9824 9847 9865 9871 9865 9846 9797 9725 9683 9680 9687 9698 9712 9727 9753 9753 9738 9728 9719 9711 9705 9706 9712 9721 9740 9759 9763 9756 9740 9730 9745 9763 9763 9769 9780 9776 9791 9809 9827 9835 9829 9830 9812 9793 9778 9785 9790 9808 9823 9853 9876 9883 9880 9896 9909 9889 9920
9834 9849 9892 9876 9856 9890 9928 9886 9828 9788 9760 9762 9767 9785 9790 9791 9798 9798 9803 9814 9840 9856 9846 9851 9848 9865 9869 9866 9857 9836 9788 9716 9676 9677 9684 9691 9697 9699 9692 9708 9716 9716 9713 9707 9700 9693 9701 9720 9743 9768 9765 9765 9774 9786 9795 9794 9793 9793 9791 9797 9808 9823 9830 9827 9821 9808 9790 9778 9767 9789 9811 9828 9850 9877 9879 9875 9882 9910 9931 9971 9937
9816 9814 9843 9845 9825 9847 9906 9871 9829 9811 9783 9767 9755 9751 9767 9777 9784 9788 9796 9803 9812 9834 9857 9879 9904 9890 9881 9870 9856 9831 9787 9730 9693 9682 9682 9685 9687 9685 9686 9691 9703 9710 9712 9709 9702 9685 9689 9721 9748 9751 9766 9776 9801 9829 9842 9829 9817 9809 9811 9821 9841 9841 9838 9829 9815 9787 9770 9761 9779 9805 9842 9849 9856 9864 9876 9884 9899 9913 9943 9950 9988
9836 9828 9846 9829 9849 9916 9960 9901 9844 9821 9786 9774 9766 9755 9768 9775 9779 9778 9783 9790 9813 9830 9857 9881 9891 9893 9888 9878 9858 9832 9794 9752 9711 9691 9685 9684 9685 9682 9678 9690 9701 9709 9715 9718 9721 9720 9720 9726 9737 9777 9778 9793 9823 9849 9858 9849 9836 9830 9832 9847 9864 9856 9850 9845 9834 9789 9767 9771 9791 9809 9833 9844 9854 9858 9881 9899 9915 9938 9960 9982 1.001e+004
9849 9842 9818 9848 9912 9997 1e+004 9892 9866 9837 9815 9795 9819 9793 9779 9777 9776 9775 9776 9776 9777 9813 9856 9900 9903 9901 9896 9880 9859 9835 9799 9748 9711 9695 9690 9689 9692 9695 9696 9701 9707 9714 9722 9731 9742 9765 9755 9743 9741 9760 9792 9850 9843 9860 9884 9863 9849 9839 9842 9846 9858 9858 9856 9853 9848 9800 9771 9773 9790 9802 9808 9825 9852 9873 9887 9908 9916 9922 9929 9942 9964
9831 9822 9786 9794 9896 1.001e+004 1.006e+004 9944 9926 9859 9799 9801 9817 9814 9791 9780 9774 9772 9773 9772 9766 9801 9844 9888 9917 9926 9904 9880 9855 9834 9812 9730 9705 9695 9692 9693 9699 9710 9721 9714 9718 9725 9733 9740 9748 9752 9757 9761 9763 9773 9796 9819 9841 9860 9866 9866 9855 9842 9834 9835 9840 9853 9856 9853 9842 9816 9779 9772 9786 9803 9810 9827 9846 9865 9885 9901 9920 9923 9922 9930 9938
9789 9774 9759 9769 9870 1e+004 9986 9909 9970 9866 9777 9790 9816 9799 9790 9781 9776 9776 9780 9786 9797 9806 9826 9858 9906 9927 9902 9874 9847 9819 9782 9716 9692 9686 9686 9690 9696 9705 9712 9717 9724 9732 9741 9748 9753 9756 9758 9756 9771 9778 9800 9816 9839 9862 9872 9871 9859 9845 9834 9833 9843 9853 9854 9851 9844 9825 9802 9791 9804 9820 9836 9848 9855 9867 9883 9892 9910 9899 9897 9908 9919
9777 9758 9755 9786 9827 9864 9824 9819 9855 9849 9790 9803 9819 9799 9789 9778 9773 9777 9785 9799 9816 9812 9809 9813 9870 9901 9868 9843 9820 9790 9738 9700 9688 9688 9693 9696 9700 9698 9705 9722 9733 9742 9751 9759 9765 9771 9772 9772 9776 9803 9820 9838 9853 9865 9884 9877 9862 9849 9840 9840 9845 9858 9849 9840 9834 9824 9810 9819 9829 9842 9856 9863 9870 9875 9881 9866 9805 9845 9866 9887 9885
9810 9758 9758 9775 9784 9768 9787 9822 9887 9848 9809 9828 9825 9794 9771 9761 9764 9771 9783 9798 9809 9816 9818 9816 9819 9802 9809 9804 9795 9777 9736 9695 9686 9690 9698 9706 9711 9713 9719 9731 9742 9752 9762 9773 9782 9789 9796 9807 9820 9829 9840 9847 9849 9852 9854 9855 9859 9861 9865 9856 9862 9859 9839 9822 9805 9804 9820 9824 9842 9860 9869 9868 9886 9877 9864 9842 9809 9830 9865 9918 9977
9767 9737 9749 9788 9769 9755 9783 9838 9850 9799 9808 9820 9800 9748 9729 9737 9746 9758 9771 9786 9800 9815 9831 9827 9791 9758 9762 9769 9770 9771 9781 9691 9693 9699 9708 9718 9726 9732 9737 9744 9752 9761 9769 9781 9794 9805 9812 9827 9822 9851 9860 9837 9823 9837 9843 9845 9848 9863 9864 9858 9840 9822 9816 9809 9807 9821 9837 9847 9864 9875 9870 9859 9851 9860 9863 9855 9854 9856 9882 9971 1.008e+004
9740 9736 9746 9763 9752 9744 9770 9786 9732 9732 9767 9794 9788 9738 9712 9720 9731 9743 9757 9774 9788 9806 9818 9806 9772 9742 9733 9735 9740 9745 9740 9739 9711 9711 9719 9730 9742 9749 9755 9757 9762 9768 9778 9788 9804 9811 9814 9811 9816 9837 9847 9847 9845 9839 9822 9810 9824 9838 9851 9839 9803 9787 9792 9799 9811 9837 9852 9845 9868 9879 9869 9823 9825 9837 9860 9859 9861 9902 1.003e+004 1.002e+004 9967
9736 9739 9746 9742 9732 9710 9688 9679 9702 9701 9737 9792 9808 9751 9715 9714 9721 9732 9746 9759 9775 9792 9796 9783 9753 9722 9710 9712 9720 9724 9719 9705 9705 9709 9720 9735 9752 9765 9767 9769 9774 9779 9785 9788 9789 9798 9805 9818 9813 9822 9836 9856 9872 9848 9818 9797 9806 9805 9799 9793 9777 9771 9777 9789 9807 9834 9847 9833 9847 9851 9828 9801 9805 9815 9817 9844 9868 9913 1.002e+004 1.006e+004 1.005e+004
9755 9778 9757 9747 9720 9688 9657 9687 9678 9682 9706 9736 9783 9751 9724 9706 9711 9725 9739 9746 9760 9777 9796 9767 9731 9701 9691 9695 9703 9708 9703 9691 9700 9712 9725 9740 9759 9771 9773 9776 9781 9787 9790 9789 9781 9787 9788 9781 9797 9813 9834 9853 9870 9856 9829 9809 9808 9816 9806 9793 9774 9765 9770 9779 9790 9803 9827 9826 9829 9835 9822 9803 9800 9816 9839 9862 9896 9943 1.002e+004 1.008e+004 1.012e+004
9730 9759 9788 9755 9712 9682 9656 9642 9670 9676 9679 9698 9728 9721 9685 9684 9698 9716 9740 9757 9749 9743 9748 9729 9706 9682 9674 9688 9698 9703 9704 9697 9701 9713 9726 9737 9746 9760 9769 9776 9784 9793 9797 9803 9810 9811 9806 9797 9801 9810 9823 9846 9872 9863 9835 9811 9812 9817 9815 9799 9773 9784 9769 9774 9776 9776 9800 9817 9834 9838 9833 9815 9812 9830 9855 9888 9930 9968 1.003e+004 1.007e+004 1.008e+004
9688 9733 9799 9729 9691 9685 9687 9669 9634 9654 9651 9659 9722 9689 9653 9661 9681 9704 9729 9748 9723 9694 9674 9683 9686 9681 9680 9699 9705 9706 9707 9702 9705 9712 9721 9729 9729 9741 9758 9769 9781 9794 9809 9822 9838 9847 9853 9835 9822 9814 9813 9833 9863 9859 9836 9818 9816 9819 9809 9802 9788 9776 9775 9775 9774 9776 9787 9815 9839 9846 9831 9826 9838 9854 9872 9914 9955 9997 1.003e+004 1.007e+004 1.008e+004
9678 9750 9689 9687 9682 9688 9696 9697 9654 9631 9637 9635 9641 9641 9634 9642 9660 9679 9695 9702 9683 9653 9632 9656 9678 9702 9730 9721 9719 9713 9704 9704 9706 9716 9722 9727 9731 9740 9753 9768 9782 9798 9816 9834 9851 9874 9902 9875 9840 9822 9809 9819 9828 9829 9832 9827 9818 9805 9829 9816 9794 9785 9785 9780 9777 9779 9793 9816 9836 9845 9832 9840 9863 9890 9918 9937 9962 9981 1.003e+004 1.009e+004 1.011e+004
9676 9683 9675 9687 9695 9690 9686 9693 9681 9656 9660 9643 9627 9622 9620 9628 9642 9654 9660 9659 9653 9637 9632 9653 9681 9709 9734 9728 9727 9738 9737 9725 9727 9725 9726 9728 9731 9742 9751 9766 9779 9794 9814 9842 9869 9877 9878 9854 9841 9831 9827 9827 9820 9822 9834 9846 9833 9803 9825 9808 9793 9781 9788 9784 9780 9779 9796 9813 9826 9832 9845 9843 9868 9888 9918 9955 9991 1.002e+004 1.005e+004 1.011e+004 1.015e+004
9686 9688 9671 9687 9697 9693 9688 9690 9696 9687 9697 9679 9637 9629 9622 9622 9627 9636 9644 9647 9645 9639 9642 9662 9684 9701 9703 9718 9721 9720 9726 9732 9732 9728 9729 9732 9735 9744 9757 9769 9781 9790 9805 9823 9849 9867 9861 9837 9843 9841 9838 9832 9829 9831 9829 9836 9833 9816 9802 9795 9793 9789 9789 9785 9785 9790 9800 9811 9819 9830 9838 9844 9863 9877 9915 9971 1.003e+004 1.007e+004 1.009e+004 1.013e+004 1.018e+004
9680 9659 9660 9685 9698 9699 9683 9672 9696 9677 9701 9684 9632 9635 9614 9604 9614 9623 9633 9642 9647 9659 9667 9678 9694 9707 9720 9723 9720 9709 9716 9720 9711 9726 9731 9738 9744 9754 9762 9771 9781 9790 9794 9794 9818 9858 9887 9876 9858 9850 9837 9820 9823 9810 9808 9805 9793 9793 9783 9795 9801 9810 9799 9790 9789 9798 9807 9811 9817 9835 9848 9859 9871 9877 9924 9992 1.005e+004 1.009e+004 1.014e+004 1.019e+004 1.021e+004
9672 9653 9661 9696 9729 9710 9684 9672 9693 9651 9670 9663 9630 9637 9617 9604 9609 9612 9613 9631 9649 9659 9674 9690 9703 9715 9726 9732 9732 9726 9727 9730 9748 9730 9735 9744 9747 9762 9771 9780 9790 9798 9797 9798 9818 9849 9868 9876 9866 9861 9863 9879 9833 9800 9793 9788 9780 9779 9783 9794 9803 9814 9811 9799 9786 9787 9806 9818 9820 9836 9854 9876 9894 9911 9958 1.002e+004 1.01e+004 1.016e+004 1.019e+004 1.023e+004 1.023e+004
9654 9649 9662 9694 9719 9709 9689 9657 9666 9640 9629 9617 9592 9627 9626 9609 9611 9612 9628 9639 9658 9677 9691 9703 9713 9725 9734 9747 9761 9755 9750 9733 9701 9718 9734 9746 9762 9768 9779 9793 9802 9808 9814 9820 9838 9858 9864 9863 9865 9864 9866 9862 9832 9801 9794 9791 9789 9785 9789 9795 9805 9816 9828 9811 9793 9790 9797 9800 9832 9858 9861 9878 9919 9956 9994 1.005e+004 1.011e+004 1.017e+004 1.02e+004 1.023e+004 1.022e+004
9639 9632 9653 9677 9701 9694 9669 9636 9644 9664 9621 9568 9529 9632 9618 9641 9606 9593 9593 9628 9664 9699 9707 9713 9722 9733 9746 9763 9793 9819 9780 9748 9720 9730 9742 9745 9754 9773 9790 9803 9812 9826 9838 9851 9859 9874 9870 9863 9859 9855 9848 9834 9821 9811 9806 9804 9799 9794 9798 9804 9813 9823 9818 9814 9794 9794 9805 9820 9839 9869 9869 9890 9940 9977 1.003e+004 1.007e+004 1.012e+004 1.016e+004 1.019e+004 1.02e+004 1.018e+004
9616 9609 9624 9646 9670 9666 9643 9632 9628 9628 9595 9540 9488 9461 9521 9535 9576 9570 9562 9605 9655 9698 9703 9710 9723 9739 9753 9767 9784 9799 9787 9772 9767 9766 9767 9763 9769 9787 9803 9816 9830 9844 9855 9864 9868 9876 9882 9862 9850 9841 9831 9819 9812 9811 9813 9818 9820 9808 9810 9816 9824 9830 9825 9818 9802 9796 9809 9818 9839 9846 9898 9932 9976 1.004e+004 1.008e+004 1.008e+004 1.008e+004 1.014e+004 1.02e+004 1.018e+004 1.016e+004
9589 9582 9592 9607 9615 9625 9637 9621 9607 9597 9577 9531 9485 9459 9512 9586 9595 9572 9560 9584 9619 9661 9682 9698 9717 9739 9763 9787 9772 9765 9785 9787 9786 9790 9795 9800 9803 9807 9817 9829 9844 9860 9872 9869 9871 9859 9851 9847 9839 9830 9819 9811 9804 9803 9810 9823 9825 9826 9833 9840 9842 9841 9831 9837 9830 9821 9826 9824 9849 9853 9937 9972 1.001e+004 1.012e+004 1.01e+004 1.009e+004 1.01e+004 1.012e+004 1.014e+004 1.014e+004 1.014e+004
9567 9569 9588 9586 9567 9569 9597 9598 9593 9586 9557 9528 9492 9507 9568 9630 9622 9571 9548 9566 9577 9601 9648 9682 9705 9733 9763 9793 9816 9811 9796 9795 9798 9805 9815 9826 9825 9823 9828 9838 9854 9873 9896 9903 9881 9858 9830 9835 9832 9827 9816 9798 9792 9808 9821 9833 9839 9859 9863 9869 9871 9861 9849 9857 9853 9857 9877 9869 9858 9894 9948 9984 1.001e+004 1.005e+004 1.009e+004 1.01e+004 1.011e+004 1.011e+004 1.011e+004 1.012e+004 1.013e+004
9554 9566 9593 9578 9555 9546 9557 9570 9578 9580 9545 9510 9483 9512 9585 9621 9611 9566 9548 9561 9570 9592 9631 9665 9697 9726 9749 9769 9799 9807 9797 9791 9795 9805 9813 9831 9828 9825 9830 9840 9855 9872 9894 9902 9883 9864 9842 9838 9836 9833 9827 9821 9824 9829 9842 9856 9873 9884 9893 9898 9898 9893 9887 9901 9879 9883 9901 9895 9892 9936 9952 9996 1.004e+004 1.007e+004 1.009e+004 1.01e+004 1.007e+004 1.011e+004 1.011e+004 1.011e+004 1.011e+004
9552 9561 9565 9564 9555 9547 9543 9545 9544 9545 9524 9486 9453 9452 9512 9550 9562 9569 9567 9573 9587 9608 9632 9659 9688 9712 9733 9751 9780 9786 9777 9771 9772 9776 9781 9797 9804 9815 9825 9836 9849 9860 9868 9874 9873 9863 9855 9849 9847 9846 9845 9845 9846 9852 9862 9879 9887 9913 9915 9919 9926 9921 9922 9954 9911 9888 9911 9936 9935 9957 9979 1.002e+004 1.008e+004 1.009e+004 1.01e+004 1.012e+004 1.014e+004 1.012e+004 1.012e+004 1.01e+004 1.011e+004
9552 9559 9563 9562 9555 9550 9539 9529 9518 9524 9505 9478 9442 9418 9460 9511 9538 9547 9568 9586 9596 9617 9638 9661 9685 9708 9725 9733 9751 9745 9743 9743 9742 9740 9742 9743 9775 9797 9814 9828 9840 9847 9851 9858 9866 9871 9866 9862 9863 9864 9867 9869 9878 9877 9884 9891 9900 9913 9919 9918 9927 9929 9940 9939 9930 9922 9921 9918 9962 9980 9991 1.005e+004 1.008e+004 1.01e+004 1.012e+004 1.013e+004 1.013e+004 1.011e+004 1.011e+004 1.011e+004 1.013e+004
9559 9562 9567 9566 9551 9538 9529 9525 9523 9514 9506 9495 9465 9449 9485 9503 9515 9554 9579 9600 9620 9629 9642 9661 9681 9701 9718 9729 9692 9698 9713 9721 9724 9722 9738 9749 9770 9790 9806 9821 9832 9838 9847 9852 9860 9863 9870 9876 9880 9885 9891 9897 9903 9907 9905 9914 9922 9938 9911 9885 9893 9900 9938 9949 9944 9947 9953 9977 9991 1.001e+004 1.003e+004 1.006e+004 1.008e+004 1.01e+004 1.012e+004 1.012e+004 1.012e+004 1.01e+004 1.008e+004 1.012e+004 1.015e+004
9534 9547 9559 9562 9542 9525 9519 9522 9527 9524 9520 9505 9501 9514 9529 9518 9518 9567 9588 9603 9620 9630 9642 9658 9675 9693 9711 9717 9673 9673 9692 9709 9722 9743 9760 9770 9774 9788 9803 9818 9827 9834 9831 9849 9862 9871 9880 9889 9897 9905 9914 9926 9942 9940 9935 9938 9940 9903 9854 9821 9792 9822 9897 9964 9969 9971 9979 9998 1e+004 1.001e+004 1.002e+004 1.004e+004 1.008e+004 1.011e+004 1.013e+004 1.012e+004 1.012e+004 1.012e+004 1.013e+004 1.014e+004 1.014e+004
