real_craters/C199-750m.grd
DSAA
274 274
-102.445 102.445
-102.445 102.445
7158.4299339023 10818.559981446
[rows 0 to 35 of 274, columns 0 to 80 of 274]
9435 9434 9433 9432 9423 9410 9401 9404 9410 9418 9425 9434 9442 9450 9458 9465 9471 9477 9483 9483 9481 9478 9475 9475 9471 9467 9463 9459 9458 9452 9450 9447 9443 9440 9439 9439 9446 9457 9468 9469 9450 9446 9448 9447 9444 9438 9454 9469 9474 9460 9460 9464 9468 9478 9487 9502 9511 9525 9544 9551 9535 9523 9530 9580 9634 9600 9590 9587 9596 9599 9609 9608 9647 9854 9917 9967 9916 9784 9703 9632 9519
9430 9433 9434 9433 9426 9414 9406 9407 9416 9420 9426 9435 9444 9453 9459 9465 9469 9474 9479 9481 9482 9481 9480 9476 9472 9467 9465 9464 9458 9456 9452 9449 9446 9444 9443 9443 9450 9460 9468 9465 9450 9447 9454 9454 9446 9447 9458 9465 9467 9458 9461 9464 9465 9468 9488 9510 9510 9513 9516 9519 9513 9512 9517 9554 9608 9600 9593 9592 9599 9601 9611 9632 9686 9667 9752 9839 9940 9917 9849 9839 9879
9432 9434 9436 9436 9431 9423 9415 9413 9413 9414 9425 9436 9445 9453 9459 9464 9466 9470 9472 9478 9482 9484 9483 9480 9477 9471 9469 9467 9459 9457 9454 9451 9449 9448 9447 9448 9452 9461 9473 9473 9474 9476 9468 9466 9466 9462 9458 9456 9452 9453 9461 9466 9465 9464 9483 9505 9504 9499 9496 9505 9510 9513 9520 9555 9576 9583 9595 9602 9606 9617 9631 9651 9655 9657 9666 9724 9945 9924 9884 9901 1e+004
9436 9435 9438 9440 9438 9430 9423 9419 9412 9416 9427 9437 9446 9456 9458 9461 9465 9469 9473 9478 9483 9487 9486 9483 9482 9479 9474 9470 9463 9458 9456 9454 9452 9451 9450 9449 9453 9457 9459 9467 9476 9478 9470 9473 9484 9477 9464 9451 9440 9451 9462 9467 9468 9472 9487 9509 9500 9490 9481 9493 9509 9519 9530 9559 9580 9588 9605 9619 9636 9652 9667 9668 9671 9634 9661 9642 9697 9762 9788 9778 9751
9428 9434 9438 9443 9445 9439 9429 9422 9423 9429 9432 9439 9444 9450 9456 9459 9463 9467 9473 9478 9482 9487 9486 9484 9480 9479 9475 9471 9464 9461 9458 9457 9455 9454 9453 9454 9455 9455 9454 9455 9452 9447 9460 9468 9482 9491 9476 9452 9440 9454 9465 9469 9469 9472 9482 9494 9491 9485 9476 9474 9501 9517 9531 9553 9588 9600 9603 9615 9629 9643 9658 9664 9660 9622 9671 9639 9631 9671 9694 9678 9655
9427 9433 9438 9442 9443 9442 9436 9433 9435 9435 9437 9440 9443 9448 9452 9456 9460 9465 9470 9475 9478 9483 9484 9483 9480 9474 9474 9471 9466 9463 9461 9459 9458 9457 9457 9457 9457 9456 9454 9450 9446 9446 9458 9471 9489 9489 9473 9453 9444 9455 9465 9474 9474 9477 9482 9481 9482 9483 9482 9475 9487 9502 9522 9537 9553 9576 9585 9593 9605 9618 9630 9640 9633 9605 9649 9658 9662 9675 9661 9637 9609
9430 9433 9437 9439 9439 9437 9436 9441 9441 9441 9440 9440 9441 9444 9449 9453 9458 9463 9467 9470 9475 9479 9483 9484 9483 9479 9475 9472 9470 9465 9463 9462 9460 9460 9459 9460 9457 9457 9457 9451 9445 9444 9462 9487 9493 9479 9467 9475 9461 9440 9470 9485 9490 9502 9490 9485 9484 9485 9486 9485 9493 9498 9505 9536 9540 9552 9570 9584 9596 9606 9614 9616 9609 9605 9614 9650 9666 9671 9661 9644 9614
9434 9436 9438 9440 9441 9448 9437 9439 9439 9442 9441 9440 9438 9441 9446 9450 9456 9460 9465 9471 9474 9480 9483 9486 9485 9482 9477 9473 9471 9466 9464 9463 9463 9462 9460 9457 9456 9457 9458 9454 9450 9448 9467 9491 9488 9468 9457 9492 9412 9388 9480 9493 9499 9513 9491 9485 9485 9489 9491 9486 9493 9497 9504 9521 9532 9541 9555 9572 9582 9588 9590 9592 9583 9567 9601 9632 9657 9672 9657 9643 9622
9438 9440 9442 9444 9446 9449 9445 9444 9444 9445 9442 9440 9439 9440 9444 9449 9453 9458 9464 9469 9471 9476 9483 9488 9488 9482 9479 9476 9475 9466 9466 9466 9465 9464 9463 9462 9459 9461 9463 9462 9460 9466 9473 9479 9469 9459 9453 9471 9480 9486 9477 9489 9490 9496 9496 9494 9494 9493 9491 9489 9492 9500 9506 9518 9521 9539 9552 9558 9566 9572 9571 9566 9548 9529 9599 9611 9621 9627 9631 9639 9627
9442 9444 9447 9450 9453 9453 9450 9451 9449 9447 9444 9440 9437 9439 9443 9448 9452 9457 9461 9466 9475 9481 9485 9490 9490 9485 9481 9476 9473 9472 9470 9468 9467 9466 9466 9467 9465 9465 9470 9470 9469 9468 9469 9468 9457 9457 9457 9459 9470 9461 9479 9490 9495 9495 9496 9499 9506 9502 9497 9498 9497 9524 9516 9516 9543 9543 9550 9555 9561 9566 9562 9552 9533 9523 9586 9589 9578 9563 9593 9626 9618
9446 9449 9452 9456 9459 9458 9454 9453 9449 9449 9444 9439 9437 9439 9443 9448 9452 9457 9460 9465 9472 9479 9484 9491 9496 9490 9484 9478 9475 9475 9473 9471 9468 9467 9468 9469 9469 9481 9484 9480 9474 9467 9464 9462 9460 9467 9472 9475 9481 9483 9498 9499 9498 9497 9494 9499 9499 9511 9512 9515 9531 9498 9506 9526 9537 9545 9551 9557 9563 9567 9563 9548 9538 9533 9557 9562 9550 9536 9557 9580 9591
9452 9455 9457 9460 9462 9461 9459 9452 9447 9445 9442 9439 9438 9441 9445 9449 9453 9457 9460 9463 9468 9475 9480 9485 9493 9491 9488 9482 9479 9478 9476 9474 9471 9470 9468 9468 9474 9503 9495 9487 9481 9476 9476 9478 9480 9482 9488 9485 9493 9516 9517 9507 9498 9495 9491 9499 9509 9508 9510 9517 9522 9523 9519 9505 9518 9541 9554 9564 9569 9574 9578 9579 9564 9558 9541 9541 9536 9536 9542 9551 9566
9457 9459 9461 9464 9465 9464 9458 9451 9447 9443 9439 9442 9445 9445 9448 9452 9455 9458 9461 9464 9466 9471 9476 9480 9487 9497 9491 9483 9481 9481 9479 9477 9475 9472 9470 9468 9468 9473 9484 9485 9486 9487 9492 9501 9495 9493 9494 9499 9501 9502 9511 9512 9507 9494 9491 9498 9507 9497 9511 9532 9556 9552 9547 9562 9549 9552 9560 9573 9578 9582 9588 9597 9575 9550 9528 9520 9525 9535 9540 9542 9553
9461 9463 9465 9468 9473 9469 9463 9457 9453 9450 9447 9446 9446 9449 9452 9455 9458 9461 9464 9466 9467 9470 9473 9478 9483 9490 9490 9488 9485 9486 9482 9479 9476 9473 9471 9470 9470 9469 9475 9480 9485 9491 9494 9483 9489 9497 9505 9519 9513 9509 9518 9513 9504 9493 9490 9493 9495 9514 9530 9542 9550 9554 9574 9586 9578 9576 9581 9583 9583 9583 9584 9578 9565 9539 9487 9499 9512 9522 9527 9537 9545
9466 9467 9469 9471 9472 9474 9472 9465 9461 9459 9458 9452 9450 9452 9455 9458 9461 9464 9466 9468 9467 9469 9471 9474 9477 9483 9488 9487 9489 9487 9485 9483 9480 9477 9474 9472 9471 9465 9470 9476 9482 9488 9496 9480 9487 9502 9516 9522 9528 9531 9520 9516 9506 9503 9498 9495 9505 9540 9549 9559 9560 9571 9596 9618 9604 9598 9591 9582 9585 9586 9585 9578 9562 9545 9513 9500 9505 9514 9525 9532 9539
9471 9473 9475 9476 9478 9476 9470 9469 9465 9462 9460 9453 9452 9454 9456 9459 9463 9466 9470 9471 9468 9468 9470 9473 9475 9479 9483 9487 9491 9493 9489 9486 9482 9479 9476 9472 9467 9465 9469 9475 9480 9481 9474 9472 9490 9509 9528 9538 9547 9557 9529 9518 9519 9527 9516 9500 9475 9471 9545 9588 9612 9628 9627 9612 9620 9605 9570 9557 9571 9580 9582 9575 9563 9545 9520 9507 9503 9504 9507 9525 9534
9476 9478 9480 9482 9483 9476 9472 9468 9466 9462 9459 9458 9456 9456 9459 9462 9465 9469 9473 9476 9468 9468 9468 9469 9475 9478 9480 9484 9491 9497 9492 9486 9480 9472 9472 9467 9468 9464 9469 9475 9481 9484 9479 9479 9494 9516 9539 9560 9562 9553 9530 9524 9538 9538 9534 9517 9511 9541 9549 9580 9661 9624 9537 9454 9575 9536 9506 9512 9536 9563 9584 9584 9558 9535 9522 9515 9509 9506 9510 9521 9529
9480 9483 9486 9489 9486 9474 9470 9470 9466 9462 9458 9458 9458 9459 9462 9465 9468 9471 9474 9476 9478 9472 9469 9473 9475 9478 9481 9483 9489 9495 9493 9486 9480 9472 9466 9464 9471 9468 9472 9479 9485 9494 9500 9495 9499 9514 9543 9562 9560 9544 9536 9526 9543 9551 9544 9536 9534 9549 9535 9492 9423 9253 9183 9143 9222 9323 9389 9450 9498 9540 9568 9573 9555 9540 9530 9523 9518 9514 9515 9519 9526
9484 9486 9490 9493 9486 9476 9481 9475 9468 9463 9457 9454 9458 9461 9464 9467 9469 9472 9475 9477 9477 9475 9472 9468 9473 9475 9476 9480 9486 9491 9491 9485 9479 9472 9463 9454 9463 9480 9478 9483 9489 9496 9502 9491 9495 9503 9511 9554 9558 9529 9539 9523 9537 9556 9552 9547 9544 9561 9521 9393 9228 9106 9079 9034 9038 9152 9275 9378 9463 9522 9556 9568 9554 9546 9537 9528 9522 9519 9518 9516 9523
9487 9489 9491 9489 9488 9489 9483 9477 9471 9466 9461 9459 9460 9464 9467 9469 9471 9473 9475 9476 9475 9476 9475 9475 9474 9475 9476 9479 9483 9487 9489 9484 9478 9472 9466 9459 9462 9489 9486 9485 9486 9487 9480 9480 9489 9504 9530 9549 9553 9549 9530 9530 9544 9554 9555 9552 9566 9574 9527 9325 9122 9028 9009 8988 8987 9065 9193 9320 9433 9521 9574 9579 9554 9557 9538 9526 9519 9515 9514 9513 9519
9493 9494 9493 9492 9490 9491 9481 9475 9471 9469 9466 9464 9464 9465 9467 9469 9471 9472 9474 9475 9476 9476 9475 9474 9476 9478 9479 9477 9477 9477 9479 9480 9477 9474 9472 9475 9484 9481 9484 9485 9483 9480 9472 9472 9481 9497 9532 9544 9546 9538 9535 9546 9572 9575 9560 9553 9563 9635 9556 9292 9039 8971 8985 8970 8954 9010 9152 9299 9430 9536 9601 9598 9568 9547 9530 9518 9510 9506 9504 9506 9517
9499 9500 9498 9493 9487 9488 9474 9473 9472 9472 9472 9468 9466 9466 9467 9469 9471 9472 9473 9474 9475 9475 9478 9477 9477 9478 9482 9469 9474 9480 9480 9478 9477 9476 9474 9478 9482 9483 9482 9482 9480 9475 9466 9469 9473 9485 9512 9533 9541 9540 9532 9550 9568 9573 9563 9556 9568 9673 9602 9289 8998 8966 8976 8962 8942 9007 9156 9310 9448 9560 9626 9612 9582 9523 9513 9505 9498 9492 9494 9504 9522
9502 9504 9506 9489 9486 9478 9474 9472 9473 9475 9475 9467 9466 9466 9468 9471 9472 9473 9474 9474 9477 9481 9478 9477 9478 9478 9476 9464 9473 9479 9480 9478 9478 9478 9481 9481 9482 9481 9480 9480 9477 9473 9462 9463 9466 9470 9501 9518 9537 9522 9515 9535 9567 9571 9567 9565 9580 9663 9625 9333 9052 8983 8975 8968 8974 9051 9201 9352 9481 9581 9627 9598 9550 9513 9501 9494 9488 9485 9493 9511 9540
9503 9503 9507 9499 9478 9472 9471 9472 9473 9473 9474 9467 9466 9468 9470 9472 9473 9475 9477 9478 9479 9479 9482 9480 9481 9482 9483 9477 9478 9481 9485 9480 9480 9480 9481 9480 9479 9477 9481 9478 9475 9469 9460 9463 9466 9473 9486 9492 9488 9493 9493 9538 9558 9566 9568 9577 9600 9650 9635 9459 9221 9058 9023 9005 9036 9104 9293 9427 9527 9597 9614 9575 9525 9501 9493 9488 9484 9486 9509 9540 9574
9499 9496 9492 9475 9463 9467 9475 9472 9470 9468 9467 9467 9469 9472 9473 9475 9476 9477 9479 9480 9482 9484 9483 9482 9483 9483 9482 9484 9483 9484 9483 9479 9480 9481 9481 9481 9478 9476 9477 9474 9471 9466 9458 9463 9467 9471 9474 9476 9476 9479 9481 9545 9548 9553 9566 9584 9602 9628 9641 9654 9509 9192 9132 9102 9201 9294 9471 9528 9577 9613 9601 9554 9502 9490 9492 9494 9495 9501 9542 9588 9619
9494 9487 9479 9465 9461 9469 9466 9467 9466 9465 9467 9473 9475 9476 9478 9479 9480 9480 9481 9483 9485 9487 9484 9485 9486 9488 9483 9481 9485 9485 9486 9483 9481 9482 9482 9481 9477 9472 9465 9467 9467 9462 9457 9462 9467 9468 9469 9471 9472 9478 9479 9537 9511 9535 9557 9581 9600 9609 9623 9669 9688 9587 9442 9430 9492 9641 9621 9605 9610 9617 9585 9532 9502 9496 9505 9516 9525 9536 9582 9629 9647
9484 9476 9467 9460 9461 9472 9468 9466 9465 9463 9465 9474 9479 9481 9482 9483 9483 9483 9484 9486 9488 9489 9488 9488 9488 9486 9483 9486 9486 9487 9485 9482 9482 9482 9483 9483 9477 9470 9466 9465 9466 9464 9458 9460 9464 9470 9470 9471 9472 9475 9484 9514 9511 9523 9544 9567 9582 9590 9591 9612 9638 9669 9676 9669 9627 9621 9628 9613 9613 9593 9558 9513 9494 9506 9525 9546 9569 9593 9619 9648 9654
9480 9472 9467 9462 9462 9468 9471 9471 9467 9463 9466 9476 9482 9485 9484 9485 9487 9488 9486 9489 9490 9490 9488 9492 9493 9492 9488 9485 9488 9490 9490 9486 9483 9483 9482 9480 9477 9471 9467 9466 9465 9460 9457 9459 9463 9464 9470 9476 9477 9467 9487 9504 9495 9508 9527 9549 9562 9569 9563 9565 9583 9609 9603 9598 9608 9609 9596 9607 9601 9577 9545 9505 9500 9526 9553 9581 9612 9634 9645 9653 9654
9476 9469 9467 9465 9463 9464 9472 9474 9469 9466 9470 9479 9486 9488 9487 9488 9491 9494 9497 9493 9492 9493 9496 9496 9497 9496 9491 9493 9493 9494 9495 9489 9485 9483 9483 9480 9477 9473 9469 9465 9464 9456 9455 9457 9459 9460 9473 9483 9486 9466 9469 9476 9480 9491 9504 9522 9539 9553 9561 9562 9559 9569 9571 9590 9590 9592 9597 9594 9593 9584 9552 9520 9534 9554 9580 9609 9639 9658 9662 9659 9652
9471 9466 9463 9465 9463 9464 9467 9467 9468 9469 9473 9482 9490 9488 9489 9490 9493 9496 9498 9496 9494 9492 9497 9498 9500 9497 9493 9493 9495 9497 9499 9492 9485 9483 9482 9481 9478 9476 9472 9465 9465 9456 9455 9457 9461 9466 9475 9486 9490 9477 9471 9471 9474 9477 9480 9485 9515 9543 9568 9550 9567 9556 9563 9564 9567 9573 9575 9585 9594 9591 9566 9555 9571 9583 9603 9628 9654 9664 9664 9665 9653
9468 9463 9465 9463 9464 9464 9467 9470 9469 9468 9473 9481 9486 9486 9489 9491 9494 9495 9496 9496 9496 9495 9495 9498 9500 9501 9498 9497 9497 9497 9495 9490 9485 9482 9480 9479 9478 9476 9472 9468 9465 9456 9455 9457 9459 9465 9473 9482 9485 9451 9477 9470 9468 9468 9471 9479 9502 9530 9552 9557 9557 9544 9562 9565 9552 9559 9560 9578 9592 9593 9578 9578 9594 9602 9615 9632 9649 9655 9651 9639 9627
9467 9461 9457 9458 9467 9464 9467 9467 9469 9467 9473 9477 9478 9484 9489 9492 9495 9497 9497 9498 9498 9499 9496 9497 9498 9500 9500 9501 9498 9495 9492 9485 9482 9480 9479 9478 9476 9475 9475 9471 9468 9459 9457 9458 9460 9464 9470 9473 9471 9477 9477 9469 9468 9467 9468 9475 9493 9514 9532 9537 9541 9548 9564 9566 9553 9554 9568 9581 9590 9591 9587 9593 9604 9612 9618 9627 9637 9640 9635 9627 9627
9471 9466 9463 9457 9458 9462 9466 9473 9472 9474 9475 9478 9484 9486 9490 9494 9497 9499 9500 9499 9499 9498 9497 9499 9500 9499 9500 9499 9497 9494 9490 9485 9481 9478 9475 9475 9475 9474 9473 9472 9470 9463 9460 9459 9458 9465 9469 9471 9472 9471 9472 9473 9468 9467 9465 9472 9488 9502 9509 9513 9550 9552 9545 9540 9539 9542 9566 9585 9604 9605 9599 9599 9608 9615 9618 9618 9615 9623 9625 9625 9631
9477 9475 9470 9462 9462 9463 9464 9465 9468 9471 9475 9480 9485 9489 9493 9497 9501 9502 9502 9500 9498 9496 9499 9502 9502 9503 9502 9502 9500 9495 9490 9488 9482 9479 9475 9474 9474 9473 9472 9472 9473 9465 9463 9463 9465 9469 9471 9472 9471 9464 9467 9469 9491 9460 9465 9475 9488 9496 9495 9499 9507 9518 9525 9521 9518 9526 9533 9582 9609 9615 9606 9606 9611 9617 9618 9616 9614 9620 9623 9627 9635
9483 9479 9470 9468 9469 9467 9463 9460 9461 9466 9472 9480 9485 9491 9496 9501 9505 9507 9503 9499 9495 9497 9501 9501 9504 9506 9504 9501 9496 9494 9490 9488 9486 9484 9480 9478 9476 9475 9473 9473 9476 9467 9467 9468 9471 9471 9473 9473 9470 9465 9466 9448 9354 9444 9467 9481 9496 9505 9506 9490 9504 9508 9515 9513 9529 9538 9551 9608 9644 9632 9621 9617 9620 9623 9625 9628 9626 9627 9626 9628 9634
9489 9488 9462 9474 9476 9469 9463 9457 9453 9457 9468 9479 9489 9495 9499 9503 9507 9510 9503 9496 9493 9494 9490 9497 9503 9507 9504 9501 9497 9494 9490 9487 9491 9488 9490 9483 9480 9477 9475 9475 9473 9471 9471 9473 9472 9473 9475 9476 9471 9465 9465 9464 9479 9473 9478 9489 9502 9523 9532 9516 9507 9513 9521 9525 9542 9566 9606 9658 9655 9650 9639 9643 9631 9628 9631 9641 9645 9634 9631 9630 9633
