real_craters/C199-500m.grd
DSAA
411 411
-102.445 102.445
-102.445 102.445
7141.293342435 10795.077083471
[rows 120 to 149 of 411, columns 335 to 401 of 411]
9606.85 9612.39 9630.59 9638.25 9639.89 9639.04 9638.08 9640.45 9635.22 9632.12 9627.64 9620.45 9612.45 9605.21 9595.6 9585 9572.38 9586.27 9578.32 9575.95 9565.11 9568.58 9577.09 9583.62 9585.93 9578.74 9583.43 9586.32 9585.59 9587.54 9597.29 9597.61 9595.59 9593.53 9592.73 9594.51 9599.12 9605.14 9609.43 9624.09 9639.03 9644.3 9652.09 9660.67 9666.87 9673.18 9679.56 9681.02 9671.96 9666.46 9664.08 9659.52 9656.74 9655.31 9653.8 9652.77 9660.2 9670.26 9682.08 9697.95 9713.94 9698.67 9691.99 9687.95 9685.72 9683.39 9682.11
9622.56 9629.31 9653.28 9651.18 9640.59 9626.89 9628.26 9638.64 9641.1 9638.49 9633.18 9627.05 9619.22 9612.56 9605.1 9596.63 9587.96 9585.91 9588.29 9583.3 9578.29 9583.81 9592.96 9597.86 9591.39 9584.65 9587.28 9598.16 9608.55 9611.13 9610.98 9609.8 9605.93 9602.72 9601.72 9606.4 9622.06 9624.94 9624.14 9641.62 9657.85 9658.02 9662.5 9667.76 9672.47 9676.6 9682.37 9682.62 9673.71 9665.85 9659.21 9658.24 9657.36 9657.23 9657.21 9658.26 9664.58 9674.58 9685.22 9695.96 9701.35 9700.36 9696.26 9693.61 9690.44 9688.17 9684.6
9642.01 9638.8 9663.98 9661.26 9646.38 9632.35 9642.76 9649.54 9652.2 9647 9639.6 9634.09 9627.41 9621.26 9614.48 9610.5 9606.37 9599.03 9597.3 9590.49 9592.53 9605.3 9622.92 9615.3 9600.75 9586.7 9590.56 9608.51 9632.93 9638.27 9630.52 9622.94 9615.96 9611.29 9608.32 9610.65 9628.32 9643.78 9647.27 9660.48 9677.83 9679.43 9675.23 9674.71 9677.18 9678.65 9675.41 9673.67 9670.53 9663.99 9661.21 9658.51 9659.83 9661.72 9663.92 9665.71 9671.61 9681.56 9688.59 9692.73 9696.09 9698.49 9697.17 9696.03 9693.79 9691.68 9688.64
9641.7 9652.01 9673.37 9663.52 9651.79 9651.45 9669.7 9670.4 9666.04 9656.51 9648.29 9640.55 9634.55 9628.35 9623.26 9621.27 9620.66 9605.72 9593.52 9592.12 9595.76 9605.38 9622.99 9618.84 9607.16 9601.23 9604.75 9611.48 9624.42 9635.1 9653.46 9630.84 9621.83 9616.67 9613.33 9610.82 9621.74 9642.87 9655.15 9670.3 9688.38 9696.54 9681.44 9677.4 9678.87 9683.83 9688.22 9680.84 9670.3 9659.9 9654.34 9657.94 9662.93 9668.51 9675.04 9679.75 9686.58 9694.79 9697.54 9695.46 9697.59 9702.31 9702.11 9699.92 9697.31 9693.7 9690.47
9658.45 9655.38 9651.31 9646.81 9647.77 9653.07 9660.74 9675.27 9668.13 9660.82 9654.8 9648.67 9642.09 9634.9 9628.48 9625.1 9622.27 9609.64 9598.77 9592.97 9586.9 9602.66 9611.1 9610.28 9604.83 9600.91 9601.4 9608.59 9614.95 9609.57 9597.55 9619.52 9621.25 9618.79 9617.36 9622.24 9635.07 9645.09 9651.51 9669.56 9683.25 9680.29 9671.28 9671.73 9677.39 9685.11 9694.46 9684.96 9669.73 9657.53 9652.38 9659.24 9668.78 9678.83 9689.91 9701.74 9711.78 9714.35 9713.12 9709.97 9708.14 9709.21 9708.14 9704.98 9699.74 9696.77 9694.26
9652.66 9670.93 9643.41 9634.15 9641.55 9647.02 9658.34 9658.1 9657.6 9657.2 9653.85 9648.72 9643.25 9637.77 9630.84 9622.44 9613.44 9611.99 9609.3 9599.45 9597.6 9601.62 9605.38 9605.12 9598.74 9593.49 9593.38 9598.58 9602.49 9614.72 9615.83 9622.06 9623.74 9621.54 9619.73 9618.22 9626.48 9629.97 9647.03 9664.2 9674.57 9641.55 9655.64 9664.78 9672.6 9678.94 9679.53 9678.29 9668.66 9659.07 9656.95 9665.04 9676 9688.39 9702.89 9720.22 9734.76 9732.9 9730.3 9726.78 9722.6 9717.95 9715.37 9711.63 9707.31 9701.19 9697.17
9646.23 9678 9655.49 9644.1 9645.34 9643.81 9647.92 9653.3 9656.6 9655.22 9651.26 9647.3 9643.45 9639.58 9633.59 9624.26 9606.95 9608.62 9607.49 9601.26 9596.5 9597.84 9600.72 9600.25 9591.25 9583.45 9577.25 9587.7 9605.81 9640.43 9649.47 9637.23 9631.11 9626.03 9623.08 9622.15 9629.14 9640.64 9648.71 9660.88 9667.49 9660.52 9659.14 9663.7 9668.38 9673.53 9678 9674.76 9669.61 9663.89 9664.41 9672.74 9683.25 9695 9709.02 9725.99 9742.97 9737.05 9739.12 9751.03 9733.77 9723.48 9717.39 9713.74 9708.17 9702.17 9697.96
9637.19 9653.99 9664.59 9667.69 9656.1 9644.85 9634.58 9648.19 9657.69 9655.27 9653.14 9650.85 9648.52 9644.45 9638.3 9632.35 9625.76 9615.4 9610.1 9602.75 9592.58 9591.03 9591.13 9585.59 9584.27 9578.99 9574.09 9583.16 9601.09 9630.03 9646.46 9641.86 9636.25 9631.58 9628.05 9628.87 9649.67 9659.8 9658.29 9660.49 9663.42 9666.56 9663.71 9663.5 9666.17 9668.42 9671.16 9673.83 9673.71 9670.77 9674.43 9681.6 9690 9699.72 9709.37 9717.89 9719.47 9721.08 9719.49 9718.35 9723.7 9722.26 9718.46 9714.02 9709.88 9704.63 9698.55
9623.84 9640.03 9664.44 9676.77 9665.47 9651.52 9642.31 9671.51 9655.06 9651.9 9650.74 9649.65 9649.41 9647.49 9644.79 9641.34 9632.56 9622.85 9617.64 9611.19 9601.73 9594.39 9591.83 9588.83 9587.69 9583.71 9579.42 9585.2 9599.75 9607.15 9628.59 9639.15 9640.92 9640.08 9639.19 9644.57 9672.85 9686.82 9666.79 9658.14 9658.78 9657.6 9659.5 9663.22 9665.85 9666.28 9668.38 9676.16 9682.79 9689.61 9689.47 9691.32 9696.51 9703.63 9709.22 9710.98 9707.51 9709.28 9713.75 9699.46 9716.39 9719.2 9717.17 9713.96 9709.64 9705.79 9698.03
9625.68 9639.35 9659.02 9676.36 9666.02 9659.6 9662.32 9673.13 9656.98 9651.66 9650.83 9651.7 9652.17 9652.47 9652.21 9650.28 9642.92 9644.73 9636.86 9626.19 9615.19 9611.73 9614.18 9608.89 9602.65 9595.53 9592.51 9593.37 9607.37 9643.02 9643.64 9642.44 9644.36 9647 9653.57 9670.24 9680.49 9671.03 9652.62 9648.62 9642.46 9652.42 9658.84 9665.29 9670.15 9672.8 9675.73 9681.2 9687.51 9697.03 9697.66 9698.47 9702.48 9707.93 9712.94 9715.61 9719.2 9725.64 9731.61 9736.28 9726.43 9722.61 9720.08 9716.12 9712.91 9708.07 9703.88
9631.57 9638.35 9648.43 9649.98 9658.56 9662.79 9663.74 9659.49 9653.23 9650.08 9651.84 9653.53 9654.99 9657.22 9659.49 9659.25 9663.6 9664.07 9655.94 9644.65 9635.82 9633.28 9621.42 9622.39 9613.78 9605.59 9603.52 9601.87 9611.27 9626.87 9639.4 9643.74 9646.08 9649.66 9656.59 9666.86 9667.46 9653 9638.81 9640.5 9646.88 9652.82 9661.12 9670.04 9677.93 9685.4 9688.39 9688.14 9685.63 9684.18 9692.9 9701.16 9706.67 9713.19 9719.89 9725.12 9729.73 9732.29 9733.71 9731.64 9728 9724.09 9719.22 9717.26 9715.04 9712.91 9712.04
9637.25 9646.61 9645.99 9651.7 9658.22 9665.02 9671.97 9673.9 9652.12 9651.49 9653.92 9655.03 9657.21 9661.13 9668.18 9677.05 9683.52 9686.15 9671 9657.52 9649.43 9646.03 9625.4 9615.38 9612.93 9610.08 9610.09 9617.41 9623.5 9631.41 9639.57 9643.63 9645.85 9648 9652.45 9654.37 9652.37 9642.2 9634.28 9635.59 9641.34 9652.44 9664.28 9674.87 9685.92 9695.91 9698.19 9695.44 9688.6 9684.07 9692.87 9700.35 9706.87 9716.51 9723.95 9731.34 9739.12 9743.73 9742.41 9733.93 9725 9718.37 9713.89 9713.64 9710.88 9708.7 9711.07
9643.72 9640.06 9646.98 9653.66 9659.67 9665.21 9670.14 9665.08 9661.72 9661.11 9660.17 9659.31 9660.88 9665.09 9671.5 9686.86 9690.36 9688.37 9674.19 9659.99 9649.68 9642.46 9632.89 9617.66 9611.86 9611.39 9614.48 9625.28 9633.91 9639.02 9644.19 9645.9 9645.56 9643.4 9644.94 9658.19 9649.34 9639.99 9632.73 9637.64 9645.32 9654.52 9663.67 9680.22 9694.08 9702.12 9705.83 9702.79 9698.18 9696.03 9698.46 9702.93 9707.54 9712.7 9720.8 9733.4 9746.02 9754.15 9735.34 9724.54 9716.57 9710.42 9705.86 9703.36 9699.74 9703.9 9711.99
9642.09 9644.34 9651.39 9656.36 9659.88 9663.59 9666.22 9667.97 9669.66 9667.88 9664.93 9663.4 9663.83 9664.3 9664.58 9670.47 9681.26 9678.69 9666.61 9654.52 9642.21 9630.38 9618.79 9617.65 9611.09 9613.46 9617.92 9623.24 9641.15 9650.73 9649.94 9647.93 9645.29 9641.25 9632.17 9655.52 9652.01 9642.48 9640.83 9644.75 9654.05 9663.69 9674.74 9691.21 9704.02 9711.75 9713.91 9713.44 9709.47 9705.53 9707.08 9705.58 9706.88 9710.57 9717.41 9726.76 9737.04 9737.73 9722.88 9711.77 9704.09 9697.9 9693.39 9692.22 9693.23 9697.47 9704.96
9642.15 9654.87 9662.44 9663.95 9663.81 9662.41 9661.88 9665.84 9667.53 9667.82 9669.28 9668.29 9666.11 9664.88 9664.3 9675.17 9668.03 9657.64 9654.09 9645.59 9634.74 9622.53 9616.57 9621.45 9616.17 9615.86 9622.2 9635.87 9649.91 9657.17 9653.64 9650.61 9648.56 9648.22 9652.67 9665.46 9656.87 9647.86 9643.42 9649.45 9661.98 9675.9 9691.63 9702.71 9712.68 9718.16 9717.44 9719.74 9726.59 9723.62 9714.01 9708.25 9703.85 9704.01 9704.71 9711.45 9722.14 9734.32 9720.15 9701.2 9687.1 9679.85 9675.52 9677.36 9680.51 9681.85 9687.26
9658.56 9668.86 9674.7 9671.85 9665.51 9663.32 9658.83 9653.61 9667.87 9674.36 9675.68 9674.66 9671.39 9666.46 9663.29 9669.83 9663.88 9653.92 9646.83 9640.01 9632.7 9627.65 9623.46 9621.38 9610.2 9617.84 9626.41 9636.38 9651.62 9654.76 9651.66 9650.11 9650.43 9653.92 9662.64 9660.92 9659.74 9650.51 9644.44 9647.85 9665.67 9686.37 9699.68 9709.89 9713.4 9712.3 9706.69 9710.42 9731.87 9726.89 9711.45 9702.67 9696.7 9692.15 9689.45 9687.14 9688.72 9696.72 9703.51 9673.98 9663.01 9657.74 9658.45 9659.11 9664.57 9667.22 9669.57
9669.71 9683.37 9689.75 9685.31 9675.47 9670.38 9663.51 9658.55 9674.94 9680.7 9683.47 9681.17 9676.08 9669.22 9660.96 9656.18 9652.95 9648.63 9644.24 9638.62 9632.16 9626.14 9619.28 9621.36 9619.29 9622.58 9629.98 9638.28 9640.12 9642.25 9643.9 9646.06 9648.06 9651.22 9651.62 9652.3 9646.87 9646.74 9644.23 9651.3 9671.98 9694.9 9726.39 9714.98 9677.37 9681.43 9669.97 9679.3 9681.11 9695.65 9699.13 9695.81 9690.11 9681.97 9673.96 9663.4 9648.24 9608.91 9608.45 9629.31 9630.43 9631.81 9635.08 9638.36 9643.23 9650.65 9650.77
9677.24 9696.27 9708.26 9700.83 9692.68 9682.58 9674.57 9673.41 9686.88 9697.73 9693.84 9689.59 9683.51 9675.5 9665.97 9660.7 9648.7 9646.41 9645.8 9642.29 9635.43 9623.37 9611.74 9618.61 9624.48 9623.94 9623.2 9619.39 9612.36 9624.77 9634.78 9640.95 9644.98 9648.37 9651.88 9649.21 9644.81 9648.83 9655.65 9670.11 9678.61 9682.51 9683.42 9645.94 9585.2 9569.52 9620.28 9652.2 9680.08 9681.64 9683.66 9682.7 9676.46 9669.03 9656.99 9640.15 9622.91 9621.33 9622.59 9599.39 9604.14 9611.82 9618.65 9624.97 9629.95 9632.81 9634.42
9686.45 9702.19 9711.71 9709.59 9703.06 9690.34 9682.13 9683.21 9691.8 9703.23 9701.8 9698.03 9692.66 9685.16 9674.5 9661.57 9652.25 9653.32 9655.55 9654.1 9649 9638.35 9628.03 9642.83 9634.51 9625.74 9616.57 9611.55 9613.3 9621.55 9630.28 9636.48 9641.12 9644.06 9642.87 9643.28 9645.49 9652.17 9666.31 9682.98 9674.58 9659.58 9627.37 9587.42 9566.61 9567.13 9604.93 9642.4 9659.26 9672.31 9676.31 9674.84 9668.47 9657.52 9648.28 9628.53 9600.56 9568.7 9547.7 9558.62 9574.96 9590.13 9601.78 9614.19 9621.49 9626.3 9628.3
9683 9700.17 9713.13 9706.72 9695.28 9685.39 9681.41 9682.56 9693.16 9700.36 9705.53 9705.7 9702.79 9697.3 9689.67 9677.36 9670.65 9669.42 9668.18 9666.7 9666.57 9669.41 9675.69 9655.92 9639.87 9626.48 9618.42 9617.6 9622.98 9626.94 9632.45 9635.36 9638.04 9640.39 9644.23 9643.03 9644.19 9651.33 9662.67 9669.46 9665.76 9650.21 9626.62 9602.94 9588.23 9596 9619.64 9648.11 9668.44 9671.7 9670.69 9670.45 9666.61 9656.04 9640.83 9619.47 9587.81 9532.92 9493.94 9528.07 9552.33 9571.35 9590.79 9603.64 9614.01 9620.76 9628.01
9672.95 9687.76 9697 9689.33 9677.69 9673.61 9677.28 9681.13 9685.27 9703.93 9711.14 9712.9 9712.71 9710.15 9702.36 9696.32 9693.66 9687.76 9681.79 9678.44 9679.99 9690.14 9710.07 9689.16 9657.23 9642.52 9628.1 9631.35 9638.2 9635.55 9637.36 9640.22 9640.25 9637.91 9637.4 9641.32 9642.43 9648.41 9654.52 9662.5 9661.29 9649.65 9640.37 9642.45 9671.66 9647.23 9640.36 9650.68 9661.78 9664.92 9666.22 9665.33 9658.8 9650.52 9633.91 9621.11 9607.29 9588.19 9547.34 9542.8 9554.93 9570.83 9585.91 9600.02 9610.97 9620.23 9627.64
9668.46 9674.42 9670.85 9670.21 9669.14 9670.07 9675.66 9683.33 9698.01 9708.14 9714.86 9719.54 9723.76 9726.16 9722.47 9724.7 9720.32 9706.04 9694.51 9689.56 9686.76 9687.17 9689.09 9667.58 9653.72 9638.12 9639.46 9640.52 9637.86 9641.6 9645.29 9646.48 9645.46 9642.61 9644.86 9647.44 9645.1 9643.99 9647.75 9656.98 9654.97 9647.63 9642.32 9638.94 9650.42 9654.59 9649.82 9650.31 9653.68 9659.9 9662 9657.68 9653.11 9644.65 9637.91 9630.71 9622.81 9621.29 9594.47 9561.12 9566.66 9577.86 9590.07 9601.13 9610.2 9620.16 9629.14
9670 9670.86 9666.81 9665.21 9668.19 9671.18 9674.83 9680.99 9689.41 9703.38 9718.76 9724.7 9733.43 9740.22 9741.1 9747.09 9741.42 9714.89 9703.49 9697.04 9689.71 9677.95 9648.98 9672.84 9666.17 9655.93 9649.71 9651.67 9648.68 9654.02 9655.9 9654.74 9653.35 9655.23 9664.16 9635.78 9633.88 9638.24 9639.63 9640.27 9641.56 9642.64 9643.5 9647.32 9651.67 9652.78 9651.87 9652.35 9653.43 9657.4 9656.47 9654.91 9647.72 9644.7 9642.98 9639.17 9626.43 9579.48 9551.06 9564.44 9584.28 9594.63 9603.56 9611.57 9618.5 9626.61 9635.1
9675.9 9674.51 9668.93 9665 9668.35 9670.69 9673.85 9678.1 9682.89 9693.65 9704.88 9722.61 9737.49 9749.74 9750.53 9709.98 9699.13 9703.97 9705.52 9705.06 9701.35 9689 9659.7 9673.55 9673.14 9661.89 9667.02 9668.27 9676.57 9672.53 9665.51 9662.54 9658.13 9646.88 9619.51 9632.47 9636.84 9639.32 9636.44 9633.25 9634.77 9640.07 9645.34 9649.58 9651.82 9654.5 9655.39 9656.56 9655.73 9656.71 9654.84 9651.92 9649.75 9645.79 9644.11 9646.56 9657.75 9680.29 9632.93 9619.79 9613.28 9611.52 9613.75 9618.5 9625.1 9633.3 9644.24
9686.57 9682.29 9677.49 9674.75 9672.97 9672.28 9674.9 9678.51 9683.53 9692.91 9701.33 9723.39 9739.67 9754.24 9754.63 9678.9 9673.84 9698.72 9709.68 9714.21 9716.8 9722.84 9738.59 9732.33 9685.03 9673.27 9668.6 9662.47 9669.33 9670.55 9669.15 9668.1 9667.76 9669.53 9638.94 9657.58 9657.57 9649.46 9639.64 9633.76 9633.34 9638.7 9646.43 9655.11 9656.58 9661.34 9663.84 9665.74 9665.26 9665.56 9662.71 9657.5 9651.3 9645.84 9641.27 9642.03 9651.25 9669.65 9674.83 9660.92 9638.53 9628.38 9626.98 9628.84 9633.91 9641.36 9652.02
9696.98 9692.16 9686.72 9681.66 9678.21 9675.74 9679.5 9683.74 9687.92 9707.29 9724.91 9729.7 9738 9749.05 9756.61 9731.59 9716.11 9716.22 9719.06 9722.78 9729.17 9744.1 9775.82 9785.86 9696.08 9675.2 9661.32 9661.01 9658.28 9662.21 9668.23 9671.05 9671.38 9664.18 9668.45 9699.01 9678.9 9660.92 9649.16 9639.88 9635.42 9641.66 9647.25 9653.67 9664.91 9673.74 9681.42 9676.22 9678.95 9676.33 9668.74 9660.13 9650.79 9641.72 9633.85 9626.71 9618.89 9622.54 9647.21 9651.65 9641.33 9636.26 9635.12 9637.35 9641.73 9646.82 9652.28
9707.72 9697.64 9689.3 9685.29 9682.28 9682.99 9689.69 9694.22 9696.99 9706.26 9718.74 9726.18 9731.61 9738.18 9758.55 9788.56 9761.13 9739.79 9732.29 9730.49 9732.75 9736.43 9734.72 9702.18 9664.17 9658.04 9652.75 9651.56 9658.02 9663.76 9668.24 9671.85 9672.18 9652.82 9654.23 9683.48 9677.21 9662.28 9654.95 9646.74 9645.31 9648.47 9651.23 9654.95 9673.34 9686.94 9703.73 9716.89 9701.38 9688.45 9675.74 9663.56 9652.47 9639.93 9626.54 9612.73 9600.39 9602.51 9619.52 9629.28 9634.89 9639.13 9642.56 9647 9651.22 9653.58 9653.82
9707.1 9697.63 9687.62 9677.49 9686.22 9703.09 9708.98 9707.72 9708.58 9710.57 9715.58 9720.17 9723.56 9728.72 9749.15 9771.62 9762.18 9749.21 9740.03 9734.64 9730.52 9722.06 9704.49 9670.32 9653.97 9650.92 9649.88 9653.64 9656.2 9662.44 9668.12 9672.29 9671.95 9655.07 9652.49 9667.95 9663.08 9651.95 9643.58 9648.16 9660.36 9656.73 9657.65 9664.41 9678.18 9693.9 9713.42 9726.08 9711.18 9693.52 9678.1 9664.34 9651.8 9637.5 9621.2 9604.05 9590.06 9592 9604.9 9614.52 9628.34 9636.2 9642.95 9647.6 9652.8 9657.8 9661.17
9698.82 9694.69 9688.88 9682.12 9693.62 9709.13 9716.89 9719.43 9720.21 9721.68 9718.94 9716.89 9716.9 9721.81 9733.05 9739.71 9747.28 9742.95 9735.7 9729.8 9722.13 9711.13 9693.22 9672.62 9658.69 9651.22 9653.23 9651.35 9655.41 9661.36 9668.19 9672.42 9669.85 9654.35 9644.67 9649.85 9652.77 9644.14 9638.61 9646.64 9651.75 9657.81 9664.26 9668.34 9680.85 9692.76 9708.02 9715.02 9706.36 9693.17 9679.7 9665.98 9651.99 9635.96 9620.05 9602.2 9583.48 9586.83 9603.98 9622.88 9628.42 9637.28 9645.43 9653.08 9659.34 9667.54 9676.18
9688.3 9692.46 9694.91 9699.86 9709.74 9720.19 9726.69 9728.71 9727.35 9723.66 9721.3 9713.99 9711.72 9709.69 9723.32 9733.83 9734.88 9733.04 9729.62 9723.72 9716.09 9703.2 9689.08 9679.35 9663.44 9652.38 9651.73 9650.19 9656.9 9665.39 9669.97 9677.93 9677 9644.38 9647.29 9655.62 9659.97 9652.35 9645.56 9656.46 9660.71 9666.64 9674.82 9686.97 9684.32 9688.93 9697.46 9700.99 9696.19 9687.71 9676.04 9663.46 9652.86 9641.61 9629.53 9615.04 9598.47 9600.6 9608.67 9609.55 9624.53 9641.4 9653.02 9660.91 9666.55 9672.18 9682.95
