real_craters/C199-1000m.grd
DSAA
118 118
-58.54 58.54
-58.54 58.54
2420.4971328449 4445.4794153071
[rows 60 to 89 of 118, columns 0 to 66 of 118]
3648.55 3650.98 3652.38 3648.86 3645.18 3651.91 3659.81 3663.17 3670.14 3680.56 3697.51 3736.69 3782.47 3769.75 3781.21 3786.89 3781.76 3790.64 3794.08 3809.39 3810.83 3810.07 3806.38 3788.86 3801.37 3780.94 3807.02 3800.39 3796.68 3826.3 3841.15 3856.01 3908.29 3922.56 4072.31 3924.33 3524.64 3294.5 3183.11 3114.59 2994.93 2864.88 2751.66 2651.81 2593.26 2565.32 2578.89 2630.93 2566.7 2578.71 2694.1 2818.35 2928.4 2904.76 2891.6 2889.65 2906.92 2959.83 3021.99 3009.13 2954.36 2880.79 2873.75 2847.92 2844.56 2914.57 2951.27
3653.15 3657.78 3662.26 3667.93 3663.32 3672.65 3673.22 3669.91 3681.58 3703.52 3730.11 3770.11 3797.58 3793.94 3797.29 3798.09 3786.93 3781.48 3784.47 3800.36 3806.18 3800.51 3787.73 3773.02 3756.21 3757.58 3767.83 3771.07 3792.13 3809.64 3822.02 3832.88 3878.68 3948.43 4079.62 3897.48 3494.32 3299.57 3146.2 3055.67 2937.48 2810.3 2715.7 2632.35 2576.67 2564.23 2573.22 2590.53 2550.77 2536.99 2604.17 2637.74 2673.05 2746.51 2778.23 2771.59 2812.35 2859.76 2921.6 2932.4 2914.14 2855.01 2822.8 2803.51 2816.76 2895.12 2925.8
3656.34 3662.03 3667.3 3673.44 3668.9 3662.79 3667.92 3674.12 3687.83 3723.3 3762.32 3767.19 3773.06 3799.15 3799.92 3802.91 3794.5 3789.49 3799.3 3810.53 3811.49 3802.44 3782.2 3759.7 3753.02 3752.88 3756.74 3776.5 3788.31 3807.76 3825.89 3840.86 3876.38 3981.48 4119.74 3851.27 3563.18 3385.09 3169.35 3008.67 2880.38 2764.34 2693.71 2630.64 2571.78 2571.02 2564.63 2559.19 2534.8 2518.73 2525.69 2527.31 2561.84 2640.81 2654.99 2686.4 2715.12 2751.94 2833.78 2856.52 2851.62 2840.25 2797.84 2749.15 2761.62 2828.88 2857.48
3664.75 3663.21 3667.47 3670.61 3673.04 3671.14 3668.34 3673.23 3691.08 3721.6 3750.08 3783.63 3785.28 3783.42 3786.71 3773.74 3783.77 3834.44 3839.97 3832.47 3829.98 3823.93 3806.64 3791.35 3780.05 3773.2 3770.4 3762.63 3782.49 3802.79 3834.02 3873.64 3947.27 4081.37 4112.27 3987.07 3687.47 3505.57 3238.98 3000.54 2859.1 2750.96 2698.15 2644.19 2592.99 2567 2556.24 2547.83 2537.72 2521.69 2514.86 2512.86 2516.83 2553.83 2578.83 2586.67 2625.74 2679.83 2757.51 2793.4 2817.76 2792.64 2769.82 2714.33 2710.88 2749.82 2798.07
3651.74 3659.54 3663.35 3667.09 3673.73 3672.85 3678.23 3689.95 3700.25 3714.28 3732.31 3749.96 3773 3788.07 3780.28 3762.73 3754.44 3834.07 3850.74 3847.42 3849.9 3852.61 3847.73 3836.88 3820.21 3795.22 3772.25 3766.05 3770.46 3796.31 3833.54 3894.28 4016.37 4178.22 4210.32 4197.61 4011.25 3666.67 3345.97 3116.24 2919.88 2827.41 2730.33 2664.25 2610.86 2556.09 2552.91 2547.67 2545.1 2533.88 2516.92 2489.95 2506.85 2510.91 2512.27 2517.71 2545.82 2599.15 2696.24 2738.59 2744.28 2739.51 2720.16 2668.65 2662.75 2695.93 2762.59
3658.78 3662.69 3659.75 3659.84 3668.65 3680.69 3684.91 3694.12 3706.4 3709.07 3708.79 3715.69 3732.97 3758.8 3755.42 3745.78 3769.95 3784.42 3809.6 3838.18 3864.22 3886.71 3898.11 3878.92 3858.59 3834.06 3806.67 3787.62 3782.47 3798.95 3818.59 3912.47 4058.88 4211.68 4305.48 4288.83 4138.98 3810.58 3484.96 3204.81 3018.92 2859.61 2774.27 2692.31 2632.7 2594.94 2566.81 2551.87 2555.62 2551.01 2534.97 2514.13 2509.45 2501.42 2492.9 2486.8 2502.79 2551.49 2643 2691.46 2675.42 2652.98 2616.88 2589.9 2601.07 2633.58 2698.69
3669.61 3663.64 3655.06 3647.7 3646.01 3667.31 3683.93 3709.69 3711.24 3705.26 3701.72 3704.69 3709.93 3719.38 3715.3 3712.25 3708.31 3698.76 3765.32 3831.03 3888.7 3934.29 3956.51 3947.91 3923.96 3887.36 3844.37 3801.63 3817.5 3808.15 3827.01 3903.46 3998.42 4169.81 4265.82 4255.12 4176.52 3920.78 3640.77 3327.49 3049.77 2952.41 2865.8 2727.42 2646.14 2602.35 2583.74 2575.16 2575.25 2573.12 2561.13 2544.1 2515.01 2505.13 2498.81 2492.92 2505.66 2529.29 2570.78 2639.78 2629.81 2603.29 2563.38 2524.03 2558.15 2598.55 2658.32
3652.86 3652.09 3651.02 3649.64 3653.74 3657.31 3647.25 3672.18 3692.87 3696.02 3696.04 3691.94 3698.19 3701.23 3700.04 3705.45 3721.36 3685.28 3750.85 3839.01 3924.79 3988.41 4017.74 3973.81 3956.38 3934.07 3877.85 3826.32 3796.58 3806.95 3856.49 3914.51 3999.2 4069.53 4117.07 4161.38 4132.92 3992.29 3815.13 3534.03 3160.66 3002.92 2920.86 2793.27 2672.73 2627.76 2603.33 2585.37 2593.24 2595.15 2581.61 2562.41 2532.94 2515.27 2500.82 2492.11 2506.66 2530.52 2562.46 2609.14 2611.26 2594.5 2561.63 2527.03 2557.04 2588.91 2627.52
3642.17 3642.86 3647.89 3651.95 3648.16 3640 3642.59 3661.21 3679.45 3692.28 3698.61 3704.45 3696.83 3705.03 3711.87 3709.6 3696.24 3690.11 3761.4 3854.28 3951.9 4045.29 4084.36 3958.59 3970.24 3952.89 3904.54 3848.8 3801.46 3804.08 3845.84 3875.88 3937.41 3981.16 4036.35 4103.59 4098.67 4037.54 3940.82 3734.21 3317.22 3117.35 2983.66 2846.56 2709.58 2637.65 2632.68 2607.34 2591.12 2601.86 2604.65 2593.74 2560.15 2532.24 2504.14 2502.17 2512.18 2528.06 2557.88 2577.1 2590.03 2576.28 2552.44 2572.95 2579.6 2596.25 2634.12
3639.08 3639.37 3645.69 3649.41 3639.8 3634.44 3660.64 3650.82 3682.59 3683.92 3691.52 3709.58 3695.22 3708.69 3729.87 3717.5 3701.44 3708.46 3778.28 3865.93 3964.54 4061.81 4121.17 3992.61 3996.1 3960.57 3899.77 3849.41 3797.38 3812.13 3857.52 3888.26 3881.21 3931.56 3964.5 4049.57 4067.48 4060.48 4018.71 3851.56 3456.27 3209.06 3052.16 2895.21 2761.05 2674.2 2691.89 2666.08 2649.96 2632.76 2631.36 2619.81 2578.67 2548.06 2527.58 2523.73 2522.87 2528.74 2539.98 2556.46 2571.34 2569.98 2552.82 2574.68 2601.98 2627.2 2640.38
3640.5 3641.04 3643.63 3646.45 3640.7 3636.82 3661.58 3684.76 3665.96 3666.81 3671.22 3666.54 3690.31 3702.02 3707.64 3702.86 3697.22 3723.17 3779.2 3849.38 3931.96 4009.94 4061.37 4057.78 4021.73 3966.46 3895.29 3850.29 3820.37 3858.43 3869.43 3882.34 3875.7 3892.67 3906.5 3948.27 4020 4065.85 4085.92 4058.96 3655.9 3319.45 3136.95 2955.44 2874.84 2788.29 2758.72 2737.51 2689.17 2661.23 2650.04 2633.74 2599.02 2565.86 2546.62 2534.04 2528.34 2531.16 2544.39 2546.88 2557.88 2556.88 2552.41 2579.79 2621.72 2652.06 2641.07
3641.04 3637.79 3641.49 3644.11 3646.11 3655.84 3652.66 3659.25 3646.73 3647.25 3650.24 3665.5 3672.95 3694.73 3698.13 3685.82 3685.55 3711.79 3762.68 3828.24 3898.02 3970.2 4083.52 4150.76 4025.12 3949.15 3892.57 3855.38 3842.47 3854.74 3870.96 3869.83 3853.27 3847.75 3880.77 3899.51 3974.88 4050.37 4124.76 4181.04 3965.8 3514.78 3275.54 3122.27 2988.25 2877.03 2801.69 2749.35 2750.35 2710.06 2684.84 2665.77 2636.95 2592.46 2566.5 2547.9 2539.9 2538.43 2542.44 2544.76 2550.88 2571.5 2564.45 2602.24 2642.72 2663.78 2663.16
3639.79 3635.43 3638.98 3648.4 3650.37 3655.74 3660.53 3660.22 3648.14 3640.01 3634.79 3638.92 3673.26 3686.93 3681.06 3677.48 3680.11 3692.2 3748.41 3807.78 3869.86 3942.13 4078.89 4128.19 3990.45 3922.56 3891.21 3869.82 3866.51 3876.11 3870.82 3874.42 3848.92 3836.11 3844.47 3872.86 3955.08 4042.2 4125.54 4178.21 4186.42 3847.91 3472.43 3244.44 3096.11 2961.67 2854.26 2801.18 2789.66 2744.91 2750.95 2715.36 2677.27 2642.62 2607.9 2576.83 2563.39 2557.08 2558.8 2558.55 2531.48 2514.51 2574.59 2632.22 2679.03 2713.03 2743.43
3636.82 3635.27 3637.75 3644.25 3648.05 3656.72 3659.92 3649.14 3645.93 3641.71 3637.93 3638.94 3653.96 3653.05 3658.14 3670.57 3680.01 3699.01 3748.53 3801.04 3853.31 3904.62 3991.95 4018.98 3952.84 3912.79 3889.96 3873.13 3886.71 3868.18 3867.62 3858.47 3834.55 3822.13 3839.74 3872.19 3942.74 4024.9 4117.05 4221.76 4268.63 4200.69 3859.58 3500.57 3253.88 3069.55 2936.84 2875.5 2861.41 2803.81 2777.07 2796.88 2757.48 2689.13 2661.02 2621.6 2593.9 2577.2 2576.49 2572.02 2556.98 2556.9 2601.65 2660.59 2717.91 2772.82 2810.72
3635.71 3636.35 3637.65 3640.51 3644.42 3651.55 3670.47 3644.38 3641.76 3643.97 3643.79 3635.76 3615.73 3632.07 3640 3651.51 3667.17 3716.31 3768.5 3816.61 3855.01 3882.4 3910.93 3924.04 3921.32 3910.66 3884.05 3854.77 3854.36 3871.59 3871.19 3856.78 3838.88 3836.56 3866.48 3876.97 3936.82 4015.19 4102.96 4196.35 4251.23 4242.44 4107.27 3835.69 3531.82 3289.89 3107.92 2994.74 2940.54 2864.36 2854.13 2858.76 2840.67 2797.64 2750.95 2689.68 2641.22 2609.48 2593.47 2585.17 2598.01 2626.86 2646.58 2698 2761.87 2816.86 2892.84
3634.33 3635.41 3635.33 3636.55 3636.68 3638.17 3649.23 3642.74 3636.38 3640.01 3647.56 3647.73 3657.46 3655.91 3650.36 3649.44 3692.39 3749.1 3797.32 3828.23 3856.95 3882.71 3857.43 3869.49 3911.28 3917.63 3891.78 3852.31 3827.78 3830.92 3849.07 3845.09 3870.41 3853.31 3833.94 3866.63 3920.17 3978.22 4041.83 4091.81 4122.36 4255.84 4324.5 4077.67 3747.42 3504.04 3295.43 3091.12 3040.85 3002.33 2976.03 2961.85 2948.54 2875.12 2844.48 2739.95 2704.61 2664.85 2642.45 2644.28 2666.45 2695.08 2721.93 2775 2866.18 2887.19 2912.2
3634.69 3634.94 3630.9 3626.36 3632.06 3637.23 3632.02 3636.27 3634.6 3633.74 3633.69 3640.78 3647.85 3658.67 3667.58 3699.39 3718.83 3788.44 3829.52 3831.25 3842.87 3884.91 3860.34 3869.12 3896.25 3908.22 3888.88 3859.14 3828.81 3819.9 3804.46 3840.07 3897.02 3873.48 3848.95 3863.62 3894.13 3923.29 3959.07 3985.7 4007.18 4186.24 4383.52 4061.03 3812.02 3613.27 3409.83 3219.78 3177.08 3193.66 3190.05 3118.22 3075.58 3004.66 2914.94 2839.18 2768.45 2709.16 2693.49 2720.15 2758.7 2828.59 2898.41 3001.67 3033.33 2995.26 2984.42
3637.16 3636.44 3633.89 3631.21 3629.82 3635.67 3640.21 3636.22 3623.05 3629.75 3634.52 3636.56 3642.55 3645.64 3666.47 3698.81 3726.34 3770.35 3798.3 3813.13 3797.85 3752.66 3784.21 3855.63 3903.12 3911.37 3888.25 3864.87 3830.75 3816.22 3805.13 3831.91 3887.06 3897.66 3876.92 3856.85 3867.56 3886.36 3906.05 3916.21 3928.09 4083.56 4183.11 4017.94 3862.22 3696.7 3493.35 3387.07 3346.04 3336.56 3329.33 3255.57 3184.15 3096.1 2992.99 2894.67 2861.12 2819.47 2770.54 2791.31 2851.74 3007.29 3151.9 3204.62 3127.72 3068.8 3086.93
3640.31 3642.33 3640.07 3624.88 3626.23 3625.21 3623.66 3642.68 3617.28 3613.3 3627.54 3631.56 3634.23 3637.52 3653.03 3676.7 3714.14 3769.19 3811.53 3816.64 3809.88 3821.69 3850.5 3877.78 3910.82 3927.86 3919.28 3889.18 3849.74 3817.18 3832.1 3841.6 3851.58 3860.59 3836.94 3840.38 3849.62 3860.68 3869.67 3884.06 3905.89 3977.4 4026.77 4063.91 3969.17 3854.09 3754.68 3627.77 3552.55 3526.65 3451.49 3404.82 3326.98 3209.92 3133.12 3097.09 2996.65 2973.04 2939.16 2907.05 3019.22 3103.68 3187.6 3224.33 3231.13 3197.21 3221.01
3644.26 3645.56 3640.23 3627.33 3625.06 3626.11 3638.24 3635.53 3618.84 3619.56 3619.54 3623.6 3624.89 3624.14 3641.89 3671.94 3708.98 3772.69 3828.58 3819.45 3809.06 3817.93 3846.54 3884.07 3912.9 3952.94 3955.26 3919.86 3890.9 3856.07 3855.02 3865.78 3864.29 3847.44 3833.49 3826.75 3840.26 3857.74 3872.87 3886.54 3898.19 3907.97 3960.47 4066.92 4058.68 4009.67 3940.2 3822.72 3726.71 3694.92 3641.86 3595.82 3563.82 3458.32 3331.33 3343.81 3232.94 3225.7 3213.86 3203.48 3191.51 3237.24 3304.31 3336.2 3377.8 3355.69 3418.87
3648.65 3646.87 3642.76 3626.67 3623.97 3629.54 3633.08 3635.74 3619.17 3619.86 3619.12 3618.92 3615.45 3615.88 3626.73 3648.67 3686.68 3742.43 3797.68 3794.63 3784.96 3795.64 3834.72 3879.21 3910.46 3931.99 3941.96 3929.48 3913.09 3884.93 3897.44 3899.67 3880.82 3853.12 3834.99 3824.69 3842.86 3869.16 3890.18 3915.25 3910.08 3900.24 3935.71 4068.32 4100.04 4129.51 4156.43 3984.02 3867.02 3721.95 3704.92 3705.23 3736.63 3791.48 3671.07 3566.27 3470.4 3421.75 3475.4 3568.27 3646.92 3589.33 3469.54 3470 3592.49 3697.98 3750.3
3644.07 3645.42 3640.03 3623.36 3624.97 3620.49 3612.82 3629.09 3618.87 3619.83 3624.25 3619.35 3615.25 3623.34 3623.07 3631.16 3640.87 3699.53 3745.02 3757.28 3760.29 3785.76 3837.44 3876.43 3891.24 3897.32 3904.98 3918.37 3927.71 3902.83 3898.99 3924.23 3910.54 3865.62 3829.25 3818.18 3835.9 3872.75 3917.68 3959.91 3994.82 4027.66 3951.57 4023.01 4094.33 4120.42 4159.98 4110.33 4018.48 3959.06 3861.71 3840.77 3883.84 4048.25 3938.12 3817.39 3763.56 3705.23 3682.87 3873.2 4151.58 3991.85 3860.34 3767.95 3917.81 4118.62 4119.21
3635.34 3641.54 3653.16 3640.14 3629.49 3633.47 3633.14 3638.12 3645.83 3627.92 3626.44 3619.59 3615.55 3616.03 3621.35 3622.47 3637.39 3670.41 3702.6 3720.62 3736.78 3760.4 3800.99 3846.37 3877.92 3846.79 3854.78 3904.51 3946.08 3942.64 3925.12 3943.66 3897.26 3855.96 3813.36 3790.28 3833.41 3884.9 3950.38 4024.25 4109.86 4226.44 4128.83 4118.26 4096.82 4058.03 4008.35 4035.22 4098.82 4192.26 4159.23 4113.86 4160.19 4359.46 4261.52 4169.56 4162.91 4100.26 4019.61 4095.59 4197.12 4211.68 4179.83 4195.99 4216.48 4374.93 4308.44
3630.78 3632.29 3626.12 3622.15 3627.9 3635.7 3639.63 3644.65 3628.58 3618.1 3621.39 3623.92 3615.4 3615.27 3621.21 3620.91 3622.45 3654.72 3683.38 3696.71 3703.75 3769.54 3785.2 3820.29 3816.36 3771.75 3822.91 3903.7 3968.82 3983.87 3975.15 3940.42 3886.07 3840.7 3799.93 3780.31 3813.69 3887.06 3988.22 4097.95 4205.88 4270.42 4256.15 4167.69 4076.51 4026.64 4003.52 3982.09 4078.79 4156.02 4149.34 4174.06 4231.13 4305.33 4332.21 4274.69 4219.76 4229.71 4158.58 4249.34 4217.32 4213.65 4189.98 4166.04 4120.98 4182.96 4272.39
3636.5 3630.24 3623.35 3617.97 3625.13 3629.47 3628.6 3618.05 3618.53 3630 3645.59 3633.82 3625.56 3619.87 3626.82 3626.2 3630.98 3646.85 3665.58 3674.75 3674.14 3731.22 3747.93 3759.5 3753.11 3769.77 3818.1 3903 3998.68 4041.14 3953.58 3908.88 3852.16 3858.17 3811.94 3753.03 3780.64 3853.19 3953.27 4074.57 4213.9 4359.13 4226.02 4072.12 3975.23 3978.47 3991.78 4037.86 4031.88 4095.87 4113.32 4105.23 4129.17 4169.8 4185.64 4193.5 4189.03 4183.72 4244.37 4270 4207.37 4137.88 4104.15 4059.8 4025.7 4068.77 4137.16
3633.87 3627.33 3623.65 3632.06 3627.32 3635.1 3630.6 3624.05 3630.38 3621.22 3643.21 3633.04 3628.66 3630.33 3626.76 3625.44 3629.37 3640.3 3655.26 3666.13 3663.77 3679.25 3713.27 3715.94 3721.66 3725.65 3797.03 3880.82 3969.61 4018.22 3931.32 3866.06 3800.86 3751.54 3752.33 3692.06 3751.69 3825.98 3900.94 3980.26 4072.72 4172.75 4152.03 4024.21 3942.91 3984.85 3989.16 3957.79 3931.32 3971.23 4046.35 4027.17 4040.71 4067.73 4082.88 4169.82 4228.99 4210.21 4193.76 4196.9 4172.28 4108.9 4060.14 4008.79 3975.79 3999.4 4045.97
3628.41 3629.21 3626.62 3630.11 3628.34 3632.07 3634.41 3622.71 3629.65 3651.14 3618.25 3627.59 3637.3 3627.63 3623.16 3628.9 3630.9 3636.79 3640.45 3636.06 3646.55 3640.51 3706 3714.41 3702.95 3720.06 3765.25 3831.07 3891.68 3918.08 3838.98 3730.66 3666.6 3636.49 3648.96 3668.7 3750.65 3799.32 3840.47 3867.57 3891.17 3921.59 3997.65 4039.85 4032.82 4023.44 4001.23 3932.45 3880.25 3920.26 3993.86 3901.4 3928.92 3994.3 4041.65 4113.81 4194.43 4216.6 4214.99 4119.15 4074.72 4081.66 4046.15 4013.19 3972.49 3979.09 3992.26
3635.18 3646.58 3643.8 3629.72 3629.85 3645.43 3637.43 3622.96 3627.76 3651.75 3632.86 3626.21 3630.4 3636.4 3640.67 3627.88 3631.93 3635.16 3636.58 3638.27 3633.66 3656.49 3688.58 3690.83 3693.08 3686.44 3725.78 3768 3804.66 3824.36 3737.21 3644.89 3627.48 3630.12 3671.05 3739.6 3754.49 3771.09 3784.99 3789.49 3778.7 3765.98 3815.09 3967.8 4082.36 4119.92 4052.28 3998.31 3879.98 3863.29 3872.52 3850.09 3850.06 3929.18 3991.8 4066.38 4165.48 4155.98 4106.48 4066.25 4000.62 3988.87 4034.96 4039.78 4002.07 3988.12 3988.61
3636.69 3654.66 3651.4 3639.36 3635.35 3650.59 3641.19 3632.56 3623.4 3629.2 3622.41 3618.06 3625.89 3634.81 3642.72 3634.52 3633.09 3631.32 3631.68 3629.38 3624.34 3651.36 3672.46 3677.83 3664.39 3669.92 3690.09 3711.36 3726.2 3726.73 3669.59 3639.57 3648.1 3603.25 3678.06 3712.9 3721.68 3730.56 3738.29 3742.87 3743.11 3740 3768.61 3854.38 4011.51 4027.37 3996.78 3969.78 3846.2 3797.27 3785.1 3790.79 3803.71 3859.04 3977.29 4046.52 4149.31 4126.63 4086.3 4063.74 4019.62 4013 4048.94 4035.21 4035.61 4025.07 4011.95
3625.82 3639.42 3641.53 3638.19 3649.82 3645.21 3639.16 3630.82 3623.06 3629.99 3619.53 3616.04 3623.91 3630.9 3633.02 3640.24 3634 3624.17 3625.56 3625.11 3625.17 3633.46 3644.4 3650.37 3655.51 3654.04 3667.35 3673.84 3675.96 3658.87 3654.47 3644.62 3559.43 3612.55 3698.01 3712.08 3698.51 3702.2 3707.3 3713.48 3729.36 3761.28 3763.44 3713.03 3757.92 3773.83 3864.54 3871.55 3811.21 3785.99 3767.28 3804.4 3781.12 3816.12 3867.09 3964.35 4078.13 4107.34 4099.03 4112.44 4095.04 4100.29 4097.36 4076.57 4082.35 4073.58 4047.43
