real_craters/C199-750m.grd
DSAA
274 274
-102.445 102.445
-102.445 102.445
7158.4299339023 10818.559981446
[rows 72 to 107 of 274, columns 81 to 161 of 274]
9635 9636 9654 9675 9703 9687 9676 9666 9661 9669 9699 9725 9735 9743 9749 9751 9747 9718 9700 9712 9713 9699 9691 9690 9714 9711 9700 9699 9693 9686 9681 9680 9682 9709 9739 9775 9794 9800 9805 9808 9796 9752 9732 9738 9741 9739 9749 9760 9764 9758 9743 9728 9716 9711 9703 9687 9665 9663 9658 9653 9647 9594 9597 9644 9698 9732 9748 9763 9745 9700 9667 9668 9644 9611 9688 9747 9805 9801 9769 9697 9665
9666 9679 9675 9683 9688 9683 9671 9661 9655 9668 9705 9729 9742 9747 9748 9746 9733 9729 9730 9723 9709 9698 9691 9692 9688 9695 9694 9689 9685 9680 9676 9679 9693 9718 9748 9793 9809 9804 9806 9803 9786 9769 9744 9750 9755 9762 9769 9775 9781 9791 9784 9750 9731 9723 9706 9698 9686 9658 9662 9671 9675 9676 9662 9677 9717 9733 9767 9773 9759 9728 9709 9714 9684 9736 9739 9765 9830 9866 9785 9691 9628
9671 9683 9679 9678 9682 9676 9666 9659 9660 9676 9713 9743 9746 9746 9746 9744 9742 9740 9750 9706 9697 9690 9686 9683 9684 9686 9685 9681 9676 9672 9669 9669 9681 9695 9755 9809 9825 9809 9810 9815 9817 9806 9792 9778 9774 9774 9773 9781 9789 9794 9789 9775 9759 9744 9736 9727 9709 9666 9664 9674 9681 9661 9689 9717 9747 9812 9779 9764 9754 9749 9740 9753 9765 9734 9698 9716 9723 9749 9708 9681 9665
9659 9665 9668 9667 9664 9662 9659 9657 9657 9692 9732 9739 9743 9742 9742 9739 9735 9725 9689 9682 9683 9686 9684 9680 9679 9678 9677 9675 9674 9671 9665 9660 9651 9656 9784 9817 9816 9812 9811 9810 9807 9807 9804 9796 9795 9789 9777 9783 9791 9803 9795 9785 9791 9761 9755 9767 9766 9695 9672 9668 9664 9684 9746 9745 9748 9727 9739 9751 9752 9776 9792 9787 9795 9761 9692 9677 9674 9629 9605 9697 9811
9648 9654 9658 9658 9653 9653 9657 9663 9672 9697 9719 9738 9744 9744 9739 9734 9729 9713 9688 9689 9692 9688 9684 9678 9675 9670 9666 9670 9671 9671 9667 9665 9660 9669 9755 9807 9833 9825 9809 9800 9802 9810 9795 9799 9812 9825 9796 9788 9785 9776 9775 9767 9764 9765 9779 9802 9834 9749 9690 9672 9672 9717 9757 9763 9756 9733 9748 9770 9783 9821 9870 9927 9898 9773 9640 9643 9637 9615 9622 9756 9824
9641 9649 9655 9657 9655 9655 9663 9672 9688 9710 9743 9747 9747 9744 9739 9732 9724 9716 9718 9718 9703 9696 9689 9680 9671 9663 9663 9668 9673 9678 9680 9684 9697 9729 9761 9804 9823 9814 9796 9781 9779 9826 9784 9791 9813 9838 9798 9794 9783 9779 9764 9750 9731 9759 9789 9803 9806 9758 9713 9684 9682 9708 9760 9767 9780 9806 9821 9814 9836 9853 9899 9935 9893 9788 9635 9637 9652 9665 9746 9864 9843
9647 9653 9658 9663 9671 9680 9672 9672 9681 9701 9729 9745 9741 9738 9735 9729 9718 9705 9705 9708 9707 9701 9695 9683 9656 9658 9665 9668 9674 9681 9685 9702 9731 9779 9818 9825 9821 9803 9792 9773 9757 9810 9765 9784 9801 9810 9801 9785 9772 9765 9754 9744 9742 9746 9764 9787 9787 9763 9737 9712 9686 9692 9713 9753 9788 9828 9848 9831 9823 9845 9878 9899 9887 9860 9784 9712 9660 9747 9847 9882 9837
9656 9660 9666 9672 9679 9684 9678 9676 9678 9699 9721 9743 9739 9737 9734 9729 9723 9708 9703 9704 9706 9704 9698 9687 9657 9659 9665 9670 9676 9685 9697 9709 9731 9765 9797 9833 9835 9811 9806 9802 9825 9817 9793 9807 9803 9786 9811 9786 9764 9746 9750 9746 9739 9724 9734 9765 9805 9762 9762 9772 9730 9727 9715 9752 9787 9819 9837 9830 9817 9838 9873 9887 9894 9893 9802 9825 9890 9905 9910 9876 9840
9647 9661 9672 9681 9685 9683 9690 9697 9703 9717 9737 9732 9730 9733 9735 9738 9738 9735 9722 9713 9712 9710 9702 9688 9676 9669 9668 9673 9681 9691 9700 9710 9723 9737 9760 9824 9838 9838 9829 9826 9838 9857 9879 9862 9836 9799 9803 9785 9779 9777 9766 9761 9751 9748 9738 9719 9712 9727 9742 9764 9762 9783 9773 9767 9790 9810 9820 9832 9845 9866 9880 9877 9881 9881 9852 9866 9881 9875 9882 9872 9861
9649 9663 9678 9692 9700 9709 9718 9733 9740 9735 9713 9710 9723 9733 9739 9744 9750 9760 9742 9720 9725 9719 9711 9701 9691 9680 9674 9676 9685 9693 9701 9708 9716 9729 9746 9802 9830 9834 9852 9860 9867 9855 9892 9893 9891 9881 9805 9769 9778 9781 9780 9786 9795 9785 9757 9709 9673 9709 9727 9732 9774 9814 9780 9786 9802 9811 9826 9834 9858 9870 9878 9865 9856 9876 9873 9864 9891 9858 9891 9875 9881
9651 9667 9686 9706 9723 9745 9748 9764 9775 9772 9746 9726 9727 9733 9740 9745 9756 9758 9756 9769 9740 9728 9722 9713 9700 9691 9683 9685 9694 9700 9703 9707 9710 9721 9752 9787 9837 9875 9883 9878 9880 9875 9881 9908 9926 9905 9844 9807 9776 9765 9790 9816 9842 9848 9808 9766 9744 9734 9743 9717 9755 9795 9829 9829 9819 9816 9809 9831 9853 9847 9830 9825 9838 9857 9849 9855 9859 9863 9886 9876 9890
9652 9670 9691 9714 9731 9753 9769 9789 9803 9802 9774 9742 9743 9743 9746 9749 9757 9758 9768 9737 9729 9731 9733 9725 9714 9706 9705 9710 9707 9709 9711 9717 9727 9740 9785 9832 9869 9912 9919 9891 9890 9903 9915 9926 9943 9935 9889 9844 9753 9766 9811 9849 9874 9880 9858 9824 9794 9775 9741 9748 9756 9819 9844 9844 9839 9837 9824 9861 9890 9905 9821 9806 9803 9839 9859 9876 9879 9846 9851 9865 9911
9652 9672 9694 9711 9733 9758 9779 9805 9823 9833 9812 9789 9761 9754 9754 9755 9760 9762 9772 9725 9726 9736 9744 9735 9722 9717 9719 9716 9722 9719 9718 9725 9744 9764 9815 9861 9906 9959 9965 9938 9907 9928 9919 9919 9927 9917 9883 9816 9751 9813 9859 9896 9925 9930 9929 9913 9890 9856 9825 9842 9838 9858 9847 9842 9842 9864 9911 9920 9908 9891 9862 9829 9817 9818 9821 9859 9845 9828 9836 9847 9861
9654 9668 9687 9707 9726 9752 9779 9788 9821 9837 9813 9779 9768 9764 9759 9762 9760 9755 9751 9764 9758 9743 9736 9734 9730 9730 9744 9757 9741 9731 9725 9724 9741 9778 9819 9880 9922 9940 9957 9987 9923 9896 9889 9888 9890 9883 9859 9844 9931 9932 9938 9951 9974 1.001e+004 9996 9991 9971 9936 9930 9948 9910 9858 9831 9803 9836 9866 9893 9904 9904 9900 9898 9860 9815 9816 9813 9842 9835 9854 9853 9838 9835
9657 9669 9682 9697 9712 9728 9752 9799 9815 9825 9810 9778 9781 9777 9773 9770 9770 9770 9774 9773 9760 9746 9732 9735 9747 9763 9755 9759 9748 9741 9738 9730 9740 9783 9841 9886 9913 9927 9955 9979 9965 9897 9876 9891 9880 9874 9866 9881 1.008e+004 1.003e+004 9991 9978 9978 9982 1e+004 1.006e+004 1.003e+004 9977 9944 9951 9945 9906 9865 9829 9840 9862 9887 9901 9884 9894 9913 9882 9857 9829 9821 9845 9849 9849 9848 9845 9838
9667 9673 9683 9689 9698 9710 9728 9764 9796 9812 9815 9816 9803 9792 9786 9783 9785 9793 9809 9793 9764 9751 9746 9741 9742 9738 9742 9737 9743 9750 9758 9768 9774 9784 9795 9843 9879 9910 9942 9966 9952 9898 9876 9907 9904 9900 9899 9964 1.007e+004 1.003e+004 9988 9967 9964 9968 9971 9966 9980 9983 1.001e+004 9973 1.003e+004 1e+004 9934 9874 9862 9863 9859 9841 9849 9849 9897 9884 9848 9830 9826 9851 9894 9888 9856 9879 9861
9674 9673 9678 9684 9690 9698 9713 9748 9779 9801 9808 9812 9805 9801 9795 9791 9790 9791 9818 9798 9757 9752 9744 9745 9742 9740 9733 9732 9741 9758 9777 9799 9808 9800 9792 9818 9853 9901 9909 9948 9969 9917 9888 9877 9934 9937 9913 9897 9903 9939 9930 9915 9912 9913 9905 9899 9935 9953 9972 1.011e+004 1.016e+004 1.011e+004 1.001e+004 9923 9910 9896 9861 9835 9840 9858 9897 9905 9878 9852 9849 9898 9965 9994 9951 9905 9901
9667 9668 9671 9678 9684 9691 9701 9730 9766 9790 9800 9798 9800 9803 9800 9798 9797 9804 9805 9788 9769 9755 9756 9754 9750 9744 9743 9736 9748 9767 9785 9808 9839 9851 9844 9920 9981 9960 9932 9941 9957 9972 9945 9995 1.003e+004 9979 9937 9876 9846 9857 9856 9848 9829 9837 9860 9907 9930 9950 9983 1.004e+004 1.009e+004 1.01e+004 1.007e+004 1.004e+004 1.002e+004 9970 9909 9844 9880 9923 9937 9977 1.002e+004 1.002e+004 9949 9949 9982 9990 9985 9977 9912
9655 9661 9670 9677 9684 9689 9697 9726 9767 9786 9794 9804 9811 9811 9805 9802 9798 9795 9795 9782 9747 9770 9771 9763 9764 9776 9771 9768 9778 9780 9795 9811 9887 9961 9995 1.006e+004 1.009e+004 1.005e+004 1.001e+004 1e+004 1.002e+004 1.009e+004 1.017e+004 1.005e+004 1.002e+004 1e+004 9965 9919 9826 9814 9805 9797 9804 9801 9830 9891 9943 9994 1.001e+004 1.007e+004 1.004e+004 1.008e+004 1.012e+004 1.016e+004 1.013e+004 1.007e+004 1.001e+004 9963 9982 1.001e+004 9985 1.006e+004 1.016e+004 1.022e+004 1.011e+004 9976 9979 1.004e+004 1.006e+004 1.009e+004 1.003e+004
9645 9661 9673 9686 9693 9697 9700 9736 9749 9767 9787 9811 9824 9820 9813 9804 9795 9805 9796 9799 9803 9780 9768 9762 9765 9771 9770 9770 9777 9803 9828 9878 9949 1.007e+004 1.011e+004 1.013e+004 1.009e+004 1.012e+004 1.017e+004 1.017e+004 1.011e+004 1.01e+004 1.012e+004 1.006e+004 1.003e+004 1.001e+004 9995 9966 9870 9814 9788 9764 9740 9764 9798 9865 9963 1.006e+004 1.012e+004 1.011e+004 1.003e+004 1.007e+004 1.014e+004 1.018e+004 1.019e+004 1.016e+004 1.013e+004 1.01e+004 1.009e+004 1.008e+004 1.006e+004 1.012e+004 1.022e+004 1.029e+004 1.022e+004 1.014e+004 1.003e+004 1.006e+004 1.011e+004 1.008e+004 1.005e+004
9645 9664 9679 9691 9698 9711 9720 9722 9718 9747 9778 9807 9824 9824 9817 9804 9791 9773 9780 9781 9788 9764 9754 9757 9757 9752 9759 9782 9807 9828 9852 9898 9977 1.002e+004 1.007e+004 1.013e+004 1.019e+004 1.012e+004 1.008e+004 1.009e+004 1.005e+004 1.003e+004 1.001e+004 1.004e+004 1.005e+004 1.001e+004 9999 9970 9898 9824 9812 9792 9773 9776 9790 9922 1.001e+004 1.003e+004 1.016e+004 1.01e+004 1.003e+004 1.008e+004 1.016e+004 1.023e+004 1.026e+004 1.025e+004 1.023e+004 1.021e+004 1.017e+004 1.011e+004 1.008e+004 1.014e+004 1.02e+004 1.025e+004 1.017e+004 1.012e+004 1.01e+004 1.001e+004 1.006e+004 1.005e+004 1.003e+004
9647 9662 9675 9689 9704 9721 9726 9703 9714 9739 9774 9805 9830 9826 9818 9806 9797 9792 9771 9760 9760 9759 9756 9756 9757 9759 9772 9805 9842 9857 9882 9935 1.002e+004 1.011e+004 1.009e+004 1.008e+004 1.011e+004 1.003e+004 9952 9906 9932 9947 9920 9927 9942 9989 9996 9956 9877 9904 9918 9878 9849 9873 9918 1.007e+004 1.009e+004 1.014e+004 1.017e+004 1.008e+004 1.004e+004 1.011e+004 1.02e+004 1.029e+004 1.035e+004 1.033e+004 1.031e+004 1.028e+004 1.021e+004 1.013e+004 1.012e+004 1.014e+004 1.017e+004 1.016e+004 1.012e+004 1.01e+004 1.01e+004 1.004e+004 1.001e+004 1.003e+004 1.002e+004
9660 9671 9684 9696 9708 9719 9735 9752 9734 9745 9775 9805 9827 9825 9814 9802 9792 9785 9768 9757 9749 9747 9756 9764 9770 9778 9795 9819 9857 9870 9898 9964 1.006e+004 1.016e+004 1.015e+004 1.007e+004 1.002e+004 9941 9877 9853 9894 9946 9983 1.002e+004 9992 1.001e+004 1.003e+004 1.006e+004 1.006e+004 1.012e+004 1.01e+004 1.005e+004 1.002e+004 1.002e+004 1.005e+004 1.008e+004 1.011e+004 1.015e+004 1.009e+004 1.008e+004 1.009e+004 1.017e+004 1.025e+004 1.032e+004 1.035e+004 1.039e+004 1.037e+004 1.032e+004 1.025e+004 1.02e+004 1.016e+004 1.013e+004 1.017e+004 1.02e+004 1.014e+004 1.007e+004 1.008e+004 1.004e+004 9993 9991 9999
9674 9680 9688 9695 9703 9711 9724 9731 9726 9749 9777 9804 9823 9825 9809 9785 9766 9761 9760 9757 9751 9748 9767 9780 9791 9798 9800 9826 9846 9875 9899 9970 1.007e+004 1.013e+004 1.02e+004 1.024e+004 1.006e+004 9922 9885 9850 9914 9996 1.009e+004 1.016e+004 1.005e+004 1.005e+004 1.008e+004 1.009e+004 1.015e+004 1.03e+004 1.031e+004 1.03e+004 1.024e+004 1.018e+004 1.01e+004 1.008e+004 1.011e+004 1.007e+004 1.009e+004 1.019e+004 1.016e+004 1.023e+004 1.029e+004 1.037e+004 1.041e+004 1.044e+004 1.043e+004 1.043e+004 1.043e+004 1.033e+004 1.015e+004 1.01e+004 1.017e+004 1.023e+004 1.02e+004 1.009e+004 1.013e+004 1.01e+004 1.001e+004 9995 1.002e+004
9688 9689 9693 9697 9700 9701 9708 9719 9722 9746 9774 9803 9827 9823 9803 9776 9760 9754 9759 9765 9773 9786 9791 9801 9817 9833 9840 9862 9853 9905 1e+004 1.005e+004 1.012e+004 1.016e+004 1.02e+004 1.024e+004 1.006e+004 9906 9878 9873 9976 1.004e+004 1.007e+004 1.005e+004 1.002e+004 1.008e+004 1.017e+004 1.026e+004 1.035e+004 1.039e+004 1.043e+004 1.051e+004 1.041e+004 1.03e+004 1.027e+004 1.022e+004 1.019e+004 1.021e+004 1.032e+004 1.03e+004 1.03e+004 1.028e+004 1.031e+004 1.037e+004 1.045e+004 1.045e+004 1.046e+004 1.048e+004 1.05e+004 1.038e+004 1.027e+004 1.023e+004 1.018e+004 1.014e+004 1.009e+004 1.01e+004 1.018e+004 1.011e+004 1.007e+004 1.003e+004 1.003e+004
9699 9702 9703 9703 9704 9705 9706 9712 9720 9745 9775 9800 9811 9812 9795 9774 9753 9755 9767 9777 9788 9800 9811 9827 9848 9877 9934 9932 9945 9990 1.004e+004 1.009e+004 1.015e+004 1.019e+004 1.016e+004 1.007e+004 9979 9919 9913 1.001e+004 1.01e+004 1.014e+004 1.01e+004 1.002e+004 1.006e+004 1.01e+004 1.017e+004 1.025e+004 1.033e+004 1.037e+004 1.041e+004 1.041e+004 1.038e+004 1.029e+004 1.024e+004 1.023e+004 1.023e+004 1.023e+004 1.022e+004 1.025e+004 1.031e+004 1.025e+004 1.027e+004 1.032e+004 1.04e+004 1.042e+004 1.041e+004 1.042e+004 1.044e+004 1.036e+004 1.029e+004 1.024e+004 1.019e+004 1.017e+004 1.012e+004 1.018e+004 1.021e+004 1.015e+004 1.014e+004 1.011e+004 1.008e+004
9708 9710 9712 9711 9710 9711 9707 9706 9722 9750 9778 9801 9819 9823 9799 9779 9760 9767 9780 9787 9780 9798 9822 9849 9874 9892 9904 9941 1.002e+004 1.005e+004 1.002e+004 1.008e+004 1.016e+004 1.017e+004 1.014e+004 1.005e+004 1.001e+004 1.005e+004 1.004e+004 1.018e+004 1.026e+004 1.027e+004 1.026e+004 1.018e+004 1.014e+004 1.015e+004 1.014e+004 1.017e+004 1.021e+004 1.023e+004 1.032e+004 1.04e+004 1.023e+004 1.012e+004 1.018e+004 1.022e+004 1.01e+004 1.005e+004 1.003e+004 1.008e+004 1.006e+004 1.012e+004 1.015e+004 1.021e+004 1.028e+004 1.03e+004 1.028e+004 1.029e+004 1.027e+004 1.027e+004 1.025e+004 1.019e+004 1.017e+004 1.016e+004 1.018e+004 1.013e+004 1.017e+004 1.019e+004 1.02e+004 1.016e+004 1.005e+004
9718 9719 9719 9718 9715 9706 9710 9714 9735 9760 9782 9806 9821 9820 9800 9787 9792 9789 9801 9810 9795 9797 9836 9874 9901 9919 9900 9950 1.003e+004 1.006e+004 1.004e+004 1.009e+004 1.016e+004 1.018e+004 1.015e+004 1.015e+004 1.012e+004 1.003e+004 1.007e+004 1.021e+004 1.031e+004 1.039e+004 1.049e+004 1.038e+004 1.033e+004 1.028e+004 1.015e+004 1.012e+004 1.011e+004 1.014e+004 1.011e+004 1.011e+004 9915 9756 9757 9879 9763 9693 9830 1.002e+004 9942 9988 1e+004 1.002e+004 1.004e+004 1.005e+004 1.01e+004 1.014e+004 1.022e+004 1.025e+004 1.024e+004 1.02e+004 1.019e+004 1.008e+004 1.006e+004 1.008e+004 1.015e+004 1.024e+004 1.016e+004 1.01e+004 1.009e+004
9728 9730 9733 9732 9731 9734 9734 9737 9760 9773 9788 9802 9814 9815 9798 9778 9768 9799 9828 9857 9864 9855 9892 9930 9956 9988 1.005e+004 1.01e+004 1.005e+004 1.004e+004 1.007e+004 1.009e+004 1.012e+004 1.014e+004 1.015e+004 1.017e+004 1.016e+004 1.009e+004 1.015e+004 1.02e+004 1.029e+004 1.044e+004 1.057e+004 1.053e+004 1.039e+004 1.032e+004 1.028e+004 1.01e+004 9940 9787 9685 9618 9520 9361 9367 9470 9486 9454 9519 9667 9797 9862 9870 9843 9820 9826 9907 9980 1.005e+004 1.02e+004 1.024e+004 1.029e+004 1.026e+004 1.019e+004 1.017e+004 1.026e+004 1.036e+004 1.041e+004 1.031e+004 1.038e+004 1.029e+004
9738 9742 9745 9749 9751 9758 9761 9768 9770 9775 9788 9802 9812 9819 9797 9775 9778 9813 9851 9895 9930 9959 9984 9994 1e+004 1.002e+004 1.006e+004 1.006e+004 1.002e+004 1.002e+004 1.005e+004 1.006e+004 1.009e+004 1.012e+004 1.014e+004 1.013e+004 1.005e+004 1.012e+004 1.037e+004 1.033e+004 1.036e+004 1.043e+004 1.042e+004 1.04e+004 1.035e+004 1.032e+004 1.03e+004 9997 9721 9464 9316 9267 9247 9154 9162 9267 9411 9452 9392 9443 9650 9746 9710 9664 9653 9681 9744 9851 9992 1.006e+004 1.013e+004 1.022e+004 1.025e+004 1.024e+004 1.025e+004 1.027e+004 1.027e+004 1.035e+004 1.053e+004 1.051e+004 1.056e+004
9749 9754 9760 9767 9772 9772 9782 9778 9765 9768 9781 9796 9809 9821 9798 9773 9790 9844 9889 9911 9908 9994 1.003e+004 1.003e+004 1.002e+004 1.001e+004 9989 9944 9939 9904 9935 1.001e+004 1.006e+004 1.01e+004 1.015e+004 1.02e+004 1.03e+004 1.034e+004 1.034e+004 1.04e+004 1.041e+004 1.043e+004 1.041e+004 1.029e+004 1.018e+004 1.012e+004 9933 9736 9525 9364 9305 9208 9140 9101 9071 9084 9209 9329 9451 9442 9418 9479 9453 9472 9491 9523 9566 9613 9703 9780 9872 1e+004 1.006e+004 1.013e+004 1.022e+004 1.034e+004 1.046e+004 1.048e+004 1.045e+004 1.048e+004 1.055e+004
9760 9768 9777 9785 9795 9800 9795 9782 9751 9760 9775 9790 9801 9805 9796 9786 9817 9882 9950 1e+004 1.005e+004 1.007e+004 1.007e+004 1.006e+004 1.003e+004 1e+004 9964 9930 9914 9908 9930 9989 1.004e+004 1.01e+004 1.016e+004 1.025e+004 1.036e+004 1.029e+004 1.036e+004 1.041e+004 1.044e+004 1.034e+004 1.026e+004 9996 9790 9662 9563 9443 9307 9195 9197 9134 9070 9024 8998 8976 8978 9089 9338 9325 9172 9139 9237 9270 9302 9361 9357 9361 9370 9419 9554 9620 9650 9706 9840 1.009e+004 1.032e+004 1.035e+004 1.042e+004 1.043e+004 1.041e+004
9772 9780 9789 9798 9805 9807 9798 9779 9755 9760 9775 9790 9798 9799 9807 9824 9866 9932 1.001e+004 1.012e+004 1.018e+004 1.012e+004 1.01e+004 1.007e+004 1.004e+004 1e+004 9962 9916 9917 9929 9949 1e+004 1.003e+004 1.009e+004 1.016e+004 1.022e+004 1.024e+004 1.026e+004 1.035e+004 1.028e+004 1.023e+004 1.005e+004 9874 9636 9422 9281 9234 9182 9088 8990 9034 9026 8988 8957 8950 8951 8955 8980 9042 9062 9009 9004 9045 9091 9110 9059 9166 9288 9315 9317 9371 9374 9384 9480 9589 9819 1.016e+004 1.02e+004 1.029e+004 1.04e+004 1.054e+004
9786 9793 9800 9805 9812 9811 9805 9790 9775 9772 9781 9799 9809 9816 9830 9853 9906 9967 1.004e+004 1.013e+004 1.014e+004 1.013e+004 1.009e+004 1.008e+004 1.006e+004 1.003e+004 9986 9929 9956 9984 1.001e+004 1.006e+004 1.009e+004 1.01e+004 1.013e+004 1.017e+004 1.021e+004 1.019e+004 1.014e+004 9968 9789 9616 9453 9298 9120 9072 9053 9010 8939 8882 8893 8921 8921 8906 8925 8942 8976 8889 8848 8865 8841 8822 8870 8941 9004 9073 9151 9182 9227 9255 9297 9336 9387 9414 9428 9540 9824 9931 1.006e+004 1.026e+004 1.045e+004
9797 9805 9809 9810 9806 9813 9814 9800 9778 9781 9802 9819 9832 9841 9864 9891 9940 9982 1.003e+004 1.008e+004 1.014e+004 1.016e+004 1.012e+004 1.011e+004 1.01e+004 1.008e+004 1.007e+004 1.005e+004 1.007e+004 1.011e+004 1.013e+004 1.013e+004 1.012e+004 1.005e+004 1.004e+004 1.006e+004 1.012e+004 1.004e+004 9789 9584 9370 9250 9166 9102 9016 9024 8966 8875 8817 8789 8818 8828 8878 8910 8892 8896 8876 8875 8849 8776 8698 8591 8715 8821 8926 9053 9131 9174 9187 9217 9277 9327 9370 9305 9306 9332 9547 9793 9816 1.003e+004 1.019e+004
9801 9812 9818 9824 9824 9831 9820 9825 9812 9819 9839 9852 9864 9878 9913 9987 9968 9983 1.002e+004 1.008e+004 1.017e+004 1.019e+004 1.019e+004 1.017e+004 1.016e+004 1.015e+004 1.016e+004 1.021e+004 1.025e+004 1.025e+004 1.018e+004 1.006e+004 9964 9893 9890 9860 9829 9668 9434 9258 9117 9084 9062 9027 9056 8975 8816 8726 8686 8667 8671 8727 8723 8765 8808 8848 8864 8824 8824 8712 8621 8584 8625 8711 8818 8929 8990 8975 9098 9232 9308 9290 9277 9268 9240 9262 9284 9427 9531 9725 9815
