real_craters/C199-500m.grd
DSAA
411 411
-102.445 102.445
-102.445 102.445
7141.293342435 10795.077083471
[rows 360 to 389 of 411, columns 134 to 200 of 411]
9543.9 9548.77 9552.44 9551.66 9546.76 9541.57 9540.45 9539.56 9538.75 9539.78 9540.05 9541.36 9542.93 9545.09 9548.22 9550.49 9550.53 9548.82 9549.55 9550.93 9549.81 9548.36 9546.64 9546.46 9548.13 9549 9546.16 9545.4 9543.89 9543.95 9542.65 9540.85 9540.21 9540.45 9540.52 9534.99 9531.37 9533.04 9537.47 9541.7 9545.44 9547.67 9547.54 9557.2 9558.91 9548.99 9530.86 9502.89 9540.61 9561.94 9561.48 9558.01 9553.76 9548.47 9544.73 9541.53 9536 9530.45 9526.7 9527.83 9530.22 9533.15 9535.61 9535.79 9532.23 9528.23 9524.21
9544.34 9553.59 9557.03 9556.61 9551.58 9541.4 9540.8 9538.6 9537.13 9537.63 9538.05 9538.81 9538.78 9538.72 9538.06 9536.54 9537.51 9542.49 9543.4 9543.93 9542.19 9539.12 9535.44 9533.96 9538.77 9547.32 9551.35 9550.33 9548.65 9546.66 9546.18 9545.22 9543.58 9540.34 9535.57 9535.7 9536.01 9537.83 9540.44 9543.09 9545.18 9546.68 9547.73 9553.37 9552.59 9541.09 9543.41 9532.86 9546.1 9558.23 9559.24 9556.81 9552.64 9549.42 9547.15 9544.3 9536.11 9528.33 9521.67 9522.54 9524.41 9526.92 9528.83 9528.23 9526.45 9523.57 9520.52
9556.15 9561.18 9566.88 9562.35 9553.51 9541.49 9540.42 9538.06 9538.05 9538.37 9538.18 9537.92 9537.22 9535.54 9532.87 9528.41 9531.13 9537.13 9539.37 9537.43 9534.82 9530.97 9525.57 9519.17 9527.53 9546.26 9559.71 9557.53 9554.8 9549.64 9550.82 9551.05 9549.22 9545.02 9539.05 9542.43 9545.16 9544.8 9544.99 9546.1 9547.66 9549.6 9552.19 9555.41 9553.63 9542.11 9537.26 9553.9 9560.68 9560.68 9557.65 9553.57 9550.46 9547.25 9545.23 9542.26 9533.75 9525.23 9517.67 9517.45 9519.23 9521.16 9523.12 9522.66 9521.59 9520.13 9518.12
9560.16 9563.27 9555.39 9566.03 9565.36 9540.43 9536.78 9536.95 9537.3 9537.39 9537.02 9536.04 9533.82 9532.76 9530.2 9529.09 9532.92 9540.71 9538.22 9535.7 9532.44 9529.12 9524.91 9516.64 9527.3 9546.54 9559.99 9565.13 9563.22 9559.28 9559.56 9559.01 9557.44 9555.69 9554.57 9553.92 9553.03 9550.37 9548.83 9548.55 9549.38 9551.38 9554.74 9555.9 9551.43 9538.26 9537.14 9573 9573.28 9561.37 9552.81 9548.82 9545.43 9542.8 9539.78 9536.5 9529.71 9522.09 9516.7 9515 9515.5 9515.94 9516.49 9516.71 9516.41 9516.27 9515.74
9568.5 9560.29 9558.88 9567.8 9563.85 9540.38 9539.52 9536.24 9536.03 9535.93 9533.98 9532.45 9531.85 9530.55 9529.29 9527.74 9532.57 9536.7 9537.23 9535.36 9533.07 9530.9 9531.69 9536.83 9541.38 9550.28 9560.67 9570.19 9574.66 9574.46 9570.66 9568.01 9566.02 9565.57 9568.05 9564.25 9558.36 9553.28 9550.55 9549.1 9548.96 9549.74 9551.21 9548.89 9541.64 9533.68 9531.09 9547.4 9554.74 9542.04 9539.17 9537.46 9536.75 9534.83 9531.37 9526.92 9523.23 9520.17 9517.12 9515.17 9513.71 9512.56 9512.01 9512.04 9512.53 9513.12 9513.96
9521.59 9537.32 9552.04 9566.54 9561.14 9540.82 9539.59 9534.36 9532.67 9533.54 9531.84 9529.15 9527.7 9528.72 9530.63 9534.06 9535.97 9537.2 9536.6 9534.96 9533.09 9531.96 9533.21 9539.36 9544.34 9553.05 9565.78 9581.27 9585.83 9586.86 9580.7 9575.45 9571.94 9570.08 9569.75 9565.12 9558.31 9554.12 9550.52 9548.02 9545.94 9544.26 9543.01 9539.79 9534.04 9532.95 9530.05 9514.31 9499.64 9520.04 9526.95 9528.63 9528.19 9525.9 9523.7 9520.64 9518.82 9518.55 9518.18 9516.1 9512.1 9508.96 9508.72 9508.23 9509.41 9510.66 9512.28
9486.31 9515.69 9544.47 9557.52 9556.56 9544.46 9536.12 9529.72 9531.33 9532.06 9529.27 9526.82 9525.46 9526.45 9531.34 9535.7 9535.6 9535.74 9535.37 9534.34 9533.06 9532.23 9531.41 9530.72 9542.65 9553.38 9563.27 9575.78 9589.53 9591.72 9584.68 9578.65 9574.18 9570.67 9565.73 9561.2 9558.09 9553.42 9549.09 9544.96 9541.58 9537.73 9532.71 9527.99 9526.28 9530.98 9532.06 9526.59 9523.57 9518.35 9517.4 9517.68 9517.16 9517.97 9517.33 9516.1 9515.67 9517.06 9517.77 9516.08 9509.97 9504.27 9502.18 9504.47 9506.76 9508.76 9510.72
9483.36 9509.43 9524.43 9536.86 9548.33 9540.78 9525.17 9525.9 9531.01 9529.37 9526.05 9523.01 9520.24 9518.51 9522.18 9532.15 9526.03 9530.37 9533.92 9534.89 9534.53 9533.72 9533.21 9534.9 9542.72 9552.83 9566.37 9579.8 9582.7 9585.04 9581.04 9576.57 9572.44 9569.31 9567.12 9563.96 9556.53 9551.09 9546.55 9541.98 9537.44 9532.24 9526.2 9520.95 9523.61 9528.11 9530.24 9526.11 9520.11 9515.98 9513.14 9513.16 9513.11 9513.79 9514.15 9515.16 9516.3 9515.15 9514.41 9511.43 9507.95 9502.89 9500.94 9502.53 9504.85 9507.14 9509.53
9544.72 9564.33 9548.29 9554.49 9547.78 9535.95 9526.46 9525.44 9527.39 9526.39 9523.75 9519.78 9514.61 9508.14 9498.97 9504.69 9526.05 9533.2 9534.68 9534.97 9535.13 9536.01 9537.36 9540.45 9543.7 9549.47 9557.32 9561.35 9571.07 9573.75 9573.56 9571.07 9568.79 9565.93 9563.31 9559.08 9552.31 9547.73 9543.49 9539.14 9534.71 9529.54 9523.2 9516.81 9523 9528.88 9531.02 9525.69 9514.23 9511.31 9508.31 9505.99 9507.04 9508.19 9510.12 9512.17 9513.4 9513.12 9513.4 9513.35 9507.91 9502.78 9500.73 9501.05 9502.91 9505.48 9508.3
9574.53 9577.87 9562.05 9552.71 9542.74 9533.78 9527.89 9528.21 9526.41 9523.79 9520.64 9516.77 9512.04 9506.2 9496.7 9504.83 9541.38 9538.38 9535.43 9534.65 9535.43 9536.66 9537.43 9538.55 9542.4 9544.32 9546.38 9555.57 9567.29 9566.98 9565.17 9563.59 9561.81 9559.72 9556.6 9551.46 9548.26 9545.12 9541.7 9538.08 9534.1 9529.96 9525.48 9523.7 9524.7 9532.5 9534.16 9531.96 9521.36 9508.58 9500.38 9497.2 9499.61 9503.67 9506.46 9508.29 9508.61 9512.05 9512.38 9510.44 9508.15 9504.58 9502.68 9503.32 9505.44 9507.84 9511.25
9557.64 9550.56 9552.86 9543.55 9536.35 9532.06 9527.83 9524.71 9523.59 9520.94 9517.58 9514.54 9512.03 9511.89 9518.24 9521.13 9526.01 9531.62 9532.3 9531.6 9532.76 9536.08 9540.75 9540.82 9539.36 9538.74 9539.43 9543.42 9546.32 9551.89 9554.85 9555.6 9555.02 9553.97 9551.64 9549.21 9545.13 9542.25 9539.23 9536.16 9533.02 9529.88 9526.59 9521.76 9522.32 9530.38 9524.52 9530.71 9520.11 9491.94 9486.31 9489.05 9492.33 9497.08 9501.8 9506.54 9511.41 9513 9512.84 9512.1 9510.11 9506.41 9503.38 9502.41 9504.4 9507.45 9510.98
9556.88 9556.74 9546.57 9534.31 9528.97 9529.76 9527.32 9524.49 9521.92 9518.37 9515.46 9513.22 9511.86 9512.77 9518.04 9518.94 9518.11 9523.82 9526.26 9527.21 9527.83 9530.15 9537.23 9536.44 9534.34 9533.78 9533.21 9531.51 9538.78 9544.08 9548.77 9550.58 9550.52 9549.25 9547.64 9545.61 9542.56 9539.79 9537.54 9535.1 9532.86 9530.31 9528.08 9521.36 9522.93 9527.72 9501.36 9455.68 9444.5 9453.51 9469.65 9480.07 9487.69 9493.8 9498.35 9503.91 9509.05 9512.42 9514.85 9516.93 9512.09 9508.44 9499.43 9498.21 9500.36 9503.38 9507.4
9553.76 9549.15 9540.11 9522.35 9524.11 9529.85 9534.15 9522.54 9519.41 9517.02 9514.55 9512.05 9510.23 9509.09 9508.48 9513.59 9517.81 9519.89 9522.53 9523.04 9522.28 9520.06 9514.43 9522.51 9527.03 9529.45 9531.37 9536.07 9538.44 9542.54 9545.39 9546.55 9545.92 9544.43 9542.88 9541.45 9539.59 9538.19 9536.69 9534.41 9532.41 9531.2 9530.85 9529.72 9526.32 9525.07 9500.74 9462.9 9437.95 9445.4 9466.81 9478.02 9485.6 9491.52 9496.17 9501.07 9506.26 9510.99 9514.11 9517.84 9501.7 9479.47 9489.79 9494.03 9497.08 9499.84 9503.9
9551.95 9541.54 9541.98 9533.93 9530.23 9530.89 9530.59 9521.96 9518.93 9515.55 9512.5 9509.86 9508.01 9506.72 9506.18 9508.77 9513.32 9516.98 9519.25 9519.97 9517.78 9514 9510.49 9516.01 9521.63 9525.69 9528.85 9532.13 9540.88 9543.93 9545.27 9544.95 9543.16 9541.47 9538.66 9536.69 9537.17 9536.79 9535.14 9533.02 9530.79 9528.54 9526.96 9527.21 9519.56 9514.23 9516.03 9515.88 9489.74 9487.58 9481.93 9482.8 9486.06 9489.91 9494.12 9497.64 9501.83 9506.83 9512.55 9514.1 9505.24 9489 9490.16 9492.48 9494.62 9497.12 9499.87
9558.98 9551.37 9552.44 9548.98 9541.11 9531.97 9523.22 9524.77 9517.76 9513.85 9511.29 9511.01 9509.14 9507.1 9504.64 9507.45 9511.01 9514.54 9516.82 9517.35 9517.06 9515.18 9512.15 9516.61 9520.42 9523.45 9527.12 9532.79 9542.1 9546.82 9546.68 9544.63 9541.85 9539.66 9537.57 9537.14 9537.45 9535.48 9533.64 9531.11 9527.67 9524.48 9520.37 9513.33 9505.95 9501.01 9501.61 9504.14 9511.27 9505.58 9491.71 9487.42 9487.8 9489.27 9491.7 9494.14 9496.3 9500.29 9507.73 9516.47 9520.25 9510.5 9497.61 9494.07 9493.67 9494.64 9496.86
9570.47 9571.9 9561.22 9556.48 9549.3 9534.85 9519.71 9515.41 9514.08 9512.8 9511.53 9510.7 9509.65 9508.97 9509.55 9510.25 9512.61 9514.95 9516.57 9517.99 9519.88 9522.55 9524.6 9521.48 9521.79 9523.68 9526.61 9532.61 9548.75 9552.21 9549.53 9545.37 9540.7 9538.21 9537.93 9536.29 9533.57 9533.74 9531.57 9527.98 9523.87 9518.59 9510.29 9499.21 9499.04 9494.86 9492.3 9492.05 9492.88 9487.43 9488.17 9489.05 9489.95 9491.07 9491.7 9492.27 9492.58 9495.27 9502.34 9507.17 9505.44 9502.53 9498.01 9494.44 9492.87 9492.32 9492.26
9577.58 9577.82 9575.24 9567.53 9556.61 9538.78 9521.93 9508.92 9510.99 9511.96 9511.55 9510.88 9510.03 9509.64 9512.37 9514.09 9516.49 9516.67 9517.44 9519.15 9522.26 9527.65 9528.2 9524.64 9522.47 9523.19 9526.09 9534.51 9555.84 9555.43 9550.22 9543.94 9538.4 9533.73 9531.43 9533.74 9534.5 9534.5 9530.59 9525.63 9520.3 9514.75 9506.79 9500.11 9493.28 9493.08 9497.15 9495.34 9489.43 9484.62 9486.47 9488.61 9489.71 9491.14 9491.96 9492.01 9492.41 9493.53 9498.22 9501.39 9504.69 9498.86 9495.44 9493.48 9491.93 9491.32 9489.54
9580.15 9575.89 9571.22 9566.94 9554.45 9541.92 9531.93 9518.23 9515.74 9513.18 9511.83 9510.9 9510.39 9511.04 9516.34 9531.76 9520.88 9516.69 9516.45 9517.85 9520.78 9525.58 9527.06 9524.05 9522.47 9522.59 9524.59 9531.24 9555.75 9553.6 9547.19 9540.94 9534.4 9527.91 9523.16 9530.74 9541.3 9534.72 9528.21 9522.28 9516.61 9511.99 9509.14 9498.48 9489.66 9492.26 9497.66 9497.08 9492.25 9487.97 9489.71 9491.49 9492.28 9492.81 9493.58 9493.8 9494.84 9495.42 9496.56 9495.64 9492.77 9493.72 9494.55 9494.05 9493.05 9491.9 9490.09
9579.91 9583.88 9585.48 9568.35 9554.54 9541.92 9528.7 9517.7 9515.69 9513 9511.23 9510.33 9509.98 9510.22 9511.08 9513.56 9513.47 9513.02 9513.56 9514.79 9516.43 9518.5 9520.11 9520.6 9520.34 9520.74 9522.97 9528.75 9539.44 9543.56 9540.7 9536.72 9531.1 9524.67 9519.74 9526.05 9531.46 9529.3 9522.98 9517.34 9511.73 9505.28 9499.61 9492.02 9487.1 9494.17 9499.7 9499.37 9497.54 9495.11 9496.81 9496.97 9496.42 9496.25 9496.43 9496.9 9497.86 9499.96 9496.54 9492.73 9488.36 9493.46 9493.85 9494.15 9493.73 9493.12 9492.51
9579.06 9584.76 9579.96 9567 9553.03 9542.56 9526.49 9511.39 9513.8 9511.89 9510.07 9509.32 9509.21 9507.78 9501.78 9499.17 9504.58 9507.62 9509.7 9511.31 9512.14 9511.67 9514.75 9517.11 9518.43 9519.69 9521.7 9524.66 9527.29 9531.65 9534.22 9532.9 9529.33 9523.99 9519.81 9520.92 9522.76 9518.91 9514.81 9511.34 9507.72 9501.76 9491.71 9491.03 9491.44 9499.66 9499.59 9500.56 9502.19 9507.83 9504.85 9500.37 9498.4 9497.67 9497.26 9497.7 9498.49 9498.79 9496.71 9493.78 9495.28 9496.62 9495.57 9496.34 9496.56 9496.4 9497.47
9576.6 9582.97 9578 9566.33 9554.96 9547.33 9539.8 9521.29 9515.68 9510.46 9508.6 9507.92 9507.97 9506.83 9499.32 9495.27 9499.89 9503.83 9506.76 9508.91 9510.44 9511.87 9513.37 9515.4 9517.23 9518.74 9520.13 9521.69 9523.26 9526.51 9530.04 9530.64 9529.46 9526.34 9521.13 9515.96 9507.56 9504.18 9506.22 9506.91 9506.32 9505.22 9502.33 9496.55 9500.03 9498.12 9496.75 9498.94 9501.14 9504.44 9502.48 9499.15 9497.87 9497.35 9496.83 9496.79 9497.14 9498.16 9495.35 9492.81 9492.63 9493.39 9495.87 9497.16 9497.69 9498.81 9500.43
9574.04 9581.32 9575.62 9563.7 9551.4 9543.94 9537.01 9520.69 9508.94 9505.8 9505.67 9505.96 9506.57 9505.96 9501.55 9498.95 9499.72 9502.1 9504.57 9507.05 9509.7 9511.46 9512.94 9514.49 9516.21 9518.01 9519.59 9521.35 9524.81 9527.73 9528.54 9529.62 9530.75 9531.65 9526.66 9515.1 9502.8 9498.43 9501.64 9504.11 9505.77 9506.66 9503.29 9498.44 9496.39 9492.68 9494.99 9496.36 9496.6 9493.86 9492.34 9495.67 9496.97 9496.99 9496.48 9495.67 9494.62 9493.01 9491.61 9491.49 9492.49 9496.43 9497.49 9498.63 9499.42 9500.18 9502.07
9569.51 9572.96 9564.5 9551.79 9541.09 9532.05 9523.15 9510.58 9502.17 9502.78 9503.36 9503.6 9503.91 9504.09 9501.06 9499.63 9499.78 9501.26 9503.11 9504.95 9507.95 9511.57 9511.14 9512.06 9513.74 9515.77 9519.95 9521.75 9520.75 9524.45 9526.82 9528.89 9530.56 9530.8 9526.59 9516.35 9506.44 9500.89 9501.25 9502.83 9504.17 9504.15 9497.92 9492.49 9487.55 9483.91 9490.3 9493.87 9494.69 9492.93 9493.11 9495.02 9495.94 9496.22 9495.79 9495.12 9493.34 9490.39 9489.87 9492.47 9495.83 9498.72 9499.42 9499.86 9500.23 9501.24 9502.66
9563 9557.47 9546.69 9538.96 9534 9525.64 9516.23 9508.12 9503.35 9503.5 9502.95 9501.88 9500.15 9499.37 9500.84 9500.13 9499.88 9500.59 9501.7 9502.62 9502.76 9504.24 9507.09 9509 9510.65 9512.24 9513.48 9516.57 9519.68 9521.7 9524.49 9527.13 9529.56 9530.35 9525.44 9517.29 9508.87 9503.63 9502.57 9503.42 9503.42 9501.44 9495.58 9489.6 9481.63 9475.92 9489.75 9494.25 9495.44 9496.62 9497.64 9496.8 9496.22 9496.19 9495.47 9494.69 9493.5 9492.48 9492.47 9492.87 9495.9 9499.59 9499.85 9499.76 9500.32 9501.11 9502.24
9555.99 9553.35 9542.33 9541.07 9531.27 9519.42 9511.34 9509.48 9510.8 9506.87 9504.02 9501.21 9498.57 9497.58 9498.59 9499.48 9500.05 9500.6 9501.34 9501.55 9500.82 9501.68 9504.96 9506.85 9507.91 9508.88 9509.58 9512.89 9516.75 9518.74 9521.73 9524.92 9528.1 9528.18 9525.57 9518.23 9510.51 9502.87 9504.58 9504.72 9503.37 9500.67 9488.63 9486.81 9482.22 9484.24 9497.2 9497.02 9497.48 9498.81 9500.28 9498.34 9497.3 9496.3 9495.4 9494.15 9494 9494.25 9495 9492.91 9494.95 9498.44 9498.1 9498.26 9498.68 9499.64 9500.92
9544.96 9533.17 9539.97 9541.81 9523.07 9507.19 9505.64 9507.15 9508.93 9508.78 9505.51 9502.01 9498.07 9497.36 9498.53 9499.96 9500.45 9500.98 9501.62 9502.65 9505.12 9505.09 9505.41 9506.4 9506.97 9507.37 9506.92 9511.01 9515.43 9518.7 9520.09 9521.72 9522.9 9525.85 9522.02 9517.69 9514.52 9515.02 9510.47 9506.9 9503 9496.7 9488.87 9484.57 9483.83 9488.45 9495.99 9496.82 9497.67 9498.15 9497.86 9498.01 9497.12 9496.1 9494.75 9493.79 9493 9493.52 9494.64 9493.13 9493.44 9492.66 9494.48 9496.02 9497.38 9498.56 9499.5
9536.34 9526.52 9530.34 9531.18 9516.02 9502.57 9502.36 9505.18 9508.75 9508.66 9506.98 9504.58 9501.56 9501.06 9501.97 9501.68 9501.48 9501.47 9501.86 9502.64 9504.34 9505 9504.72 9505.55 9506.54 9508.27 9509.8 9512.43 9515.78 9518.44 9519.5 9520.07 9516.44 9509.27 9514.7 9515.91 9516.33 9517.69 9513.25 9508.29 9503.6 9494.76 9484.15 9478.35 9482 9486.21 9491.47 9494.1 9495.74 9496.8 9497.15 9497.07 9496.34 9494.94 9493.53 9492.29 9491.17 9490.83 9491.82 9496.39 9493.63 9491.48 9491.79 9493.75 9495.47 9496.78 9497.77
9530.34 9521.07 9517.21 9513.34 9510.65 9506.45 9503.75 9503.94 9504.94 9508.18 9508.39 9507.93 9507.35 9506.03 9505.11 9503.71 9502.61 9502.04 9500.89 9501.19 9500.66 9502.63 9504.19 9505.37 9507.52 9510.64 9512.66 9516.09 9519.41 9518.41 9524.16 9522.85 9518.36 9515.95 9513.79 9514.06 9513.91 9512.4 9510.18 9507.29 9504.5 9499.69 9486.56 9483.7 9482.68 9483.73 9487.52 9491.63 9494.37 9495.98 9496.96 9497 9495.87 9494.48 9492.49 9490.86 9489.5 9487.95 9488.39 9495 9492.98 9489.62 9490.65 9492.63 9493.54 9494.36 9495.66
9522.06 9514.09 9507.93 9504.04 9506.51 9504.42 9504.71 9504.67 9504.44 9507.99 9509.49 9510.76 9510.52 9508.17 9506.27 9504.92 9503 9502.39 9501.34 9500.79 9500.7 9501.8 9503.58 9505.88 9508.45 9511.71 9514.7 9520.61 9527.01 9536.82 9535.87 9527.86 9520.61 9515.54 9514.04 9512.49 9510.63 9509.73 9506.88 9503.35 9501.21 9494.2 9487.02 9485.67 9484.92 9485.2 9487.98 9490.12 9493.06 9495.5 9496.66 9496.62 9495.27 9493.53 9491.6 9489.74 9487.9 9485.61 9485.43 9488.57 9490.95 9492.7 9493.31 9492.04 9491.57 9491.6 9492.17
9511.17 9504.9 9501.6 9499.4 9504.09 9506.07 9506.93 9506.04 9506.79 9506.52 9509.96 9513.3 9515.4 9511.75 9508.69 9506.72 9505.06 9503.31 9501.73 9500.4 9500.5 9500.78 9502.44 9504.41 9508.47 9517.4 9522.22 9524.19 9530 9534.63 9535.22 9530.53 9524.23 9518.95 9515.19 9511.28 9507.05 9500.82 9496.27 9497.9 9496.27 9491.68 9486.83 9486.7 9488.71 9489.51 9486.38 9490.33 9493.1 9494.77 9495.88 9495.82 9494.05 9492.3 9490.36 9488.32 9486.1 9483.95 9482.37 9484.72 9487.73 9490.72 9491.63 9490.26 9489.29 9488.38 9487.5
