real_craters/C199-750m.grd
DSAA
274 274
-102.445 102.445
-102.445 102.445
7158.4299339023 10818.559981446
[rows 180 to 215 of 274, columns 0 to 80 of 274]
9465 9466 9465 9468 9469 9466 9464 9461 9460 9459 9459 9462 9468 9474 9483 9490 9493 9497 9503 9510 9519 9563 9567 9568 9567 9568 9579 9575 9566 9560 9552 9551 9550 9552 9558 9568 9576 9585 9589 9579 9581 9594 9595 9593 9590 9585 9585 9588 9596 9593 9649 9640 9622 9613 9610 9609 9612 9613 9630 9648 9668 9678 9672 9659 9649 9632 9618 9608 9610 9619 9628 9642 9658 9670 9682 9693 9680 9659 9649 9651 9659
9460 9460 9461 9462 9467 9466 9463 9461 9460 9459 9459 9460 9465 9470 9479 9488 9491 9498 9507 9519 9531 9555 9558 9561 9565 9568 9576 9575 9566 9556 9542 9545 9545 9545 9542 9553 9572 9586 9590 9589 9594 9601 9597 9592 9590 9588 9597 9592 9597 9604 9622 9635 9626 9619 9614 9607 9598 9601 9623 9644 9664 9679 9687 9685 9661 9634 9610 9596 9602 9619 9635 9649 9658 9667 9675 9674 9663 9638 9625 9639 9652
9455 9456 9451 9452 9454 9456 9452 9451 9452 9455 9461 9464 9464 9462 9462 9471 9482 9492 9504 9520 9539 9524 9536 9550 9556 9558 9573 9570 9564 9558 9548 9542 9541 9541 9541 9553 9572 9592 9609 9602 9592 9592 9593 9592 9590 9588 9588 9592 9592 9616 9622 9612 9623 9622 9618 9611 9603 9603 9615 9639 9663 9679 9689 9687 9667 9636 9606 9587 9597 9611 9630 9645 9651 9661 9669 9667 9648 9624 9624 9636 9647
9454 9452 9439 9425 9462 9449 9452 9455 9458 9457 9456 9457 9459 9457 9456 9462 9472 9483 9494 9504 9493 9480 9516 9540 9548 9542 9551 9559 9560 9556 9553 9545 9541 9541 9548 9554 9570 9591 9621 9611 9605 9593 9594 9594 9593 9593 9590 9611 9643 9636 9637 9634 9629 9626 9625 9624 9621 9613 9614 9635 9658 9674 9684 9692 9669 9635 9604 9584 9584 9597 9609 9615 9635 9652 9665 9664 9642 9626 9642 9640 9643
9454 9455 9439 9405 9389 9441 9450 9451 9455 9453 9450 9450 9454 9452 9452 9456 9465 9474 9483 9489 9504 9501 9514 9532 9545 9546 9551 9553 9557 9560 9564 9548 9542 9538 9540 9549 9562 9576 9580 9604 9595 9595 9592 9593 9595 9601 9615 9619 9624 9642 9660 9643 9636 9635 9634 9636 9636 9633 9633 9636 9643 9657 9668 9672 9658 9636 9611 9588 9591 9594 9595 9601 9621 9643 9661 9666 9636 9616 9640 9638 9639
9456 9457 9452 9452 9459 9447 9444 9451 9450 9450 9450 9452 9454 9449 9443 9451 9459 9467 9473 9476 9487 9502 9514 9527 9539 9549 9549 9551 9556 9561 9551 9551 9541 9534 9533 9542 9554 9568 9591 9591 9599 9597 9595 9592 9595 9599 9604 9611 9619 9638 9649 9650 9644 9641 9639 9639 9639 9641 9640 9635 9634 9642 9649 9645 9639 9631 9614 9599 9593 9591 9590 9591 9613 9635 9651 9653 9634 9622 9630 9631 9634
9456 9455 9454 9454 9452 9455 9447 9445 9447 9448 9449 9451 9453 9450 9448 9450 9455 9459 9464 9470 9485 9501 9514 9528 9538 9551 9546 9550 9553 9550 9546 9541 9536 9531 9529 9535 9545 9556 9569 9577 9583 9590 9592 9593 9593 9594 9597 9607 9619 9626 9631 9647 9649 9647 9644 9640 9638 9635 9630 9631 9633 9635 9636 9633 9626 9618 9606 9596 9587 9587 9592 9598 9615 9630 9640 9640 9630 9623 9627 9627 9632
9456 9455 9454 9451 9450 9451 9452 9452 9451 9451 9451 9451 9454 9454 9452 9451 9452 9455 9459 9465 9479 9495 9509 9524 9535 9552 9552 9549 9549 9552 9537 9537 9534 9530 9528 9531 9537 9545 9556 9573 9586 9587 9589 9590 9589 9589 9589 9595 9612 9619 9640 9645 9648 9649 9650 9653 9644 9636 9629 9629 9633 9633 9630 9625 9615 9602 9589 9584 9584 9588 9599 9616 9624 9630 9636 9636 9632 9626 9619 9620 9625
9455 9452 9453 9453 9451 9452 9452 9452 9453 9453 9453 9456 9458 9457 9455 9453 9453 9454 9458 9468 9477 9488 9498 9507 9522 9535 9540 9541 9540 9540 9533 9536 9532 9526 9524 9528 9532 9537 9550 9562 9579 9583 9583 9583 9584 9586 9588 9601 9610 9606 9637 9644 9649 9646 9647 9650 9639 9629 9624 9625 9633 9629 9625 9618 9605 9583 9581 9580 9582 9591 9603 9616 9626 9630 9630 9630 9628 9624 9617 9615 9618
9458 9454 9453 9454 9449 9451 9453 9453 9453 9452 9452 9452 9455 9456 9455 9454 9452 9452 9453 9458 9472 9482 9491 9500 9516 9527 9529 9532 9535 9522 9521 9526 9525 9523 9522 9525 9530 9536 9550 9563 9573 9577 9579 9580 9582 9585 9590 9596 9602 9607 9617 9640 9646 9648 9640 9625 9626 9618 9608 9612 9618 9620 9619 9613 9594 9571 9577 9578 9579 9587 9607 9630 9641 9632 9618 9621 9628 9625 9625 9622 9617
9459 9456 9454 9454 9456 9457 9456 9454 9453 9452 9451 9451 9452 9452 9453 9453 9452 9451 9450 9451 9467 9479 9489 9499 9514 9523 9526 9527 9526 9527 9520 9524 9524 9518 9519 9524 9529 9530 9529 9547 9558 9568 9571 9574 9577 9582 9588 9593 9595 9602 9618 9632 9641 9645 9645 9638 9623 9609 9596 9599 9608 9611 9612 9611 9603 9573 9572 9576 9579 9585 9609 9640 9655 9634 9618 9615 9615 9619 9621 9619 9617
9460 9458 9455 9454 9460 9461 9458 9456 9454 9453 9451 9451 9451 9452 9453 9452 9452 9452 9453 9454 9465 9476 9488 9499 9508 9515 9516 9513 9510 9515 9516 9516 9516 9512 9515 9521 9527 9523 9506 9536 9542 9553 9563 9568 9574 9579 9585 9594 9596 9606 9615 9626 9640 9646 9647 9642 9620 9603 9589 9586 9593 9600 9603 9605 9606 9591 9578 9582 9585 9587 9612 9636 9646 9626 9610 9608 9610 9613 9616 9619 9619
9463 9469 9469 9468 9460 9458 9456 9457 9456 9454 9452 9450 9452 9455 9453 9453 9453 9453 9456 9464 9467 9473 9484 9491 9497 9503 9505 9504 9501 9510 9509 9506 9506 9512 9512 9519 9528 9537 9525 9537 9541 9552 9557 9565 9572 9578 9580 9583 9605 9627 9638 9642 9649 9643 9642 9628 9608 9594 9587 9580 9584 9590 9593 9595 9592 9592 9595 9595 9601 9613 9621 9626 9619 9611 9600 9602 9605 9608 9615 9630 9623
9456 9423 9373 9434 9449 9456 9458 9459 9458 9456 9454 9451 9449 9451 9453 9453 9453 9453 9455 9462 9464 9466 9469 9475 9488 9495 9498 9497 9496 9498 9502 9499 9492 9498 9505 9513 9519 9525 9529 9527 9532 9542 9549 9560 9571 9581 9587 9602 9626 9633 9650 9663 9657 9619 9612 9602 9584 9582 9580 9576 9577 9579 9582 9585 9591 9596 9600 9608 9616 9625 9626 9621 9610 9607 9601 9596 9598 9600 9607 9616 9615
9455 9367 9271 9402 9449 9463 9482 9463 9462 9460 9458 9456 9455 9454 9455 9455 9453 9452 9452 9454 9457 9458 9457 9466 9481 9490 9494 9496 9495 9498 9498 9498 9496 9496 9502 9508 9512 9518 9522 9515 9519 9522 9541 9556 9571 9588 9607 9622 9632 9637 9652 9673 9658 9599 9465 9507 9560 9574 9578 9580 9571 9573 9576 9580 9584 9600 9612 9618 9624 9630 9629 9618 9607 9601 9597 9587 9585 9591 9595 9596 9600
9467 9473 9498 9483 9466 9468 9468 9468 9467 9466 9464 9462 9460 9461 9460 9457 9454 9451 9449 9452 9452 9452 9456 9465 9480 9489 9493 9492 9499 9494 9496 9497 9499 9500 9502 9505 9513 9526 9530 9520 9523 9533 9537 9551 9570 9591 9612 9622 9626 9637 9644 9659 9654 9635 9651 9590 9576 9576 9577 9572 9566 9568 9571 9577 9588 9604 9616 9621 9627 9633 9631 9617 9598 9597 9593 9582 9580 9585 9589 9590 9593
9477 9479 9479 9478 9475 9471 9473 9474 9474 9473 9471 9470 9469 9469 9465 9461 9456 9452 9450 9452 9449 9444 9431 9463 9485 9492 9495 9496 9498 9494 9496 9497 9498 9502 9504 9506 9503 9522 9533 9527 9519 9512 9527 9546 9567 9589 9611 9617 9618 9611 9623 9637 9641 9641 9641 9618 9597 9586 9579 9567 9568 9567 9568 9571 9580 9594 9609 9619 9626 9631 9628 9617 9606 9604 9597 9588 9584 9585 9587 9587 9589
9484 9486 9485 9483 9481 9477 9478 9481 9481 9480 9479 9477 9475 9473 9471 9466 9460 9454 9449 9453 9452 9450 9459 9473 9490 9495 9497 9500 9504 9500 9498 9496 9497 9504 9508 9512 9517 9524 9536 9532 9521 9514 9523 9543 9563 9583 9598 9604 9600 9601 9606 9614 9619 9624 9624 9618 9603 9592 9582 9576 9569 9568 9568 9567 9571 9588 9606 9617 9623 9625 9623 9614 9605 9600 9600 9595 9591 9587 9585 9585 9592
9495 9492 9493 9493 9489 9487 9487 9489 9489 9488 9487 9485 9482 9481 9479 9473 9466 9460 9457 9459 9458 9457 9460 9482 9494 9497 9498 9498 9505 9501 9499 9497 9497 9504 9510 9516 9523 9522 9522 9534 9525 9519 9527 9544 9561 9575 9589 9588 9585 9591 9593 9596 9601 9610 9609 9611 9608 9600 9593 9584 9574 9572 9573 9575 9579 9595 9610 9618 9619 9617 9607 9609 9604 9601 9605 9604 9594 9588 9583 9580 9582
9503 9500 9500 9501 9500 9498 9497 9499 9498 9497 9496 9494 9491 9490 9488 9481 9474 9467 9467 9467 9464 9464 9470 9489 9496 9498 9498 9498 9498 9499 9502 9501 9502 9508 9511 9515 9518 9518 9517 9527 9529 9532 9539 9549 9559 9567 9572 9573 9574 9581 9583 9584 9591 9604 9607 9606 9605 9601 9591 9587 9575 9575 9580 9591 9596 9606 9620 9622 9620 9616 9615 9610 9609 9613 9608 9603 9592 9584 9579 9576 9579
9512 9508 9509 9509 9508 9508 9507 9506 9504 9503 9503 9503 9501 9499 9496 9489 9482 9477 9476 9474 9470 9469 9479 9489 9496 9500 9501 9500 9496 9499 9501 9503 9503 9506 9508 9510 9515 9514 9509 9518 9529 9540 9549 9554 9559 9564 9566 9564 9566 9571 9575 9580 9586 9596 9600 9602 9605 9607 9605 9597 9589 9579 9581 9593 9602 9617 9631 9630 9624 9615 9609 9605 9608 9613 9600 9589 9584 9580 9577 9576 9582
9520 9515 9517 9516 9517 9520 9523 9513 9509 9509 9510 9511 9511 9507 9503 9497 9490 9485 9482 9479 9474 9471 9476 9484 9493 9498 9503 9507 9503 9501 9500 9501 9515 9513 9509 9506 9504 9509 9498 9512 9528 9543 9555 9558 9559 9560 9560 9559 9560 9565 9569 9573 9582 9587 9589 9595 9602 9611 9618 9606 9582 9573 9576 9581 9603 9628 9642 9639 9629 9616 9601 9597 9598 9603 9585 9575 9576 9575 9575 9576 9582
9530 9529 9524 9522 9522 9520 9504 9506 9512 9515 9516 9517 9517 9515 9511 9504 9497 9491 9489 9484 9477 9468 9475 9487 9493 9495 9497 9496 9499 9501 9501 9496 9494 9509 9509 9507 9507 9502 9497 9512 9529 9547 9559 9562 9560 9556 9556 9557 9557 9562 9565 9566 9566 9564 9574 9585 9594 9602 9605 9598 9579 9570 9571 9575 9602 9633 9647 9642 9631 9619 9606 9599 9588 9573 9571 9571 9571 9572 9571 9571 9573
9535 9534 9531 9528 9526 9523 9527 9518 9519 9521 9522 9523 9522 9519 9518 9511 9503 9496 9496 9490 9483 9475 9480 9492 9494 9493 9491 9497 9500 9503 9508 9512 9514 9511 9508 9507 9504 9498 9499 9515 9534 9551 9562 9565 9563 9559 9558 9559 9560 9562 9563 9562 9563 9564 9569 9578 9586 9591 9593 9592 9583 9570 9571 9587 9561 9604 9645 9643 9632 9619 9605 9596 9599 9576 9568 9571 9571 9570 9568 9563 9543
9539 9536 9537 9536 9533 9532 9533 9530 9527 9528 9529 9530 9529 9529 9525 9518 9510 9503 9502 9496 9490 9489 9491 9496 9496 9493 9491 9496 9500 9508 9512 9516 9514 9509 9503 9500 9497 9500 9507 9522 9540 9558 9571 9572 9567 9562 9561 9561 9562 9567 9562 9560 9558 9566 9567 9572 9578 9581 9585 9584 9573 9564 9566 9571 9582 9606 9633 9638 9632 9620 9605 9595 9595 9584 9577 9576 9574 9573 9569 9563 9550
9543 9548 9545 9543 9538 9535 9532 9532 9534 9535 9535 9536 9535 9533 9530 9524 9518 9515 9510 9502 9493 9488 9499 9502 9498 9494 9494 9501 9511 9515 9515 9513 9512 9506 9499 9494 9495 9501 9514 9531 9546 9564 9582 9581 9571 9564 9563 9565 9561 9559 9558 9556 9557 9561 9561 9566 9573 9578 9582 9586 9582 9568 9576 9588 9609 9622 9627 9636 9629 9622 9615 9607 9601 9595 9584 9581 9579 9576 9573 9571 9571
9551 9551 9549 9546 9542 9538 9536 9538 9539 9540 9541 9539 9539 9536 9534 9529 9524 9522 9518 9508 9499 9497 9502 9503 9501 9497 9496 9513 9518 9517 9515 9513 9509 9502 9495 9493 9496 9505 9518 9532 9549 9567 9582 9583 9573 9565 9565 9566 9565 9560 9555 9551 9547 9542 9553 9560 9566 9576 9583 9589 9595 9595 9591 9599 9608 9621 9625 9628 9625 9622 9623 9628 9614 9609 9599 9586 9582 9578 9576 9574 9576
9558 9556 9554 9553 9546 9542 9541 9542 9543 9544 9546 9547 9543 9540 9538 9533 9527 9528 9523 9513 9505 9501 9505 9507 9505 9503 9505 9518 9516 9516 9512 9509 9506 9502 9498 9498 9505 9505 9517 9535 9552 9566 9576 9579 9576 9570 9566 9565 9564 9556 9552 9548 9544 9547 9551 9553 9557 9561 9575 9588 9592 9600 9596 9599 9606 9606 9603 9610 9615 9619 9623 9625 9627 9607 9592 9584 9581 9578 9577 9576 9575
9566 9555 9556 9556 9549 9545 9544 9545 9546 9546 9545 9545 9543 9542 9540 9535 9528 9528 9525 9517 9509 9510 9519 9514 9510 9507 9512 9505 9514 9514 9508 9503 9503 9503 9502 9502 9517 9524 9527 9543 9556 9566 9572 9576 9580 9579 9565 9558 9556 9552 9549 9549 9547 9553 9546 9547 9550 9555 9570 9586 9601 9586 9581 9584 9586 9592 9596 9601 9606 9611 9616 9624 9619 9596 9586 9579 9577 9576 9575 9575 9576
9562 9561 9561 9559 9551 9545 9544 9541 9546 9546 9545 9543 9542 9540 9539 9537 9532 9534 9528 9519 9514 9515 9516 9519 9515 9511 9514 9518 9512 9510 9508 9506 9504 9504 9503 9504 9517 9572 9554 9552 9558 9566 9572 9576 9579 9575 9562 9552 9552 9551 9551 9549 9551 9540 9538 9541 9545 9552 9567 9583 9595 9579 9585 9583 9583 9586 9589 9592 9597 9601 9606 9605 9594 9583 9573 9571 9571 9572 9572 9575 9576
9563 9562 9562 9558 9549 9545 9544 9545 9546 9547 9547 9545 9542 9540 9538 9539 9536 9537 9530 9521 9515 9525 9529 9525 9520 9514 9507 9507 9510 9508 9509 9509 9506 9504 9504 9502 9506 9528 9548 9552 9559 9569 9576 9580 9581 9576 9566 9557 9550 9548 9546 9545 9545 9538 9537 9539 9541 9546 9562 9578 9592 9592 9579 9578 9578 9578 9579 9583 9587 9591 9598 9595 9584 9581 9571 9566 9567 9570 9573 9575 9578
9569 9564 9561 9559 9553 9546 9544 9543 9546 9547 9547 9546 9543 9540 9539 9541 9537 9538 9533 9526 9523 9530 9533 9532 9528 9522 9514 9511 9512 9513 9512 9511 9508 9505 9502 9504 9509 9520 9539 9554 9565 9572 9580 9589 9583 9577 9572 9556 9548 9541 9535 9539 9539 9536 9539 9540 9542 9547 9559 9570 9578 9577 9571 9579 9576 9571 9572 9575 9576 9582 9595 9610 9605 9584 9567 9562 9564 9567 9571 9575 9579
9573 9567 9562 9556 9549 9546 9545 9546 9547 9548 9549 9547 9544 9542 9540 9541 9539 9543 9539 9533 9532 9539 9540 9538 9535 9531 9523 9518 9517 9516 9515 9512 9510 9509 9506 9511 9512 9518 9531 9547 9560 9572 9582 9586 9582 9577 9569 9560 9553 9543 9536 9534 9532 9532 9540 9543 9544 9549 9556 9563 9565 9562 9569 9563 9565 9562 9557 9556 9559 9569 9582 9600 9608 9582 9570 9564 9563 9566 9570 9575 9579
9574 9567 9560 9554 9549 9547 9547 9548 9549 9549 9552 9548 9546 9543 9540 9544 9544 9548 9545 9541 9538 9538 9541 9542 9541 9542 9532 9525 9523 9531 9511 9511 9514 9516 9518 9516 9517 9524 9535 9548 9561 9573 9584 9590 9584 9579 9573 9574 9559 9545 9536 9533 9533 9534 9538 9547 9546 9551 9557 9559 9558 9561 9552 9565 9560 9555 9547 9537 9546 9552 9561 9580 9599 9584 9570 9563 9563 9566 9570 9575 9579
9572 9568 9564 9556 9552 9550 9551 9553 9552 9552 9554 9549 9547 9546 9546 9548 9551 9552 9551 9554 9548 9548 9546 9544 9542 9540 9537 9530 9524 9510 9524 9520 9522 9524 9525 9524 9521 9530 9543 9556 9567 9578 9587 9594 9592 9584 9583 9578 9560 9545 9536 9534 9537 9543 9553 9559 9559 9563 9561 9558 9553 9544 9540 9555 9557 9554 9551 9547 9544 9536 9533 9550 9590 9584 9569 9559 9562 9568 9573 9577 9580
9575 9568 9561 9557 9553 9553 9552 9553 9551 9550 9549 9549 9547 9548 9551 9552 9555 9555 9551 9548 9548 9553 9551 9548 9543 9540 9540 9536 9532 9528 9526 9529 9530 9531 9528 9530 9537 9545 9555 9565 9573 9581 9589 9592 9588 9582 9575 9565 9555 9542 9532 9536 9542 9548 9565 9572 9592 9582 9570 9561 9551 9544 9547 9544 9550 9552 9555 9561 9546 9525 9508 9523 9584 9583 9571 9560 9566 9571 9574 9577 9581
