real_craters/C200-500m.grd
DSAA
417 417
-104.125 104.125
-104.125 104.125
3456.1122693031 6946.0613758031
[rows 180 to 209 of 417, columns 335 to 401 of 417]
4837.56 4828.69 4813.93 4803.15 4800.01 4798.17 4796.64 4795.15 4793.97 4792.77 4791.99 4790.83 4789.4 4789.4 4788.99 4788.62 4788.52 4788.59 4788.83 4789.4 4790.35 4791.69 4793.19 4798.97 4804.75 4811.17 4817.25 4819.65 4821.6 4823.33 4825.23 4826.93 4828.33 4829.99 4832.37 4835.85 4838.61 4837.25 4832.49 4827.98 4823.37 4818.52 4811.15 4802.35 4790.62 4780.94 4776.45 4777.41 4775.78 4773.34 4772.75 4772.77 4772.9 4772.19 4774.06 4777.1 4778.8 4779.66 4780.52 4781.17 4781.89 4781.37 4778.38 4780.19 4777.73 4778.21 4784.27
4826.65 4818.84 4809.55 4801.76 4798.22 4796.14 4794.92 4794.01 4793.39 4793.12 4792.82 4792.22 4790.64 4790.82 4790.39 4790.18 4789.89 4789.96 4790.11 4790.49 4791.3 4792.39 4794.29 4797.03 4801.39 4807.71 4812.22 4814.65 4816.34 4818.13 4819.92 4821.5 4822.67 4824.35 4827.17 4828.91 4829.23 4826.43 4823.95 4821.42 4818.01 4813.5 4806.88 4795.83 4783.14 4772.63 4772.72 4773.86 4773.51 4772.36 4771.19 4770.66 4770.47 4770.69 4772.24 4773.5 4774.39 4774.81 4774.83 4774.53 4773.35 4771.09 4770.06 4770.66 4770.74 4770.8 4770.64
4823.1 4815.76 4808.02 4801.22 4797.05 4794.97 4793.56 4793.06 4792.74 4792.7 4792.32 4791.6 4791.13 4791.45 4790.97 4790.81 4790.81 4790.91 4791.41 4791.93 4792.83 4794 4795.91 4798.85 4802.61 4805.68 4808 4809.16 4810.49 4812.06 4813.97 4815.38 4815.78 4817.01 4817.7 4818.8 4820.99 4819.57 4816.77 4814.12 4811.14 4806.97 4800.3 4790.6 4779.2 4771.04 4770.29 4772.9 4773.53 4770.01 4768.59 4768.67 4769.55 4771.12 4770.68 4770.56 4771.07 4771.23 4769.98 4768.7 4766.81 4764.4 4762.99 4764.81 4767.68 4770.25 4768.4
4826.63 4816.71 4808.59 4803.09 4797.22 4794.78 4793.23 4792.57 4792.78 4792.37 4792.66 4791.95 4791.51 4791.37 4791.99 4792.01 4792 4792.23 4792.77 4793.51 4794.22 4795.33 4797.12 4800.39 4803.8 4804.43 4803.67 4803.8 4804.58 4805.08 4805.64 4806.36 4807.59 4809.17 4808.89 4807.27 4808.75 4811.56 4808.47 4806.31 4804.24 4801.87 4796.14 4787.02 4777.68 4770.38 4768.18 4767.01 4763.65 4765.5 4766.1 4766.87 4767.3 4768.87 4767.53 4767.22 4766.8 4765.85 4764.95 4763.67 4761.9 4759.78 4758.46 4760.84 4764.35 4766.94 4767.02
4827.58 4817.44 4808.5 4801.79 4796.87 4794.43 4793.36 4792.56 4792.01 4791.82 4791.81 4791.71 4791.95 4792.55 4792.81 4793.07 4793.11 4793.49 4794.37 4794.94 4795.5 4796.55 4797.99 4801.15 4804.71 4803.81 4801.37 4800.08 4799.82 4798.89 4796.14 4793.61 4799.44 4801.88 4797.13 4782.85 4784.59 4799.08 4797.96 4798.6 4796.51 4795.26 4790.66 4784.22 4778.3 4771.23 4766.21 4762.46 4759.92 4761.65 4763.7 4764.81 4764.68 4766.34 4764.68 4763.9 4763.03 4762.01 4761.04 4759.65 4758.18 4756.63 4756.44 4757.44 4760.3 4763.7 4765.32
4828.12 4816.94 4807.54 4800.09 4795.9 4794.26 4793.01 4792.55 4792.36 4791.82 4791.45 4792.09 4792.59 4792.77 4792.98 4793.25 4793.57 4793.96 4794.34 4795.1 4796.04 4797.4 4799.15 4801.78 4804.71 4803.14 4800.06 4797.91 4796.93 4795.52 4793.59 4793.73 4795.54 4796.65 4794.3 4776.78 4773.11 4785.96 4794.16 4794.66 4789.67 4777.24 4778.02 4779.22 4778.9 4770.83 4765.32 4761.49 4758.78 4760.55 4763.24 4765.04 4764.51 4762.45 4762.97 4762.04 4761.37 4760.36 4758.95 4757.32 4755.84 4754.41 4752.97 4754.35 4756.33 4757.96 4761.44
4824.68 4815.21 4806.47 4799.18 4795.68 4794.66 4794.28 4794.06 4793.69 4792.83 4792.97 4792.9 4793.22 4793.81 4794.4 4794.46 4794.75 4795.12 4795.58 4795.55 4796.74 4798.3 4800.17 4802.14 4803.55 4801.79 4799.07 4796.7 4795.4 4794.53 4793.69 4792.88 4793.51 4793.28 4790.67 4781.54 4780.42 4792.6 4797.63 4795.39 4791.29 4785.26 4779.23 4773.91 4767.2 4765.58 4762.92 4761.2 4759.68 4760.83 4763.74 4766.78 4768.19 4765.51 4762.14 4761.6 4761.44 4761.06 4759.97 4758.35 4756.43 4754.5 4753.63 4753.14 4752.91 4752.39 4753.3
4821.64 4813.62 4806.75 4799.82 4797.43 4797.13 4796.96 4796.52 4795.49 4793.88 4793.45 4794.07 4794.46 4794.64 4794.77 4795.11 4795.87 4796.12 4796.41 4797.18 4797.84 4799.07 4801.36 4803.82 4801.73 4799.93 4797.4 4794.88 4793.64 4794.01 4794.27 4793.83 4792.64 4790.61 4783.34 4786.11 4793.9 4796.4 4797.56 4795.04 4793.01 4794.05 4783.02 4773.82 4762.18 4762.61 4762.11 4761.54 4760.26 4761.45 4764.24 4768.12 4772.38 4763.78 4761.79 4763.71 4765.68 4766.49 4765.4 4763.01 4758.71 4755.35 4752.13 4750.46 4749.88 4748.82 4747.51
4816.96 4812.39 4807.53 4805.4 4803.24 4801.66 4801.17 4800.08 4798.39 4796.12 4795.04 4795.47 4796.04 4796.19 4797.28 4799.03 4799.3 4799.53 4799.6 4799.33 4799.19 4799.19 4799.65 4800.4 4801.44 4801.01 4796.85 4790.07 4792.81 4793.66 4795.14 4798.02 4790.56 4781.82 4777.59 4782.2 4786.23 4787.36 4788.25 4789.69 4788.14 4782.75 4779.86 4775.58 4774.47 4765.83 4763.87 4762.19 4762.24 4763.5 4763.52 4766.05 4769.94 4764.84 4764.35 4769.09 4773.68 4773.34 4771.67 4766.56 4761.48 4755.75 4750.04 4746.43 4746.58 4745.35 4744.49
4815.64 4813.35 4812.69 4809.76 4807.76 4807.91 4807.48 4804.77 4801.46 4799.65 4797.28 4795.41 4796.41 4797.01 4799.47 4799.88 4801.93 4801.36 4801.12 4800.68 4799.81 4798.39 4796.55 4797.55 4799.6 4802.23 4800.11 4801.44 4794.9 4792.45 4791.41 4790.75 4782.42 4770.27 4776.06 4780.53 4776.34 4785.12 4788.4 4787.69 4782.54 4777.67 4775.21 4772.26 4768.54 4765.82 4763.15 4762.06 4761.8 4761.31 4760.69 4760.55 4759.92 4760.64 4767.79 4779.18 4785.9 4784.36 4780.1 4772.26 4764.71 4756.81 4749.56 4744.47 4743.92 4742.69 4742.67
4823.81 4819.61 4819.56 4819.04 4816.42 4820.58 4817.75 4811.75 4804.47 4797.15 4795.88 4796.13 4795.54 4795.88 4793.9 4794.99 4797.72 4803.42 4803.27 4803.74 4802.37 4799.8 4795.18 4788.45 4797.18 4804.8 4799.82 4796.06 4793.03 4790.1 4786.4 4779.92 4777.49 4785.06 4793.22 4792.44 4796.02 4795.76 4795.62 4789.18 4780.55 4773.83 4771.39 4768.38 4765.87 4764.23 4761.84 4760.53 4759.72 4760.52 4758.61 4759.32 4761.1 4766.27 4779.33 4797.58 4802.91 4798.85 4789.72 4779.55 4768.34 4758.76 4750.76 4745.69 4743.12 4742.3 4743.47
4839.31 4832.09 4833.68 4838.61 4843.09 4842.11 4830.55 4819.59 4809.12 4801.11 4798.85 4798.5 4798.82 4797.93 4794.17 4794.69 4796.29 4806.67 4806.59 4805.19 4804.52 4803.17 4801.06 4798.34 4799.4 4797.23 4796.27 4792.71 4791.19 4789.95 4786.27 4781.01 4785.92 4805.31 4807.59 4803 4800.42 4796.96 4793.81 4787.86 4782.38 4776.29 4770.4 4765.74 4763.45 4762.24 4760.51 4759.16 4757.06 4755.8 4757.69 4764.44 4779 4796.92 4816.43 4831.47 4826.46 4813.69 4799.22 4785.18 4771.49 4759.38 4750.03 4742.87 4742.91 4742.52 4743.31
4849.97 4840.17 4844.56 4860.93 4887.41 4861.88 4841.64 4826.62 4814.87 4806.77 4803.9 4802.91 4801.06 4798.86 4799.98 4799.64 4804.78 4804.28 4810.33 4810.31 4809.99 4809.86 4810.05 4811.94 4806.57 4796.27 4798.59 4799.51 4797.87 4792.89 4791.03 4793.35 4803.35 4813.35 4813.39 4807.25 4798.38 4791.67 4787.19 4782.82 4778.5 4774.37 4769.46 4766.47 4762.43 4761.3 4760.54 4758.83 4756.65 4754.33 4757.46 4766.21 4797.39 4852.2 4894.11 4876.88 4848.8 4825 4804.91 4788.03 4772.98 4760.15 4749.15 4741.98 4741.73 4742.01 4742.97
4850.1 4845.74 4849.81 4860.35 4866.25 4854.89 4840.04 4828.49 4819.88 4813.31 4809.54 4806.35 4803.4 4803.42 4805.76 4809.62 4810.84 4811.67 4812.69 4813.1 4814.22 4815.31 4816.9 4818.23 4815.54 4811.35 4804.07 4800.34 4796.09 4794.45 4794.92 4799.14 4808.05 4818.71 4815.34 4809.8 4801.95 4793.98 4787.09 4784.86 4780 4774.19 4768.25 4764.1 4762.72 4763.31 4762.26 4760.25 4760.22 4763.17 4759.57 4760.65 4799.05 4878.77 4950.26 4893.21 4852.2 4824.38 4803.2 4786.02 4770.82 4757.71 4746.23 4737.08 4736.5 4737.66 4738.98
4848.05 4845.76 4846.04 4844.79 4837.05 4833.97 4831.14 4827.07 4823.2 4819.25 4813.42 4810.24 4806.73 4806.02 4808.19 4812.45 4811.79 4811.64 4812.59 4813.86 4815.22 4817.39 4820.35 4823.89 4821.62 4812.42 4806.31 4799.2 4794.43 4796.52 4797.41 4797.95 4797.82 4806.97 4812.53 4812.77 4810.72 4804.82 4794.93 4791.08 4785.94 4777.81 4771.82 4771.89 4769.23 4769.93 4768.92 4764.75 4764.39 4767.19 4760.94 4756.71 4784.38 4831.57 4858.9 4846.04 4828.27 4810.61 4794.37 4779.75 4766.38 4754.11 4742.87 4733.26 4731.96 4731.99 4732.06
4850.12 4845.65 4841.19 4834.66 4825.4 4822.71 4823.83 4823.92 4823.36 4820.89 4815.17 4811.07 4810.02 4811.32 4810.88 4810.51 4810.17 4810.71 4812.21 4813.87 4815.76 4818.32 4820.94 4824.09 4824.07 4817.68 4812.05 4807 4804.12 4804.08 4803.24 4799.27 4791.71 4798.21 4812.29 4819.48 4820.54 4814.6 4803.29 4799.35 4793.73 4787.6 4780.52 4780 4782.06 4784.47 4782.16 4774.27 4768.7 4762.27 4758.12 4759.58 4767.98 4776.81 4768.43 4786.84 4794.64 4790.55 4781.74 4770.87 4760.04 4749.26 4739.78 4731.22 4730.72 4730.76 4729.09
4852.68 4846.87 4839.15 4830.95 4823.46 4819.64 4819.78 4820.6 4820.77 4819.37 4816.27 4815.36 4813.35 4812.24 4811.48 4810.46 4810.47 4810.64 4811.28 4812.58 4815.51 4817.83 4819.75 4818.75 4813.14 4818.41 4818.76 4819.51 4815.35 4816.53 4814.09 4810.04 4807.4 4810.37 4824.59 4833.43 4835.98 4829.59 4817.23 4813.5 4810.71 4811.12 4799.53 4789.99 4808.76 4811.56 4803.01 4787.62 4775.19 4764.77 4758.59 4756.95 4755.59 4753.98 4749.99 4761.78 4771.98 4772.49 4768.48 4761.27 4753.05 4744.91 4736.9 4728.66 4728.15 4727.8 4728.37
4855.1 4847.76 4838.93 4830.09 4822.45 4818.49 4817.29 4818.01 4818.31 4817.66 4816.07 4814.1 4812.36 4810.84 4809.95 4809.48 4808.74 4809.13 4810.72 4811.77 4813.43 4815.75 4819.24 4825.08 4834.2 4836.56 4839.6 4838.19 4838.48 4834.05 4831.11 4829.01 4826.11 4836.82 4847.34 4852.93 4855.66 4856.76 4832.74 4823.52 4833.87 4856.34 4868.53 4864.79 4863.42 4849.49 4822.54 4801.61 4781.56 4762.85 4749.22 4745.63 4746.62 4748.02 4755.96 4759.75 4758.37 4758.33 4757.38 4751.35 4746.08 4739.55 4731.12 4727.34 4727.4 4727.71 4727.56
4855.76 4848.31 4837.87 4828.18 4820.67 4815.55 4814.37 4815.45 4817.45 4816.94 4814.8 4813.3 4811.57 4810.61 4808.94 4808.06 4807.41 4806.99 4807.14 4807.55 4809.65 4811.73 4816.19 4825.2 4838.09 4848.18 4856.07 4851.7 4848.5 4847.66 4849.49 4853.79 4862.89 4876.34 4875.4 4870.99 4867.41 4863.93 4838.61 4826.9 4854.71 4911.67 4970.37 4973.22 4930.11 4888.27 4844.4 4814.13 4787.57 4764.69 4748.83 4743.1 4741.42 4741.91 4745.03 4745.21 4747.71 4748.35 4748.15 4745.15 4741.83 4737.11 4729.94 4727.1 4727.15 4727.69 4727.57
4852.78 4845.32 4835.58 4825.97 4817.54 4811.46 4810.84 4812.1 4814.53 4814.79 4813.54 4812.17 4810.44 4808.44 4807.02 4806.67 4805.31 4804.13 4803.86 4803.66 4804.36 4805.62 4808.67 4813.69 4820.23 4838.96 4856.05 4855.54 4853.5 4857.07 4865.13 4875.91 4890.38 4911.61 4897.92 4881.26 4865.72 4850.19 4829.6 4819.45 4860.13 4942.75 5053.63 5042.08 4967.62 4909.09 4855.61 4820.31 4790.87 4766.5 4746.81 4741.47 4738 4735.31 4732.46 4732.22 4737.72 4741.66 4744.25 4743.63 4742.21 4738.75 4731.15 4727.13 4726.71 4730.74 4731.3
4848.6 4841.71 4832.65 4823.85 4815.28 4808.51 4807.98 4809.36 4811.53 4812.8 4812.47 4810.65 4809.14 4807.11 4805.24 4802.49 4800.68 4798.54 4798.2 4797.2 4796.82 4798.45 4799.05 4800.25 4803.06 4824.05 4844.98 4852.44 4856.77 4864.07 4875.4 4890.35 4903.3 4926.09 4907.18 4882.45 4857.64 4831.5 4814.44 4813.11 4845.13 4907.83 4982.71 4998.87 4950.3 4900.59 4853.05 4819.45 4790.39 4766.26 4749.5 4740.98 4735.6 4731.89 4730.75 4731.44 4734.12 4739.23 4745.02 4746.14 4748.32 4742.92 4738.6 4733.24 4742.02 4740.4 4739.68
4845.25 4837.61 4830.74 4822.73 4814.63 4808.81 4807.32 4808.51 4809.71 4811.76 4812.34 4808.24 4806.2 4805.08 4802.85 4799.91 4797.86 4795.76 4793.53 4790.58 4789.4 4789.32 4789.17 4791.72 4798.69 4814.81 4834.03 4844.97 4854.15 4864.6 4878.44 4895.49 4909.58 4921.85 4901.61 4875.45 4848.5 4823.26 4809.11 4810.58 4822.88 4844.13 4854.47 4895.86 4896.49 4872.31 4838.57 4811.41 4786.46 4764.77 4746.36 4739.33 4734.12 4730.16 4728.2 4727.08 4732.18 4740.28 4749.56 4754.62 4760.18 4755.32 4751.83 4747.72 4747.45 4748.28 4747.5
4844.07 4837.23 4830.08 4823.1 4815.64 4809.89 4807.94 4810.22 4811.87 4812.18 4811.75 4806.37 4803.9 4801.2 4798.77 4795.85 4793.95 4790.96 4787.98 4785.64 4783.84 4783.36 4782.99 4784.75 4789.85 4803.91 4821.67 4834.85 4845.24 4857.46 4871.52 4887.37 4897.92 4901.68 4885.84 4864.54 4841.35 4819.51 4806.59 4806.35 4811.53 4811.56 4816.92 4839.01 4846.64 4838.54 4820.19 4800.05 4778.04 4760.58 4747.58 4738.69 4732.32 4725.45 4725.28 4725.41 4734.45 4745.13 4758.75 4771.88 4785.19 4784.23 4775.97 4762.3 4760.3 4768.55 4762.04
4844.71 4836.11 4832.83 4825.79 4818.25 4809.79 4809.02 4813.51 4815.3 4814.87 4813.91 4809.36 4807.17 4804.21 4801.43 4797.44 4794.61 4791.51 4788.53 4785.2 4782.26 4778.93 4777.32 4777.04 4779.57 4792.15 4811.29 4823.6 4829.73 4838.23 4858.23 4878.47 4884.39 4877.4 4868.73 4853.63 4835.05 4817.2 4806.66 4809.76 4803.5 4799.31 4800.1 4809.94 4814.26 4810.06 4800.16 4785.11 4769.15 4753.99 4741.24 4736.82 4732.62 4722.54 4722.81 4725.5 4736.58 4748.08 4769.17 4789.37 4807.97 4819.4 4825.5 4836.8 4834.09 4821.96 4806.52
4846.12 4846.9 4835.45 4829.77 4825.14 4818.7 4817.45 4820.67 4819.42 4816.8 4815.49 4810.81 4807.92 4805.07 4802.21 4798.96 4795.78 4792.31 4788.6 4783.53 4779.53 4774.36 4772 4770.25 4769.7 4779.52 4799.21 4811.42 4814.85 4821.17 4843.6 4865.62 4872.6 4866.58 4858.69 4845.68 4830.16 4816.38 4808.43 4807.5 4803.16 4798.09 4795.49 4792.86 4792.42 4790.5 4781.96 4771.16 4759.88 4748.04 4739.6 4736.01 4732.71 4719.78 4719.8 4722.73 4735.93 4756.32 4782.81 4814.74 4847.65 4875.17 4895.18 4930.28 4959.38 4939.79 4905.58
4842.66 4832.13 4833.86 4834.1 4834.85 4841.17 4843.55 4827.22 4821.9 4818.32 4816.36 4810.94 4807.72 4804.56 4801.1 4797.49 4793.74 4789.91 4785.46 4779.98 4775.49 4770.73 4768.05 4765.28 4763.87 4770.58 4787.19 4798.54 4803.25 4813.43 4829.96 4851.71 4865.59 4863.94 4853.87 4839.74 4825.8 4813.81 4805.45 4806.28 4804.28 4798.55 4794.59 4787.16 4781.31 4774.36 4767.78 4759.57 4750.98 4742.73 4737.24 4736.08 4732.22 4716.33 4713.55 4719.61 4737.52 4762.99 4799.46 4843.31 4891.28 4947.88 5005.76 5055.02 5086.34 5081.73 5055.19
4841.19 4842 4838.59 4836.45 4837.14 4841.16 4836.48 4823.17 4821.7 4819.04 4816.86 4811.28 4806.89 4802.65 4798.61 4793.78 4789.65 4784.29 4779.89 4775.43 4771 4767.51 4765.84 4763.36 4762.71 4768.01 4777.1 4784.77 4791.81 4797.99 4816.15 4840.24 4853.16 4854.08 4845.34 4831.52 4819.3 4808.81 4800.61 4797.43 4790.65 4791.62 4790.16 4783.57 4776.51 4769.81 4762.88 4755.56 4747.76 4740.28 4735.28 4733.45 4730.09 4712.83 4710.07 4717.16 4733.89 4765.17 4807.5 4862.88 4929.52 5015.51 5112.74 5215.61 5254.4 5247.22 5149.41
4836.53 4836.35 4837.42 4835.02 4831.82 4826.97 4819.23 4820.79 4823.56 4820.27 4817.23 4810.37 4804.96 4800.35 4794.96 4790.73 4783.61 4779.87 4776.34 4771.72 4769.49 4768.63 4764.71 4762.89 4762.13 4766.7 4772.69 4778.89 4786 4792.85 4808.92 4828.41 4835.95 4834.48 4827.58 4818.79 4810.59 4802.68 4795.01 4785.35 4783.05 4786.98 4783.97 4778.94 4772.41 4765.63 4759.05 4752.28 4745.06 4738.9 4733.69 4729.15 4727.76 4712.74 4708.83 4716.46 4730.73 4763.5 4808.38 4865.86 4942.58 5047.79 5193.31 5363.33 5326.25 5225.34 5124.31
4827.73 4836.61 4836.67 4828.27 4825.21 4824.27 4825.49 4835.31 4829.25 4824.41 4815.99 4810.76 4803.36 4795.19 4791.74 4787.23 4783.39 4779.26 4774.09 4774.12 4770.69 4767.16 4764.73 4758.36 4761.89 4765.05 4771.84 4777.9 4785.36 4794.08 4804.9 4816.32 4817.14 4812.17 4806.38 4804.94 4800.25 4795.28 4790.8 4784.54 4783.4 4781.01 4777.67 4774.74 4768.96 4762.93 4755.72 4749.27 4743.25 4737.67 4732.88 4729.29 4727.1 4714.86 4709.36 4712.38 4727.03 4757.71 4799.72 4852.48 4919.69 5009.61 5142.13 5287.75 5234.3 5130.13 4996.3
4813.9 4814.16 4813.57 4813.6 4816.81 4821.14 4828.44 4835.74 4828.53 4821.7 4812.1 4806.35 4798.74 4793.45 4789.01 4784.92 4784.76 4780.18 4776.36 4772.61 4769.28 4766.84 4763.27 4757.91 4761.79 4766.67 4773.28 4780.94 4783.22 4786.97 4788.92 4796.15 4797.25 4796.49 4796.14 4792.65 4789.54 4785.72 4780.32 4772.91 4770.71 4774.78 4771.54 4768.85 4764.05 4759.05 4753.15 4746.57 4741.18 4736.25 4732.01 4728.64 4726.49 4719.2 4713.46 4712.97 4724.88 4749.08 4783.57 4824.2 4868.35 4915.66 4978.03 5071.61 5055.01 4968.69 4891.67
