real_craters/C200-300m.grd
DSAA
695 695
-104.125 104.125
-104.125 104.125
3455.2674006013 6946.1411958368
[rows 270 to 299 of 695, columns 134 to 200 of 695]
5324.1 5317.73 5309.82 5298.34 5291.08 5287.11 5287.74 5293.82 5299.05 5301.68 5301.75 5300.51 5299.43 5298.42 5297.65 5297.02 5296.79 5297.34 5296.4 5297.93 5298.82 5299.39 5300.27 5299.88 5300.07 5302.2 5300.8 5299.6 5294.25 5292.83 5291.19 5289.28 5287.04 5291.05 5287.76 5284.17 5279.35 5273.41 5266.89 5259.8 5254.43 5252.52 5250.3 5248.11 5245.06 5241.11 5236.5 5231.79 5227.33 5224.16 5221.88 5220.2 5219.18 5219.81 5223.2 5229.32 5235.98 5242.29 5250.98 5261.88 5273.83 5286.7 5299.22 5309.78 5316.48 5317.56 5318.23
5302.76 5298.36 5294.35 5290.91 5286.14 5279.86 5278.24 5280.99 5284.49 5286.47 5287.18 5287.57 5288.21 5288.06 5287.9 5287.63 5288.72 5288.85 5289.9 5290.74 5291.96 5294.38 5296.63 5297.37 5297.8 5300.27 5299.39 5298.66 5292.61 5291.6 5290.33 5288.78 5286.91 5292.21 5289.3 5285.99 5280.75 5275.09 5268.37 5261.29 5255.49 5254.62 5253.77 5251.14 5247.86 5243.45 5238.29 5232.86 5227.48 5222.73 5218.2 5214.04 5213.75 5216.88 5222.89 5230.95 5238.55 5245.52 5254.67 5265.75 5278.82 5292.13 5305.88 5318.75 5329.37 5332.38 5331.63
5281.91 5282.49 5282.02 5282.11 5279.85 5274.05 5271.34 5269.84 5269.1 5269.71 5273.03 5275.22 5277.05 5278.06 5278.53 5278.54 5279.38 5279.74 5281.83 5283.49 5286.58 5289.98 5292.71 5294.43 5296.13 5296.77 5298.58 5298.01 5297.38 5290.78 5289.94 5288.84 5287.44 5294 5291.69 5288.88 5284.74 5279.88 5273.66 5266.54 5259.85 5260.31 5260.03 5256.56 5252.14 5246.71 5240.74 5234.32 5227.85 5221.62 5215.81 5210.48 5209.45 5213.24 5219.45 5228.22 5237.14 5246.24 5257.47 5269.85 5283.66 5297.9 5312.9 5328.86 5346.07 5361.43 5359.72
5270.77 5270.49 5270.42 5270.75 5270.19 5265.03 5261.66 5259.78 5257.86 5257.87 5261.26 5264.46 5267.02 5268.94 5270.12 5270.47 5270.52 5269.66 5271.98 5277.19 5282.41 5286.61 5289.61 5292.56 5295.16 5296.17 5297.33 5296.8 5296.56 5296.97 5289.61 5288.99 5288.14 5295.87 5294.38 5292.67 5290.23 5286.76 5282.63 5277.57 5272.14 5272.21 5270.11 5264.02 5257.8 5250.85 5243.77 5236.32 5228.97 5221.72 5215.29 5209.98 5208.29 5210.64 5215.26 5220.16 5231.92 5245.97 5259.67 5273.45 5287.16 5301.83 5317.4 5334.62 5354.57 5376.84 5379.38
5267.32 5261.84 5258.86 5257.12 5255.58 5253.53 5252.29 5251.86 5249.73 5248.46 5252.13 5255.35 5258.58 5261.52 5263.72 5264.91 5265.19 5263.05 5266.39 5274.08 5280.09 5285.08 5288.6 5292.03 5294.02 5295.84 5297.36 5297.77 5297.05 5298.01 5289.64 5289.54 5289.29 5298.45 5297.85 5297.06 5296.02 5295.17 5294.12 5293.18 5292.58 5289.91 5283.07 5273.28 5264.67 5256.26 5247.76 5239.34 5231.27 5223.32 5216.39 5210.23 5207.23 5210.14 5214.57 5219.48 5231.97 5246.97 5260.86 5274.75 5288.78 5303.24 5317.93 5333.3 5350.16 5365.7 5377.99
5262.02 5253.32 5247.86 5243.32 5239.11 5242.11 5247.79 5245.84 5243.43 5244.54 5245.01 5247.52 5251.24 5255.51 5259.2 5262.14 5264.56 5265.77 5269.37 5274.92 5280.48 5285.73 5289 5292.04 5294.31 5296.08 5297.3 5298.45 5298.09 5299.06 5298.85 5290.19 5290.56 5300.6 5300.89 5301.14 5301.52 5302.7 5304.36 5307.55 5313.65 5308.63 5295.29 5281.99 5271.48 5261.65 5252.18 5242.98 5234.29 5226 5218.89 5212.7 5209.88 5213.36 5219.09 5225.44 5237.1 5250.41 5263.36 5276.4 5289.54 5303.48 5316.39 5328.6 5340 5352.04 5366.88
5252.25 5243.94 5237.76 5232.51 5229.28 5231.52 5235.5 5236.12 5234.94 5235.37 5236.98 5240.58 5245.35 5251.05 5256.63 5261.98 5267.1 5271.21 5275.21 5278.85 5282.93 5286.75 5290.01 5292.85 5295.07 5296.47 5297.83 5299.51 5300.05 5300.12 5300.36 5300.4 5292.55 5293.54 5303.96 5305.04 5306.09 5308.59 5311.02 5315.12 5321.65 5315.99 5301.36 5288.09 5277.31 5267.06 5257.03 5247.29 5238.06 5229.69 5222.8 5217.4 5214.26 5220.17 5228.03 5236.02 5244.88 5255.59 5266.93 5278.5 5290.43 5302.96 5314.36 5324.28 5331.27 5339.37 5356.34
5240.85 5234.27 5228.63 5224.06 5221.35 5221.81 5224.45 5225.7 5225.25 5224.88 5228.22 5233.98 5240.57 5247.84 5255.41 5263.41 5272.12 5276.33 5281.08 5283.77 5286.34 5289.33 5291.74 5294.07 5295.95 5298.1 5299.39 5300.75 5301.52 5302.09 5302.15 5302.59 5303.05 5296.54 5306.1 5307.79 5309.34 5312.34 5314.32 5315.01 5313.36 5306.76 5300.86 5292.02 5282.51 5272.49 5262.17 5252.03 5242.47 5234.06 5227.78 5223.84 5224.01 5230.26 5239.26 5247.3 5253.56 5260.95 5269.7 5279.38 5290.02 5301.14 5312.25 5322.78 5331.3 5338.86 5348.22
5230.46 5225.34 5221.04 5217.34 5214.47 5214.09 5216.33 5217.59 5217.73 5217.17 5221.4 5228.98 5236.9 5245.51 5254.53 5264.51 5277.14 5291.55 5287.96 5287.97 5289.79 5292 5294.25 5296.11 5298.26 5300.24 5301.97 5302.75 5303.2 5303.93 5304.57 5305.22 5305.93 5306.79 5307.67 5309.84 5312.52 5315.83 5316.75 5314.75 5308.71 5301.6 5301.04 5295.96 5287.96 5277.99 5267.27 5256.25 5246.31 5237.75 5231.61 5228.74 5232.28 5238.05 5248.73 5257.2 5260.02 5263.82 5270.15 5278.08 5287.44 5297.81 5309.7 5321.32 5333.65 5341.94 5344.29
5221.35 5217.55 5214.92 5212.93 5211.89 5211.85 5212.92 5213.84 5213.99 5214.85 5219.12 5226.21 5234.43 5243.66 5253.27 5263.86 5274.14 5281.86 5287.61 5289.68 5292.04 5294.36 5296.82 5298.87 5301.05 5302.54 5304.19 5305.2 5305.09 5305.85 5306.57 5307.04 5307.94 5309.03 5317.57 5313.24 5316.2 5319.06 5320.36 5319.26 5315.08 5308.89 5308.25 5303.99 5294.15 5283.08 5271.23 5259.88 5249.46 5240.44 5233.39 5229.14 5228.26 5235.11 5250.24 5259.19 5260.83 5263.94 5268.5 5275.22 5283.7 5293.52 5304.53 5316.69 5327.41 5336.77 5343.55
5212.54 5210.82 5210.08 5210.09 5211.44 5212.16 5211.94 5212.5 5212.31 5214.31 5218.96 5224.55 5232.98 5242.55 5252.35 5261.65 5270.54 5277.86 5285.75 5290.27 5294.07 5297.2 5299.92 5301.95 5303.65 5305.05 5305.91 5306.84 5306.97 5307.4 5308.14 5308.94 5309.49 5310.73 5320.12 5321.84 5319.24 5322.15 5325.04 5326.95 5328.37 5325.82 5322.75 5314.53 5301.13 5287.72 5274.65 5262.52 5251.6 5242.05 5233.95 5227.86 5223.62 5227.56 5242.12 5251.89 5256.1 5260.19 5265.12 5271.15 5278.67 5287.63 5298.2 5309.83 5319.68 5328.72 5338.06
5204.56 5205.19 5206.31 5207.81 5210.4 5211.91 5211.16 5210.83 5210.89 5211.8 5214.72 5222.8 5232.41 5242.75 5252.96 5262.39 5270.69 5278.35 5286.42 5292 5296.32 5300.17 5302.65 5304.84 5306.06 5306.94 5308.26 5308.35 5309.02 5309.22 5309.42 5310.16 5311.06 5311.64 5313.24 5315.33 5325.76 5324.95 5329.82 5335.72 5343.94 5348.15 5341.37 5325.26 5306.62 5290.57 5276.28 5263.66 5252.55 5242.86 5234.53 5227.65 5221.82 5221.44 5229.79 5240.92 5249.08 5254.42 5258.82 5263.6 5269.63 5277.23 5287 5299.97 5312.6 5315.88 5317.71
5198.13 5200.89 5203.74 5206.54 5209.18 5210.24 5210.68 5210.64 5210.88 5211.23 5213.66 5222.57 5233.34 5244.62 5255.56 5265.56 5274.44 5282.47 5289.85 5295.31 5299.79 5303.21 5305.46 5307.03 5308.35 5309.18 5309.92 5310.4 5311.3 5310.62 5310.39 5310.98 5311.76 5312.78 5313.31 5315.32 5325.6 5325.2 5330.98 5339.02 5352.87 5369.93 5356.64 5329.49 5307.41 5290.28 5275.92 5263.62 5252.87 5243.54 5235.7 5229.45 5224.73 5223.56 5228.26 5237.24 5244.1 5248.47 5251.81 5255.04 5258.89 5263.8 5270.7 5281.17 5294.51 5293.94 5293.8
5194.28 5198.73 5202.94 5206.45 5209.57 5210.95 5212.36 5213.52 5213.46 5213.68 5216.33 5224.64 5236.09 5248.18 5260.2 5271.95 5281.65 5289.27 5295.74 5299.95 5304.11 5306.84 5308.62 5309.76 5310.81 5311.79 5312.62 5312.5 5312.42 5310.89 5310.46 5310.87 5310.85 5311.61 5311.85 5313.43 5315.39 5321.62 5326.47 5333.36 5342.93 5352.22 5339.82 5318.07 5300.09 5285.17 5272.53 5261.52 5251.91 5243.6 5236.62 5231.86 5229.38 5232.23 5237.64 5239.92 5241.42 5242.82 5243.94 5245.02 5245.94 5247.19 5248.59 5250.15 5254.67 5261.6 5268.64
5192.85 5198.8 5204.27 5208.85 5212.69 5215.42 5216.95 5217.58 5217.98 5218.58 5220.21 5228.78 5240.8 5253.26 5266.18 5279.72 5291.23 5297.73 5302.57 5305.74 5309.41 5311.58 5313.28 5314.09 5314.89 5315.35 5315.15 5315.18 5314.38 5312.97 5310.37 5310.45 5310.59 5310.05 5310.35 5311.03 5311.96 5319.43 5318.45 5320.01 5320.09 5315.67 5306.58 5296.78 5286.59 5276.54 5267.06 5258.15 5249.9 5242.67 5236.57 5232.67 5231.31 5236.85 5244.35 5240.31 5237.47 5236.12 5235 5233.63 5232.07 5230.01 5226.69 5221.39 5219.94 5228.16 5236.68
5193.69 5200.73 5207.3 5213.19 5218.2 5222.11 5224.3 5225.35 5225.91 5226.52 5227.67 5235.74 5247.37 5259.77 5272.87 5286.22 5300.13 5305.06 5309 5311.84 5315.37 5317.58 5319.09 5318.44 5318.67 5318.73 5317.95 5316.88 5315.63 5315.02 5311.98 5310.2 5309.74 5309.27 5308.77 5308.11 5307.41 5314 5308.29 5304.85 5298.63 5288.39 5278.38 5275.26 5271.3 5266.27 5260.17 5253.5 5246.76 5240.34 5234.79 5230.89 5228.27 5228.46 5233.43 5233.54 5231.14 5228.83 5226.21 5223.26 5219.7 5215.14 5209.4 5203.08 5200.38 5202.72 5205.52
5196.56 5204.01 5211.54 5218.65 5225.16 5230.64 5234.04 5235.96 5236.78 5236.14 5239.25 5245.94 5254.7 5266.23 5278.82 5291.35 5302.51 5309.77 5314.77 5317.87 5320.86 5322.52 5323.41 5323.95 5322.37 5321.94 5320.68 5319.81 5318.33 5316.27 5315.04 5311.52 5310.16 5308.81 5307.28 5305.46 5304.02 5308.2 5298.95 5292.06 5282.68 5268.6 5256.12 5258.84 5259.39 5258.01 5254.5 5249.57 5243.61 5237.82 5232.44 5228.07 5224.52 5221.44 5222.12 5225.09 5224.12 5221.71 5218.71 5214.63 5209.69 5204.01 5197.98 5192.9 5188.62 5186.82 5189.42
5201.12 5208.77 5216.78 5225.01 5232.64 5239.75 5243.6 5244.04 5243.26 5242.58 5246.66 5253.41 5260.61 5271.72 5284.34 5296.47 5307.51 5315.14 5320.03 5323.03 5325.33 5326.48 5326.66 5326.65 5325.54 5324.2 5323.06 5320.92 5319.46 5316.69 5315.02 5313.21 5310.15 5309.61 5307.11 5304.16 5300.57 5305.2 5293.74 5285.39 5274.41 5261.7 5250.73 5252.65 5254.91 5254.36 5251.84 5246.67 5241.43 5235.87 5230.43 5225.68 5222.18 5218.48 5217.32 5218.76 5217.92 5215.5 5212.05 5207.28 5201.44 5194.9 5188.78 5184.82 5180.6 5176.87 5177.36
5206.51 5214.01 5222.18 5230.88 5239.49 5247.79 5252.28 5248.94 5244.85 5243.41 5246.93 5254.19 5262.86 5275.75 5289.91 5302.54 5312.93 5320.73 5325.55 5328.34 5329.13 5329.61 5329.06 5328.34 5327.33 5325.17 5324.8 5321.72 5319.96 5318.06 5317.36 5315.12 5312.47 5309.73 5306.36 5302.22 5308.55 5303.42 5292.26 5284.44 5274.6 5263.83 5254.28 5255.16 5256.72 5255.63 5252.42 5247.93 5242.26 5236.33 5230.38 5224.86 5221.74 5217.78 5215.97 5215.35 5213.55 5210.78 5207.05 5202.05 5195.73 5188.5 5181.15 5174.53 5173.11 5173.17 5175.88
5212.14 5219.29 5227.31 5235.8 5244.53 5253.16 5258.04 5250.53 5242.72 5239.92 5241.77 5248.38 5261.69 5279.3 5296.88 5311.63 5322.08 5328.29 5331.97 5333.54 5334.37 5335 5333.11 5330.76 5329.35 5326.32 5324.59 5325.66 5322.72 5320.63 5318.08 5313.81 5311.21 5308.73 5304.37 5300.9 5307.03 5302 5293.1 5286.75 5279.84 5273.14 5266.96 5265.48 5263.92 5261.12 5256.69 5251.31 5244.63 5238.09 5231.49 5225.33 5221.18 5217.3 5215.93 5213.65 5211.11 5208.31 5204.86 5200.11 5193.71 5186.59 5177.32 5169.35 5170.27 5174.04 5178.13
5217.22 5223.97 5231.46 5239.49 5247.3 5254.38 5256.79 5249.27 5238.15 5236.6 5237.52 5238.41 5261.51 5284.36 5305.61 5324.85 5335.14 5337.33 5338.76 5339.29 5339.59 5339.19 5337.49 5337.3 5335.8 5334.08 5330.92 5328.81 5321.68 5319.38 5316.94 5316.15 5313.22 5308.16 5303.99 5300.62 5306.28 5302.16 5294.56 5291.87 5287.63 5285.07 5283.98 5280.57 5273.59 5268.33 5261.8 5255.28 5248.5 5241.36 5233.91 5226.78 5221.53 5217.37 5216.48 5213.93 5211.58 5209.88 5207.39 5203.5 5197.97 5189.19 5179.5 5170.98 5171.69 5175.14 5179
5221.02 5227.99 5234.91 5242.16 5248.8 5254.15 5255.29 5249.91 5241.79 5239.91 5242.71 5248.7 5269.16 5292.43 5314.07 5334.03 5343.27 5344.95 5346.1 5346.77 5346.89 5346.03 5343.71 5341.12 5335.72 5333.43 5331.1 5328.65 5326.08 5323.43 5318.78 5317.04 5314.22 5310.88 5304.81 5308.52 5305.87 5303.01 5298.71 5294.4 5293.11 5294.05 5297.8 5294.46 5282.45 5275.06 5267.47 5260.62 5253.65 5246.78 5238.29 5229.57 5222.33 5217.27 5215.2 5214.18 5213.51 5213.81 5212.86 5210.56 5206.64 5198.6 5187.79 5177.88 5177.26 5176.51 5177.62
5224.24 5230.02 5236.7 5243.2 5249.48 5254.71 5257.54 5254.2 5247.86 5248.15 5255.11 5265.38 5283.7 5303.01 5321.29 5335.74 5347.02 5349.32 5348.79 5348.74 5347.96 5345.5 5342.81 5340.1 5337.56 5335.22 5332.5 5330.23 5327.34 5324.37 5319.53 5316.48 5313.32 5308.26 5305.03 5310.35 5306.27 5302.31 5299.25 5293.48 5294 5294.81 5300.17 5298.49 5285.51 5278.16 5271.83 5266.24 5260.27 5253.05 5244.35 5233.71 5223.42 5216.71 5214.5 5215.5 5217.85 5220.57 5221.94 5221.8 5220.36 5215.45 5206.32 5195.35 5189.4 5182.44 5179.56
5227.18 5232.54 5237.89 5244.27 5250.23 5255.44 5259.1 5258.49 5256.37 5258.95 5267.77 5285.24 5299.99 5312.62 5328.17 5340.95 5349.96 5351.35 5350.94 5351.2 5350.19 5346.63 5343.84 5341.05 5337.79 5335.31 5332.44 5329.52 5324.9 5321.98 5319.01 5314.01 5311.06 5309.11 5300.53 5305.8 5302.67 5299.17 5297.44 5292.29 5290.02 5289.6 5288.84 5283.28 5279.42 5277.72 5274.91 5272 5268.64 5262.97 5254.17 5241.46 5226.16 5215.96 5214.79 5218.39 5224.86 5230.82 5234.36 5236.16 5236.66 5236.56 5237.08 5224.88 5206.73 5190.08 5183.24
5229.4 5234.22 5239.28 5244.79 5250.2 5254.99 5258.62 5259.63 5259.54 5262.63 5271.4 5288.79 5303.02 5314.3 5332.23 5350.35 5353.71 5352.32 5353.01 5353.83 5351.62 5348.29 5345.71 5343.14 5340.34 5337.06 5332.25 5329.33 5326.38 5321.14 5318.27 5315.36 5310.05 5307.27 5286.29 5297.03 5295.15 5291.94 5290.89 5285.75 5285.15 5282.35 5277.25 5270.58 5274.07 5277.07 5278.23 5278.9 5279.42 5277.1 5270.85 5258.11 5237.85 5224.45 5222.51 5227.26 5238.52 5244.78 5249.1 5251.42 5253.08 5254.17 5252.1 5243.36 5224.25 5202.19 5190.48
5231.07 5235.49 5240.16 5244.97 5249.6 5253.99 5257.67 5259.5 5257.94 5258.79 5265.41 5273.95 5285.32 5305.87 5327.89 5347.51 5351.91 5351.32 5353.4 5353.85 5351.29 5348.87 5346.33 5341.94 5339.19 5336.33 5330.77 5327.89 5324.5 5318.61 5315.9 5313.2 5310.48 5289.88 5286.99 5295.18 5293.18 5292.12 5289.29 5282.66 5281.82 5278.61 5274.66 5273.31 5274.68 5278.2 5282.14 5286.71 5291.85 5294.86 5294.94 5288.72 5270.94 5259.15 5254.44 5252.94 5260.82 5263.44 5264.09 5264.68 5265.86 5267.77 5269.98 5255.56 5239.86 5220.88 5200.02
5232.45 5237.03 5241.28 5245.44 5249.13 5252.59 5255.35 5256.99 5254.82 5253.57 5259.1 5264.09 5273.28 5295.96 5316.66 5333.54 5345.02 5347.72 5350.94 5351.48 5347.66 5345.67 5343.2 5340.61 5335.75 5332.94 5330.1 5323.99 5321.27 5318.58 5314.59 5312.03 5309.53 5292.87 5291.07 5292.35 5289.55 5286.11 5287.08 5281.13 5280.06 5277.51 5274.07 5278.24 5275.87 5279.13 5285.97 5294.89 5303.98 5313.18 5322.55 5331.64 5334.43 5322.61 5308.21 5296.83 5289.91 5281.54 5275.57 5272.68 5271.74 5270.56 5266.64 5256.78 5244.29 5231.47 5202.29
5234.2 5238.63 5242.52 5246.2 5248.96 5251.22 5252.54 5252.39 5252.44 5254.56 5258.01 5263.73 5273.71 5293.5 5309.38 5323.87 5339.51 5343.01 5349.35 5348.65 5345.85 5341.84 5339.49 5337.05 5331.19 5328.44 5325.71 5322.99 5319.05 5316.46 5313.92 5312.57 5301.48 5298.73 5292.32 5289.5 5283.29 5280.74 5284.45 5282.34 5279.18 5277.01 5270.49 5266.62 5267.32 5277.18 5288.88 5301.31 5313.87 5327.53 5343.94 5365.51 5393.93 5377.18 5355 5342.86 5313.2 5292.04 5278.99 5272.65 5270.83 5268.21 5257.15 5243.98 5230.16 5216.94 5188.38
5236.97 5241.05 5244.26 5247.5 5249.69 5251.23 5251.69 5250.48 5251.93 5253.76 5260.66 5270.17 5279.17 5304.14 5318.4 5329.21 5340.41 5341.4 5346.86 5344.12 5341.73 5337.07 5334.77 5332.46 5329.42 5325.25 5322.64 5320.08 5318.89 5316.37 5313.92 5307.77 5304.99 5302.58 5297.43 5295.19 5286.48 5284.68 5284.7 5284.19 5281.11 5278.67 5268.49 5257.6 5259.33 5276.89 5293.79 5308.03 5321.17 5335.15 5351.72 5370.91 5386.07 5378.35 5362.01 5348.94 5313.08 5286.74 5269.74 5261.09 5259.86 5265.31 5260.74 5223.54 5195.54 5184.16 5160.06
5241.7 5245.67 5248.81 5250.85 5252.23 5253.48 5253.88 5254.44 5255.51 5258.81 5266.06 5279.65 5304.76 5319.9 5349.18 5350.17 5343.55 5340.31 5343.75 5339.4 5337.59 5334.2 5332.31 5329.42 5326.88 5325.62 5323.15 5320.71 5318.33 5315.62 5316.97 5315.05 5313.25 5305.76 5304.09 5302.55 5295.07 5290.85 5291.83 5287.76 5285.35 5286.41 5276.28 5263.83 5263.7 5286.23 5303.65 5315.44 5324.85 5334.61 5346.04 5357.68 5363.89 5353.97 5335.93 5311.63 5287.96 5263.82 5246.07 5235.31 5231.19 5232.88 5223.37 5182.84 5147.86 5134.84 5122.41
