real_craters/C200-1000m.grd
DSAA
120 120
-59.5 59.5
-59.5 59.5
4182.3629749869 6937.4301980951
[rows 30 to 59 of 120, columns 0 to 66 of 120]
5984.7 5977.41 5977.54 6034.39 6092.1 6107.5 6123.39 6088.23 6138.18 6122.48 6081.15 6048.71 6035.48 6035.55 6047.46 6052.24 6056.52 6068.93 6110.06 6150.83 6185.59 6207.44 6230.48 6224.7 6236.82 6420.41 6672.45 6695.38 6839.29 6897.75 6822.53 6736.98 6661.6 6623.1 6638.76 6665.07 6410 6296.29 6195.01 6066.7 5920.95 5750.95 5551.31 5380.43 5302.86 5247.44 5231.07 5209.88 5186 5131.43 5037.23 5142.06 5139.11 5168.4 5167.02 5153.3 5123.75 5078.42 5046.01 5035.78 5035.76 4997.62 4951.41 5004.15 5042.54 5043.56 5138.69
5990.06 5951.49 5968.84 6025.15 6089.03 6100.37 6081.1 6084.14 6118 6099.51 6074.74 6055.6 6047.92 6047.3 6051.99 6060.93 6059.95 6080.91 6098.61 6135.33 6188.17 6255.64 6295.12 6364.88 6431.09 6569.05 6719.43 6778.79 6773.39 6799.9 6715.13 6641.28 6601.08 6556.61 6531.55 6523.61 6223.39 6108.37 6036.41 5942.56 5868.87 5666.25 5433.39 5247.19 5246.06 5210.32 5136.43 5103.26 5056.72 4989.67 4936.31 4998.45 5005.07 4941.41 4983.78 4992.55 4980.54 4959.18 4950.89 4952.94 4929.26 4901.01 4893.89 4914.8 4928.96 4974.56 5038.53
5974.49 5951.59 5974.39 6023.38 6052.42 6095.54 6075.22 6081.71 6066.36 6070.03 6064.32 6051.68 6056.3 6054.66 6059.92 6066.91 6063.96 6079.7 6099.3 6117.44 6160.28 6237.17 6333.26 6484.26 6620.07 6641.84 6661.86 6673.66 6741.34 6686.48 6643.75 6584.15 6529.92 6438.47 6316.67 6172.45 6111.2 6005.34 5911.54 5782.75 5635.83 5495.91 5311.59 5158.12 5135.39 5087.08 5069.65 5027.08 4974.43 4922.21 4881.69 4899.02 4898.2 4886.51 4876.87 4874.97 4866.33 4856.55 4866.44 4887.71 4907.76 4823.07 4842.35 4837.27 4815.85 4907.35 4880.96
5963.98 5955.77 5976.48 6012.61 6049.49 6082.82 6095.99 6056.9 6063.51 6063.03 6062.27 6056.37 6048.87 6056.04 6062.57 6069.43 6073.45 6085.49 6104.6 6104.6 6122.97 6153.97 6311.06 6510.19 6634.34 6643.63 6640.99 6596.5 6606.22 6614.24 6646.7 6593.07 6473.38 6318.32 6170.28 6086.64 6107.93 5946.77 5808.36 5657.88 5491.14 5329.73 5185.8 5053.67 5044.97 5079.6 5019.61 4960.55 4906.04 4859.54 4820.72 4812.44 4793.66 4799.08 4791.94 4782 4767.13 4757.22 4778.47 4813.79 4817.4 4712.23 4817.06 4789.54 4759.38 4734.07 4731.83
5989.52 6000.32 6003.23 6019.66 6050.12 6070.01 6077.99 6047.38 6055.61 6064.1 6067.73 6071.95 6062.25 6065.45 6071.97 6076.4 6079.01 6076.72 6093.15 6107.06 6116.96 6142.61 6284.1 6445.85 6573.88 6617.26 6590.22 6562.97 6637.77 6768.26 6756.8 6676.59 6431.68 6207.09 6041.04 6033.85 6040.89 5851.7 5695.39 5526.11 5356.72 5230.76 5070.51 4984.4 5007.59 4992.02 4966.22 4896.01 4836.85 4790.46 4779.15 4767.78 4696.26 4726.08 4713.61 4699.79 4692.77 4675.12 4687.97 4705.33 4710.55 4622.98 4683.96 4642.96 4734.09 4679.86 4640.6
6013.93 6018.36 6023.13 6021.41 6026.97 6043.58 6059.07 6051.2 6054.81 6062.09 6076.23 6075.8 6073.77 6073.27 6074.86 6077.63 6079.18 6070.08 6087.69 6130.63 6165.42 6200.18 6335.85 6454.76 6560.25 6621.41 6619.59 6599.26 6719.03 6904.83 6755.05 6591.48 6302.45 6069.56 5891.96 5803.24 5785.9 5692.98 5542.75 5387.32 5247.17 5122.26 4991.32 4949.57 5017.06 5018.51 4871.48 4801.2 4748.75 4706.76 4675.7 4637.41 4614.97 4625.81 4632.41 4630.31 4623.93 4616.73 4603.4 4584.1 4532.95 4522.68 4553.45 4500.39 4668.03 4619.69 4598.48
6040.02 6040.54 6043.3 6038.49 6035.01 6044.81 6034.75 6050.96 6032.89 6070.92 6091.43 6093.53 6084.43 6079.3 6081.02 6084.67 6088.85 6076.07 6118.13 6171.86 6253.51 6368.62 6503.56 6633.5 6669.51 6687.37 6723.08 6741 6742.38 6771.69 6543.12 6290.58 6086.16 5909.5 5762.9 5671.21 5603.43 5517.17 5391.23 5249.64 5114.74 5028.98 4959.79 4966.24 4885.46 4761.52 4708.33 4693.78 4657.8 4611.98 4559.89 4526.1 4538.96 4538.92 4549 4555 4557.1 4550.36 4531.86 4502.87 4475.15 4472.42 4464.17 4446.38 4498.14 4527.97 4535.09
6069.94 6076.24 6068.2 6059.88 6044.12 6045.86 6044 6050.43 6089.81 6102.37 6111.22 6098.35 6075.87 6080.47 6086.84 6092.72 6099.86 6077.16 6121.84 6201.62 6313.48 6459.37 6587.26 6675.43 6718.4 6720.97 6726.65 6686.1 6650.71 6555.44 6291.88 6057.69 5897.84 5762.34 5635.73 5583.55 5482.04 5377.34 5262.99 5163.13 5034.41 4921.6 4824.52 4836.86 4712 4642.92 4641.91 4608.42 4573.19 4530.84 4496.79 4478.88 4480.9 4463.37 4454.59 4471.07 4485.1 4488.64 4469.56 4446.2 4431.95 4436.31 4438.26 4423.98 4440.94 4468.58 4483.04
6090.76 6102.5 6073.31 6074.24 6055.55 6043.69 6038.46 6042.9 6109.87 6123.83 6124.37 6102.2 6084.74 6088.87 6098.03 6106.66 6114.62 6085.09 6117.56 6219.18 6338.96 6474.67 6617.44 6700.77 6739.87 6745.04 6728.33 6745.21 6588.53 6383.35 6110.91 5926.13 5788.35 5662.97 5525.03 5415.81 5362.62 5258.07 5140.66 5029.18 4911.86 4802.29 4700.65 4669.19 4616.18 4589.37 4574.8 4533.73 4496.78 4466.2 4442.49 4420.86 4419.95 4360.16 4381.55 4397.38 4415.91 4421.61 4412.69 4403.2 4393.53 4394.37 4406.36 4410.74 4426.71 4442.32 4461.14
6070.49 6078.41 6082.79 6081.2 6061.55 6051.89 6036.6 6042.24 6112.86 6122.77 6122 6104.63 6100.36 6102.11 6108.7 6119.11 6131.93 6111.32 6152.06 6237.45 6338.01 6455.38 6609.44 6757.59 6758.28 6752.28 6713.99 6691.6 6484.14 6223.58 5941.32 5819.47 5710.87 5615.46 5527.54 5421.81 5303.02 5162.32 5007.56 4870.25 4774.9 4697.5 4612.12 4607.62 4587.52 4543.9 4511.63 4442.43 4417.5 4403.67 4386.24 4367.45 4361.08 4343.61 4331.93 4343.25 4362.12 4372.18 4375.04 4367.37 4365.25 4370.16 4381.57 4393.63 4413.43 4424.48 4438.64
6070.26 6078.04 6083.68 6081.76 6063.51 6057.14 6035.09 6026.49 6078.53 6113.44 6113.95 6103.69 6110.71 6111.37 6117.14 6130.02 6147.9 6144.4 6193.06 6247.83 6318.87 6405.36 6525.56 6670.98 6712.82 6732.39 6732.37 6454.66 6266.32 6021.07 5835.51 5724.71 5632.17 5572.09 5523.93 5459.88 5260.32 5075 4887.03 4693.26 4693.33 4655.12 4587.55 4594.38 4580.38 4468.41 4330.6 4330.35 4330.2 4330.96 4329.51 4323.79 4313.97 4291.47 4293.03 4303.39 4320.02 4334.78 4345.56 4341.94 4345.04 4350.88 4360.39 4383.56 4409.85 4422.79 4433.87
6077.14 6094.03 6092.55 6070.91 6064.58 6044.6 6031.46 6020.87 6084.18 6115.03 6120.5 6105.11 6097.39 6108.2 6120.96 6136.48 6155.66 6158.62 6181.39 6232.57 6293.32 6348.35 6401.41 6549.13 6616.86 6617.89 6447.38 6170.18 5976.36 5856.54 5739.69 5634.26 5560.5 5511.1 5443.3 5332.14 5170.71 4994.27 4819.23 4696.59 4686.02 4685.09 4616.1 4602.85 4584.73 4428.6 4286.42 4261.42 4266.85 4272.4 4284.16 4287.25 4273.51 4263.77 4273.53 4281.12 4293.99 4316.04 4332.01 4340.14 4338.41 4345.86 4348.61 4366.49 4401.56 4424.45 4437.43
6091.4 6100.5 6098.86 6093.9 6078.39 6066.28 6045.54 6024.76 6058.65 6108.06 6123.83 6097.97 6101.33 6106.46 6118.82 6137.09 6156.52 6154.5 6178.94 6219.73 6278.46 6333.42 6395.4 6474.66 6531.16 6513.92 6351.87 6031.58 5841.51 5730.04 5605.98 5529.69 5469.82 5429.59 5347.19 5212.82 5058.64 4900.9 4770.77 4685.42 4678.69 4705.01 4625.13 4534.91 4510.56 4378.17 4268.85 4235.25 4231.7 4235 4243.64 4253.34 4249.84 4255.95 4262.44 4270.03 4288.58 4320.84 4343.43 4354.7 4355.46 4350.18 4356.44 4372.63 4387.42 4408.04 4443.97
6086.1 6090.7 6082.29 6076.6 6059.35 6069.51 6060.36 6044.49 6056.96 6100.96 6119.77 6098.04 6093.34 6096.27 6111.72 6132.17 6151.88 6171.06 6170.42 6211.94 6269.67 6327.66 6393.59 6453.8 6478.03 6426.5 6154.49 5928.15 5821.56 5649.24 5545.07 5453.96 5362.34 5327.91 5230.09 5091.7 4967.24 4829.32 4692.67 4603.74 4609.19 4587.96 4496.6 4406.12 4323.51 4289.17 4247.76 4221.51 4219.07 4220.63 4218.74 4222.88 4231.19 4240.14 4255.31 4286.34 4311.59 4356.18 4383.13 4393.45 4390.91 4375.73 4358.05 4363.93 4382.2 4398.53 4434.1
6095.96 6085.51 6066.25 6059.65 6061.6 6037.9 6057.26 6038.99 6050.83 6097.2 6122.02 6106.12 6087.82 6084.78 6104.97 6122.59 6142.17 6139.18 6166.98 6208.88 6249.88 6307.12 6362.2 6431.69 6444.01 6392.84 6098.98 5811.34 5642.45 5556.83 5477.66 5399.35 5303.76 5212.52 5105.37 5008.37 4897.48 4768.44 4639.75 4550.7 4535.09 4511.19 4522.5 4356.83 4245.08 4231.38 4219.48 4208.36 4208.18 4209.17 4209.67 4219.88 4234.08 4247 4283.85 4346.87 4396.45 4425.59 4442.44 4449.12 4446.56 4429.04 4401.06 4365.92 4375.03 4397.3 4423.87
6129.56 6093.7 6067.29 6057.22 6050.69 6063.99 6060.95 6062.26 6069.65 6103.19 6132.39 6128.95 6109.31 6101.31 6101.64 6109.1 6129.47 6125.52 6148.66 6182.7 6212 6267.68 6368.76 6470.88 6393.49 6242.33 5934.23 5715 5567.64 5466.26 5409.88 5325.48 5296.8 5197.91 5082.09 4973.32 4856.28 4730.88 4610.44 4523.26 4482.61 4448.19 4538.38 4356.56 4237.27 4212.89 4200.65 4193.01 4192.68 4193.47 4193.03 4201.29 4240.92 4283.52 4346.93 4424.66 4483.96 4499.85 4510.09 4514.75 4518.52 4522.25 4521.31 4456.98 4400.14 4389.56 4415.73
6124.28 6092.04 6068.41 6067.3 6072.39 6082.88 6083.41 6077.51 6080.38 6079.69 6147.32 6130.33 6111.23 6103.73 6093.55 6094.51 6102.12 6113.09 6122.44 6134.73 6160.32 6205.76 6332.44 6492.21 6307 6028.11 5863.32 5643.13 5484.59 5376.14 5302.18 5229.64 5140.26 5093.58 5149.32 4970.54 4828.23 4696.54 4591.22 4520.01 4452.27 4401.93 4458.62 4342.29 4256.25 4220.17 4196.61 4183.76 4183.03 4188.39 4194.08 4208.46 4302.54 4338.78 4416.35 4494.64 4545.66 4577.17 4588.58 4590.23 4590.52 4600.68 4626.53 4580.22 4500.9 4447.76 4441.33
6092.99 6074.93 6050.35 6057.77 6058.14 6072.94 6082.88 6091.22 6087.18 6044.57 6068.88 6083.37 6072.53 6047.83 6074.07 6090.6 6107.32 6110.9 6112.54 6111.29 6119.04 6134.6 6269.28 6546.44 6191.9 5840.14 5730.01 5567.59 5396.45 5310.05 5235.82 5155.19 5096.32 5096.73 5021.63 4901.82 4769.94 4651.76 4553.14 4495.07 4439.61 4404.54 4360.98 4329.34 4275.87 4232.18 4196.75 4182.36 4187.11 4210.47 4227.04 4255.75 4347.7 4402.53 4494.98 4598.99 4647.62 4668.21 4678.45 4676.23 4671.95 4663.48 4653.9 4700.38 4641.38 4557.73 4495.11
6058.68 6061.86 6046.36 6037.75 6046.49 6068.15 6083.3 6085.79 6087.41 6061.93 6031.62 6052.32 6058.94 6061.65 6077.24 6091.77 6104.17 6111.7 6118.13 6129.01 6115.93 6097.18 6165.91 6231.21 6030.46 5705.06 5592.95 5486.62 5398 5293.9 5194.19 5093.83 5113.39 5143.13 4912.61 4804.68 4699.56 4590.81 4501.2 4461.21 4419.74 4364.94 4336.4 4320.87 4282.03 4243.33 4203.59 4192.24 4208.37 4249.13 4282.4 4329.77 4384.56 4471.7 4579.7 4675.5 4736.44 4762.66 4772.72 4774.51 4770.7 4757.79 4723.48 4743.34 4748.91 4641.75 4572.01
6046.39 6059.87 6059.16 6041.88 6046.34 6050.05 6054.5 6056.68 6046.75 6053.52 6042.85 6051.12 6065.28 6077.15 6087.3 6092.52 6099.22 6105.52 6115.39 6125.22 6100.27 6058.11 6059.74 6050.44 5899.72 5699.35 5457.52 5392.76 5339.72 5256.05 5165.76 5059.53 5047.06 4973.43 4809.89 4721.79 4634.34 4539.72 4455.6 4425.74 4384.19 4334.84 4313.72 4289.53 4272.87 4241.37 4213.35 4190.81 4240.54 4299.13 4338.95 4396.59 4468.9 4598.23 4735.78 4812.32 4850.93 4867.49 4877.25 4879.56 4882.89 4880.13 4874.42 4854.01 4842.46 4724.08 4656.39
6052.58 6061.62 6051.35 6050.12 6028.79 6026.28 6022.37 6038.1 6048.68 6048.27 6048.18 6049.4 6062.95 6088.59 6082.62 6084.04 6090.35 6097.64 6102.2 6103.99 6075.08 6012.69 5996.59 5943.15 5822.94 5554.43 5385.28 5320.52 5269.28 5212.22 5152.12 5050.47 4969.79 4853.79 4763.45 4683.36 4605.92 4519.79 4443.72 4399.54 4349.93 4319.87 4297.78 4283.57 4272.56 4245.71 4240.07 4256.04 4303.04 4368.17 4435.34 4518.17 4626.19 4763.81 4894.91 4956.65 4971.62 4983.87 4985.86 4994.54 5003.71 5005.13 5019.11 4954.71 4979.93 4859.93 4762.84
6043.72 6056.64 6049.14 6043.43 6036.1 6026.32 6017.21 6028.41 6039.9 6031.67 6023.23 6032.02 6042.51 6048.84 6055.13 6074.92 6087.95 6096.18 6089.34 6058.21 5998.17 5962.23 5989.94 6045.61 5894.95 5549.27 5321.67 5262.96 5234.74 5206.1 5170.34 5128.02 4957.68 4829.57 4773.04 4665.8 4569.94 4487.18 4417.47 4373.36 4325.37 4289.85 4278.98 4273.65 4275.35 4257.94 4265.67 4305.61 4358.78 4431.16 4534.77 4638.95 4740.49 4847.7 4924.66 5022.98 5076.28 5106.06 5125.54 5136.85 5140.12 5132.89 5146.41 5079.67 5150.34 5007.71 4927.08
6035.36 6045.01 6037.31 6035.1 6043.75 6017.36 6000.66 6008.97 6022.12 6017.42 5998.23 6006.1 6020.43 6035.08 6044.21 6071.18 6094.96 6111.3 6105.72 6058.53 5973.36 5915.31 5959.73 5977.29 5772.96 5427.98 5278.49 5236.73 5213.11 5186.24 5167.92 5152.69 4930.69 4835.71 4738.36 4629.49 4528.19 4443.27 4375.55 4341.26 4299.35 4266.78 4262.09 4263.69 4260.7 4264.29 4277.94 4323.33 4381.16 4459.38 4555.21 4693.13 4834.12 4948.78 4989.96 5127.17 5202.49 5253.86 5293.64 5315.13 5315.24 5290.43 5298.76 5328.95 5288.48 5193.22 5086.67
6035.16 6049.47 6043.69 6039.62 6024.91 6029.15 5992.26 5984.15 5983.8 5985.53 5975.8 5991.05 6006.2 6021.83 6042.6 6068.26 6105.54 6140.6 6161.52 6157.04 6093.54 5962.86 5953.87 5923.98 5745.76 5385 5283.1 5235.89 5211.21 5166.27 5128.04 5035.72 4907.69 4905.03 4677.61 4579.68 4493.19 4408.68 4348.65 4311.63 4268.34 4251.69 4254.08 4255.65 4254.23 4260.37 4271.59 4298.93 4364.54 4468.08 4577.71 4759.35 4956.17 5089.07 5119.95 5253.94 5372.19 5446.91 5490.74 5516.36 5523.06 5503.17 5495.34 5496.72 5479.83 5276.66 5137.01
6023.35 6023.82 6039.63 6051.16 6018.34 6004.51 5967.7 5971.75 5966.1 5954.05 5975.62 5983.73 5999.38 6012.05 6029.97 6069.61 6121.43 6172.94 6224.41 6286 6355.96 6121.97 5974.59 5861.79 5656.42 5476.43 5327.49 5258.63 5226.65 5246.79 5126.3 5022.46 4988.92 4766.63 4594.65 4527.47 4468.86 4405.17 4342.95 4293.33 4235.31 4226.42 4228.88 4235.2 4240.7 4249.19 4261.45 4282.39 4356.8 4493.7 4648.19 4858.11 5075.1 5318.79 5408.72 5501.51 5592.85 5645.4 5692.72 5733.57 5753.31 5743.58 5696.74 5655.35 5605.47 5376.77 5177.49
6025 6007.02 6022.55 6049.67 6045.26 6019.75 5993.98 5988.02 5996.7 5983.51 5968.26 5992.97 6013.24 6024.58 6030.89 6087.48 6145.47 6204.1 6263.56 6317.98 6318.33 6145.86 6003.95 5839.11 5619.93 5464.09 5333.29 5239.25 5175.59 5108.03 5081.9 5110.38 4992.55 4729.66 4595.92 4527.54 4471.12 4420.42 4353.01 4292.01 4236.87 4216.43 4206.78 4218.09 4227.57 4239.1 4253.49 4290.16 4388.1 4550.76 4752.68 4945.76 5168.46 5438.03 5646.49 5792.17 5822.66 5842.92 5892.01 5957.02 5986.67 5950.96 5857.52 5734.94 5621.74 5454.31 5285.48
6063.57 6096.44 6100.58 6067.38 6050.85 6055.4 6014.6 5996.78 6004.19 5998.78 5994.39 6019.45 6045.9 6069.37 6096.76 6139.61 6191.73 6240.24 6286.43 6301.43 6251.21 6142.66 6037.22 5911.61 5647.11 5412.46 5304.09 5201.71 5107.42 5009.51 5036.09 5105.01 4953.63 4706.55 4613.36 4541.39 4475.96 4409.8 4362.01 4313.57 4269.65 4232.19 4208.55 4216.1 4227.12 4241.38 4262.97 4305.09 4403.4 4599.24 4825.7 5003.93 5208.43 5422.46 5699.73 5940.74 5967.99 5994.46 6063.06 6141.11 6223.31 6215.07 6022.91 5795.75 5603.42 5445.13 5318.15
6068.88 6109.71 6083.43 6074.95 6062.6 6061.71 6021.85 6002.68 6013.39 6058.41 6050.39 6057.89 6086.73 6121.08 6138.42 6188.23 6236.22 6278.54 6308.61 6316.01 6284.86 6203.18 6100.74 5955.84 5648.83 5407.58 5280.2 5196.6 5099.56 5016.03 4991.57 5022.25 4910.25 4674.41 4637.31 4561.53 4485.54 4421.48 4374.72 4337.45 4298.76 4251.64 4224.49 4230.78 4243.12 4262.93 4288.37 4328.36 4410.95 4596.91 4811.78 5007.93 5203.45 5415.87 5644.04 5835.61 5942.94 6044.97 6176.18 6288.56 6391.98 6428.78 6187.34 5915.28 5699.15 5496.33 5381.71
6006.73 6033.66 6047.06 6049.53 6033.03 6034.81 6022.77 6020.82 6067.45 6095.9 6077.46 6085.96 6118.43 6166.88 6226 6248.63 6256.6 6283.38 6325.6 6360.15 6366.1 6279.18 6153.72 6006.79 5677.4 5413.63 5309.81 5204.37 5107.37 5011.1 4942.74 4907.84 4781.06 4691.05 4657.27 4581.19 4496.11 4425.85 4393.2 4363.27 4321.05 4268.27 4231.18 4252.19 4273.25 4298.24 4331.47 4369.55 4436.19 4585.84 4776.63 4977.95 5168.36 5351.75 5507.64 5664.67 5842.71 6035.1 6218.71 6381.15 6498.69 6488.3 6350.38 6106 5773.83 5553.29 5403.78
5942.5 5973 6002.96 6013.93 6011.18 6044.39 6085.62 6104.63 6138.6 6155.6 6111.51 6106.2 6125.15 6167.83 6215.4 6228.8 6246.08 6286.73 6343.2 6403.23 6439.44 6348.91 6163.71 5955.89 5683.92 5507.35 5392.3 5269.56 5147.56 5012.02 4911 4851.97 4789.25 4713.29 4668.79 4598.69 4520.48 4456.57 4421.22 4392.95 4366.18 4310.63 4281.85 4288.13 4315.23 4345.18 4386.09 4432.22 4516.09 4608.86 4757.26 4943.97 5121.48 5285 5436 5587.97 5762.78 6004.5 6262.01 6493.99 6631.82 6604.02 6474.14 6333.9 6006.48 5619.34 5350.05
