real_craters/C200-300m.grd
DSAA
695 695
-104.125 104.125
-104.125 104.125
3455.2674006013 6946.1411958368
[rows 0 to 29 of 695, columns 402 to 468 of 695]
4858.74 4850.64 4841.34 4833.33 4827.12 4823.13 4817.79 4812.81 4807.99 4803.25 4801.07 4801.8 4802.89 4803.69 4803.96 4803.35 4805.43 4807.26 4808.94 4810.64 4812.66 4814.27 4815.05 4815.98 4817.07 4818.27 4819.31 4820.16 4820.69 4820.72 4820.57 4820.93 4820.61 4820.3 4819.29 4817.68 4815.98 4814.47 4813.27 4811.85 4809.94 4808.83 4808.16 4807.76 4807.54 4808.28 4808.7 4809.09 4809.31 4807.88 4807.8 4808.02 4808.44 4809.23 4810.55 4811.35 4811.79 4812.4 4810.83 4811.61 4816.53 4823.32 4831.36 4839.96 4848.4 4857.88 4867.51
4857.93 4850.12 4841.52 4832.17 4823.42 4816.33 4813.46 4811.09 4808.49 4805.47 4804.18 4804.45 4804.99 4805.22 4804.95 4804.69 4806.1 4807.9 4809.55 4810.99 4812.54 4813.93 4814.97 4815.98 4817.06 4818.09 4818.99 4819.74 4820.1 4819.83 4819.01 4818.71 4819.85 4820.23 4819.75 4818.36 4816.76 4815.24 4812.85 4811.86 4811.22 4809.49 4808.28 4807.32 4806.76 4806.88 4807.14 4807.49 4806.89 4805.19 4805.7 4806 4806.08 4806.66 4808.42 4810.38 4811.37 4810.8 4808.58 4808.72 4813.4 4820.22 4828.17 4836.95 4846.38 4856.03 4864.65
4862.85 4853.07 4842.12 4831.27 4820.83 4812.5 4811.34 4811.04 4810.99 4811.31 4810.04 4808.79 4808.48 4808.24 4807.86 4807.82 4808.41 4809.52 4810.56 4811.52 4812.31 4813.21 4814.76 4816.03 4817.13 4818.14 4818.99 4819.74 4820.27 4820.25 4819.57 4819.06 4820.67 4821.34 4821.43 4821.06 4820.08 4817.51 4814.22 4812.46 4811.73 4809.96 4808.64 4807.46 4806.61 4806.23 4806.55 4806.85 4805.91 4804.56 4805.26 4805.37 4804.75 4804.52 4806.82 4808.88 4809.52 4808.54 4806.27 4806.3 4810.39 4817.13 4825.02 4833.94 4843.36 4853.16 4862.7
4866.78 4855.21 4842.65 4830.71 4820.4 4813.7 4812.08 4812.51 4813.56 4815.57 4814.83 4813.35 4812.73 4812.22 4811.72 4811.24 4811.35 4811.9 4812.27 4812.55 4813.1 4813.78 4814.99 4816.23 4817.36 4818.35 4819.26 4820.08 4820.89 4821.71 4823.14 4823.32 4822.88 4823.16 4823.58 4823.95 4823.44 4820.78 4817.91 4814.69 4811.82 4810.67 4809.57 4808.35 4807.29 4807.35 4807.5 4807.76 4807.18 4806.52 4807.14 4806.86 4805.54 4804.81 4806.53 4807.93 4806.24 4804.78 4803.75 4804.08 4807.54 4814.03 4822.04 4831.07 4840.63 4850.51 4860.33
4863.63 4854.31 4842.34 4830.21 4820.15 4814.64 4814.23 4815.44 4815.93 4815.65 4817.34 4817.89 4817.47 4816.78 4816.16 4815.75 4815.35 4815 4814.44 4813.85 4813.61 4814.32 4815.56 4816.76 4817.83 4818.82 4819.71 4820.61 4821.4 4822.52 4824.21 4824.68 4824.5 4824.86 4825.43 4825.97 4825.86 4823.39 4820.49 4817 4814.07 4812.31 4811.46 4810.62 4810.15 4810.07 4809.89 4810.13 4810.48 4810.83 4811.6 4810.86 4808.86 4807.46 4807.93 4808.15 4806.43 4804.11 4801.88 4801.16 4804.49 4811.17 4819.35 4828.47 4838.23 4847.96 4858.15
4863.72 4853.93 4841.74 4829.35 4819.25 4815.47 4817.47 4820.97 4822.61 4821.12 4823.48 4823.68 4822.58 4821.37 4820.58 4820.33 4819.65 4818.22 4816.82 4815.65 4814.92 4815.43 4816.56 4817.66 4818.72 4819.62 4820.38 4820.99 4821.64 4822.29 4823.5 4824.42 4825.21 4826.04 4826.83 4827.22 4826.75 4825.16 4822.51 4819.26 4815.73 4814.87 4814.48 4814.02 4814.32 4813.77 4813.15 4813.28 4815.34 4818.24 4818.48 4816.96 4814.54 4812.22 4810.51 4808.28 4807.96 4804.66 4801 4798.89 4801.93 4808.86 4817.16 4826.39 4836.06 4846.24 4856.68
4865.92 4853.55 4841.33 4829.02 4818.04 4816.43 4821.7 4828.78 4836.68 4839.15 4834.25 4830.26 4827.33 4825.39 4824.2 4823.92 4823.55 4820.92 4819.06 4817.75 4817.41 4817.38 4818.05 4818.95 4819.8 4820.53 4821.08 4821.56 4821.87 4822.01 4821.41 4823.84 4825.66 4827.01 4828.07 4828.56 4828.35 4827.24 4825.39 4822.55 4819.84 4819.14 4818.7 4817.64 4817.43 4817.38 4816.99 4817.13 4821.23 4826.5 4826.18 4823.75 4821.27 4817.83 4813.99 4809.78 4808.73 4805.25 4801.18 4798.88 4800.99 4807.32 4815.46 4824.6 4834.58 4844.87 4855.39
4858.8 4851.28 4841.6 4831.25 4821.29 4821 4826.29 4834.23 4845.71 4850.91 4841.16 4834.68 4830.68 4828.14 4826.43 4825.26 4823.63 4822.31 4820.79 4819.45 4818.99 4819.22 4819.81 4820.53 4821.26 4821.7 4822.33 4822.63 4822.75 4823.04 4823.85 4825 4826.63 4828.15 4829.42 4830.18 4830.64 4828.92 4827.05 4826.49 4825.85 4825.52 4824.49 4822.76 4822.3 4821.84 4821.84 4822.3 4827.3 4833.41 4832.73 4829.44 4825.54 4822.03 4817.46 4812.13 4810.25 4806.45 4802.22 4799.65 4800.99 4806.7 4814.51 4823.66 4833.65 4844.03 4854.6
4854.77 4849.9 4843.17 4835.99 4831.05 4828.32 4829.97 4834.06 4838.95 4841.91 4838.82 4834.91 4831.72 4829.33 4827.52 4826.02 4824.81 4823.37 4822.25 4821.44 4821.03 4821.31 4821.84 4822.43 4823.07 4823.47 4823.88 4824.1 4824.16 4824.34 4824.89 4826.46 4827.93 4829.41 4830.7 4831.65 4832.16 4830.52 4829.32 4830.75 4832.73 4832.98 4830.91 4829.31 4828.21 4826.98 4827.56 4829.29 4832.64 4836.6 4836.1 4833.77 4831.05 4826.78 4821.56 4816.03 4813 4808.72 4804.12 4800.92 4801.52 4806.71 4814.53 4823.55 4833.5 4843.74 4853.98
4854.01 4850.69 4846.09 4840.59 4836.17 4833.55 4832.6 4832.27 4831.05 4832.17 4833.71 4832.8 4831.23 4829.65 4828.09 4826.63 4825.07 4824.19 4823.64 4823.38 4823.49 4823.55 4824.01 4824.59 4825.12 4825.59 4825.96 4826 4825.99 4825.96 4826.67 4828.12 4829.51 4830.94 4832.24 4833.07 4833.38 4832.32 4832.27 4834.56 4837.41 4838.21 4835.77 4833.54 4830.74 4830.06 4832.07 4835.43 4835.57 4836.05 4836.5 4836.63 4835.62 4832.2 4826.41 4821.33 4817.42 4812.39 4806.95 4802.82 4802.26 4807.55 4815.33 4824.55 4834.31 4844.34 4853.2
4854.41 4853.44 4850.91 4845.94 4840.46 4838.63 4835.76 4832.39 4829.94 4829.61 4830.65 4831.15 4830.86 4830.04 4828.87 4827.33 4825.69 4825.24 4825.13 4825.05 4825.24 4825.68 4826.25 4826.83 4827.37 4827.98 4828.33 4828.57 4828.68 4828.07 4828.5 4830.27 4831.67 4832.82 4833.85 4834.58 4834.72 4833.7 4834.52 4837.08 4840.2 4841.87 4837.81 4834.23 4831.1 4831.17 4833.44 4835.92 4835.73 4835.4 4836.55 4838.78 4839.74 4838.46 4833.17 4828.35 4823.71 4817.19 4810.85 4806.09 4804.98 4809.74 4817.21 4826.36 4835.82 4845.38 4854.87
4855.85 4857.69 4858.49 4856.56 4850.85 4847.04 4840.71 4833.7 4828.24 4827.94 4829.43 4830.58 4830.97 4830.79 4830.1 4828.93 4827.44 4827.3 4827.17 4827.24 4827.44 4827.86 4828.45 4829 4829.6 4830.34 4830.9 4831.6 4832.24 4832.18 4832.41 4833.22 4834.01 4834.75 4835.57 4836.26 4836.84 4836.4 4836.64 4838.34 4839.72 4839.16 4837.39 4834.83 4831.91 4831.19 4832.32 4833.67 4834.14 4834.54 4836.5 4840.73 4844.04 4844.75 4840.04 4834.76 4829.25 4822.37 4815.66 4810.27 4808.44 4812.86 4820.88 4830.24 4839.69 4848.35 4856.84
4857.42 4862.4 4867.15 4871.26 4868.79 4857.63 4847.29 4837.01 4828.56 4828.57 4830.29 4831.43 4831.93 4831.91 4831.64 4831.19 4830.87 4830.72 4829.7 4829.16 4829.5 4830.15 4830.79 4831.35 4831.98 4832.77 4833.7 4834.84 4836.26 4837.79 4837.37 4836.54 4836.38 4836.51 4837.01 4837.69 4838.57 4839.4 4838.77 4839.08 4839.02 4838.01 4836.2 4834.13 4831.76 4830.07 4829.88 4830.69 4832.01 4833.77 4836.79 4840.91 4845.07 4847.61 4844.94 4839.2 4833.61 4827.5 4821.47 4815.55 4811.52 4817.02 4826.58 4836.07 4844.55 4852.52 4859.78
4859.34 4866.18 4873.51 4878.63 4875.54 4865.28 4854.1 4843.44 4834.72 4833.29 4833.36 4833.53 4833.39 4833.38 4833.35 4833.41 4833.86 4834.07 4832.53 4831.2 4831.93 4832.73 4833.22 4833.75 4834.41 4835.11 4836.14 4837.45 4839.12 4840.84 4840.11 4838.9 4838.04 4837.84 4837.95 4838.42 4839.31 4840.38 4840.22 4839.38 4838.38 4837.08 4834.68 4832.45 4830.13 4828.07 4826.79 4827.56 4829.74 4832.08 4834.59 4837.91 4842.04 4845.42 4843.58 4840.38 4836.62 4832.83 4829.08 4824.66 4818.62 4826.11 4836.51 4844.59 4851.27 4857.16 4863
4860.49 4867.44 4876.15 4884.48 4879.9 4868.81 4859.01 4851.84 4845.64 4840.11 4837.38 4836.08 4835.45 4835.16 4835.08 4835.2 4835.53 4836.04 4836.08 4835.8 4835.74 4835.61 4835.55 4835.65 4836.12 4836.85 4837.82 4839.08 4840.36 4841.25 4840.73 4839.68 4838.71 4838.26 4838.07 4838.35 4839.22 4840.46 4840.39 4838.73 4836.94 4835.19 4832.16 4829.82 4828.05 4826.08 4824.45 4825.61 4828.18 4830.31 4831.75 4833.77 4837.48 4841.27 4841.88 4839.19 4838.62 4838.31 4838.39 4839.38 4843.15 4848.17 4850.95 4854.68 4858.48 4862.71 4866.13
4860.64 4864.8 4870.81 4880.96 4874.9 4865.9 4859.09 4854.75 4850.7 4844.52 4840.55 4838.31 4837.29 4836.74 4836.55 4836.66 4836.7 4836.29 4839.63 4841.62 4839.62 4838.07 4837.3 4837.1 4837.4 4838 4838.85 4839.78 4840.61 4840.9 4840.37 4839.36 4838.28 4837.65 4837.27 4837.54 4838.08 4839.65 4839.1 4836.77 4834.33 4831.89 4828.64 4826.69 4825.81 4824.85 4824.28 4825.65 4828.09 4830.51 4832.44 4832.94 4834.94 4836.92 4838.57 4838.35 4840.58 4843.25 4847.02 4852.76 4862.01 4866.81 4864.12 4864.04 4865.19 4867.14 4869.16
4860.51 4859.37 4857.22 4854.53 4857.74 4857.36 4854.88 4850.97 4847.82 4845.14 4842.16 4840.01 4838.53 4837.91 4837.79 4837.88 4838.07 4838.3 4841.1 4842.86 4840.98 4839.2 4838.23 4837.71 4837.88 4838.37 4839.08 4839.84 4840.32 4840.21 4839.48 4838.3 4837.1 4836.12 4835.6 4835.33 4835.52 4836.4 4835.86 4833.62 4830.92 4827.77 4824.76 4824.04 4824.14 4824.41 4825.1 4826.64 4828.99 4831.68 4834.49 4835.62 4835.44 4836.12 4837.96 4839.39 4842.63 4847.15 4852.79 4860.14 4868.62 4873.59 4871.79 4870.59 4870.58 4871.01 4872.48
4861.36 4854.99 4846.81 4838.55 4845.04 4849.23 4850.71 4850.11 4847.65 4845.13 4842.63 4840.74 4839.01 4838.51 4838.55 4839.22 4840.55 4840.95 4841.11 4840.59 4840.12 4838.86 4838.02 4837.53 4837.56 4837.96 4838.6 4839.36 4839.75 4839.34 4838.2 4836.64 4835.03 4833.84 4832.89 4832.3 4832 4832.02 4831.45 4829.88 4827.5 4824.73 4822.45 4822.46 4823.3 4824.52 4825.99 4827.77 4830.01 4832.57 4835.01 4835.69 4837.32 4837.02 4837.39 4839.68 4843.86 4849.21 4855.84 4863.04 4868.93 4871.85 4874.92 4874.69 4873.92 4873.84 4874.62
4862.35 4853.4 4844.65 4838.86 4840.83 4844.18 4847.08 4850.55 4847.9 4844.34 4842.06 4840.55 4839.68 4839.33 4839.41 4840.22 4842.37 4844.95 4842.11 4839.23 4838.44 4837.28 4836.44 4836.17 4836.11 4836.45 4837.17 4838.18 4839.06 4838.36 4836.45 4834.35 4832.44 4830.86 4829.62 4828.66 4828.18 4827.96 4827.52 4826.37 4824.51 4822.36 4820.87 4821.49 4822.93 4824.92 4826.89 4828.88 4831.07 4833.44 4835.68 4837.98 4841.21 4841.68 4839.44 4840.17 4844.02 4849.5 4856.27 4863.89 4870.78 4875.81 4878.15 4877.04 4875.61 4874.73 4875.29
4860.86 4852.84 4845.61 4840.95 4840.05 4840.91 4841.54 4842.18 4842.52 4841.62 4840.58 4839.69 4839.11 4838.84 4839 4839.77 4841.39 4842.93 4841.22 4838.15 4836.45 4835.12 4834.29 4833.75 4833.65 4834 4834.74 4835.82 4837.12 4836.18 4833.64 4831.35 4829.41 4827.54 4825.99 4824.68 4823.77 4824.11 4824.41 4823.24 4821.84 4820.39 4819.55 4820.87 4822.66 4825.22 4827.9 4829.78 4831.88 4834.33 4836.86 4840.02 4844.72 4848.16 4842.44 4840.23 4842.55 4847.59 4854.3 4862.67 4872.24 4882.45 4880.5 4876.7 4874.47 4873.54 4874.16
4857.12 4851.76 4846.79 4842.64 4840.13 4838.86 4837.01 4834.66 4837.08 4838.71 4838.88 4838.55 4838.21 4837.9 4838.43 4838.24 4838.23 4837.17 4836.83 4835.29 4833.5 4832.04 4831.27 4830.77 4830.52 4830.69 4831.29 4832.12 4832.39 4831.68 4829.72 4827.71 4825.75 4823.91 4822.24 4820.74 4819.73 4820.22 4820.5 4820.1 4819.29 4818.74 4818.74 4819.84 4821.97 4824.29 4827.01 4829.84 4832.4 4834.83 4837.6 4840.15 4842.84 4843.57 4837.61 4836.11 4838.62 4843.2 4849.33 4857.23 4867.01 4876.81 4875.69 4871.38 4869.43 4869.85 4871.83
4853.29 4849.46 4846.74 4843.11 4839.73 4838.07 4836.73 4835.5 4836.36 4837.18 4837.31 4837.87 4837.34 4836.93 4836.65 4835.69 4834.33 4832.27 4830.86 4830.36 4829.53 4828.44 4827.73 4827.25 4826.85 4826.75 4826.84 4827.49 4828.58 4827.02 4825.16 4823.46 4821.77 4820.12 4818.52 4817.13 4816.39 4816.82 4817.59 4817.03 4816.46 4816.7 4817.45 4818.62 4821.07 4823.89 4826.7 4829.44 4832.12 4834.36 4835.48 4837.08 4837.76 4835.34 4828.87 4829.88 4832.91 4836.37 4841.03 4846.73 4853.8 4862.1 4861.82 4859.93 4860.83 4863.67 4867.87
4849.98 4845.06 4841.4 4838.76 4837.47 4837.76 4838.45 4838.14 4837.75 4837.14 4836.65 4836.65 4835.91 4835.15 4834.17 4832.84 4831.04 4828.63 4826.1 4826.05 4825.4 4824.52 4823.73 4823.18 4822.59 4822.11 4821.7 4821.3 4821.25 4820.95 4820.22 4819.19 4817.86 4816.51 4814.99 4813.86 4813.15 4813.52 4814.03 4813.64 4813.03 4812.75 4813.88 4816.53 4819.71 4823.57 4826.2 4828.69 4831.36 4833.67 4834.34 4834.05 4832.58 4828.49 4824.92 4824.84 4826.45 4828.49 4831 4833.45 4835.68 4836.11 4838.35 4844.01 4849.71 4856.15 4862.91
4846.73 4839.18 4833.16 4831.91 4833.08 4836.32 4841.53 4842.41 4838.87 4836.77 4835.69 4834.88 4833.92 4833.01 4831.89 4830.44 4828.61 4826.55 4825.62 4822.99 4821.5 4820.26 4819.44 4818.76 4818.05 4817.28 4816.44 4815.3 4814.19 4815.08 4815.49 4815.05 4814.44 4813.36 4811.97 4810.75 4810.11 4810.39 4810.7 4810.23 4809.5 4808.82 4810.54 4814.02 4817.25 4820.77 4823.9 4826.62 4829.66 4832.79 4834.35 4825.51 4823.01 4820.45 4821.13 4820.04 4820.28 4820.4 4820.63 4820.24 4818.75 4815.88 4818.59 4828.45 4838.7 4848.46 4857.79
4843 4832.65 4825.64 4824.51 4826.75 4831.08 4838.18 4840.18 4836.51 4834.7 4833.83 4832.96 4832.22 4831.23 4830.15 4828.66 4826.73 4824.36 4822.48 4818.83 4817.44 4816.32 4815.57 4814.73 4813.88 4812.93 4811.89 4810.76 4810.47 4810.78 4811.56 4811.83 4811.59 4810.91 4809.65 4808.25 4807.76 4808.01 4807.75 4807.23 4806.74 4806.14 4808.02 4811.05 4814.02 4817.13 4820.48 4823.24 4826.13 4829.41 4831.21 4820.62 4818.1 4816.33 4815.19 4814.98 4814.14 4813.24 4811.53 4809.32 4806.33 4803.26 4805.56 4817.28 4829.72 4841.97 4853.65
4838.51 4825.59 4816.9 4817.15 4819.49 4821.97 4823.78 4828.15 4830.3 4831.19 4831.36 4831.05 4830.46 4829.57 4828.41 4826.96 4825.25 4822.62 4815.08 4813.84 4814.1 4812.76 4811.97 4811.19 4810.25 4809.22 4808.12 4806.92 4806.56 4807.63 4808.54 4809.23 4809.47 4809.31 4808.47 4807.1 4806.87 4807.01 4806.73 4806.07 4805.16 4804.17 4804.24 4805.53 4810.69 4815.23 4816.84 4818.61 4820.39 4821.98 4821.93 4819.75 4820.81 4817.81 4813.43 4811.18 4809.08 4807.06 4803.94 4801.12 4798.05 4796.63 4800.24 4810.5 4823.4 4837.25 4850.77
4833.48 4819.63 4811.02 4811.87 4814.29 4815.46 4814.52 4819.99 4825.44 4828.21 4829.27 4829.33 4828.87 4827.99 4826.82 4825.31 4823.57 4821.52 4816.6 4812.12 4811.34 4810.09 4809.49 4808.7 4807.6 4806.53 4805.44 4804.55 4804.51 4805.37 4806.54 4807.54 4808.21 4808.56 4808.66 4808.56 4807.66 4807.09 4806.62 4805.75 4804.53 4803.68 4803.06 4803.7 4807.52 4810.82 4812.28 4813.14 4813.75 4813.75 4813.5 4814.69 4817.78 4815.45 4811 4807.67 4804.78 4801.72 4798 4794.83 4792.41 4792.03 4795.41 4805.66 4819.36 4834.09 4848.96
4828.2 4815.17 4808.43 4809.43 4813.03 4816.03 4816.82 4820.93 4824.76 4826.95 4827.87 4827.99 4827.47 4826.51 4825.36 4823.62 4821.39 4818.51 4813.71 4810.13 4809.43 4808.29 4807.57 4806.84 4805.85 4804.67 4803.62 4802.75 4802.99 4803.99 4805.28 4806.36 4807.48 4808.42 4808.98 4809.17 4808.37 4807.37 4806.63 4805.9 4803.86 4802.59 4801.96 4803.04 4804.77 4806.45 4807.37 4807.54 4807.26 4806.64 4806.63 4807.68 4810.42 4810.59 4807.43 4803.92 4800.44 4796.89 4793.49 4790.55 4788.35 4788.2 4791.17 4801.91 4816.47 4832.3 4848.19
4822.6 4810.63 4805.85 4808.52 4814.27 4821.86 4828.84 4826.98 4826.92 4827.43 4827.64 4827.54 4826.82 4825.78 4824.25 4822.22 4819.64 4815.88 4811.83 4809 4808.33 4807.31 4806.52 4805.6 4804.56 4803.39 4802.35 4801.77 4802.07 4803.01 4804.37 4805.85 4807.16 4808.28 4809.19 4809.52 4808.44 4807.18 4805.95 4804.19 4802.78 4801.41 4801.13 4801.76 4802.51 4803.01 4803.21 4802.55 4801.48 4800.19 4800.33 4801.74 4803.91 4804.78 4802.86 4799.54 4796.08 4792.58 4789.6 4787.19 4785.59 4785.65 4789.05 4799.6 4814.91 4831.44 4848.18
4816.8 4805.84 4803.37 4807.75 4814.68 4823.19 4830.59 4829.56 4828.57 4828.17 4827.78 4827.21 4826.21 4824.92 4823.27 4821.31 4818.98 4816.22 4812.24 4809.25 4808.26 4807.09 4806.15 4805.14 4804.03 4802.79 4801.56 4800.75 4801.45 4802.62 4803.97 4805.4 4806.82 4808.12 4809.07 4808.99 4807.88 4806.32 4804.92 4803.96 4801.78 4800.76 4799.98 4800.32 4800.45 4800.26 4799.73 4798.75 4797.15 4795.32 4795.73 4797.34 4799.33 4800.11 4798.62 4795.61 4792.33 4789.21 4786.36 4784.26 4783.42 4784.39 4787.87 4798.58 4814.21 4831.23 4848.67
