real_craters/C200-300m.grd
DSAA
695 695
-104.125 104.125
-104.125 104.125
3455.2674006013 6946.1411958368
[rows 90 to 119 of 695, columns 603 to 669 of 695]
4750.06 4750.18 4750.27 4750.34 4750.3 4750.23 4750.17 4750.04 4749.7 4749.78 4749.7 4749.51 4749.31 4749.11 4748.91 4748.75 4748.62 4748.62 4749.11 4749.28 4749.31 4749.76 4749.59 4749.35 4749.11 4748.83 4748.64 4748.38 4748.09 4747.71 4747.22 4746.62 4746.04 4745.47 4746.43 4748.82 4751.33 4754.04 4756.39 4757.59 4759.08 4760.25 4761.95 4764.46 4765.09 4764.65 4764.61 4765.25 4766.01 4766.85 4767.63 4768.36 4769 4769.43 4769.65 4769.86 4769.93 4769.83 4769.64 4769.42 4769.71 4769.6 4769.64 4770.12 4771.04 4772.13 4773.43
4749.82 4749.83 4749.94 4750 4750.07 4750.08 4750.03 4749.93 4749.82 4749.81 4749.73 4749.56 4749.38 4749.21 4749.06 4748.95 4748.89 4748.9 4749.45 4749.64 4749.64 4749.97 4749.81 4749.51 4749.16 4748.71 4748.38 4748.01 4747.61 4747.16 4746.6 4746.08 4745.79 4745.65 4746.3 4747.53 4748.9 4750.2 4751.46 4753.56 4756.11 4758.91 4759.35 4762.37 4762.87 4762.5 4762.58 4763.74 4764.96 4766.1 4767.17 4768.16 4769.01 4769.67 4770.15 4770.28 4770.25 4770.01 4769.69 4769.41 4769.95 4769.56 4768.99 4769.54 4770.43 4771.51 4772.63
4749.67 4749.55 4749.39 4749.76 4749.91 4749.97 4750.01 4750.07 4750.14 4750 4749.83 4749.66 4749.5 4749.35 4749.21 4749.12 4749.09 4749.12 4749.61 4749.79 4749.85 4749.98 4749.85 4749.49 4749.06 4748.66 4748.27 4747.79 4747.36 4746.91 4746.41 4746.01 4745.89 4746.03 4746.51 4746.66 4747.03 4747.13 4747.21 4749.68 4752.35 4754.9 4758.29 4759.3 4760.38 4760.76 4761.25 4762.69 4764 4765.32 4766.58 4767.83 4768.95 4769.78 4770.29 4770.61 4770.56 4770.26 4769.81 4769.4 4769.63 4769.21 4768.57 4769.04 4769.88 4770.86 4771.8
4749.66 4749.77 4749.82 4749.79 4749.85 4749.91 4749.98 4750.08 4750.13 4750.06 4749.89 4749.73 4749.58 4749.47 4749.36 4749.3 4749.27 4749.29 4749.69 4749.79 4749.78 4749.84 4749.72 4749.34 4748.94 4748.57 4748.18 4747.76 4747.33 4746.9 4746.41 4746.09 4745.95 4745.93 4745.74 4746.08 4746.07 4745.84 4745.6 4747.21 4748.77 4750.72 4756.45 4757.58 4758.57 4759.63 4760.51 4761.84 4763.17 4764.48 4765.86 4767.33 4768.88 4770.12 4770.5 4771.03 4770.9 4770.5 4769.94 4769.48 4769.48 4769.08 4768.46 4768.73 4769.47 4770.39 4771.33
4749.62 4749.78 4749.84 4749.79 4749.8 4749.84 4749.9 4750 4750.14 4750.07 4749.88 4749.74 4749.63 4749.54 4749.47 4749.43 4749.4 4749.41 4749.63 4749.65 4749.55 4749.43 4749.27 4749.05 4748.8 4748.57 4748.21 4747.77 4747.37 4746.97 4746.51 4746.23 4746.06 4746.06 4746.52 4746.01 4745.88 4745.84 4746.21 4746.34 4746.47 4746.67 4749.4 4755.94 4757.9 4758.65 4759.82 4761.18 4762.31 4763.54 4764.91 4766.47 4768.39 4771.02 4772.83 4771.63 4771.09 4770.71 4770.17 4769.46 4769.69 4769.27 4768.43 4768.59 4769.23 4770.1 4771.07
4749.51 4749.66 4749.71 4749.7 4749.71 4749.72 4749.78 4749.82 4749.81 4749.75 4749.74 4749.69 4749.64 4749.59 4749.55 4749.53 4749.5 4749.48 4749.64 4749.57 4749.36 4748.99 4748.68 4748.88 4748.72 4748.47 4748.31 4747.85 4747.49 4747.14 4746.8 4746.52 4746.25 4746.07 4745.79 4745.92 4746 4746.11 4746.28 4746.13 4745.7 4745.51 4747.06 4752.29 4755.01 4756.67 4758.8 4760.17 4761.12 4762.22 4763.5 4765 4766.61 4768.45 4770.29 4770.59 4770.69 4770.81 4770.75 4770.14 4769.89 4769.36 4768.73 4768.64 4769.09 4769.87 4770.85
4749.34 4749.42 4749.5 4749.54 4749.57 4749.59 4749.62 4749.62 4749.61 4749.62 4749.6 4749.59 4749.57 4749.53 4749.5 4749.48 4749.46 4749.44 4749.42 4749.48 4749.34 4749.22 4749.22 4749.02 4748.82 4748.59 4748.41 4748.12 4747.81 4747.28 4747 4746.74 4746.48 4746.3 4746.05 4746.25 4746.35 4746.51 4746.77 4746.57 4745.93 4745.33 4745.96 4748.97 4750.9 4753.66 4756.78 4758.61 4759.43 4760.48 4761.7 4762.99 4764.2 4764.98 4766.49 4768.61 4769.82 4770.57 4770.98 4770.63 4769.94 4769.28 4768.7 4768.53 4768.92 4769.68 4770.64
4749.17 4749.21 4749.31 4749.37 4749.42 4749.45 4749.49 4749.47 4749.45 4749.37 4749.45 4749.47 4749.48 4749.46 4749.45 4749.42 4749.41 4749.37 4749.35 4749.42 4749.4 4749.42 4749.39 4749.18 4748.95 4748.71 4748.58 4748.25 4747.98 4747.72 4747.29 4747.08 4746.9 4746.79 4747.12 4746.91 4746.7 4746.76 4746.99 4746.87 4746.33 4745.86 4745.65 4746.35 4747.66 4750.52 4753.64 4755.57 4756.99 4758.39 4759.83 4761.09 4762.31 4763.41 4765.17 4767.35 4769.03 4770.14 4770.52 4770.23 4769.93 4769.32 4768.48 4768.2 4768.73 4769.52 4770.49
4749 4749.11 4749.15 4749.21 4749.27 4749.32 4749.34 4749.35 4749.35 4749.41 4749.37 4749.36 4749.34 4749.34 4749.3 4749.27 4749.25 4749.25 4749.24 4749.41 4749.4 4749.42 4749.4 4749.19 4748.95 4748.7 4748.47 4748.26 4748.04 4747.82 4747.54 4747.35 4747.18 4747.03 4746.78 4746.73 4746.82 4746.79 4746.73 4746.53 4746.35 4745.8 4745.52 4745.47 4746.12 4747.9 4749.98 4752.13 4754.31 4756.13 4757.84 4759.47 4760.99 4762.54 4764.47 4766.65 4768.51 4769.86 4770.44 4770.11 4769.96 4769.43 4768.63 4768.26 4768.63 4769.38 4770.4
4748.82 4748.85 4748.98 4749.08 4749.14 4749.18 4749.22 4749.24 4749.28 4749.3 4749.28 4749.25 4749.22 4749.21 4749.19 4749.2 4749.18 4749.18 4749.21 4749.22 4749.25 4749.3 4749.38 4749.11 4748.86 4748.65 4748.47 4748.26 4748.07 4747.89 4747.72 4747.55 4747.4 4747.19 4747.17 4747.13 4746.87 4746.71 4746.6 4746.48 4746.14 4745.92 4745.68 4745.26 4745.12 4746.23 4748.25 4750.36 4752.06 4754.01 4756.01 4757.98 4759.98 4762.05 4764.02 4766.19 4768.18 4769.82 4770.58 4770.31 4770.2 4769.75 4768.88 4768.42 4768.58 4769.28 4770.27
4748.74 4748.7 4748.88 4748.98 4749.03 4749.07 4749.09 4749.12 4749.13 4749.13 4749.13 4749.12 4749.11 4749.09 4749.08 4749.07 4749.09 4749.08 4749.13 4749.11 4749.1 4749.04 4748.93 4748.81 4748.7 4748.57 4748.45 4748.3 4748.14 4747.99 4747.83 4747.69 4747.55 4747.35 4747.22 4747.01 4746.86 4746.61 4746.32 4745.94 4745.77 4745.71 4745.99 4745.24 4744.93 4745.5 4746.54 4747.87 4749.79 4752.01 4754.3 4756.59 4758.85 4761.09 4763.38 4765.65 4767.82 4769.71 4770.78 4770.78 4770.49 4769.9 4768.91 4767.86 4768.49 4769.22 4770.16
4748.97 4748.99 4748.95 4748.94 4748.96 4748.97 4748.96 4748.97 4749 4748.97 4748.98 4748.99 4748.98 4748.97 4748.96 4748.96 4748.96 4748.98 4748.98 4748.95 4748.88 4748.78 4748.55 4748.53 4748.55 4748.48 4748.43 4748.33 4748.21 4748.08 4747.97 4747.83 4747.7 4747.46 4747.34 4747.15 4746.91 4746.59 4746.17 4745.75 4745.47 4745.71 4745.75 4745.1 4744.61 4745.06 4745.24 4745.88 4747.85 4750.24 4752.72 4755.24 4757.74 4760.18 4762.57 4764.93 4767.22 4769.43 4770.85 4770.97 4770.67 4770.24 4769.34 4768.89 4768.73 4769.24 4770.1
4749.02 4749.04 4748.94 4748.89 4748.86 4748.85 4748.85 4748.86 4748.87 4748.89 4748.9 4748.85 4748.82 4748.8 4748.79 4748.78 4748.79 4748.79 4748.78 4748.78 4748.72 4748.65 4748.61 4748.54 4748.49 4748.47 4748.41 4748.3 4748.2 4748.1 4748 4747.9 4747.82 4747.64 4747.54 4747.34 4747.09 4746.73 4746.22 4745.64 4745.39 4745.89 4745.28 4744.98 4744.97 4744.92 4744.69 4744.79 4746.44 4748.78 4751.3 4753.97 4756.58 4759.06 4761.6 4763.96 4766.25 4768.41 4770.32 4770.66 4770.54 4770.19 4769.49 4768.79 4768.72 4769.22 4770.07
4748.8 4748.85 4748.81 4748.77 4748.74 4748.72 4748.71 4748.69 4748.7 4748.79 4748.79 4748.67 4748.62 4748.6 4748.6 4748.6 4748.61 4748.6 4748.63 4748.63 4748.6 4748.58 4748.45 4748.36 4748.46 4748.46 4748.37 4748.28 4748.23 4748.16 4748.1 4748.04 4747.97 4747.84 4747.82 4747.6 4747.41 4747.03 4746.58 4746.1 4745.99 4745.55 4745.21 4744.97 4744.87 4745.06 4744.65 4744.59 4745.75 4747.67 4750.01 4752.76 4755.72 4758.22 4760.47 4762.74 4764.98 4766.78 4768.54 4769.79 4770.14 4770.04 4769.39 4768.47 4768.54 4769.16 4770.04
4748.6 4748.65 4748.65 4748.63 4748.58 4748.56 4748.52 4748.48 4748.47 4748.46 4748.42 4748.38 4748.38 4748.39 4748.39 4748.41 4748.41 4748.43 4748.44 4748.43 4748.46 4748.55 4748.64 4748.72 4748.53 4748.41 4748.32 4748.28 4748.18 4748.19 4748.13 4748.08 4748.09 4748.08 4748.13 4748.24 4747.83 4747.39 4747.07 4746.88 4746.87 4745.8 4745.38 4745.09 4745.02 4745.1 4744.96 4744.83 4745.42 4746.7 4748.46 4750.93 4754.8 4757.12 4758.82 4761.26 4763.79 4766.15 4768.12 4769.33 4769.82 4769.74 4769.31 4768.8 4768.7 4769.18 4770.06
4748.41 4748.46 4748.47 4748.45 4748.42 4748.37 4748.33 4748.28 4748.2 4748.08 4747.95 4748.08 4748.14 4748.18 4748.2 4748.23 4748.25 4748.27 4748.29 4748.32 4748.36 4748.47 4748.58 4748.65 4748.47 4748.36 4748.24 4748.19 4748.16 4748.14 4748.12 4748.12 4748.12 4748.12 4748.16 4748.14 4747.88 4747.59 4747.39 4747.34 4747.27 4746.28 4745.49 4745.12 4745.2 4745.68 4745.24 4744.96 4745.14 4745.71 4746.57 4747.71 4749.18 4752.73 4756.09 4759.34 4762.56 4765.66 4768.06 4768.98 4769.54 4769.78 4769.47 4768.9 4768.63 4769.16 4770.2
4748.22 4748.31 4748.32 4748.28 4748.24 4748.18 4748.12 4748.05 4747.97 4747.91 4747.94 4747.9 4747.93 4747.99 4748.03 4748.07 4748.09 4748.12 4748.14 4748.18 4748.21 4748.26 4748.31 4748.21 4748.26 4748.21 4748.14 4748.11 4748.1 4748.11 4748.13 4748.12 4748.1 4748.1 4748.05 4747.87 4747.73 4747.61 4747.45 4747.37 4746.81 4746.29 4745.96 4745.62 4745.28 4745.03 4745.04 4744.97 4744.93 4744.82 4744.9 4744.96 4745.28 4748.89 4753.24 4757.14 4760.84 4764.62 4766.97 4768.11 4769.24 4769.92 4769.98 4768.75 4768.14 4769.07 4770.52
4748.21 4748.2 4748.15 4748.12 4748.08 4748.03 4747.97 4747.87 4747.81 4747.72 4747.57 4747.69 4747.78 4747.83 4747.88 4747.91 4747.95 4747.97 4747.99 4748.01 4748.03 4748.05 4748.05 4748.16 4748.01 4747.99 4747.98 4747.95 4747.94 4747.94 4747.92 4747.94 4747.99 4748.04 4747.98 4747.91 4747.8 4747.63 4747.39 4747.01 4747.13 4746.73 4746.62 4746.46 4745.68 4745.23 4745 4744.74 4744.34 4744.21 4744.03 4743.88 4744.3 4747.5 4751.28 4755.09 4758.61 4761.53 4764.3 4766.69 4768.38 4769.72 4770.21 4768.78 4767.9 4769.05 4770.96
4748.2 4748.05 4747.96 4747.92 4747.86 4747.83 4747.78 4747.74 4747.69 4747.62 4747.61 4747.64 4747.69 4747.74 4747.76 4747.78 4747.82 4747.83 4747.85 4747.84 4747.85 4747.85 4747.78 4747.5 4747.74 4747.82 4747.81 4747.82 4747.8 4747.85 4747.86 4747.89 4747.88 4747.91 4747.94 4747.91 4747.82 4747.76 4747.58 4747.24 4747.01 4746.94 4746.98 4746.99 4745.96 4745.17 4745.17 4744.86 4744.46 4744.07 4743.91 4744.07 4745.02 4747.15 4750.05 4753.23 4756.49 4759.31 4762.14 4764.94 4767.24 4769.2 4770.1 4768.96 4767.71 4769.06 4771.3
4747.79 4747.76 4747.7 4747.67 4747.65 4747.63 4747.63 4747.61 4747.6 4747.59 4747.62 4747.63 4747.65 4747.65 4747.67 4747.67 4747.69 4747.69 4747.7 4747.67 4747.67 4747.68 4747.68 4747.86 4747.75 4747.67 4747.67 4747.67 4747.72 4747.74 4747.77 4747.79 4747.84 4747.88 4747.93 4747.98 4748.05 4747.94 4747.91 4747.97 4747.19 4746.91 4746.88 4746.61 4746.03 4745.88 4745.94 4745.14 4744.46 4744.17 4744.1 4744.38 4745.26 4746.86 4748.89 4751.47 4754.55 4757.12 4760.12 4763.12 4765.96 4768.49 4770.49 4769.39 4768.03 4769.07 4771.35
4747.39 4747.4 4747.41 4747.43 4747.45 4747.48 4747.49 4747.49 4747.52 4747.53 4747.54 4747.57 4747.61 4747.61 4747.58 4747.55 4747.55 4747.56 4747.57 4747.53 4747.52 4747.51 4747.51 4747.49 4747.51 4747.52 4747.55 4747.57 4747.6 4747.63 4747.66 4747.72 4747.78 4747.83 4747.9 4747.96 4747.92 4747.98 4747.93 4748 4747.8 4747.09 4746.86 4746.33 4745.95 4745.3 4745.75 4745.36 4744.82 4744.5 4744.32 4744.52 4745.15 4746.23 4747.47 4749.31 4751.97 4755.43 4757.71 4760.96 4764.45 4767.63 4769.94 4769.55 4768.01 4768.86 4771.13
4746.82 4747.01 4747.11 4747.19 4747.23 4747.28 4747.32 4747.36 4747.41 4747.49 4747.57 4747.62 4747.55 4747.5 4747.48 4747.42 4747.42 4747.41 4747.41 4747.37 4747.36 4747.35 4747.32 4747.33 4747.32 4747.32 4747.36 4747.4 4747.42 4747.45 4747.48 4747.51 4747.57 4747.65 4747.75 4747.87 4748.09 4747.95 4747.87 4747.64 4747.65 4747.54 4747.21 4746.83 4746.43 4746.33 4745.9 4745.79 4745.55 4745 4744.45 4744.25 4744.61 4745.38 4745.95 4746.86 4747.88 4749.76 4754.39 4758.63 4762.75 4766.53 4769.67 4769.76 4767.84 4768.46 4770.64
4746.52 4746.73 4746.89 4746.97 4747.05 4747.13 4747.19 4747.24 4747.29 4747.36 4747.42 4747.42 4747.44 4747.4 4747.38 4747.33 4747.32 4747.3 4747.3 4747.29 4747.25 4747.24 4747.19 4747 4746.91 4747.19 4747.23 4747.22 4747.21 4747.2 4747.21 4747.25 4747.35 4747.39 4747.49 4747.61 4747.64 4747.77 4747.84 4747.71 4747.77 4747.93 4747.55 4747.15 4746.69 4746.47 4746.61 4746.09 4745.8 4745.28 4744.47 4743.73 4743.91 4744.53 4745.17 4745.04 4745.63 4747.77 4751.93 4756.44 4760.86 4764.96 4768.61 4769.44 4767.87 4768.12 4770.05
4746.48 4746.59 4746.69 4746.81 4746.89 4746.95 4747.02 4747.08 4747.12 4747.21 4747.32 4747.44 4747.32 4747.25 4747.22 4747.22 4747.21 4747.15 4747.14 4747.14 4747.12 4747.16 4747.19 4747.32 4747.51 4747.26 4747.17 4747.09 4747.05 4747.03 4747.03 4747.02 4747.06 4747.08 4747.16 4747.28 4747.53 4747.46 4747.52 4747.49 4747.71 4747.96 4747.72 4747.24 4746.5 4745.57 4745.35 4745.8 4746.01 4745.62 4744.62 4743.85 4743.79 4744.1 4744.45 4744.12 4744.73 4746.57 4750.35 4754.61 4758.89 4762.87 4766.36 4767.82 4766.79 4767.4 4769.62
4746.45 4746.49 4746.54 4746.61 4746.68 4746.74 4746.82 4746.89 4746.96 4747.05 4747.07 4747.04 4747.09 4747.08 4747.08 4747.07 4747.06 4746.99 4746.99 4747 4747.06 4747.09 4747.12 4747.26 4747.4 4747.17 4747.03 4746.93 4746.87 4746.83 4746.8 4746.79 4746.79 4746.82 4746.87 4746.88 4746.58 4746.89 4747.27 4747.09 4747.61 4748.05 4747.85 4747.38 4746.49 4745.17 4744.99 4745.71 4745.73 4745.35 4744.65 4744.29 4744.02 4744.03 4744.17 4743.73 4744.19 4745.87 4749.25 4753.03 4756.99 4760.62 4763.51 4765.3 4766.55 4768.16 4769.8
4746.42 4746.39 4746.42 4746.47 4746.55 4746.61 4746.67 4746.74 4746.79 4746.79 4746.84 4746.9 4746.87 4746.87 4746.9 4746.89 4746.85 4746.86 4746.86 4746.87 4746.83 4746.87 4746.92 4746.97 4746.76 4746.92 4746.82 4746.72 4746.64 4746.59 4746.55 4746.52 4746.5 4746.51 4746.55 4746.71 4747.03 4747.37 4747.4 4747.38 4747.62 4748.04 4747.87 4747.58 4746.89 4745.5 4745.28 4745.71 4745.3 4744.67 4744.54 4744.11 4744.15 4744.13 4744.16 4743.65 4743.87 4745.45 4748.41 4751.86 4755.47 4758.87 4761.6 4763.14 4766.76 4768.85 4770.25
4746.25 4746.26 4746.3 4746.34 4746.4 4746.48 4746.54 4746.58 4746.62 4746.63 4746.63 4746.53 4746.63 4746.69 4746.71 4746.72 4746.69 4746.69 4746.7 4746.7 4746.68 4746.69 4746.75 4746.79 4747.18 4746.72 4746.57 4746.51 4746.46 4746.41 4746.36 4746.32 4746.3 4746.28 4746.28 4746.41 4746.76 4747.24 4747.53 4746.94 4747.33 4747.56 4747.74 4747.65 4747.27 4746.04 4745.2 4745.45 4745.4 4745.37 4744.98 4744.72 4744.45 4744.36 4744.33 4743.85 4743.94 4745.29 4747.81 4750.81 4754.2 4757.59 4761.2 4765.77 4767.42 4769.37 4770.54
4746.05 4746.11 4746.17 4746.23 4746.29 4746.35 4746.4 4746.44 4746.48 4746.49 4746.5 4746.58 4746.55 4746.51 4746.51 4746.53 4746.53 4746.54 4746.54 4746.57 4746.56 4746.54 4746.47 4746.38 4746.06 4746.19 4746.31 4746.31 4746.28 4746.19 4746.13 4746.06 4746.01 4745.96 4745.93 4745.97 4746.06 4746.49 4747.65 4747.19 4747.18 4747.49 4747.57 4747.54 4747.22 4746.65 4746.42 4745.7 4745.61 4745.54 4745.37 4745.1 4744.77 4744.6 4744.53 4744.13 4744.11 4745.17 4747.25 4749.84 4752.86 4756.06 4759.52 4763.05 4766.18 4769.25 4770.21
4745.87 4745.94 4746.02 4746.08 4746.17 4746.24 4746.28 4746.31 4746.31 4746.29 4746.31 4746.27 4746.27 4746.32 4746.36 4746.39 4746.39 4746.39 4746.4 4746.43 4746.42 4746.37 4746.26 4746.16 4745.97 4746.03 4746.14 4746.16 4746.14 4746.08 4746.01 4745.97 4745.88 4745.73 4745.62 4745.57 4745.61 4746.16 4747.04 4746.62 4746.93 4747.14 4747.39 4747.41 4747.24 4746.83 4746.2 4745.72 4745.81 4745.98 4745.56 4745.18 4744.97 4744.84 4744.74 4744.3 4743.83 4744.87 4746.71 4748.9 4751.49 4754.19 4757.03 4759.86 4763.29 4766.69 4768.72
4745.75 4745.84 4745.95 4746.02 4746.09 4746.14 4746.14 4746.17 4746.19 4746.2 4746.14 4746.04 4746.04 4746.15 4746.24 4746.23 4746.24 4746.25 4746.24 4746.3 4746.28 4746.23 4746.19 4746.13 4746.17 4746.13 4746.08 4746.03 4745.97 4745.92 4745.82 4745.74 4745.64 4745.52 4745.43 4745.3 4745.27 4745.32 4746.7 4746.57 4746.81 4747.19 4747.32 4747.29 4747.17 4746.94 4746.53 4746.08 4745.97 4745.86 4745.48 4745.2 4745.08 4745.02 4744.91 4744.37 4743.82 4744.68 4746.13 4747.94 4750.06 4752.27 4754.59 4757.01 4760.3 4763.63 4766.71
