real_craters/C200-500m.grd
DSAA
417 417
-104.125 104.125
-104.125 104.125
3456.1122693031 6946.0613758031
[rows 360 to 389 of 417, columns 201 to 267 of 417]
4750.38 4749.88 4749.28 4748.08 4747.82 4748.85 4750.97 4751.33 4752.07 4754.04 4756.59 4759.44 4761.06 4760.92 4761.79 4762.09 4763.07 4763.54 4764.68 4766.27 4767.53 4770.38 4772.37 4772.35 4771.96 4773.6 4773.81 4774.52 4778.16 4780.95 4782.92 4783.55 4783.87 4783.93 4784.35 4785.02 4786.04 4787.93 4789.82 4792.74 4795.82 4799.28 4802.51 4805.84 4809.25 4812.64 4816.07 4819.29 4822.19 4824.69 4826.88 4828.37 4829.58 4829.97 4828.46 4827.69 4822.47 4817.92 4812.96 4806.82 4799.59 4792.91 4787.2 4781.03 4774.46 4766.95 4765.67
4750.99 4750.66 4749.57 4747.34 4747 4748.39 4749.51 4749.43 4750.45 4752.31 4754.98 4757.62 4757.93 4759.89 4761.13 4761.99 4762.72 4763.34 4764.12 4764.34 4765.63 4766.33 4769.02 4770.09 4770.04 4772.28 4773.85 4773.73 4775.5 4777.04 4777.36 4779.23 4781.14 4782.2 4782.88 4783.58 4784.18 4785.89 4788.22 4791.03 4794.08 4797.73 4801.11 4804.64 4807.97 4811.4 4814.81 4818.03 4820.8 4823.21 4824.86 4825.69 4826.45 4827.17 4828.52 4825.24 4819.78 4815.64 4810.19 4803.78 4796.35 4789.27 4781.52 4773.83 4766.11 4758.48 4758.05
4750.41 4748.92 4745.08 4744.04 4745.41 4746.87 4746.67 4746.35 4748.36 4749.86 4752.08 4757.6 4757.03 4759.83 4760.61 4760.89 4761.79 4762.78 4763.58 4764.76 4765.25 4765.18 4765.38 4768.17 4767.61 4769.77 4771.46 4772.44 4773.91 4775.38 4776.08 4777.91 4779.96 4781.05 4781.26 4782.06 4782.29 4783.94 4786.64 4789.74 4792.94 4796.11 4800.28 4803.68 4806.92 4810.24 4812.98 4816.52 4819.56 4821.14 4823.09 4823.44 4823.68 4824.73 4827.7 4825.25 4821.02 4815.36 4808.86 4801.96 4794.3 4787.03 4778.57 4769.98 4761.9 4755.47 4755.89
4749.22 4747.43 4742.27 4742.48 4743.17 4745.19 4746.36 4746.92 4747.08 4747.31 4746 4743.76 4760.71 4760.56 4760.66 4761.09 4761.23 4761.47 4762.14 4764.14 4764.63 4764.75 4765.65 4766.63 4766.7 4770.1 4770.69 4772.18 4774.04 4775.31 4777.22 4778.77 4779.43 4780.53 4781.24 4781.54 4780.55 4782.67 4786.04 4789.11 4792.06 4795.18 4798.25 4801.3 4804.53 4807.57 4810.79 4814.95 4819.13 4821.55 4821.27 4821.28 4821.26 4821.44 4824.54 4824.33 4821.56 4814.72 4807.43 4800.18 4793.36 4784.86 4776.59 4767.91 4759.8 4753.69 4754.25
4748.06 4745.28 4743.7 4743.31 4744.17 4743.45 4744.15 4745.81 4746.41 4746.98 4747.65 4750.87 4755.98 4758.51 4759.79 4760.59 4760.97 4761.35 4761.95 4762.92 4763.31 4763.83 4764.56 4766.2 4767.89 4775.18 4772.8 4774.28 4775.28 4775.95 4776.35 4776.83 4778.53 4780.57 4782.45 4783.69 4782.73 4783.88 4785.99 4788.76 4791.4 4793.89 4796.69 4799.45 4801.78 4805.1 4808.48 4812.49 4817.14 4819.74 4819.08 4819.31 4819.71 4819.56 4821.1 4820.72 4818.78 4812.73 4805.8 4798.75 4791.4 4784.06 4775.7 4766.86 4758.91 4753.91 4754.62
4748.55 4749.28 4746.56 4744.58 4742.23 4742.32 4743.14 4744.58 4745.83 4747.51 4750.35 4752.88 4751.79 4755.01 4757.43 4759.31 4760.52 4761.41 4761.93 4762.17 4761.67 4764.11 4764.4 4766.1 4771.65 4781.85 4779.12 4779.1 4777.85 4776.84 4776.05 4776.21 4777.52 4779.77 4784.52 4785 4786.35 4786.17 4786.96 4788.86 4791.04 4792.99 4795.32 4798.05 4799.74 4802.53 4805.08 4807.89 4811.45 4814.19 4815.1 4816.75 4819.26 4824.4 4824.46 4817.59 4814.44 4810.03 4804.13 4797.79 4791.38 4784.25 4776.64 4768.1 4759.33 4753.09 4755.74
4748.36 4747.29 4743.56 4740.92 4742.54 4741.96 4741.96 4743.2 4744.89 4747.01 4749.28 4750.51 4750.44 4752.94 4756.12 4758.31 4760.2 4761.64 4763.08 4762.36 4761.72 4762.24 4765.74 4767.63 4773.41 4783.85 4789.65 4784.52 4780.85 4778.2 4776.28 4775.42 4776.17 4777.85 4779.51 4783.88 4786.09 4786.26 4787.19 4788.88 4790.68 4792.66 4793.96 4795.69 4797.9 4799.56 4801.19 4802.59 4803.68 4807.37 4810.29 4813.33 4816.36 4818.75 4821 4815.07 4810.98 4807.52 4803.08 4797.76 4791.97 4785.27 4779.11 4772.21 4762.98 4755.19 4760.83
4747.13 4742.74 4739.72 4738.44 4740.5 4740.62 4740.92 4741.97 4743.79 4746.02 4748.03 4749.27 4750.04 4752.4 4755.55 4757.86 4759.79 4761.43 4762.24 4762.64 4762.17 4762.54 4764.79 4766.96 4775.82 4781.22 4785.31 4785.26 4782.5 4779.37 4776.37 4774.25 4774.8 4776.41 4778.33 4779.09 4779.95 4783.91 4786.68 4788.83 4790.64 4792.32 4793.31 4794.8 4795.63 4796.33 4797.29 4798.01 4798.93 4802.34 4806.12 4809.75 4812.99 4814.79 4816.14 4814.77 4810.6 4805.9 4801.7 4796.76 4792.05 4786.92 4782.86 4780.03 4776.41 4771.44 4772.26
4747.45 4742.86 4739.76 4738.89 4739.4 4738.71 4740.04 4741.47 4743.12 4744.95 4747.5 4749.31 4750.66 4752.91 4755.12 4757.41 4759.43 4761.1 4761.98 4761.31 4761.95 4763.14 4764.69 4768.14 4776.05 4783.48 4786.74 4785.78 4783.55 4780.16 4777.02 4774.45 4774.42 4775.57 4776.34 4776.87 4778.88 4783.67 4787.03 4789.32 4790.37 4791.29 4792.36 4795.11 4795.67 4795.98 4795.39 4795.82 4796.11 4799.9 4803.15 4806.76 4809.94 4812.57 4812.27 4811.25 4808.57 4804.61 4800.57 4795.49 4791.15 4787.91 4785.53 4786.32 4792.76 4793.68 4785.09
4749.57 4743.66 4739.43 4738.62 4738.39 4738.91 4739.96 4741.51 4742.68 4743.06 4744.32 4747.32 4751.41 4754.32 4754.49 4756.8 4758.82 4760.58 4761.55 4759.88 4761.39 4763.44 4764.32 4770.39 4776.22 4782.35 4786.55 4785.43 4783.87 4781.92 4779.28 4775.83 4776.22 4777.07 4776.95 4777.98 4782.85 4786.39 4788.69 4791.79 4793.11 4794 4794.05 4792.83 4793.24 4793.64 4794.31 4794.59 4795.99 4798.21 4800.55 4803.8 4807.04 4811.13 4809.79 4809.09 4806.59 4803.94 4800.12 4796.3 4791.25 4786.99 4784.28 4783.9 4786.96 4789.41 4787.55
4753.45 4747.39 4742.57 4739.34 4738.09 4739.25 4740.39 4741.31 4741.32 4740.5 4740.37 4744.35 4749.77 4753.24 4754.37 4756.22 4758.08 4759.86 4761.41 4760.63 4759.87 4761.68 4762.97 4768.4 4777.53 4783.34 4784.98 4785 4784.32 4783.51 4782.58 4782.17 4781.96 4781.12 4780.32 4781.21 4789.37 4791.14 4791.2 4791.85 4792.41 4792.85 4793.43 4793.53 4793.31 4793.28 4793.32 4793.62 4794.29 4795.79 4797.96 4800.7 4803.63 4806.4 4808.15 4808.32 4806.17 4803.29 4799.5 4794.85 4790.59 4785.7 4781.59 4776.87 4770.51 4775.08 4783.86
4757.8 4751.98 4746.11 4741.05 4738.65 4739.57 4740.52 4741 4740.75 4738.89 4736.79 4741.62 4746.66 4751.12 4753.47 4755.75 4757.42 4758.83 4759.27 4760.17 4760.88 4761.99 4763.3 4768.4 4777.92 4783.4 4784.64 4785.3 4785.17 4785.18 4785.96 4787.52 4788.23 4786.46 4785.44 4786.82 4793.12 4793.89 4793.78 4793.74 4793.77 4793.55 4793.42 4793.34 4792.97 4792.85 4792.73 4793.33 4794.16 4794.42 4795.87 4797.97 4800.35 4803.8 4810.2 4807.9 4805.65 4802.98 4799.76 4793.92 4788.77 4784.22 4779.81 4774.45 4768.24 4772.89 4782.98
4762.83 4756.96 4749.36 4741.09 4738.8 4740.74 4740.76 4740.91 4741.13 4740.41 4740.23 4742.21 4745.23 4748.59 4752.65 4755.09 4756.95 4758.65 4759.45 4760.26 4759.86 4760.22 4762.55 4767.89 4776.48 4781.82 4784.34 4784.66 4784.89 4785.86 4787.51 4790.03 4790.98 4790.18 4790.21 4792.03 4795.31 4795.93 4795.43 4794.99 4794.59 4794.21 4794.01 4794.02 4793.28 4792.63 4791.78 4790.87 4791.75 4792.65 4793.88 4795.23 4797.34 4802.77 4806.98 4807.52 4805.69 4802.98 4799.45 4794.04 4789.1 4784.2 4779.95 4777.18 4776.95 4778.23 4785.06
4767.2 4762.48 4759.39 4745.73 4739.17 4740.92 4740.57 4740.54 4740.74 4742.06 4744.05 4743.82 4745.13 4747.29 4751.51 4754.16 4756.61 4758.78 4760.24 4759.89 4762.53 4756.87 4762.12 4769.47 4775.35 4778.45 4780.27 4782.29 4783.98 4785.46 4787.25 4789.06 4790.74 4791.58 4793.18 4795.68 4796.88 4797.3 4796.96 4796.63 4795.38 4794.82 4795.13 4794.34 4793.7 4792.38 4790.95 4790.17 4790.79 4791.93 4793.07 4793.97 4794.95 4797.68 4804.22 4805.55 4804.84 4802.86 4799.59 4794.81 4790.1 4785.85 4782.34 4779.76 4779.12 4780.98 4786.39
4769.82 4764.87 4759.3 4750.41 4741.53 4740.53 4740.29 4740.51 4740.7 4741.78 4743.24 4744.29 4745.41 4747.08 4750.49 4753.61 4756.51 4758.72 4759.44 4757.8 4757.67 4755.98 4763.98 4774 4777.66 4777.78 4778.87 4780.91 4783.16 4784.79 4786.25 4787.83 4788.96 4791.75 4794.41 4796.68 4796.95 4797.66 4797.89 4797.83 4797.82 4796.99 4796.49 4794.99 4794.45 4793.07 4792.11 4790.8 4792.29 4793.89 4795.18 4796.04 4795.96 4798.14 4804.37 4805.34 4804.4 4803.26 4799.02 4796.23 4793.35 4789.32 4784.41 4780.38 4778.42 4781.26 4786.1
4771.41 4765.9 4759.84 4755.94 4753.18 4743.99 4741.58 4741.86 4742.13 4742.34 4742.94 4744.75 4746.14 4747.08 4749.99 4753.41 4756.19 4758.5 4760.42 4758.26 4754.73 4757.67 4765.99 4772.57 4776.89 4778.21 4779.54 4781.42 4782.28 4783.7 4785.34 4787.26 4789.47 4791.71 4794.17 4797.59 4796.92 4797.7 4797.97 4797.97 4797.76 4797.52 4797.1 4795.7 4794.91 4794.59 4794.51 4795.22 4796.03 4797.68 4799.47 4801.83 4802.82 4811.88 4805.31 4804.74 4805.01 4804.46 4802.8 4800.04 4796.78 4791.89 4787.12 4781.84 4778.46 4781.9 4784.86
4772.52 4767.07 4761.62 4760.07 4759.29 4751.36 4746.91 4744.73 4742.78 4743.12 4744.67 4745.65 4747.65 4749.87 4751.97 4753.7 4755.49 4757.08 4757.63 4755.58 4756.07 4759.55 4763.89 4769.33 4774.82 4775.26 4777.26 4779.26 4780.72 4782.29 4784.2 4786.46 4789.29 4790.84 4792.03 4792.78 4796.6 4798.32 4798.54 4798.48 4797.54 4796.97 4796.75 4795.95 4795.79 4795.64 4796.35 4798.19 4799.97 4802.2 4806.06 4809.63 4812.85 4815.75 4810.79 4806.19 4806.59 4806.03 4804.31 4803.05 4800.78 4797.35 4792.73 4787.13 4783.44 4783.38 4783.67
4773.21 4768.4 4764.74 4763.72 4760.36 4757.35 4753.86 4748.16 4743.46 4740.6 4743.29 4746.18 4748.68 4751.57 4752.5 4753.82 4754.61 4753.58 4750.55 4754.51 4758.2 4761.47 4765.1 4769.95 4772.94 4773.33 4775.31 4777.24 4778.64 4780.45 4782.32 4784.62 4787.12 4788.78 4790.04 4792.14 4798.28 4799.4 4798.6 4798.23 4797.9 4797.54 4797.05 4796.5 4796.59 4796.82 4798.1 4800.25 4803.02 4806.17 4811.41 4816.43 4820.97 4819.91 4813.91 4813.14 4810.7 4808.9 4808.12 4807.21 4806.03 4804.28 4801.17 4795.4 4790.68 4787.97 4783.84
4774.22 4769.21 4764.69 4762.19 4761.89 4759.7 4756.92 4750.79 4745.1 4741.7 4743.69 4746.56 4748.82 4751.27 4753.33 4754.34 4754.65 4754.84 4753.45 4754.82 4759.55 4763 4766.59 4771.88 4772.56 4773.24 4773.82 4774.8 4776.57 4778.42 4780.35 4782.32 4783.97 4785.88 4788.53 4791.67 4795.42 4798.54 4798.78 4798.16 4797.97 4797.66 4797.63 4797.52 4797.63 4798.25 4799.45 4802.57 4805.2 4809.21 4815.88 4822.7 4828.64 4827.22 4822.02 4819.77 4815.91 4812.25 4811.87 4811.17 4810.91 4810.99 4811.1 4808.87 4801.8 4792.99 4785.16
4775.84 4770.7 4765.13 4759.88 4757.87 4757.85 4757.05 4752.34 4747.33 4743.91 4746.26 4747.61 4749.06 4750.09 4753.6 4754.38 4754.98 4755.36 4755.11 4755.78 4759.69 4761.27 4762.37 4768.25 4770.5 4772.06 4772.5 4773.19 4775.06 4776.98 4779.03 4780.74 4781.91 4784.07 4787.82 4792.1 4795.13 4797.67 4798.43 4797.72 4797.47 4797.59 4798.37 4799.23 4799.44 4799.47 4799.58 4801.86 4806.37 4811.84 4817.85 4824.69 4833.87 4834.16 4829.28 4825.03 4819.86 4815.28 4812.35 4814.17 4814.16 4815.06 4818.06 4821.93 4810.64 4797.59 4786.25
4777.65 4773.73 4768.41 4761.03 4757.47 4757.53 4757.06 4753.53 4750.38 4748.52 4748.56 4749.76 4749.77 4748.98 4751.45 4753.27 4754.79 4755.14 4754.53 4756.7 4757.65 4758.37 4759.25 4763.1 4765.29 4769.69 4771 4772.63 4773.63 4775.4 4777.67 4779.87 4781.83 4784.44 4787.6 4791.56 4795.59 4797.35 4797.34 4797.79 4798.33 4799 4800.07 4801.22 4801.8 4802.03 4801.48 4804.22 4809.11 4813.99 4818.63 4823.06 4827.53 4836.63 4835.65 4827.57 4821.11 4816.58 4815.81 4814.59 4814.3 4814.81 4816.01 4817.49 4808.69 4797.74 4787.44
4780.29 4777.91 4775.7 4774.05 4767.29 4761.07 4757.94 4755.54 4753.04 4752.24 4753.07 4753.26 4751.98 4750.57 4750.15 4751.95 4754.46 4757.98 4753.18 4754.31 4756.16 4757.59 4757.3 4760.82 4764.18 4767.69 4769.58 4769.86 4771.26 4774.25 4777.18 4780.06 4782.58 4785.02 4788.06 4790.9 4794.37 4795.79 4796.42 4797.6 4799.14 4800.67 4802.49 4804.2 4805.73 4807.08 4807.45 4810.04 4813.53 4817.4 4820.73 4824.09 4831.25 4839.9 4838.43 4827.71 4821.05 4817.76 4815.92 4814.24 4813.39 4811.9 4808.73 4803.03 4801.41 4795.73 4787.68
4781.77 4780.95 4781.41 4784.38 4775.59 4765.11 4764.06 4758.58 4754.43 4755.85 4759.99 4757.27 4755.21 4753.1 4750.81 4751.4 4753.29 4753.39 4751.59 4751.37 4756.72 4761.32 4764.1 4771.11 4771.99 4771.95 4769.71 4769.1 4770.28 4773.6 4777.7 4781.81 4785.01 4787.12 4792.45 4794.04 4793.17 4792.71 4795.27 4797.45 4800.33 4802.31 4804.9 4807.51 4809.92 4813.05 4816.9 4817.98 4819.26 4821.51 4824.74 4827.42 4829.89 4839.61 4837.67 4826.13 4818.64 4816.56 4814.87 4813.54 4812.21 4810.09 4806.3 4800.54 4798.44 4794.51 4788.52
4781.6 4781.68 4781.59 4780 4775.99 4766.89 4767.39 4760.92 4750.54 4751.48 4758.98 4758.91 4757.09 4757.58 4752.02 4751.63 4754.22 4754.66 4751.87 4753.78 4762.59 4770.03 4774.16 4779.73 4776.41 4771.96 4769.56 4768.71 4769.89 4773.25 4777.96 4783.72 4790.85 4801.48 4802.25 4799.82 4794.68 4792.35 4794.74 4797.74 4801.53 4805.04 4808.36 4811.36 4814.29 4817.47 4828.2 4823.52 4824.38 4827.27 4830.5 4834.12 4834.73 4839.84 4835.43 4824.5 4817.63 4815.78 4814.5 4813.4 4811.76 4809.36 4808.22 4805.64 4798.77 4794.24 4789.13
4780.41 4780.77 4780.83 4780.29 4775.73 4772.5 4771.01 4764.02 4755.92 4755.02 4758.99 4759.29 4756.33 4748.56 4752.68 4753.86 4755.47 4754.59 4753.62 4757.4 4766.37 4776.59 4786.15 4788.48 4781.15 4771.85 4769.98 4768.49 4769.08 4772.71 4778.88 4785.73 4792.93 4796.21 4801.81 4801.53 4795.75 4792.59 4795.3 4799.21 4803.78 4808.42 4812.62 4816.34 4819 4820.49 4821.82 4826.61 4829.47 4832.64 4836.28 4840.75 4842.9 4840.87 4835.04 4826.4 4819.73 4816.85 4815.11 4813.53 4811.32 4808.41 4803.15 4799.78 4798.14 4794.2 4789.34
4778.96 4778.81 4778.81 4777.83 4774.87 4771.5 4768.71 4764.45 4761.52 4759.75 4760.09 4761.7 4762.72 4761.47 4761.32 4762.42 4759.71 4753.58 4754.73 4760.84 4771.65 4782.82 4791.35 4789.29 4784.4 4780.04 4772.9 4767.57 4766.03 4773.67 4781.33 4787.85 4793.64 4798.03 4799.85 4798.62 4795.8 4794.55 4797.08 4801.68 4806.96 4812.45 4817.54 4822.23 4825.62 4827.19 4828.29 4833.05 4835.02 4838.04 4840.27 4841.8 4843.95 4840.98 4836.17 4828.29 4821.23 4818.73 4816.8 4815.09 4812.81 4809.83 4805.79 4801.36 4798.5 4794.55 4789.27
4776.32 4776.78 4776.01 4774.07 4773.86 4770.58 4765.85 4762.64 4762.29 4762.67 4764.52 4768.1 4772.56 4775.92 4773.11 4776.34 4779 4765.84 4758.3 4763.16 4777.72 4789.57 4789.01 4785.13 4787.52 4783.1 4773.69 4770.96 4773.09 4778.95 4786.01 4791.36 4795.08 4798.25 4798.66 4797.4 4795.8 4794.48 4799.85 4804.69 4810.52 4817.18 4823.62 4829.86 4834.61 4837.74 4839.59 4841.03 4840.73 4841.79 4843.51 4843.8 4848.4 4847.94 4839.71 4831.61 4824.9 4821.55 4819.26 4817.21 4814.88 4812.17 4809.93 4804.96 4800.22 4795.45 4789.59
4773.87 4775.26 4776.57 4775.56 4772.4 4769.55 4766.78 4764.28 4761.82 4764.54 4768 4772.12 4777.81 4780.5 4769.08 4764.48 4789.43 4785.01 4766.21 4769.24 4781.89 4790 4779.68 4777.29 4785.68 4787.57 4774.18 4776.79 4780.65 4789.68 4793.81 4795.42 4795.18 4795.19 4793.47 4794.28 4796.51 4802.85 4803.86 4807.5 4813.61 4821.42 4829.24 4837.24 4844.31 4850.09 4851.58 4849.62 4846.16 4845.11 4845.95 4847.54 4847.57 4847.2 4841.43 4834.51 4828.76 4824.45 4821.33 4819.04 4817.13 4814.54 4809.61 4806.46 4802.26 4797.07 4790.62
4771.65 4773.67 4775.46 4774.24 4771.34 4767.46 4768.72 4771.22 4766.99 4767.73 4769.15 4770.03 4772.55 4767.71 4753.9 4751.97 4779.92 4783.54 4778.82 4778.65 4783.66 4786.51 4776.84 4772.44 4778.21 4777.72 4774.32 4785.52 4802.3 4807.98 4803.35 4798.67 4794.86 4791.26 4789.21 4793.08 4795.05 4797.65 4803.13 4809.75 4817.03 4825.93 4835.09 4844.32 4853.23 4860.3 4860.65 4856.57 4850.02 4846.71 4844.78 4843.38 4846.18 4845.98 4840.61 4835.06 4831.14 4825.64 4822.17 4820.6 4819.71 4818.52 4815.63 4808.95 4804.62 4798.54 4792.53
4769.87 4771.61 4772.19 4770.52 4767.67 4766.21 4770.49 4776 4774.11 4770.81 4768.91 4767.67 4768.8 4762.83 4742.73 4716.47 4781.89 4790.17 4789.22 4787.02 4784.81 4784.94 4778.34 4771.77 4774.52 4769.29 4769.27 4787.43 4812.69 4816.24 4806.64 4799.54 4794.18 4789.7 4788.56 4791.66 4793.9 4798.13 4804.05 4810.95 4819.12 4828.96 4839.62 4850.45 4860.48 4867.09 4866.12 4860.2 4851.78 4846.38 4842.56 4842.5 4844.23 4842.55 4837.51 4831.82 4825.98 4822.46 4821.49 4821 4821.18 4821.48 4819.3 4811.34 4805.86 4799.6 4793.63
