real_craters/C200-750m.grd
DSAA
279 279
-104.125 104.125
-104.125 104.125
3456.0255299819 6931.2158232105
[rows 228 to 265 of 279, columns 168 to 251 of 279]
4823 4832 4823 4813 4805 4802 4803 4803 4801 4799 4795 4792 4797 4817 4826 4831 4820 4808 4800 4792 4782 4773 4764 4753 4742 4732 4721 4710 4704 4703 4704 4706 4706 4706 4706 4707 4708 4706 4705 4705 4705 4706 4707 4707 4706 4706 4706 4706 4706 4706 4707 4706 4706 4707 4706 4705 4705 4704 4705 4710 4711 4708 4706 4705 4704 4701 4700 4700 4699 4699 4699 4700 4700 4700 4700 4700 4700 4700 4700 4700 4700 4701 4701 4701
4802 4808 4810 4806 4802 4800 4801 4801 4802 4802 4801 4800 4823 4828 4821 4809 4798 4797 4792 4782 4772 4762 4753 4746 4735 4726 4717 4709 4705 4703 4704 4706 4706 4706 4707 4708 4708 4706 4705 4705 4705 4705 4707 4707 4707 4706 4706 4706 4706 4706 4706 4706 4706 4706 4707 4706 4706 4706 4708 4711 4712 4708 4706 4705 4703 4701 4700 4700 4700 4699 4699 4699 4700 4700 4700 4700 4700 4700 4700 4700 4700 4700 4700 4700
4802 4798 4800 4799 4797 4799 4799 4799 4800 4803 4808 4817 4831 4828 4815 4798 4790 4787 4783 4774 4763 4752 4745 4732 4725 4719 4713 4708 4705 4704 4705 4706 4706 4706 4707 4708 4708 4707 4705 4705 4705 4705 4707 4707 4707 4706 4706 4706 4706 4706 4707 4705 4706 4707 4707 4707 4706 4707 4708 4711 4712 4709 4707 4705 4703 4701 4701 4700 4700 4699 4700 4699 4699 4700 4700 4700 4700 4700 4700 4700 4700 4700 4700 4700
4802 4797 4797 4796 4792 4792 4794 4796 4798 4802 4809 4819 4814 4822 4810 4794 4783 4779 4774 4764 4754 4745 4733 4722 4717 4713 4710 4707 4705 4705 4706 4706 4706 4706 4707 4708 4708 4707 4705 4705 4705 4705 4707 4707 4706 4706 4706 4706 4706 4706 4706 4705 4706 4707 4708 4707 4707 4707 4707 4710 4712 4709 4707 4705 4702 4701 4700 4700 4700 4700 4700 4699 4699 4699 4699 4700 4700 4700 4700 4700 4699 4699 4699 4699
4811 4800 4800 4797 4792 4790 4795 4798 4801 4803 4805 4810 4830 4823 4812 4798 4783 4775 4765 4756 4745 4735 4726 4715 4711 4709 4707 4706 4705 4705 4706 4707 4707 4706 4707 4708 4708 4707 4706 4705 4705 4706 4706 4706 4706 4705 4705 4705 4705 4706 4706 4706 4707 4708 4709 4708 4707 4707 4707 4709 4712 4710 4707 4705 4703 4701 4700 4700 4699 4700 4700 4699 4699 4699 4699 4700 4700 4700 4700 4699 4699 4699 4699 4699
4812 4810 4808 4804 4800 4799 4801 4801 4801 4799 4797 4804 4841 4820 4816 4807 4788 4775 4761 4749 4739 4728 4716 4709 4707 4706 4706 4705 4705 4705 4706 4707 4706 4706 4707 4708 4709 4708 4706 4706 4706 4707 4705 4705 4705 4705 4705 4705 4705 4706 4706 4708 4708 4709 4709 4708 4707 4707 4707 4709 4712 4710 4708 4706 4703 4701 4700 4699 4699 4700 4700 4699 4699 4699 4699 4699 4700 4700 4699 4699 4699 4699 4698 4699
4813 4821 4819 4814 4812 4818 4810 4805 4801 4796 4792 4786 4805 4820 4818 4811 4795 4777 4760 4747 4735 4722 4711 4705 4704 4704 4704 4704 4705 4705 4706 4706 4706 4706 4707 4708 4709 4708 4707 4706 4707 4707 4705 4705 4705 4705 4705 4705 4705 4706 4707 4708 4709 4709 4709 4708 4707 4707 4707 4709 4712 4711 4708 4706 4703 4701 4700 4699 4699 4700 4700 4698 4699 4699 4699 4699 4700 4699 4699 4699 4699 4699 4699 4699
4825 4829 4827 4826 4823 4820 4814 4808 4803 4799 4797 4799 4803 4816 4818 4809 4795 4776 4762 4748 4733 4717 4706 4704 4704 4704 4704 4704 4705 4705 4706 4706 4705 4706 4707 4708 4709 4708 4708 4707 4707 4707 4705 4705 4704 4705 4705 4705 4705 4706 4707 4708 4709 4709 4709 4709 4708 4707 4707 4708 4712 4711 4708 4705 4701 4700 4699 4699 4699 4700 4699 4698 4698 4699 4699 4699 4699 4699 4699 4699 4699 4699 4699 4699
4830 4833 4833 4833 4827 4820 4816 4811 4807 4805 4804 4807 4803 4810 4815 4810 4784 4772 4760 4747 4732 4719 4707 4704 4704 4704 4704 4704 4705 4705 4706 4707 4706 4706 4707 4708 4709 4709 4708 4707 4707 4706 4704 4704 4704 4704 4704 4704 4705 4706 4707 4709 4709 4709 4709 4709 4708 4707 4707 4708 4711 4712 4708 4705 4701 4699 4698 4698 4698 4699 4699 4698 4698 4699 4699 4699 4700 4699 4699 4699 4699 4699 4699 4699
4832 4839 4834 4828 4826 4822 4817 4813 4809 4807 4805 4803 4803 4809 4803 4792 4778 4765 4754 4742 4721 4707 4706 4705 4705 4704 4705 4705 4705 4706 4706 4707 4706 4707 4708 4708 4709 4709 4708 4706 4706 4705 4704 4704 4704 4704 4704 4705 4705 4706 4707 4709 4709 4709 4709 4709 4708 4707 4707 4708 4711 4712 4707 4704 4700 4697 4697 4697 4698 4699 4698 4698 4698 4699 4699 4700 4700 4699 4699 4699 4699 4699 4699 4699
4833 4837 4835 4828 4825 4821 4816 4811 4807 4806 4809 4807 4801 4795 4789 4779 4767 4753 4740 4726 4710 4705 4705 4705 4705 4705 4705 4705 4705 4706 4707 4707 4707 4707 4708 4708 4709 4709 4707 4704 4706 4706 4705 4704 4704 4704 4704 4705 4706 4707 4707 4708 4708 4709 4710 4709 4708 4708 4707 4708 4711 4713 4707 4705 4700 4697 4697 4697 4698 4699 4698 4698 4698 4698 4699 4699 4699 4699 4699 4699 4699 4699 4699 4698
4832 4836 4836 4838 4831 4821 4813 4806 4801 4799 4801 4801 4797 4789 4781 4770 4754 4739 4724 4707 4705 4705 4706 4706 4705 4705 4705 4706 4706 4707 4708 4708 4707 4707 4707 4708 4709 4709 4706 4705 4706 4706 4705 4704 4704 4704 4703 4705 4706 4707 4708 4708 4708 4709 4710 4709 4709 4708 4707 4708 4711 4713 4707 4702 4700 4697 4697 4698 4698 4699 4698 4698 4698 4698 4699 4699 4699 4699 4699 4699 4698 4698 4698 4697
4829 4832 4833 4834 4828 4817 4807 4798 4790 4785 4786 4787 4791 4791 4780 4764 4743 4727 4715 4707 4705 4705 4706 4706 4706 4706 4706 4706 4706 4707 4708 4707 4706 4707 4707 4708 4708 4708 4706 4705 4706 4706 4705 4704 4704 4704 4705 4706 4706 4707 4708 4708 4709 4709 4710 4710 4709 4708 4708 4708 4711 4714 4708 4702 4700 4699 4698 4698 4698 4699 4698 4698 4698 4698 4698 4698 4699 4699 4698 4698 4698 4698 4697 4697
4826 4828 4828 4825 4818 4812 4802 4791 4781 4770 4757 4769 4783 4792 4777 4756 4735 4720 4711 4707 4706 4706 4706 4706 4706 4706 4706 4706 4706 4706 4706 4706 4706 4707 4707 4708 4708 4708 4706 4705 4706 4706 4705 4704 4704 4704 4705 4706 4706 4707 4707 4708 4709 4709 4710 4710 4709 4708 4708 4708 4710 4712 4707 4702 4700 4699 4698 4698 4698 4699 4698 4698 4698 4698 4698 4698 4698 4698 4698 4698 4698 4697 4697 4697
4823 4823 4826 4826 4819 4809 4799 4788 4775 4763 4754 4762 4772 4773 4760 4745 4727 4712 4707 4706 4705 4706 4706 4706 4706 4706 4706 4706 4706 4705 4707 4706 4706 4707 4707 4708 4708 4708 4706 4705 4707 4706 4704 4703 4703 4704 4705 4705 4705 4706 4707 4708 4709 4709 4710 4710 4709 4709 4708 4707 4709 4711 4707 4703 4701 4700 4698 4698 4698 4698 4698 4698 4698 4698 4698 4698 4698 4698 4698 4698 4697 4697 4697 4697
4820 4820 4821 4822 4818 4807 4797 4785 4773 4760 4754 4759 4765 4766 4755 4740 4722 4706 4704 4705 4705 4706 4706 4706 4706 4707 4707 4706 4706 4706 4707 4706 4707 4707 4708 4708 4708 4708 4706 4705 4707 4706 4703 4702 4703 4703 4703 4703 4705 4706 4707 4708 4709 4709 4710 4710 4710 4709 4708 4708 4709 4713 4710 4705 4702 4700 4699 4698 4698 4697 4698 4698 4697 4697 4698 4698 4698 4698 4698 4697 4697 4697 4697 4697
4815 4819 4827 4818 4813 4805 4796 4785 4774 4761 4753 4762 4767 4767 4759 4742 4723 4707 4703 4705 4706 4706 4706 4707 4707 4707 4707 4707 4707 4707 4707 4707 4707 4707 4707 4708 4708 4708 4705 4705 4707 4705 4704 4703 4703 4703 4703 4703 4704 4706 4707 4708 4710 4709 4710 4710 4710 4709 4708 4708 4709 4713 4710 4704 4702 4700 4699 4698 4698 4698 4698 4698 4697 4697 4698 4698 4698 4698 4697 4697 4697 4697 4696 4696
4809 4814 4817 4815 4809 4803 4795 4787 4780 4771 4764 4772 4775 4777 4769 4750 4728 4709 4703 4704 4706 4706 4706 4707 4707 4707 4707 4708 4708 4708 4706 4707 4707 4707 4707 4707 4707 4707 4706 4706 4705 4705 4704 4703 4703 4704 4704 4704 4704 4705 4707 4708 4710 4710 4710 4710 4710 4709 4709 4708 4709 4711 4707 4704 4702 4700 4698 4696 4697 4698 4697 4697 4697 4697 4698 4698 4698 4698 4697 4697 4697 4696 4696 4696
4804 4809 4813 4810 4807 4801 4794 4788 4785 4792 4790 4783 4783 4784 4773 4758 4734 4713 4705 4705 4706 4707 4707 4707 4707 4708 4708 4708 4709 4709 4707 4706 4706 4706 4706 4706 4706 4706 4706 4706 4704 4704 4704 4704 4704 4704 4704 4704 4704 4705 4706 4708 4709 4711 4711 4710 4710 4710 4709 4709 4708 4709 4707 4704 4702 4700 4698 4697 4697 4697 4697 4697 4697 4697 4698 4698 4698 4697 4697 4697 4696 4696 4696 4696
4800 4805 4810 4809 4805 4800 4794 4787 4781 4776 4782 4787 4790 4786 4776 4758 4737 4719 4708 4706 4706 4706 4706 4707 4707 4708 4708 4709 4709 4709 4707 4706 4705 4705 4705 4705 4705 4704 4706 4706 4705 4704 4704 4704 4704 4704 4704 4704 4704 4705 4706 4707 4709 4712 4711 4710 4710 4710 4709 4709 4709 4708 4708 4704 4701 4700 4698 4697 4697 4696 4697 4697 4697 4697 4698 4698 4698 4697 4697 4697 4696 4696 4695 4695
4796 4800 4807 4808 4804 4800 4792 4785 4778 4770 4777 4789 4797 4800 4793 4764 4738 4719 4708 4706 4706 4706 4706 4707 4707 4708 4708 4708 4708 4708 4706 4705 4705 4705 4704 4704 4704 4704 4706 4706 4705 4704 4704 4704 4704 4704 4704 4704 4704 4705 4706 4707 4708 4709 4710 4710 4710 4710 4709 4709 4708 4708 4708 4705 4702 4700 4699 4697 4697 4696 4696 4697 4696 4697 4697 4698 4697 4697 4697 4696 4696 4696 4695 4696
4794 4795 4803 4806 4804 4801 4793 4786 4780 4779 4783 4792 4802 4805 4788 4757 4733 4715 4705 4706 4707 4706 4706 4707 4707 4707 4708 4708 4708 4707 4706 4705 4704 4704 4704 4704 4704 4704 4706 4706 4706 4705 4705 4704 4704 4704 4704 4704 4704 4705 4706 4707 4709 4710 4710 4710 4710 4710 4709 4708 4708 4709 4709 4706 4702 4700 4698 4697 4696 4695 4696 4696 4696 4696 4697 4697 4697 4697 4696 4696 4696 4695 4695 4695
4796 4796 4802 4805 4804 4800 4795 4790 4783 4778 4783 4790 4798 4801 4769 4743 4727 4713 4706 4706 4706 4706 4707 4707 4707 4707 4708 4708 4708 4707 4706 4705 4705 4704 4704 4704 4704 4704 4706 4707 4706 4705 4705 4704 4705 4705 4704 4704 4704 4705 4706 4707 4709 4710 4710 4710 4710 4710 4709 4708 4707 4708 4709 4705 4701 4699 4697 4697 4696 4695 4696 4696 4696 4696 4697 4697 4697 4696 4696 4695 4695 4695 4694 4695
4805 4809 4812 4805 4805 4804 4802 4796 4788 4781 4783 4784 4782 4772 4753 4738 4724 4713 4706 4710 4707 4707 4707 4707 4707 4707 4707 4707 4707 4707 4705 4705 4705 4705 4704 4704 4704 4705 4706 4707 4706 4705 4705 4705 4705 4705 4704 4704 4704 4704 4705 4706 4707 4710 4710 4711 4711 4710 4709 4708 4707 4708 4708 4706 4701 4699 4698 4697 4696 4694 4695 4696 4696 4696 4697 4696 4696 4696 4695 4695 4695 4695 4695 4695
4814 4821 4818 4814 4810 4808 4807 4805 4800 4792 4787 4779 4769 4757 4744 4732 4721 4712 4707 4707 4707 4707 4707 4707 4707 4707 4707 4707 4707 4706 4706 4705 4705 4705 4705 4705 4705 4705 4706 4708 4707 4706 4705 4705 4705 4705 4704 4704 4704 4704 4705 4705 4706 4708 4709 4710 4710 4710 4709 4708 4708 4708 4708 4705 4701 4699 4698 4696 4695 4694 4695 4695 4696 4696 4695 4695 4695 4695 4695 4695 4695 4694 4694 4695
4820 4833 4830 4823 4817 4814 4813 4814 4817 4810 4792 4777 4761 4747 4736 4726 4718 4712 4706 4706 4707 4707 4707 4707 4707 4707 4707 4707 4707 4706 4706 4705 4705 4705 4705 4705 4705 4706 4707 4708 4707 4706 4705 4705 4705 4704 4704 4704 4705 4704 4705 4705 4705 4706 4709 4709 4709 4710 4710 4709 4709 4708 4707 4705 4700 4698 4697 4696 4695 4694 4694 4695 4695 4696 4695 4695 4695 4695 4695 4694 4694 4694 4695 4695
4820 4827 4838 4828 4819 4816 4814 4815 4816 4809 4794 4778 4758 4744 4733 4726 4719 4712 4707 4706 4706 4707 4707 4707 4707 4707 4707 4707 4706 4706 4706 4705 4705 4705 4705 4705 4705 4706 4707 4708 4707 4706 4705 4705 4705 4705 4704 4704 4704 4704 4705 4705 4706 4706 4708 4709 4709 4710 4710 4709 4709 4708 4707 4704 4699 4697 4696 4696 4695 4694 4694 4695 4695 4696 4695 4694 4694 4694 4694 4694 4694 4694 4694 4694
4824 4830 4844 4829 4819 4816 4814 4811 4804 4799 4793 4781 4768 4748 4730 4721 4718 4711 4706 4706 4707 4707 4707 4707 4707 4707 4707 4707 4706 4706 4706 4705 4705 4705 4705 4705 4705 4706 4708 4709 4707 4706 4705 4705 4704 4705 4705 4705 4705 4705 4706 4706 4707 4708 4709 4710 4710 4710 4710 4710 4709 4707 4707 4707 4703 4698 4696 4696 4694 4694 4694 4694 4695 4696 4695 4694 4694 4694 4694 4694 4694 4694 4694 4695
4833 4835 4840 4826 4817 4814 4813 4810 4809 4799 4793 4785 4775 4751 4726 4707 4708 4708 4706 4706 4707 4707 4707 4707 4707 4707 4707 4706 4706 4706 4706 4705 4705 4705 4705 4705 4705 4706 4707 4708 4707 4706 4705 4705 4705 4705 4705 4706 4706 4706 4707 4708 4708 4709 4710 4710 4710 4710 4710 4709 4709 4708 4708 4710 4703 4697 4695 4695 4694 4694 4694 4694 4695 4695 4695 4694 4694 4694 4694 4694 4694 4694 4694 4694
4840 4844 4838 4828 4819 4816 4814 4809 4801 4798 4793 4784 4770 4749 4724 4705 4707 4707 4706 4706 4707 4708 4708 4708 4707 4707 4707 4706 4706 4706 4706 4706 4706 4705 4705 4705 4706 4707 4708 4708 4708 4706 4705 4705 4705 4706 4706 4707 4707 4708 4708 4708 4709 4710 4709 4709 4709 4710 4709 4709 4709 4708 4708 4709 4704 4697 4695 4695 4694 4694 4694 4694 4695 4695 4695 4694 4694 4694 4694 4694 4694 4694 4694 4694
4844 4849 4845 4833 4824 4820 4817 4813 4809 4801 4793 4783 4768 4747 4725 4709 4707 4707 4706 4706 4707 4707 4708 4708 4707 4707 4707 4706 4706 4706 4706 4706 4706 4705 4705 4705 4706 4707 4708 4708 4708 4706 4705 4705 4705 4706 4707 4707 4708 4709 4709 4709 4709 4709 4709 4709 4709 4709 4709 4709 4709 4708 4708 4709 4704 4698 4695 4695 4694 4694 4694 4694 4695 4695 4695 4694 4694 4694 4694 4694 4694 4694 4694 4693
4846 4846 4845 4836 4829 4822 4819 4817 4811 4804 4796 4785 4769 4748 4726 4709 4707 4707 4706 4707 4707 4708 4708 4708 4707 4707 4707 4706 4706 4707 4706 4706 4706 4706 4706 4706 4706 4707 4708 4708 4708 4707 4706 4705 4705 4706 4707 4708 4708 4709 4709 4709 4709 4709 4709 4709 4709 4709 4709 4709 4708 4708 4707 4707 4703 4697 4695 4694 4694 4693 4694 4694 4694 4695 4694 4694 4694 4694 4694 4694 4694 4694 4694 4693
4841 4844 4840 4832 4823 4821 4821 4822 4817 4807 4797 4789 4773 4749 4727 4710 4706 4707 4706 4707 4707 4708 4709 4708 4708 4707 4707 4706 4706 4706 4706 4706 4706 4706 4706 4706 4706 4707 4708 4708 4708 4706 4705 4705 4706 4708 4708 4709 4709 4709 4709 4709 4709 4709 4709 4708 4709 4709 4709 4709 4709 4707 4705 4705 4702 4696 4695 4694 4693 4693 4694 4694 4695 4695 4694 4694 4693 4693 4693 4694 4694 4694 4694 4692
4839 4839 4833 4827 4826 4820 4820 4819 4814 4805 4796 4786 4769 4748 4728 4711 4705 4707 4706 4707 4707 4707 4707 4707 4707 4707 4707 4707 4706 4706 4706 4706 4706 4706 4706 4706 4706 4708 4708 4708 4708 4706 4705 4705 4706 4708 4708 4709 4709 4709 4709 4709 4709 4709 4709 4708 4708 4708 4708 4708 4708 4706 4704 4703 4700 4694 4695 4694 4694 4694 4694 4694 4694 4694 4694 4693 4693 4693 4693 4693 4693 4693 4694 4692
4831 4827 4826 4824 4818 4819 4818 4815 4808 4801 4791 4779 4765 4747 4729 4715 4709 4707 4707 4707 4707 4707 4707 4707 4707 4707 4707 4707 4706 4706 4706 4706 4706 4706 4706 4706 4706 4707 4708 4708 4708 4706 4705 4705 4707 4708 4709 4709 4709 4709 4709 4709 4709 4708 4708 4708 4708 4708 4708 4708 4708 4706 4705 4705 4703 4696 4696 4694 4694 4694 4693 4694 4694 4694 4693 4692 4693 4693 4693 4692 4692 4692 4693 4692
4823 4824 4825 4827 4827 4824 4817 4807 4801 4796 4787 4776 4763 4747 4731 4716 4707 4706 4706 4706 4706 4706 4707 4707 4707 4707 4707 4706 4706 4706 4706 4706 4706 4706 4706 4706 4706 4708 4708 4708 4708 4707 4706 4706 4707 4708 4708 4709 4709 4709 4709 4709 4709 4708 4708 4708 4708 4708 4708 4708 4707 4707 4706 4707 4704 4698 4697 4694 4694 4693 4693 4693 4693 4694 4693 4693 4693 4692 4692 4692 4692 4692 4693 4692
4834 4825 4827 4830 4833 4828 4816 4807 4798 4795 4787 4772 4764 4749 4732 4716 4706 4707 4705 4706 4705 4706 4707 4707 4707 4707 4707 4706 4706 4706 4707 4707 4707 4707 4706 4706 4706 4708 4708 4708 4708 4707 4706 4705 4706 4707 4708 4708 4709 4709 4709 4709 4709 4708 4708 4708 4708 4708 4708 4707 4706 4706 4706 4707 4706 4701 4697 4694 4693 4693 4693 4693 4694 4693 4693 4693 4692 4692 4692 4693 4693 4692 4692 4691
4849 4831 4831 4834 4834 4828 4815 4803 4799 4799 4796 4788 4771 4752 4734 4716 4705 4706 4705 4706 4705 4706 4706 4706 4707 4707 4707 4706 4706 4706 4707 4707 4708 4707 4706 4706 4706 4708 4708 4708 4708 4707 4706 4705 4706 4707 4708 4708 4709 4709 4709 4709 4708 4708 4707 4707 4708 4708 4708 4707 4706 4705 4704 4705 4705 4700 4698 4694 4693 4693 4693 4693 4693 4693 4693 4693 4692 4692 4692 4692 4692 4692 4692 4691
