real_craters/C200-750m.grd
DSAA
279 279
-104.125 104.125
-104.125 104.125
3456.0255299819 6931.2158232105
[rows 114 to 151 of 279, columns 0 to 83 of 279]
4473 4487 4572 4701 4843 4989 5130 5251 5344 5404 5395 5398 5388 5388 5398 5479 5578 5613 5613 5646 5690 5691 5662 5607 5547 5516 5520 5514 5508 5512 5533 5551 5578 5587 5583 5598 5604 5596 5598 5595 5576 5561 5542 5552 5573 5592 5589 5551 5484 5409 5328 5252 5198 5184 5198 5213 5221 5222 5230 5261 5294 5308 5315 5319 5317 5314 5311 5310 5315 5312 5302 5282 5264 5246 5232 5234 5235 5229 5222 5208 5214 5244 5265 5280
4475 4490 4591 4725 4875 5034 5184 5324 5446 5485 5434 5415 5405 5413 5469 5681 5740 5714 5657 5638 5669 5679 5653 5611 5570 5545 5535 5526 5516 5512 5521 5536 5569 5587 5591 5612 5605 5597 5594 5589 5588 5560 5524 5548 5581 5605 5574 5530 5483 5391 5304 5241 5198 5191 5208 5228 5244 5243 5253 5276 5306 5322 5326 5326 5323 5318 5313 5309 5301 5292 5265 5253 5253 5240 5227 5218 5218 5211 5196 5183 5176 5210 5247 5278
4489 4503 4612 4752 4904 5068 5228 5383 5517 5515 5470 5438 5425 5449 5567 5915 5913 5822 5742 5690 5671 5675 5653 5620 5584 5553 5547 5536 5521 5504 5483 5504 5552 5576 5582 5606 5605 5607 5597 5585 5587 5573 5559 5550 5554 5549 5523 5486 5429 5337 5282 5236 5200 5206 5221 5240 5258 5238 5241 5288 5328 5336 5338 5336 5330 5325 5315 5308 5307 5293 5281 5273 5262 5245 5228 5217 5212 5205 5191 5169 5179 5197 5232 5277
4517 4562 4656 4780 4927 5091 5255 5417 5551 5533 5489 5456 5446 5475 5600 5976 5988 5880 5771 5701 5690 5676 5662 5637 5605 5578 5567 5550 5529 5510 5497 5509 5538 5558 5542 5564 5585 5600 5592 5580 5580 5578 5568 5547 5524 5513 5479 5417 5323 5281 5277 5237 5215 5215 5229 5245 5257 5247 5264 5309 5345 5349 5346 5340 5333 5327 5317 5307 5307 5296 5294 5295 5274 5259 5237 5216 5217 5223 5219 5196 5180 5186 5202 5227
4526 4583 4675 4791 4932 5092 5255 5415 5549 5523 5487 5459 5454 5484 5603 5942 5954 5880 5778 5702 5698 5702 5686 5658 5626 5602 5585 5566 5544 5523 5508 5507 5521 5522 5514 5531 5555 5572 5567 5558 5558 5565 5564 5537 5510 5498 5452 5385 5293 5238 5234 5237 5226 5225 5234 5247 5258 5259 5278 5316 5353 5354 5349 5343 5334 5324 5314 5288 5295 5289 5281 5271 5279 5286 5277 5240 5248 5258 5262 5247 5200 5173 5166 5183
4506 4559 4659 4782 4921 5075 5227 5378 5508 5479 5460 5455 5460 5493 5614 5879 5915 5868 5804 5743 5748 5745 5715 5677 5640 5611 5602 5581 5558 5536 5521 5513 5510 5505 5505 5509 5529 5542 5538 5515 5516 5534 5541 5522 5499 5477 5442 5373 5288 5246 5262 5250 5234 5228 5238 5247 5252 5253 5263 5299 5336 5349 5342 5333 5325 5318 5313 5298 5283 5284 5279 5264 5286 5318 5360 5372 5322 5277 5269 5239 5195 5139 5122 5142
4464 4509 4629 4760 4905 5044 5180 5313 5414 5412 5424 5438 5457 5489 5590 5800 5853 5872 5875 5858 5857 5798 5748 5702 5657 5622 5611 5590 5567 5546 5530 5513 5506 5503 5502 5503 5517 5530 5529 5516 5509 5515 5520 5508 5484 5450 5445 5376 5291 5272 5278 5269 5245 5238 5248 5254 5256 5258 5278 5323 5342 5340 5334 5329 5323 5324 5315 5313 5304 5295 5291 5274 5309 5326 5343 5330 5276 5225 5203 5145 5105 5076 5053 5083
4425 4488 4606 4737 4879 5007 5126 5232 5326 5342 5377 5415 5458 5510 5602 5749 5797 5878 5958 6036 5911 5834 5784 5729 5673 5629 5619 5589 5563 5544 5528 5521 5501 5497 5500 5506 5514 5524 5530 5533 5521 5520 5519 5503 5481 5448 5408 5374 5318 5285 5288 5294 5288 5275 5274 5271 5266 5263 5274 5299 5319 5329 5328 5323 5325 5322 5315 5313 5310 5307 5326 5381 5358 5304 5256 5217 5146 5136 5092 5050 5036 5026 5008 5048
4428 4495 4598 4722 4859 4979 5085 5180 5263 5288 5335 5386 5448 5546 5651 5742 5791 5873 5969 6034 5898 5857 5820 5762 5691 5625 5594 5567 5546 5530 5518 5506 5500 5500 5503 5499 5509 5524 5535 5536 5526 5527 5515 5502 5476 5434 5405 5427 5396 5334 5308 5317 5328 5319 5306 5294 5282 5273 5278 5289 5306 5312 5307 5303 5304 5301 5302 5302 5303 5303 5305 5324 5303 5264 5211 5173 5132 5111 5078 5049 5035 5019 5005 5038
4413 4488 4593 4716 4851 4968 5069 5158 5235 5252 5297 5346 5405 5495 5611 5724 5795 5861 5936 5988 5913 5899 5870 5806 5716 5627 5584 5538 5524 5517 5507 5503 5506 5508 5495 5492 5500 5518 5532 5519 5510 5494 5490 5485 5461 5418 5405 5430 5462 5380 5323 5332 5359 5355 5334 5315 5303 5295 5293 5292 5300 5297 5297 5298 5289 5289 5288 5282 5285 5277 5268 5242 5228 5234 5230 5195 5169 5158 5150 5176 5099 5044 5009 5034
4394 4478 4593 4721 4860 4981 5089 5176 5248 5242 5272 5300 5343 5402 5544 5702 5799 5839 5885 5905 5927 5936 5939 5863 5755 5632 5538 5509 5501 5499 5498 5492 5502 5505 5488 5480 5485 5502 5531 5529 5490 5461 5454 5452 5430 5396 5389 5421 5454 5398 5345 5334 5359 5368 5349 5329 5315 5317 5320 5326 5301 5292 5283 5281 5271 5269 5266 5266 5261 5255 5245 5227 5221 5229 5221 5230 5223 5233 5251 5250 5151 5071 5029 5036
4417 4494 4608 4741 4886 5018 5145 5270 5270 5253 5255 5266 5285 5328 5510 5714 5833 5860 5878 5891 5936 5938 5939 5913 5837 5697 5566 5514 5503 5496 5490 5486 5487 5485 5468 5467 5466 5477 5482 5498 5473 5435 5419 5411 5391 5379 5376 5402 5426 5400 5366 5353 5360 5362 5351 5333 5312 5290 5298 5299 5284 5280 5277 5271 5256 5252 5250 5249 5245 5240 5228 5216 5230 5248 5277 5277 5286 5272 5231 5183 5132 5077 5044 5037
4402 4503 4627 4765 4915 5053 5185 5305 5289 5260 5236 5234 5247 5307 5533 5796 5987 5969 5916 5891 5913 5929 5960 5985 5998 5911 5692 5582 5536 5507 5490 5481 5480 5470 5473 5463 5450 5456 5466 5480 5458 5423 5400 5389 5389 5382 5378 5387 5397 5386 5369 5362 5365 5361 5350 5332 5312 5296 5283 5274 5273 5273 5271 5257 5250 5248 5244 5240 5238 5232 5219 5197 5169 5250 5299 5300 5299 5274 5205 5139 5109 5073 5046 5043
4412 4516 4645 4788 4940 5081 5205 5300 5287 5253 5232 5229 5256 5342 5586 5872 6162 6135 5965 5890 5912 5928 5967 6037 6151 6105 5875 5687 5573 5520 5492 5474 5465 5452 5476 5469 5448 5445 5441 5448 5430 5411 5396 5383 5378 5375 5371 5400 5396 5376 5361 5368 5373 5369 5353 5329 5309 5291 5277 5270 5268 5266 5264 5266 5262 5258 5251 5239 5225 5221 5224 5229 5260 5276 5283 5297 5293 5266 5217 5154 5117 5075 5052 5054
4437 4537 4666 4808 4961 5105 5226 5305 5279 5249 5224 5216 5261 5398 5611 5890 6126 6152 5987 5908 5928 5944 6000 6092 6237 6172 5914 5688 5583 5528 5491 5470 5449 5438 5459 5455 5446 5438 5440 5430 5406 5397 5394 5380 5376 5370 5367 5394 5391 5375 5365 5381 5377 5363 5343 5324 5305 5286 5274 5268 5265 5266 5261 5260 5253 5248 5240 5234 5227 5227 5228 5246 5297 5294 5286 5288 5306 5320 5279 5213 5155 5103 5079 5082
4451 4555 4682 4825 4972 5126 5279 5353 5316 5298 5211 5203 5221 5331 5585 5843 6066 6150 5972 5927 5959 6003 6074 6208 6327 6219 5926 5665 5591 5537 5493 5461 5420 5398 5397 5411 5430 5423 5416 5416 5390 5389 5391 5375 5368 5362 5365 5373 5382 5384 5385 5389 5382 5361 5338 5319 5301 5281 5255 5260 5256 5266 5262 5259 5248 5241 5235 5231 5228 5226 5226 5223 5225 5200 5219 5259 5295 5312 5297 5255 5191 5153 5132 5129
4482 4580 4696 4820 4963 5111 5284 5362 5293 5271 5191 5187 5198 5305 5543 5767 5953 5981 5917 5950 6019 6011 6149 6295 6391 6263 5989 5732 5643 5569 5501 5442 5377 5359 5369 5386 5402 5396 5401 5396 5395 5388 5380 5362 5359 5356 5360 5367 5382 5396 5407 5410 5399 5366 5337 5318 5302 5289 5290 5273 5280 5275 5265 5260 5255 5249 5244 5226 5219 5214 5211 5197 5186 5174 5193 5227 5256 5269 5237 5229 5208 5183 5180 5185
4516 4606 4712 4818 4925 5033 5144 5219 5208 5214 5169 5181 5212 5319 5516 5704 5852 5904 5897 5982 6123 6243 6288 6341 6387 6293 6085 5886 5729 5617 5514 5425 5366 5359 5362 5365 5366 5359 5353 5357 5360 5378 5386 5373 5370 5366 5353 5367 5386 5403 5419 5417 5401 5373 5341 5325 5308 5290 5274 5279 5290 5280 5266 5250 5241 5234 5226 5224 5215 5211 5197 5179 5165 5166 5187 5213 5227 5213 5193 5212 5227 5224 5233 5238
4574 4644 4721 4799 4879 4940 4976 5063 5107 5147 5129 5165 5237 5343 5498 5659 5802 5883 5899 6003 6143 6292 6374 6406 6442 6346 6165 5960 5817 5670 5534 5427 5388 5374 5361 5355 5353 5351 5351 5351 5353 5371 5386 5390 5389 5385 5383 5384 5392 5405 5419 5424 5415 5392 5361 5342 5318 5295 5271 5268 5268 5267 5262 5245 5236 5230 5220 5210 5198 5187 5172 5154 5154 5159 5193 5219 5227 5205 5192 5219 5249 5284 5276 5278
4639 4683 4734 4794 4850 4890 4919 4972 5038 5088 5084 5123 5201 5318 5460 5619 5773 5887 5907 5995 6113 6241 6345 6429 6503 6390 6239 6096 5917 5728 5562 5429 5390 5375 5364 5359 5353 5352 5351 5352 5355 5380 5402 5406 5420 5418 5402 5396 5397 5403 5416 5428 5442 5412 5392 5361 5335 5312 5285 5260 5254 5254 5257 5237 5226 5215 5205 5194 5178 5165 5154 5144 5145 5183 5216 5235 5259 5274 5221 5229 5255 5277 5286 5294
4687 4706 4746 4796 4843 4882 4916 4957 5007 5050 5041 5068 5114 5255 5416 5577 5734 5857 5891 5977 6073 6177 6291 6390 6457 6393 6262 6129 5955 5761 5590 5458 5407 5380 5367 5358 5353 5353 5352 5352 5362 5401 5446 5453 5448 5433 5410 5401 5399 5398 5397 5423 5433 5411 5382 5366 5353 5332 5300 5266 5251 5246 5240 5234 5226 5214 5201 5187 5169 5156 5144 5134 5131 5186 5217 5238 5263 5277 5251 5238 5253 5268 5275 5285
4677 4702 4738 4786 4837 4893 4953 4964 4996 5031 5057 5039 5077 5220 5380 5539 5689 5810 5885 5957 6042 6132 6247 6372 6446 6372 6237 6087 5926 5769 5615 5491 5436 5401 5371 5352 5350 5352 5354 5354 5363 5413 5465 5474 5447 5421 5413 5406 5404 5402 5400 5402 5397 5409 5397 5390 5383 5354 5317 5281 5253 5242 5239 5227 5218 5206 5195 5179 5164 5150 5136 5127 5124 5149 5191 5221 5237 5239 5231 5231 5233 5240 5251 5262
4629 4674 4719 4767 4821 4881 4946 4963 4996 5033 5064 5061 5120 5230 5367 5502 5637 5771 5860 5930 6025 6129 6210 6323 6387 6323 6202 6060 5910 5782 5636 5512 5454 5404 5368 5356 5351 5354 5353 5353 5361 5410 5476 5473 5423 5404 5398 5409 5414 5415 5410 5409 5434 5455 5464 5464 5431 5391 5344 5298 5271 5258 5245 5229 5213 5200 5188 5173 5163 5150 5136 5128 5124 5148 5187 5210 5220 5231 5232 5230 5223 5224 5234 5240
4579 4633 4687 4738 4792 4831 4892 4944 4996 5048 5094 5112 5166 5260 5368 5476 5580 5674 5774 5888 6004 6118 6199 6277 6290 6265 6181 6076 5966 5808 5662 5519 5458 5389 5364 5359 5356 5352 5351 5353 5357 5395 5429 5450 5443 5425 5419 5426 5435 5440 5441 5449 5461 5480 5513 5516 5468 5423 5373 5327 5300 5285 5259 5236 5221 5208 5196 5183 5171 5159 5147 5139 5138 5172 5200 5209 5216 5232 5243 5236 5228 5227 5229 5230
4531 4590 4648 4704 4759 4792 4859 4930 5003 5075 5146 5200 5262 5310 5383 5461 5541 5639 5733 5871 5996 6089 6163 6236 6264 6237 6163 6069 5952 5810 5670 5528 5466 5416 5389 5383 5378 5373 5361 5356 5360 5389 5415 5435 5445 5439 5440 5451 5462 5472 5471 5460 5464 5491 5523 5523 5478 5422 5378 5359 5329 5284 5257 5238 5225 5213 5202 5192 5181 5170 5159 5153 5151 5178 5203 5213 5219 5230 5243 5240 5234 5233 5233 5234
4495 4555 4612 4667 4722 4768 4850 4922 5012 5105 5195 5282 5343 5347 5389 5451 5528 5645 5810 5923 6024 6106 6148 6197 6250 6212 6139 6047 5944 5797 5621 5518 5479 5440 5418 5406 5391 5373 5375 5383 5386 5397 5404 5421 5437 5458 5468 5475 5488 5500 5498 5484 5490 5511 5535 5532 5476 5393 5356 5315 5283 5258 5250 5242 5233 5223 5211 5200 5190 5181 5173 5170 5173 5191 5209 5218 5223 5226 5229 5234 5244 5241 5243 5248
4472 4523 4573 4622 4667 4689 4792 4897 5010 5121 5204 5280 5345 5362 5385 5429 5506 5683 5908 5998 6074 6132 6112 6027 6132 6161 6110 6014 5902 5781 5682 5563 5480 5443 5428 5425 5425 5392 5389 5380 5396 5406 5414 5420 5431 5454 5476 5491 5507 5525 5522 5511 5510 5520 5543 5550 5485 5401 5347 5305 5283 5260 5253 5248 5239 5232 5224 5216 5208 5201 5194 5188 5192 5206 5222 5223 5224 5233 5230 5231 5235 5243 5249 5256
4460 4500 4542 4581 4619 4638 4743 4872 5005 5136 5240 5331 5376 5372 5373 5394 5448 5633 5909 6032 6125 6179 6144 6032 6138 6167 6090 5962 5826 5721 5687 5600 5464 5434 5424 5422 5417 5392 5379 5380 5392 5406 5418 5416 5421 5445 5472 5495 5514 5531 5533 5527 5524 5529 5547 5542 5495 5428 5349 5288 5262 5260 5258 5255 5250 5245 5237 5231 5226 5220 5214 5208 5208 5223 5237 5232 5236 5270 5256 5246 5244 5247 5249 5251
4455 4486 4518 4548 4574 4595 4712 4847 4994 5146 5279 5379 5391 5367 5351 5348 5400 5619 5915 6096 6201 6243 6268 6228 6266 6249 6084 5912 5746 5631 5581 5534 5455 5426 5415 5410 5405 5400 5401 5389 5408 5416 5419 5424 5425 5444 5472 5493 5513 5530 5539 5541 5547 5563 5550 5518 5465 5409 5348 5291 5257 5261 5266 5262 5255 5250 5244 5240 5234 5231 5231 5234 5236 5243 5243 5247 5264 5302 5290 5278 5271 5255 5249 5244
4457 4481 4505 4525 4542 4558 4677 4819 4971 5135 5307 5472 5410 5360 5337 5335 5376 5645 6029 6264 6269 6256 6253 6278 6279 6210 6042 5859 5682 5571 5541 5480 5434 5421 5415 5406 5395 5391 5395 5401 5431 5449 5416 5427 5422 5443 5467 5487 5509 5526 5540 5555 5571 5579 5535 5488 5437 5387 5347 5316 5300 5280 5270 5269 5265 5256 5249 5244 5239 5240 5244 5254 5263 5263 5266 5268 5278 5313 5318 5316 5264 5248 5242 5239
4461 4476 4492 4508 4529 4563 4660 4786 4926 5069 5231 5379 5347 5320 5321 5354 5432 5694 6039 6253 6257 6256 6259 6289 6247 6131 5983 5811 5643 5544 5503 5453 5432 5429 5425 5415 5394 5374 5366 5397 5433 5458 5422 5423 5419 5434 5454 5473 5496 5517 5526 5538 5546 5524 5491 5454 5420 5382 5343 5315 5293 5293 5286 5283 5276 5265 5257 5249 5243 5243 5247 5256 5267 5278 5287 5291 5299 5305 5294 5262 5239 5232 5229 5227
4458 4468 4482 4493 4487 4535 4633 4743 4861 4977 5074 5183 5217 5246 5289 5369 5542 5723 5960 6141 6201 6246 6290 6312 6247 6095 5952 5783 5614 5491 5463 5449 5439 5439 5442 5432 5413 5390 5390 5404 5421 5422 5410 5415 5411 5425 5433 5445 5469 5486 5488 5493 5501 5473 5442 5414 5386 5359 5328 5300 5291 5310 5308 5292 5281 5273 5258 5249 5240 5237 5240 5258 5268 5281 5296 5305 5311 5294 5258 5228 5212 5206 5209 5215
4451 4461 4472 4482 4479 4524 4611 4705 4800 4884 4937 5028 5102 5175 5244 5332 5474 5674 5878 6031 6130 6224 6307 6368 6276 6134 5948 5775 5615 5502 5465 5446 5444 5450 5462 5450 5421 5396 5397 5407 5418 5419 5412 5405 5398 5398 5398 5402 5421 5435 5426 5427 5436 5417 5393 5372 5358 5336 5308 5282 5263 5254 5286 5286 5281 5273 5265 5248 5234 5225 5228 5234 5251 5276 5310 5338 5299 5249 5205 5189 5174 5174 5188 5210
4440 4448 4461 4474 4482 4527 4594 4673 4752 4824 4877 4965 5032 5120 5195 5274 5405 5620 5810 5940 6079 6210 6317 6373 6279 6106 5956 5789 5626 5528 5500 5448 5453 5458 5458 5440 5410 5399 5391 5411 5418 5422 5420 5416 5397 5370 5360 5345 5322 5326 5343 5345 5326 5320 5329 5330 5325 5308 5286 5264 5247 5236 5264 5277 5275 5267 5262 5242 5227 5224 5213 5196 5216 5241 5274 5293 5210 5157 5120 5092 5109 5135 5161 5187
4420 4432 4443 4455 4461 4510 4573 4643 4716 4775 4849 4937 4993 5078 5158 5258 5408 5603 5795 5952 6100 6222 6315 6378 6298 6183 6019 5811 5623 5501 5497 5488 5478 5467 5451 5432 5416 5408 5406 5412 5415 5415 5427 5434 5397 5364 5334 5300 5255 5253 5276 5281 5267 5270 5288 5295 5292 5281 5265 5250 5239 5248 5263 5271 5274 5271 5259 5247 5225 5227 5206 5188 5192 5195 5176 5112 5073 5062 5046 5025 5056 5101 5135 5156
4411 4422 4432 4441 4439 4490 4553 4619 4688 4744 4820 4896 4960 5043 5131 5244 5410 5610 5820 6012 6153 6255 6331 6340 6273 6181 6033 5823 5631 5517 5523 5539 5511 5483 5451 5423 5424 5403 5405 5404 5411 5407 5417 5438 5416 5358 5306 5278 5268 5248 5245 5249 5260 5270 5269 5273 5267 5259 5249 5240 5236 5242 5258 5268 5275 5271 5259 5248 5248 5241 5235 5213 5191 5167 5136 5133 5040 5019 5012 5010 5036 5090 5133 5160
4406 4416 4426 4433 4438 4483 4537 4598 4663 4713 4787 4865 4956 5011 5104 5228 5409 5617 5841 6051 6184 6282 6347 6300 6191 6113 5995 5827 5651 5558 5552 5565 5540 5503 5464 5431 5427 5427 5425 5411 5409 5402 5403 5444 5431 5312 5261 5239 5248 5230 5223 5230 5244 5254 5264 5260 5252 5244 5235 5225 5225 5256 5275 5280 5280 5267 5256 5244 5233 5242 5239 5233 5183 5140 5100 5052 5022 5009 5002 5013 5058 5104 5147 5193
4403 4413 4422 4431 4439 4479 4528 4583 4641 4680 4752 4833 4927 4980 5083 5212 5404 5616 5842 6039 6170 6291 6353 6313 6163 6081 5988 5852 5705 5629 5610 5604 5575 5530 5486 5451 5445 5462 5449 5407 5403 5405 5456 5450 5335 5234 5210 5186 5157 5184 5199 5213 5223 5230 5245 5246 5241 5236 5222 5204 5188 5183 5236 5305 5273 5257 5247 5236 5225 5225 5206 5192 5161 5129 5087 5048 5028 5029 5030 5051 5116 5128 5157 5194
