real_craters/C200-1000m.grd
DSAA
120 120
-59.5 59.5
-59.5 59.5
4182.3629749869 6937.4301980951
[rows 60 to 89 of 120, columns 0 to 66 of 120]
5906.88 5928.35 5967.77 5997.56 6038.47 6123.44 6108.85 6112.72 6117.35 6125.36 6100.69 6097.12 6107.07 6120.1 6111.5 6136.39 6208.47 6275.99 6347.57 6420.66 6502.89 6358.97 6162.64 5959.88 5918.46 5683.86 5503.29 5330.39 5166.14 5016.34 4894.27 4852.87 4795.72 4735.02 4683.34 4616.82 4553.28 4499.36 4459.93 4426.5 4397.17 4348.29 4316.28 4314.45 4340.92 4382.22 4434.52 4486.23 4548.72 4638.22 4770.54 4919.46 5073.8 5222.15 5372.75 5506.08 5709.18 5992.18 6276.37 6587.31 6840.6 6768.82 6472.86 6221.63 5952.91 5504.84 5306.28
5905.33 5933.86 5977.71 6008.06 6020.4 6041.7 6058.21 6075.38 6096.5 6076.24 6070.45 6067.54 6074.13 6074.02 6062.92 6069.78 6170.02 6273.91 6355.25 6373.27 6277.93 6317.42 6151.15 6049.51 6043 5807.53 5560.89 5360.08 5188.77 5042.36 4929.39 4887.91 4831.01 4767.92 4690.52 4629.3 4582.17 4536.63 4499.73 4469.89 4422.69 4336.71 4309.73 4323.92 4360.25 4408.93 4467.19 4530.81 4605.23 4672.05 4777.83 4902.47 5035.48 5166.69 5304.06 5514.43 5726.53 5968.4 6260.05 6577.15 6875.44 6718.22 6366.19 6092.42 5811.78 5465.51 5327.89
5921.67 5959.97 6024.66 6028.39 5993.98 6000.91 5999.08 5978.07 6036.82 6057.16 6056.35 6041.41 6041.3 6035.67 6021.39 6024.65 6127.56 6256.95 6378.78 6447.83 6359.55 6124.85 6078.11 6077.3 6027.26 5764.89 5557.07 5382.63 5224.95 5089.6 4994.33 4929.64 4852.93 4772.57 4703.64 4648.22 4606.85 4565.13 4532.26 4503.03 4424.1 4312.2 4295.39 4326.66 4371 4422.93 4483.93 4552.61 4641.18 4713.51 4797.15 4910.99 5030.92 5153.19 5330.81 5536.96 5689.67 5890.89 6136.58 6391 6589.61 6430.94 6129.16 5896.33 5667.12 5451.41 5309.56
5927.84 5981.2 6066.94 6033.98 5989.11 6003.08 5969.42 5948.78 5939.48 5993.67 6024.6 6038.8 6021.08 6005.44 5995.21 6000.44 6093.53 6222.22 6362.13 6545.08 6531.71 6150.58 6000.11 5923.07 5801.65 5633.08 5510.06 5387.79 5258.36 5129.46 4998.6 4924.22 4836.63 4769.85 4711.9 4663.76 4615.52 4578.95 4548.33 4516.45 4417.78 4316.6 4307.82 4335.87 4378.02 4423 4477.41 4540.17 4620.18 4709.38 4813.81 4932.7 5048.19 5154.01 5296.12 5453.92 5588.36 5766.98 5945.17 6096.82 6151.62 6053.36 5880.62 5746.26 5578.78 5409.43 5281.56
5957.69 6067.87 6064.21 6012.19 5975.8 5948.22 5931.59 5921.53 5914.41 5937.19 5965.84 5988.19 5990.91 5981.08 5976.63 5977.1 6046.52 6143.73 6253.34 6357.25 6340.46 6159.66 5992.71 5776.65 5689.4 5585.19 5491.84 5386.84 5278.59 5178.5 5075.97 4926.6 4898.82 4762.68 4701.55 4663.85 4623.37 4583.66 4548.64 4494.27 4417.7 4344.47 4332.22 4342.43 4371.69 4402.09 4444.69 4497.47 4562.22 4672.64 4826.38 4971.98 5102.69 5218.36 5308.21 5426.81 5529.56 5656.44 5741.32 5805.17 5832.13 5728.15 5604.27 5599.62 5531.61 5381.5 5236.53
6083.41 6014.21 5991.08 5947.69 5978.92 5922.94 5895.32 5899.03 5897.03 5897.35 5899.46 5939.47 5950.07 5954.44 5954.99 5949.75 5998.54 6057.58 6100.2 6081.65 6096.04 6095.8 6030.32 5916.78 5750.81 5661.2 5495.88 5362.44 5261.13 5192.91 5129.74 4961.48 4852.94 4731.61 4666.89 4642.01 4609.58 4576.18 4539.84 4486.14 4434.09 4389.03 4359.5 4355.07 4371.45 4391.9 4419.73 4458.91 4518.43 4672.97 4850.14 4999.04 5149.23 5303.82 5392.31 5497.89 5604.7 5567.5 5563 5540.75 5491.94 5451.68 5399.47 5387.45 5367.83 5270.83 5182.86
6129.31 6015.92 5994.56 5997.19 5952.75 5909.34 5884.09 5878.92 5875.34 5877.62 5882.57 5901.18 5920.18 5936.49 5943 5937.83 5969.71 6007.41 6014.17 5969.22 5988.07 6000.4 5978.02 5961.9 5798.35 5565.51 5413.24 5322.34 5232.62 5158.94 5104.37 4981.05 4885.59 4804.43 4635.99 4618.63 4590.84 4565.76 4528.76 4486.53 4437.18 4397.6 4374.75 4369.19 4375.11 4386.92 4406.31 4439.5 4495.73 4703.3 4854.96 4981.47 5132.49 5293.37 5408.94 5488.23 5461.37 5444.18 5411.73 5355.24 5299.43 5259.34 5214.65 5186.68 5179.29 5142.69 5134.37
6005.83 6050.69 6012.18 5952.42 5910.2 5886.55 5867.14 5876.33 5867.82 5875.86 5883 5896.76 5919.99 5938.5 5942.99 5948.72 5974.19 6010.56 6031.19 6009.42 6000.99 5985.65 5927.72 5878.72 5734.01 5507.18 5363 5283.25 5199.4 5108.08 5013.46 4976.26 4891.84 4810.96 4658.31 4612.84 4602.3 4572.72 4518.69 4472.84 4428.96 4396.91 4379.97 4375.56 4378.9 4387.65 4402.13 4429.11 4461.4 4621.08 4789.63 4920.92 5047.27 5177.51 5314.98 5375.06 5342.86 5337.65 5291.18 5222.15 5170.29 5137.14 5091.17 5034.14 5035.02 4999.45 4992.78
6025.24 6037.41 5998.91 5948.86 5904.62 5876.19 5864.59 5870.49 5876.5 5884.51 5897.57 5923.72 5950 5960.08 5953.28 5969.41 5999.3 6044.71 6104.17 6119.98 6075.86 6002.24 5907.81 5802.92 5692.43 5533.46 5386.41 5294.03 5208.48 5102.98 4983.53 4886.62 4848.14 4782.9 4691.36 4726.77 4716.01 4611.58 4502.56 4450.46 4416.32 4395.22 4383.21 4386.74 4395.57 4410.82 4420.9 4444.76 4483.27 4590.55 4722.68 4837.62 4947.05 5068.7 5201.97 5284 5262.58 5276.72 5195.05 5116.24 5072.37 5054.31 5013.46 4947.92 4920.15 4888.39 4881.84
6007.71 6031.03 5991.65 5944.99 5902.1 5877.67 5860.51 5872.22 5879.78 5892.82 5920.63 5973.16 6002.95 5988.43 5968.45 5965.93 5984.87 6069.86 6160.41 6225 6152.81 6048.56 5928.75 5872.64 5723 5548.33 5406.15 5344.47 5264.18 5144.81 4998.22 4886.9 4820.97 4717.51 4673.25 4740.78 4779.96 4658.28 4505.3 4442.93 4398.67 4381.58 4380.68 4391.2 4404.32 4417.88 4430.23 4467.14 4528.58 4590.02 4668.2 4751.63 4834.84 4940.69 5079.33 5202.12 5153.7 5133.4 5090.14 5028.97 4988.39 4981.36 4959.14 4880.32 4860.3 4803.77 4781.23
6000.96 6070.18 5982.23 5923.26 5905.68 5891.2 5875.53 5879.8 5907.3 5908.98 5924.77 5953.7 5989.38 5993.5 5985.16 5981.69 6007.58 6085.84 6154.51 6205.64 6210.91 6174.82 6054.42 5960.31 5813.24 5662.77 5517.83 5439.1 5346.47 5251.91 5162.72 5000.05 4839.42 4716.97 4663.64 4707.76 4833.7 4712.54 4574.27 4495.93 4397.63 4379.13 4383.15 4391.41 4392.65 4403.46 4426.77 4472.18 4524.74 4609.93 4676.74 4664.46 4684.78 4769.95 4898.81 5017.66 5004.96 4986.96 4964.71 4947.88 4883.84 4827.58 4846.14 4791.21 4761.9 4691.91 4674.64
5940.41 6028.02 5985.07 5940.17 5929.37 5917.45 5902.88 5900.21 5923.35 5930.98 5943.71 5972.91 5992.89 5988.6 5997.36 6009.91 6035.51 6099.29 6155.06 6199.36 6258.08 6316.22 6360.23 6093.63 5943.34 5815.45 5696.61 5557.49 5424.42 5328.3 5242.82 5075 4884.68 4752.76 4671.94 4677.92 4783.22 4760.88 4692.63 4564.69 4437.12 4399.1 4383.5 4377.38 4382.03 4398.43 4420.34 4453.56 4488.02 4574.65 4615.85 4533.17 4452.37 4551.06 4691.29 4796.71 4832.04 4830.07 4817.74 4776.04 4743.88 4695.31 4686.28 4678.05 4605.69 4593.42 4570.84
5920.33 6031.35 5994.97 5971.4 5949.41 5942.95 5947.33 5918.22 5920.14 5934.22 5946.6 5959.51 5943.84 5970.7 6004.55 6046.81 6101.24 6146.74 6194.59 6238.76 6273.56 6310.89 6320.45 6235.81 6050.58 5937.45 5858.3 5625.04 5443.97 5349.79 5282.23 5157.48 5002.81 4812.62 4690.28 4686.21 4715.36 4784.43 4820.18 4659.94 4489.74 4447.69 4417.37 4402.81 4397.52 4399.52 4406.95 4439.81 4462.98 4477.74 4475.84 4409.02 4346.29 4417.97 4529.75 4622.23 4683.51 4731.85 4683.62 4641.66 4618.93 4589.83 4570.55 4542.6 4508.65 4497.92 4490.86
5890.98 6004.07 5984.38 5950.07 5947.63 5950.09 5923.86 5885.65 5911.07 5921.74 5927.23 5925.42 5929.69 5967.52 6015.62 6071.07 6140.81 6162.9 6200.15 6229.2 6246.8 6270.54 6305.18 6259.97 6111.63 5980.69 5775.93 5597.05 5405.41 5248.83 5197.32 5211.77 5060.24 4847.64 4723.96 4717.51 4725 4774.21 4811.99 4724.67 4590.04 4517.49 4465.96 4438.62 4408.7 4400.16 4389.26 4384.88 4386.28 4381.46 4355.13 4327.06 4317.71 4365.82 4435.66 4480.39 4523.43 4578.35 4561.11 4544.95 4526.37 4507.84 4508.97 4476.04 4457.89 4436.11 4448.73
5875.61 5956.03 5976.75 5958.6 5949.85 5941.94 5925.66 5912.53 5908.89 5911.43 5917.38 5909.99 5938.39 5977.03 6028.29 6078.94 6117.79 6146.22 6144.12 6191.39 6228.45 6259.72 6290.7 6285.87 6157.62 6034.3 5808.09 5604.35 5387.95 5140.74 5026.74 4999.84 4921.07 4841.68 4747.12 4766.8 4759.45 4770.95 4852.95 4789.48 4710.26 4598 4524.88 4465.56 4427.87 4386.54 4352.7 4319.85 4312.09 4302.67 4277.76 4286.19 4308.75 4353.07 4395.04 4420.73 4434.16 4459.66 4482.5 4481.94 4461.98 4441.91 4445.82 4433.28 4418.1 4407.34 4410.6
5872.06 5934.71 5975.43 5971.76 5963.5 5945.92 5921.78 5929.09 5932.04 5936 5937.04 5936.24 5953.45 5988.32 6043.09 6096.79 6140.78 6167.07 6194.26 6205.01 6227.64 6232.06 6245.4 6292.48 6241.73 6133.5 5974.96 5752.25 5448.47 5133.36 5001.75 4977.06 4960.34 4858.42 4781.13 4765.04 4753.83 4753.72 4797.77 4774.91 4709.58 4630.09 4549.8 4484.28 4434.36 4370.87 4309.26 4244.92 4251.24 4270.01 4263.97 4292.39 4334.07 4362.96 4399 4432.41 4461.83 4459.69 4464.66 4454.35 4431.22 4428.14 4428.61 4404.99 4392.14 4386.37 4398.9
5863.29 5970.76 5988.65 5993.3 5993.94 5968.98 5942.52 5947.48 5960.01 5968.53 5974.9 5973.76 5978.59 5999.93 6057.18 6118.13 6169.3 6195.79 6189.26 6217.28 6244.77 6269.77 6218.6 6294.15 6285.96 6265.69 6209.6 6001.83 5597.4 5196.79 5049.01 4992.4 4939.28 4876.36 4825.22 4772.45 4762.11 4762.99 4785.66 4740.98 4683.05 4623.83 4561.39 4491.7 4425.37 4357.12 4280.97 4221.09 4244.4 4290.34 4344.96 4369.81 4358.86 4383.81 4409 4446.92 4519.6 4450.03 4447.09 4424.85 4406.16 4404.91 4393.23 4382.69 4377.82 4381.39 4390.29
5851.76 5917.6 5942.9 5988.46 6017.51 5992.14 5973.72 5983.87 5992.92 5995.21 6012.33 6044.75 6037.19 6026.96 6075.67 6137.49 6200.31 6227.92 6214.62 6235.35 6257.96 6279.17 6237.19 6261.22 6300.27 6357.02 6402.03 6264.98 5786.59 5327.82 5117.46 5021.17 4939.64 4887.48 4840.49 4792.63 4778.11 4792.97 4834.54 4717.38 4656.81 4620.18 4561.82 4494.54 4426.04 4355.59 4278.58 4245.47 4263.66 4312.43 4389.39 4433.11 4394.2 4391.87 4400.23 4403.18 4390.26 4412.47 4414.56 4401.52 4384.46 4370.28 4359.08 4364.69 4371.85 4381.85 4391.46
5878.29 5878.34 5891.04 5938.38 5969.34 5994.31 6016.69 6040.76 6023.51 6006.51 6036.43 6068.65 6067.1 6058.65 6090.4 6148.2 6211.39 6259.68 6253.72 6261.37 6265.06 6255.13 6258.69 6222.08 6288.18 6360.41 6417.06 6322.85 5931.76 5521.31 5270.61 5105.16 5007.89 4912.69 4855.07 4817.41 4790.03 4799.1 4821.62 4745.3 4671.67 4620.92 4568.87 4511.04 4449.64 4378.56 4309.32 4266.89 4285.14 4317.91 4338.9 4325.34 4391.61 4389.83 4384.08 4378.12 4382.58 4403.53 4407.18 4384.2 4368.98 4350.57 4337.44 4343.91 4357.56 4384.59 4399.7
5861.67 5859.6 5871.13 5885.39 5887.54 5907.61 5949.97 6011.01 6021.96 6036.99 6054.85 6068.39 6069.68 6054.59 6092.79 6141.32 6195.07 6245.24 6283 6278.58 6292.33 6285.36 6261.44 6260.35 6274.34 6302.66 6310.29 6226 6078.08 5786.88 5437.82 5225.6 5036.66 4935.04 4893.97 4831.06 4807.44 4817.53 4815.73 4761.57 4692.2 4640.39 4598 4549.02 4492.14 4425.58 4362.76 4315.58 4329.28 4338.71 4359.79 4420.72 4407.56 4399.05 4393.37 4389.58 4363.74 4378.11 4379.3 4370.6 4360.47 4345.86 4334.27 4337.82 4355.36 4396.94 4420.41
5851.53 5851.59 5857.71 5869.77 5881.96 5878.16 5890.95 5939.18 5985 6026.97 6038.51 6051.34 6065.61 6075.35 6087.97 6118.82 6156.55 6192.99 6225.78 6261.29 6297.39 6298.88 6256.39 6252.9 6242.23 6240.9 6227.49 6164.77 6224.8 6122.1 5719.22 5414.25 5118.67 4982.96 4978.75 4914.58 4894.11 4910.41 4812.15 4714.78 4680.94 4661.83 4643.17 4605.25 4558.12 4496.78 4445.94 4416.56 4400.16 4388.82 4363.66 4323.1 4388.43 4434.26 4437.25 4418.26 4392.07 4393.73 4393.82 4392.37 4365.28 4360.31 4356.87 4368.12 4380.46 4411.55 4440.44
5849.2 5845.19 5853.54 5864.87 5879.95 5871.52 5881.13 5916.37 5951.62 5967.12 5988.63 6014.96 6038.82 6055.48 6076.91 6099.51 6123.63 6146.32 6177 6219.73 6262.19 6297.27 6276.22 6249.46 6228.09 6201.83 6194.03 6190.17 6192.41 6247.12 6059.4 5650.69 5266.16 5058.91 5057.89 5126.81 5021.74 4997.8 4818.28 4676.73 4698.45 4709.85 4705.74 4692.03 4659.16 4608 4503.82 4468.98 4492.92 4478.69 4447.95 4407.29 4478.97 4493.87 4485.17 4468.25 4452.74 4448.29 4440.5 4474.61 4440.13 4391.39 4391.95 4404.87 4417.62 4439.64 4463.54
5839.82 5835.37 5844.74 5851.86 5860.01 5873.13 5883.55 5917.57 5943.61 5951.98 5965.23 5984 6000.19 6043.8 6072.6 6090.02 6101.09 6104.98 6136.58 6169.5 6212.64 6257.05 6263.24 6232.26 6203.46 6180.17 6173.66 6195.49 6171.47 6359.9 6265.04 5845.86 5459.86 5188.69 5124.56 5196.31 5131.99 5065.17 4882.72 4778.52 4820.74 4831.65 4822.44 4808.84 4794.26 4782.39 4756.04 4699.77 4646.91 4603.58 4588.72 4649.23 4631.97 4580.56 4545.54 4522.09 4504.33 4496.83 4495.87 4534.09 4523.56 4440.39 4439.28 4436.57 4462.79 4478.98 4486.99
5841.58 5832.72 5831.94 5836.3 5841.13 5839.27 5872.28 5909.15 5930.66 5938.95 5949.06 5969.01 5994.44 6052.06 6075.54 6080.57 6086.27 6098.8 6106.01 6125.79 6146.28 6241.99 6232.3 6194.96 6159.32 6155.69 6141.66 6137.82 6191.94 6338.97 6253.88 5949.78 5619.12 5369.59 5275.74 5245.46 5184.22 5103.27 5090.35 5078.61 5009.65 4970.27 4951.13 4925.56 4914.84 4926.61 4972.69 4907.95 4805.77 4738.01 4674.06 4663.87 4682.43 4639.15 4607.13 4578.89 4557.41 4565.82 4557.72 4512.56 4507.51 4523.04 4534.34 4521.27 4504.51 4532.26 4552.02
5835.3 5831.05 5832.29 5833.6 5835.13 5852.63 5879.35 5910.03 5935.93 5933.17 5937.57 5967.36 6004.02 6046.69 6062.45 6064 6069.98 6092.28 6091.38 6101.63 6112.39 6164.24 6190.39 6180.91 6164.14 6139.91 6106.25 6086.59 6163.65 6294.25 6203.93 5995.34 5756.05 5545.91 5471.26 5409.02 5285.32 5201.62 5271.79 5290.24 5197.74 5127.71 5070.04 5019.41 4979.04 4960.51 4963.03 4952.87 4918.19 4877.4 4800.53 4717.07 4686.7 4663.63 4654.16 4629.86 4596.79 4565.17 4542.98 4523.44 4553.89 4594.11 4584.13 4567.8 4532.66 4617.17 4718.93
5834.62 5834.77 5832.11 5833.59 5838.8 5862.39 5881.31 5902.88 5919.25 5929.98 5945.56 5966.87 5993.15 6020.02 6035.05 6042.49 6044.12 6050.49 6074.68 6092.26 6123.49 6159.91 6161.64 6168.79 6162.44 6128.83 6090.63 6054.95 6057.16 6123.81 6121.81 6026.69 5894.28 5776.45 5670.7 5613.91 5453.44 5388.83 5406.49 5401.41 5333.31 5249.97 5167.84 5089.99 5022 4955.42 4900.46 4956.9 5001.52 5029.06 5054.48 4893.21 4718.6 4730.45 4728.76 4690.19 4650.05 4599.2 4611.57 4571.05 4575.14 4600.26 4592.67 4585.12 4650.7 4762.09 4865.44
5842.99 5833.08 5830.25 5832.88 5839.01 5855.27 5873.12 5891.14 5907.93 5924.94 5943.01 5959.24 5974.97 5993.32 6016.92 6026.89 6034.15 6049.22 6073.15 6077.53 6082.93 6111.61 6127.74 6139.76 6132.76 6120.17 6088.87 6064.27 6060.23 6092.79 6094.79 6062.24 6007 5931.82 5803.12 5752.05 5585.12 5501.57 5539.79 5504.68 5442.16 5355.78 5273.91 5176.25 5077.46 4959.35 4924.68 4988.8 5057 5127.7 5184.97 5066.19 4878.79 4852.15 4823.59 4794.95 4775.89 4780.54 4824.89 4741.29 4652.84 4616.24 4638.98 4675.54 4824.6 4962.85 5068.23
5860.45 5834.72 5830.01 5824.61 5830.01 5846.04 5863.45 5880.12 5900.43 5915.69 5933.49 5951.86 5963.96 5981.32 6011.49 6020.11 6030.94 6045.02 6061.59 6062.31 6065.68 6075.08 6105.32 6128.99 6132.22 6131.71 6109.67 6090.41 6090.14 6098.73 6092.78 6087.83 6083.17 6020.7 5925.92 5859.94 5683.33 5571.21 5597.87 5577.82 5531.23 5459.46 5374.68 5278.18 5170.33 5022.48 4958.01 5034.83 5102.03 5160.37 5183.62 5151.2 5108.32 5001.7 4945.81 4933.96 4954.25 5048.74 5060.19 4930.64 4846.3 4822.52 4862.94 4994.32 5100.57 5190.32 5305.69
5895.07 5866.19 5844.11 5832.99 5828.86 5838.57 5858.09 5874.27 5878.95 5903.44 5928.83 5946.47 5962.5 5984.07 5985.25 6006.56 6028.29 6034.96 6036.49 6034.47 6046.26 6069.33 6099.91 6135.23 6163.02 6163.23 6133.02 6109.48 6114 6098.58 6093.35 6095.46 6107.21 6141.58 6096.38 5995.44 5867.03 5711.73 5624.16 5655.72 5639.18 5582.16 5503.07 5411.67 5310.25 5198.3 5114.61 5138.38 5161.67 5183.23 5204.99 5173.68 5176.28 5095.64 5070.91 5068.61 5080.41 5148.01 5237.61 5311.57 5337.98 5228.9 5345.19 5403.8 5401.77 5372.58 5441.09
5913.53 5885.32 5860.03 5840.93 5841.85 5850.62 5868.11 5880.69 5890.72 5899.33 5910.22 5922.87 5946.68 5974.28 5980.2 5994.34 6009.58 6011.73 6003.43 6002.36 6028.7 6066.75 6098.82 6138.37 6183.35 6186.85 6146.01 6120.67 6095.87 6075.38 6073.75 6076.89 6089.45 6112.48 6117.61 6108.03 6095.56 5947.32 5783.76 5817.2 5784.69 5720.53 5641.35 5558.79 5483.14 5477.18 5405.24 5306.4 5258.67 5215.69 5176.89 5157.1 5116.12 5132.43 5156.3 5174.83 5188.41 5218.34 5313.87 5429.46 5436.78 5391.55 5369.96 5323.3 5356.91 5412.46 5473.69
