real_craters/C200-300m.grd
DSAA
695 695
-104.125 104.125
-104.125 104.125
3455.2674006013 6946.1411958368
[rows 510 to 539 of 695, columns 536 to 602 of 695]
4780.27 4776.85 4767.57 4759.82 4752.28 4745.18 4738.21 4731.51 4725.84 4721.72 4718.69 4716.14 4714.32 4712.67 4711.34 4710.34 4709.49 4708.73 4708.08 4707.61 4707.35 4707.85 4708.85 4710.05 4711.09 4711.61 4710.38 4708.72 4707.54 4707.46 4707.6 4707.8 4708.1 4708.38 4708.6 4708.65 4708.41 4708.1 4707.76 4707.38 4706.87 4706.34 4705.72 4705.1 4704.35 4703.57 4703.09 4703.01 4702.88 4702.69 4702.48 4702.05 4701.42 4701.27 4701.78 4702.49 4703.26 4704.19 4705.26 4706.34 4707.55 4708.74 4709.79 4711.13 4713.38 4715.2 4716.79
4778.25 4774.74 4767.35 4760.92 4754.8 4748.69 4742.41 4736.05 4729.68 4725.66 4722.11 4717.97 4714.32 4713.19 4712.37 4711.49 4710.54 4709.69 4708.85 4708.17 4707.7 4707.99 4708.91 4710.07 4711.12 4711.61 4710.86 4709.54 4708.47 4708.1 4708.03 4708.12 4708.29 4708.49 4708.7 4708.79 4708.46 4708.14 4707.71 4707.23 4706.78 4706.23 4705.61 4704.98 4704.26 4703.63 4703.22 4703 4702.87 4702.7 4702.54 4702.52 4702.29 4701.59 4701.98 4702.62 4703.48 4704.35 4705.14 4706.1 4707.1 4708.02 4708.92 4710.16 4711.95 4713.51 4714.75
4776.21 4776.87 4767.31 4762.07 4757.26 4752.03 4746.9 4741.88 4736.51 4732.49 4727.54 4721.72 4716.53 4715.4 4714.42 4713.33 4712.15 4710.94 4709.85 4708.92 4708.26 4708.37 4709.05 4710.12 4711.14 4711.76 4711.31 4710.29 4709.4 4708.73 4708.4 4708.36 4708.49 4708.64 4708.72 4708.58 4708.52 4708.25 4707.84 4707.28 4706.73 4706.16 4705.64 4704.98 4704.33 4703.75 4703.32 4703.08 4702.91 4702.72 4702.52 4702.22 4701.82 4701.83 4702.12 4702.63 4703.38 4704.29 4705.03 4705.94 4706.83 4707.64 4708.55 4709.68 4711.05 4712.25 4713.14
4770.96 4774.62 4771.38 4765.41 4759.56 4754.77 4751.05 4748.35 4746.8 4742.13 4734.62 4727.72 4722.45 4719.55 4717.52 4715.71 4714.03 4712.46 4711.03 4709.88 4708.95 4708.8 4709.31 4710.16 4711.18 4711.97 4711.63 4710.59 4709.75 4708.87 4708.56 4708.54 4708.65 4708.81 4708.97 4709.07 4708.81 4708.39 4707.91 4707.36 4706.8 4706.17 4705.59 4705.02 4704.44 4703.93 4703.42 4703.27 4703.02 4702.78 4702.54 4702.09 4701.34 4701.77 4702.22 4702.69 4703.3 4704.03 4704.73 4705.53 4706.45 4707.24 4708.2 4709.26 4710.4 4711.39 4712.02
4761.27 4761.87 4769.26 4765.44 4759.52 4755.73 4753.5 4752.37 4751.95 4747.65 4740.5 4734.11 4728.59 4724.41 4721.24 4718.65 4716.38 4714.32 4712.4 4710.85 4709.58 4709.01 4709.42 4710.27 4711.2 4711.79 4711.55 4710.52 4709 4708.61 4708.63 4708.63 4708.73 4708.93 4709.17 4709.38 4709.05 4708.47 4707.9 4707.36 4706.78 4706.2 4705.54 4705.02 4704.59 4704.2 4704.06 4703.53 4703.17 4702.88 4702.67 4702.73 4702.37 4701.98 4702.32 4702.69 4703.19 4703.81 4704.58 4705.34 4706.1 4706.81 4707.61 4708.82 4710.09 4711.08 4711.69
4751.86 4750.81 4756.72 4757.61 4755.51 4754.38 4753.98 4753.74 4752.51 4749.02 4744.18 4739.28 4734.07 4728.86 4725.02 4721.76 4718.91 4716.35 4713.98 4712.04 4710.48 4709.42 4709.83 4710.45 4711.32 4712.04 4712.06 4711.03 4709.79 4709.21 4708.81 4708.65 4708.71 4708.9 4709.17 4709.34 4709.12 4708.48 4707.84 4707.29 4706.69 4706.19 4705.65 4705.16 4704.68 4704.29 4703.86 4703.59 4703.26 4702.93 4702.58 4702.2 4702.23 4702.41 4702.5 4702.58 4702.97 4703.51 4704.1 4704.73 4705.52 4706.48 4707.64 4708.89 4710.24 4711.46 4712.33
4745.64 4745.26 4746.2 4746.94 4749.75 4751.86 4753.53 4754.59 4754.45 4752.27 4747.07 4740.63 4736.21 4732.37 4728.5 4724.83 4721.47 4718.42 4715.66 4713.3 4711.47 4711 4710.28 4710.55 4711.47 4712.36 4712.54 4711.67 4710.95 4709.85 4708.81 4708.5 4708.54 4708.72 4709 4709.28 4709.07 4708.33 4707.68 4707.08 4706.51 4706.07 4705.58 4705.17 4704.75 4704.39 4704.1 4703.69 4703.33 4703.02 4702.66 4702.16 4702.2 4701.96 4702.05 4702.31 4702.69 4703.18 4703.7 4704.43 4705.27 4706.25 4707.3 4708.93 4710.61 4712.2 4713.54
4741.78 4742.59 4742.31 4741.12 4745.45 4749.57 4752.94 4755.45 4756.79 4755.81 4751.21 4743.4 4739.7 4735.96 4731.74 4727.58 4723.78 4720.28 4717.06 4714.21 4711.86 4710.21 4709.69 4710.39 4711.58 4712.65 4713.08 4711.82 4710.09 4708.62 4708.19 4708.17 4708.27 4708.43 4708.62 4708.8 4708.6 4707.98 4707.43 4706.85 4706.39 4705.92 4705.48 4705.13 4704.71 4704.35 4703.9 4703.58 4703.35 4703.11 4702.92 4702.5 4701.7 4701.72 4701.88 4702.07 4702.39 4702.78 4703.44 4704.01 4704.89 4706.16 4707.49 4709.2 4711.13 4713.23 4715.22
4738.78 4740.38 4741.56 4740.69 4743.72 4748.19 4752.56 4756.26 4758.7 4759.09 4756.61 4753.6 4746.05 4739.9 4734.71 4729.99 4725.59 4721.76 4718.25 4715.13 4712.27 4709.83 4709.35 4710.36 4711.75 4713.07 4713.79 4711.98 4709.29 4707.39 4707.69 4707.93 4708.05 4708.1 4708.11 4708.08 4707.86 4707.45 4707.07 4706.74 4706.38 4705.89 4705.49 4705.05 4704.65 4704.29 4703.94 4703.65 4703.37 4703.14 4702.87 4702.48 4701.98 4701.68 4701.64 4701.89 4702.21 4702.64 4703.01 4703.63 4704.38 4705.61 4707.57 4709.17 4711.44 4714 4716.68
4736.56 4738.85 4741.94 4740.73 4742.85 4747.24 4752.19 4756.93 4760.65 4761.82 4760.09 4755.33 4749.17 4742.6 4736.8 4731.67 4727.02 4723.02 4719.42 4716.14 4713.31 4711.19 4710.35 4710.91 4712.03 4713.32 4714.05 4712.4 4710.02 4708.25 4708.14 4708.1 4707.98 4707.84 4707.65 4707.44 4707.23 4706.85 4706.71 4706.54 4706.24 4705.95 4705.57 4705.09 4704.68 4704.27 4703.96 4703.68 4703.32 4703.11 4702.88 4702.53 4702.08 4701.8 4701.82 4701.9 4702.14 4702.48 4702.84 4703.28 4703.76 4704.23 4705.69 4708.64 4711.49 4714.48 4717.56
4734.1 4736.08 4738.52 4739.6 4741.33 4745.69 4751.03 4756.76 4762.29 4766.28 4763.64 4756.92 4750.17 4743.61 4737.7 4732.5 4727.96 4724.24 4720.68 4717.48 4714.5 4711.97 4710.7 4711.53 4712.55 4713.49 4713.77 4712.7 4711.3 4710.27 4709.22 4708.49 4708.04 4707.71 4707.35 4706.82 4706.17 4706.36 4706.47 4706.42 4706.21 4705.94 4705.57 4705.2 4704.81 4704.32 4703.74 4703.23 4703.19 4703.06 4702.92 4702.19 4701.98 4701.9 4701.98 4701.94 4702.03 4702.22 4702.52 4702.98 4703.45 4704.09 4705.69 4708.34 4711.23 4714.3 4717.54
4731.77 4732.51 4733.14 4734.81 4738.48 4743.14 4748.42 4754.54 4761.46 4768.16 4765.06 4756.01 4749.66 4743.2 4737.53 4732.6 4728.36 4724.92 4721.73 4718.88 4716.21 4713.47 4711.53 4713.03 4713.75 4713.93 4713.57 4712.68 4711.87 4711.49 4709.76 4708.64 4708.09 4707.74 4707.38 4706.92 4706.37 4706.59 4706.65 4706.55 4706.3 4706.03 4705.7 4705.32 4704.85 4704.35 4703.88 4703.49 4703.21 4702.95 4702.64 4702.46 4702.02 4701.88 4701.92 4701.93 4701.94 4702.08 4702.37 4702.82 4703.49 4704.46 4705.99 4708.17 4710.67 4713.4 4716.32
4729.55 4729.25 4730.64 4735.39 4736.5 4739.67 4744.07 4749.45 4755.68 4762.38 4762.69 4755.08 4747.47 4741.22 4736.18 4731.88 4727.82 4724.74 4722.21 4720.07 4718.46 4717.27 4716.23 4716.57 4715.78 4714.78 4713.78 4712.52 4711.15 4709.8 4708.71 4708.25 4708.08 4707.9 4707.73 4707.6 4707.54 4707.41 4707.15 4706.88 4706.58 4706.21 4705.83 4705.44 4704.97 4704.51 4704.07 4703.65 4703.35 4702.98 4702.45 4702.08 4701.89 4701.79 4701.88 4701.82 4701.82 4701.94 4702.22 4702.67 4703.47 4704.88 4706.1 4707.74 4709.73 4711.78 4713.59
4726.74 4725.89 4726.23 4730.46 4732.05 4734.72 4737.88 4741.56 4745.22 4748.23 4750.33 4747.78 4741.67 4736.88 4733.08 4729.64 4726.78 4724.37 4722.56 4721.15 4720.57 4721.24 4723.33 4720.17 4717.51 4715.58 4713.94 4712.24 4710.42 4708.27 4707.87 4708.05 4708.14 4708.14 4708.18 4708.29 4708.51 4708.25 4707.69 4707.23 4706.82 4706.39 4705.99 4705.58 4705.11 4704.69 4704.29 4703.9 4703.62 4703.31 4702.68 4702.09 4701.76 4701.62 4701.59 4701.6 4701.62 4701.74 4701.99 4702.42 4703.07 4703.91 4705.4 4706.99 4708.63 4710.08 4710.93
4724.26 4722.42 4722.11 4727.5 4727.66 4728.38 4730.33 4732.28 4733.33 4732.38 4731.46 4733.44 4732.82 4731.19 4729.21 4727.07 4725.04 4723.27 4721.89 4721.06 4720.93 4721.74 4722.5 4720.56 4717.91 4715.66 4713.91 4712.14 4710.6 4709.3 4708.63 4708.41 4708.41 4708.43 4708.5 4708.69 4708.95 4708.69 4708.05 4707.51 4707.04 4706.54 4706.11 4705.69 4705.3 4704.92 4704.58 4704.23 4704 4703.72 4703.22 4702 4701.64 4701.47 4701.41 4701.43 4701.48 4701.55 4701.72 4702.06 4702.62 4703.49 4704.75 4706.25 4707.71 4708.95 4709.71
4721.89 4718.76 4717.32 4720.85 4720.51 4720.96 4722.51 4723.67 4723.57 4721.77 4718.81 4722.38 4724.9 4725.46 4725.04 4724 4722.75 4721.52 4720.43 4719.78 4719.66 4719.97 4720.32 4718.92 4716.73 4714.93 4713.62 4712.03 4711.1 4710.23 4709.54 4708.97 4708.77 4708.69 4708.72 4708.82 4708.88 4708.64 4708.14 4707.67 4707.17 4706.73 4706.27 4705.88 4705.54 4705.2 4704.88 4704.71 4704.37 4703.78 4702.69 4701.82 4701.61 4701.46 4701.35 4701.31 4701.43 4701.43 4701.53 4701.74 4702.19 4702.96 4704.16 4705.55 4706.95 4708.22 4709.24
4719.24 4715.13 4711.37 4709.32 4709.88 4713.4 4715.71 4716.98 4717.05 4715.86 4714.14 4717.64 4719.91 4721.19 4721.54 4721.07 4720.32 4719.43 4718.51 4717.76 4717.21 4716.83 4716.81 4715.53 4714.3 4713.63 4713.24 4712.6 4711.7 4710.81 4709.99 4709.38 4709.07 4708.91 4708.86 4708.84 4708.72 4708.47 4708.16 4707.76 4707.29 4706.89 4706.45 4706.04 4705.7 4705.34 4705.01 4704.64 4704.4 4704.21 4703.2 4702.19 4701.77 4701.59 4701.6 4701.7 4701.44 4701.31 4701.28 4701.36 4701.71 4702.47 4703.62 4705.02 4706.45 4707.78 4709.09
4717.35 4712.78 4708.4 4705.56 4706.32 4708.64 4710.81 4712.28 4713.17 4713.75 4714.73 4716.59 4718.12 4718.44 4718.6 4718.37 4717.78 4717.04 4716.22 4715.29 4714.28 4713.07 4711.37 4710.47 4711.42 4712.14 4712.61 4712.88 4712.13 4711.07 4710.12 4709.57 4709.21 4709 4708.91 4708.87 4708.8 4708.6 4708.26 4707.85 4707.38 4706.92 4706.54 4706.16 4705.81 4705.48 4705.14 4704.75 4704.54 4704.74 4703.55 4702.45 4701.94 4701.7 4701.63 4701.54 4701.36 4701.17 4701.03 4700.94 4701.02 4701.8 4703.12 4704.61 4706.07 4707.42 4708.7
4715.9 4711.6 4708 4706.43 4705.83 4706.42 4707.74 4709.13 4710.69 4712.97 4715.23 4716.66 4716.94 4716.57 4716.76 4716.46 4715.89 4715.16 4714.26 4713.12 4711.85 4710.26 4708.39 4707.71 4709.35 4710.74 4711.84 4712.64 4712.21 4711.26 4710.34 4709.64 4709.24 4709 4708.87 4708.84 4708.89 4708.83 4708.35 4707.81 4707.36 4706.93 4706.51 4706.16 4705.82 4705.53 4705.29 4705.15 4705 4704.18 4703.26 4702.51 4702.01 4701.71 4701.54 4701.49 4701.25 4701.1 4700.96 4700.81 4700.51 4701.23 4702.86 4704.37 4705.78 4707.04 4708.16
4715.03 4711.1 4707.94 4706.21 4705.29 4705.29 4705.89 4706.82 4708.17 4710.87 4715.47 4716.87 4716.04 4715.35 4715.02 4714.93 4714.3 4713.54 4712.56 4711.39 4710.02 4708.53 4707.23 4707 4708.09 4709.68 4711.15 4712.03 4712.01 4711.23 4710.22 4709.51 4709.12 4708.87 4708.73 4708.69 4708.73 4708.8 4708.18 4707.66 4707.22 4706.84 4706.46 4706.19 4705.88 4705.59 4705.32 4705 4704.5 4703.85 4703.06 4702.45 4701.99 4701.66 4701.41 4701.17 4701.13 4701.08 4701.05 4701.12 4701.41 4702.02 4703.08 4704.37 4705.63 4706.75 4707.61
4714.52 4710.83 4707.77 4705.87 4705.97 4704.77 4704.72 4705.07 4705.55 4706.05 4710.12 4713.88 4714.24 4713.84 4713.51 4713.07 4713.05 4712.28 4711.27 4710.12 4708.79 4707.45 4706.22 4705.79 4707.27 4709 4710.67 4712.03 4712.19 4711.15 4709.95 4709.23 4708.89 4708.63 4708.46 4708.35 4708.25 4707.96 4707.69 4707.36 4707.01 4706.67 4706.36 4706.1 4705.84 4705.56 4705.27 4704.93 4704.45 4703.95 4702.99 4702.35 4701.93 4701.62 4701.39 4701.22 4701.18 4701.15 4701.2 4701.46 4702.08 4702.61 4703.39 4704.44 4705.55 4706.55 4707.55
4713.97 4710.53 4707.61 4705.77 4705.35 4704.35 4704.23 4704.32 4704.49 4704.76 4707.84 4711.28 4711.98 4711.95 4711.73 4711.32 4710.82 4710.17 4709.67 4708.7 4707.65 4706.59 4705.78 4705.74 4706.86 4708.6 4710.35 4711.66 4711.91 4711.05 4709.81 4709.01 4708.62 4708.38 4708.18 4708.02 4707.86 4707.56 4707.4 4707.03 4706.69 4706.43 4706.18 4705.99 4705.76 4705.49 4705.21 4704.92 4704.56 4703.71 4702.62 4702.2 4701.85 4701.58 4701.44 4701.51 4701.35 4701.17 4701.26 4701.59 4701.99 4702.68 4703.46 4704.39 4705.37 4706.24 4707.01
4713.85 4710.49 4707.74 4705.57 4705.16 4704.18 4703.98 4704.06 4704.44 4705.54 4707.18 4708.86 4709.85 4710.11 4710.12 4709.86 4709.43 4708.84 4708.18 4707.49 4706.72 4706 4705.54 4705.49 4706.62 4708.38 4710.08 4711.44 4711.94 4710.98 4709.73 4708.81 4708.39 4708.12 4707.88 4707.66 4707.51 4707.6 4707.21 4706.65 4706.39 4706.23 4706.07 4705.89 4705.68 4705.45 4705.17 4704.86 4704.33 4703.7 4702.68 4702.2 4701.8 4701.49 4701.28 4701.33 4701.13 4701.01 4701.18 4701.52 4702.23 4702.62 4703.32 4704.17 4705.1 4705.96 4705.96
4714.08 4710.6 4707.61 4705.44 4704.95 4704.1 4703.76 4703.85 4704.24 4704.98 4705.75 4706.52 4707.98 4708.73 4708.96 4708.88 4708.53 4708.07 4707.52 4706.96 4706.34 4705.78 4705.46 4705.48 4706.61 4708.3 4709.96 4711.25 4711.62 4710.97 4709.66 4708.65 4708.2 4707.92 4707.61 4707.28 4706.91 4706.47 4706.11 4706.03 4706.03 4706.02 4705.94 4705.8 4705.62 4705.43 4705.12 4704.86 4704.51 4703.87 4702.92 4702.28 4701.84 4701.43 4701.02 4700.44 4700.18 4700.67 4700.96 4701.23 4701.52 4702.31 4703.05 4703.85 4704.73 4705.75 4706.18
4714.15 4710.84 4707.8 4705.54 4704.52 4703.67 4703.57 4703.7 4704.04 4704.5 4705.28 4706.13 4707.1 4707.73 4707.96 4707.94 4707.71 4707.36 4706.93 4706.49 4706.06 4705.7 4705.6 4705.81 4706.8 4708.36 4709.97 4711.28 4712.09 4711.19 4709.86 4708.75 4708.18 4707.83 4707.45 4707.02 4706.46 4705.63 4705.18 4705.57 4705.83 4705.88 4705.83 4705.7 4705.51 4705.27 4705.01 4704.77 4704.41 4703.54 4702.8 4702.34 4701.88 4701.45 4701.02 4700.64 4700.57 4700.71 4700.89 4701.1 4701.54 4702.06 4702.71 4703.35 4703.99 4704.7 4704.6
4714.93 4711.39 4707.85 4705.57 4704.32 4703.69 4703.51 4703.64 4704.05 4704.67 4705.32 4706.2 4706.78 4707.1 4707.24 4707.22 4707.03 4706.81 4706.49 4706.15 4705.86 4705.66 4705.71 4706 4706.97 4708.49 4710.01 4711.32 4712 4711.42 4710.13 4708.94 4708.26 4707.85 4707.46 4707.04 4706.52 4705.83 4705.38 4705.77 4705.95 4705.91 4705.8 4705.6 4705.41 4705.21 4704.96 4704.67 4704.24 4703.8 4703.05 4702.48 4701.99 4701.55 4701.21 4701.07 4701.11 4700.93 4700.97 4701.02 4701.26 4701.87 4702.37 4702.77 4702.97 4702.84 4702.73
4715.14 4711.53 4708.14 4705.63 4703.98 4703.73 4703.52 4703.56 4703.82 4704.4 4705.2 4706.12 4706.56 4706.67 4706.75 4706.7 4706.55 4706.35 4706.12 4705.89 4705.74 4705.66 4705.85 4706.31 4707.28 4708.56 4709.99 4711.3 4712.24 4711.64 4710.33 4709.06 4708.36 4707.96 4707.59 4707.28 4707.03 4706.88 4706.81 4706.67 4706.38 4706.07 4705.87 4705.63 4705.41 4705.18 4704.94 4704.69 4704.27 4703.87 4703.27 4702.69 4702.17 4701.71 4701.35 4701.12 4701.1 4700.93 4701.06 4701.41 4701.69 4701.9 4702.21 4702.42 4702.39 4701.73 4700.35
4715.05 4711.02 4708.23 4705.86 4704.27 4703.71 4703.6 4703.57 4703.7 4704.12 4704.95 4705.82 4706.18 4706.31 4706.37 4706.35 4706.27 4706.12 4705.93 4705.77 4705.68 4705.66 4705.86 4706.27 4707.17 4708.43 4709.82 4711.09 4711.9 4711.61 4710.49 4709.22 4708.52 4708.09 4707.74 4707.54 4707.53 4707.88 4708.47 4707.61 4706.74 4706.25 4705.92 4705.64 4705.43 4705.19 4704.97 4704.78 4704.54 4703.8 4703.38 4702.81 4702.28 4701.79 4701.39 4701.01 4700.4 4700.85 4701.08 4701.34 4701.65 4701.91 4702.16 4702.28 4702.24 4702.38 4702.4
4713.87 4710.88 4708.26 4706.22 4705.09 4704.1 4703.71 4703.62 4703.84 4704.2 4704.69 4705.21 4705.58 4705.86 4705.98 4705.97 4705.89 4705.77 4705.63 4705.49 4705.39 4705.45 4705.65 4706.05 4706.84 4708.11 4709.52 4710.81 4711.71 4711.63 4710.69 4709.62 4708.77 4708.23 4707.84 4707.62 4707.59 4707.77 4708.28 4707.27 4706.62 4706.27 4705.96 4705.69 4705.42 4705.18 4705 4704.77 4704.32 4703.77 4703.41 4702.88 4702.35 4701.88 4701.48 4701.21 4701.33 4701.15 4701.14 4701.14 4701.57 4701.96 4702.25 4702.36 4702.16 4701.38 4701.38
4713.81 4710.86 4708.16 4706.45 4704.82 4704.42 4703.79 4703.64 4703.66 4704.03 4704.52 4704.93 4705.31 4705.62 4705.75 4705.76 4705.65 4705.54 4705.38 4705.28 4705.25 4705.29 4705.42 4705.74 4706.44 4707.68 4709.15 4710.51 4711.51 4711.6 4710.81 4709.76 4708.82 4708.24 4707.83 4707.56 4707.35 4706.97 4705.92 4706.1 4706.32 4706.16 4705.91 4705.65 4705.39 4705.13 4704.92 4704.71 4704.54 4703.99 4703.42 4702.93 4702.41 4701.93 4701.51 4701.23 4701.21 4701.13 4701.22 4701.56 4701.81 4702.16 4702.49 4702.73 4702.71 4701.86 4701.51
