real_craters/C200-750m.grd
DSAA
279 279
-104.125 104.125
-104.125 104.125
3456.0255299819 6931.2158232105
[rows 0 to 37 of 279, columns 0 to 83 of 279]
5921 5874 5829 5789 5790 5789 5753 5686 5624 5572 5539 5515 5510 5528 5566 5642 5644 5574 5475 5413 5388 5332 5269 5267 5252 5332 5379 5390 5372 5355 5361 5329 5297 5282 5302 5254 5275 5275 5263 5263 5274 5268 5299 5349 5352 5336 5314 5275 5226 5180 5147 5124 5102 5081 5080 5096 5088 5099 5105 5113 5125 5130 5160 5163 5178 5182 5173 5169 5198 5235 5198 5165 5132 5093 5062 5065 5064 5059 5066 5074 5076 5066 5061 5056
5947 5876 5845 5825 5816 5771 5721 5654 5618 5599 5541 5511 5493 5498 5521 5570 5551 5456 5411 5373 5394 5364 5351 5380 5443 5433 5413 5409 5434 5404 5361 5333 5314 5294 5259 5279 5303 5313 5310 5301 5289 5275 5314 5406 5385 5361 5340 5299 5205 5171 5158 5144 5126 5092 5074 5077 5084 5101 5109 5104 5102 5119 5158 5164 5184 5200 5210 5215 5245 5267 5239 5193 5152 5117 5089 5089 5084 5074 5080 5085 5082 5072 5051 5046
5929 5832 5774 5759 5711 5667 5622 5596 5577 5551 5489 5440 5463 5477 5474 5441 5526 5566 5543 5506 5486 5507 5544 5508 5501 5478 5447 5418 5389 5382 5364 5344 5315 5288 5272 5310 5344 5356 5356 5339 5324 5327 5327 5384 5390 5362 5329 5287 5218 5184 5190 5185 5175 5156 5141 5159 5147 5150 5156 5154 5205 5208 5214 5193 5206 5228 5255 5283 5295 5306 5273 5215 5182 5159 5140 5131 5122 5115 5108 5101 5091 5079 5070 5057
5851 5790 5691 5660 5723 5596 5523 5552 5547 5496 5470 5443 5484 5506 5518 5546 5642 5721 5699 5613 5565 5568 5557 5546 5524 5501 5471 5438 5383 5387 5389 5372 5344 5320 5346 5386 5423 5441 5419 5377 5351 5357 5345 5397 5384 5345 5293 5255 5254 5255 5238 5230 5234 5258 5275 5235 5221 5220 5235 5293 5329 5320 5247 5221 5234 5261 5288 5306 5328 5332 5283 5217 5213 5212 5210 5187 5163 5148 5131 5119 5114 5111 5099 5080
5950 5879 5742 5707 5686 5614 5556 5587 5595 5602 5620 5616 5578 5570 5595 5700 5750 5803 5772 5642 5605 5598 5599 5569 5551 5534 5540 5516 5449 5454 5442 5417 5392 5382 5426 5467 5508 5548 5489 5427 5376 5384 5369 5394 5380 5341 5289 5249 5272 5295 5274 5266 5268 5279 5286 5292 5298 5277 5272 5301 5327 5312 5261 5241 5261 5293 5335 5356 5356 5349 5307 5256 5254 5264 5268 5223 5189 5162 5143 5132 5128 5122 5110 5083
6189 6095 6029 5944 5835 5774 5735 5670 5661 5687 5718 5713 5652 5612 5600 5643 5728 5789 5789 5677 5634 5611 5563 5590 5613 5648 5645 5650 5634 5576 5527 5477 5447 5446 5472 5504 5538 5537 5542 5511 5446 5390 5398 5405 5383 5356 5328 5292 5282 5288 5284 5283 5285 5289 5302 5316 5326 5301 5287 5288 5312 5307 5274 5265 5283 5313 5349 5369 5373 5376 5369 5312 5294 5295 5278 5233 5206 5177 5154 5139 5126 5106 5091 5068
6207 6242 6348 6146 5915 5776 5737 5701 5690 5690 5698 5703 5667 5621 5587 5581 5640 5708 5710 5707 5657 5618 5622 5601 5635 5705 5707 5742 5764 5673 5593 5529 5493 5483 5500 5535 5557 5575 5597 5619 5573 5461 5467 5452 5414 5384 5344 5341 5286 5270 5278 5284 5295 5321 5312 5286 5285 5291 5296 5309 5298 5298 5295 5286 5298 5320 5340 5359 5369 5371 5354 5329 5312 5316 5302 5255 5230 5199 5165 5150 5129 5110 5093 5073
6068 6207 6376 6265 6048 5842 5757 5713 5702 5693 5691 5695 5657 5617 5586 5573 5598 5654 5689 5654 5593 5535 5518 5532 5561 5603 5665 5741 5756 5703 5634 5572 5518 5477 5496 5533 5580 5628 5644 5625 5574 5490 5492 5511 5464 5423 5380 5323 5294 5277 5279 5282 5284 5284 5286 5268 5268 5278 5280 5285 5297 5295 5283 5286 5303 5325 5344 5354 5359 5356 5340 5313 5309 5315 5310 5285 5268 5238 5201 5162 5127 5105 5081 5051
5991 6115 6293 6329 6271 5993 5836 5773 5769 5734 5691 5682 5661 5622 5586 5576 5587 5612 5607 5557 5501 5439 5414 5429 5461 5494 5588 5701 5741 5693 5646 5599 5544 5489 5503 5532 5584 5648 5662 5628 5592 5536 5507 5504 5471 5442 5444 5395 5316 5296 5292 5288 5282 5274 5280 5280 5287 5279 5275 5285 5308 5272 5263 5279 5301 5325 5347 5350 5351 5345 5329 5313 5317 5321 5337 5343 5321 5275 5231 5157 5106 5064 5033 5002
5991 6094 6215 6309 6328 6239 6047 5965 5919 5842 5751 5720 5688 5643 5599 5604 5641 5568 5489 5438 5379 5342 5324 5339 5382 5437 5510 5585 5637 5651 5643 5623 5590 5550 5530 5538 5575 5619 5669 5704 5656 5593 5543 5470 5441 5416 5397 5391 5358 5333 5319 5310 5298 5293 5304 5305 5295 5284 5270 5254 5247 5248 5256 5268 5293 5319 5339 5345 5346 5345 5344 5339 5360 5386 5420 5432 5390 5294 5181 5123 5080 5042 5010 4986
6054 6104 6163 6269 6341 6273 6252 6232 6111 5997 5889 5809 5749 5684 5632 5604 5577 5519 5445 5380 5332 5292 5273 5281 5325 5372 5426 5478 5547 5602 5636 5650 5644 5621 5578 5558 5569 5591 5626 5724 5662 5596 5533 5453 5413 5378 5360 5372 5387 5364 5348 5338 5326 5319 5337 5371 5333 5293 5257 5221 5221 5229 5233 5254 5279 5305 5325 5336 5341 5348 5352 5383 5442 5499 5528 5560 5463 5322 5184 5113 5076 5033 4995 4984
6065 6063 6142 6250 6316 6272 6329 6378 6255 6130 6054 5913 5824 5736 5642 5598 5546 5480 5409 5344 5294 5283 5267 5270 5295 5326 5363 5407 5485 5570 5639 5685 5694 5653 5580 5548 5557 5597 5663 5633 5600 5542 5472 5413 5358 5339 5346 5370 5382 5378 5369 5367 5371 5362 5336 5319 5305 5262 5217 5208 5216 5219 5224 5243 5264 5290 5310 5324 5337 5352 5379 5414 5464 5562 5554 5533 5464 5357 5224 5147 5113 5062 5008 5007
6182 6178 6186 6266 6301 6267 6340 6417 6305 6158 6044 5997 5900 5803 5712 5623 5540 5457 5383 5318 5276 5272 5266 5269 5281 5297 5318 5355 5445 5548 5648 5735 5785 5735 5611 5555 5544 5551 5555 5527 5515 5480 5425 5366 5318 5304 5323 5360 5378 5382 5377 5373 5379 5351 5308 5271 5248 5222 5209 5217 5237 5239 5226 5243 5259 5277 5296 5314 5329 5346 5369 5385 5402 5439 5501 5514 5493 5419 5318 5254 5216 5169 5123 5144
6273 6297 6259 6286 6315 6248 6304 6371 6284 6144 6043 6021 5956 5888 5801 5673 5552 5450 5372 5308 5272 5266 5266 5270 5276 5285 5297 5327 5421 5531 5648 5771 5888 5836 5678 5589 5536 5494 5453 5460 5447 5425 5394 5342 5295 5276 5308 5364 5383 5379 5369 5356 5337 5308 5275 5245 5229 5221 5225 5238 5263 5272 5253 5259 5266 5274 5290 5309 5324 5336 5341 5337 5337 5375 5457 5548 5579 5485 5441 5411 5354 5325 5341 5340
6316 6335 6302 6287 6256 6223 6246 6277 6225 6136 6064 6021 5993 5955 5876 5730 5583 5462 5381 5315 5275 5267 5267 5271 5278 5286 5298 5321 5405 5508 5620 5736 5847 5824 5713 5616 5530 5468 5410 5399 5382 5371 5359 5320 5272 5257 5301 5361 5380 5368 5357 5340 5322 5290 5248 5225 5228 5232 5234 5259 5284 5278 5289 5286 5282 5267 5291 5313 5330 5339 5337 5324 5322 5349 5408 5457 5458 5479 5492 5501 5440 5414 5428 5406
6357 6405 6349 6326 6283 6240 6239 6233 6174 6125 6076 6030 6021 6003 5916 5773 5622 5498 5406 5334 5282 5267 5269 5276 5278 5289 5307 5322 5395 5475 5559 5639 5700 5727 5692 5623 5528 5473 5418 5340 5315 5318 5322 5299 5251 5234 5286 5313 5339 5350 5346 5330 5305 5278 5238 5223 5238 5259 5265 5296 5321 5321 5307 5328 5327 5319 5324 5337 5346 5352 5355 5359 5340 5346 5373 5395 5412 5449 5476 5476 5453 5419 5388 5364
6411 6433 6404 6424 6439 6431 6340 6214 6140 6139 6091 6035 6039 6058 5965 5794 5640 5520 5456 5402 5321 5286 5292 5276 5271 5293 5312 5331 5383 5442 5498 5538 5557 5639 5695 5709 5594 5510 5372 5215 5238 5262 5276 5266 5235 5225 5241 5282 5319 5343 5351 5341 5315 5278 5240 5228 5242 5237 5262 5318 5360 5369 5419 5383 5383 5381 5372 5365 5364 5365 5367 5370 5345 5338 5356 5373 5394 5420 5446 5461 5435 5392 5342 5310
6478 6496 6454 6461 6516 6593 6490 6373 6282 6174 6123 6071 6061 6020 5924 5789 5649 5527 5533 5551 5456 5394 5363 5320 5294 5316 5324 5340 5380 5428 5470 5492 5505 5589 5669 5723 5711 5563 5356 5201 5194 5210 5234 5245 5225 5220 5236 5280 5320 5349 5370 5387 5364 5309 5248 5237 5254 5287 5324 5367 5377 5394 5393 5401 5410 5420 5402 5387 5377 5376 5376 5368 5357 5346 5351 5357 5361 5383 5407 5417 5396 5357 5318 5288
6550 6602 6493 6425 6452 6492 6497 6488 6443 6247 6185 6195 6106 5965 5871 5773 5673 5600 5630 5675 5597 5524 5462 5427 5417 5367 5341 5345 5385 5434 5477 5508 5521 5569 5604 5635 5651 5544 5358 5225 5171 5171 5190 5214 5210 5242 5268 5313 5334 5358 5386 5420 5422 5337 5270 5254 5271 5303 5320 5355 5393 5392 5398 5407 5409 5408 5407 5399 5392 5386 5385 5387 5403 5373 5353 5347 5351 5353 5359 5368 5351 5320 5294 5269
6575 6619 6534 6473 6471 6474 6455 6492 6511 6380 6225 6109 5998 5930 5834 5764 5713 5695 5727 5779 5764 5620 5536 5492 5465 5388 5353 5360 5405 5450 5502 5555 5580 5548 5525 5516 5505 5474 5379 5197 5143 5128 5135 5150 5158 5197 5262 5315 5331 5352 5376 5400 5387 5328 5274 5265 5278 5306 5308 5331 5358 5369 5385 5398 5412 5416 5408 5394 5382 5373 5375 5382 5381 5375 5346 5324 5315 5309 5303 5299 5289 5282 5270 5252
6607 6702 6767 6698 6582 6515 6449 6429 6445 6334 6175 6040 5934 5839 5791 5746 5725 5751 5766 5803 5839 5694 5593 5509 5395 5381 5376 5426 5439 5468 5504 5551 5559 5506 5450 5405 5387 5409 5407 5209 5114 5086 5081 5082 5104 5149 5212 5271 5302 5335 5361 5375 5355 5315 5280 5273 5278 5295 5301 5306 5319 5336 5352 5378 5413 5419 5405 5385 5367 5353 5349 5354 5360 5348 5314 5288 5266 5252 5254 5245 5242 5256 5256 5252
6666 6781 6813 6728 6641 6605 6520 6359 6211 6119 6058 5964 5862 5810 5758 5718 5692 5691 5693 5701 5683 5684 5627 5553 5493 5438 5398 5453 5459 5473 5486 5498 5490 5450 5401 5356 5340 5364 5348 5165 5071 5047 5040 5039 5048 5069 5123 5185 5261 5317 5351 5359 5339 5305 5281 5275 5285 5299 5309 5311 5317 5329 5361 5405 5432 5423 5395 5371 5349 5331 5310 5287 5268 5263 5268 5257 5229 5214 5237 5246 5253 5258 5258 5260
6634 6751 6789 6608 6620 6642 6566 6364 6155 6048 5980 5915 5838 5787 5734 5684 5635 5594 5564 5579 5665 5670 5654 5578 5550 5499 5478 5482 5466 5465 5456 5441 5428 5405 5366 5318 5301 5339 5341 5135 5037 5020 5020 5028 5047 5086 5112 5162 5242 5315 5372 5402 5367 5299 5261 5275 5295 5315 5321 5317 5306 5313 5332 5356 5409 5395 5370 5346 5324 5299 5271 5229 5215 5223 5242 5247 5238 5233 5253 5269 5279 5276 5269 5268
6604 6705 6682 6583 6607 6664 6700 6489 6198 6015 5948 5906 5846 5762 5693 5629 5566 5500 5443 5420 5431 5515 5524 5542 5541 5522 5497 5478 5471 5481 5457 5393 5399 5400 5364 5316 5303 5349 5329 5151 5042 5023 5026 5038 5064 5104 5130 5177 5251 5328 5403 5483 5411 5319 5273 5278 5301 5326 5361 5319 5300 5297 5297 5303 5313 5332 5326 5312 5293 5273 5251 5229 5211 5242 5260 5260 5265 5276 5285 5294 5306 5293 5279 5277
6613 6711 6754 6629 6595 6615 6609 6579 6253 6015 5948 5915 5884 5741 5653 5582 5511 5446 5396 5380 5381 5390 5411 5518 5621 5681 5639 5565 5534 5550 5546 5503 5480 5451 5405 5353 5336 5421 5352 5176 5064 5042 5046 5062 5086 5121 5137 5196 5268 5343 5418 5446 5413 5321 5277 5276 5285 5290 5308 5279 5288 5279 5269 5254 5267 5283 5288 5279 5265 5250 5236 5240 5243 5264 5270 5269 5279 5283 5298 5306 5312 5298 5277 5268
6586 6671 6699 6596 6569 6549 6509 6489 6299 6050 5976 5913 5826 5686 5598 5531 5473 5421 5379 5376 5377 5376 5410 5528 5680 5835 5825 5707 5650 5651 5675 5687 5603 5533 5477 5423 5371 5377 5324 5186 5090 5080 5088 5098 5108 5130 5161 5229 5291 5358 5437 5494 5420 5312 5278 5286 5297 5283 5269 5248 5248 5257 5258 5252 5255 5263 5260 5252 5241 5229 5221 5219 5226 5234 5245 5260 5279 5319 5306 5296 5295 5276 5256 5241
6491 6573 6613 6581 6540 6500 6462 6424 6403 6193 6027 5906 5790 5607 5527 5474 5436 5403 5381 5378 5377 5382 5417 5537 5684 5820 5869 5824 5788 5758 5755 5741 5678 5614 5562 5521 5490 5384 5302 5212 5142 5144 5139 5134 5133 5158 5240 5259 5301 5355 5423 5478 5400 5310 5291 5301 5302 5291 5251 5229 5230 5249 5260 5277 5275 5249 5238 5228 5219 5209 5200 5195 5201 5209 5219 5240 5258 5264 5267 5261 5243 5234 5229 5213
6365 6459 6515 6552 6516 6475 6432 6394 6351 6210 6040 5889 5696 5541 5470 5430 5405 5389 5381 5380 5378 5392 5443 5553 5690 5817 5865 5876 5875 5823 5786 5756 5709 5665 5626 5607 5583 5441 5304 5269 5274 5231 5194 5170 5165 5183 5219 5262 5302 5338 5365 5365 5366 5336 5307 5301 5300 5254 5223 5229 5252 5251 5252 5249 5239 5229 5218 5207 5197 5188 5180 5175 5184 5192 5205 5224 5234 5233 5233 5233 5220 5213 5211 5201
6290 6379 6425 6480 6470 6450 6423 6403 6387 6203 6041 5894 5725 5502 5428 5396 5381 5378 5379 5387 5380 5397 5460 5562 5681 5779 5835 5864 5876 5839 5795 5753 5724 5684 5654 5641 5650 5566 5326 5303 5362 5291 5230 5199 5186 5196 5227 5269 5303 5329 5344 5345 5343 5335 5303 5274 5246 5220 5213 5228 5252 5248 5240 5230 5210 5205 5200 5192 5183 5176 5169 5171 5180 5194 5210 5220 5224 5218 5215 5226 5222 5216 5210 5204
6340 6362 6368 6387 6422 6437 6436 6436 6403 6207 6029 5884 5713 5482 5401 5373 5367 5369 5374 5377 5377 5396 5468 5565 5671 5763 5789 5817 5836 5830 5814 5777 5729 5676 5634 5590 5547 5493 5288 5266 5274 5254 5234 5219 5207 5219 5254 5286 5307 5329 5355 5352 5317 5290 5278 5256 5226 5210 5206 5221 5240 5234 5222 5207 5183 5189 5189 5185 5179 5171 5163 5164 5189 5216 5216 5217 5224 5241 5262 5240 5225 5216 5217 5218
6341 6382 6390 6391 6418 6439 6452 6478 6418 6211 6024 5861 5673 5476 5383 5358 5356 5363 5371 5378 5376 5393 5455 5546 5647 5705 5737 5763 5774 5804 5846 5811 5731 5645 5568 5484 5389 5298 5234 5214 5202 5210 5225 5234 5242 5274 5289 5300 5316 5329 5339 5328 5299 5273 5263 5247 5218 5206 5210 5220 5227 5222 5207 5191 5189 5187 5185 5180 5173 5167 5164 5167 5179 5186 5193 5200 5215 5236 5247 5245 5237 5225 5235 5230
6332 6430 6445 6455 6449 6454 6455 6459 6415 6230 6034 5854 5651 5453 5376 5360 5359 5365 5370 5377 5374 5386 5458 5552 5625 5686 5711 5718 5713 5765 5871 5824 5723 5615 5503 5398 5297 5242 5210 5194 5190 5201 5224 5249 5277 5309 5325 5321 5328 5335 5337 5326 5297 5275 5262 5250 5221 5205 5216 5226 5226 5216 5200 5187 5199 5195 5185 5176 5169 5164 5164 5164 5165 5165 5163 5178 5200 5217 5235 5242 5261 5292 5265 5239
6408 6566 6607 6538 6490 6478 6452 6424 6381 6254 6083 5866 5659 5488 5402 5380 5377 5377 5374 5376 5373 5388 5452 5546 5565 5639 5721 5681 5664 5715 5786 5785 5692 5573 5449 5332 5239 5253 5205 5187 5188 5201 5228 5257 5288 5321 5340 5352 5344 5341 5339 5329 5298 5279 5269 5254 5221 5206 5221 5240 5235 5217 5202 5193 5208 5198 5184 5173 5164 5157 5157 5155 5152 5148 5158 5176 5193 5203 5205 5234 5264 5283 5270 5242
6492 6703 6772 6660 6579 6521 6454 6375 6330 6251 6102 5857 5664 5526 5441 5412 5407 5404 5389 5380 5376 5380 5413 5452 5495 5554 5602 5622 5629 5692 5824 5758 5654 5534 5407 5283 5182 5191 5191 5189 5201 5220 5239 5258 5287 5314 5355 5364 5361 5355 5358 5346 5313 5296 5285 5265 5235 5221 5257 5263 5237 5220 5209 5205 5200 5191 5178 5165 5154 5146 5139 5139 5141 5142 5163 5188 5195 5200 5208 5228 5252 5268 5261 5239
6524 6753 6845 6807 6716 6603 6476 6361 6302 6216 6057 5855 5684 5559 5482 5458 5458 5453 5445 5414 5397 5385 5384 5402 5438 5483 5530 5576 5614 5683 5763 5700 5603 5491 5374 5260 5176 5168 5177 5191 5213 5241 5242 5254 5288 5327 5392 5387 5388 5372 5363 5367 5347 5326 5309 5293 5254 5253 5280 5267 5229 5218 5208 5198 5191 5180 5169 5157 5143 5131 5132 5129 5134 5140 5166 5193 5196 5202 5211 5225 5239 5250 5243 5226
6536 6835 6931 6910 6852 6667 6494 6338 6247 6179 6059 5869 5712 5595 5525 5528 5547 5543 5510 5484 5463 5423 5376 5372 5394 5450 5497 5568 5598 5620 5646 5618 5548 5457 5356 5255 5175 5167 5174 5190 5198 5209 5229 5248 5293 5340 5424 5468 5433 5396 5389 5387 5391 5352 5312 5279 5250 5236 5267 5255 5226 5216 5214 5202 5181 5169 5161 5148 5133 5117 5100 5115 5132 5150 5168 5175 5193 5206 5218 5225 5223 5217 5207 5203
6442 6758 6885 6887 6827 6671 6500 6342 6219 6152 6042 5853 5748 5661 5614 5637 5684 5701 5676 5685 5637 5499 5370 5363 5376 5447 5583 5585 5586 5579 5564 5550 5504 5437 5356 5275 5212 5183 5172 5173 5181 5189 5215 5259 5293 5349 5412 5432 5406 5377 5369 5394 5386 5363 5312 5266 5244 5234 5259 5250 5224 5211 5202 5195 5184 5172 5164 5149 5131 5115 5105 5116 5133 5151 5166 5178 5196 5211 5217 5216 5210 5198 5185 5179
6265 6535 6723 6802 6786 6665 6495 6330 6210 6135 6046 5913 5809 5739 5712 5768 5858 5937 5953 5944 5843 5603 5406 5360 5373 5425 5472 5526 5571 5597 5527 5499 5466 5420 5366 5305 5257 5235 5212 5192 5183 5180 5198 5250 5290 5353 5380 5392 5381 5368 5363 5385 5404 5369 5343 5322 5291 5262 5251 5232 5216 5207 5201 5199 5197 5194 5179 5158 5139 5124 5120 5126 5142 5151 5159 5183 5210 5226 5221 5203 5211 5194 5172 5166
