real_craters/C200-500m.grd
DSAA
417 417
-104.125 104.125
-104.125 104.125
3456.1122693031 6946.0613758031
[rows 120 to 149 of 417, columns 0 to 66 of 417]
4777.3 4820.67 4854.84 4890.11 4918.05 4916.14 4932.73 4957.77 4996.16 5062.97 5146.43 5238.81 5335.97 5438.15 5534.9 5628.4 5673.86 5734.51 5789.25 5805.44 5809.17 5778.49 5741.9 5703.14 5641.46 5619.05 5616.47 5606.34 5587.66 5593.65 5601.21 5626.29 5655.81 5685.44 5713.24 5732.75 5726.39 5683.8 5616.61 5570.59 5545.96 5528.58 5512.67 5497.36 5490.18 5493 5477.92 5457.11 5448 5419.24 5391.05 5371.71 5358.08 5366.13 5387.54 5406.5 5419.57 5420.58 5423.46 5455.64 5481.22 5507.46 5532.59 5556 5577.19 5599.91 5650.48
4783.53 4834.76 4879.63 4906.09 4919.7 4919.68 4937.03 4959.3 4987.34 5060.31 5149.82 5242.16 5338.43 5436.68 5522.09 5611.58 5644.07 5729.19 5844.55 5927.37 5913.92 5896.83 5867.01 5798.59 5712.46 5661.52 5627.7 5596.33 5577.54 5582.65 5600.84 5621.49 5648.61 5676.8 5703.12 5721.79 5726.46 5675.68 5607.35 5564.45 5543.17 5526.49 5511.18 5496.47 5496.52 5491.19 5475.44 5454.03 5441.82 5418.53 5396.22 5384.88 5386.5 5397.62 5412.63 5435.67 5458.89 5464.91 5448.36 5459.85 5491.6 5523.17 5553.72 5579.04 5598.4 5611.52 5652.88
4780.83 4835.9 4896.67 4912.5 4923.83 4924.8 4946.27 4973.26 5010.38 5076.17 5158.36 5246.01 5334.44 5422.54 5487.98 5550.5 5579.67 5684.63 5823.75 5953.15 6006.61 6034.4 6021.21 5901.09 5809.47 5728.89 5650.98 5597.97 5574.73 5576.4 5594.22 5614.26 5639.49 5666.4 5689.81 5705.77 5702.65 5665.85 5610.8 5569.75 5546.9 5523.98 5499.98 5480.23 5464.86 5451.57 5442.13 5429.17 5410.78 5397.16 5391.85 5390.99 5396.11 5412.1 5434.35 5460.45 5483.64 5485.87 5471.32 5479.08 5508.47 5543.44 5580.66 5615.33 5649.78 5688.81 5743.93
4769.03 4810.9 4853.27 4891.08 4917.4 4948.6 4957.22 4991.5 5032.71 5096.04 5168.76 5249.57 5324.45 5398.12 5454.86 5493.63 5524.13 5614.5 5723.38 5873.12 6051.6 6189.06 6061.04 5949.42 5850.01 5754.36 5652.31 5590.43 5566.57 5567.98 5582.81 5606.61 5630.84 5655.81 5677.01 5690.9 5685.93 5666.03 5626.03 5587.56 5561.97 5526.37 5489.05 5459.7 5440.59 5427.08 5416.82 5405.06 5390.2 5382.05 5384.59 5392.5 5405.37 5422.9 5450.97 5479.37 5501.78 5500.94 5488.95 5500.18 5528.76 5567.27 5611.58 5658.73 5709 5775.05 5823.4
4754.86 4787.92 4822.78 4869.89 4906.65 4945.24 4963.14 5005.06 5058.68 5110.78 5177.3 5249.37 5320.81 5386.19 5439.62 5474.4 5499.38 5559.22 5644.65 5803.5 6009.1 6166.35 6089.35 5964.65 5830.35 5700.71 5617.42 5569.69 5554.87 5562.07 5580.59 5602.44 5626.57 5649.68 5668.7 5682.17 5686.26 5681.15 5664.95 5636.4 5596.4 5536.52 5476.95 5439.13 5419.81 5403.78 5399.49 5389.9 5378.76 5373.33 5380.06 5391.43 5408.26 5444.76 5456.63 5490.41 5524.21 5524.06 5504.75 5518.14 5549.06 5589.73 5637.2 5691 5748.09 5812.35 5861.01
4742.78 4777.76 4818.13 4858.54 4897.66 4939.91 4963.01 5004.74 5056.65 5115.02 5180.1 5249.28 5317.97 5381.96 5436.56 5480.18 5506.06 5531.43 5578.22 5724.06 5903.12 6025.61 6042.02 5959.29 5799.48 5626.39 5576.34 5558.15 5551.02 5560.52 5578.09 5600.8 5624.47 5646.37 5664.52 5676.11 5685 5700.13 5713.54 5714.38 5638.06 5551.84 5470.37 5426.03 5412.91 5405.72 5395.07 5384.44 5375.46 5372.45 5377.5 5388.51 5401.84 5414.97 5447.8 5485.12 5527.11 5537.76 5522.22 5534.54 5568.18 5611.13 5655.35 5713.97 5772.55 5829.83 5904.13
4733.93 4766.12 4805.5 4848.97 4888.53 4931.83 4973.09 4995.96 5046.18 5110.6 5174.65 5241.53 5310.34 5375.15 5437.33 5494.87 5524.98 5529.03 5557.79 5670.07 5809.85 5922.96 6007.77 5981.55 5814 5629.06 5567.32 5556.5 5553.67 5563.24 5585.82 5607.08 5624.36 5646.17 5665.02 5677.34 5689.49 5708.66 5726.08 5726.72 5654.88 5563.94 5479.43 5428.88 5414.26 5408.65 5398.69 5390.98 5380.27 5371.84 5375.33 5386.43 5401.03 5418.42 5441.97 5468.61 5490.87 5511.87 5519.35 5543.67 5578.75 5622.03 5672.68 5729.71 5794.29 5865.31 5954.16
4724.99 4762.07 4800.82 4835.47 4877.85 4921.46 4945.34 4991.57 5043.47 5101.59 5164.87 5229.95 5293.55 5363.05 5431.24 5496.28 5539.35 5539.24 5563.94 5641.97 5744.08 5846.36 5973.64 6016.49 5859.19 5682.43 5594.94 5564.15 5557.23 5567.21 5584.81 5601.21 5620.65 5644 5666.7 5682.12 5692.04 5701.6 5708.14 5702.02 5645.36 5568.5 5497.82 5448.94 5428.84 5408.24 5416.67 5412.13 5394.34 5374.9 5374.35 5386.76 5402.92 5420.76 5439.7 5458.16 5475.11 5497.55 5522.78 5548.53 5585.28 5628.68 5679.45 5737.59 5804.52 5889.63 5994.4
4709.99 4751.3 4788.24 4824.21 4863.76 4909.1 4951.09 4972.91 5029.6 5092.87 5153.5 5216.3 5281.03 5344.53 5413.15 5476 5523.91 5539.75 5567.97 5620.43 5692.71 5768.62 5888.49 5993.78 5908.41 5767.61 5652.53 5586.3 5576.22 5580.95 5588.88 5600.3 5612.34 5636.06 5665.22 5687.3 5687.46 5678.25 5665.74 5648.78 5606.23 5563.15 5537.45 5531.56 5493.17 5470 5474.54 5457.9 5423.59 5387.65 5381.62 5394.01 5412.06 5431.53 5447.04 5456.75 5466.69 5487.76 5520.28 5548.23 5584.66 5629.09 5679.48 5735.01 5800.03 5875.65 6012.61
4685.2 4730.29 4762.59 4801.03 4845.27 4895.34 4945.66 4980.42 5029.83 5083.96 5141.05 5201.96 5262.39 5319.13 5382.67 5441.64 5495.69 5512.09 5550.22 5594.78 5659.52 5726.88 5831.17 5989.51 5970.51 5860.53 5734.07 5640.26 5620.49 5608.41 5596.79 5587.53 5595.77 5619.43 5653.74 5688.26 5671.86 5640.52 5609.81 5571.2 5545.73 5541.73 5542.36 5542.51 5547.04 5575.9 5568.86 5520.03 5464.2 5415.23 5398.28 5408.43 5425.43 5445.94 5459.86 5460.5 5462.26 5471.1 5504.7 5541.69 5584.77 5630.49 5679.65 5734.35 5796.7 5871.39 5974.41
4645.79 4670.65 4719.23 4768.3 4820.88 4874.66 4930.72 4982.84 5026.1 5069.52 5122.4 5181.2 5229.15 5288.66 5344.27 5392.09 5430.77 5451.24 5498.27 5564.63 5645.25 5738.01 5870.46 6051.37 6052.07 5979.81 5876.79 5754.85 5695.03 5650.46 5610.03 5576.29 5573.77 5582.86 5607.32 5646.57 5620.17 5589.05 5559 5525.32 5510.69 5521.66 5525.27 5510.28 5542.74 5629.06 5645.07 5575.95 5505.62 5446.61 5418.57 5425.66 5441.01 5457.48 5468.07 5465.24 5463.56 5465.05 5490.15 5532.95 5581.3 5628.74 5679.47 5734.3 5794.57 5882.12 5976.21
4612.89 4625.83 4683.27 4739.2 4794.05 4846.18 4882.29 4933.21 4990.27 5041.4 5097.64 5154.36 5198.05 5251.92 5303.25 5342.81 5375.88 5398.36 5452.49 5535.9 5634.21 5750.17 5896.76 6064.49 6089.27 6059.17 6005.56 5885.42 5776.57 5695.48 5630.19 5582.12 5552.99 5536.86 5526.83 5519.77 5531.99 5529.37 5517.79 5503.25 5499.68 5521.45 5542.86 5568.02 5564.54 5638.52 5666.35 5605.26 5536.26 5475.08 5442.03 5444.35 5457.92 5471.57 5477.28 5468.47 5465.03 5463.38 5487.86 5530.18 5579.92 5632.31 5684.05 5738.22 5795.84 5880.28 5969.03
4606.22 4624.44 4669.32 4719.48 4770.4 4818.42 4848.39 4884.17 4954.31 5015.93 5075.09 5131.66 5178.97 5232.96 5277.87 5312.98 5339.56 5365.79 5425.37 5515.69 5621.57 5739.31 5867.9 5997.03 6054.11 6051.22 6017.52 5946.17 5826.78 5723.7 5642.85 5579.81 5530.05 5492.43 5463.85 5446.85 5467.08 5483.63 5492.43 5499.08 5510.8 5533.65 5562.23 5606.9 5607.78 5633.88 5646.42 5614.31 5557.19 5497.33 5458.94 5465.61 5480.7 5492.09 5489.18 5471.49 5464.45 5464.84 5491.49 5534.59 5584.68 5637.05 5690.32 5743.52 5799.5 5858.87 5918.87
4613.72 4637.37 4668.16 4706.82 4750.54 4794.53 4828.66 4886.19 4930.59 4988.67 5048.5 5106.25 5154.39 5210.34 5256.36 5297.65 5324.03 5350.26 5414.12 5504.64 5605.87 5713.5 5820.09 5930.21 5998.36 6006.85 5982.94 5934.84 5834.2 5730.1 5640.01 5561.05 5500.47 5460.24 5429.53 5417.66 5432.11 5453.95 5475.93 5501.33 5544.24 5539.3 5552.92 5579.58 5602.63 5625.4 5645.79 5624.97 5577.26 5523.28 5483.92 5492.25 5509.54 5524.89 5529.67 5486.71 5472.09 5471.74 5502.6 5545.17 5595.04 5645.3 5696.59 5745.26 5794.79 5822.2 5875.57
4617.22 4640.62 4665.75 4696.58 4732.61 4769.34 4796.96 4845.94 4899.19 4956.28 5015.27 5078.25 5135.89 5192.73 5249.75 5300.5 5336.83 5346.16 5419.13 5501.69 5593.91 5691.13 5788.64 5885.82 5952.6 5971.13 5956.05 5901.47 5815.44 5722.58 5629.65 5551.45 5488.44 5444.03 5413.42 5402.54 5413.49 5433.54 5457.94 5486.32 5511.77 5518.91 5521.15 5521.72 5539.1 5603.28 5654.72 5633.75 5598.57 5558.89 5520.15 5529.56 5539.08 5551.85 5568.63 5517.67 5488.29 5487.62 5523 5563.09 5609.16 5657.07 5705.03 5746.3 5772.91 5802.89 5853.77
4612.11 4633.71 4656.8 4684.83 4714.53 4742.94 4756.4 4801.51 4860.93 4919.39 4977.42 5038.74 5097.96 5162.1 5228.99 5298.41 5372.35 5445.92 5446.27 5506.28 5584.79 5673.6 5766.95 5861.61 5932.27 5953.22 5926.48 5859.31 5784.9 5707.12 5624.08 5547.42 5484.29 5441.34 5412.8 5402.35 5409.52 5426.07 5444.77 5464.68 5482.18 5487.88 5488.2 5488.27 5513.11 5575.44 5619.59 5630.35 5618.18 5597.58 5585.03 5570.05 5561.05 5555.28 5546.44 5522.32 5522.33 5529.82 5552.46 5583.59 5623.04 5663.47 5712.22 5756.97 5778.49 5792.24 5810.22
4602.84 4624.46 4648.05 4672.91 4698.06 4722.15 4737.03 4778.53 4832.13 4889.26 4944.24 5004.2 5064.48 5125.76 5197.53 5275.91 5358.91 5427.28 5455.67 5510.28 5575.54 5653.26 5741.2 5852.64 5961.77 5971.46 5887.45 5817.85 5760.2 5693.96 5622.5 5555.03 5492.32 5451.55 5418.84 5407.59 5414.61 5426.14 5437.32 5447.51 5452.42 5458.81 5466.45 5477.62 5510.38 5566.36 5610.66 5635.05 5635 5624.54 5609.9 5596.76 5572.13 5547.72 5524.72 5513.05 5538.03 5572.67 5571.37 5589.15 5621.33 5659.76 5712.14 5767.91 5809.27 5769.88 5716.66
4604.6 4623.45 4641.64 4661.71 4682.98 4706.29 4726.18 4762.77 4808.34 4862.14 4917.71 4975.16 5035.41 5099.89 5169.33 5244.51 5329.75 5425.69 5453.62 5506.36 5562.13 5626.57 5703.82 5824.08 6026.46 6027.12 5949.33 5815.19 5757.8 5698.3 5634.71 5573.17 5523.8 5475.31 5441.24 5425.66 5426.2 5430.38 5436.05 5438 5440.2 5443.85 5453.44 5472.92 5514.95 5567.54 5631.81 5656.41 5645.35 5636.09 5636.59 5611.34 5568.75 5535.41 5511.28 5509.63 5521.37 5546.88 5562.01 5579.64 5603.58 5637.14 5688.29 5748.43 5772.58 5672.6 5568.49
4621.85 4628.37 4637.02 4650.95 4667.45 4686.22 4705.15 4741.66 4784.99 4835.57 4887.69 4945.01 5009.77 5069.14 5128.12 5190.75 5262.63 5394.64 5465.83 5494.04 5540.49 5596.35 5660.43 5753.62 5911.31 6024.61 6012.61 5857.17 5780.16 5716.11 5653.08 5592.09 5537.38 5494.55 5465.99 5450.16 5443.67 5441 5439.61 5437.01 5434.76 5434.6 5443.89 5463.24 5501.29 5556.01 5612.52 5635.01 5630.79 5621.33 5607.69 5580.72 5546.96 5515.28 5494.96 5504.34 5507.94 5521.97 5539.71 5553.03 5567.96 5587.16 5617.35 5629.56 5587.88 5502.05 5390.44
4617.17 4624.34 4628.44 4637.86 4650.1 4653.17 4672.82 4714.68 4760.49 4810.47 4862.72 4914.94 4973.78 5025.82 5073.54 5122.87 5171.72 5286.43 5404.31 5456.67 5511.3 5563.5 5616.92 5679.17 5788.01 5928.69 5968.82 5875.09 5797.61 5738.33 5677.12 5612 5545.26 5507.94 5496.56 5476.55 5464.54 5456.36 5450.13 5443.48 5435.72 5430.39 5441.09 5456.38 5494.28 5541.59 5577.04 5593.03 5604.59 5593.84 5571.52 5542.83 5515.64 5493.65 5479.3 5491.5 5497.15 5504.86 5514.35 5519.32 5520.56 5521.39 5526.58 5493.39 5416.01 5333.55 5219.98
4604.03 4609.18 4614.61 4621.87 4631.39 4633.5 4659.11 4693.53 4736.63 4785.48 4836.75 4893.95 4944.56 4995.01 5043.31 5089.08 5141.1 5227.71 5310.16 5415.31 5481.33 5536.49 5586.39 5628.3 5682.25 5757.74 5819.06 5805.76 5803.25 5767.07 5710.44 5643.8 5576.08 5531.92 5517.1 5501.2 5487.32 5475.7 5465.72 5458.22 5451.26 5441.92 5454.37 5466.77 5499.42 5543.79 5580.06 5597.38 5596 5575.83 5538.69 5497 5487.14 5477.14 5466.58 5484 5492.53 5492.08 5488.07 5480.89 5469.58 5453.32 5440.99 5387.3 5297.58 5209.54 5099.86
4582.39 4591.07 4596.86 4603.19 4610.81 4610.85 4636.9 4673.12 4718.17 4765.89 4818.55 4876.28 4926.74 4974.85 5023.88 5072.36 5132.95 5234.31 5340.08 5407.67 5465.42 5519.03 5573.82 5637.79 5641.15 5626.95 5722 5825.68 5840.24 5802.9 5749.52 5688.86 5625.37 5571.5 5541.7 5529.78 5516.33 5500.49 5485.11 5475.37 5476.66 5500.21 5473.72 5472.12 5522.8 5576.46 5608.32 5616.24 5606.13 5577.6 5532.64 5485.37 5477.59 5477.35 5480.06 5490.66 5493.33 5485.53 5469.68 5448.61 5422.4 5392.7 5366.5 5306.73 5219.02 5129.17 5039.33
4571.24 4571.18 4576.34 4582.09 4587.84 4584.29 4610.95 4652.69 4700.56 4750.31 4805.02 4855.32 4913.52 4966.28 5015.15 5066.76 5134.54 5249.76 5361.61 5404.76 5454.18 5500.95 5546.1 5589.46 5588.68 5583.76 5693.25 5847.18 5876.21 5836.68 5789.43 5739.9 5691.13 5635.52 5588.83 5576.39 5556.75 5532.05 5506.23 5484.38 5470.79 5468.28 5452.1 5472.07 5558.23 5637.03 5645.51 5641.22 5634.59 5600.59 5548.68 5503.24 5480.42 5481.26 5504.21 5523.28 5501.06 5480.93 5454.17 5421.03 5384.37 5342.62 5304.15 5240.97 5155.21 5072.03 4995.49
4538.81 4549.13 4557.36 4564 4568.66 4562.84 4591.46 4637.81 4687.18 4741.74 4797.22 4852.82 4909.97 4966.44 5021.15 5077.44 5141.53 5262.59 5369.09 5400.77 5439.04 5475.79 5507.36 5520.27 5523.27 5548.59 5663.02 5802.53 5862.87 5847.51 5819.93 5790.28 5762.48 5737.69 5682.89 5641.22 5603.45 5566.82 5527.33 5484.97 5447.4 5408.66 5409.43 5459.73 5544.85 5618.51 5669.77 5697.76 5685.31 5635.27 5571.06 5504.98 5480.81 5474.15 5472.17 5488.73 5495.43 5477.58 5441.73 5397.73 5349.59 5297.93 5249.6 5184.11 5101.95 5023.16 4944.68
4519.7 4531.44 4541.99 4550.5 4556.67 4551.31 4582.66 4629.02 4680.59 4736.16 4792.67 4852.24 4912.45 4972.54 5036.25 5103.63 5186.24 5286.86 5381.76 5394.81 5418.93 5447.92 5474.92 5490.35 5505.93 5526.44 5626.57 5746.25 5815.7 5838.04 5840.02 5830.64 5817.22 5800.68 5760.13 5704.63 5653.89 5601.82 5548.97 5494.67 5436.03 5388.98 5378.12 5426.93 5511.18 5604.64 5668.83 5737.88 5732 5660.6 5594.2 5535.63 5504.26 5479.28 5461.46 5483.89 5508.62 5475.3 5429.56 5376.17 5319.75 5258.47 5199.02 5127.06 5060.82 4992.28 4917.16
4511.26 4520.63 4530.99 4541.22 4551.82 4555.97 4587.02 4628.37 4678.39 4734.95 4793.56 4857.53 4918.76 4986.33 5053.34 5128.85 5214.99 5294.2 5381.91 5371.49 5387.98 5417.15 5447.02 5472.23 5495.99 5513.49 5597.75 5699.62 5782.03 5828.16 5853.77 5863.71 5860.34 5847 5814.8 5760.88 5700.63 5637.77 5578.25 5514.47 5447.87 5396.28 5371.61 5397.2 5457.42 5531.94 5597.29 5688.7 5700.22 5641.8 5601.45 5580.49 5551.69 5501.8 5473.51 5484.97 5501.9 5467.6 5417.36 5359.45 5295.82 5228.04 5161.49 5091.98 5040.22 4983.26 4927.2
4507.73 4513.43 4521.94 4532.01 4545.09 4560.73 4589.47 4628.33 4678.69 4737.29 4805.18 4866.6 4928 4990.7 5057.12 5125.04 5200.93 5260.68 5321.52 5323.81 5350.58 5385.71 5424.12 5457.55 5486.03 5518.93 5590.45 5681.27 5757.29 5829.18 5875.62 5900.52 5907.6 5898.8 5870.7 5809.88 5746.17 5677.73 5608.23 5540.9 5467.98 5411.36 5376.58 5377.24 5392.85 5398.49 5471.17 5538.09 5562.4 5573.23 5575.96 5579.35 5561.62 5513.32 5483.01 5477.91 5489.48 5452.76 5408.12 5349.76 5281.98 5215.86 5148.35 5094.05 5036.98 4984.09 4937.18
4502.92 4506.43 4512.92 4520.39 4516.19 4537.27 4579.03 4624.87 4679.57 4739.51 4801.98 4870.38 4933.07 4993.65 5049.55 5105.13 5160.89 5205.02 5242.72 5270.96 5312.68 5361.68 5409.45 5458.4 5495.62 5534.09 5603.61 5691.87 5783.8 5856.16 5913.57 5951.32 5966.22 5955.39 5932.69 5858.7 5783.16 5708.45 5636.2 5568.38 5498.71 5430.88 5380.31 5369.01 5364.9 5367.53 5398.23 5427.66 5447.83 5501.26 5536.74 5551.01 5538.77 5512.36 5483.73 5462.71 5453.67 5445.88 5407.76 5349.94 5280.16 5205.3 5134.26 5086.44 5041.12 4988.54 4941.76
4494.98 4500.82 4506.52 4510.63 4497.87 4518.19 4564.84 4620.33 4682.36 4748.09 4809.71 4878.57 4938.54 4998.75 5048.91 5093.41 5134.59 5162.1 5185.65 5220.07 5277.37 5333.65 5398.9 5467.01 5538.95 5580.97 5635.2 5717.18 5821.27 5895.6 5962.99 6018.44 6047.3 6045.64 5982.13 5899.76 5821.04 5748.38 5676.24 5606.49 5539.25 5472.04 5400.82 5378.05 5367.87 5365.58 5372.72 5383.5 5401.25 5464.7 5515.8 5542.7 5544.68 5535.32 5515.06 5498.04 5495.38 5474.37 5426.96 5367.78 5298.53 5222.54 5151.81 5111.45 5059.17 4998.79 4948.92
4488.48 4496.89 4503.06 4506.81 4494.48 4512.45 4563.01 4624.07 4688.43 4755.21 4826.78 4889.94 4949.06 5004.22 5053.99 5099.15 5128.32 5140.66 5161.79 5185.37 5243.54 5310.31 5386.69 5466.69 5540.57 5584.51 5631.16 5724.21 5823.34 5921.39 6019.91 6097.83 6140.75 6111.83 6012.11 5932.89 5853.21 5777.63 5710.16 5645.84 5587.82 5528.84 5453.54 5409.29 5393.75 5376.07 5373.13 5395.02 5418.61 5475.31 5521.74 5557.91 5595.66 5587.34 5563.14 5531.95 5530.8 5506.55 5460.27 5403.35 5337.75 5271.94 5199.64 5162.65 5094.2 5019.07 4962.99
