real_craters/C200-500m.grd
DSAA
417 417
-104.125 104.125
-104.125 104.125
3456.1122693031 6946.0613758031
[rows 0 to 29 of 417, columns 134 to 200 of 417]
5008.7 5005.62 5001.69 4998.26 4995.43 4992.31 4991.5 4993.47 4993.7 4989.37 4979.97 4972.4 4977.15 4966.11 4958.94 4960.19 4961.89 4961.33 4958.79 4955.02 4953.47 4954.48 4939.12 4923.98 4914.29 4906.45 4899.75 4897.69 4895.56 4893.04 4891.68 4887.34 4880.71 4874.71 4871.22 4870.76 4868.7 4860.22 4842.8 4838.28 4835.15 4833.55 4828.47 4833.32 4841.01 4852.78 4860.7 4858.83 4862.99 4868.93 4879.74 4883.78 4866.66 4852.4 4836.23 4839.02 4844.23 4850.73 4851.26 4851.58 4869.91 4888.26 4902.99 4915.64 4922.95 4933.47 4943.47
5001.58 4996.36 4992.97 4990.34 4987.85 4984.68 4983.84 4985.12 4984.01 4982.82 4976.13 4958.72 4970.67 4952.96 4949.81 4956.37 4960.04 4960.62 4957.59 4950.3 4946.16 4943.42 4930 4920.73 4915.79 4912.22 4906.94 4902.42 4901.65 4904.79 4906.39 4898.3 4887.48 4871.78 4870.73 4873.69 4874.73 4868.93 4848 4834.15 4833.83 4835.95 4831.79 4829.66 4836.12 4848.68 4853.12 4858.38 4865.01 4873.04 4881.55 4882.33 4875.54 4870.15 4863.7 4848.68 4860.84 4873.74 4878.75 4878.96 4895.93 4909.16 4920.88 4929.77 4938.75 4948.01 4958.94
4986.9 4984.98 4983.2 4981.86 4979.78 4975.87 4974.99 4973.64 4972.47 4970.22 4967.05 4947.35 4930.61 4940.5 4947.71 4956.67 4965.83 4969.35 4964.94 4955.57 4949.31 4939.12 4926.3 4922.51 4916.42 4914.54 4909.86 4900.72 4900.03 4906.74 4910.78 4892.12 4873.15 4863.88 4870.09 4877.99 4884.49 4888.34 4875.87 4849.95 4850.72 4862.27 4861.1 4856.09 4854.55 4853.55 4851.38 4859 4867.93 4874.7 4877.59 4877.71 4884.57 4885.33 4882.42 4880.32 4893.85 4908.81 4921.76 4930.56 4928.69 4932.31 4938 4945.64 4953.1 4962.73 4973.55
4972.94 4974.16 4976.27 4975.84 4973.92 4971.24 4966.79 4961.69 4958.91 4953.56 4941.4 4937.55 4937.81 4936.13 4943.92 4965.43 4978.44 4985.66 4984.67 4969.42 4964.45 4949.73 4944.41 4925.36 4918.14 4901.56 4893.44 4889.68 4889.1 4889.3 4886.13 4872.04 4860.88 4863.57 4875.82 4887.52 4896.58 4902.64 4891.61 4884.22 4903.03 4914.94 4920.09 4920.44 4896.36 4875.31 4862.14 4866.5 4875.73 4885.03 4887.86 4885.49 4909.55 4923.66 4927.23 4932.72 4936.79 4945.32 4955.94 4959.88 4955.17 4953.2 4954.37 4958.06 4964.58 4971.46 4980.55
4964.43 4972.48 4976.16 4974.71 4969.85 4964.84 4961.19 4956.24 4950.07 4943.43 4935.74 4936.13 4939.54 4957.06 4978.37 4986.78 4998.46 5009.37 5019.8 5025.59 5010.71 4996.95 4987.75 4980.28 4934.52 4890.25 4878.28 4879.53 4876.75 4869.4 4856.69 4855.81 4861.21 4877.94 4888.09 4900.03 4910.65 4916.1 4912.69 4922.5 4960.49 4963.83 4958.44 4948.66 4930.7 4901.21 4879.82 4880.12 4891.45 4904.57 4917.73 4939.82 4955.29 4973.01 4973.82 4969.52 4967.68 4971.58 4982.63 4982.01 4972.69 4968.01 4966.89 4967.76 4970.32 4975.36 4981.28
4984.9 4989.93 4987.17 4979.93 4972.2 4962.05 4953.73 4948.96 4941.07 4941.39 4940.32 4945.07 4960.81 4978.81 4979.59 5007.65 5018.42 5029.34 5047.68 5068.45 5049.08 5033.44 5018.69 4997.84 4958.64 4913.2 4889 4880.41 4872.72 4862.87 4851.03 4856.81 4872.97 4887.47 4902.69 4915.38 4926.38 4936.51 4937.08 4943.74 4969.3 4980.52 4980.72 4979.9 4955.73 4924.43 4898.93 4900.18 4915.68 4931.44 4948.98 4970.5 4992.07 5013.7 5003.71 4989.66 4982.18 4980.74 4983.5 4983.8 4979.4 4974.75 4973.03 4971.85 4973.09 4975.57 4978.26
5043.42 5024.32 5008.46 4995.92 4981.3 4967.05 4948.89 4924.35 4936.48 4947.89 4959.39 4977.3 4991.84 5007.18 5041.83 5033.84 5031.99 5036.35 5045.81 5060.04 5058.11 5050.81 5041.1 5032.57 4982.66 4932.96 4904.45 4888.59 4877.78 4869.28 4865.84 4873.54 4889.76 4904.21 4920.47 4932.94 4942.19 4953.14 4955.92 4960.05 4977.62 4989.32 4993.5 4989.49 4968.42 4948.79 4930.44 4934.34 4947.58 4958.13 4972.14 4990.15 5008.11 5021.38 5007.71 4989.33 4977.62 4978.2 4978.59 4980.09 4979.79 4977.1 4975.6 4974.63 4974.47 4975.66 4975.88
5085.78 5053.05 5029.65 5011.15 4995.12 4981.23 4963.33 4949.98 4950.58 4958.63 4972.12 4990.02 4997.82 5013.18 5032.64 5035.99 5035.53 5034.6 5029.26 5029.27 5055.25 5069.06 5064.75 5032.04 4986.76 4947.24 4915.17 4897.07 4887.28 4881.6 4880.93 4890.38 4909.79 4929.31 4944.34 4952.62 4956.84 4957.31 4965.38 4977.18 4994.5 5007.67 4997.47 4984.77 4973.32 4975.58 4985.54 4991.38 4981.24 4978.61 4983.36 4995.15 5000.79 4998.64 4994.01 4981.26 4972.19 4976.03 4977.75 4979.42 4978.91 4977.95 4976.77 4976.64 4976.67 4976.61 4975.67
5091.46 5066.45 5042.65 5024.8 5009.19 4996.22 4985.71 4975 4967.98 4965.28 4966.84 4965.68 4980.19 4996.55 5011.52 5023.37 5030.19 5032.66 5032.25 5037.83 5056.62 5070.88 5053.13 5005.18 4965.68 4936.13 4919.44 4909.34 4903.46 4900.83 4901.31 4915.17 4946.95 4966.62 4974.13 4975.95 4975.45 4973.91 4979 4982.93 4993.02 4983.14 4989.83 4978.12 4979.47 4992.91 5014.58 5020.55 4998.93 4987.3 4982.06 4978.54 4977.97 4981.64 4980.83 4976.64 4973.71 4977.4 4981.17 4979 4977.21 4976.47 4975.83 4976 4977.01 4977.41 4978.13
5089.75 5070.83 5050.29 5030.91 5014.67 5003.07 4998.51 4992.64 4977.74 4969.69 4961.33 4949.91 4955.08 4980.61 5001.67 5016.92 5025.39 5031.6 5040.02 5048.13 5056.16 5058.41 5028.01 4984.11 4950.99 4928.97 4925.06 4922.96 4923.21 4925.93 4933.06 4954.01 4998.51 5012.78 5002.98 4999.64 4997.77 4997.93 5002.4 5007.03 5008.91 5004.9 4988.36 4981.9 4987.97 4994.73 5003.21 5003.23 4993.11 4982.86 4974.7 4966.45 4958.79 4963.76 4968.64 4973.46 4978.8 4976.62 4975.69 4975.78 4974.86 4974.69 4975.23 4975.64 4976.61 4977.92 4980.44
5094.82 5074.33 5053.25 5033.02 5014.49 4996.89 4981.71 4977.14 4976.34 4972.51 4966.38 4960.27 4956.01 4975.12 4998.08 5014.83 5019.08 5027.24 5037.57 5046.24 5052.14 5053.09 5040.94 4996.74 4963.59 4944 4940.35 4941.87 4945.47 4953.71 4965.74 4986.38 5010.66 5016.13 5018.84 5019.13 5019.13 5019.71 5023.84 5031.09 5019.99 5002.32 4987.11 4985.42 4986.1 4987.21 4985.76 4982.52 4976.77 4972.17 4967.62 4962.65 4954.35 4946.96 4959.8 4968.86 4975.63 4973.07 4970.64 4972.37 4972.39 4972.94 4973.41 4974 4974.78 4976.67 4979.41
5098.04 5073.95 5052.26 5030.05 5010.05 4989.89 4973.11 4971.94 4974.8 4976.24 4976.11 4969.07 4966.29 4969.75 4985.18 4999.41 5003.92 5015 5032.42 5038.07 5042.68 5044.47 5035.44 5007.26 4978.17 4963.79 4961.24 4963.81 4970.97 4980.76 4993.71 5009.55 5019.78 5022.42 5029.65 5035.32 5038.37 5037.25 5033.75 5027.25 5011.64 4992.42 4983.83 4984.81 4982.59 4975.89 4967.66 4956.61 4959.33 4961.62 4961.88 4961.52 4960.4 4955.89 4958.95 4964.93 4969.5 4970.34 4969.23 4969.4 4970.25 4970.84 4971.36 4972.12 4973.04 4974.08 4976.3
5087.25 5064.14 5043.22 5024.11 5004.47 4986.27 4973.82 4972.27 4974.59 4977.79 4982.07 4974.66 4953.67 4960.59 4966.29 4966.57 4986.87 4997.68 5000.37 5018.19 5029.57 5033.74 5030.44 5008.8 4982.14 4979.38 4982.57 4989.58 4998.14 5008.21 5019.91 5030.78 5035.5 5036.01 5041.64 5049.05 5055.57 5053.18 5038.95 5020.45 5002.62 4990.07 4983.63 4977.87 4971.54 4963.23 4953.59 4943.97 4946.94 4952.79 4957.59 4959.69 4961.35 4961.18 4961.4 4963.09 4964.99 4965.17 4966.11 4967.04 4967.97 4968.35 4969.08 4969.3 4969.56 4969.72 4970.88
5062.99 5047.15 5031.03 5014.68 4998.14 4983.43 4975.91 4975.6 4976.29 4977.37 4978.97 4976.79 4967.63 4971.63 4976.09 4974.76 4991.32 4995.98 4994.83 5009.7 5021.42 5026.78 5025.4 5012.92 4999.31 5000.75 5005.81 5011.97 5021.93 5033.51 5044.21 5051.64 5053.88 5050.2 5050.62 5055.67 5065.41 5060.04 5041.03 5023.03 5005.98 4986.66 4976.37 4967.73 4957.77 4952.14 4946.09 4941.05 4943.67 4949.23 4954.78 4960.26 4964.46 4964.31 4963.62 4962.36 4959.9 4960.3 4963.18 4964.68 4965.53 4966.06 4966.35 4966.38 4966.04 4964.74 4962.17
5035.64 5029.49 5018.48 5005.85 4993.46 4981.85 4971.79 4977.03 4978.78 4979.04 4977.78 4986.56 4995.01 5002.91 5012.73 5022.51 5023.17 5015.22 5007.79 5015.54 5021.43 5023.47 5020.51 5017.55 5020.17 5024.83 5027.58 5033.75 5042.21 5053.45 5065.07 5076.68 5066.61 5056.24 5050.04 5050.24 5052.95 5048.94 5035.23 5020.67 5004.2 4984.18 4971.19 4959.72 4949.57 4945.92 4943.98 4943.94 4945.46 4948.81 4954.64 4962.19 4967.76 4966.46 4966.75 4964.06 4959.16 4959.31 4963.24 4963.94 4964.36 4964.52 4964.51 4964.65 4964.03 4962.12 4958.92
5015.15 5016.08 5010.63 5003.5 4994.75 4986.45 4979.59 4982.94 4984.68 4986.1 4988.99 5007.59 5033.76 5040.85 5045.81 5058.69 5049.99 5042.62 5038.64 5028.77 5024.84 5022.43 5019.54 5021.51 5031.2 5040.7 5042.41 5047.32 5054.97 5065.79 5076.79 5082.18 5061.39 5044.67 5037.14 5038.31 5034.54 5031.98 5024.36 5012.11 4995.92 4980.81 4967.55 4955.49 4947.3 4944.95 4944.29 4944.05 4945.1 4948.64 4953.04 4960.87 4970.87 4971.81 4972.65 4968.75 4963.5 4963.07 4964.01 4963.17 4962.53 4962.24 4962.07 4962.05 4962.68 4962.2 4960.23
5011.88 5014.97 5012.79 5008.11 5001.46 4997.47 4997.24 4993.15 4992.66 4994.88 5003.34 5019.77 5039.4 5058.28 5055.66 5051.51 5047.3 5046.82 5044.36 5038.88 5032.72 5028.67 5028.31 5034.55 5040.89 5047.51 5050.44 5053.96 5060.17 5068.09 5077.11 5082.26 5060.34 5040.41 5032.07 5029.94 5028.58 5023.01 5014.65 5004.53 4992.63 4978.71 4961.83 4952.63 4946.93 4945.62 4947.03 4948.02 4949.15 4949.8 4949.64 4951.9 4965.07 4981.35 4981.98 4974.75 4968.21 4964.11 4963.05 4961.89 4960.66 4960.03 4959.75 4959.95 4960.71 4962.68 4966.33
5029.29 5031.31 5027.83 5019.48 5009.83 5001.07 5001.18 5001.61 5001.8 5003.08 5010.66 5027.52 5054.43 5059.83 5053.19 5041.61 5041.31 5050.02 5049.02 5043.68 5036.93 5033.49 5034.85 5056.34 5053.47 5048.61 5051.75 5055.26 5059.18 5064.02 5067.77 5065.61 5043.8 5031.3 5022.52 5020.66 5020.7 5013.56 5005.58 4996.62 4986.86 4976.19 4959.64 4952.82 4951.23 4950.12 4951.27 4954.89 4957.21 4953.34 4948.04 4941.44 4959.35 4993.21 4986.92 4976.95 4969.14 4961.16 4960.08 4959.33 4957.84 4956.28 4955.66 4955.86 4956.6 4958.85 4961.15
5060.27 5053.77 5044.03 5031.9 5018.55 5003.86 5005.58 5010.96 5014.26 5013.93 5013.91 5030.05 5036.82 5047.54 5048.1 5045.8 5049 5054.22 5052.33 5045.45 5039.63 5036.15 5034.2 5035.6 5049.83 5049.03 5049.42 5050.27 5051.19 5052.95 5051.94 5046.4 5031.54 5021.45 5014.43 5010.78 5006.34 5004 4998.15 4990.14 4980.64 4971.75 4958.27 4954.86 4953.96 4953.57 4954.47 4958.01 4959.86 4957.54 4953.91 4948.04 4960.29 4985.74 4982 4972.84 4963.91 4962.41 4959.26 4955.48 4953.01 4951.35 4950.35 4949.8 4950.38 4951.06 4951.56
5103.68 5084.26 5066.32 5049.52 5033.66 5012.73 5015.64 5024.22 5031.32 5036.87 5035.35 5045.75 5056.67 5052.98 5042.74 5036.83 5033.89 5037.1 5044.15 5044.28 5041.81 5038.54 5037.88 5044.25 5050.59 5047.62 5044.69 5043.24 5041.83 5039.28 5035.17 5029.5 5022.53 5018.6 5016.13 5010.04 5002.78 5000.09 4994.56 4987.09 4979.06 4974.83 4964.27 4961.01 4963.49 4959.4 4955.97 4957.68 4961.26 4960.72 4962.53 4974.49 4976.41 4976.23 4972.34 4965.49 4957.27 4954.53 4953.56 4950.02 4946.98 4944.52 4943.01 4941.75 4942.39 4943.4 4942.54
5147.12 5114.54 5087.67 5067.09 5053.92 5058.83 5040.24 5039.24 5046.78 5063.62 5077.27 5059.38 5050.13 5037.98 5031.45 5027.07 5025.35 5040.04 5045.01 5045.77 5043.21 5040.14 5036.67 5033.11 5040.79 5039.66 5037.53 5036.2 5033.65 5028.73 5022.75 5017.24 5015.11 5018.88 5023.67 5018.05 5008.79 5002.18 4995.88 4988.23 4980.67 4982.47 4973.61 4968.04 4967.75 4958.63 4954.17 4953.84 4957.37 4956.47 4961.01 4969.04 4969.73 4965.11 4960.91 4956.78 4955.12 4950.87 4946.18 4942.09 4938.52 4935.64 4933.68 4934.09 4934.5 4937.42 4941.66
5176.3 5135.2 5102.2 5077.03 5058.56 5045.62 5045.73 5046.69 5051.74 5058.22 5061.7 5057.81 5047.4 5031.27 5026.13 5030.79 5038.82 5050.84 5051.09 5047.31 5043.46 5038.98 5036.75 5032.78 5030.29 5030.77 5030.6 5029.92 5027.95 5024.03 5018.34 5015.67 5015.96 5023.06 5033.85 5025.74 5014.55 5007.18 5000.24 4992.79 4985.95 4983.76 4981.86 4974.55 4968.36 4959.96 4952.05 4946 4939.71 4943.69 4952.75 4958.36 4958.77 4953.57 4949.72 4946.55 4941.15 4939.29 4936.94 4934.55 4931.78 4930.12 4927.36 4925.63 4923.85 4925.35 4929.07
5183.97 5142.84 5108.58 5079.76 5056.14 5038.09 5043.52 5047.26 5049.9 5051.5 5054.15 5054.6 5050.79 5040.42 5033.28 5039.77 5050.87 5055.21 5055.01 5051.65 5046.64 5042.04 5036.41 5032.06 5028.13 5025.33 5026.37 5027.4 5026.62 5024.15 5020.85 5023.19 5029.01 5034.25 5032.73 5026.9 5020.42 5013.88 5006.98 5000.42 4994.6 4992.49 4983.35 4973.67 4964.99 4957.96 4948.39 4940.36 4933 4937.32 4948.06 4953.78 4953.08 4946.27 4942.17 4940.39 4935.41 4932.2 4930.24 4929.14 4927.46 4924.83 4920.39 4916.13 4911.16 4908.36 4915.92
5173.22 5138.25 5105.93 5077.6 5054.04 5041.39 5043.86 5047.53 5049.99 5048.96 5053.41 5056.98 5054.32 5045.43 5042.62 5049.04 5058.17 5063.98 5060.88 5055.76 5051.32 5045.51 5038.34 5030.8 5027.65 5025.69 5026.56 5028.3 5028.81 5028.46 5029.27 5034.69 5045.22 5048.86 5035.07 5028.34 5026.17 5021.36 5015.4 5008.83 5002 4992.34 4980.09 4968.13 4959.22 4949.05 4943.42 4937.72 4934.6 4940.97 4955.02 4958.26 4955.88 4947.27 4941.61 4940.28 4937.37 4931.17 4925.12 4924.91 4922.35 4918.81 4914.96 4909.87 4903.16 4892.96 4901.27
5156.88 5128.71 5101.35 5074.45 5051.52 5040.81 5045.63 5049.8 5054.19 5059.64 5061.95 5065.38 5066.99 5064.14 5055.67 5058.48 5064.95 5067.72 5061.92 5060.3 5056.33 5051.14 5044.04 5036.34 5032.17 5030.66 5031.69 5033.16 5033.53 5034.57 5037.1 5042.94 5050.36 5052.02 5042.84 5036.47 5034.11 5030.5 5026.13 5020.4 5011.41 4993.45 4982 4971.27 4958.73 4946 4940.49 4936.66 4935.44 4940.77 4957.89 4973.39 4958.84 4948.61 4941.49 4938.58 4939.26 4931.71 4929.26 4923.85 4918.92 4914.56 4910.55 4906.52 4902.88 4901.75 4896.99
5143.85 5120.8 5095.4 5070.51 5049.64 5043.54 5047.65 5052.35 5057.84 5064.75 5069.85 5076 5081.86 5085.26 5072.84 5071.24 5063.19 5048.34 5062.35 5064.61 5062.95 5059.51 5054.1 5046.38 5039.57 5044.99 5044.87 5040.23 5039.2 5039.63 5042.7 5047.21 5051.91 5053.14 5051.15 5049.66 5042.99 5039.64 5036.65 5032.69 5025.41 5005.52 4990.37 4979.24 4964.93 4949.33 4939.48 4937.4 4935.44 4935.65 4942.13 4947.95 4952.16 4948.49 4942.58 4930.18 4922.93 4925.41 4928.46 4920.92 4915.35 4911.39 4907.91 4904.91 4903.44 4904.47 4895.88
5134.91 5113.22 5090.62 5067.71 5048.14 5045.41 5050.28 5055.45 5060.52 5066.84 5076.05 5084.25 5092.23 5094.95 5084.36 5087.11 5102.09 5087.67 5077.07 5074.29 5073.38 5072.24 5068.17 5061.47 5055 5054.69 5048.21 5047.06 5045.45 5043.99 5043.93 5049.9 5054.64 5057.11 5054.37 5048.27 5047.81 5046.67 5045.37 5043.4 5038.58 5016.52 4999.52 4990.33 4976.45 4960.64 4947.95 4945.66 4944 4943.59 4945 4948.59 4950.73 4946.17 4934.65 4923.55 4916.57 4917.81 4915.99 4913.02 4910.64 4907.42 4904.63 4901.98 4900.5 4897.48 4899.55
5132.46 5112.98 5092.25 5069.73 5049.78 5049.28 5055.15 5060.83 5066.1 5071.73 5083.19 5093.04 5100.55 5104.01 5096.21 5095.12 5093.86 5097.46 5086.52 5083.48 5084.79 5087.29 5088.69 5083.55 5076.47 5070.26 5059.95 5056 5053.56 5051.58 5051.54 5055.61 5059.14 5060.01 5059.33 5053.09 5052.61 5052.81 5052.28 5050.52 5042.95 5022.92 5009.33 5003.22 4991.73 4977.69 4964.32 4961.76 4959.14 4956.68 4962.37 4962.33 4957.93 4949.74 4937.6 4927.97 4921.87 4918.57 4911.78 4909.24 4908.94 4905.9 4901.91 4898.14 4896.35 4896.72 4894.94
5138.08 5119.35 5099.52 5078.48 5059.16 5059.57 5064.49 5069.18 5075.45 5083.56 5091.79 5101.7 5110.39 5114.13 5108.35 5104.72 5101.44 5085.09 5084.89 5087.44 5092.46 5099.49 5107.46 5100.89 5092.74 5081.61 5071.65 5065.29 5062.89 5062.04 5062.27 5064.46 5066.23 5067.37 5068.35 5064.36 5060.02 5058.13 5056.85 5055.25 5052.31 5035.79 5025.87 5016.56 5008.82 5001.65 4991.84 4985.83 4980.33 4975.85 4978.32 4976.53 4970.73 4962.71 4952.09 4944.4 4937.69 4930.12 4921.5 4916.24 4913.42 4908.86 4902.75 4895.87 4889.06 4883.7 4882.9
5147.21 5130.19 5113.53 5096.36 5074.73 5076.53 5078.12 5080.1 5082.05 5088.08 5098.83 5109.35 5119.32 5127.13 5123.4 5113.55 5107.84 5087.94 5086.16 5090.29 5096.72 5104.59 5110.21 5105.63 5095.67 5079.53 5074.44 5071.51 5071.23 5073.28 5074.26 5074.1 5074.84 5076.07 5077.56 5072.93 5066.3 5062.73 5059.65 5056.88 5052.31 5042.66 5033.07 5027.8 5024.76 5023.99 5016.78 5013.38 5004.56 4997.6 4990.77 4990.74 4986.35 4980.33 4975.96 4974.28 4960.28 4946.83 4936.56 4927.33 4919.5 4912.55 4905.25 4895.37 4884.1 4875.6 4874.02
