real_craters/C200-1000m.grd
DSAA
120 120
-59.5 59.5
-59.5 59.5
4182.3629749869 6937.4301980951
[rows 0 to 29 of 120, columns 0 to 66 of 120]
6119.6 6166.68 6256.75 6257.49 6241.98 6133.4 6077.46 6037.75 6205.43 6100.35 6138.48 6136.01 6153.87 6164.09 6142.49 6099.13 6077.67 6067 6068.86 6068.14 6068.84 6066.4 6069.25 6042.17 6032.15 6071.85 6064.47 6078.23 6119.83 6145.34 6160.44 6157.2 6125.62 6119.01 6113.04 6102.49 6091.77 6081.24 6074.02 6081.7 6107.69 6036.03 6043.1 6052.59 6065.17 6061.89 6055.69 6057 6053.21 6054.29 6054.12 6053.19 6054.49 6056.22 6058.27 6058.78 6060.09 6062.49 6068.84 6074.2 6095.62 6112.21 6121.58 6126.68 6132.95 6125.4 6122.62
6109.04 6143.18 6206.21 6261.12 6192.45 5968.43 5770.88 5652.37 5855.34 6067.02 6124.25 6161.88 6239.57 6225 6169.86 6106.35 6078.25 6058.03 6054.93 6051.69 6038.34 6024.46 6004.23 6003.35 6025.01 6063.52 6050.32 6044.45 6083.96 6117.84 6150.84 6175.03 6115.89 6106.88 6100.12 6092.81 6085.67 6085.77 6094.3 6125.68 6176.54 6094.23 6081.68 6070.82 6060.11 6066.47 6074.78 6073.85 6055.39 6057.83 6054.75 6056.51 6060.64 6065.07 6067.6 6066.95 6069.24 6064.56 6074.05 6076.98 6099.42 6120.46 6121.13 6121.16 6121.3 6121.02 6113.82
6103.42 6130.33 6144.89 6187.57 6157.78 5970.78 5782.58 5644.41 5811.13 6042.1 6101.23 6105.29 6184.8 6214.94 6170.68 6103.89 6092.88 6060.05 6065.7 6053.34 6032.7 6004.37 5971.77 5975.92 6023.23 6065.08 6045.48 6022.54 6047 6092.24 6127.84 6138.72 6125.98 6105.43 6095.45 6091.27 6089.59 6091.51 6099.49 6123.04 6147.43 6158.31 6114.76 6093.3 6084.52 6083.74 6089.15 6093.17 6073.96 6049.3 6052.02 6058.97 6064.09 6070.1 6074.82 6078.69 6074.68 6089.32 6124.88 6104.98 6116.32 6114.11 6108.97 6111.91 6116.66 6117.37 6117.29
6097.01 6110.18 6119.53 6152.71 6179.75 6210.9 6044.32 5931.37 6018.65 6069.97 6082.19 6072 6074.55 6118.12 6099.93 6050.08 6056.97 6101.62 6091.53 6066.29 6042.91 6015.39 5989.06 5994.48 6032.02 6085.72 6035.37 6021.25 6031.33 6081.1 6113.32 6113.37 6114 6105.42 6099.77 6095.69 6092.97 6092.19 6092.27 6106.54 6121.31 6105.28 6100.7 6105.78 6112.57 6102.46 6098.57 6103.62 6072.82 6048.68 6053.73 6061.51 6070.94 6078.31 6086.61 6097.62 6114.52 6118.91 6166.98 6172.85 6152.59 6115.41 6097.32 6104.21 6112.11 6115.64 6120.87
6076.26 6082.66 6107.23 6133.83 6158.45 6152.54 6128.4 6093.44 6101.36 6072.38 6059.68 6041.8 6027.07 6051.4 6045.95 6003.66 6038.74 6088.79 6100.94 6082.36 6062.98 6038.29 6025.03 6025.83 6029.72 6004.61 6013.58 6032.74 6055.98 6095.82 6132.62 6137.37 6106.35 6103.79 6101.61 6100.89 6099.16 6094.48 6086.49 6082.62 6083.71 6060.54 6076.36 6105.41 6121.8 6121.93 6114.18 6108.01 6085.2 6069.6 6062.25 6065.76 6073.17 6082.27 6091.02 6106.28 6124.75 6146.04 6202.49 6271.02 6196.79 6121.56 6099.18 6105.79 6110.34 6112.54 6112.37
6069.27 6082.97 6079.04 6096.79 6113.22 6104.01 6098.1 6071.94 6071.67 6042.84 6041.06 6033.32 6017.74 6046.68 6065.57 6041.21 6042.75 6084.39 6096.48 6081.43 6065.24 6055.27 6050.33 6053.71 6044.3 6033.26 6035.35 6068.22 6085.78 6116.49 6149.22 6145.13 6113.54 6103.48 6102.72 6103.87 6104.14 6102.93 6100.77 6095.13 6077.03 6057.81 6077.57 6115.39 6136.8 6136.8 6136.87 6138.32 6081.32 6066.06 6068.08 6072.07 6078.92 6087.99 6096.44 6109.14 6133.22 6193.16 6222.95 6240.94 6205.21 6144.13 6121.97 6119.37 6121.54 6115.07 6099.98
6067.08 6082.19 6085.54 6082.08 6072.18 6085.83 6075.16 6070.85 6065.64 6041.9 6033.5 6026.84 6035.63 6044.83 6048.75 6060.45 6050.15 6062.92 6069.96 6066.17 6057.82 6052.9 6047.48 6041.15 6058.98 6085.21 6090.35 6109.19 6106.76 6124.1 6142.5 6111.38 6094.11 6095.41 6100.08 6104.31 6108.29 6112.29 6112.01 6091.96 6082.35 6079.86 6094.54 6131.54 6150.07 6141.02 6129.71 6142.99 6113.82 6076.54 6076.09 6084.54 6088.97 6095.65 6095.33 6102.46 6119.79 6188.14 6220.1 6227.03 6218.07 6184.58 6152.13 6139.32 6127.64 6110.93 6098.08
6067.95 6088.79 6108.68 6112.64 6074.32 6071.66 6072.63 6057.45 6052.1 6023.06 6004.27 6009.95 6029.01 6051.45 6074.99 6074.46 6058.03 6056.95 6064.78 6057.19 6054.31 6049.71 6044.59 6043.76 6068.02 6089.21 6112.22 6126.66 6114.5 6122.72 6122.11 6089.06 6088.16 6093.35 6100.27 6106.9 6112.05 6117.55 6126.55 6113.11 6111.22 6099.14 6104.02 6132.26 6149.62 6146.92 6139.04 6163.52 6153.36 6096.43 6104.6 6107.98 6110.08 6107.74 6104.61 6100.88 6114.52 6142.97 6180.4 6244.9 6233.12 6196.09 6185.34 6171.18 6158.59 6138.12 6130.96
6043.88 6098.32 6097.45 6103.66 6110.28 6118.02 6085.37 6051.67 6037.53 6008.59 6023.51 6022.6 6031.08 6049.54 6054.89 6063.48 6056.92 6048.82 6041.07 6051.17 6054.79 6056.34 6055.62 6060.92 6077.86 6103.79 6131.3 6145.79 6124.13 6128.91 6129.6 6106.52 6094.83 6098.59 6107.49 6113.65 6120.84 6129.51 6141.54 6167.8 6163.9 6152.41 6152.39 6179.71 6174.44 6165.38 6166.72 6170.09 6162.69 6160.09 6149.43 6141.83 6135.03 6126.43 6113.48 6102.25 6100.51 6140.86 6185.35 6232.51 6244.08 6220.08 6201.45 6211.3 6220.93 6231.79 6200.18
6056.58 6078.9 6077.76 6081.29 6076.48 6089.41 6092.3 6085.31 6041.33 6031.15 6045.19 6051.58 6050.15 6050.81 6044.81 6045.6 6054.09 6048.17 6036.55 6056.03 6065.14 6066.87 6069.79 6069.31 6091.54 6122.92 6151.9 6141.17 6129.79 6135.79 6134.9 6111.08 6105.47 6109.11 6116.83 6124.18 6129.52 6137.77 6173.58 6214.43 6209.22 6218.78 6235.86 6202.71 6189.3 6179.72 6178.03 6206.95 6198.9 6215.53 6195.44 6182.56 6176.32 6163.72 6146.99 6128.55 6125.45 6164.67 6164.48 6179.73 6181.98 6210.26 6234.87 6248.08 6268.22 6287.89 6266.11
6078.9 6071.13 6058.64 6062.19 6078.95 6071.78 6077.43 6075.65 6054.74 6036.84 6018.2 6028.44 6063.81 6062.9 6066.07 6063.96 6066.34 6071.16 6076.04 6088.71 6090.64 6088.61 6092.77 6110 6125.47 6134.91 6148.16 6133.32 6131.68 6138.21 6141.56 6115.17 6119.11 6127.08 6132.33 6138.83 6146.28 6146.76 6154.43 6209.72 6234.35 6233.86 6227.63 6218.47 6206.37 6202.96 6200.72 6270.09 6297.03 6219.14 6226.93 6232.29 6227.52 6212.89 6192.82 6171.47 6170.29 6178.47 6148.71 6158.23 6193.36 6218.16 6236.28 6266.72 6298.22 6318.36 6313.88
6055.07 6031.6 6045.24 6053.7 6062.96 6055.17 6046.69 6046.33 6045.52 6022.19 6035.91 6054.61 6070.21 6069.25 6059.97 6066.74 6083.25 6099.01 6123.35 6126.23 6116.1 6111.07 6110.69 6111.78 6116.08 6131.15 6128.5 6115.51 6117.24 6131.01 6139.59 6130.2 6139.05 6149.44 6159.44 6167.56 6178.11 6194.76 6233.47 6262.55 6260.5 6243.87 6207.39 6184.37 6221.72 6264 6297.91 6334.24 6352.74 6357.66 6316.47 6319.27 6317.78 6298.22 6266.91 6221.98 6188.69 6169.89 6155.73 6183.97 6167.58 6221.89 6282.6 6309.72 6300.06 6315.66 6314.39
6009.6 5990.64 6056.91 6062.28 6044.57 6038.23 6015.54 6008.83 6017.24 6056.58 6068.35 6073.53 6071.76 6076.69 6079.34 6096.56 6096.19 6115.35 6138.18 6141.42 6132.19 6125.35 6120.42 6112.6 6114.33 6135.41 6148.02 6131.96 6124.04 6133.41 6137.4 6156.4 6166.77 6174.47 6182.68 6194.35 6208.38 6233.07 6279.22 6306 6287.9 6262.09 6242.87 6204.98 6239.96 6312.38 6416.07 6380.99 6411.02 6477.24 6442.6 6440.93 6432.21 6407.3 6361.57 6308.29 6274.75 6236.05 6199.13 6207.92 6206.2 6254.98 6277.48 6268.87 6254.89 6240.7 6258.09
6010.25 5990.95 6041.27 6042.81 6045.72 6043.13 6042.94 6019.31 6023.82 6053.12 6071.91 6066.98 6064.93 6070.57 6096.39 6081.64 6096 6118.09 6137.53 6149.09 6141.06 6131.99 6125.99 6120.16 6121.06 6151.94 6165.71 6161.26 6159.4 6162.1 6192.2 6191.86 6190.66 6196.21 6207.4 6220.36 6237.26 6262.16 6321.16 6336.01 6308.05 6269.33 6235.34 6208.62 6255.73 6299.37 6339.35 6401.15 6436.77 6533.61 6599.27 6562.4 6536.69 6506.71 6481.28 6432.77 6424.13 6436.56 6388.75 6411.27 6466.8 6362.32 6280.03 6219.26 6226.04 6229.85 6246.67
6009.71 6029.26 6051.43 6056.21 6043.07 6036.67 6013.01 5999.19 6003 6045.28 6060.45 6054.72 6055.03 6054.14 6056.7 6062.59 6088.43 6118.11 6148.21 6162.79 6148.96 6133.9 6129.18 6133.22 6160.6 6178.97 6215.77 6222.04 6171.4 6154.42 6189.5 6201.66 6204.96 6209.27 6215.72 6231.78 6255.63 6292.48 6374.9 6369.45 6321.87 6257.44 6197.96 6207.8 6289.28 6361.57 6399.91 6427.78 6498.56 6644 6701.55 6642.15 6622.44 6613.45 6626.57 6643.24 6628.23 6614.44 6569.7 6504.12 6543.74 6468.96 6348.55 6253.93 6268.11 6281.82 6340.34
5988.92 6006.92 6033.63 6056.07 6038.17 6020.31 6036.26 5998.06 5998.23 6048.55 6053.35 6053.97 6046.87 6040.3 6036.73 6053.61 6081.22 6106.89 6132.95 6152.3 6132.74 6124.76 6122.64 6128.42 6142.43 6184.08 6232.51 6271.76 6215.31 6157.75 6178.86 6189.84 6198.03 6207.61 6227.46 6246.45 6275.4 6317.82 6385.46 6382.27 6323.99 6255.07 6198.78 6237.84 6339.13 6445.47 6475.12 6493.16 6576.47 6692.85 6657.43 6674.63 6670.24 6674.65 6720.83 6821.45 6752.89 6701.97 6645.71 6584.92 6588.07 6558.67 6460.15 6369.02 6380.77 6401.87 6489.03
5990.27 6002.31 6014.46 6040.34 6050.25 6000.74 6004.96 5997.83 5996.58 6048.04 6042.43 6042.14 6043.51 6044.73 6053.26 6064.01 6080.01 6093.18 6103.92 6107.24 6115.64 6114.3 6117.59 6123.81 6135.9 6185.75 6246.45 6259.41 6200.68 6148.07 6139.65 6174.31 6203.22 6226.3 6245.76 6264.4 6287.36 6336.64 6438.65 6388.05 6333.03 6281.2 6252.31 6343.45 6408.79 6452.9 6544.65 6604.14 6677.08 6727.22 6699.61 6684.38 6654.82 6658.39 6699.35 6753.58 6730.78 6706.5 6705.6 6653.31 6660.84 6646.92 6580.39 6577.16 6516.67 6510.8 6493.04
6001.66 6003.59 5997.96 5991.35 6050.23 5996.39 5998.62 6009.28 6010.44 6032.41 6040.91 6041.32 6047.58 6050.94 6063.74 6067.75 6073.56 6081.14 6087.78 6095.87 6100.18 6103.63 6114.58 6127.67 6145.24 6181.83 6216.99 6205.37 6187.83 6160.55 6148.99 6175.79 6202.19 6228.87 6251.54 6272.88 6293.4 6306.71 6340.92 6354.1 6340.16 6324.51 6322.98 6421.35 6540.55 6627.01 6742.83 6877.48 6785.37 6743.19 6781.27 6632.28 6590.46 6570.8 6600.52 6625.09 6607.85 6582.69 6564.58 6584.09 6635.51 6679.83 6628.99 6584.39 6580.02 6608.19 6694.7
6036.8 6078.34 6012.86 5961.88 6013.54 6024.2 6022.37 6020.91 6009.84 6031.16 6044.48 6049.45 6056.05 6064.2 6064.27 6061.68 6065.09 6069.91 6069.71 6069.68 6078.82 6093.15 6110.65 6128.43 6159.08 6168.94 6180.76 6230.61 6243.4 6226.66 6196.94 6196.45 6214.38 6233.41 6249.97 6275.57 6300.93 6301.89 6294.29 6331.49 6350.23 6379.91 6436 6502.48 6721.84 6934.98 6847.92 6758 6679.5 6594.31 6473.83 6472.83 6465.07 6453.58 6449.8 6444.77 6436.16 6408.59 6379.94 6489.9 6581.99 6626.84 6623.81 6609.74 6631.42 6653.08 6674.26
6084.11 6170.02 6033.14 5950.15 6001.76 6041.55 6025.26 5998.8 5998.07 6021.53 6047.39 6056.08 6063.93 6062.53 6061.37 6069.88 6073.59 6065.09 6059.93 6046.03 6066.44 6091.05 6109.84 6124.59 6133.25 6135.66 6189.6 6265.07 6298.89 6275.27 6234.83 6217.56 6222.45 6237.92 6258.15 6283.85 6314.58 6324.16 6308.39 6333.98 6369.35 6418.27 6519.2 6654.55 6817.2 6843.13 6780.85 6629.56 6545.97 6455.65 6422.88 6376.4 6358.04 6328.54 6301.26 6286.97 6290.7 6278.79 6256.5 6299.74 6466.34 6523.24 6579.05 6645.44 6696.54 6696.7 6690.05
6096.26 6211.42 6067.54 5975.91 5979.84 5970.6 5968.35 5972.02 6013.48 6041.15 6050.46 6059.81 6066.74 6066.94 6062.48 6062.42 6061.04 6062 6066.27 6077 6089.44 6098.1 6112.13 6123.64 6130.08 6138.73 6217.64 6322.42 6286.86 6231.32 6223.1 6226.6 6233.18 6240.36 6256.44 6265.51 6265.03 6269.67 6297.35 6349.36 6412.88 6467.89 6568.49 6794.85 6861.29 6856.55 6786.27 6677.19 6464.8 6346.73 6347.07 6313.4 6291.25 6253.97 6218.87 6209.77 6226.81 6223.25 6194.8 6185.72 6267.59 6375.55 6472.61 6607.47 6705.8 6694.64 6761.78
6062.67 6127.93 6073.76 6059.22 6042.44 5980.49 5959.26 5972.96 6015.29 6064.75 6056.34 6056.08 6064.01 6070.46 6068.09 6057.2 6051.54 6058.62 6070.43 6090.96 6104.49 6109.54 6119.74 6132.15 6143.66 6165.76 6223.91 6295.15 6237.95 6195.87 6200.41 6222.43 6242.28 6260.68 6268.79 6267.99 6254.51 6231.07 6294.26 6382.19 6482.49 6589.3 6675.76 6774.17 6758.8 6696.48 6698.94 6607.88 6385.28 6260.67 6277.29 6291.67 6302.86 6278.86 6211.53 6218.71 6246.7 6243.03 6219.88 6182.6 6138.49 6203.39 6313.73 6396.09 6441.17 6487.05 6553.89
6015.83 6056.69 6070.04 6114.36 6067.82 6026.91 6005.72 6017.44 6010.25 6045.71 6043.18 6050.23 6066.04 6076.08 6067.36 6053.24 6046.74 6053.28 6068.43 6082.46 6093.23 6117.87 6131.63 6148.4 6162.94 6174.53 6204.04 6216.17 6181.85 6208.25 6199.47 6238.35 6268.5 6289.37 6291.96 6295.81 6280.08 6281.59 6332.14 6418.9 6522.84 6671.4 6724.21 6686.97 6628.06 6529.15 6464 6390.89 6266.76 6179.1 6251.43 6307.03 6356.22 6384 6371.69 6338.98 6310.75 6303.17 6304.63 6285.94 6147.23 6153.33 6188.75 6190.22 6173.44 6224.53 6271.97
5993.97 6014.91 6059.49 6084.48 6080 6040.57 6016.59 6015.98 6008.21 6006.06 6028.26 6044.18 6058.61 6070.49 6062.63 6046.33 6035.27 6047.75 6068.22 6091.65 6116.37 6130.16 6144.96 6165.59 6185.89 6189.36 6206.78 6200.74 6162.77 6183.32 6219.28 6256.95 6267.11 6293.01 6323.53 6343 6328.83 6378.55 6387.01 6431.53 6491.97 6534.23 6565.5 6552.81 6483.77 6384.82 6301.3 6250.71 6202.58 6142.32 6255.22 6346.3 6445.14 6487.9 6537.65 6431.78 6345.67 6316.75 6290.62 6262.76 6221.38 6152.26 6127.49 6061.79 6025.53 6075.19 6106.06
5985.55 6001.86 6010 6038.69 6078.86 6060.17 6032.36 6007.62 6011.83 6012.8 6047.1 6031.96 6036.56 6054.76 6052.57 6040.29 6036.4 6048.22 6073.17 6098.31 6114.92 6138.69 6153.65 6177.29 6210.29 6245.6 6233.51 6218.39 6193.09 6257.81 6293.28 6247.04 6256.26 6303.29 6347.97 6401.13 6443.53 6400.48 6403.87 6430.82 6455.13 6465.42 6448.27 6397.26 6303.64 6296.43 6251.13 6183.02 6184.78 6297.43 6444.65 6546.21 6468.81 6487.78 6490.5 6380.14 6276.19 6254.89 6332.73 6275.16 6152.1 6133.55 6055.38 5954.61 5918.41 6067.92 6050.74
5978.42 6002.59 6034.7 6070.97 6097.85 6090.16 6038.2 6019.01 6030.08 6043.76 5979.49 6003.61 6020.15 6028.34 6041.35 6039.14 6033.89 6054.8 6084.97 6110.29 6129.05 6148.71 6156.55 6173.45 6196.18 6231.16 6240.58 6228.96 6239.67 6330.01 6241.19 6176.95 6222.74 6287.24 6349.51 6403.93 6413.59 6351.44 6392.88 6408 6414.16 6415.72 6366.79 6327.86 6399.09 6177.49 5998.36 6031.68 6164.15 6383.08 6439.4 6351.89 6305.38 6324.42 6356.17 6214.06 6107.2 6050.01 6030.69 6106.74 6054.16 5987.69 5862.14 5823.72 5825.97 5894.49 5953.62
5980.79 6007.22 6033.2 6084.15 6107.38 6087.41 6043.69 6036.19 6024.8 6033.89 6039.31 6024.12 6029.92 6027.34 6038.94 6048.42 6064.87 6083.85 6101.21 6123.31 6143.99 6154.32 6155.54 6163.62 6170.23 6194.57 6226.71 6252.5 6349.45 6294.81 5927.74 6086.13 6225.21 6306.35 6364.84 6415.42 6427.9 6417.68 6428.93 6408.47 6391.5 6277.36 6248.03 6172.75 5983.74 5808.75 5698.92 5803.3 5973.49 6131.11 6126.62 6027.64 5997.52 5994.4 5970.4 5947.16 5869.14 5782.41 5696.41 5794.98 5770.23 5725.17 5673.24 5674.76 5700.17 5757.26 5854.67
5983.67 6001.85 6018.66 6060.6 6103.56 6075.21 6040.56 6047.52 6041.5 6050.57 6050.52 6033.73 6014.07 6022.73 6040.47 6057.86 6081.08 6103.67 6118.1 6132.93 6147.95 6157.16 6160.79 6158.56 6167.76 6189.1 6219.54 6241.39 6304.61 6317.58 6090.16 6215.57 6318.03 6378.39 6420.47 6459.2 6561.78 6582.52 6488.65 6407.65 6375.53 6358.11 6121.24 5941.25 5697.31 5557.03 5525.48 5623.13 5742.39 5817.35 5823.48 5835.33 5701.8 5759.31 5769.75 5714.15 5647.43 5558.72 5493.78 5586.22 5614.35 5492.69 5513.72 5509.15 5563.57 5623.93 5726.45
5982.72 5987.07 6011.1 6072.52 6119 6125.45 6090.85 6058.39 6070.03 6086.68 6066.33 6033.83 6007.86 6021.26 6041.83 6060.88 6094.28 6127.67 6126.7 6142.67 6160.56 6171.61 6166.36 6147.19 6141.1 6170.79 6201.13 6262.03 6341.58 6500.23 6589.24 6512.68 6491.02 6504.72 6528.63 6549.6 6690.27 6654.76 6481.7 6320.84 6151.38 5994.19 5876.56 5671.14 5469.83 5419.42 5418.18 5472 5535.04 5613.14 5668.55 5647.19 5482.92 5548.36 5561.17 5515.67 5451.62 5378.86 5332.74 5319.3 5364.65 5296.44 5264.7 5324.35 5357.73 5404.98 5513.53
5986.26 5983.49 5996.62 6047.13 6106.92 6116.86 6109.49 6075.47 6106.57 6104.83 6077.23 6046.09 6016.61 6023.25 6042.33 6062.84 6069.44 6075.65 6114.85 6150.54 6189.23 6209.18 6184.55 6159.37 6154.23 6240.65 6330.88 6439.44 6601.51 6774.21 6787.01 6709.23 6621.84 6594.63 6608.88 6625.04 6645.11 6519.45 6358.85 6187.84 6006.92 5819.2 5677.01 5500.38 5368.41 5314.26 5318.14 5336.74 5359.96 5375.29 5378.4 5399.68 5322.56 5382.02 5380.14 5331.87 5273.98 5218.94 5167.81 5113.69 5076.82 5089.44 5120.53 5161.05 5243.09 5316.93 5293.94
