real_craters/C200-1000m.grd
DSAA
120 120
-59.5 59.5
-59.5 59.5
4182.3629749869 6937.4301980951
[rows 90 to 119 of 120, columns 0 to 66 of 120]
5927.01 5905.5 5879.8 5861.89 5884.55 5903.88 5901.62 5893.48 5889.46 5887.86 5880.91 5889.68 5914.56 5928.48 5955.27 5969.31 5980.8 5985.36 5982.9 5988.86 6018.18 6051.87 6084.67 6122.23 6153.71 6159.04 6138.22 6113.16 6079.01 6058.01 6046.98 6044.65 6047.79 6069.34 6101.77 6121.5 6148.46 6213.95 6178.08 6040.35 5933.1 5846.7 5772.65 5701.57 5622.64 5507.61 5478.69 5451.36 5379.02 5290.12 5219.86 5194.54 5191.97 5197.73 5235.22 5272.29 5310.81 5353.63 5390.56 5373.41 5353.32 5327.35 5319.64 5311.58 5352.77 5417.24 5471.8
5894.42 5913.47 5894.71 5902.68 5956.39 5954.62 5928.83 5896.16 5873.96 5864.46 5877.61 5897.38 5896.4 5890.25 5900.92 5927.93 5945.37 5958.09 5968.54 5978.31 5996.65 6025.4 6057.92 6089.84 6114.63 6122.21 6117.39 6096.71 6051.46 6035.2 6023.5 6018.32 6010.46 6030.57 6058.91 6096.63 6140.64 6212.55 6240.87 6169.65 6068.69 5984.49 5918.79 5866.82 5823.58 5753.47 5690.03 5626.98 5539.6 5413.96 5316.8 5294.26 5249.75 5255.29 5324.05 5389.91 5461.68 5490.72 5522.84 5453.29 5366.56 5318.41 5306.92 5335.18 5408.68 5469.12 5499.01
5883.36 5866.41 5897.09 5934.21 5956.94 5943.58 5916.35 5881.6 5855.09 5845.06 5873.58 5895.73 5889.9 5881.54 5884 5903.49 5919.83 5932.35 5945.57 5960.86 5962.39 5992.08 6025.45 6056.69 6082.68 6099.75 6100.09 6101.12 6054.98 6012.81 6002.25 6001.79 6010.32 6029.41 6061.98 6080.96 6124.57 6213.28 6245.58 6220.37 6147.44 6084.91 6035.07 5998.85 6008.21 6076.09 5928.71 5823.46 5741.51 5650.79 5549.78 5481.53 5395.42 5375.21 5445.86 5506.65 5550.17 5567.52 5574.55 5470.2 5367.31 5359.02 5358.44 5444.43 5523.11 5585.36 5624.01
5890.79 5874.52 5884.98 5922.7 5924.82 5899.15 5866.77 5863.9 5851.86 5853.35 5861.86 5877.96 5876.35 5877.32 5879.59 5884.12 5893.95 5904.1 5912.32 5916.5 5934.64 5965.9 5999.04 6030.54 6055.78 6068.78 6063.98 6066.04 6031.55 5987.85 5981.76 5988.33 6008.12 6039.06 6080.72 6110.96 6166.69 6204.81 6225.6 6212.39 6188.61 6155.35 6116.52 6083.92 6052.05 6034.78 6006.39 5952.16 5929.94 5919.11 5831.84 5725.99 5634.94 5598.91 5614.9 5626.96 5583 5594.32 5548.49 5467.31 5425.47 5473.76 5523.01 5606.31 5674.96 5741.96 5804.31
5872.44 5839.2 5870.15 5885.23 5897.11 5882.94 5871.99 5860.24 5846.12 5834.76 5842.27 5847.36 5856.61 5859.74 5863.42 5875.03 5867.41 5879.41 5888.7 5894.55 5916.04 5948.88 5981.49 6009.52 6029.62 6030.38 6007.56 5986.89 5987.36 5961.78 5960.28 5972.01 5991.61 6035.4 6092.19 6166.57 6197.44 6223.77 6216.86 6206.75 6195.12 6176.77 6155.78 6124.97 6064.02 5974.88 6037.79 6038.72 6030.93 6055.83 6004.01 5926.48 5894.5 5878.51 5830.97 5787.73 5797.77 5701.28 5649.84 5594.7 5551.2 5562.63 5586.6 5722.77 5832.12 5901.32 5966.22
5831.39 5864.24 5868.53 5892.17 5880.34 5885.95 5888.35 5866.98 5847.57 5831.86 5835.88 5844.1 5850.61 5852.73 5848.88 5842.89 5849.49 5866.52 5879.6 5896.15 5911.91 5937.81 5968.1 5996.38 6016.15 6021.81 5977.27 5937.24 5941.51 5933.13 5940.49 5960.26 5986.31 6021.27 6067.21 6184.6 6256.41 6214.04 6218.42 6216.21 6206.01 6199.98 6194.84 6193.51 6197.48 6172.85 6139.91 6116.64 6065.01 5978.55 6041.4 6052.02 6050.34 6091.3 6020.78 5971.99 5874.44 5862.45 5801.44 5753.28 5768 5852.44 5892.79 5980.64 6013.02 6052.65 6110.05
5876.64 5858.34 5861.98 5858.1 5886.99 5887.62 5873.09 5869.43 5854.87 5843.95 5841.9 5848.4 5854.13 5861.7 5869.25 5852.51 5858.36 5867.26 5873.68 5875.12 5895.8 5923.1 5950.28 5975.35 5998.06 6010.63 5966.71 5916.35 5907.25 5907.22 5924.01 5950.65 5981.12 6009.36 6044.51 6125.73 6221.31 6220.24 6222.35 6213.2 6208.57 6208.04 6214.05 6229.92 6243.01 6246.02 6208.46 6174.18 6147.23 6100.5 6103.76 6124.87 6139.36 6114.98 6195.33 6246.4 6212.2 6141.4 6095.05 6118.87 6215.57 6355.34 6356.8 6238.12 6167.99 6172.95 6220.23
5868.41 5873.91 5868.42 5867.06 5896.29 5896.23 5894.33 5887.78 5871.54 5852.43 5844.27 5848.07 5854.47 5862.06 5871.51 5863.07 5871.44 5872.36 5876.36 5878.26 5885.89 5903.96 5926.36 5948.77 5968.51 5975.89 5948.57 5904.02 5886.82 5891.05 5911.66 5943.63 5980.27 6012.16 6049.51 6104.71 6178 6189.21 6204.55 6201.86 6196.42 6197.7 6206.94 6226.9 6251.54 6240.59 6215.44 6192.6 6191.44 6212.15 6186.98 6182.69 6222.28 6361.74 6355.4 6390.48 6422.95 6301.22 6284.53 6234.17 6325.54 6305.39 6306.33 6290.9 6241.39 6211.45 6223.58
5887.03 5875.48 5875.68 5896.28 5893.03 5904.46 5920.16 5926.68 5906.57 5867.62 5845.12 5844.93 5845.81 5852.05 5853.52 5860.63 5865.28 5870.6 5878.04 5879.78 5872.23 5887.58 5907.37 5927.17 5939.86 5942.22 5936.52 5911.3 5898.3 5901.43 5920.35 5940.57 5975.4 6020.79 6066.42 6116.67 6144.62 6152.53 6170.83 6168.03 6175.63 6176.18 6182.26 6199.84 6218.14 6216.32 6196.71 6178.86 6163.7 6149.12 6179.29 6193.16 6220.69 6264.92 6292.53 6285.86 6270.81 6249.5 6203.31 6154.34 6153.2 6168.1 6238.86 6247.77 6236.08 6229.67 6224.47
5885.59 5872.11 5888.53 5920.86 5896.29 5924.03 5982.05 6003.31 5965.51 5898.17 5851.55 5841.86 5842.19 5842.45 5846.45 5849.02 5850.89 5858.24 5866.17 5853.59 5857.66 5878.51 5894.38 5906.28 5912.23 5911.01 5908.46 5920.07 5916.8 5924.54 5944.88 5970.38 5997.99 6031.97 6075.04 6135.67 6118.95 6128.87 6133.24 6150.82 6142.81 6138.74 6142.11 6149 6167.97 6164.44 6158.24 6149.05 6134.6 6132.72 6151.23 6162.4 6174.69 6174.8 6193.22 6240.51 6227.88 6189.66 6147.49 6129.52 6120.54 6129.2 6154.41 6197.21 6210.56 6211.99 6193.13
5885.32 5892.85 5901.7 5903.23 5898.74 5954.86 6088.54 6137.73 6031.11 5928.93 5854.8 5838.72 5832.53 5833.47 5835.24 5839.25 5847.16 5842.39 5837.31 5848.94 5869.53 5878.76 5891.51 5902.3 5906.34 5901.25 5901.54 5905.81 5917.35 5939.47 5974.32 6016.5 6029.26 6038.99 6049.03 6073.6 6096.84 6094.76 6096.83 6086.88 6078.29 6084.04 6082.68 6076.2 6054.96 6093.86 6112.57 6118.5 6117.79 6120.17 6134.86 6135.88 6129.81 6103.26 6096.6 6126.01 6132.13 6100.03 6080.47 6059.25 6077.51 6113.39 6169.46 6159.04 6146.29 6136.09 6125.39
5890.36 5896.73 5904.01 5896.51 5903.64 5966.4 6092.31 6135.75 6048.4 5951.4 5879.49 5850.71 5838.82 5831.65 5833.92 5834.39 5835.31 5833.42 5830.67 5857.08 5874.21 5882.85 5898.69 5914.15 5922.36 5915.06 5893.21 5901.93 5907.36 5924.77 5959.25 6006.4 6030.4 6037.87 6040.63 6024.25 6036.35 6062.61 6119.97 6071.77 6046.18 6044.54 6042.59 6035.67 6031.83 6055.28 6079.22 6092.61 6098.8 6108.22 6109.42 6106.02 6096.52 6087.93 6077.36 6036.28 6043.35 6043.42 6040.83 6038.32 6041.29 6036.41 6081.84 6083.56 6076.44 6076.34 6070.47
5883.38 5883.48 5891.66 5880.08 5902.82 5951.76 6025.54 6055.06 6013.96 5952.45 5901.37 5865.87 5841.54 5832.54 5832.04 5827.77 5824.13 5829.94 5839.43 5854.24 5853.98 5875.89 5896.78 5919.53 5942.89 5959.84 5905.76 5882.5 5884.53 5896.87 5921.82 5978.42 6010.91 6033.54 6050.6 6027.64 5997.2 6020.28 6061.7 6040.82 6018.73 6016.94 6018.28 6020.93 6025.84 6043.45 6064.89 6082.21 6095.42 6093.62 6090.56 6086.75 6082.07 6081.33 6076.77 6038.53 6019.07 6022.15 6018.03 6023.75 6016.5 5952.83 5964.57 6004.22 6021.15 6023.81 6022.18
5877.79 5886.68 5869.19 5870.03 5891.14 5920.16 5959.11 5981.73 5959.72 5930.09 5902.54 5869.41 5845.52 5832.1 5828.41 5824.79 5821.51 5827.21 5832.37 5845.15 5857.57 5863.09 5882.69 5909.33 5942.63 5982.05 5923.73 5858.14 5863.73 5877.06 5894.96 5942.93 5992.92 6019.93 6038.35 6042.98 6020.91 5997.29 5991.97 5997.44 5993.6 5993.97 6000.97 6012.91 6025.61 6040.87 6064.37 6088.4 6101.18 6094.62 6081.05 6067.7 6056.39 6041.81 6026.07 6033.67 6002.96 5973.58 5986.87 5998.97 5970.32 5921.69 5922.12 5943.23 5960.49 5969.58 5968.69
5875.26 5882.87 5878.82 5877.46 5880.45 5890.8 5901.25 5896.24 5906.1 5898.42 5879.13 5855.15 5828.53 5824.13 5836.18 5825.33 5840.01 5835.06 5836.24 5834.4 5823.81 5836.93 5858.14 5882.02 5905.81 5920.38 5880.14 5849.42 5865.96 5888.47 5908.25 5972.39 6000.66 5999.86 5989.59 5990.25 6005.08 5995.09 5986.14 5973.4 5963.59 5969.4 5980.32 5993.44 6011.95 6032.54 6060.58 6096.19 6131.86 6099.62 6072.23 6050.25 6029.32 6004.32 5976.44 5984.56 5989.96 5983.34 5977.89 5981.8 5989.42 5985.15 5931.86 5916.66 5915.04 5914.66 5911.87
5873.53 5891.45 5874.51 5872.74 5865.78 5861.73 5868.52 5876.01 5882.98 5879.46 5867.43 5848.7 5821.78 5816.72 5842.45 5826.22 5819.17 5823.3 5827.2 5817.35 5805.14 5809.89 5826.53 5843.16 5855.01 5847.68 5838.1 5848.13 5880.58 5932.25 6009.36 6073.25 6027.68 5987.39 5961.18 5964.19 5986.22 5999.4 5999.01 5969.8 5939.17 5943.48 5956.72 5974.66 5997.07 6021.83 6048.78 6078.65 6098.16 6082.64 6057.22 6033.43 6009.27 5984.86 5970.87 5973.94 5967.81 5970.3 5977.92 5967.55 5943.25 5918.9 5913.06 5897.13 5884.9 5878.79 5877.79
5864.89 5872.69 5865.85 5859.43 5851.48 5841.91 5852.07 5871.33 5872.13 5866.97 5862.6 5848.9 5828.91 5815 5809.65 5809.19 5797.46 5800.92 5804.31 5798.26 5785.01 5786.34 5796.52 5806.35 5818.09 5829.6 5828.03 5831.55 5875.91 5949.71 6070.61 6093.68 6026.14 5977.07 5966.75 5986.47 5982.03 6000.08 6015.64 5965.64 5921.56 5923.27 5936.12 5945.31 5975.06 6007.3 6031.68 6054.96 6071.16 6054.33 6036.88 6015.95 5994.49 5975.91 5960.96 5953.78 5943.37 5922.76 5921.93 5923.38 5902.09 5875.76 5885.66 5882.31 5870.44 5856.16 5847.01
5852.35 5850.99 5847.79 5845.69 5844.34 5844.28 5846.26 5847.54 5849.06 5854.02 5857.26 5856.58 5851.24 5842.42 5814.48 5804.42 5797.57 5788.51 5790.49 5786.74 5777.78 5775.94 5774.25 5777.25 5786.92 5810.69 5827.14 5809.23 5844.11 5900.46 5951.98 5986.53 5989.66 5968.25 5983.99 5983.85 5970.28 5991.21 5993.2 5940.99 5912.58 5913.82 5932.86 5951.9 5975.21 6000.44 6021.09 6036.38 6042.9 6033.67 6021.77 6005.09 5986.98 5968.04 5953.45 5938.63 5933.32 5918.17 5896.67 5883.21 5861.67 5843.31 5863.04 5846.91 5836.2 5823.6 5812.26
5842.36 5838.4 5829.92 5840.03 5840.18 5840.74 5837.87 5830.1 5830.44 5840.83 5852.48 5859.95 5860.25 5848.98 5818.75 5799.02 5791.77 5791.23 5790.77 5781.81 5774.77 5765.6 5757.65 5743.23 5733.48 5738.38 5774.47 5770.66 5789.15 5831.33 5879.95 5923.23 5960.72 5975.16 5966.52 5983.7 5995.9 5980.28 5955.06 5903.35 5894.74 5909.93 5939.65 5960.9 5984.07 6000.23 6015.84 6029.34 6031.89 6019.16 6007.99 5993.48 5976.63 5959.08 5933.5 5911.21 5906.54 5893.25 5885.36 5870.77 5846.68 5826.42 5814.87 5812.1 5804.63 5795.25 5783.41
5836.21 5836.19 5829.16 5835.08 5834.68 5832.37 5827.07 5820.15 5820.35 5829.55 5842.24 5857.66 5854.63 5848.97 5821.65 5804.19 5794.31 5787.76 5780.87 5776.82 5775.64 5773.88 5740.14 5707.15 5673.42 5646.35 5645.22 5675.3 5715.35 5764.58 5831.26 5908.55 5956.76 5990.39 5956.02 5954.19 5978.02 5961.98 5931.46 5895.81 5892.14 5910.61 5946.3 5984 5989.87 6000.4 6016.08 6042.97 6031.42 6011.81 5997.8 5983.4 5967.89 5951.3 5926.39 5888.8 5872.09 5876.73 5873.29 5833.27 5795.87 5787 5793.6 5791.15 5778.06 5770.46 5762.02
5834.48 5830.88 5834.49 5830.15 5829.16 5819.95 5810.89 5810 5812.75 5817.7 5824.67 5826.77 5834.26 5835.5 5820.26 5804.91 5790.82 5782.08 5776.55 5767.45 5765.74 5754.1 5715.29 5677.72 5638.25 5609.79 5611.39 5619.33 5661.05 5707.65 5774.12 5892.07 5953.16 5973.53 5967.63 5961.35 5957.08 5940.6 5916.58 5893.59 5886.04 5901.33 5939.21 5974.62 5985.58 5995.48 6006.16 6021.41 6013.8 6000.17 5984.84 5970.38 5955.34 5940.69 5923.74 5874.37 5851.32 5840.85 5840.48 5806.85 5785.69 5777.27 5765.29 5768.53 5759.48 5755.18 5747.71
5835.36 5838.18 5820.25 5830.34 5826.77 5816.35 5808.57 5805.54 5801.79 5808.92 5811.11 5813.3 5815.12 5815.33 5812.28 5800.72 5787.78 5772.29 5767.91 5753.3 5741.51 5709.95 5686.36 5654.52 5626.39 5607.18 5605.19 5621 5646.72 5675.02 5744.35 5891.8 5951.63 5985.85 5977.59 5950.3 5934.86 5923.65 5906.7 5883.41 5877.1 5888.95 5930.09 5959.46 5974.49 5983.32 5987.77 5985.92 5988.74 5982.32 5970.37 5957.64 5943.76 5927.02 5904.66 5889.74 5867.08 5836.89 5815.22 5794.83 5793.63 5780.43 5789.73 5747.82 5745.76 5740.26 5731.9
5829.21 5831.38 5827.98 5829.2 5826.71 5816.2 5807.77 5804.84 5806.48 5804.22 5803.16 5804.32 5803.74 5802.66 5802.57 5793.5 5779.95 5775.43 5760.54 5747.17 5735.6 5707.86 5677.91 5637.95 5605.35 5590.42 5602.32 5632.97 5657.2 5673.41 5740.65 5869.31 5928.99 5944.56 5956.58 5959.65 5959.22 5943.55 5902.09 5867.04 5868.61 5886.7 5922.27 5949.68 5960.22 5969.61 5977.81 5979.02 5974.54 5967.63 5958.06 5948.42 5933.95 5915.29 5892.63 5877.88 5861.16 5854.07 5822.37 5797.32 5787.31 5778.65 5713.33 5734.58 5739.13 5731.74 5721.76
5818.39 5818.97 5822.89 5818.02 5821.45 5812.99 5804.54 5802.29 5800.45 5794.59 5792.02 5790.53 5789.29 5791.17 5789.42 5785.74 5788.27 5770.14 5766.66 5760.26 5744.32 5726.33 5684.51 5632.2 5589.73 5592.12 5619.57 5658.51 5684.17 5690.56 5752.16 5855.03 5909.31 5923.44 5950.89 5963.25 5970.84 5953.29 5896.93 5853.22 5868.64 5888.25 5908.75 5928.11 5944.84 5955.75 5965.56 5971.52 5964.8 5955.64 5948.54 5939.7 5928.2 5910.66 5883.58 5850.37 5841.28 5835.99 5817.41 5799.82 5782.22 5781.82 5762.38 5765.38 5743.7 5725.41 5711.39
5816.14 5821.62 5815.01 5801.77 5809 5808.44 5807.99 5797.47 5785.7 5783.05 5782.09 5777.94 5776.55 5778.86 5777.55 5770.78 5761.12 5762.8 5781.19 5771.42 5755.43 5730.31 5690.49 5640.72 5596.71 5614.22 5639.88 5667.6 5692.53 5714.38 5775.53 5860.93 5905.18 5920.93 5935.82 5948.22 5949.34 5931.61 5898.32 5859.42 5890.77 5926.2 5927.73 5929.15 5934.46 5941.58 5949.14 5956.27 5950.34 5946.07 5942.46 5936.9 5927.16 5912.82 5880.72 5839.45 5823.14 5813.22 5807.12 5786.1 5776.71 5759.64 5762.08 5760.58 5738.88 5719.71 5703.18
5810.54 5798.52 5807.73 5808.97 5807.65 5803.85 5793.64 5787.01 5783.24 5778.66 5776.01 5773.59 5771.82 5767.05 5759.06 5758.25 5755.67 5771.59 5789.07 5780.62 5769.42 5747.21 5714.44 5671.77 5632.73 5636.29 5658.83 5676.72 5693.25 5744.02 5804.04 5869.3 5902.04 5906.72 5916.79 5925.68 5939.33 5938.98 5914.49 5897.66 5921.9 5917.36 5917.73 5923.44 5927.39 5930.34 5934.04 5936.14 5933.7 5936.98 5937.23 5932.79 5925.19 5915.26 5879.79 5837.36 5820.75 5825.92 5818.86 5783.14 5773.38 5739.79 5751.8 5747.2 5731.74 5717.75 5703.02
5796.31 5793.41 5799.35 5804.02 5808.55 5804.08 5793.67 5785.98 5780.04 5774.97 5772.08 5767.25 5761.56 5755.17 5751.35 5751.07 5751.9 5769.96 5776.65 5782.7 5784.42 5785.06 5771.33 5720.42 5678.9 5672.71 5695.67 5715.15 5745.42 5783.2 5827.72 5872.8 5892.94 5904.1 5908.63 5917.25 5936.42 5950.72 5931.41 5913.55 5921.62 5917.46 5907.78 5921.64 5924.48 5925.74 5925.36 5923.91 5929 5930 5930.19 5927.67 5922.08 5907.73 5877.16 5841.74 5827.18 5826.4 5828.55 5788.51 5755.57 5730.47 5724.49 5720.95 5717.3 5707.26 5697.61
5795.8 5791.18 5800.19 5803.43 5815 5807.41 5795.93 5785.67 5783.42 5779.74 5769.4 5760.55 5749.06 5745.57 5751.04 5745.84 5747.24 5769.55 5774.46 5784.21 5796.23 5808.36 5809.92 5773.43 5751.05 5762.76 5750.89 5758.87 5784.53 5807.51 5841.51 5879.59 5910.05 5898.6 5900.49 5919.8 5933.73 5941.05 5934.06 5925.42 5926.01 5931.01 5942.6 5926.94 5921.53 5919.45 5922.07 5919.68 5920.62 5922.04 5924.07 5923.89 5919.45 5902.27 5877.69 5847.97 5829.26 5813.9 5812.61 5775.99 5747.87 5726.64 5721.64 5717.64 5711.06 5703.39 5697.6
5797.98 5797.79 5804.34 5805.55 5811.85 5810.05 5797.56 5786.65 5782.38 5775.47 5764.39 5753.68 5743.94 5748.22 5745.91 5740.5 5746.69 5769.7 5774.52 5791.04 5802.24 5811.36 5814.39 5807.56 5809.26 5809.04 5788.88 5784.64 5787.14 5808.21 5845.68 5888.34 5931.59 5911.7 5944.89 5930.49 5932.22 5932.02 5930.05 5919.45 5893.18 5915.01 5934.5 5924.22 5916 5911.18 5904.5 5909.8 5914.55 5917.34 5919.53 5919.16 5915.74 5902.82 5877.38 5845.82 5818.62 5812.44 5793.19 5753.7 5750.26 5730.52 5727.56 5725.33 5712.02 5705.64 5697.97
5799.54 5803.09 5808.72 5816.52 5819.28 5809.33 5796.99 5792.9 5775.7 5767.51 5759.05 5749.42 5743.02 5742.28 5739.42 5737.08 5753.03 5765.46 5773.08 5797.12 5802.2 5805.65 5804.95 5808.6 5806.47 5801.13 5795.98 5795.49 5809.33 5817.97 5843.51 5880.2 5903.81 5912.96 5903.61 5927.3 5935.94 5937.29 5926.2 5905.08 5884.7 5886.53 5907.74 5902.91 5900.45 5897.98 5895.51 5898.03 5905.26 5910.06 5914.55 5916.42 5912.98 5898.5 5880.22 5852.49 5818.59 5809.78 5804.64 5774.31 5767.79 5739.56 5729.76 5728.51 5716.36 5705.89 5693.33
