real_craters/C200-750m.grd
DSAA
279 279
-104.125 104.125
-104.125 104.125
3456.0255299819 6931.2158232105
[rows 152 to 189 of 279, columns 168 to 251 of 279]
3819 3886 3950 4134 4370 4603 4769 4876 4958 5063 5123 5199 5343 5483 5610 5644 5621 5398 5144 5091 5122 5152 5156 5089 5008 4926 4835 4799 4792 4792 4794 4796 4802 4804 4794 4787 4780 4772 4760 4747 4734 4731 4730 4732 4736 4741 4742 4742 4743 4747 4754 4740 4733 4731 4729 4728 4728 4727 4725 4723 4722 4721 4722 4725 4724 4724 4723 4722 4721 4720 4718 4718 4718 4720 4733 4756 4743 4741 4734 4722 4716 4717 4717 4719
3902 3983 4069 4250 4445 4626 4796 4988 5149 5226 5237 5280 5403 5541 5673 5644 5558 5341 5124 5060 5094 5138 5142 5083 5007 4933 4867 4822 4805 4799 4799 4801 4805 4804 4794 4783 4774 4761 4752 4741 4731 4730 4729 4729 4732 4733 4734 4733 4730 4731 4735 4727 4725 4725 4724 4724 4724 4723 4723 4722 4721 4720 4721 4722 4722 4722 4721 4721 4720 4718 4716 4715 4715 4717 4717 4714 4717 4732 4732 4725 4717 4718 4719 4720
4016 4118 4248 4402 4545 4708 4888 5105 5309 5376 5372 5383 5431 5521 5604 5578 5483 5305 5142 5077 5094 5117 5111 5064 4997 4932 4888 4858 4823 4814 4813 4808 4804 4807 4796 4777 4759 4756 4748 4739 4731 4730 4728 4729 4729 4731 4730 4729 4726 4724 4722 4724 4722 4722 4722 4722 4722 4722 4721 4722 4721 4721 4721 4721 4722 4721 4722 4718 4718 4720 4715 4713 4711 4710 4707 4705 4707 4711 4728 4743 4727 4719 4718 4719
4136 4256 4363 4500 4633 4801 4996 5181 5363 5418 5375 5367 5391 5441 5460 5480 5391 5259 5157 5108 5104 5124 5103 5048 4984 4921 4892 4878 4850 4838 4835 4829 4814 4816 4798 4783 4771 4760 4751 4741 4732 4734 4730 4728 4730 4729 4729 4727 4725 4723 4721 4724 4721 4721 4721 4721 4721 4720 4720 4721 4721 4720 4720 4720 4722 4722 4725 4729 4730 4730 4731 4728 4715 4711 4704 4701 4704 4710 4737 4771 4745 4720 4716 4719
4264 4404 4502 4558 4703 4867 5026 5192 5334 5354 5247 5267 5319 5359 5385 5302 5253 5190 5124 5087 5078 5121 5096 5024 4970 4922 4904 4898 4881 4868 4858 4851 4833 4814 4802 4792 4780 4766 4755 4744 4735 4729 4730 4728 4729 4729 4728 4726 4724 4722 4721 4724 4721 4720 4721 4721 4721 4720 4720 4721 4720 4720 4719 4719 4720 4722 4723 4724 4724 4725 4726 4727 4725 4719 4707 4701 4705 4712 4736 4763 4740 4718 4716 4719
4369 4490 4582 4641 4775 4932 5072 5195 5259 5247 5223 5236 5276 5279 5214 5151 5157 5126 5070 5013 5006 4984 4992 4977 4953 4945 4928 4921 4917 4902 4873 4856 4844 4827 4811 4799 4786 4774 4761 4748 4738 4730 4729 4727 4729 4729 4728 4727 4725 4721 4722 4724 4721 4721 4721 4721 4720 4720 4720 4720 4720 4719 4719 4719 4720 4721 4722 4723 4724 4725 4727 4725 4730 4734 4713 4709 4706 4738 4772 4741 4727 4718 4717 4719
4452 4562 4634 4693 4851 5032 5191 5274 5255 5212 5217 5237 5278 5293 5262 5174 5161 5115 5047 4981 4959 4939 4935 4932 4920 4910 4926 4938 4918 4888 4879 4861 4848 4833 4819 4809 4796 4783 4769 4754 4740 4730 4729 4727 4728 4729 4728 4727 4727 4724 4721 4724 4721 4721 4721 4721 4720 4720 4720 4720 4720 4719 4719 4719 4720 4722 4723 4725 4726 4728 4726 4730 4734 4745 4763 4744 4720 4734 4733 4721 4720 4718 4718 4719
4500 4585 4663 4752 4941 5149 5342 5381 5290 5206 5214 5258 5305 5347 5369 5330 5235 5152 5065 4984 4949 4932 4917 4908 4897 4886 4918 4948 4934 4912 4893 4871 4849 4836 4826 4820 4810 4796 4778 4760 4742 4730 4728 4726 4729 4729 4728 4728 4727 4727 4721 4724 4723 4721 4721 4721 4721 4720 4720 4720 4720 4719 4719 4719 4719 4720 4722 4721 4722 4726 4727 4729 4730 4726 4722 4727 4732 4729 4719 4718 4718 4720 4719 4718
4551 4606 4731 4855 5056 5239 5392 5418 5305 5207 5226 5285 5348 5406 5424 5398 5299 5197 5103 5026 4970 4924 4910 4900 4894 4900 4915 4939 4948 4942 4905 4875 4850 4842 4837 4834 4825 4810 4789 4765 4744 4730 4728 4727 4726 4728 4728 4728 4726 4724 4722 4723 4722 4720 4720 4721 4721 4721 4720 4720 4720 4720 4719 4719 4721 4722 4723 4725 4727 4728 4729 4729 4729 4722 4718 4720 4725 4724 4721 4719 4718 4719 4719 4718
4637 4706 4893 5075 5224 5317 5368 5347 5281 5218 5244 5315 5390 5449 5482 5437 5337 5228 5135 5066 5002 4949 4919 4899 4887 4888 4902 4920 4917 4899 4883 4873 4875 4859 4856 4849 4841 4824 4799 4771 4745 4729 4729 4728 4728 4729 4730 4729 4727 4725 4725 4725 4723 4720 4720 4721 4721 4721 4721 4720 4720 4720 4720 4720 4721 4723 4725 4726 4728 4728 4729 4726 4726 4731 4724 4721 4721 4719 4718 4719 4719 4718 4719 4719
4777 4883 5122 5381 5401 5369 5347 5319 5260 5217 5256 5328 5406 5515 5510 5441 5333 5229 5134 5046 4989 4960 4925 4900 4882 4878 4887 4884 4876 4864 4863 4852 4874 4875 4871 4864 4855 4839 4809 4777 4746 4731 4732 4734 4732 4731 4734 4733 4729 4725 4725 4729 4726 4721 4722 4722 4722 4721 4721 4721 4720 4720 4720 4720 4721 4723 4724 4726 4727 4728 4728 4727 4726 4724 4727 4736 4728 4721 4719 4718 4718 4718 4719 4719
4975 5120 5323 5514 5490 5389 5322 5266 5235 5230 5298 5316 5358 5454 5478 5388 5294 5208 5124 5050 4992 4954 4926 4901 4883 4879 4888 4895 4885 4895 4884 4873 4865 4886 4883 4874 4864 4848 4818 4786 4754 4739 4747 4744 4743 4752 4744 4740 4735 4729 4726 4729 4728 4727 4725 4725 4724 4723 4722 4721 4720 4719 4719 4719 4721 4724 4727 4729 4731 4732 4733 4731 4727 4723 4727 4734 4739 4734 4718 4717 4717 4718 4719 4720
5179 5313 5435 5582 5459 5347 5264 5199 5225 5241 5263 5272 5279 5238 5264 5277 5231 5167 5104 5043 5000 4962 4927 4901 4881 4882 4897 4915 4906 4782 4858 4894 4888 4898 4889 4876 4863 4846 4824 4799 4771 4754 4753 4748 4747 4749 4748 4746 4744 4738 4732 4731 4729 4730 4729 4728 4725 4724 4723 4721 4720 4720 4720 4720 4723 4726 4731 4734 4737 4740 4741 4738 4734 4729 4736 4749 4746 4738 4723 4717 4717 4717 4719 4722
5341 5432 5414 5414 5326 5261 5211 5189 5226 5300 5174 5230 5272 5278 5210 5208 5184 5139 5087 5039 4996 4955 4921 4896 4879 4881 4896 4915 4909 4827 4890 4852 4871 4896 4878 4869 4859 4844 4836 4821 4802 4782 4765 4748 4737 4747 4747 4748 4752 4752 4740 4743 4746 4739 4737 4733 4728 4725 4724 4724 4723 4722 4721 4721 4725 4730 4735 4739 4743 4746 4748 4749 4748 4743 4741 4741 4736 4725 4721 4717 4717 4717 4720 4723
5288 5348 5317 5240 5198 5186 5159 5141 5176 5217 5224 5214 5238 5226 5213 5176 5142 5102 5056 5015 4980 4942 4916 4894 4880 4884 4894 4900 4885 4881 4870 4840 4844 4843 4853 4856 4857 4859 4855 4846 4832 4808 4790 4760 4737 4738 4743 4747 4755 4761 4760 4757 4760 4754 4750 4744 4737 4730 4729 4727 4726 4724 4725 4725 4729 4734 4738 4742 4745 4749 4753 4757 4761 4750 4744 4738 4731 4721 4718 4717 4717 4717 4718 4720
5266 5275 5252 5192 5157 5148 5123 5103 5118 5156 5151 5171 5194 5193 5202 5151 5106 5065 5023 4973 4911 4913 4910 4898 4881 4885 4888 4887 4880 4870 4850 4840 4835 4832 4837 4842 4849 4859 4863 4865 4867 4840 4811 4777 4746 4739 4740 4744 4748 4755 4763 4765 4771 4771 4764 4756 4749 4744 4738 4732 4727 4727 4730 4736 4738 4739 4741 4744 4748 4753 4757 4763 4768 4753 4749 4740 4730 4730 4724 4717 4717 4717 4717 4718
5290 5274 5240 5190 5154 5135 5105 5078 5059 5060 5078 5124 5184 5182 5147 5117 5079 5041 5002 4968 4930 4915 4915 4915 4908 4897 4888 4881 4873 4861 4846 4826 4821 4825 4825 4827 4834 4841 4853 4871 4873 4849 4832 4806 4760 4745 4743 4744 4744 4746 4751 4759 4767 4775 4772 4766 4762 4755 4746 4739 4733 4732 4737 4740 4742 4741 4744 4747 4750 4754 4759 4764 4771 4772 4761 4751 4737 4722 4738 4718 4717 4717 4717 4717
5350 5314 5259 5201 5169 5129 5095 5066 5046 5037 5042 5073 5106 5120 5088 5072 5044 5014 4982 4956 4944 4930 4921 4923 4921 4899 4885 4875 4866 4850 4819 4813 4807 4804 4804 4809 4818 4826 4843 4867 4870 4849 4841 4832 4787 4771 4762 4750 4743 4739 4741 4752 4764 4770 4770 4766 4764 4757 4750 4746 4743 4744 4744 4742 4742 4744 4746 4747 4751 4753 4756 4760 4767 4775 4768 4765 4761 4747 4740 4722 4717 4716 4716 4716
5489 5377 5283 5204 5138 5106 5078 5056 5043 5034 5027 5034 5046 5055 5046 5035 5015 4990 4963 4939 4925 4921 4915 4907 4898 4889 4878 4867 4853 4839 4828 4807 4796 4785 4783 4794 4805 4818 4838 4859 4866 4852 4840 4832 4808 4781 4763 4759 4758 4753 4751 4752 4748 4749 4755 4760 4757 4752 4749 4749 4751 4750 4748 4746 4746 4746 4746 4746 4747 4748 4751 4753 4755 4763 4765 4764 4763 4760 4741 4717 4715 4716 4716 4716
5499 5377 5274 5187 5112 5077 5055 5037 5035 5024 5008 5011 5019 5033 5026 5011 4993 4971 4949 4926 4921 4919 4905 4894 4886 4880 4871 4860 4845 4827 4820 4806 4793 4781 4778 4786 4795 4805 4816 4847 4865 4852 4837 4827 4815 4793 4774 4766 4761 4761 4763 4766 4762 4763 4764 4760 4749 4749 4747 4747 4748 4749 4748 4748 4748 4748 4746 4747 4747 4747 4748 4748 4746 4752 4757 4759 4757 4753 4736 4715 4716 4717 4716 4715
5378 5323 5245 5170 5112 5063 5025 5002 4985 4984 4977 4982 5027 5037 5006 4987 4970 4953 4936 4917 4908 4899 4889 4882 4875 4870 4864 4857 4849 4840 4823 4808 4796 4787 4786 4782 4787 4797 4814 4832 4845 4842 4834 4826 4816 4797 4782 4771 4777 4773 4770 4769 4775 4780 4780 4771 4763 4748 4745 4743 4742 4740 4744 4748 4753 4750 4748 4747 4747 4747 4747 4748 4749 4747 4749 4754 4759 4746 4727 4724 4720 4718 4717 4715
5306 5252 5194 5135 5080 5013 4991 4965 4954 4940 4931 4927 4936 4956 4961 4951 4941 4931 4924 4917 4898 4881 4873 4864 4865 4864 4862 4858 4853 4842 4820 4814 4798 4786 4777 4774 4777 4787 4805 4825 4842 4840 4832 4817 4806 4790 4772 4764 4753 4758 4768 4780 4776 4776 4772 4769 4763 4750 4743 4739 4737 4735 4738 4744 4748 4747 4746 4746 4746 4746 4746 4747 4743 4741 4741 4745 4748 4741 4725 4724 4722 4721 4719 4716
5199 5172 5132 5088 5041 5004 4970 4927 4890 4892 4898 4909 4894 4912 4919 4918 4913 4907 4903 4911 4887 4869 4863 4859 4861 4862 4863 4860 4854 4839 4824 4814 4800 4783 4768 4763 4765 4769 4781 4801 4845 4842 4836 4833 4827 4808 4786 4770 4762 4755 4760 4762 4765 4764 4756 4752 4748 4743 4737 4735 4733 4733 4735 4739 4738 4740 4741 4742 4743 4743 4743 4742 4735 4733 4733 4734 4734 4733 4726 4725 4724 4724 4727 4724
5117 5096 5073 5044 5020 5007 4950 4900 4867 4863 4863 4855 4864 4872 4881 4888 4886 4880 4869 4855 4859 4855 4855 4857 4862 4868 4872 4869 4861 4850 4837 4819 4808 4788 4765 4754 4752 4749 4747 4776 4816 4831 4833 4833 4831 4813 4790 4772 4765 4766 4757 4752 4757 4762 4757 4736 4727 4727 4730 4732 4733 4735 4736 4736 4732 4734 4737 4738 4739 4739 4737 4734 4723 4725 4726 4727 4727 4729 4730 4728 4724 4726 4729 4726
5035 5034 5021 4998 4973 4950 4913 4880 4857 4851 4849 4842 4839 4842 4854 4859 4859 4856 4847 4838 4840 4841 4845 4852 4864 4877 4886 4885 4879 4870 4862 4845 4836 4807 4768 4748 4742 4740 4743 4755 4798 4816 4822 4826 4827 4814 4791 4763 4752 4755 4754 4753 4760 4765 4751 4727 4717 4720 4726 4731 4735 4737 4738 4737 4732 4732 4733 4733 4734 4734 4732 4728 4719 4721 4724 4725 4725 4726 4726 4725 4725 4728 4731 4729
5000 4994 4981 4960 4932 4890 4882 4874 4864 4857 4857 4845 4838 4837 4841 4844 4844 4841 4836 4833 4830 4833 4834 4845 4866 4888 4907 4919 4918 4913 4911 4923 4897 4845 4785 4751 4743 4742 4745 4761 4789 4801 4811 4816 4825 4817 4787 4756 4744 4748 4752 4755 4763 4772 4757 4731 4719 4720 4726 4732 4738 4744 4746 4741 4737 4733 4730 4729 4728 4729 4728 4726 4720 4721 4724 4728 4728 4724 4725 4725 4725 4729 4735 4737
5013 4983 4966 4949 4927 4902 4878 4869 4875 4885 4860 4855 4836 4835 4835 4835 4834 4831 4826 4823 4822 4822 4831 4848 4872 4901 4933 4966 4997 5019 5034 5023 4983 4908 4821 4764 4750 4749 4753 4752 4772 4787 4799 4809 4814 4799 4764 4734 4735 4744 4752 4761 4769 4773 4757 4731 4723 4723 4727 4734 4741 4747 4749 4742 4734 4728 4724 4724 4724 4725 4725 4724 4721 4721 4723 4727 4727 4725 4724 4725 4726 4733 4740 4745
5013 4979 4961 4944 4930 4924 4889 4869 4850 4832 4787 4855 4859 4853 4850 4845 4837 4830 4823 4821 4819 4819 4822 4845 4877 4914 4957 5012 5086 5144 5141 5141 5092 4993 4875 4790 4769 4760 4758 4756 4764 4780 4793 4799 4795 4764 4736 4717 4724 4736 4749 4764 4773 4762 4747 4733 4726 4727 4731 4736 4742 4747 4748 4740 4728 4719 4716 4717 4720 4721 4721 4719 4720 4721 4722 4723 4725 4726 4725 4725 4731 4738 4744 4751
5024 4988 4965 4944 4923 4904 4902 4876 4816 4718 4705 4762 4890 4874 4863 4851 4837 4830 4824 4820 4818 4819 4819 4842 4880 4922 4968 5024 5093 5154 5211 5252 5210 5087 4947 4838 4799 4773 4758 4764 4768 4781 4793 4796 4782 4753 4721 4701 4712 4728 4744 4757 4758 4749 4736 4730 4727 4729 4733 4735 4741 4748 4751 4740 4724 4710 4710 4712 4714 4717 4719 4718 4721 4723 4723 4720 4726 4732 4726 4726 4730 4736 4743 4751
5040 5010 4972 4945 4920 4897 4905 4912 4858 4812 4793 4827 4887 4869 4855 4846 4837 4828 4822 4820 4818 4819 4821 4844 4879 4920 4970 5017 5066 5126 5238 5333 5308 5163 5027 4909 4848 4790 4757 4764 4774 4787 4801 4810 4805 4777 4728 4705 4711 4726 4739 4748 4753 4741 4730 4725 4722 4723 4727 4731 4738 4746 4753 4739 4724 4714 4709 4710 4712 4715 4720 4722 4724 4726 4727 4724 4721 4720 4727 4722 4718 4720 4732 4736
5054 5018 4982 4948 4916 4892 4887 4903 4902 4923 4918 4908 4861 4855 4848 4838 4830 4824 4823 4820 4819 4820 4825 4847 4883 4926 4970 5023 5079 5174 5261 5337 5303 5179 5067 4999 4883 4800 4758 4765 4777 4793 4809 4827 4838 4801 4750 4725 4727 4732 4737 4740 4739 4736 4729 4716 4715 4714 4711 4723 4733 4739 4737 4730 4722 4710 4707 4707 4709 4712 4717 4726 4727 4728 4731 4730 4719 4708 4714 4712 4709 4712 4720 4714
5064 5028 4990 4955 4922 4894 4887 4892 4899 4898 4899 4897 4859 4845 4841 4837 4831 4826 4823 4821 4820 4820 4825 4847 4876 4914 4966 5047 5168 5260 5304 5294 5231 5116 5017 4936 4857 4795 4759 4765 4779 4795 4813 4832 4849 4821 4775 4748 4744 4737 4735 4735 4733 4733 4730 4720 4716 4713 4712 4722 4733 4738 4730 4729 4724 4711 4704 4703 4706 4707 4708 4720 4724 4727 4732 4732 4723 4722 4715 4711 4709 4712 4716 4715
5074 5033 4995 4960 4927 4899 4888 4896 4896 4890 4889 4890 4868 4853 4846 4841 4835 4827 4823 4824 4823 4822 4828 4844 4867 4895 4934 4993 5076 5095 5175 5147 5057 4981 4919 4852 4810 4785 4773 4776 4785 4798 4811 4821 4821 4795 4765 4746 4739 4735 4733 4733 4732 4730 4728 4722 4719 4717 4720 4727 4738 4751 4760 4759 4738 4715 4703 4701 4702 4705 4708 4712 4718 4722 4725 4725 4721 4716 4713 4710 4710 4711 4712 4711
5078 5037 4999 4964 4933 4908 4904 4912 4902 4891 4883 4880 4874 4863 4855 4849 4842 4835 4832 4833 4831 4827 4830 4843 4859 4873 4879 4862 4830 4835 4926 4922 4836 4846 4834 4800 4782 4779 4778 4783 4791 4799 4805 4806 4797 4776 4755 4743 4732 4732 4731 4732 4730 4726 4721 4722 4720 4718 4722 4728 4741 4761 4787 4788 4750 4718 4704 4701 4702 4705 4708 4710 4713 4715 4713 4714 4714 4710 4710 4709 4709 4710 4711 4711
5071 5034 5000 4966 4934 4912 4906 4920 4907 4894 4884 4876 4873 4868 4862 4858 4854 4849 4847 4848 4847 4843 4841 4846 4857 4862 4859 4833 4806 4795 4807 4805 4794 4795 4794 4786 4779 4780 4786 4790 4796 4801 4800 4794 4784 4766 4747 4748 4734 4733 4732 4731 4730 4726 4722 4727 4723 4716 4714 4721 4736 4754 4772 4772 4745 4719 4706 4703 4704 4707 4708 4709 4709 4710 4709 4709 4710 4709 4709 4709 4710 4710 4711 4711
5055 5027 4995 4964 4937 4913 4899 4905 4906 4900 4888 4874 4871 4869 4865 4864 4866 4876 4870 4868 4868 4868 4866 4865 4866 4860 4850 4830 4816 4810 4802 4799 4795 4791 4788 4784 4782 4782 4792 4806 4813 4808 4801 4790 4773 4753 4747 4746 4738 4735 4733 4732 4730 4725 4721 4723 4716 4712 4709 4714 4726 4737 4742 4734 4727 4716 4708 4706 4706 4708 4709 4708 4709 4709 4709 4709 4709 4709 4710 4710 4710 4710 4712 4711
5041 5015 4988 4962 4937 4916 4897 4899 4903 4907 4897 4873 4866 4863 4863 4866 4871 4873 4880 4884 4888 4892 4891 4888 4878 4869 4859 4846 4821 4817 4807 4802 4799 4797 4796 4795 4794 4791 4800 4819 4816 4817 4809 4793 4774 4753 4742 4740 4739 4737 4735 4733 4731 4729 4722 4720 4710 4710 4709 4711 4717 4722 4721 4712 4714 4711 4708 4707 4708 4709 4708 4708 4709 4709 4708 4709 4709 4710 4710 4710 4710 4710 4708 4708
5023 5005 4985 4965 4944 4919 4896 4893 4898 4902 4896 4874 4860 4853 4857 4865 4875 4886 4889 4894 4899 4902 4904 4900 4891 4881 4870 4854 4828 4817 4809 4800 4799 4802 4806 4809 4810 4805 4825 4833 4832 4835 4828 4809 4787 4764 4745 4738 4740 4738 4736 4734 4731 4725 4721 4723 4714 4713 4711 4709 4711 4713 4713 4711 4711 4709 4708 4708 4709 4710 4708 4709 4709 4710 4710 4710 4710 4710 4710 4710 4710 4708 4708 4707
