real_craters/C201-750m.grd
DSAA
295 295
-110.3725 110.3725
-110.3725 110.3725
2884.2389796777 5304.6884108824
[rows 0 to 37 of 295, columns 168 to 251 of 295]
4299 4315 4331 4344 4347 4346 4354 4372 4415 4507 4601 4690 4730 4714 4671 4571 4519 4469 4422 4381 4372 4382 4366 4335 4312 4289 4259 4232 4210 4190 4175 4167 4158 4142 4132 4133 4138 4144 4149 4149 4149 4149 4149 4147 4150 4154 4158 4156 4157 4157 4158 4159 4158 4158 4159 4159 4159 4164 4167 4165 4160 4157 4156 4159 4157 4155 4160 4178 4182 4164 4162 4164 4165 4169 4167 4166 4171 4177 4181 4179 4179 4180 4181 4185
4306 4318 4337 4351 4352 4355 4362 4365 4405 4526 4633 4720 4750 4740 4697 4634 4536 4481 4429 4383 4392 4411 4401 4345 4310 4287 4263 4243 4219 4195 4177 4170 4160 4144 4134 4132 4133 4135 4143 4146 4149 4151 4151 4152 4154 4155 4155 4155 4157 4161 4158 4159 4160 4159 4158 4156 4156 4163 4166 4164 4158 4154 4155 4154 4153 4151 4157 4204 4204 4189 4157 4162 4161 4163 4162 4163 4168 4175 4179 4178 4177 4181 4186 4196
4310 4316 4332 4350 4349 4367 4390 4420 4482 4584 4689 4786 4805 4771 4721 4655 4579 4514 4442 4398 4391 4417 4405 4355 4309 4286 4265 4250 4230 4207 4182 4174 4165 4149 4139 4135 4132 4133 4138 4144 4149 4153 4156 4154 4154 4156 4157 4155 4156 4157 4157 4158 4159 4160 4159 4158 4157 4169 4167 4159 4155 4153 4156 4157 4152 4150 4156 4197 4198 4182 4155 4158 4159 4161 4159 4161 4165 4171 4175 4176 4177 4182 4190 4198
4312 4315 4331 4350 4355 4384 4427 4488 4564 4653 4746 4832 4843 4797 4729 4656 4585 4520 4467 4424 4414 4408 4392 4338 4303 4286 4268 4251 4233 4209 4188 4180 4172 4157 4145 4139 4136 4135 4140 4146 4150 4154 4156 4157 4156 4159 4161 4157 4155 4154 4156 4157 4158 4158 4159 4158 4155 4159 4161 4157 4153 4153 4155 4156 4153 4152 4156 4168 4172 4161 4155 4155 4159 4161 4158 4160 4164 4169 4172 4174 4175 4182 4194 4206
4312 4317 4332 4349 4365 4405 4462 4537 4638 4701 4793 4880 4865 4808 4744 4670 4600 4536 4481 4433 4409 4395 4368 4320 4301 4286 4270 4255 4235 4211 4191 4185 4180 4163 4151 4146 4143 4144 4146 4149 4151 4155 4158 4159 4159 4159 4160 4157 4155 4154 4155 4156 4157 4158 4158 4159 4159 4164 4160 4157 4154 4154 4155 4155 4154 4154 4157 4160 4162 4160 4157 4155 4157 4161 4159 4159 4162 4167 4171 4173 4173 4179 4189 4194
4315 4324 4337 4347 4372 4421 4492 4562 4612 4704 4794 4878 4848 4791 4729 4664 4599 4535 4478 4433 4401 4385 4353 4313 4300 4288 4277 4261 4238 4214 4191 4188 4186 4171 4161 4153 4153 4155 4153 4152 4152 4154 4156 4158 4158 4158 4158 4156 4155 4154 4154 4156 4157 4157 4157 4158 4158 4158 4158 4157 4156 4156 4156 4155 4155 4156 4158 4159 4160 4159 4155 4155 4156 4163 4157 4159 4161 4164 4170 4170 4171 4176 4183 4189
4321 4336 4345 4348 4370 4434 4518 4608 4681 4754 4791 4775 4796 4764 4711 4650 4573 4521 4467 4419 4378 4363 4343 4314 4301 4291 4284 4265 4238 4213 4196 4192 4186 4172 4160 4157 4156 4156 4155 4153 4152 4151 4152 4155 4155 4155 4157 4158 4157 4156 4156 4156 4156 4156 4156 4156 4157 4156 4157 4157 4157 4156 4157 4156 4155 4157 4159 4160 4159 4157 4155 4155 4154 4155 4154 4153 4156 4160 4162 4166 4169 4173 4180 4185
4332 4343 4356 4352 4365 4450 4561 4680 4799 4857 4863 4845 4781 4723 4664 4602 4550 4496 4449 4406 4367 4350 4334 4313 4301 4291 4285 4265 4237 4211 4201 4195 4188 4175 4163 4160 4158 4157 4156 4154 4152 4150 4151 4154 4155 4155 4158 4159 4159 4162 4160 4155 4153 4154 4155 4156 4155 4158 4156 4157 4158 4158 4158 4155 4155 4156 4159 4162 4161 4160 4158 4155 4153 4153 4155 4154 4154 4158 4161 4164 4167 4171 4177 4183
4352 4370 4383 4369 4355 4452 4589 4736 4864 4909 4878 4826 4750 4687 4630 4577 4527 4481 4438 4396 4365 4344 4332 4314 4304 4290 4285 4263 4236 4213 4205 4196 4189 4180 4171 4165 4162 4159 4157 4155 4154 4153 4153 4155 4157 4153 4155 4157 4156 4156 4154 4153 4152 4153 4155 4157 4161 4162 4156 4157 4158 4158 4155 4154 4153 4155 4158 4161 4165 4161 4157 4154 4154 4157 4162 4159 4156 4159 4162 4164 4165 4169 4175 4181
4367 4390 4396 4383 4344 4450 4599 4762 4914 4963 4813 4729 4679 4635 4594 4550 4510 4467 4425 4393 4363 4343 4330 4311 4300 4289 4283 4263 4238 4215 4208 4198 4193 4184 4175 4168 4163 4159 4157 4157 4156 4154 4154 4154 4151 4150 4153 4156 4155 4155 4154 4153 4152 4153 4154 4156 4157 4158 4157 4157 4159 4159 4157 4155 4154 4156 4159 4162 4164 4162 4157 4155 4158 4163 4169 4165 4161 4162 4163 4164 4165 4167 4175 4185
4371 4378 4369 4352 4346 4452 4603 4758 4889 4897 4709 4638 4623 4598 4564 4530 4490 4454 4423 4391 4361 4336 4323 4311 4300 4291 4285 4263 4240 4220 4210 4200 4198 4186 4177 4169 4161 4158 4158 4159 4159 4160 4157 4154 4150 4148 4152 4155 4156 4155 4154 4152 4152 4153 4154 4155 4156 4157 4157 4158 4157 4157 4159 4157 4156 4158 4160 4163 4163 4160 4156 4157 4161 4168 4173 4170 4168 4166 4165 4165 4165 4167 4174 4181
4384 4378 4354 4339 4346 4455 4604 4742 4844 4852 4699 4626 4601 4573 4543 4512 4483 4451 4420 4388 4358 4333 4320 4307 4300 4291 4281 4263 4242 4223 4213 4199 4196 4187 4178 4171 4163 4160 4161 4161 4162 4162 4158 4154 4151 4147 4151 4156 4155 4154 4153 4151 4152 4154 4155 4155 4155 4158 4158 4158 4159 4158 4160 4159 4159 4159 4159 4160 4160 4155 4155 4157 4163 4168 4172 4170 4171 4169 4166 4165 4166 4169 4173 4178
4398 4377 4350 4351 4367 4483 4624 4743 4820 4821 4710 4645 4597 4567 4533 4505 4472 4440 4409 4377 4352 4329 4318 4307 4298 4291 4280 4263 4244 4226 4217 4206 4196 4188 4180 4173 4168 4165 4164 4164 4163 4162 4159 4155 4150 4147 4150 4153 4153 4154 4153 4151 4155 4157 4158 4157 4156 4158 4159 4160 4159 4158 4158 4158 4158 4158 4159 4159 4156 4154 4154 4158 4162 4166 4167 4168 4168 4169 4165 4163 4164 4169 4173 4175
4363 4350 4343 4388 4458 4564 4677 4767 4822 4825 4778 4676 4607 4555 4522 4486 4462 4431 4399 4371 4345 4325 4316 4305 4298 4293 4282 4264 4245 4228 4218 4207 4197 4191 4183 4176 4173 4170 4167 4165 4163 4161 4158 4155 4151 4148 4148 4150 4152 4155 4156 4158 4164 4163 4161 4159 4158 4159 4161 4161 4160 4157 4157 4157 4157 4157 4157 4157 4156 4156 4156 4158 4161 4163 4163 4165 4166 4166 4164 4168 4163 4163 4166 4173
4351 4330 4339 4448 4578 4690 4756 4796 4821 4846 4776 4676 4603 4549 4506 4474 4441 4415 4385 4361 4339 4323 4315 4306 4298 4293 4282 4264 4246 4228 4216 4208 4198 4193 4184 4177 4175 4173 4170 4167 4164 4161 4158 4155 4151 4147 4147 4148 4149 4158 4174 4191 4178 4169 4164 4160 4158 4159 4162 4161 4161 4160 4157 4157 4156 4156 4156 4155 4155 4155 4155 4157 4161 4164 4161 4163 4165 4166 4164 4161 4165 4170 4175 4169
4349 4326 4372 4527 4702 4815 4837 4813 4780 4741 4680 4614 4562 4520 4489 4457 4427 4401 4376 4352 4334 4322 4314 4306 4299 4294 4283 4266 4247 4229 4213 4204 4196 4192 4186 4181 4177 4174 4171 4169 4166 4162 4159 4155 4152 4147 4145 4145 4145 4156 4172 4190 4179 4170 4164 4159 4156 4158 4158 4160 4159 4160 4159 4158 4157 4156 4156 4156 4155 4154 4154 4156 4160 4163 4162 4163 4164 4165 4167 4171 4172 4170 4169 4171
4344 4328 4394 4595 4819 4963 4880 4793 4712 4612 4545 4534 4512 4491 4462 4437 4413 4390 4368 4348 4333 4323 4313 4307 4299 4293 4282 4266 4249 4233 4218 4207 4195 4191 4188 4184 4178 4176 4173 4169 4166 4163 4160 4156 4153 4148 4145 4146 4147 4152 4154 4160 4165 4164 4161 4158 4156 4157 4157 4159 4158 4155 4157 4158 4156 4156 4155 4156 4157 4152 4153 4153 4160 4164 4163 4164 4163 4164 4166 4167 4167 4168 4166 4169
4396 4396 4463 4640 4805 4900 4810 4727 4647 4553 4493 4471 4462 4451 4441 4423 4403 4383 4364 4346 4330 4323 4315 4307 4299 4293 4281 4267 4252 4238 4229 4211 4195 4193 4189 4188 4183 4178 4174 4169 4164 4162 4160 4158 4155 4151 4147 4149 4152 4151 4151 4151 4155 4157 4157 4156 4156 4155 4158 4160 4159 4156 4155 4155 4156 4155 4154 4151 4150 4149 4154 4159 4162 4163 4164 4165 4163 4163 4164 4165 4166 4166 4168 4172
4597 4627 4645 4686 4702 4650 4654 4629 4583 4510 4428 4425 4431 4425 4415 4401 4386 4369 4354 4340 4328 4322 4314 4307 4299 4291 4282 4270 4257 4242 4224 4210 4203 4206 4192 4191 4188 4181 4176 4171 4166 4164 4161 4159 4156 4152 4149 4152 4154 4153 4152 4149 4151 4153 4153 4153 4154 4155 4157 4160 4160 4158 4155 4155 4155 4156 4154 4150 4146 4149 4154 4159 4161 4162 4165 4163 4163 4164 4164 4164 4163 4165 4168 4168
4862 4956 4850 4737 4648 4556 4550 4545 4531 4487 4420 4408 4400 4391 4380 4370 4360 4350 4341 4335 4330 4321 4315 4308 4299 4291 4285 4257 4247 4240 4231 4216 4245 4233 4195 4189 4187 4182 4177 4173 4168 4165 4163 4160 4157 4152 4149 4152 4156 4154 4155 4153 4152 4152 4151 4152 4154 4157 4158 4160 4160 4159 4156 4154 4156 4157 4154 4151 4148 4151 4156 4159 4160 4161 4161 4164 4162 4164 4164 4164 4164 4165 4166 4169
5020 5006 4875 4734 4626 4541 4512 4500 4493 4472 4451 4417 4395 4381 4370 4362 4353 4345 4337 4331 4325 4321 4316 4317 4308 4302 4280 4232 4230 4237 4237 4217 4216 4217 4191 4190 4187 4184 4180 4177 4172 4169 4166 4162 4158 4153 4148 4152 4156 4156 4159 4156 4155 4153 4151 4149 4152 4157 4159 4160 4157 4155 4154 4155 4156 4156 4155 4154 4154 4158 4158 4158 4159 4160 4161 4161 4161 4160 4162 4163 4151 4165 4165 4168
4908 4799 4751 4671 4598 4547 4510 4485 4473 4458 4440 4410 4387 4373 4365 4356 4349 4341 4335 4331 4326 4322 4310 4322 4333 4218 4112 4176 4215 4236 4239 4215 4198 4197 4194 4191 4188 4186 4184 4182 4178 4174 4169 4165 4160 4155 4147 4151 4155 4156 4161 4159 4157 4155 4153 4149 4152 4155 4157 4160 4157 4154 4153 4156 4157 4156 4157 4155 4154 4155 4156 4157 4157 4160 4163 4163 4161 4159 4162 4164 4166 4167 4166 4168
4762 4680 4635 4592 4552 4527 4498 4467 4462 4445 4406 4386 4378 4369 4359 4351 4344 4338 4334 4330 4325 4318 4316 4320 4324 4174 4143 4194 4222 4238 4235 4211 4199 4194 4193 4190 4189 4188 4187 4186 4183 4178 4173 4168 4163 4157 4154 4153 4153 4154 4159 4160 4159 4158 4157 4156 4154 4153 4154 4159 4158 4153 4153 4160 4161 4158 4158 4155 4151 4149 4151 4154 4158 4162 4164 4164 4162 4159 4162 4165 4167 4168 4169 4168
4691 4578 4551 4531 4497 4454 4420 4425 4432 4423 4390 4375 4372 4367 4360 4354 4346 4338 4335 4331 4325 4314 4306 4305 4301 4315 4309 4257 4245 4244 4237 4210 4199 4197 4199 4192 4191 4191 4190 4190 4186 4181 4176 4171 4166 4161 4155 4155 4158 4156 4156 4158 4158 4159 4161 4163 4156 4150 4150 4159 4160 4154 4152 4159 4162 4160 4159 4156 4150 4146 4149 4153 4159 4163 4165 4166 4164 4162 4164 4165 4166 4167 4167 4168
4610 4547 4514 4490 4454 4413 4387 4391 4390 4386 4383 4377 4370 4365 4359 4353 4345 4338 4335 4329 4323 4309 4304 4299 4296 4289 4282 4274 4261 4248 4235 4208 4201 4202 4205 4196 4192 4192 4192 4192 4189 4183 4178 4173 4168 4164 4159 4157 4163 4168 4157 4156 4156 4157 4158 4158 4153 4148 4146 4157 4160 4153 4150 4156 4162 4162 4161 4156 4151 4147 4151 4154 4158 4162 4165 4166 4166 4164 4163 4164 4166 4167 4167 4168
4579 4526 4490 4468 4433 4400 4381 4377 4376 4377 4381 4381 4370 4362 4354 4351 4344 4338 4335 4329 4321 4308 4302 4296 4293 4287 4282 4276 4266 4252 4237 4211 4204 4208 4213 4196 4192 4192 4195 4199 4191 4185 4179 4174 4169 4164 4160 4154 4156 4154 4155 4153 4153 4154 4154 4153 4150 4146 4145 4151 4156 4151 4147 4156 4164 4163 4159 4155 4152 4152 4154 4156 4159 4162 4164 4166 4168 4165 4162 4163 4166 4167 4166 4169
4528 4513 4485 4452 4422 4391 4368 4374 4386 4380 4375 4373 4366 4360 4352 4345 4341 4335 4332 4330 4318 4306 4300 4295 4293 4285 4280 4278 4268 4254 4233 4213 4208 4211 4217 4197 4191 4192 4194 4194 4191 4185 4180 4174 4169 4163 4156 4151 4151 4150 4151 4152 4153 4153 4153 4152 4147 4144 4143 4151 4151 4150 4149 4157 4165 4163 4159 4158 4156 4156 4156 4155 4158 4161 4163 4164 4167 4166 4165 4163 4164 4166 4169 4177
4500 4496 4470 4443 4414 4386 4365 4366 4369 4374 4369 4363 4360 4356 4350 4344 4336 4331 4327 4322 4314 4306 4300 4296 4292 4284 4281 4280 4270 4256 4237 4217 4211 4211 4215 4197 4192 4191 4193 4192 4189 4185 4180 4174 4168 4162 4154 4149 4150 4150 4151 4152 4152 4152 4150 4149 4146 4143 4143 4152 4154 4153 4155 4160 4163 4164 4162 4158 4157 4155 4157 4156 4157 4160 4162 4164 4166 4165 4163 4162 4163 4164 4172 4172
4485 4466 4454 4433 4407 4383 4365 4364 4367 4368 4366 4362 4357 4351 4345 4340 4334 4328 4322 4317 4311 4303 4300 4297 4291 4283 4277 4274 4269 4258 4240 4220 4214 4210 4221 4202 4194 4192 4192 4191 4188 4184 4180 4175 4169 4163 4157 4152 4152 4153 4153 4152 4152 4153 4153 4150 4146 4142 4142 4152 4155 4156 4157 4160 4165 4166 4161 4159 4160 4158 4159 4161 4159 4160 4161 4162 4166 4163 4160 4161 4162 4165 4169 4169
4464 4458 4450 4429 4405 4381 4367 4368 4374 4370 4365 4361 4354 4347 4342 4337 4331 4328 4322 4316 4310 4304 4299 4296 4290 4282 4276 4275 4267 4258 4241 4223 4219 4207 4217 4205 4197 4194 4193 4191 4188 4184 4180 4176 4171 4166 4161 4157 4156 4156 4153 4153 4154 4155 4155 4152 4147 4141 4139 4144 4156 4156 4156 4157 4162 4164 4163 4163 4162 4162 4163 4160 4161 4163 4162 4163 4163 4166 4161 4162 4162 4164 4172 4173
4464 4475 4450 4416 4392 4377 4366 4368 4375 4372 4363 4354 4346 4341 4337 4332 4328 4325 4327 4319 4310 4303 4298 4294 4289 4282 4277 4277 4267 4256 4240 4227 4219 4204 4212 4205 4199 4197 4195 4192 4189 4186 4182 4178 4173 4169 4165 4162 4159 4157 4153 4153 4155 4157 4159 4154 4148 4142 4137 4137 4145 4152 4154 4155 4156 4161 4162 4161 4161 4162 4161 4160 4161 4163 4162 4163 4174 4180 4172 4167 4164 4167 4178 4175
4429 4454 4421 4397 4381 4370 4363 4374 4385 4373 4360 4348 4340 4334 4330 4327 4323 4321 4317 4315 4310 4303 4298 4294 4287 4282 4280 4282 4270 4263 4241 4226 4223 4203 4210 4207 4203 4201 4200 4196 4192 4188 4184 4179 4176 4172 4169 4167 4161 4157 4152 4152 4155 4157 4157 4155 4150 4144 4138 4135 4139 4147 4152 4154 4155 4155 4156 4158 4161 4161 4160 4157 4160 4162 4161 4162 4175 4188 4186 4177 4165 4165 4170 4165
4431 4380 4375 4378 4372 4366 4363 4377 4382 4369 4356 4344 4335 4329 4324 4321 4319 4315 4314 4314 4311 4305 4298 4292 4285 4282 4277 4276 4270 4252 4237 4226 4219 4208 4206 4207 4205 4203 4201 4198 4194 4189 4186 4182 4179 4175 4172 4168 4162 4157 4151 4150 4152 4155 4158 4155 4151 4147 4142 4137 4139 4147 4151 4153 4154 4156 4156 4161 4162 4163 4161 4156 4158 4161 4161 4160 4168 4185 4189 4165 4163 4163 4167 4162
4390 4372 4366 4369 4369 4366 4363 4358 4361 4358 4349 4340 4332 4327 4321 4319 4313 4308 4307 4311 4313 4305 4297 4291 4285 4282 4280 4275 4270 4252 4233 4223 4217 4213 4209 4208 4205 4204 4203 4199 4195 4191 4188 4184 4180 4177 4175 4171 4164 4158 4151 4149 4149 4152 4155 4155 4154 4151 4148 4145 4144 4150 4153 4155 4152 4158 4159 4163 4163 4163 4163 4157 4159 4162 4162 4161 4165 4171 4172 4166 4161 4160 4162 4161
4369 4367 4366 4366 4365 4365 4365 4361 4354 4348 4342 4337 4333 4326 4320 4314 4308 4303 4302 4306 4306 4302 4297 4294 4285 4283 4282 4277 4266 4256 4238 4226 4218 4217 4215 4212 4211 4206 4202 4199 4196 4192 4189 4185 4182 4179 4176 4172 4168 4162 4155 4150 4149 4149 4155 4157 4157 4157 4155 4153 4151 4152 4154 4159 4155 4158 4158 4158 4161 4162 4161 4159 4161 4164 4164 4161 4161 4164 4165 4145 4163 4161 4161 4160
4367 4368 4369 4366 4364 4362 4365 4380 4346 4338 4334 4332 4334 4323 4318 4313 4307 4303 4306 4304 4301 4299 4295 4292 4283 4284 4285 4282 4269 4259 4248 4233 4220 4220 4218 4216 4212 4208 4204 4200 4196 4192 4189 4185 4182 4179 4176 4174 4170 4165 4159 4153 4151 4152 4155 4158 4160 4162 4163 4158 4151 4150 4153 4155 4155 4158 4160 4165 4157 4162 4163 4163 4163 4163 4162 4159 4158 4160 4161 4165 4162 4160 4161 4158
4369 4371 4365 4361 4358 4355 4349 4335 4331 4330 4327 4323 4316 4317 4317 4316 4313 4309 4310 4313 4305 4301 4292 4288 4286 4286 4287 4283 4271 4264 4255 4239 4224 4221 4221 4219 4214 4209 4204 4200 4196 4193 4189 4186 4183 4179 4176 4173 4171 4167 4163 4156 4153 4153 4156 4158 4162 4166 4167 4160 4151 4150 4151 4153 4154 4168 4155 4154 4155 4161 4162 4161 4162 4161 4160 4159 4157 4159 4160 4160 4160 4162 4158 4154
4388 4376 4366 4359 4353 4346 4338 4330 4327 4326 4324 4317 4312 4315 4319 4323 4327 4329 4336 4338 4330 4311 4298 4290 4286 4287 4288 4288 4274 4266 4259 4244 4231 4224 4223 4220 4217 4211 4205 4201 4197 4193 4190 4186 4183 4179 4177 4173 4169 4167 4165 4158 4155 4150 4153 4157 4162 4168 4172 4162 4155 4151 4150 4152 4152 4154 4153 4157 4158 4159 4158 4158 4160 4161 4161 4159 4158 4162 4160 4159 4159 4158 4156 4153
