real_craters/C201-1000m.grd
DSAA
127 127
-63.07 63.07
-63.07 63.07
2578.0873736532 4935.165229239
[rows 0 to 29 of 127, columns 0 to 66 of 127]
3958.56 3960.64 3965.77 3972.79 3974.32 3991.13 4029.01 4034.32 4020.51 4000.4 3987.52 3982.81 3977.35 3980.81 3972.83 3948.65 3942.98 3935.83 3930 3922.29 3922.9 3927.82 3933.41 3939.2 3942.39 3954.25 3969.26 3978.34 3989.7 3997.71 4001.09 4004.86 4003.3 4004.59 4001.48 4001.3 4001.68 4014.38 4012.88 4006.68 4002.55 3998.68 4002.53 4007.55 4021.03 4028.56 4030.88 4028.68 4024.69 4022.07 4040.21 4040.61 4035.38 4032.04 4029.14 4038.2 4043.74 4054.93 4066.35 4070.55 4095.18 4071.81 4062.45 4068.44 4049.06 4051.98 4067.06
3956.42 3957.02 3959.47 3971.86 3994.54 4015.4 4043.71 4034.21 4012 3993.93 3978.08 3971.2 3968.19 3961.86 3952.2 3941.86 3935.24 3934.06 3932.08 3930.68 3926.58 3926.64 3925.76 3935.05 3943.55 3952.8 3962.46 3974.61 3988.71 4006.19 4019.26 4013.05 4000.43 3999.17 3998.6 3998.53 4004.62 4012 4013.41 4007.56 4003.25 4000.72 4004.84 4007.59 4025.72 4040.22 4044.79 4048.33 4050.7 4039.01 4038.54 4041.11 4033.47 4028.5 4033.04 4034.15 4034.98 4040.54 4047.68 4060.19 4085.65 4071 4071.25 4078.08 4078.58 4080.23 4085.35
3955.97 3962.96 3977.68 3997.15 4024.55 4033.52 4020.37 3999.09 3994.36 3987.64 3972.01 3964.61 3959.49 3955.06 3944.5 3936.98 3934.62 3933.94 3931.67 3927.09 3929.71 3930.6 3927.57 3915.12 3913.7 3975.99 3961.31 3968.57 3981.13 3998.71 4006.18 4002.25 4000.43 3996 3994.29 3996.86 4002.98 4001.91 4005.59 4004.97 4002.95 4001.71 4004.77 4009.92 4028.29 4042.87 4053.07 4072.3 4087.38 4082.38 4067.96 4050.58 4030.54 4029.8 4032.53 4034.85 4035.14 4041.12 4035.84 4044.92 4069.36 4095.89 4091.22 4082.7 4084.13 4078.98 4088.37
3952.07 3964 3979.31 3995.18 4001.53 3988.79 3983.8 3976.85 3977.91 3974.65 3959.81 3960.44 3957.61 3951.85 3941.03 3936.43 3935.83 3934.02 3932.06 3926.28 3928.62 3932.34 3936.92 3949.24 3982.21 3948.36 3964.19 3960.52 3969.7 3975.16 3981.15 3989.38 3991.98 3989.39 3994.39 3989.19 4014.33 4013.66 4006.57 4004.69 4004.44 4001.71 4009.79 4016.61 4022.8 4034.01 4044.8 4062.08 4091.45 4080.22 4071.1 4053.8 4028.17 4030.91 4034.71 4033.79 4032.7 4041.86 4030.97 4032.25 4062.94 4095.04 4097.55 4092.27 4098.35 4093.69 4074.29
3948.57 3957.97 3972.84 3969.37 3972.14 3971.2 3979.03 3971.25 3968.97 3967.95 3956.32 3956.25 3952.51 3947.96 3937.13 3931.9 3932.06 3932.76 3932.39 3927.99 3931.21 3933.3 3934.5 3942.94 3947.82 3952.01 3953.85 3959.98 3966.43 3972.57 3978.85 3984.28 3986.9 3991.19 4004.14 3996.89 4031.81 4036.19 4014.49 4007.48 4006.69 4003.62 4013.3 4017.28 4016.76 4013.21 4038.62 4052.14 4066.68 4066.35 4062.6 4049.4 4027.73 4031.67 4037.84 4028.28 4022.04 4030.08 4034.62 4029.66 4061.62 4071.72 4082.34 4087.36 4091.21 4079.91 4067.97
3939.17 3944.25 3944.28 3940.94 3953.55 3959.85 3975.67 3971.32 3962.74 3952.83 3950.9 3949.58 3945.37 3940.65 3932.47 3926.2 3930.9 3932.86 3929.21 3925.91 3927.17 3932.52 3934.77 3936.2 3940.89 3951.5 3957.72 3959.91 3965.96 3972.94 3977.91 3984.98 3988.75 3990.16 3995.85 3993.2 4050.44 4062.87 4023.59 4009.7 4006.69 4008.91 4020.83 4019.44 4034.32 4055.68 4061.97 4048.67 4046.25 4051.3 4050.79 4042.39 4029.43 4037.26 4027.98 4015.93 4009.87 4021.87 4032.97 4026.05 4054.85 4063.63 4068.42 4068.5 4065.68 4065.96 4068.25
3926.65 3932.35 3933.25 3937.67 3950.19 3945.45 3956.53 3958.38 3955.25 3952.57 3941.36 3937.27 3931.95 3926.35 3920.29 3927.63 3939.62 3938.97 3930.59 3926.5 3929.95 3932.99 3935.42 3934.51 3941.64 3957.2 3956.15 3959.9 3965.08 3968.92 3975.79 3987.01 3994.98 3993.98 4004.54 3995.06 4036.45 4051.22 4013.53 4009.65 4009.77 4011.17 4024.17 4013.5 4051.4 4105.14 4087.27 4053.37 4042.5 4040.62 4034.18 4036.62 4050.24 4047.32 4046.93 4017.73 4002.3 4017.71 4029.26 4030.8 4048.49 4056.89 4060.95 4063.62 4073.12 4062.24 4056.3
3925.14 3925.22 3927.71 3929.14 3932.71 3922.98 3933.07 3936.75 3939.69 3939.6 3930.19 3919.45 3919.75 3919.02 3937.95 3951.35 3951.65 3949.09 3947.19 3937.09 3935.97 3936.69 3930.31 3932.21 3938.49 3952.22 3956.88 3963.12 3964.18 3963.68 3972.41 3983.57 3999.16 3996.38 3998.32 3999.06 4015.14 4020.27 4002.06 4009.53 4011.35 4004.35 4011.49 4007.54 4047.48 4089.22 4081.73 4049.1 4037.62 4033.44 4025.57 4037.86 4048.01 4046.51 4031.26 4019.81 4031.8 4017.11 4031.99 4048.8 4045.05 4054.79 4054.87 4054.52 4046.76 4056.19 4067.93
3919.53 3920.22 3921.01 3915.08 3915.25 3905.29 3907.6 3917.45 3920.25 3917.93 3913.63 3906.05 3917.88 3936.54 3949.45 3951.47 3950.09 3952.74 3954.03 3950.46 3953.24 3950.91 3936.19 3936.2 3937.41 3942.8 3960.13 3969.78 3966.23 3966.3 3971.97 3976.14 3986.79 3993.42 3994.34 3994.61 4002.47 4003.03 4002.07 4013.3 4014.23 4001.25 3986.42 4013.01 4046.3 4067.93 4072.97 4065.96 4037.38 4031.74 4013.91 4026.32 4032.67 4041.93 4042.89 4030.66 4030.2 4037.37 4028.28 4039.71 4037.62 4046.51 4043.66 4039.08 4041.35 4042.17 4055.06
3909 3912.73 3917.21 3903.5 3897.57 3903.5 3905.08 3906.63 3906.82 3907.45 3905.96 3911.02 3923.86 3934.13 3938.19 3944.86 3948.9 3952.35 3951.36 3950.39 3955.01 3960.67 3959.38 3951.92 3943.35 3940.84 3955.53 3970.58 3962.84 3964.62 3973.62 3979.8 3987.23 3994.29 3996.58 3993.15 4004.8 4004.88 4012.19 4024.2 4027.22 4023.73 4031.54 4052.69 4063.1 4067.32 4066.49 4067.49 4050.86 4037.5 4023.76 4030.5 4037.35 4034.89 4031.15 4029.73 4035.69 4037.68 4030.02 4029.58 4033.5 4033.65 4028.25 4029.32 4016.29 4020.41 4025.61
3896.96 3900.8 3907.55 3900.26 3892.51 3895.76 3900.92 3899.61 3896.45 3897.43 3904.64 3915.33 3923.25 3932.46 3940.56 3950.34 3954.38 3950.31 3945.45 3945.97 3954.19 3968.19 3971.85 3964.83 3961.77 3955.53 3951.3 3953.61 3957.34 3963.92 3975.23 3986.62 3991.37 3992.69 3996.34 3995.57 4014.95 4015.75 4020.69 4026.13 4038.51 4056.68 4088.45 4084.84 4081.96 4070.28 4058.02 4050.33 4044.93 4056.09 4089.52 4113.97 4058.02 4026.72 4017.34 4018.08 4028.19 4035.5 4016.46 4020.22 4024.2 4015.76 4006.07 3992.2 3994.72 3994 4020.22
3889.91 3887.47 3880.67 3883.93 3886.53 3891.13 3898.29 3894.38 3892.05 3895.36 3903.2 3912.19 3921.99 3929.21 3933.14 3940.83 3946.59 3942.79 3942.58 3945.74 3957.69 3970.29 3974.78 3968.33 3960.1 3959.39 3953.12 3949.19 3956.18 3967.12 3978.42 3987.94 3986.56 3982.24 3992.87 4011.77 4016.1 4040.51 4041.25 4037.95 4045.69 4061.88 4077.13 4097.59 4099.1 4075.85 4062.65 4059.84 4045.54 4071.67 4090.03 4078.86 4028.68 4016.91 4008.93 4005.04 4006.43 4006.05 3998.43 4000.55 3998.12 3989.82 3989.87 3989.21 3983.21 3988.4 4014.73
3884.52 3879.86 3875.96 3876.31 3878.92 3885.38 3889.19 3886.14 3892.65 3896.74 3901.84 3909.49 3920.19 3926.64 3922.9 3929.84 3933.01 3932.04 3934.17 3949.96 3965.09 3981.72 3978.22 3971.92 3960.43 3952.65 3947.28 3948.31 3958.16 3971.46 3982.87 3990.4 3985.69 3980.8 3994.5 4026.6 4036.25 4048.28 4049.09 4047.21 4051.85 4060.75 4068.35 4082.19 4084.49 4063.7 4049 4050.69 4060.03 4054.74 4040.02 4021.56 4023.73 4015.49 4009.59 4005.97 4008.46 4005.58 3997.84 3986.27 3977.49 3974.64 3976.5 3965.2 3966.92 3974.61 4017.16
3873.32 3869.97 3872.72 3871.59 3873.09 3879.77 3880.56 3882.03 3885.82 3891.95 3898.6 3906.39 3913.63 3919.6 3916.03 3917.7 3921.21 3925.18 3932.03 3946.88 3959.94 3970.15 3975.25 3974.17 3977.05 3958.52 3960.92 3958.93 3958.52 3981.92 3994.37 3989.75 3984.83 3979.41 3991.49 4009.03 4016.07 4038.11 4053.74 4053.7 4059.61 4064.21 4065.52 4061.07 4049.52 4037.96 4030.79 4021.91 4027.05 4009.46 4010.3 4004.33 4015.22 4019.78 4011.21 4004.67 4007.66 3999.52 3987.73 3983.35 3976.17 3982.6 3975.68 3964.68 3963.93 3983.75 4022.06
3861.14 3859.93 3860.67 3863.9 3864.56 3871.99 3876.41 3873.24 3879.78 3886.1 3892.74 3899.68 3907.71 3910.14 3914.05 3914.42 3913.06 3920.66 3927.11 3935.37 3948.78 3956.88 3962.49 3967.84 3975.94 3977.2 3990.03 3968.87 3969.61 4040.68 4019.72 3988.98 3993.92 3992.13 4001.28 4017.94 4012.36 4045.36 4075.37 4066.54 4071.36 4072.32 4065.89 4049.59 4024.07 4015.73 4008.27 4006.13 4013.28 4001.21 3995.12 3987.82 3996.31 4014.54 4006.05 3996.55 4009.16 3993.91 3973.55 3964.78 3952.79 3977.17 3981.48 3978.76 3976.01 3977.71 4018.24
3861.92 3860.99 3863.32 3863.06 3866.06 3866.48 3869.01 3870.1 3871.84 3880.08 3886.6 3891.84 3894.74 3901.83 3899.35 3906.91 3903.22 3911.03 3921.39 3929.17 3940.4 3953.38 3958.1 3963.24 3976.6 4000.1 3997.4 3977.74 3971.5 4024.24 4035.72 4041.94 4017.7 3998.69 4012.06 4031.31 4028.46 4050.06 4080.83 4089.85 4086.94 4074.39 4060.1 4039.53 4014.11 4008.36 4002.53 4003.8 4004.92 3993.07 3983.24 3967.46 3971.87 4005.57 3996.67 3987.41 4002.15 3993.55 3981.12 3997.17 3997.96 3985.37 3986.8 3987.99 3992.63 4007 4018.5
3859.48 3863.13 3860.61 3864.26 3866.15 3869.38 3872.22 3874.68 3876.29 3879.05 3882.75 3885.53 3889.09 3893.64 3900.43 3901.01 3900.93 3897.37 3909.6 3921.1 3925.38 3938.58 3949.19 3958.71 3966.27 3996.45 4000.38 3987.42 3978.62 3997.91 4032.1 4048.63 4032.64 4012.84 4020.78 4027.57 4030.99 4041.87 4073.79 4100.62 4091.84 4074.34 4054.14 4033.49 4028.24 4019.5 4011.85 4009.14 4000.17 3977.52 4000.27 3987.96 3990.49 3999.35 3996.93 3987.52 3994.52 3996.14 3999.68 3995.22 3992.32 4003.2 3998.6 3987.53 3990.92 4021.21 4005.45
3851.87 3856.39 3860.48 3863.84 3867.11 3865.89 3869.97 3875.76 3877.82 3880.39 3882.05 3883.14 3884.14 3893.31 3904.98 3900.11 3900.44 3906.37 3900.82 3902.05 3903.01 3912.01 3940.88 3959.52 3965.67 3976.58 3985.31 3986.01 3981.92 3982.12 4012.37 4032.9 4033.16 4032.55 4030.3 4035.57 4045.8 4041.45 4076.02 4080.55 4072.94 4071.44 4050.54 4043.1 4041.48 4035.37 4024.26 4020.33 4010.05 4001.65 4008.46 3991.55 4011.48 4025.38 4014.36 3997.81 3991.3 3998.64 3994.32 3985.91 4003.76 4012.07 4005.56 4003.72 4002.05 3996.72 4000.8
3850.72 3852.83 3858.3 3863.99 3869.2 3876.92 3871.57 3879.16 3882.71 3884.11 3883.95 3883.63 3882.55 3884.66 3890.04 3898.41 3893 3890.18 3893.4 3894.48 3898.29 3910.89 3943.16 3979.94 3979.51 3971.64 3974.33 3977.65 3976.56 3978.2 3983.49 4012.1 4026.69 4035.21 4040.51 4054.64 4086.72 4077.34 4126.07 4075.2 4045.52 4038.14 4039.37 4033.99 4041.27 4038.65 4024.79 4025.8 4020.96 4021.57 4041.02 4029.99 4029.08 4030.02 4016.63 3993.29 3981.41 3992.85 3989.32 3980.66 4002.5 4012.31 4003.24 4011.24 4007.68 4011.52 4009.61
3850.7 3854.32 3856.61 3863.91 3871.74 3878.8 3881.64 3881.27 3887.16 3885.41 3884.38 3885.09 3887.1 3891.43 3895.94 3898.41 3902.8 3899.65 3894.93 3894.55 3896.94 3910.41 3945.79 3978.87 3988.22 3978.7 3970.31 3972.15 3971.67 3971.85 3969.54 3987.2 4021.75 4038.64 4043.39 4055.94 4080.6 4094.57 4081.57 4072.87 4059.62 4044.44 4033.91 4025.11 4020.01 4016.87 4014.79 4013.51 4012.75 4013.64 4033.78 4047.3 4050.85 4023.24 4009.53 3987.92 3977.96 3986.92 3989.88 3993.02 4005.55 3998.59 4004.35 4004.16 4003.99 4004.38 4016.37
3851.42 3857.41 3859.64 3863.85 3865.94 3872.53 3886.85 3887.31 3884.11 3882.72 3882.7 3883.78 3885.2 3883.19 3888.2 3891.02 3893.23 3892.96 3895.62 3897.1 3898.09 3911.23 3945.2 3985.38 3992.15 3985.03 3981.23 3978.38 3968 3969.58 3972.17 3991.52 4008.81 4026.4 4034.91 4036.71 4036.79 4045.52 4063.54 4049.09 4047.08 4045.89 4031.53 4016.58 4001.41 3992.44 4001.81 4000.9 3998.95 4007.57 4017.71 4046.65 4052.76 4033.72 4031.08 4014.48 4016.19 4037.56 4031.14 4016.03 4027.2 4020.59 4007.17 4004.02 4007.08 4010.13 4017.39
3852.93 3858.49 3864.14 3865.65 3871.51 3883.13 3876.58 3874.82 3873.56 3876.07 3879.34 3881.33 3881.56 3884.85 3887.04 3891.71 3889.52 3890.13 3895.32 3898.88 3899.56 3909.42 3933.59 3959.98 3981.59 3985.41 3982.04 3978.68 3980.18 3969.01 3965.91 3985.66 4008.35 4019.57 4025.7 4031.61 4041.84 4037.47 4030.76 4038.67 4039.73 4048.66 4033.57 4012.55 3994.29 3978.73 4004.16 3999.16 4008.33 4021.04 4034.29 4040.55 4039.38 4036.99 4037.49 4035.54 4040.89 4058.77 4061 4052.53 4038.32 4030.4 4001.52 4002.78 4022.75 4020.86 4008.67
3853.84 3858.52 3860.96 3860.2 3864.39 3877.28 3871.81 3868.13 3867.07 3872.74 3877.45 3881.19 3884.1 3885.83 3889.32 3890.67 3893.41 3893.9 3897.24 3900.02 3899.08 3906.56 3921.04 3950.74 3979.54 3976.45 3979.94 3984.08 3975.39 3967.26 3962.68 3977.09 3998.54 4008.03 4016.31 4024.32 4029.27 4028.12 4039.05 4038.95 4098.02 4068.3 4041.92 4015.44 3997.58 4017.11 4031.94 4020.26 4023.02 4017.17 4031.96 4042.57 4045.19 4039.18 4028.67 4027.85 4039.24 4030.8 4073.66 4090.16 4060.79 4041.26 4015.4 4005.7 4005.05 4006.06 3999.36
3852.1 3854.91 3855.52 3855.44 3863.33 3877.2 3872.19 3870.2 3869.64 3873.18 3877.53 3882.13 3885.93 3885.09 3896.33 3897.03 3897.02 3892.21 3891.29 3897.74 3898.06 3905.58 3917.88 3939.5 3946.6 3962.78 3973.19 3979.59 3978.13 3966.01 3971.96 3976.06 3983 3992.91 4000.11 4015.24 4038.65 4040.88 4048.92 4055.1 4071.63 4071.06 4048.61 4033.28 4034.66 4030.53 4034.08 4028.16 4019.56 4031.21 4058.92 4044.19 4042.27 4043.55 4035.99 4040.16 4056.21 4100.78 4091.29 4088.22 4062.11 4020.91 4004.21 4006.34 3992.97 3980.79 3993.36
3850.95 3852.34 3858.11 3857.92 3858.84 3875.13 3872.42 3871.92 3874.1 3875 3877.35 3882.26 3888.83 3890.68 3900.9 3899.23 3894.64 3896.74 3897.51 3902.22 3911.05 3917.91 3922.34 3933.69 3943.2 3960.82 3970.4 3973.33 3975.21 3965.43 3969.65 3974.47 3974.1 3975.42 3974.04 3985.94 4021.41 4048.41 4047.76 4067.36 4099.85 4071.09 4050.96 4039.28 4041.32 4043.93 4027.97 4020.79 4021.12 4028.55 4030.51 4021.58 4021.05 4025.97 4036.96 4050.49 4058.71 4072.56 4074.95 4064.31 4043.67 4035.18 3997.27 4012.78 4005.67 3992.54 3992.1
3851.08 3856.34 3869.34 3879.84 3880.74 3874.38 3873.67 3872.9 3875.03 3873.35 3875.47 3879 3883.56 3885.06 3894.58 3901.07 3907.79 3907.7 3901.44 3913.37 3936.51 3935.74 3937.12 3966.38 3977.5 3969.98 3970.62 3971.95 3975.8 3985.36 3983.14 3980.72 3977.92 3967.43 3960.41 3967.5 4008.85 4049.76 4030.7 4052.02 4066.64 4053.86 4045.89 4034.08 4024.61 4033.07 4024.39 4018.92 4015.5 4001.57 3989.34 3987.89 3991.1 4018.48 4039.05 4043.34 4047.71 4038.7 4041.7 4039.37 4029.24 4030.78 4015.37 4034.44 4028.99 4030.8 4012.23
3849.93 3850.59 3857.57 3873.69 3890.03 3885.29 3879.56 3878.08 3879.72 3873.4 3875.33 3876.8 3881.74 3889.81 3885.96 3900.9 3908.55 3925.18 3910.42 3918.59 3936.25 3938.57 3937.88 3959.57 3976.91 3968.63 3963.91 3966.51 3978.13 3984.24 3984.03 3973.74 3971.64 3961.8 3955.13 3967.13 4007.57 4047.84 4039.79 4108.84 4029.96 4042.22 4048.7 4037.2 4019.89 4034.36 4027.74 4011.66 3999 3997.84 4006 4007.58 3998.92 4009.97 4039.71 4052.71 4059.33 4044.26 4026.11 4029.43 4025.41 4025.49 4011.56 4037.82 4029.56 4056.6 4046.22
3852.43 3854.78 3871.05 3879.01 3886.51 3881.14 3873.52 3875.47 3891.03 3884.85 3878.87 3875.53 3879.48 3890.94 3889.82 3909.62 3930.21 3922.24 3931.16 3924.6 3922.51 3934.37 3937.92 3926.78 3945.24 3953.6 3957.95 3962.31 3964.31 3952.48 3949.39 3956.41 3956.89 3958.85 3953.47 3968.18 4013.42 4047.36 4036.21 4051.21 4051.38 4084.64 4064.7 4047.23 4042.25 4041.22 4015.31 4010.54 4013.9 4052.09 4040.41 4024.87 4006.46 3998.27 4027.92 4050.83 4063.92 4059.22 4044.52 4036.03 4028.21 4035.08 4019.64 4035.24 4070.46 4081.08 4104.92
3874.8 3884.37 3888.7 3887.48 3892.98 3880.03 3873.91 3887.42 3901.38 3895.7 3881.69 3874.94 3875.72 3884.86 3889.61 3911.77 3932.82 3928.07 3936.74 3936.38 3929.29 3936.93 3939.41 3926.86 3923.12 3938.55 3958.4 3964.72 3958.94 3966.01 3952.73 3952.78 3959.85 3968.8 3972.5 3985.07 4015.25 4062.23 4063.92 4092.36 4103.75 4097.65 4073.71 4051.12 4027.77 4012.53 4009.87 4021.83 4040.38 4076.46 4055.46 4035.91 4022.67 4009.35 4023.73 4039.13 4054.71 4059.82 4061.66 4046.45 4030.32 4026.71 4022.06 4045.25 4079.06 4102.39 4097.79
3888.56 3888.45 3887.91 3885.97 3884.36 3880 3877.29 3881.3 3891.3 3888.63 3881.35 3876.02 3878.84 3888.93 3905.41 3916.71 3919.85 3933.77 3934.71 3934.45 3940.98 3939.95 3930.87 3922.36 3923.84 3929.36 3933.66 3965.07 3982.11 3966.34 3951.84 3951.44 3962.52 3979.56 3997.66 3977.24 3996.68 4018 4029.63 4076.92 4093 4077.02 4066.68 4053.56 4036.28 4025.17 4021 4033.88 4042.18 4060.26 4054.65 4042.97 4050.56 4042.01 4024.32 4042.64 4062.3 4065.88 4054.92 4057.38 4052.09 4036.86 4051.6 4088.34 4114.39 4121.67 4110.49
