real_craters/C201-500m.grd
DSAA
442 442
-110.3725 110.3725
-110.3725 110.3725
2884.2389803132 5304.6884161092
[rows 360 to 389 of 442, columns 0 to 66 of 442]
4090.92 4091.68 4092.28 4092.62 4091.72 4091.67 4091.35 4092.08 4092.24 4095.06 4096.78 4098.23 4099.59 4100.92 4102.49 4104.86 4108.13 4110.33 4111.09 4109.44 4109.42 4108.91 4109.92 4115.91 4122.91 4130.81 4138.88 4146.55 4152.65 4153.94 4149.14 4154.41 4150.05 4142.96 4139.73 4140.76 4142.7 4143.15 4142.63 4141.61 4140.25 4139.21 4137.53 4132.76 4130.1 4127.79 4126 4124.71 4124.14 4125.92 4129.69 4134.27 4138.91 4142.38 4140.33 4136.25 4134.27 4135.62 4137.61 4139.73 4141.72 4144.07 4146.18 4148.43 4150.29 4151.8 4153.86
4090.6 4091.77 4092.99 4093.88 4094.82 4094.22 4093.53 4093.5 4094.61 4094.8 4095.51 4096.15 4096.65 4097.34 4099.3 4102.5 4106.87 4109.31 4110.05 4110.03 4107.77 4107.67 4110.11 4115.67 4123.21 4131.86 4141.27 4151.47 4162.52 4173.35 4177 4176.95 4158.74 4143.41 4137.16 4136.15 4138.77 4139.97 4140.26 4140.06 4139.84 4139.36 4137.98 4134.94 4131.19 4128.86 4127 4125.85 4125.77 4127.27 4129.37 4132.78 4136.71 4139.6 4139.76 4139.06 4139.1 4138.73 4139.41 4140.74 4142.48 4144.35 4146.37 4147.97 4150.17 4152.19 4154.06
4089.94 4091.5 4093.07 4094.98 4096.87 4097.73 4097.53 4096.18 4094.56 4095.16 4095.37 4095.04 4094.57 4094.24 4094.67 4101.03 4106.6 4109.46 4108.41 4106.95 4105.09 4106.82 4110.25 4115.17 4122.71 4131.83 4141.98 4153.68 4168.13 4189.43 4232.92 4195.76 4162.44 4143.88 4136.76 4135.91 4137.64 4138.02 4138.09 4138.33 4139.05 4139.12 4138.59 4134.57 4131.77 4129.71 4127.76 4126.44 4125.98 4126.2 4128.09 4130.4 4133.28 4135.88 4137.36 4139.45 4140.99 4140.45 4140.91 4141.7 4143.37 4144.8 4146.46 4148.47 4150.4 4152.34 4153.71
4088.85 4090.56 4092.68 4095.42 4098.67 4100.84 4103.2 4101.97 4097.61 4097 4096.04 4094.7 4093.13 4091.77 4091.7 4096.18 4102.32 4106.58 4104 4101.83 4103.26 4104.37 4107.33 4113.42 4120.91 4130.11 4140.01 4150.95 4162.78 4173.84 4171.52 4164.56 4152.56 4141.84 4137.43 4139.91 4137.02 4136.14 4135.8 4135.88 4135.65 4138.1 4140.03 4135.92 4133.1 4130.51 4128.42 4126.62 4125.69 4125.38 4126.3 4127.89 4129.66 4131.65 4134.42 4136.38 4138.39 4140.37 4141.63 4142.74 4144.1 4145.56 4146.98 4148.59 4150.75 4152.83 4155.75
4087.78 4089.59 4091.7 4094.43 4097.99 4102 4105.54 4105.77 4102.8 4100.22 4097.38 4094.76 4092.3 4090.16 4088.71 4090.28 4092.82 4096.84 4098.12 4099.07 4101.22 4102.76 4106.7 4111.46 4118.4 4126.79 4135.78 4144.34 4151.9 4154.93 4150.08 4146.04 4142.58 4137.39 4136.27 4134.05 4134.89 4134.16 4133.83 4133.47 4133.7 4136.65 4141.64 4139.59 4134.35 4131.07 4128.78 4126.82 4125.26 4124.05 4124.67 4125.99 4127.13 4129.23 4132.5 4135.09 4138.94 4140.9 4141.92 4142.97 4144.14 4145.85 4147.56 4149.25 4150.99 4152.21 4152.62
4086.73 4088.34 4090.16 4092.21 4095.73 4101.4 4106.93 4111.23 4108.59 4103.48 4099.17 4095.46 4092.25 4089.55 4088.18 4087.89 4088.34 4091.4 4093.3 4095.56 4098.82 4100.81 4102.88 4107.8 4115.26 4122.85 4130.36 4137.51 4142.82 4144.61 4142.47 4140.52 4140.29 4138.67 4134.87 4133.88 4132.98 4132.6 4132.05 4131.66 4132.39 4134.18 4134.11 4133.71 4131.87 4130.82 4129.13 4127.16 4125.25 4124.29 4124.1 4124.98 4126.65 4128.68 4131.72 4135.22 4139.04 4140.5 4141.41 4142.2 4143.7 4145.18 4147.29 4149.1 4150.44 4151.4 4151.34
4085.66 4087.36 4088.99 4090.42 4093.89 4100.38 4106.52 4111.47 4110.44 4104.72 4099.91 4095.85 4092.09 4089.03 4086.73 4085.2 4087.3 4090.32 4092.07 4094.26 4097.16 4099.38 4102.4 4107.32 4112.75 4119.03 4125.43 4131.47 4135.82 4138.2 4138.83 4138.7 4137.31 4136.27 4134.49 4131.75 4131.1 4131.14 4130.63 4129.47 4128.24 4128.35 4133.39 4132.83 4132.01 4131.11 4129.45 4127.4 4125.36 4123.63 4123.13 4124.25 4126.04 4128.19 4130.83 4134.22 4136.65 4138.61 4140.24 4141.72 4143.21 4144.73 4146.26 4148.55 4149.96 4151.5 4153.29
4084.87 4086.76 4088.63 4090.34 4093.55 4099.3 4104.96 4110.27 4108.35 4103.26 4099.05 4095.14 4091.69 4088.59 4086.24 4085.5 4087.34 4090.62 4091.31 4093.27 4095.73 4098.65 4101.28 4105.72 4109.37 4114.91 4120.66 4126.66 4130.99 4134.25 4135.59 4136.99 4136.84 4136.64 4137.12 4134.12 4131.75 4131.45 4130.61 4128.85 4126.6 4125.98 4131.53 4132.88 4133.44 4132.08 4130.02 4127.87 4125.56 4123.58 4122.72 4123.53 4124.84 4126.66 4129.11 4131.82 4134.26 4136.71 4138.56 4140.59 4142.38 4144.02 4145.64 4147.07 4148.37 4149.79 4150.95
4084.31 4086.55 4088.78 4091.49 4094.35 4097.87 4101.43 4104.24 4103.32 4100.34 4097.28 4094.19 4091.08 4088.21 4085.95 4084.88 4085.88 4090 4091.38 4092.27 4094.25 4095.32 4097.28 4099.82 4105.06 4110.75 4116.06 4121.25 4125.96 4129.97 4132.86 4134.76 4135.66 4137.14 4137.89 4136.91 4135.46 4134.94 4133.44 4130.9 4128.46 4128.5 4128.44 4132.09 4134.22 4132.9 4130.77 4128.37 4126.12 4124.15 4122.91 4123.14 4124.61 4125.09 4127 4129.91 4133.18 4135.27 4136.91 4138.83 4140.89 4142.23 4143.12 4144.33 4145.49 4147.03 4148.9
4084.2 4086.55 4088.88 4091.5 4093.81 4095.98 4097.25 4097.2 4097.99 4097.02 4095.08 4092.74 4090.29 4087.75 4085.83 4084.37 4085.88 4088 4089.38 4090.2 4091.77 4092.71 4094.25 4096.09 4101.86 4108.42 4114.36 4119.66 4124.41 4128.07 4131 4134.41 4133.4 4138.67 4141.62 4142.77 4141.18 4140.34 4137.9 4134.33 4131.3 4129.07 4128.4 4131.38 4134.07 4132.64 4130.73 4128.61 4126.44 4124.66 4123.63 4120.79 4120.6 4121.83 4124.38 4127.74 4132.06 4132.21 4136.07 4137.68 4138.57 4138.95 4139.67 4140.82 4142.18 4144.03 4146.08
4083.7 4086.01 4088.48 4091.27 4093.09 4094.21 4095.06 4095.06 4095.05 4094.62 4093.5 4091.89 4090.08 4088.11 4086.34 4084.77 4086.61 4085.35 4084.77 4086.78 4089.47 4091.14 4093.4 4095.96 4101.46 4107.18 4112.67 4118.21 4123.11 4125.89 4129.22 4131.52 4131.88 4144.3 4156.19 4155.61 4149.88 4148.28 4142.95 4137.49 4133.24 4129.98 4129.38 4130.86 4131.62 4131.61 4130.33 4128.29 4126.17 4123.87 4120.46 4116.82 4113.44 4117.97 4122.09 4124.04 4117.9 4134.47 4136.46 4136.66 4136.65 4136.72 4136.82 4137.26 4138 4139.32 4141.5
4083.28 4085.59 4087.32 4088.1 4091.22 4092.98 4094.26 4094.45 4093.54 4092.91 4092.1 4091.04 4089.8 4088.48 4087.48 4087.01 4088 4084.76 4081.87 4084.38 4087.71 4091.11 4093.53 4098.48 4102.41 4106.39 4110.39 4114.93 4119.52 4124.35 4128.9 4132.34 4131.65 4147.54 4167.38 4166.91 4175.39 4156.43 4145.8 4139.25 4134.73 4130.97 4129.43 4131.06 4131.78 4131.25 4129.98 4128.27 4126.27 4123.9 4120.98 4117.32 4114.4 4117.86 4122.62 4127.6 4134.78 4135.74 4136.61 4136.2 4135.51 4135.13 4134.8 4134.54 4134.69 4135.25 4138.03
4082.91 4085.27 4086.78 4087.55 4090.24 4092.13 4093.64 4093.5 4092.05 4091.98 4091.61 4090.93 4090.01 4089.38 4088.63 4088.2 4087.34 4082.67 4080.83 4083.28 4086.71 4090.31 4092.92 4096.46 4100.48 4104.19 4108.72 4112.31 4116.75 4122.05 4127.6 4130.77 4131.47 4141.2 4151.65 4155.8 4152 4147.86 4143.12 4138.87 4135.49 4133.06 4132.65 4131.77 4131.34 4130.75 4129.81 4128.22 4126.19 4124.37 4123.74 4119.96 4117.46 4119.7 4124.43 4130.39 4136.35 4137.57 4137.91 4135.18 4133.83 4133.4 4133.3 4133.1 4132.53 4131.69 4133.27
4082.29 4085.9 4088.34 4088.99 4091.04 4091.73 4092.07 4092.11 4091.53 4091.17 4091.11 4090.92 4090.8 4090.46 4090.14 4088.67 4085.16 4083.52 4080.95 4083.54 4086.67 4089.18 4092.07 4095.05 4098.88 4101.9 4105.23 4109.03 4113.12 4118.11 4124.31 4133.96 4136.78 4133.91 4135.34 4140.39 4137.89 4137.93 4138.1 4136.73 4135.01 4133.92 4132.16 4132.19 4131.95 4131.38 4130.13 4128.5 4126.2 4123.69 4120.53 4118.32 4118.41 4121.03 4125.45 4130.89 4136.41 4146.81 4135.66 4131.23 4131.37 4131.86 4132.04 4132.16 4131.82 4130.44 4130.27
4080.76 4086.01 4092.65 4095.64 4093.04 4090.58 4088.94 4089.16 4089.61 4090.44 4090.91 4091.38 4091.75 4091.86 4091.75 4090 4086.17 4083.95 4084.07 4084.39 4086.96 4089.73 4091.94 4094.32 4097.27 4100.13 4103.03 4105.75 4108.89 4112.93 4118.33 4125.78 4122.74 4130.11 4133.49 4133.86 4133.32 4133.38 4134.2 4134.47 4134.09 4132.88 4132.63 4133.08 4132.98 4131.84 4130.99 4128.92 4126.3 4123.28 4120.08 4118.25 4118.78 4121.11 4124.91 4129.23 4132.64 4120.45 4117.32 4125.84 4128.67 4130.02 4131.04 4131.91 4132.65 4133.2 4132.14
4077.64 4082.54 4089.74 4095.41 4090.55 4088.41 4088 4088.15 4089.31 4089.75 4090.17 4090.86 4091.71 4092.63 4093.37 4093.07 4090.2 4083.03 4083.75 4084.87 4086.75 4089.43 4091.84 4093.62 4096.49 4098.32 4100.89 4102.57 4104.3 4106.03 4108.62 4113.24 4122.5 4128.92 4130.66 4132.1 4131.27 4131.42 4133.13 4133.92 4134.05 4134.12 4134.92 4135.31 4135.63 4134.97 4132.8 4129.81 4126.54 4123.24 4120.1 4117.72 4117.83 4120.52 4123.79 4126.79 4128.33 4127.6 4127.37 4126.16 4127.71 4129.54 4130.99 4132.43 4133.76 4134.24 4130.95
4072.95 4075.52 4076.65 4078.93 4082.09 4082.93 4084.06 4085.27 4086.49 4087.67 4088.58 4089.72 4091.19 4092.63 4094.04 4095.37 4093.1 4088.46 4085.32 4086.2 4088.04 4090.18 4091.66 4093.14 4094.54 4097.28 4099.37 4100.9 4101.85 4101.59 4100.91 4105.08 4131.78 4132.42 4131.21 4133.98 4134.16 4134.61 4134.28 4134.5 4134.69 4135.7 4137.16 4138.22 4138.2 4137.78 4134.16 4130.32 4126.68 4123.22 4120.09 4117.45 4116.97 4119.15 4121.75 4124.07 4125.4 4125.57 4126.52 4127.07 4128.28 4129.88 4131.51 4133.5 4135.1 4136.14 4134.14
4067.89 4069.11 4069.5 4071.41 4074.44 4076.02 4077.07 4079.94 4082.46 4084.37 4086 4087.62 4089.35 4091.29 4093.04 4093.89 4091.03 4088.79 4087.16 4087.99 4089.58 4090.44 4092.18 4093.4 4095.47 4097.45 4099.35 4101.28 4103.07 4102.31 4098.63 4094.44 4123.74 4142.27 4141.41 4138.98 4136.87 4135.25 4135.23 4135.3 4135.67 4137.18 4140.04 4140.91 4139.81 4137.25 4134.15 4130.49 4126.8 4123.24 4119.85 4116.7 4116.65 4118.19 4120.18 4122.12 4123.95 4125.75 4125.42 4126.61 4127.87 4129.8 4132.25 4134.46 4136.14 4136.83 4136.6
4064.18 4064.97 4065.34 4067.07 4069.38 4070.85 4072.17 4075.52 4078.65 4081.19 4083.4 4085.44 4087.4 4089.24 4091.27 4092.7 4091.94 4089.83 4090.64 4089.81 4089.76 4089.41 4091.13 4092.43 4095.74 4097.15 4099.11 4102.15 4104.92 4106.79 4106.48 4105.3 4113.46 4141.31 4145.79 4141.85 4138.86 4136.56 4136.68 4137.15 4137.27 4138.74 4142.78 4143.58 4141.27 4138.17 4134.29 4130.48 4126.84 4123.49 4120.49 4117.31 4116.59 4117.69 4119.09 4120.49 4121.95 4123.78 4126.5 4125.06 4127.06 4129.88 4132.82 4135.67 4137.92 4139.56 4141.18
4061.36 4062.19 4063.67 4064.74 4066.43 4068.03 4069.51 4072.69 4075.66 4078.44 4080.37 4082.63 4084.92 4086.75 4088.31 4089.74 4090.46 4090.48 4089.53 4090.06 4088.48 4088.32 4089.21 4090.21 4091.76 4094.18 4097.95 4103.49 4109.76 4116.4 4122.09 4122.59 4113.44 4117.95 4137.41 4140.49 4139.38 4138.65 4138.58 4140.3 4142.02 4143.66 4146.11 4145.8 4142.22 4137.63 4133.47 4130.42 4127.07 4123.7 4120.9 4118.78 4116.66 4117.02 4117.18 4117.44 4118.03 4119.33 4114.09 4121.48 4126.28 4130.14 4133.75 4137.14 4140.31 4142.17 4143.32
4059.23 4060.05 4059.76 4062.36 4064.52 4067.09 4069.38 4070.8 4072.6 4074.05 4077.29 4080.1 4082.66 4084.62 4086.28 4087.81 4087.89 4087.55 4090.25 4089.2 4087.48 4087.06 4087.38 4087.34 4087.77 4090.9 4098.11 4106.91 4116.29 4126.87 4138.47 4145.35 4134.3 4139.95 4140.9 4140.79 4139.7 4140.05 4140.31 4143.31 4147.37 4149.16 4148.47 4146.39 4143.21 4138.62 4134.5 4131.05 4127.53 4123.79 4120.1 4118.12 4119.17 4117.86 4116.76 4115.62 4114.21 4112.61 4116.65 4121.58 4125.95 4130.22 4134.18 4137.94 4141.92 4145.97 4144.59
4059.38 4059.16 4060.48 4060.92 4062.83 4065.13 4067.56 4068.93 4070.33 4071.99 4074.84 4078.04 4080.82 4083.01 4084.56 4085.92 4088.14 4089.63 4084.24 4087.23 4087.33 4087.01 4087.02 4086.84 4086.18 4088.65 4099.02 4109.86 4120.6 4132.48 4145.43 4152.73 4145.48 4144.73 4144.4 4142.14 4139.37 4137.08 4139.02 4145.38 4150.92 4152.06 4150.98 4149.4 4145 4140.46 4135.62 4132.45 4128.56 4124.62 4121.07 4119.59 4119.66 4118.61 4116.95 4114.98 4112.5 4109.86 4113.73 4120.89 4126.15 4130.43 4134.36 4137.91 4141 4143.73 4145.86
4059.72 4058.35 4056.13 4059.24 4061.19 4062.59 4064.73 4067.25 4068.91 4069.93 4073.35 4076.79 4079.66 4081.89 4083.12 4082.62 4084.73 4089.56 4088.91 4088.19 4088.15 4088.21 4088.49 4088.45 4088.34 4090.94 4101.52 4112.58 4122.91 4131.93 4140.89 4145.92 4142.1 4144.16 4144.77 4143.09 4140.6 4137.38 4138.79 4146.59 4154.56 4154.55 4152.36 4149.94 4146.36 4142.54 4139.46 4134.5 4130.01 4126.15 4123.22 4121.65 4121.08 4119.39 4117.59 4115.71 4113.61 4112.31 4116.01 4123.42 4127.48 4131.37 4134.92 4138.11 4140.48 4143.39 4144.68
4060.56 4058.49 4058.06 4058.85 4060.93 4063.17 4064.93 4066.85 4068.88 4071.93 4074.41 4077 4079.92 4082.59 4084.76 4085.36 4083.06 4086.92 4088.39 4088.35 4088.47 4089.85 4090.84 4093 4095.18 4096.78 4109.62 4117.99 4124.56 4129.2 4128.81 4133.7 4137.14 4141.59 4147.86 4147.81 4144.94 4139.83 4138.14 4146.78 4153.36 4153.06 4151.1 4149.18 4145.97 4142.83 4140.57 4135.49 4131 4127.31 4124.4 4122.83 4122.17 4120.39 4119.45 4118.08 4116.89 4117.64 4121.39 4125.76 4129.17 4132.59 4135.8 4138.56 4140.68 4141.29 4142.49
4060.13 4057.51 4055.92 4057.93 4060.64 4064.27 4065.42 4066.63 4068.67 4070.97 4073.85 4077.18 4080.37 4083.38 4085.99 4087.11 4083.17 4086.04 4086.97 4087.46 4088.55 4090.27 4093.28 4098.4 4107.7 4129.87 4124.5 4123.98 4128.02 4132.31 4134.35 4139.25 4145.81 4149.42 4154.96 4157.06 4157.3 4154.14 4149.98 4148.35 4149.55 4148.84 4147.75 4146.5 4143.63 4140.93 4137.43 4134.45 4131.27 4128.09 4124.93 4123.13 4121.26 4121.68 4121.05 4120.5 4120.55 4122.01 4124.89 4127.16 4130.61 4133.79 4136.66 4139.39 4141.65 4140.79 4141.61
4060.34 4058.9 4057.99 4058.51 4059.45 4062.11 4063.53 4065.67 4068.15 4070.88 4073.79 4077.66 4081.1 4083.99 4086.23 4087.52 4093.55 4089.28 4088.06 4086.83 4087.44 4089.98 4094.47 4100.07 4108.93 4116.98 4120.78 4123.41 4128.98 4136.96 4145.49 4153.48 4162.07 4164.11 4169.51 4175.19 4177.84 4172.65 4159.13 4151.88 4145.83 4146.56 4145.89 4142.63 4140.33 4140.03 4137.34 4135.01 4132.54 4129.4 4127.47 4125.24 4124.22 4124 4123.75 4123.36 4123.4 4124.3 4126.47 4129.1 4131.93 4134.51 4136.77 4139.07 4142.22 4143.34 4142.22
4056.18 4058.14 4058.98 4058.82 4058.13 4057.77 4061.02 4064.4 4067.75 4071.07 4074.89 4078.65 4082.21 4084.95 4086.68 4087.11 4086.49 4091.17 4092.9 4086.69 4087.11 4088.04 4091.3 4096.7 4100.82 4104.38 4112.02 4123.65 4133.43 4142.88 4157 4162.32 4167.66 4177.49 4186.57 4201.71 4204.61 4198.08 4181.25 4163.4 4151.13 4151.55 4150.42 4146.73 4143.83 4142.8 4141.72 4138.7 4134.29 4130.46 4127.85 4126.81 4126.46 4126.32 4126.49 4126.08 4125.56 4125.38 4123.32 4130.89 4133.61 4135.27 4136.7 4137.65 4137.27 4140.31 4141.03
4044.86 4055.32 4059.46 4058.87 4057.32 4057.23 4059.6 4063.45 4067.73 4072.14 4077.25 4080.26 4083.36 4086.4 4088.78 4089.33 4091.06 4099.4 4101.33 4082.37 4085.02 4085.57 4088.38 4092.56 4095.73 4100.84 4111.45 4130.37 4145.23 4150.58 4161.61 4177.4 4177.28 4210.99 4218.33 4238.92 4228.91 4227.7 4218.21 4193.38 4170.72 4165.39 4159.9 4155.32 4152.93 4147.09 4144.56 4141.22 4135.38 4131.59 4129.38 4129.54 4129.63 4130.34 4130.18 4128.57 4127.25 4126.6 4127.74 4131.73 4134.32 4135.22 4136.23 4137.03 4137.27 4136.89 4138.68
4031.87 4054.8 4060.53 4059 4055.96 4054.39 4058.43 4062.69 4067.39 4072.6 4078.6 4081.09 4083.96 4087.14 4091.3 4091.52 4093.15 4103.3 4108.17 4084.89 4084.5 4084.69 4087.19 4090.32 4096.62 4103.37 4115.52 4144.73 4168.16 4172.06 4160.58 4223.81 4263.7 4289.43 4357.64 4242.39 4215.7 4243.48 4285.86 4261.91 4207.75 4180.36 4165.22 4161.06 4161.2 4150.32 4143.46 4138.72 4134.52 4132.37 4131.76 4132.97 4137.95 4141.23 4132.9 4130.15 4128.16 4127.08 4127.4 4130.6 4132.97 4134.15 4135.41 4136.77 4137.01 4135.55 4137.47
4028.03 4054.91 4061.24 4058.53 4055.43 4054.98 4057.78 4061.86 4066.62 4071.49 4074.6 4079.75 4083.79 4087.17 4088.87 4091.62 4096.01 4102.4 4106.25 4088.23 4086.87 4090.64 4093.75 4096.93 4103.16 4108.7 4121.06 4163.96 4209.75 4239.53 4238.67 4260.09 4297.73 4190.57 4114.61 4090.85 4119.54 4195.84 4311.32 4330.28 4231.15 4172.39 4153.14 4154 4159.99 4152.57 4142.25 4135.07 4133.16 4132.95 4133.32 4134.44 4135.31 4140.18 4134.09 4130.35 4127.93 4126.56 4126.58 4128.17 4130.33 4132.01 4133.59 4135.29 4136.48 4136.04 4137.09
