real_craters/C201-500m.grd
DSAA
442 442
-110.3725 110.3725
-110.3725 110.3725
2884.2389803132 5304.6884161092
[rows 120 to 149 of 442, columns 201 to 267 of 442]
4397.6 4383.41 4376.19 4373.94 4376.32 4377.9 4378.86 4379.18 4377.16 4376.78 4381.87 4391.44 4389.95 4334.99 4269.85 4275.82 4338.47 4376.72 4387.61 4387.7 4382.59 4375.94 4373.36 4359.38 4345.7 4341.8 4370.86 4409.92 4446.63 4452.67 4413.2 4376.26 4375.11 4374.38 4374.17 4374.61 4375.01 4375.32 4372.3 4363.95 4356.96 4348.54 4342.14 4336.32 4341.29 4342.35 4342.52 4342.12 4341.4 4340.89 4339.42 4337.19 4333.98 4333.81 4335.91 4335.05 4334.22 4338.27 4337.38 4336.05 4341.07 4348.8 4359.4 4360.01 4360.69 4362.47 4364.74
4388.71 4385.34 4380.35 4378.92 4380.94 4380.68 4380.69 4380.52 4378.67 4376.56 4377.46 4394.92 4403.51 4315.61 4168.1 4249.84 4347.55 4382.23 4389 4386.82 4381.05 4373.12 4357.81 4353.34 4344.63 4336.63 4373.26 4412.64 4448.04 4457.31 4416.38 4373.32 4364.73 4366.71 4367.06 4367.7 4368.44 4370.38 4370.73 4354.06 4334.07 4331.21 4327.12 4326.96 4327.64 4333.07 4336.11 4338.1 4338.41 4336.6 4334.7 4331.96 4328.96 4328.78 4331.78 4339.37 4347.46 4348.37 4351.64 4347.08 4346.62 4354.39 4363.33 4364.9 4364.8 4365.57 4367.13
4388.79 4383.87 4384.91 4385.3 4385.19 4384.86 4384.3 4383.39 4381.08 4376.1 4375.45 4392.5 4405.63 4320.15 4212.25 4265.43 4354.39 4384.65 4389.94 4386.59 4379.44 4371.55 4364.75 4359.52 4355.82 4361.51 4379.74 4407.55 4435.88 4449.42 4407.48 4365.23 4351.6 4359.14 4361.16 4361.34 4359.83 4358.31 4362.91 4341.36 4328.77 4326.96 4327.82 4327.33 4328.5 4331.22 4333.89 4335.64 4335.74 4334.29 4331.76 4329.56 4328.43 4329.59 4331.77 4342.61 4350.52 4352 4351.63 4345.17 4348.64 4355.35 4361.86 4364.49 4365.91 4367.16 4368.5
4375.55 4385.39 4387.16 4388.29 4387.13 4386.09 4384.87 4384.5 4383.66 4380.85 4376.02 4386.6 4389.95 4326.07 4269.12 4301.78 4364.95 4385.25 4389.65 4386.43 4378.63 4369.31 4357.65 4355.56 4360.94 4368.02 4380.17 4394.69 4405.44 4402.7 4384.19 4361.95 4351.22 4356.82 4358.87 4358.45 4353.92 4343.88 4334.37 4337.22 4329.92 4327.45 4327.42 4327.34 4328.88 4329.82 4333.68 4335.55 4335.48 4334.45 4332.25 4329.82 4329.28 4331.54 4338.54 4349.2 4352.66 4352.82 4348.84 4346.64 4350.85 4356.4 4359.51 4363.16 4365.77 4367.34 4368.89
4401.5 4401.92 4399.35 4397.85 4394.67 4393.9 4393.28 4390.55 4390.44 4387.9 4388.24 4391.15 4379.81 4317.95 4280.51 4319.41 4368.08 4384.97 4389.06 4385.55 4377.79 4367.03 4355.97 4355.23 4365.63 4372.09 4376.58 4380.47 4378.85 4367.19 4368.25 4368.81 4362.95 4360.12 4359.89 4359.56 4356.26 4345.43 4338.42 4349.71 4346.13 4337.34 4329.77 4328.41 4327.52 4331.29 4336.48 4337.48 4336.7 4335.61 4333.64 4330.94 4329.05 4332.3 4354.6 4357.87 4358.68 4355.11 4349.61 4349.32 4355.78 4359.71 4363.71 4366.21 4366.72 4367.87 4369.15
4450.84 4430.65 4420.76 4415.49 4411 4406.62 4401.54 4399.56 4395.85 4393 4391.46 4390.27 4374.8 4306.76 4281.45 4327.99 4370.85 4387.21 4391.55 4388.22 4378.76 4367.91 4355.35 4355.25 4368.37 4374.26 4374.09 4372.94 4369.54 4365.67 4365.06 4366.41 4361.75 4362.72 4364.52 4366.87 4368.05 4371.01 4365.62 4357.75 4357.09 4353.15 4349.17 4351.62 4353.87 4349.44 4345.56 4343.42 4341.54 4339.53 4337.69 4334.98 4330.51 4331.77 4350.11 4357.19 4356.97 4355.46 4355.15 4360.12 4361.91 4362.82 4363.97 4365 4366.32 4367.32 4368.76
4455.11 4446.78 4439.21 4437.57 4430.53 4423.78 4417.87 4415.98 4406.69 4397.41 4386.5 4379.57 4371.61 4297.26 4286.96 4343.04 4382.75 4391.88 4396.3 4386.55 4378.11 4367.1 4355.62 4348.57 4357.91 4365.81 4369.96 4371.21 4367.21 4357.89 4357.58 4366.83 4363.13 4365.47 4369.47 4374.04 4380.21 4390.05 4381.28 4362.84 4360.43 4360.82 4359.9 4360.4 4362.07 4358.63 4354.12 4350.72 4348.39 4346.61 4344.3 4343.27 4344.84 4344.52 4350.21 4354.63 4355.07 4355.49 4358.38 4361.9 4363.6 4364.27 4364.66 4365.42 4366.46 4367.22 4368.14
4460.57 4468.18 4464.77 4459.31 4453.26 4444.88 4433.96 4430.83 4420.17 4406 4391.48 4383.37 4365.14 4289.59 4292.25 4355.2 4392.95 4402.17 4402.27 4395.75 4385.53 4372.18 4360.08 4352.9 4350.32 4359.41 4368.73 4374.37 4374.85 4362.71 4349.8 4356.85 4364.31 4367.35 4375.3 4379.2 4381.25 4378.92 4375.15 4366.46 4363.65 4363.62 4363.25 4361.87 4363.09 4362.11 4359.84 4358.34 4358.19 4354.78 4352.1 4350.75 4351.46 4352.35 4353.93 4355.08 4357.42 4359.56 4359.77 4360.76 4363.25 4364.48 4365.58 4366.64 4366.97 4367.12 4367.54
4494.27 4492.14 4483.31 4475.45 4467.04 4452.82 4449.71 4448.29 4433.37 4420.16 4399.54 4380.17 4362.96 4295.79 4308.69 4361.17 4400.29 4415.66 4416.79 4410.07 4397.55 4382.45 4366.71 4353.09 4351.39 4360.17 4373.27 4385.85 4396.97 4404.66 4389.79 4354.72 4363.15 4381.8 4386.29 4384.5 4381.44 4374.6 4372.13 4368.42 4366.69 4366.5 4365.65 4365.49 4365.03 4363.72 4366.39 4369.2 4370.64 4368.03 4362.96 4356.01 4353.03 4355.94 4357.42 4357.85 4359.42 4360.39 4360.41 4360.77 4362.27 4364.32 4366 4367.37 4367.35 4367.08 4367.45
4528.18 4519.71 4501.05 4487.35 4481.22 4466.97 4458.35 4456.64 4444.91 4432 4412.28 4386.9 4357.64 4301.76 4336.92 4389.5 4425.77 4438.08 4436.2 4426.19 4411.43 4394.21 4375.1 4357.79 4352.36 4365.63 4382.22 4400.46 4419.61 4439.75 4449.37 4425.47 4433.44 4422.4 4401.08 4390.85 4385.64 4382.6 4375.88 4371.73 4368.78 4367.25 4366.77 4366.93 4366.35 4366.9 4376.62 4384.65 4388.95 4386.93 4379.25 4364.73 4359.12 4361.54 4361.64 4361.44 4361.02 4360.74 4360.43 4360.75 4362.77 4364.54 4365.99 4367.17 4367.34 4367.05 4367.41
4568.43 4545.08 4521.26 4498.29 4485.55 4482.72 4472.12 4463.98 4455.52 4449.89 4438.17 4418.61 4375.81 4330.91 4385.51 4456.68 4469.78 4469.55 4460.54 4447.47 4430.61 4408.43 4388.15 4365.39 4361.53 4377.77 4398.26 4420 4440.64 4455.46 4470.53 4469.38 4457.55 4423.76 4400.02 4390.24 4386.02 4382.7 4375.89 4372.29 4370.63 4370.02 4368.9 4370.28 4374.66 4376.58 4397.04 4409.15 4412.57 4411.48 4407.07 4394.86 4383.28 4374.21 4364.71 4365.4 4362.56 4361.52 4360.29 4360.42 4363.85 4364.55 4365.5 4366.71 4366.76 4366.95 4367.55
4600.38 4552.62 4529.14 4509.73 4505.11 4496.41 4489.12 4482.54 4479.36 4473.98 4469.11 4471.44 4427.52 4376.72 4438.79 4506.49 4511.13 4501.12 4485.04 4465.35 4445.53 4426.7 4407.75 4386.41 4378.45 4393.62 4414.68 4438.76 4457.32 4469.34 4458.68 4443.16 4400.59 4381.62 4387.41 4385.08 4381.21 4378.31 4374.21 4373.32 4375.21 4375.64 4374.65 4374.53 4407.67 4446.44 4441.92 4438.14 4436.59 4437.09 4439.39 4437.75 4422.04 4397.41 4373.04 4365.58 4366.14 4362.78 4360.27 4360.54 4362.67 4363.83 4364.68 4364.85 4365.49 4366.51 4367.43
4575.81 4541.69 4518.85 4518.75 4510.4 4509.96 4506.89 4503.15 4503.68 4495.17 4493.58 4500.81 4492.78 4427.04 4481.18 4540.3 4538.71 4523.88 4504.2 4482.45 4461.82 4443.65 4430.42 4419.09 4399.16 4411.05 4431.74 4452.45 4470.56 4481.45 4474.92 4431.76 4403.17 4390.37 4388.26 4385.66 4380.65 4377.13 4377.32 4379.81 4384.42 4387.96 4389.62 4393.8 4437.83 4483.71 4473.25 4459.98 4453.57 4454.04 4461.2 4479.35 4453.79 4427.9 4409.35 4396.75 4379.59 4367.78 4360.92 4360.88 4362.91 4363.33 4364.62 4365.46 4366.2 4367.15 4367.83
4525.51 4521.49 4514.85 4516.49 4516.45 4512.11 4515.26 4514.78 4513.86 4515.97 4510.03 4518 4534.54 4447.49 4501 4552.42 4555.21 4541.14 4522.04 4500.06 4479.04 4458.65 4444.89 4433.51 4419.78 4433.31 4451.45 4471.03 4489.11 4503.97 4490.47 4428.92 4414.46 4408.32 4399.34 4397.86 4394.04 4390.03 4388.2 4392.07 4397.99 4405.41 4412.06 4425.37 4465.17 4477.18 4478.15 4464.46 4457.91 4457.6 4461.14 4464.47 4462.1 4454.42 4447.3 4422.34 4404.15 4378.82 4364.56 4364.15 4365.3 4364.45 4365.7 4367.54 4368.63 4368.28 4368.67
4492.11 4508.68 4515.58 4521.87 4529.48 4535.48 4529.61 4533.41 4550.51 4546.35 4532.99 4530.33 4512.89 4441.47 4515.64 4564.39 4564.8 4552.29 4532.38 4512.38 4490.16 4469.08 4450.54 4443.92 4448.67 4460.64 4471.62 4483.34 4496.22 4507.47 4500.64 4440.35 4416.21 4406.61 4409.37 4416.8 4420.3 4415.97 4409.65 4410.09 4414.33 4420.75 4428.58 4433.8 4441.61 4452.66 4456.35 4448.85 4447.49 4451.6 4454.12 4458.77 4469.17 4475.13 4476.91 4476.03 4449.64 4407.85 4384.2 4377.3 4369.61 4367.59 4368.76 4370.64 4370.76 4368.26 4368.76
4467.85 4479.98 4500.1 4515.72 4529.62 4543.5 4560.5 4573.58 4579.8 4580.32 4577.99 4579.6 4564.98 4484.2 4558.62 4585.69 4572.95 4554.2 4533.71 4514.25 4495.21 4476.65 4454.9 4433.73 4477.74 4483.84 4483.39 4489.4 4495.82 4493.99 4469.71 4439.09 4425.18 4406.86 4427.46 4442.3 4449.8 4441.85 4434.97 4427.77 4429.82 4436.03 4442.42 4446.15 4440.75 4413.64 4414.06 4427.19 4435.92 4443.36 4453.16 4461.85 4482.27 4496.37 4502.59 4502.88 4483.5 4446.83 4419.82 4411.22 4396.14 4381.04 4379.48 4376.43 4371.83 4368.04 4369.43
4453.43 4466.91 4482.35 4503.23 4521.38 4540.04 4557.45 4580.61 4593.82 4610.89 4624.82 4625.55 4605.66 4534.22 4593.63 4591.98 4571.12 4553.56 4537.35 4521.14 4504.35 4490.39 4477.41 4473.82 4479.24 4479.83 4483.58 4488.96 4493.41 4493.73 4481.55 4467.97 4457.69 4467 4462.92 4466.66 4469.63 4455.72 4439.89 4439.86 4442.44 4446.99 4451.92 4460.84 4451.51 4413.73 4406.58 4414.91 4426.87 4439.44 4456.8 4479.95 4501.31 4524.18 4536.28 4534.23 4517.96 4490.97 4474.87 4460.03 4454.95 4422.58 4406.33 4392.2 4376.37 4371.9 4372.31
4436 4453.33 4475.36 4495.35 4518.99 4541.14 4566.17 4586.22 4607.58 4623.76 4623.32 4552.11 4495.45 4578.6 4555.58 4556.22 4551.3 4542.29 4527.39 4517.1 4507.18 4499.47 4495.75 4493.24 4476.85 4473.12 4480.59 4488.53 4493.81 4494.41 4489.18 4485.25 4483.19 4490.87 4488.04 4483.28 4482.09 4463.78 4451.33 4451.52 4454.18 4457.94 4463 4471.77 4467.05 4420.3 4405.1 4411.94 4424.62 4438.04 4447.81 4477.39 4519.48 4555.88 4584.44 4588.5 4550.19 4523.25 4510.96 4499.47 4494.6 4460.8 4440.39 4426.5 4397.55 4394.18 4381.86
4421.46 4445.15 4471.39 4498.92 4524.04 4549.4 4577.8 4598.07 4616.64 4632.7 4625.16 4514.47 4468.18 4563.37 4515.88 4523.08 4529.41 4528.29 4523.62 4516.02 4509.96 4505.35 4502.79 4497.09 4480.3 4473.36 4480.31 4486.85 4493.61 4499.58 4491.15 4484.95 4491.17 4499.44 4498.53 4489.52 4479.17 4472.74 4466.04 4463.18 4464.74 4468.64 4474.14 4482.88 4481.48 4434.39 4406.37 4417.81 4434.53 4448.08 4459.24 4493.96 4542.48 4585.51 4622.9 4635.32 4566.09 4538.92 4525.62 4519.04 4517.1 4479.95 4480.25 4486.51 4494.33 4462.36 4402.24
4423.22 4436.69 4461.01 4487.23 4516.16 4546.94 4567.53 4592.29 4612.15 4630.02 4625.57 4515.66 4478.02 4554.98 4516.4 4520.26 4519.14 4530.57 4521.51 4516.88 4511.62 4505.67 4503.93 4498.7 4487.89 4482.16 4483.74 4487.84 4492.04 4500.92 4496.41 4486.86 4495.61 4503.72 4504.17 4494.98 4484.15 4480 4475.72 4473.33 4474.24 4478.06 4484.48 4492.89 4495.85 4468.25 4436.86 4442.06 4463.35 4483.3 4489.52 4530.08 4573.56 4610.13 4636.2 4639.19 4569.08 4550.09 4537.04 4529.96 4519.04 4525.15 4526.17 4540.96 4565.8 4533.13 4454.27
4430.12 4438.34 4463.87 4490.1 4519.89 4544.94 4563.44 4587.18 4600.27 4608.58 4601.07 4525.49 4541.11 4592.33 4536.55 4533.81 4535.06 4535.47 4528.65 4521.13 4510.5 4504.46 4501.38 4497.07 4492.38 4489.5 4488.84 4490.35 4492.23 4497.66 4497.99 4497.43 4500.54 4506.25 4508.39 4506.83 4500.07 4487.59 4482.82 4480.87 4481.1 4482.53 4484.74 4492.86 4508.49 4508.64 4479.61 4476.57 4501.95 4540.89 4566.97 4588.03 4606.41 4629.47 4650.84 4658.13 4607.52 4575.48 4554.07 4539.5 4537.17 4544.05 4548.27 4559.36 4570.77 4548.27 4508.2
4427.2 4437.09 4464.99 4492.22 4515.01 4542.05 4558.18 4573.51 4579.97 4573.36 4544.97 4466.93 4525.44 4601.58 4562.58 4556.25 4551.81 4550.28 4539.36 4520.8 4513.9 4504.96 4496.31 4494.06 4494.65 4494.56 4494.47 4495.18 4494.65 4493.98 4496.58 4498.07 4502.09 4507.76 4511.86 4513.95 4508.54 4501.54 4492.28 4487.27 4485.73 4486.32 4489.15 4497.39 4507.24 4510.58 4510.68 4499.2 4526.4 4581.7 4659.08 4628.37 4624.12 4634.5 4650.25 4664.41 4640.83 4586.25 4547.04 4536.4 4543.48 4545.45 4553.45 4555.41 4553.63 4536.42 4501.52
4452.76 4458.63 4478.61 4501.05 4522.84 4540.98 4557.02 4565.63 4562.59 4543.65 4492.18 4395.18 4478.51 4589.71 4586.98 4577.2 4570.79 4558.3 4546.67 4529.54 4519.26 4508.09 4499.4 4498.01 4500.29 4497.93 4503.27 4504.53 4500.04 4497.81 4498.39 4499.11 4503.23 4510.2 4514.87 4512.88 4507.37 4502.59 4495.94 4492.14 4491.41 4491.33 4492.97 4495.55 4496.58 4494.25 4494.81 4503.01 4522.08 4546.87 4570.26 4604.52 4613.69 4620.15 4623.04 4620.63 4593.75 4558.47 4531.67 4537.26 4574.31 4598.93 4560.37 4547.93 4545.1 4531.22 4510.12
4484.36 4487.93 4499.59 4519.56 4535.81 4551.17 4564.81 4570.59 4562.77 4536.21 4488 4430.99 4491.68 4588.24 4597.23 4590.69 4579.93 4570.87 4562.65 4543.65 4532.99 4518.85 4499.38 4510.09 4520.23 4521.29 4527.45 4520.98 4512.59 4505.57 4504.22 4503.54 4506.37 4513.28 4517.78 4511.28 4502.3 4496.3 4497.27 4498.53 4498.02 4495.19 4494.48 4495.05 4496.42 4492.8 4491.44 4500.66 4513.99 4519.48 4531.42 4576.4 4596.18 4598.99 4588.63 4559.71 4533.23 4531.98 4537.17 4564.42 4624.67 4648.03 4560.58 4550.75 4553.09 4557.22 4562.08
4485.35 4493.61 4515 4536.39 4554.72 4559.35 4572.44 4577 4573.91 4555.66 4503.12 4457.37 4505.6 4571.6 4594.89 4598.05 4591.34 4582.11 4566.94 4562.84 4554.33 4542.22 4530.48 4535.88 4548.33 4569.47 4555.97 4535.77 4525.48 4516.67 4512.88 4512 4513.41 4519.68 4520.95 4516.86 4501.57 4493.97 4504.43 4509.22 4507.72 4502.63 4495.47 4490.56 4496.87 4501.74 4492.08 4493.08 4528.03 4554.14 4568.44 4587.13 4593.71 4586.98 4571.18 4548.8 4531.41 4535.16 4573.01 4626.99 4677.85 4708.38 4602.99 4580.88 4578.14 4578.64 4587.46
4501.44 4509.71 4530.86 4549.77 4567.44 4582.29 4588.77 4593.48 4593.7 4587.7 4534.36 4454.25 4507.48 4572.72 4593.03 4601.29 4604.07 4599.13 4588.07 4585.54 4581.29 4575.2 4569.27 4563.21 4562.33 4561.16 4550.36 4537.34 4529.66 4525.82 4526.78 4529.03 4533.25 4531.2 4528.21 4519 4517.57 4515.07 4531.38 4532.58 4524.7 4513.85 4502.54 4494.99 4495.15 4496.93 4505.33 4522.72 4564.95 4621.16 4631.02 4611.99 4599.57 4584.7 4567.1 4549.12 4532.82 4543.65 4608.44 4678.62 4710.08 4723.37 4672.44 4632.87 4624.62 4611.2 4626.39
4520 4536.89 4550 4562.89 4578.07 4593.18 4604.16 4607.18 4604.78 4589.73 4523.86 4461.8 4521.31 4582.56 4593.12 4603.86 4609.63 4603.82 4606.52 4608.9 4609.77 4605.52 4597.41 4586.34 4570.51 4551.44 4537.96 4534.67 4530.87 4533.91 4539.19 4544.96 4548.76 4543.87 4539.78 4541.13 4583.06 4593.33 4580.01 4564.85 4547.21 4529.1 4513.03 4502.84 4497.75 4503.22 4533.44 4560.15 4585.58 4632.54 4643.46 4626.39 4608.41 4591.76 4574.34 4560.27 4556.69 4579.23 4629.22 4681.57 4710.6 4721.4 4691.86 4676.32 4692.43 4726.76 4717.77
4542.97 4556.82 4558.97 4572.6 4588.04 4603.84 4615.82 4616.83 4612 4591.09 4522.7 4486.64 4538.69 4592.4 4605.14 4609.99 4613 4612.95 4619.73 4626.71 4635.52 4643.19 4634.68 4609.18 4580.04 4554.15 4539.73 4543.95 4544.38 4549.99 4556.06 4558.87 4561.14 4552.12 4549.27 4573.93 4641.12 4654.66 4624.07 4598.76 4575.5 4551.14 4525.97 4504.81 4497.21 4504.65 4520.63 4540.56 4583.58 4618.04 4636.34 4633.04 4619.14 4602.24 4583.94 4572 4575.28 4605.73 4635.57 4663.56 4701.95 4723.94 4709.09 4696.15 4733.58 4798.14 4755.63
4540.78 4543.46 4557.64 4576.69 4594.89 4612.25 4625.68 4628.31 4622.77 4596.45 4519.98 4495.51 4553.68 4608.86 4617.87 4614.42 4618.04 4619.46 4625.47 4631.08 4646.21 4667.12 4658.96 4624.56 4591.5 4567.75 4555.57 4565.9 4582.59 4577.72 4576.76 4570.18 4560.95 4553.55 4552.58 4579.43 4645.61 4665.34 4649.53 4629.11 4605.26 4578.25 4546.86 4512.97 4499.56 4510.33 4521.18 4548.68 4594.27 4629.65 4638.12 4638.48 4630.58 4614.01 4597.03 4583.55 4578.27 4603.67 4639.63 4670.89 4706.13 4726.75 4699.92 4692.81 4715.38 4736.71 4698.15
4536.38 4542.34 4555.6 4578.24 4600.06 4622.28 4634.36 4641.78 4636.45 4602.08 4512.92 4502.82 4563.61 4600.05 4599.38 4616.45 4624.26 4621.62 4622.85 4626.1 4634.25 4649.4 4643.43 4625.52 4609.02 4592.91 4580.56 4602.91 4611.42 4617.59 4602.27 4583.62 4567.61 4555.68 4554.68 4572.36 4642.04 4662.6 4662.73 4651.5 4633.16 4609.32 4580.16 4541.74 4524.65 4538.39 4533.66 4538.11 4589.84 4624.92 4647.7 4651.81 4643.79 4630.4 4611.79 4595.85 4586.77 4608.79 4654.87 4696.1 4720.87 4727.33 4725.63 4673.77 4671.51 4671.5 4623.59
