real_craters/C201-500m.grd
DSAA
442 442
-110.3725 110.3725
-110.3725 110.3725
2884.2389803132 5304.6884161092
[rows 390 to 419 of 442, columns 134 to 200 of 442]
4307.03 4309.95 4320.99 4326.18 4330.07 4334.06 4338.56 4343.56 4349 4353.62 4356.07 4357.11 4358.97 4360.92 4360.48 4359.97 4359.8 4359.18 4357.64 4356.3 4357.48 4358.15 4358.14 4357.74 4357.25 4357.01 4360.3 4364.39 4372.17 4380.73 4390.21 4400.08 4406.58 4402.68 4385.17 4373.02 4366.4 4363.49 4363.7 4365.71 4367.83 4364.57 4366.11 4366.44 4363.75 4364.06 4364.9 4363.62 4362.48 4360.48 4359.19 4355.35 4351.43 4349.11 4351.04 4355.76 4360.01 4359.14 4358.14 4357.78 4357.44 4357.1 4356.75 4356.58 4357.05 4358.04 4357.69
4311.02 4316.06 4325.34 4328.29 4330.99 4334.29 4337.88 4341.98 4346.24 4350.94 4353.45 4355.27 4357.5 4359.54 4359.95 4360.54 4361.26 4362.01 4362.65 4362.2 4360.78 4359.55 4358.43 4357.2 4356.45 4357.02 4355.02 4362.75 4369.52 4377.93 4386.91 4398.17 4405.02 4399.95 4366.63 4354.71 4350.53 4350.62 4352.87 4356.44 4359.08 4361.66 4364.14 4363.83 4359.81 4361.46 4361.74 4361.42 4360.59 4360.32 4358.01 4354.16 4350.06 4346.96 4348.96 4354.31 4358.01 4358.53 4357.8 4357.53 4357.21 4356.9 4356.75 4356.93 4357.49 4357.61 4357.67
4313.79 4318.89 4324.54 4327.91 4330.32 4332.84 4335.78 4338.75 4341.3 4344.31 4348.39 4351.4 4353.91 4356.15 4357.82 4359.8 4361.97 4364.33 4366.71 4366.66 4363.66 4361.22 4359.02 4356.78 4355.26 4354.68 4354.4 4356.62 4364.93 4375.04 4385.76 4395.06 4399.85 4389.25 4353.65 4336.21 4335.02 4338.33 4342.82 4347.7 4352.58 4357.53 4361.62 4361.23 4358.48 4360.08 4360.81 4359.6 4358.45 4360.86 4357.42 4353.08 4348.84 4346.43 4347.74 4352.68 4358.15 4357.64 4357.66 4357.5 4357.12 4356.72 4356.47 4356.57 4356.98 4357.44 4357.67
4314.1 4321.28 4325.02 4325.99 4327.94 4330.23 4332.68 4335.22 4337.65 4341.01 4344.03 4347.08 4349.87 4352.09 4355.02 4358.48 4361.59 4364.9 4368.09 4367.66 4364.58 4361.43 4358.74 4356.09 4353.68 4351.49 4352.84 4354.21 4360.94 4371.73 4382.13 4389.33 4391.49 4373.84 4330.52 4318.54 4321.79 4327 4333.14 4339.72 4345.32 4352.85 4358.67 4358.31 4356.65 4356.77 4357.39 4357.48 4358.36 4358.93 4356.69 4352.26 4347.42 4343.95 4344.74 4350.47 4356.46 4360.45 4359.22 4358.24 4357.32 4356.83 4356.38 4356.08 4356.93 4357.44 4357.78
4307.82 4314.82 4319.4 4321.87 4324.22 4326.9 4329.35 4331.85 4334.09 4336.07 4339.67 4343.1 4346.24 4349.41 4352.88 4356.29 4360.03 4363.47 4366.13 4366.15 4363.9 4361.16 4358.26 4355.39 4352.68 4350.18 4350.57 4354.15 4359.7 4368.71 4375.98 4381.66 4381.57 4362.62 4325.35 4310.9 4313.39 4317.75 4323.69 4331.17 4339.49 4349.21 4355.94 4356.18 4353.61 4353.39 4353.71 4354.59 4355.96 4358 4355.9 4350.74 4345.5 4341.29 4340.78 4348.33 4355.92 4357.16 4358.86 4358.53 4357.45 4357 4356.52 4356.56 4357.25 4357.53 4357.89
4303.35 4306.78 4312.73 4316.66 4319.94 4322.64 4325.33 4327.88 4330.59 4333.25 4336.11 4339.42 4342.93 4346.76 4350.42 4353.78 4357.57 4360.76 4362.9 4363.46 4362.32 4360.42 4357.87 4355.34 4352.8 4350.43 4350.3 4354.63 4360.41 4368.1 4373.32 4374.58 4368.86 4351.41 4326.07 4312.93 4311.07 4313.67 4318.1 4323.72 4331.77 4342.28 4348.81 4350.63 4349.06 4344.48 4347.72 4350.96 4352.75 4354.55 4353.5 4348.97 4343.33 4339.17 4340.15 4346.31 4354.93 4357.36 4358.46 4358.8 4358.24 4357.3 4357.07 4356.81 4357.05 4357.45 4357.97
4301.07 4302.85 4307.72 4311.9 4315.47 4318.4 4321.41 4324.01 4326.1 4329.45 4332.44 4335.73 4339.28 4343.06 4346.82 4350.45 4354.31 4357.45 4359.71 4360.63 4360.33 4359.27 4357.39 4355.6 4353.75 4352.4 4353.65 4356.9 4362.44 4369.77 4373.45 4369.28 4358.33 4342.31 4325.98 4315.66 4311.49 4312.09 4313.39 4316.58 4321.15 4325.67 4326.62 4338.16 4344.32 4345.97 4344.03 4346.67 4352.43 4352.64 4351.07 4346.19 4339.6 4334.97 4334.74 4343.11 4353.6 4359.22 4359.88 4359.28 4357.62 4357.48 4357.37 4357.07 4356.85 4357.54 4358.06
4296.83 4299.96 4303.69 4307.41 4311.21 4314.66 4317.83 4320.63 4322.68 4324.69 4328.61 4332.2 4335.81 4339.13 4342.33 4347.14 4351.05 4353.89 4356.17 4357.86 4358.38 4358.46 4358.02 4356.81 4355.7 4355.68 4357.42 4363.78 4368.19 4371.87 4373.75 4364.17 4343.11 4330.43 4320.73 4314.05 4311.43 4310.95 4312.08 4313.05 4311.71 4309.6 4309.56 4324.87 4337.42 4331.29 4333.85 4337.43 4341.37 4348.85 4350.53 4342.81 4334.14 4328.06 4329.16 4337.2 4350.84 4360.65 4360.25 4359.9 4359.12 4357.47 4357.28 4356.59 4357.11 4357.95 4358.61
4290.25 4295.66 4300.01 4303.93 4307.71 4311.03 4314.46 4317.89 4321.06 4322.84 4325.16 4328.64 4332.53 4336.83 4341.79 4344.66 4347.35 4350.03 4352.96 4354.88 4356.34 4357.31 4357.9 4357.86 4358.47 4359.27 4363.07 4369.47 4370.01 4371.59 4369.87 4356.33 4330.63 4321.38 4317.25 4314.39 4311.65 4310.39 4310.31 4309.6 4307.34 4306.34 4308.94 4313.62 4312.02 4311.8 4319.45 4324.95 4331.42 4341.16 4346.61 4336.63 4325.76 4316.76 4312.74 4324.77 4346.49 4355.12 4358.44 4359.01 4358.57 4357.28 4357.04 4356.08 4357.46 4358.5 4359.37
4288.76 4293.3 4297.17 4300.61 4304.11 4307.31 4310.66 4314.11 4318.36 4319.46 4321.71 4325.21 4329.03 4333.24 4336.76 4340.73 4343.48 4346.47 4349.62 4352.16 4354.48 4355.99 4357.69 4359.17 4361.28 4363.14 4367.01 4371.38 4372.05 4369.75 4363.66 4350.39 4325.93 4317.01 4314.71 4313.51 4311.42 4309.21 4309.11 4308.63 4307.44 4305.95 4308.19 4308.52 4305.82 4303.3 4309.07 4317.23 4321.74 4331.92 4337.49 4327.6 4315.6 4304.74 4299 4314.42 4344.06 4355.25 4356.83 4358.01 4358.36 4357.26 4358.01 4358.41 4358.29 4359.14 4360.01
4286.28 4291.82 4294.52 4297.27 4300.16 4303.41 4306.42 4309.35 4311.35 4314.85 4318.24 4321.63 4325.16 4328.63 4331.72 4335.8 4339.56 4342.77 4346.3 4349.62 4352.55 4355.28 4357.88 4360.63 4363.8 4368.34 4373.25 4374.75 4375.14 4367.46 4351.83 4331.31 4318.66 4314.14 4312.76 4312.08 4310.76 4309.11 4308.84 4307.74 4306.18 4305.2 4305.13 4306.36 4303.16 4296.61 4302.9 4310.71 4318.82 4322.78 4324.43 4316.52 4305.38 4294.9 4290.51 4307.34 4345.19 4354.27 4354.85 4356.55 4357.32 4357.51 4358.86 4357.03 4359.14 4360.06 4360.86
4284.02 4288.82 4291.25 4293.75 4296.57 4299.4 4302.28 4305.09 4308.11 4311.28 4314.86 4318.07 4321.4 4324.63 4328.09 4332.02 4336 4340.09 4343.84 4347.25 4350.7 4354.04 4357.75 4361.36 4365.65 4370.48 4375.98 4378.68 4378.88 4366.17 4343.35 4321.05 4314.89 4312.31 4312.25 4312.03 4310.9 4309.83 4308.2 4307.05 4306.32 4305.24 4305.4 4306.29 4303.56 4300.09 4298.45 4302.96 4307.9 4312.59 4311.78 4306.75 4296.52 4286.93 4284.5 4304.42 4343.96 4352.92 4352.71 4355.08 4356.57 4357.01 4357.83 4362.39 4360.76 4360.93 4361.64
4281.84 4284.78 4287.52 4290.09 4292.75 4295.52 4298.41 4301.4 4304.22 4307.81 4311.14 4314.36 4317.68 4321.01 4324.55 4328.48 4332.43 4336.73 4340.85 4344.81 4348.79 4352.85 4357.15 4361.44 4365.33 4369.84 4377.46 4383 4380.76 4364.55 4340.12 4319.24 4313.71 4311.56 4311.61 4312.97 4311.87 4310.36 4308.81 4307.61 4306.37 4305.69 4304.52 4305.31 4299.99 4299.99 4296.92 4300.62 4304.8 4307.81 4309.61 4302.81 4291.14 4279.68 4275.6 4293.44 4345.97 4354.25 4351.91 4354.14 4356.12 4357.27 4358.34 4359.87 4360.62 4361.26 4362.14
4277.98 4280.62 4283.66 4286.54 4289.11 4291.48 4294.29 4297.63 4301.46 4303.75 4306.71 4310.82 4314.22 4317.44 4320.71 4324.67 4328.73 4332.99 4337.4 4341.7 4346.25 4350.85 4355.84 4361.18 4366.25 4369.43 4376.13 4380.72 4377.56 4358.97 4336.89 4319.4 4313.54 4311.37 4311.69 4313.32 4312.16 4310.64 4309.07 4307.49 4306.82 4306.06 4305.87 4303.03 4292.5 4292.85 4295.2 4302.33 4304.38 4306.54 4308.22 4301.54 4288.36 4274.79 4268.08 4285.6 4352.41 4357.33 4352.07 4354.11 4356.24 4357.86 4357.85 4357.73 4359.99 4361.29 4362.46
4274.71 4278.1 4280.59 4282.93 4285.2 4287.42 4289.78 4292.63 4296.22 4300.23 4304.85 4307.77 4310.91 4314.02 4317.15 4320.6 4325.12 4329.93 4334.01 4338.35 4343.34 4348.3 4354.28 4360.62 4368.06 4376.48 4377.26 4378.37 4374.64 4349.5 4331.13 4318.17 4312.77 4311.11 4311.03 4311.91 4310.96 4308.9 4307.43 4307 4305.96 4305.4 4304.86 4301.5 4294.14 4292.81 4292.97 4298.48 4301.77 4304.34 4307.04 4301.47 4287.39 4273.36 4264.91 4279.04 4353.62 4357.39 4352.8 4354 4356.54 4358.17 4358.51 4358.86 4360.12 4361.55 4362.84
4274.87 4275.96 4278.07 4279.94 4281.81 4283.65 4285.44 4287.21 4290.66 4296.14 4301.5 4304.67 4307.65 4310.61 4313.62 4317.38 4321.44 4325.61 4330.3 4335.19 4340.2 4345.35 4351.42 4357.52 4363.99 4369.33 4373.84 4374.03 4357.2 4332.32 4323.99 4316.5 4311.58 4310.53 4310.01 4309.5 4308.15 4306.65 4305.59 4304.8 4304.71 4304.06 4303.35 4301.34 4297.27 4295 4288.29 4288.78 4294.22 4299.88 4302.71 4298.86 4287.83 4275.62 4266.62 4273.11 4336.46 4349.97 4351.66 4353.48 4356.17 4358.04 4358.77 4359.76 4361.25 4362.32 4363.69
4272.72 4274.33 4276.02 4277.61 4279.21 4280.63 4281.93 4283.5 4287.24 4292.43 4297.23 4301.36 4304.24 4307.24 4310.57 4314.61 4317.46 4321.01 4326.34 4331.51 4337.67 4343.09 4348.75 4353.68 4358.01 4362.59 4365.19 4365.98 4342.77 4327.5 4319.38 4315.08 4312.31 4310.51 4308.94 4307.45 4305.63 4304.14 4303.31 4302.46 4302.28 4301.8 4301.11 4301.15 4299.41 4292.68 4279.1 4286.92 4292.19 4297.12 4299.21 4297.65 4290.36 4282.12 4275.71 4276.62 4320.38 4335.97 4342.93 4353.14 4357.34 4358.47 4359.14 4360.28 4361.36 4362.76 4364.23
4271.07 4272.74 4274.09 4275.52 4276.95 4278.3 4279.71 4280.63 4284.13 4289.12 4294.09 4297.42 4300.33 4303.54 4307.09 4310.77 4313.85 4317.4 4322.7 4328.56 4334.21 4339.43 4344.45 4348.14 4349.79 4350.88 4352.45 4352.17 4333.51 4318.02 4314.89 4312.85 4312.03 4309.79 4307.46 4305.17 4302.67 4301.81 4301.16 4300.41 4299.9 4299.03 4299.25 4299.29 4299.57 4291.77 4288.48 4299.88 4297.13 4296.78 4298.16 4299.45 4294.5 4291.02 4291.54 4299.74 4295.81 4322.24 4344 4355.28 4358.41 4358.78 4359.89 4360.94 4362.11 4363.57 4365.18
4269.86 4270.7 4272.16 4273.83 4275.14 4276.53 4278.34 4280.97 4283.23 4285.86 4289.22 4292.49 4295.98 4299.5 4303.03 4306.5 4309.85 4314.13 4319.65 4325.41 4331.36 4336.66 4341.08 4343.89 4342.89 4341.34 4339.43 4331.47 4323.93 4314.81 4311.6 4309.67 4310.51 4308.67 4306.26 4303.75 4301.11 4299.93 4298.99 4298.07 4296.99 4296.57 4295.87 4295.81 4297.56 4295.92 4296.78 4294.8 4296.18 4296.28 4297.63 4297.96 4298.04 4297.52 4300.26 4303.65 4285.57 4313.06 4344.75 4356.24 4357.67 4359.23 4359.91 4361.77 4362.95 4364.71 4366.42
4268.48 4270 4271.66 4272.5 4273.74 4275.07 4276.49 4277.94 4280.46 4282.72 4284.44 4287.47 4291.9 4295.51 4298.91 4302.43 4306.87 4311.47 4316.68 4322.34 4328.19 4333.61 4338.54 4342.38 4343.79 4339.67 4332.79 4324.52 4320.29 4314.77 4310.81 4308.87 4309.84 4307.26 4304.82 4302.52 4300.57 4298.92 4297.38 4296.1 4295.18 4294.23 4293.29 4293.41 4294.78 4295.15 4292.07 4293.79 4295.51 4297.22 4298.44 4299.31 4301.4 4301.42 4301.67 4298.32 4287.62 4305.03 4330.78 4343.98 4351.6 4355.6 4359.63 4361.86 4364.11 4365.9 4367.11
4267.52 4268.37 4269.15 4271.07 4272.47 4273.8 4275.14 4276.74 4278.56 4280.59 4283.25 4286.66 4288.86 4292.03 4295.19 4298.44 4303.09 4308.41 4313.58 4319.04 4324.65 4330.33 4335.57 4340.57 4345.94 4339.87 4329.72 4321.05 4316.46 4313.39 4309.88 4308.62 4304.98 4304.78 4303.1 4301.18 4299.64 4297.79 4296.05 4294.64 4293.31 4292.12 4291.21 4289.84 4290.75 4293.26 4292.83 4293.38 4295.1 4297.36 4299.86 4303.4 4304.53 4303.61 4301.01 4294.98 4288.05 4296.23 4308.81 4325.39 4344.47 4356.86 4359.53 4361.5 4363.65 4365.29 4367.82
4266.35 4267.1 4268.75 4269.96 4271.36 4272.79 4274.2 4276.29 4277.09 4278.58 4280.18 4281.78 4285.43 4288.74 4291.94 4295.09 4300.34 4305.22 4310.09 4315.38 4320.59 4325.03 4329.79 4333.7 4333.65 4332.91 4326.95 4319.07 4314.97 4311.77 4308.25 4307.29 4305.6 4303.39 4301.44 4299.65 4297.64 4295.98 4294.64 4293.07 4291.62 4290.54 4289.89 4290.5 4293.13 4292.52 4292.58 4293.88 4295 4297.26 4300.38 4302.85 4304.39 4304.52 4301.36 4293.94 4284.67 4290.91 4302.12 4317.46 4336.58 4353.48 4355.44 4357.89 4361.43 4365.17 4368.49
4263.86 4266.23 4267.85 4269.19 4270.5 4271.9 4273.3 4274.51 4275.82 4276.93 4277.88 4279.57 4282.9 4286.22 4289.41 4292.3 4296.57 4300.72 4305.5 4310.6 4315.68 4321.45 4325.65 4328.21 4328.66 4327.57 4325.01 4321.88 4319.12 4311.31 4307.6 4305.64 4303.77 4301.3 4299.5 4297.96 4296.75 4295.29 4293.25 4291.35 4289.97 4288.79 4287.84 4288.63 4289.3 4291.26 4293.31 4291.99 4294.34 4297.37 4300.46 4302.55 4304.38 4306.11 4304.42 4297.81 4287.72 4288.35 4298.58 4311.01 4319 4330.69 4343.51 4350.52 4357.55 4364.35 4370.2
4265.13 4265.85 4266.92 4268.14 4269.47 4270.95 4272.72 4274.19 4274.96 4275.87 4277.07 4278.86 4281.36 4284.18 4287.27 4290.72 4293.46 4296.75 4301.71 4307.13 4312.28 4317.16 4321.58 4324.31 4324.8 4324.13 4322.51 4322.33 4328.82 4310.92 4305.61 4303.55 4300.66 4298.64 4297.45 4296.06 4294.93 4293.83 4291.43 4289.45 4287.9 4286.39 4285.56 4284.61 4285.29 4288.42 4289.91 4290.67 4293.51 4296.58 4299.75 4303.58 4308.43 4307.97 4308.24 4300.64 4285.62 4284.92 4295.48 4306.4 4310.89 4315.5 4328.85 4342.16 4353.32 4363.65 4373.48
4263.85 4265.05 4265.69 4266.83 4268.33 4269.83 4271.16 4272.63 4273.81 4275.07 4276.37 4277.84 4280.09 4282.26 4284.76 4287.92 4290.62 4292.85 4297.99 4303.14 4308.05 4312.2 4317.35 4321.33 4323.07 4320.42 4317.58 4313.49 4307.73 4307.71 4304.49 4301.6 4299.08 4297.13 4295.43 4293.96 4292.49 4291.24 4288.97 4287.12 4285.26 4284 4283.77 4284.5 4286.25 4285.97 4288.12 4291.02 4292.14 4294.66 4297.7 4299.96 4301.16 4307.09 4310.17 4301.49 4281.43 4279.59 4293.83 4306.98 4311.17 4312.48 4323.2 4336.49 4349.43 4361.97 4375.39
4264.54 4264.53 4265.46 4266.42 4267.1 4268.53 4270.6 4271.76 4272.72 4273.97 4275.52 4277.55 4278.82 4280.04 4281.47 4283.15 4284.6 4289.38 4294.29 4299.06 4303.69 4307.99 4312.14 4316.33 4318 4315.19 4312.44 4308.39 4306.14 4305.63 4303.38 4299.52 4297.52 4295.49 4293.2 4291.39 4289.73 4287.7 4286.31 4284.69 4283.1 4281.66 4280.48 4280.72 4282.85 4284.43 4286.9 4288.86 4290.16 4292.61 4295.3 4297.99 4301.04 4305.46 4307.9 4299.1 4284.52 4281.73 4293.97 4308.12 4313.01 4313.03 4321.6 4334 4346.07 4358.73 4370.91
4262.29 4263.32 4263.69 4263.95 4265.34 4266.76 4268.09 4269.84 4271.29 4272.79 4274.42 4275.69 4277.04 4277.97 4278.36 4278.87 4282.58 4287.28 4291.55 4296.11 4300.35 4304.28 4307.25 4308.26 4309.14 4309.51 4307.65 4304.3 4303.28 4304.09 4301.57 4297.36 4294.88 4292.23 4290.57 4288.81 4287.22 4286.16 4284.03 4282.09 4280.62 4279.32 4278.16 4278.67 4281.25 4284.71 4286.25 4284.65 4287.2 4289.97 4292.92 4295.84 4299.04 4302.8 4305.29 4296.34 4283.04 4280.04 4293.44 4309.41 4312.6 4313.09 4321.71 4332.47 4344.3 4355.77 4365.89
4261.29 4262.41 4262.15 4262.39 4263.82 4265.07 4266.25 4268.07 4269.72 4271.39 4273.26 4275.23 4276.6 4276.48 4276.28 4275.42 4279.27 4284.82 4288.76 4292.88 4296.96 4300.66 4303.24 4304.47 4305.04 4305.47 4304.33 4301.86 4301.25 4301.42 4298.2 4295.97 4292.9 4289.7 4288.04 4286.23 4284.38 4282.53 4280.77 4279.39 4278.37 4277.73 4277.4 4278.21 4280.08 4282.72 4284.15 4284.78 4285.8 4287.94 4290.68 4293.38 4295.42 4299.12 4301.16 4292.58 4280.99 4277.62 4292.09 4309.12 4312.58 4315.62 4323.97 4333.59 4343.41 4353 4362.76
4259.97 4261.15 4261.52 4262.4 4262.72 4263.69 4265.48 4266.5 4268.12 4269.85 4271.56 4273.38 4274.61 4275.03 4275.68 4277.75 4279.64 4282.77 4286.31 4290.48 4294.73 4298.45 4301.39 4303.63 4303.95 4303.47 4302.35 4300.77 4299.27 4298.54 4294.66 4295.06 4291.82 4289.2 4286.16 4283.64 4281.33 4279.53 4277.92 4276.31 4276.05 4276.52 4277.39 4278.18 4279.71 4279.97 4281.43 4283.82 4284.45 4286.61 4288.93 4291.46 4293.97 4297.06 4297.24 4289.5 4278.98 4275.67 4290.38 4309.23 4317.23 4320.7 4327.91 4335.72 4344.02 4351.83 4358.45
4258.27 4259.1 4259.6 4260.21 4260.82 4261.44 4262.5 4264.66 4266.52 4268.31 4269.81 4270.99 4271.72 4273.5 4274.8 4275.06 4277.63 4280.02 4283.65 4288.32 4293 4297.08 4300.35 4302.14 4302.91 4302 4300.41 4298.78 4297.89 4298.5 4295.32 4292.81 4290.54 4286.03 4284.45 4281.21 4277.94 4275.27 4273.37 4272.65 4273.49 4274.68 4276.72 4277.36 4278.16 4278.72 4280.49 4282.42 4283.34 4285.83 4287.82 4290.26 4292.88 4296.38 4298.42 4288.32 4277.34 4273.1 4289.61 4311.53 4324.85 4329.04 4332.57 4338.95 4346.36 4353.52 4358.9
