real_craters/C201-1000m.grd
DSAA
127 127
-63.07 63.07
-63.07 63.07
2578.0873736532 4935.165229239
[rows 90 to 119 of 127, columns 0 to 66 of 127]
3635.52 3719.11 3939.42 4156.08 4162.4 4093.66 3999.34 3966.47 3959.44 3962.27 3968.99 3968.93 3983.71 3992.88 4007.63 4016.98 4048.21 4024.03 3994.4 3982.57 3985.81 3988.59 3991.39 3994.71 4008.8 4035.05 4033.58 4021.74 4026.56 4035.39 4050.17 4066.26 4069.23 4081.02 4091.19 4104.76 4133.37 4169.04 4205.3 4174.96 4144.55 4134.01 4122.16 4111.38 4117.22 4118.1 4138.15 4143.82 4168.37 4178.45 4210.47 4257.69 4301.64 4305.54 4344.52 4385.47 4395.06 4331.34 4285.09 4261.03 4294.11 4365.75 4322.96 4286.29 4289.51 4193.19 4122.51
3611.95 3681.18 3917.73 4104.76 4176.25 4110.64 4005.54 3965.99 3960.13 3962.04 3974.57 3977.9 3987.31 4002.43 4018.01 4027.63 4051.27 4011.13 3978.05 3965.36 3967.03 3995.56 4007.28 4013.55 4029.33 4040.82 4047.13 4048.66 4034.14 4057.74 4082.65 4092.24 4105.32 4093.45 4089.34 4091.81 4098.46 4133.66 4162.27 4154.31 4126.97 4107.93 4105.01 4095.55 4094.21 4099.29 4131.28 4123.49 4195.23 4197.03 4176.67 4235.52 4303.92 4368.03 4358.48 4380.3 4344.17 4323.33 4284.71 4203.16 4214.38 4253.15 4250.57 4219.81 4207.59 4178.02 4120.04
3596.51 3683.27 3941.06 4207.19 4248.67 4119.84 4010.85 3967.18 3959.08 3961.3 3973.7 3984.56 3999.15 4018.35 4035.96 4046.97 4032.11 4007.89 3994.83 3995.14 3998.82 4016.69 4036.07 4041.67 4036.48 4044.93 4050.87 4051.49 4030.45 4059.26 4092.78 4098.57 4103.9 4093.15 4083.89 4078.45 4074.85 4082.31 4122.93 4115.37 4099 4086.24 4088.92 4085.25 4090.56 4101.12 4137.08 4135.31 4184.66 4182.65 4161.65 4217.84 4310.9 4371.35 4357.81 4349.46 4262.4 4247.79 4226.83 4170.09 4151.78 4158.63 4163.18 4177.58 4155.43 4152.28 4133.01
3615.2 3734.65 3975.02 4251.71 4267.27 4093.85 4002.6 3974.11 3963.62 3962.17 3977.78 3994.37 4020.28 4035.99 4041.28 4028.97 4012.58 4011.14 4015.83 4017.3 4028.45 4036.97 4046.37 4044.71 4039.76 4045.05 4053.72 4041.89 4035.85 4053.36 4074.87 4084.47 4087.98 4083 4074.31 4064.91 4061.43 4065.27 4086.09 4071.57 4070.54 4071.67 4077.79 4082.63 4094.6 4099.2 4120.16 4152.97 4134.02 4140.19 4150.99 4197.02 4240.41 4240.31 4199.24 4194.12 4211.46 4233.43 4188.56 4142.2 4126.41 4127.95 4140.55 4172.84 4170.68 4150.38 4127.37
3680.36 3787.82 3985.85 4176.23 4172.92 4049.89 3991.23 3977.78 3972 3961.27 3972.39 3994.52 4024.83 4050.39 4043.14 4032.81 4019.04 4009.95 4009.92 4027.26 4040.92 4040.76 4039.61 4034.24 4050.47 4051.09 4056.77 4056.87 4065.13 4064.37 4070.61 4071.85 4070.44 4069.73 4062.29 4050.82 4035.27 4028.1 4032.31 4036.8 4052.17 4062.16 4075.9 4083.6 4092.4 4108.66 4120.38 4107.32 4095.07 4109.71 4133.89 4153.45 4185.77 4153.23 4108.57 4107.01 4158.19 4157.84 4109.11 4109.81 4113.27 4123.71 4165.17 4189.81 4173.6 4151.12 4135.45
3800.02 3958.17 4113.9 4140.64 4086.78 4025.2 3990.26 3976.72 3966.27 3961.31 3972.94 3987.76 4025.38 4050.54 4046.52 4047.62 4024.36 4012.63 4018.53 4036.69 4052.89 4047.77 4032.45 4021.86 4039.36 4065.38 4053.56 4049.65 4078.81 4078.39 4071.15 4072.56 4068.62 4061.37 4053.24 4042.56 4023.96 4013.13 4033.67 4046.37 4051.02 4071.14 4081.37 4094.28 4098.7 4113.59 4097.28 4059.31 4073.84 4068.67 4085.83 4092.89 4127.57 4128.74 4112.04 4088.46 4108.13 4078.12 4055.19 4075.61 4093.8 4103.04 4139.12 4161.27 4159.49 4139.05 4114.51
4006.6 4114.63 4231.09 4133.51 4048.91 4018.69 3995.3 3979.19 3966.55 3962.89 3973.76 4002.4 4035.82 4034.27 4039.69 4040.83 4029.51 4016.39 4021.81 4036.16 4052.55 4054.18 4041.3 4036.78 4039.87 4049.83 4049.58 4054.77 4076.3 4072.16 4065.85 4062.04 4058.91 4052.81 4045.83 4040.23 4038.78 4023.99 4040.52 4043.89 4033.13 4043.39 4080.13 4099.62 4106.78 4095.42 4061.72 4057.02 4067.6 4038.04 4059.77 4045.19 4070.84 4074.28 4071.62 4069.79 4064.69 4048.67 4032.13 4055.79 4076.89 4076.67 4116.21 4117.6 4121.24 4113.42 4129.89
4147.88 4189.7 4151.01 4090.16 4027.92 4021.79 3998.58 3979.63 3970.09 3978.78 3994.17 4013.54 4030.7 4034.92 4044.96 4043.99 4026.46 4015.88 4022.66 4045.5 4049.03 4039.65 4031.35 4029.38 4056.8 4040.05 4035.55 4049.14 4057.67 4062.66 4059.89 4058.09 4053.02 4047.93 4043.06 4039.11 4039.61 4022.5 4020.34 4029.6 4033.95 4047.33 4079.42 4096.46 4095.75 4095.67 4057.38 4064.97 4050.22 4024.5 3999.95 4021.13 4032.5 4037.91 4046.65 4057.34 4052.28 4015.16 4012 4030.66 4046.12 4039.54 4027.88 4013.35 4051.73 4068.57 4085.61
4165.98 4119.26 4065.08 4040.71 4015.6 4005.18 3994.45 3979.5 3972 3984.81 4001.06 4018.57 4030.33 4042.36 4055.99 4049.64 4030.23 4018.46 4021.79 4035.14 4046.65 4039.75 4023.19 4021.76 4033.77 4033.52 4037.46 4043.87 4040.72 4045.88 4051.19 4046.63 4044.09 4040.26 4036.24 4031.34 4014.11 4012.21 4006.69 4007.99 4022.53 4046.79 4072.16 4069.59 4057.56 4099.57 4062.53 4060.74 4051.24 4013.31 3999.23 4030.67 4045.29 4043.98 4040.02 4043.68 4028.9 4001.71 4003.27 4014.25 4013.47 4009.62 3983.58 3993.84 4001.06 4020.77 4034.67
4090.58 4056.52 4028.93 4016.67 4009.45 4000.5 3990.64 3981.82 3981.56 3997.98 4013.19 4023.8 4033.53 4040.12 4046.8 4040.07 4023.27 4019.48 4019.07 4037.93 4054.18 4047.2 4020.77 4017.65 4025.16 4023.15 4032.31 4041.9 4035.02 4037.25 4043.53 4037.22 4033.37 4030.22 4026.31 4023.14 4023.68 4012.46 4017.51 4020.81 4026.77 4028.01 4026.36 4020.01 4008.54 4086.64 4039.38 4034.23 4036.21 3993.25 3982.82 4000.37 4032.24 4064.11 4055.67 4001.32 3996.79 4014.49 4015.57 4013.02 4002.78 4004.7 3978.02 3967.81 3973.78 3991.9 4016.99
4039.91 4029.02 4010.92 4008.45 4010.79 3999.06 3990.78 3984.14 3990.42 4010.55 4019.28 4026.71 4034.92 4040.11 4041.39 4030.67 4013.24 4025.98 3988.56 4031.7 4041.68 4020.82 4012.49 4014.03 4015.81 4014.57 4024.97 4028.67 4025.61 4013.02 4035.03 4027.77 4025.66 4021.95 4016.66 4012.61 4013.28 4025.08 4041.19 4033.73 4026.01 4010.52 3990.39 3986.75 4008.35 4073.28 4018.18 4000.29 4011.16 3981.48 3989.79 4012.12 4028.29 4040.9 4026.21 3957.4 3978.38 3998.14 4030.79 4021.13 4000.91 3991.45 3966.07 3956.81 3958.01 3972.63 3993.1
4011.2 4006.45 4001.51 4002.54 4004.72 3999.45 3994.41 3990.58 3997.37 4010.44 4014 4021.65 4040.79 4045.19 4041.33 4028.45 4005.7 4002.3 3979.46 4018.4 4009.22 4005.87 4008.4 4006.45 3998.56 4013.03 4021.83 4010.6 4005.94 3999.8 4022.85 4023.88 4018.35 4013.63 4009.68 4007.38 4011.84 4032.23 4040.72 4029.5 4018.77 3995.52 3973.34 3973.25 3991.38 4033.17 4020.18 3984.4 3985.6 3978.94 4004 4039.65 4018.03 4000.52 3954.03 3934.61 3982.62 4019.45 4059.07 4019.71 3992.8 3975.36 3957.69 3951.92 3951.46 3970.99 3987.71
3999.65 3998.08 3997.01 4004.03 4007.6 4005.05 3999.07 3997.23 4000.11 4003.73 4008.86 4007.76 4012.77 4017.8 4001.95 3998.58 3989.86 3985.64 4025 4014.83 4002.51 4003.9 4006.81 4003.24 3987.46 3996.87 4001.29 4006.33 4012.56 4020.51 4028.16 4014.92 4011.71 4008.53 4005.89 4001.77 4002.15 4018.66 4034.14 4014.23 3989.52 3975.46 3963.96 3964.11 3967.46 3997.48 4016.63 3965.9 3966.63 3970.49 3986.38 3989.17 3986.84 3957.21 3919.37 3928.41 3973.59 3989.65 3990.47 3995.91 3983.97 3964.92 3961.74 3964.05 3961.83 3972.41 3988.14
3991.71 3999.04 4003.99 4012.52 4012.79 4001.83 3997.34 4000.95 4001.41 4007.07 4023 4009.42 3992.33 3982.65 3978.39 3973.91 3979.05 3990.91 4003.42 3992.44 3993.59 3998.82 3995.19 3990.48 3986.66 3994 3995.97 4000.83 4032.91 4022.04 4022.34 4009.67 4004.86 4004.55 4005.02 4003.51 4005.42 4006.21 4006.13 3997 3964.64 3958.38 3955.41 3958.59 3954.94 3973.5 3993.98 3956.64 3962.95 3960.14 3974.41 3956.02 3946.91 3929.14 3909.87 3923.71 3968.69 3974.91 3981.07 3982.34 3973.65 3963.4 3971.69 3968.79 3962.83 3966.83 3978.47
3991.92 4004.36 4016.31 4013.03 3991.19 3986.69 3991.67 3996.28 3988.52 3987.33 3980.25 3970.04 3972.77 3978.05 3973.21 3971.54 3971.08 3965.73 3969.29 3991.13 3994.51 3992.22 3990.08 3989.12 3991.21 3995.93 4001.82 4009.19 4017.83 4011.09 3997.59 3997.2 3998.37 4001.35 4005.09 4009.22 3996.38 3981.85 3978.19 3977.15 3961.22 3953.89 3956.03 3954.72 3949.89 3972.85 3978.1 3959.16 3960.77 3959.47 3962.37 3936.63 3928.27 3925.96 3922.44 3918.42 3927.63 3948.96 3970.97 3973.75 3967.73 3964.22 3968.23 3968.51 3967.81 3967.51 3974.44
3984.64 3977.7 3971.01 3995.55 4008.3 4000.07 3983 3964.18 3961.38 3951.89 3953.84 3965.96 3972.19 3970.63 3975.82 3977.6 3976 3970.53 3979.42 4008.69 4014.75 3991.18 4000.23 3999.34 3997.27 4000.27 4001.78 4027.28 4006.93 3988.74 3982.04 3985 3989.7 3993.58 3997.14 3995.83 3970.95 3964.7 3961.87 3962.38 3957.02 3950.78 3949.42 3948.93 3950.61 3965.12 3927.96 3950.01 3945.54 3948.73 3939.53 3932.19 3930.02 3924.57 3927.23 3919.37 3934.41 3941.63 3952.65 3960.98 3966.81 3972.33 3968.88 3969.5 3972.77 3979.57 3980.96
3991.88 3979.15 4005.04 4011.55 3999.46 3991.98 3970.97 3943.2 3947.59 3952.27 3954.84 3966.74 3975.33 3976.97 3977.03 3981.39 3988.24 3999.9 3991.13 3994.79 3992.36 3987.2 3990.05 3996.8 4008.47 4013.7 3994.44 3990.88 3988.87 3980.05 3977.86 3978.49 3979.14 3978.93 3979.4 3976.99 3957.81 3960.24 3958.48 3953.9 3952.62 3949.27 3947.79 3947.49 3956.53 3959.13 3930.61 3940.86 3932.27 3932.27 3936.61 3933.05 3931.51 3920.11 3915.07 3916.5 3928.18 3936.84 3943.95 3950.13 3957.63 3967.18 3975.15 3978.51 3983.09 3992.26 3989.69
4024.33 3987.61 3982.13 3982.98 3981.93 3973.81 3963.01 3955.62 3950.9 3951.23 3959.35 3973.8 3980.32 3986.71 3987.13 3998.67 3994.84 3989.8 3984.6 3985.47 3986.27 3982.62 3980.01 3988.21 3994.17 3992.68 3987.82 3979.39 3970.49 3977.2 3975.07 3973.25 3968.95 3963.49 3956.39 3947.73 3947.75 3954.85 3962.15 3961.46 3957.41 3952.33 3947.86 3949.38 3962.63 3947.23 3916.94 3935.48 3932.62 3925.77 3919.76 3924.92 3927.77 3922.13 3922.06 3932 3939.42 3941.3 3940.68 3942.44 3954.32 3968.09 3984.79 3993.05 4005.39 4000.56 3992.34
3995.76 3988.85 3983.23 3954.1 3946.83 3942.21 3943.88 3963.23 3947.37 3951.87 3965.96 3974.17 3976.49 3969.22 3971.29 3997.15 3992.3 3985.31 3988.17 3984.3 3971.4 3977.04 3979.22 3981.18 3982.27 3978.84 3977.32 3972.79 3977.6 3967.48 3974.6 3966.06 3959.02 3950.76 3941.09 3934.91 3944.63 3949.9 3952.98 3952.35 3943.82 3938.73 3941.19 3937.76 3955.08 3943.62 3924.28 3917.42 3925.55 3921.49 3913.93 3919.4 3922.17 3925.18 3936.68 3936.51 3940.88 3951.99 3949.18 3953.64 3972.85 3981.31 3987.05 4000.94 4015.48 4011.04 3997.67
3988.75 3975.1 3966.66 3953.35 3937.41 3925.1 3919.8 3924.28 3915.01 3925.74 3949.63 3966.73 3979.13 3988.2 3979.61 3986.91 3984.15 3985.1 3988.47 3986.71 3975.65 3977.28 3978.2 3974.52 3971.95 3953.04 3962.85 3954.26 3957.03 3958.57 3958.32 3958.7 3949.8 3942.5 3936.05 3935.12 3944.04 3944.37 3943.46 3939.11 3934.19 3937.54 3938.39 3935.77 3936.93 3934.8 3923.23 3900.51 3913.89 3908.56 3915.69 3918.22 3922.69 3927.37 3932.8 3934.33 3943.87 3954.31 3962.5 3978.68 3995.32 3993.67 3993.48 4009.44 4024.71 4016.72 4003.01
3960.49 3955.41 3969 3974.71 3928.85 3919.83 3923.01 3906.14 3898.34 3917.54 3947.18 3954.02 3969.93 3983.36 3977.63 3970.77 3972.66 3972.03 3983.16 3986.19 3968.73 3969.72 3969.2 3964.35 3955.87 3951.7 3956.52 3945.81 3948.9 3955.48 3942.23 3938.44 3942.34 3938.53 3934.37 3935.19 3940.23 3938.11 3935.18 3933.15 3934.31 3939.44 3934.31 3927.2 3924.27 3921.13 3912.48 3898.52 3903.26 3901.38 3911.38 3908.41 3915.89 3914.67 3916.81 3927.85 3939.3 3954.46 3968.62 3980.88 4005.18 4002.62 4003 4013.83 4025.24 4010 4007.69
3934.52 3931.82 3945.94 3975.68 3927.53 3913.2 3907.37 3905.64 3914.5 3916.25 3922.22 3931.58 3943.08 3952.97 3953.03 3967.43 3967.15 3967.62 3976.23 3985.9 3969.26 3968.4 3962.82 3955.88 3946.81 3952.14 3945.25 3944.9 3948.03 3947.16 3946.83 3947.58 3944.03 3938.22 3932.38 3935.36 3931.84 3932.52 3932.52 3936.67 3932.86 3933.39 3924.26 3911.65 3903.06 3907.79 3904.4 3895.59 3898.09 3900.07 3906.93 3904.92 3909.62 3911.87 3920.46 3929.4 3941.89 3964.25 3975.34 3987.99 4004.02 3999.82 3999.46 4008.83 4013.64 4008.07 4010.82
3920.27 3920.2 3923.14 3929.88 3916.16 3907.54 3901.15 3903.92 3907.48 3910.58 3909.07 3916.74 3931.53 3939.47 3947.72 3963.31 3959.74 3957.57 3967.83 3963.11 3963.03 3962.87 3959.35 3950.77 3946.26 3948.25 3942.27 3939.64 3944.2 3942.58 3943.97 3955.05 3945.85 3937.17 3932.98 3936 3931.74 3929.86 3931.14 3932.44 3923.72 3916.71 3908.42 3900.04 3894.82 3898.13 3900.99 3895.31 3895.19 3898.53 3895.86 3901.49 3907.24 3908.18 3923.88 3940.02 3953.26 3970.4 3978.8 3985.25 3997.83 4002.11 4007.8 4009.49 4004.07 4003.52 4011.3
3924.47 3921.62 3916.59 3915.12 3915.99 3909.86 3896.3 3899.48 3905.53 3906.17 3904.27 3912.55 3924.27 3931.23 3940.23 3944.81 3945.41 3951.14 3956.6 3955.51 3960.53 3959.7 3952.83 3946.15 3939.72 3939.87 3939.18 3942.05 3942.1 3936.06 3947.94 3958.68 3942.9 3934.65 3928.04 3926.32 3927.01 3927.2 3928.81 3926.76 3910.95 3895.93 3889.25 3891.93 3889.73 3884.34 3885.92 3895.78 3893.55 3893.77 3892.76 3904.14 3901.23 3907.91 3926.04 3947.81 3950.27 3967.93 3977.67 3984.36 3992.26 4003.19 4026.18 4011.4 4001.73 4003.45 4007.95
3939.05 3928.19 3909.5 3918.45 3917.96 3911.14 3908.73 3897.22 3911.31 3904.22 3904.51 3909.21 3915.85 3924.08 3927.31 3931.06 3930.42 3942.07 3945.84 3949.04 3953.67 3951.27 3943.37 3940.51 3938.96 3935.15 3935.63 3939.64 3940.94 3935.63 3930.62 3941.98 3936.25 3932.25 3926.38 3920.31 3918.89 3922.35 3924.96 3915.25 3892.73 3879.05 3881.33 3887.39 3882.67 3873.22 3871.97 3881.5 3889.15 3896.89 3893.82 3917.37 3913.24 3910.47 3925.43 3942.35 3947.16 3957.3 3967.93 3979.48 3994.44 4001.33 4003.48 4003.4 4001.6 4002.37 4006.7
3919.59 3914.2 3910.93 3910.85 3903.19 3897.89 3893.05 3898.25 3903.29 3899.01 3899.11 3911.38 3920.03 3922.51 3923.51 3924.17 3928.18 3934.26 3936.17 3938.98 3944.26 3938.2 3934.41 3934.48 3934.33 3933.11 3934.3 3939.43 3938.33 3932.91 3927.3 3928.37 3925.26 3930.49 3937.42 3915.56 3911.97 3913.38 3918.27 3902.2 3886.36 3884.47 3881 3880.69 3878.81 3872.97 3868.69 3871.59 3886.67 3898.53 3899.56 3930.83 3934.84 3913.98 3927.28 3947.7 3945.18 3951.68 3960.27 3971.93 3996.32 4002.37 4003.17 4001.13 4002.57 4002.45 4014.2
3908.07 3929.64 3923.17 3904.39 3896.04 3893.08 3897.68 3899.54 3900.33 3895.04 3896.98 3906.43 3913.96 3913.15 3919.77 3924.32 3923.41 3928.01 3933.53 3934.33 3936.17 3934.01 3927.95 3930.32 3932.06 3933.46 3938.06 3938.72 3931.15 3931.67 3924.74 3920.13 3924.06 3922.62 3912.95 3907.72 3902.7 3900.51 3901.06 3887.52 3878.64 3884.67 3885.44 3882.85 3882.69 3882.89 3879.4 3878.9 3887.74 3896.84 3900.44 3912.91 3921.89 3923.29 3931.98 3939.24 3948.58 3956.81 3963.42 3971.09 3996.07 3994.76 3998.88 3998.8 4000.27 4006.14 4016.54
3913.07 3939.62 3930.72 3906.66 3896.03 3884.63 3890.54 3902.58 3900.32 3891.12 3891.31 3897.86 3906.75 3907.9 3917.6 3924.24 3921.34 3926.87 3935.54 3937.7 3932.95 3932.81 3929.32 3929.25 3930.35 3932.29 3937.61 3938.08 3929.99 3930.42 3920.4 3917.95 3921.94 3917.64 3909.38 3897.21 3893.18 3887.08 3878.67 3878.48 3875.45 3880.22 3880.6 3887.91 3885.29 3883.88 3885.62 3887.12 3889.04 3893.51 3900.41 3909.47 3933.84 3934.89 3938.01 3940.19 3953.21 3960.01 3965.08 3977.75 3989.56 3992.7 3997.62 4002.52 4002.39 4002.6 4003.32
3921.24 3920.62 3919.68 3907.97 3902.78 3886.49 3889.02 3891.56 3897.05 3892.37 3894.27 3904.66 3906.56 3914.24 3916.11 3917.14 3923.44 3928.48 3935.88 3937.25 3943.23 3935.97 3932.26 3924.56 3925.42 3929.19 3933.29 3937.97 3942.47 3929.97 3922.54 3922.57 3918.35 3913.37 3906.38 3894.35 3887.43 3882.49 3879.97 3882.31 3882.29 3878.94 3879.33 3880.81 3884.02 3884.66 3886.89 3888.43 3889.1 3895.85 3912.48 3922.53 3946.4 3939.05 3941.33 3945.27 3951.95 3959.39 3966.75 3974.83 3984.32 3990.54 3998.29 4003.41 4003.94 4007.28 4023.9
3924.96 3926.28 3917.75 3902.35 3893.82 3887.81 3876.14 3877.81 3890.07 3891.98 3885.23 3892.51 3894.23 3907.54 3911.26 3915.38 3923.51 3929.42 3939.43 3935.07 3931.99 3933.2 3922.8 3916.41 3922.16 3930.14 3934.33 3938.3 3928.12 3933.29 3929.55 3922.35 3917.96 3909.14 3893.51 3884.92 3883.29 3881.37 3882.54 3887.23 3888.54 3880.2 3876.68 3880.73 3883.95 3886.57 3887.51 3888.34 3891.2 3897.97 3908.85 3928.19 3945.99 3931.26 3933.92 3942.08 3952.83 3961.51 3967.14 3977.93 3987.97 3994.92 3998.86 4001.78 4007.1 4016.95 4050.75
