real_craters/C201-750m.grd
DSAA
295 295
-110.3725 110.3725
-110.3725 110.3725
2884.2389796777 5304.6884108824
[rows 114 to 151 of 295, columns 0 to 83 of 295]
4336 4337 4338 4326 4307 4285 4274 4276 4279 4276 4262 4253 4263 4287 4314 4334 4343 4350 4355 4357 4360 4362 4361 4359 4356 4354 4357 4361 4369 4367 4355 4349 4350 4352 4355 4358 4360 4362 4364 4365 4365 4365 4364 4361 4350 4331 4302 4293 4275 4255 4242 4246 4261 4269 4289 4313 4324 4329 4338 4347 4353 4356 4357 4358 4359 4362 4366 4368 4367 4370 4374 4375 4375 4374 4375 4376 4379 4385 4392 4396 4408 4421 4437 4461
4333 4333 4334 4320 4291 4261 4252 4260 4267 4257 4248 4246 4264 4285 4305 4314 4337 4344 4351 4355 4358 4358 4358 4355 4352 4345 4330 4324 4365 4336 4329 4335 4340 4344 4346 4350 4355 4358 4360 4360 4361 4361 4361 4357 4350 4336 4315 4300 4273 4249 4237 4244 4259 4278 4297 4314 4325 4334 4342 4348 4353 4355 4356 4357 4359 4362 4365 4367 4368 4369 4375 4376 4376 4375 4376 4374 4378 4384 4391 4399 4413 4425 4437 4458
4329 4328 4317 4305 4274 4252 4243 4245 4244 4239 4239 4263 4265 4284 4308 4340 4339 4344 4348 4354 4355 4356 4356 4355 4353 4351 4351 4354 4361 4329 4317 4327 4332 4334 4334 4340 4349 4355 4348 4352 4356 4357 4357 4356 4352 4350 4349 4307 4270 4241 4228 4242 4264 4287 4306 4317 4326 4338 4345 4350 4353 4355 4356 4357 4357 4359 4365 4368 4368 4371 4374 4376 4376 4376 4375 4375 4378 4383 4388 4405 4425 4438 4442 4461
4310 4259 4246 4254 4250 4244 4242 4238 4236 4236 4235 4237 4263 4278 4296 4312 4317 4321 4337 4352 4354 4356 4356 4357 4357 4360 4363 4361 4362 4348 4345 4336 4329 4324 4320 4323 4337 4350 4355 4352 4349 4348 4349 4351 4346 4344 4349 4310 4265 4233 4224 4248 4279 4312 4335 4341 4347 4346 4348 4352 4351 4354 4356 4357 4357 4359 4364 4368 4369 4370 4373 4375 4376 4377 4379 4381 4386 4385 4384 4410 4441 4473 4492 4485
4283 4228 4210 4216 4229 4233 4234 4234 4235 4236 4245 4257 4264 4273 4280 4282 4299 4313 4329 4340 4350 4354 4355 4356 4359 4362 4365 4364 4361 4360 4361 4345 4332 4321 4309 4298 4293 4319 4350 4344 4336 4334 4333 4329 4323 4316 4307 4274 4252 4233 4233 4260 4296 4332 4356 4356 4354 4352 4349 4352 4355 4357 4357 4356 4357 4357 4364 4369 4371 4372 4376 4376 4376 4375 4377 4383 4390 4388 4388 4417 4445 4481 4526 4492
4273 4224 4210 4213 4222 4226 4229 4231 4236 4243 4260 4270 4266 4269 4273 4282 4310 4346 4331 4319 4333 4347 4352 4357 4360 4362 4363 4363 4358 4359 4363 4350 4338 4322 4303 4278 4246 4272 4322 4314 4309 4310 4310 4306 4295 4280 4259 4245 4244 4244 4254 4278 4309 4338 4358 4363 4361 4357 4350 4339 4358 4360 4360 4357 4356 4358 4361 4369 4375 4373 4378 4376 4374 4375 4378 4385 4390 4392 4396 4411 4429 4436 4442 4456
4246 4222 4221 4224 4224 4225 4226 4231 4242 4259 4281 4304 4276 4268 4270 4274 4293 4322 4327 4323 4339 4346 4351 4356 4360 4362 4363 4363 4362 4363 4361 4352 4340 4325 4307 4283 4251 4241 4245 4266 4276 4280 4281 4277 4266 4249 4228 4231 4241 4253 4271 4294 4319 4343 4377 4365 4367 4362 4358 4361 4363 4361 4358 4356 4351 4346 4361 4366 4371 4370 4375 4374 4373 4373 4399 4390 4391 4395 4403 4419 4420 4410 4411 4427
4216 4225 4231 4230 4226 4226 4227 4231 4245 4266 4282 4281 4266 4265 4265 4267 4273 4296 4325 4346 4349 4346 4353 4359 4363 4362 4362 4362 4363 4363 4361 4354 4341 4328 4316 4304 4290 4242 4217 4229 4245 4252 4252 4250 4250 4238 4226 4221 4253 4270 4285 4307 4326 4344 4361 4363 4365 4364 4363 4365 4363 4360 4357 4357 4361 4369 4367 4362 4358 4357 4367 4378 4385 4377 4383 4396 4396 4395 4403 4421 4418 4403 4403 4416
4219 4231 4233 4228 4225 4225 4226 4232 4243 4255 4259 4260 4269 4267 4267 4268 4273 4296 4327 4352 4352 4351 4355 4361 4364 4362 4361 4361 4360 4359 4358 4352 4340 4331 4323 4317 4303 4244 4210 4213 4224 4230 4241 4245 4245 4245 4251 4266 4293 4296 4305 4318 4332 4346 4356 4360 4360 4360 4363 4365 4361 4357 4354 4355 4356 4357 4351 4351 4357 4362 4366 4394 4432 4436 4431 4437 4418 4406 4425 4425 4417 4401 4402 4414
4224 4230 4229 4225 4222 4222 4224 4232 4241 4249 4253 4256 4261 4269 4272 4275 4281 4300 4331 4352 4353 4356 4359 4364 4370 4369 4370 4355 4359 4358 4353 4335 4335 4330 4324 4314 4290 4244 4213 4206 4209 4212 4216 4231 4246 4261 4285 4322 4329 4314 4320 4328 4337 4346 4353 4355 4352 4352 4356 4357 4355 4353 4353 4351 4343 4334 4326 4338 4352 4360 4364 4411 4497 4589 4565 4506 4462 4427 4427 4422 4414 4401 4407 4420
4224 4226 4224 4219 4216 4218 4222 4231 4243 4251 4257 4263 4273 4277 4281 4285 4291 4306 4334 4352 4354 4358 4360 4363 4369 4384 4289 4322 4352 4356 4357 4345 4337 4329 4318 4303 4276 4237 4213 4206 4206 4205 4212 4227 4249 4273 4302 4334 4344 4344 4335 4335 4339 4345 4351 4351 4347 4346 4347 4347 4346 4344 4349 4349 4348 4332 4316 4330 4347 4361 4359 4413 4520 4606 4599 4552 4508 4473 4427 4424 4418 4418 4421 4431
4226 4228 4220 4211 4208 4215 4224 4237 4250 4258 4267 4273 4278 4283 4287 4290 4291 4309 4336 4351 4355 4356 4358 4357 4351 4327 4332 4331 4349 4354 4353 4351 4339 4323 4308 4292 4267 4232 4215 4210 4211 4208 4214 4233 4257 4282 4310 4335 4346 4345 4339 4337 4340 4344 4347 4347 4340 4337 4343 4339 4337 4337 4340 4348 4346 4330 4316 4324 4342 4356 4359 4420 4521 4601 4605 4567 4536 4511 4466 4440 4424 4430 4435 4446
4236 4233 4220 4206 4202 4218 4237 4257 4265 4268 4266 4271 4281 4289 4294 4299 4300 4314 4339 4352 4353 4355 4356 4355 4349 4340 4321 4337 4348 4352 4349 4346 4329 4311 4296 4279 4255 4229 4216 4215 4217 4222 4225 4245 4267 4292 4315 4333 4341 4340 4336 4336 4337 4340 4343 4345 4338 4328 4344 4335 4327 4332 4338 4347 4347 4330 4314 4321 4338 4351 4397 4486 4523 4534 4558 4555 4538 4527 4499 4462 4437 4432 4449 4463
4235 4229 4218 4209 4207 4228 4252 4268 4282 4288 4284 4284 4290 4295 4300 4309 4322 4318 4334 4348 4352 4354 4356 4356 4355 4355 4354 4349 4350 4351 4342 4324 4302 4293 4283 4267 4246 4226 4218 4219 4225 4237 4248 4256 4275 4296 4317 4335 4333 4317 4327 4330 4332 4334 4337 4341 4337 4337 4343 4314 4323 4330 4336 4345 4346 4333 4317 4326 4339 4348 4403 4510 4536 4541 4543 4543 4528 4494 4488 4478 4471 4461 4471 4482
4226 4220 4218 4218 4226 4245 4266 4291 4304 4314 4324 4313 4302 4298 4308 4310 4303 4317 4337 4346 4351 4355 4356 4357 4357 4358 4357 4354 4354 4352 4338 4303 4280 4278 4273 4267 4243 4222 4218 4220 4225 4230 4242 4256 4276 4297 4318 4336 4342 4332 4327 4326 4326 4325 4325 4333 4330 4337 4342 4335 4328 4330 4334 4340 4340 4339 4342 4343 4345 4351 4389 4502 4519 4553 4537 4532 4531 4523 4497 4494 4486 4498 4500 4506
4218 4213 4218 4227 4244 4259 4285 4294 4307 4327 4345 4326 4320 4322 4317 4316 4314 4308 4328 4342 4349 4354 4356 4356 4356 4356 4356 4355 4354 4353 4344 4317 4288 4274 4262 4253 4236 4223 4221 4223 4224 4220 4230 4250 4269 4289 4308 4329 4343 4339 4329 4323 4319 4313 4308 4302 4313 4335 4341 4339 4333 4330 4331 4337 4343 4341 4341 4343 4348 4352 4370 4460 4454 4466 4496 4518 4541 4566 4526 4522 4522 4525 4524 4526
4208 4207 4217 4231 4246 4261 4273 4285 4299 4322 4331 4314 4323 4333 4310 4302 4304 4306 4321 4336 4345 4351 4355 4354 4354 4356 4356 4355 4353 4351 4350 4337 4308 4280 4252 4227 4228 4227 4226 4228 4228 4223 4230 4244 4257 4271 4286 4307 4334 4338 4328 4320 4313 4307 4300 4290 4305 4331 4341 4339 4335 4330 4325 4321 4327 4335 4341 4346 4350 4354 4358 4362 4381 4398 4453 4497 4532 4553 4558 4552 4545 4541 4538 4541
4202 4206 4218 4233 4250 4261 4267 4278 4290 4310 4319 4307 4307 4301 4272 4221 4248 4305 4321 4333 4341 4345 4348 4351 4351 4353 4354 4353 4353 4351 4351 4349 4328 4291 4252 4228 4228 4231 4233 4237 4240 4241 4243 4248 4254 4261 4266 4275 4290 4316 4310 4307 4305 4303 4303 4307 4319 4333 4341 4338 4335 4329 4321 4314 4319 4331 4340 4349 4351 4354 4357 4356 4361 4376 4428 4481 4524 4562 4618 4567 4534 4533 4543 4550
4200 4207 4221 4237 4252 4266 4276 4280 4288 4302 4306 4298 4290 4278 4260 4251 4251 4304 4326 4325 4335 4349 4352 4351 4351 4351 4352 4352 4352 4353 4351 4352 4346 4297 4254 4227 4226 4232 4239 4247 4254 4258 4257 4256 4254 4252 4249 4242 4237 4266 4279 4287 4295 4303 4310 4320 4332 4337 4341 4339 4336 4331 4323 4313 4319 4331 4340 4347 4351 4353 4352 4355 4353 4372 4420 4470 4518 4551 4568 4554 4535 4535 4558 4564
4201 4210 4224 4239 4255 4269 4280 4282 4287 4304 4309 4293 4283 4273 4270 4280 4282 4282 4287 4305 4320 4339 4350 4352 4349 4352 4351 4350 4350 4350 4352 4351 4336 4289 4252 4232 4229 4234 4244 4255 4266 4272 4270 4264 4257 4250 4241 4227 4217 4226 4254 4274 4288 4302 4314 4327 4337 4339 4341 4341 4339 4337 4336 4338 4333 4336 4341 4347 4350 4353 4355 4352 4350 4370 4414 4467 4515 4536 4523 4556 4624 4599 4597 4585
4203 4214 4228 4243 4257 4270 4279 4286 4290 4314 4317 4299 4285 4278 4275 4276 4277 4275 4275 4289 4301 4311 4329 4347 4355 4354 4351 4347 4345 4347 4351 4344 4321 4270 4245 4233 4233 4237 4246 4260 4275 4286 4279 4269 4262 4255 4243 4229 4219 4221 4246 4268 4285 4302 4316 4329 4340 4341 4341 4342 4342 4343 4345 4348 4343 4340 4340 4343 4350 4350 4351 4349 4348 4367 4408 4462 4533 4563 4568 4560 4558 4645 4634 4603
4210 4220 4232 4246 4259 4271 4282 4293 4309 4327 4323 4301 4288 4285 4283 4278 4279 4280 4278 4283 4289 4293 4311 4347 4354 4358 4350 4343 4338 4339 4349 4337 4275 4246 4239 4231 4229 4233 4243 4257 4274 4283 4278 4270 4264 4260 4255 4247 4241 4248 4258 4276 4291 4306 4319 4331 4340 4344 4343 4344 4345 4345 4346 4346 4344 4340 4336 4336 4344 4345 4348 4350 4348 4363 4395 4435 4484 4545 4611 4579 4541 4634 4648 4610
4217 4226 4238 4250 4263 4274 4285 4295 4304 4314 4315 4301 4291 4293 4299 4290 4284 4281 4281 4283 4287 4296 4323 4351 4354 4352 4345 4336 4327 4316 4317 4332 4276 4255 4243 4230 4224 4227 4235 4247 4259 4270 4268 4264 4264 4266 4273 4285 4288 4285 4279 4285 4296 4309 4321 4332 4342 4346 4346 4345 4346 4346 4346 4345 4342 4338 4332 4324 4326 4338 4341 4341 4344 4357 4377 4400 4416 4490 4560 4556 4553 4636 4645 4607
4219 4231 4243 4255 4266 4277 4287 4295 4302 4311 4310 4303 4297 4297 4302 4297 4290 4284 4286 4287 4288 4295 4320 4345 4352 4348 4337 4327 4317 4305 4299 4300 4287 4286 4256 4232 4221 4220 4225 4231 4237 4245 4253 4257 4261 4267 4278 4303 4303 4292 4290 4290 4302 4311 4321 4332 4343 4346 4347 4348 4347 4346 4344 4343 4339 4336 4333 4332 4338 4335 4338 4334 4340 4351 4365 4382 4407 4448 4494 4550 4583 4608 4617 4591
4224 4236 4247 4259 4270 4280 4291 4298 4304 4313 4311 4303 4298 4298 4301 4300 4294 4291 4291 4290 4288 4287 4285 4306 4327 4332 4324 4318 4311 4305 4296 4263 4271 4272 4259 4231 4213 4213 4216 4218 4217 4225 4239 4248 4256 4263 4266 4262 4272 4277 4291 4297 4304 4312 4319 4328 4339 4345 4348 4351 4350 4347 4341 4338 4338 4336 4333 4329 4320 4328 4335 4337 4340 4349 4360 4370 4382 4414 4441 4471 4521 4559 4573 4563
4228 4241 4253 4264 4275 4285 4294 4301 4309 4318 4312 4302 4294 4296 4300 4300 4296 4292 4294 4292 4288 4283 4277 4270 4282 4299 4305 4307 4308 4308 4303 4285 4278 4265 4257 4236 4218 4211 4210 4211 4213 4219 4231 4243 4254 4261 4261 4247 4259 4273 4285 4294 4303 4311 4319 4325 4327 4325 4343 4353 4350 4347 4346 4341 4337 4334 4331 4326 4318 4325 4335 4341 4345 4353 4357 4364 4375 4388 4403 4414 4455 4495 4512 4513
4231 4246 4258 4269 4279 4287 4296 4305 4314 4320 4312 4301 4290 4292 4299 4300 4296 4294 4294 4293 4289 4286 4286 4281 4267 4276 4291 4300 4306 4311 4317 4317 4297 4269 4252 4237 4220 4208 4206 4207 4210 4217 4229 4241 4254 4264 4275 4279 4273 4270 4276 4290 4302 4312 4320 4325 4325 4324 4339 4348 4347 4343 4343 4339 4336 4334 4332 4335 4319 4326 4339 4349 4350 4354 4355 4359 4366 4373 4379 4387 4413 4444 4465 4464
4234 4249 4261 4274 4286 4291 4298 4307 4316 4321 4313 4301 4290 4292 4299 4300 4294 4290 4293 4293 4289 4286 4284 4283 4271 4272 4281 4289 4298 4307 4316 4320 4297 4272 4256 4219 4205 4202 4203 4206 4210 4218 4229 4241 4254 4267 4286 4312 4283 4270 4273 4288 4302 4312 4322 4329 4335 4334 4342 4346 4345 4339 4322 4331 4334 4332 4329 4323 4332 4333 4340 4348 4348 4348 4351 4354 4360 4369 4376 4383 4395 4411 4421 4420
4236 4252 4263 4277 4293 4308 4300 4308 4317 4320 4312 4303 4298 4297 4298 4300 4295 4290 4290 4289 4285 4281 4277 4272 4270 4270 4272 4278 4285 4292 4300 4295 4274 4262 4243 4202 4193 4197 4202 4209 4216 4223 4232 4242 4253 4262 4271 4278 4275 4269 4271 4291 4305 4317 4327 4336 4345 4346 4346 4347 4346 4344 4346 4339 4336 4333 4328 4322 4321 4328 4339 4346 4345 4344 4347 4351 4359 4368 4377 4381 4386 4390 4389 4393
4236 4250 4262 4274 4285 4294 4302 4310 4316 4316 4309 4303 4299 4296 4297 4304 4293 4287 4286 4285 4282 4277 4272 4269 4268 4270 4271 4272 4274 4274 4267 4249 4242 4234 4214 4192 4188 4194 4202 4211 4220 4227 4235 4244 4252 4259 4259 4258 4268 4275 4294 4304 4315 4324 4332 4340 4346 4347 4345 4347 4347 4347 4346 4343 4340 4336 4332 4322 4320 4323 4335 4344 4340 4339 4345 4353 4360 4370 4380 4383 4382 4384 4387 4389
4235 4248 4260 4271 4283 4293 4302 4310 4314 4311 4305 4301 4297 4295 4295 4295 4291 4285 4284 4282 4280 4275 4271 4270 4270 4269 4269 4267 4265 4260 4251 4241 4236 4223 4198 4185 4189 4197 4206 4212 4220 4231 4239 4249 4256 4262 4267 4272 4276 4285 4294 4316 4324 4331 4337 4341 4344 4343 4344 4347 4348 4348 4347 4345 4342 4339 4339 4341 4324 4321 4333 4342 4344 4343 4347 4352 4361 4370 4379 4383 4381 4382 4384 4387
4233 4245 4257 4269 4280 4291 4302 4309 4308 4304 4300 4297 4295 4292 4294 4294 4285 4283 4284 4285 4280 4275 4270 4270 4270 4266 4262 4259 4255 4251 4246 4242 4226 4206 4187 4183 4189 4199 4209 4217 4225 4238 4246 4255 4262 4268 4276 4282 4287 4296 4311 4326 4330 4335 4339 4342 4342 4341 4345 4347 4348 4346 4346 4344 4343 4341 4339 4334 4331 4334 4339 4344 4347 4350 4350 4354 4360 4369 4377 4380 4379 4380 4382 4386
4231 4242 4254 4266 4277 4288 4299 4304 4301 4299 4297 4295 4293 4293 4291 4296 4291 4284 4283 4283 4280 4274 4269 4270 4267 4260 4254 4251 4246 4242 4236 4229 4213 4195 4181 4181 4190 4202 4216 4228 4238 4247 4252 4261 4271 4277 4280 4289 4297 4305 4313 4328 4334 4337 4340 4343 4343 4340 4345 4345 4344 4344 4343 4343 4342 4341 4339 4338 4335 4334 4343 4346 4350 4351 4350 4351 4358 4367 4374 4377 4378 4378 4380 4383
4231 4241 4252 4264 4275 4284 4290 4293 4292 4293 4292 4291 4289 4287 4284 4283 4275 4277 4279 4281 4278 4272 4267 4270 4263 4252 4246 4241 4236 4232 4227 4217 4209 4191 4176 4179 4191 4205 4220 4235 4246 4250 4259 4269 4280 4292 4302 4305 4309 4316 4325 4333 4335 4337 4339 4341 4340 4338 4346 4345 4343 4344 4343 4341 4340 4339 4337 4334 4333 4339 4340 4346 4349 4351 4350 4352 4357 4365 4371 4375 4376 4377 4377 4379
4229 4240 4251 4261 4271 4277 4281 4282 4282 4286 4288 4287 4285 4282 4280 4275 4272 4273 4276 4278 4276 4269 4263 4269 4254 4242 4238 4234 4230 4224 4218 4213 4203 4183 4175 4178 4191 4206 4222 4231 4246 4256 4263 4273 4288 4304 4320 4320 4319 4321 4327 4331 4333 4334 4336 4337 4338 4343 4350 4345 4342 4343 4342 4339 4336 4335 4338 4337 4331 4323 4339 4345 4349 4349 4349 4350 4356 4365 4372 4374 4375 4377 4378 4378
4227 4237 4247 4257 4266 4270 4272 4272 4276 4279 4283 4284 4281 4278 4275 4271 4267 4268 4271 4274 4273 4266 4260 4262 4246 4237 4234 4230 4224 4216 4208 4201 4188 4174 4173 4177 4191 4207 4224 4241 4250 4255 4265 4278 4290 4308 4324 4324 4323 4324 4326 4327 4327 4328 4331 4333 4335 4338 4340 4341 4340 4341 4339 4336 4332 4326 4325 4331 4337 4341 4345 4345 4347 4348 4348 4351 4358 4365 4371 4374 4375 4380 4386 4395
4226 4235 4244 4254 4261 4265 4266 4265 4267 4273 4277 4279 4278 4274 4270 4267 4263 4264 4267 4270 4269 4261 4253 4254 4241 4238 4233 4227 4218 4209 4198 4186 4173 4169 4170 4175 4189 4207 4225 4240 4251 4259 4268 4274 4284 4300 4315 4315 4316 4319 4322 4322 4321 4323 4326 4330 4330 4332 4336 4337 4337 4336 4335 4330 4327 4321 4317 4328 4347 4368 4350 4338 4344 4345 4349 4355 4365 4369 4372 4374 4377 4381 4392 4405
4226 4234 4242 4251 4257 4261 4262 4262 4263 4268 4272 4273 4274 4273 4268 4265 4260 4259 4262 4264 4264 4258 4251 4248 4241 4242 4235 4226 4216 4204 4191 4177 4166 4167 4168 4172 4188 4206 4223 4238 4248 4256 4263 4266 4274 4280 4291 4296 4302 4308 4313 4314 4315 4317 4318 4320 4320 4323 4329 4331 4331 4331 4328 4329 4329 4326 4320 4331 4347 4359 4336 4338 4358 4363 4371 4373 4378 4379 4375 4380 4377 4380 4392 4409
