real_craters/C201-750m.grd
DSAA
295 295
-110.3725 110.3725
-110.3725 110.3725
2884.2389796777 5304.6884108824
[rows 190 to 227 of 295, columns 0 to 83 of 295]
4177 4179 4181 4187 4191 4192 4192 4193 4189 4182 4172 4164 4161 4160 4161 4161 4152 4148 4140 4130 4125 4122 4123 4126 4130 4136 4144 4152 4164 4178 4190 4196 4201 4206 4211 4214 4216 4219 4227 4242 4250 4264 4262 4258 4256 4257 4258 4259 4259 4259 4261 4261 4262 4265 4269 4272 4274 4276 4279 4282 4284 4286 4290 4295 4301 4305 4313 4315 4316 4319 4321 4321 4320 4320 4322 4326 4330 4335 4343 4351 4370 4389 4409 4432
4185 4184 4185 4186 4189 4190 4190 4189 4185 4181 4172 4162 4160 4157 4155 4152 4146 4143 4138 4131 4126 4123 4124 4126 4130 4135 4141 4149 4158 4174 4188 4195 4199 4203 4206 4210 4211 4214 4233 4254 4258 4267 4265 4262 4261 4260 4260 4259 4259 4260 4260 4260 4262 4265 4269 4274 4280 4280 4281 4284 4286 4290 4292 4295 4299 4305 4310 4317 4320 4317 4318 4321 4319 4319 4324 4333 4340 4348 4356 4374 4383 4390 4404 4418
4188 4188 4188 4190 4190 4189 4187 4185 4185 4184 4178 4172 4164 4156 4152 4148 4144 4142 4138 4133 4127 4123 4125 4132 4134 4135 4141 4149 4159 4174 4185 4192 4196 4200 4209 4208 4210 4216 4238 4258 4266 4265 4264 4264 4263 4261 4261 4260 4260 4261 4261 4260 4262 4266 4269 4273 4277 4281 4283 4285 4288 4291 4293 4295 4299 4303 4309 4321 4328 4328 4326 4324 4321 4321 4329 4332 4354 4371 4397 4382 4388 4394 4400 4408
4189 4190 4190 4192 4191 4189 4186 4183 4180 4184 4184 4180 4170 4161 4154 4148 4144 4141 4138 4135 4128 4110 4126 4133 4138 4140 4142 4149 4160 4174 4181 4187 4191 4195 4197 4206 4213 4221 4240 4260 4271 4269 4268 4266 4265 4264 4263 4261 4261 4261 4263 4260 4263 4266 4268 4272 4276 4279 4282 4286 4289 4292 4295 4297 4300 4304 4316 4330 4340 4351 4343 4331 4325 4330 4344 4379 4379 4385 4387 4376 4387 4387 4395 4401
4190 4192 4192 4192 4192 4189 4186 4182 4179 4182 4188 4186 4175 4164 4155 4148 4142 4141 4141 4070 3986 4068 4123 4135 4137 4139 4143 4151 4163 4175 4179 4183 4188 4191 4196 4206 4217 4232 4250 4268 4278 4275 4268 4266 4264 4263 4262 4261 4261 4260 4260 4263 4264 4266 4269 4271 4274 4277 4281 4285 4289 4293 4295 4298 4301 4308 4329 4333 4342 4355 4346 4333 4324 4328 4349 4378 4377 4365 4360 4363 4376 4388 4394 4400
4193 4194 4195 4194 4193 4190 4186 4181 4176 4177 4187 4187 4177 4166 4157 4147 4139 4141 4144 4081 4039 4075 4118 4133 4136 4138 4141 4149 4161 4172 4177 4190 4186 4186 4193 4206 4222 4241 4259 4269 4277 4270 4268 4266 4264 4263 4260 4260 4260 4259 4259 4263 4265 4267 4269 4272 4274 4276 4281 4285 4289 4293 4295 4298 4301 4303 4308 4319 4331 4340 4336 4329 4324 4327 4337 4343 4346 4348 4352 4359 4374 4386 4392 4396
4194 4196 4198 4197 4194 4191 4188 4182 4174 4172 4174 4176 4175 4172 4166 4151 4137 4152 4215 4159 4131 4112 4122 4131 4134 4138 4140 4144 4156 4167 4171 4175 4177 4178 4187 4204 4223 4244 4261 4270 4274 4270 4267 4266 4263 4262 4260 4259 4259 4260 4261 4263 4265 4267 4269 4271 4274 4277 4280 4284 4287 4291 4294 4296 4298 4301 4308 4315 4319 4320 4325 4325 4326 4326 4328 4329 4331 4335 4345 4356 4368 4382 4388 4393
4193 4196 4197 4197 4196 4193 4190 4187 4181 4171 4165 4168 4173 4177 4175 4157 4140 4146 4220 4171 4128 4119 4124 4129 4133 4135 4138 4143 4151 4161 4166 4170 4168 4165 4176 4200 4224 4247 4264 4273 4275 4270 4266 4264 4262 4261 4259 4258 4257 4258 4262 4263 4264 4266 4268 4272 4274 4275 4278 4282 4286 4289 4292 4294 4297 4301 4303 4306 4311 4315 4318 4320 4320 4322 4322 4322 4326 4337 4343 4351 4362 4375 4385 4391
4190 4194 4197 4199 4196 4194 4192 4190 4185 4174 4165 4166 4169 4175 4182 4159 4144 4138 4151 4149 4126 4119 4124 4129 4131 4133 4136 4140 4145 4154 4163 4166 4163 4165 4179 4202 4226 4248 4267 4275 4276 4271 4267 4265 4262 4260 4257 4255 4254 4255 4257 4260 4262 4264 4266 4268 4272 4274 4279 4283 4286 4289 4291 4292 4294 4296 4299 4301 4304 4307 4313 4317 4317 4319 4320 4319 4321 4327 4340 4351 4361 4372 4383 4391
4185 4193 4199 4196 4194 4193 4192 4190 4186 4179 4172 4167 4164 4160 4150 4150 4149 4141 4135 4131 4122 4120 4124 4128 4130 4131 4133 4137 4141 4149 4157 4156 4155 4169 4185 4205 4227 4249 4267 4275 4276 4271 4268 4265 4261 4258 4255 4253 4251 4250 4252 4256 4259 4261 4263 4267 4270 4274 4280 4285 4289 4291 4292 4292 4292 4294 4297 4299 4301 4305 4311 4318 4327 4322 4321 4320 4323 4330 4342 4353 4363 4373 4383 4393
4180 4191 4198 4197 4194 4192 4191 4190 4187 4181 4174 4167 4159 4149 4140 4143 4155 4146 4130 4124 4120 4120 4123 4127 4128 4128 4129 4130 4137 4144 4149 4146 4151 4171 4189 4208 4228 4248 4265 4274 4276 4275 4271 4265 4261 4257 4253 4250 4247 4246 4249 4253 4255 4258 4260 4262 4267 4272 4279 4286 4292 4293 4293 4293 4300 4289 4296 4300 4302 4305 4309 4314 4318 4320 4321 4323 4327 4337 4347 4358 4366 4375 4385 4395
4175 4188 4197 4196 4193 4191 4190 4188 4185 4182 4178 4166 4155 4144 4136 4136 4145 4146 4128 4122 4120 4120 4124 4128 4128 4126 4124 4124 4134 4141 4144 4144 4151 4172 4190 4209 4228 4248 4264 4273 4275 4273 4267 4265 4261 4256 4252 4248 4245 4242 4247 4251 4253 4254 4255 4256 4262 4267 4274 4282 4293 4293 4293 4295 4297 4298 4299 4304 4305 4305 4306 4309 4313 4318 4322 4325 4330 4342 4352 4362 4368 4376 4387 4398
4169 4180 4191 4195 4195 4193 4189 4184 4181 4179 4175 4163 4151 4142 4134 4131 4128 4133 4126 4123 4121 4122 4126 4130 4129 4125 4122 4121 4133 4139 4142 4144 4151 4168 4187 4207 4227 4245 4262 4273 4276 4272 4269 4265 4260 4256 4250 4246 4243 4242 4247 4249 4251 4252 4253 4254 4257 4261 4264 4273 4280 4285 4288 4291 4295 4294 4296 4299 4297 4300 4303 4307 4312 4318 4323 4329 4334 4345 4356 4365 4370 4378 4391 4401
4164 4172 4183 4195 4199 4192 4189 4181 4174 4171 4166 4157 4149 4141 4134 4131 4129 4127 4124 4123 4123 4125 4129 4131 4130 4125 4120 4120 4137 4139 4140 4142 4148 4165 4184 4204 4223 4242 4257 4266 4275 4277 4272 4266 4260 4254 4249 4244 4241 4240 4247 4249 4250 4251 4252 4254 4256 4258 4260 4267 4272 4278 4281 4281 4282 4285 4290 4293 4292 4295 4301 4307 4313 4319 4326 4332 4340 4348 4359 4369 4376 4388 4398 4403
4158 4160 4174 4199 4225 4219 4195 4172 4166 4157 4151 4150 4146 4141 4136 4132 4130 4128 4128 4126 4125 4126 4132 4139 4138 4126 4115 4115 4129 4137 4139 4142 4146 4164 4182 4201 4220 4238 4255 4267 4273 4275 4272 4266 4261 4255 4249 4244 4240 4242 4244 4247 4248 4249 4250 4252 4255 4257 4260 4265 4270 4274 4276 4278 4278 4281 4286 4290 4290 4294 4300 4307 4314 4321 4328 4336 4343 4352 4362 4373 4388 4401 4402 4401
4156 4156 4168 4191 4214 4210 4196 4184 4166 4155 4148 4148 4145 4141 4137 4133 4133 4134 4131 4127 4126 4128 4135 4147 4147 4128 4111 4113 4127 4135 4139 4142 4149 4164 4180 4198 4216 4234 4251 4265 4271 4274 4272 4267 4262 4256 4250 4244 4239 4238 4244 4245 4247 4248 4249 4251 4254 4256 4259 4263 4267 4271 4275 4278 4278 4281 4284 4287 4287 4294 4299 4307 4314 4321 4330 4338 4345 4354 4363 4373 4390 4401 4400 4394
4156 4159 4165 4173 4171 4174 4177 4173 4163 4153 4150 4150 4147 4143 4137 4133 4133 4133 4127 4125 4126 4128 4135 4145 4146 4128 4112 4115 4126 4133 4139 4144 4151 4162 4177 4194 4213 4231 4247 4261 4269 4273 4274 4270 4265 4259 4252 4246 4239 4234 4241 4243 4245 4247 4249 4251 4253 4255 4258 4262 4266 4270 4274 4276 4277 4280 4282 4286 4291 4296 4300 4306 4313 4322 4331 4340 4349 4356 4366 4379 4400 4401 4392 4385
4158 4160 4162 4164 4164 4164 4165 4164 4161 4156 4154 4157 4152 4145 4139 4134 4135 4133 4128 4126 4126 4128 4132 4138 4137 4128 4118 4117 4124 4132 4139 4148 4153 4159 4174 4191 4210 4227 4243 4256 4264 4271 4275 4272 4267 4261 4255 4249 4243 4240 4239 4241 4243 4246 4248 4251 4252 4254 4257 4262 4267 4270 4273 4275 4278 4280 4282 4285 4291 4298 4300 4305 4312 4321 4331 4341 4347 4352 4370 4391 4403 4393 4382 4377
4157 4157 4160 4163 4165 4166 4164 4164 4161 4164 4192 4169 4157 4148 4141 4136 4138 4134 4129 4127 4128 4130 4134 4137 4137 4131 4125 4121 4124 4131 4138 4145 4148 4155 4171 4188 4207 4225 4242 4253 4261 4268 4273 4272 4269 4264 4259 4253 4247 4236 4236 4239 4242 4245 4248 4250 4252 4255 4257 4261 4267 4270 4273 4275 4278 4282 4286 4288 4295 4299 4300 4302 4310 4320 4330 4340 4351 4353 4370 4391 4398 4380 4373 4368
4154 4158 4160 4161 4162 4161 4162 4162 4161 4161 4162 4163 4156 4149 4142 4137 4139 4136 4132 4130 4131 4132 4135 4137 4139 4136 4130 4124 4126 4130 4137 4143 4147 4154 4169 4186 4205 4224 4242 4256 4258 4265 4271 4272 4271 4267 4263 4258 4251 4239 4235 4238 4241 4245 4247 4251 4253 4255 4258 4260 4265 4270 4274 4277 4281 4286 4288 4292 4302 4303 4299 4301 4309 4318 4328 4336 4343 4350 4364 4380 4378 4369 4363 4362
4151 4156 4158 4161 4162 4165 4161 4162 4161 4160 4158 4157 4155 4150 4145 4141 4140 4139 4136 4134 4133 4133 4134 4136 4138 4138 4135 4128 4127 4131 4137 4142 4147 4153 4168 4185 4204 4222 4239 4252 4257 4261 4268 4271 4272 4270 4267 4262 4253 4238 4236 4238 4242 4246 4250 4252 4254 4257 4259 4263 4264 4268 4273 4277 4285 4293 4297 4301 4301 4299 4297 4300 4308 4318 4328 4335 4340 4347 4357 4368 4367 4362 4359 4358
4150 4152 4156 4159 4161 4162 4161 4162 4161 4160 4158 4157 4154 4151 4148 4144 4143 4142 4139 4137 4136 4135 4134 4136 4139 4139 4136 4134 4132 4134 4139 4144 4147 4153 4166 4183 4202 4220 4237 4248 4254 4260 4266 4270 4272 4271 4270 4266 4260 4241 4237 4239 4242 4247 4250 4252 4254 4257 4260 4262 4263 4267 4272 4280 4290 4302 4318 4314 4305 4299 4297 4300 4308 4317 4329 4339 4345 4346 4351 4357 4359 4357 4356 4356
4149 4153 4156 4158 4160 4161 4162 4161 4159 4158 4158 4156 4154 4152 4150 4146 4144 4143 4141 4140 4137 4135 4135 4137 4140 4141 4139 4136 4136 4138 4142 4147 4150 4152 4164 4181 4199 4219 4236 4247 4251 4257 4264 4270 4272 4272 4273 4270 4262 4243 4240 4240 4243 4247 4249 4251 4253 4255 4257 4259 4261 4265 4270 4276 4289 4304 4319 4319 4307 4301 4299 4302 4309 4317 4328 4343 4347 4345 4348 4353 4353 4352 4353 4354
4149 4154 4155 4157 4159 4161 4160 4158 4159 4158 4157 4155 4154 4153 4151 4147 4143 4142 4141 4138 4136 4135 4134 4135 4139 4142 4143 4142 4142 4143 4146 4149 4150 4151 4161 4177 4196 4216 4235 4247 4252 4255 4261 4266 4270 4274 4276 4275 4268 4249 4243 4242 4243 4245 4249 4251 4252 4254 4255 4257 4260 4263 4267 4273 4285 4298 4308 4309 4307 4304 4303 4304 4309 4315 4321 4328 4335 4338 4344 4348 4349 4348 4350 4353
4144 4148 4152 4155 4157 4158 4158 4157 4157 4157 4156 4154 4154 4153 4151 4148 4145 4143 4140 4138 4136 4134 4133 4134 4138 4141 4144 4146 4146 4147 4148 4149 4151 4153 4158 4174 4193 4212 4230 4243 4251 4255 4259 4262 4269 4275 4279 4278 4265 4251 4245 4244 4244 4246 4249 4251 4251 4252 4253 4255 4258 4261 4264 4269 4280 4291 4301 4309 4309 4309 4308 4307 4309 4312 4314 4314 4322 4329 4336 4341 4344 4346 4347 4352
4141 4148 4150 4153 4155 4156 4156 4154 4156 4156 4155 4155 4154 4153 4151 4147 4144 4142 4139 4137 4134 4133 4131 4132 4138 4144 4145 4147 4147 4146 4148 4149 4152 4154 4156 4170 4188 4208 4227 4240 4249 4254 4258 4266 4270 4277 4282 4284 4272 4254 4249 4246 4245 4248 4249 4250 4251 4251 4252 4253 4256 4260 4263 4266 4275 4286 4295 4307 4308 4312 4309 4309 4309 4310 4312 4315 4319 4324 4330 4336 4339 4341 4343 4348
4141 4146 4149 4151 4152 4153 4154 4154 4154 4155 4155 4154 4154 4153 4152 4148 4143 4141 4138 4136 4134 4132 4131 4132 4137 4142 4145 4146 4147 4147 4147 4149 4151 4154 4153 4166 4184 4203 4221 4235 4246 4253 4258 4262 4271 4278 4285 4289 4277 4261 4253 4249 4247 4247 4249 4249 4250 4251 4252 4254 4256 4259 4260 4264 4272 4282 4290 4295 4300 4308 4310 4308 4308 4309 4311 4314 4318 4323 4327 4332 4335 4338 4340 4346
4140 4144 4146 4148 4150 4151 4151 4152 4154 4154 4154 4153 4153 4153 4151 4149 4145 4141 4138 4136 4135 4133 4132 4133 4136 4140 4145 4146 4147 4147 4148 4147 4150 4153 4152 4163 4179 4196 4215 4229 4242 4252 4258 4265 4271 4277 4285 4290 4277 4264 4256 4251 4248 4245 4246 4248 4249 4250 4252 4254 4256 4259 4260 4264 4271 4278 4283 4286 4291 4296 4303 4305 4306 4307 4309 4312 4316 4321 4325 4327 4331 4335 4337 4346
4137 4140 4145 4147 4149 4150 4150 4149 4152 4153 4153 4152 4153 4154 4153 4152 4147 4142 4139 4137 4138 4134 4134 4135 4138 4143 4144 4146 4147 4148 4148 4147 4149 4152 4152 4161 4174 4189 4205 4222 4237 4249 4258 4259 4261 4273 4281 4286 4276 4265 4258 4252 4249 4245 4245 4247 4249 4251 4253 4255 4262 4258 4260 4265 4270 4276 4279 4282 4284 4289 4296 4300 4303 4306 4308 4310 4316 4319 4322 4320 4327 4333 4337 4344
4138 4140 4144 4150 4152 4148 4148 4147 4150 4152 4153 4153 4154 4155 4157 4151 4148 4143 4140 4137 4134 4133 4134 4135 4138 4141 4142 4145 4147 4148 4148 4147 4149 4152 4151 4158 4169 4182 4198 4214 4231 4256 4256 4257 4265 4271 4276 4276 4270 4264 4258 4253 4248 4238 4244 4246 4249 4251 4254 4253 4252 4256 4259 4263 4269 4275 4280 4276 4276 4283 4290 4294 4299 4304 4308 4312 4315 4318 4318 4317 4324 4332 4336 4339
4136 4138 4144 4156 4164 4154 4150 4147 4150 4151 4153 4154 4155 4155 4154 4152 4149 4144 4140 4137 4133 4133 4133 4134 4137 4139 4140 4144 4146 4147 4147 4147 4149 4151 4151 4155 4163 4174 4189 4206 4224 4243 4252 4257 4262 4268 4272 4271 4266 4261 4256 4251 4248 4244 4246 4247 4250 4251 4252 4253 4254 4257 4258 4261 4265 4270 4273 4272 4272 4274 4283 4288 4292 4299 4309 4313 4314 4316 4317 4317 4323 4330 4334 4336
4134 4134 4144 4163 4187 4215 4164 4145 4151 4152 4153 4154 4156 4156 4155 4154 4150 4145 4141 4137 4135 4133 4133 4133 4134 4138 4142 4143 4145 4147 4147 4146 4149 4151 4152 4153 4158 4165 4179 4199 4219 4237 4249 4256 4264 4266 4269 4269 4262 4258 4254 4250 4246 4243 4246 4248 4250 4252 4253 4253 4254 4257 4258 4259 4261 4264 4272 4271 4273 4277 4280 4282 4285 4288 4292 4301 4308 4315 4319 4318 4323 4329 4333 4336
4130 4132 4143 4165 4184 4175 4163 4144 4150 4152 4153 4152 4156 4154 4157 4155 4150 4143 4139 4137 4135 4134 4132 4132 4134 4138 4139 4141 4144 4147 4149 4149 4150 4151 4151 4152 4153 4158 4171 4192 4213 4233 4247 4256 4260 4263 4266 4264 4259 4255 4251 4248 4245 4245 4246 4248 4250 4252 4253 4254 4254 4257 4259 4258 4257 4251 4230 4268 4277 4278 4278 4276 4276 4276 4277 4289 4301 4311 4317 4319 4323 4329 4333 4335
4127 4128 4139 4164 4186 4180 4164 4147 4151 4152 4153 4153 4156 4156 4157 4156 4151 4144 4140 4137 4134 4132 4132 4133 4134 4136 4137 4139 4143 4146 4148 4150 4151 4152 4153 4150 4150 4152 4165 4185 4207 4227 4243 4254 4260 4261 4264 4263 4257 4253 4249 4246 4243 4244 4246 4249 4251 4253 4254 4255 4255 4257 4258 4258 4262 4267 4270 4274 4285 4280 4274 4277 4279 4276 4273 4284 4297 4309 4316 4319 4324 4329 4336 4335
4123 4125 4134 4158 4191 4209 4170 4148 4151 4153 4154 4157 4161 4157 4157 4160 4153 4147 4142 4138 4135 4133 4132 4133 4133 4134 4136 4139 4142 4145 4147 4149 4151 4151 4151 4153 4151 4153 4164 4181 4200 4220 4235 4246 4256 4259 4264 4261 4255 4250 4247 4245 4243 4245 4247 4250 4252 4253 4255 4256 4257 4256 4260 4267 4274 4274 4260 4256 4324 4347 4293 4291 4292 4284 4276 4286 4297 4307 4316 4322 4327 4330 4332 4333
4120 4122 4127 4142 4154 4161 4159 4149 4150 4152 4154 4156 4156 4155 4155 4155 4153 4149 4145 4140 4135 4132 4132 4133 4132 4133 4137 4139 4141 4144 4148 4150 4150 4151 4151 4157 4153 4155 4164 4178 4194 4211 4227 4244 4253 4258 4265 4259 4250 4248 4246 4245 4244 4246 4248 4250 4253 4255 4256 4257 4257 4257 4264 4273 4278 4277 4241 4169 4063 4184 4275 4300 4296 4292 4290 4293 4299 4305 4315 4323 4328 4329 4331 4331
4118 4120 4123 4129 4132 4139 4150 4156 4151 4151 4153 4154 4156 4156 4156 4156 4153 4149 4143 4140 4137 4135 4132 4131 4130 4133 4136 4139 4141 4143 4145 4149 4150 4150 4151 4151 4152 4153 4162 4174 4188 4202 4216 4237 4247 4253 4257 4251 4246 4245 4245 4245 4245 4247 4249 4251 4254 4256 4257 4257 4257 4257 4265 4268 4273 4275 4231 4145 4027 4145 4265 4298 4295 4294 4293 4297 4302 4311 4315 4320 4325 4327 4329 4330
4116 4118 4120 4122 4125 4133 4145 4151 4149 4148 4150 4153 4156 4160 4161 4158 4154 4149 4145 4141 4137 4134 4132 4131 4130 4133 4136 4137 4140 4143 4145 4149 4149 4150 4152 4153 4152 4153 4160 4170 4182 4195 4210 4228 4240 4246 4252 4245 4242 4242 4243 4246 4246 4247 4249 4252 4254 4257 4258 4258 4258 4260 4261 4268 4273 4269 4242 4215 4259 4317 4287 4285 4292 4293 4294 4297 4303 4308 4314 4319 4323 4326 4327 4327
