real_craters/C201-1000m.grd
DSAA
127 127
-63.07 63.07
-63.07 63.07
2578.0873736532 4935.165229239
[rows 30 to 59 of 127, columns 0 to 66 of 127]
3890 3885.38 3882.46 3882.17 3881.59 3880.34 3879.1 3883 3882.17 3881.71 3882.54 3886.55 3890.83 3899.16 3908.96 3928 3934.06 3923.62 3943.49 3951.85 3950.19 3947.51 3947.69 3944.21 3938.2 3931.94 3926.55 3946.97 3981.16 3953.34 3958.87 3971.96 3972.61 3979.78 3987.17 3986.52 3995.61 4005.04 4014.09 4062.76 4085.14 4065.94 4062.46 4057.15 4052.87 4028.18 4038.94 4048.33 4048.35 4057.7 4072.1 4060.7 4086.41 4126.62 4141.1 4086.56 4070.52 4070.65 4059.61 4074.25 4100.31 4092.56 4108.93 4111.5 4113.36 4125.95 4133.85
3899.34 3890.49 3887.5 3879.87 3880.27 3881.5 3884.09 3881.18 3884.82 3885.77 3884.6 3897.65 3907.62 3908.95 3912.73 3935.24 3942.52 3923.23 3939.15 3954.34 3952.02 3948.04 3941.58 3947.38 3943.28 3942.47 3937.56 3927 3952.65 4016.17 3970.21 3967.26 3971.12 3976.68 3985.25 3991.29 4005.05 4023.64 4028.16 4044.08 4064.98 4061.74 4054.94 4055.22 4049.87 4023.27 4034.09 4058.93 4051.59 4070.13 4099.37 4124.72 4111.93 4083.6 4090.76 4098.9 4082.64 4077.44 4080.52 4093.07 4105.3 4126.44 4171.01 4178.41 4159.54 4146.33 4129.24
3896.46 3893.97 3892.98 3884.28 3879.47 3881.78 3883.8 3879.28 3883.25 3884.97 3882.8 3884.46 3896.43 3903.68 3906.9 3920.38 3939.63 3935.78 3930.85 3931.87 3943.5 3942.76 3934.71 3924.39 3937.75 3948.7 3960.06 3937.97 3935.29 3983.03 3990.26 3971.79 3970.82 3975.4 3986.58 4005.04 4020.02 4018.81 4022.22 4026.44 4045.27 4034.36 4039.39 4051.8 4059.32 4054.91 4072.15 4096.02 4084.25 4074.55 4102.39 4136.11 4146.8 4146.08 4131.62 4119.24 4113.89 4103.86 4115.19 4144.76 4145.17 4227.02 4289.21 4276.09 4216.83 4196.79 4162.65
3888.69 3891.57 3891.73 3884.52 3878.64 3882.62 3884.44 3879.55 3883.86 3892.8 3887.28 3880.34 3886.34 3893.72 3897.8 3913.36 3929.16 3939.37 3929.91 3925 3937.57 3928.8 3930.1 3931.5 3928.43 3932.69 3941.28 3940.29 3937.33 3950.68 3979.42 3976.43 3980.09 3987.85 4000.67 4020.95 4042.42 4031.87 4018.39 4023.24 4035 4029.11 4040.44 4055.37 4063.45 4066.21 4083.69 4109.21 4119.64 4108.83 4104.67 4129.59 4155.68 4174.33 4186.27 4162.57 4144.73 4143.29 4207.97 4239.09 4273.83 4270.11 4262.27 4282.59 4276.04 4262.27 4257.24
3889.41 3893.5 3889.82 3887.84 3880.95 3885.08 3888.94 3882.58 3882.47 3892.37 3887.42 3879.32 3890.34 3892.96 3890.9 3888.46 3907.41 3913.93 3936.01 3929.97 3918.38 3916.38 3926.93 3919.12 3920.8 3914.31 3916.1 3938.21 3943.66 3958.16 3978.61 3978.44 3994.23 4003.37 4015.27 4025.16 4038.35 4034.82 4019.72 4010.74 4014.32 4033.76 4052.37 4066.48 4078.71 4076.32 4085.01 4107.41 4130.37 4129.51 4162.68 4167.79 4153.67 4163.94 4184.2 4169.28 4183.59 4240.14 4222.62 4205.65 4202.11 4235.09 4253.41 4237.35 4254.71 4294.77 4255.09
3893.79 3897.54 3902.57 3893.98 3887.53 3884.24 3883.11 3885.34 3893.14 3881.79 3877.24 3886.24 3899.58 3897.39 3893.24 3889.71 3901.83 3926.38 3928.13 3920.12 3929.44 3935.79 3927.4 3924.77 3925 3921.89 3921.78 3936.4 3949.97 3960.98 3985.18 3996.51 4009.91 4050.43 4033.69 4023.85 4029.65 4029.87 4018.81 4019.07 4015.41 4037.26 4058.01 4077.45 4089.71 4094.08 4076.84 4115.86 4166.2 4179.58 4194.03 4220.26 4215.33 4214.31 4226.71 4218.76 4210.3 4203.83 4209.08 4207.23 4236.21 4259.75 4265.51 4244.7 4256.77 4261.26 4230.15
3889.93 3897.51 3901.56 3891.6 3884.54 3883.42 3885.56 3884.17 3891.41 3886.73 3887.23 3895.56 3898.54 3897.03 3896.86 3890.77 3900.21 3919.26 3936.49 3930.02 3936 3934.48 3935.18 3937.18 3938.05 3945.02 3945.2 3942.04 3948.39 3951.53 3972.76 3985.9 3997.18 4009.65 4025.91 4029.08 4025.4 4041.96 4036.48 4024.41 4029.7 4061.17 4096.73 4089.33 4080.06 4090.29 4100.42 4146.33 4235.57 4186.42 4231.5 4253.19 4260.5 4251.53 4240.4 4227.27 4210.15 4226.8 4223.58 4211.32 4244.12 4265.42 4311.19 4331.91 4320.67 4262.18 4207.44
3903.19 3904.02 3897.93 3889.97 3884.37 3881.95 3884.78 3896.33 3891.34 3886.47 3885.3 3892.86 3893.51 3893.73 3895.38 3901.35 3904.68 3914.71 3924.06 3941.69 3948.66 3947.84 3933.16 3943.31 3949.01 3949.73 3948.24 3947.34 3943.45 3956.94 3969.15 3975.91 3984.07 3999.22 4015.4 4035.39 4068.1 4048.37 4033.15 4027.71 4038.54 4063.26 4083.95 4122.58 4124.1 4140.18 4150.45 4189 4203.74 4199.88 4227.65 4248.32 4252.23 4270.87 4256.83 4244.66 4248.57 4245.48 4285.8 4303.67 4290.79 4312.79 4348.71 4464.08 4456.63 4402.61 4326.61
3899.11 3903.46 3906.66 3891.95 3889.19 3886.81 3887.68 3891.75 3895.82 3889.7 3883.55 3881.28 3880.82 3887.8 3890.57 3887.49 3891.54 3899.99 3910.83 3933.16 3941.23 3950.58 3956.11 3955.57 3953.6 3954.22 3941.3 3951.85 3983.75 3960.03 3997.6 3979.74 3988.41 3996.34 4012.44 4025.23 4024.83 4028.78 4018.68 4006.89 4032.03 4076.46 4102.1 4153.1 4170.36 4217.3 4257.43 4259.79 4213.63 4212.34 4219.02 4247.62 4259.69 4283.99 4374.76 4433.08 4391.55 4368.85 4393.7 4429.94 4428.59 4433.02 4548.15 4452.09 4498.52 4514.58 4481.33
3896.62 3892.54 3909.68 3915.5 3905.2 3893.22 3890.58 3891.32 3888.44 3888.35 3889.24 3883.91 3883.19 3884.34 3886.53 3885.87 3885.48 3895.67 3915.26 3918.75 3929.07 3935.81 3956.83 3955.15 3953.99 3954.84 3946.58 3953.51 3953.92 3951.26 4043.77 4026.82 4015.34 4019.63 4022.43 4023.98 4032.65 4045.38 4046.71 4025.14 4035.19 4103.91 4163.67 4199.75 4232.54 4291.06 4313.84 4294.02 4274.7 4253.43 4257.09 4296.7 4343.29 4395.82 4529.56 4586.22 4579.09 4489.99 4401 4423.4 4326.59 4284.17 4246.15 4265.93 4470.88 4596.91 4535.6
3899.56 3892.19 3905.92 3916.01 3908.63 3901.83 3899.36 3900.49 3900.03 3894.71 3888.59 3882.27 3882.3 3881.35 3879.99 3878.32 3877.48 3900.46 3912.17 3914.32 3930.98 3941.78 3944.43 3949.57 3950.15 3953.04 3957.86 3964.44 3994.75 4007.3 4035.6 4018.32 4029.42 4043.42 4034.97 4033.41 4043.92 4060.72 4057.45 4057.71 4048.49 4123.51 4151.25 4165.4 4247.18 4326.02 4313.8 4316.7 4334.92 4329.77 4363.1 4404.7 4510.43 4593.59 4774.39 4781.52 4589.11 4381.68 4214.05 4095.08 4043.95 4049.12 4059.11 4103.52 4285.14 4404.81 4399.26
3910.54 3920.84 3928.13 3927.18 3911.5 3897.27 3901.64 3907.61 3909.23 3899.85 3888.86 3886.13 3879.76 3878.35 3875.78 3878.3 3892.04 3910.1 3902.29 3915.27 3947.09 3948.69 3949.82 3946.85 3942.21 3934.77 3947.23 3962.17 3981.08 3989.72 4005.46 3999.3 4011.82 4032.32 4038.04 4041.84 4050.3 4057.84 4054.16 4058.37 4074.97 4122.75 4137.89 4161.31 4281.61 4327.16 4327.68 4320.73 4369.67 4440.39 4528.26 4576.97 4724.96 4793.72 4716.28 4556.15 4283.27 4098.86 3947.26 3844.71 3846.23 3891.88 3926.54 3938.72 3997.72 4098.21 4150.46
3909.36 3909.35 3915.07 3914.44 3908.41 3896.19 3905.34 3916.86 3919.99 3913.44 3900.79 3874.51 3875.71 3876.93 3872.62 3878.92 3894.99 3904.81 3901.05 3914.67 3927.97 3950.78 3953.99 3948.09 3941.59 3934.35 3933.87 3951.91 3959.35 3962.82 3970.23 3976.37 4001.18 4033.45 4037.79 4030.74 4038.35 4043.73 4045.37 4046.4 4042.24 4117.37 4179.26 4234.79 4265.61 4292.83 4305.35 4338.88 4455.38 4638.02 4779.88 4681.61 4662.15 4551.38 4410 4211.48 4012.99 3851.32 3710.48 3654.72 3742.63 3823.59 3806.64 3763.68 3764.07 3820.59 3874.01
3901.03 3905.55 3903.96 3903.2 3901.59 3902.41 3913.63 3932.16 3953.17 3930.28 3898.55 3871.22 3877.05 3880.38 3881.56 3884.83 3896.04 3891.97 3913.51 3925.7 3898.19 3900.64 3954.9 3952.13 3948.7 3948.6 3946.61 3953.14 3960.71 3965.56 3968.75 3986.34 4038.06 4052.21 4045.45 4038.9 4038.08 4038.93 4045.42 4057.86 4049.87 4160.9 4221.24 4230.78 4244.61 4276.11 4323.42 4403.4 4570.61 4714.31 4687.4 4492.59 4364.9 4160.4 4050.67 3894.06 3768.57 3648.88 3523.12 3489.67 3571.52 3604.51 3647.59 3612.94 3568.81 3564.18 3614.48
3897.86 3901.24 3897.56 3897 3898.32 3907.74 3920.58 3936.6 3944.49 3917.2 3915.2 3893.92 3889.11 3889.15 3882.49 3888.2 3892.01 3905.83 3905.2 3920.61 3896.11 3893.39 3937.38 3949.79 3950.26 3953.83 3956.15 3962.8 3969.71 3985.5 3991.97 4012.22 4038.56 4053.6 4056.37 4048.57 4046.66 4043.17 4047.78 4074.09 4081.31 4177.24 4247.75 4224.56 4198.32 4286.99 4382.03 4522.26 4652.98 4524.89 4344.13 4197.67 4085.52 3865.33 3756.84 3644.31 3583.11 3492.62 3387.24 3345.96 3394.48 3424.59 3438.96 3409.48 3383.49 3373.76 3405.16
3894.72 3895.73 3893.43 3893.69 3899.88 3909.15 3922.41 3931.07 3932.03 3933.21 3919.67 3903.3 3900.04 3896.69 3900.17 3923.92 3925.72 3923.15 3925.97 3920.22 3940.1 3962.24 3958.78 3953.89 3952.49 3947.38 3949.97 3953.72 3975.85 4010.04 4013.13 4020.03 4042.37 4053.5 4063.38 4070.8 4051.55 4038.01 4051.14 4099.04 4137.19 4184.12 4256.71 4264.88 4259.49 4351.06 4473.51 4544.28 4434.12 4252.08 4066.51 3915.96 3806.75 3614.62 3526.76 3489.99 3457.93 3372.03 3269.09 3233.58 3269.36 3314.35 3329.65 3277.45 3239.85 3229.64 3236.15
3924 3911.3 3893.08 3891.41 3894.18 3911.17 3921.96 3925.47 3929.55 3931.57 3920.85 3906.31 3904.08 3895.2 3898.89 3930.96 3928.26 3920.88 3942.02 3921.04 3904.44 3922.4 3951.69 3960.22 3963.37 3965.18 3961.74 3960.53 3989.12 4006.9 4004.55 4015.94 4027.72 4048.98 4055.75 4059.59 4047.49 4031.58 4064.17 4132.88 4188.84 4181.56 4264.32 4284.39 4299.82 4395.93 4540.51 4488.48 4202.02 4018.41 3826.49 3659.58 3561.86 3431.52 3366.58 3362.08 3344.71 3266.53 3189.44 3248.49 3201.36 3291.5 3290.76 3236.82 3162.15 3126.97 3117.26
3889.89 3887.49 3891.01 3886.9 3892.65 3905.61 3919.92 3920.36 3917.95 3914.96 3912.48 3909.06 3908.26 3901.03 3896.7 3901.44 3909.92 3947.87 3943.26 3943.24 3924.03 3914.22 3929.23 3962.18 3984.18 3978.82 3982.9 4009.56 4005.4 4015.79 4028.18 4028.07 4036.33 4041.87 4040.48 4042.78 4050.63 4065.23 4131.57 4150.71 4161.86 4203.49 4282.71 4265.04 4314.88 4349.46 4364.63 4214.54 4003.99 3853.72 3660.8 3488.72 3393.8 3312.49 3261.72 3239.66 3217.16 3172.28 3111.3 3105.54 3113.66 3157.4 3184.03 3184.52 3168.69 3105.41 3043.58
3913.21 3914.39 3893.32 3878.55 3857.6 3863.02 3906.26 3904.94 3901.23 3896.85 3910.16 3916.62 3910.36 3903.29 3898.58 3896.14 3905.85 3939.35 3941.2 3934.93 3938.29 3927.56 3936.04 3958.19 3984.54 3956.3 3985.33 4000.76 4004.95 4001.16 4031.72 4023.29 4019.95 4034.6 4026.63 4034.02 4060.55 4089.16 4129.2 4139.62 4134.95 4161.6 4292.81 4341.4 4321.5 4252.6 4169.68 4025.04 3918.96 3774.53 3542.18 3354.06 3277.42 3192.59 3149.99 3129.34 3108.03 3090.79 3074.72 3050.68 3039.86 3108.83 3127.77 3132.37 3127.52 3075.7 3005.15
3894.95 3892.13 3885.63 3880.65 3873.36 3855.96 3875.81 3892.61 3902.23 3911.93 3947.75 3941.45 3921.77 3914.3 3908.8 3907.07 3909.95 3924.24 3934.42 3943.3 3938.6 3950.75 3948.86 3948.79 3952.6 3978.78 3986.65 4000.15 4005.56 4019.75 4021.26 4010.94 4015.26 4028.92 4024.43 4039.24 4075.52 4117.22 4122.59 4140.35 4157.16 4135.26 4345.28 4318.91 4210.1 4176.4 4093.59 4037.68 3958.65 3701.54 3442.22 3278.16 3202.49 3102 3038.34 3008.32 3021.74 3046.35 3022.42 2988.71 3000.36 3049.2 3080.11 3056.55 3030.43 3018.8 3000.5
3891.36 3902.19 3894.55 3890.8 3889.7 3895.8 3878.99 3892.13 3912.89 3940.95 3951.32 3956.96 3941.3 3940.06 3932.87 3937.27 3920.88 3930.84 3946.19 3947.33 3941.86 3943.53 3953.36 3945.52 3941.91 3954.39 3968.2 3990.5 3994.22 4005.48 4010.7 4005.61 4009.39 4023.9 4031.91 4051.78 4078.71 4094.38 4092.21 4161.93 4264.77 4213.43 4326.63 4168.54 4166.76 4156.95 4112.16 3979.93 3823.02 3509.42 3358.94 3232.05 3157.19 3039.04 2922.9 2901.36 2929.16 3030.09 3059.16 3035.41 3059.03 3102.22 3095.38 3060.88 3069.83 3068.8 3057.13
3898.08 3899.1 3910.56 3905.48 3897.27 3893.89 3889.17 3900.17 3917.47 3933 3951.73 3960.57 3952.37 3927.99 3936.5 3947.08 3934.25 3939.71 3953.66 3954.31 3954.14 3955.36 3945.51 3942.82 3944.88 3943.87 3952.78 3962.54 3978.07 3985.11 4010.45 4022.05 4027.75 4041.57 4054.2 4068.01 4084.27 4101.2 4102.73 4206.31 4332.91 4332.77 4176.29 4122.14 4189.54 4114.48 3982.31 3759.74 3558.04 3388.85 3289.43 3154.4 3106.43 3017.3 2901.27 2836.61 2871.43 3038.26 3076.45 3073.22 3093.09 3097.4 3086.06 3103.92 3176.66 3188.23 3163.71
3900.03 3912.93 3919.03 3918.97 3918.78 3916.47 3917.18 3913.58 3915.88 3925.66 3922.65 3934.59 3934.71 3914.54 3929.91 3946.89 3949.79 3956.73 3949.92 3950.04 3946.71 3947.34 3950.93 3973.02 3946.88 3944.61 3965.55 3968.2 3989.42 4010.54 4025.54 4047.47 4040.82 4048.7 4078.33 4083.68 4081.89 4118.52 4177.51 4278.76 4387.43 4384.05 4064.65 4132.54 4091.13 3999.67 3830.16 3607 3441.89 3306.62 3214.73 3144.6 3073.18 2968.43 2954.58 2872.3 2838.09 2898.35 2926.22 2976.05 3061.74 3144.88 3139.69 3172.59 3252.33 3290.27 3262.57
3888.2 3894.47 3917.61 3920.3 3923.76 3923.58 3917.51 3913.7 3909.94 3904.41 3906.55 3915.33 3924.25 3923.7 3930.98 3937.39 3940.13 3944.69 3948.58 3945.11 3951.75 3957.52 3950.85 3975.63 3945.84 3955.62 3965.73 3962.25 3994.03 4015.97 4025.01 4029.62 4044.29 4063.63 4115.31 4116.71 4090.85 4161.55 4311.29 4393.52 4324.22 4188.48 4056.25 4065.54 4005.96 3880.17 3668.74 3493.64 3329.25 3197.39 3124.23 3074.12 3060.74 3027.73 3027.44 2992.44 2894.3 2843.29 2848.82 2873.08 2930.51 3072.86 3148.3 3227.72 3304.51 3286.49 3304.45
3880.09 3892.43 3899.44 3907.46 3920.01 3916.04 3916.37 3918.57 3909.14 3904.57 3908.99 3913.78 3939.81 3947.84 3928.1 3917.33 3918.15 3932.77 3952.98 3941.69 3949.01 3952.16 3943.31 3964.84 3961.38 3975.38 4011.68 3993.6 3996.93 4013.99 4029.11 4037.93 4065.32 4102.16 4194.9 4186.28 4170.12 4269.55 4441.21 4498.43 4289.57 4061.21 4036.84 4066.14 3962.42 3807.62 3600.95 3396.02 3220.28 3111.92 3034.11 3005.73 3040.14 3019.67 3027.73 3051.35 3047.42 3031.28 2939.07 2829.96 2820.4 2956.18 3084.72 3107.57 3110.82 3140.88 3239.93
3894.47 3887.6 3887.61 3896.22 3909.45 3911.97 3917.47 3917.1 3911.16 3910.39 3907.25 3914.06 3936.05 3946.55 3936.63 3928.32 3922.05 3927.92 3946.75 3942.84 3942.97 3962.27 3958.76 3977.03 3975.83 3982.51 4005.65 4012.39 4020.38 4028.79 4044.12 4069.69 4095.85 4146.52 4259.27 4255.73 4271.87 4372.37 4504.48 4521.56 4281.13 4014.54 3954.38 3938.47 3826.2 3689.99 3472.73 3292.58 3137.17 3077.46 3031.7 2972.97 3002.94 3022.59 3064.51 3106.6 3111.52 3078.73 2878.23 2828.73 2833.91 2972.67 3093.86 3075.06 3019.05 3048.34 3134.69
3921.04 3908.8 3881.85 3885.33 3900.27 3897.66 3891.13 3901.86 3914.99 3918.39 3915.2 3916.5 3924.87 3923 3938.16 3938.62 3934.19 3934.78 3940.99 3956.3 3971.23 3984.85 3968.45 3978.15 3974.45 3973.52 3985.24 4012.67 4037.63 4042.63 4051.43 4072.8 4109.05 4148.84 4214.1 4282.67 4353.28 4424.37 4512.75 4525.52 4265.61 3981.58 3959.76 3751.61 3643.42 3519.67 3343.14 3204.75 3085.91 3056.42 3039.48 2981.35 3009.44 3016.39 3073.11 3124.09 3098 2979.84 2833.6 2834.22 2909.48 3067.75 3160.35 3161.78 3105.35 3244.56 3227.11
3898.04 3910.2 3884.13 3889.98 3899.79 3894.38 3882.69 3899.78 3908.66 3912.35 3926.83 3928.26 3920.5 3923.86 3936.05 3937.8 3932.25 3933.41 3940.27 3950.89 3958.59 3954.84 3956.23 3974.51 3989.38 3976.34 3985.3 4018.2 4026.35 4048.11 4061.31 4086.66 4126.18 4166.09 4231.08 4281.59 4325.87 4404.01 4460.79 4441.18 4204.34 3914.49 3896.13 3600.23 3467.89 3347.72 3228.32 3137.56 3045.07 3022.99 3046.76 3043.58 3001.27 2990.11 3086.35 3166.26 3107.1 2950.86 2783.84 2822.64 2927.52 3085.78 3175.27 3214.03 3257.79 3402.04 3452.8
3916.15 3910.69 3906.8 3925.95 3914.46 3905.15 3905.48 3902.95 3900.03 3901.55 3906.64 3926.64 3917.05 3925.35 3939.17 3934.6 3926.64 3934.53 3954.8 3963.72 3959.9 3958.9 3964.25 3990.75 4015.9 4000.57 4002.58 4035.27 4066.76 4062.93 4069.23 4103.53 4149.31 4178.11 4212.02 4274.41 4320.51 4362.54 4380.56 4321.19 4121.16 3850.7 3722.45 3511.03 3346.53 3230.26 3147.47 3084.93 3032.06 3031.94 3040.65 3022.88 2983.82 2995.11 3105.7 3239.29 3078.35 2870.14 2775.68 2824.12 2925.07 3097.26 3206.12 3282.97 3376.55 3484.78 3563.04
3917.58 3911.1 3912.23 3918.13 3913.77 3907.46 3906.2 3903.13 3897.2 3900.15 3898.13 3899.99 3910.15 3909.61 3908.35 3925.71 3932.88 3937.23 3949.1 3962.6 3968.75 3990.67 3995.14 3982.6 4012.35 4027.6 4020.49 4040.88 4068.35 4066.69 4074.6 4119.29 4172.26 4208.06 4221.28 4252.94 4289.9 4320.55 4322.03 4250.78 4081.16 3836.19 3607.07 3457.73 3275.34 3167.12 3104.13 3066.16 3043.34 3029.1 3028.77 2982.69 2888 2931.65 3048.93 3120.3 3047.36 2888.64 2830.74 2904.75 2990.8 3149.9 3288.63 3343.14 3409.68 3453.37 3470.49
