real_craters/C201-1000m.grd
DSAA
127 127
-63.07 63.07
-63.07 63.07
2578.0873736532 4935.165229239
[rows 60 to 89 of 127, columns 0 to 66 of 127]
3927.68 3921.32 3920.59 3910.25 3902.36 3905.76 3902.8 3901.75 3897.52 3906.01 3907.28 3904.14 3909.81 3910.39 3904.64 3916.33 3931.9 3943.77 3948.91 3949.16 3953.35 3972.05 3995.61 4039.59 4052.85 4042.21 4034.77 4031.73 4042.58 4061.38 4089.89 4144.56 4209.43 4235.08 4196.1 4223.37 4263.4 4291.7 4295.48 4243.18 4108.5 3877.1 3634.51 3465.34 3237.79 3127.32 3080.6 3083.49 3046.84 3006.74 2993.51 2941.86 2837.32 2912.56 3041.22 3094.74 3019.95 2950.6 2936.39 3013.08 3138.84 3195.75 3237.59 3303.91 3427 3500.32 3518.41
3943.08 3934.67 3925.95 3915.36 3909.31 3909.13 3911.4 3915.19 3914.62 3913.12 3903.66 3892.66 3908.08 3907.6 3904.72 3919.83 3940.84 3955.72 3964.46 3959.39 3952.93 3972.94 4012.22 4038.24 4021.9 4036.81 4040 4032.75 4040.93 4063.32 4096.17 4157.8 4228.33 4209.88 4156.46 4183.63 4234.36 4272.08 4287.64 4274.35 4145.5 3853.96 3635.13 3476.55 3203.43 3107.79 3051.45 3016.84 3008.96 2977.59 2968.79 2943.43 2898.99 3015.94 3118.62 3068.77 2971.38 2874.28 2895.16 3061.44 3180.2 3193.39 3162.35 3234.5 3347.79 3481.12 3628.45
3959.6 3943.16 3930.7 3916.61 3910.79 3912.2 3917.17 3925.46 3922.75 3906.17 3897.66 3888.69 3920.9 3930.01 3929.05 3936.03 3959.14 3965.5 3973.16 3969.6 3953.84 3976.02 3999.83 4000.91 3997.64 4030.64 4035.75 4051.46 4065.31 4079.93 4097.53 4157.79 4211 4221 4169.47 4170.68 4221.26 4263.83 4277.4 4250.39 4125.19 3866.16 3615.73 3533.13 3168.4 3079.47 3020.69 2970.95 2990.36 3033.31 3046.95 2978.73 2985.21 3123.12 3203.14 3163.68 3020 2846.21 2838.15 2986.56 3120.73 3190.43 3188.06 3231.57 3326.88 3440.09 3595.92
3931.7 3933.5 3929.5 3913.79 3908.11 3909.13 3907.34 3900.26 3904.95 3903.45 3906.84 3926.99 3950.77 3937.96 3936.43 3944.67 3953.93 3959.45 3955.97 3939.68 3951.6 3981.26 4013.17 4032.74 4022.31 4025.33 4046.19 4078.46 4093.46 4103.4 4122.27 4153.78 4178.69 4198.95 4207.66 4243.83 4266.73 4281.37 4279.35 4242.77 4121.05 3894.81 3630.35 3577.1 3156.37 3047.76 3019.18 3005.7 3001.2 3021.92 3037.77 2956.92 3027.85 3177.83 3251.93 3257.89 3083.95 2870.34 2868.14 3015.35 3155.12 3258.26 3282.2 3350.61 3394.9 3473.05 3653.48
3920.35 3923.22 3927.11 3925.48 3918.38 3912.66 3908.49 3901.67 3899.75 3907.69 3913.11 3914.18 3938 3926.92 3931.87 3941.52 3961.13 3954.13 3937.46 3938.77 3960.58 3985.35 4011.21 4028.57 4024.82 4034.51 4062.3 4100.74 4105.37 4114.12 4132.92 4151.16 4174.44 4207.62 4246.3 4307.11 4292.97 4297.14 4298.7 4287.64 4226.26 3987.34 3708.39 3614.69 3185.58 3073.83 3081.55 3104.82 3022.7 2991.72 2981.15 2962.69 3024.53 3162.14 3251.16 3249.37 3140.31 2995.66 3015.3 3169.12 3284.97 3377.83 3481.2 3500.51 3512.19 3540.35 3707.33
3907.63 3914.58 3923.05 3942.93 3936.77 3921.9 3915.28 3916.82 3916.76 3925.74 3924.76 3920.08 3925.68 3933.69 3929.43 3934.92 3966.49 3960.89 3945.98 3955.6 3967.22 3992.02 4012.75 4028.26 4043.23 4062.03 4073.91 4080.34 4094.13 4100.22 4120.16 4149.44 4175.19 4195.86 4225.99 4235.56 4278.29 4311.07 4335.25 4347.55 4318.76 4073.85 3843.27 3738.23 3238.72 3140.73 3145.49 3101.9 3020.7 2939.35 2922.61 2927.61 3013.09 3134.54 3172.64 3158.03 3146.02 3175.27 3212.54 3220.55 3230.67 3337.47 3495.56 3614.52 3608.75 3647.22 3636.91
3903.51 3905.12 3914.71 3939.07 3944.13 3920.12 3922.03 3927.16 3949.25 3956.83 3943.29 3934.96 3936.32 3944.16 3939.82 3943.72 3971.07 3977.24 3973.7 3973.47 3987.61 3998.76 4015.79 4023.54 4029.37 4050.83 4069.19 4077.22 4081.84 4079.6 4102.59 4149.85 4199.33 4219.81 4199.9 4212.59 4290.53 4344.12 4375.73 4394.52 4334.16 4123.93 3879.8 3789.47 3316.51 3212.26 3211.05 3168.66 3063.01 2970.54 2893.28 2891.36 2938.72 3003.83 3034.9 3002.34 3026.95 3257.52 3354.39 3262.59 3241.95 3303.25 3463.49 3597.98 3601.74 3584.57 3473.46
3886.98 3892.81 3898.18 3928.74 3932.63 3916.47 3933.33 3957.44 3970.01 3962.58 3946.67 3936.82 3934.74 3948.09 3979.67 3992.6 3998.21 3981.6 3983.12 4008.22 4017.04 4015.05 4010.56 4010.84 4019.39 4040.24 4060.83 4073.05 4083.28 4096.57 4110.56 4139.81 4180.53 4189.02 4195.76 4262.5 4326.19 4344.24 4366.36 4396.68 4363.43 4160.32 3910.75 3712.06 3406.65 3290.56 3280.78 3229.71 3123.08 3083.75 2948.61 2882.57 2868.51 2892.82 2953.19 2930.33 3028.05 3263.56 3411.87 3338.75 3293.99 3305.25 3407.52 3474.13 3504.63 3495.18 3412.82
3878.12 3888.04 3899.98 3933.06 3955.25 3942.57 3941.52 3949.16 3968.13 3956.96 3942.76 3933.04 3952.25 4002.48 4016.45 4021.64 4024.22 4005.01 4004.87 4026.47 4034.31 4026.6 4023.38 4017.71 4021.68 4035.49 4060.26 4078.25 4085.84 4101.12 4106.5 4111.8 4121.38 4143.48 4202.41 4334.79 4342.24 4323.31 4325.73 4352.14 4421.82 4241.8 3987.85 3749.48 3524.76 3376.65 3289.83 3200.07 3089.25 3021.47 2909.44 2861.15 2870.26 2949.8 2982.68 2956.96 3015.26 3120.09 3205.41 3206.08 3248.01 3332.84 3349.38 3343.99 3411.81 3453.03 3407.88
3891.78 3893.68 3896.07 3911.9 3920.2 3940.3 3933.55 3928.11 3932.69 3933.2 3938.05 3949.86 3973.13 3995.72 4008.5 4035.48 4032.37 4032.75 4037.85 4044.76 4043.48 4037.46 4035.2 4032.98 4050.82 4061.09 4063.01 4069.91 4080.71 4087.2 4088.24 4083.35 4078.27 4115.62 4189.33 4250.68 4265.21 4267.69 4265.03 4264.4 4356.64 4333.29 4058.13 3784.16 3634.68 3450.93 3325.2 3160.3 3030.92 2993.32 2924.36 2911.04 2886.43 2897.5 2882.82 2877.28 2901.48 2957.15 3043.67 3078.88 3130.21 3227.3 3261.24 3289.04 3385.13 3483.17 3534.83
3920.98 3905.7 3905.87 3911.37 3927.64 3912.15 3923.28 3933.95 3922.94 3934.73 3935.52 3939.69 3973.91 3994.32 3996.71 3999.33 4010.48 4023.59 4038.89 4036.1 4042.48 4045.66 4066.91 4058.95 4062.39 4060.72 4060.32 4066.62 4077.65 4084.55 4084.01 4075.65 4060.27 4077.56 4102.98 4149.02 4182.97 4202.75 4206.82 4212.84 4286.28 4322.81 4088.44 3820.12 3732.95 3469.39 3355.09 3182.63 3036.69 3029.8 2983.62 2955.08 2874.83 2812.38 2754.16 2781.97 2822.02 2837.12 2904.08 2985.81 3019.12 3049.26 3162.64 3271.38 3355.04 3419.91 3361.58
3920.35 3902.65 3891.41 3906.59 3915.59 3911.4 3923.32 3930.06 3929.55 3920.61 3936.3 3961.17 3970.41 3984.26 3987.53 3978.58 3996.79 4015.57 4039.88 4030.5 4039.69 4041.3 4078.72 4084.57 4058.22 4049.46 4049.44 4061.35 4083.36 4103.73 4091.07 4085.94 4089.19 4090.05 4112.19 4121.24 4137.76 4172.56 4191.05 4200.08 4236.52 4286.96 4114.34 3853.63 3774.51 3473.5 3419.68 3241.67 3106.73 3067.14 3045.93 3004.49 2967.16 2882.46 2789.42 2802.7 2787.78 2747.89 2815.98 2913.19 2942.01 3001.6 3094.42 3192.12 3246.3 3228.77 3181.23
3913.15 3894.54 3891.64 3909.97 3926.51 3938.78 3953.04 3948.16 3941.36 3923.84 3941.37 3967.4 3985.74 4004.95 3996.78 3993.02 4004.74 4024.89 4035.36 4025.52 4025.25 4051.3 4088.7 4071.71 4053.38 4040.9 4057.08 4069.75 4086.7 4095.94 4093.49 4086.3 4089.21 4104.32 4128.98 4122.99 4137.4 4178.31 4213.3 4225 4235.51 4320.46 4155.38 3923.75 3829.54 3520.86 3458.25 3284.91 3192.39 3152.7 3059.1 3060.87 3050.43 2966.66 2884.4 2827.09 2821.49 2799.48 2782.34 2902.73 2911.55 2984.59 3035.29 3085.44 3101.46 3076.33 3019.48
3903.93 3896.89 3903.92 3922.95 3949.59 3965.18 3982.31 3980.91 3952 3937.81 3943.11 3961.83 3988.05 4012.91 4017.86 4004.33 4007.87 4017.14 4022.36 4031.35 4034.27 4032.05 4046.64 4055.91 4040.57 4040.44 4058.67 4083.07 4100.91 4102.49 4094.19 4082.91 4082 4099.42 4122.36 4132.47 4161.65 4196.81 4250.31 4280.97 4228.53 4233.77 4144.61 3977.1 3858.06 3603.37 3530.68 3390.1 3274.07 3175.61 3049.74 2980.82 2956.3 2940.97 2892.27 2884.45 2875.15 2889.45 2924.74 2929.39 2899.82 2961.96 2986.3 2978.65 2937.66 2915.33 2911.65
3919.01 3923.64 3924.9 3932.98 3943.29 3959.06 3983.16 3988.29 3981.36 3957.16 3929.65 3937.27 3969.17 4004.74 4027.94 4006.5 4009.06 4015.66 4022.96 4025.9 4030.84 4029.3 4048.52 4050.26 4045.81 4061.75 4078.19 4090.21 4117.69 4119.96 4092.64 4078.16 4076.34 4081.27 4095.98 4128.53 4152.11 4213.22 4270.57 4346.52 4354.87 4278.55 4154.63 4004.58 3880.44 3662.58 3631.41 3537.5 3420.49 3254.88 3093.47 2959.43 2898.76 2913.51 2956.25 2981.54 2961.55 2939.08 2946.26 3004.39 2959.03 2995.39 2967.78 2923.92 2860.07 2869.64 2927.92
3936.77 3944.93 3939.87 3943.23 3946.41 3952.34 3981 3988.21 3995.68 3990.11 3954.12 3938.69 3951.99 3972.02 4023.96 4022.92 4023.1 4042.27 4017.11 4023.9 4025.24 4026.19 4030.71 4037.86 4044.17 4053.66 4064.05 4067.77 4082.58 4085.48 4070.36 4059.32 4062.15 4070.34 4090.03 4138.24 4195.73 4222.82 4256.66 4302.46 4495.61 4423.93 4290.7 4068.37 3908.61 3722.59 3674.94 3645.51 3559.72 3375.66 3154.74 2976.51 2874.09 2899.23 2964.77 3009.65 2976.46 2935.29 2955.71 2989.64 3009.28 3006.82 2962.48 2923.56 2903.02 2903.61 2929.53
3935.13 3948.05 3948.81 3950.49 3957.52 3965.84 3955.62 3993.13 4009.08 4004.24 3966.09 3957.17 3964.53 3986.56 4008 4027.01 4036.42 4034.91 4026.15 4029.55 4036.92 4039.79 4027.19 4024.56 4024.89 4034.05 4027.77 4031.74 4034.98 4041.47 4042.8 4040.95 4054.31 4080.39 4103.53 4129.77 4188.41 4216.86 4251.53 4310.48 4398.33 4417.6 4367.65 4265.62 3971.62 3756.69 3678.56 3644.57 3616.94 3434.96 3230.34 3031.07 2923.94 2919.65 2926.1 2916.08 2905.73 2891.64 2943.27 2968.36 3009.75 2976.18 2950.28 2930.5 2903.63 2859.96 2934.19
3925.32 3937.2 3946.45 3950.34 3955.9 3964.61 3982.69 3992.72 4009.22 4011.48 4005.48 3992.34 3993.1 4015.32 4008.04 4029.6 4053.15 4059.97 4046.57 4038.64 4032.65 4026.93 4028.57 4032.83 4044.62 4038.61 4023.97 4022.04 4016.63 4020.29 4020.98 4024.98 4043.11 4069.44 4090.52 4114.28 4144.75 4186.07 4237.33 4277.65 4337.88 4363.41 4353.16 4364.07 4166.64 3915.42 3714.7 3590.46 3536.91 3425.41 3259.86 3119.68 3073.64 3057.82 2971.88 2891.69 2864.54 2853.13 2893.28 2883.84 2893.97 2909.6 2937.44 2948.35 2952.6 2878.2 2909.81
3915.11 3927.56 3938.4 3943.81 3949.03 3954.44 3965.71 3996.87 4002.21 3997 4000.79 4024.71 4037.63 4026.04 4013.72 4027.38 4046.01 4071.03 4063.95 4048.38 4034.12 4031.15 4037.95 4041.38 4050.64 4033.67 4014.57 4015.88 4028.56 4018.5 4009.95 4003.25 4027.61 4052.71 4087.15 4116.04 4111.23 4156.34 4237.02 4266.32 4311.37 4331.29 4340.6 4356.87 4348.69 4170.72 3888.67 3684.07 3564.39 3443.42 3283.8 3205.31 3221.67 3217.16 3075.01 2982.21 2924.99 2866.96 2860.83 2847.68 2828.53 2897.28 2942.14 2943.54 2928.63 2902.41 2901.05
3914.43 3915.46 3925.7 3939.66 3948.91 3948.13 3958.16 3996.07 3997.07 3990.49 4006.62 4027.37 4041.88 4023.35 4003.4 4014.93 4036.46 4062.4 4063.9 4053.1 4051.93 4042.83 4039.59 4034.91 4027.26 4013.4 4008.58 4002.99 4017.99 4017.04 4010.62 4011.21 4023.36 4048.08 4084.02 4119.27 4117.93 4155.12 4222.88 4255.64 4266.7 4307.73 4329.78 4347.02 4452.4 4377.43 4162.23 3907.67 3723.73 3541.28 3365.7 3286.32 3250.39 3208.77 3197.97 3112.68 2996.19 2954.02 2940.63 2923.45 2922.06 3009.18 2981.35 2946.76 2922.6 2947.42 2916.2
3922.43 3915.89 3926.03 3941.26 3957.89 3977.11 3986.84 3997.13 3995.18 4001.34 4010.89 4010.9 4026.68 4023.7 4012.13 4003.7 4014.14 4013.16 4029.49 4037.34 4044.8 4038.62 4042.4 4036.08 4026.53 4001.33 3989.25 3996.95 4010.14 4013.96 4013.32 4015.35 4022.31 4033.84 4064.34 4092.14 4118.38 4154.62 4188.32 4214.21 4238.02 4302.5 4350.06 4362.39 4391.7 4390.14 4339.19 4199.78 3943.93 3734.24 3535.43 3409.83 3293.86 3209.1 3202.01 3172.59 3100.09 3061.02 3069.29 3087.53 3085.67 3053.29 3022.61 2965.8 2931.69 2951.21 2959.87
3955.62 3929.07 3929.35 3944.9 3966.3 3989.39 4002.12 3982.86 3979.4 3989.66 4011.63 4019.32 4019.7 4010.26 4003.58 3991.77 3977.85 3981.07 3995.4 4012.34 4025.15 4045.92 4057.8 4049.32 4017.22 4003.94 3998.41 4000.07 4004.61 4007.74 4012.56 4020.27 4024.97 4036.48 4060.51 4084.99 4118.02 4153.41 4192.7 4193.95 4224.72 4288.13 4390.73 4407.02 4438.27 4367.92 4363.6 4300.65 4172.34 4032.27 3830.33 3573.59 3392.48 3285.97 3243.69 3230.57 3221.4 3173.82 3170.95 3144.74 3112.83 3101.99 3088.86 3036.4 3007.59 3030.83 3047.99
4058.49 3990.18 3954.18 3961.88 3973.77 3979.73 3972.31 3954.86 3967.01 3970.75 3982.48 4004.62 4003.13 3991.69 3979.04 3980.71 3984.23 3976.76 3980.08 3987.94 3997.09 4008.8 4026.95 4009.71 3993.58 3992.74 3989.51 3995.29 3991.12 4002.42 4009.15 4018.76 4032.98 4046.75 4072.96 4107.12 4121.14 4130.07 4174.87 4174.76 4202.34 4234.43 4260.44 4335.78 4409.29 4421.75 4403.69 4367.45 4328.8 4269.94 4093.83 3765.98 3535.78 3393.43 3317.96 3283.28 3277.47 3262.3 3256.76 3255.47 3336.93 3274.44 3242.72 3172.21 3144.35 3160.36 3202.35
4205.72 4111.69 4028.93 4015.68 4000.74 3979.29 3957.23 3958.38 3979.23 3975.43 3983.08 4006.6 4000.96 3991.54 3987.27 3983.73 3993.51 3983.9 3977.47 3974.08 3973.51 3991.12 3997.18 3987.02 3988.88 3974.76 3981.3 3988.57 3994.31 4005.34 4022.41 4034.32 4046.11 4065.41 4085.28 4108.73 4125.7 4137.92 4138.92 4176.79 4189.47 4195.52 4191.74 4253.21 4342.38 4404.2 4431.11 4392.53 4318.73 4300.75 4166.04 3907.3 3699.48 3526.27 3439.26 3408.36 3394.8 3357.42 3371.51 3430.12 3539.35 3574.03 3469.9 3383.37 3383.55 3370.77 3434.44
4221.09 4200.13 4123.31 4100.88 4050.32 3988.44 3963.67 3966.2 3977.15 3997.41 3992.96 4001.76 4003.3 3995.24 3991.4 3984.15 3984.35 3984.53 3976.05 3969.02 3975.79 3992.9 3974.02 3985.32 3998.86 3955.04 3960.33 3987.8 3992.02 4005.13 4024.32 4040.2 4055.69 4074.12 4091.26 4110.75 4129.42 4146.34 4157.25 4177.33 4188.95 4197.28 4202.38 4214.99 4284.99 4357.01 4358.92 4356.44 4314.77 4303.37 4242.35 4086.22 3924.68 3757.4 3671.07 3617.97 3573.74 3558.93 3557.99 3585.9 3691.65 3738.04 3699.79 3685.81 3754.1 3759.37 3721.91
3920.59 4096.55 4234.62 4214.13 4107.49 4014.19 3981.78 3968.59 3971.28 3968.59 3970.31 3996.97 4001.73 4003.09 4006.52 3995.31 3985.09 3985.15 3977.29 3965.76 3956.53 3960.86 3959.74 3969.2 3994.12 3989.3 3992.29 3988 3983.88 4000.09 4018.62 4037.58 4055.12 4074.38 4092.52 4109.68 4127.59 4146.23 4144.67 4176.07 4194.09 4207.37 4217.31 4205.07 4227.81 4303.76 4327.36 4316.97 4307.55 4345.23 4368.98 4334.69 4254.55 4106.42 4010.24 3928.94 3864.78 3852.38 3860.73 3848.45 3861.01 3883.67 3880.42 3928.39 3955.74 3899.15 3850.21
3767.02 3961.78 4183.68 4216.4 4128.74 4045.3 4006 3983.99 3974.08 3961.46 3970.41 3987.22 3999.77 4001.53 4011.97 4004.36 3995.98 3993.36 3985.08 3977.19 3968.24 3974.74 3973.62 3972.21 3996.71 3992.65 3983.81 3983.89 3986.9 4001.69 4015.3 4037.34 4055.2 4072.56 4092.05 4108.23 4124.67 4139.02 4139.32 4182 4192.93 4199.72 4199.45 4191.59 4212.36 4315.53 4329.99 4291.89 4286.9 4312.33 4379.78 4399.1 4363.49 4340.68 4353.8 4336.54 4276.87 4326.39 4171.87 4053.45 4023 3969.03 3963.41 3941.19 3924.38 3887.79 3893.48
3720.62 3853.94 4023.98 4111.81 4109.3 4056.97 4008.52 3993.49 3972.64 3963.06 3969.79 3986.55 4004.96 4006.98 4021.01 4023.24 4000.14 4013.73 3999.27 3989.18 3976.37 3969.03 3967.68 3970.36 3977.83 3980.57 3975.86 3982.38 3995.01 4013.59 4033.57 4048.29 4065.83 4080.47 4090 4103.47 4120.7 4138.12 4167.84 4185.67 4178.31 4181.21 4186.75 4181.82 4198 4253.01 4245.69 4227.74 4234.14 4272.32 4353.15 4384.86 4382.17 4403.68 4471.03 4430.68 4430.03 4407.1 4379.51 4291.75 4213.17 4181.56 4039.68 3983.41 3943.32 3932.52 3969.06
3684.41 3783.18 3960.14 4083.57 4110.6 4071.43 4001.59 3987.44 3966.84 3960.72 3963.61 3981.11 4010.61 4017.38 4017.39 4022.11 4018.03 4013.98 3997.56 3985.37 3968.65 3969.47 3978.2 3976.43 3972.72 3988.91 3998.03 3996.04 4014.7 4023.03 4036.38 4053.19 4076.59 4082.13 4088.58 4094.13 4093.54 4149.41 4139.3 4150.51 4152.35 4138.75 4148.21 4166.84 4191.63 4213.3 4191.44 4177.11 4184.27 4202.33 4281.75 4335.23 4358.16 4371.63 4398.48 4361.54 4368.55 4405.95 4373.75 4356.12 4335.29 4331.57 4236.75 4074.77 4020.39 4019.86 4096.23
3667.27 3746.59 3947.59 4120.1 4139.18 4092.97 3995.01 3966.57 3959.24 3959.52 3964.27 3973.16 3998.79 4009.68 4013.47 4024.11 4028.44 4006.47 3988.64 3986.56 3977.73 3979.11 3984.98 3984.4 3990.47 4011.25 4020.82 4019.8 4024.15 4028.01 4037.94 4051.39 4057.56 4077.42 4089.93 4105.37 4141.86 4213.51 4182.15 4157.86 4145.32 4133.07 4134.57 4138.14 4152.56 4158.46 4157.28 4167.79 4166.47 4172.41 4236.96 4289.72 4314.4 4308.54 4334.84 4347.43 4350.49 4363.62 4383.33 4307.12 4342.76 4402.52 4350.87 4262.99 4168.52 4127.95 4131.6
