real_craters/C201-500m.grd
DSAA
442 442
-110.3725 110.3725
-110.3725 110.3725
2884.2389803132 5304.6884161092
[rows 30 to 59 of 442, columns 335 to 401 of 442]
4149.46 4152.38 4155.55 4158.29 4158.77 4159.26 4159.27 4157.41 4155.91 4154.33 4153.98 4154.7 4155.48 4156.03 4156.08 4155.78 4155.22 4154.26 4153.5 4153.88 4155.71 4158.34 4158.07 4158.22 4158.8 4158.76 4159.13 4159.99 4160.56 4160.81 4160.98 4160.69 4160.1 4161.17 4161.71 4162.67 4162.52 4151.45 4163.89 4165.24 4165.4 4166.54 4169.47 4171.11 4171.68 4171.05 4169.56 4172.54 4178.39 4178.02 4184.26 4193.72 4202.27 4209.4 4209.62 4155.97 4040.13 4087.9 4135.28 4166.05 4176.61 4174.28 4174.69 4176.44 4178.38 4177.62 4177.02
4149.43 4151.61 4154.44 4156.73 4157.68 4159.06 4159.21 4157 4154.66 4153.17 4153.43 4155.18 4156.8 4156.86 4156.38 4155.96 4156.34 4155.83 4154.9 4154.79 4154.57 4158.16 4157.28 4157.14 4157.39 4157.15 4158.97 4160.52 4161.79 4162.67 4162.22 4160.66 4159.56 4160.28 4161.33 4162.96 4164.78 4169.26 4166.75 4165.91 4165.21 4167.13 4168.78 4170.75 4171.9 4172.33 4172.99 4174.44 4177.89 4177.54 4183.77 4192.2 4200.68 4207.48 4208.79 4167.39 4067.7 4092.03 4132.31 4162.1 4172.99 4171.95 4173.49 4175.92 4177.35 4177.41 4178.19
4150.32 4152.04 4153.64 4155.31 4156.29 4157.92 4158.79 4155.56 4154.18 4152.64 4153.06 4155.77 4157.91 4158.33 4157.42 4156.5 4157.66 4156.56 4154.45 4152.73 4152.64 4153.64 4154.36 4155.18 4156.45 4157.95 4159.73 4161.48 4163.03 4163.73 4162.7 4161.07 4159.47 4161.19 4162.08 4163.67 4165.31 4165.97 4166.97 4167.01 4167.06 4166.81 4169.34 4171.57 4172.8 4173.84 4174.82 4174.26 4167 4177.43 4182.73 4188.52 4195.33 4199.06 4196.27 4187.42 4194.33 4146.5 4149.11 4163.7 4171.06 4170.69 4171.44 4174.24 4176.18 4176.22 4176.2
4154.84 4153.68 4153.05 4153.04 4154.25 4157.67 4160.05 4157.52 4154.74 4152.46 4152.97 4157.23 4161.35 4160.6 4158.77 4156.61 4158.15 4156.75 4153.75 4151.29 4149.84 4149.17 4150.95 4152.92 4154.94 4158.3 4161.26 4162.56 4163.65 4163.22 4163.75 4161.88 4160.02 4160.26 4162.44 4164.16 4165.59 4166.72 4167.57 4167.91 4168.55 4166.17 4170.1 4172.5 4173.41 4174.74 4176.79 4179.45 4175.93 4176.3 4181.67 4186.77 4188.22 4188.86 4184.45 4177.38 4175.59 4166.1 4162.08 4166.39 4170.23 4168.5 4169.94 4173.54 4175.27 4174.42 4173.51
4159.31 4155.29 4152.36 4150.62 4151.74 4157.18 4161.52 4159.36 4155.55 4152.73 4152.77 4157.37 4161.77 4161.79 4160.31 4158.83 4159.13 4157.05 4153.52 4150.14 4147.33 4146.28 4148.92 4151.49 4153.83 4160.37 4162.08 4163.39 4164.81 4166.51 4164.74 4163.04 4161.46 4161.72 4164.44 4164.6 4165.53 4166.75 4167.34 4167.67 4167.74 4167.08 4170.62 4172.22 4172.88 4173.72 4175.02 4173.69 4175.89 4175.99 4180.04 4183.81 4185.83 4184.66 4178.52 4171.22 4170.55 4166.94 4165.27 4167.12 4168.34 4167.45 4170.7 4173.84 4174.04 4172.25 4170.86
4160.33 4155.14 4151.05 4148.24 4147.94 4155.45 4160.98 4159.72 4155.94 4152.4 4150.99 4155.7 4160.5 4161.67 4161.36 4160.47 4159.17 4157.35 4153.9 4150.34 4147.26 4147.25 4149.18 4151.62 4154.14 4158.08 4161.43 4163.35 4164.94 4165.64 4165.58 4164.64 4163.28 4163.35 4162.97 4164.04 4164.91 4165.89 4166.43 4166.76 4167 4167.14 4168.43 4170.75 4171.88 4172.47 4172.92 4172.6 4173.98 4174.72 4176.08 4176.82 4177.27 4179.67 4176.19 4176.25 4168.78 4167.96 4167.91 4168.04 4168 4167.44 4170.47 4169.55 4170.01 4169.68 4169.53
4156.78 4153.06 4149.36 4146.48 4146.22 4154.25 4159.95 4159.55 4155.33 4151.33 4149.9 4153.66 4158.52 4161.53 4162.27 4161.64 4160.8 4157.68 4154.5 4151.17 4148.05 4147.82 4150.54 4152.77 4155.53 4158.15 4160.98 4163.09 4164.53 4165.53 4166.51 4166 4164.62 4163.68 4163.41 4163.27 4164.46 4165.67 4166.58 4166.97 4167.03 4167.67 4168.32 4170.12 4171.73 4172.4 4172.29 4171.77 4173.27 4173.04 4172.62 4172.1 4171.59 4170.85 4169.23 4164.67 4164.28 4164.4 4165.29 4166.41 4164.66 4165.46 4166.05 4166.67 4167.1 4167.31 4167.43
4153.02 4150.64 4147.66 4145.33 4144.98 4148.83 4157.51 4158.18 4153.85 4149.79 4147.77 4152.3 4158.86 4162.62 4163.34 4162.52 4159.44 4157.12 4155.37 4151.8 4150.24 4150.55 4152.55 4154.13 4155.88 4158.78 4161.28 4162.83 4164.01 4165.28 4166.71 4167.02 4165.49 4163.42 4162.54 4162.47 4163.99 4166.1 4167.89 4167.16 4166.36 4167.8 4169.24 4170.26 4171.44 4171.9 4171.65 4170.95 4171.87 4171.79 4171.27 4171.21 4171.19 4170.97 4169.9 4166.37 4160.05 4161.88 4162.7 4162.33 4162.15 4163.42 4162.91 4164.35 4164.99 4165.6 4166.19
4151.35 4148.9 4146.34 4144.52 4144.83 4148.2 4152.61 4153.93 4151.94 4148.82 4146.85 4152.21 4160.86 4165.42 4164.29 4162.5 4159.71 4157.55 4158.86 4153.73 4153.77 4154.99 4155.5 4155.31 4156.48 4159.44 4161.77 4162.44 4163.28 4164.05 4166.33 4168.09 4166.29 4164.34 4160.74 4161.76 4163.27 4165.01 4166.11 4167.26 4166.9 4172.13 4171.84 4170.19 4170.24 4170.14 4169.75 4169.33 4169.51 4169.17 4169.31 4169.76 4170.42 4170.06 4170.88 4170.15 4164.56 4162.29 4161.34 4161.09 4161.2 4161.7 4161.51 4162.96 4163.95 4164.8 4165.33
4149.98 4147.37 4145.25 4143.44 4142.93 4147.32 4153.56 4150.83 4150.58 4149.28 4148.53 4153.53 4161.23 4165.06 4164.25 4162.09 4158.93 4158.19 4157.23 4155.97 4155.47 4154.9 4155.98 4155.6 4156.4 4158.06 4160.29 4161.5 4162.52 4163.34 4164.9 4166.66 4166.59 4166.07 4164.77 4163.02 4163.19 4164.11 4165.83 4165.68 4168.65 4175.02 4168.55 4168.72 4168.56 4168.25 4168.08 4167.62 4168.55 4166.56 4166.32 4166.59 4167.25 4168.6 4169.89 4171.76 4168.21 4162.16 4159.74 4159.09 4159.84 4159.36 4160.29 4161.63 4163.77 4165.57 4167.04
4148.31 4146.31 4144.21 4142.68 4141.85 4146.7 4154.06 4153.88 4152.12 4152.05 4153.36 4156.9 4160.84 4163.47 4163.91 4162.22 4160.08 4158.85 4159.83 4157.06 4155.33 4154.41 4157.32 4155.71 4154.48 4157.04 4159.17 4160.77 4161.85 4163.21 4164.98 4166.08 4166.16 4165.68 4165 4162.77 4162.7 4163.36 4164.6 4166.71 4171.95 4172.56 4168.1 4168.34 4167.43 4167.46 4167 4166.16 4166.06 4164.45 4163.74 4164.12 4164.94 4165.47 4165.19 4163.12 4160.05 4158.17 4156.97 4156.17 4155.97 4156.88 4159.29 4161.4 4163.74 4166.12 4168.55
4147.72 4145.65 4143.65 4142.53 4143.22 4147.32 4168.38 4153.13 4153.63 4154.37 4156.43 4159.04 4161.23 4162.61 4164.76 4164.86 4161.67 4159.96 4159.75 4158.37 4156.66 4155.38 4157.66 4157.46 4156.85 4157.91 4159.52 4160.41 4161.37 4162.58 4163.73 4166.75 4165.17 4162.97 4161.9 4161.51 4161.77 4162.4 4163.54 4165.31 4166.15 4176.99 4184.75 4167.88 4165.47 4165.19 4164.61 4164.1 4162.61 4161.1 4160.57 4161.15 4161.81 4162.15 4161.33 4158.4 4154.92 4154.28 4154.69 4154.94 4155.75 4157.65 4159.15 4161.27 4163.51 4165.96 4168.03
4148.37 4145.7 4143.19 4141.54 4141.57 4146.12 4153.91 4155.26 4155.76 4156.05 4157.19 4159.16 4161.27 4164.79 4165.02 4165.16 4161.01 4159.97 4160.42 4159.66 4158.6 4158.43 4159.46 4160.71 4159.94 4159.43 4159.94 4160.73 4161.38 4162.02 4163.07 4165.89 4164.05 4161.52 4159.66 4160.38 4161.24 4162.2 4163.92 4166.81 4168.9 4179.43 4145.49 4161.56 4163.27 4163.45 4163.42 4162.04 4160.18 4158.52 4157.93 4158.56 4159.31 4159.67 4159.32 4154.27 4141.85 4150.15 4152.82 4154.54 4156.99 4159.85 4159.97 4161.35 4162.65 4165.37 4168.29
4149.52 4146.07 4142.94 4140.33 4138.98 4140.81 4150.23 4155.45 4156.78 4156.33 4156.45 4157.28 4159.32 4159.63 4163.38 4164 4162.61 4162.58 4162.35 4161.18 4160.92 4160.93 4161.92 4157.57 4158.92 4160.52 4161.3 4161.73 4161.65 4161.94 4162.26 4162.55 4163.76 4162.6 4160.76 4160.31 4161.27 4162.07 4163.14 4163.95 4169.56 4170.7 4172.14 4165.34 4162.15 4161.2 4159.77 4160.13 4159.1 4156.8 4155.37 4156.29 4157.06 4157.42 4157.6 4157.01 4170.83 4155.65 4153.34 4154.37 4160.5 4158.64 4159.73 4160.05 4161.34 4163.47 4165.56
4150.87 4147.31 4143.8 4140.32 4138.2 4139.73 4142.79 4151.47 4155.04 4155.26 4155.27 4155.51 4157.81 4161.09 4161.49 4162.81 4165.37 4164.31 4161.89 4161.69 4162.41 4164.7 4163.97 4164.27 4162.08 4161.68 4162.8 4162.49 4161.92 4162.35 4164.32 4166.75 4169.2 4167.64 4162.73 4163.84 4163.83 4163.17 4163.58 4166.47 4176.2 4181.21 4169.24 4162.54 4160.51 4159.74 4159.05 4156.37 4157.27 4156.02 4154.78 4155.13 4155.95 4156.22 4154.93 4156.41 4155.91 4154.66 4152.78 4153.82 4166.2 4172.73 4156.83 4157.84 4159.72 4161.23 4162.3
4151.73 4147.8 4143.79 4140.12 4136.92 4135.47 4138.5 4145.09 4150.7 4152.7 4153.61 4154.45 4155.67 4155.93 4158.94 4161.07 4162.44 4162 4160.96 4161.19 4162.07 4162.28 4160.94 4160.38 4160.73 4161.24 4162.22 4162.11 4161.69 4162.09 4164.63 4173.72 4180.61 4177.31 4171.68 4169.45 4166.07 4164.5 4164.61 4169.26 4177.54 4181.42 4167.97 4160.45 4158.54 4157.73 4156.75 4155.76 4154.97 4154.17 4153.76 4154.47 4155.81 4156.81 4156.43 4156.16 4154.51 4152.87 4151.59 4152.41 4157.48 4160.39 4159.85 4157.53 4158.35 4159.59 4160.8
4152.87 4149.3 4145.27 4141.19 4137.3 4134.37 4134.18 4140.44 4146.65 4150.15 4152.21 4153.68 4154.58 4154.96 4155.18 4157.16 4157.63 4157.67 4159.52 4160.62 4161.13 4160.42 4160.04 4157.84 4158.63 4160.08 4161.21 4161.6 4161.31 4161.47 4164.25 4178.74 4189.2 4186.18 4185.21 4176.95 4169.57 4165.31 4164.25 4169.3 4171.78 4170.52 4165.63 4160.09 4156.48 4155.94 4155.81 4152.82 4152.82 4152.69 4152.3 4154.13 4156.17 4157.97 4159.38 4156.82 4155.27 4152.62 4149.2 4153.24 4154.5 4155.43 4156.42 4156.45 4157.09 4157.98 4159.07
4153.48 4150.32 4146.97 4143.11 4138.81 4134.96 4134.79 4138.67 4144.97 4148.71 4151.13 4152.27 4153.67 4155.03 4155.66 4155.52 4155.42 4155.41 4158.93 4160.81 4161.45 4161.3 4159.48 4157.52 4157.55 4159.33 4161.29 4162 4160.9 4160.76 4162.5 4173.6 4187.56 4188.07 4182.91 4184.9 4170.19 4164.94 4163.68 4165.92 4169.48 4166.7 4156.8 4147.24 4153.8 4155.27 4155.63 4154.27 4153.31 4153 4152.04 4154.4 4156.42 4157.87 4157.61 4156.23 4154.18 4152.69 4151.96 4146.07 4153.81 4154.79 4155.43 4155.36 4155.89 4156.41 4156.95
4153.86 4151.4 4148.5 4145.36 4141.84 4138.52 4135.73 4139.23 4145.12 4148.88 4151.22 4152.5 4153.36 4154.24 4155.45 4156.26 4156.16 4159.67 4161.8 4162.47 4162.53 4162.41 4161.03 4156.25 4156.93 4158.41 4160.41 4161.03 4160.75 4160.13 4160.62 4168 4184.95 4185.5 4188.52 4175.12 4164.34 4163.02 4162.87 4164.09 4167.06 4164.9 4160.1 4160.39 4156.15 4156.11 4155.12 4154.03 4153.35 4153.62 4153.68 4155.35 4156.99 4158.32 4158.01 4155.28 4152.41 4150.87 4153.47 4156.29 4153.83 4155.14 4155.67 4153.81 4155.03 4155.92 4156.8
4154.61 4152.98 4150.91 4148.46 4145.92 4143.57 4140.82 4142.22 4146.62 4150.13 4152.26 4153.63 4153.64 4153.03 4156.21 4157.59 4158.79 4168.7 4164.87 4163.3 4163.64 4163.68 4163.27 4156.84 4157.01 4158.71 4160.73 4162.02 4161.41 4160.67 4161.01 4164.34 4171.39 4176.86 4176.26 4167.09 4163.33 4161.83 4161.36 4161.72 4163.45 4162.91 4161.35 4160.71 4161.19 4161.14 4156.93 4154.86 4153.97 4153.7 4155.27 4156.23 4156.99 4158 4157.13 4154.48 4151.46 4149.78 4150.03 4151.68 4153.62 4153.66 4150.36 4152.05 4153.6 4155.16 4156.62
4155.62 4154.96 4153.94 4152.23 4150.04 4148.2 4146.48 4146.9 4150.69 4151.92 4153.68 4155.38 4155.08 4151.38 4155.89 4158.5 4158.31 4157.87 4160.58 4162.12 4163.28 4162.94 4162.27 4158.73 4158.24 4160.25 4161.84 4162.99 4162.37 4161.63 4162.41 4166.24 4167.69 4169.34 4169.08 4167.04 4161.19 4160.38 4160.27 4160.48 4160.72 4160.83 4160.54 4161.17 4167.48 4172.35 4171.65 4165.51 4158.63 4152.91 4153.87 4155.19 4155.67 4156.49 4156 4154.08 4151.37 4148.56 4149.02 4150.5 4151.94 4151.33 4148.49 4151.5 4153.57 4155.52 4156.44
4156.9 4157.33 4157.25 4156.38 4154.68 4152.7 4152.07 4151.13 4151.19 4152.35 4154.2 4156.96 4160.04 4155.28 4157.05 4158.4 4157.64 4157.7 4159.04 4160.58 4161.91 4162.33 4160.59 4158.29 4159.8 4161.36 4163 4164.99 4163.53 4161.89 4161.37 4161.15 4162.82 4164.57 4164.96 4164.9 4146.88 4162.94 4164.06 4160.56 4160.59 4160.15 4160.33 4163.98 4176.4 4190.17 4191.7 4183.15 4166.28 4151 4149.66 4151.57 4153.17 4154.24 4154.52 4153.79 4152.74 4151.12 4149.08 4151.84 4154.81 4163.69 4147.35 4152.44 4153.72 4154.88 4155.99
4158.32 4159.46 4160.31 4160.76 4160.75 4158.39 4154.73 4151.92 4151 4151.67 4153.35 4155.15 4155.69 4155.25 4157.8 4158.64 4156.53 4157.65 4158.49 4158.5 4160.98 4163.14 4162.94 4160.24 4162.12 4162.71 4163.36 4164.33 4162.81 4160.99 4159.68 4158.98 4160.28 4161.32 4161.22 4157.69 4161.94 4160.77 4160.25 4161.11 4162.31 4159.38 4159.77 4165.13 4183.36 4211.41 4237.68 4206.9 4174.88 4150.92 4147.01 4149.47 4151.19 4152.68 4153.44 4154.09 4155.07 4157.22 4153.42 4150.48 4144.1 4114.34 4145.7 4151.85 4153.89 4154.59 4155.62
4159.44 4161.32 4163.11 4164.38 4164.74 4161.14 4155.24 4150.16 4148.67 4150.48 4152.04 4153.52 4153.28 4155.64 4158.1 4160.48 4159.6 4151.17 4144.15 4154.31 4159.83 4164.06 4162.53 4151.97 4163.3 4162.87 4162.35 4161.2 4160.45 4159.58 4158.35 4157.17 4157.71 4159.46 4160.42 4162.27 4164.65 4161.87 4158.06 4162.47 4159.38 4157.18 4157.05 4161.78 4179.65 4210.39 4245.04 4216.75 4178.19 4153.57 4146.98 4148.16 4148.83 4150.74 4152.14 4153.69 4154.97 4153.36 4151.48 4149 4147.85 4149.18 4146.59 4153.59 4154.07 4154.06 4154.56
4159.6 4162.39 4164.93 4166.95 4167.26 4162.86 4156.03 4150.72 4150.21 4150.57 4151.22 4152.36 4153.52 4154.11 4163.33 4164.42 4155.14 4151.53 4155.98 4155.2 4159.04 4162.17 4162.24 4160.9 4161.41 4161.66 4161.31 4160.51 4159.93 4159.2 4158.07 4156.97 4157.94 4159.66 4159.65 4159.29 4162.05 4159.86 4158.29 4166.17 4157.78 4155.04 4153.85 4154.62 4165.87 4183.48 4191.3 4184.38 4167.09 4152.83 4146.54 4145.68 4145.95 4147.36 4150.25 4152.86 4154.88 4156.73 4153.85 4148.49 4147.59 4148.47 4150.08 4150.47 4153.36 4154.42 4155.51
4159.56 4162.64 4165.97 4168.98 4169.99 4164.72 4158.47 4154.21 4152.48 4151.05 4150.47 4151.4 4152.14 4149.04 4156.17 4157.13 4153.33 4154.74 4155.61 4157.37 4158.38 4159.1 4158.76 4158.95 4159.46 4160.73 4161.34 4161.25 4161.02 4159.46 4158.34 4157.23 4158.83 4161.58 4160.05 4158.69 4160.16 4162.01 4158.83 4157.99 4155.88 4154.04 4152.39 4152.06 4156.58 4162.73 4161.6 4157.18 4153.84 4148.89 4145.22 4143.5 4144.68 4146.17 4149.13 4152 4154.16 4154.89 4152.93 4148.27 4146.99 4147.66 4148.28 4150.84 4152.84 4155.17 4157.07
4158.53 4162.03 4165.43 4168.63 4170.13 4165.17 4158.85 4156.62 4150.81 4146.49 4150.13 4150.72 4152.02 4152.21 4153.03 4153.01 4153.04 4155.11 4157.54 4158.5 4158.76 4157.96 4157.19 4156.73 4157.5 4159.42 4160.43 4160.36 4159.46 4159.67 4159.32 4159.79 4161.65 4161.93 4159.92 4158.29 4159.13 4158.15 4157.39 4157.27 4156.8 4154.7 4153.32 4153.46 4155.53 4155.9 4154.19 4151.62 4149.03 4146.68 4145.28 4146.7 4144.68 4145.61 4148.46 4151.18 4153.23 4153.75 4150.1 4147.51 4148.62 4148.77 4148.19 4149.65 4152.5 4154.63 4157.18
4157.72 4160.93 4163.95 4166.15 4166.32 4163.87 4160.37 4156.92 4155.08 4155.2 4151.69 4150.43 4147.91 4150.76 4151.59 4150.85 4152.49 4154.54 4156.78 4157.68 4158.32 4157.44 4156.52 4158.3 4157.95 4159.28 4159.88 4160.2 4161.09 4159.97 4160.01 4160.51 4161.39 4161.61 4158.93 4157.14 4158.64 4157.7 4155.05 4153.16 4154.55 4154.76 4154.8 4156.32 4158.27 4156.82 4154.17 4151.28 4148.4 4145.78 4144.11 4143.49 4144.84 4146.32 4148.51 4150.88 4152.68 4153.18 4149.97 4148.53 4152.19 4151.17 4149.44 4150.33 4152.84 4155.68 4158.18
4156.72 4159.68 4161.97 4163.73 4164.11 4162.38 4160.07 4157.02 4153.98 4150.96 4152.29 4151.21 4150.67 4151.14 4150.94 4150.2 4152.24 4154.37 4156.58 4157.81 4159.63 4160.67 4154.5 4151.62 4157.37 4160.02 4159.84 4159.29 4158.45 4159.65 4160.2 4160.53 4160.28 4151.19 4158.03 4156.58 4155.15 4154.91 4153.74 4154.15 4153.06 4154.03 4155.33 4156.8 4157.99 4158.8 4156.38 4151.97 4148.7 4146.89 4145.57 4143.87 4144.85 4146.73 4148.89 4150.74 4151.97 4152.9 4149.37 4148.9 4148.34 4150.65 4152.19 4153.76 4154.77 4157.88 4159.24
4155.81 4158.64 4160.93 4160.65 4161.04 4161.43 4159.83 4156.24 4154.51 4156.17 4154.15 4152.82 4152.5 4152.04 4151.47 4151.62 4153.63 4155.65 4156.53 4158.28 4159.82 4160.73 4153.22 4140.88 4154.82 4158.85 4159.03 4159.18 4159.31 4159.81 4160.03 4160.31 4161.12 4169.93 4162.23 4157.87 4154.35 4155.32 4153.68 4153.21 4153.56 4154.38 4155.16 4155.71 4156.96 4158.71 4157.48 4153.93 4150.71 4148.37 4146.2 4144.72 4145.54 4148.23 4150.57 4151.56 4151.84 4149.61 4149.87 4149.05 4148.1 4150.41 4153.76 4155.03 4156.66 4158.35 4160.96
