real_craters/C201-750m.grd
DSAA
295 295
-110.3725 110.3725
-110.3725 110.3725
2884.2389796777 5304.6884108824
[rows 228 to 265 of 295, columns 0 to 83 of 295]
4115 4116 4117 4119 4121 4129 4139 4146 4144 4144 4147 4150 4154 4156 4160 4158 4154 4151 4147 4143 4138 4133 4132 4131 4131 4133 4135 4136 4138 4142 4146 4147 4148 4149 4149 4151 4153 4152 4159 4167 4176 4187 4198 4216 4232 4242 4247 4239 4238 4239 4241 4244 4245 4247 4250 4252 4255 4256 4258 4258 4259 4259 4258 4259 4262 4267 4260 4258 4277 4295 4290 4279 4283 4285 4290 4295 4301 4307 4312 4318 4324 4325 4325 4326
4114 4114 4114 4115 4118 4124 4132 4139 4140 4142 4145 4148 4151 4153 4155 4155 4154 4152 4149 4145 4139 4134 4131 4130 4131 4131 4133 4135 4136 4137 4139 4147 4148 4148 4148 4150 4153 4154 4158 4164 4171 4179 4190 4207 4225 4236 4239 4232 4232 4235 4238 4241 4245 4247 4250 4252 4255 4258 4258 4259 4260 4260 4260 4262 4263 4266 4267 4270 4273 4276 4280 4280 4282 4285 4289 4293 4298 4303 4309 4315 4319 4322 4323 4324
4111 4111 4112 4113 4115 4119 4124 4132 4138 4140 4142 4145 4147 4148 4151 4152 4152 4152 4151 4148 4140 4132 4127 4126 4130 4132 4133 4137 4136 4135 4137 4145 4147 4147 4146 4145 4151 4153 4156 4160 4166 4172 4181 4198 4219 4232 4234 4227 4228 4231 4234 4238 4243 4246 4249 4252 4255 4257 4258 4259 4261 4265 4265 4263 4264 4265 4267 4269 4272 4272 4275 4278 4282 4287 4289 4292 4295 4299 4306 4311 4317 4319 4319 4321
4108 4109 4111 4113 4109 4114 4117 4126 4135 4137 4139 4141 4143 4143 4143 4146 4149 4151 4154 4152 4142 4132 4126 4128 4127 4127 4130 4135 4136 4133 4136 4144 4146 4145 4144 4146 4151 4153 4154 4157 4161 4166 4174 4190 4212 4224 4225 4222 4224 4227 4231 4235 4240 4245 4248 4252 4255 4257 4258 4258 4260 4264 4269 4264 4262 4263 4265 4267 4269 4271 4274 4278 4281 4284 4289 4292 4296 4299 4303 4307 4310 4313 4316 4319
4105 4107 4108 4108 4108 4111 4114 4123 4133 4134 4135 4136 4137 4138 4137 4141 4144 4148 4151 4149 4141 4132 4127 4126 4128 4124 4124 4132 4136 4135 4137 4141 4143 4143 4142 4143 4146 4150 4151 4153 4156 4160 4168 4183 4203 4215 4219 4219 4221 4224 4227 4231 4238 4243 4248 4252 4254 4257 4257 4259 4260 4263 4264 4264 4263 4262 4264 4266 4267 4270 4274 4278 4282 4285 4289 4293 4298 4300 4301 4303 4304 4309 4313 4318
4102 4105 4107 4110 4110 4110 4113 4120 4128 4129 4129 4130 4130 4130 4131 4135 4139 4144 4146 4145 4141 4134 4127 4130 4142 4130 4119 4123 4127 4132 4134 4137 4139 4140 4141 4142 4143 4146 4148 4150 4151 4154 4158 4168 4190 4207 4213 4215 4217 4220 4223 4227 4236 4242 4247 4252 4256 4258 4258 4260 4261 4263 4265 4265 4265 4265 4265 4266 4270 4271 4274 4278 4281 4283 4287 4292 4296 4298 4299 4299 4299 4303 4309 4316
4100 4102 4104 4107 4107 4109 4114 4116 4118 4122 4125 4126 4125 4124 4125 4129 4135 4140 4143 4142 4141 4136 4134 4132 4149 4133 4117 4118 4120 4123 4124 4129 4134 4137 4140 4142 4144 4144 4145 4146 4147 4149 4152 4159 4180 4197 4207 4209 4213 4216 4220 4227 4234 4241 4247 4252 4258 4258 4258 4259 4261 4263 4265 4265 4264 4264 4265 4265 4267 4272 4276 4281 4284 4282 4286 4290 4292 4295 4296 4297 4297 4298 4305 4312
4098 4100 4101 4103 4104 4107 4109 4113 4117 4121 4124 4124 4124 4122 4120 4126 4131 4136 4141 4145 4143 4138 4135 4131 4129 4127 4121 4119 4115 4103 4113 4122 4129 4134 4139 4143 4143 4141 4141 4142 4144 4146 4149 4156 4170 4187 4199 4206 4209 4214 4218 4224 4233 4240 4247 4253 4259 4258 4257 4258 4260 4263 4265 4265 4267 4266 4265 4266 4268 4272 4276 4279 4280 4283 4285 4288 4291 4293 4294 4295 4297 4297 4302 4309
4096 4097 4098 4099 4102 4105 4107 4110 4113 4117 4122 4122 4122 4121 4120 4122 4128 4133 4139 4143 4143 4140 4139 4138 4136 4129 4121 4121 4120 4107 4113 4120 4125 4133 4138 4142 4141 4137 4138 4139 4142 4144 4148 4153 4162 4175 4191 4201 4206 4210 4215 4224 4232 4240 4247 4254 4258 4258 4256 4256 4258 4261 4264 4265 4265 4265 4265 4266 4268 4271 4274 4278 4281 4283 4286 4288 4291 4291 4292 4292 4293 4296 4300 4306
4094 4095 4096 4096 4105 4103 4105 4107 4111 4114 4117 4118 4118 4119 4119 4121 4126 4131 4137 4142 4144 4142 4143 4145 4145 4138 4132 4129 4126 4123 4120 4123 4128 4133 4138 4141 4137 4133 4135 4137 4140 4144 4148 4153 4159 4167 4185 4194 4200 4206 4213 4223 4231 4239 4248 4255 4259 4257 4255 4255 4257 4260 4262 4263 4264 4264 4265 4265 4267 4270 4273 4277 4280 4284 4286 4287 4289 4289 4290 4289 4288 4294 4298 4303
4093 4094 4095 4097 4094 4098 4101 4104 4108 4111 4112 4115 4117 4117 4121 4119 4124 4131 4138 4142 4143 4142 4144 4148 4151 4145 4140 4136 4131 4127 4125 4125 4128 4131 4137 4141 4137 4133 4133 4136 4140 4144 4148 4151 4154 4160 4173 4182 4192 4202 4212 4221 4229 4238 4247 4254 4257 4254 4252 4251 4255 4258 4261 4262 4262 4263 4264 4266 4268 4270 4274 4278 4282 4285 4286 4287 4287 4288 4288 4288 4288 4290 4295 4300
4092 4093 4093 4091 4092 4094 4097 4101 4104 4107 4109 4112 4113 4112 4107 4112 4123 4132 4140 4145 4145 4144 4145 4145 4148 4146 4144 4140 4135 4130 4127 4125 4123 4127 4135 4142 4138 4129 4133 4137 4141 4144 4148 4152 4155 4158 4165 4172 4183 4195 4208 4218 4227 4236 4246 4253 4256 4254 4250 4251 4254 4257 4260 4260 4262 4264 4265 4266 4269 4272 4275 4280 4285 4287 4287 4288 4287 4287 4286 4286 4288 4287 4292 4300
4091 4092 4093 4092 4091 4092 4095 4098 4100 4102 4105 4109 4111 4110 4109 4113 4123 4135 4147 4154 4149 4153 4143 4140 4143 4143 4142 4140 4138 4132 4128 4125 4124 4128 4134 4141 4140 4135 4136 4139 4142 4145 4148 4151 4154 4159 4160 4166 4175 4188 4200 4213 4223 4233 4243 4253 4254 4250 4248 4249 4253 4256 4260 4267 4263 4264 4267 4268 4271 4274 4277 4283 4288 4289 4288 4286 4286 4285 4285 4284 4284 4286 4290 4297
4090 4092 4094 4096 4095 4094 4095 4096 4096 4096 4102 4108 4110 4108 4107 4112 4123 4137 4153 4175 4210 4176 4144 4135 4138 4139 4139 4140 4138 4133 4129 4127 4126 4128 4132 4137 4139 4141 4140 4141 4143 4145 4148 4151 4154 4154 4158 4159 4169 4180 4192 4205 4218 4229 4238 4246 4249 4246 4246 4248 4251 4255 4258 4259 4262 4265 4269 4274 4274 4276 4280 4285 4291 4291 4288 4285 4284 4285 4285 4285 4284 4284 4287 4294
4089 4092 4095 4100 4103 4099 4097 4095 4093 4091 4096 4104 4104 4103 4104 4110 4121 4135 4151 4169 4172 4160 4142 4138 4137 4136 4136 4136 4140 4134 4131 4127 4126 4126 4128 4131 4134 4138 4140 4142 4144 4146 4149 4152 4156 4156 4158 4158 4165 4174 4186 4200 4213 4229 4238 4248 4245 4241 4244 4248 4252 4255 4257 4258 4260 4265 4272 4277 4277 4278 4280 4285 4292 4293 4289 4284 4284 4285 4285 4286 4287 4286 4287 4292
4087 4090 4093 4099 4106 4108 4102 4097 4092 4089 4089 4092 4095 4098 4102 4106 4117 4129 4141 4149 4145 4142 4139 4136 4134 4133 4133 4135 4137 4134 4131 4128 4125 4124 4125 4127 4132 4137 4141 4142 4144 4147 4149 4151 4151 4153 4156 4159 4163 4170 4179 4193 4208 4223 4237 4248 4246 4236 4207 4241 4254 4256 4258 4259 4260 4266 4270 4274 4277 4279 4282 4287 4294 4298 4293 4288 4286 4285 4285 4285 4285 4285 4287 4291
4086 4088 4090 4097 4107 4112 4105 4098 4092 4088 4085 4089 4092 4096 4099 4105 4113 4122 4131 4137 4139 4138 4136 4133 4131 4131 4129 4128 4133 4132 4131 4129 4125 4123 4124 4127 4131 4136 4139 4141 4143 4145 4149 4151 4153 4151 4158 4158 4161 4166 4175 4189 4206 4220 4234 4244 4246 4242 4245 4248 4254 4257 4260 4261 4263 4267 4271 4274 4278 4280 4284 4288 4294 4299 4295 4290 4288 4286 4285 4284 4284 4285 4287 4290
4084 4088 4091 4096 4103 4108 4102 4096 4091 4087 4085 4089 4091 4094 4097 4101 4107 4116 4124 4130 4134 4136 4137 4137 4133 4132 4130 4126 4130 4134 4133 4129 4126 4123 4123 4125 4128 4131 4136 4139 4142 4143 4146 4148 4150 4151 4157 4159 4160 4163 4170 4185 4200 4214 4230 4241 4248 4250 4249 4252 4255 4258 4263 4266 4268 4270 4273 4275 4277 4280 4284 4289 4296 4300 4297 4293 4290 4287 4285 4283 4283 4284 4285 4288
4084 4088 4091 4095 4097 4098 4097 4094 4090 4087 4084 4088 4089 4091 4093 4095 4102 4111 4120 4127 4131 4134 4139 4142 4141 4139 4134 4130 4128 4133 4133 4130 4126 4124 4121 4121 4124 4130 4132 4137 4139 4139 4141 4143 4146 4150 4147 4157 4160 4164 4169 4181 4195 4210 4225 4238 4248 4259 4265 4253 4254 4257 4264 4271 4270 4271 4274 4275 4277 4280 4285 4292 4299 4301 4297 4294 4291 4288 4285 4283 4282 4283 4283 4286
4083 4087 4091 4093 4095 4095 4094 4092 4090 4087 4086 4088 4082 4087 4091 4095 4102 4109 4117 4123 4129 4132 4147 4166 4156 4149 4139 4132 4129 4131 4131 4129 4126 4122 4116 4115 4122 4127 4136 4137 4136 4136 4136 4137 4140 4151 4154 4156 4160 4164 4169 4179 4191 4205 4219 4232 4242 4254 4261 4249 4250 4254 4259 4264 4268 4269 4272 4273 4275 4278 4283 4294 4301 4298 4297 4295 4292 4289 4286 4285 4283 4282 4283 4284
4083 4086 4088 4091 4094 4093 4092 4091 4090 4089 4088 4085 4081 4085 4090 4095 4100 4106 4112 4119 4128 4130 4141 4154 4152 4146 4139 4134 4133 4132 4131 4129 4126 4124 4120 4118 4124 4134 4138 4137 4134 4133 4133 4132 4133 4144 4152 4153 4158 4164 4169 4178 4187 4198 4209 4220 4230 4236 4239 4242 4245 4248 4251 4256 4261 4264 4267 4270 4272 4275 4279 4286 4297 4295 4298 4296 4292 4288 4287 4290 4283 4282 4283 4286
4082 4088 4091 4092 4090 4091 4091 4091 4091 4091 4089 4085 4083 4085 4089 4093 4099 4102 4108 4113 4122 4140 4132 4135 4136 4136 4136 4134 4133 4132 4131 4130 4126 4122 4118 4120 4125 4133 4128 4126 4130 4131 4132 4132 4132 4136 4145 4154 4158 4163 4167 4173 4181 4191 4199 4209 4218 4223 4229 4234 4238 4243 4248 4254 4260 4257 4263 4266 4269 4272 4276 4281 4284 4289 4293 4292 4289 4287 4284 4282 4282 4282 4282 4284
4078 4086 4095 4089 4088 4089 4090 4090 4092 4093 4093 4087 4084 4086 4089 4093 4096 4100 4103 4105 4109 4117 4129 4132 4131 4133 4134 4134 4135 4136 4135 4131 4127 4122 4118 4119 4124 4128 4128 4126 4128 4130 4132 4134 4131 4134 4138 4145 4154 4162 4165 4170 4176 4183 4191 4199 4208 4216 4223 4228 4233 4238 4244 4251 4258 4257 4259 4262 4265 4268 4271 4273 4275 4281 4285 4287 4286 4284 4281 4280 4281 4282 4282 4282
4070 4072 4074 4079 4081 4084 4086 4088 4090 4093 4095 4090 4086 4088 4091 4093 4094 4098 4101 4102 4099 4111 4135 4136 4136 4135 4135 4135 4139 4139 4137 4132 4127 4122 4116 4117 4121 4124 4126 4126 4128 4131 4134 4136 4136 4136 4137 4139 4143 4150 4158 4164 4170 4176 4182 4191 4200 4210 4217 4222 4228 4233 4237 4244 4249 4249 4252 4258 4262 4265 4267 4268 4271 4276 4279 4283 4283 4282 4279 4279 4281 4282 4282 4283
4064 4065 4067 4070 4072 4077 4081 4084 4087 4090 4093 4091 4091 4090 4089 4092 4096 4098 4102 4106 4106 4108 4141 4144 4139 4136 4137 4137 4143 4143 4138 4132 4127 4122 4117 4117 4119 4121 4124 4126 4127 4131 4136 4139 4141 4140 4139 4139 4143 4145 4153 4160 4165 4170 4174 4183 4191 4202 4208 4216 4222 4228 4233 4239 4244 4248 4253 4255 4259 4262 4264 4266 4267 4273 4278 4280 4280 4280 4281 4281 4281 4282 4283 4282
4060 4061 4064 4066 4069 4073 4076 4080 4084 4087 4087 4089 4090 4090 4088 4088 4089 4095 4105 4117 4131 4128 4126 4140 4140 4138 4142 4148 4147 4145 4138 4132 4127 4122 4118 4118 4117 4116 4116 4119 4126 4132 4138 4143 4144 4142 4141 4143 4146 4148 4152 4157 4162 4167 4173 4177 4182 4190 4201 4209 4216 4223 4230 4235 4239 4245 4249 4253 4256 4258 4260 4262 4264 4267 4273 4276 4277 4279 4279 4280 4281 4282 4283 4284
4059 4059 4061 4064 4068 4070 4072 4076 4081 4084 4086 4090 4084 4088 4087 4087 4086 4094 4110 4126 4145 4149 4145 4143 4139 4137 4145 4152 4151 4147 4140 4134 4129 4123 4120 4119 4117 4114 4110 4117 4126 4132 4138 4142 4146 4144 4143 4145 4150 4151 4153 4157 4161 4165 4168 4170 4173 4179 4193 4202 4210 4217 4224 4230 4234 4237 4244 4248 4252 4255 4258 4260 4261 4265 4269 4273 4275 4277 4278 4279 4280 4281 4282 4283
4060 4058 4059 4062 4065 4068 4070 4076 4080 4083 4083 4085 4089 4089 4089 4090 4091 4098 4115 4127 4135 4140 4141 4145 4142 4137 4147 4156 4152 4148 4143 4138 4131 4125 4123 4121 4118 4116 4115 4122 4128 4134 4138 4141 4144 4144 4144 4148 4151 4152 4154 4157 4161 4164 4166 4165 4165 4172 4186 4195 4203 4210 4217 4224 4230 4235 4238 4243 4248 4253 4258 4258 4259 4263 4267 4270 4273 4274 4275 4277 4278 4279 4280 4281
4060 4055 4058 4062 4065 4068 4071 4076 4080 4085 4087 4083 4087 4088 4090 4095 4108 4130 4124 4130 4134 4143 4149 4155 4157 4152 4148 4149 4148 4146 4141 4136 4131 4127 4123 4122 4121 4120 4122 4126 4131 4135 4139 4142 4142 4143 4148 4148 4149 4151 4154 4156 4159 4163 4164 4162 4160 4167 4182 4188 4195 4202 4210 4218 4226 4232 4233 4238 4243 4248 4252 4255 4257 4262 4266 4270 4271 4271 4272 4274 4275 4276 4277 4278
4059 4059 4059 4058 4062 4066 4071 4076 4082 4086 4087 4088 4090 4087 4089 4096 4105 4110 4123 4134 4151 4162 4173 4183 4190 4179 4156 4148 4147 4141 4141 4138 4133 4129 4126 4126 4125 4125 4125 4128 4133 4136 4138 4142 4142 4142 4143 4147 4150 4151 4153 4155 4157 4159 4160 4161 4162 4163 4169 4178 4187 4195 4203 4212 4220 4227 4228 4233 4239 4244 4249 4253 4255 4259 4264 4267 4268 4268 4269 4271 4272 4273 4273 4276
4045 4059 4059 4056 4060 4066 4072 4079 4083 4088 4089 4095 4101 4085 4086 4090 4096 4107 4130 4148 4162 4179 4211 4239 4229 4226 4193 4168 4160 4154 4147 4144 4135 4130 4130 4129 4130 4128 4127 4129 4134 4136 4137 4137 4139 4141 4143 4149 4151 4151 4153 4154 4155 4154 4157 4160 4162 4161 4163 4171 4179 4187 4197 4205 4213 4220 4224 4228 4234 4241 4247 4252 4255 4260 4262 4265 4266 4268 4268 4269 4270 4271 4274 4276
4028 4062 4059 4055 4058 4065 4072 4079 4084 4089 4092 4099 4093 4085 4087 4091 4099 4112 4154 4198 4190 4282 4269 4227 4179 4271 4309 4201 4163 4161 4152 4139 4134 4132 4134 4124 4133 4129 4127 4128 4132 4134 4136 4136 4137 4140 4143 4148 4151 4153 4154 4154 4154 4155 4157 4160 4162 4160 4162 4167 4173 4180 4189 4198 4207 4215 4219 4224 4230 4237 4244 4250 4255 4259 4260 4261 4265 4267 4268 4267 4267 4268 4270 4275
4039 4060 4058 4054 4057 4063 4071 4079 4083 4088 4090 4098 4107 4100 4100 4107 4114 4127 4177 4269 4297 4111 3950 3829 3955 4101 4201 4116 4110 4142 4154 4141 4134 4134 4135 4136 4132 4128 4125 4125 4127 4130 4132 4135 4136 4139 4143 4148 4150 4153 4154 4154 4155 4157 4158 4160 4160 4160 4161 4164 4168 4173 4182 4193 4203 4213 4215 4221 4227 4234 4242 4249 4255 4258 4258 4263 4265 4265 4265 4265 4265 4265 4262 4270
4058 4057 4053 4049 4055 4062 4069 4075 4081 4086 4089 4094 4099 4105 4108 4118 4129 4124 4146 4176 4056 3758 3665 3660 3726 3762 3754 3883 4009 4109 4158 4147 4137 4138 4134 4130 4126 4124 4122 4121 4127 4127 4128 4131 4134 4138 4143 4151 4153 4154 4153 4153 4154 4155 4158 4161 4164 4163 4162 4162 4164 4168 4177 4188 4198 4208 4213 4217 4224 4231 4240 4248 4255 4246 4255 4263 4264 4263 4263 4264 4264 4264 4265 4269
4058 4049 4047 4046 4052 4060 4067 4073 4079 4083 4085 4091 4096 4100 4115 4134 4151 4147 4125 4044 3808 3483 3521 3634 3578 3514 3490 3732 3935 4081 4157 4156 4141 4139 4134 4127 4123 4122 4121 4121 4122 4123 4122 4125 4130 4135 4140 4146 4151 4147 4151 4152 4153 4154 4158 4161 4164 4162 4162 4161 4161 4164 4173 4184 4196 4204 4208 4213 4221 4229 4238 4246 4255 4256 4258 4261 4263 4264 4264 4264 4264 4264 4265 4269
4056 4049 4044 4044 4050 4059 4068 4074 4080 4080 4088 4092 4097 4104 4124 4152 4181 4201 4167 3974 3701 3481 3426 3445 3463 3477 3539 3773 3955 4080 4151 4150 4138 4140 4133 4126 4122 4122 4121 4121 4121 4121 4121 4121 4126 4132 4138 4144 4147 4148 4149 4151 4152 4154 4156 4159 4161 4164 4162 4160 4158 4160 4169 4179 4189 4199 4206 4210 4217 4226 4235 4242 4249 4255 4258 4260 4262 4264 4265 4264 4264 4265 4267 4271
4057 4049 4042 4041 4049 4058 4068 4080 4081 4078 4086 4090 4094 4104 4126 4156 4194 4222 4192 4032 3719 3452 3417 3385 3476 3643 3821 3952 4042 4105 4129 4133 4128 4133 4130 4126 4124 4123 4122 4122 4120 4120 4120 4121 4126 4131 4137 4142 4147 4147 4148 4149 4150 4152 4154 4156 4159 4162 4161 4160 4159 4160 4166 4174 4184 4194 4202 4206 4214 4223 4232 4240 4246 4253 4258 4261 4263 4264 4264 4264 4264 4265 4268 4271
4052 4046 4041 4042 4049 4057 4065 4071 4074 4078 4082 4087 4091 4099 4112 4146 4186 4216 4234 4193 3877 3610 3571 3581 3670 3837 4017 4120 4150 4139 4119 4115 4115 4124 4127 4126 4125 4124 4124 4123 4122 4120 4120 4121 4125 4130 4135 4140 4145 4146 4146 4146 4147 4149 4152 4154 4157 4160 4160 4160 4161 4162 4165 4169 4176 4187 4199 4202 4210 4220 4230 4238 4246 4251 4256 4260 4264 4265 4264 4264 4264 4264 4267 4274
