real_craters/C202-500m.grd
DSAA
508 508
-126.8575 126.8575
-126.8575 126.8575
7607.8082239768 11327.145604596
[rows 180 to 209 of 508, columns 134 to 200 of 508]
9239.99 9233.36 9222.41 9236.26 9253.43 9255.06 9263.26 9269.27 9274.64 9281.45 9289.66 9301.86 9316.85 9314.05 9311.84 9311.35 9312.09 9319.28 9322.89 9323.89 9334.74 9343.78 9354.61 9362.58 9360.57 9359.26 9356.56 9356.1 9368.33 9370.47 9357.29 9367.45 9369.58 9361.1 9357.46 9357.04 9362.17 9371.67 9372.68 9392.91 9379.9 9379.37 9380.67 9383.07 9378.07 9378.3 9381.34 9384.6 9388.07 9391.14 9427.95 9438.79 9444.04 9452.14 9459.39 9434.84 9418.06 9433.57 9453.86 9469.55 9505.34 9501 9483.55 9470.07 9460.39 9452.52 9446.02
9230.54 9227.17 9231.13 9226.78 9240.17 9251.1 9261 9269.27 9275.84 9282.78 9290.58 9301.13 9313.38 9314.91 9313.93 9313.61 9314.7 9319 9321.04 9318.23 9324.36 9333.89 9347.49 9357.2 9362.58 9366.47 9373.42 9383 9371.13 9362.27 9355.97 9357.16 9355.08 9357.27 9356.72 9354.92 9352.76 9367.82 9375.68 9377.44 9376.9 9374.66 9370.11 9364.75 9371.54 9378.56 9384.56 9390.97 9399.33 9416.95 9432.87 9449.81 9458.3 9464.95 9467.48 9438.25 9432.68 9448.67 9466.3 9485.16 9487.21 9490.66 9484.3 9475.75 9468.23 9462.9 9457.61
9227.45 9225.22 9219.37 9221.6 9233.23 9245.76 9256.4 9265.42 9273.76 9282.31 9290.15 9297.47 9306.87 9310.51 9313.62 9316.5 9321.32 9322.71 9326.53 9333.22 9327.99 9331.46 9342.5 9357.35 9360.62 9367.95 9376.83 9385.47 9376.66 9372.05 9373.27 9358.5 9357.09 9356.11 9356.14 9356.14 9358.15 9363.77 9375.21 9388.04 9378.89 9371.3 9365.29 9362.17 9370.65 9380.75 9390.54 9400.1 9409.33 9418.83 9447.37 9459.63 9468.33 9472.75 9470.86 9468.22 9465.02 9468.32 9475.74 9492.88 9504.12 9486.83 9482.62 9477.92 9473.33 9470.08 9470.79
9228.78 9229.06 9231.19 9228.99 9232.66 9244.39 9253.37 9262.18 9272.13 9281.71 9289.58 9294.02 9300.65 9306.83 9310.89 9314.1 9316.37 9319.14 9323.51 9332.78 9330.78 9331.43 9334.16 9337.04 9349.83 9363.14 9375.33 9381.25 9378.59 9368.37 9360.67 9359.3 9358.18 9357.92 9357.53 9358.02 9358.84 9353.95 9368.3 9377.87 9375.5 9369.88 9365.11 9361.48 9372.72 9386.54 9400.93 9413.25 9423.34 9438.56 9450.53 9468.97 9478.18 9481.99 9480.98 9485.1 9497.61 9489.99 9484.74 9478.94 9488.55 9485.69 9482.61 9481.01 9477.85 9477.24 9480.21
9231.87 9235.74 9233.79 9245.7 9244.6 9249.38 9252.7 9259.66 9271.31 9284.31 9291.7 9294.02 9300.71 9304.98 9307.18 9308.53 9308.16 9312.05 9314.44 9312.75 9321.4 9320.21 9327.09 9334.37 9342.78 9354.72 9366.51 9373.82 9378.76 9369.84 9357.87 9360.4 9361.33 9362.45 9359.68 9357.14 9357.8 9361.33 9363.47 9368.74 9371.63 9368.51 9366.59 9369.97 9378.47 9395.55 9415.03 9433.28 9444.6 9458.74 9482.05 9485.19 9490.37 9493.59 9495.92 9501.19 9507.15 9505.38 9504.11 9503.34 9500.88 9490.52 9487.92 9487.25 9488.45 9491.38 9497.6
9235.46 9241 9253.21 9252.96 9263.85 9257.24 9253.55 9254.99 9271.66 9290.74 9311.22 9322.11 9310.77 9304.93 9304.53 9305.34 9307.09 9310.36 9315.12 9322.78 9320.24 9328.14 9323.49 9324.42 9333.23 9347.32 9358.49 9364.33 9365.89 9365.05 9367.02 9362.37 9365.48 9365.02 9363.19 9357.8 9358.6 9369.23 9370.17 9368.5 9372.44 9371.1 9369.91 9370.84 9383.96 9405.92 9431.17 9459.04 9485.94 9492.51 9492.91 9499.38 9501.68 9504.33 9510.4 9520.82 9503.26 9512.66 9527.1 9543.79 9536.04 9508.69 9501.31 9500.53 9506.34 9514.17 9527.07
9239.66 9241.21 9244.61 9254.26 9253.29 9255.86 9254.43 9256.3 9270.73 9290.65 9312.81 9314.41 9305.25 9302.65 9302.64 9304.03 9306.73 9310.59 9314.38 9315.1 9317.35 9317.73 9317.85 9320.88 9329.6 9341.09 9351.14 9354.19 9350.43 9355.98 9352.72 9355.34 9361.12 9367.11 9370.8 9373.51 9372.35 9371.68 9372.58 9375.24 9376.85 9375.85 9375.77 9379.57 9391.19 9413.83 9442.22 9475.95 9519.02 9525.5 9519.08 9513.84 9512.26 9512.69 9512.31 9500.99 9502.48 9519.55 9544.17 9562.63 9549.42 9525.53 9516.19 9520.17 9528.06 9540.86 9563.26
9241.44 9241.88 9250.22 9262.4 9257.65 9256.22 9257.2 9262.46 9269.87 9280.07 9293.7 9299.09 9295.37 9294.51 9296.52 9301.26 9306.85 9311.72 9314.13 9318.21 9316.16 9311.65 9312.09 9315.1 9321.43 9336.73 9347.38 9348.63 9345.29 9344.69 9343.9 9359.51 9367.72 9372.92 9377.77 9383.07 9381.39 9375.72 9375.75 9377.72 9380.84 9381 9382.47 9385.53 9396.71 9420.63 9445.71 9473.57 9499.74 9524.42 9525.43 9519.78 9518.37 9518.9 9519.97 9529.14 9529.05 9518.6 9539.04 9569.51 9553.5 9523.8 9526.31 9536.72 9549.01 9569.48 9601.89
9244.63 9241.81 9242.64 9255.57 9256.3 9258.6 9260.55 9260.56 9264.5 9267.66 9266.37 9271.74 9280.59 9284.46 9289.95 9297.01 9303.39 9308.97 9314.45 9325.36 9315.59 9310.04 9307.38 9308.29 9312.81 9324.89 9336.89 9343.44 9351.43 9351.3 9346.13 9365.65 9369.62 9373.9 9379.54 9384.2 9385.59 9383.97 9384.12 9384.24 9385.28 9387.49 9391.66 9400.31 9414.29 9425.46 9442.79 9461.87 9482.8 9497.04 9508.84 9512.74 9515.66 9517.88 9519.94 9515.42 9512.35 9496.75 9509.41 9541.6 9548.86 9544.08 9541.63 9551.26 9569.62 9594.8 9635.79
9248.82 9246.13 9245.91 9250.85 9260.27 9263.48 9261.22 9261.22 9263.13 9258.66 9248.18 9247.94 9263.21 9274.49 9283.36 9290.22 9296.92 9301.44 9304.82 9313.3 9309.43 9301.69 9299.76 9304.15 9309.55 9314.51 9322.29 9332.32 9337.4 9342.7 9344.38 9362.82 9370.19 9375.81 9377.4 9381.8 9386.57 9391.19 9392.7 9389.9 9389.26 9393.63 9398.64 9405.75 9415.31 9425.65 9436.99 9448.31 9458.44 9472.6 9488.12 9498.44 9505.86 9511.93 9515.8 9509.54 9472.04 9470.25 9490.51 9531.56 9550.67 9546.55 9550.06 9566.41 9588.84 9612.44 9632.43
9256.56 9249.52 9245.88 9245.81 9246.38 9249.26 9259 9271.61 9271.1 9258.07 9252.74 9249 9255.44 9269.65 9278.94 9286.18 9291.96 9297.98 9302.37 9304 9303.17 9299.73 9299.74 9303.5 9310.29 9309.06 9315.46 9324.27 9329.87 9327.79 9336.38 9349.04 9354.09 9357.63 9370.19 9382.44 9385.64 9391.59 9408.77 9399.75 9397.27 9400.43 9404.11 9410.34 9418.36 9424.42 9430.72 9438.07 9447.5 9460.84 9473.43 9485.8 9495.29 9504.12 9511.81 9522.41 9493.26 9477.76 9512.28 9567.94 9569.43 9556.82 9557.69 9576.25 9596.4 9627.61 9646.33
9267.11 9270.91 9254.68 9245.96 9247.66 9247.04 9252.8 9257.29 9256.01 9255.26 9250.53 9261.07 9265.66 9269.96 9275.41 9280.81 9287.44 9295.21 9307.05 9301.02 9299.85 9299.59 9299.91 9299.85 9303.41 9309.95 9316.08 9320.22 9323.33 9326.51 9331.95 9340.28 9343.18 9347.73 9367.1 9378.54 9381.26 9382.61 9398.08 9398.33 9402.73 9405.29 9407.32 9411.16 9407.77 9420.05 9424.47 9427.97 9435.63 9448.34 9461.98 9474.03 9484.12 9492.7 9498.28 9499.82 9482.94 9478.32 9530.8 9590.27 9588.33 9577.3 9574.1 9586.35 9583.2 9595.23 9605.21
9270.56 9282.4 9246.49 9270.02 9259.86 9245.99 9249.46 9252.85 9258.1 9258.36 9259.35 9266.08 9272.41 9272.42 9275.68 9278.78 9282 9285.72 9294.23 9295.9 9295.36 9294.89 9294.43 9293.17 9295.96 9313.24 9317.39 9318.53 9319.54 9321.44 9329.52 9338.53 9343.91 9351.96 9364.95 9376.91 9374.51 9374.33 9385.57 9396.3 9404.51 9403.81 9405.6 9409.83 9416.01 9417.54 9419.05 9424.48 9432.62 9442.29 9454.29 9464.42 9472.6 9478.62 9479.43 9474.71 9461.27 9458.11 9490.06 9552.19 9587.46 9632.91 9663.44 9599.62 9545.61 9505.65 9497.34
9263.54 9259.53 9269.34 9273.42 9267.96 9255.98 9253.78 9254.53 9255.96 9262.29 9273.34 9272.6 9267.84 9272.56 9274.45 9275.73 9276.31 9275.25 9282.81 9288.77 9290.3 9289.61 9287.47 9287 9285.11 9300.29 9313.31 9316 9317.46 9320.5 9328.1 9336.43 9342.19 9344.55 9347.7 9356.34 9365.94 9371.4 9372.41 9381.73 9392.3 9396.18 9400.13 9404.57 9410.9 9411.55 9410.05 9414.95 9427.05 9437.44 9444.44 9453 9459.23 9462.74 9460.71 9457.81 9455.36 9439.44 9443.26 9496.99 9555.16 9614.31 9652.86 9562.01 9499.4 9446.32 9446.79
9260.32 9268.32 9273.58 9276.69 9272.78 9263.12 9260.24 9258.22 9257.61 9261.88 9265.05 9272.76 9275.02 9276.43 9275.01 9274.83 9274.61 9275.57 9280.12 9285.12 9287.78 9288.71 9286.15 9289.19 9289.38 9294.99 9307.92 9314.23 9317.81 9320.92 9326.49 9333.41 9340.87 9340.68 9341.53 9350.2 9361.54 9370.6 9368.14 9373.26 9383.85 9387.9 9392.45 9395.59 9396.4 9395.04 9395.97 9399.56 9420.65 9431.37 9434.96 9438.17 9445 9441.75 9443.04 9438.92 9433.14 9437.18 9445.77 9474.03 9508.36 9514.09 9470 9484.84 9466.9 9439.42 9456.31
9256.5 9266.17 9274.32 9278.63 9277.39 9269.93 9267.47 9264.46 9262.78 9262.76 9266.42 9271.22 9275 9277.54 9276.71 9276.41 9276.2 9276.71 9280.49 9284.64 9288.13 9291.62 9298.28 9298.77 9302.56 9305.81 9311.92 9315.71 9318.55 9323.54 9329.36 9332.17 9339.57 9340.08 9342.22 9351.5 9363.22 9366.86 9373.27 9371.93 9375.9 9383.41 9386.44 9386.82 9384.32 9383.94 9384.32 9386.94 9405.13 9418.52 9427 9431.33 9435.3 9436.73 9435.85 9431.83 9432.7 9461.72 9462.97 9486.28 9500.97 9489.47 9458.67 9478.68 9483.27 9470.96 9512.85
9252.48 9264.64 9274.97 9284.68 9294.12 9287.13 9280.8 9273.06 9267.13 9264.87 9266.22 9271.59 9275.43 9276.98 9277.26 9278.02 9277.99 9278.92 9281.55 9285.9 9290.15 9293.98 9295.3 9303.67 9314.04 9320.2 9318.66 9318.65 9318.6 9317.26 9318.12 9323.82 9336.87 9341.88 9345.36 9355.13 9369.02 9381.75 9382.19 9378.2 9378.68 9382.41 9382.27 9381.65 9378.87 9375.94 9379.98 9384.61 9391.39 9407.19 9421.45 9432.77 9443.1 9449.74 9449.78 9454.01 9464.85 9581.53 9547.59 9552.14 9547.9 9537.59 9538.42 9543.2 9559.08 9564.3 9617.65
9248.06 9263.85 9275.23 9282.47 9283.63 9289.7 9287.26 9279.93 9274.21 9270.52 9271.17 9273.82 9277.27 9280.47 9280.76 9281.11 9280.62 9279.98 9283.2 9287.98 9293.35 9298.33 9304.45 9311.35 9320.6 9319.9 9321.51 9322.14 9320.93 9315.19 9312.57 9326.71 9331.73 9347.09 9352.23 9356.95 9366.61 9371.58 9379.54 9384.08 9383.87 9381.9 9380.37 9380.27 9380.58 9382.23 9380.68 9381.63 9387.15 9404.54 9423.2 9440.82 9457 9464.84 9476.44 9489.07 9514.08 9656.21 9671.87 9647.8 9621.19 9600.55 9586.1 9602.02 9652.62 9732.21 9730.36
9239.38 9263.85 9276.31 9281.24 9283.71 9288.77 9288.52 9283.69 9277.87 9274.62 9276.99 9280.36 9281.47 9282.76 9284.26 9284.74 9284.62 9282.17 9284.27 9292.1 9298.27 9304.31 9309.43 9315.06 9319.57 9323.68 9325.95 9327.29 9328.54 9331.86 9327.19 9342.47 9349.31 9355.88 9349.44 9357.07 9364.26 9367.43 9375.12 9379.81 9380.46 9378.58 9378.18 9380.47 9382.6 9383.8 9381.19 9379.7 9386.45 9407.2 9430.6 9452.78 9475.85 9497.05 9524.16 9550.89 9599.09 9673.87 9766.17 9733.49 9690.06 9660.7 9650.75 9655.72 9678.23 9716.66 9770.28
9230.33 9262.03 9278.93 9284.2 9285.51 9285.51 9285.15 9289.1 9291.03 9294.25 9290.96 9290.09 9290.75 9290.3 9290.53 9290 9290.19 9293.42 9294.46 9298.16 9304.32 9310.89 9319.06 9325.38 9325.35 9328.65 9331.25 9332.7 9334.05 9337.23 9344.52 9348.49 9354.12 9360.74 9356.02 9360.44 9367.56 9372.33 9375.54 9378.81 9385.13 9371.04 9379.32 9382.39 9384.15 9384.18 9382.32 9384.35 9397.6 9421.3 9449.89 9480.33 9510.32 9543.08 9579.28 9624.15 9679.24 9741.22 9823.02 9788.63 9748.86 9715.69 9689.54 9676.04 9686.86 9706.75 9769.9
9240.06 9274.31 9284.27 9289.25 9291.43 9292.14 9293.51 9297.09 9299.87 9296.91 9297.08 9297.73 9299.54 9300.71 9297.66 9294.03 9292.07 9291.4 9297.65 9301.69 9306.83 9314.08 9322.43 9327.5 9329.1 9334 9335.42 9336.01 9337.73 9338.46 9340.69 9344.81 9349.09 9356.24 9360.79 9365.06 9369.24 9374.32 9378.75 9382.45 9387.58 9392.55 9387.03 9386.98 9387.78 9388.17 9388.45 9395.61 9415.86 9443.72 9479.44 9519.81 9563.19 9609.96 9652.63 9699.05 9753.98 9790.8 9810.66 9805.49 9782.76 9757.51 9733.83 9721.87 9729.8 9741.54 9769.34
9235.98 9270.01 9287.51 9294.44 9297.49 9299.83 9301.67 9303.57 9307.27 9301.78 9302.36 9303.4 9305.26 9308.91 9302.46 9298.89 9295.35 9293.74 9300.15 9304.87 9308.15 9315.5 9323.19 9328.31 9330.23 9334.04 9337.74 9339.35 9340.09 9341.4 9343.98 9350.68 9352.82 9359.8 9364.67 9371.65 9380 9383.58 9383.33 9384.71 9388.33 9390.13 9391.1 9392.02 9393.05 9394.07 9397.08 9406.64 9431.21 9467.99 9513.82 9562.28 9613.08 9662.85 9720.63 9768.26 9817.01 9834.39 9826.73 9821.96 9799.97 9780.45 9781.58 9801.24 9745.92 9739.67 9758.97
9247.1 9280.91 9292.81 9299.42 9304.05 9304.68 9303.43 9305.06 9309.88 9317.34 9309.44 9306.96 9304.33 9303.61 9303.27 9302.8 9304.87 9308.93 9304.4 9297.12 9306.07 9316.02 9324.86 9331.44 9332.91 9336.58 9339.85 9341.95 9343.71 9346.19 9350.36 9355.86 9361.28 9361.37 9375.28 9376.56 9381.91 9386.9 9387.36 9386.73 9388.32 9391.99 9394.88 9397.61 9399.83 9401.64 9404.31 9413.66 9443.43 9487.94 9540.87 9596.34 9652.8 9709.21 9763.99 9815.19 9849.42 9866.28 9883.66 9849.43 9814.3 9783.61 9758.69 9722.51 9731 9732.18 9740.38
9269.54 9291.05 9299.2 9303.82 9305.47 9304.48 9300.68 9302.18 9303.14 9307.37 9310.43 9308.45 9307.13 9300.49 9301.11 9306.15 9311.36 9318.01 9289.29 9290.48 9309.01 9320.16 9328.44 9332.48 9333.77 9338.23 9342.44 9343.85 9346.82 9350.02 9353.85 9360.84 9365.38 9368.27 9368.06 9379.54 9379.24 9390.59 9393.06 9391.85 9392.52 9397.84 9401.56 9405.71 9409.09 9412.27 9414.54 9426 9458.49 9507.97 9563.22 9623.31 9685.23 9746.8 9801.99 9852.04 9889.41 9886.32 9893.18 9857.14 9814.04 9775.51 9735.54 9699.59 9696.71 9707.52 9715.23
9278.72 9293.37 9302.27 9307.01 9307.57 9306.38 9305.68 9302.06 9296.88 9300.04 9307.9 9307.92 9306.53 9304.65 9306.57 9309.52 9313.35 9319.7 9317.73 9317.68 9317.94 9325.98 9332.74 9335.09 9333.51 9335.59 9340.34 9346.46 9350.84 9354.65 9357.4 9363.46 9366.97 9370.5 9371.27 9388.79 9418.5 9404.87 9403.32 9401.71 9404.32 9406.42 9409.66 9414.22 9418.88 9424.02 9428.09 9435.82 9473.45 9526.19 9586.27 9651.39 9716.38 9779.34 9836.81 9888.62 9917.3 9904.92 9885.33 9842.74 9804.96 9764.91 9726.2 9695.73 9683.81 9686.59 9690.44
9279.27 9294.2 9305.64 9312 9312.83 9307.36 9309.16 9302.06 9297.1 9304.22 9307.47 9306.74 9305.79 9302.95 9315.59 9318.47 9304.47 9306.8 9310.55 9312.77 9323.5 9333.04 9341.11 9339.09 9330.9 9334.67 9342.36 9351.12 9357.26 9361.09 9363.84 9366.28 9368.63 9369.77 9370.92 9380.81 9397.9 9413.58 9412.82 9410.22 9405.51 9416.28 9418.66 9423.02 9428.51 9434.94 9440.95 9443.78 9488.81 9546.83 9609.1 9675.44 9741.58 9808.31 9869.85 9921.06 9958.04 9923.69 9883.94 9830.03 9796.93 9758.92 9720.39 9688.44 9673.87 9665.47 9664.13
9289.01 9301.7 9312.2 9319.7 9326.66 9333.67 9309.06 9296.19 9297.51 9300.41 9303 9306.37 9311.01 9322.07 9326.15 9329.91 9328.15 9312.52 9314.57 9316.22 9329.29 9340.15 9351.1 9359.53 9329.38 9336.86 9349.93 9358.81 9364.14 9368.58 9374.73 9375.19 9373.71 9373.62 9379.58 9398.29 9424.52 9423.53 9422.81 9421.37 9423.88 9426.25 9427.87 9430.87 9436.73 9444.23 9452.74 9462 9512.97 9575.17 9641.6 9706.99 9772.51 9833.77 9894.28 9942.44 9958.61 9933.16 9889.71 9835.59 9797.64 9761.2 9718.68 9677.56 9645.76 9634.99 9623.9
9311.61 9313.12 9318.09 9323.93 9329.31 9328.08 9301.86 9286.68 9293.95 9296.62 9299.15 9305.47 9312.26 9317.86 9324.58 9332.08 9338.69 9332.18 9328.61 9331.33 9339.08 9346.32 9350.87 9346.01 9327.85 9339.86 9363.35 9364.96 9369.4 9374.5 9378.92 9379.06 9379.02 9389.03 9391.42 9398.13 9421.71 9432.13 9432.33 9431.86 9430.53 9432.67 9435.88 9436.81 9441.73 9453.65 9472.08 9491.25 9548.59 9612.56 9678.03 9741.9 9805.01 9861.01 9913.15 9954.83 9972.25 9936.12 9899.78 9848.37 9815.64 9776.62 9728.68 9669.89 9622.65 9596.99 9579.03
9310.05 9315.38 9319.77 9324.15 9326.46 9320.78 9300.23 9287.96 9301.64 9297.1 9296.32 9306.47 9314.06 9322.17 9329.63 9336.2 9347.85 9342.52 9340.48 9343.89 9347.38 9351.8 9352.64 9342.01 9328.65 9337.99 9348.22 9364.31 9374.13 9379.15 9381.88 9380.45 9383.28 9386.74 9407.29 9437.75 9437.96 9438.8 9440.87 9442.33 9443.47 9449.09 9448.69 9444.32 9448.64 9461.51 9492.9 9531.53 9595.62 9657.58 9718.02 9777.16 9834.75 9885.44 9928.03 9953.93 9952.86 9927.97 9899.28 9872.77 9847.48 9807.31 9747.81 9674.07 9598.28 9550.12 9518.97
9301.76 9311.95 9318.67 9322.94 9324.26 9321.8 9306.22 9294.69 9299.61 9304.5 9308.91 9307.67 9311.71 9318.01 9322.12 9327.98 9332.9 9338.97 9342.5 9346.29 9352.01 9356 9359.98 9353.16 9323.18 9341.63 9361.97 9373.66 9380.49 9385.51 9387.91 9386.28 9388.9 9392.96 9408.17 9428.31 9436.1 9440.56 9446.13 9451.98 9459.86 9463.26 9450.8 9453.8 9466.23 9485.13 9563.94 9609.45 9651.88 9702.26 9752.87 9808.23 9860.36 9907.67 9943.69 9959.19 9950.78 9932.13 9914.49 9903.78 9886.58 9846.92 9781.83 9679.23 9565.3 9491.58 9450.07
