real_craters/C202-750m.grd
DSAA
339 339
-126.8575 126.8575
-126.8575 126.8575
7623.4295781637 11341.016575757
[rows 296 to 332 of 339, columns 246 to 327 of 339]
9422 9390 9420 9445 9449 9448 9445 9439 9433 9448 9466 9486 9533 9520 9517 9540 9529 9520 9517 9495 9480 9471 9474 9478 9484 9486 9482 9471 9456 9444 9457 9466 9459 9462 9463 9465 9473 9478 9448 9436 9427 9427 9427 9418 9413 9410 9405 9402 9402 9405 9406 9405 9408 9408 9414 9436 9454 9468 9474 9474 9469 9450 9449 9458 9470 9482 9488 9500 9513 9513 9515 9521 9544 9602 9675 9641 9492 9324 9167 8989 8818 8649
9418 9405 9422 9440 9444 9440 9437 9437 9438 9446 9457 9476 9518 9519 9525 9538 9527 9515 9492 9476 9466 9467 9473 9484 9494 9498 9491 9482 9475 9466 9468 9480 9474 9474 9470 9466 9462 9448 9438 9427 9423 9428 9427 9424 9417 9411 9404 9399 9400 9402 9402 9400 9402 9402 9403 9428 9457 9474 9476 9473 9466 9451 9445 9451 9459 9462 9475 9493 9506 9515 9513 9514 9540 9615 9663 9580 9380 9203 9034 8863 8705 8573
9442 9428 9436 9454 9440 9432 9429 9432 9440 9437 9456 9489 9499 9505 9505 9519 9520 9511 9501 9484 9456 9471 9478 9485 9497 9505 9495 9491 9489 9463 9465 9485 9487 9483 9474 9462 9450 9438 9425 9417 9418 9426 9432 9429 9422 9416 9411 9405 9402 9402 9401 9400 9399 9398 9397 9422 9456 9483 9478 9470 9458 9445 9442 9449 9459 9471 9483 9490 9497 9502 9506 9514 9556 9722 9621 9385 9232 9074 8922 8778 8645 8549
9439 9438 9431 9421 9419 9416 9415 9418 9433 9442 9452 9462 9488 9496 9502 9511 9511 9510 9500 9483 9487 9465 9473 9482 9486 9482 9494 9498 9502 9509 9509 9503 9490 9489 9470 9453 9435 9418 9410 9412 9414 9425 9434 9436 9430 9418 9411 9412 9407 9403 9401 9400 9398 9398 9401 9413 9437 9467 9472 9465 9455 9447 9445 9450 9460 9474 9487 9488 9491 9497 9507 9525 9579 9715 9580 9307 9104 8960 8830 8709 8603 8533
9443 9436 9420 9406 9399 9401 9400 9398 9397 9439 9460 9473 9493 9486 9488 9491 9505 9510 9507 9487 9427 9470 9479 9481 9485 9497 9500 9507 9510 9521 9523 9509 9505 9484 9463 9444 9426 9410 9405 9407 9412 9424 9433 9443 9441 9416 9406 9415 9409 9405 9402 9400 9399 9400 9402 9406 9410 9438 9458 9460 9455 9447 9441 9447 9458 9471 9480 9484 9486 9493 9513 9540 9593 9687 9532 9183 8987 8858 8750 8655 8572 8524
9440 9428 9414 9397 9393 9393 9394 9397 9411 9439 9462 9472 9478 9478 9483 9502 9504 9510 9520 9512 9453 9441 9465 9481 9492 9499 9509 9514 9514 9519 9513 9499 9481 9464 9448 9433 9418 9405 9400 9402 9409 9419 9430 9443 9431 9424 9439 9414 9409 9403 9400 9398 9399 9403 9403 9401 9395 9394 9441 9459 9463 9450 9442 9445 9455 9467 9478 9481 9483 9492 9518 9550 9589 9613 9458 9150 8912 8785 8691 8614 8551 8517
9441 9426 9411 9402 9396 9393 9393 9396 9406 9431 9444 9459 9469 9474 9486 9479 9492 9501 9513 9516 9483 9445 9466 9486 9503 9517 9521 9519 9514 9507 9491 9473 9450 9439 9429 9419 9409 9402 9397 9398 9403 9410 9423 9439 9463 9431 9425 9417 9408 9401 9396 9394 9395 9397 9401 9403 9407 9424 9437 9458 9479 9453 9436 9443 9453 9463 9472 9475 9479 9492 9519 9546 9567 9565 9424 9106 8861 8741 8656 8588 8537 8513
9413 9411 9403 9400 9399 9392 9393 9402 9415 9431 9446 9451 9459 9465 9473 9470 9474 9481 9479 9458 9477 9488 9484 9496 9510 9525 9527 9513 9500 9480 9446 9445 9427 9423 9419 9413 9408 9399 9396 9395 9398 9402 9412 9425 9425 9422 9414 9414 9407 9398 9389 9387 9391 9394 9395 9401 9412 9434 9435 9441 9445 9444 9437 9442 9451 9459 9465 9469 9474 9487 9515 9538 9550 9539 9417 9110 8841 8722 8638 8574 8529 8511
9394 9392 9387 9380 9368 9380 9392 9404 9416 9428 9436 9445 9457 9461 9453 9446 9459 9466 9469 9472 9483 9490 9493 9497 9505 9518 9516 9494 9473 9434 9437 9428 9415 9415 9411 9407 9401 9398 9393 9393 9395 9398 9406 9413 9416 9418 9419 9415 9407 9397 9387 9384 9384 9386 9388 9389 9401 9407 9424 9428 9430 9437 9439 9447 9452 9457 9462 9465 9469 9483 9507 9525 9541 9524 9405 9137 8867 8732 8643 8573 8524 8508
9379 9379 9375 9366 9368 9375 9389 9405 9415 9424 9435 9443 9454 9460 9448 9442 9455 9464 9473 9482 9488 9491 9490 9488 9488 9486 9476 9470 9456 9440 9440 9435 9424 9415 9407 9401 9396 9391 9389 9388 9389 9395 9400 9400 9403 9415 9418 9414 9408 9401 9393 9388 9384 9384 9388 9391 9395 9396 9420 9422 9426 9437 9456 9458 9454 9455 9459 9463 9466 9475 9494 9513 9539 9541 9471 9217 8921 8775 8674 8589 8531 8506
9374 9372 9370 9368 9368 9377 9387 9396 9409 9420 9432 9445 9449 9455 9463 9458 9461 9470 9481 9492 9497 9494 9479 9472 9467 9463 9463 9452 9444 9444 9451 9445 9436 9412 9402 9395 9389 9385 9378 9378 9380 9382 9393 9394 9397 9401 9408 9408 9408 9408 9405 9395 9385 9384 9389 9394 9396 9401 9416 9419 9423 9431 9437 9440 9445 9448 9454 9457 9457 9462 9477 9498 9543 9577 9543 9338 9042 8863 8741 8630 8545 8520
9373 9370 9369 9370 9379 9377 9380 9397 9404 9417 9432 9449 9451 9451 9452 9461 9469 9475 9484 9494 9497 9468 9457 9451 9445 9440 9438 9436 9444 9435 9438 9427 9402 9400 9396 9392 9385 9376 9371 9372 9370 9370 9378 9382 9386 9390 9391 9401 9406 9409 9413 9400 9400 9391 9389 9392 9398 9406 9409 9414 9417 9422 9429 9436 9434 9439 9444 9448 9448 9451 9462 9484 9546 9608 9641 9485 9186 9000 8850 8695 8562 8532
9375 9371 9370 9368 9364 9363 9368 9367 9397 9420 9438 9446 9445 9449 9457 9467 9475 9479 9480 9479 9463 9441 9434 9430 9424 9417 9407 9413 9421 9423 9413 9398 9390 9392 9390 9386 9383 9379 9369 9366 9363 9360 9361 9368 9375 9383 9387 9396 9406 9409 9399 9393 9372 9383 9388 9397 9404 9411 9417 9416 9415 9415 9412 9400 9420 9428 9435 9437 9438 9443 9452 9466 9540 9612 9644 9559 9378 9194 9008 8812 8618 8550
9374 9373 9371 9367 9360 9354 9353 9377 9393 9426 9444 9443 9446 9459 9469 9481 9483 9481 9475 9464 9447 9430 9422 9418 9412 9402 9387 9394 9399 9407 9396 9391 9393 9390 9386 9382 9380 9381 9368 9362 9360 9357 9355 9360 9364 9370 9376 9393 9409 9427 9427 9397 9372 9377 9388 9394 9400 9411 9421 9416 9415 9412 9408 9387 9412 9422 9429 9432 9436 9438 9444 9468 9531 9594 9643 9638 9524 9385 9200 9002 8821 8714
9370 9369 9369 9369 9368 9356 9319 9313 9379 9424 9443 9447 9456 9472 9486 9498 9493 9482 9470 9455 9442 9429 9420 9413 9406 9400 9400 9395 9386 9384 9390 9386 9387 9386 9381 9376 9371 9364 9364 9364 9360 9356 9355 9358 9360 9365 9375 9391 9404 9419 9423 9409 9391 9388 9391 9396 9404 9414 9419 9424 9417 9415 9412 9408 9418 9425 9428 9429 9428 9436 9444 9468 9517 9566 9603 9610 9605 9550 9392 9227 9071 8975
9367 9369 9371 9373 9375 9367 9330 9326 9385 9450 9462 9461 9472 9490 9501 9511 9500 9487 9469 9451 9435 9427 9418 9411 9405 9399 9394 9392 9391 9383 9376 9386 9382 9380 9375 9368 9362 9362 9361 9366 9366 9359 9355 9357 9360 9368 9383 9392 9404 9402 9408 9422 9412 9392 9386 9397 9416 9417 9428 9418 9418 9420 9425 9437 9435 9433 9432 9429 9430 9442 9460 9477 9497 9524 9544 9546 9602 9630 9534 9447 9350 9271
9362 9367 9371 9377 9380 9377 9377 9377 9389 9416 9457 9475 9494 9504 9512 9514 9506 9485 9466 9448 9435 9424 9415 9408 9403 9398 9394 9390 9373 9369 9373 9373 9380 9384 9370 9360 9352 9357 9358 9364 9360 9355 9351 9357 9365 9371 9385 9400 9410 9404 9382 9401 9433 9355 9356 9380 9402 9428 9441 9434 9423 9423 9429 9436 9437 9439 9440 9442 9445 9446 9454 9466 9481 9495 9504 9509 9552 9582 9582 9613 9618 9568
9357 9362 9369 9377 9382 9386 9394 9393 9385 9387 9438 9479 9510 9328 9391 9527 9512 9489 9465 9445 9430 9421 9413 9407 9401 9396 9390 9383 9363 9373 9369 9371 9371 9368 9360 9350 9341 9345 9347 9347 9347 9347 9347 9354 9364 9377 9386 9403 9420 9409 9311 9192 9170 9236 9299 9365 9421 9454 9459 9438 9425 9428 9434 9438 9444 9447 9447 9446 9445 9442 9443 9456 9465 9473 9482 9501 9512 9518 9544 9587 9638 9716
9358 9363 9369 9376 9383 9388 9398 9402 9398 9389 9440 9477 9394 9272 9361 9497 9493 9478 9460 9441 9430 9422 9413 9406 9399 9392 9385 9377 9374 9368 9364 9362 9359 9357 9349 9340 9332 9332 9334 9335 9339 9340 9341 9343 9360 9374 9379 9402 9426 9405 9237 9035 9005 9132 9251 9355 9444 9494 9500 9423 9410 9410 9426 9448 9464 9458 9452 9444 9437 9437 9438 9442 9454 9462 9467 9469 9472 9472 9485 9489 9522 9632
9359 9364 9371 9377 9385 9394 9403 9414 9430 9456 9457 9460 9475 9380 9404 9460 9455 9457 9444 9436 9426 9416 9412 9404 9395 9388 9381 9374 9366 9358 9356 9352 9347 9343 9338 9331 9326 9323 9326 9330 9338 9336 9334 9338 9353 9368 9378 9400 9424 9392 9203 8999 8983 9106 9239 9361 9458 9513 9520 9377 9375 9392 9421 9454 9471 9468 9455 9443 9437 9437 9438 9442 9448 9453 9457 9461 9465 9465 9467 9465 9484 9462
9360 9367 9373 9380 9387 9396 9406 9423 9442 9455 9445 9443 9443 9460 9452 9450 9442 9437 9435 9432 9423 9410 9406 9398 9391 9384 9378 9373 9364 9353 9346 9346 9339 9334 9330 9324 9319 9317 9319 9323 9332 9330 9327 9327 9346 9362 9372 9391 9414 9383 9216 9028 9037 9146 9265 9374 9471 9496 9438 9293 9329 9383 9419 9450 9474 9471 9458 9449 9443 9442 9442 9446 9443 9445 9448 9451 9454 9457 9459 9463 9446 9440
9363 9368 9374 9381 9388 9395 9409 9425 9440 9445 9436 9433 9434 9433 9437 9436 9430 9427 9426 9426 9419 9411 9401 9392 9386 9379 9374 9369 9359 9350 9347 9345 9339 9331 9324 9320 9315 9312 9314 9317 9322 9325 9324 9327 9346 9358 9369 9384 9395 9378 9292 9178 9180 9234 9311 9393 9449 9435 9350 9263 9339 9386 9418 9441 9455 9451 9447 9446 9445 9444 9444 9432 9434 9434 9436 9440 9446 9450 9457 9464 9454 9449
9363 9368 9374 9382 9389 9398 9411 9426 9436 9438 9433 9430 9418 9424 9426 9426 9422 9419 9417 9415 9411 9405 9396 9387 9380 9374 9367 9362 9357 9349 9349 9342 9335 9325 9318 9316 9314 9309 9309 9312 9319 9324 9325 9327 9338 9353 9368 9380 9385 9383 9383 9445 9340 9331 9369 9416 9470 9503 9425 9350 9423 9407 9414 9421 9418 9420 9421 9424 9434 9437 9433 9429 9423 9422 9423 9427 9434 9439 9448 9453 9455 9449
9362 9368 9375 9383 9391 9400 9417 9430 9441 9440 9432 9428 9424 9417 9419 9420 9416 9411 9407 9402 9400 9396 9390 9382 9375 9368 9361 9357 9356 9348 9339 9334 9328 9319 9311 9311 9309 9305 9305 9307 9315 9326 9328 9328 9334 9352 9363 9376 9385 9394 9397 9376 9380 9383 9404 9430 9455 9461 9495 9436 9397 9401 9402 9404 9401 9402 9408 9410 9422 9427 9420 9409 9404 9407 9410 9413 9415 9424 9436 9444 9440 9438
9358 9366 9374 9383 9393 9404 9420 9433 9443 9443 9431 9426 9421 9415 9415 9415 9412 9406 9399 9394 9391 9388 9383 9376 9370 9363 9358 9355 9351 9339 9326 9327 9322 9316 9310 9306 9301 9304 9309 9312 9331 9332 9328 9336 9338 9347 9353 9359 9378 9390 9397 9391 9389 9393 9408 9421 9428 9423 9440 9403 9374 9384 9396 9403 9406 9410 9414 9414 9417 9413 9404 9397 9394 9397 9401 9403 9404 9413 9427 9433 9435 9434
9356 9365 9374 9384 9394 9406 9421 9433 9441 9444 9433 9423 9420 9416 9414 9413 9410 9402 9395 9389 9387 9383 9378 9371 9365 9360 9355 9351 9347 9335 9330 9323 9319 9313 9308 9302 9297 9302 9310 9319 9326 9278 9313 9353 9328 9338 9348 9355 9362 9377 9387 9393 9391 9393 9397 9403 9406 9408 9428 9401 9375 9377 9389 9404 9420 9439 9430 9424 9418 9409 9399 9393 9390 9393 9397 9400 9404 9411 9420 9427 9424 9423
9354 9364 9374 9384 9395 9406 9419 9429 9433 9437 9426 9421 9419 9416 9413 9409 9406 9396 9393 9390 9385 9380 9373 9366 9361 9356 9352 9346 9346 9332 9325 9319 9313 9307 9301 9299 9296 9297 9304 9311 9282 9233 9296 9346 9325 9333 9345 9356 9354 9365 9370 9377 9382 9388 9397 9401 9403 9408 9427 9398 9373 9375 9384 9396 9414 9433 9436 9433 9420 9408 9398 9392 9391 9392 9396 9401 9409 9416 9423 9415 9410 9413
9356 9364 9375 9385 9395 9405 9416 9423 9428 9432 9421 9418 9416 9415 9411 9405 9398 9389 9391 9388 9382 9376 9371 9363 9357 9353 9349 9346 9342 9332 9321 9316 9310 9303 9296 9293 9286 9293 9299 9305 9325 9310 9294 9302 9308 9320 9335 9343 9346 9356 9357 9364 9372 9378 9385 9394 9400 9406 9412 9394 9376 9375 9380 9385 9390 9387 9430 9436 9415 9398 9394 9390 9386 9390 9395 9403 9413 9423 9425 9417 9402 9404
9362 9369 9377 9386 9395 9404 9412 9419 9425 9428 9421 9414 9412 9412 9409 9403 9396 9388 9388 9384 9376 9368 9362 9358 9355 9350 9345 9343 9341 9332 9321 9313 9306 9298 9292 9289 9287 9289 9292 9294 9301 9293 9289 9284 9291 9312 9327 9340 9344 9345 9346 9354 9362 9372 9381 9391 9400 9405 9401 9385 9374 9370 9372 9374 9376 9382 9412 9422 9406 9386 9393 9392 9388 9389 9394 9400 9408 9419 9414 9403 9394 9399
9369 9374 9379 9389 9398 9406 9414 9420 9424 9425 9415 9413 9411 9410 9408 9404 9397 9387 9382 9376 9368 9360 9353 9352 9353 9348 9343 9345 9342 9331 9320 9310 9302 9295 9289 9286 9284 9286 9289 9291 9290 9288 9284 9277 9286 9308 9319 9327 9332 9334 9333 9341 9354 9365 9378 9391 9402 9409 9387 9374 9366 9364 9364 9366 9371 9385 9411 9410 9402 9394 9404 9400 9392 9391 9393 9392 9388 9380 9380 9388 9390 9397
9363 9368 9378 9390 9403 9413 9421 9425 9426 9424 9412 9407 9406 9409 9410 9405 9400 9393 9379 9369 9361 9352 9349 9349 9349 9348 9348 9346 9341 9329 9319 9308 9298 9290 9286 9285 9282 9284 9287 9288 9286 9284 9282 9281 9283 9300 9309 9306 9317 9320 9320 9330 9344 9359 9374 9388 9398 9398 9377 9368 9361 9357 9358 9359 9361 9366 9377 9388 9394 9417 9414 9406 9402 9401 9394 9384 9373 9358 9352 9366 9381 9390
9354 9363 9374 9388 9408 9423 9429 9433 9431 9428 9405 9401 9402 9413 9410 9404 9398 9391 9376 9364 9355 9345 9331 9327 9341 9345 9347 9343 9337 9327 9315 9305 9294 9286 9282 9279 9280 9282 9282 9283 9282 9282 9282 9280 9281 9288 9290 9295 9301 9305 9309 9322 9337 9353 9369 9383 9393 9394 9378 9367 9361 9358 9355 9354 9353 9352 9353 9363 9365 9367 9394 9395 9404 9411 9389 9378 9369 9365 9359 9360 9362 9387
9356 9361 9367 9377 9398 9421 9428 9440 9433 9415 9400 9400 9401 9409 9405 9396 9388 9379 9368 9359 9351 9343 9338 9336 9330 9338 9341 9338 9330 9322 9313 9303 9291 9280 9278 9281 9280 9281 9281 9281 9280 9279 9280 9278 9277 9277 9273 9278 9281 9289 9298 9312 9328 9346 9362 9376 9386 9388 9378 9368 9362 9356 9351 9349 9346 9345 9350 9346 9344 9346 9352 9367 9374 9366 9372 9367 9364 9360 9352 9359 9357 9343
9356 9358 9361 9362 9348 9369 9415 9439 9431 9410 9402 9399 9397 9396 9392 9385 9376 9365 9359 9354 9348 9343 9339 9334 9327 9330 9335 9330 9328 9323 9314 9303 9293 9284 9281 9279 9280 9281 9285 9283 9279 9277 9277 9273 9273 9273 9265 9265 9269 9276 9285 9302 9321 9339 9356 9372 9382 9384 9376 9368 9362 9356 9349 9344 9340 9337 9333 9331 9331 9332 9336 9344 9349 9355 9351 9353 9356 9361 9372 9373 9356 9344
9348 9354 9360 9365 9376 9386 9410 9430 9425 9409 9402 9394 9389 9385 9380 9374 9366 9359 9354 9350 9346 9341 9337 9332 9324 9324 9324 9321 9317 9311 9309 9304 9297 9291 9284 9280 9278 9278 9277 9280 9280 9280 9280 9274 9272 9270 9266 9263 9266 9268 9277 9294 9314 9333 9351 9368 9380 9385 9375 9367 9360 9351 9344 9338 9333 9328 9321 9320 9321 9323 9327 9330 9330 9327 9334 9339 9346 9358 9382 9383 9350 9339
9343 9352 9362 9373 9386 9398 9410 9420 9419 9408 9402 9394 9386 9380 9373 9365 9357 9350 9348 9346 9343 9339 9335 9330 9327 9324 9319 9317 9313 9307 9308 9306 9299 9292 9285 9277 9274 9274 9274 9276 9280 9284 9289 9283 9277 9273 9272 9270 9269 9266 9272 9289 9308 9327 9346 9364 9377 9382 9372 9364 9359 9352 9338 9333 9327 9320 9312 9312 9315 9318 9320 9322 9321 9322 9323 9327 9329 9334 9334 9346 9346 9346
9347 9357 9367 9377 9386 9397 9407 9412 9412 9401 9402 9397 9387 9376 9366 9358 9349 9340 9340 9340 9340 9338 9335 9332 9328 9323 9319 9319 9315 9314 9315 9306 9294 9287 9280 9272 9272 9271 9270 9274 9280 9287 9293 9291 9284 9279 9279 9277 9270 9265 9270 9286 9304 9323 9342 9359 9373 9378 9369 9361 9356 9347 9336 9327 9320 9316 9310 9309 9314 9314 9314 9314 9314 9313 9315 9318 9318 9320 9329 9332 9335 9343
