real_craters/C202-500m.grd
DSAA
508 508
-126.8575 126.8575
-126.8575 126.8575
7607.8082239768 11327.145604596
[rows 150 to 179 of 508, columns 402 to 468 of 508]
9439.25 9440.98 9443.06 9450.94 9464.65 9479 9485.96 9487.71 9488.09 9486.22 9484.6 9480.49 9474.11 9469.03 9468.25 9478.61 9485.84 9476.66 9473.57 9471.41 9467.36 9461.36 9467.27 9466.18 9465.99 9465.21 9465.67 9465.8 9465.16 9464.74 9465.1 9465.98 9467.8 9470.39 9470.32 9472.15 9475.5 9473.33 9472.3 9471.7 9472.01 9473.26 9476.46 9484.6 9498.84 9519.15 9532.94 9527.98 9519.95 9502.79 9486.91 9478.01 9467.07 9457.52 9448.51 9437.19 9424.85 9414.22 9368.14 9361.53 9383.4 9404.1 9409.33 9361.3 9335.79 9347.54 9377.8
9444.57 9441.84 9447.16 9458.18 9475.07 9492.87 9501.02 9499.93 9499.05 9495.31 9494.41 9486.06 9477.6 9471.72 9471.92 9481.28 9490.42 9496.08 9490.03 9482.89 9474 9467.65 9468.55 9467.77 9466.44 9466.21 9466.6 9467.05 9466.77 9466.98 9467.55 9469.22 9471.66 9473.54 9474.74 9478.46 9481.44 9480.04 9478.21 9477.11 9476.29 9475.87 9478.25 9489.5 9514.65 9531.79 9546 9548.33 9536.46 9514.3 9505.37 9496.52 9481.22 9470.12 9459.54 9446.26 9424.44 9399.63 9376.66 9381.07 9396.87 9416.5 9421.46 9393.45 9372.47 9372.23 9402.41
9456.53 9460.27 9463.04 9471.48 9484.45 9496.89 9502.72 9507.27 9510.67 9514.68 9503.92 9490.32 9479.68 9472.8 9472.77 9485.74 9500.81 9509.13 9503.8 9493.3 9479.72 9470.63 9468.95 9468.23 9466.61 9466.58 9466.62 9467.01 9467.96 9468.83 9470.08 9471.5 9473.16 9475.58 9479.21 9482.88 9486.52 9484.5 9482.2 9480.73 9481.06 9480.83 9482.42 9495.31 9537.48 9542.56 9546.07 9548.97 9539.71 9527.77 9514.01 9498.43 9488.92 9480.43 9471.32 9459.05 9423.93 9352.27 9412.39 9406.12 9405.1 9410.31 9415.98 9411.85 9414.32 9419.6 9436.43
9469.47 9470.74 9475.1 9485.35 9495.32 9501.63 9508.96 9514.76 9517.19 9516.3 9502.79 9490.3 9481.62 9475.31 9476.33 9489.9 9503.91 9510.22 9509.04 9502.12 9478.76 9464.67 9468.04 9469.41 9467.19 9467.33 9467.86 9469.07 9469.82 9470.83 9472.05 9473.73 9476.88 9480.82 9485.74 9485.35 9481.83 9485.8 9487.13 9487.28 9488.22 9488.77 9493.3 9508.71 9524.87 9536.63 9543.8 9542.82 9550.37 9540.55 9523.71 9503.68 9498.36 9489.89 9478.59 9467.21 9442.89 9388.15 9412.86 9421.06 9411.46 9390.54 9400.94 9429.49 9451.69 9468.49 9464.33
9489.6 9493.73 9498.41 9503.14 9509.09 9516.55 9524.92 9520 9518.7 9516.85 9500.23 9488.61 9484.18 9481.52 9483.86 9495.29 9505.19 9509.97 9512.32 9509.73 9497.75 9472.39 9469.91 9467.53 9467.64 9468.11 9469.2 9469.08 9471.68 9472.85 9473.88 9475.17 9477.59 9481.47 9482.18 9489.27 9494.19 9494.36 9493.84 9495.96 9498.09 9500.51 9502.03 9512.66 9529.06 9545.53 9556.32 9555.94 9555.43 9546.55 9537.2 9528.52 9514.96 9497.97 9483.43 9467.46 9448.36 9434.78 9422.82 9423.2 9425.18 9428.23 9425.07 9437.6 9452.84 9472.11 9470.11
9506.17 9513.97 9519.9 9521.25 9520.75 9520.18 9512.67 9518.11 9515.92 9509.52 9496.28 9488.08 9486.61 9491.16 9496.51 9502.32 9510.34 9516.43 9512.4 9508.37 9500.64 9475.97 9465.99 9466.89 9467.68 9469.24 9470.74 9472.71 9473.77 9475.44 9476.59 9477.03 9477.2 9485.79 9497.96 9498.88 9497.29 9498.62 9500.84 9505.83 9511.77 9518.23 9524.25 9540.17 9564.91 9581.96 9585.29 9581.43 9564.78 9553.68 9547.86 9541.13 9522.75 9501.27 9481.98 9463.31 9445.03 9426.93 9434.18 9454.26 9439.43 9423.77 9435.9 9446.61 9453.93 9458.24 9462.01
9527.71 9534.16 9541.23 9534.2 9529.05 9525.98 9527 9519.65 9512.24 9504.66 9494.79 9488.58 9487.31 9491.61 9498.77 9506.31 9513.57 9513.24 9508.87 9505.15 9499.35 9496.45 9470.9 9472.53 9471.58 9471.83 9473.16 9473.33 9475.59 9479.12 9481.07 9483.35 9487.37 9493.56 9504.75 9502.58 9499.15 9500.8 9507.83 9518.16 9529.51 9542.45 9560.98 9585.99 9611.09 9623.35 9621.4 9612.8 9592.5 9571.08 9556.44 9537.06 9516.89 9500.04 9479.47 9457.51 9439.15 9432.72 9438.83 9444.77 9448.18 9449.35 9449.23 9456.49 9464.32 9459.07 9459.21
9543.87 9545.99 9544.15 9538.58 9531.63 9527 9521.29 9516.47 9510.44 9504.88 9499.56 9489.44 9486.5 9490.42 9499.6 9509.87 9515.91 9515.26 9502.35 9489.02 9488.12 9490.74 9482.19 9475.31 9471.68 9476.3 9478.8 9480.92 9482.73 9483.81 9485.78 9489.3 9494.17 9496.56 9495.42 9497.31 9500.52 9506.22 9515.68 9529.59 9547.03 9566.61 9587.56 9622.39 9651.53 9657.44 9658.83 9645.86 9616.86 9591.47 9569.93 9546.25 9522.52 9510.23 9486.93 9459.42 9426.35 9421.3 9438.59 9448.4 9453.63 9459.03 9460.59 9466.75 9470.78 9470.11 9474.77
9553.32 9552.47 9548.28 9539.47 9532.01 9525.67 9522.3 9515.71 9509.9 9506.92 9500.79 9492.14 9491.29 9489.26 9503.92 9519.01 9523.4 9511.85 9491.75 9474.56 9477.58 9483.08 9480.52 9476.05 9480.04 9484.79 9486.36 9487.58 9487.4 9488.47 9490.92 9493.97 9497.27 9500.17 9502 9504.2 9504.02 9507.99 9521.74 9541.23 9565.08 9592.6 9624.08 9657.42 9691.97 9706.06 9698.99 9681.76 9650.66 9610.72 9588.34 9572.83 9560.22 9529.99 9499.48 9471.13 9445.04 9428.75 9439.75 9459.45 9457.3 9447.87 9469.82 9481.36 9487.14 9495.72 9503.42
9574.91 9557.11 9545.97 9540.19 9533.96 9524.6 9511.9 9504.33 9511.62 9518.06 9520.27 9521.66 9521.52 9505.49 9525.5 9539.45 9541.9 9521.53 9495 9472.63 9470.08 9477.47 9477.09 9484.53 9499.05 9496.79 9495.46 9492.86 9490.3 9493.87 9496.57 9499.22 9502.21 9505.96 9509.53 9510.82 9508.55 9511.62 9526.76 9551.5 9581.48 9616.38 9649.59 9683.35 9721.4 9741.94 9733.41 9710.24 9663.08 9622.02 9602.97 9591.76 9582.09 9543.68 9510.76 9487.45 9475.57 9451.72 9454.68 9463.1 9469.92 9478.7 9487.02 9500.4 9515.4 9524.92 9512.16
9588 9558.07 9544.63 9546.36 9543.09 9533.54 9518.51 9512.44 9527.01 9543.64 9556.71 9578.13 9590.67 9594.05 9574.56 9566.81 9562.67 9536.67 9506.85 9478.37 9470.86 9475.61 9478.04 9487.66 9502.41 9508 9507.63 9505.42 9505.98 9504.83 9505.86 9506.19 9509.22 9513.92 9517.75 9517.79 9517.98 9516.04 9533.14 9560.86 9593.48 9633.79 9684.32 9727.61 9766.53 9772.28 9754.72 9731.82 9680.41 9634.2 9614.91 9592.69 9568.74 9537.32 9513.26 9493.15 9474.66 9466.72 9469.05 9473.64 9479.19 9489.41 9504.96 9518.57 9530.12 9534.41 9535.34
9605.52 9571.51 9562.27 9567.49 9566.81 9559.61 9544.86 9534.26 9562.71 9587.78 9600.9 9638.61 9659.34 9658.04 9616.91 9582.93 9554.54 9540.52 9520.52 9490.17 9473.48 9473.32 9486.92 9501.32 9516.63 9522.48 9524.38 9522.59 9516.54 9519.83 9521.74 9517.05 9517.44 9526.65 9533.1 9536.59 9534.94 9538.92 9549.6 9568.69 9596.63 9632.64 9672.92 9715.94 9762.31 9770.2 9752.09 9728.85 9700.29 9671.51 9631.87 9591.07 9544.3 9526.22 9512.26 9497.08 9483.59 9479.31 9484.51 9492.93 9502.71 9512.35 9524.19 9535.68 9544.64 9545.77 9527.29
9616.93 9604.94 9600.52 9603.2 9604.77 9605.07 9601.58 9597.05 9631.87 9656.96 9679.83 9713.58 9707.23 9676.7 9642.84 9595.87 9552.01 9551.03 9556.41 9538.98 9497.97 9491.86 9505.49 9520.03 9530.99 9541.1 9548.28 9550.04 9545.84 9549.01 9548.03 9545.85 9543.7 9545.93 9549.84 9554.68 9551.88 9551.2 9557.25 9573.69 9592.71 9618.09 9652.45 9693.89 9747.05 9748.86 9728.18 9698.7 9674.27 9671.03 9636.78 9592.19 9556.27 9529.97 9515.46 9507.57 9497.06 9495.44 9501.39 9506.85 9513.52 9532.43 9542.84 9552.69 9560.99 9562.77 9559.03
9639.81 9647.08 9650.22 9650.28 9653.36 9659.5 9675.5 9716.8 9716.12 9731.12 9764.72 9799.86 9766.72 9715.4 9681.67 9634.21 9590.44 9585.34 9580.69 9577.9 9543.11 9527.94 9529.32 9537.68 9550.03 9566.25 9581.44 9588.44 9591.02 9585.91 9579.22 9573.27 9568.77 9566.99 9567.3 9566.84 9567.39 9569.51 9574.62 9579.22 9586.01 9595.65 9617.02 9658.12 9700.56 9711.67 9698.58 9667.06 9640.72 9644.98 9626.81 9586.18 9545.03 9519.7 9520.28 9523.42 9526.91 9520.18 9523.85 9531.67 9557.21 9553.15 9558.85 9567.06 9575.53 9587.81 9587.24
9670.51 9694.15 9699.66 9701.5 9706.27 9713.96 9728.24 9744.43 9760.36 9785.53 9814.52 9837.66 9840.15 9790.23 9737.54 9691.39 9655.81 9638.29 9615.65 9613.4 9611.49 9596.14 9579.19 9581.57 9584.98 9612.67 9628.78 9632.53 9628.6 9622.06 9610.64 9596.78 9589.68 9587.31 9585.97 9584.9 9585.84 9587.47 9587.18 9586.46 9583.89 9578.86 9585.69 9619.95 9657.07 9673.48 9672.09 9636.37 9612.93 9615.15 9606.96 9579.56 9547.07 9528.53 9532.09 9541.46 9553.93 9546.67 9541.43 9546.34 9556.57 9560.73 9566.21 9574.54 9583.52 9589.73 9596.1
9729.77 9748.16 9756.43 9757.98 9760.36 9763.16 9770.09 9780.29 9793.92 9820.69 9846.05 9868.2 9877.5 9839.52 9787.22 9744.83 9716.82 9700.29 9703.96 9688.41 9689.86 9669.25 9624.22 9641.9 9676.76 9690.62 9683.78 9677.19 9675.41 9668.24 9641.87 9624 9613.18 9607.1 9603.92 9605.53 9606.62 9601.36 9601.92 9594.84 9589.5 9585.66 9587.54 9602.44 9625.25 9643.76 9651.22 9630.68 9611.43 9604.5 9597.64 9581.02 9559.61 9546.9 9547.48 9556.69 9561.62 9559.37 9551.56 9543.94 9548.47 9561.24 9571.39 9578.21 9585.88 9594.57 9600.36
9829.26 9824.91 9819.88 9815.87 9813.32 9810.29 9810.82 9812.72 9822.11 9846.61 9866.51 9877.89 9885.55 9858.51 9816.57 9781.27 9754.84 9740.22 9738.04 9696.92 9697.1 9703.57 9700.54 9707.1 9735.05 9745.34 9727.5 9708.93 9691.45 9668.39 9661.8 9651.18 9634.81 9622.54 9615.86 9612.46 9608.61 9609.31 9604.26 9604.09 9598.58 9596.06 9596.15 9598.23 9606.31 9622.46 9627.58 9641.63 9622.38 9609.01 9606.27 9590.33 9573.43 9563.11 9561.6 9562.47 9561.13 9559.24 9553.21 9539.66 9541.97 9566.8 9573.99 9579.15 9583.25 9587.35 9591.63
9937.85 9895.44 9881.72 9868.43 9857.4 9851.98 9850.27 9846.58 9848.6 9873.51 9885.11 9880.78 9873.59 9858.24 9827.65 9796.61 9772.04 9752.17 9725.45 9690.33 9695.72 9713.01 9737.13 9739.4 9760.08 9769.56 9750.54 9729.13 9707.89 9686.87 9676.01 9667.65 9645.42 9632.03 9623.32 9616.79 9613.27 9618.02 9625.27 9617.08 9603.98 9594.4 9591.53 9598.04 9611.07 9618.35 9614.74 9627.23 9637.03 9645.75 9625.29 9598.97 9583.38 9575.44 9570.99 9571.18 9567.82 9559.99 9556.4 9553.04 9559.59 9570.03 9578 9579.71 9579.32 9574.78 9571.62
10023.5 9974.31 9934.55 9904.16 9884.7 9875.55 9879.82 9891.4 9905.52 9912.35 9906.3 9888.41 9872.73 9864.44 9837.52 9802.3 9783.64 9766.1 9731.41 9717.07 9724.06 9709.81 9706.38 9734.5 9759.24 9769.7 9755.76 9740.54 9728.06 9716.98 9686.55 9658.09 9646.62 9635.46 9626.9 9622.52 9623.6 9620.67 9622.62 9615.57 9603.76 9599.35 9611.48 9616.88 9615.48 9620.04 9639.24 9618.97 9633.55 9642.3 9620.2 9598.02 9584.88 9575.13 9571.47 9569.27 9564.62 9561 9562.66 9558.37 9569.96 9585.49 9587.26 9584.61 9579.15 9572.33 9566
10069.6 10022.8 9954.63 9906.63 9878.71 9871.24 9886.97 9923.32 9966.22 9944.28 9919.76 9899.39 9888.7 9881.12 9853.66 9823.29 9813 9803.7 9791.88 9742.57 9728.74 9720.05 9712.75 9733.43 9748.65 9757.4 9746.66 9744.86 9740.98 9719.71 9693.22 9663.21 9648.62 9636.72 9626.42 9619.23 9612.98 9606.82 9601.25 9596.03 9595.41 9596.78 9611.94 9624.25 9617.69 9604.74 9587.52 9603.68 9622.39 9626.13 9599.57 9590.61 9583.75 9575.3 9569.36 9565.51 9561.3 9556.89 9565.45 9573.54 9587.72 9598.34 9594.4 9588.15 9582.22 9575.49 9569.16
10030.3 9991.24 9923.75 9873.73 9842.14 9838.33 9859.55 9908.1 9955.2 9938.43 9893.16 9889.23 9894.62 9880.55 9862.33 9845.71 9847.24 9845.31 9842.57 9805.67 9805.82 9776.65 9749.84 9755.19 9744.33 9713.26 9732.22 9751.38 9757.02 9754.86 9718.99 9676.76 9655.08 9638.54 9623.06 9609.59 9598.6 9588.05 9577.6 9571.32 9581.72 9603.2 9606.22 9619.14 9610.27 9594.48 9596.69 9607.16 9614.92 9623.43 9613.8 9598.69 9585.39 9574.56 9569.23 9563.5 9544.63 9545.08 9549.12 9577.56 9596.27 9602.98 9593.4 9585.59 9582.15 9582.29 9581.27
9938.68 9900.02 9841.43 9795.08 9765.8 9757.8 9773.5 9816.65 9888.16 9841.35 9779.55 9781.25 9818.82 9825.02 9837.23 9869.87 9874.38 9889.27 9885.28 9888.14 9897.25 9865.87 9836.64 9805.59 9781.75 9751.94 9761.66 9776.21 9777.11 9764.91 9727.08 9687.1 9661.67 9638.16 9616.67 9597.76 9581.68 9566.66 9556.87 9554.84 9560.38 9563.48 9582.07 9583.08 9582.21 9579.21 9580.51 9591.72 9601.52 9611.84 9610.6 9596.77 9583.73 9576.55 9571.18 9564.88 9546.73 9543.73 9544.26 9584.68 9591.32 9593.51 9581.37 9577.86 9580.15 9586.21 9602.48
9819.69 9773.48 9717.44 9676.71 9650.43 9637.74 9635.34 9639.68 9637.93 9607.14 9580.37 9560.37 9550.83 9627.1 9713.28 9806.51 9840.15 9895.88 9943.98 9954.62 9935.19 9886.95 9867.97 9861.22 9850.79 9834.32 9828.91 9819.71 9795.12 9768.49 9743.27 9703.43 9668.33 9638.86 9611.17 9586.24 9563.53 9546.88 9538.45 9539.55 9545.33 9556.04 9555.75 9550.09 9556.74 9560.61 9562.03 9569.83 9581.38 9588.9 9587.7 9580.79 9574.36 9566.23 9560.36 9544.24 9543.55 9552.41 9564.84 9583.79 9576.75 9554.5 9558.47 9571.68 9579.6 9580.41 9575.86
9649.06 9606.56 9567.01 9537.21 9517.35 9499.68 9479.58 9447.66 9392.89 9351.81 9358.32 9333.42 9312.1 9384.91 9498.16 9610.56 9718.67 9843.74 9943.02 9944.71 9933.95 9911.88 9916.1 9924.1 9926.91 9948.68 9942.51 9868.37 9812.11 9760.76 9721.06 9702.25 9669.39 9637.23 9605.87 9577.5 9550.3 9530.24 9521.29 9515.17 9538.09 9553.88 9552.59 9540.85 9544.84 9548.92 9548.92 9554.35 9562.64 9565.78 9568.31 9579.43 9562.66 9551.78 9543.43 9555.38 9556.82 9559 9571.8 9580.55 9570.56 9553.93 9557.55 9573.44 9582.65 9579.03 9561.95
9434.55 9417.28 9404.63 9393.99 9384.66 9366.58 9339.78 9295.47 9225.37 9178.53 9215.68 9219.13 9234.85 9262.11 9323.51 9416.11 9566.68 9720.85 9919.38 9958.03 10021.6 10041.5 10012.5 9989.41 9979.61 9980.69 9952.49 9884.28 9819.5 9764.85 9725.14 9701.39 9664.55 9631.01 9603.1 9570.78 9537.67 9510.19 9514.83 9527.34 9540.59 9552.93 9549.85 9543.61 9543.37 9545.96 9543.74 9547.49 9551.01 9551.67 9550.17 9546.2 9544.21 9540.12 9536.11 9533.4 9548.26 9553.93 9562.09 9577.55 9573.28 9566.92 9567.84 9581.47 9594.09 9596.85 9583.3
9252.08 9229.44 9233.68 9237.97 9241.06 9233.2 9218.58 9192.2 9155.99 9129.82 9183.94 9225.17 9245.69 9270.41 9294.04 9346.96 9440.04 9571.53 9754.37 9920.77 10045.8 10106.1 10064.4 10015.6 9985.26 9956.79 9915.67 9873.86 9820.61 9767.55 9749.66 9692.51 9660.43 9632.56 9603.47 9572.81 9543.81 9518.24 9523.26 9532.23 9542.89 9551.17 9547.21 9538.71 9543.28 9548.46 9547.59 9545.36 9544.42 9542.08 9536.05 9525.71 9530.97 9535.7 9540.26 9533.42 9541.49 9546.77 9545.28 9569.03 9574.88 9573.24 9581.98 9588.86 9604.39 9620.29 9605.6
9037.72 9046.47 9068.99 9089.69 9106.9 9116.49 9118.32 9120.61 9132.69 9162.17 9200.83 9250.22 9279.41 9303.1 9312.07 9320.9 9339.46 9378.75 9519.07 9662.75 9884.43 10033.1 10007.4 9971.19 9946.12 9922.15 9896.42 9869.47 9824.93 9759.17 9701.13 9684.03 9663.96 9644.04 9618.45 9589.43 9561.07 9545.26 9536.89 9549.08 9555.42 9546.94 9546.76 9546.36 9545.33 9546.87 9547.14 9544.81 9542.35 9539.63 9537.3 9532.99 9533.57 9535.14 9538.32 9546.29 9548.68 9547.91 9548.94 9559.19 9564.06 9566.96 9564.27 9583.12 9598.56 9612.33 9580.28
8848.66 8887.57 8923.86 8955.46 8980.31 9006.04 9030.17 9059.32 9101.2 9164.77 9190.52 9222.16 9265.73 9301.17 9302.8 9286.74 9271.28 9288.81 9349.79 9456.43 9662.31 9823.21 9862.94 9874.3 9882.69 9891 9897.45 9890.46 9854.36 9782.88 9702.64 9691.62 9693.5 9674.86 9648 9616.57 9582.62 9548.8 9548.73 9564.94 9564.71 9546.16 9544.51 9546.44 9545.79 9547.16 9547.16 9545.28 9543.05 9540.8 9539.65 9541.76 9538.93 9534.05 9529.88 9544.35 9547.57 9551.48 9557.38 9547.66 9545.63 9552.86 9560.91 9568.07 9572.16 9563.91 9523.06
8740.84 8772.6 8810.2 8843.19 8875.96 8906.85 8939.16 8977.05 9027.97 9094.11 9138.28 9165.33 9217.3 9242.39 9225.31 9233.18 9232.16 9234.45 9261.07 9307.72 9469.24 9586.72 9675.95 9742.74 9796.29 9845.3 9901.1 9924.1 9913.72 9870.05 9792.56 9754.25 9746.52 9722.47 9689.05 9653.86 9620.36 9592.98 9582.84 9580.93 9582.47 9575.58 9553.69 9544.36 9545.48 9546.21 9547.91 9545.57 9543.57 9541.52 9540.26 9540.91 9537.77 9532.78 9531.29 9531.76 9540.94 9550.3 9557.87 9538.68 9532.96 9544.24 9550.96 9556.93 9547.36 9511.44 9466.96
8668 8694.17 8725.57 8762.14 8791.75 8820.03 8851.7 8887.04 8929.09 8988.94 9062.19 9127.95 9143.39 9168.93 9176.32 9192.81 9214.34 9229.83 9239.56 9248.7 9299.17 9374.8 9498.11 9596.93 9683.61 9771.91 9877.1 9939.67 9963.54 10001.2 9964.56 9880.78 9833 9783.63 9734.19 9693.32 9659.39 9637.66 9620.53 9593.84 9579.15 9587.66 9564.27 9549.37 9547.14 9547.48 9546.51 9544.75 9543.61 9542.13 9540 9538.17 9536.47 9531.8 9526.53 9528.71 9535.31 9539.23 9543.43 9529.43 9525.97 9541.4 9554.34 9554.09 9538.82 9509.14 9466.72
