real_craters/C202-1000m.grd
DSAA
146 146
-72.49 72.49
-72.49 72.49
7629.084337051 10469.93582015
[rows 30 to 59 of 146, columns 0 to 66 of 146]
9198.43 9185.78 9174.76 9165.7 9163.64 9168.87 9177.24 9188.02 9204.75 9226.2 9225.86 9234.12 9242.33 9243.71 9208.23 9239.81 9235.8 9241.05 9268.18 9303.19 9328.62 9331.24 9336.29 9319.26 9312.16 9310.51 9316.48 9340.76 9318.13 9308.89 9304.93 9312.16 9300.32 9279.27 9287.72 9299.39 9311.02 9319.43 9319.89 9340.35 9323.7 9326.42 9331.03 9315.91 9333.27 9351.55 9366.45 9377.26 9385.34 9393.86 9402.23 9409.04 9414.85 9418.23 9425.17 9445.09 9461.31 9469.63 9469.31 9468.92 9465.46 9462.09 9466.25 9471.61 9459.97 9443.13 9483.86
9181.01 9170.1 9161.66 9155.56 9154.62 9163.12 9171.47 9182.38 9197.72 9221.45 9226.57 9236.53 9237.37 9235.17 9209.55 9209.03 9238.51 9247.75 9259.82 9285.22 9318.7 9327.65 9336.29 9332.57 9329.43 9339.49 9332.96 9341.58 9316.6 9325.65 9338.51 9348.89 9352.74 9331.61 9310.82 9315.42 9324.27 9329.73 9333.91 9346.03 9345.86 9346.48 9349.61 9346.45 9354.5 9370.83 9381.08 9383.99 9400.89 9411.1 9421.84 9431.48 9442.49 9449.15 9462.25 9478.02 9489.21 9491.61 9492.71 9483.93 9474.79 9486.18 9492.17 9495.74 9485.63 9479.08 9480.86
9165.05 9158.41 9148.54 9147.12 9151 9157.16 9165.24 9172.08 9174.22 9179.07 9199.77 9245.36 9258.85 9258.07 9253.36 9219.89 9235.51 9243.96 9259.6 9278.01 9302.13 9325.15 9350.92 9346.26 9353.69 9364.66 9377.39 9359.93 9353.96 9341.6 9347.49 9355.74 9347.33 9342.8 9331.06 9332.61 9339.84 9347.83 9353.53 9353.04 9366.46 9369.19 9366.73 9365.87 9378.68 9387.17 9394.77 9404.87 9419.96 9435.41 9453.79 9463.23 9470.98 9479.76 9498.38 9515.52 9523.67 9515.12 9503.22 9503.37 9497.99 9531.02 9583.96 9525.35 9503.62 9509.23 9508.36
9155.43 9149.14 9140.82 9123.14 9137.34 9163.27 9166.27 9165.4 9163.73 9192.8 9243.08 9246.49 9279.47 9246.12 9230.01 9236.84 9236.6 9251.46 9263.32 9285.62 9287.14 9321.62 9349.51 9331.03 9354.96 9360.4 9356.89 9378.57 9357.55 9347.82 9350.16 9364.32 9365.85 9345.65 9337.92 9349.57 9357.95 9371.6 9360.67 9360.64 9381.83 9388.96 9383.4 9392.77 9398.12 9405.04 9414.55 9427.47 9441.65 9457.91 9471.09 9484.99 9496.83 9506.83 9528.26 9542.64 9546.74 9545.93 9540.53 9545.73 9551.34 9563.02 9577.93 9580.1 9532.58 9533.09 9526.66
9148.42 9146.08 9145.27 9150.2 9154.34 9166.29 9169.89 9163.8 9163.96 9198.41 9240.3 9241.98 9240.19 9260.67 9231.65 9221.87 9241.52 9259.55 9261.47 9280.02 9303.92 9331.84 9372.98 9375.7 9350.06 9352.86 9365.39 9374.83 9364.73 9349.55 9350.45 9371.45 9388.42 9382.37 9377.46 9369.73 9369.64 9368.97 9382.19 9386 9420.8 9405.53 9405.43 9401.74 9419.81 9423.35 9428.14 9441.78 9463.18 9487.85 9516.48 9540.92 9552.28 9557.28 9573.3 9578.25 9577.96 9586.4 9596.62 9601.45 9616.03 9614.9 9600.82 9608.36 9601.25 9562.11 9535.72
9144.87 9143.33 9144.68 9158.45 9157.77 9163.07 9170.41 9175.59 9181.32 9225.49 9257.99 9251.14 9246.39 9266.13 9258.19 9241.05 9255.24 9272.26 9284.46 9294.98 9306.77 9324.57 9346.49 9369.4 9353.52 9351.96 9351.73 9363.48 9356.66 9356.03 9354.97 9361.25 9380.17 9382.99 9390.97 9380.97 9377.79 9383.25 9389.74 9416.92 9408.37 9412.89 9455.56 9478.6 9454.88 9441.96 9432.41 9452.89 9488.8 9524.36 9556.07 9586.1 9598.95 9643.44 9631.29 9617.49 9622.75 9636.99 9641.78 9641.44 9643.2 9641.73 9620.97 9632.38 9643.65 9575.4 9531.55
9142.11 9140.23 9138.63 9133.21 9153.47 9164.45 9176.12 9188.79 9207.32 9220.93 9250.25 9258.28 9237.52 9231.01 9223.12 9250.64 9266.37 9279.97 9297.5 9317.06 9312.45 9316.64 9319.74 9329.95 9356.77 9362.76 9371.16 9369.32 9359.51 9360.36 9356.56 9364.88 9381.44 9377.01 9371.72 9376.52 9385.45 9399.86 9440.86 9457.21 9459.88 9434.98 9472.73 9497.06 9478.53 9460.67 9449.35 9475.74 9518.05 9558.22 9592.21 9630.13 9662.72 9582.25 9625.55 9660.48 9680.63 9701.31 9688.87 9647.09 9618.25 9582.18 9530.82 9534.01 9599.7 9535.27 9281.56
9142.59 9141.51 9140.67 9150.64 9159.88 9176.2 9188.12 9200.67 9213.64 9214.56 9219.15 9219.88 9227.94 9227.32 9224.68 9240.04 9260.81 9278.97 9293.06 9306.84 9314.53 9322.02 9334.61 9330.38 9343.84 9361.48 9382.15 9375.35 9362.06 9357.49 9356.99 9358.25 9382.56 9372.44 9364.04 9378.84 9403.18 9430.58 9457.82 9476.75 9478.59 9481.84 9479.09 9487.32 9480.67 9474.03 9481.45 9524.34 9573.75 9618.39 9646 9681.55 9762.74 9708.87 9687.7 9712.11 9743.02 9781.34 9723.13 9608 9529.82 9488.43 9382.5 9377.67 9434.04 9262.16 8963.91
9140.59 9140.17 9141.87 9150.42 9174.19 9184.95 9190.26 9196.5 9204.55 9199.06 9209.06 9215.2 9225.38 9237.19 9251.6 9255.12 9254.38 9282.2 9306.44 9305.2 9306.36 9309.01 9315.81 9321.8 9326.87 9345.43 9365.55 9370.17 9363.5 9367.46 9358.46 9363.21 9366.64 9370.62 9368.06 9392.7 9438.63 9478.45 9491.67 9497.73 9513.04 9507.66 9521.91 9507.79 9494.26 9502.01 9518.95 9575.61 9643.91 9678.05 9697.19 9682.35 9586.95 9697.79 9713.48 9735.38 9787.93 9725.4 9611.5 9495.11 9384.24 9254.11 9242.03 9195.53 9094.78 9005.37 8941.38
9141.51 9145.57 9152.17 9162.49 9179.05 9188.39 9185.07 9184.69 9189.9 9202.56 9219.85 9244.57 9242.97 9241.02 9260.49 9255.16 9254.35 9279.41 9310.85 9299.3 9300.81 9310.81 9317.38 9314.62 9316.58 9333.68 9349.56 9332.81 9350.54 9369.03 9378.21 9375.05 9374.94 9378.86 9380.13 9407.29 9463.63 9525.65 9521.21 9516.48 9512.62 9518.21 9557.24 9534.35 9526.03 9550.11 9624.91 9724.44 9715.95 9731.11 9766.05 9773.8 9730.29 9699.6 9712.65 9702.46 9683.97 9576.44 9454.26 9352.14 9256.6 9198.72 9132.51 9048.04 8963.84 8965.93 8973.24
9145.52 9147.41 9146.77 9152.98 9161.66 9169.76 9172.84 9172.28 9171.84 9196.44 9227.52 9249.37 9249.95 9245.22 9251.58 9263.58 9260.44 9262.71 9244.15 9274.94 9291.73 9302.81 9320.23 9308.17 9304.29 9314.26 9333.45 9343.09 9358.74 9377.15 9380.97 9387.86 9388.08 9389.36 9400.11 9420.97 9448.45 9477.1 9501.75 9513.52 9512.35 9479.8 9520.83 9548.41 9553.29 9595.24 9667 9725.32 9726.39 9766.08 9826.65 9909.99 9957.38 9838.12 9723.81 9631.88 9541.95 9421.59 9298.83 9215.06 9141.18 9110.29 9011.86 8951.64 8904.32 8890.32 8857.91
9150.26 9152.57 9156.99 9152.8 9149.74 9153.8 9162.02 9170.95 9181.82 9207.13 9225 9243.56 9257.56 9263.28 9247.07 9245.91 9261.81 9259.13 9248.1 9266.02 9281.03 9293.52 9301.13 9300.44 9301.02 9308.77 9319.46 9327.37 9338.28 9338.28 9374.18 9385.71 9401.14 9402.53 9409.2 9421.01 9430.04 9446.75 9474.54 9495.89 9509.88 9474.41 9593.18 9573.17 9575.63 9605.6 9609.57 9582.17 9674.13 9763.48 9848.12 9949.08 9994.57 9856.12 9683.54 9525.97 9364.27 9188.28 9145.11 9096.27 9038.94 8992.27 8933.21 8886.86 8844.64 8821.66 8805.5
9159.57 9161.68 9159.69 9153.32 9156.36 9152.23 9156.25 9166.21 9204.01 9211.66 9224.73 9241.36 9256.23 9270.42 9266.65 9252.95 9252.75 9258.98 9269.4 9271.15 9276.25 9277.76 9290.27 9291.96 9289.3 9303.34 9317.31 9319.13 9336.76 9345.5 9357.31 9371.08 9380.76 9398.85 9405.52 9413.35 9417.27 9437.88 9454.16 9467.06 9467.95 9449.33 9503.87 9609.59 9627.31 9487.27 9478.09 9525.37 9651.57 9761.85 9831.42 9872.4 9849 9754.44 9605.69 9424.99 9231.82 9077.3 9048.65 9017.5 8968.85 8937.22 8898.66 8842.72 8785.03 8747.82 8747.13
9169.93 9168.78 9158.28 9146.45 9134.73 9144.47 9153.23 9159.74 9171.46 9192.19 9209.44 9223.52 9245.37 9265.03 9276.9 9270.91 9262.28 9260.58 9269.68 9278.74 9276.11 9275.52 9282.66 9289.21 9294.19 9296.72 9313.16 9320.14 9330.34 9340.44 9346.59 9365.2 9370.79 9382.32 9389.93 9382.93 9389.68 9421.94 9433.98 9438.04 9435.08 9433.63 9463.52 9497.74 9459.24 9456.99 9511.78 9585.45 9713.47 9787.93 9817.24 9801.01 9785.9 9698.51 9539.22 9356.76 9174.53 9056.47 9017.31 8982.58 8942.05 8916.39 8901.46 8799.27 8727.14 8677.6 8628.27
9179.44 9186.39 9192.08 9161.25 9141.68 9148.4 9158.24 9175.31 9173.29 9173.95 9183.32 9206.71 9229.8 9260.15 9281.5 9290.83 9280.1 9269.71 9270.35 9277.99 9279.34 9279.38 9285.18 9294.48 9303.85 9318.19 9319.97 9316.46 9320.22 9340.82 9353.09 9378.55 9382.43 9381.38 9380.55 9378.52 9380.7 9396.97 9429.57 9451.4 9467.18 9561.14 9609.06 9579.23 9577.83 9647.6 9713.76 9870.77 9877.24 9850.25 9831.37 9814.22 9819.08 9673.76 9483.42 9298.91 9142.65 9056.98 9029.56 8996.29 8943.73 8901.94 8853.27 8742.26 8657 8593.32 8558.53
9183.05 9184.25 9184.89 9168.36 9161.81 9155.44 9159.58 9159.39 9157.97 9162.04 9161.43 9183.33 9212.49 9250.58 9281.42 9285.65 9286.45 9283.4 9285.32 9284.21 9287.79 9289.45 9293.68 9305.88 9319.52 9323.86 9329.98 9334.03 9347.78 9359.62 9356.27 9364.27 9377.22 9373.62 9379.94 9383.73 9380.58 9405.61 9459.26 9515.92 9577.61 9700.6 9785.34 9703.86 9679.68 9685.19 9807.98 9959.78 9922.44 9853.36 9823.49 9818.21 9732.57 9577.06 9402.62 9234.87 9115.6 9072.97 9071.24 9051.81 8978.1 8845.11 8759.5 8666.87 8594.48 8545.52 8522.08
9177.78 9160.68 9151.55 9154.1 9153.91 9161.47 9166.12 9171.21 9171.44 9161.95 9161.53 9180.15 9209.91 9264.68 9290.65 9296.26 9300.3 9309.86 9300.91 9303.46 9297.27 9291.14 9301.48 9312.5 9326.26 9332.35 9337.12 9339.3 9345.01 9355.63 9366.56 9377.61 9382.32 9391.83 9389.71 9391.05 9397.55 9442.29 9522.94 9615.62 9718.07 9837.46 9816.54 9778.84 9782.61 9738.37 9781.17 9809.71 9812.21 9793.04 9751.66 9686.7 9541.71 9439.03 9298.19 9159.74 9057.35 9113.21 9144.65 9085.09 8900.81 8705.21 8615.27 8563.07 8528.8 8506.86 8493.06
9175.52 9168.73 9160.07 9151.36 9158.64 9170.57 9176.09 9167.12 9170.43 9167.93 9154.34 9193.52 9228.02 9282.68 9300.08 9305.49 9303.08 9313.13 9308.91 9302.5 9303.51 9317.71 9271.08 9314.45 9330.97 9335.83 9342.5 9347.08 9355.86 9366.16 9369.67 9386.98 9389.58 9393.36 9400.78 9406.44 9413.89 9479.97 9588.3 9708.83 9816.74 9875.7 9872.98 9793.63 9719.44 9713.44 9731.55 9737.53 9736.69 9728.2 9679.94 9566.56 9491.18 9344.91 9202.71 9078.62 8998.68 9097.45 9138.18 8993.08 8746.04 8568.59 8522.89 8500.35 8464.63 8456.98 8460.01
9175.19 9172.53 9171.42 9175.48 9176.31 9183.5 9197.5 9223.17 9205.68 9200.21 9210 9224.72 9257.65 9288.59 9307.84 9306.69 9305.63 9297.15 9307.67 9305.11 9313.18 9315.16 9310.41 9326.27 9338.06 9333.27 9346.07 9356.55 9363.1 9368.94 9373.53 9411.54 9407.16 9409.83 9417.35 9427.89 9435.31 9513.53 9636.47 9768.9 9888.94 9926.91 9845.42 9776.85 9705.07 9677.25 9679.38 9696.82 9695.17 9652.85 9637.39 9627.76 9454.13 9234.23 9087.6 8984.09 8925.09 8886.69 8797.27 8758.75 8568.59 8494.36 8476.87 8455.51 8422.48 8420.95 8433.68
9171.58 9173.43 9176.36 9178.65 9186.01 9194.09 9202.66 9221.41 9224.07 9214.26 9212.77 9240.94 9280.77 9305.49 9320.06 9331.74 9293.35 9296.09 9303.46 9316.53 9329.47 9325.48 9322.95 9340.2 9357.22 9333.24 9362.33 9370.4 9374.96 9379.91 9391.16 9429.43 9427.8 9428.25 9432.84 9444.88 9466.18 9569.31 9698.01 9826.96 9933.1 9952.39 9865.5 9783.6 9692.84 9620.78 9595.78 9609.44 9596.09 9495.61 9418.05 9305.05 9147.84 9053.29 8944.53 8839.4 8735.42 8691.84 8609.53 8558.63 8475.25 8448 8457.06 8465.95 8435.5 8424.26 8442.87
9167.49 9168.38 9176.41 9188.96 9194.55 9204.55 9213.76 9223.07 9221.21 9203.9 9209.9 9250.76 9295.15 9310.92 9322.53 9323.67 9292.87 9303.98 9306.74 9317.68 9330.54 9342.15 9344.85 9352.72 9357.62 9333.89 9363.26 9380.91 9381.14 9389.07 9433.02 9440.06 9447.14 9459.24 9447.77 9462.31 9547.72 9660.01 9772.49 9879.16 9949.52 9935.78 9898.97 9847.49 9715.61 9541.52 9469.68 9447.61 9421.45 9271.55 9112.77 8948.61 8890.03 8873.22 8800.87 8698.78 8600.33 8561.66 8492.46 8473.12 8458.68 8438.59 8435.17 8439.52 8428.02 8398.83 8373
9166.24 9160.78 9170.64 9179.9 9195.51 9210 9226.74 9221.78 9215.56 9196.86 9217.59 9255.89 9280.66 9306.83 9319.07 9320.15 9321.57 9288.98 9291.16 9306.75 9308.14 9329.05 9343.23 9359.81 9355.87 9357.02 9384.11 9394.36 9413.61 9461.02 9392.12 9436.82 9459.19 9472.1 9474.49 9551.06 9673.15 9759.39 9847.57 9934.93 10007.8 9987 9984.51 9931.23 9795.75 9401.03 9304.88 9257.52 9175.15 9062.39 8915.26 8823.36 8791.98 8769.3 8716.91 8630.53 8546.68 8506.08 8465.46 8445.4 8432.73 8416.02 8413.26 8401.06 8379.82 8361.69 8324.92
9180.88 9176.43 9176.72 9182.95 9197.9 9210.13 9215.5 9224.98 9216.9 9212.73 9224.84 9259.36 9297.23 9311.89 9317.73 9321.01 9309.12 9286.29 9285.83 9302.36 9315.36 9316.61 9342.24 9361.36 9386.37 9386 9396.47 9406.31 9415.41 9458.31 9485.12 9470.13 9483.72 9493.02 9505 9614.92 9694.38 9848.84 9929.11 9979.67 10002.1 9999.74 10025.8 9883.06 9589.8 9239.59 9152.37 9095.82 9004.41 8937.47 8866.19 8825.11 8772.9 8727.7 8676.96 8604.97 8534.1 8488.06 8438.75 8408.17 8399.28 8392.73 8390.04 8387.72 8381.05 8347.66 8335.81
9196.5 9191.85 9185.98 9192.16 9204.68 9215.53 9222.25 9221.84 9221.17 9210.25 9232.14 9271.11 9303.52 9319.94 9322.29 9311.25 9289.3 9283.99 9290.3 9306.65 9329.99 9348.67 9354.44 9364.08 9372.14 9383.45 9409.44 9427.54 9457.66 9503.79 9520.53 9520.94 9516.82 9522.51 9569.63 9637.36 9891.57 9991.3 10011.9 10014.8 10012.4 10033.2 10069.2 9700.88 9286.25 9128.59 9057.74 9010.85 8955.87 8906.75 8871.92 8809.7 8765.36 8704.76 8651.23 8660.27 8564.52 8464.56 8404.91 8374.28 8371.85 8368.72 8368.55 8369.32 8344.79 8306.04 8284.45
9177.12 9182.76 9179.45 9199.84 9223.01 9240.45 9246.79 9270.95 9259.57 9239.42 9257.13 9290.67 9349.33 9342.42 9332.03 9319.17 9293.62 9287.6 9293.65 9313.42 9344.8 9362.7 9368.37 9377.66 9393.28 9414.1 9424.9 9450.69 9487.02 9501.91 9515.32 9540.42 9549.42 9570.01 9613.12 9801.56 9993.9 10098.9 10075.7 10036 10004 9971.65 9869.52 9387.8 9081 9033.63 9019.79 8994.83 8965.1 8925.15 8886.41 8870.28 8775.2 8664.7 8559.55 8443.52 8441.81 8395.88 8343.05 8313.53 8308.3 8299 8290.3 8344.99 8294.7 8217.31 8173.44
9172.75 9184.86 9199.25 9221.56 9251.23 9279.63 9299.42 9307.19 9304.66 9298.32 9298.44 9327.09 9346.96 9349.26 9339.65 9333.74 9332.29 9293.14 9307.9 9324.41 9339.03 9358.65 9371.38 9377.67 9402.24 9438.59 9456.51 9476.13 9508.68 9512.88 9523.74 9542.47 9577.15 9617.33 9654.11 9790.25 10031.5 10156.4 10097.5 10039.7 10014.5 9862.94 9488.43 9192.4 9067.83 9049.84 9034.69 9015.53 8986.11 8966.34 8952.77 8940.8 8767.8 8606.38 8460.45 8341.28 8322.58 8312.29 8286.45 8250.31 8265.95 8215.83 8150.81 8188.99 8189.12 8136.26 8108.33
9221.8 9221.38 9232.71 9251.32 9281.85 9317.94 9345.83 9318.07 9298.27 9288.56 9298.22 9332.18 9340.11 9339.43 9338.87 9335.18 9348.02 9304.33 9317.33 9330.07 9343.01 9362.11 9385.4 9409.45 9418.17 9451.61 9484.93 9495.37 9482.68 9505.17 9522.87 9554.19 9603.33 9654.01 9706.84 9811.47 9977.45 10073.8 10064.9 10035.3 10068.7 9783.84 9386.38 9203.16 9103.13 9077.99 9068.18 9060.78 9049.37 9060.74 9055.01 8887.01 8696.07 8511.24 8356.29 8246.02 8219.88 8246.96 8236.19 8213.28 8178.55 8145.67 8108.67 8098.07 8101.25 8125.72 8116.52
9258.75 9252.19 9258.17 9273.79 9296.97 9326.84 9330.57 9310.12 9290.96 9265.9 9281.59 9277.83 9306.88 9319.77 9327.59 9332.8 9324.42 9315.06 9323.28 9341.74 9348.57 9371.08 9401.89 9435.77 9432.72 9455.59 9466.53 9462.86 9473.59 9493.92 9556.81 9578.03 9625.49 9687.66 9745.35 9818.04 9924.77 9991.27 10020.3 9985.75 9933.45 9679.09 9378.95 9221.62 9140.58 9114.87 9106.59 9110.72 9121.77 9115.01 8970.49 8747.3 8567.43 8392.86 8238.19 8130.65 8144.28 8193.15 8197.98 8164.74 8139.68 8107.58 8087.63 8080.67 8047.33 8047.41 8048.44
9251.85 9262.92 9276.29 9283.37 9296.28 9309.81 9307.29 9301.82 9295.02 9295.87 9287.28 9295.28 9294.83 9309.5 9323.76 9335.24 9347.61 9359.81 9355.8 9384.53 9407.28 9402.85 9427.46 9423.36 9451.35 9459.36 9454.32 9448.13 9472.77 9529.64 9568.83 9592.14 9635.92 9702.83 9763.44 9827.08 9953.02 10045.7 10024.1 9941.88 9772.43 9596.48 9375.42 9243.23 9184.83 9166.35 9151.89 9143.07 9120.4 9042.6 8707.81 8537.81 8427.21 8290.91 8164.42 8080.08 8106.66 8136.7 8176.12 8148.02 8087.38 8053.57 8022.37 7954.02 7955.38 7970.12 7977.71
9254.57 9271.82 9285.72 9292.2 9297.87 9288.92 9288.23 9296.56 9293.92 9287.74 9287.22 9286.64 9291.84 9307.09 9324.02 9348.8 9376.44 9389.99 9388.29 9375.71 9424.84 9451.56 9470.12 9489.73 9494.34 9464.59 9444.92 9446.63 9464.9 9572.37 9547.53 9566.6 9638.11 9726.82 9799.41 9891.25 10008.5 10089.9 10069.8 9983.49 9818.92 9578.88 9363.56 9241.07 9239.6 9261.77 9248.87 9152.86 9028.93 8840.7 8665.92 8482.26 8355.28 8227.73 8115.79 8044.07 8059.96 8060.88 8037.27 8018.92 8030.5 8002.33 7965.95 7937.35 7929.22 7916.48 7921.59
