real_craters/C202-500m.grd
DSAA
508 508
-126.8575 126.8575
-126.8575 126.8575
7607.8082239768 11327.145604596
[rows 420 to 449 of 508, columns 201 to 267 of 508]
9375.85 9394.83 9403.14 9380.04 9357.29 9335.99 9322.55 9308.3 9298.32 9286.25 9276.29 9267.38 9258.81 9263.42 9271.99 9280.36 9287.31 9291.6 9296.75 9285.87 9281.67 9280.84 9277.42 9257.35 9261.67 9267.33 9268.75 9267.49 9263.51 9257.23 9241 9214.14 9212.11 9214.83 9217.19 9218.79 9220.38 9221.5 9230.81 9230.43 9229.42 9228.71 9226 9224.75 9218.55 9217.74 9214.22 9206.61 9192.01 9166.05 9160.09 9164.07 9157.09 9143.12 9130.17 9122.82 9131.81 9158.53 9199.69 9236.42 9261.11 9282.98 9285.17 9276.52 9263.05 9248.09 9235.17
9389.61 9399.61 9399.2 9389.57 9374.29 9363.23 9350.18 9315.74 9293.9 9284.57 9277.01 9269.09 9262.69 9265.75 9274.72 9284.3 9293.94 9301.73 9297.92 9292.23 9284.61 9277.93 9266.1 9250.11 9244.82 9257.9 9264.07 9264.95 9262.57 9258.39 9242 9212.92 9212.64 9214.93 9217.16 9218.81 9220.26 9221.16 9226.77 9225.27 9227.34 9228.88 9230.82 9233.68 9225.26 9218.63 9213.94 9208.24 9199.46 9186.81 9179 9169.84 9158.72 9145.49 9130.17 9116.62 9109.59 9150.46 9197.12 9242.37 9291.78 9289.74 9285.21 9275.44 9262.15 9247.63 9233.88
9387.79 9392.75 9399.72 9396.05 9387.55 9375.27 9362.82 9323.39 9294.89 9288.48 9281.55 9275.36 9272.84 9273.83 9279.87 9288.82 9299 9310.17 9293.18 9290.88 9283.84 9276.79 9263.45 9244.96 9248.78 9259.47 9263.35 9263.68 9260.57 9255.39 9241.74 9226.47 9221 9219.43 9219.05 9219.11 9217.51 9217.89 9219.64 9221.42 9223.56 9225.97 9227.42 9224.32 9222.63 9217.99 9214.42 9212.54 9214.02 9214.33 9191.69 9182.38 9168.75 9154.59 9139.26 9126.35 9129.07 9158.41 9202.73 9244.54 9272.67 9287.68 9285.81 9276.19 9263.06 9249.06 9235.9
9420.56 9408.39 9410.84 9410.47 9401.44 9397.95 9381.42 9348.2 9318.95 9299.07 9288.17 9280.71 9276.77 9279.33 9284.59 9291.08 9296.78 9298.4 9302.75 9292.84 9283.16 9272.95 9263.17 9251.39 9265.26 9267.44 9265.42 9261.91 9258.93 9256.69 9250.63 9242.06 9230.94 9224.29 9221.02 9219.16 9217.88 9217.01 9216.89 9217.89 9219.25 9220.52 9223.25 9223.38 9218.43 9215.01 9212.92 9212.61 9214.67 9216.43 9213.66 9197.57 9181.31 9167.77 9155.63 9145.53 9145.92 9178.19 9215.57 9251.96 9284.84 9295.19 9288.12 9277.47 9264.77 9251.07 9238.44
9499.82 9450.1 9451.39 9437.65 9415.47 9399.32 9366.35 9348.21 9326.49 9307.23 9295.36 9289.12 9285.55 9285.1 9288.55 9294.5 9297.67 9294.97 9297.52 9289.67 9288.44 9275.95 9275.27 9285.21 9293.44 9275.03 9264.72 9259.34 9255.29 9252.54 9250.4 9243.28 9235.94 9228.89 9224.76 9221.14 9218.4 9217.68 9215.83 9214.72 9213.64 9214.65 9213.83 9213.25 9211.87 9210.34 9209.31 9208.76 9208.17 9208.54 9209.99 9201.97 9191.59 9182.87 9177.58 9175.76 9183.21 9203.52 9231.52 9260.09 9285.47 9292.3 9288.03 9278.91 9266.98 9253.18 9240.22
9560.65 9557.27 9530.5 9470.98 9423.66 9395.42 9356.09 9332.89 9324.82 9312.87 9300.47 9294.99 9293.85 9288.92 9292.17 9298.81 9307.58 9318.13 9319.52 9313.2 9306.26 9304.26 9292.44 9288.01 9279.04 9266.52 9257.62 9251.81 9246.72 9243.78 9242.98 9244.74 9239.69 9236.52 9231.76 9227.44 9223.49 9220.58 9214.46 9212.05 9209.4 9206.96 9205.55 9204.84 9204.72 9204.63 9204.38 9203.85 9202.79 9202.23 9201.62 9199.57 9197.43 9197.64 9201.57 9208.37 9216.58 9229.03 9247.01 9267.35 9279.62 9286.3 9287.78 9279.13 9265.9 9252.98 9243.1
9565.51 9590.42 9553.57 9490.09 9438.74 9412.75 9385.28 9359.32 9342.35 9324.35 9304.29 9286.27 9283.12 9289.2 9297.5 9305.42 9313.14 9319.78 9319.05 9319.55 9317.58 9308.29 9298.33 9277.82 9249.83 9252.76 9248.37 9241.92 9237.5 9233.98 9237.92 9242.43 9237.59 9232.46 9229.1 9224.56 9221.45 9220.39 9216.13 9211.85 9205.08 9201.35 9193.28 9195.9 9198.29 9198.91 9199.06 9199.34 9198.69 9197.15 9195.89 9196.93 9201.17 9208.54 9219.72 9238.43 9246.25 9248.08 9259.72 9274.87 9291.98 9300.89 9290.74 9276.75 9262.05 9251.06 9241.6
9568.34 9543.98 9530.46 9517.7 9459.2 9435.98 9414.08 9397.39 9372.52 9342.91 9313.73 9277.13 9277.61 9295.07 9308.21 9315.96 9320.11 9314.26 9306.55 9325.83 9323.47 9323.43 9303.11 9281.4 9261.09 9252.1 9244.66 9236.25 9226.8 9219.44 9215.98 9227.58 9232.89 9231.81 9228.64 9223.31 9220.9 9216.64 9212.5 9208.64 9204.55 9199.7 9198.26 9194.6 9194.6 9194.54 9194.25 9194.95 9197.8 9194.39 9191.66 9193.65 9202.39 9213.33 9226.91 9241.43 9250.89 9255.82 9264.74 9277.35 9293.16 9302.14 9287.21 9270.57 9257.64 9246.72 9239.3
9621.5 9626.12 9625.92 9581.98 9524.94 9462.86 9473.83 9443.28 9402.52 9370.91 9343.07 9317.45 9307.41 9312.83 9319.45 9326.76 9332.85 9336.65 9334.59 9300.56 9315.81 9322.13 9306.5 9289.57 9275.46 9258.86 9245.69 9233.09 9219.72 9210.22 9209.23 9225.79 9227.56 9225 9221.58 9220.85 9217.3 9213.41 9209.4 9206.14 9202.66 9199.32 9192.37 9194.08 9192.32 9190.99 9189.35 9187.85 9187.15 9188.35 9189.6 9193.97 9203.18 9214.21 9226.1 9238.45 9246.58 9253.22 9260.67 9269.4 9279 9283.6 9272.66 9258.42 9247.29 9239.58 9234.37
9422.27 9535.17 9646.04 9618.61 9589.23 9561 9503.4 9457.06 9427.38 9400.59 9378.2 9366.63 9345.28 9334.29 9333.45 9338.48 9345.82 9353.3 9339.24 9297.29 9310.54 9318.07 9309.62 9292.99 9279.69 9265.75 9249.74 9233.47 9216.62 9197.83 9188.42 9225.53 9223.2 9219.37 9216.67 9214.06 9212.37 9209.35 9205.98 9203.15 9198.43 9194.58 9189.76 9191.71 9190.63 9189.2 9186.92 9182.44 9179.33 9183.51 9188.78 9195.36 9203.06 9213.46 9222.22 9227.98 9237.89 9245.21 9250.29 9253.73 9257.15 9258.95 9249.74 9240.67 9235.36 9230.6 9227.4
9182.99 9317.46 9456.49 9550.59 9622.51 9582.37 9533.13 9480.47 9453.3 9426.42 9401.14 9381 9362.22 9348.95 9344.33 9345.11 9350.13 9357.74 9361.92 9321.11 9325.25 9327.24 9315.18 9299.07 9291.01 9274.29 9255.75 9238.13 9220.56 9205.35 9203.38 9209.49 9211.78 9211.9 9211.44 9210.32 9210.5 9208.38 9202.87 9199.14 9194.04 9191.04 9193.96 9188.51 9189.15 9189.22 9188.39 9185.44 9180.34 9186.06 9189.94 9192.12 9203.64 9214.64 9223.51 9230.25 9233.97 9236.61 9238.35 9236.3 9230.72 9222.4 9218.59 9220.45 9222.08 9222.28 9221.07
8980.08 9119.49 9251.63 9389.77 9496.09 9541.29 9568.18 9511.42 9483.42 9449.04 9417 9394.04 9371.81 9359.77 9352.02 9350.41 9351.69 9354.03 9353.41 9351.63 9342.87 9336.39 9320.86 9305.57 9291.76 9277.13 9261 9244.85 9230.03 9215.8 9204.41 9200.27 9200.94 9203.77 9205.07 9206.21 9205.56 9204.85 9203.13 9200.23 9194.79 9182.02 9174.47 9187.02 9190.13 9191.11 9192.55 9196.53 9199.23 9194.17 9194.94 9199.3 9207.33 9216.86 9226.81 9234.74 9233.29 9230.53 9228.63 9221.41 9208.87 9191.18 9192.62 9204.5 9213 9217.37 9217.8
8826.03 8951.62 9084.34 9192.22 9314.03 9480.12 9622.25 9571.8 9517.58 9466.22 9414.98 9383.61 9373.7 9363.28 9353.29 9349.82 9346.09 9337.83 9322.39 9321.48 9331.33 9336.9 9321.79 9306.46 9294.89 9281.4 9265.92 9250.52 9239.27 9236.69 9219.54 9200.37 9196.84 9200.04 9201.92 9203.22 9203.37 9204.15 9203.41 9202.6 9201.88 9203.34 9199.64 9195.05 9194.35 9194.36 9195.13 9197.31 9199.79 9198.33 9199.24 9203.75 9208.91 9216.84 9225.49 9230.81 9229.34 9226.11 9222.07 9214.58 9201.42 9185.39 9185.26 9200.98 9212.34 9217.31 9218.95
8702.85 8787.76 8905.97 9035.16 9190.1 9387.36 9545.64 9560.96 9516.8 9464.19 9404.5 9371.43 9370.53 9364.46 9356.22 9349.42 9344.18 9340.47 9325.9 9320.79 9336.49 9335.82 9323.54 9310.43 9299.23 9287.05 9268.15 9251.14 9237.6 9229.43 9218.15 9203.56 9200.44 9200.63 9202.33 9203.34 9203.8 9205.03 9204.64 9205.5 9207.16 9213.65 9210 9201.85 9198.29 9196.79 9196.06 9194.28 9195.32 9198.76 9199.97 9200.78 9206.43 9213.55 9218.82 9223.34 9223.44 9222.31 9220.65 9217.12 9210.02 9196.59 9194.92 9214.86 9222.15 9224.62 9225.42
8559.94 8644.97 8767.6 8913.98 9070.14 9244.92 9407.79 9481.44 9467.79 9444.36 9420.4 9395.23 9375.92 9363.38 9355.8 9352.72 9355.76 9355.33 9363.07 9357.9 9338.81 9324.42 9315.19 9307.6 9298.62 9286.92 9266.35 9248.75 9230.53 9210.92 9208.33 9210.6 9207.13 9202.59 9201.6 9201.7 9202.15 9203.25 9204.06 9205.52 9206.13 9204.72 9205.16 9203.7 9200.94 9198.79 9197.97 9199.62 9199.14 9199.45 9201.43 9204.59 9207.41 9209.14 9209.78 9213.56 9217.89 9219.85 9221.29 9224.42 9229.15 9239.95 9255.71 9246.9 9239.13 9235.19 9233.42
8481.1 8556.9 8669.42 8786.33 8895.85 9052.44 9202.55 9321.37 9346.91 9377.16 9423.92 9403.77 9365.38 9350.02 9348.42 9351.6 9359.66 9369.65 9377.8 9360.22 9301.22 9300.21 9310.5 9305.63 9290.31 9269.09 9260.88 9247.31 9231.13 9214.6 9208.87 9205.23 9201.3 9202.99 9202.43 9202.05 9202.42 9203.65 9205.42 9207.46 9208.69 9207.46 9206.24 9204.92 9202.52 9199.94 9198.05 9197.34 9198.88 9200.77 9202.93 9205.05 9206.95 9207.77 9210.45 9211.58 9214.15 9217.91 9221.15 9229.11 9242.41 9266.86 9291.5 9264.07 9250.09 9243 9239.68
8417.16 8486.51 8548.38 8620.03 8717.48 8857.83 8985.19 9076.41 9162.53 9239.93 9321.8 9326.9 9316.38 9317.03 9328.85 9349.25 9363.34 9381.9 9386.87 9360.98 9291 9283.78 9307.57 9304.57 9291.09 9277.33 9264.75 9250.45 9236.9 9226.95 9215.53 9210.82 9210.6 9204.51 9202.1 9201.33 9202.13 9204.8 9206.57 9208.57 9210.44 9213.92 9209.96 9206.67 9203.99 9200.93 9197.19 9196.22 9197.85 9201.72 9204.55 9206.07 9205.29 9204.61 9205.7 9207.4 9210.01 9214.62 9220.73 9228.41 9239.46 9251.66 9253.15 9254.57 9248.3 9244.24 9242.63
8350.41 8385.69 8452.02 8521.91 8592.27 8709.93 8814.97 8894.88 8994.43 9079.12 9129.63 9193.68 9235.08 9264.31 9293.75 9325.82 9356.99 9384.2 9401.82 9401.91 9320.58 9291.23 9294.86 9300.05 9295.6 9286.05 9270.84 9253.05 9237.93 9228.95 9217.42 9212.06 9204.01 9205.17 9202.96 9202.18 9204.85 9206.97 9208.46 9210.86 9212.67 9212.19 9211.1 9208.57 9206.05 9203.18 9198.96 9192.7 9199.64 9204.09 9207.1 9208.88 9209.1 9202.44 9197.2 9200.58 9204.77 9209.59 9212.88 9219.72 9227.2 9233.43 9241.34 9237.08 9238.69 9240.02 9241.59
8305.12 8337.01 8402.63 8466.74 8530.53 8645.9 8745.64 8823.28 8905.12 8968.1 9013.18 9089.83 9154.98 9210.1 9257.52 9304.95 9346.61 9377.13 9406.79 9412.4 9371.09 9321.79 9315.62 9304.51 9298.74 9291.39 9275.63 9253.73 9231.43 9216.49 9215.01 9213.49 9219.19 9207.09 9201.42 9201.67 9203.34 9205.65 9208.61 9211.71 9215.01 9216.08 9211.93 9209 9207.11 9206.3 9206.62 9208.77 9206.4 9208.91 9210.94 9211.9 9208.84 9201.73 9192.91 9197.16 9200.52 9202.77 9206.23 9211.12 9213.93 9214.78 9210.42 9216.85 9226.26 9232.53 9238.13
8271.05 8316.43 8374.65 8425.64 8484.83 8585.78 8696.37 8800.36 8878.26 8909.53 8948.34 9022.41 9096.82 9167.58 9224.94 9278.38 9323.1 9363.94 9398.78 9420.8 9395.54 9340.57 9317.7 9310.09 9299.88 9292.32 9274.4 9254.17 9238.88 9224.16 9215 9207.59 9203.61 9196.7 9198.37 9201.04 9203.76 9204.1 9207.3 9210.32 9213.7 9214.29 9212.27 9207.94 9207.12 9208.54 9211.44 9213.51 9211.55 9211.97 9214.02 9216.16 9215.45 9208.07 9199.73 9197.37 9198.19 9197.97 9199.93 9202.23 9203.33 9202.47 9201.37 9206.35 9215.83 9224.56 9232.03
8238.1 8278.48 8327.26 8384.68 8454.67 8537.83 8655.01 8777.55 8860.02 8863.32 8894.28 8970.11 9050.19 9126.72 9192.47 9252.99 9302.4 9345.13 9377.57 9397.67 9375.36 9348.97 9340.58 9318.22 9297.9 9273.58 9255.07 9251.13 9248.24 9234.53 9216.55 9199.56 9176.59 9183.75 9195.98 9203.74 9206.65 9205.7 9209.3 9209.77 9212.41 9211.12 9207.24 9204.89 9204.24 9207.52 9214.25 9214.14 9212.52 9212.42 9214.82 9219.41 9223.42 9214.79 9202.75 9198.06 9195.4 9195.11 9195.46 9195.62 9195.38 9194.64 9194.03 9198.94 9208.73 9217.89 9226.07
8216.34 8232.63 8263.41 8330.19 8434.12 8530.42 8617.53 8714.88 8794.49 8804.08 8848.18 8932.46 9017.31 9097.23 9167.07 9232.3 9284.96 9330.88 9360.1 9382.77 9372.44 9356.55 9344.31 9323.46 9301.29 9276.42 9258.18 9247.21 9236.97 9229.08 9219.09 9207.21 9195.82 9198.27 9204.79 9209.05 9209.57 9213.69 9212.35 9208.04 9201.89 9203 9201.07 9199.42 9196.99 9196.73 9206.84 9209.75 9205.23 9207.56 9212.45 9217.91 9223.09 9214.01 9201.16 9195.29 9192.11 9190.89 9190.17 9189.29 9188.97 9188.6 9190.41 9195.38 9203.72 9212.41 9220.49
8201.9 8206.22 8221.8 8268.27 8390.46 8504.02 8554.38 8617.48 8678.14 8743.82 8818.93 8904.3 8988.7 9069.14 9142.17 9212.27 9270.36 9318.42 9352.42 9368.42 9373.66 9357.1 9345.14 9327.5 9307.53 9292.29 9277.76 9249.62 9219.7 9223.62 9225.84 9224.83 9226.8 9226.37 9220.66 9216.85 9217.45 9216.87 9214.04 9209.59 9205.5 9201.54 9197.65 9193.33 9188.97 9179.91 9163.42 9175.38 9190.46 9199.44 9205.55 9210.39 9212.41 9205.86 9196.35 9192.76 9188.73 9186.69 9184.72 9182.75 9180.56 9181.75 9186.73 9192.1 9198.49 9206.08 9214.52
8185.71 8184.46 8186.22 8216.69 8310.21 8379.97 8457.65 8517.22 8580.16 8693.87 8797.86 8884.97 8967.52 9049.07 9128.11 9202 9265.88 9317.68 9353.73 9361.51 9345.95 9339.99 9345.18 9329.17 9310.39 9292.39 9274.29 9260.49 9241.79 9240.81 9239.14 9240.27 9245.17 9244.57 9233.05 9228.49 9224.85 9221.52 9217.8 9214.67 9207.86 9205.67 9199.28 9194.91 9188.13 9176.92 9163.58 9170.11 9183.9 9192.99 9198.37 9201.57 9202.13 9194.32 9189.81 9187.43 9184.49 9181.46 9177.5 9174.64 9174.3 9174.89 9179.31 9184.7 9191.08 9199.56 9209.55
8169.62 8166.25 8190.87 8199.95 8252.3 8308.08 8381.82 8444.04 8508.78 8689.93 8793.01 8873.92 8957.39 9044.09 9126.77 9207.11 9278.41 9331.01 9372.01 9362.7 9310.37 9324.33 9333.85 9323.84 9310.11 9295.93 9284.1 9276.21 9273.62 9258.27 9252.04 9249.96 9249.41 9248.2 9238.34 9233.06 9227.92 9223.83 9221.34 9220.63 9220.7 9210.15 9203.36 9196.26 9191.54 9187.3 9185.19 9181.95 9184.96 9190.15 9193.34 9194.25 9190.65 9189.1 9190.71 9186.12 9182.14 9178.15 9174.08 9170.82 9167.44 9165.51 9167.46 9182.02 9178.21 9190.13 9205.07
8153.34 8147.83 8140.31 8186.27 8230.75 8283.48 8343.04 8408.01 8492.57 8695.64 8765.93 8850.12 8940.44 9038.75 9132.55 9216.68 9294.81 9351.41 9385.23 9377.3 9341.09 9329.58 9327.85 9319.43 9307.86 9296.79 9287.07 9277.82 9271.57 9266.4 9259.39 9254.96 9250.58 9239.31 9239.11 9232.7 9227.5 9224.66 9221.9 9221.21 9215.3 9211.84 9205.15 9199.27 9195.63 9193.17 9193.52 9189.8 9188.86 9189.97 9192.55 9193.22 9192.72 9194 9192.19 9186.91 9182.38 9177.36 9171.79 9165.99 9161.71 9156.06 9149.74 9143.78 9158.83 9179.98 9201.66
8142.66 8151.33 8156.31 8181.05 8219.02 8266.46 8324.48 8393.53 8469.83 8560.39 8693.56 8807.37 8920.92 9028.99 9133.62 9226.83 9313.84 9376.21 9401.14 9389.36 9371.34 9326.09 9318.78 9316.01 9307.17 9298.33 9287.38 9280.4 9275.93 9271.51 9264.02 9257.97 9254.55 9256.72 9241.63 9230.96 9224.94 9222.15 9220.47 9218.4 9216.15 9212.33 9206.94 9201.77 9197.06 9192.41 9188.93 9189.76 9190.4 9192.35 9194.17 9195.5 9196.89 9195.64 9193.24 9188.57 9183.7 9178.84 9172.48 9165.22 9157.25 9148.41 9139.44 9135.32 9146.01 9172.24 9198.98
8132.93 8143.67 8146.75 8170.97 8209.61 8247.45 8311.65 8387.05 8467.03 8538.88 8651.2 8774.27 8894.77 9017.11 9132.49 9244.48 9340.25 9418.12 9457.06 9411.29 9328.11 9317.01 9314.87 9313.72 9309.7 9303.64 9297.25 9299.09 9293.24 9278.55 9265.73 9255.74 9249.8 9248.83 9232.12 9222.27 9219.22 9219 9220.74 9219.64 9216.03 9213.43 9209.01 9204.65 9199.97 9195.34 9193.42 9192.16 9192.47 9194.14 9195.84 9198.05 9200.76 9200.19 9196.74 9192.19 9186.54 9179.93 9172.37 9164.45 9155.98 9148.5 9137.59 9125.75 9138.44 9170.46 9199.29
8123.68 8124.57 8120.77 8141.8 8173.6 8223.69 8296.76 8377.82 8457.86 8526.09 8622.66 8745.44 8875.55 9004.98 9132.23 9252.44 9362.2 9454.05 9527.71 9434.25 9324.41 9307.27 9319.94 9318.73 9317.03 9315.07 9311.44 9310.26 9299.49 9281.75 9264.39 9248.08 9231.98 9213.69 9207.5 9207.64 9211 9215.09 9220.01 9226.53 9224.62 9216.89 9211.89 9207.17 9202.38 9197.85 9195.6 9194.98 9195.95 9196.55 9198.07 9200.73 9202.63 9204.97 9203.4 9197.15 9191.05 9184.77 9178.43 9170.97 9163.24 9153.87 9146.46 9141.88 9152.04 9176.8 9201.52
8119.97 8112.98 8108.32 8124.31 8146.52 8203.36 8279.44 8362.84 8441.98 8491.65 8591.76 8719.7 8857.98 8997.11 9126.13 9254.93 9367.18 9452.56 9481.86 9417.85 9312.42 9296.06 9313.72 9322.97 9325.02 9324.52 9324.68 9308.92 9295.44 9280.52 9261.62 9240.41 9217.02 9194.79 9188.8 9194.85 9203.87 9211.2 9216.2 9218.6 9220.44 9218.06 9214.39 9210.03 9205.53 9201.39 9199.27 9198.57 9198.45 9200.3 9201.43 9202.62 9203.49 9206.99 9207.23 9199.86 9193.48 9187.1 9181.29 9174.79 9168.9 9164.23 9162.12 9164.56 9173.74 9186.13 9203.31
