real_craters/C202-750m.grd
DSAA
339 339
-126.8575 126.8575
-126.8575 126.8575
7623.4295781637 11341.016575757
[rows 148 to 184 of 339, columns 164 to 245 of 339]
8013 7996 8000 8005 8002 8004 8000 7994 7983 7974 7974 7977 7979 7982 7982 7980 7994 8024 8053 8067 8083 8096 8111 8116 8118 8148 8192 8236 8268 8306 8349 8442 8458 8455 8637 8701 8807 8851 8890 8946 9003 9183 9487 9860 1.002e+004 1.01e+004 1.012e+004 1.012e+004 1.01e+004 1.008e+004 1.006e+004 1.004e+004 1.003e+004 1.003e+004 9972 9897 9834 9763 9722 9702 9688 9676 9664 9662 9677 9692 9688 9675 9693 9689 9680 9686 9691 9697 9703 9720 9748 9778 9819 9858 9894 9911
7966 7967 7996 7996 7983 7973 7962 7952 7946 7959 7973 7955 7948 7946 7942 7936 7947 7972 7993 8010 8032 8054 8073 8087 8102 8115 8137 8157 8178 8217 8259 8398 8411 8382 8518 8591 8665 8750 8835 8929 8984 9084 9313 9758 9963 1.004e+004 1.006e+004 1.007e+004 1.006e+004 1.005e+004 1.004e+004 1.003e+004 1.001e+004 9961 9893 9839 9798 9751 9717 9696 9675 9666 9664 9664 9669 9678 9698 9706 9709 9713 9717 9723 9727 9722 9708 9712 9732 9762 9791 9829 9874 9914
7938 7941 7955 7962 7955 7943 7927 7909 7903 7903 7919 7918 7915 7915 7915 7914 7924 7938 7945 7967 7990 8013 8037 8057 8071 8081 8093 8108 8129 8160 8203 8246 8283 8270 8345 8417 8510 8605 8728 8866 8971 9008 9183 9566 9903 9960 9974 9984 9990 1e+004 1.001e+004 1.002e+004 1.001e+004 9954 9860 9822 9784 9740 9714 9695 9675 9669 9669 9664 9658 9658 9681 9697 9707 9725 9750 9761 9737 9717 9700 9703 9717 9730 9762 9782 9803 9850
7897 7905 7919 7925 7925 7919 7903 7876 7842 7831 7848 7870 7883 7891 7900 7911 7915 7920 7933 7942 7952 7975 7999 8017 8031 8043 8055 8068 8079 8112 8143 8166 8189 8196 8226 8252 8270 8441 8602 8736 8855 8969 9120 9452 9732 9810 9853 9892 9919 9951 9981 9993 9993 9918 9824 9800 9770 9736 9710 9694 9685 9677 9676 9673 9660 9659 9689 9714 9707 9724 9752 9763 9719 9678 9685 9698 9713 9730 9746 9759 9776 9797
7885 7888 7896 7904 7908 7904 7893 7874 7836 7820 7822 7832 7854 7871 7885 7902 7904 7907 7912 7894 7914 7942 7964 7976 7993 8008 8020 8037 8058 8080 8095 8120 8133 8144 8157 8171 8221 8348 8488 8613 8732 8890 8994 9252 9495 9631 9725 9798 9856 9905 9930 9952 9955 9886 9808 9780 9756 9728 9702 9689 9676 9676 9677 9685 9671 9682 9688 9696 9687 9702 9723 9742 9694 9668 9676 9694 9707 9721 9736 9752 9767 9777
7854 7859 7880 7898 7900 7898 7890 7867 7834 7814 7814 7819 7835 7850 7862 7873 7883 7888 7886 7873 7895 7919 7943 7965 7970 7977 7986 8000 8023 8042 8062 8080 8079 8088 8107 8132 8188 8297 8417 8537 8646 8740 8880 9034 9256 9442 9593 9719 9808 9871 9918 9932 9918 9872 9824 9781 9755 9730 9704 9692 9680 9675 9669 9660 9656 9658 9671 9667 9666 9673 9673 9650 9657 9660 9670 9688 9701 9713 9725 9739 9748 9758
7809 7806 7843 7877 7885 7888 7887 7871 7823 7786 7815 7820 7829 7838 7846 7853 7864 7872 7877 7887 7886 7900 7921 7941 7944 7946 7950 7954 7958 7982 8030 8059 8045 8044 8074 8117 8182 8278 8384 8488 8596 8695 8843 8937 9129 9328 9496 9625 9743 9834 9903 9933 9919 9873 9830 9801 9761 9727 9706 9696 9689 9676 9662 9650 9659 9666 9665 9647 9645 9648 9646 9639 9642 9649 9661 9677 9689 9699 9708 9720 9728 9736
7777 7791 7826 7855 7856 7863 7877 7871 7814 7777 7802 7813 7823 7830 7836 7841 7849 7856 7861 7864 7866 7879 7896 7912 7916 7914 7912 7911 7917 7948 8003 8051 8042 8046 8072 8112 8179 8271 8371 8465 8540 8650 8802 8911 9091 9263 9427 9584 9720 9836 9930 9995 9994 9926 9882 9845 9788 9716 9700 9693 9687 9688 9675 9666 9684 9673 9657 9633 9630 9634 9637 9640 9643 9644 9651 9662 9669 9677 9686 9696 9704 9712
7766 7789 7805 7807 7807 7818 7830 7827 7800 7777 7786 7811 7819 7823 7828 7832 7833 7836 7837 7829 7838 7854 7871 7884 7890 7884 7879 7875 7874 7894 7971 8046 8061 8059 8062 8092 8171 8271 8376 8464 8533 8608 8771 8994 9099 9230 9381 9539 9691 9839 9967 1.009e+004 1.019e+004 1.01e+004 1.01e+004 1.007e+004 9875 9724 9703 9695 9699 9715 9729 9724 9692 9667 9639 9625 9622 9626 9632 9640 9640 9637 9640 9647 9650 9655 9661 9669 9678 9686
7759 7770 7761 7743 7751 7768 7782 7786 7782 7778 7786 7807 7814 7816 7814 7813 7814 7814 7816 7805 7812 7829 7843 7858 7860 7854 7852 7849 7849 7855 7944 8025 8061 8062 8056 8075 8162 8282 8407 8511 8586 8653 8744 8907 9067 9213 9357 9511 9674 9849 1.001e+004 1.016e+004 1.028e+004 1.019e+004 1.026e+004 1.02e+004 9980 9819 9729 9707 9714 9737 9786 9794 9773 9694 9633 9616 9616 9621 9626 9629 9630 9630 9631 9633 9633 9634 9637 9642 9651 9656
7749 7759 7722 7701 7712 7731 7740 7756 7768 7776 7787 7799 7812 7817 7817 7810 7802 7788 7786 7791 7802 7809 7813 7816 7819 7828 7835 7839 7847 7876 7926 7986 8040 8055 8054 8070 8163 8301 8447 8591 8688 8697 8774 8873 9029 9184 9338 9500 9671 9840 1.002e+004 1.018e+004 1.029e+004 1.029e+004 1.024e+004 1.016e+004 1.001e+004 9866 9762 9720 9718 9729 9739 9765 9756 9693 9622 9613 9613 9616 9620 9623 9624 9621 9618 9617 9614 9615 9616 9621 9628 9634
7745 7746 7701 7679 7703 7722 7723 7743 7761 7778 7797 7802 7814 7819 7822 7813 7798 7774 7737 7780 7802 7796 7792 7788 7796 7815 7828 7839 7851 7864 7912 7958 7982 8027 8054 8080 8170 8304 8465 8644 8780 8719 8776 8857 8989 9147 9316 9481 9649 9825 1e+004 1.017e+004 1.028e+004 1.025e+004 1.022e+004 1.012e+004 9959 9857 9794 9755 9721 9722 9724 9735 9743 9682 9619 9613 9612 9613 9614 9615 9613 9609 9605 9599 9597 9598 9598 9602 9610 9616
7762 7784 7732 7711 7736 7740 7741 7751 7764 7775 7788 7810 7818 7818 7819 7813 7806 7796 7789 7786 7787 7783 7776 7785 7801 7811 7827 7843 7862 7889 7917 7937 7940 7984 8046 8080 8166 8287 8428 8581 8689 8687 8739 8811 8949 9100 9263 9443 9610 9778 9935 1.01e+004 1.024e+004 1.016e+004 1.012e+004 1.005e+004 9910 9841 9811 9762 9731 9722 9716 9717 9696 9658 9620 9614 9612 9611 9609 9607 9602 9597 9589 9584 9586 9588 9589 9593 9599 9603
7774 7784 7770 7770 7769 7763 7764 7762 7770 7784 7805 7823 7823 7818 7810 7816 7819 7824 7832 7813 7799 7776 7754 7756 7781 7806 7827 7847 7869 7895 7918 7932 7944 7994 8039 8074 8145 8244 8355 8452 8532 8657 8655 8762 8920 9086 9247 9415 9569 9724 9860 9956 1.003e+004 1.013e+004 1.005e+004 1.002e+004 9944 9899 9867 9795 9754 9730 9699 9688 9668 9649 9625 9616 9614 9611 9607 9601 9594 9589 9585 9579 9578 9582 9587 9590 9593 9598
7766 7776 7785 7790 7791 7774 7769 7763 7771 7788 7813 7825 7823 7822 7821 7824 7829 7835 7836 7825 7807 7776 7748 7752 7779 7803 7828 7851 7873 7897 7917 7926 7950 7985 8033 8061 8118 8195 8275 8350 8424 8570 8629 8752 8920 9086 9252 9420 9570 9707 9818 9917 1.003e+004 1.012e+004 1e+004 1e+004 9988 9973 9965 9900 9803 9746 9710 9675 9666 9665 9642 9621 9614 9609 9605 9598 9591 9586 9583 9580 9577 9578 9580 9585 9590 9595
7763 7774 7787 7800 7797 7768 7745 7755 7766 7781 7801 7823 7833 7834 7833 7834 7835 7838 7836 7823 7805 7785 7766 7767 7779 7804 7833 7854 7872 7883 7891 7912 7933 7980 8014 8040 8092 8151 8218 8297 8409 8573 8647 8776 8930 9089 9252 9410 9558 9692 9802 9890 9992 1.005e+004 9996 1.001e+004 1.002e+004 1.001e+004 1.002e+004 9978 9835 9758 9698 9679 9682 9684 9673 9636 9621 9615 9607 9600 9593 9588 9585 9584 9580 9578 9580 9582 9586 9593
7777 7790 7787 7802 7804 7771 7747 7751 7769 7782 7778 7830 7847 7845 7846 7845 7840 7831 7828 7825 7819 7810 7800 7803 7812 7830 7847 7860 7872 7879 7887 7899 7907 7921 7973 8015 8074 8128 8180 8253 8404 8649 8693 8811 8949 9103 9266 9419 9578 9715 9816 9895 9964 9992 1e+004 1.002e+004 9997 9983 9951 9876 9805 9772 9731 9697 9683 9679 9679 9645 9628 9619 9611 9604 9596 9590 9592 9590 9584 9580 9579 9580 9583 9590
7854 7875 7844 7832 7830 7754 7732 7751 7779 7809 7841 7844 7831 7852 7862 7860 7851 7836 7831 7835 7839 7839 7841 7843 7853 7865 7866 7870 7876 7885 7899 7900 7907 7903 7943 8018 8073 8112 8158 8229 8377 8610 8730 8847 8999 9160 9303 9465 9625 9771 9892 9948 1.002e+004 1.002e+004 1.002e+004 1.003e+004 9988 9948 9892 9832 9792 9762 9728 9706 9694 9683 9667 9646 9636 9627 9615 9607 9601 9594 9597 9591 9585 9583 9578 9579 9583 9590
7925 7990 8123 7885 7788 7725 7725 7755 7796 7841 7882 7877 7844 7877 7889 7884 7872 7860 7851 7849 7847 7847 7852 7864 7875 7883 7877 7877 7879 7882 7887 7902 7908 7914 7983 8044 8080 8109 8147 8204 8294 8573 8700 8860 9023 9179 9352 9516 9680 9834 9988 1.014e+004 1.009e+004 1.004e+004 1.005e+004 1.006e+004 1.001e+004 9941 9852 9804 9772 9743 9728 9729 9725 9722 9721 9657 9642 9627 9619 9611 9608 9609 9602 9586 9587 9581 9577 9579 9582 9588
7886 8001 7995 7816 7751 7709 7721 7766 7819 7875 7921 7958 7939 7921 7937 7930 7906 7883 7870 7863 7859 7863 7870 7875 7878 7877 7880 7879 7879 7879 7879 7893 7902 7929 8045 8067 8088 8115 8147 8193 8327 8651 8715 8914 9047 9204 9360 9528 9699 9868 1.003e+004 1.014e+004 1.007e+004 1.008e+004 1.012e+004 1.014e+004 1.007e+004 9962 9865 9797 9761 9735 9731 9737 9746 9733 9756 9694 9661 9633 9617 9613 9611 9603 9619 9625 9603 9610 9589 9584 9578 9583
7990 8034 7952 7837 7775 7721 7726 7783 7853 7916 7966 8016 8082 8008 8023 7987 7939 7897 7880 7873 7874 7881 7886 7884 7885 7884 7883 7882 7881 7879 7878 7887 7921 7980 8041 8072 8094 8134 8181 8234 8349 8515 8721 8861 9048 9213 9373 9539 9707 9865 1.001e+004 1.012e+004 1.008e+004 1.021e+004 1.018e+004 1.014e+004 1.008e+004 9974 9878 9809 9766 9743 9731 9736 9761 9800 9755 9685 9642 9625 9618 9617 9624 9651 9623 9598 9590 9597 9598 9592 9594 9579
8074 8103 7993 7884 7792 7676 7738 7825 7910 7985 8050 8127 8196 8279 8167 8057 7966 7906 7883 7872 7872 7873 7881 7885 7885 7886 7883 7882 7884 7884 7888 7906 7960 8027 8054 8074 8092 8145 8235 8324 8382 8464 8736 8942 9072 9225 9381 9538 9694 9848 9978 1.005e+004 1.014e+004 1.02e+004 1.014e+004 1.007e+004 1.004e+004 9968 9880 9829 9786 9746 9727 9717 9716 9688 9650 9619 9610 9610 9608 9612 9613 9604 9590 9575 9578 9596 9602 9600 9593 9593
8267 8242 8064 7933 7852 7743 7817 7912 8005 8077 8162 8248 8495 8381 8229 8090 7980 7906 7881 7875 7879 7887 7884 7884 7881 7872 7874 7880 7887 7895 7905 7919 7962 8017 8056 8068 8080 8141 8221 8300 8441 8494 8808 8938 9092 9232 9369 9512 9645 9797 9971 1.009e+004 1.011e+004 1.012e+004 1.01e+004 1.004e+004 1.002e+004 9977 9918 9873 9828 9754 9717 9707 9694 9684 9652 9613 9602 9604 9606 9608 9606 9596 9587 9572 9572 9589 9614 9607 9595 9592
8387 8366 8153 8008 7917 7931 7973 8014 8083 8167 8276 8418 8469 8312 8204 8081 7980 7912 7882 7880 7884 7887 7893 7886 7878 7867 7869 7879 7890 7902 7906 7911 7956 7993 8030 8053 8079 8147 8231 8335 8580 8526 8836 9055 9123 9225 9323 9444 9577 9722 9865 9992 1.006e+004 1.004e+004 1.006e+004 1.006e+004 1.002e+004 1.001e+004 9978 9929 9872 9769 9696 9692 9686 9675 9649 9620 9603 9595 9597 9598 9601 9601 9592 9582 9585 9616 9621 9609 9604 9582
8402 8417 8185 8061 8117 8092 8110 8101 8140 8212 8333 8461 8399 8292 8139 8040 7959 7910 7891 7889 7896 7899 7896 7887 7879 7872 7874 7882 7895 7910 7920 7939 7962 7986 8017 8044 8074 8173 8327 8413 8583 8608 8828 9010 9115 9192 9287 9387 9491 9608 9773 9924 1.001e+004 1.005e+004 1.004e+004 1.002e+004 1.001e+004 1.003e+004 1.002e+004 9975 9912 9753 9676 9669 9681 9670 9638 9612 9596 9586 9586 9590 9597 9606 9602 9593 9583 9600 9597 9599 9594 9602
8179 8206 8085 8012 8056 8137 8123 8125 8156 8212 8267 8296 8225 8096 8039 7980 7931 7901 7895 7899 7905 7908 7897 7889 7877 7871 7873 7886 7901 7919 7936 7962 7969 7978 8011 8042 8086 8182 8329 8454 8579 8651 8840 9015 9103 9169 9248 9328 9415 9489 9553 9811 1.004e+004 1.009e+004 1.004e+004 1.001e+004 1.002e+004 1.004e+004 1.002e+004 9976 9903 9710 9691 9660 9647 9629 9609 9587 9570 9572 9576 9583 9595 9615 9639 9613 9601 9615 9626 9605 9590 9590
7940 7896 7938 7927 7965 7969 8029 8097 8138 8169 8172 8132 8059 7970 7951 7929 7900 7889 7891 7898 7905 7907 7893 7886 7879 7874 7873 7888 7902 7920 7940 7958 7963 7974 8001 8042 8089 8198 8253 8353 8496 8592 8816 9003 9098 9149 9219 9287 9350 9435 9567 9797 1.005e+004 1.011e+004 1.004e+004 1.001e+004 1.006e+004 1.008e+004 1.004e+004 9938 9842 9744 9700 9672 9602 9576 9577 9567 9555 9562 9569 9576 9585 9598 9606 9604 9590 9611 9605 9610 9611 9588
7888 7872 7893 7901 7919 7944 7979 8035 8081 8097 8082 8036 7982 7938 7913 7901 7883 7886 7891 7898 7899 7894 7890 7886 7882 7882 7886 7893 7903 7916 7933 7939 7950 7967 7995 8032 8092 8251 8292 8364 8434 8589 8802 8984 9062 9109 9173 9235 9306 9411 9552 9832 1.013e+004 1.015e+004 1.005e+004 1.002e+004 1.008e+004 1.015e+004 1.006e+004 9883 9709 9674 9723 9686 9582 9564 9559 9556 9553 9555 9562 9569 9575 9577 9580 9586 9585 9595 9617 9616 9602 9592
7916 7934 7922 7916 7902 7963 8003 8015 8030 8031 8031 8027 8024 7956 7916 7906 7907 7895 7894 7894 7894 7893 7892 7885 7884 7885 7891 7895 7901 7909 7916 7938 7959 7972 7997 8036 8084 8174 8301 8477 8530 8597 8812 9018 9047 9094 9155 9222 9296 9400 9589 9893 1.01e+004 1.013e+004 1.006e+004 1.004e+004 1.008e+004 1.017e+004 1.004e+004 9841 9677 9662 9731 9684 9589 9553 9552 9548 9540 9547 9555 9563 9567 9572 9578 9577 9583 9593 9604 9602 9604 9595
7930 7942 7939 7944 7945 7959 7999 7999 7997 7994 7992 8001 8009 7958 7925 7910 7899 7901 7897 7893 7888 7884 7879 7881 7882 7885 7888 7892 7895 7903 7917 7935 7956 7975 7993 8045 8098 8178 8292 8513 8560 8654 8842 8997 9055 9098 9159 9230 9307 9417 9643 1.006e+004 1.011e+004 1.012e+004 1.008e+004 1.009e+004 1.013e+004 1.012e+004 9984 9802 9669 9663 9685 9643 9569 9558 9555 9551 9550 9551 9554 9558 9565 9568 9570 9575 9575 9584 9587 9590 9601 9602
7920 7929 7931 7922 7919 7953 7980 7972 7968 7961 7957 7943 7920 7921 7908 7912 7915 7905 7898 7893 7894 7886 7879 7877 7877 7880 7889 7886 7886 7893 7911 7930 7952 7968 7984 8043 8105 8169 8337 8512 8593 8704 8875 9064 9064 9120 9182 9252 9338 9468 9731 1.009e+004 1.011e+004 1.014e+004 1.012e+004 1.011e+004 1.007e+004 1.001e+004 9904 9766 9669 9666 9666 9626 9594 9580 9564 9554 9553 9550 9549 9553 9563 9573 9586 9584 9568 9584 9579 9575 9588 9600
7904 7912 7919 7925 7933 7928 7916 7937 7937 7933 7926 7914 7906 7883 7883 7906 7915 7907 7897 7889 7879 7876 7870 7871 7871 7871 7865 7868 7874 7877 7883 7921 7949 7954 7976 8040 8121 8238 8360 8572 8630 8736 8886 9012 9135 9168 9211 9281 9374 9523 9798 1.008e+004 1.011e+004 1.016e+004 1.023e+004 1.012e+004 1.003e+004 9945 9848 9744 9678 9661 9640 9619 9594 9577 9563 9551 9541 9535 9540 9546 9556 9570 9582 9581 9567 9578 9578 9575 9595 9608
7889 7901 7912 7925 7937 7916 7918 7920 7915 7909 7899 7895 7887 7892 7892 7901 7907 7901 7894 7885 7875 7869 7868 7866 7867 7868 7867 7871 7873 7874 7885 7915 7943 7946 7974 8026 8119 8229 8349 8533 8620 8759 8899 9027 9121 9181 9233 9301 9403 9569 9839 1.007e+004 1.013e+004 1.014e+004 1.013e+004 1.01e+004 1.003e+004 9919 9831 9738 9689 9672 9645 9626 9594 9572 9558 9546 9537 9533 9533 9537 9544 9542 9553 9556 9570 9582 9581 9589 9595 9600
7876 7886 7892 7896 7899 7919 7912 7906 7897 7889 7880 7869 7866 7890 7894 7888 7893 7893 7889 7884 7881 7870 7862 7861 7865 7870 7875 7878 7876 7877 7890 7914 7930 7947 7977 8038 8111 8199 8320 8470 8652 8785 8923 9049 9151 9204 9261 9333 9418 9539 9850 1.011e+004 1.016e+004 1.011e+004 1.008e+004 1.008e+004 1.007e+004 9958 9856 9741 9698 9695 9653 9631 9579 9565 9553 9540 9532 9525 9523 9526 9535 9538 9547 9555 9561 9561 9575 9594 9593 9597
7867 7869 7868 7865 7887 7900 7903 7900 7892 7882 7871 7861 7877 7905 7888 7879 7881 7880 7880 7880 7879 7870 7861 7861 7866 7872 7879 7885 7881 7882 7898 7923 7947 7961 7989 8042 8108 8197 8358 8536 8673 8824 8954 9072 9166 9232 9292 9365 9457 9591 9956 1.014e+004 1.013e+004 1.008e+004 1.005e+004 1.008e+004 1.01e+004 1.009e+004 9917 9751 9687 9664 9635 9631 9600 9568 9553 9538 9525 9513 9511 9512 9522 9539 9543 9553 9565 9573 9574 9582 9588 9595
7863 7861 7855 7879 7865 7877 7888 7891 7885 7877 7870 7870 7873 7890 7892 7884 7874 7872 7873 7873 7872 7868 7864 7865 7868 7874 7882 7890 7886 7885 7901 7933 7961 7976 8005 8059 8143 8218 8447 8693 8758 8873 8991 9101 9185 9252 9320 9405 9516 9685 9962 1.01e+004 1.011e+004 1.008e+004 1.006e+004 1.009e+004 1.014e+004 1.009e+004 9957 9767 9689 9650 9633 9625 9589 9573 9559 9543 9526 9510 9502 9497 9495 9508 9534 9556 9594 9587 9577 9576 9587 9586
7863 7866 7882 7859 7865 7871 7875 7880 7878 7873 7869 7866 7868 7877 7906 7867 7865 7866 7868 7869 7867 7867 7866 7867 7869 7872 7879 7886 7892 7894 7915 7943 7966 7983 8007 8067 8199 8340 8540 8732 8822 8921 9028 9137 9233 9276 9350 9448 9576 9735 9968 1.014e+004 1.014e+004 1.009e+004 1.007e+004 1.009e+004 1.01e+004 1.01e+004 9970 9808 9705 9657 9619 9603 9594 9582 9568 9550 9533 9519 9500 9481 9464 9468 9515 9584 9622 9617 9585 9560 9554 9562
