real_craters/C202-1000m.grd
DSAA
146 146
-72.49 72.49
-72.49 72.49
7629.084337051 10469.93582015
[rows 90 to 119 of 146, columns 67 to 133 of 146]
7867.93 7860.99 7860.79 7852.84 7857.13 7853.53 7848.67 7856.01 7862.78 7861.13 7862.35 7862.43 7853.22 7852.35 7854.13 7848.23 7851.56 7878.98 7907.86 7942.74 7970.85 7980.02 8000.83 8023.63 8055.12 8131.29 8290.69 8495.63 8724.35 8967.43 9305.27 9391.94 9422.14 9421.04 9432.31 9477.14 9653.1 9839.88 9934.91 9982.92 9944.84 10003.3 9914.11 9850.17 9779.72 9712.46 9650.92 9610.09 9581.81 9561.57 9547.95 9533.52 9518.08 9505.66 9497.18 9495.9 9500.11 9495.05 9507.34 9522.59 9518.42 9501.38 9518.53 9528.11 9525.28 9527.96 9515.11
7869.59 7868.89 7867.23 7864.63 7864.58 7861.18 7860.86 7866.82 7866.67 7859.34 7864.54 7870.18 7873.51 7848.4 7867.34 7863.2 7874.31 7901.88 7932.3 7961.4 7991.27 8011.57 8041.18 8084.88 8138.15 8226.45 8438.94 8670.56 8936.66 9103.21 9296.41 9481.07 9427.77 9427.75 9451.24 9504.65 9615.44 9750.64 9895.21 10024.1 9944.71 9870.62 9889.18 9853.45 9755.22 9661.59 9624.5 9605.7 9588.27 9581.25 9533.85 9513.46 9512.14 9500.02 9485.48 9476.54 9482.15 9485.7 9487.64 9476.35 9458.83 9488.32 9472.33 9494.17 9516.05 9514.11 9515.89
7881.44 7875.67 7881.54 7882.39 7875.35 7867.08 7863.04 7863.69 7858.85 7858.06 7875.43 7884.22 7883.97 7866.62 7895.91 7905.99 7913.66 7933.25 7958.01 7978.77 8005.27 8059.21 8116.19 8183.22 8258.22 8379.51 8599.48 8856.09 9165.25 9214.55 9348.69 9413.2 9413.89 9443.28 9488.34 9546.14 9630.21 9752.19 9880.78 10010 9930.56 9848.95 9891.71 9888.36 9734.07 9578.22 9584.15 9600.47 9608.6 9597.22 9503.78 9498.47 9494.11 9492.5 9485.34 9480.82 9477.22 9477.32 9479.6 9476.51 9449.27 9456.73 9473.38 9504.08 9509.24 9509.83 9520.21
7907.82 7897.81 7909.76 7914.77 7900.1 7885.34 7872.98 7860.46 7876.23 7885.85 7904.33 7914.2 7916.84 7926.32 7930.61 7931.91 7953.53 7981.35 8005.42 8023.98 8058.15 8136.27 8240.08 8368.97 8435.3 8548.22 8732.54 8932.87 9157.27 9248.67 9343.09 9429.29 9393.53 9466.96 9531.55 9604.97 9684.28 9782.91 9880.99 9954.3 9918.69 9850.36 9886.21 9877.17 9705.21 9566.95 9554.14 9596.2 9617.8 9542.17 9524 9503.25 9492.42 9486.86 9490.98 9483.95 9482.1 9481.49 9480.83 9476.25 9466.24 9465.52 9475.48 9472.08 9485.42 9496.81 9508.84
7953.56 7945.2 7945.51 7953.79 7943.83 7930.25 7909.5 7895.45 7908.14 7930.33 7948.85 7957.63 7966.2 7974.54 7975.92 7982.75 8012.4 8040.99 8070.19 8096.83 8145.76 8234.87 8351.04 8454.83 8580.83 8706.53 8842.76 9011.4 9132.81 9220.62 9473.97 9454.89 9415.63 9491.15 9581.5 9681.57 9778.7 9866.63 9949.22 10030.1 9931.48 9843.62 9819.65 9763.23 9640.53 9522.18 9515.94 9562.03 9602.17 9543.6 9503.85 9489.33 9493.24 9490.55 9493.51 9506.98 9495 9488.56 9482.82 9475.1 9468.68 9471.36 9476.03 9475.1 9479.19 9486.51 9495.16
8012.99 7993.9 7983.7 7993.94 8007.32 8008.82 8003.71 7983 8014.17 8006.63 8007.2 8009.83 8011.2 8015.33 8027.48 8060.79 8087.21 8122.33 8157.01 8199.78 8250.62 8341.66 8460.72 8590.51 8707.71 8803.1 8925.22 9045.12 9145.91 9301.39 9531.8 9456.3 9459.77 9540.6 9659.85 9779.44 9887.15 9956.02 10021.5 10015.2 9917.46 9819.54 9737.66 9652.04 9544.8 9461.88 9469.36 9491.15 9567.12 9536.32 9467.88 9465.46 9479.08 9480.38 9488.1 9510.22 9528.42 9499.76 9483.76 9478.12 9476.17 9479.9 9485.44 9489.71 9484.7 9480.47 9478.47
8099.04 8079.33 8058.33 8077.24 8107.73 8115.98 8117.79 8114.03 8093.91 8072.92 8077.8 8077.36 8079.58 8092.48 8247.97 8160.36 8188.78 8226.24 8272.96 8319.03 8385.58 8463.66 8560.27 8669.41 8754.4 8873.8 9006.68 9127.86 9267.08 9376.33 9427.25 9469.75 9511.65 9657.77 9775.8 9881.6 9982.59 10016.9 9919.99 9787.92 9764.5 9710.25 9647.33 9568.17 9479.6 9445.79 9461.03 9463.09 9496.57 9500.24 9451.2 9456.55 9462.09 9468.21 9472.79 9478.37 9496.46 9490.3 9473.52 9465.45 9473.5 9472.71 9471.82 9487.67 9481.13 9470.39 9463.78
8226.26 8214.5 8182.78 8222.32 8255.74 8268.6 8237.82 8205.83 8179.18 8175.3 8171.19 8163.08 8174.15 8230.54 8254.46 8289.7 8305.64 8338.28 8386.32 8435.62 8498.26 8552.79 8612.08 8743.39 8851.1 8982.54 9109 9220.98 9311.95 9403.97 9504.5 9638.92 9733.42 9821.17 9896.89 9981.97 10053.9 9991.35 9745.3 9642.27 9614.33 9581.28 9510.87 9482.02 9444.57 9442.05 9493.3 9464.33 9499.46 9479.53 9449.77 9448.43 9452.46 9457.73 9462.09 9474.15 9478.17 9470.48 9453.51 9436.61 9446.86 9452.73 9449.82 9457.47 9458.26 9453.14 9449.58
8407.65 8414.99 8456.9 8432.47 8422.98 8407.65 8380 8336.99 8308.51 8296.01 8277.91 8264.89 8270.56 8277.55 8338.01 8389.52 8455.67 8495.95 8522.09 8557.82 8600.57 8652.84 8725.47 8871.08 9068.73 9120.32 9225.54 9332.9 9402.11 9477.77 9695.14 9976.53 9986.62 9951.98 9992.59 10064.7 10141.5 10133.6 9658.69 9575.6 9550.2 9525.09 9472.35 9441.89 9433.4 9471.28 9511.32 9498.17 9482.29 9464.87 9438.85 9441.77 9446.26 9447.19 9448.11 9455.57 9465.56 9453.77 9438.09 9424.37 9420.22 9427.64 9432.68 9421.3 9427.26 9433.93 9435.05
8586.11 8585.86 8593.37 8601.57 8592.2 8571.04 8527.52 8507.76 8446.58 8428.84 8411.03 8380.72 8400.76 8431.68 8511.69 8591.62 8591.99 8613.02 8645.42 8677.1 8714.51 8763.24 8858.12 8964.22 9081.01 9222.64 9340.67 9423.52 9470.55 9680.22 9930.93 10073.4 9997.86 9971.62 9999.83 10045 10089.5 9960.99 9594.4 9523.94 9586.83 9514.33 9478.54 9442.38 9450.43 9490.3 9469.89 9497.41 9478.18 9455.52 9440.52 9448.73 9445.41 9443.24 9444.7 9460.01 9454.35 9444.94 9427.82 9415.47 9417.83 9416.85 9415.38 9413.41 9415.8 9424.01 9430.33
8792.85 8770.79 8746.44 8785.42 8775.92 8715.03 8671.66 8598.24 8600.59 8668.75 8570.09 8518.13 8557.97 8647.78 8695.26 8686.92 8716.49 8747.14 8777.95 8805.85 8842.69 8901.43 8974.98 9079.26 9188.87 9358.85 9514.77 9592.61 9668.95 9985.78 9981.51 9983.47 9907.92 9925.3 9951.08 9971.73 9965.68 9841.01 9496.24 9449.82 9501.65 9459.44 9426.42 9425.6 9429.38 9451.07 9468.81 9429.4 9438.52 9435.63 9433.87 9441.42 9440.24 9438.86 9432.52 9441.14 9461.35 9435.77 9417.88 9406.88 9407.95 9409.11 9408.71 9409.58 9413.5 9424.06 9434.36
9048.88 9030.26 9042.13 9066.01 9011.71 8953.86 8918.97 8912.83 8799.1 8762.22 8687.04 8662.24 8717.74 8766.38 8829.77 8820.3 8869.92 8911.96 8941.02 8970.9 8996.49 9059.27 9174.1 9225.22 9356.47 9568.54 9782.88 9985.06 9994.69 10017.9 9961.36 9926.11 9897.05 9856.99 9876.99 9876.39 9831.83 9703.54 9504.99 9423.38 9409.43 9404.64 9390.66 9417.23 9437.82 9445.23 9462.69 9424.26 9408.88 9408.54 9408.99 9411.24 9430.31 9439.29 9443.13 9423.25 9412.94 9411.91 9405.79 9403.73 9409.44 9405.99 9408.92 9413.97 9421.05 9430.11 9439.84
9321.35 9309.15 9381.05 9304.16 9220.46 9194.25 9150.83 9063.87 9056.36 8863.8 8833.04 8847.35 8910.63 8996.36 9109.16 9050.56 9045.42 9079.65 9130.43 9168.38 9178.19 9181.37 9309.42 9419.76 9614.01 9856.26 10008.7 10094.1 10019.9 9933.37 9927.36 9911.7 9857.5 9812.63 9821.78 9813.1 9732.15 9597.31 9479.25 9438.89 9419.89 9411.61 9413.39 9431.47 9441.32 9423.22 9439.51 9377.99 9382.35 9393.21 9399.85 9418.98 9431.98 9438.27 9441.08 9411.87 9398.11 9393.08 9389.42 9402.16 9406.49 9407.48 9410.02 9418.16 9428.12 9433.17 9441.61
9573.93 9524.42 9437.47 9389.1 9368.15 9337.6 9291.3 9207.01 9107.83 8990.52 9026.48 9070.83 9096.94 9156.42 9201.57 9209.36 9218.91 9267.38 9338.84 9400.31 9449.24 9463.85 9618.77 9784.37 10014.7 10145.9 10115.4 10093.3 9917.31 9893.12 9886.85 9873.15 9829.4 9806.83 9816.36 9800.62 9748.43 9554.82 9481.33 9443.15 9432.21 9443.35 9448.4 9440.59 9412.91 9424.74 9430.63 9378.84 9380.08 9387.81 9400.61 9439.52 9432.4 9426.86 9414.07 9386.46 9385.02 9377.44 9368.29 9377.71 9394.38 9410.23 9417.59 9418.5 9422.5 9430.36 9436.97
9764 9762.85 9651.1 9531.3 9493.51 9483.81 9457.7 9387.65 9257.22 9189.72 9195.67 9223.68 9252.84 9275.39 9277.4 9284.05 9370.45 9493.26 9600.93 9704.53 9815.07 9936.57 10066 10189.8 10196 10164.2 10112.6 9991.33 9889.27 9874.19 9876.11 9852.09 9815.24 9813.29 9841.12 9819.65 9682.04 9548.7 9505.12 9447.28 9443.37 9460.58 9463.47 9444.25 9417.03 9461.07 9427.03 9403.77 9389.48 9389.43 9391.03 9392.13 9406.41 9411.96 9406.5 9360.03 9366.1 9365.38 9353.03 9355.78 9361.91 9363.84 9387.56 9418.27 9420.29 9429.82 9436.11
9895.98 9816.1 9719.15 9616.42 9639.59 9643.37 9623.37 9599.28 9510.17 9412.71 9364.09 9383.02 9427.08 9444.18 9455.88 9461.02 9563.21 9697.01 9825.33 9957.99 10114.5 10289.5 10290.1 10275.1 10234.7 10157.7 10078.6 9960.95 9854.82 9869.89 9897.65 9875.94 9810.39 9919.33 9868.63 9834.09 9792 9559.03 9519.63 9454.99 9467.16 9493.77 9484.41 9455.31 9433.27 9435.86 9398.38 9407.2 9396.42 9391.88 9384.26 9378.37 9389.05 9387.97 9378.44 9360.58 9359.12 9356.9 9354.12 9349.65 9360.25 9369.89 9404.38 9421.27 9437.75 9445.1 9441.65
9956.76 9959.24 9897.49 9848.76 9819.93 9804.88 9767.02 9730.03 9609.38 9565.45 9525.82 9581.33 9641.45 9694.71 9679.55 9696.27 9834.06 9908.91 10007.8 10137.4 10284.1 10370.3 10334.8 10303.3 10237.8 10158.5 10014.2 9885.04 9835.76 9853.2 9873.85 9823.34 9771.88 9791.19 9801.32 9736.9 9672.01 9599.72 9479.31 9466.64 9490.63 9529.92 9504.83 9463.86 9430.23 9426.12 9405.1 9409.56 9410.63 9397.45 9388.06 9381.79 9383.9 9369.67 9358.57 9351.53 9337.22 9327.07 9342.13 9352.1 9374.43 9393.06 9407.2 9427.98 9455.46 9460.64 9452.66
9921.18 10012 9990.84 10070.1 9945.16 9949.65 10055 10137.1 10078 10050.9 9957.74 9850.01 9857.43 9954.73 10084.8 10061.5 10023.1 10031.3 10088.6 10199.9 10349.6 10431.4 10306.1 10278 10212.2 10109.8 9978.26 9869.71 9838.68 9842.41 9832.46 9762.92 9755.36 9729.49 9713.93 9641.5 9556.96 9518.22 9475.07 9485.6 9498.63 9504.36 9494.12 9460.05 9445.95 9438.62 9427.04 9421.6 9413.27 9399.89 9390.7 9384.87 9383.12 9372.42 9350.96 9342.82 9332.97 9328.42 9359.8 9389.64 9395.73 9415.32 9422.42 9448.43 9467.62 9471.99 9461.9
9832.48 9846.14 9905.02 9881.36 9935.55 9972.37 9973.44 9974.74 10016.1 10049 10116.1 10029.1 9982.47 9959.69 9943.85 9950.78 10002.4 10053 10108.1 10182 10262.1 10317.9 10288.9 10219.2 10158.5 10152 10001.6 9880.17 9845.72 9892.26 9853.08 9744.9 9755.32 9728.43 9702.32 9639.64 9552.58 9511.82 9483.25 9483.53 9491.86 9501.72 9493.53 9481.18 9448.1 9445.3 9441.14 9431.83 9408.66 9396.82 9391.19 9387.14 9379.14 9379.27 9368.61 9349.95 9341.64 9341.31 9371.48 9380.55 9401.49 9416.01 9432.87 9462.5 9476.28 9474.41 9466.12
9812.18 9817.02 9868.98 9904.02 9941.22 9985.29 10025.2 10049.9 10026.3 10037.7 10125 10084.1 10025.7 9997.69 9980.44 9980.2 10026.7 10041 10076.2 10095.4 10086.8 10093.8 10162.9 10067.5 10011.8 9940.03 9883.94 9790.91 9808.5 9819.08 9782.37 9731.22 9758.22 9723.15 9711.89 9718.96 9592.33 9502.5 9479.71 9466.51 9471.33 9466.71 9476.07 9501.64 9474.55 9451.62 9425.41 9415.26 9387.35 9391.95 9392.8 9392.76 9386.4 9373.31 9365.89 9360.5 9355.58 9353.75 9364.03 9382.39 9400.01 9420.07 9433.85 9459.94 9475.52 9476.14 9472.53
9871.55 9875.74 9892.99 9922.29 9955.97 9992.83 10023.7 10020.8 10019.2 9948.66 9954.93 10007.2 10000.5 9988.06 10019.2 10030.7 10000.9 10004.4 10010.9 10006.5 9986.5 9945.71 9861.21 9865.17 9858.3 9801.88 9743.15 9709.22 9720.76 9729.82 9725.26 9713.68 9673.15 9675.07 9681.88 9689.01 9628.42 9494.19 9456.49 9473.18 9458.38 9448.45 9440.53 9444.83 9435.2 9433.55 9396.47 9398.04 9404.55 9398.49 9391.84 9389.8 9384.78 9383 9372.82 9368.42 9365.95 9369.57 9378.23 9393.06 9398.84 9414.74 9428.09 9453.93 9477.63 9497.05 9479.34
9931.93 9933.03 9917.52 9927.21 9953.4 9988.72 10006.5 9938.75 9899.4 9888.12 9881.24 9923.61 9968.09 9978.52 9993.08 9989.45 9964.15 9978.98 9973.64 9959.31 9914.67 9880.85 9842.19 9806.74 9781.66 9748.08 9702.29 9657.46 9643.95 9659.77 9664.03 9646.84 9612.39 9615.89 9630.94 9625.02 9571.08 9474.36 9430.44 9426.44 9425.95 9418.13 9417.61 9428.05 9451.39 9442.19 9397.52 9385.95 9392.57 9391.6 9385.76 9379.58 9374.99 9386.1 9383.29 9372.74 9367.27 9366.64 9371.8 9386.94 9394.65 9403.74 9416.68 9438.32 9459.23 9478.2 9475.76
9951.83 9931.19 9907.73 9895.12 9907.81 9974.1 10043.9 9980.97 9855.1 9838.67 9867.54 9911.03 9950.77 9977.09 9953.98 9920.09 9953.3 9959.27 9939.19 9921.27 9927.55 9879.39 9843.9 9787.33 9745.99 9704.27 9657.63 9591.89 9573.83 9572.56 9564.94 9563.23 9557.36 9554.66 9552.2 9542.12 9478.06 9431.19 9396.59 9437.78 9386.7 9388.94 9421.43 9432.42 9405.43 9418.75 9390.72 9382.46 9384.29 9385.04 9384.07 9375.8 9371.11 9382.42 9376.41 9367.93 9361.18 9357.54 9368.76 9381.64 9390.15 9401.97 9421.82 9433.1 9443.94 9456.95 9469.33
9951.06 9932.86 9890.72 9847.2 9834.73 9902.9 9977.45 9830.89 9772.31 9834.42 9929.26 9916.39 9905.47 9913.34 9904.59 9899.03 9908.35 9914.67 9898.52 9879.82 9842.94 9842.54 9804.54 9753.91 9708.8 9660.79 9586.73 9540.14 9516.31 9507.35 9494.49 9493.13 9502.06 9497.32 9480.63 9466.23 9421.64 9397.87 9380.16 9395.63 9378.08 9385.32 9407.99 9402.19 9390.04 9381.9 9379.99 9388.24 9396.15 9396.61 9388.89 9374.6 9360.42 9358.42 9361.43 9359.3 9355.46 9356.55 9367.78 9374.27 9384.14 9395.7 9414.5 9429.54 9444.15 9468.5 9476.31
9904.91 9924.84 9891.35 9836.79 9800.03 9805.71 9752.39 9631.42 9679.79 9839.64 9794.26 9833.71 9824.12 9823.93 9847.51 9875.32 9891.81 9845.2 9844.52 9854.68 9823.62 9810.42 9767.88 9744.17 9663.54 9601.8 9536.5 9494.1 9472.77 9461.49 9451.5 9441.94 9443.32 9459.42 9463.21 9446.61 9397.4 9380.02 9367.71 9366.62 9374.35 9387.87 9404.43 9405.45 9397.98 9387.54 9419.79 9402.68 9410.14 9418.83 9392.52 9373.85 9360.56 9350.66 9352.44 9353.08 9352.29 9351.37 9374.03 9376.61 9384.86 9392.56 9406.34 9425.32 9451.36 9473.06 9470.71
10003.4 9936.67 9876.55 9837.21 9801.39 9750.26 9666.66 9618.06 9603.97 9603.86 9646.52 9693.09 9749.32 9774.39 9773.77 9776.54 9781.22 9740.65 9779.85 9834.9 9906.78 9797.37 9748.16 9646.75 9601.23 9540.87 9523.96 9447.74 9437.6 9427.66 9416.05 9409.05 9413.16 9425.33 9437.92 9445.56 9395.15 9367.8 9363.43 9361.88 9371.95 9381.56 9392.07 9424.93 9417.29 9385.38 9384.99 9391.71 9396.27 9392.71 9379.39 9367.31 9357.18 9355.13 9349.88 9349.29 9352.11 9361.67 9374.17 9380.92 9386.93 9395.55 9406.78 9423.31 9440.75 9444.83 9442.4
9961.67 9842.62 9820.76 9820.73 9800.26 9733.69 9638.12 9631.91 9629.12 9601.54 9626.86 9646.82 9671.63 9695.91 9707.67 9694.03 9695.04 9693.26 9706.73 9694.49 9655.52 9654.93 9611.53 9595.47 9535.43 9480.18 9439.94 9410.43 9408.79 9403.2 9391.68 9385.59 9389.16 9411.32 9394.23 9398.14 9379.89 9362.44 9363.26 9363.55 9368.21 9379.22 9393.47 9416.05 9422.58 9401.79 9374.53 9381.27 9382.47 9374.28 9372.24 9363.08 9347.5 9340.09 9345.09 9348.19 9350.94 9358.3 9382.15 9390.55 9394.75 9402.05 9412.17 9423.86 9435.79 9435.53 9430.18
9488.44 9643.53 9713.52 9758.2 9822.44 9698.73 9611.36 9651.48 9699.36 9704.96 9653.28 9670.52 9658.23 9665.81 9678.8 9690.68 9695.22 9691.09 9627.16 9620.55 9598.38 9540.71 9513.11 9518.27 9472.42 9424.23 9401.54 9392.18 9389.52 9386.58 9381.71 9377.45 9374.02 9381.83 9375.98 9369.35 9362.23 9365.27 9369.51 9368.23 9370.71 9379.36 9390.35 9401.96 9415.42 9407.97 9381.85 9380.86 9381.77 9379.31 9375.18 9367.81 9353.91 9340.59 9344.08 9347.44 9350.65 9356.75 9380.35 9400.64 9415.16 9413.99 9414.44 9423.8 9427.81 9424.79 9414.77
9486.65 9563.29 9617.74 9637.76 9610.95 9574.89 9568.34 9622.23 9692.05 9687.14 9636.24 9657.61 9653.64 9648.02 9638.9 9633.14 9566.61 9480.56 9516.72 9533.24 9509.26 9465.87 9443.7 9423.75 9405.29 9377.47 9375.53 9374.76 9375.74 9375.93 9375.93 9374.52 9365.02 9366.53 9360.99 9360.39 9358.21 9365.62 9371.69 9371.33 9374.72 9378.9 9391.46 9398.14 9401.73 9396 9387.25 9386.11 9388.07 9388.77 9388.42 9382.79 9371.25 9354.37 9350.41 9352.65 9355.49 9361.51 9375.64 9396.46 9417.72 9400.61 9404.17 9411.87 9420.83 9417.11 9392.86
9537.7 9562.75 9564.78 9554.53 9518.38 9506.67 9528.45 9544.54 9538.56 9545.06 9577.21 9566.61 9618.59 9613.62 9588.09 9542.27 9456.36 9438.69 9445.88 9423.55 9425.69 9412.33 9397.17 9383.96 9369.88 9357.69 9358.91 9359.74 9373 9377.36 9372.88 9364.18 9352.53 9351.74 9368.62 9350.34 9350.31 9357.77 9364.51 9367.02 9373.24 9373.3 9375.29 9382.47 9387.05 9385.93 9383.57 9384.49 9390.58 9405.1 9407.49 9397.85 9385.2 9359.67 9358.04 9361.35 9362.46 9367.17 9375.08 9383.78 9363.63 9370.11 9388.59 9406 9413.4 9416.66 9411.62
