real_craters/C202-500m.grd
DSAA
508 508
-126.8575 126.8575
-126.8575 126.8575
7607.8082239768 11327.145604596
[rows 240 to 269 of 508, columns 268 to 334 of 508]
7815.35 7811.13 7805.9 7799.11 7792.51 7788.68 7785.46 7785 7786.88 7785.64 7779.81 7776.34 7788.3 7787.96 7800.52 7807.09 7816.38 7827.29 7837.52 7849.1 7861.75 7878.25 7900.27 7916.63 7931.56 7940.61 7940.17 7959.06 8007.78 8045.6 8070.11 8103.61 8166.05 8243.82 8331.61 8428.06 8529.98 8632.16 8688.88 8663.39 8710.39 8739.23 8778.8 8850.05 8949 9047.11 9155.47 9263.19 9381.24 9500.19 9609.93 9722.6 9825.47 9934.82 10041.7 10156.8 10236.7 10182 10137.7 10116.2 10089.3 10008.5 9910.15 9850.77 9832.66 9810.73 9778.32
7813.57 7814.72 7814.64 7815.44 7818.96 7823.86 7809.92 7799.29 7792.37 7783.03 7770.83 7758.39 7751.13 7771.86 7789.44 7802.02 7814.4 7827.29 7839.62 7852.66 7867.42 7884.99 7901 7917.56 7928.95 7937.21 7942.79 7968.33 8006.65 8040.65 8065.4 8098.31 8153.3 8223.46 8300.96 8381.3 8458.58 8525.12 8574.63 8634.68 8701.48 8682.62 8732.71 8827.26 8929.43 9036.9 9140.61 9252.77 9355.97 9467.4 9576.9 9685.01 9789.4 9884.36 9966.11 10030.4 10093.7 10130.7 10113 10081.7 10063.3 9996.92 9925.82 9884.8 9864.76 9840.93 9801.09
7817.5 7820.39 7823.32 7826.65 7831.54 7833.46 7824.44 7816.36 7804.96 7785.03 7766.33 7751.29 7749.66 7762.22 7782.1 7797.43 7812.35 7827.23 7841.29 7856.34 7871.02 7887.94 7904.55 7918.23 7927.44 7934.86 7942.96 7973.94 8007.81 8036.72 8057.93 8088.78 8135.8 8195.34 8259.64 8326.13 8386.45 8437.36 8488.36 8550.07 8596.04 8635.42 8703.66 8807.4 8919.3 9030.58 9144.76 9249.67 9361.34 9464.25 9566.42 9665.14 9760.81 9840.96 9904.12 9938.61 10006.8 10112 10100.4 10034.3 10022.2 9994.56 9962.48 9934.21 9918.11 9899.43 9859.53
7822.85 7825.76 7829.36 7833.07 7836.87 7835.86 7828.98 7820.29 7807.35 7786.35 7766.25 7748.38 7745.62 7760.11 7778.9 7795.23 7811.39 7828.18 7843.82 7858.31 7873.17 7888.67 7906.75 7917.36 7922.61 7931.85 7949.96 7970.7 8002.39 8032.93 8054.59 8077.52 8117.68 8167.68 8222.02 8275.39 8325.83 8372.41 8424.5 8518.86 8571.9 8629.2 8698.79 8807.45 8919.64 9028.69 9144.87 9251.9 9366.38 9471.16 9570.45 9662.05 9742.01 9817.54 9881.56 9953.79 10029.9 10111.9 10076.4 10004.1 10006.5 10000.8 9988.01 9977.45 9969.89 9965.49 9951.33
7829.05 7831 7833.32 7836.57 7839.51 7837.14 7828.68 7816.95 7801.8 7788.53 7772.25 7756.31 7754.2 7765.46 7778.81 7793.66 7812.47 7830.08 7845.88 7860.27 7872.97 7883.87 7893.75 7901.82 7912.46 7925.26 7945.97 7967.5 8000.05 8024.3 8045.67 8064.74 8099.47 8141.52 8185.57 8233.25 8285.12 8342.41 8400.95 8506.82 8593.51 8648.66 8714.24 8817.13 8926.01 9033.65 9146.28 9255.43 9359.3 9461.97 9560.55 9651.9 9733.76 9805.02 9866.98 9930.09 10011.3 10076.2 10043.1 9993.36 10002.2 10013.6 10017.5 10006.9 10005.2 10008.9 9996.75
7837.91 7838.09 7837.14 7836.41 7836.77 7834.19 7827.15 7817.54 7805.55 7796.97 7786.03 7775.94 7774.98 7780.25 7784.32 7797.38 7819.19 7835.86 7849.39 7861.78 7870.83 7877.54 7879.85 7883.87 7899.81 7909.88 7918.54 7955.55 7980.54 8000.59 8021.29 8049.37 8084.57 8122.83 8160.83 8204.18 8253.1 8316.36 8415.23 8570.74 8618.68 8662.15 8739.14 8836.9 8935.08 9039.05 9143.41 9248.34 9357.3 9461.32 9563.14 9653.23 9734.82 9802.26 9859.83 9917.63 9978.75 10037.1 10012.5 9998.96 10013.4 10021.2 10023.5 10010.8 10005 10010.3 10030.2
7846.18 7843.76 7839.59 7834.05 7828.53 7827.51 7826.76 7823.11 7818.76 7812.72 7806.37 7800.15 7800.61 7805.69 7811.57 7822.83 7836.19 7847.3 7856.16 7865.6 7871.84 7876.67 7880.67 7886.95 7895.71 7901.57 7907.34 7907.85 7936.87 7972.79 8003.74 8034.46 8073.57 8110.31 8144.54 8180.27 8224.44 8290.04 8404.42 8600.82 8654.75 8693.03 8766.88 8854.9 8949.25 9045.63 9153.65 9266.47 9366.12 9477.52 9578.06 9667.19 9750.07 9816.48 9872.48 9918.17 9964.27 9981.47 9994.44 10004.8 10022.1 10014 9996.98 9989.71 9974.68 9950.55 9903
7855.65 7851.99 7845.91 7836.09 7823.97 7826.5 7830.43 7831.77 7830.8 7830.39 7828.93 7825.67 7829.2 7833.4 7840.81 7851.34 7855.9 7860.48 7865.15 7869.77 7875.18 7880.43 7887.4 7896.07 7898.18 7898.92 7902.07 7899.93 7914.78 7943.82 7988.99 8037.39 8072.07 8100.97 8132.41 8166.24 8206.97 8270.41 8393.66 8548.84 8670.74 8722 8792.34 8885.23 8982.02 9087.37 9195.33 9295.18 9391.67 9500.04 9603.11 9703.61 9789.55 9861.12 9907.67 9936.4 9992.3 10016 9998.37 10011 10032.9 10014 9988.44 9968.52 9941.14 9902.46 9854.35
7868.93 7864.54 7857.11 7846.75 7838.29 7836.75 7838.57 7841.07 7846.04 7845.84 7847.2 7860.34 7852.38 7854.39 7863.78 7874.45 7872.35 7870.68 7871.72 7874.67 7877.57 7882.23 7888.42 7898.21 7899.77 7901.56 7906.98 7902.07 7912.92 7956.79 8003.52 8049.79 8075.29 8098.96 8123.67 8153.95 8196.17 8258.6 8362.82 8518.68 8647.63 8731.85 8797.19 8906.04 9006.43 9101.06 9210.84 9315.84 9425.66 9535.64 9642.69 9746.5 9843.6 9924.95 9982.35 10004.9 10051.5 10061.6 10017.3 10023.5 10037.9 10019.4 9990.01 9960.37 9922.21 9883.4 9847.34
7886.73 7880.01 7872.21 7863.67 7856.02 7851.21 7849.17 7848.06 7846.62 7845.59 7848.62 7851.55 7861.03 7867.55 7875.01 7885.83 7880.33 7877.37 7876.62 7877.48 7879.37 7881.44 7884.03 7887.49 7896.16 7908.79 7907.6 7904.68 7937.05 7982.76 8026.66 8057.85 8079.76 8099 8122.59 8147.41 8181.99 8225.17 8293.58 8526.9 8607.93 8700.3 8795.94 8915.53 9022.8 9124.09 9234.08 9351.92 9463.83 9569.55 9679.96 9780.86 9887.18 9987.86 10089 10136.1 10091.7 10068.1 10027.8 10047.8 10063.8 10046.2 10008.5 9965.8 9912.33 9852.31 9813.52
7915.8 7906.75 7894.77 7882.56 7872.67 7865.2 7859.96 7856.14 7850.18 7849.18 7856.36 7859.36 7867.68 7874.09 7877.14 7875.06 7878.44 7879.12 7878.89 7878.17 7878.82 7879.63 7880.11 7880.34 7888.69 7898.71 7902.53 7908.26 7958.84 8029.64 8051.44 8069.88 8085.46 8102.74 8122.53 8143.95 8169.74 8211.91 8295.7 8535.66 8659.15 8707.73 8865.3 8946.2 9042.69 9146.89 9254.08 9358.68 9470.49 9582.58 9695.34 9805.13 9918.68 10025.3 10119.1 10140.8 10073.9 10051.4 10056.3 10094.5 10122.5 10095.3 10044.1 9986.31 9919.01 9849.98 9806
7957 7939.35 7917.76 7897.94 7882.47 7873.81 7869.15 7866.64 7867.22 7873.88 7873.98 7876.09 7877.53 7879.71 7880.48 7881.86 7882.07 7881.15 7880.27 7880.01 7879.42 7879.02 7878.83 7878.02 7884.98 7901.81 7905.18 7918.26 7976.07 8043.19 8063.6 8074.53 8090.47 8111.33 8132.26 8153.06 8181.84 8242.49 8350.21 8527.89 8630.83 8720.91 8858.57 8947.04 9049.15 9154.43 9259.32 9365.01 9478.18 9589.51 9701.95 9815.17 9926.06 10036 10126.2 10129.9 10070.9 10098.9 10146.2 10150.3 10159.6 10169.8 10089.8 10006.4 9934.44 9874.4 9822.07
8002.6 7970.95 7938.64 7909.61 7889.99 7879.76 7874.78 7872.14 7874.19 7878.14 7884.76 7886.47 7883.94 7883.83 7884.59 7884.15 7883.93 7883.39 7881.99 7881.27 7880.58 7879.98 7877.98 7878.24 7883.06 7893.25 7920.88 7944.95 8009.39 8041.4 8064.54 8077.25 8094.26 8119.03 8149.83 8181.06 8210.7 8264.97 8349.29 8460.97 8566.78 8721.05 8791.67 8930.27 9047.82 9160.64 9268.64 9373.45 9482.76 9594.91 9707 9814.24 9917.11 10014.1 10095.9 10109.8 10082.2 10154.8 10211.9 10175.5 10148.9 10131.2 10083.8 10009.4 9939.9 9877.74 9828.92
8059.72 8005.48 7957.16 7920.07 7895.59 7880.84 7873.81 7874.12 7873.51 7877.51 7881.28 7884.47 7884.84 7885.44 7885.11 7884.6 7884.78 7883.52 7882.81 7882.27 7881.8 7882.65 7881.24 7881.97 7885.67 7912.48 7950.7 8008.53 8035.5 8052.94 8067.64 8078.62 8094.8 8123.45 8165.54 8217.82 8255.85 8303 8354.77 8434.59 8530.05 8732.69 8845.54 8957.93 9064.35 9167.2 9269.28 9376.4 9484.86 9591.67 9700.34 9804.77 9907.95 9986.04 10029.8 10083.2 10117 10169.9 10190.7 10157.7 10109.5 10071.8 10047.5 9999.36 9937.29 9875.88 9837.23
8111.99 8035.88 7972.19 7921.87 7896.8 7881.99 7876.04 7867.37 7870.28 7870.65 7868.81 7878.01 7883.68 7884.95 7885.04 7884.73 7886.83 7881.27 7880.76 7882.91 7883.87 7886.58 7887.67 7896.08 7911.29 7925.78 7963.22 8005.93 8036.52 8056.74 8069.07 8075.48 8088.36 8121.44 8172.47 8242.04 8325.14 8339.35 8381.24 8468.88 8526.99 8758.48 8917.53 8989.35 9080.83 9180.83 9282.72 9380.75 9484.06 9584.05 9687.89 9786.65 9888.17 9973.12 10017.4 10083 10125.3 10173.4 10171.8 10127.7 10078.9 10051.8 10029.5 9991.95 9941.57 9891.71 9857.18
8132.89 8050.56 7980.13 7923.58 7895.63 7880.62 7874.73 7875.49 7879.04 7886.31 7887.42 7884.39 7884.69 7883.55 7881.05 7875.29 7868.58 7874.41 7878.22 7882.42 7887.21 7891.98 7894.25 7904.61 7919.48 7928.06 7962.07 8000.95 8029.3 8056.03 8067.06 8071.63 8080.33 8117.22 8166.89 8220.75 8281.6 8320.41 8440.56 8491.64 8556.89 8808.49 8936.65 8991.15 9091.83 9184.85 9278.31 9369.37 9463.36 9557.68 9644.87 9743.66 9851.57 9970.57 10091.5 10095.9 10107.4 10126.9 10123.3 10096.8 10058.4 10037.7 10020.7 9993.64 9957.79 9917.56 9888.17
8134.07 8053.94 7983.39 7930.95 7896.35 7877.66 7876.18 7880.47 7883.59 7889.05 7892.52 7891.26 7887.29 7883.24 7878.25 7870.68 7870.28 7870.83 7876.49 7882.71 7889.22 7896.25 7902.51 7904.39 7908.39 7923.48 7956.78 7989.04 8015.75 8038.24 8054.33 8065.03 8081.59 8117.06 8168.51 8212.12 8260.25 8375.59 8557.03 8540.22 8584.74 8833.88 9006.16 9048.53 9115.52 9186.98 9262.82 9346.43 9412.49 9504.85 9599.93 9696.82 9801.06 9901.06 9983.62 10061.9 10094.4 10070.3 10079.2 10072.6 10060.6 10033.8 10014.8 10003.5 9986.16 9959.79 9927.41
8108.66 8035.08 7975.43 7933 7900.15 7887.98 7883.26 7884.04 7888.88 7890.66 7897.01 7894.07 7888.68 7883.21 7877.39 7868.63 7858.68 7868.99 7875.98 7883.28 7890.81 7898.43 7906.88 7909.42 7915.51 7931.62 7957.06 7980.8 8004.59 8024.45 8041.8 8055.56 8072.98 8119.64 8192.28 8266.01 8326.35 8424.05 8604.59 8560.66 8620.78 8829.46 9003.44 9070.78 9124.37 9186.66 9238.44 9312.66 9386.93 9466.52 9550.24 9637.68 9739.66 9846.15 9934.5 9995.75 10026.9 10008.4 10038.8 10051.6 10053.7 10033.9 10015.5 10017.1 10019 10000.5 9965.06
8071.34 8010.92 7959.37 7921.77 7901.99 7891.27 7888.28 7896.79 7896.12 7899.08 7898.63 7895.84 7890.16 7884.3 7878.74 7871.67 7874.28 7874.23 7878.49 7886.09 7895.15 7905.8 7914.39 7920.31 7929.55 7947.56 7962.25 7977.93 7995.05 8017.29 8038.71 8052.13 8074.16 8127.87 8223.93 8327.38 8389.98 8455.7 8583.29 8592.08 8666.48 8828.4 8972.57 9044.3 9115.36 9178.34 9222.19 9287.31 9352.12 9422.29 9491.01 9567.67 9655.07 9772.92 9895.91 9951.7 10011.2 10043.6 10047.9 10040.9 10024 10013.8 10011.3 10025.9 10037.6 10024.8 9992.17
8023.77 7978.4 7940.92 7911.96 7897.82 7892.37 7894.51 7898.72 7903.18 7907.28 7903.61 7897.07 7890.88 7885.32 7876.6 7872.71 7871.1 7873.74 7880.51 7889.13 7899.79 7912.12 7921.96 7933.2 7948.36 7960.97 7967.41 7975.32 7993.01 8012.51 8035.52 8053.42 8083.99 8133.94 8237.88 8379.73 8446.56 8491.46 8583.96 8623.27 8698.93 8843.94 8994.48 9039.53 9103.97 9150.01 9205.3 9262.8 9316 9375.42 9431.67 9494.4 9552.44 9603.69 9741.89 9925.88 10042 10092.2 10070.9 10042.3 10016.8 10011 10017.9 10031.2 10033.1 10023.4 9996.77
7977.17 7947.48 7923.28 7904.52 7892.8 7893.21 7896.54 7901.89 7907.16 7907.95 7904.07 7896.07 7890.9 7886.24 7881.7 7873.01 7870.6 7873.08 7881.14 7890.89 7901.57 7911.84 7925.74 7938.5 7952.75 7968.06 7968.69 7972.37 7980.68 8007.72 8031.74 8054.07 8087.06 8143.94 8219.75 8279.87 8369.24 8445.19 8549.28 8588.24 8689.36 8832.06 8963.2 9041.6 9101.4 9140.13 9187.15 9238.41 9285.61 9338.74 9386.11 9437.4 9484.39 9528.34 9684.74 9896.36 10037.4 10093.6 10081.5 10044.5 10015.6 10016.8 10030.6 10047.3 10048.6 10028.1 9991.09
7937.99 7919.21 7900.39 7891.23 7890.24 7891.24 7896.85 7901.18 7905.32 7908.87 7897.13 7892.89 7889.44 7883.67 7879.01 7875.19 7871.75 7873.39 7883.43 7892.38 7902.29 7913.25 7926.66 7939.75 7953 7960.58 7963.46 7970.23 7982.98 8000.99 8030.4 8054.85 8088.74 8160.65 8222.96 8252.67 8317.82 8395.73 8495.94 8531.83 8664.13 8815.71 8950.93 9043.56 9097.83 9127.96 9171.43 9219.01 9263.43 9311.48 9349.51 9400.49 9468.87 9566.99 9706.23 9890.97 10051.4 10114.6 10094.2 10044 10007.2 10022.4 10055.8 10079 10072.1 10040.4 9975.47
7911.31 7898.85 7886.39 7884.5 7887.77 7890.93 7895.75 7900.19 7900.68 7896.27 7892.97 7890.5 7887.07 7884.17 7881.28 7879.45 7881.04 7887.69 7888.79 7895.23 7903.06 7914.14 7924.67 7937.62 7947.69 7943.24 7953.9 7967.02 7985.45 7992.88 8019.22 8050.58 8098.06 8220.49 8255.27 8278.33 8324.64 8378.52 8438.56 8532.5 8656.49 8804.69 8948.38 9038.88 9073.36 9105.29 9146.13 9183.23 9227.26 9266.56 9321.8 9380.54 9457.96 9529.32 9727.66 9907.73 10098.1 10155.7 10110.5 10046.1 10007.8 10028.2 10065.8 10118.4 10164.9 10062.5 9956.5
7903.07 7895.03 7879.91 7884.73 7888.66 7893.94 7895.41 7896.86 7897.37 7898.44 7891.85 7889.53 7886.87 7884.95 7882.82 7882.73 7884.94 7888.24 7892.2 7896.48 7902.56 7909.47 7918.35 7927.03 7934.12 7936.89 7950.45 7959.11 7973.42 7993.89 8017.11 8046.79 8084.8 8183.99 8258.08 8303.44 8369.48 8402.08 8443.73 8524.18 8655.59 8802.08 8927.26 8994.62 9040.32 9081.25 9118.79 9160.12 9196.99 9243.89 9297.19 9361.73 9453.3 9592.25 9757.61 9952.45 10149 10178 10116.3 10048.7 10014.6 10035.3 10060.9 10124.6 10144.7 10059.5 9933.23
7907.71 7904.96 7906.88 7897.46 7894.67 7893.68 7894.05 7894.26 7893.8 7894.33 7893.63 7891.63 7886.07 7883.98 7883.56 7884.21 7887.15 7891.24 7893.68 7896.75 7900.8 7905.83 7911.8 7916 7928.26 7949.13 7959.21 7966.31 7978.38 7997.14 8021.41 8050.36 8084.07 8134.65 8216.46 8301.03 8427.07 8503.79 8530.14 8534.68 8667.98 8811.81 8948.51 9050.95 9046.84 9075.08 9114.08 9154.67 9198.89 9244.03 9295.6 9359.83 9448.8 9588.81 9797.71 9979.54 10098.4 10140.9 10108.2 10055.1 10034.3 10055.5 10078.9 10142 10157.4 10043.5 9907.82
7912.31 7908.03 7910.23 7902.34 7898.14 7895.85 7894.39 7892.56 7889.83 7887.41 7886.3 7883.93 7882.8 7882.34 7882.88 7884.03 7886.67 7891.54 7892.52 7894.17 7897.16 7902.07 7908.27 7914.3 7927.93 7948.3 7960 7970.12 7979.54 7996.71 8026.88 8058.29 8095.6 8149.41 8202.75 8285.01 8418.7 8562.84 8557.7 8579 8696.3 8830.06 8951.62 9015.2 9056.26 9079.04 9116.7 9158.22 9198.03 9246.26 9300.6 9366.64 9451.05 9611.83 9884.14 10061.2 10098.7 10119.7 10104.6 10070.8 10062.5 10088 10132.1 10162.1 10116.8 10006.8 9878.59
7912.58 7906.83 7900.1 7902.92 7900.37 7897.58 7894.53 7892.26 7887.77 7881.33 7880.89 7878.9 7879.7 7879.72 7880.99 7882.7 7885.36 7887.86 7890.66 7890.75 7892.57 7897.25 7906.02 7919.33 7928.44 7937.68 7952.79 7971.12 7977.49 7991.42 8024.69 8062.63 8099.5 8144.13 8205.83 8299.07 8403.55 8516.32 8556.81 8626.33 8730.41 8854.12 8975.97 9059.01 9051.21 9080.62 9121.36 9163.45 9209.4 9259.77 9318.42 9387.39 9479.84 9675.02 9978.09 10130.1 10119.1 10121.7 10115.9 10100.6 10093.6 10100.5 10117.2 10115.2 10056.8 9957.18 9843.99
7909.46 7915.08 7915.26 7907.61 7902.2 7897.98 7894.66 7893.2 7894.16 7891.56 7883.04 7879.25 7878.03 7877.11 7877.16 7878.59 7881.65 7889.19 7888.64 7884.67 7885.76 7889.52 7897.08 7910.81 7923.19 7936.96 7952.01 7965.35 7970.43 7983.57 8021.69 8063.51 8104.88 8144.48 8222.47 8337.03 8455.31 8557.77 8593.16 8657.7 8757.66 8874.89 9000.16 9124.97 9063.74 9099.77 9141.06 9182.18 9227.81 9274.89 9337.68 9418.19 9527.66 9731.43 9996.59 10117.3 10110.7 10130.6 10137.1 10118.7 10112.8 10097.7 10071.4 10026.9 9983.01 9903.87 9811.81
7902.39 7914.63 7917.13 7909.92 7903.23 7897.49 7893.15 7889.26 7887.55 7885.53 7879.65 7876.89 7873.88 7873.56 7873.57 7873.57 7873.38 7871.18 7870.3 7874.68 7877.47 7880.23 7883.62 7892.21 7912.76 7935.19 7951.64 7954.69 7962.23 7979.25 8018.78 8063.19 8115.14 8175.5 8250.04 8358.89 8501.85 8657.95 8635.5 8682.69 8775.94 8883.07 8983.51 9047.16 9118.3 9145.17 9169.28 9201.83 9246.43 9297.59 9363.64 9451.27 9569.33 9777.29 9998.66 10094.1 10113.2 10143.1 10172.4 10183.3 10142.7 10093.8 10041.5 9989.23 9923.52 9861.22 9785.78
7895.96 7907.98 7911.53 7908.14 7902.58 7897.01 7890.85 7883.6 7873.86 7871.73 7871.24 7867.42 7868.51 7869.3 7869.47 7869.05 7867.4 7862.87 7862.1 7869.14 7872.84 7874.48 7874.59 7879.6 7905.08 7929.89 7945.17 7948.41 7957.24 7975.68 8013.28 8062.96 8123.46 8199.86 8292.79 8356.67 8465.79 8594.26 8625.06 8697.77 8790.46 8887.76 8975.7 9044.78 9129.93 9168.81 9189.59 9219.64 9262.86 9312.62 9383.86 9483.61 9615.44 9820.33 10044.9 10089 10101.5 10144.5 10180.6 10210.4 10149.6 10087.4 10022.4 9973.78 9901.35 9836.72 9770.43
