real_craters/C202-750m.grd
DSAA
339 339
-126.8575 126.8575
-126.8575 126.8575
7623.4295781637 11341.016575757
[rows 37 to 73 of 339, columns 82 to 163 of 339]
9045 9047 9051 9048 9046 9051 9056 9059 9057 9057 9067 9080 9084 9088 9094 9120 9138 9140 9141 9150 9159 9167 9166 9173 9176 9178 9179 9187 9192 9198 9205 9211 9216 9221 9219 9226 9244 9253 9253 9255 9259 9263 9269 9271 9286 9293 9287 9279 9270 9262 9256 9257 9250 9234 9225 9214 9201 9194 9200 9200 9194 9194 9191 9192 9204 9222 9278 9369 9460 9487 9620 9778 9946 1.001e+004 1.003e+004 1.006e+004 1.009e+004 1.01e+004 9971 9846 9699 9527
9044 9046 9046 9050 9052 9056 9059 9060 9059 9062 9071 9082 9090 9086 9098 9121 9140 9145 9150 9159 9167 9168 9162 9172 9177 9179 9181 9185 9190 9196 9203 9212 9225 9234 9238 9228 9239 9247 9252 9258 9262 9267 9273 9279 9281 9282 9279 9272 9264 9257 9250 9244 9238 9236 9231 9220 9205 9198 9208 9210 9197 9188 9190 9194 9199 9210 9238 9269 9268 9312 9388 9556 9706 9808 9864 9922 9997 9963 9851 9755 9626 9493
9042 9045 9045 9051 9056 9053 9054 9060 9066 9071 9076 9082 9086 9092 9104 9121 9140 9151 9156 9160 9162 9160 9161 9169 9174 9181 9187 9187 9190 9193 9200 9210 9222 9243 9244 9229 9233 9243 9252 9259 9264 9267 9272 9277 9281 9276 9269 9263 9256 9249 9242 9240 9243 9233 9226 9215 9203 9194 9200 9204 9194 9179 9194 9194 9198 9203 9218 9231 9253 9272 9292 9341 9460 9578 9672 9738 9788 9832 9804 9685 9572 9474
9042 9046 9052 9052 9052 9049 9047 9059 9071 9076 9077 9081 9087 9095 9101 9112 9120 9135 9151 9152 9151 9157 9164 9167 9171 9180 9192 9189 9187 9188 9191 9197 9222 9236 9246 9232 9225 9236 9253 9260 9264 9267 9265 9269 9263 9262 9257 9252 9247 9242 9236 9230 9230 9225 9217 9208 9198 9191 9196 9199 9200 9211 9182 9187 9190 9190 9186 9209 9233 9239 9267 9294 9294 9417 9502 9547 9554 9581 9658 9585 9512 9444
9046 9048 9050 9051 9050 9048 9050 9058 9066 9072 9076 9079 9086 9094 9101 9107 9116 9126 9142 9149 9151 9157 9159 9159 9161 9172 9183 9182 9179 9179 9180 9180 9197 9218 9231 9217 9213 9233 9255 9261 9264 9265 9272 9264 9263 9253 9253 9250 9244 9238 9232 9231 9222 9217 9209 9200 9195 9189 9185 9191 9192 9187 9186 9186 9189 9190 9192 9201 9205 9214 9230 9259 9297 9338 9384 9405 9389 9383 9398 9461 9446 9402
9054 9050 9050 9051 9052 9052 9058 9058 9062 9068 9075 9084 9088 9092 9099 9106 9111 9121 9133 9144 9146 9150 9152 9154 9158 9162 9163 9166 9169 9172 9174 9173 9182 9199 9208 9210 9215 9234 9254 9262 9262 9258 9249 9243 9239 9246 9247 9242 9237 9232 9224 9220 9217 9211 9207 9204 9194 9187 9185 9188 9193 9193 9183 9188 9193 9199 9207 9208 9206 9211 9216 9238 9261 9294 9324 9338 9331 9350 9399 9414 9400 9370
9057 9055 9056 9057 9057 9057 9063 9061 9060 9069 9075 9081 9097 9094 9097 9101 9106 9115 9127 9136 9138 9142 9148 9154 9154 9155 9153 9154 9161 9166 9169 9171 9177 9189 9199 9206 9213 9239 9260 9267 9261 9253 9244 9233 9233 9248 9245 9240 9235 9229 9225 9219 9211 9206 9202 9196 9192 9187 9185 9185 9184 9185 9187 9191 9198 9207 9215 9220 9224 9237 9241 9239 9245 9274 9300 9324 9346 9382 9428 9408 9381 9353
9057 9059 9061 9062 9064 9067 9067 9070 9074 9071 9079 9083 9093 9097 9098 9102 9106 9112 9122 9133 9127 9135 9142 9148 9152 9152 9153 9153 9159 9165 9166 9166 9175 9187 9201 9214 9217 9240 9268 9269 9260 9249 9247 9254 9269 9254 9242 9235 9230 9224 9216 9203 9203 9201 9198 9193 9189 9185 9183 9183 9182 9183 9187 9193 9202 9213 9227 9236 9241 9255 9277 9251 9249 9270 9296 9326 9364 9418 9397 9392 9369 9343
9063 9061 9065 9069 9067 9064 9068 9074 9083 9091 9094 9095 9101 9101 9101 9102 9106 9113 9120 9126 9128 9135 9142 9148 9141 9152 9154 9157 9161 9167 9173 9168 9177 9185 9193 9192 9214 9235 9250 9259 9259 9248 9243 9259 9259 9241 9232 9227 9223 9222 9223 9206 9199 9197 9194 9190 9189 9189 9187 9186 9185 9186 9189 9196 9203 9213 9227 9237 9247 9256 9271 9271 9261 9274 9295 9320 9348 9357 9364 9371 9353 9335
9057 9060 9065 9069 9069 9073 9074 9077 9091 9110 9101 9096 9105 9105 9106 9106 9112 9112 9117 9125 9138 9140 9145 9149 9169 9161 9159 9160 9163 9168 9174 9179 9181 9188 9192 9209 9218 9234 9249 9256 9259 9268 9264 9253 9234 9222 9218 9216 9215 9214 9208 9197 9197 9195 9193 9191 9190 9190 9190 9189 9188 9189 9190 9195 9202 9209 9215 9225 9242 9252 9258 9275 9271 9280 9294 9309 9325 9329 9317 9347 9334 9316
9059 9061 9061 9062 9070 9080 9079 9086 9093 9099 9101 9101 9103 9103 9101 9107 9113 9118 9118 9124 9137 9144 9149 9156 9166 9164 9162 9158 9164 9170 9173 9174 9181 9188 9199 9224 9229 9236 9241 9245 9249 9255 9251 9238 9215 9203 9202 9202 9203 9204 9203 9203 9198 9195 9193 9191 9189 9193 9193 9191 9188 9189 9189 9192 9199 9205 9212 9222 9236 9249 9273 9273 9277 9281 9287 9295 9301 9311 9321 9326 9311 9292
9061 9058 9058 9061 9069 9079 9084 9088 9094 9102 9102 9099 9097 9103 9103 9107 9110 9119 9123 9129 9139 9145 9151 9157 9158 9171 9170 9168 9170 9175 9180 9182 9186 9191 9194 9201 9236 9234 9235 9236 9233 9224 9219 9212 9199 9192 9190 9191 9193 9196 9202 9203 9198 9195 9193 9192 9191 9191 9196 9197 9195 9194 9192 9193 9200 9205 9211 9216 9228 9239 9264 9273 9271 9273 9276 9282 9289 9295 9293 9285 9285 9277
9053 9056 9058 9061 9071 9077 9087 9086 9093 9102 9104 9100 9094 9102 9103 9104 9108 9120 9131 9135 9140 9146 9153 9159 9167 9179 9178 9175 9176 9181 9184 9192 9195 9201 9208 9232 9225 9227 9227 9228 9219 9207 9194 9180 9176 9174 9177 9180 9182 9184 9191 9197 9195 9192 9191 9192 9194 9199 9199 9202 9203 9200 9200 9203 9202 9206 9212 9222 9224 9228 9243 9246 9254 9259 9265 9270 9276 9278 9264 9256 9264 9266
9057 9058 9060 9066 9075 9078 9086 9084 9089 9098 9102 9106 9081 9119 9106 9094 9102 9121 9134 9135 9142 9147 9156 9165 9170 9181 9184 9183 9184 9186 9180 9192 9202 9212 9223 9225 9219 9219 9217 9214 9209 9202 9179 9162 9162 9165 9167 9170 9173 9178 9186 9189 9188 9187 9185 9184 9180 9186 9191 9197 9203 9198 9197 9197 9200 9206 9213 9219 9221 9225 9231 9231 9238 9248 9255 9257 9255 9261 9259 9253 9254 9253
9062 9063 9063 9071 9075 9075 9071 9072 9084 9095 9100 9113 9105 9125 9111 9108 9108 9116 9125 9134 9142 9148 9157 9165 9174 9181 9187 9192 9195 9195 9198 9200 9210 9220 9230 9232 9221 9213 9208 9202 9199 9190 9170 9154 9154 9160 9158 9160 9165 9171 9178 9180 9180 9180 9178 9175 9171 9175 9181 9185 9190 9192 9193 9196 9201 9206 9211 9216 9214 9215 9217 9221 9233 9240 9245 9251 9255 9260 9260 9249 9250 9260
9065 9065 9067 9073 9078 9073 9067 9074 9082 9092 9100 9110 9113 9117 9119 9118 9117 9121 9131 9138 9140 9149 9158 9167 9178 9181 9188 9201 9209 9197 9204 9205 9212 9219 9222 9221 9208 9206 9201 9193 9187 9176 9159 9146 9142 9142 9142 9149 9156 9163 9164 9170 9172 9174 9173 9171 9169 9168 9173 9178 9183 9189 9195 9202 9203 9205 9207 9207 9204 9196 9216 9229 9239 9238 9243 9248 9252 9256 9253 9243 9247 9257
9069 9072 9070 9065 9069 9072 9074 9076 9082 9091 9107 9114 9122 9124 9128 9130 9128 9131 9135 9141 9147 9155 9163 9170 9173 9176 9189 9201 9203 9197 9200 9206 9212 9219 9222 9215 9203 9202 9196 9191 9184 9170 9152 9138 9129 9119 9127 9137 9146 9152 9153 9158 9162 9166 9168 9169 9168 9169 9172 9173 9178 9185 9191 9196 9200 9203 9205 9205 9205 9204 9199 9205 9216 9232 9238 9243 9245 9251 9254 9244 9254 9262
9071 9071 9067 9059 9058 9067 9072 9077 9081 9086 9099 9111 9123 9136 9139 9142 9140 9141 9140 9145 9152 9160 9169 9178 9185 9191 9195 9200 9200 9201 9198 9206 9213 9219 9223 9209 9203 9195 9189 9184 9176 9164 9151 9138 9126 9119 9122 9130 9137 9141 9146 9150 9156 9162 9167 9170 9176 9179 9176 9175 9178 9183 9188 9191 9196 9200 9205 9210 9214 9213 9213 9219 9226 9234 9237 9239 9242 9247 9246 9247 9251 9267
9070 9067 9072 9061 9065 9070 9071 9078 9084 9087 9093 9104 9120 9136 9141 9146 9148 9150 9152 9157 9163 9168 9176 9184 9190 9198 9202 9204 9207 9212 9208 9211 9213 9213 9216 9207 9195 9185 9178 9172 9170 9160 9144 9135 9127 9123 9124 9129 9133 9133 9136 9144 9152 9159 9166 9173 9176 9178 9180 9181 9182 9183 9184 9187 9191 9197 9205 9209 9210 9211 9217 9230 9239 9237 9235 9236 9242 9251 9258 9253 9261 9269
9073 9073 9070 9066 9073 9078 9082 9086 9092 9098 9103 9105 9114 9136 9145 9147 9155 9158 9160 9167 9170 9174 9183 9190 9195 9209 9206 9212 9217 9231 9225 9219 9214 9208 9203 9203 9198 9181 9169 9160 9161 9153 9143 9136 9131 9128 9128 9131 9134 9132 9134 9141 9148 9156 9162 9171 9172 9173 9181 9185 9184 9182 9182 9180 9184 9196 9205 9214 9218 9211 9222 9238 9239 9238 9233 9231 9238 9255 9271 9267 9272 9277
9076 9073 9072 9066 9074 9082 9088 9099 9103 9108 9118 9121 9122 9130 9142 9158 9163 9164 9167 9176 9179 9183 9191 9198 9206 9210 9212 9218 9231 9240 9237 9227 9217 9208 9198 9196 9190 9176 9162 9149 9136 9141 9141 9139 9135 9132 9133 9136 9139 9137 9136 9142 9148 9154 9159 9162 9171 9178 9180 9183 9183 9183 9183 9185 9189 9198 9208 9220 9230 9224 9233 9235 9241 9237 9233 9228 9238 9259 9281 9275 9269 9279
9081 9077 9076 9072 9077 9085 9094 9106 9111 9115 9121 9128 9133 9136 9150 9162 9172 9171 9175 9177 9186 9194 9198 9205 9212 9216 9212 9221 9233 9251 9245 9230 9216 9207 9200 9186 9179 9163 9154 9145 9128 9135 9144 9142 9140 9139 9139 9142 9143 9138 9139 9144 9149 9154 9158 9162 9171 9178 9175 9172 9179 9184 9187 9190 9193 9203 9210 9218 9223 9232 9230 9240 9242 9239 9236 9236 9244 9260 9277 9280 9285 9283
9091 9089 9089 9083 9084 9092 9102 9110 9118 9125 9131 9142 9147 9149 9154 9170 9179 9182 9181 9180 9186 9194 9200 9207 9214 9214 9214 9226 9241 9262 9249 9229 9207 9187 9175 9168 9164 9153 9148 9144 9137 9134 9138 9141 9144 9146 9147 9147 9145 9144 9145 9148 9152 9156 9161 9173 9180 9180 9176 9176 9181 9187 9192 9198 9209 9208 9211 9214 9222 9230 9233 9240 9244 9241 9239 9235 9247 9259 9267 9275 9290 9293
9102 9102 9101 9097 9105 9113 9112 9117 9125 9133 9137 9150 9159 9165 9163 9171 9182 9190 9191 9189 9191 9192 9197 9204 9211 9212 9213 9234 9260 9268 9246 9220 9196 9174 9160 9152 9146 9152 9140 9132 9133 9132 9134 9140 9145 9150 9151 9150 9148 9147 9150 9153 9156 9160 9164 9170 9172 9170 9174 9181 9185 9191 9197 9203 9208 9212 9212 9214 9215 9226 9235 9242 9232 9244 9246 9249 9256 9265 9270 9276 9290 9309
9112 9116 9115 9113 9123 9120 9119 9124 9132 9139 9144 9154 9166 9175 9179 9180 9186 9191 9196 9195 9198 9194 9195 9199 9208 9229 9217 9235 9261 9257 9233 9210 9186 9168 9153 9144 9135 9136 9128 9118 9123 9133 9136 9141 9146 9150 9153 9151 9148 9154 9155 9158 9162 9165 9167 9169 9169 9165 9171 9182 9190 9196 9202 9209 9213 9217 9218 9219 9220 9219 9232 9245 9238 9246 9256 9263 9271 9278 9284 9292 9284 9294
9121 9125 9125 9122 9126 9132 9128 9130 9139 9147 9153 9157 9171 9184 9190 9191 9192 9192 9196 9196 9194 9195 9195 9199 9206 9216 9221 9224 9232 9215 9216 9198 9176 9157 9147 9141 9136 9131 9118 9104 9120 9133 9136 9142 9147 9150 9151 9156 9156 9158 9162 9166 9169 9171 9173 9174 9176 9178 9187 9191 9195 9202 9207 9213 9217 9221 9224 9227 9224 9223 9232 9240 9246 9255 9269 9280 9286 9293 9299 9302 9296 9281
9127 9131 9131 9131 9128 9122 9131 9138 9148 9156 9162 9164 9174 9184 9201 9202 9200 9192 9202 9208 9201 9197 9197 9199 9203 9209 9211 9207 9204 9231 9210 9187 9167 9153 9144 9141 9142 9128 9115 9115 9124 9133 9138 9144 9149 9154 9160 9164 9166 9165 9170 9174 9178 9180 9182 9180 9186 9193 9191 9195 9202 9208 9214 9219 9221 9226 9231 9238 9239 9230 9235 9241 9251 9268 9284 9293 9300 9304 9310 9314 9316 9297
9132 9135 9137 9135 9133 9132 9137 9145 9154 9159 9167 9171 9175 9188 9203 9207 9202 9200 9199 9201 9211 9204 9199 9194 9197 9203 9209 9198 9193 9200 9192 9173 9153 9140 9139 9140 9138 9129 9121 9127 9130 9132 9138 9145 9152 9158 9165 9172 9174 9176 9180 9183 9186 9188 9187 9189 9196 9206 9209 9205 9211 9217 9221 9227 9232 9236 9237 9239 9237 9234 9238 9247 9257 9269 9297 9308 9307 9308 9311 9320 9324 9322
9135 9139 9140 9141 9140 9140 9143 9148 9159 9165 9177 9181 9179 9189 9205 9211 9213 9208 9204 9202 9214 9208 9202 9195 9195 9194 9197 9203 9200 9190 9178 9163 9146 9135 9136 9139 9140 9136 9127 9135 9131 9132 9139 9146 9154 9162 9171 9179 9189 9191 9192 9194 9197 9199 9199 9196 9203 9211 9212 9214 9219 9225 9230 9235 9240 9244 9242 9239 9241 9236 9238 9247 9260 9283 9305 9309 9306 9307 9309 9319 9307 9320
9138 9143 9149 9150 9147 9147 9150 9157 9173 9172 9182 9190 9186 9190 9201 9210 9211 9214 9210 9206 9215 9210 9205 9204 9200 9198 9224 9228 9215 9191 9171 9155 9142 9135 9135 9137 9139 9140 9130 9141 9135 9135 9142 9151 9158 9165 9175 9180 9196 9200 9202 9204 9206 9208 9211 9205 9210 9215 9217 9225 9231 9235 9240 9244 9248 9249 9249 9247 9251 9244 9239 9248 9266 9289 9298 9297 9300 9302 9301 9295 9306 9319
9141 9147 9157 9157 9151 9151 9157 9165 9172 9182 9180 9193 9188 9193 9200 9210 9215 9220 9216 9213 9218 9217 9210 9207 9206 9214 9229 9217 9199 9181 9165 9150 9140 9135 9136 9138 9139 9140 9132 9143 9145 9145 9150 9157 9163 9169 9173 9177 9191 9205 9210 9212 9214 9214 9216 9220 9220 9223 9230 9238 9242 9247 9250 9252 9254 9253 9258 9263 9258 9243 9242 9253 9272 9299 9283 9286 9293 9297 9299 9296 9297 9312
9144 9147 9154 9160 9159 9161 9166 9174 9180 9196 9217 9203 9199 9192 9202 9209 9218 9221 9220 9217 9223 9230 9211 9207 9207 9209 9210 9209 9189 9170 9154 9144 9133 9135 9139 9142 9143 9139 9142 9151 9154 9156 9159 9166 9171 9175 9178 9185 9207 9213 9218 9222 9223 9222 9220 9225 9232 9235 9241 9251 9255 9257 9259 9261 9262 9264 9265 9269 9268 9255 9255 9268 9277 9284 9283 9287 9294 9299 9301 9300 9286 9292
9145 9150 9158 9166 9180 9181 9182 9177 9179 9185 9205 9202 9202 9212 9213 9219 9222 9225 9224 9222 9221 9240 9227 9216 9208 9204 9201 9196 9177 9159 9145 9142 9148 9140 9142 9146 9150 9156 9146 9152 9159 9162 9171 9177 9180 9182 9186 9190 9206 9217 9224 9229 9233 9234 9233 9241 9252 9256 9257 9267 9270 9271 9271 9271 9271 9270 9274 9278 9277 9274 9278 9293 9300 9292 9293 9295 9299 9304 9305 9300 9275 9281
9147 9153 9161 9171 9181 9186 9183 9183 9179 9184 9194 9199 9209 9206 9219 9217 9221 9231 9231 9228 9225 9231 9232 9216 9210 9204 9202 9189 9168 9155 9146 9141 9137 9143 9147 9152 9156 9157 9157 9152 9159 9181 9192 9192 9193 9193 9195 9208 9219 9225 9232 9238 9246 9252 9254 9264 9277 9298 9300 9291 9287 9284 9282 9282 9283 9283 9286 9291 9289 9302 9305 9304 9300 9288 9300 9303 9305 9307 9311 9302 9283 9296
9147 9158 9163 9173 9183 9188 9188 9189 9187 9191 9197 9205 9213 9227 9229 9237 9236 9241 9243 9237 9227 9223 9235 9221 9213 9203 9190 9187 9168 9155 9142 9145 9149 9149 9153 9156 9161 9162 9162 9161 9181 9193 9203 9205 9205 9205 9205 9217 9227 9232 9238 9245 9256 9275 9287 9281 9288 9306 9316 9310 9299 9293 9291 9293 9296 9296 9302 9316 9343 9322 9312 9301 9291 9286 9294 9306 9309 9308 9307 9309 9296 9312
9150 9152 9159 9172 9176 9185 9201 9194 9203 9194 9200 9204 9206 9221 9232 9241 9240 9263 9255 9245 9234 9223 9220 9228 9215 9202 9194 9188 9174 9159 9150 9148 9152 9153 9156 9159 9163 9167 9166 9167 9187 9203 9211 9216 9217 9219 9223 9226 9234 9237 9241 9246 9254 9261 9273 9276 9279 9285 9297 9301 9296 9293 9295 9300 9308 9325 9334 9323 9315 9315 9300 9301 9298 9297 9305 9316 9315 9310 9307 9320 9303 9319
9156 9152 9158 9169 9170 9179 9192 9197 9210 9209 9213 9226 9212 9226 9233 9237 9248 9259 9257 9246 9228 9214 9220 9225 9208 9199 9193 9186 9176 9163 9150 9145 9148 9156 9164 9169 9168 9168 9178 9186 9200 9214 9223 9225 9225 9228 9234 9240 9239 9239 9240 9244 9248 9252 9252 9256 9258 9262 9272 9280 9284 9287 9293 9301 9312 9324 9322 9312 9310 9309 9313 9308 9304 9308 9316 9323 9317 9313 9309 9321 9333 9329
