real_craters/C202-1000m.grd
DSAA
146 146
-72.49 72.49
-72.49 72.49
7629.084337051 10469.93582015
[rows 30 to 59 of 146, columns 67 to 133 of 146]
9553.39 9515.09 9473.73 9490.76 9501.62 9484.95 9461.14 9485.74 9505.1 9510.27 9506.39 9501.29 9494.7 9527.48 9538.66 9541.71 9563.76 9575.26 9600.9 9604.49 9605.81 9615.25 9607.53 9610.44 9596.81 9574.19 9549.4 9528.8 9516.5 9503.41 9469.2 9450.55 9444.21 9452.5 9467.85 9484 9496.71 9498.66 9475.63 9448.7 9431.44 9423.87 9427.38 9432.7 9437.19 9433.48 9387.79 9419.76 9436.72 9442.69 9444.26 9430.75 9442.43 9447.79 9446.28 9417 9415.9 9428.3 9431.09 9422.92 9429.57 9440.46 9454.11 9475.05 9493.43 9536.97 9647.08
9553.62 9541.36 9517.29 9517.92 9522.09 9546.66 9579.05 9560.48 9547.63 9543.63 9527.94 9509.71 9521.03 9553.54 9578.52 9590.32 9614.45 9633.32 9646.32 9633.33 9667.91 9690 9639.45 9636.03 9620.99 9597.04 9570.76 9547.81 9532.05 9517.21 9485.64 9462.82 9452.16 9464.4 9485.41 9501.31 9506.46 9500.06 9475.99 9455.96 9437.8 9425.59 9429.53 9432.54 9434.76 9433.37 9408.29 9423.06 9439.51 9451.04 9457.99 9446.89 9434.94 9447.51 9437.57 9413.41 9409.8 9431.6 9441.09 9434.53 9436.96 9448.36 9462.29 9474.92 9485.18 9557.57 9692
9533.01 9551.69 9549.08 9545.4 9550.78 9582.93 9653.02 9598.06 9574.4 9579.99 9608.17 9607.84 9616.89 9632.03 9653.08 9670.03 9703.85 9713.23 9722.8 9749.61 9757.43 9753.31 9678.43 9657.75 9642.5 9620.2 9592.68 9566.2 9547.84 9526.01 9510.53 9484.45 9469.07 9485.12 9511.01 9531.41 9528.04 9501.02 9473.98 9459.37 9443.42 9430.11 9432.75 9429.88 9423.82 9413.43 9418.04 9435.46 9439.2 9459.08 9469.9 9462.92 9452.76 9428.96 9423.64 9416.53 9440.94 9439.11 9437.65 9437.3 9445.79 9455.74 9467.11 9487.95 9531.46 9599.54 9666.97
9545.5 9572.81 9577.11 9575.37 9579.11 9588.04 9568.53 9569.11 9562.74 9576.69 9641.39 9690.62 9709.55 9714.14 9727.22 9761.92 9778.9 9777.56 9767.93 9782.36 9777.16 9744.2 9721.47 9650.5 9655.37 9632.36 9605.89 9583.62 9558.05 9541.1 9513.51 9506.44 9487.34 9516.23 9540.07 9561.79 9552.75 9529.83 9490 9472.68 9452.92 9434.59 9426.64 9428.99 9425.59 9426.51 9439.89 9443.67 9467.69 9473.07 9483.7 9491.25 9471.86 9446.82 9416.54 9429.14 9446.37 9445.52 9441.39 9449.98 9460.88 9468.68 9478.4 9509.36 9572.99 9617.15 9646.75
9555.42 9592.27 9581.64 9559.39 9571.43 9575.46 9538.42 9496.56 9474.53 9489.49 9526.13 9619.73 9736.83 9756.7 9750.63 9755.75 9742.06 9765.12 9769.96 9761.06 9757.49 9742.6 9746.67 9691.94 9672.28 9640.29 9617.31 9597.97 9579.44 9563.37 9542.05 9544.56 9562.02 9557.66 9567.19 9573.66 9564.66 9528.88 9515.9 9493.76 9464.9 9438.07 9449.85 9434.18 9436.43 9441.96 9444.29 9447.24 9459.26 9475.15 9491.71 9490.95 9481.36 9447.91 9442.55 9433.25 9445.04 9450.65 9454.82 9470.18 9484.55 9491.53 9505.14 9592.9 9605.4 9616.95 9622.3
9546.06 9583.43 9483.85 9455.93 9496.98 9523.57 9391.02 9337.05 9336.25 9367.78 9445.87 9510.19 9634.32 9674.68 9706.24 9810.69 9886.53 9804.9 9780.82 9765.03 9764.35 9748.83 9816.03 9730.43 9649.2 9638.17 9627.95 9613.83 9601.94 9588.96 9576.56 9572.96 9574.71 9581.04 9585.9 9584.33 9559.3 9531.2 9528.59 9506.05 9475.93 9450.2 9439.01 9443.16 9449.48 9449.85 9466.05 9479.12 9451.28 9462.16 9472.12 9469.11 9457.59 9456.26 9444.58 9441.39 9451.77 9462.02 9472.92 9492.61 9512.1 9525.15 9552.82 9607.3 9615.23 9612.85 9610.74
9426.17 9152.12 9198.43 9249.65 9299.1 9377.87 9174.05 9146.97 9178.9 9194.05 9189.18 9295.63 9325.47 9397.57 9547.05 9699.01 9800.09 9830.96 9818.15 9756.61 9765.83 9773.86 9768.04 9752.76 9706.23 9660.98 9644.15 9632.44 9623.41 9617.26 9602.85 9595.26 9594.92 9600.78 9609.14 9618.47 9639.2 9569.55 9532.88 9503.58 9481.11 9464 9458.55 9456.68 9455.72 9473.64 9477.23 9482.49 9450.49 9455.9 9454 9453.52 9438.36 9434.76 9445.19 9459.84 9467.05 9476.56 9491.32 9513.36 9539.69 9557.37 9584 9633.53 9615.69 9625.73 9653.47
8988.44 8957.58 8987.47 9034.42 9027.83 8926.32 8930.07 9011.84 9060.76 9071.64 9068.8 9136.67 9177.52 9239.87 9357.87 9474.73 9686.34 9787.53 9890.91 9890.68 9796.43 9800.87 9803.41 9785.46 9744.69 9682.55 9661.2 9652.76 9647.06 9642.12 9629.99 9615.55 9610.88 9615.48 9626.85 9644.47 9635.78 9583.36 9537.29 9506.9 9489.98 9477.41 9468.2 9468.31 9464.27 9463.23 9474.76 9480.78 9470.9 9465.1 9460.49 9450.75 9450.26 9438.46 9444.07 9455.44 9475.49 9492.68 9510.58 9535.3 9564.51 9583.86 9614.77 9643.9 9654.15 9658.68 9667.4
8881.67 8857.07 8881.91 8893.74 8875.91 8857.02 8897.39 8960.27 9013.64 9045.37 9065.05 9098.61 9114.19 9147.66 9197.34 9228.05 9323.88 9636.29 9937.09 10089.9 9918.71 9834.02 9786.82 9751.55 9725 9692.78 9681.24 9683.37 9676.49 9668.39 9660.55 9637.79 9628.12 9628.49 9631.59 9631.77 9641.14 9609.18 9545.77 9510.82 9508.06 9498.73 9484.2 9489.71 9477.5 9467 9476.18 9490.65 9472.23 9454.39 9449.75 9445.8 9447.46 9447.02 9448.47 9481.84 9491.44 9508.05 9529 9558.74 9584.75 9591.4 9615.57 9650.2 9666.78 9700.43 9692.34
8845.74 8810.84 8814.44 8814.76 8814.03 8833.51 8902.45 8953.61 9017.79 9078.39 9101.41 9103.1 9096.92 9102.15 9132.88 9165.3 9216.45 9484.93 9736.95 9908.43 9912.36 9867.12 9816.05 9805.85 9733.23 9709.98 9721.54 9725.86 9718.33 9699.21 9682.47 9665.89 9650.39 9639.94 9634.77 9640.77 9630.92 9593.06 9580.61 9559.51 9542.38 9528.93 9525.72 9525.32 9515.55 9489.98 9479.3 9486.78 9468.05 9447.43 9447.19 9456.5 9467.24 9464.61 9476.4 9471.13 9500.97 9515.43 9531.97 9563.38 9586.52 9588.21 9612.4 9639.6 9667.99 9710.41 9638.96
8806 8787.53 8786.48 8788.64 8799.23 8814.12 8943.95 8962.5 9028.34 9110.4 9164.54 9141.41 9125.42 9114.23 9154.97 9231.12 9400.43 9476.07 9484.12 9562.23 9691.81 9823.5 9965.75 9984.79 9883.67 9799.91 9800.08 9795.7 9783.74 9762.61 9709.88 9699.03 9679.57 9659.1 9638.16 9632.96 9666.86 9642.25 9620.95 9616.46 9578.28 9564.61 9554.5 9550.3 9524.85 9510.04 9500.82 9496.32 9477.98 9469.74 9464.77 9471.55 9478.32 9456.64 9486.8 9496.98 9515.96 9526.03 9527.76 9521.83 9544.46 9599.92 9635.86 9647.38 9674.46 9702.21 9507.78
8802.83 8780.72 8759.39 8761.3 8788.73 8825.61 8875.81 8948.59 9022.23 9068.56 9126.48 9174.16 9193.51 9209.92 9237.5 9226.55 9299.07 9389.22 9439.95 9482.87 9552.06 9723.27 9947.24 10055.5 10049.5 9940.69 9912.52 9893.34 9865.06 9857.55 9765.31 9724.22 9721.77 9693.71 9661.72 9662.6 9680.28 9664.48 9633.96 9607.3 9589.59 9586.43 9607.88 9608.45 9558.77 9536.37 9514.4 9505.57 9485.43 9474.49 9469.75 9474.36 9475.44 9463.39 9485.66 9516.71 9538.29 9541.11 9537.43 9534.82 9563.29 9612.27 9644.45 9662.16 9701.1 9708.54 9517.66
8829.02 8756.57 8714.43 8735.68 8784.75 8854.09 8910.43 8951.13 9041.51 9098.67 9159.5 9220.92 9277.32 9337.65 9336.08 9312.35 9277.06 9295.22 9379.42 9395.14 9428.78 9596.36 9889.66 10067.3 10114.1 10058.3 10018.1 9999.89 9970.76 9898.52 9878.87 9896.81 9790.15 9737.77 9701.67 9690.32 9684 9668.86 9631.53 9595.13 9585.55 9585.35 9588.95 9578.65 9560.86 9547.11 9510.8 9481.61 9464.48 9449.22 9460.23 9467.35 9484.69 9482.06 9511.85 9544.41 9559.9 9561.64 9559.11 9560.14 9585.05 9627.56 9650.58 9667.79 9711.38 9609.46 9276.95
8590.42 8631.91 8662.4 8704.34 8784.39 8976.85 8975.29 8984.48 9099.06 9190.77 9218.25 9243.99 9299.59 9382.8 9357.25 9238.35 9160.89 9141.21 9232.37 9237.89 9245.45 9343.45 9699.04 9936.54 10078.4 10138.8 10120.6 10122.5 10134.8 10154.4 10059.7 9918.64 9862.08 9793.92 9734.61 9708.52 9685.17 9654.49 9627.89 9598.02 9579.09 9569.98 9559.49 9545.53 9537.36 9515.74 9497.8 9475.31 9458.41 9451.26 9459.48 9479.83 9507.08 9517.12 9538.52 9578.14 9588.96 9593.08 9588.91 9586.61 9598.27 9629.32 9660.87 9664.69 9802.83 9460.4 9012.1
8551.72 8590.28 8625.2 8669.26 8748.54 8841.95 8910.32 8982.91 9119.77 9191.53 9198.88 9198.71 9225.16 9276.81 9233.16 9089.77 9011.13 8978.18 9023.82 9051.42 9064.05 9104.46 9289.43 9536.66 9897.03 10142.8 10199.2 10209.6 10263.1 10321 10244.7 10075 9956.18 9863.52 9765.13 9709.94 9681.32 9655.33 9624.13 9593.34 9570.26 9559.87 9555.98 9554.33 9532.69 9513.5 9502.63 9486.03 9467.81 9465.77 9473.82 9496.26 9542.86 9559.74 9549.62 9584.66 9628.4 9624.58 9619.53 9617.61 9624.24 9644.66 9700.82 9732.84 9636.89 9221.75 8949.43
8526.95 8568.74 8583.16 8615.82 8662.99 8757.73 8860.11 9008.89 9108.7 9092.67 9099.77 9099.33 9094.09 9064.03 9003.03 8943.39 8871.18 8830.11 8865.15 8903.86 8936.91 8976.47 9014.47 9172.08 9613.76 10054.1 10169.2 10214.4 10282.7 10322.4 10215.2 10132.9 10047.6 9961.04 9860.39 9800.2 9732.99 9691.66 9648.46 9588.7 9547.11 9561.03 9565.52 9561.47 9547.56 9529.91 9513.92 9499.71 9489.04 9492.88 9504.36 9541.42 9571.08 9580.21 9596.81 9606.45 9638.73 9643.74 9644.26 9648.26 9653.8 9643.52 9745.28 9773.14 9530.34 9088.06 8912.26
8508.83 8532.09 8552.41 8586.33 8626.36 8728.57 8901.63 9011.27 9004.32 8976.74 8972.45 8961.42 8937.08 8892.78 8835.14 8797.57 8750.52 8707.98 8734.66 8793.12 8835.3 8877.55 8896.06 8958.64 9269.43 9759.94 9976.15 10038.2 10167.8 10283.5 10276.3 10214.6 10157.8 10105.9 10073.5 10096.8 9943.99 9803.05 9718.63 9632.95 9571.18 9591.89 9590.4 9580.14 9564.28 9545.58 9525.06 9512.31 9505.5 9512.51 9526.87 9556.98 9579.25 9584.66 9611.77 9624.45 9644.79 9654 9660.66 9667.02 9666.61 9665.84 9780.21 9796.95 9469.86 9092.61 8886.38
8483.02 8517.33 8546.56 8598.57 8644.1 8718.73 8788.24 8810.79 8849.28 8858.48 8846.32 8836.96 8810.69 8766.79 8709.2 8693.55 8672.76 8657.26 8670.24 8711.75 8744.17 8743.44 8774.01 8778.24 8895.41 9270.19 9587.21 9736.47 9937.92 10154.9 10350.1 10292.9 10256.2 10232.4 10204 10119.9 10070.8 9916.16 9807.58 9738.33 9713.23 9656.39 9624.74 9596.79 9572.67 9555 9539.57 9529.97 9521.6 9525.86 9542.92 9566.65 9581.28 9600.7 9600.03 9605.82 9640.08 9657.71 9667.97 9675.32 9684.92 9704.73 9793.1 9749.64 9448.15 9053.36 8902.54
8466.19 8508.41 8584.85 8615.96 8696.2 8724.09 8745.42 8755.89 8725.92 8749.39 8749.16 8731.64 8697.54 8671.57 8667.81 8637.56 8612.22 8601.55 8612.99 8652.97 8690.6 8708.49 8699.62 8698.27 8701.33 8891.12 9151.2 9356.41 9597.98 9908.49 10175.8 10293 10284.6 10299.4 10249.9 10129.7 10074.1 9979.17 9879.39 9794.6 9727.06 9695.22 9660.58 9624.84 9588.42 9567.09 9558.73 9555.05 9558.95 9561.68 9572.31 9587.32 9599.15 9609.66 9614.91 9619.74 9640.85 9662.59 9677.07 9685.8 9695.86 9744.86 9844.48 9786.49 9498.4 9139.24 8940.37
8434.32 8453.76 8525.58 8584.18 8665.54 8671.33 8679.29 8727.75 8641.32 8658.64 8637.52 8609.97 8578.59 8554.84 8537.45 8518.58 8551.83 8568.43 8574.69 8607 8649.44 8682.09 8668.19 8671.11 8684.61 8762.74 8900.06 9048.61 9197.25 9593.47 10073.6 10173.9 10255.9 10294.5 10279.2 10154.6 10080.2 10012.6 9928.88 9842.98 9759.55 9737.13 9699.65 9650.34 9616.88 9588.77 9572.82 9576.74 9588.61 9586.42 9589.61 9592.98 9599.35 9608.07 9614.79 9624.37 9646.71 9672.73 9691.79 9705.86 9726.72 9799.15 9922.67 9857.13 9589.47 9221.07 8888.47
8376.52 8407.76 8558.01 8584.01 8573.44 8547.96 8516.83 8434.83 8562.34 8555.44 8539.9 8508.49 8474.87 8435.73 8384.8 8429.5 8505.46 8547.89 8551.09 8562.09 8577.15 8594.62 8611.54 8644.51 8648.91 8720.28 8808.2 8864.03 8959 9244.04 9613.47 10033.8 10175.9 10253 10303.7 10216.7 10121.6 10037.7 9960.08 9883.86 9819.86 9802.7 9758.9 9683.02 9644.21 9631.46 9592.71 9592.96 9587.5 9588.66 9595.12 9593.93 9598.49 9603.31 9615.46 9628.98 9656.64 9689.44 9717.6 9738.23 9774.15 9843.27 9925.67 9829.08 9538.35 9140.03 8899.44
8341.96 8360.41 8441.65 8330.27 8352.98 8384.96 8366.7 8346.27 8376.19 8431.72 8430.82 8413.68 8383.45 8348.04 8330.58 8395.73 8458.4 8553.46 8525.86 8500.91 8508.59 8533.94 8565.18 8593.47 8611.27 8675.11 8732.22 8773.37 8829.49 8950.76 9211.18 9708.41 10074.5 10254 10339.9 10247.4 10146.9 10072 10001.5 9933.61 9885.46 9872.67 9917.42 9899.57 9808.13 9719.89 9664.01 9613.46 9589.76 9596.39 9596.85 9595.77 9595.69 9603.62 9615.31 9638.35 9670.87 9709.58 9739.63 9762.43 9794.81 9855.51 9902.21 9747.6 9483.69 9098.36 8926.86
8323.06 8313.53 8299.84 8285.15 8262.04 8271.23 8268.27 8260.95 8277.2 8327.97 8322.38 8309.83 8296.26 8281.05 8266.87 8293.68 8363.83 8419.52 8366.14 8411.13 8438.63 8480.53 8534.45 8584.4 8617.08 8662.37 8688.16 8746.52 8780.53 8799.76 9003.66 9562.77 9968.11 10270.8 10364.5 10260.2 10208.7 10133.1 10049.6 9969.66 9915.83 9904.1 9955.15 10001.2 9926.5 9775.89 9675.18 9629.01 9603.17 9602.23 9605.84 9600.28 9589.73 9606.67 9621.29 9642.67 9681.31 9725.59 9756.45 9780.28 9803.17 9831.29 9885.66 9750.42 9491.39 9094.06 8946.57
8274.56 8296.06 8261.02 8239.44 8220.32 8202.49 8196.67 8197.17 8224.1 8245.12 8242.44 8234.93 8233.5 8235.91 8234.12 8228.89 8258.04 8267.88 8305.26 8345.01 8400.5 8449.16 8505.86 8585.59 8657.09 8708.81 8746.88 8754.63 8755.65 8766.87 8923.47 9314.24 9785.93 10123.6 10326.9 10349.9 10293.9 10197.7 10096 10016 9952.52 9925.51 9938.44 9970.95 9876.07 9782.74 9696.92 9649.43 9624.39 9618.06 9615.82 9615.62 9607.55 9609.37 9622.35 9648.1 9690.12 9741.97 9764.88 9783.94 9807.81 9833.63 9842.25 9757.26 9544.95 9135.65 9010.45
8181.99 8193.41 8198.82 8164.19 8149.18 8139.56 8131.84 8128.61 8157.08 8173.6 8162.75 8163.77 8172.28 8188.41 8197.38 8182.64 8194.76 8216.21 8253.53 8285.64 8339.08 8402.04 8477.1 8585.16 8682.96 8683.22 8758.32 8784.79 8770.14 8774.68 8898.91 9144.96 9539.65 9931.88 10389 10469.9 10344.2 10226.6 10130.7 10053.6 9994.7 9966.22 9969.5 9982.56 9824.06 9750.64 9706.57 9668.69 9643.29 9631.44 9624.8 9625.18 9616.7 9613.87 9622.88 9653.28 9698.56 9741.15 9760.64 9774.99 9803.88 9830.22 9831.3 9767.35 9610.92 9156.85 9075.56
8129.01 8150.58 8135.37 8101.62 8079.57 8078.5 8083.22 8082.86 8074.18 8054.51 8068.52 8086.15 8101.12 8118.5 8133.14 8136.66 8154.41 8170.25 8193.18 8208.81 8238.69 8321.71 8433.76 8536.2 8642 8673.15 8646.09 8746.88 8768.24 8770.95 8898.24 9106.18 9310.83 9737.76 10208.8 10328.8 10277.2 10197.4 10132 10066.7 10023.9 9996.02 10021.9 10029 9860.95 9729.51 9704.9 9676.71 9656.55 9644.6 9635.53 9628.32 9622.44 9618.9 9629.24 9651.91 9684.07 9719.41 9743.68 9764.38 9783.87 9840.51 9838.37 9769.9 9597.58 9199.3 9152.65
8103.16 8072.22 8042.56 8003.1 8015.02 8031.38 8035.54 8029.35 7981.81 7958.81 8000.05 8019.1 8029.88 8041.63 8065.28 8099.85 8116.62 8129.68 8138.62 8143.63 8152.49 8234.89 8338.37 8408.38 8461.56 8614.28 8523.77 8626.34 8735.43 8776.88 8885.48 8989.03 9138.56 9591.42 9993.35 10156.7 10177.8 10165.3 10115.4 10073.1 10034.8 10029.1 10026.4 9956.12 9825.42 9731.84 9704.66 9681.95 9664.32 9653.84 9647.17 9677.74 9643.22 9649.79 9655.67 9665.11 9683.88 9699.14 9726.39 9772.9 9827.07 9860.15 9882.86 9841.88 9736.99 9249.66 9185.77
8019.06 8006.57 7995.28 7994.53 8003.86 7994.4 7989.63 7979.9 7968.12 7974.15 7969.79 7967.53 7967.14 7961.03 7984.52 8022.1 8046.65 8070.24 8093.44 8106.97 8115.57 8159.51 8200.98 8240.22 8294.25 8374.24 8423.46 8563.2 8671.78 8791.63 8855.51 8936.9 9026.27 9302.43 9835.81 10031.9 10096.7 10097.4 10077.2 10060.9 10040.4 10012.3 9964.7 9870.19 9799.48 9732.18 9700.19 9680.61 9666.67 9662.25 9691.05 9697.12 9702.98 9702.11 9694.97 9697.62 9705.23 9706.09 9716.57 9751.07 9795.62 9848.06 9901.56 9921.08 9840.27 9438.52 9231.56
7974.03 7957.97 7948.24 7957.87 7973.12 7960.41 7942.41 7923.18 7922.03 7930.9 7930.57 7925.01 7923.69 7919.55 7934.86 7956.34 7978.7 8009.94 8040.91 8066.25 8085.35 8099.97 8121.1 8153.33 8204.74 8306.7 8314.89 8395.44 8475.22 8607.68 8724.91 8894.35 8993.29 9131.78 9617.53 9961.46 10003.7 10012 10012 10020.8 10027 9999.15 9896.87 9827.51 9773.35 9722.28 9694.88 9665.41 9666.02 9666.52 9655.59 9672.65 9697.34 9711.45 9733.67 9751.34 9737.8 9709.19 9704.52 9724.65 9758.68 9793.99 9839.27 9897.02 9876.19 9631.67 9296.74
7929.64 7914.68 7891.67 7916.51 7924.19 7922.53 7908.67 7875.55 7825.87 7844.63 7869.86 7885.51 7897.66 7910.9 7917.68 7928.44 7941.63 7958.21 7990.4 8016.18 8034.72 8050.46 8067.43 8086.66 8132.08 8165.45 8190.92 8207.95 8249.41 8319.11 8544.76 8731.76 8892.86 9040.43 9444.68 9762.41 9838.81 9888.42 9929.01 9963.25 9991.96 9977.58 9853.11 9799.14 9758.31 9718.34 9694.02 9682.73 9675.46 9673.34 9654.85 9676.03 9715.62 9709.82 9740.78 9764.8 9703.68 9680.64 9697.05 9717.68 9739.46 9757.72 9782.79 9812.56 9862.93 9771.2 9399.44
