real_craters/C202-1000m.grd
DSAA
146 146
-72.49 72.49
-72.49 72.49
7629.084337051 10469.93582015
[rows 60 to 89 of 146, columns 0 to 66 of 146]
9267.53 9278.89 9289.19 9298.5 9306.65 9308.98 9307.87 9309.65 9299.99 9292.47 9282.58 9279.84 9294.18 9307.14 9319.64 9335.03 9389.85 9413.16 9394.35 9412.94 9490.64 9516 9504.74 9506.53 9507.87 9467.21 9440.18 9428.24 9451.61 9489.96 9539.81 9526.89 9661.78 9807.41 9883.13 9964.02 10061.8 10116.7 10113.6 10038.9 9805.54 9571.38 9374.33 9268.43 9296.47 9318.24 9288.88 9115.23 8935.15 8755.57 8583.87 8438.97 8304.08 8180.3 8071.59 8003.14 8002.44 7980.72 7968.95 7971.35 7976.06 7956.03 7930.66 7883.81 7835.26 7853.74 7860.4
9289.87 9284.04 9294.66 9309.11 9320.34 9322.24 9328.39 9335.56 9335.14 9315.98 9304.96 9291.84 9308.72 9321.97 9329.44 9341.38 9374.39 9396.9 9420.43 9511.06 9573.04 9585.73 9533.77 9502.99 9484.8 9463.13 9434.58 9421.6 9423.43 9442.03 9454.11 9575.75 9830.23 9964.75 10013.2 10021.9 10114.7 10155.9 10109.4 9977.31 9702.66 9546.86 9401.89 9300.71 9315.73 9288 9199.2 9037.84 8859.03 8678.37 8527.25 8397.99 8270.25 8146.61 8032.94 7963.82 7950.26 7912.53 7869.02 7866.96 7880.87 7875.62 7826.41 7771.46 7724.87 7757.8 7785.96
9291.77 9297.46 9313.13 9324.24 9331.73 9325.13 9323.94 9340.55 9338.67 9322.65 9322.81 9335.07 9333.06 9342.25 9355.05 9362.22 9399.19 9417.68 9448.4 9498.48 9589.16 9598.65 9504.46 9472.35 9485.45 9467.28 9450.69 9431.37 9421.35 9411.12 9407.28 9702.46 10028.6 10012.8 10027.5 10122.5 10191.2 10192.5 10086.2 9884.7 9685.15 9559.83 9449.13 9364.75 9320.15 9209.15 9066.17 8926.58 8786.09 8600.09 8471.32 8343.58 8226.48 8110.97 8010.98 7936.6 7907.11 7866.24 7834.65 7801.83 7787.01 7769.24 7729.62 7681.63 7671.12 7694.21 7723.74
9306.52 9333.84 9332.37 9338.95 9347.69 9344.88 9337.55 9322.27 9313.44 9315.61 9314.25 9332.72 9343.83 9357.68 9384.45 9420.29 9430.74 9448.21 9462.01 9557.75 9582.29 9586.92 9492.18 9474.46 9486.97 9470.55 9450.89 9447.34 9430.93 9421.96 9427.35 9547.01 9784.98 9817.67 9954.85 10254.2 10230.5 10147.2 10043.7 9870.27 9709.19 9569.31 9467.4 9398.19 9261.87 9140.87 8947.31 8821.83 8722.65 8606.96 8404.88 8278.01 8163.44 8059.94 7984.26 7922.16 7863.65 7806.1 7762.41 7761.72 7753.13 7718.18 7730.49 7686.75 7657.89 7667.66 7695.85
9287.47 9324.84 9328.56 9341.23 9362.48 9371.7 9350.73 9336.69 9337.61 9326.95 9330.83 9346.26 9350.46 9362.44 9381.41 9410.56 9436.67 9467.16 9474.34 9547.97 9525.14 9459.08 9454.07 9471.71 9475.67 9472.51 9456.11 9450.88 9436.34 9431.06 9440.4 9453.24 9641.95 9754.47 9923.59 10211.9 10182 10091.2 10036.4 9952.44 9761.47 9578.84 9423.64 9369.27 9364.16 9115.27 8889.53 8738.78 8633.02 8478.76 8325.75 8209.2 8103.58 7997.89 7895.71 7868.89 7822.58 7773.71 7752.4 7740.57 7722.83 7719.66 7747.53 7715.28 7673.24 7680.23 7699.38
9225.18 9265.31 9290.42 9316.66 9346.51 9349.84 9344.1 9329.21 9328.1 9330.7 9329.64 9343.64 9352.62 9358.28 9360.73 9377.51 9411.63 9429.9 9477 9478.58 9485.21 9461.11 9429.39 9456.2 9452.66 9470.74 9470.07 9464.85 9452.07 9445.29 9448.48 9455.85 9576.72 9708.98 9835.07 10048.3 10127.4 10092.1 10032.1 9982.04 9792.22 9574.19 9362.59 9228.5 9220.94 9027.31 8802.05 8657.17 8568.4 8413.53 8257.09 8154.39 8052.44 7950.05 7855.74 7834.32 7795.32 7758.32 7748.82 7734.77 7706.33 7714.53 7732.81 7713.55 7691.24 7705.13 7715.54
9172.32 9203.14 9252.2 9287.41 9309.39 9338.62 9337.2 9339.28 9336.85 9336.79 9339.6 9352.19 9357.95 9360.99 9364.73 9376.31 9398.16 9421.3 9459.24 9453.59 9462.67 9445.93 9444.88 9446.92 9458.62 9464.99 9478.37 9467.99 9467.75 9472.03 9477.66 9491.42 9541.24 9632.48 9817.04 10057.1 10148.6 10171.5 10189 10020.8 9791.09 9558.12 9374.29 9192.95 9069.95 8897.66 8760.61 8617.31 8457.86 8282.98 8179.7 8106.73 8011.7 7919.68 7843.38 7801.65 7778.85 7741.63 7731.49 7720.87 7711.41 7709.62 7701.74 7696.88 7697.64 7707.62 7721.91
9181.42 9201.81 9233.13 9267.71 9290.41 9304.98 9315.95 9308.58 9327.97 9343.77 9367.17 9365.56 9362.84 9368.28 9374 9379.74 9389.58 9400.62 9414.31 9449.01 9447.63 9414.57 9407.42 9423.27 9421.33 9445.12 9458.2 9449.66 9466.42 9496.99 9517.2 9524.94 9569.75 9658.12 9798.17 9970.5 10093 10206.6 10213.2 9978.27 9744.16 9496.94 9266.37 9028.26 8842.08 8738.96 8607.12 8457.23 8362.64 8250.45 8188.69 8084.7 7982.45 7891.14 7821.53 7780.88 7764.96 7741.1 7693.19 7667.46 7674.37 7646.24 7667.24 7678.84 7684.9 7702.6 7723.76
9193.89 9201.58 9226.35 9261.52 9289.92 9307.26 9308.88 9308.98 9315.89 9333.97 9341 9355.5 9364.1 9375.73 9378.31 9382.74 9380.04 9379.04 9381.14 9390.55 9394.97 9397.72 9405.14 9414.77 9430.04 9445.12 9454 9445.78 9477.01 9512.21 9544.91 9553.03 9621.96 9698.64 9818.08 9898.98 10128.6 10182 10123.8 9962.19 9696.45 9413.61 9123.17 8889.29 8702.58 8627.65 8588.07 8505.25 8364.72 8207 8148.78 8057.04 7948.45 7849.69 7784.67 7751.74 7734.84 7702.72 7671.96 7660.64 7659.75 7646.7 7653.05 7671.45 7698.47 7711.98 7734.62
9190.42 9192.14 9211.9 9233.72 9245.97 9266.8 9303.44 9315.51 9323.9 9333.55 9339.74 9343.76 9354.14 9372.25 9396.64 9381.3 9368.72 9357.28 9350.96 9364.31 9375.45 9382.35 9400.17 9410.26 9430.82 9449.94 9468.95 9458.97 9493.84 9520.59 9516.62 9554.69 9710.88 9767.39 9859.51 9990.14 10189.6 10136.4 10032.8 9912.86 9655.97 9344.11 9030.7 8813.23 8643.54 8589.51 8611.6 8609.99 8252.18 8152.77 8114.61 8023.08 7909.95 7804.49 7748.65 7723.37 7692.81 7661.97 7655.36 7668.19 7686.87 7650.46 7651.72 7674.38 7689.97 7733 7749.17
9199.97 9195.38 9199.27 9203.01 9207.19 9241.35 9283.52 9322.49 9331.44 9331.22 9323.26 9327.09 9335.7 9343.01 9348.26 9355.75 9354.99 9353.18 9350.61 9357.06 9360.64 9367.15 9377.3 9401.81 9418.22 9435.9 9460.61 9442.98 9542.25 9544.03 9502.51 9718.66 9909.77 9827.01 9866.3 9938.01 10050.8 10078.9 10095.3 9931.39 9629.58 9310.61 9005.55 8805.39 8666.92 8611.11 8548.21 8395.45 8183.69 8103.89 8057.56 7975.37 7873.8 7772.92 7731.9 7711.85 7689.37 7653.48 7659.29 7677.24 7672.81 7640.46 7678.88 7696.77 7712.98 7740.1 7740.8
9204.48 9205.87 9198.34 9195 9205.05 9229.39 9234.96 9287.69 9313.69 9307.3 9300.38 9309.46 9317.29 9324 9327.5 9335.63 9341.29 9343.48 9346.1 9352.04 9357.42 9368.06 9389.2 9406.31 9422.97 9439.29 9448.4 9464.34 9504.94 9534.35 9580.54 9830.93 9936.83 9875.65 9891.24 9920.03 9943.78 10071.8 10154.6 9903.81 9601.66 9292.79 9026.69 8833.31 8718.99 8666.69 8502.91 8301.86 8169.89 8076.42 8006.5 7932.07 7853.1 7781.57 7738.65 7720.9 7707.49 7677.27 7662.44 7686.11 7706.3 7692.72 7708.19 7727.44 7702.7 7641.85 7672.01
9234.84 9219.64 9207.44 9199.08 9209.06 9229.47 9229.19 9240.68 9278.43 9295.52 9288.34 9297.63 9308.49 9320.4 9327.42 9327.77 9331.75 9335.73 9345.96 9352.97 9358.87 9367.83 9398.23 9417.36 9430.2 9447.59 9471.38 9498.69 9522.01 9539.07 9625.18 9914.61 10015.4 9932.72 9930.77 9946.66 9956.37 10028.2 10116.3 9844.11 9560.01 9283.06 9044.47 8889.26 8774.04 8695.5 8483 8274.95 8164.58 8063.78 8001.06 7931.69 7841.88 7772.21 7751.36 7741.18 7733.33 7714.14 7667.72 7690.84 7720.1 7731.4 7733.21 7747.06 7701.05 7629.08 7666.94
9275.83 9241.68 9213.05 9214.66 9233.25 9227.66 9219.91 9226.73 9253.26 9273.89 9279.46 9293.41 9306.97 9319.82 9326.43 9326.11 9327.78 9330.81 9342.23 9355.18 9365.25 9368.35 9407.32 9425.76 9443.12 9449.1 9512.4 9514.89 9514.61 9541.64 9606.99 9770.94 9955.35 9939.59 9973.94 9998.45 9999.61 10018.8 10046.8 9755.42 9553.01 9313.78 9093.33 8963.05 8858.24 8656.94 8477.69 8290.64 8154.26 8048.21 7982.44 7918.03 7847.24 7790.3 7770.11 7758.59 7751.81 7723.66 7695.39 7700.19 7716.83 7744.14 7742.65 7762.6 7710.35 7642.46 7680.44
9269.34 9204.23 9189.93 9202.64 9213.36 9220.92 9222.87 9229.07 9238.83 9256.9 9277.65 9296.56 9312.63 9325.23 9328.1 9329.05 9330.43 9331.28 9346.45 9362.72 9372.63 9379.25 9400.7 9423.57 9461.63 9517.53 9502.69 9511.59 9521.21 9544.55 9581.53 9653.94 9827.43 9930.57 10024.4 10042.3 10026.9 9999.48 9974.62 9775.57 9613.44 9402.19 9200.8 9044.78 8899.47 8715.61 8500.45 8324.54 8149.5 8040.74 7957.2 7889.84 7865.02 7839.7 7795.95 7766.88 7738.72 7729.61 7718.13 7710.51 7720.03 7741.45 7754.81 7771.69 7733.09 7693.36 7743.85
9276.25 9195.72 9181.07 9203.22 9210.82 9222.03 9226.83 9230.05 9232.97 9249.41 9281.75 9305.37 9324.46 9335.11 9342.36 9337.74 9336.38 9334.74 9334.11 9360.91 9378.85 9386.8 9395.57 9414.31 9453.76 9488.24 9489.54 9505.92 9524.06 9555 9599.08 9673.82 9741.06 9932.21 10035.6 10043.5 10021.5 10002.8 10020.7 9929.15 9738.05 9503.35 9286.8 9111.26 8955.64 8735.66 8539.85 8352.87 8116.97 8025.2 7944.44 7871.69 7864.19 7843.66 7810.02 7774.28 7751.05 7744.68 7736.74 7728.42 7731.55 7752.02 7769.18 7787.85 7765.84 7745.68 7776.42
9273.89 9214.7 9203.38 9229.21 9239.7 9233.7 9236.26 9242.97 9247.38 9283.99 9297.9 9316.6 9336.31 9360.28 9350.09 9346.29 9343.28 9338.82 9336.18 9348.55 9373.75 9396.58 9407.74 9419.85 9439.21 9458.64 9480.94 9497.63 9519.07 9557.72 9614.54 9675.46 9745.24 9870.71 9974.64 9999.98 9999.05 10012.1 10115.5 10109.9 9830.98 9545.47 9329.07 9158.24 9017.01 8872.71 8556.39 8341.86 8092.52 8018.05 7951.62 7901.01 7876.57 7849.55 7817.15 7788.13 7765.6 7759.44 7742.56 7721.43 7725.6 7751.62 7796.28 7817.57 7799.93 7793.37 7805.13
9222.73 9219.87 9218.72 9228.21 9233.28 9231.57 9250.94 9268.21 9280.89 9298.25 9312.31 9324.71 9338.8 9352.18 9352.26 9352.68 9352.16 9346.64 9352.98 9352.3 9357.92 9374.61 9397.65 9412.92 9423.33 9440.71 9460.24 9488.62 9538.37 9572.69 9619.9 9707.14 9883.24 9910.29 9927.41 9973.04 9990.77 10020 10080.9 10022.8 9801.05 9550.99 9339.02 9164.95 8993.44 8775.04 8512.26 8321.64 8152.36 8037.38 7977.32 7931.34 7874.52 7846.01 7822.17 7801.31 7784.75 7770.32 7747.67 7726.78 7719.29 7746.53 7791.5 7812.62 7818.75 7834.67 7877.28
9224.54 9219.09 9213.27 9210.94 9233.88 9243.69 9287.88 9310.08 9310.54 9315.92 9321.6 9328.18 9333.68 9341.38 9352.79 9360.78 9364.81 9366.98 9372.01 9378.25 9373.34 9361.8 9377.66 9390.99 9408 9414.65 9438.53 9498.61 9596.93 9543.99 9617.6 9755.68 9869.64 9963.7 9971.49 9986.79 9997.81 10023.9 10022.4 9897.11 9750.78 9537.92 9369.02 9190.37 8999.05 8758.49 8508.05 8334.26 8152.77 8058.42 8005.47 7964.39 7899.49 7861.52 7831.35 7804.39 7786.26 7771.85 7742.97 7727.44 7735.83 7747.34 7761.41 7789.44 7815.25 7842.97 7871.14
9215.64 9208.11 9206.16 9208.35 9230.67 9269.46 9364.48 9348.82 9333.73 9327.48 9325.98 9331 9336.1 9345.11 9359.06 9372.15 9380.46 9384.46 9381.8 9380.53 9381.22 9360.65 9387.8 9424.68 9404.54 9421.77 9429.15 9467.37 9480.75 9505.4 9590.35 9738.86 9912.64 9969.56 10030.6 10026.2 10017.6 10018.4 10023.4 9995.36 9840.42 9622.62 9431.63 9234.17 9022.13 8784.21 8513.51 8329.41 8168.06 8082.44 8030.78 7984.6 7949.55 7893.32 7845.61 7800.49 7774.4 7754.25 7728.83 7714.42 7742.93 7747.91 7747.57 7770.51 7804 7833.83 7862.78
9201.44 9206.86 9207.49 9212.31 9217.47 9237.09 9331.23 9319.26 9291.99 9311.31 9324.19 9333.91 9340.19 9352.59 9366.56 9384.3 9399.22 9395.55 9393.55 9387.54 9366.64 9380.42 9392.89 9379.19 9384.08 9384.78 9413.14 9433.29 9444.8 9477.24 9535.52 9634.16 9718.34 9846.69 9997.32 10057.9 10054.2 10034.3 10022.8 10013.1 9907.3 9734.48 9513.4 9291.79 9073.32 8866.63 8566.61 8354.32 8206.21 8119.17 8062.69 8016.52 7974.49 7926.75 7871.76 7813.74 7771.7 7742.53 7710.91 7704.13 7745.66 7741.54 7740.74 7770.02 7802.54 7832.07 7858.53
9232.37 9223.82 9224.44 9223.33 9212.06 9231.54 9262.57 9280.89 9276.2 9305.38 9326.08 9340.79 9346.96 9361.87 9374.62 9391.28 9414.31 9404.64 9383.36 9355.95 9358.84 9401.5 9400.5 9394.15 9380.88 9384.25 9405.95 9433.32 9474.21 9481.56 9491.62 9490.68 9535.64 9817.19 10008.7 10063 10111.6 10052 10011.5 9982.11 9896.29 9767.66 9575.27 9359.79 9133.88 8901.56 8618.57 8436.15 8269.86 8168.7 8106.09 8059.71 8017.95 7962.41 7904.14 7845.37 7788.25 7743.39 7692.16 7686.53 7739.78 7733.86 7735.35 7772.1 7802.44 7828.45 7851.05
9250.88 9275.6 9293.43 9263.18 9228.83 9249.09 9286.38 9296.72 9321.09 9322.26 9336.89 9353 9374.7 9375.58 9381.08 9389.65 9390.63 9384.11 9371.14 9354.02 9353.35 9384.96 9402.51 9403.9 9395.32 9392.27 9402.99 9431.96 9457.06 9475.59 9486.06 9492.73 9684.28 9792.62 9911.5 9980.9 10078.7 10083.3 10019 9967.56 9915.26 9828.58 9633.55 9409.12 9177.67 8945.47 8657.99 8515.08 8350.09 8237.42 8162.29 8099.88 8045.34 7987.03 7935.19 7877.64 7816.54 7765.01 7686.7 7680.85 7721.89 7721.33 7713.85 7772.73 7802.1 7823.19 7842.2
9416.02 9372.54 9341.56 9339.85 9315.67 9315.32 9319.11 9315.06 9321.18 9336.28 9346.69 9354.78 9341.61 9371.95 9381.49 9391.14 9408.04 9382.98 9370.83 9361.03 9355.35 9383.4 9398.35 9409.75 9412.05 9411 9415.14 9436.16 9452.88 9474.26 9497.03 9505.84 9519.17 9708.4 9761.21 9850.01 10018.5 10106.3 10047 10027.4 10048.6 9904.55 9690.22 9455.48 9225.45 8989.63 8808.22 8586.99 8443.22 8328.7 8229.5 8143.13 8054.74 7999.41 7958.82 7931.67 7870.36 7798.56 7700.27 7669.57 7695.56 7715.35 7743.16 7786.37 7804.72 7820.55 7837.48
9412.14 9394.88 9379.5 9354.29 9333.06 9324.72 9326.34 9334.31 9343.23 9349.99 9357.76 9365.57 9367.07 9375.91 9380.64 9386.37 9384.44 9380.92 9373.03 9372.64 9409.74 9402.53 9395.94 9380.38 9384.35 9398.86 9408.74 9437.52 9465.77 9496.54 9520.51 9531.36 9536.25 9571.01 9652.56 9739.71 9918.99 10082 10162.8 10138 10131.3 9931.69 9710.36 9483.39 9259.43 9050.63 8839.17 8641.55 8541.65 8423.78 8308.13 8175.63 8077.59 8008.42 7964.01 7926.43 7897.01 7821.54 7732.14 7699.3 7693.28 7720.7 7749.34 7786.51 7805.37 7819.78 7834.02
9385.63 9391.67 9387.48 9368.91 9347.05 9338.25 9343.32 9354.97 9355.99 9360.52 9366.66 9380.15 9398.02 9382.82 9379.24 9376.78 9382.67 9379.35 9375.27 9378.02 9407.66 9401.6 9394.38 9399.32 9393.34 9384.83 9392.15 9431.53 9494.92 9549.3 9562.81 9551.29 9559.25 9571.55 9599.56 9656.95 9791.42 9987.24 10109.5 10145.5 10085.5 9911.86 9704.5 9497.4 9302.66 9129.43 8983 8774.79 8690.22 8612.76 8422 8244.83 8111.11 8026.11 7964.03 7918.46 7885.54 7819.46 7743.98 7738.51 7730.61 7744.94 7768.48 7785.45 7806.78 7821.6 7840.94
9368.83 9371.84 9432.97 9382.08 9370.29 9378.54 9364.62 9353.3 9366.73 9370.86 9372.19 9368.55 9370.99 9381.94 9384.52 9379.75 9378.8 9384.46 9384.81 9393.23 9398.7 9385.93 9382.53 9414.28 9417.77 9386.28 9396.35 9432.12 9505.37 9562.6 9583.06 9565.74 9574.48 9582.52 9596.05 9617.94 9749.3 10062.6 10087.6 10102.7 10094.6 9878.49 9686.47 9496.92 9320.14 9162.02 9036.08 8926.3 8826.11 8688.88 8546.44 8346.23 8197.57 8070.23 7970.87 7906.66 7876.81 7822.51 7776.78 7762.38 7752.04 7757.47 7777.15 7797.16 7815.29 7825.64 7837.32
9457.02 9433.17 9420.62 9394.1 9390.48 9413.96 9380.57 9371.52 9382.24 9381.48 9379.07 9381.13 9381.6 9383.24 9392.4 9405.45 9397.38 9395.71 9398.09 9399.26 9403.29 9379.95 9380.52 9418.42 9427.89 9422.98 9432.5 9459.54 9492.59 9499.32 9552.13 9554.35 9592.9 9601.12 9607.96 9626.02 9692.75 10108.5 10096.3 10047.9 9962.29 9824.69 9674.39 9510.16 9340.33 9171.23 9049.21 8977.29 8925.74 8902.92 8679.1 8451.35 8280.69 8125.19 7998.56 7917.72 7863.68 7831.46 7802.35 7778.39 7769.17 7774.84 7791.59 7819.75 7827.08 7827.79 7839.68
9437.99 9377.53 9365.23 9374.61 9391.29 9399.96 9401.33 9402.58 9404.11 9403.36 9401.01 9402.27 9400.75 9399.76 9405.16 9418.02 9404.69 9402.86 9408.61 9410.77 9396.83 9391.15 9411.42 9430.76 9472.6 9463.89 9469.57 9491.29 9492.2 9494.46 9520.45 9538.91 9582.78 9638.57 9636.02 9650.56 9713.25 10006.5 10150.4 10037.8 9911.8 9804.71 9664.26 9517.79 9360.72 9205.7 9059.75 8996.15 8942.87 8822.39 8743.24 8632.1 8410.3 8214.68 8068.32 7961.62 7887.99 7851.87 7834.84 7794.52 7788.44 7792.21 7806.22 7830.1 7841.61 7836.42 7852.23
9418.68 9414.12 9404.26 9391.91 9403.84 9412.05 9427.62 9442.21 9430.12 9431.04 9431.55 9421.34 9422.81 9420.68 9412.68 9395.19 9398.94 9404.35 9409.61 9415.85 9412.21 9402.41 9412.44 9418.22 9430 9474.89 9490.95 9490.54 9499.82 9512.21 9522.37 9530.88 9549.09 9620.33 9711.91 9674.49 9746.6 9956.82 10059.9 10059.9 9952.93 9799.9 9680.59 9542.39 9397.88 9257.71 9100.46 9048.67 9001.78 8920.1 8854.31 8750.12 8573.87 8384.18 8168.96 8029.3 7948.73 7894.09 7862.76 7848.84 7813.08 7775.84 7809.48 7844.54 7857.34 7858.46 7874.1
