real_craters/C202-750m.grd
DSAA
339 339
-126.8575 126.8575
-126.8575 126.8575
7623.4295781637 11341.016575757
[rows 37 to 73 of 339, columns 246 to 327 of 339]
9166 9144 9142 9160 9165 9185 9198 9238 9274 9267 9255 9247 9247 9243 9240 9235 9240 9235 9234 9255 9243 9240 9239 9239 9242 9233 9227 9224 9223 9233 9230 9226 9227 9222 9217 9205 9215 9220 9209 9220 9242 9250 9240 9236 9242 9263 9270 9278 9271 9266 9259 9256 9259 9262 9262 9267 9297 9283 9298 9295 9304 9335 9267 9271 9278 9292 9300 9308 9312 9307 9309 9320 9331 9333 9333 9343 9352 9354 9350 9339 9336 9336
9205 9183 9187 9197 9190 9214 9242 9274 9285 9279 9266 9258 9254 9250 9245 9239 9240 9242 9242 9244 9244 9243 9241 9238 9233 9233 9229 9226 9222 9234 9231 9224 9227 9226 9227 9232 9211 9181 9218 9232 9229 9234 9235 9228 9227 9242 9263 9268 9269 9268 9267 9259 9269 9265 9269 9280 9313 9303 9298 9298 9296 9310 9256 9270 9280 9288 9303 9311 9300 9301 9310 9320 9330 9331 9337 9344 9350 9354 9336 9323 9336 9347
9222 9206 9213 9231 9233 9221 9265 9296 9291 9283 9273 9265 9261 9264 9265 9239 9242 9244 9246 9246 9242 9244 9243 9241 9243 9235 9230 9228 9227 9232 9234 9225 9229 9230 9232 9231 9207 9182 9231 9236 9231 9229 9230 9231 9229 9244 9252 9262 9262 9263 9266 9263 9258 9271 9278 9289 9293 9296 9303 9309 9295 9299 9293 9286 9293 9305 9308 9300 9295 9298 9306 9316 9325 9324 9320 9337 9341 9335 9330 9334 9336 9330
9218 9202 9227 9260 9280 9250 9278 9300 9291 9284 9277 9271 9264 9255 9253 9243 9250 9263 9251 9244 9252 9247 9244 9240 9236 9232 9230 9230 9227 9222 9231 9237 9232 9231 9229 9221 9209 9204 9203 9221 9230 9233 9229 9239 9263 9242 9247 9243 9255 9257 9267 9284 9289 9280 9283 9290 9302 9309 9318 9315 9310 9304 9303 9301 9303 9308 9301 9294 9300 9304 9306 9314 9324 9323 9319 9325 9334 9343 9336 9347 9345 9346
9229 9206 9233 9263 9279 9283 9286 9296 9289 9286 9283 9278 9269 9254 9248 9248 9256 9265 9266 9254 9247 9249 9246 9240 9229 9228 9233 9235 9235 9244 9260 9249 9235 9233 9231 9231 9231 9216 9205 9217 9229 9245 9246 9261 9266 9265 9259 9271 9259 9258 9257 9278 9285 9274 9281 9293 9305 9310 9312 9316 9319 9319 9310 9307 9305 9303 9305 9299 9303 9308 9311 9316 9318 9320 9320 9319 9328 9333 9326 9341 9348 9346
9257 9241 9249 9265 9278 9284 9284 9292 9285 9289 9292 9287 9280 9272 9259 9255 9258 9261 9264 9257 9252 9254 9251 9246 9240 9239 9242 9245 9250 9256 9271 9255 9239 9237 9236 9234 9232 9240 9222 9225 9241 9259 9266 9265 9270 9266 9265 9254 9258 9267 9279 9278 9254 9262 9279 9296 9304 9308 9307 9312 9312 9310 9311 9308 9303 9296 9295 9301 9306 9319 9324 9322 9322 9324 9325 9319 9322 9322 9325 9340 9345 9343
9273 9265 9262 9265 9268 9286 9278 9280 9283 9289 9295 9293 9288 9281 9267 9263 9261 9260 9264 9262 9258 9261 9258 9254 9253 9254 9254 9257 9262 9288 9294 9266 9248 9246 9244 9241 9248 9241 9228 9241 9259 9263 9272 9274 9274 9276 9272 9270 9270 9274 9282 9280 9262 9264 9281 9299 9310 9310 9314 9317 9313 9315 9316 9313 9308 9305 9308 9277 9305 9322 9330 9329 9331 9336 9334 9324 9321 9320 9332 9341 9338 9344
9272 9261 9262 9266 9266 9280 9283 9281 9278 9288 9297 9296 9293 9289 9288 9278 9269 9266 9274 9269 9266 9270 9264 9260 9261 9264 9263 9268 9279 9280 9283 9273 9264 9261 9254 9249 9247 9248 9237 9253 9263 9249 9259 9283 9279 9280 9280 9271 9268 9277 9284 9284 9269 9274 9287 9300 9302 9298 9271 9300 9313 9329 9322 9318 9316 9317 9315 9323 9316 9328 9334 9333 9335 9335 9328 9328 9322 9323 9338 9338 9328 9334
9266 9258 9256 9264 9275 9291 9266 9273 9275 9287 9293 9296 9297 9295 9290 9286 9280 9273 9272 9278 9277 9272 9267 9264 9262 9260 9267 9274 9283 9281 9279 9282 9288 9276 9264 9256 9249 9258 9258 9260 9260 9244 9249 9286 9284 9256 9285 9279 9277 9278 9279 9268 9282 9292 9296 9298 9296 9315 9329 9299 9321 9328 9325 9321 9318 9317 9312 9316 9321 9331 9328 9333 9338 9342 9345 9327 9324 9322 9339 9336 9323 9330
9262 9253 9250 9259 9267 9261 9259 9269 9283 9293 9289 9295 9302 9303 9295 9296 9294 9297 9297 9289 9276 9266 9266 9265 9263 9266 9269 9278 9283 9282 9269 9283 9297 9282 9270 9262 9259 9252 9265 9253 9248 9264 9268 9285 9282 9283 9286 9285 9285 9278 9276 9280 9288 9293 9305 9306 9309 9309 9313 9308 9319 9324 9325 9323 9319 9314 9312 9308 9320 9329 9329 9335 9346 9356 9360 9357 9342 9339 9343 9338 9333 9338
9267 9256 9249 9259 9264 9262 9256 9261 9278 9294 9285 9295 9305 9306 9302 9307 9302 9304 9316 9299 9277 9266 9268 9267 9266 9263 9269 9277 9281 9269 9262 9271 9279 9273 9269 9265 9259 9259 9266 9244 9248 9267 9277 9286 9288 9289 9290 9280 9264 9274 9280 9281 9298 9319 9314 9306 9304 9301 9305 9307 9306 9323 9325 9322 9318 9313 9306 9316 9321 9322 9325 9338 9351 9363 9356 9354 9359 9363 9360 9345 9334 9341
9274 9266 9260 9265 9264 9257 9260 9258 9266 9284 9289 9294 9301 9324 9313 9314 9303 9308 9320 9306 9286 9279 9274 9272 9270 9268 9270 9277 9286 9276 9261 9260 9239 9261 9270 9270 9271 9266 9255 9266 9262 9254 9268 9285 9288 9293 9288 9274 9265 9276 9287 9292 9307 9331 9319 9306 9298 9293 9302 9310 9318 9322 9323 9322 9321 9321 9327 9329 9326 9326 9328 9341 9354 9360 9353 9351 9361 9370 9366 9349 9346 9343
9283 9282 9294 9276 9264 9258 9259 9262 9272 9282 9288 9296 9304 9307 9313 9315 9310 9314 9315 9307 9295 9280 9285 9278 9273 9271 9269 9270 9270 9267 9264 9263 9272 9271 9273 9275 9277 9278 9279 9279 9265 9256 9273 9285 9281 9279 9269 9275 9285 9286 9288 9299 9312 9323 9318 9304 9295 9287 9301 9314 9317 9320 9322 9324 9323 9324 9325 9330 9330 9329 9337 9347 9355 9359 9354 9352 9357 9364 9364 9354 9350 9350
9284 9282 9271 9269 9264 9259 9263 9268 9279 9288 9293 9300 9306 9306 9311 9313 9311 9310 9311 9306 9303 9310 9291 9282 9275 9271 9268 9266 9261 9256 9261 9264 9268 9272 9274 9277 9282 9282 9279 9272 9264 9273 9284 9290 9281 9270 9271 9281 9295 9299 9297 9302 9307 9311 9310 9307 9298 9294 9314 9317 9324 9326 9335 9324 9323 9324 9326 9331 9333 9332 9341 9349 9357 9365 9356 9345 9352 9361 9360 9355 9358 9359
9285 9278 9270 9267 9266 9263 9263 9270 9279 9287 9296 9304 9310 9307 9308 9314 9309 9315 9314 9310 9303 9287 9285 9282 9278 9274 9270 9266 9264 9264 9257 9262 9267 9271 9275 9278 9281 9282 9265 9271 9272 9261 9251 9262 9266 9266 9267 9281 9297 9304 9302 9303 9303 9303 9302 9304 9305 9307 9320 9317 9325 9321 9313 9318 9320 9321 9328 9333 9334 9341 9342 9346 9352 9348 9342 9344 9349 9360 9360 9359 9365 9366
9285 9279 9274 9272 9271 9268 9265 9275 9284 9288 9299 9306 9310 9309 9314 9320 9329 9317 9319 9313 9303 9291 9282 9282 9280 9275 9263 9269 9274 9273 9261 9263 9269 9273 9275 9277 9278 9269 9274 9293 9287 9268 9250 9261 9263 9269 9278 9282 9293 9298 9302 9307 9315 9309 9311 9316 9317 9321 9325 9320 9317 9316 9314 9315 9319 9324 9327 9330 9331 9332 9338 9344 9348 9349 9342 9351 9364 9367 9370 9361 9372 9368
9287 9283 9281 9279 9279 9280 9280 9290 9300 9307 9302 9307 9311 9309 9313 9304 9318 9330 9326 9324 9308 9286 9281 9285 9284 9284 9287 9272 9264 9277 9273 9268 9269 9275 9273 9278 9281 9282 9290 9290 9284 9274 9292 9267 9268 9273 9280 9285 9294 9305 9303 9306 9306 9314 9324 9331 9329 9333 9330 9324 9321 9317 9314 9315 9317 9323 9325 9333 9335 9333 9346 9355 9348 9342 9347 9349 9348 9360 9366 9366 9373 9369
9290 9287 9285 9285 9285 9288 9290 9293 9303 9295 9306 9308 9308 9316 9330 9284 9253 9302 9326 9332 9320 9311 9307 9298 9295 9294 9290 9282 9278 9291 9283 9271 9264 9246 9270 9283 9287 9285 9276 9273 9273 9272 9277 9271 9275 9278 9280 9284 9291 9298 9303 9305 9309 9319 9329 9325 9330 9331 9327 9326 9324 9322 9320 9319 9315 9312 9328 9332 9335 9340 9347 9354 9346 9341 9337 9344 9353 9358 9366 9361 9363 9365
9295 9293 9290 9288 9292 9294 9301 9311 9297 9300 9311 9312 9321 9325 9324 9307 9307 9333 9335 9335 9332 9332 9319 9306 9303 9303 9303 9294 9286 9298 9282 9273 9271 9279 9280 9293 9302 9287 9258 9272 9291 9280 9270 9303 9289 9283 9279 9285 9291 9295 9300 9305 9309 9317 9323 9325 9330 9332 9334 9330 9327 9326 9325 9323 9319 9320 9325 9332 9335 9342 9343 9339 9345 9345 9342 9343 9352 9391 9387 9365 9365 9365
9300 9299 9298 9298 9301 9302 9308 9302 9297 9294 9321 9324 9351 9338 9335 9340 9349 9348 9342 9336 9334 9330 9317 9312 9311 9309 9310 9306 9299 9299 9292 9286 9282 9284 9291 9302 9314 9290 9259 9272 9288 9281 9275 9302 9295 9287 9284 9290 9293 9292 9299 9306 9313 9319 9320 9325 9324 9325 9335 9333 9330 9330 9331 9333 9327 9324 9329 9340 9342 9344 9343 9346 9358 9359 9355 9353 9359 9375 9377 9378 9372 9372
9307 9305 9306 9310 9309 9310 9313 9314 9317 9308 9320 9324 9326 9339 9348 9338 9338 9340 9341 9339 9334 9323 9312 9321 9317 9311 9303 9298 9302 9301 9297 9292 9291 9289 9294 9306 9302 9288 9262 9268 9283 9296 9281 9288 9287 9284 9284 9289 9290 9296 9306 9307 9309 9311 9318 9326 9319 9323 9329 9330 9330 9329 9332 9337 9333 9336 9334 9340 9347 9344 9342 9345 9346 9356 9365 9375 9365 9358 9366 9368 9378 9379
9311 9309 9308 9307 9308 9311 9319 9313 9323 9321 9343 9354 9341 9350 9352 9342 9336 9337 9339 9339 9335 9328 9346 9331 9321 9312 9305 9301 9299 9300 9301 9303 9295 9294 9301 9312 9318 9299 9271 9262 9280 9302 9290 9274 9277 9280 9282 9283 9287 9296 9302 9306 9308 9310 9309 9327 9322 9323 9324 9325 9323 9324 9326 9327 9331 9335 9336 9335 9341 9341 9343 9341 9352 9363 9362 9359 9367 9353 9358 9365 9370 9363
9310 9308 9304 9304 9307 9314 9320 9317 9336 9338 9331 9334 9335 9350 9349 9337 9326 9333 9336 9338 9337 9327 9319 9329 9318 9311 9305 9299 9301 9300 9295 9286 9293 9300 9308 9316 9322 9314 9290 9260 9260 9286 9291 9271 9272 9277 9282 9284 9295 9300 9297 9302 9306 9308 9314 9324 9300 9323 9322 9314 9317 9321 9324 9326 9337 9336 9331 9334 9337 9345 9353 9357 9374 9375 9364 9357 9358 9357 9357 9359 9361 9355
9306 9306 9301 9298 9299 9312 9319 9322 9326 9339 9356 9348 9336 9339 9343 9343 9339 9335 9335 9334 9326 9327 9324 9311 9311 9309 9307 9308 9307 9304 9296 9287 9295 9303 9310 9318 9324 9328 9317 9282 9279 9289 9283 9269 9273 9280 9288 9291 9295 9299 9294 9298 9304 9314 9308 9318 9303 9325 9320 9321 9320 9324 9326 9327 9334 9334 9333 9336 9336 9368 9369 9370 9376 9373 9366 9357 9360 9361 9356 9353 9351 9355
9304 9305 9303 9301 9302 9306 9313 9321 9312 9333 9351 9347 9356 9344 9347 9345 9334 9338 9339 9340 9355 9329 9316 9301 9304 9306 9308 9306 9312 9307 9303 9304 9304 9308 9315 9322 9330 9336 9328 9304 9292 9274 9276 9272 9277 9283 9292 9307 9285 9292 9292 9294 9297 9296 9303 9314 9303 9316 9310 9315 9329 9332 9330 9330 9331 9331 9343 9355 9363 9387 9382 9375 9371 9371 9370 9370 9366 9365 9358 9353 9357 9365
9300 9302 9304 9306 9309 9312 9314 9319 9321 9331 9341 9355 9359 9356 9351 9344 9346 9344 9343 9342 9338 9331 9319 9309 9306 9308 9311 9314 9310 9309 9308 9308 9309 9312 9314 9325 9334 9341 9332 9307 9302 9300 9279 9280 9284 9288 9287 9281 9293 9284 9287 9292 9296 9298 9304 9302 9313 9326 9304 9336 9342 9338 9336 9333 9331 9342 9361 9378 9404 9393 9386 9383 9369 9374 9369 9368 9365 9362 9364 9365 9363 9367
9297 9300 9303 9306 9307 9313 9315 9318 9327 9331 9329 9343 9349 9344 9353 9361 9356 9350 9347 9346 9347 9333 9316 9307 9306 9310 9314 9316 9314 9312 9312 9315 9317 9316 9319 9330 9340 9345 9336 9317 9312 9303 9308 9295 9292 9290 9286 9278 9285 9280 9287 9292 9296 9304 9309 9298 9303 9314 9313 9337 9341 9340 9343 9349 9359 9373 9381 9387 9378 9375 9383 9393 9401 9377 9366 9362 9370 9367 9366 9362 9364 9378
9298 9303 9306 9309 9311 9315 9317 9319 9325 9329 9338 9330 9343 9348 9358 9362 9360 9355 9349 9342 9330 9319 9314 9306 9308 9314 9317 9318 9316 9317 9316 9316 9315 9317 9321 9330 9340 9346 9341 9329 9322 9303 9306 9302 9297 9293 9291 9293 9293 9295 9293 9293 9294 9296 9297 9294 9294 9308 9347 9339 9322 9337 9351 9364 9380 9383 9392 9403 9399 9388 9389 9375 9375 9374 9364 9359 9365 9366 9363 9358 9363 9365
9301 9305 9309 9313 9317 9316 9320 9323 9323 9329 9339 9349 9362 9366 9374 9371 9364 9358 9350 9341 9331 9324 9316 9309 9323 9319 9318 9322 9323 9323 9321 9318 9315 9317 9317 9320 9334 9347 9345 9336 9332 9319 9314 9309 9306 9303 9301 9300 9298 9295 9289 9286 9289 9291 9299 9307 9271 9292 9337 9314 9322 9343 9361 9377 9385 9388 9393 9398 9396 9403 9392 9366 9360 9369 9375 9374 9375 9366 9365 9363 9365 9373
9301 9306 9311 9317 9322 9327 9328 9329 9322 9337 9344 9356 9355 9371 9386 9386 9369 9359 9352 9345 9340 9334 9327 9331 9331 9322 9314 9321 9330 9330 9328 9326 9326 9321 9316 9320 9332 9346 9348 9341 9329 9316 9316 9314 9312 9309 9307 9303 9297 9282 9282 9285 9286 9288 9293 9314 9315 9308 9311 9346 9340 9357 9373 9389 9398 9394 9393 9386 9380 9384 9386 9371 9362 9369 9392 9392 9366 9357 9355 9363 9370 9386
9302 9306 9312 9318 9324 9334 9336 9338 9336 9342 9351 9363 9376 9370 9367 9367 9362 9357 9350 9346 9342 9336 9331 9325 9331 9328 9315 9323 9334 9336 9333 9331 9329 9324 9318 9320 9333 9349 9352 9346 9330 9318 9318 9318 9315 9311 9309 9310 9296 9277 9280 9290 9286 9291 9315 9327 9328 9312 9308 9340 9365 9378 9385 9388 9379 9391 9397 9397 9391 9384 9384 9374 9374 9387 9403 9392 9359 9359 9374 9372 9375 9372
9303 9307 9312 9317 9325 9335 9336 9341 9346 9345 9352 9363 9372 9360 9349 9346 9354 9354 9350 9346 9343 9340 9336 9334 9342 9342 9343 9332 9341 9338 9333 9331 9334 9325 9316 9317 9331 9349 9352 9349 9341 9336 9332 9325 9318 9312 9306 9302 9280 9279 9276 9276 9282 9287 9311 9308 9301 9319 9326 9368 9392 9398 9396 9393 9385 9399 9408 9410 9410 9408 9381 9367 9387 9408 9407 9395 9376 9375 9373 9379 9378 9382
9300 9309 9317 9321 9323 9325 9330 9329 9339 9339 9343 9360 9362 9358 9337 9354 9357 9354 9350 9347 9345 9349 9340 9341 9347 9351 9351 9340 9327 9327 9329 9329 9324 9318 9311 9308 9324 9337 9342 9348 9346 9349 9342 9330 9319 9309 9299 9283 9290 9278 9271 9281 9283 9288 9295 9289 9305 9350 9386 9399 9417 9414 9402 9394 9394 9405 9418 9430 9426 9411 9373 9385 9398 9405 9399 9395 9394 9381 9363 9367 9373 9375
9303 9313 9322 9329 9331 9330 9328 9327 9326 9332 9343 9360 9389 9373 9369 9369 9362 9355 9349 9344 9337 9325 9328 9337 9348 9356 9356 9357 9339 9327 9329 9329 9327 9322 9312 9312 9319 9327 9330 9330 9338 9347 9342 9328 9314 9302 9293 9291 9281 9264 9274 9280 9281 9282 9286 9297 9307 9356 9386 9408 9428 9417 9401 9391 9390 9399 9417 9439 9428 9410 9366 9404 9403 9396 9383 9374 9366 9335 9355 9372 9369 9360
9311 9319 9328 9340 9354 9337 9332 9324 9324 9337 9346 9376 9388 9379 9372 9367 9361 9355 9349 9344 9336 9329 9330 9336 9345 9359 9361 9363 9348 9336 9335 9333 9329 9321 9309 9303 9310 9320 9324 9333 9331 9346 9338 9321 9307 9295 9284 9274 9276 9295 9309 9297 9291 9281 9300 9320 9325 9354 9370 9394 9405 9395 9387 9386 9397 9387 9399 9406 9411 9400 9393 9407 9394 9375 9344 9340 9341 9358 9368 9372 9362 9354
9313 9322 9332 9342 9351 9345 9343 9339 9330 9333 9342 9382 9381 9378 9364 9361 9360 9357 9352 9346 9342 9338 9342 9344 9352 9358 9359 9349 9350 9350 9345 9341 9333 9326 9319 9309 9304 9309 9311 9321 9337 9349 9324 9308 9298 9291 9287 9281 9296 9309 9305 9302 9295 9300 9305 9293 9329 9368 9376 9374 9381 9354 9367 9379 9378 9385 9391 9400 9399 9392 9401 9401 9381 9351 9335 9337 9351 9382 9367 9353 9353 9351
9317 9323 9330 9336 9340 9342 9352 9357 9346 9352 9355 9366 9379 9380 9370 9363 9362 9359 9354 9350 9347 9348 9351 9348 9352 9352 9347 9338 9351 9354 9359 9352 9342 9326 9334 9321 9300 9305 9310 9323 9342 9349 9309 9296 9292 9290 9290 9295 9312 9330 9317 9310 9323 9337 9313 9301 9328 9357 9348 9354 9342 9343 9363 9382 9393 9392 9394 9395 9395 9396 9401 9392 9370 9354 9364 9350 9357 9371 9358 9351 9350 9352
