real_craters/C203-1000m.grd
DSAA
152 152
-75.65 75.65
-75.65 75.65
5349.8796587769 8867.4224183088
[rows 0 to 29 of 152, columns 67 to 133 of 152]
6702.11 6735.92 6764.27 6790.73 6756.37 6716.8 6696.38 6709.62 6717.33 6686.98 6689.91 6717.34 6743.08 6767.7 6793.27 6826.23 6862.01 6899.48 6891.78 6902.55 6849.41 6816.08 6803.41 6828.32 6829.7 6878.62 6871.81 6841 6822.17 6804.57 6805.64 6808.03 6805.98 6756.06 6907.33 6784.08 6639.79 6793.59 6988.81 6881.65 6786.92 6774.27 6786.43 6800.09 6816.09 6843.63 6849.71 6849.74 6837.42 6826.86 6824.79 6877.32 6969.72 6882.17 6882.31 6871.06 6861.43 6834.01 6807.75 6771.62 6729.32 6706.33 6712.14 6731.65 6741.81 6741.83 6748.69
6712.96 6736.75 6761.96 6786.16 6784.68 6770.63 6728.96 6711.21 6709.41 6696.49 6703.17 6729.51 6744.35 6761.72 6781.62 6807.19 6829.02 6855.19 6832.51 6801.03 6815.04 6821.95 6836.12 6842.94 6857.95 6866.02 6859.91 6851.13 6840.23 6819.33 6836.7 6834.01 6843.55 6911.25 6872.43 6423.36 6314.7 6624.56 6852.82 6868.86 6795.3 6789.74 6814.86 6833.06 6849.32 6861.96 6839.26 6844.7 6832.85 6825.65 6826.55 6842.64 6833.17 6810.75 6841.26 6837.47 6837.08 6822.49 6779.89 6705.96 6631.95 6581.92 6609.27 6643.53 6656.82 6658.8 6684.41
6720.42 6743.55 6772.6 6789.07 6801.66 6802.46 6758.77 6724.23 6701.63 6699.06 6740.86 6745.34 6745.08 6750.77 6761.59 6773.66 6817.2 6844.52 6813.81 6779.49 6791.18 6815.68 6826.98 6848.54 6858.52 6882.18 6864.6 6865.88 6842.76 6803.39 6811 6801.95 6849.9 6956.04 6926.49 6460.33 6315.37 6600.98 6875.89 6896.84 6803.76 6825.27 6845.92 6862.07 6867.56 6867.45 6850.31 6833.68 6836.93 6840.18 6839.24 6835.1 6818 6801.52 6808.59 6801.61 6796.12 6783.28 6731.64 6644.83 6570.7 6528.36 6549.34 6578.31 6593.92 6594.45 6639.94
6726.66 6753.21 6774.7 6819.79 6808.15 6778.33 6764.54 6740.6 6718.24 6699.16 6732.4 6735.05 6732.91 6729.35 6729.39 6738.68 6786.37 6881.91 6809.48 6766.04 6772.66 6788.91 6815.36 6847.28 6884.29 6888.59 6860.24 6849.2 6826.24 6797.45 6808.9 6814.46 6855.59 6894.83 6948.13 6764.14 6557.06 6723.48 6889.19 6887.31 6821.04 6827.9 6861.76 6877.2 6877.18 6870.85 6856.7 6837.45 6843.42 6850.08 6849.27 6828.55 6810 6794.99 6793.33 6773.71 6739.96 6687.21 6621.74 6581.71 6535.48 6511.54 6525.6 6551.24 6569.75 6588.08 6621.93
6773.56 6810.94 6815.24 6819.07 6792.89 6762.52 6755.85 6758.14 6755.93 6723.64 6707.62 6711.72 6720.73 6724.4 6729.48 6730.09 6760.66 6820.69 6806.81 6779.25 6766.65 6765.28 6784.8 6863.64 6869.54 6906.32 6879.29 6825.39 6816.52 6818.78 6843.96 6874.53 6869.14 6863.99 6885.95 6965.24 6980.8 6864.01 6856.53 6838.91 6799.73 6828.54 6883.76 6893.46 6886.28 6871.78 6862.47 6861.72 6859.82 6861.78 6866.53 6888.48 6809.11 6797.91 6789.97 6745.63 6688.38 6620.65 6555.14 6534.64 6508 6502.05 6521.47 6543.77 6563.88 6582.76 6614.44
6833.66 6863.38 6825.45 6797.21 6767 6744.34 6740.93 6767.53 6771.78 6734.83 6714.54 6708.01 6714.8 6727.37 6745.26 6772.13 6850.36 6832.62 6840.24 6810.28 6787.07 6782.29 6808.54 6915.46 6858.39 6855.35 6902.1 6850.52 6839.97 6855.7 6876.76 6890.85 6876.38 6879.32 6907.78 6925.83 6905.55 6881.53 6867.48 6848.15 6811.84 6827.23 6875.84 6893.37 6897.38 6892.26 6879.54 6875.25 6874.74 6872.46 6864.11 6837.27 6803.62 6790.31 6776.25 6717.25 6655.26 6588.95 6533.96 6508.75 6496.05 6506.26 6536.03 6566.34 6588.85 6602.7 6618.58
6859.02 6844.05 6831.65 6797.01 6760.2 6740.2 6735.35 6766.31 6785.45 6737.41 6716.35 6707.5 6713.23 6729.9 6755.04 6801.11 6826.06 6809.87 6806.2 6810.93 6819.84 6881.01 6907.12 6906.95 6880.18 6866.8 6895.01 6873.58 6870.89 6900.99 6892.41 6853.48 6860.83 6890.3 6918.23 6915.66 6890.64 6876.06 6860.68 6832.59 6811.11 6817.94 6851.18 6880.08 6901.54 6918.13 6902.12 6889.83 6890.71 6886.37 6862.67 6829.99 6797.8 6766.51 6726.89 6689.78 6635.54 6573.55 6517.25 6491.18 6489.9 6516.54 6562.09 6607.8 6637.21 6638.09 6630.7
6911.05 6821.58 6821.19 6784.22 6760.86 6746.39 6755.11 6756.37 6756.86 6741.59 6720.99 6698.77 6713.62 6734.89 6751.28 6763.36 6774.2 6781.01 6778.14 6804.63 6837.24 6909.86 6921.72 6937.47 6938.35 6894.22 6887.87 6867.34 6884.02 6898.29 6887.84 6874.12 6865.55 6883.58 6913.42 6919.71 6893.56 6880.24 6874.36 6861.59 6839.02 6834.62 6844.16 6874.62 6892.56 6910.2 6931.02 6937.92 6935.19 6914.72 6875.04 6828.57 6795.79 6768.34 6747.23 6693.81 6638.69 6571.46 6508.38 6477.47 6488.5 6539.22 6606.94 6669.05 6727.3 6773.47 6727.7
6936.05 6797.29 6808.44 6790.36 6760.68 6766.84 6734.4 6740.88 6736.75 6764.14 6736.05 6705.42 6730.17 6749.28 6753.6 6741.17 6776.21 6789.28 6791.41 6811.25 6844.75 6920 6936.16 7014.78 6886.44 6921.77 6925.11 6899.49 6908.73 6909.51 6926.96 6903.77 6892.83 6902.98 6930.33 6931.37 6921.1 6917.44 6912 6904.41 6892.13 6891.57 6903.26 6900.37 6896.25 6908.88 6954.3 7016.21 7015.92 6958.08 6901.02 6851.43 6817.33 6814.35 6767.6 6717.38 6655.69 6583.23 6507.66 6469.36 6491.19 6592.24 6681.31 6757.06 6825.98 6913.44 7036.36
6882.66 6835.32 6822.18 6815.83 6774.49 6771.03 6754.85 6756.06 6763.55 6773.82 6773.92 6761.82 6768.86 6772.77 6776.73 6773.64 6785.61 6796.6 6810.6 6830.8 6854.29 6893.81 6891.7 6887.31 6952.57 6915.76 6952.76 6981.01 6984.23 7003.6 7047.72 7020.39 6978.37 6923.91 6939.84 6944.08 6975.71 6988.78 6963.04 6923.37 6932 6947.98 6963.69 6946.5 6925.5 6929.06 6957.46 6997.25 7024.53 6980.67 6922.25 6877.76 6867.83 6881.7 6838.65 6761.93 6687.81 6630.3 6553.63 6528.94 6632.7 6703.03 6756.72 6812.77 6870.72 6949.96 7063.94
6911.13 6904.48 6819.42 6798.78 6807.66 6812.07 6780.91 6766.53 6765.84 6792.26 6803.11 6832.85 6817.84 6798.75 6801.08 6812.7 6799.18 6799.55 6820.3 6877.67 6880.1 6884.79 6843.35 6826.17 6984.77 7006.93 7014.78 7046.68 7040.96 7062.84 7109.62 7068.9 7037.39 6985.29 6960.68 6979.88 7036.98 7075.26 7015.94 6971.32 6991.74 6993.08 7003.36 6995.13 6985.28 6978.31 6977.31 6987.41 7012.78 7004.37 6958.03 6905.27 6903.14 6952.77 6853.17 6757.28 6714.72 6714.4 6740.2 6821.07 6896.04 6853.86 6823.87 6824.42 6845.43 6896.4 6951.74
6889.65 6850.95 6787.67 6786.07 6851.75 6847.88 6786.97 6784.9 6760.58 6755.51 6770.85 6812.25 6798.49 6789.55 6796.84 6823.08 6828.31 6849.36 6885.49 6944.92 6990.5 6903.58 6868.65 6886.84 7013.27 7022.33 6977.39 7023.24 7051.07 7082.12 7101.77 7078.67 7057.75 7031.89 7024.98 7011.08 7046.55 7064.36 7026.78 6987.16 6982.69 7021.08 7035.57 7037.65 7046.32 7035.38 7020.58 7010.64 7040.12 7070.09 7052.26 6992.31 6942.6 6969.83 6831.53 6712.44 6707.41 6769.28 6905.37 7116.73 7053.52 6929.73 6844.41 6798.7 6777.6 6793.61 6854.97
6842.69 6807.23 6772.49 6771.98 6820.88 6854.47 6787.65 6765.8 6747.66 6734.45 6711.87 6701.97 6718.3 6755.67 6784.56 6822.56 6873.14 6882.31 6922.73 6968.51 6988.31 6967.41 6921.7 6911.73 7033.46 6961.83 6980.61 7002.14 7054.52 7107.55 7087.92 7086.9 7080.39 7054.63 7105.99 7041.24 7041.15 7049.19 7027.6 6982.79 6958.54 7045.68 7066.81 7070.72 7077.19 7085.4 7084.92 7081.85 7161.87 7189.46 7138.55 7058.15 7019.72 6980.12 6788.34 6638.94 6671.22 6773.9 6919.52 7053.09 6975.3 6852.18 6752.66 6696.82 6651.78 6634.74 6668.94
6813.23 6818.3 6773.88 6759.79 6772.97 6789.68 6773.16 6756.73 6744.56 6713.35 6697.4 6656.99 6670.68 6743.63 6822.53 6886.94 6943.66 6963.77 6986.54 7009.27 7000.92 6997.53 6942.94 6916.75 7063.39 6904.08 7062.81 7065.32 7086.43 7111.34 7111.92 7100.3 7090.53 7108.14 7116.54 7054.23 7054.89 7049.05 7055.83 7076.89 7114.21 7090.65 7107.51 7138.7 7127.17 7141.29 7153.99 7201.13 7294.04 7275.62 7174.56 7073.74 7166.27 6995.94 6763.02 6600.28 6607.49 6704.19 6823.4 6888.64 6806.94 6682.68 6596.89 6533.08 6485.31 6451.52 6428.62
6770.57 6814.04 6782.41 6762.87 6763.41 6779.16 6766.07 6744.55 6712.95 6706.11 6676.19 6644.14 6666.6 6784.74 6871.93 6972.69 7027.36 6984.83 7044.33 7135.08 7063.11 7024.37 6958.07 6932.89 7066.49 6906.99 7109.49 7101.05 7073.11 7108.67 7133.28 7137.11 7110.62 7132.6 7115.41 7060.92 7095.9 7173.38 7072.63 6875.92 6855.55 7178.68 7225.86 7270.42 7290.38 7230.77 7191.24 7178.82 7247.26 7251.88 7109.26 7050.24 7083.49 7008.6 6761.23 6528.6 6507.99 6590.16 6696.92 6752.57 6581.7 6502.85 6443.53 6392.44 6337.85 6283.08 6210.43
6780.25 6833.77 6791.19 6769.34 6751.98 6746.35 6743.15 6733.41 6711.23 6697.85 6687.68 6705.73 6772.71 6918.16 7019.68 7126.6 7132.93 7062.68 7078.54 7098.29 7112.02 6991.71 6966.15 6959.38 6987.1 6983.62 7090.46 7120.6 7095.13 7121.92 7151.45 7162.23 7131.8 7127.42 7117.35 7075.4 7115.06 7203.1 7021.53 6696.65 6687.25 6831.69 7189.31 7319.94 7340.62 7246.13 7179.69 7154.42 7177.68 7192.94 7076.9 7041.24 7069.87 6987.57 6705.21 6431.66 6368.78 6442.98 6542.28 6573.96 6350.31 6290.32 6256.78 6235.19 6200.53 6158.8 6123.25
6834.05 6850.75 6844.12 6792.96 6758.15 6727.49 6723.32 6714.6 6707.19 6696.64 6712.99 6825.82 6951 7110.48 7260.1 7239.4 7236.44 7193.28 7128.24 7036.99 7047.34 7077.79 7011.21 6959.46 7014.01 7056.62 7137.67 7140.1 7106.43 7158.61 7187.43 7183.11 7213.69 7184.88 7141.78 7116.47 7120.27 7109.91 6963.15 6774.64 6715.49 6854.57 7305.93 7295.66 7204.01 7179.97 7133.6 7092.95 7064.36 7073.81 7088.66 7029.09 7040.83 6946.2 6620.67 6302.77 6228.49 6313.91 6395.73 6330.65 6166.53 6122.12 6092.93 6069.13 6060.82 6049.39 6053.58
6876.39 6869.05 6862.11 6816.64 6770.1 6732.91 6735.66 6733.13 6746.54 6760.78 6809.42 6948.26 7166.28 7275.1 7292.74 7246.68 7309.1 7333.47 7207.5 7112.84 7068.86 7104.28 7101.13 7090.25 7059.42 7052.04 7085.95 7111.45 7107.34 7168.78 7227.13 7224.86 7216.63 7221.41 7191.09 7155.7 7151.97 7162.61 7043.57 6894.86 6882.67 7079.95 7425.99 7262.41 7137.02 7099.37 7052.29 7007.93 6985.78 7090.99 7092.55 7052.58 6974.24 6852.26 6489.13 6207.55 6125.18 6196.07 6292.45 6332.06 6071.18 6009.78 6007.51 6003.53 5992.87 5981.96 5971.6
6908.7 6859.52 6836.49 6829.67 6841.24 6798.36 6798.2 6804.77 6828.91 6879.03 6948.54 7063.52 7270.99 7437.85 7534.64 7492.24 7328.9 7260.91 7221.75 7116.87 7035.88 7079.07 7116.06 7128.31 7103.86 7066.53 7072.93 7084.68 7074.58 7134.16 7226.81 7313.55 7232.42 7198.99 7203.6 7209.05 7244.81 7351.11 7391.54 7214.93 7303.21 7350.79 7291.41 7213.01 7118.49 7044.42 6978.87 6932.29 6917.51 7119.69 7144.31 7018.26 6847.27 6525.19 6263.4 6136.42 6063.17 6080.11 6108.85 6071.85 5963.83 5942.53 5945.99 5949.31 5941.54 5931.51 5917.54
6980.81 6891.01 6851.77 6866.63 6841.6 6883.63 6881.35 6875.76 6930.2 7015.04 7106.64 7208.57 7409.99 7576.19 7683.96 7483.84 7315.53 7221.85 7229.02 7217.53 7120.25 7091.37 7073.46 7095.94 7126.95 7117.86 7092.99 7072.8 7072.74 7112.74 7190.46 7246.93 7242.7 7194.1 7210.09 7252.57 7324.78 7429.77 7535.88 7438.9 7366.5 7287.59 7174.07 7109.92 7054.78 6995.59 6944.4 6887.91 6875.26 7080.49 7179.09 7085.93 6836.6 6523.13 6297.61 6114.38 6008.7 5990.52 5983 5949.03 5928.98 5912.58 5905.95 5904.66 5909.73 5908.53 5909.05
7039.05 6962.95 6955.48 6996.57 6949.57 6933.78 6956.25 7027.8 7132.92 7168.71 7264.94 7429.12 7538.72 7593.14 7530.02 7555.67 7340.15 7252.47 7249.52 7238.85 7185.24 7144.57 7153.37 7135.11 7128.9 7102.57 7110.12 7084.64 7083.62 7096.71 7161.17 7219.76 7201.87 7191.03 7225.6 7270.72 7316.48 7366.57 7362.74 7321.71 7209.67 7103.01 7065.43 7051.37 7004.9 6956.87 6908.75 6880.27 6933.9 7183.98 7313.17 7245.99 6896.92 6526.94 6276.58 6088.45 5973.25 5934.96 5925.15 5912.78 5905.08 5895.58 5894.51 5901.2 5906.63 5908.43 5913.92
7116.43 7102.13 7144.06 7126.18 7095.72 7031.56 7057.99 7122.07 7155.45 7264.99 7404.89 7504.95 7526.39 7540.13 7519.73 7489.46 7392.19 7317.21 7273.8 7222.97 7209.28 7172.14 7121.68 7157.58 7199.09 7213.19 7185.91 7139.48 7133.15 7124.93 7160.23 7185.32 7190.33 7199.42 7254.75 7296.09 7309.99 7316.98 7283.47 7217.02 7142.02 7027.37 6972.88 6956.91 6960.57 6931.74 6891.61 6869.24 6903.45 7119.56 7257.62 7201.47 6915.04 6588.68 6268.84 6053.42 5947.78 5905.97 5894.83 5879.58 5863.02 5860.17 5875.75 5887.94 5897.47 5903.42 5907.01
7089.34 7170.42 7206.39 7177.21 7177.56 7110.94 7098.02 7156.66 7224.29 7290.97 7388.35 7482.73 7469.99 7442.6 7414.08 7409.12 7387.33 7364.63 7335 7261.6 7233.29 7202.87 7172.21 7189.17 7218.75 7209.45 7251.59 7308.03 7211.54 7154.88 7172.72 7197.16 7200.78 7256.35 7306.47 7334.29 7346.2 7318.05 7267.72 7173.37 7098.56 6971.35 6940.78 6952.07 6945.86 6929.3 6897.14 6857.46 6813.14 6861.27 7005.81 7041.94 6883.25 6657.9 6327.4 6055.46 5955.71 5910.09 5893.54 5868.14 5854.65 5855.5 5871.41 5886.95 5900.86 5906.57 5908.81
7215.23 7251.63 7269.59 7224.72 7207.23 7134.37 7132.02 7186.41 7229.08 7297.28 7330.56 7386.83 7420.29 7481.28 7498.23 7463.46 7438.35 7368.45 7344.05 7247.13 7212.58 7230.22 7261.09 7199.34 7198.98 7222.38 7255.13 7321.44 7254.1 7148.36 7169.75 7207.23 7248.32 7335.16 7374.28 7382.76 7369.86 7330.11 7225 7152.05 7065.97 6966.9 6949.75 6959.3 6968.09 6963.64 6943 6900.96 6851.48 6824.37 6849.44 6897.07 6834.31 6709.75 6462.32 6174.3 6066.65 5989.07 5898.87 5861.74 5859.12 5867.49 5872.88 5884.05 5894.03 5908.38 5921.1
7302.88 7342.1 7435.11 7300.43 7204.14 7128.89 7148.51 7236.09 7331.56 7321.73 7309.63 7344.96 7351.37 7370.39 7451.84 7416.52 7329.28 7331.71 7278.61 7224.57 7215.96 7232.1 7212.46 7172.97 7143.65 7174.64 7216.28 7254.42 7322.77 7183.67 7202.57 7241.69 7286.96 7369.72 7419.75 7437.28 7434.92 7416.15 7360.49 7216.86 7099.37 7013.22 6999.03 7013.1 7019.37 7026.39 7029.49 7002.78 6958.47 6889.19 6816.9 6824.07 6790.2 6691.75 6526.36 6343.19 6245.65 6057.59 5902.49 5861.83 5864.21 5875.65 5878.27 5885.79 5898.12 5916.62 5957.96
7283 7302.61 7260.9 7251.17 7191.55 7157.18 7268.38 7289.31 7313.39 7314.75 7317.27 7300.15 7324.4 7396.38 7358.39 7343.44 7330.34 7340.97 7347.95 7338.95 7342.01 7279.6 7229.14 7186.45 7150.15 7177.17 7234.77 7283.2 7343.6 7357.7 7313.44 7340.74 7321.55 7391.41 7457.41 7484.74 7508.6 7494.6 7402.31 7309.47 7189.92 7093.84 7058.13 7068.68 7096.31 7122.99 7148.18 7158.65 7136 7025.01 6879.79 6826.75 6780 6701.35 6593.85 6444.07 6188.47 5997.24 5901.42 5880.39 5877.97 5880.53 5884.02 5894.37 5906.05 5921.63 5961.41
7269.11 7236.41 7148.12 7133.04 7164.67 7189.86 7261.22 7310.78 7344.74 7313.46 7302.62 7293.25 7296.73 7329.51 7306.13 7292.71 7312.15 7361.3 7397.61 7376.75 7397.28 7340.39 7282.27 7230.16 7219.56 7223.36 7267.19 7314.64 7303.92 7333.24 7377.86 7343.8 7350.28 7400.19 7455.09 7498.55 7546.08 7559.26 7515.25 7448.36 7325.86 7232.17 7213.25 7205.32 7201.2 7225.97 7271.59 7316.67 7344.97 7322 7040.75 6900 6817.37 6735.93 6609.46 6436.55 6265.23 6094.97 5983.36 5942.55 5921.06 5899.59 5895.85 5911.34 5925.37 5938.35 5970.82
7277.87 7207.05 7107.89 7094.89 7144.74 7185.72 7260.71 7304.43 7360.53 7302.31 7273.93 7274.46 7285.54 7323.36 7261.59 7253.69 7283.3 7349.26 7386.4 7395.22 7419.58 7390.29 7351.49 7299.79 7240.89 7247.56 7273.14 7306.11 7324.47 7367.72 7434.07 7414.54 7419.84 7442.3 7482.35 7535.15 7588.28 7616.28 7590.09 7516.59 7400.44 7346.09 7356.05 7324.4 7298.73 7340.29 7389.36 7450.15 7511.46 7444.21 7203.42 7007.32 6886.91 6797.34 6719.77 6588.72 6369.48 6210.97 6107.53 6036.49 5982.71 5933.61 5918.75 5938.68 5950.81 5966.42 6000.3
7188.62 7142.85 7074.91 7070.77 7190.53 7257.22 7254.48 7258.51 7291.13 7243.73 7243.23 7247.36 7301.54 7313.5 7294.43 7237.48 7261.45 7323.33 7354.18 7409.4 7420.65 7391.56 7392.44 7399.18 7299.23 7285.63 7279.32 7305.8 7333.88 7397.56 7505.35 7579.44 7587.84 7515.3 7579.66 7596.66 7612.25 7611.89 7566.02 7450.77 7412.17 7405.62 7477.67 7441.21 7404.83 7446.26 7491.96 7528.86 7513.31 7320.31 7137.58 7033.06 6927.95 6832.54 6716.72 6565.42 6411.54 6285.49 6207.68 6140.01 6066.86 6003.45 5974.55 5981.36 5984.75 5992.18 6003.39
7139.27 7115.8 7045.83 7050.84 7237.44 7269.23 7254.31 7224.11 7224.08 7211.18 7170.23 7316.48 7336.31 7349.91 7319.21 7273.15 7278.83 7317.94 7353.57 7399.59 7413.43 7355.9 7416.12 7395.56 7372.95 7370.89 7383.14 7353.02 7326.07 7361.12 7415.81 7507.09 7455.53 7452.1 7544.07 7573.34 7597.12 7690.35 7586.31 7418.02 7405.82 7437.5 7465.56 7510.82 7515.37 7522.83 7544.68 7562.41 7548.19 7275.1 7086.03 7023.58 6942.93 6848.61 6759.17 6610.59 6460.37 6405.06 6357.27 6260.01 6168.77 6105.37 6058.97 6039.34 6027.49 6020.09 6040.54
