real_craters/C203-1000m.grd
DSAA
152 152
-75.65 75.65
-75.65 75.65
5349.8796587769 8867.4224183088
[rows 0 to 29 of 152, columns 0 to 66 of 152]
6300.45 6306.44 6316.5 6339.2 6355.47 6361.21 6320.12 6232.06 6172.83 6123.77 6086.01 6065.99 6064.64 6049.69 6035.29 6019.59 6015.79 5971.08 5960.99 5932.14 5912.37 5901.82 5929.89 5996.4 6079.86 6155.97 6231.06 6303.56 6356.12 6379.36 6412.06 6471.65 6518.46 6556.82 6618.7 6676.64 6579.92 6561.49 6540.38 6505.98 6465.48 6467.42 6473.34 6483.1 6523.25 6572.94 6637.9 6668.72 6698.39 6708.98 6670.45 6659.32 6673.48 6694.74 6717.97 6746.51 6762.11 6733.33 6783.14 6789.19 6787.66 6769.22 6739.98 6710.12 6678.09 6661.55 6683.95
6302.03 6312.76 6314.62 6331.45 6349.46 6353.6 6278.03 6171.3 6122.11 6101.92 6083.54 6056.91 6047.61 6051.35 6059.5 6027.58 6017.98 5984.82 5975.35 5969.11 5953.91 5933.48 5945.51 6007.2 6084.71 6166.48 6235.93 6285.97 6327.64 6385.51 6482.66 6530.98 6571.96 6637.29 6704.27 6701.62 6680.36 6675.52 6658.12 6612.49 6517.25 6485.12 6477.67 6481.98 6524.2 6582.15 6627.78 6664.13 6700.87 6735.69 6693.51 6667.37 6677.48 6683.83 6701.65 6730.84 6763.68 6758.82 6816.49 6830.72 6837.17 6828.91 6804.63 6767.7 6725.48 6678.44 6676.07
6326.75 6323.05 6314.91 6326.98 6341.77 6328.02 6301 6127.16 6073.08 6072.32 6066.49 6046.81 6032.86 6043.42 6050.88 6057.91 6047.86 6022.04 6001.22 5996.13 5994.69 5981.13 5975.21 6034.08 6116.45 6201.63 6267.64 6312.23 6329.45 6366.39 6446.34 6546.59 6622.34 6668.33 6764.45 6733.1 6658.05 6779.49 6704.09 6598.63 6526.01 6507.95 6508.46 6521.44 6547.12 6576.22 6614.32 6642.36 6686.54 6735.21 6717.62 6670.01 6673.43 6678.47 6705.64 6734.25 6761.04 6813.7 6842.75 6879.72 6892.39 6890.07 6868.51 6831.09 6767.36 6701.06 6676.98
6324.1 6324.01 6314.11 6325.18 6337.88 6325.95 6306.5 6163.68 6064.76 6060.15 6060.85 6065.3 6058.4 6051.77 6040.98 6056.01 6047.63 6032.51 6044.42 6025.23 6018.89 6013.8 6013.45 6068.04 6154.82 6252.99 6335.81 6379.87 6369.11 6366.63 6434.69 6536.81 6610.37 6743.21 6952.31 6971.91 6736.69 6746.17 6659.51 6577.81 6539.25 6542.38 6554.86 6582.79 6616.7 6625.06 6621.61 6647.53 6680.41 6736.86 6740.7 6682.59 6664.95 6685.34 6721.06 6751.24 6781.41 6813.11 6883.96 6923.17 6930.29 6923.63 6934.26 6888.74 6790.75 6730.63 6702.46
6326.11 6325.49 6315.13 6329.17 6342.2 6343.6 6345.14 6247.1 6122.85 6073.79 6066.44 6088.89 6090.89 6072.68 6054.78 6041.83 6045.9 6045.29 6057.26 6071.38 6060.51 6037.51 6022.55 6091.79 6194.47 6310.97 6417.29 6484.11 6428.06 6389.07 6474.06 6542.27 6591.88 6733.5 6800.27 6772.62 6651.06 6601.59 6557.81 6549.47 6568.82 6591.03 6608.76 6619.35 6640.29 6673.86 6670.72 6645.66 6720.18 6751.88 6758.49 6704.38 6699.76 6740.59 6762.52 6785.24 6811.58 6865.77 6947.68 7011.37 6988.78 6964.67 6951.22 6929.95 6843.85 6784.34 6749.82
6301.96 6321.04 6334.56 6344.67 6350.55 6354.18 6369.82 6357 6221.58 6092.74 6075.16 6109.62 6108.98 6093.37 6082.79 6067.29 6052.99 6054.38 6080.64 6084.8 6081.04 6052.67 6034.17 6113.64 6234.59 6362.6 6484.84 6553.45 6489.51 6435.41 6471.68 6541.41 6615.86 6777.09 6921.88 6806.25 6601.76 6524.37 6474.71 6488.75 6622.72 6659.65 6664.11 6660.02 6657.83 6675.36 6706.98 6709.52 6708.57 6728.03 6750.77 6741.6 6764.15 6796.82 6795.12 6814.17 6856.1 6902.83 6968.68 7013.44 7001.24 7000.06 6950.08 6918.81 6889.07 6851.19 6820.41
6296.21 6335.82 6345.59 6354.28 6363.37 6388.27 6385.43 6374.37 6313.79 6128.63 6096.83 6100.06 6100.32 6098.68 6100.82 6090.12 6070.39 6070.48 6098.55 6106.85 6069.4 6070.71 6065.15 6150.68 6276.33 6396.57 6515.58 6578.65 6541.96 6514.67 6500.95 6556.42 6632.88 6772.05 6839.03 6863.67 6748.76 6627.91 6545.71 6572.19 6710.82 6728.2 6718.11 6701.89 6679.36 6660.7 6723.4 6805.84 6745.83 6733.23 6797.26 6798.27 6816.34 6827.24 6813.88 6814.91 6867.18 6884.63 6919.64 6958.82 6942.76 6923.1 6916.68 6902.88 6887.91 6879.1 6895.72
6328.95 6358.68 6360.79 6360.57 6368.49 6381.8 6395.39 6398.13 6376.99 6295.11 6174.16 6095.6 6102.7 6104.18 6098.26 6087.95 6077.44 6076.87 6084.72 6087.55 6119.38 6126.41 6145 6224.29 6332.92 6432.56 6509.71 6553.92 6556.34 6571.69 6528.78 6558.22 6624.78 6728.34 6797.46 6850.79 6908.54 6877.9 6798.85 6746.52 6825.12 6794.87 6772.82 6749.77 6733.67 6724.94 6764.36 6785.4 6823.66 6843.54 6866.18 6885.77 6878.04 6860.81 6823.67 6818.61 6862.71 6863.51 6857.87 6884.57 6875.34 6861.68 6878.8 6887.39 6886.38 6899.01 6931.07
6349.79 6377.6 6370.2 6366.03 6366.31 6377.5 6401.71 6417.61 6427.06 6371.65 6286.94 6201.94 6173.82 6139.35 6089.62 6080.95 6082.57 6077.51 6094.5 6125.43 6135.87 6196.71 6252.86 6328.71 6415.83 6478.54 6521.16 6535.45 6523.98 6504.51 6516.77 6557.47 6600.31 6668.6 6753.84 6819.88 6929.03 6971.58 6928.78 6850.59 6846.93 6831.39 6820.12 6811.54 6811.8 6826.79 6859.22 6889.14 6879.48 6885.94 6907.46 6937.3 6915.33 6893.09 6833.51 6822.29 6849.53 6844.93 6829.21 6816.58 6820.65 6821.13 6842.66 6864.24 6863.57 6866.52 6918.69
6345.65 6366.75 6363.75 6360.75 6365.91 6381.03 6413.98 6421.4 6429.33 6426.45 6424.73 6383.81 6306.29 6231.83 6158.01 6128.31 6139.81 6129.88 6199.23 6244.93 6262.71 6328.1 6430.19 6501.78 6506.36 6520.72 6534.71 6518.52 6494.65 6487.57 6495.54 6522.88 6537.49 6575.77 6656.54 6751.46 6836.69 6866 6825.66 6806.6 6811.43 6852.44 6856.51 6864.42 6889.68 6903.54 6937.78 6970.65 6971.68 6916.66 6903.64 6899.25 6907.9 6894.94 6842.51 6818.18 6811.51 6812.33 6811.38 6796.03 6794.18 6802.11 6811.83 6833.31 6849.36 6852.78 6885.98
6321.58 6334.04 6347.26 6351.16 6356.65 6378.17 6411.14 6427.93 6435.49 6456.89 6531 6543.77 6444.61 6360.1 6281.54 6267.34 6282.18 6311.34 6379.2 6399.59 6440.2 6485.62 6556.46 6601.51 6559.01 6537.95 6527.01 6494.67 6465.71 6448.46 6440.56 6433.76 6460.05 6497.91 6586.86 6670.4 6741.53 6791.69 6769.77 6824.9 6905.93 6894.39 6890.7 6889.16 6906.84 6927.14 6964.34 6992.5 6994.68 6905.46 6930.49 6952.92 6913.03 6884.96 6857.28 6807.95 6786.65 6784.12 6793.91 6784.02 6771.85 6777.08 6785.66 6801.08 6829.22 6864.83 6893.52
6325.36 6328.51 6342.71 6346.7 6346.44 6361.97 6400.35 6415.34 6407.92 6455.98 6534.02 6559.74 6521.9 6489.14 6468.18 6438.61 6455.97 6504.8 6529.76 6515.11 6546.21 6577.72 6593.96 6586.04 6558.19 6521.53 6492.62 6461.46 6436.67 6410.46 6384.42 6362.94 6400.34 6438.01 6531.05 6599.02 6664.23 6745.89 6879.94 6877.13 6912.17 6930.96 6926 6927.93 6962.92 6981.57 6982.2 6979.36 6956.23 6861.75 6891.66 6930.64 6899.42 6862.77 6827.32 6793.36 6769.95 6765.53 6763 6757.16 6754.18 6760.12 6770.36 6778.48 6815.79 6903.36 6910.55
6369.98 6367.2 6354.54 6353.58 6349.7 6354.23 6392 6408.05 6423.46 6457.44 6504.22 6537.92 6548.28 6557.81 6574.12 6593.17 6591.77 6631.31 6669.83 6613.75 6621.52 6630.62 6615.27 6583.45 6561.7 6510.05 6450.43 6437.01 6413.23 6392.86 6358.56 6355.14 6371.1 6396.01 6435.11 6498.49 6560.45 6646.82 6760.74 6877.03 6930.33 6934.47 6940.59 6959.68 7001.35 7038.52 7032.74 6984.08 6888.84 6822.3 6855.3 6919.39 6884.23 6840.21 6798.79 6765.7 6754.87 6756.61 6756.77 6741.22 6740.76 6740.64 6756.23 6771.42 6800.94 6840.85 6854.98
6364.13 6359.21 6354.81 6366.21 6388.64 6374.66 6378.6 6403.94 6411.95 6452.06 6489.84 6518.78 6540.55 6562.47 6585.8 6603.3 6622.48 6648.54 6663.01 6659.95 6655.4 6643.69 6634.29 6620.56 6586.1 6546.31 6490.46 6452.69 6412.29 6408.78 6339.82 6319.44 6339.44 6361.09 6376.17 6396.88 6484.76 6598.55 6770.29 6866.3 6892.88 6916.34 6934.95 6962.35 6994.37 7069.53 7111.62 7019.77 6911.04 6869.06 6832 6897.36 6874.92 6824.69 6766.38 6740.63 6745.17 6754.09 6746.35 6734.13 6718.29 6718.63 6728.47 6747.12 6765.82 6793.69 6804.55
6359.53 6356.61 6354.94 6364.24 6379.62 6396.53 6420.97 6426.03 6444.18 6455.59 6478.53 6503.24 6524.05 6549.27 6577.86 6602.76 6622.84 6638.16 6643.04 6645.13 6658.56 6668.41 6647.64 6616.88 6609.33 6605.59 6566.41 6492.2 6436.85 6410.75 6313.25 6283.4 6300.72 6319.53 6352.35 6378.73 6460 6571.11 6737.24 6832.09 6869.31 6893.87 6909.01 6941.66 6987.53 7048.66 7072.15 7015.06 6953.86 6925.28 6885.73 6881.92 6864.52 6824.22 6770.96 6734.84 6745.72 6777.92 6778.35 6758.48 6750.25 6719.99 6702.67 6737.18 6766.72 6769.81 6769.06
6354.67 6361.61 6354.68 6355.38 6363.24 6384.73 6404.33 6424.15 6446.03 6455.13 6475.73 6486.79 6502.23 6523.07 6557.39 6590.49 6613.98 6624.4 6623.36 6633.63 6650.14 6663.22 6652.84 6628.49 6611.1 6614.74 6577.41 6511.8 6485.7 6418.2 6286.77 6258.49 6274.29 6310.16 6375.98 6415.75 6508.77 6633.13 6720.1 6805.05 6854.29 6872.99 6879.02 6906.62 6967.01 6982.61 6949.47 6969.79 6963.73 6950.48 6910.38 6878.43 6870.96 6838.98 6806.26 6766.66 6773.04 6797.47 6790.19 6775.16 6743.91 6770.59 6794.84 6786.65 6775.36 6786.6 6763.83
6323.11 6351.67 6357.59 6348.07 6356.43 6380.81 6399.03 6413 6424.82 6436.22 6452.13 6464.25 6479.77 6495.48 6534.98 6577.16 6607.81 6616.24 6617.7 6605.61 6621.28 6659.77 6652.39 6620.25 6599.13 6569.66 6539.77 6496.1 6457.88 6401.44 6291.51 6268.59 6287.1 6410.54 6486.91 6532.26 6594.24 6694.1 6769.61 6844.41 6876.94 6881.98 6853.19 6884.03 7022.22 6975.99 6958.81 6958.42 6968.26 6996.92 6963.12 6920.05 6896.89 6869.5 6840.42 6836.76 6832.76 6807.19 6789.98 6765.09 6746.93 6774.9 6824.13 6884.21 6867.18 6868.89 6878.96
6322.45 6345.98 6357.09 6348.75 6349.72 6375.18 6397.25 6406.75 6409.46 6413.78 6428.38 6443.6 6463.24 6489.52 6520.25 6555.04 6583.13 6605.17 6610.85 6601.01 6593.2 6619.27 6627.26 6626.59 6609.87 6573.43 6526.98 6482.24 6434.43 6389.34 6334.36 6308.53 6334.86 6479.03 6542.44 6632.53 6653.35 6728.96 6838.45 6917.45 6921.07 6878.16 6868.55 6907.19 7030.28 7044.6 6969.51 6971.69 6960.47 6958.73 6978.35 6969.59 6933.21 6934.85 6947.77 6951.01 6895.67 6862.96 6830.23 6785.74 6757.03 6806.86 6961.47 7039.02 7016.97 6944.24 6862.41
6355.25 6357.91 6358.45 6359.89 6372.44 6382.67 6383.15 6392.69 6398.46 6395.41 6406.64 6427.81 6445.93 6469.63 6502.09 6532.37 6558.15 6594.69 6601.29 6590.85 6585.52 6594.43 6605.17 6611.95 6598.5 6565.72 6525.77 6475.35 6422.77 6391.13 6356.54 6343.52 6380.78 6518.32 6585.77 6660.55 6679.94 6741.06 6901.79 7024.13 7018.72 6992.82 6979.22 7002.92 7067.16 7063.47 7035.7 7015.39 6994.43 6983.69 6994.8 7009.95 6959.98 7008.7 7035.18 6998.95 6921.56 6889.49 6878.43 6829.51 6819.92 6925.6 7051.38 7068.21 6998.5 6945.6 6915.44
6341.98 6348.16 6336.64 6342.61 6399.24 6394.86 6383.02 6385.64 6395.68 6408 6416.86 6429.25 6436.51 6453.76 6493.71 6524.62 6554.44 6600.93 6602.63 6594.25 6584.85 6587.89 6590.93 6595.98 6597.72 6584.38 6541.03 6482.33 6443.45 6432.04 6424 6378.82 6384.04 6515.05 6552.28 6611.96 6671.29 6754.55 6937.93 7061.63 7128.54 7205.54 7160.72 7127.83 7118.96 7106.09 7099.18 7086.45 7070.34 7055.21 7061.34 7020.49 7035.22 7065.58 7059.97 7019.91 6969.25 7000.09 6966.65 6908.63 6967.25 7019.1 7025.32 7009.14 6979.22 6966.02 6989.53
6356.71 6359.13 6351.81 6358.38 6398.15 6393.66 6380.49 6373.95 6400.2 6430.98 6442.33 6449.14 6455.67 6471.76 6503.44 6534.89 6568.93 6588.35 6616.59 6599.97 6589.34 6587.95 6584.98 6593.04 6599.66 6617.53 6566.84 6520.09 6489.23 6489.17 6496.23 6414.99 6396.15 6497.71 6553.55 6588.35 6676.43 6772.38 6934.49 7069.65 7161.16 7206.7 7250.38 7210.63 7189.49 7182.36 7192.02 7175.76 7156.07 7151.75 7090.53 6995.81 7026.56 7041.01 7030.37 7034.28 7008.3 6978.75 6957.32 6946.52 6989.79 7054.96 7019.27 6987.91 6953.75 6968.11 7050.06
6361.63 6367.97 6355.47 6363.4 6382.21 6385.9 6378.47 6376.94 6411.09 6446.73 6467.1 6473.85 6483.4 6501.57 6524.07 6550.51 6570.77 6572.6 6594.62 6588.67 6608.51 6599.09 6593.19 6598.35 6606.14 6617.65 6576.48 6537.81 6518.85 6504.23 6490.14 6432.24 6407.21 6466.75 6529.72 6583.29 6657.96 6774.95 6943.36 7022.62 7192.53 7402.66 7458.7 7492.23 7343.71 7257.2 7290.87 7262.2 7217.49 7152.38 7059.95 6998.27 7045.71 7063.74 7030.97 7038.08 7021.55 6986.66 6980.68 6990.69 7014.39 7032.16 6994.13 6938.15 6936.46 6970.83 7093.17
6378.23 6373.01 6361.09 6360.01 6371.54 6377.75 6383.27 6396.82 6427.35 6455.95 6479.03 6495.8 6512.41 6529.15 6548.44 6568.28 6593.71 6610.74 6612.18 6601.15 6610.94 6609.29 6598.6 6610.23 6621.86 6606.59 6575.77 6534.8 6525.35 6519.78 6497.77 6453.94 6434.24 6448.46 6504.06 6576.61 6668.87 6770.94 6918.11 7069.91 7216.07 7352.37 7457.28 7429.67 7370.48 7344.55 7372.15 7329.71 7260.24 7175.63 7028.45 7032.27 7011.92 6972.64 6974.23 7022.56 7048.42 7018.49 7003.65 7003.04 7001.63 6998.73 7001.14 6988.19 6978.21 6970.17 7062.54
6373.46 6374.58 6376.87 6377.99 6379.33 6382.6 6385.68 6405.59 6461.85 6480.93 6484.03 6511.15 6533.34 6547.73 6562.47 6578.41 6593.98 6609.47 6611.73 6596.95 6611.33 6618.91 6619.61 6622.94 6631.36 6617.57 6592.21 6560.28 6543.86 6533.15 6517.72 6492.55 6473.75 6460.41 6507.13 6579.06 6675.79 6794.13 6943.65 7056.01 7194.63 7307.55 7370.87 7346.2 7345.63 7367.97 7442.2 7368.66 7282.93 7195.02 7089.66 7016.21 7011.69 6941.76 6967.53 7011.39 7077 7071.8 7016.48 6991.68 6983.12 6991.69 7043.36 7100.83 7075.09 7059.95 7163.79
6382.65 6375.79 6383.63 6395.69 6397.73 6397.46 6403.37 6458.57 6504.06 6511.68 6511.32 6525.65 6535.48 6558.45 6572.99 6585.77 6590.66 6602.57 6608.25 6599.3 6614.21 6629.01 6631.31 6638.12 6660.54 6658.41 6626.22 6584.01 6566.73 6560.36 6551.46 6536.41 6507.08 6496.27 6534.89 6606.78 6688.84 6794.16 6887.6 7044.69 7197.57 7316.74 7367.93 7355.58 7395.18 7416.56 7443.67 7365.74 7286.32 7189.77 7109.48 7067.26 7031.31 7065.38 7036.34 7046.85 7064.1 7066.62 7000.05 6971.02 6974.48 7003.29 7067.81 7124.9 7147.07 7205.98 7249.31
6386.83 6390.4 6383.75 6400.05 6409.45 6414.81 6425.55 6451.67 6484.4 6518.69 6528.14 6538.85 6551.56 6568.27 6583.83 6595.94 6604.31 6593.93 6600.35 6615.56 6629.12 6649.5 6661.82 6659.27 6657.19 6710.98 6669.59 6625.3 6608.68 6603.61 6578.41 6557.46 6514.56 6522.41 6563.16 6629.59 6717.96 6795.6 6874 7014.98 7161.13 7288.79 7395.11 7461.26 7482.06 7458.77 7358.23 7326.47 7288.04 7216.33 7099.29 7067.28 7049.55 7025.85 7029.24 7026.66 7039.39 7028.73 6981.37 6950.58 6958.19 7028.79 7100.78 7130.11 7168.27 7200.07 7215.7
6390.72 6401.23 6395.38 6402.18 6415.31 6426.72 6437.33 6436.3 6442.54 6479.4 6522.08 6548.98 6568.99 6581.65 6596 6610.39 6618.64 6597.07 6593.59 6602.15 6620.23 6647.11 6671.31 6682.76 6698.52 6749.24 6705.66 6667.72 6657.49 6647.09 6582.29 6532.9 6530.08 6544.7 6586.43 6632.44 6680.58 6772.36 6870.75 7017.12 7175.8 7236.03 7317.02 7367.03 7376.81 7348.74 7292.61 7279.47 7288.77 7261.92 7159.65 7125.89 7087.82 7050.7 7037.28 7024 7002.27 7013.99 6971.86 6964.19 7016.12 7078.63 7127.12 7172.05 7194.91 7194.88 7237.44
6399.67 6404.31 6402.41 6408.49 6423.03 6437.04 6443.34 6435.07 6437.42 6471.27 6504.58 6545.22 6575.22 6592.75 6607.73 6620.36 6618.51 6599.2 6576.32 6572.29 6590.18 6615.3 6641.07 6677.39 6731.89 6755.69 6738.86 6735.84 6679.54 6625.75 6582.26 6540.66 6562.33 6591.04 6619.47 6656.96 6697.12 6773.85 6871.33 6996.1 7126.86 7223.94 7223.98 7214.53 7182.89 7189.11 7180.81 7216.01 7257.47 7252.38 7197.56 7139.76 7104.96 7096.83 7075.55 7012.54 6959.83 6964.29 6987.59 7035.46 7081.76 7124.87 7148.82 7147.98 7163.27 7199.86 7258.45
6411.5 6418.47 6416.68 6422.56 6437.92 6451.54 6452.72 6438.63 6432.67 6471.9 6499.06 6537.18 6570.41 6593.29 6612.88 6624.18 6615.76 6580.11 6561.73 6551.59 6556.35 6589.07 6614.69 6665.58 6747.1 6754.8 6758.28 6726.29 6676.58 6634.19 6596.71 6565.57 6555.61 6603.42 6638.76 6693.77 6754.12 6827.94 6902.74 6992.1 7065.46 7199.3 7136.29 7111.83 7079.1 7100.3 7119.12 7163.74 7222.44 7228.36 7183.13 7134.04 7092.53 7098.13 7089.24 7031.23 6964.47 7008.08 7057.97 7112.2 7087.64 7086.69 7110.91 7100.39 7108.08 7166.54 7211.1
6431.84 6452.95 6457.85 6456.64 6462.71 6470.91 6472.02 6450.68 6430.32 6463.02 6496.2 6531.7 6562.62 6589.56 6612.8 6630.38 6627.23 6588.67 6567.71 6551.6 6553.04 6586.52 6621.41 6665.91 6733.39 6758.8 6743.09 6721.34 6676.58 6645.37 6608.7 6580.68 6566.09 6579.99 6643.27 6712 6789.41 6852.57 6933.11 7028.49 7114.06 7223.62 7222.7 7157.04 7076.01 7109.05 7132.26 7183.72 7252.61 7244.52 7202.66 7174.76 7153.94 7166.27 7142.21 7119.88 7127.06 7122.31 7129.12 7076.78 7054.75 7040.89 7059.3 7067.94 7062.46 7077.7 7103.81
