real_craters/C203-500m.grd
DSAA
531 531
-132.3875 132.3875
-132.3875 132.3875
7249.5108945715 10465.405454921
[rows 180 to 209 of 531, columns 201 to 267 of 531]
9831.1 9851.79 9870.44 9868.56 9860.05 9855.83 9853.4 9853.9 9852.76 9850.64 9839.46 9800.58 9772.09 9791.84 9798.76 9800.97 9814.36 9824.95 9817.82 9816.98 9813.28 9804.4 9789.5 9806.69 9797.13 9788.77 9784.49 9783.28 9787.44 9809.41 9834.91 9858.58 9881.33 9902.74 9923.11 9949.59 9978.59 10001.8 9985.26 9978.4 9970 9967.89 9964.34 9959.43 9948.42 9923.78 9929.65 9999.11 9971.38 9876.94 9823.92 9852.11 9857.62 9830.1 9806.5 9826.79 9832.21 9818.06 9802.16 9776.55 9774.72 9782.6 9793.23 9813.62 9836.44 9830.21 9832.4
9801.02 9842.48 9873.37 9874.19 9870.2 9866.27 9857.7 9856.54 9854.69 9848.34 9834.66 9815.27 9807.46 9815.49 9817.19 9809.58 9807.53 9821.45 9824.58 9827.54 9831.37 9835.81 9828.91 9792.52 9803.81 9802.94 9799.99 9797.35 9796.99 9823.89 9852.04 9880.84 9910.31 9940.81 9967.72 9986.96 10009.6 10033.3 10037.4 10004 9987.35 9981.84 9975.52 9970.71 9964.05 9934.3 9918.19 9956.26 9953.42 9890.18 9833.85 9807.49 9824.49 9833.74 9815.85 9804.36 9829.37 9857.92 9862.45 9829.83 9828.55 9793.38 9777.67 9767.94 9776.64 9806.25 9819.49
9765.8 9822.63 9869.3 9866.05 9863.32 9865.01 9866.96 9862.67 9855.41 9850.94 9842.49 9836.52 9837.98 9835.44 9830.25 9816.74 9795.92 9806.73 9828.87 9838.02 9842.44 9848.31 9848.7 9836.68 9823.53 9820.54 9820.33 9823.04 9834.46 9850.26 9876.08 9905.99 9938.34 9972.65 9997.55 10014.3 10030.9 10043.9 10048.4 10030 10012.1 10004.3 9993.11 9983.13 9977.3 9955.11 9919.7 9906.77 9890.25 9885.63 9861.13 9845.1 9831.03 9829.08 9806.59 9796.7 9830.53 9861.37 9850.1 9816.06 9771.04 9747.79 9761.7 9778.29 9784.05 9793.29 9806.13
9779.42 9799.37 9824.53 9832.83 9847.92 9858.95 9865.19 9854.72 9857.01 9857.86 9856.16 9855.69 9853.3 9850.62 9839.59 9834.02 9835.93 9834.83 9845.14 9848.87 9847.84 9836.41 9838.26 9844.25 9841.31 9839.29 9841.49 9847.37 9859.7 9877.53 9901.21 9929.78 9960.22 9994.41 10017.2 10030.2 10045.4 10060.2 10077.3 10063.1 10047.5 10029.6 10009.7 9988.29 9973.2 9959.44 9945.83 9934.74 9901.2 9881.16 9873 9863.91 9830.5 9805.04 9805.15 9817 9829.06 9822.89 9775.66 9740.25 9729.3 9740.39 9752.83 9766.79 9776.89 9784.9 9795.32
9787.02 9783.88 9767.47 9807.81 9834.07 9844.14 9844.88 9850.8 9857.25 9863.19 9870.35 9874.22 9883.64 9872.43 9860.27 9847.77 9851.24 9875.65 9866.96 9860.46 9858.44 9861.89 9861.55 9860.85 9854.26 9853.3 9858.09 9869.09 9883.95 9901.04 9922.81 9948.51 9975.31 9997.56 10021.1 10038.3 10052.6 10069 10093.6 10092.8 10078.5 10053.6 10018.6 9984.93 9962.03 9976.79 9966.79 9966.62 9959.96 9913.79 9867.69 9845.83 9818.91 9790.01 9795.12 9817.58 9822.02 9839.18 9758.23 9736.91 9746.69 9754.49 9750.46 9750.65 9765.06 9777.95 9790.73
9795.2 9801.52 9820.44 9832.39 9840.85 9849.43 9851.2 9859.1 9865.77 9874.4 9883.61 9892.7 9893.01 9889.25 9885.75 9850.58 9822.55 9869.02 9869.58 9862.01 9862.17 9868.47 9870.41 9867.21 9859.46 9859.25 9867.14 9886.03 9902.23 9917.93 9942.57 9968.8 9994.75 10013.2 10029.5 10043.6 10058 10074.6 10100.3 10118.1 10117.2 10077.1 10027.2 9978.92 9937.72 9947.64 9961.67 9969.31 9963.62 9885.01 9856.43 9823.96 9818 9812.84 9788.61 9772.72 9793.79 9805.48 9763.98 9757.33 9748.84 9749.67 9750.84 9752.66 9765.71 9780.61 9790.98
9806.74 9818.29 9843.81 9854.31 9851.05 9852.44 9855.17 9862.06 9871.4 9880.72 9891.09 9900.28 9881.76 9889.46 9900.21 9866.93 9828.45 9843.74 9847.44 9850.77 9854.78 9858.2 9862.69 9860.74 9857.19 9859.74 9866.81 9878.83 9901.6 9927.08 9955.34 9985.95 10017.5 10043.9 10045 10045.1 10056.3 10091 10115.5 10131.8 10130.8 10094.7 10041.2 9976.58 9920.16 9925.7 9951.12 9957.19 9931.16 9895.65 9884.61 9857.69 9822.08 9795.23 9793.09 9788.73 9783.23 9758.76 9752.35 9756.28 9755.75 9763.45 9762.86 9760.32 9773.86 9788.22 9799.12
9800.69 9819.49 9842.03 9852.5 9854.17 9852.27 9858.07 9864.94 9871.26 9878.05 9885.26 9893.49 9876.07 9885.5 9914.23 9890.09 9850.81 9818.57 9823.67 9838.35 9845.5 9848.71 9826.49 9843.05 9853.57 9862.2 9870.21 9874.3 9902.43 9934.83 9967.03 9999.14 10034.6 10061.7 10049.2 10035.4 10029.9 10047.4 10110.4 10141.4 10141.8 10114.2 10055.2 9986.52 9924.16 9913.07 9951.76 9985.46 9979.91 9932.17 9926.08 9887.54 9831.15 9800.17 9807.56 9821.33 9803.99 9781.58 9776.89 9781.87 9789.63 9800.48 9797.33 9788.22 9796.89 9808.69 9817.83
9797.71 9817.75 9833.16 9841.77 9847.34 9855.26 9858.53 9865.86 9872.38 9877.94 9878.92 9877.01 9865.74 9880.84 9914.69 9898.89 9864.09 9845.3 9841.94 9839.61 9833.81 9830.73 9833.09 9844.66 9857.79 9870.62 9883.2 9899.45 9920.74 9948.63 9977.95 10006.3 10034 10056.2 10039.7 10022.7 10011.9 10055.9 10115.6 10155.4 10179.9 10145.7 10078.2 10006.5 9946.31 9926.6 9957.3 9989.51 9988.48 9949.22 9887.7 9868.29 9845.65 9829.49 9832.06 9832.99 9824.46 9817.79 9814.68 9822.48 9835.13 9872.07 9867.79 9835.37 9834.49 9840.81 9847.08
9817.2 9820.87 9827.25 9832.31 9836.57 9846.77 9854.65 9863.36 9870.24 9875.81 9886.77 9890.73 9882.98 9891.12 9917.77 9892.51 9866.77 9871.71 9868.6 9851.22 9836.23 9827.72 9837.94 9855.28 9874.08 9889.47 9902.01 9918.82 9942.36 9968.76 9993.78 10011.1 10019.7 10022 10022.1 10011.5 10009.3 10073.1 10116.7 10152.5 10186.6 10153.8 10091.5 10032.6 9974.65 9953.88 9958.55 9960.05 9920.08 9918.57 9891.2 9883.93 9877.62 9870.05 9870.26 9863.63 9860.25 9869.98 9889.45 9901.64 9900.3 9947.97 9930.09 9892.71 9875.95 9879.6 9876.97
9833.56 9825.36 9818 9806.46 9827.47 9843.17 9857.12 9868.84 9877.37 9879.2 9876.85 9897.76 9912.81 9932.99 9939.44 9918.06 9893.07 9887.92 9884.79 9866.94 9850.61 9844.14 9855.12 9879.83 9903.76 9920.53 9931.09 9943.45 9970.93 9994.65 10012.3 10020.5 10018.3 10018 10014 10007.4 10010.4 10059 10095.2 10120.9 10125.8 10110.4 10086.2 10054.8 10030.5 9991.29 9962.05 9933.87 9922.49 9930.27 9927.46 9939.11 9939.72 9934.27 9928.07 9926.73 9934.8 9948.84 9976.22 9986.17 9948.73 9952.85 9926.06 9906.03 9916.07 9925.36 9932.82
9841.76 9832.07 9823.17 9821.01 9828.64 9846.03 9864.86 9881.16 9894.5 9902.02 9900.7 9940.36 9986.03 10002.6 9986.41 9954.62 9916.55 9896.53 9888.65 9888.46 9888.11 9887.08 9896.1 9920.85 9948.48 9969.49 9979.04 9988.91 10014.1 10030.9 10041.2 10043.2 10033.8 10027.7 10022.1 10010.7 10003.7 10024 10068.9 10089 10097.8 10095.9 10072.6 10057.8 10050 10014.3 9976.88 9944.98 9946.06 9981.37 10021.1 10015.9 10003.9 9995.51 9986.33 9984.32 10000.8 10017.8 10028.2 10041.1 10013.2 10017.8 9994.16 9969.2 9974.45 9979.6 9962.14
9852.31 9840.97 9833.97 9826.74 9838.13 9856.42 9877.07 9896.36 9918.36 9944.7 9978.86 10008.3 10056.7 10059.8 10017 9958.94 9922.08 9899.93 9888.9 9908.6 9944 9937.58 9942.06 9969.26 10005.8 10038.5 10056.9 10064.2 10074.6 10075.7 10075.4 10075.5 10076.5 10062 10042.4 10024.7 10012.8 10038.7 10057.8 10067.8 10059.2 10041.7 10054.5 10050.4 10036.4 10016.1 9996.3 9982.78 9991.28 10038.9 10073.4 10075.6 10091.5 10057.5 10029 10021.6 10015.1 10017.2 10028.6 10054.3 10070.5 10093.7 10087.5 10060.9 10042.3 10032.4 10016.6
9857.83 9854.8 9851.84 9849.18 9855.88 9869.58 9889.11 9911.68 9938.3 9973.03 10013.5 10032.2 10044.3 10050.2 10020.8 9970.68 9933.22 9907.27 9889.67 9922.54 9953.98 9954.52 9970.25 10014.1 10065.1 10116.7 10159.1 10162.5 10141.1 10120.9 10103.9 10098.8 10100.6 10083.8 10064.1 10050.1 10043.7 10057.7 10065.9 10067 10062.2 10061.8 10051.9 10036.9 10003.6 10005.4 10006.5 10012.7 10016.7 10044.5 10064.7 10074.4 10084.8 10064.5 10037.9 10029.5 10063.4 9999.18 9991.85 9986.72 10087.8 10149.6 10178.5 10146.8 10113.7 10082.9 10060.3
9876.94 9875.36 9869.66 9864.89 9873.45 9884.61 9899.49 9922.11 9945.86 9975.4 10009.9 10032.2 10047.1 10048.7 10019.4 9981.5 9943.99 9926.85 9931.18 9951.99 9973.54 9984.72 10005.2 10053.4 10114.5 10182.1 10242.9 10233.9 10192.4 10154 10123.1 10101.3 10106 10086.8 10080.8 10081.1 10073.7 10083.2 10086.7 10084.2 10079.3 10081.5 10065.3 10042.3 10007.2 10001.5 9994.37 9987.31 9975.81 9988.36 10023 10035.2 10055.6 10035.1 10018 9988.9 9943.49 9968.75 9974.91 9989.14 10100.9 10196 10225.8 10213.9 10167 10132.5 10098.1
9875.31 9880.12 9881.7 9885.11 9894.15 9899.31 9912.49 9927.67 9945.65 9964.78 9988.94 10022.2 10048.9 10043.3 9999.62 9961.51 9940.85 9940.79 9956.2 9969.21 9988.39 9982.19 10022.6 10077 10142.7 10214.9 10279.5 10263.5 10215.7 10169.8 10127.7 10085.9 10054.7 10074.9 10088.9 10106.3 10134 10126.9 10117.7 10109.7 10095.2 10069.3 10090 10104.4 10058.2 10013.7 9982.75 9966.77 9967.09 9975.62 9997.23 10003 9987.51 10010.7 10003.3 9982.19 9976.1 9990.97 9985.7 9997.12 10078.8 10166.8 10250.7 10248.8 10204.1 10157.9 10112.8
9874.09 9878.5 9884.81 9895.32 9903.39 9910.84 9918.87 9930.62 9942.76 9959.02 9979.43 10003.8 10028.5 10025.3 9968.11 9920.93 9937.88 9952.81 9953.38 9965.9 9982.37 9997.88 10034.1 10086.5 10145.7 10210.8 10265.7 10250 10212.2 10170.7 10130.2 10091 10069.1 10087.7 10105.3 10115.7 10141.4 10153.9 10148 10140.8 10131.3 10130.9 10122.6 10108.4 10070 10024.9 9991.19 9980.33 9986.64 9995.23 10017.9 10036.9 10036.5 10026.2 10013.2 10003.4 10016.8 10014.7 10006 10021.8 10058.6 10098.1 10221.4 10226.8 10188.4 10146.7 10102.4
9876.21 9869.08 9880.32 9892.78 9903.32 9913 9923.18 9931.76 9937.55 9937.27 9955.61 9977.27 9987.26 9985.93 9955.43 9941.22 9967.75 9984.24 9997.69 10020.2 10023.9 10022.4 10050.3 10089.8 10131.9 10175.5 10212.9 10207.6 10187.5 10161.8 10138.7 10120 10112.8 10123.6 10139.2 10146.4 10165.5 10182.3 10180.5 10170.8 10162.4 10153.9 10141.5 10116 10079.1 10032.3 10000.1 10000 10025.2 10038.7 10076 10079.5 10072.8 10055.3 10035.1 10011.7 9992.5 9993.75 10015.6 10037.3 10063.7 10082.8 10112.5 10156.6 10138.5 10101.7 10068
9873.98 9867.36 9875.13 9886.76 9897.99 9912.29 9925.57 9935.76 9940.7 9944.2 9951.62 9960.32 9953.77 9944.25 9948.94 9977.04 10018.7 10014.8 10029.2 10060.8 10055.9 10043.9 10062.9 10086.5 10108.9 10122.1 10135.6 10155.7 10156.1 10148.5 10141.2 10143.4 10151.8 10162.9 10184.9 10210.7 10232.8 10224.8 10214.8 10202.4 10189.3 10176 10170.8 10153.4 10092.7 10035.3 10006.2 10033.1 10100.5 10173.9 10176.4 10135.6 10104.5 10084.2 10054.7 10023.4 9995.3 9994.99 10026.6 10059.7 10094.4 10117.7 10125.1 10114.4 10070.8 10031.4 10008.1
9862.74 9857.72 9869.8 9883.29 9894.63 9913.62 9929.48 9943.47 9951.94 9950.38 9959.69 9961.62 9953.24 9945.48 9929.44 9975.47 10024.5 10017.6 10005.9 10010.8 10053.3 10062.8 10070.6 10082.8 10094.6 10099.3 10104.8 10123.9 10132 10132.5 10133.3 10142.1 10161.3 10188.3 10227 10264 10267.8 10259.6 10247.5 10233.5 10221.1 10205.5 10201 10168.7 10099.3 10032.3 10007.7 10080.6 10172.7 10258.2 10263.5 10241.5 10171.1 10105.2 10065.1 10040.9 10026.5 10025.6 10013.9 10042.7 10083.8 10058.5 10055.2 10024.1 9972.09 9948 9929.73
9838.87 9849.9 9864.16 9882.25 9898.85 9916.89 9935.26 9954.66 9975.27 9988.09 9982.54 9975.81 9969.53 9966.76 9943.95 9963.63 10001.2 10003.8 10004 10008.5 10044.1 10063 10068.7 10076.8 10087.2 10101.3 10113.1 10114.5 10118.4 10119.1 10123.5 10122.3 10155.9 10201.6 10249.7 10294.3 10294.3 10278.5 10265.1 10256.3 10251.5 10247.5 10256.9 10204.7 10108.4 10023.2 9998.32 10107.2 10188.6 10249.6 10252.3 10248.1 10157 10070.6 10027.4 10029.6 9996.94 9962.92 9930.15 9931.09 9932.93 9899.07 9880.82 9862.17 9840.72 9829.06 9835.36
9813.89 9830.83 9859.21 9881.27 9900.51 9917.36 9932.55 9954.51 9987.32 10017.6 10000.7 9989.91 9984.45 9974.4 9945.4 9956.74 9970.56 9990.34 10006.3 10022.7 10044.3 10054.6 10059.3 10068 10079.9 10089.4 10103.2 10110.3 10114.4 10115.9 10122.6 10135.5 10162.8 10203.7 10251.3 10293.7 10294.8 10276.8 10263.4 10257.6 10264.3 10288.5 10321.5 10228.2 10107.4 10019.1 9993.74 10077.9 10136.4 10144.8 10100.8 10068 10022.1 9963.9 9918.81 9883.04 9852.18 9799.99 9793.28 9773.35 9739.42 9726.41 9682.53 9658.54 9690.63 9717.04 9735.37
9801.03 9840.63 9858.61 9870.84 9889.91 9903.72 9914.19 9932 9958.63 9987.78 9988.74 9991.76 9995.65 9987.12 9978.06 9974.47 9976.14 9982.01 9999.31 10021.2 10016.7 10025.2 10037.6 10054.5 10073.6 10089.6 10105.6 10113.7 10117.8 10118.4 10119.9 10135.7 10165.1 10201.8 10235.3 10251.2 10267.1 10255.6 10238.9 10228.5 10232 10257.9 10258.7 10150.1 10076.6 10018 10004.5 10033.2 10010.4 9961.64 9899.48 9875.49 9857.37 9825.66 9781.77 9742.22 9718.3 9696.46 9674.41 9637.57 9580.88 9594.11 9525.71 9514.65 9572.71 9613.51 9641.08
9831.56 9846.46 9841.13 9842.61 9849.87 9873.72 9885.65 9896.78 9904.39 9924.62 9960.75 9987.08 10009.5 10032 10030.7 9994.84 9961.16 9969.45 9978.29 9986.99 9976.56 9984.97 10006.6 10033.2 10062.6 10095.9 10111.2 10122.1 10133.2 10134.5 10126.2 10123.9 10167.8 10207.1 10238 10252.2 10251.8 10228 10197.8 10171 10159 10149.4 10120.6 10050.2 10024.6 9998.38 9982.5 9949.33 9853.05 9774.69 9702.16 9702.14 9719.35 9701.19 9659.21 9612.79 9615.45 9615.25 9591.19 9549.11 9502.39 9504.95 9501.02 9480.2 9510.81 9543.5 9567.02
9830.14 9831.89 9810.27 9807.76 9814.36 9844.83 9859.95 9871.86 9872.73 9897.71 9945.25 9981.71 10012.1 10042.2 10040.3 9996.7 9973.34 9955.02 9943.45 9935.33 9928.25 9943.11 9974.86 10007.7 10046.8 10091.5 10110.1 10134.4 10159.1 10177.6 10173.7 10166.9 10192.9 10216.8 10247.3 10273.9 10241.4 10188.2 10136.2 10091.4 10048.7 10008.9 9986.04 9975.44 9964.48 9947.58 9876.68 9780.93 9672.91 9650.97 9654.72 9656.4 9637.98 9613.08 9576.06 9545.43 9543.3 9553.66 9527.48 9489.73 9467.47 9466.93 9447.85 9465.14 9478.61 9491.5 9503.03
9830.02 9828.51 9790.65 9778.97 9779.3 9808.08 9840.53 9867.23 9883.71 9907.78 9939.21 9968.3 9992.9 10002.6 9984.16 9957.74 9947.45 9925.11 9893.75 9864.27 9861.35 9906.55 9946.37 9986.21 10023.6 10058.7 10098.6 10138.5 10182 10229 10268.6 10257.8 10217.9 10200.3 10225.3 10272 10193.8 10116.4 10049.1 9988.36 9933.66 9875.82 9846.74 9886.21 9883.74 9864.73 9749.91 9651.85 9604.79 9609.25 9644.72 9610.51 9582.85 9555.83 9522.47 9490.13 9480.91 9465.07 9444.46 9431.34 9421.46 9409.25 9403.04 9421.97 9444.78 9446.64 9451.17
9828.6 9823.41 9775.35 9763.91 9764.22 9782.6 9834.61 9877.47 9920.74 9929.1 9939.39 9956.21 9971.09 9969.23 9922.11 9901.19 9907.35 9893.39 9856.29 9840.95 9858.08 9895.11 9937.11 9974.91 10005.5 10036.8 10080.8 10127.7 10179.1 10243 10331.3 10301.5 10189.2 10119.9 10102.1 10133.8 10075.8 10004.5 9936.83 9876.89 9821.07 9776.38 9753.48 9770.06 9772.7 9762.77 9646.22 9595.06 9606.97 9584.47 9564.68 9546.45 9532.56 9514.85 9497.06 9467.52 9429.66 9395.3 9376.38 9377.49 9370.41 9358.63 9368.18 9382.41 9398.37 9402.65 9407.91
9817.56 9807.25 9767.76 9765.37 9779.64 9815.33 9844.24 9877.36 9911.09 9924.66 9931.7 9939.06 9946.58 9948.99 9908.72 9894.07 9893.39 9896.07 9879.58 9856.97 9866.65 9899.07 9941.9 9981.53 10005.9 10026.8 10067.2 10099.8 10134.1 10175.7 10214.9 10175.9 10070.7 9975.27 9897.91 9921.44 9912.23 9869.73 9813.49 9761.67 9710.14 9668.22 9656.12 9642.05 9634.84 9620.85 9561.67 9559.04 9580.83 9557.03 9516.89 9492.45 9481.69 9469.5 9457.9 9426.85 9384.85 9348.58 9329.71 9336.12 9340.48 9327.56 9315.19 9312.95 9335.95 9352.77 9362.24
9791.03 9771.92 9763.12 9771.21 9792.76 9817.02 9849.08 9869.44 9886.52 9907.65 9916.55 9915.34 9911.6 9913.59 9897.5 9858.44 9868.61 9889.49 9900.25 9872.05 9865.15 9904.13 9959.83 10011.5 10044.1 10055.9 10056.6 10055.6 10055.8 10055.6 10036.5 9988.24 9903.36 9813.83 9755.54 9754.84 9754.04 9731.45 9695.17 9654.1 9609.31 9565.05 9556.32 9515.3 9497.86 9471.18 9463.66 9512.57 9541.63 9521.64 9496.08 9447.67 9426.56 9415.09 9399.53 9370.3 9333.06 9303.25 9292.04 9291.11 9305.54 9298.11 9282.72 9257.82 9286.21 9307.79 9315.24
9775.92 9756.06 9761.14 9775.13 9796.91 9827.37 9849.89 9870.63 9880.19 9901.41 9903.92 9894.53 9870.78 9836.28 9827.25 9805.81 9816.19 9832.41 9870.21 9864.11 9854.23 9906.42 9975.54 10047.8 10098.3 10082 10033.3 9987.93 9948.97 9916.2 9886.04 9816.24 9735.06 9650.97 9599.26 9613.93 9618.59 9606.51 9584.02 9551 9516.97 9491.34 9465.77 9428.74 9394.67 9377.1 9410.91 9457.44 9479.82 9443.97 9419.73 9374.22 9356.94 9352.65 9343.26 9307.48 9265.04 9234.24 9219.12 9220.61 9229.02 9240.65 9250.68 9222.29 9258.93 9261.99 9257.46
