real_craters/C203-750m.grd
DSAA
354 354
-132.3875 132.3875
-132.3875 132.3875
7258.2067543633 10444.048933089
[rows 0 to 37 of 354, columns 0 to 83 of 354]
9665 9666 9664 9662 9663 9665 9668 9671 9676 9683 9690 9703 9724 9734 9741 9746 9748 9752 9762 9755 9748 9745 9742 9740 9739 9739 9740 9745 9747 9749 9752 9757 9758 9760 9759 9760 9759 9755 9752 9746 9741 9725 9706 9685 9674 9669 9671 9656 9630 9607 9603 9611 9623 9652 9677 9695 9705 9710 9705 9693 9676 9667 9655 9646 9630 9608 9588 9584 9601 9626 9648 9657 9639 9609 9555 9435 9352 9299 9224 9213 9253 9288 9314 9334
9659 9662 9663 9663 9664 9666 9669 9672 9676 9683 9689 9700 9713 9722 9729 9731 9732 9738 9754 9753 9744 9741 9737 9732 9731 9732 9735 9739 9742 9744 9746 9750 9755 9760 9768 9761 9758 9756 9758 9758 9742 9731 9716 9703 9689 9681 9683 9674 9628 9604 9599 9605 9617 9646 9676 9690 9696 9697 9693 9682 9665 9659 9647 9633 9616 9601 9574 9566 9585 9608 9629 9644 9641 9624 9590 9516 9440 9363 9309 9303 9333 9366 9397 9430
9656 9657 9662 9664 9666 9668 9669 9673 9680 9685 9689 9696 9704 9712 9719 9722 9721 9726 9735 9743 9740 9736 9733 9729 9728 9728 9730 9734 9735 9737 9740 9744 9749 9757 9770 9757 9755 9762 9759 9756 9743 9735 9723 9711 9703 9688 9672 9650 9622 9601 9594 9599 9610 9641 9675 9685 9687 9689 9685 9672 9654 9644 9635 9624 9613 9594 9569 9562 9576 9595 9615 9630 9635 9634 9640 9609 9552 9491 9457 9438 9439 9458 9489 9530
9667 9662 9663 9666 9668 9669 9671 9673 9681 9682 9687 9690 9695 9704 9712 9717 9720 9720 9724 9729 9733 9732 9729 9725 9723 9724 9726 9729 9731 9733 9735 9737 9739 9743 9746 9747 9747 9750 9753 9753 9743 9737 9725 9714 9700 9680 9656 9630 9608 9595 9588 9592 9604 9635 9669 9681 9684 9686 9680 9664 9643 9630 9618 9610 9601 9588 9566 9563 9572 9585 9600 9612 9620 9629 9652 9661 9645 9618 9610 9563 9539 9545 9568 9600
9667 9665 9668 9669 9672 9673 9674 9674 9678 9684 9684 9684 9686 9698 9707 9715 9717 9717 9719 9726 9730 9729 9726 9722 9719 9721 9723 9726 9728 9729 9731 9732 9734 9737 9742 9739 9738 9740 9753 9752 9741 9732 9719 9706 9690 9670 9648 9618 9594 9589 9578 9587 9604 9632 9660 9675 9681 9684 9678 9656 9631 9611 9599 9591 9581 9576 9573 9565 9568 9576 9586 9594 9602 9611 9626 9636 9642 9658 9667 9632 9609 9603 9613 9639
9667 9670 9672 9674 9675 9676 9678 9680 9677 9681 9686 9686 9690 9697 9705 9711 9715 9714 9717 9723 9726 9725 9723 9720 9718 9718 9719 9720 9722 9724 9725 9726 9729 9732 9737 9734 9735 9733 9743 9742 9733 9723 9710 9692 9676 9659 9636 9611 9588 9594 9580 9581 9598 9624 9654 9670 9677 9679 9673 9650 9623 9603 9585 9577 9571 9569 9559 9559 9563 9570 9579 9585 9590 9610 9617 9620 9622 9641 9644 9642 9639 9636 9644 9653
9675 9678 9677 9678 9678 9679 9682 9686 9686 9682 9685 9688 9692 9696 9701 9706 9709 9711 9717 9720 9721 9720 9718 9717 9716 9715 9715 9717 9718 9719 9720 9721 9722 9725 9727 9727 9731 9729 9733 9734 9731 9721 9708 9688 9671 9657 9639 9615 9592 9588 9574 9573 9583 9604 9636 9661 9673 9674 9660 9640 9616 9587 9571 9561 9559 9554 9540 9546 9556 9567 9577 9585 9595 9609 9613 9620 9619 9628 9635 9640 9645 9646 9649 9647
9677 9679 9679 9678 9679 9680 9682 9685 9688 9688 9688 9692 9693 9694 9697 9702 9708 9710 9712 9713 9713 9714 9713 9712 9711 9711 9711 9711 9711 9713 9715 9717 9718 9722 9723 9723 9727 9727 9731 9734 9736 9728 9716 9701 9676 9664 9649 9632 9617 9610 9577 9569 9575 9595 9630 9656 9668 9669 9651 9627 9604 9578 9557 9546 9545 9539 9522 9536 9549 9562 9575 9588 9599 9600 9607 9615 9619 9622 9629 9631 9635 9636 9636 9636
9680 9679 9678 9677 9677 9678 9678 9680 9682 9687 9688 9692 9692 9693 9695 9701 9705 9708 9708 9708 9707 9709 9709 9707 9706 9706 9706 9706 9707 9709 9711 9714 9720 9720 9722 9721 9724 9728 9731 9734 9737 9735 9728 9716 9693 9678 9664 9648 9642 9630 9583 9565 9569 9587 9625 9651 9659 9658 9645 9619 9592 9568 9546 9535 9532 9531 9525 9532 9545 9558 9573 9588 9600 9599 9605 9613 9619 9621 9627 9626 9626 9627 9628 9629
9681 9677 9676 9675 9675 9675 9675 9679 9682 9686 9687 9686 9689 9693 9697 9700 9699 9700 9702 9704 9706 9706 9705 9703 9702 9701 9701 9701 9702 9704 9705 9708 9712 9724 9722 9721 9723 9728 9731 9734 9735 9743 9739 9731 9705 9688 9671 9655 9643 9625 9587 9568 9568 9580 9612 9636 9644 9648 9634 9608 9582 9560 9536 9532 9539 9531 9525 9530 9542 9556 9571 9586 9601 9600 9604 9611 9614 9616 9619 9618 9618 9619 9623 9626
9674 9675 9674 9674 9673 9673 9676 9680 9682 9687 9686 9684 9687 9692 9695 9692 9694 9696 9698 9702 9704 9703 9701 9699 9696 9695 9696 9696 9698 9698 9700 9702 9707 9713 9713 9715 9717 9723 9729 9736 9739 9741 9743 9737 9715 9691 9673 9657 9638 9614 9592 9575 9571 9574 9590 9604 9613 9622 9605 9580 9561 9542 9531 9530 9536 9527 9523 9529 9541 9554 9568 9581 9591 9597 9600 9605 9607 9604 9605 9606 9609 9614 9619 9625
9673 9672 9673 9673 9672 9672 9675 9680 9682 9683 9683 9682 9686 9690 9694 9689 9690 9693 9696 9699 9702 9701 9698 9695 9691 9690 9691 9692 9692 9693 9694 9695 9698 9701 9702 9710 9715 9718 9723 9728 9734 9739 9743 9735 9708 9691 9677 9664 9651 9631 9617 9592 9577 9567 9570 9574 9573 9561 9559 9545 9532 9522 9524 9524 9526 9524 9519 9528 9540 9553 9565 9574 9580 9590 9594 9595 9596 9590 9592 9596 9602 9608 9616 9626
9673 9675 9675 9674 9672 9670 9665 9676 9681 9683 9681 9679 9686 9691 9694 9693 9690 9690 9695 9697 9700 9698 9696 9693 9690 9688 9689 9689 9689 9688 9688 9689 9693 9697 9698 9704 9710 9714 9717 9720 9731 9739 9740 9734 9715 9694 9680 9670 9661 9604 9629 9603 9581 9565 9559 9557 9551 9543 9536 9529 9520 9515 9516 9519 9521 9517 9518 9527 9539 9551 9563 9573 9579 9585 9592 9595 9595 9587 9587 9588 9593 9601 9610 9623
9674 9676 9676 9675 9674 9673 9675 9674 9677 9681 9681 9683 9687 9695 9698 9699 9702 9697 9696 9696 9696 9695 9693 9692 9691 9690 9688 9687 9686 9685 9685 9686 9692 9696 9697 9699 9701 9706 9711 9716 9723 9732 9733 9728 9720 9698 9682 9669 9654 9632 9620 9601 9584 9567 9559 9552 9549 9539 9533 9523 9515 9511 9508 9513 9519 9520 9518 9526 9538 9551 9564 9576 9585 9588 9594 9602 9603 9592 9587 9583 9584 9590 9600 9613
9673 9671 9674 9676 9676 9677 9677 9676 9675 9678 9680 9684 9687 9695 9698 9700 9703 9700 9697 9696 9695 9694 9692 9691 9690 9690 9687 9685 9684 9683 9682 9682 9692 9695 9697 9698 9698 9701 9707 9716 9722 9726 9730 9723 9710 9694 9678 9663 9645 9625 9617 9604 9591 9574 9569 9575 9568 9559 9553 9538 9521 9513 9509 9506 9511 9516 9516 9526 9538 9552 9565 9578 9586 9588 9596 9605 9608 9598 9589 9577 9573 9578 9586 9597
9675 9674 9678 9679 9680 9681 9682 9679 9675 9678 9676 9665 9684 9690 9694 9698 9700 9698 9697 9696 9695 9694 9693 9691 9688 9685 9685 9684 9683 9682 9682 9685 9693 9694 9695 9699 9693 9697 9705 9709 9723 9726 9729 9717 9698 9683 9672 9659 9644 9633 9631 9622 9607 9590 9584 9593 9588 9582 9580 9571 9530 9515 9505 9500 9504 9510 9514 9526 9538 9551 9564 9576 9583 9585 9593 9603 9608 9602 9585 9563 9561 9566 9574 9580
9683 9689 9687 9684 9682 9681 9684 9678 9673 9676 9679 9688 9687 9691 9690 9696 9700 9699 9699 9700 9698 9696 9696 9693 9689 9685 9685 9684 9683 9681 9680 9681 9684 9690 9695 9700 9702 9704 9709 9713 9713 9723 9714 9707 9695 9684 9672 9659 9648 9644 9645 9645 9622 9603 9589 9577 9588 9594 9579 9550 9524 9518 9504 9495 9501 9510 9522 9526 9535 9549 9562 9572 9578 9580 9589 9597 9603 9600 9583 9557 9551 9558 9563 9570
9692 9698 9695 9688 9683 9678 9675 9677 9676 9676 9681 9684 9688 9688 9690 9697 9703 9701 9702 9703 9704 9705 9701 9697 9692 9689 9688 9686 9684 9681 9679 9678 9681 9685 9694 9697 9703 9706 9708 9708 9711 9706 9698 9698 9697 9686 9671 9657 9646 9640 9642 9645 9619 9592 9569 9545 9552 9565 9554 9534 9524 9519 9501 9490 9489 9499 9512 9516 9527 9543 9561 9577 9582 9582 9586 9589 9590 9593 9577 9554 9544 9551 9557 9564
9700 9701 9699 9690 9685 9680 9678 9677 9677 9677 9683 9689 9692 9694 9694 9700 9705 9706 9705 9706 9708 9708 9705 9701 9699 9698 9694 9689 9686 9683 9680 9679 9682 9690 9693 9697 9702 9703 9702 9702 9699 9699 9692 9692 9691 9682 9666 9649 9631 9607 9612 9617 9596 9564 9534 9526 9525 9532 9530 9532 9518 9512 9499 9486 9485 9482 9481 9494 9514 9535 9557 9578 9586 9588 9587 9582 9580 9577 9562 9542 9536 9543 9554 9563
9705 9703 9693 9690 9687 9685 9680 9679 9682 9686 9694 9693 9695 9696 9699 9705 9705 9704 9706 9708 9710 9712 9708 9706 9704 9702 9698 9693 9688 9684 9680 9677 9680 9683 9691 9695 9694 9697 9692 9692 9692 9693 9688 9687 9684 9672 9655 9631 9601 9574 9568 9574 9561 9541 9523 9519 9519 9521 9520 9524 9517 9511 9499 9487 9480 9472 9464 9478 9500 9523 9547 9571 9580 9586 9584 9577 9569 9557 9540 9509 9527 9538 9552 9565
9711 9707 9698 9692 9688 9686 9680 9682 9692 9702 9701 9699 9702 9706 9706 9712 9709 9706 9707 9709 9709 9708 9708 9708 9707 9704 9701 9697 9692 9686 9678 9675 9684 9695 9679 9684 9688 9686 9686 9689 9692 9692 9687 9682 9675 9661 9641 9619 9571 9529 9523 9526 9529 9526 9519 9517 9520 9520 9520 9518 9514 9507 9503 9491 9480 9470 9465 9472 9487 9507 9529 9548 9563 9572 9574 9570 9564 9549 9532 9518 9515 9530 9549 9566
9716 9710 9702 9693 9687 9685 9686 9689 9699 9704 9703 9706 9709 9715 9715 9720 9715 9709 9711 9711 9709 9705 9708 9710 9711 9709 9706 9703 9698 9691 9685 9678 9677 9676 9672 9671 9678 9678 9682 9688 9693 9692 9690 9681 9666 9641 9621 9598 9546 9513 9517 9519 9520 9519 9519 9518 9519 9518 9516 9516 9509 9503 9503 9495 9483 9471 9462 9464 9474 9490 9509 9526 9538 9548 9553 9553 9550 9544 9530 9510 9507 9522 9542 9556
9719 9711 9703 9693 9685 9682 9690 9701 9706 9710 9715 9719 9723 9722 9721 9724 9723 9721 9718 9716 9713 9710 9712 9713 9715 9713 9711 9709 9704 9699 9692 9687 9679 9673 9670 9670 9673 9677 9681 9689 9694 9692 9690 9680 9660 9634 9593 9555 9525 9512 9519 9517 9515 9516 9516 9517 9518 9514 9510 9507 9504 9498 9498 9496 9488 9473 9460 9456 9462 9471 9482 9496 9510 9521 9526 9522 9520 9514 9505 9497 9493 9512 9534 9544
9720 9712 9704 9694 9684 9690 9695 9701 9706 9713 9721 9725 9732 9728 9725 9724 9726 9724 9725 9721 9719 9719 9719 9718 9719 9720 9718 9715 9712 9708 9702 9696 9693 9685 9678 9677 9675 9684 9691 9693 9694 9691 9681 9666 9641 9610 9561 9517 9516 9513 9513 9517 9514 9514 9513 9514 9515 9511 9506 9502 9498 9493 9491 9493 9491 9477 9461 9452 9452 9454 9455 9466 9483 9496 9503 9504 9503 9496 9485 9479 9481 9501 9525 9533
9720 9714 9708 9702 9695 9697 9701 9708 9710 9715 9723 9726 9732 9733 9729 9727 9727 9727 9728 9724 9722 9723 9723 9720 9721 9722 9720 9720 9721 9721 9720 9717 9714 9707 9700 9695 9691 9701 9695 9697 9699 9692 9672 9643 9610 9568 9532 9514 9519 9514 9512 9515 9514 9512 9511 9511 9510 9507 9504 9500 9496 9489 9488 9491 9494 9480 9464 9451 9449 9446 9443 9451 9464 9476 9484 9492 9492 9486 9474 9474 9480 9491 9502 9520
9719 9716 9714 9710 9702 9703 9706 9710 9716 9719 9724 9725 9729 9732 9729 9725 9727 9727 9724 9715 9713 9715 9716 9714 9715 9720 9722 9723 9726 9729 9734 9736 9735 9731 9724 9715 9715 9710 9699 9697 9700 9691 9672 9637 9591 9542 9520 9519 9519 9513 9509 9513 9514 9511 9509 9507 9505 9502 9500 9498 9493 9486 9486 9491 9495 9484 9470 9461 9451 9445 9441 9446 9454 9462 9471 9478 9480 9477 9471 9472 9479 9487 9495 9515
9718 9717 9718 9716 9711 9716 9715 9716 9711 9720 9726 9725 9725 9728 9725 9721 9716 9719 9707 9687 9684 9693 9699 9696 9698 9708 9721 9722 9726 9733 9739 9749 9754 9757 9743 9694 9690 9683 9667 9678 9705 9700 9672 9630 9581 9540 9522 9519 9515 9511 9508 9513 9513 9510 9508 9505 9502 9500 9496 9494 9489 9485 9489 9494 9496 9486 9474 9462 9454 9448 9446 9446 9449 9454 9455 9459 9468 9470 9468 9474 9483 9487 9500 9519
9715 9715 9714 9720 9716 9724 9725 9726 9726 9726 9728 9728 9722 9713 9710 9692 9670 9675 9658 9627 9627 9651 9673 9664 9666 9686 9705 9710 9717 9731 9747 9778 9776 9763 9679 9585 9531 9506 9549 9610 9701 9715 9664 9609 9571 9538 9521 9518 9515 9511 9509 9513 9510 9509 9506 9504 9501 9498 9495 9491 9486 9484 9489 9493 9496 9487 9475 9464 9455 9450 9447 9446 9448 9451 9453 9456 9461 9464 9470 9475 9481 9485 9503 9531
9711 9714 9715 9719 9729 9732 9732 9732 9728 9726 9729 9725 9709 9648 9629 9594 9563 9558 9544 9528 9539 9572 9608 9599 9611 9638 9671 9688 9699 9720 9762 9836 9774 9614 9490 9423 9340 9281 9379 9493 9612 9699 9680 9609 9568 9539 9521 9519 9515 9511 9508 9512 9510 9508 9506 9503 9500 9497 9493 9488 9483 9483 9488 9489 9492 9487 9479 9467 9461 9453 9447 9448 9449 9451 9455 9456 9462 9470 9477 9476 9474 9499 9521 9546
9711 9714 9720 9726 9735 9740 9742 9741 9725 9705 9701 9676 9592 9495 9444 9442 9423 9386 9373 9402 9424 9441 9464 9492 9535 9583 9637 9665 9680 9709 9760 9827 9683 9437 9343 9314 9270 9267 9326 9374 9426 9611 9698 9615 9582 9547 9523 9520 9516 9511 9508 9510 9508 9506 9505 9502 9499 9496 9491 9486 9482 9482 9485 9486 9490 9489 9487 9483 9472 9458 9450 9451 9451 9451 9451 9457 9464 9471 9480 9485 9489 9511 9542 9563
9713 9716 9718 9732 9746 9749 9751 9750 9707 9641 9582 9517 9396 9330 9298 9322 9319 9281 9271 9306 9326 9318 9302 9381 9450 9510 9585 9627 9663 9713 9753 9741 9548 9341 9281 9275 9281 9297 9307 9311 9342 9490 9656 9671 9613 9558 9524 9520 9515 9510 9506 9507 9507 9504 9502 9500 9497 9495 9490 9485 9483 9484 9483 9485 9487 9492 9493 9492 9482 9466 9457 9454 9455 9457 9455 9463 9476 9483 9502 9517 9524 9538 9563 9580
9715 9718 9719 9727 9748 9755 9754 9746 9663 9551 9431 9329 9286 9268 9260 9263 9266 9255 9254 9265 9269 9263 9269 9316 9374 9432 9490 9561 9637 9712 9723 9617 9438 9281 9255 9270 9298 9270 9259 9302 9347 9390 9592 9681 9632 9564 9525 9520 9513 9508 9504 9504 9505 9501 9498 9495 9491 9488 9486 9484 9482 9482 9480 9485 9491 9494 9497 9498 9487 9466 9459 9459 9462 9469 9478 9490 9501 9512 9531 9547 9546 9560 9573 9581
9723 9726 9728 9737 9749 9752 9727 9688 9585 9464 9348 9284 9265 9260 9254 9249 9247 9247 9250 9249 9248 9242 9254 9282 9318 9354 9400 9484 9606 9706 9693 9559 9363 9256 9253 9274 9295 9304 9298 9308 9332 9381 9555 9659 9632 9562 9527 9520 9512 9507 9502 9502 9502 9498 9494 9491 9487 9485 9483 9482 9481 9482 9481 9485 9490 9495 9497 9497 9489 9475 9466 9464 9466 9477 9503 9522 9522 9528 9537 9544 9541 9538 9550 9559
9730 9735 9741 9745 9747 9732 9659 9567 9479 9384 9297 9262 9258 9255 9249 9241 9242 9244 9247 9243 9239 9236 9247 9263 9281 9302 9327 9411 9565 9671 9654 9520 9334 9273 9267 9285 9316 9319 9326 9313 9321 9361 9510 9647 9624 9555 9524 9517 9511 9505 9501 9499 9499 9496 9492 9490 9485 9480 9481 9482 9481 9482 9481 9485 9490 9495 9497 9495 9490 9485 9475 9468 9466 9469 9489 9519 9523 9527 9527 9524 9525 9508 9515 9532
9731 9738 9751 9754 9737 9684 9556 9445 9380 9321 9270 9258 9254 9251 9246 9242 9240 9242 9242 9240 9237 9236 9245 9254 9261 9273 9295 9365 9490 9599 9603 9497 9347 9294 9284 9294 9304 9324 9331 9317 9323 9360 9483 9634 9610 9545 9521 9516 9509 9504 9500 9498 9497 9494 9492 9488 9483 9479 9480 9481 9481 9483 9484 9487 9490 9496 9497 9496 9493 9488 9478 9469 9463 9461 9475 9498 9509 9514 9512 9503 9502 9485 9483 9506
9727 9734 9739 9737 9701 9602 9437 9331 9303 9278 9259 9255 9252 9248 9244 9242 9242 9241 9240 9239 9235 9237 9242 9249 9253 9265 9288 9341 9430 9520 9550 9481 9365 9322 9311 9308 9313 9329 9338 9329 9348 9400 9549 9646 9593 9533 9519 9515 9509 9504 9500 9497 9496 9493 9491 9487 9482 9479 9479 9481 9482 9486 9490 9493 9494 9498 9498 9497 9496 9489 9476 9468 9462 9458 9467 9482 9492 9495 9491 9478 9471 9466 9471 9488
9721 9728 9728 9717 9641 9498 9342 9267 9259 9257 9257 9254 9250 9245 9244 9243 9242 9241 9239 9239 9238 9237 9239 9245 9251 9262 9278 9313 9382 9439 9507 9491 9430 9385 9349 9319 9315 9324 9332 9343 9395 9459 9602 9632 9564 9523 9519 9516 9510 9504 9499 9496 9496 9492 9490 9485 9481 9480 9479 9480 9488 9495 9504 9502 9500 9501 9498 9494 9494 9476 9472 9468 9465 9463 9469 9476 9481 9480 9474 9462 9450 9449 9462 9482
9715 9721 9714 9673 9554 9399 9293 9249 9247 9252 9255 9251 9249 9246 9244 9243 9241 9240 9240 9240 9238 9237 9237 9243 9251 9263 9278 9298 9336 9393 9450 9509 9515 9468 9405 9338 9318 9335 9347 9402 9474 9547 9609 9573 9535 9522 9520 9517 9511 9505 9499 9495 9495 9493 9490 9485 9480 9482 9483 9486 9499 9518 9542 9526 9511 9506 9500 9485 9461 9461 9471 9473 9470 9466 9474 9480 9478 9469 9457 9449 9441 9444 9453 9470
