real_craters/C203-1000m.grd
DSAA
152 152
-75.65 75.65
-75.65 75.65
5349.8796587769 8867.4224183088
[rows 60 to 89 of 152, columns 67 to 133 of 152]
5684.77 5683.88 5673.09 5594.24 5651.34 5726.38 5900.56 5980.09 5975.21 5997.81 6009.51 6002.52 5991.37 6032.05 6041 6025.4 5960.17 5989.72 6048.21 6059.31 6081.17 6070.55 6052.79 6046.43 6035.23 6045.86 6066.65 6090.76 6088.66 6104.89 6126.93 6147.88 6170.7 6236.48 6369.59 6643.82 6936.84 7143.01 7223.65 7357.9 7461.66 7618.7 7705.83 7766.9 7839.69 7937.78 8064.11 8035.44 7929.49 7898.69 7829.91 7752.04 7693.87 7695.99 7746.47 7759.77 7801.84 7869.17 7954.32 8059.52 8083.12 7983.74 7964.79 7918.49 7837.27 7785.64 7833.68
5686.9 5690.34 5697.36 5715.02 5772.71 5883.28 5927.71 5957.28 5980.73 5992.9 6010.19 5985.95 5989.55 6012.25 6022.41 6058.99 6017.67 5989.57 6088.89 6086.17 6078.8 6075.25 6059.29 6051.41 6047.7 6039.12 6029.13 6031.56 6057.82 6074.92 6093.06 6103.18 6107.08 6145.29 6189.71 6489.04 6841.63 7082.13 7141 7219.35 7334.39 7433 7546.44 7694.99 7760.42 7816.85 8040.38 8148.09 8102.87 7939.65 7807.02 7700.72 7606.27 7551.07 7739.69 7694.77 7749.01 7788.83 7817.77 7839.22 7921.74 7893.59 7896.23 7913.21 7896.29 7865.68 7883.32
5697.58 5707.06 5771.26 5831.41 5876.63 5911.13 5968.18 5997.83 6002.96 5966.19 6001.58 6029.51 6001.06 6001.69 6014.44 6024.15 5969.45 6003.47 6079.44 6077.77 6085.43 6098.88 6078.7 6064.75 6047.83 6040.31 6018.39 5995.3 6019.85 6037.68 6058.26 6080.31 6105.17 6126.11 6187.58 6410.75 6701.2 6880.82 6988.62 7099.82 7228.54 7362 7519.06 7642.92 7742.11 7790.19 8068.51 8229.51 8121.27 7922.81 7758.87 7631.28 7517.77 7449.52 7606.95 7704.53 7705.45 7715.48 7728.06 7733.3 7750.77 7806.13 7848.4 7929.95 8001.05 8022.81 7949.6
5736.73 5802.32 5895.87 5945.98 6002.41 6014.59 6081.41 6122.37 6033.66 5994.63 6024.44 6039.71 6028.99 6000.2 6002.78 5920.15 5902.57 6043.08 6070.72 6069.39 6103.71 6128.5 6192.09 6064.62 6014.13 6039.57 6084.37 5990.21 5990.42 6014.88 6039.61 6065.09 6085.53 6127.28 6239.89 6423.07 6610.06 6768.24 6913.32 7025.8 7163.42 7325.94 7494.02 7578.68 7672.29 7787.72 8130.1 8288.7 8011.86 7822.52 7694.56 7574.54 7467.41 7410.64 7498.08 7583.84 7619.16 7638.16 7675.1 7721.84 7723.6 7751.46 7813.47 7967.14 8120.93 8214.41 8076.79
5805 5911.15 6054.77 6155.8 6167.05 6160.78 6212.57 6254.72 6116.79 6068.14 6043.96 6088.08 6074.84 6043.93 6011.06 6010.92 5912.64 5947.98 6045.93 6124.44 6114.77 6105.23 6054.41 6029.57 5990.99 6009 6045.36 6004.39 5984.75 5997.48 6017.98 6046.27 6070.93 6123.46 6252.02 6372.19 6510.32 6655 6778.06 6977.9 7087.99 7215.04 7342.85 7451.73 7612.13 7851.76 8244.22 8370.56 8007.34 7789.1 7674.89 7559.46 7456.93 7392.27 7399.11 7426.06 7489.26 7546.74 7609.87 7664.8 7694 7713.59 7861.63 7998.05 8190.37 8385.36 8290.79
5869.26 5956.74 6099.7 6204.14 6253.11 6277.02 6302.23 6288.86 6190.08 6092.94 6038.13 6083.13 6097.38 6067.08 5990.17 6030.51 6047.71 5988.86 6064.6 6099.25 6105.88 6097.47 6072.96 6015.22 5976.74 5958.07 5933.39 5967.66 5969.38 5980.08 5996.47 6014.85 6035.43 6097.49 6252.61 6331.89 6425.36 6533.06 6645.71 6910.5 7011.28 7095.88 7168.44 7337.84 7502.23 7888.39 8204.02 8245.89 8066.68 7835.16 7662.56 7526.43 7408.2 7297.55 7208.64 7175.84 7318.43 7449.77 7536.27 7587.55 7637.08 7775.84 7836.71 8000.6 8174.1 8321.72 8437.35
5954.05 6075.72 6254.56 6329.72 6376.51 6402.58 6394.11 6326.23 6239.77 6127.21 6054.62 6075.27 6103.03 6110.17 6041.52 6014.29 6053.23 5972.76 5974.29 6055.7 6077.2 6076.27 6040.19 5966.31 5934.37 5922.15 5907.66 5935.32 5972.01 5990.15 5996.27 6001.25 6019.59 6079.97 6218.7 6289.13 6305.16 6331.29 6460.24 6789.4 6947.52 7060.1 7225.01 7331.4 7531.5 7970.43 8210.79 8261.33 8046.88 7840.86 7656.79 7499.41 7352.78 7233.73 7056.39 7060.19 7288.28 7431.37 7516.18 7565.25 7593.6 7854.61 7995.9 8044.85 8175.94 8381.73 8574.33
6075.85 6233.52 6436.63 6458.04 6500.79 6556.54 6542.13 6459.37 6355.85 6266.24 6191.72 6113.58 6114.37 6110.07 6063.3 6052.6 6070.66 5995.33 6017.4 6070.84 6058.37 6033.36 5986.81 5930.66 5910.69 5931.45 5962.16 5975.45 5983.09 5986.92 5993.47 6004.88 6014.4 6018.63 6112.09 6160.43 6206.19 6211.85 6449.44 6754.51 6942.4 7056.18 7204.01 7343.01 7620.19 8078.17 8189.29 8158.87 7981.25 7777.59 7652.18 7503.84 7323.73 7138.96 7022.16 7038.49 7351.58 7460.3 7526.69 7585.02 7649.16 7822.51 8007.96 8083.4 8182.78 8359.4 8633.11
6372.94 6321.26 6421.4 6571.47 6681.42 6744.55 6744.23 6677.04 6620.16 6575.42 6486.14 6189.73 6149.68 6162.25 6113 6091.56 6064.23 6044.53 6058.08 6039.69 6035.46 6013.92 5970.24 5893.81 5910.66 5948.63 6027.48 6006.15 5988.9 5982.43 5985.28 6014.21 6019.59 6045.76 6051.89 6091.47 6164.2 6333.34 6567.33 6846.03 6989.72 7061.56 7197.7 7353.57 7655.31 8083.28 8117.36 7983.5 7896.92 7767.02 7693.58 7559.09 7370.85 7169.71 7043.33 7078.15 7390.1 7473.62 7536.14 7600.74 7677.21 7775.81 7929.7 8044.78 8175.36 8405.18 8683.19
6218.44 6321.69 6490.58 6660.3 6849.15 6886.24 6919.01 6921.35 6961.66 6947.95 6544.5 6196.42 6151.2 6176.82 6188.43 6138.78 6102.32 6089.7 6081.15 6058.15 6027.39 6003.85 5988.85 5986.84 5947.42 5942.44 5959.37 5984.49 5980.77 5971.47 5961.57 5963.5 6018.03 6057.12 6074.21 6087.72 6114.9 6215.49 6565.77 6752.4 6893.47 7055.91 7241.55 7425.83 7703.53 8052.28 8093.17 7986.06 7932.89 7927.97 7826.45 7680.16 7525.61 7343.5 7155.52 7039.22 7293.91 7413.94 7509.69 7600.14 7689.68 7758.35 7817.17 7955.67 8137.47 8422.04 8716.25
6171.94 6298.18 6453.87 6640.92 6797.35 6922.52 7021.51 7149.12 7275.45 7008.49 6555.03 6284.08 6168.44 6176.72 6182.58 6127.68 6072.2 6046.42 6069.74 6028.82 6014.22 6012.12 6005.97 6004.97 5955.66 5923.14 5922.92 5957.88 5973.71 5973.89 5964.92 5975.88 6039.79 6081.93 6083.35 6094.67 6091.51 6170.71 6525.23 6728.33 6876.73 7067.38 7290.22 7465.22 7784.46 8177.13 8135.6 7996.69 7974.64 8045.99 7947.05 7765.44 7636.36 7496.98 7330.57 7283.58 7226.52 7334.82 7479.24 7613.12 7718.51 7691.59 7798.62 7974.47 8161.07 8474.46 8820.01
6132.4 6262.7 6448.8 6646.35 6796.52 7019.05 7180.64 7395.43 7478.75 7168.67 6728.69 6404.44 6254.55 6228.06 6139.26 6084.24 6011.62 6020.25 5978.58 5947.62 6001.15 6033.98 5979.24 5938.56 5948.86 5947 5947.44 5965.08 5974.28 5980.75 6005.18 6037.46 6086.62 6154.42 6121.79 6099.45 6117.8 6233.37 6541.69 6756.61 6873.47 7094.49 7357.15 7587.67 7895.42 8248.06 8172.34 8033.79 8011.75 8100.44 8002.22 7775.95 7514.28 7420.61 7409.85 7404.09 7286.69 7315.6 7468.71 7616.95 7753.28 7699.64 7816.55 7979.59 8172.91 8485.8 8814.06
6061.08 6197.12 6454.73 6704.15 6973.46 7247.73 7524.05 7598.04 7714.35 7275.36 6837.38 6531.82 6337.35 6212.66 6160.32 6113.39 6045.3 5993.67 5999.45 5999.9 6028.18 6047.42 5971.06 5921.76 5956.17 5990.81 6001.36 5998.08 5989.3 5998.02 6009.38 6051.01 6111.08 6147.48 6108.51 6089.28 6177.68 6402.17 6649.66 6767.07 6895.67 7102.29 7371.23 7628.98 7946.73 8170.99 8136.76 8062.95 8049.09 8115.71 8026.82 7798.77 7579.01 7430.91 7391.61 7366.74 7303.9 7386.14 7479.35 7579.99 7654.72 7717.4 7822.23 7989.53 8110.48 8427.56 8662.45
6032.02 6176.21 6401.06 6668.98 6999.86 7266.01 7454.93 7563.9 7603.19 7241.01 6939.54 6630.31 6452.8 6316.69 6182.04 6140.21 6095.91 6077 6147.82 6082.58 6045.99 6036.7 6009.34 5986.87 5985.25 6007.14 6022.26 6024.14 6026.58 6017.16 6025.01 6060.52 6122.31 6174.7 6123.38 6106.22 6152.67 6304.08 6472.3 6681.79 6838.92 7057.14 7351.08 7648.79 7998.6 8061.5 8076.59 8117.78 8169.91 8197.37 8100.91 7810.54 7501.93 7401.51 7355.57 7329.21 7387.29 7464.56 7506.43 7548.49 7588 7644.32 7820.88 8022.35 8096.62 8389.33 8589.76
6057.65 6184.96 6376.86 6607.58 6821.74 7022.22 7214.05 7373.7 7631.77 7424.96 7106.84 6814.16 6693.18 6603.95 6357.22 6268 6221.77 6177.4 6180.93 6105.62 6053.7 6033.11 6020.64 6012.76 6011.15 6024.22 6038.65 6042.53 6032.3 6041.13 6056.89 6080.38 6115.88 6158.63 6122.09 6124.07 6134.82 6243.08 6458.79 6648.07 6743.13 7005.4 7333.77 7605.04 8058.45 8071.04 8083.62 8164.8 8213.2 8245.47 8157.93 7809.16 7540.12 7398.2 7348.77 7331.24 7382.57 7485.64 7546.96 7565.03 7582.3 7722.23 7866.3 8021.42 8150.97 8350.58 8556.39
6091.21 6201.79 6361.77 6541.67 6715.98 6890.49 7076.52 7260.91 7694.54 7592.23 7339.27 7105.78 7183.44 7056.06 6648.45 6487.25 6485.46 6435.14 6163.28 6097.28 6068.94 6054.87 6049.14 6036.87 6030.54 6038.24 6047.54 6052.73 6050.89 6054.1 6058.48 6076.83 6090.87 6093.49 6115.32 6132.66 6160.65 6302.97 6483.07 6653.03 6827.33 7028.53 7372.18 7673.18 7989.45 8115.3 8150.23 8196.39 8235.51 8192.97 7995.49 7746.45 7502.19 7394.11 7363.3 7374.13 7395.36 7589.56 7602.38 7608.97 7673.73 7749.82 7842.54 7951.91 8012.78 8252.6 8467.1
6125.43 6247.26 6389.12 6530.13 6673.52 6825.75 7001.67 7218.19 7576.58 7987.5 7710.79 7530.23 7656.07 7409.34 6954.49 6862.14 6796.4 6832.68 6341.28 6143.7 6072.97 6067.56 6064.84 6049.42 6041.13 6049.06 6052.91 6053.65 6056.48 6056.87 6052.31 6067.89 6074.47 6090.01 6121.67 6177.9 6301.48 6338.99 6430.26 6590.3 6798.45 7023.23 7470.98 7817.73 7952.79 8020.27 8067.65 8205.4 8267.55 8197.68 8003.23 7706.19 7455.41 7395.98 7396.35 7428.58 7500.65 7632.15 7620.94 7607.65 7642.25 7749.61 7860.09 7940.54 7995.92 8166.84 8319.15
6204.85 6353.57 6442.87 6537.51 6628.87 6738.68 6893.63 7114.55 7460.69 7957.2 7639.03 7620.35 7416.28 7331.65 6946.35 6811.57 6763.64 6691.76 6326.69 6170.92 6069.21 6065.79 6059.14 6053.05 6047.42 6064.67 6056.9 6054.58 6052.86 6055.84 6059.14 6066.13 6069.05 6074.89 6141.93 6191.96 6207.66 6294.43 6405.49 6563.21 6831.51 7061.21 7444.87 7827.24 8005.56 8076.57 8145.46 8233.75 8277.24 8220.21 8113.83 7731.57 7462.85 7451.4 7462.6 7472.59 7499.88 7565.96 7600.15 7592.96 7641.96 7801.88 7847.06 7927.74 8009.12 8111.89 8194.23
6272.45 6407.38 6461.98 6495.32 6559.04 6655.81 6778.62 6928 7235.35 7560.97 7406.78 7271.03 7050.44 6885.06 6730.87 6607.85 6605.92 6567.09 6537.46 6274.69 6071.44 6066.2 6066.9 6060.83 6057.93 6047.55 6050.79 6049.85 6044.69 6040.33 6042.56 6059.52 6073.95 6095.43 6152.58 6199.76 6212.3 6286.07 6447.56 6641.67 6846.19 7049.04 7435.58 7873.32 8076.64 8174.51 8279.19 8245.74 8202.06 8143.56 8060.83 7805.95 7608.61 7571.24 7543.53 7536.26 7582.24 7584.4 7622.9 7648.32 7679.07 7764.04 7859.55 7956.98 8033.06 8080.28 8107.92
6314.01 6332.2 6373.85 6416.67 6462.6 6508.62 6588.27 6789.45 7014.06 7289.7 7135.13 7011.9 6855.74 6690.56 6583.5 6494.26 6551.55 6536 6423.22 6292.06 6100.39 6071.4 6071.77 6066.85 6059.83 6050.84 6051.16 6050.78 6042.52 6034.63 6039.74 6055.05 6073.22 6103.93 6176.76 6236.65 6279.33 6338.52 6553.01 6775.24 6961.38 7111.9 7513.84 7963.18 8119.77 8202.06 8223.02 8215.48 8170.56 8110.84 8032.74 8032.17 7894.98 7732.98 7628.62 7562.39 7526.54 7563.23 7676.86 7739.49 7731.23 7832.14 7869.12 7933.55 8051.95 8044.36 8073.1
6286.96 6267.3 6296.53 6334.82 6376.85 6421.78 6500.59 6650.58 6796.62 6853.25 6926.42 6884.03 6754.99 6639.03 6549.94 6519.32 6541.61 6478.17 6377.82 6269.98 6116.31 6092.48 6089.56 6071 6060.45 6054.01 6055.25 6054.53 6046.28 6037.23 6040.71 6061.05 6081.47 6129.56 6224.45 6297.92 6294.33 6369.32 6681.72 7028.69 7125.13 7203.09 7622.07 8040.46 8252.13 8279.89 8235.61 8199.29 8145.88 8067.15 7997.08 8010.11 7968.61 7831.7 7717.18 7602.28 7493.59 7574.12 7791.56 7882.03 7868.27 7885.2 7877.11 7896.14 7936.15 7975.16 8021.81
6306.94 6280.13 6269.51 6277.52 6315.66 6392.02 6481.06 6604.89 6727.34 6801.79 6895.5 6889.27 6780.63 6675.73 6589.01 6557.65 6543.55 6482.27 6291.16 6211.22 6104.02 6079.91 6075.61 6067.99 6082.73 6072.21 6065.67 6064.6 6061.67 6073.63 6077.35 6076.12 6092.96 6159.9 6269.56 6331.27 6341.45 6486.77 6767.98 7033.38 7228.25 7344.86 7591.36 8129.53 8394 8398.64 8301.43 8221.57 8144.82 8063.48 7961.72 7953.99 7932.63 7869.49 7779.56 7701.69 7647.58 7774.96 8023.3 8025.61 7981.69 7890.19 7844.3 7871.09 7939.58 7971.2 8010.07
6338.31 6301.6 6270.31 6262.81 6289.75 6369.17 6475.01 6602.35 6730.9 6803.13 6907 6893.72 6824.26 6765.91 6674.17 6600.05 6604.36 6457 6251.51 6141.2 6087 6065 6065.45 6069.62 6076.91 6070.04 6070.52 6072.78 6070.03 6079.85 6088.65 6092.92 6106.15 6183.56 6320.69 6446.93 6472.91 6590.18 6830.16 7114.03 7335.1 7504.33 7711.42 8095.81 8435.3 8477.3 8371.43 8271.2 8169.44 8040.8 7907.99 7823.25 7890.02 7896.33 7874.9 7854.19 7866.65 8011.04 8128.62 8112.29 8055.92 7925.23 7841.23 7861.45 7972.58 8045.51 8044.69
6381.8 6347.92 6298.68 6283.61 6299.93 6360.47 6461.45 6573.09 6703.21 6810.23 6858.68 6807 6777.63 6740.89 6685.18 6624.34 6535.24 6383.18 6187.19 6103.58 6110.49 6106.99 6072.23 6063.86 6053.91 6068.13 6075.66 6068.91 6069.16 6082.27 6092.28 6105.85 6153.37 6239.79 6366.44 6485.77 6547.44 6628.13 6858.72 7134.6 7386.93 7623.78 7891.73 8333.76 8500.6 8520.77 8440.44 8319.88 8192.29 8091.92 7921.83 7833.38 7913.34 7961.09 7989.57 8021.49 8098.28 8272.07 8114.01 8202.04 8126.29 7978.72 7862.15 7889.92 8054.5 8137.35 8086
6351.28 6312.29 6290.68 6306.93 6375.97 6361.95 6435.96 6525.7 6672.92 6820.93 6973.29 6761.63 6745.36 6695.89 6677.02 6610.52 6471.01 6293.72 6166.09 6144.19 6101.27 6109.78 6097.98 6090.18 6085.46 6079.56 6079 6075.69 6072.93 6077.14 6086.75 6106.11 6141.02 6245.92 6373.44 6494.09 6584.62 6659.94 6916.55 7154.84 7420.02 7754.23 8074.12 8429.92 8550.34 8550.2 8424.15 8268.57 8188.48 8070.46 7964.33 7959.27 8009 8041.75 8073.41 8115.04 8180.55 8176.15 8157.96 8241.58 8150.51 8042.8 7974.9 8035.88 8102.97 8101.91 8036.79
6195.15 6190.57 6251 6257.29 6250.7 6277.3 6406.46 6493.78 6579.27 6681.2 6730.03 6675.37 6773.79 6613.08 6560.13 6477.2 6313.19 6186.56 6122.7 6108.87 6095.59 6089.36 6100.95 6102.37 6103.56 6095.46 6091.89 6085.8 6082.48 6080.98 6094.93 6111.92 6146.06 6244.95 6360.81 6478.06 6622.25 6852.76 7027.49 7259.64 7556.01 7900.24 8179.07 8435.67 8550.9 8557.82 8451.39 8321.19 8219.3 8143.89 8072.79 8080.66 8103.95 8121.85 8151.1 8185.79 8209.02 8196.04 8090.32 8075.08 8099.04 8091.98 8082.49 8062.21 8102.26 8082.94 8012.2
6048.8 6070.37 6137.7 6127.27 6129.05 6153.25 6271.01 6363.17 6433.69 6523.88 6536.27 6538.66 6521.77 6479 6443.16 6353.1 6181.16 6110.9 6097.67 6103.55 6089.78 6112.87 6106.86 6101.34 6105.82 6108 6109.44 6103.89 6101.96 6111.97 6116.94 6129.99 6189.39 6276.6 6390.42 6502.02 6699.69 6811.65 7075.84 7405.27 7738.47 7998.42 8126.5 8321.89 8510.51 8589.77 8483.7 8317.64 8243.98 8192.26 8180.61 8159.7 8150.64 8173.71 8204.8 8247.76 8254.09 8187.44 8046.98 7970.95 8076.13 8166.77 8212.63 8151.09 8097.68 8081.06 8017.57
5949.51 5954.6 5947.44 5979.58 6017.84 6070.04 6129.45 6240.58 6380.08 6426.58 6419.27 6416.84 6422.71 6400.73 6347.98 6253.64 6110.79 6067.43 6069.9 6078.16 6084.45 6080.08 6106.53 6115.83 6110.73 6121.63 6129.72 6130.14 6117.1 6120.84 6137.84 6150.77 6200.82 6342.57 6489.72 6674.9 6887.23 6952.42 7200.81 7541.23 7866.17 7953.98 8089.67 8323.96 8516.48 8616.7 8528.49 8381.55 8275.95 8212.97 8190.94 8195.63 8173.78 8190.16 8233.53 8286.32 8323.84 8322.72 8185.99 8041.39 8129.89 8243.64 8302.56 8153.35 8110.24 8033.91 7998.61
5897.06 5867.78 5836.1 5869.08 5901.07 5941.39 6008.61 6130.93 6285.39 6325.01 6308.28 6296.78 6327.03 6356.08 6278.28 6183.56 6076.86 6062.91 6058.47 6092.44 6087.58 6084.71 6116.9 6123.79 6123.95 6136.71 6155.23 6165.04 6166.95 6161.67 6204.87 6226.68 6280.94 6455.48 6627.08 6804.3 6984.81 7088.89 7297.03 7619.08 7914.67 7965.91 8102.72 8357.35 8558.75 8662.06 8604.58 8425.46 8300.72 8202.22 8171.27 8163 8138.19 8182.21 8242.42 8318.57 8391.31 8429.51 8350.51 8176.36 8198.28 8296.78 8381.58 8210.45 8082.8 7979.02 7961.56
5835.96 5796.89 5775.21 5793.48 5799.01 5821.12 5890.71 6021.09 6170.15 6182.81 6127.78 6150.72 6189.5 6231.19 6214.9 6123.2 6099.82 6082.53 6057.88 6062.4 6089.35 6135.87 6139.36 6114.52 6121.87 6144.84 6177.3 6208.38 6290.79 6338.29 6298.69 6347.82 6461.03 6593.56 6789.66 6930.22 6989.2 7108.99 7323.54 7672.63 7957.76 8083.06 8205.74 8440.5 8633.28 8771.74 8656.71 8459.24 8279.09 8172.39 8153.13 8145.25 8131.05 8178.68 8243.84 8317.91 8404.02 8502.9 8338.4 8182.23 8196.59 8256.11 8331.59 8202.51 8023.27 7982.49 8051.35
