real_craters/C203-500m.grd
DSAA
531 531
-132.3875 132.3875
-132.3875 132.3875
7249.5108945715 10465.405454921
[rows 240 to 269 of 531, columns 67 to 133 of 531]
9328.82 9333.11 9338.88 9343.68 9347.93 9351.71 9353.31 9353.93 9362.2 9365.82 9366.28 9378.53 9392.5 9405.39 9417.15 9425.96 9424.87 9423.79 9421.32 9427.31 9437.28 9449.99 9460.62 9469.89 9479.79 9486.95 9483.8 9481.91 9486.09 9493.06 9505.37 9513.52 9516.94 9515.95 9522.37 9530.53 9536.43 9540.83 9537.93 9535.87 9543.65 9549.96 9550.66 9539.99 9558.25 9581.38 9632.1 9683.55 9730.95 9772.79 9746.59 9661.7 9546.1 9414.18 9260.14 9131.2 9031.54 8936.12 8849.37 8772.66 8715.1 8695.85 8716.87 8752.97 8792.4 8826.81 8851.54
9327.59 9333.04 9338.39 9343.55 9348.61 9353.12 9356.06 9353.48 9348.87 9357.02 9360.91 9375.23 9388.86 9401.95 9414.99 9425.33 9417.64 9403.48 9404.88 9413.21 9422.27 9427.96 9436 9454.67 9471.52 9484.11 9488.82 9477.48 9473.25 9469.01 9483.61 9495.76 9498.97 9501.83 9517.39 9527.83 9533.1 9540.97 9537.46 9539.95 9533.4 9543.25 9551.44 9559.15 9560.56 9576.68 9617.12 9680.88 9757.67 9838.31 9788.7 9679.45 9537.1 9385.6 9217.66 9077.32 8993.54 8900.1 8807.87 8728.77 8672.28 8666.28 8702.54 8756.03 8814.89 8874.13 8928.27
9327.43 9333.33 9337.85 9343.49 9349.3 9355.48 9361.53 9367.07 9365.58 9362.75 9368.79 9375.03 9386.81 9399.32 9408.49 9409.12 9398.76 9387.78 9391.41 9402.59 9413.08 9419.56 9427.95 9448.69 9464.93 9477.03 9482.23 9473.82 9467.87 9469.09 9477.56 9483.29 9490.11 9496.46 9511.5 9524.11 9529.2 9537.98 9541.06 9548.18 9539.75 9543.23 9544.97 9539.95 9546.47 9558.13 9603.31 9679.98 9766.35 9849.1 9816.63 9697.06 9535.61 9352.52 9203.46 9077.25 8977.25 8871.22 8773.16 8693.95 8637.97 8647.87 8694.13 8755.42 8821.55 8873.43 8869.85
9326.66 9332.02 9337.08 9343.21 9349.17 9356.35 9365.45 9376.14 9372.38 9356.17 9360.06 9371.58 9383.91 9396.02 9404.75 9406.88 9397.28 9378.1 9383.66 9397.17 9412.13 9427.21 9444.29 9452.75 9460.33 9465.98 9468.16 9465.72 9464.14 9462.94 9470.65 9476.91 9478.52 9494.06 9502.59 9509.01 9511.81 9532.72 9536.33 9539.73 9550.26 9545.88 9546.25 9545.18 9534.81 9530.21 9567.55 9654.37 9759.68 9877.35 9847.67 9709.33 9533.44 9339.16 9181.6 9036.24 8917.41 8828.66 8744.68 8671.2 8622.62 8640.35 8692.01 8753.18 8808.77 8824.3 8765.14
9326.44 9331.46 9336.33 9341.34 9347.29 9353.31 9360.81 9371.02 9368.58 9359.62 9356.68 9368.57 9381.09 9392.54 9399.82 9395.28 9386.02 9386.72 9386.89 9398.08 9413.4 9431.85 9443.97 9454.44 9456.15 9455.79 9453.27 9459.43 9463.43 9470.28 9479.28 9480.56 9486.25 9490.28 9495.41 9500.64 9509.99 9530.7 9534.21 9538 9545.97 9542.88 9535.83 9539.19 9529.25 9526.24 9542.66 9617.3 9733.3 9863.46 9848.73 9711.58 9535.58 9354.37 9158.36 8992.48 8878.72 8801.98 8731.78 8665.5 8624.4 8647.23 8695.42 8752.42 8804.22 8820.79 8779.88
9326.12 9330.62 9335.83 9339.97 9344.11 9347.96 9350.13 9348.92 9355.43 9358.33 9360.59 9367.07 9378.53 9389.91 9400.06 9390.29 9371.99 9378.65 9382.3 9397.35 9413.65 9432.26 9452.12 9452.1 9448.99 9449.59 9452.3 9456.18 9462.58 9469.43 9473.61 9481.38 9487.87 9487.15 9487.33 9493.49 9503.96 9524.05 9530.4 9533.32 9541.83 9541.58 9533.64 9526.86 9525.91 9525.94 9539.15 9583 9693.25 9805.42 9817.05 9693.56 9523.24 9317.85 9155.84 9010.43 8875.55 8809.07 8747.72 8685.89 8644.83 8667.04 8706.27 8754.69 8805.53 8822.8 8818.99
9325.15 9329.29 9333.09 9337.18 9340.69 9343.3 9343.77 9342.93 9347.44 9350.55 9355.55 9365.45 9376.81 9385.89 9390.1 9394.64 9391.47 9378.11 9389.03 9400.03 9410.48 9423.02 9435.1 9437.7 9438.39 9438.71 9447.61 9454.91 9461.91 9467.83 9478.04 9481.52 9481.03 9480.43 9478.82 9490.76 9507.57 9510.33 9514.95 9527.25 9539.72 9542.51 9542.61 9528.7 9529.56 9534.49 9543.89 9561.95 9654.64 9754.01 9775.03 9664.48 9512.74 9316.01 9166.04 9025.73 8919.06 8854.46 8794.2 8740.33 8703.22 8701.52 8719.39 8750.61 8788.5 8805.17 8805.77
9323.45 9327.44 9331.23 9334.89 9337.73 9340.05 9341.74 9343.74 9345.57 9346.72 9352.98 9364.59 9376.98 9388.86 9393.17 9408.61 9426.28 9422.01 9405.79 9403.55 9406.8 9410.21 9410.57 9418.49 9430.11 9437.17 9445.17 9454.24 9462.4 9471.37 9483.66 9482.91 9480.73 9481.34 9480.09 9492.09 9503.93 9511.9 9513.63 9516.12 9531.74 9539.48 9542.59 9535.75 9536.51 9544.94 9553.06 9559.97 9625.85 9703.51 9736.38 9633.73 9500.4 9355.17 9192.5 9077.21 8987.46 8919.33 8853.73 8806.93 8766.37 8736.55 8729.29 8734.25 8752.62 8760.17 8765.86
9323.38 9327.26 9330.74 9333.56 9336.48 9338.18 9339.53 9341.86 9342.94 9345.39 9353.21 9363.01 9377.61 9394.25 9411.5 9419.07 9422.89 9414.92 9407.27 9404.11 9403.15 9401.86 9400.53 9408.52 9425.47 9441.08 9446.98 9453.63 9460.05 9468.29 9477.92 9481.49 9482.6 9492.83 9497.95 9499.54 9504.16 9512.53 9517.26 9522.23 9527.45 9532.89 9535.75 9537.29 9544.67 9546.03 9550.78 9556.54 9602.3 9652.2 9666.3 9598.85 9494.21 9346.23 9231.33 9133.34 9062.35 8991.23 8914.08 8842.38 8797.53 8768.23 8741.09 8715.35 8692.57 8705.49 8721.92
9322.46 9325.75 9329.35 9332.1 9335.16 9337.8 9337.64 9340.06 9344.16 9343.65 9345.89 9359.52 9374.97 9391.52 9406.52 9417.26 9422.43 9414.02 9405.79 9404.44 9401.44 9398.53 9397.75 9404.45 9420.2 9440.01 9447.84 9452.21 9456.64 9461.49 9468.39 9478.79 9492.05 9504.92 9509.79 9506.14 9502.24 9508.59 9519.36 9521.28 9524.32 9528.35 9543.46 9547.51 9558.29 9567.33 9562.22 9565.22 9592.35 9623.72 9633.92 9590.14 9507.36 9379.05 9281.99 9197.16 9140.18 9067.21 8983.76 8899.27 8851.26 8814.34 8773.02 8724.4 8683.89 8693.31 8727.73
9320.03 9324.45 9328.14 9329.42 9334.98 9339.05 9342.99 9345.32 9345.36 9346.65 9348.49 9356.81 9369.96 9387.94 9402.83 9410.7 9419.18 9410.8 9406.55 9406.98 9401.85 9397.51 9395.7 9400.89 9414.85 9434.65 9443.98 9448.98 9452.9 9454.75 9455.56 9469.55 9484.24 9503.05 9510.29 9508.54 9509.81 9517.03 9518.91 9520.55 9520.87 9524.97 9540.23 9564.47 9569.34 9576.08 9571.29 9566.08 9590.97 9630.75 9672.63 9616.99 9531.39 9441.01 9345.36 9266.48 9211.87 9151.41 9077.76 8988.95 8938.15 8886.13 8831.95 8777.44 8739.12 8739.52 8772.69
9317.26 9321.07 9326.59 9330.16 9334.06 9339.35 9351.13 9351.15 9348.64 9350.82 9346.89 9352.31 9359.1 9371.14 9385.75 9396.9 9403.85 9409.68 9422.69 9411.24 9403.29 9399.97 9399.67 9405.57 9417.59 9430.07 9441.26 9447.12 9451.22 9454.86 9461.28 9471.75 9476.15 9487.73 9500.88 9504.17 9507.78 9513.93 9516.54 9514.45 9517.44 9524.41 9540.31 9558.87 9567.63 9574.17 9575.74 9564.8 9589.42 9636.39 9691.8 9632.94 9554.64 9466.43 9409.99 9364.03 9294.03 9246.71 9198.93 9145.42 9057.48 8982.95 8915.03 8856.58 8820.27 8813.28 8838.45
9318.22 9321.94 9325.29 9328.04 9330.82 9332.46 9331.8 9342.17 9347.23 9352.25 9353.44 9342.34 9347.38 9350.25 9365.97 9383.26 9396.3 9407.49 9406.84 9405.44 9403.05 9401.77 9404.31 9415.61 9436.56 9440.03 9440.94 9446.33 9452.24 9457.89 9463.8 9473.61 9476.71 9480.27 9490.93 9496.31 9498.58 9501.13 9505.62 9508.36 9517.72 9524.74 9548.3 9554.61 9557.56 9557.28 9561.49 9562.31 9586.3 9623.59 9646.27 9618.85 9564.17 9497.6 9456.37 9423.63 9374.52 9340.5 9299.82 9252.49 9169.94 9088.89 9012.19 8945.05 8905.29 8891.76 8913.16
9316.3 9320.53 9324.12 9327.9 9330.63 9331.05 9329.26 9336.58 9342.22 9345.9 9344.16 9338.51 9343.95 9349.95 9361.28 9373.2 9384.08 9394.3 9399.1 9396.3 9398.4 9399.17 9402.55 9411.59 9422.43 9428.21 9435.96 9443.91 9452.79 9462.32 9472.88 9486.51 9483.63 9482.81 9487.55 9490.35 9491.5 9492.64 9507.61 9518.81 9521.55 9530.17 9537.63 9546.28 9545.61 9538.39 9538.5 9570.92 9592.15 9611.6 9639.74 9607.54 9562.7 9515.25 9485.95 9466.52 9466.52 9438.22 9383.99 9324.65 9273.35 9199.4 9121.11 9049.54 9017.11 9011.46 9021.66
9315.32 9318.67 9324.04 9328.07 9332.19 9334.94 9338.35 9338.14 9338.84 9339.48 9339.25 9338.69 9347.09 9360.42 9364.39 9369.43 9369.22 9361.42 9370.29 9391.78 9394.67 9395.27 9396.21 9399.69 9411.96 9417.85 9428.26 9439.4 9451.15 9465.48 9479.61 9489.98 9486.11 9483.46 9488.01 9488.82 9489.38 9498.26 9502.92 9509.04 9519.68 9525.2 9533.41 9543.57 9540.79 9533.46 9531.09 9563.49 9583.19 9588.23 9588.7 9566.14 9551.25 9528.8 9515.59 9520.27 9539.04 9539.13 9512.29 9460.47 9395.79 9322.07 9245.23 9174.59 9159.07 9165.82 9171.86
9314.26 9318.74 9322.58 9327.02 9331.96 9337.66 9340.06 9338.22 9335.38 9333.1 9329.74 9332.31 9344.13 9359.42 9366 9372.68 9378.98 9387.3 9396.26 9394.7 9392.65 9391.67 9390.64 9389.98 9398.41 9408.83 9422.1 9434.72 9447.95 9463.22 9478.66 9487.72 9486.06 9492.82 9493.58 9491.27 9489.1 9495.37 9501.61 9516.36 9522.47 9530.75 9533.55 9534.33 9535.41 9536.97 9542.98 9544.38 9557.77 9563.48 9560.92 9550.28 9548.75 9544.38 9537.64 9548.83 9577.1 9606.29 9649.36 9601.7 9517.44 9444.31 9381.67 9332.52 9311.79 9330.35 9333.01
9313.77 9317.18 9320.55 9324.46 9329.16 9335.76 9338.76 9335.2 9332.32 9329.49 9326.84 9329.35 9338.77 9350.01 9365.57 9377.96 9391.88 9406.27 9402.53 9391.38 9391.88 9391.25 9390.6 9392.81 9396.38 9405.85 9418.95 9431.48 9443.46 9457.78 9471.23 9480.48 9488.47 9492.97 9500.58 9497.89 9492.19 9497.88 9507.07 9513.46 9520.39 9524.82 9527.7 9533.07 9537.49 9540.37 9543.73 9542.27 9547.86 9551.3 9545.7 9540.99 9557.06 9569.07 9590.22 9593.05 9596.92 9633.81 9685.83 9666.15 9606.43 9548.92 9498.23 9462.7 9421.81 9417.96 9456.03
9311.99 9314.5 9317.07 9319.87 9323.14 9324.83 9328.97 9330.57 9330.56 9329.94 9329.52 9333.34 9344.99 9356.38 9368.19 9380.57 9392.69 9402.71 9402.55 9396.04 9393.15 9391.9 9391.47 9392.58 9400.33 9409.62 9420.11 9430.99 9440.86 9449.45 9461.18 9484.41 9501.19 9511.81 9514.33 9507.38 9500.68 9505.62 9508.56 9514.16 9515.31 9515.15 9523.25 9533.18 9540.15 9540.87 9542.05 9542.39 9545.9 9548.71 9552.7 9563.01 9569.61 9584.21 9612.56 9616.23 9629.51 9668.75 9692.38 9691.18 9660.02 9629.26 9600.68 9558.74 9532.48 9526.51 9568.82
9308.75 9311.45 9313.55 9315.17 9317.62 9321.09 9324.48 9327.46 9330.64 9332.74 9333.9 9336.65 9349.38 9361.11 9370.19 9379.98 9388.65 9393.47 9399.04 9397.32 9397.55 9395.83 9393.27 9392.48 9402.68 9414.15 9424.45 9433.52 9441.13 9445.21 9446.98 9465.47 9495.55 9516.94 9521.49 9514.34 9509.95 9511.45 9513.58 9515.63 9514.62 9511.67 9518.54 9527.83 9535.21 9537.97 9540.59 9547.76 9548.37 9549.28 9555.1 9566.15 9570.77 9579.59 9590.21 9603.46 9610.26 9639.56 9736.22 9697.85 9683.92 9681.24 9703.61 9714.51 9684.87 9662.54 9665.21
9306.27 9308.09 9309.37 9310.23 9311.68 9314.98 9320.84 9326.19 9332.43 9338.5 9342.48 9346.43 9354.27 9362.72 9371.12 9378.97 9386.35 9394.63 9407.72 9406.5 9408.5 9403.32 9398.86 9394.78 9406.98 9421.01 9430.36 9438.18 9445.09 9450.86 9456.12 9468.45 9493.67 9506.34 9513.14 9513.45 9515.32 9513.89 9516.75 9516.43 9514.54 9509.86 9515.43 9522.75 9527.87 9533.69 9537.15 9536.66 9541.02 9543.41 9547.83 9553.43 9561.9 9573.67 9582.32 9592.27 9596.01 9598.28 9614.46 9660.94 9676.31 9686.69 9702.34 9717.62 9731.86 9712.69 9699.17
9303.35 9304.35 9306.33 9307.88 9308.87 9308.18 9318.03 9326.11 9334.82 9344.63 9355.31 9363.32 9366.52 9368.41 9372.44 9378.47 9385.47 9394.9 9415.65 9441.26 9419.21 9409.44 9405.84 9412.87 9426.52 9432.38 9439.46 9445.83 9453.44 9461.32 9470.79 9482.23 9497.94 9500.78 9502.34 9507.01 9508.33 9508.92 9510.01 9515.25 9512.41 9510.14 9514.27 9520.42 9524.63 9529.65 9532.37 9535.21 9531.8 9533.75 9536.97 9538.13 9551.97 9571.98 9586.77 9592.02 9599.35 9606.87 9614.13 9638.5 9656.77 9666.89 9669.78 9665.73 9644.99 9674.43 9683.85
9300.48 9303.41 9305.78 9308.78 9311.33 9315.18 9320.28 9327.3 9336.69 9347.78 9361.9 9364.81 9366.33 9368.71 9372.81 9378.04 9383.48 9389.61 9391.83 9401.04 9410.08 9410.88 9411.12 9409.43 9433.9 9439.98 9445.93 9453.25 9462.25 9471.51 9479.83 9486.67 9496.57 9500.4 9503.56 9503.79 9505.54 9509.95 9513.71 9514.39 9509.28 9509.53 9513.01 9518.24 9523.67 9523.66 9523.05 9519.98 9518.58 9525.37 9531.52 9536.88 9550.51 9565.02 9580.55 9590.34 9600.93 9608.25 9617.7 9629.53 9639.98 9648.32 9648.12 9652.85 9647.6 9658.03 9666.35
9298.27 9304.1 9306.85 9309.56 9313.01 9317.13 9323.18 9329.03 9336.75 9345 9353.83 9355.48 9359.94 9366.33 9371.12 9375.52 9380.22 9384.37 9389.6 9394.92 9404.44 9411.95 9421.52 9444.58 9440.31 9442.3 9447.38 9456.73 9469.11 9479.57 9483.79 9487.93 9494.63 9500.26 9501.29 9506.3 9508.52 9512.61 9512.62 9515.7 9511.84 9507.79 9511.21 9515.51 9516.25 9517.94 9515.08 9512.96 9515.57 9521.74 9531.92 9544.66 9552.37 9553.97 9567.3 9585.1 9601.32 9620.32 9620.3 9622.04 9628.5 9636.43 9643.59 9660.18 9669.07 9663.56 9659.21
9296.05 9301.29 9308.55 9312.79 9316.23 9320.23 9324.73 9330.38 9335.93 9340.23 9341.34 9354.65 9362.39 9365.07 9369.16 9374.47 9379.76 9386.5 9393.47 9402.66 9405.48 9410.41 9418.77 9446.23 9446.47 9440.09 9443.86 9454.59 9470.51 9490.64 9497.34 9490 9495.37 9501.85 9509.93 9506.05 9500.01 9498.77 9505.66 9511.32 9502.98 9504.56 9509.69 9515.7 9520.32 9517.71 9509.82 9500.7 9503.64 9518.38 9532.63 9546.79 9553.36 9557.05 9568.9 9585.79 9599.09 9602.68 9609.64 9611.95 9613.32 9619.16 9639.27 9659.36 9671.85 9664.04 9656.41
9296.25 9303.6 9310.24 9317.51 9322.36 9326.61 9329.33 9333.51 9337.82 9340.84 9342.73 9351.07 9360.17 9363.78 9368.39 9372.8 9377.52 9384.19 9391.87 9394.31 9398.79 9407.79 9417.81 9431.15 9418.13 9422.19 9431.78 9443.91 9458.96 9477.66 9485.42 9477.25 9483.88 9493.37 9499.01 9492.51 9487.48 9492.35 9504.6 9512.36 9502.59 9503.88 9509.17 9515.54 9521.96 9517.53 9506.89 9500.55 9507.56 9516.7 9531.2 9546.53 9557.8 9563.46 9574.33 9588.01 9601.8 9612.53 9608.28 9603.05 9600.18 9598.45 9605.64 9645.76 9663.35 9657.49 9651.3
9295.93 9304.84 9313.99 9324.09 9331.76 9334 9334.47 9337.73 9341.5 9345.3 9350.02 9353.16 9357.88 9362.49 9366.41 9369.77 9372.48 9374.8 9377.24 9385.61 9391.6 9404.08 9416.85 9418.17 9406.21 9408.71 9418.77 9429.73 9440.57 9450.42 9458.48 9463.43 9472.14 9480.99 9473.35 9476.49 9481.95 9493.72 9517.51 9524.02 9511.53 9506.15 9508.52 9512.71 9515.59 9512.12 9503.74 9497.6 9502.08 9512.55 9527.09 9543.62 9558.13 9569.71 9577.48 9587.84 9602.03 9615.72 9603.85 9595.84 9590.38 9588.78 9598.16 9618.55 9637.27 9642.93 9641.89
9297.32 9307.44 9317.79 9328.21 9335.64 9339.62 9339.09 9342.21 9345.62 9350.38 9355.81 9357.68 9357.45 9361.63 9364.39 9367.23 9368.76 9369.4 9371.46 9381.97 9389.94 9401.09 9407.15 9412.3 9402.61 9402.08 9410.23 9419.25 9426.34 9430.97 9445.97 9460.08 9480.21 9484.29 9476.64 9477.68 9483.72 9491.92 9506.94 9515.01 9505.53 9504.43 9506.24 9508.74 9510.38 9507.91 9500.17 9492.7 9496.19 9504.88 9519.45 9536.15 9548.59 9563.42 9575.36 9582.55 9586.94 9589.31 9590.1 9586.36 9582 9578.04 9585.22 9603.59 9617.31 9627.55 9630.9
9300.95 9310.74 9320.7 9332.04 9340.26 9343.62 9343.7 9347.5 9352.07 9357.13 9360.36 9361.64 9361.01 9362.95 9364.88 9366.54 9368.36 9370.32 9374.17 9382.58 9398.5 9401.99 9405.6 9405.41 9396.82 9397.16 9404.92 9413.61 9420.53 9427.13 9441.33 9466.8 9493.39 9492.35 9491.56 9485.1 9464.29 9475.69 9492.79 9505.35 9501.53 9502.66 9502.45 9503.07 9504.22 9503.24 9495.99 9490.85 9488.67 9496.55 9509.81 9526.14 9548.24 9563.8 9569.91 9575.39 9578.01 9578.25 9580.04 9579.33 9576.55 9576.39 9580.88 9590.27 9605.09 9616.46 9620.63
9303.98 9314.27 9323.54 9333.74 9342.87 9345.96 9347.66 9352.63 9357.71 9362.65 9367.48 9368.97 9367.64 9365.39 9365.85 9367.33 9369.48 9372.03 9375.86 9379.19 9394.55 9398.2 9397.58 9394.44 9392.44 9395.08 9403.37 9413.03 9423.31 9433.51 9440.75 9452.92 9483.1 9483.77 9484.04 9472.39 9460.74 9463.06 9468.74 9482.91 9497.63 9496.36 9495.47 9494.81 9493.79 9491.27 9489.31 9487.53 9486.32 9487.18 9497.3 9510.65 9524.83 9550.1 9559.62 9568.83 9575.25 9578.32 9579.01 9574.32 9571.81 9572.08 9576.95 9586.89 9596.63 9607.95 9618.46
9311.04 9319.62 9326.67 9332.41 9340.19 9349.89 9352.01 9357.98 9363.09 9367.82 9371.97 9372.38 9367.33 9366.22 9367.34 9369.49 9371.94 9374.94 9378.1 9379.37 9390.44 9392.49 9386.75 9386.86 9390.22 9395.78 9404.59 9414.82 9427.21 9438.65 9444.67 9453.09 9463.62 9468 9467.32 9461.75 9457.8 9457.81 9456.68 9453.69 9483.65 9483.66 9485.01 9485.04 9481.88 9475.72 9482.68 9484.86 9471.69 9477.63 9484.88 9492.74 9501.69 9524.16 9543.74 9559.84 9573.45 9574.81 9571.63 9564.68 9563.8 9568.54 9572.07 9576.37 9586.48 9596.23 9605.23
