real_craters/C203-750m.grd
DSAA
354 354
-132.3875 132.3875
-132.3875 132.3875
7258.2067543633 10444.048933089
[rows 76 to 113 of 354, columns 0 to 83 of 354]
9428 9424 9421 9419 9425 9430 9434 9436 9438 9438 9439 9440 9441 9443 9445 9447 9449 9447 9445 9443 9441 9440 9435 9428 9431 9433 9440 9441 9415 9371 9325 9294 9284 9279 9268 9257 9250 9246 9244 9245 9238 9230 9223 9218 9224 9231 9232 9229 9211 9199 9201 9222 9249 9269 9283 9315 9407 9453 9462 9450 9432 9418 9406 9399 9402 9418 9437 9448 9453 9462 9471 9480 9485 9485 9479 9472 9468 9465 9463 9462 9458 9448 9434 9440
9424 9422 9420 9416 9423 9428 9431 9433 9433 9435 9437 9438 9440 9442 9446 9450 9449 9446 9441 9436 9432 9429 9425 9422 9428 9438 9448 9457 9449 9421 9348 9283 9280 9280 9271 9261 9253 9245 9237 9234 9236 9225 9218 9218 9222 9223 9220 9212 9203 9200 9210 9240 9266 9289 9313 9361 9450 9484 9486 9474 9458 9437 9422 9408 9405 9430 9450 9457 9458 9464 9471 9478 9483 9481 9477 9470 9467 9467 9467 9466 9457 9446 9438 9433
9421 9419 9417 9413 9420 9426 9429 9429 9430 9433 9435 9436 9437 9439 9443 9447 9443 9440 9433 9428 9424 9420 9419 9422 9438 9462 9476 9485 9484 9467 9384 9301 9288 9283 9281 9276 9260 9245 9232 9224 9221 9214 9206 9211 9218 9218 9219 9207 9197 9196 9205 9239 9273 9306 9341 9394 9475 9500 9502 9491 9475 9450 9431 9422 9423 9439 9453 9450 9457 9464 9469 9474 9477 9474 9467 9465 9465 9468 9472 9472 9456 9445 9435 9426
9420 9417 9412 9410 9418 9424 9425 9430 9432 9432 9432 9432 9432 9433 9433 9430 9425 9423 9422 9421 9419 9419 9420 9430 9454 9480 9495 9506 9506 9490 9430 9377 9306 9287 9291 9287 9266 9247 9230 9220 9215 9206 9191 9193 9210 9207 9202 9203 9198 9195 9201 9231 9244 9302 9364 9417 9477 9514 9512 9493 9470 9447 9433 9431 9436 9447 9449 9442 9452 9459 9464 9468 9471 9469 9463 9461 9461 9462 9468 9469 9461 9447 9435 9429
9418 9414 9410 9408 9417 9422 9424 9429 9431 9430 9429 9428 9427 9426 9423 9418 9413 9413 9414 9416 9417 9422 9430 9441 9469 9498 9505 9508 9509 9493 9454 9409 9332 9300 9295 9287 9269 9250 9231 9220 9213 9207 9206 9209 9200 9200 9191 9200 9204 9202 9213 9236 9256 9328 9391 9444 9490 9513 9507 9488 9463 9441 9434 9441 9455 9464 9463 9450 9450 9452 9457 9461 9465 9466 9463 9459 9456 9455 9454 9456 9453 9445 9437 9434
9415 9410 9406 9407 9417 9420 9422 9426 9427 9425 9424 9423 9422 9420 9416 9411 9408 9407 9411 9415 9420 9429 9440 9446 9469 9494 9503 9505 9501 9483 9450 9408 9348 9315 9297 9286 9274 9257 9237 9221 9213 9211 9214 9218 9219 9206 9194 9195 9199 9218 9240 9264 9317 9383 9415 9455 9518 9516 9501 9485 9465 9437 9430 9446 9467 9477 9479 9459 9451 9446 9448 9452 9458 9462 9462 9456 9452 9448 9450 9453 9450 9441 9435 9443
9408 9405 9403 9407 9414 9417 9420 9422 9421 9418 9419 9419 9417 9415 9412 9408 9406 9405 9410 9418 9428 9443 9453 9456 9464 9482 9496 9499 9493 9474 9442 9393 9357 9337 9306 9299 9287 9269 9253 9228 9220 9218 9213 9207 9212 9216 9223 9221 9230 9270 9302 9338 9367 9408 9427 9449 9475 9497 9490 9475 9464 9449 9439 9443 9456 9473 9494 9476 9450 9439 9436 9441 9450 9456 9457 9453 9447 9444 9445 9452 9450 9436 9427 9430
9402 9402 9403 9405 9412 9416 9419 9420 9419 9419 9417 9415 9413 9411 9409 9407 9404 9403 9409 9421 9439 9457 9472 9476 9471 9481 9490 9494 9490 9473 9447 9415 9391 9379 9371 9341 9314 9283 9253 9231 9239 9242 9233 9219 9223 9235 9246 9274 9308 9357 9377 9389 9408 9434 9447 9454 9454 9464 9460 9456 9449 9448 9442 9434 9430 9444 9466 9445 9430 9418 9414 9430 9446 9455 9453 9449 9443 9438 9441 9447 9447 9429 9415 9417
9399 9402 9405 9406 9410 9420 9421 9422 9422 9420 9416 9413 9411 9410 9408 9406 9404 9403 9408 9421 9437 9460 9476 9483 9483 9484 9490 9493 9489 9478 9460 9440 9423 9417 9410 9384 9355 9322 9289 9270 9288 9293 9286 9265 9276 9295 9308 9350 9396 9413 9424 9428 9444 9472 9489 9477 9465 9454 9443 9440 9433 9432 9430 9421 9413 9416 9423 9400 9398 9397 9403 9422 9443 9458 9452 9444 9437 9431 9427 9430 9430 9414 9396 9391
9397 9402 9406 9407 9411 9412 9420 9421 9418 9414 9412 9411 9410 9408 9407 9405 9404 9402 9407 9417 9431 9451 9466 9481 9485 9487 9490 9493 9493 9486 9475 9462 9446 9440 9433 9419 9404 9396 9393 9386 9369 9364 9370 9392 9392 9388 9401 9420 9440 9461 9460 9467 9491 9512 9515 9492 9468 9454 9444 9435 9425 9419 9419 9413 9406 9400 9390 9364 9378 9393 9402 9417 9439 9455 9447 9433 9422 9408 9396 9402 9405 9392 9373 9374
9397 9402 9403 9408 9417 9423 9421 9417 9413 9411 9410 9410 9409 9408 9407 9404 9404 9404 9406 9414 9424 9435 9449 9465 9476 9483 9488 9494 9497 9492 9485 9476 9464 9460 9454 9448 9445 9449 9462 9460 9435 9427 9434 9453 9453 9443 9441 9448 9460 9465 9478 9500 9523 9528 9518 9493 9466 9456 9448 9439 9429 9418 9413 9410 9404 9396 9387 9381 9380 9384 9391 9412 9433 9445 9433 9417 9403 9390 9385 9387 9388 9379 9368 9365
9396 9401 9402 9410 9416 9418 9420 9420 9417 9412 9410 9410 9409 9409 9407 9408 9410 9407 9409 9413 9419 9428 9435 9448 9459 9470 9479 9491 9497 9495 9494 9491 9483 9481 9476 9471 9471 9475 9482 9480 9469 9464 9468 9476 9471 9460 9457 9461 9465 9471 9481 9500 9516 9514 9503 9487 9473 9474 9459 9448 9438 9431 9418 9412 9407 9400 9393 9392 9394 9396 9396 9414 9426 9425 9411 9399 9388 9381 9381 9383 9379 9375 9365 9357
9389 9395 9403 9410 9413 9417 9426 9427 9423 9416 9413 9412 9411 9409 9408 9407 9405 9411 9416 9418 9421 9425 9429 9440 9444 9455 9464 9469 9478 9490 9499 9502 9494 9490 9486 9483 9484 9488 9488 9487 9482 9479 9481 9484 9477 9468 9466 9466 9464 9466 9473 9481 9487 9487 9486 9482 9475 9475 9467 9454 9447 9435 9424 9415 9411 9406 9399 9399 9407 9417 9427 9422 9419 9404 9388 9380 9373 9372 9373 9374 9369 9367 9363 9359
9384 9393 9413 9426 9441 9440 9441 9439 9434 9427 9420 9415 9412 9410 9409 9407 9406 9409 9416 9421 9422 9426 9432 9437 9440 9445 9451 9456 9467 9484 9500 9507 9497 9490 9488 9487 9487 9488 9488 9488 9485 9483 9482 9482 9476 9469 9470 9469 9467 9464 9465 9468 9470 9478 9474 9470 9478 9492 9476 9464 9454 9440 9422 9415 9412 9410 9405 9409 9417 9423 9427 9418 9408 9389 9371 9362 9353 9346 9350 9355 9353 9351 9348 9346
9390 9410 9442 9462 9472 9465 9458 9453 9448 9438 9428 9417 9412 9411 9411 9411 9411 9410 9410 9420 9424 9429 9435 9439 9440 9442 9444 9445 9458 9475 9493 9504 9506 9496 9489 9487 9487 9487 9488 9485 9483 9480 9478 9475 9471 9467 9468 9470 9468 9463 9461 9461 9460 9462 9452 9442 9453 9525 9482 9477 9463 9446 9423 9416 9409 9405 9406 9412 9419 9417 9415 9405 9390 9372 9358 9348 9331 9289 9326 9335 9333 9334 9333 9334
9404 9429 9451 9468 9476 9474 9470 9466 9459 9441 9421 9415 9412 9411 9412 9414 9416 9418 9416 9423 9426 9427 9438 9443 9445 9445 9444 9444 9448 9463 9479 9490 9493 9491 9485 9484 9485 9486 9485 9482 9479 9476 9473 9470 9467 9465 9469 9475 9469 9456 9456 9454 9446 9451 9431 9399 9354 9267 9327 9377 9461 9455 9433 9416 9405 9399 9402 9406 9407 9405 9399 9392 9380 9363 9349 9343 9332 9322 9310 9313 9313 9320 9324 9325
9419 9432 9449 9463 9470 9475 9475 9474 9473 9448 9422 9416 9413 9412 9412 9414 9420 9426 9424 9424 9429 9441 9460 9464 9462 9442 9435 9435 9445 9448 9456 9464 9470 9469 9472 9477 9484 9484 9481 9479 9476 9472 9468 9464 9462 9461 9467 9473 9486 9459 9458 9447 9437 9438 9416 9379 9322 9285 9290 9349 9456 9459 9433 9415 9402 9396 9398 9397 9394 9393 9390 9384 9376 9365 9356 9343 9331 9317 9302 9299 9298 9309 9317 9317
9421 9436 9451 9466 9472 9477 9478 9476 9471 9451 9430 9419 9415 9414 9413 9413 9414 9422 9431 9436 9449 9450 9417 9367 9405 9392 9413 9429 9429 9433 9432 9440 9446 9451 9458 9464 9471 9481 9481 9476 9471 9467 9463 9459 9457 9458 9463 9470 9465 9461 9461 9443 9435 9432 9411 9379 9340 9308 9361 9415 9466 9461 9435 9415 9400 9392 9395 9391 9389 9387 9382 9377 9369 9361 9354 9341 9329 9315 9301 9295 9296 9312 9322 9315
9427 9443 9458 9475 9482 9482 9479 9473 9463 9446 9428 9421 9418 9417 9415 9414 9417 9425 9426 9435 9458 9464 9299 9111 9167 9315 9401 9434 9432 9428 9420 9424 9430 9439 9446 9452 9456 9470 9473 9469 9464 9461 9458 9454 9450 9454 9457 9459 9455 9455 9457 9443 9441 9439 9425 9402 9398 9430 9497 9525 9467 9461 9439 9418 9405 9399 9398 9389 9388 9384 9378 9371 9360 9352 9344 9337 9332 9319 9305 9298 9298 9316 9327 9322
9441 9454 9465 9480 9490 9486 9479 9472 9460 9447 9432 9426 9424 9421 9418 9415 9413 9416 9423 9426 9444 9442 9301 9162 9205 9332 9412 9440 9442 9434 9424 9420 9421 9430 9436 9443 9451 9454 9458 9458 9458 9456 9455 9453 9452 9450 9450 9455 9458 9454 9444 9429 9440 9442 9437 9435 9441 9463 9488 9479 9479 9464 9443 9423 9413 9409 9403 9387 9387 9385 9376 9367 9354 9346 9337 9327 9325 9321 9311 9303 9304 9317 9321 9301
9442 9449 9462 9477 9489 9485 9479 9473 9468 9460 9449 9440 9431 9426 9422 9419 9416 9411 9413 9418 9424 9427 9453 9419 9474 9419 9417 9430 9432 9429 9421 9411 9414 9421 9425 9431 9436 9438 9445 9449 9451 9452 9453 9452 9450 9449 9448 9457 9461 9449 9438 9424 9431 9442 9445 9448 9454 9463 9476 9484 9479 9457 9436 9424 9417 9410 9398 9382 9375 9383 9372 9363 9353 9344 9337 9330 9321 9310 9302 9298 9298 9299 9306 9293
9435 9443 9454 9463 9475 9478 9476 9472 9469 9464 9457 9447 9435 9429 9425 9424 9425 9424 9420 9420 9419 9425 9432 9459 9434 9432 9417 9418 9417 9411 9402 9392 9389 9399 9406 9416 9425 9431 9433 9437 9442 9446 9451 9453 9453 9454 9455 9457 9458 9448 9435 9425 9428 9443 9448 9453 9460 9464 9472 9470 9465 9451 9433 9423 9416 9415 9411 9391 9375 9375 9365 9356 9346 9342 9336 9327 9320 9308 9297 9287 9275 9276 9293 9301
9426 9435 9443 9452 9464 9472 9471 9468 9462 9456 9448 9439 9433 9429 9427 9426 9425 9422 9420 9418 9416 9418 9418 9427 9422 9422 9421 9411 9403 9393 9384 9375 9370 9372 9384 9393 9403 9414 9419 9426 9433 9439 9447 9455 9457 9458 9457 9451 9451 9449 9435 9427 9430 9444 9450 9453 9457 9464 9473 9476 9468 9453 9436 9428 9420 9420 9420 9410 9398 9366 9353 9346 9345 9338 9333 9324 9318 9310 9297 9283 9276 9276 9278 9290
9420 9429 9443 9453 9468 9470 9467 9462 9455 9444 9437 9429 9429 9428 9428 9427 9425 9422 9416 9412 9408 9415 9420 9424 9426 9421 9412 9405 9396 9381 9373 9363 9358 9360 9368 9374 9382 9392 9403 9413 9422 9431 9440 9452 9461 9456 9448 9447 9448 9445 9433 9432 9440 9450 9453 9453 9454 9461 9481 9490 9478 9460 9444 9434 9422 9421 9421 9416 9406 9369 9351 9345 9339 9334 9328 9322 9314 9314 9295 9278 9268 9268 9271 9281
9427 9440 9452 9461 9469 9467 9462 9457 9451 9447 9434 9425 9428 9430 9430 9429 9426 9423 9419 9408 9406 9415 9422 9426 9428 9422 9412 9403 9397 9390 9368 9355 9351 9355 9363 9368 9372 9379 9388 9396 9404 9415 9428 9435 9439 9440 9443 9442 9437 9427 9428 9433 9444 9453 9454 9451 9449 9443 9445 9460 9472 9466 9456 9444 9431 9421 9416 9411 9404 9382 9360 9352 9343 9331 9315 9304 9312 9305 9286 9266 9262 9261 9269 9278
9432 9442 9453 9460 9463 9460 9455 9450 9445 9440 9435 9433 9434 9434 9433 9432 9431 9432 9436 9427 9403 9419 9428 9432 9431 9420 9407 9395 9385 9377 9354 9340 9345 9357 9365 9369 9370 9372 9377 9384 9390 9398 9409 9417 9417 9416 9423 9425 9427 9420 9429 9433 9442 9454 9452 9450 9447 9443 9453 9449 9468 9464 9463 9442 9428 9414 9403 9399 9402 9396 9369 9353 9343 9329 9313 9295 9309 9299 9277 9253 9244 9252 9264 9276
9431 9439 9447 9450 9450 9449 9446 9442 9438 9434 9437 9440 9441 9440 9437 9436 9436 9439 9445 9442 9439 9442 9441 9439 9437 9428 9406 9385 9361 9338 9331 9325 9342 9364 9370 9369 9367 9364 9366 9370 9374 9378 9385 9408 9405 9404 9411 9417 9425 9433 9434 9432 9437 9443 9446 9447 9446 9449 9456 9464 9465 9448 9432 9427 9414 9402 9391 9384 9383 9387 9368 9348 9338 9329 9324 9314 9303 9291 9274 9254 9248 9249 9258 9275
9417 9429 9435 9439 9441 9441 9438 9434 9431 9432 9437 9447 9448 9444 9440 9439 9440 9440 9433 9433 9442 9454 9448 9439 9435 9422 9400 9374 9349 9321 9317 9327 9335 9353 9359 9358 9344 9351 9354 9355 9357 9357 9350 9340 9378 9400 9407 9412 9421 9426 9428 9432 9434 9439 9442 9444 9447 9451 9453 9460 9451 9422 9387 9385 9392 9391 9386 9376 9357 9356 9359 9342 9333 9326 9321 9309 9298 9287 9278 9269 9259 9252 9255 9274
9406 9419 9422 9429 9434 9433 9428 9425 9423 9423 9432 9446 9448 9443 9438 9436 9435 9429 9422 9427 9432 9429 9428 9426 9427 9426 9390 9361 9338 9319 9307 9309 9317 9323 9338 9345 9345 9342 9344 9347 9349 9346 9339 9329 9368 9402 9412 9417 9420 9412 9415 9425 9427 9432 9436 9440 9445 9451 9461 9459 9435 9404 9371 9367 9380 9384 9385 9380 9370 9364 9357 9341 9325 9320 9314 9303 9293 9285 9279 9272 9260 9252 9257 9274
9403 9412 9420 9418 9418 9416 9416 9415 9416 9418 9426 9437 9440 9434 9428 9425 9426 9427 9422 9423 9424 9417 9407 9400 9395 9385 9361 9339 9320 9308 9295 9291 9304 9318 9328 9329 9331 9333 9336 9340 9344 9349 9360 9382 9383 9403 9412 9418 9416 9399 9402 9409 9417 9425 9430 9434 9440 9447 9454 9450 9425 9395 9372 9365 9369 9375 9380 9382 9376 9370 9362 9345 9323 9315 9310 9301 9288 9281 9275 9268 9258 9249 9256 9271
9396 9406 9408 9405 9402 9401 9405 9407 9409 9412 9418 9427 9428 9420 9412 9406 9404 9410 9417 9422 9418 9405 9383 9367 9351 9327 9320 9311 9303 9302 9300 9296 9295 9295 9298 9308 9315 9323 9329 9333 9339 9346 9354 9362 9378 9392 9397 9406 9409 9402 9401 9403 9407 9409 9417 9429 9437 9442 9442 9431 9404 9385 9370 9360 9361 9364 9367 9370 9370 9368 9360 9340 9321 9313 9308 9300 9286 9278 9270 9262 9254 9248 9252 9266
9376 9387 9390 9389 9390 9392 9396 9400 9403 9407 9411 9413 9410 9400 9392 9385 9381 9389 9408 9410 9395 9371 9355 9338 9316 9297 9294 9288 9279 9282 9284 9289 9290 9291 9294 9297 9308 9317 9322 9327 9332 9338 9340 9348 9364 9378 9381 9383 9394 9372 9388 9389 9398 9410 9421 9427 9431 9433 9431 9413 9391 9376 9368 9365 9357 9354 9352 9348 9352 9353 9348 9331 9318 9310 9302 9294 9283 9275 9269 9259 9252 9247 9253 9264
9355 9361 9364 9372 9379 9388 9387 9391 9397 9402 9404 9395 9385 9380 9374 9368 9364 9375 9387 9382 9368 9347 9333 9317 9301 9292 9285 9277 9270 9262 9271 9280 9285 9294 9303 9311 9314 9318 9321 9324 9326 9330 9340 9343 9352 9365 9376 9384 9392 9380 9365 9368 9391 9409 9420 9423 9422 9420 9412 9394 9375 9368 9366 9355 9347 9343 9340 9335 9332 9326 9321 9320 9320 9310 9299 9289 9280 9271 9263 9259 9252 9253 9257 9263
9342 9345 9354 9362 9366 9365 9374 9381 9387 9392 9392 9379 9365 9363 9361 9357 9353 9362 9366 9359 9348 9333 9318 9304 9290 9286 9280 9273 9269 9268 9269 9273 9279 9288 9300 9320 9317 9315 9315 9317 9317 9316 9315 9328 9340 9350 9374 9374 9379 9373 9363 9374 9394 9411 9421 9420 9413 9404 9391 9386 9374 9369 9367 9351 9340 9334 9330 9326 9312 9296 9295 9303 9307 9305 9299 9286 9275 9268 9259 9254 9251 9246 9258 9266
9345 9349 9358 9360 9361 9359 9366 9371 9375 9377 9375 9365 9356 9353 9351 9350 9350 9348 9350 9341 9332 9316 9306 9295 9286 9280 9275 9268 9264 9265 9265 9267 9270 9276 9290 9308 9308 9307 9308 9310 9311 9310 9310 9321 9333 9352 9370 9373 9372 9369 9373 9394 9404 9414 9421 9416 9408 9396 9388 9385 9377 9371 9370 9353 9337 9327 9319 9310 9297 9285 9280 9288 9296 9298 9291 9284 9275 9271 9267 9262 9257 9255 9262 9273
9353 9356 9362 9363 9362 9364 9363 9363 9361 9359 9355 9351 9348 9346 9342 9340 9339 9329 9325 9319 9314 9304 9297 9288 9279 9276 9271 9266 9261 9258 9259 9259 9262 9266 9274 9283 9293 9298 9301 9305 9309 9314 9319 9319 9323 9335 9354 9357 9365 9372 9380 9401 9412 9416 9415 9415 9409 9395 9390 9387 9381 9371 9365 9361 9339 9325 9309 9290 9280 9279 9275 9280 9285 9293 9290 9284 9276 9279 9282 9279 9272 9271 9277 9286
9360 9354 9361 9362 9361 9361 9359 9354 9349 9343 9335 9336 9339 9337 9331 9327 9323 9317 9303 9302 9300 9296 9293 9286 9277 9270 9263 9259 9254 9249 9247 9250 9253 9257 9265 9269 9279 9287 9293 9298 9304 9311 9317 9314 9312 9314 9332 9340 9363 9382 9397 9413 9418 9422 9423 9423 9418 9411 9402 9398 9386 9371 9362 9368 9354 9328 9303 9276 9267 9273 9275 9280 9286 9291 9290 9289 9282 9285 9295 9297 9292 9290 9293 9300
9361 9354 9351 9355 9356 9356 9352 9345 9338 9330 9324 9321 9320 9319 9320 9319 9317 9310 9291 9303 9308 9299 9292 9286 9278 9266 9258 9253 9248 9243 9239 9241 9245 9249 9255 9262 9269 9277 9284 9290 9296 9300 9301 9307 9310 9313 9325 9337 9364 9384 9399 9409 9418 9428 9439 9435 9427 9418 9405 9398 9385 9372 9364 9361 9354 9328 9304 9283 9273 9276 9281 9284 9286 9287 9286 9290 9290 9296 9306 9315 9313 9310 9309 9313
