real_craters/C203-1000m.grd
DSAA
152 152
-75.65 75.65
-75.65 75.65
5349.8796587769 8867.4224183088
[rows 120 to 149 of 152, columns 67 to 133 of 152]
7491.01 7495.33 7509.32 7508.78 7571.35 7668.44 7714.71 7820.36 7815.36 7810.01 7859.58 7852.6 7864.49 7832.93 7733.78 7677.27 7597.6 7525.42 7605.77 7593.14 7507.79 7510.06 7561.34 7574.77 7557.34 7629.57 7703.09 7734.63 7783.82 7901.24 7981.92 8016.31 8002.11 7982.44 7947.84 7920.71 7894.35 7916.83 7854.19 7825.96 7833.25 7805.95 7799.43 7880.51 7956.02 7934.69 7797.16 7672.29 7647.8 7629.13 7623.69 7633.52 7632.52 7615.67 7611.48 7630.56 7669.22 7690.61 7714.77 7757.38 7827.25 7885.95 7933.21 7904.94 7817.08 7625.48 7454.95
7448.59 7431.29 7453.15 7444.04 7440.05 7486.17 7541.27 7708.67 7716.75 7625.44 7606.76 7651.45 7714.04 7739.05 7693.13 7647.11 7562.88 7535.09 7634.28 7613.73 7577.46 7595.69 7579.04 7511.93 7515.98 7588.59 7606.82 7655.23 7728.06 7817.95 7912.53 7962.89 7957.88 7938.82 7912.56 7873.9 7863.13 7863.06 7822.49 7816.65 7832.21 7861.37 7863.37 7887.49 7951.33 7947.15 7807.24 7637.11 7619.25 7619.45 7625 7629.54 7623.04 7599.48 7585.06 7619.95 7654.09 7682 7714.27 7769.12 7850.39 7917.1 7847.54 7749.79 7632.33 7473.79 7367.07
7433.38 7438.44 7482.72 7489.7 7422.3 7435.18 7476.64 7566.03 7530.8 7423.04 7438.11 7475.79 7552.63 7655.32 7770.62 7605.8 7603.91 7641.2 7696.27 7708.43 7718.86 7745.77 7597.72 7502.4 7496.19 7527.26 7552.9 7603.11 7667.49 7748.17 7813.72 7862.22 7882.55 7878.45 7864.62 7832.61 7812.14 7793.07 7824.52 7832.12 7842.55 7867.09 7839.44 7864.14 7900.12 7889.92 7792.97 7644.14 7617.28 7627.35 7638.06 7630.28 7622.74 7598.86 7588.23 7614.83 7641.52 7672.98 7714.12 7780.98 7867.12 7946.48 7866.31 7625.45 7466.13 7361.36 7307.19
7440.42 7450.29 7485.69 7496.57 7479.35 7469.46 7469.97 7554.65 7477.83 7386.09 7360.73 7384.32 7458.86 7570.02 7715.78 7577.63 7547.87 7583.75 7600.97 7656.79 7661.61 7604.88 7574.52 7548.47 7547.93 7504.73 7526.09 7593.7 7646.02 7695.55 7748.75 7792.6 7811.2 7816.38 7818.46 7815.37 7804.49 7834.63 7902.2 7878.55 7861.09 7874.92 7845.25 7853.55 7831.91 7779.81 7718.09 7632.74 7606.48 7616.89 7630.47 7623.77 7629.49 7612.28 7600.5 7618.11 7635.72 7668.2 7713.77 7775.99 7836.87 7863.39 7667.13 7507.58 7381.55 7335.91 7303.74
7464.02 7449.06 7515.15 7580.98 7545.64 7517.19 7467.63 7416.28 7446.98 7424.53 7364.5 7364.48 7449.38 7543.77 7567.55 7513.61 7567.18 7535.77 7526.6 7548.39 7596.95 7596.81 7583.33 7554.49 7555.31 7497.52 7523.82 7563.4 7610.71 7651.56 7694.68 7723.29 7748.14 7765.14 7779.04 7792.6 7815.55 7885.8 7969.86 7905.41 7850.71 7870.22 7900.12 7866.02 7770.78 7699.89 7666.95 7586.72 7580.76 7578.17 7573.99 7594.86 7622.68 7628.81 7589.41 7606.93 7638.71 7674.37 7707.31 7748.87 7771.23 7755.08 7544.59 7360.72 7312.63 7327.44 7315.06
7508.61 7492.41 7518.61 7541.68 7600.91 7566.98 7484.21 7401.74 7409.1 7405.01 7393.86 7387.52 7432.5 7412.04 7462.87 7505.85 7486.71 7531.98 7535.57 7563.62 7583.1 7607.03 7616.02 7608.87 7573.93 7556.65 7537.41 7566.98 7588.89 7611.05 7637.52 7669.57 7696.98 7718.79 7733.68 7772.65 7827.75 7904.23 7948.39 7875.39 7797.18 7819.03 7855.56 7796.23 7689.05 7608.36 7602.79 7563.52 7557.69 7547.71 7550.07 7560.6 7576.9 7607.33 7599.89 7604.62 7637.54 7672.74 7716.78 7714.46 7684.92 7597.37 7414.52 7318.95 7328.42 7287.61 7285.31
7540.66 7529.74 7521.64 7539.8 7594.75 7583.35 7516.24 7472.62 7448.21 7459.53 7415.81 7450.16 7450.45 7383.01 7396.64 7503.82 7555.93 7570.56 7593.33 7589.74 7577.54 7577.35 7593.74 7616.11 7606.69 7577.91 7572.11 7573.05 7577.75 7582.55 7596.39 7627.53 7656.65 7680.54 7704.77 7747.05 7804.48 7896.82 7926.45 7824.77 7701.59 7663.58 7674.46 7633.05 7599.45 7565.56 7561.67 7546.87 7542.16 7529.72 7514.25 7532.11 7559.14 7598.1 7591.85 7610.5 7638.37 7672.96 7698.86 7684.72 7624.78 7498.67 7382.74 7343.19 7343.93 7338.7 7290.7
7592.4 7577.38 7596.8 7610.7 7562.23 7518.1 7557.32 7495.37 7497.07 7491.92 7467.88 7465.16 7447.28 7416.33 7433.09 7490.4 7537.42 7592.97 7630.84 7599.08 7585.11 7579.85 7556.24 7549.05 7531.23 7538.2 7572.92 7577.39 7574.89 7574.54 7577.54 7604.9 7626.93 7649.74 7676.04 7713.38 7764.13 7849.81 7861.63 7771.7 7677.32 7628.43 7587.83 7535.98 7542.61 7558.68 7562.02 7556.31 7532.68 7521.69 7516.77 7530.18 7554.2 7555.28 7583.15 7590.87 7632.4 7680.72 7704.73 7693.49 7643.84 7561.59 7457.73 7496.53 7399.68 7381.99 7324.39
7617.62 7578.21 7552.07 7593.82 7541.56 7464.95 7482.99 7519.13 7553.65 7543.92 7526.08 7458.41 7417.45 7440.35 7445.88 7505.73 7553.74 7595.3 7637.15 7648.53 7617.06 7593.91 7564.75 7493.48 7462.06 7490.19 7543.12 7563.82 7579.63 7593.73 7598.46 7601.8 7610.7 7621.69 7636.12 7652.98 7688.7 7754.43 7763.82 7710.78 7652.79 7602.74 7567.81 7540.18 7519.94 7529.03 7546.65 7537.02 7523.36 7523.59 7521.63 7527.83 7541.22 7540.54 7541.06 7547.21 7622.04 7725.38 7750.47 7736.17 7660.47 7461.12 7215.26 7041.01 7217.92 7482.97 7383.67
7437.54 7442.11 7439.11 7486.68 7500.74 7459.47 7441.27 7488.41 7568.03 7575.81 7545.35 7474.01 7459.42 7457.87 7486.11 7549.46 7583.23 7595.92 7620.4 7630.54 7570.24 7528.14 7459.76 7444.55 7427.64 7504.51 7568.44 7595.9 7592.9 7606.58 7610.32 7593.05 7592.66 7596.42 7599.43 7600.94 7605.58 7620.42 7647.04 7637.62 7603.66 7568.12 7545.45 7504.54 7489.27 7494.9 7533.67 7531.65 7537.26 7528.58 7526.15 7529.81 7533.69 7540.63 7546.76 7550.43 7627.15 7743.94 7798.47 7788.09 7719.66 7333.1 6866.6 6761.61 6826.83 7134.86 7397.24
7397.67 7424.09 7436.28 7424.92 7426.96 7422.4 7467.14 7504.53 7539.21 7542.83 7501.42 7464.77 7473.66 7486.03 7518.17 7581.14 7631.74 7625.99 7619.07 7556.48 7490.26 7467.94 7435.1 7435.16 7431.13 7527.48 7585.27 7598.95 7581.3 7566.55 7564.26 7565.98 7565.29 7569.32 7577.39 7573.52 7579.55 7586.07 7590.44 7583.75 7561.41 7544.61 7522.24 7475.5 7467.65 7468.06 7505.08 7517.73 7530.75 7533.59 7528.14 7530.59 7541.33 7563.39 7574.76 7586.2 7641.69 7722.69 7757.54 7799.29 7721.48 7197.94 6739.38 6662.7 6706.4 6986.94 7513.72
7430.56 7443.1 7435.47 7435.61 7434.04 7409 7443.27 7485.26 7507.99 7465.39 7457.11 7458.34 7500.68 7552.46 7578.77 7575.97 7606.43 7606.47 7535.22 7468.12 7451 7420.59 7454.88 7446.38 7456.82 7470.68 7560.45 7588.77 7547.92 7512.88 7521.16 7538.23 7547.26 7558.34 7559.03 7546.94 7541.26 7566.93 7556.6 7541.93 7524 7511.33 7493.08 7476.05 7477.24 7463.99 7454.73 7498.25 7544.81 7535.61 7514.16 7500.16 7520.76 7566.75 7578.76 7596.63 7627.85 7655.74 7712.45 7772.1 7732.01 7212.34 6795.5 6638.81 6717.01 7078.89 7467.03
7472.24 7466.54 7446.79 7464.79 7470.75 7460.14 7417.45 7444.21 7451.67 7414.57 7402.68 7438.28 7509.26 7604.88 7557.29 7501.81 7496.1 7556.73 7491.38 7468.71 7481.48 7370.2 7309.63 7456.57 7484.46 7452.59 7472.03 7486.41 7508.97 7508.34 7511.52 7520.39 7528.95 7540.15 7546.77 7557.29 7551.25 7535.23 7531.57 7517.49 7496.67 7468.67 7451.9 7459.56 7475.29 7474.36 7442.74 7469.84 7513.07 7511.56 7503.41 7495.25 7518.88 7529.18 7551.99 7593.41 7634.04 7659.06 7715.44 7729.91 7654.96 7313.14 7026.37 6843.87 6968.12 7309.02 7392.99
7510.73 7496.2 7477.14 7489.12 7504.79 7487.19 7453.49 7442.36 7402.64 7424.75 7425.05 7408.71 7423.76 7456.24 7441.02 7435.08 7436.17 7490.44 7463.51 7458.21 7465.22 7399.19 7384.54 7440.25 7494.84 7479.78 7478.77 7496.03 7503.86 7508.54 7509.82 7516.28 7520.52 7524.08 7529.95 7543.25 7541.11 7527.48 7519.45 7505.86 7483.22 7454.65 7431.96 7450.72 7474.67 7479.1 7450.25 7442.6 7438.17 7482.06 7506.7 7521.83 7535.21 7542.2 7554.15 7594.35 7633.2 7666.47 7724.03 7721.54 7607.21 7508 7386.91 7397.39 7498.16 7417.27 7349.89
7529.83 7529.2 7526.64 7544.06 7564.78 7511.07 7478.81 7467.35 7441.1 7449.36 7443.42 7413.66 7398.93 7426.82 7431.72 7437.85 7467.57 7449.77 7425.54 7369.64 7362.08 7382.64 7392.63 7401.68 7438.06 7476.64 7494.79 7505.15 7501.23 7495.48 7502.05 7507.47 7511.16 7512.35 7509.23 7500.46 7509.75 7518.08 7514.42 7502.93 7486 7463.45 7428.96 7438.74 7460.82 7469.69 7451.31 7448.07 7464.88 7508.32 7514.33 7524.63 7519.92 7540.21 7566.34 7600.1 7637.48 7655.76 7696.13 7749.38 7761.31 7518.21 7411.86 7361.86 7348.86 7347.85 7328.19
7571.57 7579.13 7595.29 7567.9 7600.9 7549.19 7506.04 7483.31 7470.87 7500.1 7486.1 7455.39 7412.53 7420.12 7414.41 7421.79 7411.3 7408.2 7402.32 7367.41 7369.29 7389.83 7409.65 7392.45 7394.96 7436.62 7505.58 7491.68 7480.67 7487.22 7499.62 7506.27 7508.58 7507.89 7502.13 7491.9 7509.31 7522.1 7521 7510.17 7494.97 7474.92 7439.86 7426.25 7421.27 7420.77 7430.05 7448.53 7492.07 7517.02 7509.82 7501.49 7500.01 7527.29 7563.48 7600.58 7633.14 7659.99 7670.49 7725.98 7757.29 7630.26 7419.21 7296.84 7314.35 7352.64 7358.15
7540.27 7564.53 7590.08 7556.22 7554.63 7530.38 7521.79 7497.81 7514.56 7536.25 7490.26 7446.59 7419.75 7399.43 7357.18 7362.35 7364.13 7368.55 7386.69 7400.02 7405.64 7406.37 7410.96 7405.2 7390.8 7404.05 7493.65 7481.19 7478.96 7497.1 7507.35 7512.03 7513.97 7512.33 7511.72 7514.07 7536.93 7543.97 7534.6 7519.53 7501.95 7481.72 7453.63 7424.13 7411.94 7416.42 7427.98 7450.76 7475.78 7497.77 7501.29 7490.49 7502.71 7534.64 7572.03 7597.76 7621.91 7650.2 7672.31 7710.68 7759 7758.82 7535.07 7385.5 7340.7 7350.1 7363.32
7478.65 7462.69 7464.91 7466.04 7512.3 7469.97 7448.06 7482.07 7481.11 7441.18 7425.25 7422.6 7404.99 7373.72 7362.24 7373.22 7376.03 7388.43 7406.41 7433.31 7423.34 7409.23 7416.69 7412.35 7406.49 7422.87 7441.22 7447.8 7473.02 7519.01 7520.07 7519.99 7515.31 7514.2 7520.08 7543.63 7555.33 7558.71 7546.41 7526.62 7506.44 7484.22 7460.16 7427.67 7413.33 7419.34 7432.9 7454.38 7487.1 7511.01 7508.53 7508.3 7523.42 7546.78 7575.91 7598.2 7611.09 7642.15 7680.96 7702.77 7726.67 7747.75 7719.24 7594.12 7443.28 7434.39 7434.94
7484.59 7451.5 7432.95 7461.57 7488.72 7476.47 7461.34 7428.26 7419.3 7358.35 7385.58 7413.96 7410.66 7393.49 7387.72 7410.45 7413.86 7417.28 7428.38 7428.77 7419.86 7416.82 7425.66 7421.25 7419.39 7409.04 7377.87 7416.99 7481.55 7528.28 7529.8 7526.4 7523.44 7520.69 7519.46 7530.63 7567.55 7572.81 7555.41 7531.35 7507.17 7482.93 7456.94 7437.08 7417.65 7421.92 7437.78 7461.03 7491.35 7515.15 7516.49 7530.47 7554.14 7566.98 7588.87 7603.98 7621.82 7642.14 7679.98 7698.14 7697.6 7725.22 7768.57 7791.35 7693.55 7572.31 7535.1
7431.95 7441.92 7442.14 7458.29 7469.91 7472.92 7446.09 7391.43 7366.55 7351.5 7376.66 7405.06 7434.35 7427.62 7413.44 7447.17 7457.31 7456.06 7447.03 7433.42 7429.17 7440.91 7439.63 7438.3 7431.3 7422.25 7406.85 7430.6 7498.41 7526.68 7539.89 7538.88 7533.78 7529.97 7527.93 7548.77 7602.3 7585.95 7562.65 7538.23 7511.92 7485.57 7458.18 7445.57 7429.77 7428.65 7437.61 7453.69 7484.5 7504.03 7520.85 7531.96 7567.64 7576.52 7588.66 7602.18 7621.46 7645.97 7673.14 7696.12 7704.26 7715.66 7739.15 7800.91 7846.9 7866.94 7738.26
7475.47 7456.53 7453.46 7479.99 7484.79 7439.94 7441.34 7423.74 7385.34 7394.42 7396.18 7396.56 7454.76 7470.69 7479.32 7483.74 7494.01 7497.19 7463.28 7446.68 7445.3 7455.08 7452.38 7451.5 7437.73 7436.51 7439.1 7466.31 7538.05 7553.74 7544.31 7542.83 7539.82 7540.1 7541.19 7558.77 7593.42 7581.95 7560.77 7538.01 7514.07 7491.29 7468.26 7453.31 7422.26 7424.03 7441.09 7463.19 7494.52 7521.69 7533.62 7583.55 7567.49 7580.29 7584.01 7596.27 7620.79 7646.55 7668.26 7689.95 7710.09 7721.35 7735.74 7753.52 7786.63 7824.45 7867.78
7464.27 7445.51 7451.46 7461.56 7471.61 7478.74 7458.61 7460.7 7447.61 7451.08 7433.72 7422.8 7436.19 7440.16 7473.05 7502.32 7486.74 7473.84 7468.74 7459.86 7456.07 7452.94 7452.35 7447.76 7445.5 7457.5 7516.99 7516.02 7538.38 7551.3 7547.88 7547.82 7550.87 7554.91 7558.12 7561.54 7571.31 7568.61 7554.74 7537.29 7518.18 7499.23 7480.37 7436.01 7414.42 7426.54 7453.41 7477.18 7498.22 7510.11 7532.97 7557.95 7558.93 7572.11 7584.46 7598.72 7617.1 7637.42 7660.84 7680.65 7701.81 7722.62 7740.92 7739.33 7754.45 7781.48 7827.29
7463.71 7454.63 7465.24 7482.95 7484.35 7488.63 7483.03 7478.16 7450.83 7449.07 7449.39 7457.27 7464.55 7460.03 7468.9 7496.07 7459.44 7453.99 7477.19 7459.9 7449.65 7456.38 7452.28 7450.26 7457.85 7483.01 7543.25 7558.19 7557.08 7550.75 7550.76 7555.28 7562.59 7572.61 7593.62 7576.25 7560.82 7563.43 7555.09 7541.8 7525.45 7509.37 7489.2 7466.49 7433.6 7448.02 7474.16 7497.67 7498.41 7475.31 7501.44 7544.44 7583.68 7588.04 7591.8 7595.87 7632.57 7646.64 7665.05 7686.87 7696.55 7718.4 7743.62 7741.61 7755.06 7769.19 7792.64
7450.92 7458.57 7476.97 7504.32 7502.11 7487.81 7493.27 7492.26 7482.25 7467.65 7453.08 7475.8 7501.3 7499.46 7487.79 7459.13 7448.45 7445.32 7451.42 7451.92 7458.07 7466.55 7453.85 7453.33 7470.71 7508.24 7568.35 7560.7 7543.77 7536.44 7544.9 7553.14 7562.09 7570.44 7574.58 7582.55 7576.01 7565.54 7555.84 7544.91 7534.01 7523.77 7509.21 7495.74 7470.94 7478.08 7498.28 7519.09 7517.67 7488.12 7514.7 7539.88 7437.06 7614.08 7605.81 7599.11 7628.13 7641.57 7653.12 7689.96 7700.97 7715.15 7734.96 7761.68 7773.64 7785.61 7789.14
7483.16 7455.05 7465.9 7515.03 7518.09 7516.48 7514.51 7501.53 7503.62 7474.96 7442.14 7452.03 7472.03 7494.78 7470.4 7447.88 7450.31 7453.7 7446.18 7454.25 7480.74 7481.32 7464.1 7467.49 7488.18 7509.83 7546.95 7580.54 7549.06 7538.8 7545.1 7552.86 7559.56 7567.84 7574.7 7577.26 7578.56 7571.13 7563.66 7555.19 7544.82 7535.22 7528.13 7520.13 7504.1 7504.56 7517.94 7533.71 7544.97 7560.27 7598.82 7622.35 7613.74 7618.55 7616.55 7613.27 7622.97 7626.62 7632.35 7670.92 7717.3 7737.71 7755.46 7771.57 7781.28 7804.38 7823.24
7503.59 7465.64 7455.91 7496.49 7506.44 7517.03 7553.05 7523.61 7503.21 7480.68 7466.63 7445.52 7448.99 7465.47 7425.02 7428.3 7448.88 7443.18 7441.65 7456.56 7477.96 7488.91 7481.67 7485.44 7503.44 7524.22 7513.75 7553.58 7542.6 7534.62 7546.16 7552.92 7558.45 7564.42 7579.05 7580.69 7584.45 7580.63 7575.69 7568.31 7560.29 7553.79 7544.81 7532.88 7522.87 7523.65 7534.33 7544.29 7560.17 7603.04 7693.16 7667.65 7632.33 7624.49 7625.37 7616.05 7639.46 7652.71 7669.8 7689.33 7725.36 7754.38 7767.46 7764.64 7755.59 7814.9 7831.93
7525.97 7496.48 7472.09 7484.92 7464.33 7506.27 7552.61 7525.55 7504.62 7482.24 7499.24 7470.45 7448.12 7436.91 7415.64 7413.26 7412.01 7427.56 7445.91 7462.58 7491.89 7500.09 7489.82 7514.9 7540.43 7548.18 7529.84 7535.77 7539.48 7554.85 7549.52 7554.86 7559.59 7561.67 7565.91 7592.29 7592.19 7585.52 7578.77 7573.61 7568.59 7564.7 7559.54 7549.4 7542.65 7538.21 7544.73 7550.25 7563.56 7581.59 7609.21 7656.21 7654.35 7646.89 7650.19 7663.09 7661.72 7689.73 7726.53 7731.39 7753.15 7762.59 7764.87 7754.11 7721.37 7788.56 7844.63
7549.3 7519.01 7497.96 7491.24 7469.25 7498.78 7530.92 7491.54 7470.38 7483.14 7521.77 7500.52 7445.22 7442.12 7428.89 7426.28 7417.32 7427.92 7446.49 7476.26 7497.75 7513.94 7512.22 7552.25 7596.35 7562.9 7536.26 7532.53 7545.24 7541.98 7549.4 7554.58 7559.81 7569.28 7584.09 7603.19 7593.92 7587.27 7580.78 7574.73 7566.21 7562.65 7566.32 7575.21 7556.06 7545.48 7547.83 7554.59 7564.26 7577.64 7588.65 7616.77 7661.42 7663.27 7670.61 7683.01 7702.23 7715.14 7731.4 7742.94 7758.42 7754.2 7760.99 7760.94 7777.39 7809.67 7842.34
7567.35 7556.3 7523.98 7534.49 7467.31 7443.94 7444.45 7462.58 7450.21 7479.21 7492.31 7498.77 7471.28 7440.09 7444.3 7453.47 7455.91 7454.7 7460.16 7474.74 7496.68 7513.47 7576.05 7566.36 7578.84 7561.16 7529.47 7513.02 7548.61 7552.47 7547.77 7552.22 7557.36 7565.97 7575.03 7579.43 7587.84 7586.4 7580.06 7573.96 7567.77 7562.31 7561.95 7575.54 7574.72 7551.63 7546.64 7559.35 7574.14 7588.98 7608.28 7623.28 7650.94 7669.84 7681.95 7699.61 7727.4 7740.35 7756.93 7734.4 7776.52 7775.44 7779.76 7769.24 7766.18 7801.8 7847.55
7620.46 7589.22 7560.81 7536.01 7492.7 7425.65 7414.85 7410.04 7435.91 7471.92 7483.75 7477.47 7472.14 7455.31 7450.08 7471.43 7484.85 7497.29 7512.06 7503.56 7516.21 7539.11 7539.64 7555.09 7555.66 7559.08 7549.37 7557.19 7546.8 7535.43 7543.15 7554.53 7559.34 7556.74 7561.14 7573.33 7586.52 7588.91 7583.01 7575 7566.57 7556.97 7546.44 7556.7 7563.15 7552.45 7547.44 7565.99 7582.01 7593.71 7602.08 7622.27 7655.91 7682.59 7679.6 7667.05 7724.03 7752.12 7752.71 7748.48 7790.59 7772.95 7785.75 7773.19 7744.07 7787.75 7819.14
