real_craters/C203-500m.grd
DSAA
531 531
-132.3875 132.3875
-132.3875 132.3875
7249.5108945715 10465.405454921
[rows 270 to 299 of 531, columns 0 to 66 of 531]
9426.23 9428.83 9431.73 9434.3 9436.87 9438.72 9440.41 9442.25 9439.06 9434.59 9431.42 9429.55 9435.06 9438.45 9433.51 9423.65 9414.1 9403.93 9392.91 9381.48 9372.27 9365.51 9358.23 9349.47 9339.11 9332.33 9332.62 9332.61 9332.23 9320.27 9307.39 9307.25 9309.34 9311.6 9314.43 9317.38 9317.79 9313.97 9311.03 9309.11 9308.39 9309.16 9309.56 9310.13 9311.55 9312.83 9312.42 9315.9 9320.06 9323.84 9324.89 9323.46 9325.86 9336.16 9346.5 9357.52 9368.75 9382.66 9362.83 9321.17 9294.52 9266.76 9265.22 9278.67 9292.49 9304.24 9315.08
9428.52 9431.73 9434.89 9438.41 9440.85 9443.05 9444.96 9446.75 9447.37 9445.48 9442.66 9441.24 9440.53 9443.81 9443.17 9434.11 9425.39 9415.93 9407.73 9399.26 9390.25 9382 9373.54 9363.99 9352.59 9342.87 9340.49 9337.4 9331.76 9328.44 9324.31 9319.15 9316.17 9315.02 9315.99 9318.69 9320.35 9313.1 9309.68 9310.22 9311.56 9312.06 9312.5 9312.46 9311.83 9313.19 9315.2 9319.12 9323.64 9327.23 9330.91 9333.84 9338.45 9348.38 9356.79 9361.06 9362.08 9362.35 9359.75 9350.26 9319.59 9298.04 9293.65 9301.49 9310.77 9321.13 9331.42
9430.72 9434.34 9437.95 9442.24 9445.53 9447.8 9449.08 9450.02 9454.5 9455.34 9451.91 9449.09 9446.48 9445.11 9443.47 9440.65 9436.49 9431.63 9425.78 9417.19 9408.43 9399.02 9390.55 9383.19 9374.23 9360.38 9352.88 9345.42 9339.26 9337.86 9336.36 9330.62 9323.8 9318.13 9317.74 9320.14 9319.69 9313.38 9310.6 9312.38 9314.68 9316.54 9317.56 9317.21 9316.9 9319.34 9323.89 9326.62 9329.45 9333.05 9339.94 9352.34 9358.68 9363 9369.13 9373.75 9359.77 9336.28 9348.12 9348.27 9338.05 9332.08 9329.61 9329.48 9334.44 9341.71 9349.38
9435.22 9438.64 9442.6 9447.03 9451.26 9454.69 9456.59 9457.89 9462.58 9464.49 9462.32 9457.61 9453.97 9447.19 9445.81 9447.3 9446.29 9445.15 9443.02 9436.8 9425.15 9414.65 9406.63 9401.24 9395.79 9381.11 9369.08 9357.61 9348.04 9348.94 9348.99 9341.69 9332.4 9323.67 9322.28 9324.7 9323.64 9319.71 9315.6 9317.54 9319.08 9323.96 9325.68 9324.82 9322.42 9326.94 9333.22 9334.61 9336.53 9339.42 9346.32 9361.74 9369.88 9374.76 9380.36 9384.39 9380.84 9369.68 9350.61 9346.24 9352.74 9355.17 9355.72 9354.33 9356.39 9361.43 9368.24
9439.31 9442.09 9446.44 9451.82 9457.42 9463.08 9468.79 9472.7 9474.81 9476.03 9475.63 9472.39 9467.27 9463.47 9457.78 9455.01 9453.29 9452.96 9452.25 9448.12 9435.08 9425.18 9418.46 9414.15 9409.51 9398.96 9387.23 9375.86 9365.8 9361.81 9359.76 9350.67 9341.23 9334.84 9332.33 9333.82 9332.53 9328.6 9325.21 9328.78 9334.9 9337.31 9337.49 9336.32 9335.4 9336.46 9338.75 9342.48 9344.52 9346.44 9351.01 9361.03 9373 9381.71 9389.64 9396.7 9400.86 9393.76 9376.62 9368.12 9371.05 9373.64 9374.25 9375.03 9375.94 9378.61 9383.41
9440.32 9444.19 9449.39 9455.77 9462.72 9470.32 9478.53 9484.95 9488.81 9486.78 9485.18 9479.3 9469.59 9465.96 9464.65 9460.35 9455.82 9451.97 9447.15 9441.49 9435.94 9429.99 9425.17 9421.95 9418.92 9412.9 9403.06 9393.19 9382.13 9370.59 9363.35 9353.61 9345.96 9344.55 9338.67 9338.39 9337.56 9335.87 9334.5 9340.54 9350.52 9351.54 9350.26 9349.51 9348.07 9351.03 9351.7 9352.34 9354 9355.51 9356.36 9367.06 9378.6 9387.84 9395.87 9405.81 9416.43 9415.17 9407.06 9399.53 9395.48 9395.64 9396.67 9394.54 9393.33 9394.13 9397.11
9439.74 9445.12 9451.26 9458.17 9465.94 9474.62 9483.33 9489.3 9492.77 9489.15 9485.19 9478.17 9470.88 9468.75 9469.14 9461.81 9454.78 9447.72 9440.61 9435.66 9433.59 9430.75 9427.57 9424.63 9424.72 9423.41 9411.69 9399.59 9386.49 9372.33 9359.63 9350.06 9343.09 9339.12 9338.3 9337.98 9338.88 9339.23 9339.02 9348.21 9358.29 9362.03 9361.31 9361.01 9363.11 9361.84 9361.94 9361.22 9363.71 9368.41 9376.01 9381.11 9387.46 9394.79 9402.08 9411.97 9421.83 9425.92 9425.59 9420.16 9415.14 9414.71 9414.26 9410.9 9407.46 9406.3 9407.55
9439.44 9445.43 9451.94 9459.15 9466.76 9475.25 9484.16 9487.18 9487.93 9483.99 9478.46 9473.01 9468.24 9466.51 9464.81 9459.92 9452.08 9443.23 9434.61 9431.71 9431.34 9430.67 9428.73 9424.72 9420.63 9419.41 9409.91 9397.99 9385.47 9371.94 9356.73 9347.49 9341.98 9337.09 9336.96 9339.08 9341.29 9345.67 9347.17 9356.07 9367.39 9371.95 9369.63 9364.31 9360.59 9360.39 9363.24 9366.87 9371.98 9379.41 9388.79 9392.54 9395.14 9400.46 9409.89 9417.94 9425.34 9430.91 9434.45 9431.54 9428.57 9427.55 9430.26 9421.39 9416.53 9414.11 9413.42
9440.3 9446.01 9452.24 9459.04 9465.82 9472.67 9478.12 9481.58 9481.41 9478.62 9473.61 9470.31 9466.29 9466.92 9465.25 9458.21 9450.82 9441.12 9429.18 9428.33 9430.1 9431.21 9430.94 9429.25 9424.22 9415.16 9404.96 9394.03 9385.63 9375.59 9362.92 9354.15 9348.26 9342.95 9339.62 9338.9 9343.23 9348.72 9352.95 9362.31 9376.18 9381.91 9378.25 9371.07 9364.26 9361.81 9365.56 9371.12 9377.54 9385.43 9393.88 9398.16 9399.45 9401.73 9406.89 9417.08 9425.39 9431.97 9435.34 9436.71 9434.94 9431.97 9424.15 9424.05 9420.89 9417.25 9415.31
9441.65 9446.56 9452.14 9458.05 9464.1 9469.37 9475.16 9478.49 9479.21 9477.04 9473.93 9471.58 9469.15 9468.22 9463.09 9458.32 9450.77 9441.84 9434.36 9431.16 9431.36 9432.36 9433.03 9432.59 9426.54 9416.35 9405.53 9396.07 9390.64 9385.27 9378.56 9371.15 9362.24 9353.69 9346.79 9344.3 9347.61 9350.83 9352.29 9364.51 9381.15 9389.17 9386.85 9382.05 9374.96 9369.02 9371.05 9375.9 9381.7 9388.54 9395.87 9401.3 9402.67 9402.22 9404.55 9416.58 9426.68 9434.86 9438.88 9441.21 9439.71 9435.85 9430.49 9427.4 9424.07 9419.96 9416.84
9442.74 9447 9451.8 9457.21 9462.4 9466.88 9471.25 9476.85 9478.76 9477.82 9475.94 9474.58 9474.33 9468.38 9465.78 9461.22 9452.7 9443.73 9436.62 9433.56 9433.7 9434.38 9434.96 9434.4 9430.07 9422.14 9411.52 9402.5 9399.14 9397.91 9398.38 9393.27 9381.23 9369.24 9359.62 9354.94 9355.83 9358.15 9361.76 9368.08 9382.14 9391.53 9392.96 9392.49 9385.34 9378.36 9378.64 9381.47 9385.49 9390.46 9396.95 9405.72 9408.74 9408.24 9409.73 9422.02 9432.42 9441.92 9446.19 9445.63 9443.56 9440.19 9436.73 9432.71 9428.05 9423.24 9418.29
9443.29 9446.92 9451.08 9455.72 9460.56 9465.4 9470.53 9474.73 9477.93 9478.93 9477.14 9474.67 9471.79 9460.64 9456.49 9463.98 9454.14 9444.69 9438.49 9436.16 9436.12 9436.12 9436.31 9436.19 9435.27 9431.03 9420.96 9411.37 9408.35 9408.1 9410.71 9407.9 9394.47 9384.59 9375.55 9369.76 9366.59 9364.99 9365.82 9370.71 9380.55 9389.22 9396.21 9399.71 9394.5 9388.15 9386.83 9387.38 9389.34 9392.66 9399.63 9413.06 9418.13 9421.16 9424.53 9430.15 9435.73 9445.68 9450.1 9449.24 9446.98 9444.08 9441.43 9436.99 9431.6 9426.57 9422.17
9443.91 9446.25 9449.82 9454.07 9458.69 9463.44 9467.44 9472.33 9475.84 9479.25 9476.79 9473.21 9469.76 9465.65 9466.69 9462.15 9454.05 9444.79 9439.72 9439.44 9438.43 9437.46 9437.35 9438.79 9441.35 9443.68 9437.01 9421.4 9416.21 9413.6 9412.18 9409.94 9406.37 9398.94 9392.49 9384.92 9377.74 9371.94 9369.24 9373.09 9381.53 9390.01 9398.8 9404.07 9402.09 9398.05 9394.77 9393.59 9393.7 9395.78 9403.4 9419.3 9427.28 9434.53 9437.43 9436.54 9438.23 9446.35 9451.16 9451.45 9449.18 9445.97 9442.79 9439.01 9433.9 9429.97 9427.65
9441.65 9444.21 9447.91 9451.98 9456.45 9460.54 9462.45 9465.66 9470.9 9471.62 9473.22 9470.28 9467.38 9465.19 9462.74 9460.08 9454.14 9448.2 9445.07 9443.21 9440.15 9438.09 9437.28 9439.47 9444.92 9451.01 9448.66 9430.75 9423.07 9416.65 9410.35 9405.59 9407.42 9408.13 9406.95 9398 9388.45 9380.59 9373.55 9376.05 9384.52 9393.29 9399.81 9404.95 9407.02 9404.17 9400.84 9399.09 9398.86 9400.68 9407.4 9421.26 9432.53 9443.38 9448.12 9449.45 9448.46 9452.78 9455.43 9455.19 9451.87 9446.7 9441.66 9437.14 9435.18 9435.65 9434.53
9437.11 9441.39 9445.59 9449.61 9453.06 9455.79 9456.27 9458.31 9465.45 9469.95 9469.44 9466.72 9464.22 9463.93 9463.12 9459.24 9453.96 9448.17 9446.42 9444.63 9440.93 9438 9436.28 9438.9 9444.78 9449.47 9446.29 9437.19 9428.69 9420.75 9412.77 9407.38 9407.54 9411.79 9414.25 9405.36 9396.44 9390.16 9387.31 9382.11 9388.02 9395.1 9398.34 9400.54 9404.43 9405.47 9404.57 9403.77 9404.18 9406.51 9411.43 9419.58 9432.81 9448.01 9454.97 9458.74 9459.36 9461.55 9463.59 9462.29 9457.75 9450.3 9438.41 9430.17 9438.94 9442.57 9442.5
9435.17 9439.49 9444.43 9448.21 9450.65 9450.64 9454.32 9456.5 9460.57 9464.75 9465.31 9464 9461.64 9460.81 9461.58 9459.56 9452.31 9446.53 9444 9442.82 9440.71 9438.56 9435.48 9439.07 9444.14 9447.01 9447.83 9443.61 9435.09 9426.35 9417.58 9411.25 9409.68 9410.96 9410.79 9406.23 9400.52 9396.42 9395.05 9388.64 9393.11 9397.23 9399.71 9401.12 9401.06 9406.53 9407.95 9408.23 9408.76 9410.4 9413.02 9417.86 9428.97 9445.52 9457.72 9467.12 9471.54 9477.26 9475.29 9472.15 9466.98 9460.23 9453.67 9451.98 9451.73 9452.94 9454.17
9435.25 9438.22 9442.71 9447.23 9450.9 9451.77 9449.62 9450.06 9450.76 9455.12 9459.49 9458.61 9455.98 9457.44 9446.9 9454.47 9448.69 9441.44 9440.56 9440.13 9441.26 9441.52 9442.85 9443.31 9445.93 9447.69 9450.27 9449.67 9441.78 9432.61 9423.25 9415.01 9412.27 9409.59 9407.65 9405.55 9402.26 9398.69 9395.48 9398.75 9399.61 9402.65 9401.5 9404.34 9410.19 9411.19 9412.41 9413.43 9413.97 9413.76 9416.52 9418.41 9427.79 9440.89 9457.93 9472.4 9482.35 9487.84 9487.84 9484.34 9478.96 9473.39 9469.79 9467.73 9465.42 9465.22 9466.8
9435.12 9436.66 9440.56 9445.84 9449.74 9448.51 9442.88 9443.48 9447.21 9449.8 9454.62 9455.45 9455.35 9456.49 9456.04 9454 9446.85 9441.65 9441.28 9442.73 9443.44 9444.41 9445.83 9446.72 9448.96 9452.51 9457.92 9456.55 9448.78 9440.08 9431.27 9423.78 9417.42 9411.34 9407.92 9406.42 9403.8 9400.46 9397.44 9401.4 9403.19 9403.08 9402.78 9406.63 9412.83 9415.44 9417.52 9419.53 9421.72 9423.52 9427.64 9432.89 9437.59 9444.35 9457.85 9474.35 9490.38 9500.37 9500.86 9496.56 9490.84 9485.1 9479.74 9475.42 9475.28 9476.24 9478.25
9429.51 9432.05 9436.67 9443.75 9450.51 9448.95 9443.31 9440.95 9442.34 9447.09 9451.78 9453.34 9452.39 9452.25 9453.17 9451.73 9444.64 9441.88 9443.3 9446.23 9444.94 9444.93 9446.63 9447.59 9450.59 9456.51 9463.68 9461.47 9454.74 9447.48 9439.68 9430.54 9423.46 9416.68 9412.25 9409.52 9406.87 9404.09 9402.17 9403.29 9406.5 9406.2 9406.94 9410.67 9415.69 9419.18 9422.31 9425.59 9429.63 9435.66 9440.29 9447.32 9451.86 9451.9 9455.3 9473.84 9499.32 9514.7 9512.83 9507.23 9501.17 9495.43 9490.01 9484.61 9485.65 9486.62 9487.51
9425.19 9427.18 9429.51 9434.97 9454.8 9447.12 9441.36 9438.39 9435.89 9441.56 9447.76 9449.74 9446.91 9443.24 9446.8 9444.17 9442.14 9441.6 9443.74 9445.55 9444.26 9442.65 9442.99 9445.92 9449.72 9454.26 9458.67 9460.15 9457.97 9453.29 9447.6 9439.47 9430.19 9422.24 9417.37 9413.97 9410.96 9408.43 9407.79 9410.28 9412.92 9413.83 9412.61 9415.5 9419.48 9423.54 9426.92 9430.66 9435.15 9440.74 9448.41 9456.33 9458.33 9456.24 9459.49 9475.89 9503.07 9521.69 9519.68 9514.26 9509.02 9504.45 9500.38 9498.71 9497.36 9496.18 9495.08
9425.3 9423.42 9421.32 9414.91 9402.62 9432.41 9442.7 9437.91 9435.01 9439.41 9443.89 9444.79 9445.71 9446.72 9448.34 9447.15 9445.2 9444.12 9445.13 9446.7 9443.87 9440.91 9440.81 9443.86 9448.3 9453.44 9457.31 9460.55 9461.55 9458.5 9453.69 9445.89 9437.48 9428.12 9422.99 9418.81 9415.25 9413.06 9412.06 9414.46 9418.69 9422.27 9424.13 9426.32 9427.12 9428.47 9430.99 9434.34 9439.31 9445.71 9452.84 9460.41 9464.27 9461.05 9459.81 9475.12 9495.21 9519.23 9519.27 9516.44 9513.68 9511.11 9509.51 9510.16 9507.79 9504.53 9501.39
9418.58 9420.01 9419.24 9416.34 9411.44 9431.24 9442.06 9436.19 9433.79 9438.58 9445.4 9444.96 9446.79 9449.88 9451.14 9451.4 9448.99 9447.01 9446.18 9445.47 9441.77 9439.27 9439.52 9442.04 9445.89 9453.66 9461.89 9468.4 9466.66 9463.96 9459.77 9453.66 9446.72 9438.24 9429.42 9423.9 9420.26 9418.39 9417.53 9416.22 9421.2 9427 9430.24 9431.69 9431.76 9432.72 9434.47 9437.1 9441.36 9447.58 9454.67 9461.13 9465.4 9467.37 9471.1 9477.73 9490.36 9505.86 9512.94 9515.11 9515.81 9515.6 9515.49 9514.68 9513.68 9511.35 9507.61
9420.13 9419.65 9420.43 9425.99 9433.06 9429.16 9431.7 9431.26 9432.27 9435.72 9439.72 9443.82 9447.71 9451.25 9453.07 9453.69 9451.38 9449.81 9447.23 9442.59 9439.42 9436.16 9438.79 9441.87 9443.74 9447.87 9461.8 9469.76 9469.82 9467.65 9464.96 9462.23 9453.76 9442.52 9432.32 9426.48 9424.01 9423.7 9424.8 9427.64 9427.95 9431.15 9432.95 9431.38 9434.48 9436.19 9437.65 9439.12 9441.98 9448.22 9456.16 9462.93 9467.46 9472.26 9477.94 9484.03 9490.38 9497.33 9506.5 9512.06 9515.83 9518.12 9520.11 9521.51 9520.72 9516.83 9512.3
9418.26 9417.91 9417.94 9419.32 9421.52 9421.62 9424.47 9426.55 9430.59 9435.92 9438.8 9443.36 9449.29 9454.02 9455.21 9453.87 9454.37 9453.3 9450.85 9447.12 9444.31 9442.56 9443.33 9445.95 9448.82 9453.43 9464.34 9471.25 9470.46 9467.7 9465.42 9459.95 9447.94 9437.02 9429.28 9426.39 9426.34 9427.46 9430.03 9433.56 9431.86 9434.14 9437.88 9437.93 9439.25 9440.73 9442.12 9442.96 9442.13 9450.64 9459.31 9466.55 9472.03 9476.82 9482.91 9491.05 9495.19 9496.6 9503.46 9510.62 9516.07 9520.25 9523.62 9526.53 9526.01 9520.79 9515.63
9417.33 9415.64 9413.42 9413.51 9416.55 9419.35 9425.45 9430.47 9434.48 9439.71 9442.33 9445.76 9451.13 9456.46 9457.84 9458.08 9459.45 9457.68 9456.42 9455.48 9452.94 9450.65 9449.95 9452.37 9457.18 9463.33 9468.59 9471.78 9469.28 9462.84 9454.41 9438.53 9421.44 9419.04 9421.86 9424.51 9427.55 9430.68 9433.47 9435.14 9434.37 9435.77 9439.8 9443.29 9444.83 9446.78 9448.82 9450.85 9453.3 9458.05 9464.89 9471.72 9477.43 9483.19 9488.23 9493.56 9496.44 9498.6 9504.06 9511.5 9517.74 9522.15 9525.69 9527.6 9526.57 9522.8 9516.68
9415.24 9412.22 9407.86 9406.18 9413.76 9424.66 9427.14 9433.22 9436.92 9440.59 9443.72 9447.28 9452.17 9456.21 9458.98 9460.24 9461.12 9461.43 9462.02 9462.44 9459.9 9454.66 9455.52 9458.08 9461.98 9467.73 9472.79 9474.43 9468.7 9457.17 9441.9 9425.93 9409.76 9410.01 9416.82 9423.38 9429.39 9433.82 9437.66 9439.42 9437.92 9440.46 9442.68 9447.18 9450.87 9453.5 9455.92 9459 9463.27 9465.4 9470.22 9478 9484.19 9488.18 9490.56 9493.52 9496.99 9499.56 9506.97 9514.91 9520.56 9524.25 9527.21 9529 9528.85 9525.72 9520.4
9410.65 9405.94 9402.07 9401.44 9408.23 9417.49 9423.58 9428.43 9435.48 9442.02 9445.65 9449 9453.18 9457.44 9460.53 9462.53 9462.4 9464.61 9466.72 9467.89 9465.31 9460.65 9461.24 9463.49 9465.86 9471.99 9477.25 9479.13 9471.04 9456.55 9439.53 9423.9 9410.27 9410.73 9416.93 9424.19 9431.54 9438.05 9443.46 9447.09 9448.76 9451.47 9454.14 9456.09 9458.76 9461.01 9463.1 9465.09 9467.04 9469.92 9472.86 9476.97 9484.86 9488.85 9489.76 9492.83 9499.86 9507.77 9515.2 9520.28 9523.74 9526.62 9528.8 9530.22 9530.5 9529.49 9528.59
9409.87 9404.79 9398.76 9395.8 9403.2 9412.43 9420.33 9427.89 9434.34 9436.06 9441.58 9448.91 9453.47 9457.58 9461.4 9464.82 9464.56 9467.13 9469.94 9471.77 9469.22 9466.35 9467.45 9469.6 9472.67 9477.52 9482.17 9483.24 9476.09 9461.35 9444.4 9428.34 9417.35 9417.08 9422.41 9428.86 9436.86 9443.94 9450.99 9457.46 9462 9466.2 9466.06 9466.47 9467.56 9469.3 9470.7 9470.74 9471.9 9474.42 9475.64 9476.16 9483.48 9486.23 9487.32 9492.79 9503.15 9516.4 9524 9525.81 9527.36 9528.79 9530.05 9530.83 9530.36 9531.33 9531.99
9412.11 9408.1 9400.47 9395.8 9400.14 9406.83 9415.37 9425.13 9435 9443.57 9446.26 9449.67 9453.39 9456.8 9459.12 9464.78 9467.5 9469.02 9472.11 9475.79 9478.69 9473.89 9473.56 9475.46 9478.47 9482.83 9486.9 9489.43 9483.07 9471.47 9456.68 9438.76 9425.93 9426.71 9430.91 9436.77 9444.24 9451.04 9458.79 9469.04 9478.89 9477.31 9476.85 9475.61 9475.96 9478 9479.98 9480.82 9480.59 9480.56 9480.79 9482.16 9483.67 9484.86 9484.32 9489.11 9504.25 9519.82 9528.48 9529.02 9529.44 9530.08 9530.69 9531.29 9532.18 9530.29 9528.81
9413.53 9411.36 9404.99 9401.1 9401.19 9404.38 9409.76 9419.17 9431.37 9442.29 9447 9450.41 9453.4 9455.77 9457.65 9460.8 9466.83 9469.82 9472.91 9475.53 9477.11 9477.33 9478.93 9481.16 9483.49 9487.43 9490.05 9491.28 9487.1 9481.97 9473.14 9460.78 9442.85 9440.45 9442.48 9446.34 9451.48 9456.78 9462.94 9471.12 9478.25 9482.14 9482.54 9481.59 9483.68 9486.2 9489.32 9493.29 9490.55 9487.17 9485.51 9484.61 9484.7 9485.37 9486.31 9491.95 9504.83 9517.87 9525.96 9528.23 9529.14 9529.37 9529.75 9529.7 9528.86 9526.51 9524.4
