real_craters/C203-750m.grd
DSAA
354 354
-132.3875 132.3875
-132.3875 132.3875
7258.2067543633 10444.048933089
[rows 76 to 113 of 354, columns 84 to 167 of 354]
9435 9433 9431 9434 9438 9442 9446 9446 9443 9435 9420 9425 9435 9391 9387 9389 9396 9415 9440 9466 9499 9540 9561 9570 9585 9607 9625 9633 9639 9654 9658 9649 9646 9649 9649 9643 9627 9603 9599 9593 9585 9576 9562 9563 9561 9556 9547 9546 9546 9546 9545 9544 9544 9546 9549 9551 9565 9573 9579 9586 9590 9591 9587 9574 9559 9544 9533 9544 9553 9563 9574 9590 9598 9606 9618 9668 9731 9772 9797 9823 9843 9848 9835 9821
9434 9433 9430 9431 9434 9438 9440 9442 9442 9437 9427 9424 9426 9409 9397 9384 9378 9393 9415 9440 9475 9523 9545 9560 9558 9575 9598 9616 9629 9638 9646 9645 9644 9644 9646 9649 9644 9617 9607 9594 9583 9578 9574 9564 9563 9556 9548 9545 9548 9550 9551 9553 9553 9561 9564 9561 9575 9583 9590 9599 9606 9613 9620 9619 9597 9564 9542 9549 9557 9566 9576 9587 9600 9615 9640 9700 9770 9811 9838 9847 9857 9844 9835 9821
9435 9434 9431 9431 9434 9437 9441 9446 9449 9452 9450 9428 9418 9436 9414 9386 9368 9377 9398 9425 9456 9488 9513 9530 9524 9531 9550 9574 9600 9622 9639 9646 9646 9646 9647 9648 9645 9643 9627 9609 9587 9580 9577 9576 9567 9556 9543 9542 9548 9555 9559 9563 9566 9569 9571 9571 9581 9590 9601 9611 9622 9633 9646 9662 9630 9592 9570 9565 9567 9573 9583 9595 9610 9630 9663 9731 9807 9833 9850 9848 9845 9822 9819 9814
9424 9427 9428 9431 9436 9441 9446 9451 9454 9465 9462 9428 9399 9459 9426 9394 9370 9369 9385 9405 9431 9456 9471 9495 9507 9492 9515 9547 9585 9614 9639 9650 9652 9654 9651 9646 9644 9653 9670 9652 9615 9587 9573 9578 9576 9559 9541 9543 9549 9561 9570 9576 9581 9578 9575 9583 9587 9598 9611 9623 9634 9643 9653 9652 9640 9613 9593 9586 9582 9580 9590 9608 9619 9643 9679 9739 9788 9817 9824 9826 9820 9805 9802 9798
9430 9428 9426 9430 9435 9440 9442 9449 9456 9461 9456 9437 9413 9432 9416 9401 9381 9372 9380 9394 9412 9432 9451 9479 9506 9525 9547 9571 9597 9628 9650 9657 9662 9662 9656 9648 9644 9649 9678 9687 9645 9597 9576 9576 9572 9560 9554 9547 9552 9568 9581 9592 9598 9596 9588 9588 9597 9610 9622 9632 9641 9647 9653 9660 9649 9635 9621 9612 9603 9596 9601 9612 9625 9650 9688 9735 9785 9794 9793 9798 9774 9767 9791 9808
9446 9438 9427 9424 9426 9433 9439 9447 9454 9456 9455 9451 9448 9382 9396 9400 9387 9376 9379 9389 9402 9423 9451 9484 9511 9548 9578 9597 9611 9652 9670 9681 9677 9668 9661 9652 9647 9654 9660 9677 9650 9599 9578 9576 9566 9555 9539 9530 9555 9580 9597 9607 9614 9612 9605 9597 9611 9627 9635 9642 9646 9649 9650 9650 9662 9667 9658 9643 9629 9620 9626 9627 9631 9649 9680 9720 9761 9784 9791 9788 9781 9774 9784 9791
9442 9438 9423 9418 9420 9426 9433 9441 9449 9454 9452 9444 9429 9382 9389 9396 9379 9373 9375 9384 9395 9423 9461 9504 9527 9567 9601 9628 9655 9683 9697 9706 9691 9675 9665 9657 9653 9654 9658 9669 9651 9617 9594 9585 9575 9568 9537 9533 9570 9602 9620 9626 9627 9626 9621 9612 9634 9648 9648 9649 9652 9654 9656 9664 9678 9691 9686 9672 9657 9643 9645 9642 9636 9638 9661 9701 9740 9773 9788 9784 9761 9766 9771 9778
9419 9417 9407 9407 9411 9418 9426 9436 9445 9453 9445 9425 9402 9391 9391 9395 9381 9372 9368 9373 9388 9425 9478 9527 9555 9584 9608 9643 9693 9712 9719 9718 9699 9680 9668 9660 9657 9656 9656 9660 9656 9647 9621 9599 9582 9576 9580 9593 9604 9631 9656 9661 9653 9650 9644 9636 9654 9661 9656 9657 9660 9662 9661 9670 9690 9709 9707 9696 9685 9673 9666 9661 9649 9629 9645 9690 9734 9768 9780 9786 9778 9757 9752 9753
9395 9399 9394 9394 9399 9407 9415 9425 9433 9437 9426 9405 9390 9397 9394 9390 9385 9375 9366 9369 9385 9423 9477 9533 9570 9592 9596 9639 9694 9719 9727 9727 9705 9684 9670 9660 9656 9656 9656 9660 9659 9653 9639 9618 9586 9568 9589 9602 9629 9668 9704 9721 9696 9687 9681 9667 9658 9655 9661 9667 9672 9677 9680 9686 9696 9715 9714 9714 9713 9707 9689 9680 9665 9642 9652 9688 9726 9756 9769 9777 9783 9754 9741 9752
9378 9388 9382 9379 9384 9392 9401 9410 9418 9423 9411 9393 9389 9408 9398 9390 9392 9378 9368 9371 9386 9418 9458 9515 9565 9593 9590 9635 9686 9716 9720 9714 9698 9681 9666 9656 9649 9649 9655 9660 9661 9659 9658 9650 9631 9606 9608 9600 9648 9695 9738 9751 9732 9723 9722 9683 9663 9659 9667 9676 9686 9694 9702 9704 9701 9690 9715 9726 9733 9733 9706 9691 9672 9658 9668 9698 9727 9741 9756 9763 9762 9750 9742 9753
9362 9363 9359 9362 9369 9377 9385 9393 9401 9407 9396 9388 9397 9417 9402 9389 9388 9380 9374 9376 9390 9418 9445 9487 9558 9610 9616 9654 9697 9725 9720 9695 9677 9669 9659 9649 9639 9635 9646 9652 9662 9671 9678 9688 9689 9659 9649 9663 9670 9710 9754 9762 9754 9750 9724 9682 9672 9674 9678 9688 9700 9711 9722 9723 9719 9720 9727 9735 9741 9743 9731 9708 9687 9666 9685 9715 9742 9756 9753 9758 9759 9751 9747 9749
9358 9353 9349 9350 9357 9363 9368 9374 9379 9385 9380 9380 9401 9425 9406 9389 9389 9384 9381 9387 9404 9436 9468 9501 9560 9620 9653 9677 9710 9738 9732 9689 9672 9663 9653 9644 9636 9637 9641 9650 9657 9670 9689 9713 9739 9697 9668 9661 9665 9706 9752 9768 9766 9757 9738 9693 9684 9679 9689 9701 9716 9729 9741 9742 9741 9738 9744 9747 9746 9743 9741 9726 9712 9694 9703 9729 9759 9757 9745 9750 9756 9752 9747 9750
9355 9350 9344 9345 9349 9352 9355 9356 9355 9357 9360 9369 9405 9442 9413 9399 9400 9397 9397 9410 9433 9468 9507 9546 9589 9632 9664 9683 9709 9740 9734 9703 9673 9659 9651 9642 9634 9632 9639 9645 9654 9667 9688 9712 9737 9721 9674 9640 9643 9688 9732 9771 9769 9761 9771 9734 9710 9702 9708 9723 9735 9744 9748 9758 9770 9779 9761 9760 9762 9758 9748 9736 9719 9709 9715 9731 9754 9733 9725 9742 9749 9752 9753 9763
9346 9345 9344 9343 9341 9343 9345 9345 9340 9341 9349 9362 9412 9456 9415 9410 9416 9419 9426 9444 9468 9502 9542 9582 9629 9646 9663 9681 9699 9719 9714 9693 9669 9658 9651 9641 9634 9626 9640 9648 9654 9665 9680 9693 9693 9689 9676 9665 9657 9662 9709 9759 9758 9755 9750 9751 9732 9717 9732 9747 9757 9766 9772 9768 9762 9763 9768 9768 9766 9763 9753 9743 9737 9725 9721 9720 9725 9725 9734 9738 9746 9754 9765 9769
9332 9324 9328 9329 9331 9334 9338 9342 9348 9349 9352 9369 9419 9466 9413 9419 9432 9442 9454 9473 9497 9527 9564 9607 9644 9651 9661 9682 9691 9689 9693 9684 9673 9659 9649 9640 9634 9634 9639 9650 9656 9665 9674 9677 9672 9666 9673 9700 9686 9627 9584 9674 9729 9756 9693 9720 9739 9759 9769 9772 9777 9783 9786 9782 9774 9773 9777 9776 9767 9756 9749 9743 9741 9736 9728 9713 9684 9719 9751 9752 9748 9756 9761 9763
9321 9315 9316 9316 9320 9326 9333 9342 9353 9356 9358 9377 9415 9454 9413 9429 9448 9468 9483 9494 9515 9541 9569 9600 9638 9652 9658 9674 9685 9688 9680 9669 9669 9656 9645 9638 9634 9636 9649 9657 9663 9670 9673 9675 9674 9670 9672 9716 9707 9620 9545 9599 9700 9763 9705 9698 9735 9776 9791 9788 9789 9799 9802 9798 9796 9792 9788 9785 9776 9754 9740 9738 9743 9746 9745 9735 9722 9727 9747 9758 9762 9761 9760 9749
9315 9313 9309 9307 9312 9320 9328 9338 9348 9353 9359 9375 9397 9418 9418 9441 9458 9478 9497 9513 9531 9553 9575 9606 9641 9654 9661 9675 9684 9682 9674 9661 9650 9645 9638 9634 9631 9629 9647 9666 9676 9674 9674 9676 9679 9676 9674 9707 9704 9643 9602 9616 9680 9735 9687 9676 9725 9764 9784 9788 9789 9784 9796 9806 9810 9805 9797 9790 9777 9738 9730 9730 9739 9765 9766 9767 9776 9769 9781 9801 9779 9766 9760 9764
9308 9313 9307 9299 9306 9315 9324 9331 9338 9345 9350 9360 9373 9387 9416 9440 9459 9480 9502 9525 9543 9563 9587 9618 9644 9664 9679 9694 9697 9690 9672 9657 9643 9633 9627 9626 9630 9642 9653 9655 9666 9665 9667 9673 9680 9687 9688 9699 9699 9657 9624 9623 9660 9711 9674 9655 9717 9746 9765 9779 9787 9791 9800 9810 9817 9810 9800 9788 9769 9737 9730 9726 9725 9773 9780 9781 9780 9777 9783 9790 9777 9767 9760 9772
9322 9315 9302 9300 9306 9316 9323 9328 9332 9339 9344 9348 9353 9362 9410 9425 9454 9479 9499 9520 9549 9576 9599 9623 9642 9674 9699 9719 9715 9696 9665 9634 9622 9615 9612 9614 9620 9631 9637 9635 9638 9646 9653 9661 9671 9683 9680 9682 9678 9656 9588 9602 9623 9664 9677 9659 9711 9735 9752 9768 9781 9797 9800 9807 9814 9809 9801 9789 9775 9761 9740 9731 9746 9778 9778 9774 9774 9762 9748 9755 9759 9762 9765 9789
9298 9306 9307 9305 9312 9320 9327 9331 9333 9337 9342 9340 9339 9346 9390 9405 9444 9487 9502 9523 9557 9589 9616 9632 9638 9683 9713 9724 9717 9699 9660 9625 9603 9595 9595 9599 9604 9608 9606 9609 9613 9623 9635 9646 9655 9658 9651 9663 9673 9677 9647 9605 9599 9637 9694 9690 9704 9733 9750 9757 9764 9774 9783 9793 9800 9801 9797 9790 9780 9762 9742 9730 9740 9769 9758 9749 9751 9758 9760 9734 9751 9761 9776 9805
9290 9298 9310 9320 9323 9325 9331 9339 9341 9337 9334 9330 9328 9350 9378 9388 9426 9469 9506 9535 9563 9596 9629 9637 9653 9689 9706 9703 9690 9673 9644 9611 9587 9577 9578 9582 9585 9586 9582 9580 9589 9603 9619 9633 9642 9645 9641 9653 9664 9680 9653 9606 9574 9584 9661 9712 9731 9747 9743 9743 9743 9745 9761 9774 9783 9789 9791 9788 9771 9755 9741 9723 9706 9704 9722 9735 9743 9760 9774 9767 9763 9766 9774 9796
9303 9309 9317 9327 9326 9327 9331 9337 9339 9337 9335 9328 9315 9298 9393 9376 9406 9444 9491 9526 9554 9587 9622 9635 9647 9679 9694 9684 9655 9633 9614 9593 9572 9563 9563 9566 9569 9570 9569 9569 9577 9592 9610 9625 9637 9644 9643 9654 9663 9679 9657 9608 9539 9513 9620 9717 9787 9774 9748 9736 9728 9730 9742 9757 9769 9778 9785 9789 9768 9749 9740 9733 9720 9701 9717 9742 9754 9761 9772 9781 9777 9774 9767 9767
9304 9315 9322 9320 9318 9325 9330 9332 9335 9335 9336 9334 9330 9331 9350 9386 9392 9417 9460 9498 9532 9563 9590 9606 9612 9636 9649 9650 9621 9600 9584 9573 9560 9552 9552 9554 9555 9559 9560 9567 9579 9591 9608 9623 9636 9647 9652 9658 9670 9683 9680 9644 9592 9557 9592 9735 9785 9777 9752 9731 9713 9712 9727 9742 9754 9762 9768 9776 9777 9747 9735 9735 9730 9726 9733 9748 9759 9766 9769 9779 9779 9780 9780 9767
9295 9308 9321 9323 9320 9325 9330 9332 9334 9334 9336 9346 9355 9354 9360 9394 9388 9396 9425 9467 9507 9538 9555 9565 9570 9588 9588 9585 9590 9578 9570 9564 9554 9546 9546 9547 9547 9550 9561 9572 9583 9599 9611 9624 9638 9652 9662 9661 9668 9684 9704 9697 9689 9628 9608 9664 9726 9741 9739 9722 9701 9700 9715 9732 9742 9747 9744 9720 9690 9712 9718 9722 9723 9724 9733 9750 9754 9760 9765 9769 9773 9785 9798 9807
9288 9300 9313 9323 9324 9329 9335 9338 9336 9334 9342 9359 9375 9369 9385 9415 9372 9377 9404 9449 9490 9520 9535 9540 9543 9557 9560 9567 9565 9569 9573 9566 9556 9548 9546 9545 9546 9552 9564 9577 9593 9606 9614 9622 9634 9647 9656 9660 9665 9686 9713 9729 9737 9695 9652 9642 9669 9697 9714 9710 9695 9694 9705 9716 9728 9734 9734 9725 9695 9695 9702 9709 9712 9715 9726 9740 9741 9727 9700 9726 9762 9788 9806 9800
9288 9301 9313 9327 9329 9335 9341 9344 9340 9338 9348 9367 9386 9380 9417 9442 9366 9375 9415 9448 9484 9516 9530 9532 9532 9538 9542 9550 9557 9565 9575 9571 9561 9558 9550 9549 9549 9556 9569 9579 9590 9602 9611 9620 9630 9637 9640 9648 9664 9684 9708 9732 9752 9721 9670 9637 9652 9677 9696 9697 9684 9688 9699 9709 9720 9727 9730 9724 9706 9697 9696 9691 9705 9714 9727 9749 9734 9724 9733 9734 9762 9792 9814 9812
9290 9303 9318 9328 9332 9340 9345 9348 9343 9340 9354 9375 9394 9388 9445 9471 9356 9376 9423 9453 9484 9516 9545 9546 9530 9527 9531 9539 9548 9562 9571 9574 9564 9544 9556 9561 9557 9562 9572 9580 9587 9594 9606 9615 9622 9630 9637 9647 9663 9677 9692 9710 9730 9718 9677 9644 9650 9666 9683 9693 9676 9684 9699 9715 9720 9725 9727 9718 9699 9700 9701 9706 9710 9720 9724 9710 9724 9728 9743 9747 9762 9795 9826 9823
9293 9315 9321 9332 9339 9343 9347 9349 9347 9346 9361 9382 9405 9410 9471 9492 9361 9384 9425 9457 9486 9521 9565 9570 9549 9530 9524 9534 9538 9564 9580 9582 9580 9579 9584 9587 9584 9581 9578 9582 9586 9597 9601 9608 9617 9625 9631 9635 9650 9655 9673 9686 9702 9703 9686 9668 9654 9646 9645 9666 9671 9683 9698 9709 9720 9722 9720 9720 9716 9709 9706 9709 9716 9725 9720 9698 9722 9751 9755 9739 9762 9791 9818 9829
9292 9309 9319 9330 9342 9343 9347 9351 9354 9359 9369 9386 9408 9429 9490 9514 9417 9428 9449 9466 9491 9528 9567 9571 9551 9537 9528 9526 9542 9565 9585 9592 9598 9611 9613 9616 9626 9607 9587 9578 9585 9590 9597 9608 9616 9623 9625 9626 9633 9647 9666 9677 9684 9695 9694 9683 9607 9568 9565 9588 9649 9672 9697 9716 9723 9723 9720 9725 9724 9717 9711 9710 9719 9728 9729 9711 9729 9742 9751 9756 9766 9786 9813 9841
9288 9304 9317 9327 9331 9339 9346 9355 9364 9372 9380 9387 9403 9453 9500 9514 9461 9460 9467 9474 9488 9514 9545 9547 9534 9537 9543 9532 9542 9564 9583 9596 9604 9610 9615 9625 9634 9625 9605 9574 9569 9586 9600 9612 9621 9627 9629 9622 9624 9648 9670 9680 9688 9698 9692 9648 9529 9470 9497 9529 9595 9649 9695 9719 9727 9726 9722 9724 9725 9721 9717 9717 9722 9727 9731 9726 9739 9755 9749 9751 9765 9790 9831 9853
9283 9300 9313 9323 9334 9343 9356 9363 9375 9390 9398 9404 9415 9471 9511 9517 9488 9484 9482 9482 9484 9499 9516 9530 9544 9561 9557 9547 9548 9563 9583 9599 9609 9610 9616 9630 9639 9641 9632 9600 9576 9589 9608 9619 9627 9634 9638 9633 9642 9658 9672 9689 9713 9710 9696 9663 9562 9502 9488 9498 9549 9621 9692 9730 9731 9728 9725 9735 9728 9719 9714 9715 9722 9727 9716 9727 9740 9748 9756 9754 9772 9805 9824 9848
9279 9295 9309 9322 9335 9345 9356 9365 9376 9395 9418 9446 9478 9505 9528 9524 9489 9506 9502 9490 9482 9488 9492 9521 9555 9583 9576 9569 9573 9581 9596 9614 9630 9634 9638 9651 9656 9665 9657 9636 9605 9601 9614 9627 9636 9645 9652 9654 9655 9652 9670 9694 9721 9718 9704 9676 9611 9544 9520 9503 9528 9593 9668 9710 9724 9730 9722 9737 9729 9717 9707 9711 9724 9734 9745 9745 9754 9770 9778 9790 9811 9824 9836 9846
9278 9294 9310 9325 9339 9346 9352 9365 9381 9402 9431 9463 9489 9514 9540 9521 9445 9520 9518 9499 9478 9484 9494 9522 9563 9593 9603 9601 9606 9611 9630 9653 9668 9679 9691 9696 9700 9700 9693 9677 9652 9635 9631 9636 9643 9652 9661 9664 9649 9665 9686 9713 9722 9721 9710 9690 9676 9645 9604 9546 9532 9571 9619 9665 9705 9742 9762 9732 9727 9718 9707 9714 9727 9741 9754 9754 9772 9787 9793 9817 9844 9854 9846 9854
9281 9297 9313 9328 9340 9348 9354 9367 9383 9405 9433 9463 9478 9496 9527 9484 9390 9529 9528 9500 9477 9480 9496 9527 9569 9606 9616 9619 9634 9651 9671 9695 9706 9716 9728 9731 9731 9734 9724 9703 9682 9664 9647 9648 9653 9660 9665 9669 9678 9685 9703 9716 9721 9723 9719 9709 9708 9711 9687 9645 9589 9573 9569 9621 9682 9739 9788 9754 9732 9723 9716 9725 9734 9743 9750 9751 9747 9743 9787 9824 9862 9898 9869 9862
9288 9303 9317 9332 9338 9351 9359 9369 9380 9396 9416 9445 9436 9438 9457 9404 9348 9528 9514 9486 9458 9460 9477 9523 9562 9606 9627 9641 9663 9693 9710 9726 9733 9740 9755 9775 9756 9731 9715 9697 9681 9673 9664 9664 9667 9669 9670 9669 9686 9706 9714 9711 9728 9735 9735 9735 9741 9748 9739 9709 9654 9610 9579 9618 9667 9699 9711 9726 9729 9731 9733 9736 9740 9744 9747 9750 9750 9754 9791 9826 9857 9891 9884 9878
9298 9311 9324 9330 9339 9349 9359 9368 9377 9385 9384 9364 9338 9350 9347 9305 9327 9454 9473 9482 9473 9471 9496 9523 9542 9578 9623 9660 9699 9733 9730 9739 9741 9746 9755 9760 9742 9718 9701 9687 9681 9688 9682 9683 9685 9684 9684 9690 9713 9727 9732 9725 9747 9754 9754 9756 9764 9767 9771 9755 9703 9669 9659 9653 9676 9700 9695 9697 9722 9739 9751 9750 9751 9744 9741 9747 9779 9793 9812 9840 9870 9881 9885 9882
9309 9317 9322 9322 9336 9355 9358 9363 9375 9380 9374 9341 9321 9308 9293 9294 9315 9378 9459 9487 9505 9512 9525 9540 9553 9577 9618 9660 9700 9713 9711 9712 9720 9735 9748 9720 9715 9707 9694 9683 9684 9707 9712 9708 9704 9703 9702 9706 9726 9744 9760 9778 9785 9783 9778 9774 9775 9773 9778 9779 9750 9709 9692 9685 9693 9705 9704 9711 9731 9748 9759 9767 9768 9766 9760 9759 9797 9814 9835 9860 9886 9889 9906 9915
9318 9325 9331 9334 9345 9356 9360 9354 9357 9389 9406 9391 9343 9310 9292 9273 9367 9430 9495 9498 9524 9555 9551 9566 9580 9582 9612 9657 9628 9693 9691 9695 9702 9715 9728 9704 9697 9690 9683 9678 9681 9695 9716 9720 9721 9724 9724 9725 9742 9761 9773 9826 9822 9809 9799 9788 9774 9794 9786 9773 9742 9713 9703 9702 9709 9719 9731 9733 9745 9764 9777 9783 9789 9794 9793 9796 9812 9832 9854 9876 9899 9930 9963 9994
