real_craters/C203-750m.grd
DSAA
354 354
-132.3875 132.3875
-132.3875 132.3875
7258.2067543633 10444.048933089
[rows 152 to 189 of 354, columns 252 to 335 of 354]
9497 9484 9440 9401 9376 9375 9373 9372 9381 9391 9389 9392 9388 9392 9395 9368 9359 9383 9385 9382 9380 9387 9377 9372 9358 9342 9340 9329 9325 9329 9329 9332 9330 9334 9319 9297 9266 9237 9231 9231 9232 9234 9241 9247 9249 9249 9264 9287 9290 9290 9271 9207 9189 9198 9194 9190 9182 9174 9175 9167 9163 9159 9152 9187 9170 9160 9159 9157 9154 9150 9136 9126 9106 9095 9088 9108 9125 9122 9128 9136 9131 9120 9112 9106
9497 9499 9434 9378 9370 9366 9358 9342 9347 9401 9401 9400 9389 9378 9354 9381 9408 9415 9411 9391 9381 9380 9374 9369 9357 9347 9330 9305 9326 9342 9352 9363 9353 9324 9297 9268 9241 9233 9222 9218 9216 9223 9223 9225 9227 9228 9248 9276 9288 9290 9278 9251 9216 9198 9185 9170 9133 9163 9165 9168 9170 9146 9083 9033 9093 9149 9172 9173 9171 9166 9134 9101 9122 9120 9099 9100 9119 9122 9131 9135 9139 9129 9116 9117
9502 9451 9421 9408 9386 9369 9361 9353 9356 9383 9393 9404 9388 9332 9358 9384 9391 9394 9393 9386 9374 9362 9361 9357 9344 9326 9313 9330 9333 9363 9396 9402 9380 9315 9274 9240 9217 9212 9208 9204 9205 9208 9214 9216 9217 9217 9236 9265 9275 9277 9271 9254 9215 9192 9181 9166 9181 9171 9178 9188 9177 9135 9023 8916 9025 9156 9190 9187 9179 9167 9147 9143 9144 9138 9131 9129 9137 9125 9124 9149 9149 9145 9148 9141
9465 9427 9397 9377 9369 9372 9373 9383 9374 9353 9377 9370 9361 9357 9371 9377 9373 9371 9371 9369 9356 9344 9344 9341 9329 9311 9300 9322 9335 9373 9410 9396 9342 9283 9231 9213 9206 9203 9201 9200 9205 9217 9217 9222 9217 9204 9230 9258 9256 9254 9254 9222 9200 9196 9186 9157 9152 9177 9201 9207 9189 9144 9048 8979 9061 9173 9205 9193 9180 9166 9163 9168 9146 9139 9134 9133 9141 9149 9149 9143 9138 9150 9161 9159
9409 9383 9368 9373 9379 9378 9379 9382 9394 9396 9387 9381 9363 9352 9361 9364 9353 9349 9346 9350 9346 9338 9335 9332 9326 9324 9332 9337 9348 9372 9387 9376 9333 9268 9203 9203 9203 9199 9199 9204 9215 9236 9242 9242 9244 9248 9236 9223 9223 9228 9217 9196 9199 9204 9197 9172 9195 9208 9202 9207 9200 9171 9128 9101 9138 9194 9214 9201 9180 9163 9160 9157 9150 9145 9144 9144 9157 9177 9187 9151 9142 9144 9155 9162
9400 9355 9351 9376 9388 9385 9383 9382 9405 9413 9401 9392 9380 9366 9352 9353 9341 9329 9317 9330 9336 9336 9334 9335 9332 9337 9344 9352 9363 9366 9367 9349 9323 9284 9244 9223 9212 9201 9198 9200 9198 9246 9243 9251 9262 9268 9241 9208 9209 9222 9221 9224 9227 9218 9208 9220 9226 9223 9211 9204 9205 9197 9202 9214 9204 9221 9219 9198 9172 9154 9157 9160 9160 9159 9163 9168 9173 9181 9178 9150 9126 9140 9145 9148
9364 9365 9388 9387 9378 9387 9391 9390 9414 9413 9396 9390 9390 9389 9374 9364 9338 9338 9328 9312 9325 9329 9329 9332 9331 9337 9352 9355 9350 9344 9346 9326 9325 9314 9291 9257 9223 9203 9196 9193 9198 9213 9233 9244 9256 9259 9244 9236 9235 9235 9245 9241 9242 9237 9250 9236 9228 9223 9211 9203 9211 9210 9224 9231 9220 9209 9207 9191 9169 9160 9156 9158 9160 9167 9179 9188 9176 9172 9172 9159 9157 9146 9135 9130
9377 9392 9411 9404 9391 9394 9400 9411 9423 9403 9374 9361 9373 9406 9400 9382 9375 9350 9341 9327 9321 9320 9317 9317 9320 9322 9319 9323 9321 9310 9299 9327 9335 9339 9328 9292 9256 9229 9209 9194 9181 9196 9208 9221 9235 9237 9235 9232 9231 9241 9253 9245 9227 9237 9255 9264 9264 9228 9216 9204 9205 9212 9222 9225 9213 9196 9193 9183 9167 9153 9152 9153 9149 9165 9183 9184 9165 9152 9150 9146 9146 9139 9124 9117
9416 9433 9435 9430 9420 9403 9396 9389 9398 9382 9355 9333 9347 9355 9397 9381 9365 9340 9323 9320 9313 9310 9307 9304 9308 9307 9304 9312 9310 9309 9310 9326 9332 9338 9335 9318 9302 9284 9243 9212 9182 9189 9193 9202 9217 9222 9226 9226 9225 9238 9249 9237 9220 9225 9241 9266 9283 9255 9236 9214 9209 9214 9211 9209 9206 9195 9190 9182 9173 9151 9149 9151 9157 9160 9170 9165 9154 9143 9135 9130 9122 9119 9116 9112
9423 9431 9478 9446 9407 9400 9403 9398 9382 9373 9352 9337 9374 9406 9385 9372 9368 9355 9322 9302 9307 9309 9309 9306 9302 9297 9290 9279 9299 9319 9315 9310 9318 9328 9332 9330 9330 9325 9294 9257 9212 9200 9196 9199 9195 9215 9225 9227 9233 9231 9226 9210 9205 9212 9218 9240 9273 9284 9259 9231 9223 9227 9221 9211 9206 9202 9193 9187 9177 9154 9149 9141 9133 9147 9158 9145 9145 9138 9130 9123 9118 9115 9116 9117
9438 9459 9457 9439 9426 9416 9403 9397 9397 9385 9375 9370 9377 9398 9408 9401 9388 9371 9344 9318 9309 9312 9317 9308 9296 9291 9288 9294 9309 9315 9301 9273 9303 9326 9331 9331 9330 9317 9312 9283 9230 9225 9229 9224 9220 9230 9230 9228 9225 9224 9220 9214 9206 9209 9216 9232 9248 9267 9258 9244 9235 9248 9230 9215 9207 9201 9198 9193 9184 9165 9153 9145 9140 9140 9147 9142 9149 9142 9134 9126 9120 9108 9118 9125
9444 9450 9428 9417 9415 9412 9417 9415 9404 9399 9399 9397 9380 9371 9393 9386 9388 9381 9354 9294 9308 9305 9303 9298 9290 9283 9278 9278 9304 9307 9301 9306 9306 9311 9319 9322 9323 9325 9317 9275 9218 9234 9243 9242 9246 9243 9237 9231 9226 9223 9219 9215 9210 9213 9223 9242 9243 9244 9246 9245 9253 9252 9239 9219 9208 9202 9202 9204 9193 9170 9158 9150 9141 9137 9140 9143 9148 9145 9139 9130 9122 9120 9125 9132
9439 9432 9418 9403 9402 9404 9416 9416 9408 9405 9392 9394 9409 9420 9409 9401 9367 9348 9341 9319 9302 9294 9289 9283 9278 9274 9270 9266 9301 9297 9302 9304 9304 9305 9307 9310 9314 9321 9301 9249 9224 9230 9237 9243 9245 9242 9240 9235 9226 9222 9224 9218 9217 9215 9212 9201 9218 9239 9250 9231 9225 9220 9213 9209 9204 9202 9202 9205 9204 9175 9162 9154 9143 9137 9135 9146 9160 9152 9146 9133 9125 9126 9134 9136
9437 9429 9407 9398 9399 9408 9406 9420 9425 9422 9418 9411 9404 9394 9382 9334 9356 9354 9348 9314 9299 9279 9270 9271 9274 9275 9271 9263 9278 9295 9303 9303 9298 9291 9292 9293 9294 9291 9263 9227 9221 9232 9229 9221 9252 9248 9243 9239 9237 9237 9231 9229 9227 9217 9203 9188 9207 9231 9243 9213 9185 9187 9194 9202 9200 9197 9197 9195 9191 9174 9165 9159 9150 9142 9144 9152 9162 9166 9156 9143 9130 9129 9144 9144
9434 9426 9416 9406 9401 9406 9416 9423 9431 9436 9446 9433 9416 9400 9375 9324 9319 9340 9344 9289 9267 9259 9250 9265 9276 9285 9293 9301 9302 9291 9297 9295 9288 9287 9278 9274 9270 9257 9238 9230 9235 9238 9235 9238 9237 9241 9240 9241 9245 9246 9236 9231 9235 9218 9206 9204 9210 9221 9215 9200 9179 9185 9193 9204 9203 9199 9193 9189 9189 9179 9170 9156 9150 9146 9149 9154 9164 9161 9158 9143 9134 9136 9145 9159
9433 9432 9426 9422 9409 9399 9419 9426 9430 9439 9432 9434 9417 9417 9366 9320 9316 9311 9286 9260 9253 9251 9255 9274 9290 9303 9316 9327 9319 9308 9304 9290 9272 9256 9258 9257 9252 9241 9230 9226 9233 9240 9237 9238 9232 9233 9235 9238 9243 9246 9235 9231 9219 9214 9208 9207 9207 9207 9210 9199 9203 9202 9222 9215 9205 9196 9188 9183 9183 9188 9179 9168 9160 9156 9146 9153 9162 9162 9163 9149 9141 9141 9159 9174
9435 9436 9438 9432 9417 9403 9408 9409 9424 9439 9456 9451 9437 9404 9362 9320 9305 9291 9271 9256 9232 9255 9274 9289 9303 9317 9333 9347 9336 9329 9305 9277 9264 9252 9245 9243 9241 9237 9230 9224 9232 9231 9228 9227 9226 9224 9224 9227 9232 9241 9236 9233 9220 9212 9207 9204 9204 9201 9197 9193 9209 9210 9233 9216 9200 9192 9185 9178 9185 9187 9190 9185 9171 9156 9149 9156 9168 9178 9157 9152 9153 9161 9167 9182
9432 9439 9446 9443 9426 9411 9416 9413 9420 9432 9432 9456 9455 9407 9360 9326 9307 9295 9271 9245 9231 9267 9297 9303 9314 9326 9340 9355 9353 9340 9315 9279 9252 9237 9231 9231 9233 9239 9239 9245 9242 9227 9217 9208 9210 9213 9213 9212 9209 9206 9200 9205 9207 9207 9204 9197 9192 9204 9200 9192 9210 9224 9215 9207 9198 9194 9189 9182 9184 9197 9196 9192 9175 9155 9149 9160 9173 9185 9173 9167 9160 9166 9169 9186
9423 9429 9433 9437 9428 9418 9425 9415 9418 9434 9452 9426 9402 9387 9368 9344 9341 9319 9290 9271 9274 9274 9293 9307 9317 9323 9332 9339 9340 9325 9306 9268 9236 9218 9215 9217 9224 9238 9256 9267 9240 9218 9210 9214 9211 9203 9197 9193 9186 9173 9172 9187 9202 9207 9203 9198 9199 9204 9204 9203 9206 9214 9214 9213 9214 9205 9199 9196 9201 9190 9183 9187 9174 9159 9156 9166 9180 9192 9188 9183 9179 9176 9172 9195
9418 9419 9418 9419 9425 9424 9400 9406 9411 9412 9410 9402 9383 9384 9378 9360 9343 9341 9329 9306 9267 9288 9306 9310 9309 9310 9313 9315 9318 9312 9279 9248 9227 9211 9201 9202 9209 9222 9245 9237 9217 9201 9193 9195 9199 9189 9182 9177 9172 9168 9164 9173 9190 9200 9200 9203 9209 9203 9201 9202 9198 9202 9206 9212 9231 9217 9205 9199 9199 9186 9169 9173 9169 9163 9163 9174 9187 9192 9197 9200 9193 9200 9225 9164
9413 9413 9414 9428 9438 9429 9408 9411 9406 9396 9393 9398 9394 9396 9404 9385 9360 9347 9326 9303 9301 9326 9319 9308 9298 9289 9283 9279 9275 9266 9236 9207 9186 9181 9182 9184 9188 9193 9208 9215 9191 9176 9168 9161 9166 9170 9168 9163 9158 9154 9142 9157 9173 9186 9194 9201 9205 9203 9202 9204 9194 9190 9197 9197 9210 9210 9205 9196 9188 9179 9170 9162 9167 9168 9167 9182 9194 9193 9192 9202 9212 9219 9186 9078
9411 9410 9413 9415 9412 9413 9402 9408 9410 9404 9403 9415 9409 9405 9402 9374 9374 9368 9337 9323 9320 9304 9309 9299 9286 9270 9253 9234 9221 9200 9174 9165 9158 9160 9167 9170 9170 9166 9169 9191 9170 9155 9147 9139 9142 9153 9154 9150 9144 9138 9144 9152 9164 9175 9192 9202 9204 9205 9205 9214 9205 9188 9195 9184 9190 9200 9204 9204 9193 9180 9172 9170 9173 9174 9166 9188 9201 9185 9181 9196 9215 9222 9193 9092
9408 9408 9407 9400 9392 9398 9416 9426 9421 9424 9418 9404 9404 9408 9408 9342 9354 9411 9394 9358 9336 9332 9306 9289 9267 9246 9217 9190 9156 9144 9141 9152 9158 9158 9160 9160 9159 9155 9161 9171 9152 9143 9135 9132 9141 9147 9146 9141 9135 9129 9139 9152 9170 9188 9201 9209 9213 9213 9208 9222 9221 9204 9191 9186 9185 9195 9205 9209 9197 9175 9174 9176 9182 9188 9188 9193 9189 9172 9171 9186 9199 9209 9241 9202
9412 9406 9397 9384 9402 9402 9415 9416 9417 9424 9426 9426 9412 9397 9378 9343 9365 9379 9371 9352 9329 9320 9298 9268 9243 9216 9188 9161 9138 9139 9160 9156 9161 9157 9156 9156 9155 9157 9157 9161 9152 9142 9132 9126 9139 9146 9142 9136 9132 9130 9141 9156 9178 9200 9213 9219 9225 9227 9229 9234 9234 9227 9199 9194 9186 9196 9208 9215 9205 9188 9170 9179 9191 9201 9205 9198 9180 9158 9157 9181 9190 9199 9226 9228
9420 9413 9405 9403 9402 9410 9414 9395 9404 9415 9422 9423 9400 9385 9370 9358 9355 9350 9325 9292 9311 9305 9285 9256 9225 9198 9169 9147 9145 9138 9144 9146 9149 9150 9150 9150 9151 9153 9155 9162 9151 9144 9136 9133 9138 9143 9139 9136 9134 9136 9138 9156 9180 9208 9218 9221 9229 9233 9222 9222 9219 9213 9204 9190 9186 9197 9210 9218 9211 9202 9185 9188 9203 9214 9219 9208 9186 9162 9159 9174 9185 9196 9196 9186
9423 9416 9412 9414 9407 9392 9376 9371 9399 9419 9417 9402 9378 9366 9366 9376 9353 9364 9341 9314 9316 9306 9265 9236 9209 9183 9158 9134 9102 9146 9151 9146 9141 9143 9144 9147 9148 9146 9145 9154 9149 9138 9133 9129 9134 9135 9134 9135 9135 9139 9147 9156 9173 9190 9200 9209 9221 9223 9212 9201 9195 9204 9213 9204 9197 9199 9206 9219 9204 9191 9193 9202 9207 9223 9211 9201 9189 9173 9165 9169 9176 9186 9187 9188
9434 9423 9409 9399 9384 9355 9364 9385 9396 9406 9405 9398 9371 9345 9347 9382 9366 9363 9338 9309 9298 9260 9236 9219 9201 9181 9159 9139 9131 9141 9176 9151 9142 9137 9140 9143 9145 9147 9143 9142 9131 9129 9129 9129 9128 9128 9131 9130 9132 9138 9144 9157 9161 9161 9167 9188 9208 9227 9226 9200 9187 9194 9203 9201 9198 9198 9196 9177 9188 9180 9177 9185 9195 9199 9195 9190 9190 9181 9178 9177 9176 9171 9176 9184
9444 9426 9410 9385 9378 9365 9379 9388 9391 9388 9384 9366 9346 9327 9319 9338 9338 9335 9329 9287 9250 9226 9221 9216 9201 9181 9160 9142 9133 9129 9153 9127 9123 9128 9133 9137 9143 9149 9155 9150 9141 9131 9116 9118 9124 9138 9128 9123 9125 9133 9145 9147 9147 9147 9154 9161 9176 9197 9188 9179 9181 9193 9197 9193 9202 9203 9195 9181 9185 9186 9188 9188 9194 9193 9196 9195 9194 9192 9188 9190 9186 9179 9178 9184
9461 9442 9422 9406 9393 9367 9350 9373 9380 9381 9358 9348 9336 9325 9305 9288 9303 9312 9295 9266 9235 9236 9235 9226 9206 9184 9165 9146 9134 9145 9132 9115 9118 9123 9129 9134 9141 9152 9159 9147 9129 9113 9099 9100 9109 9111 9115 9115 9114 9119 9131 9139 9132 9126 9125 9123 9129 9136 9151 9163 9181 9204 9227 9232 9228 9217 9209 9206 9193 9192 9202 9198 9202 9210 9204 9200 9203 9205 9211 9211 9195 9184 9175 9180
9471 9451 9433 9421 9403 9368 9353 9351 9360 9362 9348 9329 9324 9317 9307 9295 9273 9256 9257 9255 9245 9266 9266 9239 9214 9192 9171 9152 9142 9132 9125 9130 9125 9123 9126 9130 9135 9142 9147 9129 9105 9102 9091 9093 9101 9108 9113 9110 9107 9109 9117 9119 9111 9096 9077 9076 9076 9079 9115 9171 9196 9212 9232 9256 9239 9220 9211 9207 9193 9181 9165 9175 9190 9201 9208 9217 9215 9214 9215 9216 9210 9201 9198 9185
9472 9451 9434 9417 9380 9355 9349 9332 9337 9346 9340 9329 9319 9309 9304 9295 9280 9260 9269 9266 9257 9273 9278 9241 9211 9188 9168 9150 9130 9124 9118 9120 9116 9117 9121 9125 9127 9124 9141 9120 9099 9094 9096 9098 9105 9118 9117 9110 9104 9099 9101 9106 9095 9071 9045 9036 9035 9046 9094 9176 9227 9241 9247 9247 9220 9209 9202 9194 9189 9180 9169 9170 9182 9195 9204 9212 9215 9217 9218 9215 9212 9213 9215 9195
9472 9454 9434 9411 9387 9359 9346 9324 9326 9334 9330 9322 9319 9312 9305 9296 9290 9289 9279 9266 9237 9241 9244 9219 9199 9182 9166 9152 9129 9118 9118 9117 9107 9117 9123 9124 9126 9126 9131 9125 9104 9092 9089 9097 9109 9123 9125 9113 9103 9098 9101 9106 9092 9057 9016 9003 9011 9031 9080 9171 9235 9251 9249 9242 9220 9207 9199 9192 9187 9183 9181 9173 9173 9190 9200 9206 9212 9219 9224 9223 9223 9226 9222 9202
9471 9454 9431 9409 9385 9366 9348 9341 9351 9343 9332 9330 9318 9312 9298 9288 9279 9288 9283 9274 9247 9198 9175 9185 9181 9172 9161 9149 9141 9143 9132 9127 9123 9127 9127 9125 9123 9125 9131 9133 9116 9099 9093 9101 9115 9128 9130 9117 9101 9100 9107 9114 9100 9060 9015 9002 9015 9029 9083 9172 9239 9257 9240 9231 9217 9203 9195 9191 9187 9186 9186 9183 9188 9196 9203 9209 9214 9222 9229 9222 9236 9239 9245 9209
9460 9444 9427 9411 9389 9362 9354 9344 9348 9340 9325 9341 9322 9296 9287 9286 9274 9273 9280 9280 9214 9183 9175 9174 9173 9166 9157 9146 9147 9145 9147 9151 9154 9144 9137 9128 9116 9115 9130 9130 9113 9102 9107 9113 9122 9132 9134 9125 9114 9111 9115 9120 9111 9085 9054 9042 9056 9064 9101 9185 9233 9228 9211 9202 9197 9184 9186 9186 9185 9182 9184 9188 9193 9205 9210 9212 9218 9226 9239 9256 9249 9247 9249 9226
9446 9437 9428 9420 9412 9380 9357 9352 9358 9345 9335 9338 9328 9328 9335 9314 9306 9316 9311 9275 9226 9204 9190 9181 9172 9164 9156 9149 9147 9149 9152 9160 9169 9161 9152 9143 9135 9130 9124 9102 9103 9101 9115 9125 9129 9135 9139 9130 9125 9119 9122 9133 9139 9122 9111 9118 9127 9147 9179 9207 9218 9200 9196 9198 9192 9181 9179 9184 9187 9189 9192 9197 9203 9214 9220 9221 9220 9231 9244 9247 9253 9240 9235 9221
9441 9433 9428 9421 9420 9412 9360 9360 9348 9346 9351 9341 9324 9304 9306 9318 9324 9336 9327 9303 9249 9220 9205 9190 9175 9165 9158 9153 9147 9147 9157 9158 9167 9174 9166 9155 9147 9131 9113 9098 9105 9111 9135 9135 9133 9130 9120 9121 9122 9109 9121 9138 9152 9150 9155 9170 9188 9219 9229 9236 9238 9221 9197 9189 9182 9172 9188 9195 9197 9196 9202 9214 9224 9223 9224 9223 9218 9240 9260 9275 9275 9240 9227 9211
9432 9425 9420 9415 9413 9404 9377 9360 9339 9339 9351 9346 9348 9344 9332 9318 9315 9313 9324 9302 9264 9240 9214 9192 9179 9168 9161 9160 9158 9167 9185 9191 9196 9190 9175 9161 9148 9137 9131 9129 9119 9112 9130 9135 9132 9126 9117 9109 9108 9104 9118 9137 9155 9166 9177 9194 9213 9237 9247 9235 9209 9180 9164 9168 9181 9189 9210 9215 9212 9210 9213 9214 9227 9230 9228 9236 9247 9276 9290 9282 9263 9259 9241 9225
9435 9423 9413 9410 9410 9396 9382 9357 9327 9324 9338 9340 9338 9335 9327 9318 9308 9306 9312 9282 9260 9245 9217 9194 9180 9170 9163 9158 9161 9179 9191 9193 9192 9190 9176 9165 9152 9145 9141 9139 9134 9133 9129 9129 9128 9127 9124 9112 9100 9110 9119 9136 9159 9171 9185 9206 9216 9222 9225 9210 9185 9170 9147 9171 9220 9238 9247 9233 9225 9227 9224 9231 9243 9245 9243 9276 9319 9353 9339 9302 9265 9276 9277 9261
