real_craters/C203-500m.grd
DSAA
531 531
-132.3875 132.3875
-132.3875 132.3875
7249.5108945715 10465.405454921
[rows 270 to 299 of 531, columns 335 to 401 of 531]
9339.53 9438.31 9512.16 9575.31 9626.9 9684.12 9720.85 9730.7 9680.64 9577.98 9546.56 9537.03 9531.67 9527.12 9521.65 9516.07 9508.9 9498.94 9491.63 9489.01 9481.14 9469.2 9437.35 9411.71 9413.39 9425.6 9439.76 9455.82 9475.87 9518.89 9555.22 9584.81 9599.76 9585.34 9573.87 9538.78 9528.31 9527.39 9518.71 9510.36 9498.86 9485.84 9474.32 9462.28 9449.88 9438.74 9425.55 9411.56 9399.88 9391.2 9376.58 9360.24 9340.62 9363.5 9379.83 9381.97 9387.02 9382.5 9368.6 9352.35 9351.81 9342.16 9331.93 9323.35 9310.93 9292.96 9286.91
9330.66 9439.51 9503.74 9576.92 9660.57 9721.42 9759.28 9781.05 9736.99 9599.64 9538.3 9521.15 9517.12 9514.76 9511.3 9504.44 9493.72 9479.85 9461.69 9435.92 9411.04 9407.26 9402.15 9403.68 9419.5 9442.56 9474.25 9510.15 9551.57 9578.87 9596.26 9601.03 9569.95 9587.22 9564.61 9541.99 9543.45 9541.96 9536.9 9525.8 9513.04 9497.69 9484.7 9471.77 9456.76 9444.09 9432.7 9422.06 9415.74 9407.69 9395.73 9371.79 9364.12 9354.06 9349.12 9365.1 9373.43 9369.82 9357.05 9341.28 9337.91 9332.74 9326.48 9321.58 9312.48 9299.41 9290.7
9348.72 9442.38 9528.13 9591.62 9650.17 9721.22 9790.06 9825.17 9783.7 9659.31 9549.16 9521.8 9509.93 9504.26 9501.94 9497.18 9483.43 9463.08 9438.31 9410.26 9388.16 9388.07 9389.25 9403.8 9425.17 9458.03 9497.46 9547.72 9606.13 9627.01 9632.73 9643.32 9655.04 9622.38 9570.76 9557.22 9573.63 9560.71 9549.78 9534.96 9520.28 9505.84 9490.58 9476.05 9461.71 9449.05 9437.79 9427.41 9420.11 9408.88 9385.24 9362.07 9352.95 9348.82 9353.45 9354.34 9360.54 9358.84 9350.66 9340.09 9324.52 9323.47 9319.68 9314.25 9308.91 9303.79 9293.24
9291.7 9422.19 9534.75 9604.78 9660.1 9724.43 9826.72 9884.35 9824.14 9676.16 9578.3 9532.62 9509.34 9496.81 9491.41 9491.02 9471.58 9447.14 9423.23 9405.36 9401.08 9391.25 9381.25 9394.66 9430.28 9468.82 9508.64 9555.54 9611.45 9632.73 9644.86 9668.37 9693.01 9654.12 9586.74 9561.1 9588.74 9569.81 9549.9 9531.55 9521.78 9505.78 9490.55 9476.14 9461.91 9448.89 9437.33 9426.4 9415.69 9396.47 9364.75 9355.23 9351.35 9342.63 9337.62 9338.39 9348.64 9348.57 9343.74 9336.94 9328.12 9320.99 9315.62 9308.36 9305.48 9302.94 9294.02
9291.94 9413.19 9524.28 9613.47 9689.58 9771.14 9873.52 9943.45 9889.96 9763.11 9608 9541.92 9510.28 9488.58 9474.88 9468.36 9449.16 9428.72 9410.72 9397.64 9389.79 9400.13 9404.62 9428.52 9453.76 9478.67 9509.5 9540.62 9564.72 9589.67 9627.35 9662.22 9683.88 9657.28 9601.39 9574.81 9577.83 9565.13 9547.96 9538.51 9521.83 9506.23 9490.61 9476.15 9465.05 9451.74 9439 9425.81 9410.61 9389.32 9356.41 9357.39 9355.69 9336.67 9315.83 9317.31 9331.99 9337.54 9336.33 9331.97 9326.43 9320.49 9315.47 9310.16 9305.28 9298.89 9293.99
9329.99 9438.26 9545.65 9626.25 9721.55 9832.94 9907.51 9952.92 9919.14 9790.3 9620.31 9552.25 9507.78 9477.75 9453.8 9433.2 9422.63 9411.64 9402.46 9395.55 9395.94 9428.02 9461.45 9463.39 9464.31 9485.92 9509.04 9527.46 9535.15 9553.88 9604.38 9643.06 9660.54 9641.12 9593.24 9560.89 9562.89 9557.57 9544.52 9529.31 9519.32 9507.06 9490.65 9477.01 9465.53 9451.59 9438.32 9423.2 9407.57 9392.8 9375.23 9356.63 9349.63 9337.69 9326.69 9329.27 9335.01 9334.83 9328.79 9323.88 9320.26 9319.61 9316.96 9313.09 9307.83 9305.01 9295.11
9393.63 9475.96 9563.03 9626.35 9727.79 9865.47 9917.1 9920.56 9917.88 9794.33 9645.37 9560.38 9511.19 9478.25 9446.19 9422.37 9410.5 9403.62 9399.57 9402.61 9418.27 9467.87 9529.92 9504.4 9484.01 9499.11 9518.23 9532.16 9540.8 9557.75 9597.44 9629.76 9638.47 9617.54 9581.3 9533.46 9554.17 9548.6 9536.65 9524.99 9516.87 9504.99 9491.97 9478.73 9462.33 9450.12 9437.04 9422.12 9405.32 9389.84 9378.91 9364.4 9349.94 9342.45 9340.86 9349.02 9354.44 9340.56 9329.79 9326.09 9325.9 9320.54 9315.51 9315.39 9303.27 9299.84 9289.72
9423.51 9497.62 9577.64 9629.79 9723.68 9847.54 9918.46 9962.53 9963.88 9854.82 9707.51 9581.19 9527.33 9493.5 9459.06 9432.34 9421.73 9412.42 9406 9409.85 9436.69 9492.84 9549.3 9528.55 9504.79 9518.95 9535.63 9550.92 9563.08 9567.75 9606.9 9630.57 9645.1 9648.97 9581.16 9527.07 9526.79 9527.2 9516.99 9514 9503.38 9490.61 9479.1 9467.64 9460.15 9449.09 9436.92 9421.44 9405.1 9386.07 9372.86 9362.6 9350.78 9345.54 9340.65 9338.31 9344.49 9340.18 9336.55 9338.28 9335.47 9323.19 9305.11 9285.11 9285.95 9275.72 9280.65
9425.61 9509.09 9587.74 9660.75 9740.44 9822.88 9889.16 9963.26 10024.9 9926.99 9774.23 9613.87 9551.43 9523.38 9495.05 9469.51 9455.2 9435.16 9416.46 9409.54 9432.7 9501.59 9539.55 9537.08 9537.13 9541.93 9556.06 9575.72 9599.74 9623.01 9636.07 9632.09 9627.44 9620.6 9564.83 9529.67 9512.7 9506.62 9501.54 9498.4 9488.58 9478.51 9469.51 9459.64 9449.22 9440.09 9430.56 9420.93 9410.15 9398.08 9385.17 9359.74 9360.67 9350.54 9344.85 9345.19 9351.32 9337.93 9320.9 9337 9340.88 9329.04 9317.49 9306.31 9300.45 9292.12 9289.65
9455.69 9554.78 9641.6 9713.24 9771.73 9816.84 9870.75 9956.27 10038.8 9948.3 9798.46 9624.73 9573.78 9561.38 9559.77 9539.86 9504.08 9468.74 9436.37 9414.76 9428.51 9490.99 9503.16 9526.77 9547.81 9551.87 9564.1 9591.01 9630 9679.6 9662.09 9621.45 9580.59 9525.69 9516.91 9523.43 9521.91 9505.31 9492.39 9483.01 9474.13 9466.49 9458.11 9452.04 9446 9438.33 9431.04 9422.47 9416.96 9412.2 9394.54 9378.17 9360.76 9353.58 9350.62 9353.08 9355.38 9342.25 9331.05 9335.61 9338.49 9331.19 9329.77 9329.53 9329.38 9327.67 9309.55
9509.6 9610.56 9696.47 9775.51 9814.78 9846.98 9880.5 9939.78 9975.16 9868.16 9699.95 9596.88 9578.83 9593.18 9620.8 9606.16 9554.38 9507.86 9466.18 9436.57 9440.17 9473.31 9488.85 9506.16 9520.78 9531.12 9555.32 9587.31 9623.09 9656.53 9640.25 9596.6 9544.57 9481.23 9479.53 9488.47 9484.13 9498 9481.59 9473.4 9466.25 9459.66 9452.55 9446.39 9442.37 9435.61 9429.87 9425.71 9420.59 9416.59 9414.96 9397.51 9354.08 9353.71 9355.68 9356.3 9352.46 9346.6 9343.17 9342.83 9337.57 9327.27 9309.26 9309.02 9317.34 9320.22 9317.56
9567.2 9645.45 9726.97 9794.86 9845.28 9884.13 9914.42 9947.86 9939.64 9800.62 9651.59 9576.98 9576.84 9607.1 9646.61 9635.12 9588.07 9541.55 9500.43 9468.73 9464.11 9482.07 9487.19 9489.79 9483.24 9502.28 9541.54 9571.76 9594.43 9599.64 9588.87 9570.9 9539.32 9503.86 9493.71 9493.19 9491.51 9462.35 9459.66 9458.13 9457.28 9453.32 9448.14 9442.12 9435.39 9432.67 9427.83 9424.47 9421.77 9421.57 9421.19 9405.78 9369.83 9362.37 9361.8 9359 9337.43 9346.42 9354.76 9347.73 9341.3 9332.86 9317.07 9311.43 9309.68 9312.7 9318.22
9612.88 9682.35 9748.89 9815.28 9869.27 9916.36 9944.5 9968.01 9926.35 9781.65 9647.13 9569.65 9569.66 9607.21 9645.53 9639.56 9608.68 9570.21 9533.26 9506.28 9494.72 9501.75 9495.04 9490.05 9490.74 9506.99 9536.05 9561.46 9575.03 9569.21 9560.45 9560.13 9547.16 9540.11 9527.96 9501.47 9474.91 9442.95 9445.64 9446.51 9447.37 9443.66 9438.43 9436.62 9431.4 9425.61 9421.64 9418.23 9416.79 9414.66 9414.17 9400.83 9383.2 9368.67 9360.24 9351.12 9333.36 9342.26 9353.4 9347.88 9345.53 9344.68 9352.14 9339.33 9332.08 9323.18 9318.26
9644.41 9702.19 9759.94 9820.1 9886.38 9944.08 9989.17 10005.4 9929.68 9770.23 9634 9554.06 9569.26 9611.69 9636.62 9639.53 9617.46 9587.34 9558.37 9533.91 9513.95 9494.09 9498.3 9500.18 9503.87 9512.89 9540.22 9557.11 9568.03 9575.66 9585.9 9562.55 9550.51 9543.79 9529.68 9497.61 9482.86 9455.43 9450.77 9448.89 9447.8 9443.96 9438.3 9432.62 9427.38 9420.2 9415.53 9413.05 9412.21 9408.93 9407.92 9400.84 9383.44 9369.01 9355.06 9340.81 9329 9331.75 9340.12 9347.87 9345.31 9343.95 9341.95 9339.69 9334.16 9325.4 9316.6
9665.76 9706.39 9766.83 9834.71 9896.38 9961.93 10013.1 10012.7 9912.13 9746.96 9631.76 9576.85 9593.34 9633.83 9668.91 9651.48 9623.89 9595.99 9574.97 9561.04 9540.15 9515.76 9500.26 9515.48 9533.44 9561.01 9555.01 9558.77 9565.32 9569.55 9563.06 9555.17 9540.03 9521.96 9501.9 9478.65 9458.22 9467.35 9463.44 9455.38 9450.68 9446.43 9442.52 9437.09 9429.18 9421.43 9414.04 9408.38 9408.58 9413.2 9405.34 9397.02 9385.74 9370.56 9356.48 9335.43 9317.48 9323.06 9332.06 9338.27 9337.1 9337.43 9335.21 9334 9329.42 9324.52 9317.09
9674.33 9714 9753.13 9814.86 9893.83 9968.95 10025.8 10038 9904.81 9725.62 9648.16 9635.19 9630.24 9655.48 9678.57 9655.04 9624.45 9593.9 9572.68 9568.02 9560.05 9544.19 9526.97 9533.79 9545.46 9555.94 9554.52 9557.69 9559.6 9560.56 9558.75 9542.8 9525.22 9501.76 9459.71 9467.86 9453.11 9459.77 9463.82 9458.68 9455.48 9450.21 9445.27 9438.84 9431.65 9422.99 9412.44 9400.17 9391.58 9394.95 9405.14 9410.84 9393.68 9380.2 9368.15 9345.45 9315.94 9315.13 9316.69 9316.66 9321.07 9328.68 9337.75 9333.78 9326.41 9330.15 9325.05
9659.32 9685.94 9735.58 9799.56 9884.8 9969.53 10057.3 10076.4 9913.71 9729.34 9673.02 9663.18 9669.23 9677.15 9669.15 9653.88 9616.24 9573.83 9539.68 9531.87 9541.47 9570.23 9554.13 9547.7 9547.94 9530.32 9551.38 9559.5 9556.14 9548.29 9537.05 9527 9516.69 9506.64 9506.67 9486.71 9474.66 9470.06 9462.03 9461.03 9458.74 9454.3 9449.37 9443.29 9435.31 9426.16 9413.76 9397.97 9374.94 9367.51 9397.24 9419.59 9414.43 9409.41 9386.3 9350.87 9316.03 9311.66 9305.37 9298.85 9303.44 9308.3 9316.81 9332.04 9343.91 9342.31 9346.57
9661.78 9688.01 9745.45 9801.72 9869.38 9952.05 10037.6 10053.3 9926.78 9768.81 9710.87 9693.35 9700.79 9712.19 9706.95 9658.88 9603.49 9546.54 9491.65 9452.15 9469.98 9494.66 9530.35 9556.56 9568.26 9580.01 9578.98 9565.82 9552.43 9539.14 9522.2 9516.66 9514.03 9510.35 9509.45 9495.02 9486.12 9474.82 9459.09 9467.73 9465.65 9461.46 9455.71 9448.04 9440.39 9431.7 9420.26 9407.38 9394.33 9388.67 9392.85 9399.9 9423.75 9436.25 9415.35 9372.02 9321.01 9307.04 9298.88 9291.21 9291.9 9291.17 9298.21 9321.39 9339.05 9343.68 9350.77
9689.62 9706.39 9723.73 9773.9 9841.4 9911.28 9992.37 10033.9 9966.09 9851.05 9756.34 9684.22 9670.23 9717.9 9716.88 9652.68 9585.93 9522.34 9465.43 9432.07 9435.42 9474.83 9546.79 9565.64 9576.62 9600.04 9588.11 9560.36 9544.74 9534.66 9522.9 9519.9 9519.26 9510.37 9492.85 9487.17 9486.77 9479.86 9488.99 9485.24 9478.75 9472.76 9465 9457.13 9449.21 9441.56 9434.73 9426.41 9415.45 9408.2 9403.23 9403.93 9426.69 9449.86 9443.71 9399.33 9337.16 9321.83 9298.49 9289.61 9293.12 9294.09 9299.1 9312.35 9324.82 9334.03 9336.24
9689.81 9691.32 9682.17 9740.48 9816.42 9879.88 9952.19 10022.7 9995.5 9920.06 9790.45 9693.69 9663.11 9701.43 9688.6 9629.25 9564.56 9501.66 9447.66 9417.99 9423.41 9465.95 9532.63 9548.7 9550.43 9553.82 9544.25 9531.04 9528.5 9530.89 9538.32 9543.24 9530.75 9521.91 9508.75 9502.91 9500.69 9499.87 9507.92 9501.08 9490.57 9480.91 9472.06 9463.14 9456.4 9450.68 9447.31 9446.7 9446.15 9434.58 9420.77 9412.16 9419.63 9426.64 9437.03 9401.48 9340.03 9339.69 9324.3 9308.66 9305.78 9308.01 9310.77 9313.5 9319.85 9326.44 9328.93
9661.91 9665.26 9675.22 9734.12 9811.61 9880.55 9936.79 9975.22 9931.23 9869.52 9791.06 9720.79 9686.59 9665.87 9642.03 9598.23 9542.1 9484.74 9435.97 9410.06 9410.89 9446.23 9492.97 9513.14 9506.53 9484.98 9468.26 9489.5 9509.33 9525.58 9533.69 9530.82 9544 9541.62 9537.32 9529.95 9520.09 9517.79 9523.97 9509.4 9495.86 9484.53 9476.25 9467.62 9460.79 9455.23 9454.56 9458.81 9470.85 9450.9 9431.06 9420.82 9413.74 9406.06 9417.54 9390.62 9344.92 9326.05 9325.02 9321.77 9320.47 9319.91 9319.74 9319.67 9321.36 9323.55 9323.61
9645.96 9650.7 9668.42 9737.73 9816.48 9880.98 9892.21 9868.86 9814.31 9792.64 9779.48 9754.82 9715.72 9646.94 9616.4 9581.88 9530.61 9474.91 9427.98 9407.29 9413.34 9438.85 9470.59 9484.1 9475.61 9448.2 9427.22 9465.3 9500.94 9528.31 9550.64 9566.63 9568.22 9562.08 9554.75 9545.4 9534.77 9520.8 9514.44 9508.58 9499.16 9489.36 9479.02 9470.4 9462.64 9456.9 9453.18 9450.83 9448.57 9438.6 9422.79 9405.86 9393.66 9396.07 9397.13 9380.89 9352.67 9336.51 9340.27 9336.08 9333.81 9334.06 9330.34 9325.63 9324.7 9324.44 9323.9
9626.08 9647.3 9683.27 9744.88 9817.69 9881 9812.11 9745.33 9743.52 9760.25 9780.88 9787.78 9762.87 9688.14 9639.02 9589.35 9531.2 9471.18 9419.91 9404.6 9415.47 9439.51 9461.37 9474.42 9475.96 9454.63 9440.61 9469.46 9506 9538.85 9569.92 9598.86 9588.81 9574.39 9567.2 9564.71 9548.59 9536.04 9522.1 9510.74 9501.59 9491.67 9479.86 9469.88 9461.54 9453.41 9445.48 9435.35 9421.61 9421.62 9411.54 9389.12 9373.95 9375.47 9385.48 9379.16 9358.16 9342.64 9345.3 9348.15 9346.2 9339 9336.93 9337.08 9330.03 9326.86 9329.01
9630.76 9658.77 9697.33 9750.2 9796.84 9828.62 9769.77 9749.22 9764.95 9780.89 9800.03 9816.01 9812.69 9740.54 9679.81 9614.7 9546.55 9478.81 9422.48 9406.2 9420.91 9447.5 9487.49 9517.65 9504.06 9484.48 9468.36 9496.11 9524.11 9547.76 9570.09 9595.86 9580.71 9569.86 9564.24 9556.68 9552.75 9554.05 9544.74 9518.7 9499.25 9482.31 9470.51 9460.98 9453 9447.16 9437.89 9428.57 9415.19 9412.04 9406.02 9391.35 9384.83 9384.27 9394.7 9384.19 9373.4 9351.9 9357.48 9361.11 9361.56 9357.12 9342.38 9329.25 9326.25 9325.54 9329.69
9649.65 9692.69 9733.81 9767.38 9781.5 9766.8 9759.85 9778.44 9809.07 9807.86 9819.51 9832.33 9818.97 9789.82 9727 9651.8 9575.42 9500.88 9435.46 9410.36 9410.5 9448.09 9499.39 9547.43 9527.66 9522.88 9535.32 9543.63 9550.35 9554.94 9553.13 9532.58 9541.62 9556.7 9559.96 9552.54 9556.79 9549.91 9529.8 9510.49 9493.03 9477.42 9464.07 9453.72 9445.83 9437.96 9431.42 9426.87 9416.61 9403.13 9392.48 9387.9 9387.42 9375.52 9372.87 9380.21 9385.37 9371.15 9370.15 9372.21 9376.03 9378.71 9355.06 9327.09 9327.11 9323.07 9317.72
9681.32 9744.38 9790.47 9806.2 9805.74 9791.7 9780.4 9796.33 9797.13 9807.89 9827.56 9852.23 9877.76 9846.53 9768.66 9685.73 9607.1 9535.14 9472.33 9431.07 9418.02 9443.69 9475.19 9486.06 9521.81 9549.98 9575.32 9585.91 9577.35 9563.27 9548.18 9539.95 9543.46 9550.12 9564.53 9578.17 9575.96 9554.61 9525.06 9511.77 9484.4 9466.61 9455.69 9447.52 9441.43 9435.24 9428.47 9420.95 9412.63 9403.06 9390.31 9378.88 9363.68 9356.77 9358.81 9373.05 9384.41 9383.19 9380.6 9373.88 9376.68 9379.77 9370.96 9360.62 9341.53 9328.89 9321.97
9721.52 9803.95 9853.37 9862.25 9852.52 9835.33 9815.06 9802.63 9781.65 9788.88 9814.13 9852.37 9894.48 9882.06 9794.33 9703.17 9627.15 9567.42 9517.36 9463.12 9437.46 9447.58 9465.62 9484.49 9525.72 9568.53 9609.17 9622.82 9598.63 9570.47 9544.54 9526.89 9521.12 9539.4 9568.04 9595.59 9601.14 9576.37 9536.43 9497.3 9467.02 9451.7 9445.61 9440.54 9435.77 9431.97 9426.59 9418.48 9408.01 9400.91 9391.26 9375.78 9359.92 9348.48 9354.29 9367.32 9371.62 9376.67 9364.66 9362.39 9363.26 9365.93 9368.74 9366.48 9348.12 9334.33 9323.11
9770.42 9877.51 9927.75 9931.37 9920.44 9907.05 9883.37 9845.15 9777.62 9764.49 9784.25 9821.41 9853.68 9853.08 9771.63 9687.73 9621.48 9574.99 9532.99 9485.99 9460.36 9455.87 9471.79 9502.32 9533.61 9573.3 9619.14 9637.25 9603.18 9568.54 9535.91 9501.56 9485.44 9523.61 9563.22 9603.47 9618.82 9596.04 9570.35 9479.95 9445.97 9436.6 9432.64 9433.11 9432.34 9430.51 9427.2 9425.59 9415.16 9402.85 9389.93 9379.18 9369.55 9368.93 9368.3 9375.96 9378.1 9377.81 9357.73 9349.45 9344.71 9345.9 9351.45 9351.81 9344.1 9330.94 9314.73
9830.39 9946.66 9996.51 10005.6 10004.6 10021.4 10010.9 9913.88 9788.02 9735.51 9739.85 9766.88 9794.11 9770.22 9699.53 9638.35 9586.33 9546.03 9512.88 9469.51 9453.76 9456.39 9471.55 9493.97 9524.32 9557.08 9592.06 9607.83 9583.11 9555.7 9527.78 9502.32 9495.08 9515.4 9542.79 9577.34 9596.74 9574.1 9561.21 9469.58 9429.95 9426.76 9427.81 9430.69 9431.42 9431.2 9428.11 9416.44 9411.63 9404.6 9394.66 9386.05 9387.05 9394.74 9396.93 9399.31 9403.4 9395.19 9358.87 9347.35 9327.51 9323.3 9334.45 9341.76 9341.15 9330.08 9310.18
9896.04 9984.06 10042.7 10077.7 10096.4 10144.4 10122 9959.98 9782.08 9694.14 9683.6 9695.22 9707.97 9647.09 9602.91 9577.81 9540.91 9492.58 9457.88 9435.04 9438.51 9455 9468.25 9486.17 9505.17 9529.04 9550.66 9551.05 9552.17 9536.66 9517.39 9506.32 9506.01 9503.66 9505.54 9511.9 9514.27 9498.43 9476.1 9434.71 9422.25 9423.08 9425.87 9427.79 9429.16 9431.28 9432.52 9432.09 9414.32 9396.98 9387.46 9384.29 9386.3 9393.63 9403.13 9413.2 9419.3 9409.75 9386.2 9365.78 9346.51 9332.16 9319.16 9328.65 9347.43 9352.74 9332.37
