real_craters/C204-750m.grd
DSAA
356 356
-133.2625 133.2625
-133.2625 133.2625
8063.431130688 11417.042905343
[rows 180 to 209 of 356, columns 0 to 67 of 356]
9879 9890 9912 9933 9938 9948 9955 9958 9945 9929 9920 9914 9908 9904 9897 9889 9884 9881 9881 9875 9870 9869 9860 9861 9856 9872 9875 9859 9841 9823 9817 9833 9839 9842 9844 9847 9848 9847 9844 9837 9828 9813 9792 9783 9803 9812 9818 9832 9840 9845 9855 9880 9902 9911 9907 9909 9917 9923 9927 9929 9930 9932 9945 9951 9956 9956 9963 9967
9871 9880 9882 9900 9926 9942 9952 9956 9946 9931 9916 9903 9890 9884 9883 9881 9878 9876 9870 9869 9867 9861 9853 9853 9848 9846 9847 9841 9833 9824 9826 9834 9834 9830 9826 9833 9836 9834 9831 9824 9817 9806 9795 9794 9799 9812 9821 9826 9835 9850 9863 9880 9888 9889 9897 9902 9912 9922 9927 9922 9921 9926 9937 9946 9950 9961 9973 9979
9866 9873 9887 9899 9919 9940 9954 9956 9945 9928 9909 9894 9881 9875 9873 9872 9869 9866 9863 9867 9866 9860 9855 9840 9839 9837 9838 9830 9824 9824 9831 9838 9834 9829 9824 9829 9829 9827 9824 9819 9814 9808 9805 9803 9800 9811 9818 9823 9832 9841 9850 9868 9878 9878 9877 9884 9890 9908 9910 9892 9904 9923 9934 9940 9949 9962 9977 9983
9848 9859 9867 9889 9913 9937 9957 9956 9937 9914 9899 9888 9878 9872 9871 9872 9869 9859 9859 9875 9896 9879 9865 9844 9843 9848 9823 9809 9816 9826 9832 9835 9832 9832 9839 9829 9825 9822 9819 9816 9812 9810 9811 9815 9810 9816 9820 9826 9830 9836 9845 9859 9862 9866 9814 9792 9766 9746 9747 9764 9820 9882 9913 9930 9944 9958 9971 9986
9841 9850 9858 9881 9905 9928 9945 9944 9927 9903 9894 9886 9877 9872 9876 9882 9878 9862 9865 9881 9869 9875 9863 9848 9842 9846 9825 9805 9818 9825 9830 9828 9829 9827 9823 9822 9820 9818 9815 9814 9812 9811 9812 9810 9815 9826 9825 9821 9827 9834 9844 9850 9812 9738 9694 9650 9637 9639 9648 9684 9710 9786 9845 9902 9921 9944 9962 9973
9838 9847 9861 9877 9898 9917 9930 9927 9917 9908 9899 9889 9881 9874 9870 9873 9872 9870 9872 9898 9882 9868 9856 9848 9842 9843 9843 9835 9836 9841 9838 9834 9829 9824 9821 9819 9817 9815 9814 9814 9813 9812 9811 9814 9818 9827 9827 9822 9827 9829 9834 9824 9738 9626 9589 9566 9558 9559 9568 9583 9610 9638 9672 9790 9858 9922 9967 9984
9836 9845 9858 9873 9890 9904 9913 9913 9911 9912 9905 9893 9884 9877 9869 9867 9869 9876 9880 9893 9885 9868 9856 9849 9844 9838 9836 9841 9849 9852 9843 9838 9827 9821 9820 9817 9816 9814 9813 9811 9810 9810 9811 9814 9819 9822 9827 9827 9835 9838 9831 9744 9644 9565 9529 9523 9525 9539 9541 9553 9564 9566 9583 9644 9766 9890 9971 9992
9837 9841 9852 9868 9883 9896 9905 9908 9909 9909 9904 9895 9886 9877 9868 9866 9870 9877 9888 9878 9874 9869 9860 9858 9851 9844 9845 9848 9853 9851 9838 9820 9818 9816 9816 9814 9813 9814 9814 9811 9810 9810 9810 9815 9822 9819 9823 9834 9849 9850 9837 9697 9583 9527 9505 9508 9516 9525 9528 9540 9540 9543 9556 9590 9672 9826 9932 9936
9838 9843 9851 9864 9878 9890 9902 9906 9905 9905 9900 9894 9887 9878 9869 9865 9867 9880 9890 9882 9883 9881 9879 9871 9869 9866 9851 9847 9851 9845 9833 9822 9818 9814 9807 9806 9814 9817 9818 9817 9815 9812 9810 9813 9819 9820 9825 9843 9863 9859 9802 9669 9568 9524 9502 9496 9500 9506 9515 9526 9531 9533 9537 9549 9611 9700 9827 9885
9837 9839 9849 9861 9873 9885 9896 9902 9902 9899 9895 9892 9888 9888 9882 9877 9875 9882 9890 9900 9893 9885 9887 9878 9873 9869 9850 9836 9831 9831 9828 9824 9822 9820 9823 9826 9824 9823 9823 9821 9819 9815 9812 9816 9826 9828 9832 9838 9839 9823 9715 9628 9555 9514 9493 9486 9486 9493 9503 9519 9532 9533 9541 9581 9606 9632 9733 9816
9837 9841 9848 9858 9869 9880 9889 9895 9900 9896 9892 9888 9886 9884 9887 9885 9877 9875 9871 9889 9887 9879 9884 9869 9869 9865 9837 9824 9818 9821 9823 9822 9822 9825 9830 9833 9831 9831 9830 9829 9828 9823 9818 9818 9824 9827 9827 9805 9751 9711 9665 9604 9546 9509 9488 9488 9489 9488 9501 9520 9528 9533 9551 9585 9604 9618 9662 9719
9843 9840 9848 9857 9868 9877 9884 9890 9895 9891 9887 9882 9881 9884 9890 9894 9893 9881 9869 9878 9888 9880 9874 9881 9887 9861 9835 9830 9826 9826 9825 9823 9825 9829 9831 9830 9835 9837 9838 9840 9838 9836 9832 9829 9830 9822 9821 9799 9748 9691 9653 9600 9552 9520 9505 9499 9501 9502 9528 9531 9537 9537 9540 9570 9587 9601 9616 9650
9839 9840 9848 9857 9867 9876 9883 9889 9889 9881 9874 9873 9874 9879 9891 9902 9894 9894 9899 9893 9896 9892 9886 9902 9899 9879 9864 9851 9842 9835 9834 9835 9836 9837 9837 9839 9841 9844 9846 9848 9851 9853 9854 9854 9856 9841 9836 9807 9736 9678 9626 9587 9561 9530 9513 9511 9520 9526 9524 9527 9530 9535 9540 9548 9562 9588 9612 9636
9834 9842 9851 9862 9870 9877 9882 9884 9877 9872 9868 9868 9867 9865 9878 9898 9897 9897 9894 9892 9883 9884 9900 9909 9906 9869 9866 9857 9844 9842 9842 9844 9845 9845 9845 9845 9848 9851 9855 9859 9865 9873 9883 9881 9881 9865 9861 9825 9733 9672 9619 9581 9560 9535 9520 9517 9521 9515 9515 9523 9527 9535 9544 9552 9562 9587 9607 9665
9837 9844 9858 9867 9874 9879 9881 9881 9872 9871 9874 9872 9868 9864 9875 9892 9911 9906 9888 9885 9871 9876 9907 9922 9918 9893 9876 9862 9850 9848 9849 9852 9854 9854 9853 9853 9855 9859 9861 9865 9871 9880 9890 9886 9891 9872 9873 9845 9743 9672 9620 9580 9553 9534 9522 9520 9522 9519 9527 9533 9537 9538 9545 9552 9565 9606 9617 9693
9855 9867 9873 9877 9880 9881 9882 9880 9877 9878 9884 9880 9875 9874 9886 9922 9929 9914 9879 9864 9863 9875 9900 9910 9902 9889 9876 9863 9857 9854 9855 9856 9858 9860 9862 9863 9863 9864 9865 9867 9871 9876 9875 9871 9871 9868 9880 9877 9791 9689 9629 9582 9558 9539 9527 9522 9523 9527 9540 9521 9532 9537 9537 9550 9572 9587 9619 9722
9869 9882 9886 9885 9885 9886 9885 9885 9886 9889 9889 9892 9889 9881 9884 9902 9915 9896 9862 9862 9856 9867 9874 9884 9897 9884 9872 9863 9860 9859 9858 9859 9861 9865 9871 9873 9873 9870 9866 9867 9868 9875 9878 9872 9865 9865 9875 9874 9823 9732 9661 9601 9574 9551 9535 9527 9524 9526 9529 9520 9522 9533 9540 9552 9564 9569 9654 9784
9870 9884 9891 9893 9896 9896 9892 9884 9890 9905 9918 9918 9908 9898 9893 9901 9898 9875 9849 9849 9858 9871 9889 9902 9899 9883 9871 9866 9862 9861 9859 9861 9864 9869 9877 9883 9883 9876 9868 9861 9856 9857 9864 9870 9871 9875 9870 9867 9850 9788 9716 9649 9610 9578 9556 9544 9537 9533 9526 9530 9536 9543 9546 9551 9566 9597 9711 9846
9878 9884 9894 9906 9912 9910 9908 9907 9917 9930 9942 9941 9926 9917 9914 9909 9901 9886 9860 9847 9860 9868 9885 9894 9897 9877 9863 9866 9860 9860 9859 9859 9861 9867 9877 9889 9886 9873 9861 9849 9838 9824 9827 9845 9854 9858 9866 9872 9881 9844 9776 9719 9669 9631 9598 9575 9561 9556 9547 9554 9561 9562 9556 9557 9590 9663 9785 9891
9873 9878 9906 9924 9915 9912 9915 9924 9931 9933 9941 9939 9930 9930 9941 9929 9922 9910 9873 9835 9836 9840 9849 9855 9862 9852 9845 9836 9855 9858 9857 9856 9856 9860 9866 9873 9871 9859 9848 9839 9829 9814 9804 9798 9825 9849 9862 9870 9889 9867 9804 9759 9720 9699 9663 9631 9613 9618 9563 9586 9572 9562 9568 9588 9661 9771 9852 9879
9870 9894 9948 9932 9918 9914 9917 9926 9934 9934 9924 9919 9919 9917 9918 9929 9937 9928 9875 9807 9798 9803 9804 9804 9836 9852 9855 9867 9865 9858 9854 9851 9852 9849 9848 9848 9847 9840 9836 9833 9831 9826 9821 9815 9847 9848 9861 9881 9875 9849 9802 9738 9738 9736 9710 9688 9669 9650 9623 9603 9571 9566 9610 9671 9749 9833 9862 9859
9886 9956 9967 9907 9901 9904 9909 9915 9917 9912 9913 9912 9909 9898 9877 9892 9908 9926 9895 9844 9813 9796 9795 9807 9830 9850 9866 9878 9869 9856 9847 9840 9835 9830 9827 9819 9813 9821 9823 9826 9833 9852 9859 9886 9872 9811 9850 9880 9859 9826 9814 9800 9776 9731 9734 9713 9718 9720 9702 9645 9624 9635 9703 9808 9833 9844 9851 9844
9936 9891 9799 9844 9863 9880 9892 9905 9906 9898 9906 9914 9904 9892 9886 9873 9867 9898 9904 9886 9852 9823 9834 9842 9835 9851 9873 9869 9856 9846 9839 9830 9820 9813 9812 9809 9810 9811 9814 9816 9816 9823 9834 9856 9848 9805 9846 9873 9849 9837 9840 9852 9837 9816 9801 9788 9796 9800 9756 9715 9716 9745 9810 9866 9867 9851 9840 9843
9893 9831 9786 9808 9836 9857 9878 9893 9897 9881 9893 9908 9893 9882 9877 9871 9868 9852 9884 9922 9885 9845 9854 9852 9847 9869 9886 9855 9842 9838 9831 9822 9809 9802 9804 9805 9805 9805 9809 9810 9809 9816 9837 9848 9856 9844 9842 9847 9843 9843 9858 9868 9872 9880 9874 9890 9881 9880 9832 9810 9813 9833 9873 9896 9899 9879 9860 9861
9870 9830 9799 9804 9830 9851 9869 9880 9882 9872 9876 9873 9870 9866 9863 9862 9860 9853 9856 9849 9849 9822 9814 9837 9862 9884 9880 9860 9845 9834 9829 9822 9811 9803 9809 9807 9798 9804 9808 9811 9820 9829 9848 9837 9836 9834 9839 9839 9845 9861 9871 9882 9880 9867 9878 9906 9915 9925 9903 9895 9882 9887 9898 9903 9935 9916 9887 9867
9897 9871 9816 9823 9842 9856 9865 9871 9874 9883 9867 9848 9848 9847 9845 9844 9845 9838 9838 9834 9827 9825 9795 9800 9813 9828 9837 9828 9821 9825 9826 9828 9832 9837 9830 9823 9819 9814 9808 9806 9809 9817 9820 9815 9826 9831 9838 9844 9858 9879 9865 9847 9828 9819 9839 9881 9892 9894 9891 9894 9888 9864 9857 9854 9877 9858 9845 9838
9939 9956 9855 9864 9865 9863 9864 9867 9863 9857 9846 9840 9834 9832 9829 9825 9821 9821 9824 9826 9830 9832 9818 9797 9772 9772 9787 9810 9824 9817 9821 9831 9848 9869 9844 9832 9836 9819 9806 9800 9797 9803 9808 9813 9822 9826 9813 9829 9848 9840 9844 9833 9821 9841 9843 9825 9853 9868 9874 9879 9873 9859 9845 9831 9818 9828 9842 9851
9927 9967 9983 9926 9892 9874 9865 9858 9853 9834 9825 9823 9821 9820 9819 9817 9810 9812 9816 9819 9823 9836 9842 9812 9777 9759 9768 9782 9792 9801 9810 9822 9834 9833 9831 9820 9802 9796 9796 9795 9795 9797 9808 9831 9831 9816 9785 9811 9828 9843 9847 9851 9864 9861 9863 9838 9840 9866 9877 9871 9873 9845 9830 9818 9813 9840 9869 9861
9877 9887 9923 9925 9900 9881 9866 9851 9835 9824 9816 9813 9812 9812 9811 9809 9800 9804 9808 9809 9815 9819 9825 9836 9809 9783 9768 9767 9767 9781 9796 9808 9814 9814 9813 9804 9795 9791 9788 9786 9785 9785 9796 9833 9827 9818 9823 9826 9859 9853 9852 9855 9857 9851 9843 9826 9831 9862 9876 9845 9850 9842 9819 9824 9842 9868 9871 9854
9849 9868 9876 9887 9885 9872 9858 9844 9832 9821 9812 9808 9806 9805 9802 9793 9793 9794 9797 9800 9803 9805 9809 9814 9833 9815 9785 9768 9756 9771 9783 9792 9799 9801 9799 9794 9791 9786 9781 9777 9774 9773 9780 9796 9802 9796 9800 9821 9834 9845 9848 9847 9844 9834 9829 9821 9824 9836 9838 9840 9846 9814 9801 9833 9849 9858 9872 9870
