real_craters/C204-1000m.grd
DSAA
153 153
-76.15 76.15
-76.15 76.15
6059.5165436152 11328.042428984
[rows 60 to 89 of 153, columns 67 to 133 of 153]
6680.75 6678.31 6667.88 6659.8 6645.91 6623.2 6592.26 6558.9 6528.91 6541.35 6570.67 6601.65 6641.8 6661.66 6665.17 6658.36 6650.44 6644.78 6656.32 6552.74 6525.72 6472.07 6330.75 6220.17 6185.93 6171.78 6188.32 6295.58 6370.33 6391.12 6466.82 6612.84 6762.92 6822.48 6956.56 7200.18 7321.42 7424.66 7485.04 7714.18 7809.06 7876.62 7943.66 8084.54 8393.84 8648.23 8729.85 8754.82 8816.4 9083.4 9387.16 9542.38 9662.16 9516.27 9647.34 9607.95 9384.74 9354.09 9321.44 9299.61 9290.77 9299.63 9325.48 9364.54 9355.73 9305.94 9274.3
6758.77 6760.85 6765.59 6766.32 6763.7 6757.35 6698.11 6653.42 6618.98 6623.01 6653.56 6691.96 6722.63 6732.17 6728.58 6713.28 6692.4 6662.18 6615.93 6565.88 6511.55 6468.07 6336.55 6205.85 6116.31 6083.63 6179.7 6198.76 6291.61 6329.32 6405.57 6520.65 6609.55 6681.57 6802.56 6921.77 7169.35 7429.17 7418.76 7607.94 7712 7825.99 7908.3 8013.6 8409.51 8696.47 8761.51 8777.58 8812.52 8887.7 9051.82 9401.35 9722.44 9718.54 9650.99 9666.26 9509.73 9415.7 9358.75 9333.97 9323.13 9319.71 9327.36 9372.18 9356.18 9284.11 9251.63
6854.91 6876.17 6886.3 6888.6 6873.82 6843.93 6797.37 6762.64 6732.82 6735.78 6770.51 6800.47 6818.15 6817.02 6811.44 6792.54 6753.43 6694.65 6622.99 6587.83 6480.52 6423.15 6351.33 6223.18 6068.4 6086.18 6206.67 6261.2 6265.05 6278.01 6356.39 6457.87 6553.01 6628.39 6698.89 6827.34 7032.12 7194.58 7341.39 7495.71 7608.36 7739.29 7867.19 8025.83 8376.02 8599.66 8745.82 8862.92 8873.56 8912.58 9014.95 9111.3 9432.8 9631.76 9617.74 9583.57 9497.37 9422.99 9386.08 9362.33 9353.75 9361.39 9376.68 9371.98 9362.32 9312.37 9245.96
6986.88 7018.71 7042.64 7033.23 6994.16 6937.42 6903.47 6897.17 6889.05 6892.34 6909.96 6922.91 6914.24 6904.43 6896.59 6875.03 6833.83 6761.72 6654.72 6569.28 6465.76 6399.05 6338.49 6233.19 6131.53 6059.52 6201.02 6291.6 6247.17 6238.17 6316.19 6412.72 6511.26 6594.9 6668.39 6830.19 7006.23 7126.93 7235.95 7338.37 7490.86 7667.56 7871.3 8091.31 8348.63 8556.26 8750.31 8825.13 8815.12 8853 9068.59 9025.89 9117.74 9397.88 9466.62 9432.96 9407.45 9401.4 9389.58 9382.2 9375.8 9378.9 9384.9 9374.88 9386.25 9341.67 9270.63
7177.05 7268.67 7211.65 7186.57 7155.6 7097.7 7052.45 7064.49 7067.72 7065.96 7049.46 7034.31 7003.81 7016.92 7008.82 6987.28 6950.6 6896.51 6788.33 6603.57 6464.7 6411.97 6255.9 6206.32 6185.36 6180.62 6211.42 6222.72 6207.47 6209.07 6277.84 6367.63 6460.94 6541.37 6582.08 6717.75 6881.08 7037.39 7127.69 7210.35 7395.96 7614.17 7849.07 8110.13 8263.48 8512.64 8863.45 8972.73 9005.88 8854.77 8991.19 9136.29 9008.74 9135.82 9217.7 9328.95 9357.37 9385.37 9407.58 9398.79 9382.08 9364 9345.94 9350.73 9331.34 9305.86 9293.24
7276.26 7364.99 7345.05 7341.18 7346.66 7317.91 7287.78 7271.54 7241.41 7209.03 7179.75 7152.92 7229.81 7147.74 7128.61 7107.21 7076.05 7031.73 6900.01 6692.24 6522.52 6424.34 6307.05 6219.09 6184.47 6189.39 6190.91 6181.7 6187.71 6201.69 6243.27 6315.89 6392.22 6439.65 6462.63 6532.95 6623.56 6849.67 7088.08 7225.91 7335.69 7527.35 7757.63 7976.69 7949.6 8188.84 8604.14 8954.79 9123.97 9004.28 9062.01 9140.45 9015.77 9102.67 9247.09 9248.25 9322.46 9401.78 9436.84 9426.04 9391.86 9349.48 9312.49 9313.93 9333.02 9314.62 9311.97
7350.13 7429.2 7450.34 7466.7 7490.5 7529.28 7555.68 7481.5 7407.61 7346.27 7312.3 7292.56 7291.25 7288.38 7253.59 7209.35 7167.71 7132.54 7009.73 6785.79 6560.84 6427.62 6330.63 6257.96 6207.23 6196.03 6182.07 6173.49 6167.29 6174.52 6208.26 6268.7 6326.77 6371.11 6415.91 6485.22 6603.71 6833.32 7096.98 7267.69 7318.67 7442.44 7669.28 7812.16 7841.95 7957.58 8291.25 8682.76 8961.36 9047.66 9074.02 9102.06 8992.64 9072.12 9180.88 9195.67 9317.9 9441.7 9502.4 9467.93 9400.17 9330.01 9262.16 9277.37 9303.17 9283.46 9263.48
7418.43 7524.41 7541.18 7570.1 7604.91 7670.29 7719.4 7645.84 7548.96 7476.45 7435.11 7437.01 7436.89 7414.82 7368.44 7288.17 7211.42 7133.06 7022.4 6833.89 6650.23 6477.45 6393.23 6293.65 6227.82 6189.42 6171.23 6158.67 6149.99 6156.33 6181.69 6231.15 6280.64 6326.02 6369.61 6471.79 6598.61 6850.72 7121.53 7340.66 7357.68 7484.24 7664.97 7813.98 7891.62 8060.93 8210.33 8488.27 8699.37 9014.93 9083.39 9149.9 9096.84 9163.09 9215.81 9192.33 9405.5 9647.82 9610.63 9517.15 9424.41 9336.97 9256.2 9258.44 9306.15 9251.58 9252.23
7473.96 7565.9 7627.38 7672.73 7710.7 7785.05 7836.01 7762.73 7654.88 7562.63 7516.1 7523.92 7553.12 7598.23 7451.47 7333.55 7224.1 7116.64 7024.04 6856.06 6664.7 6522.71 6395.19 6326.07 6267.88 6219.28 6189.27 6163.39 6149.7 6155.94 6175.72 6210.68 6246.06 6280.48 6347.04 6481.71 6631.89 6838.78 7114.86 7350.19 7401.95 7534.31 7725.12 7893.51 7956.57 8092.75 8269.35 8523.29 8835.24 8999.24 9073.9 9152.09 9119.83 9204.99 9238.65 9264.4 9466.2 9754.19 9625 9518.26 9432.04 9350.22 9275.59 9263.75 9274.57 9245.4 9243.37
7532.77 7651.97 7722.58 7776.23 7832.25 7893.51 7914.91 7861.54 7742.49 7605.37 7548.98 7570.24 7575.51 7529.61 7450.27 7345.27 7227.86 7103.63 6992.44 6861.65 6720.08 6585.19 6446.45 6370.57 6313.12 6254.35 6207.56 6176.56 6158.07 6167.41 6184.26 6208.63 6238.87 6269.91 6353.77 6493.59 6589.87 6769.74 7063.61 7361.56 7543.23 7630.08 7787.03 7965.54 7994.35 8097.39 8252.01 8578.23 8962.28 9021.73 9063.52 9113.11 9131.46 9184.86 9264.59 9322.35 9362.95 9417.41 9473.25 9458.66 9414.22 9362.09 9301.99 9282.81 9282 9279.5 9260.84
7573.48 7705.11 7810.77 7876.05 7945.3 8025.79 8053.06 8004.45 7869.8 7693.21 7608.68 7636.75 7626.85 7538.04 7459.66 7366.33 7246.17 7116.8 7001.02 6874.45 6732.95 6600.6 6477.62 6410.31 6347.4 6282.48 6228.64 6192.36 6167.42 6179.99 6197.08 6215.34 6248.99 6292.44 6363.22 6475.37 6558.14 6725.67 6971.9 7220.59 7431.28 7589.45 7787.58 7957.76 8011.79 8029.79 8245.24 8650.44 8985.05 9020.67 8961.24 9096.37 9114.56 9179.77 9312.5 9386.06 9404.98 9377.27 9395.82 9408.53 9390.28 9361.15 9334.41 9319.51 9284.98 9281.33 9239.09
7601.3 7729.49 7854.39 7978.02 8088.96 8174.16 8251.85 8220.9 8053.49 7866.1 7744.38 7754.77 7713.71 7603.13 7520.55 7423.72 7300.94 7169.12 7046.71 6905.83 6760.15 6623.46 6502.63 6441.45 6374.62 6309.54 6251.33 6216.32 6188.12 6190.97 6197.75 6223.66 6267.94 6328.07 6400.31 6452.56 6552.35 6716.1 6891.95 7040.65 7198.13 7486.14 7757.38 7958.19 7978.95 7990.78 8251.38 8679.5 8928.8 9084.63 8969.92 8980.5 9122.72 9212.99 9263.44 9369.66 9516.96 9455.43 9402.62 9391.45 9386.46 9367.65 9343.65 9320.85 9284.26 9264.08 9244.55
7612.73 7749.67 7891.33 8033.63 8176.77 8298.94 8386.46 8383.12 8275.29 8130.42 8019.78 7928.49 7857.88 7744.72 7635.79 7527.02 7394.86 7249.36 7109.18 6951.42 6790.32 6640.42 6534.84 6472.32 6406.69 6346.71 6291.87 6241.95 6208.6 6203.35 6206.89 6236.58 6287.39 6347.7 6405.98 6475.89 6560.03 6696.68 6881.21 7038.8 7249.24 7499.03 7735.31 7963.12 8010.97 8031.5 8234.51 8674.98 9010.05 9132.04 8981.99 9083.13 9208.6 9225.9 9216.3 9389.45 9613.65 9519.62 9421.9 9400.97 9388.34 9370.74 9357.49 9330.68 9304.91 9277.05 9252.73
7615.17 7767.02 7936.43 8082.52 8237.64 8412.33 8546.19 8598.88 8506.78 8367.5 8223.78 8085.28 7956.75 7876.85 7785.67 7660.55 7518.04 7363.42 7185.24 7003.7 6830.24 6672.96 6579.58 6517.25 6451.46 6382.94 6321.83 6266.73 6226.49 6216.64 6222.79 6251.87 6315.23 6378.26 6408.2 6565.25 6674.68 6805.12 6963.94 7123.54 7369.54 7550.33 7682.29 7795.27 8001.38 8105.3 8257.61 8662.17 8965.29 9047.27 9087.92 9203.62 9193.34 9185.04 9310.83 9548.45 9743.62 9592.58 9476.75 9450.74 9420.5 9386.54 9360.36 9375.04 9366.26 9319.92 9260.08
7601.85 7760 7938.29 8112.6 8297.25 8511.21 8698.39 8796.59 8732.5 8570.55 8375.35 8242.69 8124.9 8028.21 7938.31 7808.67 7634.31 7416.41 7249.65 7074.22 6888.39 6722.77 6633.7 6570.62 6496.87 6425.54 6358.68 6294.09 6245.37 6232.43 6240.73 6273.48 6369.08 6482.19 6624.46 6802.58 6828.15 6932.93 7066.82 7267.18 7511.14 7583.14 7686.2 7845.73 8038.6 8201.41 8221.63 8585.89 8881.57 9039.69 9268.07 9267.18 9159.53 9118.84 9365.46 9584.57 9653.51 9646.61 9598.16 9527.53 9460.5 9401.22 9349.09 9314.56 9352.31 9350.11 9286.5
7570.89 7722.87 7896.61 8091.2 8311.42 8552.52 8810.84 9030.35 8954.85 8762.07 8596.81 8465.95 8326.18 8197.8 8085.09 7995.97 7867.86 7655.96 7399.11 7174.53 6973.94 6817.01 6724.43 6639.15 6553.08 6476.81 6408.37 6314.29 6265.16 6262.85 6269.49 6300.77 6422.05 6571.46 6748.58 6834.73 6849.39 6938 7109.58 7310.78 7485.82 7583.53 7688.87 7862.03 8092.99 8255.64 8201.78 8638.42 8892.96 9028.29 9222.21 9153.05 9016.51 9181.32 9385.47 9577.92 9686.9 9694.75 9673.53 9591.88 9507.41 9415.74 9345.06 9292.55 9351.68 9371.45 9324.25
7537.39 7671.69 7811.81 8054.9 8279.66 8506.44 8776.22 9066.26 9005.61 8923.37 8893.44 8787.26 8573.52 8406.71 8275.36 8212.18 8141.6 7795.5 7521.86 7272.34 7074.92 6929.38 6812.46 6697.86 6605.29 6523.39 6453.64 6359.21 6314.09 6312.77 6321.86 6351.74 6473.27 6616.26 6752.1 6799.81 6857.92 6976.52 7151.18 7294.76 7451.43 7614.4 7680.72 7854.73 8181.96 8373.03 8440.01 8622.16 8870.8 8944.34 9073.72 8943.85 8989.22 9258.72 9425.32 9576.04 9659.5 9685.12 9681.53 9633.09 9538.07 9438.8 9356.35 9335.21 9358.52 9367.09 9344.75
7500.87 7637.17 7773.49 7971.55 8191.03 8402.59 8556.05 8660.47 8806.66 8957.38 9150.44 9102.91 8822.03 8608.73 8459.24 8316.73 8242.61 7792.62 7546.18 7326.88 7142.21 6989 6859.32 6732.73 6647.41 6558.71 6488.18 6419.01 6383.75 6376.71 6383.92 6409.79 6511.7 6632.96 6728.02 6781.25 6893.91 7107.03 7254.92 7360.59 7563.92 7685.47 7722.31 7928.16 8330.22 8805.83 8716.18 8679.97 8868.71 8792.58 8810.53 8933.21 9086.43 9259.54 9424.34 9508.61 9576.71 9625.58 9709.8 9660.62 9557.88 9449.33 9357.02 9344.49 9326.34 9339.83 9319.95
7470.31 7612.19 7759.51 7928.26 8082.05 8231.28 8380.88 8517.61 8688.73 8848.63 9039.5 9051.17 8890.59 8704.55 8467.4 8185.87 7988.73 7758.27 7543.38 7349.43 7168.21 6999.57 6860.57 6745.37 6666.37 6589.42 6525.85 6477.12 6448.5 6436.84 6442.44 6461.02 6554.05 6664.43 6765.16 6885.9 6977.62 7180.76 7343.61 7482.49 7556.92 7659.6 7793.32 7991.95 8300.23 8597.25 8629 8726.39 8792.08 8730.2 8796.98 9039.27 9233.02 9364.28 9427.15 9517.12 9542.88 9584.7 9677.16 9651.3 9554.92 9446.22 9341.67 9296.79 9284.21 9282.69 9260.31
7422.76 7561.27 7712.21 7823.3 7962.48 8129.08 8279.54 8451.04 8601.52 8661.78 8724.33 8734.69 8796.51 8864.54 8484.52 8119.78 7888.59 7725.67 7537.13 7358.61 7189.5 6996.75 6831.75 6747.23 6668.51 6609.41 6564.36 6531.5 6508.81 6497.62 6520.22 6553.68 6636.11 6740.84 6857.64 6997.36 7142.34 7252.13 7369.8 7497.76 7557.72 7663.71 7750.59 7948.98 8165.11 8347.69 8477.73 8600.89 8716.26 8771.31 8900.08 9123.93 9489.34 9381.23 9415.28 9425.8 9592.07 9574.32 9619.16 9622.67 9552.28 9452.41 9343.73 9274.23 9263.06 9248.71 9233.3
7346.25 7479.65 7619.54 7692.79 7837.26 7990.35 8151.42 8328.43 8457.89 8436.35 8454.7 8472.63 8572.82 8584.17 8474.18 8135.27 7919.14 7742.77 7548.19 7358.55 7186.56 7000.85 6856.17 6751.88 6665.47 6619.94 6599.5 6585.99 6577.57 6572.1 6641.01 6704.11 6779.57 6856.8 6947.05 7144.46 7296.1 7284.51 7371.22 7522.55 7598 7729.07 7839.36 7902 8032.69 8126.63 8255.32 8453.32 8609.67 8820.3 9013.91 9306.32 9497.6 9432.12 9410.19 9452.36 9477.77 9479.72 9590.06 9604.66 9533.53 9450.64 9363.1 9283.46 9283.67 9245.66 9191.46
7268.08 7381.07 7471.74 7614.37 7737.73 7861.96 7986.46 8081.25 8128.17 8220.7 8297.42 8349.41 8385.39 8344.14 8324.49 8148.19 7953.32 7738.24 7539.08 7342.31 7166.55 7006.51 6873.44 6764.23 6674.67 6635.97 6634.52 6634.53 6649.04 6700.92 6778.92 6887.71 6945.13 6972.35 7045.63 7234.08 7240.04 7241.6 7298.68 7443.25 7551.26 7619.97 7728.77 7879.2 7975.72 8064.29 8212.99 8404.68 8625.99 8845.88 9179.5 9500.03 9417.99 9348.71 9385.31 9384.78 9368.14 9521.86 9565.01 9555.33 9510.79 9439.2 9373.77 9251.2 9270.75 9244.84 9180.4
7189.71 7292.15 7405.17 7549.23 7637.4 7746.61 7857.25 7938.57 8018.04 8087.77 8179.11 8228.39 8226.9 8159.67 8093.07 8056.16 7940.36 7733.77 7516.4 7320.34 7138.98 7010.4 6894.98 6783.85 6685.32 6653.73 6660.25 6668.47 6694.44 6745.73 6838.98 6972.8 7019.46 7009.82 7091.47 7184.96 7199.48 7188.2 7253.17 7392.61 7473.45 7564.55 7797.79 7897.14 7966.51 8046.9 8195.87 8413.37 8632.3 9028.57 9505.7 9379.33 9218.43 9334.76 9407.02 9437.18 9462.2 9540.72 9564.05 9541.63 9489.84 9413.92 9334.6 9271.36 9254.12 9242.06 9218.9
7114.81 7202.21 7301 7388.21 7513.82 7637.69 7755.87 7853.32 7925.46 7991.73 8067.78 8123.52 8096.89 8030.68 7960.66 7934.8 7830.3 7641.91 7462.95 7292.77 7131.16 6993.79 6875.36 6770.63 6688.98 6672.8 6682.32 6695.98 6724.31 6769.48 6844.91 6934.24 6977.25 6963.69 6956.59 7092.56 7118.41 7145.34 7213.18 7316.55 7433.2 7572.69 7853.76 7911.43 7954.88 7989.24 8015.76 8272.75 8819.82 9256.3 9493.6 9341.51 9210.11 9335.76 9482.48 9530.28 9599.2 9574.09 9583.03 9539.37 9477.4 9392.14 9290.42 9258.15 9253.84 9247.89 9252.87
7057.84 7118.51 7189.52 7295.16 7417.87 7551.38 7694.43 7811.11 7892.88 7949.65 7978.41 7982.34 7935.03 7885.96 7837.48 7793.23 7657.73 7532.17 7396.6 7252.08 7104.14 6960.27 6840.1 6752.17 6699.49 6690.83 6702.43 6718.12 6743.97 6779.06 6835.37 6917.91 6969.4 6960.58 6961.81 7024.82 7088.54 7138.66 7193.72 7297.59 7452.13 7611.94 7780.11 7877.83 7948.05 7991.41 8089.64 8390.12 8949.31 9543.96 9553.79 9490.49 9374.39 9317.02 9463.99 9490.37 9484.44 9619.55 9640.11 9573.34 9481.66 9406.68 9333.03 9282.11 9251.55 9233.02 9220.15
7009.38 7051.52 7115.95 7211.57 7332.72 7475.87 7644.36 7802.25 7948.08 7966.45 7903.71 7817.38 7756.67 7735.84 7709.53 7662.7 7545.77 7439.08 7325.53 7201.74 7073.71 6955.9 6842.68 6756.3 6711.41 6708.57 6722.33 6732.48 6751.24 6772.63 6808.19 6945.98 7094.74 6996 6972.46 7031.32 7080.35 7117.48 7173.11 7316.78 7513.48 7693.34 7753.47 7856.02 7951.1 8027.43 8151.59 8407.3 8783.76 9227.84 9596.79 9597.19 9594.39 9386.22 9377.69 9467.59 9462.24 9567.23 9646.45 9484.91 9443.64 9428.62 9384.84 9292.45 9253.5 9218.34 9179.35
6974.32 7005.5 7062.77 7148.49 7246.64 7393.19 7553.54 7747.31 7923.03 7961.07 7826.69 7712.04 7635.43 7595.13 7567.06 7523.22 7442.35 7353.46 7254.79 7148.72 7040.91 6942.96 6847.7 6773.22 6734.91 6730.82 6739.71 6744.42 6761.57 6803 6919.48 6949.92 7002.27 7039.11 7051.5 7070.45 7097.46 7114.35 7170.81 7386.65 7594.01 7734.87 7777.39 7879.61 7992.15 8094.26 8227.37 8417.08 8714.61 9069.84 9379.04 9508.14 9530.3 9398.55 9511.77 9497.49 9447.79 9538.01 9669.96 9514.9 9428.99 9427.79 9308.68 9272.48 9255.46 9236.09 9140.58
6951.01 6974.81 7021.17 7089.76 7167.41 7296.39 7444.95 7621.85 7791.73 7860.69 7694.21 7589.53 7518.79 7466.45 7424.86 7400.86 7346.7 7267.91 7179.03 7092.32 6997.66 6911.52 6836.48 6779.99 6756.01 6749.46 6753.28 6754.26 6763.97 6810.16 6850.69 6920.47 6977.62 7040.26 7091.03 7116.62 7141.8 7162.57 7298.48 7513.6 7703.9 7861.76 7880.47 7955.36 8074.77 8194.38 8312.29 8454.5 8666.02 8895.06 9199.97 9353.97 9377.93 9482.09 9530.32 9472.95 9462.27 9575.3 9680.38 9525.59 9407.24 9363.98 9326.18 9273.97 9237.53 9192.67 9124.46
6939.23 6956.38 6989.03 7033.32 7081.02 7185.16 7315.4 7433.64 7518.25 7517.92 7476.59 7429.21 7382.82 7352.54 7328.35 7311.7 7254.27 7169.29 7095.3 7016.17 6943.42 6871.7 6816.56 6781.66 6771.74 6767.23 6766.8 6771.68 6776.37 6821.63 6862.03 6906.79 6940.54 7024.29 7099.17 7150.78 7190.75 7302.85 7471.02 7641.68 7827.13 7974.13 7954.53 8037.49 8183.19 8335.52 8432.84 8474.19 8625.49 8860.67 9221.74 9428.45 9452.66 9474.36 9437.29 9475.08 9566.98 9646.9 9641.08 9535.08 9444.3 9334.42 9305.94 9273.44 9227.57 9181.92 9161.42
6929.18 6927.27 6950.84 6975 6994.37 7073.22 7160.21 7242.06 7269.47 7246.48 7266.66 7267.13 7263.86 7238.53 7212.51 7144.4 7097.3 7061.08 7009.7 6949.95 6892.25 6834.09 6804.02 6788.93 6782.31 6788.46 6790.71 6793.7 6811.39 6846.93 6894.08 6940.73 6962.96 7020.97 7126.12 7214.62 7304.95 7510.82 7669.43 7803.56 7933.25 8026.64 8026.23 8118.56 8301.36 8462.81 8600.17 8686.79 8742.71 9140.49 9323.28 9540.96 9506.9 9516.22 9516.08 9529.81 9675.14 9720.21 9501.92 9444.96 9419.02 9334.34 9318.83 9279.21 9236.97 9197.06 9209.55
