real_craters/C204-500m.grd
DSAA
534 534
-133.2625 133.2625
-133.2625 133.2625
8063.7231009393 11422.299673091
[rows 330 to 359 of 534, columns 0 to 66 of 534]
9784.9 9785.15 9784.86 9785.03 9788.38 9791.83 9791.73 9791.39 9791.44 9790.97 9790.35 9790.21 9790.31 9791.05 9792.83 9795.28 9799.32 9804.36 9810.53 9812.24 9807.03 9803.67 9798.67 9794.42 9792.11 9793.22 9793.04 9792.77 9794.9 9799.08 9797.91 9787.61 9785.34 9792.55 9796.6 9798.2 9800.17 9803.48 9807.2 9813.29 9811.4 9793.39 9775.53 9758.82 9745.7 9740.48 9737.2 9733.65 9729.26 9724.29 9719.89 9716.87 9715.39 9716.62 9719.98 9721.92 9720.58 9717.68 9717.43 9717.62 9719.56 9723.43 9727.76 9732.54 9736.88 9740.44 9744
9783.23 9784.16 9784.41 9784.1 9785.82 9787.35 9788.53 9788.54 9788.54 9788.61 9788.21 9787.75 9786.95 9786.06 9785.02 9789.1 9794.8 9799.4 9802.74 9804.06 9806.53 9805.33 9803.78 9800.47 9797.58 9796.47 9794.65 9797.02 9800.77 9802.68 9798.01 9789.6 9787.98 9796.98 9795.61 9792.5 9796.32 9799.4 9805.75 9815.79 9812.69 9793.76 9771.66 9744.8 9730.79 9736.62 9736.36 9733.23 9728.01 9721.22 9713.59 9705.47 9703.77 9709.97 9714.45 9715.88 9712.64 9712.19 9715.18 9716.77 9718.7 9723.41 9728.62 9731.36 9735.88 9741.07 9745.35
9782.86 9784.55 9785.95 9786.81 9787.07 9785.69 9786.23 9786.66 9786.55 9786.65 9786.85 9786.03 9784.52 9783.16 9782.22 9784.95 9789.47 9795.04 9799.87 9804.34 9807.98 9810.34 9809.37 9807.06 9805.17 9802.23 9799.68 9803.57 9806.24 9805.29 9801.41 9793.01 9790.09 9798.63 9795.51 9792.44 9794.51 9797.32 9802.49 9807.35 9803.41 9791.03 9774.4 9757.98 9749.19 9743.61 9740.35 9736.23 9729.99 9722.24 9713.14 9702.97 9700.27 9707.61 9714.7 9718.02 9718.92 9719.81 9719.66 9718.93 9719.84 9721.28 9725.06 9729.6 9734.79 9742.13 9748.74
9783.33 9785.18 9787.35 9791.34 9789.05 9785.86 9785.15 9785.64 9786.11 9785.67 9784.88 9784.22 9783.3 9782.52 9782.3 9784.48 9787.75 9794.1 9798.83 9802.61 9808.52 9814.3 9814.33 9813.66 9811.24 9809.47 9809.4 9811.16 9813.1 9809.61 9805.9 9799.41 9794.74 9794.98 9793.56 9793.38 9794.97 9797.12 9800.44 9801.5 9796.67 9789.77 9780.54 9771.35 9762.38 9756.8 9749.94 9742.9 9734.93 9726.5 9717.88 9710.07 9707.5 9712.72 9719.78 9725.19 9729.49 9731.78 9729.38 9726.75 9724.14 9721.27 9723.14 9728.56 9733.6 9738.29 9744.08
9782.93 9784.14 9785.43 9785.94 9785.23 9784.09 9784.23 9785.21 9785.96 9786.11 9785.81 9785.3 9784.67 9783.92 9784.08 9787.12 9793.69 9797.91 9800.38 9800.97 9804.53 9811.89 9817.45 9820.72 9819.79 9815.25 9815.08 9819.01 9819.9 9817.48 9813.6 9808.69 9801.17 9794.68 9792.64 9794.05 9796.53 9800.09 9803.88 9805.02 9796.25 9790.83 9786.53 9783.76 9781.97 9770.15 9760.5 9751.78 9743.22 9734.53 9726.18 9719.84 9717.61 9720.95 9728.22 9734.7 9740.45 9744.28 9740.83 9737.31 9731.62 9724.24 9726.05 9730.66 9734.43 9737.35 9742.01
9782.19 9783.02 9783.29 9781.87 9781.65 9782.24 9784.39 9786.38 9787.52 9787.99 9787.85 9787.68 9787.78 9787.23 9786.65 9790.39 9797.22 9805.21 9807.99 9805.82 9807.27 9812.82 9819.32 9827.15 9828.57 9817.52 9810.43 9815.51 9816.95 9817.85 9817.2 9815.94 9808.9 9799.23 9798.59 9797.63 9797.48 9799.06 9801.4 9804.16 9797.5 9792.63 9791.35 9790.04 9786.59 9779.16 9770.4 9761.18 9752.3 9743.83 9736.07 9730.43 9727.53 9731.43 9738.15 9744.65 9749.61 9750.47 9750.16 9748.47 9740.86 9734.15 9734.86 9737.1 9738.89 9740.92 9744.55
9780.91 9782.06 9783.04 9783.44 9784.45 9785.19 9789.3 9789.91 9789.81 9790.41 9791.12 9791.58 9792.26 9792.95 9794.52 9801.37 9815.49 9820.89 9819.55 9820.78 9817.06 9816.14 9817.98 9818.98 9824.15 9820.78 9814.91 9817.2 9819.41 9821.96 9818.73 9816.58 9810.33 9807.69 9805.06 9798.26 9795.33 9795.55 9797.78 9798.58 9792.23 9793.54 9796.24 9795.68 9791.75 9787.07 9779.57 9770.33 9760.89 9752.76 9746 9741.41 9740.42 9741.97 9746.91 9753.62 9758.92 9755.18 9754.19 9752.13 9749 9749.38 9746.91 9746.4 9746.02 9746.23 9749.14
9779.25 9781.14 9783.45 9787.33 9790.94 9794.63 9794.13 9792.93 9793.06 9793.36 9793.52 9794.95 9796.63 9799.24 9804.18 9813.37 9824 9827.21 9823.82 9824.48 9820.2 9815.79 9815.79 9816.52 9816.62 9818.69 9817.82 9818.04 9817.23 9818.8 9819.16 9814.67 9812.12 9814.81 9799.29 9794.94 9792.77 9791.07 9791.34 9795.75 9796 9799.14 9803.43 9804.36 9801.17 9797.41 9788.74 9778.68 9769.58 9761.45 9755.06 9750.45 9748.56 9750.84 9755.94 9759.66 9761.85 9760.84 9758.95 9756.2 9755.76 9759.74 9757.59 9756.49 9755.96 9755.3 9756.79
9777.5 9780.28 9782.98 9785.28 9787.79 9792.39 9793.76 9793.61 9793.83 9795.06 9796.56 9798.69 9801.43 9804.28 9807.92 9811.57 9818.3 9819.86 9817.08 9813.48 9805.51 9809.89 9812.3 9817.13 9816.68 9813.64 9815 9815.01 9814.05 9816.88 9824.8 9828.74 9831.9 9820.52 9791.55 9791.56 9789.94 9787.43 9787.27 9792.32 9802.56 9809.11 9811.88 9815.11 9819.06 9809.99 9796.34 9784.32 9775.42 9768.31 9762.58 9759.28 9758.92 9759.15 9763.6 9766.68 9767.61 9769.55 9761.17 9759.39 9760.84 9763.95 9764.81 9765.38 9766.7 9768.4 9766.27
9776.41 9779.22 9781.51 9783.93 9787.32 9790.56 9791.32 9791.99 9793.25 9795.92 9798.85 9802.96 9806.12 9809.16 9811.82 9812.55 9809.55 9806.2 9807.83 9807.3 9806.8 9807.41 9807.49 9804.88 9807.13 9808.46 9808.75 9812.33 9815.61 9818.15 9838.98 9843.6 9840.74 9822.81 9802.51 9795.47 9789.45 9784.84 9783.79 9790.58 9804.45 9813.29 9817.28 9819.76 9825.28 9813.93 9797.6 9786.34 9778.59 9772.75 9768.41 9765.32 9763.62 9765.94 9769.75 9774.46 9774.71 9769.25 9765.25 9764.72 9764.28 9768.32 9771.15 9772.8 9774.14 9774.91 9774.03
9776.34 9778.49 9780.56 9782.6 9784.06 9783.58 9785.98 9789.59 9793.69 9797.25 9800.88 9804.58 9809.13 9813.34 9816.48 9819.16 9806.94 9798.64 9804.61 9804.25 9805.74 9809.26 9810.75 9804.06 9806.77 9805.21 9808.57 9821.37 9829.44 9827.14 9818.97 9807.74 9789.04 9784.41 9817.27 9798.55 9789.26 9784.58 9783.36 9791.11 9803.83 9819.5 9820.3 9815.37 9806.64 9797.47 9790.24 9783.91 9779.04 9775.08 9772.1 9769.87 9771.68 9773.06 9777.06 9782.4 9781.37 9776.78 9779.18 9777.21 9775.19 9776.2 9777.84 9779.68 9780.79 9781.38 9781.53
9777.15 9778.71 9780.1 9780.7 9780.02 9780.8 9782.25 9786.69 9790.19 9795.18 9801.28 9807.48 9814.14 9819.13 9821.44 9817.91 9818.11 9818.23 9811.77 9808.53 9807.93 9813.75 9823.12 9829.32 9821.2 9817.04 9823.85 9836.64 9814.93 9790.82 9768.72 9766.2 9761.68 9767.33 9775.62 9787.13 9790.23 9789.01 9785.22 9801.39 9825.23 9830.85 9822.27 9808.07 9791.79 9782.8 9782.27 9782.28 9780.52 9779.88 9778.09 9774.96 9766.8 9771.61 9786.56 9794.35 9791.23 9785.1 9783.37 9785.03 9786.33 9784.33 9784.68 9786.47 9788.29 9788.56 9788.3
9778.18 9779.48 9780.49 9781.22 9780.87 9781.49 9780.76 9783.3 9788.35 9795.54 9803.41 9811.03 9818.8 9825.87 9830.82 9831.77 9834.95 9835.41 9817.84 9804.98 9803.56 9813.75 9827.59 9838.61 9834.55 9836.52 9836.93 9837.4 9784.11 9764.04 9755.93 9752.24 9750.67 9757.74 9766.21 9784.91 9797.99 9803.87 9804.78 9822.39 9844.39 9842.07 9820.97 9801.24 9785.81 9778.65 9778.82 9781.12 9783.33 9784.96 9786.07 9787.66 9787.72 9794.27 9803.57 9807.86 9802.7 9795.85 9791.9 9789.19 9786.61 9789.15 9789.91 9792.18 9795.78 9794.64 9793.72
9779.09 9780.28 9781.1 9781.67 9782.85 9781.81 9779.21 9781.18 9785.89 9794.08 9803 9811.76 9820.9 9831.73 9842.78 9851.88 9849.89 9837.98 9814.99 9798.43 9799.78 9809.06 9818.66 9827.71 9833.64 9829.44 9822.17 9805.27 9760.23 9756 9756.14 9754.9 9748.35 9750.72 9774.78 9797.13 9813.55 9825.2 9839.58 9844.43 9838.15 9830.79 9807.21 9791.28 9779.81 9773.44 9775.62 9779.14 9785.82 9791.53 9797.96 9805.31 9817.58 9825.27 9821.26 9820.46 9811.71 9804.93 9801.3 9797.8 9796.48 9795.81 9794.31 9793.75 9795.74 9796.22 9797.03
9779.2 9779.77 9780.33 9780.8 9780.2 9783.83 9784.59 9775.68 9781.49 9791.73 9801.59 9811.37 9822.26 9834.17 9848.13 9862.65 9852.98 9823.9 9805.43 9797.29 9795.68 9805.62 9816.25 9823.35 9830.27 9833.96 9822.66 9792.75 9762.82 9758.23 9761 9769.95 9777.26 9777.03 9803.82 9823.2 9832.53 9840.89 9847.17 9839.58 9817.34 9790.5 9783.43 9778.56 9772.34 9771.08 9772.82 9780.18 9787.19 9794.88 9804.75 9816 9828 9833.04 9826.57 9821.69 9815.99 9810.91 9813.54 9816.26 9810.88 9804.6 9798.93 9793.99 9791.8 9796 9799.28
9779.32 9779.51 9780.45 9781.23 9782.75 9781.38 9763.44 9767.22 9780.31 9789.8 9798.96 9808.12 9818.42 9829.36 9841.6 9851.6 9844.46 9820.91 9804.49 9795.82 9801.68 9806.57 9816.08 9818.74 9824.08 9826.89 9816.4 9794.98 9781.48 9777.11 9778.14 9790.68 9801.98 9808.84 9835.22 9845.19 9846.49 9852.04 9854.32 9839.93 9797.07 9761.86 9772.45 9775.82 9772.18 9767.83 9776.63 9784.88 9793.36 9802.69 9811.66 9822.28 9830.53 9832.4 9830.51 9824.73 9820.89 9816.11 9823.61 9829.37 9820.21 9812.84 9805.03 9798.01 9795.01 9799.32 9802.59
9778.23 9779.25 9780.09 9780.84 9781.12 9781.84 9782.5 9782.34 9786.07 9792.24 9798.71 9805.6 9812.83 9820.72 9828.65 9835.06 9835.69 9832.32 9829.38 9828.65 9827.74 9805.3 9780.52 9802.33 9818.02 9829.52 9809.99 9791.93 9808.5 9811.69 9812.79 9810.39 9812.79 9813.36 9823.31 9839.41 9850.37 9859.43 9864.46 9854.93 9823.1 9800.5 9793.78 9785.75 9782.07 9784.02 9786.52 9792.56 9800.74 9809.93 9820.19 9829.38 9837.13 9841.08 9843.18 9838.91 9830.76 9825.89 9834.91 9841.25 9830.35 9821.07 9813.14 9806.88 9803.81 9806.29 9809.56
9777.04 9778.29 9779.26 9779.92 9780.66 9782.67 9790.87 9793.1 9791.07 9793.8 9798.44 9802.96 9808.56 9812.51 9815.49 9815.88 9822.2 9842.17 9858.12 9856.31 9835.8 9813.33 9790.03 9803.02 9816 9827.25 9828.93 9819.54 9822.63 9824.65 9830.6 9820.91 9815.51 9815.56 9819.94 9830.34 9847.67 9861.86 9871.76 9873.13 9853.24 9847.16 9814.83 9796.45 9791.8 9792.76 9795.27 9799.74 9806.81 9816.48 9826.43 9836.73 9846.01 9850.83 9856.22 9851.7 9841.99 9837.12 9841.63 9839.89 9835.28 9828.59 9821.52 9815.96 9813.74 9813.95 9815.59
9776.94 9778 9778.81 9779.11 9778.36 9776.36 9771.22 9787.09 9789.77 9791.4 9795.68 9800.07 9803.99 9806.34 9805.53 9802.44 9810.26 9844.76 9875.39 9877.98 9866.28 9854.62 9834.94 9823.53 9821.57 9824.36 9825.87 9819.17 9820.16 9821.75 9825.27 9823 9813.88 9816.4 9820.9 9830.52 9845.85 9860.84 9871.31 9870.9 9856.19 9826.23 9806.61 9798.17 9796.05 9800.7 9798.8 9801.33 9809.04 9818.96 9830.3 9841.91 9853.93 9865.11 9883.24 9864.34 9851.35 9842.97 9843.77 9843.38 9840.59 9836.49 9831.6 9824.24 9823.7 9824.31 9823.04
9776.31 9776.75 9777.25 9777.75 9778.22 9776.9 9773 9779.61 9786.82 9790.91 9794.09 9797.39 9800.14 9802.66 9802.63 9802.42 9810.83 9836.89 9868.06 9887.31 9897.15 9891.48 9868.16 9839.01 9824.74 9820.46 9817.81 9816.71 9818.49 9822.76 9828.64 9828.97 9826 9821.11 9822.39 9830.6 9843.84 9857.74 9868.9 9872.97 9849.92 9813.89 9799.3 9798.07 9795.44 9789.3 9791.76 9797.16 9804.21 9813.99 9825.78 9838.31 9853.7 9865.13 9826.3 9859.08 9864.38 9862.69 9857.78 9847.92 9847.29 9844.38 9843.82 9846.67 9837.9 9834.6 9833.39
9775.84 9776.47 9777.03 9777.48 9778.62 9779.41 9779.05 9782.58 9786.07 9790.11 9794.36 9797.94 9800.55 9804.35 9807.98 9812.61 9819.03 9834.46 9858.4 9876.01 9884.12 9877.1 9857.71 9836.06 9818.52 9811.45 9812.86 9814.6 9818.41 9824.34 9834.45 9834.04 9828.46 9822.05 9821.92 9829.74 9844.55 9855.49 9863.53 9864.69 9845.29 9820.83 9811.51 9805.69 9798.68 9794.71 9794.05 9795.83 9801.44 9809.8 9821.14 9833.44 9850.18 9862.25 9861.08 9864.59 9873.28 9873.86 9868.69 9860.04 9854.62 9851.17 9847 9845.86 9844.76 9842.1 9841.1
9775.24 9776.41 9777.28 9777.69 9777.68 9778.66 9785.47 9783.68 9785.1 9790.19 9795.29 9800.05 9804.36 9810.21 9816.44 9827.03 9838.08 9840.24 9848.34 9858.96 9857.66 9843.95 9833.19 9823.2 9815.95 9812.56 9815.16 9816.32 9820.13 9825.81 9831.98 9837.76 9835.22 9827.89 9827.25 9838.78 9850.45 9856.01 9855.87 9851.82 9837.12 9831.17 9830.8 9816.81 9804.94 9794.87 9790.27 9792.6 9797.36 9803.88 9811.84 9823.19 9838.9 9868.37 9877.92 9867.92 9869.19 9868.74 9861.43 9859.14 9859.87 9858.09 9852.8 9846.75 9850.19 9848.93 9844.31
9775.3 9776.42 9777.41 9778.01 9778 9778.29 9783.9 9783.84 9785.85 9790.88 9796.17 9801.35 9806.75 9814.39 9822.98 9836.09 9854.17 9845.9 9846.15 9845.48 9841.47 9825.13 9808.58 9801.85 9806.77 9809.46 9818.85 9815.22 9818.57 9824.34 9831.9 9844.13 9841.64 9833.35 9839.45 9854.24 9860.89 9857.69 9849.92 9837.52 9835.1 9841.74 9845.75 9826.9 9809.41 9793.47 9787.44 9790.14 9794.7 9799.26 9802.88 9807.44 9811.95 9818.01 9837.02 9856.54 9863.51 9864.91 9861.12 9863.95 9866.8 9869.14 9868.34 9865.29 9860.59 9856.07 9850.88
9775.62 9777.05 9778.69 9779.92 9781.04 9783.19 9784.41 9787.13 9789.15 9791.86 9795.73 9799.8 9806.33 9813.33 9820.39 9830.15 9835.81 9842.52 9845.13 9830.85 9818.7 9798.78 9778.77 9773.85 9773.84 9789.41 9803.15 9808.96 9813.07 9820.3 9828.39 9834.69 9835.54 9826.06 9843.64 9872.59 9868.36 9855.65 9846.01 9844.32 9839.71 9831.7 9836.25 9826.25 9812.02 9797.85 9792.08 9792.9 9794.81 9793.56 9796.84 9797.96 9792.45 9782.85 9816.3 9854.01 9871.89 9863.57 9860.52 9865.68 9872.19 9880.39 9887.06 9882.11 9872.77 9864.16 9855.45
9775.16 9778.92 9781.37 9783.1 9784.7 9786.2 9786.77 9788.66 9790.38 9793.06 9796.37 9799.54 9804.57 9810.25 9815.83 9821.48 9820.64 9843.74 9840.4 9810.01 9773.61 9744.66 9750.26 9756.9 9770.42 9800.41 9822.6 9810.77 9805.88 9816.24 9824.74 9822.38 9838.62 9847.87 9850.58 9870.65 9864.25 9844.28 9828.06 9820.28 9812.27 9813.54 9819.77 9820.31 9812.67 9804.35 9799.52 9797.5 9796.46 9796.27 9794.41 9792.45 9792.55 9800.37 9844.95 9864.97 9871.71 9855.16 9851.86 9857.22 9871.83 9886.91 9902.31 9895.95 9881.67 9869.79 9860.46
9779.46 9783.57 9785.89 9787.36 9788.37 9789.44 9789.16 9789.14 9791.13 9793.5 9797.23 9800.42 9804.12 9809.47 9814.09 9820.87 9834.51 9853.56 9840.66 9789.27 9744.12 9723.27 9743.86 9756.34 9781.84 9808.42 9809.88 9806.69 9808.08 9819.12 9836.29 9847.77 9856.34 9873.53 9868.76 9866.34 9848.13 9823.69 9800.38 9775.91 9757.56 9755.6 9804.15 9812.27 9811.57 9808.11 9807.39 9801.75 9802.75 9801.34 9800.48 9800.05 9805.57 9835.74 9867.92 9876.2 9877.25 9871.19 9866.1 9863.37 9866.29 9881.48 9903.85 9894.23 9879 9867.04 9858.81
9789.21 9790.94 9791.6 9791.96 9792.15 9791.91 9792.42 9792.5 9792.69 9793.57 9797.63 9802.11 9806.68 9811.01 9816.21 9818.84 9818.24 9819.94 9787.51 9768.19 9752.91 9758.74 9771.49 9775.17 9801.55 9819.18 9811.8 9808.86 9808.76 9825.82 9838.62 9845.58 9863.85 9876.23 9873.78 9853.28 9823.52 9803.41 9778.54 9748.11 9720.57 9741.13 9782.06 9805.79 9811.65 9811.24 9808.07 9811.72 9811.35 9810.76 9810.23 9809.74 9811.74 9829.78 9871.58 9883.68 9886.71 9891.81 9875.02 9853.92 9843.39 9855.4 9872.86 9873.42 9866.76 9859.71 9853.03
9801.68 9799.1 9797.12 9796.03 9795.88 9796.57 9796.49 9794.91 9789.95 9790.98 9794.13 9798.83 9803.93 9809.13 9820.75 9820.86 9806.66 9776.72 9761.25 9773.1 9796.65 9823.9 9817.51 9814.31 9824.06 9829.94 9826.06 9832.76 9837.81 9840.27 9846.7 9851.92 9867.63 9881.31 9877.96 9849.81 9809.97 9790.77 9773.98 9756.97 9751.33 9774.15 9799.13 9809.77 9816.17 9821.51 9830.75 9825.43 9823.86 9824.55 9824.68 9824.96 9826.64 9846.85 9894.5 9892.65 9886 9869.59 9836.62 9795.02 9810.31 9821.46 9829.46 9846.68 9849.63 9847.92 9843.7
9812.51 9805.54 9801.74 9799.09 9797.56 9797.32 9795.75 9790.66 9786.12 9787.5 9793.93 9801.98 9811.26 9820.35 9829.18 9837.44 9835.81 9814.24 9797.24 9812.97 9843.06 9853.59 9842.81 9833.89 9837.87 9849.72 9851.31 9843.16 9849.62 9849.62 9856.73 9863.3 9869.29 9876.16 9873.57 9851.09 9809.4 9792.43 9784.25 9783.42 9793.73 9803.71 9811.59 9815.99 9820.9 9825.56 9827.13 9833.13 9836.03 9837.9 9841 9845.37 9853.07 9872.99 9903.24 9896.38 9878.62 9853.75 9820.34 9799.2 9807.48 9817.72 9821.43 9834.71 9840.22 9841.63 9839.09
9808.31 9807.88 9804.95 9800.9 9796.8 9793.88 9791.54 9787.74 9781.44 9783.29 9792.86 9802.55 9815.28 9829.08 9840.01 9847.61 9858.51 9836.03 9838.21 9856.95 9862.84 9850.05 9844.7 9847.87 9849.93 9849.56 9839.5 9827.7 9839.56 9846.48 9852.38 9859.27 9871.02 9874.75 9883.09 9880.96 9820.41 9800.2 9796.06 9802.16 9815.91 9818.72 9817.52 9818.38 9825.62 9833.12 9840.46 9845.13 9848.32 9850.56 9854.91 9863.16 9874.96 9883.58 9884.34 9882.73 9871.03 9844.66 9835.09 9831.16 9833.44 9837.87 9836.89 9833.39 9834.17 9836.06 9838.13
