real_craters/C204-750m.grd
DSAA
356 356
-133.2625 133.2625
-133.2625 133.2625
8063.431130688 11417.042905343
[rows 60 to 89 of 356, columns 272 to 339 of 356]
1.002e+004 9998 9993 1e+004 1.002e+004 1.002e+004 1.005e+004 1.003e+004 1.001e+004 9966 9957 9969 9985 9996 9996 9997 1e+004 1.002e+004 1.003e+004 1.002e+004 1.002e+004 1.002e+004 1e+004 9989 9972 9959 9958 9978 9974 9971 9962 9957 9956 9949 9942 9934 9924 9924 9927 9935 9936 9931 9932 9933 9934 9929 9915 9907 9901 9900 9902 9900 9895 9896 9896 9895 9892 9890 9890 9892 9889 9887 9878 9874 9873 9874 9874 9873
1.002e+004 1.001e+004 1.001e+004 1.002e+004 1.003e+004 1.001e+004 1.002e+004 1e+004 9977 9948 9958 9989 9981 9981 9971 9962 9958 9987 1.002e+004 1.003e+004 1.003e+004 1.002e+004 1.002e+004 9990 9970 9955 9964 9982 9980 9975 9973 9960 9955 9953 9949 9937 9920 9902 9905 9909 9912 9914 9915 9917 9919 9922 9920 9913 9907 9914 9914 9907 9901 9898 9897 9895 9893 9894 9895 9892 9889 9885 9883 9878 9877 9877 9878 9874
1.002e+004 1.002e+004 1.002e+004 1.003e+004 1.002e+004 1e+004 1.001e+004 9985 9960 9945 9955 9965 9962 9942 9943 9946 9952 9969 9987 1.001e+004 1.003e+004 1.002e+004 1e+004 9983 9977 9965 9968 9979 9976 9965 9977 9976 9960 9961 9951 9927 9916 9895 9886 9889 9891 9897 9900 9901 9903 9907 9919 9917 9915 9920 9921 9912 9905 9903 9903 9901 9899 9896 9894 9896 9889 9881 9882 9881 9877 9877 9890 9887
9998 9975 9993 1.001e+004 1.001e+004 1e+004 9993 9971 9943 9928 9953 9963 9950 9936 9936 9942 9950 9960 9970 9987 1e+004 1.001e+004 1.001e+004 9988 9983 9976 9974 9971 9959 9957 9970 9980 9968 9951 9935 9914 9901 9879 9875 9879 9886 9886 9888 9889 9889 9889 9911 9915 9920 9922 9921 9918 9914 9914 9911 9908 9904 9902 9900 9899 9892 9883 9880 9878 9877 9891 9902 9900
9963 9942 9976 1.001e+004 9997 1.001e+004 9991 9960 9927 9900 9933 9962 9956 9944 9943 9950 9953 9959 9966 9975 9982 9993 9997 9993 9989 9983 9981 9979 9964 9961 9974 9965 9967 9950 9930 9916 9900 9884 9875 9876 9875 9878 9879 9880 9880 9884 9899 9907 9912 9920 9921 9925 9930 9930 9923 9915 9911 9906 9902 9901 9898 9894 9883 9879 9880 9880 9886 9891
9932 9920 9960 9985 9985 1e+004 9984 9953 9924 9902 9916 9960 9969 9966 9966 9969 9969 9968 9970 9970 9979 9985 9989 9991 9990 9983 9978 9982 9974 9996 9984 9972 9965 9950 9930 9912 9897 9887 9880 9876 9874 9875 9875 9876 9876 9877 9891 9901 9902 9903 9916 9928 9940 9944 9930 9918 9910 9913 9905 9909 9900 9893 9884 9877 9881 9883 9883 9886
9911 9912 9946 9965 9963 9963 9959 9944 9927 9916 9926 9967 9987 9992 9995 9998 9996 9992 9981 9973 9983 9986 9981 9981 9986 9977 9969 9965 9982 9993 9971 9951 9955 9956 9935 9912 9894 9884 9880 9881 9880 9878 9875 9874 9874 9879 9891 9900 9909 9901 9910 9925 9939 9943 9932 9916 9904 9908 9903 9897 9897 9893 9888 9884 9884 9884 9881 9884
9902 9905 9943 9954 9952 9947 9944 9936 9927 9920 9923 9939 9995 1.002e+004 1.003e+004 1.002e+004 1.002e+004 1.001e+004 9992 9989 1.002e+004 9998 9986 9978 9974 9974 9967 9971 9982 9983 9961 9936 9929 9953 9933 9909 9895 9889 9891 9888 9882 9876 9875 9874 9874 9878 9884 9887 9887 9889 9904 9920 9934 9942 9935 9921 9906 9903 9902 9899 9896 9891 9891 9892 9888 9884 9881 9885
9903 9909 9925 9926 9920 9929 9928 9925 9921 9915 9917 9940 9995 1.003e+004 1.005e+004 1.003e+004 1.001e+004 9994 9986 9990 9985 1.003e+004 1.001e+004 9971 9967 9964 9961 9980 9985 9973 9953 9931 9927 9926 9924 9907 9892 9885 9907 9889 9880 9876 9875 9874 9873 9873 9874 9875 9875 9882 9899 9915 9929 9937 9937 9932 9920 9906 9902 9905 9902 9895 9889 9890 9889 9892 9890 9887
9900 9898 9911 9908 9915 9910 9914 9914 9914 9911 9916 9945 1e+004 1.002e+004 1.003e+004 1.001e+004 9992 9970 9969 9978 9994 9999 9989 9968 9957 9949 9958 9984 9988 9967 9966 9958 9951 9935 9919 9900 9883 9876 9875 9880 9879 9878 9875 9873 9873 9873 9874 9874 9874 9881 9895 9910 9924 9933 9938 9940 9924 9898 9896 9897 9896 9892 9889 9888 9887 9886 9883 9885
9900 9899 9890 9884 9898 9898 9903 9907 9909 9911 9920 9945 9976 9993 9988 9985 9980 9969 9965 9960 9960 9969 9968 9966 9958 9946 9968 1e+004 9992 9974 9983 9979 9958 9942 9921 9902 9886 9879 9876 9877 9877 9875 9874 9874 9873 9873 9874 9875 9877 9884 9895 9909 9922 9930 9937 9931 9909 9892 9889 9889 9886 9889 9887 9884 9885 9883 9880 9883
9887 9882 9869 9874 9878 9888 9897 9902 9905 9910 9918 9931 9960 9971 9973 9976 9981 9981 9975 9963 9954 9951 9955 9955 9941 9945 9977 1.001e+004 9995 9986 9968 9950 9920 9930 9915 9905 9902 9884 9875 9876 9875 9874 9874 9873 9872 9873 9874 9877 9879 9886 9897 9909 9921 9931 9940 9948 9914 9888 9888 9891 9896 9897 9892 9887 9886 9884 9883 9884
9869 9863 9863 9871 9885 9893 9897 9899 9902 9906 9911 9915 9931 9947 9965 9983 9988 9992 9988 9974 9957 9956 9948 9936 9926 9934 9953 9979 9983 9970 9942 9927 9914 9898 9900 9898 9895 9882 9876 9876 9874 9874 9874 9873 9872 9873 9874 9875 9878 9887 9899 9911 9923 9932 9943 9952 9923 9895 9892 9896 9902 9903 9898 9892 9890 9887 9885 9885
9834 9839 9853 9875 9888 9895 9897 9899 9899 9898 9899 9905 9914 9930 9956 9975 9994 1.001e+004 1.001e+004 9990 9969 9968 9937 9922 9915 9924 9925 9945 9958 9948 9928 9919 9919 9907 9895 9890 9881 9877 9876 9874 9873 9874 9874 9874 9874 9874 9874 9875 9880 9889 9899 9910 9922 9934 9942 9950 9915 9899 9897 9899 9902 9908 9911 9897 9893 9894 9892 9889
9821 9839 9866 9888 9899 9898 9897 9897 9896 9896 9899 9904 9911 9924 9952 9972 9996 1.002e+004 1.004e+004 9994 9962 9950 9933 9929 9924 9926 9927 9930 9939 9936 9935 9922 9912 9909 9899 9890 9883 9878 9877 9869 9872 9874 9875 9875 9874 9875 9875 9877 9889 9890 9899 9911 9924 9936 9946 9942 9925 9910 9904 9904 9905 9905 9904 9899 9903 9906 9898 9891
9814 9849 9883 9892 9900 9897 9895 9895 9895 9897 9903 9915 9920 9934 9960 9982 9993 9994 9986 9964 9953 9954 9944 9942 9948 9930 9935 9933 9926 9925 9918 9915 9914 9912 9901 9892 9884 9878 9874 9874 9873 9875 9877 9875 9873 9874 9876 9878 9878 9888 9898 9909 9922 9933 9942 9941 9927 9917 9911 9908 9901 9900 9895 9899 9910 9911 9902 9894
9825 9849 9875 9888 9885 9890 9893 9894 9896 9896 9905 9917 9929 9947 9968 9992 9986 9963 9933 9924 9929 9948 9946 9942 9933 9915 9932 9941 9925 9916 9907 9903 9901 9904 9898 9891 9887 9885 9878 9874 9874 9875 9876 9874 9873 9873 9876 9878 9880 9888 9898 9908 9919 9929 9937 9946 9932 9922 9916 9913 9912 9901 9897 9901 9911 9911 9903 9899
9863 9856 9874 9892 9895 9893 9894 9895 9897 9904 9911 9920 9935 9955 9959 9963 9954 9937 9916 9902 9896 9935 9950 9943 9928 9913 9928 9926 9927 9927 9908 9900 9896 9899 9891 9889 9887 9884 9881 9877 9874 9876 9876 9872 9869 9871 9874 9877 9879 9887 9897 9907 9916 9925 9931 9932 9925 9921 9916 9910 9903 9901 9901 9900 9901 9901 9899 9896
9857 9854 9869 9881 9890 9895 9896 9897 9899 9901 9916 9934 9948 9931 9935 9932 9925 9920 9909 9897 9889 9910 9967 9953 9940 9922 9927 9919 9928 9936 9924 9905 9900 9896 9889 9888 9886 9883 9879 9877 9877 9876 9875 9871 9866 9870 9874 9878 9879 9890 9899 9907 9915 9921 9925 9923 9919 9917 9915 9912 9906 9903 9904 9902 9902 9900 9898 9896
9865 9866 9882 9883 9899 9898 9898 9901 9904 9911 9922 9940 9947 9911 9914 9918 9918 9916 9909 9900 9888 9897 9931 9944 9937 9928 9924 9924 9919 9926 9928 9916 9900 9887 9890 9889 9884 9879 9876 9874 9878 9878 9879 9876 9872 9872 9875 9880 9887 9895 9902 9908 9914 9918 9921 9922 9913 9914 9915 9915 9914 9910 9907 9903 9901 9900 9899 9898
9874 9884 9884 9890 9892 9897 9900 9904 9908 9912 9921 9928 9919 9904 9906 9914 9919 9917 9912 9905 9895 9898 9897 9898 9911 9922 9923 9935 9932 9930 9929 9932 9920 9899 9891 9890 9885 9879 9876 9874 9878 9878 9877 9875 9874 9874 9876 9881 9889 9897 9903 9908 9913 9917 9919 9918 9914 9915 9917 9917 9917 9915 9909 9903 9898 9898 9899 9901
9887 9896 9894 9894 9894 9895 9901 9907 9913 9917 9917 9914 9910 9899 9903 9915 9921 9918 9913 9906 9895 9898 9896 9882 9895 9926 9929 9938 9940 9939 9938 9938 9922 9913 9906 9893 9887 9884 9882 9883 9878 9878 9877 9876 9875 9875 9878 9883 9892 9901 9905 9908 9912 9915 9917 9921 9918 9917 9918 9920 9920 9917 9908 9904 9901 9899 9900 9902
9893 9895 9895 9886 9885 9893 9901 9909 9915 9919 9913 9905 9899 9894 9915 9924 9922 9917 9911 9902 9898 9902 9912 9894 9897 9917 9932 9939 9942 9924 9929 9934 9926 9918 9908 9895 9891 9889 9889 9881 9878 9880 9880 9877 9876 9876 9879 9884 9893 9901 9904 9907 9911 9915 9918 9920 9920 9919 9919 9918 9920 9920 9908 9906 9907 9901 9902 9902
9885 9896 9893 9882 9885 9893 9902 9908 9912 9912 9909 9899 9887 9902 9937 9937 9924 9917 9914 9907 9901 9903 9899 9907 9899 9893 9899 9913 9908 9923 9925 9927 9922 9917 9906 9899 9895 9890 9884 9891 9894 9890 9884 9882 9878 9877 9880 9885 9894 9900 9904 9906 9908 9912 9916 9920 9920 9919 9919 9919 9920 9921 9911 9905 9902 9905 9906 9904
9885 9894 9884 9875 9886 9898 9906 9911 9914 9914 9910 9905 9907 9924 9950 9943 9932 9925 9919 9916 9911 9906 9904 9898 9897 9891 9884 9879 9881 9911 9917 9929 9927 9921 9915 9906 9899 9899 9902 9905 9903 9895 9887 9882 9880 9877 9878 9900 9898 9899 9900 9903 9907 9910 9915 9918 9918 9920 9920 9921 9922 9920 9918 9910 9905 9901 9903 9905
9894 9899 9899 9898 9899 9904 9911 9917 9919 9919 9917 9910 9909 9910 9911 9929 9928 9921 9919 9918 9912 9907 9902 9900 9899 9894 9888 9886 9885 9888 9903 9909 9920 9923 9922 9907 9902 9908 9920 9920 9916 9893 9890 9885 9884 9880 9877 9882 9895 9895 9896 9900 9904 9908 9910 9923 9926 9923 9921 9921 9925 9928 9918 9916 9911 9904 9902 9906
9893 9903 9901 9908 9909 9911 9918 9926 9936 9932 9921 9914 9907 9903 9919 9931 9925 9917 9918 9919 9914 9907 9906 9907 9908 9904 9888 9885 9885 9888 9899 9906 9914 9924 9929 9912 9905 9915 9925 9927 9914 9908 9904 9894 9892 9885 9883 9897 9896 9892 9892 9896 9902 9907 9914 9918 9923 9923 9920 9919 9922 9924 9918 9919 9917 9910 9906 9908
9890 9902 9903 9902 9907 9911 9919 9928 9946 9937 9923 9915 9912 9918 9936 9941 9930 9919 9921 9923 9923 9914 9916 9922 9923 9916 9897 9879 9886 9897 9901 9905 9914 9927 9936 9926 9912 9922 9935 9944 9946 9952 9922 9900 9897 9894 9888 9892 9895 9890 9889 9895 9901 9908 9915 9918 9922 9922 9921 9920 9920 9918 9918 9916 9918 9917 9917 9914
9894 9899 9895 9901 9906 9911 9914 9914 9904 9918 9917 9915 9916 9926 9950 9945 9930 9926 9926 9927 9932 9930 9936 9942 9937 9925 9906 9887 9892 9902 9904 9903 9914 9929 9942 9942 9927 9931 9939 9949 9974 9960 9925 9899 9899 9905 9911 9896 9893 9891 9891 9896 9901 9906 9911 9918 9921 9923 9923 9923 9926 9928 9922 9926 9925 9925 9924 9922
9905 9903 9903 9904 9906 9909 9911 9911 9909 9912 9915 9915 9915 9919 9925 9917 9924 9929 9934 9935 9941 9944 9946 9950 9948 9932 9922 9909 9898 9895 9902 9907 9917 9929 9940 9945 9936 9933 9944 9964 9969 9953 9921 9906 9908 9909 9909 9897 9896 9897 9899 9903 9903 9904 9909 9917 9923 9926 9924 9924 9925 9924 9924 9925 9930 9931 9930 9928
