real_craters/C204-750m.grd
DSAA
356 356
-133.2625 133.2625
-133.2625 133.2625
8063.431130688 11417.042905343
[rows 90 to 119 of 356, columns 136 to 203 of 356]
9943 9930 9930 9939 9948 9954 9938 9920 9924 9922 9930 9950 9965 9956 9954 9953 9953 9953 9951 9954 9961 9967 9972 9977 9998 1.002e+004 1.002e+004 1.001e+004 1.001e+004 1e+004 9989 9964 9941 9928 9916 9915 9921 9929 9921 9911 9908 9906 9907 9909 9926 9952 9953 9934 9925 9921 9924 9932 9931 9931 9939 9944 9943 9952 9961 9974 9975 9954 9937 9923 9911 9902 9895 9886
9901 9891 9900 9915 9938 9955 9935 9922 9954 9958 9956 9959 9957 9955 9953 9952 9953 9954 9958 9963 9968 9972 9976 9983 1.001e+004 1.003e+004 1.002e+004 1.001e+004 1e+004 9993 9983 9967 9955 9947 9929 9919 9922 9932 9924 9913 9909 9910 9911 9929 9942 9947 9937 9926 9919 9915 9915 9917 9920 9922 9927 9931 9928 9934 9952 9972 9987 9985 9958 9939 9925 9915 9905 9897
9882 9869 9875 9892 9918 9940 9916 9909 9954 9984 9975 9962 9951 9953 9951 9950 9951 9955 9960 9972 9977 9981 9986 9995 1.002e+004 1.003e+004 1.002e+004 1.001e+004 9996 9982 9972 9967 9963 9959 9938 9922 9922 9927 9922 9913 9912 9912 9930 9953 9956 9945 9930 9918 9914 9914 9914 9913 9912 9910 9919 9925 9918 9925 9939 9962 9972 9970 9961 9949 9936 9926 9916 9908
9880 9866 9870 9879 9891 9898 9875 9885 9939 9984 9978 9964 9954 9952 9952 9953 9953 9956 9960 9978 9984 9992 1e+004 1.001e+004 1.003e+004 1.003e+004 1.002e+004 1e+004 9990 9976 9966 9965 9965 9956 9939 9928 9926 9928 9923 9918 9935 9946 9959 9969 9962 9946 9929 9916 9912 9915 9919 9914 9909 9906 9916 9921 9913 9910 9925 9943 9948 9956 9956 9949 9941 9933 9927 9921
9885 9871 9873 9874 9870 9857 9852 9866 9916 9955 9971 9962 9952 9951 9953 9956 9958 9960 9964 9973 9986 1e+004 1.002e+004 1.004e+004 1.003e+004 1.002e+004 1.001e+004 9999 9984 9970 9959 9961 9955 9937 9934 9935 9933 9932 9932 9937 9969 9995 9991 9983 9967 9952 9933 9915 9909 9913 9913 9913 9911 9906 9918 9921 9910 9911 9914 9920 9935 9951 9945 9942 9939 9936 9935 9931
9895 9882 9878 9874 9868 9856 9850 9855 9905 9969 9971 9963 9953 9954 9960 9964 9967 9969 9969 9970 9985 1.001e+004 1.003e+004 1.005e+004 1.004e+004 1.002e+004 1.001e+004 9994 9979 9967 9957 9958 9951 9923 9934 9946 9942 9941 9949 9973 1e+004 1.001e+004 1e+004 9997 9978 9958 9942 9921 9910 9908 9907 9911 9914 9910 9917 9922 9921 9913 9909 9907 9918 9923 9932 9934 9935 9933 9933 9933
9900 9884 9886 9879 9872 9864 9851 9852 9879 9947 9966 9964 9956 9957 9965 9972 9976 9977 9974 9970 9988 1.001e+004 1.004e+004 1.006e+004 1.004e+004 1.003e+004 1.001e+004 9993 9978 9966 9962 9956 9952 9946 9942 9948 9950 9951 9964 1.002e+004 1.003e+004 1.002e+004 1.001e+004 1e+004 9981 9964 9948 9931 9921 9911 9908 9909 9912 9920 9914 9918 9922 9912 9906 9903 9900 9915 9923 9925 9928 9928 9931 9934
9905 9888 9892 9884 9870 9859 9853 9854 9861 9928 9962 9964 9962 9963 9973 9981 9989 9992 9989 9988 1e+004 1.002e+004 1.005e+004 1.007e+004 1.006e+004 1.002e+004 1.001e+004 9992 9978 9964 9952 9956 9958 9957 9957 9961 9964 9967 9981 1.002e+004 1.003e+004 1.003e+004 1.002e+004 1e+004 9989 9971 9960 9943 9922 9915 9910 9912 9919 9927 9914 9909 9915 9907 9903 9901 9899 9911 9914 9916 9919 9924 9927 9931
9909 9901 9908 9893 9877 9865 9860 9858 9863 9927 9963 9972 9970 9970 9980 9989 9997 1.001e+004 1.002e+004 1.001e+004 1.001e+004 1.003e+004 1.006e+004 1.006e+004 1.003e+004 1.002e+004 1.001e+004 9995 9981 9968 9958 9960 9963 9973 9977 9981 9983 9987 9998 1.002e+004 1.003e+004 1.003e+004 1.003e+004 1.002e+004 1e+004 9979 9968 9951 9932 9924 9920 9919 9922 9931 9911 9905 9905 9904 9900 9899 9902 9907 9904 9905 9908 9912 9916 9921
9910 9895 9902 9905 9893 9881 9870 9864 9877 9933 9978 9990 9984 9974 9985 9993 1e+004 1e+004 1.001e+004 1.001e+004 1.002e+004 1.004e+004 1.005e+004 1.005e+004 1.003e+004 1.002e+004 1.001e+004 9998 9988 9976 9968 9967 9967 9974 9992 1e+004 1e+004 1.001e+004 1.002e+004 1.003e+004 1.004e+004 1.003e+004 1.003e+004 1.003e+004 1.002e+004 9987 9970 9955 9944 9936 9929 9922 9916 9926 9924 9915 9917 9906 9899 9900 9906 9901 9897 9898 9901 9905 9909 9916
9909 9892 9905 9922 9938 9910 9880 9867 9901 9972 1.002e+004 1.002e+004 1.001e+004 9992 9992 9997 9999 1.001e+004 1.001e+004 1.002e+004 1.003e+004 1.005e+004 1.007e+004 1.005e+004 1.003e+004 1.003e+004 1.002e+004 1.001e+004 9998 9989 9982 9981 9975 9979 9995 1.001e+004 1.001e+004 1.002e+004 1.003e+004 1.005e+004 1.005e+004 1.003e+004 1.003e+004 1.004e+004 1.003e+004 9990 9971 9959 9956 9950 9938 9924 9909 9919 9916 9910 9912 9904 9899 9898 9908 9923 9899 9898 9901 9905 9910 9914
9911 9891 9899 9920 9950 9913 9880 9867 9913 1.002e+004 1.007e+004 1.006e+004 1.003e+004 1e+004 9998 9998 1e+004 1e+004 1.001e+004 1.002e+004 1.003e+004 1.006e+004 1.007e+004 1.006e+004 1.004e+004 1.003e+004 1.002e+004 1.001e+004 1.001e+004 1e+004 1e+004 1e+004 9990 9984 9995 1.001e+004 1.002e+004 1.003e+004 1.004e+004 1.006e+004 1.007e+004 1.004e+004 1.004e+004 1.004e+004 1.003e+004 9996 9978 9971 9972 9960 9943 9926 9909 9923 9914 9907 9904 9902 9902 9900 9904 9926 9903 9899 9903 9907 9910 9915
9915 9902 9897 9896 9886 9886 9872 9866 9925 1.004e+004 1.01e+004 1.008e+004 1.005e+004 1.001e+004 1.001e+004 1e+004 1e+004 1e+004 1.001e+004 1.003e+004 1.005e+004 1.006e+004 1.007e+004 1.004e+004 1.004e+004 1.004e+004 1.002e+004 1.002e+004 1.001e+004 1.001e+004 1.001e+004 1.002e+004 1e+004 9991 9996 1.001e+004 1.002e+004 1.003e+004 1.004e+004 1.005e+004 1.005e+004 1.004e+004 1.004e+004 1.003e+004 1.002e+004 1e+004 9988 9973 9969 9959 9941 9918 9911 9929 9916 9904 9903 9903 9903 9898 9897 9909 9897 9903 9907 9910 9915 9920
9917 9909 9904 9888 9876 9870 9866 9866 9916 1.003e+004 1.01e+004 1.008e+004 1.005e+004 1.002e+004 1.001e+004 1e+004 1e+004 1.001e+004 1.002e+004 1.003e+004 1.006e+004 1.006e+004 1.006e+004 1.002e+004 1.002e+004 1.002e+004 1.002e+004 1.001e+004 1.001e+004 1.001e+004 1.002e+004 1.003e+004 1.001e+004 1.001e+004 1.001e+004 1.002e+004 1.002e+004 1.003e+004 1.003e+004 1.004e+004 1.003e+004 1.004e+004 1.004e+004 1.003e+004 1.003e+004 1.002e+004 1.001e+004 9985 9975 9969 9944 9922 9912 9926 9918 9909 9909 9910 9905 9895 9898 9904 9908 9913 9915 9918 9923 9929
9918 9911 9910 9890 9872 9868 9867 9872 9901 9988 1.004e+004 1.005e+004 1.003e+004 1.001e+004 1e+004 1e+004 1e+004 1e+004 1.001e+004 1.002e+004 1.004e+004 1.004e+004 1.003e+004 1.002e+004 1.001e+004 1.001e+004 1e+004 1.001e+004 1.001e+004 1.001e+004 1.001e+004 1.001e+004 1.002e+004 1.003e+004 1.002e+004 1.002e+004 1.002e+004 1.003e+004 1.003e+004 1.002e+004 1.003e+004 1.003e+004 1.004e+004 1.004e+004 1.004e+004 1.005e+004 1.002e+004 1.002e+004 9993 9975 9950 9927 9920 9918 9918 9925 9920 9917 9916 9905 9909 9921 9926 9925 9926 9929 9932 9937
9923 9924 9955 9916 9885 9880 9875 9878 9910 9961 9984 1.002e+004 1.002e+004 1.001e+004 1.001e+004 1.001e+004 1e+004 9997 1e+004 1.001e+004 1.001e+004 1.002e+004 1.002e+004 1.002e+004 1e+004 9990 9990 9993 9997 1e+004 1.001e+004 1.002e+004 1.003e+004 1.004e+004 1.004e+004 1.003e+004 1.003e+004 1.003e+004 1.003e+004 1.003e+004 1.003e+004 1.003e+004 1.004e+004 1.006e+004 1.007e+004 1.005e+004 1e+004 1.001e+004 1.001e+004 9979 9957 9943 9945 9905 9923 9936 9921 9919 9920 9925 9925 9926 9930 9933 9935 9937 9939 9943
9937 9947 9972 9958 9925 9903 9888 9883 9916 9967 1.001e+004 1.002e+004 1.003e+004 1.003e+004 1.003e+004 1.002e+004 1e+004 9991 9991 9991 9988 9999 1.001e+004 1.001e+004 9993 9978 9979 9982 9985 9989 9997 1.003e+004 1.005e+004 1.004e+004 1.004e+004 1.003e+004 1.003e+004 1.004e+004 1.005e+004 1.005e+004 1.005e+004 1.004e+004 1.005e+004 1.007e+004 1.008e+004 1e+004 9989 9994 1e+004 9982 9961 9948 9966 9962 9943 9934 9921 9922 9922 9924 9927 9934 9939 9943 9944 9945 9946 9949
9953 9956 9970 9973 9951 9923 9905 9901 9926 9979 1.001e+004 1.003e+004 1.004e+004 1.005e+004 1.005e+004 1.002e+004 9990 9979 9984 9986 9990 1e+004 1.001e+004 1e+004 9988 9975 9976 9979 9983 9987 9995 1.003e+004 1.005e+004 1.003e+004 1.001e+004 1.001e+004 1.002e+004 1.004e+004 1.006e+004 1.007e+004 1.007e+004 1.005e+004 1.005e+004 1.007e+004 1.008e+004 1.002e+004 9995 1.001e+004 1.003e+004 9997 9968 9946 9964 9961 9947 9937 9935 9938 9930 9919 9930 9944 9952 9954 9955 9956 9956 9957
9984 9977 9973 9972 9956 9936 9921 9922 9949 9994 1.002e+004 1.003e+004 1.003e+004 1.004e+004 1.004e+004 1.001e+004 9986 9973 9980 9983 9988 9987 9999 9996 9987 9983 9982 9985 9989 9992 1e+004 1.002e+004 1.004e+004 1.003e+004 1e+004 9996 1.001e+004 1.004e+004 1.006e+004 1.008e+004 1.005e+004 1.005e+004 1.005e+004 1.005e+004 1.004e+004 1.003e+004 1.002e+004 1.002e+004 1.002e+004 9997 9976 9962 9980 9975 9951 9951 9952 9961 9955 9948 9948 9955 9960 9964 9967 9967 9966 9966
1e+004 9990 9977 9961 9961 9952 9941 9937 9969 1e+004 1.001e+004 1.001e+004 1.002e+004 1.002e+004 1.001e+004 1.001e+004 9995 9981 9982 9983 9985 9988 9983 9985 9986 9987 9989 9995 1e+004 1.001e+004 1.001e+004 1.003e+004 1.004e+004 1.003e+004 1e+004 9994 1.001e+004 1.003e+004 1.005e+004 1.005e+004 1.005e+004 1.004e+004 1.004e+004 1.003e+004 1.002e+004 1e+004 1.001e+004 1.001e+004 9997 9994 9990 9986 1e+004 1e+004 9969 9956 9978 9988 9982 9970 9967 9971 9980 9980 9981 9979 9976 9975
1.001e+004 9999 9988 9975 9974 9975 9979 9986 1e+004 1.001e+004 1e+004 1e+004 1.001e+004 1.001e+004 1e+004 9995 9984 9982 9983 9982 9979 9977 9983 9987 9991 9989 9996 1.001e+004 1.002e+004 1.002e+004 1.002e+004 1.003e+004 1.003e+004 1.003e+004 1.001e+004 9993 1.001e+004 1.004e+004 1.005e+004 1.005e+004 1.005e+004 1.006e+004 1.004e+004 1.003e+004 1.001e+004 1e+004 1e+004 1.001e+004 1.001e+004 1e+004 1.001e+004 1.001e+004 1.003e+004 1.003e+004 1.002e+004 1.001e+004 1.001e+004 1.002e+004 9998 9982 9983 9984 9987 9998 9995 9989 9985 9983
1.001e+004 1e+004 9999 9997 9989 9991 1e+004 1.001e+004 1e+004 9995 9995 9996 9996 9994 9987 9988 9991 9987 9989 9985 9982 9983 9987 9998 1.001e+004 1.001e+004 1.003e+004 1.004e+004 1.004e+004 1.005e+004 1.005e+004 1.006e+004 1.007e+004 1.007e+004 1.003e+004 1.002e+004 1.003e+004 1.005e+004 1.006e+004 1.006e+004 1.005e+004 1.006e+004 1.005e+004 1.004e+004 1.002e+004 1.001e+004 1.001e+004 1.001e+004 1.001e+004 1.001e+004 1.002e+004 1.003e+004 1.004e+004 1.005e+004 1.006e+004 1.005e+004 1.005e+004 1.005e+004 1.004e+004 1.002e+004 1.001e+004 9997 9993 1.001e+004 1e+004 9995 9989 9986
1.001e+004 1.001e+004 1e+004 9998 9993 9993 1e+004 1e+004 9994 9983 9985 9988 9989 9988 9989 9990 9990 9994 9996 9994 9991 9994 1.001e+004 1.002e+004 1.003e+004 1.005e+004 1.007e+004 1.006e+004 1.006e+004 1.008e+004 1.01e+004 1.009e+004 1.008e+004 1.007e+004 1.005e+004 1.004e+004 1.005e+004 1.006e+004 1.007e+004 1.006e+004 1.006e+004 1.006e+004 1.006e+004 1.005e+004 1.004e+004 1.002e+004 1.001e+004 1.001e+004 1.002e+004 1.002e+004 1.003e+004 1.006e+004 1.008e+004 1.008e+004 1.009e+004 1.011e+004 1.013e+004 1.013e+004 1.01e+004 1.006e+004 1.003e+004 1.001e+004 1e+004 1e+004 1e+004 9996 9990 9986
1.002e+004 1.002e+004 1.001e+004 9995 9991 9986 9979 9984 9987 9983 9982 9984 9985 9987 9987 9990 9995 1e+004 1.001e+004 1.002e+004 1.002e+004 1.003e+004 1.003e+004 1.005e+004 1.006e+004 1.007e+004 1.007e+004 1.007e+004 1.007e+004 1.007e+004 1.008e+004 1.008e+004 1.007e+004 1.007e+004 1.007e+004 1.007e+004 1.008e+004 1.008e+004 1.007e+004 1.008e+004 1.008e+004 1.01e+004 1.01e+004 1.009e+004 1.005e+004 1.002e+004 1.002e+004 1.002e+004 1.003e+004 1.004e+004 1.008e+004 1.011e+004 1.012e+004 1.013e+004 1.015e+004 1.018e+004 1.02e+004 1.02e+004 1.017e+004 1.011e+004 1.007e+004 1.004e+004 1.001e+004 1e+004 1e+004 9999 9993 9987
1.002e+004 1.002e+004 1.002e+004 1e+004 9989 9979 9973 9976 9982 9985 9982 9980 9985 9991 9993 9999 1.001e+004 1.003e+004 1.004e+004 1.004e+004 1.004e+004 1.005e+004 1.007e+004 1.008e+004 1.009e+004 1.009e+004 1.01e+004 1.008e+004 1.008e+004 1.007e+004 1.007e+004 1.007e+004 1.007e+004 1.009e+004 1.011e+004 1.013e+004 1.013e+004 1.012e+004 1.012e+004 1.015e+004 1.016e+004 1.018e+004 1.018e+004 1.013e+004 1.008e+004 1.004e+004 1.003e+004 1.004e+004 1.005e+004 1.008e+004 1.014e+004 1.018e+004 1.019e+004 1.02e+004 1.02e+004 1.022e+004 1.025e+004 1.024e+004 1.019e+004 1.014e+004 1.01e+004 1.006e+004 1.003e+004 1.001e+004 1.001e+004 1.001e+004 1e+004 9994
1.001e+004 1.002e+004 1.001e+004 1e+004 9984 9976 9971 9972 9976 9980 9981 9979 9993 1e+004 1.001e+004 1.001e+004 1.003e+004 1.005e+004 1.007e+004 1.008e+004 1.008e+004 1.011e+004 1.014e+004 1.013e+004 1.012e+004 1.011e+004 1.009e+004 1.009e+004 1.008e+004 1.008e+004 1.008e+004 1.009e+004 1.009e+004 1.012e+004 1.015e+004 1.018e+004 1.017e+004 1.016e+004 1.017e+004 1.02e+004 1.022e+004 1.023e+004 1.022e+004 1.015e+004 1.009e+004 1.005e+004 1.004e+004 1.005e+004 1.01e+004 1.017e+004 1.023e+004 1.024e+004 1.025e+004 1.026e+004 1.025e+004 1.027e+004 1.031e+004 1.03e+004 1.024e+004 1.019e+004 1.014e+004 1.009e+004 1.005e+004 1.002e+004 1.002e+004 1.002e+004 1.001e+004 1.001e+004
1.001e+004 1.001e+004 1.001e+004 9989 9979 9975 9973 9971 9972 9972 9979 9997 1.001e+004 1.002e+004 1.002e+004 1.003e+004 1.005e+004 1.008e+004 1.011e+004 1.014e+004 1.016e+004 1.018e+004 1.019e+004 1.017e+004 1.015e+004 1.013e+004 1.011e+004 1.01e+004 1.01e+004 1.01e+004 1.01e+004 1.012e+004 1.013e+004 1.015e+004 1.016e+004 1.018e+004 1.017e+004 1.015e+004 1.015e+004 1.015e+004 1.017e+004 1.017e+004 1.013e+004 1.012e+004 1.01e+004 1.007e+004 1.006e+004 1.006e+004 1.01e+004 1.013e+004 1.018e+004 1.022e+004 1.025e+004 1.026e+004 1.029e+004 1.031e+004 1.034e+004 1.035e+004 1.031e+004 1.025e+004 1.02e+004 1.014e+004 1.008e+004 1.004e+004 1.003e+004 1.003e+004 1.003e+004 1.003e+004
1.002e+004 1.001e+004 1.001e+004 9996 9986 9976 9972 9971 9973 9976 9976 1e+004 1.002e+004 1.003e+004 1.004e+004 1.006e+004 1.008e+004 1.011e+004 1.015e+004 1.019e+004 1.022e+004 1.019e+004 1.02e+004 1.02e+004 1.018e+004 1.016e+004 1.013e+004 1.012e+004 1.012e+004 1.012e+004 1.013e+004 1.016e+004 1.019e+004 1.018e+004 1.017e+004 1.015e+004 1.013e+004 1.011e+004 1.01e+004 1.01e+004 1.01e+004 1.01e+004 1.01e+004 1.01e+004 1.01e+004 1.01e+004 1.01e+004 1.01e+004 1.009e+004 1.009e+004 1.015e+004 1.019e+004 1.023e+004 1.027e+004 1.028e+004 1.031e+004 1.033e+004 1.036e+004 1.037e+004 1.031e+004 1.025e+004 1.019e+004 1.013e+004 1.008e+004 1.007e+004 1.006e+004 1.005e+004 1.005e+004
1.002e+004 1.002e+004 1.001e+004 1.001e+004 9995 9977 9970 9973 9976 9979 9984 9995 1.002e+004 1.004e+004 1.006e+004 1.009e+004 1.011e+004 1.014e+004 1.017e+004 1.019e+004 1.021e+004 1.023e+004 1.027e+004 1.023e+004 1.021e+004 1.019e+004 1.017e+004 1.016e+004 1.014e+004 1.013e+004 1.014e+004 1.017e+004 1.021e+004 1.019e+004 1.016e+004 1.013e+004 1.01e+004 1.009e+004 1.009e+004 1.009e+004 1.009e+004 1.009e+004 1.01e+004 1.011e+004 1.012e+004 1.012e+004 1.013e+004 1.011e+004 1.01e+004 1.01e+004 1.013e+004 1.017e+004 1.021e+004 1.025e+004 1.028e+004 1.032e+004 1.033e+004 1.034e+004 1.038e+004 1.034e+004 1.029e+004 1.024e+004 1.019e+004 1.015e+004 1.013e+004 1.01e+004 1.008e+004 1.007e+004
1.002e+004 1.001e+004 1.001e+004 9997 9986 9978 9975 9978 9978 9980 9980 1e+004 1.003e+004 1.006e+004 1.008e+004 1.011e+004 1.014e+004 1.016e+004 1.019e+004 1.02e+004 1.026e+004 1.035e+004 1.026e+004 1.024e+004 1.023e+004 1.023e+004 1.022e+004 1.021e+004 1.017e+004 1.015e+004 1.016e+004 1.018e+004 1.021e+004 1.022e+004 1.017e+004 1.013e+004 1.01e+004 1.01e+004 1.01e+004 1.011e+004 1.011e+004 1.011e+004 1.011e+004 1.013e+004 1.015e+004 1.015e+004 1.015e+004 1.014e+004 1.012e+004 1.012e+004 1.014e+004 1.018e+004 1.02e+004 1.023e+004 1.028e+004 1.033e+004 1.032e+004 1.033e+004 1.035e+004 1.034e+004 1.032e+004 1.028e+004 1.025e+004 1.022e+004 1.018e+004 1.015e+004 1.012e+004 1.009e+004
