real_craters/C204-1000m.grd
DSAA
153 153
-76.15 76.15
-76.15 76.15
6059.5165436152 11328.042428984
[rows 120 to 149 of 153, columns 0 to 66 of 153]
7588.15 7771.49 7964.82 8148.65 8309.84 8460.39 8600.59 8745.04 8891.49 8994.16 9042.88 9018.55 8946.62 8888.67 8824.08 8816.01 8830.6 8816.7 8763.09 8691.65 8634.44 8583.06 8518.91 8470.09 8430.94 8401.14 8382.46 8383.59 8379.54 8382.08 8380.65 8375.3 8359.26 8333.86 8327.54 8405.53 8468.54 8468.41 8558.77 8667.64 8681.31 8658.22 8605.68 8546.72 8516.68 8491.59 8490.87 8532.67 8670.13 8776.61 8949.78 9075.28 9197.3 9262.48 9349.33 9359.37 9295.18 9372.86 9612.22 9753.96 9873.98 9864.72 9889.89 9932.25 9816.89 9646.57 9585.69
7510.15 7721.45 7939.94 8143.52 8320.37 8475.34 8582.72 8721.23 8879.35 9016.54 9102.3 9028.84 8903.83 8858.52 8825.55 8831.05 8850.95 8843.87 8739.47 8695.92 8698.64 8588.36 8502.05 8448.87 8433.58 8428.65 8393.93 8371.38 8364.41 8369.12 8384.42 8373.72 8352.93 8330.84 8295.32 8364.94 8480.49 8540.63 8601.91 8624.58 8653.96 8651.65 8621.84 8589 8571.87 8536.6 8520.54 8509.48 8586.64 8755.5 8820.49 8893.09 9025.27 9296.4 9542.4 9251.27 9131.93 9220.6 9482.65 9556.28 9634.19 9738.28 9753.19 9736.61 9687.55 9597.56 9497.44
7513.18 7717.24 7936.91 8156.65 8369.54 8522.8 8599.96 8735.91 8900.33 9044.37 9130.02 9043.12 8915.75 8869.09 8836.57 8844.44 8876.33 8887.33 8723.2 8623.77 8590.62 8530.82 8473.52 8438.45 8469.95 8466.92 8405.88 8364.02 8339.76 8357.64 8369.69 8368.41 8353.46 8322.88 8279.53 8309.74 8317.71 8569.36 8659.84 8620 8669 8690.71 8666.89 8618.02 8701.9 8734.46 8640.89 8610.68 8740.54 8783.64 8715.36 8709.09 8763.11 9193.26 9327.57 8911.01 8878.58 9005.63 9113.25 9317.72 9461.94 9551.27 9583.31 9536.57 9473.55 9438.77 9441.12
7633.54 7769.46 7962.95 8171.17 8375.75 8541.84 8650.58 8790.23 8946.89 9057.62 9110.48 9040.7 8953.36 8912.58 8837.87 8833.6 8859.61 8868.11 8754.79 8571.77 8499.06 8465.45 8442.52 8417.23 8441.6 8476.01 8434.59 8375.89 8344.06 8366.63 8374.81 8371.47 8352.98 8326.73 8264.65 8274.88 8272.56 8459.82 8639.33 8735.89 8701.65 8757.43 8824.62 8778.13 8823.05 8843.9 8808.71 8730.19 8700.49 8591.78 8578.03 8579.73 8659.32 9022.56 8863.53 8728.74 8759.85 8887.24 8989.17 9226.57 9464.7 9563.97 9515.66 9398.3 9216.92 9277.53 9355.88
7690.85 7816.03 8010.37 8216.33 8396.61 8561.55 8752.54 8947.22 9039.59 9060.58 9048.58 9016.5 8973.75 8952.84 8866.88 8791.39 8786.22 8769.64 8659.66 8507.3 8477.18 8446.25 8417.18 8395.71 8393.19 8398.43 8415.57 8380.69 8386.72 8393.1 8398.04 8381.91 8353.68 8313.25 8269.7 8254.79 8243.51 8355.16 8451.66 8457.73 8628.28 8774.74 8926.89 8908.81 8907.14 8935.41 8871.02 8754.53 8608.01 8525.53 8515.44 8486.31 8474.05 8541.26 8611.79 8677.25 8752.73 8882.71 9009.93 9272.65 9588.06 9697.63 9471.37 9290.62 9141.95 9172.29 9282.97
7677.23 7867.63 8087.61 8311.66 8496.74 8655.22 8885.67 9073.77 9105.85 9079.57 9033.5 8990.35 8959.69 8933.22 8825.21 8766.09 8708.05 8630.66 8561.1 8513.96 8481.92 8449.15 8416.35 8386.05 8380.32 8367.19 8343.52 8358.95 8385.58 8406.12 8416.61 8380.69 8343.38 8317.37 8273.14 8250.63 8285.83 8292.4 8329.4 8362.01 8536.6 8730.09 8909.75 8988.27 9039.11 9019.65 8941.76 8753.76 8581.98 8484.42 8468.61 8433.68 8396.76 8433.93 8559.69 8636.46 8754.78 8906.32 9101.9 9311.56 9502.66 9499.17 9208.63 9053.21 8997.29 9071.63 9216.49
7716.66 7950.86 8205.09 8446.21 8689.46 8962.67 9044.39 9118.94 9153.66 9111.67 9044.79 8985.9 8951.73 8936.38 8918.69 8819.14 8691.48 8607.38 8570.82 8529.2 8500.15 8461.92 8417.13 8394.5 8387.23 8348.75 8336.45 8338.88 8374.44 8412.05 8412.34 8372.93 8326.46 8293.61 8287.63 8248.84 8293.23 8294.12 8286.41 8315.14 8466.27 8665.44 8852.98 8991.64 9029.14 8977.22 8870.94 8652.72 8539.2 8476.58 8447.8 8408.02 8408.49 8451.38 8570.15 8633.28 8739.64 8889.87 9100.57 9250.95 9220.67 9115.29 8928.38 8870.18 8865.32 8956.51 9100.43
7897.73 8121.46 8360.75 8610.52 8850.89 9056.33 9149.8 9226.86 9217.26 9148.34 9068.31 8982.16 8951.97 8943.52 8924.97 8842.95 8699.12 8614.23 8582.69 8550.63 8512.17 8468.24 8433.07 8402.67 8369.93 8347.44 8317.17 8309.06 8398.82 8398.84 8371.24 8359.5 8340.48 8292.13 8270.14 8291.51 8326.22 8294.89 8269.54 8302.69 8414.83 8566.27 8694.7 8769.9 8766.84 8724.6 8634.37 8599.28 8468.64 8404.22 8386.44 8368.58 8373.82 8458.33 8585.68 8620.22 8701.38 8800.8 8864.93 8931.28 8877.58 8746.17 8762.09 8829.11 8815.29 8849.5 8955.62
8079.25 8318.9 8548.54 8765.73 8952.81 9101.18 9175.54 9209.19 9193.95 9140.03 9072.05 9006.49 8975.83 8951.5 8947.81 8877.51 8712.24 8638.64 8615.29 8562.77 8516.93 8485.18 8443.28 8403.35 8363.6 8335.95 8278.71 8270.85 8396.46 8402.03 8357.68 8350.16 8331.76 8304.41 8280.94 8331.83 8360.06 8286.18 8280.17 8294.02 8364.03 8473.71 8533.32 8484.38 8550.84 8515.03 8459.73 8376.68 8369.18 8350.01 8315.48 8325.77 8344.96 8385.72 8595.35 8608.45 8650.08 8721.46 8784.26 8652.77 8667.04 8662.61 8704.31 8878.35 8794.3 8741.19 8813.74
8244.22 8528.55 8758.32 8918.16 9051.81 9156.08 9190.6 9174.53 9141.84 9102.68 9074.34 9025.88 8987.09 8993.49 8942.93 8866.94 8720.24 8670.75 8639.99 8566.46 8517.07 8495.79 8441.55 8410.85 8372.78 8311.37 8253.47 8247.09 8367.96 8430.01 8386.67 8349.98 8322.48 8294.84 8291.66 8339.39 8411.15 8312.41 8278.89 8251.93 8274.99 8349.95 8392.18 8350.15 8380.93 8317.73 8259.81 8271.56 8295.25 8291.13 8275.61 8271 8285.28 8321.47 8461.19 8545.72 8572.69 8616.19 8632.05 8560.77 8612.63 8693.5 8755.6 8861.56 8777.69 8705.24 8731.3
8545.78 8843.22 8942.56 9024.19 9108.65 9175.06 9197.6 9166.01 9138.06 9163.12 9093.78 9016.06 8953.6 8880.63 8862.12 8808.25 8733.51 8696.24 8607.3 8567.84 8524.4 8485.85 8461.84 8420.97 8367.27 8293.25 8260.46 8267.89 8320.31 8348.88 8361.91 8346.78 8327.22 8311.6 8316.62 8325.69 8404.89 8352.19 8286.69 8236.73 8221.1 8239.05 8245.83 8246.11 8215.39 8227.62 8233.69 8258.22 8281.62 8282.69 8286.73 8295.85 8303.37 8313.55 8330.5 8367.1 8461.57 8522.73 8535.28 8536.54 8620.52 8750.46 8823.23 8820.65 8793.44 8743.21 8722.21
8873.66 9033.48 9009.63 9039.81 9104.39 9180.18 9213.01 9186.66 9179.21 9230.05 9123.56 9008.8 8941.13 8865.86 8829.57 8799.7 8757.53 8742.65 8644.3 8577 8526.02 8489.58 8473.24 8477.77 8385.17 8324.46 8319.59 8324.53 8324.85 8295.77 8333.54 8355.68 8347.42 8358.19 8347.97 8328.55 8341.17 8346.34 8300.91 8258.72 8230.08 8250.69 8234.37 8206.94 8222.92 8257.57 8273.85 8300.77 8311.1 8302.46 8314.34 8332.22 8328.37 8344.59 8344 8337.96 8397.86 8466.83 8512.33 8534.41 8632.11 8785.32 8857.69 8849.69 8813.4 8762.98 8748.12
8985.46 8916.82 8940.16 8985.86 9070.99 9169.29 9234.3 9223.07 9232.87 9221.44 9170.32 9076.71 8961.43 8874.4 8823.93 8794.62 8771.85 8684.65 8635.96 8577.96 8527.49 8488.84 8462.64 8406.41 8412.58 8380.9 8399.2 8455.65 8413.7 8374.34 8374.6 8386.44 8388.14 8388.6 8359.4 8332.07 8323.35 8326.07 8311.69 8295.39 8293 8261.34 8243.14 8231.01 8249.12 8276.5 8293.27 8315.05 8322.3 8324.89 8337.45 8358.95 8329.54 8317.63 8353.28 8329.44 8382.46 8466.78 8545.28 8575.75 8658.94 8792.3 8870.55 8865.03 8846.47 8878.08 8794.67
8756.22 8775.01 8800.67 8872.19 8989.73 9124.87 9218.26 9229.6 9171.12 9133.76 9177.35 9102.06 8969.27 8874.91 8821.59 8777.18 8750.98 8690.25 8639.77 8575.55 8524.11 8480.08 8438.35 8412.99 8380.02 8344.64 8410.06 8493.33 8466.49 8445.96 8431.12 8418.63 8395.97 8392.21 8343.15 8324.91 8321.74 8308.02 8299.91 8293.91 8280.43 8274.63 8254.01 8258.01 8277.11 8291.23 8302.61 8311.3 8321.31 8338.73 8357.49 8381.81 8341.05 8337.35 8366.32 8336.85 8380.8 8493.43 8627.8 8740 8763.2 8812.35 8826.69 8811.94 8818.24 8830.08 8755.41
8473.21 8514.72 8597.1 8717.08 8879.63 9056.16 9206.83 9214.51 9203.96 9157.67 9071.73 9024.37 8957.34 8882.04 8822.41 8784.98 8751.7 8698.87 8674.05 8588.66 8535.04 8471.89 8443.03 8422.57 8368.74 8337.02 8378.72 8430.51 8431.74 8451.91 8454.43 8446.59 8408.66 8381.18 8351.55 8331.16 8302.03 8309.83 8308.28 8303.93 8284.82 8228.25 8256.22 8287.86 8308.54 8321.65 8320.65 8317.2 8323.73 8348.52 8379.6 8381.95 8366.35 8378.54 8390.98 8360.08 8384.45 8493.75 8648.69 8829.78 8876.98 8832.83 8823.71 8767.73 8750.37 8703.46 8654
8129.84 8187.72 8341.5 8517.11 8700.86 8893.54 9091.46 9127.5 9144.66 9090.78 9019.21 8973.18 8928.95 8872.88 8818.23 8770.8 8741.6 8714.25 8721.08 8693.41 8569.43 8488.06 8456.52 8412.62 8370.18 8330.26 8352.6 8379.33 8433.04 8437.77 8443.86 8481.28 8419.5 8403.32 8380.56 8340.06 8324.02 8322.37 8321.9 8308.08 8285.92 8249.08 8271.35 8296.73 8318.08 8361.34 8337.88 8321.27 8318.48 8362.43 8392.75 8406.53 8411.27 8426.87 8425.73 8391.78 8372.07 8452.34 8559.43 8640.62 8726.06 8764.06 8785.2 8742.46 8703.24 8644.62 8571.29
7876 7987.73 8139.37 8311.81 8497.38 8670.9 8808.49 8908.95 9026.32 9032.86 9002.07 8965.57 8915.42 8865.01 8814.32 8763.62 8743.48 8726.44 8720.84 8675.09 8589.85 8507.6 8465.03 8443.24 8387.87 8355.73 8363 8381.79 8411.36 8429.92 8451.85 8522.08 8466.63 8450.11 8424.42 8373.77 8362.38 8367.5 8351.94 8327.47 8289.98 8282.74 8315.06 8337.75 8334.74 8326.9 8336.13 8331.64 8343.88 8391.48 8453.22 8442.61 8427.11 8435.56 8427.2 8386.01 8359.32 8401.92 8447.55 8491.32 8565.86 8605.25 8695.51 8745.06 8624.7 8504.3 8435.74
7862.28 7885.26 7977.29 8134.43 8293.69 8435.2 8546.65 8666.8 8794.19 8904.91 8990.91 8983.94 8924.4 8877.44 8819.85 8769.26 8762.36 8742.53 8731.2 8698.24 8632.06 8540.16 8482.62 8444.51 8410.93 8399.19 8399.11 8389.48 8395.11 8427.72 8467.84 8521.04 8513.88 8496.71 8494.05 8388.45 8421.94 8420.35 8389.13 8354.98 8317.65 8318.15 8359.42 8392.74 8366.01 8346.27 8347.98 8343.63 8343.57 8399.75 8468.17 8425.14 8406.79 8428.89 8412.69 8367.13 8379.15 8383.82 8371.47 8326.39 8326.24 8391.12 8410.64 8481.95 8450.24 8381.23 8344.12
7813.26 7796.2 7842.45 7989.54 8132.85 8254.86 8351.89 8466.99 8620.63 8847.48 8996.16 9020.04 8989.93 8910.14 8830.37 8773.77 8763.26 8767.33 8760.66 8735.12 8702.12 8643.18 8510.9 8468.26 8440.14 8456.3 8448.55 8408.17 8388.34 8444.06 8517.95 8529.8 8518.59 8499.26 8488.65 8418.67 8493.84 8479.35 8438.05 8394.14 8356.4 8358.83 8393.34 8426.16 8384.96 8380.69 8373.26 8362.33 8359.85 8392.76 8426.63 8424.09 8411.66 8420.45 8405.41 8375.87 8402.74 8393.65 8352.78 8300.76 8264.96 8282.77 8285.98 8288.97 8301.47 8293.01 8279.81
7773 7761.89 7799.41 7908.65 8023.89 8129.44 8223.36 8334.04 8502.89 8821.89 9047.69 9009.98 8973.87 8922.77 8849.14 8786.88 8759.82 8792.23 8816.24 8764.11 8666.37 8593.19 8518.35 8499.17 8480.7 8497.56 8485.76 8429.16 8389.8 8403.16 8381.79 8373.09 8435.9 8506.75 8542.76 8452.53 8526.93 8527.04 8478.65 8427.99 8391.97 8398.64 8431.69 8434.67 8373.84 8392.29 8392.87 8379.43 8381.45 8391.21 8413.6 8428.34 8413.64 8428.83 8413.18 8396.9 8428.03 8414.53 8370 8322.31 8288.74 8282.27 8270.73 8250.62 8262.53 8272.49 8292.11
7735.34 7745.89 7814.15 7876.79 7959.75 8048.31 8129.24 8220.03 8402.28 8664.64 8865.85 8945.33 8947.92 8924.01 8872.07 8817.93 8744.7 8779.83 8861.67 8791.7 8668.3 8579.5 8528.76 8522.7 8510.21 8510 8484.6 8435.09 8401.42 8409.07 8403.3 8412.85 8438.77 8528 8619.08 8511.49 8572.85 8556.82 8502.98 8449.24 8406.87 8390.17 8431.07 8421.85 8379.67 8380.78 8389.39 8377.59 8369.12 8373.19 8392.49 8425.84 8403.01 8416.99 8419.9 8423.28 8434.73 8420.26 8386.61 8348.59 8315.34 8310.61 8295.07 8275.28 8285.36 8291.04 8308.15
7683.95 7702.68 7748.13 7814.54 7901.69 7993.52 8075.56 8170.69 8343.83 8572.87 8768.07 8921.63 8982.54 8950.95 8882.42 8804.06 8736.74 8745.99 8776.86 8802.34 8815.07 8661.93 8549.06 8531.68 8544.46 8502.83 8462 8444.55 8442.21 8460.3 8465.63 8458.24 8487.86 8587.35 8702.67 8572.4 8580.97 8559.17 8512.19 8462.35 8417.03 8394.61 8378.83 8397.26 8425.55 8413.62 8395.72 8370.93 8344.42 8336.88 8369.9 8420.66 8391.79 8405.33 8419.22 8446.22 8459.23 8433.93 8393.3 8368.09 8347.8 8281.81 8279.84 8311.69 8313.3 8315.62 8329
7735.23 7770.8 7721.37 7782.7 7868.61 7955.73 8047.69 8146.97 8288.86 8479.48 8697.76 8931.23 9011.64 8956.76 8871.97 8785.72 8738.74 8733.57 8740.31 8779.94 8786.99 8696.23 8574.42 8564.76 8542.53 8510.29 8467.09 8473.17 8487.74 8501.29 8515.04 8527.07 8547.06 8709.26 8736.08 8635.16 8586.21 8551.54 8506.28 8470.11 8436.31 8406.94 8403.37 8415.15 8435.49 8425.53 8395.99 8364.36 8336.66 8320.73 8351.77 8380.1 8369.83 8374.31 8395.91 8434.34 8447.78 8396.33 8390.11 8387.37 8377.18 8353.7 8326.14 8322.84 8326.36 8338.55 8361.73
7730.22 7687.12 7718.24 7775.46 7841.91 7904.33 7989.61 8092.37 8246.32 8412.9 8623.61 8911.6 8992.37 8936.62 8858.84 8768.21 8743.28 8756.04 8761.92 8760.34 8761.4 8685.18 8629.09 8657.91 8626.86 8542.58 8493.2 8506.6 8519.08 8511.83 8512.85 8468.56 8565.63 8705.26 8689.3 8662.43 8579.42 8522.91 8493.8 8472.95 8451.1 8415.88 8417.55 8432.94 8445.6 8413.24 8380.46 8367.03 8348.01 8345.69 8322.25 8332.89 8324.8 8335.78 8353.81 8358.78 8334.45 8355.87 8394.31 8406.68 8402.02 8377.68 8371.17 8363.61 8352.52 8361.82 8377.52
7719.38 7673.03 7736.59 7799.98 7810.66 7829.82 7879.35 7984.27 8204.34 8425.73 8633.14 8824.79 8916.34 8892.49 8815.99 8749.15 8747.16 8777.27 8765.4 8756.1 8696.26 8649.4 8625.19 8618.38 8616.79 8567.66 8521.66 8533.45 8541.43 8529.54 8472.54 8440.76 8560.05 8673.55 8607.05 8604.69 8547.83 8498.38 8475.46 8471.8 8459.34 8433.68 8424.94 8438.01 8437.33 8424.78 8408.81 8384.37 8360.63 8337.29 8326.14 8324.96 8312.42 8318.07 8331.35 8328.27 8343.01 8411.77 8430.19 8440.62 8448.78 8462.37 8414.89 8399.89 8384.86 8381.23 8384.49
7692.62 7717.53 7779.28 7791.72 7754.03 7735.55 7737.57 7814.34 8135.93 8485.45 8616.35 8789.54 8858.45 8864.3 8813.2 8750.65 8768.31 8748.27 8773.54 8796.98 8724.09 8622.11 8602.86 8614.56 8612.36 8575.93 8556.45 8559.12 8555.93 8547.83 8483.34 8422.46 8519.12 8607.99 8586.52 8552.7 8495.37 8431.41 8441.65 8463.18 8474.72 8469.29 8485.99 8461.39 8448.55 8445.99 8431.18 8413.33 8383.02 8349.09 8341.51 8349.89 8316.27 8325.47 8345.21 8360.69 8371.84 8435.08 8453.79 8470.72 8481.54 8462.64 8424.54 8395.77 8403.88 8410.95 8402.3
7712.73 7783.5 7763.4 7709.8 7685.47 7651.13 7618.47 7656.71 7987.94 8333.16 8495.56 8667.36 8780.92 8857.85 8864.74 8772.03 8767.46 8734.27 8766.26 8772.08 8699.63 8624.2 8567.01 8564.97 8561.82 8557.72 8559.19 8565.16 8537.21 8492.27 8468.73 8407.13 8462.42 8506.63 8560.95 8523.99 8457.63 8407.71 8411.51 8417.79 8447.93 8498.6 8490.71 8490 8494.23 8502.09 8484.8 8474.82 8426.16 8378.52 8366.75 8343.86 8333.57 8352.23 8383 8412.26 8456.27 8447.08 8479.54 8513.49 8523.77 8468.6 8425.06 8424.1 8432.47 8431.7 8429.66
7721.79 7771.63 7698.32 7674.28 7644.96 7610.46 7589.9 7637.91 7834.01 8107.05 8301.22 8486.22 8668.59 8812.61 8899.13 8772.27 8738.62 8741.75 8755.02 8759.78 8680.57 8583.13 8547.16 8532.62 8534.45 8533.6 8519.48 8508.57 8500.37 8491.33 8463.61 8412.11 8412.39 8423.28 8510.85 8485.41 8424.46 8401.86 8387.4 8409.15 8424.84 8477.68 8501.57 8533.23 8560.03 8582.21 8593.08 8548.77 8484.66 8433.32 8423.96 8419.33 8388.01 8407.31 8435.96 8462.35 8473.53 8479.56 8508.4 8547.15 8591.24 8533.58 8455.44 8454.28 8454.13 8453.08 8459.89
7673.75 7676.94 7650.55 7656.71 7622.51 7602.19 7612.93 7693.61 7847.15 8016.36 8259.73 8402.95 8555.15 8698.81 8796.69 8833.6 8751.39 8736.87 8733.21 8700.24 8630.88 8545.89 8540.87 8546.9 8544.78 8527.58 8502.46 8483.29 8469.56 8453.58 8460.42 8458.58 8420.81 8448.98 8460.93 8442.39 8386.18 8322.79 8338.8 8402.8 8421.76 8433.36 8510.59 8641.03 8648.31 8650.81 8652.43 8622.47 8565.77 8488 8472.02 8465.82 8460.43 8477.49 8495.07 8509.85 8521.35 8524.53 8533.78 8555.65 8578.63 8550.57 8493.28 8489.76 8491.83 8495.84 8490.33
7623.19 7620.14 7595.01 7586.69 7578.17 7573.86 7614.22 7714.84 7842.72 7982.41 8141.71 8273.92 8434.7 8586.75 8694.8 8781.98 8732.93 8756.73 8696.73 8641.03 8587.04 8556.72 8562.89 8576.23 8568.39 8527.35 8487.94 8464.48 8456.56 8442.7 8480.29 8467.18 8451.52 8466.57 8476.09 8425.19 8365.57 8297.19 8290.15 8314.78 8307.8 8331.2 8382.74 8521.84 8632.42 8694.42 8739.45 8730.94 8662.31 8595.1 8537.14 8519.28 8578.57 8554.65 8558.47 8566.11 8577.38 8571.44 8563.29 8555.95 8533.57 8548.09 8537.49 8527.23 8520.97 8514.38 8520.89
