real_craters/C204-500m.grd
DSAA
534 534
-133.2625 133.2625
-133.2625 133.2625
8063.7231009393 11422.299673091
[rows 180 to 209 of 534, columns 0 to 66 of 534]
9283.86 9270.03 9264.3 9261.69 9259.7 9258.62 9257 9253.98 9250.29 9247.32 9243.49 9239.87 9243.17 9249.72 9254.21 9255.94 9257 9256.84 9266.55 9278.31 9281.7 9290.57 9297.14 9303.62 9307.92 9298.58 9288.82 9285.63 9284.15 9281.49 9278.6 9276.48 9272.13 9267.72 9262.83 9258.39 9254.59 9250.97 9248.29 9246.47 9244.87 9244.49 9241.93 9239.99 9238.06 9236.97 9237.69 9235.03 9231.73 9226.34 9220.63 9216.02 9211.91 9208.18 9213.1 9218.22 9219.28 9218.32 9217.14 9213.29 9214.67 9216.54 9213.92 9208.29 9202.48 9198.74 9195.92
9279.71 9268.31 9262.06 9258.49 9260.84 9260.54 9257.83 9256.99 9254.4 9252.74 9252.3 9248.14 9242.97 9246.16 9250.49 9258.16 9260.06 9265.31 9274.16 9293.11 9302.27 9305.73 9308.18 9312 9313.59 9309.07 9302.2 9295.02 9292.99 9292.55 9290.65 9284.6 9278.6 9272.89 9266.63 9261.1 9256.63 9253.08 9249.64 9246.77 9244.91 9244.11 9241.94 9239.92 9238.13 9237.48 9239.91 9239.4 9238.89 9235.83 9225.3 9216.13 9207.87 9204.01 9206.27 9215.07 9221.7 9219.98 9217.69 9215.66 9216.07 9218.43 9216.27 9211.33 9206.95 9204.69 9198.51
9279.43 9266.16 9264.74 9263.89 9263.19 9259.99 9257.06 9256.74 9256.66 9256.92 9257.57 9255.68 9251.44 9246.26 9243.73 9252.3 9260.75 9270.91 9282.58 9306.54 9318.35 9314.04 9313.57 9315.9 9318.1 9315.96 9305.94 9301.75 9300 9299.43 9296.82 9290.22 9283.33 9276.58 9270.4 9264.09 9258.02 9253.43 9249.12 9246 9244.06 9243.48 9241.43 9239.35 9237.73 9238.04 9239.23 9239.91 9239.96 9235.52 9225.16 9214.72 9207.22 9202.39 9201.83 9204.69 9218.75 9219.92 9218.13 9216.9 9217.68 9218.21 9216.6 9212.89 9208.69 9203.54 9199.5
9284.36 9270.43 9270 9269.41 9267.51 9264.35 9259.03 9257.69 9258.58 9258.94 9258.73 9257.41 9255.29 9248.13 9239.89 9246.39 9261.64 9274.72 9289.88 9308.17 9315.66 9312.26 9313.91 9317.51 9318.32 9313.28 9310.33 9305.84 9305.13 9303.77 9300.69 9292.33 9286.31 9280.84 9273.81 9266.89 9259.36 9251.89 9245.94 9244.74 9243.25 9242.78 9239.97 9237.82 9236.61 9235.4 9236.38 9237.55 9236.91 9231.58 9221.43 9209.87 9199.79 9197.29 9197.81 9201.34 9212.77 9218.9 9222.13 9219.37 9217.09 9217.08 9215.76 9214.52 9211.96 9208.96 9204.56
9298.06 9287.39 9283.9 9284.84 9283.21 9273.78 9265.73 9261.96 9261.03 9261.14 9260.41 9258.62 9258.3 9253.74 9252.83 9255.75 9267.29 9280.84 9302.29 9305.16 9291.74 9300.87 9312.03 9320.59 9324.14 9318.43 9307.95 9312.29 9313.87 9308.55 9300.8 9295.37 9290.45 9284.37 9275.71 9269.21 9261.25 9252.38 9246.19 9244.18 9243.2 9243.1 9240.2 9237.78 9236.22 9233.64 9234.29 9234.35 9232.03 9226.13 9216.63 9205.49 9188.55 9191.94 9195.01 9195.81 9206.31 9216.11 9227.25 9226.45 9221.69 9221.01 9218.94 9218.41 9217.1 9215.36 9212.19
9331.78 9320.53 9322.59 9311.7 9302.26 9283.23 9272.09 9266.87 9264.93 9264.1 9264.17 9263.83 9260.81 9258.34 9258.15 9257.15 9277.04 9299.34 9314.27 9286.94 9272.8 9292.26 9310.95 9327.61 9341.61 9347.66 9337.83 9336.79 9329.45 9317.04 9305.66 9305.42 9303.91 9297.77 9288.51 9273.7 9263.46 9253.03 9246.44 9244.32 9243.74 9243.37 9243.9 9242.06 9237.7 9235.38 9234.01 9232.36 9229.16 9222.57 9212.43 9198.48 9183.16 9187.87 9192.94 9195.7 9200.18 9210.06 9220.65 9230.63 9234.69 9230.5 9225.65 9224.68 9222.98 9221.12 9218.01
9379.9 9384.56 9387.77 9353.43 9318.29 9290.89 9279.16 9272.27 9268.4 9266.84 9267.38 9267.04 9264.34 9264.39 9265.68 9276.5 9291.5 9309.46 9313.81 9283.28 9278.23 9295.89 9311.95 9329.61 9360.26 9390.3 9403.55 9372.15 9340.57 9327.74 9317.04 9318.85 9319.13 9311.43 9299.09 9284.55 9267.4 9255.8 9246.58 9244.75 9244.11 9246.27 9245.85 9243.78 9238.71 9236.5 9234.08 9231.42 9228.01 9222.21 9213.12 9198.71 9187.82 9193.25 9193.78 9194.94 9197.67 9204.55 9212.97 9232.05 9246 9240.86 9235.59 9233.56 9229.03 9222.64 9217.27
9414.23 9424.06 9422.19 9366.89 9321.65 9294.3 9284 9277.49 9272.06 9268.2 9269.58 9276.91 9277.12 9281.02 9285.88 9292.64 9301.76 9310.95 9308.91 9298.99 9307.26 9313.51 9315.22 9315.1 9311.28 9292.16 9306.22 9330.32 9331.11 9338.22 9339.82 9343.97 9339.11 9326.21 9310.03 9292.65 9276.15 9260.81 9249.89 9245.33 9244.54 9245.47 9246.06 9243.75 9239.4 9236.96 9234.24 9231 9227.74 9224.31 9219.84 9210.88 9199.68 9198.36 9195.77 9195.12 9198.47 9202.39 9214.88 9228.31 9241.3 9248.81 9249.94 9245.31 9236.56 9226.79 9219.43
9426.41 9406.87 9382.08 9341.43 9314.52 9300.4 9293.95 9282.16 9275.81 9271.25 9270.3 9285.03 9294.51 9303.66 9306.75 9305.3 9309.78 9315.34 9310.68 9314.05 9340.7 9332.76 9319.28 9301.12 9273.45 9249.42 9250.64 9272.89 9315.74 9350.01 9380.09 9379.62 9360.26 9339.88 9319.71 9299.64 9280.46 9264.42 9252.16 9246.49 9244.55 9244.92 9246.34 9243.79 9239.9 9237.97 9235.05 9231.48 9228.2 9226.58 9224.79 9217.67 9207.3 9202.44 9198.61 9197.17 9196.13 9200.49 9208.81 9226.1 9243.13 9256.08 9264.72 9256.77 9243.44 9230.29 9220.3
9440.09 9410.01 9375.15 9343.25 9314.87 9301.34 9289.1 9283.9 9282.41 9283.2 9286.31 9296.99 9312.56 9328.88 9322.67 9316.71 9318.38 9319.56 9318.27 9325.79 9346.47 9342.85 9324.95 9300.97 9273.78 9258.05 9259.52 9269.45 9310.01 9355.66 9400.38 9400.87 9374.46 9349.24 9326.21 9305.89 9286.22 9269.42 9253.7 9247.85 9245.77 9245.41 9246.75 9243.81 9240.55 9239.64 9236.62 9233.32 9230.44 9228.16 9225.21 9219.06 9211.35 9206.9 9205.05 9202.28 9200.9 9200.98 9208.57 9224.17 9239.93 9256.35 9270.32 9261.87 9247.23 9232.97 9221.6
9470.09 9444.71 9411.12 9372.7 9341.1 9315.36 9294.78 9290.46 9293.15 9297.04 9298.4 9307.9 9320.79 9300.52 9310.14 9321.81 9329.02 9329.26 9321.04 9328.01 9350.36 9353.17 9335 9309.81 9281.01 9261.32 9265.07 9271.51 9306.71 9348.56 9385.06 9392.21 9374.77 9352.98 9331.7 9310.67 9291.11 9273.04 9257.58 9251.37 9248.43 9246.6 9247.79 9245.24 9243.8 9241.6 9238.67 9235.15 9232.3 9229.55 9225.88 9221.74 9214.93 9211.31 9210.28 9206.76 9203.9 9203.57 9210.71 9223.55 9235.19 9251.55 9262.09 9258.78 9247.15 9234.97 9224.31
9514.22 9496.19 9452.74 9412.79 9378.99 9346.28 9316.96 9308.09 9310.29 9311.64 9312.19 9321.69 9301.78 9273.79 9300.82 9329.38 9342.1 9339.54 9327.43 9323.78 9355.69 9366.25 9346.62 9318.6 9289.7 9268.01 9269.82 9273.37 9302.75 9335 9360.87 9367.61 9357.73 9342.49 9325.24 9309.21 9292.24 9276.61 9265.24 9257.1 9251.63 9248.51 9248.84 9247.48 9244.8 9243.66 9241.27 9238.26 9234.93 9231.7 9228.53 9226.11 9219.43 9215.36 9213.47 9210.54 9208.54 9209.15 9215.98 9227.74 9240.45 9251.1 9257.05 9253.24 9244.07 9235.35 9229.54
9561.3 9525.36 9485.13 9468.95 9442.8 9406.73 9356.45 9334.94 9331.47 9339.49 9334.76 9333.02 9315.44 9301.14 9318.87 9343.55 9352.47 9338.9 9330.07 9320.34 9355.18 9377.79 9357.48 9329.48 9301.61 9281.14 9280.75 9283.18 9304.26 9325.64 9337.38 9338.64 9336.76 9327.87 9315.56 9304.42 9290.32 9277.74 9265.97 9258.14 9252.91 9248.98 9248.58 9247.74 9247.26 9245.98 9244.04 9241.47 9237.74 9233.94 9230.14 9226.24 9225.02 9219.63 9215.91 9214.14 9212.53 9213.32 9220.81 9232.15 9245.48 9249.75 9247.24 9243.67 9239.08 9233.31 9228.3
9614.86 9572.76 9542.82 9520.54 9480.26 9425.89 9386.78 9363 9351.89 9342.95 9343.1 9343.09 9338.3 9336.95 9338.65 9348.84 9347.82 9331.64 9325.28 9321.26 9353.28 9379 9365.13 9345.83 9321.52 9294.08 9287.78 9293.86 9318 9328.26 9328.45 9325.25 9323.21 9318.73 9310.24 9299.14 9286.1 9274.98 9264.92 9257.49 9252.85 9249.16 9247.02 9247.97 9248.77 9247.74 9246.02 9243.82 9239.75 9235.76 9231.43 9228.15 9225.62 9222.95 9220.36 9218.75 9217.45 9218.77 9225.05 9233.44 9240.03 9241.64 9239.24 9236.66 9235.65 9233.36 9228.25
9676.24 9628.39 9591.84 9560.79 9492.96 9447.08 9418.23 9396.93 9382.41 9370.79 9368.72 9370.97 9367.95 9357.92 9356.66 9354.33 9345.12 9338.31 9338.01 9334.01 9341.36 9362.1 9369.06 9365.57 9355.75 9336.26 9332.85 9354.07 9356.47 9342.65 9330.05 9320.53 9317.42 9312.87 9305.96 9297 9286.61 9276.36 9266.12 9259.25 9253.55 9249.61 9247.15 9247.3 9249.68 9248.85 9247.4 9244.79 9240.99 9237.5 9233.84 9229.87 9227.9 9225.94 9225.18 9224.3 9223.37 9224.07 9229.94 9236.31 9239.68 9240.01 9237.01 9233.96 9236.48 9238.11 9241.91
9748.38 9696.83 9647.36 9603.78 9528.6 9485.64 9459.76 9441.83 9429.2 9414.93 9408 9411.04 9409.81 9387.06 9379.26 9368.82 9357.93 9353.92 9353.34 9348.79 9345.86 9359.6 9376.92 9389.5 9402.48 9424.96 9439.34 9440 9385.94 9353.3 9334.41 9323.47 9316.34 9311.94 9305.38 9297.68 9288.65 9278.4 9268.35 9261.78 9255.01 9250.28 9248.02 9248.08 9249.86 9249.46 9248.35 9245.85 9241.8 9237.14 9234.66 9232.34 9232.04 9232.63 9233.06 9231.73 9229.53 9231.94 9236.67 9243.15 9248.79 9250.28 9244.33 9240.12 9242.86 9243.82 9243.2
9819.18 9758.64 9695.27 9623.07 9563.31 9534.98 9512.64 9496.8 9489.2 9474.06 9454.44 9440.11 9429.84 9427.95 9409.3 9390.85 9375.12 9373.41 9372.93 9369.13 9362.11 9373.26 9392.92 9411.36 9431.65 9457.95 9436.38 9379.87 9364.79 9350.34 9334.89 9321.89 9318.42 9314.9 9309.13 9300.57 9291.96 9281.06 9272.59 9263.36 9257.16 9252.75 9251.04 9251.43 9250.75 9250.44 9249.34 9247.35 9244.09 9239.96 9239.06 9236.57 9239.17 9246.29 9244.32 9241.61 9237.82 9237.84 9244.38 9251.59 9258.47 9262.12 9258.76 9256.62 9256.17 9253.06 9247.94
9827.69 9775.32 9704.97 9653.84 9620.75 9592.46 9570.24 9552.1 9540.86 9526.7 9501.83 9475.47 9457.01 9452.65 9440.58 9422.49 9405.56 9401.07 9395.8 9387.93 9389.73 9397.66 9416.36 9428.54 9436.97 9434.84 9402.79 9364.1 9352.83 9346.44 9338.08 9330.77 9326.1 9321.15 9317.81 9310.46 9300.14 9289.91 9279.67 9268.63 9262.44 9257.63 9255.52 9256.27 9253.81 9253.59 9252.33 9251.15 9249.07 9246.53 9245 9242.99 9248.33 9254.5 9254.75 9253.03 9252.14 9247.87 9254.96 9260.68 9265.11 9268.58 9273.19 9278.49 9272.34 9266.33 9259.87
9836.93 9788.94 9731.32 9697.63 9679.67 9655.61 9632.93 9608.71 9591.5 9572.5 9548.26 9519 9495.48 9488.54 9474.48 9460.98 9450.38 9437.31 9432.23 9435.07 9438.29 9444.54 9447.86 9446.44 9437.96 9419.78 9391.04 9368.76 9354.48 9348.14 9345.29 9344.46 9339.93 9336.01 9330.78 9324.2 9314.99 9304.68 9292.71 9283.51 9271.87 9264.92 9262.59 9263.83 9261.4 9259.53 9258.76 9257.61 9256.17 9256.03 9257.59 9251.51 9258.1 9265.14 9263.77 9262.96 9264.73 9269.78 9269.76 9270.9 9272.54 9274.98 9282.27 9287.52 9286.08 9282.41 9279.47
9864.83 9822.57 9778.55 9746.79 9729.99 9719.18 9709.62 9689.27 9659.35 9634.79 9603.94 9574.76 9556.73 9534.55 9514.07 9497.55 9483.69 9476.61 9472.56 9475.91 9487.73 9496.25 9482.05 9465.42 9448.08 9423.74 9398.69 9376.38 9357.24 9355.94 9356.74 9356.66 9355.57 9354.78 9351.24 9344.37 9334.8 9323.19 9307.31 9290.62 9282.56 9276.44 9271.94 9272.94 9270.24 9268.1 9266.66 9266.1 9265.8 9266.21 9265.2 9260.87 9265.72 9270.2 9270.27 9269.94 9272.6 9282.03 9281.96 9281.22 9281.93 9283.42 9291.36 9298.8 9298.9 9298.64 9301.99
9909.46 9871.74 9831.48 9795.22 9781.02 9787.72 9795.35 9786.74 9728.07 9693.9 9661.23 9636.41 9632.92 9603.2 9566.56 9535.38 9523.93 9520.63 9512.69 9511.47 9519.8 9521.75 9503.93 9483.95 9461.22 9436.65 9408.08 9380.94 9368.35 9370.04 9373.53 9374.84 9377.32 9377.08 9374.12 9368.46 9359.17 9346.34 9330.01 9311.9 9304.7 9298.23 9287.83 9291.2 9287.04 9282.94 9279.88 9277.16 9275.35 9273.4 9270.53 9269.48 9273.7 9276.38 9276.34 9275.9 9278.99 9285.25 9288.68 9290.62 9292.97 9295.48 9300.68 9306.5 9309.58 9313.35 9318
9974.42 9936.87 9894.37 9857.28 9848.72 9859.8 9870.88 9868.98 9791.83 9746.29 9710.24 9685.51 9684.93 9652.34 9608.97 9575 9560.52 9554.27 9552.34 9558.06 9555.51 9534.19 9519.45 9501.15 9479.61 9455.94 9431.1 9403.95 9389.07 9389.66 9396.34 9405.57 9407.79 9402.76 9399.9 9396.16 9389.88 9379.63 9365.37 9349.21 9345.62 9343.61 9332.85 9336.48 9322.92 9308.35 9297.12 9293.14 9288.69 9283.83 9282.59 9284.79 9285.85 9288.22 9287 9282.94 9284.03 9291.14 9297.23 9302.12 9306.25 9310.42 9310.55 9310.54 9319.87 9333.12 9341.91
10049.9 10014.9 9960.93 9923.67 9924.41 9932.31 9925.81 9904.91 9841.65 9789.91 9747.12 9712.82 9680.05 9644.44 9611.22 9594.51 9580.03 9574.92 9584.93 9600.26 9591.96 9565.56 9542.39 9523.1 9501.84 9478.68 9454.04 9428.48 9412.27 9414.04 9420.17 9425.23 9427.12 9428.1 9427.99 9427.99 9424.83 9419.96 9412.13 9403.93 9405.51 9413.32 9418.22 9410.41 9395.3 9354.93 9328.12 9319.32 9310.05 9303.58 9303.71 9305.57 9306.92 9310.8 9308.06 9301.06 9300.24 9305.85 9313.09 9320.91 9325.35 9325.86 9327.05 9327.15 9342.87 9368.26 9383.38
10113.8 10063.9 10010.6 9977.68 9988.69 9992.63 9964.78 9926.33 9876.61 9826.73 9779.72 9734.61 9698.81 9661.81 9632.25 9613.64 9601.21 9598.03 9609.52 9617.05 9613.91 9593.74 9568.19 9548.63 9529.01 9506.98 9480.57 9461.21 9444.52 9448.46 9451.04 9449.49 9448.96 9457.56 9461.41 9463.7 9465.55 9466.34 9465.9 9467.57 9475.92 9489.32 9502.53 9486.3 9460.22 9406.95 9373.83 9362.02 9350.22 9347.61 9350.25 9352.69 9352.02 9350.91 9343.39 9333.06 9332.18 9336.39 9343.59 9352.78 9357.65 9358.45 9363.78 9371.19 9394.11 9429.42 9449.25
10161.7 10108.8 10066.3 10036.8 10047.4 10045.7 9996.38 9939.19 9899.37 9864.73 9821.05 9773.37 9733.82 9696.11 9669.69 9657.13 9642.06 9635.17 9641.39 9642.61 9637.47 9616.2 9591.95 9577.14 9563.5 9546.86 9523.72 9510.64 9500.96 9493.64 9491.06 9491.04 9493.87 9497.63 9500.77 9505.75 9511.57 9517.06 9525.03 9533.18 9548.18 9567.34 9578.15 9545.59 9504.32 9444.43 9424.66 9423.96 9418.79 9417.57 9407.27 9414.94 9419.18 9407.32 9394 9380.31 9380.49 9383.96 9390.54 9401.92 9408.83 9410.91 9426.96 9457.08 9489.67 9519.97 9538.63
10187.2 10148.3 10109.4 10078.2 10079.9 10068.8 10031.8 9980.89 9952.96 9925.14 9883.61 9836.13 9790.75 9748.07 9718.76 9710.97 9699.44 9690.29 9686.39 9681.59 9671.05 9645.47 9618.78 9611.74 9605 9598.88 9593.74 9581.6 9560.41 9541.41 9534.46 9535.08 9540.22 9539.99 9543.27 9548.38 9557.38 9569.05 9582 9597.13 9617.09 9645.05 9633.68 9582.49 9527.36 9473.03 9483.69 9502.42 9511.17 9499.97 9471.69 9477.91 9480.51 9467.71 9456.23 9446.51 9448.16 9450.15 9455.65 9470.21 9480.1 9488.77 9515.27 9566.81 9610.98 9624.02 9637.64
10192.4 10165.9 10140.8 10123.2 10111.7 10096.7 10082.2 10060.1 10034.5 10008.2 9967.09 9919.55 9871.43 9823.05 9787.91 9776.55 9765.23 9750.64 9741.06 9726.2 9709.26 9682.38 9656.44 9649.4 9646.47 9647.28 9657.06 9645.72 9603.08 9581.57 9574.65 9573.14 9574.12 9578.39 9583.22 9590.12 9600.13 9613.33 9630.96 9651.79 9666.1 9664.85 9640.54 9601.14 9566.12 9539.69 9556.21 9587.24 9592.41 9562.65 9532.54 9528.23 9528.24 9525.32 9524.33 9526.23 9529.78 9535.7 9543.89 9556.65 9565.99 9578.31 9607.63 9660.6 9706.95 9714.05 9725.09
10184.9 10185.3 10182.8 10170.9 10147.7 10117.7 10109.5 10121.6 10115.4 10093.9 10069.9 10022.7 9964.3 9908.72 9867.44 9854.55 9844.75 9828.74 9808.42 9781.85 9754.74 9728.39 9701.27 9691.02 9685.23 9680.73 9674.33 9657.22 9632.53 9617.22 9610.89 9609.83 9611.39 9615.2 9619.22 9625.72 9635.54 9650.17 9668 9687.41 9687.02 9636.67 9618.48 9609.07 9600.69 9599.55 9620.64 9652.92 9640.69 9602.72 9581.81 9567.35 9570.32 9579.79 9591.26 9601.77 9613.75 9629.32 9649.66 9650.94 9656.41 9668.76 9693.76 9732.08 9762.81 9780.9 9792.8
10152.4 10163 10203.8 10222.6 10179.9 10128.2 10099.5 10111.2 10147.3 10136.1 10161.8 10111.3 10055 10007.7 9960.43 9946.21 9937.57 9919.08 9889.49 9847.13 9807.68 9775.49 9748.08 9735.68 9724.62 9710.78 9688.35 9658.35 9648.88 9647.89 9643.7 9645.33 9650.38 9651.28 9650.77 9656.58 9665.52 9675.69 9689.63 9702.79 9696.93 9616.71 9611.02 9617.92 9627.54 9637.66 9661.07 9686.89 9666.57 9627.83 9605.77 9596 9611.47 9633.2 9657.09 9676.53 9692.46 9711.77 9729.46 9736.41 9741.18 9751.32 9771.36 9794.74 9820.84 9835.89 9848.03
10096.3 10130 10204.3 10208.4 10180.2 10152.3 10116.7 10088.2 10072.2 10098 10124.3 10123.6 10117.7 10111.7 10066.8 10045.5 10035.8 10026.7 9982.11 9919.97 9867.99 9832.5 9801.47 9786.27 9771.1 9750.23 9723.7 9691.56 9671.41 9670.77 9670.19 9672.88 9679.44 9675.73 9675.42 9682.15 9690.58 9698.85 9703.51 9697.44 9667.96 9624.6 9626.33 9635.12 9641.57 9657.45 9682.13 9699.53 9683.39 9649.68 9633.55 9634.53 9659.56 9687.56 9715.01 9740.35 9763.41 9786.37 9806.17 9815.24 9817.66 9822.1 9828.6 9850.73 9866.57 9884.48 9897.65
