real_craters/C204-750m.grd
DSAA
356 356
-133.2625 133.2625
-133.2625 133.2625
8063.431130688 11417.042905343
[rows 150 to 179 of 356, columns 204 to 271 of 356]
8956 9058 9155 9252 9428 9353 9276 9336 9487 9653 9867 1.016e+004 1.021e+004 1.024e+004 1.032e+004 1.039e+004 1.045e+004 1.05e+004 1.056e+004 1.058e+004 1.05e+004 1.039e+004 1.033e+004 1.029e+004 1.026e+004 1.025e+004 1.024e+004 1.023e+004 1.021e+004 1.022e+004 1.024e+004 1.025e+004 1.02e+004 1.013e+004 1.012e+004 1.01e+004 1.008e+004 1.006e+004 1.005e+004 1.005e+004 1.005e+004 1.004e+004 1.003e+004 1.002e+004 1.002e+004 1.002e+004 1e+004 1.001e+004 1.002e+004 1.003e+004 1.002e+004 1.002e+004 1.003e+004 1.003e+004 1.003e+004 1.002e+004 1.001e+004 9997 9977 9952 9932 9932 9935 9932 9919 9926 9938 9949
8915 8983 9058 9114 9161 9180 9168 9251 9350 9450 9560 9848 9991 1.007e+004 1.015e+004 1.029e+004 1.042e+004 1.053e+004 1.058e+004 1.064e+004 1.059e+004 1.047e+004 1.04e+004 1.035e+004 1.031e+004 1.029e+004 1.026e+004 1.024e+004 1.021e+004 1.022e+004 1.025e+004 1.028e+004 1.023e+004 1.017e+004 1.016e+004 1.012e+004 1.008e+004 1.005e+004 1.006e+004 1.006e+004 1.005e+004 1.004e+004 1.003e+004 1.002e+004 1.001e+004 9999 9997 1.001e+004 1.002e+004 1.002e+004 1.002e+004 1.003e+004 1.003e+004 1.003e+004 1.002e+004 1.002e+004 1e+004 9990 9964 9947 9938 9938 9932 9920 9919 9925 9934 9942
8882 8930 8981 9039 9017 9050 9089 9166 9235 9291 9375 9650 9804 9942 1.011e+004 1.026e+004 1.039e+004 1.047e+004 1.054e+004 1.055e+004 1.06e+004 1.052e+004 1.045e+004 1.039e+004 1.035e+004 1.033e+004 1.028e+004 1.025e+004 1.022e+004 1.022e+004 1.022e+004 1.027e+004 1.026e+004 1.023e+004 1.018e+004 1.013e+004 1.009e+004 1.006e+004 1.006e+004 1.005e+004 1.005e+004 1.004e+004 1.003e+004 1.002e+004 1.001e+004 1.001e+004 1e+004 1.003e+004 1.003e+004 1.003e+004 1.003e+004 1.004e+004 1.004e+004 1.003e+004 1.003e+004 1.001e+004 9993 9979 9964 9950 9946 9941 9930 9922 9921 9924 9930 9929
8827 8853 8884 8914 8932 8970 9007 9085 9129 9175 9268 9487 9705 9933 1.013e+004 1.029e+004 1.038e+004 1.046e+004 1.044e+004 1.049e+004 1.056e+004 1.052e+004 1.047e+004 1.042e+004 1.037e+004 1.033e+004 1.029e+004 1.025e+004 1.023e+004 1.022e+004 1.023e+004 1.022e+004 1.021e+004 1.02e+004 1.018e+004 1.014e+004 1.011e+004 1.008e+004 1.007e+004 1.006e+004 1.005e+004 1.005e+004 1.004e+004 1.003e+004 1.003e+004 1.003e+004 1.002e+004 1.003e+004 1.005e+004 1.004e+004 1.003e+004 1.004e+004 1.003e+004 1.002e+004 1.004e+004 1.001e+004 9989 9974 9961 9961 9959 9945 9931 9928 9929 9936 9939 9942
8748 8785 8795 8814 8856 8910 8938 8984 9036 9084 9167 9421 9629 9873 1.006e+004 1.02e+004 1.032e+004 1.041e+004 1.039e+004 1.041e+004 1.05e+004 1.049e+004 1.046e+004 1.043e+004 1.039e+004 1.033e+004 1.028e+004 1.026e+004 1.023e+004 1.022e+004 1.023e+004 1.019e+004 1.016e+004 1.017e+004 1.018e+004 1.015e+004 1.012e+004 1.01e+004 1.008e+004 1.007e+004 1.006e+004 1.005e+004 1.004e+004 1.004e+004 1.003e+004 1.003e+004 1.004e+004 1.005e+004 1.005e+004 1.004e+004 1.004e+004 1.004e+004 1.002e+004 1.001e+004 1.002e+004 1.001e+004 1e+004 9987 9977 9944 9954 9949 9944 9929 9938 9947 9954 9955
8697 8711 8734 8762 8799 8868 8873 8921 8964 9010 9074 9195 9462 9771 9947 1.005e+004 1.024e+004 1.032e+004 1.033e+004 1.037e+004 1.041e+004 1.044e+004 1.045e+004 1.044e+004 1.042e+004 1.037e+004 1.03e+004 1.026e+004 1.023e+004 1.022e+004 1.021e+004 1.019e+004 1.017e+004 1.018e+004 1.017e+004 1.017e+004 1.016e+004 1.013e+004 1.009e+004 1.007e+004 1.006e+004 1.005e+004 1.004e+004 1.004e+004 1.004e+004 1.004e+004 1.005e+004 1.005e+004 1.004e+004 1.004e+004 1.004e+004 1.005e+004 1.003e+004 1.003e+004 1.002e+004 1.002e+004 1.001e+004 1e+004 9978 9958 9957 9957 9964 9945 9935 9944 9954 9952
8619 8650 8676 8707 8744 8794 8810 8857 8904 8953 9002 9074 9283 9601 9871 1.009e+004 1.023e+004 1.029e+004 1.027e+004 1.031e+004 1.038e+004 1.04e+004 1.043e+004 1.044e+004 1.046e+004 1.047e+004 1.034e+004 1.025e+004 1.024e+004 1.022e+004 1.02e+004 1.018e+004 1.018e+004 1.018e+004 1.017e+004 1.017e+004 1.017e+004 1.013e+004 1.01e+004 1.007e+004 1.005e+004 1.005e+004 1.005e+004 1.004e+004 1.004e+004 1.004e+004 1.005e+004 1.005e+004 1.003e+004 1.003e+004 1.003e+004 1.002e+004 1.003e+004 1.005e+004 1.002e+004 1.001e+004 1.001e+004 1.001e+004 9995 9971 9965 9966 9961 9952 9940 9943 9947 9945
8558 8601 8632 8666 8701 8726 8746 8790 8850 8905 8950 9008 9169 9478 9776 1.006e+004 1.018e+004 1.028e+004 1.023e+004 1.027e+004 1.035e+004 1.038e+004 1.04e+004 1.042e+004 1.044e+004 1.045e+004 1.031e+004 1.026e+004 1.023e+004 1.024e+004 1.024e+004 1.025e+004 1.02e+004 1.018e+004 1.017e+004 1.017e+004 1.017e+004 1.012e+004 1.01e+004 1.008e+004 1.007e+004 1.006e+004 1.006e+004 1.005e+004 1.005e+004 1.005e+004 1.005e+004 1.004e+004 1.003e+004 1.003e+004 1.002e+004 1.002e+004 1.002e+004 1.002e+004 1.001e+004 1.001e+004 1.001e+004 1.001e+004 9994 9976 9974 9979 9978 9960 9945 9943 9945 9941
8516 8554 8590 8629 8657 8674 8695 8738 8805 8871 8920 8964 9064 9302 9578 9839 1.002e+004 1.008e+004 1.013e+004 1.024e+004 1.032e+004 1.035e+004 1.037e+004 1.037e+004 1.037e+004 1.037e+004 1.028e+004 1.026e+004 1.024e+004 1.025e+004 1.028e+004 1.03e+004 1.02e+004 1.015e+004 1.016e+004 1.017e+004 1.017e+004 1.013e+004 1.01e+004 1.009e+004 1.008e+004 1.007e+004 1.007e+004 1.006e+004 1.006e+004 1.005e+004 1.006e+004 1.004e+004 1.003e+004 1.002e+004 1.002e+004 1.001e+004 1.002e+004 1.001e+004 1.001e+004 1.001e+004 1.001e+004 1e+004 9989 9980 9981 9986 9978 9959 9947 9941 9941 9942
8473 8515 8559 8592 8619 8635 8658 8699 8770 8843 8896 8937 8992 9145 9369 9636 9875 1.004e+004 1.014e+004 1.025e+004 1.029e+004 1.032e+004 1.032e+004 1.032e+004 1.03e+004 1.029e+004 1.026e+004 1.025e+004 1.023e+004 1.024e+004 1.026e+004 1.025e+004 1.017e+004 1.016e+004 1.016e+004 1.017e+004 1.017e+004 1.014e+004 1.012e+004 1.011e+004 1.01e+004 1.009e+004 1.008e+004 1.007e+004 1.007e+004 1.008e+004 1.007e+004 1.005e+004 1.003e+004 1.002e+004 1.002e+004 1.001e+004 1.001e+004 1.002e+004 1.001e+004 1e+004 1.001e+004 1e+004 9996 9992 9985 9983 9973 9962 9950 9939 9942 9942
8441 8479 8526 8554 8579 8593 8617 8666 8741 8818 8877 8927 8983 9075 9245 9515 9798 1.006e+004 1.003e+004 1.016e+004 1.026e+004 1.028e+004 1.029e+004 1.029e+004 1.028e+004 1.027e+004 1.025e+004 1.024e+004 1.022e+004 1.022e+004 1.022e+004 1.022e+004 1.016e+004 1.016e+004 1.016e+004 1.016e+004 1.016e+004 1.013e+004 1.012e+004 1.011e+004 1.011e+004 1.01e+004 1.009e+004 1.008e+004 1.007e+004 1.006e+004 1.004e+004 1.003e+004 1.002e+004 1.002e+004 1.001e+004 1.001e+004 1.002e+004 1.002e+004 1.001e+004 1e+004 1.001e+004 1.001e+004 1e+004 1e+004 9993 9986 9979 9965 9954 9950 9943 9940
8420 8450 8490 8518 8539 8555 8581 8642 8717 8792 8858 8919 8979 9048 9174 9382 9592 9755 9868 1.006e+004 1.018e+004 1.022e+004 1.024e+004 1.026e+004 1.026e+004 1.026e+004 1.025e+004 1.023e+004 1.021e+004 1.021e+004 1.02e+004 1.018e+004 1.017e+004 1.015e+004 1.015e+004 1.015e+004 1.014e+004 1.013e+004 1.012e+004 1.012e+004 1.011e+004 1.01e+004 1.009e+004 1.008e+004 1.006e+004 1.005e+004 1.002e+004 1.002e+004 1.001e+004 1.001e+004 1.001e+004 1.001e+004 1.001e+004 1.002e+004 1.001e+004 9998 1e+004 1.001e+004 1.001e+004 1.001e+004 1e+004 9997 9986 9967 9957 9950 9944 9944
8407 8428 8462 8484 8509 8528 8566 8635 8706 8771 8836 8914 8986 9053 9151 9288 9428 9540 9695 9990 1.009e+004 1.016e+004 1.02e+004 1.024e+004 1.026e+004 1.027e+004 1.026e+004 1.023e+004 1.022e+004 1.021e+004 1.02e+004 1.02e+004 1.018e+004 1.016e+004 1.015e+004 1.015e+004 1.014e+004 1.013e+004 1.013e+004 1.012e+004 1.012e+004 1.011e+004 1.009e+004 1.008e+004 1.006e+004 1.004e+004 1.004e+004 1.002e+004 1.002e+004 1.001e+004 1.001e+004 1.001e+004 1.001e+004 1.002e+004 1.002e+004 1.001e+004 1.001e+004 1e+004 9997 1e+004 1e+004 1e+004 9995 9976 9964 9953 9947 9944
8400 8416 8443 8462 8483 8516 8584 8653 8716 8776 8841 8939 9028 9103 9151 9264 9369 9450 9578 9769 9950 1.007e+004 1.015e+004 1.022e+004 1.026e+004 1.027e+004 1.028e+004 1.024e+004 1.023e+004 1.022e+004 1.021e+004 1.021e+004 1.02e+004 1.017e+004 1.016e+004 1.016e+004 1.015e+004 1.014e+004 1.013e+004 1.013e+004 1.012e+004 1.011e+004 1.009e+004 1.007e+004 1.005e+004 1.004e+004 1.003e+004 1.003e+004 1.004e+004 1.003e+004 1.001e+004 1.001e+004 1.001e+004 1.001e+004 1.001e+004 1e+004 9996 9995 9995 9995 9994 9996 9986 9982 9969 9960 9956 9954
8387 8405 8431 8441 8473 8531 8619 8680 8744 8810 8883 8983 9112 9211 9241 9329 9409 9462 9547 9680 9841 9991 1.011e+004 1.021e+004 1.026e+004 1.028e+004 1.027e+004 1.024e+004 1.023e+004 1.023e+004 1.022e+004 1.023e+004 1.021e+004 1.019e+004 1.02e+004 1.021e+004 1.017e+004 1.015e+004 1.014e+004 1.013e+004 1.011e+004 1.009e+004 1.009e+004 1.007e+004 1.006e+004 1.005e+004 1.004e+004 1.004e+004 1.005e+004 1.005e+004 1.004e+004 1.001e+004 1e+004 1e+004 1e+004 9998 9990 9989 9989 9983 9972 9961 9961 9964 9968 9966 9963 9955
8374 8387 8413 8416 8436 8507 8613 8696 8775 8851 8920 9009 9105 9181 9313 9396 9422 9457 9516 9634 9798 9959 1.01e+004 1.021e+004 1.026e+004 1.028e+004 1.028e+004 1.025e+004 1.024e+004 1.024e+004 1.023e+004 1.023e+004 1.022e+004 1.021e+004 1.024e+004 1.025e+004 1.021e+004 1.017e+004 1.015e+004 1.014e+004 1.012e+004 1.01e+004 1.009e+004 1.008e+004 1.007e+004 1.006e+004 1.005e+004 1.005e+004 1.005e+004 1.006e+004 1.005e+004 1.002e+004 1.001e+004 1e+004 9997 9988 9981 9983 9984 9979 9969 9965 9958 9964 9967 9967 9964 9966
8364 8359 8369 8390 8422 8510 8614 8706 8795 8879 8954 9035 9098 9148 9252 9315 9381 9416 9490 9622 9790 9950 1.01e+004 1.023e+004 1.029e+004 1.03e+004 1.029e+004 1.026e+004 1.026e+004 1.026e+004 1.025e+004 1.025e+004 1.025e+004 1.023e+004 1.026e+004 1.027e+004 1.023e+004 1.019e+004 1.017e+004 1.015e+004 1.013e+004 1.012e+004 1.01e+004 1.01e+004 1.009e+004 1.007e+004 1.006e+004 1.005e+004 1.006e+004 1.007e+004 1.006e+004 1.004e+004 1.001e+004 9998 9991 9986 9984 9982 9980 9981 9988 9995 9975 9967 9968 9971 9975 9971
8364 8369 8369 8398 8440 8537 8636 8709 8795 8899 8991 9072 9143 9216 9272 9311 9363 9414 9489 9625 9798 9960 1.012e+004 1.025e+004 1.03e+004 1.032e+004 1.029e+004 1.027e+004 1.027e+004 1.028e+004 1.028e+004 1.028e+004 1.025e+004 1.024e+004 1.026e+004 1.029e+004 1.025e+004 1.021e+004 1.018e+004 1.016e+004 1.014e+004 1.014e+004 1.012e+004 1.01e+004 1.009e+004 1.008e+004 1.008e+004 1.007e+004 1.007e+004 1.007e+004 1.006e+004 1.004e+004 1.002e+004 1e+004 9992 9986 9984 9985 9983 9990 9995 9986 9975 9969 9971 9975 9979 9977
8369 8382 8391 8405 8443 8535 8630 8692 8774 8919 9046 9118 9191 9270 9325 9348 9374 9415 9485 9626 9802 9966 1.013e+004 1.026e+004 1.031e+004 1.032e+004 1.03e+004 1.029e+004 1.029e+004 1.03e+004 1.03e+004 1.031e+004 1.028e+004 1.026e+004 1.026e+004 1.028e+004 1.025e+004 1.022e+004 1.019e+004 1.017e+004 1.015e+004 1.013e+004 1.012e+004 1.01e+004 1.009e+004 1.009e+004 1.01e+004 1.01e+004 1.009e+004 1.008e+004 1.007e+004 1.005e+004 1.003e+004 1.001e+004 1e+004 9996 9988 9992 9993 9995 9999 9987 9974 9971 9976 9980 9983 9980
8364 8374 8367 8392 8418 8502 8589 8658 8755 8915 9054 9142 9225 9306 9343 9357 9388 9420 9482 9615 9793 9967 1.014e+004 1.027e+004 1.031e+004 1.032e+004 1.031e+004 1.03e+004 1.031e+004 1.031e+004 1.031e+004 1.03e+004 1.03e+004 1.028e+004 1.028e+004 1.028e+004 1.026e+004 1.023e+004 1.02e+004 1.017e+004 1.015e+004 1.013e+004 1.011e+004 1.01e+004 1.01e+004 1.01e+004 1.011e+004 1.01e+004 1.009e+004 1.008e+004 1.007e+004 1.006e+004 1.004e+004 1.002e+004 1e+004 9998 9995 1e+004 9999 1e+004 9989 9986 9981 9981 9985 9988 9989 9984
8351 8351 8356 8366 8398 8487 8558 8613 8697 8870 9033 9147 9232 9299 9343 9365 9404 9438 9510 9618 9775 9973 1.016e+004 1.029e+004 1.033e+004 1.034e+004 1.032e+004 1.031e+004 1.032e+004 1.032e+004 1.032e+004 1.032e+004 1.032e+004 1.03e+004 1.029e+004 1.031e+004 1.027e+004 1.023e+004 1.019e+004 1.017e+004 1.015e+004 1.013e+004 1.011e+004 1.011e+004 1.011e+004 1.011e+004 1.011e+004 1.011e+004 1.009e+004 1.008e+004 1.007e+004 1.006e+004 1.005e+004 1.003e+004 1.001e+004 1e+004 1e+004 1e+004 9988 9986 9995 9993 9996 9996 9999 9999 9997 9987
8344 8347 8353 8357 8382 8508 8532 8575 8672 8904 9054 9150 9228 9292 9341 9377 9415 9450 9533 9640 9793 9997 1.019e+004 1.033e+004 1.036e+004 1.038e+004 1.032e+004 1.032e+004 1.032e+004 1.033e+004 1.034e+004 1.035e+004 1.034e+004 1.032e+004 1.031e+004 1.031e+004 1.026e+004 1.021e+004 1.019e+004 1.016e+004 1.014e+004 1.013e+004 1.011e+004 1.011e+004 1.011e+004 1.011e+004 1.012e+004 1.011e+004 1.009e+004 1.008e+004 1.007e+004 1.006e+004 1.006e+004 1.005e+004 1.003e+004 1e+004 1.001e+004 1e+004 9991 9988 9997 9990 1e+004 1.001e+004 1.001e+004 1.001e+004 1.001e+004 9997
8341 8345 8351 8354 8361 8410 8487 8552 8684 8962 9068 9145 9217 9281 9334 9375 9418 9463 9538 9668 9832 1.004e+004 1.024e+004 1.038e+004 1.04e+004 1.038e+004 1.034e+004 1.033e+004 1.033e+004 1.037e+004 1.041e+004 1.043e+004 1.037e+004 1.032e+004 1.029e+004 1.027e+004 1.022e+004 1.019e+004 1.018e+004 1.016e+004 1.014e+004 1.013e+004 1.012e+004 1.011e+004 1.011e+004 1.011e+004 1.011e+004 1.01e+004 1.009e+004 1.008e+004 1.008e+004 1.007e+004 1.007e+004 1.005e+004 1.003e+004 1.001e+004 1.001e+004 1.003e+004 1.003e+004 1.001e+004 1.002e+004 1.002e+004 1.002e+004 1.003e+004 1.003e+004 1.003e+004 1.003e+004 1.001e+004
8341 8347 8355 8368 8373 8408 8472 8544 8666 8888 9023 9118 9199 9272 9331 9368 9417 9473 9568 9703 9870 1.009e+004 1.03e+004 1.044e+004 1.046e+004 1.043e+004 1.037e+004 1.035e+004 1.036e+004 1.038e+004 1.048e+004 1.05e+004 1.038e+004 1.029e+004 1.025e+004 1.023e+004 1.02e+004 1.018e+004 1.017e+004 1.016e+004 1.015e+004 1.013e+004 1.013e+004 1.012e+004 1.012e+004 1.012e+004 1.011e+004 1.01e+004 1.009e+004 1.008e+004 1.008e+004 1.008e+004 1.008e+004 1.006e+004 1.003e+004 1.002e+004 1.002e+004 1.003e+004 1.003e+004 1.001e+004 1.002e+004 1.004e+004 1.004e+004 1.004e+004 1.004e+004 1.004e+004 1.004e+004 1.003e+004
8339 8349 8360 8376 8398 8429 8492 8574 8677 8801 8964 9084 9177 9258 9324 9368 9430 9494 9596 9762 9943 1.016e+004 1.036e+004 1.052e+004 1.054e+004 1.048e+004 1.041e+004 1.04e+004 1.039e+004 1.041e+004 1.048e+004 1.047e+004 1.037e+004 1.028e+004 1.025e+004 1.022e+004 1.02e+004 1.018e+004 1.016e+004 1.015e+004 1.015e+004 1.014e+004 1.014e+004 1.013e+004 1.013e+004 1.013e+004 1.012e+004 1.011e+004 1.009e+004 1.008e+004 1.008e+004 1.009e+004 1.01e+004 1.007e+004 1.004e+004 1.003e+004 1.003e+004 1.003e+004 1.003e+004 1.002e+004 1.004e+004 1.006e+004 1.005e+004 1.005e+004 1.005e+004 1.006e+004 1.005e+004 1.004e+004
8349 8357 8373 8393 8424 8458 8519 8608 8726 8844 8947 9055 9154 9243 9318 9374 9438 9499 9629 9847 1.008e+004 1.027e+004 1.041e+004 1.059e+004 1.059e+004 1.055e+004 1.048e+004 1.045e+004 1.044e+004 1.044e+004 1.047e+004 1.043e+004 1.035e+004 1.028e+004 1.027e+004 1.023e+004 1.019e+004 1.017e+004 1.016e+004 1.015e+004 1.015e+004 1.015e+004 1.015e+004 1.015e+004 1.014e+004 1.013e+004 1.013e+004 1.011e+004 1.009e+004 1.009e+004 1.009e+004 1.009e+004 1.009e+004 1.006e+004 1.004e+004 1.003e+004 1.003e+004 1.003e+004 1.004e+004 1.003e+004 1.005e+004 1.007e+004 1.006e+004 1.006e+004 1.007e+004 1.007e+004 1.007e+004 1.007e+004
8353 8373 8392 8416 8446 8483 8535 8603 8709 8831 8926 9030 9132 9228 9310 9370 9437 9514 9689 9910 1.018e+004 1.033e+004 1.035e+004 1.051e+004 1.058e+004 1.058e+004 1.055e+004 1.05e+004 1.047e+004 1.043e+004 1.039e+004 1.035e+004 1.031e+004 1.028e+004 1.028e+004 1.022e+004 1.019e+004 1.016e+004 1.013e+004 1.013e+004 1.013e+004 1.014e+004 1.016e+004 1.015e+004 1.014e+004 1.013e+004 1.012e+004 1.011e+004 1.009e+004 1.009e+004 1.01e+004 1.01e+004 1.007e+004 1.004e+004 1.003e+004 1.004e+004 1.004e+004 1.004e+004 1.005e+004 1.005e+004 1.006e+004 1.009e+004 1.01e+004 1.01e+004 1.01e+004 1.01e+004 1.01e+004 1.01e+004
8350 8371 8400 8431 8465 8502 8548 8603 8668 8774 8899 9012 9117 9217 9304 9366 9424 9506 9694 9882 1.011e+004 1.024e+004 1.028e+004 1.045e+004 1.058e+004 1.064e+004 1.06e+004 1.052e+004 1.047e+004 1.038e+004 1.031e+004 1.028e+004 1.025e+004 1.023e+004 1.026e+004 1.023e+004 1.016e+004 1.012e+004 1.01e+004 1.01e+004 1.011e+004 1.013e+004 1.015e+004 1.014e+004 1.013e+004 1.012e+004 1.012e+004 1.011e+004 1.01e+004 1.01e+004 1.009e+004 1.009e+004 1.006e+004 1.004e+004 1.004e+004 1.004e+004 1.004e+004 1.004e+004 1.008e+004 1.008e+004 1.009e+004 1.015e+004 1.016e+004 1.014e+004 1.012e+004 1.012e+004 1.012e+004 1.013e+004
8353 8379 8413 8446 8487 8517 8557 8622 8688 8782 8893 9002 9108 9206 9288 9339 9414 9506 9614 9788 9923 1.001e+004 1.015e+004 1.039e+004 1.059e+004 1.059e+004 1.053e+004 1.049e+004 1.043e+004 1.032e+004 1.026e+004 1.023e+004 1.019e+004 1.017e+004 1.016e+004 1.011e+004 1.008e+004 1.004e+004 1.005e+004 1.005e+004 1.006e+004 1.008e+004 1.012e+004 1.012e+004 1.009e+004 1.01e+004 1.011e+004 1.011e+004 1.011e+004 1.009e+004 1.008e+004 1.007e+004 1.006e+004 1.006e+004 1.007e+004 1.006e+004 1.005e+004 1.005e+004 1.008e+004 1.009e+004 1.012e+004 1.016e+004 1.015e+004 1.014e+004 1.014e+004 1.014e+004 1.014e+004 1.015e+004
8360 8387 8415 8448 8497 8522 8553 8605 8709 8800 8896 8995 9095 9191 9280 9341 9415 9523 9627 9760 9874 9986 1.02e+004 1.046e+004 1.061e+004 1.051e+004 1.045e+004 1.042e+004 1.039e+004 1.029e+004 1.023e+004 1.018e+004 1.014e+004 1.01e+004 1.007e+004 1.004e+004 9997 9984 9997 1.001e+004 1.001e+004 1.001e+004 9994 9987 1.002e+004 1.003e+004 1.005e+004 1.009e+004 1.011e+004 1.008e+004 1.005e+004 1.006e+004 1.007e+004 1.008e+004 1.008e+004 1.007e+004 1.007e+004 1.008e+004 1.009e+004 1.012e+004 1.014e+004 1.012e+004 1.012e+004 1.013e+004 1.014e+004 1.015e+004 1.016e+004 1.018e+004
