real_craters/C204-1000m.grd
DSAA
153 153
-76.15 76.15
-76.15 76.15
6059.5165436152 11328.042428984
[rows 30 to 59 of 153, columns 67 to 133 of 153]
9149.75 9183.95 9174.69 9174.57 9157.15 9202.99 9275.92 9291.02 9305.56 9341.74 9370.1 9374.31 9365.05 9361.06 9357.29 9354.29 9313.7 9308.23 9345.03 9390.13 9424.15 9428.34 9393.22 9345.13 9359.13 9350.89 9292.93 9256.03 9247.38 9268.71 9238.94 9199.71 9210.83 9262.32 9316.01 9393.86 9520.21 9675.35 9838.72 10011.2 10191.4 10218.7 10123.3 10048.6 10109 10211.3 10143 9996.83 9957.14 9950.56 9863.71 9785.69 9754.14 9841.8 9951.21 10063 9979.59 9552.16 9405.48 9532.64 9652.21 9609.65 9568.88 9524.74 9471.64 9413.64 9341.9
9133.55 9110.24 9125.71 9165.16 9200.62 9225.21 9271.43 9307.95 9313.2 9356.5 9340.07 9341.58 9353.28 9360.74 9358.94 9356.21 9327.1 9288.72 9360.87 9405.17 9428.78 9433.7 9443.19 9388.7 9376.3 9354.47 9328.49 9305.02 9308.18 9346.5 9353.31 9231.22 9214.79 9246.94 9293.47 9364.56 9477.88 9598.78 9720.43 9835.6 9945.12 9980.88 9943.77 9893.63 9900.33 9896.32 9890.83 9862.65 9828.88 9815.33 9741.93 9784.13 9934.74 10240.9 10423.8 10357.2 9928.1 9511.58 9352.98 9447.77 9581 9611.93 9608.05 9592.6 9539.52 9466.2 9376.49
9072.21 9096.53 9147.01 9190.79 9183.82 9210.4 9261.05 9262.19 9248.66 9243.9 9283.52 9314.38 9359.83 9375.27 9380.58 9345.77 9297.12 9395.91 9431.94 9433.92 9448.62 9467.91 9402.3 9358.04 9367.62 9385.92 9350.21 9334.61 9353.35 9366.62 9352.85 9297.43 9249.63 9221.18 9280.67 9343.33 9434.59 9528.96 9617.6 9678.68 9723.23 9737.41 9745.06 9761.87 9748.15 9685.34 9673.4 9718.76 9700.33 9714.09 9765.81 9980.25 10335.4 10620.5 10684.4 10365.6 9877.6 9515.33 9399.68 9488.62 9577.81 9612.17 9672.73 9695.94 9628.44 9531.35 9430.09
9224.78 9265.12 9298.42 9269.01 9276.29 9308.57 9293.48 9261.83 9162.98 9174.12 9264.27 9289.75 9296.54 9312.11 9372.72 9427.25 9501.99 9557.87 9466.19 9442.3 9420.76 9362.35 9296.34 9314.92 9329.4 9332.89 9369.02 9334.36 9307.81 9339.05 9358.48 9328.56 9280.51 9304.57 9291.73 9327.22 9384.57 9457.81 9523.13 9566.73 9573.63 9585.14 9612.97 9627.66 9626.58 9661.42 9603.57 9618.55 9670.64 9706.53 9968.28 10294.8 10511.6 10399.8 10249.2 10031.6 9677.64 9476.26 9439.35 9557.49 9717.04 9740.98 9898.43 9806.78 9682.01 9562.12 9455.49
9203.54 9280.92 9323.04 9275.63 9267.55 9270.69 9332.42 9428.4 9411.44 9323.1 9206.98 9170.56 9174.26 9204.9 9287.12 9443 9695.33 9513.18 9443.65 9416.21 9396.78 9349.12 9256.78 9278.6 9294.97 9300.67 9323.06 9299.7 9252.66 9345.51 9374.71 9354.26 9296.14 9297.35 9285.91 9273.68 9341.92 9406.09 9457.86 9498.39 9535.58 9571.58 9597.07 9525.82 9509.07 9537.78 9513.64 9564.6 9678.18 9893.14 10303.8 10495.8 10212.2 9961.24 9793.69 9627.9 9433.68 9465.45 9539.69 9645.55 9744.84 9846.45 10048.9 9868.17 9705.71 9572.19 9457.9
9125.62 9185.75 9208.34 9177.63 9217.25 9340.65 9217.68 9196.74 9291.07 9252.25 9100.11 9051.42 9046.27 9087.31 9147.9 9237.39 9307.77 9477.47 9424.09 9357.81 9362.72 9404.39 9329.77 9255.72 9275.92 9285.18 9326.98 9282.83 9264.82 9336.12 9363.03 9337.89 9306 9281.3 9294.8 9280.49 9311.31 9364.83 9409.34 9443.33 9468.2 9496.91 9465.68 9420.12 9409.59 9427.2 9438.79 9509.17 9790.4 10033.6 10228.3 10028.4 9809.39 9564.93 9477.46 9426.36 9441.19 9508.02 9621.11 9719.04 9867.41 9995.98 9918.25 9784.17 9647.67 9533.25 9434.14
9192.4 9063.86 8990.59 9009.22 9006.3 8924.39 8903.35 8787.45 8813.11 8812.06 8885.89 8914.94 8937.48 8946.57 8969.09 8969.24 8925.92 9040.65 9166.37 9187.92 9232.26 9305.12 9330.41 9304.13 9307.12 9306.05 9274.82 9273.14 9256.1 9329.11 9373.14 9358.92 9395.44 9362.58 9289.76 9224.79 9298.53 9338.79 9379.58 9415.98 9432.36 9445.36 9315.59 9296.09 9303.19 9348.74 9389.05 9463.35 9679.9 9734.8 9677.77 9586 9492.88 9428.32 9434.43 9448.67 9452.74 9489.99 9571.99 9646.87 9693.11 9609.4 9602.63 9588.25 9536.81 9457.61 9386.39
8970.53 8907.23 8836.03 8879.92 8869.49 8801.29 8777.01 8698.09 8658.27 8622.33 8689.83 8745.51 8765.28 8776.94 8759.01 8724.67 8713.56 8737.83 8835.74 8904.42 8993.18 9118.85 9143.26 9186.35 9211.47 9250.91 9312.28 9311.83 9267.6 9278.49 9325.18 9381.39 9440.89 9414.19 9316.17 9267.73 9294.14 9318.73 9356.53 9390.84 9412 9368.82 9219.66 9237.2 9318.74 9342.61 9366.75 9369.02 9403.49 9456.92 9433.61 9448.72 9463.62 9408.82 9368.61 9370.65 9400.51 9397.7 9415.36 9459.97 9483.71 9451.01 9420.48 9422.31 9407.49 9377.3 9331.33
8670.72 8744.61 8833.36 8822.11 8793.22 8823.69 8746.91 8651.35 8627.59 8614.07 8598.45 8581.56 8559.54 8544.49 8514.98 8492.26 8476.08 8482.01 8506.92 8583.66 8681.09 8767.25 8830.1 8862.41 8888.33 9098.63 9319.93 9363.25 9335.74 9276.25 9345.67 9377.49 9432.89 9399.25 9315.19 9253.02 9261.14 9282.36 9319.41 9367.79 9423.35 9472.72 9314.08 9262.5 9297.64 9302.52 9305.06 9301.5 9312.16 9310.89 9301.36 9299.81 9287.82 9275.76 9257.52 9245.35 9291.9 9292.87 9276.32 9290.77 9312.71 9304.51 9307.7 9308.43 9309.39 9296.12 9272.93
8454.3 8553.49 8640.98 8651.04 8636.54 8623.17 8599.73 8578.59 8544.54 8530.04 8484.5 8407.13 8366.84 8337.41 8315.67 8287.19 8267.78 8292.82 8271.81 8295.72 8382.72 8479.95 8685.89 8713.97 8775.54 8787.5 8920.3 9173.29 9402.43 9336.67 9251.83 9304.6 9382.67 9364.02 9289.87 9205.83 9179.22 9231.78 9277.1 9343.29 9426.09 9485 9397.24 9314.71 9276.58 9255.88 9239.58 9258.05 9231.06 9217.36 9194.66 9192.02 9207.27 9196.23 9207.55 9224.73 9233.52 9220.78 9203.18 9206.31 9209.85 9202.97 9205 9221.75 9227.44 9222.32 9215.02
8258.07 8340.19 8380.98 8408.11 8418.8 8435.59 8451.58 8416.61 8437.27 8382.77 8293.41 8214.22 8182.1 8162.49 8147.6 8123.38 8093.23 8061.15 8041.56 8070.9 8132.22 8195.93 8336.84 8551.75 8689.58 8757.21 8768.27 8833.63 9114.1 9305.86 9385.13 9285.94 9272.67 9290.76 9262.39 9219.94 9179.23 9199.96 9240.88 9304.9 9392.26 9403.51 9362.62 9302.62 9262.74 9258.92 9234.26 9210.26 9172.75 9163.7 9139.61 9128.99 9132.17 9148.28 9164.11 9196.18 9191.22 9177.18 9160.08 9148.94 9148.2 9149.61 9165.23 9173.8 9181.47 9176.77 9167.13
8129.94 8173.85 8193.76 8191.21 8152.59 8114.83 8075.73 8045.48 8005.2 8024.6 7988.16 7997.98 8001.43 8003.6 7995.37 7984.24 7962.31 7897.94 7901.3 7946.8 7958.85 7975.55 8073.22 8313.85 8597.88 8608.64 8677.04 8666.14 8772.94 9034.27 9301.06 9372.9 9342.22 9305.4 9201 9165.55 9172.69 9185.68 9202.32 9208.14 9277.96 9372.56 9371.47 9303.45 9268.95 9249.82 9212.08 9197.75 9169.68 9138.88 9104.4 9091.02 9092.04 9099.5 9120.98 9147 9148.88 9141.3 9127.5 9115.5 9117.93 9128.29 9144.17 9153.74 9156.57 9150.71 9133.9
8041.22 8043.22 8027.56 7996.81 7861.1 7726.88 7611.59 7697.11 7607.85 7556.35 7636.74 7759.49 7807.55 7843.49 7859.9 7873.42 7891.69 7974.76 7858.71 7854.82 7860.07 7877.98 7864.27 8010.35 8107.45 8181.25 8374.93 8372.81 8302.07 8532.78 8737.14 8883.45 9035.65 9068.74 9036.22 9060.71 9124.02 9209.83 9210.03 9152.73 9162.35 9244.31 9315.06 9283.52 9216.07 9245.84 9219.72 9212.37 9153.28 9114.71 9082.08 9066.7 9053.49 9073.68 9100.81 9113.12 9116.15 9110.38 9103.46 9101.49 9100.79 9106.22 9128.98 9139.76 9148.29 9139.34 9119.74
7954.81 7875.34 7776.66 7631.46 7552.55 7428.68 7342.25 7365.04 7331.55 7332.24 7559.85 7592.86 7637.96 7679.32 7700.07 7734.57 7763.95 7768.2 7758.9 7698.24 7658.51 7675.44 7716.38 7780.97 7898.72 7990.22 7952.64 7916.46 7951.68 8054.48 8162.32 8293.73 8457.01 8569.48 8783.1 8991.03 9246.72 9330.11 9294.37 9222.89 9159.91 9152.94 9205.5 9225.72 9150.4 9159.55 9162.41 9151.65 9110.61 9083.11 9070.37 9059.06 9055.04 9070.74 9093.22 9092.35 9096.47 9091.85 9088.38 9080.41 9094.42 9113.93 9139.54 9164.94 9165.01 9149.83 9130.27
7825.4 7661.89 7521.37 7385.83 7306.41 7209.63 7138.76 7096.15 7129.49 7181.92 7298.4 7418.08 7451.56 7474.75 7507.1 7545.66 7592.08 7616.25 7588.15 7542.9 7520.85 7496.64 7490.02 7582.47 7694.39 7719.65 7760.67 7815.29 7890.14 7895.8 7936.08 8084.07 8197.68 8325.7 8599.77 8907.9 9244.94 9437.21 9379.76 9320 9195.88 9104.5 9227.66 9244.89 9228.12 9138.61 9137.37 9121.21 9068.25 9071.45 9061.96 9051.33 9057.68 9073.13 9079.69 9090.76 9090.97 9086.21 9086.78 9091.9 9106.25 9133.4 9187.9 9199.65 9181.66 9160.67 9142.94
7539.56 7384.57 7266.24 7182.16 7093.18 7038.69 6990.74 6980.34 6994.26 7031.41 7227.01 7255.2 7281.43 7309.32 7341.36 7361.45 7388.89 7456.81 7553.08 7520.22 7532.8 7431.07 7410.73 7473.74 7615.6 7709.29 7735.26 7863.92 7919.86 7854.39 7892.02 8042.72 8187.43 8258.62 8456.56 8729.94 9100.51 9333.75 9376.43 9355.87 9258.07 9180.48 9220.22 9227.4 9228.73 9166.07 9132.01 9116.75 9090.79 9092.31 9072.08 9046.83 9072.35 9083.14 9101.93 9096.2 9089.88 9085.95 9084.53 9088.94 9104.33 9134.7 9172.95 9195.95 9186.64 9163.96 9136.85
7186.08 7088.21 6995.79 6862.84 6872.06 6909.64 6951.09 6975.81 6895.33 6845.88 6909.75 7018.61 7067.79 7102.73 7114.73 7138.3 7155.83 7151.66 7165.68 7246.26 7446.33 7387.24 7360.48 7391.07 7462.18 7557.51 7634.61 7655.38 7765.99 7891.34 7895.83 8051.31 8145.94 8189.54 8252.32 8423.3 8648.33 8991.62 9264.89 9436.78 9309.07 9177.6 9167.09 9241.22 9249.41 9213.27 9129.29 9079.54 9069.56 9138.75 9081.35 9072.28 9067.44 9084.94 9100.37 9096.28 9081.01 9075.39 9076.96 9085.68 9105.78 9129.1 9162.81 9189.61 9200.19 9173.19 9124.48
6854.61 6850.18 6808.83 6771.08 6780.82 6785.18 6822.63 6794.65 6710.32 6656.68 6734.05 6833.37 6884.54 6914.46 6935.34 6932.37 6915.12 6891.34 6894.86 6940.63 7140.18 7368.89 7298.91 7328.73 7427.11 7498.18 7571.7 7576.97 7650.24 7680.9 7797.62 7919.3 8038.88 7941.73 7999.46 8112.77 8210.28 8522.36 8924.26 9229.42 9200.72 9205.95 9224.67 9157.05 9185.04 9157.66 9089.25 9065.24 9071.85 9054.25 9065.27 9072.03 9069.39 9085.34 9089.62 9083.52 9069.35 9061.54 9068.59 9079.52 9095.66 9124.38 9184.29 9256.8 9246.18 9187.12 9136.71
6624.62 6664 6689.6 6737.2 6735.99 6664.23 6631.18 6623.09 6599.97 6555.6 6571.68 6669.89 6705.7 6743.39 6770.82 6782.95 6767.41 6729.51 6750.63 6926.94 6879.47 6973.87 7132.27 7303.13 7360.35 7524.9 7628.05 7652.59 7590.3 7668.62 7659.37 7649.08 7847.29 7840.16 7877.82 7890.71 7871.17 8055.79 8425.07 8724.49 8898.38 8943.74 9034.6 8934.73 9018.2 9063.3 9132.5 9107.67 9076.82 9087.6 9074.11 9093.68 9097.68 9091.28 9112.44 9093.82 9071.15 9062.09 9068.34 9072.63 9076.49 9116.46 9159.7 9220.77 9230.06 9174.47 9135.66
6524.2 6550.98 6573.39 6567.5 6540.6 6537.3 6533.18 6589.24 6540.61 6496.32 6460.54 6484.89 6551.95 6596.26 6622.51 6638.62 6644.75 6655.47 6721.19 6862.89 6744.89 6780.69 6905.1 6982.82 7143.3 7476.39 7577.88 7535.1 7408.86 7425.47 7573.19 7760.22 7613.23 7737.7 7799.56 7768.12 7732.47 7841.58 8137.49 8396.9 8615.66 8784.56 8977.77 9013.1 8896.53 8902.69 9005.87 9126.72 9089.04 9056.15 9079.59 9104.54 9093.55 9091.33 9129.94 9116.19 9077.84 9075.07 9085.06 9093.03 9107.72 9124.26 9140.88 9133.42 9134.71 9137.53 9118.94
6487.23 6494.78 6489.46 6461.95 6437.77 6447.78 6457.41 6469.59 6473.3 6429.85 6422.02 6425.15 6471.98 6512.75 6541.05 6557.07 6576.91 6621.31 6702.2 6735.66 6709.76 6671.51 6791.21 6929.4 7036.93 7203.77 7205.35 7288.59 7410.41 7414.95 7402.28 7458.4 7511.97 7593.67 7677.11 7684.45 7696.24 7828.2 8060.72 8253.7 8400.33 8562.04 8786.22 8977.86 8939.78 8798.57 8929.49 9157.42 9149.05 9078.03 9068.87 9090.63 9149.08 9125.4 9131.58 9131.24 9113.55 9108.74 9114.97 9123.15 9134.33 9131.99 9117.81 9103.4 9103.09 9119.32 9129.88
6471.42 6461.65 6446.47 6422.59 6410.47 6407.73 6424.11 6443.89 6415.84 6389.04 6392.38 6398.74 6421.55 6451.21 6478.17 6501.65 6519.59 6551.8 6573.12 6539.53 6531.36 6584.47 6718.88 6888.8 6906.18 6980.05 7026.97 7158.64 7278.95 7345.61 7266.71 7308.25 7360.79 7480.33 7597.61 7606.3 7629.34 7725.06 7916.86 8085.04 8210.79 8308.18 8455.46 8653.93 8617.11 8640 8710.07 9022 9151.43 9136.64 9089.92 9118.85 9159.1 9147.96 9153.38 9131.92 9167.27 9152.36 9148.97 9153.76 9153.94 9147.32 9129.68 9109.55 9096.06 9119.3 9134.09
6455.99 6440.07 6420.89 6398.69 6378.59 6377.29 6371.4 6379.68 6384.1 6384.68 6384.52 6384.24 6406.51 6428.91 6448.23 6465.99 6471.58 6464.88 6430.8 6434.03 6456.26 6524.88 6630.52 6730.72 6799.94 6840.72 6862.07 6992.64 7188.13 7261.42 7297.35 7324.56 7357.83 7380.34 7406.34 7508.32 7597.19 7685.46 7850.34 7967.67 8081.9 8130.58 8153.91 8323.02 8540.87 8536.26 8561.01 8794.85 8972.9 9105.63 9121.24 9168.16 9183.7 9129.06 9138.83 9081.87 9146.81 9163.31 9171.12 9178.86 9184.65 9174.25 9146.72 9112.68 9122.14 9132.32 9118.33
6449.42 6433.08 6414 6393.17 6375.84 6365.71 6361.85 6366.26 6373.07 6380.07 6381.5 6384.31 6401.9 6417.03 6427.4 6430.11 6420.92 6403.56 6377.63 6390.09 6410.4 6455.79 6511.35 6558.49 6634.24 6655.72 6680.75 6835.28 7033.23 7132.13 7161.22 7266.52 7299.76 7302.93 7336.53 7452.98 7597.27 7740.04 7806.22 7927.27 8030.03 8096.66 8132.24 8186.67 8399.19 8466.95 8561.81 8689.01 8816.73 9053.11 9124.79 9159.8 9165.37 9249.21 9182.01 9128.62 9124.98 9168.83 9189.52 9198.43 9200.08 9187.44 9167.21 9136.48 9160.64 9153.32 9137.31
6449.67 6433.94 6413.58 6391.16 6371.83 6361.24 6360.46 6358.43 6367.46 6380.57 6386.94 6393.51 6405.84 6416.2 6419.21 6410.96 6394.36 6375.06 6354.71 6349.52 6385.98 6399.96 6413.33 6407.73 6428.59 6494.38 6542.54 6657.16 6909.65 7004.54 7065.55 7198.74 7294.3 7279.66 7305.35 7426.78 7611.11 7782.25 7862.74 7940.14 8024.01 8113.14 8204.61 8218.38 8280.85 8426.38 8608.57 8685.68 8727.66 8859.2 9168.01 9268.25 9228.05 9287.93 9223.03 9212.66 9210.64 9202.78 9208.04 9210.25 9210.01 9205.84 9194.18 9172.87 9179.73 9174.58 9198.92
6460.81 6443.36 6420.12 6394.14 6368.53 6352.84 6350.33 6358.68 6370.33 6390.5 6404.32 6402.29 6423.1 6432.59 6432.12 6421.96 6409.39 6387.72 6364.74 6352.68 6361.3 6363 6358.28 6348.3 6349.65 6375.2 6437.83 6523.13 6752.86 6845.61 6892.11 7108.47 7305.26 7285.91 7291.78 7410.62 7611.93 7809.46 7897.62 7950.69 8024.96 8104 8213.67 8303.77 8391.34 8482.38 8655.8 8766.2 8782.44 8825.58 9056.43 9379.94 9319.9 9337.71 9257.37 9183.17 9227.58 9228.41 9222.65 9224.8 9231.33 9244.34 9242.28 9257.57 9231.14 9213.53 9214.74
6486.69 6465.14 6439.47 6408.62 6375.15 6362.01 6369.69 6372.58 6382.63 6407.18 6431.64 6458.49 6460.5 6466.97 6462.98 6454.09 6440.55 6423.24 6401.08 6374.57 6359.94 6344.28 6325.35 6305.37 6289.1 6290.78 6339.78 6403.34 6550.47 6675.18 6786.32 6962.61 7124.33 7339.82 7367.32 7466.32 7594.18 7729.31 7865.17 7923.11 8004.8 8070.95 8111 8227.28 8489.21 8630.98 8746.58 8797.52 8740.39 8988.53 9284.22 9464.77 9400.55 9350.77 9288.43 9220.67 9229.35 9240.99 9241.68 9237.23 9229.74 9217.43 9251.6 9272.37 9288.31 9235.12 9215.97
6516.94 6495.93 6471.26 6440.68 6408.48 6393.49 6400.29 6399.4 6406.05 6430.69 6458.89 6483.42 6507.57 6508.48 6505.29 6499.07 6485.99 6468.92 6450.58 6420.86 6380.17 6343.23 6305.94 6256.6 6226.5 6229.24 6269.85 6352.92 6480.99 6570.63 6671.58 6840.33 7015.35 7279.74 7399.82 7530.97 7556.99 7570.54 7674.45 7861.71 7972.31 8055.49 8105.68 8210.83 8559.62 8773.41 8789.66 8785.78 8698.69 9070.36 9397.82 9439.78 9491.23 9476.74 9363.39 9262.18 9244.26 9252.59 9251.68 9242.43 9236.71 9245.44 9262.12 9279.29 9321.67 9273.59 9210.05
6553.83 6541.95 6517.83 6491.58 6461.86 6439.57 6440.35 6435.21 6433.53 6457.56 6489.56 6514.01 6537.56 6553.17 6553.69 6549.87 6543.01 6530.92 6498.99 6469.66 6427.42 6367.34 6310.04 6240.45 6159.79 6196.8 6231.26 6330.47 6432.53 6498.15 6596.76 6769.71 6939.76 7023.68 7247.71 7425.84 7493.88 7567.17 7672.08 7822.55 7933.18 8035.85 8079.87 8191.71 8546.49 8716.25 8765.63 8748.58 8749.8 9157.91 9402.23 9478.87 9534.77 9632.72 9515.42 9380.02 9308.65 9276.37 9262.06 9253.04 9250.98 9252.95 9292.03 9350.96 9370.47 9277.34 9260.23
6616.82 6604.36 6584.08 6565.25 6539.88 6512.13 6501.98 6485.22 6469.26 6490.26 6520.44 6549.12 6584.07 6602.46 6608.31 6606.31 6600.87 6592.29 6571.25 6514.93 6479.08 6430.6 6329.43 6233.98 6146.83 6185.04 6189.04 6323.01 6418.87 6464.99 6533.19 6706.25 6898.31 6937.55 7085.78 7277.28 7406.21 7468.88 7570.25 7775.81 7876.3 7965.35 8032.93 8129.7 8447.15 8599.64 8728.3 8817.51 8859.39 9243.3 9427.2 9493.21 9491.86 9671.03 9652.39 9568.39 9398.14 9321.61 9293.84 9278.05 9269.73 9269.21 9309.25 9365.63 9342.79 9273.03 9277.49
