real_craters/C204-500m.grd
DSAA
534 534
-133.2625 133.2625
-133.2625 133.2625
8063.7231009393 11422.299673091
[rows 240 to 269 of 534, columns 335 to 401 of 534]
10208.5 10265.7 10276.8 10284 10288.1 10293.1 10290.3 10281 10273.5 10265 10254.4 10251 10235.9 10223.5 10223 10224.4 10224.1 10224.6 10216.8 10171 10148.8 10157.8 10159.1 10161.4 10164.8 10165.3 10151 10134.2 10124.6 10117.9 10113.3 10111.2 10109.5 10098.7 10090.1 10082.7 10076.2 10070.1 10063.2 10057.7 10050.5 10040 10028.1 10015.3 10017.9 10016.2 10013 10012.4 10012.5 10014.3 10016.5 10017.3 10013.7 10005.5 10003.1 10013.3 10011.6 10007.7 10004.3 10004.7 10000.5 9994.29 9987.88 9984.37 9979.81 9973.77 9964.35
10150 10214.4 10240 10250.8 10262.2 10271.2 10271.6 10270.1 10270.4 10263 10253.9 10243.5 10231.6 10217 10214.2 10211.7 10204.8 10195.2 10185.8 10164 10155.6 10156.2 10154.7 10154.8 10156.8 10159.7 10145.5 10131.5 10125 10120.8 10117.3 10113.3 10105.5 10100.6 10093.2 10084.8 10076.1 10068.6 10060.1 10047.7 10032.9 10028.8 10020 10019 10014.1 10010.9 10010.3 10010.6 10011.4 10013.4 10016.9 10017.3 10013.2 10005.5 9999.6 10012 10010.4 10008.7 10008.5 10010.1 10008.9 10002.4 9995.51 9991.41 9986.55 9974.36 9962.85
10060.4 10146.9 10185.8 10211.3 10229.8 10247.8 10257.6 10261.8 10263.7 10262.4 10256.2 10243.2 10229.6 10215.3 10210.7 10206.2 10199.9 10192.8 10187.5 10171.7 10159 10154.1 10151.2 10148.8 10147.5 10140.1 10132.2 10127.7 10125.4 10123.1 10120.1 10116.8 10112.6 10105.3 10096.2 10086 10075.7 10066.4 10057.7 10043.1 10027.6 10020.4 10017.3 10012.8 10010.5 10009.3 10009.9 10010.7 10011.5 10014 10017.3 10018.8 10017.3 10007.4 9997.53 9999.83 10006.3 10006 10006 10008.5 10006.4 10003.3 10001 9998.26 9991.33 9979.5 9968.16
10019.6 10091.7 10136.9 10170.5 10198.1 10223.7 10245.6 10257.8 10263.7 10265.1 10261.6 10241.8 10227.8 10218.5 10212.3 10207 10202 10198.6 10195.1 10186.7 10162 10156.1 10152.4 10150 10145.9 10139.3 10133.4 10129.1 10127.2 10125.4 10123 10121 10118.7 10110.5 10098.1 10085.9 10073.6 10062.1 10052.1 10042.1 10035 10029 10022.2 10016.6 10012.4 10008.8 10010.8 10012.2 10010.5 10011.6 10018.7 10020.6 10019.2 10012.1 10003.9 10004.9 10004.7 10001.6 9997.76 9999.18 10001.3 10002.9 10003.5 10000 9995.57 9987.17 9973.22
9949.89 10011.1 10063.1 10112.3 10159.3 10201.2 10234.3 10257.3 10265.7 10270.8 10270.8 10253.1 10236.7 10224.8 10217.2 10211.7 10205.8 10202.2 10198 10198.5 10173.8 10160.8 10156.9 10154.6 10151.4 10146.2 10138.2 10133 10130 10127.5 10124.9 10122.6 10120.4 10111.7 10097.5 10084.1 10071.1 10057.8 10044.5 10040.6 10037.5 10033.5 10024.9 10026 10023.7 10018 10012.4 10006.1 10008 10012.3 10020.1 10019.6 10019.9 10012.8 10007.1 10003.3 9999.63 9997.59 9996.34 9996.73 9999.48 10001.2 10000.6 9998.75 9992.32 9988.64 9979.24
9735.34 9888.62 9985.2 10059.5 10124.8 10180.6 10226.8 10259.6 10271.2 10275.9 10279.7 10259.1 10238.8 10229.8 10222.6 10217.5 10214 10213.5 10214.4 10213.3 10187.1 10165.4 10168.2 10168.1 10165.5 10154.8 10141.8 10137.9 10134.3 10130.3 10125.9 10120.9 10115.2 10106 10093.1 10081.6 10069.6 10057.8 10047.7 10041.4 10036.1 10031 10032.5 10038 10038.1 10033.6 10023.4 10008.6 10007.9 10010.9 10016.1 10011.5 10007.4 10004.5 10002.7 9995.66 9995.43 9994.08 9993.62 9994.25 9992.86 9990.53 9989.57 9993.95 9983.45 9982.54 9981.56
9699.17 9815.23 9924.53 10015.7 10095.6 10165.3 10220.5 10258.7 10271.7 10277.1 10277.8 10260.7 10241 10233.5 10228.5 10224.6 10222.3 10223.3 10224.6 10214.4 10195.9 10182.8 10191.4 10205.2 10197.7 10172.5 10155.7 10147.7 10141.5 10134.8 10127.3 10118.8 10107.9 10095.4 10088.2 10080.2 10070.7 10060.3 10051.3 10045 10040.7 10040.2 10040.1 10043.1 10049 10049.7 10041.2 10021.9 10010.3 10004.9 10001.1 10002.9 10002 10000.6 9999.3 9993.96 9990.39 9989.81 9990.08 9989.64 9983.68 9976.56 9972.82 9963.29 9962.61 9965.59 9968.78
9676.28 9780.35 9887.65 9987 10079.4 10157.7 10220.6 10261.9 10270.1 10277.9 10277.1 10264.4 10246.7 10239.2 10235.7 10232.5 10229.4 10227.7 10224.2 10214.8 10201.6 10196.6 10215.2 10241.1 10233.4 10197 10174.7 10160.5 10150.4 10140.6 10130.9 10120 10106.4 10093.6 10087.6 10082.3 10075.5 10064.8 10056.2 10050.9 10046.5 10044.1 10042.2 10047.6 10053.6 10060 10055.8 10027.8 10012.8 10005.3 10001.1 10000.3 9999.92 9998.04 9990.83 9984.4 9983.73 9985.49 9986.51 9986.8 9977.87 9965.4 9959.77 9956.4 9955.17 9958.37 9962.46
9650.1 9756.61 9868.19 9975.46 10073.6 10158.8 10227.3 10266.6 10274.5 10284.6 10285.3 10274.6 10251.9 10246.5 10244.4 10242 10238.5 10235.8 10235.3 10223 10212.8 10211 10231.6 10249.7 10252.3 10226.5 10191 10174 10159.8 10147.9 10136.7 10125.3 10112.6 10101.2 10093.6 10089.3 10083.1 10074.9 10066.2 10059.1 10052.7 10048.2 10048.5 10051.5 10055.4 10061.6 10055.3 10037.3 10021.5 10010.7 10003.3 9998.97 9996.44 9993.1 9985.45 9981.79 9981.63 9982.87 9983.02 9982.51 9978.04 9974.34 9970.65 9972.77 9960.27 9963.32 9965.47
9643.4 9754.76 9863.02 9967.86 10070.2 10162.3 10238 10280.4 10287.7 10296.4 10293.9 10269.7 10258.2 10255 10254.4 10254.2 10250.4 10247.6 10243.8 10245.7 10230.2 10223 10247.3 10264.3 10268 10241.5 10208.3 10187.3 10170.9 10157.5 10145 10133.2 10122.1 10110.7 10104.2 10098.9 10094.6 10089.6 10079.3 10068.7 10060.4 10054 10053.5 10057.7 10062.4 10066.5 10065.9 10050.3 10032.8 10016.8 10004.5 9997.72 9993.22 9989.3 9985.75 9983.13 9983.3 9982.16 9981.04 9979.02 9980.23 9984.52 9994.64 9998.35 9978.8 9967.6 9966.34
9648.23 9759.25 9867.95 9976.54 10079.2 10173.6 10250.5 10289.8 10299.6 10308.8 10299.3 10268.8 10264 10265.1 10266.7 10268.4 10268.5 10261.2 10257.4 10254.7 10241.4 10236.5 10257.4 10276.4 10287.8 10254.8 10223.2 10200.4 10182.2 10166.6 10153.7 10142.4 10133.6 10127.4 10118 10107.6 10101.6 10097.3 10086.9 10077.4 10069.4 10061.9 10060.8 10064.9 10068.7 10071 10068.2 10053.9 10036.9 10020.9 10007.2 9997.55 9991.97 9986.46 9984.26 9983.78 9984.19 9983.2 9981.55 9981.69 9985.17 9989.8 9991.94 9988 9979.43 9970.98 9968.21
9648.53 9764.65 9873.52 9982.4 10086.9 10182.9 10261.5 10299.3 10309.3 10320.5 10308.1 10275.7 10274.3 10276.7 10279.3 10282.2 10283 10280.7 10282.6 10264.9 10248.9 10238.6 10251.6 10275.3 10285 10258.6 10231.2 10208.8 10189.8 10174.4 10160.5 10149.4 10141.2 10136.8 10126.5 10111.3 10101.7 10092.8 10088.4 10084.6 10080.6 10074.7 10072.1 10074.2 10075.9 10073.9 10064 10050.9 10036 10025.2 10012.8 9999.3 9994.39 9990.16 9987.2 9984.97 9985.31 9986.21 9984.63 9986.53 9991.89 9994.93 9993.72 9985.8 9978.49 9971.14 9969.3
9651.62 9768.82 9876.59 9985.46 10091.2 10190.3 10267.6 10302 10312.9 10320.5 10307.6 10287.9 10286 10287.5 10291.7 10296.2 10299.4 10305.3 10307.4 10284 10263.5 10251.8 10255.6 10271.6 10276.4 10253.4 10233.8 10216.1 10198.8 10182.6 10167.5 10154.8 10144.1 10135.2 10123.1 10109.6 10099.2 10088.2 10090 10092.5 10094.7 10095.5 10090.5 10086.6 10087 10079.5 10067.3 10056.5 10046.4 10032.9 10018.4 10003.3 9999.05 9999.56 9993.35 9987.83 9987.59 9991.14 9991.51 9992.78 9995.62 10001.1 9994.58 9985.77 9977.38 9969.58 9970.75
9642.26 9763.78 9875.32 9987.46 10098.9 10197.4 10271.5 10305.2 10313.9 10316.4 10306.4 10295.4 10294 10296.4 10302.2 10308.4 10309.7 10307.2 10305.9 10294.1 10279.5 10269.9 10269.3 10274.1 10272.5 10256.1 10238.3 10221.2 10204 10188 10171.9 10156.9 10142.9 10128.6 10113.3 10106.8 10100 10092.2 10095.5 10100.4 10106.5 10115.1 10104.6 10095.9 10096.8 10083.9 10072.7 10063.5 10053.7 10040.2 10025.5 10010.4 10002.5 9999.94 9994.52 9991.37 9990.26 9996.6 9996.74 9997.77 9999.67 9995.28 9988.83 9986.83 9979.57 9972.41 9975.07
9636.47 9754.05 9869.62 9989.25 10106.8 10208.3 10282.3 10312.8 10319.9 10319.5 10312.7 10303.2 10303.3 10307.1 10310.7 10313.6 10311.1 10303.3 10301.1 10300.1 10292.3 10284 10278.1 10282.1 10281.8 10263.5 10243.4 10223.5 10203.9 10186.1 10169.6 10155 10140.3 10126.6 10116.3 10107.8 10104.5 10102.3 10102.4 10106.4 10111.3 10110.9 10101.2 10095.1 10090.5 10082.3 10073.9 10065.5 10056.6 10046.1 10034.4 10017.5 10006 10002.6 9999.34 9996.91 9998.23 10000.8 9999.63 9997.33 9998.75 9990.36 9987.45 9984.98 9984.24 9982.85 9983.68
9632.76 9735.81 9864.91 9994.81 10119.8 10225.1 10299.7 10324.5 10335.4 10333.2 10324.4 10311.8 10313.4 10319.3 10317.5 10316.2 10315.8 10314.3 10314.2 10314.4 10309.7 10297.6 10286.5 10299.8 10303.6 10273.5 10246.6 10221.6 10201.8 10183.2 10167 10152.1 10138.1 10125.8 10115.8 10108.3 10106.7 10105.7 10107 10110.4 10113.8 10114.3 10104.9 10095.2 10087.8 10081.9 10075.7 10068.9 10061.8 10052.1 10039.9 10024.5 10013.6 10007.7 10002.6 10001.1 10003.2 10001.3 9991.4 9989.21 9986.64 9993.01 9995.36 9992.22 9993.48 9993.66 9994.26
9642.55 9738.23 9871.48 10009 10137 10248.2 10325.6 10344.3 10358.8 10365.3 10331.4 10314.6 10317.8 10326.9 10321.8 10319 10325.3 10330.8 10333.3 10334.3 10333.8 10313.2 10305 10318.3 10314.3 10275.6 10243 10216.9 10196.2 10178.8 10163.4 10149.3 10136.2 10124.3 10113.2 10107.6 10106.5 10106.5 10109 10112.4 10115.8 10114.8 10109 10096 10088 10083 10077.7 10072.4 10063.7 10055.3 10047.5 10038 10027 10011.4 10002.7 10002.8 10004.9 9998.93 9984.25 9985.06 9984.34 9991.38 9997.36 9992.14 9998.3 10001.7 10004
9661.3 9761.8 9891.06 10027.7 10163 10277 10346.8 10362.6 10375.6 10374.9 10335.6 10319.6 10317 10313.1 10325.9 10339.3 10346.7 10351.6 10357 10353.9 10336.6 10320.1 10311.8 10311.5 10305.9 10265.7 10229.9 10207.1 10189.3 10174 10160.3 10147.2 10135 10123.7 10114 10108.2 10106.8 10107.3 10110 10112.7 10116.2 10120.2 10110.4 10095.8 10087.2 10081.8 10076.7 10069.3 10062.9 10057.3 10056.2 10054.3 10037.7 10015.5 10005.3 10005 10008.2 10007.1 9998.95 9994.87 9990.5 9996.41 10001.6 9992.83 10002.3 10010.1 10013.4
9681.48 9789.69 9915.86 10053.8 10195.1 10314.2 10376.1 10385.8 10390.4 10374.7 10346.2 10330 10324.4 10325.6 10340.2 10366.4 10386.7 10410.6 10412.7 10381.1 10343.7 10314.9 10299.3 10284.6 10272.2 10231.9 10210 10194.2 10181 10168.9 10157.9 10146.6 10135.8 10125.9 10116.4 10111.2 10110.4 10110.5 10111.4 10111.7 10110.2 10106.6 10102.2 10091.7 10085.5 10081.7 10077.5 10071.9 10069.1 10067.1 10061.4 10050.2 10032.1 10017.4 10008.2 10008.2 10015 10028.3 10030.5 10012 10003.8 10012.1 10024.7 10019.1 10017.7 10022.1 10023.5
9701.89 9809.85 9940.91 10087.4 10229.7 10353.4 10416.1 10423.8 10420.8 10397.1 10358.6 10341.8 10339.1 10342.9 10353.3 10382.1 10441.1 10505.6 10475.6 10404.1 10339.3 10299.2 10277.1 10255.2 10240 10210.2 10194.4 10184.7 10175.9 10166.5 10157.5 10147.6 10138.5 10129.9 10122.9 10118.2 10117 10115.3 10114.2 10112.1 10107.2 10100.7 10094.6 10086.9 10084.4 10082.7 10078.6 10076.9 10077.7 10076.7 10067.6 10050.3 10030.3 10017.7 10011.9 10012.9 10021.4 10033.5 10033.2 10019.6 10012.2 10020 10027.6 10032.7 10033.7 10032.4 10032.1
9729.43 9836.77 9969.34 10120.8 10268.7 10389.3 10462.6 10475 10464.7 10429.4 10381.9 10363 10359.1 10360 10365.5 10394 10460.8 10509.7 10481.8 10407.8 10331.1 10281.8 10259.1 10239.8 10223.9 10202.5 10187.1 10178.6 10171.1 10163.3 10155.5 10147.8 10140.9 10134.3 10129.8 10125 10120.6 10120.1 10119.1 10116.3 10111.3 10104.5 10097.2 10089.4 10083.5 10081.4 10079 10081.3 10086.1 10089.2 10078.8 10059.5 10037.7 10023.4 10018.5 10017.5 10025.1 10032.6 10028.7 10020.5 10010.3 10017.4 10031.5 10046.9 10037.7 10038.4 10038.3
9771.39 9884.63 10019.9 10172.7 10311 10426.8 10519.2 10528.9 10508.4 10461.8 10410.6 10392.5 10386.2 10385.5 10389.3 10413.3 10461.7 10497.5 10466.8 10399.1 10325.1 10276.2 10257.1 10238 10222.5 10202.5 10186 10174.8 10166.1 10158.1 10152.5 10147.3 10142.6 10139.1 10136.5 10132.3 10127.6 10127.4 10125.7 10123 10118.7 10111.6 10103.1 10095.3 10086.1 10082 10079.2 10082.7 10088.1 10096.1 10087.2 10068 10049.9 10037.1 10027.4 10024.5 10027.8 10032.8 10032.8 10025 10021.5 10029.2 10042.2 10056.7 10049.2 10044.9 10045
9830.56 9971.84 10114.1 10239.6 10354.8 10464.5 10567.9 10576.3 10556.9 10503.7 10453.6 10431.7 10421.4 10416.9 10416.2 10433.1 10473.5 10497.1 10448 10383.3 10319.8 10274.6 10263.7 10249 10219.3 10200.6 10184.2 10172.3 10162.8 10155.7 10149.6 10146.5 10145.3 10144.8 10144.6 10142.7 10141.3 10136.1 10132.2 10129.4 10127.3 10118.6 10106.6 10095.7 10086 10084.2 10084 10086.8 10091.2 10098.8 10088.4 10065.3 10047.7 10039 10032.6 10028.7 10030.5 10034.6 10038.7 10030.9 10028.1 10039 10052.3 10061.5 10057.6 10051.5 10055.5
9891.34 10052.8 10196.5 10294.4 10377.4 10487.4 10588 10595.4 10588.2 10544.1 10494.6 10473.2 10457.5 10447.3 10441.1 10446 10467.5 10449 10408.7 10358.5 10311.6 10280.5 10273.9 10266.8 10222.3 10200.4 10183.1 10168.9 10155.1 10146.3 10143.7 10145.2 10147 10149.9 10154.1 10157.8 10150.5 10143 10135.6 10131.2 10129.1 10119.7 10107.8 10098 10093.9 10089.9 10090 10093.2 10095.7 10092.2 10075.2 10051.6 10032.5 10035 10035.3 10036.2 10034.9 10031.2 10036.1 10035.6 10035.6 10046.4 10056 10068.4 10070 10063.5 10069.4
9936.11 10111.4 10271.3 10328.7 10354.6 10385.4 10535.8 10580 10580.9 10570.8 10544.1 10518.2 10492.7 10471 10453.4 10432.4 10413.9 10385 10358.6 10325.9 10296.9 10282.8 10278.8 10258.2 10221.4 10197.1 10180.8 10158.3 10143 10133.3 10128.4 10131.6 10136.6 10145.3 10154.8 10161.1 10155.6 10145.7 10137.5 10130.1 10121.9 10114.9 10106.5 10097.2 10092.9 10093.6 10095 10098.4 10102.4 10082.7 10055.6 10039.1 10028.9 10032.2 10036.2 10041.3 10039.1 10035.6 10041.2 10044.9 10047.7 10054.7 10069.5 10089.3 10097.4 10090.2 10092.5
9940.13 10114.4 10295.5 10314 10315.3 10381.2 10510.3 10566.3 10597.4 10614.7 10603.5 10553.2 10513.6 10483.5 10443.6 10396.1 10358.4 10331.2 10310.1 10287.7 10268.8 10262.6 10278 10276.1 10219.5 10185.9 10160.5 10139.4 10123.6 10116.1 10114.6 10118.9 10127.3 10139.8 10151.7 10155 10147.8 10139.6 10132.3 10126.1 10118.6 10112.8 10105.8 10098.8 10095 10096 10098.1 10097.7 10093.5 10070.9 10041.8 10035 10028.7 10029.9 10036.9 10039.2 10037.1 10038.5 10050.7 10061.5 10064 10073 10095.5 10126.7 10136.1 10129.5 10118.6
9894.32 10036.8 10171.6 10204.5 10228.9 10312.7 10447.6 10556.3 10620.5 10645.3 10610.4 10554.2 10512.2 10480.2 10451.4 10359.1 10314.6 10287.2 10267 10247.8 10230.5 10219.8 10232.9 10241.6 10210.8 10159.4 10132.5 10109.8 10094.6 10090.2 10091.7 10097.9 10109.3 10124.6 10144.4 10154.4 10138.1 10126.2 10119.8 10118.2 10116.9 10113 10107.2 10101.4 10096.3 10095.4 10093 10089.8 10081.4 10067.3 10051.5 10044.6 10041.8 10047.8 10044.9 10041.8 10040.5 10044.3 10064.6 10080.8 10082 10092.5 10125.7 10167.8 10172.4 10154.2 10137.6
9823.48 9923.61 9977.5 10049.6 10130.3 10231.4 10414.3 10555.5 10623 10600.8 10555.9 10520.6 10488.7 10454.2 10389.7 10315.4 10281.4 10252 10229.7 10208.6 10189.6 10176.5 10170.5 10161.4 10128.7 10101.1 10076 10059.4 10056.4 10058.1 10062.2 10070 10080.1 10095.9 10122 10164.6 10122.6 10101 10096.8 10103.5 10109.6 10109 10107.3 10105.9 10101.8 10092.6 10082.1 10075 10072.1 10067.9 10060.7 10060.2 10063.3 10062.6 10054.2 10048.3 10044.5 10050.4 10064.4 10085.3 10093.1 10104.2 10140.4 10171.4 10162 10154.6 10140.4
9780.53 9859.92 9915.87 9995.81 10115 10282.1 10448.1 10570.4 10601.2 10529.9 10486.6 10471.4 10450.4 10421.8 10372.4 10301.6 10261.6 10225.5 10198.1 10174.5 10151.6 10129.3 10113.2 10111.6 10069.8 10039.6 10013.2 10006.6 10016.3 10023.8 10030.4 10036.6 10042.9 10049.7 10058 10069.7 10069.7 10055.5 10058.6 10072.3 10093.4 10092.4 10100.8 10110.9 10117.2 10088.5 10063.1 10055.4 10060 10063 10068.6 10074.6 10077.7 10066.3 10059.1 10056.1 10056.7 10066.5 10074.3 10091.5 10106.2 10123.5 10134 10137.3 10133.1 10125.9 10131.5
9779.78 9858.41 9925.05 10017.2 10161.6 10346.8 10491.7 10587.4 10586.8 10491.3 10449.2 10428.9 10408.6 10387.1 10341.1 10269.2 10231.8 10194 10166 10142.3 10117.6 10092.1 10060 10052.6 10011.2 9993.96 9981.73 9979.58 9988.19 9995.41 10001.3 10005.1 10005.6 10001.6 9987.68 9958.32 9971.61 9997.66 10011.9 10018.5 10031.1 10062.7 10087.1 10105.6 10107.9 10066.6 10055.8 10048.7 10061.7 10071.6 10082.1 10087.4 10088.1 10076.8 10067 10066.6 10072.3 10079.2 10083.8 10104.7 10123.8 10146.4 10129.2 10122.3 10123.1 10125 10133
