real_craters/C204-500m.grd
DSAA
534 534
-133.2625 133.2625
-133.2625 133.2625
8063.7231009393 11422.299673091
[rows 330 to 359 of 534, columns 67 to 133 of 534]
9749.07 9755.02 9761.56 9768.96 9778.89 9788.04 9793.08 9794.13 9795.81 9789.34 9784.46 9776.58 9774.04 9778.12 9784.34 9790.57 9790.85 9790.2 9792.48 9799.47 9808.02 9812.51 9810.22 9803.68 9808.12 9810.17 9813.32 9811.06 9807.66 9808.56 9814.49 9826.53 9844.05 9853.93 9850.64 9843.56 9839.01 9838.29 9839.78 9835.66 9826.98 9821.27 9820.53 9822.25 9821.71 9817.32 9815.17 9810.8 9798.24 9795.08 9798.15 9797.92 9795.91 9793.61 9793.96 9795.43 9798.53 9803.77 9824.27 9847.74 9871.09 9881.02 9876.58 9877.69 9885.62 9893.26 9908.04
9750.39 9755.73 9762.31 9770.53 9776.65 9782.86 9786.45 9787.57 9787.49 9784.37 9781.62 9778.73 9778.96 9783.69 9785.93 9787.01 9789.83 9793.43 9795.55 9802.03 9805.71 9805.72 9805.21 9807.08 9811.52 9811.09 9807.91 9802.29 9802.22 9806.27 9812.26 9828.15 9843.64 9854.03 9846.06 9834.02 9831.14 9833.8 9842.26 9837.88 9830.26 9822.73 9819.46 9819.43 9817.55 9812.56 9814.87 9815.46 9811.62 9802.91 9797.1 9793.78 9790.67 9789.02 9788.16 9787.09 9790.78 9798.54 9818.66 9850.21 9875.89 9874.27 9864.05 9866.61 9875.48 9887.02 9906.88
9751.13 9755.58 9761.31 9767.22 9773.89 9779.48 9783.64 9785.91 9785.66 9781.78 9783.18 9783.93 9785.82 9787.56 9788.12 9788.18 9791.38 9798.02 9805.97 9807.39 9805.55 9803.21 9801.83 9802.6 9802.1 9799.92 9797.27 9794.67 9800 9808.14 9817.17 9828.39 9839.61 9847.4 9840.85 9832.16 9827.23 9832.09 9846 9839.65 9832.12 9825.69 9821.71 9820.01 9819.25 9818.5 9824.08 9824.17 9822.37 9805.27 9800.72 9794.43 9786.97 9779.07 9774.96 9779.92 9786.27 9794.41 9819.99 9853.14 9872.56 9868.97 9864.62 9868.73 9874.61 9881.13 9890.23
9749.5 9754.39 9759.73 9766.13 9771.55 9777.29 9782.84 9787.64 9788.23 9788.42 9788.32 9790.11 9791.74 9792.29 9790.41 9789.35 9792.77 9801.16 9809.48 9809.71 9805.03 9800.8 9799 9798.31 9795.46 9791.22 9791.1 9796.22 9803.98 9810.23 9819.1 9827.94 9835.98 9837.65 9833.23 9827.72 9823.61 9833.67 9841.83 9836.15 9831.05 9826.95 9823.14 9821.47 9820.56 9823.79 9826.35 9827.52 9819.83 9817.96 9809.13 9798.83 9788 9776.47 9769.89 9778.04 9789.62 9806.47 9836.16 9855.62 9865.08 9865.38 9864.85 9876.98 9885.6 9888.3 9887.77
9748 9752.94 9757.31 9761.47 9767.95 9775.15 9782.14 9787.76 9790.97 9791.7 9790.38 9789.42 9790.91 9791.06 9791.05 9792.17 9795.9 9801.77 9807.13 9807.28 9803.13 9798.16 9796.06 9802.56 9796.27 9781.05 9787.63 9799.22 9807.97 9815.4 9826.86 9835.27 9835.95 9830.87 9824.01 9819.98 9810.49 9815.98 9824.71 9825.68 9825.92 9826.7 9826.97 9823.13 9819.49 9814.4 9826.58 9834.43 9839.4 9835.23 9817.41 9805.46 9794.93 9784.11 9775.94 9784.84 9793.8 9801.23 9829.49 9846.84 9855.24 9862.9 9884.99 9895.91 9906.47 9915.57 9921.59
9748.85 9752.66 9755.78 9759.14 9765.01 9772.95 9781.17 9788.73 9792.93 9794.95 9793.5 9789.27 9788.99 9789.55 9791.46 9792.67 9794.91 9800.85 9805.42 9805.56 9800.51 9795.42 9793.67 9794.2 9793.49 9783.53 9789.38 9801.08 9814.42 9825.86 9835.21 9840.51 9838.38 9824.59 9816.99 9812.53 9790.45 9786.05 9802.54 9813.31 9819.52 9821.23 9827.29 9825.08 9824.02 9829.88 9836.39 9838.97 9842.8 9828.83 9818.85 9811.53 9805.46 9801.66 9801.69 9799.15 9798.68 9804.41 9821.58 9835.78 9842.35 9852.55 9880.45 9903.64 9928.51 9953.68 9974.63
9752.27 9754.63 9756.33 9757.51 9762.92 9771.04 9779.37 9787.51 9792.3 9795.13 9793.29 9787.03 9786.88 9788.96 9790.41 9792.6 9795.92 9799.95 9802.13 9800.94 9797.3 9792.03 9787.8 9789.55 9788.63 9787.37 9795.22 9807.42 9823.78 9837.83 9847.01 9851.65 9845.83 9834.67 9817.08 9801.86 9776 9770.38 9790.38 9806.2 9816.66 9823.5 9824.79 9826.36 9827.67 9833.09 9835.91 9835.11 9831.17 9822.35 9819.36 9816.56 9814.85 9816.34 9820.35 9812.12 9802.64 9797.52 9813.3 9822.62 9827.42 9836.16 9859.96 9902.99 9942.86 9987.74 10034.7
9758.05 9758.98 9759.36 9760.3 9763.92 9770.02 9776.76 9782.75 9786.89 9789.1 9789.39 9784.74 9783.08 9783.75 9786.49 9791.29 9796.69 9799.62 9800.35 9798.54 9795.24 9789.81 9784.71 9784.64 9786.26 9790.39 9802.52 9817.24 9833.61 9849.15 9858.76 9860.11 9851.2 9837.62 9816.08 9800.23 9778.16 9778.84 9794.99 9808.65 9818.91 9825.26 9827.06 9829.49 9829.76 9834.43 9830.14 9829.51 9828.76 9827.11 9823.39 9820.48 9820.5 9822.73 9826.36 9817.41 9808.72 9803.32 9809.77 9812.16 9814.3 9821.58 9845.35 9892.24 9940.79 9996.91 10056.4
9765.47 9764.97 9764.18 9763.44 9765.07 9770.33 9774.74 9777.67 9780.02 9781.62 9780.45 9778.34 9778.4 9777.82 9780.53 9788.3 9796.38 9798.41 9800.28 9800.5 9795.35 9788.97 9784.63 9785.01 9787.68 9797.27 9813.75 9829.38 9842.54 9857.92 9872.22 9863.46 9852.64 9837.17 9821.84 9816.59 9809.81 9808.88 9811.31 9818.36 9825.91 9831.7 9838.02 9836.41 9830.75 9827.33 9819.16 9822.93 9827.7 9826.66 9821.3 9821.07 9821.72 9822.45 9821.44 9815.88 9808.84 9810 9812.12 9805.01 9803.36 9803.06 9816.65 9868.98 9924.56 9973.72 10016.8
9773 9772.19 9771.46 9770.36 9770.47 9774.24 9775.79 9775.13 9775.12 9777.49 9777.68 9776.96 9775.65 9775.51 9778.57 9783.58 9788.92 9793.91 9797.84 9800.49 9795.76 9790.4 9784.96 9789.36 9794.98 9809.32 9824.06 9840.61 9847.11 9864.13 9870.91 9863.88 9855.24 9847.27 9839.86 9830.44 9831.64 9826.88 9825.86 9828.49 9834.01 9840.47 9846.05 9837.65 9826.55 9821.66 9812.67 9815.82 9821.56 9820.98 9817.98 9819.28 9819.86 9820.42 9820.42 9814.36 9806.14 9812.73 9814.66 9808.75 9794.77 9789.13 9814.12 9865.4 9910.79 9937.48 9939.03
9781.13 9780.75 9780.72 9781.36 9783.15 9782.55 9781.43 9778.26 9776.19 9779.36 9780.31 9777.25 9774.53 9772.41 9773.23 9779.41 9785.64 9790.57 9792.78 9792.72 9795.51 9797.39 9795.39 9805.31 9812.12 9815.66 9821.93 9836.98 9849.56 9859.36 9860.96 9856.62 9853.81 9854.93 9848.51 9832.17 9833.19 9834.36 9834.27 9835.2 9838.46 9842.92 9841.29 9828.89 9817.45 9813.9 9806.67 9808.22 9811.92 9814.45 9816.98 9816.89 9817.02 9817.34 9815.6 9811.35 9807.88 9815.1 9811.07 9795.8 9790.29 9790.63 9830.13 9880.54 9909.25 9915.31 9900
9788.31 9788.86 9789.99 9791.76 9792.82 9792.38 9790.71 9788.3 9786.5 9787.08 9784.22 9778.62 9774.42 9770.37 9769.17 9777.79 9786.76 9790.5 9789.04 9788.45 9797.48 9811.29 9825.48 9828.59 9829.84 9814.58 9825.65 9844.32 9857.69 9855.23 9850.69 9851.69 9851.7 9850.43 9839.25 9829.51 9835.43 9837.18 9836.36 9835.78 9836.55 9837.19 9832.11 9820.18 9807.48 9807.59 9799.75 9801.99 9806.79 9812.19 9813.73 9812.49 9812.75 9814.45 9816.92 9816.7 9812.55 9812.69 9807.07 9797.88 9796.33 9799.08 9856.84 9917.46 9923.08 9911.53 9888.66
9794.26 9795.83 9797.89 9800.72 9803.64 9802.79 9801.3 9800.96 9800.11 9798.16 9790.45 9782.35 9777.41 9773.17 9771 9778.64 9789.58 9791.61 9786.36 9786.55 9800.12 9820.44 9838.29 9832.42 9827.75 9832.85 9852.02 9861.59 9863.86 9854.17 9847.24 9848.18 9847.25 9839.71 9828.94 9822.63 9832.96 9834.72 9833.73 9832.57 9830.28 9827.94 9825.39 9815.07 9804.29 9802.7 9796.91 9795.58 9799.72 9806.32 9804.62 9804.57 9806.9 9810.23 9813.47 9813.33 9809.29 9808.14 9805.9 9809.56 9813.16 9822.45 9881.47 9937.83 9936.04 9916.17 9890.03
9798.83 9801.29 9804.01 9807.21 9810.6 9810.07 9810.6 9812.62 9816.65 9814.34 9801.36 9789.83 9784 9780.24 9779.19 9778.95 9781.32 9781.78 9781.53 9787.11 9803.5 9823.52 9836.05 9839.48 9835.44 9856.46 9876.95 9869.79 9862.29 9851.86 9846.48 9845.26 9840.8 9833.23 9819.79 9812.01 9825.56 9829.34 9829.03 9827.2 9823.12 9816.78 9808.22 9806.57 9804.59 9797.16 9787.89 9788.99 9789.23 9785.95 9788.58 9794.91 9800.07 9804.4 9807.22 9808.54 9807.56 9806.46 9803.81 9810.26 9813.28 9838.98 9891.97 9941.08 9939.03 9921.05 9898.82
9802.44 9805.48 9808.53 9810.7 9811 9814.03 9816.61 9818.53 9821.18 9820.92 9808.93 9797.89 9792.2 9788.1 9784.57 9777.96 9768.48 9765.15 9777.65 9789.99 9809.68 9833.98 9847.67 9854.28 9851.94 9863.65 9862.12 9860.17 9856.97 9849.47 9844.84 9847.55 9849.32 9835.25 9820.49 9807.38 9821.85 9823.73 9823.3 9820.72 9816.66 9810.56 9801.56 9798.35 9791.11 9791.65 9792.89 9789.07 9784.6 9781.33 9782.35 9788.33 9794.15 9799.5 9804.09 9805.62 9808.59 9807.32 9803.52 9807.43 9823.61 9847.6 9887.9 9927.23 9928.2 9924.57 9914.86
9805.8 9809.17 9812.28 9814.82 9816.85 9819.37 9820.06 9819.59 9817.97 9814.93 9812.32 9806.16 9803.01 9797.31 9791 9782.08 9771.93 9768.65 9783.55 9798.61 9816.56 9838.32 9845.07 9835.12 9846.56 9857.31 9853.72 9853.8 9852.88 9848.77 9846.24 9846.87 9846.8 9834.95 9823.45 9814.94 9820.43 9819.52 9817.24 9814.3 9811.76 9808.66 9805.22 9793.4 9790.1 9787.52 9785.16 9783.17 9783.33 9784.25 9783.66 9786.55 9789.69 9794.88 9802.07 9812.1 9810.84 9806.05 9802.99 9818.01 9837.55 9859.66 9877.1 9886.14 9909.03 9928.82 9942.49
9812.65 9815.71 9818.47 9821.94 9824.75 9827 9828.39 9827.01 9822.73 9819.38 9817.11 9816.74 9815.62 9808.43 9797.24 9793.29 9791.73 9788.52 9799.38 9811.38 9824 9829.96 9831.55 9829.97 9840.04 9850.33 9852.33 9852.02 9847.71 9845.07 9846.78 9837.65 9832.47 9827.75 9824.81 9818.15 9823.37 9817.4 9810.35 9807.3 9806.63 9807.07 9804.11 9797.44 9790.05 9782.91 9776.5 9775.76 9781.11 9787.46 9789.1 9785.14 9785.16 9788.29 9794.6 9806.08 9808.95 9805.75 9808.68 9826.81 9847.12 9864.6 9873.77 9882.73 9905.08 9936.31 9969.32
9817.37 9819.42 9822.33 9825.03 9828.56 9832.18 9834.97 9835.45 9837.35 9841.62 9809.37 9833.76 9825.87 9821.29 9817.86 9818.5 9820.4 9828.72 9813.47 9810.76 9811.13 9805.19 9821.11 9834.67 9846.78 9854.63 9857.49 9854.54 9847.07 9839.63 9827.23 9821.71 9815.63 9819.48 9822.08 9827.3 9824.68 9810.65 9799.29 9797.57 9800.11 9805.37 9810.57 9804.69 9790.24 9778.6 9770.45 9770.06 9778.82 9785.67 9781.16 9778.7 9779.01 9780.08 9781.66 9789.17 9807.19 9810.37 9818.81 9832.07 9848.97 9862.95 9872.76 9886.45 9908.58 9939.1 9976.28
9823.5 9825.57 9826.93 9829.15 9831.93 9834.48 9836.07 9834.82 9812.78 9744.35 9766.21 9809.84 9819.37 9827.91 9843.03 9846.48 9831.21 9822.44 9806.76 9792.59 9779.43 9784.82 9816.72 9851.47 9859.5 9861.97 9864.92 9851.44 9836.25 9820.44 9811.6 9813.2 9813.86 9820.35 9829.65 9839.12 9805.03 9779.56 9777.87 9782.09 9788.39 9796.12 9805.3 9792.76 9777.36 9772.17 9771.21 9774.16 9777.16 9780.51 9776.03 9773.25 9774.11 9774.31 9774.08 9780.63 9804.53 9813.59 9824.76 9837.43 9851.59 9857.48 9867.19 9883.95 9904.55 9929.54 9960.04
9833.05 9832.15 9831.97 9830.47 9831.5 9832.14 9834.67 9836.56 9837.76 9774.47 9768.47 9783.21 9808.74 9823.38 9833.63 9832.77 9819.75 9800.57 9794.16 9783.58 9776.16 9789.12 9813.62 9844.77 9858.5 9860.57 9848.83 9835.39 9821.34 9808.31 9805.18 9816.86 9835.29 9832.28 9807.23 9776.63 9764.95 9750.34 9757.86 9767.39 9775.02 9780.79 9776.85 9759.35 9758.77 9764.37 9770 9774.38 9773.28 9771.29 9768.97 9770.19 9772.5 9773.97 9775.59 9782.31 9801.8 9814.8 9824.08 9831.78 9839.78 9846.41 9854.65 9868.2 9886.23 9909.31 9935.73
9838.67 9836.93 9833.92 9832.97 9832.67 9833.37 9827.41 9823.7 9808.38 9811.26 9797.27 9799.84 9810.93 9815.55 9812.24 9805.37 9808.32 9806.32 9797.51 9783.94 9775.84 9788.28 9806.41 9828.91 9845.78 9846.22 9832.52 9820.74 9811.41 9807.86 9803.85 9818.47 9847.85 9830.59 9771.61 9745.19 9736.48 9736.41 9748.16 9759.19 9766.26 9768.5 9763.4 9754.49 9754.82 9760.51 9765.71 9766.92 9769.49 9767.9 9769.91 9773.24 9772.35 9776.14 9783.26 9790.96 9800.62 9816.49 9825.48 9828.05 9828.31 9832.38 9837.65 9846.83 9864.16 9882.82 9909.37
9840.48 9837.41 9833.67 9828.79 9822.42 9819.89 9815.25 9813.99 9807.32 9812.25 9823.06 9826.72 9818.39 9808.97 9800.7 9795.61 9802.33 9810.85 9802.62 9786.99 9778.46 9786.22 9799.75 9820.73 9836.46 9831.94 9819.37 9812.29 9809.44 9807.16 9801.49 9810.25 9822.51 9794.27 9730.6 9709.32 9720.96 9735.68 9749.15 9757.77 9761.64 9762.07 9758.97 9755.21 9753.76 9760.46 9765.2 9771.05 9767.28 9766.56 9766.24 9765.17 9768.86 9775.51 9785.21 9792.21 9795.79 9802.95 9816.74 9817.76 9817.14 9819.26 9820.34 9820.67 9824.74 9855.73 9883.29
9846.3 9841.68 9837.39 9831.31 9818.32 9799 9817.2 9823.27 9827.36 9851.54 9847.57 9840.65 9820.05 9803.06 9793.63 9795.28 9793.01 9798.38 9796.09 9787.13 9782.99 9787.38 9797.29 9814.1 9826.01 9821.08 9813.81 9810.97 9807.34 9798.64 9799.74 9803.77 9798.06 9765.33 9707.51 9698.43 9720.58 9746.26 9756.43 9759.9 9760.97 9760.86 9760.11 9758.1 9766.05 9761.81 9761.18 9760.63 9759.24 9757.22 9754.44 9753.9 9762.53 9770.69 9778.86 9781.48 9778.14 9781.28 9801.69 9812.59 9809.84 9807.24 9805.49 9806.99 9815.65 9839.25 9865.18
9849.35 9844.11 9840.26 9838.68 9838.07 9843.08 9849.96 9854 9852.14 9869.46 9851.29 9827.59 9804.26 9788.17 9778.61 9773.08 9775.62 9781.82 9784.52 9783.77 9785.51 9792.31 9797.15 9809.48 9818.96 9817.13 9815.16 9819.16 9817.72 9803.17 9796.33 9789.1 9786.44 9769.77 9741.61 9723.57 9735.08 9753.76 9763.19 9765.31 9764.3 9762.56 9764.73 9766.58 9762.37 9757.48 9754.46 9751.87 9750.44 9748.22 9746.89 9751.93 9757.61 9764.3 9769.39 9773.67 9775.4 9773.71 9785.31 9797.93 9797.15 9792.36 9791.15 9795.79 9809.78 9826.75 9849.72
9851.82 9846.63 9843.22 9843.07 9853.02 9880.75 9880 9885.11 9879.67 9866.35 9835.39 9797.85 9777.16 9769.59 9762.34 9755.79 9759.62 9764.86 9770.54 9782.39 9790.12 9796.05 9799.26 9808.97 9820.25 9823.69 9828.26 9838.98 9837.13 9825.28 9801.43 9782.88 9779.78 9776.4 9768.22 9746.67 9758.77 9770.21 9774.06 9771.34 9767.77 9762 9755.57 9752.2 9749.04 9749.06 9747.05 9744.84 9742.78 9743.28 9745.56 9750.12 9750.82 9756.09 9763.61 9765.93 9765.8 9761.96 9771.27 9786.5 9785.76 9777.83 9774 9778.01 9791.83 9808.08 9832.55
9851.91 9847.14 9844.49 9843.1 9846.13 9851.1 9871.29 9892.98 9881.58 9843.79 9812.62 9781.83 9763.94 9757.69 9753.3 9751.73 9756.3 9763.12 9773.91 9791.91 9800.46 9803 9799.27 9809.45 9818.73 9831.51 9842.67 9845 9840.81 9827.16 9796.72 9759.4 9768.86 9782.33 9777.78 9792.16 9787.58 9782 9778.44 9775.87 9770.6 9763.47 9754.7 9747.97 9745.27 9744.33 9741.45 9735.43 9734.27 9737.46 9740.79 9737.02 9736.35 9741.76 9750.81 9750.76 9749.38 9742.42 9752.66 9778.77 9767.57 9755.69 9751.34 9752.07 9759.82 9777.66 9809.6
9847.66 9843.03 9838.73 9836.09 9836.28 9836.02 9856.53 9883.65 9857.23 9823.02 9797.04 9775.01 9760.2 9752.63 9749.84 9752.06 9759.27 9773.24 9792.47 9815.1 9825.16 9818.47 9808.99 9818.05 9828.66 9835.7 9834.38 9826.95 9830.78 9826.11 9796.75 9759.22 9744.42 9765.16 9792.35 9795.15 9797 9795.84 9790.45 9781.08 9772.73 9767.14 9759.51 9749.3 9746.79 9745.03 9741.41 9736.23 9732.69 9730.34 9725.01 9717.01 9717.57 9720.57 9724.48 9728.63 9728.33 9724.42 9730.92 9742.66 9739.03 9729.9 9729.69 9729.06 9726.33 9748.94 9786.93
9842.14 9837.41 9833.97 9830.78 9829.46 9831 9839.11 9840.3 9812.4 9799.88 9783.34 9767.65 9757.54 9751.67 9748.67 9748.05 9760.45 9787.74 9818 9842.3 9849.36 9837.34 9830.87 9830.43 9835.63 9831.74 9814.32 9802.37 9819.96 9819.2 9785.41 9723.24 9703.65 9702.02 9757.88 9803.28 9811.05 9807.42 9798.93 9782.07 9771.51 9765.33 9760.5 9755.62 9752.23 9750.27 9746.31 9740.81 9734.94 9727.77 9718.83 9711.04 9707.93 9704.52 9703.86 9710.67 9713.68 9719.32 9718.25 9727.51 9724.01 9716.16 9717.77 9719.98 9724.93 9743.05 9771.98
9836.79 9835.15 9831.28 9826.76 9819.22 9809.73 9809.19 9816.67 9802.23 9785.45 9771.13 9762.82 9757.48 9755.71 9754.68 9753.64 9766.6 9799.67 9832.58 9848.27 9852.16 9845.58 9838.78 9835.5 9837.76 9827.49 9804.71 9807.69 9815.89 9801.33 9762.51 9706.82 9697.07 9724.62 9795.88 9834.83 9828.11 9806.26 9786.95 9774.47 9765.58 9759.43 9759.73 9760.9 9761.14 9758.34 9752.4 9746.56 9739.62 9729.6 9718.51 9713.73 9709.91 9702.7 9699.81 9702.83 9709.6 9718.94 9716.41 9723.34 9721.96 9713.2 9714.86 9720.4 9729.61 9744.56 9762.73
9837.62 9836.3 9831.09 9825.76 9819.73 9813.6 9817.77 9821.88 9807.23 9784.17 9769.25 9764.12 9761.3 9767.05 9769.6 9772.91 9784.4 9805.04 9826.9 9818.34 9830.46 9842.42 9836 9831.9 9830.4 9831.71 9826.8 9824.26 9819.94 9800.74 9766.72 9730.61 9737.68 9795.74 9847.7 9841.08 9821.97 9797.06 9774.61 9765.2 9759.09 9756.67 9765.76 9764.86 9766.78 9763.71 9755.61 9750.13 9746.68 9732.97 9722.46 9719.37 9716.28 9708.31 9702.36 9700.96 9707.05 9716.24 9713.42 9722.53 9724.55 9718.78 9718.35 9723.77 9733.97 9746.11 9755.92
