real_craters/C204-1000m.grd
DSAA
153 153
-76.15 76.15
-76.15 76.15
6059.5165436152 11328.042428984
[rows 90 to 119 of 153, columns 67 to 133 of 153]
6924.35 6926.36 6929.56 6935.85 6940.9 6990.52 7054.4 7098.68 7119.63 7154.53 7121.32 7123.6 7116.25 7111.45 7083.02 7015.06 6983.34 6963.91 6935.51 6898.77 6854.14 6813.49 6803.61 6800.96 6799.88 6808.33 6812.56 6819.17 6821.77 6876.31 6971.7 7019.84 7026.94 7050.84 7175.45 7314.3 7457.38 7615.99 7793.73 7989.82 8017.32 8041.05 8049.99 8208.51 8427.69 8648.9 8733.17 8770.4 8772.08 9123.39 9312.1 9392.17 9509.4 9546.16 9499.96 9552.79 9674.87 9666.42 9452.48 9443.75 9453.08 9339.84 9302.99 9277.89 9246.29 9232.56 9219.6
6921.47 6917.94 6911.9 6911.16 6913.16 6933.12 6959.39 6992.29 7000.81 6979.87 6990.62 7008.27 7015.46 7009.7 6983.98 6946.28 6920.92 6898.66 6875.21 6851.42 6830.26 6811.1 6805.28 6807.26 6809.61 6817.11 6838.33 6866.47 6886.44 6948.07 7024.52 7072.63 7116.18 7158.27 7303.52 7458.74 7625.08 7757.58 7901.63 8041.73 8083.75 8090.42 8168.76 8359.97 8578.55 8748.92 8801.37 8870.62 8966.18 9160.44 9326.83 9341.79 9488.45 9556.41 9489.34 9579.5 9588.66 9533.65 9539.58 9483.54 9435.47 9301.48 9283 9264.1 9240.74 9227.18 9197.64
6922.18 6903.25 6895.51 6888.46 6880.15 6888.01 6901.63 6919.13 6922.16 6911.95 6911.48 6928.39 6945.26 6941.8 6926.99 6903.2 6877.39 6856.88 6836.84 6822.75 6816.42 6807.93 6806.51 6811.03 6816.21 6832.19 6874.77 6937.75 7029.76 7103.29 7115.43 7178.37 7263.44 7349.36 7475.45 7579.73 7687.1 7779.8 7999.87 8162.83 8141.83 8174.04 8308.99 8562.23 8758.02 8918.64 8877.69 8908.5 9048.32 9397.52 9417.84 9380.02 9528.49 9642.06 9633.42 9602.7 9568.22 9565.52 9541.05 9445.79 9361.93 9320.75 9288.98 9246.55 9210.98 9177.83 9130.03
6929.07 6901.73 6888.82 6879.17 6870.87 6868.46 6874.66 6882.52 6880.95 6873.03 6876.13 6879.89 6889.79 6889.01 6883.62 6869.79 6849.6 6835.98 6821.94 6815.07 6814.62 6813.38 6818.13 6826.65 6831.51 6843.99 6906.9 6991.97 7082.94 7160.26 7185.72 7244.8 7456.17 7621.88 7631.54 7689.81 7776.7 7939.01 8056.1 8096.75 8182.33 8316.87 8510.58 8725.99 8880.43 8978.09 8897.72 8996.35 9402.67 9627.32 9378.23 9332.95 9531.63 9633.05 9657.26 9659.88 9558.29 9448.52 9539.96 9419.7 9331 9273.76 9260.26 9221.36 9174.69 9128.32 9091.89
6947.11 6915.47 6897.02 6881.47 6866.57 6859.81 6861.33 6859.18 6859.24 6847.52 6844.66 6848.12 6853.56 6854.95 6855.41 6851.4 6843.86 6834.92 6823.97 6819.4 6820.77 6822.4 6831.59 6842.71 6852.57 6865.75 6942.46 7042.63 7135.79 7205.14 7285.97 7382.36 7533.99 7629.18 7687.39 7740.34 7806.83 7920 8166.95 8229.08 8228.04 8375.92 8639.57 8842.45 8958.9 8967.45 8882.83 9045.04 9510.37 9441.48 9247.75 9303.34 9477.12 9570.28 9553.33 9611.16 9542.65 9461.46 9526.57 9488.61 9320.7 9264.82 9227.57 9186.41 9143.46 9089.82 9042.58
6970.11 6939.62 6917.42 6897.22 6878.25 6865.26 6863.87 6863.22 6855.17 6837.37 6827.24 6834.13 6838.48 6838.36 6841.73 6846.32 6843.56 6838.67 6831.93 6827.78 6822.41 6830.73 6845.09 6858.64 6871.07 6904.2 7003.48 7097.42 7203.52 7348.91 7387.24 7485.12 7574.03 7676.25 7755.87 7801.36 7858.83 8047.2 8345.19 8319.88 8261.93 8413.86 8682.72 8867.01 8999.99 9017.12 8872.49 9037.5 9440.55 9207.39 9353.06 9420.21 9469.45 9449.77 9466.17 9555.52 9533.19 9484.07 9511.3 9426.88 9335.24 9223.53 9205.25 9166.99 9122.12 9069.7 9022.01
6993.42 6969.2 6946.87 6923.9 6903.14 6887.64 6883.38 6878.97 6868.72 6853.05 6845.58 6841.98 6841.07 6839.63 6840.12 6843.63 6845.15 6844.59 6838.46 6841.9 6842.75 6844.14 6852.54 6872.56 6901.31 6970.42 7071.91 7161.99 7254.78 7320.66 7436.55 7515.8 7640.07 7796.22 7863.95 7929.61 7988.67 8240.28 8398.81 8314.6 8247.49 8420.24 8662.74 8873.78 8963.21 8958.89 8882.84 9168.76 9369.21 9151.58 9362.56 9481.93 9493.34 9429.83 9510.71 9643.8 9472.51 9474.75 9524.12 9403.72 9367.89 9275.26 9213.48 9169.18 9122.71 9079.93 9049.73
7026.56 7003.82 6980.94 6957.95 6937.19 6926.73 6913.86 6905.85 6894.35 6880.75 6866.92 6859.71 6852.51 6852.9 6853.42 6848.83 6848.9 6846.74 6850.72 6861.36 6871.4 6869.41 6873.5 6901.63 6941.67 7040.11 7125.3 7237.19 7350.83 7449.68 7560.38 7663.92 7813.46 7896.37 7990.12 8113.49 8219.94 8390.72 8372.58 8296.11 8269.41 8429.49 8645.66 8813.44 8887.5 8982.08 9016.06 9353.74 9152.7 9163.71 9320.32 9470.61 9515.94 9430.11 9504.1 9643.3 9399.91 9415.98 9471.66 9463.06 9402.36 9307.29 9219.57 9158.89 9117.77 9089.59 9081.7
7073.43 7042.48 7016.25 6995.72 6975.45 6959.56 6950.27 6937.46 6927.28 6912.43 6898.82 6883.51 6867.27 6850.72 6857.08 6858.21 6852.73 6861.34 6866.2 6884.8 6898.5 6903.22 6912.99 6953.87 7021.44 7149.84 7210.92 7333.38 7468.77 7618.91 7724.38 7800.41 7912.5 8094.21 8200.55 8287.26 8436.85 8457.9 8368.59 8320.57 8304.97 8459.55 8664.54 8828.04 9097.83 9235.97 9296.22 9190.73 9088.62 9233.02 9335.69 9451.09 9493.81 9449.6 9493 9539.61 9415.17 9444.63 9481.76 9440.19 9389.06 9298.26 9212.48 9161.68 9124.89 9094.26 9064.38
7093.3 7070.65 7050.51 7031.06 7015.45 7007.4 6991.82 6976.79 6960.08 6945.13 6930.1 6910.3 6889.92 6874.29 6877.75 6877.38 6871.44 6878.92 6890.87 6913.41 6930.3 6942.5 6963.83 7004.7 7076.34 7188.54 7332.7 7446.14 7586.84 7732.26 7851.33 7929.45 8107.72 8211.28 8277.48 8377.69 8492.38 8504.78 8422.28 8366.75 8376.21 8550.45 8789.08 9071.57 9450.94 9454.7 9360.94 9145.86 9102.9 9298.19 9423.26 9471.5 9453.87 9450.97 9421.67 9360.98 9411.27 9452.52 9455.78 9391.69 9271.99 9191.57 9170.51 9139.13 9109.68 9079.31 9044.13
7100.3 7099.84 7087.31 7071.4 7055.84 7046.51 7028.81 7016.71 6998.48 6978.72 6956.12 6933.24 6912.71 6904.44 6901.26 6904.77 6903.05 6913.35 6934.64 6952.74 6961.57 6984.81 7014.74 7048.24 7096.73 7221.45 7362.9 7556.66 7695.97 7818.69 7926.4 8005.97 8185.99 8223.3 8256.89 8431.13 8560.83 8596.44 8527.41 8473.51 8543.42 8702.07 8957.88 9258.91 9551.46 9475.9 9369.01 9233.73 9130.93 9380.44 9500.38 9514.1 9516.19 9430.2 9318.12 9338.38 9352.98 9423.11 9468.01 9375.31 9263.79 9178.86 9136.49 9113.64 9086.27 9063.15 9033.06
7154.03 7143.51 7129.22 7113.31 7097.86 7088.18 7068.92 7056.61 7040.26 7015.67 6983.67 6957.59 6939.48 6919.72 6933.6 6947.54 6943.88 6964.38 7006.1 7020.1 7033.09 7049.96 7081.46 7112.34 7172.94 7296.14 7507.45 7675.66 7782.98 7865.28 7946.73 8027.72 8125.1 8252.16 8305.45 8549.61 8785.98 8769.47 8722.38 8715.29 8716.99 8835.48 9119.37 9453.91 9626.14 9481.97 9291.9 9160.89 9140.5 9301.28 9432.99 9517.34 9519.9 9412.7 9291.48 9357.54 9379.97 9390.73 9371.29 9271.86 9164.25 9104.37 9099.98 9077.67 9048.91 9024.46 9010.48
7204.46 7192.61 7177.09 7162.86 7144.3 7126.52 7109.44 7099.76 7084.63 7063.2 7035.5 7013.3 6998.64 6996.27 7019.56 7012.59 7013.12 7039.96 7086.62 7160.79 7107.63 7130.32 7179.96 7220.05 7278.03 7452.65 7702.58 7845.86 7896.3 7944.72 8006.53 8114.99 8256.64 8394.32 8512.68 8730.67 8941.34 8901.03 8892.78 9158.5 8983.8 8982.44 9229.66 9513.36 9646.69 9511.72 9237.69 9079.53 9184.61 9308.82 9412.54 9490.29 9479.55 9381.71 9261.35 9320.09 9371.67 9386.14 9373.7 9253.54 9162.84 9133.55 9100.17 9052.84 9017.95 8989.89 8965
7254.43 7243.53 7229.15 7211.48 7193.96 7178.22 7170.51 7153.8 7138.15 7120.83 7110.46 7106.44 7087.63 7090.24 7075.23 7080.78 7088.68 7100.48 7137.83 7197.02 7201.91 7232.01 7297.12 7400.15 7539.4 7704.99 7957.83 7950.07 7986.08 8034.2 8113.65 8321.89 8408.21 8564.13 8793.66 8873.4 8936.4 9049.18 9150.86 9212.89 9153.85 9131.52 9283.88 9460.48 9506.05 9386.68 9190.67 9113.07 9214.51 9324.32 9477.15 9493.02 9457.13 9375.13 9265.78 9328.54 9415.74 9379.6 9342.73 9240.11 9239.99 9123.86 9061.61 9028.43 9000.01 8969.31 8947.05
7311.72 7301.66 7286.71 7270.48 7252.43 7237.94 7232.25 7211.08 7194.12 7179.13 7167.79 7159.14 7152.1 7168.37 7159.01 7152.76 7151.95 7153.36 7177.23 7225.99 7303.73 7408.94 7442.79 7488.37 7652.71 7875.82 7913.03 7977.14 8064.07 8145.86 8242.68 8361.52 8600.65 8746.25 8818.56 8967.53 9124.23 9195.27 9338.09 9386.99 9273.66 9232.89 9324.95 9443.76 9391.9 9365.35 9172.07 9153.18 9276.36 9407.04 9502.62 9474.34 9442.25 9369.23 9351.36 9359.4 9385.12 9346.44 9222.97 9098.86 9065.16 9033.88 9009.79 9017.2 8994.64 8965.23 8962.6
7391.05 7367.65 7351.43 7336.54 7315.95 7294.31 7270.73 7262.15 7250.98 7236.37 7220 7196.12 7199.34 7218.27 7232.06 7218.21 7205.12 7209.64 7219.86 7295.37 7384.32 7449.24 7544.21 7602.68 7781.38 8009.5 8027.79 8062.29 8174.97 8287.01 8387.12 8514.16 8676.11 8792.31 8910.23 9078.12 9195.68 9205.96 9251.81 9325.14 9234.47 9204.4 9345.58 9453.26 9421 9303.84 9169.39 9201.56 9339.56 9455.59 9512.33 9523.7 9424.38 9335.12 9267.03 9230.54 9195.5 9234.97 9128.09 8996.53 8930.65 8963.84 9047.06 9047.49 9020.13 8978.62 8938.08
7448.84 7432.57 7422.92 7412.03 7390.91 7361.33 7331.39 7321.1 7314.61 7304.86 7291.73 7279.73 7310.83 7305.15 7294.46 7274.23 7254.46 7369.17 7358.95 7381.59 7462.51 7657.21 7728.64 7769.77 7927.3 8077.56 8118.85 8184.53 8345.79 8456.26 8598.41 8778.54 8776.4 8846.92 8942.63 8999.55 9063.66 9106.82 9089.28 9066.63 9177.43 9412.01 9424.61 9361.79 9370.11 9192.3 9171.7 9228.25 9331.95 9402.91 9491.29 9456.57 9395.71 9339.57 9224.16 9165.64 9196.61 9133.3 9083.84 9032.89 8957.48 8990.73 9104.72 9085.49 9037.33 8998.78 8955.45
7526.81 7512.12 7513.43 7501.82 7470.83 7432.81 7402.47 7379.82 7377.43 7376.14 7377.26 7388.18 7387.2 7360.7 7335.5 7330.24 7342.65 7418.95 7439.49 7458.03 7648.85 7878.87 8022.08 8122.52 8167.66 8250.64 8361.37 8525.13 8520.25 8569.06 8652.92 8737.81 8852.4 8931.15 8981.01 8977.47 9013 9065.89 9072.19 9060.09 9228.07 9438.98 9559 9521.87 9250.15 9128.19 9152.1 9230.46 9317.86 9395.22 9493.24 9401.18 9350.76 9353.89 9229.07 9156.4 9204.82 9160.25 9095.71 8986.04 8995.37 9075.57 9112.35 9093.88 9050.03 8985.79 8941.04
7669.69 7653.84 7638.49 7610.35 7560.75 7512.85 7468.41 7437.87 7445.42 7453.12 7463.98 7459.36 7437.44 7415.33 7426.01 7472.18 7536.16 7536.2 7491.31 7620.72 7985.71 8256.68 8296.82 8361.39 8347.17 8377.49 8437.59 8498.34 8570.39 8640.55 8699.8 8779.29 8967.12 9122.55 9062.61 8992.62 9087.7 9151.83 9174.93 9283.71 9515.2 9676.71 9706.58 9627.69 9289.76 9121.71 9184.31 9270.08 9318.34 9424.99 9466.17 9398.75 9351.53 9323.66 9243.21 9182.25 9235.14 9215.89 9148.95 9078.83 8978.21 9074.64 9091.11 9075.22 9058.99 9057.15 9048.21
7927.31 7852.59 7796.96 7730.44 7669.81 7611.46 7547.96 7508.35 7525.43 7551.14 7564.25 7567.28 7571.24 7576.36 7644.56 7716.24 7806.72 7914.15 7876 8107.3 8304.62 8475.29 8408.68 8370.97 8411.05 8435.27 8454.72 8500.22 8602.16 8717.59 8828.02 8984.5 9055.56 9109.25 9185.91 9257.84 9370.75 9392.81 9416.42 9654.73 9785.41 9685.1 9652.89 9556.2 9232.9 9077.34 9190.81 9279.14 9311.17 9444.28 9501.31 9424.35 9354.22 9298.73 9227.97 9184.33 9187.22 9229.28 9156.46 9032.68 8961.3 9003.98 9035.92 9040.35 9037.04 9039.06 9023.19
8186.5 8100.72 7974.34 7891.69 7816.2 7728.74 7639.19 7559.54 7632 7674.67 7694.96 7720.52 7768.2 7792.99 7860.64 7966.62 7978.97 8235.37 8355.99 8393.5 8399.78 8415.14 8424.03 8426.08 8474.22 8525.86 8562.01 8591.28 8726.72 8844.47 8944.56 9125.14 9175.51 9152.9 9425.08 9769.08 9664.53 9591.27 9686.61 9670.77 9699.76 9623.22 9638.2 9549.55 9151.51 9042.67 9150.42 9268.29 9353.78 9451.96 9461.37 9380.08 9345.13 9288.93 9233.86 9173.52 9171.32 9213.88 9138.38 9057.68 8988.57 9016.34 9014.05 8994.94 8988.96 8975.16 8956.11
8230.33 8153.08 8137.65 8076.7 7998.88 7912.4 7824.46 7724.49 7820.12 7842.39 7841.15 7811.16 7806.33 7894.28 7990.28 8047.86 8202.34 8431.16 8561.86 8590.5 8486.22 8455.06 8475.28 8509.61 8577.96 8645.9 8719.06 8835.56 8977.75 9054.22 9108.9 9255.46 9435.78 9537.39 9665.75 9722 9651.57 9585.83 9493.46 9471.9 9502.76 9579.4 9610.28 9468.12 9121.95 9034.12 9193.04 9235.68 9299.81 9417.56 9437.92 9345.97 9353.73 9282.99 9234.24 9226.19 9156.9 9119.31 9064.22 9057.71 8973.72 9058.51 9027.74 8960.36 8955.91 8950.69 8936.61
8355.08 8354.4 8322.62 8275.02 8212.93 8144.55 8110.82 8175.25 8088.61 8059.54 8042.83 8008.59 8047.12 8103.54 8178.75 8326.18 8558.15 8697.6 8826.46 8749.3 8579.82 8545.84 8602.76 8654.93 8704.31 8784.58 8891.35 9070.14 9228.81 9327.61 9441.88 9712.24 9799.06 9865.57 9791.29 9677.42 9659.11 9556.45 9464.53 9508.24 9629.91 9622.94 9470.41 9299.64 9097.96 9093.49 9174.22 9188.1 9180.04 9298.59 9347.03 9350.76 9285.69 9268.27 9232.99 9179.31 9134.32 9123.33 9053.1 9060.84 9007.4 9079.69 9022.56 8943.51 8945.37 8968.16 9003.57
8546.33 8591.55 8524.51 8474.33 8418.78 8367.08 8320.43 8272.43 8261.49 8252.04 8258.75 8296.95 8259.65 8317.32 8393.27 8463.66 8652.63 8855.9 8939.12 8905.52 8765.28 8677.01 8652.84 8737.2 8847.96 8946.23 9037.11 9194.41 9376.66 9616.77 9806.32 9982.29 9946.46 9758.55 9626.45 9691.59 9748.1 9589.88 9518.49 9641.59 9807.43 9680.04 9419.99 9341.57 9301.02 9246.79 9209.64 9199.37 9189.01 9290.51 9359.76 9195.89 9264.84 9256.39 9209.78 9173.16 9135.83 9081.87 9098.97 9020.96 8978.7 8980.91 8971.5 8959.39 8957.07 8968.02 9036.44
8771.65 8739.55 8701.55 8665.35 8618.61 8560.23 8480.14 8416.84 8412.48 8425.87 8442.37 8486.58 8491.88 8532.74 8629.98 8752.14 8892.75 9024.68 9063.73 8983.35 8848.31 8819.71 8841.94 8915.51 9042.85 9173.66 9288.28 9457.09 9703.84 9882.83 10044.9 9983.43 9852.38 9691.34 9532.43 9514.84 9575.47 9684.08 9694.48 9692.35 9733.8 9597.46 9451.23 9342.47 9309.51 9298.63 9236.23 9288.66 9309.3 9313.44 9278.13 9195.34 9239.62 9241.71 9229.5 9176.04 9131.54 9105.65 9069.18 8972.74 8990.4 8993.33 9015.03 9040.44 8999.92 8974.85 8994.5
9036.52 8911.63 8876.27 8860.69 8810.8 8750.31 8656.82 8568.61 8546.26 8597.09 8584.6 8543.92 8649.09 8768.87 8847.34 8952.21 9050.52 9145.01 9153.2 9087.97 8925.74 8972.11 9005.7 9137.13 9276.92 9438.03 9671.83 9904.11 9892.85 9897.48 9962.13 9838.84 9687.54 9599.6 9505.17 9569.97 9717.2 9781.27 9738.75 9586.1 9418.34 9391.11 9335.21 9233.14 9215.84 9268.59 9242.5 9384.68 9469.56 9357.58 9254.18 9216.42 9205.44 9182.69 9168.48 9112.36 9057.47 9043.67 9055.86 8971.32 8983.52 9006.5 9032.15 9038.83 9042.56 8990.55 8944.76
9396.66 9260.86 9182.96 9092.32 8988.85 8908.47 8839.81 8828.05 8815.64 8783.13 8748.46 8727.68 8790.96 8872.68 9008.04 9171.45 9235 9286.57 9212.76 9139.64 9082.44 9232.07 9287.38 9378.67 9461.72 9589.92 9758.2 9805 9598.67 9720.83 9802.7 9664.42 9507.81 9496.38 9473.52 9564.32 9673.09 9736.16 9666.04 9466.87 9330.14 9362.94 9309.21 9197.38 9180.53 9229.2 9216.52 9370.67 9424.28 9367.16 9309.07 9238.13 9156.72 9128.43 9128.53 9062.58 8989.6 9055.52 9057.19 9000.08 8988.51 8999.71 9015.74 9025.4 9033.05 8981.14 8937.41
9639.92 9638.46 9531.27 9289.58 9141.67 9009.08 8956.27 8984.1 8989.1 8922.97 8898.1 8883.64 8891.76 8950.55 9100.96 9274.51 9442.35 9449.94 9329.45 9226.31 9343.92 9532.08 9678.27 9566.42 9559.08 9601.89 9658.46 9599.22 9503.13 9651.3 9726.18 9567.56 9442.3 9473.59 9472.04 9447.52 9443.09 9513.62 9493.33 9390.1 9310.5 9332.22 9243.67 9165.31 9196.04 9233.13 9292.17 9367.55 9370.5 9315.17 9262.6 9155.6 9084.31 9096.09 9067.43 9025.12 8986.91 9076.42 9059.12 9026.82 9016.1 9007.53 9006.73 8987.7 8970.41 8966.9 8953.86
9655.36 9632.56 9506.36 9352.41 9207.08 9077.69 9014.46 8978.01 8912.11 8952.95 8962.39 8962.55 8980.59 9050.43 9142.89 9358.43 9496.5 9603.3 9700.31 9730.57 9694.48 9613.65 9573.78 9527.03 9523.42 9534.87 9534.22 9486.28 9469.67 9528.99 9571.61 9494.44 9409.41 9446.56 9410.74 9327.47 9324.9 9389.9 9378.26 9317.5 9240.16 9276.37 9180.46 9110.2 9190.4 9231.72 9252.66 9229.35 9231.42 9216.88 9166.91 9074.33 9037.19 9139.77 9081.72 9060.74 9095.23 9109.47 9091.23 9046.45 8998.3 8968.06 8966.33 8947.2 8912.84 8946.14 8950.56
9693.29 9580.05 9476.18 9330.13 9197.74 9101.03 9013.58 8951.3 8894.3 8940.7 8983.98 8943.22 8901.22 8946.27 9183.32 9376.39 9708.56 10022.5 10195.8 9936.8 9698.18 9505.34 9408.73 9380.04 9397.75 9445.74 9471.65 9443.22 9477.1 9499.1 9480.94 9420.05 9373.11 9348.8 9304.16 9204.27 9158.24 9228.23 9257.88 9266.53 9305.4 9251.06 9162.3 9131.84 9251.67 9278.2 9186.89 9139.01 9138.95 9150.1 9145.72 9118.11 9094.19 9089.13 9054.7 9022.08 9019.29 9074.23 9114.8 9023.52 9010.71 8970.02 8967.44 8961.43 8954.27 8933.45 8929.8
