real_craters/C205-500m.grd
DSAA
541 541
-134.96 134.96
-134.96 134.96
5235.3412999048 9238.1852132746
[rows 330 to 359 of 541, columns 469 to 535 of 541]
7576.06 7574.44 7566.83 7563.91 7555.16 7547.79 7547.81 7550.13 7552.77 7554.54 7555.33 7549.82 7551.79 7556.35 7553.11 7557.26 7561.56 7563.59 7562.62 7557.56 7563.93 7573.18 7599.07 7623.5 7639.21 7644.71 7649.15 7657.6 7671.68 7668.07 7665.58 7661.7 7654.82 7640.25 7610.53 7564.64 7506.99 7459.36 7430.13 7413.42 7409.98 7408.71 7411.49 7425.07 7443.99 7462.51 7480.39 7497.18 7512.82 7526.67 7534.77 7542.73 7551.33 7544.43 7539.89 7538.95 7537.2 7539.3 7542.33 7547.32 7553.95 7561.89 7568.74 7576.45 7581.06 7578.09 7569.67
7578.92 7577.21 7575.54 7569.7 7558.87 7549.54 7552.67 7556.07 7558.68 7560.77 7562.88 7568.69 7574.5 7573.28 7572.81 7572.43 7573.94 7575.37 7575.94 7576.17 7577.17 7588.69 7631.51 7647.17 7660.71 7675.02 7668.81 7675.94 7685.04 7679.61 7668.97 7657.7 7643.09 7621.61 7590.03 7548.48 7502.19 7463.09 7440.52 7430.63 7426.97 7422.29 7420.32 7431.05 7445.53 7461.59 7475.98 7489.74 7506.85 7526.23 7537.01 7544.35 7534.49 7524.39 7522.52 7524.8 7530.44 7533.72 7538.39 7544.74 7553.09 7565.93 7583.55 7600.82 7597.74 7585.56 7574.1
7578.43 7577.81 7577.41 7573.23 7569.05 7560.7 7562.96 7564.71 7565.7 7567.14 7569.72 7574.6 7580.8 7587.67 7591.44 7587.28 7587.05 7589.74 7594.2 7600.74 7607.87 7624.54 7645.17 7655.98 7668.85 7677.43 7680.64 7690.67 7692.96 7684.28 7671.94 7657.4 7639.03 7613.54 7579.82 7541.27 7506.41 7475.21 7458.38 7457.72 7457.16 7444.81 7438.18 7444.14 7453.18 7462.28 7471.64 7478.94 7488.95 7497.19 7485.18 7486.72 7482.05 7495.12 7502.07 7508.47 7514.95 7522.94 7531.83 7540.07 7549.17 7562.67 7582.97 7615.02 7601.04 7588.62 7583.74
7576.13 7577.21 7576.47 7579.26 7582.69 7580.6 7577.86 7574.69 7573.13 7573.08 7573.36 7574 7574.08 7582.22 7586.95 7593.15 7597.24 7603.27 7611.52 7622.38 7630.19 7631 7639.57 7655.69 7671.32 7678.29 7682.66 7689.2 7690.86 7680.95 7669.06 7653.89 7637.1 7614.04 7583.69 7549.21 7523.1 7503 7490.11 7493.67 7491.66 7475.46 7463.2 7465.11 7467.68 7469.64 7469.76 7470.5 7470.35 7467.61 7461.17 7455.53 7460.19 7475.28 7485.18 7494.83 7503.73 7511.88 7519.6 7528.8 7538.61 7550.26 7561.34 7563.63 7570 7581.8 7591.6
7578.1 7578.18 7576.05 7576.91 7587.3 7593.18 7586.29 7582.93 7580.58 7578.48 7577.36 7576.44 7576.11 7580.83 7589.55 7596.26 7604.76 7614.75 7625.53 7635.04 7636.92 7646.53 7650.93 7663.54 7679.1 7684.6 7680.14 7675.45 7675.59 7673.82 7665.01 7655.3 7641.28 7624.08 7603.41 7582.58 7550.17 7532.36 7532.62 7529.91 7524.4 7513.5 7501.87 7492.72 7486.24 7481.98 7474.75 7467.57 7460.3 7457.51 7474.57 7460.62 7454.64 7469.15 7479.67 7488.68 7497.33 7503.73 7511.36 7518.19 7525.61 7533.31 7538.95 7540.34 7555.21 7572.36 7590.62
7583.94 7582.82 7581.42 7581.32 7591.46 7594 7590.67 7589.19 7587.22 7585.24 7582.96 7580.2 7578.1 7579.23 7585.53 7598.03 7609.93 7622.62 7635.78 7651.72 7667.48 7660.96 7664.78 7677.31 7687.11 7687.02 7680.82 7675.91 7671.75 7669.74 7664.34 7657.65 7648.32 7637.78 7625.3 7610.85 7585.64 7574.98 7575.32 7564.84 7556.92 7547.51 7534.57 7519.96 7508.35 7497.26 7485.31 7470.61 7456.32 7452.39 7485.3 7472.88 7466.21 7470.84 7477.64 7483.3 7491.81 7491.62 7498.53 7502.69 7507.08 7512.57 7520.81 7534.68 7545.71 7555.57 7573.85
7592.66 7589.79 7587.86 7587.64 7590.72 7594.25 7596.53 7594.55 7593.53 7592.04 7589.84 7586.89 7583.91 7583.04 7589.09 7601.68 7615.46 7629 7643.15 7657.65 7669.22 7664.59 7670.24 7687.88 7693.32 7689.5 7682.42 7676.55 7673.16 7670.46 7666.68 7661.73 7657.02 7651.23 7645.71 7637.8 7622.06 7614.95 7611.57 7600.93 7586.91 7572.75 7559 7544.57 7529.65 7515.56 7500.08 7483.08 7464.67 7449.91 7461.06 7471.15 7476.15 7476.58 7479.97 7479.01 7479.2 7482.56 7483.89 7485.2 7487.21 7490.23 7494.46 7499.93 7507.74 7524.24 7546.12
7601.5 7598.45 7595.2 7593.59 7592.11 7589.85 7594.18 7598.35 7600 7600.1 7598.74 7596.1 7591.56 7589.72 7596.36 7608.13 7621.21 7634.65 7646.77 7657.57 7663.68 7662.92 7668.01 7683.39 7691.99 7688.33 7683.33 7678.82 7675.04 7672.76 7671.06 7668.27 7665.6 7664.32 7663.6 7662.7 7651.24 7638.06 7630.24 7622.06 7614.54 7596.7 7583.85 7569.87 7554.01 7537.93 7522.66 7506.99 7492.75 7483.64 7462.91 7476.2 7480.71 7483.11 7482.91 7477.6 7474.68 7473.39 7473.03 7470.96 7470.19 7468.89 7466.62 7465.15 7469.65 7490.09 7518.63
7610.74 7608.08 7604.31 7603.72 7598.83 7592.24 7597.8 7604.3 7607.69 7608.95 7608.8 7607.36 7603.75 7600.55 7606.59 7617.5 7629.24 7641.2 7651.33 7659.18 7662.72 7665.66 7673.97 7689.8 7690.39 7686.3 7682.76 7678.91 7677.7 7676.19 7673.71 7672.5 7671.19 7672.12 7674.28 7676.98 7672.03 7664.31 7663.77 7664.25 7648.6 7634.63 7615.29 7596.15 7578.15 7561.19 7546.31 7532.87 7522.38 7516.1 7508.2 7495.71 7495.63 7493.72 7484.84 7475.9 7471.55 7468.21 7465.28 7461.31 7456.94 7451.85 7446.54 7439.33 7431.21 7461.77 7496.67
7619.86 7617.2 7614.34 7613.72 7610.31 7606.01 7612.9 7616.5 7618.56 7620.03 7620.97 7620.89 7619.67 7613.03 7620.06 7630.23 7640.24 7649.99 7658.21 7665.25 7670.12 7673.89 7678.07 7686.31 7683.47 7682.03 7681.07 7682.27 7680.3 7677.55 7676 7674.78 7673.21 7676.19 7679.08 7683.01 7680.38 7676.06 7677.18 7683.11 7674.51 7662.11 7642.19 7619.46 7599.37 7582.16 7568.93 7557 7545.45 7526.8 7510.39 7502.64 7495.99 7489.28 7482.75 7474.75 7467.41 7462.14 7457.58 7454.74 7448.99 7443.73 7436.55 7429.59 7433.62 7451.99 7481.34
7629.77 7626.01 7623.86 7622.17 7621.86 7626.74 7631.14 7628.98 7630 7632.29 7633.99 7634.73 7633.5 7631.53 7639.53 7648.39 7655.7 7662.04 7667.91 7673.1 7678.52 7681.48 7683.34 7684.63 7680.64 7677.68 7677.36 7678.52 7680.91 7679.58 7676.98 7674.49 7673.18 7673.17 7674.24 7676.55 7670.48 7670.22 7675.28 7682.24 7687.22 7684.37 7658.86 7633.28 7612.07 7594.91 7581.88 7572.21 7564.74 7540.01 7519.85 7503.57 7489.95 7475.59 7476.34 7469.12 7463.41 7457.62 7454.81 7448.75 7444.32 7438.36 7432.23 7427.97 7426.63 7440.49 7471.25
7637.15 7633.07 7629.63 7627.8 7629.04 7633.99 7633.54 7636.27 7640.68 7644.56 7647.71 7650.47 7653.44 7660.19 7662.66 7665.6 7668.9 7671.78 7675.53 7679.02 7683.55 7687.08 7684.65 7684.08 7681.61 7678.26 7675.24 7676.32 7681.55 7679.94 7676.16 7672.77 7669.93 7667.87 7667.55 7665.88 7662.6 7663.31 7669.97 7677.41 7685.1 7686.66 7659.37 7635.18 7614.34 7597.29 7583.53 7574.04 7564.52 7537.08 7513.75 7500.35 7490.03 7485.45 7472.67 7463.13 7455.42 7451.03 7448.17 7445.27 7443.39 7438.98 7432.96 7429.96 7423.25 7436.55 7467.99
7642.94 7638.81 7635.3 7631.44 7630.7 7637.1 7640.28 7646.11 7653.38 7658.41 7662.65 7666.96 7670.73 7680.24 7683.81 7683.41 7682.35 7681.66 7682.53 7683.91 7685.54 7684.18 7685.72 7685.92 7685.35 7681.48 7677.64 7678.43 7682.36 7679.01 7674.1 7669.67 7665.53 7661.78 7658.58 7656.31 7662.87 7669.26 7676.44 7675.34 7668.82 7657.4 7645.83 7628.43 7610.59 7594.27 7579.47 7566.29 7553.79 7521.23 7505.33 7493.99 7483.67 7475.93 7463.52 7454.89 7450.97 7445.81 7444.64 7444.76 7443.92 7443.41 7442.97 7441.16 7441.59 7451.72 7476.42
7647.8 7644.4 7639.49 7636.08 7635.77 7642.88 7652.21 7659.7 7667.43 7673 7677.51 7680.51 7680.89 7688.72 7700.87 7696.08 7691.95 7689.41 7688.61 7687.92 7687.94 7687.97 7687.77 7688.79 7689.74 7685.25 7680.56 7679.68 7683.1 7676.09 7669.66 7664.06 7659.58 7655.67 7651.58 7647.81 7650.99 7676.39 7672.31 7671.58 7655.05 7640.01 7630.86 7618.13 7602.62 7586.2 7569.32 7552.1 7534.14 7516.2 7501.72 7487.37 7472.17 7455.04 7446.74 7444.38 7442.73 7443.31 7441.9 7444.6 7447.5 7450.37 7454.38 7461.44 7470.99 7478.68 7497.09
7651.42 7650.14 7649.23 7642.62 7640.8 7650.93 7665.96 7677.84 7683.17 7687.24 7691.47 7695.4 7699.5 7710.21 7709.66 7702.2 7696.85 7694.21 7692.85 7692.16 7690.86 7688.21 7688.21 7690.65 7691.76 7688.27 7684.15 7679.62 7675 7669.65 7663.41 7657.62 7652.36 7648.08 7644.93 7647.09 7659.67 7663.52 7668.56 7666.99 7647.33 7630.15 7620.23 7607.6 7592.11 7576.09 7557.43 7539.64 7523.11 7517.64 7499.21 7482.46 7463.14 7442.98 7433.42 7433.23 7432.53 7434.94 7439.65 7444.13 7450.07 7458.81 7468.37 7481.99 7505.34 7539.97 7525.89
7658.64 7656.37 7653.02 7652.44 7652.13 7660.95 7670.51 7690.26 7695.21 7698.51 7702.09 7705.37 7703.39 7702.36 7701.9 7699.18 7697.81 7696.96 7695.97 7695.35 7694.09 7692 7684.84 7678.85 7690.75 7687.69 7683.14 7677.06 7669.75 7663.06 7657.91 7652.36 7646.95 7642.71 7640.66 7643.2 7655.44 7662.61 7660.46 7663.25 7645.03 7627.84 7612.99 7598.26 7582.41 7565.01 7547.92 7531.51 7522.11 7510.39 7497.43 7479.64 7459.72 7439.98 7428.93 7424.01 7423.14 7427.22 7433.6 7441.64 7451.57 7461.78 7475.36 7491.82 7515.19 7534.65 7531.3
7667.17 7670.56 7670.59 7668.66 7667.58 7675.25 7690.11 7699.44 7703.32 7704.49 7706.99 7709.83 7705.95 7696.63 7689.5 7693.56 7696.37 7697.07 7697.54 7697.38 7696.95 7695.55 7684.72 7667.57 7684 7684.06 7682.8 7674.92 7665.57 7658.1 7652.65 7647.94 7643.15 7638.78 7636.33 7638.38 7650.34 7653.4 7649.61 7649.77 7642.25 7625.79 7608.4 7591.54 7574.4 7557.62 7540.85 7526.01 7515.78 7514.57 7499.79 7477.47 7454.93 7433.52 7420.57 7414.09 7413.12 7417.5 7424.57 7433.77 7445.63 7458.73 7474.44 7491.39 7508.59 7517.83 7526.15
7676.37 7688.05 7692.44 7685.77 7683.87 7688.07 7696.13 7709.89 7706.72 7703.91 7703.08 7703.7 7693.13 7687.52 7685.73 7691.63 7696.6 7699.15 7700.56 7700.16 7699.09 7697.01 7691.01 7684.44 7681.64 7680.51 7680.83 7672.99 7663.13 7655.15 7649.9 7644.61 7639.63 7635.3 7631.62 7631.03 7639.93 7646.95 7636.1 7634.61 7628.59 7618.64 7604.42 7587.13 7569.38 7552.32 7537.19 7526.62 7518.98 7523.45 7500.24 7473.1 7447.41 7421.35 7404.31 7402.11 7402.38 7407.43 7415.9 7426.36 7438.51 7452.94 7468.52 7485.7 7501.89 7512.62 7523.13
7685.89 7694.97 7697.75 7694.18 7695.53 7697.13 7693.57 7702.21 7701.79 7697.96 7693.97 7689.04 7688.87 7689.83 7691.4 7696.34 7700.61 7703.07 7703.85 7703.75 7701.58 7698.48 7694.62 7691.64 7682.47 7676.22 7677.3 7670.05 7661.54 7654.2 7648.19 7643.64 7638.61 7633.9 7628.77 7623.53 7621.07 7641.45 7636.41 7630.38 7628.41 7617.06 7601.06 7581.86 7562.3 7545.19 7530.07 7519.17 7517.39 7512.59 7491.06 7464.35 7438.03 7410.89 7392.33 7391.5 7392.29 7397.11 7405.1 7418.25 7429.99 7443.98 7459.48 7475.7 7495.53 7509.56 7523.7
7695.24 7698.43 7694.96 7691.45 7690.89 7687.12 7681.7 7682.75 7689.03 7690.54 7688.84 7688.64 7697.73 7700.44 7701.2 7704.87 7706.04 7707.65 7708.64 7708.49 7706.29 7702.13 7695.32 7693.96 7686.05 7678.17 7673.92 7668.24 7659.92 7651.64 7647.56 7644.59 7639.91 7634.73 7628.86 7622.13 7626.47 7635.33 7637.19 7636.56 7630.8 7616.23 7595.46 7574.84 7554.46 7537.13 7521.34 7508.82 7508.81 7497.07 7476.41 7452.83 7428.27 7401.77 7384.77 7381.87 7384.35 7391.26 7400.06 7410.99 7421.8 7435.12 7448.54 7464.52 7486 7506.95 7524.83
7697.79 7680.96 7680.63 7683.54 7681.34 7675 7673.39 7673.25 7681.43 7688.17 7690.03 7693.97 7707.23 7710.39 7715.83 7713.49 7712.3 7713.14 7713.58 7714.85 7714.29 7712.05 7706.24 7693.61 7684.68 7679.31 7676.56 7669.28 7660.85 7652.47 7649.67 7646.78 7642.73 7639.21 7634.44 7628.76 7636.16 7641.33 7644.42 7643.4 7632.5 7611.69 7587.21 7564.99 7544.96 7526.09 7511.5 7500.1 7486.01 7474.51 7459.9 7440.44 7418.87 7394.2 7379.18 7375.39 7381.73 7386.18 7394.54 7400.62 7410.18 7428.52 7441.43 7453.19 7468.81 7491.65 7522.85
7702.51 7699.79 7680.3 7681.01 7680.39 7678.8 7675.22 7674.81 7686.36 7693.95 7700.35 7706.1 7712.78 7714.43 7713.12 7713.52 7716.2 7718.21 7719.9 7720.35 7722.11 7724.01 7722.73 7707.43 7693.62 7682.13 7677.48 7671.46 7664.68 7657.9 7654.74 7651.29 7647.06 7643.79 7642.59 7643.26 7634.05 7637.24 7638.7 7642.75 7635.12 7600.33 7573.24 7550.05 7530.69 7512.3 7496.76 7485.13 7474.37 7461.3 7445.21 7428.35 7410.66 7391.76 7371.09 7368.48 7379.56 7383.96 7390.6 7398.5 7405.68 7419.62 7423.64 7430.36 7440.28 7446.5 7445.45
7695.23 7688.43 7684.91 7684.16 7684.47 7684.04 7682.82 7683.78 7694.5 7702.18 7708.98 7713.57 7715.48 7718.74 7718.19 7718.22 7721.78 7722.79 7723.63 7724.59 7727.14 7732.44 7738.35 7720.74 7706.67 7694.21 7682.57 7672.73 7668.93 7668.49 7662.93 7652.63 7645.9 7643.54 7644.89 7645.22 7636.91 7616.99 7610.94 7613.4 7597.87 7573.28 7551.83 7531.75 7512.54 7494.16 7476.97 7461.49 7447.57 7442.1 7432.39 7420.16 7406.92 7393.05 7378 7376.32 7384.48 7386.4 7389.57 7393.47 7405.02 7407.32 7409.72 7411.33 7410.19 7407.6 7403.47
7697.04 7689.14 7686.54 7687.97 7690.07 7694.19 7693.73 7693.83 7707.98 7709.02 7709.91 7716.87 7723.23 7727.55 7728.7 7728.7 7727.81 7725.37 7723.84 7723.88 7724.62 7728.19 7732.02 7720.64 7696.27 7679.67 7672.08 7667.07 7665.58 7669.19 7660.87 7644.72 7635.62 7632.71 7635.82 7636.3 7615.48 7587.56 7573.65 7565.5 7544.96 7539.38 7526.91 7510.57 7493.32 7475.05 7456.31 7439.74 7433.46 7427.27 7421.22 7413.73 7406.47 7398.98 7394.29 7396.83 7394 7391.49 7391.38 7390.57 7397.33 7397.05 7396.43 7394.77 7391.85 7389.66 7391.26
7690.5 7687.7 7688.73 7690.84 7693.88 7699.27 7699.76 7699.44 7710.25 7708.72 7711.41 7725.89 7735.3 7735.18 7737.63 7740.48 7731.36 7724.45 7720.15 7718.73 7717.21 7714.2 7706.95 7684.25 7672.52 7665.13 7660.2 7653.79 7649.44 7647.07 7638.45 7622.59 7613.21 7608.95 7609.15 7604.87 7577.76 7546.64 7533.44 7525.67 7520.38 7515.31 7503.66 7489.76 7474.03 7457.87 7442.03 7428.4 7418.54 7416.22 7414.13 7410.33 7406.66 7403.48 7400.42 7397.32 7399.04 7395.57 7393.43 7391.85 7393.53 7390.74 7388.13 7384.5 7382.01 7380.55 7385.42
7689.73 7689.54 7691.1 7692.89 7694.63 7697.01 7696.34 7695.63 7697.37 7701.93 7705.04 7722.17 7733.59 7735.7 7735.37 7732.75 7724.16 7716.89 7711.9 7708.04 7705.6 7698.5 7688.85 7673.21 7663.08 7654.7 7645.87 7636.31 7626.79 7614.66 7597.48 7593.84 7583.66 7572.65 7565.15 7558.57 7530.74 7516 7506.44 7497.43 7503 7496.38 7483.38 7470.01 7455.8 7441.66 7429.49 7421.33 7416.04 7411.32 7410.42 7408.78 7408.35 7406.93 7405.77 7404.95 7404.45 7400.34 7397.5 7394.14 7390.77 7387.12 7381.5 7376.92 7373.6 7373.07 7376.03
7693.07 7692.22 7694.64 7694.97 7695.06 7694.16 7692.29 7692.37 7694.19 7703.95 7711.58 7725.69 7732.82 7731.53 7725.87 7717.61 7711.04 7706.26 7702.18 7697.91 7692.84 7685.61 7670.69 7662.97 7654.02 7647.67 7631.45 7616.13 7604.62 7594.54 7586 7568.29 7551.35 7532.89 7513.6 7505.58 7481.31 7438.84 7472.74 7472.89 7476.39 7472.53 7462.1 7449.99 7436.78 7424.93 7415.23 7408.17 7406.59 7409.05 7410.21 7410.26 7410.32 7409.96 7410.17 7410.05 7408.25 7402.4 7396.65 7394.86 7390.2 7380.01 7375.25 7371.06 7367.54 7366.22 7369.45
7697.48 7697.59 7697.94 7697.08 7696.56 7696.42 7696.62 7701.34 7708.83 7721.44 7730.16 7738.73 7736.12 7727.7 7716.08 7702.34 7695.31 7693.68 7691.16 7687.91 7684.61 7680.1 7676.29 7661.25 7654.12 7646.89 7607.58 7592.02 7582.9 7574.22 7564.08 7544 7522.83 7499.52 7476.04 7472.88 7481.68 7482.65 7462.57 7456.39 7452.66 7449.07 7441.98 7431.39 7420.79 7409.38 7399.47 7395.82 7401.25 7408.26 7410.62 7411.66 7411.14 7410.9 7411.01 7411.44 7407.96 7400.84 7394.08 7389.2 7385.14 7379.34 7372.21 7367.69 7364.37 7363.69 7367.66
7701.08 7700.95 7700.25 7698.7 7699.61 7702.41 7704.92 7714.11 7727 7737.8 7746.6 7747.37 7736.81 7723.79 7709.45 7693.59 7686.62 7683.89 7681.38 7678.36 7675.97 7673.46 7667.67 7657.95 7640.68 7616.01 7576.1 7570.08 7562.18 7551.58 7534.5 7519.86 7500.85 7479.16 7458.2 7460.83 7476.13 7475.33 7451.64 7438.41 7438.76 7435.14 7425.99 7416.59 7407.04 7397.45 7388.72 7388.4 7409.43 7414.09 7414.48 7413.5 7412.21 7410.49 7408.94 7406.22 7402.95 7400.6 7391.55 7387.1 7382.38 7378.66 7373.77 7369.43 7365.77 7365.65 7367.6
7706.65 7704.05 7699.52 7697.45 7698.29 7704.26 7720.04 7717.4 7713.04 7744.45 7743.49 7737.48 7731.45 7719.85 7706.31 7693.4 7683.98 7678.09 7673.43 7669.24 7665.23 7662.15 7657.02 7640.54 7617.46 7592.16 7569.44 7556.75 7547 7535.8 7522.32 7506.17 7488.77 7470.24 7455.14 7456.2 7466.84 7464.37 7446.78 7432.73 7426.31 7420.63 7410.53 7403.31 7397.04 7391.06 7386.87 7395.76 7419.42 7419.97 7417.92 7415.66 7412.7 7409.43 7405.76 7401.77 7398.29 7395.48 7390.32 7385.79 7380.66 7375.06 7370.61 7367.66 7365.03 7364.41 7366.37
