real_craters/C205-500m.grd
DSAA
541 541
-134.96 134.96
-134.96 134.96
5235.3412999048 9238.1852132746
[rows 300 to 329 of 541, columns 134 to 200 of 541]
6155.78 6154.11 6157.21 6161.97 6162.13 6159.93 6156.6 6146.81 6139.17 6132.9 6127.66 6122.69 6118.67 6115.67 6113.92 6120.76 6122.58 6128.82 6139.92 6162.51 6197.93 6211.24 6200.45 6191.71 6191.04 6199.06 6182.01 6178.64 6178.96 6179.59 6181.19 6173.94 6158.75 6153.87 6210.77 6243.89 6280.06 6316.54 6349.23 6368.69 6428.09 6461.27 6479.87 6502.81 6505.59 6485.19 6476.78 6468.35 6455.86 6450.75 6464.14 6493.49 6548.89 6623.02 6713.41 6788.48 6877.74 7034.6 7195.81 7343.41 7485.72 7621.65 7784.9 7901.32 7990.79 8054.08 8099.52
6147.87 6146.97 6152.48 6158.55 6155.49 6149.86 6142.51 6136.34 6131.09 6126.46 6122.23 6118.68 6114.27 6110.02 6104.78 6107.45 6117.82 6129.44 6140.92 6158.83 6188.16 6193.08 6191.67 6184.71 6176.75 6175.5 6176.96 6176.48 6174.5 6172.51 6176.18 6174.97 6174.93 6170.43 6167.81 6203.67 6245.02 6277.93 6304.53 6335.89 6394.22 6453.39 6506.37 6531.75 6533.62 6516.7 6501.79 6486.59 6467 6452.47 6455.7 6506.79 6574.14 6644.23 6717.51 6774.43 6866.03 7015.17 7180.48 7339.26 7491.73 7640.97 7806.16 7936.23 8034.54 8102.73 8146.26
6139.98 6135.71 6141.37 6153.93 6146.42 6137.87 6130.31 6125.23 6122.46 6119.02 6116.52 6114.67 6110.33 6107.44 6102.75 6102.39 6114.86 6132.72 6154.94 6181.47 6183.65 6182.09 6183.81 6177.92 6166.43 6165.97 6173.48 6176.21 6177.25 6178.97 6182.09 6182.26 6184.88 6197.82 6187.89 6204.5 6231.7 6253.92 6277.03 6310.91 6379.43 6432.08 6515.71 6570.73 6572.65 6562.42 6541.1 6505.7 6470.5 6444.48 6435.15 6470.76 6547.49 6635.29 6722.57 6785.32 6881.07 7029.58 7186.97 7348.02 7505.5 7660.78 7834.25 7973.63 8102.26 8199.8 8205.89
6135.14 6130.04 6124.18 6135.66 6133.05 6123.97 6113.82 6113.26 6114.38 6114.37 6113.09 6110.85 6108.94 6108.38 6110.01 6107.09 6114.06 6134.5 6159.64 6179.2 6182.96 6186.12 6181.7 6177.86 6173.53 6176.18 6176.2 6178.64 6180.65 6185.19 6192.75 6202.9 6203.87 6208.88 6217.21 6226.1 6233.67 6241.15 6252.33 6277.7 6325 6381.88 6543.72 6599.17 6592.03 6587.19 6571.03 6505.32 6460.84 6433.38 6425.09 6455.99 6519.09 6625.05 6731 6810.9 6926.93 7056.02 7201.63 7356.15 7516.27 7679.5 7851.7 8003.94 8135.83 8217.1 8230.97
6125.73 6118.3 6112.17 6117.16 6115.4 6111.46 6106.13 6107.29 6109.92 6110.32 6109.06 6107.82 6106.81 6107.61 6110.25 6110.25 6117.65 6134.36 6150.47 6159.89 6175.77 6182.77 6174.54 6173.65 6176.95 6176.42 6178.95 6183.9 6187.54 6195.32 6208.11 6215.04 6230.36 6231.32 6240.29 6246.45 6237.36 6231.99 6231.25 6236.03 6275.01 6331.77 6475.87 6567.17 6565.54 6544.82 6507.88 6467.47 6431.13 6410.44 6422.01 6459.05 6538.25 6638.64 6743.56 6825.5 6947.51 7070.87 7210.93 7362.65 7523.74 7688.15 7863.77 8029.71 8170.49 8240.04 8192.05
6116.22 6106.29 6093.54 6090.97 6098.92 6104.15 6105.73 6107.96 6109.65 6109.02 6107.55 6105.87 6104.9 6104.83 6109.14 6113.47 6121.97 6134.38 6144.46 6146.85 6150.32 6153.75 6156.39 6159.56 6163.59 6166.99 6179.34 6193.04 6205.45 6214.63 6224.46 6230.58 6229.32 6238.45 6246.58 6249.82 6237.63 6224.13 6214.16 6217.36 6251.95 6294.17 6426.54 6516.38 6508.54 6479.01 6446.76 6413.63 6390.72 6377.04 6391.39 6472.91 6571.46 6660.66 6754.04 6825.56 6939.86 7074.04 7216.44 7368.39 7526.5 7688.79 7864.8 8022.93 8167.15 8233.71 8178.33
6108.97 6098.66 6087.94 6084.44 6093.79 6103.92 6112.55 6116.04 6111.79 6109.27 6106.6 6104.36 6102.71 6101.27 6102.95 6115.73 6127.18 6137.54 6142.76 6145.3 6132.57 6127.18 6138.78 6142.54 6137.9 6157.4 6181.66 6204.46 6222.63 6230.78 6235.16 6238.93 6235.14 6237.98 6245.8 6249.62 6234.99 6218.65 6201.87 6184.29 6200.26 6253.61 6362.97 6441.94 6434.01 6407.66 6372.04 6361.99 6351.95 6344.39 6364.85 6485.84 6590.1 6676.15 6761.91 6827.65 6938.84 7070.26 7212.35 7362.21 7515.72 7690.05 7845.2 7991.41 8113.61 8175.72 8138.01
6111.69 6102.55 6095.18 6091.89 6100.64 6108.25 6114.33 6116.61 6112.07 6109.49 6107.14 6104.19 6101.98 6100.34 6105 6123.24 6139.28 6143.9 6141.31 6128.06 6119.44 6128.34 6133.66 6141.31 6140.13 6155.58 6183.22 6213.39 6239.27 6238.54 6239.28 6244.38 6244.17 6242.3 6242.89 6240.1 6230.57 6216.43 6198.58 6179.09 6176.87 6229.94 6297.16 6347.34 6354.58 6340.94 6323.22 6324.28 6327.05 6333.71 6349.1 6495.41 6605.24 6682.8 6742.77 6832.52 6938.57 7062.77 7199.42 7344.16 7494.54 7646.48 7811.95 7942.4 8048.93 8111.99 8087.35
6120.55 6110.64 6099.65 6098.91 6112.92 6114.33 6112.05 6107.01 6109.86 6109.47 6107.47 6106.11 6104.21 6104.2 6110.43 6128.85 6150.09 6145.49 6142.35 6141.25 6133.05 6132.4 6133.18 6139.64 6139.6 6159.82 6183.57 6209.36 6248.63 6228.59 6209.84 6211.17 6227.13 6240.33 6243.23 6234.45 6231.18 6221.1 6207.22 6199.73 6225.13 6246.75 6261.33 6283.65 6283.15 6278.49 6286.33 6292.69 6318.74 6364.31 6436.38 6520.14 6604.7 6683.01 6731.25 6809.13 6918.81 7045.52 7182.18 7324.18 7469.4 7634.03 7774.13 7893.98 7997.45 8056.8 8042.74
6133.81 6119.2 6109.05 6110.85 6122.01 6120.56 6115.97 6111.81 6113.12 6113.17 6110.89 6107.96 6105.72 6107.82 6114.84 6123.89 6130.28 6134.21 6134.73 6139.18 6130.64 6121.43 6135.9 6141.35 6152.03 6170.57 6185.94 6194.43 6197.79 6218.86 6212.34 6213.85 6229.21 6250.02 6256.35 6258.1 6249.67 6231.15 6214.37 6204.42 6201.04 6189.41 6204.16 6215.49 6221.93 6215.89 6208.21 6236.43 6308.72 6398.15 6496.1 6561.25 6626.91 6687.01 6724.03 6788.95 6901.48 7028.84 7163.65 7301.77 7442.13 7584.88 7735.69 7851.03 7946.29 8012.65 8003.37
6132.98 6124.41 6116.69 6116.18 6125.41 6124.53 6123.86 6125.49 6120.77 6117.56 6114.56 6111.75 6107.41 6102.04 6106.93 6116.05 6124.81 6123.41 6119.3 6127.81 6145.34 6137.94 6150.96 6170.7 6181.67 6186.62 6196.94 6205.66 6215.67 6236.46 6265.07 6253.2 6280.68 6269.53 6271.15 6280.74 6264.86 6239.54 6217.46 6196.62 6172.03 6150.34 6163.39 6186.77 6184.13 6178.33 6165.13 6203.67 6302.86 6406.8 6511.99 6600.99 6649.44 6689.79 6718.4 6792.35 6895.46 7018.23 7149.44 7284.33 7418.93 7559.54 7693.92 7823.15 7929.58 7976.75 8020.93
6141.8 6131.02 6121.8 6118.6 6122.12 6126.66 6127.79 6127.44 6125.65 6123.59 6121.32 6118.07 6113.73 6108.12 6108.25 6110.04 6106.56 6104.3 6111.92 6125.54 6152.91 6154.36 6165.96 6181.45 6186.1 6198 6212.1 6230.02 6243.52 6253.85 6255.3 6255.73 6268.91 6272.42 6270.99 6264.68 6252.7 6237.37 6217.24 6194.4 6169.9 6148.39 6151.11 6163.93 6174.46 6177.1 6184.64 6226.8 6315.47 6400.08 6484.01 6575.97 6639.42 6683.28 6712.21 6777.6 6889.21 7007.39 7133.99 7260.72 7389.4 7513.25 7635.11 7757.87 7869.31 7928.22 7936.67
6148.16 6139.24 6130.04 6125.33 6128.5 6131.99 6132.57 6129.74 6130.53 6131.04 6129.57 6127.11 6124.32 6120.8 6117.83 6113.24 6107.97 6106 6102 6106.92 6131.77 6155.85 6173.97 6181.01 6190.54 6204.9 6220.63 6243.8 6258.31 6264.9 6266.67 6262.45 6267.91 6268.92 6266.87 6259.59 6250.26 6237.97 6219.37 6198.89 6179.53 6166.18 6156.37 6175.96 6186.04 6200.51 6227.96 6281.58 6342.81 6419.79 6478.81 6539.03 6614.83 6673.14 6713.53 6792.23 6888.98 6999.93 7122.03 7246.07 7366.76 7473.67 7579.71 7660.35 7769.47 7872.18 7905.37
6156.35 6150.62 6144.42 6142.4 6147.56 6141.76 6141.74 6141.24 6141.03 6140.48 6139.43 6137.86 6135.97 6133.64 6129.33 6124.83 6120.7 6113.97 6104.54 6103.6 6116.74 6149.7 6181.83 6199.86 6201.17 6209.51 6220.7 6233.11 6250.47 6263.4 6268.06 6262.26 6259.91 6263.33 6263.65 6262.91 6257.58 6241.3 6222.96 6203.82 6187.38 6170.14 6168.27 6185.19 6204.92 6227.12 6253.82 6289.49 6359.32 6438.75 6480.9 6528.78 6607.84 6668.56 6703.8 6782.59 6894 7006.18 7124.53 7242.83 7358.4 7454.7 7551.68 7646.83 7744.54 7842.36 7890.18
6168.9 6165.57 6162.81 6160.7 6156.97 6154.38 6153.23 6154.02 6152.46 6149.85 6149.38 6149 6147.63 6146.47 6142.11 6137.97 6133.29 6131.42 6129.1 6112.69 6123.94 6139.7 6166.78 6200.15 6202.31 6208.58 6216.87 6220.75 6241.54 6261.82 6274.45 6266.05 6257.71 6258.17 6260.25 6260.49 6257.18 6245.35 6229.76 6210.99 6187.35 6169.14 6185.33 6211.36 6236.94 6256.13 6278.16 6319.16 6357.85 6411.6 6478.18 6547.2 6620.47 6680.67 6730.58 6810.22 6910.64 7017.64 7131.87 7246.66 7358.19 7453.6 7549.83 7636.66 7742.36 7840.19 7887.79
6184.19 6182.37 6179.54 6178.98 6174.85 6168.73 6164.02 6158.76 6155.34 6156.91 6159.54 6161.31 6158.94 6153.22 6155.14 6151.68 6146.99 6141.82 6139.75 6118.64 6127.01 6139.36 6154.37 6183.07 6195.23 6205.08 6214.38 6226.44 6235.16 6240.02 6234.26 6241.33 6247.33 6254.59 6258.87 6259.12 6254.22 6249.55 6242.48 6228.31 6197.13 6172.84 6204.97 6256.98 6281.39 6280.76 6284.57 6298.08 6333.12 6385.23 6465.13 6554.82 6634.78 6688.39 6749.72 6832.96 6928.75 7035.79 7145.78 7257.97 7358.57 7467.61 7569.55 7661.95 7756.99 7846.39 7893.47
6206.57 6197.81 6192.89 6188.6 6187.75 6184.12 6174.93 6167.05 6162.91 6164.92 6169.7 6175.06 6182.05 6180.89 6171.58 6165.05 6160.23 6159.21 6139.22 6115.79 6132.83 6148.26 6152.96 6165.65 6188.68 6201.54 6210.12 6218.65 6227.45 6234.12 6225.33 6225.18 6241.76 6253.93 6262.19 6265.19 6261.66 6261.38 6255.76 6253.62 6263.73 6214.05 6251.25 6281.84 6302.27 6292.94 6279.84 6273.91 6303.81 6362.87 6440.02 6548.65 6651.75 6706.43 6762.92 6853.26 6950.84 7054.64 7162.35 7272.06 7373.58 7485.6 7600.68 7712.68 7778.05 7858.64 7898.76
6213.55 6207.66 6204.38 6205.11 6201.6 6194.2 6185.62 6176.23 6168.67 6173.99 6179.88 6186.03 6192.92 6192.15 6183.38 6174.75 6165.66 6152.02 6129.94 6119.61 6139.7 6156.45 6167.15 6182.28 6193.55 6202.77 6209.93 6215.28 6223.93 6227.58 6230.82 6236.35 6245.79 6257.98 6269.06 6277.54 6286.52 6274.78 6260.09 6251.2 6251.17 6216.46 6235.39 6280.97 6310.89 6302.64 6279.58 6255.5 6275.54 6341.36 6434.49 6553.85 6669.36 6733.71 6788.09 6883.5 6980.01 7080.82 7184.05 7289.2 7389.76 7498.5 7610.73 7715.06 7789.9 7818.59 7898.34
6219.17 6215.95 6213.8 6210.15 6206.91 6202.02 6197.54 6191.29 6186.75 6186.64 6189.62 6192.83 6194.64 6194.95 6191.3 6184.09 6172.37 6152.91 6139.76 6139.23 6155.45 6167.62 6184.8 6194.83 6200.23 6207.08 6216.39 6221.96 6224.72 6230.33 6236.75 6244.1 6250.39 6261.68 6276.22 6287.09 6288.47 6280.17 6257.01 6227.15 6196.67 6192.91 6217.56 6295.04 6327.36 6327.75 6295.57 6260.87 6263.69 6319.88 6417.48 6561.99 6698.23 6780.9 6847.21 6931.4 7019.89 7114.92 7213.77 7312.12 7403.41 7504.1 7606.39 7701.81 7779.81 7818.89 7897.92
6231.59 6227.74 6225.65 6224.66 6223.2 6219.52 6214.59 6207.3 6201.22 6198.99 6200 6201.16 6200.96 6202.06 6201.53 6197.58 6191.09 6182.37 6178.81 6177.56 6189.23 6210.4 6209.79 6201.85 6204.48 6209.24 6218.18 6222.59 6221.19 6224.5 6233.37 6239.95 6249.5 6262.01 6278.11 6294.45 6306.37 6294.17 6256.91 6216.51 6195.27 6226.29 6294.64 6356.19 6402.36 6371.55 6329.86 6288.69 6277.08 6330.95 6432.67 6586 6735.35 6833.9 6906.68 6977.71 7058.62 7145.24 7237.32 7329.47 7411.02 7501.1 7593.69 7685.36 7768.24 7814.72 7897.76
6249.04 6242.24 6238.94 6240.06 6243.5 6239.74 6234.43 6224.35 6215.94 6212.32 6212.48 6213.66 6213.5 6214.3 6214.41 6213.08 6213.02 6219.32 6222.87 6210.52 6208.29 6212.48 6218.34 6205.37 6205.85 6208.18 6208.81 6212.43 6215.75 6221.27 6224.99 6228.32 6240.29 6256.27 6275.84 6296.69 6315.52 6304.47 6258.29 6214.06 6207.23 6256.03 6338.58 6388.38 6419.55 6402.03 6372.98 6348.37 6339.24 6386.56 6472.85 6618.64 6782.26 6867.48 6937.26 7013.24 7092.27 7180.04 7260.59 7344.29 7425.05 7501.71 7577.2 7667.11 7760.47 7811.23 7897.56
6256.18 6250.91 6249.56 6252.9 6259.87 6263.6 6253.76 6241.69 6231.27 6226.71 6227.83 6229.19 6229.14 6229.42 6228.28 6227.5 6227.35 6229.68 6220.08 6217.49 6215.64 6215.15 6216.79 6208.62 6207.42 6206.79 6205.64 6206.67 6207.35 6202.47 6197.53 6206.96 6224.19 6242.21 6262.17 6285.41 6316.25 6318.71 6246.99 6196.98 6197.36 6253.27 6324.5 6369.95 6397.4 6403.2 6409.1 6431.5 6489.49 6494.52 6542.02 6647.27 6744.39 6829.66 6938.79 7043.11 7127.91 7217.21 7296.32 7377.26 7451.28 7515.09 7574.6 7666.58 7763.83 7814.94 7901.44
6265.58 6261.13 6261.07 6263.83 6267.53 6279.68 6270.09 6257.84 6245.69 6242.1 6246.62 6249.71 6250.14 6248.19 6244.93 6241.34 6237.01 6232.67 6227.88 6223.36 6220.77 6216.58 6221 6214.17 6207.84 6205.43 6208.13 6202.53 6197.31 6184.24 6179.94 6188.36 6204.54 6221.2 6237.04 6251.58 6261.98 6248.71 6205.05 6171.29 6181.7 6230.11 6278.57 6320.93 6350.11 6385.2 6428.24 6475.99 6520.99 6546.61 6608.79 6697.82 6774.07 6868.18 6985.14 7087.13 7172.87 7263.01 7347.55 7421.74 7493.8 7556.54 7610.13 7696.7 7750.79 7831.03 7911.35
6284.12 6280.85 6276.39 6276.58 6280.33 6288.73 6282.83 6275.03 6266.35 6263.78 6269.16 6274.13 6275.4 6269.07 6263.68 6255.71 6246.98 6238.52 6231.89 6229.54 6229.61 6228.82 6225.24 6213.2 6206.22 6200.25 6197.38 6198.06 6192.41 6176.57 6169.03 6176.55 6189.09 6201.36 6211.06 6212.98 6199.43 6166.61 6164.04 6153.72 6178.27 6222.17 6254.24 6291.02 6331.92 6376.84 6437.13 6504.2 6556.66 6596.16 6671.41 6777.75 6895.3 7002.19 7066.93 7139.09 7227.66 7317.33 7397.6 7477.22 7554.09 7627.49 7696.66 7755.58 7789.79 7857.7 7927.11
6310.66 6301.69 6296.38 6293.21 6288.78 6295.03 6295.24 6291.75 6291.97 6295.78 6293.07 6292.54 6292.95 6289.66 6282.55 6272.41 6257.87 6243.01 6234.63 6239.07 6243.03 6242.49 6233.79 6219.97 6208.39 6195.72 6187.96 6195.77 6203.45 6178.33 6167.33 6169.71 6179.18 6189.52 6194.95 6192.55 6178.81 6157.49 6166.79 6181.78 6206.34 6248.56 6294.69 6320.74 6329.01 6365.36 6444 6535.19 6625.93 6688.47 6762.67 6856.99 6960.64 7036.41 7123.55 7201.79 7288.19 7378.22 7465.8 7549.93 7629.09 7706.66 7768.73 7818.71 7833.47 7883.24 7938.71
6350.97 6332.29 6324.18 6316.47 6314.42 6308.35 6306.12 6304.4 6306.84 6310.07 6314.68 6314.7 6314.92 6311.95 6304.02 6293.4 6281.41 6260.8 6247.72 6253.48 6258.55 6262.1 6245.83 6232.77 6218.54 6199.7 6187.55 6187.48 6184.95 6169.29 6158.24 6165.33 6174.57 6185.08 6190.92 6191.1 6188.23 6201.5 6198.4 6210.64 6241.56 6278.95 6315.41 6339.72 6334.87 6372.4 6458.44 6551.93 6658.03 6760.03 6841.22 6922.35 7011.33 7097.06 7184.16 7265.17 7355.15 7445.47 7536.21 7623.43 7713.99 7790.83 7848.6 7879.19 7864.73 7910.55 7949.94
6401.6 6384.97 6358.45 6339.49 6324.87 6316.45 6311.27 6312.96 6319.12 6327.19 6342.48 6345.65 6345.24 6337.42 6325.78 6314.04 6306.33 6295.76 6283.82 6275.14 6274.35 6275.51 6265.03 6255.91 6239.67 6214.06 6193.2 6180.11 6167.76 6161.17 6155.02 6166.28 6176.71 6187.17 6194.23 6198.32 6199.04 6196.68 6217.3 6264.22 6272.88 6301.57 6335.06 6323.6 6347.82 6397.71 6493.28 6600.12 6725.19 6837.64 6908.66 6978.93 7056.73 7149.68 7244.8 7328.26 7418.78 7515.02 7605.36 7694.73 7786.3 7871.3 7925.97 7936.68 7907.64 7923.33 7964.15
6442.64 6414.08 6385.91 6361.65 6339.5 6319.77 6310.06 6320.96 6335.07 6352.7 6377.19 6398.76 6381.58 6361.27 6344.75 6329.82 6315.15 6307.06 6298.43 6291.71 6290.37 6289.07 6292.94 6285.12 6272.8 6255.64 6228.87 6193.24 6158.26 6154.5 6160.05 6174.28 6187.54 6198.52 6208.4 6215.24 6220.73 6225.41 6232.22 6248.42 6284.87 6317.51 6342.36 6354.71 6379.07 6427.49 6549.85 6683.9 6804.92 6904.43 6967.53 7025.98 7091.06 7188.51 7301.86 7392.01 7479.56 7566.23 7664.49 7752.44 7844.51 7935.3 7978.47 7981.62 7940.78 7964.28 7981.12
6476.69 6440.78 6412.71 6387.07 6358.63 6331.54 6316.93 6340.97 6356.63 6363.23 6395.23 6426.45 6395.85 6372.17 6357.41 6346.02 6330.91 6322.24 6314.25 6307.47 6305.47 6305.37 6301.98 6307.55 6297.49 6285.45 6267.37 6249.57 6227.8 6196.62 6188.99 6198.75 6209.34 6220.39 6230.89 6241.18 6249.94 6256.71 6255.21 6260.97 6304.14 6339.53 6364.65 6390.57 6439.87 6506.42 6622.85 6757.43 6870.43 6965.1 7021.69 7071.31 7130.48 7257.32 7383.56 7470.3 7555.82 7640.33 7731.55 7810.65 7886.19 7955.4 7996.86 8010.84 7974.8 7979.99 8002.21
6513.68 6482.96 6450.46 6419.45 6398.42 6390.62 6374.71 6383.74 6391.4 6396.08 6391.13 6384.81 6377.47 6368.51 6363 6362.79 6368.02 6356.58 6336.42 6320.85 6307.83 6300.59 6287.49 6288.08 6293.74 6291.64 6289.21 6290.2 6291.12 6262.86 6235.21 6229.42 6234.71 6246.68 6259.39 6273.05 6286.41 6298.7 6312.39 6321.58 6347.2 6379.61 6417.93 6470.9 6524.06 6599.3 6694.69 6803.1 6910.83 7009.02 7076.67 7128.02 7181.08 7340.23 7465.48 7545.18 7630.04 7724.41 7803.6 7872.88 7924.06 7960.35 8010.5 8039.2 8051.87 8014.76 8014.77
