real_craters/C205-1000m.grd
DSAA
155 155
-77.12 77.12
-77.12 77.12
8166.6793245071 11298.701054017
[rows 90 to 119 of 155, columns 0 to 66 of 155]
9523.63 9532.97 9533.7 9525.71 9527.21 9535.2 9550.65 9574.48 9599.47 9628.33 9653.02 9673.89 9691.6 9703.2 9699.42 9694.1 9689.34 9684.95 9682.18 9684.93 9706.6 9744.73 9804.08 9833.08 9833.45 9897.18 9959.29 9930.55 9964.76 9960.27 9953.68 9971.51 9990.41 10047.1 10115.5 10166.5 10077.8 9782.49 9580.24 9354.94 9169.09 8993.4 8831.51 8670.81 8586.4 8547.62 8529.64 8509.83 8498.38 8485.07 8461.22 8439.97 8421.62 8411.45 8407.95 8403.99 8400.28 8402.25 8422.5 8448.13 8459.48 8463.52 8483.32 8497.22 8507.91 8521.98 8534.24
9511.32 9517.38 9511.07 9518.04 9539.65 9542.6 9555.41 9579.29 9603.47 9627.63 9651.04 9676.1 9686.32 9684.15 9674.28 9674.65 9671.59 9668.69 9668.3 9675.89 9697.27 9726.75 9785.9 9817.76 9848.01 9893.81 9901.89 9918.55 9949.73 9898.12 9923.87 9945.46 9947.7 10080.4 10094.8 10076.5 10015.9 9840.83 9627.74 9405.05 9258.1 9065.55 8863.9 8710.31 8649.32 8597.75 8546.33 8529.18 8516.13 8502.27 8494.28 8468.32 8440.72 8423.89 8416.84 8406.29 8400.41 8401.95 8429.14 8466.05 8478.23 8488.5 8493.18 8502.1 8513.2 8528.19 8544.16
9497.25 9499.76 9492.55 9502.55 9515.61 9545.33 9560.86 9577.41 9601.23 9624.38 9644.35 9661.44 9667.42 9665.82 9659.91 9658.9 9657.16 9655.12 9655.5 9664.12 9684.39 9705.99 9768.99 9808.95 9842.97 9892.6 9935.21 9917.7 9940.03 9913.67 9941.54 9978.5 9949.32 10001.7 10043.5 10072.6 10083.7 9933.88 9746.42 9606.86 9345.8 9079.8 8899.73 8765.73 8708.43 8659.26 8606.52 8560.78 8541.36 8563.66 8533.86 8491.39 8454.85 8436.21 8431.22 8420.76 8412.47 8411.44 8468.76 8502.99 8490.31 8499.38 8501.44 8507.31 8517.98 8536.73 8561.14
9498 9500.18 9492.1 9498.61 9518.95 9532.94 9552.99 9577.87 9601.29 9621.65 9637.57 9646.26 9640.03 9642.66 9649.19 9649.2 9648.39 9646.14 9645.28 9652.29 9677.32 9700.29 9759.63 9816.48 9839.21 9866.35 9895.92 9938.75 9944.66 9954.85 9963.96 9993.91 9956.78 9978.32 9996.01 10035.1 10095.2 10103 10002.1 9931.02 9518.29 9162.01 8940.17 8790.52 8726.07 8693.45 8663.63 8595.63 8566.36 8574.04 8547.75 8508.41 8468.25 8445.85 8440.22 8433.43 8426.3 8427.85 8489.44 8510.31 8495.87 8500.64 8504.66 8510.59 8519.48 8537.24 8570.76
9489.9 9479.53 9492.72 9500.54 9512.73 9532.01 9546.24 9575.4 9598.94 9618.52 9633.16 9637.46 9626.13 9634.12 9643.92 9645.36 9643.27 9640.96 9643.48 9660.05 9675.9 9691.86 9737.67 9788.59 9801.66 9836.04 9868.67 9927.67 9925.48 9928.54 9937.32 9950.97 9972.37 9956.09 9968.41 9981.59 10024.9 10132.2 10150.3 10185.7 9639.88 9209.37 9011.5 8850.63 8752.62 8712.15 8695.9 8614.56 8587.67 8606.25 8566.92 8529.01 8484.63 8462.86 8458.53 8449.26 8443.44 8446.02 8448.16 8480.62 8496.36 8501.65 8507.42 8512.88 8521.69 8539.37 8555.3
9490.62 9499.06 9497.89 9502.65 9532.83 9562.41 9571.05 9583.4 9600.52 9617.44 9631.79 9645.54 9644.52 9649.83 9651.5 9647.34 9640.25 9634.35 9632.75 9644.65 9673.82 9694.9 9738.45 9746.98 9774.49 9816.13 9841.42 9852.99 9882.76 9894.67 9903.35 9921.98 9947.84 9938.04 9946.32 9957.85 9999.61 10117.8 10055.8 10016.1 9634.19 9264.85 9075.06 8952.04 8824.89 8760.14 8715.9 8638.09 8637.51 8702.04 8637.54 8578.68 8511.21 8482.72 8474.34 8464.26 8457.28 8461.71 8473.09 8481.41 8496.63 8505.8 8509.13 8513.11 8521.46 8539.57 8566.96
9490.64 9493.15 9497.46 9508.21 9544.19 9578.21 9582.2 9588.97 9602.56 9616.84 9629.87 9646.91 9665.66 9668.22 9660.5 9647.1 9634.06 9625.16 9623.38 9616.2 9636.4 9691.61 9734.04 9745.67 9775.41 9805.37 9829.38 9847.4 9867.33 9871.07 9885.3 9909.01 9937.43 9955.53 9954.5 9966.03 10001.4 10099.4 10035.8 9985.85 9804.24 9533.57 9200.26 9014.18 8895.9 8816.06 8759.02 8673.24 8679.19 8728.92 8698.8 8641.44 8610.29 8538.23 8496.41 8485.97 8478.73 8469.51 8475.85 8487.03 8495.67 8499.16 8505.51 8513.05 8518.55 8530.05 8575.52
9493 9493.52 9502.25 9522.49 9556.11 9581.9 9584.53 9591.05 9600.38 9615.59 9629.09 9644.62 9665.25 9695.6 9660.78 9639.64 9623.95 9610.85 9603.32 9605.63 9626.49 9664.75 9712.47 9734.43 9780.11 9802.49 9837.79 9859.31 9865.32 9856.02 9870.67 9911.17 9925.4 9947.32 9958.87 9981.74 10013.7 10059.6 10045.8 10091.2 10004.7 9642.56 9304.9 9094.18 8952.93 8867.32 8815.25 8738.39 8733.73 8755.07 8745 8708.41 8624.03 8582.77 8529.12 8524.35 8510.07 8494.84 8488.45 8497.23 8507.17 8512.74 8516.83 8519.26 8520.39 8531.86 8582.08
9510.18 9496.2 9515.68 9532.7 9567.25 9593.44 9586.18 9587.48 9591.88 9603.2 9621.69 9644.9 9662.94 9651.57 9640.92 9627.47 9611.12 9597.58 9581.3 9591.08 9604.28 9662.44 9682.02 9735.17 9786.39 9794.31 9824.75 9856.26 9856.26 9847.41 9860.61 9908.89 9914.9 9927.55 9962 9990.79 10011.4 10015.2 10074.1 10158.7 10033.8 9682.18 9356.72 9134.56 9001.45 8911.79 8846.56 8795.17 8795.12 8851.03 8932.18 8811.18 8712.06 8682.18 8662.57 8607.56 8552.24 8514.92 8504.12 8512.26 8522.02 8527.83 8527.92 8528.69 8529.31 8539.76 8574.35
9509.74 9519.24 9533.84 9565.93 9578.95 9588.81 9569.22 9572.94 9578.42 9585.77 9600.95 9619.46 9601.5 9608.99 9609.04 9601.33 9595.12 9587.89 9588.41 9586.24 9605.91 9630.9 9667.56 9708.25 9743.13 9764.34 9798.52 9844.96 9851.11 9849.62 9851.13 9888.28 9917.04 9935.51 9959.9 9990.04 10015.6 10031.4 10106.5 10200 10060.9 9741.74 9407.59 9181.19 9055.67 8958.76 8895.86 8829.04 8827.39 8844.01 8865.09 8885.18 8842.11 8826.7 8772.18 8697.62 8596.15 8532.32 8530.19 8530.78 8535.05 8537.51 8538.09 8537.23 8540.87 8549.09 8575.96
9516.21 9520.78 9537.97 9562.39 9543.07 9528.72 9548.23 9552.51 9555.43 9561.72 9566.98 9565.02 9564.94 9582.12 9588.02 9588.24 9582.98 9574.69 9575.64 9594.87 9591.87 9636.14 9667.76 9690.15 9715.54 9731.21 9746.67 9791.9 9821.59 9840.48 9882.9 9889.32 9917.43 9941.39 9964.73 9985.9 10016.2 10076.2 10162.6 10244.9 10105.8 9783.7 9474.17 9255.74 9124.04 9027.78 8950.42 8879.2 8879.39 8864.73 8862.63 8989.09 9053.46 8999.3 8942.58 8819.54 8660.62 8567.09 8554.9 8551.68 8550.82 8549.39 8540.79 8544.98 8549.24 8553.77 8567.15
9537.08 9538.47 9519.8 9485.2 9498.11 9488.53 9501.94 9514.45 9528.44 9534.21 9534.7 9529.51 9545.04 9566.79 9574.52 9575.2 9573.19 9569.73 9569.6 9603.04 9624.41 9602.98 9635.7 9674.8 9701.02 9708.22 9728.55 9741.02 9753.27 9794.23 9836.09 9834.41 9892.28 9957.53 9972.87 9986.06 10004.5 10122.6 10156.4 10185.2 10142.2 9968.92 9645.35 9377.31 9211.77 9106.34 9069.55 9038.66 8984.93 8936.7 8914.81 9059.76 9165.84 9112.35 9043.24 8931.87 8760.32 8623.87 8591.38 8582.33 8570.81 8557.61 8557.41 8559.66 8566.85 8575.74 8602.01
9539.75 9516.67 9494.23 9488.52 9485.98 9487.33 9495.3 9504.26 9510.38 9515.69 9518.71 9531.43 9545.02 9563.56 9566.46 9568.09 9570.53 9578.16 9597.17 9603.58 9609.57 9607.81 9641.55 9667.68 9687.49 9692.38 9698.68 9713.18 9730.57 9739.49 9735.19 9793.85 9855.69 9923.72 9969.71 10001.8 10041.3 10158.6 10231.3 10232.7 10255 10197.1 9833.05 9543.36 9316.57 9190.13 9190.99 9190.7 9088.7 9005.68 8948.46 9015.44 9112.22 9145.52 9145.5 9090.75 8941.64 8729.21 8678.92 8649.11 8612.59 8583.04 8573.94 8585.9 8596.25 8605.7 8621.94
9520.49 9502.42 9494.71 9492.34 9488.07 9493.09 9494.1 9497.71 9498.99 9504.17 9509.15 9498.51 9536.1 9557.76 9562.81 9564.13 9566.38 9577.55 9603.77 9587.98 9597.54 9635.32 9654.84 9667.1 9676.25 9683.87 9685.61 9698.48 9719.61 9719.69 9726.62 9763.62 9822.68 9891.17 9949.51 10011.4 10080.9 10143.3 10190.5 10266.1 10379.9 10445.4 10143.7 9724.43 9411.07 9258.19 9220.59 9207.82 9138.79 9062.82 9001.44 9028.54 9100.66 9153.7 9175.21 9166.84 9141.93 8938.69 8835.34 8758.92 8683.39 8620.24 8621.04 8643.04 8641.95 8632.53 8628.76
9498.56 9506.25 9496.14 9478.16 9484.81 9487.62 9479.6 9473.34 9488.32 9501.98 9515.21 9523.77 9519.97 9549.02 9559.47 9555.75 9553.53 9557.24 9592.6 9627.91 9619.2 9633.54 9654.73 9672.82 9684.86 9674.78 9675.16 9680.77 9703.36 9717.01 9726.87 9748.61 9795.24 9850.26 9915.49 9990.59 10061.1 10099.3 10113.3 10213.8 10461 10615.7 10286.9 9835.87 9466.27 9301.95 9279 9208.67 9171.3 9130.48 9086.03 9079.42 9121.9 9164.07 9189.86 9188.01 9180.71 9143.98 9003.17 8887.04 8788.51 8706.56 8712.47 8738.63 8731.36 8681.55 8647.81
9507.15 9513.03 9514.28 9491 9481.32 9477.23 9475.1 9477.27 9493.13 9503.05 9514.98 9534.69 9555.32 9575.01 9560.14 9551.58 9545.81 9553.33 9582.86 9611.32 9641.23 9637.52 9654.14 9673.23 9675.61 9670.8 9667.23 9677.3 9692.97 9712.84 9720.16 9737.54 9774.86 9818.37 9873.77 9938.98 9983.81 10030.3 10083.7 10224 10487.7 10716.3 10382.8 9920.8 9513.69 9335.06 9294.87 9235.51 9232.73 9221.06 9202.89 9178.4 9186.45 9207.03 9230.29 9249.47 9249.68 9225.09 9133.72 9024.73 8925.48 8851.81 8856.9 8874.72 8846.04 8847.12 8752.81
9495.88 9511.82 9510.36 9491.18 9477.01 9468.37 9475.51 9495.2 9501.19 9501.92 9502.74 9505.43 9527.53 9542.75 9545.59 9539.82 9537.57 9541.63 9576.32 9614.88 9629.88 9637.92 9646.4 9660.85 9668.59 9661.57 9665.86 9684.77 9701.81 9719.12 9726.84 9738.8 9760.95 9793.8 9846.34 9910 9890.66 9920.82 10120 10229.2 10390.6 10527.7 10441.3 10046.4 9608.59 9402.85 9335.58 9330.5 9336.81 9333.71 9313.5 9280.14 9276.4 9272.34 9273.35 9280.7 9383.14 9362.53 9245.98 9148.73 9062.14 9004.49 8993.3 8966.63 8895.62 8879.9 8847
9489.88 9495.87 9498.99 9484.55 9470.31 9465.39 9475.05 9492.55 9498.04 9499.82 9503.14 9501.7 9505.37 9514.68 9523.84 9528.33 9532.96 9544.41 9565.21 9595.62 9639.41 9630.1 9636.46 9641.16 9649.43 9650.65 9674.52 9698.79 9719.13 9718.19 9714.41 9719.98 9741.72 9769.92 9812.07 9873.74 9870.08 9842.73 10136.6 10218.7 10244.5 10304.4 10443.8 10212 9749.35 9509.39 9429.98 9463.59 9492.9 9492.38 9447.72 9401.12 9385.87 9370.65 9337.45 9303.17 9322.39 9358.17 9310.78 9245.9 9181.28 9122.36 9076.15 9038.64 8975.97 8931.83 8878.03
9483.85 9480.99 9470.69 9470.76 9464.73 9452.18 9446.94 9480.44 9492.32 9497.98 9501.42 9512.38 9509.72 9498.62 9510.78 9521.4 9533.78 9554.63 9574.79 9594 9622.66 9632.11 9634.86 9634.55 9637.19 9659.99 9695.81 9710.22 9712.87 9722.92 9713.67 9703.52 9726.64 9738.09 9728.84 9766.76 9760.21 9776.96 10078.2 10141.8 10138.3 10218.6 10435 10300.4 9857.5 9617.38 9534.49 9592.12 9685.85 9689.78 9660.53 9584.18 9566.04 9527.5 9457.9 9379 9367.66 9390.27 9394.29 9366.48 9321.06 9269.78 9232.98 9271.04 9117.85 9026.44 8970.74
9476.35 9483.71 9483.4 9476.71 9471.73 9464.49 9464.71 9477.41 9493.6 9499.03 9496.77 9516.29 9510.22 9510.86 9507.59 9514.29 9532.39 9555.13 9590.35 9615.8 9634.93 9639.75 9634.98 9651.27 9646.49 9663.78 9672.7 9670.21 9675.54 9667.45 9694.77 9714.6 9732.66 9738.67 9738.71 9744.71 9737.66 9751.65 9937.15 10055.5 10092.8 10215.5 10370.4 10267.1 9919.6 9720.13 9640.7 9844.49 9900.03 9874.61 9891.91 9921.49 9811.88 9716.13 9628.43 9529.88 9482.75 9493.35 9499.15 9493.84 9479.56 9460.88 9468.8 9346.36 9281.29 9248.09 9121.76
9476.47 9494.06 9501.81 9495.44 9494.11 9489.93 9493.72 9513.53 9519.14 9509.32 9504.52 9502.59 9502.18 9494.16 9499.95 9508.84 9514.7 9535.18 9599.82 9624.97 9628.54 9626.07 9612.3 9585.11 9590.49 9607.66 9636.1 9644.52 9656.22 9681.82 9720.84 9747.26 9751.43 9749.02 9748.46 9735.87 9740.56 9758.7 9857.39 10002.6 10080.5 10245.7 10341.4 10252.8 10030.9 9858.26 9766.78 9856.88 9944.74 9959.63 9987.14 9971.5 9962.69 9879.27 9814.48 9734.2 9657.81 9656.99 9648.62 9643.36 9635.56 9618.53 9585.07 9486.5 9411.75 9394.96 9407.08
9492.32 9508.68 9521.1 9525.77 9529.51 9527.23 9521.84 9532 9531.1 9521.49 9503.86 9496.43 9503.23 9511.17 9516.09 9514.21 9515.88 9558.18 9589.22 9596.63 9600.24 9601.82 9590.57 9575.13 9567.86 9589.69 9605.46 9617.6 9665.91 9674.87 9702.16 9732.13 9740.21 9743.31 9751.5 9742.34 9736.01 9798.79 9957.49 9991.14 10116.4 10302.6 10348.1 10329 10186.6 10025.1 9859.2 9823.53 9899.77 9964.28 10033.1 10023.5 10014.3 9998.47 9985.27 10044.5 9942.62 9845.03 9808.47 9789.26 9792.67 9789.78 9751.24 9645.07 9559.53 9500.86 9451.66
9520.92 9533.03 9556.63 9572.43 9570.63 9573.75 9590.29 9581.66 9565.73 9539.21 9518.39 9506.74 9508.84 9519.01 9525.18 9525.95 9522.68 9540.07 9575.34 9575.65 9579.88 9575.66 9570.89 9567.24 9567.33 9588.19 9588.87 9637.04 9666.51 9676.07 9688.72 9698.87 9707.51 9717.51 9722.55 9700.34 9717.95 9788.25 9945.24 10004.9 10150.7 10280.9 10334.7 10373.4 10274.7 10122.5 9967.18 9884.1 9897.18 9935.43 9956.87 9983.74 10024 10065.3 10080 10015.2 9984.05 9945.87 9919.8 9919.76 9927.42 9948.91 9966.13 9871.79 9777.83 9688.33 9631.89
9550.28 9568.49 9589.15 9602.32 9595.09 9598.22 9613.47 9604.78 9581.98 9544.09 9513.54 9502.57 9509.97 9522.49 9531.83 9531.46 9552.92 9542.21 9545.2 9539.46 9544.48 9549.29 9553.67 9554.52 9549.18 9561.34 9604.45 9630.68 9637.96 9655.17 9661.77 9673.81 9682.78 9686.53 9697.18 9726.74 9713.29 9741.17 9823.67 9966.57 10061.1 10214.6 10276 10284.2 10229.7 10119.9 10037.3 9971.64 9932.41 9928.9 9945.93 10001.4 10055.7 10135 10218.5 10250.2 10072.8 10015 9993.04 9995.67 10017.8 10051.7 10086.1 10062.8 9944.86 9783.74 9663.47
9539.47 9575.68 9585.16 9594.87 9587.18 9588.32 9592.85 9587.41 9565.43 9544.17 9520.96 9506.6 9502.53 9511.04 9517.25 9505.53 9498.82 9517.12 9531.77 9522.42 9517.72 9525.43 9532.53 9531.33 9525.7 9551.94 9605.56 9621.94 9639.22 9657.76 9650.44 9648.05 9655.79 9653.08 9655.77 9654.51 9686.46 9743.87 9779.03 9899.98 10040.9 10210.9 10224.2 10213.5 10164.1 10141.3 10041.2 9970.99 9944.38 9931.92 9941.52 10029.4 10103 10166.8 10261.6 10327.2 10153.6 10059.5 10034 10037.6 10065.7 10110.1 10181.4 10207.8 10033.9 9913.71 9883.14
9499.38 9513.56 9538.06 9548.96 9547.45 9556.29 9567.07 9569.77 9563.56 9535.78 9506.74 9492.89 9487.13 9482.04 9481.97 9479.12 9476.71 9505.23 9517.3 9497.21 9493.07 9500.65 9516.06 9510.09 9546.35 9591.7 9599.36 9631.1 9650.51 9642.86 9618.3 9616.96 9606.04 9630.89 9640.19 9647.21 9681.38 9688.31 9752.41 9927.12 9985.42 10122.3 10172.7 10133.9 10114.5 10046.6 10018.5 9935.7 9945.84 9961.81 9969.05 9996.49 10058 10130.8 10195.4 10227.6 10160.6 10084.4 10048.2 10044.2 10070.1 10107 10136.3 10133.2 10151.4 10104 10154.1
9488.91 9500.81 9491.31 9464.76 9496.91 9518.77 9531.95 9541.12 9555.04 9515.19 9491.68 9478.01 9468.86 9459.73 9445.46 9465.83 9482.26 9474.92 9484.4 9488.12 9471.1 9480.24 9486.96 9509.71 9572.42 9593.24 9600.41 9607.45 9598.4 9605.67 9600.99 9608.39 9612.4 9624.39 9633.01 9640.21 9652.74 9696.46 9727.43 9759.53 9823.18 10009.2 10137.8 10176.5 10108.7 10081.3 10082.3 10093.5 10074.3 10018.7 10002.9 9987.3 10012.6 10069 10100.9 10180.8 10146.6 10068.3 10038.1 10037.6 10047.7 10091.5 10132.5 10226.9 10326.8 10262.4 10123.5
9485.7 9495.78 9473.53 9461.04 9466.75 9483.69 9503.26 9517.78 9509.96 9471.21 9456.93 9459.47 9457.56 9457.71 9458.18 9467.42 9472.37 9471.97 9486.01 9500.93 9474.11 9479.95 9491.07 9532.9 9573.62 9597.35 9626.68 9604.22 9591.21 9599.08 9611.34 9619.03 9631.9 9627.02 9631.08 9662.02 9698.2 9732.89 9750.68 9785.33 9848.32 9958.02 10071.3 10107.6 10022.7 10081.7 10138.6 10235.9 10111.2 10073.1 10046.9 9983.07 9989.72 9995.83 9988.73 10026.7 9985.87 9975.62 9999.51 10019.3 10037.3 10049 10089.8 10122.6 10191.6 10184.7 10121.2
9466.61 9475 9463.43 9447.37 9444.14 9451.82 9459.31 9458.64 9454.14 9465.15 9446.46 9447.44 9450.42 9453.71 9469.92 9439.17 9423.9 9439.23 9464.69 9441.9 9460.03 9487.63 9521.51 9533.53 9555.21 9599.03 9628.67 9602.92 9581.22 9623.27 9633.81 9627.92 9621.92 9630.02 9643.84 9694.83 9731.31 9726.98 9747.78 9782.04 9839.59 9916.67 9997.49 10007.3 9980.59 10013.9 10112.4 10186.5 10135.5 10082.2 10057.6 9975.29 9900.61 9902.02 9857.17 9853.78 9891.63 9912.67 9952.1 9981.35 10008.9 10029.3 10031.1 10046.5 10000.5 10028.3 10092.3
9455.6 9474.8 9452.2 9426.54 9424.32 9429.51 9429.55 9425.6 9427.15 9440.28 9446.32 9441.35 9438.52 9431.06 9406.19 9374.66 9428.55 9438.66 9433.96 9437.67 9447.93 9476.59 9516.31 9548.41 9555.73 9591.52 9625.64 9598.22 9588.24 9614.97 9619.65 9634.31 9635.37 9642.07 9644.57 9676.45 9725.76 9726.92 9733.67 9721.75 9787.03 9864.58 9957.78 9980.29 9913.99 9933.17 10058.7 10168.9 10213 10199 10132.4 10007.1 9870.5 9858.27 9867.5 9868.68 9869.09 9884.5 9934.68 9968.01 9992.94 10001.1 9986.63 9943.3 10006.4 10083.3 10117.1
