real_craters/C205-1000m.grd
DSAA
155 155
-77.12 77.12
-77.12 77.12
8166.6793245071 11298.701054017
[rows 90 to 119 of 155, columns 67 to 133 of 155]
8539.78 8545.33 8556.29 8581.41 8622.91 8659.35 8690.92 8707.9 8709.41 8714.08 8716.82 8716.42 8716.28 8719.55 8730.39 8735.68 8733.95 8728.53 8736 8744.57 8741.88 8733.68 8724.69 8717.8 8696.57 8678.69 8679.66 8681.22 8673.43 8669.96 8678.87 8695.23 8711.97 8731.11 8754.98 8782.69 8811.29 8843.4 9021.77 9134.2 9110.95 9125.49 9152.64 9184.26 9224.01 9297.28 9495.07 9760.21 10039.2 10256.6 10447.8 10498.4 10562.8 10572.1 10564.6 10556.4 10551.4 10564.2 10590.2 10581.3 10561.2 10503 10394.4 10295.1 10212.8 10181.1 10166.6
8554.09 8563.78 8575.2 8587.36 8620.87 8651.45 8677.81 8699.05 8702.65 8708.53 8714.12 8720.39 8731.97 8730.1 8730.82 8732.39 8731.94 8735.22 8741.95 8744.92 8739.44 8731.2 8717.76 8707.59 8691.15 8683.6 8684.39 8686.2 8682.55 8684.79 8695.39 8712.61 8728.4 8747.51 8773.81 8810.46 8856.44 8890.72 9010.91 9102.47 9123.41 9143.77 9156.9 9189.67 9233.87 9337.53 9548.44 9888.89 10186.5 10386.7 10596.6 10559.8 10639.9 10620.6 10572.8 10542.6 10531 10538.3 10561.8 10427.7 10325 10332.1 10282.3 10176.2 10136.1 10128.3 10128.7
8574.97 8579.47 8590.88 8609.15 8627.02 8646.92 8667.86 8686.35 8698.11 8704.64 8711.14 8718.21 8724.41 8727.42 8731.27 8736.33 8738.31 8741.07 8744.32 8745.76 8742.36 8735.73 8726.49 8716.89 8705.01 8697.68 8691.03 8692.41 8694.92 8700.02 8713.35 8732.31 8747.5 8765 8797.31 8833.16 8882.78 8946.36 9058.82 9102.1 9132.36 9157.45 9184.7 9219.6 9276.84 9412.08 9600.17 9879.79 10195 10451.8 10655.1 10541 10612.3 10597.9 10550.7 10522 10494.8 10466.5 10375.4 10326.6 10291.7 10248.7 10202.1 10139.7 10089.4 10087.7 10105.1
8586.05 8593.17 8598.37 8610.37 8626.46 8645.64 8665.42 8684.64 8693.44 8700.16 8706.56 8712.53 8719.05 8729.74 8739.78 8742.47 8747.3 8742.99 8753.77 8756.2 8746.79 8739.66 8735.46 8728.8 8716.92 8705.04 8701.39 8705.81 8711.48 8716.63 8731.1 8753.3 8771.92 8787.53 8833.07 8873.52 8901.49 9028.28 9038.79 9102.69 9148.45 9186.11 9222.74 9251.8 9312.56 9523.97 9698 10024.3 10211 10493.1 10592.3 10566 10529.9 10495.7 10475.1 10461.5 10446.7 10412.8 10361 10344.5 10312.3 10203.3 10140.3 10122.1 10098.9 10098.3 10099
8593.15 8598.67 8603.49 8614.62 8630.68 8647.52 8663.6 8675.36 8686.54 8695.24 8701.53 8707.1 8713.17 8728.38 8743.48 8742.58 8739.55 8741.83 8748.34 8750.8 8746.56 8740.91 8739.91 8735.26 8722.78 8712.83 8713.17 8724.12 8735.68 8746.75 8762.84 8778.31 8789.2 8815.92 8883.86 8968.21 9061.84 9098.77 9118.75 9137.23 9189.05 9231.4 9269.97 9310.3 9366.42 9562.87 9801.17 9989.57 10239.1 10415.4 10399.4 10407.4 10374.4 10365.7 10385.1 10387.2 10387.3 10379 10411.7 10351.8 10265.6 10164.6 10135.8 10103.4 10099.5 10098.9 10091.7
8594.73 8604.93 8610.5 8623.83 8637.36 8655.31 8668.3 8678.94 8685.69 8690.07 8696.05 8702.2 8709.08 8722.85 8738.8 8737.79 8734.15 8734.99 8741.26 8746.21 8744.94 8741.32 8742.09 8737.06 8730.29 8722.15 8724.78 8743.47 8761.51 8785.69 8811.29 8820.58 8826.63 8882.46 8942.92 9008.38 9081.02 9149.71 9190.47 9222.73 9252.75 9291.3 9333.16 9382.99 9451.52 9644.56 9784.87 9990.15 10279.5 10334.1 10309.9 10339.3 10321.9 10304.2 10316.6 10322.2 10321.3 10331.9 10337.3 10257.7 10168.6 10111.5 10079.8 10095.1 10090.1 10087.2 10083.9
8614.91 8620.9 8621.77 8630.24 8647.96 8654.8 8666.19 8674.99 8679.67 8685.64 8690.88 8696.19 8700.56 8713.35 8732.38 8732.71 8727.53 8729.71 8740.13 8746.72 8745.63 8744.1 8745.37 8735.9 8738.99 8733.36 8743.17 8756.87 8780.55 8812.32 8845.81 8883.79 8933.37 8980.44 9016.92 9050.99 9113.91 9201.11 9269.55 9298.1 9336.89 9377.14 9421.14 9473.89 9545.88 9666.43 9797.5 9961.58 10132.3 10273.8 10336 10374.8 10333.7 10278.8 10275.4 10276 10265.6 10243.6 10186.4 10150.7 10135.3 10097.6 10088.8 10087.1 10084.7 10082.1 10083.4
8631.48 8629.09 8621.57 8614.03 8589.7 8639.76 8662.92 8671.9 8677.35 8681.02 8685.34 8690.92 8697.31 8708.48 8726.07 8731.99 8734.79 8744.12 8746.64 8749.98 8748.98 8750.2 8754.32 8751.55 8750.85 8757.72 8757.17 8771.57 8797.46 8831.75 8868.72 8940.85 9025.25 9070.26 9093.88 9132.51 9195.8 9266.66 9326.64 9384.88 9428.78 9469.94 9512.08 9559.53 9624.49 9723.9 9863.61 10036.9 10288.8 10437.6 10388.3 10433.7 10393.3 10294.4 10262.6 10238.2 10218.7 10193.5 10167.5 10224.2 10145.5 10094.6 10092 10098.5 10089.6 10086.7 10085.5
8609.44 8617.69 8616.87 8616.3 8649.08 8640.15 8656.88 8665 8670.85 8675.76 8680.69 8687.24 8696.95 8709.59 8727.93 8737.19 8743.89 8756.1 8755.73 8754.26 8755.86 8756.93 8765.49 8767.15 8772.73 8776.97 8770.11 8792.29 8830.74 8875.01 8920.57 8991.5 9043.84 9084.04 9151.58 9244.92 9311.61 9362.69 9404.41 9458.43 9512 9557.32 9601 9639.09 9687.29 9823.54 10022.2 10239.6 10512.8 10480.9 10452.7 10473.4 10358.7 10289.4 10234.7 10209.1 10196 10189.6 10196.2 10123.3 10104.2 10095.8 10101.8 10101.7 10062.7 10077.3 10076.3
8600.33 8610.31 8611.48 8616.75 8620.23 8629.63 8633.1 8647.34 8657.7 8666.84 8675.52 8683.88 8692.7 8708.09 8731.48 8747.92 8756.9 8763.22 8765.58 8767.95 8769.69 8772.05 8778.82 8789.24 8796.43 8797.55 8788.9 8808.26 8878.16 8934.02 8994.97 9038.23 9083.89 9125.36 9200.59 9336.7 9421.36 9472.33 9513.14 9550.94 9595.92 9643.38 9690.42 9732.33 9777.04 9977.84 10276.2 10572.5 10546.7 10370.9 10434.1 10346.4 10285.6 10227 10207.9 10198.3 10188.4 10176.9 10150.1 10110.3 10090.9 10058.3 10077.9 10070.9 10058.7 10071.1 10078
8603.12 8603.61 8605.09 8610.6 8614.75 8616.93 8623.6 8635.1 8646.83 8659.82 8671.86 8682 8691.36 8708.43 8735.79 8751.04 8761.69 8767.67 8774.33 8780.27 8785.27 8789.82 8788.82 8804.72 8826.2 8817.44 8885.97 8937.64 8958.95 8986.79 9019.63 9057.64 9095.72 9116.31 9226.35 9426.8 9518.99 9561.27 9601.02 9628.56 9667.19 9727.81 9796.11 9860.39 9954.35 10144.9 10413 10640.5 10494.6 10364.7 10370.4 10321.3 10258.3 10223 10203 10190.6 10177.9 10166.8 10145.2 10119 10097.4 10074.1 10078.9 10099.3 10071.4 10072.4 10056.7
8581.83 8592.77 8602.31 8608.36 8605.97 8606.56 8616.85 8632.18 8644.87 8657.66 8671.42 8683.99 8695.18 8717.73 8739.24 8755.53 8763.73 8773.2 8783.42 8793.7 8798.16 8798.63 8795.35 8796.68 8814.19 8843.54 8931.54 9021.58 9018.15 9030.09 9056.76 9084.33 9110.17 9148.46 9271.39 9504.55 9595.02 9628.42 9657.98 9679.14 9735.23 9821.38 9913.41 10003.2 10107.3 10261.3 10411 10450.7 10409.5 10378.8 10371.2 10250.4 10252.1 10225.8 10200.5 10179 10160.4 10144.6 10127.1 10103.3 10088.3 10075 10074.8 10080.2 10075.5 10082.5 10080.7
8618.58 8604.31 8608.49 8613.26 8614.83 8625.72 8634.78 8642.95 8647.45 8658.33 8674.8 8691.44 8701.15 8717.03 8742.61 8753.6 8766.43 8779.06 8793.63 8803.65 8809.58 8816.92 8814.56 8823.89 8830.21 8860.57 8909.64 8963.96 9027.15 9063.61 9079.65 9108.94 9159.13 9204.37 9377.45 9592.62 9667.86 9681.83 9701.53 9726.95 9810.82 9932.48 10052 10156.2 10270.2 10391.2 10450.2 10459.6 10464.6 10421 10324.5 10242.1 10253.2 10217.2 10192.6 10170.2 10145.2 10112.9 10078.5 10058.8 10070.6 10060 10060.7 10060.4 10080.6 10095.7 10099.7
8630.15 8630.68 8634.27 8636.07 8642.08 8661.03 8668.88 8664.21 8660.61 8668.35 8685.6 8702.44 8715.84 8730.83 8753.5 8774.21 8785.12 8796.55 8811.24 8820.1 8825.32 8838.05 8843.2 8845.95 8856.69 8879.29 8976 9045.53 9087.12 9110.33 9132.57 9185.99 9271.46 9366.11 9528.83 9711.8 9752.24 9746.61 9771.98 9851.76 9934.36 10083.6 10240.4 10380.2 10561 10575.6 10551.6 10507.6 10460.1 10355.2 10324.8 10297.3 10245.3 10220.8 10186.4 10170.7 10133.1 10095.2 10071 10065.2 10058 10034.6 10047 10062.4 10080.6 10101.2 10086.2
8662.34 8668.23 8672.16 8675.32 8677.8 8682.42 8691.98 8689.69 8685.72 8690.24 8707.21 8722.95 8738.7 8749.91 8764.15 8774.08 8801.88 8835.29 8849.83 8850.71 8852.63 8861.41 8871.91 8898.77 8969.4 9023.16 9111.38 9157.11 9156.27 9166.4 9215.68 9290.43 9434.32 9581.51 9732.27 9866.14 9870.86 9854.21 9885.4 9933.68 10057.5 10254.7 10449.2 10653.2 10863.8 10735.6 10647.3 10567.9 10437.4 10383 10369.4 10340.5 10272.8 10231.6 10227.1 10170.5 10134 10096.9 10064.1 10052.2 10054.3 10038.3 10046.9 10058.9 10072.8 10113.9 10088
8702.08 8716.69 8719.54 8719.05 8718.68 8726.46 8721.93 8718.78 8716.9 8721.18 8735.19 8750.69 8766.53 8787.72 8808.69 8864.5 8901.03 8891.82 8888.97 8890.23 8878.84 8888.63 8907.22 8945.52 9089.74 9164.5 9156.48 9142.22 9165.28 9209.35 9301.73 9467.04 9584.77 9771.44 9891.69 9961.18 10007.3 10032.4 10106.3 10172.6 10273.7 10455.5 10635 10803.1 10817.3 10757 10658.3 10592 10372.1 10393 10387.9 10368.9 10288.5 10217.1 10180 10161 10137.3 10114.5 10091.4 10066.8 10046.7 10042.9 10060.4 10070.9 10061.4 10076.8 10075.8
8811.32 8788.64 8778.36 8770.18 8763.25 8749.06 8749.01 8747.46 8747.83 8752.33 8768 8783.75 8800.96 8818.08 8852.14 8914.36 8950.9 8940.55 8934.89 8937.97 8977.95 8983.64 8961.83 8968.28 9020.61 9114.74 9122.58 9134.91 9163.04 9232.03 9332.74 9444.89 9650.71 9872.2 9994.39 10068.5 10188.5 10306.2 10438.3 10513.7 10609.4 10662.6 10751.9 10852.1 10816.7 10708.4 10587.4 10433.4 10330.3 10378.8 10381.3 10326.6 10288.4 10229.2 10192.2 10164.8 10139.8 10141.5 10119.8 10087.3 10047.7 10054.4 10081.2 10117.7 10141.4 10080.6 10060.4
8863.74 8867.9 8851.15 8836.09 8815.02 8797.37 8777.14 8781.7 8787.07 8789.68 8810.1 8827.09 8845.49 8859.14 8897.86 8931.68 8954.3 8968.46 8976.24 8987.75 8982.52 9015.03 9006.57 9014.23 9033.42 9068.62 9104.12 9148.36 9166.57 9253.97 9376.47 9515.04 9707.73 9893.79 10028.6 10142 10368.1 10618.9 10745 10832.5 10833.7 10776.7 10787.7 10773.6 10735.9 10630.7 10513.9 10399.9 10324.9 10267.1 10271.5 10248.8 10182.3 10155.1 10182.9 10143.7 10118.1 10102.2 10089 10077.9 10063.3 10066.4 10096.8 10127.1 10121.1 10084.3 10085.3
8970.42 8966.87 8957.3 8921.66 8876.38 8831.22 8816.52 8834.97 8843.95 8852.21 8861.74 8877.88 8898.63 8924.86 8961.01 8962.35 8984.04 9003.4 9021.52 9040.08 9088.29 9098.05 9074.87 9069.26 9099.56 9117.05 9130.08 9151.49 9173.74 9282.65 9434.52 9614.65 9766.42 9864.66 9938.21 10128.3 10427 10706.3 10751.1 10792.5 10763.1 10726.2 10752.8 10773.2 10634.6 10529 10438 10388.9 10230.2 10209.6 10246.7 10196.7 10119.9 10121.9 10106 10103 10095.4 10082.6 10087.7 10082.7 10086.9 10079 10105.8 10131.7 10162.9 10093.5 10107.7
9118.84 9117.89 9075.59 9023.13 8958.19 8893.65 8897.53 8920.32 8912.44 8896.42 8906.55 8933.5 8954.25 8975.77 8996.58 8993.35 9013.29 9043.27 9066.09 9088.05 9080.6 9158.45 9087.8 9092.41 9103.52 9114.95 9140.87 9167.04 9202.38 9316.17 9464.32 9628.27 9759.92 9871.6 9988.18 10195.3 10384.9 10536.6 10645.8 10626.3 10567.4 10560.2 10554.9 10562.1 10478.1 10415 10338.2 10246.7 10202.3 10231.1 10232.7 10172.5 10110.5 10103.5 10103.9 10100.6 10087.4 10073.7 10055.4 10071.5 10082.1 10096.4 10110.1 10122.7 10108.2 10110 10126.3
9371.66 9271.57 9200.79 9140.55 9105.4 9099.95 9081.51 9022.53 8993.47 8959.29 8962.05 8999.33 9017.49 9029.12 9032.98 9047.94 9071.07 9104.48 9134.74 9147.06 9164.25 9155.24 9142.6 9124.44 9117.47 9140.42 9161.16 9210.6 9280.17 9354.73 9471.74 9590.33 9741.86 9944.7 10082.7 10327.6 10411.4 10564.9 10588.6 10531.6 10440.5 10373.8 10338.3 10272 10335.5 10314.3 10270 10221.7 10229 10238.3 10197.5 10145.6 10082.9 10100.2 10087.3 10068.9 10079.2 10083.7 10062.3 10068.7 10082.3 10093.7 10111.2 10127.4 10142.2 10131.2 10099.2
9444.4 9374.49 9289 9228.12 9194.93 9182.87 9146.18 9095.75 9072.61 9064.66 9065.95 9055.34 9081.74 9101.65 9117.56 9093.32 9115.83 9154.02 9195.22 9231.82 9195.58 9159.99 9161.43 9164.9 9160.9 9180.72 9220.83 9281.64 9318.83 9384.27 9508.31 9648.2 9836.41 10102.4 10288 10367.2 10488 10595 10501.4 10394.5 10283.9 10274.6 10286.3 10313.9 10272.8 10253.7 10233.1 10220.7 10184.5 10182.8 10163.3 10137.7 10123.5 10112.1 10071.8 10054.1 10065 10068.8 10075.3 10064.4 10073.8 10097.6 10111.5 10135.6 10156.8 10135 10077.4
9527.47 9448.38 9380.41 9299.65 9211.16 9178.57 9165.29 9146.87 9126.81 9101.96 9088.96 9101.2 9126.17 9154.44 9165.91 9158.2 9157.3 9192.21 9233.3 9285.45 9205.58 9189.41 9200.42 9233.47 9244.5 9272.68 9335.17 9377.98 9384.07 9439.45 9589.33 9749.25 9933.51 10218.4 10372.7 10525.5 10458.9 10377.1 10380.9 10328.8 10293.7 10264.3 10230.2 10224.9 10216 10197 10180.1 10165.6 10168.5 10214.4 10167.1 10131.2 10127.8 10091.7 10074.5 10088.9 10071.5 10061.5 10055.6 10041.6 10041.8 10046.5 10084.5 10126.9 10154.1 10108 10053.9
9600.81 9540.84 9473.55 9382.05 9275.53 9229.73 9209.75 9197.29 9178.4 9144.38 9122.46 9137.64 9162.71 9183.48 9187.52 9187.21 9194.23 9220.49 9242.36 9232.73 9218.21 9227.65 9283.1 9328.15 9352.41 9391.92 9440.57 9470.53 9474.28 9548.34 9721.59 9904.04 10063.9 10315.2 10457.8 10522 10445.6 10376.1 10305.6 10255.6 10194.2 10172.1 10148.5 10152.5 10166.3 10155.2 10138.2 10134.5 10155.7 10180.3 10204 10139 10131.3 10102.5 10074.1 10093 10075.3 10059.8 10046 10021 10015.2 10025.6 10075.7 10113.7 10129 10089.9 10045.4
9763.28 9703.44 9637.99 9526.77 9392.07 9353.77 9313.3 9304.95 9282.62 9226 9169.41 9180.81 9199.38 9206.41 9213.7 9215.72 9228.71 9253.17 9268.54 9285.53 9305.85 9354.73 9380.81 9411.89 9446.25 9505.85 9551.14 9573.77 9621.91 9689.34 9877.69 10110.5 10400.8 10482.7 10464.7 10400.3 10338 10299.2 10254.7 10206.8 10151.5 10132.9 10180 10145.2 10146.7 10136.3 10117.1 10127.5 10195.5 10220.3 10151.7 10137.7 10123.3 10117.4 10061.8 10065.2 10055 10056.5 10056.3 10055.5 10058.6 10076 10095.7 10112.2 10115.2 10090.3 10065.2
10055.6 9954.14 9845.98 9749.02 9638.46 9589.68 9525.95 9498.08 9433.94 9343.98 9257.27 9250.45 9260.12 9242.02 9238.95 9249.65 9290.65 9312.82 9324.49 9341.96 9424.58 9465.02 9508.45 9523.83 9569.68 9636.52 9722.19 9761.89 9780.01 9840.82 10013.5 10231.6 10440.2 10402.5 10325.7 10224.3 10214.2 10222.6 10208.2 10183.8 10162.8 10177.6 10169.7 10166 10153 10143.1 10144.6 10148.2 10161.5 10136.1 10119.7 10078 10086.5 10067.8 10059.1 10054.4 10042 10062.8 10073.8 10075.9 10081.7 10100.8 10105.9 10114.9 10124.5 10150.4 10036
10122.1 10067.9 10016.2 10014.2 9999.78 9874.81 9860.92 9728.52 9597.34 9501.42 9412.54 9384.14 9375.11 9336.37 9334.28 9365.37 9388.32 9404.32 9404.62 9423.06 9519.13 9596.89 9654.79 9656.87 9697.15 9805.25 9850.5 9904.11 9976.07 10017.4 10152.8 10274.3 10334.6 10302.7 10220.9 10163.2 10142.1 10168.1 10180.7 10179.5 10172.4 10186.7 10190.1 10176.8 10153.6 10148.6 10158 10141.6 10147.7 10106.1 10086.8 10081.9 10084 10074.4 10081.7 10087.6 10074.7 10070.3 10077.2 10075.8 10084.4 10088.7 10096.7 10101.7 10104.4 10086.2 10039.3
10122 10119.9 10099.3 10109 10103.6 10014.1 9905.65 9807.34 9738.33 9665.19 9615.77 9567.13 9534.93 9487.24 9448.46 9474.41 9517.17 9523.6 9517.79 9556.01 9679.76 9773.2 9804.53 9805.25 9924.77 10067.2 10203.3 10299.3 10317.1 10291.7 10323.1 10328.8 10293.3 10145.2 10140.7 10136.9 10130.8 10151.5 10172.4 10190.1 10212.8 10252.7 10195.8 10156.5 10140.6 10133.7 10121.5 10118 10114.3 10115 10111.6 10104.2 10098.3 10090 10056.4 10076.2 10074.7 10068.6 10078 10089.2 10091.7 10092.9 10093 10092.4 10087.9 10078.5 10038.7
10105.2 10080.7 10107.2 10081.3 10064.6 10049.4 10032.5 9951.31 9861.71 9810.92 9773.49 9744.01 9727.17 9716.97 9702.58 9655.96 9653.53 9620.61 9635.14 9693.58 9793.82 9833.58 9870.89 10058.5 10202 10322.8 10501.3 10574.9 10523.5 10509.9 10476.4 10367.7 10266.7 10145.4 10127.1 10127.9 10139.1 10154.9 10176.4 10200.5 10216.5 10176.6 10107.3 10117 10116.1 10104.3 10091.1 10104.2 10137.1 10120 10107.8 10114.2 10102.7 10075.2 10066.9 10077.7 10099.4 10094.9 10084.2 10083.6 10084.5 10085.3 10073.7 10082.2 10081.4 10053.3 10019.4
10140.4 10196.2 10115.7 10073.6 10062 10070.2 10053.8 9991.38 9971.99 9943.02 9921.17 9922.69 9940.17 9931.7 9931.72 9865.56 9780.19 9704.02 9760.66 9853.37 9897 9904.79 10036.5 10328.5 10418.7 10451.5 10489.9 10502.4 10537.7 10610.8 10514.9 10345.9 10224.8 10153 10143.2 10149.6 10139.2 10171.1 10204.6 10223.9 10225.1 10185 10120.6 10136.6 10131.7 10103.8 10069.7 10055.7 10063.6 10073.2 10077.7 10094.8 10088.6 10071.9 10053.9 10061.6 10081.6 10094.2 10088.5 10075.1 10081.8 10080.9 10087.9 10060 10036.1 9998.2 10009.6
