real_craters/C205-500m.grd
DSAA
541 541
-134.96 134.96
-134.96 134.96
5235.3412999048 9238.1852132746
[rows 420 to 449 of 541, columns 335 to 401 of 541]
7559.3 7550.76 7545.83 7543.14 7549.17 7560 7565.04 7561.98 7560.51 7561.23 7565.88 7573.59 7581.94 7590.4 7598.12 7603.62 7607.77 7609.96 7612.12 7620.51 7636.67 7652.22 7661.82 7673.43 7683.79 7689.3 7675.55 7645.15 7623.48 7654.57 7692.82 7716.16 7729.46 7739.53 7751.91 7766.46 7776.14 7777.67 7773.77 7772.79 7778.77 7785.88 7791.55 7792.81 7798.67 7797.13 7768.73 7745.89 7760.89 7777.44 7802.16 7845.62 7861.46 7877.03 7901.63 7927.11 7947.7 7968.77 7987.85 8008.5 8022.56 8033.35 8013.77 7991.39 7973.35 7957.98 7943.19
7565.33 7556.21 7552.2 7551.03 7555.99 7564.07 7569.19 7565.96 7563.5 7563.13 7567.61 7576.92 7586.71 7597.15 7607.46 7615.52 7619.76 7619.26 7616.79 7615.89 7626.85 7648.16 7659.76 7671.1 7681.13 7687.38 7682.56 7666.91 7634.18 7658.42 7693.54 7712.67 7722.52 7731.77 7749.03 7766.42 7772.43 7773.51 7774.35 7773.52 7776.66 7788.03 7796.41 7799.61 7803.74 7802.44 7780.32 7765.82 7775.7 7791.89 7820.87 7854.01 7867.57 7881.14 7907.24 7933.73 7953.38 7974.24 7995.05 8015.37 8028.7 8032.87 8007.24 7974.19 7955.31 7946.42 7937.46
7573.34 7563.79 7559.56 7558.82 7562.22 7567.94 7571.23 7568.43 7564 7563.03 7566.98 7577.59 7589.22 7602.84 7617.27 7630.76 7636.26 7630.57 7624.14 7620.53 7622.21 7641.38 7660.37 7673.47 7681.72 7683.91 7688.62 7700.04 7681.33 7683.73 7698.72 7712.16 7722.81 7727.63 7748.63 7764.18 7773.49 7773.99 7774.03 7776.69 7781.34 7793.42 7802.41 7806.85 7810.95 7807.82 7801.1 7794.63 7799.51 7816.09 7846.13 7873.11 7882.64 7885.66 7908.32 7932.41 7955.72 7977.97 8000.2 8019.41 8035.2 8030.22 7974.59 7933.27 7932.36 7933.35 7928.72
7582.11 7572.1 7565.72 7563.34 7565.56 7570.48 7576.35 7565.99 7560.65 7560.07 7562.51 7572.84 7589.21 7606.13 7623.59 7642.89 7653.92 7640.4 7633.96 7639.18 7633.73 7650.47 7670.32 7684.33 7691.73 7691.9 7697.99 7720.96 7717.41 7713.95 7717.97 7726.86 7737.08 7742.9 7760.1 7777.21 7778.54 7775.41 7768.86 7760.63 7773.32 7798.66 7824.21 7823.72 7821.77 7820.36 7815.9 7815.28 7820.22 7833.6 7859.54 7885.93 7895.69 7898.99 7912.01 7933.87 7957.77 7981.69 8003.39 8021.75 8031.45 8027.65 7958.23 7910.02 7916.6 7923.67 7915.37
7592.09 7582.07 7572.01 7564.56 7567.77 7569.65 7568.37 7555.54 7554.44 7557.3 7560.66 7572.05 7589.51 7607.15 7624.22 7640.09 7656.92 7650.56 7646.61 7646.93 7663.47 7672.72 7686.91 7699.19 7708.64 7714.89 7721.47 7738.03 7740.79 7740.76 7746.97 7756.32 7759.59 7769.69 7774.72 7783.64 7790.56 7779.3 7765.26 7753.43 7768.65 7797.81 7821.34 7827.91 7828.79 7829.61 7828.92 7832.02 7837.99 7849.37 7871.96 7895.35 7905.93 7902.77 7912.57 7934.99 7960.48 7984.29 8004.84 8021.9 8028.63 8002.71 7955.11 7917.42 7912.2 7916.35 7934.87
7602.99 7596.37 7586.4 7577.11 7574.65 7569.53 7560.93 7548.22 7549.15 7556.38 7565.59 7580.79 7592.59 7607.16 7622.45 7636.48 7645.46 7661.96 7665.99 7657.93 7682.85 7698.6 7708.62 7719.77 7732.79 7746.89 7753.68 7752.37 7757.26 7760.32 7767.43 7774.6 7773.05 7777.15 7786.67 7795.06 7797.3 7784.13 7767.46 7752.02 7772.2 7801.76 7817.35 7826.78 7831.56 7835.34 7841.78 7853.77 7861.31 7863.07 7889.2 7904.78 7915.82 7916.57 7921.86 7944.97 7967.87 7987.4 8004.2 8016.61 8019.41 7992.98 7958.59 7929.05 7905.41 7888.31 7852.94
7617.8 7614.36 7607.53 7597.82 7586.03 7572.89 7560.22 7545.34 7546.18 7555.72 7567.23 7580.18 7591.85 7604.69 7619.52 7633.68 7645.63 7667.53 7679.59 7687.8 7699.83 7720.76 7730.5 7739.91 7753.46 7772.79 7797.82 7774.61 7770.79 7774.99 7779.93 7781.05 7783.42 7788.13 7797.92 7804.96 7800.77 7792.48 7781.23 7774.58 7795.22 7817.55 7830.83 7831.14 7835.91 7838.93 7845.21 7877.36 7908.31 7922.21 7939.61 7940.98 7956.3 7949.07 7955.91 7969.46 7982.26 7994.68 8004.89 8006.74 7996.98 7981.65 7953.36 7917.39 7896.01 7866.8 7822.98
7633.48 7631.47 7630.55 7618.33 7596.2 7576.34 7560.23 7548.2 7546.51 7554.06 7566.21 7577.54 7586.76 7600.01 7616.24 7634.08 7654.05 7669.11 7681.6 7695.21 7725.35 7739.4 7745.26 7752.08 7761.66 7775.29 7791.89 7792.62 7783.22 7787.03 7793.31 7797.59 7797.22 7800.25 7808.42 7816.93 7811.59 7805.62 7803.49 7815.26 7821.83 7827.82 7829.11 7835.98 7845.23 7854.76 7863.02 7893.29 7943.76 8001.23 7939.91 7994.12 8007.81 7990.8 7999.65 8009.61 8017.28 8015.09 8011.61 8002.76 7994.08 7978.39 7956.46 7931.17 7899.66 7860.38 7822.68
7642.12 7640.3 7636.77 7622.83 7599.83 7576.96 7556.58 7546.27 7542.66 7549.04 7561.68 7571.41 7578.04 7593.83 7612.16 7631.05 7651.52 7666.34 7679.85 7696.95 7723.32 7745 7749.84 7754.43 7759.86 7764.25 7765.23 7783.08 7787.6 7795.42 7804.83 7814.93 7809.94 7810.55 7815.45 7821.13 7823.14 7819 7815.11 7822.87 7838.12 7836.5 7837.37 7843.76 7851.4 7872.07 7882.52 7871.6 7871.88 7860.71 7735.38 7716.7 7816.13 7943.28 8032.88 8035.04 8032.93 8026.46 8019.75 8009.83 8014.2 7995.43 7973.46 7949.65 7899.95 7850.47 7814.62
7647.49 7641.5 7631.84 7618.58 7598.78 7574.83 7550.32 7525.98 7528.25 7542.24 7550.04 7550.49 7568.01 7588.93 7608.05 7624.82 7638.52 7653.7 7670.81 7686.87 7709.92 7737.76 7745.02 7750.48 7755.82 7757.51 7756.37 7774.46 7788.79 7798.1 7809.61 7823.88 7827.46 7822.2 7820.62 7823.93 7832.99 7828.53 7825.6 7830.36 7835.86 7835.5 7845.22 7853.36 7864.34 7890.52 7878.72 7815.58 7727.16 7622.59 7501.7 7468.79 7572.95 7789.73 7975.7 8028.68 8043.21 8037.11 8024.68 8015.9 8008.33 8004.49 7991.7 7928.9 7867.2 7821.81 7785.82
7649.76 7642.4 7632.56 7616.99 7597.74 7576.14 7554.8 7541.71 7543.3 7545.39 7545.24 7544.28 7566.43 7590.64 7607.61 7621.09 7632.13 7643.14 7659.19 7676.88 7698.17 7721.32 7735.32 7743 7748.81 7755.5 7766.55 7783.98 7787.32 7794.1 7804.9 7818.79 7829.88 7825.25 7822.89 7823.66 7828.9 7832.35 7832.33 7831.03 7833.76 7842.99 7850.39 7858.31 7876.89 7917.33 7885.97 7767.9 7618.82 7488.42 7406.61 7431.86 7491.15 7659.46 7894.61 8016.34 8045.18 8037.17 8016.33 7995.88 7986.24 7984.99 7974.08 7890.44 7820.69 7784.35 7749.23
7652.23 7642.44 7628.59 7616.15 7598.69 7579.52 7562.17 7550.25 7557.52 7555.55 7552.36 7555.55 7587.3 7599.92 7610.88 7620.96 7630.74 7641.1 7652.67 7668.81 7693.63 7714.72 7725.63 7732.65 7740.14 7749.68 7759.82 7769.38 7774.37 7781.83 7791.09 7802.32 7812.76 7818.06 7820.61 7824.29 7830.46 7834.44 7837.34 7828.38 7821.15 7837.28 7852.26 7854.91 7871.36 7921.53 7880.06 7751.56 7589.63 7467.63 7412.93 7419.18 7493.34 7663.52 7914.98 8030.52 8047.6 8029.27 8004 7986.69 7962.82 7937.88 7896.98 7838.16 7784.05 7751.93 7727.48
7655.11 7646.85 7632.16 7618.12 7600.1 7581.99 7567.62 7562.1 7568.92 7565.53 7563.27 7568.99 7598.37 7606.29 7613.8 7621.29 7630.15 7638.52 7650.6 7666.09 7686.63 7707.83 7713.14 7719.72 7727.75 7738.2 7753.09 7747.97 7755.21 7766.21 7774.98 7781.07 7793.53 7807.6 7816.29 7817.77 7823.37 7829.92 7834.14 7816.71 7794.89 7804.61 7823.32 7846.49 7868.24 7895.94 7868.51 7780.88 7649.28 7535.89 7460.98 7462.39 7544.65 7735.95 8001.83 8072.2 8048.6 8012.7 7977.88 7957.76 7929.18 7885.5 7826.62 7779.43 7740.6 7727.71 7714.63
7657.94 7654.21 7643.71 7622.17 7600.93 7581.9 7566.77 7560.04 7567.28 7569.71 7569.66 7575.91 7592.74 7606.29 7614.48 7620.07 7625.68 7635.04 7643.35 7653.48 7671.8 7683.83 7692.19 7702.61 7712.06 7719.65 7723.58 7723.49 7738.92 7753 7763.82 7771.49 7783.53 7802.32 7815.75 7810.72 7818.87 7827.27 7824.82 7809.09 7787.85 7805.33 7822.91 7848.31 7865.46 7877.87 7876.27 7858.59 7800.3 7689.22 7584.99 7614.99 7717.21 7862.94 8037.22 8062.04 8022.96 7983.3 7949.06 7936.15 7900.08 7846.2 7782.01 7742.07 7726.27 7718.35 7710.49
7656.75 7652.79 7641.38 7620.38 7598.71 7578.46 7560.98 7551.44 7560.66 7566.64 7569.47 7577.3 7592.77 7606.1 7612.73 7617.21 7620.97 7627.69 7633.89 7641.02 7653.78 7664.3 7672.99 7686.26 7697.81 7705.59 7708.04 7718.05 7734.92 7748.96 7760.68 7771.78 7784.87 7799.96 7808.82 7802.48 7812.36 7821.41 7824.94 7814.94 7807.3 7813.91 7833.74 7860.3 7870.09 7864.53 7890.13 7927.98 7992.06 7881.43 7802.8 7853.71 7974.56 8063.25 8016.96 7988.83 7972.34 7950.14 7931.15 7924.78 7882.46 7828.46 7770.85 7737.12 7730.56 7724.84 7716.66
7651.09 7643.42 7631.75 7613.61 7593.03 7572.31 7553.19 7538.13 7537.54 7549.36 7563.38 7578.12 7598.18 7608.21 7611.18 7613.27 7615.77 7620.05 7625.31 7630.62 7637.69 7643.99 7657.58 7673.8 7689.25 7702.45 7713.03 7727.27 7740.97 7752.34 7762.7 7776.16 7792.31 7802.3 7800.49 7800.32 7811.14 7817.14 7816.86 7823.29 7835.52 7846.62 7849.2 7861.87 7867.11 7865.31 7892.98 7922.97 7930.11 7974.73 8024.11 8009.54 8028.08 8011.31 7962.46 7920.6 7924.32 7919.2 7914.13 7903.28 7869.81 7824.83 7782.57 7758.54 7751.33 7740.89 7726.93
7643.15 7631.55 7620.72 7605.78 7587.48 7567.47 7546.14 7526.59 7514.96 7537.71 7557.46 7574.14 7593.14 7604.04 7605.95 7607.72 7609.39 7615.12 7620.93 7623.99 7629.36 7634.44 7646.51 7666.03 7684.73 7703.4 7721.26 7736.54 7749.49 7759.02 7767.04 7770.69 7797.46 7809.8 7813.37 7813.66 7819.66 7820.42 7813.19 7828.87 7842.84 7851.53 7857.35 7863.1 7868.89 7875.27 7888.96 7901.78 7914.15 7933.52 7949.36 7980.7 7978.85 7949.5 7925.84 7904.4 7897.98 7893.14 7899.72 7893.61 7863.24 7824.1 7787.45 7763.53 7758.96 7751.24 7736.88
7636.42 7627.64 7615.19 7599.97 7583.19 7565.46 7547.67 7531.74 7528.87 7545.43 7557.49 7568.84 7579.64 7595.54 7600.62 7602.83 7605.02 7610.93 7615.9 7620.61 7627.07 7634.4 7646.17 7663.86 7681.7 7702.07 7722.49 7741.11 7757.01 7767.48 7776.34 7787.25 7802.09 7813.82 7819.39 7826.46 7830.08 7835.98 7831.73 7838.51 7848.85 7855.69 7865.75 7873.69 7879 7882.39 7886.97 7888.49 7890.86 7902.51 7911.58 7937.33 7954.94 7935.71 7914.46 7908.62 7887.3 7877.67 7893.74 7892.45 7861.97 7823.5 7785.37 7756.35 7752.63 7752.25 7749.16
7628.05 7619.49 7608.29 7594.56 7580.42 7566.27 7553.28 7543.9 7544.31 7552.83 7559.71 7567.33 7576.75 7588.81 7595.69 7599.28 7603.43 7608.64 7613.97 7620.79 7629.13 7639.55 7652.61 7664.82 7679.17 7695.49 7718.16 7742.16 7763.28 7774.93 7784.44 7793.82 7801.42 7809.02 7824.47 7832.02 7836.6 7837.92 7841.79 7847.63 7857.09 7867.84 7878.65 7885.52 7892.2 7893.31 7890.12 7888.59 7890.1 7893.07 7902.75 7916.73 7924.43 7912.64 7902.2 7892.93 7879.55 7874.24 7910.92 7894.34 7860.73 7822.94 7785.33 7754.48 7751.12 7754.74 7758.26
7614.79 7605.94 7598.98 7589.09 7579.03 7569.08 7560.53 7554.74 7550.06 7555.39 7562.46 7569.48 7577.11 7586.42 7594.9 7598.22 7600.41 7605.96 7615.72 7623.65 7631.96 7641.74 7652.37 7665.72 7678.91 7691.42 7710.66 7740.98 7765.86 7781.14 7790.64 7797.76 7803.89 7810.85 7822.01 7834.53 7843.72 7846.68 7852.09 7856.68 7861.26 7876.76 7889.23 7898.83 7897.87 7897 7895.01 7895.99 7897.8 7907.82 7908.88 7909.85 7906.7 7897.87 7890.71 7883.93 7877.83 7868.55 7897.81 7885.07 7856.53 7822.85 7789.71 7764.44 7756.55 7758 7762.43
7599.99 7591.98 7588.06 7583.91 7578.69 7572.66 7568.09 7566.21 7567.1 7564.9 7568.46 7575.4 7583.46 7594.37 7599.83 7601.69 7603.8 7609.22 7618.46 7626.6 7634.83 7643.71 7654.52 7667.87 7682.35 7698.29 7715 7744.5 7772.34 7787.81 7797.92 7804.38 7808.97 7812.51 7822.4 7837.56 7854.24 7869.95 7864.39 7868.64 7872.25 7878.53 7889.31 7900.62 7901.71 7897.91 7895.04 7893.55 7894.14 7890.53 7908.05 7907.08 7902.08 7888.34 7884.19 7885.47 7886.77 7895.11 7876.53 7872 7850.77 7822.43 7794.86 7772.17 7762.37 7761.62 7761.93
7587.64 7573.73 7580.14 7580.53 7578.48 7576.28 7574.59 7574.59 7577.2 7574.59 7574.34 7582.57 7593.23 7604.74 7609.41 7610.25 7610.74 7616.59 7621.45 7630.18 7638.75 7647.02 7657.75 7670.93 7686.08 7704.47 7723.83 7750.23 7775.1 7794.26 7805.78 7812.12 7815.86 7819.22 7827.86 7842.31 7862.29 7883.78 7888.91 7885.53 7864.74 7852.56 7871.54 7891.53 7889.71 7891.9 7892.9 7893.55 7894.45 7893.68 7896.31 7902.02 7900.32 7893.08 7884.46 7882.18 7884.95 7890.97 7883.54 7866.09 7846.62 7823.44 7799.63 7779.08 7768.54 7766.37 7760.07
7597.6 7590.02 7583.39 7581.78 7581.07 7580.11 7579.87 7579.79 7577.7 7572.99 7578.35 7590.73 7605.23 7617.93 7622.4 7623.93 7624.4 7626.24 7631.79 7637.7 7644.26 7651.53 7660.63 7672.62 7687.73 7706.15 7728.04 7755.56 7784.12 7800.67 7810.12 7817.46 7823.26 7828.38 7833.65 7846.13 7863.12 7886.15 7907.38 7909.25 7896.7 7868.46 7874.97 7885.83 7888.32 7889.46 7890.74 7893.82 7900.85 7900.4 7897.07 7901.92 7901.64 7893.54 7887.19 7876.71 7877.88 7883.89 7875.81 7862.32 7844.79 7824.7 7805.26 7787.69 7776.84 7772.38 7768.83
7590.89 7589.41 7585.4 7584.43 7584.97 7586.21 7586.99 7587.29 7586.36 7583.45 7586.79 7602.25 7616.55 7628.28 7636.63 7640.08 7641.35 7640.02 7641.93 7647.14 7651.74 7657.15 7663.18 7674.11 7687.96 7703.72 7728.67 7758.15 7785.48 7801.41 7809.9 7821.12 7830.29 7835.51 7838.34 7847.96 7860.61 7878.71 7910.99 7909.73 7839.34 7834.27 7886.07 7888.45 7892.51 7890.97 7890.14 7890.02 7901.25 7905.07 7905.1 7906.06 7902.4 7889.2 7884.55 7878.13 7880.47 7884.5 7870.8 7856.29 7840.96 7825.45 7810.95 7797.15 7786.27 7786.26 7781.39
7584.34 7581.12 7584.53 7587.13 7589.66 7592.31 7594.34 7596.03 7598.59 7601.33 7603.35 7617.17 7630.47 7638.53 7652.44 7657.2 7656.06 7651.73 7653.54 7656.82 7660.21 7664.48 7670.56 7679.79 7691.81 7708.11 7734.17 7761.52 7784.29 7800.34 7812.36 7826.78 7838.37 7846.56 7845.08 7849.33 7860.11 7878.62 7900.92 7912.14 7906.81 7889.38 7902.18 7895.9 7892.57 7892.19 7892.94 7894.56 7901.15 7910.3 7909.4 7906.95 7899.21 7881.97 7871.8 7866.59 7868.63 7853.9 7858.69 7850.61 7838.75 7826.81 7817.29 7810.86 7808.13 7803.35 7797.59
7586.91 7584.88 7586.87 7591.22 7595.41 7599.03 7602.63 7604.85 7607.21 7608.54 7618.68 7634.39 7652.47 7666.43 7670.38 7672.76 7677.87 7663.96 7664.14 7666.73 7668.82 7672.21 7677.46 7686 7700.48 7719.73 7742.02 7768.67 7794.08 7812.53 7823.14 7835.64 7845.65 7851.56 7845.45 7850.97 7858.32 7870.08 7883.41 7904.21 7910.32 7909.13 7909.77 7903.73 7894.71 7894.13 7895.07 7901.92 7904.67 7901.84 7906.05 7903.72 7892.9 7870.83 7843.73 7846.53 7864.44 7861.81 7848.85 7840.2 7831.67 7825.55 7820.04 7817.34 7817.69 7807.78 7805.54
7577.76 7583.44 7591.44 7597.8 7603.03 7607.42 7611.1 7614.02 7616.22 7614.65 7627.78 7647.27 7673.04 7693.1 7607.84 7620.89 7661.18 7674.43 7672.13 7674.05 7676.89 7679.18 7682.73 7689.75 7703.78 7720.77 7745.81 7776.08 7808.1 7833.33 7839.21 7845.37 7851.82 7853.27 7850.52 7854.71 7862.11 7871.63 7883.18 7902.1 7909.57 7911.51 7911.5 7912.27 7907.86 7898.76 7890.16 7888.46 7902.22 7909.13 7905.9 7902.73 7889.08 7864.66 7840.76 7821.57 7818.02 7836.61 7830.1 7826.1 7822.5 7819.97 7817.36 7814.67 7808.28 7802.87 7805.82
7589.43 7594.71 7601.82 7608.02 7613.26 7617.84 7621.96 7625.8 7629.85 7631.59 7635.05 7653.63 7678.97 7685.01 7601.65 7617.21 7656.13 7679.55 7679.49 7679.2 7683.97 7685.34 7687.91 7689.58 7703.31 7718.16 7745.09 7778.53 7814.82 7848.07 7850.63 7851.26 7854.83 7854.93 7850.39 7859.64 7868.36 7875.77 7883.58 7895.35 7905.8 7910.52 7912.51 7911.24 7909.93 7906.88 7898.92 7894.21 7897.21 7906.33 7903.79 7894.93 7876.62 7849.28 7821.54 7792.55 7791.99 7799.1 7806.7 7810.33 7812.05 7813.62 7814.95 7815.61 7815.57 7826.89 7784.13
7614.98 7614.48 7617.31 7621.25 7625.18 7629.03 7633.61 7637.95 7644.36 7650.7 7637.15 7653.15 7678.98 7700.93 7697.69 7698.04 7689.86 7685.84 7685.28 7691.78 7689.87 7689.7 7692.3 7695.85 7704.96 7715.14 7742.54 7775.35 7808.59 7838.16 7847.05 7849.02 7852 7853.32 7867.53 7862.9 7864.68 7873.44 7887.07 7899.1 7903.9 7913.02 7917.9 7919.63 7918.97 7919.41 7921.23 7916.82 7912.37 7907.1 7900.31 7884.89 7860.68 7827.24 7784.57 7765.2 7761.32 7773.01 7784.73 7793.48 7801.61 7807.09 7812.86 7817.6 7822.54 7822.64 7798.32
7635.17 7634.74 7634.76 7635.94 7637.95 7640.49 7644.2 7647.79 7652.86 7657.27 7656.02 7658.54 7673.62 7683.9 7682.67 7677.79 7680.25 7680.44 7681.51 7686.28 7687.51 7690.77 7695.36 7698.13 7702.13 7716.19 7740.67 7770.18 7798.16 7817.66 7835.28 7841.59 7845.66 7847.59 7854.94 7852.29 7842.35 7864.69 7887.66 7902.43 7904.94 7916.97 7923.78 7925.6 7926.97 7926.56 7929.27 7920.58 7916.9 7915.87 7898.72 7878.22 7851.4 7816.69 7777.13 7748.7 7753.4 7747.08 7762.41 7779.71 7791.11 7800.89 7809.34 7817.1 7826.12 7827.41 7816.82
