real_craters/C205-1000m.grd
DSAA
155 155
-77.12 77.12
-77.12 77.12
8166.6793245071 11298.701054017
[rows 120 to 149 of 155, columns 0 to 66 of 155]
9455.78 9435.86 9432.54 9422.9 9417.65 9418.21 9419.07 9415.2 9422.09 9427.2 9434.24 9435.34 9431.39 9423.04 9411.51 9416.55 9434.28 9432.99 9438.09 9420.34 9432.43 9445.79 9473.92 9493.49 9532.73 9563.11 9565.53 9582.89 9588.67 9616.01 9631.64 9650.4 9679.24 9684.05 9660.58 9710.22 9743.96 9740.03 9744.9 9769.62 9806.89 9814.85 9795.58 9799.15 9788.1 9854.25 9996.68 10169.4 10350.6 10452.8 10256.1 10069.8 9914.42 9860.8 9868.81 9892.82 9896.22 9927.7 9930.34 9947.82 9965.13 9981.43 10014.9 10042.4 10078.3 10105.4 10108.1
9428.85 9431.07 9424.04 9412.25 9407.9 9415.48 9423.59 9432.5 9435.61 9427.73 9423.43 9424.11 9423.58 9418.27 9421.3 9424.94 9417.75 9418.25 9408.6 9425.27 9426.82 9433.98 9492.63 9551.48 9553.17 9560.32 9583.46 9602.12 9598.12 9632.98 9620.98 9663.36 9708.06 9724.45 9712.06 9722.82 9721.09 9721.11 9730.41 9786.05 9854.43 9781.13 9722.69 9713.75 9714.18 9787.66 9896.39 10036.2 10172 10333.7 10265.8 10116.4 9985.56 9905.61 9871.58 9868.64 9889.06 9903.29 9923.64 9946.49 9970.82 9992.92 10009.1 10063.7 10081.2 10054 10075.5
9431.6 9427.27 9421.37 9410.38 9407.35 9417.9 9427.89 9439.01 9438.63 9424.25 9416.1 9416.38 9416.65 9415.96 9415.03 9407.53 9402.61 9404.12 9403.25 9440.7 9434.07 9437.46 9517.05 9559.81 9564.9 9567.48 9565.55 9586.52 9596.18 9603.91 9639.57 9668.75 9694.8 9709.84 9708.32 9688.31 9698.63 9706.61 9719.69 9739.66 9782.66 9753.82 9698.71 9720.22 9743.49 9761.67 9816.78 9867.9 9949.42 10146.6 10156.8 10119.2 10087.9 10031.1 9923.09 9875.04 9883.55 9891.67 9927.59 9970.25 9998.63 10016 10020 10026.5 10126.1 10048.1 10059
9432.42 9427.82 9423.42 9420.15 9419.04 9421.98 9425.27 9427.79 9421.67 9420.72 9417.94 9415.8 9414.06 9413.7 9408.47 9384.07 9393.14 9395.68 9408.25 9435.19 9455.87 9470.53 9538.89 9571.29 9570.38 9575.56 9588.98 9595.64 9584.98 9614.17 9632.59 9651.15 9681.63 9698.59 9701.33 9686.44 9695.84 9716.55 9731.3 9719.97 9752.95 9751.12 9737.15 9756.42 9750.9 9736.29 9763.71 9774.95 9751.92 9853.77 9996.97 10058.2 10106.5 10068.7 9911.19 9902.04 9913.23 9927.48 9968.13 10012.7 10045.5 10053.9 10050.9 10039.7 10051.4 10055.9 10063.5
9440.38 9431.78 9425.78 9424.89 9424.78 9419.62 9416.03 9414.71 9405.68 9418.78 9416.54 9414.71 9412.31 9410.6 9405.37 9393.96 9389.97 9394.81 9406.13 9440.87 9485.17 9532.67 9558.9 9546.83 9559.49 9572.91 9588.2 9584.24 9557.17 9580.85 9588.46 9616.12 9654.94 9685.67 9674.06 9705.3 9724.81 9719.92 9726.25 9732.25 9770.28 9756.75 9739.09 9741.35 9743.41 9742.45 9756.41 9764.94 9781.74 9837.23 9936.75 10004.7 10021.1 9969.72 9895.05 9927.87 9957.75 9971.16 10025.1 10075.9 10112.3 10123.4 10099.3 10057.3 10033.8 10058.3 10086.8
9451.11 9436.13 9425.78 9421.42 9418.41 9409.3 9400.62 9397.3 9399.42 9399.08 9406.96 9406.98 9406.08 9403.4 9401.84 9390.04 9373.96 9391.19 9425.27 9457.73 9491.78 9525.25 9525.61 9528.77 9547.32 9562.46 9567.79 9562.41 9562.51 9564.38 9568.5 9592.18 9620.17 9629 9653.51 9676.84 9689.35 9701.99 9710.39 9715.09 9764.29 9755.91 9728.71 9725.71 9741.69 9767.34 9778.39 9781.13 9787.48 9854.97 9926.54 9978.72 10029.2 10068.5 10007.1 9979.45 10010.8 10076.9 10106.4 10132.3 10181.7 10221.5 10204.1 10148.5 10087.4 10095.6 10142
9451.43 9432.3 9416.92 9412.15 9403.34 9395.98 9378.43 9356.9 9359.51 9388.7 9404.49 9402.36 9398.87 9394.98 9386.52 9392.39 9372.05 9412.02 9452.72 9466.13 9479.91 9499.44 9520.39 9534.26 9540.17 9552.52 9564.39 9562.06 9569.83 9571.05 9569.95 9590.72 9608.35 9619.05 9641.46 9650.04 9659.46 9681.48 9683.11 9680.64 9728.34 9740.53 9745.24 9747.39 9771.92 9799.42 9809.57 9820.48 9816.39 9861.63 9926.46 9990.82 10054.6 10106.7 10041.6 10010.6 10017.4 10030.9 10055.4 10117.5 10221.2 10357.8 10427.7 10325.2 10287.2 10288.2 10266.2
9444.6 9420.21 9394.11 9396.72 9397.42 9389.19 9376.03 9354.25 9371.39 9401.24 9398.08 9399.78 9397.14 9391.85 9386.54 9377.92 9389.91 9422.68 9441 9461.51 9476.15 9502.73 9524.28 9523.75 9537.98 9550.09 9554.92 9573.74 9591.61 9613.71 9619.37 9621.76 9627.31 9633.43 9681 9683.77 9695.95 9695.51 9682.65 9688.55 9707.27 9710.99 9741 9788.25 9804.59 9805.1 9842.49 9873.54 9906.58 9876.99 9939.9 9999.28 10059.3 10083.7 10053.5 10029.3 10001 9934.91 9951.8 10072.6 10191.1 10372.9 10564.1 10509.9 10459 10519.1 10370.3
9433.28 9411.4 9391.8 9385.63 9385.7 9383.75 9390.2 9404.93 9415.47 9405.64 9401.85 9402.13 9400.37 9396.76 9393.7 9398.62 9407.52 9417.35 9438 9465.7 9490.29 9514.66 9526.35 9526.89 9538.95 9548.23 9557.38 9542.38 9560.66 9599.37 9625.21 9642.01 9664.93 9670.46 9683.03 9714.49 9728.15 9729.29 9743.88 9746.08 9738.12 9721.63 9771.11 9855.96 9844.52 9856.86 9874.91 9911.81 9935.56 9910.78 9948 9999.76 10055.8 10127.7 10071.9 10017.4 9986.07 9952.28 9947.51 10030.6 10078.7 10079.3 10115.3 10259.4 10429.5 10375.8 10253.9
9420.94 9408.13 9398.16 9380.78 9366.27 9377.36 9407.13 9427.4 9424.67 9415.09 9414.84 9409.28 9404.24 9402.59 9402.51 9404.86 9413.15 9415.82 9443.61 9485.02 9511.85 9511.27 9524.69 9535.88 9541.44 9548.18 9551.97 9527.97 9536.12 9582.33 9618.8 9651.21 9672.44 9709.55 9746.61 9745.69 9745.72 9758.61 9768.46 9759 9722.78 9758.28 9795.52 9828.52 9846.65 9836.65 9889.32 9939.88 9964.15 9978.12 9969.37 9996.75 10017.8 10002.8 9985.42 9994.46 9996.46 10005.6 10045.5 10024 10010.9 9971.85 9932.84 9936.35 10025.9 9996.32 9985.41
9414.8 9402.05 9386.31 9375.33 9370.86 9387.5 9423.22 9452.69 9427.48 9428.37 9425.16 9418.7 9410.64 9403.15 9405.65 9418.81 9417.69 9443 9474.27 9505.95 9537.73 9516.53 9539.99 9537.46 9535.13 9536.92 9542.71 9529.41 9534.33 9558.27 9617.36 9655.83 9690.36 9709.94 9724.2 9750.62 9763.95 9780.84 9795.55 9750.39 9709.11 9728.03 9797.26 9848.39 9833.65 9843.21 9882.03 9962.81 10031.9 10022.8 10057.2 9984.23 9955.85 9950.92 9929.57 9951.6 9982.65 10006 10008.1 10010.2 9983.98 9956.7 9969.22 9900.61 9874.63 9907.13 9919.74
9411.29 9396.27 9378.44 9373.01 9377.66 9397.56 9434.09 9453.8 9444.77 9447.62 9439.37 9430.91 9421 9412.47 9425.78 9436.97 9443.96 9474.78 9500.14 9516.74 9521.22 9525.91 9528.12 9529.87 9524.86 9517.58 9512.1 9522.47 9532.36 9565.27 9592.91 9642.13 9682.81 9684.85 9711.14 9709.88 9755.81 9779.7 9770.3 9736.57 9710.33 9704.24 9756.33 9795.62 9786.84 9784.95 9830.37 9910.07 9973.39 10000.7 9938.6 9939.38 9941.18 9939.5 9932.99 9962.16 9961.74 9984.32 10017.2 9987.47 9962.74 9957.47 9931.8 9900.53 9985.27 9978.74 9934.3
9405.76 9395.02 9385.38 9378.63 9375.75 9392.3 9441.61 9479.54 9452.94 9450.93 9453.08 9443.78 9435.21 9429.79 9441.6 9452.91 9487.12 9509.37 9518.53 9527.1 9532.02 9510.22 9511.6 9518.31 9518.33 9507.41 9488.44 9505.85 9533.86 9583.88 9597.25 9607.39 9641.54 9633.33 9682.81 9746.29 9753.59 9743.18 9716.36 9710.09 9697.21 9696.77 9706.04 9722.39 9736.69 9738.72 9776.98 9841.16 9883.8 9886.46 9854.43 9909.41 9945.1 9949.76 9997.85 9946.59 9931.28 9922.67 9907.62 9903.4 9905.29 9920.46 9964.55 9945.57 9911.41 9908.37 9916.06
9397.24 9394.07 9392.89 9386.38 9372.59 9382.33 9441.96 9481.63 9470.58 9454.71 9463.46 9454.61 9454.73 9454.93 9451.65 9483.14 9511.9 9532.95 9533.91 9529.51 9524.86 9514.45 9505.91 9520.8 9527.76 9525.3 9506.62 9498.5 9537.34 9552.66 9580.71 9583.83 9616.62 9629.79 9632.07 9685.5 9715.29 9720.88 9685.32 9676.53 9670.94 9687.2 9684.94 9693.05 9705.26 9727.2 9746.74 9747.24 9796.79 9836.12 9894.45 9950.72 9967.51 9933.41 9868.04 9880.37 9881.46 9862.77 9831.61 9823.66 9827.01 9824.92 9807 9790.89 9828.51 9848.04 9903.05
9396.36 9396 9390.49 9384.51 9382.95 9390.01 9440.08 9462.95 9453.59 9447.01 9453.14 9467.36 9475.05 9485.19 9480.75 9490.83 9528.06 9543.55 9549.73 9530.82 9514.67 9517.37 9525.93 9537.69 9548.37 9545.47 9517.3 9511.57 9572.2 9546.54 9547.24 9561.77 9595.46 9586.88 9614.01 9612.94 9650.13 9660.41 9644.99 9638.27 9632.36 9622.33 9628.86 9650.26 9676.86 9705.26 9723.42 9724.99 9781.48 9877.56 9990.26 9994.14 9977.7 9943.09 9902.42 9859.48 9845.2 9831.24 9799.1 9791.28 9792.51 9788.76 9821.85 9803.83 9820.22 9838.04 9831.05
9407.81 9408.24 9404.99 9405.11 9413.63 9428.95 9456.77 9456.11 9450.45 9461.61 9473.88 9482.67 9487.96 9484.66 9482.25 9485.39 9523.25 9570.41 9570.1 9559.93 9534.75 9527.42 9540.1 9555 9572.19 9587.29 9564.21 9553 9584.29 9577.86 9536.64 9546.64 9584.93 9596.48 9585.82 9581.26 9600.83 9610.27 9613.54 9602.18 9588.7 9585.34 9600.34 9622.1 9649.14 9669.69 9690.58 9716.7 9772.4 9842.56 9906.35 9930.99 9921.89 9900.55 9815.08 9834.52 9826.91 9820.72 9822.05 9822.57 9807.44 9800.37 9805.27 9799.11 9805.12 9833.72 9845.88
9420.15 9422.74 9428.98 9436.59 9451.06 9472.49 9476.22 9465.3 9453.94 9459.53 9474.64 9485.1 9481.75 9458.37 9452.88 9477.84 9519.93 9586.14 9583.92 9572.45 9545.31 9538.21 9554.25 9568.43 9585.15 9604.14 9591.46 9592.44 9594.81 9602.44 9552.09 9546.05 9564.5 9578.68 9553.11 9559.14 9571.63 9574.26 9573.84 9575.67 9568.51 9577.75 9587.95 9610.15 9629.86 9641.44 9642.26 9705.63 9757.05 9810.39 9853.83 9881.96 9890.5 9905.5 9860.33 9830.21 9824.51 9815.79 9817.14 9819.12 9819.65 9810.29 9774.63 9761.75 9801.44 9852.77 9855.52
9425.21 9434.93 9450.62 9470.56 9473.61 9478.41 9477.86 9462.82 9436.91 9422.43 9450.71 9467.57 9473.16 9459.32 9457.91 9483.85 9525.58 9578.12 9586.64 9575.88 9565.35 9567.91 9569.96 9576.44 9584.84 9596 9593.44 9604.86 9628.53 9614.45 9558.61 9555.66 9563.37 9585.24 9585.01 9581.79 9561.12 9537.19 9557.09 9568.09 9567.52 9581.35 9600.19 9612.23 9629.34 9649.97 9688.47 9707.61 9744.65 9784 9814.52 9830.43 9870.47 9853.91 9861.7 9845.25 9805.27 9794.03 9791.58 9799.14 9813.64 9829.25 9794.01 9798.13 9828.66 9863.4 9868.95
9426.64 9442.28 9461.09 9479.67 9480.58 9479.19 9470.49 9479.86 9434.04 9387.43 9413.94 9440.25 9461.43 9442.2 9467.68 9477.5 9541.66 9579.29 9595.95 9590.65 9587.86 9596.5 9581.31 9580.09 9581.94 9584.04 9592.13 9602.54 9633.02 9637.34 9569.48 9558.23 9597 9604.52 9611.8 9593.32 9575.02 9557.27 9560.74 9575.6 9587.31 9574.34 9590.27 9614.23 9634.45 9657.23 9683.26 9705.79 9726.12 9747.01 9763.52 9831.86 9814.24 9785.04 9791.15 9769.83 9781.74 9778.89 9767.33 9756.55 9800.05 9808.35 9796.73 9814.75 9849.54 9884.21 9889.9
9426.47 9443.06 9459.89 9476.29 9478.78 9476.42 9473.75 9467.25 9443.86 9423.93 9433.25 9445.59 9453.24 9470.39 9484.22 9527.4 9574.14 9613.87 9607.13 9604.17 9592.13 9569.76 9570.58 9574.4 9581.27 9583.62 9590.15 9603.28 9613.61 9630.09 9592.29 9560.71 9580.49 9592.33 9596.59 9593.58 9591.66 9574 9570.32 9581.09 9598.1 9581.08 9596.95 9616.77 9639.72 9660.5 9674.54 9692.21 9718.37 9731.58 9743.47 9759.18 9808.43 9814.35 9793.66 9768.44 9775.64 9776.16 9773.11 9780.65 9821.69 9821.78 9835.56 9849.56 9856.21 9868.04 9859.65
9421.3 9438.87 9457.11 9471.27 9477.51 9475.81 9459.26 9450.26 9443.4 9459.98 9423.15 9407.68 9440.21 9450.88 9475.63 9521.68 9577.76 9599.3 9587.2 9578.71 9565.14 9549.33 9554.64 9564.83 9576.67 9584.53 9593.31 9606.79 9619.43 9629.57 9631.07 9587.45 9627.54 9617.74 9610.21 9597.37 9584.39 9556.97 9571.01 9579.77 9572.65 9574.78 9595.29 9617.08 9640.46 9665.79 9696.23 9708.02 9718.75 9737.27 9741.31 9810.43 9808.13 9775.29 9772.08 9778.97 9772.77 9769.64 9784.83 9816.33 9829.65 9841.79 9875.98 9854.56 9844.12 9834.68 9818.33
9425.88 9440.43 9453.84 9470.9 9476.57 9484.87 9477.38 9450.77 9420.48 9381.23 9375.97 9399.4 9432.5 9455.52 9473.53 9503.42 9541.34 9524.45 9534.72 9532.9 9525.42 9522.58 9532.86 9545.83 9561.26 9568.65 9590.68 9605.99 9620.26 9629.22 9618.54 9606.63 9620.55 9621.15 9609.44 9592.84 9548.23 9542.84 9601.04 9593.95 9580.89 9578.22 9600.27 9612.18 9634.74 9661.98 9684.22 9704.14 9720.88 9742.67 9780.01 9678.84 9782.34 9752.09 9740 9742.92 9738.49 9756.28 9786.82 9820.24 9836.13 9834.86 9830.18 9826.39 9827.73 9823.45 9817.8
9436.64 9444.07 9451.73 9450.23 9460.16 9480.88 9476.21 9446.71 9404.45 9364.15 9356.42 9384.5 9439.97 9462.86 9482.15 9483.04 9494.16 9489.16 9482.68 9484.27 9490.65 9504.38 9519.54 9531.97 9538.19 9572.89 9582.96 9600.61 9617.04 9647.61 9643.43 9618.09 9591.05 9602.91 9598.76 9563.08 9554.94 9560.42 9592.08 9587.97 9579.74 9572.25 9577.51 9599.42 9623.08 9649.18 9679.82 9697.11 9710.97 9719.68 9725.75 9742.8 9725.36 9693.35 9677.95 9668.32 9682.03 9728.24 9771.4 9806 9828.03 9822.97 9836.02 9817.44 9810.37 9809.42 9804.23
9439.35 9449.14 9457.9 9466.96 9478.42 9489.03 9482.98 9444.75 9398.83 9355.87 9345.04 9370.61 9390.1 9471.9 9510.7 9505.96 9489.85 9462.52 9448.2 9457.68 9478.13 9492.52 9506.3 9522.55 9541.28 9563.99 9582.09 9589.22 9598.37 9583.85 9582.78 9593.18 9574.79 9583.74 9589.92 9588.35 9555.52 9551.89 9556.84 9548.74 9535.44 9529.7 9546.62 9585.75 9610.72 9626.6 9643.5 9664.35 9681.75 9692.14 9694.46 9702.67 9699.35 9677.72 9675.6 9702.46 9686.51 9718.31 9757.95 9807.09 9835.18 9829.58 9819.82 9782.79 9787.85 9795.25 9800.18
9434.93 9449.87 9466.66 9483.72 9495.68 9484.47 9448.35 9436.58 9409.01 9378.19 9368.07 9384.37 9427.36 9498.08 9511.34 9505.24 9485.58 9439.71 9438.4 9443.03 9457.31 9480.13 9499.61 9518.98 9543.81 9581 9575.37 9577.93 9575.02 9567.09 9540.67 9547.71 9569.18 9588.25 9601.58 9611.6 9557.58 9536.57 9543.4 9504.93 9502.71 9517.3 9552.29 9592.58 9605.54 9610.53 9618.49 9643.3 9664.76 9681.38 9694.79 9694.67 9673.13 9683.1 9712.34 9735.78 9721.97 9730.02 9743.12 9755.69 9804.73 9784.26 9779.55 9764.31 9770.36 9777.18 9789.96
9426.59 9440.74 9460.17 9490.13 9515.15 9493.89 9455.44 9448.79 9432.89 9423 9433.99 9452.22 9472.64 9506.44 9467.62 9444.15 9442.97 9438.61 9446.43 9440.09 9452.48 9472.54 9488.93 9508.14 9531.62 9547.74 9565.07 9569.62 9567.24 9564.67 9546.24 9548.99 9551.08 9601.12 9606.16 9595.54 9559.19 9537.03 9536.01 9500.45 9512.04 9542.98 9570.21 9604.5 9606.89 9607.94 9616.63 9634.7 9651.61 9671.49 9682.89 9679.19 9649.14 9676.76 9704.39 9739.23 9750.7 9740.71 9735.94 9728.99 9764.57 9764.59 9765.25 9772.75 9764.33 9755.76 9746.56
9424.72 9434.1 9443.97 9455.86 9474.87 9466.61 9474.17 9465.29 9449.07 9438.82 9434.92 9458.89 9484.12 9478.29 9455.29 9403.59 9420.45 9451.37 9475.11 9461.69 9469.2 9472.47 9482.82 9494.82 9507.46 9545.47 9559.83 9568.02 9572.88 9574.33 9590.65 9568.31 9565.52 9588.88 9599.04 9599.44 9573.53 9556.44 9551.43 9543.96 9555.85 9570.32 9595.05 9608.11 9601.32 9594.94 9599.48 9603.07 9636.14 9663.49 9683.14 9677.59 9676.02 9681.04 9699.86 9730.58 9746.17 9749.71 9749.01 9755.73 9779.82 9768.35 9797.64 9786.46 9766.06 9741.73 9711.3
9420.47 9420.26 9418.48 9409.41 9410.64 9410.51 9445.03 9460.36 9451.7 9448.13 9463.65 9462.32 9483.26 9464.68 9395.89 9391.02 9410.5 9432.12 9458.64 9473.95 9463.09 9462.02 9468.71 9481.66 9492.32 9523.87 9541.23 9561.17 9584.22 9608.65 9601.89 9578.08 9566.64 9585.69 9588.58 9597.9 9610.81 9586.53 9577.21 9577.09 9564.63 9565.14 9577.48 9599.1 9586.16 9575.14 9585.03 9606.24 9634.83 9661.73 9685.39 9703.71 9681.23 9667.74 9671.47 9717.84 9762.19 9753.97 9757.11 9756.05 9692.91 9747.04 9802.29 9795.42 9770.34 9744.72 9717.91
9412.65 9412.53 9405.72 9384.78 9316.94 9373.26 9416.89 9437.02 9442.18 9439.8 9423.9 9441.75 9442.21 9395.74 9355.14 9363.32 9403.24 9425.24 9436 9432.27 9434.88 9447.74 9453.28 9458.65 9483.56 9486.25 9523.65 9558.7 9592.71 9615.43 9591.22 9578.48 9579.21 9580.22 9567.84 9580.57 9617.38 9582.18 9560.29 9536.94 9462.24 9482.28 9525.71 9559.16 9567.37 9557.64 9579.12 9615.59 9638.55 9660.87 9682.03 9688.56 9679.02 9649.89 9617.1 9666.21 9734.79 9740.13 9746.58 9758.51 9723.26 9769.17 9795.38 9790.46 9781.27 9761.81 9747.51
9412.18 9413.23 9408.08 9403.07 9413.24 9418.98 9424.19 9429.43 9439.58 9442.09 9448.49 9429.64 9453.44 9429.98 9379.62 9388.63 9419.72 9448.62 9453.83 9433.77 9445.13 9448.96 9445.62 9441.19 9456.75 9484.64 9514.39 9550.92 9586.06 9599.37 9584.73 9564.06 9543.32 9533.78 9542.11 9555.34 9554.16 9537.59 9514.7 9452.77 9424.2 9451.57 9497.71 9552.62 9570.17 9577.13 9586.81 9606.29 9627.65 9656.66 9685.01 9701.5 9680.08 9658 9637.34 9657.29 9698.85 9711.53 9721.46 9723.2 9789.95 9781.94 9780.27 9785.04 9788.63 9786.27 9787.02
