real_craters/C205-1000m.grd
DSAA
155 155
-77.12 77.12
-77.12 77.12
8166.6793245071 11298.701054017
[rows 60 to 89 of 155, columns 0 to 66 of 155]
9817.94 9829.57 9846.4 9874.13 9908.18 9921.18 9985.54 9871.99 9801.66 9794.82 9807.1 9828.84 9851.63 9876.96 9898.66 9920.7 9944.69 9970.73 9943.44 9935.96 9942 9943.61 9954 9996.94 10089.1 10143.3 10210.8 10314.9 10465.5 10497.2 10404.3 10289.3 10189.6 10030.8 9970.64 9911.41 9916.98 9967.39 9894.61 9817.3 9736.12 9713.3 9690.79 9521.24 9266.14 9011.71 8854.99 8773.34 8729.25 8621.35 8521.65 8463.49 8403.59 8375.12 8371.49 8368.34 8361.27 8360.95 8376.37 8389.73 8401.33 8409.58 8415.64 8433.58 8456.47 8476.6 8490.36
9776.79 9796.53 9828.16 9842.55 9837.18 9816.79 9841.05 9846.69 9818.21 9824.08 9825.98 9836.23 9854.79 9874.1 9896.92 9918.71 9935.98 9934.13 9929.04 9951.52 9968.63 9973.51 9980.29 9993.57 10018.8 10154.5 10258 10463.5 10525.9 10462.2 10322 10265.7 10187.9 9998.14 9939.69 9920.03 9956.91 9969.22 9914.91 9853.32 9819.85 9797.28 9666.7 9434.55 9180.72 8955.73 8807.08 8670.21 8630.43 8566.5 8496.25 8438.92 8380.2 8357.78 8348.71 8343.66 8347.68 8350.23 8364.82 8377.33 8390.2 8399.68 8410.93 8427.76 8446.57 8464.16 8476.57
9739.82 9760 9809.7 9809.62 9811.48 9810.92 9803.99 9808.65 9799.5 9807.96 9821.03 9835.74 9854.74 9876.26 9899.08 9919.5 9937.7 9955.21 9961.77 9964.88 9962.18 9962.13 9972.73 9982.97 10049.2 10165.7 10446 10552.3 10438.9 10304.1 10267.2 10264.5 10177 9996.46 9951.42 9957.86 10037.1 9981.5 9917.17 9847.72 9794.7 9731.55 9649.67 9333.02 9030.64 8837.58 8723.4 8618.32 8588.79 8550.06 8499.4 8426.37 8366.11 8339.68 8330.66 8327.83 8328.42 8336.89 8349.2 8366.33 8384.48 8403.26 8414.74 8425.82 8440.26 8456.45 8468.39
9719.83 9739.02 9760.93 9778.15 9800.79 9812.92 9804.1 9802.55 9797.61 9803.18 9820.62 9840.32 9858.06 9877.5 9894.07 9914.65 9933.68 9942.48 9956.21 9972.41 9973.87 9947.18 9963.12 9981.27 10120 10264.3 10578.6 10529.2 10368.5 10243.6 10254.4 10254.4 10147.6 10004 9981.28 10000.5 10039.5 9981.05 9906.03 9792.41 9674.59 9523.45 9286.83 9064.16 8873.83 8722.65 8665.13 8555.42 8542.84 8517.04 8484.83 8401.01 8341.51 8322.36 8316.85 8315.94 8321.98 8327.14 8336.67 8354.23 8373.24 8394.32 8406.09 8417.02 8431.51 8448.04 8466.07
9702.6 9729 9746.26 9757.63 9787.66 9812.56 9811.35 9801.55 9800.54 9804.88 9816.26 9835.07 9854.84 9874.89 9895.92 9913.27 9932.96 9945.38 9951.52 9961.81 9967.33 9977.55 10007.3 10051.5 10189.5 10350.4 10560.9 10420.5 10325.9 10254.2 10266.6 10291.2 10156.4 10016.7 10005.4 10034.1 9990.16 9966.11 9853.74 9704.7 9543.23 9365.27 9099.27 8952.42 8849.87 8677.39 8564.56 8512.87 8480.77 8450.64 8390.81 8350.96 8319.23 8306.22 8305.05 8306.97 8313.3 8322.84 8330.43 8340.87 8355.7 8369.99 8396.28 8403.93 8418.92 8436.44 8452.93
9677.74 9687.83 9708.92 9739.71 9762.62 9783.84 9798.99 9789 9780.14 9792.54 9812 9833.73 9853.17 9875.12 9895.13 9911.99 9923.73 9945.72 9957.21 9950.19 9948.98 9997.25 10097.5 10218.5 10283.3 10395.1 10442.7 10394.5 10314.3 10259.7 10245.6 10310.8 10148 10004.8 10007.8 10063 10022.7 9917.41 9764.11 9596.3 9418.39 9216.14 8967.7 8895.57 8809.53 8624.86 8498.93 8423.97 8398.57 8362.06 8323.42 8305.14 8293.59 8289.48 8295.05 8297.9 8299.89 8308.78 8316.01 8326.75 8337.91 8349.76 8360.4 8385.01 8405.13 8422.62 8437.2
9665.3 9689.32 9704.02 9728.09 9743.31 9756.04 9781.44 9774.13 9773.12 9786.39 9804.89 9827.25 9851.37 9875.6 9902.76 9921.49 9933.63 9971.63 9974.04 9958.2 9955.68 9974.58 10083.9 10258.4 10250.4 10309.7 10338 10366 10296.2 10237.2 10259.3 10190.9 10086.2 9971.93 9989.92 10030.1 9967.2 9843.46 9672.85 9501.87 9322.84 9134.17 8933.47 8814.95 8643.47 8542.42 8445.64 8357.43 8334.4 8309.28 8292.04 8271.76 8267.41 8272.7 8279.03 8285.98 8291.71 8285.35 8297.02 8312.98 8324.23 8331.78 8350.31 8371.55 8391.37 8408.89 8426.12
9655.36 9686.8 9702.23 9726.13 9740.14 9741.53 9767.3 9758.85 9751.29 9773.88 9795.21 9818.78 9844.23 9872.97 9904.13 9934.11 9961.17 9990.82 9990.66 9977.13 9973.97 10003.5 10037.3 10132.7 10194.2 10244.5 10297.5 10316 10265.9 10238.9 10227.7 10116.4 10037.7 9971.7 9986.86 10009.4 9920.82 9757.6 9575.75 9426.76 9285.48 9163.19 9010.85 8814.91 8571.34 8474.02 8425.82 8338.48 8307.44 8294.42 8265.63 8251.57 8246.49 8251.71 8260.45 8268.6 8276.43 8277.62 8296.84 8302.73 8314.98 8333.79 8347.77 8364.6 8382.43 8398.01 8410.31
9647.67 9663.37 9697.57 9718.53 9744.03 9758.29 9757.88 9744.56 9748.31 9764.91 9786.89 9813.03 9841.76 9872.9 9908.81 9948.42 9979.53 10002 9997.72 9998.01 10011.5 10025.3 10035.4 10065.3 10172.8 10228.7 10263.9 10254.2 10234.6 10227.9 10212.3 10087.6 10032.3 9986.29 10010.1 9974.91 9867.04 9684.83 9507.53 9375.4 9254.73 9178.39 8890.1 8677.03 8515.91 8412.08 8324.58 8299.75 8283.11 8259.57 8242.09 8217 8221.52 8230.6 8240.25 8250.08 8261.62 8254.55 8269.84 8286.05 8305.04 8323.96 8341.59 8360.12 8377.22 8392.17 8403.32
9646.53 9686.97 9710.23 9722.68 9738.26 9752.69 9735.42 9713.22 9718.53 9745.34 9776.98 9805.88 9834.47 9866.32 9900.36 9945.5 10014.4 9980.3 9988.18 10002.2 10026.8 10033.7 10017.5 10028.1 10227.6 10225.9 10252.5 10232.3 10219.3 10205.2 10161.8 10086.8 10051.1 10040.5 10023.7 9916.12 9739.37 9613.45 9509.27 9321.05 9170.66 8999.91 8806.24 8567.54 8475.42 8386.53 8318.08 8295.3 8268.56 8242.55 8215.04 8199.08 8206.43 8216.55 8224.37 8230.17 8237.96 8248.64 8250.62 8270.57 8294.25 8317.17 8338.33 8355.65 8375.55 8394.36 8411.17
9635.95 9667.68 9684.39 9699.91 9700.06 9699.93 9700.71 9691.86 9707.23 9734.92 9769.57 9796.87 9825.3 9853.72 9881.16 9903.92 9922.44 9945.19 9961.87 9983.18 10008.4 9998.15 9995.68 10020.4 10185.6 10209.5 10207.7 10211.6 10207.8 10155 10078.4 10046 10048.6 10053.8 9967.41 9801.86 9607.37 9496 9347.74 9237.16 9106.12 8927.25 8709.83 8552.67 8464.83 8371.59 8307.68 8287.48 8247.4 8215.74 8193.17 8182.5 8199.84 8206.99 8212.37 8215.54 8222.58 8235.94 8250.79 8265.44 8279.53 8304.84 8325.97 8352.01 8377.2 8401.62 8427.38
9619.76 9639.21 9652.3 9672.33 9680.22 9679.8 9673.9 9666.54 9694.86 9739.59 9763.08 9788.61 9814.08 9838 9858.94 9874.24 9889.91 9909.74 9927.73 9946.06 9962.68 9971.25 9960.73 9971.11 9997.38 10077.4 10178.1 10178.1 10211.4 10115.8 10033.1 10020.4 10025.2 10009.8 9929.51 9696.22 9519.59 9426.48 9297.31 9208.94 9090.22 8893.57 8643.45 8527.44 8445.61 8355.31 8298.77 8270.75 8234.95 8206.35 8190.44 8202.6 8202.97 8205.44 8206.47 8207.73 8217.73 8235.54 8251.46 8265.86 8280.32 8305.48 8323.14 8352.7 8381.99 8411.38 8423.76
9616.57 9635.29 9647.98 9656.73 9664.13 9671 9659.86 9659.49 9685.93 9717.81 9749.07 9774.76 9800.13 9822.17 9843.07 9863.05 9867.17 9880.65 9898.89 9909.43 9908.9 9916.03 9920.64 9933.23 9943.38 9974.68 10099 10156.9 10188.1 10073.4 10000.7 10004.1 9998.24 9976.61 9911.01 9607.55 9477.38 9412.51 9346.24 9236.2 9106.59 8958.49 8681.09 8478.73 8404.53 8337.09 8291.78 8255.57 8227.39 8201.7 8187.89 8194.65 8199.67 8199.23 8200.08 8206.41 8217.18 8233.59 8250.91 8268.81 8289.95 8309.79 8330.92 8357.44 8388.16 8401.34 8426.47
9611.21 9624.36 9624.04 9630.55 9636.26 9642.76 9645.52 9652.32 9681.06 9716.89 9743.87 9766.51 9787.84 9808.99 9825.88 9842.01 9863.91 9867.22 9874.82 9882.94 9888.41 9895.09 9900.72 9914.29 9922.85 9956.43 9986.73 10002.1 10150.9 10026.5 10002.3 9982.11 9967.4 9947.07 9864.17 9649.53 9480.86 9395.23 9334.34 9230.09 9117.26 9005.66 8667.17 8442.3 8374.01 8322.48 8292.51 8256.07 8229.55 8198.12 8166.73 8185.13 8192.41 8191.04 8189.95 8190.97 8206.69 8225.96 8245.3 8266.92 8287.78 8306.07 8332.18 8353.87 8377.87 8398.21 8424.08
9614.13 9618.45 9622.75 9624.73 9626.63 9630.05 9630.6 9643.19 9675.17 9710.28 9740.28 9763.73 9783.37 9799.6 9810.37 9820.5 9829.71 9848.08 9860.29 9869.75 9878.92 9887.65 9897.3 9901.41 9908.25 9942 9945.74 9965.61 10121.9 10047.7 9960.78 9953.22 9950 9917.61 9785.56 9587.17 9461.94 9355.73 9255.16 9158.33 9075.75 8964.99 8628.29 8433.4 8360.81 8311.64 8284.05 8255.62 8237.87 8201.11 8173.99 8177.43 8181.14 8180.27 8180.52 8187.99 8202.89 8223.34 8244.07 8267 8287.89 8310.54 8329.62 8355.62 8382.03 8408.8 8428.31
9589.04 9607.47 9606.89 9614.7 9616.57 9621.39 9619.12 9631.96 9669.29 9704.83 9736.3 9761.49 9780.02 9789.07 9802.47 9814.91 9812.3 9838.62 9854.09 9863.13 9867.32 9863.8 9877.73 9893.31 9906.4 9924.57 9933.99 9957.21 10018.7 10153 9981.68 9938.17 9939.64 9916.49 9743.83 9515.25 9411.54 9302.83 9189.93 9077.68 8991.92 8871.52 8661.8 8441.92 8350.74 8310.63 8274.97 8247.18 8231.84 8207.84 8175.84 8168.94 8168.68 8174.96 8176.39 8174.5 8205.52 8231.85 8254.77 8269.99 8289.89 8314.15 8335.53 8363.2 8394.33 8422.34 8443.49
9600.57 9604.95 9612.75 9608.72 9613.32 9612.15 9615.17 9634.33 9668.53 9709.27 9741.63 9761.53 9781.39 9794.55 9809.92 9821.09 9845.35 9848.17 9853.15 9859.49 9861.74 9855.92 9878.12 9887.79 9923.66 9910.61 9949.08 9989.46 10000.5 10045.7 10004.7 9968.69 9948.94 9913.69 9803.9 9507.97 9357.06 9240.81 9114.37 8967.76 8874.08 8806.45 8654.05 8453.5 8372.14 8318.75 8279.51 8245.97 8239.69 8221.57 8195.51 8172.18 8166.68 8178.41 8186.39 8199.19 8220.43 8246.38 8267.84 8278.28 8298.73 8319.69 8343.15 8371.68 8404.63 8436.83 8469.34
9597.14 9599.45 9596.97 9589.76 9589.43 9595.31 9594.6 9620.91 9662.73 9707.21 9741.16 9756.76 9771.01 9798.23 9828.32 9854.16 9863.27 9852.39 9851.44 9853.38 9863.53 9880.73 9892.01 9894.21 9921.25 9929.81 9970.36 10017.1 9993.32 9988.26 10073.7 10056.6 9983.3 9884.41 9750.71 9464.66 9332.71 9215.25 9101.46 8993.51 8839.62 8688.12 8603.03 8513.62 8424.8 8323.32 8275.54 8246.05 8230.5 8231.28 8237.29 8203.47 8196.15 8197.53 8204.46 8215.86 8239.39 8263.22 8286.39 8299.88 8311.09 8331.51 8356.07 8380.24 8412.14 8449.69 8489.47
9590.88 9588.39 9585.77 9575.2 9579.41 9592.71 9601.52 9623.31 9655.25 9683.8 9702.67 9738.34 9763.05 9795.33 9826.51 9836.8 9837.05 9844.82 9843.77 9844.48 9852.37 9867.95 9882.95 9889.61 9897.93 9919.94 9961.41 10004.7 9975.4 10001.5 10121.9 10146.3 9999.23 9844.74 9639.86 9421.06 9299.04 9199.89 9097.95 8973.89 8816.99 8666.74 8582.12 8514.08 8432.32 8346.31 8293.83 8256.68 8232.38 8213.84 8203.49 8206.42 8210.5 8213.63 8226.81 8242.13 8259.17 8280.88 8303.65 8322.77 8333.38 8347.07 8363.59 8380.9 8414.14 8454.76 8500.07
9573.76 9572.2 9566.4 9567.89 9583.96 9600.7 9623.88 9631.79 9649.85 9668.42 9681.72 9721.27 9756.28 9792.98 9823.35 9844.62 9844.28 9835.82 9830.79 9826.31 9827.72 9840.85 9862.47 9882.25 9905.42 9928.44 9951.03 9954.45 9994.36 10023.3 10146.1 10158.4 9978.9 9745.01 9543.52 9369.43 9281.73 9203.36 9125.84 9073.46 8911.36 8777.34 8582.45 8486.57 8399.62 8341.65 8307.2 8283.44 8248.27 8199.78 8178.85 8194.02 8200.5 8220.39 8236.31 8256.55 8274.21 8296.74 8321.84 8346.87 8360.9 8365.52 8372.02 8378.67 8414.8 8455.74 8500.1
9558.74 9564.36 9563.89 9570.72 9593.32 9601.82 9607.34 9629.87 9648.8 9659.76 9678.41 9717.91 9759.53 9797.33 9824.74 9843.19 9835.29 9821.46 9814.11 9807.34 9803.43 9822.4 9857.78 9861.47 9899.83 9944.06 9965.42 9978.59 9981.13 10004.9 10063.8 10055.9 9949.05 9765.73 9530.29 9370.98 9287.11 9211.52 9139.7 9077.88 8960.64 8822.22 8603.1 8524.92 8424.77 8366.19 8322.12 8279.1 8233.51 8211.72 8198.22 8200.48 8208.02 8222.5 8232.47 8253.28 8281.22 8309.2 8338.17 8360.69 8376.49 8382.22 8388.15 8390.48 8424.64 8460 8497.09
9562.28 9569.9 9575.89 9581.13 9591.38 9605.2 9612.48 9631.64 9649.77 9659.64 9676.87 9717.94 9764.75 9804.62 9819.6 9801.01 9804.12 9801.01 9797 9793.84 9796.14 9812.7 9841.11 9899.65 9917.25 9938.72 9965 9966.37 9984.49 9968.91 10041.1 10039.9 9950.04 9795.83 9601.46 9424.8 9326.07 9231.19 9146.23 9067.8 8958.06 8857.01 8644.32 8529.37 8404.26 8367.78 8336.96 8305.45 8256.38 8228.49 8218.91 8218.59 8213.97 8227.34 8235.47 8257.18 8286.35 8317.24 8346.43 8368.5 8386.47 8399.07 8410.96 8426.83 8443.96 8467.35 8495.22
9571.44 9580.1 9590.88 9586.43 9607.87 9619.95 9625.92 9632.32 9647.8 9661.25 9693.57 9731.12 9776.27 9821.68 9842.8 9786.48 9782.85 9787.34 9789.91 9790.72 9793.18 9822.51 9843.57 9833.96 9894.71 9907.49 9941.54 9949.63 9932.94 9980.82 10056.3 10133.2 10010.7 9859.97 9743.53 9549.98 9365.51 9239.47 9143.02 9079.51 9043.95 8942.9 8683.72 8569.75 8443.64 8367.42 8355.29 8340.8 8289.24 8258.7 8247.43 8246.05 8253.08 8243.71 8237.99 8262.17 8294.11 8324.6 8352.9 8380.54 8402.2 8414.94 8427.56 8436.91 8456.15 8475.01 8498.02
9576.63 9586.27 9588.33 9599.5 9621.38 9642.32 9637.32 9626.52 9645.44 9663.35 9693.89 9731.1 9775.12 9819.03 9834.68 9796.71 9777.23 9782.17 9788.86 9793.36 9796.99 9799.31 9826.2 9840.94 9876.47 9899.02 9931.81 9946.14 9954.67 9949.73 10039.7 10086.9 10103.2 9959.28 9751.35 9534.16 9367.55 9241.51 9131.91 9065.51 9048.76 8896.36 8658.83 8546.62 8492.28 8419.07 8385.76 8361.07 8330.25 8298.89 8281.53 8272.61 8267.79 8261.44 8252.14 8277.91 8305.4 8333.86 8359.79 8383.54 8412.11 8426.01 8439.72 8451.14 8467.59 8482.99 8502.79
9591.36 9590.64 9590.89 9599.09 9666.6 9617.87 9564.54 9608.01 9638.23 9658.7 9689.74 9725.77 9759.64 9796.17 9797.22 9767.74 9772.68 9777.05 9783.33 9796.66 9809.1 9797.92 9829.79 9830.42 9864.67 9901.03 9926.58 9937.46 9949 9955.59 10016.4 10080.4 10164.7 10154.7 9870.6 9611.13 9388.83 9261.32 9137.81 9063.83 8973.18 8820.42 8653.03 8554.43 8507.25 8459.27 8414.76 8381.11 8362.25 8333.92 8309.15 8297.26 8290.05 8289.05 8294.35 8304 8323.63 8347.04 8371.04 8397.63 8414.89 8432.11 8448.58 8460.5 8474.74 8487.13 8502.46
9580.3 9585.38 9592.99 9597.38 9639.53 9627.97 9589.84 9605.89 9626.37 9648.75 9671.95 9697.49 9732.96 9764.16 9785.38 9779.31 9771.01 9769.73 9773.21 9788.11 9802.61 9789.2 9830.88 9830.64 9895.53 9903.27 9947.81 9972.16 9964.21 9962.39 9993.41 10033 10100.2 10151.7 9991.52 9678.15 9466.21 9325.4 9171.53 9015.88 8890.72 8757.37 8637.98 8555.46 8499.72 8463.24 8427.87 8393.11 8367.49 8343.06 8329.68 8318.29 8310.96 8310.22 8315.8 8326.45 8341.09 8358.86 8378.38 8398.6 8415.96 8439.94 8455.84 8467.74 8479.93 8494.83 8502.6
9531.52 9568.98 9582.51 9599.2 9610.74 9600.33 9607.52 9605.13 9622.33 9641.39 9662.48 9685.74 9711.51 9731.48 9756.27 9768.2 9762.97 9757.62 9753.97 9744.64 9771.69 9797.7 9802.89 9862.28 9865.5 9888.16 9950.68 9936.4 9981.29 9984.2 9994.01 10013.1 10149.6 10066.2 9988.96 9728.81 9565.43 9412.15 9277.42 9112.14 8963.74 8788.59 8660.62 8564.11 8506.5 8468.43 8437.94 8404.47 8372.03 8362.42 8353.29 8340.85 8329.94 8328.68 8336.91 8346.68 8357.08 8369.86 8383.75 8404.11 8429.5 8451.41 8468.92 8486.54 8503.48 8505.44 8507.96
9522.89 9542.87 9556.78 9562.67 9571.18 9596.15 9592.68 9606.5 9623.53 9642.59 9661.61 9670.53 9702.63 9725.3 9750.98 9756.22 9749.53 9742.9 9737.03 9736.91 9763.43 9772.15 9762.97 9812.79 9843.73 9840.04 9927.19 9930.01 9965.95 9974.82 10006.9 10048.9 10143.7 10070.8 9994.3 9859.91 9666.77 9489.42 9358.53 9221.43 9078.41 8889.15 8715.39 8575.47 8516.11 8482.73 8457.84 8431.81 8408.96 8397.49 8380.93 8365.25 8352.26 8350.35 8360.28 8364.5 8370.75 8378.83 8391.58 8407.73 8437.92 8458.41 8476.62 8495.06 8510.9 8510.89 8509.45
9523.71 9525.27 9519.25 9526.79 9537 9527.58 9561.29 9593.28 9616.01 9641 9664.9 9690.8 9702.68 9715.37 9723.03 9731.45 9727.73 9720.38 9716.68 9724.48 9735.22 9740.4 9769.55 9832.64 9831.8 9878.43 9936.26 9970.92 9955.15 9965.86 10003.2 10054.2 10034.8 10011.3 10039.4 10004.8 9740.86 9546.42 9378.13 9260.27 9137.61 8962.73 8765.92 8603.92 8522.64 8504.09 8477.6 8460.31 8449.94 8426.92 8406.25 8389.83 8374.41 8366.92 8379.22 8380.44 8382.75 8386.8 8393.87 8420.77 8446.89 8462.8 8479.42 8494.64 8503.17 8511.55 8513.08
9521.68 9531.32 9520.8 9527.87 9534.13 9539.85 9554.01 9578.92 9606.74 9634.08 9659.4 9674.56 9696.35 9716.78 9718.24 9713.2 9709 9700.84 9697.04 9693.72 9700.67 9734.43 9807.93 9810.06 9830.14 9897.28 9969.33 9940.34 9942.03 9954.42 9988.75 10026.4 10017.8 10002.4 10084.7 10140.7 9888.04 9649.26 9456.28 9337.07 9202.85 9014.88 8806.6 8635.4 8560.67 8525.95 8494.08 8483.52 8479.97 8446.58 8431.24 8413.98 8399.89 8395.68 8393.76 8393.21 8393.1 8396.74 8406.35 8435.57 8454.98 8466.48 8480.2 8494.97 8508.3 8516.38 8521.66
