real_craters/C205-750m.grd
DSAA
361 361
-134.96 134.96
-134.96 134.96
5235.3584839669 9232.8751948811
[rows 114 to 151 of 361, columns 84 to 167 of 361]
6412 6421 6430 6438 6438 6434 6443 6472 6508 6533 6553 6570 6578 6589 6600 6610 6617 6613 6596 6592 6595 6604 6622 6643 6658 6681 6684 6693 6751 6741 6704 6678 6666 6660 6641 6591 6548 6528 6538 6546 6572 6605 6637 6665 6731 6802 6881 6988 7117 7196 7237 7296 7344 7355 7356 7339 7301 7280 7273 7285 7297 7233 7156 7135 7115 7091 7057 7044 7032 7019 6996 7003 6996 6956 6972 7012 7057 7097 7130 7162 7197 7192 7195 7225
6417 6428 6437 6443 6439 6432 6441 6466 6497 6524 6552 6573 6586 6598 6609 6618 6620 6610 6594 6580 6577 6583 6601 6615 6637 6657 6685 6720 6759 6754 6730 6736 6696 6666 6623 6589 6550 6538 6565 6585 6602 6628 6654 6678 6732 6803 6879 6974 7080 7168 7227 7243 7243 7230 7206 7208 7206 7181 7227 7257 7273 7236 7182 7157 7120 7101 7092 7081 7040 6997 6964 6965 6976 6990 7025 7065 7085 7150 7147 7150 7161 7177 7202 7257
6424 6437 6446 6447 6441 6433 6438 6467 6493 6513 6546 6571 6587 6601 6614 6623 6630 6613 6578 6567 6559 6552 6565 6605 6615 6629 6681 6741 6750 6756 6764 6731 6699 6653 6624 6596 6570 6552 6561 6605 6619 6648 6687 6734 6770 6830 6896 6972 7043 7128 7241 7187 7140 7129 7106 7119 7137 7161 7187 7225 7241 7224 7182 7130 7102 7094 7100 7095 7050 6991 6943 6965 6971 7051 7093 7092 7079 7119 7132 7122 7123 7145 7189 7223
6441 6451 6460 6463 6449 6433 6433 6466 6499 6513 6540 6565 6584 6601 6616 6625 6617 6602 6575 6563 6554 6548 6559 6582 6605 6624 6677 6740 6756 6758 6749 6736 6697 6666 6636 6607 6583 6566 6561 6580 6620 6661 6708 6760 6812 6862 6922 6988 7039 7103 7188 7160 7121 7096 7069 7086 7103 7101 7161 7218 7234 7221 7191 7191 7120 7103 7114 7103 7081 7043 7046 7051 7088 7106 7103 7084 7055 7094 7083 7085 7081 7099 7141 7174
6464 6468 6474 6474 6462 6443 6438 6459 6481 6510 6536 6559 6579 6598 6615 6629 6636 6610 6588 6572 6557 6549 6556 6582 6611 6637 6675 6725 6757 6761 6741 6725 6693 6664 6642 6614 6588 6573 6564 6572 6616 6667 6720 6777 6831 6877 6944 7018 7086 7163 7242 7255 7204 7139 7079 7108 7135 7147 7200 7248 7263 7235 7201 7173 7154 7168 7172 7156 7133 7130 7130 7124 7139 7112 7072 7048 7024 7046 7066 7069 7060 7062 7070 7085
6473 6480 6488 6488 6479 6464 6453 6459 6471 6509 6536 6553 6573 6591 6610 6626 6632 6606 6594 6577 6562 6557 6563 6594 6622 6653 6688 6723 6772 6790 6740 6700 6686 6671 6646 6614 6589 6576 6566 6577 6617 6670 6728 6784 6836 6890 6959 7034 7147 7262 7342 7394 7382 7251 7162 7183 7225 7281 7301 7274 7267 7262 7227 7161 7137 7169 7210 7182 7178 7183 7209 7194 7155 7104 7035 6996 6988 7026 7077 7062 7047 7044 7039 7070
6475 6489 6504 6508 6499 6490 6469 6470 6484 6504 6518 6543 6564 6583 6599 6611 6616 6584 6569 6565 6566 6563 6570 6592 6621 6654 6680 6718 6762 6783 6736 6685 6679 6678 6643 6608 6577 6572 6576 6592 6623 6670 6730 6787 6839 6918 6985 7058 7191 7339 7412 7443 7503 7389 7298 7289 7313 7353 7364 7342 7325 7319 7305 7255 7175 7215 7271 7252 7231 7216 7211 7194 7166 7110 7015 6960 6946 6970 7013 7026 7032 7056 7082 7110
6478 6498 6518 6521 6511 6501 6489 6478 6484 6493 6513 6536 6557 6577 6590 6592 6583 6575 6572 6576 6581 6579 6578 6594 6620 6648 6678 6712 6746 6743 6729 6690 6658 6641 6634 6609 6575 6540 6559 6587 6626 6669 6715 6800 6892 6991 7025 7069 7205 7372 7442 7477 7550 7493 7427 7385 7373 7379 7384 7395 7382 7378 7400 7427 7350 7312 7308 7292 7272 7253 7188 7151 7132 7077 6994 6929 6923 6938 6958 6988 7006 7034 7140 7146
6491 6506 6528 6527 6514 6498 6479 6476 6479 6494 6509 6530 6550 6570 6586 6595 6591 6590 6600 6611 6609 6606 6604 6603 6619 6637 6662 6707 6750 6799 6760 6717 6669 6646 6636 6622 6601 6555 6542 6585 6639 6692 6732 6846 6957 7057 7060 7069 7202 7380 7473 7511 7493 7517 7487 7439 7406 7383 7364 7359 7383 7405 7422 7430 7443 7389 7321 7310 7279 7221 7171 7134 7105 7055 6969 6922 6920 6948 6993 6999 7002 7019 7087 7171
6498 6508 6518 6523 6514 6497 6480 6479 6485 6493 6507 6529 6552 6573 6593 6612 6613 6608 6629 6641 6641 6635 6621 6612 6622 6630 6656 6705 6740 6764 6803 6744 6688 6664 6656 6639 6651 6611 6567 6606 6666 6745 6850 6921 7034 7087 7079 7087 7219 7422 7520 7509 7487 7511 7497 7454 7417 7387 7358 7338 7393 7423 7436 7440 7467 7489 7382 7310 7253 7212 7176 7134 7108 7057 6969 6924 6935 6965 7038 7023 7032 7053 7229 7271
6506 6511 6517 6524 6522 6510 6497 6492 6494 6498 6512 6531 6552 6574 6596 6621 6645 6656 6670 6678 6678 6666 6646 6625 6624 6648 6670 6700 6728 6745 6782 6744 6691 6684 6686 6694 6691 6661 6632 6637 6680 6756 6860 6933 7007 7046 7073 7122 7244 7426 7538 7492 7455 7500 7482 7451 7421 7399 7390 7454 7447 7452 7464 7484 7473 7453 7406 7318 7244 7216 7202 7176 7147 7102 7019 6964 6991 7013 7004 7048 7110 7202 7310 7324
6534 6531 6530 6538 6540 6534 6520 6511 6509 6510 6520 6538 6558 6579 6600 6618 6665 6697 6709 6727 6709 6686 6675 6653 6655 6679 6699 6711 6737 6765 6767 6733 6706 6694 6706 6727 6725 6677 6652 6646 6669 6716 6790 6893 6984 7035 7070 7125 7226 7384 7446 7446 7428 7430 7441 7428 7412 7410 7461 7508 7481 7465 7467 7474 7467 7458 7400 7313 7243 7219 7221 7215 7180 7169 7130 7075 7100 7145 7149 7139 7218 7285 7350 7391
6591 6577 6563 6562 6561 6556 6547 6537 6527 6521 6533 6548 6566 6586 6608 6636 6648 6682 6716 6744 6719 6683 6652 6633 6652 6685 6703 6722 6759 6777 6751 6723 6716 6702 6686 6681 6680 6664 6644 6636 6640 6672 6743 6854 6962 7030 7074 7146 7247 7341 7431 7442 7425 7413 7409 7401 7391 7382 7392 7451 7456 7456 7461 7467 7488 7560 7496 7369 7255 7227 7219 7201 7175 7137 7131 7101 7222 7357 7410 7362 7356 7417 7503 7572
6608 6602 6596 6586 6583 6580 6572 6562 6550 6536 6543 6561 6577 6593 6610 6629 6667 6682 6699 6715 6693 6665 6640 6638 6691 6708 6723 6742 6750 6751 6711 6698 6701 6696 6664 6627 6618 6634 6632 6604 6598 6617 6694 6823 6951 7042 7081 7154 7253 7333 7444 7473 7442 7402 7399 7383 7364 7344 7332 7362 7398 7420 7436 7451 7478 7590 7540 7443 7380 7273 7228 7190 7158 7115 7107 7132 7322 7545 7543 7478 7485 7507 7632 7721
6621 6613 6601 6599 6604 6601 6597 6594 6574 6579 6577 6583 6589 6598 6610 6628 6657 6667 6666 6654 6651 6650 6644 6669 6723 6728 6745 6750 6721 6685 6670 6670 6678 6685 6683 6659 6619 6589 6590 6566 6551 6556 6646 6801 6952 7035 7046 7147 7233 7346 7476 7530 7505 7455 7407 7383 7360 7332 7292 7307 7363 7396 7415 7434 7458 7487 7501 7484 7393 7305 7244 7204 7162 7120 7120 7174 7378 7622 7624 7612 7606 7554 7628 7749
6613 6594 6597 6601 6601 6604 6602 6596 6580 6580 6601 6597 6595 6599 6609 6621 6631 6641 6639 6634 6635 6650 6674 6742 6773 6768 6763 6776 6726 6721 6731 6699 6690 6678 6671 6651 6626 6581 6573 6542 6520 6528 6631 6796 6961 7082 7098 7178 7266 7385 7524 7553 7497 7424 7398 7389 7383 7369 7338 7349 7390 7408 7406 7396 7432 7424 7478 7517 7442 7336 7249 7189 7138 7159 7196 7291 7454 7571 7642 7685 7726 7716 7730 7699
6603 6589 6598 6606 6607 6603 6598 6586 6573 6573 6590 6592 6591 6593 6602 6614 6620 6622 6622 6623 6634 6651 6683 6725 6759 6752 6748 6735 6718 6708 6733 6757 6718 6665 6605 6582 6587 6604 6568 6531 6507 6516 6634 6809 6984 7126 7191 7221 7297 7372 7465 7509 7448 7381 7386 7398 7415 7442 7477 7470 7457 7448 7434 7403 7416 7388 7392 7420 7416 7313 7236 7177 7151 7266 7342 7461 7620 7769 7874 7918 7863 7767 7696 7649
6612 6604 6609 6618 6622 6612 6597 6581 6567 6566 6572 6579 6583 6583 6582 6599 6615 6612 6609 6609 6618 6647 6684 6725 6748 6740 6731 6715 6713 6735 6746 6729 6701 6668 6626 6590 6584 6595 6570 6538 6513 6518 6654 6835 7012 7155 7190 7234 7301 7386 7464 7440 7356 7366 7378 7401 7430 7475 7536 7536 7512 7502 7498 7500 7487 7435 7366 7327 7276 7248 7245 7223 7254 7394 7532 7680 7830 7949 8055 8000 7964 7912 7738 7687
6621 6627 6623 6632 6636 6621 6601 6578 6565 6563 6566 6573 6577 6578 6581 6593 6604 6603 6600 6599 6608 6644 6685 6725 6747 6739 6732 6720 6725 6741 6739 6742 6714 6683 6659 6637 6610 6603 6590 6547 6534 6553 6697 6873 7048 7173 7227 7249 7260 7342 7383 7353 7287 7329 7376 7405 7426 7455 7495 7511 7538 7556 7569 7566 7537 7516 7398 7314 7263 7275 7316 7370 7474 7585 7636 7817 7933 7965 7977 8024 8070 7970 7862 7800
6620 6614 6626 6642 6650 6630 6608 6587 6574 6562 6560 6570 6576 6578 6577 6585 6594 6597 6597 6597 6608 6648 6692 6724 6759 6771 6744 6729 6727 6734 6742 6752 6716 6679 6673 6663 6638 6610 6597 6561 6564 6624 6747 6919 7112 7287 7348 7294 7262 7261 7259 7257 7275 7341 7394 7405 7418 7417 7444 7518 7570 7605 7636 7667 7667 7643 7499 7418 7352 7368 7437 7546 7716 7830 7876 7900 7908 7933 7981 8009 7991 7901 7881 7860
6621 6621 6630 6645 6647 6637 6618 6598 6579 6566 6564 6577 6579 6583 6590 6592 6592 6594 6597 6602 6616 6660 6712 6767 6787 6759 6750 6738 6728 6732 6741 6746 6703 6648 6614 6624 6643 6629 6606 6598 6568 6636 6778 6958 7149 7319 7377 7354 7284 7226 7197 7162 7189 7288 7362 7408 7447 7458 7493 7565 7618 7652 7668 7678 7687 7638 7558 7534 7509 7464 7587 7718 7887 8060 8014 7921 7860 7875 7874 7876 7846 7842 7848 7853
6628 6633 6645 6658 6659 6647 6627 6607 6591 6575 6568 6575 6580 6585 6589 6594 6593 6595 6598 6610 6634 6672 6728 6788 6798 6777 6763 6745 6733 6734 6736 6728 6688 6629 6591 6593 6594 6604 6610 6606 6567 6629 6794 6978 7167 7333 7434 7378 7316 7223 7191 7153 7154 7232 7318 7437 7519 7582 7628 7673 7707 7711 7701 7692 7677 7600 7545 7584 7587 7678 7771 7876 8001 8025 7956 7881 7837 7830 7830 7801 7779 7805 7850 7869
6633 6643 6659 6682 6677 6659 6637 6613 6593 6586 6578 6573 6580 6585 6589 6590 6594 6598 6605 6615 6632 6671 6724 6780 6811 6802 6778 6757 6753 6739 6738 6731 6684 6637 6607 6587 6574 6607 6636 6602 6594 6661 6821 6993 7156 7292 7360 7328 7272 7224 7223 7220 7208 7288 7384 7526 7623 7683 7745 7782 7792 7782 7745 7716 7673 7642 7713 7758 7759 7898 7939 7978 8022 7988 7989 7945 7887 7790 7742 7726 7732 7767 7784 7765
6645 6658 6676 6688 6685 6667 6646 6627 6612 6598 6585 6581 6585 6584 6582 6585 6594 6605 6616 6628 6639 6665 6707 6748 6779 6782 6778 6747 6718 6723 6730 6701 6680 6664 6651 6642 6642 6669 6703 6717 6675 6737 6873 7004 7127 7236 7329 7312 7229 7236 7268 7270 7306 7416 7586 7637 7738 7857 7875 7876 7877 7868 7849 7805 7749 7738 7840 7878 7983 8003 8009 8013 8018 8070 8014 7933 7767 7709 7687 7691 7738 7704 7601 7505
6662 6668 6680 6693 6688 6672 6654 6636 6626 6610 6599 6605 6598 6590 6578 6577 6601 6621 6638 6650 6658 6674 6692 6695 6693 6732 6757 6741 6699 6699 6715 6698 6665 6641 6652 6668 6710 6758 6796 6838 6870 6899 6948 7026 7103 7168 7211 7299 7221 7263 7301 7317 7374 7448 7557 7666 7798 7917 7951 7966 7979 7939 7929 7906 7916 7970 7895 7915 8069 8065 8020 7997 7995 7986 7885 7765 7678 7646 7658 7676 7636 7477 7337 7198
6690 6673 6644 6683 6688 6676 6660 6646 6629 6621 6618 6612 6603 6599 6590 6592 6614 6636 6657 6680 6707 6719 6696 6667 6661 6696 6737 6738 6693 6690 6680 6686 6659 6645 6706 6777 6834 6847 6874 6926 6999 7000 6997 7027 7076 7110 7135 7180 7188 7237 7287 7314 7347 7419 7498 7643 7794 7909 7943 7968 7986 7934 7919 7957 8011 8048 8011 8035 8099 8059 7972 7919 7878 7777 7723 7670 7633 7593 7536 7490 7348 7160 7039 6900
6725 6690 6630 6680 6689 6679 6662 6647 6634 6630 6631 6620 6609 6607 6613 6621 6633 6650 6671 6696 6729 6754 6692 6654 6679 6678 6718 6769 6744 6715 6712 6676 6661 6680 6776 6864 6911 6892 6905 6934 6961 6989 7000 7033 7060 7079 7085 7100 7133 7212 7283 7290 7306 7411 7519 7649 7763 7847 7882 7900 7902 7909 7901 8005 8070 8112 8199 8145 8100 7997 7904 7816 7724 7644 7633 7566 7530 7421 7282 7165 7029 6883 6793 6681
6743 6731 6713 6715 6705 6687 6665 6644 6637 6637 6640 6638 6630 6622 6631 6639 6647 6660 6675 6692 6701 6686 6669 6640 6647 6666 6674 6688 6710 6707 6689 6651 6666 6725 6795 6828 6855 6878 6893 6906 6910 6951 6993 7026 7049 7074 7086 7067 7080 7172 7260 7287 7286 7442 7606 7698 7716 7758 7813 7837 7845 7964 8071 8092 8138 8214 8297 8281 8069 7892 7806 7721 7650 7651 7655 7632 7397 7132 7046 6903 6838 6711 6621 6553
6748 6754 6757 6747 6721 6694 6670 6654 6649 6649 6646 6642 6642 6647 6653 6652 6656 6665 6677 6686 6687 6684 6667 6648 6641 6643 6675 6663 6687 6670 6633 6654 6693 6742 6770 6779 6808 6849 6876 6890 6891 6938 6980 7011 7038 7064 7088 7078 7054 7127 7196 7237 7334 7496 7654 7713 7674 7702 7785 7837 7866 8018 8135 8143 8164 8205 8223 8222 7981 7820 7696 7635 7608 7651 7588 7512 7301 7068 6943 6863 6761 6605 6478 6365
6760 6759 6765 6756 6729 6697 6670 6656 6656 6658 6657 6655 6658 6650 6648 6655 6663 6671 6677 6683 6685 6686 6669 6664 6653 6656 6666 6694 6686 6672 6732 6727 6759 6770 6737 6740 6781 6828 6862 6889 6906 6937 6970 6994 7020 7045 7062 7068 7048 7090 7150 7238 7404 7551 7669 7726 7688 7727 7815 7908 8011 8080 8121 8147 8158 8167 8204 8121 7894 7792 7636 7496 7474 7534 7397 7273 7157 7018 6847 6699 6634 6516 6370 6221
6768 6771 6782 6761 6728 6697 6670 6656 6658 6663 6671 6681 6667 6652 6651 6660 6669 6676 6680 6681 6677 6665 6655 6650 6664 6672 6705 6690 6675 6684 6752 6749 6769 6812 6777 6778 6798 6827 6853 6874 6900 6929 6957 6982 7003 7015 7020 7009 6996 7057 7115 7255 7485 7606 7678 7707 7758 7794 7871 7980 8115 8181 8142 8123 8111 8117 8083 7873 7690 7485 7292 7299 7305 7230 7061 6999 6925 6823 6669 6542 6531 6462 6276 6142
6781 6772 6767 6740 6726 6698 6672 6662 6664 6668 6678 6683 6670 6660 6662 6678 6685 6688 6687 6683 6675 6667 6647 6638 6661 6684 6697 6692 6693 6698 6728 6763 6810 6852 6881 6840 6839 6846 6856 6862 6881 6920 6950 6979 6999 7005 6992 6971 6984 7047 7135 7288 7528 7657 7714 7745 7741 7833 7919 8008 8099 8123 8094 8051 8010 7953 7824 7618 7408 7208 7106 7199 7241 7020 6788 6697 6602 6545 6488 6390 6356 6269 6136 6015
6784 6770 6764 6767 6729 6702 6679 6673 6677 6681 6687 6685 6687 6700 6708 6711 6710 6707 6700 6691 6679 6663 6639 6634 6665 6672 6692 6707 6717 6725 6756 6784 6807 6844 6862 6883 6873 6863 6863 6872 6890 6918 6957 6990 7016 7024 7004 6973 7027 7063 7117 7355 7570 7714 7787 7817 7872 7905 7953 8002 8042 8055 8026 7978 7913 7825 7693 7443 7262 7014 6988 7055 7026 6851 6636 6552 6497 6445 6336 6249 6087 6080 5991 5871
6769 6768 6763 6736 6717 6700 6695 6688 6688 6699 6705 6720 6725 6752 6759 6745 6731 6720 6709 6698 6685 6671 6651 6654 6710 6769 6775 6734 6753 6775 6801 6807 6853 6917 6944 6930 6911 6890 6870 6854 6877 6918 6965 7008 7050 7083 7095 7076 7093 7130 7252 7527 7719 7843 7893 7913 7983 7985 7975 7972 7975 7994 7925 7865 7801 7712 7568 7245 7080 6870 6820 6828 6814 6724 6579 6459 6408 6248 6134 6016 5925 5833 5782 5761
6777 6761 6752 6715 6702 6692 6685 6696 6706 6699 6735 6760 6774 6803 6793 6770 6751 6736 6723 6710 6696 6679 6662 6684 6751 6830 6764 6758 6772 6794 6812 6809 6880 7017 7013 6985 6939 6904 6874 6842 6871 6918 6980 7032 7085 7142 7198 7184 7141 7227 7441 7699 7864 7944 7975 8065 8110 8024 7973 7931 7883 7822 7796 7741 7672 7577 7385 7072 6950 6797 6752 6824 6725 6587 6418 6301 6178 6124 6046 5950 5819 5718 5719 5720
6749 6742 6730 6708 6698 6692 6690 6717 6743 6778 6791 6807 6815 6817 6799 6781 6762 6748 6734 6720 6706 6691 6684 6706 6751 6781 6811 6777 6778 6779 6807 6827 6907 7017 7011 6992 6962 6928 6895 6867 6894 6941 7002 7054 7109 7176 7255 7273 7213 7324 7593 7828 7888 7919 7957 7997 8020 7991 7939 7890 7826 7762 7690 7615 7535 7426 7215 6981 6876 6762 6706 6652 6589 6479 6326 6200 6156 6072 5960 5843 5709 5703 5718 5715
6701 6694 6698 6694 6699 6713 6733 6753 6783 6815 6832 6838 6837 6799 6789 6777 6759 6750 6736 6727 6718 6706 6694 6722 6754 6771 6794 6836 6796 6786 6835 6867 6896 6980 6994 6997 6979 6953 6923 6896 6929 6975 7033 7078 7127 7171 7214 7286 7263 7412 7659 7856 7856 7875 7869 7884 7914 7931 7900 7847 7788 7684 7570 7487 7405 7312 7157 6958 6821 6677 6574 6511 6434 6357 6264 6140 6097 5994 5885 5774 5719 5710 5715 5714
6652 6653 6675 6683 6698 6727 6756 6782 6814 6845 6854 6838 6815 6801 6785 6774 6764 6754 6746 6739 6735 6733 6738 6751 6778 6809 6807 6854 6857 6850 6859 6898 6920 6969 7054 7026 7002 6985 6967 6948 6977 7013 7070 7111 7148 7177 7236 7334 7385 7564 7673 7696 7726 7722 7772 7807 7866 7891 7851 7785 7705 7569 7437 7355 7278 7177 7041 6832 6608 6503 6401 6351 6292 6171 6088 6070 5893 5782 5720 5725 5719 5715 5711 5711
