real_craters/C205-750m.grd
DSAA
361 361
-134.96 134.96
-134.96 134.96
5235.3584839669 9232.8751948811
[rows 228 to 265 of 361, columns 252 to 335 of 361]
7832 7830 7824 7811 7802 7807 7819 7828 7886 7909 7941 7936 7922 7910 7885 7894 7917 7943 7973 7993 8006 8006 7994 7969 7971 7906 7813 7823 7880 7955 8008 7962 7935 7934 7930 7951 7966 7949 7932 7915 7886 7867 7857 7850 7842 7839 7827 7824 7819 7807 7788 7764 7739 7713 7693 7681 7666 7654 7650 7658 7648 7641 7635 7630 7637 7642 7653 7661 7667 7675 7684 7683 7682 7683 7686 7686 7686 7684 7678 7681 7679 7672 7666 7660
7849 7861 7855 7840 7830 7830 7830 7829 7911 7924 7907 7928 7937 7914 7899 7912 7938 7963 7992 8005 8020 8027 8024 8013 7980 7955 7861 7839 7875 7924 7968 7940 7927 7927 7924 7939 7952 7955 7954 7945 7914 7890 7875 7864 7854 7842 7845 7839 7834 7823 7799 7775 7755 7732 7713 7693 7680 7667 7660 7655 7653 7648 7646 7636 7647 7663 7675 7682 7689 7693 7707 7698 7692 7691 7689 7688 7690 7689 7683 7680 7673 7664 7656 7649
7851 7840 7830 7838 7848 7819 7828 7848 7889 7904 7894 7923 7936 7929 7924 7938 7959 7987 8012 8029 8045 8055 8058 8045 8016 7946 7940 7909 7881 7902 7953 7947 7915 7905 7904 7920 7942 7936 7936 7930 7915 7899 7888 7879 7872 7867 7862 7852 7840 7822 7802 7782 7769 7759 7737 7711 7695 7690 7684 7669 7660 7658 7653 7652 7661 7683 7695 7700 7705 7700 7702 7698 7697 7696 7694 7690 7679 7690 7683 7673 7663 7655 7647 7641
7864 7825 7801 7813 7822 7813 7820 7838 7857 7885 7912 7950 7965 7962 7947 7960 7982 8006 8031 8055 8075 8090 8096 8079 8024 7982 7965 7937 7892 7888 7935 7963 7923 7883 7881 7893 7886 7894 7904 7904 7900 7896 7892 7889 7887 7885 7876 7858 7839 7817 7795 7781 7774 7768 7755 7729 7705 7701 7695 7682 7672 7675 7683 7676 7682 7701 7706 7705 7712 7696 7684 7694 7698 7699 7698 7694 7677 7682 7682 7669 7656 7648 7640 7636
7828 7814 7794 7789 7801 7829 7854 7861 7883 7906 7921 7960 7990 7990 7972 7980 7998 8023 8050 8078 8102 8124 8136 8111 8055 8032 7978 7945 7904 7890 7929 7960 7909 7882 7903 7892 7868 7867 7877 7877 7886 7892 7893 7894 7898 7912 7910 7874 7841 7805 7785 7774 7768 7766 7755 7741 7717 7715 7705 7693 7685 7691 7698 7694 7697 7696 7702 7696 7689 7689 7691 7699 7703 7704 7702 7697 7692 7677 7677 7666 7654 7646 7639 7631
7811 7817 7798 7785 7797 7846 7868 7882 7905 7942 7936 7951 7984 8011 7989 7985 8004 8034 8065 8092 8118 8146 8173 8156 8081 8037 7995 7951 7907 7895 7924 7963 7907 7868 7919 7905 7874 7861 7865 7870 7881 7890 7892 7893 7894 7892 7887 7888 7842 7799 7776 7764 7755 7754 7740 7726 7723 7714 7698 7687 7692 7697 7690 7687 7680 7674 7684 7689 7692 7705 7711 7709 7710 7712 7710 7703 7693 7682 7676 7664 7652 7647 7641 7634
7843 7842 7829 7803 7803 7821 7843 7875 7895 7944 7944 7956 7942 7918 7939 7953 7990 8033 8063 8089 8114 8145 8179 8165 8087 8036 8000 7960 7914 7887 7906 7928 7889 7865 7916 7898 7866 7852 7862 7883 7894 7891 7887 7884 7880 7875 7869 7862 7828 7797 7772 7753 7738 7721 7719 7711 7707 7701 7686 7675 7690 7702 7680 7681 7679 7674 7686 7697 7706 7714 7713 7715 7718 7720 7722 7724 7707 7688 7677 7668 7658 7653 7647 7643
7878 7902 7887 7856 7830 7818 7826 7851 7867 7898 7908 7902 7866 7828 7849 7889 7952 8024 8059 8065 8087 8114 8133 8126 8091 8060 8015 7979 7941 7889 7895 7882 7891 7896 7877 7867 7853 7843 7858 7885 7894 7885 7878 7870 7864 7857 7847 7819 7807 7788 7765 7742 7728 7724 7710 7702 7699 7696 7687 7677 7687 7700 7686 7686 7688 7688 7701 7707 7714 7721 7723 7724 7725 7724 7727 7736 7716 7696 7678 7669 7672 7657 7642 7640
7913 7936 7944 7947 7863 7812 7812 7769 7716 7670 7686 7713 7718 7705 7747 7802 7864 7926 7966 8003 8041 8074 8084 8091 8084 8054 8021 8000 7970 7936 7919 7911 7911 7908 7889 7867 7852 7840 7851 7868 7876 7876 7870 7857 7845 7833 7821 7813 7801 7773 7743 7739 7722 7704 7706 7704 7700 7700 7690 7686 7689 7689 7689 7692 7699 7699 7710 7709 7726 7735 7738 7736 7724 7719 7717 7712 7684 7668 7660 7651 7647 7630 7613 7609
7927 7964 7956 7953 7820 7724 7695 7727 7553 7541 7519 7531 7568 7605 7662 7706 7753 7816 7858 7910 7973 8038 8088 8087 8064 8034 8019 8020 8011 7971 7960 7950 7949 7942 7922 7894 7868 7848 7849 7862 7868 7871 7862 7848 7831 7813 7799 7810 7803 7783 7772 7759 7740 7720 7714 7706 7710 7710 7699 7700 7697 7688 7693 7695 7695 7693 7694 7704 7722 7734 7731 7721 7711 7706 7699 7686 7668 7655 7640 7621 7603 7586 7568 7546
7963 7997 7919 7817 7713 7631 7573 7539 7499 7435 7403 7413 7457 7503 7562 7594 7625 7647 7711 7792 7882 7985 8081 8083 8048 8040 8035 8024 8003 7991 8000 8011 7991 7988 7968 7930 7896 7857 7851 7865 7886 7874 7855 7837 7815 7791 7768 7774 7785 7791 7807 7778 7763 7750 7729 7719 7718 7721 7712 7710 7705 7696 7698 7697 7696 7699 7709 7726 7739 7732 7716 7697 7694 7690 7685 7678 7661 7654 7608 7587 7574 7555 7523 7487
7953 7962 7862 7731 7589 7497 7463 7407 7396 7352 7333 7331 7376 7414 7439 7482 7510 7530 7578 7659 7759 7888 8027 8048 8056 8067 8064 8031 8002 8002 8005 8006 8006 8016 8028 7989 7939 7883 7856 7860 7872 7869 7852 7828 7804 7779 7754 7747 7760 7774 7773 7758 7747 7738 7728 7722 7714 7735 7730 7712 7702 7704 7701 7699 7705 7717 7724 7748 7748 7728 7707 7690 7681 7675 7671 7668 7652 7614 7578 7559 7543 7520 7493 7464
7899 7823 7759 7655 7496 7416 7370 7341 7317 7294 7289 7290 7312 7337 7366 7395 7419 7421 7453 7523 7607 7709 7842 7951 8056 8106 8094 8047 8017 8012 8011 8011 8011 8026 8058 8064 7979 7895 7843 7837 7854 7865 7859 7838 7809 7781 7757 7751 7753 7755 7746 7729 7693 7694 7716 7728 7736 7726 7720 7711 7707 7704 7696 7693 7693 7697 7713 7736 7733 7721 7704 7684 7674 7663 7652 7644 7621 7588 7559 7541 7525 7506 7484 7464
7800 7707 7619 7517 7393 7351 7312 7303 7286 7260 7251 7251 7268 7287 7302 7326 7341 7346 7355 7407 7455 7493 7574 7786 8009 8127 8106 8062 8036 8025 8019 8020 8023 8038 8075 8085 7992 7859 7784 7812 7860 7883 7873 7849 7819 7784 7758 7743 7742 7748 7750 7732 7688 7689 7705 7720 7726 7711 7709 7708 7704 7699 7695 7689 7675 7652 7701 7739 7726 7716 7703 7693 7674 7651 7627 7607 7602 7587 7543 7529 7516 7506 7480 7463
7750 7605 7494 7410 7329 7310 7310 7292 7271 7241 7228 7231 7244 7257 7269 7279 7272 7257 7290 7326 7353 7370 7439 7593 7756 7960 8174 8106 8039 8033 8037 8038 8042 8051 8068 8079 7998 7845 7746 7799 7886 7917 7888 7858 7826 7793 7761 7743 7738 7746 7756 7756 7748 7723 7709 7717 7722 7707 7703 7706 7707 7701 7698 7692 7685 7693 7710 7724 7718 7709 7699 7688 7668 7640 7609 7576 7582 7578 7547 7522 7505 7486 7469 7457
7697 7538 7432 7368 7315 7297 7296 7282 7261 7243 7229 7224 7222 7237 7253 7261 7259 7255 7270 7291 7308 7321 7368 7450 7550 7763 8094 8111 8042 8043 8052 8050 8046 8045 8037 8094 8032 7869 7760 7802 7869 7895 7886 7858 7827 7797 7769 7747 7730 7742 7759 7771 7774 7748 7732 7725 7721 7704 7700 7705 7708 7698 7697 7692 7695 7712 7716 7722 7713 7698 7688 7679 7662 7632 7606 7587 7572 7568 7539 7516 7497 7478 7462 7446
7529 7420 7345 7336 7340 7311 7290 7280 7247 7237 7223 7220 7216 7226 7241 7252 7265 7271 7275 7289 7307 7328 7354 7396 7458 7620 7910 8097 8048 8062 8072 8058 8047 8046 8062 8083 8032 7897 7802 7825 7877 7911 7879 7849 7817 7789 7768 7750 7736 7742 7753 7759 7765 7754 7737 7721 7709 7704 7702 7704 7701 7680 7674 7674 7685 7700 7696 7689 7686 7677 7668 7659 7646 7619 7597 7578 7561 7544 7522 7505 7486 7473 7457 7449
7442 7341 7315 7315 7330 7306 7287 7278 7243 7237 7243 7235 7226 7228 7231 7240 7259 7273 7279 7292 7316 7346 7361 7379 7426 7538 7749 7903 8081 8083 8068 8060 8047 8039 8035 8013 7957 7899 7876 7852 7862 7875 7853 7829 7804 7781 7761 7744 7738 7739 7746 7751 7758 7757 7741 7714 7701 7700 7707 7702 7692 7679 7665 7659 7662 7662 7650 7650 7650 7652 7648 7637 7619 7603 7584 7576 7561 7536 7505 7489 7474 7460 7441 7426
7360 7321 7326 7305 7267 7287 7282 7275 7241 7240 7250 7254 7252 7238 7227 7229 7247 7262 7269 7287 7315 7353 7366 7384 7431 7509 7642 7887 8087 8105 8078 8063 8051 8021 7998 7956 7900 7883 7863 7842 7834 7825 7813 7802 7786 7769 7753 7737 7730 7733 7741 7754 7764 7765 7749 7715 7701 7702 7703 7698 7692 7690 7660 7642 7649 7644 7626 7621 7627 7632 7630 7622 7612 7592 7570 7560 7556 7530 7505 7480 7464 7453 7440 7417
7347 7331 7335 7332 7333 7284 7265 7264 7249 7248 7254 7265 7267 7244 7222 7209 7217 7228 7247 7268 7294 7323 7354 7387 7421 7476 7572 7891 8128 8119 8092 8064 8026 7992 7957 7939 7916 7886 7849 7824 7811 7796 7782 7774 7766 7758 7751 7741 7725 7708 7734 7773 7783 7771 7753 7723 7706 7699 7704 7695 7693 7701 7683 7666 7652 7643 7629 7616 7622 7624 7622 7612 7598 7585 7572 7562 7551 7518 7492 7469 7455 7444 7430 7419
7392 7382 7353 7353 7349 7285 7257 7261 7255 7259 7264 7269 7266 7244 7217 7194 7186 7200 7223 7244 7267 7295 7331 7374 7417 7467 7544 7751 7997 8097 8106 8060 8001 7965 7935 7936 7930 7897 7866 7841 7799 7768 7756 7759 7760 7757 7752 7746 7728 7698 7711 7729 7762 7738 7725 7719 7711 7704 7693 7689 7695 7711 7696 7674 7654 7644 7650 7624 7625 7616 7608 7601 7592 7580 7567 7551 7538 7512 7485 7464 7450 7438 7426 7419
7461 7483 7440 7408 7387 7322 7278 7269 7266 7274 7273 7272 7267 7247 7220 7194 7181 7191 7209 7226 7244 7269 7306 7348 7420 7475 7549 7667 7911 8100 8135 8062 7988 7951 7918 7906 7904 7885 7856 7818 7789 7762 7749 7753 7755 7753 7751 7747 7730 7713 7692 7676 7693 7707 7705 7717 7708 7700 7688 7685 7693 7711 7693 7664 7647 7628 7592 7622 7633 7601 7592 7593 7595 7587 7569 7554 7527 7504 7480 7460 7445 7435 7429 7419
7204 7090 7247 7441 7439 7373 7323 7290 7281 7279 7275 7278 7272 7253 7229 7205 7194 7197 7206 7216 7229 7252 7288 7341 7408 7481 7556 7641 7867 8091 8139 8072 8000 7950 7908 7882 7885 7871 7839 7803 7787 7772 7761 7751 7752 7753 7753 7754 7748 7729 7696 7672 7686 7706 7712 7708 7696 7689 7683 7682 7688 7689 7678 7662 7644 7629 7608 7594 7518 7555 7578 7592 7597 7588 7565 7550 7526 7501 7481 7461 7445 7433 7420 7402
6893 6813 6905 7174 7319 7381 7330 7306 7292 7297 7289 7290 7276 7260 7242 7229 7214 7211 7212 7216 7225 7246 7280 7334 7410 7488 7567 7631 7858 8023 8100 8066 8008 7951 7903 7870 7875 7862 7839 7814 7799 7784 7770 7754 7749 7750 7753 7759 7769 7743 7725 7694 7705 7690 7671 7666 7688 7688 7679 7678 7684 7675 7666 7653 7641 7633 7623 7619 7595 7572 7585 7595 7600 7595 7573 7544 7519 7499 7481 7478 7453 7434 7421 7403
6754 6735 6750 6926 7230 7462 7349 7308 7297 7297 7305 7293 7282 7265 7252 7241 7234 7225 7222 7224 7230 7251 7284 7340 7423 7494 7570 7649 7942 8124 8122 8053 7998 7951 7902 7867 7861 7852 7848 7840 7818 7786 7758 7746 7743 7743 7746 7753 7762 7799 7774 7756 7717 7697 7677 7672 7696 7695 7681 7675 7676 7674 7667 7654 7642 7632 7622 7636 7664 7615 7602 7602 7604 7602 7571 7545 7525 7505 7486 7480 7455 7437 7419 7405
6684 6642 6692 6769 7235 7505 7328 7297 7272 7273 7280 7281 7274 7265 7257 7247 7239 7238 7235 7235 7239 7263 7302 7363 7424 7502 7585 7673 7970 8161 8138 8056 8004 7957 7906 7862 7857 7852 7857 7860 7834 7792 7745 7738 7738 7738 7740 7740 7737 7730 7720 7720 7751 7752 7708 7691 7694 7690 7681 7674 7675 7670 7663 7654 7644 7630 7623 7617 7621 7623 7612 7605 7601 7592 7570 7554 7536 7514 7496 7481 7460 7440 7430 7422
6701 6642 6704 6842 7278 7458 7321 7299 7286 7269 7264 7256 7260 7263 7262 7262 7257 7256 7255 7255 7268 7283 7313 7373 7437 7512 7592 7774 7888 8071 8110 8079 8020 7963 7913 7879 7871 7865 7864 7862 7842 7806 7766 7746 7730 7724 7728 7727 7723 7707 7700 7720 7756 7756 7717 7696 7690 7682 7674 7673 7668 7662 7656 7650 7642 7617 7615 7606 7608 7618 7613 7605 7596 7581 7574 7566 7546 7519 7495 7473 7457 7439 7430 7424
6825 6708 6785 7040 7341 7406 7320 7305 7293 7291 7276 7267 7264 7268 7270 7271 7282 7280 7277 7273 7271 7297 7338 7400 7458 7526 7613 7842 7976 8078 8090 8057 8016 7968 7921 7886 7872 7861 7867 7875 7859 7813 7780 7743 7727 7724 7722 7724 7726 7712 7724 7743 7728 7724 7704 7685 7671 7670 7664 7657 7657 7652 7643 7634 7615 7615 7616 7597 7601 7613 7610 7604 7596 7587 7579 7572 7550 7520 7488 7460 7446 7429 7424 7427
7094 7033 7139 7387 7371 7362 7337 7308 7305 7302 7292 7285 7280 7280 7281 7285 7304 7304 7303 7302 7303 7321 7336 7401 7467 7528 7618 7785 8055 8128 8094 8043 8012 7971 7927 7887 7864 7863 7866 7867 7843 7800 7746 7717 7714 7715 7720 7729 7743 7764 7773 7774 7732 7720 7705 7684 7667 7665 7658 7652 7650 7645 7636 7628 7621 7606 7615 7602 7600 7601 7605 7602 7598 7594 7583 7574 7551 7521 7489 7462 7439 7416 7410 7414
7407 7442 7498 7437 7379 7353 7330 7306 7308 7314 7308 7303 7303 7298 7295 7303 7318 7323 7325 7337 7357 7367 7393 7430 7482 7527 7598 7836 8085 8132 8100 8047 8010 7969 7928 7890 7867 7870 7867 7856 7832 7782 7738 7713 7702 7704 7713 7727 7745 7764 7768 7759 7727 7711 7709 7716 7700 7680 7658 7648 7645 7643 7636 7631 7628 7626 7615 7600 7598 7608 7603 7601 7601 7592 7594 7575 7552 7524 7495 7469 7445 7412 7409 7411
7392 7391 7364 7364 7338 7327 7323 7307 7311 7319 7323 7321 7322 7317 7314 7323 7340 7339 7337 7347 7375 7406 7430 7467 7516 7572 7691 7915 8086 8126 8097 8057 8011 7971 7933 7900 7880 7882 7870 7839 7792 7756 7718 7691 7691 7695 7704 7717 7736 7757 7785 7753 7718 7731 7735 7764 7754 7692 7653 7640 7648 7644 7639 7634 7628 7620 7610 7600 7598 7583 7596 7605 7607 7605 7581 7569 7552 7528 7502 7479 7442 7421 7413 7409
7342 7308 7313 7337 7355 7343 7333 7324 7323 7326 7331 7335 7335 7335 7340 7353 7347 7341 7344 7345 7375 7441 7488 7498 7568 7671 7832 7979 8086 8101 8078 8039 8004 7970 7938 7914 7895 7896 7878 7828 7769 7734 7709 7690 7684 7690 7700 7707 7717 7732 7743 7729 7699 7725 7785 7737 7703 7673 7643 7635 7643 7637 7634 7631 7624 7617 7610 7606 7602 7601 7600 7602 7605 7616 7560 7571 7550 7528 7504 7480 7448 7428 7419 7415
7365 7309 7310 7336 7353 7368 7353 7344 7348 7350 7354 7357 7356 7357 7365 7383 7374 7369 7372 7370 7408 7474 7513 7528 7630 7766 7924 8029 8072 8086 8074 8034 7988 7959 7939 7926 7919 7918 7887 7830 7764 7723 7701 7685 7680 7685 7692 7699 7702 7694 7687 7700 7703 7721 7730 7714 7683 7651 7613 7603 7611 7621 7624 7618 7622 7620 7612 7609 7603 7591 7594 7595 7598 7590 7555 7559 7542 7521 7501 7485 7451 7420 7418 7420
7473 7392 7349 7354 7361 7371 7377 7375 7381 7388 7392 7402 7394 7389 7400 7414 7424 7429 7429 7429 7462 7511 7523 7586 7718 7847 8054 8064 8060 8058 8011 7972 7956 7946 7940 7936 7936 7934 7893 7851 7776 7723 7699 7686 7678 7676 7677 7676 7686 7696 7693 7698 7706 7729 7762 7805 7736 7646 7567 7566 7599 7618 7625 7622 7627 7625 7618 7612 7608 7603 7584 7579 7577 7569 7564 7543 7527 7510 7488 7464 7441 7417 7420 7425
7683 7540 7430 7417 7422 7424 7425 7424 7427 7430 7469 7470 7461 7454 7449 7472 7502 7518 7514 7514 7543 7580 7608 7708 7843 7952 8079 8063 8044 8104 7962 7916 7920 7921 7924 7935 7944 7951 7967 7902 7802 7730 7702 7689 7676 7663 7653 7644 7653 7683 7732 7744 7720 7714 7733 7753 7730 7659 7582 7587 7616 7629 7633 7640 7633 7620 7614 7611 7615 7597 7569 7562 7555 7551 7541 7527 7512 7494 7475 7453 7436 7425 7428 7434
7776 7710 7576 7520 7499 7491 7494 7497 7496 7498 7516 7539 7548 7551 7546 7579 7605 7619 7619 7647 7655 7695 7745 7852 7956 8052 8045 8041 8036 8080 7943 7901 7902 7908 7909 7922 7957 8011 8017 7951 7830 7741 7708 7689 7673 7650 7627 7610 7607 7633 7756 7819 7745 7707 7718 7693 7702 7693 7684 7651 7660 7648 7627 7628 7622 7614 7606 7599 7589 7583 7562 7550 7538 7532 7529 7513 7495 7480 7465 7450 7442 7423 7430 7445
7777 7833 7820 7721 7630 7592 7569 7559 7566 7565 7593 7619 7630 7650 7669 7694 7724 7756 7744 7686 7784 7842 7901 7963 8007 8033 8024 8022 8029 8029 7973 7913 7892 7879 7883 7900 7928 7954 8015 7957 7833 7748 7716 7692 7670 7643 7613 7585 7568 7580 7764 7844 7719 7682 7734 7724 7724 7725 7721 7684 7644 7610 7598 7581 7604 7601 7594 7590 7583 7575 7555 7546 7545 7529 7508 7491 7479 7470 7462 7453 7442 7435 7442 7459
7756 7799 7839 7868 7839 7745 7666 7623 7605 7611 7630 7662 7690 7726 7763 7796 7835 7880 7912 7954 7963 8010 8025 8029 8028 8018 8005 7998 8002 8023 7949 7911 7889 7876 7877 7878 7869 7868 7863 7828 7798 7767 7728 7701 7675 7645 7610 7575 7545 7551 7689 7841 7812 7721 7775 7767 7749 7746 7733 7690 7631 7589 7586 7581 7600 7592 7586 7581 7580 7573 7545 7541 7544 7527 7492 7467 7464 7462 7460 7456 7453 7463 7467 7476
