real_craters/C205-750m.grd
DSAA
361 361
-134.96 134.96
-134.96 134.96
5235.3584839669 9232.8751948811
[rows 38 to 75 of 361, columns 252 to 335 of 361]
6561 6574 6583 6591 6604 6614 6617 6634 6674 6728 6843 6984 7099 7078 7059 7056 7049 7045 7042 7036 7033 7031 7030 7033 7036 7041 7052 7061 7065 7069 7073 7075 7077 7077 7077 7078 7083 7075 7072 7066 7061 7058 7050 7047 7044 7038 7033 7028 7026 7031 7033 7032 7028 7022 7020 7021 7021 7013 7007 7010 7018 7024 7029 7033 7036 7037 7038 7039 7041 7045 7050 7055 7060 7062 7062 7059 7064 7064 7059 7053 7057 7064 7080 7098
6569 6580 6590 6599 6604 6612 6614 6651 6733 6802 6887 6985 7049 7056 7048 7047 7043 7040 7037 7031 7030 7028 7026 7031 7034 7042 7052 7062 7070 7077 7081 7086 7088 7092 7093 7093 7094 7093 7089 7084 7081 7074 7070 7065 7060 7053 7049 7046 7042 7046 7051 7046 7038 7033 7034 7037 7040 7038 7034 7033 7036 7040 7044 7047 7050 7052 7054 7056 7061 7063 7066 7070 7073 7076 7076 7075 7083 7085 7077 7074 7079 7084 7091 7106
6578 6587 6599 6612 6614 6617 6642 6767 6835 6864 6918 6984 7022 7032 7036 7035 7034 7033 7030 7027 7028 7026 7027 7035 7043 7048 7055 7063 7073 7081 7087 7095 7100 7103 7103 7103 7106 7106 7102 7098 7094 7090 7088 7084 7079 7074 7071 7065 7062 7068 7071 7065 7055 7045 7049 7053 7057 7060 7060 7058 7057 7057 7060 7062 7066 7069 7071 7073 7075 7077 7082 7087 7090 7092 7094 7095 7091 7085 7090 7096 7100 7099 7103 7108
6592 6597 6608 6624 6642 6664 6730 6898 6939 6949 6974 6995 7013 7018 7022 7024 7025 7025 7026 7027 7024 7023 7032 7038 7047 7052 7060 7068 7076 7084 7092 7101 7110 7112 7108 7107 7109 7111 7113 7105 7100 7107 7104 7101 7097 7096 7096 7097 7095 7102 7102 7085 7068 7060 7064 7071 7076 7079 7081 7079 7076 7074 7076 7079 7082 7086 7090 7092 7093 7095 7103 7108 7110 7112 7111 7112 7102 7098 7108 7112 7107 7104 7107 7109
6612 6621 6624 6649 6701 6746 6812 6907 6964 6985 6994 7000 7004 7006 7010 7013 7014 7015 7015 7012 7013 7018 7024 7032 7041 7052 7061 7071 7081 7088 7095 7105 7116 7112 7108 7108 7107 7108 7103 7105 7106 7111 7112 7114 7116 7116 7122 7124 7121 7129 7130 7096 7084 7080 7083 7089 7094 7095 7095 7092 7089 7089 7092 7096 7100 7105 7110 7116 7121 7125 7130 7131 7131 7131 7131 7132 7124 7126 7129 7126 7110 7111 7112 7114
6649 6677 6693 6733 6798 6853 6896 6954 6999 7002 6997 6999 7003 7008 7006 7006 7006 7004 7001 7000 7003 7009 7017 7028 7040 7051 7060 7068 7076 7085 7088 7097 7104 7105 7107 7109 7112 7107 7107 7108 7110 7115 7124 7132 7142 7145 7147 7151 7146 7142 7155 7134 7107 7098 7101 7106 7108 7108 7104 7098 7099 7102 7106 7111 7117 7123 7130 7140 7152 7164 7160 7154 7150 7148 7148 7146 7146 7151 7147 7149 7132 7126 7123 7131
6708 6774 6832 6875 6922 6975 7036 7094 7064 7020 6998 7000 7005 7008 7004 7001 6998 6995 6992 6990 6991 6992 7009 7029 7040 7049 7057 7066 7071 7080 7088 7094 7101 7105 7108 7110 7109 7111 7110 7114 7115 7123 7138 7153 7172 7182 7168 7162 7165 7162 7158 7141 7129 7120 7123 7126 7125 7122 7113 7108 7110 7115 7120 7126 7132 7140 7148 7158 7172 7187 7180 7172 7167 7163 7160 7165 7168 7178 7194 7169 7160 7148 7139 7144
6797 6892 6975 7012 7035 7070 7121 7107 7050 7024 7007 7002 7005 7009 7005 6998 6992 6987 6983 6983 6980 6988 7008 7028 7040 7049 7058 7067 7074 7079 7087 7091 7099 7108 7110 7119 7122 7119 7120 7121 7125 7132 7151 7173 7180 7181 7176 7171 7172 7169 7161 7155 7149 7148 7150 7153 7148 7140 7133 7128 7127 7130 7136 7142 7148 7154 7162 7171 7181 7186 7187 7184 7181 7178 7176 7184 7196 7215 7219 7202 7187 7171 7158 7150
6909 7005 7091 7109 7111 7118 7124 7100 7050 7026 7008 6999 7001 7003 6999 6992 6986 6981 6980 6983 6989 6997 7009 7020 7030 7048 7064 7070 7073 7077 7076 7087 7099 7111 7121 7134 7137 7135 7133 7122 7132 7139 7152 7166 7171 7172 7175 7177 7176 7179 7180 7173 7168 7173 7170 7172 7161 7149 7145 7142 7143 7155 7165 7157 7163 7166 7172 7178 7185 7189 7191 7193 7194 7195 7195 7201 7213 7231 7242 7218 7208 7195 7183 7175
7027 7100 7148 7160 7149 7137 7118 7084 7055 7029 7003 6990 6990 6993 6988 6985 6982 6979 6982 6990 6999 7005 7012 7019 7025 7042 7058 7071 7087 7081 7080 7089 7100 7121 7141 7146 7148 7145 7131 7120 7144 7144 7146 7147 7150 7160 7166 7169 7169 7171 7173 7174 7170 7174 7172 7169 7155 7142 7147 7158 7157 7175 7184 7200 7202 7204 7198 7201 7197 7197 7199 7203 7207 7211 7219 7223 7236 7252 7250 7231 7223 7219 7214 7208
7127 7178 7213 7192 7167 7139 7108 7090 7075 7021 6990 6977 6978 6979 6976 6979 6980 6980 6988 6995 7002 7008 7015 7019 7024 7035 7051 7067 7075 7079 7085 7093 7117 7134 7150 7148 7154 7166 7147 7131 7146 7145 7144 7141 7145 7151 7156 7157 7156 7158 7162 7164 7162 7159 7158 7150 7139 7120 7107 7143 7174 7200 7202 7202 7203 7204 7206 7214 7210 7209 7209 7214 7219 7223 7232 7242 7256 7256 7248 7249 7246 7240 7238 7231
7202 7221 7230 7200 7165 7131 7099 7071 7012 6985 6975 6966 6965 6968 6971 6976 6982 6987 6989 6998 7006 7013 7019 7021 7026 7035 7048 7066 7073 7077 7080 7093 7111 7134 7148 7151 7164 7180 7185 7176 7149 7146 7145 7145 7148 7152 7151 7158 7157 7152 7157 7158 7158 7151 7153 7155 7134 7103 7048 6953 7180 7209 7209 7209 7212 7213 7213 7214 7216 7215 7221 7226 7230 7234 7242 7249 7255 7257 7259 7262 7249 7252 7259 7251
7211 7218 7214 7186 7153 7120 7084 7041 7006 6985 6972 6960 6956 6958 6966 6976 6986 6994 6999 7004 7011 7022 7027 7031 7036 7039 7050 7063 7071 7079 7084 7094 7104 7122 7137 7145 7169 7198 7214 7188 7157 7153 7152 7150 7155 7160 7166 7167 7160 7153 7160 7164 7164 7162 7163 7163 7144 7121 7109 7170 7175 7195 7207 7213 7217 7217 7219 7222 7226 7229 7237 7240 7240 7243 7248 7252 7257 7266 7274 7285 7274 7264 7243 7255
7179 7185 7181 7163 7138 7110 7078 7042 7012 6995 6984 6975 6962 6958 6967 6979 6991 7000 7006 7011 7016 7029 7036 7040 7046 7048 7056 7066 7074 7085 7091 7096 7109 7123 7133 7144 7174 7206 7220 7188 7176 7165 7161 7157 7159 7164 7168 7163 7164 7169 7169 7173 7176 7175 7174 7171 7157 7145 7149 7169 7177 7191 7209 7219 7224 7228 7230 7232 7232 7237 7247 7245 7245 7246 7248 7254 7256 7265 7282 7294 7297 7286 7285 7267
7144 7150 7150 7142 7125 7105 7080 7055 7030 7014 6998 6986 6971 6967 6975 6986 6997 7006 7012 7020 7029 7037 7044 7053 7054 7056 7062 7069 7076 7087 7092 7096 7101 7117 7133 7151 7180 7210 7244 7239 7195 7179 7170 7163 7161 7165 7166 7163 7169 7178 7178 7187 7188 7184 7180 7176 7169 7165 7167 7170 7179 7190 7201 7210 7217 7212 7218 7225 7231 7237 7244 7247 7248 7248 7250 7257 7265 7279 7284 7295 7292 7287 7283 7273
7117 7131 7132 7127 7116 7101 7086 7070 7045 7025 7008 6988 6977 6974 6982 6993 7005 7016 7021 7029 7040 7052 7055 7055 7056 7059 7068 7075 7080 7090 7096 7099 7106 7117 7134 7154 7184 7210 7232 7207 7197 7184 7178 7174 7170 7170 7170 7171 7174 7180 7177 7188 7184 7184 7183 7179 7177 7176 7177 7179 7186 7196 7201 7207 7214 7219 7223 7228 7234 7239 7246 7248 7249 7252 7254 7257 7261 7265 7283 7294 7285 7272 7266 7270
7101 7118 7118 7115 7109 7099 7089 7078 7047 7033 7028 7002 6986 6985 6989 6999 7012 7024 7029 7035 7042 7051 7059 7060 7066 7069 7074 7079 7085 7098 7102 7105 7111 7124 7144 7172 7193 7211 7222 7215 7194 7189 7186 7184 7182 7179 7177 7174 7177 7179 7183 7176 7173 7177 7181 7177 7176 7178 7181 7187 7195 7202 7206 7211 7216 7222 7227 7233 7236 7239 7240 7243 7251 7254 7258 7263 7270 7279 7286 7299 7279 7273 7271 7271
7078 7089 7096 7096 7095 7095 7093 7084 7059 7085 7062 7028 7009 7000 6999 7004 7015 7029 7036 7043 7049 7060 7059 7065 7073 7077 7081 7083 7092 7102 7103 7106 7115 7131 7157 7183 7190 7202 7212 7214 7203 7197 7193 7192 7190 7187 7185 7181 7179 7177 7175 7169 7165 7169 7172 7173 7176 7181 7186 7188 7188 7203 7209 7215 7220 7224 7228 7232 7236 7239 7243 7250 7255 7266 7271 7278 7292 7300 7279 7269 7276 7267 7262 7273
7057 7069 7070 7077 7082 7089 7097 7103 7101 7103 7088 7046 7018 7009 7004 7005 7013 7027 7039 7050 7057 7057 7056 7065 7075 7079 7088 7089 7096 7102 7108 7114 7123 7138 7158 7169 7179 7189 7195 7194 7204 7201 7194 7193 7192 7190 7188 7185 7180 7176 7174 7167 7166 7166 7164 7169 7178 7187 7194 7198 7198 7206 7216 7221 7223 7227 7228 7232 7236 7240 7243 7247 7256 7266 7279 7293 7308 7308 7274 7261 7279 7284 7270 7279
7017 7016 7035 7051 7069 7082 7097 7114 7129 7109 7098 7065 7030 7018 7010 7007 7015 7029 7043 7055 7061 7057 7058 7064 7074 7081 7088 7091 7099 7110 7117 7121 7128 7140 7152 7162 7169 7178 7184 7178 7186 7190 7188 7186 7185 7185 7182 7180 7179 7179 7174 7169 7168 7166 7165 7172 7185 7197 7210 7223 7238 7229 7227 7225 7227 7229 7233 7235 7238 7242 7245 7251 7257 7264 7284 7305 7306 7300 7285 7277 7289 7302 7292 7288
6984 6985 7003 7023 7049 7071 7094 7112 7114 7125 7112 7089 7046 7036 7021 7013 7020 7035 7047 7060 7068 7066 7058 7061 7073 7080 7083 7090 7101 7111 7122 7127 7133 7140 7151 7156 7162 7170 7174 7174 7177 7180 7177 7174 7174 7173 7172 7173 7175 7178 7179 7175 7173 7171 7172 7180 7195 7208 7222 7236 7251 7246 7238 7233 7233 7234 7236 7240 7242 7245 7248 7248 7265 7279 7293 7308 7292 7284 7282 7286 7293 7298 7293 7292
6968 6960 6982 7009 7037 7065 7093 7118 7136 7162 7125 7084 7086 7062 7034 7019 7025 7035 7047 7060 7073 7079 7067 7061 7074 7087 7082 7088 7098 7106 7125 7127 7132 7136 7145 7151 7161 7164 7165 7167 7169 7167 7165 7162 7164 7167 7166 7166 7170 7174 7175 7175 7177 7176 7182 7196 7208 7219 7229 7239 7246 7248 7240 7232 7233 7235 7238 7244 7248 7252 7257 7262 7281 7290 7293 7306 7299 7298 7299 7296 7293 7286 7288 7291
6933 6944 6962 6983 7014 7046 7082 7122 7173 7206 7122 7082 7081 7065 7037 7021 7020 7031 7043 7057 7074 7091 7093 7072 7078 7098 7095 7092 7094 7102 7112 7118 7127 7129 7130 7149 7161 7158 7152 7159 7164 7162 7159 7155 7157 7159 7159 7161 7166 7171 7172 7172 7183 7179 7197 7211 7223 7230 7235 7238 7237 7225 7212 7227 7233 7237 7241 7246 7250 7257 7266 7281 7285 7278 7285 7295 7316 7317 7324 7314 7297 7285 7288 7291
6900 6919 6937 6957 6986 7018 7056 7102 7145 7133 7086 7066 7077 7051 7030 7013 7024 7029 7039 7052 7072 7094 7101 7096 7084 7106 7112 7107 7103 7103 7107 7118 7124 7132 7142 7157 7159 7152 7147 7153 7163 7161 7156 7153 7151 7151 7155 7157 7162 7165 7171 7178 7177 7183 7222 7235 7239 7239 7238 7236 7227 7219 7235 7232 7236 7237 7241 7245 7251 7257 7267 7275 7271 7254 7284 7303 7319 7316 7312 7310 7299 7292 7292 7293
6915 6904 6907 6932 6957 6990 7023 7058 7086 7114 7060 7044 7042 7029 7020 7014 7017 7025 7035 7049 7067 7088 7112 7126 7107 7112 7115 7107 7102 7106 7114 7120 7127 7149 7165 7164 7154 7146 7145 7153 7160 7158 7149 7144 7143 7145 7149 7157 7165 7172 7183 7195 7210 7219 7235 7248 7249 7246 7243 7241 7238 7239 7236 7236 7237 7239 7241 7246 7255 7262 7268 7271 7276 7282 7287 7298 7297 7304 7309 7301 7293 7289 7290 7295
6914 6900 6887 6902 6923 6951 6980 7008 7021 7028 7026 7032 7024 7017 7013 7012 7015 7020 7029 7042 7060 7077 7109 7132 7122 7119 7115 7108 7107 7113 7124 7133 7149 7166 7173 7167 7150 7143 7148 7152 7152 7145 7141 7138 7140 7145 7153 7163 7175 7188 7197 7202 7218 7237 7242 7245 7246 7247 7246 7246 7249 7253 7241 7238 7236 7237 7241 7249 7254 7259 7263 7267 7267 7262 7276 7282 7283 7287 7291 7290 7288 7289 7293 7301
6904 6906 6875 6879 6899 6924 6946 6959 6968 6973 7003 7016 7012 7008 7005 7006 7010 7016 7025 7037 7061 7083 7113 7124 7127 7123 7121 7122 7113 7121 7139 7156 7182 7177 7174 7170 7153 7142 7142 7146 7146 7144 7139 7140 7145 7156 7164 7174 7190 7206 7209 7213 7237 7239 7243 7247 7248 7245 7243 7242 7247 7255 7243 7234 7233 7236 7240 7246 7250 7254 7258 7260 7258 7252 7268 7272 7267 7278 7285 7289 7291 7298 7307 7310
6929 6930 6859 6860 6878 6901 6922 6938 6948 6957 6986 7001 6999 6995 6997 7000 7004 7014 7026 7043 7067 7094 7111 7126 7127 7119 7118 7130 7123 7133 7158 7169 7175 7170 7168 7169 7153 7140 7137 7142 7145 7140 7144 7144 7150 7163 7176 7188 7199 7223 7231 7238 7241 7247 7243 7244 7243 7241 7239 7237 7234 7229 7218 7219 7227 7234 7241 7248 7255 7257 7258 7259 7264 7262 7268 7272 7275 7286 7294 7301 7311 7314 7318 7320
6945 6906 6846 6848 6865 6885 6907 6926 6947 6965 6984 6991 6997 6991 6994 6997 7003 7015 7030 7048 7067 7087 7096 7110 7116 7110 7113 7121 7133 7146 7164 7168 7169 7165 7161 7155 7148 7139 7134 7140 7142 7142 7145 7148 7157 7173 7189 7209 7230 7249 7247 7242 7235 7238 7241 7240 7238 7235 7233 7229 7221 7206 7203 7213 7224 7234 7242 7247 7251 7255 7256 7257 7257 7264 7267 7274 7284 7296 7307 7315 7317 7327 7333 7334
6939 6883 6850 6849 6863 6883 6905 6931 6956 6983 7012 7023 7011 7004 7000 6997 7005 7017 7029 7044 7059 7070 7081 7097 7104 7100 7102 7119 7136 7153 7156 7156 7158 7162 7157 7155 7150 7143 7143 7143 7142 7144 7152 7155 7163 7182 7209 7238 7259 7261 7250 7239 7235 7245 7241 7237 7231 7230 7231 7229 7222 7211 7208 7217 7230 7243 7254 7261 7265 7268 7268 7264 7264 7274 7271 7277 7289 7300 7315 7328 7335 7341 7348 7345
6923 6887 6862 6856 6869 6890 6916 6943 6970 7000 7035 7028 7021 7012 7007 7004 7011 7021 7030 7042 7054 7061 7079 7092 7100 7104 7104 7119 7143 7150 7134 7135 7136 7140 7147 7151 7149 7146 7151 7152 7150 7153 7162 7174 7189 7219 7239 7260 7279 7274 7264 7262 7256 7255 7247 7237 7222 7231 7239 7241 7238 7233 7230 7230 7243 7255 7265 7274 7281 7285 7286 7284 7289 7286 7276 7284 7298 7315 7330 7345 7356 7355 7348 7337
6907 6885 6865 6862 6883 6910 6935 6960 6984 7005 7027 7026 7024 7020 7019 7018 7020 7026 7040 7051 7060 7066 7088 7104 7109 7113 7118 7128 7140 7131 7115 7119 7122 7131 7140 7149 7153 7157 7165 7169 7170 7175 7180 7205 7231 7246 7260 7279 7291 7282 7265 7266 7264 7261 7257 7248 7241 7249 7260 7264 7262 7258 7255 7260 7264 7271 7278 7286 7293 7301 7308 7313 7313 7302 7294 7294 7311 7334 7346 7358 7366 7363 7343 7324
6905 6886 6862 6867 6899 6928 6954 6977 6996 7008 7018 7024 7024 7024 7031 7036 7028 7036 7048 7063 7074 7083 7100 7114 7124 7127 7140 7144 7136 7122 7108 7112 7118 7128 7141 7156 7170 7174 7188 7193 7200 7213 7233 7243 7254 7263 7276 7288 7300 7287 7269 7268 7270 7271 7266 7272 7276 7287 7296 7296 7293 7289 7285 7286 7286 7288 7291 7298 7307 7318 7330 7341 7334 7317 7315 7318 7325 7336 7354 7366 7372 7359 7334 7314
6923 6908 6881 6904 6934 6955 6972 6987 6999 7012 7016 7018 7022 7028 7041 7058 7058 7064 7072 7084 7098 7104 7112 7125 7141 7153 7162 7160 7140 7114 7110 7117 7123 7127 7141 7157 7175 7194 7201 7215 7235 7259 7273 7278 7277 7290 7285 7283 7292 7296 7280 7284 7292 7291 7293 7308 7329 7339 7337 7331 7324 7320 7326 7316 7306 7304 7307 7312 7321 7331 7343 7354 7350 7339 7335 7334 7337 7346 7357 7368 7363 7341 7313 7277
6977 6978 6978 6986 6983 6983 6987 6991 7000 7011 7013 7013 7020 7031 7046 7068 7084 7090 7091 7102 7115 7117 7123 7137 7158 7171 7180 7174 7157 7144 7135 7136 7134 7137 7142 7150 7159 7169 7203 7231 7255 7273 7290 7303 7312 7311 7300 7292 7308 7324 7334 7316 7301 7307 7327 7345 7374 7392 7378 7361 7349 7340 7331 7327 7317 7314 7317 7322 7330 7340 7348 7353 7350 7344 7342 7348 7342 7342 7358 7370 7355 7315 7288 7275
7053 7065 7087 7069 7030 7007 6995 6992 6993 7002 7009 7011 7021 7036 7048 7077 7094 7103 7102 7110 7119 7123 7129 7147 7171 7196 7203 7181 7173 7179 7177 7165 7151 7143 7146 7147 7144 7165 7214 7243 7268 7289 7297 7315 7329 7332 7318 7317 7334 7345 7356 7344 7337 7351 7353 7372 7404 7421 7398 7379 7363 7347 7337 7322 7314 7317 7323 7330 7337 7344 7348 7348 7344 7343 7343 7346 7347 7349 7356 7360 7333 7283 7258 7241
7090 7115 7141 7098 7054 7017 6987 6973 6971 6985 7011 7014 7033 7048 7062 7083 7096 7107 7109 7114 7118 7126 7136 7156 7188 7211 7214 7189 7199 7214 7208 7193 7186 7179 7171 7156 7146 7170 7218 7247 7276 7302 7302 7305 7313 7325 7330 7332 7349 7352 7354 7362 7372 7381 7388 7403 7413 7398 7406 7391 7371 7351 7324 7309 7311 7319 7328 7335 7342 7347 7351 7349 7343 7340 7338 7342 7346 7347 7346 7341 7305 7253 7230 7218
7067 7111 7159 7117 7057 7006 6967 6942 6934 6944 6979 7029 7058 7069 7080 7082 7097 7107 7115 7123 7129 7141 7155 7180 7210 7221 7219 7243 7240 7237 7220 7210 7203 7193 7178 7175 7172 7189 7211 7245 7274 7294 7294 7298 7298 7314 7341 7366 7365 7363 7364 7378 7390 7400 7414 7430 7431 7441 7420 7396 7376 7359 7345 7334 7324 7329 7335 7341 7347 7352 7356 7355 7350 7343 7338 7343 7347 7341 7330 7310 7274 7230 7213 7211
