real_craters/C205-750m.grd
DSAA
361 361
-134.96 134.96
-134.96 134.96
5235.3584839669 9232.8751948811
[rows 190 to 227 of 361, columns 84 to 167 of 361]
6389 6319 6262 6217 6178 6157 6148 6142 6134 6135 6131 6123 6114 6106 6102 6105 6128 6182 6207 6197 6185 6236 6225 6207 6182 6163 6153 6154 6158 6158 6178 6194 6209 6265 6305 6353 6421 6490 6565 6639 6721 6855 7051 7250 7441 7595 7691 7747 7776 7774 7730 7673 7580 7471 7285 7048 6940 6924 6899 6723 6540 6429 6401 6373 6353 6329 6216 6058 5954 5849 5747 5658 5627 5668 5716 5749 5774 5854 5938 6012 6111 6268 6328 6372
6389 6323 6265 6216 6183 6161 6155 6148 6139 6141 6135 6129 6120 6114 6111 6111 6112 6169 6219 6217 6232 6235 6232 6222 6198 6177 6169 6173 6161 6156 6167 6189 6271 6299 6320 6336 6381 6447 6510 6576 6658 6778 6979 7207 7414 7558 7668 7746 7809 7852 7872 7776 7710 7598 7332 7053 6975 6942 6868 6709 6520 6383 6368 6366 6365 6360 6278 6128 6003 5883 5770 5676 5642 5666 5705 5742 5781 5832 5896 5967 6059 6192 6285 6374
6407 6330 6268 6222 6185 6167 6172 6166 6158 6154 6145 6138 6132 6127 6123 6125 6135 6163 6195 6202 6219 6245 6236 6218 6208 6187 6166 6163 6155 6154 6179 6193 6251 6330 6393 6354 6344 6374 6431 6517 6623 6744 6941 7178 7384 7536 7652 7753 7833 7886 7890 7821 7745 7592 7324 7111 6993 6914 6815 6688 6551 6390 6359 6356 6351 6331 6283 6184 6053 5923 5804 5702 5656 5670 5709 5749 5784 5813 5862 5932 6067 6138 6229 6343
6407 6331 6267 6213 6182 6169 6181 6178 6173 6165 6155 6148 6142 6138 6138 6144 6152 6144 6157 6188 6224 6242 6244 6242 6223 6206 6181 6152 6144 6151 6158 6162 6239 6338 6418 6335 6299 6299 6352 6465 6611 6749 6934 7156 7364 7518 7653 7760 7852 7902 7902 7817 7718 7546 7309 7157 7002 6914 6815 6674 6522 6419 6374 6361 6347 6318 6285 6224 6091 5966 5845 5737 5676 5679 5773 5778 5780 5779 5807 5965 6047 6072 6101 6138
6400 6325 6264 6216 6185 6174 6176 6185 6175 6167 6161 6153 6148 6146 6149 6159 6178 6167 6166 6172 6196 6227 6244 6252 6227 6219 6208 6176 6166 6191 6229 6277 6316 6347 6365 6295 6250 6238 6275 6413 6574 6706 6910 7126 7328 7501 7643 7772 7871 7912 7902 7804 7691 7538 7317 7208 7092 6948 6804 6694 6576 6438 6400 6387 6372 6326 6279 6202 6114 6008 5899 5789 5707 5707 5734 5779 5755 5741 5758 5864 5934 5986 6000 6023
6387 6318 6262 6222 6192 6176 6178 6186 6184 6178 6166 6158 6151 6149 6152 6158 6155 6155 6166 6166 6203 6217 6213 6206 6220 6216 6225 6240 6224 6272 6348 6400 6354 6339 6305 6244 6225 6217 6247 6377 6528 6665 6877 7089 7288 7456 7638 7783 7901 7951 7935 7809 7677 7522 7410 7312 7169 6994 6805 6713 6627 6497 6448 6434 6423 6390 6320 6233 6161 6075 5975 5873 5790 5738 5739 5726 5713 5711 5734 5799 5891 5940 5930 5941
6370 6310 6258 6216 6188 6183 6184 6191 6186 6179 6168 6159 6151 6146 6141 6137 6143 6132 6138 6174 6189 6207 6217 6218 6229 6243 6266 6282 6302 6348 6415 6426 6369 6391 6384 6288 6261 6251 6271 6375 6515 6664 6870 7071 7268 7440 7634 7790 7926 8045 7987 7833 7713 7601 7576 7444 7265 7059 6854 6711 6626 6543 6499 6487 6484 6463 6389 6309 6233 6146 6058 5973 5896 5867 5883 5816 5745 5692 5710 5791 5914 5887 5842 5875
6358 6303 6253 6211 6185 6178 6182 6182 6182 6175 6166 6157 6148 6139 6131 6121 6125 6127 6140 6172 6178 6199 6221 6225 6231 6271 6298 6343 6366 6388 6436 6450 6418 6441 6439 6387 6342 6317 6324 6386 6498 6666 6870 7072 7259 7428 7587 7782 7905 7974 7973 7854 7768 7692 7664 7553 7358 7146 6937 6747 6656 6590 6549 6540 6541 6522 6461 6407 6315 6226 6148 6098 6097 6119 6050 5903 5769 5691 5690 5725 5742 5753 5773 5833
6349 6293 6249 6211 6186 6178 6181 6184 6179 6169 6163 6153 6143 6134 6126 6120 6123 6118 6134 6172 6171 6188 6200 6203 6205 6205 6264 6341 6351 6377 6433 6487 6494 6494 6466 6451 6420 6384 6378 6404 6484 6648 6864 7041 7246 7421 7587 7782 7903 7969 7937 7895 7842 7798 7757 7658 7459 7256 7066 6873 6729 6646 6596 6590 6589 6565 6514 6453 6377 6295 6222 6177 6172 6164 6150 5986 5833 5690 5662 5646 5637 5678 5713 5778
6336 6282 6242 6202 6174 6167 6167 6178 6173 6168 6157 6145 6136 6127 6123 6125 6123 6127 6150 6203 6188 6184 6173 6180 6186 6187 6210 6237 6283 6323 6384 6447 6479 6495 6482 6493 6472 6432 6415 6427 6496 6653 6859 7104 7240 7419 7599 7805 7928 8010 7992 7971 7934 7873 7747 7645 7535 7405 7175 6950 6814 6717 6648 6636 6630 6609 6565 6509 6439 6361 6275 6202 6136 6099 6096 6038 5891 5683 5623 5612 5615 5642 5669 5696
6316 6272 6231 6195 6168 6157 6154 6159 6162 6159 6147 6136 6128 6121 6116 6116 6123 6134 6163 6208 6200 6190 6199 6180 6179 6182 6174 6156 6211 6261 6317 6361 6428 6469 6503 6499 6477 6463 6451 6476 6549 6667 6788 6948 7196 7416 7622 7845 7991 8084 8063 8060 8039 7978 7834 7663 7561 7419 7234 7066 6925 6814 6727 6692 6679 6656 6627 6575 6506 6424 6318 6207 6120 6069 6060 6058 5935 5724 5634 5625 5616 5623 5638 5656
6304 6262 6223 6187 6159 6145 6142 6153 6151 6140 6131 6125 6120 6114 6108 6097 6115 6139 6162 6183 6187 6175 6166 6176 6175 6176 6180 6185 6174 6218 6264 6305 6386 6479 6550 6548 6522 6483 6449 6462 6568 6680 6778 6942 7182 7421 7651 7890 8073 8172 8131 8126 8126 8105 7973 7784 7609 7398 7273 7176 7046 6913 6806 6759 6727 6713 6703 6678 6619 6503 6363 6213 6088 6033 6005 5962 5914 5857 5735 5683 5640 5630 5638 5648
6297 6250 6211 6177 6152 6137 6130 6129 6133 6119 6113 6115 6113 6110 6108 6111 6114 6147 6179 6186 6182 6176 6176 6178 6181 6189 6203 6206 6217 6230 6241 6263 6325 6428 6599 6588 6571 6480 6433 6435 6519 6679 6811 6989 7202 7436 7679 7931 8136 8231 8171 8161 8171 8198 8074 7947 7701 7472 7317 7256 7149 6998 6880 6827 6810 6785 6776 6763 6715 6589 6439 6257 6097 6020 5981 5956 5927 5897 5847 5752 5681 5657 5653 5646
6291 6242 6201 6166 6138 6124 6113 6101 6106 6106 6107 6110 6108 6106 6107 6111 6120 6141 6149 6187 6167 6169 6170 6183 6195 6211 6231 6235 6245 6243 6228 6223 6269 6356 6541 6528 6470 6426 6395 6431 6556 6699 6825 7006 7214 7446 7691 7951 8183 8243 8165 8147 8139 8155 8166 8000 7787 7572 7406 7299 7194 7063 6936 6885 6868 6843 6823 6801 6754 6667 6556 6404 6228 6053 5965 5940 5942 5931 5888 5791 5718 5687 5680 5666
6285 6231 6190 6155 6130 6115 6099 6085 6094 6108 6116 6110 6107 6104 6101 6110 6127 6141 6145 6127 6139 6140 6157 6193 6223 6233 6239 6233 6246 6243 6219 6192 6200 6285 6442 6422 6372 6357 6344 6423 6590 6719 6828 7003 7212 7438 7690 7919 8114 8182 8125 8104 8079 8048 8141 8060 7880 7677 7494 7398 7289 7137 7010 6943 6911 6883 6860 6830 6783 6741 6705 6666 6503 6275 6083 5975 5969 5946 5855 5815 5766 5726 5724 5703
6277 6222 6181 6147 6124 6118 6106 6096 6106 6112 6114 6110 6107 6104 6102 6116 6147 6144 6132 6128 6134 6150 6158 6198 6246 6229 6227 6241 6242 6234 6218 6195 6194 6259 6313 6314 6309 6315 6345 6445 6604 6720 6822 6992 7191 7408 7632 7859 8019 8058 8069 8064 8041 8032 8159 8127 7993 7887 7746 7526 7350 7204 7081 7000 6958 6932 6907 6868 6805 6807 6820 6848 6728 6587 6398 6175 6092 6080 5921 5884 5879 5863 5795 5751
6269 6213 6176 6147 6129 6133 6119 6109 6122 6118 6112 6114 6111 6107 6108 6119 6130 6134 6139 6127 6136 6143 6171 6192 6198 6219 6214 6242 6256 6256 6231 6208 6201 6196 6215 6220 6208 6270 6398 6529 6627 6715 6789 6966 7164 7372 7585 7797 7946 7990 8026 8048 8052 8061 8159 8178 8074 7937 7792 7605 7419 7274 7139 7057 7026 6998 6966 6935 6913 6888 6866 6815 6786 6713 6624 6403 6311 6297 6064 5987 5967 5926 5856 5797
6269 6217 6186 6162 6148 6144 6127 6117 6124 6126 6126 6122 6118 6112 6103 6110 6121 6115 6130 6148 6159 6186 6193 6212 6230 6253 6255 6273 6272 6268 6239 6206 6169 6146 6166 6175 6169 6257 6403 6552 6649 6693 6769 6950 7139 7337 7537 7731 7915 7980 7998 8052 8092 8122 8155 8146 8085 7967 7832 7677 7530 7371 7210 7122 7111 7080 7047 7013 6987 6946 6904 6864 6812 6752 6684 6488 6405 6280 6185 6087 6033 5987 5888 5852
6298 6240 6206 6183 6166 6151 6139 6126 6128 6133 6130 6131 6130 6126 6121 6116 6108 6103 6107 6145 6174 6184 6205 6231 6258 6269 6262 6269 6267 6254 6238 6209 6180 6154 6176 6193 6228 6308 6420 6505 6615 6686 6792 6943 7122 7307 7474 7623 7769 7914 7980 8081 8171 8213 8186 8141 8123 7985 7822 7734 7673 7490 7321 7222 7199 7165 7127 7089 7050 7000 6940 6886 6846 6802 6724 6608 6461 6448 6311 6210 6114 6062 5978 5914
6358 6281 6235 6200 6175 6163 6158 6153 6148 6148 6148 6146 6144 6143 6140 6133 6126 6119 6108 6132 6178 6203 6210 6222 6245 6273 6266 6259 6262 6259 6243 6217 6188 6173 6196 6230 6267 6332 6428 6498 6612 6688 6795 6953 7126 7301 7452 7597 7744 7886 7978 8113 8236 8306 8303 8280 8198 8100 7869 7794 7738 7606 7447 7331 7295 7253 7210 7161 7103 7035 6968 6905 6877 6845 6787 6656 6558 6527 6467 6358 6200 6127 6070 5999
6408 6328 6274 6232 6200 6186 6182 6179 6175 6166 6159 6156 6160 6161 6153 6154 6147 6144 6119 6134 6154 6190 6205 6220 6235 6237 6241 6251 6259 6257 6250 6237 6197 6181 6257 6281 6285 6313 6385 6513 6635 6717 6833 6981 7146 7314 7468 7617 7757 7846 7986 8124 8251 8317 8357 8453 8362 8246 8031 7925 7854 7758 7592 7437 7390 7346 7297 7238 7165 7082 7024 6961 6922 6860 6744 6642 6595 6563 6522 6454 6380 6253 6113 6060
6460 6375 6319 6272 6232 6213 6203 6198 6197 6185 6171 6166 6175 6185 6189 6174 6164 6148 6116 6149 6157 6182 6202 6212 6225 6229 6227 6249 6265 6274 6269 6257 6274 6234 6283 6304 6278 6271 6353 6492 6660 6743 6866 7016 7174 7326 7493 7669 7787 7902 7986 8115 8226 8272 8257 8172 8198 8194 8155 8107 8126 8001 7757 7557 7490 7447 7397 7337 7267 7192 7112 7047 6989 6930 6872 6757 6674 6641 6584 6501 6483 6422 6276 6175
6490 6412 6356 6314 6255 6224 6216 6212 6207 6200 6191 6186 6190 6194 6195 6188 6172 6145 6139 6160 6185 6197 6207 6220 6225 6233 6244 6256 6276 6289 6280 6243 6197 6201 6295 6334 6296 6254 6320 6488 6698 6813 6931 7067 7214 7362 7504 7657 7780 7858 7979 8098 8190 8210 8181 8133 8125 8157 8149 8194 8297 8197 7904 7670 7596 7567 7516 7457 7388 7314 7208 7141 7081 7004 6923 6863 6799 6791 6712 6564 6542 6522 6482 6406
6497 6423 6383 6338 6277 6244 6235 6232 6233 6229 6216 6206 6206 6207 6208 6206 6203 6206 6197 6207 6215 6204 6209 6213 6218 6230 6235 6253 6278 6305 6299 6236 6202 6275 6380 6408 6351 6292 6352 6524 6759 6885 6997 7118 7252 7374 7501 7630 7731 7855 7981 8090 8162 8170 8140 8107 8112 8165 8157 8219 8317 8273 8021 7827 7754 7703 7642 7584 7523 7448 7379 7303 7207 7090 6960 6892 6852 6816 6754 6669 6622 6588 6579 6563
6508 6436 6416 6372 6296 6261 6251 6251 6260 6259 6242 6228 6228 6229 6229 6228 6227 6227 6217 6215 6217 6208 6207 6206 6207 6199 6207 6233 6262 6299 6319 6218 6197 6289 6370 6403 6409 6455 6495 6593 6744 6879 7043 7173 7296 7416 7515 7617 7764 7859 7983 8090 8149 8145 8087 8043 7988 7943 8003 8068 8204 8240 8049 7963 7919 7839 7774 7718 7678 7651 7619 7499 7363 7222 7070 6975 6901 6834 6772 6736 6708 6655 6597 6583
6535 6464 6458 6405 6307 6277 6270 6269 6277 6280 6266 6252 6257 6263 6259 6252 6243 6233 6226 6223 6223 6210 6203 6202 6195 6175 6182 6204 6224 6231 6199 6169 6177 6242 6299 6354 6433 6518 6563 6684 6834 6991 7110 7245 7369 7485 7589 7687 7810 7881 7994 8097 8159 8125 8054 7998 7911 7852 7847 7865 7975 7997 7995 7984 7970 7936 7885 7840 7813 7812 7803 7650 7513 7397 7284 7192 7109 7034 6943 6846 6829 6779 6673 6636
6573 6495 6504 6446 6335 6316 6302 6295 6289 6297 6292 6295 6293 6292 6290 6278 6258 6238 6239 6244 6234 6214 6196 6191 6203 6171 6170 6185 6195 6187 6157 6172 6206 6272 6321 6339 6444 6587 6688 6807 6961 7079 7202 7333 7466 7590 7707 7797 7833 7910 7994 8073 8114 8092 8029 7984 7919 7834 7804 7800 7818 7801 7848 7961 8045 7998 7957 7923 7893 7859 7808 7730 7643 7572 7538 7541 7448 7341 7180 7141 7059 6990 6940 6843
6636 6543 6533 6503 6433 6388 6358 6334 6318 6313 6309 6313 6327 6327 6324 6309 6297 6265 6264 6268 6254 6237 6204 6185 6174 6157 6166 6181 6192 6194 6194 6223 6259 6307 6330 6358 6473 6608 6799 6913 7037 7173 7297 7432 7572 7704 7834 7902 7888 7941 7990 8026 8049 8046 8013 7980 7922 7847 7819 7806 7787 7768 7774 7891 7986 8003 7991 7977 7964 7911 7810 7792 7752 7712 7697 7683 7610 7429 7365 7353 7268 7183 7150 7052
6687 6601 6565 6551 6520 6459 6414 6374 6340 6313 6321 6343 6377 6392 6361 6337 6315 6303 6292 6290 6293 6280 6256 6212 6158 6154 6174 6193 6208 6219 6225 6237 6285 6331 6355 6399 6550 6748 6904 6997 7091 7250 7392 7523 7664 7797 7935 7982 7941 7972 7998 8016 8029 8021 8013 7990 7941 7877 7859 7849 7810 7777 7778 7850 7950 7978 7998 8021 8042 8068 7958 7895 7849 7810 7777 7714 7672 7520 7435 7365 7316 7280 7231 7169
6729 6652 6623 6586 6551 6511 6460 6417 6378 6347 6360 6376 6395 6401 6372 6358 6346 6334 6316 6309 6299 6300 6291 6278 6281 6222 6213 6227 6245 6261 6274 6276 6323 6374 6426 6515 6661 6836 6994 7074 7153 7378 7508 7633 7766 7870 7945 8016 8033 7997 8015 8030 8036 8031 8038 8035 8021 7937 7912 7896 7838 7772 7758 7815 7873 7931 7978 8024 8073 8123 8106 8002 7942 7903 7873 7832 7828 7706 7580 7425 7358 7392 7374 7318
6785 6717 6675 6672 6625 6569 6514 6465 6427 6414 6432 6425 6378 6346 6358 6362 6362 6340 6314 6301 6294 6303 6314 6281 6266 6254 6251 6263 6287 6314 6342 6374 6397 6442 6513 6612 6748 6899 7056 7172 7284 7446 7610 7752 7873 7971 8012 8075 8094 8053 8041 8007 8033 8040 8056 8071 8050 8008 7958 7911 7849 7789 7767 7794 7835 7884 7937 7992 8050 8098 8076 8028 7985 7958 7929 7893 7877 7872 7837 7706 7624 7620 7611 7561
6880 6818 6772 6737 6687 6627 6567 6513 6475 6472 6483 6448 6368 6339 6354 6357 6345 6330 6321 6296 6279 6266 6258 6253 6245 6251 6274 6299 6331 6362 6394 6424 6464 6501 6554 6662 6802 6940 7154 7280 7399 7537 7716 7873 8009 8121 8183 8195 8180 8127 8093 8063 8060 8062 8073 8108 8174 8104 8002 7919 7849 7803 7774 7784 7812 7848 7885 7932 7989 8063 8033 8018 8009 8009 8021 7967 7901 7894 7945 7881 7889 7840 7845 7878
6979 6934 6860 6796 6745 6685 6621 6561 6514 6476 6463 6459 6446 6386 6372 6368 6356 6331 6296 6279 6279 6273 6270 6259 6256 6262 6301 6339 6375 6409 6446 6489 6541 6582 6626 6743 6920 7092 7231 7364 7510 7677 7835 7998 8155 8292 8355 8330 8280 8229 8182 8146 8112 8096 8081 8088 8160 8177 8059 7949 7857 7840 7787 7776 7789 7802 7819 7848 7885 7917 7972 7995 8011 8024 8037 8072 8026 7946 7926 7933 7952 7951 7958 7970
7059 7049 6961 6879 6813 6750 6686 6619 6549 6480 6457 6452 6437 6412 6392 6382 6371 6336 6307 6295 6282 6271 6259 6255 6278 6297 6337 6381 6427 6467 6505 6580 6644 6698 6761 6912 7066 7182 7290 7412 7570 7732 7914 8104 8286 8442 8499 8438 8361 8302 8257 8237 8155 8124 8082 8043 8083 8237 8204 8005 7872 7885 7817 7769 7740 7737 7759 7775 7794 7827 7898 7961 8006 8021 8024 8044 8069 8104 8007 7979 7996 8005 8003 7972
7131 7149 7071 6969 6889 6816 6751 6687 6595 6520 6480 6450 6428 6418 6406 6386 6357 6337 6304 6294 6275 6258 6250 6253 6262 6325 6388 6445 6491 6538 6587 6685 6772 6844 6924 7062 7186 7243 7310 7436 7626 7826 8006 8176 8366 8555 8586 8487 8390 8320 8260 8222 8167 8150 8100 8046 8028 8116 8213 8051 7890 7929 7820 7758 7731 7721 7719 7718 7733 7793 7901 7994 8028 8020 8013 8023 8041 8069 8115 8087 8067 8067 8060 8026
7152 7153 7122 7051 6954 6868 6793 6710 6627 6550 6493 6453 6434 6429 6420 6408 6395 6362 6330 6304 6270 6236 6270 6320 6356 6405 6469 6525 6578 6632 6695 6811 6913 7003 7103 7275 7245 7279 7411 7575 7741 7903 8053 8191 8347 8506 8531 8447 8370 8297 8229 8199 8180 8178 8146 8115 8078 8093 8245 8087 7901 7866 7793 7752 7737 7737 7705 7689 7693 7777 7968 8100 8059 8012 7988 8009 8032 8062 8108 8159 8155 8151 8158 8150
7141 7136 7130 7084 6990 6897 6810 6729 6631 6562 6495 6451 6446 6443 6436 6426 6407 6407 6390 6356 6334 6317 6368 6424 6458 6515 6575 6638 6689 6739 6812 6929 7047 7154 7261 7370 7370 7416 7587 7752 7838 7940 8044 8149 8235 8304 8348 8340 8308 8254 8207 8191 8202 8207 8203 8181 8163 8179 8194 8106 8015 7950 7818 7778 7761 7738 7714 7685 7681 7775 7962 8090 8054 7998 7982 8027 8057 8094 8116 8174 8194 8202 8258 8351
7117 7118 7097 7068 6996 6907 6810 6699 6621 6544 6482 6447 6436 6445 6463 6467 6461 6479 6483 6451 6457 6480 6519 6554 6594 6650 6709 6764 6816 6864 6895 7047 7183 7295 7403 7484 7488 7568 7703 7791 7880 7965 8037 8090 8108 8113 8181 8220 8229 8215 8218 8210 8212 8227 8258 8298 8263 8212 8206 8091 7946 7858 7856 7830 7812 7790 7757 7701 7662 7748 7902 8010 8027 7988 7990 8087 8197 8199 8158 8194 8203 8233 8292 8393
