real_craters/C205-500m.grd
DSAA
541 541
-134.96 134.96
-134.96 134.96
5235.3412999048 9238.1852132746
[rows 270 to 299 of 541, columns 201 to 267 of 541]
7764.65 7708.49 7607.39 7364.76 7237.88 7228.29 7239.84 7211.22 7118.41 7012.87 6925.04 6919.21 6905.04 6876.71 6808.3 6703.7 6569.41 6420.79 6303.97 6212.89 6130.57 6057.78 5991.26 5919.71 5863.35 5810.19 5762.93 5743.93 5729.94 5724.75 5734.46 5740.3 5761.92 5788.73 5811.97 5842.98 5865.57 5890.89 5915.01 5939.88 5964.07 5985.03 5990.13 5992.27 6010.05 6030.79 6039.57 6032.54 6028.46 6034.96 6046.72 6066.92 6107.78 6161.72 6219.17 6295.37 6374.86 6457.62 6540.91 6617.26 6695.56 6775.33 6862.69 6951.1 7038.56 7126.01 7243.73
7731.44 7673.95 7573.26 7346.25 7212.47 7208.61 7205.37 7169.15 7101.36 7026.46 6986.43 6951.2 6917.44 6885.39 6834.48 6713.16 6583.5 6480.84 6333.07 6218.95 6131.72 6057.19 5986.45 5931.09 5903.44 5892.04 5849.08 5798.21 5770.75 5759.63 5761.9 5775.29 5798.99 5815.76 5832.04 5850.96 5874.45 5898.48 5921.93 5944.48 5967.5 5992.06 5998.12 5994.57 6019.24 6046.99 6057.21 6039.33 6029.42 6046.5 6063.73 6081.67 6127.28 6183.79 6249.2 6318.18 6390.96 6462.02 6531.97 6605.41 6674.81 6746.92 6826.92 6909.67 7002.54 7118.1 7218.62
7678.63 7608.65 7519.57 7336.99 7233.16 7214.79 7199.42 7173.46 7094.91 7032.74 7032.41 6959.96 6911.73 6872.68 6818.98 6685.44 6536.96 6413.91 6300.2 6203.77 6125.78 6059.83 6004.74 5963.75 5928.84 5920.75 5880.6 5830.47 5798.18 5783.2 5783.78 5797.67 5813.63 5825.58 5846.34 5868 5888.22 5908.45 5927.83 5945.77 5963.51 5978.19 5981.3 5987.52 6009.25 6057.99 6086.12 6062.1 6053.27 6072.42 6095.93 6117.09 6160.52 6217.82 6277.14 6347.76 6414.83 6479.1 6542.11 6597.77 6654.67 6713.5 6778.35 6863.87 6952.98 7072.04 7186.12
7615.35 7517.63 7408.34 7344.95 7302.1 7243.09 7201.57 7156.92 7068.79 6987.24 6936.09 6917.98 6880.99 6824.51 6749.96 6604.55 6444.21 6306.09 6236.69 6174.01 6116.56 6062.97 6013.87 5960.06 5931.18 5902.21 5870.2 5836.36 5810.14 5793.21 5791.58 5805.47 5828.33 5847.91 5875.37 5896.07 5912.99 5922.82 5933.7 5943.64 5956.32 5969.43 5980.18 5979.69 5995.34 6040.99 6082.02 6085.29 6088.07 6107.87 6133.18 6153.82 6207.53 6305.79 6352.02 6397.64 6443.79 6489.31 6538.52 6584.23 6629.96 6682.27 6739.73 6816.12 6894.84 6995.54 7115.7
7568.42 7467.55 7417.31 7380.86 7320.93 7261.4 7193.44 7110.7 7048.92 6973.58 6933.16 6905.38 6852.94 6772.09 6649.64 6517.05 6370.07 6244.26 6194.4 6152.05 6109.45 6068.41 6033.76 6004.77 5945.32 5885.41 5858.47 5833.46 5808.62 5788.73 5779.91 5788.08 5824.74 5869.85 5891.78 5916.71 5924.92 5926.61 5931 5936.64 5945.72 5955.45 5964.92 5965 5984.1 6030.99 6072.43 6104.45 6123.1 6146.39 6171.72 6192.46 6246.81 6346.91 6432.78 6448.39 6464.52 6491.74 6531.16 6562.61 6601.11 6648.42 6708.49 6771.22 6836.36 6915.43 7010.03
7554.12 7468.39 7401.46 7359.58 7331.21 7289.59 7214.12 7122.22 7074.81 7054.59 6992.81 6924 6840.07 6743.59 6633.84 6500.98 6347.69 6234.77 6185.49 6145.37 6108.79 6074.57 6044.42 6017.14 5959.95 5906.2 5866 5833.93 5804.84 5780.56 5764.83 5766.55 5804.17 5877.03 5910.99 5927.08 5933.33 5929.36 5924.11 5926.65 5932.7 5938.27 5939.84 5958.5 5986.03 6038.4 6099.75 6125.71 6153.42 6184.18 6214.91 6235.99 6274.41 6345.18 6409.28 6450.98 6462.43 6474.74 6496.41 6525.1 6560.73 6603.68 6657.41 6713.2 6780.06 6838.19 6929.1
7561.32 7472.12 7394.08 7356.32 7393.99 7349.61 7260.79 7162.47 7095.55 7065.56 7005.61 6929.72 6830.73 6724.21 6613.42 6491 6358.98 6260.74 6202.8 6158.53 6117.76 6080.25 6041.16 5999.35 5954.62 5916.94 5873.74 5837.17 5803.34 5774.73 5752.62 5750.21 5798.58 5864.5 5909.83 5935.21 5944.54 5942.07 5918.68 5920.79 5927.75 5934.22 5942.06 5962.45 5996.57 6045.54 6094.26 6138.92 6176.24 6216.61 6254.38 6279.42 6307.1 6347.02 6407.27 6445.76 6433.61 6440.29 6455.19 6480.09 6510.98 6543.94 6578.42 6627.72 6696.58 6752.28 6850.48
7595.37 7525.67 7435.51 7389.72 7454.27 7417.15 7313.61 7195.17 7084.73 7006.06 6972.58 6912.35 6817.33 6706.43 6587.14 6470.84 6388.38 6302.1 6233.37 6179.78 6136.35 6090.26 6045.05 5997.48 5945.49 5907.68 5879.21 5843.8 5806.73 5772.24 5745.17 5739.94 5796.55 5875.93 5903.78 5936.5 5997.72 5971.28 5930.86 5925.32 5928.35 5935.78 5948.91 5968.93 6004.4 6053.06 6105.49 6154.5 6197.8 6244.48 6289.69 6303.58 6314.92 6322.49 6334.38 6346.7 6375.54 6395.59 6417.85 6442.05 6463.82 6486.77 6510.03 6544.28 6590.32 6676.5 6790.27
7638.72 7587.01 7513.94 7475.13 7506.56 7467.2 7362.65 7240.5 7094.39 6969.2 6943.7 6900.89 6806.19 6693.64 6574.24 6459.72 6391.2 6324.9 6263.61 6209.8 6159.45 6109.38 6058.92 6010.71 5966.82 5933.44 5896.91 5856.46 5814.44 5777.25 5746.32 5730.85 5764.37 5809.36 5865.8 5906.94 5955.69 5965.97 5946.3 5927.94 5926.75 5935.33 5951.72 5974.83 6008.59 6066.72 6124.34 6180.85 6227.05 6266.77 6298.3 6301.42 6290.32 6284.02 6269.71 6287.94 6324.93 6352.76 6377.96 6401.61 6418.58 6437.52 6455.26 6480.07 6527.4 6621.39 6704.88
7675.75 7639.13 7575.1 7544.99 7534.76 7492.39 7393.21 7284.57 7131.88 6961.48 6926.69 6886.52 6796.28 6690.79 6580.74 6472.33 6395.35 6342.28 6294.03 6242.07 6189.25 6141.09 6087.47 6039.24 6006.61 5972.84 5920.97 5872.62 5826.31 5784.2 5751.4 5733.97 5747.06 5778.15 5820.41 5850.6 5889.24 5929.71 5918.54 5913.57 5919.7 5932.05 5952.94 5980.12 6022.77 6089.63 6163.74 6226 6264.95 6292.01 6304.06 6301.2 6286.35 6273.69 6267.22 6279.71 6297.53 6317.25 6336.07 6354.6 6378.21 6401.12 6422.58 6450.5 6501.58 6576.06 6652.03
7688.38 7653.34 7590.01 7541.95 7524.3 7483.41 7389.45 7274.41 7133.56 6964 6909.78 6869.47 6786.14 6694.65 6600.89 6509.76 6422.37 6382.85 6335.62 6288.69 6234.12 6179.33 6123.79 6071.63 6035.39 5999.03 5940.5 5884.6 5833.79 5790.45 5759.05 5739.54 5745.11 5767.96 5794.54 5821.07 5872.29 5916.76 5912.14 5905.21 5909 5926.15 5948.04 5976.66 6035.19 6114.02 6194.68 6259.01 6308.59 6335.6 6331.78 6315.37 6293.08 6277.94 6271.53 6271.74 6279.07 6290.1 6302.45 6318.52 6344.08 6374.08 6405.99 6442.47 6486.32 6546.03 6616.95
7672.18 7633.67 7573.57 7512.66 7501.74 7472.65 7369.89 7215.54 7046.28 6932.27 6875.75 6842.4 6766.67 6697.28 6632.07 6563.14 6501.21 6442.66 6383.24 6329.28 6275.75 6222.41 6167.85 6110.99 6063.27 6011.75 5953.11 5894.49 5842.3 5796.17 5760.56 5744.67 5743.79 5754.85 5797.11 5825.35 5880.88 5918.21 5890.7 5878.03 5895.93 5922.87 5952.74 5990.63 6062.32 6141.82 6213.47 6281.6 6349.48 6391.48 6364.24 6335.39 6305.4 6287.52 6279.68 6272.16 6269.71 6273 6278.17 6288.4 6316.93 6353.14 6392.93 6437.05 6481.82 6535.28 6605.12
7631.77 7592.17 7548.46 7492.97 7501.26 7518.05 7352.69 7161.92 6970.83 6883.48 6832.43 6772.35 6732.83 6702.21 6666.89 6634.2 6579.27 6495.64 6423.58 6365.03 6312.85 6263.8 6213.39 6157.97 6083.69 6023.02 5961.84 5902.4 5848.26 5797.75 5753.77 5719.74 5704.01 5732.72 5800.12 5849.22 5869.12 5881.19 5857.71 5852.18 5881.42 5922.81 5969.74 6021.21 6113.79 6174.99 6237.9 6298.68 6375.26 6414.44 6381.47 6351.16 6324.23 6303.42 6289.84 6275.88 6266.47 6264.34 6264.9 6272.12 6298.83 6337.63 6380.39 6424.67 6475.67 6532.01 6609.97
7632.84 7589.18 7542.69 7484.08 7461.08 7445.09 7301.36 7130.62 6968.51 6877.79 6826.13 6765.85 6732.66 6718.02 6690.09 6669.24 6601.78 6507.05 6437 6382.49 6338.37 6299.04 6260.15 6214.45 6142.21 6037.03 5972 5911.95 5852.92 5795.9 5743.39 5698 5671.03 5677.94 5738.56 5782.62 5808.91 5818.4 5817.27 5827.22 5865.19 5920.94 5989.86 6066.03 6127.75 6188.8 6272.32 6357.49 6390.97 6398.11 6382.75 6361.02 6336.95 6315.01 6300.67 6281.75 6269.95 6264.64 6262.69 6266.73 6290.36 6328.26 6370.11 6418.53 6475.56 6536.78 6602.97
7663.15 7626.42 7574.5 7508.49 7441 7352.79 7259.04 7117.84 6983.64 6905.56 6868.94 6837.75 6803.49 6751.61 6686.2 6625.16 6534.22 6472.75 6422.84 6385.28 6356.08 6330.9 6303.59 6263.74 6150.26 6049.97 5990.92 5927.66 5864.64 5801.94 5740.49 5685.71 5645.05 5639.01 5672.31 5710.78 5745.92 5762.03 5777.4 5795.64 5843.48 5906.94 5984.93 6091.32 6095.68 6160.35 6276.6 6403.49 6383.49 6348.04 6369.11 6369.76 6356.45 6337.45 6319.76 6296.8 6281.93 6273.62 6270.55 6273.13 6292.03 6325.84 6361.7 6403.5 6480.7 6533.79 6590.41
7730.25 7696.1 7640.54 7580.28 7505.77 7422.63 7284.54 7119.67 6995.27 6940.32 6923.5 6930.66 6898.94 6781.18 6665.38 6540.5 6448.66 6422.56 6401.21 6381.12 6365.59 6352.88 6339.18 6313.52 6216 6097.61 6023.35 5954.23 5884.18 5815.11 5746.67 5683.67 5636.86 5627.18 5652.33 5681.85 5715.87 5740 5756.49 5773.62 5824.63 5882.71 5938.47 5983.49 6032.21 6111.38 6221.31 6295.39 6327.99 6340.98 6379.55 6384.09 6380.82 6370.8 6346.03 6316.09 6297.76 6286.64 6283.03 6284.3 6299.85 6331.57 6360.61 6398.8 6462.62 6517.41 6574.17
7829.29 7779.47 7719 7672.68 7619.36 7509.32 7326.92 7125.94 7001.98 6967.95 6951 6945.1 6901.22 6778.44 6651.54 6520.84 6414.01 6381.63 6376.51 6370.89 6368.82 6364.11 6360.87 6349.35 6261.37 6145.52 6064.18 5985.57 5908.02 5831.95 5759.33 5694.87 5645.25 5635.28 5654.18 5677.62 5707.01 5731.24 5752.73 5778.22 5816.71 5861.81 5906.63 5953.96 6002.97 6073.44 6168.35 6257.77 6298.47 6323.02 6382.32 6393.2 6389.6 6393.91 6354.79 6328.81 6304.92 6295.91 6299.51 6309.72 6326.33 6346.48 6363.96 6390.29 6443.82 6491.63 6548.87
7886.79 7837.82 7775.3 7734.06 7683.57 7526 7332.12 7142.58 7032.92 6996.94 6952.58 6910.36 6842.35 6753.64 6648.36 6531.12 6405.79 6367.28 6361.85 6361.67 6361.44 6362.21 6358.74 6350.15 6285.63 6193.29 6107.41 6021.45 5937.49 5856.79 5780.49 5712.28 5662.13 5647.2 5659.65 5678.75 5704.3 5731.7 5755.76 5781.76 5810.69 5844.53 5885.86 5930.58 5979.25 6049 6133.46 6198.24 6271.34 6360.57 6417.02 6380.97 6352.23 6329.7 6314.22 6303.04 6291.48 6294.17 6307.48 6335.98 6373.3 6358.29 6362.63 6390.87 6436.47 6474.96 6526.54
7890.25 7859.79 7796.97 7744.61 7661.41 7506.56 7323.88 7172.89 7064.79 6993.41 6940.39 6885.45 6814.78 6733.41 6643.95 6551.48 6424.97 6372.58 6359.46 6356.54 6354.7 6351.25 6340.95 6317.61 6282.7 6224.76 6142.21 6053.23 5965.34 5883.46 5803.87 5732.96 5677.51 5656.11 5665.07 5680.66 5709.48 5738.58 5760.22 5783.82 5803.95 5825.76 5862.17 5909.07 5968.96 6066.74 6118.03 6159.65 6229.26 6319.47 6344.02 6311.3 6282.61 6257.11 6252.7 6257.86 6265.7 6280.96 6294.71 6315.36 6330.58 6327.94 6335.95 6369.12 6437.23 6479.25 6515.89
7904.76 7846.55 7793.74 7727.94 7635.36 7476.64 7310.42 7199.28 7088.48 6984.42 6935.15 6878.65 6807.85 6723.33 6623.98 6523.15 6440.26 6388.1 6366.61 6357.66 6354.63 6345.58 6329.17 6298.65 6283.07 6264.05 6170.94 6079.97 5992.9 5908.89 5828.07 5755.62 5696.96 5667.18 5670.57 5683.95 5745.91 5761.25 5769.66 5782.81 5789.33 5798.74 5826.42 5902.36 6009.94 6096.09 6093.15 6111.93 6145.12 6182.8 6193.32 6206.57 6198.5 6185.95 6193.91 6219.55 6252.2 6263.82 6259.25 6257.32 6254.35 6262.19 6280.5 6323.26 6408.76 6478.07 6495.73
7899.39 7862.44 7781.55 7709.9 7614.14 7472.43 7308.97 7211.88 7121.93 7029.7 6959.2 6887.92 6816.8 6725.71 6626.39 6532.74 6460.32 6405.89 6381.25 6371.72 6364.06 6352.1 6331.64 6311.57 6281.72 6246.58 6176.93 6098.44 6018.21 5939.41 5861.53 5787.72 5723.81 5685.77 5688.61 5698.88 5778.56 5787.07 5793.03 5776.31 5765.82 5767.66 5787.77 5881.22 6009.39 6011.36 6031.14 6048.55 6061.32 6083.19 6103.89 6117.18 6119.67 6118.91 6136.1 6182.6 6236.63 6227.75 6204.71 6192.94 6183.83 6194.82 6215.82 6259.33 6346.78 6406.46 6438.38
7901.8 7834.99 7769.8 7691.2 7600.24 7462.72 7317.32 7243.79 7170.27 7091.62 6996.61 6899.17 6803.99 6726.11 6662.28 6576.3 6478.97 6417.66 6400.14 6391.07 6383.64 6372.13 6348.35 6306.48 6278.69 6229.51 6174.15 6113.65 6044.47 5971.8 5898.52 5824.13 5756.64 5707.2 5706.58 5710.69 5733.7 5766.45 5780.75 5754.74 5743.5 5741 5757.79 5826.53 5891.5 5933.63 5973.33 5994.25 6000.45 6012.95 6032.34 6044.85 6052.15 6057.21 6074.51 6114.29 6142.24 6132.74 6131.18 6128.59 6132.01 6139.94 6156.38 6203.36 6275.16 6325.97 6366.03
7919.9 7838.4 7765.05 7675.93 7565.42 7451.32 7367 7307.37 7231.8 7139.43 7032.65 6916.46 6800.99 6726.83 6697.98 6616.84 6515.62 6449.71 6429.18 6419.84 6412.67 6403.93 6389.78 6360.06 6301.62 6239.29 6189.87 6141.69 6083.19 6015.76 5945.33 5875.25 5805.16 5748.71 5729.86 5725.57 5730.1 5734.26 5720.84 5721.86 5722.47 5721.87 5739.43 5786.72 5837.62 5897.91 5942.39 5954.09 5954.21 5960.52 5972.18 5986.06 5995.67 6002.35 6012.73 6029.3 6030.43 6042.21 6053.68 6063.94 6074.41 6089.3 6110.24 6160.37 6204.56 6255.66 6301.06
7953.17 7854.98 7774.78 7686.44 7590.97 7510.17 7463.14 7398.03 7307.89 7203.6 7082.02 6947.9 6815.18 6726.14 6692.25 6627.18 6549.54 6494.3 6465.26 6453.75 6449.36 6442.52 6425.92 6390.68 6340.94 6283.9 6231.38 6182.5 6127.44 6066.79 6000.51 5935.46 5874.76 5833.97 5801.49 5766.2 5764.9 5753.77 5717.3 5711.08 5704.93 5705.79 5727.24 5769.05 5817.71 5899.04 5939.42 5917.46 5902.1 5910.29 5925.04 5940.7 5952.03 5957.08 5957.1 5956.11 5951.22 5963.08 5983.69 6002.24 6021.22 6045.38 6072.47 6107.38 6133.24 6187.53 6243.77
7986.98 7872.09 7792.78 7713.31 7635.94 7577.01 7576.41 7502.12 7386.61 7264.85 7130 6988.4 6853.6 6747.68 6681.11 6625.64 6569.98 6522.17 6499.38 6489.81 6486.08 6484.28 6475.8 6439.81 6389.24 6335.97 6283.08 6232.61 6177.61 6116.11 6057.6 6000.31 5947.18 5895.61 5888.44 5875.61 5882.72 5842.15 5798.95 5745.16 5702.02 5690.57 5710.39 5758.6 5828.87 5913.63 5916.22 5863.95 5841.94 5863.89 5885.66 5904.65 5917.76 5919.28 5912.62 5899.5 5888.56 5902.66 5923.09 5943.65 5966.01 5996.9 6040.97 6050.45 6073.36 6129.08 6190.67
7981.38 7879.34 7811.2 7747.66 7686.46 7640.31 7630.48 7562.39 7457.58 7322.32 7175.73 7042.3 6903.11 6772.33 6693.49 6641.1 6594.82 6553.25 6532.75 6524.22 6522.63 6523.18 6517.54 6482.54 6437.43 6394.54 6349.56 6288.91 6228.93 6172.96 6120.04 6073.74 6037.89 6010.61 6020.37 6043.79 6006.46 5919.3 5846.79 5767.04 5706.23 5683.79 5696.24 5732.36 5785.46 5819.61 5797.21 5792.22 5795.79 5827.45 5859.68 5882.65 5897.74 5887.43 5869.42 5852.44 5838.4 5853.87 5872.29 5888.79 5905.07 5922.31 5947.44 5981.73 6012.79 6064.15 6134.66
7969.07 7887.16 7839.18 7790.62 7747.03 7707.01 7700.43 7647.21 7532.24 7395.73 7260.02 7115.8 6978.14 6846.19 6735.74 6676.72 6630.04 6590.04 6566 6557.76 6556.44 6556.67 6551.1 6518.79 6478.25 6444.1 6402.53 6338.57 6277.23 6223.57 6176.8 6139.36 6129.01 6157.15 6169.5 6142.91 6084.82 5983.68 5872.56 5780.42 5715.47 5684.51 5682.65 5689.4 5693.87 5684.65 5704.05 5729.96 5751.21 5790.65 5856.8 5922.39 5886.33 5857.58 5831.96 5813.94 5803.1 5812.93 5829.06 5840.5 5847.62 5851.37 5874.23 5912.82 5947.38 6003.45 6077.68
7936.79 7911.26 7875.21 7842.09 7809.59 7791.16 7756.7 7722.2 7591.48 7458.56 7308.22 7195.69 7065.94 6939.88 6812.2 6728.68 6672.12 6622.23 6596.01 6590.12 6589.59 6589.15 6577.46 6550.36 6514.27 6473.75 6427.88 6376.81 6322.36 6268.75 6222.13 6184.67 6168.67 6171.53 6164.78 6162.87 6149.58 6043.39 5934.64 5833.1 5728.56 5676.12 5661.62 5651.08 5641.18 5637.13 5664.08 5690.78 5713.46 5747.8 5811.06 5862.38 5839.74 5817.53 5798.57 5784.81 5776.59 5781.71 5795.29 5798.77 5801.69 5805.94 5824.15 5857.19 5894.37 5953.68 6024.87
7969.96 7953.99 7932.23 7902.8 7868.57 7822.57 7749.76 7697.73 7609.13 7514.05 7420.22 7286.16 7144.49 7014.35 6866.58 6785.6 6722.35 6659.61 6627.78 6621.16 6620.73 6619.34 6613.45 6581.65 6547.29 6508.39 6463.77 6417.06 6366.17 6311.27 6259.05 6214.08 6172.24 6142.45 6120.19 6107.35 6103.39 6042.9 5982.61 5879.75 5740.71 5653.53 5633.26 5622.06 5617.23 5620.46 5638.87 5665.98 5683.36 5702.95 5735.09 5740.93 5765.78 5768.86 5761.7 5754.35 5753.89 5770.87 5765.91 5758.31 5762.29 5771.4 5789.73 5810.46 5843.14 5895.07 5960.63
8015.39 8007.14 7991.32 7966.56 7928.27 7865.71 7756.69 7671.35 7611.76 7548.28 7484.38 7347.55 7199.61 7065.19 6933.59 6848.57 6783.68 6713.85 6671.7 6657.95 6650.59 6643.52 6629.09 6610.98 6584.08 6550.05 6510.23 6460.73 6408.04 6354.09 6292.13 6232.97 6175.19 6130.45 6101.37 6079.57 6091.35 6094.24 6015.59 5906.88 5759.81 5642.79 5618.2 5612.42 5610.82 5611.76 5623.4 5641.84 5655.41 5668.76 5687.51 5703.67 5719.72 5726.34 5723.05 5716.7 5713.29 5709.39 5701.62 5706.88 5717.32 5736.29 5753.04 5768.13 5793.21 5831.91 5872.93
