real_craters/C206-1000m.grd
DSAA
158 158
-78.73 78.73
-78.73 78.73
2415.7915823514 6309.3215183915
[rows 0 to 29 of 158, columns 67 to 133 of 158]
5033.29 5102.76 5169.57 5137.6 5145.88 5076.92 5027.74 4999.71 4987.24 4964.95 4933.52 4953.91 5009.32 5005.76 5052.8 5070.14 5020.74 4957.89 4901.76 4840.13 4831.08 4826.12 4824.16 4821.41 4811.14 4806.99 4821.58 4834.15 4845.08 4863.86 4888.56 4912.61 4932.82 4968.61 5010.97 4966.81 4896.65 4839.38 4820.33 4792.05 4769.47 4755.3 4749.44 4737.23 4740.93 4743.83 4748.36 4752.65 4756.76 4760.97 4764.56 4760.05 4757.01 4758.15 4763.88 4768.47 4765.2 4762.23 4760.69 4761.64 4773.43 4808.17 4882.76 5030.15 5188.89 5235.22 4873.66
4987.63 5009.69 5041.64 5037.89 5037.65 5015.07 4998.39 4977.14 4975.53 4975.12 4974.27 4983.96 5001.03 5006.87 5046.43 5028.17 4991.92 4942.65 4887.42 4840.75 4825.29 4814.36 4821.2 4822.76 4824.82 4817.56 4825.18 4841.39 4835.99 4854.48 4874.67 4904.92 4905.28 4890.93 4902.47 4888.42 4857.66 4816.7 4799.78 4777.88 4760.16 4743.38 4739.51 4738.19 4743.94 4749.23 4754.45 4757.51 4759.67 4761.16 4760.26 4759.54 4761.06 4767.02 4786.56 4796.52 4767.6 4757.35 4757.98 4765.41 4788.21 4831.82 4896.56 4991.41 5077.29 4979.56 4867.6
4956.93 4966.63 4996.65 5025.28 5038.64 5000.72 4987.52 4977.52 4968.07 4984.65 5030 5045.66 5018.49 5036.28 5066.2 5075.52 5030.36 4955.88 4885.45 4852.76 4826.93 4821.19 4827.57 4836.14 4834.56 4832.55 4825.17 4819.41 4816.81 4843.08 4883.63 4933.73 4964.03 4923.18 4879.7 4869.36 4850.48 4814.81 4791.39 4773.85 4754.18 4737.43 4733.6 4741.92 4748.36 4755.64 4759.18 4760.23 4761.26 4760.32 4759.33 4760.29 4760.2 4758.48 4749.27 4721.3 4744.64 4757.29 4761.25 4770.36 4788.01 4821.13 4870.63 4916.75 4912.79 4863.37 4839.55
4936.51 4945.34 4973.72 5002.99 5021.89 4994.76 4986.08 4982.03 4964.39 4984.59 5065.26 5104.39 5118.74 5176.64 5119.43 5158.11 5109.06 4987.26 4922.41 4868 4833.63 4825.66 4835.06 4835.77 4830.07 4835.33 4827.8 4819.62 4814.66 4846.07 4905.22 4989.64 5102.23 5233.59 4924.27 4881.7 4846 4815.92 4786.5 4762.75 4753.68 4745.63 4743.67 4751.48 4760.17 4764.87 4766.11 4764.92 4763.41 4761.16 4758.44 4760.26 4759.94 4757.33 4745.4 4793.66 4759.71 4765.66 4767.58 4768.32 4776.04 4785.15 4824.94 4845.66 4824.99 4803.77 4817.6
4917.69 4928.69 4943.88 4969.16 4981.53 4975.97 4977.95 4974.87 4956.93 4973.58 5056.94 5122.88 5164.79 5134.13 5083.65 5082.38 5050.03 4963.21 4898.4 4874.07 4841.05 4831.89 4842.45 4840.83 4826.98 4828.71 4830.7 4818.98 4797.25 4843.26 4928.47 5012.53 5094.6 5132.4 4947.12 4892.57 4850.34 4821.87 4791.65 4761.46 4761.65 4759.03 4760.24 4769.56 4780.83 4775.81 4773.37 4770.81 4768.41 4763.52 4757.14 4752.22 4763.7 4770.24 4778.6 4780.19 4785.72 4782.71 4780.87 4767.51 4771.26 4772.68 4789.57 4807.74 4798.21 4798.61 4796.81
4900.49 4897.21 4913.08 4938.17 4963.17 4947.88 4970.29 4979.3 4956.29 4950.43 5040.21 5099.58 5117.33 5072.89 5022.48 5017.22 4990.26 4929.83 4883.14 4866.68 4851.45 4832.99 4849.58 4852.44 4840.08 4834.9 4819.47 4809.33 4803.41 4841.62 4893.23 4942.95 4991.4 4980.08 4920.28 4842.82 4837.3 4831.37 4806.3 4783.47 4780.59 4783.46 4783.94 4785.5 4788.27 4783.02 4780.25 4778.6 4775.81 4771.64 4765.42 4757.45 4773.7 4781.28 4789.48 4800.72 4796.91 4793.92 4795.06 4804.77 4797.61 4796.1 4798.08 4782.92 4782.33 4791.65 4792.95
4891.89 4887.75 4893.12 4919.29 4947.76 4931.31 4958.71 4986.45 4992.85 4969.56 5056.71 5085.32 5099.89 5062.64 5032.87 5018.37 4980.49 4924.92 4883.53 4866.84 4848.06 4845.08 4846.5 4852.86 4848.37 4844.17 4841.41 4825.51 4813.03 4840.46 4866.27 4893.71 4931.11 4909.39 4863.57 4827.53 4832.74 4820.57 4813.7 4798.07 4788.79 4796.33 4804.45 4794.8 4786.83 4789.79 4791 4788.99 4785.2 4781.82 4779.75 4783.8 4789.53 4790.79 4789.48 4789.2 4790 4792.95 4797.52 4797.33 4809.51 4814.51 4795.91 4781.79 4781.05 4787.67 4792.12
4886.01 4885.11 4889.91 4896.35 4948.18 4951.64 4962.06 5013.99 5084.44 5182.79 5069.7 5087.13 5095.77 5075.79 5048.13 5033.1 4979.35 4903.64 4872.54 4850.88 4838.84 4839.62 4840.06 4849.21 4857.36 4874.17 4861.97 4848.13 4837.92 4843.49 4857.07 4878.09 4946.05 4994.05 4898.68 4852.41 4839.73 4831.63 4808.71 4793.97 4786.06 4787.67 4795.13 4801.03 4803.47 4808.4 4807.56 4804.31 4800.68 4797.76 4797.7 4803.94 4801.85 4798.55 4788.8 4785.74 4783.37 4787.95 4794.68 4801.8 4810.27 4816.24 4820.11 4777.67 4793.25 4781.06 4788.63
4884.44 4889.55 4904.45 4920.16 4980.1 4974.05 4979.21 5041.19 5137.64 5224.39 5137.15 5106.07 5109 5077.08 5033.1 5016.21 4981.51 4943.45 4891.81 4856.03 4847.34 4847.25 4865.46 4870.83 4870.5 4872.53 4872.01 4854.68 4849.07 4842.86 4850.87 4880.55 4980.61 5077.55 5029.88 4900.43 4843.61 4819.18 4793.26 4786.17 4785.88 4795.02 4807.25 4808.6 4825.96 4828.05 4822.33 4816.63 4812.13 4810.34 4810.47 4810.79 4808.86 4790.69 4775.29 4759.21 4754.73 4772.91 4790.04 4799.26 4806.95 4804.25 4793.19 4775.4 4781.3 4783.72 4796.99
4885.96 4885.99 4899.86 4925.12 4970.85 4966.54 4970.24 5042.31 5132 5192.26 5142.58 5093.24 5073.76 5056.52 5020.84 4995.83 4991.9 4969.89 4933.54 4888.84 4878.58 4877.64 4896.89 4892.83 4889.63 4892.03 4885.49 4862.05 4850.02 4847.12 4854.79 4879.11 4974.95 5087.92 4931.81 4900.97 4842.12 4806.65 4791.32 4784.86 4798.33 4806.16 4817.48 4822.76 4832.37 4833.78 4828.45 4823.84 4819.39 4815.88 4815.06 4820.85 4806.43 4784.65 4765.49 4748.57 4745.17 4767.19 4791.22 4803.95 4802.15 4796.04 4785.32 4778.99 4773.61 4777.94 4799.23
4895.19 4891.33 4894 4916.73 4957.13 4970.67 4976.35 5024.79 5089.87 5148.1 5124.09 5068.89 5046 5056.13 5005.77 4995.03 5005.42 5007.71 4957.47 4895.99 4884.1 4886.55 4910.93 4931.84 4918.03 4888.15 4881.34 4862.1 4846.59 4847.8 4855.06 4875.45 4933.38 4970.23 4890.78 4851.09 4823.37 4797.28 4781.22 4793.45 4825.39 4859.57 4832.43 4854.81 4852.28 4840.17 4828.34 4820.99 4816.87 4812.64 4808.75 4802.15 4791.12 4781.8 4765.88 4749.88 4749.27 4767.9 4792.25 4804.86 4804.35 4796.85 4781.95 4782.93 4796.45 4795.27 4811.82
4896.52 4903.26 4922.08 4901.05 4952.55 4970.03 4971.81 4995.91 5040.65 5089.53 5094.13 5085.5 5080.23 5036 5000.39 4980.99 4991.19 4988.65 4949.61 4912.14 4912.11 4902.48 4920.38 4931 4924.6 4887.11 4870.96 4852.97 4845.77 4846.54 4852.21 4858.69 4885.29 4914.25 4857.31 4837.59 4822.43 4806.91 4806.84 4816.79 4830.67 4697.74 4750.37 4872.12 4853.15 4828.62 4821.9 4815.83 4811.93 4809.77 4805.89 4802.32 4800.53 4790.74 4778.49 4759.19 4738.54 4776.37 4804.26 4812.05 4809.62 4804.52 4800.42 4802.42 4813.22 4816.23 4810.49
4893.04 4897.28 4909.29 4916.39 4940.86 4955.57 4944.21 4959.6 4991.59 5017.41 5059.64 5088.53 5092.62 5056.21 5012.94 4983.28 4976.53 4970.52 4934.69 4915.87 4892.57 4901.12 4932.04 4941.47 4916.8 4906.31 4908.57 4894.07 4865.5 4854.4 4856.88 4853.72 4855.03 4860.62 4883.65 4846.55 4837.51 4829.18 4836.98 4840.83 4851.84 4894.42 4878.65 4865.2 4845.37 4818.45 4808.76 4804.29 4805.13 4808.16 4809.43 4810.26 4814.93 4818.96 4815.59 4803.72 4795.13 4814.59 4834.05 4820.04 4811.35 4808.5 4811.6 4812.58 4809.66 4808.53 4799.13
4890.8 4884.57 4898.97 4924.68 4951.89 4961.34 4928.04 4928.84 4952.51 4981.35 5005.75 5039.91 5065.79 5069.38 5050.96 5054 5041.28 4998.57 4965.2 4940.24 4930.44 4927.89 4957.93 4935.44 4955.76 4938.82 4951.66 4947.53 4909.93 4886.96 4871.27 4864.13 4851.98 4832.98 4856.86 4870.06 4858.7 4853.76 4852.86 4861.84 4857.24 4864.68 4867.07 4858.11 4827.89 4810.34 4797.89 4798.5 4803.57 4812.47 4823.76 4840.17 4862.98 4868.92 4855.42 4853.59 4881.88 4843.5 4811.42 4806.3 4801.41 4802.62 4806.58 4796.32 4797.31 4795.15 4796.94
4886.53 4885.36 4893.02 4926.31 4970.05 4979.71 4926.58 4910.04 4926.99 4954.86 4986.08 5034.41 5064.92 5085.49 5099.04 5084 5062.96 5018.61 4987.39 4969.75 4945.51 4927.64 4935.77 4916.45 4934.06 4932.2 4938.22 4938.08 4922.42 4896.51 4879.63 4862.59 4842.87 4816.29 4817.18 4849.9 4868.96 4880.1 4875.99 4881.36 4876.13 4864.64 4846.87 4822.94 4807.04 4781.26 4780.89 4788.26 4801.61 4818.47 4839.21 4869.36 4914.24 4901.24 4876.32 4860.73 4843.11 4817.04 4786.87 4786.56 4790.95 4800.51 4805.23 4806.87 4795.23 4797.11 4808.33
4882.16 4886.88 4879.82 4917.64 4971.47 4986.84 4941.1 4916 4911.77 4930.2 4981.79 5023 5054.64 5080.5 5084.22 5050.72 5011.15 4993.87 4970.39 4969.63 4949.68 4907.32 4891.99 4884.21 4900.28 4893.65 4909.05 4929.25 4927.87 4911.44 4882.17 4858.97 4841.94 4817.81 4812.19 4850.4 4873.77 4884.51 4875.26 4886.66 4873.48 4854.16 4835.72 4821.69 4797.76 4780.45 4773.44 4781.41 4801.01 4823.57 4844.58 4866.55 4889.86 4891.89 4871.58 4846.31 4815.09 4781.97 4770.49 4779.4 4794.36 4805.12 4811.55 4801.3 4801.06 4792.9 4765.35
4879.65 4871.4 4869.75 4906.05 4960.25 4990.16 4981.97 4960.91 4911.86 4896.27 4947.97 5000.16 5016.58 5033.71 5026.17 5023.47 5014.02 4984.41 4959.49 4948.52 4900.96 4881.28 4854.83 4856.94 4874.04 4886.9 4886.3 4909.1 4916.03 4893.99 4877.07 4853.89 4827.32 4828.74 4838.57 4871.81 4878.54 4880.19 4872.28 4884.81 4881.61 4841.17 4839.23 4817.67 4787.73 4760.07 4760.7 4786.79 4816.38 4838.24 4854.2 4863.07 4867.76 4868.2 4852.92 4824.86 4793.11 4765.43 4761.68 4795.54 4823.65 4851.64 4855.26 4822.01 4816.34 4793.18 4757.5
4892.27 4857.74 4868.12 4917.23 4966.85 4977.31 5061.44 5104.3 4988.94 4921.19 4932.86 4955.09 4974.22 5012.88 5035.19 5023.37 5025.46 4977.8 4960.78 4958.29 4947.74 4913.83 4894.51 4875.43 4856.19 4858.02 4849.58 4884.11 4901.46 4895.43 4877.65 4856.04 4845.84 4845.12 4866.07 4889.02 4883.92 4869.69 4869.79 4877.03 4869.8 4845.58 4835.93 4818.72 4786.72 4752.5 4753.76 4805.12 4843.75 4860.18 4862.11 4863.38 4860.02 4860.74 4841.55 4810.75 4785.23 4784.17 4783.13 4810.95 4857.36 4911.4 4951.43 4935.3 4836.08 4812.73 4776.98
4956.59 4922.85 4941.41 5033.14 5031.17 5003.57 5155.06 5274.23 5229.36 5133.57 5012.52 4921.74 4923.3 4990.92 5031.03 5008.18 5006.44 4975.91 4966.67 4964.17 4996.7 5070.49 5186.34 5039.92 4960.97 4898.24 4844.04 4865.86 4881.18 4893.71 4879.7 4860.52 4857.71 4868.38 4857.66 4888.87 4891.6 4889.21 4877.96 4861.92 4854.36 4853.76 4850.57 4835.94 4829.02 4819.06 4810.34 4871.98 4893.21 4893.79 4887.95 4874.34 4863.89 4853.57 4830.49 4803.58 4769.89 4741.72 4757.68 4807.02 4865.53 4940.36 5025.44 5068.44 4963.19 4878.86 4821.46
5077.12 5083.4 5078.9 5178.82 5143.66 5129.63 5235.57 5333.15 5507.81 5402.02 5185.16 4922.17 4922.2 5015.85 5014.3 4976.52 4987.37 4945.97 4954.44 4994.15 5170.08 5191.27 5178.66 5206.83 5226.55 5169.64 4968.43 4883.76 4856.84 4871.18 4870.36 4853.92 4841.76 4870.53 4861.9 4878.76 4904.92 4899.14 4881.57 4853.65 4850.43 4869.07 4883.53 4929.05 4991 5012.08 5045.75 4993.82 4962.17 4937.36 4916.58 4888.1 4850.93 4816.79 4841.88 4838.43 4794.36 4706.32 4724.47 4777.63 4848.53 4928.12 4994.66 5008.57 5002.24 4922.17 4845.79
5212.18 5231.62 5227.43 5290.39 5256.92 5294.62 5396.28 5432.21 5504.54 5508.48 5369.33 5140.97 5070.74 5019.2 4968.63 4961.52 4978.79 5057.25 5115.22 5152.37 5167.74 5128.46 5110.81 5106.72 5148.17 5231.14 5180.62 4954.1 4842.92 4857.53 4870.4 4859.76 4854.4 4863.8 4859.91 4907.73 4915.97 4911.57 4882.69 4859.9 4861.35 4898.75 4939.59 5027.14 5133.2 5148.72 5142.89 5082.97 5021.98 4986.11 4962.08 4934.74 4896.83 4860.36 4916.75 4939.22 4906.84 4759.89 4719.56 4763.56 4838.63 4907.42 4959.65 4955.1 4941.94 4910.94 4850.72
5300.34 5351.81 5357.09 5284.37 5343.73 5525.78 5630.12 5709.73 5700.01 5599.21 5619.72 5383.2 5161.53 5044.17 5044.45 5039.36 5097.75 5265.96 5321.77 5249.62 5133.94 5076.67 5052.18 5028.78 5064.62 5126.45 5172.87 5014.78 4843.72 4857.83 4883.2 4889.94 4881.06 4888.23 4872.82 4883.54 4909.75 4915.34 4885.24 4859.55 4881.89 4905.36 4960.28 5039.47 5156.96 5153.84 5158.87 5095.62 5049.83 5027.16 5016.14 5018.73 5028.63 5040.78 5072.51 5071.99 5073.11 4946.71 4764.93 4785.44 4847.76 4908.57 4967.45 4936.45 4914.31 4873.77 4804.47
5374.53 5338.79 5395.31 5338.44 5395.01 5486.82 5517.15 5509.19 5449.61 5573.1 5670.58 5529.1 5430.14 5334.23 5309.03 5284.59 5237.19 5249.57 5186.49 5123.48 5064.35 5027.97 4995.09 4979.22 5005.68 5049.29 5162.23 5054.41 4878.71 4886.12 4914.98 4913.62 4894.04 4881.12 4889.5 4912.64 4923.32 4921.13 4908.95 4881.25 4895.38 4924.5 4983.21 5052.45 5070.83 5078.41 5056.5 5050.09 5045.67 5050.02 5066.47 5103.03 5166.67 5264.88 5231.13 5156.98 5095.77 4951.53 4819.42 4822.36 4850.09 4894 4932.36 4943.08 4980.42 4804.47 4739.11
5547.87 5454.86 5430.73 5434.14 5384.21 5351.86 5375.27 5403.17 5382.05 5425.05 5455.18 5305.21 5289.6 5351.35 5353.99 5258.63 5225.6 5185.48 5123.6 5046.82 4996.79 5031.67 5020.15 4976.22 4973.86 5024.56 5105.48 5051.38 4916.15 4925.28 4934.39 4911.88 4899.35 4893.55 4909.17 4922.88 4936.5 4949.92 4962.67 4967.52 4929.59 4939.25 4984.39 5041.27 5031.17 5018.77 4988.93 4999.82 5031.55 5060.12 5092.45 5136.34 5204.89 5305.5 5246.04 5154.67 5061.47 4968.83 4907.65 4869.03 4860.14 4869.13 4880.59 4919.8 4896.22 4764.15 4642.97
5629.05 5737.84 5530.37 5424.15 5301.69 5264.29 5297.9 5304.35 5261.89 5209.87 5155.57 5150.61 5219.87 5311.81 5292.49 5258.56 5200.72 5188.82 5092.36 5000.64 4937.12 4951.83 4951.09 4937.35 4945.71 4957.66 5031.58 5020.75 4960.67 4971.35 4948.4 4912.84 4902.12 4907.46 4918.23 4932.74 4949.29 4965.94 4995.97 5005.8 4961.61 4962.35 4980.15 4994.87 4995.4 4982.45 4957.26 4980.21 5022.35 5057.59 5087.93 5118.3 5142.86 5139.42 5114.06 5096.24 5072.66 5016.46 4946.94 4887.93 4853.01 4848.34 4856.19 4863.35 4860.75 4741.64 4591.04
5562.36 5632.68 5588.9 5463.88 5286.63 5248.98 5313.61 5229.39 5173.18 5094.24 5033.66 5097.62 5189.27 5217.97 5190.59 5142.38 5116.21 5075.11 5012 4968.98 4926.42 4944.81 4956.45 4905.69 4901.91 4909.1 4966.9 4983.26 4966.32 5002.7 4942.07 4927.72 4934.64 4925.84 4919.98 4938.12 4945.33 4960.55 4985.5 5008.28 5003.1 4990.82 4991.76 4984.5 4968.38 4956.33 4971.82 4986.7 5016.43 5044.01 5067.44 5082.88 5083.34 5063.54 5044.66 5044.21 5040.88 4985.29 4923.53 4886.64 4855.27 4819.38 4782.07 4744.05 4763.72 4707.36 4656.36
5395.66 5578.3 5575.27 5528.49 5454.67 5289.12 5174.52 5134.65 5151.33 5101.29 5020.38 5015.7 5045.07 5116.68 5095.89 5064.89 5046.44 5023.79 5004.25 5007.91 4993 5060.24 5053.38 5025.28 4931.5 4934.83 4980.92 4969.99 4936.35 5166.46 5011.63 4971.3 4962.9 4948.25 4950.31 4949.32 4948.22 4949.26 4945.66 4932.01 4936.38 4961.65 4981.18 5007.71 4983.84 4963.88 4993.64 5001.08 4997.64 5013.14 5033.32 5050.52 5057.84 5061.23 5061.79 5058.17 4940.67 4975.74 4904.38 4907.52 4865.8 4791.18 4713.8 4676.77 4711.65 4703.24 4746.44
5353.15 5431.38 5465.19 5460.99 5455.05 5298.98 5091.81 5110.18 5081.18 5110.88 5085.6 5090.9 5042.72 5021.82 5051.68 5071.6 5096.89 5109.57 5119.4 5078.55 5058.37 5021.7 5066.48 5025.55 5046 5065.79 5088.34 5068.92 4904.63 5339.63 5108.01 4988.64 4988.81 4989.95 4990.9 4976.29 4961.02 4966.43 4947.71 4948.88 4932.75 4929.95 4946.44 4985.86 5020.51 5052.15 5020.23 4976.06 4976.76 4989.62 5012.37 5045.48 5065.87 5087.53 5107.73 5207.18 5288.4 5147.51 5088.02 4997.74 4931.26 4855.38 4761.88 4712.37 4754.9 4790.88 4834.77
5379.53 5411.4 5325.97 5294.43 5336.26 5265.76 5159.17 5123.95 5129.33 5161.52 5175.48 5161.35 5326.04 5099.35 5133.1 5207.23 5257.67 5219.38 5199.2 5143.39 5108.2 5144.74 5163.27 5119.42 5146.95 5172.15 5198.22 5247.99 4967.42 5086.85 5220.66 5082.88 5059.53 5038.46 5014.21 5021.66 5025.52 5051.94 5019.78 4984.51 4958.03 4954.56 4958.69 4990.16 5043.85 5099.28 5019.35 4961.42 4954.63 4975.17 5005.54 5041.2 5082.04 5133.06 5184.94 5305.37 5347.61 5247.06 5150.16 5046.92 4997.18 4986.59 4902.06 4829.38 4863.05 4947.31 4998.83
5087.24 5133.29 5150.1 5129.66 5140.51 5244.57 5270.62 5296.4 5350.22 5296.32 5262.6 5245.53 5295.78 5264.49 5207.2 5167.96 5106.67 5112.98 5164.97 5204.8 5198.93 5165.62 5136.59 5123.46 5173.2 5181.17 5193.71 5162.74 5033.35 5001.84 5316.01 5300.07 5144.6 5096.68 5085.99 4983.16 5097.96 5175.97 5191.86 5131.67 5053.17 5018.22 4993.41 5016.73 5036.18 5007.49 4978.24 4918.53 4933.63 4968.35 5013.33 5056.65 5103.72 5144.2 5271.56 5357.96 5366.55 5243.89 5084.93 5043.74 5034.17 5022.71 4985.46 4939.17 4950.71 4985.69 5039.58
