real_craters/C206-750m.grd
DSAA
368 368
-137.7775 137.7775
-137.7775 137.7775
4181.4453220307 7228.5999343062
[rows 38 to 75 of 368, columns 252 to 335 of 368]
6044 6046 6046 6054 6061 6057 6049 6068 6091 6100 6106 6105 6119 6137 6125 6129 6139 6136 6133 6126 6117 6107 6092 6076 6058 6033 6009 6004 5996 6003 6011 6017 6020 6015 6011 6012 6021 6037 6060 6081 6098 6113 6128 6132 6130 6129 6136 6147 6157 6168 6179 6180 6174 6173 6177 6177 6160 6146 6142 6162 6206 6263 6309 6325 6408 6652 6838 6906 6926 6933 6849 6693 6655 6677 6729 6817 6959 7184 7135 7045 6969 6906 6864 6844
6047 6035 6037 6050 6061 6066 6065 6064 6074 6084 6093 6090 6110 6131 6134 6125 6137 6138 6139 6135 6134 6127 6116 6098 6067 6043 6013 5991 6002 6007 6010 6010 6006 6005 6003 6001 6009 6029 6057 6085 6109 6126 6134 6138 6145 6141 6139 6148 6157 6165 6172 6169 6167 6169 6170 6165 6155 6143 6140 6159 6199 6241 6283 6314 6386 6701 6939 6924 6983 6775 6625 6493 6461 6489 6532 6580 6658 6893 7010 7000 6947 6875 6806 6764
6043 6033 6034 6043 6051 6071 6076 6054 6056 6064 6071 6081 6098 6110 6119 6124 6132 6136 6143 6146 6148 6148 6142 6129 6105 6072 6034 6014 6019 6017 6013 6011 6016 6003 6000 5995 6003 6029 6067 6102 6124 6140 6143 6147 6155 6153 6150 6153 6157 6162 6165 6161 6160 6163 6164 6165 6154 6145 6142 6159 6196 6260 6301 6346 6454 6782 6997 6914 6826 6617 6479 6375 6331 6332 6360 6381 6428 6659 6883 6935 6890 6810 6724 6661
6037 6038 6042 6051 6056 6074 6058 6047 6051 6055 6056 6079 6096 6102 6105 6116 6131 6138 6145 6150 6157 6162 6170 6170 6145 6113 6075 6056 6051 6032 6021 6018 6026 6025 6006 5993 6005 6033 6074 6115 6134 6150 6161 6157 6162 6162 6160 6159 6159 6159 6157 6154 6154 6159 6161 6161 6154 6147 6147 6159 6187 6242 6300 6382 6548 6823 6962 6817 6761 6530 6400 6285 6221 6209 6231 6265 6335 6601 6880 6885 6819 6735 6646 6597
6039 6048 6059 6069 6083 6080 6061 6059 6065 6073 6091 6111 6107 6105 6103 6109 6122 6130 6138 6158 6173 6188 6216 6224 6195 6140 6130 6132 6065 6027 6020 6022 6030 6028 6013 5997 6008 6037 6077 6114 6133 6144 6153 6155 6162 6171 6170 6166 6162 6158 6155 6155 6160 6160 6162 6162 6158 6152 6152 6156 6170 6201 6272 6368 6503 6705 6830 6790 6726 6609 6384 6229 6141 6152 6194 6251 6354 6691 6915 6857 6773 6686 6593 6554
6044 6055 6070 6077 6087 6079 6069 6069 6087 6107 6118 6122 6116 6111 6110 6110 6115 6127 6150 6172 6192 6216 6237 6255 6210 6094 6019 6004 5974 5984 6007 6030 6042 6036 6026 6019 6032 6050 6079 6108 6121 6128 6138 6145 6156 6172 6176 6171 6165 6160 6156 6156 6157 6160 6164 6168 6165 6155 6153 6153 6165 6200 6254 6332 6436 6631 6744 6693 6559 6490 6349 6201 6109 6147 6223 6312 6418 6736 6828 6771 6709 6645 6566 6481
6038 6047 6059 6065 6072 6074 6069 6080 6107 6130 6155 6129 6119 6114 6110 6109 6113 6137 6159 6175 6190 6207 6214 6224 6154 5997 5828 5781 5851 5934 5992 6035 6041 6045 6037 6040 6054 6063 6076 6089 6101 6109 6114 6129 6152 6190 6179 6171 6164 6160 6157 6156 6159 6161 6165 6170 6168 6159 6148 6152 6161 6194 6239 6301 6390 6569 6667 6647 6581 6426 6318 6208 6145 6192 6280 6401 6552 6615 6609 6630 6617 6597 6585 6500
6030 6036 6037 6047 6059 6069 6073 6086 6110 6125 6110 6108 6110 6114 6121 6134 6124 6131 6136 6148 6159 6171 6179 6164 6093 5955 5804 5808 5865 5931 5981 6016 6014 6017 6034 6051 6062 6065 6069 6075 6079 6084 6091 6095 6116 6157 6165 6163 6159 6157 6157 6156 6156 6160 6163 6165 6166 6168 6169 6155 6154 6174 6215 6273 6348 6487 6534 6467 6373 6308 6254 6221 6235 6264 6311 6397 6499 6475 6497 6506 6511 6519 6519 6467
6024 6029 6029 6034 6038 6054 6070 6080 6091 6099 6085 6090 6097 6109 6135 6143 6114 6113 6107 6114 6126 6133 6134 6126 6072 5999 5926 5919 5942 5971 5986 5990 5985 6003 6035 6057 6063 6062 6058 6053 6049 6051 6061 6079 6100 6132 6149 6152 6148 6147 6149 6152 6155 6156 6156 6158 6160 6164 6164 6153 6154 6171 6197 6241 6302 6405 6382 6277 6151 6157 6165 6197 6252 6269 6275 6300 6333 6384 6382 6384 6412 6430 6408 6396
6027 6031 6034 6034 6031 6046 6058 6056 6062 6069 6066 6079 6088 6096 6105 6084 6075 6076 6076 6083 6085 6088 6081 6066 6048 6046 6063 6035 6055 6016 6011 5989 5982 6020 6051 6065 6072 6056 6046 6036 6028 6033 6048 6080 6101 6127 6136 6136 6134 6134 6135 6140 6146 6146 6142 6143 6147 6142 6142 6141 6145 6153 6166 6189 6233 6284 6247 6164 6080 6050 6082 6134 6185 6199 6186 6187 6205 6218 6198 6274 6334 6380 6417 6362
6033 6036 6035 6033 6034 6037 6043 6038 6052 6064 6072 6078 6082 6082 6070 6045 6045 6041 6040 6042 6045 6040 6033 6019 6009 6005 6005 6004 5994 6022 6054 6069 6042 6061 6080 6066 6053 6045 6036 6027 6023 6027 6042 6036 6079 6126 6116 6111 6111 6117 6118 6119 6128 6128 6120 6118 6118 6115 6121 6129 6132 6130 6124 6122 6127 6124 6115 6092 6058 6034 6041 6057 6061 6057 6071 6076 6095 6124 6163 6221 6278 6327 6346 6302
6037 6041 6043 6042 6036 6039 6057 6053 6052 6073 6078 6079 6079 6075 6049 6033 6015 6011 6013 6014 6013 6007 5996 5983 5973 5961 5958 5962 5965 6009 6072 6115 6084 6084 6093 6066 6038 6034 6028 6023 6017 6030 6046 6072 6054 6080 6081 6078 6079 6080 6084 6087 6088 6087 6089 6092 6096 6100 6107 6114 6119 6104 6078 6049 6016 6008 6036 6038 6024 6009 6007 6001 5977 5963 5988 6002 6029 6068 6120 6191 6234 6263 6284 6251
6039 6046 6052 6050 6031 6042 6079 6073 6054 6053 6067 6081 6085 6074 6036 6017 5981 5985 5991 5994 5993 5989 5979 5965 5956 5943 5939 5942 5950 5983 6028 6061 6058 6054 6049 6059 6036 6026 6023 6023 6028 6035 6034 6024 6012 6029 6041 6045 6044 6041 6047 6052 6049 6046 6060 6068 6070 6077 6089 6099 6101 6077 6039 5995 5951 5970 6008 6000 5985 5980 5987 5972 5950 5937 5948 5973 5994 6029 6080 6161 6203 6224 6238 6209
6038 6048 6058 6057 6039 6047 6040 6056 6062 6072 6077 6091 6098 6084 6026 5987 5962 5969 5972 5975 5979 5979 5975 5966 5954 5948 5939 5936 5942 5956 5966 5983 6005 6011 6007 6014 6017 6016 6018 6022 6025 6031 6021 6007 5995 5998 6007 6012 6015 6013 6024 6031 6031 6030 6048 6056 6057 6060 6072 6083 6082 6054 6011 5962 5921 5941 5973 5963 5954 5956 5976 5958 5944 5932 5935 5940 5966 5999 6040 6125 6180 6206 6184 6173
6036 6049 6064 6079 6068 6035 6014 6025 6045 6084 6096 6103 6108 6102 6020 5986 5978 5965 5962 5964 5969 5975 5973 5963 5953 5946 5938 5934 5939 5940 5938 5947 5963 5977 5993 5995 5999 6005 6009 6015 6025 6020 6005 5992 5983 5981 5985 5989 5992 5999 6009 6021 6036 6053 6056 6052 6048 6047 6060 6069 6065 6036 5993 5947 5910 5912 5922 5919 5915 5921 5928 5945 5950 5952 5946 5936 5956 5984 6022 6107 6158 6207 6204 6154
6033 6045 6060 6076 6080 6039 6025 6030 6053 6095 6101 6102 6104 6091 6011 5990 5978 5958 5953 5953 5958 5969 5994 5976 5944 5926 5925 5927 5928 5924 5917 5921 5934 5950 5972 5983 5986 5989 5993 5998 6002 5993 5988 5980 5968 5966 5967 5970 5978 5984 5998 6014 6035 6066 6056 6048 6046 6046 6051 6058 6052 6025 5987 5945 5911 5905 5901 5896 5897 5909 5929 5942 5954 5971 5963 5952 5961 5982 6011 6056 6114 6161 6148 6121
6024 6034 6046 6053 6061 6034 6021 6029 6050 6091 6086 6085 6079 6050 5989 5975 5952 5941 5940 5940 5943 5945 5946 5944 5928 5913 5915 5916 5916 5909 5895 5901 5914 5932 5962 5967 5972 5974 5978 5978 5966 5954 5989 5997 5955 5951 5953 5961 5970 5980 5989 6001 6015 6019 6029 6037 6041 6037 6040 6045 6043 6020 5990 5956 5919 5924 5934 5910 5897 5898 5914 5928 5940 5957 5961 5959 5963 5984 6012 6041 6065 6049 6053 6080
6007 6019 6033 6041 6026 6018 6023 6031 6041 6051 6063 6059 6043 6012 5959 5940 5924 5926 5933 5933 5929 5918 5900 5910 5916 5914 5910 5907 5904 5895 5884 5890 5900 5912 5932 5942 5951 5958 5964 5964 5943 5921 5947 5954 5936 5936 5942 5951 5961 5970 5980 5988 5997 6001 6011 6025 6035 6028 6027 6030 6027 6018 6003 5984 5963 5947 5944 5930 5899 5878 5885 5900 5915 5918 5918 5930 5951 5987 6032 6073 6043 5977 6016 6067
5994 6007 6022 6033 6008 6008 6011 6030 6042 6041 6043 6033 6011 5966 5931 5919 5920 5929 5931 5929 5923 5910 5895 5902 5912 5915 5907 5901 5894 5884 5882 5886 5893 5901 5910 5918 5929 5939 5946 5949 5922 5892 5897 5908 5913 5919 5928 5939 5950 5961 5971 5979 5988 5994 6003 6015 6021 6016 6014 6017 6018 6015 6012 6008 5994 5956 5913 5887 5885 5879 5882 5889 5894 5890 5884 5895 5933 5972 6019 6058 6099 6098 6071 6081
5997 6006 6017 6015 6019 6016 6007 6022 6021 6038 6029 6011 5992 5954 5924 5911 5913 5933 5933 5933 5929 5920 5908 5907 5906 5904 5900 5894 5889 5886 5881 5885 5892 5900 5891 5900 5911 5920 5926 5925 5903 5890 5888 5889 5895 5907 5920 5930 5942 5953 5963 5971 5982 5993 6003 6006 6007 6004 6001 6001 6004 6007 6012 6017 6001 5959 5912 5880 5876 5878 5890 5897 5880 5866 5854 5874 5918 5964 6010 6065 6147 6150 6104 6089
6007 6017 6033 6047 6076 6061 6053 6030 6011 6010 5999 5982 5975 5963 5925 5906 5903 5925 5934 5938 5941 5941 5932 5917 5908 5899 5892 5886 5883 5882 5877 5877 5882 5888 5889 5893 5890 5896 5904 5913 5922 5897 5881 5873 5880 5894 5908 5920 5928 5943 5952 5964 5977 5990 5999 5995 5994 5989 5985 5979 5985 5992 5999 6007 5995 5962 5928 5898 5877 5862 5864 5866 5863 5852 5846 5867 5913 5961 6004 6048 6084 6075 6075 6071
6018 6026 6062 6133 6171 6104 6056 6022 5992 5979 5957 5945 5929 5937 5909 5902 5900 5922 5939 5945 5949 5956 5950 5917 5895 5886 5881 5878 5875 5873 5871 5873 5885 5918 6038 5914 5881 5881 5892 5908 5915 5883 5864 5863 5872 5886 5901 5913 5922 5935 5944 5956 5968 5981 5990 5979 5968 5975 5976 5973 5969 5970 5972 5974 5970 5958 5941 5913 5884 5857 5848 5854 5856 5847 5838 5870 5915 5960 6005 6041 6047 6045 6048 6051
6009 6015 6041 6097 6169 6091 6028 5997 5975 5954 5929 5926 5910 5915 5903 5908 5925 5948 5947 5945 5944 5942 5932 5905 5873 5872 5872 5870 5866 5862 5860 5869 5890 5952 6124 5951 5882 5879 5887 5894 5889 5866 5852 5856 5868 5883 5897 5910 5921 5932 5937 5947 5955 5963 5972 5960 5954 5959 5961 5962 5952 5946 5941 5938 5944 5950 5950 5925 5894 5871 5867 5870 5859 5856 5859 5892 5930 5970 6009 6039 6039 6033 6032 6037
5989 5986 5987 6004 6028 6018 6004 5985 5974 5943 5939 5937 5932 5917 5906 5913 5928 5938 5944 5944 5938 5921 5913 5904 5879 5875 5870 5865 5860 5853 5852 5864 5885 5927 5976 5912 5878 5879 5885 5885 5865 5869 5849 5856 5868 5882 5895 5909 5922 5926 5928 5935 5940 5944 5942 5945 5947 5948 5943 5933 5932 5922 5914 5906 5921 5940 5946 5935 5902 5871 5852 5849 5858 5868 5893 5915 5941 5973 6006 6030 6030 6010 6014 6024
5964 5955 5945 5949 5964 5981 6022 6037 5994 5971 5964 5964 5948 5917 5910 5912 5919 5930 5937 5941 5942 5935 5924 5914 5906 5884 5871 5864 5857 5854 5853 5861 5871 5882 5888 5889 5889 5889 5891 5895 5896 5925 5864 5867 5873 5883 5894 5903 5911 5918 5919 5923 5927 5930 5933 5937 5942 5944 5937 5928 5924 5910 5895 5887 5902 5928 5972 5948 5896 5851 5827 5852 5861 5863 5887 5916 5937 5964 5994 6021 6011 5993 5999 6006
5948 5933 5920 5922 5936 5978 6050 6106 6064 6056 5999 5990 5978 5931 5911 5907 5910 5915 5926 5938 5949 5958 5937 5916 5898 5882 5870 5860 5854 5854 5856 5855 5854 5851 5858 5887 5899 5897 5897 5904 5924 5923 5875 5873 5879 5886 5894 5903 5908 5910 5911 5913 5915 5916 5920 5936 5949 5952 5956 5953 5926 5903 5881 5868 5880 5895 5897 5902 5861 5815 5784 5805 5829 5841 5866 5897 5918 5946 5976 6002 6014 5983 5989 6005
5925 5912 5901 5903 5912 5963 6042 6119 6122 6114 6046 5990 5946 5908 5903 5902 5901 5903 5920 5932 5945 5955 5932 5906 5889 5875 5865 5856 5851 5846 5854 5857 5854 5858 5874 5888 5893 5900 5906 5924 5944 5951 5913 5893 5890 5891 5895 5901 5903 5901 5903 5904 5904 5905 5906 5917 5937 5956 5977 5964 5926 5896 5871 5858 5862 5864 5854 5829 5803 5781 5762 5771 5797 5821 5836 5853 5885 5919 5951 5973 5972 5967 5977 5997
5907 5900 5891 5894 5905 5943 5998 6040 6075 6098 6021 5961 5927 5904 5899 5899 5902 5910 5917 5921 5925 5925 5909 5888 5872 5865 5858 5853 5851 5856 5869 5867 5867 5894 5904 5899 5893 5909 5925 5940 5954 5959 5928 5912 5903 5898 5895 5892 5892 5892 5896 5897 5899 5899 5898 5901 5919 5941 5960 5939 5907 5878 5858 5849 5850 5850 5829 5786 5759 5767 5776 5790 5806 5810 5815 5822 5856 5892 5928 5958 5968 5958 5963 5968
5898 5901 5906 5898 5902 5935 5957 5966 5990 5993 5950 5931 5914 5903 5898 5898 5901 5908 5909 5904 5897 5890 5884 5873 5864 5858 5852 5849 5846 5851 5863 5875 5889 5918 5922 5916 5914 5920 5933 5934 5959 5973 5947 5930 5916 5905 5894 5884 5883 5884 5892 5896 5897 5897 5898 5899 5905 5913 5911 5893 5874 5856 5839 5833 5841 5851 5843 5781 5748 5770 5799 5815 5806 5803 5802 5809 5834 5872 5911 5942 5956 5959 5953 5952
5907 5906 5904 5897 5895 5916 5943 5970 5949 5941 5930 5924 5912 5900 5899 5897 5895 5894 5892 5884 5874 5866 5865 5862 5857 5852 5848 5843 5841 5846 5858 5877 5905 5917 5926 5924 5922 5923 5926 5943 5967 5986 5967 5949 5930 5911 5894 5882 5878 5878 5881 5894 5898 5899 5901 5898 5893 5889 5871 5851 5841 5831 5824 5821 5827 5830 5821 5793 5774 5782 5796 5800 5791 5793 5790 5793 5815 5853 5897 5940 5955 5949 5942 5940
5906 5905 5905 5893 5891 5906 5934 6006 5978 5939 5922 5921 5923 5917 5906 5897 5889 5877 5872 5869 5858 5852 5854 5854 5853 5849 5845 5839 5837 5842 5852 5870 5896 5908 5914 5915 5920 5917 5917 5938 5961 5993 5987 5969 5940 5914 5893 5879 5873 5874 5878 5891 5896 5900 5901 5891 5882 5885 5868 5836 5823 5814 5809 5807 5810 5810 5806 5804 5808 5792 5781 5772 5776 5781 5780 5777 5798 5833 5874 5926 5950 5926 5927 5929
5891 5892 5897 5890 5887 5901 5924 5982 6028 5964 5927 5925 5921 5920 5910 5899 5888 5873 5880 5860 5848 5844 5848 5853 5851 5848 5843 5837 5833 5839 5850 5864 5880 5899 5903 5905 5916 5910 5895 5924 5944 5968 5983 5969 5941 5913 5887 5870 5867 5871 5876 5881 5891 5895 5895 5872 5864 5899 5905 5837 5814 5803 5794 5794 5795 5800 5804 5807 5809 5793 5768 5741 5766 5775 5781 5781 5792 5813 5835 5862 5908 5911 5914 5917
5882 5884 5893 5892 5892 5907 5925 5959 5998 5965 5960 5941 5941 5924 5913 5902 5892 5881 5861 5842 5837 5838 5844 5848 5851 5851 5846 5840 5835 5841 5852 5862 5873 5890 5898 5905 5913 5913 5916 5927 5937 5948 5955 5952 5934 5909 5883 5866 5865 5868 5871 5874 5879 5881 5881 5851 5838 5881 5894 5835 5802 5794 5802 5787 5784 5782 5792 5805 5806 5798 5776 5761 5794 5806 5790 5785 5789 5796 5806 5813 5862 5907 5908 5899
5880 5882 5892 5895 5898 5901 5906 5936 5946 5950 5946 5927 5914 5916 5911 5904 5896 5888 5864 5833 5830 5836 5845 5852 5856 5857 5855 5850 5844 5850 5857 5861 5865 5885 5893 5898 5909 5916 5918 5925 5937 5936 5938 5937 5927 5907 5887 5870 5867 5866 5864 5861 5857 5856 5855 5833 5815 5830 5826 5790 5780 5780 5779 5783 5779 5773 5787 5806 5825 5814 5791 5783 5787 5793 5790 5785 5783 5786 5795 5820 5843 5861 5895 5868
5880 5884 5890 5896 5897 5895 5893 5921 5926 5932 5932 5936 5929 5918 5910 5902 5894 5885 5868 5833 5831 5841 5850 5857 5863 5866 5868 5865 5861 5864 5865 5862 5866 5881 5890 5898 5907 5916 5925 5923 5932 5931 5936 5936 5927 5913 5894 5878 5870 5863 5855 5848 5841 5832 5819 5806 5799 5793 5781 5765 5766 5780 5789 5790 5788 5782 5794 5809 5817 5810 5795 5779 5776 5788 5785 5778 5773 5777 5784 5798 5832 5872 5867 5820
5882 5883 5889 5894 5898 5898 5902 5909 5920 5925 5927 5933 5929 5918 5909 5901 5891 5876 5852 5841 5843 5850 5860 5867 5870 5876 5882 5888 5886 5884 5879 5871 5870 5876 5884 5894 5904 5919 5924 5921 5922 5930 5938 5937 5937 5927 5910 5891 5875 5861 5849 5837 5824 5810 5794 5793 5798 5807 5778 5753 5756 5783 5800 5800 5803 5804 5811 5816 5816 5808 5797 5778 5771 5783 5781 5774 5768 5771 5773 5776 5818 5859 5825 5784
5883 5883 5889 5895 5900 5904 5904 5910 5919 5924 5924 5928 5920 5913 5905 5897 5887 5876 5865 5860 5853 5856 5863 5869 5874 5879 5890 5911 5920 5902 5893 5885 5869 5871 5878 5886 5896 5910 5922 5924 5932 5956 5958 5967 5957 5940 5936 5907 5879 5860 5843 5826 5812 5795 5780 5776 5779 5755 5750 5741 5749 5779 5795 5798 5808 5824 5822 5826 5832 5830 5810 5783 5769 5780 5778 5774 5767 5769 5771 5775 5802 5825 5801 5775
5889 5885 5890 5893 5904 5912 5909 5913 5918 5920 5926 5917 5912 5911 5906 5899 5888 5877 5867 5864 5862 5862 5866 5869 5872 5877 5883 5893 5903 5899 5896 5897 5879 5872 5876 5883 5892 5903 5912 5923 5932 5952 5956 5953 5943 5931 5920 5897 5876 5855 5835 5815 5796 5781 5765 5746 5713 5700 5729 5753 5770 5767 5776 5785 5793 5805 5817 5832 5849 5863 5825 5788 5768 5772 5777 5779 5775 5773 5769 5769 5785 5805 5807 5783
