real_craters/C206-750m.grd
DSAA
368 368
-137.7775 137.7775
-137.7775 137.7775
4181.4453220307 7228.5999343062
[rows 190 to 227 of 368, columns 0 to 83 of 368]
5936 5939 5941 5941 5942 5943 5942 5940 5945 5945 5950 5982 5977 5978 5980 5979 5976 5972 5962 5964 5962 5955 5950 5946 5941 5942 5943 5942 5941 5948 5951 5947 5944 5957 6015 6027 5998 5951 5926 5927 5930 5931 5929 5927 5925 5922 5924 5925 5928 5929 5939 5945 5942 5937 5929 5926 5931 5935 5939 5943 5948 5954 5961 5969 5977 5983 5991 5999 6006 6015 6026 6034 6038 6046 6054 6061 6071 6077 6039 5999 5972 5939 5916 5905
5934 5935 5936 5939 5941 5941 5942 5942 5945 5948 5947 5957 5987 5988 5978 5976 5972 5960 5953 5956 5964 5963 5960 5949 5941 5941 5940 5937 5934 5940 5943 5939 5929 5952 6109 6100 6032 5965 5924 5920 5923 5927 5927 5923 5918 5915 5913 5915 5922 5939 5955 5948 5939 5931 5924 5918 5923 5927 5931 5935 5940 5948 5956 5963 5970 5976 5986 5999 6005 6013 6022 6031 6035 6040 6046 6052 6061 6069 6036 5991 5957 5933 5909 5887
5926 5934 5937 5937 5939 5940 5942 5944 5947 5949 5948 5944 5958 5979 5976 5977 5973 5966 5954 5958 5968 5976 5970 5956 5944 5944 5940 5936 5934 5935 5936 5932 5922 5941 6116 6119 6043 5972 5925 5922 5926 5929 5928 5923 5915 5911 5909 5907 5915 5962 5964 5945 5935 5927 5920 5916 5917 5922 5926 5929 5935 5948 5958 5962 5964 5972 5980 5990 6002 6011 6015 6025 6031 6035 6039 6041 6043 6058 6030 5984 5948 5927 5905 5884
5931 5931 5933 5936 5939 5940 5942 5947 5951 5968 5970 5951 5939 5954 5979 5981 5972 5963 5961 5959 5966 5974 5972 5966 5961 5953 5943 5937 5934 5932 5931 5928 5923 5937 6045 6062 6019 5969 5932 5933 5933 5936 5940 5935 5918 5916 5917 5911 5909 5918 5923 5928 5926 5922 5918 5913 5914 5920 5925 5927 5938 5955 5969 5974 5966 5977 5981 5987 6000 6006 6010 6020 6026 6031 6036 6039 6047 6062 6046 5997 5961 5935 5909 5886
5931 5930 5934 5937 5940 5941 5943 5946 5974 6069 6050 5986 5932 5939 5958 5967 5968 5973 5972 5973 5976 5967 5972 5973 5971 5957 5943 5929 5927 5928 5929 5933 5934 5931 5957 5981 5981 5961 5939 5932 5935 5947 5960 5970 5956 5952 5939 5923 5913 5910 5912 5916 5918 5918 5916 5912 5920 5920 5921 5927 5943 5966 5991 6013 6012 6012 5982 5985 6010 6012 6014 6014 6021 6027 6033 6037 6038 6053 6055 6017 5983 5949 5921 5896
5930 5933 5937 5940 5940 5940 5939 5935 6099 6210 6232 6045 5939 5931 5938 5945 5959 5979 5974 5975 5974 5971 5973 5979 5985 5967 5946 5926 5925 5930 5932 5938 5945 5933 5933 5946 5957 5956 5951 5946 5948 5962 5980 6010 6066 6004 5964 5939 5922 5913 5908 5910 5912 5915 5918 5919 5912 5916 5916 5923 5943 5972 6009 6059 6134 6065 5982 5990 6026 6069 6009 6012 6015 6023 6031 6039 6046 6044 6026 6001 5984 5959 5935 5914
5930 5935 5937 5943 5942 5941 5940 5945 6017 6194 6103 6011 5937 5927 5933 5941 5941 5948 5958 5960 5965 5965 5968 5975 5984 5972 5951 5932 5930 5937 5943 5948 5950 5943 5939 5950 5950 5960 5976 5974 5966 5974 5986 5997 5997 5996 5971 5950 5936 5921 5908 5906 5909 5913 5917 5918 5910 5911 5909 5916 5940 5970 6005 6044 6071 6030 5973 5970 5999 6038 6001 6000 6010 6020 6031 6042 6052 6046 6025 6002 5988 5968 5948 5927
5932 5937 5941 5943 5942 5941 5941 5944 5964 5994 5958 5950 5927 5924 5931 5938 5933 5947 5955 5956 5952 5949 5958 5963 5966 5957 5950 5946 5942 5946 5954 5957 5952 5938 5926 5925 5935 5954 5981 5985 5980 5984 5986 5979 5967 5973 5966 5951 5938 5921 5905 5905 5910 5913 5916 5916 5911 5907 5910 5923 5937 5960 5984 6000 5993 5977 5964 5965 5976 5983 5986 5993 6007 6020 6032 6042 6046 6042 6026 6008 5995 5980 5963 5946
5934 5937 5939 5941 5940 5940 5940 5941 5941 5936 5926 5922 5917 5918 5922 5922 5921 5945 5953 5955 5954 5949 5949 5950 5948 5941 5940 5947 5942 5944 5955 5956 5941 5916 5902 5898 5916 5932 5946 5964 5986 5993 5990 5983 5975 5971 5963 5949 5929 5912 5906 5911 5913 5912 5913 5915 5917 5905 5907 5911 5929 5947 5962 5969 5963 5956 5959 5962 5966 5970 5976 5987 6005 6022 6037 6046 6046 6041 6029 6014 6001 5986 5976 5969
5937 5943 5943 5943 5939 5936 5934 5940 5952 5947 5938 5927 5914 5912 5914 5913 5911 5925 5946 5951 5948 5944 5942 5941 5939 5934 5925 5924 5928 5929 5925 5925 5914 5901 5897 5898 5905 5912 5913 5931 5988 5993 5993 5992 5985 5977 5967 5955 5939 5925 5937 5930 5920 5912 5901 5903 5903 5904 5908 5913 5924 5936 5946 5952 5952 5952 5957 5960 5965 5967 5971 5982 6002 6023 6043 6055 6055 6046 6039 6024 6000 5990 5984 5984
5942 5937 5941 5940 5936 5934 5933 5936 5965 6020 5972 5936 5917 5910 5910 5910 5908 5917 5934 5947 5953 5944 5937 5934 5931 5926 5918 5917 5918 5916 5908 5907 5901 5901 5902 5902 5905 5904 5903 5917 5948 5964 5979 6003 5998 5979 5968 5964 5967 5982 5958 5941 5925 5914 5909 5902 5901 5907 5914 5920 5924 5931 5937 5943 5947 5951 5953 5957 5960 5963 5969 5982 5999 6019 6040 6061 6080 6075 6081 6037 5998 5990 5985 5987
5934 5938 5937 5931 5932 5933 5934 5928 5930 5926 5939 5929 5916 5908 5908 5908 5906 5914 5928 5944 5958 5939 5933 5929 5926 5921 5916 5915 5916 5914 5909 5913 5912 5916 5910 5917 5911 5903 5901 5904 5905 5923 5948 5974 5977 5968 5963 5962 5965 5963 5957 5942 5922 5910 5903 5900 5901 5908 5913 5919 5924 5929 5935 5940 5944 5948 5952 5956 5958 5962 5972 5983 5999 6019 6041 6070 6111 6179 6177 6064 6006 5987 5981 5980
5929 5929 5929 5925 5927 5930 5929 5920 5917 5919 5921 5918 5911 5906 5905 5905 5904 5912 5927 5937 5951 5939 5929 5925 5922 5919 5912 5914 5920 5925 5925 5929 5937 5920 5909 5909 5906 5901 5898 5898 5892 5898 5909 5915 5934 5946 5950 5953 5953 5949 5937 5918 5911 5903 5897 5898 5901 5903 5909 5917 5924 5929 5934 5939 5943 5949 5954 5956 5959 5962 5971 5982 5995 6013 6033 6059 6093 6143 6187 6066 6011 5989 5978 5973
5925 5925 5925 5924 5925 5926 5921 5911 5912 5919 5918 5913 5908 5904 5902 5902 5903 5904 5917 5935 5934 5930 5924 5921 5919 5916 5911 5914 5922 5932 5937 5925 5915 5909 5904 5901 5898 5899 5898 5891 5889 5889 5891 5890 5909 5926 5935 5939 5940 5939 5923 5909 5903 5899 5898 5898 5902 5909 5911 5918 5925 5931 5936 5940 5943 5947 5954 5957 5957 5958 5969 5980 5988 6000 6013 6027 6038 6019 6022 6006 5993 5984 5975 5970
5922 5921 5922 5923 5924 5921 5914 5909 5913 5918 5915 5910 5905 5900 5898 5896 5895 5894 5908 5935 5937 5926 5917 5916 5916 5915 5909 5913 5922 5930 5929 5914 5902 5904 5909 5901 5896 5899 5901 5904 5905 5902 5891 5889 5903 5915 5924 5927 5925 5918 5912 5907 5900 5896 5896 5900 5904 5911 5921 5925 5929 5933 5937 5940 5943 5947 5955 5959 5966 5969 5968 5978 5984 5993 6002 6007 6003 5993 5988 5983 5991 5979 5973 5968
5920 5920 5924 5929 5925 5918 5910 5907 5913 5916 5913 5908 5902 5896 5895 5891 5888 5891 5904 5937 5956 5932 5917 5916 5916 5915 5911 5913 5919 5927 5926 5917 5912 5912 5911 5909 5907 5901 5901 5907 5902 5892 5896 5897 5904 5910 5914 5917 5916 5913 5907 5902 5900 5900 5901 5905 5909 5918 5931 5932 5934 5936 5939 5941 5944 5949 5954 5959 5961 5966 5970 5976 5983 5990 5993 5992 5982 5976 5971 5968 5966 5964 5964 5964
5919 5922 5940 5941 5927 5913 5908 5907 5916 5914 5911 5906 5901 5895 5892 5890 5888 5890 5898 5942 5963 5935 5918 5915 5915 5913 5913 5912 5912 5911 5912 5912 5918 5917 5919 5914 5906 5897 5893 5887 5886 5893 5906 5911 5911 5912 5914 5915 5913 5910 5904 5901 5905 5912 5912 5914 5918 5922 5930 5935 5938 5940 5941 5943 5944 5946 5952 5961 5967 5978 5971 5971 5977 5981 5977 5974 5970 5963 5956 5949 5946 5949 5953 5958
5921 5925 5945 5938 5923 5914 5910 5907 5914 5914 5909 5904 5899 5895 5890 5890 5889 5892 5893 5906 5928 5927 5920 5916 5914 5913 5911 5910 5909 5900 5902 5904 5911 5915 5911 5901 5886 5887 5887 5884 5890 5916 5915 5916 5916 5917 5918 5919 5917 5914 5914 5918 5916 5914 5922 5925 5928 5932 5938 5941 5943 5945 5946 5946 5946 5949 5956 5964 5970 5967 5969 5973 5977 5976 5972 5968 5963 5955 5946 5933 5928 5936 5946 5954
5922 5923 5930 5927 5917 5913 5910 5906 5909 5910 5907 5903 5899 5895 5893 5891 5891 5890 5890 5901 5911 5916 5916 5915 5914 5911 5910 5910 5915 5919 5914 5912 5907 5902 5894 5886 5884 5885 5886 5890 5901 5906 5913 5916 5918 5918 5920 5922 5922 5922 5924 5919 5926 5935 5939 5939 5938 5936 5939 5943 5946 5949 5951 5952 5951 5954 5960 5961 5963 5960 5978 5988 5983 5976 5969 5961 5954 5948 5938 5924 5921 5930 5941 5951
5923 5923 5923 5920 5914 5915 5910 5905 5905 5906 5904 5900 5897 5894 5892 5892 5891 5891 5890 5894 5902 5908 5912 5915 5915 5911 5910 5914 5921 5924 5918 5909 5898 5898 5891 5886 5888 5886 5887 5889 5893 5900 5907 5913 5918 5921 5923 5926 5930 5932 5929 5942 5956 5964 5961 5957 5951 5944 5947 5947 5950 5954 5957 5960 5963 5962 5960 5963 5967 5975 5981 5990 5985 5977 5968 5958 5948 5937 5924 5916 5918 5931 5939 5949
5927 5925 5924 5919 5913 5912 5907 5904 5905 5903 5902 5898 5894 5891 5889 5892 5891 5893 5894 5890 5897 5904 5909 5917 5923 5928 5928 5924 5925 5923 5915 5903 5896 5895 5892 5888 5885 5887 5890 5890 5890 5897 5907 5913 5920 5926 5932 5935 5941 5948 5965 5973 5981 5984 5984 5976 5964 5954 5945 5949 5954 5960 5965 5969 5969 5972 5972 5968 5966 5960 5973 5987 5984 5977 5967 5955 5942 5928 5928 5926 5931 5934 5938 5945
5933 5929 5925 5916 5910 5907 5905 5905 5902 5902 5900 5897 5893 5889 5886 5892 5890 5892 5895 5890 5894 5901 5909 5920 5933 5945 5935 5932 5932 5927 5914 5902 5897 5896 5898 5900 5897 5898 5898 5896 5896 5900 5907 5918 5929 5937 5944 5949 5953 5959 5971 5973 5992 6020 6013 5999 5979 5958 5950 5955 5961 5967 5971 5980 5988 5984 5982 5971 5970 5969 5976 5983 5984 5978 5968 5956 5944 5932 5938 5939 5938 5932 5934 5941
5937 5928 5920 5913 5905 5904 5902 5903 5900 5900 5900 5897 5893 5889 5886 5886 5891 5893 5892 5890 5893 5899 5907 5921 5937 5943 5940 5942 5936 5928 5917 5906 5903 5905 5906 5906 5912 5914 5904 5899 5900 5900 5906 5930 5943 5950 5956 5960 5962 5964 5963 5968 6013 6048 6039 6028 6007 5975 5966 5965 5969 5972 5975 5983 5991 5990 5986 5986 5982 5981 5985 5989 5988 5982 5974 5963 5950 5942 5944 5942 5933 5921 5928 5937
5938 5924 5910 5905 5902 5903 5901 5899 5898 5899 5898 5896 5894 5891 5888 5886 5895 5893 5890 5890 5893 5899 5909 5921 5936 5947 5947 5947 5937 5929 5923 5913 5908 5909 5910 5910 5912 5912 5904 5899 5895 5912 5940 5951 5956 5957 5956 5961 5966 5969 5968 5976 5998 6045 6065 6066 6063 6036 6015 5992 5981 5979 5977 5978 5984 5987 5991 5988 5992 5989 5989 5992 5991 5987 5980 5972 5961 5948 5954 5951 5935 5926 5928 5935
5935 5920 5908 5904 5901 5901 5898 5897 5896 5895 5896 5896 5895 5894 5890 5887 5891 5892 5888 5890 5893 5898 5904 5913 5927 5940 5945 5942 5937 5932 5928 5918 5911 5910 5908 5901 5897 5896 5899 5902 5907 5939 5979 5975 5965 5960 5959 5965 5970 5980 5991 6020 6046 6075 6094 6104 6128 6141 6083 6016 5991 5981 5978 5971 5969 5979 5988 5989 5982 5983 5982 5991 5994 5990 5987 5986 5982 5974 5974 5969 5960 5938 5934 5937
5926 5914 5905 5902 5899 5897 5895 5897 5900 5896 5895 5895 5896 5898 5904 5894 5889 5893 5892 5893 5895 5897 5902 5908 5913 5925 5936 5937 5932 5927 5925 5914 5909 5908 5903 5894 5890 5892 5896 5906 5928 5970 5993 5977 5966 5961 5963 5969 5980 5999 6034 6103 6158 6127 6112 6112 6117 6115 6080 6024 5997 5984 5981 5976 5973 5977 5982 5982 5982 5982 5988 5990 5992 5990 5990 5996 6013 6014 5999 5991 5982 5963 5946 5944
5914 5906 5899 5899 5897 5894 5894 5909 5925 5905 5893 5893 5893 5895 5905 5893 5889 5892 5897 5908 5909 5901 5897 5898 5914 5920 5923 5916 5909 5911 5907 5906 5912 5914 5907 5900 5894 5891 5894 5903 5919 5937 5950 5950 5949 5950 5957 5966 5979 6000 6035 6086 6148 6136 6109 6095 6082 6072 6053 6018 5999 5989 5984 5984 5981 5978 5978 5980 5980 5979 5981 5985 5988 5984 5983 5988 6005 6019 5999 5987 5984 5980 5955 5953
5904 5899 5895 5895 5895 5894 5903 6032 5989 5921 5889 5890 5889 5888 5887 5888 5894 5914 5929 5937 5924 5907 5892 5882 5899 5913 5914 5911 5905 5906 5908 5910 5927 5937 5927 5918 5900 5888 5889 5895 5900 5900 5905 5916 5930 5939 5950 5961 5974 5994 6017 6041 6072 6084 6079 6070 6053 6042 6027 6003 5994 5988 5982 5979 5977 5976 5975 5973 5974 5974 5974 5974 5974 5968 5968 5965 5952 5961 5982 5988 5986 5982 5967 5963
5898 5894 5889 5891 5890 5890 5934 6055 6011 5932 5887 5887 5887 5887 5886 5888 5902 5959 6026 5970 5935 5909 5889 5876 5886 5899 5907 5910 5903 5903 5903 5912 5949 5987 6001 5968 5895 5886 5888 5889 5891 5888 5885 5896 5918 5935 5951 5965 5976 5993 6003 6004 6015 6027 6044 6046 6040 6031 6017 6004 5995 5988 5982 5974 5975 5977 5977 5973 5972 5970 5963 5957 5948 5952 5955 5956 5956 5962 5978 5986 5992 5989 5979 5970
5896 5893 5890 5889 5887 5890 5899 5997 5975 5925 5888 5886 5887 5889 5889 5887 5899 5951 5989 5963 5933 5907 5886 5873 5877 5889 5900 5905 5902 5901 5902 5921 5967 6030 6105 6028 5900 5884 5888 5887 5887 5886 5885 5893 5910 5928 5946 5963 5973 5987 5994 5998 6003 6010 6023 6032 6032 6024 6013 6002 5996 5991 5984 5980 5982 5985 5984 5984 5978 5971 5964 5953 5942 5945 5951 5957 5966 5973 5983 5993 5994 5981 5976 5970
5895 5894 5893 5891 5889 5890 5890 5905 5922 5908 5890 5886 5886 5886 5887 5886 5894 5920 5931 5931 5919 5902 5882 5870 5868 5881 5895 5906 5902 5901 5900 5918 5963 6015 6068 6013 5900 5884 5888 5887 5886 5886 5888 5895 5910 5929 5948 5962 5974 5983 5991 5999 6006 6005 6016 6027 6032 6025 6014 6004 6000 5998 5992 5989 5997 6003 6005 5994 5979 5970 5965 5956 5945 5946 5952 5958 5965 5977 5989 6000 5998 5982 5966 5965
5896 5896 5897 5894 5889 5886 5885 5887 5895 5894 5888 5885 5885 5885 5886 5887 5888 5893 5893 5898 5894 5886 5876 5867 5867 5877 5889 5901 5905 5904 5901 5914 5943 5965 5954 5917 5897 5888 5889 5889 5890 5890 5890 5898 5918 5941 5958 5968 5977 5985 5994 6006 6013 6010 6018 6027 6030 6026 6017 6006 6007 6008 6008 6009 6014 6025 6027 6006 5974 5967 5967 5962 5952 5951 5958 5964 5969 5982 5993 6002 6004 5996 5979 5967
5897 5895 5893 5891 5886 5883 5883 5884 5885 5885 5883 5883 5884 5886 5883 5880 5883 5889 5886 5886 5883 5879 5872 5867 5870 5875 5882 5893 5905 5905 5905 5911 5922 5927 5915 5901 5896 5893 5892 5892 5895 5897 5897 5903 5939 5965 5977 5984 5988 5992 5998 6012 6022 6019 6024 6032 6034 6031 6023 6016 6016 6019 6024 6026 6026 6032 6031 5996 5968 5963 5962 5960 5955 5956 5966 5979 5983 5993 5998 6002 6004 6000 5985 5969
5897 5894 5890 5888 5883 5883 5883 5883 5883 5883 5882 5882 5883 5881 5882 5882 5885 5890 5886 5883 5880 5876 5871 5867 5870 5872 5874 5878 5894 5904 5905 5905 5908 5910 5906 5902 5902 5900 5896 5895 5899 5902 5917 5944 5987 6002 6003 6002 6000 6000 5997 6009 6022 6021 6029 6043 6046 6038 6031 6029 6029 6022 6024 6031 6035 6024 6003 5980 5963 5958 5958 5958 5951 5953 5967 5993 6014 5999 5997 5998 5998 5997 5984 5969
5897 5894 5889 5886 5884 5884 5882 5882 5882 5882 5882 5880 5881 5881 5883 5886 5885 5888 5886 5884 5881 5877 5872 5869 5870 5870 5870 5870 5879 5889 5896 5897 5899 5903 5905 5909 5906 5903 5897 5897 5901 5909 5945 6037 6054 6042 6026 6015 6010 6009 6009 6015 6023 6024 6033 6050 6051 6040 6031 6028 6021 6009 6007 6028 6060 6061 6014 5975 5959 5955 5954 5952 5949 5950 5961 5970 5979 5989 5990 5990 5990 5981 5966 5962
5899 5895 5894 5890 5887 5885 5882 5881 5882 5882 5881 5878 5879 5880 5883 5884 5886 5888 5890 5889 5885 5881 5875 5868 5870 5869 5869 5871 5873 5875 5884 5889 5895 5900 5904 5904 5903 5900 5901 5904 5910 5919 5954 6053 6078 6058 6039 6024 6015 6011 6021 6018 6025 6023 6031 6048 6044 6032 6021 6009 6000 5995 5992 6024 6081 6168 6059 5976 5961 5953 5950 5948 5948 5953 5960 5967 5974 5980 5981 5979 5972 5965 5955 5961
5900 5897 5894 5894 5886 5883 5882 5882 5882 5882 5881 5880 5880 5880 5882 5884 5886 5888 5894 5894 5889 5886 5880 5876 5870 5865 5867 5870 5872 5870 5871 5881 5890 5898 5904 5907 5906 5903 5905 5915 5928 5929 5962 6027 6064 6049 6031 6018 6006 5996 5991 5991 5996 5991 5996 6008 6018 6016 6009 6001 5993 5986 5983 6007 6042 6057 5989 5968 5958 5952 5949 5947 5950 5955 5963 5968 5974 5976 5975 5970 5959 5953 5947 5952
5902 5898 5896 5897 5889 5884 5882 5882 5883 5883 5884 5882 5882 5880 5881 5883 5886 5888 5893 5897 5899 5900 5895 5887 5873 5861 5862 5865 5869 5868 5869 5877 5886 5896 5906 5914 5913 5907 5910 5921 5930 5925 5920 5992 6026 6015 6008 5999 5991 5977 5954 5954 5937 5936 5948 5976 5993 5998 5997 5995 5989 5980 5977 5983 5987 5975 5965 5957 5952 5950 5951 5952 5955 5961 5970 5979 5977 5973 5968 5963 5958 5949 5946 5946
