real_craters/C206-1000m.grd
DSAA
158 158
-78.73 78.73
-78.73 78.73
2415.7915823514 6309.3215183915
[rows 30 to 59 of 158, columns 0 to 66 of 158]
4897.78 4883.69 4909.94 4944.72 4953.05 4983.65 4970.14 4980.19 4974.12 4945.75 4918.1 4897.26 4876.97 4850.09 4812.8 4795.76 4784.58 4810.97 4872.47 4883.63 4874.13 4870.67 4876.05 4863.27 4858.24 4841.94 4870.43 4945.04 5062.55 5218.71 5279.25 5290.06 5256.91 5279.16 5323.47 5440.07 5507.43 5449.57 5406.3 5357.55 5291.88 5231.74 5161.99 5092.1 5104.15 5117.01 5139.12 5181.48 5212.93 5235.6 5247.58 5242.35 5212.87 5188.85 5198.32 5186.96 5162.86 5140.99 5117.33 5096.9 5100.93 5157.3 5204.36 5235.51 5176.83 5118.59 5057.69
4903.05 4895.15 4912.81 4935.8 4965.7 4999.97 5017.38 5018.84 5012.09 4970.9 4939.74 4910.84 4882.48 4843.93 4810.3 4792.74 4777.87 4793.43 4810.57 4859.23 4848.48 4837.97 4825.51 4836.09 4849.29 4865.95 4869.74 4927.51 5091.3 5215.15 5288.05 5328.36 5216.53 5265.97 5322.4 5484.48 5525.99 5494.33 5453.74 5398.18 5332.32 5269.22 5189.59 5159.97 5151.85 5196.06 5268.33 5316.01 5334.47 5361.77 5374.31 5341.51 5330.55 5298.82 5262.06 5233.45 5184.45 5144.47 5165 5158.6 5141.76 5178.06 5156.7 5095.53 5081.89 5059.93 5053.08
4898.08 4907.82 4930.94 4947.13 4965.26 4977.67 5010.95 5010.78 4990.09 4971.07 4944.34 4917.36 4891.34 4858.17 4821.03 4804.77 4787.42 4783.9 4783.42 4796.36 4813.36 4821.84 4825.05 4825.67 4842.41 4845.24 4860.76 4934.58 5103.15 5229.15 5292.26 5349.18 5289.43 5337.81 5427.41 5482.99 5518.29 5516.22 5470.4 5417.83 5364.01 5305.61 5228.71 5191.23 5213.3 5287.92 5384.85 5412.45 5410.13 5410.81 5403.95 5389.54 5412.56 5383.72 5345.07 5319.25 5284.98 5251.29 5268.72 5302.73 5360.7 5243.41 5147.58 5056.15 5018.95 5011.93 5039.03
4962.06 4960.7 4962.39 4962.43 4967.68 4977.17 4994.56 5003.83 4989.2 4970.13 4947.52 4923.03 4895.7 4849.31 4840.72 4833.3 4823.15 4792.11 4782.99 4789.02 4793.34 4786.8 4803 4832.06 4841.89 4851.54 4875.24 4945.21 5093.66 5211.22 5289.2 5333.18 5276.67 5369.12 5486.03 5552.07 5575.19 5540.16 5499.96 5427.6 5389.01 5335.18 5276.16 5217.62 5206.83 5341.81 5430.43 5459.58 5436.26 5386.06 5345.52 5371.22 5380.67 5420.35 5432.71 5435.56 5437.05 5410.61 5370.96 5368.09 5327.41 5242.81 5154.11 5068.86 5013.29 4978.89 4949.3
4990.6 5012.24 4994.67 4974.95 4972.18 4977.38 4997.82 5001.85 4987.89 4965.31 4945.31 4925.53 4899.5 4884.25 4865.36 4868.18 4865.05 4844.53 4804.3 4794.69 4795.28 4797.82 4805.22 4829.9 4841.03 4845.67 4903.32 4976.56 5107 5235.31 5337.21 5365.31 5340.8 5384.44 5517.28 5610.06 5614.29 5557.81 5518.39 5469.2 5438.98 5396.64 5361.74 5318.05 5302.99 5440.17 5521.22 5518.79 5472.53 5399.77 5325.86 5381.41 5418.06 5466.44 5503.38 5538.15 5597.73 5557.27 5457.75 5380.11 5271.12 5224.71 5183.83 5103.22 5036.9 4982.71 4947.72
5041.65 5084.38 5005.86 4945.68 4914.57 4933.86 4966.83 4980.36 4966.26 4952.62 4938.62 4924.73 4908.45 4872.77 4886.51 4900.99 4913.48 4881.23 4838.66 4820.28 4816.99 4804.47 4805.29 4830.53 4849.62 4853.88 4900.49 4983.4 5132.61 5326.19 5403.62 5388.2 5357.22 5378.4 5455.07 5531.41 5546.09 5524.49 5505.24 5467.91 5460.35 5482.07 5502.23 5514.9 5512.62 5542.42 5598.08 5597.1 5510.64 5439.98 5400.87 5447.03 5516.38 5538.99 5563.97 5591.71 5624.16 5591.28 5515.74 5429.64 5316.94 5271.52 5241.35 5151.05 5072.75 5025.63 4952.43
4997.49 5022.45 4977.32 4911.25 4853.75 4903.81 4978.51 4975.7 4954.71 4945.4 4932.31 4925.4 4929.17 4912.42 4902.37 4908.92 4932.39 4940.67 4905.78 4873.33 4858.34 4843.32 4854.82 4889.35 4878.54 4872.77 4909.11 4994.44 5123.91 5274.19 5401.66 5431.29 5367.76 5356.96 5397.75 5442.37 5441.46 5461.28 5476.25 5496.39 5517.22 5557.54 5612.54 5707.97 5678.92 5556.23 5480.97 5483.48 5482.98 5432.35 5406.6 5492.28 5570.03 5591.71 5604.08 5619.84 5619.38 5595.46 5550.66 5498.91 5453.56 5398.79 5311.65 5208.71 5134.58 5081.68 4986.97
4959.56 4946.32 4961.17 4925.53 4873.72 4904.56 4905.51 4944.32 4939.73 4937.31 4930.88 4918.08 4894.18 4910.86 4906.52 4905.4 4902.56 4933.98 4963.18 4914.17 4893.86 4908.28 4901.55 4862.02 4854.7 4861.19 4927.34 5031.87 5113.11 5170.73 5311.15 5357.9 5358.22 5367.17 5361.06 5351.81 5374.92 5394.65 5426.3 5476.59 5524.34 5589.39 5653.75 5700.23 5642.74 5523.7 5435.17 5377.49 5440.42 5550.21 5456.27 5518.42 5598.73 5612.74 5624.77 5633.52 5657.03 5597.1 5548.69 5521.42 5562.83 5497.33 5303.84 5182.83 5160.87 4997.39 4828.59
4959.78 5018.52 5009.61 4984.92 4984.25 4960.63 4950.39 4933.45 4931.21 4928.94 4928.29 4927.44 4930.77 4897.55 4898.47 4913.63 4922.02 4881.82 4900.02 4901.1 4901.37 4976.99 4966.41 4957.38 4936.36 4965.89 5083.43 5152.18 5135.05 5119.55 5150.41 5266.99 5312.16 5363.91 5342.08 5295.71 5300.65 5341.44 5389.87 5457.79 5510.4 5575.27 5630.46 5646.12 5556.63 5400.73 5332.37 5325.03 5378.29 5433.86 5418.19 5476.71 5561.68 5609.65 5641.29 5644.43 5587.27 5569.06 5500.51 5449.56 5413.03 5305.03 5111.53 4940.58 4786.58 4650.57 4470.59
4958.74 5028.73 5040.7 5020.48 5003.92 4981.35 4954.48 4936.6 4923.3 4921.64 4926.04 4928.35 4902.37 4871.08 4866.23 4875.44 4836.3 4827.1 4850.85 4889.28 4916.52 4974.23 5025.85 5076.04 5077.94 5023.88 5032.42 5186.37 5144.55 5098.85 5098.05 5154.19 5195.36 5214.03 5270.17 5263.21 5270.03 5323.38 5378.46 5453.12 5499.8 5536.8 5559.07 5564.69 5461.75 5332.47 5340.68 5371.23 5339.3 5288.32 5350.27 5408.54 5511.05 5600.29 5660.16 5714.28 5715.51 5551.13 5400.39 5276.51 5090.94 4882.52 4797.99 4635.75 4412.02 4280.82 4156.84
4984.28 5030 5046.47 5033.66 5008.54 4982.79 4953.96 4918.13 4905.85 4908.93 4914.8 4918.8 4896.04 4849.67 4818.17 4777.37 4784.1 4824.99 4868.83 4911.23 4969.58 5024.29 5052.69 5065.82 5057.4 5016.5 4988.62 5148.64 5124.08 5078.31 5120.14 5131.34 5155.55 5147.47 5153.53 5154.26 5241.56 5326.64 5401.97 5447.8 5480.77 5491.28 5475.06 5421.28 5363.54 5317.15 5365.06 5414.36 5359.91 5335.64 5318.47 5394.55 5538.75 5599.26 5644.2 5714.88 5659.03 5469.75 5262.11 5077.78 4843.66 4602.88 4540.5 4416.06 4254.66 4097.7 3998.22
4987.71 5027.85 5047.26 5036.63 5007.02 4983.03 4968.15 4929.81 4901.34 4905.7 4908.36 4902.07 4878.77 4854.64 4798.62 4747.41 4747.26 4794.67 4860.95 4933.3 4990.81 5048.78 5077.47 5076.1 5026.21 5054.9 5089.24 5110.37 5092.56 5069.73 5134.16 5187.98 5186.18 5161.74 5138.53 5183.91 5307.34 5393.33 5440.76 5460.78 5468.98 5463.05 5428.1 5381.5 5314.99 5275.82 5364.56 5443.18 5298.74 5281.03 5405.83 5624 5619.12 5581.52 5561.52 5578 5481.08 5291.39 5076.3 4865.22 4687.85 4486.75 4400.95 4277.17 4144.13 4060.92 3956.73
4993.82 5042.19 5072.72 5034.15 5006.28 4993.14 4963.22 4951.83 4917.47 4910.4 4907.3 4912.69 4954.71 4877.09 4804.44 4746.81 4745.42 4777.79 4874.22 5003.06 5061.91 5119.03 5115.88 5084.09 5049.99 5090.69 5124.59 5098.38 5080.94 5067.93 5095.85 5193.36 5220.08 5251.43 5181.54 5285.04 5437.38 5486.2 5476.06 5475.37 5457.64 5448.52 5413.03 5376.19 5323.77 5263 5384.7 5275.47 5249.9 5307.56 5478.48 5612.76 5592.67 5464.47 5359.96 5315.47 5210.67 5036.85 4852.03 4677.87 4561.58 4478.03 4316.19 4165.87 4064.94 4027.5 3974.56
4988.35 5021.67 5042.91 5011.79 4976.8 4948.73 4981.27 4959.01 4945.57 4922.14 4910.91 4906.49 4924.66 4888.99 4826.79 4769.22 4764.33 4830.76 5000.73 5140.87 5266.07 5240.94 5194.14 5124.34 5102.52 5085.09 5096.07 5092.46 5093.04 5083.08 5067.61 5152.35 5208.1 5215.03 5216.88 5329.51 5408.71 5480.49 5478.91 5470.3 5459.24 5453.57 5457.15 5441.25 5403.65 5375.27 5331.39 5408.42 5463.6 5485.23 5602.07 5731.49 5482.48 5246.05 5047.63 4921.18 4846.09 4737.07 4607.71 4476.91 4384.76 4299.06 4164.22 4026.42 3938.18 3882.07 3852
4977.6 4992.33 4997.18 4979.61 4965.59 4962.01 4988.23 4967.91 4937.74 4923.86 4910.87 4919.69 4921.17 4906.16 4875.32 4872.81 4849.31 4895.26 5075.37 5197.12 5320.57 5371.76 5291.03 5203.95 5096.73 5114.11 5104.76 5115.95 5126.82 5148.34 5161.29 5202.89 5182.52 5153.02 5145.18 5217.15 5345.6 5428.27 5438.61 5438.47 5442.25 5450.85 5442.37 5458.47 5482.07 5510.86 5438.62 5549.43 5494.76 5483 5579.98 5553.52 5224.19 4917.31 4668.51 4496.7 4411.74 4418.32 4343.61 4269.61 4162.24 4022.27 3919.43 3852.81 3763.68 3726.12 3711.7
4980.84 4968.15 4942.05 4951.7 4962.42 4967.92 4985.68 4962.64 4945.77 4915.89 4905.01 4906.99 4937.97 4926.41 4919.18 4934.86 4885.09 4944.37 5044.63 5133.64 5240.85 5396.88 5349.5 5309.08 5323.46 5224.19 5149.45 5127.04 5160.41 5216.71 5248.55 5162.51 5159.87 5217.98 5233.26 5384.33 5399.1 5386.43 5394.78 5415.42 5443.42 5461.22 5450.08 5443.3 5459.05 5503.55 5562.02 5457.25 5336.3 5348.39 5326.33 5116.82 4815.46 4550.4 4307.35 4128.95 4107.72 4150.77 4115.33 4062.9 3970.34 3844.75 3755.88 3714.63 3663.72 3632.12 3601.65
4984.39 4972.69 4968.27 4970.55 4967.57 4969.53 4960.96 4931.86 4885.95 4897.26 4904.7 4922.9 4941.19 4932.28 4930.08 4931.08 4930.62 4936.53 5041.64 5093.31 5120.13 5316.43 5323.13 5312.39 5333.71 5185.5 5115.05 5112.21 5152.21 5248.74 5274.17 5093.19 5094.22 5146.17 5260.55 5572.43 5519.67 5373.54 5373.85 5415.87 5460.87 5497.4 5527.28 5502.61 5458.6 5449.04 5449.56 5391.9 5410.79 5234.87 5002.92 4686.96 4410.94 4219.23 4036.44 3898.53 3916.64 3951.56 3939.04 3896.73 3831.37 3762.96 3706.16 3640.65 3568.29 3577.02 3434.07
4980.33 4981.22 4992.22 4983.81 4971.03 4967.52 4962.66 4953.49 4940.17 4930.95 4921.3 4914.17 4930.01 4926.14 4914.68 4917.2 4870.94 4934.16 5039.6 5070.67 5054.54 5181.45 5270.97 5308.91 5267.09 5116.76 5106.59 5092.09 5157.07 5249.56 5167.3 5068.7 5053.78 5008.09 5084.67 5491.23 5509.27 5419.68 5386.81 5423.31 5491.14 5551.01 5584.11 5527.15 5502.14 5471.03 5443.97 5429.06 5394.03 5074.39 4692.89 4315.94 4072.41 3978.58 3897.92 3836.27 3841.28 3816.49 3791.37 3751.48 3708.62 3669.04 3611.19 3599.44 3531.06 3439.47 3299.16
4978.21 4977.44 4963.84 4951.75 4955.81 4957.86 4952.15 4950.59 4962.36 4953.45 4948.04 4937.18 4932.9 4920.63 4893.64 4886.55 4996.54 5007.16 5041.78 5048.39 5052.74 5135.75 5199.44 5252.06 5235.85 5224.56 5199.65 5234.94 5319.18 5378.82 5300.55 5148.82 5061.45 5040.85 5144.88 5468.69 5519.93 5414.07 5404.91 5470.68 5530.18 5592.26 5621.12 5548.98 5470.16 5522.38 5518.45 5453.72 5286.01 4856.65 4400.27 4035.97 3840.51 3851.45 3875.57 3845.78 3810.64 3759 3690.1 3642.95 3607.9 3571.79 3539.21 3577.7 3558.52 3359.79 3217.41
4995.27 4980.4 4952.77 4935.81 4929.03 4925.02 4901.88 4915.65 4924.97 4927.74 4932.31 4947.59 4944.82 4928.97 4926.34 4893.07 4952.43 4996.31 5018.31 5055.94 5029.22 5018.55 5061.21 5141.52 5256.45 5335.01 5255.09 5251.05 5316.09 5469.17 5390.81 5173.99 5058.07 5113.2 5275.1 5561.5 5669.07 5543.11 5499.25 5553.63 5595.26 5623.93 5630.06 5574.13 5542.88 5606.53 5515.39 5367.2 5094.75 4611.95 4167.59 3903.31 3781.95 3809.74 3867.77 3849.8 3785.41 3713.52 3647.44 3568.67 3518.4 3484.9 3560.8 3441.17 3347.42 3215.89 3112.19
5058.88 4990 4938.99 4900.66 4894.51 4893.46 4890.14 4875.39 4857.88 4882.21 4918.02 4948.95 4953.09 4938.68 4900.11 4922.06 4936.85 4963.76 4951.69 4891.17 4885.57 4896.81 4997.39 5095.26 5203.32 5234.44 5220.34 5208.51 5241.87 5444.52 5370.64 5179.16 5043.47 5144.75 5351.65 5608.15 5670.42 5667.06 5636.64 5644.47 5664.35 5661.2 5631.73 5605.49 5570.83 5607.51 5388.1 5037.86 4720.34 4353.53 4007.88 3858.52 3787.99 3797.1 3812.87 3768.66 3698.93 3619.43 3542.53 3480.49 3404.33 3310.43 3174.36 3094.48 2968.91 2966.2 2889.6
5038 4971.56 4918.83 4877.75 4876.33 4868.66 4877.92 4866.37 4867.86 4903.44 4946.77 4968.72 4973.94 4960.78 4959.08 4963.91 4937.23 4941.4 4935.05 4929.5 4871.86 4832.78 4945.6 5148.57 5191.86 5170.32 5176.24 5181.06 5195.35 5217.24 5164.69 5063.65 4997.52 5135.21 5314.24 5550.85 5737.37 5700.1 5694.5 5733.21 5764 5790.56 5720.17 5654.16 5628.9 5628.34 5194.85 4716.48 4377.22 4169.61 3982.42 3887.55 3841.35 3779.54 3766.6 3669.07 3574.13 3486.79 3407.66 3336.76 3275.65 3168.42 3021 2936.61 2839.82 2785.87 2767.35
4964.98 4932 4903.3 4884.52 4881.94 4881.41 4871.11 4860.04 4875.39 4893.46 4995.37 5046.34 5013.63 4980.38 4955.5 4961.67 4958.41 4949.91 4936.38 4905.3 4862.38 4806.08 4810.47 5027.03 5195.29 5204.9 5155.03 5148.11 5150.11 5036.23 4993.94 4932.02 4970.86 5115.03 5262.53 5386.36 5696.56 5744.19 5781.08 5793.67 5797.45 5876.87 5742.78 5483.4 5335.84 5192.82 4894.66 4526.09 4294.32 4180.58 4066.64 3921.77 3818.04 3685.63 3574.1 3493.03 3411.47 3339.83 3271.64 3206.76 3130.42 3059.34 3000.62 2923.73 2780.95 2723.6 2703.71
4900.85 4900.3 4891.68 4885.3 4881.82 4885.77 4863.18 4860.77 4881.58 4974.66 5023.78 5066.48 5036.12 5002.04 4985.59 4985.59 4982.69 4980.74 4966.84 4959.58 4930.12 4858.63 4817.92 4935.94 5086.98 5091.37 5118.1 5109.39 5035.42 4949.88 4938.71 4931.62 4980.84 5138.39 5308.4 5444.16 5676.27 5816.47 5912.67 5820.15 5684.61 5540.03 5358.65 5104.78 4887 4747.21 4603.33 4422.5 4269.38 4179.07 4055.76 3887.99 3733.62 3545.64 3369.39 3305.14 3257.51 3196.45 3134.94 3069.08 2995.36 2941.71 2856.17 2762.85 2677.96 2650.72 2645.22
4907.03 4901.27 4887.52 4865.79 4867.86 4881.26 4869.06 4874.64 4912.96 4922.7 4965.14 5036.71 5046.58 5024.1 5003.55 5040.1 5023.81 5021.01 5009.93 5025.38 5027.17 4922.91 4857.21 4917.03 5026.93 5139.79 5171.9 5106.03 5004.02 4936.76 4974.04 5023.83 5081.47 5203.93 5346.92 5573.23 5736.68 5801.98 5907.98 5761.86 5488.03 5181.01 4991.3 4801.84 4638.47 4533.04 4413.77 4266.87 4156.5 4043.59 3923.39 3782.58 3638.9 3421.54 3233.93 3165.01 3129 3085.44 3031.26 2980.83 2908.03 2845.02 2720.74 2655.23 2662.69 2637.33 2617.31
4927.27 4923.82 4903.64 4884.41 4873.07 4866.97 4868.95 4873.08 4871.19 4904.15 4916.39 5032.73 5093.29 5113.31 5152.86 5185.22 5132.91 5076.1 5047.11 5011.32 4986.6 4967.91 4920.04 4919.05 5010.41 5191.67 5231.47 5109.1 5020.18 4985.25 5050.52 5148.61 5230.67 5314.42 5380.14 5519.07 5723.99 5742.05 5914.68 5677.8 5277.87 4921.52 4754.96 4637.7 4530.62 4428.03 4309.87 4186.37 4056.42 3929.07 3781.34 3650.59 3486.45 3283.3 3129.52 3059.45 3016.66 2986.45 2941.23 2885.99 2821.32 2756.45 2651.91 2617.72 2598.57 2589.39 2588.21
4956.87 4942.87 4920.77 4907.37 4885.38 4875.23 4888.93 4893.62 4882.04 4904.06 4996.48 5094.8 5182.92 5279.54 5380.57 5324.38 5182.71 5100.65 5076.23 5046.91 5019.9 5001.38 4979.27 4964.22 5039.86 5096.15 5108.68 5067.9 5003.57 5006.5 5132.17 5283.9 5423.92 5470.99 5479.84 5519.34 5640.84 5658.14 5694.3 5430.64 5038.62 4715.93 4596.13 4530.64 4430.84 4326.79 4213.96 4079.85 3928.66 3775.14 3666 3543.39 3387.99 3209.47 3086.09 2991.89 2942.97 2897.03 2850.55 2801.85 2746.86 2698.76 2624.53 2596.09 2584.9 2571.25 2556.92
4931.12 4927.33 4925.7 4919.55 4910.53 4906.51 4923.91 4932.1 4925.13 4945.76 5035.5 5140.13 5249.49 5393.59 5410.22 5364.47 5184.32 5078.49 5001.17 5019.27 5014.52 5043.97 5004.97 4987.76 4999.8 5012.81 4994.14 5046.78 5052.25 5071.79 5213.47 5384.52 5525.63 5610.32 5590.43 5629.1 5665.05 5651.12 5441.37 5121.49 4822.72 4556.15 4509.43 4449.21 4388.1 4267.18 4126.33 3977.24 3821.55 3689.39 3588.99 3462.59 3337.03 3210.42 3039.53 2945.63 2895.69 2854.54 2803.93 2756.25 2707.49 2669.08 2590.49 2586.62 2564.74 2546.58 2530.07
4912.99 4915.04 4930.29 4937.09 4934.94 4942.64 4975.94 5003.94 4986.3 4999.61 5082.94 5152.04 5251.65 5380.45 5429.86 5319.93 5162.51 5063.93 4984.51 5006.52 5130.26 5080.16 5078.61 5068.98 5077.33 5053.97 5074.92 5115.45 5160.91 5181.38 5294.35 5464.56 5627.4 5594.56 5631.97 5644.24 5673.53 5672.2 5359.44 4991.21 4748.08 4562.73 4505.24 4452.88 4375.85 4221.2 4038.98 3877.06 3743.62 3633.03 3528.18 3383.54 3218.86 3025.46 2957.24 2887.41 2840.29 2795.08 2751.46 2715.55 2671.38 2643.08 2576.83 2567.82 2551.05 2533.01 2512.41
4934.42 4936.71 4945.77 4954.02 4945.97 4972.22 4992.87 5003.21 5025.67 5047.99 5088.76 5153.53 5222.82 5276.77 5401.22 5353.22 5173.33 5072.81 4987.94 5014 5058.21 5038.51 5001.61 5019.25 5077.07 5103.6 5152.65 5216.27 5280.05 5278.17 5357.65 5515.35 5613.87 5633.54 5668.61 5715.05 5722.6 5631.85 5329.16 4934.67 4744.65 4601.16 4509.19 4466.55 4346.34 4168.8 3977.36 3811.6 3684.11 3584.86 3476.89 3308.89 3131.37 2962.1 2904.14 2843.01 2809.72 2769.09 2739.03 2695.14 2655.87 2617.04 2563.11 2554.62 2544.36 2525.76 2501.53
