real_craters/C206-500m.grd
DSAA
552 552
-137.7775 137.7775
-137.7775 137.7775
4180.8555904104 7265.3254947065
[rows 90 to 119 of 552, columns 402 to 468 of 552]
5917.83 5935.24 5947.81 5947.44 5946.78 5945.46 5944.78 5944.28 5943.73 5939.15 5922.61 5903 5881.34 5870.98 5872.48 5872.73 5871.32 5869.53 5867.33 5864.84 5860.8 5860.08 5863.27 5870.16 5882.75 5906.32 5961.96 6098.57 6067.43 5940.36 5888.91 5878.38 5879.92 5885.24 5891.06 5896.04 5893.53 5881.35 5864.8 5853.34 5852.41 5856.52 5864.46 5874.03 5883.7 5893.26 5902.65 5911.22 5918.13 5925.23 5932.26 5934.81 5941.3 5947.85 5953.65 5959.58 5964.78 5969.8 5968.53 5960.06 5954.97 5956.18 5960.42 5963.66 5962.37 5963.42 5955.34
5924.4 5938.58 5949.93 5947.1 5945.89 5944.54 5941.39 5935.52 5924.78 5917.96 5912.82 5899.37 5879.21 5870.52 5871.3 5870.02 5868.24 5866.25 5863.28 5859.52 5854.62 5852.08 5858.2 5866.67 5880.45 5903.93 5949.1 6021.84 6005.62 5917.58 5882.31 5876.85 5878.78 5883.06 5885.74 5876.55 5863.57 5868.12 5859.43 5848.08 5849.55 5855.32 5863.89 5873.45 5882.19 5891.88 5901.32 5910.93 5919.92 5924.79 5928.97 5929.58 5934.68 5939.31 5944.09 5948.09 5950.65 5949.06 5946.05 5948.97 5949.04 5950.1 5951.46 5950.55 5945.84 5940.94 5940.35
5922.54 5931.62 5935.14 5941.12 5943.04 5942.9 5940.33 5933.21 5919.74 5913.57 5912.3 5906.21 5898.86 5885.99 5877.21 5871.56 5867.33 5864 5860.62 5856.8 5851.55 5850.34 5855.65 5862.33 5874.14 5893.14 5918.48 5935.69 5934.15 5899.22 5881.63 5879.38 5881.37 5884.72 5887.6 5886.64 5869.31 5879.78 5881.5 5855.81 5852.6 5859.06 5865.71 5874.02 5882.35 5891.69 5900.29 5908.86 5917.81 5921.35 5924.72 5924 5927.54 5931.42 5934.88 5937.9 5939.65 5940.33 5942.43 5943.44 5945.45 5946.03 5945.36 5941.39 5933.77 5929.5 5927.49
5917.82 5923.08 5931.92 5935.68 5938.93 5941.6 5942.08 5939.73 5933.42 5925.62 5919.32 5913.21 5910.16 5896.4 5882.57 5874.41 5868.66 5863.32 5858.95 5855.92 5853.52 5850.17 5856.49 5862.15 5868.96 5876.96 5885.82 5889.55 5892.76 5888.45 5886.95 5888.4 5889.13 5890.43 5892.53 5894.86 5890.59 5904.99 5925.81 5873.55 5861.94 5866.39 5870.33 5875.79 5883.78 5891.17 5898.6 5904.35 5909.1 5915.2 5918.31 5918.47 5921.4 5924.06 5926.67 5928.75 5930.71 5933.02 5934.38 5937.98 5940.14 5944.02 5943.65 5939.82 5931.31 5927.87 5925.8
5912.24 5917.48 5922.06 5927.61 5934.08 5940.15 5944.99 5948.81 5948.88 5938.46 5925.86 5914.33 5902.4 5892.68 5882.56 5873.15 5866.76 5861.13 5857 5855.09 5855.16 5860.45 5857.88 5858.62 5860.14 5859.94 5859.97 5861.28 5873.59 5889.66 5898.82 5896.03 5895.03 5894.62 5895.05 5898.85 5908.02 5919.95 5920.16 5883.53 5869.2 5871.38 5874.28 5879.25 5885.39 5891.31 5897.44 5902.35 5905.44 5910.14 5912.85 5913.09 5915.24 5917.03 5918.71 5920.15 5921.73 5923.85 5928.3 5936.64 5942.42 5946.83 5948.35 5946.44 5943.54 5939.68 5928.99
5905.94 5907.2 5910.34 5919.73 5929.33 5937.68 5945.7 5953.47 5955.94 5943.7 5927.49 5914.1 5902.41 5890.17 5879.91 5871.35 5863.87 5858.5 5854.15 5851.6 5851.45 5851.36 5853.46 5854.72 5852.83 5847.91 5849.12 5855.72 5870.8 5888.6 5898.28 5897.39 5897.42 5898.23 5900.61 5914.26 5929.68 5933.29 5927.22 5905.41 5871.83 5876.07 5879.43 5883.24 5887.24 5892.14 5897.52 5903.59 5907.18 5907.63 5907.01 5907.84 5908.95 5910.02 5911.25 5912.15 5913.21 5914.5 5918.27 5934.61 5949.52 5950.34 5955.8 5963.44 5975.08 5960.34 5937.58
5901.83 5900.83 5904.65 5916.24 5925.54 5933.8 5942.38 5951.32 5954.38 5939.08 5921.47 5905.85 5894.84 5883.63 5874.67 5867.47 5860.98 5856.2 5852.07 5848.92 5846.62 5851 5855.03 5855.95 5853.96 5852.37 5856.74 5866.37 5880.12 5888.02 5891.99 5895.89 5900.34 5904.1 5908.15 5926.19 5939.67 5947.96 5948.9 5922.24 5899.9 5891.01 5889.2 5889.39 5890.9 5893.73 5897.08 5901.63 5904.43 5903.25 5901.89 5903.42 5904.15 5904.51 5905.05 5905.29 5905.68 5906.03 5908.82 5919.07 5932.9 5945.16 5957.32 5971.5 5981.1 5963.05 5937.3
5900.79 5903.08 5908.83 5916.49 5921.9 5927.06 5932.63 5938.86 5940.84 5925.68 5908.99 5891.4 5877.8 5873.79 5867.93 5862.2 5857.31 5853.69 5851.63 5851.66 5854.69 5860.99 5864.76 5862.56 5860.68 5863.88 5883.95 5890.38 5895.65 5892.59 5887.89 5896.05 5905.3 5913.4 5920.4 5933.1 5945.79 5957.55 5955.2 5932.82 5916.25 5904.73 5899.37 5896.24 5895.39 5894.99 5895.09 5896.01 5897.33 5896.67 5895.65 5898.43 5899.76 5900.41 5900.87 5901.14 5901 5900.19 5900.18 5904.86 5918.79 5934.7 5949.83 5963.07 5967.28 5949.35 5926.34
5901.08 5905.3 5911.88 5915.05 5916.24 5916.83 5917.03 5915.78 5912.17 5905.84 5894.63 5882.94 5873.09 5866.78 5862.36 5858.23 5854.4 5851.4 5850.02 5851.83 5856.76 5865.38 5871.38 5870.03 5871.13 5878.68 5906.67 5908.62 5909.19 5902.89 5895.88 5902.85 5913.09 5924.08 5937.2 5938.47 5948.33 5964.51 5960.08 5938.9 5923.41 5915.8 5909.09 5903.3 5899.27 5895.49 5892.09 5888.49 5889.72 5890.38 5894.01 5894.13 5894.94 5895.61 5896.83 5897.24 5897.41 5897.38 5897.84 5900.85 5910.35 5922.91 5935.92 5949.5 5950.6 5926.82 5906.5
5899.79 5903.62 5908.94 5909.2 5908.27 5904.81 5900.55 5895.35 5890.9 5887.06 5880.69 5873.25 5867.05 5861.66 5857.44 5854.29 5851.85 5849.04 5847.19 5847.43 5852.57 5861.15 5867.49 5875.25 5883.7 5897.68 5917.66 5921.56 5919.79 5914.97 5912.52 5914.73 5920.18 5929.05 5938.22 5933.26 5949.58 5969.5 5970.94 5952.89 5939.05 5928.48 5919.06 5910.28 5903.92 5896.79 5889.59 5884.11 5883.06 5883.28 5884.64 5884.87 5893.36 5893.03 5893.95 5896.24 5896.84 5897.2 5897.73 5899.11 5903.66 5909.62 5915.48 5916.99 5912.88 5895.57 5881.53
5897.04 5898.5 5900.57 5905.21 5897.91 5891.64 5884.98 5877.79 5874.14 5872.26 5869.21 5863.13 5859.66 5856.48 5853.33 5850.57 5847.84 5845.33 5843.54 5844.85 5848.86 5856.7 5866.47 5878.87 5894.57 5912.21 5934.15 5928.51 5925.23 5922.72 5922.46 5922.03 5923.22 5927.48 5932.58 5940.83 5956.32 5972.63 5978.55 5964.94 5948.53 5940.14 5929.23 5918.22 5906.67 5896.95 5888.42 5881.67 5879.56 5879.45 5880.5 5883.49 5891.9 5893.89 5895.67 5897.2 5899.92 5899.82 5899.6 5897.88 5897.59 5898.15 5895.93 5886.25 5869.33 5862.72 5856.67
5894.09 5891.04 5888.35 5884.22 5882.99 5878.61 5871.55 5863.4 5860.98 5861.72 5861.73 5861.87 5857.89 5853.91 5851.07 5847.98 5844.87 5841.94 5839.81 5840.2 5845.35 5852.76 5862.87 5878.29 5898.14 5911.92 5912.93 5921.8 5924.48 5923.52 5921.37 5920.89 5921.52 5923.43 5928.3 5947.04 5961.26 5978.09 5989.94 5980.34 5966.95 5953.39 5938.86 5924.4 5910.85 5898.69 5889.11 5882.06 5877.8 5876.38 5877.23 5878.79 5890.46 5895.23 5897.75 5899.87 5900.61 5901.96 5901.3 5896.63 5891.41 5889.85 5885.72 5874.8 5857.06 5845.37 5838.17
5891.31 5884.44 5877.29 5873.35 5873.44 5869.23 5861.46 5854.61 5852.33 5854 5855.53 5854.46 5854.39 5851.9 5848.78 5845.84 5842.29 5839.48 5837.38 5838.78 5842.56 5849.19 5858.13 5873.03 5890.91 5905.26 5909.66 5913.36 5915.3 5916.57 5919.28 5920.31 5917.07 5916.45 5921.67 5941.83 5956.24 5973.42 5993.69 5989.56 5979.62 5965.76 5947.13 5928.96 5912.46 5898.23 5886.73 5879.28 5874.23 5872.45 5873.76 5876.75 5880.77 5891.2 5895.63 5897.92 5900.06 5902.23 5899.42 5890.51 5882.99 5884.58 5884.71 5874.94 5854.3 5836.25 5827.04
5890.08 5880.94 5870.47 5870.7 5875.23 5863.35 5853.97 5845.89 5846.37 5849.02 5851.6 5853.08 5851.77 5850.03 5847.5 5844.45 5840.75 5837.37 5834.95 5836.45 5840.48 5847.07 5854.95 5867.27 5880.11 5893.26 5903.27 5906.18 5906.27 5908.13 5915.82 5918.55 5911.31 5902.74 5900.95 5927.61 5944.99 5958.46 5979.14 5986.68 5985.61 5971.31 5950.38 5930.7 5912.6 5895.83 5881.58 5872.8 5869.92 5869.4 5872.51 5876 5879.23 5883.31 5892.35 5895.12 5897.51 5898.86 5895.22 5877.74 5868.95 5879.9 5892.82 5888.01 5862.27 5832.76 5820.71
5891.68 5882.67 5873.64 5870.32 5864.53 5854.51 5847.13 5844.07 5842.68 5845.51 5848.78 5851.55 5851.06 5849.87 5847.72 5844.65 5841.09 5836.74 5832.65 5832.2 5839.31 5847.05 5855.81 5864.59 5873.94 5886.21 5896.91 5901 5903.28 5907.52 5912.74 5914.71 5908.38 5898.57 5902.19 5924.87 5937.39 5948.43 5964.38 5972.78 5973.53 5963.47 5946.8 5928.39 5909.92 5892.35 5876.79 5868.01 5866.16 5866.95 5869.23 5872.98 5876.75 5879.7 5887.09 5889.95 5892.11 5893.17 5888.5 5864.1 5851.16 5872.11 5903.03 5933.37 5885.57 5838.55 5817.88
5894.27 5886.79 5879.01 5867.01 5850.89 5842.66 5838.29 5837.29 5839.2 5843.26 5846.47 5848.9 5850.99 5851.18 5849.98 5847.06 5843.6 5839.23 5835.43 5835.47 5841.6 5848.94 5855.85 5862.17 5869.35 5881.3 5891.05 5896.72 5901.03 5906.01 5910.65 5914.66 5912.44 5911.14 5923.22 5927.29 5934.65 5941.81 5950.22 5954.57 5957.25 5952.28 5940.12 5924.63 5907.44 5890.05 5874.16 5865.69 5865.12 5866.49 5868.43 5870.33 5872.42 5874.74 5876.49 5880.75 5882.27 5883.01 5878.94 5849.1 5831.35 5855.3 5886.66 5904.74 5874.94 5834.83 5809.49
5896.92 5891.23 5885.51 5877.09 5841.48 5834.08 5831.22 5831.81 5836.62 5842.45 5846.81 5850.67 5852.69 5853.92 5853.72 5852.13 5849.04 5844.65 5841.11 5842 5846.74 5852.61 5858.15 5860.96 5862.04 5875.86 5887.16 5893 5896.92 5900.03 5908.16 5916.45 5916.32 5916.13 5921.45 5927.29 5934.66 5939.62 5939.98 5940.58 5944.56 5942.92 5933.75 5920.55 5905.53 5889.45 5874.34 5866.93 5866.21 5865.83 5866.08 5867.22 5866.64 5866.78 5866.54 5866.3 5867.24 5867.54 5864.21 5837.8 5819.3 5833.51 5852.13 5859.03 5836.55 5803.62 5791.33
5897.43 5892.59 5887.63 5875.35 5847.76 5832.11 5829.37 5831.93 5837.74 5844.08 5848.89 5853.26 5856.3 5858.44 5859.34 5858.88 5856.29 5852.69 5848.9 5849.66 5853.66 5857.59 5860.83 5861.42 5858.45 5873.62 5884.41 5890.05 5894.21 5897.61 5905.17 5911.63 5915.97 5917.35 5919.3 5925.09 5933.18 5933.7 5934.68 5935.41 5937 5933.74 5929.36 5919.6 5906.85 5894.46 5880.89 5872.23 5869.07 5866.74 5864.92 5863.06 5859.87 5857.6 5853.07 5851.49 5850.51 5847.09 5840.82 5823.32 5808.46 5812.63 5817.35 5815.1 5800.35 5780.24 5774.77
5896.8 5890.86 5885.47 5879.35 5845.38 5832.45 5830.82 5834.65 5841.65 5848.21 5852.31 5857.25 5860.98 5863.83 5866.07 5866.8 5866.05 5863.61 5860.2 5860.99 5863.21 5864.14 5863.77 5861.01 5860.69 5873.47 5881.79 5887.58 5892.92 5898.76 5905.02 5909.78 5917.55 5925.12 5920.77 5923.77 5929.99 5930.36 5932.31 5936.16 5935.66 5935.1 5929.58 5922.27 5911.59 5898.97 5887.52 5877.48 5871.97 5866.96 5862.94 5857.9 5851.73 5846.75 5843.66 5839.76 5832.86 5825.06 5814.69 5806.91 5799.82 5799.3 5793.02 5784.01 5777.48 5765.13 5764
5895.22 5887.3 5877.05 5856.94 5841.04 5837.02 5841.83 5843.14 5847.43 5853.95 5861.2 5864.2 5866.64 5869.57 5872.44 5875.35 5877.62 5877.57 5874.14 5875.29 5875.45 5873.68 5870.13 5865 5865.91 5873.27 5878.96 5884.51 5890.55 5898.37 5904.57 5909.95 5919.96 5929.99 5922.7 5921.92 5923.82 5924.61 5927.14 5931.67 5936.26 5932.63 5931.45 5928.66 5919.5 5905.83 5885.55 5882.39 5875.4 5866.89 5859.71 5851.79 5846.41 5839.51 5833.85 5825.3 5816.99 5807.26 5797.67 5797.02 5795.66 5798.27 5793.97 5780.72 5768.41 5757.89 5757.96
5892.41 5884.23 5874.44 5864.21 5852.44 5843.55 5841.27 5846.74 5851.93 5858.12 5866.83 5868.75 5870.9 5873.91 5877.89 5883.05 5889.42 5895.17 5894.93 5893.72 5889.41 5884.91 5879.78 5874.41 5869.85 5871.39 5875.52 5880.7 5886.16 5891.57 5898.1 5907.9 5918.25 5922.09 5922.47 5921.82 5921.65 5931.01 5935.31 5940.55 5945.25 5943.56 5943.3 5939.44 5931.45 5924.12 5913.84 5895.66 5882.24 5869.78 5858.99 5850.95 5841.57 5834.37 5825.11 5815.19 5806.17 5794.2 5786.81 5791.51 5799.55 5800.66 5806.78 5789.29 5762.07 5747.3 5746.66
5888.4 5881.64 5874.08 5867.73 5861.19 5857.4 5853.47 5853.01 5856.12 5860.91 5864.77 5869.46 5872.54 5875.45 5880.03 5886.62 5897.12 5911.84 5924.18 5910.14 5900.05 5893.58 5889.18 5883.09 5871.68 5868.17 5872.11 5876.9 5881.84 5886.64 5892.93 5903.03 5911.55 5917.61 5925.04 5923.98 5926.44 5941.13 5955.97 5957.38 5958.83 5967.8 5963.6 5948.26 5939.65 5936.84 5927.07 5905.27 5886.69 5870.85 5858.71 5847.81 5837.11 5826.01 5817.39 5806.55 5795.34 5784.36 5777.74 5778.65 5785.17 5773.94 5758.74 5755.09 5748.26 5739.9 5739.23
5892.23 5884.02 5875.5 5868.67 5866.1 5863.71 5858.54 5859.21 5859.58 5863.62 5867.68 5869.63 5871.91 5874.94 5879.2 5885.33 5894.61 5910.67 5924.98 5910.66 5901.95 5897.66 5895.97 5893.99 5877.25 5869.89 5871.36 5874.81 5879.07 5884.13 5891.38 5898.99 5908.03 5913.41 5920.74 5924.54 5930.49 5942.19 5959.71 5961.26 5960.42 5960.4 5953.76 5944.96 5936.72 5933 5922.46 5901.71 5885.6 5870.38 5857.15 5843.46 5832.17 5819.27 5806.84 5795.49 5784.85 5774.46 5765.32 5755.92 5741.71 5725.31 5715.51 5726.96 5739.39 5747.39 5756.54
5893.31 5885.36 5876.93 5870.27 5863.39 5862.91 5864.66 5864.8 5864.16 5863.71 5865.84 5868.38 5870.53 5873.35 5875.52 5878.13 5881.09 5881.22 5883.6 5893.55 5894.32 5894.35 5894.74 5894.35 5883.67 5874.83 5872.9 5874.9 5877.96 5882.2 5888.06 5894.44 5900.25 5906 5916.31 5923.72 5930.32 5937.46 5946.61 5951.59 5952.13 5948.67 5941.75 5935.76 5924.52 5913.45 5903.04 5891.49 5878.2 5865.63 5851.53 5838.52 5826.75 5811.64 5798.22 5786.56 5776.12 5766.07 5754.27 5739.64 5717.02 5698.26 5697.43 5721.23 5741.86 5758.73 5775.64
5891.03 5886.65 5880.76 5875.28 5871.71 5870.21 5872.63 5872.01 5869.1 5863.54 5862.85 5867.51 5869.83 5870.69 5871.33 5871.02 5868.92 5864.45 5866.83 5877.18 5883.43 5885.73 5886 5883.5 5875.81 5875.11 5874.78 5876.11 5877.96 5880.01 5882.6 5891.53 5902.65 5908.32 5914.9 5922.09 5927.1 5929.23 5933 5940.12 5943.19 5942.64 5939.09 5929.1 5912.81 5890.69 5883.34 5880.59 5872.06 5860.6 5847.63 5832.33 5817.19 5803.81 5791.92 5779.72 5768.9 5758.19 5747.93 5737.98 5725.05 5718.67 5725.59 5741.35 5753.69 5764.65 5772.07
5892.35 5887.34 5884.18 5881.51 5881.43 5881.5 5883.13 5880.81 5878.38 5873.87 5870.98 5871.52 5870.99 5869.6 5867.98 5865.22 5861.78 5859.16 5861.62 5869.28 5875.8 5878.97 5877.87 5874.97 5874.95 5877.25 5877.56 5878.46 5879.81 5880.78 5880.94 5891.73 5904.31 5909.01 5913.24 5917.14 5919.8 5922.85 5926.24 5931.58 5934.89 5935.62 5932.96 5928.13 5914.97 5884.45 5881.55 5878.8 5868.77 5858.2 5842.09 5829.55 5816.45 5802.43 5789.01 5774.67 5763.25 5751.01 5746.32 5746.03 5750.56 5771.19 5784.58 5770.45 5769.21 5770.53 5767.82
5894.41 5889.72 5887.22 5884.64 5884.13 5885.58 5887.43 5887.95 5888.34 5889.85 5883.72 5876.92 5872.36 5867.79 5864.1 5861.26 5858.74 5856.79 5859.16 5865.01 5871.18 5875.53 5875.92 5875.73 5886.11 5879.13 5878.32 5879.83 5882.03 5885.51 5892.45 5897.79 5901.68 5906.59 5909.58 5911.4 5915.43 5919.36 5921.92 5924.46 5926.22 5928.46 5931.58 5929.41 5931.86 5949.58 5904.47 5880.2 5863.05 5849.08 5837.4 5825.49 5813.53 5800.69 5786.36 5771.94 5757.37 5746.09 5747.76 5754.18 5761.9 5769.94 5782.56 5784.38 5784.33 5783.88 5779.33
5900.11 5892.65 5888.68 5886.06 5885.3 5888.1 5891.75 5891.52 5892.27 5894.56 5887.14 5878.2 5871.72 5866.65 5862.79 5859.36 5857.12 5856.42 5858.5 5863.01 5869.39 5874.86 5881.26 5879.87 5871.54 5873.79 5876.43 5879.05 5883.77 5888.85 5893.57 5896.17 5899.63 5905.75 5905.97 5907.62 5910.72 5915.61 5916.88 5915.33 5913.8 5914.38 5918.4 5912.75 5910.56 5915.85 5893 5869.6 5854.11 5841.49 5829.94 5818.98 5807.27 5796.4 5784.07 5770.84 5756.21 5747.53 5754.27 5764.09 5769.94 5770.34 5780.83 5791.46 5796.98 5801.25 5807.76
5900.71 5895.35 5890.49 5887.21 5885.45 5887.51 5892.31 5890.68 5888.42 5885.89 5881.13 5874.88 5869.27 5865.13 5861.21 5857.38 5854.53 5853.34 5857.29 5862.73 5869.25 5873.87 5877.91 5877.4 5871.89 5871.09 5874.51 5880.13 5884.78 5890.55 5895.59 5900.13 5902.21 5901.07 5901.55 5902.19 5905.27 5910.54 5908.94 5903.25 5896.81 5890.72 5883.5 5874.68 5863.76 5851.38 5855.35 5849.02 5839.97 5831.29 5822.91 5810.8 5801.99 5793.54 5784.4 5774.19 5764.65 5759.6 5770.27 5780.35 5788.26 5791.45 5795.91 5802.76 5807.93 5813.82 5822.32
5906.75 5898.71 5892.55 5886.9 5882.27 5882.38 5890.66 5887.02 5881.08 5875.28 5873.04 5870.14 5866.9 5862.9 5859.21 5856.51 5854 5854.2 5858.62 5866.28 5871.27 5873.23 5871.24 5870.77 5869.69 5869.73 5874.29 5879.65 5885.96 5892.65 5899.46 5903.68 5900.98 5900.18 5897.48 5895.89 5898.54 5902.82 5898.04 5887.32 5876.9 5864.4 5849.81 5838.19 5831.53 5826.75 5828.27 5825.88 5821.47 5817.34 5811.83 5806.92 5800.2 5794.81 5789.08 5784.64 5781.34 5781.85 5790.36 5800.66 5811.23 5822.26 5817.16 5815.91 5816.83 5818.62 5820.15
