real_craters/C206-500m.grd
DSAA
552 552
-137.7775 137.7775
-137.7775 137.7775
4180.8555904104 7265.3254947065
[rows 210 to 239 of 552, columns 0 to 66 of 552]
6048.27 6053.05 6054.82 6054.38 6052.71 6054.27 6057.7 6059.35 6058.47 6056.86 6057.29 6057.06 6062.26 6080.77 6094.94 6100.69 6100.15 6096.56 6091.52 6088.59 6088.16 6092.87 6094.01 6089.87 6082.06 6075.48 6075.08 6071.99 6069.82 6069.26 6069.55 6069.46 6070.01 6070.85 6072.04 6074.53 6079.54 6089.46 6100.68 6112.8 6116.01 6115.2 6117.27 6121.73 6125.53 6129.71 6134.63 6140.8 6147.12 6146.4 6153.47 6161.63 6149.7 6136.11 6129.69 6123.77 6119.71 6117.47 6115.26 6110.93 6109.78 6119.43 6140.76 6161.89 6178.58 6178.51 6156.5
6055.13 6061.92 6061.79 6061.1 6058.98 6061.16 6065.84 6067.65 6064.32 6064.36 6069.32 6071.14 6074.27 6100.59 6114.16 6114.79 6109.32 6101.58 6093.6 6086.85 6085.26 6092.25 6099.35 6094.68 6085.92 6077.17 6074.33 6072.46 6071.65 6071.01 6070.42 6070.3 6068.92 6068.89 6069.69 6070.73 6074.33 6084.87 6094.37 6101.21 6106.22 6111.02 6120.14 6123.98 6126.19 6130.72 6137.25 6144.98 6140.64 6129.38 6142.8 6166.96 6162.11 6138.12 6128.22 6121.25 6116.48 6112.38 6111.37 6111.03 6113.4 6124.27 6145.92 6164.58 6182.59 6180.07 6154.03
6058.13 6063.48 6070.4 6072.87 6071.78 6074.77 6079.01 6082 6084.48 6079.2 6089.26 6112.32 6121.36 6149.88 6147.54 6135.1 6120.74 6107.68 6095.23 6084.6 6078.06 6092.68 6100.51 6096.78 6089.52 6083.52 6080.88 6076.04 6075.02 6073.77 6072.17 6071.29 6069.96 6069.24 6068.4 6068.4 6070.49 6082.81 6088.09 6090.91 6095.59 6101.28 6110.47 6118.11 6122.26 6127.39 6134.03 6140.5 6138.06 6132.42 6135.51 6141.21 6138.88 6130.78 6122.93 6117.33 6113.14 6110.31 6111 6113.28 6116.56 6124.22 6135.95 6149.45 6151.63 6142.54 6137.36
6062.95 6068.2 6079.45 6089.55 6091.14 6093.43 6094.13 6096.07 6101.23 6098.7 6119.2 6172.38 6245.75 6219.76 6178.78 6150.92 6130.26 6113.46 6098.68 6086.17 6076.66 6095.89 6105.06 6102.71 6097.19 6090.35 6089.59 6082.24 6078.63 6076.52 6075.91 6073.87 6071.63 6069.81 6068.19 6068.61 6073.17 6080.55 6084.03 6084.29 6087.31 6091.61 6100.72 6108.93 6114.57 6119.74 6125.52 6131.72 6131.31 6127.17 6124.61 6121.1 6119.8 6119.43 6116.11 6112.88 6110.71 6111.54 6113.88 6118.81 6124.25 6133.09 6137.79 6139.52 6138.54 6129.08 6123.72
6070.36 6068.39 6088.45 6104.21 6131.62 6110.05 6104.17 6103.94 6106.64 6115.24 6133.75 6181.94 6248.68 6219.64 6179.48 6152.23 6131.18 6114.4 6100.68 6091.71 6089.69 6093.97 6111.07 6122.48 6113.03 6100.42 6100.85 6088.98 6084.68 6081.91 6078.83 6077.24 6074.41 6071.48 6068.62 6067.64 6070.37 6076.94 6082.24 6083.49 6080.33 6083.91 6091.58 6099.77 6105.14 6109.7 6113.71 6116.4 6116.85 6115.88 6113.9 6112.59 6112.86 6111.09 6109.15 6107.64 6107.13 6109.01 6116.36 6126.76 6137.01 6146.5 6153.41 6151.85 6142.46 6122.28 6115.68
6071.43 6102.28 6090.11 6092.36 6098.57 6102.54 6102.12 6103.58 6103.85 6099.87 6109.34 6138.19 6144.35 6153.02 6152.42 6139.47 6124.61 6110.94 6100.17 6092.33 6089.31 6090.33 6100.45 6112.59 6118.34 6123.09 6118.98 6097.63 6092 6088.82 6085.41 6081.42 6077.39 6073.98 6070.26 6067.2 6071.16 6074.45 6078.84 6080.56 6075.72 6075.7 6083.24 6089.78 6094.12 6097.78 6100.1 6101.01 6102.14 6106.39 6108.06 6103.07 6104.08 6104.01 6103.6 6103.94 6104.26 6106.58 6117.77 6132 6146.18 6155.03 6172.02 6184.17 6150.68 6124.3 6112.4
6033.02 6030.93 6054.05 6066.51 6077.31 6082.45 6088.26 6095.29 6096.97 6076.95 6087.5 6103.32 6112.19 6121.23 6125.69 6122.19 6113.49 6104.08 6095.82 6090.53 6090.17 6091.51 6094.98 6103.26 6114.32 6126.62 6128.31 6112.4 6105.23 6099.5 6094.31 6088.86 6084.08 6078.82 6074.17 6070.64 6072.14 6071.35 6070.84 6071.64 6071.65 6072.14 6075.73 6079.56 6083.26 6085.87 6087.45 6088.42 6090.01 6093.36 6093.8 6091.2 6093.22 6095.14 6097.61 6100.68 6104.38 6109.27 6116.56 6126.72 6138.19 6148.2 6158.07 6159.76 6140.78 6123.12 6110.49
6003.19 6001.61 6014.09 6031.65 6046.68 6057.16 6065.31 6074.3 6076.48 6054.34 6066.57 6081.33 6094.24 6104.02 6106.63 6105.16 6100.59 6094.65 6088.7 6084.37 6087.54 6091.87 6092.85 6095.86 6108.7 6124.93 6132.46 6131.68 6119.46 6111.09 6103.72 6096.71 6089.54 6083.68 6078.17 6073.82 6071.07 6066.97 6063.16 6063.81 6067.3 6067.64 6069.44 6071.56 6073.85 6075.33 6076.15 6076.75 6077.8 6079.05 6078.55 6074.94 6080.19 6085.62 6090.98 6097.07 6104.14 6109.94 6113.16 6116.6 6124.34 6134 6136.23 6125.69 6123.61 6119.4 6107.69
5991.06 5993.1 5995.65 6006.65 6018.95 6030.89 6038.83 6042.77 6040.91 6037 6049.33 6062.75 6076.38 6086.99 6089.65 6089.03 6086.94 6083.45 6079.44 6075.97 6079.09 6088.5 6090.46 6093.48 6102.41 6116.79 6129.03 6133.51 6127.73 6121.78 6113.34 6104.29 6095.11 6087.38 6080.79 6074.95 6067.42 6062.76 6058.24 6058.38 6061.64 6063.48 6064.21 6065.25 6065.24 6065.09 6064.86 6064.66 6064.61 6065.1 6064.94 6063.74 6068.95 6076.57 6084.53 6092.24 6100.12 6106.41 6109.84 6111.95 6117.62 6124.77 6126.41 6120.95 6115.5 6108.96 6098.53
5987.37 5993.25 5992.69 5997.27 6005.11 6012.58 6016.49 6015.18 6013.48 6017.08 6029.93 6042.71 6056.51 6068.14 6070.6 6072.24 6072.63 6072.01 6071.03 6069.18 6071.72 6082.31 6086.34 6091.44 6099.24 6109.78 6124 6137.72 6138.91 6131.61 6120.85 6109.68 6098.83 6089.79 6081.76 6073.97 6066.07 6060.74 6055.69 6054.58 6054.79 6056.49 6057.77 6058.13 6056.6 6055.33 6054.34 6052.99 6051.46 6051.36 6051 6053.49 6060.09 6068.72 6077.75 6086.65 6094.55 6101.55 6107.58 6113.37 6116.24 6122.48 6129.41 6127.18 6119.28 6104.98 6089.34
5987 5994.8 5996.53 5993.03 5996.33 6000.46 6001.17 5997.53 5998.1 6003.19 6010.28 6021.72 6034.76 6045.16 6051.81 6056.55 6060.17 6062.5 6064.57 6067.03 6071.49 6076.27 6081.02 6088.15 6096.42 6099.35 6115.64 6133.14 6148.63 6137.01 6123.49 6111.96 6100.22 6090.91 6081.28 6073.82 6067.56 6061.43 6056.18 6053.82 6052.02 6049.2 6049.8 6049.22 6047.48 6045.86 6044.23 6042.11 6040.66 6040.31 6041.71 6044.04 6052.76 6061.88 6071.55 6081.82 6091.17 6098.1 6104.3 6110.56 6114.35 6124.82 6144.64 6154.92 6150.13 6118.67 6088.17
5984.34 5988.97 5998.44 5992.78 5993.84 5995.12 5994.58 5992.36 5993.46 5998.13 6000.02 6007.05 6017.78 6025.92 6035.2 6043.39 6050.18 6055.96 6061.12 6065.57 6072.35 6075 6074.28 6080.09 6086.91 6093.09 6105.44 6118.1 6134.12 6129.86 6120.2 6109.3 6100.74 6092.07 6081.63 6073.06 6070.3 6065.59 6059.33 6056.16 6051.34 6045.57 6042.73 6041.31 6038.14 6037.05 6035.74 6033.69 6030.51 6030.76 6034.39 6040.03 6047.34 6055.52 6064.58 6074.91 6086.56 6091.78 6097.64 6104.57 6110.69 6127.42 6159 6207.16 6210.47 6145.06 6106.69
5981.58 5982.94 5986.7 5995.9 5993.86 5994.86 5995.3 5994.56 5994.73 5996.69 5998.83 6003.35 6008.78 6014.08 6023.1 6032.73 6041.39 6049.76 6058.16 6065.64 6072.48 6076.1 6070.02 6073.06 6077.9 6085.39 6096.91 6107.32 6112.04 6114.84 6112.68 6106.54 6101.57 6095.31 6087.02 6077.64 6077.57 6076.35 6070.63 6063.98 6053.56 6044.77 6037.9 6030.92 6030.11 6030.4 6029.85 6027.94 6025.84 6026.13 6030.88 6036.85 6042.9 6049.27 6056 6063.8 6072.9 6079.62 6086.61 6093.62 6100.79 6117.78 6144.88 6174.29 6174.58 6146.45 6128.55
5980.77 5983.2 5983.25 5987.07 5993 5997.62 6000.28 5998.8 5998.51 5996.9 5998.35 6002.5 6004.61 6008.65 6015.55 6024.35 6033.12 6042.24 6052.32 6061.9 6064.17 6062.86 6060.43 6068.03 6075.3 6081.61 6090.74 6098.26 6102.26 6104.04 6104.97 6102.59 6100.87 6099.67 6098.93 6092.47 6089.01 6090.15 6088.51 6078.08 6064.79 6048.8 6037.55 6029.23 6027.03 6027.34 6026.81 6025.49 6023.84 6023.36 6024.25 6034.1 6038.96 6043.13 6046.63 6049.71 6054.6 6063.91 6072.55 6079.95 6085.87 6099.6 6115.24 6120.41 6117.32 6130.73 6138.25
5980.21 5982.54 5981.42 5986.03 5993.9 6002.15 6010.01 6016.95 6006.38 5999.71 5996.9 5999.38 6002.09 6005.77 6010.86 6017.42 6025.09 6032.86 6041.5 6050.04 6053.49 6053.19 6054.69 6061.79 6072.64 6080.1 6086.06 6092.42 6095.55 6096.25 6097.09 6097.85 6099 6101.14 6104.65 6099.2 6096.24 6096.79 6095.34 6086.24 6072.23 6053.98 6041.02 6032.19 6028.68 6027.95 6026.82 6025.5 6023.65 6022.85 6025.32 6031.74 6036.38 6038.8 6039.73 6039.63 6041.93 6051.16 6059.94 6067.27 6073.8 6083.35 6092.41 6098.17 6107.86 6130.15 6147.62
5981.91 5985.86 5987.1 5987.66 5994.87 6004.86 6015.02 6019.74 6011.37 6001.98 5997.26 5999.54 6001.12 6002.47 6005.61 6011.35 6017.17 6023.27 6028.62 6035.16 6041.6 6045.13 6047.15 6052.69 6063.18 6072.56 6079.98 6087.81 6094.88 6092.09 6092.37 6093.47 6095.15 6097.19 6098.96 6097.17 6096.57 6096.78 6095.26 6087.44 6072.73 6056.52 6047.18 6040.68 6035.8 6031.39 6029.49 6028.68 6028.23 6028.07 6031.3 6033.93 6036.16 6036.69 6036.11 6035.7 6037.78 6043.19 6049.38 6057.25 6064.49 6071.48 6077.79 6084.35 6098.64 6139.17 6189.66
5980.98 5985.9 5988.36 5986.52 5994.63 6004.69 6014.72 6018.04 6011.05 6002.99 5997.72 6000.54 6002.08 6002.14 6003.14 6006.68 6011 6015.06 6018.76 6023.95 6031.32 6038.66 6040.86 6044.12 6052.71 6062.24 6071.45 6080.37 6088.6 6089.48 6087.56 6088.54 6089.96 6090.99 6090.25 6091.28 6093.62 6094.72 6092.37 6085.27 6077.01 6067.36 6054.65 6045.46 6039.14 6033.99 6032.54 6032.62 6034.36 6037.76 6039.81 6039.75 6038.78 6037.01 6035.39 6034.29 6036.27 6039.82 6042.96 6050.27 6058.01 6063.91 6068.86 6074.73 6087.42 6136.03 6207.69
5978.06 5982.72 5983.94 5986.13 5994.66 6002.48 6010.55 6013.14 6007.74 6003.05 6001.88 6004.7 6005.19 6003.14 6001.19 6003.09 6006.48 6010.07 6013.43 6019.14 6026.61 6032.85 6035.1 6036.77 6042.75 6052.31 6061.92 6070.56 6076.89 6080.26 6082.29 6084.19 6085.06 6085.81 6089.05 6089.03 6090.93 6090.08 6091.26 6084.3 6078.55 6070.39 6055.58 6042.87 6035.18 6035.4 6035.58 6035.86 6037.6 6042.39 6044.83 6045 6041.82 6038.64 6036.75 6035.8 6038.61 6042.44 6043.74 6051.07 6056.58 6060.77 6065.04 6070.77 6082.81 6114.58 6143.85
5974.04 5979.96 5987.06 5990.14 5995.19 5999.45 6000.57 6002.72 6003.44 6001.49 6000.36 6007.96 6011.47 6005.17 5999.89 6000.49 6003.63 6007.54 6011.85 6014.51 6028.78 6034.35 6035.34 6034.59 6037.3 6044.22 6053.62 6062.14 6068.29 6073.59 6078.52 6081.36 6081.99 6080.32 6077.49 6083.74 6090.62 6096.63 6094.78 6093.31 6080.76 6065.09 6051.58 6043.79 6039.67 6040.73 6040.59 6038.54 6037.37 6039.06 6045.12 6044.66 6042.87 6040.99 6038.91 6040.01 6044.04 6051.82 6060.22 6059.99 6061.41 6061.76 6065.11 6070.43 6080.29 6098.59 6117.85
5968.4 5973.29 5980.16 5993.06 5995.19 5997.63 5999.44 6000.56 6000.86 5999.83 5999.3 6016.03 6016.96 6005.25 5997.98 5998.69 6001.96 6006.29 6009.65 6017.88 6040.39 6039.99 6038.82 6031.03 6027.76 6037.7 6047.47 6056.51 6064.87 6074.83 6077.75 6080.86 6082.64 6082.09 6077.77 6082.77 6086.98 6089.99 6091.87 6093.98 6085.62 6064.15 6052.59 6051.85 6048.13 6053.5 6049.41 6042.75 6036.25 6036.25 6046.61 6046.16 6045.93 6044.51 6040.77 6037.99 6045.65 6056.45 6067.66 6065.84 6064.48 6062.45 6065.27 6070.55 6078.58 6090.56 6104.82
5962.72 5965.56 5971.07 5982.49 5989.89 5994.96 5999.38 6000.15 5999.99 5999.66 6000.94 6004 6004.05 6000.81 5996.87 5997.41 6000.88 6005.52 6009.99 6019.39 6044.65 6057.92 6044.45 6031.25 6029.3 6035.43 6043.71 6052.48 6061.49 6070.73 6077.4 6081.97 6085.82 6088.94 6092.99 6090.75 6087.24 6084.09 6084.48 6080.92 6073.37 6062.65 6057.48 6066.56 6084.32 6072.31 6059.79 6048.6 6036.76 6025.91 6041.72 6049.56 6053.42 6050.6 6045.72 6042.42 6046.84 6052.98 6058.61 6061.94 6062.56 6063.1 6064.9 6071 6079.62 6089.77 6098.62
5956.91 5958.31 5963.06 5974.45 5981.58 5990.37 5998.11 5999.21 5999.21 5999.46 6000.4 5999.61 5997.67 5996.46 5995.86 5997.05 5999.56 6003.43 6006.48 6020.47 6041.86 6051.16 6046.89 6036.96 6033.43 6035.61 6041.83 6049.82 6057.96 6068.33 6076.54 6081.58 6087.95 6096.36 6103.35 6097.92 6095.33 6090.29 6081.65 6072.53 6067.67 6062.58 6062.05 6072.18 6083.26 6078.17 6066.83 6056.1 6044.99 6033.96 6038.46 6050.65 6058.13 6057.88 6054.75 6050.5 6050.07 6049.1 6049.44 6052.36 6055.94 6059.68 6064.31 6070.72 6080.68 6092.7 6095.52
5951.72 5954.06 5956.16 5960.06 5970.56 5982.83 5993.38 5995.83 5997.24 5998.34 5999.06 5997.86 5993.09 5993.13 5994.33 5995.86 5997.76 6000.28 6003.4 6011.16 6028.49 6041.29 6041.8 6032.21 6031.19 6035.02 6040.74 6047.76 6055.35 6064.63 6072.23 6078.07 6085.53 6094.06 6097.37 6095.66 6097.53 6097.08 6088.37 6074.75 6068.85 6066.77 6066.98 6073.03 6077.61 6076.83 6071.52 6064.28 6059.17 6048.65 6041.51 6053.29 6065.3 6062.18 6063.19 6062.07 6054.36 6049.05 6045.31 6043.45 6050.01 6055.92 6061.04 6066.21 6071.61 6075.42 6084.04
5948.04 5953.31 5954.48 5953.11 5961.88 5973.46 5983.44 5990.71 5995.18 5997.62 5998.24 5996.62 5991.23 5990.38 5991.81 5993.93 5996.08 5998.41 6001.65 6005.51 6013.11 6023.54 6030.78 6027.18 6029.16 6033.87 6039.35 6045.46 6052.07 6059.07 6064.54 6072 6078.72 6083.9 6086.29 6085.91 6089.21 6106.78 6113.48 6095.34 6084.15 6077.67 6074.68 6078.08 6081.2 6080.93 6075.6 6068.74 6064.54 6057.03 6048.49 6053.19 6056.46 6057.51 6058.61 6058.32 6055.06 6052.26 6047.44 6045.26 6048.93 6054.5 6059.12 6062.44 6064.36 6067.29 6072.99
5944.39 5947.72 5953.98 5963.38 5963.89 5969.02 5978.07 5990.13 5997.31 6000.38 5998.37 5993.36 5989.22 5987.78 5989.11 5991.77 5994.96 5998.83 6001.49 6006.07 6011.11 6020.3 6021.48 6028.73 6030.33 6034.23 6039.27 6043.88 6048.31 6052.04 6058.84 6066.73 6072.62 6076.02 6079.18 6077 6080.79 6122.88 6175.8 6163.55 6110.99 6095.23 6086.61 6085.76 6090.58 6089.04 6079.63 6069.3 6059.43 6057.14 6057.94 6055.47 6052.14 6052.06 6049.53 6050.75 6052.83 6054.03 6049.53 6047.34 6051.68 6056.58 6060.46 6062.13 6061.49 6059.7 6063.96
5941.79 5946.72 5952.62 5960.6 5968.27 5972.49 5984.68 5999.16 6006.96 6007.54 6003.22 5995.67 5988.2 5985.68 5986.77 5989.74 5993.65 5998.16 6002.24 6006.62 6010.52 6018.15 6021.88 6023.71 6029.36 6034.74 6039.59 6043.45 6046.19 6049.99 6056.11 6064.13 6071.62 6077.6 6078.25 6075.1 6081.37 6122.31 6184.81 6168.49 6133.04 6123.65 6106.04 6098.72 6099.37 6093.82 6084.03 6070.35 6059.64 6060.48 6062.38 6059.4 6055.88 6053.9 6051.67 6051.81 6052.37 6050.7 6052.12 6053.57 6058.8 6062.79 6065.39 6066.02 6064.3 6059.83 6064.68
5939.21 5945.53 5948.21 5955.53 5970.05 5981.42 6002.54 6018.42 6023.43 6020.84 6012.42 5999.79 5989.31 5984.86 5984.72 5987.39 5991.62 5997.17 5999.91 6005.4 6009.68 6011.9 6018.16 6028.2 6032.11 6036.86 6041.29 6044.53 6046.08 6048.78 6055.17 6063.34 6072.05 6080.9 6080.72 6078.35 6081.47 6096.61 6109.29 6127.67 6170.29 6185.2 6152.91 6125.08 6121.99 6123 6089.85 6073.29 6065.85 6063.56 6063.83 6064.11 6063.29 6061.72 6059.89 6058.71 6057.96 6059.35 6063.55 6067.21 6070.13 6072.64 6074.2 6075.47 6076.14 6078.29 6081.44
5935.87 5938.29 5941.61 5947.66 5965.86 6013.3 6039.4 6046.08 6044.11 6037.63 6027.37 6010.1 5994.27 5984.93 5982.86 5983.99 5988.7 5992.58 5997.32 6002.44 6007.58 6008.49 6010.18 6021.56 6034.43 6038.7 6042.82 6046.02 6047.99 6049.68 6056.93 6061.87 6068.54 6078.06 6081.15 6084.97 6084.63 6082.04 6091.34 6158.16 6289.51 6290.45 6218.02 6158.11 6141.97 6105.67 6083.97 6074.04 6073.28 6071.84 6072.93 6074.13 6073.08 6072.42 6072.37 6067.9 6066.05 6069.14 6078.33 6082.07 6083.07 6084.18 6084.99 6086.19 6088.8 6094.49 6096.88
5934.05 5937.38 5937.17 5943.14 5974.43 6077.07 6084.58 6073.38 6063.06 6054.26 6046.67 6039.42 6016.3 5987.64 5981.47 5984.89 5987.39 5989.32 5993.15 6000.32 6004.86 6009.56 6012.42 6018.61 6029.84 6039.14 6044.53 6048.72 6051.52 6053.5 6055.86 6059.78 6062.12 6067.68 6076.52 6091.43 6094.99 6089.1 6118.7 6235.69 6391.17 6403.02 6334.58 6266.53 6196.27 6111.38 6082.91 6073.99 6072.81 6077.43 6083.18 6085.39 6083.64 6082.61 6080.18 6075.73 6073.68 6078.36 6088.65 6094.21 6095.69 6095.91 6096.1 6096.69 6097.94 6099.9 6100.31
5931.09 5933.55 5935.83 5944.52 5985.65 6094 6099 6085.09 6072.63 6062.75 6057.57 6057.4 6026.16 5980.65 5977.88 5982.34 5983.12 5984.31 5993.47 6001.49 6004.71 6010.35 6017.04 6025.7 6036.46 6043.28 6048.08 6052.3 6056.38 6061.2 6064.17 6061.01 6060.45 6061.52 6066.83 6076.23 6090.38 6112.46 6195.12 6331.49 6414.06 6439.54 6443.08 6426.71 6266.27 6142.42 6093.68 6079.3 6077.93 6082.37 6086.88 6089.5 6089.89 6088.32 6083.4 6081.5 6081.55 6089.67 6102.08 6106.99 6107.69 6107.01 6106.41 6105.7 6105.1 6104 6101.87
