real_craters/C206-750m.grd
DSAA
368 368
-137.7775 137.7775
-137.7775 137.7775
4181.4453220307 7228.5999343062
[rows 152 to 189 of 368, columns 252 to 335 of 368]
5949 5944 5964 5955 5947 5941 5930 5918 5909 5898 5873 5862 5848 5848 5850 5843 5833 5831 5828 5810 5812 5809 5823 5835 5820 5806 5796 5792 5804 5814 5819 5803 5789 5777 5764 5750 5736 5729 5730 5730 5727 5724 5722 5717 5715 5714 5719 5721 5721 5718 5721 5724 5727 5730 5727 5730 5724 5715 5710 5705 5703 5699 5695 5692 5690 5687 5685 5689 5697 5704 5707 5712 5717 5725 5724 5727 5718 5700 5699 5666 5612 5568 5531 5518
5975 5974 5975 5963 5952 5939 5928 5919 5916 5921 5897 5892 5881 5857 5851 5843 5836 5832 5825 5812 5817 5812 5823 5830 5819 5800 5783 5771 5780 5787 5788 5790 5783 5772 5760 5748 5736 5731 5732 5732 5731 5730 5726 5718 5697 5699 5709 5703 5700 5702 5705 5708 5711 5717 5720 5719 5719 5716 5711 5705 5699 5694 5689 5686 5683 5681 5678 5679 5685 5692 5700 5705 5715 5719 5714 5709 5700 5686 5688 5667 5616 5565 5530 5516
5981 5978 5975 5962 5950 5939 5930 5918 5907 5915 5910 5904 5900 5881 5860 5844 5834 5824 5824 5844 5834 5828 5824 5823 5812 5797 5778 5759 5768 5777 5792 5787 5779 5768 5758 5748 5742 5734 5731 5732 5733 5737 5745 5723 5708 5691 5678 5692 5687 5684 5690 5696 5702 5711 5720 5723 5720 5716 5710 5703 5696 5688 5680 5677 5677 5676 5674 5673 5677 5678 5685 5689 5691 5695 5696 5690 5682 5674 5666 5643 5602 5562 5536 5528
6024 5976 5961 5958 5949 5940 5929 5919 5917 5932 5928 5907 5896 5883 5864 5843 5822 5806 5814 5831 5834 5841 5813 5811 5805 5795 5783 5771 5784 5791 5774 5772 5766 5759 5751 5744 5739 5734 5732 5730 5728 5725 5716 5711 5702 5684 5668 5676 5662 5665 5673 5685 5695 5704 5716 5725 5721 5714 5708 5701 5694 5684 5676 5674 5675 5674 5673 5675 5674 5673 5678 5682 5681 5688 5689 5678 5674 5661 5643 5624 5596 5557 5535 5524
6028 5994 5978 5967 5951 5936 5925 5915 5918 5921 5915 5903 5891 5878 5861 5843 5825 5810 5814 5818 5821 5810 5807 5805 5802 5799 5798 5797 5779 5772 5768 5758 5752 5748 5745 5739 5731 5731 5730 5725 5720 5712 5702 5701 5700 5676 5655 5637 5635 5646 5657 5669 5680 5692 5701 5713 5715 5712 5707 5702 5693 5685 5673 5675 5678 5678 5676 5673 5674 5677 5680 5685 5690 5695 5692 5688 5672 5662 5626 5598 5566 5543 5528 5520
6049 6032 6012 5985 5957 5928 5900 5904 5911 5914 5903 5892 5878 5872 5856 5842 5831 5829 5826 5824 5818 5806 5796 5801 5802 5803 5802 5798 5786 5777 5764 5735 5736 5739 5741 5742 5738 5734 5728 5721 5714 5706 5700 5693 5682 5666 5648 5634 5630 5635 5644 5655 5668 5681 5694 5706 5710 5710 5708 5705 5700 5695 5686 5686 5688 5687 5683 5674 5673 5679 5689 5702 5722 5699 5686 5680 5654 5629 5596 5572 5550 5526 5525 5533
6028 6017 6023 5998 5966 5934 5903 5902 5906 5903 5898 5886 5870 5859 5849 5839 5831 5829 5825 5820 5814 5809 5806 5802 5803 5802 5800 5781 5776 5786 5748 5727 5728 5733 5738 5747 5748 5737 5726 5717 5708 5699 5690 5676 5665 5656 5644 5630 5626 5630 5637 5645 5658 5671 5685 5700 5706 5710 5710 5711 5710 5712 5708 5705 5703 5702 5700 5695 5693 5695 5697 5702 5692 5671 5656 5642 5620 5592 5572 5554 5532 5520 5529 5545
6002 6027 6013 5998 5973 5950 5928 5919 5907 5894 5892 5881 5863 5847 5844 5837 5829 5820 5815 5811 5804 5797 5803 5805 5801 5799 5793 5771 5774 5768 5737 5727 5727 5731 5736 5741 5739 5732 5722 5712 5703 5692 5682 5671 5661 5651 5639 5627 5623 5625 5633 5646 5651 5660 5673 5695 5702 5707 5710 5713 5716 5719 5723 5718 5714 5716 5720 5730 5732 5711 5691 5681 5646 5635 5622 5606 5591 5573 5558 5545 5532 5527 5531 5535
6027 6018 6016 5999 5981 5968 5960 5939 5916 5900 5883 5879 5864 5848 5844 5837 5829 5813 5810 5808 5804 5791 5785 5791 5791 5792 5794 5777 5771 5756 5733 5731 5730 5730 5731 5734 5731 5725 5717 5709 5700 5690 5680 5671 5663 5650 5639 5631 5623 5621 5627 5633 5643 5651 5658 5680 5695 5702 5707 5713 5717 5716 5717 5719 5718 5719 5725 5736 5719 5692 5668 5641 5622 5612 5600 5586 5571 5556 5546 5541 5536 5531 5535 5541
6063 6054 6020 5989 5991 5985 5970 5950 5929 5910 5881 5868 5867 5864 5848 5837 5831 5829 5814 5802 5796 5795 5774 5769 5779 5781 5777 5769 5773 5777 5739 5734 5729 5727 5726 5724 5722 5716 5713 5705 5697 5688 5679 5676 5664 5649 5633 5631 5628 5623 5627 5633 5639 5646 5655 5676 5691 5700 5707 5713 5718 5720 5719 5716 5713 5713 5713 5714 5706 5667 5642 5619 5614 5599 5586 5571 5556 5544 5540 5536 5533 5529 5535 5543
6088 6085 6055 6020 6015 6007 5993 5971 5940 5909 5879 5859 5858 5858 5846 5831 5818 5809 5802 5793 5783 5767 5762 5768 5775 5773 5765 5762 5763 5749 5755 5737 5723 5721 5721 5720 5717 5714 5708 5704 5697 5689 5682 5675 5662 5650 5639 5642 5643 5635 5630 5633 5640 5648 5659 5669 5684 5696 5702 5707 5714 5722 5719 5709 5702 5697 5691 5682 5655 5635 5617 5606 5596 5583 5568 5555 5543 5534 5534 5532 5528 5526 5531 5533
6084 6076 6068 6064 6044 6028 6015 5992 5954 5908 5878 5855 5853 5856 5842 5827 5807 5796 5793 5788 5772 5763 5771 5782 5772 5764 5767 5760 5755 5745 5759 5723 5712 5713 5718 5718 5716 5711 5707 5701 5695 5690 5684 5671 5660 5655 5649 5648 5644 5638 5635 5639 5649 5654 5655 5669 5687 5694 5694 5694 5698 5707 5701 5689 5679 5669 5660 5652 5625 5606 5593 5582 5574 5562 5548 5540 5532 5529 5529 5526 5524 5524 5524 5525
6101 6074 6064 6088 6061 6042 6029 6018 5975 5933 5901 5874 5861 5847 5842 5833 5818 5803 5791 5791 5796 5771 5766 5763 5760 5746 5742 5745 5750 5743 5750 5706 5701 5704 5713 5724 5714 5709 5705 5702 5698 5694 5687 5672 5665 5662 5661 5652 5646 5652 5657 5660 5664 5672 5680 5707 5713 5693 5682 5675 5669 5666 5665 5658 5649 5639 5627 5612 5589 5580 5569 5560 5553 5544 5533 5528 5525 5520 5521 5517 5514 5513 5513 5513
6091 6082 6082 6065 6059 6047 6027 6001 6000 5973 5934 5905 5881 5858 5851 5849 5840 5821 5801 5788 5773 5771 5769 5776 5759 5736 5726 5735 5748 5755 5739 5705 5694 5694 5698 5703 5703 5702 5700 5698 5696 5695 5696 5693 5672 5665 5669 5657 5655 5668 5677 5675 5677 5686 5701 5701 5694 5677 5664 5654 5642 5630 5631 5631 5623 5613 5600 5582 5566 5559 5551 5551 5539 5529 5524 5518 5514 5514 5512 5508 5504 5500 5501 5502
6077 6085 6090 6078 6069 6055 6033 6008 6005 5989 5961 5937 5905 5883 5873 5869 5870 5843 5820 5796 5779 5775 5770 5765 5755 5729 5714 5722 5738 5747 5729 5703 5692 5688 5683 5681 5690 5693 5695 5695 5693 5691 5687 5672 5655 5659 5658 5660 5664 5670 5671 5676 5677 5681 5681 5672 5659 5651 5643 5634 5626 5621 5614 5609 5600 5589 5577 5563 5553 5546 5540 5538 5525 5518 5515 5509 5507 5507 5505 5501 5495 5493 5495 5495
6093 6093 6088 6092 6087 6071 6052 6029 6023 6002 5973 5950 5920 5899 5886 5881 5864 5853 5828 5805 5789 5778 5768 5760 5750 5734 5722 5719 5720 5724 5710 5693 5690 5686 5683 5683 5686 5689 5691 5691 5689 5686 5682 5670 5662 5655 5656 5658 5663 5673 5675 5673 5670 5666 5661 5647 5629 5626 5621 5616 5613 5611 5602 5592 5583 5572 5563 5555 5544 5536 5530 5526 5516 5509 5504 5501 5498 5500 5499 5495 5491 5491 5488 5488
6128 6109 6096 6109 6107 6088 6076 6072 6046 6018 5983 5953 5927 5908 5897 5891 5884 5860 5835 5810 5782 5765 5758 5749 5738 5735 5714 5711 5711 5710 5702 5692 5687 5685 5685 5685 5687 5688 5689 5691 5689 5686 5676 5672 5669 5659 5652 5652 5651 5661 5669 5665 5660 5649 5638 5627 5616 5606 5601 5598 5600 5595 5588 5578 5570 5561 5549 5543 5534 5523 5525 5520 5510 5501 5496 5494 5494 5497 5495 5490 5485 5481 5481 5483
6104 6112 6129 6125 6109 6091 6086 6091 6076 6037 5998 5960 5937 5916 5898 5888 5882 5860 5846 5835 5795 5762 5756 5748 5737 5725 5714 5711 5709 5704 5697 5687 5682 5683 5687 5687 5687 5687 5689 5690 5689 5688 5691 5681 5673 5671 5664 5655 5648 5654 5652 5655 5652 5645 5629 5610 5593 5585 5583 5583 5586 5583 5579 5572 5561 5551 5540 5529 5534 5535 5523 5512 5506 5499 5497 5495 5492 5497 5495 5488 5483 5483 5483 5482
6082 6096 6110 6103 6077 6072 6077 6089 6084 6054 6018 5985 5951 5924 5898 5882 5862 5854 5837 5826 5834 5780 5766 5764 5746 5737 5728 5712 5700 5704 5699 5686 5678 5680 5685 5687 5686 5685 5685 5685 5684 5685 5685 5680 5669 5665 5667 5663 5661 5667 5656 5649 5642 5641 5619 5594 5574 5567 5568 5572 5579 5578 5576 5571 5560 5552 5540 5532 5530 5526 5517 5513 5506 5501 5505 5518 5526 5512 5503 5492 5485 5491 5490 5490
6041 6065 6082 6070 6036 6043 6057 6073 6082 6063 6038 5991 5961 5940 5924 5912 5887 5857 5832 5814 5818 5785 5776 5790 5766 5744 5730 5713 5699 5699 5698 5698 5678 5681 5689 5686 5686 5685 5684 5683 5682 5681 5679 5679 5677 5679 5676 5671 5667 5668 5661 5639 5623 5611 5596 5577 5560 5554 5559 5564 5572 5570 5558 5547 5539 5536 5539 5538 5534 5529 5525 5515 5504 5498 5513 5533 5534 5523 5513 5507 5505 5510 5522 5508
6004 6032 6051 6048 6017 6020 6039 6059 6070 6068 6046 5990 5963 5949 5939 5902 5882 5863 5843 5830 5828 5807 5795 5792 5776 5753 5725 5712 5705 5694 5691 5686 5680 5681 5686 5686 5685 5682 5680 5678 5679 5682 5684 5683 5682 5693 5685 5674 5665 5663 5641 5618 5600 5583 5575 5565 5556 5551 5556 5561 5566 5562 5554 5542 5531 5529 5546 5546 5541 5520 5520 5515 5502 5495 5517 5540 5531 5527 5520 5516 5514 5512 5512 5494
5985 6006 6022 6024 5989 6004 6033 6060 6087 6075 6036 6007 5963 5952 5943 5920 5894 5873 5856 5840 5820 5806 5793 5792 5784 5754 5727 5711 5702 5690 5691 5688 5680 5679 5679 5683 5683 5679 5675 5673 5671 5677 5683 5681 5690 5696 5683 5672 5662 5655 5629 5605 5587 5570 5567 5563 5555 5551 5559 5563 5562 5561 5553 5540 5523 5508 5532 5590 5561 5528 5516 5514 5505 5501 5515 5539 5536 5530 5521 5514 5509 5503 5491 5480
5973 5984 5991 5992 5999 6017 6034 6059 6092 6085 6046 5990 5964 5949 5937 5927 5901 5879 5864 5861 5839 5816 5794 5785 5779 5761 5746 5723 5711 5709 5701 5696 5696 5695 5683 5689 5689 5683 5676 5668 5662 5656 5657 5662 5669 5674 5668 5660 5654 5650 5633 5613 5591 5576 5574 5572 5570 5572 5575 5578 5576 5570 5559 5545 5526 5501 5444 5596 5572 5530 5519 5514 5509 5507 5512 5513 5544 5531 5518 5504 5500 5498 5495 5496
5969 5972 5970 5963 5996 6019 6028 6041 6063 6077 6053 5978 5955 5942 5936 5917 5898 5879 5869 5891 5887 5842 5808 5785 5765 5759 5752 5733 5715 5707 5710 5722 5749 5746 5733 5712 5696 5683 5674 5662 5650 5637 5633 5638 5639 5652 5646 5640 5636 5631 5621 5609 5604 5598 5591 5587 5588 5590 5591 5598 5605 5584 5567 5555 5546 5549 5603 5593 5564 5528 5515 5517 5516 5515 5520 5521 5526 5524 5515 5508 5499 5496 5493 5502
5967 5969 5966 5959 5984 6010 6022 6032 6049 6063 6037 5975 5934 5931 5929 5912 5895 5881 5870 5917 5895 5849 5815 5795 5768 5742 5729 5712 5710 5708 5715 5720 5727 5741 5739 5720 5703 5689 5676 5661 5649 5631 5624 5623 5619 5622 5622 5617 5610 5601 5595 5595 5611 5613 5606 5601 5601 5603 5600 5601 5603 5586 5573 5564 5561 5568 5577 5561 5548 5530 5524 5520 5518 5518 5521 5522 5517 5515 5509 5502 5498 5495 5493 5490
5966 5972 5979 5991 5998 5998 6016 6034 6053 6073 6032 5969 5931 5930 5923 5906 5898 5887 5879 5869 5853 5839 5821 5803 5788 5744 5728 5712 5715 5718 5721 5725 5729 5758 5738 5719 5702 5690 5676 5664 5651 5647 5628 5617 5609 5605 5601 5598 5591 5583 5587 5599 5609 5615 5615 5613 5610 5606 5597 5589 5586 5584 5579 5575 5573 5573 5566 5552 5542 5526 5518 5518 5519 5511 5507 5509 5507 5507 5505 5500 5497 5492 5488 5481
5975 5981 5991 6008 6005 5979 6007 6022 6009 5991 5989 5964 5952 5945 5937 5922 5908 5895 5879 5856 5847 5835 5817 5800 5781 5764 5743 5735 5727 5724 5729 5739 5757 5722 5724 5712 5705 5691 5677 5664 5650 5633 5626 5613 5593 5586 5588 5590 5589 5586 5592 5604 5612 5619 5623 5622 5617 5605 5594 5583 5581 5588 5591 5591 5587 5578 5560 5552 5542 5528 5520 5516 5512 5504 5498 5497 5500 5506 5507 5505 5499 5492 5483 5478
5979 5978 5987 5998 6003 6023 5998 5983 5965 5946 5955 5963 5960 5943 5943 5937 5915 5898 5881 5850 5852 5838 5813 5793 5777 5760 5759 5753 5733 5733 5737 5737 5723 5708 5703 5699 5695 5691 5677 5666 5653 5638 5631 5622 5612 5593 5591 5595 5595 5603 5615 5613 5616 5629 5633 5634 5630 5621 5610 5593 5589 5592 5593 5592 5589 5584 5581 5572 5564 5554 5534 5522 5507 5501 5496 5498 5502 5511 5514 5511 5506 5495 5480 5475
5971 5971 5974 5975 5976 5989 5990 5971 5946 5930 5939 5953 5957 5937 5910 5908 5905 5899 5883 5874 5868 5848 5821 5800 5787 5782 5774 5759 5756 5750 5748 5745 5733 5701 5701 5707 5703 5693 5681 5670 5662 5656 5642 5634 5629 5619 5614 5610 5611 5612 5619 5630 5655 5644 5644 5645 5648 5652 5648 5622 5610 5605 5601 5598 5596 5589 5594 5592 5590 5595 5571 5546 5530 5514 5502 5499 5509 5521 5529 5529 5520 5506 5485 5472
5954 5956 5963 5967 5971 5972 5960 5954 5943 5919 5934 5943 5939 5923 5892 5892 5894 5899 5903 5890 5882 5860 5837 5821 5810 5803 5792 5771 5761 5761 5758 5757 5758 5737 5722 5713 5702 5693 5683 5673 5662 5653 5648 5642 5640 5643 5641 5627 5612 5616 5617 5632 5638 5648 5650 5654 5659 5665 5665 5664 5634 5618 5612 5608 5607 5610 5606 5609 5609 5601 5596 5575 5551 5532 5516 5511 5520 5532 5542 5544 5537 5526 5508 5485
5946 5949 5953 5960 5971 5947 5929 5939 5954 5960 5943 5940 5940 5924 5912 5886 5881 5890 5892 5880 5872 5856 5838 5824 5818 5813 5796 5782 5775 5772 5771 5771 5770 5767 5750 5729 5713 5700 5690 5678 5666 5658 5656 5649 5646 5658 5660 5649 5627 5635 5645 5648 5655 5649 5651 5657 5663 5668 5665 5645 5633 5624 5619 5617 5616 5613 5618 5624 5634 5643 5640 5619 5586 5557 5538 5536 5535 5542 5553 5555 5553 5550 5546 5515
5946 5941 5941 5943 5954 5932 5926 5943 5964 5958 5943 5937 5923 5923 5911 5895 5888 5884 5874 5868 5859 5847 5828 5815 5807 5808 5808 5799 5791 5781 5777 5777 5781 5780 5758 5742 5727 5713 5699 5688 5679 5672 5671 5669 5670 5675 5682 5683 5686 5661 5643 5636 5633 5641 5648 5656 5661 5665 5665 5626 5627 5630 5630 5630 5627 5620 5617 5633 5659 5693 5680 5655 5621 5587 5559 5551 5546 5545 5542 5555 5565 5571 5566 5544
5956 5941 5933 5925 5911 5912 5938 5947 5964 5969 5956 5942 5931 5923 5903 5895 5886 5879 5866 5850 5849 5837 5818 5800 5805 5804 5808 5802 5792 5785 5778 5773 5770 5758 5755 5747 5737 5722 5708 5695 5693 5687 5685 5685 5686 5689 5700 5693 5692 5668 5647 5634 5629 5636 5643 5651 5656 5656 5640 5628 5636 5643 5647 5646 5641 5636 5627 5638 5654 5683 5705 5705 5666 5621 5585 5564 5558 5552 5547 5560 5577 5592 5595 5572
5949 5933 5923 5915 5907 5902 5908 5933 5949 5958 5956 5947 5935 5923 5918 5894 5881 5885 5878 5858 5841 5824 5814 5805 5782 5796 5810 5807 5800 5787 5776 5768 5763 5754 5756 5753 5741 5726 5711 5698 5681 5688 5697 5697 5698 5695 5678 5681 5678 5658 5641 5627 5625 5630 5638 5647 5656 5660 5664 5652 5653 5659 5664 5667 5660 5640 5639 5641 5648 5679 5709 5723 5695 5653 5621 5591 5578 5568 5563 5570 5585 5605 5619 5587
5934 5923 5916 5910 5904 5899 5907 5919 5933 5948 5956 5948 5936 5919 5909 5893 5873 5880 5880 5867 5843 5826 5817 5807 5796 5808 5818 5811 5798 5784 5772 5760 5756 5769 5776 5758 5743 5729 5718 5708 5699 5701 5709 5722 5715 5707 5705 5683 5661 5648 5627 5615 5620 5624 5631 5642 5653 5664 5676 5674 5674 5682 5691 5696 5697 5690 5656 5643 5645 5668 5692 5712 5703 5681 5654 5630 5610 5588 5572 5575 5583 5596 5601 5570
5924 5919 5915 5910 5911 5908 5897 5905 5914 5933 5952 5940 5934 5932 5919 5902 5891 5882 5887 5865 5846 5828 5818 5815 5809 5815 5824 5807 5792 5780 5768 5755 5738 5742 5761 5750 5738 5729 5722 5719 5719 5712 5710 5711 5713 5713 5707 5699 5679 5648 5619 5603 5604 5612 5624 5637 5650 5662 5669 5681 5690 5702 5715 5726 5725 5695 5668 5641 5623 5634 5662 5692 5694 5690 5685 5677 5643 5611 5590 5579 5576 5575 5569 5556
5915 5917 5914 5909 5906 5901 5890 5893 5899 5912 5916 5924 5923 5927 5925 5906 5894 5879 5875 5860 5844 5832 5817 5800 5800 5806 5806 5797 5784 5776 5767 5758 5743 5726 5726 5730 5728 5724 5721 5720 5723 5714 5706 5698 5709 5717 5720 5721 5692 5651 5614 5589 5592 5602 5616 5632 5648 5664 5671 5682 5699 5719 5741 5761 5769 5729 5687 5641 5607 5607 5624 5641 5659 5668 5662 5686 5651 5617 5595 5581 5569 5555 5545 5540
5926 5917 5905 5896 5890 5882 5869 5877 5891 5895 5908 5912 5914 5910 5910 5895 5879 5864 5840 5844 5840 5831 5825 5812 5800 5798 5784 5775 5777 5771 5765 5762 5753 5714 5702 5711 5717 5717 5715 5712 5710 5710 5705 5703 5711 5723 5736 5727 5694 5652 5612 5588 5585 5595 5610 5627 5646 5666 5691 5681 5707 5733 5762 5795 5827 5800 5720 5643 5590 5590 5598 5594 5615 5622 5630 5639 5631 5608 5592 5584 5570 5549 5534 5532
