real_craters/C206-1000m.grd
DSAA
158 158
-78.73 78.73
-78.73 78.73
2415.7915823514 6309.3215183915
[rows 30 to 59 of 158, columns 67 to 133 of 158]
4999.05 5008.32 5042.39 5045.29 5142.02 5232.29 5266.08 5214.25 5153.93 5175.27 5293.69 5320.96 5347.55 5348.88 5192.5 5079.14 4993.87 4987.1 5028.52 5147.61 5191.29 5161.2 5155.27 5196.99 5176.69 5159.58 5140.98 5102.01 5064.43 5055.22 5112.61 5199.42 5276.76 5215.14 5198.09 4875.16 4984.36 5274.6 5300.58 5288.03 5199.53 5080.38 5063.09 5040.31 5032.51 5003.97 4979.49 4938.05 4930.83 4981 5030.59 5069.27 5104.78 5125.37 5167.6 5262.17 5294.84 5236.91 5166.35 5114.56 5066.97 5017.93 5021.62 4982.41 4966.86 4992.96 5084.26
5046.65 5005.04 5030.85 5044.44 5015.96 5058.53 5019.96 4965.84 5093.64 5219.1 5401.82 5499.65 5514.09 5368.4 5238.77 5137.29 5106 5075.27 5021.51 5095.87 5187.1 5187.92 5208.89 5244.17 5205.13 5181.24 5118.32 5033.61 5046.64 5130.02 5001.16 5064.55 5155.8 5310.81 5326.18 5214.29 5238.5 5350.71 5377.31 5366.99 5242.77 5099.26 5087.59 5043.39 5009.07 5063.51 5082.62 4978.61 4962.31 4988.37 5018.28 5054.39 5065.17 5073.12 5058.08 5165.53 5226.34 5226.12 5215.15 5172.65 5098.38 5049.28 4962.23 4961.77 4973.88 4964.42 5033.08
5132.54 5046.05 5055.68 5109.1 5132.05 5083.29 5016.06 5054.17 5222.27 5458.17 5441.64 5405.09 5340.1 5276.36 5298.99 5214.7 5301.79 5313.68 5198.92 5085.43 5110.44 5175.3 5308.43 5334.92 5341.76 5273.5 5163.54 5056.69 5068.95 5177.31 5026.07 5099.75 5209.26 5330.8 5398.66 5431.73 5380.33 5365.2 5458.73 5392.65 5375.2 5253.57 5138.01 5119.51 5145.15 5279.87 5218.69 5084.55 5040.66 5052.72 5065.07 5053.45 5046.59 5025.58 5042.68 5088.6 5150.92 5185.91 5214.16 5184.51 5062.71 4980.56 4923.34 4943.56 4987.41 5042.75 5026.54
4949.26 5006.77 5032.8 5107.32 5212.38 5150.96 5121.03 5179.58 5223.75 5264.11 5331.96 5274.32 5172.29 5160.7 5149.62 5215.9 5183.77 5156.92 5180.48 5119.28 5107.95 5231.06 5312.47 5394.09 5435.79 5352.29 5231.94 5122.82 5102.23 5217.47 5139.52 5163.54 5220.29 5329.27 5364.57 5429.93 5365.34 5266.51 5233.35 5292.43 5354.05 5467.57 5353.41 5320.98 5350.99 5289.2 5221.8 5196.12 5146.89 5092.24 5069.79 5067.21 5051.38 5030.39 5009.47 5023.44 5077.73 5113.64 5130.5 5103.83 5004.38 4931.69 4943.51 4943.93 4969.97 4984.5 4972.1
4954.39 4958.86 4955.33 4923.35 4921.64 4973.25 4937.73 5060.59 5104.11 5121.24 5161.44 5101.93 5092.86 5064.6 5128.49 5175.51 5260.16 5346.69 5343.74 5286.09 5235.29 5272.88 5373.74 5418.64 5459.16 5410.56 5291.46 5197.69 5171.5 5162.41 5247.29 5199.92 5195.22 5342.49 5474.3 5361.93 5348.04 5323.98 5247.96 5280.5 5333.52 5307.19 5386.16 5412.99 5399.34 5387.11 5360.37 5256.7 5186.02 5168.26 5128 5090.9 5059.09 5028.43 5010.21 5021.32 5025.42 5038.2 5034.12 4998.75 4970.8 4944.73 4919.67 4930.34 4940.91 4946.91 4959.66
4939.51 4900.69 4869.2 4865.25 4830.57 4757.01 4604.02 4687.69 4809.28 4802.61 4756.34 4685.92 4672.05 4584.05 4687.09 4762.01 5015.29 5091.55 5187.14 5242.32 5311.96 5379.38 5437.81 5407.65 5399.76 5399.43 5299.38 5209.23 5151.79 5147.74 5289.6 5245.42 5198.11 5365.58 5587.02 5505.37 5389.2 5257.7 5212.58 5266.6 5291.79 5304.58 5377.02 5396.91 5381.94 5345.38 5329.54 5303.93 5251.45 5223.23 5178.73 5124.18 5074 5037.52 5009.53 4984.68 4990.28 4985.9 4965.67 4972.35 4918.63 4903.21 4894.23 4905.78 4922.63 4934.94 4923.46
4918.01 4778.91 4708.78 4708.5 4618.99 4419.83 4356.34 4346.99 4401.34 4337.13 4293.83 4249.64 4251.9 4230.91 4375.53 4477.41 4565.86 4683.46 4802.66 4906.83 5035.24 5165.47 5571.72 5619.66 5487.84 5398.74 5266.51 5175.22 5122.61 5173.3 5327.84 5322.3 5241.18 5359.88 5497.54 5527.34 5457.56 5403.24 5396.15 5302.17 5253.45 5275.65 5389.77 5477.5 5399.39 5358.65 5366.88 5403.56 5385.49 5285.55 5195.34 5138.54 5115.15 5066.99 5017.51 4989.99 4968.1 4950.69 4925.44 4899.84 4872.25 4871.6 4876.89 4886.07 4892.75 4898.36 4972.83
4682.42 4560.47 4457.08 4352.1 4295.85 4224.46 4221.36 4138.27 4052.97 3986.58 3994.5 4007.64 4081.52 4147.63 4239.06 4261.12 4378.05 4459.43 4477.45 4522.46 4636.54 4853.6 5107.53 5287.89 5283.73 5234.02 5158.66 5110.76 5141.63 5310 5016.7 5325.52 5327.07 5393.07 5427.01 5472.29 5504.36 5515.52 5449.9 5361.89 5259.88 5172.29 5318.13 5440.39 5465.18 5515 5558.06 5421.61 5357.75 5260.07 5190.48 5138.36 5094.07 5065.85 5048.13 4959.12 4966.32 4945.95 4909.47 4867.98 4855.52 4852.13 4854.87 4866.56 4876.29 4905.5 4934.74
4371.81 4299.15 4206.74 4099.18 4092.93 4152.8 4005.74 3921.99 3866.93 3868.4 3940.57 3911.04 3945.61 4045.89 4126.52 4211.52 4227 4295.55 4287.57 4291.41 4348.74 4455.73 4587.76 4756.19 4842.51 4936.61 4963.34 4971.56 5035.85 5123.57 4990.71 5135.63 5414.39 5458.09 5476.02 5516.52 5533.56 5533.03 5513.07 5439.07 5334.28 5171.09 5224.76 5363.61 5425.81 5373.1 5331.16 5264.24 5192.19 5169.13 5144.52 5116.06 5085.27 5064.29 5085.59 5082.68 5021.99 4956.41 4903.35 4857.69 4835.95 4818.3 4833.66 4847.2 4865.08 4863.06 4930.35
4130.19 4079.97 4001.06 3916.09 3907.16 3901.79 3760.18 3633.49 3538.99 3580.8 3559 3528.57 3660.65 3753.97 3902.51 3951.98 4033.42 4177.75 4167.29 4161.09 4185.38 4196.9 4295.62 4448.46 4608.05 4688.22 4750.54 4782.19 4791.15 4805.32 4895.73 4926.89 5268.76 5374.31 5540.1 5515.12 5519.57 5594.45 5587.95 5521.42 5497.13 5484.06 5326.05 5406.91 5389.43 5438.27 5232.18 5171.72 5159.34 5137.46 5120.92 5091.9 5054.37 5017.56 5006.66 5076.32 5053.04 4975.75 4910.67 4858.89 4834.07 4840.44 4844.2 4851.35 4840.99 4899.19 5006
3967.14 3936.72 3867.81 3773.96 3747.53 3701.41 3607.67 3489.27 3416.05 3364.33 3324.03 3357.84 3452.01 3515.45 3634.29 3722.94 3829.18 3944.19 3992.76 4052.89 4061.48 4144.17 4225.53 4334.37 4450.82 4509.28 4578.24 4634.98 4653.8 4656.6 4705.91 4776.82 4870.84 5047.7 5173.64 5321.84 5427.41 5507.81 5497.25 5546.23 5621.06 5776.67 5691.81 5354.53 5289.05 5366.15 5296.37 5236.61 5183.23 5149.68 5125.37 5078.82 5023.23 4969.6 4938.58 5005.46 5023.45 4970.46 4909.66 4866.73 4848.18 4863.58 4880.22 4910.06 4957.75 5022.44 5022.21
3899.21 3846.04 3779.92 3697.37 3634.9 3558.93 3462.38 3385.8 3333.22 3294.48 3279.75 3309.34 3380.69 3461.31 3531.65 3611.16 3686.4 3785.45 3866.32 3921.94 4021.96 4091.74 4127.76 4207.28 4298.23 4369.9 4452.89 4536.4 4609.42 4673.31 4729.97 4671.91 4627.81 4753.02 4902.72 5060.79 5241.95 5432.84 5474.66 5533.01 5599.97 5678.43 5827.49 5462.27 5284.91 5280.26 5308.65 5322.18 5286.58 5230.44 5144.45 5073.96 5008.89 4948.18 4916.22 4944.31 4953.33 4919.09 4896.31 4881 4872.53 4884.68 4907.93 4950.62 5007.21 5107.05 5003.5
3864.45 3779.32 3714.6 3652.41 3546.93 3462.8 3368.16 3300.64 3242.11 3225.36 3230.43 3266.18 3348.12 3436.04 3502.15 3545.89 3604.21 3697.21 3758.18 3810.44 3879.82 3908.97 3953.94 4066.05 4185.75 4290.99 4381.63 4470.88 4559.37 4672.68 4785.25 4662.63 4578.33 4590.66 4665.12 4779.27 4944.64 5173.6 5392.31 5473.9 5518.52 5586.23 5715.89 5581.26 5420.16 5294.33 5326.99 5407.28 5340.72 5253.32 5155.96 5078.82 5006.05 4937.84 4897.66 4874.16 4867.02 4881.28 4893.07 4889.71 4882.54 4890.81 4931.2 4985.6 5115.42 5124.09 4976.35
3780.3 3694.88 3610.58 3533.72 3451.29 3372.97 3305.14 3233.1 3187.81 3171.12 3172.15 3225.79 3317.34 3419.87 3500.3 3502.79 3518.81 3569.08 3609.4 3605.97 3603.58 3690.44 3790.56 3937.45 4030.51 4121.76 4338.31 4422.7 4450.6 4441.45 4528.07 4510.29 4513.44 4470.26 4497.63 4579.35 4688.62 4893.87 5308.91 5359.31 5408.4 5473.44 5574.74 5613.4 5520.86 5341.64 5368.92 5519.81 5374.24 5235.26 5182.28 5106.02 5014.24 4910.23 4853.46 4830.61 4815.09 4867.69 4899.7 4909.92 4872.84 4896.94 4962.28 5030.89 5151.78 5153.54 4974.24
3665.12 3584.65 3495.16 3417.58 3365.94 3282.64 3236.63 3172.44 3140.64 3105.06 3088.77 3162.47 3258.03 3344.26 3484.28 3424.03 3416.98 3424.97 3415.93 3409.62 3437.82 3524.76 3658.93 3784.05 3860.08 4022.41 4296.14 4379.28 4394.01 4388.7 4361.62 4280.27 4342.99 4344.64 4373.86 4449.4 4501.16 4572.11 4913.19 5116.29 5248.4 5383.7 5542.28 5598.41 5483.19 5368.29 5342.43 5440.64 5402.18 5315.47 5237.1 5154.5 5065.28 4933.29 4868.04 4859.5 4861.2 4879.13 4911.16 4950.77 4990.89 4953.89 4992.2 5092.92 5157.8 5083.11 4963.65
3528.19 3463.01 3400.19 3350.83 3329.64 3285.14 3218.74 3159.37 3107.52 3071.45 3052.78 3103.98 3179.44 3233.83 3258 3313.57 3305.49 3287.47 3262.53 3256.78 3288.86 3354.52 3544.94 3657.23 3762.87 3921.67 4218.3 4272.19 4385.26 4339.42 4366.54 4240.04 4232.05 4258.04 4297.2 4346.13 4376.6 4423.14 4635.12 4853.58 5062.12 5286.64 5543.43 5675.63 5580.7 5470.85 5433.71 5500.47 5458.6 5401.59 5309.34 5223.35 5151.67 5128.94 5017.52 4938.86 4869.62 4922.18 4950.44 4940.26 4948.85 4962.89 4981.05 4999.32 5036.8 5027.11 4952.44
3375.56 3327.3 3305.51 3284.39 3271.77 3239.59 3185.03 3165.84 3060.81 3032.25 2977.89 3025.91 3145.38 3184.5 3212.19 3215.21 3197.03 3175.19 3174.67 3147.12 3177.29 3203.18 3378.73 3490.5 3535.7 3760.77 3895.93 4030.27 4126.45 4196.84 4248.14 4217.11 4189.42 4212.21 4195.33 4228.4 4317.13 4336.92 4398.61 4590.51 4856.5 5142.53 5428.57 5696.28 5642.32 5559.2 5538.02 5534.85 5487.34 5422.22 5350 5282.27 5208.8 5126.98 5091.75 5046.2 5024.72 5040.72 5051.45 5024.41 5033.05 5010.04 4976.12 4968.71 5044 5025.98 4978.46
3239.43 3185.66 3127.38 3143.69 3188.41 3155.92 3032.31 2920.52 2899.47 2878.1 2907.47 2943.03 2980.49 3159.86 3168.65 3101.09 3078.98 3090.12 3103.09 3088.84 3079.97 3112.36 3204.5 3363.16 3491.98 3531.11 3641.35 3766.96 3898.96 4025.28 4204.23 4176.24 4146.7 4103.84 4088.27 4094.65 4091.91 4161 4200.91 4361.43 4640.03 4960.71 5374.77 5583.37 5591.42 5567.18 5476.56 5463.35 5442.28 5414.37 5375.2 5330.67 5278.45 5199.74 5178.29 5147.62 5122.78 5147.92 5211.8 5238.57 5157.85 5052 5006.68 5011.78 5089.63 5077.35 5023.75
3134.29 3064.73 3022.04 3015.48 3043 3004.5 2884.03 2818.29 2820.48 2834.58 2865.66 2896.58 2926.26 2947.05 2900.97 2871.61 2937.39 2966.28 2994.78 3003.06 3000.79 3025.64 3103.56 3256.19 3395.55 3405.97 3410.22 3499.37 3637.4 3830.12 3913.23 3957.32 4025.55 4019.49 4047.77 4010.91 3990.02 4069.07 4090.85 4219.61 4431.29 4682.32 4915.25 5186.68 5448.3 5538.04 5524.62 5476.72 5435.39 5418.75 5393 5380.57 5394.54 5389.89 5308.96 5246.54 5188.61 5227.1 5361.37 5365.42 5152.26 5063.16 5045.73 5063.06 5065.31 5064.44 5078.46
3012.69 2948.68 2905.54 2889.77 2870.34 2842.73 2788.75 2758.13 2768.6 2792.22 2867.98 2820.88 2824.12 2761.92 2760.64 2792.25 2830.38 2864.13 2898.91 2907.98 2934.77 2948.49 3021.71 3159.78 3282.13 3331.01 3283.7 3315.48 3389.79 3491.53 3598.13 3721.87 3922.51 4099.75 4059.9 3977.18 3921.51 3964.22 3985.77 4040.52 4240.45 4412.66 4532.22 4769.31 5170 5432.37 5544.4 5535.61 5464.4 5383.81 5352.11 5396 5463.41 5501.1 5414.23 5348.38 5262.3 5282.09 5398.68 5343.13 5130.12 5090.74 5088.83 5110.99 5081.22 5057.24 5052.86
2872.3 2832.02 2790.07 2788.88 2784.28 2755.67 2728.37 2718.38 2724.06 2713.61 2777.73 2719.76 2727.21 2737.93 2746.06 2762.01 2782.32 2810.64 2842.9 2876.02 2885.06 2897.03 2950.58 3057.14 3174.15 3190.71 3109.55 3217.01 3207.27 3227.71 3337.02 3496.79 3654.26 3858.77 3954.02 3959.51 3953.34 3954.21 3962.54 3992.67 4120.01 4235.62 4323.65 4451.04 4845.32 5179.39 5358.26 5444.5 5436.38 5344.36 5312.63 5403.95 5480.05 5496.56 5472.16 5424.52 5414.52 5402.5 5314.4 5239.12 5161.9 5137.88 5141.41 5145.86 5094.25 5075.43 5061.22
2760.49 2743.17 2721.5 2722.53 2715.7 2706.15 2690.3 2690.56 2689.86 2683.79 2682.79 2686.11 2697.55 2717.46 2751.23 2751.09 2760.73 2777.08 2797.5 2811.53 2807.76 2797.15 2854.63 2934.14 2994.02 3031.64 3112.42 3135.33 3110.66 3111.69 3152.27 3332.03 3469.58 3663.16 3826.79 3886.97 3925.09 4012.27 3998.05 3997.51 4082.2 4148.93 4207.03 4237.68 4517.17 4818.99 5092.35 5265.58 5332.43 5367.61 5386.66 5443.77 5501.64 5522.92 5490.85 5467.24 5475.03 5429.6 5292.33 5247.52 5210.73 5170.85 5180.05 5178.18 5146.41 5141.06 5147.45
2691.82 2685.09 2679.97 2676.93 2670.33 2670.73 2667.28 2666.95 2663.86 2657.92 2659.06 2662.36 2671.37 2687.06 2767.48 2780.36 2740.07 2743.11 2745.1 2761.61 2761.75 2762.31 2791.93 2829.76 2845.95 2871.8 3001.84 3010.95 2993.86 3021.36 3098.9 3272.53 3427.04 3607.31 3716.32 3776.02 3851.42 3970.84 4020.03 4057.23 4064.51 4104.89 4155.85 4226.63 4374.45 4604.08 4878.71 5131.84 5276.02 5405.09 5500.99 5483.06 5464.39 5477.59 5483.89 5496.55 5488.08 5432.6 5277.4 5255.83 5199.96 5122.67 5135.05 5239.65 5201.11 5199.53 5208.38
2645.54 2643.3 2643.01 2647.27 2649.19 2651.18 2649.24 2648.02 2645.53 2638.58 2637.8 2639.26 2646.71 2660.57 2687.45 2699.07 2705.04 2705.64 2713.63 2727.11 2739.67 2741.14 2754.89 2766.43 2770.92 2784.93 2802.54 2857.56 2896.73 2991.73 3116.18 3291.12 3514.9 3624.57 3662.37 3709.18 3819.61 4045.31 4020.8 3993.58 4023.39 4067.73 4108.27 4161.59 4288.62 4417.97 4674.26 4954.26 5257.67 5428.57 5502.21 5516.44 5468.43 5491.1 5499.17 5488.59 5468.04 5434.17 5362.69 5287.45 5190.15 5094.89 5108.89 5256.49 5281.51 5217.17 5154.82
2612.69 2610.91 2613.94 2621.26 2631.53 2641.76 2643.86 2630.69 2628.01 2623.78 2620.35 2619.84 2625.37 2639.38 2666.99 2685.15 2681.46 2675.88 2682.59 2695.27 2714.75 2726.21 2732.89 2739.39 2742.12 2748.46 2756.82 2776.77 2800.66 2858.51 3052.55 3260.34 3448.22 3580.35 3672.53 3693.92 3763.73 3912.96 3957.36 3962.51 3995.04 4037.58 4091.22 4146.54 4233.33 4331.16 4553.12 4831.03 5208.5 5413.37 5536.28 5591.45 5570.04 5577.88 5548.95 5508.64 5460.92 5386.88 5430.28 5292.99 5212.75 5116.12 5079.99 5158.46 5217.31 5202.79 5192.54
2581.52 2579.61 2585.06 2595.74 2612.79 2637.54 2644.51 2627.28 2621.86 2610.86 2605.46 2600.82 2600.36 2616.33 2652.4 2670.44 2655.34 2655.15 2666.56 2681.09 2702.38 2714.94 2715 2717.17 2720.15 2724.11 2723.72 2726.15 2733.06 2740.32 2923.32 3125.66 3345.6 3510.03 3698.61 3705.22 3761.54 3853.03 3886.56 3921.11 3972.37 4025.66 4081.44 4147.76 4206.07 4325.25 4517.63 4757.06 5078.77 5333.44 5505.43 5667.57 5773.68 5699.91 5632.21 5574.24 5532.23 5508.06 5513.64 5411.88 5315.95 5226.63 5127.55 5129.51 5140.36 5154.34 5166.71
2548.49 2547.53 2555.39 2571.63 2596.86 2631.62 2644.22 2628.02 2610.56 2599.5 2587.9 2580.44 2575.12 2583.81 2591.62 2613.73 2623.25 2630.23 2625.7 2654.96 2670.31 2690.64 2693.38 2693.05 2695.01 2697.12 2706 2705.8 2703.91 2715.09 2743.26 2849.41 3012.55 3166.56 3546.07 3793.64 3677.54 3722.54 3800.34 3860.97 3941.93 4008.03 4069.39 4135.85 4200 4336.53 4543.73 4761.53 5065.14 5281.69 5403.01 5586.27 5764.77 5712.06 5646.54 5610.32 5596.58 5615.82 5599.41 5516.99 5446.61 5394.05 5253.84 5157.33 5125.19 5121.13 5130.75
2519.18 2518.43 2527.1 2546 2573.64 2610.07 2618.19 2606.17 2585.71 2572.52 2555.42 2547.04 2538.83 2548.91 2568.65 2564.57 2570.72 2599.09 2610.27 2611.05 2623.72 2650.78 2657.86 2661.7 2667.56 2674.96 2682.54 2684.38 2679.49 2691.18 2695.45 2739.17 2777.08 2840.27 3134.81 3277.18 3382.01 3570.96 3680.44 3800.39 3918.69 4002.12 4058.4 4099.91 4222.54 4392.01 4615.56 4891.97 5095.25 5223.49 5297.96 5431.62 5582.67 5633.57 5638.16 5634.57 5623.91 5596.04 5584.84 5566.14 5512.15 5480.78 5346.59 5199.09 5156.3 5118.33 5107.54
2498.35 2496.72 2507.52 2515.84 2547.66 2583.56 2587.3 2576.28 2560.56 2540.43 2526.45 2519.95 2513.13 2513.81 2519.77 2535.46 2547.7 2553.16 2572.21 2560.9 2578.97 2599.06 2610.84 2625.74 2638.92 2649.97 2656.62 2664.78 2659.31 2661.32 2681.89 2711.22 2747.01 2787.65 2888.8 2993.34 3159.94 3319.74 3512.05 3726.88 3915.2 3993.41 4041.46 4070.75 4147.22 4329.21 4544.92 4765.62 4951.81 5094.84 5191.45 5296.57 5432.71 5547.57 5625.91 5673.4 5694.32 5639.51 5546.31 5532.7 5483.34 5461.65 5393.29 5288.65 5220.35 5183.25 5198.04
2483.47 2485.76 2503.05 2525.76 2539.91 2559.09 2563.71 2555.25 2534.93 2514.23 2493.98 2486.91 2483.19 2488.94 2498.94 2512.02 2527.76 2533.37 2534.12 2532.84 2537.12 2552.17 2565.64 2589.39 2609.77 2625.98 2633.26 2642.88 2640.53 2649.04 2679.2 2718.67 2755.75 2801.69 2867.52 2974.1 3066.81 3182.44 3390.07 3648.19 3919.77 3964.97 4009.08 4051.04 4128.65 4273.11 4478.99 4700.06 4882.69 4980.7 5138.52 5217.87 5335.5 5478.04 5592.8 5685.91 5767.18 5835.58 5662.39 5507.96 5397.53 5306.06 5292.52 5269.56 5245.93 5268.79 5258
