real_craters/C206-500m.grd
DSAA
552 552
-137.7775 137.7775
-137.7775 137.7775
4180.8555904104 7265.3254947065
[rows 0 to 29 of 552, columns 201 to 267 of 552]
6480.03 6469.57 6471.6 6472.65 6473.94 6474.7 6473.81 6469.9 6474.34 6479.6 6483.01 6486.32 6489.31 6491.87 6493.39 6493.71 6493.75 6488.79 6492.87 6492.01 6491.47 6489.8 6487.15 6483.7 6479.64 6474.61 6469.69 6466.14 6462.88 6464.27 6467.02 6475.82 6482.81 6493.89 6505.41 6517.77 6530.69 6544.02 6557.19 6561.94 6560.62 6569.04 6575.09 6579.44 6581.95 6582.76 6581.17 6577.61 6565.47 6557.13 6556.84 6568.78 6582.27 6654.4 6717.93 6552.04 6422.05 6375.21 6381.04 6416.88 6451.59 6486.79 6520.82 6542.03 6536.4 6518.32 6495.48
6478.25 6474.88 6472.64 6474.03 6476.03 6477.88 6479.57 6476.8 6476.24 6482.04 6489.04 6494.24 6497.8 6499.94 6500.9 6500.14 6499.15 6497.06 6497.39 6497.03 6496.76 6494.93 6491.66 6487.64 6483.11 6478.49 6473.62 6470.71 6468.19 6467.74 6467.27 6470.42 6478.75 6490.43 6503.06 6516.16 6529.19 6542.2 6552.62 6559.53 6562.5 6569.49 6574.23 6577.69 6579.23 6579.33 6576.57 6570.01 6562.89 6556.95 6558.14 6592.46 6655.43 6647.09 6549.86 6373.9 6262.02 6263.04 6296.75 6345.43 6405.59 6462.16 6510.8 6545.6 6539.23 6518.29 6496.32
6475.04 6470.73 6474.04 6477.36 6480.4 6482.94 6486.18 6493.44 6480.4 6490.22 6498.89 6504.46 6507.87 6509.98 6510.25 6508.96 6506.28 6504.65 6504.14 6504.97 6504.54 6501.98 6497.97 6493.02 6487.8 6481.72 6477.52 6473.52 6469.48 6472.19 6469.89 6472.88 6477.63 6487.95 6500.73 6514.4 6527.81 6540.71 6554.01 6562.38 6569.18 6573.23 6576.12 6577.57 6577.68 6576.69 6573.37 6567.54 6560.29 6555.08 6556.61 6602.41 6685.15 6613.12 6387.66 6202.78 6138.15 6159.34 6209.99 6294.61 6375.82 6444.57 6499.4 6535.6 6538.65 6516.15 6495.31
6478.25 6473.14 6478.24 6483.08 6487.11 6490.11 6490.36 6490.75 6497.68 6507.82 6514.23 6518.05 6520.31 6521.65 6521.78 6520.81 6518.1 6512.77 6513.84 6516.55 6514.45 6510.07 6504.59 6498.57 6492.37 6486.24 6480 6474.37 6470.54 6473.95 6471.23 6466.53 6474.75 6486.9 6500.98 6514.96 6528.1 6539.77 6549.37 6565.4 6574.22 6577.22 6577.7 6577.43 6576.58 6574.96 6572.74 6568.56 6561.15 6556.1 6556.19 6596.09 6674.89 6584.41 6315.34 6125.13 6093.73 6128.05 6184.05 6285.3 6371.39 6439.35 6493.33 6526.79 6515.87 6503.94 6489.45
6489.16 6484.02 6487.93 6493.27 6498.52 6502.75 6505.3 6515.38 6532.87 6532.57 6532.96 6533.51 6534.05 6534.52 6534.96 6535.41 6536.37 6538.27 6539.01 6534.21 6527.3 6520.14 6512.71 6505.18 6497.76 6490.6 6483.31 6477.52 6474.6 6475.95 6475.58 6475.55 6474.91 6489.08 6503.45 6517.38 6530.92 6542.7 6553.65 6573.47 6581.1 6580.39 6578.28 6576.28 6575.18 6574 6573.05 6571.4 6568.1 6561.43 6558.08 6577.24 6663.58 6621.64 6364.99 6177.73 6163.96 6200.61 6245.92 6341.05 6408.1 6455.37 6492.34 6512.34 6513.21 6497.13 6483.5
6494.46 6494.81 6497.9 6503.69 6510.96 6519.46 6530.11 6548.05 6558.72 6553.08 6548.83 6546.4 6545.31 6545.37 6546.36 6548.54 6552.76 6563.19 6561.7 6549.18 6538.91 6529.41 6520.05 6510.98 6502.32 6493.62 6485.7 6479.95 6478.07 6478.08 6480 6485.57 6486.26 6494.04 6506.18 6519.97 6534.89 6549.81 6565.48 6581.25 6584.84 6580.59 6576.34 6573.09 6570.37 6569.67 6570.3 6574.06 6575.44 6577.28 6567.37 6576.44 6648.3 6672.76 6525.29 6342.23 6328.99 6367.92 6418.28 6465.66 6477.81 6488.96 6502.27 6509.73 6503.95 6490.93 6475.96
6494.74 6499.74 6504.62 6511.81 6521.26 6533.25 6550.17 6565.78 6569.46 6565.68 6561.13 6557.81 6557.33 6556.75 6557.51 6559.63 6562.47 6561.9 6554.94 6557.03 6548.23 6537.48 6526.97 6517.44 6508 6498.36 6490.23 6481.55 6477.9 6475.24 6479.77 6484.96 6493.66 6499.81 6510.2 6523.48 6538.01 6555.15 6572.08 6589.11 6582.33 6575.26 6570.69 6567.58 6565.64 6564.41 6564.01 6562.68 6560.69 6557.16 6562.15 6585.33 6614.13 6639 6632.84 6562.92 6510.58 6541.34 6646.86 6589.85 6539.01 6518.73 6512.83 6505.91 6496.24 6485.9 6471.43
6495.76 6501.78 6509.52 6518.94 6529.73 6541.83 6553.48 6567.31 6574.19 6572.47 6569.01 6565.91 6563.88 6565.07 6565.53 6567.48 6570.76 6575.86 6577.12 6566.22 6554.65 6542.35 6531.3 6521.18 6512.55 6503.5 6496.5 6486.54 6478.08 6475.39 6482 6487.14 6494.18 6501.29 6513.41 6524.42 6535.79 6548.85 6557.98 6561.23 6563.18 6562.72 6561.62 6560.25 6559.24 6558.61 6556.42 6553.16 6549.9 6555.93 6560.12 6562.91 6574.21 6583.77 6633.93 6656.54 6602.95 6602.16 6621.21 6593.19 6554.05 6529.91 6519.19 6504.74 6492.97 6489.66 6474.5
6498.32 6503.86 6514.16 6525.6 6537.54 6549.96 6559.78 6571.9 6576.76 6576.92 6575.73 6574.17 6571.62 6570.64 6570.5 6571.49 6574.2 6580.65 6588.14 6568.92 6555.66 6544.32 6535.57 6528.39 6519.26 6511.38 6506.54 6496.96 6486.48 6485.03 6488.83 6493.46 6489.26 6503.76 6519.1 6525.3 6528.51 6532.31 6532.65 6531.12 6541.12 6546.8 6550.5 6552.08 6552.64 6552.49 6550.72 6550.07 6557.94 6562.04 6571.49 6565.53 6566.61 6567.68 6587.83 6603.17 6596.53 6582.86 6565.17 6545.37 6534.63 6526.31 6520.38 6518.49 6525.12 6503.54 6479.68
6494.33 6504.73 6517.55 6530.02 6541.84 6554.4 6578.86 6573.88 6578.37 6581.7 6583.31 6583.24 6581.99 6574.97 6573.17 6570.75 6569.66 6568 6558.89 6553.95 6548.61 6543.32 6534.46 6528.96 6521.9 6516.03 6508.68 6503.59 6499.25 6492.64 6497.83 6492.87 6500.96 6529.17 6532.72 6528.6 6521.91 6512.98 6513.09 6515.95 6526.03 6534.81 6541.27 6545.83 6547.64 6547.63 6547.04 6545.09 6537.94 6556.39 6573.29 6576.25 6584.87 6591.88 6576.5 6571.3 6571.37 6553.5 6518.24 6501.58 6513.6 6516.9 6521.8 6530.35 6530.1 6515.14 6485.47
6498.13 6512.94 6529.12 6541.98 6551.31 6555.91 6556.37 6570.74 6574.61 6574.49 6572.23 6569.03 6564.75 6562.25 6560.5 6559.11 6556.99 6551.73 6541.51 6539.76 6540.94 6535.25 6529.84 6523.35 6521.68 6518.63 6516.9 6517.33 6520.73 6524.87 6529.65 6507.34 6507.6 6552.1 6548.22 6534.96 6517.81 6499.53 6498.41 6506.48 6516.17 6526.33 6534.31 6539.72 6544.75 6547.44 6548.73 6547.61 6544.4 6555.09 6563.04 6577.94 6588.25 6615.55 6609.16 6570.52 6554.38 6535.8 6508.21 6495.42 6504.69 6511.36 6516.14 6518.25 6536.28 6520.63 6491.2
6515.29 6529.74 6545.26 6557.7 6566.85 6569.25 6564.51 6574.94 6575.74 6572.23 6566.28 6560.17 6555.15 6551.65 6549.48 6548.17 6546.87 6542.66 6538.59 6537.33 6537.61 6532.29 6526.11 6521.06 6516.93 6518.76 6519.94 6526.35 6541.42 6574.53 6578.08 6539.31 6515.61 6556.28 6563.96 6543.9 6516.43 6495.23 6491.27 6496.99 6510.89 6520.79 6529.08 6536.37 6543.65 6549.41 6554.03 6558.32 6565.36 6564.61 6562.61 6573.05 6574.29 6568.15 6573.32 6560.53 6544.22 6528.48 6513.36 6508.7 6508.52 6513.81 6515.05 6512.36 6522.73 6512.93 6491.65
6542.36 6552.42 6562.99 6574.67 6587.49 6598.55 6594.08 6581.09 6578.8 6566.3 6553.1 6542.76 6536.04 6532.3 6530.99 6531.6 6533.87 6537.89 6545.86 6547.76 6537.54 6529.48 6523.91 6520.63 6518.16 6513.87 6514.73 6521.94 6531.01 6540.58 6522.01 6505.06 6515.38 6593.3 6586.49 6554.54 6517.73 6495.1 6505.69 6509.65 6512.62 6519.71 6528.04 6535.82 6543.65 6551.36 6558.84 6567.06 6573.3 6571.85 6564.68 6576.16 6585.38 6565.25 6555.2 6549.04 6537.12 6526.8 6517.57 6511.11 6515.52 6518.94 6523.04 6524.65 6508.78 6495.29 6485.22
6575.17 6569.25 6569.4 6578.67 6598.44 6615.57 6627.43 6614.95 6582.61 6550.79 6529.57 6516.8 6510.08 6507.78 6508.59 6511.73 6517.55 6525.74 6540.06 6541.41 6528.06 6521.08 6517.2 6515.3 6513.59 6512.38 6507.31 6506.74 6502.57 6488.13 6465.35 6462.16 6485.48 6581.09 6599.38 6561.52 6514.79 6489.02 6500.06 6508.2 6514.09 6520.86 6529.05 6537.5 6545.48 6554.01 6562.93 6573.68 6584.05 6581.44 6564.02 6576.36 6606.04 6580.84 6559.69 6545.78 6533.42 6526.3 6524.21 6526.94 6524.56 6524.78 6525.1 6515.39 6491.89 6473.44 6477.23
6592.59 6573.03 6561.73 6563.09 6588.1 6652.29 6721.72 6643.4 6558.54 6514.81 6492.67 6482.23 6478.77 6479.68 6483.36 6488.91 6495.63 6503.03 6507.6 6507.47 6501.33 6508.29 6510.06 6510.01 6509.49 6508.94 6509.32 6502.08 6489.04 6463.74 6439.54 6440.45 6461.78 6592.83 6608.29 6563.09 6510.66 6485.41 6497.59 6505.45 6513.17 6521.35 6529.86 6538.96 6547.85 6555.98 6565.7 6575.7 6586.38 6584.56 6556.22 6559.37 6587.13 6576.84 6554.77 6540.37 6531.84 6526.11 6526.62 6531.66 6528.88 6527.5 6528.12 6517.6 6490.01 6470.21 6475.83
6580.25 6556.64 6530.21 6509.61 6506.23 6528.15 6527.98 6503.09 6468.69 6447.78 6439.31 6438.56 6442.44 6449.07 6456.86 6465.73 6474.31 6481.31 6489.31 6488.79 6498.89 6498.33 6503.32 6505.49 6506.11 6507.35 6500.7 6492.1 6481.62 6464.95 6451.18 6449.57 6465.77 6565.29 6597.16 6555.83 6508.69 6487.04 6493.37 6501.92 6511.6 6520.49 6530.34 6538.99 6546.99 6555.21 6564.13 6570.84 6573.69 6564.66 6547.85 6542.06 6554.78 6553.74 6540.25 6529.85 6524.37 6521.89 6521.34 6519.06 6520.15 6523.81 6527.21 6520.87 6502.84 6488.72 6484
6562.96 6528.4 6484.24 6432.48 6376.37 6309.84 6275.67 6315.79 6343.12 6359.66 6373.39 6387 6409.54 6423.11 6436 6447.91 6458.3 6466.76 6477.59 6477.76 6493.38 6487.93 6491.63 6492.18 6493.27 6494.57 6493.58 6491 6487.37 6481.88 6477.87 6470.54 6487.79 6549.51 6568.09 6538.89 6499.83 6486.07 6490.25 6501.42 6511.39 6520.16 6528.38 6536.69 6545.7 6553.39 6559.96 6563.58 6564.39 6564.16 6551.28 6546.8 6540.02 6536.01 6527.77 6518.47 6515.61 6515.22 6513.04 6508.87 6510.48 6516.25 6520.55 6520.66 6516.58 6511.32 6494.17
6545.61 6498.26 6438.53 6364 6274.48 6174.85 6131.16 6182.12 6244.08 6290.86 6326.4 6355.84 6379.15 6399.05 6416.36 6429.48 6443.15 6457.31 6470.4 6476.81 6487.58 6481.04 6484.14 6488.06 6490.51 6492.8 6495.88 6496.99 6497.08 6495.32 6480.46 6479.18 6489.96 6517.57 6544.91 6526.23 6492.44 6489.25 6499.17 6505.15 6513.58 6521.44 6529.61 6536.41 6543.38 6549.15 6554.08 6556.7 6554.9 6547.38 6550.74 6548.73 6533.56 6522.04 6511.35 6505.42 6507.6 6509.69 6510.23 6507.7 6507.96 6511.59 6509.44 6517.02 6524.14 6524.16 6497.51
6525.51 6477.25 6411.05 6326.23 6224.63 6123.1 6060.89 6116.84 6181.74 6240.5 6287.6 6335.56 6365.93 6383.62 6404.64 6422.46 6437.71 6453.66 6465.17 6472.24 6482.95 6479.01 6482.36 6485.93 6489.57 6494.47 6498.31 6502.02 6504.58 6503.79 6501.71 6481.19 6476.89 6503.39 6546 6524.69 6494.67 6501.15 6510.35 6511.25 6515.65 6521.04 6528.07 6534.57 6540.91 6547.17 6551.44 6553.7 6553.15 6551.14 6552.9 6548.19 6526.14 6508.97 6501.16 6497.89 6501.7 6507.03 6512.56 6517.81 6521.81 6518.98 6507.67 6519 6528.71 6527.61 6497.33
6518.73 6475.39 6412.86 6329.5 6223.59 6108.49 6063.48 6102.03 6171.74 6232.52 6283.13 6323.82 6352.2 6378.58 6400.18 6418.33 6433.89 6446.71 6459.71 6469.05 6479.85 6478.31 6481.84 6485.3 6489.57 6493.03 6497.79 6502.91 6507.72 6509.4 6480.36 6459.67 6457.81 6470.61 6542.31 6531.68 6504.27 6508.94 6513.15 6515.3 6518.61 6524.35 6529.73 6536.58 6541.25 6545.92 6549.73 6552.45 6554.62 6560.02 6559.79 6557.11 6533.8 6505.68 6496.87 6494.65 6499.03 6506.58 6516.76 6530.19 6541.99 6536.56 6534.25 6532.98 6535.94 6531.28 6502.39
6527.01 6492.89 6443.37 6375.02 6282.96 6159.7 6101.8 6142.41 6190.01 6234.07 6284.49 6319.19 6348.42 6373.19 6394.39 6418.28 6432.59 6446.07 6458.34 6468.42 6478.23 6476.53 6480.23 6484.2 6488.78 6493.07 6497.83 6502.22 6506.25 6505.5 6466.14 6443.42 6445.04 6464.51 6517.24 6542.08 6544.6 6519.35 6514.75 6520.39 6527.97 6537.55 6544.2 6551.04 6553.94 6553.1 6554.54 6555.17 6555.62 6555.32 6551.57 6541.8 6527.48 6503.97 6493.21 6491.05 6497.75 6507.24 6517.82 6529.58 6539.85 6541.31 6543.45 6541.11 6540.54 6537.87 6513.67
6539.66 6518.28 6489.12 6449 6386.47 6285.34 6224.59 6229.72 6251.26 6275.3 6299.75 6321.84 6344.27 6373.11 6392.12 6409.49 6425.4 6442.16 6454.34 6464.33 6472.2 6474.75 6478.29 6482.02 6485.87 6489.64 6492.85 6494.79 6495.1 6491.04 6467.16 6451.38 6438.47 6446.53 6496.6 6528.89 6541.32 6523.25 6522.39 6532.34 6543.33 6550.84 6558.16 6556.34 6557.74 6558.12 6557.9 6555.72 6551.94 6547.82 6539.48 6529.31 6518 6505.32 6492.75 6490.35 6499.49 6509.16 6516.48 6521.39 6524.42 6529.68 6534.7 6536.87 6537.73 6535.36 6520.49
6556.57 6549.17 6541.52 6537.52 6527.34 6446.16 6375.87 6338.39 6327.66 6328.33 6336.35 6348.59 6367.23 6382.16 6397.19 6411.93 6429.66 6442.03 6453.44 6464.84 6471.25 6473.63 6477.14 6480.76 6484.01 6486.2 6486.48 6485.78 6481.28 6471.88 6466.86 6454.75 6423.87 6403.47 6422.13 6507.58 6546.45 6529.92 6536.22 6549.65 6559.99 6563.62 6569.28 6565.78 6565.87 6560.41 6558.71 6556.11 6551.33 6545.82 6537.67 6526.04 6512.26 6499.48 6498.28 6498.79 6509.17 6515.46 6516.8 6514.23 6509.13 6514.18 6520.87 6526.2 6529.34 6530.61 6526.58
6569.15 6569.77 6573.21 6590.89 6637.83 6621.15 6506.01 6436.09 6402.72 6386.47 6382.66 6384.67 6390.92 6399.74 6411.63 6422.39 6432.45 6443.18 6454.4 6466.8 6468.67 6468.21 6474.45 6477.01 6478.92 6479.67 6479.3 6476.49 6470.04 6461.63 6451.56 6435.68 6411.28 6386.75 6397.38 6469.44 6524.59 6539.59 6556.44 6569.67 6573.95 6574.97 6577.68 6573.62 6569.95 6566.1 6562.45 6557.44 6552.81 6547.39 6538.39 6535.25 6525.13 6516.71 6518.16 6525.93 6529.87 6527.6 6521.83 6513.65 6504.85 6504.61 6509.36 6514.7 6518.66 6521.46 6522.62
6576.19 6578.28 6582.78 6589.72 6589.16 6590.99 6552.46 6498.6 6460.05 6436.58 6424.11 6418.71 6417.71 6421.27 6427.06 6434.16 6443.44 6450.8 6457.8 6469.62 6469.73 6471.48 6472.62 6473.38 6473.62 6473.6 6473.74 6471.27 6465.01 6458.07 6453.33 6442.71 6412.31 6378.47 6372.22 6436.79 6511.43 6547.44 6581.48 6592.98 6589.09 6587.66 6579.27 6575.78 6570.36 6564.66 6560.98 6556.97 6554.04 6551.41 6549.25 6553.2 6546.74 6541.58 6545.13 6557.97 6555.2 6542.26 6528.84 6516.54 6506.62 6500.2 6500.22 6503.55 6506.91 6507.68 6504.99
6580.28 6579.54 6577.45 6573.42 6568.71 6575.59 6557.13 6527.68 6497.84 6475.66 6458.23 6449.35 6445.24 6444.55 6446.19 6451.5 6455.08 6459.06 6463.18 6472.47 6472.62 6472.63 6471.82 6471.89 6472 6472.22 6470.85 6470.7 6470.35 6468.97 6467.22 6462.81 6423.85 6375.41 6357.99 6442.94 6557.11 6622.7 6624.94 6616.02 6605.63 6593.63 6584.76 6577.33 6570.17 6563.67 6560.37 6557.02 6555.53 6556.04 6559.51 6562.88 6565.24 6563.21 6567.08 6575.82 6570.54 6552.97 6535.24 6519.17 6506.7 6497.04 6493.24 6494.91 6496.76 6496.47 6493.8
6577.77 6573.45 6568.04 6561.62 6558.55 6573.92 6563.43 6547.51 6529.73 6504.13 6490.82 6481.52 6475.44 6471.77 6465.94 6465.7 6466.12 6466.03 6468.03 6474.25 6475.28 6473.85 6471.87 6472.02 6472.35 6472.47 6471.75 6471.82 6471.64 6474.91 6480.61 6482.96 6438.03 6380.03 6357.93 6429.71 6594.53 6676.93 6648.31 6624.46 6607.11 6591.64 6581.11 6574.31 6567.48 6560.37 6555.66 6553.32 6553.36 6553.73 6563.36 6572.64 6579.75 6575.53 6572.35 6578.19 6572.98 6556.84 6537.74 6519.45 6501.58 6486.94 6487.96 6489.06 6489.57 6490.13 6491.61
6577.16 6570.23 6563.3 6559.91 6571.46 6574.5 6564.82 6550.61 6538.38 6527.63 6516.85 6508.93 6504.32 6498.23 6493.06 6488.57 6482.65 6479.6 6477 6476.15 6474.24 6472.3 6470.77 6470.23 6469.26 6467.02 6468.7 6469.97 6474.56 6479.03 6484.45 6482.58 6440.75 6393.2 6370.05 6401.4 6546.37 6625.22 6620.3 6608.57 6597.81 6594.14 6586.57 6578.89 6570.15 6561.83 6554.89 6550.2 6546.02 6543.71 6548.91 6563.2 6579.12 6579.9 6577.36 6578.31 6572.6 6555.02 6536.76 6519.55 6503.08 6491.87 6488.39 6486.52 6485.6 6486.81 6490.85
6576.11 6566.87 6558.66 6550.21 6553.22 6560.27 6557.59 6556.98 6555.2 6542.86 6536.46 6529.89 6523.28 6516.72 6505.29 6499.69 6494.12 6488.8 6482.77 6478.72 6475.34 6472.14 6470.89 6468.97 6468.43 6467.71 6468.27 6469.54 6473.14 6481.59 6488.2 6477.28 6455.09 6409.72 6376.48 6395.19 6461.5 6527.9 6565.33 6575.88 6579.8 6578.28 6574.03 6569.6 6561.05 6555.37 6549.97 6545.51 6541.91 6536.76 6535.66 6551.48 6577.91 6580.54 6577.61 6568.82 6562.39 6546.43 6533.29 6520 6507.47 6499.11 6489.86 6485.1 6483.53 6482.53 6483.95
6574.44 6565.2 6557.34 6550.49 6531.03 6533.62 6538.55 6542.02 6539.78 6538.42 6534.07 6529.15 6523.84 6518.24 6515.32 6509.46 6502.88 6493.52 6489.75 6483.26 6478.76 6476.1 6474.47 6472.33 6470.38 6468.42 6467.25 6468.32 6473.61 6487.05 6502.8 6518.11 6487.67 6430.59 6381.79 6380.34 6402.96 6462.15 6510.31 6543.53 6550.87 6548.57 6549.8 6549.41 6548.3 6543.87 6540.81 6538.12 6534.19 6528.24 6526.98 6540.62 6558.47 6563.94 6551.21 6545.83 6537.47 6535.46 6530.34 6520.86 6508.75 6493.59 6484.2 6480.65 6479.46 6480.58 6482.91
