real_craters/C206-750m.grd
DSAA
368 368
-137.7775 137.7775
-137.7775 137.7775
4181.4453220307 7228.5999343062
[rows 228 to 265 of 368, columns 168 to 251 of 368]
5921 5903 5906 5809 5717 5647 5582 5574 5594 5608 5608 5580 5591 5569 5498 5452 5418 5441 5500 5529 5597 5642 5687 5736 5781 5822 5874 5958 6050 6047 6182 6114 6131 6267 6339 6421 6527 6643 6677 6655 6638 6634 6599 6509 6345 6184 6090 6040 6083 6075 6058 6040 6017 6019 6028 6022 5996 5942 5898 5861 5844 5835 5815 5794 5790 5789 5780 5764 5755 5754 5761 5822 5801 5793 5791 5792 5793 5791 5790 5788 5789 5791 5791 5790
6009 6011 6017 5953 5880 5834 5820 5809 5765 5743 5728 5692 5661 5633 5587 5533 5487 5512 5535 5546 5610 5732 5801 5861 5904 5955 6020 6083 6112 6166 6145 6141 6199 6317 6410 6467 6540 6638 6685 6643 6630 6638 6656 6513 6286 6114 6070 6059 6089 6062 6039 6025 6017 6003 5994 5989 5966 5919 5879 5859 5848 5846 5831 5798 5780 5774 5767 5752 5747 5743 5741 5742 5761 5765 5767 5774 5774 5779 5784 5786 5787 5789 5792 5797
6048 6042 6071 6026 5993 5971 5966 5947 5920 5882 5839 5785 5766 5731 5691 5654 5626 5649 5644 5708 5860 5884 5921 5967 6010 6075 6128 6159 6239 6291 6285 6291 6350 6446 6461 6443 6467 6524 6554 6548 6568 6606 6656 6497 6261 6110 6085 6106 6049 6035 6023 6014 6015 6011 5989 5956 5914 5893 5869 5845 5840 5844 5832 5797 5775 5768 5761 5751 5748 5740 5726 5719 5738 5747 5748 5753 5764 5770 5774 5778 5781 5783 5786 5788
6082 6018 5978 6044 6063 6067 6069 6085 6054 6038 5972 5911 5905 5864 5806 5784 5796 5900 5942 5970 6003 6036 6055 6086 6128 6188 6278 6393 6550 6554 6433 6429 6606 6571 6389 6350 6357 6356 6338 6415 6462 6496 6506 6384 6205 6068 6072 6056 6028 6004 5998 5989 5976 5995 5976 5934 5901 5875 5852 5827 5827 5829 5825 5792 5775 5750 5756 5771 5763 5744 5724 5725 5735 5738 5739 5742 5758 5761 5762 5766 5767 5770 5772 5771
6144 6097 6077 6095 6115 6126 6129 6103 6170 6212 6217 6169 6124 6084 6057 6073 6144 6272 6329 6313 6226 6173 6154 6168 6207 6269 6375 6547 6630 6570 6342 6258 6385 6420 6263 6233 6259 6278 6315 6336 6358 6352 6307 6281 6160 6064 6097 6066 5993 5993 5986 5972 5957 5940 5932 5909 5882 5865 5851 5836 5823 5810 5790 5787 5782 5776 5762 5782 5776 5750 5720 5725 5733 5734 5739 5734 5746 5750 5751 5750 5752 5753 5756 5760
6188 6199 6190 6171 6161 6183 6225 6273 6316 6346 6454 6421 6297 6312 6327 6352 6395 6415 6408 6392 6327 6242 6207 6203 6221 6270 6330 6393 6382 6306 6192 6157 6178 6220 6167 6159 6201 6241 6272 6289 6284 6263 6245 6227 6152 6130 6162 6105 6051 6011 5986 5969 5951 5938 5912 5890 5872 5860 5860 5850 5827 5801 5766 5764 5775 5783 5755 5762 5770 5750 5727 5721 5724 5725 5729 5734 5735 5736 5736 5736 5736 5736 5738 5740
6183 6175 6182 6192 6192 6205 6268 6375 6354 6347 6344 6344 6294 6219 6189 6159 6235 6253 6236 6248 6264 6249 6231 6220 6222 6233 6247 6235 6196 6154 6127 6182 6156 6138 6126 6133 6173 6211 6255 6245 6223 6200 6180 6153 6167 6224 6182 6099 6039 6000 5991 5979 5955 5923 5899 5874 5849 5848 5862 5861 5835 5811 5802 5759 5757 5762 5730 5731 5738 5736 5734 5715 5710 5713 5719 5720 5722 5722 5723 5723 5722 5720 5716 5710
6163 6150 6153 6176 6188 6205 6231 6244 6266 6283 6259 6262 6245 6220 6183 6162 6148 6142 6177 6237 6242 6238 6231 6228 6223 6214 6193 6154 6117 6105 6090 6161 6200 6167 6141 6145 6161 6178 6185 6185 6176 6160 6143 6161 6162 6166 6122 6078 6027 6009 6016 5993 5952 5910 5887 5867 5851 5849 5857 5856 5841 5815 5780 5752 5759 5774 5741 5734 5722 5721 5715 5705 5695 5703 5713 5709 5709 5712 5711 5711 5708 5703 5696 5684
6141 6138 6144 6153 6162 6175 6179 6180 6195 6230 6246 6229 6199 6159 6147 6143 6127 6127 6135 6155 6196 6212 6219 6217 6200 6182 6150 6111 6080 6074 6092 6136 6145 6146 6149 6155 6147 6143 6138 6136 6134 6136 6154 6120 6144 6120 6053 6073 6128 6111 6052 6021 5958 5903 5885 5864 5848 5839 5836 5853 5851 5820 5787 5764 5770 5776 5753 5741 5725 5716 5721 5704 5696 5701 5703 5700 5704 5706 5705 5703 5699 5693 5685 5677
6124 6113 6129 6139 6145 6145 6137 6118 6116 6159 6215 6168 6141 6134 6087 6089 6094 6105 6138 6171 6176 6167 6164 6158 6151 6135 6117 6101 6098 6097 6053 6076 6080 6092 6120 6141 6118 6102 6092 6086 6098 6104 6104 6095 6123 6097 6058 6089 6139 6146 6040 5969 5937 5914 5888 5861 5838 5822 5820 5833 5835 5819 5805 5785 5755 5749 5739 5738 5743 5736 5710 5704 5700 5702 5715 5705 5703 5704 5700 5699 5694 5687 5680 5672
6111 6114 6119 6124 6122 6117 6108 6086 6071 6075 6062 6083 6066 6040 6064 6058 6054 6073 6114 6172 6138 6127 6117 6109 6102 6095 6088 6086 6083 6091 6036 6055 6063 6060 6067 6056 6064 6064 6060 6064 6067 6073 6076 6072 6079 6091 6100 6102 6077 6064 5964 5865 5923 5928 5892 5857 5827 5807 5797 5807 5807 5806 5805 5788 5729 5723 5725 5737 5770 5762 5705 5703 5703 5700 5701 5709 5708 5707 5703 5699 5693 5687 5682 5680
6094 6097 6103 6105 6106 6102 6094 6090 6092 6049 6027 6038 6044 6040 6039 6034 6040 6040 6023 6053 6068 6067 6063 6064 6062 6058 6056 6065 6082 6050 6036 6023 6012 6026 6021 6009 6018 6025 6029 6030 6034 6040 6046 6041 6035 6049 6115 6100 6093 6021 5899 5804 5899 5916 5884 5852 5822 5797 5812 5803 5789 5791 5778 5746 5723 5711 5706 5716 5718 5695 5696 5712 5720 5718 5723 5717 5714 5709 5700 5693 5685 5680 5678 5686
6093 6095 6092 6091 6089 6085 6082 6084 6084 6051 6025 6020 6024 6023 6022 6027 6023 5980 5955 5974 6005 6021 6027 6027 6026 6023 6024 6025 6023 6028 6051 6041 6021 6009 6001 5990 5990 5992 5995 6004 5999 5998 6000 5996 5991 5991 6026 6041 6002 5941 5873 5829 5837 5866 5862 5844 5821 5804 5821 5815 5805 5794 5774 5745 5727 5715 5717 5719 5712 5705 5714 5734 5765 5762 5723 5732 5721 5711 5700 5692 5685 5676 5667 5657
6098 6099 6091 6083 6076 6069 6061 6056 6053 6043 6026 6006 5996 5995 5996 6008 5988 5939 5919 5934 5958 5976 5985 5987 5988 5986 5982 5979 5970 5983 6050 6037 6022 5997 5985 5981 5974 5964 5958 5948 5953 5958 5955 5960 5968 5971 5991 6005 5961 5894 5851 5828 5854 5848 5840 5828 5816 5814 5824 5824 5825 5803 5786 5771 5743 5732 5746 5742 5733 5732 5732 5746 5766 5756 5764 5745 5718 5704 5696 5690 5683 5677 5668 5661
6115 6110 6091 6077 6063 6050 6037 6022 6000 6008 6008 5993 5968 5974 5992 5993 5990 5968 5939 5924 5929 5933 5938 5942 5947 5942 5942 5937 5933 5930 5999 5976 5979 5972 5961 5950 5939 5935 5927 5915 5922 5932 5937 5945 5949 5949 5993 5999 5974 5944 5880 5847 5855 5835 5821 5811 5807 5814 5820 5818 5800 5796 5796 5793 5768 5747 5748 5751 5740 5730 5736 5739 5735 5721 5708 5705 5705 5700 5694 5685 5683 5680 5684 5690
6139 6118 6088 6068 6050 6034 6016 5997 5976 5978 5986 5989 5998 5982 5975 5977 5974 5972 5962 5927 5915 5913 5911 5911 5910 5902 5899 5899 5898 5902 5953 5926 5940 5942 5933 5919 5910 5911 5911 5915 5919 5916 5915 5910 5916 5925 5951 5973 5977 5962 5916 5854 5822 5810 5800 5794 5794 5808 5832 5817 5795 5794 5803 5809 5790 5759 5753 5732 5717 5743 5740 5736 5724 5703 5676 5682 5689 5689 5684 5681 5678 5681 5686 5698
6101 6094 6075 6056 6038 6020 6001 5984 5972 5978 5974 5971 5977 5977 5983 5967 5952 5914 5927 5915 5902 5892 5887 5884 5883 5876 5875 5870 5871 5883 5878 5889 5919 5914 5903 5894 5889 5891 5896 5905 5906 5902 5900 5893 5890 5911 5943 5968 5961 5941 5923 5856 5797 5787 5781 5777 5775 5780 5822 5810 5800 5798 5803 5799 5781 5774 5753 5741 5726 5743 5745 5738 5728 5709 5681 5682 5682 5682 5679 5675 5675 5677 5691 5706
6076 6068 6057 6041 6025 6008 5991 5976 5962 5956 5956 5944 5925 5943 5956 5939 5911 5884 5888 5893 5891 5884 5874 5867 5856 5850 5844 5841 5837 5833 5846 5838 5860 5873 5872 5868 5870 5870 5876 5882 5884 5884 5880 5869 5874 5886 5926 5952 5940 5919 5902 5834 5787 5776 5769 5763 5760 5765 5785 5787 5782 5784 5801 5815 5777 5754 5750 5753 5728 5748 5748 5739 5731 5722 5707 5692 5679 5672 5670 5667 5668 5667 5667 5693
6060 6049 6040 6027 6013 5998 5983 5970 5961 5952 5946 5944 5932 5906 5907 5899 5886 5874 5871 5875 5869 5858 5851 5842 5836 5827 5818 5812 5810 5813 5830 5823 5837 5845 5843 5838 5828 5846 5860 5867 5872 5871 5863 5853 5857 5870 5903 5926 5926 5911 5897 5824 5791 5783 5770 5757 5747 5752 5758 5765 5765 5771 5791 5806 5775 5765 5760 5768 5747 5771 5747 5736 5724 5720 5710 5691 5680 5671 5666 5663 5660 5660 5668 5691
6038 6034 6028 6019 6007 5995 5981 5966 5952 5941 5932 5925 5914 5893 5895 5877 5864 5841 5855 5857 5843 5833 5825 5817 5807 5801 5792 5786 5790 5803 5807 5809 5812 5812 5815 5818 5827 5835 5846 5859 5872 5869 5863 5861 5860 5868 5893 5915 5920 5922 5919 5902 5847 5810 5782 5758 5736 5718 5743 5749 5750 5752 5768 5767 5769 5762 5756 5758 5749 5732 5734 5735 5725 5691 5678 5676 5668 5663 5654 5650 5651 5658 5673 5700
6032 6024 6017 6008 5997 5984 5972 5958 5939 5918 5911 5907 5896 5883 5883 5870 5853 5829 5836 5820 5816 5809 5802 5796 5787 5781 5772 5764 5752 5757 5776 5775 5782 5789 5788 5796 5806 5816 5829 5845 5864 5861 5862 5866 5864 5876 5893 5906 5917 5924 5927 5918 5879 5833 5794 5762 5736 5726 5724 5735 5738 5736 5751 5758 5751 5721 5726 5750 5741 5753 5743 5738 5735 5714 5675 5667 5662 5652 5648 5647 5647 5653 5671 5712
6036 6021 6010 6001 5990 5979 5967 5952 5934 5906 5890 5885 5885 5882 5867 5844 5817 5798 5800 5797 5795 5795 5792 5779 5771 5764 5758 5749 5730 5737 5744 5754 5759 5751 5759 5770 5781 5794 5809 5823 5828 5842 5851 5860 5856 5875 5893 5909 5916 5918 5937 5921 5890 5847 5804 5766 5735 5722 5736 5739 5735 5740 5741 5737 5714 5691 5707 5738 5750 5756 5748 5735 5725 5712 5676 5658 5650 5646 5642 5638 5640 5643 5654 5709
6034 6015 6002 5991 5980 5969 5957 5946 5932 5898 5873 5858 5860 5876 5850 5813 5790 5780 5776 5777 5775 5769 5762 5757 5750 5745 5740 5742 5749 5718 5718 5732 5720 5721 5736 5750 5759 5774 5791 5805 5823 5830 5832 5843 5851 5868 5884 5904 5912 5911 5907 5922 5890 5851 5809 5768 5733 5722 5738 5738 5723 5715 5718 5725 5728 5715 5737 5734 5713 5733 5738 5721 5712 5719 5675 5660 5648 5639 5633 5631 5636 5648 5667 5696
6010 6002 5992 5981 5970 5959 5948 5937 5923 5891 5867 5851 5839 5833 5823 5797 5789 5782 5775 5767 5766 5758 5754 5748 5743 5736 5730 5723 5714 5700 5694 5700 5696 5705 5720 5737 5756 5772 5779 5786 5788 5802 5822 5842 5851 5846 5867 5885 5902 5920 5912 5912 5882 5844 5806 5769 5735 5721 5727 5719 5707 5684 5687 5701 5696 5710 5732 5722 5701 5704 5701 5701 5696 5692 5673 5660 5648 5639 5634 5629 5628 5639 5660 5683
5989 5987 5980 5970 5961 5951 5939 5926 5907 5895 5879 5864 5840 5821 5808 5793 5796 5785 5777 5796 5753 5747 5745 5740 5734 5727 5716 5702 5681 5684 5671 5675 5679 5691 5708 5728 5746 5764 5766 5768 5768 5787 5831 5846 5829 5829 5851 5880 5902 5904 5915 5908 5874 5839 5804 5773 5751 5736 5731 5721 5705 5685 5678 5681 5680 5683 5698 5701 5679 5685 5694 5684 5688 5693 5677 5658 5646 5637 5629 5623 5617 5612 5629 5658
5976 5975 5969 5961 5954 5943 5931 5917 5905 5891 5880 5863 5851 5832 5810 5795 5791 5792 5763 5670 5719 5738 5739 5734 5728 5720 5709 5697 5681 5661 5661 5665 5686 5694 5708 5724 5737 5742 5752 5756 5760 5771 5795 5820 5827 5825 5837 5863 5886 5896 5914 5883 5864 5836 5804 5772 5752 5738 5735 5730 5709 5699 5692 5677 5675 5666 5675 5679 5684 5676 5660 5668 5671 5675 5661 5650 5641 5631 5624 5617 5613 5616 5627 5649
5973 5965 5960 5953 5946 5936 5925 5910 5891 5873 5859 5862 5857 5838 5813 5802 5793 5777 5773 5784 5759 5745 5738 5728 5718 5709 5700 5695 5685 5665 5668 5668 5693 5701 5709 5720 5730 5741 5741 5744 5752 5762 5751 5793 5812 5812 5826 5839 5855 5898 5902 5880 5871 5840 5803 5767 5739 5728 5728 5717 5701 5682 5665 5666 5667 5652 5656 5663 5678 5671 5653 5657 5673 5657 5646 5639 5633 5626 5620 5615 5612 5614 5628 5652
5963 5957 5953 5948 5941 5933 5922 5908 5887 5862 5839 5836 5831 5821 5808 5795 5783 5781 5773 5758 5767 5751 5736 5723 5712 5699 5692 5685 5683 5676 5675 5678 5641 5656 5709 5714 5716 5720 5724 5729 5734 5744 5754 5787 5802 5806 5819 5824 5841 5896 5883 5900 5880 5841 5802 5763 5729 5721 5716 5707 5692 5673 5659 5658 5656 5651 5652 5654 5663 5666 5646 5652 5650 5643 5636 5631 5628 5623 5619 5614 5610 5607 5624 5643
5952 5949 5945 5943 5939 5932 5923 5911 5887 5856 5829 5823 5813 5812 5800 5786 5778 5768 5760 5761 5763 5748 5731 5718 5705 5693 5682 5675 5687 5685 5673 5680 5690 5704 5697 5701 5701 5702 5707 5714 5722 5736 5762 5774 5769 5780 5796 5818 5847 5887 5869 5881 5868 5836 5802 5767 5730 5720 5709 5693 5681 5670 5657 5652 5650 5644 5644 5651 5659 5669 5667 5664 5655 5642 5632 5628 5627 5622 5617 5613 5613 5615 5618 5624
5941 5941 5939 5939 5935 5930 5923 5912 5886 5853 5823 5820 5825 5822 5806 5775 5773 5753 5745 5760 5755 5743 5732 5721 5708 5695 5680 5667 5684 5677 5673 5677 5678 5684 5690 5685 5684 5686 5692 5702 5713 5720 5736 5746 5755 5760 5806 5820 5838 5859 5861 5860 5847 5826 5796 5771 5753 5723 5705 5691 5677 5667 5657 5651 5659 5651 5641 5640 5658 5681 5699 5686 5655 5639 5637 5638 5630 5623 5617 5612 5608 5612 5609 5610
5933 5934 5934 5934 5931 5927 5920 5908 5884 5853 5829 5822 5826 5830 5816 5782 5759 5746 5739 5741 5734 5729 5721 5712 5703 5692 5680 5672 5685 5670 5673 5677 5670 5668 5663 5665 5668 5670 5677 5693 5709 5728 5740 5738 5737 5760 5803 5821 5820 5829 5840 5847 5838 5812 5782 5757 5736 5718 5704 5693 5683 5673 5655 5647 5645 5647 5639 5636 5652 5693 5757 5714 5638 5626 5631 5635 5630 5623 5616 5611 5603 5596 5599 5601
5923 5929 5928 5928 5928 5924 5918 5906 5883 5856 5837 5828 5823 5828 5826 5783 5755 5737 5722 5720 5717 5718 5712 5705 5699 5692 5685 5672 5656 5654 5671 5675 5653 5656 5648 5650 5657 5663 5674 5688 5705 5722 5732 5733 5744 5757 5788 5811 5813 5814 5822 5823 5822 5798 5765 5730 5712 5709 5703 5700 5696 5680 5663 5649 5645 5640 5629 5631 5636 5654 5703 5670 5611 5607 5620 5630 5626 5620 5615 5611 5609 5602 5593 5591
5921 5921 5923 5925 5923 5922 5916 5901 5883 5858 5846 5826 5815 5816 5803 5773 5750 5735 5721 5721 5719 5713 5707 5702 5697 5694 5690 5681 5650 5645 5660 5661 5649 5646 5641 5645 5651 5659 5672 5682 5697 5710 5716 5734 5742 5747 5757 5793 5801 5806 5803 5814 5814 5784 5753 5720 5704 5703 5699 5692 5679 5671 5662 5653 5643 5636 5632 5619 5625 5620 5627 5606 5593 5595 5607 5617 5617 5614 5611 5607 5602 5596 5584 5574
5913 5919 5921 5921 5920 5919 5915 5906 5882 5858 5834 5819 5811 5806 5791 5757 5752 5737 5728 5728 5725 5714 5709 5704 5700 5695 5690 5679 5663 5654 5659 5654 5648 5645 5648 5649 5649 5654 5660 5675 5691 5704 5715 5724 5734 5743 5757 5798 5823 5797 5790 5785 5780 5770 5752 5730 5712 5702 5695 5689 5680 5656 5659 5665 5650 5636 5624 5621 5623 5632 5614 5597 5584 5590 5598 5606 5607 5605 5603 5602 5601 5595 5587 5582
5910 5912 5915 5918 5918 5916 5910 5897 5882 5862 5838 5814 5809 5802 5776 5756 5758 5742 5724 5729 5734 5716 5711 5704 5697 5690 5681 5672 5662 5665 5662 5658 5644 5646 5646 5640 5646 5652 5657 5674 5687 5697 5713 5718 5727 5742 5772 5809 5808 5792 5782 5779 5769 5762 5753 5742 5720 5702 5690 5681 5671 5647 5649 5662 5651 5637 5630 5611 5620 5634 5620 5601 5586 5588 5591 5593 5594 5595 5595 5596 5599 5597 5596 5597
5903 5906 5910 5914 5916 5915 5909 5898 5884 5866 5841 5817 5811 5813 5796 5780 5776 5759 5735 5736 5728 5720 5713 5705 5695 5684 5671 5656 5642 5650 5656 5655 5642 5647 5646 5636 5647 5657 5671 5684 5694 5698 5704 5715 5718 5729 5765 5804 5814 5794 5777 5774 5771 5758 5744 5739 5714 5696 5682 5669 5655 5653 5643 5629 5632 5624 5618 5609 5615 5629 5628 5603 5594 5588 5586 5583 5583 5585 5587 5588 5586 5595 5602 5604
5896 5900 5904 5909 5914 5917 5916 5905 5888 5869 5843 5812 5815 5822 5805 5804 5798 5785 5774 5760 5728 5726 5719 5709 5696 5681 5666 5652 5636 5638 5646 5651 5642 5640 5646 5652 5654 5660 5673 5687 5705 5722 5717 5714 5723 5733 5761 5793 5805 5789 5776 5766 5762 5750 5720 5692 5693 5686 5675 5662 5651 5658 5647 5627 5624 5630 5622 5610 5618 5636 5639 5607 5597 5590 5584 5578 5576 5582 5583 5584 5587 5594 5604 5605
5888 5892 5897 5902 5908 5915 5920 5909 5889 5871 5848 5823 5809 5815 5839 5822 5804 5797 5798 5786 5755 5744 5728 5715 5698 5682 5664 5654 5646 5634 5642 5645 5640 5640 5656 5660 5658 5658 5661 5679 5714 5738 5738 5736 5741 5755 5765 5778 5790 5799 5774 5759 5753 5735 5714 5690 5689 5683 5674 5663 5653 5653 5657 5652 5638 5645 5623 5613 5621 5618 5621 5609 5598 5592 5589 5586 5587 5584 5584 5584 5586 5593 5594 5600
