real_craters/C206-500m.grd
DSAA
552 552
-137.7775 137.7775
-137.7775 137.7775
4180.8555904104 7265.3254947065
[rows 150 to 179 of 552, columns 402 to 468 of 552]
5907.47 5899.6 5894.55 5886.27 5874.73 5867.05 5882.06 5901.38 5921.24 5935.1 5931.05 5939.65 5960.89 5986.38 5952.63 5924.26 5899.77 5878.48 5859.64 5847.99 5840.81 5836.83 5833.1 5829.02 5825.41 5822.17 5819.97 5819.75 5824.33 5823.79 5825.04 5825.24 5812.69 5806.88 5809.39 5815.66 5822.1 5820.5 5812.48 5798.85 5783.61 5770.11 5761.19 5755.24 5750.51 5745.95 5740.91 5736.62 5736.71 5736.68 5734.69 5733.96 5731.69 5727.91 5725.25 5721.54 5715.23 5705.72 5702.3 5702.8 5698.61 5691.63 5683.29 5675.43 5673.55 5687.84 5692.73
5953.4 5966.65 5942.87 5916.43 5894.7 5882.78 5893.45 5911.06 5931.9 5951.84 5938.49 5943.98 5960.12 5970.33 5954.61 5928.6 5903.68 5879.65 5858.5 5845.82 5839.61 5835.52 5831.74 5828.38 5825.51 5823.44 5822.9 5824.38 5821.9 5827.12 5831.57 5834.06 5820.87 5813 5812.18 5816.82 5821.37 5820.81 5812.55 5798.64 5783.71 5770.88 5762.01 5755.26 5749.88 5744.7 5739.72 5735.69 5734.63 5734.3 5733.31 5731.26 5729.29 5725.4 5719.15 5712.57 5705.11 5697.73 5693.35 5691.19 5687.77 5682.33 5674.95 5666.74 5663.24 5672.67 5676.47
5982.35 6004.35 5973.48 5938.9 5912.07 5899.66 5904.83 5916.3 5928.39 5933.98 5928.11 5934.2 5942.78 5946.51 5943.08 5928.47 5907.74 5883.7 5860.56 5846.55 5840.36 5835.19 5831.69 5828.76 5825.69 5823.87 5823.19 5823.7 5820.14 5825.34 5830.44 5831.73 5819.39 5806.37 5808.7 5816.23 5820.74 5821.74 5813.22 5797.76 5782.14 5769.69 5761.77 5755.64 5750.17 5745.3 5740.7 5736.28 5734.16 5732.55 5730.71 5728.21 5723.51 5717.93 5712.44 5705.27 5697.57 5690.77 5686.79 5683.92 5680.91 5676.79 5671.49 5666.76 5665.01 5667.45 5669.15
5970.79 5994.24 5971.7 5946.06 5922.99 5910.31 5914.35 5919.18 5923.22 5921.67 5917.42 5925.78 5931.83 5935.76 5937.81 5931.07 5915.52 5891.99 5863.22 5847.51 5838.74 5833.93 5829.99 5827.12 5824.79 5822.43 5821.2 5819.88 5819.57 5823.38 5822.86 5820.34 5811.43 5800.64 5805.85 5812.91 5817.31 5817.82 5810.47 5795.56 5779.05 5767.54 5761.48 5756.21 5751.71 5747.15 5742.73 5738.34 5734.64 5731.7 5728.3 5725.21 5722.35 5714.71 5706.6 5698.24 5690.79 5684.12 5681.52 5679.37 5677.52 5674.95 5671.91 5667.42 5665.43 5666.52 5667.87
5929.3 5942.03 5946.03 5941.94 5936.59 5929.3 5924.18 5922.84 5922.61 5922.97 5923.35 5931.48 5933.28 5937.27 5942.24 5940.62 5931.77 5914.07 5877.7 5854.96 5841.78 5836.64 5832.25 5827.93 5823.39 5820.07 5817.2 5813.38 5811.09 5809.5 5809.18 5807.37 5806.16 5809.65 5806.67 5809.05 5812.07 5812.93 5807.36 5794.3 5777.14 5767.5 5762.43 5757.23 5752.74 5748.93 5745.47 5741.36 5736.51 5730.75 5724.61 5719.53 5717.17 5708.76 5699.58 5691.96 5686.06 5681.03 5678.06 5676.05 5675.94 5675.42 5675.21 5673.94 5670.67 5667.07 5662.78
5892.2 5899.94 5916.8 5929.42 5940.69 5937.96 5929.4 5925.53 5924.82 5927.91 5939.3 5950.29 5950.47 5951.95 5954.28 5955.3 5952.97 5946.82 5928.6 5873.01 5851.31 5841.8 5834.52 5828.12 5823.02 5818.36 5814.61 5808.24 5803.18 5798.72 5796.62 5795.59 5797.07 5799.77 5802.47 5804.9 5807.63 5808.86 5806.1 5796.21 5784.09 5773.11 5764.93 5758.45 5753.59 5749.68 5747.35 5745.64 5738.43 5728.17 5718.57 5709.64 5699.93 5695.86 5691.2 5685.81 5681.24 5678.47 5675.82 5674.7 5673.66 5674.8 5677.33 5682.19 5676.59 5669.55 5666.27
5863.25 5872.22 5891.78 5909.85 5925.47 5928.55 5925.64 5925.1 5926.49 5928.87 5938.42 5955.77 5967.75 5967.04 5965.95 5968.15 5970.74 5967.69 5942.31 5893.84 5867.04 5852.01 5840.89 5831.26 5822.41 5816.18 5811.51 5807.45 5804.44 5797.55 5791.33 5789.26 5790.51 5792.69 5797.64 5800.52 5802.56 5804.65 5801.43 5796.78 5791.65 5776.84 5765.94 5758.74 5752.8 5748.78 5745.9 5744.44 5737.57 5723.45 5711.12 5699.64 5689.2 5685.7 5683.57 5680.65 5675.73 5672.07 5673.17 5673.24 5672.85 5672.52 5674.26 5676.32 5673.26 5668.93 5667.88
5836.39 5851.09 5871.92 5889.9 5901.73 5911.49 5916 5920.03 5925.16 5931.49 5938.07 5952.13 5962.15 5964.78 5968.81 5974.71 5981.81 5987.55 5965 5914.4 5885.16 5865.51 5850.52 5837.6 5826.92 5816.77 5809.25 5810.25 5811.47 5803.66 5793.06 5787.96 5791.28 5794.58 5796.44 5797.84 5799.04 5803.52 5805.26 5793.87 5777.31 5771.18 5763.09 5756.11 5750.11 5744.83 5740.33 5736.18 5727.79 5715.41 5703.11 5692.13 5682.62 5679.99 5679.64 5678.93 5677.04 5674.42 5673.4 5672.42 5671.57 5670.09 5668.28 5666.72 5666.75 5665.3 5662.95
5826.83 5843.65 5861.27 5875.2 5889.63 5895.57 5902.93 5910.03 5919.21 5931.99 5948.18 5938.55 5936.8 5951.13 5962.76 5972.94 5982.12 5985.57 5963.51 5923.91 5901.54 5881.87 5864.15 5848.16 5834.09 5822.82 5816.03 5827.57 5830.95 5814.17 5796.76 5792.49 5794.05 5796.34 5797.5 5798.56 5799.09 5805.21 5806.75 5792.45 5773.3 5766.24 5759.41 5752.43 5745.55 5739.2 5732.57 5724.6 5714.86 5706.43 5697.64 5687.33 5679.12 5677.37 5677.4 5678.57 5681.69 5679.24 5674.54 5672.12 5669.88 5667.32 5663.9 5661.52 5662.24 5662.87 5662.67
5855 5854.86 5858.2 5862.72 5868.49 5878.22 5886.88 5895.69 5905.09 5916.1 5923.54 5918.14 5924.73 5938.98 5953.79 5966.48 5975.52 5976.98 5964.9 5941.74 5919.79 5898.6 5878.55 5860.24 5844.57 5830.85 5825.46 5846.94 5860.06 5828.65 5806.42 5798.94 5797.09 5797.87 5799.74 5801.99 5805.93 5808.16 5807.85 5794.71 5776.41 5765.25 5756.25 5747.97 5740.06 5732.69 5724.71 5716.54 5708.85 5699.05 5691.78 5684.53 5679.15 5675.89 5674.91 5675.65 5677.1 5676 5673.69 5671.64 5669.73 5666.76 5662.37 5659.27 5661.46 5662.92 5664.26
5873.88 5861 5854.59 5852.97 5855.15 5862.46 5870.28 5878.06 5885.71 5892.79 5896.92 5904.84 5916.31 5928.83 5942.83 5956.85 5970.38 5977.55 5976.94 5962.71 5936.75 5913.08 5891.43 5872.58 5854.54 5839.47 5832.17 5841.67 5848.35 5832.52 5816.75 5806.49 5800.74 5800.12 5801.65 5803.9 5806.27 5807.17 5804.38 5795.01 5779.44 5763.75 5752.4 5742.84 5734.17 5725.6 5716.83 5708.36 5700.59 5691.55 5685.59 5680.08 5675.86 5673.48 5672.36 5671.98 5670.46 5671.52 5671.82 5671.15 5670.16 5668.95 5667.07 5664.26 5664.42 5664.28 5664.9
5863.52 5850.36 5843.86 5843.24 5845.63 5847.22 5851.99 5857.84 5863.79 5869.38 5874.36 5887.66 5904.29 5914.51 5928.42 5945.25 5963.46 5981.06 5988.29 5974.92 5946.97 5922.42 5901.28 5881.57 5864.91 5847.59 5832.38 5829.5 5832.04 5826.64 5821.81 5812.26 5807.05 5803.23 5802.62 5803.64 5804.78 5803.13 5797.77 5786.49 5770.32 5757.3 5746.48 5737.44 5728.46 5719.1 5709.61 5699.78 5688.92 5682.93 5679.52 5676.16 5673.24 5671.44 5670.18 5669.06 5672.07 5669.39 5670.06 5670.57 5671 5671.61 5674.36 5673 5667.99 5665.71 5663.81
5836.87 5829.35 5827.41 5826.55 5827.88 5831.76 5835.25 5838.97 5842.59 5846.7 5851.77 5865.98 5883.26 5894.95 5909.42 5927.05 5947.95 5965.91 5973.15 5966.22 5944.88 5924.11 5904.18 5887.83 5873.04 5857.58 5837.53 5821.19 5818 5813.45 5809.14 5805.34 5801.18 5802.02 5801.1 5800.78 5800.21 5795.68 5784.04 5768.32 5757.04 5749.55 5741.19 5733.04 5724.15 5714.69 5704.5 5693.67 5683.06 5677.04 5675.16 5672.91 5671.37 5670.42 5669.03 5666.91 5665.39 5667.35 5669.63 5670.91 5671.74 5672.05 5672.02 5670.99 5668.27 5665.66 5663.52
5818.05 5811.64 5812.87 5815.13 5815.81 5817.34 5819.36 5821.51 5823.68 5826.62 5831.79 5844.65 5855.99 5869.94 5884.5 5901.18 5921.35 5940.95 5944.88 5942.25 5929.13 5914.74 5901.36 5889.57 5878.27 5867.46 5842.92 5811.54 5805.75 5800.55 5795.58 5797.17 5799.27 5798.87 5797.7 5795.72 5792.68 5785.55 5771.73 5756.83 5749.57 5744.01 5737.8 5730.88 5722.14 5713.04 5702.94 5691.93 5681.68 5675.3 5673.7 5672.67 5671.52 5671.17 5670.34 5668.72 5666.43 5669.41 5671.38 5672.36 5672.81 5672.25 5669.83 5669.23 5667.71 5665.22 5662.47
5818.39 5804.64 5802.14 5803.74 5804.05 5804.29 5805.45 5806.48 5807.44 5808.7 5812.59 5822.3 5831.76 5843.52 5855.58 5868.31 5882.18 5896.22 5908.66 5911.21 5906.76 5900.05 5892.36 5883.84 5875.82 5866.52 5839.42 5810.15 5799.12 5791.59 5790.02 5793.27 5797.91 5796.08 5793.49 5790.1 5785.08 5777.32 5764.26 5753.15 5747.31 5742.83 5738.31 5732.76 5724.69 5715.04 5704.24 5693.55 5683.65 5676.93 5674.52 5673.34 5672.99 5673.54 5674.05 5674.29 5674.26 5673.68 5673.99 5674.39 5674.43 5674.29 5673.01 5670.36 5667.59 5664.46 5661.54
5819.35 5800.97 5794.3 5792.75 5792.06 5793.13 5794.19 5795.13 5794.93 5793.28 5792.22 5796 5809.11 5817.08 5825.44 5833.43 5840.32 5852.43 5869.53 5877.52 5881.57 5881.45 5879.3 5873.96 5865.75 5853.17 5828.29 5811.11 5795.44 5786.43 5786.42 5790.23 5792.74 5792.34 5789.64 5785.13 5778.7 5768.97 5759.87 5752.02 5748.36 5746.78 5742.52 5735.54 5727.66 5718.03 5707.62 5697.12 5687.58 5680.53 5676.43 5674.51 5675.38 5676.97 5678.66 5680.25 5679.66 5678.36 5677.55 5676.87 5676.09 5675.92 5675.84 5671.52 5667.4 5663.79 5660.91
5815.3 5798.57 5787.99 5779.91 5781.31 5783.42 5784.41 5784.83 5783.38 5781.15 5777.85 5777.12 5785.03 5791.69 5798.04 5803.22 5806.28 5816 5831.65 5846.75 5856.09 5861.5 5862.86 5860.49 5854.01 5841.6 5815.42 5799 5789.46 5782.63 5784.91 5790.73 5790.07 5788.92 5786.18 5781.77 5775.06 5766.3 5759.68 5755.02 5754.71 5752.67 5748.29 5741.72 5732.73 5723.09 5712.73 5701.98 5691.7 5683.18 5679.01 5677.49 5679.27 5681.48 5683.41 5685.03 5684.17 5681.77 5679.83 5677.92 5676.78 5675.75 5673.88 5670.02 5665.77 5662.21 5658.92
5811.91 5800.57 5787.24 5776.62 5776.61 5778.15 5779.3 5779.03 5776.94 5773.65 5768.46 5764.91 5764.49 5770.17 5776.73 5781.55 5785.31 5792.72 5806.31 5822.71 5834.99 5842.43 5846.67 5846.88 5841.87 5829.14 5802.84 5790.41 5785.28 5782.28 5783.63 5787.69 5787.61 5786.23 5783.5 5779.82 5774.68 5769.65 5765.03 5763.27 5765.22 5762.98 5756.59 5748.02 5738.64 5728.84 5718.83 5708.63 5698.15 5688.46 5683.54 5682.39 5685.24 5687.26 5688.09 5687.53 5686.19 5684.46 5681.82 5679.39 5676.69 5674.03 5670.79 5667.13 5663.44 5660.41 5658.71
5807.51 5804.69 5791.69 5781.28 5777.53 5777.9 5777.8 5776.63 5774.39 5769.83 5764.8 5758.33 5751.53 5754.95 5762.12 5768.01 5773.44 5781.8 5792.65 5806.44 5817.53 5825.95 5831.83 5834.58 5832.89 5822.36 5800.04 5787.32 5784.3 5784.29 5782.37 5785.01 5785.59 5784.24 5782.18 5779.48 5776.49 5773.62 5773.01 5778.47 5782.76 5774.64 5764.3 5753.87 5744.23 5734.69 5725.75 5716.97 5707.69 5698.14 5694.85 5693.82 5695.04 5694.45 5693.2 5691.89 5688.7 5686.03 5683.32 5680.51 5677.05 5672.55 5667.77 5664.25 5660.31 5656.83 5656.01
5801.97 5802.7 5790.46 5782.55 5780.43 5779.63 5779.77 5777.82 5774.8 5770.44 5764.13 5755.58 5746.88 5748.9 5754.88 5760.4 5765.85 5777.4 5784.99 5793.92 5804.31 5813.23 5820.51 5825.79 5828.5 5824.47 5801.1 5787.61 5784.54 5783.37 5781.57 5781.98 5783.57 5783.02 5781.38 5779.53 5778.68 5779.26 5781.33 5789.43 5795.28 5782.28 5769.42 5758.38 5748.45 5739.99 5732.66 5726.5 5721.28 5717.49 5719.5 5714.03 5706.81 5701.59 5697.41 5693.45 5689.94 5687.16 5684.11 5681.28 5678.28 5673.58 5668.35 5663 5657 5651.22 5646.94
5803.41 5797.15 5787.98 5783.25 5785.69 5785.75 5784.13 5781.58 5777.7 5772.84 5766.54 5757.9 5751.17 5750.88 5753.99 5756.87 5760.71 5767.3 5773.09 5781.75 5791.64 5801.77 5810.81 5817.54 5821.18 5819.29 5804.05 5790.43 5784.75 5783.1 5782.39 5782.36 5784.06 5782.98 5781.26 5779.17 5778.76 5779.95 5781.3 5785.57 5790.26 5780.21 5769.38 5759.49 5751.36 5744.35 5738.8 5735.36 5734.5 5737.54 5737.07 5727.15 5715.87 5706.74 5700.34 5694.51 5690.25 5687.73 5684.89 5682.25 5680.19 5677.89 5671.55 5663.4 5654.84 5646.01 5638.26
5813.12 5804.66 5799.75 5797.52 5798.18 5795.56 5792.32 5788.34 5783.04 5777.44 5771.04 5764.22 5758.31 5755.82 5757.19 5755.5 5750.95 5751.7 5756.32 5766.31 5777.44 5790.4 5801.42 5809.87 5811.38 5808.03 5799.09 5788.99 5783.09 5780.91 5784.51 5788.51 5785.99 5783.07 5780.71 5778.94 5776.65 5775.45 5774.33 5774.53 5777.04 5770.94 5763.59 5756.38 5750.07 5744.93 5741.05 5739.15 5740.11 5744.16 5744.55 5731.95 5719.09 5708.38 5700.33 5694.37 5690.12 5686.75 5683.68 5681.59 5680.14 5679.88 5673.26 5664.53 5655.08 5644.27 5633.36
5833.41 5827 5827.16 5820.37 5814.3 5808.51 5802.71 5796.4 5789.83 5783.08 5775.88 5767.95 5763.83 5765.23 5763.71 5759.6 5747.92 5734.48 5739.64 5752.03 5765.73 5780.04 5794.11 5805.99 5811.96 5806.3 5795.26 5787.23 5782.22 5784.02 5785.72 5786.14 5783.97 5782.5 5780.02 5777.34 5774.09 5770 5763.76 5762.79 5760.35 5758.79 5755.32 5749.88 5745.39 5741.58 5739.25 5737.86 5737.65 5737.92 5739.15 5727.63 5717.18 5707.1 5697.91 5690.89 5687.63 5683.98 5681.7 5679.55 5678.28 5675.15 5672.16 5666.4 5658.81 5649.03 5635.87
5869.51 5853.99 5850.86 5839.7 5829.35 5819.44 5811.76 5803.59 5795.82 5788.55 5782.32 5772.3 5766.25 5768.98 5768.87 5766.49 5747.06 5719.42 5725.32 5739.63 5755.02 5771.01 5787.11 5803.36 5817.04 5807.64 5793.91 5785.59 5780.28 5785.34 5783.79 5783.39 5783.27 5781.66 5779.43 5776.61 5772.79 5767.31 5759.21 5756.12 5753.36 5749.42 5746.3 5743.22 5740.48 5737.74 5735.65 5734.06 5732.5 5730.15 5724.35 5720.15 5712.87 5704.49 5696.45 5690 5685.82 5681.17 5678.62 5676.69 5676.13 5677.38 5672.63 5669.36 5666.3 5661.54 5652.91
5893.13 5876.35 5865.79 5851.58 5837.97 5829.21 5819.05 5810.74 5801.83 5793.6 5785.71 5777.53 5769.25 5772.4 5771.24 5762.93 5737.12 5710.64 5716.96 5730.48 5745.65 5762.16 5778.39 5795.13 5808.72 5799.55 5795.07 5782.61 5773.92 5776.2 5778.01 5779.65 5781.31 5780.62 5778.62 5775.96 5771.93 5768.48 5764.4 5752.84 5744.06 5739.8 5737.63 5735.52 5733.59 5731.89 5731.43 5730.3 5728.58 5726.44 5715.75 5714.01 5708.56 5701.09 5694.66 5688.91 5683.26 5680.04 5676.26 5673.19 5670.69 5668.81 5670.36 5672.04 5674.58 5678.98 5682.32
5917.03 5900.55 5872.55 5859.43 5848.55 5838.66 5829.71 5819.77 5809.65 5799.81 5792.58 5788.19 5785.57 5788.36 5770.75 5747.56 5722.96 5709.09 5714.52 5726.32 5740.29 5754.38 5768.63 5781.01 5787.81 5779.72 5781.58 5774.77 5770.32 5771.56 5773.83 5776.97 5780.48 5779.02 5777.15 5775.09 5770.92 5764.32 5755.85 5746.02 5738.75 5733.4 5730.11 5728.4 5727.69 5727.44 5726.2 5724.89 5723.75 5722.68 5719.39 5713.5 5707.26 5698.42 5687.53 5684.58 5682.03 5678.88 5674.63 5669.93 5665.77 5663.19 5667.46 5672.33 5678.42 5686.51 5691.54
5911.2 5900.08 5882.32 5865.68 5856.47 5848.49 5840.6 5831.28 5820.99 5808.19 5801.25 5802.68 5804 5790.86 5767.36 5740.05 5721.05 5712.75 5716.11 5725.22 5736.62 5749.29 5758.48 5764.38 5765.29 5758.84 5764.19 5762.12 5762.35 5765.29 5770.13 5772.81 5774.49 5775.84 5776.15 5774.75 5770.82 5762.08 5751.37 5742.62 5732.7 5725.43 5724.14 5723.81 5723.88 5723.14 5721.87 5720.73 5719.18 5717.84 5716.31 5714.6 5708.53 5700.14 5689.02 5686.31 5683.54 5679.47 5673.98 5668.19 5662.84 5661.25 5664.64 5670.22 5675.95 5681.67 5681.83
5904.47 5900.24 5881.2 5873.25 5869.76 5861.05 5857.52 5847.09 5836.48 5822.25 5814.96 5817.5 5819.31 5800.9 5770.86 5744.23 5726.73 5718.64 5720.62 5726.96 5734.73 5742.42 5749.14 5750.98 5746.84 5747.98 5750.09 5746.72 5745.22 5751.84 5758.33 5765.27 5768.12 5773.67 5775.99 5775.73 5773.24 5769.86 5759.98 5745.49 5730.8 5721.54 5721.3 5721.35 5720.56 5719.15 5717.67 5715.8 5714.86 5715.3 5717.25 5714.56 5710.6 5707.22 5699.18 5694.86 5688.31 5681.68 5675.47 5668.61 5661.37 5659.11 5662.48 5665.59 5668.57 5670.95 5667.92
5896.63 5894.73 5892.31 5893.63 5893.14 5891.8 5876.59 5866.43 5854.63 5841.56 5833.38 5830.21 5826 5804.33 5775.8 5759.75 5737.01 5727.1 5726.61 5729.38 5733.73 5738.93 5743.81 5746.7 5742.88 5733.79 5736.6 5734.29 5730.85 5738.3 5748.87 5760.03 5769.89 5775.68 5777 5776.06 5773.39 5767.95 5758.27 5743.27 5732.88 5724.84 5722.76 5721.72 5719.75 5717.12 5714.12 5710.89 5708.82 5708.76 5708.19 5707.78 5708.25 5713.66 5722.45 5703.46 5691.7 5683.52 5677.1 5671.49 5665.23 5662 5661.23 5660.94 5659.92 5658.79 5653.61
5877.42 5887.67 5899.9 5918.22 5916.89 5909.83 5897.74 5888.1 5874.46 5861.97 5851.9 5841.55 5827.11 5805.69 5784.88 5768.31 5744.28 5734.74 5731.91 5731.97 5733.92 5736.37 5740.29 5746.41 5745.95 5741.35 5733.9 5727.7 5724.54 5730.37 5742.38 5754.67 5769.32 5777.13 5777.18 5776.27 5773.24 5767.21 5758.11 5745.88 5738.63 5732.75 5728.17 5725.07 5721.03 5716.32 5711.22 5705.76 5699.71 5693.91 5693.33 5693.26 5697.59 5704.52 5707.4 5699.17 5689.79 5682.57 5677.84 5675.14 5672.84 5666.37 5660 5655.17 5652.41 5649.25 5644.18
