real_craters/C206-1000m.grd
DSAA
158 158
-78.73 78.73
-78.73 78.73
2415.7915823514 6309.3215183915
[rows 90 to 119 of 158, columns 67 to 133 of 158]
3113.8 3136.73 3178.23 3225.82 3284.65 3340.91 3365.77 3387.54 3420.84 3431.75 3426.39 3410.41 3383.91 3379.81 3361.05 3323.94 3260.88 3222.04 3171.29 3116.24 3065.4 3035.97 3011.53 2988.47 2967.17 2947.69 2929.08 2914.59 2911.65 2913.24 2920.09 2933.21 2943.23 2949.47 2957.71 2969.83 2972.03 2983.06 3006.98 3058 3125.79 3221.87 3416.63 3702.26 4008.6 4059.28 4117.56 4190.75 4526.51 4596.66 4688.54 4933.71 5234.92 5636.3 5706.62 5692.99 5634.26 5598.82 5541.52 5594.04 5676.02 5737.32 5875.6 5746.35 5562.26 5382.67 5233.84
3081.1 3105.94 3137.2 3176.93 3226.27 3286.35 3323.96 3342.71 3349.68 3367.33 3371.44 3355.32 3353.44 3330.73 3305.37 3273.08 3234.42 3187.24 3143.04 3094.4 3051.12 3017.99 2994.41 2970.16 2959.23 2941.98 2926.68 2898.45 2888.27 2901.77 2920.66 2934.97 2942.63 2952.84 2960.94 2964.24 2977.69 2990.05 3013.67 3061.64 3125.7 3225.93 3447.15 3759.3 4019.34 4178.77 4253.02 4443.31 4667.63 4698.31 4712.38 4961.05 5357.16 5841.54 5886.46 5684.58 5580.96 5545.22 5545.77 5586.66 5641.55 5697.98 5727.53 5609.3 5468.56 5317.94 5202.03
3046.41 3075.7 3103.73 3133.67 3166.76 3228.43 3274.76 3296.01 3326.68 3344.58 3345.46 3340.4 3324.87 3303.48 3282.67 3246.91 3202.79 3163.31 3121.75 3076.12 3029.4 3000.95 2976.47 2957.14 2954.26 2941.69 2925.39 2896.44 2885.89 2890.9 2909.87 2941.04 2954.31 2958.78 2968.59 2984.66 2996.92 3009.17 3027.1 3076.91 3167.82 3288.21 3505.74 3823.65 4193.49 4291.88 4365.35 4483.4 4776.28 4720.02 4737.16 5014.13 5464.27 5970.72 5854.02 5539.53 5522.15 5621.89 5619.48 5611.45 5625.78 5623.26 5541.16 5484.01 5400.98 5309.6 5239.29
3020.27 3039.54 3072.46 3104.15 3136.98 3184.23 3227.57 3255.45 3286.88 3310.93 3316.28 3312.22 3298.74 3267.7 3239.48 3217.78 3188.12 3153.52 3113.39 3068.13 3019.84 2993.91 2972.62 2955.06 2949 2933.81 2917.77 2899.85 2889.19 2894.52 2912.32 2927.26 2939.58 2958.92 2972.6 3001.5 3018.73 3028.26 3058.8 3132.8 3244.9 3375.41 3585.79 3876.46 4141.01 4350.63 4493.52 4648.03 4782.87 4792.03 4807.29 5019.17 5393.72 5927.21 5674.12 5477.36 5514.52 5639.28 5647.67 5588.6 5590.46 5553.84 5460.09 5422.37 5369.94 5331.05 5305.48
3001.41 3021.57 3047.47 3076.92 3111.88 3149.56 3184.79 3220.04 3249.64 3272.72 3283.53 3283.78 3267.75 3236.88 3217.53 3202.22 3180.92 3150.45 3112.31 3071.24 3032.33 2996.96 2965.03 2940.91 2933.62 2920.32 2899.55 2877.14 2884.05 2899.15 2920.45 2935.94 2952 2966.24 2977 3008.69 3035.13 3048.78 3103.57 3220.26 3360.47 3500.12 3674.68 3977.26 4252.23 4464.57 4592.72 4703.25 4816.95 4818.57 4854 5108.85 5513.12 5724.07 5449.96 5419.06 5531.94 5644.32 5641.34 5614.31 5558.84 5567.15 5524.3 5410.18 5379.57 5362.71 5364.38
2994.86 3013.16 3031.66 3056.13 3090.78 3124.93 3153.73 3183.11 3211.71 3235.34 3249.21 3246 3233.64 3213.22 3201.33 3191.38 3173.75 3148.39 3113.59 3077.12 3040.41 2995.28 2956.45 2931.47 2920.45 2908.67 2888.05 2871.93 2883.1 2906.92 2932.01 2952.85 2972.1 2985.34 2993.34 3030.21 3066.67 3084.54 3165.3 3348.91 3524.14 3682.85 3854.08 4148.8 4418.56 4624.05 4758.21 4824.94 4880.4 4898.01 4995.54 5290.54 5678.09 5662.26 5419.56 5430.6 5583.84 5642.65 5763.46 5663.59 5553.46 5451.71 5429.18 5403.11 5377.36 5368.62 5371.62
2989.41 3007.15 3022.49 3041.11 3072.15 3102.03 3125.59 3148 3172.59 3195.01 3212.31 3213.27 3198.29 3190.98 3190.13 3185.89 3165.81 3144.37 3116.02 3082.37 3045.76 2993.65 2954.89 2933.43 2917.16 2906.78 2890.57 2871.08 2894.45 2923.05 2945.1 2968.08 2993.95 3010.35 3012.86 3061.73 3124.25 3162.21 3266.61 3521.92 3724.57 3912.42 4118.56 4369.59 4568.58 4732.82 4807.19 4862.45 4859.04 4918.08 5138.44 5440.36 5802.95 5672.88 5460.27 5533.26 5612.89 5623.37 5670.87 5620.09 5543.25 5334.14 5363.89 5409.2 5388.32 5347.95 5288.28
2983.57 3001.22 3015.91 3031.76 3049.29 3072.02 3095.75 3113.8 3132.15 3151.85 3165.12 3150.85 3160.6 3165.66 3162.43 3162.74 3156.03 3142.21 3120.23 3091.29 3055.02 3007.87 2967.69 2945.29 2920.9 2916.45 2915.14 2909.15 2920.59 2942.07 2969.56 3006.86 3036.01 3040.13 3038.69 3094.06 3176.15 3278.57 3353.58 3575.67 3844.32 4081.32 4360.27 4493.61 4635.21 4775.2 4761.61 4825.41 4874.03 4931.83 5107.49 5396.87 5702.33 5669.77 5568.66 5635.38 5645.54 5699.14 5635.4 5516.37 5360.38 5318.17 5371.62 5412.2 5364.3 5308.71 5259.27
2983.67 3000.47 3010.61 3006.82 3028.08 3048.4 3065.46 3075.34 3090.1 3106.03 3124.22 3147.45 3138.17 3142.36 3145.68 3142.38 3141.89 3137.75 3121.95 3102.62 3074.47 3017.95 2985.17 2961.18 2943.65 2936.56 2934.01 2936.25 2945.73 2967.63 2993.53 3027.71 3055.52 3075.33 3058.38 3127.94 3258.83 3457.45 3451.22 3677.74 3961.19 4149.28 4301.29 4489.25 4643.85 4727.97 4843.2 4880.79 4904.12 4931.27 5261.8 5615.59 5688.2 5761.61 5810.08 5701.71 5675.17 5724.03 5576.3 5458.1 5338.35 5424.76 5452.3 5450.13 5346.35 5282.27 5218.72
2990.46 3001.54 3008.6 3004.66 3017.43 3031.53 3042.86 3053.52 3059.03 3066.13 3073.78 3092.82 3110.26 3120.52 3128.67 3130.83 3132.15 3128.73 3120.17 3110.2 3102.68 3065.3 3009.42 2982.22 2963.36 2958.11 2956.61 2961.35 2976.17 3002.14 3083.32 3097.09 3110.32 3145.97 3095.43 3199.71 3313.08 3628.97 3793.83 3823.45 4039.78 4214.82 4396.24 4564.84 4685.4 4801.16 4914.87 4947.3 4942.48 4979.81 5438.4 5931.56 5802.28 5675.75 5715.02 5729.23 5747.56 5564.43 5498.07 5472.22 5397.56 5348.29 5392.5 5339.14 5306.73 5265.3 5219.58
3001.36 3008.2 3010.14 3007.27 3021.75 3032.15 3028.99 3030.88 3035.56 3035.6 3038.58 3061.64 3080.28 3101.69 3114.46 3118.99 3127.4 3121.62 3115.24 3106.61 3094.07 3056.99 3025.85 2999.42 2974.61 2973.26 2980.2 2988.83 3010.91 3059.17 3143.99 3245.02 3248.85 3382.45 3281.42 3326.04 3460.29 3769.2 4038.52 3883.02 4057.5 4260.62 4479.72 4669.16 4774.16 4871.5 5041.01 5045.18 5035.31 5070.68 5474.19 5848.99 5878.41 5757.65 5660.67 5684.95 5703.65 5471.84 5423.59 5483.03 5456.1 5341.16 5343.11 5343.02 5316.68 5257.83 5210.99
3027.49 3029.45 3018.97 3016.98 3025.79 3033.75 3025.75 3018.25 3021.05 3010.55 3016.74 3037.13 3061.78 3082.82 3096.48 3111.85 3122.91 3118.76 3109.46 3097.49 3075.95 3044.57 3026.04 3000.6 2988.32 2994.03 3001.57 3005.44 3044.41 3110.01 3251.85 3513.74 3479.63 3511.33 3456.98 3478.05 3594.87 3785.96 3936.84 3996.64 4120.54 4309.64 4517.59 4675.56 4857.87 5040.9 5134.42 5169.89 5215.41 5315.29 5686.79 5847.36 6024.84 5814.8 5674.89 5672.38 5768.84 5538.02 5403.51 5474.72 5496.33 5396.02 5397.16 5415.69 5340.45 5255.2 5190.05
3075.29 3058.05 3044.26 3032.22 3026.01 3018.1 3014.6 2998.34 2974.48 2983.14 2993.15 3020.22 3048.44 3069.76 3089.04 3106.73 3122.82 3116.35 3106.55 3094.07 3073.2 3050.04 3032.44 3009.26 3012.1 3020.31 3017.67 3013.73 3117.57 3251.01 3364.11 3421.23 3506.1 3634.28 3594.76 3641.98 3684.43 3773.94 3848.86 4024.79 4178.98 4402.44 4556.06 4693.46 4895.49 5064.79 5167.87 5304.45 5452.32 5669.52 5993.47 5832.7 6003.63 5800.29 5723.69 5730.16 5637.48 5349.73 5399.39 5543.1 5524.23 5421.51 5399.21 5447.8 5307.37 5243.22 5186.07
3103.92 3101.3 3080.32 3057.93 3040.2 3032.02 3021.93 2999.22 2973.54 2974.18 2985.27 3009.8 3035.09 3060.09 3078.48 3099.38 3116.14 3111.46 3105.53 3098.69 3090.11 3070.48 3049.41 3048.55 3058.76 3060.52 3007.58 3066.75 3203.41 3364.98 3413.58 3446.46 3553.69 3586.2 3737.1 3777.26 3777.54 3842.95 3949.79 3984.67 4379.59 4604.65 4688.83 4769.22 4934.78 5091.42 5227.65 5428.54 5639.58 5919.09 5874.92 5763.38 5807.76 5687.45 5660.16 5596.34 5439.77 5366.1 5408.4 5515.13 5325.27 5270.26 5297.72 5262.13 5239.96 5227.76 5197.46
3161.79 3150.85 3121.61 3092.26 3066.52 3044 3037.09 3022.38 3005.54 2988.09 2983.16 2997.44 3023.62 3052.05 3066.9 3081.88 3097.35 3099.43 3099.6 3103.76 3104.27 3095.87 3083.34 3094.57 3116.74 3146.45 3137.24 3181.1 3252.85 3319.99 3424.97 3461.85 3707.08 3776.94 3977.72 3883.78 3853.12 3942.73 4196.23 3990.1 4580.09 4809.71 4831.87 4873.49 5008.85 5146.17 5377.69 5555.4 5728.26 5838.68 5727.17 5660.14 5637.57 5702.15 5581.21 5441.93 5409.97 5346.6 5347.11 5305.05 5269.11 5241.89 5241.42 5252.27 5271.52 5243.28 5224.46
3237.19 3198.04 3169.52 3135.65 3099.02 3074.18 3052.15 3035.88 3020.41 3008.42 3007.65 3018.48 3022.66 3038.26 3048.19 3064.48 3082.65 3095.67 3109.07 3120.61 3126.15 3148.91 3162.61 3155.98 3182.68 3211.25 3257.82 3323.14 3375.64 3464.21 3582.62 3710.38 3765.67 3932.08 3978.54 3951.32 3918.16 3986.24 4405.86 4172.21 4561.91 4900.41 4953.58 4960.07 5130.24 5356.8 5525.31 5671.79 5794.69 5850.6 5713.55 5707.2 5738.65 5626.01 5469.95 5458.99 5465.95 5352.12 5278.08 5189.46 5184.26 5206.25 5210.2 5236.26 5271.71 5233.57 5217.66
3290.12 3246.78 3213.02 3167.33 3128.22 3098.23 3070.29 3049.31 3034.5 3023.83 3029.92 3038.38 3020.35 3024.68 3037.23 3053.36 3064.4 3100.12 3142.84 3157.91 3169.83 3215.57 3256.95 3257.3 3280.7 3319.01 3421.64 3504.16 3559.23 3675.53 3784.74 3893.16 3971.48 3978.57 3975.25 4001.33 4020.52 4116.78 4576.02 4478.46 4723 5055.31 5068.7 5112.65 5267.53 5492.86 5619.89 5744.82 5839.3 5914.29 5872.87 5730.19 5666.7 5505.6 5411.59 5479.78 5520.69 5392.14 5275.59 5153.65 5138.06 5149.76 5159.43 5152.61 5169.91 5171.64 5127.34
3339.54 3304.71 3258.57 3210.53 3161.36 3130.54 3098.74 3067.89 3054.13 3054.86 3059.08 3062.97 3041.17 3037.34 3044.18 3056.17 3075.51 3124.92 3193.18 3214.96 3241.55 3273.04 3325.35 3360.99 3411.93 3488.1 3672.24 3733.95 3756.44 3900.22 3932.6 3956.63 4145.85 4050.08 4057.76 4124.28 4197.29 4348.59 4716.35 4822.28 4815.55 5064.64 5129.63 5200.79 5308.06 5448.9 5700.14 5788.75 5816.44 5833.29 5760.82 5807.28 5655.12 5475.22 5437.18 5527.38 5536.18 5389.39 5297.21 5155.57 5086.03 5089.06 5101.02 5133.64 5184.83 5084.67 5041.42
3378.52 3347.12 3307.23 3279.5 3223.22 3199.92 3159.07 3106.4 3086.85 3080.36 3098.66 3104.92 3072.77 3069.77 3066.64 3079.22 3112.39 3177.24 3251.28 3299.17 3352.24 3469.81 3483.57 3521.47 3598.87 3690.05 3909.55 3981.91 4046.8 4089.18 4109.11 4073.09 4170.6 4112.59 4224.78 4272.68 4386.71 4525.31 4740.13 4798.37 4886.03 5088.06 5172.03 5241.69 5372.68 5570.8 5790.27 5805.39 5746.99 5667.53 5584.52 5641.48 5490.87 5344.51 5262.06 5354.47 5341.63 5291.33 5238.71 5118.78 5047.01 5038.38 5034.7 5035.86 4943.77 4940.62 4922.03
3429.24 3379.72 3357 3360.32 3307.35 3286.49 3233.33 3178.6 3146.62 3133.07 3156.47 3143.61 3101.17 3078.03 3084.73 3147.11 3228.49 3292.03 3393.72 3412.91 3499.54 3719.92 3806 3769.16 3829.84 3998.17 4239.34 4167.34 4142.44 4203.22 4281.52 4353.55 4142.92 4196.24 4240.98 4411.71 4559.43 4703.41 4852.37 4915.27 4904.32 5124.3 5278.57 5375.62 5594.03 5909.89 5827.04 5740 5665.28 5570.1 5470.05 5444.33 5345.13 5215.47 5128.91 5131.43 5255.62 5159.94 5097.57 5056.43 5041.75 5000.56 4962.05 4904.59 4821.21 4851.14 4916.36
3525.5 3481.36 3472.5 3451.35 3414.02 3390.42 3357.44 3277 3256.57 3222.22 3243.84 3241.16 3183.72 3127.66 3210.86 3354.98 3545.65 3645.93 3555.97 3573.46 3674.98 3784.1 3979.9 4055.98 3984.85 3987.52 4285.68 4234.1 4203.67 4288.08 4392.59 4510.45 4248.62 4283.22 4438.98 4596.36 4684.97 4777.6 4904.37 5001.11 4950.91 5311.29 5437.54 5602.81 5876.48 6073.12 5849.52 5680.12 5600.78 5535.13 5482.31 5397.1 5301.92 5153.03 5056.28 5072.41 5017.25 4999.84 4998.01 5031.9 5014.18 4971.45 4921.69 4857.13 4804.96 4835.37 4893.94
3700.44 3681.54 3649.55 3548.72 3519.99 3495.61 3524.29 3515.79 3471.61 3402.33 3393 3391.47 3393.36 3422.22 3587.74 3803.13 3891.8 3954.96 3804.07 3776.04 3823.9 3911.59 4125.2 4081.19 4071.89 4121.07 4178.58 4220.83 4228.09 4289.6 4398.37 4488.11 4528.48 4438 4625.04 4746.03 4774.92 4820.11 4940.57 5154.22 5066.13 5276.1 5477.18 5729.48 6088.63 6083.64 5825.75 5643.59 5562.57 5538.82 5521.23 5368.03 5193.95 5088.84 5010.41 4982.3 4940.61 4938.36 4966.51 4960.09 4963.18 4930.85 4887.07 4844.68 4815.27 4831.53 4837.63
3821.04 3832.38 3819.26 3757.12 3709.52 3681.75 3753.13 3779.65 3719.33 3639.78 3585.25 3555.99 3688.49 3801.66 3886.34 4061.29 4054.06 4024.92 3926.3 3859.6 3903.58 3962.85 4009.04 4055.58 4079.06 4111.28 4181.01 4203.59 4246.42 4294.83 4379.27 4468.81 4615.21 4602.34 4670.99 4755.91 4815.96 4867.25 4968.35 5138.23 5170.32 5202.54 5423.49 5692.31 5884.22 5856.78 5672.74 5505.94 5484.37 5496.97 5495.43 5301.28 5118.8 5009.06 4978.49 4950.63 4926.63 4905.42 4919.01 4951.63 4926.1 4901.62 4876.17 4846.13 4827.55 4828.55 4872.84
4160.34 4035.09 4032.44 4012.05 4018.6 4094.97 3928.02 3935.69 3860.85 3770.3 3711.18 3690.96 3806.65 3935.61 4036.62 4076.2 4062.52 3982.65 3969.27 3967.57 3967.72 4000.42 4024.24 4073.78 4095.19 4131.73 4186.59 4217.98 4260.92 4310.94 4390.5 4475.51 4640.22 4671.49 4637.93 4751.42 4832.9 4904.23 4994.37 5059.1 5123 5196.5 5415.37 5665.86 5796.5 5682.04 5558.11 5426.74 5415.32 5406.14 5369.69 5181.95 5036.97 4940.74 4944.12 4950.17 4936.32 4898.12 4888.62 4865.29 4887.09 4880.56 4872.68 4854.4 4833.84 4829.77 4850.76
4403.13 4208.98 4233.47 4354.76 4231.9 4119.47 4033.18 4000.64 3959.52 3882.09 3859.97 3993.46 4049.07 4039.08 4089.88 4123.57 4068.52 4012.5 3979.22 3979.5 4007.94 4030.43 4068.27 4112.89 4117.83 4141.59 4183.04 4227.96 4258.33 4316.24 4423.38 4534.54 4569.99 4602.57 4714.49 4834 4873.29 4932.27 4997.11 5069.15 5198.75 5370.86 5548.72 5678.95 5774.87 5632.5 5530.13 5468.91 5357.48 5288.91 5194.42 5060.62 4943.64 4878.86 4853.57 4860.9 4890.62 4913.84 4856.26 4832.32 4858.39 4868.04 4863.38 4860.15 4869.59 4881.85 4864.53
4651.02 4454.23 4430.23 4370.27 4330.84 4284.01 4246.84 4295.13 4141.96 4049.41 4102.29 4245.12 4184.91 4147.46 4133.22 4117.24 4074.38 4022.11 3991.52 4019.71 4072.45 4110.04 4158.28 4200.68 4190.68 4199.89 4217.9 4241.77 4301.05 4382.32 4478.77 4575.58 4620.76 4680.61 4732.21 4800.91 4905.04 4980.95 5001.88 5136.13 5250.07 5506.9 5623.35 5587.83 5597.69 5566.99 5463.09 5382.18 5285.28 5186.49 5075.68 4893.78 4851.1 4826.63 4810.16 4826.95 4858.58 4958.44 4908.33 4884.66 4857.85 4855.87 4857.78 4862.96 4864.5 4881.04 4887.84
4723.44 4685.35 4685.36 4650.52 4464.55 4458.64 4437.97 4418.31 4313.33 4304.24 4419.81 4323.43 4185.56 4208.18 4207.07 4139.91 4143.81 4128.4 4141.83 4180.17 4285.28 4277.07 4351.26 4353.88 4364.54 4327.4 4303.17 4309.2 4360.21 4446.79 4556.37 4595.39 4677.62 4718.65 4788.47 4871.07 5011.97 5131.34 5259.86 5412.83 5642.25 5536.28 5478.66 5379 5316.25 5330.02 5341.06 5294.81 5193.29 5064.47 4957.05 4845.26 4824.74 4820.27 4817.45 4832.07 4847.57 4896.3 4866.42 4879.96 4857.14 4851.36 4857.52 4860.84 4868.56 4866.84 4909.11
4882.49 4843.82 4891.77 4863.85 4647.18 4617.33 4568.41 4649.88 4668.73 4529.85 4508.69 4576.39 4520.79 4445.51 4401.72 4366.13 4389.73 4488.12 4539.76 4415.94 4439.09 4486.48 4514.93 4532.65 4509.39 4452.51 4402.92 4381.06 4457.7 4554.27 4728.49 4835.04 4791 4776.38 4891.16 5030.61 5176.31 5277.71 5399.31 5445.42 5372.09 5349.12 5235.3 5233.45 5204.72 5227.9 5237.5 5218.05 5095.07 4939.12 4853.39 4824.06 4810.14 4812.96 4835.49 4806.01 4796.36 4813.29 4800.18 4819.72 4838.97 4842.29 4845.15 4861.06 4883.62 4909.94 4931.37
5007 5052.67 5054.31 5035.09 4882.34 4855.12 4851.21 4845.24 4785.68 4793.22 4802.79 4789.57 4774.89 4689.56 4634.74 4623.72 4656.18 4735.02 4699.75 4549.91 4543.68 4558.32 4610.53 4635.06 4586.3 4567.92 4548.61 4541.56 4625.51 4766.49 4905.18 4997.27 4950.51 4876.26 4995.67 5209.98 5333.07 5357.71 5358.13 5359.7 5364.02 5331.23 5274.39 5279.04 5266.41 5242.44 5158.94 5045.64 4935.17 4851.9 4814.14 4808.92 4797.18 4786.77 4772.02 4767.88 4781.94 4777.15 4777.07 4792.03 4802.12 4815.34 4832.17 4849.11 4870.52 4910.9 4963.44
5098.32 5144.2 5163.14 5206.62 5257.35 5170.2 5106.41 5025.68 4976.91 4917.03 4828.19 4795.51 4750.3 4821.61 4842.48 4853.3 4860.14 4848.32 4754.28 4737.64 4759.99 4707.44 4738.41 4733.08 4686.03 4832.5 4857.27 4865.16 4932.56 5006.01 5097.17 5189.83 5207.6 5189.78 5155.85 5252.84 5361.84 5405.56 5404.28 5405.97 5430.49 5440.98 5449.17 5477.71 5377.4 5240.59 5076.48 4932.36 4831.09 4809.29 4800.45 4792.99 4778.27 4766.04 4765.08 4775.31 4776.07 4785.76 4767.23 4757.26 4750.41 4771.15 4797.6 4825.82 4852.15 4884.92 4952.31
