real_craters/C207-1000m.grd
DSAA
175 175
-86.8 86.8
-86.8 86.8
4248.7304766823 7382.6332870041
[rows 30 to 59 of 175, columns 0 to 66 of 175]
6070.13 6084.25 6094.27 6110.71 6110.02 6120.27 6129.9 6108.69 6099.95 6115.19 6175.14 6258.98 6149.91 6104.52 6102.69 6100.51 6110.22 6124.05 6124.58 6117.41 6109.03 6097.17 6077.5 6060.19 6047.34 6032.69 6017.96 6040.78 6125.43 6244.97 6394.36 6369.39 6273.22 6187.66 6123.44 6102.4 6075.19 6045.32 6016.08 5996.5 5993.23 5997.49 6003.72 6009.54 5996.81 5983.7 5983.56 5978.45 5984.8 6009.79 6031.42 6054.92 6042.75 6039.49 6052.46 6061.37 6054.19 6047.83 6031.94 6046.92 6060.91 6066.39 6067.58 6060.34 6058 6063.99 6069.86
6070.69 6083.22 6099.32 6115.72 6122.03 6112.08 6113.17 6112.7 6119.34 6130.72 6146.34 6166.96 6147.17 6125.21 6114.65 6118.44 6125.26 6129.65 6129.6 6123.9 6116.82 6102.3 6080.9 6060.84 6040.83 6029.15 6019.48 6054.31 6130.42 6215.49 6275.91 6278.43 6219.85 6151.52 6085.94 6063.62 6045.33 6030.06 6018.01 5995.87 5993.97 5998.91 6004.85 6006.32 5999.68 6005.17 5998.5 5992.37 5996.02 6008.9 6032.57 6061.37 6060.7 6040.85 6049.92 6059.68 6061.63 6058.18 6049.05 6060.22 6069.73 6065.92 6062.68 6070.77 6078.79 6086.82 6103.32
6076.22 6086.67 6116.1 6134.22 6128.01 6152.44 6135.45 6146.01 6142.5 6158.85 6179.35 6168.79 6152.63 6141.1 6140.26 6153.18 6179.74 6169.1 6152.72 6143.17 6133.82 6118.95 6097.77 6074.92 6057.58 6047.84 6054.2 6083.3 6126.2 6165.07 6174.25 6175.81 6150.04 6105.54 6057.38 6045.14 6030.81 6015.16 6001.28 5998.64 5997.36 5999.39 6003.31 6006.95 6018.23 6031.07 6019.96 6002.33 5995.92 6010.19 6022.23 6047.02 6072.94 6051.42 6049.22 6052.02 6081.42 6081.21 6072.01 6081.01 6074.75 6069.47 6064.57 6086.15 6111.12 6148.68 6153.92
6103.62 6115.95 6151.87 6153.96 6148.36 6163.95 6194.81 6130.2 6195.59 6185.4 6197.67 6242.66 6201.45 6176.52 6179.58 6191.14 6228.25 6202.63 6184.76 6178.94 6165.3 6145.33 6123.09 6094.59 6084.32 6081.78 6119.6 6134.3 6119.98 6119.04 6114.45 6105.72 6098.3 6073.28 6054.96 6037.09 6022.67 6008.55 6001.45 6002.12 6000.96 6000.08 5995.31 5994.75 6025.17 6051.26 6031.51 6013.94 6002.72 6008.85 6014.57 6020.62 6054.71 6061.56 6051.48 6053.2 6065.75 6073.3 6072.73 6070.86 6087.29 6085.81 6091.92 6110 6131.74 6157.41 6169.16
6175.06 6141.42 6203.14 6198.51 6191.57 6203.31 6211.74 6228.87 6227.13 6215.78 6203.49 6211.06 6230.48 6235.48 6223.99 6223.58 6215.7 6220.31 6211.79 6213.1 6197.8 6181 6164.56 6147.29 6110.61 6102.21 6151.57 6149.29 6127.51 6103.27 6078.49 6069.15 6075.44 6069.64 6048.65 6034.82 6023.16 6009.38 6007.2 6009.81 6004.85 5999.62 5993.07 5994.27 6010.45 6028.48 6025.46 6017.45 6012.02 6008.62 6010.8 6020.34 6056.86 6047.27 6048.19 6052.93 6054.74 6066.84 6078.18 6080.7 6089.87 6107.43 6127.75 6135.57 6140.07 6143.14 6167.33
6241.28 6163.98 6241.43 6257.91 6217.47 6224.78 6236.02 6259.48 6230.84 6230.48 6222.12 6197.16 6220.54 6248.38 6253.85 6259.98 6194.89 6168.57 6193.03 6229.47 6220.41 6213.8 6207.68 6202.01 6173.12 6139.61 6136.68 6144.24 6124.07 6131.71 6111.21 6097.52 6084.13 6061.25 6054.72 6047.08 6033.09 6018.17 6015.49 6015.21 6007.32 6000.23 5992.49 5992.14 5994.14 6005.3 6015.79 6017.89 6014.47 6006.98 6010 6020.34 6032.74 6041.57 6042.49 6044.38 6053.45 6061.74 6076.36 6088.3 6111.89 6117.58 6136.54 6147.55 6156.38 6166.65 6178.11
6203.16 6158.17 6184.11 6268.31 6268.41 6257.89 6218.34 6220.93 6235.7 6227.04 6193.24 6174.49 6193.6 6218.93 6228.11 6219.46 6167.77 6113.27 6149.11 6205.75 6223.61 6227 6232.8 6242.22 6210.75 6157.9 6140.61 6122.58 6119.56 6122.76 6120.73 6119.32 6096.11 6066.4 6067.44 6057.67 6042.22 6032.03 6019.14 6013.59 6010.78 6005.43 5994.36 5985.32 5988.91 6000.25 6012.55 6019.76 6026.84 6010.68 6015.47 6016.6 6031.36 6036.99 6038 6043.47 6044.47 6051.93 6068.2 6076.09 6085.64 6109.72 6125.02 6152.48 6185.54 6208.91 6245.51
6141.16 6142.8 6157.97 6200.45 6235.12 6223.02 6221.92 6199.75 6229 6223.86 6184.77 6160.36 6171.02 6163.69 6177.7 6176.35 6151.72 6120.24 6143.06 6193.45 6217.34 6220.43 6226.33 6230.29 6206.23 6158.88 6127.28 6092.16 6074.02 6086.89 6091.16 6090.84 6084.04 6076.95 6057.36 6039.75 6039.95 6046.77 6018.53 6012.4 6014.3 6014.19 6011.08 5993.93 6005.29 6011.36 6016.18 6021.41 6021.52 6027.57 6018.86 6024.92 6025.23 6026.8 6035.83 6045.87 6052.48 6049.54 6073.46 6083.5 6086.35 6109.82 6136.03 6174.78 6230.01 6278.73 6327.99
6108.11 6120.59 6134.96 6141.51 6168.36 6180.96 6201.45 6215.77 6209.26 6191.05 6166.05 6149.11 6167.22 6150.75 6160.19 6177.15 6171.94 6151.39 6147.36 6175.09 6186.06 6193.28 6202.16 6209.05 6193.9 6158.37 6133.46 6086.5 6086.81 6081.96 6067.15 6067.05 6057.22 6055.66 6033.18 6017.33 6029.1 6030.05 6027.75 6020.49 6020.63 6024.18 6028.77 6006.79 6003.08 6014.35 6017.72 6019.01 6022.08 6021.25 6016.04 6017.14 6022.17 6032.93 6054.37 6042.69 6042.67 6047.35 6063.82 6070.84 6079.32 6124.11 6193.9 6257 6278.87 6293.51 6287.21
6102.61 6097.25 6093.27 6109.31 6123.75 6157.37 6172.3 6204.26 6206.34 6188.05 6158.12 6146.94 6167.54 6167.49 6171.84 6181.69 6179.44 6175.64 6149.03 6135.54 6137.81 6155.17 6169.15 6176.01 6167.55 6136.31 6119.91 6085.66 6077.25 6080.92 6065.62 6055.58 6028.3 6021.15 6025.49 6032.23 6029.83 6028.77 6026.43 6026.47 6027.55 6031.25 6034.73 6049.75 6044.45 6033.83 6023.99 6016.6 6011.8 6016.58 6016.65 6038.07 6043.68 6070.74 6095.92 6056.66 6054.74 6049.3 6061.36 6077.67 6086.22 6154.9 6239.76 6294.56 6297.08 6311.12 6327.88
6092.72 6091.92 6090.44 6091.87 6120.35 6163.44 6191.52 6199.69 6202.6 6174.4 6155.59 6154.54 6166.72 6172.06 6174.01 6173.53 6165.93 6145.8 6128.57 6111.95 6108.77 6127.96 6143.59 6151.24 6143.03 6118.5 6102.49 6083.8 6070.25 6059.07 6048.71 6029.2 6032.16 6017.24 6025.53 6026.24 6031.44 6036.6 6027.88 6030.82 6034.72 6037.19 6038.19 6057.68 6078.04 6054.09 6038.27 6021.13 5993.83 6001.6 6015.06 6033.41 6075.17 6115.79 6136.02 6066.87 6061.65 6060.66 6068.02 6076.15 6114.47 6226.78 6254.17 6230.17 6297.8 6333.55 6313.7
6111.24 6108.69 6081.46 6069.57 6165.22 6244.35 6189.75 6200.86 6198.12 6173.38 6151.55 6152.41 6166.4 6168.23 6172.62 6165.26 6159.68 6127.75 6105.91 6098.9 6097.35 6113.93 6132.03 6141.79 6134.01 6108.06 6089.45 6062.68 6047.35 6042.18 6028.06 6011.49 6036.38 6033.49 6033.33 6029.74 6029.05 6027.22 6032.07 6038.34 6043.81 6045.5 6047.92 6052.05 6062.08 6061 6045.82 6026.65 5996.64 5967.26 5987.06 6047.58 6103.35 6164.72 6130.63 6092.38 6063.1 6070.65 6096.83 6144.26 6256.28 6358.81 6359.74 6329.08 6367.25 6361.96 6362.2
6128.68 6137.57 6114.84 6099.07 6257.58 6417.32 6270.88 6226.54 6206.26 6174.65 6155.03 6185.02 6163.19 6155.13 6151.28 6140.67 6123.05 6118.78 6102.31 6097.21 6091.25 6111.12 6132.36 6147.33 6150.02 6107.27 6083.89 6077.09 6032.38 6036.71 6029.6 6034.33 6061.59 6060.74 6049.82 6040.44 6034.67 6034.09 6040.47 6051.81 6062.78 6067.85 6056.96 6058.81 6065.42 6068.17 6062.88 6043.23 6023.42 5906.38 5964.54 6041.7 6102.64 6141.05 6178.97 6110.65 6079.29 6080.6 6141.89 6250.83 6410.92 6468.35 6489.83 6534.46 6481.24 6429.99 6380.6
6148.28 6166.01 6155.39 6136.83 6188.56 6302.17 6329.12 6294.26 6258.2 6200.16 6180.59 6174.52 6155.13 6135.97 6125.42 6122.91 6116.52 6112.56 6108.76 6113.36 6107.25 6121.44 6134.22 6145.6 6155.27 6115.63 6085.67 6074.86 6037.72 6045.03 6052.96 6049.78 6065.13 6069.81 6059.18 6049.87 6037.42 6040.29 6054.48 6072.64 6087.97 6101.11 6102.05 6074.45 6077.87 6089.48 6090.26 6071.82 5999.23 5963.14 5978.81 6038.71 6108.13 6157.04 6190.26 6165.23 6128.56 6122.47 6204.01 6323.65 6465.05 6563.32 6519.17 6490.08 6446.21 6401.77 6378.35
6188.69 6183.75 6180.52 6179.08 6226.72 6324.98 6337.33 6323.73 6295.36 6259.64 6225.87 6207.27 6170.17 6132.32 6129.74 6128.8 6121.94 6116.86 6119.88 6132.78 6138.49 6135.23 6132.03 6127.83 6124.48 6123.1 6124.12 6051.87 6093.03 6096.23 6084.5 6075.32 6067.79 6060.55 6067.03 6068.62 6059.04 6058.94 6076.36 6098.9 6115.82 6117.9 6099.7 6100.74 6107.37 6121.71 6130.83 6136.18 6173.1 6044.96 6068.87 6092.24 6128.09 6185.01 6261.03 6248.8 6177.17 6189.88 6271.57 6404.56 6500.98 6478.03 6441.48 6399.79 6370.46 6345.13 6337.71
6192.07 6212.16 6223.1 6228.25 6261.23 6298.23 6325.19 6321.91 6310.07 6292.71 6276.76 6238.91 6200.02 6157.38 6150.57 6162.4 6176.1 6174.96 6156.68 6156.27 6160.82 6143.41 6126.32 6110.18 6072.92 6080.12 6059.28 6117 6142.26 6125.98 6117.23 6105.99 6090.27 6063.52 6084.79 6111.39 6106.97 6094.34 6108.48 6130.94 6152.34 6163.27 6128.16 6120.79 6140.83 6167.68 6188.79 6190.85 6181.42 6169.81 6197.2 6150.4 6134.61 6125.01 6118.97 6131.19 6169.5 6215.21 6294.89 6377.54 6409.11 6353.18 6362.04 6360.19 6344.06 6326.69 6324.26
6158.89 6234.76 6253.43 6269.33 6267.23 6263.02 6284.17 6306.15 6316.73 6317.98 6290.85 6253.44 6209.58 6186.51 6185.24 6215.34 6264.89 6282.74 6235.53 6207.47 6176.61 6143.75 6122.11 6101.55 6103.7 6066.8 6126.7 6154.09 6170.97 6155.6 6156.85 6162.11 6146.18 6079.5 6109.3 6156.03 6202.24 6146.48 6149.21 6170.71 6196.28 6216.54 6195.26 6170.12 6198.79 6238.63 6269.1 6274.7 6242.81 6237.66 6185.97 6184.15 6162.85 6128.75 6108.26 6111.16 6170.18 6218.26 6291.73 6296.7 6285.7 6328.08 6340.53 6345.16 6332.68 6289.7 6304.87
6165.21 6193.07 6240.08 6255.64 6271.09 6272.82 6280.1 6286.37 6282.3 6307.9 6298.73 6270.83 6247.96 6224.95 6230.61 6263.09 6315.66 6337.27 6302.68 6271.42 6225.9 6167.79 6117.79 6084.12 6070.77 6130.1 6156.23 6170.27 6190.74 6196.43 6194.85 6195.34 6174.09 6111.7 6130.71 6164.36 6173.44 6174.44 6181.14 6206.55 6233.79 6252.31 6244.86 6224.73 6273.63 6320.16 6365.81 6413.75 6414.23 6316.76 6266.24 6253 6218.45 6171.02 6129.63 6142.33 6226.02 6309.43 6264.5 6265.78 6253.87 6274.78 6301.19 6328.28 6341 6292.37 6276.07
6193.66 6215.27 6226.09 6229.8 6246.09 6269.27 6277.13 6282.54 6290.85 6295.38 6286.09 6282.07 6280.67 6250.86 6258.64 6274.46 6291.35 6294.86 6299.66 6294.52 6219.48 6135.66 6106.33 6091.97 6140.85 6190.33 6196.55 6207.27 6211.64 6199.05 6197.16 6204.69 6223.73 6177.42 6163.26 6182.06 6215.45 6191.87 6215.78 6244.96 6268.91 6284.12 6306.27 6355.73 6365.42 6395.82 6439.3 6489.76 6491.49 6432.83 6419.09 6369.59 6324.14 6267.75 6212.92 6230.44 6294.31 6368.17 6322.6 6293.15 6257.29 6260.25 6289.43 6333.02 6366.46 6397.82 6292.45
6224.94 6220.81 6208.19 6209.48 6225.9 6263.01 6275.65 6286.13 6308.57 6323.75 6304.21 6302.44 6300 6290.45 6273.82 6272.28 6261.51 6248.22 6248.82 6224.81 6190.62 6108.32 6115.02 6133.35 6130.75 6184.35 6201.07 6225.57 6212.28 6192.67 6184.01 6193.77 6225.66 6205.83 6183.92 6182.92 6200.82 6224.27 6238.23 6267.31 6299.52 6324.84 6367.32 6422.9 6425.69 6438.9 6471.6 6520.11 6553.9 6555.7 6530.68 6513.92 6469.6 6413.14 6340.81 6288.55 6312.32 6348.15 6340.21 6282.23 6266.77 6294.28 6308.57 6339.71 6520.62 6513.17 6394.15
6235.5 6220.84 6213.38 6196.71 6210.81 6244.05 6268.97 6275.64 6294.72 6328.92 6346.65 6320.6 6296.88 6294.43 6272.02 6257.81 6246.82 6235.74 6220.82 6200.23 6170.11 6111.19 6126.12 6172.84 6188.69 6139.23 6168.97 6203.54 6195.42 6212.24 6168.3 6167.8 6158 6175.24 6164.33 6167.26 6190.41 6217.44 6240.73 6275.1 6324.92 6388.45 6413.84 6436.63 6449.98 6456.45 6475.68 6503.98 6589.46 6648.52 6676.11 6646.52 6589.35 6552.24 6488.52 6390.5 6307.39 6214.79 6161.89 6208.4 6269.22 6374.4 6402.31 6250.73 6151.45 6354.37 6376.8
6269.61 6235.2 6199.97 6185.72 6194.21 6203.15 6234.2 6243.79 6259.03 6294.88 6331.89 6325.99 6318.56 6293.45 6275.17 6257.12 6236.34 6220.49 6203.17 6180.57 6161.31 6129.8 6133.64 6147.01 6137.89 6121.13 6154.05 6152.49 6164.43 6172.44 6152.41 6137.39 6136.4 6122.98 6122.85 6132.74 6159.61 6188.55 6221.02 6260.34 6299.34 6335.26 6428.73 6459.05 6441.53 6442.39 6458.68 6507.15 6588.32 6679.62 6793.45 6714.07 6644.21 6610.74 6564.61 6419.33 6302.52 6194.22 6140.6 6182.84 6287.12 6431.12 6396.49 6078.53 5899.6 5971.43 6122.34
6282.29 6278.35 6258.33 6180.97 6156.14 6172.9 6184.58 6208.72 6228.83 6271.16 6349.13 6363.46 6345.18 6301.76 6273.97 6251.84 6231.86 6213.18 6193.86 6174.52 6169 6152.67 6141.02 6131.86 6118.18 6098.3 6102.57 6138.25 6140.82 6139.25 6133.4 6118.58 6116.28 6109.77 6108.92 6110.99 6117.52 6147.33 6191.12 6232.72 6278.52 6355.68 6384.7 6411.36 6412.93 6416.01 6427.77 6463.32 6573.79 6639.17 6665.48 6652.28 6620.15 6568.65 6509.41 6431.78 6308.48 6193.24 6142.05 6175.19 6205.02 6136.36 5971.67 5814.26 5602.37 5573.33 5675.67
6277.68 6293.58 6261.86 6190.42 6167.49 6161.95 6176.17 6188.65 6208.02 6310.33 6401.2 6454.04 6383.03 6325.66 6315.23 6268.36 6238.67 6218.63 6196.07 6173.84 6154.5 6156.34 6150.31 6139.27 6129.68 6116.54 6107.31 6104.63 6126.5 6140.34 6128.8 6125.14 6117.5 6114.02 6113.51 6110.6 6115.35 6131.95 6174.41 6212.24 6248.38 6328.73 6337.63 6361.67 6384.49 6392.29 6407.49 6450.76 6551.71 6624.62 6593.67 6589.74 6592 6561.88 6504.23 6483.37 6341.17 6154.89 6103.93 6284.08 6254.9 6062.09 5818.37 5786.37 5654.96 5473.61 5369.24
6265.14 6239.9 6196.85 6164.52 6162.37 6170.82 6169.35 6179.93 6200.06 6293.98 6430.97 6467.5 6394.54 6334.05 6319.06 6282.27 6251.93 6224.27 6196.42 6178.43 6169.73 6168.74 6173.17 6177.23 6155.76 6141.58 6143.14 6125.22 6112.64 6130.18 6137.35 6132.05 6118.08 6112.62 6119.79 6109.12 6146.16 6152.45 6178.13 6202.96 6229.31 6273.09 6308 6342.2 6364.1 6374.18 6382.65 6402.82 6437.44 6605.08 6583.88 6575.12 6586.74 6603.28 6582.32 6525.3 6331.97 6075.29 5947.15 6288.21 6335.28 6349.17 6069.87 5908.46 5792.13 5467.37 5299.53
6290.81 6223.25 6162.56 6140.64 6138.43 6157.05 6148.68 6156.23 6188.12 6291.79 6430.76 6417.72 6383.41 6313 6291.71 6282.04 6268.97 6234.82 6204.58 6184.29 6174.53 6175.19 6177.28 6170.32 6164.33 6152.82 6151.77 6149.8 6126.05 6127.61 6132.08 6131.34 6127.36 6131.95 6133.06 6127.45 6149.92 6176.48 6190.33 6211.92 6229.79 6260.96 6313.93 6340.82 6364.83 6376.36 6377.49 6397.46 6434.04 6517.27 6569.26 6575.78 6557.95 6584.08 6602.37 6450.6 6357.11 6012.06 5831.37 6074.99 6157.72 6016.01 5792.03 5635.14 5607.91 5533.2 5292.12
6309.18 6212.9 6166.02 6139.44 6118.99 6117.62 6127.93 6142.36 6241.27 6461.8 6589.28 6516.21 6395.36 6290.19 6260.53 6266.05 6267.73 6242.22 6205.42 6187.43 6176.09 6173.12 6175.22 6174.11 6170.26 6165.52 6161.15 6153.71 6133.69 6152.77 6143.9 6137.9 6134.76 6128.49 6136.93 6153.94 6167.56 6173.69 6193.81 6226.97 6265.81 6270.14 6295.18 6355.4 6395.5 6412.49 6404.92 6434.07 6522.19 6509.74 6547.36 6548.62 6489.13 6456.7 6509.78 6341.16 6179.4 5916.55 5726.51 5947.69 5911.75 5826.77 5625.41 5424.85 5403.51 5424.92 5238.31
6226.33 6172.53 6146.42 6122.89 6110.29 6097.27 6108.2 6127.78 6206.74 6400.56 6525.25 6523.69 6378.96 6261.29 6218.89 6232.64 6265.91 6251.26 6215.24 6196.85 6184.66 6180.19 6181.36 6177.69 6181.91 6180.92 6169.87 6146.06 6127.22 6155.62 6159.81 6148.22 6144.44 6144.25 6156.86 6165.53 6176.39 6179.74 6196.63 6225.7 6253.96 6307.09 6363.62 6418.88 6458.27 6486.67 6508.35 6515.74 6517.06 6520.11 6545.21 6534.43 6425.12 6348.5 6388.04 6270.12 6042.24 5771.87 5599.06 5560.52 5583.33 5520.35 5412.75 5336.7 5257.88 5212.4 5108.41
6230.78 6173.43 6133.72 6107.85 6089.16 6090.77 6109.23 6148.77 6223.47 6321.88 6387.4 6369.96 6290.13 6228.65 6196.04 6219.79 6280.17 6270.54 6236.43 6211.26 6192.49 6183.45 6206.28 6212.76 6194.3 6182.95 6157.72 6142.88 6146.36 6158.65 6157.42 6149.94 6156.19 6168.03 6181.92 6201.28 6217.3 6208.74 6212.66 6211.93 6243.16 6379.93 6493.21 6519.65 6548.14 6572.17 6610.56 6566.1 6524.35 6542.77 6555.51 6492.4 6380.75 6263.79 6212.6 6047.35 5760.75 5576.95 5473.33 5394.99 5367.15 5320.21 5259.65 5184.76 5150.28 5099.5 4995.16
6368.81 6183.67 6131.71 6099.12 6073.35 6082.93 6157.38 6356.56 6385.54 6355.7 6362.99 6285.36 6225.41 6198.01 6181.45 6212.05 6266.76 6292.67 6256.95 6233.15 6219.86 6197.94 6222.53 6218.24 6189.12 6162.07 6155.43 6156.31 6167.76 6161.45 6153.8 6162.88 6169.74 6178.95 6199.06 6211.59 6216.1 6214.62 6217.67 6229.17 6267.65 6442.66 6554.95 6603.76 6617.84 6619.04 6605.4 6585.63 6591.45 6627.71 6603.93 6540.11 6387.88 6183.13 6064.87 5824.12 5572.45 5452.83 5389.28 5326.55 5273.75 5251.38 5218.01 5161.46 5081.51 5009.15 4925.25
