real_craters/C207-750m.grd
DSAA
406 406
-151.9 151.9
-151.9 151.9
6029.7679038827 12185.852985317
[rows 304 to 341 of 406, columns 84 to 167 of 406]
7521 7558 7578 7564 7544 7556 7556 7544 7524 7517 7529 7525 7545 7512 7501 7496 7489 7475 7466 7475 7477 7472 7463 7428 7411 7416 7484 7599 7775 7894 7970 8002 8062 8211 8371 8511 8610 8649 8649 8652 8697 8730 8719 8700 8657 8597 8567 8550 8528 8504 8497 8505 8518 8510 8494 8462 8428 8392 8355 8336 8334 8363 8400 8401 8383 8359 8335 8309 8301 8295 8284 8279 8278 8256 8256 8341 8458 8586 8727 8865 8892 8812 8785 8814
7492 7538 7586 7570 7549 7539 7547 7531 7516 7506 7497 7483 7459 7458 7463 7467 7470 7470 7480 7478 7489 7458 7422 7410 7401 7416 7474 7560 7732 7825 7834 7883 8013 8192 8362 8509 8621 8650 8651 8706 8761 8800 8803 8762 8734 8633 8586 8552 8543 8527 8520 8523 8527 8529 8505 8470 8434 8364 8339 8329 8323 8340 8361 8365 8355 8341 8326 8313 8310 8300 8273 8256 8252 8223 8212 8278 8378 8479 8573 8638 8653 8671 8709 8775
7469 7498 7533 7556 7532 7535 7524 7511 7502 7496 7477 7451 7424 7421 7436 7446 7454 7461 7464 7470 7447 7426 7405 7402 7409 7430 7481 7550 7646 7726 7778 7852 7991 8194 8386 8513 8583 8638 8702 8786 8801 8814 8807 8786 8756 8698 8641 8611 8578 8553 8537 8544 8537 8508 8477 8462 8430 8381 8341 8324 8318 8317 8333 8339 8337 8329 8318 8309 8304 8293 8260 8233 8218 8193 8180 8227 8302 8374 8429 8450 8465 8557 8642 8708
7447 7455 7472 7505 7508 7517 7493 7484 7481 7469 7457 7434 7408 7407 7421 7432 7440 7445 7454 7436 7408 7400 7395 7403 7429 7466 7502 7551 7614 7684 7759 7844 7981 8203 8433 8538 8595 8665 8741 8795 8812 8813 8815 8796 8760 8717 8675 8646 8624 8602 8584 8578 8552 8512 8471 8439 8398 8368 8336 8319 8319 8312 8318 8323 8329 8326 8317 8303 8288 8282 8253 8232 8207 8172 8155 8187 8241 8289 8327 8351 8395 8483 8578 8657
7437 7439 7449 7464 7479 7485 7474 7461 7451 7450 7444 7433 7422 7419 7425 7428 7429 7427 7416 7421 7414 7399 7391 7410 7442 7480 7522 7582 7633 7700 7778 7852 7973 8206 8414 8533 8594 8667 8751 8802 8816 8812 8822 8840 8840 8785 8727 8695 8682 8666 8658 8624 8583 8536 8488 8439 8380 8345 8328 8319 8316 8312 8317 8324 8328 8334 8331 8324 8294 8285 8261 8233 8183 8157 8150 8168 8201 8235 8262 8286 8318 8395 8497 8588
7419 7445 7456 7465 7464 7466 7458 7442 7424 7438 7443 7441 7441 7441 7434 7429 7425 7419 7416 7427 7445 7423 7423 7435 7463 7503 7543 7591 7668 7741 7809 7890 8000 8215 8432 8535 8594 8660 8756 8817 8828 8822 8853 8907 8944 8915 8868 8805 8755 8711 8663 8637 8600 8561 8528 8426 8371 8349 8328 8320 8324 8331 8333 8334 8335 8338 8345 8361 8382 8326 8278 8236 8168 8151 8148 8161 8184 8207 8226 8244 8265 8320 8428 8518
7460 7455 7459 7465 7471 7462 7453 7435 7428 7450 7451 7450 7450 7452 7437 7429 7423 7416 7414 7428 7445 7462 7458 7460 7478 7530 7597 7655 7728 7795 7870 7955 8076 8224 8379 8506 8596 8675 8779 8840 8860 8859 8898 8973 9032 9031 8982 8903 8824 8755 8702 8653 8602 8553 8497 8412 8375 8338 8304 8284 8298 8355 8352 8345 8340 8340 8346 8364 8377 8322 8308 8224 8174 8154 8153 8163 8179 8197 8216 8229 8241 8296 8399 8497
7500 7477 7471 7479 7460 7454 7442 7439 7444 7464 7463 7457 7448 7437 7432 7428 7424 7418 7413 7434 7496 7504 7496 7489 7505 7571 7665 7748 7804 7857 7924 8005 8118 8238 8356 8482 8661 8704 8809 8865 8891 8934 8922 8970 9048 9077 9043 8964 8868 8783 8707 8635 8585 8530 8467 8400 8344 8309 8285 8267 8289 8354 8358 8351 8345 8336 8326 8316 8285 8275 8257 8216 8181 8162 8155 8160 8180 8201 8218 8237 8254 8306 8393 8481
7508 7485 7476 7470 7461 7449 7445 7456 7474 7481 7470 7460 7447 7427 7430 7431 7432 7433 7440 7477 7531 7560 7537 7536 7549 7616 7712 7791 7855 7913 7956 8023 8130 8259 8382 8483 8591 8695 8843 8863 8868 8875 8876 8911 8977 9047 9083 8979 8880 8794 8719 8628 8572 8512 8455 8417 8332 8301 8284 8290 8302 8356 8354 8342 8327 8313 8299 8273 8249 8246 8233 8204 8186 8168 8167 8179 8192 8210 8232 8256 8285 8338 8395 8444
7503 7487 7478 7474 7462 7448 7434 7491 7482 7481 7472 7462 7452 7446 7440 7433 7436 7443 7464 7506 7531 7543 7550 7561 7579 7642 7731 7810 7871 7932 7949 8017 8110 8302 8452 8501 8588 8694 8819 8818 8802 8796 8805 8830 8881 8951 8970 8923 8853 8782 8708 8635 8566 8506 8446 8429 8364 8328 8311 8321 8338 8342 8317 8300 8288 8277 8263 8246 8230 8216 8205 8200 8189 8170 8175 8189 8201 8217 8241 8272 8313 8380 8409 8439
7503 7490 7479 7480 7469 7454 7456 7465 7476 7477 7469 7460 7453 7448 7441 7433 7439 7447 7457 7462 7525 7550 7539 7544 7579 7641 7722 7797 7861 7879 7910 8032 8151 8322 8492 8602 8669 8692 8756 8747 8724 8716 8731 8768 8798 8841 8859 8844 8805 8755 8696 8610 8559 8515 8464 8425 8412 8382 8352 8337 8340 8300 8286 8277 8263 8251 8237 8229 8216 8203 8206 8205 8192 8185 8185 8190 8206 8225 8249 8279 8329 8383 8435 8472
7492 7477 7462 7472 7465 7444 7429 7437 7459 7472 7467 7454 7442 7426 7421 7424 7435 7447 7469 7526 7528 7526 7510 7515 7557 7634 7711 7784 7850 7916 7982 8081 8222 8365 8545 8667 8694 8667 8664 8674 8661 8661 8681 8725 8736 8750 8763 8766 8751 8720 8676 8591 8560 8545 8527 8480 8458 8451 8418 8350 8307 8259 8263 8254 8249 8235 8219 8204 8205 8212 8220 8216 8197 8193 8198 8206 8217 8228 8245 8271 8314 8381 8475 8520
7461 7443 7425 7434 7435 7427 7415 7425 7469 7472 7461 7446 7427 7404 7397 7408 7426 7443 7461 7471 7496 7496 7494 7509 7555 7636 7718 7774 7826 7882 7960 8130 8341 8540 8601 8648 8657 8640 8626 8623 8626 8646 8676 8651 8669 8671 8687 8704 8704 8687 8651 8587 8571 8578 8596 8585 8568 8533 8471 8378 8281 8267 8260 8258 8238 8229 8213 8201 8207 8230 8241 8230 8198 8199 8210 8221 8227 8229 8236 8253 8306 8402 8475 8508
7439 7418 7395 7416 7427 7424 7422 7437 7494 7471 7454 7436 7415 7390 7378 7400 7419 7436 7451 7467 7486 7500 7483 7495 7551 7639 7726 7759 7796 7845 7917 8158 8436 8618 8625 8640 8627 8598 8585 8582 8594 8593 8592 8605 8625 8619 8637 8661 8673 8668 8642 8588 8583 8605 8646 8701 8674 8618 8533 8436 8272 8304 8285 8268 8251 8231 8212 8198 8202 8217 8274 8230 8203 8215 8221 8231 8237 8231 8223 8223 8256 8368 8446 8479
7428 7407 7400 7410 7422 7423 7423 7427 7447 7452 7442 7427 7410 7388 7378 7397 7417 7434 7449 7463 7476 7482 7486 7505 7558 7619 7680 7723 7762 7814 7900 8182 8518 8731 8669 8649 8603 8560 8546 8534 8522 8533 8551 8577 8591 8596 8612 8635 8654 8664 8654 8611 8600 8615 8641 8683 8700 8675 8613 8503 8313 8336 8308 8279 8260 8240 8217 8197 8192 8190 8185 8206 8211 8204 8218 8242 8253 8226 8206 8193 8206 8295 8360 8406
7418 7395 7411 7409 7417 7417 7409 7415 7428 7432 7431 7420 7408 7398 7393 7406 7420 7433 7444 7453 7465 7485 7500 7531 7564 7609 7653 7691 7747 7824 7941 8212 8525 8693 8697 8641 8559 8541 8525 8500 8482 8486 8498 8507 8536 8565 8587 8614 8639 8667 8691 8638 8623 8620 8619 8639 8668 8679 8627 8537 8371 8338 8310 8288 8267 8250 8232 8208 8193 8180 8183 8207 8238 8187 8204 8222 8225 8208 8190 8182 8187 8206 8232 8347
7401 7392 7391 7410 7413 7412 7408 7407 7422 7424 7420 7414 7410 7408 7408 7416 7426 7438 7449 7459 7472 7497 7506 7547 7585 7600 7633 7670 7739 7859 8009 8284 8574 8690 8674 8639 8554 8552 8523 8488 8455 8451 8451 8471 8494 8524 8559 8591 8621 8634 8634 8645 8636 8629 8638 8638 8649 8673 8608 8507 8404 8354 8323 8300 8278 8262 8253 8238 8198 8185 8195 8196 8197 8204 8192 8189 8183 8182 8177 8172 8170 8169 8179 8261
7402 7374 7373 7406 7414 7417 7416 7420 7424 7421 7418 7416 7415 7415 7420 7425 7433 7446 7460 7476 7498 7519 7546 7606 7601 7617 7641 7671 7722 7929 8200 8453 8624 8673 8661 8630 8574 8550 8531 8503 8455 8446 8451 8452 8467 8491 8530 8567 8602 8639 8639 8619 8609 8622 8636 8656 8618 8594 8536 8441 8388 8364 8337 8311 8287 8268 8249 8228 8197 8182 8196 8185 8173 8169 8165 8160 8156 8160 8166 8164 8163 8154 8140 8161
7402 7366 7359 7394 7411 7419 7414 7407 7409 7414 7417 7418 7419 7420 7420 7428 7440 7456 7474 7493 7513 7544 7581 7612 7617 7633 7670 7719 7812 8056 8389 8604 8614 8633 8645 8643 8594 8556 8546 8540 8506 8461 8428 8453 8461 8474 8503 8534 8568 8606 8613 8592 8578 8598 8613 8596 8567 8522 8467 8413 8377 8363 8342 8318 8299 8277 8246 8225 8211 8180 8169 8200 8199 8161 8150 8146 8136 8148 8162 8176 8180 8174 8132 8141
7399 7368 7360 7384 7406 7419 7419 7409 7412 7418 7422 7424 7426 7426 7424 7433 7448 7467 7488 7510 7536 7561 7595 7647 7666 7671 7721 7800 7917 8165 8438 8605 8615 8618 8649 8642 8610 8577 8560 8549 8513 8477 8480 8468 8462 8461 8476 8499 8524 8543 8567 8580 8595 8578 8570 8545 8528 8466 8452 8404 8394 8362 8328 8321 8313 8299 8273 8247 8233 8216 8229 8194 8186 8173 8162 8149 8143 8147 8161 8184 8192 8204 8160 8140
7393 7368 7354 7379 7402 7419 7421 7427 7422 7425 7430 7434 7436 7436 7434 7441 7462 7485 7507 7529 7548 7580 7622 7662 7704 7736 7791 7890 8048 8244 8473 8624 8559 8620 8659 8643 8623 8596 8557 8524 8485 8461 8458 8442 8420 8424 8442 8465 8488 8511 8533 8560 8580 8572 8537 8509 8493 8437 8487 8431 8436 8389 8338 8342 8342 8332 8304 8273 8244 8248 8185 8166 8164 8169 8160 8153 8148 8145 8143 8151 8160 8191 8153 8138
7379 7351 7368 7382 7394 7400 7411 7420 7415 7436 7441 7445 7449 7453 7455 7471 7486 7511 7535 7558 7577 7606 7646 7664 7726 7780 7855 7947 8086 8272 8466 8611 8608 8630 8653 8640 8604 8576 8539 8498 8449 8426 8414 8402 8388 8392 8411 8435 8457 8477 8498 8520 8540 8510 8497 8472 8451 8446 8504 8486 8490 8436 8401 8379 8372 8372 8376 8300 8240 8213 8186 8184 8178 8167 8156 8160 8157 8143 8117 8096 8095 8077 8098 8127
7376 7369 7379 7387 7395 7402 7415 7419 7436 7446 7452 7459 7467 7474 7477 7489 7511 7538 7564 7591 7621 7644 7648 7688 7791 7876 7928 7988 8102 8277 8441 8542 8593 8627 8674 8659 8612 8565 8521 8467 8423 8391 8379 8371 8360 8365 8387 8411 8435 8451 8461 8467 8462 8440 8443 8435 8438 8448 8480 8519 8498 8454 8414 8396 8395 8402 8376 8320 8250 8232 8222 8212 8205 8191 8181 8178 8172 8151 8100 8060 8064 8061 8086 8111
7380 7370 7378 7395 7405 7412 7418 7428 7442 7453 7462 7472 7485 7497 7506 7523 7545 7572 7598 7625 7652 7668 7678 7743 7852 7966 7996 8042 8146 8300 8446 8543 8595 8602 8612 8621 8600 8549 8500 8462 8413 8374 8352 8337 8326 8343 8366 8393 8417 8428 8424 8413 8408 8411 8410 8424 8433 8440 8466 8512 8490 8430 8399 8384 8391 8416 8418 8338 8288 8303 8264 8253 8229 8218 8207 8199 8186 8160 8100 8070 8079 8097 8110 8111
7392 7397 7401 7410 7420 7428 7433 7439 7451 7454 7468 7488 7506 7526 7545 7558 7587 7611 7636 7659 7686 7711 7739 7800 7883 7984 8044 8090 8195 8346 8496 8613 8647 8658 8617 8599 8580 8519 8468 8425 8389 8350 8335 8320 8314 8331 8357 8379 8393 8399 8394 8377 8351 8346 8422 8410 8426 8434 8464 8449 8386 8373 8349 8341 8352 8369 8373 8329 8281 8264 8245 8227 8243 8241 8238 8217 8191 8153 8099 8082 8107 8135 8130 8110
7418 7420 7430 7435 7439 7445 7450 7449 7433 7459 7481 7505 7529 7554 7580 7610 7636 7650 7672 7696 7717 7736 7780 7860 7934 8041 8103 8142 8252 8408 8560 8674 8670 8644 8624 8557 8518 8474 8432 8400 8367 8342 8319 8314 8312 8329 8356 8378 8389 8389 8379 8359 8333 8330 8333 8365 8390 8403 8423 8409 8375 8337 8307 8299 8312 8315 8340 8356 8329 8295 8279 8264 8269 8265 8248 8232 8207 8164 8120 8109 8129 8143 8139 8137
7448 7442 7444 7454 7460 7464 7483 7478 7472 7476 7503 7530 7557 7585 7613 7648 7675 7688 7715 7745 7771 7781 7845 7965 8051 8157 8183 8208 8319 8464 8611 8721 8674 8629 8609 8520 8456 8429 8394 8365 8351 8337 8319 8313 8305 8330 8363 8386 8398 8393 8377 8356 8332 8314 8303 8338 8359 8399 8414 8381 8337 8306 8281 8278 8299 8334 8384 8462 8477 8430 8367 8318 8304 8301 8297 8277 8239 8202 8167 8153 8154 8155 8150 8147
7492 7480 7475 7480 7488 7493 7508 7510 7504 7504 7538 7560 7585 7610 7637 7662 7692 7723 7769 7809 7855 7931 8031 8139 8139 8205 8236 8264 8373 8507 8638 8728 8680 8643 8605 8505 8453 8407 8368 8348 8342 8331 8319 8314 8319 8344 8376 8402 8416 8404 8384 8358 8338 8307 8317 8358 8395 8447 8391 8357 8319 8288 8265 8262 8297 8355 8416 8493 8563 8541 8481 8400 8351 8333 8330 8309 8270 8231 8208 8203 8192 8178 8163 8160
7530 7523 7513 7516 7528 7538 7534 7544 7539 7561 7577 7591 7615 7635 7655 7665 7691 7751 7819 7890 7950 8023 8110 8190 8229 8251 8283 8325 8424 8537 8642 8713 8688 8640 8582 8512 8448 8397 8361 8347 8344 8330 8313 8309 8329 8354 8387 8421 8434 8418 8389 8359 8321 8299 8363 8394 8434 8447 8390 8352 8316 8288 8272 8271 8304 8344 8418 8481 8545 8561 8526 8441 8375 8342 8323 8306 8298 8298 8300 8267 8234 8217 8195 8183
7576 7550 7562 7573 7573 7597 7591 7583 7586 7602 7608 7622 7645 7669 7689 7695 7738 7795 7884 7975 8060 8111 8191 8229 8269 8318 8352 8391 8475 8566 8643 8680 8666 8626 8649 8509 8438 8398 8363 8357 8350 8334 8312 8309 8321 8347 8386 8434 8455 8426 8397 8370 8337 8337 8365 8398 8423 8427 8399 8359 8328 8307 8304 8311 8337 8380 8436 8497 8540 8550 8520 8431 8369 8337 8316 8316 8314 8344 8360 8310 8285 8270 8258 8204
7612 7614 7612 7613 7596 7603 7630 7614 7628 7642 7642 7659 7687 7716 7741 7745 7753 7861 7976 8086 8194 8324 8354 8344 8367 8392 8424 8467 8539 8615 8674 8718 8741 8702 8632 8528 8442 8404 8388 8355 8340 8326 8304 8303 8309 8328 8359 8401 8425 8411 8399 8391 8394 8386 8388 8392 8408 8415 8387 8378 8370 8364 8351 8341 8379 8416 8448 8483 8529 8502 8449 8401 8359 8326 8294 8267 8310 8351 8353 8305 8269 8271 8252 8195
7616 7652 7643 7625 7628 7648 7668 7656 7657 7654 7650 7697 7744 7786 7811 7846 7889 8001 8097 8198 8300 8388 8471 8409 8392 8454 8498 8539 8619 8687 8723 8755 8777 8709 8636 8543 8450 8399 8368 8348 8350 8339 8311 8299 8294 8298 8309 8326 8353 8376 8389 8402 8408 8398 8385 8388 8402 8413 8393 8404 8415 8422 8409 8401 8446 8469 8443 8452 8471 8442 8404 8380 8352 8321 8299 8285 8317 8343 8327 8281 8243 8249 8233 8189
7667 7676 7682 7677 7695 7699 7702 7704 7700 7695 7727 7758 7815 7871 7913 7979 8083 8157 8229 8327 8412 8472 8485 8456 8471 8554 8574 8643 8714 8784 8856 8847 8776 8695 8633 8534 8445 8390 8336 8336 8337 8305 8295 8285 8259 8244 8259 8275 8306 8340 8369 8397 8419 8399 8389 8378 8391 8408 8413 8430 8451 8474 8456 8456 8448 8429 8407 8399 8399 8384 8363 8347 8330 8319 8309 8316 8325 8343 8304 8273 8251 8247 8228 8197
7686 7699 7724 7748 7717 7711 7741 7757 7756 7754 7776 7830 7897 7936 8006 8081 8157 8249 8362 8482 8568 8608 8636 8652 8702 8758 8757 8777 8820 8872 8926 8923 8888 8839 8697 8569 8496 8415 8372 8326 8296 8282 8262 8243 8222 8207 8221 8242 8271 8306 8343 8375 8400 8395 8403 8383 8405 8405 8433 8448 8470 8484 8456 8409 8373 8375 8367 8335 8337 8347 8343 8336 8333 8318 8308 8300 8311 8323 8306 8281 8264 8258 8238 8210
7694 7730 7762 7779 7754 7759 7785 7806 7818 7840 7864 7915 7992 8039 8112 8191 8258 8365 8505 8653 8802 8903 8976 8983 8962 8927 8899 8879 8884 8927 8964 8994 9017 8895 8797 8660 8526 8439 8364 8313 8276 8252 8227 8206 8193 8185 8190 8208 8237 8274 8311 8347 8375 8381 8378 8392 8437 8414 8430 8451 8460 8468 8433 8373 8342 8347 8363 8326 8340 8329 8323 8318 8309 8311 8309 8309 8313 8312 8312 8304 8293 8271 8252 8234
7807 7805 7819 7822 7811 7840 7846 7851 7884 7918 7948 8007 8096 8176 8246 8333 8420 8517 8651 8790 8952 9038 9030 8973 8930 8918 8889 8888 8904 8941 8988 9004 9024 8971 8909 8791 8646 8464 8342 8266 8236 8229 8194 8175 8169 8170 8165 8168 8204 8242 8279 8315 8338 8357 8373 8425 8454 8441 8456 8436 8431 8425 8394 8346 8318 8310 8321 8361 8336 8305 8297 8302 8305 8311 8308 8304 8306 8324 8310 8327 8314 8286 8272 8267
7849 7884 7912 7898 7872 7912 7921 7930 7969 8014 8054 8124 8224 8307 8386 8485 8597 8709 8788 8857 8929 8978 8969 8938 8900 8886 8888 8883 8882 8905 8937 8914 8941 8961 9026 8937 8797 8523 8317 8227 8193 8202 8171 8151 8145 8147 8141 8150 8182 8217 8250 8275 8296 8342 8378 8408 8420 8457 8412 8391 8380 8363 8338 8317 8279 8265 8254 8280 8277 8268 8271 8290 8325 8315 8308 8311 8328 8336 8368 8399 8346 8272 8313 8329
7920 8039 8079 8052 7997 8006 8022 8039 8085 8143 8189 8251 8358 8444 8532 8634 8755 8899 8875 8875 8887 8902 8897 8887 8873 8868 8843 8813 8844 8825 8781 8778 8837 8762 8896 8868 8780 8508 8297 8212 8158 8163 8149 8132 8116 8102 8105 8134 8169 8199 8231 8263 8322 8342 8358 8369 8372 8429 8362 8337 8334 8328 8316 8304 8260 8231 8216 8226 8217 8219 8237 8261 8283 8295 8302 8308 8317 8367 8408 8430 8431 8409 8394 8405
