real_craters/C207-500m.grd
DSAA
609 609
-151.9 151.9
-151.9 151.9
6019.8772786959 12198.215673011
[rows 270 to 299 of 609, columns 335 to 401 of 609]
6151.84 6186.88 6158.66 6181.22 6253.76 6316.33 6365.42 6414.06 6466.94 6465.76 6464.53 6522.35 6601.62 6691.9 6788.65 6882.1 6941.77 6933.84 6971.32 7066.55 7168.96 7261.86 7340.2 7395.44 7434.38 7460.21 7490.26 7548.28 7690.64 7764.47 7820.85 7866.59 7910.87 7952.82 7998.49 8025.5 8038.19 8105.07 8259.65 8419.48 8525.39 8592.19 8660.42 8718.74 8772.07 8816.47 8827.23 8849.42 8950.53 9188.06 9395.02 9426.15 9451.43 9490.81 9508.99 9499.6 9485.57 9583.57 9680.37 9657.65 9621.66 9578.76 9503.09 9414.18 9361.51 9329.2 9307.37
6165.41 6181.85 6153.19 6177.43 6241.76 6299.37 6348.49 6398.62 6444.47 6436.97 6434.35 6490.6 6567.05 6652.09 6739.64 6821.86 6888.35 6884.54 6910.35 7003.21 7116.62 7231.89 7301.93 7354.43 7396.37 7415.16 7445.58 7496.47 7652.73 7736.84 7791.1 7835.32 7872.27 7900.46 7918.67 7958.78 8003.75 8066.54 8225.19 8398.32 8526.82 8620.51 8670.92 8718.26 8766.02 8817.35 8821.29 8843.66 8931.35 9144.59 9349.87 9419.3 9464.62 9525.18 9557.97 9581.32 9535.78 9498.08 9617.91 9638.73 9623.06 9611.31 9516.03 9414.75 9365.79 9339.07 9319.75
6200.7 6173.51 6151.92 6184.19 6248.73 6293.29 6327.47 6363.2 6392.45 6386.77 6404.09 6457.57 6527.05 6600.99 6676.33 6747.36 6805.53 6814.87 6849.49 6937.45 7048.45 7177.73 7243.32 7307.03 7379.25 7426.99 7447.88 7474.33 7622.07 7701.6 7752.44 7799.61 7837.4 7871.09 7890.45 7935.03 7983.26 8063.78 8203.92 8364.92 8530.09 8639.12 8686.84 8724.1 8746.6 8752.21 8768.81 8804.6 8860.9 9023.15 9216.9 9352.71 9458.2 9526.1 9594.76 9655.45 9648.84 9525.34 9604.96 9641.52 9656.2 9618.89 9523.61 9400.63 9375.58 9359.92 9341.87
6195.9 6159.69 6161.57 6191.71 6249.18 6267.63 6290.04 6319.85 6340.08 6349.18 6375.19 6426.22 6487.27 6552.07 6613.48 6660.98 6686.36 6728.41 6792.17 6863.79 6947.81 7033.2 7125.12 7235.72 7358.27 7483.96 7464.3 7462.32 7588.34 7659.8 7705.85 7751.03 7802.18 7856.3 7927.8 7929.81 7963.99 8033.12 8181.04 8380.88 8546.61 8652.77 8711.98 8741.85 8749.81 8745.16 8757.66 8786.46 8809.26 8887.65 9037.37 9167.51 9301.39 9474.06 9581.06 9672.1 9684.76 9624.99 9603.7 9642.37 9652.94 9604.91 9553.11 9476.14 9426.35 9391.22 9364.65
6063.66 6075.42 6108.46 6174.2 6203.68 6193.99 6246.67 6286.81 6309.76 6326.21 6351.14 6397.65 6452.94 6509.86 6562.63 6602.27 6629.09 6670.93 6731.15 6789.05 6850 6906.38 7005.55 7143.28 7280.44 7419.94 7411.88 7411.26 7498.65 7594.61 7648.28 7698.47 7755.38 7808.07 7864.51 7899.43 7936.79 7996.08 8147.18 8368.54 8567.32 8681.92 8755.79 8761.06 8769.5 8778.54 8793.26 8812.73 8832.11 8876.42 8951.41 9027.48 9147.8 9356.24 9512.47 9684.8 9762.11 9730.03 9670.46 9645.85 9681.83 9691.73 9605.81 9531.75 9475.74 9425.42 9389.85
6021.63 6066.63 6166.13 6186.4 6203.16 6222.36 6246.78 6268.42 6285.42 6301.54 6329.89 6372.92 6423.65 6476.8 6525.88 6568.46 6606.6 6643.16 6674.81 6727.31 6784.16 6840.94 6931.71 7058.3 7160.33 7229.77 7317.92 7362.1 7432.29 7533.3 7595.52 7652.5 7703.82 7756.25 7805.51 7867.82 7922.23 7986.18 8128.43 8341.58 8504.16 8633.52 8721.05 8758.59 8788.68 8825.29 8856.62 8858.72 8870.7 8905.73 8941.17 8986.84 9052.95 9217.82 9375.02 9555.64 9750.16 9709.25 9613.86 9631.46 9650.5 9666.69 9606.38 9557.2 9501.1 9441.23 9405.15
6019.88 6073.17 6185.32 6204.95 6234.1 6261.64 6263.8 6264.4 6266.62 6274.78 6307 6349.58 6399.5 6450.36 6498.81 6546.07 6590.74 6624.85 6643.01 6689.39 6750.99 6817.2 6904.8 7015.63 7110.56 7182.44 7262.5 7329.48 7393.8 7482.41 7536.25 7595.51 7657.24 7726.28 7791.76 7855 7924.31 8009.33 8148.69 8343.68 8482.85 8579.02 8663.68 8732.83 8791.88 8850.12 8899.98 8875.63 8874.18 8904.05 8951.87 9005.63 9017.18 9074.76 9202.72 9368.31 9493.11 9608.13 9653.75 9625.91 9596.96 9583.89 9548.69 9503.58 9458.11 9430.12 9408.08
6034.33 6045.95 6120.92 6193.4 6239.22 6278.03 6273.42 6258.64 6249.58 6254.76 6288.2 6329.44 6377.18 6426.94 6476.89 6526.08 6574.23 6616.14 6630.85 6672.19 6737.94 6814.93 6903.75 7001.42 7099.51 7177.87 7226.9 7290.45 7369.07 7416.41 7467.22 7534.39 7609.32 7695.8 7776.37 7854.07 7939.48 8039.44 8169.73 8342.56 8479.06 8552.71 8631.76 8719.12 8787.08 8830.29 8843.86 8840.88 8843.23 8875.64 8952.32 9036.08 9032.59 9001.03 9083.57 9186.91 9293.48 9492.1 9644.5 9585.41 9513.89 9499.74 9478.69 9443.49 9412.25 9408.43 9397.94
6083.14 6062.74 6111.8 6195.84 6255.26 6293.09 6271.36 6244.05 6230.58 6233.54 6267.59 6310.29 6358.08 6406.17 6455.83 6504.64 6550.55 6588.58 6613.94 6659.28 6729.1 6817.76 6922.7 6997.75 7048 7112.6 7175.11 7224.64 7258.45 7320.52 7392.14 7473.21 7560.38 7650.34 7750.78 7853.18 7958.97 8072.27 8203.94 8330.5 8411.46 8536.53 8632.74 8736.04 8807.31 8828.53 8802.07 8814.73 8805.9 8828.41 8923.7 9041.05 9097.55 9024.9 9077.18 9109.94 9169.65 9346.26 9497.86 9472.18 9434.34 9430.46 9421.32 9410.11 9401.42 9401.9 9394.94
6164.9 6121.66 6153.12 6213.71 6290.09 6264.84 6242.34 6225.59 6212.56 6217.78 6250.39 6291.14 6336.97 6384.26 6433.12 6479.5 6520.56 6552.42 6593.95 6642.72 6698.12 6795.89 6929.84 6980.19 7035.56 7081.67 7124.75 7165.1 7194.48 7245.53 7325.72 7419.39 7518.27 7622.63 7729.33 7844.57 7963.6 8088.47 8208.87 8336.04 8463.6 8543.63 8683.22 8806.63 8861.65 8886.8 8885.25 8878.86 8825.64 8793.13 8880.03 8987.51 9092.51 9111.19 9065.71 9039.04 9089.44 9200.93 9264.34 9307.68 9356.27 9358.41 9373.94 9386.03 9400.27 9396.68 9397.31
6174.36 6179.03 6179.51 6207.43 6233.07 6223.31 6213.8 6207.27 6200.46 6206.42 6232.77 6272.27 6315.51 6360.92 6407.63 6453.94 6498.1 6538.44 6557.62 6572.26 6625.81 6698.86 6776.47 6856.09 6975.45 7026.29 7068.58 7118.13 7156.19 7195.67 7278.85 7377.21 7483.18 7593.13 7706.74 7826.38 7952.76 8085.21 8210.3 8252.23 8299.08 8467.06 8694.59 8855.34 8898.45 8963.19 9026.88 9028.86 8948.27 8869.15 8898.99 8974.52 9084.67 9142.54 9077.77 9010.18 9053.56 9121.33 9154.35 9194.61 9274.91 9318.24 9342.63 9354.32 9355.82 9380.04 9397.08
6174.44 6175.19 6185.21 6193.44 6191.51 6196.65 6195.45 6195.51 6197.41 6204.62 6221.47 6255.04 6293.69 6335.6 6378.38 6422.22 6467.34 6520.39 6513.73 6492.11 6543.85 6587.39 6603.7 6680.72 6783.45 6907.41 7006.68 7088.25 7151.16 7193.9 7258.82 7347.27 7448.41 7561.82 7668.91 7787.21 7913.53 8044.88 8175.6 8146.52 8155.46 8326.17 8537.44 8714.31 8851.3 8982.62 9125.08 9150.12 9075.13 8995.65 8983.92 9055.65 9065.72 9130.67 9078.06 9063.48 9069.88 9106.59 9163.51 9184.42 9218.95 9307.44 9315.36 9331.48 9355.32 9384.23 9403.05
6181.98 6189.31 6192.37 6191.13 6187.48 6181.93 6182.05 6186.69 6194.85 6200.79 6213.12 6238.91 6273.18 6310.12 6348.37 6385.93 6417.99 6435.17 6440.69 6457.66 6489.95 6526.05 6565.13 6615.48 6676.47 6826.35 6959.6 7072.32 7168.57 7227.44 7256.88 7322.1 7400.51 7503.34 7615.9 7733.79 7851.65 7953.62 8022.62 7957.21 7973.09 8138.23 8356.11 8558.35 8745.37 8916.86 9068.08 9128.39 9060.96 9011.05 9000.89 9053.1 9076.6 9137.75 9079.17 9008.33 9038.77 9088.95 9152.71 9246.34 9259.63 9241.8 9262.29 9309.37 9360.37 9396.03 9421.8
6192.55 6195.41 6195.39 6188.13 6184.83 6179.1 6177.7 6177.25 6179.79 6187.77 6195.91 6221.42 6251.38 6285.26 6319.27 6349.35 6374.37 6387.99 6402.03 6428.26 6459.56 6497.03 6544.92 6601.89 6676.74 6806.21 6943.61 7069.62 7176.69 7239.76 7265.74 7307.95 7354.34 7435.66 7562.2 7681.76 7783.93 7861.43 7888.75 7829.2 7854.16 7997.54 8213.4 8447.97 8611.69 8792.97 8971.8 9093.02 9087.23 9020.55 8972.47 9024.55 9088.97 9111.52 9083.43 8988.25 9010.63 9064.16 9120.01 9224.74 9224.14 9194.13 9224.82 9290.78 9356.01 9408.5 9447.11
6196.87 6195.49 6192.1 6182.95 6174.79 6173.25 6171.46 6166.92 6166.66 6172.98 6181.8 6205.33 6232.99 6264.44 6295.51 6322.16 6347.59 6368.64 6387.28 6412.06 6439.4 6478.34 6526.54 6590.2 6693.65 6814.94 6949.12 7079.42 7190.89 7264.22 7288.97 7314.72 7348.01 7424.19 7538.72 7648.98 7741.41 7802.12 7829.5 7838.69 7843.34 7923.11 8098.76 8250.13 8446.15 8639.72 8805.18 8928.68 9034.01 9046.54 9072.34 9073.9 9092.73 9101.79 9067.33 8995.19 9015.26 9062.94 9099.44 9143.11 9197.63 9193.76 9229.44 9297.73 9370.48 9427.47 9483.23
6199.66 6189.31 6181.61 6180.86 6175.96 6165.72 6158.06 6156.51 6155.49 6162.12 6168.69 6189.98 6216.54 6245.27 6273.16 6298.21 6325.33 6357.72 6397.37 6394.75 6421.7 6468 6524.21 6603.52 6706.36 6825.75 6959.11 7091.54 7214.35 7309.17 7315.07 7334.35 7374.33 7444.57 7540.75 7636.64 7722.9 7786.06 7815.36 7834.65 7883.49 7976.11 8070.45 8156.54 8332.31 8515.48 8653.74 8758.45 8916.15 9032.96 9104.54 9103.7 9120.22 9143.16 9112.96 9030.91 9057.58 9100.98 9150.86 9177.3 9173 9194.84 9245.71 9326.89 9418.94 9487.26 9550.99
6209.42 6191.13 6176.74 6171.53 6167.1 6159.36 6149.43 6149.59 6152.3 6155.66 6159.89 6178.87 6202.47 6227.67 6252.26 6276.97 6300.39 6321.71 6334.39 6364.6 6404.43 6463.43 6525.72 6584.73 6704.24 6831.79 6967.76 7101.51 7232.38 7335.25 7329.51 7352.08 7402.28 7471.5 7559.64 7649.32 7734.61 7804.04 7852.97 7888.3 7941.65 8048.89 8108.95 8190.62 8318.43 8460.67 8584.5 8673.07 8860.32 8992.35 9063.93 9071.88 9121.22 9151.26 9135.98 9102.58 9111.73 9152.75 9208.74 9237 9176.1 9186.61 9238.66 9373.31 9522.93 9642.72 9657.35
6224.93 6202.93 6185.51 6177.06 6168.6 6159.44 6151.09 6148.16 6149.36 6153.67 6158.31 6174.27 6193.65 6214.78 6235.42 6255.68 6275.77 6294.48 6315.12 6348.1 6398.22 6466.54 6540.12 6619.75 6717.95 6829.65 6964.26 7103.59 7235.1 7335.84 7353.19 7369.14 7403.15 7487.52 7581.75 7672.03 7760.59 7844.35 7928.77 7952.45 7980.11 8075.51 8146.26 8225.96 8335.66 8466.54 8602.21 8748.94 8895.41 8983.53 9034.14 9062.56 9108.44 9127.79 9125.56 9115.65 9142.77 9187.34 9237.05 9262.44 9203.05 9213.49 9280.36 9421.02 9601.06 9767.4 9736.16
6244.23 6221.7 6204.55 6190.83 6176.86 6164.66 6154.97 6149.96 6150.76 6155.49 6160.42 6173.96 6190.59 6208.45 6226.63 6243.63 6260.27 6277.54 6300.83 6340.79 6389.98 6472.38 6543.08 6615.26 6711 6819.79 6950.86 7093.23 7230.03 7338.71 7382.01 7400.55 7432.13 7520.41 7615.29 7710.64 7796.45 7880.18 7955.15 7965.19 7988.29 8075.73 8161.03 8251.92 8364.2 8496.98 8644.65 8802.66 8938.14 8994.83 9013.78 9062.24 9116.16 9158.6 9113.94 9110.46 9152.35 9192.12 9230.79 9245.52 9224.59 9254.6 9319.96 9430.01 9587.64 9735.25 9710.39
6267.53 6240.71 6218.14 6200.05 6184.53 6170.89 6160.01 6153.53 6154.22 6160.19 6167.48 6177.59 6190.92 6206.24 6222.14 6237.68 6252.9 6268.25 6288.88 6344.13 6433.53 6486.49 6540.97 6586.13 6667.17 6787.29 6922.34 7070.32 7217.79 7347.97 7412.05 7458.27 7501.13 7574.11 7656.65 7745.02 7830.67 7911.89 7953.19 7953.6 7989.98 8078.11 8167.52 8257.24 8370.17 8519.79 8685.69 8850.69 9031.57 9026.01 9007.48 9054.92 9112.87 9146.12 9141.25 9144.96 9154.82 9186.04 9222.71 9237.4 9266.94 9286.47 9312.9 9389.24 9492.59 9583.37 9586.63
6286.79 6257 6230.66 6209.42 6192.75 6177.89 6165.85 6158.53 6160.18 6166.86 6175.12 6183.4 6193.97 6207.41 6221.66 6236.79 6251.9 6267.48 6289.71 6343.52 6421.67 6485.51 6542.82 6586.46 6634.42 6748.18 6888.84 7039.73 7191.44 7339.35 7455.47 7533.29 7591.63 7622.41 7687.44 7771.44 7862.7 7951.03 8034.46 8006.99 8005.1 8078.47 8158.8 8234.31 8345.36 8539.73 8736.59 8912.38 9114.93 9041.57 8992.44 9053.52 9090.8 9108.28 9098.67 9125.75 9147.94 9176.6 9216.65 9262.08 9309.65 9328.5 9310.53 9347.23 9399.48 9416.47 9433.08
6302.32 6271.56 6244.04 6220.01 6201.35 6185.4 6171.98 6163.6 6165.31 6173.47 6182.62 6189.14 6197.23 6209.98 6223.95 6239.92 6256.98 6275.62 6301.61 6346.47 6408.16 6474.95 6534.76 6562.52 6579.98 6715.24 6853.52 6997.35 7143.81 7297.86 7466.13 7543 7581.97 7623.93 7693.75 7780.91 7872.73 7959.6 8028.22 8033.75 8027.7 8055 8120.18 8220.7 8358.96 8575.04 8802.04 9004.1 9054.34 9019.24 8987.81 9067.2 9061.23 9108.73 9092.73 9110.29 9138.66 9166.23 9192.98 9264.43 9396.79 9373.34 9338.77 9346.56 9364.68 9353.62 9361.68
6317.63 6285.39 6256.67 6230.94 6210.56 6194.1 6179.07 6167.88 6171.92 6179.35 6187.6 6195.99 6201.93 6213.82 6228.91 6247.02 6267.26 6289.86 6317.51 6356.81 6416.08 6468.82 6517.44 6555.71 6607.82 6709.81 6827.9 6952.43 7076.46 7197.96 7318.64 7411.43 7489.68 7572.54 7668.4 7769.94 7865.92 7946.11 7988.67 8009.48 8012.06 8022.27 8084 8214.05 8398.01 8607.77 8824.77 8978.82 8964.48 9012 9018.88 8957.19 8996.07 9092.63 9086.49 9107.82 9140.21 9173.07 9206.65 9285.91 9379.57 9385.8 9393.26 9406.96 9399.02 9382.02 9377.3
6331.51 6298.45 6268.14 6240.06 6221.11 6204.69 6190.06 6178.51 6179.56 6184.8 6190.74 6193.9 6203.01 6216.74 6234.55 6255.38 6279.17 6306.05 6336.9 6372.16 6410.29 6448.21 6495.75 6558.01 6634.55 6713.34 6807.78 6909.63 7008.34 7089.36 7139.83 7223.26 7358.22 7503.2 7631.99 7749.84 7856.13 7945.53 8001.13 7991.44 7980.06 7991.01 8043.63 8207.64 8401.77 8619.25 8820.05 8921.75 8903.34 9016.31 9044.24 8949.74 8936.48 8999.25 9041 9092.4 9148.53 9189.43 9235.24 9292.13 9338.6 9369.93 9444.27 9487.68 9457.69 9428.03 9409.28
6344.74 6312.56 6280.6 6253.64 6234.32 6218.18 6202.61 6189.41 6186.11 6190.67 6195.5 6197.73 6205.83 6221.72 6242.04 6265.23 6292.12 6324.33 6360.02 6396.81 6425.99 6449.13 6475.3 6541.05 6625.13 6704.14 6789.8 6880.77 6962.58 7030.71 7088.54 7184.98 7307.37 7458.08 7603.34 7735.95 7853.9 7947.57 7989.94 7984.2 7957.28 7979.8 8065.8 8214.77 8427.05 8641.9 8829.44 8932.68 8899.91 9050.8 9077.42 8985.08 8945.2 8968.18 9024.43 9100.33 9169.41 9206.46 9229.95 9257.1 9274.06 9341.38 9452 9515.81 9502.02 9465.02 9424.46
6360.41 6330.21 6300.97 6273.17 6250.95 6231.02 6213.06 6198.41 6194.18 6196.96 6200.79 6202.72 6211.25 6227.51 6249.8 6275.02 6305.51 6337.71 6378.99 6436.54 6458.08 6482.64 6492.74 6539.44 6601.58 6684.52 6775.87 6867.33 6945.28 7017.79 7089.28 7176.76 7313.88 7460.62 7600.88 7729.04 7853.3 7965.31 8018.95 7993.13 7949.46 7982.25 8046.19 8204.31 8424.06 8632.22 8801.61 8942.04 9054.15 9079.25 9054.27 9000.07 8978.28 9010.63 9073.09 9162.5 9195.06 9224.35 9255.55 9228.44 9208.79 9334.3 9461.7 9544.85 9543.64 9500.09 9449.33
6379.07 6349.36 6322.21 6294.52 6267.39 6244.12 6224.29 6209.84 6203.12 6203.31 6205.92 6206.09 6215.49 6234.88 6258.06 6284.92 6313.02 6342.35 6371.91 6401.95 6433.96 6470.21 6514.98 6554.72 6600.22 6682.36 6780.39 6872 6950.97 7027.66 7103.95 7229.27 7357.86 7479.77 7600.64 7715.33 7831.53 7944.5 8009.05 8011.42 8027.16 8032.49 8057.33 8194.79 8418.09 8638.26 8812.01 8975.79 9142.28 9151.17 9069.99 8995.7 8988.98 9067.58 9110.33 9204.59 9205.23 9222.53 9231.13 9220.76 9211.13 9349.33 9505.63 9605.84 9603.88 9539.82 9462.71
6399.83 6367.42 6336.46 6308.13 6281.45 6256.7 6235.13 6218.89 6210.84 6209.84 6211.9 6215.04 6220.37 6241.57 6268.21 6296.75 6326.97 6352.74 6370.22 6376.46 6416.44 6480.61 6532.22 6593.72 6646.75 6724.82 6814.64 6901.66 6983.49 7059.68 7140.09 7287.37 7416.96 7511.64 7604.44 7694.2 7786.65 7890.3 7961.45 8004.1 8049.59 8063.44 8072.62 8189.32 8424.97 8660.55 8821.78 8976.64 9100.51 9117.66 9072.7 9028.13 9038.95 9158.4 9161.1 9226.71 9222.45 9211.74 9220.2 9243.9 9281.93 9416.72 9574.19 9693.47 9672.21 9579.27 9488.92
6420.49 6386.06 6353.46 6324.46 6296.11 6269.23 6245.85 6228.07 6218.5 6216.66 6218.78 6222.5 6226.7 6249.5 6278.42 6311.56 6345.67 6375.66 6397.51 6407.98 6461.51 6557.68 6609.32 6668.03 6728.7 6795.64 6872.29 6952.54 7032.93 7112.51 7190.62 7336.78 7462.34 7538.65 7607.87 7672.39 7727.98 7779.66 7884.98 7983.6 8059.11 8101.92 8127.86 8224.52 8413.83 8622.62 8811.46 8942.4 9036.2 9048.79 9061.89 9083.17 9139.28 9198.94 9191.88 9192.9 9211.24 9186.87 9206.11 9288.51 9394.49 9515.52 9637.02 9730.37 9709.31 9617.35 9526.61
6441.99 6406.11 6372.03 6340.8 6310.63 6282.55 6257.1 6237.51 6226.23 6223.71 6226.33 6230.79 6235.77 6259.37 6294.89 6336.04 6379.22 6422.05 6462.46 6505.11 6579.22 6684.98 6739.32 6759.41 6805.33 6868.44 6932.43 7006.03 7088.87 7177.62 7264.29 7386.37 7503.36 7561.57 7614.62 7664.73 7699.68 7707.8 7848.8 7985.28 8094.62 8157.13 8175.8 8238.6 8387.64 8576.6 8789.34 8901.56 8961.06 8987.84 9080.36 9162.05 9232.83 9275.41 9228.19 9191.49 9177.89 9148.12 9193.45 9322.39 9483.69 9603.15 9662.94 9709.5 9698.59 9638.54 9581.27
