real_craters/C207-750m.grd
DSAA
406 406
-151.9 151.9
-151.9 151.9
6029.7679038827 12185.852985317
[rows 342 to 379 of 406, columns 252 to 335 of 406]
8765 8765 8786 8824 8853 8898 8911 8912 8924 8950 8982 9033 9113 9195 9164 9173 9233 9262 9225 9113 8967 8829 8710 8669 8670 8666 8677 8655 8621 8595 8566 8520 8463 8413 8365 8398 8429 8340 8349 8359 8365 8370 8372 8380 8371 8362 8345 8336 8365 8391 8362 8344 8330 8318 8304 8288 8264 8215 8187 8162 8157 8164 8227 8342 8456 8494 8531 8615 8662 8862 9094 9237 9276 9141 8904 8664 8563 8484 8418 8359 8310 8281 8283 8273
8782 8784 8793 8806 8865 8920 8938 8945 8967 8992 9024 9076 9131 9190 9219 9273 9371 9429 9399 9256 9016 8866 8734 8643 8588 8575 8622 8662 8639 8613 8585 8531 8473 8422 8386 8421 8437 8344 8345 8349 8352 8359 8378 8363 8357 8355 8335 8297 8325 8350 8340 8326 8314 8306 8299 8291 8278 8262 8208 8167 8145 8143 8199 8303 8361 8506 8645 8775 8841 8833 8881 9161 9331 9222 9030 8855 8663 8522 8418 8336 8284 8278 8265 8265
8797 8798 8804 8817 8846 8932 8963 8989 9008 9040 9076 9117 9192 9231 9273 9368 9533 9676 9602 9410 9162 8974 8823 8675 8577 8547 8555 8590 8612 8593 8573 8498 8473 8428 8410 8444 8478 8402 8364 8348 8336 8331 8331 8327 8339 8337 8307 8283 8285 8299 8301 8296 8290 8295 8292 8292 8292 8277 8241 8186 8139 8128 8170 8273 8438 8706 8807 8901 9089 8833 8789 9009 9047 9028 8990 8922 8687 8522 8407 8324 8266 8245 8259 8277
8810 8814 8819 8828 8864 8944 8974 8997 9044 9092 9134 9175 9237 9299 9355 9482 9667 9773 9786 9637 9325 9109 8972 8786 8601 8551 8519 8511 8535 8537 8526 8497 8475 8399 8393 8403 8449 8419 8373 8345 8325 8304 8270 8286 8307 8303 8277 8279 8241 8252 8261 8271 8273 8274 8276 8280 8290 8286 8233 8169 8118 8100 8133 8223 8368 8564 8684 8764 8817 8684 8625 8698 8676 8703 8702 8666 8565 8471 8387 8318 8261 8229 8251 8289
8822 8830 8841 8854 8893 8965 8998 9032 9091 9149 9206 9246 9284 9340 9419 9577 9783 9978 9969 9782 9457 9240 9128 8974 8661 8495 8486 8493 8464 8492 8496 8487 8471 8478 8433 8415 8392 8386 8366 8343 8320 8298 8287 8278 8274 8264 8246 8257 8210 8216 8232 8244 8248 8249 8250 8251 8245 8222 8174 8129 8082 8058 8094 8138 8197 8274 8417 8469 8468 8441 8405 8402 8381 8422 8394 8387 8410 8385 8341 8296 8258 8230 8246 8282
8841 8854 8869 8893 8931 8989 9036 9088 9144 9201 9266 9334 9350 9408 9489 9643 9827 9997 9950 9709 9461 9260 9112 8906 8599 8454 8453 8467 8454 8480 8478 8464 8438 8444 8430 8413 8393 8374 8360 8339 8316 8297 8279 8260 8243 8220 8241 8252 8218 8211 8220 8230 8233 8233 8226 8217 8203 8178 8155 8099 8052 8020 8048 8072 8107 8190 8252 8260 8255 8301 8377 8369 8296 8282 8265 8273 8303 8307 8290 8260 8236 8231 8245 8268
8866 8886 8906 8930 9001 9019 9093 9148 9198 9248 9297 9343 9392 9513 9581 9694 9778 9808 9686 9424 9224 9063 8902 8727 8493 8426 8443 8474 8426 8437 8457 8460 8420 8410 8405 8399 8390 8367 8347 8330 8310 8292 8275 8256 8228 8208 8227 8260 8241 8223 8219 8215 8215 8213 8205 8190 8167 8142 8115 8080 8040 8006 8003 8053 8118 8175 8193 8192 8198 8224 8251 8280 8240 8217 8211 8223 8240 8245 8242 8231 8221 8237 8270 8252
8900 8922 8950 8972 9055 9172 9189 9214 9255 9306 9352 9388 9498 9730 9790 9754 9699 9594 9400 9141 8969 8843 8655 8538 8398 8407 8442 8464 8450 8421 8439 8442 8415 8400 8384 8375 8374 8354 8335 8317 8301 8284 8270 8253 8217 8191 8210 8252 8264 8235 8219 8207 8201 8194 8188 8173 8148 8130 8108 8080 8048 8011 7998 8040 8107 8157 8172 8174 8173 8173 8179 8174 8164 8173 8192 8195 8200 8205 8206 8211 8225 8235 8253 8220
8935 8962 9002 9068 9133 9215 9276 9287 9322 9397 9460 9513 9624 9916 9939 9765 9612 9441 9224 8958 8790 8722 8561 8437 8388 8403 8448 8526 8460 8440 8437 8441 8412 8396 8371 8359 8333 8336 8324 8308 8290 8274 8254 8225 8206 8183 8191 8220 8236 8225 8207 8197 8191 8180 8175 8170 8168 8143 8119 8087 8060 8011 7970 8014 8095 8149 8159 8151 8148 8143 8143 8128 8121 8140 8165 8169 8175 8181 8183 8190 8199 8202 8191 8180
8985 9005 9036 9108 9205 9346 9373 9382 9429 9530 9621 9720 9839 9932 9785 9679 9516 9331 9130 8889 8702 8580 8494 8396 8377 8407 8445 8495 8484 8435 8424 8436 8411 8403 8364 8346 8340 8326 8312 8294 8277 8259 8243 8235 8201 8178 8177 8208 8211 8202 8192 8184 8176 8170 8165 8164 8168 8157 8126 8086 8051 8002 7972 8009 8119 8170 8154 8129 8126 8125 8123 8095 8100 8113 8130 8143 8153 8158 8165 8170 8183 8179 8161 8189
9058 9046 9042 9061 9222 9337 9418 9488 9580 9662 9787 9945 1.004e+004 1.007e+004 9779 9587 9401 9210 9007 8785 8608 8512 8456 8401 8397 8414 8421 8465 8301 8338 8396 8410 8413 8392 8345 8337 8337 8308 8287 8270 8255 8239 8220 8190 8178 8172 8171 8171 8171 8167 8162 8158 8153 8149 8148 8148 8151 8176 8142 8075 8001 7975 7974 8024 8126 8165 8150 8125 8119 8105 8084 8103 8098 8099 8106 8116 8128 8137 8146 8152 8164 8170 8168 8211
9112 9094 9079 9094 9201 9337 9421 9488 9616 9667 9822 1.003e+004 1.004e+004 9854 9691 9477 9275 9065 8835 8671 8555 8488 8453 8430 8427 8423 8437 8483 8491 8446 8402 8386 8370 8363 8344 8315 8304 8283 8266 8252 8240 8225 8205 8176 8170 8171 8166 8155 8146 8142 8141 8138 8138 8136 8136 8139 8150 8178 8139 8067 8004 7973 7971 7991 8094 8144 8148 8139 8133 8123 8109 8121 8104 8086 8082 8096 8107 8116 8120 8121 8122 8131 8187 8225
9172 9160 9160 9197 9275 9343 9364 9351 9346 9507 9698 9882 9810 9630 9515 9344 9162 8973 8781 8632 8544 8496 8476 8455 8437 8444 8442 8460 8464 8439 8401 8362 8343 8339 8338 8320 8269 8252 8247 8243 8234 8224 8212 8198 8184 8170 8160 8136 8127 8127 8129 8128 8125 8122 8124 8133 8158 8185 8135 8058 7984 7961 7980 8031 8072 8119 8142 8146 8139 8138 8136 8134 8106 8079 8075 8086 8095 8102 8103 8105 8099 8100 8168 8235
9261 9257 9257 9292 9364 9347 9229 9207 9203 9320 9481 9592 9546 9415 9336 9229 9087 8925 8761 8621 8521 8498 8500 8489 8482 8451 8453 8448 8447 8442 8383 8339 8312 8308 8313 8299 8234 8231 8236 8234 8231 8227 8221 8216 8202 8165 8117 8114 8121 8127 8124 8118 8113 8108 8107 8113 8139 8161 8129 8063 7992 7953 7971 8016 8059 8099 8131 8137 8116 8123 8147 8122 8101 8088 8084 8088 8093 8097 8102 8103 8113 8151 8154 8205
9428 9400 9371 9422 9451 9343 9151 9111 9094 9162 9268 9345 9321 9256 9209 9130 9015 8892 8764 8640 8511 8499 8523 8501 8474 8459 8464 8445 8402 8376 8353 8323 8303 8289 8285 8284 8258 8234 8228 8229 8227 8228 8227 8230 8218 8176 8125 8104 8109 8125 8120 8113 8106 8099 8094 8092 8125 8153 8135 8086 8014 7959 7947 7984 8039 8080 8110 8113 8098 8097 8115 8129 8108 8103 8101 8100 8106 8108 8110 8111 8115 8107 8139 8189
9666 9582 9500 9566 9449 9223 9119 9069 9049 9064 9097 9111 9113 9118 9124 9055 8968 8870 8756 8620 8506 8487 8528 8499 8457 8442 8456 8437 8408 8366 8340 8318 8302 8278 8276 8270 8251 8235 8227 8227 8225 8226 8230 8233 8225 8196 8176 8150 8110 8122 8120 8112 8102 8093 8088 8098 8138 8165 8149 8124 8060 7967 7953 7980 8027 8059 8089 8091 8074 8089 8100 8118 8110 8115 8111 8109 8109 8113 8118 8124 8132 8146 8165 8171
9872 9761 9643 9705 9465 9190 9107 9060 9017 8997 8998 8964 8962 8968 9003 8982 8930 8862 8778 8650 8552 8496 8521 8482 8430 8410 8399 8403 8405 8345 8327 8309 8291 8267 8268 8263 8248 8239 8233 8227 8221 8220 8219 8220 8223 8193 8180 8163 8127 8134 8125 8113 8100 8088 8078 8076 8130 8157 8144 8122 8064 7985 7957 7951 7985 8035 8070 8072 8069 8079 8082 8081 8084 8113 8114 8112 8113 8118 8124 8131 8147 8168 8168 8157
9911 9917 9794 9758 9454 9171 9108 9060 9023 9006 8982 8964 8929 8921 8933 8929 8900 8857 8823 8830 8571 8439 8473 8457 8408 8354 8334 8349 8363 8324 8313 8300 8289 8259 8254 8245 8243 8240 8233 8228 8221 8214 8205 8193 8169 8163 8154 8143 8146 8141 8132 8116 8100 8083 8072 8077 8090 8113 8119 8096 8045 7989 7956 7941 7964 8016 8065 8057 8025 8068 8070 8054 8058 8099 8106 8111 8114 8115 8120 8128 8141 8154 8145 8139
9933 1.004e+004 1.001e+004 9633 9395 9171 9081 9044 9022 9005 8972 8944 8923 8932 8907 8901 8876 8838 8780 8668 8529 8432 8450 8437 8398 8325 8285 8299 8319 8344 8302 8290 8276 8255 8246 8231 8236 8232 8228 8220 8214 8205 8195 8179 8151 8144 8132 8124 8163 8152 8138 8122 8103 8085 8069 8067 8071 8092 8104 8085 8021 7976 7962 7953 7961 7988 8028 8047 8056 8011 8069 8067 8081 8077 8095 8103 8108 8113 8116 8119 8123 8120 8120 8110
9849 1.003e+004 1.001e+004 9599 9361 9157 9057 9026 9002 8986 8955 8929 8906 8923 8914 8891 8862 8818 8748 8627 8529 8452 8426 8413 8393 8346 8287 8323 8328 8344 8317 8275 8240 8225 8248 8242 8238 8235 8223 8213 8204 8194 8186 8177 8178 8159 8118 8128 8158 8158 8148 8128 8108 8089 8071 8069 8101 8100 8098 8090 8055 8001 7966 7948 7947 7948 7957 7993 8019 8023 8035 8058 8087 8084 8088 8093 8094 8100 8103 8105 8105 8108 8108 8084
9618 9846 9913 9596 9364 9155 9041 9003 8976 8947 8920 8902 8906 8934 8935 8900 8859 8813 8763 8713 8593 8448 8401 8390 8371 8342 8306 8300 8301 8285 8287 8248 8220 8230 8237 8241 8231 8222 8209 8199 8194 8186 8178 8170 8165 8161 8168 8152 8138 8164 8150 8128 8112 8097 8084 8076 8092 8088 8085 8078 8059 8019 7976 7936 7941 7930 7914 7907 7947 8002 8000 8041 8069 8081 8081 8083 8084 8085 8087 8090 8091 8094 8101 8066
9484 9666 9763 9599 9390 9185 9044 8980 8954 8928 8871 8867 8886 8923 8924 8894 8857 8806 8754 8713 8575 8379 8350 8360 8343 8317 8303 8256 8258 8241 8199 8212 8215 8227 8245 8233 8217 8202 8192 8185 8174 8166 8158 8153 8145 8155 8197 8188 8169 8149 8133 8124 8114 8107 8107 8088 8068 8067 8068 8065 8055 8032 8008 7989 7977 7957 7921 7888 7903 7947 7978 8024 8065 8076 8073 8072 8073 8070 8070 8074 8079 8084 8075 8054
9439 9598 9738 9633 9420 9214 9061 8978 8953 8930 8896 8878 8885 8925 8936 8915 8863 8794 8718 8618 8484 8384 8347 8346 8319 8288 8250 8242 8248 8227 8190 8211 8224 8230 8246 8227 8211 8198 8190 8178 8168 8157 8150 8149 8158 8185 8190 8206 8208 8168 8127 8122 8117 8111 8099 8083 8061 8054 8047 8044 8032 8036 8043 8043 8028 8011 7965 7915 7909 7909 7942 8014 8075 8069 8068 8066 8063 8059 8056 8057 8064 8066 8055 8049
9463 9625 9770 9639 9428 9227 9074 9023 8976 8935 8937 8924 8919 8962 8993 8958 8862 8769 8674 8576 8510 8424 8361 8346 8295 8253 8205 8222 8229 8234 8215 8229 8247 8262 8235 8212 8195 8189 8182 8174 8165 8156 8149 8144 8148 8167 8212 8223 8192 8143 8134 8119 8115 8115 8114 8101 8080 8050 8018 8006 8025 8037 8078 8095 8072 8040 7992 7937 7918 7912 7944 8014 8064 8057 8053 8052 8050 8045 8040 8035 8032 8039 8047 8054
9415 9506 9584 9552 9414 9241 9105 9072 9007 8949 8963 8973 8976 8984 8976 8921 8840 8735 8626 8517 8421 8379 8332 8291 8267 8232 8216 8198 8181 8201 8219 8240 8254 8234 8192 8170 8162 8168 8171 8166 8158 8150 8143 8136 8129 8125 8155 8179 8148 8099 8101 8101 8106 8114 8115 8110 8090 8059 8019 7986 7987 8034 8125 8144 8098 8058 8024 7975 7939 7907 7949 8021 8048 8051 8041 8036 8037 8034 8028 8017 8005 8019 8045 8061
9329 9407 9499 9504 9406 9272 9137 9075 9033 8998 8991 9017 9019 8999 8953 8911 8819 8693 8569 8457 8365 8330 8312 8281 8263 8231 8216 8193 8164 8197 8233 8263 8247 8218 8148 8131 8140 8157 8164 8162 8160 8157 8151 8142 8125 8099 8107 8112 8081 8056 8058 8078 8093 8104 8108 8098 8083 8068 8065 8020 7997 8041 8127 8137 8092 8051 8055 8036 7933 7915 7958 8032 8067 8027 8029 8027 8027 8027 8025 8015 8000 8018 8041 8058
9273 9396 9577 9518 9421 9320 9226 9145 9092 9060 9030 9043 9039 9024 8999 8943 8798 8653 8528 8414 8331 8290 8269 8302 8291 8238 8206 8208 8202 8228 8249 8273 8240 8216 8184 8130 8139 8152 8156 8158 8159 8159 8156 8147 8143 8139 8125 8094 8066 8061 8061 8071 8083 8092 8093 8083 8074 8062 8047 8027 8009 8011 8058 8081 8065 8048 8059 8035 7943 7925 7954 7991 8010 8014 8020 8025 8028 8030 8029 8031 8029 8035 8045 8053
9318 9429 9552 9510 9422 9346 9318 9264 9169 9089 9060 9041 9026 9019 9027 8891 8721 8593 8490 8400 8336 8274 8183 8248 8264 8228 8204 8221 8276 8285 8276 8264 8233 8224 8198 8165 8161 8151 8144 8153 8154 8155 8155 8154 8161 8171 8148 8110 8082 8085 8075 8069 8080 8089 8086 8072 8067 8056 8037 8049 8030 8014 8023 8042 8040 8039 8055 8049 8018 7961 7950 7939 7957 7992 8019 8034 8037 8039 8046 8053 8063 8052 8052 8056
9446 9512 9513 9443 9361 9290 9214 9106 9001 9017 9093 9062 8979 8934 8898 8762 8603 8509 8437 8390 8383 8313 8176 8179 8200 8215 8204 8215 8321 8307 8298 8232 8219 8225 8205 8175 8161 8156 8163 8157 8156 8160 8164 8171 8173 8170 8161 8117 8099 8095 8063 8059 8083 8105 8101 8082 8073 8064 8052 8034 8022 8014 8022 8027 8032 8035 8045 8058 8052 8031 7957 7920 7945 7996 8030 8040 8039 8046 8049 8057 8064 8052 8039 8015
9598 9545 9421 9320 9249 9188 9126 9013 8849 8789 8876 8887 8835 8781 8704 8584 8479 8426 8379 8341 8337 8309 8265 8231 8203 8220 8226 8231 8233 8243 8241 8241 8223 8216 8189 8153 8143 8152 8161 8151 8150 8156 8169 8182 8192 8193 8154 8109 8063 8089 8080 8072 8091 8114 8111 8090 8084 8078 8070 8054 8021 8004 8008 8018 8029 8034 8025 8050 7988 7969 7942 7914 7953 8024 8045 8045 8041 8043 8049 8046 8040 8037 8024 8020
9640 9471 9287 9184 9125 9067 9014 8912 8721 8628 8622 8622 8650 8623 8559 8475 8404 8369 8338 8298 8284 8286 8333 8291 8223 8218 8225 8257 8212 8195 8205 8206 8143 8236 8186 8126 8141 8144 8130 8133 8145 8156 8172 8187 8205 8202 8142 8110 8089 8087 8086 8089 8097 8100 8106 8110 8091 8086 8075 8051 8037 8022 8016 8007 8006 8016 8036 8012 8001 7977 7930 7909 7941 8000 8036 8032 8029 8033 8039 8055 8046 8019 8000 7987
9496 9281 9119 9041 8970 8910 8843 8739 8582 8518 8500 8506 8529 8505 8456 8390 8349 8346 8335 8317 8295 8287 8292 8254 8201 8194 8199 8229 8190 8172 8190 8192 8232 8210 8185 8127 8123 8117 8108 8119 8135 8150 8165 8184 8199 8197 8147 8121 8108 8105 8110 8114 8107 8098 8093 8087 8085 8077 8062 8042 8039 8021 8005 7997 7991 8000 8001 8014 8016 7981 7922 7888 7922 7974 8016 8010 8006 8004 8009 8016 8007 7986 7969 7972
9256 9267 9067 8917 8832 8747 8658 8545 8468 8483 8493 8495 8483 8451 8404 8361 8358 8352 8348 8332 8306 8288 8247 8210 8177 8162 8144 8149 8167 8166 8178 8169 8172 8173 8170 8131 8086 8077 8098 8114 8127 8143 8153 8165 8173 8179 8142 8132 8131 8116 8086 8104 8115 8122 8111 8098 8083 8064 8052 8042 8029 8018 8007 7994 7989 8004 8019 8013 8007 7968 7918 7891 7906 7935 7979 7974 7970 7971 7970 7966 7962 7950 7932 7914
9026 8991 8874 8777 8697 8614 8521 8434 8418 8469 8499 8501 8465 8421 8380 8352 8356 8355 8349 8341 8283 8234 8192 8158 8165 8124 8083 8110 8169 8172 8173 8146 8127 8120 8112 8105 8090 8099 8109 8123 8123 8126 8133 8145 8159 8166 8140 8127 8134 8123 8092 8111 8117 8115 8125 8111 8087 8068 8061 8061 8057 8042 8017 7997 7989 8008 8024 8005 7996 7971 7920 7889 7908 7917 7922 7927 7927 7934 7925 7942 7930 7926 7913 7890
8867 8848 8748 8663 8590 8515 8431 8343 8370 8443 8484 8483 8444 8399 8361 8341 8346 8340 8311 8274 8235 8181 8157 8156 8132 8107 8080 8092 8141 8154 8162 8139 8073 8056 8054 8056 8077 8092 8109 8119 8120 8118 8116 8122 8123 8123 8098 8098 8122 8130 8108 8118 8121 8119 8114 8104 8086 8067 8050 8053 8064 8055 8027 8003 7990 8009 8023 8030 8010 7996 7989 7961 7938 7921 7896 7889 7896 7907 7896 7851 7904 7922 7927 7955
8732 8690 8619 8560 8507 8453 8395 8351 8347 8419 8452 8438 8406 8369 8331 8306 8310 8314 8288 8253 8208 8146 8145 8176 8149 8112 8076 8066 8136 8153 8141 8129 8061 8035 8028 8041 8063 8088 8105 8111 8115 8111 8103 8094 8095 8099 8075 8082 8103 8109 8108 8125 8119 8113 8114 8101 8083 8070 8053 8049 8045 8035 8031 8020 8008 8007 8009 8010 7999 8011 8036 8018 7969 7931 7873 7860 7881 7899 7909 7918 7925 7936 7942 7962
8643 8587 8538 8489 8456 8416 8378 8351 8292 8338 8395 8388 8368 8336 8292 8247 8229 8234 8280 8260 8210 8172 8172 8196 8167 8136 8093 8056 8044 8070 8098 8089 8028 8020 8020 8027 8052 8088 8099 8102 8114 8106 8096 8082 8068 8091 8097 8101 8098 8101 8095 8101 8104 8107 8108 8095 8076 8059 8050 8051 8048 8040 8044 8048 8034 8004 7998 7988 7976 8000 8023 8008 7971 7930 7876 7857 7881 7911 7942 7956 7953 7953 7954 7961
8567 8523 8491 8452 8418 8386 8364 8354 8349 8344 8303 8356 8355 8310 8260 8218 8197 8202 8208 8216 8207 8203 8203 8176 8161 8152 8112 8069 8044 8080 8096 8075 8029 8021 8027 8028 8042 8052 8085 8131 8117 8103 8094 8092 8097 8094 8096 8096 8096 8097 8104 8105 8093 8100 8109 8097 8080 8067 8072 8061 8054 8048 8061 8078 8068 8040 8011 7993 7966 7980 7990 7983 7960 7925 7889 7872 7891 7925 7968 7987 7973 7965 7961 7964
