real_craters/C207-1000m.grd
DSAA
175 175
-86.8 86.8
-86.8 86.8
4248.7304766823 7382.6332870041
[rows 120 to 149 of 175, columns 0 to 66 of 175]
6583.57 6627.2 6564.78 6475.3 6413.77 6406.07 6400.66 6413.67 6403.39 6389.59 6376.29 6357.62 6325.91 6309.09 6401.67 6596.37 6639.3 6518.28 6391.31 6335.31 6384.17 6363.21 6348.23 6316.59 6288.2 6325.31 6435.3 6504.42 6447.07 6400.45 6359.79 6350.67 6360.37 6480.46 6608.08 6455.84 6403.67 6393.01 6402.82 6394.93 6394.65 6415.92 6456.77 6483.99 6461.26 6439.45 6451.26 6476.36 6442.6 6405.21 6388.24 6335.91 6250.06 6151.2 6028.55 5914.19 5857.67 5802.91 5917.02 6026.39 6018.65 5996.71 5960.93 5914.4 5889.18 5811.14 5733.64
6455.8 6484 6473.26 6439.07 6417.65 6411.38 6399.87 6403.14 6400.75 6395.62 6395.94 6375.44 6312.67 6266.37 6343.37 6553.43 6711.56 6541.46 6372.73 6313.54 6315.38 6277.85 6296.53 6298.89 6269.79 6317.24 6445.54 6505.63 6428.46 6317.84 6310.49 6354.74 6350.78 6445.59 6524.76 6466.46 6385.73 6363.32 6376.56 6381.62 6386.27 6406.4 6453.57 6465.16 6444.14 6434.62 6450.58 6524.82 6528.06 6512.4 6447.6 6392.59 6298.93 6205.54 6112.83 6018.52 6053.53 6124.26 6314.52 6149.71 6144.86 6111.8 6044.28 5950.66 5862.28 5808.66 5763.87
6430.62 6382.01 6399.92 6412.01 6418.5 6420.89 6410.23 6394.43 6390.35 6390.04 6396.75 6394.63 6304.65 6237.06 6294.54 6513.74 6673.13 6483.97 6327.38 6276.03 6245.27 6230.28 6239.93 6253.51 6238.5 6241.16 6399.35 6500.26 6404.4 6179.2 6248.44 6341.58 6316.41 6372.06 6415.97 6334.77 6288.56 6294.39 6332.63 6370.98 6424.64 6396.52 6402.76 6402.81 6413.32 6424.67 6532.29 6654.02 6646.03 6619.38 6525.36 6462.38 6350.99 6291.42 6244.94 6273.52 6402.86 6608.07 6712.99 6439.61 6396.83 6326.25 6235.28 6081.26 5906.54 5850.84 5795.23
6333.84 6303.1 6348.36 6400.39 6459.54 6450.44 6403.05 6378.75 6369.14 6359.86 6358.4 6355.41 6267.72 6210.09 6257.28 6462.85 6409.05 6392.1 6316.91 6258.61 6234.57 6224.42 6216.64 6218.66 6206.75 6198.11 6271.67 6305.94 6302.9 6324.44 6320.6 6298.53 6292.6 6287.55 6266.8 6213.34 6185.13 6196.96 6245.27 6304.6 6388.9 6388.98 6418.7 6406.68 6416.18 6457.21 6629.43 6775.76 6767.5 6718.97 6577.94 6501.67 6439.01 6407.76 6405.98 6431.3 6670.78 6958.44 6896.54 6830.47 6696.7 6591.19 6515.99 6389.42 6192.12 6048.43 5985.04
6232.22 6257.58 6308.31 6371.36 6431.16 6420.13 6376.15 6351.71 6334.47 6314.31 6287.49 6231.55 6212.6 6196.43 6226.13 6339.77 6363.33 6333 6282.54 6245.78 6231.83 6231.23 6218 6212.86 6202.34 6201.79 6210.93 6226.27 6247.43 6265.09 6276.18 6283.53 6275.24 6256.97 6225.89 6183.62 6157.89 6163.12 6173.81 6289.81 6331.63 6418.21 6498.2 6473.93 6464.38 6526.95 6735.42 6907.99 6839.12 6733.78 6654.13 6587 6538.39 6525.72 6567.33 6709.01 6837.71 6990.76 6996.21 7016.26 6921.57 6838.9 6805.87 6806.93 6708.28 6502.14 6421.83
6200.65 6230.77 6277.65 6318.92 6348.08 6355.43 6328.89 6315.08 6298.48 6279.83 6249.37 6214.89 6202.41 6194.27 6207.51 6250.47 6311.75 6336.53 6300.75 6257.63 6231.09 6232.09 6221.86 6194.33 6193.45 6199.15 6202.15 6209.04 6213.41 6224.97 6247.28 6273.6 6248.98 6238.73 6211.51 6172.88 6143.51 6128.03 6139.19 6196.13 6313.87 6466.68 6633.36 6640.92 6570.25 6633.18 6755.79 6858.64 6836.92 6751.96 6684.96 6639.8 6610.32 6593.59 6646.55 6732.55 6831.09 6927.14 7017.87 7050.31 7027.91 6998.39 7014.35 7114.45 7134.74 6962.29 6916.08
6243.34 6238.18 6257.92 6276.46 6288.07 6291.11 6290.45 6290.49 6281.34 6263.83 6239.9 6217.79 6205.5 6198.35 6192.25 6206.07 6228.03 6260.78 6258.88 6245 6232.41 6229.96 6210.47 6193.13 6191.02 6188.59 6188.99 6197.17 6198.5 6205.28 6224.5 6266.6 6236.68 6211.35 6200.42 6181.92 6149.43 6138.13 6138.15 6193.6 6294.79 6502.41 6627.12 6656.74 6625.38 6647.82 6726.34 6797.14 6778.06 6727.08 6684.55 6649.73 6629.94 6615.32 6632.4 6663.65 6731.81 6854.35 6970.87 7009.07 7028.35 7038.69 7065.94 7127.48 7194.03 7188.55 7184.19
6250.72 6250.4 6255.69 6262.04 6260.8 6257.07 6278.94 6284.8 6271.7 6255 6238.65 6222.79 6210.9 6203.27 6188.48 6189.1 6196.6 6200.99 6207.69 6196.55 6185.42 6222.55 6219.03 6194.11 6194.39 6184.9 6181.39 6197.57 6191.39 6194.81 6213.87 6229.76 6218.79 6197.16 6206.78 6220.94 6213.29 6177.29 6173.04 6206.27 6340.59 6556.88 6615.49 6634.49 6621.61 6632.03 6661.19 6668.42 6672.91 6663.81 6655.94 6643.08 6618.65 6611.63 6603.17 6603.83 6646.24 6762.11 6913.1 6960.73 6999.3 7013.31 7021.53 7057.49 7182.57 7255.39 7243.97
6292.06 6264.06 6266.12 6273.69 6281.95 6298.14 6292.55 6280.35 6262.15 6243.52 6228.37 6214.82 6169.32 6199.57 6186.52 6176.7 6177.82 6182.08 6150.98 6157.86 6159.03 6178.21 6203.73 6194.65 6186.53 6178.78 6179.21 6186.84 6194.88 6194.99 6211.8 6226.3 6210.21 6186.32 6230.44 6267.47 6318.68 6235.25 6248.23 6315.54 6438.04 6558.15 6585.18 6594.6 6627.6 6638.93 6605.25 6571.73 6576.92 6594.69 6610.84 6603.09 6598.02 6594.07 6596.28 6606.37 6632.23 6725.18 6851.67 6954.18 6999.87 6982.17 6956.77 6969.94 7154.23 7232.29 7127.92
6266.56 6276.29 6290.76 6311.26 6329.21 6327.3 6319.13 6279.54 6237.97 6208.45 6191.9 6195.71 6243.63 6228.5 6183.55 6159.05 6132.65 6117.3 6127.21 6145.18 6153.46 6157.12 6157.31 6176.83 6180.47 6177.2 6184.06 6186.18 6192 6202.23 6229.04 6221.86 6222.77 6247.64 6270.73 6300.13 6313.33 6309.51 6365.69 6626.65 6611.95 6549.97 6557.11 6578.91 6608.07 6604.97 6566.92 6518.95 6522.03 6558.78 6574.75 6581.07 6581.67 6578.76 6578.51 6597.01 6633.51 6659.35 6780.75 6918.59 6987.94 6950.16 6907.02 6864.89 6947.88 6997.04 7006.67
6287.08 6307.88 6324.47 6342.71 6378.6 6449.2 6367.27 6287.12 6224.44 6195.56 6161.1 6169.64 6265.77 6245.71 6282.87 6165.78 6134.33 6108.42 6115.87 6119.56 6115.7 6134.87 6148.16 6166.41 6168.97 6171.95 6177.31 6186.08 6197.56 6217.84 6240.75 6218.8 6234.12 6298.34 6317.51 6335.03 6358.96 6366.41 6428.71 6464.04 6499.58 6522.14 6521.74 6518.41 6536.45 6542.21 6546.5 6555.12 6573.52 6565.61 6562.21 6566.23 6566.82 6564.29 6560.47 6569.79 6578.13 6600.37 6704.3 6822.98 6889.51 6910.98 6898.84 6870.98 6833.96 6847.81 6872.04
6341.76 6358.29 6354.01 6352.51 6354.72 6352.89 6313.38 6272.12 6237.1 6174.63 6126.37 6056.6 5988.14 5904.78 5973.85 6204.61 6174.84 6118.55 6118.43 6109.88 6102.93 6119.16 6138.56 6158.34 6164.58 6156.69 6161.53 6200.63 6222.67 6238.18 6258.1 6245.13 6272.86 6351.72 6369.38 6372.81 6368.49 6397.76 6467.22 6467.62 6472.75 6495.08 6502.5 6488.95 6489.91 6504.83 6533.09 6569.63 6585.63 6566.27 6554.21 6559.79 6567.95 6567.22 6547.44 6559.07 6567.81 6553.27 6654.31 6754.46 6823.38 6870.33 6870.68 6865.6 6788.18 6785.69 6760.61
6455.26 6406.51 6372.33 6340.84 6301.55 6249.16 6223.3 6216.46 6191.8 6157.01 6106.99 6004.27 5807.89 5650.86 5795.48 6195.69 6188.76 6125.55 6119.19 6115.48 6107.01 6120.15 6132.27 6159.6 6165.69 6168.78 6183.99 6253.04 6250.12 6263.71 6265.52 6240.21 6284.91 6404.3 6418.08 6411.59 6406.61 6428.07 6457.46 6477.26 6480.81 6509.78 6524.66 6500.12 6497.07 6506.52 6523.19 6529.16 6520.1 6525.84 6536.12 6543.47 6561.38 6589.7 6623.38 6609.81 6550.66 6554.61 6631.46 6729.65 6838.05 6833.7 6838.75 6838.33 6781.12 6691.59 6637.97
6455.59 6426.49 6391.14 6330.76 6272.69 6218.11 6177.37 6178.44 6160.21 6137.26 6099.99 6037.44 5974.85 5980.91 6039.17 6161.28 6160.28 6136.81 6143.6 6131.61 6126.86 6131.08 6133.92 6142.13 6151.35 6128.36 6149.75 6204.16 6238.67 6276.78 6314.91 6258.04 6339.89 6456.38 6452.1 6440.11 6437.76 6452.54 6473.33 6492.39 6525.62 6582.72 6584.11 6569.3 6524.02 6533.57 6514.62 6491.66 6464.11 6473.24 6500.38 6520.47 6541.96 6570.07 6622.19 6621.6 6592.41 6582.83 6622.11 6678.41 6710.94 6770.15 6798.08 6805.96 6788.63 6694.95 6642.74
6443.37 6420.08 6382.31 6329.74 6267.01 6207.87 6165.91 6147.15 6124.1 6092.24 6068.55 6077.11 6141.12 6227.18 6212.16 6180.55 6150.93 6140.94 6150.02 6148.31 6133.71 6131.68 6143.79 6128.06 6120.03 6129.01 6134.92 6169.35 6220.49 6279.29 6390.35 6381.26 6446.46 6461.15 6449.41 6446.74 6443.45 6452.98 6485.35 6509.21 6548.45 6568.71 6588.02 6615.87 6574.35 6550.29 6510.55 6471.67 6434.48 6443.45 6471.53 6487.07 6502.74 6514.61 6502.57 6555.12 6546.63 6565.28 6609.78 6658.64 6700.85 6744.76 6774.84 6778.87 6746.86 6705.56 6676.52
6485.84 6452.18 6405.93 6333.21 6264.66 6206.96 6153.89 6137.14 6118.99 6106 6109.31 6118.96 6153.69 6179 6167.53 6163.03 6152.78 6180.38 6197.03 6186.02 6162.44 6143.72 6136.44 6147.3 6161.29 6150.83 6160.3 6188.17 6238.79 6281.7 6322.9 6330.21 6364.04 6398.56 6416.37 6429.19 6439.68 6453.26 6503.43 6555.51 6586.79 6578.93 6527.23 6467.73 6471.41 6518 6476.62 6447.83 6444.42 6434.73 6440.71 6450.75 6464.68 6488.3 6525.32 6525 6540.49 6562.77 6604.61 6654.08 6710.84 6737.08 6762.82 6763.41 6753.42 6712.51 6691.82
6519.66 6475.7 6399.07 6328.21 6259.62 6198.23 6150.87 6145.98 6151.35 6151.09 6152.39 6150.05 6140.77 6128.95 6140.19 6143.87 6150.76 6206.14 6266.56 6234.15 6196.02 6166.3 6141.45 6138.36 6161.02 6183.26 6199.21 6255.58 6268.05 6271.18 6282.22 6291.76 6291.23 6340.59 6377.78 6404.42 6434.25 6468.09 6531.18 6568.3 6531.1 6526.74 6464.1 6363.27 6368.79 6399.48 6407 6407.49 6405.94 6404.63 6403.59 6411.4 6420.75 6431.34 6454.86 6493.19 6518.71 6555.72 6594.46 6635.32 6675.73 6690.06 6706.02 6710.94 6712.84 6729.08 6715.64
6669.23 6548.27 6448.17 6353.49 6273.54 6200.98 6142.54 6137.74 6134.54 6129.65 6126.06 6121.8 6117.35 6118.71 6124.36 6128.83 6139.51 6191.9 6276.64 6256.13 6221.27 6185.32 6159.92 6148.51 6150.46 6172.07 6228.57 6287.2 6273.36 6262.84 6276.68 6315.97 6316.75 6325.91 6355.55 6384.47 6415.48 6426.54 6463.9 6487.32 6423.77 6394.98 6355.99 6336.26 6327.1 6317.28 6339.36 6351.81 6345.6 6347.04 6366.29 6373.44 6384.87 6394.12 6424.06 6481.88 6518.48 6545.67 6580.56 6610.94 6627.05 6640.23 6647.76 6657.2 6672.99 6708.74 6755.13
6654.68 6534.34 6429.87 6338.21 6258.64 6190.22 6132.29 6121.43 6118.39 6114.82 6111.34 6107.22 6103.13 6100.98 6113.53 6120.61 6128.67 6197.67 6271.29 6252.53 6229.97 6195.31 6178.04 6162.17 6163.24 6187.34 6218.04 6257.07 6279.71 6249.36 6301.39 6332.91 6335.83 6332.95 6348.9 6363.76 6372 6372.46 6377.62 6396.05 6378.86 6361.74 6334.53 6320.27 6323.26 6305.79 6309.13 6315.61 6311.62 6310.25 6333.65 6345.7 6360.12 6378 6419.79 6470.69 6488.52 6526.08 6560.56 6592.74 6626.76 6645.08 6629.91 6626.26 6637.91 6654.94 6688.39
6522.39 6474.07 6396.23 6313.94 6242.21 6179.47 6120.35 6109.81 6109.23 6107.21 6104.25 6099.07 6094.97 6093.85 6104.56 6108.98 6111.99 6179.56 6226.19 6223.76 6216.81 6195.17 6179.37 6174.65 6198.55 6222.59 6268.36 6313.17 6330.4 6339.1 6337.58 6361.98 6358.21 6350.79 6351.51 6351.86 6348.59 6352.88 6357.25 6369.38 6376.69 6366.82 6318.29 6314.69 6345.56 6330.14 6311.11 6306.81 6304.96 6310.87 6318.08 6330.99 6345.39 6375.01 6423.31 6478.34 6486.64 6518.57 6551.22 6577.99 6600.18 6608.44 6599.8 6606.63 6622.47 6662.57 6716.42
6484.08 6383.67 6317.2 6259.49 6205.91 6157.98 6114.58 6094.9 6104.87 6104.71 6103.03 6098.24 6091.33 6088.26 6094.71 6098.31 6101.76 6140.46 6163.88 6178.13 6186.07 6176.21 6193.44 6202.33 6228.36 6274.12 6302.36 6342.74 6370.62 6390.9 6399.6 6393.92 6379.37 6367.35 6358.92 6348.53 6342.75 6347.89 6358.19 6368.34 6360.59 6342.17 6285.85 6279.03 6351.35 6348.22 6319.23 6310.05 6303.72 6305.83 6309.92 6322.11 6336.37 6349.9 6415.61 6482.67 6501.93 6528.64 6548.4 6565.71 6575.58 6578.88 6586.82 6593.48 6610.03 6634.51 6692.71
6363.32 6285.13 6243.8 6206.85 6170.07 6139.04 6113.64 6097.16 6102.62 6103.58 6103.7 6102.14 6095.33 6085.71 6092.58 6101.77 6104.01 6101.67 6120.2 6137.97 6148.13 6165.96 6214.59 6256.29 6278.87 6306.72 6337.55 6371.43 6410.35 6447.46 6460.8 6448.4 6413.64 6394.63 6375.78 6356.03 6335.81 6346.73 6355.26 6381.3 6342.08 6314.24 6290.59 6286.02 6305.8 6318.78 6322.21 6311.02 6301.49 6291.44 6304.1 6322.2 6348.04 6386.44 6442.11 6540.51 6549.37 6548.71 6554.61 6560.54 6562.69 6566.41 6580.28 6591.98 6603.8 6621.28 6664.38
6258.89 6217.33 6194.03 6172.82 6149.91 6129.09 6112.84 6097.64 6099.33 6099.64 6102.14 6106.4 6110.74 6095.42 6089.57 6100.78 6107.65 6104.81 6110.81 6117.06 6116.36 6146.29 6247.86 6318.9 6315.57 6356.71 6361.87 6375.45 6439.16 6550.77 6540.11 6513.15 6468.78 6424.63 6404.29 6376.77 6354.28 6350.11 6339.34 6336.29 6329.71 6313.16 6279.79 6289.19 6303.81 6315.75 6326.06 6309.57 6302.64 6305.92 6311.63 6318.38 6342.89 6404.65 6461.05 6523.99 6558.35 6549.91 6547.52 6549.93 6553.74 6560.28 6570.84 6575.27 6584.28 6606.03 6573.63
6175.26 6169.23 6165.94 6157.75 6140.92 6122.35 6108.93 6097.14 6092.53 6092.86 6096.59 6103.05 6113.42 6099.44 6082.2 6086.51 6096.26 6101.28 6100.25 6106.09 6132.33 6156.24 6248.26 6309.78 6330.3 6437.72 6399.82 6361.38 6469.1 6762.59 6709.62 6577.37 6510.18 6473.83 6443.94 6404.76 6366.66 6352.3 6354.38 6334.7 6301.73 6267.53 6240.71 6270.52 6317.5 6362.17 6305.86 6300.94 6303.1 6308.17 6314.32 6318.44 6327 6353.28 6458.62 6521.46 6529.48 6537.28 6540.6 6545 6550.82 6564.07 6557.86 6549.74 6525.27 6505.87 6446.06
6178.14 6159.9 6154.45 6141.85 6130.69 6113.88 6096.37 6081.68 6080.58 6084.49 6089.49 6092.27 6094.39 6087.15 6061.44 6047.27 6086.88 6097.09 6103.88 6118.22 6137.39 6167.43 6208.99 6242.81 6284.19 6436.02 6378.73 6348.39 6404.96 6720.17 6753.01 6639.21 6579.61 6537.48 6488.34 6443.56 6403.47 6355.14 6342.4 6300.97 6268.39 6237.79 6202.03 6204.66 6277.34 6339.47 6296.14 6287 6297.13 6312.64 6324.28 6321.36 6324.46 6356.27 6429.89 6479.07 6496.33 6519.11 6542.32 6562.62 6567.37 6556.3 6551.18 6518.63 6461.91 6408.04 6357.93
6204.96 6176.55 6158.9 6146.35 6129.79 6110.69 6089.2 6066.89 6069.88 6077.94 6082.78 6083.48 6082.94 6075.17 6057.54 6063.98 6084.65 6086.49 6104.35 6131.27 6148.94 6173.86 6198.94 6217.8 6238.32 6275.72 6317.69 6357.73 6409.03 6501.67 6585.21 6659.17 6658.37 6587.03 6529.41 6457.8 6397.67 6357.81 6321.68 6285.01 6252.51 6216.37 6193.61 6177.68 6208.41 6208.18 6229.34 6258.59 6286.22 6316.24 6339.17 6340.08 6329.77 6350.39 6418.53 6429.52 6474.61 6513.79 6555.39 6593.96 6606.82 6572.6 6527.8 6466.03 6426.27 6380.37 6324.7
6232.22 6186.27 6171.04 6158.8 6144.68 6128.43 6105.66 6077.67 6075.59 6081.36 6082.57 6081.38 6081.17 6074.42 6071.05 6079.54 6086.41 6077.34 6102.58 6133.13 6159.98 6177.84 6201.58 6200.42 6234.06 6267.04 6297.29 6336.3 6410.7 6496.92 6587.04 6662.72 6701.64 6654.77 6581.72 6493.22 6426.42 6375.77 6331.11 6293.08 6254.88 6216.74 6187.86 6181.49 6184.8 6189.26 6201.51 6228.26 6269.41 6316.89 6354.49 6360.23 6349.26 6351.37 6365.43 6412.54 6447.01 6494.03 6545.53 6601.87 6655.28 6665.61 6474.89 6429.43 6395.28 6356.22 6309.61
6208.82 6194.37 6210.65 6213.06 6204.36 6178.72 6144.74 6109.04 6096.68 6097.46 6090.64 6082.49 6077.4 6078.91 6085.6 6100.08 6100.46 6091.52 6112.46 6145.58 6159.8 6176.08 6189.01 6213.99 6238.15 6257.21 6285.28 6313.95 6431.32 6563.62 6658.76 6755.84 6820.01 6739.89 6646.98 6551.61 6476.37 6430.09 6347.2 6306.2 6266.56 6223.1 6192.37 6180.32 6184.79 6193.5 6186.3 6201.85 6246.78 6302.78 6375.68 6369.2 6392.22 6379.49 6350.08 6378.47 6422.01 6467.24 6517.98 6572.15 6639.48 6619.49 6419.53 6382.67 6365.41 6333.65 6290.86
6242.03 6250.2 6293.99 6301.6 6276.65 6235.49 6189.41 6153.89 6128.39 6120.73 6105 6087.88 6082.43 6086.55 6089.71 6082.18 6095.57 6104.31 6126.41 6150.68 6164.84 6181.67 6201.18 6219.09 6238.31 6239 6245.54 6273.81 6466.15 6659.1 6761.4 6873.66 6942.54 6843.7 6725.65 6580.89 6511.2 6464.78 6413.61 6353.43 6292.76 6220.22 6200.17 6190.43 6192.72 6190.92 6177.32 6182.65 6219.86 6261.06 6291.32 6329.33 6356.58 6357.7 6339.2 6357.28 6393.31 6426.43 6456.28 6486.72 6506.91 6472.69 6373.27 6354.01 6335.18 6306.92 6270.07
6293.45 6342.61 6426.19 6371.75 6304.69 6250.99 6210.43 6180.67 6156.93 6143.51 6123.5 6104.86 6104.4 6096.23 6095.75 6092.35 6106.75 6117.25 6138.49 6164.97 6179.08 6189.65 6204.05 6222.94 6219.07 6209.73 6216.24 6307.46 6485.46 6634.49 6837.45 7015.86 6990.19 6917.03 6785.68 6651.37 6619.87 6605.73 6522.71 6442.35 6317.49 6237.69 6198.93 6208.16 6204.12 6190.8 6173 6170.76 6201.32 6230.16 6252.12 6286.04 6319.19 6327.64 6324.32 6346.13 6375.59 6387.15 6396.44 6388.89 6358.02 6338.54 6342.73 6335.8 6306.74 6283.06 6260.71
