real_craters/C207-500m.grd
DSAA
609 609
-151.9 151.9
-151.9 151.9
6019.8772786959 12198.215673011
[rows 330 to 359 of 609, columns 0 to 66 of 609]
10142.9 10116.7 10088.3 10056.8 10026.1 9987.56 9930.09 9875.82 9837.46 9775.54 9749.48 9706.91 9656.02 9600.69 9542.69 9490.08 9453.5 9420.24 9392.03 9373.87 9379.11 9366.2 9353.2 9334.55 9317.42 9306.09 9290.96 9279.26 9273.79 9272.45 9271.15 9255.54 9229.21 9200.12 9165.01 9125.08 9070.61 9019.85 8969.82 8915.39 8861.77 8809.52 8764.28 8729.06 8700.07 8645.49 8620.47 8590.83 8570.61 8565.14 8540.64 8532.93 8530.82 8532.03 8532.84 8535.92 8533.2 8534.3 8530.51 8522.6 8509.81 8502.1 8493.77 8482.89 8471.37 8460.24 8459.46
10133.3 10100.2 10072.8 10042.7 10013.5 9982.48 9951.34 9922.23 9874.24 9829.15 9773.86 9701.39 9635.09 9579.07 9538.5 9487.08 9438.72 9409.48 9396.14 9390.81 9381.78 9368.75 9358.15 9350.76 9342.15 9311.22 9288.19 9272.96 9261.81 9250.98 9237.52 9226.35 9211.52 9193.54 9168.12 9129.82 9076.23 9030.52 8977.15 8916.79 8856.5 8798.4 8744.85 8707.27 8682.94 8628.07 8601.64 8573.93 8555.29 8547.56 8538.55 8523.48 8519.99 8519.2 8521.05 8519.18 8515.47 8511 8506.97 8500.3 8493 8487.47 8482.11 8472.65 8461.75 8454.51 8452.58
10126 10094.8 10065.1 10029.2 10004.8 9981.98 9967.76 9959.5 9905.8 9845.76 9761.97 9677.43 9606.37 9546.08 9492.27 9452.5 9414.63 9388.09 9375.39 9373.94 9370.02 9361.29 9346.23 9344.29 9330.15 9290.52 9268.7 9254.97 9242.48 9228.76 9205.84 9190.6 9195.15 9188.38 9183.88 9166.97 9110.16 9049.91 8986.09 8918.79 8853.29 8784.39 8711.68 8639.28 8597.43 8581.45 8576.21 8551.42 8524.02 8492.83 8484.5 8500.39 8502.13 8501.21 8499.89 8492.7 8495.46 8494.32 8489.9 8484.42 8479.58 8475 8468.55 8462.2 8456.26 8448.55 8446.1
10111.5 10083.2 10054.6 10022 9994.64 9970.34 9949.99 9933.61 9902.44 9857.66 9758.43 9644.81 9567.58 9509.15 9459.79 9416.86 9382.54 9356.19 9338.59 9339.07 9344.96 9322.98 9307.27 9279.68 9250.69 9248.52 9240.26 9230.73 9221.4 9211.81 9201.28 9177.27 9156.6 9174.47 9201.87 9215.9 9146.7 9071.76 8996.39 8926.59 8855.85 8780.09 8697.4 8599.03 8549.83 8551.79 8556.46 8535.59 8504.82 8467.52 8463.27 8488.24 8493.87 8492.08 8487.83 8485.07 8481.58 8478.07 8476.51 8470.61 8467.21 8462.78 8457.64 8458.84 8456.99 8447.42 8441.7
10091.6 10061.9 10030.6 10001.9 9965.86 9935.53 9903.02 9878.81 9860.02 9849.07 9726.36 9585.21 9518.25 9468.74 9427.44 9386.47 9348.47 9322.58 9304.1 9313.15 9332.51 9298.26 9264.03 9239.31 9215.52 9215.95 9209.96 9204.3 9198.26 9192.95 9185.54 9154.44 9126.71 9148.53 9194.27 9240.58 9172.91 9085.95 9006.62 8932.88 8861.57 8789.81 8720.14 8654.6 8596.83 8582.77 8558.72 8534.21 8508.68 8491.4 8485.4 8497.32 8490.59 8483.81 8481.98 8478.64 8474.49 8471.37 8467 8463.75 8460.24 8457.34 8456.45 8460.26 8462.59 8450.88 8440.85
10071.6 10038.2 10003.3 9963.64 9929.32 9893.03 9852.46 9813.32 9780.42 9734.99 9632.28 9519.75 9467.07 9423.75 9385.17 9344.67 9311.15 9289 9280.19 9281.73 9291.32 9245.03 9214.43 9203.94 9213.85 9187.2 9177.52 9174.75 9171.99 9167.35 9158.96 9124.65 9090.44 9108.74 9142.24 9173.04 9134.16 9065.26 8992.24 8926.93 8862.47 8802.66 8751.84 8717.12 8649.95 8606.37 8565.69 8533.73 8510.91 8508.74 8520.74 8502.49 8477.77 8469.41 8464.53 8462.1 8460.22 8459.77 8458.13 8455.78 8453.83 8452.6 8454.08 8458.69 8462.05 8452.3 8441.02
10044.5 10009.2 9971.28 9936.6 9894.5 9854.57 9804.01 9757.83 9703.09 9625.75 9530.85 9478.88 9423.13 9375.55 9335.13 9300.49 9269.72 9246.43 9235.07 9225.22 9210.5 9182.81 9166 9153.2 9134.51 9135.26 9140.61 9145.14 9147.32 9139.76 9119.66 9093.18 9068.66 9063.5 9072.47 9083.38 9071.01 9027.63 8971.38 8916.49 8859.57 8801.96 8754.63 8719.49 8657.6 8615.89 8569.84 8531.73 8501.02 8475.79 8448.66 8440.1 8447.21 8447.75 8447.22 8446.74 8446.84 8447.12 8446.98 8447.27 8447.36 8446.91 8446.17 8453.07 8457.93 8457.13 8448.79
10027.8 9987.4 9948.27 9904.2 9856 9811.32 9754.64 9706.39 9643.67 9550.89 9471.74 9431.96 9386.33 9333.59 9288.25 9258.38 9228.79 9199.63 9168.85 9162.95 9151.36 9138.01 9123.44 9105.38 9091.1 9091.41 9103.67 9116.58 9125.79 9124.65 9101.65 9072.4 9031.17 9020.79 9028.8 9027.87 9019.05 8989.13 8944.7 8903.42 8852.74 8796.5 8738.51 8678.97 8643.84 8614.27 8568.01 8524.86 8486.59 8450.26 8428.41 8421.28 8426.37 8429.8 8433.19 8435.77 8436.33 8438.94 8441.62 8443.8 8445.17 8445.96 8447.25 8451.6 8456.88 8464.72 8458.59
10004.8 9968.8 9929.05 9884.14 9834.61 9775.35 9716.85 9639.7 9561.26 9513.39 9448.8 9421.52 9368.99 9309.5 9261.14 9227.42 9194.35 9163.57 9138.22 9114.57 9097.41 9085.11 9076.96 9064.42 9050.1 9053.3 9070.31 9087.3 9106.32 9128.91 9121.18 9069.38 9025.82 9005.31 9004.9 9004.05 8984.81 8958.83 8922.13 8889.32 8844.3 8794.36 8735.86 8673.86 8641.36 8611.92 8567.82 8522.68 8476.15 8431.6 8422.91 8418.49 8414.3 8417.82 8423.44 8429.31 8434.2 8437.24 8440.98 8444.38 8447.08 8448.74 8450.08 8455.06 8463.6 8469.09 8465.19
9980.04 9947.03 9906.32 9860.75 9812.74 9752.29 9691.52 9618.05 9553.27 9517.43 9487.98 9429.18 9372.83 9315.34 9257.48 9208.86 9165.04 9126.48 9094.96 9072.71 9054.88 9042.62 9036.79 9029.08 9025.26 9028.61 9035.23 9050.34 9069.97 9093.98 9099.08 9046.55 9004.24 8976.41 8961.89 8969.06 8953.05 8925.88 8897.39 8873.71 8838.92 8798.2 8756.16 8704.79 8656.78 8615.33 8564.82 8514.3 8469.6 8439.35 8417.74 8401.86 8402.98 8409.8 8417.09 8426.97 8433.46 8439.77 8443.96 8448.26 8451.5 8454.33 8455.87 8457.39 8460.63 8462.69 8460.04
9952.77 9917.66 9876.12 9835.73 9785.23 9735.84 9678.89 9624.52 9580.01 9530.81 9493.19 9435.64 9382.31 9333.08 9256.94 9189.4 9134.78 9091.92 9058.39 9034.04 9017.79 9006.57 9003.01 8993.46 8988.75 8988.32 8994.14 9006.4 9019.04 9020.13 9011.52 8994.26 8961.15 8935.17 8937.75 8938.52 8918.85 8895.53 8883.84 8857.18 8832.67 8806.4 8772.97 8724.45 8676.32 8617.56 8560.93 8508.61 8463.86 8431.63 8415.04 8402.19 8400.2 8405.99 8413.63 8421.36 8429.92 8436.81 8442.83 8449.8 8454.86 8459.56 8461.05 8458.35 8457.06 8458.5 8458.15
9929.73 9892.72 9853.47 9807.17 9763.59 9716.1 9668.56 9624.55 9591.28 9514.32 9438.84 9405.27 9362.47 9281.89 9223.37 9158.54 9097.88 9049.15 9015.91 8995.5 8984.74 8983.45 8963.02 8954.61 8945.45 8937.29 8945.98 8957.83 8970.39 8972.98 8966.01 8947.59 8924.66 8905.41 8900.86 8901.49 8888.6 8873.39 8863.19 8844.5 8827.17 8806.84 8794.32 8745.72 8683.37 8619.68 8557.69 8499.85 8453.9 8425.84 8410.84 8403.66 8402.16 8407.71 8411.53 8419.06 8426.74 8434.87 8441.97 8448.71 8455.3 8462.68 8463.02 8458.92 8456.8 8459.49 8459.46
9919.08 9871.99 9831.16 9780.58 9735.39 9687.62 9645.62 9599.13 9540.14 9468.01 9379.21 9309.8 9279.17 9249.6 9183.38 9118.5 9056.49 9000.08 8970.1 8955.94 8947.4 8939.71 8938.44 8919.31 8902.42 8888.99 8900.92 8910.62 8919.7 8946.28 8925.89 8902.91 8887.77 8877.43 8857.44 8858.84 8856.36 8845.12 8830.58 8831.34 8810.24 8785.72 8755.96 8718.89 8669.64 8613.33 8550.03 8485.16 8424.2 8400.33 8397.26 8399.33 8402.85 8407.67 8415.77 8421.2 8428.86 8436.32 8443.8 8450.82 8456.37 8458.9 8460.96 8459.52 8458.52 8460.21 8461.91
9913.26 9867.75 9817.11 9767.91 9715.35 9662.17 9614.56 9569.8 9521.5 9439.14 9337.93 9253.5 9214.52 9184.33 9135.39 9077.15 9017.94 8961.58 8934.57 8918.81 8908.48 8909.05 8892.27 8879.51 8871.31 8864.52 8871.71 8871.81 8862.24 8841.26 8854.45 8854.49 8847.36 8832.12 8824.89 8823.52 8821.02 8812.26 8819.29 8808.4 8791.31 8769.5 8726.55 8694.85 8659.96 8605.4 8545.52 8482.12 8406.85 8370.2 8392.88 8403.66 8407.31 8410.37 8416.71 8426.73 8432.03 8439.69 8446.89 8453.76 8459 8461.51 8462.5 8460.89 8460.73 8462.03 8464.26
9907.49 9853.65 9802.21 9742.23 9683.09 9629.87 9580.81 9530.2 9477.92 9395.09 9299.59 9214.73 9166.38 9126.36 9086.23 9037.78 8987.21 8940.4 8907.6 8886.07 8865.46 8840.88 8831.47 8836.17 8843.34 8861.64 8856.08 8843.48 8827.41 8801.69 8810.41 8813.25 8809.57 8811.35 8807.36 8792.8 8786.31 8781.35 8787.18 8787.34 8780.19 8768.25 8752.45 8699.85 8652.72 8598.58 8544.04 8495.77 8472.39 8436.41 8413.22 8402.26 8410.67 8414.52 8421.22 8430.06 8434.99 8442.97 8450.16 8457.36 8463.6 8466.71 8465.77 8462.24 8461.48 8462.56 8465.95
9905.8 9841.84 9776.59 9716.1 9655.91 9595.85 9539.97 9478.45 9412.78 9335.85 9260.95 9180.22 9159.22 9096.02 9044.99 8999.54 8957.98 8921.9 8884.05 8855.56 8832.08 8807.9 8791.2 8790.72 8803.07 8822.97 8823.29 8819.7 8813.54 8808.32 8795.57 8782.47 8769.33 8760.48 8761.54 8752.56 8748.25 8743.28 8752.11 8753.78 8757.99 8753.16 8722.56 8694.1 8645.55 8591.79 8540.55 8495.17 8458.84 8443.84 8433.72 8434.23 8415.92 8419.37 8424.13 8432.87 8439.67 8446.45 8453.36 8460.04 8467.15 8471.83 8467.5 8462.52 8461.23 8465.95 8472.03
9892.43 9822.38 9749.43 9680.2 9615.48 9547.34 9487.39 9427.51 9364.48 9301.39 9232.48 9151.85 9094.69 9047.51 9002.79 8960.18 8919.3 8882.5 8853.6 8827.22 8806.4 8788.11 8769.2 8752.64 8756.86 8756.26 8769.84 8802.38 8811.72 8795.62 8790.97 8763.76 8731.63 8705.22 8703.25 8704.33 8704.01 8712.65 8716.87 8721.8 8732.51 8747.63 8732.83 8683.53 8630.95 8578.65 8530.68 8487.93 8459.81 8439.99 8439.61 8442.53 8429.42 8428.14 8432.93 8438.35 8444.2 8449.94 8455.26 8460.44 8465.61 8469 8464.81 8460.53 8458.37 8458.71 8468.93
9865.31 9782.23 9704.53 9630.41 9561.15 9491.21 9428.34 9367.44 9310.25 9256.87 9198.64 9157.61 9064.01 9002.76 8960.67 8918.85 8882.79 8849.35 8817.11 8794.37 8776.35 8762.96 8741.76 8726.35 8716.74 8721.26 8748.73 8795.15 8855.9 8861.84 8801.96 8749.47 8701.45 8666.52 8666.91 8659.68 8658.16 8658.7 8670.91 8678.98 8690.67 8714 8721.33 8655.98 8602.85 8556.8 8515.22 8479.83 8454.76 8441.52 8437.78 8435.34 8436.15 8437.19 8439.42 8444.19 8448.78 8453.2 8456.96 8459.45 8459.43 8460.43 8459.83 8457.84 8455.3 8454.41 8461.44
9812.16 9723.24 9640.96 9565.09 9494.02 9424.63 9360.21 9300.53 9244.65 9195.67 9147.36 9103.84 9039.39 8973.91 8920.84 8873.82 8827.9 8795.86 8774.37 8756.38 8743.61 8735.45 8731.37 8701.62 8663.83 8666.07 8699.4 8745.18 8839.86 8857.73 8786.85 8728.69 8676.52 8640.05 8625.97 8612.63 8612.22 8612.12 8620.29 8621.53 8622.85 8609.23 8599.57 8595.02 8565.57 8529.77 8496.67 8466.64 8441.07 8437.32 8435.24 8435.19 8438.3 8443.41 8446.72 8449.9 8453.3 8456.64 8459.24 8460.75 8459.12 8459.23 8459.69 8457.04 8454.87 8453.92 8459.24
9734.08 9648.99 9566.14 9487.58 9416.61 9352 9286.84 9225.7 9167.2 9123.78 9069.58 9024.77 8988.73 8932.2 8877.85 8827.56 8783.82 8750.57 8727.94 8709.99 8697.41 8693.8 8689.64 8614.15 8572.35 8568.3 8574.6 8648.76 8684.34 8734.46 8739.52 8703.6 8654.99 8609.18 8558 8563.03 8566.31 8572.18 8571.17 8567.19 8560.93 8561.96 8550.14 8538.5 8521.27 8500.18 8476.6 8456.41 8440.3 8435.47 8436.75 8439.16 8443.61 8449.61 8452.71 8454.82 8457.37 8460.2 8462.86 8465.71 8468.96 8466.4 8462.64 8459.19 8457.09 8456.76 8463.84
9631.47 9550.62 9475.31 9402.23 9332.39 9264.92 9201.4 9138.59 9075.03 9013.17 8973.82 8951.05 8927.45 8878.16 8826.95 8779.99 8727.72 8700.93 8679.54 8656.77 8634.01 8612.63 8591.59 8481.73 8478.46 8505.62 8536.33 8617.48 8656.21 8702.49 8715.31 8686.23 8637.68 8581.97 8551.62 8539.73 8533.53 8533.06 8529.27 8521.05 8504.75 8475.87 8484.44 8492.88 8487.08 8474.86 8458.71 8443.16 8435.13 8436.29 8438.97 8444.24 8450.89 8457.14 8456.47 8457.78 8459.94 8462.49 8465.45 8468.7 8471.6 8470.19 8466.26 8462.88 8460.34 8460.31 8465.81
9508.09 9443.16 9373.43 9309.3 9244.72 9183.62 9122.81 9060.05 8994.77 8928.98 8893.06 8872.46 8833.12 8801.39 8772.86 8736.35 8697.69 8662.16 8632.46 8599.47 8563.76 8517.7 8447.66 8412.64 8436.41 8495.43 8565.84 8679.84 8767.62 8760.12 8731.25 8686.56 8627.6 8587.25 8558.34 8526.37 8506.42 8501.16 8495.05 8487.91 8473.11 8453.1 8456.13 8464.04 8463.25 8457.12 8444.37 8429.53 8425.61 8433.93 8440.95 8445.38 8449.59 8453.99 8457.65 8460.73 8461.87 8464.77 8467.32 8469.91 8472.67 8471.65 8469.6 8466.58 8466 8467.62 8476.82
9365.88 9321.14 9265.51 9213.63 9157.63 9101.73 9045.97 8988.82 8930.4 8879.22 8839.85 8801.29 8759.54 8748.73 8725.04 8697.42 8664.6 8629.03 8590.62 8550.17 8505.16 8453.55 8400.69 8379.2 8413.02 8502.29 8649.64 8743.77 8808.39 8796.84 8752.49 8696.28 8630.35 8570.65 8527.2 8491.54 8473.8 8471.58 8468.38 8466.94 8467.4 8467.61 8454.74 8449.58 8449.77 8446.74 8438.93 8431.3 8430.45 8437.95 8443.36 8446.81 8449.07 8454.74 8459.37 8461.61 8463.74 8465.72 8467.23 8468.86 8471.31 8471.71 8472.41 8472.17 8471.69 8473.3 8482.44
9234.26 9197.48 9164.44 9121.87 9075.33 9026.4 8975.2 8923.32 8872.06 8830.07 8796.71 8755.13 8718.9 8696.71 8679.91 8659.81 8631.6 8595.1 8554.19 8510.72 8462.66 8409.33 8369.53 8345.61 8374.27 8475.4 8591.39 8735.84 8833.38 8806.6 8755.59 8698.42 8628.36 8539.43 8474.29 8441.24 8442.87 8445.71 8444.16 8446.58 8455.55 8468.64 8445.52 8434.77 8433.58 8436.76 8438.99 8437.09 8439.64 8442.39 8444.36 8449.82 8456 8460.27 8462.34 8464.5 8466.68 8468.15 8468.92 8467.86 8468.61 8472.72 8475.51 8477.36 8479.54 8481.45 8482.37
9109.83 9094.29 9068.83 9026.71 8990.08 8948.96 8912.47 8865.03 8815.53 8767.67 8728.07 8713.84 8685.4 8651.85 8639.31 8625.81 8599.83 8563.78 8523.61 8480.29 8433.43 8385.82 8344.96 8321.73 8344.3 8445.09 8569.92 8708.69 8800.21 8769.94 8733.33 8690.62 8622.7 8513.16 8452.95 8422.94 8426.03 8427.61 8428.5 8426.56 8424.94 8421.14 8417.71 8413.76 8410.35 8418.88 8439.3 8462.36 8448.18 8438.22 8440.25 8449.93 8459.49 8459.47 8464.96 8470.47 8473.53 8472.71 8472.92 8471.49 8472.05 8475.59 8478.6 8481.46 8484.31 8487.09 8487.26
9007.05 8994.63 8974.08 8953.26 8923.15 8887.63 8847.99 8804.95 8764.38 8719.6 8681.09 8682.04 8665.72 8639.74 8614.92 8592.57 8565.44 8531.53 8493.47 8452.07 8409.34 8366.43 8324.07 8303.06 8332.37 8413.45 8516.09 8601.48 8650.99 8685.27 8686.92 8661.96 8589.84 8509.52 8463.76 8435.89 8424.97 8420.19 8420.58 8418.34 8404.61 8392.47 8393.15 8385.37 8380.37 8385.26 8409.71 8442.54 8424.88 8416.68 8423.17 8440.07 8460.25 8465.45 8468.95 8477.13 8481.37 8481.38 8479.3 8476.66 8478.68 8479.41 8481.84 8485.25 8488.41 8491.49 8490.19
8929.14 8916.29 8901.06 8878.47 8852.04 8820.12 8787.68 8755.99 8722.82 8693.22 8670.44 8658.11 8638.87 8614.6 8590 8564.82 8534.8 8504.15 8472.68 8438.55 8401.3 8360.23 8323.44 8302.98 8315.59 8382.6 8451 8485.43 8537.3 8608.49 8644.5 8648.91 8598.41 8527.2 8484.68 8454.84 8431.74 8420.44 8417.87 8417.13 8422.16 8402.56 8376.7 8357.06 8341.36 8330.12 8335.93 8353.13 8362.43 8374.12 8393.18 8418.41 8453.16 8465.03 8473.01 8486.57 8490.35 8488.2 8483.48 8476.88 8478.63 8481.39 8484.08 8486.96 8489.67 8492.51 8493.35
8866.46 8854.68 8841.59 8820.67 8800.15 8772.06 8747.57 8724.41 8695.75 8670.91 8654.23 8616.56 8608.82 8599.37 8568.87 8522.31 8497.82 8479.73 8456 8429.03 8401.35 8373.34 8341.25 8314.79 8325.5 8378.83 8411.07 8424.39 8478.49 8564.3 8627.75 8647.54 8599.23 8552.38 8510.6 8470.43 8436.11 8418.49 8405.86 8400.2 8410.07 8388.78 8350.54 8323.53 8300.03 8275.67 8250.93 8245.5 8291.62 8326.81 8356.74 8386.68 8421.57 8459.77 8489.03 8501.28 8501.14 8494.85 8486.52 8478.33 8479.43 8482.67 8485.38 8488.07 8491.18 8493.25 8498.36
8816.52 8795.27 8784 8770.74 8756.2 8734.9 8712.34 8687.44 8665.07 8645.31 8623.15 8601.73 8586.93 8578.34 8550.74 8494.28 8475.7 8462.45 8444.09 8423.83 8405.37 8390.63 8382.36 8393.33 8421.75 8417.67 8407.42 8404.12 8454.32 8544.56 8639.76 8692.96 8644.21 8604.51 8542.37 8475.42 8444.75 8418.84 8391.39 8368.16 8342.98 8331.16 8315.29 8294.25 8271.31 8239.43 8208.4 8207.14 8252.04 8292.24 8323.26 8350.17 8372.05 8420.73 8501.07 8516.19 8510.8 8500.91 8489.77 8479.34 8481.79 8484.75 8487.86 8490.82 8493.62 8496.46 8507.98
8777.07 8758.65 8740.05 8724.4 8713.19 8693.17 8679.77 8659.68 8639.92 8619.2 8593.37 8576.29 8561.87 8542.63 8546.31 8515.31 8478.04 8456.41 8438.86 8423.56 8410.62 8405.31 8410.56 8433.58 8446.84 8430.92 8403.31 8387.2 8426.27 8526.32 8648.09 8789.55 8794.66 8665.2 8573.05 8517.84 8469.77 8418.48 8373.7 8335.24 8308.25 8294.46 8285.45 8276.9 8263.36 8234.47 8200.82 8207.09 8249.62 8287.72 8313.31 8327.97 8330.26 8366.03 8510.93 8521.05 8513.49 8502.53 8493.31 8483.56 8486.37 8487.12 8489.53 8493 8496.43 8499.5 8506.95
