real_craters/C207-750m.grd
DSAA
406 406
-151.9 151.9
-151.9 151.9
6029.7679038827 12185.852985317
[rows 266 to 303 of 406, columns 252 to 335 of 406]
9188 9163 9116 9106 9100 9092 9087 9084 9025 8970 8947 8993 9050 9052 9018 9004 9020 8988 8956 8933 8903 8898 8878 8855 8827 8798 8793 8792 8795 8794 8795 8801 8824 8855 8870 8870 8862 8852 8868 8882 8876 8830 8788 8755 8722 8696 8701 8727 8719 8714 8717 8735 8745 8758 8770 8788 8799 8809 8821 8836 8847 8839 8826 8809 8795 8784 8776 8771 8772 8758 8747 8766 8800 8847 8894 8908 8841 8789 8806 8802 8809 8806 8798 8777
9104 9048 9096 9100 9093 9084 9079 9068 9003 8955 8951 8998 9039 9048 9032 9026 9049 9036 8975 8936 8897 8886 8876 8850 8816 8790 8787 8794 8794 8793 8795 8799 8815 8845 8844 8843 8858 8873 8876 8889 8873 8840 8797 8751 8702 8647 8620 8678 8676 8682 8693 8708 8722 8736 8753 8769 8788 8802 8819 8833 8829 8816 8801 8789 8778 8770 8765 8775 8774 8755 8749 8796 8839 8862 8881 8912 8872 8839 8811 8814 8800 8820 8817 8815
9042 9094 9100 9089 9080 9068 9051 9025 8974 8943 8991 9014 9027 9038 9036 9033 9041 9024 9001 8948 8914 8889 8892 8879 8820 8791 8790 8794 8801 8803 8802 8803 8808 8852 8844 8839 8842 8850 8865 8893 8880 8835 8794 8750 8699 8630 8559 8578 8623 8651 8673 8691 8707 8722 8737 8755 8767 8790 8817 8833 8819 8784 8768 8764 8760 8754 8743 8731 8743 8747 8764 8814 8844 8838 8853 8851 8824 8821 8874 8854 8830 8835 8844 8839
9036 9013 9068 9067 9054 9040 9016 8988 8945 8926 8968 8991 9015 9048 9077 9031 9022 9014 8986 8948 8908 8908 8899 8870 8831 8803 8806 8808 8814 8814 8812 8815 8824 8844 8846 8846 8849 8838 8837 8827 8829 8817 8792 8762 8726 8677 8587 8556 8598 8633 8659 8680 8697 8712 8726 8736 8752 8777 8799 8792 8748 8734 8735 8739 8748 8746 8735 8714 8712 8723 8759 8811 8832 8804 8809 8760 8737 8721 8851 8885 8872 8857 8860 8847
9088 9034 9041 9041 9027 9009 8982 8941 8921 8933 8935 8951 8980 9007 9052 9020 9005 8982 8960 8942 8923 8896 8908 8890 8847 8846 8831 8829 8828 8825 8822 8825 8833 8834 8838 8846 8856 8836 8824 8809 8805 8801 8788 8772 8757 8746 8668 8599 8612 8633 8653 8670 8685 8699 8711 8724 8737 8763 8766 8723 8663 8685 8707 8727 8735 8742 8745 8724 8681 8696 8713 8754 8780 8787 8797 8747 8747 8763 8870 8910 8912 8900 8891 8854
9073 9058 9049 9024 9005 8987 8965 8933 8919 8937 8941 8945 8941 8933 8975 9021 8999 8968 8952 8941 8924 8899 8916 8879 8874 8853 8854 8845 8831 8825 8820 8821 8830 8821 8823 8831 8836 8832 8823 8813 8803 8796 8788 8779 8769 8752 8703 8656 8639 8638 8655 8666 8679 8691 8702 8712 8720 8757 8739 8702 8657 8671 8691 8712 8725 8737 8748 8727 8681 8708 8753 8743 8762 8776 8813 8830 8807 8809 8873 8923 8933 8917 8896 8841
9035 9026 9016 9010 9003 8990 8976 8966 8967 8946 8947 8952 8920 8899 8923 8973 8973 8949 8966 8946 8925 8913 8933 8908 8887 8896 8876 8852 8835 8824 8816 8811 8804 8787 8806 8803 8804 8814 8813 8797 8792 8788 8783 8776 8769 8762 8734 8695 8676 8669 8664 8668 8680 8688 8696 8708 8713 8735 8721 8703 8690 8682 8693 8701 8712 8725 8743 8737 8725 8731 8762 8747 8742 8781 8778 8835 8850 8866 8896 8914 8932 8923 8864 8792
8982 8998 8996 9006 9002 8992 8982 8980 8973 8943 8936 8936 8911 8890 8906 8930 8945 8963 8977 8955 8938 8931 8923 8931 8896 8898 8871 8846 8831 8821 8812 8802 8794 8820 8815 8802 8781 8783 8789 8772 8780 8780 8777 8769 8760 8747 8738 8725 8708 8698 8694 8696 8697 8702 8704 8707 8712 8717 8710 8704 8700 8690 8690 8689 8692 8698 8710 8720 8722 8715 8705 8696 8713 8765 8797 8844 8858 8880 8900 8921 8928 8916 8873 8841
8947 8996 9015 9023 9009 8993 8978 8967 8955 8949 8949 8942 8902 8876 8927 8924 8934 8965 8977 8967 8952 8946 8942 8947 8916 8860 8839 8836 8826 8819 8811 8802 8793 8836 8825 8810 8787 8775 8791 8789 8783 8778 8774 8768 8758 8748 8751 8745 8738 8733 8729 8726 8720 8713 8713 8712 8713 8716 8712 8701 8692 8683 8677 8672 8667 8662 8658 8673 8686 8680 8666 8663 8679 8734 8791 8824 8848 8869 8871 8819 8873 8894 8880 8838
8936 8998 9088 9049 9015 8990 8969 8950 8932 8920 8906 8910 8880 8863 8924 8922 8926 8941 8944 8964 8953 8945 8967 8962 8899 8849 8834 8831 8823 8816 8810 8811 8823 8826 8814 8804 8789 8781 8783 8790 8785 8780 8777 8773 8767 8762 8767 8761 8756 8753 8751 8748 8745 8741 8736 8727 8720 8713 8707 8694 8678 8666 8661 8655 8645 8633 8622 8630 8643 8657 8649 8655 8673 8728 8770 8814 8839 8860 8880 8870 8888 8898 8887 8842
8942 9008 9062 9030 9003 8976 8952 8927 8899 8882 8873 8861 8860 8876 8905 8928 8948 8948 8958 8977 8956 8929 8969 8979 8865 8845 8849 8837 8823 8813 8808 8810 8812 8791 8787 8785 8779 8773 8777 8777 8778 8777 8777 8778 8780 8782 8773 8772 8772 8772 8772 8770 8768 8764 8758 8749 8733 8710 8707 8696 8670 8650 8652 8648 8637 8623 8620 8633 8645 8655 8670 8676 8702 8734 8737 8770 8795 8819 8835 8858 8896 8892 8893 8854
8962 9012 9038 9014 8991 8966 8943 8916 8882 8876 8878 8858 8856 8877 8886 8925 8956 8949 8948 8981 8963 8932 8916 8929 8852 8843 8864 8837 8816 8804 8798 8791 8779 8767 8761 8769 8777 8772 8765 8764 8765 8768 8774 8781 8787 8782 8778 8786 8792 8797 8800 8802 8803 8803 8798 8788 8770 8761 8747 8725 8692 8663 8664 8655 8639 8620 8610 8621 8636 8653 8672 8701 8725 8747 8763 8755 8757 8767 8774 8803 8840 8860 8883 8875
8987 9022 9067 9012 8972 8953 8936 8918 8909 8903 8893 8874 8860 8863 8892 8915 8931 8935 8935 8985 8959 8933 8890 8854 8811 8812 8831 8809 8792 8781 8776 8777 8766 8737 8734 8749 8764 8769 8755 8747 8749 8758 8770 8782 8793 8792 8786 8799 8809 8816 8825 8833 8839 8845 8847 8845 8846 8835 8819 8781 8738 8704 8688 8672 8653 8633 8615 8613 8620 8638 8666 8688 8715 8745 8760 8756 8755 8754 8758 8787 8825 8825 8847 8851
8997 9011 9002 8954 8956 8947 8934 8923 8914 8906 8903 8878 8879 8879 8879 8908 8942 8936 8932 8943 8934 8904 8885 8837 8798 8778 8762 8763 8759 8751 8744 8742 8734 8722 8721 8726 8733 8735 8735 8725 8736 8752 8768 8782 8787 8794 8795 8816 8828 8841 8857 8873 8890 8903 8915 8923 8931 8929 8906 8851 8789 8732 8716 8696 8674 8651 8626 8592 8604 8611 8628 8676 8703 8723 8737 8745 8753 8750 8765 8783 8787 8768 8800 8810
8998 8997 8988 8975 8964 8951 8935 8921 8913 8900 8854 8858 8875 8871 8872 8896 8918 8920 8909 8933 8919 8887 8852 8822 8796 8764 8733 8734 8731 8720 8705 8690 8691 8697 8699 8703 8700 8705 8734 8708 8720 8739 8763 8785 8806 8826 8804 8828 8843 8862 8887 8912 8937 8962 8987 9012 9037 9048 9003 8927 8847 8772 8746 8724 8699 8676 8653 8631 8604 8587 8602 8654 8684 8696 8708 8722 8719 8721 8752 8768 8776 8798 8791 8775
8974 8980 8999 9008 8983 8958 8933 8912 8894 8874 8860 8864 8879 8882 8876 8895 8923 8928 8912 8931 8929 8909 8869 8836 8792 8766 8749 8727 8711 8695 8678 8661 8664 8676 8684 8690 8697 8695 8695 8701 8708 8729 8754 8782 8811 8808 8820 8835 8862 8893 8927 8963 8998 9033 9068 9106 9155 9185 9095 8998 8904 8821 8782 8749 8717 8697 8679 8657 8606 8569 8578 8639 8662 8669 8698 8707 8700 8710 8730 8760 8774 8776 8772 8761
8932 8950 8967 9010 8985 8957 8931 8906 8879 8858 8876 8887 8885 8889 8885 8897 8924 8938 8934 8943 8936 8929 8868 8775 8747 8746 8732 8715 8698 8680 8662 8650 8651 8666 8677 8670 8666 8663 8660 8656 8683 8713 8742 8768 8773 8764 8804 8837 8874 8916 8958 9002 9045 9091 9137 9187 9239 9248 9164 9058 8955 8868 8811 8763 8722 8688 8679 8657 8609 8564 8573 8628 8650 8647 8683 8699 8687 8704 8730 8750 8770 8766 8762 8742
8906 8921 8930 8933 8959 8944 8921 8896 8872 8854 8888 8906 8864 8869 8861 8873 8921 8957 8953 8934 8916 8884 8761 8625 8714 8721 8714 8700 8691 8678 8658 8633 8642 8645 8643 8634 8621 8611 8614 8633 8663 8696 8727 8752 8756 8738 8790 8835 8884 8932 8983 9033 9087 9143 9198 9256 9305 9305 9215 9100 8984 8883 8796 8757 8713 8683 8671 8653 8627 8587 8573 8601 8642 8657 8686 8699 8698 8707 8716 8721 8735 8745 8739 8724
8897 8901 8913 8938 8944 8927 8906 8886 8871 8864 8888 8898 8887 8875 8861 8869 8912 8948 8940 8927 8883 8854 8830 8798 8748 8728 8709 8696 8693 8684 8674 8663 8647 8634 8612 8608 8602 8600 8597 8616 8643 8679 8715 8743 8739 8733 8791 8838 8892 8947 9004 9060 9119 9181 9246 9323 9408 9377 9257 9125 8993 8869 8769 8735 8692 8667 8667 8662 8655 8644 8590 8577 8609 8653 8687 8699 8704 8708 8705 8703 8710 8720 8725 8719
8875 8887 8900 8917 8924 8904 8887 8873 8864 8864 8857 8845 8854 8878 8857 8855 8885 8907 8911 8906 8867 8825 8799 8791 8745 8721 8711 8707 8699 8689 8682 8676 8654 8638 8620 8611 8597 8574 8590 8597 8622 8661 8702 8740 8762 8749 8794 8837 8888 8946 9003 9068 9132 9201 9276 9360 9450 9407 9275 9130 8987 8854 8741 8710 8673 8652 8648 8657 8668 8670 8596 8560 8576 8626 8671 8696 8706 8708 8704 8700 8709 8701 8696 8692
8870 8880 8888 8891 8888 8875 8864 8857 8852 8843 8842 8839 8838 8847 8839 8839 8863 8886 8893 8874 8819 8806 8797 8763 8724 8711 8714 8718 8704 8684 8667 8656 8651 8647 8646 8635 8613 8591 8598 8595 8612 8647 8684 8719 8752 8748 8796 8835 8886 8941 9000 9062 9129 9199 9278 9390 9458 9398 9265 9119 8973 8832 8721 8687 8654 8632 8631 8642 8662 8670 8625 8560 8545 8581 8640 8658 8671 8679 8677 8683 8684 8677 8673 8658
8877 8870 8872 8873 8849 8838 8837 8840 8847 8858 8860 8842 8840 8826 8822 8825 8848 8877 8880 8852 8799 8783 8763 8744 8706 8703 8714 8717 8697 8673 8658 8646 8643 8651 8662 8661 8637 8624 8607 8597 8605 8634 8667 8696 8714 8726 8773 8807 8851 8899 8951 9010 9074 9149 9234 9351 9431 9356 9228 9084 8944 8807 8700 8672 8644 8616 8600 8619 8643 8644 8615 8533 8494 8529 8584 8607 8622 8617 8625 8641 8646 8646 8646 8647
8853 8850 8850 8847 8808 8798 8804 8814 8827 8842 8845 8834 8815 8815 8815 8810 8832 8861 8862 8837 8808 8780 8755 8718 8685 8700 8711 8701 8684 8655 8618 8618 8629 8640 8655 8657 8633 8617 8585 8584 8594 8619 8650 8678 8695 8702 8753 8786 8826 8869 8915 8966 9024 9089 9170 9279 9344 9277 9158 9028 8901 8774 8685 8653 8640 8610 8586 8603 8624 8612 8548 8484 8452 8477 8543 8542 8568 8570 8558 8565 8610 8618 8622 8630
8822 8826 8822 8809 8772 8764 8773 8787 8803 8818 8827 8828 8823 8833 8824 8813 8828 8845 8840 8821 8820 8795 8764 8721 8678 8678 8682 8689 8679 8653 8618 8607 8611 8615 8613 8597 8565 8530 8523 8551 8573 8605 8633 8658 8665 8691 8727 8763 8799 8838 8876 8918 8961 9009 9072 9177 9268 9167 9062 8952 8839 8732 8639 8606 8593 8585 8578 8586 8593 8568 8490 8448 8433 8462 8512 8552 8559 8563 8550 8547 8575 8602 8620 8643
8818 8809 8798 8780 8754 8736 8750 8769 8787 8802 8813 8847 8858 8851 8835 8831 8835 8837 8831 8809 8800 8797 8774 8717 8681 8671 8678 8695 8696 8657 8619 8600 8596 8593 8578 8533 8503 8461 8477 8531 8568 8596 8624 8639 8645 8670 8702 8735 8769 8802 8836 8867 8898 8924 8948 8972 9026 9008 8945 8860 8769 8683 8601 8573 8564 8562 8560 8567 8562 8535 8483 8424 8405 8441 8488 8519 8542 8552 8583 8600 8595 8607 8616 8638
8812 8798 8779 8754 8721 8716 8738 8756 8774 8793 8821 8846 8865 8841 8826 8813 8812 8825 8816 8795 8767 8741 8710 8671 8675 8644 8632 8698 8714 8650 8602 8587 8586 8588 8586 8578 8532 8487 8503 8562 8567 8595 8619 8636 8635 8649 8678 8705 8734 8764 8791 8817 8838 8850 8849 8838 8851 8875 8846 8789 8718 8643 8579 8558 8575 8560 8552 8552 8554 8523 8464 8397 8374 8420 8460 8505 8531 8529 8574 8603 8608 8627 8638 8646
8806 8792 8769 8740 8707 8723 8742 8757 8768 8780 8792 8796 8805 8816 8814 8800 8797 8822 8801 8785 8743 8695 8667 8634 8607 8594 8590 8651 8673 8615 8567 8568 8573 8581 8596 8614 8582 8527 8527 8615 8610 8602 8603 8598 8606 8632 8660 8686 8714 8740 8763 8783 8798 8805 8806 8806 8800 8806 8785 8743 8688 8623 8565 8534 8540 8545 8537 8530 8523 8506 8451 8378 8355 8403 8460 8495 8508 8519 8546 8578 8617 8647 8666 8657
8812 8797 8774 8749 8733 8744 8756 8763 8768 8769 8764 8763 8774 8803 8814 8805 8802 8800 8776 8790 8761 8677 8656 8620 8591 8580 8585 8606 8610 8581 8554 8554 8560 8571 8581 8593 8587 8531 8524 8595 8594 8590 8604 8609 8601 8621 8646 8669 8692 8715 8737 8756 8773 8787 8802 8825 8796 8779 8748 8709 8662 8612 8562 8519 8513 8509 8508 8503 8495 8485 8435 8371 8336 8401 8475 8521 8507 8495 8508 8555 8602 8646 8683 8707
8821 8803 8783 8766 8755 8772 8774 8772 8769 8764 8756 8755 8768 8789 8798 8803 8811 8780 8758 8749 8715 8686 8659 8634 8619 8590 8586 8582 8561 8555 8547 8547 8552 8556 8551 8529 8480 8495 8506 8536 8551 8563 8572 8564 8588 8619 8643 8666 8685 8704 8725 8743 8763 8781 8811 8832 8800 8778 8743 8707 8671 8631 8589 8556 8533 8494 8495 8488 8456 8449 8408 8354 8338 8399 8471 8526 8545 8512 8524 8563 8607 8665 8715 8759
8820 8810 8795 8781 8777 8796 8783 8772 8765 8759 8754 8726 8763 8779 8777 8783 8780 8758 8727 8710 8690 8665 8645 8641 8635 8602 8590 8583 8572 8550 8543 8549 8553 8551 8538 8508 8492 8504 8524 8538 8549 8560 8571 8580 8595 8621 8640 8658 8676 8692 8714 8733 8752 8775 8805 8818 8806 8779 8748 8717 8685 8656 8627 8595 8563 8531 8518 8508 8483 8444 8402 8357 8352 8399 8447 8482 8518 8506 8513 8565 8614 8687 8749 8806
8827 8820 8805 8791 8783 8777 8774 8769 8763 8757 8751 8744 8771 8778 8757 8763 8756 8740 8690 8686 8691 8636 8638 8645 8638 8603 8597 8596 8585 8566 8559 8562 8565 8562 8552 8539 8528 8541 8554 8573 8592 8603 8595 8617 8615 8629 8642 8655 8670 8688 8705 8723 8742 8764 8793 8812 8798 8778 8757 8735 8711 8689 8670 8649 8600 8573 8556 8543 8516 8458 8426 8394 8383 8404 8438 8476 8493 8507 8528 8561 8627 8699 8770 8842
8823 8822 8806 8791 8776 8759 8765 8767 8763 8754 8739 8737 8767 8774 8760 8757 8759 8733 8697 8707 8712 8681 8664 8658 8645 8599 8612 8622 8609 8588 8582 8583 8585 8586 8585 8586 8589 8594 8593 8601 8616 8633 8648 8649 8636 8638 8643 8655 8668 8683 8698 8713 8729 8747 8764 8777 8778 8770 8756 8742 8726 8712 8701 8684 8651 8625 8598 8575 8558 8525 8472 8435 8417 8411 8420 8476 8496 8495 8493 8569 8645 8716 8792 8871
8805 8812 8799 8789 8781 8771 8770 8772 8766 8758 8751 8737 8728 8723 8733 8747 8758 8747 8735 8734 8726 8701 8688 8672 8653 8624 8628 8640 8622 8612 8606 8606 8610 8618 8624 8628 8666 8640 8632 8632 8630 8634 8660 8646 8637 8637 8641 8651 8663 8676 8692 8706 8720 8732 8745 8756 8760 8758 8754 8747 8737 8729 8724 8722 8706 8678 8637 8595 8582 8571 8532 8498 8457 8423 8428 8466 8489 8503 8520 8584 8654 8728 8823 8929
8787 8784 8786 8786 8787 8793 8798 8790 8778 8765 8754 8746 8734 8727 8737 8742 8746 8760 8791 8806 8761 8735 8708 8678 8654 8625 8631 8635 8636 8640 8623 8625 8635 8650 8665 8668 8664 8653 8631 8612 8612 8628 8614 8606 8618 8627 8637 8647 8661 8671 8685 8698 8710 8723 8733 8744 8744 8744 8741 8739 8732 8730 8727 8731 8731 8716 8676 8641 8611 8597 8588 8551 8490 8424 8409 8435 8485 8495 8526 8590 8666 8751 8866 9015
8787 8774 8778 8780 8784 8795 8811 8805 8797 8776 8742 8741 8743 8726 8733 8736 8748 8766 8818 8825 8778 8729 8700 8673 8654 8645 8632 8617 8614 8612 8615 8626 8645 8670 8703 8740 8708 8663 8620 8578 8569 8589 8581 8581 8604 8618 8630 8642 8654 8666 8678 8692 8704 8720 8725 8729 8732 8730 8725 8723 8722 8725 8730 8740 8755 8751 8713 8666 8623 8598 8596 8585 8506 8430 8386 8420 8471 8489 8533 8598 8680 8762 8899 9082
8800 8782 8779 8774 8771 8777 8794 8820 8821 8802 8743 8718 8755 8781 8766 8743 8758 8793 8784 8814 8771 8708 8683 8658 8641 8641 8629 8610 8583 8570 8596 8621 8649 8677 8708 8737 8719 8676 8623 8581 8574 8572 8574 8574 8589 8602 8618 8631 8645 8658 8670 8684 8699 8721 8731 8726 8720 8714 8710 8708 8712 8722 8749 8788 8828 8789 8744 8703 8643 8592 8560 8546 8492 8431 8382 8442 8504 8547 8561 8610 8693 8771 8910 9099
8814 8806 8788 8764 8749 8753 8803 8826 8830 8821 8724 8659 8714 8804 8769 8725 8737 8795 8823 8823 8757 8663 8661 8632 8626 8627 8605 8588 8575 8571 8590 8614 8637 8663 8688 8705 8706 8677 8628 8592 8588 8577 8566 8566 8578 8590 8604 8619 8633 8645 8659 8671 8687 8709 8721 8717 8709 8702 8699 8697 8698 8704 8714 8753 8792 8783 8754 8704 8646 8588 8540 8513 8478 8434 8423 8466 8522 8555 8594 8637 8699 8772 8896 9060
8805 8818 8788 8735 8705 8711 8778 8792 8780 8767 8636 8587 8645 8697 8659 8617 8637 8693 8768 8765 8712 8636 8586 8603 8619 8627 8625 8605 8599 8588 8589 8605 8625 8646 8657 8662 8669 8654 8629 8588 8586 8582 8561 8552 8561 8567 8577 8590 8603 8619 8635 8650 8667 8690 8700 8699 8694 8689 8686 8683 8684 8687 8694 8708 8743 8754 8746 8702 8654 8587 8539 8509 8482 8464 8467 8496 8536 8551 8590 8632 8719 8789 8878 8982
