real_craters/C207-750m.grd
DSAA
406 406
-151.9 151.9
-151.9 151.9
6029.7679038827 12185.852985317
[rows 266 to 303 of 406, columns 0 to 83 of 406]
8187 8144 8087 8069 8081 8059 8047 8099 8197 8325 8487 8634 8732 8841 8923 8890 8775 8706 8781 8800 8765 8709 8645 8579 8587 8604 8613 8611 8613 8653 8696 8740 8783 8828 8877 8927 8955 8966 8980 8929 8851 8857 8810 8756 8704 8639 8584 8607 8627 8671 8678 8690 8702 8730 8735 8718 8687 8655 8629 8709 8772 8800 8800 8808 8904 8800 8811 8649 8359 8145 7958 7782 7633 7518 7472 7439 7443 7442 7449 7466 7500 7546 7551 7508
8225 8182 8117 8077 8073 8050 8031 8082 8184 8310 8467 8595 8681 8766 8896 8826 8733 8712 8760 8749 8706 8632 8561 8547 8557 8581 8595 8592 8592 8621 8654 8698 8742 8781 8819 8862 8893 8891 8896 8837 8729 8722 8740 8716 8670 8608 8556 8616 8724 8740 8716 8739 8751 8741 8743 8757 8748 8725 8751 8808 8853 8899 8877 8857 8984 9057 9037 9019 8614 8297 8045 7817 7622 7504 7463 7449 7474 7506 7539 7550 7570 7640 7640 7582
8232 8207 8156 8121 8120 8084 8057 8100 8180 8267 8359 8467 8677 8930 8809 8715 8658 8646 8657 8647 8631 8580 8546 8543 8550 8572 8594 8604 8591 8602 8626 8659 8698 8729 8749 8747 8769 8794 8780 8719 8677 8689 8694 8695 8676 8628 8582 8639 8717 8743 8763 8829 8830 8814 8823 8818 8843 8930 8978 8933 8918 8919 8890 8908 9034 9137 9138 9102 8749 8414 8137 7870 7624 7512 7493 7493 7526 7561 7598 7615 7627 7621 7618 7642
8223 8218 8204 8216 8185 8145 8140 8142 8177 8228 8285 8381 8569 8711 8589 8573 8554 8568 8581 8576 8558 8526 8493 8518 8535 8562 8593 8623 8577 8579 8607 8636 8667 8691 8711 8720 8720 8721 8711 8691 8692 8678 8679 8687 8702 8710 8683 8688 8715 8752 8809 8835 8841 8831 8843 8845 8879 8963 9048 8971 8930 8902 8881 8872 8932 9172 9197 9130 8845 8541 8269 7976 7694 7564 7531 7558 7590 7617 7641 7705 7655 7619 7618 7648
8206 8212 8205 8212 8191 8171 8174 8174 8183 8206 8239 8297 8421 8480 8486 8493 8484 8506 8501 8491 8486 8473 8475 8483 8500 8532 8563 8573 8544 8554 8579 8603 8630 8657 8683 8728 8705 8679 8677 8696 8648 8644 8661 8683 8718 8765 8779 8730 8726 8752 8789 8766 8789 8807 8804 8832 8852 8852 8882 8914 8904 8892 8871 8865 8886 9045 9202 9220 9010 8768 8462 8137 7835 7630 7579 7623 7645 7669 7710 7781 7675 7637 7631 7646
8172 8171 8161 8137 8152 8163 8171 8182 8201 8211 8233 8261 8347 8416 8444 8467 8479 8424 8430 8420 8400 8403 8405 8420 8452 8492 8521 8519 8509 8532 8552 8579 8601 8620 8632 8621 8636 8634 8628 8624 8627 8614 8633 8668 8709 8754 8734 8722 8717 8727 8746 8737 8768 8798 8802 8816 8833 8842 8849 8868 8871 8880 8888 8893 8934 9010 9102 9160 9117 8965 8673 8328 7959 7729 7617 7652 7680 7704 7731 7767 7749 7689 7650 7668
8127 8121 8138 8131 8132 8156 8179 8189 8207 8224 8246 8280 8327 8383 8436 8442 8434 8408 8393 8387 8364 8343 8315 8332 8393 8453 8503 8519 8508 8527 8548 8563 8575 8590 8605 8617 8598 8589 8579 8581 8591 8584 8614 8644 8669 8689 8685 8694 8718 8746 8729 8728 8757 8787 8787 8818 8837 8855 8840 8856 8875 8900 8894 8899 8935 9008 9060 9085 9134 9096 8852 8542 8211 7906 7694 7700 7715 7732 7748 7754 7766 7743 7709 7646
8110 8108 8138 8144 8132 8152 8177 8189 8208 8229 8251 8277 8306 8331 8390 8390 8372 8349 8367 8384 8381 8306 8253 8283 8351 8415 8479 8521 8536 8530 8533 8540 8551 8562 8569 8580 8566 8557 8549 8557 8553 8567 8599 8622 8632 8611 8618 8656 8703 8753 8729 8715 8730 8763 8811 8822 8833 8856 8853 8851 8866 8882 8886 8881 8930 8979 8931 8948 9053 9114 8950 8752 8465 8164 7905 7788 7764 7778 7798 7822 7816 7795 7763 7686
8105 8097 8140 8146 8119 8141 8167 8188 8206 8230 8248 8267 8281 8286 8319 8334 8328 8332 8354 8372 8352 8280 8253 8291 8339 8381 8418 8469 8527 8509 8507 8514 8524 8532 8533 8529 8533 8532 8533 8520 8550 8568 8590 8611 8620 8594 8585 8606 8653 8683 8691 8694 8727 8753 8776 8793 8798 8801 8822 8829 8836 8858 8875 8884 8991 8908 8745 8783 8862 8929 8879 8871 8746 8399 8088 7901 7843 7854 7870 7891 7882 7840 7793 7738
8116 8112 8122 8127 8128 8137 8164 8189 8210 8227 8244 8257 8270 8273 8287 8318 8325 8319 8353 8378 8380 8363 8350 8348 8342 8357 8376 8405 8422 8448 8465 8480 8496 8509 8519 8521 8514 8511 8510 8517 8528 8550 8571 8592 8609 8625 8521 8543 8599 8659 8683 8705 8713 8730 8751 8762 8758 8757 8773 8794 8818 8838 8844 8889 8889 8731 8648 8627 8638 8617 8660 8742 8840 8484 8150 8019 7963 7944 7940 7960 7927 7871 7815 7766
8132 8140 8132 8133 8157 8160 8179 8197 8213 8226 8236 8244 8255 8262 8284 8297 8318 8337 8358 8390 8423 8406 8377 8349 8338 8343 8352 8366 8385 8400 8425 8450 8471 8489 8503 8506 8495 8491 8487 8499 8505 8519 8546 8569 8557 8393 8399 8483 8551 8603 8638 8685 8686 8697 8710 8718 8724 8726 8731 8764 8794 8782 8747 8713 8543 8493 8469 8484 8485 8460 8479 8520 8632 8490 8210 8141 8097 8024 7999 7977 7939 7888 7841 7794
8139 8118 8095 8128 8152 8190 8201 8209 8218 8225 8230 8230 8233 8264 8282 8288 8306 8326 8353 8383 8409 8410 8388 8342 8333 8338 8351 8343 8337 8354 8391 8422 8449 8470 8485 8490 8480 8477 8480 8486 8487 8491 8523 8552 8559 8408 8408 8469 8530 8582 8612 8634 8644 8662 8678 8691 8698 8709 8727 8752 8775 8730 8607 8474 8346 8347 8377 8397 8408 8409 8403 8390 8473 8512 8383 8211 8108 8073 8049 8027 7968 7916 7841 7788
8152 8140 8146 8152 8182 8208 8216 8219 8224 8230 8236 8241 8252 8292 8315 8312 8292 8312 8342 8368 8387 8390 8376 8338 8334 8336 8335 8332 8325 8338 8370 8403 8432 8455 8472 8476 8467 8462 8458 8464 8472 8478 8509 8538 8557 8550 8484 8491 8527 8565 8590 8603 8619 8636 8651 8662 8672 8694 8721 8751 8784 8679 8482 8308 8286 8290 8330 8341 8352 8380 8391 8358 8389 8391 8338 8230 8141 8124 8090 8047 8010 8001 7938 7890
8168 8170 8169 8186 8207 8222 8227 8230 8234 8239 8245 8257 8285 8301 8303 8296 8284 8305 8331 8355 8372 8382 8380 8360 8344 8340 8337 8333 8327 8333 8366 8396 8423 8445 8457 8466 8464 8455 8453 8455 8467 8489 8507 8521 8522 8524 8518 8522 8538 8556 8570 8583 8603 8617 8630 8646 8647 8688 8736 8760 8751 8577 8387 8251 8243 8251 8236 8238 8265 8316 8362 8338 8316 8272 8246 8219 8218 8225 8224 8156 8135 8166 8172 8027
8182 8193 8209 8211 8222 8231 8235 8239 8242 8246 8253 8260 8264 8273 8280 8281 8293 8305 8320 8340 8361 8382 8390 8367 8355 8355 8353 8347 8344 8352 8376 8400 8421 8439 8453 8459 8460 8458 8459 8461 8469 8488 8504 8514 8517 8523 8534 8542 8550 8560 8565 8575 8592 8605 8614 8618 8637 8698 8779 8763 8546 8420 8303 8219 8181 8166 8123 8119 8150 8195 8252 8324 8301 8250 8220 8202 8183 8278 8444 8436 8312 8308 8306 8159
8187 8200 8214 8219 8226 8230 8238 8245 8249 8255 8261 8265 8269 8270 8268 8287 8305 8306 8313 8325 8346 8382 8396 8384 8375 8368 8364 8364 8372 8390 8398 8409 8423 8435 8446 8455 8461 8465 8469 8484 8482 8488 8503 8518 8530 8536 8541 8549 8556 8564 8572 8577 8589 8603 8615 8626 8651 8694 8705 8604 8375 8274 8197 8135 8086 8041 8017 8006 8026 8070 8164 8348 8339 8279 8221 8192 8206 8241 8311 8424 8448 8394 8314 8314
8187 8197 8209 8221 8232 8238 8246 8253 8260 8266 8272 8275 8280 8279 8273 8290 8302 8304 8306 8306 8309 8321 8357 8372 8385 8372 8370 8377 8390 8407 8412 8418 8427 8440 8452 8456 8466 8479 8489 8499 8500 8503 8516 8529 8537 8540 8544 8550 8556 8561 8571 8582 8589 8616 8646 8667 8743 8683 8569 8405 8223 8173 8123 8070 8021 7988 7926 7902 7911 7938 8029 8182 8270 8258 8159 8133 8179 8190 8229 8366 8512 8509 8515 8593
8183 8189 8207 8227 8238 8245 8253 8261 8268 8273 8278 8284 8287 8284 8272 8289 8294 8293 8286 8281 8271 8263 8288 8349 8380 8371 8373 8386 8399 8412 8420 8424 8428 8435 8446 8454 8467 8485 8500 8512 8514 8525 8537 8543 8552 8545 8547 8551 8556 8563 8570 8576 8579 8635 8700 8771 8824 8658 8461 8270 8170 8107 8067 8013 7964 7885 7849 7834 7813 7794 7780 7868 7947 7945 7980 8000 8020 8049 8082 8191 8318 8393 8454 8520
8182 8189 8224 8244 8247 8259 8265 8271 8276 8281 8286 8291 8297 8302 8295 8292 8283 8280 8283 8282 8273 8253 8304 8357 8383 8378 8382 8394 8409 8423 8430 8429 8426 8419 8430 8448 8462 8477 8488 8507 8515 8527 8543 8546 8546 8543 8547 8551 8557 8564 8572 8575 8590 8642 8709 8800 8797 8557 8363 8221 8116 8035 7983 7933 7883 7803 7781 7764 7745 7693 7625 7673 7740 7753 7818 7843 7849 7865 7897 7960 8052 8080 8142 8190
8186 8187 8224 8250 8257 8271 8277 8281 8286 8291 8294 8297 8302 8306 8302 8299 8269 8276 8283 8293 8318 8352 8375 8374 8376 8380 8388 8399 8411 8426 8432 8432 8428 8420 8429 8444 8456 8463 8483 8498 8506 8516 8535 8533 8528 8537 8543 8549 8554 8562 8570 8577 8598 8633 8656 8659 8501 8353 8207 8079 7988 7936 7880 7846 7806 7748 7735 7747 7709 7648 7603 7623 7711 7709 7725 7733 7713 7689 7688 7742 7754 7770 7860 7923
8200 8212 8239 8263 8277 8282 8287 8290 8294 8298 8303 8303 8304 8313 8301 8274 8277 8280 8287 8296 8309 8325 8343 8360 8360 8379 8385 8396 8407 8418 8429 8438 8441 8442 8440 8445 8458 8477 8494 8488 8493 8505 8509 8519 8531 8535 8542 8549 8554 8557 8572 8589 8611 8631 8578 8462 8244 8170 8054 7925 7882 7849 7812 7777 7740 7702 7695 7706 7671 7621 7575 7599 7701 7692 7685 7667 7646 7637 7633 7635 7617 7616 7687 7755
8215 8238 8260 8281 8285 8296 8296 8295 8299 8304 8310 8315 8315 8309 8289 8279 8278 8285 8293 8301 8304 8311 8325 8339 8351 8369 8378 8388 8402 8421 8437 8440 8450 8463 8449 8440 8440 8454 8450 8464 8477 8486 8491 8503 8514 8529 8541 8542 8554 8574 8582 8593 8698 8655 8504 8360 8207 8096 7991 7909 7832 7784 7752 7730 7702 7684 7671 7644 7618 7598 7560 7565 7702 7679 7649 7622 7602 7609 7648 7611 7584 7572 7602 7647
8227 8242 8269 8279 8297 8297 8294 8294 8299 8308 8317 8323 8320 8303 8283 8292 8290 8289 8300 8310 8320 8316 8312 8324 8331 8349 8366 8376 8387 8404 8429 8416 8427 8444 8436 8427 8413 8408 8421 8448 8467 8481 8491 8499 8509 8526 8533 8540 8553 8588 8629 8637 8769 8643 8385 8186 8123 8033 7965 7888 7780 7731 7706 7699 7682 7673 7664 7627 7602 7581 7518 7529 7619 7635 7606 7578 7558 7567 7600 7599 7573 7555 7560 7569
8242 8270 8286 8305 8300 8285 8276 8283 8296 8310 8321 8327 8321 8306 8292 8289 8298 8299 8308 8317 8321 8318 8313 8312 8322 8344 8359 8364 8364 8361 8344 8364 8382 8396 8409 8414 8412 8405 8423 8444 8466 8485 8501 8507 8524 8546 8564 8569 8561 8616 8751 8787 8644 8430 8199 7995 7944 7941 7935 7864 7741 7703 7683 7675 7647 7653 7654 7607 7560 7553 7495 7540 7564 7560 7552 7538 7528 7569 7616 7583 7562 7538 7533 7528
8248 8279 8295 8313 8309 8280 8263 8279 8293 8310 8324 8336 8332 8316 8297 8302 8319 8316 8318 8322 8324 8318 8311 8316 8329 8357 8357 8354 8348 8334 8316 8328 8340 8359 8387 8406 8428 8434 8439 8446 8466 8488 8510 8534 8562 8593 8618 8626 8606 8657 8781 8543 8359 8161 8033 7919 7900 7899 7885 7837 7734 7690 7668 7650 7625 7640 7636 7590 7551 7506 7444 7460 7472 7489 7498 7499 7499 7503 7520 7534 7545 7533 7519 7506
8229 8260 8290 8320 8326 8285 8259 8282 8302 8316 8333 8339 8341 8331 8304 8315 8333 8327 8324 8324 8322 8319 8317 8319 8342 8348 8353 8349 8340 8331 8323 8327 8336 8353 8377 8392 8396 8398 8417 8442 8463 8485 8518 8587 8610 8647 8687 8710 8694 8668 8625 8346 8135 7989 7934 7891 7872 7871 7859 7815 7714 7661 7639 7630 7636 7631 7624 7554 7480 7420 7396 7423 7425 7439 7450 7459 7473 7465 7455 7473 7491 7511 7508 7503
8215 8246 8279 8311 8319 8293 8274 8289 8312 8336 8350 8364 8356 8342 8316 8325 8328 8326 8326 8325 8322 8321 8319 8325 8349 8352 8346 8343 8341 8339 8337 8344 8354 8369 8383 8392 8396 8396 8424 8449 8472 8490 8514 8603 8649 8695 8746 8799 8831 8658 8396 8162 8021 7932 7888 7857 7842 7842 7847 7781 7687 7632 7615 7606 7609 7602 7584 7494 7382 7334 7350 7362 7408 7415 7420 7419 7409 7420 7421 7423 7426 7459 7482 7485
8232 8241 8265 8291 8299 8287 8273 8294 8322 8345 8361 8363 8366 8351 8341 8332 8323 8324 8326 8328 8327 8323 8324 8332 8342 8338 8334 8337 8343 8351 8363 8374 8382 8391 8400 8406 8407 8412 8450 8474 8491 8510 8536 8596 8688 8727 8758 8791 8812 8562 8248 8079 7956 7916 7868 7823 7792 7773 7751 7722 7666 7633 7605 7591 7576 7563 7517 7447 7366 7336 7307 7298 7373 7389 7389 7383 7377 7385 7387 7389 7389 7429 7452 7443
8196 8231 8251 8271 8288 8297 8288 8314 8317 8323 8378 8415 8382 8333 8338 8329 8319 8326 8326 8325 8323 8322 8325 8333 8329 8317 8319 8331 8346 8363 8381 8397 8406 8421 8428 8430 8436 8476 8495 8521 8544 8548 8569 8628 8746 8753 8719 8663 8570 8368 8136 8031 7974 7939 7862 7786 7730 7682 7665 7650 7623 7599 7581 7565 7552 7542 7512 7448 7354 7314 7309 7335 7361 7367 7365 7359 7356 7360 7373 7373 7376 7403 7418 7409
8213 8232 8248 8263 8291 8342 8396 8376 8288 8226 8262 8371 8378 8359 8330 8334 8321 8322 8322 8315 8316 8317 8319 8317 8309 8305 8311 8329 8352 8376 8401 8426 8456 8462 8464 8462 8461 8483 8533 8580 8623 8628 8626 8728 8824 8766 8650 8501 8334 8207 8074 8030 8009 7943 7824 7735 7676 7629 7604 7587 7562 7552 7552 7547 7538 7529 7517 7462 7361 7307 7325 7347 7344 7346 7344 7342 7345 7359 7365 7374 7377 7390 7392 7389
8220 8239 8262 8280 8293 8375 8482 8414 8213 8053 7911 8017 8318 8472 8343 8362 8332 8324 8322 8310 8312 8314 8311 8303 8300 8296 8303 8330 8363 8395 8426 8460 8495 8503 8504 8501 8498 8513 8580 8651 8711 8747 8765 8846 8900 8768 8585 8391 8227 8118 8037 8001 7984 7879 7751 7683 7633 7585 7554 7541 7516 7521 7525 7529 7522 7509 7491 7447 7388 7332 7336 7344 7336 7334 7334 7333 7342 7361 7376 7386 7395 7402 7413 7418
8224 8242 8268 8295 8322 8352 8330 8236 8102 7923 7767 7848 8133 8386 8395 8353 8332 8331 8331 8326 8320 8317 8313 8309 8306 8297 8305 8340 8385 8426 8459 8485 8519 8546 8555 8549 8541 8577 8658 8743 8824 8895 8957 9011 8967 8753 8518 8303 8152 8076 8012 7957 7897 7790 7703 7655 7613 7566 7536 7527 7513 7485 7504 7508 7499 7488 7469 7450 7415 7366 7342 7338 7333 7333 7331 7329 7340 7364 7386 7398 7405 7420 7433 7435
8224 8241 8257 8296 8331 8330 8278 8186 8045 7876 7772 7804 7948 8339 8517 8348 8325 8332 8338 8336 8329 8322 8318 8317 8318 8299 8305 8363 8418 8469 8512 8543 8579 8610 8623 8621 8637 8679 8769 8857 8943 9030 9088 9083 8963 8691 8442 8230 8104 8057 7998 7919 7835 7758 7692 7647 7610 7581 7545 7526 7523 7492 7505 7496 7481 7462 7444 7426 7397 7369 7357 7357 7347 7338 7333 7331 7344 7368 7396 7414 7425 7442 7455 7471
8233 8251 8268 8302 8333 8339 8313 8226 8095 7885 7730 7808 7978 8419 8532 8343 8318 8326 8334 8338 8330 8323 8319 8315 8300 8305 8349 8409 8472 8533 8589 8641 8676 8697 8719 8743 8763 8829 8905 8991 9079 9148 9169 9174 8837 8577 8354 8176 8075 8044 7981 7891 7802 7742 7687 7638 7600 7568 7519 7516 7512 7518 7511 7486 7461 7440 7418 7399 7393 7371 7362 7353 7350 7343 7336 7335 7337 7369 7409 7433 7449 7469 7489 7507
8253 8283 8297 8322 8338 8367 8422 8456 8244 7996 7817 7945 8123 8461 8492 8347 8316 8324 8326 8328 8323 8318 8316 8312 8287 8308 8395 8459 8528 8600 8665 8720 8769 8799 8828 8850 8902 8977 9034 9113 9204 9263 9266 9109 8717 8453 8263 8111 8040 8013 7953 7871 7796 7746 7673 7624 7584 7533 7498 7515 7527 7498 7478 7457 7440 7422 7402 7384 7377 7370 7359 7356 7345 7338 7341 7335 7342 7380 7426 7466 7477 7500 7525 7546
8290 8339 8353 8355 8352 8383 8473 8553 8369 8168 8031 8197 8419 8434 8400 8325 8314 8323 8323 8318 8310 8303 8301 8306 8261 8297 8372 8485 8586 8672 8748 8801 8853 8906 8957 9023 9094 9116 9141 9213 9284 9339 9262 8976 8600 8364 8200 8069 8008 7982 7924 7851 7775 7716 7659 7617 7583 7542 7524 7523 7524 7483 7458 7441 7420 7401 7385 7373 7376 7366 7357 7352 7346 7353 7351 7368 7366 7398 7439 7475 7500 7523 7555 7583
8343 8402 8420 8370 8363 8400 8433 8434 8401 8374 8374 8368 8448 8361 8337 8313 8308 8318 8312 8302 8290 8277 8262 8244 8239 8299 8436 8552 8644 8745 8849 8952 8978 9012 9060 9128 9162 9184 9202 9235 9314 9351 9288 9031 8654 8359 8184 8065 7992 7966 7906 7841 7777 7726 7677 7623 7590 7566 7510 7516 7525 7489 7452 7421 7407 7391 7374 7361 7358 7357 7356 7343 7324 7308 7348 7380 7390 7412 7447 7495 7512 7524 7549 7582
8299 8298 8326 8288 8308 8360 8370 8381 8402 8403 8396 8377 8353 8338 8315 8299 8302 8311 8305 8290 8273 8255 8237 8235 8248 8305 8442 8561 8679 8804 8923 9026 9062 9081 9115 9150 9178 9206 9234 9256 9306 9280 9235 9101 8771 8420 8192 8037 7970 7932 7891 7842 7791 7754 7683 7638 7601 7602 7529 7492 7478 7461 7423 7403 7391 7377 7363 7350 7339 7341 7341 7335 7325 7333 7351 7385 7400 7413 7432 7464 7491 7498 7517 7540
