real_craters/C207-500m.grd
DSAA
609 609
-151.9 151.9
-151.9 151.9
6019.8772786959 12198.215673011
[rows 270 to 299 of 609, columns 0 to 66 of 609]
8916.55 8916.19 8919.48 8970.59 9043.12 9122.5 9206.99 9294.37 9386.39 9479.81 9569.84 9645.73 9706 9748.69 9757.84 9767.03 9777.43 9784.55 9794.08 9803.66 9820.9 9838.47 9855.25 9837.38 9809.73 9850.26 9901.19 9926.65 9847.59 9743.54 9665.97 9612.17 9578.92 9558.96 9552.01 9572.19 9603.7 9659.4 9745.99 9822.52 9821.4 9833.01 9814.54 9783.39 9713.72 9638.3 9594.06 9564.14 9545.79 9532.84 9520.19 9510.45 9505.28 9517.28 9525.94 9531.49 9611.33 9704.04 9765.26 9802.31 9791.08 9742.44 9669.73 9571.32 9477.79 9388.2 9301.88
8911.22 8912.24 8915.3 8965.37 9038.89 9119.89 9207.85 9301.36 9397.52 9494.84 9589.75 9675.87 9740.9 9741.38 9748.32 9759.08 9768.31 9768.91 9776.09 9785.59 9794.73 9800.08 9794.17 9788.56 9798.86 9840.94 9894.2 9919.93 9861.65 9778.69 9715.51 9667.43 9644.23 9628 9628.45 9640.69 9674.38 9735.31 9832.65 9897.99 9864.5 9834.77 9794.03 9729.08 9667.92 9615 9580.92 9554.95 9540.23 9530.96 9522.09 9513.13 9502.4 9490.82 9473.71 9438.91 9441.24 9496.13 9516.39 9586.53 9615.28 9595.51 9537.36 9447.82 9389.47 9335.97 9274.21
8909.07 8922.32 8937.83 8977.41 9041.25 9122.24 9212.37 9306.8 9404.6 9503.04 9599.24 9690.74 9755.44 9732.78 9730.17 9732.54 9732.54 9744.61 9752 9759.52 9764.36 9764.58 9753.6 9749.44 9762.38 9792.31 9827.66 9846.52 9832.75 9780.09 9743.61 9710.85 9683.88 9671.41 9667.04 9675.64 9696.18 9732.99 9777.23 9808.2 9809.3 9797.34 9741.02 9651.82 9605.71 9581.9 9560.88 9546.07 9537.8 9531.03 9528.71 9525.18 9516.45 9497.96 9479.69 9459.61 9439.76 9408.25 9387.17 9460.82 9493.21 9485.91 9447.26 9390.44 9340.7 9297.39 9248.67
8914.59 8926.49 8937.44 8974.98 9042.86 9125.38 9216.22 9312.58 9410.55 9506.71 9597.66 9677.96 9725.32 9714.32 9709.85 9711.57 9715.42 9720.57 9727.61 9733.34 9736.96 9738.13 9740.19 9711.23 9692.1 9732.25 9769.22 9790.98 9786.51 9768.81 9744.64 9725.46 9702.03 9689.1 9681.8 9683.36 9690.63 9694.5 9685.88 9691.26 9706.33 9668.36 9603.05 9570.23 9551.62 9543.69 9541.46 9536.51 9533.2 9530.78 9534.45 9540.5 9532.99 9519.01 9511 9502 9486.27 9445.43 9420.19 9427.76 9431.57 9421.23 9389.91 9349.68 9308.59 9268.44 9227.38
8921.2 8930.63 8938.67 8970.97 9040.76 9124.56 9215.91 9309.06 9405.25 9498.69 9585.6 9656.36 9699.89 9696.55 9692.27 9693.42 9692.17 9698.54 9706.07 9711.1 9712.64 9710.37 9701.36 9678.99 9661.74 9688.87 9728.3 9746.67 9751.68 9745.73 9732.01 9721.18 9708.46 9699.11 9690.09 9681.02 9673.99 9659.58 9631.22 9623.94 9625.24 9584.38 9540.03 9535.93 9526.31 9523.65 9522.6 9522.41 9520.58 9523.38 9529.66 9542.74 9540.14 9533.99 9536.21 9543.51 9546.38 9503.82 9469.39 9435.23 9409.86 9385.67 9354.31 9319.17 9280.78 9245.15 9207.93
8933.36 8944.24 8944.8 8973.59 9040.9 9124.51 9214.61 9308.94 9403.02 9494.05 9576.86 9646.22 9692.15 9691.81 9684.89 9683.87 9680.14 9684.27 9690.92 9694.22 9692.75 9684.65 9672.52 9656.43 9641.55 9657.37 9683.81 9701.46 9713.33 9715.24 9713.4 9708.43 9698.76 9688.01 9679.14 9667.37 9655.02 9640.86 9621.08 9598.2 9582.57 9547.02 9506.51 9500.6 9526.5 9518.09 9508.92 9505.59 9503.9 9504.96 9510.36 9518 9525.77 9532.83 9544.71 9563.21 9570.44 9531.96 9496.39 9444.17 9400.84 9367.88 9336.26 9302.19 9268.4 9233.57 9198.61
8936.35 8936.95 8947.62 8974.08 9043.77 9125.38 9213.9 9305.76 9398.26 9487.75 9569.05 9638.6 9684.91 9694.9 9691.09 9687 9678.69 9680.61 9687.07 9689.16 9684.93 9671.83 9656.47 9648.08 9639.57 9638.7 9644.35 9661.65 9675.31 9683.03 9684.48 9680.99 9674.01 9664.48 9658.03 9644.4 9632.55 9621.75 9603.62 9579.28 9556.63 9530.68 9516.82 9481.94 9493.99 9495.18 9488.85 9484.41 9482.37 9481.16 9481.43 9486.08 9500.94 9517.7 9538.13 9559.16 9579.57 9543.54 9485.38 9436.19 9391.71 9356.31 9327.89 9300.2 9267.86 9235.03 9195.39
8929.75 8929.89 8954.05 8992.07 9051.34 9128.89 9213.47 9302.34 9392.8 9480.97 9563.19 9634.78 9691.09 9714.99 9711.37 9699.67 9690.12 9688.83 9691.99 9693.07 9690.38 9681.2 9668.3 9655.34 9644.11 9634.46 9628.46 9636.39 9645.15 9651.8 9651.13 9648.16 9645.69 9635.19 9628.68 9615.62 9604.71 9594.55 9586.38 9555.44 9529.58 9504.51 9486.44 9438.3 9447.04 9470.83 9471.73 9467.97 9461.51 9453.42 9446.74 9449.28 9469.6 9494.39 9516.23 9532.92 9537.13 9510.22 9458.95 9409.96 9374.23 9348.06 9323.94 9301.52 9282.71 9239.14 9198.63
8910.12 8932.71 8964.03 9003.47 9059.11 9131.15 9210.94 9297.54 9386.89 9474.84 9558.17 9632.64 9698.05 9733.71 9722.35 9711.43 9706.55 9703.66 9700.49 9701.37 9702.35 9700.5 9687.2 9667.73 9654.53 9640.81 9622 9620.55 9622.74 9624.44 9621.76 9616.99 9614.93 9604.26 9592.49 9578.9 9565.41 9551.73 9540.95 9521.84 9497.45 9467.6 9427.06 9426.96 9461.24 9461.54 9455.12 9450.51 9439.95 9427.07 9413.94 9414.4 9444.69 9472.65 9494.4 9502.43 9480.85 9439.95 9399.74 9365.53 9348.9 9334.53 9314.94 9293.93 9269.18 9232 9198.03
8917.57 8944.16 8979.55 9014.26 9063.29 9131.3 9211.46 9297.5 9386.39 9473.86 9556.91 9631.35 9690.61 9717.54 9721.84 9714.07 9708.32 9703.29 9705.38 9709.1 9712.95 9714.4 9699.52 9673.88 9649.9 9626.02 9606.8 9606.62 9605.92 9604.78 9598.72 9594.86 9586.44 9569.21 9555.91 9539.23 9522.07 9504.9 9494.88 9487.32 9474.04 9453.56 9424.32 9439.76 9463.38 9456.08 9445.44 9431.6 9417.22 9405.36 9394.95 9398.99 9428.3 9455.12 9483.45 9494.89 9481.76 9422.45 9352.3 9323.93 9334.26 9324.43 9306 9281.05 9250.22 9223.12 9194.39
8932.42 8958.33 8986.64 9009.19 9056.77 9129.78 9213.84 9301.75 9390.09 9476.92 9557.89 9629.91 9686.08 9715.74 9713.66 9714.05 9708.08 9701.4 9709.28 9715.51 9720.06 9720.8 9703.58 9675.45 9641.16 9606.1 9594.53 9596.18 9586.95 9585.29 9577.24 9572.65 9562.53 9547.97 9533.22 9515.69 9493.48 9466.03 9459.03 9462.68 9462.27 9459.61 9461.85 9466.46 9462.52 9447.67 9429.78 9412.74 9396.9 9385.17 9379.44 9391.78 9417.4 9450.24 9481.17 9506.92 9500.87 9452.15 9394.69 9371.7 9351.44 9325.47 9300.62 9278.1 9253.88 9228.92 9198.72
8936.65 8958.94 8983.74 9005.59 9052.93 9130.42 9219.66 9310.31 9399.52 9484.09 9564.24 9634.47 9692.9 9730.65 9730.93 9723.77 9717.3 9715.22 9716.45 9721.33 9725.52 9725.27 9707.5 9681.32 9646.82 9606.53 9601.39 9597.6 9583.52 9571.26 9562.28 9552.15 9541.16 9527.85 9513.5 9496.95 9477.46 9452.11 9448.66 9455.83 9462.37 9469.8 9477.78 9453.93 9441.88 9430.77 9411.97 9390.25 9366.36 9353.53 9353.82 9372.09 9407.64 9450.84 9492.88 9528.28 9536.4 9501.28 9479.38 9449.62 9367.68 9321.28 9291.98 9273.06 9264.02 9244.39 9199.97
8939.57 8958.94 8983.82 9004.82 9054.77 9138.31 9237.92 9332.23 9421.01 9504.49 9578.22 9647.4 9704.58 9749.79 9749.25 9732.76 9723.84 9722.9 9721.04 9727.71 9731.48 9722.36 9713.51 9693.11 9672.52 9661.72 9631.53 9605.72 9585.24 9569.73 9556.01 9542.4 9528.79 9515.6 9503.54 9490.85 9480.07 9467.19 9460.46 9461.13 9465.78 9469.9 9468.25 9442.66 9431.8 9415.76 9387.64 9359.07 9339.15 9324.69 9320.18 9349.01 9396.29 9449.89 9505.12 9557.84 9585 9565.74 9507.76 9404.5 9341.11 9299.11 9273.27 9257.35 9246.76 9226.31 9190.63
8941.94 8955.34 8976.8 9007.92 9061.39 9163.59 9271.57 9368.08 9454.5 9533.05 9603.11 9662.88 9714.53 9755.65 9750.62 9736.85 9725.98 9709.68 9716.96 9732.77 9744.17 9741.42 9723.7 9702.26 9683.05 9672.44 9628.04 9603.19 9583.43 9566.29 9550.57 9537.13 9523 9509.87 9497.85 9488.12 9482.34 9484.28 9470.36 9466.44 9465.18 9464.21 9454.39 9426.49 9420.98 9401.47 9368.34 9340.13 9318.12 9301.85 9293.61 9329.96 9382.93 9445.66 9510.12 9571.5 9619.18 9564.6 9470.33 9349.65 9298.4 9266.41 9248.04 9236.21 9224.83 9204.41 9176.72
8944.72 8956.95 8981.26 9030.54 9108.26 9216.83 9322.29 9414.66 9495.08 9564.82 9627.28 9680.52 9722.2 9752.51 9766.31 9757.69 9733.65 9715.62 9721.27 9739.61 9755.81 9755.68 9729.31 9701.88 9672.16 9628.84 9607.99 9592.24 9576.79 9558.83 9542.28 9527.23 9517.49 9504 9491.76 9484.25 9476.71 9461.08 9463.03 9461.96 9458.46 9453.52 9441.02 9425.79 9410.03 9379.47 9348.79 9321.15 9298.68 9284.66 9288.82 9318.67 9370.9 9432.33 9496.34 9558.48 9593.22 9530.22 9439.93 9318.06 9247.92 9222 9212.66 9211.01 9208.37 9195.59 9167.93
8952.75 8965.57 8988.27 9067.59 9183.16 9296.76 9396.27 9478.79 9551.52 9612.6 9664.69 9704.61 9732.61 9742.44 9740.01 9743.97 9741.71 9737.31 9739.08 9744.89 9754.29 9748.93 9721.8 9695.45 9669.76 9640.95 9607.45 9588.17 9571.29 9553.21 9537.71 9522.62 9510.55 9496.55 9484.88 9475.32 9472.94 9474.91 9456.15 9451.68 9446.93 9442.37 9424.84 9394.16 9375.39 9358.48 9328.47 9302.42 9279.07 9264.24 9262.71 9301.22 9353.32 9410.93 9467.82 9514.14 9507.48 9406.92 9340.09 9230.01 9181.59 9174.1 9177.6 9184.41 9190.88 9193.09 9162.15
8965.87 8982.62 9009.98 9120.47 9277.03 9397.48 9482.62 9549.84 9608.24 9661.01 9703.94 9741.11 9760.11 9765.39 9762.67 9752.94 9750.76 9755.14 9754.45 9739.4 9728.19 9718.11 9700.95 9680.35 9658.52 9638.87 9618.57 9584.91 9566.21 9549.77 9534.8 9519.89 9505.55 9492.68 9478.8 9463.77 9453.01 9446.17 9442.2 9435.99 9429.62 9423.43 9403.8 9365.22 9347.93 9331.64 9304.38 9281.88 9261.21 9247.02 9247.17 9281.35 9326.63 9375.67 9421.47 9456.83 9451.48 9306.15 9217.89 9156.84 9129.21 9133.67 9145.73 9158.57 9170.18 9172.31 9149.44
8987.73 9018.09 9075.55 9209.67 9391.22 9513.95 9573.48 9624.32 9672.55 9714.35 9749.8 9778.04 9798.2 9806.24 9801.75 9769.76 9757.13 9752.23 9744.78 9716.7 9700.63 9688.52 9675.5 9661.23 9644.61 9619.95 9591.73 9568.03 9556.52 9545.27 9533.15 9518.92 9504.39 9488.31 9471.81 9452.77 9428.58 9418.12 9422.82 9418.63 9408.98 9394.4 9374.23 9344.03 9320.42 9301.73 9280.22 9259.91 9241.09 9227.54 9232.96 9258.47 9294.07 9330.91 9361.92 9377.37 9336.3 9213.85 9133.25 9102.93 9091.63 9102.72 9118.75 9133.52 9144.32 9151.68 9132.99
9022.09 9053.35 9130.5 9272.65 9477.15 9593.9 9641.31 9687.31 9727.73 9764.33 9793.67 9820.19 9838.93 9843.59 9841.41 9798.88 9761.41 9730.35 9694.32 9686.29 9665.33 9661.2 9653.04 9639.9 9627.82 9596.27 9556.96 9550.28 9547.11 9540.47 9528.39 9515.44 9500.15 9482.64 9468.06 9451.68 9425.59 9411.49 9412.7 9405.2 9392.94 9371.93 9359.55 9322.51 9293.83 9276.1 9254.6 9234.99 9217.05 9203.83 9209.19 9229.55 9256.95 9283.23 9297.01 9297.54 9252.89 9146.66 9078.55 9061.76 9064.35 9078.32 9093.7 9108.44 9115.81 9116.83 9105.98
9085.02 9120.02 9227.2 9381.28 9515.15 9606.22 9694.97 9746.77 9784.21 9813.15 9840.19 9862.32 9877.35 9877.53 9854.5 9804.81 9765.23 9730.99 9699.13 9682.37 9671.53 9653.64 9638.54 9618.04 9595.44 9572.11 9549.93 9549.09 9549.12 9541.55 9529.76 9515.02 9499.33 9481.94 9467.74 9458.39 9454.32 9428.85 9407.81 9392.67 9380 9363.88 9328.53 9297.2 9269.41 9250.01 9228.58 9208.58 9189.36 9172.17 9179.91 9200.17 9220.51 9236.49 9241.53 9226.07 9175.47 9103 9037.07 9036.76 9048.14 9067.21 9078.36 9085.87 9088.87 9088.55 9079.18
9185.78 9251.78 9376.91 9550.69 9628.96 9701.34 9763.48 9801.77 9833.45 9859.36 9881.67 9903.7 9919.28 9924.3 9900.74 9843.11 9790.21 9750.72 9719.62 9690.18 9671.64 9658.05 9638.13 9610.17 9574.9 9569.7 9575.95 9570.53 9562.44 9552.87 9537.54 9520.78 9499.06 9478.84 9460.84 9448.68 9441.73 9415.92 9391.46 9372.4 9358.43 9340.45 9299.28 9271.17 9248.29 9219.62 9200.14 9181.43 9164.41 9148.64 9157.42 9175.67 9193.57 9204.79 9204.16 9189.86 9154.12 9104.18 9063.21 9061.03 9073.95 9066.21 9062.98 9060.47 9057.36 9050.83 9042.65
9307.1 9406.06 9529.11 9651.67 9740.09 9814.14 9831.13 9850.61 9873.33 9896.17 9917.89 9940.39 9959.86 9978.81 9987.99 9926.3 9838.61 9778.66 9725.7 9702.85 9691.98 9678.16 9659.08 9632.18 9601.87 9595.91 9594.69 9590.39 9583.89 9569.21 9551.71 9529.67 9502.15 9471.35 9445.79 9422.79 9397.89 9378.04 9359.46 9340.8 9325.28 9297.86 9255.35 9237.59 9216.75 9193.6 9171.69 9155.35 9142.35 9134.31 9140.47 9153.68 9168.12 9179.12 9178.56 9168.81 9147.99 9125.23 9122.07 9109.02 9083.47 9058.73 9038.52 9025.95 9018.6 9012.78 9002.51
9419.51 9552.02 9684.42 9723.59 9775.36 9825.75 9855.97 9876.12 9892.54 9912.37 9935.22 9958.67 9984.55 10009.9 10020.5 9979.72 9890.71 9811.56 9752.74 9727.7 9722.35 9712.06 9696.35 9676.73 9662.31 9642.99 9636.04 9626.3 9612.37 9591.31 9564.24 9540.18 9509.13 9473.79 9436.44 9395.3 9361.07 9338.61 9319.72 9299.2 9282.53 9259.28 9223.94 9204.23 9188.44 9160.07 9141.07 9124.37 9112.72 9111.75 9118.76 9134.26 9154.52 9168.56 9169.26 9155.17 9147.54 9137.7 9112.28 9105.72 9077.18 9042.62 9010.79 8990.85 8979.8 8973.58 8966.23
9492.06 9595.89 9678.36 9713.88 9764.77 9824.09 9859.07 9877.07 9891.02 9907.1 9927.35 9951.68 9977.86 10008.3 10023.9 9995.87 9913.88 9836.94 9776.67 9752.51 9757.07 9757.26 9747.75 9725.7 9704.17 9700.44 9691.52 9674.84 9657.05 9625.35 9588.88 9556.88 9515.36 9475.07 9427.67 9372.95 9326.76 9308.89 9283.39 9253.39 9224.9 9210.42 9187.19 9167.21 9152.25 9130.36 9111.64 9090.15 9078.65 9075.55 9091.85 9114.85 9147.02 9178.44 9196.84 9167.12 9169.6 9160.16 9162.77 9162.86 9089.62 9014.01 8970.34 8948.73 8937.32 8929.99 8920.35
9537.91 9607.82 9665.58 9700.41 9758.59 9825.55 9863.96 9877.74 9886.78 9897.69 9914.23 9936.24 9961.45 9985.32 9999.57 9978.07 9900.68 9854.37 9809.53 9791.82 9800.58 9806.01 9812.52 9803.45 9781.98 9775.69 9762.78 9736.11 9709.6 9666.46 9621.5 9575.08 9525.62 9476.44 9422.44 9368.08 9319.57 9291.23 9256.13 9215.1 9169.05 9140.29 9139.78 9126.64 9110.08 9099.38 9081.51 9057.38 9040.76 9038.4 9056.43 9088.87 9128.75 9181.04 9245.9 9294.25 9208.92 9152.21 9144.41 9152.34 9017.45 8934.03 8908.7 8896.22 8888.99 8883.96 8879.65
9575.16 9622.29 9653.85 9707.84 9771.01 9839.3 9866.68 9864.29 9864.62 9873.15 9886.47 9905.79 9927.8 9948.34 9963.75 9951.01 9913.12 9874.01 9845.18 9835.73 9839.71 9850.16 9873.55 9911.24 9902.13 9853.66 9835.31 9820.12 9758.3 9703.91 9649.8 9595.24 9541.12 9486.25 9429.71 9373.45 9321.64 9286.81 9243.72 9197.63 9152.62 9123.13 9115.47 9097.7 9063.26 9053.09 9048.72 9023.27 9004.03 9000.61 9018.27 9049.43 9088.96 9141.83 9210.64 9269.21 9163.22 9069.64 8990.83 8934.11 8883.76 8846.66 8844.31 8842.76 8840.49 8838.42 8836.6
9612.44 9658.25 9697.14 9753.86 9811.13 9838.79 9843.16 9827.03 9825.49 9835.31 9847.94 9864.03 9881.72 9901.07 9919.89 9939.21 9910.21 9879.47 9859.39 9860.39 9854.9 9865.96 9894.82 9922.38 9921.87 9889.43 9863.64 9818.88 9781.06 9729.22 9672.56 9612.44 9553.83 9495.8 9441.32 9385.67 9330.83 9290.5 9241.83 9195 9157.38 9141.93 9116.85 9094.83 9070.47 9049.35 9023.8 8993.83 8963.85 8959.78 8975.6 8999.59 9027.21 9058.23 9078.44 9067.38 9033.78 8953.48 8855.24 8785.86 8791.75 8791.28 8792.39 8793.7 8793.6 8793.27 8794.26
9648.72 9701.31 9759.09 9794.3 9801.14 9776.82 9763.2 9763.37 9772.45 9784.49 9798.25 9815.66 9829.58 9842.22 9854.71 9862.75 9871.51 9866.6 9838.41 9815.89 9835.37 9852.95 9879.86 9898.81 9901.64 9889.63 9872.68 9831.51 9801.4 9748.01 9683.16 9620.44 9559.75 9502.54 9450.39 9397.89 9339.33 9295.62 9242.67 9195.24 9159.51 9139.07 9118.86 9103.6 9094.91 9077.89 9024.15 8976.54 8935.1 8924.51 8935.66 8947.61 8959.04 8965.81 8969.36 8956.65 8913.98 8855.05 8785.73 8743.88 8749.55 8752.55 8754.86 8756.19 8755.06 8752.34 8750.66
9670.93 9720.28 9782.28 9783.32 9714.28 9684.65 9669.68 9693.99 9715.03 9733.51 9749.66 9763 9773.46 9783.14 9784 9778.32 9834.17 9843.96 9800.98 9777.45 9795.51 9819.28 9843.93 9862.53 9870.04 9873.31 9882.62 9886.25 9841.57 9758.95 9683.87 9618.41 9560.87 9504.24 9453.09 9406.77 9344.06 9284.04 9241.89 9191.01 9155.06 9123.16 9113 9103.99 9096.43 9078.04 9020.61 8966.93 8918.14 8904.79 8904.32 8904.22 8898.78 8882.08 8848.67 8833.43 8819.81 8787.19 8749.23 8727.3 8723.65 8723.43 8727.55 8727.11 8722.68 8715.26 8709.64
9677.25 9704.63 9718.93 9697.33 9656.58 9632.36 9624.35 9644.88 9666.24 9686.72 9700.18 9711.63 9722.8 9726.98 9728.24 9735.66 9775.6 9797.35 9759.62 9734.1 9752.25 9776.21 9799.58 9813.01 9826.14 9836.02 9853.61 9887.43 9831.04 9738.82 9665.55 9604.1 9549.68 9498.9 9447.33 9390.4 9342.2 9291.98 9235.18 9181.11 9128.19 9111.07 9106.66 9099.37 9084.99 9053.07 9014.32 8966.32 8919.43 8899.93 8887.9 8875.56 8855.1 8824.78 8785.17 8767.31 8761.49 8744.06 8720.92 8707.52 8707.15 8711.76 8709.18 8701.29 8692.56 8683.39 8675.27
