real_craters/C207-500m.grd
DSAA
609 609
-151.9 151.9
-151.9 151.9
6019.8772786959 12198.215673011
[rows 480 to 509 of 609, columns 134 to 200 of 609]
7412.28 7406.74 7400.64 7413.52 7422.24 7426.22 7424.45 7421.84 7419.41 7414.8 7411.42 7407.02 7405.37 7404.9 7409.4 7415.52 7422.8 7430.77 7439.3 7446.27 7453 7457.21 7462.6 7482.26 7494.55 7503.91 7524.15 7549.27 7575.86 7592.16 7613.21 7635.78 7657.48 7687.03 7733.66 7805.28 7875.98 7962.6 8112.11 8334.38 8530.97 8661.68 8692.73 8685.35 8670 8617.2 8556.29 8549.44 8544.33 8525.58 8504.21 8480.87 8460.96 8457.35 8458.12 8460.32 8470.83 8486.23 8501.3 8523.04 8543.55 8563.2 8583.21 8604.01 8622.77 8636.83 8638.48
7413.25 7412.24 7413.71 7417.11 7425.48 7424.82 7422.46 7419.45 7416.17 7414.27 7412.21 7411.19 7412 7411.98 7417.07 7421.96 7428 7435.46 7443.81 7451.92 7460.03 7469.48 7482.17 7496.06 7511.46 7520.93 7549.7 7575.81 7590.89 7597.02 7607.54 7627.59 7650.29 7676.36 7717.66 7803.19 7925.49 8054.9 8210.95 8410.77 8582.27 8686.6 8678.95 8663.62 8660.23 8615.05 8563.81 8561.52 8552.62 8528.57 8506.99 8481.41 8450.45 8444.65 8444.74 8440.34 8450.59 8460.48 8477.73 8493.69 8516.49 8543.69 8567.94 8589.4 8609.93 8627.4 8632.71
7417.08 7416.04 7416.81 7421.55 7422.48 7422.66 7419.9 7418.79 7417.28 7415.39 7414.98 7415.05 7416.48 7419.07 7423.65 7426.84 7433.13 7440.78 7450.35 7459.75 7469.9 7481.99 7497.46 7510.59 7525.7 7547.66 7585.79 7603.92 7600.89 7607.22 7628.51 7640.77 7658.17 7681.73 7717.42 7822.7 8003.23 8190.56 8367.34 8512.47 8612.58 8668.84 8663.09 8660.81 8647.26 8616.58 8579.92 8553.63 8543.93 8533.17 8518 8496.56 8460.58 8450.5 8445.35 8449.63 8449.9 8452.88 8463.95 8476.11 8497.5 8523.7 8548.57 8572.23 8596.64 8621.35 8647.52
7418.2 7415.45 7412.2 7410.36 7413.17 7415 7416.24 7416.17 7416.51 7416.78 7417.32 7417.99 7419.2 7419.09 7423.13 7429.2 7437.22 7446.43 7456.61 7468.4 7480.47 7492.83 7505.07 7524.7 7545.63 7574.68 7598.28 7610.26 7610.51 7617.46 7642.36 7658.5 7682.5 7715.04 7769.26 7897.69 8097.37 8325 8583.48 8599.24 8619.1 8636.64 8642.15 8647.37 8653.91 8624.27 8587.66 8555.32 8544.02 8541.35 8535.98 8527.73 8502.7 8470.97 8449.14 8430.31 8437.15 8451.49 8459.66 8465.47 8484.12 8505.39 8527.42 8550.35 8574.89 8602.02 8631.23
7419.02 7415.19 7407.86 7408.04 7405.94 7409.83 7415.08 7418.12 7419.44 7420.6 7421.38 7422.46 7422.73 7421.07 7423.45 7432.45 7442.01 7453.23 7464.98 7477.43 7490.91 7505.12 7523.27 7540.77 7560.77 7588.44 7613.54 7628.55 7629.17 7630.9 7643.23 7680.61 7719.55 7767.37 7840.66 7983.29 8176.9 8383.59 8546.97 8611.33 8609.4 8613.91 8625.92 8637.54 8653.28 8647.01 8612.66 8580.26 8561.67 8554.24 8549.98 8547.25 8520.33 8486.53 8461.21 8444.91 8447.65 8464.72 8463.43 8465.3 8474.84 8489.39 8507.24 8527.19 8547.45 8567.38 8582.63
7421.4 7419.5 7413.17 7413.33 7414.48 7416.27 7419.4 7422.17 7424.79 7426.13 7426.95 7427.06 7426.89 7424.76 7429.31 7436.78 7447.14 7460.19 7473.62 7487.46 7501.6 7516.45 7533.81 7550.52 7568.58 7592.42 7634.9 7654.09 7667.32 7673.57 7684.46 7719.5 7768.12 7830.39 7909.89 8058.93 8237.47 8417.3 8560.74 8613.84 8613.67 8611.45 8622.89 8646.08 8656.79 8629.33 8613.62 8587.76 8574.46 8562.46 8552.92 8544.99 8516.51 8489.43 8473.32 8479.37 8473.69 8466.97 8460.51 8461.9 8461.61 8471.5 8485.71 8501.66 8518.83 8533.47 8543.8
7423.19 7421.92 7422.3 7426.15 7425.06 7422.88 7424.66 7427.32 7429.83 7431.36 7432.54 7432.86 7429.93 7429.9 7431 7442.72 7455.96 7470.42 7485.04 7499.88 7514.49 7528.08 7540.39 7557.94 7582.21 7607.13 7645.92 7669.55 7692.5 7711.49 7730.34 7766.32 7821.96 7899.11 8003.2 8130.08 8284.86 8445.26 8582.99 8617.86 8569.2 8593.87 8629.43 8653.22 8650.52 8617.72 8618.98 8615.37 8585.74 8562.43 8543.6 8526.58 8498.44 8477.72 8465.7 8466.7 8463.93 8450.85 8435.18 8431.03 8438.31 8448.51 8462.76 8478.64 8494.9 8509.7 8523.84
7412.75 7415.59 7424.17 7422.52 7418.13 7424.85 7430.68 7434.06 7436.38 7439.4 7440.77 7442.08 7442.54 7440.24 7440.17 7454.81 7469.28 7484.17 7499.79 7515.06 7530.18 7544.01 7558.22 7577.85 7600.53 7627.12 7650.39 7675.57 7707.87 7737.43 7767.65 7810.08 7869.36 7949.26 8055.01 8174.23 8312.9 8455.76 8580.08 8621.08 8590.03 8602.23 8634.63 8653.6 8655.48 8642.22 8622.87 8608.88 8580.44 8553.93 8527.94 8495.24 8472.48 8456.24 8444.98 8442.12 8433 8418.36 8406.05 8403.65 8413.77 8426.42 8440.91 8456.74 8472.41 8485.54 8500.02
7401.68 7409.54 7421.2 7415.5 7412.98 7432.77 7438.08 7441.54 7444.55 7446.87 7449.95 7452.54 7454.88 7455.9 7465.28 7474.86 7485.8 7501.57 7518.56 7535.11 7550.68 7565 7577.56 7590.6 7617.59 7642.67 7645.56 7680.31 7723.29 7753.29 7800.31 7852.04 7907.37 7976.79 8072.69 8189.78 8318.96 8446.96 8558.54 8615.16 8612.61 8617.92 8637.37 8656.18 8659.97 8634.04 8608.97 8583.61 8566.54 8541.67 8515.06 8483.06 8449.57 8431.68 8420.28 8411.38 8406.83 8395.52 8386.14 8385.22 8393.76 8407.19 8422.98 8438.16 8452.69 8465.3 8478.73
7401.19 7414.43 7417.7 7418.96 7429.49 7439.83 7444.83 7448.66 7452.64 7457.03 7460.68 7464.7 7469.1 7469.61 7477.15 7488.25 7501.9 7518.53 7536.16 7553.36 7570.44 7588.12 7605.73 7627.96 7636.42 7645.2 7664.02 7701.15 7760.24 7796.84 7853.49 7900.88 7945.01 7995.33 8076.79 8196.12 8318.05 8430.52 8521.49 8576.28 8604.34 8617.85 8643.58 8683.54 8682.08 8654.93 8616.82 8585.36 8557.5 8528.73 8499.33 8456.45 8430.38 8410.44 8388.46 8388.43 8382.76 8377.27 8368.74 8366.59 8375.08 8389.9 8405.4 8421.71 8437.11 8448.84 8458.94
7408.77 7415.23 7414.93 7424.68 7435.09 7447.32 7451.58 7455.63 7460.33 7466.97 7473.88 7480.09 7485.39 7487.21 7494.41 7505.84 7521.16 7538.73 7556.76 7574.55 7593.25 7611.24 7631.75 7650.46 7654.34 7659.21 7682.11 7730.83 7810.29 7901.36 7933.19 7953.79 7984.85 8026.97 8104.33 8212.49 8323.96 8426.4 8496.83 8535.99 8578.16 8603.04 8620.61 8645.61 8640.32 8634.81 8615.38 8583.27 8548.56 8516.24 8486.95 8453.84 8423.81 8398.37 8380.07 8370.53 8359.65 8354.3 8344.9 8347.81 8359.07 8375.23 8392.32 8409.52 8425.58 8438.06 8443.24
7415.04 7416.89 7424.94 7432.32 7441.09 7451.51 7454.54 7461.08 7469.31 7476.4 7485.2 7493.84 7502.4 7507.11 7516.77 7531.86 7547.32 7563.21 7580.4 7598.22 7616.31 7633.96 7651.52 7663.71 7672.59 7680.13 7721.36 7767.33 7843.54 7926.16 7976.86 7996.79 8023.05 8061.71 8136.52 8233.77 8339.52 8436.23 8511.48 8565.74 8596.04 8607.11 8603.3 8606.49 8622.88 8616.82 8600.6 8571.4 8535.22 8502.62 8473.57 8451.59 8417.2 8387.39 8366.24 8352.39 8342.13 8331.81 8323.95 8332.87 8346.72 8363.38 8380.95 8398.04 8412.8 8427.74 8425.95
7425.61 7427.9 7432.63 7439.23 7450.3 7451.13 7455.44 7465.08 7476.21 7486.68 7497.88 7509.69 7521.52 7528.82 7539.33 7547.43 7572.9 7588.4 7605.82 7623.28 7638.58 7658.08 7674.1 7690.31 7703.19 7721.93 7755.24 7801.88 7866.73 7941.47 7995.71 8027.79 8056.06 8100.06 8171.69 8265.1 8367.76 8469.23 8550.91 8610.47 8634.07 8641.17 8635.18 8613.77 8608.45 8602.15 8587.3 8552.64 8515.53 8481.69 8451.47 8429.29 8401.11 8372.05 8352.05 8341 8330.28 8320.94 8318.95 8323.64 8338.59 8354.33 8372.25 8386.71 8397.41 8404.07 8406.02
7434.8 7439.45 7443.44 7441.45 7440.95 7449.92 7459.34 7471.54 7485.03 7500.28 7514.75 7530.43 7544.5 7558.45 7569.3 7584.55 7604.77 7616.34 7632.22 7648.69 7664.68 7679.73 7696.29 7710.97 7728.34 7755.69 7788.12 7838.42 7888.77 7953.41 8023.27 8059.39 8085.93 8115.88 8201.58 8301.81 8408.83 8507.74 8594.93 8657.78 8657.37 8654.15 8642.27 8621.02 8601.32 8579.89 8564.91 8527.22 8490.48 8458.03 8427.06 8403.33 8382.75 8356.23 8340.86 8330.52 8320.97 8314.09 8306.59 8317.92 8335.08 8352.77 8368.56 8380.03 8386.42 8389.01 8391.89
7447.32 7451.96 7452.97 7447.15 7435.43 7452.33 7464.54 7480.87 7496.1 7512.43 7528.82 7545.46 7561.72 7579.93 7598.81 7620.94 7636.69 7643.65 7657.83 7672.84 7689.37 7704.67 7718.15 7729.89 7745.69 7776.69 7823.29 7887.35 7933.47 7997.21 8065.8 8103.78 8129.89 8160.22 8243.37 8343.12 8449 8550.24 8638.07 8689.64 8675.14 8655.58 8641.13 8627.07 8598.69 8543.25 8518.6 8489.78 8461.35 8433.37 8410.13 8389.97 8369.13 8349.46 8337.55 8319.24 8315.4 8312.87 8311.71 8317.99 8335.27 8353.39 8369.73 8381.74 8389.14 8391 8387.64
7464.49 7472.6 7473.93 7465.77 7458.94 7467.8 7472.89 7493.23 7510.18 7528.08 7546.28 7564.26 7582.87 7603.03 7624.23 7647.94 7664.56 7669.75 7683.34 7700.55 7718.22 7735.41 7750.71 7760.32 7768.52 7804.58 7881.94 7947.35 8013.51 8076.17 8141.99 8160.14 8177.91 8220.13 8290.24 8386.28 8486.21 8585.57 8673.48 8722.52 8679.32 8646.96 8630.54 8621.43 8579.13 8508.57 8471.85 8453.36 8430.83 8407.49 8384.96 8370.78 8356.87 8343.02 8336.52 8321.34 8314.44 8312.3 8310.28 8317.84 8338.06 8357.63 8374.25 8386.74 8395.16 8395.67 8389.14
7473.37 7493.99 7494.75 7487.92 7483.56 7474.13 7491.29 7513.65 7531.76 7549.56 7567.14 7582.58 7600.88 7620.69 7642.29 7667.21 7684.89 7692.82 7710.78 7729.51 7751.78 7777.57 7797.11 7815.78 7841.82 7916.91 7984.42 8045.96 8090.15 8139.33 8201.39 8207.09 8213.79 8246.69 8328.76 8421.18 8518.11 8612.89 8694.45 8731.92 8679.78 8634.14 8632.32 8605.2 8552.47 8493.37 8451.94 8432.13 8408.84 8385.05 8363.16 8353.97 8347.44 8340.27 8332.13 8319.42 8315.1 8314.5 8310.88 8321.41 8340.13 8364.11 8381.87 8394.99 8397.53 8400.07 8393.71
7496.16 7507.52 7512.89 7510.22 7506.49 7504.61 7518.82 7539.13 7553.77 7568.81 7584.62 7601.58 7619.2 7636.44 7652.49 7670.94 7689.82 7707.53 7735.67 7767.89 7801.53 7825.8 7855.77 7900.13 7966.85 8030.08 8105.62 8157.67 8147.78 8179.54 8221.77 8237.57 8250.78 8289.21 8364.87 8451.2 8541.61 8627.57 8698.62 8725.94 8685.83 8660.89 8635.38 8611.65 8549.06 8492.34 8458.83 8424.43 8397.09 8370.82 8351.59 8346.34 8342.42 8334.81 8327.52 8320.07 8313.82 8314.45 8319.02 8331.44 8351.86 8373.05 8392.11 8407.88 8415.04 8412.2 8401.13
7523.35 7525.27 7533.92 7533.48 7530.84 7537.64 7554.87 7564.52 7574.44 7588.32 7603.69 7617.93 7633.19 7645.89 7651.62 7666.33 7681.44 7722.97 7755.57 7797.01 7839.97 7879.02 7919.86 7966.89 8026.6 8084.63 8166.41 8211.81 8211.7 8222.6 8247.17 8266.79 8286.69 8330.84 8400.3 8478.5 8557.68 8633.14 8694.94 8720.67 8714.1 8663.89 8630.96 8601.76 8549.17 8496.99 8454.56 8419.11 8389.15 8365.27 8347.73 8345.44 8343.03 8338.14 8322.61 8312.36 8310.21 8310.76 8325.78 8342.13 8359.54 8381.02 8403.44 8419.86 8428.33 8422.65 8409.39
7551.55 7557.18 7562.87 7558.77 7555.26 7553.01 7580.36 7590.8 7597.17 7609.66 7624.28 7637.56 7651.84 7665.88 7666.05 7682.43 7708.1 7747.38 7784.7 7835.84 7888.49 7936.77 7982.37 8025.2 8067.34 8126.09 8171.14 8198.87 8237.41 8259.55 8278.08 8302.19 8327.81 8371.48 8433.27 8501.98 8570.43 8633.54 8683.89 8698.17 8668.17 8651.51 8630.74 8602.32 8549.05 8487.38 8448.92 8415.4 8385.72 8361.86 8352.96 8350.01 8346.86 8338.63 8327.51 8316.45 8309 8309.69 8323.2 8339.66 8361.19 8386.05 8412.43 8433.2 8439.09 8433.36 8416.9
7599.07 7592.94 7585.57 7584.42 7588.21 7598.03 7606.59 7607.77 7616.27 7629.65 7645.6 7661.89 7677.15 7690.95 7682.39 7704.49 7735.94 7774.09 7819.57 7880.6 7942.63 8003.14 8061.31 8105.1 8128.79 8193.46 8225.43 8242.12 8268.64 8303.91 8333.86 8355.09 8368.8 8413.94 8469.79 8530.45 8588.3 8637.93 8666.97 8683.59 8669.05 8650.42 8633.66 8654.86 8571.85 8485.74 8441.86 8414.83 8390.31 8367.5 8361.97 8354.68 8350.63 8345.95 8328.91 8312.88 8307.18 8310.13 8318.02 8333.59 8354.17 8381.83 8412.21 8445.37 8458.13 8438.58 8419.36
7622 7620.12 7603.55 7607.8 7617.62 7633.43 7623.3 7624.14 7639.3 7654.21 7673.24 7689.33 7706.76 7706.97 7717.6 7731.61 7746.68 7803.4 7866.38 7939.13 8012.09 8080.67 8149.16 8221.17 8285.67 8302.16 8311.47 8321.42 8335.31 8358.44 8381.6 8403.13 8426.92 8462.37 8511.51 8565.77 8615.29 8656.77 8688.32 8708.3 8712.68 8701.19 8674.71 8646.85 8576.84 8478.6 8442.69 8416.96 8398.2 8387.64 8363.3 8353.84 8342.67 8344.38 8312.1 8304.36 8303.59 8305.45 8310.38 8317.15 8340.18 8363.78 8393.99 8431.08 8444.7 8427.96 8413.41
7641.57 7647.66 7625.53 7631.12 7638.12 7642.17 7639.77 7656.67 7662.17 7680.37 7703.22 7726.88 7748.11 7768.27 7766.57 7779.84 7791.18 7857.38 7934.39 8012.31 8085.97 8156.37 8229.23 8308.32 8391.48 8420.29 8389.76 8369.75 8405.35 8404.49 8427.08 8449.29 8463.81 8509.44 8560.26 8610.87 8654.26 8687.41 8717.48 8744.3 8765.33 8736.68 8693.78 8640.81 8580.31 8510.66 8454.3 8418.95 8398.56 8382.51 8359.83 8351.09 8348.88 8344.78 8319.95 8307.85 8303.15 8301.72 8304.51 8314.25 8322.6 8338.39 8357.58 8377.18 8394.2 8398.63 8397.67
7669.72 7672.74 7660.25 7659.47 7659.7 7656.96 7658.62 7646.62 7681.64 7713.64 7744.33 7773.21 7800.99 7813.42 7837.77 7865.03 7898.17 7963.95 8027.2 8096.38 8165.99 8230.65 8296.07 8359.02 8423.72 8476.12 8435.39 8399.46 8389.59 8430.44 8472.12 8501.69 8515.05 8564.15 8616.08 8665.71 8705.14 8725.78 8728.77 8768.29 8778.9 8732.36 8693.35 8644.99 8583.39 8517.33 8456.93 8417.28 8390.73 8372.75 8351.17 8347.36 8347.03 8348.1 8331.16 8312.08 8304.3 8297.33 8292.38 8293.58 8296.56 8304.35 8315.48 8326.15 8346.56 8364.87 8377.04
7686.31 7694.49 7694.41 7690.86 7688.08 7684.48 7679.81 7694.53 7720.4 7753.72 7787.98 7825.13 7844.97 7879.31 7917.31 7964.43 8036.36 8096.39 8127.8 8183.93 8248.97 8313.16 8371.31 8419.77 8459.14 8481.71 8459.05 8443.76 8438.14 8485.15 8529.05 8535.58 8573.31 8629.86 8682.31 8727.03 8770.85 8806.04 8810.56 8809.58 8780.08 8706.07 8681.27 8638.72 8578.77 8508.55 8450.71 8413.16 8376.93 8344.83 8338.96 8338.64 8332.61 8320.64 8305.16 8302.68 8301.23 8288.06 8272 8262.17 8262.05 8270.17 8279.82 8289.7 8312.59 8335.65 8355.7
7710.16 7715.46 7720.68 7724.05 7720.92 7715.75 7718.29 7743.57 7767.64 7802.09 7840.94 7882.11 7904.85 7945.74 7992.7 8043.74 8110.41 8173.24 8211.32 8273.1 8342.13 8407.23 8458.9 8494.3 8516.38 8507.79 8510.94 8481.71 8535.03 8596.17 8634.97 8653.93 8673.09 8710.74 8749.49 8791.16 8838.83 8896.71 8925.01 8865.87 8815.32 8745.97 8708.49 8654.39 8588.47 8515.89 8461.39 8423.18 8383.56 8340.15 8336.31 8330.07 8331.91 8315.05 8298.42 8285.11 8277.03 8263.14 8245.97 8231.8 8231.08 8240.41 8252.54 8267.78 8288 8311.34 8334.26
7720.26 7740.63 7757.17 7759.95 7759.53 7758.44 7762.41 7776.58 7809.35 7849.93 7896.23 7916.66 7957.73 8006.1 8057.64 8105.25 8153.14 8207.64 8283.74 8358.81 8442.42 8517.53 8574.19 8597.12 8638.5 8654.94 8675.16 8673.43 8714.1 8763.03 8772.6 8768.33 8776.3 8790.24 8821.95 8853.44 8889.37 8923.06 8936.9 8915.68 8893.26 8908.37 8819.62 8718.5 8615.4 8557.03 8509.59 8447.68 8402.32 8376.84 8342.18 8317.1 8293.95 8289.94 8275.66 8261.53 8248.53 8235.61 8221.77 8209.44 8207.53 8216.8 8230.26 8246.38 8265.78 8288.3 8311.95
7745.6 7768.43 7783.99 7793.63 7800.27 7808.89 7822.11 7835.16 7862.02 7906.6 7938.56 7982.08 8027.14 8072.69 8125.16 8173.27 8210.55 8241.27 8360.11 8452.22 8548.05 8640.11 8725.2 8787.31 8836.24 8898.92 8908.49 8908.25 8935.39 8934.76 8888.09 8874.13 8873.49 8858.96 8865.4 8898.1 8925.25 8946.79 8965.25 8978.63 8995.44 8969.53 8884.75 8787.37 8683.85 8604.44 8530.1 8468.24 8415.76 8374.52 8336.03 8310.25 8282.69 8264.92 8253.91 8238.31 8222.72 8211.79 8201.43 8193.29 8191.84 8196.67 8209.45 8228.04 8243.67 8266.88 8291.13
7795.52 7806.72 7818.73 7828.15 7840.84 7857.61 7876.11 7894.49 7921.66 7968.78 8026.05 8081.24 8107.43 8153.32 8210.1 8262.56 8317.85 8398.43 8466.96 8550.96 8649.14 8752.8 8865.19 8962.08 8991.02 9020.03 9015.21 8983.58 8933.45 8957.48 8927.71 8917.75 8904.55 8889.98 8895.08 8917.57 8949.22 8982.67 9000.21 9024.74 9035.38 8958.24 8896.14 8843.82 8765.31 8668.93 8565.86 8497.73 8427.8 8361.43 8318.7 8293.83 8281.78 8259.03 8237.73 8217.63 8202.22 8190.89 8183.84 8178.96 8176.17 8177.95 8180.42 8194.25 8219.15 8244.33 8269.16
7845.38 7848.86 7850.89 7861.06 7885.49 7909.26 7929.5 7950.28 7978.53 8034.49 8095.02 8139.77 8203.85 8249.38 8305.37 8362.71 8421.2 8476.82 8558.74 8646.79 8736.79 8831.62 8939.22 9038.35 9036.2 9030.42 9002.69 8957.61 8930.38 8920.5 8910.33 8893.93 8873.46 8890.89 8901.59 8921.36 8949.47 8982.26 8992.98 9007.81 9021.28 8991.14 8979.69 8927.71 8847.25 8769.63 8670.65 8552.67 8417.04 8350.62 8292.41 8250.31 8231.64 8238.32 8220.24 8195.35 8178.24 8171.83 8167.88 8167.59 8169.99 8164.52 8161.6 8173.86 8198.42 8223.59 8248.92
