real_craters/C207-1000m.grd
DSAA
175 175
-86.8 86.8
-86.8 86.8
4248.7304766823 7382.6332870041
[rows 90 to 119 of 175, columns 67 to 133 of 175]
4767.01 4763.67 4753.76 4743.87 4727.07 4720.72 4738.2 4765.19 4814.87 4875.77 4928.05 5003.14 5081.92 5162.52 5310.74 5564.95 5777.09 5596.96 5603.24 5676.45 5729.7 5766.94 5555.16 5621.62 5590.87 5289.19 5076.06 4996.66 4962.77 4883.94 4804.37 4746.78 4694.7 4663.66 4680.81 4666.83 4574.45 4550.75 4544.24 4548.66 4551.62 4555.72 4562.41 4570.35 4571.21 4587.69 4605.41 4614.81 4606.94 4595.76 4587.55 4598.45 4633.11 4742.69 4889.48 5053.61 5243.54 5439.71 5548.07 5741.82 6127.48 6206.59 6313.73 6622.27 6896 6793.72 6621.91
4771.54 4764.98 4754.63 4748.39 4726.88 4720.8 4733.59 4764.3 4803.28 4849.7 4898.33 4950.34 5045.28 5149 5289.76 5485.15 5572.66 5445.83 5396.75 5430.21 5479.62 5480.5 5337.59 5345.87 5418.48 5331.28 5103.27 4972.92 4893.54 4846.13 4798.9 4732.37 4689.51 4660.52 4663.53 4644.2 4574.83 4567.92 4560.59 4556.63 4554.12 4552.42 4565.8 4577.7 4587.72 4591.69 4605.04 4615.92 4609.92 4601.15 4595.61 4606.45 4648.13 4775.59 4911.37 5061.02 5240.92 5416.95 5544.31 5657.34 5939.33 6194.79 6375.35 6629.95 6845.11 6752.76 6593.57
4762.86 4730.47 4732.95 4734 4723.31 4713.61 4724.37 4750.12 4783.43 4822.06 4867.93 4911.59 4983.67 5148.92 5281.82 5414.4 5498.49 5379.14 5232.02 5229.69 5239.75 5205.34 5166.48 5205.71 5215.89 5147.83 5017.8 4909.6 4845.77 4797.65 4756.5 4713.6 4684.93 4666.94 4635.58 4616.09 4597.03 4587.69 4580.89 4570.77 4555.32 4550.57 4564.14 4574.85 4569.37 4578.35 4592.12 4604.92 4608.83 4612.53 4619.18 4638.96 4705.6 4756.94 4864.91 5042 5223.58 5398.16 5552.77 5697.33 5894.77 6192.26 6494.89 6693.06 6771.69 6682.94 6547.89
4741.48 4734.05 4733.04 4740.43 4726.05 4713.01 4715.93 4736.59 4768.07 4804.95 4844.19 4887.51 4975.75 5147.45 5273.98 5337.11 5373.44 5244.07 5083.53 5053.86 5044.28 5041.84 5022.27 4989.74 5006.81 4956.42 4909.87 4862.55 4824.06 4778.69 4733.69 4699.42 4674.47 4648.27 4622.63 4610.17 4599.39 4592.18 4590.72 4580.43 4557.61 4541.43 4547.75 4556.18 4550.6 4563.25 4573.11 4583.99 4601.85 4627.67 4649.54 4651.73 4665.94 4755.17 4883.7 5055.13 5247.16 5424.11 5552.22 5754.41 5960.03 6195.47 6463.82 6685.24 6699.93 6608.34 6517.65
4745.7 4740.67 4739.55 4750.85 4728.07 4713.99 4712.09 4718.59 4751 4787.03 4808.48 4825.51 4868.32 5152.47 5215.21 5212.57 5163.16 5087.03 4978.3 4951.63 4942.7 4918.42 4836.33 4934.23 4932.04 4864.7 4875.07 4852.8 4814.28 4771.24 4734.74 4695.41 4660.09 4622.75 4598.62 4592.11 4590.31 4587.32 4586.09 4579.96 4560.6 4541.11 4538.97 4550.22 4550.77 4557.26 4565.6 4568.55 4601.36 4642.15 4670.14 4675.57 4705.75 4778.55 4892.09 5076.99 5292.23 5512.4 5692.4 5979.19 6184.83 6384.19 6460.19 6617.6 6520.75 6610.99 6540.25
4761.21 4764.41 4760.09 4754.55 4740.98 4724.25 4708.62 4707.39 4731.12 4748.51 4755.93 4785.01 4842.95 4974.76 5063.5 5067.8 5043.11 5016.41 4931.18 4905.24 4892.61 4876.92 4897.08 4925.7 4919.11 4888.65 4868.05 4848.6 4807.69 4764.2 4709.23 4670.59 4634.42 4617.82 4577.02 4567.97 4574.27 4574.27 4571.02 4561.08 4552.88 4535.81 4527.11 4536.38 4558.56 4570.83 4578.57 4592.78 4624.26 4664.05 4699.21 4732.53 4760.83 4819.91 4901.97 5118.57 5357.33 5629.8 5977.57 6220.77 6371.97 6507.83 6499.43 6562.81 6818.42 6733.14 6577.38
4761.73 4756.92 4753.95 4756.72 4753.32 4731.21 4707.15 4701.73 4715.34 4713.28 4700.76 4744.7 4730.77 4804.5 4891.98 4938.23 4952.13 4952.01 4897.91 4869.37 4857.87 4890.47 4917.3 4910.06 4895.44 4869.38 4857.5 4820.72 4773.88 4735.93 4728.9 4628.78 4596.47 4566.29 4572.36 4542.26 4554.79 4559.67 4560.27 4555.75 4542.49 4525.97 4520.36 4535.7 4566.13 4582.38 4592.18 4621.11 4651.7 4678.76 4725.81 4772.87 4825.65 4896.93 5016.04 5186.78 5413.35 5678.28 6043.43 6270.3 6410.92 6509.2 6553.26 6568.01 6686.73 6703.94 6593.51
4774.66 4772.23 4762.99 4755.59 4753.24 4732.72 4712.07 4701.29 4705 4697.96 4679.26 4685.04 4671.12 4716.87 4784.01 4835.81 4865.23 4882.69 4895.12 4847.68 4809.5 4806.53 4933.4 4883.32 4857.84 4846.74 4829.55 4787.35 4734.25 4678.19 4635.42 4618.83 4572.57 4540.92 4542.12 4530.93 4538.57 4548.95 4555.65 4554.34 4534.89 4531.21 4536.69 4547.7 4565.61 4570.05 4596.7 4626.18 4654.1 4677.95 4750.38 4845.87 4914.14 4954.37 5063.69 5222.7 5437.63 5687.8 6045.53 6236.72 6369.23 6463.82 6509.62 6562.22 6675.24 6696.8 6592.8
4764.92 4763.64 4725.34 4741.23 4750.36 4726.35 4699.08 4686.39 4698.58 4706.37 4696.04 4673.81 4656.83 4694.03 4728.3 4762.49 4790.65 4821.77 4886.58 4801.46 4741.86 4670.49 4594.87 4852.88 4818.61 4805.55 4789.41 4746.45 4691.73 4627.59 4582.74 4592 4568.82 4536.39 4519.93 4521.61 4536.87 4549.43 4555.35 4553.37 4542.61 4545.13 4558.07 4571.17 4580.43 4589.19 4609.47 4632.55 4659.43 4692.8 4773.85 4879.03 4956.02 5023.97 5099.37 5245.42 5448.66 5681.48 6025.85 6200.56 6328.77 6403.5 6461.61 6607.61 6721.42 6688.31 6581.38
4774.8 4740.29 4717.86 4717.15 4728.01 4716.11 4693.89 4679.05 4696.06 4709.1 4713.38 4697.41 4669.54 4682.28 4704.65 4719.66 4731.01 4758.34 4846.02 4746.44 4722.54 4730.61 4796.78 4799.13 4775.6 4758.31 4737.68 4705.75 4664.96 4625.24 4599.97 4594.97 4566.94 4540.72 4531.56 4550.47 4553.28 4555.09 4558.95 4559.4 4556.36 4562.17 4575.82 4591.15 4592.41 4595.95 4629.1 4647.98 4673.7 4744.38 4794.97 4865.87 4954.85 5083.73 5171.44 5299.71 5461.7 5645.67 5967.33 6184.05 6328.81 6405.67 6482.35 6686.33 6772.39 6659.55 6560
4800.29 4767.63 4731.11 4716.84 4707.12 4710.22 4707.1 4695.36 4703.38 4711.09 4716.72 4699.74 4688.16 4693.52 4695.47 4696.43 4692.24 4685.86 4796.48 4695.42 4713.55 4756.92 4765.66 4745.26 4732.14 4715.92 4693.81 4675.88 4649.42 4623.46 4607.95 4607.89 4562.56 4529.89 4534.92 4558.76 4554 4551.15 4558.41 4567.73 4568.68 4575.17 4583.08 4597.58 4605.02 4613.88 4646.42 4670.26 4697.35 4716.31 4808.83 4886.8 4977.32 5108.42 5215.28 5344.67 5521.39 5731.16 6015.05 6220.69 6374.1 6459.8 6553.38 6772.96 6801.33 6564.56 6531.61
4852.35 4786.86 4745.81 4724.8 4719.03 4716.6 4711.88 4705.59 4701.75 4700.38 4698.16 4697.44 4690.73 4697.64 4696.26 4693.3 4685.3 4679.32 4728.35 4687.64 4700.56 4709.32 4693.01 4704.58 4704.17 4696.18 4677.64 4659.97 4639.32 4618.39 4603.52 4591.73 4554.04 4536.88 4547.7 4548.52 4529.59 4543.98 4557.2 4564.39 4576.76 4591.45 4597.77 4605.92 4611.49 4627.83 4659.76 4703.11 4742.11 4782.26 4845.97 4919.41 5009.38 5175.13 5293.11 5434.62 5598.44 5840.21 6158.77 6289.3 6410.69 6474.56 6555.98 6682.21 6727.68 6596.01 6531.23
4825.24 4795.98 4772.23 4743.09 4737.18 4729.89 4710.11 4698.18 4691.38 4684.45 4674.91 4674.06 4678.55 4694.07 4702.08 4700.03 4699.04 4696.25 4704.41 4697.76 4695.7 4692.29 4692.88 4675.22 4690.64 4679.46 4665.27 4651.79 4631.3 4606.94 4597.57 4582.96 4550 4559.09 4553.3 4543.94 4533.69 4553.94 4568.72 4583.76 4606.74 4617.69 4626.06 4633.17 4643.08 4658.62 4681.45 4738.68 4802.33 4842.97 4893.97 4959.06 5037.66 5182.46 5325.11 5475.31 5647.73 5859.49 6175.72 6325.04 6418.59 6448.95 6549.15 6633.38 6623.28 6641.81 6523.67
4824.9 4811.83 4782.38 4749.66 4738.28 4730.6 4722.6 4689.44 4681.3 4673.48 4667.04 4663.66 4676.87 4703.94 4708.26 4706.91 4706.13 4708.76 4710.4 4707.3 4700.96 4684.68 4669.53 4673.97 4663.25 4667.34 4657.69 4645.52 4625.56 4608.68 4602.8 4605.17 4567.51 4561.63 4544.59 4545.26 4549.77 4579.49 4588.6 4605.23 4635.41 4647.85 4655.77 4666.89 4679.4 4688.13 4713.01 4762.28 4826.12 4879.96 4935.78 5012.67 5091.4 5205.67 5356.99 5518.88 5694.04 5917.57 6181.84 6354.86 6455.7 6478.59 6633.91 6666.43 6599.12 6490.1 6453.96
4858.69 4843.15 4815.77 4775.51 4736.81 4720.7 4711.24 4681.88 4665.96 4666.55 4664.9 4664.85 4666.27 4689.22 4701.91 4705.63 4707.04 4708.98 4713.07 4710.75 4704.34 4705.91 4682.26 4665.31 4664.39 4660.67 4652.02 4635.56 4623.73 4619.15 4605.12 4598.31 4576.96 4573.39 4570.37 4576.04 4603.97 4605.05 4609.26 4619.32 4657.61 4677.02 4690.85 4707.71 4726.39 4733.34 4740.63 4770.37 4801.3 4880.7 4974.23 5080.15 5198.58 5307.29 5429.05 5576.44 5749.48 5990.32 6213.91 6405.64 6569.69 6586.41 6654.78 6652.51 6580.99 6453.52 6409.15
4905.69 4888.49 4872.49 4792.91 4761.85 4729.75 4703.56 4685.7 4676.08 4672.58 4668.45 4673.2 4659.54 4683.15 4700.68 4705.58 4706.39 4703.17 4705 4708.55 4697.04 4705.21 4679.56 4648.66 4648.82 4652.69 4638.69 4626.69 4614.45 4602.52 4590.6 4580.52 4579.61 4572.59 4582.96 4592.24 4603.85 4619.03 4630.22 4646.96 4681.57 4703.65 4718.05 4735.25 4765.43 4764.55 4768.64 4780.7 4822.91 4883.86 5013.75 5143.69 5277.19 5383.44 5475.59 5619.2 5763.01 5999.05 6238.84 6452.85 6609.65 6630 6685.32 6642.01 6505.18 6425.99 6386.77
4944.51 4923.61 4887.24 4856.18 4790.72 4759.14 4728.41 4693.7 4686.54 4692.93 4688.54 4697.22 4670.3 4687.94 4697.73 4707.28 4707.57 4702.47 4693.03 4713.89 4691.86 4698.1 4680.49 4657.18 4632.07 4633.45 4624.37 4613 4602.3 4592.65 4580.41 4570.44 4564.33 4556.2 4560 4598.58 4622.17 4639.1 4651.59 4673.28 4708.18 4727.47 4741.31 4762.52 4806.97 4802.6 4779.26 4809.24 4825.37 4941.89 5095.51 5211.59 5307.77 5398.01 5527.97 5646.91 5780.35 6025.53 6270.22 6480.88 6628.55 6637.57 6642.05 6624.75 6526.94 6444.39 6382.18
4969.65 4935.83 4923.68 4871.28 4814.87 4756.81 4725.59 4687.59 4699.24 4723.64 4740.96 4742.22 4727.02 4718.95 4727.12 4721.53 4716.32 4710.85 4710.06 4711.31 4697.82 4684.9 4682.34 4664.13 4633.51 4614.34 4611.17 4603.81 4588.5 4576.98 4569.84 4565.09 4571.5 4587.11 4590.37 4612.72 4641.25 4662.34 4671.65 4691.4 4722.61 4748.58 4764.69 4783.2 4804.44 4813.81 4822.2 4875.98 5016.69 5122.91 5198.99 5289.83 5375.7 5462.45 5563.81 5698.35 5846.25 6090.43 6317.3 6505.15 6625.74 6640.33 6667 6715.11 6691.65 6554.04 6430.87
4988.85 4979.74 4960.03 4914.02 4836.54 4763.68 4732.65 4721.5 4748.46 4749.71 4754.14 4750.61 4745.95 4746.6 4749.08 4738.26 4728.72 4722.62 4720.15 4739.57 4707.12 4698.24 4692.16 4676.29 4644.56 4615.16 4613.43 4606.82 4583.84 4576.34 4571.55 4565.97 4573.54 4595.8 4604 4629.59 4658.38 4679.57 4690.57 4716.16 4751.83 4775.81 4786.62 4797.96 4814.61 4836.61 4868.92 4907.43 4969.53 5162.49 5282.38 5362.62 5443.37 5518.77 5550.46 5773.3 6005.49 6228.1 6390.51 6533.63 6628.66 6661.2 6702.96 6748.18 6748.28 6578.71 6429.17
5030.24 5007.89 4985.03 4934.33 4873.33 4805.88 4761.56 4760.69 4762.32 4760.58 4759.13 4757.39 4755.52 4757.67 4762.59 4749.11 4738.13 4729.92 4730.08 4744.11 4720.05 4705.7 4704.28 4688.26 4665.45 4638.68 4631.92 4632.6 4635.07 4612.18 4590.46 4579.43 4592.52 4598.73 4611.48 4639.1 4663.43 4682.88 4714.31 4739.8 4767.42 4790.13 4804.34 4820.73 4839.08 4865.01 4925.59 4945.53 5017.35 5239.84 5320.65 5399.65 5488.5 5574.94 5620.74 5815.66 6047.93 6334.94 6466.07 6573.38 6641.09 6668.06 6646.54 6626.38 6569.67 6492.78 6441.84
5080.01 5059.54 5007.45 5035.14 4949.12 4856.73 4843.49 4793.6 4767.61 4760.11 4759.84 4762.62 4758.79 4758.18 4752.09 4752.41 4749.98 4745.26 4743.86 4777.9 4732.91 4736.19 4727.13 4722.53 4683.07 4661.37 4657.36 4656.04 4673.09 4642.56 4619.66 4607.29 4608.7 4604.32 4621.74 4659.17 4694.84 4720.71 4739.6 4760.3 4780.81 4798.69 4815.56 4840.59 4871.69 4919.21 4955.97 4989.13 5049.46 5191.54 5309.1 5418.2 5512.18 5593.81 5694.26 5880.36 6200.66 6429.93 6518.95 6600.32 6685.16 6668.86 6673.52 6671.45 6543.73 6446.48 6423.94
5123.91 5119.81 5103.03 5229.9 5103.39 4991.26 4946.87 4879.17 4822.04 4796.31 4769.52 4792.9 4770.35 4768.42 4762.37 4769.83 4774.48 4772.6 4772.23 4800.19 4766.07 4755.97 4745.99 4737.97 4716.13 4691.21 4678.92 4667.93 4646.86 4649.82 4645.16 4642.05 4632.14 4627.34 4654.2 4687.64 4723.36 4754.94 4771.38 4783.19 4795.44 4811.3 4822.43 4838.21 4879.8 4956.08 5001.19 5051.02 5158.6 5216.03 5311.88 5431.33 5540.36 5651.98 5798.48 6005.93 6219.3 6471.24 6544.18 6583.15 6602.08 6629.1 6648.98 6643.54 6556.26 6391.81 6369.07
5166.58 5174.49 5168.85 5268.34 5253.62 5097.93 5027.74 5109.19 5008.53 4970.13 4870.18 4840.75 4805.6 4804.34 4812.31 4810.21 4804.4 4803.75 4808.17 4826.53 4798.39 4765.19 4769.2 4765.72 4745.69 4727.2 4709.74 4697.59 4684.92 4676.59 4669.81 4685.72 4675.65 4677.39 4689.85 4721.25 4753.84 4780.4 4790.82 4806.11 4818.24 4824 4842.43 4851.39 4897.6 5015.68 5065.67 5122.07 5270.47 5290.72 5377.42 5496.43 5614.79 5750.74 5947.2 6272.23 6544.1 6525.47 6566.48 6592.22 6576.37 6559.21 6516.26 6422.84 6403.64 6359.64 6347.28
5228.9 5226.89 5218.48 5335.56 5340.77 5198.64 5105.58 5198.51 5169.04 5091.53 4939.43 4869.83 4856.74 4848.37 4845.92 4842.02 4837.95 4835.32 4834.11 4841.77 4820.48 4814.26 4815.22 4793.73 4758.44 4736.93 4727.8 4723.18 4718.66 4703.39 4692.71 4697.46 4717.84 4720.29 4748.44 4769.24 4790.03 4813.94 4820.81 4833.11 4848.49 4867.07 4884.82 4908.4 4955.35 5057.96 5158.21 5214.79 5290.48 5369.61 5461.11 5568.25 5688.1 5842.76 6092.2 6454.07 6580.45 6559.65 6590.25 6622.58 6560.58 6521.43 6465.9 6405.77 6398.52 6406.84 6324.28
5291.29 5274.66 5271.29 5293.46 5272.83 5289.02 5302.27 5232.76 5300.92 5295.38 5033.36 4924.31 4899.02 4890.1 4884.51 4876.64 4872.29 4866.1 4859.5 4854.79 4869 4849.34 4861.6 4841.11 4793.26 4753.25 4743.93 4753.8 4750.54 4737.45 4722.56 4735.38 4747.25 4757.41 4787.86 4801.34 4813.56 4823.09 4846.84 4858.12 4880.47 4908.33 4943.25 4986.81 5055.27 5189.71 5274.95 5288.35 5355.82 5454.97 5552.17 5650.05 5758.43 5883.87 6058.26 6299.2 6577.51 6566.88 6596.14 6620.3 6558.82 6507.79 6455.7 6421.19 6409.3 6432.4 6301.98
5361.53 5332.95 5322.19 5342.96 5347.32 5383.84 5432.8 5314.58 5360.68 5343.59 5158.75 5028.39 4976.49 4939.24 4930.15 4927.95 4912.2 4905.69 4891.53 4893.12 4920.83 4878.91 4894.82 4895.61 4881.29 4773.3 4770.43 4795.44 4802.08 4787.13 4768.96 4796.55 4804.05 4807.94 4816.36 4825.88 4835.01 4840.25 4856.6 4886.41 4918.47 4961.31 5003.08 5052.96 5124.27 5248.49 5299.09 5325.94 5475.79 5547.81 5627.49 5702.19 5823.36 5975.56 6206.13 6510.84 6683.51 6575.24 6582.87 6594.31 6578.34 6498.35 6433.33 6378.99 6376.39 6359.71 6251.37
5467.42 5403.69 5367 5374.97 5371.84 5376.12 5356.08 5392.61 5403.6 5404.71 5334.04 5139 5017.98 4982.65 4973.28 4972.44 4951.53 4938.42 4931.79 4926.6 4951.52 4914.37 4939.1 4924.94 4888.45 4825 4830.36 4855.4 4856.51 4844.49 4836.16 4850.28 4846.67 4838.67 4837.78 4847.37 4858.26 4867.17 4886.99 4915.88 4953.89 5002.12 5050.91 5102.49 5172.71 5274.89 5361.51 5514.65 5664.07 5644.72 5607.46 5754.96 5920.78 6094.36 6348.48 6760.69 6837.21 6665.85 6595.07 6601.16 6547.82 6480.9 6413.73 6363.54 6390.6 6364.36 6221.98
5523.82 5446.4 5415.59 5400.72 5393.95 5398.33 5407.4 5411.78 5439.55 5482.71 5328.96 5186.4 5088.65 5037.8 5014.08 5003.6 4983.96 4969.72 4954.28 4954.6 4965.12 4957.04 4972.19 4958.35 4921.19 4894.41 4926.59 4915.7 4914.13 4908.29 4902.98 4888.22 4886.2 4872.66 4859.44 4874.06 4888.59 4899.88 4922.72 4953.08 4986.08 5024.75 5079.3 5147.2 5218.82 5397.75 5566.46 5636.48 5724.3 5726.36 5737.59 5856.74 6054.74 6286.09 6551.41 7000.13 6992.19 6734.2 6581.47 6508.75 6498.85 6447 6383.15 6325.38 6305.57 6262.16 6221.88
5549.21 5487.53 5458.79 5437.74 5429.79 5434.72 5426.22 5422.94 5414.89 5382.52 5290.21 5222.16 5161.45 5104.97 5064.66 5036.25 5013.01 4995.76 4979.45 4975.7 4997.91 5001.2 4996.99 5001.04 4977.06 4966.91 4999.95 4980.28 4985.98 4993.11 4959.46 4942.89 4930.36 4910.8 4886.97 4906.64 4932.72 4945.99 4968.11 5003.99 5033.54 5062.45 5115.94 5215.95 5370.55 5559.48 5739.95 5770.3 5751.03 5779.45 5798.97 5945.32 6210.85 6534.44 6848.85 7167.66 6973.52 6675.19 6542.72 6494.18 6468.87 6423.03 6360.96 6293.71 6249.26 6222.53 6131.01
5573.9 5522.31 5503.24 5465.03 5494.93 5482.18 5450.02 5439.5 5419.27 5384.41 5318.49 5270.68 5209.69 5152.42 5112.31 5073.62 5044.16 5025.89 5006.96 5008.06 5020.37 5022.05 5027.02 5040.17 5025.66 5007.64 5042.22 5065.64 5061.22 5071.56 5162.13 4967.64 4989.28 4964.91 4941.22 4962.64 4988.33 5010.6 5052 5074.43 5095.42 5122.57 5168.04 5274.35 5406.39 5565.4 5721.75 5743.67 5815.18 5839.83 5792.9 5989.74 6337.71 6725.3 7145.23 7119.54 6809.22 6598.1 6543.85 6512.4 6477.76 6421.89 6358.09 6294.03 6250.79 6225.96 6155.82
