real_craters/C207-1000m.grd
DSAA
175 175
-86.8 86.8
-86.8 86.8
4248.7304766823 7382.6332870041
[rows 120 to 149 of 175, columns 67 to 133 of 175]
5641.34 5605.67 5559.01 5517.3 5533.47 5524.7 5484.69 5457.07 5453.58 5438.58 5391.26 5331.61 5271.77 5213.58 5173.29 5127.64 5093.04 5073.92 5046.07 5037.41 5047.64 5059.31 5053.87 5077.88 5076.5 5064.28 5110.43 5126.52 5113.36 5078.09 5016.31 5070.83 5071.45 5026.44 4991.04 5026.71 5069.49 5090.41 5135.1 5161.13 5184.84 5211.33 5254.15 5359.86 5454.34 5540.2 5644.21 5807.94 5886.8 5941.67 5948.94 6110.52 6425.07 6777.66 7046.87 6846.09 6641.84 6645.65 6643.23 6582 6510.62 6432.48 6358.87 6298.62 6271.02 6265.89 6180.74
5689.84 5668.61 5623.68 5587.73 5562.6 5551.66 5538.7 5499.86 5480.66 5460.6 5434.51 5391.16 5341.89 5279.51 5262.53 5214.06 5181.39 5171.23 5123.5 5081.01 5110.92 5154.47 5060.75 5134.61 5144.99 5139.17 5167.15 5168.72 5154.73 5145.57 5181.05 5195.74 5143.91 5113.09 5064.66 5127.5 5207.78 5249.97 5237.62 5257.38 5303.15 5347.91 5408.29 5512.9 5630.8 5727.99 5790.06 5900.97 6017.98 6079.99 6104.05 6211.69 6462.98 6719.04 6921.93 6713.04 6591.58 6678.3 6712.78 6657.52 6526.18 6430.28 6349.71 6282.46 6218.01 6193.19 6129.12
5731.72 5707.89 5671.49 5621.11 5586.93 5572.28 5554.61 5539.21 5535.37 5541.48 5483.82 5453.5 5428.04 5419.93 5403.16 5403.51 5392.54 5326.44 5250.44 5181.14 5183.39 5128.97 5120.3 5222.75 5213.08 5200.78 5202.72 5201.82 5216.62 5237.42 5309.44 5347.21 5273.39 5287.71 5304.35 5352.24 5388.73 5382.22 5359.09 5373.73 5440.2 5500.54 5561.88 5702.87 5867.53 5951.12 6026.97 6126.57 6174.53 6270.21 6288.58 6312.65 6477 6622.14 6697.37 6591.37 6588.67 6623.74 6557.73 6550.51 6499.17 6419.73 6338.8 6261.34 6193.27 6171.41 6155.17
5895.6 5818.17 5761.36 5667.21 5622.8 5598.65 5582.81 5561.55 5567.8 5568.93 5549.39 5517.33 5517.93 5537.98 5533.64 5546.5 5517 5495.5 5424.52 5334.89 5233.78 5263.06 5244.42 5259.57 5260.38 5255.59 5247.34 5268.11 5297.08 5328.27 5375.38 5412.21 5435.02 5522 5657.06 5673.95 5642.34 5599.14 5542.38 5554.25 5617.61 5701 5774.03 5942.87 6160.75 6367.38 6287.24 6332.46 6454.62 6558.16 6534.49 6516.12 6545.87 6570.42 6579.13 6575.11 6573.99 6573.15 6548.78 6518.98 6478.12 6415.55 6335.48 6259.3 6192.96 6173.2 6160.64
6381.35 6222.91 5916.88 5721.33 5671.64 5626.7 5607.58 5598.7 5595.21 5590.58 5573.83 5569.5 5568.19 5573.72 5599.14 5653.34 5709.52 5633.82 5566.28 5458.24 5334.04 5367.52 5309.12 5297.06 5309.74 5313.51 5314.19 5340.55 5378.8 5417.72 5448.35 5489.95 5575.61 5697.56 5846.51 5885.12 5915.54 5866.37 5801.3 5813.06 5887.83 5960.18 6073.5 6224.57 6417.47 6593.7 6538.73 6530.9 6633.34 6779.54 6717.39 6658.17 6602.23 6580.72 6577.7 6592.25 6583.61 6602.85 6566.55 6506.65 6443.98 6372.48 6310 6249.34 6194.93 6168.31 6146.55
6966.23 6475.83 6018.92 5762.06 5732.36 5695.19 5672.08 5652.54 5651.16 5633.22 5627.16 5614.1 5602.82 5605.3 5618.8 5658.41 5717.81 5665.98 5655.38 5486.14 5455 5460.83 5428.42 5384.89 5376.23 5378.17 5380.85 5399.95 5452.86 5507.12 5534.98 5578.32 5686.01 5822.38 5961.31 6024.03 5987.29 6042.62 6087.4 6142.75 6208.35 6272.34 6342.48 6446.71 6614.7 6708.69 6696.2 6698.19 6909.55 6912.31 6767.57 6652.12 6635.51 6636.51 6626.93 6629.57 6669.95 6659.8 6580.77 6479.26 6405.24 6343.46 6289.53 6242.6 6202.54 6161.87 6129.4
7155.68 6545.42 6090.74 5815.99 5798.84 5814.66 5779.38 5725.75 5703.07 5667.9 5654.87 5646.12 5628.11 5614.88 5620.63 5614.96 5525.56 5614.2 5639.97 5623.65 5602.12 5570.09 5480.47 5467.59 5462.51 5447.47 5429.4 5469.61 5535.74 5589.59 5637.85 5672.53 5821.02 5961.15 6129.64 6248.77 6230.32 6311.51 6390.08 6444.15 6531.05 6585.08 6622.86 6689.2 6858.66 6907.22 6925.8 6962.87 6936.01 6829.55 6773.52 6701.63 6713.86 6732.43 6729.52 6652.83 6659.7 6620.57 6498.76 6426.12 6372.32 6322.18 6278.4 6236.41 6201.6 6162.62 6115.51
7205.37 6740.6 6258.25 5938.83 5931.58 6042.99 5890.66 5795.99 5757.07 5726.05 5687.4 5664.96 5662.99 5657.6 5649.24 5644.49 5669 5674.86 5702.84 5692.45 5691.34 5638.11 5584.95 5591.51 5573.46 5542.4 5533.57 5619.35 5689.69 5689.56 5750.77 5758.23 5953.76 6134.11 6343.48 6566.6 6631.47 6647.82 6705.06 6827.79 6844.54 6863.56 6933.76 7027.35 7168.11 7252.9 7076.53 6947.08 6809.1 6763.99 6838.78 6915.29 6874.73 6736.55 6626.06 6581.1 6577.12 6541.07 6435.3 6384.47 6345.9 6310.26 6270.75 6229.14 6189.33 6139.82 6111.43
7126.36 6974.37 6500.29 6148.75 6034.16 5972.57 5931.56 5861.1 5807 5771.48 5733.59 5701.07 5696.39 5679.56 5673.02 5699.2 5710.56 5724.66 5733.26 5766.3 5752.14 5761.13 5780.05 5762.49 5733.43 5694.67 5734.29 5911.02 5943.88 5988.35 5953.79 6007 6152.22 6327.86 6528.36 6762.4 6799.82 6846.17 6900.5 7025.02 7042.36 7063.08 7163.75 7305.27 7349.67 7382.63 7002.64 6767.41 6735.29 6823.26 6900.13 7014.98 6965.97 6649.94 6429.12 6462.37 6482.81 6434.47 6382.1 6355.32 6321.93 6282.9 6249.42 6212.63 6179.35 6158.85 6108.44
6984.07 7034.56 6705.41 6280.91 6059.89 6004.2 5996.23 5977.49 5903.42 5863.51 5796.56 5747.71 5737.21 5745.7 5772.96 5793.68 5824.02 5880.72 5879.3 5877.07 5851.42 5869.42 5965.72 5942.25 5922.29 5941.65 6006.83 6173.26 6189.08 6175.01 6102.75 6186.11 6337.7 6488.67 6638.81 6734.98 6798.7 6910.58 6983.04 7064.24 7123.1 7159.9 7216.58 7278.82 7293.15 7179.33 6811.04 6617.3 6596.65 6642.76 6752.2 6951.83 6955 6602.43 6360.74 6361.46 6379.55 6388.85 6365.43 6337.9 6303.32 6264.93 6227.88 6192.85 6161.36 6134.97 6121.04
6872 6843.63 6681.43 6363.44 6108.8 6046.93 6077.22 6244.55 6115.41 5960.26 5864.78 5824.25 5806.92 5829.14 5873.27 5891.67 5936.75 6029.61 6170.61 6062.44 6020.74 6035.47 6079.17 6071.63 6071.26 6126.42 6185.14 6254.84 6402.69 6429 6314 6289.14 6437.47 6594.44 6746.86 6871.92 6886.42 6942.83 7017.21 7087.22 7125.16 7107.28 7128.98 7157.54 7136.3 6978.67 6642.9 6519.86 6485.79 6487.53 6542.94 6648.54 6616.32 6542.4 6350.12 6339.82 6377.54 6388.5 6339.79 6316.36 6275.58 6235.58 6201.36 6172.56 6143.08 6116.58 6127.18
6704.28 6602.09 6608.93 6496.8 6407.31 6193.87 6112.66 6086.98 6080.24 6021.89 5962.52 5816.03 5907.82 5938.51 5924.46 5955.97 6020.68 6101.73 6127 6120.55 6095.11 6136.95 6146.17 6127.25 6136.35 6167.72 6238.91 6357.26 6478 6676.43 6577.26 6487.27 6608.59 6750.33 6883.24 6993.58 6940.11 6901.17 6914.1 6928.1 6921.88 6931.13 6942.36 6943.17 6890.17 6775.88 6548.65 6445.35 6409.83 6404 6447.38 6455.76 6407.73 6362.9 6298.45 6320.1 6369.06 6369.24 6328.04 6296.02 6247.72 6210.08 6177.1 6148.78 6126.91 6098.75 6095.6
6623.61 6575.77 6541.12 6588.09 6647.63 6432.85 6267.14 6131.37 6211.61 6344.92 6277.57 6163.27 6181.64 6126.88 6014.54 6031.74 6098.44 6130.46 6153.62 6159.44 6156.75 6181.91 6160.75 6154.71 6159.53 6175.6 6260.38 6329.45 6478.15 6635.05 6770.66 6806.75 6784.23 6840.86 6936.86 7014.93 6830.01 6771.97 6758.83 6716.25 6661.59 6737.14 6729.5 6636.59 6556.77 6509.11 6413.11 6356.66 6340 6343.96 6392.13 6357.65 6310.59 6269.35 6251.94 6280.53 6351.06 6366.81 6291.76 6244.24 6220.34 6190.92 6160.51 6134.6 6112.78 6102.36 6099.19
6620.77 6577.17 6540.44 6591.75 6691.1 6683.89 6561.96 6408.14 6621.04 6728.06 6677.8 6731.08 6588.74 6381.42 6216.97 6167.52 6188.1 6247.09 6208.93 6204.58 6193.6 6214.5 6223.25 6223.69 6220.97 6207.33 6366 6539.12 6628.33 6762.09 6943.35 6909.12 6845.77 6819.62 6839.59 6886.08 6679.75 6679.29 6682.52 6684.88 6661.87 6670.04 6623.01 6529.06 6451.59 6398.74 6336.6 6309.49 6318.73 6343.5 6322.11 6284.96 6235.24 6204.81 6209.8 6231.74 6236.58 6254.32 6234.17 6217.11 6186.83 6167.99 6147.42 6127.42 6106.64 6086.15 6063.68
6644.68 6598.87 6582.8 6587.24 6601.42 6656.23 6705.96 6558.44 6700.05 6809.63 6830.1 6932.58 6808.97 6612.61 6492.85 6413.13 6315.39 6230.73 6236.31 6238.48 6229.7 6240.51 6252.16 6374.7 6351.27 6337.31 6521.4 6775.68 6891.2 6809.22 6670.02 6727.02 6727.84 6696.45 6645.79 6541.71 6590.81 6628.59 6657.46 6711.48 6758.38 6675.42 6593.67 6507.19 6421.25 6364.29 6314.9 6289.76 6303.63 6386.12 6319.27 6242.64 6182.09 6173.08 6182.37 6195.56 6220.32 6199.08 6186.85 6161.16 6162.11 6150.57 6134.46 6118.73 6101.99 6086.32 6062.68
6690.48 6639.17 6603.91 6598.03 6599.84 6625.26 6752.83 6637.67 6527.99 6627.89 6720.23 6762.58 6733.5 6693 6695.55 6662.58 6449.42 6261.85 6306.03 6353.35 6277.06 6282.63 6414.58 6528.2 6525.57 6508.13 6598.2 6692.65 6680.85 6607.99 6510.92 6564.17 6581.78 6560.03 6516.23 6472.44 6563.76 6589.53 6621.82 6678.03 6729.63 6653.35 6576.49 6522.15 6446.3 6358.06 6306.26 6272.84 6264.38 6268.93 6236.47 6188.28 6152.83 6150.86 6154.73 6160.08 6149.9 6166.11 6163.59 6154.61 6137 6125.98 6116.45 6108.09 6098.33 6087.8 6060.42
6754.82 6675.01 6640.08 6625.48 6640.35 6704.7 6658.29 6544.26 6508.27 6540.83 6609.19 6622.84 6634.7 6659.01 6650.76 6590.26 6623.71 6634.59 6633.22 6636.88 6524.52 6475.74 6759.34 6726.28 6674.91 6660.32 6628.05 6611 6613.31 6536.35 6500.29 6496.3 6489.7 6481.88 6472.49 6470.03 6481.84 6528.24 6567.39 6597.73 6617.95 6580.42 6538.29 6511.68 6455.42 6368.71 6300.19 6254.77 6236.93 6210.15 6173.96 6134.77 6108.07 6109.74 6123.22 6130.57 6133.66 6128.26 6144.29 6121.35 6109.75 6098.1 6087.46 6089.06 6089.08 6092.38 6073.73
6739.86 6680.82 6658.6 6650.63 6676.65 6705.5 6595.76 6515.39 6499.13 6517.08 6556.03 6579.92 6593.79 6625.39 6638.58 6662.87 6718.7 6853.64 6841.26 6758.16 6712.62 6777.76 6793.11 6750.87 6740.18 6713.28 6674.03 6596.34 6534.46 6516.03 6503.1 6497.67 6486.38 6470 6455.36 6458.37 6457.77 6504.34 6525.02 6522.9 6488.78 6470.48 6464.34 6456.04 6431.1 6345.41 6292.72 6251.35 6218.4 6182.83 6146.13 6115.28 6091.68 6091.6 6096.38 6098.6 6092.79 6125.46 6148.75 6109.14 6083.47 6073.93 6069.14 6065.37 6067.86 6075.67 6061.89
6768.22 6720.12 6699.58 6654 6657.45 6612.08 6558.4 6540.79 6524.68 6504.83 6570.38 6607.15 6620.46 6651.58 6646.75 6625.87 6660.58 6682.85 6761.83 6725.19 6725.93 6762.13 6747.62 6777.33 6848.16 6835.72 6769.02 6677.58 6560.52 6533.23 6533.53 6519.79 6494.48 6469.39 6451.46 6476.41 6554.82 6554.02 6501.62 6455.99 6389.22 6367.93 6396.85 6397.15 6349.22 6319.82 6280.9 6245.26 6198.69 6158.93 6130.24 6106.18 6087.25 6080.7 6074.82 6071.33 6071.21 6077.41 6088.38 6063.79 6048.1 6044.68 6037.39 6036 6028.94 6015.67 6032.22
6751.94 6727.54 6710.87 6665.79 6622.17 6590.14 6576.57 6562.37 6581.24 6603.2 6657.16 6693.63 6725.57 6727.17 6713.11 6692.27 6708.53 6687.91 6697.67 6692.73 6687.88 6715.37 6805.68 6951.42 7038.29 6979.44 6892.38 6808.93 6688.9 6604.56 6594.18 6555.33 6515.17 6480.62 6461.54 6498.07 6578.67 6564.38 6495.6 6441.43 6382.86 6356.11 6378.68 6389.12 6368.13 6290.36 6258.43 6228.43 6187.47 6150.75 6124.04 6107.53 6081.03 6064.09 6056.64 6049.49 6050.65 6060.92 6066.02 6047.48 6036.34 6025.41 6016.07 6007.62 5997.43 5985.76 5988.44
6724.38 6717.67 6722.72 6697.34 6635.01 6573.77 6590.62 6613.87 6670.41 6768.71 6761.57 6746.41 6769.31 6750.15 6775.26 6846.41 6824.9 6732.91 6695.86 6682.41 6679.69 6714.79 6788.42 6925.88 7077.88 7060.76 6988.63 6911.73 6801.19 6688.6 6645.24 6591.8 6544.77 6507.29 6480.31 6499.5 6527.37 6506.8 6476.55 6443.61 6419.79 6411.32 6388 6360.87 6296.5 6250.02 6234.5 6211.03 6180.79 6146.69 6118.02 6097.18 6070.35 6056.52 6042.56 6032.35 6022.91 6037.06 6051.15 6033.11 6023.29 6008.87 5994.92 5983.39 5972.68 5966.5 5958.54
6692.95 6703.68 6740.88 6762.54 6658.59 6575.56 6620.88 6679.76 6725.03 6801.85 6783.81 6691.57 6636.52 6662.47 6762.72 6900.91 6943.62 6790.22 6698.66 6689.81 6708.69 6744.37 6789.1 6877.54 7039.08 7063.74 7040.91 6994.17 6899.75 6809.52 6680.97 6617.21 6563.35 6526.74 6517.04 6487.49 6466.37 6467.97 6430.71 6421.38 6420.1 6411.33 6402.71 6357.37 6292.45 6237.57 6222.21 6223.46 6192.9 6140.81 6110.81 6083.78 6063.37 6037.15 6028.96 6021.76 6009.38 5985.76 6007.38 6001.3 5992.88 5986.17 5976.61 5962.73 5949.75 5938.34 5928.74
6573.62 6601.73 6656.58 6636.82 6584.43 6581.24 6599.31 6681.23 6682.4 6698.62 6671.56 6599.26 6526.49 6562.9 6678.38 6802.35 6924.79 6858.17 6732.62 6740.22 6857.15 6846.94 6817.53 6856.89 7029.13 7046.56 7047.35 7032.95 6987.85 6913.55 6744.76 6649.37 6574.25 6512.57 6461.31 6436.76 6389.54 6353.4 6367.86 6386.97 6410.61 6429.25 6425.04 6407.59 6303.09 6212.98 6205.88 6233.49 6218.34 6152.36 6099.12 6077.15 6039.93 6022.8 6015.35 6008.66 5985.57 5964.44 5953.73 5964.27 5974.75 5967.97 5955.21 5940.36 5927.13 5920.25 5909.93
6411.52 6485.05 6532.61 6547.99 6517.61 6517.63 6509.3 6509.11 6580.89 6587.97 6577.25 6527.93 6488.87 6508.39 6578.68 6663.57 6770.83 6804.56 6770.38 6830.98 6972.63 6898.37 6800.85 6749.42 6886.03 6945.59 6964.39 6958.26 6968.2 6954.53 6842.62 6717.99 6598.29 6487.24 6406.63 6378.8 6334.16 6283.44 6313.84 6346.62 6383.82 6419.33 6405.62 6372.1 6268.14 6153.74 6181.14 6207.32 6204.21 6173.07 6097.49 6056.82 6032.84 6016.92 6002.42 5986.51 5969.39 5955.26 5941.17 5945.33 5960.71 5952.45 5937.34 5919.47 5903.41 5895.55 5896.31
6315.82 6358.04 6391.2 6413.88 6410.37 6417.65 6422.29 6466.89 6507.4 6511.85 6500.63 6484.21 6468.71 6479.09 6501.4 6523.1 6577.51 6711.57 6791.05 6839.66 6830.09 6818.83 6778.12 6724.53 6728.15 6795.59 6861.08 6919.9 7043.11 7092.14 6859.28 6711.14 6576.5 6451.94 6357.59 6346.66 6310.83 6268.77 6276.45 6300.82 6322.83 6335.34 6330.05 6307.54 6250.52 6214.78 6173.43 6156.96 6139.3 6115.05 6091.82 6040.98 6008.06 5995.53 5977.85 5957.41 5946.08 5939.16 5921.35 5917.28 5928.86 5927.7 5916.46 5900.14 5885.61 5884.06 5888.89
6286.35 6271.19 6270.86 6269.04 6306.45 6343.68 6390.92 6421.89 6473.72 6457.96 6427.25 6451.63 6451.5 6448.46 6453.62 6452.77 6489.2 6653.99 6835.19 6806.42 6736.2 6713.86 6746.81 6767.38 6662.09 6665.48 6797.3 6997.93 7037.8 6870.07 6778.13 6648.66 6543.18 6441.02 6357.99 6348.82 6307.83 6263.11 6261.58 6266.11 6263.04 6255.23 6252.01 6240.81 6221.81 6202.43 6148.24 6106.33 6075.95 6076.86 6051.61 6024.29 5977.67 5958.36 5940.26 5926.69 5923.13 5919.59 5902.18 5893.98 5906.92 5907.51 5897.33 5885.41 5872.93 5872.82 5880.12
6268.28 6248.53 6242.94 6250.96 6270.9 6287.73 6346.65 6438.97 6463.37 6449.97 6454.48 6456.93 6455.15 6446.93 6442.13 6423.1 6438.85 6584.79 6771.06 6653.18 6542.38 6603.63 6675.96 6782.89 6688.89 6570.32 6672.61 6920.72 6975.04 6783.01 6601.85 6527.95 6482.71 6466.27 6415.8 6369.01 6320.26 6280.09 6267.66 6244.58 6210.35 6164.82 6161.12 6196.8 6167.29 6124.79 6101.3 6074.06 6036.13 6023.72 5995.75 5980.55 5948.05 5928.64 5912.79 5903.3 5900.2 5895.73 5884.86 5875.09 5886.12 5886.57 5878.05 5872.17 5864.97 5865.98 5866.5
6255.01 6237.15 6238.03 6248.61 6255.88 6277.37 6322.35 6426.09 6398.7 6427.94 6451.73 6470.47 6484.35 6485.7 6464.1 6419.08 6395.58 6463.96 6513.59 6454.25 6456.24 6499.01 6542.91 6534.07 6519.73 6458.93 6451.72 6592.37 6622.11 6634.33 6464.75 6431.61 6437.9 6458.02 6425.61 6375.25 6331.91 6305.3 6283.17 6227.79 6175.68 6128.32 6101.98 6103.96 6111.91 6098.56 6081.34 6061.86 6048.27 6005.37 5972.94 5940.76 5924.83 5911.25 5900.64 5885.46 5879.95 5869.63 5859.27 5859.07 5857.98 5856.34 5853.98 5851.21 5852.66 5850.01 5851.23
6239.9 6229.99 6230.17 6233.23 6252.13 6320.43 6320.94 6348.63 6367.14 6414.82 6456.68 6488.51 6508.5 6531.11 6479.86 6427.92 6381.83 6394.86 6403.66 6405.72 6415.54 6429.52 6436.2 6415.73 6378.66 6372.37 6340.5 6331.19 6384.82 6420.05 6306.02 6335.77 6372.25 6422.64 6398.51 6344.14 6308.22 6299.34 6258.91 6193.42 6149.7 6112.32 6083.4 6078.22 6076.3 6068.93 6052.7 6039.58 6022.16 6008.3 5989.68 5958.16 5918.7 5899.89 5893.03 5881.56 5866.97 5854.02 5842.07 5836.68 5839.1 5837.93 5830.72 5821.87 5817.84 5824.74 5830.28
6240.89 6230.24 6232.72 6232.31 6251.29 6324.52 6335.67 6334.03 6363.28 6422.43 6479.24 6503.48 6494.1 6473.65 6441.51 6407.63 6381.56 6385.28 6394.32 6405.83 6409.14 6404.99 6382.54 6348.81 6330.18 6321.28 6290.34 6265.62 6232.33 6183.24 6184.94 6237.34 6281.65 6330.3 6317.86 6277.9 6243.2 6200.06 6146.8 6136.89 6122.24 6110.49 6115.73 6074.71 6052.97 6030.63 6015.6 6015.27 6014.35 6006.49 5985.83 5952.04 5911.41 5888.98 5880.62 5868.83 5854.54 5840.97 5831.37 5824.93 5821.38 5818.9 5809.85 5799.21 5798.15 5803.9 5808.5
