real_craters/C208-1000m.grd
DSAA
184 184
-91.5 91.5
-91.5 91.5
7720.9372893368 11673.74930614
[rows 0 to 29 of 184, columns 0 to 66 of 184]
9533.67 9520.91 9516.02 9517.72 9525.57 9542.78 9538.94 9492.33 9526.94 9524.01 9522.17 9547.34 9539.87 9530.88 9547.32 9548.97 9556.09 9557.86 9534.08 9570.84 9601.62 9612.74 9625.71 9631.66 9629.15 9617.93 9625.66 9641.16 9653.89 9666.2 9672.5 9662.77 9664.91 9680.72 9676.68 9651.34 9642.01 9644.94 9654.77 9659.32 9644.64 9621.18 9613.93 9619.45 9628.16 9638.65 9646.79 9657.82 9659.05 9682.61 9698.3 9706.59 9706.45 9721.22 9735.36 9790.27 9857.49 9911.36 9912.82 9895.35 9887.44 9882.99 9864.86 9859.92 9900.1 9919.48 9890
9530.44 9517.45 9512.53 9510.37 9511.91 9526.77 9522.22 9495.77 9496.62 9505.98 9530.09 9536.69 9528.95 9518.92 9531.75 9547.02 9557.45 9538.91 9568.39 9573.65 9596.93 9617.51 9627.76 9637.08 9648.69 9625.29 9629.86 9648.6 9659.5 9670.54 9669.92 9668.64 9669.82 9680.58 9674.63 9618.96 9601.54 9609.16 9595.74 9586.44 9613.43 9618.81 9616.29 9622.19 9627.71 9633.93 9640.22 9651.6 9655.2 9673.78 9688.75 9701.09 9710.83 9732.15 9766.57 9815.55 9860.41 9896.51 9907.79 9902.18 9895.15 9896.04 9899.39 9895.8 9928.51 9944.75 9901.3
9515.11 9521.54 9517.94 9510.1 9496.54 9475.76 9468.69 9480.01 9494.63 9503.6 9511.66 9526.53 9527.87 9514.14 9500.95 9493.79 9545.81 9554.26 9557.93 9582.26 9613.09 9616.68 9620.39 9628.12 9627.27 9624.44 9634.47 9647.78 9657.05 9659.31 9649.75 9651.24 9651.34 9661.11 9653.24 9625.35 9600.79 9595.05 9582.59 9578.64 9597.63 9612.14 9616.14 9620.5 9633.04 9639.15 9648.5 9656.21 9654.26 9665.71 9680.03 9700.33 9723.2 9753.6 9782.1 9812.05 9846.23 9874.67 9896.87 9890.9 9880.77 9892.44 9917.19 9950.18 9961.27 9977.81 9932.16
9535.67 9528.33 9518.47 9507.06 9486.26 9449.88 9442.89 9483.76 9481.37 9511.44 9526.57 9516.99 9506.56 9496.76 9503.68 9513.7 9522.6 9511.91 9560.91 9573.63 9592.18 9603.16 9603.78 9604.09 9583.29 9605.72 9637.09 9644.56 9646.79 9648.26 9647.09 9646.88 9629.47 9635.53 9632.49 9613.01 9597.08 9588.76 9591.74 9586.03 9598.12 9606.46 9616.99 9624.72 9638.54 9650.48 9658.9 9665.34 9670.61 9666.24 9681.15 9699.14 9723.43 9756.33 9786.76 9815.31 9851.11 9884.38 9912.85 9905.66 9896.93 9903.31 9933.12 9950.96 9991.01 10041.6 10026.8
9525.61 9539.06 9530.81 9520.67 9506.6 9498.24 9510.69 9483.84 9487.47 9525.38 9528.87 9525.23 9509.59 9502.23 9515.92 9519.57 9505.27 9504.93 9529.44 9551.58 9574.73 9587.15 9586.07 9588.14 9589.9 9607.76 9638.71 9646.45 9610.54 9618.5 9624.92 9629.97 9645.14 9613.39 9610.33 9588.4 9587.34 9576.9 9575.25 9580.33 9594.06 9607.01 9619.94 9633.92 9646.45 9646.44 9648.71 9663.76 9666.12 9667.89 9686.7 9704.85 9730.49 9788.95 9780.9 9833.37 9886.77 9934.18 9940.76 9917.97 9913.53 9897.6 9911.44 9933.08 9959.45 9989.67 9978.68
9551.48 9540.17 9533.55 9526.74 9524.52 9527.41 9527.18 9496.8 9489.38 9519.7 9532.72 9562.45 9547.74 9536.17 9521.31 9532.63 9531.47 9513.37 9494.44 9511.7 9539.63 9567.28 9577.25 9579.93 9594.87 9603.77 9632.58 9477.86 9516.81 9567.38 9578.28 9592.77 9596.08 9560.52 9578.84 9574.36 9541.84 9547.08 9571.81 9574.86 9594.02 9608.43 9622.88 9631.64 9637.87 9639.51 9648.96 9659.03 9662.17 9673.42 9697.85 9728.56 9770.1 9816.74 9818.23 9861.09 9909.69 9953.95 9936.46 9910.56 9872.09 9869.17 9881.5 9913.87 9929.12 9950.63 9948.6
9549.72 9544.36 9540.31 9538.65 9538.85 9544.15 9554.78 9527.1 9525.53 9527.77 9538.15 9554.25 9569.79 9540.75 9524.09 9514.6 9519.6 9531.23 9506.96 9514.99 9540.9 9559.5 9582.79 9600.28 9600.81 9596.68 9629.43 9556.52 9542.88 9555.22 9569.54 9568.43 9580.64 9560.39 9564.71 9563.08 9536.09 9538.99 9567.05 9583.24 9603.1 9614.17 9620.65 9627.22 9632.55 9635.69 9643.73 9652.09 9654.33 9676.36 9709.28 9750.9 9801.58 9833.56 9860.21 9895.94 9923.49 9963.24 9980.1 9925.35 9879.88 9859.81 9868.86 9896.68 9883.89 9873.28 9922.92
9541.53 9544.63 9545.95 9544.6 9541.16 9538.36 9524.58 9556.17 9563.17 9553.15 9537.69 9558.04 9573.58 9547.81 9543.94 9551.58 9533.84 9521.74 9538.86 9544.32 9534.56 9561.4 9598.09 9614.1 9601.5 9590.26 9596.56 9596.57 9577.6 9554.46 9539.2 9562.1 9569.95 9564.95 9580.9 9575.74 9556.83 9557.7 9578.67 9593.37 9607.71 9617.96 9624 9628.25 9632.52 9631.88 9644.83 9650.48 9664.65 9682.47 9706.19 9744.01 9787.27 9863.72 9888.9 9893.48 9924.7 9773 9702.42 9809.75 9919.6 9911.85 9890.88 9872.73 9828.77 9787.06 9784.3
9548.22 9538.22 9532.14 9534.9 9540.97 9545.92 9552.68 9555.53 9562.78 9548.19 9551.46 9561.99 9583.43 9577.32 9567.51 9560.16 9558.17 9542.47 9561.34 9570.58 9572.29 9583.37 9608.68 9616.6 9606.25 9600.89 9598.82 9588.74 9573 9560.92 9555 9578 9554.75 9569.45 9606.79 9606.01 9587.42 9582.52 9593.85 9606.44 9615.8 9619.73 9624.63 9627.97 9632.99 9634.18 9637.67 9643.03 9657.44 9678.26 9689.3 9702.4 9756.12 9829.02 9875.29 9812.3 9685.77 9583.61 9533.92 9670.9 9967.68 9948.5 9901.46 9855.54 9818.36 9759.63 9740.12
9537.24 9535.74 9535.82 9541.22 9548.43 9557 9574.65 9580.28 9569.81 9566.62 9556.99 9566.24 9585.46 9587.76 9581.72 9572.65 9575.25 9543.81 9560.44 9578.35 9577.07 9585.88 9603.37 9616.5 9611.97 9609.27 9609.5 9598.55 9583.58 9572.14 9565.62 9572.94 9563.67 9568.56 9590.63 9618.79 9613.75 9620.04 9630.16 9624.88 9627.65 9629.61 9631.69 9633.51 9635.96 9636.03 9638.76 9635.65 9639.33 9647.84 9674.75 9699.01 9731.64 9806.15 9869.1 9773.07 9614.19 9524.02 9503 9615.6 9955.69 9974.98 9903.19 9844.64 9788.33 9748.9 9732.12
9513.81 9534.78 9549.16 9558.68 9564.51 9566.89 9575 9576.92 9568.13 9552.83 9548.82 9567.41 9583.46 9593.52 9610.02 9585.68 9584.45 9593.63 9571.26 9586.54 9588.99 9600.37 9608.86 9625.97 9621.85 9618.35 9618.77 9607.31 9592.1 9589.18 9578.47 9568.13 9571.59 9593.04 9617.43 9622.89 9627.87 9634.57 9643.09 9640.2 9638.06 9635.89 9634.65 9634.9 9635.84 9636.31 9642.48 9636.98 9639.42 9641.55 9680.38 9717.93 9745.16 9792.11 9849.71 9800.94 9719.34 9644.05 9555.83 9801.62 9964.25 9979.4 9902.77 9839.66 9789.51 9748.97 9729.89
9528.5 9543.91 9555.07 9564.21 9569.15 9571.23 9569.32 9567.81 9569.29 9555.44 9541.09 9547.01 9564.05 9563.4 9552.97 9606.82 9581.41 9593.93 9578.33 9584.29 9603.94 9618.11 9608.15 9623.37 9639.84 9629.73 9616.75 9614.06 9628.25 9611.01 9597.94 9572.26 9590.85 9626.26 9630.73 9633.98 9635.57 9642.78 9652.96 9654.01 9649.92 9648.89 9645.83 9647.3 9646.2 9643.32 9646.51 9658.32 9657.77 9681.73 9698.24 9720.38 9784.68 9828.49 9847.54 9859.59 9907.54 9925.13 9927.78 10010.8 10008.3 9954.94 9901.84 9841.41 9783.66 9742.95 9726.53
9594.88 9571.08 9572.51 9575.43 9576.84 9580.26 9576.46 9570.12 9557.62 9547.9 9531.38 9524.65 9547.47 9558.49 9547.7 9588.03 9601.94 9605.89 9608.56 9618.38 9613.91 9612.71 9630.42 9637.48 9635.33 9632.86 9630.86 9629.37 9634 9620.84 9613.41 9587.92 9594.42 9641.69 9645.62 9649.38 9644.24 9648.75 9651.55 9654.24 9654.87 9657.07 9657.79 9660.51 9658.46 9655.69 9648.99 9641.31 9672.1 9694.79 9724.39 9749.89 9811.01 9883.91 9857.31 9880.45 9922.33 9949.26 9985.55 10019.7 9982.5 9923.18 9891.81 9858.82 9795.04 9749.07 9746.73
9573.36 9583.13 9588.34 9584.33 9580.41 9580.45 9584.76 9574.65 9572.36 9565.41 9533.58 9529.99 9562.87 9583.04 9595.75 9611.6 9613.81 9623.7 9628.15 9632.75 9629.2 9632.3 9640.86 9639.22 9631.96 9641.47 9648.59 9651.78 9635.33 9627.19 9607.36 9565.8 9582.04 9623.75 9654.69 9658.4 9661.48 9650.31 9646.33 9652.71 9655.24 9662.97 9665.59 9668.38 9669.05 9672.93 9672.17 9671.38 9692.54 9726.35 9744.18 9772.72 9816.75 9854.69 9860.08 9873.87 9892.7 9900.22 9902.97 9949.61 9980.01 9900.14 9885.59 9899.22 9826.69 9782.29 9814.51
9608.51 9594.52 9594.24 9588.55 9581.61 9577.14 9573.58 9556.27 9566.5 9571.52 9540.19 9547.98 9596.82 9611.43 9631.94 9654.09 9656.37 9649.82 9637.78 9646.83 9645.98 9625.94 9650.01 9636.37 9653.49 9658.94 9656.25 9648.09 9650.88 9632.75 9604.76 9568.16 9585.54 9626.99 9646.87 9674.47 9693.68 9686.69 9655.77 9661.18 9662.66 9665.95 9670.41 9675.66 9681.47 9689.6 9698 9703.09 9704.66 9714.05 9741.18 9788.24 9841.12 9876.69 9876.7 9876.14 9889.31 9899.85 9894.35 9891.1 9885.8 9883.06 9867.76 9850.9 9838.05 9833.15 9867.78
9607.96 9604.95 9598.27 9591.2 9584.96 9575.11 9554.63 9543.57 9564.59 9577.24 9547.79 9561.88 9595.68 9619.69 9637.6 9603.86 9653.5 9677.6 9671.74 9665.95 9654.33 9652.3 9672.51 9692.18 9695.53 9682.34 9667.35 9645.21 9633.25 9618.68 9606.75 9564.81 9594.49 9609.94 9649.21 9665.15 9714.96 9729.69 9683.03 9676.9 9676.2 9678.06 9680.94 9687.14 9693.79 9704.63 9702.57 9702.26 9712.73 9725.65 9751.65 9827.04 9874.27 9883.4 9875.28 9882.22 9889.27 9893.35 9892.68 9886.07 9868.3 9854.87 9852.6 9847.04 9861.04 9883.15 9884.28
9587.71 9612.11 9594.43 9592.45 9591.25 9583.51 9563.59 9510.47 9543.62 9563.01 9569.13 9557.11 9556.6 9613.54 9648.93 9655.47 9691.16 9710.59 9703.42 9650.12 9624.2 9673.17 9682.99 9714.98 9722.64 9705.48 9684.32 9656.32 9613.72 9599.3 9622.31 9621.15 9619.33 9613.58 9629.52 9671.13 9695.96 9705.58 9693.07 9687.46 9685.77 9690.65 9697.67 9703.92 9711.63 9723.41 9727.02 9719.64 9722.51 9733.24 9756.05 9842.23 9898.53 9884.78 9864.9 9872.76 9880.45 9881.87 9889.16 9892.76 9894.41 9860.53 9850.16 9851.88 9854.44 9865.95 9898.24
9544.7 9574.76 9582.58 9592.93 9598.46 9599.12 9591.33 9540.23 9487.2 9530.18 9558.63 9548.84 9553.01 9577.23 9619.9 9656.26 9693.43 9718.63 9728.76 9693.56 9682.89 9698.54 9717.54 9741.82 9742.54 9721.2 9698.37 9675.74 9634.15 9607.56 9601.44 9589.45 9574.24 9585.73 9634.79 9675.39 9687.15 9692.36 9697.44 9696.79 9694.99 9696.34 9702.71 9714.15 9723.6 9735.26 9733.44 9731.5 9734.75 9744.66 9759.5 9840.39 9905.01 9893.67 9872.41 9886.37 9883.34 9867.99 9891.87 9936.01 9876.18 9877.02 9860.44 9848.61 9861.33 9873.03 9910.72
9541.73 9563.8 9583.35 9596.91 9606.82 9610.37 9605.92 9561.36 9528.58 9526.76 9555.6 9549.88 9552.71 9564.73 9614.59 9688.45 9710.56 9727.16 9718.69 9732.14 9729.15 9722 9707.35 9732.49 9736.55 9720.85 9702.68 9676.06 9652.11 9641.66 9631.02 9631.82 9644.01 9614.06 9616.7 9664.28 9678.3 9689.09 9697.65 9691.68 9696.05 9702.96 9711.6 9715.73 9723.26 9734.18 9750.48 9728.6 9737.77 9757.1 9782.44 9854.7 9881.14 9897.63 9914.78 9920.3 9901.5 9881.02 9886.75 9894.76 9931.77 9896.65 9881.44 9880.61 9884.84 9888.01 9897.56
9583.43 9589.05 9598.25 9607.81 9615.36 9615.58 9591.7 9572.69 9528.1 9535.58 9534.56 9548.06 9575.21 9589.82 9628.07 9685.56 9714.84 9721.45 9726.27 9751.74 9754.32 9757.16 9732.86 9696.99 9711.59 9715.82 9711.52 9699.18 9683.73 9673.81 9674.58 9666.19 9635.84 9623.53 9629.31 9661.75 9684.49 9680.74 9667.07 9677.7 9690.77 9698.62 9707.75 9713.62 9716.59 9714.5 9697.92 9720.88 9744.07 9770.77 9817.56 9857.16 9867.27 9889.66 9902 9939.37 9930.11 9902.04 9889.29 9889.66 9881.65 9903.52 9907.77 9920.84 9916.85 9924.94 9918.04
9604.79 9607.78 9614.58 9619.29 9621.69 9624.15 9620.34 9587.59 9562.33 9552.91 9551.95 9561.83 9595.05 9624.81 9674.57 9722.64 9715.09 9713.12 9745.75 9719.75 9705.68 9715.65 9738.86 9721.65 9712.09 9717.5 9726.65 9741.42 9743.97 9719.25 9727.85 9716.04 9691.44 9676.82 9649.45 9690.61 9701.63 9689.45 9670.09 9673.27 9685.42 9696.8 9703.33 9707.45 9710.23 9703.79 9706.11 9725.73 9756.37 9787.77 9814.33 9841.63 9860.68 9886.83 9922.68 9974.51 9964.33 9937.04 9920.14 9922.01 9933.16 9929.29 9933.5 9944.4 9948.61 9930.41 9940.87
9615.14 9630.25 9635.73 9634.48 9630.41 9625.07 9616.64 9582.72 9560.17 9548.46 9566.96 9583.29 9618.6 9661.42 9689.78 9703.97 9697.08 9686.84 9700.97 9689.94 9671.42 9691.77 9713.96 9715.97 9717.13 9730.44 9745.76 9766.35 9783.27 9803.31 9784.23 9781.01 9770.85 9740.29 9717.7 9731.88 9740.4 9710.53 9676.72 9676.97 9688.69 9692.86 9694.66 9697.55 9700.57 9704.01 9712.78 9731.73 9759.42 9798.18 9828.32 9835.72 9859.35 9888.78 9924.1 9987.96 9992.72 9981.77 9988.03 10011.8 9982.61 9965.2 9963.44 9979.02 9992.43 10007.8 9988.72
9623.13 9642.26 9659.1 9652.89 9639.9 9623.44 9611.07 9581.31 9536.83 9544.91 9552.2 9579.75 9602.21 9629.81 9670.41 9685.08 9665.9 9635.06 9647.25 9694.53 9691.41 9693.38 9703.78 9703.79 9726.64 9741.44 9752.33 9760.16 9756.22 9771.73 9793.15 9804.48 9802.57 9788.29 9775.09 9759.33 9770.29 9746.67 9728.85 9717.03 9702.14 9699.46 9691.8 9689.56 9688.35 9697.88 9712.46 9726.08 9748.61 9775.78 9802.79 9831.7 9853.82 9894.83 9935.61 9996.13 10019.9 10020.3 10020.2 10098.7 10106.9 10060.8 10000.4 10014.2 10037.9 10055.2 10032.7
9640.76 9673.26 9678.68 9660.23 9641.23 9628.59 9619 9622.96 9572.64 9561.21 9555.62 9557.56 9582.49 9604.56 9637.06 9669.4 9657.07 9605.82 9622.54 9689.49 9721.94 9776.3 9768.29 9744.09 9749.82 9760.05 9767.75 9772.9 9785.93 9846.9 9808.47 9814.72 9819.43 9815.29 9801.92 9802.09 9800.67 9776.1 9768.94 9748.46 9717.89 9698.57 9696.19 9683.7 9671.72 9658.95 9685.24 9708.69 9726.13 9744.95 9773.9 9810.59 9852.15 9902.25 9961.59 10001.4 10017 10061.7 10121.5 10061.2 10208.5 10140.2 10045.3 10042.1 10068.4 10092.5 10078.4
9658.82 9624.26 9672.41 9657.93 9635.07 9607.4 9597.38 9594.49 9564.37 9546.15 9544.14 9511.82 9579.2 9581.52 9591.46 9658.35 9674.98 9667.71 9658.3 9700.93 9700.51 9750.13 9776.17 9781.16 9761.03 9764.47 9773.76 9789.41 9812.58 9814.21 9815.83 9818.65 9827.38 9814.54 9784.99 9771.71 9781.54 9773.76 9752.54 9731.63 9722.46 9708.34 9694.93 9677.56 9662.25 9658.13 9683.64 9698.86 9706.86 9714.4 9750.21 9785.49 9848.7 9902.59 9945.75 9954.37 9989.32 10073.2 10146.3 10151.5 10214.7 10150.5 10072.6 10075.5 10085.3 10095.7 10125.4
9665.25 9667.74 9663.96 9652.57 9630.21 9603.23 9581.03 9566.56 9540.98 9538.65 9539.92 9546.99 9603.21 9613.17 9663.92 9738.91 9766.1 9725.61 9696.99 9709.12 9720.56 9717.71 9729.24 9743.51 9768.68 9780 9792.29 9801.3 9817.3 9798.39 9792.92 9803.51 9807.95 9796.82 9770.21 9777.07 9784.18 9767.83 9750.25 9736.83 9725.8 9705.11 9683.82 9665.01 9657.12 9666.35 9693.05 9703.71 9706.23 9713.19 9775.69 9808.05 9863.7 9907.02 9940.37 9945.83 9975.15 10066.3 10136.4 10172 10240.6 10154.8 10092.7 10106.7 10080.3 10061.9 10075.6
9693.23 9666.58 9656.94 9648.26 9628.09 9611.36 9596.49 9581.5 9566.39 9574.71 9545.18 9559.06 9605.14 9670.47 9787.91 9867.31 9889.52 9798.6 9758.13 9760.81 9724.86 9741.75 9739.99 9734.61 9748.12 9769.08 9790.06 9806.67 9799.44 9783.68 9777.13 9776.6 9781.75 9801.8 9800.27 9793.08 9778.33 9764.61 9762.83 9762.79 9739.64 9714.19 9690.41 9668.15 9657.75 9694.88 9717.38 9724 9726.62 9744.77 9804.02 9834.42 9891.41 9931.39 9953.33 9959.54 10011.5 10085.5 10147.1 10161.1 10198.8 10173.2 10103.9 10108.1 10051.7 10010 9989.08
9684.47 9652.88 9660.24 9643.72 9628.25 9609.56 9600.43 9599.43 9586.66 9577.58 9534.23 9548.19 9597.1 9715.44 9832.46 9907.43 9928.36 9895.45 9871.67 9881 9754.55 9744.18 9826.16 9751.57 9747.49 9763.12 9787.13 9809.62 9819.25 9797.8 9779.36 9795.84 9794.02 9814.52 9815.32 9803.26 9762.93 9762.66 9768.85 9774.34 9752.28 9729.28 9701.11 9677.03 9656.21 9716.98 9736.54 9746.65 9756.6 9756.08 9816.82 9916.08 9936.36 9970.41 10010.1 10072.9 10122.4 10108.8 10126.3 10141.1 10099.7 10046.6 10050.4 10048.2 9999.17 9956.68 9932.5
9655.46 9641.49 9642.61 9637.28 9626.74 9611.23 9607.26 9616.5 9624.78 9611.4 9583.4 9602.59 9713.65 9783.76 9852.93 9916.94 9972.44 9969.65 9964.11 9859.68 9747.7 9701.46 9774.12 9740.35 9754.19 9772.12 9796.52 9819.76 9841.56 9828.97 9809.36 9826.69 9788.8 9785.99 9819.64 9819.52 9772.56 9777.16 9776.06 9771.24 9754.77 9739.25 9718.2 9700.1 9688.44 9709.49 9742.44 9764.49 9788.14 9809.91 9851.37 9901.84 9977.01 10017.4 10052.4 10086.6 10064.2 10085.6 10119.3 10125.8 10119.2 9999.52 9960.21 9938 9926.84 9903.61 9877.22
9690.19 9659.71 9647.77 9635.47 9628.09 9607.78 9597.76 9629.55 9678.66 9675.24 9660.78 9684.57 9772.03 9792.51 9826.53 9874.63 9898.51 9916.5 9898.21 9799.32 9728.67 9691.73 9729.4 9742.42 9769.9 9793.45 9816.81 9834.44 9855.01 9848.33 9833.71 9839.49 9799.57 9798.34 9849.97 9835.68 9811.07 9811.42 9793.95 9767.7 9763.32 9752.25 9736.04 9726.06 9722.01 9724.74 9745.33 9765.08 9791.58 9837.45 9913.01 10008.1 10048.2 10051.4 10054.6 10054.6 10018 10045.1 10120 10174.4 10157.9 10073 9957.54 9913.68 9885.12 9859.94 9829.29
