real_craters/C208-750m.grd
DSAA
428 428
-160.125 160.125
-160.125 160.125
7684.4007989683 11682.115086746
[rows 374 to 407 of 428, columns 228 to 303 of 428]
9138 9156 9139 9113 9117 9121 9126 9135 9141 9124 9125 9144 9151 9153 9154 9150 9155 9162 9162 9188 9208 9226 9245 9260 9277 9298 9312 9326 9341 9364 9389 9406 9425 9459 9530 9582 9607 9636 9665 9688 9688 9676 9669 9658 9646 9630 9624 9604 9554 9567 9575 9624 9666 9705 9742 9731 9720 9720 9772 9876 9931 9910 9880 9853 9844 9854 9866 9881 9906 9972 1.009e+004 1.02e+004 1.029e+004 1.026e+004 1.018e+004 1.015e+004
9118 9116 9115 9095 9100 9107 9111 9116 9116 9113 9140 9148 9136 9140 9146 9141 9144 9152 9162 9175 9189 9204 9216 9228 9234 9245 9269 9291 9315 9346 9390 9399 9426 9468 9527 9574 9597 9627 9659 9687 9698 9699 9695 9679 9668 9659 9661 9650 9618 9638 9629 9663 9692 9720 9747 9728 9716 9718 9772 9870 9927 9910 9886 9869 9865 9874 9887 9902 9927 1.001e+004 1.01e+004 1.017e+004 1.021e+004 1.018e+004 1.009e+004 1.005e+004
9107 9101 9089 9089 9091 9097 9101 9101 9123 9116 9149 9153 9128 9125 9130 9129 9135 9143 9150 9164 9175 9185 9193 9200 9206 9225 9237 9259 9282 9307 9338 9365 9409 9456 9488 9520 9564 9603 9642 9677 9696 9706 9708 9693 9675 9676 9683 9677 9509 9495 9694 9703 9707 9711 9710 9713 9709 9722 9763 9827 9867 9881 9880 9883 9890 9901 9917 9936 9967 1.002e+004 1.009e+004 1.014e+004 1.016e+004 1.014e+004 1.009e+004 1.005e+004
9091 9086 9088 9085 9087 9092 9099 9110 9121 9133 9144 9141 9126 9113 9106 9119 9124 9135 9147 9159 9165 9171 9176 9179 9177 9191 9211 9231 9250 9267 9282 9324 9370 9414 9451 9488 9529 9573 9617 9662 9683 9699 9717 9697 9682 9683 9682 9695 9601 9609 9701 9714 9713 9712 9710 9710 9711 9712 9749 9791 9818 9857 9875 9891 9912 9927 9949 9973 1e+004 1.004e+004 1.009e+004 1.012e+004 1.013e+004 1.012e+004 1.009e+004 1.005e+004
9075 9074 9081 9078 9082 9087 9094 9102 9115 9129 9138 9140 9119 9108 9093 9094 9108 9124 9140 9152 9157 9162 9165 9166 9168 9181 9195 9213 9228 9241 9255 9295 9351 9389 9418 9447 9496 9538 9579 9615 9650 9672 9681 9687 9687 9690 9704 9697 9672 9662 9679 9706 9713 9713 9713 9714 9721 9737 9760 9788 9815 9850 9879 9899 9920 9947 9977 1.001e+004 1.004e+004 1.006e+004 1.011e+004 1.014e+004 1.014e+004 1.013e+004 1.01e+004 1.006e+004
9058 9056 9063 9073 9078 9084 9089 9091 9091 9108 9117 9112 9110 9107 9091 9076 9092 9111 9130 9144 9150 9155 9159 9161 9165 9175 9185 9199 9213 9228 9249 9278 9315 9351 9386 9430 9465 9508 9544 9577 9619 9647 9664 9681 9695 9712 9728 9711 9684 9676 9678 9692 9703 9712 9713 9722 9733 9739 9766 9792 9820 9854 9885 9908 9933 9970 1.001e+004 1.005e+004 1.008e+004 1.012e+004 1.016e+004 1.02e+004 1.021e+004 1.015e+004 1.012e+004 1.008e+004
9046 9049 9062 9069 9075 9079 9084 9091 9100 9087 9086 9081 9082 9096 9078 9065 9081 9099 9119 9135 9142 9148 9152 9160 9170 9175 9181 9192 9201 9216 9240 9262 9266 9317 9360 9381 9438 9487 9525 9559 9598 9631 9658 9678 9693 9705 9728 9720 9696 9691 9702 9709 9716 9723 9723 9739 9748 9766 9775 9797 9828 9862 9897 9927 9961 1e+004 1.004e+004 1.008e+004 1.011e+004 1.016e+004 1.02e+004 1.022e+004 1.023e+004 1.022e+004 1.018e+004 1.014e+004
9038 9042 9057 9062 9065 9068 9072 9070 9046 9053 9057 9054 9054 9072 9064 9059 9071 9088 9109 9131 9134 9140 9147 9157 9157 9174 9180 9187 9197 9205 9210 9219 9272 9316 9363 9415 9451 9482 9515 9553 9587 9620 9648 9673 9691 9701 9720 9729 9719 9727 9724 9721 9727 9738 9751 9747 9747 9758 9774 9797 9827 9862 9904 9946 1.001e+004 1.006e+004 1.007e+004 1.01e+004 1.012e+004 1.017e+004 1.02e+004 1.022e+004 1.024e+004 1.027e+004 1.021e+004 1.018e+004
9029 9030 9042 9050 9055 9058 9058 9053 9038 9031 9036 9039 9037 9042 9048 9051 9062 9077 9094 9108 9120 9127 9140 9153 9167 9174 9181 9186 9194 9200 9208 9237 9293 9333 9374 9415 9453 9485 9508 9541 9581 9614 9646 9674 9693 9701 9714 9717 9716 9714 9719 9722 9731 9744 9754 9748 9746 9756 9774 9794 9817 9849 9902 9950 1.001e+004 1.006e+004 1.007e+004 1.009e+004 1.012e+004 1.014e+004 1.017e+004 1.019e+004 1.018e+004 1.017e+004 1.015e+004 1.013e+004
9026 9023 9031 9037 9042 9044 9043 9035 9016 9015 9018 9018 9029 9035 9033 9044 9052 9064 9075 9087 9100 9115 9133 9147 9161 9172 9182 9184 9195 9205 9218 9249 9307 9346 9389 9428 9464 9496 9528 9554 9581 9611 9642 9672 9698 9698 9700 9712 9724 9684 9695 9711 9725 9740 9756 9754 9752 9764 9777 9793 9816 9850 9887 9933 9980 1.002e+004 1.005e+004 1.007e+004 1.01e+004 1.012e+004 1.012e+004 1.012e+004 1.011e+004 1.008e+004 1.008e+004 1.007e+004
9018 9015 9020 9025 9028 9029 9029 9025 9010 9004 9006 9010 9025 9019 9028 9036 9046 9053 9059 9064 9083 9103 9125 9144 9161 9172 9182 9192 9195 9208 9225 9249 9300 9354 9408 9459 9499 9512 9523 9551 9580 9608 9639 9676 9698 9701 9704 9687 9688 9678 9689 9703 9718 9732 9742 9729 9752 9771 9781 9789 9805 9832 9868 9908 9949 9978 1.001e+004 1.004e+004 1.006e+004 1.008e+004 1.01e+004 1.008e+004 1.007e+004 1.005e+004 1.004e+004 1.002e+004
9011 9011 9013 9017 9018 9018 9017 9016 9006 9001 9005 9015 9020 9024 9029 9033 9040 9047 9053 9058 9076 9097 9119 9136 9156 9169 9182 9194 9204 9219 9235 9258 9296 9358 9422 9482 9523 9534 9539 9559 9581 9602 9620 9636 9666 9688 9682 9677 9716 9699 9691 9701 9712 9721 9722 9724 9751 9773 9776 9780 9787 9799 9838 9882 9924 9960 9988 1e+004 1.002e+004 1.002e+004 1.006e+004 1.005e+004 1.004e+004 1.002e+004 1.001e+004 9993
9007 9008 9012 9011 9010 9008 9003 9015 9009 9001 9006 9013 9019 9025 9023 9031 9039 9046 9053 9063 9080 9097 9117 9130 9151 9169 9183 9197 9212 9227 9241 9255 9297 9366 9439 9507 9556 9563 9558 9575 9591 9604 9612 9613 9639 9672 9689 9699 9699 9692 9695 9702 9709 9718 9728 9744 9766 9770 9770 9771 9772 9770 9813 9864 9906 9950 9962 9960 9960 9954 9961 9995 1.002e+004 1.001e+004 9982 9974
8999 9005 9007 9006 9006 9005 9006 9019 9008 8999 9007 9013 9014 9016 9024 9032 9039 9046 9055 9066 9081 9098 9119 9138 9154 9169 9187 9203 9220 9237 9254 9271 9312 9377 9454 9532 9598 9593 9588 9597 9609 9619 9624 9625 9643 9680 9710 9704 9697 9696 9702 9700 9702 9710 9729 9764 9767 9755 9762 9768 9776 9781 9815 9852 9881 9902 9910 9910 9907 9899 9897 9924 9936 9948 9945 9934
8993 8995 9000 9002 9003 9004 9005 9008 9004 9001 9010 9015 9015 9024 9033 9036 9042 9049 9057 9066 9078 9098 9118 9140 9154 9169 9186 9204 9222 9242 9262 9293 9321 9383 9467 9550 9605 9617 9614 9624 9634 9644 9652 9662 9672 9692 9705 9707 9699 9695 9701 9690 9691 9698 9706 9706 9700 9728 9749 9768 9790 9817 9840 9849 9856 9854 9855 9864 9866 9865 9863 9865 9876 9896 9908 9915
8988 8995 8997 8999 9001 9002 9003 9003 9005 9017 9008 9015 9026 9034 9037 9040 9043 9049 9058 9069 9084 9097 9112 9132 9149 9166 9183 9201 9219 9238 9257 9265 9304 9380 9477 9574 9650 9665 9656 9658 9663 9672 9682 9689 9691 9694 9704 9704 9702 9673 9657 9667 9675 9683 9686 9685 9687 9711 9738 9767 9800 9837 9858 9846 9837 9828 9827 9831 9836 9839 9840 9847 9857 9864 9875 9879
8984 8989 8994 8999 9002 9003 9000 8998 8999 8998 9004 9018 9032 9036 9035 9038 9043 9049 9057 9067 9077 9092 9104 9120 9142 9160 9176 9193 9212 9233 9257 9279 9285 9375 9488 9600 9697 9717 9700 9691 9689 9694 9703 9720 9712 9692 9698 9696 9646 9642 9640 9653 9665 9671 9673 9674 9688 9701 9727 9759 9795 9832 9852 9837 9821 9810 9805 9813 9819 9824 9827 9838 9835 9846 9854 9855
8984 8985 8991 8998 9004 9006 9003 8996 8997 8999 9016 9022 9030 9031 9032 9035 9042 9049 9055 9064 9071 9087 9104 9120 9137 9154 9169 9184 9203 9225 9256 9287 9285 9383 9499 9615 9715 9742 9724 9711 9703 9702 9706 9711 9696 9673 9668 9641 9623 9632 9646 9656 9662 9668 9671 9666 9665 9689 9718 9747 9777 9802 9815 9811 9803 9800 9798 9807 9814 9818 9824 9830 9830 9838 9846 9851
8978 8979 8987 8997 9006 9013 9007 8998 8999 9003 9013 9021 9027 9025 9023 9027 9035 9044 9054 9064 9076 9089 9097 9115 9134 9148 9164 9178 9193 9210 9231 9269 9327 9408 9506 9612 9710 9748 9730 9712 9703 9699 9693 9685 9668 9626 9610 9595 9614 9635 9650 9659 9666 9673 9678 9677 9678 9688 9711 9738 9758 9767 9763 9784 9791 9797 9803 9809 9814 9818 9824 9830 9829 9834 9843 9851
8977 8975 8985 8996 9008 9018 9017 9003 9001 9004 9011 9017 9021 9003 9013 9022 9033 9043 9054 9065 9079 9092 9105 9120 9132 9146 9158 9170 9180 9193 9209 9259 9340 9417 9503 9593 9670 9714 9708 9699 9693 9688 9679 9661 9651 9621 9592 9614 9625 9632 9643 9654 9663 9676 9689 9699 9690 9693 9713 9733 9748 9757 9765 9778 9787 9798 9808 9813 9815 9817 9819 9821 9824 9830 9836 9838
8975 8973 8984 8995 9006 9014 9007 9002 8999 8998 8998 9013 9022 9015 9009 9019 9032 9044 9055 9066 9075 9091 9113 9127 9133 9142 9150 9159 9172 9188 9213 9264 9324 9405 9496 9571 9630 9659 9666 9670 9673 9674 9668 9650 9621 9577 9589 9612 9612 9612 9626 9643 9653 9672 9695 9720 9706 9709 9727 9739 9748 9757 9767 9778 9791 9800 9809 9814 9815 9813 9814 9816 9819 9826 9830 9834
8973 8975 8985 8995 9005 9011 9004 8999 8997 8997 9001 9008 9014 9009 9014 9023 9033 9044 9056 9069 9085 9105 9120 9130 9132 9141 9149 9160 9172 9188 9219 9276 9351 9429 9489 9551 9600 9626 9635 9647 9656 9661 9664 9644 9595 9569 9582 9588 9598 9590 9596 9610 9632 9660 9688 9715 9732 9744 9743 9747 9754 9762 9769 9780 9791 9800 9808 9812 9812 9813 9816 9825 9825 9826 9826 9827
8970 8979 8988 8996 9003 9007 9002 8998 8993 8991 9001 9002 9004 9015 9021 9029 9037 9046 9057 9069 9086 9102 9113 9125 9130 9142 9152 9156 9166 9189 9223 9289 9359 9420 9490 9537 9578 9590 9605 9623 9635 9641 9645 9627 9586 9544 9560 9578 9588 9562 9565 9576 9613 9647 9679 9704 9729 9747 9749 9754 9756 9766 9779 9788 9793 9796 9801 9806 9806 9811 9819 9828 9830 9828 9826 9826
8980 8988 8993 8998 9002 9005 9009 8997 8990 8986 8992 9000 9010 9012 9022 9031 9038 9047 9056 9066 9077 9083 9095 9114 9128 9140 9149 9153 9171 9193 9240 9309 9396 9475 9507 9520 9529 9552 9583 9601 9615 9621 9605 9596 9581 9567 9543 9558 9571 9536 9549 9579 9601 9633 9668 9692 9707 9735 9739 9746 9751 9764 9778 9788 9789 9786 9785 9787 9797 9807 9817 9823 9827 9830 9833 9832
8999 9000 9002 9004 9003 8999 8997 8995 8989 8983 8992 8996 9005 9013 9021 9030 9037 9045 9053 9062 9070 9079 9098 9110 9124 9140 9149 9166 9181 9198 9229 9325 9426 9515 9514 9498 9482 9520 9555 9576 9600 9620 9614 9599 9573 9569 9547 9523 9537 9516 9539 9560 9585 9614 9647 9672 9668 9689 9718 9727 9732 9747 9766 9778 9775 9767 9765 9773 9786 9806 9820 9827 9830 9831 9833 9833
8996 9005 9008 9010 9010 9007 9002 8999 8993 8984 8992 8999 9006 9010 9017 9024 9035 9044 9052 9059 9067 9080 9098 9109 9124 9143 9160 9177 9197 9227 9277 9345 9430 9505 9506 9477 9448 9474 9511 9544 9575 9614 9671 9612 9563 9532 9521 9516 9499 9519 9539 9557 9575 9587 9607 9635 9662 9693 9696 9695 9695 9706 9731 9766 9742 9735 9741 9743 9778 9799 9815 9817 9817 9825 9826 9830
9005 9010 9013 9016 9020 9022 9014 9007 9002 9000 8995 8997 9006 9018 9025 9028 9035 9043 9050 9057 9064 9071 9095 9120 9146 9172 9173 9197 9226 9256 9294 9353 9417 9476 9478 9454 9435 9448 9479 9513 9546 9570 9578 9566 9536 9502 9501 9505 9489 9518 9540 9558 9563 9556 9546 9586 9648 9680 9662 9650 9642 9646 9650 9630 9663 9692 9723 9758 9786 9806 9808 9808 9803 9808 9818 9826
9007 9012 9016 9020 9024 9029 9021 9016 9011 9005 9000 8998 9008 9018 9026 9030 9036 9042 9049 9055 9063 9078 9097 9121 9148 9176 9185 9211 9249 9286 9319 9349 9381 9406 9416 9430 9431 9428 9444 9480 9513 9534 9534 9522 9492 9463 9482 9473 9474 9504 9527 9531 9529 9533 9540 9570 9618 9639 9602 9592 9585 9582 9573 9558 9600 9650 9702 9754 9777 9797 9797 9805 9807 9804 9813 9819
9009 9014 9018 9022 9023 9023 9025 9024 9022 9019 9013 9008 9009 9019 9026 9035 9039 9044 9049 9056 9063 9075 9096 9122 9147 9175 9205 9229 9264 9298 9323 9333 9343 9337 9352 9395 9457 9414 9422 9453 9486 9508 9508 9488 9461 9456 9470 9469 9485 9526 9519 9506 9499 9521 9537 9557 9574 9570 9520 9535 9543 9535 9533 9539 9567 9614 9671 9726 9720 9676 9743 9770 9787 9804 9810 9813
9011 9017 9021 9025 9028 9033 9032 9031 9030 9027 9023 9021 9019 9022 9026 9032 9040 9046 9052 9058 9066 9080 9101 9122 9145 9173 9202 9232 9265 9283 9306 9316 9321 9325 9335 9343 9345 9374 9391 9422 9461 9498 9499 9461 9436 9437 9445 9460 9442 9518 9513 9496 9497 9513 9533 9536 9526 9499 9495 9507 9516 9520 9510 9509 9537 9584 9634 9672 9681 9682 9682 9723 9768 9802 9808 9812
9014 9020 9025 9030 9035 9038 9037 9035 9035 9035 9031 9025 9022 9023 9028 9035 9042 9049 9056 9062 9069 9085 9105 9120 9140 9165 9194 9222 9260 9321 9305 9300 9305 9315 9325 9319 9317 9322 9342 9384 9429 9469 9471 9430 9391 9402 9403 9411 9435 9468 9481 9474 9466 9494 9528 9511 9497 9479 9484 9502 9514 9512 9508 9507 9528 9567 9607 9642 9658 9648 9634 9685 9757 9797 9819 9819
9018 9021 9026 9032 9039 9039 9039 9037 9034 9039 9045 9028 9023 9024 9028 9034 9043 9052 9061 9069 9072 9082 9092 9109 9131 9157 9182 9204 9221 9230 9262 9278 9290 9297 9299 9301 9300 9294 9307 9352 9395 9430 9428 9403 9379 9390 9387 9393 9416 9440 9447 9451 9454 9465 9477 9484 9481 9481 9494 9520 9525 9521 9516 9514 9526 9558 9594 9629 9644 9626 9616 9667 9743 9810 9834 9824
9018 9020 9025 9032 9039 9040 9041 9039 9039 9043 9047 9034 9026 9026 9028 9033 9041 9055 9067 9078 9089 9087 9079 9099 9125 9151 9174 9192 9200 9204 9233 9259 9275 9285 9290 9284 9279 9277 9288 9327 9363 9382 9392 9381 9368 9378 9383 9389 9398 9435 9434 9437 9436 9446 9456 9466 9472 9482 9563 9556 9544 9538 9533 9528 9532 9560 9592 9621 9634 9620 9609 9653 9712 9800 9821 9812
9010 9014 9022 9031 9040 9043 9043 9043 9043 9048 9050 9043 9031 9030 9033 9039 9050 9062 9072 9084 9097 9091 9083 9098 9124 9150 9174 9194 9211 9222 9234 9251 9264 9274 9279 9267 9262 9268 9286 9312 9341 9365 9368 9362 9360 9365 9392 9388 9390 9398 9424 9428 9435 9439 9448 9458 9470 9486 9518 9548 9555 9556 9555 9553 9548 9580 9603 9620 9635 9630 9618 9640 9678 9751 9757 9769
