real_craters/C208-750m.grd
DSAA
428 428
-160.125 160.125
-160.125 160.125
7684.4007989683 11682.115086746
[rows 170 to 203 of 428, columns 76 to 151 of 428]
9820 9808 9794 9786 9788 9749 9745 9748 9755 9765 9771 9779 9790 9796 9793 9774 9738 9763 9798 9806 9806 9804 9826 9739 9751 9827 9869 9876 9884 9923 9961 1e+004 1.001e+004 1.001e+004 1.001e+004 1.001e+004 9989 9962 9954 9983 9996 1.003e+004 1.002e+004 9954 9915 9884 9860 9803 9768 9792 9804 9821 9818 9800 9790 9781 9774 9787 9827 9854 9866 9848 9828 9814 9798 9807 9886 9967 1.014e+004 1.013e+004 9711 9483 9316 9234 9256 9322
9813 9803 9794 9783 9783 9758 9751 9754 9762 9772 9786 9792 9794 9796 9795 9790 9784 9765 9792 9799 9790 9800 9848 9881 9891 9900 9927 9937 9948 9965 9992 1.001e+004 1.002e+004 1.002e+004 1.003e+004 1.001e+004 9979 9947 9948 9928 9959 9982 9976 9950 9923 9929 9947 9905 9873 9873 9848 9801 9803 9814 9807 9798 9796 9821 9873 9902 9873 9852 9841 9836 9835 9825 9853 9898 1.016e+004 1.02e+004 9801 9566 9367 9257 9270 9363
9796 9794 9795 9796 9781 9754 9755 9763 9772 9776 9783 9792 9798 9802 9799 9809 9815 9805 9798 9804 9799 9813 9885 9961 9930 9950 9974 9968 9976 9992 1.001e+004 1.003e+004 1.004e+004 1.004e+004 1.003e+004 1.001e+004 9974 9938 9915 9894 9926 9946 9944 9944 9932 9940 9956 9976 9986 9977 9912 9868 9848 9835 9828 9822 9814 9838 9872 9881 9872 9857 9847 9839 9837 9844 9849 9873 1.007e+004 1.022e+004 9956 9688 9460 9308 9298 9365
9784 9781 9786 9781 9759 9763 9769 9773 9776 9781 9787 9794 9798 9804 9812 9818 9815 9818 9835 9831 9848 9874 9867 9819 9915 1e+004 1.001e+004 9998 9998 1.001e+004 1.002e+004 1.006e+004 1.009e+004 1.004e+004 9986 9947 9958 9958 9927 9912 9924 9947 9965 9956 9939 9945 9965 9992 9994 9983 9942 9908 9882 9862 9855 9857 9859 9865 9878 9886 9886 9876 9847 9824 9813 9855 9855 9891 1.007e+004 1.018e+004 1.004e+004 9808 9578 9386 9410 9491
9779 9772 9759 9787 9796 9789 9790 9792 9793 9794 9796 9797 9802 9807 9809 9827 9847 9816 9807 9843 9883 9935 9898 9882 1.009e+004 1.008e+004 1.006e+004 1.004e+004 1.003e+004 1.002e+004 1.002e+004 1.003e+004 1.009e+004 1.007e+004 1e+004 9958 9949 9928 9908 9904 9930 9960 9979 9973 9971 9960 9938 9940 9971 9978 9946 9895 9898 9898 9888 9882 9899 9884 9878 9881 9874 9865 9834 9807 9782 9825 9831 9832 9937 1.011e+004 1.006e+004 9918 9775 9659 9714 9816
9786 9781 9790 9823 9840 9827 9814 9807 9804 9803 9804 9805 9807 9812 9840 9833 9805 9817 9824 9850 9893 9944 9986 1.009e+004 1.012e+004 1.012e+004 1.011e+004 1.011e+004 1.007e+004 1.003e+004 1e+004 9956 9878 1.005e+004 9990 9949 9950 9928 9907 9911 9938 9967 9986 9977 9955 9939 9936 9952 9991 9999 9964 9945 9952 9939 9915 9880 9849 9864 9864 9843 9846 9835 9823 9807 9800 9802 9830 9858 9871 9996 1.004e+004 1.001e+004 9998 1.006e+004 1.016e+004 1.027e+004
9794 9793 9794 9832 9832 9832 9826 9825 9822 9817 9816 9813 9811 9809 9803 9827 9853 9824 9825 9847 9878 9928 1e+004 1.009e+004 1.016e+004 1.015e+004 1.014e+004 1.013e+004 1.009e+004 1.004e+004 9998 9950 9903 1e+004 9988 9960 9980 9937 9902 9926 9950 9967 9983 9969 9957 9959 9977 1e+004 1.002e+004 1.003e+004 9993 9980 1.002e+004 9981 9940 9898 9868 9866 9865 9863 9851 9830 9824 9813 9809 9838 9862 9880 9945 1.002e+004 1.004e+004 1.006e+004 1.01e+004 1.023e+004 1.026e+004 1.03e+004
9800 9811 9825 9814 9833 9838 9836 9832 9829 9829 9825 9820 9816 9813 9810 9829 9847 9796 9791 9833 9911 9917 9984 1.003e+004 1.01e+004 1.014e+004 1.013e+004 1.012e+004 1.009e+004 1.004e+004 1.001e+004 9985 1.001e+004 1.001e+004 9980 9962 9966 9958 9925 9964 9970 9966 9949 9949 9958 9971 9991 1.002e+004 1.002e+004 1.002e+004 1.002e+004 1.005e+004 1.005e+004 1.001e+004 9974 9937 9904 9890 9879 9869 9855 9848 9839 9828 9817 9823 9860 9886 9917 1.002e+004 1.004e+004 1.005e+004 1.007e+004 1.008e+004 1.007e+004 1.01e+004
9801 9817 9846 9840 9844 9849 9850 9849 9845 9841 9833 9831 9828 9824 9827 9848 9842 9767 9764 9801 9832 9910 9947 9958 1.002e+004 1.006e+004 1.011e+004 1.011e+004 1.007e+004 1.004e+004 1.001e+004 9996 9991 9969 9962 9966 9977 9996 1.004e+004 1.002e+004 9992 9975 9958 9952 9954 9959 9981 1.001e+004 9994 9973 9988 1.002e+004 1.003e+004 1.001e+004 9980 9972 9949 9913 9896 9883 9880 9878 9863 9846 9840 9856 9875 9886 9933 9989 9998 1.003e+004 1.005e+004 1.006e+004 1.011e+004 1.013e+004
9802 9796 9786 9812 9844 9857 9860 9861 9860 9858 9850 9846 9845 9844 9850 9872 9856 9791 9783 9797 9797 9840 9864 9907 9961 9999 1.006e+004 1.007e+004 1.005e+004 1.003e+004 1.001e+004 9993 9974 9974 9991 9981 9996 1.001e+004 1.003e+004 1.002e+004 9996 9981 9979 9966 9931 9914 9924 9974 9922 9915 9945 9982 1.001e+004 9986 9958 9933 9923 9915 9908 9909 9902 9887 9870 9858 9855 9860 9874 9872 9873 9926 9957 1e+004 1.003e+004 1.007e+004 1.011e+004 1.019e+004
9818 9818 9817 9843 9866 9868 9866 9861 9860 9863 9862 9859 9859 9864 9863 9869 9863 9829 9823 9831 9861 9853 9859 9898 9937 9956 9982 1.001e+004 1.001e+004 1.001e+004 9992 9974 9960 9980 1.005e+004 1.004e+004 1.003e+004 1.003e+004 1.002e+004 9997 9989 9969 9955 9931 9888 9858 9838 9825 9825 9837 9885 9923 9936 9946 9932 9901 9906 9910 9909 9907 9899 9879 9867 9863 9863 9858 9865 9900 9933 9944 9961 1.001e+004 1.005e+004 1.009e+004 1.015e+004 1.018e+004
9843 9865 9862 9876 9883 9882 9877 9877 9872 9873 9873 9877 9881 9884 9884 9905 9899 9888 9866 9856 9860 9869 9867 9889 9908 9905 9924 9954 9969 9969 9961 9952 9955 9982 1.01e+004 1.014e+004 1.011e+004 1.006e+004 1.004e+004 1.003e+004 9980 9943 9915 9886 9847 9807 9801 9787 9797 9792 9817 9870 9902 9924 9919 9934 9912 9910 9909 9897 9876 9868 9860 9862 9880 9914 9917 9964 9978 9976 1e+004 1.005e+004 1.008e+004 1.013e+004 1.017e+004 1.018e+004
9858 9878 9892 9874 9883 9882 9880 9880 9882 9880 9883 9885 9886 9893 9905 9912 9917 9919 9893 9868 9850 9857 9858 9873 9878 9873 9911 9931 9944 9947 9948 9950 9960 1e+004 1.012e+004 1.017e+004 1.017e+004 1.01e+004 1.004e+004 9970 9938 9909 9871 9827 9813 9800 9779 9752 9754 9769 9792 9856 9920 9925 9897 9878 9900 9908 9913 9910 9896 9868 9842 9855 9882 9927 9983 9982 1.003e+004 1.005e+004 1.008e+004 1.008e+004 1.01e+004 1.012e+004 1.011e+004 1.013e+004
9858 9849 9863 9891 9879 9872 9870 9868 9871 9874 9879 9885 9892 9898 9904 9897 9923 9917 9903 9894 9877 9853 9829 9854 9906 9926 9923 9930 9934 9932 9936 9946 9966 1e+004 1.008e+004 1.013e+004 1.014e+004 1.005e+004 9999 9958 9921 9882 9841 9802 9792 9785 9770 9746 9741 9774 9794 9849 9894 9892 9874 9868 9898 9917 9926 9934 9916 9886 9847 9848 9863 9894 9956 1e+004 9993 1.002e+004 1.008e+004 1.008e+004 1.009e+004 1.008e+004 1.008e+004 1.006e+004
9864 9872 9859 9857 9858 9857 9860 9862 9866 9873 9881 9888 9894 9899 9897 9920 9932 9919 9903 9883 9869 9847 9827 9830 9855 9940 9951 9933 9926 9923 9924 9935 9959 9993 1.003e+004 1.006e+004 1.007e+004 1e+004 9966 9943 9905 9860 9828 9804 9790 9779 9760 9741 9731 9768 9832 9816 9800 9831 9877 9901 9923 9942 9953 9960 9970 9912 9861 9847 9840 9833 9896 1e+004 1.003e+004 1.004e+004 1.003e+004 1.006e+004 1.007e+004 1.006e+004 1.001e+004 9990
9854 9872 9857 9831 9836 9843 9850 9860 9866 9872 9878 9885 9893 9903 9915 9930 9932 9918 9900 9874 9861 9854 9846 9819 9817 9873 9906 9914 9912 9908 9904 9906 9918 9954 9997 1.001e+004 1.001e+004 9985 9946 9895 9851 9841 9822 9810 9790 9777 9759 9724 9698 9710 9735 9749 9758 9812 9896 9946 9957 9970 9979 9974 9945 9918 9897 9868 9844 9828 9860 9961 1.007e+004 1.005e+004 1.007e+004 1.007e+004 1.007e+004 1.007e+004 1.002e+004 9945
9824 9808 9807 9809 9818 9828 9836 9845 9857 9865 9874 9882 9894 9909 9928 9920 9919 9910 9898 9888 9872 9856 9835 9836 9835 9870 9889 9904 9904 9893 9881 9871 9873 9895 9928 9942 9952 9962 9932 9892 9859 9839 9812 9776 9750 9736 9700 9704 9693 9680 9692 9710 9727 9784 9894 9953 9973 9993 1e+004 1.001e+004 9983 9962 9932 9903 9886 9877 9926 1.007e+004 1.014e+004 1.012e+004 1.013e+004 1.009e+004 1.005e+004 9993 9962 9939
9807 9789 9780 9791 9806 9819 9828 9836 9842 9847 9855 9868 9878 9891 9904 9907 9910 9898 9892 9884 9877 9870 9870 9879 9888 9894 9897 9897 9889 9878 9860 9841 9819 9836 9872 9902 9907 9926 9919 9909 9896 9853 9809 9763 9731 9713 9692 9691 9680 9674 9689 9705 9715 9757 9844 9923 9973 1.001e+004 1.004e+004 1.006e+004 1.008e+004 1.006e+004 9985 9950 9948 9975 1.005e+004 1.016e+004 1.018e+004 1.013e+004 1.017e+004 1.013e+004 1.004e+004 9969 9939 9936
9814 9808 9794 9794 9802 9808 9816 9818 9824 9834 9841 9851 9864 9870 9879 9887 9884 9885 9887 9890 9892 9893 9892 9905 9916 9919 9915 9886 9869 9859 9848 9836 9824 9834 9860 9878 9888 9905 9906 9904 9890 9857 9818 9780 9743 9712 9704 9704 9702 9684 9702 9721 9738 9767 9827 9916 9982 1.002e+004 1.006e+004 1.009e+004 1.012e+004 1.011e+004 1.004e+004 1e+004 9996 1.002e+004 1.013e+004 1.018e+004 1.02e+004 1.021e+004 1.019e+004 1.013e+004 1.004e+004 9970 9951 9938
9815 9807 9811 9805 9796 9795 9794 9800 9814 9819 9826 9834 9844 9861 9857 9864 9863 9884 9880 9886 9906 9925 9950 9962 9953 9958 9887 9868 9861 9856 9850 9844 9851 9851 9846 9853 9865 9866 9882 9891 9875 9857 9828 9796 9766 9723 9701 9719 9754 9761 9778 9794 9808 9811 9893 9951 9992 1.003e+004 1.006e+004 1.01e+004 1.013e+004 1.014e+004 1.01e+004 1.006e+004 1.002e+004 1.001e+004 1.001e+004 1.008e+004 1.02e+004 1.028e+004 1.017e+004 1.012e+004 1.006e+004 1.001e+004 9985 9963
9789 9798 9807 9793 9786 9785 9783 9780 9787 9793 9799 9805 9813 9825 9863 9883 9917 9913 9905 9903 9930 9950 9969 9975 9951 9890 9843 9844 9847 9852 9858 9858 9855 9874 9877 9837 9830 9858 9896 9893 9882 9858 9832 9805 9781 9751 9707 9730 9810 9890 9920 9948 9936 9946 1.001e+004 9999 1.001e+004 1.003e+004 1.006e+004 1.008e+004 1.012e+004 1.016e+004 1.009e+004 1.005e+004 1.002e+004 9990 9993 1.004e+004 1.018e+004 1.032e+004 1.02e+004 1.013e+004 1.008e+004 1.005e+004 1.004e+004 1.006e+004
9840 9833 9808 9774 9767 9768 9772 9775 9782 9787 9789 9790 9791 9795 9811 9885 9929 9940 9962 9965 9959 9964 9981 1e+004 9966 9907 9857 9833 9840 9852 9866 9892 9909 9910 9904 9902 9911 9884 9903 9895 9880 9858 9827 9802 9769 9769 9741 9754 9810 9938 9989 1.003e+004 1.004e+004 1.005e+004 1.002e+004 1.002e+004 1.002e+004 1.002e+004 1.003e+004 1.005e+004 1.005e+004 1.001e+004 1.002e+004 1e+004 9998 9976 9967 1.003e+004 1.015e+004 1.03e+004 1.025e+004 1.019e+004 1.014e+004 1.006e+004 1.009e+004 1.012e+004
9857 9830 9707 9748 9761 9770 9776 9775 9778 9780 9779 9779 9775 9776 9819 9877 9897 9941 9988 9983 9962 9954 9955 9963 9965 9900 9825 9823 9840 9859 9878 9889 9919 9951 1e+004 9968 9881 9859 9882 9878 9870 9839 9802 9786 9787 9778 9779 9789 9773 9834 9953 1.007e+004 1.007e+004 1.007e+004 1.003e+004 1.002e+004 1.001e+004 1.001e+004 1.001e+004 1.001e+004 9997 9980 9988 1.003e+004 9979 9964 9978 9989 1.011e+004 1.031e+004 1.031e+004 1.017e+004 1.016e+004 1.009e+004 1.011e+004 1.01e+004
9829 9827 9776 9751 9758 9759 9760 9766 9769 9773 9775 9777 9779 9784 9830 9870 9899 9931 9962 9961 9948 9937 9933 9955 9953 9886 9832 9835 9854 9880 9906 9928 9942 9964 9982 9908 9852 9850 9873 9843 9797 9761 9750 9745 9760 9748 9749 9753 9779 9787 9878 9968 1.004e+004 1.006e+004 1.003e+004 1.001e+004 1e+004 1e+004 1e+004 1e+004 9985 9966 9955 9928 9938 9946 9961 9973 1.007e+004 1.024e+004 1.034e+004 1.018e+004 1.015e+004 1.013e+004 1.011e+004 1.009e+004
9787 9774 9767 9762 9757 9759 9768 9774 9781 9784 9786 9792 9803 9814 9838 9857 9909 9921 9914 9919 9919 9916 9912 9929 9953 9929 9876 9866 9888 9915 9937 9951 9956 9949 9941 9901 9887 9849 9845 9800 9743 9704 9696 9682 9660 9676 9700 9722 9769 9798 9874 9956 1.003e+004 1.005e+004 1e+004 9990 9987 9991 9990 9981 9978 9971 9946 9917 9933 9953 9976 9988 1.005e+004 1.019e+004 1.028e+004 1.026e+004 1.016e+004 1.011e+004 1.008e+004 1.007e+004
9812 9813 9789 9772 9774 9779 9784 9794 9798 9801 9804 9807 9821 9851 9863 9889 9917 9908 9869 9889 9902 9908 9916 9923 9964 9972 9937 9908 9925 9955 9977 9980 9974 9942 9909 9889 9858 9811 9784 9755 9721 9693 9657 9628 9592 9609 9682 9793 9825 9935 9960 9995 1.005e+004 1.009e+004 1.001e+004 9977 9971 9973 9975 9979 9974 9969 9959 9948 9982 1.003e+004 1.005e+004 1.003e+004 1.01e+004 1.013e+004 1.015e+004 1.014e+004 1.01e+004 1.007e+004 1.003e+004 1.005e+004
9795 9802 9795 9799 9796 9801 9806 9810 9821 9824 9826 9830 9838 9850 9848 9852 9889 9893 9877 9885 9894 9904 9914 9953 9975 9958 9920 9918 9957 1e+004 1.004e+004 1.005e+004 1.001e+004 9977 9935 9900 9856 9801 9765 9731 9691 9650 9631 9609 9578 9589 9654 9730 9806 9950 9999 1.002e+004 1.005e+004 1.005e+004 9966 9963 9963 9963 9968 9977 9983 9991 1.001e+004 1.007e+004 1.009e+004 1.007e+004 1.008e+004 1.002e+004 1.006e+004 1.008e+004 1.008e+004 1.007e+004 1.008e+004 1.005e+004 1.002e+004 1.007e+004
9792 9773 9788 9803 9813 9824 9831 9838 9838 9837 9841 9847 9839 9848 9839 9846 9872 9892 9889 9889 9896 9909 9917 9931 9968 9963 9952 9949 9984 1.004e+004 1.009e+004 1.01e+004 1.006e+004 1.002e+004 9958 9910 9868 9794 9751 9717 9677 9639 9627 9619 9614 9592 9647 9684 9755 9901 9939 9963 1e+004 1.003e+004 1.002e+004 9973 9965 9970 9982 9994 1.001e+004 1.002e+004 1.005e+004 1.012e+004 1.014e+004 1.009e+004 1.008e+004 1.006e+004 1.005e+004 1.005e+004 1.005e+004 1.004e+004 1.008e+004 1.004e+004 1.004e+004 1.014e+004
9837 9803 9809 9817 9825 9831 9837 9847 9856 9865 9869 9871 9863 9844 9836 9842 9857 9875 9888 9889 9899 9915 9947 9942 9957 9961 9950 9957 9997 1.005e+004 1.011e+004 1.011e+004 1.008e+004 1.004e+004 9972 9906 9895 9799 9742 9714 9684 9659 9640 9630 9634 9665 9695 9736 9794 9847 9860 9878 9909 9967 9953 9967 9979 9985 9991 1.001e+004 1.002e+004 1.004e+004 1.007e+004 1.012e+004 1.013e+004 1.009e+004 1.009e+004 1.009e+004 1.006e+004 1.005e+004 1.003e+004 1.002e+004 1.001e+004 1.001e+004 1.004e+004 1.022e+004
9849 9840 9833 9840 9843 9851 9858 9862 9868 9879 9889 9896 9889 9874 9879 9865 9849 9838 9864 9887 9904 9915 9911 9939 9957 9967 9969 9959 1e+004 1.005e+004 1.009e+004 1.01e+004 1.009e+004 1.007e+004 1.001e+004 9940 9930 9819 9750 9725 9704 9684 9664 9650 9661 9712 9750 9799 9831 9861 9852 9851 9889 9950 9960 9980 9996 9998 1.001e+004 1.002e+004 1.003e+004 1.005e+004 1.009e+004 1.009e+004 1.008e+004 1.009e+004 1.013e+004 1.015e+004 1.015e+004 1.009e+004 1.002e+004 1.001e+004 1.001e+004 1.001e+004 1.008e+004 1.024e+004
9881 9863 9854 9847 9852 9862 9869 9880 9891 9902 9912 9922 9923 9923 9919 9897 9865 9830 9857 9885 9908 9928 9940 9920 9975 9983 9969 9971 1.001e+004 1.004e+004 1.006e+004 1.007e+004 1.008e+004 1.009e+004 1.004e+004 1e+004 9944 9864 9792 9758 9746 9723 9712 9696 9707 9742 9800 9826 9850 9868 9844 9853 9910 9995 9985 9995 1.001e+004 1.001e+004 1.002e+004 1.003e+004 1.004e+004 1.005e+004 1.006e+004 1.008e+004 1.01e+004 1.021e+004 1.026e+004 1.024e+004 1.021e+004 1.013e+004 1.002e+004 9985 1.002e+004 1.005e+004 1.011e+004 1.022e+004
9875 9874 9864 9864 9867 9875 9883 9894 9907 9920 9932 9948 9960 9957 9944 9926 9899 9884 9877 9893 9912 9935 9946 9928 9964 1e+004 1.003e+004 1.004e+004 1.004e+004 1.004e+004 1.005e+004 1.004e+004 1.003e+004 1.002e+004 1.002e+004 1e+004 9964 9887 9843 9830 9806 9810 9797 9780 9801 9865 9865 9858 9860 9860 9844 9887 9939 1.003e+004 1.003e+004 1.003e+004 1.002e+004 1.001e+004 1.001e+004 1.002e+004 1.004e+004 1.006e+004 1.009e+004 1.01e+004 1.013e+004 1.024e+004 1.029e+004 1.028e+004 1.026e+004 1.015e+004 1.001e+004 9969 1.001e+004 1.006e+004 1.012e+004 1.021e+004
9823 9846 9854 9864 9876 9882 9893 9904 9917 9929 9940 9955 9958 9969 9982 9955 9934 9919 9906 9906 9914 9930 9955 9995 9995 1.002e+004 1.006e+004 1.007e+004 1.003e+004 1.002e+004 1.003e+004 1.001e+004 9997 9996 1.002e+004 9991 9910 9881 9863 9858 9848 9833 9818 9830 9853 9885 9887 9879 9878 9914 9951 9973 1e+004 1.002e+004 1.003e+004 1.002e+004 9998 9991 9993 1e+004 1.002e+004 1.004e+004 1.008e+004 1.007e+004 1.005e+004 1.018e+004 1.027e+004 1.029e+004 1.023e+004 1.01e+004 9995 9963 9992 1.005e+004 1.012e+004 1.022e+004
9809 9822 9844 9862 9878 9901 9917 9935 9947 9956 9961 9969 9969 9975 9965 9974 9963 9940 9919 9913 9914 9917 9937 9969 9991 1e+004 1.001e+004 9993 9977 9961 9956 9963 9974 9995 1.002e+004 1.001e+004 9951 9928 9920 9903 9895 9865 9832 9817 9855 9887 9903 9902 9945 9993 1.005e+004 1.004e+004 1.001e+004 9991 9957 9935 9954 9965 9978 9988 1e+004 1.001e+004 9987 9995 1.006e+004 1.016e+004 1.023e+004 1.025e+004 1.02e+004 1.004e+004 9973 9962 1.001e+004 1.004e+004 1.013e+004 1.025e+004
