real_craters/C208-1000m.grd
DSAA
184 184
-91.5 91.5
-91.5 91.5
7720.9372893368 11673.74930614
[rows 30 to 59 of 184, columns 0 to 66 of 184]
9674.94 9656.67 9644.22 9638.24 9627.78 9605.08 9589.46 9637.33 9706.66 9731.19 9708.93 9717.76 9768.97 9759.95 9797.06 9821.28 9817.74 9805.77 9764.88 9765.39 9742.01 9700.75 9715.85 9758.39 9785.27 9808.93 9829.43 9849.12 9863.28 9859.09 9871.64 9856.7 9839.29 9846.73 9856.35 9859.46 9842.59 9835.44 9819.9 9819.24 9798.13 9770.9 9753.23 9741 9749.97 9741.48 9733.62 9746.51 9779.27 9829.89 9907.16 10026.1 10078.8 10062.9 10041.4 10012.3 9978.42 9993.96 10037.1 10163.8 10139.8 10096 9969.23 9901.31 9854.67 9820.92 9791.54
9659.63 9663.88 9660.37 9643.34 9619.71 9602.29 9605.2 9647.77 9696.24 9733.71 9727.1 9742.2 9785.13 9812.28 9825.21 9795.67 9753.71 9740.43 9719.36 9739.1 9711.91 9680.25 9715.2 9774.44 9814.29 9827.77 9847.1 9864.5 9883.56 9889.83 9819.84 9828.57 9858.17 9859.04 9857.33 9868.63 9844.57 9837.05 9828.39 9824.65 9804.87 9775.6 9750.04 9723.81 9706.46 9703.8 9712.43 9724.72 9749.74 9826.27 9875.71 9983.3 10039 10035.8 10016.1 9985.28 9950.34 9945.54 9983.43 10061 10076.8 10075.7 10018.3 9910.28 9843.46 9799.41 9806.25
9654.38 9679.18 9685.26 9655.74 9630.19 9618.26 9646.94 9675.48 9708.34 9745.13 9749.46 9775.37 9817.75 9812.56 9822.93 9794.17 9754.84 9747.19 9773.03 9751.47 9675.19 9672.89 9724.7 9799.06 9836.16 9850.97 9863.9 9875.35 9874.57 9861.18 9852.24 9857.56 9862.17 9866 9853.85 9899.46 9885 9838.3 9822.11 9819.88 9804 9772.12 9741.3 9711.83 9677.18 9680.68 9691.5 9700.16 9716.5 9770.38 9842.02 9916.47 9973.48 10001.1 9998.53 9976.23 9941.6 9922.22 9927.95 10003.4 10001 10001.8 10026.7 9925.44 9843.13 9786.32 9788.12
9686.02 9710.82 9692.67 9668.86 9656.2 9653.86 9681.77 9709.85 9745.82 9772.91 9776.67 9825.89 9794.7 9801.64 9822.41 9808.96 9774.15 9757.07 9752.13 9724.54 9693.82 9691.06 9715.7 9774.19 9843.76 9856.25 9871.42 9882.64 9872.35 9829.85 9855.43 9865.35 9839.06 9818.42 9785.46 9835.63 9838.41 9815.15 9806.42 9802.47 9786.28 9762.98 9736.85 9707.76 9683.36 9687.83 9694.38 9692.42 9691.48 9736.27 9800.22 9882.8 9947.47 9985.63 9991.9 9986.27 9980.71 9950.57 9945.1 9929.83 9931.9 9945.53 9937.28 9887.49 9835.25 9797 9823.53
9674.6 9694.36 9686.32 9674.35 9677.98 9687.65 9702.62 9725.66 9755.45 9764.45 9784.39 9827.69 9808.44 9849.8 9880.16 9845.18 9788.92 9753.07 9750.47 9742.03 9688.38 9685.35 9713.48 9763.06 9837.98 9858.54 9869.92 9874.92 9851.97 9820.11 9809.48 9794.69 9787.37 9775.41 9763.36 9810.27 9824.8 9802.2 9794.99 9785.82 9770.82 9755.61 9736.28 9715.03 9708.02 9714.45 9717.21 9714.07 9709.6 9736.83 9782.88 9880.62 9980.99 9983.54 9989.07 9987.51 9959.47 9948.29 9937.5 9886.6 9884.52 9888.71 9878.96 9844.01 9825.55 9836.83 9907.71
9662.14 9687.77 9710.65 9738.3 9733.99 9717.36 9721.64 9734.12 9751.1 9768.66 9798.31 9813.47 9856.89 9912.82 9930.03 9885 9822.94 9772.89 9753.47 9753.26 9763.31 9749.47 9774.33 9807.62 9852.77 9852.5 9844.44 9848.88 9814.23 9768.39 9735.56 9725.37 9735.57 9741.7 9731.47 9765.41 9830.8 9798.03 9791.57 9782.41 9773.43 9758.58 9739.4 9720.59 9728.12 9756.66 9770.7 9776.94 9796.71 9783.36 9799.18 9864.44 9913.36 9959.08 9986.12 9995.64 9984.82 9911.53 9854.75 9851.05 9876.23 9903.76 9830.61 9797.1 9812.1 9916.73 10043.2
9648.93 9668.81 9723.06 9785.86 9752.36 9720.75 9735.57 9763.85 9781.05 9799.64 9825.39 9855.68 9946.97 9967.4 9950.43 9921.2 9882.59 9849.25 9802.42 9785.83 9784.12 9803.23 9821.69 9860.78 9869.97 9835.04 9794.38 9746.93 9729.01 9707.08 9694.6 9674.35 9683.86 9723.17 9728.47 9714.52 9743.21 9795.31 9778.31 9771.19 9778.83 9756.35 9744.61 9748.41 9782.37 9802.7 9829.02 9859.29 9874.35 9840.16 9832.12 9866.98 9884.4 9950.44 9989.26 10003 10011.5 9931.89 9851.31 9847.87 9854.75 9836.07 9793.14 9774.61 9805.62 9934.62 10076
9642.84 9669.38 9710.23 9760.54 9777.5 9760.71 9767.2 9803.42 9813.62 9813.41 9886.5 9958.76 10014.3 10007 9969.46 9952.69 9935.66 9911.43 9871.43 9825.81 9869.53 9897.37 9908.4 9884.69 9866.38 9801.52 9726.34 9674.71 9643.22 9627.58 9601.72 9580.3 9607.74 9634.72 9652.52 9675.3 9690.27 9707.39 9731.68 9734.02 9724.06 9733.61 9741.8 9763.12 9803.7 9834.74 9873.15 9914.31 9934.58 9885.45 9884.47 9931.12 9991.97 10015.8 10011.6 9998.19 9959.37 9929.71 9896.72 9892.84 9891 9877.57 9811.89 9796.67 9830.75 9881.51 9930.09
9643.24 9654.37 9690.05 9703.32 9732.57 9763.22 9784.83 9816.78 9827.64 9832.36 9905.73 9994.9 10017.7 10026.6 10009.4 9995.1 9973.77 9957.39 9926.52 9905.31 9909.64 9925.3 9900.24 9851.36 9841.98 9727.94 9631.46 9562.05 9549.24 9548.3 9538.19 9543.65 9552.75 9552.04 9605.51 9639.31 9645.81 9671.38 9691.57 9698.81 9703.35 9711.83 9725.11 9735.95 9795.31 9836.01 9876.15 9916.12 9902.99 9927.21 9934.52 9976.48 10047.1 10053.8 10037 10014 9972.53 9960.28 9987.33 9975.19 9963.66 9972.27 9906.34 9851.23 9846.56 9843.35 9840.85
9663 9695.77 9713.79 9704.77 9725.47 9753.5 9786.65 9807.86 9831.88 9858.84 9900.32 9955.18 10016.9 10046.4 10063.1 10038.1 9980.32 9942.44 9910.85 9872.53 9851.31 9885.95 9805.99 9728.12 9645.98 9606.72 9539.83 9487.84 9487.74 9499.56 9546.72 9558.15 9551.48 9533.01 9583.21 9613.86 9615.53 9647.57 9666.52 9675.72 9680.09 9690.18 9706.88 9743.76 9776 9826.6 9879.32 9939.38 10034.5 9938.69 9963.59 10005.8 10050.8 10075.9 10078.3 10057.8 10055 10057.7 10074.5 10073.9 10069.1 10016.2 9967.13 9921.1 9862.27 9827.42 9821.93
9690.32 9719.43 9746.78 9719.1 9756.93 9785.28 9810.48 9825.81 9860.69 9892.82 9917.45 9950 10001.8 10026.9 10030.8 10003.4 9960.52 9881.72 9834.69 9805.84 9779.19 9753.13 9707.24 9635.69 9562.91 9524.85 9482.78 9456.31 9459.21 9471.07 9594.95 9607.94 9597.24 9586.06 9590.85 9607.79 9616.87 9630.51 9662.73 9670.12 9663.54 9667.74 9687.06 9709.38 9759.59 9809.75 9867.21 9920.89 9962.11 9980.04 9980.95 10023.4 10082.8 10128.1 10130.9 10138.7 10142.4 10110.5 10099.7 10131.6 10136.8 10100 10047.3 9955.24 9909.98 9866.8 9834.88
9718.88 9764.45 9785.25 9786.54 9803.61 9845.91 9862.48 9882.37 9901.23 9923 9944.53 9939.34 9990.36 10025.2 10029 10013.8 9968.06 9912.59 9823.18 9778.27 9741.4 9689.93 9662.33 9604.18 9536.91 9498.8 9469.12 9455.91 9460.31 9471.88 9525.26 9615.07 9643.02 9632.09 9660.62 9630.55 9665.26 9683.71 9689.5 9682.23 9666.03 9665.88 9691.81 9712.35 9759.63 9804.84 9852.7 9911.17 9925.04 9923.82 9977.99 10035 10079.7 10121.7 10167.4 10207.7 10255.3 10200.9 10114.8 10145.1 10166.6 10112.8 10069.5 10018.5 9942.45 9890.27 9870.33
9729.56 9767.08 9798.36 9798.25 9812.53 9851.18 9897.57 9934.75 9930.82 9936.96 9942.35 9931.11 9962.25 10016.8 10026.2 10019.8 9988.3 9943.07 9865.45 9806.37 9763.36 9724.1 9691.92 9641.18 9572.99 9527.55 9487.76 9478.99 9490.74 9505.95 9536.67 9604.96 9650.31 9668.38 9664.08 9669.53 9732.7 9720.74 9730 9717.93 9695.59 9698.01 9718.68 9758.05 9770.71 9796.35 9820.95 9825.15 9866.58 9905.48 9966.98 10033.3 10079.9 10128.1 10195.4 10244.2 10292.7 10265.4 10172.3 10106 10075.1 10111.8 10116.2 10052.8 10019.8 9985.51 9977.36
9729.11 9754.75 9779.21 9804.34 9812.44 9848.45 9891.06 9918.98 9930.21 9938.08 9949.87 9942.55 9965.44 10003.6 10005.6 9995.52 10016.4 10017.4 9957.14 9877.69 9838.76 9786.85 9763.34 9736.22 9657.77 9613.36 9585.82 9557.24 9541.82 9546.2 9586.55 9631.62 9674.02 9725.73 9743.89 9751.52 9760.55 9813.75 9826.99 9762.09 9710.04 9677.46 9721.12 9751.58 9771.41 9788.22 9807.91 9831.87 9855.23 9899.17 9968.47 10036.8 10102.7 10176.9 10203.3 10245.4 10292.7 10259.9 10210.7 10163.4 10196.2 10223.2 10180.8 10138.7 10115.1 10038.1 10026.8
9717.06 9740.6 9756.19 9793.23 9820.75 9846.61 9882.72 9904.94 9910.28 9918.85 9936.4 9959.98 9965.4 9989.2 9987.71 10003.2 10044.4 10089 10044.9 9941.48 9872.98 9805.88 9787.47 9761.44 9708.09 9678.6 9663.38 9631.13 9599.78 9583 9624.32 9667.57 9707.29 9733.44 9740.18 9736.8 9746.79 9791.32 9844.24 9777.34 9730.31 9730.32 9743.32 9764.73 9780.92 9783.11 9791.76 9828.87 9870.29 9910.19 9974.98 10042.3 10108.2 10163.3 10196.4 10223.4 10238.1 10229.2 10199.5 10183.8 10172.4 10145 10122.7 10109.8 10101.8 10162 10094.9
9718.73 9735.08 9749.35 9777.63 9817.63 9838.46 9856.77 9874.53 9882.62 9887.71 9910.58 9937.97 9960.47 9949.85 9973.03 10006.4 10068 10115.9 10022.2 9954.2 9874.64 9849.12 9835.52 9798.68 9752.34 9735.55 9734.68 9700.38 9670.12 9657.5 9696.9 9722.02 9704.3 9748.39 9771.23 9753.09 9742.44 9738.83 9733.44 9740.17 9742.47 9793.75 9954.03 9839.54 9785.7 9776.31 9786.09 9823.53 9878.07 9923.11 9981.35 10051.5 10114.5 10167 10191.4 10209.2 10216.2 10224.6 10199.3 10123.4 10111.8 10109.6 10109.5 10131.5 10150.4 10136.2 10116.6
9723.61 9748.48 9779.57 9797.6 9808.54 9827.72 9845.93 9858.24 9862.49 9860.51 9881.66 9917.77 9956.57 9971.04 9999.93 10038.3 10103.8 10147.2 10048 9971.93 9876.09 9844.8 9829.54 9804.91 9785.65 9793.11 9783.37 9760.42 9740.34 9733.66 9749.05 9758.3 9744.81 9758.78 9784.31 9798.32 9773.67 9733.27 9698.65 9705.12 9718.86 9733.53 9776.42 9767.01 9759.2 9759.15 9777.39 9838.38 9862.15 9932.05 10000.9 10064.9 10123.7 10167.8 10188.6 10200 10216.6 10163.4 10098.2 10068.4 10088.7 10146.4 10145.8 10177.7 10213.7 10173.9 10148.9
9724.46 9757.45 9795.25 9809.87 9818 9832.94 9851.02 9865.17 9864.26 9854.94 9866.26 9901.31 9954.5 10006.7 10048 10108.4 10151.7 10175.8 10113.2 10035.7 9928.38 9849.06 9809.5 9792.28 9778.02 9757.45 9784.62 9797.94 9814.8 9804.51 9773.24 9742.15 9722.86 9727.23 9750.22 9788.48 9789.44 9758.09 9724.07 9713.21 9705.18 9692.53 9689.65 9695.4 9713.94 9726.13 9762.18 9834.13 9882.48 9952.85 10013 10073.3 10130.7 10196.3 10219.9 10191.4 10174.9 10121.9 10066.7 10061.8 10083 10071.4 10220.3 10250.6 10232.6 10245.5 10222
9722.07 9750.19 9785.95 9814.69 9850.16 9875.14 9884.27 9885.63 9882.26 9878.73 9875.48 9886.67 9937.44 10005.3 10067.7 10145.4 10191.9 10149.6 10117.7 10138.2 9999.44 9864.87 9815.21 9787.19 9771.2 9777.8 9782.91 9816.71 9856.25 9851.67 9790.01 9742.04 9713.73 9705.01 9709.3 9710.12 9774.26 9751.43 9775.95 9733.84 9706.37 9674.21 9631.52 9664.59 9689.06 9705.8 9719.74 9860.23 9951.46 9983.12 10025.8 10075.7 10123.1 10166.6 10188.4 10198.9 10209.9 10136 10084 10096.6 10194.5 10308.6 10425.1 10440.6 10375.6 10402.9 10290.7
9723.25 9748.22 9776.14 9797.78 9824.7 9880.09 9918.53 9894.51 9890.95 9899.76 9887.28 9886.29 9918.71 9962.17 10007.4 10114.4 10196.6 10246.3 10242.2 10215.3 10052.1 9858.32 9744.33 9728.17 9735.83 9776.87 9802.49 9810.7 9807.33 9807.04 9783.25 9743.29 9721.11 9705.63 9701.41 9719.79 9746.94 9787.47 9783.01 9741.79 9717.33 9688.99 9663.47 9687.76 9714.59 9727.7 9745.12 9849.52 9923.45 9992.58 10036.9 10076.9 10109 10127.9 10154.2 10206.2 10227.8 10165.1 10123.7 10175.9 10321.8 10504.9 10495.9 10381.6 10433 10428.3 10370.1
9718.04 9748.68 9756.76 9785.93 9820.52 9826.01 9853.8 9869.4 9874.2 9888.2 9893.89 9910.63 9919.95 9913.05 9947.07 10041.3 10142.5 10256.8 10265.9 10235.1 10084.5 9881.46 9738.05 9706.19 9705.22 9736.88 9782.73 9804.16 9812.63 9802.94 9786.34 9753.39 9728.96 9720.19 9703.97 9693.71 9741.9 9835.32 9810.42 9764.28 9739.55 9723.43 9715.95 9735.84 9776.72 9815.2 9830.72 9903.55 9968.66 10016.9 10049.7 10079 10099.5 10116.3 10143.5 10210.6 10266.3 10209.7 10174.2 10265.6 10385.3 10464.3 10475.9 10456.2 10469.1 10520.1 10489.2
9715.74 9732.51 9765.63 9791.02 9804.63 9819.3 9830.62 9835.48 9844.15 9854.49 9879.96 9894 9895.43 9881.58 9934.35 9992.8 10071.5 10169.3 10220.5 10226.7 10073 9897.71 9760.45 9714.09 9694.37 9689.74 9748.43 9784.3 9799.81 9802.86 9790.55 9796.37 9778.48 9745.78 9712.86 9698.76 9760.4 9832.82 9814.51 9775.38 9757.2 9753.83 9730.01 9775.95 9848.23 9947.38 10023 9997.69 10008.9 10046 10072.4 10087.4 10109.4 10126 10157.2 10229.5 10297.2 10289.1 10248.5 10366.2 10434 10471 10470 10444 10415.7 10444.9 10445.3
9716.76 9698.26 9731.57 9740.52 9781 9787.72 9787.51 9796.86 9805.5 9819.46 9836.67 9830.71 9877.97 9898.64 9934.77 9959.01 10004.8 10093.3 10159.4 10154.4 10044 9929.83 9818.34 9734.49 9691.96 9684.21 9750.73 9761.56 9780.65 9769.82 9764.63 9754.81 9721.37 9712.9 9739.02 9742.73 9788.77 9825.44 9828.29 9789.99 9764.34 9737.53 9740.84 9801.21 9881.44 9974.66 10039 10118.7 10109.7 10086.9 10096 10122.5 10144.1 10162.7 10196.2 10261.7 10323 10394.2 10500.1 10517.7 10491.7 10465.2 10431.8 10400.3 10390 10351.6 10331.4
9736.84 9723.95 9719.98 9734.87 9757.91 9780.76 9773.76 9772.56 9771.04 9783.24 9822.81 9843.49 9900.71 9898.68 9909.71 9931.42 9955.94 10022.3 10103.4 10077 10016.7 9943.37 9869.54 9778.71 9730.08 9700.54 9726.54 9735.16 9734.15 9742.16 9740.08 9722.12 9737.84 9775.04 9787.3 9821.31 9856.22 9829.3 9815.85 9783.47 9771.98 9771.03 9752.63 9838.66 9922.26 9964.46 10006.9 10058 10100.5 10126.1 10158.3 10182 10207.1 10227.5 10249.8 10347.6 10385.4 10449.9 10535.6 10568.8 10489.3 10455.4 10441.8 10371.1 10351 10316.4 10290.9
9762.07 9757.06 9714.96 9715.07 9727.56 9718.91 9752.59 9755.8 9759 9779.14 9812.52 9830.84 9851.26 9863.38 9889.78 9908.77 9931.84 9967.77 10050.9 10035.5 10016.7 9988.81 9886.45 9822.52 9783.94 9750.06 9747.95 9716.74 9710.14 9732.03 9749.31 9767.81 9849.74 9846.56 9805.52 9777.7 9788.33 9805.98 9805.49 9778.19 9783.24 9806.53 9846.04 9934.24 9985.64 10026.1 10016.7 10022.6 10107.2 10158.6 10185.2 10209.5 10243.2 10294.2 10370 10393.6 10411.1 10462.2 10543.1 10483.1 10417.4 10404.3 10352.3 10337.2 10308.8 10296.5 10293
9767.62 9746.22 9702.01 9739.58 9753.83 9746.76 9746.54 9752.1 9745.48 9770.8 9811.46 9842.32 9856.71 9853.41 9866.03 9897.62 9914.82 9940.79 9985.75 9984.64 9997.42 9962.94 9884.13 9832.58 9848.39 9792.07 9736.01 9726.48 9725.2 9742.3 9766.16 9808.61 9859.88 9826.63 9799.19 9752.64 9721.33 9767.97 9748.25 9804.26 9858.62 9901.42 10085.8 9999.94 9929.55 10123.7 10143.5 10149.5 10185.6 10200.3 10222 10237.5 10274.2 10320.2 10374 10359.7 10383.7 10425.1 10462.5 10357.9 10356.7 10388.6 10416.7 10327.4 10274.9 10282.2 10293.1
9776.5 9762.76 9745.23 9779.6 9788.26 9776.87 9771.32 9777.35 9781.51 9790.59 9818.22 9862.56 9915.13 9912.85 9921.44 9926.8 9927.81 9940.33 9954 9981.91 9989.15 9977.88 9873.9 9830.06 9823.14 9785.8 9744.31 9770.34 9774.68 9764.1 9765.18 9765.01 9773.09 9822.75 9802.2 9771.92 9757.74 9795.82 9958.29 10001.9 10021.8 10064.5 9806.65 9659.93 9631.71 9656.2 10051 10351.7 10257.5 10232.9 10242.9 10263 10297.1 10329.6 10336.1 10347.6 10350.6 10351.2 10327.6 10315 10333.2 10370.8 10397.6 10283.2 10264.8 10316.1 10314
9779.5 9805.72 9808.57 9793.28 9776.55 9762.68 9783.63 9794.57 9827.83 9837.9 9845.93 9845.33 9833.91 9979.58 9954.62 9967.01 9955.68 9958.51 9970.43 9967.39 9959.51 9923.4 9818.47 9748.88 9779.49 9774.19 9762.04 9771.03 9782.48 9776.52 9765.97 9759.08 9785.81 9795.13 9796.21 9792.03 9789.48 9807.37 9892.33 9958.19 10103 9757.65 9495.45 9351.17 9364.67 9378.42 9701.58 10069.4 10173.4 10208 10230.9 10250 10286.6 10310 10333.5 10354.4 10380.4 10352.6 10350 10367.3 10346.6 10315.7 10259.6 10266.7 10351 10542 10415.8
9784.05 9788.77 9790.52 9802.32 9804.3 9827.68 9750.82 9786.53 9846.75 9863.17 9884.27 9919.03 10035.3 9990.54 9980.58 9982.71 9947.77 9947.25 9982.33 9981.53 9961.63 9885.66 9818.3 9754.5 9751.94 9765.08 9765.8 9778.61 9785.76 9778.14 9769.56 9777.95 9779.53 9791.6 9797.84 9803.5 9792.23 9808 9933.03 10024.1 10100.1 9621.43 9377.77 9255.76 9285.24 9371.34 9546.61 9840.93 10028.1 10117.3 10166.5 10212 10249.2 10272.4 10320.4 10419.3 10441.6 10409.2 10397.8 10409.2 10297.5 10246 10192.4 10198 10413.7 10617.7 10240.4
9759.64 9751.4 9802.07 9803.54 9802.8 9842.39 9747.76 9830.57 9882.64 9877.5 9924.97 9973.09 10011.1 10008.8 10016.3 10006.4 9964.31 9958.82 9983.8 10019.2 10000.2 9933.13 9896.64 9879.87 9780.5 9798.98 9813.62 9825.9 9802.75 9791.59 9779.85 9787.14 9847.14 9866.54 9857.95 9828.01 9811.53 9798.89 9895.41 10036.1 10194.9 9671.69 9396.3 9232.74 9268.7 9403.68 9550.28 9732.68 9903.94 10032 10113.6 10170.6 10216.4 10265.8 10341.2 10476.7 10452.6 10520.2 10399.4 10245.7 10198.9 10210.5 10202 10259.1 10377.5 10354 10003.3
