real_craters/C208-1000m.grd
DSAA
184 184
-91.5 91.5
-91.5 91.5
7720.9372893368 11673.74930614
[rows 60 to 89 of 184, columns 0 to 66 of 184]
9800.49 9789.68 9786.07 9793.41 9788.67 9869.85 9904.73 9925.63 9954.48 9960.53 9977.98 10006.5 10017.9 10030.6 10041.9 9995.94 9941.13 9934.28 9921.33 9958.77 9957.14 9935.38 9933.52 9942.7 9923.9 9932.42 9867.77 9818.97 9823.91 9815.65 9805.61 9824.51 9883.37 9883.86 9847.88 9843.55 9842.12 9849.07 9849.51 9936.41 10262.3 9828.66 9509.9 9314.39 9292.67 9432.36 9581.89 9756.7 9910.33 10029.3 10111.5 10172.9 10212.4 10245.9 10295.3 10342.4 10318.1 10217.9 10221.8 10174.2 10159.3 10253.5 10368.3 10431.4 10424.1 10110.8 9827.95
9821.19 9815.63 9828.55 9831.84 9859.15 9877.56 9834.67 9982.56 10001.3 9988.88 10002.7 10026 10072.1 10039.4 9974.22 9954.99 9962.79 9919.03 9912.59 9942.01 9957.6 9945.36 9940.46 9972.84 9992.25 9997.06 9932.43 9899.35 9860.66 9849.86 9850.5 9855.3 9879.49 9885.78 9876.36 9843.1 9821.67 9852.07 9855.33 9993 10191.1 9986.31 9661.52 9378.68 9388.09 9536.89 9679.67 9881.21 10009.5 10094.8 10163 10211.7 10253.1 10252.4 10246.9 10241.8 10168.8 10115.3 10127.4 10148.3 10160 10336.1 10491.2 10473.3 10325.1 10081.7 9788.11
9834.48 9818.92 9810.46 9864.4 9934.54 9909.79 10037.5 10085.8 10067.3 10045.3 10025.8 10015.1 10033.2 10069.3 9985.67 9955.64 9928.13 9900.53 9917.72 9957.35 9981.68 9969.23 9963.13 9935.88 9956.2 9990.55 9940.86 9892.64 9906.4 9890.85 9883.99 9882.66 9878.12 9873.2 9858.99 9826.51 9793.55 9805.3 9827.18 9849 10070.3 10030.3 9878.18 9728.13 9796.64 9950.49 10130 10134.6 10141.2 10175.5 10215.2 10261.5 10324.9 10344.8 10405.9 10185.6 10084.6 10088.9 10109.6 10162.9 10264.9 10404.9 10497.9 10332.9 10244.7 10105.8 9711.77
9827.63 9820.51 9832.36 9869.27 9935.21 10016.8 10129.8 10139.5 10128.3 10100.7 10044.7 9987.89 9902.11 9987.84 9969.79 9956.48 9934.26 9901.31 9929.24 9964.59 9987.82 9963.9 9940.75 9959.53 9998.8 10010 9966.45 9981.31 9962.81 9917.85 9857 9859.72 9859.21 9844.65 9835.93 9818.89 9804.57 9819.98 9853 9895.13 9964.9 10046.7 10054.1 10194.2 10337.6 10380.6 10400.5 10335.1 10284.1 10273.8 10301 10335.6 10376.4 10427.8 10391.6 10212.4 10085.6 10070.9 10112.7 10189.3 10321.3 10389.4 10317.2 10195.5 10072.2 9778.32 9479.93
9850.78 9809.32 9802.96 9867.86 9909.72 9998.74 10078.1 10145.7 10137.1 10106.7 10049.8 9999.51 9982.78 10022.9 9974.08 9966.68 9957.13 9916.27 9962.82 9965.9 9946.9 9955.7 9966.16 9996.96 10019.6 10025.5 10025.4 10063 10015.8 9963.19 9900.12 9886.25 9876.51 9868.09 9847.62 9833.73 9819.66 9820.3 9865.01 9902.02 10009.6 10044.6 10066.5 10097.5 10080.4 10209.5 10359.3 10371.3 10372.5 10372 10403.4 10442.3 10477.8 10488 10419.5 10201 10051.6 10042.3 10116 10206.3 10263.5 10284.8 10153.3 10081 9957.24 9732.68 9411.91
9865.79 9778.15 9770.14 9809.05 9880.4 9934.42 9962.13 10046.2 10108.7 10088.5 10042.5 10006.8 9991.36 9971.69 9964.03 9972.19 9996.67 10039.1 10007.4 9978.9 9958.72 9952.74 9956.1 9986.67 10011 9968.08 9986.28 10028.6 10013.8 9974.22 9968.62 9916.94 9896.24 9904.24 9882.67 9861.66 9844.35 9863.64 9878 9893.62 9970.1 9993.84 10037.6 10060.8 10123.6 10207.3 10339.8 10402.2 10444.5 10482.4 10517 10544.6 10571.4 10548.9 10378.7 10157.5 10012.5 10028.8 10126.7 10231.9 10305.5 10216.7 10048.9 9914.9 9853.29 9735.01 9378.81
9874.61 9823.55 9803.43 9819.45 9835.36 9863.34 9928.31 9975.16 10035.9 10039 10019.9 9999.25 9972.82 9960.1 10017.1 9998.84 10016.7 10023.9 9994.39 9979.57 9968.7 9928.95 9879.37 9867.69 9863.4 9872.21 9930.05 9974.56 9970.99 9937.91 9910.93 9913.37 9908.42 9907.97 9885.57 9866.98 9859.66 9855.94 9869.57 9883.63 9933.28 9963.17 10020.3 10067.1 10139.9 10202.7 10272.3 10349.6 10404.6 10463.8 10523 10575.8 10624.2 10630.6 10373.8 10138.3 9988.85 10009.1 10117.7 10269.5 10425.2 10124.9 9941.23 9810.37 9711.56 9575.9 9312.91
9896.62 9880.56 9857.78 9855.64 9867.37 9869.07 9908.38 9908.19 9931.17 9969.53 9973.89 9964.13 9954.24 9975.29 10099.5 10125.2 10056.3 10039.8 10010.1 9952.12 9915.6 9872.34 9819.47 9817.22 9797.36 9797.68 9841.96 9890.3 9923.67 9924.22 9915.13 9909.52 9907.07 9885.67 9870.22 9860.49 9869.32 9898.16 9912.81 9981.09 9966.41 10002.1 10060.1 10114.5 10172.4 10194.2 10236.5 10295.6 10361.8 10429.8 10506.2 10572.6 10629.8 10636.7 10375.6 10114.9 9932.45 9979.83 10061.3 10135.5 10092 10015 9829.53 9671.81 9516.15 9278.09 8979.98
9911.87 9916.17 9890.94 9851.51 9857.16 9855.86 9879.27 9867 9914.58 9937.58 9944.25 9945.94 9954.25 9995.35 10133.6 10190.6 10111.5 10018.3 9940.61 9909.44 9856.2 9812.78 9799.14 9772.64 9744.27 9765.68 9801.72 9893.4 9930.2 9888.1 9890.06 9907.47 9915.47 9910.06 9875.27 9841.46 9865.62 9921.39 9996.41 9987.61 10054.7 10094.9 10091.2 10114.3 10102.5 10139.6 10176.9 10230.3 10303.9 10385.7 10470.2 10539.7 10588 10594 10410 10108.4 9904.69 9937.74 9989.23 10021.7 9978.54 10003.5 9657.36 9482.6 9312.9 9166.75 8847.62
9926.01 9924.18 9902.29 9904.68 9850.81 9817.72 9863.06 9933.27 9944.14 9930.04 9927.8 9933.23 9952.68 10000.4 10063.9 10118.9 10042.3 9975.7 9937.51 9876.84 9825.68 9792.59 9781.49 9761.07 9738.5 9773.19 9837.14 9838.45 9854.03 9870.95 9894.4 9922.8 9940.98 9949.54 9909.32 9853.38 9847.7 9854.92 9945.22 10018.8 10004.9 10050.4 10076.5 10069.9 10055.5 10015.2 10089.1 10180.8 10274.3 10368.9 10455 10539.3 10583.1 10609.1 10419.3 10070.5 9834.83 9880.72 9914.57 9942.19 9991.61 9822.09 9534.55 9380.28 9219.31 8973.52 8763.8
9940.29 9920.86 9895.52 9860.3 9854.29 9838.57 9812.05 9869.98 9915.93 9916.43 9911.47 9907.68 9917.81 9955.35 10008.4 10024.6 9987.82 9940.31 9871.12 9846.42 9819 9798.55 9780.82 9753.22 9712.66 9714.27 9754.58 9760.19 9803.49 9909.03 9946.13 9963.84 9974.76 9962.84 9920.31 9878.49 9849.88 9826.22 9872.48 10042.5 10045.5 10052.5 10065.1 10070.2 9992.55 9946.49 10036 10145.1 10251.9 10356.5 10460.5 10555.9 10639 10758.8 10402.4 10001 9788.02 9845.03 9846.81 9832.48 9772.96 9631.53 9435.09 9247.9 9024.33 8787.44 8598.46
9918.8 9909.98 9894.14 9878.59 9859.5 9844.65 9833.6 9869.13 9892.97 9904.84 9892.78 9873.77 9860.91 9880.08 9924.5 9939.02 9953.39 9923.61 9878.33 9845.94 9803.04 9741.11 9732.84 9693.09 9700.57 9675.82 9693.92 9714.69 9763.56 9908.64 9963.22 9992.55 10011.1 10007.5 9977.7 9931.32 9900.21 9890.29 9979.88 10145.1 10115.9 10120.9 10071.3 9982.99 9947.41 9948.85 10027.3 10136 10262.9 10377.4 10485.9 10588.8 10693.7 10630.4 10283.4 9901.86 9749.95 9790.59 9749.78 9708.21 9637.19 9571.11 9329.38 9093.18 8866.95 8677.11 8563.31
9898.36 9892.08 9889.15 9886.3 9880.46 9878.87 9892.77 9914.75 9903.11 9879.44 9865.05 9849.04 9823.89 9825.51 9868.59 9885.8 9902.82 9913.18 9907.09 9863.22 9805.85 9750.73 9714.17 9698.46 9694.99 9678.26 9692.92 9715.11 9751.87 9843.88 9950.54 10012.3 10053.1 10095.3 10116.9 10005.3 9972.27 10001.3 10130.4 10195.9 10171.2 10206.1 10084.6 9973.54 9939.45 9954.15 10051.7 10157.7 10272.2 10387.5 10504.6 10597.7 10625.4 10456.3 10151.9 9803.84 9656.05 9663.13 9613.25 9579.22 9545.85 9406.68 9155.1 8965.67 8769.54 8610.05 8541.95
9861.32 9881.05 9881 9895.04 9917.22 9948.6 9957.26 9948.96 9890.35 9865.86 9857.04 9847.85 9848.66 9847.7 9848.37 9865.42 9875.32 9888.62 9887.5 9860.9 9819.76 9776.96 9724.12 9701.91 9733.98 9742.75 9757.15 9787.95 9788.09 9892.01 9971.19 10022.9 10071.2 10118.7 10133.1 10085.6 10030.9 10012.4 10014.8 10147.4 10266.5 10157.9 10084.4 10006.1 9969.75 9981.54 10090.5 10194.4 10311.4 10426.4 10538.7 10626.5 10650.2 10430.1 10063.8 9727.03 9543.11 9483.34 9472.99 9435.67 9352.38 9181.26 9067.98 8838.68 8615.28 8544.78 8553.2
9906.32 9918.69 9915.33 9926.12 9951.01 9973.84 9968.94 9893.57 9842.11 9843.37 9850.11 9861.64 9854.28 9877.19 9868.69 9843.76 9853.15 9898.07 9887.14 9861.19 9826.61 9793.56 9760.56 9704.42 9771.78 9887.59 9945.01 9959.82 9965.14 10012.9 10006.8 10024.3 10055.8 10094.2 10144.7 10075.2 10027.1 9989.01 9993.39 10101.3 10300 10186.4 10113.5 10050 10056.1 10079.4 10127.5 10211.4 10311.3 10414.8 10514.8 10605.6 10647.6 10354.2 9991.44 9668.29 9486.03 9402.68 9368.66 9318.89 9249.05 9049.92 8889.17 8748.02 8581.15 8495.79 8416.21
9897.9 9936.72 9985.44 9970.48 9960.33 9976.36 9984.62 9926.67 9835.92 9831.69 9851.81 9876.18 9895.77 9929.25 9964.27 9927.69 9880.5 9901.11 9886.03 9862.44 9812.84 9789.83 9785.41 9763.05 9779.8 9888.45 10000.3 10064.4 10070.6 10021 10021 10015.8 10024.4 10022.6 9982.95 10005.4 10006.8 9972.91 9977.13 10044 10300.7 10281.8 10171.9 10080.3 10108.1 10102.1 10145.1 10214.8 10304.6 10399.9 10500.2 10560.4 10547.6 10237.4 9901.29 9583.85 9438.63 9376.13 9291.4 9216.23 9103.54 8941.51 8816.29 8699.26 8588.68 8485.91 8392.17
9889.04 9927.69 9967.46 9957.95 9941.77 9936.76 9965.08 9899.33 9820.11 9839.74 9869.37 9904.84 9926.62 9958.79 9982.08 9875.76 9845.4 9867.65 9830.36 9778.36 9758.41 9755.09 9750.57 9762.53 9768.66 9779.34 9908.66 10014.8 10064.9 10027.4 10012.6 10012.4 10010.8 9993.64 9967.86 9956.54 9940.13 9948.27 9968.87 10000.9 10223.5 10308.9 10171 10125.5 10111.3 10084.8 10143.3 10227.1 10314.6 10399.5 10473.3 10508.3 10418.8 10154 9820.82 9543.39 9392.51 9324.89 9215.88 9127.82 9035.62 8873.57 8786.37 8659.11 8523.43 8407.24 8305.85
9891.27 9923.53 9902.66 9913.89 9914.79 9908.99 9945 9945.02 9874.16 9882.92 9917.08 9945.46 9956.38 9949.51 9921.53 9892.29 9845.9 9823.84 9764.29 9702.83 9686.07 9659.55 9654.19 9700.29 9753.83 9802.32 9899.74 9991.56 10054.8 9996 9988.02 9992.09 9992.39 9977.87 9970.76 9939.57 9921.15 9959.3 10002.3 10004.2 10164.8 10269.9 10185.6 10107.8 10067.4 10065.1 10145.1 10237.1 10315.5 10382.1 10437.9 10479.9 10377.4 10035.9 9741.28 9477.39 9324.7 9206.6 9112.82 9037.3 8904.16 8809.28 8733.57 8572.89 8448.56 8343.39 8222.9
9891.02 9905.89 9875.05 9891.68 9904.34 9929.14 9997.22 9971.56 9933.3 9927.08 9972.55 10009.2 10002.3 9961.12 9916.96 9869.8 9810.35 9759.67 9722.2 9670.19 9636.96 9595.92 9590.07 9688.05 9797.94 9941.91 9993.16 10034.9 10080.9 9975.94 9966.98 9967.4 9972.64 9976.46 9977.32 9982.83 10015.1 10053.8 10109.9 10064.8 10101.6 10098.7 10098.3 10064.5 10024.5 10074.7 10186.2 10275.8 10333.3 10370.4 10389.4 10362 10134.3 9920.93 9695.25 9454.3 9268.85 9105.03 9010.06 8968.05 8871.49 8726.44 8563.59 8442.95 8329.39 8203.24 8110.68
9859.95 9889.53 9887.12 9891.59 9905.51 9904.19 9946.23 9961.31 9936.58 9958.94 10023.4 10089.2 10070.5 10015.8 9945.09 9890.67 9805.94 9748.81 9697.53 9646.31 9623.61 9613.14 9578.39 9652.56 9705.43 9910.11 9959.1 9992.41 10035 9997.32 9963.52 9964.35 9976.62 9994.58 10017.8 10066.3 10144.7 10092.4 10073.6 10052.1 10052.8 10045.2 10049.8 10058.1 10048.4 10192.5 10302.3 10361 10393.9 10402.5 10380.8 10285 10060.2 9844.66 9672.86 9479.54 9234.93 9042.93 8935.03 8891.76 8825.98 8670.57 8481.86 8347.97 8249.9 8158.01 8100.1
9849.59 9862.19 9884.63 9894.49 9912.42 9942.67 9947.5 9960.25 9946.3 9974.34 10042.4 10110.9 10099.2 10052.2 9960.36 9915.03 9815.23 9737.03 9699.48 9665.92 9640.27 9630.38 9675.9 9712.42 9766.12 9842.02 9859.91 9875.65 9949.93 9951.12 9977.22 9988.39 9989.72 10014.7 10041 10080.3 10126.1 10095.2 10097.3 10082.1 10058.6 10017.2 10013.1 10006.6 10077 10334 10425.9 10421.2 10426.5 10427.7 10399.2 10289.8 10005.9 9790.89 9579.6 9374.36 9171.92 8995.02 8893.17 8862.78 8797.39 8631.64 8425.66 8280.76 8205.48 8147.04 8090.14
9867.86 9839.46 9863.34 9896.47 9920 9926.63 9946.84 9974.62 9963.61 9983.63 10041.4 10090.5 10089.9 10087.8 10017.9 9972.99 9857.56 9757.63 9728.99 9702.14 9680.68 9666.48 9710.65 9780.83 9832.54 9864.49 9845.83 9860.11 9962.84 9980.81 9996.79 10003.7 10011.4 10027.5 10052.3 10081.7 10072.8 10125.8 10196.4 10209 10125.9 10007.2 10004.2 10026.4 10122.6 10308 10403.8 10430.8 10437.4 10439.6 10436.4 10416.5 10029.1 9732.86 9490 9278.96 9110.5 8966.86 8882.41 8881.64 8829.46 8607.51 8399.03 8234.67 8185.54 8144.25 8075.51
9906.18 9871.09 9874.59 9901.25 9930.29 9939.04 9921.3 9998.11 10020.4 10030.2 10041.5 10043.7 10042.4 10026.7 10019 9982.89 9897.01 9831.62 9805.25 9794.46 9777.95 9762.04 9841.6 9855.26 9859.09 9860.23 9844.19 9903.66 10028.1 10023.4 10013.9 10012 10015.2 10032.6 10054.2 10074.1 10108.8 10232.5 10287.8 10272.4 10174.2 9993.22 9982.92 10052.3 10138.9 10254.2 10348.8 10422.8 10432 10421.2 10398.3 10257 9944.52 9672.42 9379.13 9197.23 9058.8 8932.06 8836.83 8780.82 8668.5 8507.59 8331.09 8243 8180.1 8127.73 8070.36
9948.53 9930.96 9908.15 9909.61 9924.67 9960.27 10005.4 10018 10061.1 10045.9 10013.1 10011 9995.86 9996.3 10025.2 9951.86 9884.82 9869.48 9857.89 9839.43 9817.79 9840.52 9877.64 9886.22 9879 9922.18 9984.85 9995.22 10021.3 10020.3 9992.59 9986.93 9991.22 10007.9 10030.2 10067.5 10049.5 10155.9 10276.1 10271.5 10108.1 9978.3 9977.96 10044.2 10142.9 10277.8 10379.2 10425.3 10401.3 10362.7 10304.4 10275.3 9904.6 9654.12 9422.22 9208.92 9043.07 8895.48 8735.16 8571.3 8484.92 8413.57 8309.09 8245.49 8180.22 8124.32 8075.38
9984.71 9954.23 9919.47 9914.57 9915.33 9930.11 9935.51 9973.2 9987.01 9947.82 9940.58 9937.52 9947.12 9974.23 10006.5 10016.4 9972.06 9953.82 9942.56 9898.46 9847.12 9848.92 9900.42 9928.65 9965.81 10005.5 10039.4 10037.6 9980.82 9918.13 9909.17 9949.24 9973.68 9993.16 9999.82 9979.72 10019.5 10135.8 10195 10193.2 10011.5 9960.88 9997.88 10036.5 10156.2 10338.3 10513.6 10447.7 10378.2 10296.3 10186.2 10040.1 9842.91 9628.68 9406.26 9204.87 9027.25 8877.65 8740.23 8647.48 8454.94 8394.76 8353.25 8239.77 8185.56 8129.74 8083.01
10012.3 9989.1 9938.32 9914.95 9905.97 9911.33 9913.26 9933.07 9932.45 9910.86 9907.07 9911.77 9912.72 9935.28 9990.07 10018.6 10005.8 9986.21 10022.9 9999.08 10002.4 9960.44 9986.53 10016 9990.96 9987.95 10016.4 10005.9 9953.17 9887.13 9867.72 9923.29 9956.31 9979.98 9996.88 10027.2 10007.8 10024.5 10072.5 10034 9991.5 9983.78 10133.8 10073.6 10164.2 10309.3 10399.9 10423.2 10357 10228.6 10100.8 10041.6 9805.24 9574.51 9359.96 9180.86 8997.14 8831.93 8693.57 8529.83 8427.84 8397.35 8352.79 8284.18 8200.39 8129.53 8075.38
10002.7 9990.58 9949.25 9918.24 9898.2 9912.71 9929.58 9939.13 9933.98 9907.08 9909.33 9909.55 9921 9937.46 9965.95 9984.6 9988.06 9987.81 10008.7 10033.3 10037.4 10021.3 10022.7 10025.1 9987.18 9955.44 9954.86 9933.66 9975.13 9920.67 9889.83 9928 9952.67 9974.9 9990.35 9995.08 9977.8 9991.31 10033.1 10022.4 10014.7 10082.7 10052.4 10058.6 10167.1 10303.6 10442.6 10435.4 10370.9 10247.2 10092.7 9851.31 9737.72 9538.84 9354.42 9142.52 8957.59 8785.7 8620.55 8564.53 8482.61 8407.44 8334.04 8287.68 8207.25 8119.94 8053.64
9948.99 9960.73 9947.07 9935.04 9918.57 9936.1 9960.86 9976.01 9966 9941.86 9894.14 9911.91 9922.25 9939.3 9951.94 9979.83 9992.04 9983.79 9989.17 10007.8 10022.3 10011.2 10020 10039.2 10018.7 9991.82 9906.7 9884.18 9949.55 9938.56 9934.93 9939.72 9957.91 9978.26 9992.89 9989.59 9969.01 10061.6 10079.5 10066.1 10072.2 10103.6 10090.3 10053 10171.6 10320.2 10458.1 10476 10419 10315.8 10251.3 9998.17 9718.95 9493.6 9277.49 9090.68 8913.48 8766.92 8624.59 8641.52 8529.02 8406.63 8324.85 8268.04 8198.43 8107.34 8019.04
9913.56 9938.22 9966.25 9971.18 9967.9 9969.76 9981.24 10017 10008.2 9981.1 9956.34 9938.26 9943.09 9969.96 9983.21 9969.09 9958.04 9982.38 9974.14 9981.46 9950.72 9998.97 10008.5 9996.4 9987.03 9934.35 9891.6 9902.08 9886.44 9913.57 9919.01 9940.79 9963.85 9987.03 10007.1 10031.5 10057.6 10080.9 10104.6 10110.2 10124.1 10100.9 10054.4 10078.1 10193 10335 10477.3 10503.2 10459.8 10369.6 10267.2 9997.63 9696.4 9455.55 9236.05 9044.85 8870.13 8717.21 8605.57 8556 8480.54 8366.64 8261.81 8224.15 8222.85 8106.76 7964.06
9956.94 9960.99 9968.14 9993.92 9999.5 9983.58 9990.8 10011.3 10016.9 10004.6 9982.2 9959.74 9973.7 9993.06 10009.8 9997.3 9996.1 10029.1 10030.6 10017.5 10046.1 10015.9 10001.7 10017.7 9965.79 9916.03 9893.87 9895.56 9913.5 9909.89 9913.27 9949.38 9970.68 9988.03 10008.3 10030 10024 10051.5 10091.3 10104 10140.3 10111.2 10109.7 10110.4 10229 10369.1 10470 10504.1 10489.1 10407.1 10232.6 9935.7 9661.18 9404.84 9196.79 9037.07 8890.03 8756.05 8567.37 8465.34 8398.34 8306.04 8214.52 8277.53 8313.97 8113.51 7964.43
