real_craters/C208-750m.grd
DSAA
428 428
-160.125 160.125
-160.125 160.125
7684.4007989683 11682.115086746
[rows 306 to 339 of 428, columns 76 to 151 of 428]
9653 9593 9528 9489 9464 9455 9467 9504 9536 9533 9506 9512 9545 9597 9659 9730 9809 9918 1e+004 1.007e+004 1.012e+004 1.017e+004 1.023e+004 1.026e+004 1.028e+004 1.03e+004 1.031e+004 1.031e+004 1.031e+004 1.03e+004 1.014e+004 1.009e+004 1.004e+004 1.001e+004 1.006e+004 1.011e+004 1.014e+004 1.008e+004 9983 9962 9957 9964 9969 9983 9987 9991 9993 9991 9991 9979 9959 9863 9906 9959 9989 1e+004 1e+004 9997 1e+004 1.001e+004 1.001e+004 1.001e+004 1.001e+004 1.003e+004 9996 9975 9982 1e+004 9971 9939 9925 9930 9943 9951 1.001e+004 1.021e+004
9687 9594 9523 9479 9457 9447 9450 9446 9488 9492 9480 9479 9511 9565 9623 9685 9747 9839 9964 1.004e+004 1.005e+004 1.012e+004 1.017e+004 1.021e+004 1.022e+004 1.024e+004 1.025e+004 1.024e+004 1.022e+004 1.011e+004 1.003e+004 9984 9968 9976 1e+004 1.007e+004 1.015e+004 1.007e+004 9961 9925 9923 9931 9941 9947 9954 9960 9966 9973 9969 9952 9885 9882 9929 9961 9995 9998 9992 9990 9989 1.001e+004 1.001e+004 1.001e+004 1e+004 1.002e+004 9984 9955 9953 9953 9942 9925 9914 9905 9902 9906 9931 9966
9675 9601 9520 9478 9448 9433 9421 9423 9457 9467 9468 9475 9505 9548 9599 9645 9686 9744 9874 9995 1.009e+004 1.01e+004 1.013e+004 1.014e+004 1.016e+004 1.017e+004 1.018e+004 1.018e+004 1.016e+004 1.011e+004 9955 9901 9860 9859 9908 9965 1e+004 9958 9891 9878 9900 9906 9903 9901 9908 9917 9927 9938 9935 9910 9850 9871 9915 9956 9989 9991 9985 9989 1e+004 1e+004 1.002e+004 1.002e+004 1.002e+004 1.002e+004 9973 9936 9929 9925 9919 9916 9908 9895 9888 9888 9888 9882
9662 9582 9509 9463 9431 9417 9407 9412 9430 9444 9457 9465 9483 9548 9589 9624 9650 9693 9793 9934 1.005e+004 1.006e+004 1.007e+004 1.009e+004 1.01e+004 1.011e+004 1.011e+004 1.011e+004 1.008e+004 1.001e+004 9912 9843 9785 9773 9810 9841 9845 9819 9822 9860 9874 9865 9863 9867 9875 9881 9889 9896 9894 9817 9828 9910 9911 9941 9974 9981 9981 9996 1.002e+004 1.001e+004 1.003e+004 1.003e+004 1.001e+004 9995 9956 9927 9911 9902 9899 9903 9893 9886 9880 9875 9876 9883
9532 9498 9458 9428 9403 9392 9395 9399 9402 9415 9444 9507 9569 9563 9583 9617 9652 9683 9749 9847 9925 9974 9996 1.001e+004 1.003e+004 1.004e+004 1.003e+004 1.002e+004 9997 9948 9884 9805 9746 9723 9735 9744 9735 9709 9798 9883 9848 9841 9839 9843 9844 9840 9841 9839 9816 9789 9835 9895 9896 9927 9948 9973 9993 1.001e+004 1.003e+004 1.002e+004 1.004e+004 1.004e+004 1.001e+004 9957 9925 9907 9895 9889 9889 9888 9886 9881 9873 9866 9870 9883
9396 9396 9384 9378 9363 9354 9361 9373 9364 9422 9498 9521 9563 9538 9564 9614 9687 9720 9738 9787 9835 9885 9913 9931 9948 9961 9967 9965 9933 9884 9826 9765 9715 9688 9680 9678 9671 9696 9765 9786 9783 9789 9799 9803 9813 9817 9812 9794 9766 9794 9858 9891 9900 9931 9968 9993 1.001e+004 1.002e+004 1.003e+004 1.004e+004 1.004e+004 1.003e+004 9998 9941 9896 9883 9878 9880 9884 9893 9887 9876 9867 9861 9863 9869
9334 9348 9349 9343 9328 9308 9287 9325 9343 9430 9508 9459 9386 9452 9518 9585 9646 9686 9709 9745 9777 9807 9831 9849 9865 9883 9899 9914 9921 9861 9784 9725 9703 9654 9641 9639 9642 9645 9683 9674 9701 9732 9750 9767 9783 9790 9793 9791 9789 9824 9856 9890 9907 9946 9984 1e+004 1.001e+004 1.004e+004 1.005e+004 1.005e+004 1.004e+004 1.001e+004 9974 9913 9878 9863 9863 9868 9871 9878 9880 9869 9859 9852 9852 9850
9337 9370 9350 9322 9301 9278 9264 9303 9302 9379 9454 9403 9359 9403 9468 9541 9617 9650 9656 9674 9698 9727 9750 9771 9792 9810 9826 9844 9871 9813 9750 9671 9601 9608 9610 9613 9615 9630 9643 9654 9673 9704 9726 9749 9767 9782 9790 9800 9816 9836 9876 9899 9933 9965 1e+004 1.002e+004 1.002e+004 1.005e+004 1.007e+004 1.005e+004 1.004e+004 1.002e+004 9958 9900 9873 9866 9866 9858 9852 9868 9867 9860 9849 9842 9844 9847
9311 9321 9315 9298 9281 9263 9259 9294 9286 9327 9353 9355 9355 9376 9420 9478 9536 9548 9572 9592 9619 9650 9676 9703 9723 9738 9746 9740 9721 9705 9662 9614 9581 9584 9594 9600 9604 9610 9622 9634 9656 9689 9719 9746 9767 9784 9803 9827 9856 9887 9893 9906 9939 9980 1.001e+004 1.003e+004 1.003e+004 1.005e+004 1.005e+004 1.005e+004 1.002e+004 9983 9934 9881 9851 9866 9868 9853 9847 9857 9857 9849 9840 9836 9841 9847
9276 9276 9281 9274 9264 9258 9266 9276 9268 9287 9296 9301 9311 9334 9369 9406 9445 9481 9502 9512 9550 9589 9618 9644 9664 9674 9671 9648 9613 9617 9597 9583 9579 9581 9587 9593 9598 9607 9615 9623 9655 9697 9728 9755 9780 9806 9831 9853 9872 9895 9911 9926 9956 1e+004 1.004e+004 1.008e+004 1.007e+004 1.009e+004 1.008e+004 1.005e+004 1.001e+004 9963 9911 9867 9846 9857 9853 9844 9838 9853 9850 9840 9831 9828 9839 9853
9264 9268 9262 9254 9248 9248 9256 9266 9260 9261 9269 9270 9278 9298 9327 9349 9367 9428 9453 9484 9501 9538 9571 9597 9618 9628 9626 9610 9591 9586 9582 9581 9582 9586 9594 9602 9603 9611 9628 9644 9693 9726 9752 9776 9801 9823 9846 9870 9890 9901 9931 9949 9985 1.002e+004 1.006e+004 1.016e+004 1.021e+004 1.018e+004 1.017e+004 1.007e+004 1.002e+004 9939 9891 9890 9891 9858 9842 9835 9835 9850 9843 9834 9826 9827 9838 9852
9254 9266 9241 9229 9222 9220 9229 9234 9236 9243 9245 9252 9265 9283 9304 9318 9333 9368 9397 9420 9453 9490 9522 9549 9572 9590 9599 9598 9594 9583 9582 9582 9584 9594 9605 9618 9626 9655 9659 9689 9743 9756 9776 9798 9821 9846 9867 9884 9912 9948 9947 9976 1.003e+004 1.005e+004 9976 9863 9877 9976 1.008e+004 1.011e+004 1.007e+004 9982 9921 9903 9872 9857 9850 9833 9827 9834 9832 9827 9822 9826 9837 9848
9202 9204 9205 9200 9195 9189 9201 9221 9222 9232 9241 9252 9262 9279 9301 9323 9339 9354 9360 9377 9408 9445 9480 9510 9539 9560 9583 9593 9592 9581 9580 9586 9586 9597 9613 9635 9680 9693 9682 9723 9752 9780 9798 9814 9833 9855 9876 9896 9920 9939 9961 9991 1.007e+004 1.01e+004 9907 9653 9598 9684 9870 1.014e+004 1.014e+004 1.002e+004 9932 9893 9872 9862 9848 9834 9821 9821 9823 9822 9820 9826 9836 9846
9158 9155 9167 9173 9175 9176 9190 9207 9221 9222 9229 9238 9258 9284 9296 9320 9340 9338 9333 9350 9378 9410 9441 9474 9506 9540 9573 9602 9598 9573 9565 9563 9582 9600 9618 9633 9635 9683 9730 9771 9785 9807 9823 9831 9847 9866 9884 9904 9922 9930 9948 9972 1.006e+004 1.016e+004 9898 9599 9547 9547 9766 1.009e+004 1.013e+004 1.002e+004 9920 9896 9884 9869 9850 9837 9835 9823 9821 9822 9824 9828 9836 9845
9140 9140 9149 9156 9162 9164 9181 9195 9205 9213 9214 9219 9243 9256 9276 9286 9314 9318 9308 9323 9353 9381 9411 9449 9481 9515 9552 9596 9579 9547 9538 9550 9573 9597 9624 9649 9662 9696 9783 9830 9848 9832 9832 9840 9853 9870 9887 9904 9919 9919 9923 9956 1.004e+004 1.014e+004 9900 9579 9507 9544 9745 1e+004 1.007e+004 9993 9911 9894 9893 9879 9853 9841 9831 9824 9822 9820 9826 9828 9834 9843
9141 9134 9139 9148 9155 9164 9172 9184 9201 9212 9215 9223 9236 9256 9261 9267 9279 9295 9301 9314 9338 9363 9392 9419 9452 9485 9511 9534 9523 9501 9488 9512 9549 9588 9632 9685 9738 9749 9806 9840 9843 9837 9836 9842 9855 9870 9886 9900 9911 9917 9921 9947 1.002e+004 1.015e+004 9949 9665 9619 9646 9799 9947 9989 9937 9878 9873 9888 9883 9864 9854 9845 9834 9825 9816 9811 9821 9830 9838
9137 9134 9137 9146 9152 9155 9165 9179 9212 9221 9224 9224 9232 9237 9246 9256 9266 9280 9291 9304 9323 9347 9371 9408 9430 9447 9456 9455 9462 9452 9434 9442 9518 9575 9626 9682 9736 9755 9787 9817 9825 9821 9826 9839 9852 9867 9883 9897 9909 9910 9919 9928 9960 1.008e+004 1.004e+004 9934 9900 1e+004 9924 9911 9906 9900 9876 9863 9839 9856 9859 9848 9853 9836 9820 9820 9822 9823 9828 9832
9126 9123 9129 9147 9171 9180 9175 9193 9224 9238 9235 9227 9233 9238 9242 9249 9244 9272 9278 9293 9313 9334 9355 9383 9399 9412 9424 9428 9426 9425 9422 9447 9517 9565 9601 9644 9681 9712 9739 9761 9782 9794 9816 9832 9848 9863 9877 9890 9902 9895 9899 9901 9914 9966 1.002e+004 1.005e+004 1.003e+004 1.001e+004 9953 9897 9870 9886 9909 9882 9836 9846 9858 9846 9828 9803 9816 9826 9829 9824 9827 9831
9108 9112 9119 9143 9177 9191 9183 9205 9244 9259 9255 9242 9249 9249 9251 9262 9300 9276 9273 9286 9305 9323 9340 9359 9380 9389 9400 9410 9405 9412 9444 9500 9531 9546 9572 9602 9639 9669 9682 9724 9755 9787 9812 9826 9842 9858 9872 9884 9888 9886 9890 9889 9898 9907 9926 9940 9937 9901 9896 9868 9849 9874 9902 9890 9857 9879 9858 9839 9848 9840 9830 9822 9823 9823 9820 9821
9115 9106 9111 9130 9151 9175 9199 9225 9264 9281 9278 9286 9285 9276 9279 9287 9283 9275 9270 9282 9300 9313 9326 9347 9360 9369 9374 9382 9387 9394 9404 9448 9488 9510 9532 9551 9598 9654 9699 9755 9787 9799 9810 9820 9835 9851 9865 9877 9886 9884 9884 9885 9886 9887 9891 9880 9883 9887 9870 9854 9849 9865 9889 9891 9879 9860 9860 9842 9843 9843 9833 9820 9817 9820 9820 9817
9096 9098 9103 9119 9135 9156 9172 9213 9253 9273 9283 9301 9308 9306 9312 9312 9296 9281 9275 9285 9296 9310 9325 9342 9352 9360 9366 9376 9381 9388 9393 9412 9436 9479 9513 9538 9593 9661 9741 9795 9814 9812 9806 9810 9820 9836 9854 9870 9878 9878 9878 9880 9879 9882 9881 9873 9872 9871 9861 9849 9846 9862 9880 9893 9909 9922 9881 9849 9838 9839 9836 9830 9827 9825 9823 9820
9090 9090 9095 9112 9131 9158 9179 9198 9220 9243 9267 9291 9307 9314 9322 9329 9317 9298 9291 9295 9305 9316 9328 9339 9347 9356 9366 9378 9388 9398 9413 9427 9451 9473 9496 9588 9591 9650 9734 9788 9803 9800 9784 9785 9797 9818 9842 9860 9870 9871 9873 9873 9875 9878 9877 9872 9868 9867 9857 9848 9845 9861 9889 9917 9917 9914 9881 9847 9837 9835 9836 9841 9837 9832 9829 9826
9084 9085 9097 9108 9123 9149 9172 9183 9187 9189 9236 9271 9298 9300 9317 9323 9319 9300 9298 9303 9309 9320 9327 9338 9347 9354 9361 9385 9406 9419 9433 9466 9498 9488 9458 9402 9527 9607 9677 9727 9759 9754 9740 9747 9771 9800 9830 9858 9868 9867 9866 9865 9871 9875 9873 9867 9871 9865 9856 9848 9845 9863 9890 9898 9890 9872 9861 9845 9839 9838 9840 9845 9841 9837 9834 9831
9068 9077 9084 9096 9117 9140 9158 9175 9182 9208 9224 9237 9247 9273 9291 9321 9324 9310 9307 9310 9316 9324 9334 9329 9341 9357 9374 9403 9434 9459 9468 9499 9520 9516 9510 9503 9533 9574 9589 9598 9667 9664 9669 9714 9749 9785 9818 9850 9863 9861 9862 9866 9865 9861 9862 9861 9856 9861 9853 9846 9847 9865 9899 9931 9899 9872 9852 9848 9847 9845 9843 9845 9843 9839 9834 9832
9061 9073 9082 9092 9107 9139 9163 9173 9196 9235 9217 9206 9218 9267 9319 9343 9347 9330 9322 9322 9326 9331 9319 9328 9340 9364 9389 9420 9460 9512 9538 9522 9517 9530 9564 9588 9565 9565 9574 9601 9587 9558 9621 9690 9736 9774 9803 9826 9841 9849 9856 9859 9858 9856 9861 9866 9870 9859 9849 9843 9845 9863 9896 9922 9907 9878 9873 9871 9863 9854 9851 9848 9845 9841 9838 9834
9060 9076 9091 9103 9113 9129 9146 9158 9166 9160 9178 9193 9219 9276 9354 9405 9370 9348 9341 9338 9335 9338 9318 9323 9335 9364 9396 9419 9457 9507 9533 9517 9500 9523 9558 9574 9561 9553 9551 9548 9571 9584 9655 9689 9721 9759 9790 9802 9818 9840 9848 9854 9861 9857 9867 9874 9864 9863 9840 9831 9837 9856 9883 9912 9906 9885 9875 9868 9863 9857 9854 9852 9846 9841 9836 9832
9066 9078 9093 9096 9103 9130 9140 9142 9140 9134 9156 9185 9241 9269 9328 9367 9374 9360 9354 9346 9338 9332 9313 9313 9321 9335 9361 9395 9428 9453 9484 9504 9515 9527 9537 9546 9548 9542 9533 9530 9584 9648 9704 9699 9702 9732 9782 9831 9834 9834 9846 9865 9875 9870 9884 9870 9847 9809 9807 9809 9817 9829 9872 9899 9909 9897 9881 9869 9865 9856 9849 9849 9847 9842 9837 9831
9070 9078 9082 9082 9089 9114 9123 9127 9128 9132 9151 9174 9184 9240 9308 9353 9375 9377 9368 9356 9342 9317 9308 9302 9298 9303 9326 9361 9394 9432 9464 9497 9522 9534 9526 9528 9534 9535 9539 9559 9645 9711 9700 9650 9633 9658 9729 9811 9806 9784 9810 9865 9869 9828 9810 9782 9758 9761 9772 9791 9812 9840 9883 9923 9940 9931 9892 9880 9866 9856 9852 9852 9849 9844 9838 9832
9065 9075 9077 9066 9070 9077 9103 9119 9134 9147 9166 9182 9203 9226 9260 9342 9383 9387 9371 9353 9333 9309 9293 9279 9269 9266 9294 9331 9361 9391 9441 9491 9533 9548 9530 9517 9515 9525 9539 9609 9675 9716 9635 9512 9490 9505 9556 9632 9648 9632 9657 9685 9665 9609 9662 9714 9717 9704 9741 9780 9820 9863 9904 9941 9956 9951 9925 9899 9871 9859 9858 9856 9851 9847 9841 9836
9054 9072 9082 9071 9064 9075 9095 9118 9143 9174 9194 9195 9201 9211 9254 9316 9371 9376 9357 9338 9321 9294 9276 9258 9245 9248 9275 9314 9346 9370 9430 9481 9524 9540 9509 9499 9485 9486 9500 9571 9636 9467 9302 9283 9294 9303 9317 9303 9359 9403 9408 9367 9369 9510 9603 9631 9638 9686 9717 9769 9832 9887 9933 9953 9956 9961 9961 9918 9868 9863 9866 9860 9853 9848 9843 9839
9039 9062 9084 9076 9056 9071 9092 9120 9149 9167 9180 9204 9212 9237 9302 9363 9353 9345 9333 9318 9303 9268 9252 9241 9233 9237 9266 9306 9352 9394 9432 9472 9503 9511 9514 9472 9427 9390 9377 9352 9281 9158 9057 9068 9085 9095 9095 9122 9157 9189 9203 9213 9225 9298 9461 9455 9501 9567 9655 9742 9835 9937 9975 9965 9953 9958 9954 9917 9877 9866 9870 9857 9855 9852 9848 9845
9024 9047 9066 9051 9042 9061 9091 9126 9160 9187 9207 9231 9245 9273 9299 9250 9298 9302 9295 9288 9259 9244 9235 9225 9220 9226 9253 9289 9348 9406 9422 9458 9494 9513 9507 9430 9347 9270 9200 9123 9021 8955 8895 8912 8914 8908 8908 8965 8983 9005 9028 9078 9078 9110 9263 9290 9366 9492 9608 9692 9800 9920 9972 9958 9951 9955 9949 9913 9876 9862 9863 9861 9856 9855 9854 9854
9013 9031 9038 9034 9039 9063 9099 9136 9177 9222 9264 9257 9251 9234 9211 9206 9222 9245 9253 9247 9236 9228 9222 9213 9210 9217 9239 9260 9275 9322 9381 9433 9483 9520 9476 9356 9244 9135 9027 8910 8799 8773 8799 8805 8780 8758 8737 8778 8820 8844 8848 8829 8874 8976 9059 9119 9209 9351 9484 9580 9690 9824 9899 9892 9918 9952 9938 9903 9885 9872 9860 9855 9856 9858 9860 9861
9014 9029 9035 9044 9055 9077 9112 9150 9190 9232 9265 9247 9229 9207 9190 9187 9191 9211 9221 9229 9229 9223 9207 9201 9200 9214 9237 9251 9256 9287 9339 9379 9428 9499 9364 9248 9132 9009 8877 8739 8606 8621 8645 8671 8671 8651 8624 8650 8700 8719 8708 8665 8688 8706 8817 8894 9020 9172 9308 9408 9503 9597 9674 9752 9849 9924 9952 9915 9901 9894 9878 9861 9859 9859 9861 9865
