real_craters/C208-1000m.grd
DSAA
184 184
-91.5 91.5
-91.5 91.5
7720.9372893368 11673.74930614
[rows 0 to 29 of 184, columns 67 to 133 of 184]
9820.09 9816.96 9817.85 9812.05 9808.55 9829.39 9839.2 9847.71 9857.95 9868.29 9874.28 9890.11 9898.47 9898.75 9899.79 9892.36 9895.43 9918.92 9917.71 9898.99 9901.86 9899.55 9896.2 9898.04 9901.47 9900.52 9898.82 9896.66 9895.1 9898.33 9916.44 9941.69 9981.4 9996.28 9975.48 9988.76 9995.71 10003.1 10016.2 10012 9984.35 9963.22 9982.63 9974.93 9968.75 9989.95 10010.3 10036.8 10106.9 10142.8 10159.1 10163.5 10164.1 10166.9 10165.9 10161.2 10155.8 10154.9 10164.4 10153 10138.1 10137.7 10169.9 10188.9 10206.9 10206.4 10178.3
9853.18 9834.81 9831.87 9830.2 9801.24 9812.18 9827 9835.68 9846.42 9856.14 9852.56 9864.55 9878.21 9895.92 9905.93 9925.05 9960.4 9994.12 9935.44 9896.07 9881.5 9888.2 9895.81 9900.86 9901.4 9904.17 9902.1 9901.53 9903.99 9908.92 9921.65 9948.09 9979.4 9978.77 9959.65 9963.92 9972.11 9979.1 9982.62 9976.34 9945.79 9952.55 9945.41 9960.98 9969.72 9986.79 9999.83 10031.3 10116 10147.5 10157.9 10155.5 10153.1 10167.2 10137.4 10174.7 10181.6 10174.5 10153.7 10149.2 10139.9 10127.8 10140.9 10191.4 10223.3 10216.4 10198.6
9879.46 9849.55 9843.45 9841.72 9807.38 9802.94 9816.8 9824.1 9833.64 9843.1 9833.59 9842.67 9854.21 9867.45 9889.02 9931.54 9987 9949.17 9935.22 9879.26 9874.62 9881.85 9902.15 9901.1 9902.16 9906.55 9907.25 9910.45 9912.33 9918.41 9925.65 9946.66 9969.25 9961.5 9944.98 9942.33 9948.05 9952.69 9951.98 9932.62 9956.69 9934.13 9935.46 9981.92 9989.4 10012.9 10051.9 10112.8 10159.2 10161.7 10159.3 10154.9 10148.3 10148.9 10118.3 10161 10201.2 10192.7 10187.4 10181.8 10159.9 10144.8 10146.4 10192.6 10224.8 10204.4 10199.6
9897.59 9859.48 9843.62 9828.07 9812.11 9807.63 9809.17 9812.99 9818.68 9826.24 9834.19 9825.11 9830.28 9841.47 9866.13 9907.51 9936.03 9979.81 9969.87 9913.84 9880.04 9866.44 9870.6 9894.62 9906.93 9912.56 9916.13 9922.2 9928.67 9933.53 9943.48 9963.31 9986.75 9928.99 9924.3 9927.19 9932.05 9938.47 9945.86 9970.09 9981.95 9948.43 9952.84 10009.3 10013.2 10042.9 10100.4 10170.6 10183.8 10167.2 10163.8 10166.4 10166.4 10141.4 10141.4 10123.4 10158.3 10183.8 10204.3 10205.7 10173.4 10147.4 10140.9 10184.9 10207.1 10207.9 10198.6
9908.87 9857.84 9836.47 9819.9 9802.12 9804.39 9798.73 9804.03 9810.57 9817.71 9812.48 9815.06 9818.53 9828.84 9848.18 9885.68 9935.85 9962.67 9947.28 9904.82 9895.61 9886.42 9886.68 9896.03 9905.61 9917.05 9922.56 9929.78 9936.89 9945.92 9957.39 9974.36 9976.37 9923.6 9914.8 9919.79 9925.98 9930.27 9936.9 9948.03 9960.5 9952.67 9966.3 10017.4 10019.2 10065.4 10117.8 10147.6 10152.8 10154.7 10168.1 10183.1 10198 10173.1 10106 10084.1 10122.9 10150.2 10177.7 10187.6 10173.8 10153 10137.8 10165.1 10179.9 10178.7 10157.1
9901.66 9840.99 9830.16 9817.53 9798.28 9778.45 9783.13 9792.75 9802.67 9811.19 9817.78 9819.96 9815.21 9818.38 9816.88 9858.2 9892.88 9875 9876.03 9896.17 9910.61 9925.1 9910.99 9903.99 9908.57 9918.55 9929.86 9940.43 9950.5 9954.56 9956.95 9957.08 9964.63 9935.8 9933.59 9931.98 9936.04 9935.42 9930.75 9928.45 9929.79 9940.43 9985.39 10016.6 10048.5 10083.6 10105.6 10108.1 10113.8 10137.5 10162.1 10184.5 10199.8 10171 10115.4 10060.1 10065.3 10109.3 10144.2 10161.2 10156.8 10154.7 10150.1 10127.4 10112.3 10109.4 10094.7
9895.59 9818.73 9829.57 9825.58 9802.44 9771.16 9773.65 9788.74 9802.25 9813.3 9821.2 9830.17 9827.71 9823.03 9818.65 9844 9860.24 9856.76 9847.09 9885.57 9918.59 9942.21 9921.99 9920.23 9928.71 9936.54 9943.54 9949.09 9954.71 9962.19 9964.96 9966.23 9972.65 9970.61 9944.86 9935.47 9930.58 9926.92 9923.75 9916.41 9916.06 9952.97 9988.12 10028.9 10065.2 10103.9 10119.8 10099.4 10114.3 10131.5 10152.9 10172.8 10185.7 10154.3 10105.7 10046.4 10047.6 10086.1 10121.1 10146.8 10139.7 10145.3 10129.2 10099.3 10087.8 10077.8 10058.8
9785.45 9798.98 9839.47 9822.07 9801.76 9784.1 9774.34 9791 9803.98 9816.1 9826.48 9841.55 9849.11 9849.94 9846.16 9852.05 9856.05 9852.47 9877.66 9898.36 9920.76 9931.54 9938.82 9941 9949.61 9954.58 9959.42 9963.57 9967.64 9969.57 9978.23 9987.41 9993.06 9948.44 9953.8 9950.65 9942.62 9933.18 9924.4 9918.69 9922.3 9940.63 9989.56 10026 10068.7 10101.6 10109.3 10100.3 10112.5 10123.9 10137.7 10152.7 10154.9 10130.5 10083.7 10055.3 10056.7 10074.6 10100.4 10116.5 10133.2 10120.9 10112.7 10101.9 10065.3 10052.9 10030.1
9743.72 9794.33 9842.92 9833.28 9811.62 9789.85 9788.55 9805.83 9817.94 9830.43 9843.71 9867 9877.63 9885.17 9887.08 9886.85 9868.44 9837.48 9859.02 9903.21 9936.29 9948.61 9956.3 9966.41 9970.02 9970.72 9971.82 9973.3 9977.42 9978.59 9984.6 9987.53 10014.5 9980.98 9972.44 9965.6 9955.4 9937.81 9930.43 9924.81 9924.1 9948.84 9977.44 10052.4 10076.1 10086.3 10088.3 10076.5 10080 10105.9 10119.1 10133.8 10142.3 10144.6 10099.8 10074.7 10061.6 10067.2 10084.7 10106.3 10126 10113.7 10096.9 10090.9 10048.1 10012.8 10005
9742.27 9802.46 9842.14 9828.1 9830.98 9834.13 9814.84 9824.43 9835.37 9847.67 9859.69 9876.58 9899.94 9924.05 9946.66 9937.41 9912.54 9905.26 9879.1 9917.19 9954.96 9981.37 9988.79 9995.89 9986.9 9978.99 9976.26 9977.57 9983.78 9987.36 9994.43 10001.8 10025 10031.7 10006.3 9979.66 9962.1 9947.77 9937.68 9931.88 9934.28 9952.8 9981.59 10054.9 10087.2 10109.4 10103.7 10069.2 10071.8 10084.1 10108.4 10122.5 10130.6 10138.3 10117.2 10087.5 10053 10060.2 10074.5 10089 10104.1 10101.8 10085.9 10058.9 10031.5 10005.1 9975.83
9759.74 9815.16 9824.68 9836.59 9849.21 9841.67 9833.17 9841.29 9849.15 9859.6 9873.66 9889.48 9909.48 9937.23 9967.29 9963.91 9940.72 9927.54 9925.25 9943.72 9965.97 9983.59 9993.81 9998.4 9987.84 9981.31 9977.69 9982.85 9989.09 9995.95 10005 10013.5 9987.66 10040.7 10028 10008.6 9991.49 9974.7 9952.4 9931.67 9935.09 9955.57 10008.3 10055.2 10096.4 10130.3 10131.7 10141.4 10142.2 10112.4 10117.8 10126.9 10131.4 10132 10109.9 10069.6 10058.3 10055.8 10062.1 10074 10082.7 10069.8 10050.5 10033.4 10013.7 9985.03 9961.93
9763.67 9822.29 9851.93 9869.28 9875.61 9886.44 9866.01 9861.43 9863.39 9870.42 9879.2 9893.09 9909.75 9932.76 9954.45 9951.95 9937.5 9925.1 9940.07 9958.13 9971.04 9981.28 9984.19 9986.27 9979.76 9976.86 9980.77 9985.12 9991.29 9998.18 10010.5 10006.5 9966.93 10004 10020.3 10017 10006.7 9992.98 9975.67 9949.23 9952.43 9971.3 10014.1 10042.5 10077.8 10098.3 10132.9 10163.8 10165.9 10146.7 10136.2 10140.8 10145.7 10146.5 10103.3 10069.8 10063 10048.5 10041.6 10037 10045.7 10047.7 10032.5 10013.4 9996.65 9956.39 9940.5
9788.71 9862.44 9872.71 9881.79 9884.79 9894.54 9874.23 9872.73 9870.03 9872.68 9880.77 9887.81 9902.18 9917.04 9928.51 9927.6 9922.8 9912.28 9941 9946.97 9972.11 9984.13 9971.87 9963.48 9964.76 9972.62 9977.77 9983.95 9986.09 9988.73 9992.49 9985.03 9947.36 9987.78 10009.1 10014.8 10013.1 10013.6 10013.7 10002.5 9971.29 9983.54 10010.9 10017 10073.4 10130.5 10135.8 10144.4 10148 10142.3 10149.1 10154.3 10155.6 10134.5 10066.5 10044 10038.3 10037.4 10030.3 10015.5 10019.1 10042 10023.1 9997.98 9968.26 9942.04 9941.02
9903.05 9912.87 9889.52 9875.75 9870.24 9863.38 9878.47 9867.31 9863.5 9868.8 9875.36 9882.95 9889.88 9900.81 9908.2 9912.01 9908.83 9920.7 9909.92 9908.92 9910.54 9950.83 9952.99 9941.98 9956.74 9967.35 9964.13 9962.23 9959.75 9958.45 9959.92 9958.53 9971.92 9992.86 10001 10009.2 10013.3 10018.2 10025.9 10001.2 9985.21 10002 10027.1 10023.7 10057.4 10129.6 10124.6 10125.8 10154.7 10171.1 10166 10170.2 10176.6 10171 10087.1 10046.4 10048.6 10046.1 10040 10032.2 10018.2 10024.6 10004.6 9975.89 9952.51 9935.89 9954.79
9933.71 9886.17 9881.12 9874.26 9852.96 9827.61 9832.32 9845.86 9855.23 9864.58 9870.29 9873.1 9876.14 9877 9877.1 9884.18 9886 9877.61 9877.2 9891.32 9889.3 9931.92 9951.68 9955.66 9969.65 9978.14 9972.74 9951.42 9942.34 9931.06 9922.85 9909.61 9919.78 9970.32 9995.87 10001.7 10006.7 10007.8 10005.1 9991.16 9996.93 10015.1 10032.7 10018.4 10035.3 10048 10086.4 10119.6 10135.4 10151.8 10175.5 10183.2 10189.1 10155.8 10104.1 10073.1 10061.2 10056.2 10050.3 10047.1 10037.1 10026.9 10013.6 9989.45 9957.48 9939.03 9940.01
9901.29 9876.36 9886.81 9874.2 9844.73 9816.22 9801.94 9828.56 9844.46 9856.22 9863.6 9866.21 9866.35 9862.1 9853.45 9849.57 9857.72 9868.73 9871.68 9887.1 9913.76 9944.5 9967.69 10005.9 10013 9987.93 9969.36 9945.9 9927.23 9908.8 9890.93 9877.16 9885.46 9947.08 9986.31 9989.58 9992.97 9991.19 9982.18 9990.35 10005.9 10013 10019.9 10030.6 10032.3 10024.7 10044.3 10086.8 10115.5 10144.9 10197.6 10174.6 10156.2 10162.5 10141.6 10112.2 10088.9 10067.9 10056.7 10048.7 10058.8 10053.4 10030.3 10009.7 9980.73 9958.59 9957.79
9946.71 9950.03 9886.18 9873.21 9846.58 9820.04 9822.89 9832.08 9840.7 9848.68 9856.36 9858.62 9861.33 9856.57 9838.86 9825.9 9830.28 9860.19 9902.7 9895.92 9917.56 9943.83 9970.69 10000.1 10002.3 9986.76 9955.67 9934.9 9912.39 9888.6 9873.71 9871.33 9878.76 9913.44 9950.37 9966.28 9976.05 9983.58 9996.11 9996.08 9997.72 10001.3 10016.1 10052.5 10069.7 10036.6 10014.2 10044.5 10093.6 10164.2 10180.3 10136.2 10125.6 10197.3 10182.2 10150.3 10112.8 10084.4 10067 10057.7 10069.2 10087.2 10053.3 10033.5 10022.1 10005.8 10015.3
9955.17 10020.4 9928.81 9889.8 9850.96 9815.46 9804.43 9828.84 9840.2 9844.71 9848.49 9850.17 9848.11 9847.22 9838.68 9820.37 9832.14 9876.79 9927.3 9904.39 9913.7 9939.05 9964.13 9980.99 9986.22 9971.64 9949.59 9925.5 9900.48 9878.4 9860.84 9855.99 9870.46 9889.72 9916.19 9948.62 9967.8 9979.96 9996.06 9994.74 9989.82 9995.31 10009 10021.9 10087.6 10046.7 10000.4 10009.7 10036.7 10046.6 10090.8 10080.2 10085.8 10182.6 10192.8 10159.7 10124.9 10100.2 10079.5 10074.4 10098.5 10065.5 10041.6 10057.1 10076.1 10106.1 10068.1
9890.92 9922.06 9970.06 9901.38 9848.32 9812.54 9791.83 9826.31 9845.11 9845.69 9847.86 9848.82 9851.17 9853.48 9859.29 9878.99 9934.13 9951.24 9916.35 9899.83 9914.81 9936.35 9961.91 9982.83 10001.9 9972.23 9947.08 9921.74 9892.9 9869.7 9852.8 9859.22 9862.01 9876.37 9907.08 9945.81 9965.71 9974.24 9982.09 10013.1 10006.4 10013.4 10003.7 9997.55 10085.5 10046.9 9988.3 9987.22 10004.5 10023.8 10036.6 10046.5 10060.2 10151.8 10160.3 10145.5 10121.9 10105.4 10093.4 10079.6 10075.3 10067.1 10081.3 10082.3 10097 10115.9 10070
9895.9 9880.55 9910.28 9877.55 9853.64 9830.65 9819.95 9846.36 9856.58 9856.59 9855.75 9851.38 9851.51 9855.01 9871.14 9920.06 9968.56 9955.01 9914.85 9920.66 9926.13 9946.2 9964 9976.89 9978.58 9963.29 9938.23 9903.38 9874.16 9849.31 9848.32 9873.1 9875.57 9890.05 9948.62 9968.12 9970.64 9980.66 9987.05 9996.39 9999.07 10013.4 10005 10008.9 10055 10044.4 9984.52 9982.7 9992.9 10009.5 10033 10045.8 10054.9 10098.5 10100.1 10102.4 10097.7 10106.6 10107.6 10101.5 10095.1 10106.4 10103.6 10100.7 10091.1 10075.2 10050.9
9944.91 9858.3 9820.96 9838.27 9850.51 9860.36 9878.62 9875.59 9866.97 9863.92 9862.86 9864.5 9867.15 9873.39 9879.8 9874.78 9860.89 9883.08 9905.69 9928.92 9955.47 9960.26 9966.96 9975 9974.45 9957.9 9926.31 9892.37 9861.5 9839.52 9844.61 9931.23 9910.42 9892.99 9956.24 9968.49 9974.26 9984.47 9977.56 9982.71 9993.44 9999.52 10017.2 10069.4 10051.3 10048.1 10036.9 10005.4 9993.99 9992.62 10031.9 10046.5 10051.1 10076.2 10061 10053.9 10061.1 10066.7 10087.8 10095.6 10099.6 10136.9 10143.8 10106 10073.5 10048.6 10036.1
9921.4 9866.54 9818.91 9844.43 9874.14 9896.67 9903.08 9881.2 9876.43 9870.78 9871.65 9875.3 9879.78 9880.4 9869.56 9850.8 9844.32 9872.96 9912.75 9931.15 9960.62 9954.18 9960.96 9971.39 9992.78 9963.46 9926.4 9894.18 9869 9851.76 9869.78 10031 9949.76 9891.39 9914.66 9939.38 9958.82 9973.13 9987.47 9962.81 9980.44 10012.9 10025.2 10040.5 10032.7 10076.9 10045.5 10010 9993.56 9994.88 10031.9 10038.6 10016 10043.9 10046.8 10027 10028.7 10033 10032.5 10054 10105.5 10163 10147.6 10096.2 10052.9 10018.7 10004.7
9978.66 9863.52 9855.31 9913.38 9949.95 9947.8 9933.45 9900.21 9879.57 9876.31 9873.02 9867.38 9861.71 9863.23 9854.32 9855.83 9851.42 9895.95 9969.45 9998.01 9940.89 9938.12 9946.12 9953.23 9963.68 9944.49 9918.14 9898.54 9884.49 9881.25 9923.81 9989.12 9953.64 9910.72 9909.71 9919.67 9937.07 9950.1 9958.52 9965.59 9977.91 9993.35 10033.4 10024.6 10034.8 10048.4 10017.1 9991.69 9983.43 9994.54 10016.6 10033.4 9987.83 9993.6 10009.2 10010 10006.7 9998.81 10007.4 10010 10044.6 10111.9 10078.7 10055 10032.5 10004.2 9984.31
9982.44 9928.85 9974.68 10050.6 10016.4 9989.87 9967.48 9916.26 9885.73 9879.76 9875.6 9876.62 9880.55 9886.56 9879.09 9876.08 9871.61 9947.26 10006 9995.82 9936.65 9926.02 9920.84 9918.96 9917.85 9907.82 9899.21 9894.57 9896.97 9907.09 9912.27 9924.72 9930.15 9924.29 9906.99 9906.85 9927.8 9943.49 9973.62 9979.87 9980.11 9992.91 10042.6 10037.1 10026.9 10024.5 9981.96 9950.24 9956.69 9985.17 10062.5 10010.8 9947.51 9960.96 9987.77 10001.7 9988.32 9969.57 9967.99 9951.27 9954.18 9972.68 9995.36 10012 10021.9 10010 9994.2
10126 10104.8 10099.6 10090 10029.3 9994.48 9975.23 9941.14 9888.18 9880.34 9883.21 9889.07 9897.74 9907.42 9917.14 9935.09 9985.33 10007.3 9998.72 9973.52 9951.96 9923.47 9908.95 9894.13 9875.88 9868.49 9877.15 9887.05 9898.89 9917 9912.08 9901.24 9912.38 9914.18 9927.47 9947.31 9940.86 9939.77 9988.63 9959.87 9969.01 10007.2 10070.1 10054.1 10010.9 9993.79 9953.7 9918.3 9906.57 9918.15 9927.12 9959.51 9914.76 9929.83 9953.66 9977.45 9968.02 9941.21 9914.13 9909.47 9898.71 9907.83 9952.81 9984.22 10004.5 10026.3 10002.3
10145.7 10116.2 10052 9985.03 9974.18 9958.05 9936.27 9896.68 9879.27 9865.07 9870.05 9885.02 9904.95 9926.96 9957.19 9992.57 9998.14 10008 10004.4 9962.04 9926.13 9915.86 9901.88 9882.29 9858.83 9850.02 9854.14 9856.34 9865.35 9889.79 9931.76 9937.34 9927.3 9916.21 9952.84 9995.56 9952.82 9906.53 9914.6 9905.36 9943.71 9980.66 9992.62 9991.38 9994.45 9967.59 9907.39 9839.69 9837.97 9837.46 9833.92 9854.89 9900.74 9932.54 9955.55 9970.84 9944.97 9912.17 9898.59 9883.12 9865.73 9875.92 9923.7 9967.71 9998.12 10028.9 10037.6
10025.1 10020.9 9991.8 9932.85 9918.01 9910.01 9897.57 9880.42 9855.4 9859.56 9881.63 9903.02 9924.24 9946.12 9966.28 9992.33 10018.9 10009.9 10025.6 9981.8 9926.26 9918.55 9903.51 9885.04 9866.91 9863.96 9851.47 9848.27 9845.34 9857.67 9939.38 10006.5 9971.5 9922.36 9938.01 10014 9943.89 9886.11 9876.68 9877.36 9926.24 9957.75 9962.64 9950.16 9972.46 9949.19 9860.45 9781.44 9777.02 9778.28 9779.56 9810.85 9868.16 9934.95 9954.24 9951.61 9930.99 9886.21 9882.5 9856.91 9845.44 9852.28 9900.69 9949.87 10007.3 10012.7 10008.4
9951.2 9988.66 9937.48 9878.18 9877.81 9875.44 9870.11 9850.94 9820.68 9861.01 9896.68 9913.18 9929.75 9942.89 9953.1 9956.04 9969.31 9991.79 10011.3 10060.3 10009.1 9949.99 9927.25 9912.93 9897.55 9879.44 9883.35 9872.76 9861.03 9884.44 10147.7 10114.8 10029.7 9945.9 9917.77 9942.57 9906.57 9875.83 9882.26 9908.53 9944.19 9965.18 9931.37 9932.57 9904.79 9889.81 9839.52 9762.04 9744.13 9747.28 9752.95 9797.93 9828.36 9886.37 9911.19 9932.45 9911.39 9876.56 9837.22 9807.83 9822.67 9840.31 9884.11 9910 9925.63 9925.08 9988.27
9856.74 9877.17 9849.37 9844 9836.25 9858.51 9868.51 9830.83 9857.59 9890.06 9897.61 9899.88 9901.26 9906.6 9910.24 9925.18 9941.26 9968 9969.97 10036.7 10017.3 9972.16 9959.15 9956.36 9954.7 9950.08 9940.21 9925.9 9916.78 9974.39 10200.4 10186.9 10084.6 9967.78 9892.14 9903.32 9855.52 9919.33 9977.56 9938.21 9952.76 9963.16 9908.48 9917.98 9887.96 9874.33 9839.75 9759.82 9742 9749.75 9749.21 9749.75 9774.6 9833.24 9877.27 9909.64 9892.94 9850.22 9826.1 9809.46 9800.11 9843.15 9869.33 9885.74 9865.59 9888.91 9936.07
9797.89 9774.82 9760.34 9746.15 9790.06 9855.57 9922.23 9998.66 10002.3 9947.6 9916.55 9896.73 9883.77 9875.71 9867.55 9857.98 9899.89 9946.87 9961.82 10016.2 10006.7 9986 10001.9 10019.1 10029.3 10026 10034.6 10005.3 9990.51 10059.5 10245.3 10219 10117.7 9996.59 9918.05 9925.84 9735.49 9703.1 9921.61 9926.63 9953.68 9931.42 9891.62 9870.96 9859.22 9849.37 9830.07 9775.25 9754.88 9769.17 9794.31 9802.27 9815.12 9813.93 9886.42 9928.02 9938.82 9905.58 9846.38 9815.14 9831.33 9891.54 9952.71 9899.27 9854.22 9872.52 9898.63
