real_craters/C208-750m.grd
DSAA
428 428
-160.125 160.125
-160.125 160.125
7684.4007989683 11682.115086746
[rows 34 to 67 of 428, columns 304 to 379 of 428]
1.007e+004 1.007e+004 1.007e+004 1.009e+004 1.011e+004 1.009e+004 1.006e+004 1.005e+004 1.004e+004 1.002e+004 9994 9984 9989 9971 9980 9990 9992 1e+004 1.002e+004 1.003e+004 1.004e+004 1.004e+004 1.004e+004 1.002e+004 1.001e+004 1.001e+004 1.001e+004 1.002e+004 1.003e+004 1.003e+004 1.003e+004 1e+004 9977 9962 9948 9943 9934 9929 9920 9913 9905 9898 9892 9887 9885 9884 9888 9896 9910 9923 9931 9939 9950 9970 1e+004 1.004e+004 1.008e+004 1.012e+004 1.015e+004 1.014e+004 1.013e+004 1.012e+004 1.012e+004 1.011e+004 1.011e+004 1.011e+004 1.011e+004 1.01e+004 1.008e+004 1.007e+004 1.005e+004 1.004e+004 1.005e+004 9856 9836 9826
1.006e+004 1.005e+004 1.005e+004 1.006e+004 1.005e+004 1.006e+004 1.006e+004 1.006e+004 1.006e+004 1.006e+004 1.003e+004 1.005e+004 1.008e+004 1.003e+004 1.003e+004 1.003e+004 1.004e+004 1.004e+004 1.004e+004 1.004e+004 1.004e+004 1.004e+004 1.003e+004 1.002e+004 1.001e+004 1e+004 9997 1e+004 1.001e+004 1.001e+004 1.001e+004 9984 9965 9952 9941 9933 9927 9918 9911 9905 9901 9894 9889 9885 9884 9887 9895 9903 9916 9922 9924 9931 9945 9968 9995 1.003e+004 1.007e+004 1.011e+004 1.015e+004 1.015e+004 1.013e+004 1.012e+004 1.011e+004 1.012e+004 1.012e+004 1.011e+004 1.011e+004 1.01e+004 1.009e+004 1.008e+004 1.005e+004 1.001e+004 1.003e+004 9978 9908 9873
1.005e+004 1.004e+004 1.004e+004 1.004e+004 1.004e+004 1.005e+004 1.005e+004 1.006e+004 1.008e+004 1.01e+004 1.012e+004 1.012e+004 1.012e+004 1.009e+004 1.007e+004 1.006e+004 1.006e+004 1.003e+004 1.002e+004 1.002e+004 1.002e+004 1.002e+004 1.002e+004 1.001e+004 1e+004 9993 9985 9988 9992 9988 9975 9965 9954 9946 9935 9922 9910 9902 9898 9896 9892 9890 9887 9886 9888 9893 9895 9900 9923 9918 9920 9923 9934 9951 9976 1.001e+004 1.005e+004 1.009e+004 1.014e+004 1.021e+004 1.014e+004 1.009e+004 1.008e+004 1.009e+004 1.009e+004 1.009e+004 1.01e+004 1.009e+004 1.007e+004 1.005e+004 1.001e+004 9959 9961 9965 9935 9905
1.004e+004 1.004e+004 1.003e+004 1.003e+004 1.003e+004 1.003e+004 1.005e+004 1.007e+004 1.008e+004 1.009e+004 1.014e+004 1.012e+004 1.009e+004 1.006e+004 1.003e+004 1.003e+004 1.002e+004 1.001e+004 9993 9986 9987 9998 1e+004 9998 9994 9990 9985 9985 9986 9977 9965 9950 9940 9934 9926 9914 9903 9897 9893 9891 9890 9885 9884 9886 9893 9897 9893 9893 9900 9906 9911 9916 9930 9940 9955 9996 1.003e+004 1.006e+004 1.008e+004 1.006e+004 1.003e+004 1.004e+004 1.005e+004 1.005e+004 1.005e+004 1.006e+004 1.007e+004 1.006e+004 1.004e+004 1.001e+004 9972 9944 9936 9944 9936 9918
1.004e+004 1.003e+004 1.003e+004 1.002e+004 1.002e+004 1.003e+004 1.004e+004 1.006e+004 1.009e+004 1.011e+004 1.011e+004 1.008e+004 1.005e+004 1.003e+004 1.001e+004 1.001e+004 9999 9985 9970 9959 9953 9973 9981 9985 9987 9989 9995 1e+004 9986 9973 9957 9945 9930 9924 9915 9909 9905 9898 9893 9889 9884 9881 9879 9882 9891 9894 9883 9876 9881 9892 9899 9906 9925 9945 9966 9992 1.001e+004 1.003e+004 1.003e+004 1.002e+004 9998 1e+004 1.001e+004 1.002e+004 1.003e+004 1.002e+004 1.002e+004 1.001e+004 9991 9971 9946 9930 9932 9932 9929 9920
1.003e+004 1.002e+004 1.003e+004 1.002e+004 1.001e+004 1e+004 1.003e+004 1.006e+004 1.009e+004 1.012e+004 1.008e+004 1.005e+004 1.003e+004 1.002e+004 9998 9989 9976 9964 9953 9941 9934 9951 9961 9971 9978 9984 9992 1e+004 9982 9967 9960 9948 9924 9920 9909 9895 9893 9898 9895 9891 9886 9879 9873 9873 9892 9893 9885 9872 9875 9882 9890 9897 9919 9952 9985 9994 9998 9998 9993 9987 9976 9976 9980 9982 9989 9967 9954 9949 9946 9937 9925 9915 9913 9917 9917 9917
1.001e+004 1e+004 9993 9999 1e+004 9999 1.003e+004 1.005e+004 1.007e+004 1.008e+004 1.007e+004 1.004e+004 1.001e+004 1e+004 9991 9979 9961 9947 9940 9933 9926 9928 9946 9959 9969 9976 9981 9974 9968 9954 9934 9909 9914 9916 9905 9896 9893 9898 9894 9889 9884 9878 9874 9880 9892 9889 9884 9868 9865 9874 9882 9888 9911 9946 9974 9983 9979 9970 9961 9948 9949 9964 9956 9943 9923 9916 9911 9907 9907 9904 9901 9897 9894 9913 9931 9919
1e+004 9986 9977 9992 1.001e+004 1.003e+004 1.002e+004 1.003e+004 1.004e+004 1.004e+004 1.004e+004 1.004e+004 1.001e+004 9998 9996 9979 9959 9943 9944 9939 9930 9930 9940 9950 9959 9966 9970 9969 9958 9944 9929 9920 9912 9912 9907 9898 9894 9891 9891 9888 9882 9876 9872 9876 9882 9882 9874 9865 9858 9868 9876 9883 9902 9931 9961 9969 9953 9942 9934 9927 9942 9941 9931 9917 9897 9887 9878 9875 9876 9875 9874 9872 9875 9903 9925 9915
9984 9976 9975 9990 9997 9993 9999 1.001e+004 1.002e+004 1.002e+004 1.002e+004 1.002e+004 1.001e+004 9996 9990 9979 9971 9971 9965 9955 9940 9931 9937 9945 9951 9957 9961 9958 9947 9936 9926 9919 9914 9910 9905 9901 9894 9890 9889 9887 9881 9874 9869 9873 9879 9881 9880 9864 9856 9866 9868 9872 9884 9904 9922 9923 9919 9913 9907 9899 9896 9907 9905 9897 9896 9879 9853 9850 9852 9853 9849 9845 9860 9884 9902 9899
9971 9967 9968 9979 9981 9974 9975 9981 9989 9994 9997 1e+004 9999 9992 9985 9976 9973 9976 9977 9968 9950 9935 9935 9938 9944 9948 9950 9948 9936 9927 9920 9916 9911 9908 9906 9900 9894 9890 9887 9884 9879 9872 9866 9873 9880 9882 9879 9862 9850 9858 9857 9853 9860 9868 9870 9872 9881 9883 9883 9879 9875 9889 9881 9874 9863 9848 9838 9833 9835 9835 9833 9827 9846 9867 9879 9878
9967 9960 9955 9964 9964 9956 9955 9960 9962 9967 9974 9982 9988 9990 9974 9964 9964 9967 9968 9962 9949 9935 9931 9932 9935 9938 9939 9936 9923 9916 9911 9909 9906 9906 9906 9902 9894 9890 9888 9883 9879 9873 9870 9878 9887 9885 9875 9858 9839 9836 9840 9838 9839 9844 9843 9844 9856 9863 9866 9867 9868 9858 9854 9849 9840 9827 9820 9818 9820 9823 9827 9827 9837 9850 9856 9859
9967 9955 9948 9954 9948 9941 9939 9943 9954 9955 9954 9957 9962 9977 9969 9960 9951 9942 9944 9947 9940 9927 9926 9928 9929 9931 9930 9924 9911 9906 9902 9898 9899 9906 9907 9897 9894 9893 9892 9893 9882 9873 9869 9879 9889 9862 9850 9839 9834 9829 9828 9819 9824 9829 9830 9834 9839 9845 9850 9853 9859 9840 9834 9831 9828 9823 9804 9806 9809 9812 9815 9821 9830 9839 9846 9849
9967 9950 9938 9936 9935 9920 9895 9925 9933 9935 9936 9938 9949 9966 9966 9959 9939 9921 9923 9936 9931 9921 9920 9922 9924 9924 9923 9918 9905 9900 9896 9891 9893 9903 9900 9897 9896 9896 9895 9893 9883 9871 9860 9861 9857 9852 9844 9841 9846 9849 9838 9826 9822 9819 9822 9827 9825 9829 9835 9836 9838 9827 9816 9814 9815 9814 9805 9802 9801 9801 9804 9813 9825 9833 9841 9845
9963 9947 9934 9933 9932 9928 9937 9921 9918 9919 9921 9926 9936 9949 9950 9944 9928 9913 9912 9915 9915 9913 9915 9919 9921 9921 9919 9915 9908 9897 9893 9891 9895 9905 9903 9898 9901 9899 9897 9892 9882 9872 9864 9859 9861 9857 9856 9855 9859 9857 9848 9837 9826 9818 9813 9792 9804 9816 9821 9821 9821 9809 9797 9797 9800 9804 9805 9796 9791 9790 9793 9810 9820 9827 9831 9829
9954 9946 9934 9943 9933 9927 9920 9916 9911 9908 9908 9916 9929 9932 9931 9928 9918 9906 9900 9909 9900 9907 9913 9915 9916 9917 9915 9909 9897 9894 9894 9894 9896 9901 9901 9897 9899 9897 9899 9896 9883 9872 9864 9861 9872 9869 9869 9865 9858 9853 9849 9843 9832 9822 9817 9811 9809 9812 9813 9809 9803 9793 9781 9782 9784 9789 9787 9784 9781 9781 9784 9803 9815 9821 9830 9839
9953 9952 9948 9940 9925 9916 9914 9912 9910 9899 9890 9899 9900 9912 9914 9913 9910 9907 9912 9909 9898 9906 9910 9911 9911 9913 9914 9912 9903 9895 9898 9900 9900 9897 9892 9894 9887 9890 9893 9893 9877 9868 9863 9864 9875 9874 9877 9871 9861 9855 9851 9846 9840 9832 9829 9819 9815 9818 9815 9808 9792 9769 9770 9770 9768 9762 9765 9769 9771 9773 9784 9794 9801 9812 9825 9839
9961 9963 9962 9926 9910 9906 9898 9902 9907 9895 9879 9878 9893 9901 9899 9900 9899 9902 9909 9918 9909 9907 9906 9905 9907 9910 9914 9918 9914 9905 9906 9906 9909 9896 9884 9884 9887 9884 9866 9857 9867 9861 9857 9861 9884 9885 9883 9876 9866 9862 9859 9853 9849 9844 9844 9841 9839 9833 9827 9818 9803 9785 9775 9769 9761 9753 9759 9762 9763 9761 9771 9779 9786 9799 9812 9820
9975 9973 9969 9937 9913 9906 9898 9898 9901 9898 9893 9879 9882 9880 9887 9883 9885 9892 9897 9914 9922 9908 9897 9897 9900 9905 9911 9919 9927 9923 9912 9905 9900 9884 9871 9876 9880 9889 9894 9886 9870 9855 9852 9855 9876 9891 9886 9882 9872 9867 9873 9866 9862 9857 9858 9858 9856 9848 9843 9836 9827 9814 9795 9779 9769 9757 9765 9761 9758 9756 9757 9764 9773 9785 9800 9811
9981 9977 9977 9952 9934 9922 9908 9908 9915 9907 9891 9885 9884 9886 9888 9885 9885 9886 9887 9895 9914 9901 9884 9887 9894 9899 9905 9911 9919 9921 9909 9897 9881 9873 9877 9877 9888 9897 9907 9899 9881 9862 9859 9865 9869 9884 9893 9890 9883 9882 9889 9880 9874 9870 9867 9868 9863 9862 9860 9857 9856 9856 9816 9798 9790 9792 9770 9767 9759 9750 9742 9747 9753 9772 9790 9807
9979 9981 9962 9973 9964 9947 9937 9939 9932 9918 9912 9894 9892 9892 9895 9899 9899 9886 9874 9877 9901 9889 9871 9883 9894 9896 9898 9898 9897 9901 9899 9893 9884 9884 9893 9897 9900 9903 9907 9904 9894 9889 9887 9875 9867 9877 9896 9896 9897 9898 9893 9892 9888 9884 9883 9879 9875 9876 9877 9878 9879 9875 9850 9838 9818 9795 9790 9780 9768 9753 9742 9746 9753 9768 9785 9797
9981 9987 9996 9990 9987 9964 9950 9950 9936 9922 9908 9903 9901 9901 9907 9909 9905 9889 9874 9871 9880 9883 9889 9898 9901 9900 9895 9889 9877 9879 9894 9897 9898 9903 9909 9912 9905 9908 9909 9907 9904 9900 9902 9880 9872 9879 9886 9895 9898 9894 9897 9900 9903 9902 9900 9895 9900 9894 9896 9897 9898 9897 9902 9883 9858 9831 9817 9800 9783 9770 9758 9762 9759 9779 9791 9787
9990 9981 9975 9983 9982 9964 9942 9921 9923 9920 9916 9915 9909 9919 9915 9909 9903 9887 9874 9861 9857 9880 9910 9916 9912 9907 9899 9891 9884 9894 9900 9904 9910 9918 9919 9929 9919 9919 9911 9914 9913 9909 9898 9882 9884 9887 9888 9897 9904 9908 9905 9913 9917 9918 9915 9906 9905 9904 9910 9911 9912 9914 9911 9904 9904 9891 9852 9822 9801 9779 9777 9787 9795 9807 9807 9794
9992 9976 9967 9969 9970 9952 9932 9918 9908 9902 9899 9903 9903 9903 9908 9900 9888 9881 9876 9872 9866 9884 9909 9923 9920 9914 9905 9897 9891 9896 9903 9909 9920 9930 9933 9935 9942 9939 9938 9931 9922 9912 9896 9886 9893 9895 9894 9901 9912 9922 9921 9929 9930 9929 9926 9915 9909 9906 9910 9916 9915 9915 9913 9909 9926 9921 9885 9859 9827 9802 9794 9804 9846 9859 9811 9811
9974 9966 9958 9953 9946 9931 9917 9901 9892 9887 9893 9889 9893 9898 9902 9890 9876 9877 9881 9883 9881 9894 9918 9928 9927 9920 9911 9901 9891 9882 9892 9910 9924 9935 9936 9950 9949 9948 9976 9949 9927 9911 9898 9894 9912 9907 9903 9910 9916 9923 9933 9943 9940 9937 9934 9928 9912 9907 9914 9922 9919 9917 9910 9908 9906 9906 9906 9890 9857 9831 9806 9768 9763 9740 9726 9791
9969 9964 9955 9937 9919 9910 9905 9894 9886 9883 9888 9880 9888 9886 9885 9884 9881 9884 9889 9887 9894 9907 9924 9934 9933 9927 9918 9910 9901 9902 9896 9913 9929 9939 9934 9947 9937 9941 9960 9947 9925 9909 9899 9903 9921 9916 9916 9921 9924 9922 9935 9939 9942 9940 9937 9933 9919 9914 9918 9919 9915 9912 9911 9911 9920 9909 9900 9894 9883 9873 9807 9691 9553 9456 9570 9713
9972 9951 9936 9929 9914 9906 9908 9903 9896 9896 9900 9895 9887 9882 9881 9889 9900 9906 9904 9903 9907 9916 9931 9942 9938 9930 9921 9913 9909 9908 9912 9923 9936 9947 9948 9949 9958 9952 9945 9939 9927 9917 9918 9915 9922 9917 9931 9931 9937 9944 9940 9939 9944 9939 9934 9930 9922 9924 9923 9908 9902 9901 9907 9908 9865 9883 9893 9898 9897 9910 9815 9652 9457 9310 9469 9652
9973 9950 9938 9936 9930 9923 9914 9913 9915 9911 9910 9906 9895 9883 9883 9900 9911 9917 9917 9916 9917 9919 9933 9940 9937 9929 9919 9913 9909 9912 9918 9934 9940 9943 9948 9948 9945 9941 9936 9933 9930 9919 9906 9917 9935 9925 9931 9939 9944 9930 9955 9952 9948 9935 9918 9905 9893 9938 9874 9863 9869 9883 9898 9905 9899 9883 9886 9889 9902 9919 9827 9679 9512 9378 9512 9679
9976 9957 9955 9953 9951 9943 9911 9908 9925 9929 9913 9905 9902 9901 9905 9913 9922 9929 9931 9933 9933 9934 9940 9943 9937 9923 9912 9907 9906 9904 9951 9952 9947 9941 9944 9946 9942 9939 9935 9930 9923 9916 9907 9910 9917 9923 9931 9944 9954 9963 9954 9969 9954 9924 9887 9853 9814 9746 9744 9787 9819 9856 9891 9907 9908 9893 9885 9889 9893 9902 9840 9742 9660 9626 9689 9761
9996 9985 9976 9970 9965 9957 9931 9926 9937 9928 9906 9908 9912 9918 9929 9924 9932 9944 9942 9949 9953 9950 9946 9965 9936 9907 9900 9902 9906 9918 9950 9961 9956 9945 9946 9946 9940 9939 9936 9931 9921 9920 9914 9918 9925 9928 9937 9947 9953 9950 9946 9953 9945 9904 9850 9790 9722 9634 9637 9707 9762 9822 9873 9904 9897 9884 9871 9862 9863 9882 9847 9802 9795 9872 9855 9821
1.001e+004 1.001e+004 9993 9983 9974 9966 9957 9943 9933 9919 9909 9907 9916 9923 9925 9920 9933 9946 9964 9961 9956 9944 9924 9884 9862 9875 9886 9896 9906 9919 9942 9962 9965 9964 9955 9947 9946 9945 9945 9940 9929 9924 9919 9924 9934 9940 9945 9951 9952 9944 9942 9950 9934 9869 9798 9721 9653 9583 9580 9642 9704 9770 9838 9896 9884 9859 9847 9844 9836 9842 9835 9826 9833 9836 9833 9825
1.002e+004 1.001e+004 9999 9989 9981 9973 9961 9947 9930 9913 9912 9921 9923 9922 9921 9917 9932 9949 9961 9963 9962 9955 9918 9852 9828 9861 9882 9896 9907 9918 9937 9959 9965 9967 9966 9955 9961 9968 9965 9960 9953 9936 9934 9933 9941 9950 9954 9958 9960 9953 9949 9945 9889 9811 9731 9661 9601 9538 9534 9587 9645 9705 9766 9830 9813 9811 9816 9821 9817 9815 9820 9822 9823 9815 9807 9806
1.003e+004 1.002e+004 1e+004 9988 9983 9981 9975 9951 9927 9910 9922 9934 9929 9922 9915 9919 9932 9944 9955 9957 9956 9953 9931 9888 9870 9884 9898 9908 9916 9924 9936 9952 9959 9962 9962 9970 9977 9989 9990 9982 9970 9958 9957 9951 9955 9960 9962 9964 9962 9961 9964 9924 9846 9717 9643 9588 9548 9504 9501 9539 9584 9629 9665 9672 9705 9753 9784 9803 9798 9794 9806 9809 9806 9794 9774 9786
1.002e+004 1e+004 9987 9982 9978 9974 9967 9949 9925 9919 9935 9941 9934 9925 9916 9926 9936 9945 9956 9951 9939 9948 9948 9934 9929 9925 9923 9924 9927 9932 9942 9948 9956 9961 9965 9976 9982 9996 1.001e+004 1e+004 9992 9974 9970 9968 9967 9967 9967 9969 9968 9971 9982 9890 9669 9586 9552 9527 9506 9483 9478 9505 9538 9566 9585 9601 9656 9716 9765 9799 9820 9791 9795 9794 9788 9780 9780 9771
1.001e+004 9990 9972 9973 9972 9974 9968 9948 9927 9917 9934 9938 9936 9931 9928 9932 9937 9944 9951 9950 9951 9953 9957 9964 9980 9959 9947 9941 9939 9941 9943 9955 9954 9962 9972 9975 9982 9999 1.001e+004 1.001e+004 1.001e+004 9996 9978 9970 9965 9965 9969 9975 9985 9987 9975 9847 9590 9505 9491 9485 9480 9472 9472 9484 9498 9513 9526 9555 9621 9704 9761 9791 9797 9786 9782 9775 9770 9766 9759 9754
