real_craters/C209-750m.grd
DSAA
429 429
-160.545 160.545
-160.545 160.545
8160.5063372747 11374.469779242
[rows 340 to 373 of 429, columns 231 to 307 of 429]
9701 9718 9728 9733 9736 9740 9757 9769 9779 9781 9782 9785 9791 9797 9804 9801 9811 9823 9803 9810 9804 9797 9793 9792 9812 9822 9830 9829 9813 9813 9815 9815 9812 9808 9782 9753 9774 9795 9799 9783 9780 9772 9766 9761 9756 9750 9750 9754 9754 9753 9762 9761 9762 9768 9769 9770 9771 9774 9777 9781 9784 9787 9791 9796 9800 9799 9800 9800 9790 9789 9786 9787 9783 9767 9754 9748 9737
9700 9718 9726 9732 9739 9743 9753 9761 9764 9780 9789 9794 9800 9806 9813 9808 9813 9816 9810 9797 9794 9788 9782 9792 9775 9810 9819 9794 9805 9813 9815 9814 9812 9807 9788 9803 9819 9799 9790 9788 9784 9777 9769 9761 9753 9748 9746 9747 9751 9751 9759 9764 9766 9767 9773 9771 9773 9775 9778 9781 9784 9787 9790 9795 9798 9801 9804 9808 9799 9795 9794 9793 9790 9785 9772 9759 9746
9704 9710 9720 9730 9744 9755 9754 9760 9772 9790 9798 9803 9808 9813 9817 9811 9816 9824 9806 9792 9791 9790 9790 9801 9810 9813 9813 9821 9819 9817 9818 9818 9816 9814 9821 9829 9820 9794 9781 9785 9787 9776 9766 9758 9753 9748 9747 9750 9750 9752 9759 9765 9767 9770 9765 9769 9772 9775 9778 9781 9783 9786 9789 9793 9794 9798 9802 9802 9799 9795 9792 9794 9796 9793 9783 9771 9762
9701 9712 9720 9725 9730 9739 9749 9758 9768 9785 9801 9809 9816 9821 9826 9821 9814 9819 9801 9791 9792 9797 9807 9805 9819 9823 9836 9822 9823 9820 9820 9819 9816 9815 9808 9772 9794 9787 9777 9776 9775 9769 9764 9758 9753 9750 9750 9757 9759 9759 9761 9765 9766 9774 9769 9770 9773 9776 9779 9781 9784 9787 9790 9793 9794 9797 9800 9800 9796 9791 9791 9795 9799 9797 9791 9782 9776
9699 9709 9718 9724 9728 9738 9749 9757 9765 9791 9805 9814 9822 9825 9826 9829 9834 9804 9782 9790 9798 9806 9808 9823 9830 9837 9826 9828 9825 9820 9816 9816 9814 9811 9794 9780 9791 9802 9788 9769 9762 9761 9760 9758 9755 9753 9756 9758 9763 9761 9761 9759 9766 9770 9772 9773 9775 9777 9779 9782 9784 9786 9789 9794 9796 9799 9800 9800 9795 9789 9789 9791 9794 9799 9796 9790 9780
9703 9709 9714 9727 9744 9746 9750 9760 9777 9802 9812 9819 9826 9830 9833 9837 9837 9823 9818 9799 9806 9825 9846 9856 9857 9841 9833 9825 9823 9820 9820 9821 9821 9820 9818 9800 9791 9790 9781 9764 9755 9758 9758 9758 9755 9755 9754 9756 9755 9763 9764 9767 9769 9770 9774 9777 9776 9778 9779 9781 9783 9786 9790 9794 9803 9801 9801 9801 9798 9789 9789 9791 9794 9799 9799 9799 9797
9717 9717 9721 9727 9736 9744 9750 9759 9765 9801 9812 9817 9824 9832 9845 9856 9826 9832 9836 9807 9819 9836 9856 9854 9851 9830 9851 9837 9817 9817 9818 9819 9821 9823 9825 9819 9799 9784 9780 9767 9760 9759 9759 9760 9758 9757 9755 9753 9753 9760 9765 9769 9769 9771 9773 9774 9777 9778 9779 9780 9781 9785 9791 9794 9795 9799 9800 9800 9796 9790 9789 9792 9793 9793 9799 9804 9806
9718 9722 9719 9723 9724 9738 9749 9761 9772 9800 9805 9814 9823 9831 9836 9832 9831 9834 9844 9849 9845 9835 9840 9859 9864 9860 9844 9821 9818 9813 9813 9814 9817 9821 9825 9817 9799 9791 9784 9786 9775 9767 9764 9762 9762 9761 9760 9758 9755 9759 9765 9769 9769 9773 9777 9779 9779 9777 9777 9777 9778 9781 9788 9793 9796 9796 9798 9799 9798 9792 9789 9791 9792 9792 9797 9802 9804
9728 9725 9718 9714 9724 9731 9745 9761 9780 9767 9790 9811 9820 9827 9829 9834 9820 9814 9821 9855 9859 9858 9865 9890 9856 9831 9832 9813 9816 9811 9806 9805 9807 9811 9817 9814 9797 9785 9782 9779 9774 9769 9766 9764 9764 9765 9765 9763 9760 9763 9765 9769 9774 9785 9781 9788 9778 9775 9775 9776 9776 9775 9778 9786 9790 9793 9795 9797 9797 9791 9790 9791 9790 9789 9794 9799 9803
9725 9710 9696 9695 9703 9719 9737 9758 9783 9795 9803 9813 9820 9824 9826 9821 9809 9810 9821 9851 9847 9847 9854 9863 9866 9844 9826 9803 9809 9805 9801 9798 9796 9796 9797 9802 9788 9778 9776 9771 9769 9766 9766 9766 9767 9769 9770 9768 9765 9764 9761 9763 9771 9776 9773 9766 9769 9773 9774 9775 9775 9776 9778 9782 9786 9791 9794 9795 9791 9789 9789 9791 9789 9788 9793 9798 9802
9712 9689 9685 9685 9692 9708 9728 9753 9784 9813 9817 9814 9816 9822 9825 9821 9814 9826 9829 9836 9832 9815 9818 9849 9888 9859 9841 9840 9820 9801 9794 9790 9785 9778 9771 9779 9774 9778 9767 9762 9761 9762 9763 9766 9768 9769 9774 9772 9765 9765 9768 9766 9767 9770 9766 9762 9766 9772 9774 9776 9777 9778 9781 9781 9784 9789 9794 9798 9798 9793 9791 9791 9791 9792 9794 9798 9802
9699 9681 9689 9683 9685 9704 9719 9737 9778 9796 9805 9808 9813 9820 9826 9836 9824 9813 9825 9827 9821 9803 9798 9808 9847 9843 9834 9836 9820 9798 9790 9784 9780 9773 9765 9768 9763 9760 9759 9756 9756 9759 9760 9763 9765 9768 9771 9765 9763 9760 9764 9765 9763 9760 9764 9768 9772 9775 9777 9777 9778 9779 9782 9783 9784 9790 9796 9802 9807 9797 9790 9790 9791 9793 9794 9798 9802
9704 9698 9696 9694 9704 9713 9720 9724 9753 9770 9781 9796 9807 9815 9823 9825 9818 9819 9822 9817 9789 9767 9774 9793 9786 9797 9804 9814 9809 9790 9783 9778 9775 9772 9768 9772 9761 9757 9752 9750 9751 9753 9757 9761 9763 9764 9765 9766 9764 9766 9758 9758 9759 9764 9772 9778 9782 9781 9780 9779 9779 9780 9784 9785 9785 9790 9797 9803 9809 9802 9791 9790 9790 9787 9793 9801 9803
9726 9738 9716 9710 9721 9730 9738 9744 9748 9763 9778 9789 9801 9810 9815 9812 9813 9820 9818 9815 9794 9754 9758 9768 9773 9769 9777 9775 9765 9772 9774 9772 9772 9771 9772 9756 9753 9758 9749 9745 9749 9753 9756 9758 9760 9761 9761 9765 9767 9769 9770 9759 9770 9769 9779 9785 9789 9785 9782 9780 9779 9780 9785 9784 9784 9789 9796 9802 9807 9800 9791 9788 9787 9787 9794 9801 9803
9734 9731 9726 9723 9739 9752 9765 9775 9766 9770 9781 9785 9793 9803 9811 9811 9817 9822 9815 9806 9786 9744 9750 9762 9772 9773 9772 9763 9757 9774 9770 9768 9768 9767 9762 9752 9750 9754 9750 9747 9747 9751 9756 9759 9763 9764 9765 9766 9770 9773 9775 9755 9771 9773 9779 9786 9788 9784 9781 9779 9778 9779 9783 9782 9785 9789 9794 9800 9803 9801 9793 9788 9789 9793 9796 9798 9801
9735 9742 9746 9751 9761 9770 9783 9790 9775 9772 9773 9779 9786 9795 9805 9809 9796 9810 9804 9800 9791 9744 9733 9748 9772 9785 9780 9772 9765 9762 9760 9764 9768 9768 9760 9756 9761 9759 9745 9743 9748 9752 9757 9762 9766 9769 9773 9776 9768 9769 9776 9753 9770 9784 9786 9783 9780 9779 9778 9778 9777 9779 9783 9782 9785 9789 9793 9797 9799 9799 9796 9792 9792 9796 9797 9797 9800
9738 9755 9771 9789 9782 9779 9783 9790 9779 9771 9767 9772 9778 9783 9788 9785 9800 9784 9778 9789 9781 9753 9736 9748 9767 9788 9789 9782 9771 9744 9747 9759 9768 9775 9779 9768 9755 9760 9743 9744 9747 9751 9756 9763 9770 9775 9774 9771 9772 9773 9775 9759 9758 9778 9786 9779 9774 9775 9776 9776 9776 9778 9781 9783 9786 9790 9794 9797 9800 9801 9799 9795 9793 9796 9798 9798 9801
9729 9751 9774 9790 9786 9774 9762 9756 9765 9765 9767 9767 9766 9767 9767 9751 9760 9757 9759 9775 9776 9748 9746 9747 9755 9782 9793 9788 9776 9756 9751 9761 9773 9786 9789 9781 9764 9752 9759 9750 9749 9750 9754 9760 9768 9781 9795 9780 9773 9774 9776 9767 9762 9771 9768 9772 9772 9773 9774 9774 9775 9777 9780 9783 9787 9791 9795 9799 9803 9805 9801 9797 9796 9798 9800 9801 9803
9713 9728 9763 9778 9779 9767 9751 9752 9755 9757 9755 9755 9755 9753 9748 9738 9732 9736 9744 9750 9740 9736 9744 9736 9748 9780 9789 9795 9795 9778 9762 9765 9776 9791 9799 9785 9773 9753 9755 9749 9748 9748 9750 9753 9761 9774 9790 9788 9777 9776 9775 9777 9765 9762 9765 9768 9770 9772 9773 9774 9775 9778 9780 9783 9789 9795 9797 9798 9800 9803 9804 9801 9801 9801 9803 9805 9806
9698 9714 9734 9756 9769 9761 9750 9749 9749 9748 9747 9744 9743 9739 9731 9727 9724 9726 9729 9737 9741 9729 9733 9735 9755 9769 9786 9797 9802 9789 9770 9763 9768 9780 9785 9774 9764 9755 9747 9748 9746 9746 9744 9744 9746 9753 9771 9788 9782 9780 9777 9782 9772 9764 9764 9766 9769 9771 9772 9773 9774 9778 9781 9785 9792 9798 9799 9798 9797 9802 9805 9803 9802 9802 9806 9807 9808
9684 9687 9726 9747 9760 9757 9751 9748 9744 9740 9736 9734 9729 9728 9725 9712 9706 9707 9720 9727 9736 9730 9732 9720 9740 9778 9793 9793 9792 9782 9759 9754 9752 9757 9763 9763 9765 9765 9754 9749 9748 9745 9740 9736 9731 9729 9739 9769 9794 9790 9784 9782 9778 9771 9766 9766 9768 9770 9772 9773 9775 9777 9778 9785 9793 9800 9798 9795 9797 9800 9807 9809 9794 9803 9810 9811 9811
9678 9681 9710 9731 9748 9748 9742 9737 9736 9732 9723 9709 9716 9714 9710 9690 9690 9692 9701 9716 9736 9734 9738 9733 9755 9774 9781 9778 9772 9763 9755 9740 9733 9719 9734 9757 9772 9776 9762 9753 9748 9741 9735 9728 9721 9717 9738 9763 9787 9796 9790 9780 9776 9773 9770 9768 9769 9770 9771 9774 9777 9779 9779 9785 9790 9794 9794 9791 9784 9793 9799 9811 9812 9811 9814 9814 9815
9677 9678 9690 9710 9728 9736 9742 9739 9733 9726 9720 9729 9709 9699 9690 9685 9682 9685 9689 9706 9724 9731 9746 9751 9758 9769 9769 9765 9750 9725 9725 9732 9729 9724 9738 9767 9784 9785 9766 9761 9753 9745 9737 9729 9720 9713 9735 9752 9777 9801 9802 9782 9776 9772 9771 9772 9770 9769 9771 9775 9779 9785 9786 9785 9787 9790 9791 9793 9799 9797 9805 9814 9816 9816 9815 9817 9818
9679 9676 9679 9688 9685 9722 9752 9743 9732 9719 9709 9698 9690 9685 9679 9677 9676 9677 9692 9700 9710 9737 9761 9772 9788 9775 9766 9761 9749 9737 9743 9739 9740 9747 9757 9772 9789 9794 9787 9773 9760 9749 9741 9733 9731 9737 9763 9786 9803 9815 9809 9783 9777 9772 9770 9775 9773 9766 9772 9775 9778 9785 9783 9783 9783 9783 9785 9792 9798 9801 9806 9813 9820 9820 9821 9822 9822
9683 9677 9684 9678 9676 9710 9750 9742 9726 9711 9695 9678 9672 9675 9674 9670 9670 9675 9680 9676 9686 9740 9765 9785 9773 9768 9773 9761 9753 9750 9745 9744 9750 9755 9768 9782 9793 9800 9798 9781 9767 9757 9746 9740 9740 9753 9778 9808 9819 9823 9812 9794 9781 9776 9775 9778 9777 9777 9776 9776 9779 9781 9779 9780 9780 9781 9784 9787 9792 9798 9805 9809 9812 9813 9811 9819 9822
9686 9672 9661 9671 9676 9693 9718 9722 9711 9699 9685 9670 9665 9665 9664 9665 9665 9663 9669 9668 9679 9741 9753 9741 9722 9743 9762 9753 9746 9747 9745 9749 9758 9766 9770 9780 9789 9801 9794 9781 9766 9754 9745 9739 9740 9752 9780 9805 9820 9820 9809 9796 9784 9779 9778 9777 9776 9776 9775 9775 9777 9780 9781 9779 9778 9779 9780 9781 9785 9793 9801 9804 9803 9804 9804 9806 9816
9692 9676 9661 9666 9676 9676 9683 9697 9695 9688 9679 9670 9667 9670 9669 9665 9663 9660 9662 9667 9676 9721 9756 9736 9715 9716 9722 9722 9728 9728 9736 9751 9767 9774 9775 9772 9783 9792 9792 9779 9765 9754 9745 9739 9738 9750 9772 9795 9817 9826 9809 9792 9784 9778 9770 9770 9772 9772 9773 9772 9766 9776 9778 9777 9776 9776 9776 9777 9780 9787 9793 9797 9801 9806 9804 9800 9812
9699 9688 9678 9674 9672 9665 9675 9680 9682 9680 9675 9671 9670 9672 9670 9665 9664 9663 9664 9666 9665 9702 9720 9708 9700 9694 9689 9700 9718 9737 9750 9759 9784 9793 9790 9787 9789 9794 9788 9771 9761 9751 9742 9734 9734 9753 9776 9786 9814 9828 9814 9794 9786 9778 9772 9769 9769 9769 9771 9774 9777 9776 9776 9776 9775 9773 9773 9773 9777 9782 9788 9795 9761 9805 9827 9810 9809
9707 9703 9689 9678 9657 9639 9659 9668 9672 9673 9671 9669 9668 9660 9658 9661 9664 9666 9662 9645 9661 9680 9682 9682 9684 9684 9683 9693 9718 9746 9771 9790 9805 9809 9803 9796 9794 9791 9772 9759 9754 9747 9737 9729 9719 9711 9756 9796 9814 9828 9822 9801 9790 9782 9775 9770 9768 9769 9771 9775 9779 9777 9776 9775 9773 9772 9772 9774 9776 9780 9787 9805 9753 9763 9829 9809 9804
9710 9709 9695 9674 9654 9639 9652 9663 9668 9668 9669 9667 9664 9663 9659 9660 9664 9669 9679 9666 9679 9706 9701 9690 9688 9685 9684 9696 9724 9747 9768 9814 9803 9800 9813 9803 9783 9782 9780 9763 9753 9745 9737 9730 9720 9706 9746 9800 9822 9828 9825 9812 9796 9788 9779 9772 9769 9770 9770 9772 9775 9775 9775 9773 9772 9771 9770 9773 9775 9777 9784 9799 9795 9805 9808 9803 9797
9711 9717 9701 9680 9664 9651 9658 9666 9669 9670 9668 9666 9663 9659 9655 9657 9661 9666 9670 9694 9709 9717 9692 9693 9691 9692 9696 9710 9738 9765 9781 9774 9725 9731 9781 9781 9752 9753 9775 9768 9754 9747 9743 9743 9750 9775 9793 9809 9820 9823 9817 9809 9807 9796 9782 9771 9770 9770 9770 9769 9772 9774 9773 9772 9771 9770 9770 9772 9772 9772 9777 9788 9791 9775 9787 9778 9785
9709 9724 9705 9686 9681 9674 9672 9672 9672 9670 9666 9663 9660 9656 9653 9655 9658 9661 9664 9677 9697 9702 9689 9691 9694 9699 9709 9726 9750 9778 9795 9704 9604 9649 9711 9731 9720 9728 9748 9739 9748 9750 9750 9753 9768 9800 9813 9816 9816 9819 9815 9806 9814 9800 9784 9773 9771 9771 9771 9768 9770 9770 9771 9770 9769 9769 9769 9769 9769 9770 9778 9778 9786 9785 9710 9760 9805
9702 9716 9708 9698 9696 9697 9691 9681 9675 9672 9668 9665 9660 9657 9655 9657 9658 9661 9665 9671 9684 9688 9694 9691 9696 9701 9711 9724 9748 9769 9750 9605 9555 9625 9704 9719 9704 9712 9732 9732 9747 9753 9756 9761 9765 9804 9822 9819 9815 9814 9812 9814 9811 9795 9784 9776 9772 9771 9770 9767 9767 9768 9768 9768 9767 9767 9766 9765 9768 9770 9771 9773 9780 9734 9650 9740 9793
9695 9707 9707 9702 9702 9701 9691 9685 9681 9678 9673 9669 9663 9659 9660 9660 9661 9663 9666 9674 9680 9680 9689 9690 9695 9703 9710 9713 9740 9761 9747 9609 9535 9644 9739 9738 9720 9720 9728 9745 9754 9759 9767 9776 9788 9805 9812 9814 9810 9809 9805 9819 9811 9790 9784 9778 9775 9773 9769 9767 9767 9768 9767 9767 9766 9765 9764 9766 9767 9770 9772 9772 9779 9774 9735 9750 9771
