real_craters/C209-500m.grd
DSAA
643 643
-160.545 160.545
-160.545 160.545
8160.5063366569 11370.891621614
[rows 420 to 449 of 643, columns 67 to 133 of 643]
9344.29 9343.1 9349.68 9357.4 9359.27 9364.58 9364.31 9360.38 9357.88 9357.07 9358.08 9355.89 9350.56 9345.6 9345.31 9344.43 9342.3 9341.51 9340.54 9339.16 9337.83 9336.62 9335.83 9334.79 9332.86 9330.47 9326.81 9324.21 9325.4 9326.68 9328.11 9331.14 9333.5 9331.44 9330.91 9330.53 9330.33 9334.67 9331.66 9327.28 9324.13 9321.79 9319.05 9316.17 9312.95 9310.03 9308.83 9306.97 9305.53 9306.34 9307.87 9310.17 9310.11 9311.13 9312.65 9313.42 9309.61 9312.79 9313.29 9315.81 9318.37 9317.09 9319.73 9326.15 9330.42 9332.36 9331.41
9348.32 9352.24 9355.68 9362.79 9368.09 9365.61 9359.01 9358.31 9357.53 9357 9355.01 9353.38 9352.46 9349.99 9347.41 9346.75 9345.85 9345.18 9344.08 9341.67 9339.59 9338.24 9336.45 9334 9330.14 9325.23 9324.2 9322.73 9322.57 9324.04 9326.69 9329.07 9329.54 9329.59 9329.24 9328.7 9328.65 9331.05 9326.05 9320.99 9318.94 9317.45 9316.09 9315 9314.85 9315.87 9310.92 9306.1 9302.85 9301.51 9301.36 9302.49 9304.65 9307.06 9310.09 9312.86 9316.48 9325.89 9324.01 9322.22 9322.25 9323.39 9326.8 9331.09 9335.33 9339.85 9343.29
9347.32 9352.63 9363.67 9367.63 9372.02 9365.14 9354.55 9355.2 9356.38 9356.86 9357.04 9358.02 9354.78 9351.87 9349.26 9347.41 9345.5 9344.03 9342.76 9341.84 9339.78 9337.75 9334.45 9331.8 9328.37 9327.04 9324.07 9321.77 9320.67 9321.95 9324.71 9326.79 9328.09 9328.08 9326.87 9326.79 9326.15 9324.66 9317.11 9314.15 9313.84 9313.46 9312.6 9312.27 9312.92 9315.65 9308.9 9303.16 9299.19 9295.95 9293.97 9295.98 9298.4 9302.86 9307.34 9312.12 9318.72 9319.35 9325.07 9325.68 9325.8 9330.02 9335.8 9337.19 9339.36 9341.19 9351.42
9353.52 9358.22 9365.25 9366.69 9366.73 9361.2 9355.8 9353.71 9354.9 9357.44 9360.48 9361.95 9359.85 9354.66 9351.57 9348.93 9346.22 9344.77 9342.62 9340.21 9336.86 9333.81 9331.32 9329.11 9326.57 9322.84 9315.83 9318.41 9318.68 9319.93 9322.95 9326.86 9328.1 9326.85 9323.62 9320.19 9318.35 9317.03 9311.83 9312.26 9312.13 9311.41 9310.39 9308.88 9306.82 9303.54 9300.78 9298.58 9295.94 9293.36 9290.8 9289.39 9294.23 9299.34 9304.08 9308.38 9311.87 9307.5 9316.45 9320.08 9323.35 9331.29 9338.67 9338.95 9341.34 9345.15 9345.52
9367.32 9362.85 9359.89 9362.84 9362.97 9359.1 9352.78 9352.17 9353.98 9357.69 9363.05 9370.03 9360.11 9355.28 9353.28 9350.91 9348.22 9344.61 9341.2 9337.22 9334.34 9331.04 9330.17 9328.08 9325.87 9323.77 9321.39 9318.64 9317.54 9316.99 9320.72 9325.73 9329.26 9326.29 9321.27 9318.48 9323.59 9320.1 9318.99 9314.14 9312.12 9310.3 9308.55 9306.06 9302.07 9296.97 9294.89 9294.93 9293.95 9292.08 9291.24 9292.43 9293.96 9296.83 9300.73 9305.48 9307.81 9307.25 9303.9 9305.02 9316.34 9325.12 9329.35 9335.63 9338.66 9340.96 9339.86
9359.99 9361.38 9359.24 9360.51 9359.2 9354.24 9350.16 9350.15 9352.24 9355.11 9359.11 9362.22 9366.28 9358.66 9356.19 9352.31 9347.83 9344.4 9339.69 9336.24 9333.37 9330.85 9328.7 9326.34 9324.6 9323.56 9323.49 9315.14 9300.93 9310.4 9318.56 9325.1 9329.41 9327.07 9320.89 9313.72 9327.97 9324.46 9316.3 9314.19 9311.85 9309.93 9307.84 9305.2 9300.94 9295.57 9293.87 9294.59 9294.19 9292.76 9289.1 9291.3 9292.74 9295.85 9299.67 9302.72 9304.93 9304.38 9301.29 9303.8 9313.6 9322.72 9330.1 9333.09 9333.95 9334.29 9330.95
9351.58 9357.81 9361.8 9358.93 9355.46 9353.95 9347.34 9346.99 9348.41 9351.17 9353.61 9355.55 9358.62 9360.57 9356.61 9350.61 9344.52 9339.92 9335.87 9333.36 9330.86 9327.87 9324.69 9322.57 9321.38 9320.31 9317.67 9311.02 9305.78 9308.57 9317.64 9325.19 9328.89 9330.4 9328.38 9323.06 9325.05 9320.92 9318.63 9314.23 9311.8 9310.19 9308.55 9306.41 9303.27 9299.63 9297.86 9297.93 9297.21 9295.55 9294.75 9290.79 9290.67 9295.2 9299.38 9302.35 9303.57 9302.77 9304.78 9310.07 9313.35 9320.75 9328.74 9329 9327.42 9325.24 9325.1
9352.71 9354.3 9359.31 9356.07 9348.96 9343.57 9344.11 9342.14 9343.34 9345.54 9348.6 9350.38 9356.69 9365.31 9354.86 9346.06 9339.96 9335.15 9331.19 9325.97 9323.75 9323.52 9321.37 9319.3 9317.19 9314.67 9312.53 9308.1 9307.87 9312.29 9319.75 9327.95 9334.55 9336.7 9337.37 9336.24 9320.87 9317.82 9316.49 9312.79 9311.14 9309.99 9309.78 9308.97 9308.19 9306.62 9305.45 9305.14 9302.24 9299.27 9294.52 9292.09 9292.48 9296.85 9301.22 9304.41 9304.19 9305.09 9303.78 9304.05 9310.53 9316.67 9321.09 9322.56 9323.38 9325.69 9328.72
9339.92 9342.88 9353.22 9353.34 9346.22 9337.74 9334 9335.12 9338.25 9342.4 9346.34 9352.4 9357.46 9352.99 9344.94 9338.94 9334.46 9332.03 9329.51 9326.82 9324.25 9321.65 9317.72 9317.62 9314.6 9311.04 9310.11 9308.87 9310.03 9315.21 9322.55 9330.92 9338.5 9339.72 9335.5 9326.77 9317.39 9310.93 9308.89 9309.08 9309.56 9310.16 9310.64 9311.72 9313.71 9317.54 9320.22 9313.23 9308.69 9305.44 9303.8 9300.48 9298.3 9300.8 9304.8 9309.84 9312.5 9304.91 9304.37 9306.33 9309.07 9313.2 9315.48 9315.5 9314.44 9316.99 9315.78
9292.54 9326.14 9350.14 9351.26 9343.11 9334.58 9327.91 9329.2 9334.06 9339.76 9343.94 9348.98 9354.08 9333.86 9329.85 9329.79 9329.04 9327.86 9325.88 9323.56 9321.18 9318.86 9316.65 9314.62 9312.38 9311.6 9316.15 9316.66 9312.88 9316.62 9322.94 9331.32 9341.65 9340.07 9325.51 9313.18 9306.13 9304.98 9305.16 9306.55 9308.52 9310.01 9312.22 9314.33 9316.87 9320.68 9321.18 9317.73 9313.42 9311.12 9310.76 9307.97 9304.57 9305.06 9306.4 9309.92 9317.76 9310.01 9304.94 9302.78 9307.44 9312.26 9314.43 9314.54 9309.76 9310.07 9314.4
9295.22 9323.2 9345.59 9348.3 9337.01 9327.42 9323.43 9326.04 9331.31 9336.24 9339.32 9342.55 9342.49 9326.66 9321.81 9323.06 9323.38 9322.53 9321.71 9319.96 9318.62 9315.99 9313.93 9311.88 9312.43 9316.28 9322.9 9316.15 9313.46 9315.51 9319.96 9325.17 9329.01 9324.36 9312.53 9303.56 9297.65 9299.6 9302.63 9306.1 9309.26 9311.43 9313.54 9315.64 9318.34 9320.77 9324.44 9318.22 9315.01 9313.69 9313.2 9312.52 9311.81 9309.32 9306.29 9302.27 9297.25 9301.46 9302.76 9305.04 9307.32 9312.14 9320.55 9320.78 9311.04 9313.76 9317.26
9326.08 9336.53 9351.91 9354.44 9342.54 9331.82 9325.3 9330.42 9335 9336.57 9336.56 9334.36 9335.58 9322.83 9318.29 9319.8 9320.28 9320.26 9319.34 9318.3 9316.84 9314.8 9312.93 9310.65 9308.66 9313.61 9312.24 9312.5 9310.86 9313.65 9316.85 9318.5 9316.77 9313.36 9311.13 9310.08 9301.36 9299.64 9303.16 9307.61 9311.33 9314.04 9315.92 9317.15 9317.56 9317.52 9317.2 9314.67 9314.2 9314.67 9315.58 9316.63 9318.58 9313.85 9308.08 9299.53 9294.45 9299.45 9300.16 9300.81 9303.16 9307.65 9312.98 9315.67 9318.78 9319.59 9319.41
9349.83 9350.95 9361.76 9364.71 9361.76 9357.27 9351 9345.82 9343.17 9341.82 9339.96 9338.56 9333.78 9328.88 9323.63 9321.4 9320.92 9320.1 9319.09 9318.04 9317.32 9315.44 9313.64 9311.18 9307.38 9298.3 9307.95 9306.96 9309.44 9313.28 9315.19 9315.12 9311.26 9307.02 9311.45 9310.01 9304.49 9302.22 9308.46 9312.68 9315.74 9317.88 9318.89 9319.29 9317.75 9313.77 9307.29 9309.83 9313.26 9315.21 9316.78 9319.11 9319.09 9317.29 9312.28 9307.57 9301.26 9297.35 9296.04 9295.08 9297.48 9301.78 9303.16 9306.35 9316.94 9318.46 9314.52
9351.97 9355.29 9362.21 9363.29 9360.03 9358.63 9360.93 9354.37 9349.2 9347.73 9346.96 9343.95 9343.76 9337.62 9330.36 9325.06 9322.71 9320.43 9320.31 9318.62 9317.89 9317.06 9315.98 9314.78 9313.71 9312.99 9308.8 9306.12 9312.02 9314.95 9315.99 9315.18 9314.96 9316.96 9315.71 9310.04 9313.76 9316.35 9318.05 9319.8 9320.99 9322.37 9322.98 9323.01 9321.59 9317.09 9310.51 9312.71 9316.42 9317.13 9315.69 9314.01 9321.05 9319.71 9314.67 9311.52 9305.4 9297.13 9295.56 9297.51 9299.63 9300.2 9299.9 9303.31 9310.1 9314.39 9319.23
9350.45 9352.7 9355.24 9353.59 9348.43 9346.62 9348.42 9350.55 9349.56 9349.48 9352.78 9349.2 9340.7 9335.94 9329.99 9327.49 9325.31 9323.5 9322.1 9320.59 9319.54 9318.28 9317.82 9316.87 9315.6 9313.28 9310.92 9316.19 9319.23 9317.84 9316.73 9315.92 9316.5 9318.27 9316.83 9316.94 9326.59 9331.23 9326.64 9325.59 9325.7 9326.22 9327.75 9328.39 9328.32 9327.04 9325.15 9324.75 9324.73 9322.07 9318.51 9317.63 9322.3 9320.72 9312.93 9303.82 9301.36 9298.27 9297.71 9301.87 9304.87 9302.07 9299.77 9302.24 9318.2 9319.34 9322.32
9349.01 9348.33 9347.57 9344.42 9341.38 9341.23 9342.44 9346.72 9347.66 9346.44 9341.89 9338.6 9333.48 9332.17 9330.32 9329.16 9327.16 9325.7 9323.25 9321.35 9320.25 9319.33 9318.56 9318.24 9317.56 9315.42 9312.16 9318.67 9321.87 9318.84 9317.01 9315.93 9314.26 9311.09 9311.86 9315.38 9329.8 9333.35 9331.86 9330.8 9330.45 9330.76 9332.4 9334.37 9336.97 9339.69 9341.86 9341.29 9336.02 9328.35 9321.18 9316.77 9319.82 9318.18 9311.3 9304.78 9300.78 9298.26 9298.75 9303.56 9305.91 9305.47 9304.57 9308.85 9319.92 9312.88 9305.57
9346.39 9345.98 9344.67 9341.42 9339.29 9339.66 9341.11 9345.17 9346.17 9344.5 9338.09 9333.07 9329.19 9332.99 9335.27 9331.48 9328.27 9325.62 9323.67 9321.05 9318.74 9318 9319.17 9319.59 9319.1 9316.66 9314.43 9319.06 9317.85 9317.21 9316.55 9316.14 9314.98 9313.26 9312.8 9316.15 9322.73 9329.18 9331.62 9331.16 9331.92 9332.92 9334.91 9338.02 9343.06 9350.34 9360.09 9360.96 9346.49 9333.27 9322.82 9314.99 9312.79 9311.68 9311.31 9307.68 9303.74 9302.21 9303.2 9304.98 9309.3 9308.68 9310.18 9313.12 9312.39 9308.99 9306.46
9346.23 9346.86 9346.47 9344.4 9341.99 9342.23 9340.12 9344.98 9349.89 9348.76 9342.87 9334.96 9327.79 9330.31 9332.48 9330.96 9328.01 9325.07 9322.37 9320.11 9318.28 9317.12 9317.4 9318.88 9322.26 9319.03 9316.43 9319 9315.09 9313.69 9315.11 9316.56 9317.55 9315.38 9315.58 9319.09 9318.29 9324.8 9328.37 9329.41 9330.83 9333.05 9335.51 9339.06 9344.18 9352.23 9363.09 9364.86 9347.15 9333.65 9323.48 9316.8 9315.05 9315.46 9313.17 9310.85 9305.71 9301.17 9299.24 9301.87 9300.81 9309.5 9313.55 9317.4 9315.71 9307.91 9304.24
9347.41 9348.56 9351.49 9353.06 9352.32 9354.18 9357.59 9361.38 9359.2 9357.27 9352.94 9340.89 9330.83 9330.23 9331.48 9330.09 9326.95 9323.93 9322.04 9319.64 9317.69 9315.91 9314.51 9314.41 9315.77 9317.82 9319.31 9315.44 9306.15 9310.61 9313.16 9315.97 9320.34 9325.72 9315.5 9318.44 9324.12 9323.53 9325.37 9326.89 9328.41 9330.68 9332.79 9336.46 9340.8 9345.15 9346.72 9341.81 9337.49 9328.94 9321.67 9316.57 9315.11 9313.43 9311.75 9309.89 9306.57 9302.23 9298.95 9304.18 9310.63 9311.18 9314.08 9316.5 9306.98 9306.26 9309.03
9348.45 9351.34 9355.57 9358.23 9363.83 9367.53 9373.34 9369.79 9369.69 9364.95 9356.25 9347.87 9338.51 9336.16 9334.97 9328.02 9325.04 9322.6 9320.29 9318.08 9315.95 9313.64 9311.17 9308.89 9308.07 9314 9316.23 9315.33 9312.26 9311.64 9312.07 9313.89 9317.29 9319.63 9321.52 9317.99 9320.88 9319.44 9319.98 9322.3 9324.58 9327.6 9330.54 9332.14 9333.64 9334.92 9334.95 9338.59 9327.07 9321.78 9317.65 9316.61 9315.97 9315.45 9309.45 9307.56 9308.86 9309.41 9310.93 9308.91 9307.9 9307.85 9309.47 9309.43 9297.14 9305.53 9312.51
9351.57 9355.33 9359.89 9364.19 9370.02 9378.22 9382.98 9383.92 9385.59 9377.66 9368.07 9356.05 9342.96 9334.7 9324.66 9323.52 9322.45 9321.05 9319.17 9316.57 9314.01 9310.44 9308.04 9305.74 9307.84 9314.23 9318.01 9318.98 9318.64 9312.3 9309.76 9308.8 9309.24 9313.34 9313.8 9308.74 9310.02 9312.79 9316.44 9319.16 9321.88 9323.32 9325.11 9326.29 9326.76 9325.57 9321.14 9311.42 9314.74 9314.51 9312.06 9307.42 9307.86 9317.06 9313.3 9311.62 9313.37 9315.3 9316.07 9311.57 9303.15 9302.85 9303.71 9302.59 9299.42 9301.73 9313.25
9356.8 9360.49 9366.15 9370.49 9368.9 9380.66 9404.71 9405 9380.36 9384.35 9382.41 9364.01 9341.27 9326.86 9325.63 9322.51 9320.71 9318.95 9316.4 9314.22 9312.15 9309.69 9306.84 9303.05 9303.88 9309.48 9312.73 9309.09 9306.04 9307.85 9306.3 9303.98 9300.1 9299.52 9302.4 9301.89 9303.28 9307.99 9311.84 9314.46 9317.02 9319.13 9322.46 9322.39 9321.18 9319.17 9315.25 9311.77 9311.67 9311.16 9310.65 9309.63 9312.69 9316.73 9318.01 9316.52 9317.75 9320.13 9321.54 9316.07 9307.71 9302.99 9301.1 9299.59 9305.78 9313.5 9318.7
9365.37 9365.27 9367.67 9364.33 9362.41 9358.47 9322.19 9235.83 9306.49 9395.64 9397.39 9369.93 9342.19 9324.83 9322.21 9320.31 9319.25 9317.88 9316.15 9314.19 9312.18 9309.95 9308.41 9307.6 9305.88 9304.49 9305.57 9307.08 9305.12 9304.7 9304.22 9302.45 9300.17 9304.32 9304.28 9298.22 9300.63 9304.99 9309.23 9313.61 9316.3 9318.71 9319.72 9319.08 9318.44 9315.77 9313.58 9313.65 9311.89 9311.04 9312.73 9316.24 9321.52 9321.43 9319.76 9320.1 9321.21 9323.19 9325.35 9320.46 9312.48 9309.87 9309.24 9309.26 9315.72 9318.21 9323.2
9365.62 9367.07 9373.56 9370.96 9360.64 9346.06 9316.28 9252.9 9308.45 9397.03 9392.42 9366.44 9342.72 9330.46 9324.03 9321.22 9320.06 9318.77 9316.99 9315.02 9313.07 9311.41 9310.46 9311.45 9311.07 9306.36 9307.04 9305.68 9303.26 9304.39 9305.76 9305.71 9304.08 9304.92 9302.4 9300.54 9301.85 9304.17 9307.73 9311.41 9313.9 9315.77 9316.52 9316.59 9316.55 9314.79 9311.47 9308.48 9308.73 9311.91 9315.44 9317.91 9319.79 9324.67 9323.51 9323.42 9323.83 9324.11 9323.79 9321.62 9320.4 9319.17 9319.7 9320.66 9318.83 9321.12 9325.07
9373.25 9366.82 9360.79 9360.71 9356.22 9347.77 9350.05 9362.24 9357.83 9360.98 9367.91 9354.44 9338.51 9326.19 9327.2 9326.7 9322.21 9319.73 9317.84 9315.55 9313.64 9312.09 9310.87 9312.64 9317.36 9326.39 9316.93 9310.89 9308.54 9309.36 9310.63 9310.95 9310.92 9310.32 9306.43 9305.62 9304.96 9305.93 9308.2 9310.57 9313.54 9315.29 9315.96 9316.63 9316.32 9314.52 9312.07 9307.25 9310.66 9316.07 9321.03 9324.56 9327.03 9329.54 9326.9 9327.6 9326.62 9324.76 9322.35 9321.27 9321.33 9321.84 9322.06 9323.26 9320.07 9320.51 9324.89
9381.65 9370.51 9356 9347.21 9339.14 9338.87 9338.33 9343.31 9338.51 9330.8 9341.02 9340.76 9333.63 9325.53 9325.37 9323.36 9322.31 9321.33 9319.76 9317.82 9315.73 9313.79 9312.04 9312.25 9319.58 9323.34 9321.82 9317.31 9316.67 9316.7 9316.15 9317.98 9321.83 9317.41 9316.35 9310.02 9308.7 9309.38 9311.1 9313.01 9313.89 9315.46 9316.75 9318.64 9319.54 9319.15 9318.56 9318.47 9320.17 9324.47 9329.87 9334.99 9336.9 9341.34 9337.01 9334.09 9330.11 9327.01 9323.12 9321.47 9323.91 9325.39 9327.23 9326.8 9318.16 9317.87 9326.7
9382.7 9375.93 9366.41 9347.95 9332.1 9328.57 9325.6 9325.27 9320.51 9320.48 9324.62 9327.61 9329 9329.2 9326.88 9322.5 9323.74 9323.49 9322.52 9321.12 9319.57 9317.52 9316.19 9317.46 9324.17 9329.38 9325.38 9320.57 9316.84 9317.15 9321.33 9321.91 9320.94 9321.23 9314.94 9311.13 9310.52 9310.61 9311.7 9313.96 9315.86 9317.9 9320.48 9322.7 9324.52 9325.72 9327.32 9328.82 9331.85 9334.66 9339.1 9345.44 9354.24 9352.71 9348.42 9341.46 9335.84 9330.58 9325.61 9323.42 9325.55 9326.81 9320.67 9314.04 9319.18 9324.08 9340.79
9380.83 9380.35 9377.03 9353.97 9333.28 9325.29 9321.09 9320.79 9316.1 9316.24 9320.13 9322.71 9327.58 9334.12 9332.3 9328.81 9327.44 9326.48 9325.58 9324.83 9324.09 9323.5 9322.58 9325.26 9329.81 9332.2 9331.68 9324.48 9319.47 9329.38 9331.46 9326.74 9319.2 9308.96 9308.71 9310.53 9310.92 9311.72 9313.23 9315.54 9316.4 9319.55 9322.72 9325.26 9328 9332.35 9335.79 9340.68 9344.51 9344.96 9347.46 9350.28 9353.13 9350.74 9350.07 9347.82 9343.1 9337.07 9329.15 9321.91 9324.93 9324.18 9316.87 9318.47 9323.65 9334.58 9351.62
9381.73 9381.22 9377.73 9357.03 9340.29 9324.43 9318.11 9314.81 9313.16 9313.96 9318.2 9322.14 9326.5 9331.49 9334.87 9333.25 9331.44 9329.07 9328.18 9328.22 9328.99 9330.26 9332.34 9336.92 9344.2 9345.6 9343.8 9344.12 9353.28 9354.67 9346.46 9339.65 9328.9 9322.41 9316.72 9313.15 9312.37 9312.23 9314.24 9316.93 9320.99 9324.45 9328.39 9331.69 9335.52 9339.12 9344.45 9348.36 9350.65 9353.85 9354.68 9353.97 9350.87 9350.27 9354.11 9353.69 9350.04 9345.04 9338.82 9332.64 9333 9324.11 9325.36 9324.98 9329.17 9350.41 9359.1
9381.56 9380.69 9375.15 9353.63 9327.92 9317.52 9315.17 9315.56 9315.17 9315.16 9317.29 9319.96 9322.48 9322.99 9325.74 9335.65 9330.85 9329 9329.4 9331.38 9334.1 9337.64 9342.08 9347.83 9355.21 9356.11 9354.39 9355.76 9358.72 9355.3 9356.76 9357.19 9349.38 9327.39 9319.6 9313.85 9312.75 9315.04 9320.39 9324.81 9328.58 9330.51 9334.88 9338.93 9342.3 9346.99 9352.72 9359.04 9365.49 9364.31 9362.4 9360.01 9356.61 9353.07 9362.34 9361.18 9357.9 9355.34 9355.15 9362.6 9351.6 9346.8 9342.79 9353.24 9370.86 9371.48 9371.45
