real_craters/C209-1000m.grd
DSAA
184 184
-91.74 91.74
-91.74 91.74
2435.3871053925 5062.4674212897
[rows 120 to 149 of 184, columns 0 to 66 of 184]
4017.36 4012.43 4013.68 4012.96 4014.91 4023.4 4030.76 4041.26 4048.48 4052.71 4037.76 4045.59 4048.66 4043.85 4043.29 4045.08 4048.58 4060.31 4062.26 4063.09 4063.21 4062.96 4064.64 4066.09 4072.4 4074.38 4076.63 4066.24 4052.28 4038.46 4022.58 4018.49 4021.52 4025.22 4014.32 4004.55 4000.07 4001.02 4012.33 4029.07 4032.58 4027.74 4026.74 4036.31 4037.22 4029.71 4017.15 4003.22 3999.14 4002.82 4010.32 4017.23 4024.08 4033.05 4057.16 4069.17 4070.61 4076.43 4120.21 4145.88 4137.13 4185.57 4259.58 4298.56 4290.5 4279.71 4244.94
4014.65 4009.07 4009.88 4017.11 4018.49 4032.49 4035.21 4034 4042.26 4049.9 4045.8 4048.1 4050.75 4049.74 4041.18 4042.33 4050.33 4052.6 4055.89 4064.62 4065.79 4069.09 4076.15 4080.54 4076.03 4070.79 4075.59 4068.46 4053.7 4036.29 4022.6 4017.53 4017.93 4020 4013.63 4002.6 3994.8 3989.16 3996.31 4010.15 4013.37 4013.55 4024.62 4037.31 4036.17 4031.06 4015.57 4003.08 4005.78 4020.2 4028.1 4029.28 4030.2 4039.51 4053.89 4062.19 4070.8 4074.53 4088.47 4123.1 4131.67 4157.4 4197.99 4232.01 4253.33 4280.52 4248.89
4018.46 4013.39 4013.52 4016.27 4021.24 4031.97 4032.78 4040.55 4039.47 4043.69 4047.31 4048.7 4045.64 4046.87 4041.02 4039.62 4043.88 4051.51 4059.78 4057.63 4059.86 4066.5 4068.26 4064.4 4065.31 4069.17 4075.46 4069.86 4054.53 4036.52 4014.36 4005.06 4015.05 4026.24 4022.7 4017.35 4019.98 3990 3980.17 3996.83 4013.02 4031.21 4026.27 4022.9 4029.69 4028.15 4017.11 4005.03 4015.58 4039.38 4040.08 4032.23 4034.97 4043.95 4064.23 4069.76 4076.24 4084.73 4082.38 4096.38 4115.81 4136.96 4146.33 4155.87 4178.03 4215.01 4241.78
4013.26 4014.03 4017.22 4023.44 4023.05 4026.63 4033.63 4037.17 4039.92 4036.56 4039.84 4040.16 4041.44 4031.76 4030.53 4032.69 4039.23 4048.03 4053.09 4050.6 4047.48 4044.85 4047.29 4054.51 4054.93 4059.17 4069.27 4063.75 4051.74 4045.5 4034.21 4021.87 4029.77 4053.13 4043.25 4023.18 4009.47 3994.03 3980.45 3999.95 4024.49 4030.88 4023.28 4022.8 4029.12 4028.41 4019.35 4001.34 4003.88 4033.11 4038.78 4030.76 4042.08 4057.01 4072.64 4071.82 4086.39 4089.67 4076.59 4088.21 4108.49 4134.43 4151.92 4139.25 4127.91 4144.93 4180.69
4006.75 4008.9 4016.46 4018.2 4017.52 4019.7 4018.99 4027.32 4045.45 4034.66 4034.67 4035.1 4025.39 4016 4014.55 4022.15 4027.72 4041.34 4047.63 4041.11 4035.98 4040.43 4042.59 4049.33 4052 4050.94 4046.36 4037.56 4036.26 4046.35 4047.38 4042.28 4044.99 4058.2 4033.19 4004.81 3996.9 4006.85 4027.91 4020.65 4027.16 4029.66 4018.02 4025.34 4040.88 4036.7 4020.74 4002.93 4007.47 4015.05 4027.57 4037.77 4048.23 4060.09 4075.38 4083.85 4104.07 4090.3 4071.12 4088.81 4117.43 4143.87 4147.48 4139.64 4117.27 4103 4103.58
4008.42 4000.61 4006.39 3998.41 4002.36 4007.28 4015.97 4030 4038.93 4032.07 4029.73 4021.67 4014.53 4007.07 4004.43 4012.6 4022.08 4034.17 4039.55 4027.35 4023.58 4027.48 4038.63 4043.19 4056.02 4051.54 4027.47 4007.62 4011.04 4010.54 4016.27 4033.81 4035.08 4033.8 4018.06 3994.94 3995.49 4015.59 4046.61 4027.68 4020.86 4016.91 4018.84 4028.21 4039.22 4041.51 4032.89 4016.46 4011.3 4020.84 4036.45 4048.36 4047.53 4056 4069.55 4080.45 4105.59 4080.11 4065.93 4088.61 4118.96 4136.34 4152.47 4120.91 4102.46 4088.61 4076.51
4002.59 3996.72 3995.97 3995.28 4002.79 4009.93 4016.08 4024.47 4034.6 4028.48 4021.44 4011.28 4007.82 4004.4 4000.47 4005.55 4010.81 4014.08 4025.82 4014.93 4011.2 4014.46 4022.38 4026.56 4034.91 4035.09 4014.08 3999.68 4000.81 4000.97 4028.99 4032.4 4033.28 4033.67 4010.96 3998.38 4006.41 4020.11 4019.97 4012.45 4006.16 4000.8 4021.49 4030.84 4028.94 4042.55 4053.73 4026.49 4032.36 4043.97 4050.2 4049.82 4047.21 4052.75 4062.34 4074.62 4082.03 4068.12 4064.53 4084.89 4111.76 4138.29 4130.29 4105.31 4086.87 4073.42 4060.1
3996.71 3993.01 3995.48 4000.99 4003.7 4003.94 4013.68 4019.95 4030.17 4019.76 4014.88 4008.9 4009.98 4010.77 4004.49 4000.93 4003.79 4007.01 4003.11 3998.53 3989.26 3991.94 3993.47 4007.08 4018.82 4009.99 4003.6 4001.35 4008.99 4026.03 4039.17 4037.1 4039.29 4035.7 4009.55 4012.33 4015.18 4012.54 4001.65 3994.51 4001.04 4004.8 4020.92 4036.68 4040.85 4040.43 4037.06 4034.27 4051.47 4058.73 4058.37 4048.97 4046.25 4054.26 4061.82 4063.59 4062.55 4056.16 4064.49 4083.17 4111.61 4126.6 4115.34 4099.94 4075.01 4064.39 4054
3993.2 3993.06 3999.63 3999.09 4002.11 4007.93 4013.88 4020.23 4026.44 4028.35 4026.51 4019.93 4013.1 4011.86 4018.91 4012.64 4013.07 4011.18 3997.39 3989.03 3988.06 3990.48 3989.57 3996.15 3998.62 3996.6 3998.11 4003.22 4012.12 4024.53 4029.03 4035.4 4040.47 4031.83 4013.41 4018.36 4019.35 4002.41 3989.01 3984.53 3986.11 3999.41 4011.99 4019.33 4029.77 4039.76 4047.1 4064.79 4061.33 4058.77 4049.67 4050.35 4053.26 4052.91 4057.7 4058.83 4059.88 4049.83 4064.69 4082.62 4093.77 4091.14 4084.44 4087.56 4083.62 4061.9 4050.37
3987.37 3995.03 3995.97 3999.77 4008.57 4015.16 4020.17 4040.75 4023.98 4049.19 4036.48 4035.1 4039.38 4032.52 4019.9 4007.47 4005.98 4006.8 3999.52 3988.5 3982.7 3985.14 3990.45 3992.72 4000.21 3988.88 3991.56 3999.24 4003.44 4008.39 4007.17 4021.45 4024.68 4016.58 4020.05 4016 4011.13 3992.49 3980.92 3977.89 3987.1 3995.51 4004.69 4013.25 4024.7 4035.84 4055 4060.4 4059.31 4054.9 4053.12 4044.91 4042 4044.26 4048.09 4054.32 4055.32 4050.04 4065.15 4074.07 4078.7 4071.32 4065.62 4063.34 4056.97 4051.92 4043.91
3981.84 3993.17 3995.89 4003.84 4008.22 4009.17 4015.25 4027.09 4021.44 4027.57 4022.59 4024.99 4028.29 4027.72 4016.48 4006.99 3999.58 3998.62 4000.62 3995.11 3980.21 3983.7 3988.96 3993.15 3995.18 3994.8 3998.34 3999.34 3994.74 3990.69 4002.94 4013.05 4008.09 4010.96 4004.41 4003 3992.57 3979.45 3974.55 3978.32 3981.75 3990.82 3998.16 4006.44 4018.66 4027.05 4023.6 4022.85 4032.5 4036.98 4031.73 4031.28 4036.87 4042.99 4045.33 4047.1 4044.4 4055.82 4057.58 4070.14 4070.52 4067.19 4053.7 4042.9 4036.2 4047.66 4052.07
3974.02 3973.97 3981.75 3991.98 3997.84 4010.63 4020.16 4036.88 4014.27 4015.34 4014.2 4016.16 4024.67 4026.52 4017.65 4011.62 3998 3994.37 3995.87 3988.32 3975.98 3982.71 3989.51 3991.71 3994.42 3989.49 3999.99 4002.22 4000.03 3999.08 4001.04 4012.54 4003.77 4002.01 3996.37 3986.35 3984.32 3981.89 3973.13 3971.67 3981.54 3988.21 3995.03 4014.73 4022.85 4022.8 4016.71 4014.59 4022.57 4017.67 4020.7 4028.13 4036.64 4038.66 4041.27 4043.52 4046.3 4060.8 4061.07 4059.39 4058.33 4054.06 4044.76 4037.48 4042.58 4053.38 4059.92
3964.79 3961.51 3978.27 3982.97 3997.41 4003.98 4005.61 4028.77 4011.48 4013.95 4014.02 4011.74 4025.33 4026.12 4015.34 4008.87 3991.84 3982.39 3988.25 3981.46 3975.08 3979.83 3990.75 3996.93 3990.31 3992.14 3997.6 4003.69 4006.97 3988.47 3985.26 4000.68 4002.67 3994.24 3982.72 3971.61 3974.99 3969.39 3966.5 3970.65 3982.23 3988.41 3996.03 3998.84 4008.26 4014.85 4018.31 4020.5 4014.74 4010.23 4015.36 4024.88 4030.66 4031.9 4037.89 4041.86 4042.33 4046.63 4035.4 4031.72 4045.7 4055.96 4042.07 4039.39 4050.25 4060.94 4062.61
3969.06 3966 3980.65 3991.66 3994.99 4001.79 4004.32 4015.86 4008.45 4008.94 4009.63 4012.37 4022.79 4015.19 4003.9 3991.34 3987.26 3985.55 3988.14 3985.06 3985.96 3994.36 3991.76 3988.01 3985.59 3983.58 3996.89 4007.95 3999.45 3984.07 3992.82 3987.36 3985.83 3979.33 3968.14 3960.55 3964.36 3964.7 3968.99 3976.46 3985.49 3986.76 3985.67 3982.71 3988.91 4000.43 4011.56 4015.36 4008.12 4002.29 4009.36 4025.75 4028.6 4036.23 4037.89 4039.97 4039.32 4029.69 4011.61 4019.67 4037.03 4041.49 4043.16 4043.37 4052.43 4062.97 4064.81
3982.7 3982.96 3994.03 4016.52 4026.43 4026.73 4033.09 4017.17 4007.35 4004.38 4003.17 4008.79 4013.96 3999.58 3991.13 3990.91 3984.32 3982.62 3989.95 3991.78 4005.12 4000.84 3988.89 3980.39 3984.41 3984.24 3995.37 4008.02 4000.08 3990.8 3995.6 3984.97 3974.64 3970.18 3965.51 3961.04 3963.23 3966.12 3978.36 3986.05 3986.34 3985.03 3982.59 3988.97 3987.09 3996.86 4011.39 4005.13 4002.95 4001.79 4008.93 4019.33 4024.15 4028.49 4030.25 4031.83 4027.98 4018.31 4006.9 4011.32 4026.18 4038.46 4037.61 4038.12 4051.79 4063.04 4065.84
3995.7 3991.59 4007.49 4020.46 4024.33 4033.56 4039.44 4033.78 4012.58 3998.71 3994.88 4002.94 4007.09 3998.23 3981.68 3984.92 3986.63 3986.52 3995.54 4000.51 4002.51 3991.97 3981.74 3982.43 3982.43 3986.99 3999.88 4007.25 4001.26 3996.03 3995.04 3982.44 3973.55 3971.9 3968.81 3970.4 3972.77 3982.1 3994.7 3992.72 3984.13 3987.28 3991.55 3995.18 3990.55 3992.7 4002.82 4004.01 4002.6 4001.84 4005.01 4015.21 4012.25 4005.83 4018.31 4026.26 4025.11 4017.16 4008.48 3998.71 4013.26 4027.06 4031.18 4029.01 4043.17 4058.59 4054.36
4003.03 3995.01 3999.92 4015.23 4017.77 4029.12 4039.25 4021.77 4014.67 4008.12 3997.37 3993.91 3993.12 3991.31 3984.27 3990.06 3995.49 4005.99 4018.96 4014.8 3996.21 3983.84 3978.55 3982.22 3984.42 3994.77 3996.75 3999.69 3999.94 3993.48 3995.69 3990.12 3976.79 3971.84 3973.32 3979.17 3983.12 3982.11 3986.45 3993.49 3992.46 3992.87 3997.12 3999.1 3997.21 4001.67 4010.65 4008.17 4006.47 4006.62 4010.04 4012.54 4003.36 4000.64 4011.46 4022.06 4028.17 4022.28 4009.22 3997.04 4022.47 4032.28 4025.73 4024.57 4032.2 4036.92 4044.1
3984.38 3982.93 4003.65 4013.62 4020.93 4024.12 4033.28 4038.61 4027.16 4024.94 4014.21 4007.1 4006.4 4002.36 4001.14 4007.16 4031.53 4043.59 4037.01 4017.24 4006.49 3995.51 3987.43 3993.87 3996.36 4001.3 3996.42 3999.28 3999.04 4006.29 4007.19 4000.99 3997.62 3988.29 3983.33 3990.2 3991.57 3988.05 3988.63 3992.48 3994.8 4000.66 4004.55 4003.65 4007.42 4012.38 4018.44 4010.32 4009.49 4010.78 4014.43 4011.27 3999.98 4006.87 4015.03 4023.56 4038.28 4031.8 4010.06 4004.39 4027.43 4041.74 4033.04 4026.93 4026.5 4025.22 4029.45
4009.98 4014.91 4019.57 4025.09 4026.01 4032.25 4042.11 4028.9 4029.03 4028.17 4025.78 4023.57 4021.84 4020.32 4027.65 4064.64 4079.65 4073.46 4056.63 4044.68 4036.03 4025.17 4012.03 4016.51 4019.37 4016.55 4002.21 4007.74 4007.47 4013.68 4017.4 4014.76 4008.48 4006.16 4002.76 3997.86 4004.58 4007.07 4007.52 4005.69 4009.37 4014.17 4017.13 4014.46 4013.8 4018.65 4014.94 4010.67 4009.13 4009.08 4008.81 4003.25 4011.05 4020.6 4022.96 4014.81 4029.47 4017.3 4010.56 4015.61 4043.74 4046.21 4040.13 4022.39 4025.01 4030.57 4029.84
4015.43 4017.49 4024.77 4033.83 4036.41 4034.55 4026.42 4025.85 4025.95 4026.79 4033.01 4035.56 4031.47 4030.02 4060.87 4092.79 4106.62 4102.48 4083.09 4066.37 4058.2 4052.83 4044.98 4045.29 4050.03 4044.45 4039.31 4024.03 4014.75 4000.3 3999.67 4002.34 4008.34 4005.6 4002.86 4003.5 4012.74 4012.95 4015.63 4011.2 4021.34 4023.88 4019.7 4014.75 4013.72 4015.07 4003.92 4006.58 4008.56 4007.78 4002.85 4004.31 4016.81 4025.1 4023.21 4018.97 4030.31 4005.02 3992.74 4015.71 4029.06 4038.37 4040.26 4031.78 4027.45 4022.65 4022.95
4015.35 4018.12 4028.04 4040.52 4044.7 4037.21 4029.7 4029.77 4031.14 4035.49 4040.28 4039.23 4033.56 4032.67 4066.57 4100.33 4121.19 4120.51 4112.63 4095.89 4083.79 4077.95 4075.99 4068.69 4064.16 4057.98 4045.74 4029.15 4011.13 3993.2 3991.28 3997.44 4000.84 3996.32 3990.16 4001.49 4011.09 4012.12 4014.36 4011.67 4021.68 4020.55 4011.01 3999.71 4001.41 4004.41 4003.77 4010 4012.08 4011.66 4009.09 4012.52 4020.79 4027.18 4023.35 4014.38 4011.2 3998.64 3999.3 4012.22 4020.18 4031.85 4039.47 4042.41 4034.21 4023.06 4022.73
4012.85 4025.47 4046.09 4053.37 4051.21 4044.23 4029.17 4037.34 4040.3 4040.64 4041.79 4033.62 4028.58 4027.02 4042.8 4075.5 4107.82 4124.73 4129.1 4122.78 4109.7 4097.65 4089.89 4079.4 4069.32 4058.39 4045.01 4033.6 4012.7 3996.33 3992.03 3995.19 4003.36 4002.75 3991.33 3994.66 4003.85 4009.79 4016.63 4026.41 4020.63 4014.94 4015 4011.24 4005.83 4001.64 4013.51 4019.15 4019.24 4019.43 4022.52 4029.46 4038.75 4036.84 4033.07 4031.59 4023.38 4002.08 4002.63 4015.33 4020.1 4029.63 4039.03 4047.34 4040.95 4029.51 4029.27
4015.11 4039.44 4068.13 4080.35 4072.64 4061.16 4037.7 4040.91 4034.86 4030.25 4027.42 4026.57 4023.42 4021.7 4027.15 4037.43 4064.56 4096.81 4125.63 4126.03 4119.59 4103.35 4090.9 4078.83 4063.87 4048.59 4030.86 4013.68 4005.98 3994.61 4000.83 4000.46 4003.23 3999.43 3981.28 3984.76 3995.02 4002.94 4020.75 4024.1 4024.28 4028.69 4031.48 4019.96 4008.15 4009.98 4023.3 4025.22 4026.73 4028.1 4027.34 4034.45 4033.82 4034.87 4031.79 4028.42 4010.19 4004.9 4011.82 4015.61 4017.42 4026.57 4029.7 4039.66 4041.62 4034.31 4031.19
4022.79 4057.03 4111.12 4128.95 4104.92 4083.31 4041.46 4042.63 4027.96 4020.63 4018.76 4016.06 4012.49 4010.16 4009.49 4017.26 4034.3 4065 4100.81 4115.63 4117.82 4100.76 4082.28 4069.37 4053.59 4034.26 4022.1 4012.4 4009.46 4008.67 4012.05 4003.09 4001.86 3994.56 3976.37 3974.84 3977.79 3993.6 4011.95 4021.17 4029.85 4041.03 4046.4 4032.45 4027.93 4039.9 4034.65 4028.92 4032.67 4037.61 4040.63 4036.36 4029.24 4032.57 4029.8 4019.55 4002.48 4000.35 4003.77 4006.67 4010.91 4023.15 4029.78 4030.84 4039.49 4036.39 4027.11
4025.56 4066.94 4163.34 4188.25 4120.08 4090.17 4052.94 4036.26 4019.56 4006.77 3999.84 3996.41 3997.01 3998.26 3998.01 4003.45 4015.38 4030.31 4064.06 4105.28 4115.04 4095.52 4075.8 4055.61 4046.05 4033.04 4020.63 4012.12 4003.52 4011.71 4000.8 4001.3 4001.56 4000.95 3985.54 3976.51 3978.28 3987.08 4003.22 4018.12 4032.54 4052.87 4050.51 4046.05 4046.32 4054.78 4045.57 4034.92 4038.89 4046.04 4047.73 4033.46 4034.47 4041.72 4032.1 4011.26 3998.74 3998.42 4000.69 4008.89 4012.44 4018.96 4030.63 4032.33 4033.47 4031.08 4020.25
4037.94 4067.66 4112.17 4121.16 4090.35 4058.85 4038.5 4024.29 4009.61 3999.87 3994 3993.02 3992.21 3992.56 3998.92 4012.65 4017.86 4027.99 4056.95 4101.46 4110.99 4091.91 4068.72 4050.68 4037.52 4029.34 4018.87 4009 4007.91 4009.13 3995.54 3979.42 3984.97 3977.78 3977.83 3978.8 3987.26 3990.6 4000.65 4022.55 4017.89 4031.82 4042.2 4054.92 4072.48 4070.02 4052.05 4043.74 4044.85 4050.08 4047.01 4032.24 4026.42 4032.28 4029.2 4006.69 4002.78 4001.96 4009.45 4014.89 4015.39 4028.04 4038.54 4035.33 4030.25 4026.77 4018.02
4058.83 4077.31 4082.46 4070.98 4037.33 4031.03 4023.91 4014.31 4008.36 4002.96 3996.41 3997.23 3992.24 3993.33 4006.23 4016.81 4025.39 4030.45 4062.84 4097.84 4092.64 4068.82 4047.48 4033.93 4025.29 4017.2 4012.27 4010.99 4009.54 4005.81 4004.36 3992.1 3980.13 3973.9 3970.57 3975.5 3986.49 3988.01 4008.4 4006.81 4010.82 4025.93 4040.24 4051.06 4069.22 4065.43 4053.82 4040.87 4043.54 4051.59 4053.85 4041.5 4038.15 4033.7 4025.14 4012.02 4005.72 4003.95 4005.53 4017.58 4021.32 4026.71 4031.95 4038.36 4035.37 4029.03 4020.32
4038.59 4070.84 4063.12 4041.77 4022.1 4009.36 4012.29 4012.72 4014.88 4013.68 4010.1 4005.81 4005.21 4004.55 4011.82 4016.8 4034.59 4047.75 4069.45 4081.07 4062.36 4039.17 4025.18 4024.51 4016.5 4005.88 4002.29 3996.54 3983.53 3992.7 3998.87 3991.59 3980 3973.87 3972.54 3977.34 3994.53 4002.13 4009.65 4004.32 4005.48 4012.15 4020.64 4035.28 4044.31 4046.69 4051.6 4029.24 4043.03 4061.83 4075.94 4084.02 4062.83 4026.81 4027.32 4014.79 4008.45 4003.73 4001.67 4016.28 4023.29 4024.53 4027.58 4033.34 4031.62 4029.01 4024.65
4019.99 4047.09 4055.78 4039.42 4022.37 4003.14 4009.16 4009.58 4021 4027.29 4034.99 4040.75 4031.32 4023.13 4026.53 4046.12 4057.43 4060.21 4060.98 4054.71 4046.82 4034.83 4023.58 4011.16 3998.6 3995.24 3992.62 3972.8 3969.49 3978.38 3988.93 3985.02 3980.21 3975.81 3988.01 3987.71 4004.88 4016.26 4009.34 4002.59 4006.06 4009.96 4014.99 4025.42 4038.81 4046.78 4036.9 4031.6 4047.33 4070.2 4082.85 4082.4 4075.5 4005.37 4016.71 4017.58 4011.7 4007.3 4003.31 4013.77 4029.44 4038.83 4039.37 4031.66 4028.01 4031.38 4020.81
4023.9 4036.5 4038.33 4038.25 4033 4028.89 4025.75 4024.01 4040.02 4047.59 4066.35 4075.92 4055.74 4052.43 4066.38 4093.57 4092.81 4070.9 4055.72 4035.04 4029.05 4028.53 4013.57 3995.9 3985.27 3981.18 3971.03 3982.06 3968.18 3985.37 3987.56 3992.69 3986.46 3985.52 4005.76 4020.93 4021.27 4025.42 4028.59 4012.73 4013.12 4021.4 4018.93 4022.7 4035.35 4041.06 4038.4 4036.08 4050.43 4075.42 4079.92 4067.72 4003.88 4005.35 4010.94 4011.62 4013.76 4012.08 4014.12 4024.58 4041.9 4061.12 4053.6 4032.39 4025.41 4046.17 4030.57
