real_craters/C209-500m.grd
DSAA
643 643
-160.545 160.545
-160.545 160.545
8160.5063366569 11370.891621614
[rows 570 to 599 of 643, columns 134 to 200 of 643]
9648.09 9495.67 9363.86 9262.76 9170.15 8984.72 8820.98 8731.28 8765.37 8757.88 8495.53 8391.3 8391.46 8404.38 8422.74 8427.36 8443.88 8495.3 8631.16 8637.38 8613.06 8582.15 8566.78 8562.11 8558.34 8555.63 8551.19 8549.63 8549.32 8549.01 8548.97 8553.6 8559.33 8565.32 8568.78 8568.85 8565.52 8558.33 8554.05 8575.98 8584.84 8575.46 8554.66 8548.75 8546.63 8538.35 8531.96 8529.61 8527.44 8525.57 8522.44 8521.02 8520.53 8523.05 8534.92 8546.95 8545.55 8537.07 8539.36 8544.04 8547.71 8552.98 8557.62 8566.17 8577.56 8598.39 8615.04
9581.75 9476.05 9362.94 9237.09 9080.08 8929.01 8810.39 8712.23 8756.22 8761.48 8528.55 8417.85 8412.51 8416.36 8426.96 8453.63 8502.21 8580.55 8649.04 8637.33 8612.3 8586.98 8568.97 8559.82 8557.58 8554.17 8551.93 8549.67 8549 8548.5 8550.38 8557.77 8569.02 8580.56 8590.54 8596.67 8598.75 8599.42 8595.16 8628.73 8634.73 8617.87 8576.91 8552.59 8547.61 8537.64 8530.76 8528.49 8526.32 8524.28 8520.79 8518.72 8517.9 8519.79 8530.67 8539.84 8540.43 8538.12 8541.77 8543.68 8546.87 8551.32 8556.38 8560.32 8567.69 8579.02 8600.19
9480.73 9412 9331.68 9241.11 9080.95 8942.55 8853.12 8783.22 8746.16 8708.33 8581.04 8501.76 8473.78 8457.21 8442.79 8486.01 8551.96 8624.12 8632.91 8620.75 8602.94 8584.97 8571.72 8564.3 8557.29 8553.44 8551.77 8551.22 8550.92 8549.55 8551.31 8562.27 8579.28 8598.28 8617.85 8635.64 8649.71 8675.49 8703.75 8707.79 8694.31 8661.53 8603.76 8561.18 8547.4 8539.72 8533.95 8528.55 8524.84 8522.53 8519.89 8517.61 8516.08 8516.13 8525.22 8537.11 8534.7 8535.08 8540.34 8542.59 8545.69 8549.37 8552.68 8556.76 8561.36 8570.08 8590.2
9452.87 9352.63 9280.24 9207.06 9114.02 9029.8 8898.15 8798.99 8724.76 8668.86 8648.3 8604.25 8548.95 8531.3 8536.96 8561.29 8583.37 8599.8 8595.66 8598.2 8590.4 8579.2 8570.54 8563.37 8556.31 8551.4 8550.51 8552.26 8551.87 8551.64 8555.14 8568.78 8590.07 8615.7 8647.06 8683.44 8718.73 8748.34 8763.34 8752.53 8748.24 8703.3 8612.57 8571.08 8534.67 8512.19 8535.39 8528.7 8524.12 8522.02 8519.59 8517.11 8515.27 8515.52 8517.72 8518.36 8522.37 8527.76 8534.44 8538.88 8542.43 8545.38 8548.94 8551.4 8554.51 8563.23 8581.15
9420.3 9359.61 9254.38 9140.53 9087.33 9025.27 8888.45 8760.88 8696.84 8670.54 8649.42 8619.97 8593.46 8592.59 8632.43 8627.46 8601.57 8589.62 8581.33 8582.52 8576.73 8568.82 8560.76 8558.63 8555.03 8554.4 8555.2 8553.89 8553.64 8556.63 8561.39 8576.04 8598.79 8626.46 8662.44 8714.09 8783.43 8787.62 8794.03 8803.07 8788.13 8743.82 8642.93 8581.15 8561.15 8532.96 8539.61 8529.61 8524.59 8522.17 8520.24 8518.31 8516.56 8515.7 8514.19 8512.23 8515.32 8522.21 8528.86 8535.27 8539.33 8542.83 8545.85 8548.17 8550.4 8557.54 8567.55
9358.6 9350.63 9249.5 9130.5 9040.69 8969.93 8847.76 8726 8677.28 8659.79 8635.85 8615.43 8605.29 8605.42 8612.01 8606.07 8595.46 8585.95 8581.33 8576.58 8569.51 8562.57 8557.6 8554.5 8553.8 8554.25 8554.71 8553.43 8560.49 8565.3 8572.21 8584.64 8602.53 8622.92 8647.86 8683.04 8734.06 8719.77 8710.17 8725.86 8757.68 8735.55 8651.28 8601.84 8579.43 8548.05 8539.69 8530.47 8525.52 8522.79 8521.11 8519.54 8517.26 8515.04 8512.7 8512.45 8514.66 8520.45 8528.67 8533.75 8537.1 8540.86 8544.89 8548.45 8551.67 8556.37 8570.19
9272.33 9309.9 9242.38 9125.89 9008.7 8894.66 8794.9 8720.76 8681.6 8656.3 8629.66 8607.6 8601.31 8597.5 8589.49 8582.01 8579.73 8574.02 8572.44 8569.94 8563.55 8557.65 8552.41 8553.89 8555 8557.12 8555.31 8552.06 8567.68 8575.96 8586.49 8598.03 8606.91 8613.43 8617.06 8612.26 8584.1 8577.51 8577.97 8590.13 8615.72 8632.66 8641.31 8618.6 8584.06 8547.28 8537.11 8529.6 8525.61 8523.06 8521.51 8520.67 8519.88 8515.73 8512.02 8510.25 8511.97 8517.99 8525.55 8530.1 8533.8 8538.66 8544.03 8550.25 8557.09 8559.29 8563.84
9255.34 9219.21 9220.02 9143.73 8989.41 8843.12 8752.63 8704.29 8677.48 8653.85 8628.29 8607.22 8596.4 8587.82 8578.43 8571.88 8567.49 8563.62 8560.28 8559.08 8557.69 8554.59 8550.77 8552.5 8555.69 8558 8561.77 8563.84 8574.79 8589.82 8601.02 8606.67 8613.15 8604.22 8587.96 8562 8524.21 8509.93 8513.87 8518.7 8522.04 8538.54 8545.58 8561.66 8555.46 8540.67 8532.84 8527.35 8524.78 8522.59 8521.35 8520.48 8518.83 8514.22 8510.79 8510.26 8511.49 8514.44 8518.24 8523.1 8529.36 8536.01 8542.91 8549.82 8555.13 8556.03 8559.13
9221.62 9172.57 9164.9 9082.64 8955.99 8816.54 8728.39 8693.06 8678.49 8652.88 8627.65 8609.29 8591.71 8579.7 8568.82 8560.41 8558.79 8557.78 8554.24 8553.46 8554.56 8555.03 8555.63 8558.06 8559.64 8560.91 8566.74 8573.21 8580.87 8602.97 8627.18 8647.67 8625.39 8600.97 8572.21 8541.17 8512.04 8497.39 8499.86 8500.3 8502.84 8505.86 8511.39 8519.03 8524.84 8528.21 8528.65 8526.06 8523.38 8521.12 8519.37 8517.97 8515.88 8511.83 8508.66 8508.8 8510.13 8510.71 8512.39 8516.56 8524.07 8531.89 8540.01 8547.05 8551.61 8550.97 8548.33
9166.93 9102.6 9092.36 9045.8 8924.7 8800.37 8722.83 8691.24 8671.26 8646.21 8623.72 8604.84 8588.91 8575.41 8564.72 8557.3 8553.83 8552.9 8551.16 8551.86 8553.73 8556.44 8560.34 8563.14 8564.71 8568.14 8566.59 8558.21 8582.31 8611.63 8635.87 8648.9 8617.95 8584.57 8557.96 8529.33 8502.89 8488.41 8488.69 8486.97 8484.07 8489.58 8498.76 8504.8 8511.02 8518.99 8523.66 8523.58 8521.06 8518.76 8516.59 8514.62 8512.21 8508.91 8506.61 8505.59 8506.17 8506.76 8507.8 8511.52 8518.88 8527.19 8535.25 8541.87 8543.73 8541.18 8536.9
9186.27 9031.33 8995.7 8974.35 8888.29 8800.07 8734.89 8700.86 8662.43 8638.77 8619.82 8605.33 8587.53 8572.79 8561.87 8556.39 8549.1 8547.22 8547.46 8550.6 8553.06 8556.86 8561.88 8565.14 8567.72 8574.48 8586.2 8576.75 8606.58 8619.08 8618.92 8613.83 8582.5 8558.24 8536.24 8516.26 8498.3 8487.89 8489.36 8482.7 8477.94 8478.4 8484.7 8491.88 8500.41 8506.64 8515.02 8518.1 8517.68 8516.01 8513.31 8510.52 8508.18 8506.23 8504.9 8504.6 8504.03 8503.69 8504.33 8507.49 8514.59 8522.75 8530.71 8537.14 8538.25 8534.32 8535.82
9152.49 9039.45 8945.6 8897.18 8851.75 8790.96 8740.66 8706.99 8664.5 8633.72 8614.45 8596.68 8582.72 8569.75 8557.35 8543.39 8543.64 8543.7 8544.76 8547.08 8551.58 8556.56 8562.47 8568.49 8575.08 8592.99 8626.04 8655.95 8654.66 8632.14 8599.76 8555.51 8542.36 8533.78 8522.27 8510.29 8499.19 8492.31 8489.93 8481.48 8477.39 8472.76 8476.19 8486.29 8493.39 8499.66 8508.05 8513.42 8514.72 8513.38 8510.78 8506.43 8504.12 8502.69 8501.68 8501.97 8501.75 8501.06 8501.34 8503.78 8510.03 8518.07 8526.06 8531.9 8531.97 8532.63 8534.44
9093.2 8994.55 8943.34 8884.31 8834.03 8785.12 8741.72 8707.43 8663.57 8630.46 8610 8595.24 8581.14 8566.4 8555.56 8550.01 8544.49 8541.94 8541.64 8543.48 8549.46 8555.13 8560.8 8569.96 8583.18 8597.03 8639.91 8687.34 8688.3 8644.14 8593.59 8545.63 8524.17 8517.97 8511.39 8505.99 8502.45 8500.08 8492.47 8483.53 8480.52 8478.08 8479.94 8486.25 8490.76 8498.11 8506.65 8511.86 8513.25 8512.19 8509.79 8508.31 8504.02 8500.29 8498.76 8499.52 8499.21 8498.57 8498.49 8499.38 8506.14 8513.79 8521.72 8528.61 8529.63 8529.81 8529.35
9112.09 8963.86 8916.59 8870.05 8824.61 8778.52 8740.31 8703.29 8658.82 8624.91 8603.47 8587.8 8573.04 8560.97 8552.81 8547.36 8543.19 8540.85 8539.98 8542.69 8548.03 8554 8560.8 8571.47 8579.58 8579.29 8618.91 8684.73 8691.99 8645.09 8590.84 8541.86 8515.71 8507.85 8505.39 8503.63 8502.98 8503.44 8497.25 8489.17 8484.41 8482.9 8485.78 8491.36 8494.04 8501.06 8510.67 8514.37 8514.93 8512.43 8508.81 8503.93 8502.32 8500 8499.01 8498.11 8497.11 8496.68 8497.01 8499.14 8503.39 8509.38 8516.49 8524.41 8526.34 8525.93 8525.08
9095.4 8966.08 8913.82 8868.03 8822.1 8772.05 8726.01 8694.21 8650.51 8618.01 8596.88 8577.75 8562.93 8555.14 8549.41 8544.98 8541.79 8540.21 8540.18 8541.57 8546.78 8552.01 8558.2 8564.79 8560.47 8573.18 8601.22 8665.27 8672.53 8630.47 8582.43 8538.69 8512.49 8503.94 8501.12 8501.47 8502.52 8504.33 8500.51 8493.28 8486.2 8482.94 8486.5 8491.22 8499.6 8508.42 8517.65 8522.14 8520.49 8515.64 8509.07 8502.88 8500.64 8498.5 8498.23 8496.29 8495.42 8495.06 8495.46 8497.14 8499.51 8503.62 8508.61 8515.57 8521.06 8525.76 8527.15
9079.05 8989.16 8935.44 8879.97 8824.95 8768.06 8714.21 8682.18 8646.35 8616.19 8594.25 8574.95 8560.04 8552.65 8547.5 8544.4 8541.61 8539.81 8539.91 8542.24 8545.5 8548.49 8551.42 8552.57 8559.63 8565.49 8574.79 8616.05 8628.52 8603.91 8568.55 8534.18 8511.57 8504.38 8501.41 8500.66 8500.85 8503.58 8502 8496.87 8489.12 8485.41 8489.04 8496.91 8507.48 8522.86 8534.19 8537.06 8532.47 8522.05 8511.25 8503.57 8499.38 8497.15 8496.59 8495.12 8494.12 8493.85 8493.65 8492.71 8495.3 8498.98 8501.37 8503.11 8508.57 8516.33 8524.33
9140.32 9001.23 8954.06 8894.77 8835.24 8773.61 8716.99 8684.06 8651.96 8620.69 8595.52 8576.36 8562.04 8553.01 8548 8544.16 8540.97 8539.71 8539.39 8540.91 8543.34 8544.57 8545.46 8546.88 8548.33 8556.06 8566.51 8583.29 8587.99 8576.01 8554.69 8531.08 8512.7 8507.94 8504.61 8501.03 8498.23 8496.62 8498.97 8498.68 8496.42 8494.68 8497.67 8505.13 8515.88 8539.54 8560.52 8559.22 8545.38 8527.47 8511.53 8501.01 8497.38 8495.27 8494.38 8494 8493.65 8493.93 8494.68 8494.39 8496.05 8497.98 8498.63 8500.95 8507.2 8516.55 8524.29
9199.25 9029.15 8977.83 8906.34 8841.77 8781.44 8730.56 8693.77 8652.57 8619.15 8597.64 8580.53 8565.76 8556.84 8550.83 8546.41 8543.02 8540.82 8539.73 8539.1 8541.25 8541.69 8540.97 8538.95 8540.9 8547.95 8557.27 8561.2 8559.36 8555.56 8546.03 8533.03 8522.36 8515.62 8510.75 8505.03 8498.79 8494.08 8497.37 8500.31 8502.13 8503.04 8506.36 8517.35 8540.41 8603.22 8608.34 8584.35 8556.6 8531.7 8510.8 8498.99 8495.79 8492.42 8491.69 8491.07 8493.49 8496.19 8497.6 8498.24 8498.48 8500.04 8501.92 8505.53 8515.91 8520.99 8529.7
9191.93 9042.7 8968.98 8911.64 8851.86 8792.22 8734.35 8686.28 8651.14 8620.87 8603.48 8587.83 8574.78 8563.37 8555.77 8550.2 8546.11 8543.59 8542.1 8540.55 8540.7 8540.43 8539.19 8537.77 8538.18 8540.79 8551.96 8558.8 8545.53 8547.36 8544.17 8537.67 8529.81 8526.06 8519.99 8512.21 8503.97 8499.4 8502.92 8508.97 8510.85 8513.9 8519.67 8540.09 8609.09 8691.54 8646.02 8597.28 8560.58 8531.35 8508.85 8497.67 8494.87 8492.97 8488.69 8488.73 8493.82 8498.03 8501.16 8499.74 8495.68 8496.88 8506.99 8504.9 8523.73 8529.14 8532.48
9174.62 9101.86 8985.55 8917.07 8858.83 8804.1 8748.22 8682.26 8659.43 8636.13 8615.35 8597.78 8583.37 8571.27 8561.95 8555.71 8551.33 8548.84 8547.13 8545.07 8542.76 8541.82 8539.65 8537.55 8538.03 8536.86 8541.5 8548.68 8550.28 8547.16 8545.68 8545.16 8544.78 8538.89 8530.2 8521.73 8512.35 8506.39 8510.62 8517.29 8525.74 8533.93 8544.55 8558.01 8591.17 8615.99 8608 8579.43 8550.72 8524.6 8503.07 8495.58 8493.55 8492.02 8489.68 8491.15 8495.03 8500.51 8504.79 8504.22 8494.67 8471.88 8456.7 8417.19 8425.32 8490.41 8516.83
9176.93 9103.18 8999.56 8918.7 8863.18 8816.29 8772.87 8710.44 8678.62 8654.49 8628.15 8607.25 8592.64 8577.51 8567.94 8562.1 8558.78 8555.16 8554.01 8551.68 8549.72 8545.5 8541.4 8537.77 8536.58 8536.92 8540.24 8541.98 8544.49 8545.21 8546.21 8549.55 8555.8 8547.15 8538.24 8532.7 8528.26 8522.15 8512.86 8524.97 8551.07 8543.9 8539.88 8530.42 8518.16 8524.26 8549.36 8547.63 8532.63 8514.45 8499.5 8493.85 8492.86 8491.48 8489.85 8490.73 8496.12 8501.93 8506.83 8507.98 8493.51 8435.31 8350.74 8294.77 8293.98 8397.52 8484.34
9158.26 9078.28 8961.6 8907.88 8863.97 8824.47 8781.11 8736.59 8696.04 8664.62 8638.3 8615.07 8592.69 8579.68 8574.29 8568.68 8562.77 8561.64 8561.92 8561.84 8556.16 8550.05 8544.29 8538.61 8535.49 8538.15 8539.71 8540.53 8541.16 8541.73 8542.74 8544.49 8545.38 8542.52 8539.8 8540.6 8543.56 8536.63 8525.61 8532.32 8554.09 8533.34 8514.46 8509.71 8507.97 8510.34 8517.79 8520.16 8514.33 8504.2 8494.63 8493.09 8494.05 8492.47 8490.72 8492.48 8497.01 8503.42 8508.26 8509.87 8496.16 8429.42 8338.93 8281.19 8272.25 8373.65 8473.6
9122.04 9065.61 8945.99 8903.85 8868.72 8834.06 8795.63 8746.03 8706.5 8673.68 8646.83 8624.4 8606.31 8593.81 8584 8577.96 8573.7 8571.49 8569.95 8568.04 8560.46 8555.1 8548.78 8541.99 8537.74 8537.72 8538.75 8538.19 8536.47 8536.93 8537.17 8535.96 8532.81 8532.22 8534.42 8538.44 8547.31 8543.12 8540.43 8527.56 8514.84 8512.87 8506.15 8502.63 8499.57 8502.71 8504.08 8503.05 8504.01 8498.84 8494.17 8494.28 8494.27 8493.34 8492.53 8492.93 8497.05 8502.39 8507 8508.17 8499.02 8455.73 8403.44 8371.24 8382.62 8435.47 8499.15
9097.87 9022.68 8969.81 8912.66 8873.33 8840.06 8802.93 8751.2 8710.88 8679.82 8654.09 8633.44 8618.06 8605.66 8593.78 8586.81 8584.76 8579.92 8575.15 8574.85 8569.38 8560.84 8553.6 8546.71 8538.25 8538.02 8538.25 8536.74 8534.81 8534 8532 8528.53 8523.99 8523.03 8525.99 8527.9 8526.6 8529.15 8522.26 8517.84 8510.73 8508.33 8502.93 8500.13 8496.01 8498.21 8500.89 8501.32 8499.96 8497.76 8495.54 8494.21 8495.11 8494.69 8494.22 8492.6 8495.99 8501.33 8504.94 8504.06 8494.89 8487.42 8487.3 8496.75 8506.54 8509.39 8539.36
9097.25 9050.88 8960.46 8911.45 8872.99 8837.44 8798.09 8748.36 8712.23 8682.07 8657.89 8639.92 8625.95 8613.51 8601.42 8591.14 8583.73 8576.82 8573.29 8573.4 8572.13 8562.46 8555.95 8552.73 8546.46 8541.06 8539.32 8537.48 8535.3 8533.01 8528.37 8523.96 8519.53 8517.95 8519.35 8519.39 8518.9 8518.79 8516.57 8511.73 8506.9 8504.5 8501.88 8500.5 8498.56 8500.91 8502.43 8502.03 8500.76 8499.05 8496.66 8493.62 8490.65 8492.86 8494 8494.12 8495.41 8497.78 8499.63 8498.94 8496.2 8500.34 8511.87 8520.58 8533.82 8548.21 8573.97
9054.88 9014.8 8952.65 8911.72 8875.36 8832.95 8789.99 8750.26 8712.52 8682.09 8659.92 8644.91 8633.59 8623.36 8607.64 8593.15 8578.42 8568.33 8567.96 8565.42 8557.47 8556.62 8553.19 8550.47 8547.52 8544.37 8540.73 8537.83 8536.1 8530.1 8525.26 8521.3 8518.29 8516.76 8516.21 8514.69 8512.47 8513.03 8511.59 8507.43 8503.56 8502.95 8504.16 8502.95 8502.25 8507.85 8505.81 8503.97 8502.19 8500.5 8498.07 8495.3 8493.86 8497.07 8496.22 8494.72 8494.49 8496.46 8497.52 8495.98 8495.72 8501.95 8514.09 8522.74 8534.42 8563.07 8594.63
9063.53 9013.08 8966.35 8923.47 8884.11 8844.94 8797.93 8749.23 8712.36 8684.74 8663.16 8648.82 8638.3 8629.27 8612.93 8597.69 8582.51 8571.34 8567.68 8562.25 8556.19 8551.55 8547.59 8543.61 8540.15 8540.37 8540.52 8540.08 8530.66 8524.31 8521.93 8518.84 8516.87 8516.61 8514.73 8514.59 8512.87 8511 8508.33 8505.17 8503.49 8505.43 8507.29 8506.63 8507.9 8509.15 8507.83 8505.69 8503.43 8501.21 8499.35 8497.87 8497.34 8497.85 8497.58 8497.06 8497.15 8496.91 8497.27 8497.9 8499.57 8504.63 8514.26 8525.89 8543.11 8574.73 8611.96
9067.76 9022.96 8982.23 8937.59 8893.13 8853.17 8805.42 8757.81 8719.87 8690.35 8668.23 8652.66 8641.28 8630.8 8616.95 8603.75 8592.82 8584.09 8573.16 8563.77 8554.97 8548.76 8545.02 8540.63 8537.3 8537.19 8535.98 8532.01 8525.92 8524.04 8520.18 8516.51 8512.09 8509.19 8511.24 8514.11 8508.67 8504.96 8504.51 8505.49 8502.69 8507.06 8508.38 8508.6 8509.76 8510.77 8509.22 8506.99 8504.33 8502.37 8500.41 8499.8 8499.52 8498.66 8499.27 8499.37 8499.33 8499.91 8500.94 8502.16 8504.54 8509.68 8511.34 8521.41 8551.92 8588.73 8631.94
9087.06 9034.38 8989.98 8945.35 8899.94 8851.32 8812.27 8769.15 8730.1 8699.96 8676.63 8656.55 8642.92 8632.07 8619.02 8607.6 8599.25 8592.11 8577.76 8564.97 8555.42 8548.47 8544.79 8541.09 8536.83 8532.88 8532.64 8531.83 8524.15 8521.88 8519.34 8515.56 8510.41 8508.62 8510.01 8513 8503.35 8468.76 8490.66 8504.13 8503.95 8505.57 8508.27 8509.89 8510.54 8510.87 8511.08 8508.24 8504.85 8501.42 8500.96 8500.61 8501.62 8502.84 8502.3 8502.01 8502.33 8503.49 8505.08 8506.7 8509.35 8512.41 8509.76 8524.88 8561.38 8606.42 8655.94
9155.53 9054.63 8995.39 8953.8 8916.26 8871.54 8831.44 8786.16 8742.59 8708.74 8681.53 8657.34 8643.62 8632.97 8619.28 8607.21 8599.04 8591.78 8576.94 8563.34 8552.77 8548.1 8543.05 8540.07 8536.64 8531.71 8532.18 8530.09 8525.96 8522.95 8520.06 8516.9 8513.79 8511.07 8511 8510.58 8508.36 8510.72 8504.51 8506.31 8505.43 8505.79 8506.83 8511.57 8512.9 8511.34 8512.32 8509.65 8506.2 8503.51 8502.33 8502.26 8503.55 8505.18 8505.48 8505.69 8505.94 8508.36 8510.59 8511.95 8512.48 8512.82 8515.22 8531.97 8577.64 8631.51 8687.1
