real_craters/C209-750m.grd
DSAA
429 429
-160.545 160.545
-160.545 160.545
8160.5063372747 11374.469779242
[rows 102 to 135 of 429, columns 231 to 307 of 429]
1.019e+004 1.021e+004 1.022e+004 1.021e+004 1.019e+004 1.018e+004 1.018e+004 1.017e+004 1.012e+004 1.007e+004 1.005e+004 1.004e+004 1.004e+004 1.004e+004 1.004e+004 1.003e+004 1.001e+004 9999 9984 9979 9955 9904 9895 9909 9928 9948 9974 9996 1.002e+004 1.005e+004 1.004e+004 1.003e+004 1.001e+004 9996 9983 1e+004 9997 9987 9966 9965 9973 9969 9964 9971 9969 9957 9950 9946 9942 9937 9936 9942 9954 9953 9923 9926 9945 9949 9941 9916 9890 9876 9873 9872 9877 9879 9888 9893 9875 9858 9852 9835 9837 9833 9828 9819 9852
1.023e+004 1.025e+004 1.026e+004 1.023e+004 1.022e+004 1.021e+004 1.02e+004 1.02e+004 1.015e+004 1.009e+004 1.003e+004 1.003e+004 1.004e+004 1.004e+004 1.004e+004 1.004e+004 1.003e+004 1.001e+004 1.001e+004 1.001e+004 9983 9941 9907 9918 9936 9957 9981 1.001e+004 1.003e+004 1.006e+004 1.006e+004 1.005e+004 1.004e+004 1.003e+004 1.003e+004 1.001e+004 1.003e+004 1.001e+004 9988 9983 9976 9964 9949 9924 9923 9952 9949 9943 9938 9933 9935 9942 9951 9951 9947 9940 9938 9935 9921 9902 9879 9869 9872 9873 9889 9887 9882 9865 9868 9859 9848 9829 9837 9842 9849 9852 9866
1.027e+004 1.028e+004 1.029e+004 1.027e+004 1.024e+004 1.022e+004 1.02e+004 1.016e+004 1.012e+004 1.007e+004 1.004e+004 1.004e+004 1.005e+004 1.006e+004 1.005e+004 1.004e+004 1.004e+004 1.002e+004 1.002e+004 1.003e+004 1.002e+004 9976 9942 9938 9951 9969 9990 1.001e+004 1.004e+004 1.006e+004 1.006e+004 1.006e+004 1.005e+004 1.005e+004 1.001e+004 9972 9999 9983 9988 1e+004 9978 9962 9946 9926 9925 9948 9943 9938 9933 9930 9930 9925 9922 9928 9946 9937 9932 9925 9911 9895 9878 9873 9886 9893 9883 9882 9877 9876 9863 9853 9842 9828 9834 9845 9857 9855 9857
1.03e+004 1.031e+004 1.032e+004 1.029e+004 1.026e+004 1.023e+004 1.019e+004 1.014e+004 1.01e+004 1.006e+004 1.005e+004 1.006e+004 1.007e+004 1.008e+004 1.007e+004 1.005e+004 1.004e+004 1.003e+004 1.003e+004 1.004e+004 1.003e+004 9999 9957 9959 9968 9982 9997 1.002e+004 1.003e+004 1.005e+004 1.006e+004 1.005e+004 1.006e+004 1.005e+004 1.003e+004 1.002e+004 9983 9932 9939 9954 9968 9962 9951 9945 9941 9935 9935 9934 9930 9925 9922 9933 9927 9888 9918 9928 9928 9916 9903 9890 9879 9875 9878 9871 9878 9867 9862 9858 9854 9848 9839 9836 9831 9841 9872 9877 9866
1.033e+004 1.034e+004 1.035e+004 1.032e+004 1.028e+004 1.024e+004 1.02e+004 1.015e+004 1.012e+004 1.009e+004 1.009e+004 1.01e+004 1.011e+004 1.01e+004 1.008e+004 1.007e+004 1.006e+004 1.005e+004 1.004e+004 1.006e+004 1.007e+004 1.003e+004 9992 9991 1e+004 1.001e+004 1.002e+004 1.002e+004 1.003e+004 1.004e+004 1.004e+004 1.004e+004 1.005e+004 1.007e+004 1.005e+004 1.003e+004 9984 9934 9943 9968 9972 9966 9958 9953 9948 9922 9933 9933 9928 9924 9930 9937 9920 9898 9898 9908 9908 9891 9896 9901 9897 9869 9865 9863 9863 9856 9852 9849 9849 9847 9844 9846 9847 9860 9875 9892 9891
1.036e+004 1.036e+004 1.036e+004 1.033e+004 1.028e+004 1.024e+004 1.022e+004 1.02e+004 1.018e+004 1.018e+004 1.017e+004 1.015e+004 1.014e+004 1.013e+004 1.009e+004 1.007e+004 1.007e+004 1.008e+004 1.007e+004 1.008e+004 1.009e+004 1.006e+004 1.004e+004 1.003e+004 1.004e+004 1.004e+004 1.004e+004 1.004e+004 1.003e+004 1.002e+004 1.001e+004 1.001e+004 1.002e+004 1.002e+004 1.004e+004 1.003e+004 1e+004 9985 9973 9983 9979 9971 9961 9950 9934 9945 9946 9936 9929 9928 9940 9943 9931 9901 9884 9896 9897 9907 9904 9898 9887 9862 9854 9850 9851 9849 9850 9851 9850 9849 9850 9850 9848 9862 9867 9885 9888
1.038e+004 1.036e+004 1.035e+004 1.031e+004 1.026e+004 1.025e+004 1.024e+004 1.023e+004 1.024e+004 1.024e+004 1.022e+004 1.019e+004 1.017e+004 1.013e+004 1.006e+004 1.004e+004 1.005e+004 1.006e+004 1.007e+004 1.007e+004 1.005e+004 1.007e+004 1.008e+004 1.007e+004 1.006e+004 1.006e+004 1.006e+004 1.006e+004 1.005e+004 1.003e+004 1.001e+004 1.001e+004 1.001e+004 1.002e+004 1.004e+004 1.004e+004 1.001e+004 9992 9987 9987 9981 9973 9962 9949 9937 9950 9949 9935 9923 9920 9938 9947 9907 9892 9900 9907 9912 9907 9899 9885 9860 9850 9853 9853 9852 9855 9854 9850 9850 9850 9850 9848 9842 9860 9864 9878 9881
1.038e+004 1.036e+004 1.034e+004 1.03e+004 1.025e+004 1.026e+004 1.026e+004 1.026e+004 1.027e+004 1.027e+004 1.025e+004 1.022e+004 1.019e+004 1.016e+004 1.01e+004 1.006e+004 1.004e+004 1.004e+004 1.005e+004 1.004e+004 1.01e+004 1.01e+004 1.01e+004 1.009e+004 1.009e+004 1.009e+004 1.009e+004 1.008e+004 1.007e+004 1.006e+004 1.006e+004 1.005e+004 1.003e+004 1.003e+004 1.004e+004 1.003e+004 1.002e+004 1e+004 9996 9993 9986 9976 9966 9951 9932 9941 9947 9919 9907 9903 9924 9953 9908 9910 9913 9913 9898 9898 9892 9881 9857 9851 9853 9861 9857 9854 9847 9851 9855 9857 9854 9844 9847 9864 9860 9862 9864
1.038e+004 1.036e+004 1.034e+004 1.031e+004 1.028e+004 1.028e+004 1.028e+004 1.029e+004 1.029e+004 1.029e+004 1.027e+004 1.024e+004 1.021e+004 1.019e+004 1.014e+004 1.009e+004 1.005e+004 1.004e+004 1.006e+004 1.009e+004 1.013e+004 1.013e+004 1.011e+004 1.011e+004 1.011e+004 1.011e+004 1.011e+004 1.01e+004 1.01e+004 1.009e+004 1.009e+004 1.008e+004 1.006e+004 1.005e+004 1.005e+004 1.005e+004 1.003e+004 1.001e+004 1.001e+004 9997 9988 9983 9975 9967 9951 9926 9883 9891 9894 9895 9905 9900 9933 9926 9935 9929 9931 9932 9924 9900 9867 9860 9858 9857 9854 9855 9852 9861 9868 9870 9868 9865 9867 9889 9889 9886 9866
1.038e+004 1.037e+004 1.035e+004 1.033e+004 1.032e+004 1.03e+004 1.029e+004 1.03e+004 1.03e+004 1.029e+004 1.027e+004 1.024e+004 1.022e+004 1.019e+004 1.015e+004 1.011e+004 1.007e+004 1.007e+004 1.01e+004 1.013e+004 1.015e+004 1.015e+004 1.015e+004 1.015e+004 1.014e+004 1.014e+004 1.013e+004 1.013e+004 1.012e+004 1.012e+004 1.011e+004 1.011e+004 1.01e+004 1.009e+004 1.007e+004 1.007e+004 1.005e+004 1.003e+004 1.002e+004 1.001e+004 9998 9988 9986 9988 9979 9959 9884 9890 9895 9908 9921 9934 9933 9956 9931 9920 9927 9944 9960 9927 9893 9880 9872 9860 9861 9866 9876 9886 9890 9889 9888 9892 9909 9925 9930 9890 9860
1.038e+004 1.037e+004 1.036e+004 1.035e+004 1.034e+004 1.033e+004 1.032e+004 1.031e+004 1.03e+004 1.029e+004 1.027e+004 1.024e+004 1.021e+004 1.019e+004 1.016e+004 1.012e+004 1.012e+004 1.013e+004 1.014e+004 1.016e+004 1.015e+004 1.015e+004 1.017e+004 1.017e+004 1.017e+004 1.016e+004 1.015e+004 1.015e+004 1.014e+004 1.014e+004 1.014e+004 1.014e+004 1.013e+004 1.012e+004 1.011e+004 1.009e+004 1.007e+004 1.005e+004 1.004e+004 1.001e+004 9993 9982 9990 1e+004 9986 9995 9950 9913 9899 9896 9928 9942 9899 9943 9916 9903 9917 9943 9972 9947 9912 9894 9886 9876 9884 9892 9919 9920 9913 9907 9907 9912 9919 9927 9929 9893 9873
1.038e+004 1.037e+004 1.036e+004 1.035e+004 1.035e+004 1.033e+004 1.033e+004 1.032e+004 1.031e+004 1.03e+004 1.027e+004 1.024e+004 1.021e+004 1.019e+004 1.017e+004 1.015e+004 1.017e+004 1.016e+004 1.016e+004 1.017e+004 1.015e+004 1.018e+004 1.019e+004 1.019e+004 1.018e+004 1.018e+004 1.017e+004 1.017e+004 1.016e+004 1.016e+004 1.016e+004 1.016e+004 1.016e+004 1.015e+004 1.014e+004 1.011e+004 1.01e+004 1.01e+004 1.007e+004 1e+004 9941 9964 9997 1.001e+004 9964 9998 9962 9917 9902 9914 9924 9935 9949 9940 9922 9909 9924 9945 9974 9963 9932 9911 9898 9894 9892 9908 9927 9936 9926 9920 9918 9919 9927 9945 9941 9887 9872
1.037e+004 1.037e+004 1.036e+004 1.036e+004 1.034e+004 1.033e+004 1.033e+004 1.033e+004 1.032e+004 1.029e+004 1.026e+004 1.023e+004 1.021e+004 1.02e+004 1.019e+004 1.018e+004 1.018e+004 1.018e+004 1.017e+004 1.016e+004 1.016e+004 1.021e+004 1.021e+004 1.02e+004 1.019e+004 1.019e+004 1.019e+004 1.018e+004 1.018e+004 1.018e+004 1.018e+004 1.019e+004 1.022e+004 1.018e+004 1.016e+004 1.012e+004 1.011e+004 1.009e+004 1.004e+004 9998 9958 9981 1.001e+004 1.003e+004 9979 9967 9912 9893 9893 9896 9929 9942 9963 9941 9938 9931 9971 1.001e+004 9999 9979 9957 9944 9918 9916 9932 9952 9951 9941 9936 9933 9931 9931 9939 9952 9933 9925 9989
1.037e+004 1.036e+004 1.036e+004 1.035e+004 1.033e+004 1.031e+004 1.032e+004 1.032e+004 1.03e+004 1.027e+004 1.025e+004 1.023e+004 1.021e+004 1.02e+004 1.019e+004 1.019e+004 1.02e+004 1.019e+004 1.017e+004 1.017e+004 1.017e+004 1.02e+004 1.02e+004 1.019e+004 1.019e+004 1.019e+004 1.02e+004 1.02e+004 1.02e+004 1.02e+004 1.021e+004 1.021e+004 1.022e+004 1.019e+004 1.016e+004 1.012e+004 1.008e+004 1.005e+004 1.001e+004 1.001e+004 1.002e+004 1.002e+004 1.002e+004 1e+004 9964 9922 9890 9889 9904 9923 9945 9954 9972 9993 9969 9973 9993 1.001e+004 9998 9982 9973 9970 9958 9933 9934 9938 9933 9929 9934 9937 9938 9941 9945 9933 9952 1.001e+004 9930
1.036e+004 1.036e+004 1.035e+004 1.034e+004 1.032e+004 1.031e+004 1.031e+004 1.031e+004 1.029e+004 1.027e+004 1.025e+004 1.023e+004 1.02e+004 1.019e+004 1.02e+004 1.021e+004 1.019e+004 1.019e+004 1.018e+004 1.019e+004 1.018e+004 1.02e+004 1.02e+004 1.02e+004 1.02e+004 1.02e+004 1.021e+004 1.021e+004 1.021e+004 1.022e+004 1.022e+004 1.023e+004 1.023e+004 1.02e+004 1.016e+004 1.013e+004 1.007e+004 1.004e+004 1.001e+004 1.003e+004 1.004e+004 1.004e+004 1.002e+004 1.002e+004 1e+004 9977 9950 9932 9921 9935 9960 9957 9991 9972 9965 9976 9978 9986 9970 9957 9976 1e+004 9979 9936 9924 9915 9920 9926 9935 9939 9941 9946 9952 9958 9990 9864 9844
1.037e+004 1.036e+004 1.036e+004 1.034e+004 1.033e+004 1.031e+004 1.03e+004 1.029e+004 1.031e+004 1.029e+004 1.027e+004 1.024e+004 1.02e+004 1.02e+004 1.019e+004 1.021e+004 1.021e+004 1.021e+004 1.022e+004 1.022e+004 1.021e+004 1.02e+004 1.02e+004 1.021e+004 1.021e+004 1.022e+004 1.022e+004 1.022e+004 1.022e+004 1.023e+004 1.023e+004 1.025e+004 1.024e+004 1.021e+004 1.019e+004 1.017e+004 1.014e+004 1.006e+004 1.005e+004 1.005e+004 1.005e+004 1.005e+004 1.002e+004 9999 1.002e+004 1.001e+004 9993 9963 9927 9943 9992 9978 9998 9998 9963 9934 9963 9991 9964 9935 9963 9988 9967 9921 9927 9920 9922 9947 9944 9943 9943 9944 9958 9993 9861 9841 9846
1.037e+004 1.036e+004 1.036e+004 1.035e+004 1.034e+004 1.03e+004 1.03e+004 1.031e+004 1.033e+004 1.031e+004 1.028e+004 1.026e+004 1.024e+004 1.022e+004 1.02e+004 1.022e+004 1.023e+004 1.023e+004 1.023e+004 1.023e+004 1.022e+004 1.021e+004 1.021e+004 1.021e+004 1.022e+004 1.023e+004 1.024e+004 1.023e+004 1.023e+004 1.023e+004 1.024e+004 1.024e+004 1.024e+004 1.022e+004 1.02e+004 1.02e+004 1.016e+004 1.011e+004 1.009e+004 1.007e+004 1.005e+004 1.004e+004 1.003e+004 1.002e+004 1.003e+004 1.002e+004 1e+004 9973 9925 9941 9999 9988 1.001e+004 9981 9976 9979 9984 9990 9970 9946 9960 9981 9963 9941 9937 9930 9925 9943 9949 9944 9939 9934 9940 1.002e+004 9872 9852 9852
1.037e+004 1.037e+004 1.036e+004 1.035e+004 1.033e+004 1.03e+004 1.032e+004 1.037e+004 1.034e+004 1.032e+004 1.029e+004 1.027e+004 1.026e+004 1.024e+004 1.024e+004 1.024e+004 1.024e+004 1.024e+004 1.025e+004 1.025e+004 1.023e+004 1.021e+004 1.021e+004 1.024e+004 1.026e+004 1.025e+004 1.025e+004 1.024e+004 1.023e+004 1.023e+004 1.023e+004 1.023e+004 1.023e+004 1.023e+004 1.021e+004 1.018e+004 1.016e+004 1.014e+004 1.011e+004 1.008e+004 1.007e+004 1.008e+004 1.008e+004 1.008e+004 1.005e+004 1.002e+004 1.001e+004 9991 9980 9960 9965 9980 9986 9981 9980 9973 9971 9979 9974 9965 9964 9965 9963 9961 9947 9941 9942 9952 9952 9942 9933 9925 9938 1.002e+004 9902 9856 9861
1.038e+004 1.038e+004 1.037e+004 1.037e+004 1.036e+004 1.036e+004 1.037e+004 1.036e+004 1.034e+004 1.032e+004 1.03e+004 1.028e+004 1.026e+004 1.025e+004 1.025e+004 1.025e+004 1.025e+004 1.026e+004 1.028e+004 1.028e+004 1.025e+004 1.022e+004 1.023e+004 1.026e+004 1.028e+004 1.027e+004 1.025e+004 1.024e+004 1.023e+004 1.022e+004 1.021e+004 1.022e+004 1.025e+004 1.024e+004 1.022e+004 1.017e+004 1.015e+004 1.015e+004 1.013e+004 1.008e+004 1.01e+004 1.011e+004 1.01e+004 1.009e+004 1.006e+004 1.002e+004 9994 9998 9994 9969 9951 9946 9999 1.001e+004 9996 9971 9962 9974 9978 9971 9971 9963 9947 9952 9944 9932 9946 9972 9963 9945 9930 9924 9927 1.003e+004 9962 9873 9874
1.04e+004 1.039e+004 1.039e+004 1.039e+004 1.039e+004 1.04e+004 1.039e+004 1.037e+004 1.034e+004 1.032e+004 1.029e+004 1.026e+004 1.025e+004 1.025e+004 1.027e+004 1.026e+004 1.027e+004 1.03e+004 1.034e+004 1.032e+004 1.027e+004 1.024e+004 1.026e+004 1.027e+004 1.028e+004 1.027e+004 1.025e+004 1.024e+004 1.022e+004 1.021e+004 1.019e+004 1.019e+004 1.021e+004 1.023e+004 1.022e+004 1.019e+004 1.016e+004 1.015e+004 1.012e+004 1.012e+004 1.013e+004 1.013e+004 1.011e+004 1.01e+004 1.007e+004 1.003e+004 9998 1e+004 9989 9980 9970 9972 9950 9985 9998 9976 9957 9975 9987 9982 9970 9962 9958 9943 9940 9944 9958 9966 9960 9951 9940 9929 9928 9991 1.004e+004 9949 9913
1.041e+004 1.04e+004 1.04e+004 1.04e+004 1.04e+004 1.041e+004 1.041e+004 1.04e+004 1.037e+004 1.034e+004 1.031e+004 1.028e+004 1.026e+004 1.027e+004 1.029e+004 1.031e+004 1.033e+004 1.034e+004 1.036e+004 1.033e+004 1.03e+004 1.027e+004 1.028e+004 1.028e+004 1.027e+004 1.026e+004 1.025e+004 1.023e+004 1.021e+004 1.02e+004 1.018e+004 1.017e+004 1.02e+004 1.021e+004 1.02e+004 1.019e+004 1.016e+004 1.013e+004 1.013e+004 1.015e+004 1.014e+004 1.014e+004 1.012e+004 1.009e+004 1.007e+004 1.005e+004 1.004e+004 1.005e+004 1.006e+004 1.001e+004 9988 9991 9940 9967 1e+004 9998 9989 9997 1e+004 9997 9978 9958 9949 9941 9941 9943 9952 9959 9962 9963 9953 9946 9945 9965 1.001e+004 1.009e+004 1.006e+004
1.042e+004 1.042e+004 1.042e+004 1.042e+004 1.043e+004 1.044e+004 1.042e+004 1.039e+004 1.038e+004 1.036e+004 1.034e+004 1.033e+004 1.032e+004 1.031e+004 1.032e+004 1.033e+004 1.032e+004 1.034e+004 1.034e+004 1.033e+004 1.031e+004 1.03e+004 1.03e+004 1.03e+004 1.029e+004 1.027e+004 1.025e+004 1.023e+004 1.021e+004 1.019e+004 1.018e+004 1.018e+004 1.021e+004 1.019e+004 1.015e+004 1.01e+004 1.011e+004 1.01e+004 1.009e+004 1.011e+004 1.012e+004 1.014e+004 1.012e+004 1.01e+004 1.008e+004 1.006e+004 1.004e+004 1.006e+004 1.006e+004 1.002e+004 1.001e+004 1.001e+004 9991 9991 1.003e+004 1.003e+004 1.002e+004 1.001e+004 1.001e+004 1.001e+004 9999 9974 9940 9944 9945 9940 9948 9975 9991 9977 9964 9954 9948 9946 9955 1e+004 1e+004
1.042e+004 1.042e+004 1.043e+004 1.043e+004 1.044e+004 1.045e+004 1.043e+004 1.041e+004 1.039e+004 1.037e+004 1.036e+004 1.034e+004 1.036e+004 1.036e+004 1.034e+004 1.033e+004 1.034e+004 1.033e+004 1.032e+004 1.033e+004 1.033e+004 1.033e+004 1.034e+004 1.032e+004 1.03e+004 1.028e+004 1.025e+004 1.023e+004 1.021e+004 1.019e+004 1.017e+004 1.016e+004 1.017e+004 1.013e+004 1.011e+004 1.007e+004 1.008e+004 1.008e+004 1.005e+004 1.005e+004 1.008e+004 1.009e+004 1.007e+004 1.011e+004 1.008e+004 1.006e+004 1.005e+004 1.006e+004 1.006e+004 1.003e+004 1.001e+004 1.001e+004 9990 9975 1.005e+004 1.004e+004 1.001e+004 1.002e+004 1.003e+004 1.002e+004 9994 9990 9967 9959 9949 9932 9939 9976 9993 9982 9974 9963 9947 9943 9949 9946 9950
1.041e+004 1.042e+004 1.043e+004 1.044e+004 1.043e+004 1.04e+004 1.043e+004 1.042e+004 1.04e+004 1.038e+004 1.037e+004 1.037e+004 1.036e+004 1.036e+004 1.035e+004 1.035e+004 1.033e+004 1.032e+004 1.033e+004 1.032e+004 1.033e+004 1.034e+004 1.035e+004 1.033e+004 1.03e+004 1.027e+004 1.026e+004 1.024e+004 1.021e+004 1.019e+004 1.017e+004 1.015e+004 1.015e+004 1.013e+004 1.014e+004 1.013e+004 1.01e+004 1.006e+004 1.003e+004 1.003e+004 1.004e+004 1.002e+004 1.001e+004 1.008e+004 1.006e+004 1.004e+004 1.003e+004 1.006e+004 1.008e+004 1.007e+004 1.001e+004 1e+004 1e+004 9964 1.002e+004 1.003e+004 1.003e+004 1.003e+004 1.002e+004 1.001e+004 9998 9994 9980 9966 9947 9934 9930 9952 9968 9976 9977 9975 9960 9940 9937 9952 9955
1.041e+004 1.042e+004 1.043e+004 1.044e+004 1.045e+004 1.045e+004 1.045e+004 1.044e+004 1.041e+004 1.038e+004 1.036e+004 1.037e+004 1.034e+004 1.033e+004 1.034e+004 1.034e+004 1.033e+004 1.031e+004 1.031e+004 1.032e+004 1.034e+004 1.037e+004 1.036e+004 1.033e+004 1.03e+004 1.028e+004 1.027e+004 1.025e+004 1.023e+004 1.02e+004 1.018e+004 1.017e+004 1.018e+004 1.017e+004 1.018e+004 1.017e+004 1.01e+004 1.005e+004 1.002e+004 1.002e+004 1.001e+004 9975 9963 1.001e+004 1.002e+004 1e+004 9988 9987 1.003e+004 1.005e+004 1.003e+004 1.001e+004 9996 9983 1.003e+004 1.004e+004 1.003e+004 1.003e+004 1.003e+004 1.003e+004 1.002e+004 1.001e+004 1.001e+004 9988 9949 9944 9952 9960 9959 9970 9979 9989 9987 9937 9933 9960 9970
1.042e+004 1.043e+004 1.044e+004 1.044e+004 1.046e+004 1.047e+004 1.044e+004 1.044e+004 1.041e+004 1.038e+004 1.034e+004 1.031e+004 1.035e+004 1.034e+004 1.035e+004 1.035e+004 1.034e+004 1.032e+004 1.032e+004 1.033e+004 1.034e+004 1.036e+004 1.035e+004 1.032e+004 1.031e+004 1.03e+004 1.028e+004 1.026e+004 1.024e+004 1.023e+004 1.021e+004 1.02e+004 1.021e+004 1.021e+004 1.017e+004 1.012e+004 1.009e+004 1.005e+004 1.003e+004 1.003e+004 1e+004 9960 9937 9964 9976 9974 9961 9943 9995 1.003e+004 1e+004 9990 9997 1.003e+004 1.005e+004 1.004e+004 1.002e+004 1.002e+004 1.003e+004 1.005e+004 1.005e+004 1.002e+004 1.003e+004 1.003e+004 9989 9969 9965 9982 9979 9969 9975 9992 9993 9964 9972 9988 9995
1.042e+004 1.042e+004 1.043e+004 1.044e+004 1.044e+004 1.047e+004 1.044e+004 1.042e+004 1.039e+004 1.037e+004 1.034e+004 1.033e+004 1.034e+004 1.035e+004 1.037e+004 1.038e+004 1.035e+004 1.032e+004 1.033e+004 1.033e+004 1.034e+004 1.035e+004 1.034e+004 1.032e+004 1.031e+004 1.03e+004 1.029e+004 1.028e+004 1.026e+004 1.025e+004 1.025e+004 1.024e+004 1.024e+004 1.021e+004 1.013e+004 1.007e+004 1.006e+004 1.006e+004 1.006e+004 1.004e+004 1.001e+004 9976 9944 9950 9960 9964 9965 9989 1.002e+004 1.001e+004 9967 9988 1e+004 1.002e+004 1.004e+004 1.003e+004 1.002e+004 1.003e+004 1.005e+004 1.008e+004 1.008e+004 1.002e+004 1.002e+004 1.001e+004 1.003e+004 1e+004 9985 1e+004 9981 9951 9958 9979 1e+004 1.001e+004 1e+004 9988 9989
1.042e+004 1.041e+004 1.041e+004 1.042e+004 1.044e+004 1.044e+004 1.042e+004 1.041e+004 1.038e+004 1.036e+004 1.035e+004 1.035e+004 1.035e+004 1.037e+004 1.038e+004 1.039e+004 1.038e+004 1.034e+004 1.034e+004 1.035e+004 1.036e+004 1.036e+004 1.034e+004 1.033e+004 1.032e+004 1.031e+004 1.03e+004 1.029e+004 1.029e+004 1.028e+004 1.027e+004 1.026e+004 1.024e+004 1.02e+004 1.006e+004 1.001e+004 1.004e+004 1.007e+004 1.008e+004 9982 9967 9986 9975 9965 9962 9964 9972 9991 1e+004 9978 9953 9986 9990 9998 1.001e+004 9999 1e+004 1.002e+004 1.005e+004 1.008e+004 1.008e+004 1.005e+004 1.003e+004 1.002e+004 1.005e+004 1.002e+004 1e+004 9992 9958 9921 9931 9944 9970 9998 9979 9975 9974
1.041e+004 1.039e+004 1.039e+004 1.039e+004 1.039e+004 1.039e+004 1.038e+004 1.037e+004 1.036e+004 1.035e+004 1.035e+004 1.036e+004 1.038e+004 1.038e+004 1.038e+004 1.039e+004 1.039e+004 1.039e+004 1.039e+004 1.04e+004 1.04e+004 1.037e+004 1.035e+004 1.033e+004 1.032e+004 1.031e+004 1.03e+004 1.029e+004 1.028e+004 1.028e+004 1.028e+004 1.023e+004 1.019e+004 1.01e+004 9992 9973 1.001e+004 1.005e+004 1.006e+004 9964 9932 9970 9981 9979 9964 9961 9969 9981 9989 9964 9961 9945 9969 9979 9985 9996 1.001e+004 1.003e+004 1.006e+004 1.008e+004 1.01e+004 1.007e+004 1.006e+004 1.007e+004 1.007e+004 1.004e+004 1.003e+004 9996 9913 9894 9918 9936 9954 9965 9970 9978 1e+004
1.036e+004 1.037e+004 1.037e+004 1.036e+004 1.033e+004 1.035e+004 1.038e+004 1.035e+004 1.034e+004 1.033e+004 1.033e+004 1.035e+004 1.038e+004 1.038e+004 1.037e+004 1.037e+004 1.039e+004 1.041e+004 1.041e+004 1.041e+004 1.041e+004 1.039e+004 1.035e+004 1.032e+004 1.033e+004 1.033e+004 1.031e+004 1.028e+004 1.025e+004 1.025e+004 1.023e+004 1.016e+004 1.007e+004 9975 9950 9956 9979 1.001e+004 1.002e+004 9935 9941 9982 9996 9967 9945 9949 9964 9974 9966 9957 9940 9959 9970 9976 9986 1.001e+004 1.003e+004 1.005e+004 1.006e+004 1.008e+004 1.01e+004 1.007e+004 1.008e+004 1.009e+004 1.006e+004 1.006e+004 1.003e+004 9993 9894 9893 9932 9967 9979 9965 9952 9948 9975
1.035e+004 1.036e+004 1.036e+004 1.035e+004 1.035e+004 1.035e+004 1.033e+004 1.032e+004 1.032e+004 1.032e+004 1.031e+004 1.035e+004 1.039e+004 1.039e+004 1.036e+004 1.037e+004 1.038e+004 1.041e+004 1.042e+004 1.041e+004 1.042e+004 1.04e+004 1.038e+004 1.036e+004 1.034e+004 1.033e+004 1.029e+004 1.024e+004 1.019e+004 1.016e+004 1.013e+004 1.007e+004 1.001e+004 9951 9949 9943 9946 9945 9915 9903 9928 9979 9941 9898 9898 9911 9936 9957 9965 9996 9987 9996 9988 9990 9996 1.003e+004 1.005e+004 1.005e+004 1.007e+004 1.01e+004 1.012e+004 1.01e+004 1.009e+004 1.009e+004 1.007e+004 1.005e+004 1.003e+004 9963 9944 9959 9970 9984 9990 9972 9961 9943 9949
1.038e+004 1.038e+004 1.036e+004 1.035e+004 1.035e+004 1.037e+004 1.035e+004 1.033e+004 1.032e+004 1.032e+004 1.032e+004 1.035e+004 1.039e+004 1.039e+004 1.039e+004 1.038e+004 1.038e+004 1.04e+004 1.042e+004 1.039e+004 1.041e+004 1.041e+004 1.04e+004 1.039e+004 1.036e+004 1.031e+004 1.025e+004 1.02e+004 1.013e+004 1.005e+004 9983 9979 9946 9924 9913 9915 9909 9899 9889 9869 9858 9911 9899 9858 9858 9864 9870 9871 9910 9984 9990 9994 1e+004 1.001e+004 1.003e+004 1.005e+004 1.006e+004 1.006e+004 1.009e+004 1.015e+004 1.016e+004 1.013e+004 1.011e+004 1.01e+004 1.008e+004 1.007e+004 1.004e+004 1.002e+004 9989 1.001e+004 1e+004 9991 1.001e+004 9995 9975 9965 9940
1.041e+004 1.039e+004 1.036e+004 1.034e+004 1.034e+004 1.036e+004 1.034e+004 1.033e+004 1.033e+004 1.032e+004 1.032e+004 1.033e+004 1.036e+004 1.039e+004 1.04e+004 1.039e+004 1.038e+004 1.037e+004 1.039e+004 1.038e+004 1.04e+004 1.041e+004 1.041e+004 1.04e+004 1.036e+004 1.03e+004 1.023e+004 1.016e+004 1.008e+004 1e+004 9949 9937 9929 9911 9885 9888 9881 9865 9848 9833 9848 9949 9892 9847 9829 9825 9826 9840 9891 9987 9996 9999 1.001e+004 1.003e+004 1.005e+004 1.008e+004 1.01e+004 1.01e+004 1.01e+004 1.013e+004 1.016e+004 1.015e+004 1.013e+004 1.011e+004 1.009e+004 1.006e+004 1.004e+004 1.002e+004 1.001e+004 1.002e+004 1.002e+004 1.003e+004 1.001e+004 1.001e+004 9984 9973 9965
1.039e+004 1.038e+004 1.035e+004 1.033e+004 1.033e+004 1.034e+004 1.035e+004 1.035e+004 1.035e+004 1.033e+004 1.031e+004 1.032e+004 1.034e+004 1.036e+004 1.04e+004 1.038e+004 1.037e+004 1.036e+004 1.035e+004 1.036e+004 1.039e+004 1.041e+004 1.042e+004 1.041e+004 1.037e+004 1.03e+004 1.023e+004 1.015e+004 1.006e+004 9983 9936 9927 9930 9931 9910 9887 9869 9846 9818 9811 9843 9863 9847 9821 9802 9800 9804 9830 9902 9979 9991 1e+004 1.002e+004 1.006e+004 1.01e+004 1.013e+004 1.014e+004 1.011e+004 1.009e+004 1.008e+004 1.015e+004 1.016e+004 1.013e+004 1.011e+004 1.011e+004 1.008e+004 1.006e+004 1.003e+004 1.003e+004 1.003e+004 1.003e+004 1.004e+004 1.003e+004 1.002e+004 9998 9990 9974
