real_craters/C209-750m.grd
DSAA
429 429
-160.545 160.545
-160.545 160.545
8160.5063372747 11374.469779242
[rows 204 to 237 of 429, columns 231 to 307 of 429]
8697 8707 8715 8719 8718 8707 8701 8698 8707 8712 8713 8715 8716 8717 8717 8718 8724 8735 8750 8766 8779 8794 8810 8829 8861 8935 9058 9191 9260 9321 9420 9539 9604 9610 9602 9600 9626 9657 9678 9692 9720 9832 1.011e+004 1.044e+004 1.062e+004 1.068e+004 1.067e+004 1.063e+004 1.061e+004 1.073e+004 1.079e+004 1.079e+004 1.077e+004 1.067e+004 1.063e+004 1.057e+004 1.047e+004 1.032e+004 1.02e+004 1.017e+004 1.014e+004 1.011e+004 1.008e+004 1.006e+004 1.006e+004 1.006e+004 1.01e+004 1.014e+004 1.018e+004 1.015e+004 1.014e+004 1.016e+004 1.012e+004 1.01e+004 1.01e+004 1.01e+004 1.01e+004
8714 8717 8719 8721 8721 8718 8709 8693 8691 8699 8702 8707 8708 8708 8706 8705 8706 8714 8730 8745 8758 8774 8786 8802 8831 8950 9110 9195 9257 9309 9386 9509 9596 9606 9596 9588 9603 9630 9651 9669 9698 9765 1.005e+004 1.046e+004 1.066e+004 1.067e+004 1.063e+004 1.059e+004 1.056e+004 1.064e+004 1.075e+004 1.081e+004 1.073e+004 1.066e+004 1.063e+004 1.061e+004 1.054e+004 1.04e+004 1.028e+004 1.022e+004 1.018e+004 1.013e+004 1.007e+004 1.003e+004 1.004e+004 1.007e+004 1.009e+004 1.012e+004 1.017e+004 1.017e+004 1.012e+004 1.011e+004 1.012e+004 1.013e+004 1.013e+004 1.009e+004 1.009e+004
8717 8714 8709 8714 8717 8724 8713 8691 8680 8690 8697 8698 8699 8698 8697 8695 8694 8701 8713 8728 8746 8763 8775 8786 8813 8956 9100 9123 9196 9280 9371 9501 9620 9607 9594 9582 9591 9619 9654 9664 9671 9725 1e+004 1.042e+004 1.064e+004 1.063e+004 1.06e+004 1.057e+004 1.054e+004 1.057e+004 1.064e+004 1.072e+004 1.075e+004 1.067e+004 1.064e+004 1.062e+004 1.057e+004 1.05e+004 1.042e+004 1.034e+004 1.024e+004 1.016e+004 1.008e+004 1.003e+004 1.004e+004 1.006e+004 1.011e+004 1.015e+004 1.015e+004 1.013e+004 1.013e+004 1.013e+004 1.014e+004 1.016e+004 1.016e+004 1.014e+004 1.012e+004
8730 8710 8708 8700 8707 8715 8710 8692 8684 8694 8695 8692 8691 8690 8690 8689 8692 8695 8696 8702 8730 8786 8768 8781 8820 8911 9023 9078 9160 9257 9344 9474 9597 9603 9590 9579 9584 9606 9639 9654 9668 9707 9948 1.023e+004 1.042e+004 1.056e+004 1.059e+004 1.057e+004 1.056e+004 1.06e+004 1.067e+004 1.068e+004 1.075e+004 1.066e+004 1.066e+004 1.065e+004 1.062e+004 1.059e+004 1.054e+004 1.042e+004 1.03e+004 1.019e+004 1.01e+004 1.005e+004 1.004e+004 1.008e+004 1.011e+004 1.013e+004 1.012e+004 1.011e+004 1.014e+004 1.016e+004 1.017e+004 1.018e+004 1.018e+004 1.016e+004 1.015e+004
8723 8704 8704 8698 8701 8706 8706 8697 8685 8688 8687 8685 8684 8684 8684 8685 8688 8695 8676 8655 8640 8658 8719 8774 8835 8888 8977 9057 9145 9237 9314 9428 9531 9576 9584 9563 9555 9584 9614 9632 9650 9727 9955 1.022e+004 1.043e+004 1.058e+004 1.06e+004 1.058e+004 1.056e+004 1.06e+004 1.072e+004 1.069e+004 1.07e+004 1.066e+004 1.066e+004 1.069e+004 1.067e+004 1.064e+004 1.06e+004 1.049e+004 1.036e+004 1.023e+004 1.011e+004 1.005e+004 1.006e+004 1.008e+004 1.009e+004 1.009e+004 1.008e+004 1.01e+004 1.013e+004 1.015e+004 1.017e+004 1.018e+004 1.019e+004 1.015e+004 1.014e+004
8717 8713 8704 8699 8701 8704 8704 8700 8678 8678 8676 8676 8676 8675 8676 8678 8682 8682 8657 8616 8571 8575 8671 8770 8866 8913 8983 9062 9142 9225 9294 9391 9449 9519 9577 9562 9556 9577 9596 9637 9667 9760 1e+004 1.033e+004 1.064e+004 1.066e+004 1.063e+004 1.058e+004 1.054e+004 1.056e+004 1.066e+004 1.069e+004 1.058e+004 1.06e+004 1.064e+004 1.066e+004 1.067e+004 1.065e+004 1.062e+004 1.053e+004 1.04e+004 1.026e+004 1.013e+004 1.005e+004 1.005e+004 1.006e+004 1.006e+004 1.007e+004 1.008e+004 1.01e+004 1.011e+004 1.013e+004 1.016e+004 1.018e+004 1.019e+004 1.016e+004 1.013e+004
8722 8715 8709 8703 8698 8697 8696 8689 8676 8665 8666 8668 8668 8668 8668 8668 8668 8676 8652 8605 8566 8585 8668 8771 8881 8947 9000 9071 9166 9232 9308 9368 9450 9441 9502 9570 9595 9605 9635 9711 9726 9796 1.005e+004 1.037e+004 1.064e+004 1.068e+004 1.064e+004 1.058e+004 1.053e+004 1.051e+004 1.06e+004 1.061e+004 1.055e+004 1.053e+004 1.059e+004 1.067e+004 1.065e+004 1.062e+004 1.058e+004 1.051e+004 1.042e+004 1.029e+004 1.017e+004 1.009e+004 1.008e+004 1.009e+004 1.008e+004 1.01e+004 1.01e+004 1.011e+004 1.011e+004 1.012e+004 1.015e+004 1.017e+004 1.019e+004 1.018e+004 1.016e+004
8729 8724 8714 8704 8695 8689 8687 8685 8673 8654 8661 8661 8661 8661 8660 8659 8659 8675 8656 8610 8573 8598 8677 8766 8839 8950 9005 9056 9083 9173 9252 9322 9373 9429 9536 9578 9615 9641 9696 9805 9799 9845 1.005e+004 1.034e+004 1.059e+004 1.065e+004 1.063e+004 1.058e+004 1.054e+004 1.053e+004 1.055e+004 1.056e+004 1.057e+004 1.05e+004 1.053e+004 1.058e+004 1.059e+004 1.058e+004 1.054e+004 1.049e+004 1.043e+004 1.032e+004 1.021e+004 1.011e+004 1.008e+004 1.01e+004 1.011e+004 1.011e+004 1.012e+004 1.015e+004 1.014e+004 1.015e+004 1.018e+004 1.018e+004 1.017e+004 1.016e+004 1.015e+004
8732 8726 8715 8704 8697 8691 8684 8672 8660 8649 8653 8654 8656 8656 8656 8654 8655 8663 8659 8636 8599 8631 8699 8777 8866 8926 8999 9069 9115 9183 9253 9325 9388 9452 9529 9587 9628 9655 9700 9762 9763 9841 1.005e+004 1.029e+004 1.049e+004 1.059e+004 1.06e+004 1.057e+004 1.054e+004 1.053e+004 1.054e+004 1.055e+004 1.055e+004 1.05e+004 1.05e+004 1.051e+004 1.054e+004 1.054e+004 1.051e+004 1.048e+004 1.042e+004 1.036e+004 1.029e+004 1.022e+004 1.016e+004 1.013e+004 1.012e+004 1.013e+004 1.015e+004 1.016e+004 1.015e+004 1.015e+004 1.017e+004 1.017e+004 1.015e+004 1.013e+004 1.016e+004
8730 8726 8716 8706 8696 8688 8679 8664 8655 8647 8646 8650 8651 8651 8651 8651 8653 8659 8666 8680 8726 8711 8728 8770 8819 8890 9000 9115 9224 9252 9280 9338 9397 9462 9544 9603 9644 9648 9666 9701 9752 9859 1.004e+004 1.025e+004 1.044e+004 1.055e+004 1.057e+004 1.056e+004 1.054e+004 1.052e+004 1.054e+004 1.053e+004 1.053e+004 1.049e+004 1.05e+004 1.051e+004 1.052e+004 1.051e+004 1.05e+004 1.047e+004 1.043e+004 1.038e+004 1.033e+004 1.026e+004 1.022e+004 1.019e+004 1.018e+004 1.014e+004 1.011e+004 1.017e+004 1.016e+004 1.013e+004 1.014e+004 1.015e+004 1.016e+004 1.017e+004 1.019e+004
8723 8724 8721 8708 8693 8682 8673 8660 8652 8649 8650 8650 8649 8648 8647 8647 8650 8653 8655 8678 8713 8726 8732 8751 8778 8868 9007 9154 9287 9320 9328 9365 9434 9504 9570 9609 9625 9630 9647 9681 9737 9855 1.002e+004 1.022e+004 1.04e+004 1.051e+004 1.054e+004 1.054e+004 1.05e+004 1.052e+004 1.051e+004 1.052e+004 1.053e+004 1.05e+004 1.051e+004 1.052e+004 1.05e+004 1.049e+004 1.049e+004 1.049e+004 1.046e+004 1.043e+004 1.037e+004 1.03e+004 1.025e+004 1.022e+004 1.02e+004 1.016e+004 1.014e+004 1.017e+004 1.017e+004 1.016e+004 1.016e+004 1.016e+004 1.016e+004 1.018e+004 1.02e+004
8716 8726 8721 8706 8692 8680 8668 8658 8656 8654 8654 8650 8648 8645 8643 8642 8641 8639 8638 8649 8653 8691 8718 8741 8764 8857 9012 9179 9311 9366 9365 9408 9496 9551 9581 9606 9617 9618 9630 9663 9710 9835 1e+004 1.02e+004 1.037e+004 1.048e+004 1.052e+004 1.051e+004 1.047e+004 1.047e+004 1.044e+004 1.044e+004 1.048e+004 1.046e+004 1.045e+004 1.045e+004 1.047e+004 1.048e+004 1.048e+004 1.048e+004 1.051e+004 1.05e+004 1.045e+004 1.041e+004 1.033e+004 1.026e+004 1.021e+004 1.018e+004 1.016e+004 1.02e+004 1.018e+004 1.014e+004 1.013e+004 1.012e+004 1.015e+004 1.019e+004 1.021e+004
8717 8715 8710 8697 8686 8678 8672 8667 8663 8661 8656 8649 8645 8642 8637 8634 8631 8629 8634 8642 8657 8679 8703 8731 8746 8846 9013 9199 9399 9497 9424 9460 9539 9562 9591 9623 9608 9593 9609 9637 9680 9820 9992 1.018e+004 1.035e+004 1.046e+004 1.05e+004 1.044e+004 1.043e+004 1.041e+004 1.039e+004 1.039e+004 1.04e+004 1.039e+004 1.038e+004 1.04e+004 1.043e+004 1.046e+004 1.048e+004 1.049e+004 1.053e+004 1.053e+004 1.05e+004 1.041e+004 1.034e+004 1.027e+004 1.022e+004 1.016e+004 1.017e+004 1.019e+004 1.018e+004 1.013e+004 1.011e+004 1.01e+004 1.011e+004 1.014e+004 1.015e+004
8724 8717 8707 8691 8674 8673 8672 8677 8668 8660 8651 8648 8642 8637 8631 8626 8620 8616 8620 8636 8656 8672 8690 8703 8722 8839 9003 9181 9352 9460 9558 9541 9551 9572 9591 9610 9599 9589 9598 9627 9708 9840 9997 1.018e+004 1.034e+004 1.047e+004 1.048e+004 1.041e+004 1.038e+004 1.036e+004 1.032e+004 1.034e+004 1.031e+004 1.033e+004 1.035e+004 1.037e+004 1.04e+004 1.044e+004 1.048e+004 1.051e+004 1.053e+004 1.051e+004 1.046e+004 1.036e+004 1.029e+004 1.026e+004 1.023e+004 1.023e+004 1.022e+004 1.021e+004 1.018e+004 1.014e+004 1.01e+004 1.006e+004 1.007e+004 1.009e+004 1.009e+004
8738 8723 8710 8687 8667 8665 8670 8669 8667 8660 8653 8646 8640 8633 8625 8619 8612 8611 8620 8632 8647 8669 8687 8702 8743 8847 8991 9146 9296 9455 9630 9620 9586 9589 9593 9600 9596 9606 9612 9653 9764 9886 1.002e+004 1.017e+004 1.031e+004 1.042e+004 1.042e+004 1.036e+004 1.033e+004 1.031e+004 1.03e+004 1.03e+004 1.028e+004 1.029e+004 1.031e+004 1.034e+004 1.038e+004 1.043e+004 1.048e+004 1.052e+004 1.054e+004 1.05e+004 1.045e+004 1.034e+004 1.027e+004 1.026e+004 1.025e+004 1.027e+004 1.025e+004 1.023e+004 1.019e+004 1.013e+004 1.008e+004 1.004e+004 1.005e+004 1.006e+004 1.004e+004
8749 8733 8706 8688 8668 8657 8650 8663 8662 8663 8666 8652 8639 8631 8624 8615 8607 8603 8609 8630 8652 8674 8697 8722 8754 8856 8984 9117 9248 9404 9570 9598 9591 9610 9632 9611 9604 9618 9639 9705 9832 9939 1.005e+004 1.016e+004 1.026e+004 1.031e+004 1.034e+004 1.031e+004 1.029e+004 1.028e+004 1.029e+004 1.028e+004 1.026e+004 1.027e+004 1.027e+004 1.031e+004 1.036e+004 1.042e+004 1.047e+004 1.052e+004 1.053e+004 1.05e+004 1.042e+004 1.031e+004 1.024e+004 1.023e+004 1.025e+004 1.028e+004 1.027e+004 1.023e+004 1.019e+004 1.013e+004 1.011e+004 1.009e+004 1.007e+004 1.004e+004 1.002e+004
8753 8719 8717 8699 8676 8659 8643 8641 8654 8663 8669 8649 8639 8632 8624 8615 8607 8600 8608 8626 8653 8683 8711 8743 8785 8876 8985 9099 9203 9281 9494 9575 9596 9620 9639 9626 9635 9670 9688 9771 9904 1e+004 1.008e+004 1.017e+004 1.023e+004 1.026e+004 1.028e+004 1.027e+004 1.027e+004 1.026e+004 1.028e+004 1.03e+004 1.027e+004 1.027e+004 1.027e+004 1.03e+004 1.034e+004 1.04e+004 1.046e+004 1.05e+004 1.05e+004 1.049e+004 1.039e+004 1.03e+004 1.025e+004 1.024e+004 1.026e+004 1.026e+004 1.027e+004 1.02e+004 1.012e+004 1.011e+004 1.009e+004 1.011e+004 1.009e+004 1.005e+004 1.003e+004
8748 8729 8720 8697 8680 8666 8657 8648 8654 8662 8661 8650 8643 8636 8629 8620 8611 8601 8603 8631 8666 8698 8729 8760 8825 8907 9012 9121 9221 9311 9472 9557 9591 9625 9646 9644 9661 9707 9749 9877 1.001e+004 1.008e+004 1.015e+004 1.019e+004 1.023e+004 1.024e+004 1.025e+004 1.024e+004 1.025e+004 1.026e+004 1.024e+004 1.025e+004 1.027e+004 1.028e+004 1.027e+004 1.028e+004 1.034e+004 1.039e+004 1.044e+004 1.048e+004 1.05e+004 1.041e+004 1.029e+004 1.026e+004 1.023e+004 1.02e+004 1.026e+004 1.027e+004 1.025e+004 1.02e+004 1.013e+004 1.011e+004 1.01e+004 1.01e+004 1.008e+004 1.007e+004 1.008e+004
8757 8732 8722 8694 8682 8670 8658 8653 8660 8666 8669 8664 8653 8644 8638 8631 8626 8621 8625 8655 8687 8719 8753 8793 8855 8941 9047 9160 9276 9413 9501 9541 9594 9631 9657 9672 9690 9763 9836 9998 1.013e+004 1.016e+004 1.021e+004 1.024e+004 1.026e+004 1.026e+004 1.026e+004 1.024e+004 1.024e+004 1.023e+004 1.023e+004 1.023e+004 1.027e+004 1.032e+004 1.033e+004 1.03e+004 1.035e+004 1.039e+004 1.042e+004 1.044e+004 1.043e+004 1.035e+004 1.025e+004 1.023e+004 1.021e+004 1.02e+004 1.026e+004 1.027e+004 1.029e+004 1.024e+004 1.017e+004 1.015e+004 1.015e+004 1.012e+004 1.009e+004 1.01e+004 1.009e+004
8748 8733 8713 8703 8689 8678 8670 8668 8670 8673 8676 8669 8659 8652 8647 8644 8645 8651 8667 8685 8709 8738 8772 8809 8877 8974 9084 9197 9313 9424 9489 9516 9587 9636 9675 9711 9752 9846 9941 1.009e+004 1.021e+004 1.027e+004 1.029e+004 1.03e+004 1.031e+004 1.029e+004 1.027e+004 1.025e+004 1.023e+004 1.022e+004 1.022e+004 1.023e+004 1.025e+004 1.037e+004 1.043e+004 1.037e+004 1.039e+004 1.04e+004 1.041e+004 1.04e+004 1.036e+004 1.028e+004 1.025e+004 1.026e+004 1.024e+004 1.023e+004 1.026e+004 1.027e+004 1.03e+004 1.029e+004 1.023e+004 1.019e+004 1.015e+004 1.014e+004 1.015e+004 1.01e+004 1.01e+004
8744 8733 8725 8709 8694 8675 8675 8676 8676 8676 8679 8678 8666 8657 8654 8656 8661 8673 8692 8704 8727 8755 8789 8833 8908 9004 9112 9223 9332 9423 9479 9512 9582 9656 9700 9753 9844 9918 1.006e+004 1.025e+004 1.034e+004 1.037e+004 1.038e+004 1.037e+004 1.036e+004 1.033e+004 1.03e+004 1.028e+004 1.024e+004 1.021e+004 1.025e+004 1.027e+004 1.033e+004 1.041e+004 1.05e+004 1.05e+004 1.045e+004 1.041e+004 1.039e+004 1.037e+004 1.032e+004 1.026e+004 1.022e+004 1.022e+004 1.024e+004 1.026e+004 1.027e+004 1.027e+004 1.031e+004 1.031e+004 1.027e+004 1.021e+004 1.016e+004 1.014e+004 1.014e+004 1.016e+004 1.014e+004
8739 8730 8725 8712 8695 8678 8672 8673 8673 8675 8673 8661 8657 8657 8660 8667 8675 8686 8693 8713 8741 8771 8806 8863 8938 9030 9131 9236 9336 9419 9469 9500 9627 9692 9724 9780 9867 1e+004 1.024e+004 1.043e+004 1.049e+004 1.048e+004 1.045e+004 1.042e+004 1.04e+004 1.037e+004 1.036e+004 1.031e+004 1.029e+004 1.029e+004 1.036e+004 1.039e+004 1.047e+004 1.055e+004 1.056e+004 1.054e+004 1.046e+004 1.04e+004 1.037e+004 1.035e+004 1.033e+004 1.032e+004 1.029e+004 1.023e+004 1.024e+004 1.024e+004 1.024e+004 1.026e+004 1.028e+004 1.027e+004 1.026e+004 1.022e+004 1.017e+004 1.014e+004 1.011e+004 1.013e+004 1.013e+004
8732 8724 8716 8710 8696 8681 8673 8673 8674 8676 8678 8678 8658 8658 8665 8676 8686 8698 8712 8731 8758 8790 8824 8878 8961 9049 9143 9240 9336 9430 9520 9532 9586 9668 9736 9800 9910 1.014e+004 1.049e+004 1.068e+004 1.061e+004 1.055e+004 1.05e+004 1.046e+004 1.043e+004 1.04e+004 1.036e+004 1.035e+004 1.035e+004 1.036e+004 1.044e+004 1.052e+004 1.062e+004 1.066e+004 1.057e+004 1.047e+004 1.042e+004 1.038e+004 1.035e+004 1.033e+004 1.033e+004 1.035e+004 1.035e+004 1.03e+004 1.025e+004 1.024e+004 1.022e+004 1.022e+004 1.022e+004 1.023e+004 1.024e+004 1.022e+004 1.019e+004 1.016e+004 1.014e+004 1.012e+004 1.011e+004
8729 8719 8713 8708 8694 8683 8678 8675 8675 8675 8676 8675 8654 8659 8672 8685 8698 8711 8729 8750 8778 8810 8854 8930 8992 9072 9152 9238 9328 9412 9487 9525 9558 9666 9757 9849 9978 1.025e+004 1.066e+004 1.075e+004 1.065e+004 1.059e+004 1.053e+004 1.049e+004 1.047e+004 1.045e+004 1.043e+004 1.043e+004 1.042e+004 1.044e+004 1.048e+004 1.06e+004 1.063e+004 1.056e+004 1.05e+004 1.043e+004 1.037e+004 1.033e+004 1.031e+004 1.03e+004 1.029e+004 1.028e+004 1.028e+004 1.029e+004 1.025e+004 1.024e+004 1.023e+004 1.02e+004 1.019e+004 1.019e+004 1.021e+004 1.021e+004 1.018e+004 1.015e+004 1.012e+004 1.011e+004 1.011e+004
8727 8717 8711 8708 8687 8683 8679 8677 8676 8673 8670 8663 8657 8668 8682 8696 8711 8726 8740 8765 8796 8835 8885 8943 9014 9083 9153 9226 9303 9379 9460 9496 9561 9696 9785 9878 1.002e+004 1.029e+004 1.056e+004 1.056e+004 1.057e+004 1.056e+004 1.053e+004 1.05e+004 1.049e+004 1.049e+004 1.051e+004 1.051e+004 1.048e+004 1.05e+004 1.059e+004 1.068e+004 1.064e+004 1.052e+004 1.041e+004 1.036e+004 1.032e+004 1.029e+004 1.028e+004 1.027e+004 1.026e+004 1.025e+004 1.024e+004 1.023e+004 1.023e+004 1.024e+004 1.023e+004 1.021e+004 1.02e+004 1.019e+004 1.019e+004 1.018e+004 1.017e+004 1.015e+004 1.013e+004 1.011e+004 1.01e+004
8737 8722 8714 8693 8679 8684 8680 8674 8669 8668 8667 8666 8670 8683 8697 8713 8728 8741 8755 8772 8810 8879 8912 8977 9044 9099 9154 9210 9268 9331 9405 9478 9586 9700 9829 9941 1.009e+004 1.034e+004 1.045e+004 1.045e+004 1.05e+004 1.053e+004 1.053e+004 1.052e+004 1.052e+004 1.053e+004 1.054e+004 1.055e+004 1.056e+004 1.059e+004 1.067e+004 1.069e+004 1.062e+004 1.045e+004 1.035e+004 1.03e+004 1.026e+004 1.024e+004 1.024e+004 1.023e+004 1.024e+004 1.024e+004 1.025e+004 1.023e+004 1.022e+004 1.023e+004 1.022e+004 1.021e+004 1.02e+004 1.019e+004 1.019e+004 1.018e+004 1.017e+004 1.016e+004 1.015e+004 1.011e+004 1.011e+004
8735 8722 8703 8681 8681 8680 8678 8671 8661 8664 8671 8676 8687 8700 8714 8730 8746 8760 8770 8781 8838 8978 9070 9085 9088 9113 9151 9193 9237 9282 9350 9457 9583 9761 9917 1.006e+004 1.021e+004 1.043e+004 1.046e+004 1.046e+004 1.05e+004 1.053e+004 1.054e+004 1.054e+004 1.054e+004 1.055e+004 1.056e+004 1.058e+004 1.065e+004 1.068e+004 1.07e+004 1.068e+004 1.062e+004 1.048e+004 1.035e+004 1.027e+004 1.022e+004 1.021e+004 1.021e+004 1.02e+004 1.021e+004 1.02e+004 1.019e+004 1.019e+004 1.019e+004 1.021e+004 1.02e+004 1.018e+004 1.017e+004 1.016e+004 1.017e+004 1.018e+004 1.017e+004 1.016e+004 1.013e+004 1.008e+004 1.008e+004
8720 8711 8695 8680 8679 8680 8678 8672 8667 8670 8679 8691 8703 8716 8731 8748 8767 8787 8805 8823 8938 9075 9167 9116 9120 9132 9161 9189 9216 9255 9328 9466 9630 9853 1.004e+004 1.02e+004 1.036e+004 1.045e+004 1.049e+004 1.053e+004 1.055e+004 1.055e+004 1.056e+004 1.056e+004 1.055e+004 1.056e+004 1.057e+004 1.058e+004 1.062e+004 1.063e+004 1.061e+004 1.056e+004 1.049e+004 1.039e+004 1.03e+004 1.023e+004 1.02e+004 1.018e+004 1.018e+004 1.018e+004 1.018e+004 1.018e+004 1.018e+004 1.017e+004 1.017e+004 1.017e+004 1.016e+004 1.017e+004 1.017e+004 1.014e+004 1.016e+004 1.016e+004 1.016e+004 1.015e+004 1.014e+004 1.009e+004 1.008e+004
8719 8704 8687 8679 8680 8684 8682 8677 8672 8678 8690 8703 8716 8729 8745 8765 8787 8815 8842 8872 9016 9080 9106 9114 9131 9141 9163 9189 9213 9248 9364 9530 9749 9992 1.016e+004 1.031e+004 1.056e+004 1.05e+004 1.054e+004 1.062e+004 1.061e+004 1.059e+004 1.057e+004 1.055e+004 1.055e+004 1.055e+004 1.056e+004 1.058e+004 1.053e+004 1.047e+004 1.042e+004 1.041e+004 1.037e+004 1.029e+004 1.021e+004 1.018e+004 1.016e+004 1.015e+004 1.015e+004 1.015e+004 1.015e+004 1.015e+004 1.018e+004 1.016e+004 1.016e+004 1.017e+004 1.018e+004 1.018e+004 1.019e+004 1.018e+004 1.017e+004 1.017e+004 1.016e+004 1.015e+004 1.012e+004 1.008e+004 1.005e+004
8711 8701 8694 8688 8687 8687 8687 8685 8686 8692 8703 8717 8729 8740 8757 8779 8804 8838 8873 8897 8981 9073 9111 9126 9137 9148 9168 9189 9225 9273 9384 9545 9783 1.005e+004 1.024e+004 1.04e+004 1.061e+004 1.053e+004 1.06e+004 1.066e+004 1.064e+004 1.06e+004 1.057e+004 1.054e+004 1.053e+004 1.052e+004 1.052e+004 1.054e+004 1.043e+004 1.034e+004 1.029e+004 1.031e+004 1.029e+004 1.022e+004 1.014e+004 1.012e+004 1.012e+004 1.012e+004 1.012e+004 1.013e+004 1.014e+004 1.014e+004 1.015e+004 1.015e+004 1.016e+004 1.017e+004 1.016e+004 1.017e+004 1.018e+004 1.018e+004 1.018e+004 1.018e+004 1.017e+004 1.013e+004 1.009e+004 1.008e+004 1.005e+004
8719 8710 8703 8698 8692 8691 8693 8695 8698 8705 8717 8732 8745 8752 8771 8796 8822 8853 8895 8943 9027 9078 9110 9132 9153 9171 9191 9218 9256 9320 9452 9590 9796 1.004e+004 1.025e+004 1.044e+004 1.065e+004 1.056e+004 1.055e+004 1.061e+004 1.061e+004 1.058e+004 1.054e+004 1.052e+004 1.05e+004 1.048e+004 1.045e+004 1.039e+004 1.034e+004 1.031e+004 1.028e+004 1.025e+004 1.022e+004 1.018e+004 1.012e+004 1.009e+004 1.009e+004 1.01e+004 1.011e+004 1.011e+004 1.011e+004 1.012e+004 1.014e+004 1.013e+004 1.014e+004 1.015e+004 1.015e+004 1.016e+004 1.017e+004 1.018e+004 1.016e+004 1.016e+004 1.014e+004 1.012e+004 1.009e+004 1.008e+004 1.008e+004
8728 8720 8714 8703 8698 8699 8702 8707 8711 8720 8731 8747 8762 8768 8790 8821 8849 8865 8914 9006 9037 9051 9098 9141 9171 9193 9218 9243 9284 9376 9544 9658 9897 1.01e+004 1.026e+004 1.049e+004 1.058e+004 1.059e+004 1.057e+004 1.057e+004 1.055e+004 1.052e+004 1.049e+004 1.048e+004 1.047e+004 1.045e+004 1.041e+004 1.035e+004 1.032e+004 1.034e+004 1.029e+004 1.022e+004 1.015e+004 1.015e+004 1.013e+004 1.01e+004 1.01e+004 1.01e+004 1.01e+004 1.01e+004 1.011e+004 1.011e+004 1.011e+004 1.011e+004 1.012e+004 1.012e+004 1.012e+004 1.013e+004 1.014e+004 1.015e+004 1.013e+004 1.013e+004 1.013e+004 1.013e+004 1.011e+004 1.01e+004 1.009e+004
8734 8726 8719 8709 8705 8710 8716 8722 8727 8730 8749 8763 8775 8781 8811 8855 8901 8937 8989 9060 9083 9091 9130 9163 9195 9221 9247 9271 9308 9383 9588 9747 9954 1.012e+004 1.026e+004 1.045e+004 1.051e+004 1.053e+004 1.048e+004 1.044e+004 1.042e+004 1.043e+004 1.043e+004 1.043e+004 1.043e+004 1.041e+004 1.04e+004 1.039e+004 1.038e+004 1.036e+004 1.028e+004 1.019e+004 1.013e+004 1.013e+004 1.01e+004 1.01e+004 1.01e+004 1.01e+004 1.01e+004 1.009e+004 1.008e+004 1.008e+004 1.007e+004 1.01e+004 1.01e+004 1.011e+004 1.011e+004 1.011e+004 1.01e+004 1.012e+004 1.012e+004 1.013e+004 1.014e+004 1.014e+004 1.015e+004 1.012e+004 1.01e+004
8738 8733 8722 8715 8714 8722 8732 8742 8752 8764 8776 8785 8792 8800 8843 8895 8957 9047 9085 9111 9132 9135 9162 9200 9232 9262 9292 9325 9368 9458 9626 9789 9932 1.008e+004 1.033e+004 1.04e+004 1.034e+004 1.039e+004 1.038e+004 1.036e+004 1.034e+004 1.036e+004 1.037e+004 1.037e+004 1.037e+004 1.037e+004 1.038e+004 1.041e+004 1.036e+004 1.029e+004 1.022e+004 1.016e+004 1.012e+004 1.012e+004 1.01e+004 1.01e+004 1.01e+004 1.01e+004 1.009e+004 1.007e+004 1.006e+004 1.005e+004 1.007e+004 1.01e+004 1.01e+004 1.009e+004 1.01e+004 1.009e+004 1.008e+004 1.008e+004 1.013e+004 1.014e+004 1.014e+004 1.015e+004 1.016e+004 1.016e+004 1.016e+004
