real_craters/C209-1000m.grd
DSAA
184 184
-91.74 91.74
-91.74 91.74
2435.3871053925 5062.4674212897
[rows 60 to 89 of 184, columns 0 to 66 of 184]
4000.79 4002.51 3998.04 4003.4 4007.72 4012.91 4011.91 4018.96 4027.58 4052.92 4047.51 4022.32 4016.14 4015.58 4019.5 4024.65 4022.57 4021.3 4023.24 4014.44 4000.88 3994.99 3989 3986.7 3986.61 4000.39 4025.1 4046.78 4062.68 4063.42 4057.78 4085.85 4146.26 4189.98 4191.59 4190.58 4190.16 4178.22 4158.4 4149.52 4123.72 4113.19 4111.07 4107.25 4099.52 4087.72 4072.59 4062.25 4066.18 4078.08 4079.26 4065.77 4079.4 4072.82 4075.8 4078.66 4070.43 4072.46 4051.23 4045.59 4079.7 4113.32 4201.27 4281.43 4282.76 4239.91 4214.17
4001.6 4001.62 4002.43 4007.22 4007.78 4015.73 4013.39 4015.92 4021.83 4056.84 4056.27 4032.66 4017.71 4021.04 4022.75 4025.35 4018.87 4021.41 4017.84 4010.6 4003.77 3992.54 3988.04 3986.79 3983.03 3987.5 4008.71 4032.09 4054.4 4054.46 4046.38 4073.19 4125.39 4168.66 4175.41 4177.85 4177.5 4173.57 4147.87 4142.78 4119.76 4108.72 4100.27 4091.53 4085.96 4077.83 4078.31 4063.66 4067.68 4075.11 4060.9 4065.89 4089.25 4081.18 4081.92 4081.72 4095.06 4095.87 4085.12 4059.04 4096.74 4198.17 4376.44 4413.35 4337.23 4306.77 4237.43
4009.69 4011.12 4020.72 4001.65 4011.72 4010.09 4013.79 4015 4014.4 4035.98 4046.91 4027.41 4018.44 4023.56 4027.12 4024.24 4020.83 4020.99 4014.89 4008.02 3995.86 3989.45 3989.1 3986.75 3980.77 3977.96 3988.18 4016.15 4041.64 4045.75 4044.8 4065.15 4101.54 4126.71 4154.42 4163.86 4158.8 4146.92 4152.78 4120.95 4121.49 4108.87 4094.83 4088.84 4079.62 4079.46 4092.72 4069.7 4065.03 4064.15 4068.48 4073.98 4076.72 4082.09 4087.87 4089.92 4108.02 4110.05 4098.85 4082.7 4144.82 4257.65 4407.85 4299.26 4290.24 4303.06 4267.44
4021.47 4026.18 4035.27 4007.82 4010.02 4007.71 4011.67 4015.83 4012.67 4016.63 4024.38 4018.86 4021.71 4016.85 4021.56 4021.86 4021.14 4017.03 4014.68 4005.89 4000.49 3993.42 3988.72 3985.07 3981.16 3974.85 3976.86 3999.56 4032.65 4033.34 4038.11 4055.43 4082.27 4122.14 4146.23 4165.42 4168.8 4146.68 4129.42 4110.34 4116.76 4106.34 4088.87 4077.04 4075.07 4079.93 4097.34 4070.4 4050.17 4053.44 4058.44 4066.53 4071.56 4078.87 4097.81 4083.37 4098.85 4099.37 4094.82 4101.27 4127.81 4238.58 4287.14 4306.08 4290.11 4265.93 4253.86
4022.95 4027.51 4039.47 4021.81 4015.67 4011.23 4011.49 4012.87 4011.98 4019.63 4020.37 4017.93 4019.33 4017.51 4020.99 4020.41 4018.13 4012.5 4010.71 4005.17 3999.8 3993.14 3985.09 3975.84 3974.44 3974.12 3971.98 3979.64 3986.62 4008.1 4024.26 4046.39 4067.55 4099.85 4137.05 4174.38 4207.9 4191.31 4140.26 4123.21 4100.94 4101.43 4092.31 4079.07 4075.28 4072.52 4074.28 4069.23 4055.53 4054.02 4055.04 4058.23 4066.82 4075.2 4085.75 4077.78 4085.64 4090.24 4090.82 4101.84 4135.63 4147.67 4253.44 4307.11 4312.65 4235.98 4216.27
4025.26 4027.04 4041.96 4028.57 4025.86 4019.3 4011.92 4009.98 4008.12 4016.85 4019.23 4020.81 4019.03 4017.5 4018.65 4020.58 4020.06 4013.38 4008.25 4001.56 3996.22 3983.76 3978.05 3974.12 3974.97 3976.37 3978.97 3975.18 3974.04 3987.04 4002.37 4022.35 4053.72 4089.48 4128.35 4170.19 4211.47 4218.13 4182.94 4149.92 4105.19 4098.93 4091.48 4085.23 4078.74 4082.74 4087.6 4078.19 4059.9 4058.16 4060.13 4059.43 4064.95 4074.4 4071.19 4084.24 4088.35 4088.55 4095.66 4098.62 4112.25 4138.88 4166.22 4249.44 4233.05 4205.16 4185.19
4023.18 4030.27 4047.04 4031.57 4027.58 4027.11 4016.13 4007.88 4011.61 4011.51 4015.2 4019.01 4018.68 4017.51 4016.26 4020.18 4020.68 4015.98 4010.12 4002.17 3998.18 3988.5 3978.93 3976.69 3975.02 3979.37 3979.72 3974.07 3970.31 3975.06 3980.98 3989.98 4031.05 4071.19 4105.11 4146.52 4190.84 4212.36 4194.37 4167.9 4136.18 4107.93 4085.08 4080.86 4075.08 4066.85 4074.68 4083.05 4078.52 4072.45 4075.5 4080.51 4081.28 4085.23 4088.4 4089.44 4096.22 4094.14 4095.18 4100.21 4098.32 4121.95 4138.96 4162.75 4171.44 4181.88 4187.39
4025.93 4028.28 4045.77 4029.07 4026.85 4029.57 4027.95 4009.19 4005.92 4013.46 4013.91 4016.69 4018.03 4022.79 4023.43 4023.57 4027.91 4019.36 4009.1 4004.66 3999.63 3991.63 3982.38 3980.87 3977.93 3978.85 3977 3972.3 3970.33 3972.93 3974.67 3976.18 3998.8 4026.46 4057.2 4106.83 4159.99 4193.36 4191.79 4170.97 4148.97 4127.93 4103.54 4092.85 4082.3 4066.54 4069.01 4082.13 4084.04 4091.38 4090.97 4091.06 4097.29 4086.71 4083.81 4098.23 4092.78 4086.1 4091.06 4103.2 4094.38 4107.56 4124.6 4138.48 4140.23 4165.35 4184.7
4022.14 4020.33 4038.02 4026.19 4027.78 4023.42 4030.54 4020.06 4009.53 4010.43 4010.3 4019.26 4026.07 4028.55 4021.48 4022.34 4026.46 4018.53 4014.6 4006.08 4000.04 3993.52 3989.57 3983.23 3979.87 3979.39 3977.76 3972.96 3973.91 3977.81 3983.23 3989 4001.68 4015.57 4039.75 4079.09 4128.06 4189.83 4208.86 4206.98 4199.57 4163.65 4140.64 4123.12 4110.47 4098.42 4080.24 4077.63 4084.71 4101.47 4098.73 4096.29 4093.64 4087.45 4084.48 4087.16 4089.07 4083.15 4086.56 4086.34 4090.17 4088.15 4131.85 4120.53 4124.4 4158.61 4167.43
4023.05 4021.69 4040.25 4021.46 4018.35 4016.45 4026.02 4020.92 4009.98 4006.35 4005.78 4013.77 4021.13 4023.7 4021.82 4024.94 4022.74 4020.74 4016.11 4012.24 4002.67 3996.39 3993.75 3986.27 3982.65 3980.02 3977.52 3975.4 3976.99 3985.7 3997.77 4015.57 4031.73 4039.36 4059.75 4080.54 4126.09 4186.37 4222.08 4242.37 4249.26 4223.88 4186.38 4158.72 4135.52 4119.73 4111.92 4100.71 4090.56 4088.45 4098.59 4112.32 4108.94 4100.44 4084.74 4090.13 4095.34 4092.15 4090.92 4091.18 4090.37 4099.62 4106.87 4115.49 4123.56 4142.29 4150.28
4028.45 4018.97 4026.13 4010.46 4013.12 4010.5 4013.56 4010.32 4006.54 4012.54 4018.31 4014.38 4013.39 4013.34 4025.46 4030.98 4023.21 4022.57 4018.16 4007.56 4003.2 3998.31 3996.77 3991.6 3984.27 3982.45 3978.52 3976.43 3977.78 3988.55 4005.44 4024.7 4043.43 4058.45 4067.32 4088.5 4126.68 4179.9 4215.39 4245.72 4244.1 4237.61 4202.48 4179.54 4154.68 4136.52 4133.74 4121.15 4103.27 4092.17 4095.21 4104.31 4112.75 4113.06 4099.05 4116.89 4108.25 4099.44 4099.68 4102.13 4091.51 4099.25 4099.12 4107.4 4123.92 4136.16 4139.04
4023.81 4020.91 4023.08 4014.46 4019.87 4013.37 4005.45 4002.16 4010.93 4040.23 4057.3 4035.07 4031.62 4015.58 4030 4036.27 4035.02 4025.6 4017.32 4015.56 4009.67 4004.05 3998.4 3997.47 3990.5 3988 3982.68 3975.56 3977.52 3989.84 4007.89 4027.29 4047.79 4065.06 4081.43 4099.95 4128.09 4164.45 4185.9 4219.28 4210.18 4207.47 4209.26 4187.73 4170.79 4146.66 4133.65 4123.79 4112.08 4098.88 4094.08 4096.76 4099.2 4109.86 4112.13 4112.88 4113.35 4110.06 4108.02 4102.85 4092.01 4100.21 4095.08 4099.82 4103.51 4120.79 4133.19
4024.29 4023.98 4033.06 4015.27 4027.99 4021.59 4011.13 4004.39 4014.16 4042.53 4065.3 4053.65 4044.71 4030.76 4037.24 4038.97 4034.71 4027.71 4024.57 4023.83 4023.66 4018.78 4005.42 4016.27 4010.71 3998.86 3994.68 3991.91 3982.54 3992.59 4010.29 4029.28 4045.54 4062.91 4086.52 4110.58 4137.48 4155.45 4161.13 4163.45 4170.01 4182.41 4200.77 4197.39 4162.83 4146.88 4137.72 4130.28 4119.8 4111.53 4106.67 4107.51 4108.12 4103.11 4102.79 4105.32 4108.63 4110.92 4113.79 4108.16 4095.62 4105.88 4110.8 4105.18 4121.83 4136.82 4170.4
4022.94 4014.9 4023.77 4030.42 4036.87 4041.84 4028.09 4021.51 4016.29 4028.92 4048.69 4055.25 4044.6 4031.46 4045.37 4048.93 4040.31 4027.21 4032.25 4033.82 4030.96 4026.45 4020.6 4021.57 4015.13 4006.76 4004.58 4007.32 3995.04 4001.48 4020.88 4039.89 4049.01 4065.87 4090.46 4125.76 4126.44 4146.61 4157.57 4160.43 4159 4165.58 4174.09 4164.3 4149.5 4145.62 4144.51 4138.49 4130.04 4121.37 4120.77 4120.01 4118.51 4097.53 4090.06 4095.72 4104.43 4105.25 4104.6 4103.78 4084.02 4122.12 4119.09 4111.74 4179.05 4235.37 4234.95
4018.92 4011.3 4041.78 4044.84 4048.25 4049.73 4038.87 4027.79 4032.33 4026.05 4044.04 4052.26 4054.35 4040.56 4055.13 4061.27 4049.19 4045.73 4051.97 4046.9 4039.92 4030.34 4045.97 4043.8 4027.95 4022.37 4022.09 4028.46 4032.5 4038.12 4049.69 4064.48 4078.46 4084.62 4083.17 4091.11 4103.19 4129.95 4160.19 4182.46 4181.67 4185.41 4179.97 4161.13 4143.24 4143.14 4149.11 4152.27 4140.15 4123.96 4131.44 4125.77 4123.65 4110.15 4111.7 4106.1 4102.46 4097.75 4095.52 4087.96 4085.48 4098.15 4103.87 4130.45 4231.02 4261.8 4271.83
4016.23 4023.14 4056.09 4054.35 4063.17 4071.76 4049.42 4052.77 4040.33 4039.55 4046.69 4048.53 4052.31 4059.03 4064.9 4067.39 4059.59 4055.07 4059.97 4061.84 4051.13 4049.67 4053.24 4046.99 4038.14 4039.43 4042.91 4063.5 4080.39 4081.34 4085.51 4090.54 4100.57 4102.08 4092.91 4080.27 4069.05 4086 4123.37 4154.85 4186.37 4201.4 4198.57 4170.92 4146.05 4141.69 4139.43 4139.24 4135.98 4120.69 4116.01 4116.24 4114.73 4116.13 4127.3 4114.46 4098.33 4089.41 4077.88 4079.67 4098.59 4091.52 4092.49 4167.46 4256.07 4269.73 4291.6
4015.33 4044.61 4051.71 4052.64 4063.64 4054.22 4043.54 4057.32 4053.7 4061.24 4071.56 4048.64 4056.86 4065.33 4068.71 4071.88 4064.94 4058.77 4066.35 4062.06 4053.35 4050.37 4051.48 4040.85 4045.17 4050.89 4055.75 4085.31 4094.95 4099.86 4105.02 4104.98 4103.1 4096.12 4078.66 4059.23 4049.85 4056.49 4075.08 4106.63 4176.27 4198.77 4203.08 4195.64 4163.01 4143.71 4129.09 4126.81 4115.65 4112.65 4108.42 4108.08 4104.13 4116.02 4140.57 4116.5 4096.47 4089.15 4081.55 4084.51 4086.38 4084.48 4103.12 4170.62 4243.59 4264.25 4315.31
4014.31 4050.11 4053.12 4053.04 4057.4 4055.43 4045.26 4051.34 4063.5 4063.52 4063.61 4051.29 4056.88 4068.54 4062.07 4068.76 4067.46 4064.5 4060.44 4050.61 4046.75 4048.78 4054.54 4052.49 4049.94 4054.81 4053.08 4080.03 4093.18 4104.44 4113.85 4113.53 4105.73 4093.76 4087.67 4081.1 4066.19 4061.89 4065.09 4083.81 4148.63 4190.72 4193.09 4188.66 4169.45 4148.84 4132.08 4122.14 4109.38 4113.57 4117.37 4105.2 4099.55 4105.61 4107.7 4107.54 4095.46 4093.38 4093.95 4087.42 4082.26 4085.71 4107.21 4168.59 4257.66 4295.96 4342.34
4021.08 4054.61 4054.3 4057.51 4055.94 4052.32 4049.31 4040.36 4053.89 4058.63 4057.49 4057.59 4063.58 4064.95 4057.06 4064.95 4069.66 4070.71 4055.09 4039.71 4038.41 4042.92 4048.76 4043.49 4047.25 4049.95 4037.1 4062.34 4091.32 4110.41 4123.17 4121.55 4110.37 4099.5 4088.25 4083.9 4071.55 4069.86 4070.83 4073.3 4112.47 4159.8 4174.27 4165.86 4169.62 4151 4135.01 4118.66 4108.81 4114.21 4117.29 4114.04 4115.84 4128.91 4108.85 4102.25 4105.01 4094.29 4090.66 4088.02 4082.96 4087.97 4107.5 4172.81 4272.24 4374.53 4406.51
4036.27 4057.88 4058.3 4062.71 4060.33 4048.86 4056.1 4040.74 4037.72 4051.94 4051.44 4057.67 4069.97 4062.76 4060.24 4060.88 4068.37 4058.89 4050.84 4036.96 4033.64 4039.39 4042.5 4041.14 4040.68 4035.78 4021.78 4042.2 4073.93 4103.88 4128.41 4123.92 4111.43 4098.64 4084.92 4072.49 4068.9 4071.63 4073.3 4070.37 4081.19 4111.68 4162.14 4164.95 4154.3 4146.78 4133.22 4128.5 4129.28 4125.54 4124.08 4120.24 4120.46 4107.58 4096.4 4091.54 4082.81 4086.11 4097.08 4084.39 4079.63 4100.23 4137.17 4226.5 4355.21 4510.42 4502.06
4040.5 4054.01 4062.89 4065.57 4056.82 4054.39 4053.47 4049.94 4032.57 4046.34 4051.77 4072.38 4094.6 4060.82 4072.85 4059.77 4059.36 4048.65 4041.49 4031.51 4029.42 4036.85 4036.89 4034.08 4034.16 4036.25 4030.99 4029.76 4047.08 4074.03 4098.42 4108.29 4108.44 4102.98 4090.11 4070.12 4068.11 4070.05 4073.18 4072.8 4070.02 4081.65 4128.75 4152.84 4149.23 4144.04 4141.17 4135.24 4134.24 4126.89 4118.44 4120.34 4117.92 4099.42 4095.91 4087.2 4078.72 4078.09 4075.02 4069.73 4084.36 4126.62 4199.91 4317.72 4483.45 4615.26 4576.42
4039.5 4047.97 4055.75 4056.28 4047.07 4040.78 4048.97 4042.62 4034.23 4040.49 4043.25 4073.59 4095.9 4060.79 4078 4060.38 4053.26 4047 4040.64 4028.74 4024.01 4027.93 4025.56 4026.55 4030.43 4038.01 4040.02 4032.06 4035.68 4045.83 4069.95 4090.87 4103.06 4110.84 4102.52 4085.28 4079.58 4071.07 4072.36 4075.09 4076.4 4077.02 4090.13 4138.88 4144.24 4147.65 4143.44 4136.78 4128.78 4124.99 4105.1 4095.87 4107.58 4103.31 4086.52 4084.75 4086.06 4078.6 4067.95 4069.09 4120.83 4226.62 4321.26 4423.43 4581.01 4626.51 4591.27
4035.44 4040.58 4043.57 4044.98 4053.68 4042.38 4052.25 4052.97 4067.79 4054.76 4053.97 4063.91 4069.98 4067.39 4067.61 4057.98 4051.79 4043.36 4034.51 4032.62 4036.93 4042.21 4037.33 4038.46 4040.02 4048.06 4037.83 4040.2 4032.47 4035.39 4054.87 4074.49 4097.11 4118.3 4132.23 4110 4091.91 4083.86 4075.72 4083.92 4084.55 4075.25 4070.5 4103.1 4138.07 4151.67 4146.07 4135.62 4122.34 4122.23 4108.05 4098.3 4098.35 4094.76 4081.96 4081.12 4082.79 4080.07 4077.71 4107.35 4196.44 4327.53 4421.4 4477.64 4532.78 4593.26 4639.93
4030.52 4030.3 4045.54 4053.22 4059.88 4059.79 4066.81 4089.14 4099.58 4099.01 4089.45 4084.61 4070.97 4082.76 4085.22 4086.06 4073.76 4060.55 4053.02 4060.18 4070.45 4078.25 4075.59 4072.75 4078.79 4078.21 4078.52 4066.02 4058.81 4058.17 4061.58 4067.9 4095.39 4119.84 4132.55 4119.43 4095.17 4088.09 4094.56 4100.29 4099.93 4096.72 4080.67 4080.39 4111.48 4139.3 4144.24 4131.55 4124.91 4125.8 4114.46 4105.62 4104.55 4097.97 4082.91 4081.15 4078.61 4074.17 4099.15 4167.81 4265.92 4382.85 4433.56 4493.59 4572.61 4677.7 4694.7
4036.46 4048.02 4079.82 4086.66 4090.17 4091.66 4098.91 4103.94 4109.07 4115.1 4106.65 4103.75 4072.86 4109.46 4113.63 4108.73 4096.34 4090.19 4085.98 4089.58 4091.09 4094.91 4091.02 4089.86 4093.55 4099.25 4097.27 4082.93 4071.88 4067.36 4068.18 4082.27 4092.81 4113.43 4134.83 4130.11 4113.01 4108.41 4111.94 4115.14 4122.21 4118.48 4090.75 4070.84 4071.42 4086.11 4110.44 4116.49 4120.07 4118.07 4120.43 4106.78 4115.46 4104.6 4083.9 4081.61 4074.78 4070.62 4111.69 4215.04 4310.07 4377.14 4434.75 4525.6 4663.53 4764.11 4715.84
4050.8 4065.88 4099.28 4104.91 4108.87 4110.3 4107.96 4106.94 4113 4114.55 4109.47 4109.74 4078.51 4122.05 4130.62 4130.12 4121.56 4121.51 4114.79 4111.39 4110.96 4109.15 4102.86 4101.65 4103.26 4107.14 4105.31 4093.14 4079.62 4070.61 4067.65 4070.13 4080.14 4092.72 4113.81 4122.59 4113.68 4102.32 4109.42 4111.26 4119.35 4109.16 4082.91 4055.81 4052.01 4056.82 4078.78 4098.27 4109.89 4124.65 4133.19 4120.72 4124 4104.1 4089.86 4085 4083.18 4079.36 4120.97 4212.93 4316.15 4372.55 4442.02 4539.84 4734.36 4816.24 4772.79
4059.61 4074.58 4108.61 4118.16 4118.11 4115.01 4110.13 4110.38 4115.24 4117.81 4113.03 4117.68 4122 4133 4141.77 4133.36 4133.78 4132.93 4126.61 4119.87 4119.13 4122.91 4116.7 4107.89 4105.22 4105.13 4101.88 4093.25 4080.48 4069.17 4059.83 4061.41 4065.24 4069.33 4069.11 4075.32 4076.5 4073.05 4086.29 4088.6 4079.32 4071.49 4055.33 4048.48 4052.7 4061.67 4074.8 4090.52 4102.9 4113.77 4135.23 4138.81 4127.04 4120.39 4116.65 4104.06 4104.64 4113.84 4136.56 4197.36 4313.79 4359.83 4430.55 4543.06 4718.22 4845.5 4867.22
4055.16 4075.3 4111.03 4126.94 4124.36 4121.29 4119.82 4118.59 4121.75 4125.94 4124.19 4131.36 4137.14 4144.36 4157.47 4147.83 4132.03 4131.17 4126.34 4115.23 4114.99 4124.43 4121.99 4105.4 4092.61 4085.66 4087.11 4083.17 4070.81 4056.3 4051.05 4048.51 4049.75 4051.72 4056.96 4068.49 4063.23 4065.86 4075.32 4072.97 4065.36 4054.66 4049.67 4048.37 4055.46 4067.13 4080.08 4092.33 4107.36 4123.83 4129.82 4129.62 4124.74 4119.53 4123 4123.71 4124.65 4124.94 4142.77 4180.94 4250.76 4328.85 4418.13 4523.11 4651.45 4777.14 4836.93
4044.87 4063.47 4117.13 4132.38 4126.54 4126.44 4132.9 4135.72 4142.28 4144.78 4146.44 4148.2 4156.14 4167.39 4165.03 4156.9 4144.53 4131.7 4122.89 4114.95 4107.24 4110.84 4113.39 4105.62 4091.91 4081.79 4080.82 4081.15 4064.4 4043.89 4035.95 4035.97 4038.74 4037.62 4046.01 4059.24 4063.16 4075.65 4072.81 4066.13 4054.97 4051.79 4048.64 4050.34 4062.15 4075.4 4081.62 4093.08 4107.2 4117.16 4119.85 4103.51 4107.43 4114.92 4123.73 4133.43 4136.47 4140.29 4142.51 4168.61 4208.98 4285.28 4393.45 4484.23 4598.72 4712.21 4848.89
4053.97 4096.72 4114.21 4142.11 4129.26 4132.85 4139.07 4147.29 4156.16 4162.96 4164.4 4161.97 4168.57 4174.91 4171.49 4166.21 4153.75 4140.27 4129.05 4114.32 4099.9 4107.51 4110.37 4102.52 4091.75 4084.59 4081.3 4081.59 4070.44 4053.36 4039.73 4035.89 4036.3 4034.33 4039.92 4051.57 4057.95 4061.79 4062.25 4064.12 4063.79 4054.16 4052.54 4055.32 4056.87 4068.6 4080.93 4091.64 4100.74 4105.71 4102.62 4101.87 4118.09 4122.13 4126.15 4129.7 4134.8 4144.1 4136.27 4152.75 4186.94 4255.68 4364.15 4479.15 4601.74 4749.64 4845.8
