real_craters/C209-1000m.grd
DSAA
184 184
-91.74 91.74
-91.74 91.74
2435.3871053925 5062.4674212897
[rows 0 to 29 of 184, columns 0 to 66 of 184]
4119.1 4101.22 4083.48 4073.25 4079.08 4072.07 4071.07 4070.15 4057.22 4051.96 4053.39 4048.75 4046.43 4046.59 4039.65 4040.19 4046.69 4059.54 4066.29 4051.33 4041.27 4044.39 4054.14 4060.64 4054.7 4056.88 4097.77 4104.15 4124.18 4159.81 4187.37 4197.92 4207.6 4217.27 4233.18 4251.18 4233.61 4184.61 4136.41 4124.46 4115.14 4101.05 4088.42 4076.7 4069.75 4072.5 4074.88 4074.94 4086.34 4112.79 4127.49 4125.56 4092.05 4077.26 4071.17 4087.16 4101.07 4097.73 4091.98 4088.03 4096.71 4106.18 4104.81 4106.35 4114.78 4131.27 4146.9
4100.39 4093.31 4074.47 4070.63 4073.05 4073.65 4068.47 4066.32 4061.1 4054.56 4048.83 4050.15 4054.28 4048.01 4040.46 4041.27 4047.52 4071.33 4073.78 4052.51 4035.45 4041.95 4049.66 4067.33 4071.33 4084.95 4105.28 4108.21 4133.78 4176.01 4194.32 4185.82 4206.39 4219.07 4235.37 4248.44 4225.15 4179.26 4148.35 4141.76 4124.68 4107.94 4100.92 4091.26 4077.33 4082.67 4085.4 4081.24 4078.16 4088.73 4104.17 4100.35 4088.83 4088.51 4085.62 4090.37 4102.47 4102.61 4098.24 4094.1 4100.65 4106.33 4103.59 4119.11 4120.07 4133.94 4149.86
4093.1 4081.08 4072.99 4065.25 4063.81 4076.39 4069.43 4064.91 4064.94 4064.02 4055.77 4050.75 4052.24 4046.68 4041.58 4044.91 4055.8 4071.33 4064.48 4046.22 4037.02 4052.78 4052.32 4069.63 4080.7 4089.06 4094.88 4106.6 4140.72 4191.86 4203.95 4185.06 4198.56 4209.4 4221.52 4226.6 4213.17 4184.8 4170.31 4176.58 4151.24 4126.37 4123.58 4127 4112.84 4094.14 4098.36 4089.71 4072.7 4076.78 4092.51 4108.05 4093.58 4084.45 4088.59 4092.17 4100.61 4104.58 4106.22 4106.74 4107.64 4108.8 4116.92 4116.59 4125.72 4139.21 4151.44
4079.94 4067.99 4065.38 4061.9 4062.34 4072.14 4068.43 4066.4 4067.48 4070.42 4067.78 4049.91 4043.17 4040.7 4045.61 4050.33 4067.45 4063.47 4045.85 4039.45 4039.62 4047.16 4052.03 4062.52 4070.67 4073.26 4077.65 4103.15 4135.55 4196.64 4218.76 4201.4 4188.93 4196.59 4204.41 4210.05 4206.6 4194.54 4198.47 4216.15 4196.04 4177.57 4168.94 4176.31 4166.57 4133.21 4129.72 4110.56 4090.94 4086.36 4106.95 4113.82 4100.92 4084.59 4086.68 4090.88 4094.79 4103.82 4114.53 4122.74 4118.09 4112.68 4125.22 4131.4 4138.8 4147.76 4155.95
4063.45 4060.95 4062.98 4060.2 4073.32 4061.7 4067.73 4070.36 4072.24 4074.12 4075.82 4052.79 4038.26 4033.68 4038.67 4053.96 4067.27 4050.82 4039.52 4041.76 4040.81 4042.48 4052.43 4070.11 4078.01 4073.47 4080.34 4109.8 4143.22 4175.76 4221.38 4215.99 4192.79 4186.71 4186.44 4189.19 4192.96 4191.32 4192.37 4226.2 4228.27 4240.34 4233.24 4224.93 4203.68 4174.54 4157.07 4125.93 4111.19 4103.5 4104.65 4092.63 4092.98 4083.19 4080.89 4088.55 4092.85 4103.32 4119.04 4132.32 4131.08 4128.54 4128.49 4135.04 4144.38 4155.42 4166.19
4052.68 4055.35 4062.87 4061.88 4073.61 4063.46 4070.63 4078.6 4078.33 4074.88 4055.84 4041.42 4033.5 4029.63 4034.6 4055.18 4054.46 4042.7 4037.59 4042.98 4056.46 4077.87 4083.97 4089.82 4081.79 4078.5 4094.02 4127.3 4155.27 4172.47 4209.23 4217.98 4195.53 4180.97 4168.87 4165.88 4174.83 4179.05 4189.28 4206.26 4228.98 4252.16 4261.94 4257.22 4217.68 4181.91 4169.75 4134.34 4112.72 4105.62 4101.5 4092.69 4088.35 4088.08 4082.14 4087.69 4091.57 4098.6 4114.28 4130.52 4139.02 4143.75 4138.18 4132 4147.19 4169.29 4185.93
4049.81 4054.12 4060.98 4063.21 4076.55 4065.77 4069.72 4082.17 4080.13 4076.3 4047.16 4034.57 4033.15 4032.09 4035.17 4052.93 4046.19 4037.11 4038.29 4038.71 4051.39 4088.23 4094.86 4098.7 4091.1 4094.94 4136.42 4153.78 4173.54 4181.04 4190.09 4209.5 4187.62 4178.98 4166.95 4160.63 4164.18 4175.58 4178.02 4190.5 4207.84 4226.71 4240.8 4231.91 4196.71 4162.35 4148.23 4129 4107.73 4099.69 4094.71 4090.03 4085.6 4086.23 4085.88 4091.18 4090.96 4089.88 4108.03 4126.96 4143.25 4151.3 4157.12 4145.65 4167.75 4195.39 4211.57
4048.73 4046.66 4060.89 4069.79 4064.54 4067.7 4068.03 4072.16 4069.99 4063.18 4046.88 4037.23 4036.55 4036.09 4038.91 4046.96 4042.11 4038.53 4039.12 4047.81 4070.37 4095.33 4118.02 4118.13 4113.32 4134.9 4159.89 4177.23 4189.53 4184.84 4186.45 4198.54 4190.57 4171.02 4180.16 4181.68 4179.36 4170.3 4168.11 4171.25 4180.22 4192.32 4200.68 4196.04 4164.41 4124.53 4116.18 4114.02 4102.53 4093.79 4087.97 4085.74 4085.66 4082.51 4087.61 4095.94 4101.48 4106.52 4110.88 4129.9 4156.78 4175.83 4186.31 4192 4223.15 4234.61 4237.15
4049.92 4051.28 4059.4 4066.81 4060.62 4051.53 4056.44 4057.7 4053.59 4047.99 4050.45 4040.16 4035.8 4049.67 4051.28 4039.12 4040.18 4040.22 4045.6 4058.55 4087.25 4115.92 4128.67 4132.3 4129.74 4157.21 4179.43 4192.5 4203.27 4192.37 4182.77 4182.13 4142.08 4111.23 4113.28 4153.26 4192.83 4181.26 4161.07 4151.59 4150.89 4161.7 4166.37 4163.09 4143 4110.54 4091.19 4088.74 4090.54 4090.78 4084.12 4081.96 4084.68 4085.82 4096.28 4113.94 4130.9 4142.5 4140.85 4158.59 4187.1 4205.49 4220.86 4250.92 4292.01 4277.52 4253.86
4047.17 4051.18 4055.75 4045.93 4049.04 4032.79 4036.92 4038.97 4041.6 4044.14 4041.27 4034.65 4030.46 4030.22 4038.61 4038.96 4037.38 4038.55 4041.97 4056.38 4117.46 4122.58 4131.65 4145.67 4154.88 4178.09 4191.87 4201.09 4205.79 4179.56 4173.06 4150.67 4094.75 4056.51 4072.53 4137.44 4214.56 4215.71 4159.18 4130.09 4127.14 4134.61 4127.55 4130.2 4120.58 4104.85 4085.61 4076.71 4077.54 4090.37 4092.2 4087.37 4091.94 4099.18 4128.14 4159.72 4181.5 4198.43 4199.4 4213.98 4238.29 4261.09 4288.26 4320.11 4351.27 4314.74 4267.48
4037.22 4038.21 4043.83 4040.67 4041.69 4025.16 4027.76 4031.29 4037.52 4038.36 4033.8 4031.04 4029.35 4028.51 4030.43 4034.85 4032.1 4031.78 4044.07 4050.81 4130.27 4115.55 4119.11 4142.99 4163.43 4182.21 4193.84 4203.7 4207.54 4188.84 4174.53 4151.88 4088.81 4041.9 4060.32 4131.52 4199.79 4205.91 4157.66 4134.62 4133.47 4129.47 4119.89 4110.87 4110.45 4095.03 4074.08 4069.88 4073.92 4095.53 4114.77 4131.27 4137.77 4146.69 4173.23 4222.44 4248.85 4257.57 4268.41 4275.69 4293.62 4315.42 4330.55 4360.39 4376.95 4342.27 4294.79
4029.57 4033.38 4040.75 4035.6 4039.56 4028.03 4027.89 4035.96 4038.39 4038.48 4038.39 4033.58 4037.32 4032.27 4034.18 4029.21 4031.49 4040.99 4041.14 4034.1 4142.32 4092.24 4095.39 4123.25 4152.59 4172.15 4191.09 4204.15 4210.97 4204.7 4200.49 4191.13 4132.86 4071.16 4102.1 4145.17 4179.73 4185.98 4148.25 4135.33 4143.95 4138.47 4123.21 4113.32 4107.48 4092.4 4072.13 4071.65 4082.56 4110.25 4165.29 4191.93 4196.36 4196.4 4215.34 4269.43 4283.78 4303.9 4321.36 4320.01 4328.24 4343.53 4360.83 4375.64 4387.85 4357.93 4325.94
4029.22 4034.84 4040.01 4030.59 4041.76 4030.49 4032.32 4039.35 4046.33 4041.75 4040.73 4037.94 4034.52 4037.61 4031.72 4030.85 4038.65 4037.97 4035.24 4031.37 4121.27 4056.24 4056.15 4095.59 4129.39 4157.81 4186.83 4204.16 4214.72 4209.8 4204.49 4208.04 4192.92 4158.58 4162.89 4167.35 4165.15 4151.59 4138.6 4140.47 4151.53 4154.5 4149.93 4139.95 4122.72 4096.29 4087.23 4089.94 4113.4 4151.2 4208.25 4228.35 4213.53 4211.61 4260.26 4298.95 4314.32 4323.52 4334.74 4334.33 4343.64 4354.21 4358.82 4365.55 4369.86 4349.64 4322.3
4024.96 4032.7 4035.24 4031.91 4043.95 4037.47 4041.3 4041.67 4059.65 4063.51 4047.24 4048.5 4034.17 4041.17 4037.32 4035.91 4042.01 4044.52 4040.68 4034.14 4095.29 4054.7 4070.91 4088.31 4102.07 4144.57 4182.39 4206.92 4219.99 4217.35 4204.92 4199.15 4202.78 4213.09 4205.18 4174.77 4153.33 4132.74 4135.56 4146.18 4157.82 4171.25 4192.45 4184.41 4134.59 4102.84 4097.17 4107.21 4136.32 4179.04 4232.41 4244.68 4222.74 4235.25 4266.49 4300.34 4310.19 4312.41 4315.1 4324.81 4339.07 4350.7 4342.53 4337.11 4329.76 4321.16 4309.95
4022.57 4028.72 4034.28 4045.51 4047.9 4038.28 4042.03 4041.58 4045.46 4046.89 4042.6 4042.17 4044.23 4044.85 4036.98 4039.84 4049.99 4052.51 4047.09 4046.59 4065.15 4058.79 4079.43 4094.77 4106.33 4140.25 4182.84 4213.99 4233.25 4230.89 4218.18 4194.16 4184.18 4177.28 4170.29 4158.85 4141.19 4128.36 4136.2 4147.49 4155.63 4171.49 4186.1 4167.14 4129.95 4109.62 4099.04 4109.29 4134.53 4186.54 4233.92 4252.23 4236.82 4250.71 4266.87 4281.49 4289.33 4285.86 4290.63 4301.94 4318.24 4311.58 4295.87 4288.5 4284.06 4287.34 4299.27
4020.28 4027.46 4038.74 4058.63 4046.3 4039.15 4042 4044.91 4045.83 4037.81 4038.29 4034.05 4043.42 4052.64 4041.98 4043.62 4052.13 4066.98 4052.3 4049.05 4074.09 4092.03 4112.62 4132.91 4142.79 4164.32 4192.57 4222.55 4243.92 4239.53 4217.62 4193.32 4172.16 4157.67 4146.78 4141.94 4132.17 4126.73 4136.73 4145.99 4160.11 4161.03 4143.04 4122.38 4103.12 4087.91 4090.49 4098.27 4118.98 4172.52 4225.05 4256.74 4256.77 4259.82 4260.61 4256.77 4252.43 4251.86 4263.21 4270.41 4273.17 4268.02 4258.31 4244.92 4248.95 4259.13 4276.5
4020.15 4026.69 4032.92 4040.23 4048.43 4033.79 4038.8 4051.3 4060.44 4042.86 4036.21 4031.62 4036.5 4042.91 4043.48 4045.53 4053.56 4056.94 4050.19 4057.46 4114.94 4132.31 4142.47 4159.32 4173.03 4190.56 4207.55 4229.45 4246.29 4235.22 4212.27 4187.26 4164.48 4147.6 4142.56 4130.56 4120.81 4114.2 4114.83 4122.59 4135.12 4143.89 4125.31 4100.14 4075.22 4059.25 4072.01 4079.76 4087.66 4149.79 4204.23 4238.02 4247.51 4251.67 4247.89 4231.01 4228.64 4231.86 4237.14 4235.72 4231.54 4216.49 4213.66 4212.98 4226.1 4244.92 4254.77
4024.76 4027.45 4032 4032.36 4036.88 4025.82 4032.64 4039.94 4044.4 4043.72 4040.62 4034.01 4036.05 4039.8 4043.29 4046.85 4047.11 4049.6 4055.46 4088.12 4142.1 4148.6 4156.59 4169.41 4185.8 4205.81 4213.99 4231.94 4245.33 4231.69 4202.9 4175.92 4150.84 4137.13 4130.71 4117.92 4107.25 4097.28 4087.01 4094.53 4118.4 4126.17 4129.14 4101.12 4057.87 4050.49 4052.17 4061.88 4066.15 4117.76 4172.68 4211.81 4224.06 4232.83 4236.85 4224.22 4210.36 4217.38 4217.11 4204.24 4196.97 4185.92 4183.35 4184.42 4195.98 4206.72 4208.54
4025.51 4026.6 4031.98 4034.3 4034.9 4024.4 4025.85 4033.26 4036.75 4041.22 4036.69 4034.31 4034.51 4035.13 4039.47 4046.71 4048.51 4050.14 4072.8 4129.37 4147.85 4150.96 4157.41 4167.36 4184.22 4197.44 4202.48 4218.66 4234.01 4220.07 4189.65 4160.8 4137.47 4123.15 4109.63 4102.64 4096.59 4089.91 4082.85 4092.37 4109.71 4121.29 4119.51 4090.39 4055.92 4049.2 4052.08 4051.61 4058.39 4082.04 4131.64 4184.38 4195.48 4210.06 4218.2 4216.08 4219.23 4239.45 4224.78 4200.47 4180.81 4165.47 4162.2 4160.71 4171.33 4186.1 4198.24
4023.56 4026.29 4029.1 4032.98 4043.96 4031.56 4025.2 4040.19 4037.48 4038.97 4037.79 4033.96 4033.23 4037.77 4041.16 4059.4 4070.85 4082.86 4099.8 4152.47 4152.15 4153.89 4154.64 4157.87 4169.13 4175.27 4177.13 4186.28 4200.18 4201.12 4172.33 4144.37 4125.84 4115.43 4099.27 4090.4 4087.66 4088.48 4095.09 4102.59 4104.11 4110.74 4109 4075.21 4048.94 4041.76 4043.74 4045.45 4048.78 4067.26 4098.24 4149 4175.98 4185.55 4204 4213.55 4241.2 4271.77 4239.08 4207.28 4167.96 4143.01 4136.58 4138.83 4150.34 4171.09 4175.51
4027.04 4023.15 4024.66 4028.27 4034.65 4032.83 4028.76 4036.33 4041.51 4041.53 4039.25 4036.12 4035.77 4040.28 4058.32 4091.08 4122.56 4136.65 4134.84 4151.15 4164.66 4169.36 4158.65 4147.29 4150.42 4151.71 4145.43 4144.69 4151.28 4162.57 4148.77 4128.91 4112.58 4105.21 4088.47 4078.27 4079.21 4085.09 4092.85 4097.84 4094.35 4092.85 4087.79 4067.03 4049.32 4041.6 4040.99 4039.76 4046.34 4067.86 4093.8 4112.36 4143.71 4175.54 4179.92 4191.29 4223.16 4238.17 4220.33 4199.32 4166.04 4130.71 4119.48 4118.16 4126.78 4146.85 4156.1
4035.68 4020.58 4024 4025.93 4028.84 4035 4029.64 4040.17 4048.58 4041.56 4039.75 4033.39 4037.78 4078.46 4111.76 4127.35 4136.74 4142.1 4143.6 4161.61 4188.39 4195.3 4176.36 4152.36 4139.82 4132.1 4121.28 4117.88 4116.69 4123.68 4123.81 4117.25 4101.24 4089.91 4071.79 4062.65 4071.57 4080.12 4087.77 4085.92 4078.91 4071.7 4061.64 4059.46 4052.4 4046.85 4042.31 4037.39 4045.38 4066.34 4087.1 4117.77 4157.98 4174.35 4163.19 4165.57 4191.21 4189.44 4183.09 4168.4 4139.3 4122.44 4108.63 4103.29 4104.37 4123.96 4131.86
4057.42 4045.97 4033.51 4032.29 4027.23 4037.78 4036.37 4036.87 4036.86 4040.44 4041.86 4039.24 4043.88 4095.12 4135.16 4146.9 4129.15 4128.03 4130.87 4155.56 4188.86 4201.41 4182.79 4158.17 4133.31 4117.41 4104.87 4103.53 4099.88 4101.2 4104.55 4100.01 4090.14 4081.73 4068.96 4062.86 4068.38 4075.34 4080.04 4075.32 4067.38 4056.18 4057.82 4051.69 4059.93 4052.22 4043.93 4035.25 4045.66 4069.87 4098.94 4135.16 4171.11 4174.57 4146.35 4152.85 4163.68 4163.33 4157.66 4150.02 4126.2 4104.55 4099.26 4095.79 4094.17 4109.55 4109.67
4046.74 4037.83 4035.29 4042.08 4024.36 4034.48 4035.84 4036.25 4033.12 4037.67 4039.76 4040.82 4047.67 4107.32 4142.86 4155.24 4140.26 4115.57 4116.89 4132.24 4158.97 4172.61 4164.52 4141.25 4117.61 4106.01 4101.21 4101.07 4097.55 4093.43 4095.41 4093.81 4084.5 4079.25 4072.29 4067.58 4067.38 4072.52 4076.83 4077.09 4068.03 4054.72 4053.49 4063.78 4067.5 4054.57 4043.57 4031.33 4040.62 4073.66 4105.62 4124.71 4145.57 4157.44 4148.23 4147.11 4144.19 4150.86 4134.51 4127.22 4108.65 4096.97 4092.7 4093.58 4102.34 4109.43 4101.35
4022.67 4026.64 4034.24 4035.79 4025.56 4028.94 4030.26 4030.1 4023.03 4024.07 4028.66 4030.51 4046.41 4105.75 4126.45 4130.87 4129.32 4110.14 4118.95 4119.98 4124.92 4120.26 4119.96 4108.86 4101.81 4097.83 4098.91 4102.24 4098.88 4093.61 4093.12 4091.52 4086.03 4080.17 4078.24 4067.07 4064.47 4068.64 4075.45 4081.18 4070.99 4057.16 4053.69 4057.13 4059.53 4052.48 4042.27 4034.3 4038.87 4068.99 4095.26 4108.16 4126.19 4147.09 4119.68 4140 4158.26 4134.56 4117 4109.08 4099.09 4087.79 4086.35 4085.59 4087.04 4100.66 4095.44
4027.9 4031.25 4030.89 4021.41 4029.08 4025.89 4023.25 4023.61 4023.2 4022.9 4023.5 4027.88 4039.01 4086.93 4115.22 4116.2 4116.68 4107.36 4130.72 4121.12 4101.63 4094.43 4086.97 4086.09 4084.59 4083.97 4092.51 4104.83 4104.65 4098.08 4093.79 4089.78 4086.73 4089.5 4086.08 4063.68 4058.47 4063.14 4069.99 4075.67 4068.45 4055.64 4044.52 4045.05 4047.55 4050.7 4043.23 4035.85 4034.36 4057.71 4081.8 4092.39 4114.98 4121.3 4105.83 4117.66 4151.05 4122.03 4093.68 4092.66 4088.51 4084.95 4083.25 4080.02 4074.38 4077.91 4093.63
4030.21 4029.19 4021.96 4014.43 4032.73 4023.36 4026.72 4028.14 4025.13 4025.49 4025.08 4026.91 4036.15 4069.44 4126.2 4131.97 4113.29 4106.86 4124.31 4115.37 4101.62 4095.71 4086.7 4080.15 4082.23 4079.2 4088.7 4104.39 4108.32 4102.31 4096.76 4091.68 4087.25 4079.08 4079.33 4060.39 4053.69 4056.92 4060.97 4062.93 4059.82 4053.48 4040.24 4039.64 4041 4044.38 4045.34 4040.52 4029.04 4042.95 4054.24 4068.25 4094.68 4106.11 4118.19 4118.63 4115.7 4102.82 4088.36 4081.92 4079.61 4084.1 4084.06 4082.24 4078.61 4084.41 4101.67
4029.1 4026.5 4022.09 4017.49 4032.5 4022.72 4024.69 4027.55 4022.25 4021.82 4020.63 4021.47 4032.74 4055.29 4113.2 4133.91 4120.72 4114.43 4102.74 4106.53 4107.36 4105.07 4095.09 4083.34 4076.25 4077.54 4091.18 4101.51 4105.61 4103.22 4099.39 4095.59 4092.49 4076.55 4066.14 4058.53 4052.41 4052.8 4053.82 4051.95 4049.92 4046.09 4043.73 4047.9 4050.36 4047.27 4047.19 4048.65 4029.86 4038.89 4047.35 4053.54 4077.35 4101.78 4106.77 4100.75 4095.22 4094.85 4096.41 4090.75 4083.3 4085.69 4087.62 4090.09 4096.88 4106.61 4101.7
4025.23 4026.22 4021.9 4019.83 4036.11 4026.62 4024.23 4027.88 4020.93 4020.92 4023.01 4021.17 4029.07 4047.35 4098.36 4130.53 4122.01 4103.26 4098.51 4105.82 4112.13 4106.42 4097.66 4092.37 4082.31 4079.59 4085.58 4099.52 4105.08 4102.43 4097.61 4094.12 4090.07 4081.73 4072.14 4061.83 4053.47 4052.57 4052.31 4050.72 4049.45 4051.17 4047.93 4049.69 4065.4 4062.37 4055.54 4050.77 4037.49 4037.6 4040.77 4042.01 4061.37 4079.08 4092.68 4083.22 4080.22 4082.66 4087.55 4081.86 4078.98 4085.43 4086.88 4091.4 4102.19 4102.71 4081.47
4024.67 4022.44 4024.42 4029.84 4040.56 4033.54 4023.39 4021.83 4018.51 4017.92 4024.54 4021.95 4023.28 4047.78 4100.61 4134.02 4125.52 4104.59 4103.85 4114.39 4114.13 4103.84 4100.72 4102.47 4091.85 4081.82 4079.33 4081.83 4097.95 4096.4 4092.14 4087.26 4083.51 4079.52 4077.89 4069.44 4059.04 4057.99 4057.2 4054.9 4047.71 4047.61 4050.69 4041.27 4058.02 4072.25 4076.71 4065.11 4049.56 4037.97 4036.1 4038.29 4051.18 4063.78 4070.02 4074.63 4069.43 4073.32 4067.76 4071.18 4071.54 4080.53 4082.3 4082.94 4082.02 4080.21 4081.75
