real_craters/C209-500m.grd
DSAA
643 643
-160.545 160.545
-160.545 160.545
8160.5063366569 11370.891621614
[rows 570 to 599 of 643, columns 335 to 401 of 643]
9677.39 9678.37 9679.18 9679.5 9679.96 9679.94 9679.82 9679.18 9675.99 9677.32 9677.87 9677.96 9676.83 9674.72 9673.34 9672.84 9672.83 9672.63 9672.85 9673.25 9670.18 9668.82 9671.74 9675.55 9680.07 9684.04 9688.21 9692.9 9697.65 9699.77 9698.94 9695.47 9692.49 9689.68 9687.05 9683.76 9679.99 9676.36 9675.95 9671.07 9667.66 9664.87 9666.58 9669.22 9680.39 9697.95 9700.88 9696.4 9694.88 9693.6 9693.88 9695.41 9698.61 9706.85 9714.83 9709.58 9710.44 9713.35 9715.45 9721.25 9729.67 9724.72 9725.06 9729.53 9735.11 9739.64 9740.45
9673.85 9675.65 9678.53 9679.31 9679.18 9678.18 9677.51 9676.47 9675.63 9674.31 9673.34 9672.46 9672.98 9674.24 9674.73 9671.79 9672.11 9672.3 9672.33 9673.46 9671.71 9671.77 9672.51 9675.21 9678.79 9682.81 9687.08 9691.67 9695.22 9697.55 9697.03 9694.17 9691.23 9688.83 9687.05 9684.79 9681.96 9677.79 9669.24 9675.08 9677.54 9668.79 9670.51 9674.56 9685.76 9698.4 9703.86 9698.4 9695.04 9694.33 9694.93 9697.22 9700.99 9705.97 9708.14 9711.22 9713.48 9716.54 9720.65 9724 9725.66 9710.16 9719.71 9730.39 9738.73 9744.09 9745.94
9677.54 9680.92 9679.15 9678.53 9677.49 9676.49 9675.2 9673.84 9672.27 9670.77 9668.59 9665.71 9669.14 9673.1 9676.62 9678.94 9676.05 9671.33 9672.08 9674.23 9676.35 9673.01 9673.35 9676.3 9679.64 9683.3 9686.78 9689.99 9691.89 9693.84 9694.07 9692.32 9689.54 9688.56 9687.87 9686.73 9685.58 9685.18 9684.92 9680.61 9676.35 9674.12 9674.56 9681.87 9692.63 9701.05 9705.78 9697.49 9693.89 9693.87 9695.12 9697.69 9701.16 9704.17 9706.9 9711.29 9715.53 9718.9 9721.23 9720.93 9721.35 9715.05 9721.8 9733.16 9743.03 9748.14 9749.36
9678.24 9680.79 9680.95 9679.13 9676.98 9674.77 9672.63 9671.17 9671.3 9670.43 9665.07 9661.3 9666.83 9672.36 9676.71 9678.83 9676.58 9671.98 9671.52 9680.65 9684.15 9676.53 9673.65 9675.88 9679.85 9683.45 9686.4 9688.76 9691.11 9691.85 9692.26 9691.61 9689.92 9689.45 9689.07 9688.59 9688.4 9688.67 9688.48 9686.34 9683.97 9684.38 9682.41 9683.47 9691.9 9700.14 9706.36 9698.86 9694.29 9694.13 9695.64 9698.48 9701.62 9704.83 9708.65 9712.55 9716.81 9721.08 9724.45 9721.37 9724.45 9726.21 9728.79 9736.89 9748.49 9751.35 9751.03
9682.65 9686.84 9682.59 9679.15 9675.98 9673.05 9670.23 9667.25 9663.45 9658.85 9661.8 9664.72 9666.68 9671.57 9677.48 9681.08 9682.64 9650.4 9599.98 9697.42 9694.75 9681.52 9676.1 9677.63 9680.63 9683.94 9686.74 9688.55 9690.02 9691.19 9691.8 9692.4 9692.57 9691.98 9690.6 9689.66 9689.61 9690.26 9690.68 9690.8 9691.43 9688.42 9686.9 9689.92 9695.8 9697.2 9698.57 9698.83 9693.95 9693.91 9696.08 9698.98 9702.02 9705.53 9709.51 9713.48 9717.89 9721.12 9723.49 9726.76 9728.15 9727.91 9731.01 9736.27 9742.74 9747.18 9749.12
9682.24 9686.41 9681.09 9677.69 9674.14 9670.98 9667.63 9664.14 9660.02 9658.17 9660.7 9663.82 9665.26 9669.85 9676.11 9681.55 9686.1 9668.46 9629.01 9688.14 9691.53 9683.24 9678.39 9679.55 9682.07 9684.5 9687.51 9689.84 9691.31 9692.37 9693.2 9694.04 9694.66 9693.95 9691.73 9689.71 9689.18 9690.9 9691.4 9691.88 9692.76 9692.3 9689.8 9684.83 9683.29 9691.98 9695.63 9696.23 9692.8 9694.15 9696.27 9699.14 9702.21 9705.66 9709.27 9713.62 9718.47 9722.82 9726.03 9729.12 9732.23 9732.15 9730.06 9731.89 9736.29 9739.47 9743.29
9678.5 9681.81 9677.76 9674.88 9671.62 9668.48 9665.33 9662.28 9659.98 9659.01 9657.95 9658.28 9660.37 9664.97 9671.02 9677.05 9681.96 9680.16 9675.52 9675.01 9682.33 9681.44 9679.59 9681.06 9683.25 9685.7 9688.54 9691.32 9693.09 9694.32 9694.78 9695.11 9695.95 9696.1 9691.74 9688.03 9685.25 9686.36 9687.99 9690.38 9693.14 9694.78 9690.88 9662.89 9691.11 9691.92 9693.41 9694.06 9693.42 9694.67 9696.61 9698.9 9702.01 9705.74 9710.21 9714.49 9718.5 9722.58 9724.62 9727.76 9728.9 9727.25 9726.29 9725.05 9725.35 9731.96 9738.03
9673.76 9676.84 9673.63 9670.58 9667.87 9665.18 9662.62 9659.75 9656.9 9654.98 9648.4 9647.89 9652.92 9658.72 9664.22 9668.65 9666.7 9664.11 9665.5 9674.29 9678.45 9679.88 9680.95 9681.71 9682.91 9685.04 9688.05 9691.45 9693.09 9693.71 9694.2 9694.65 9694.84 9693.29 9690.5 9685.91 9679.6 9673.58 9680.26 9688.52 9693.35 9695.45 9692.64 9691.75 9686.95 9689.9 9691.79 9695.38 9694.03 9694.63 9696.23 9698.74 9701.52 9704.96 9709.1 9713.03 9716.17 9719.33 9716.47 9706.44 9712.77 9722.06 9723.93 9723.28 9722.34 9728.79 9734.43
9667.49 9664.87 9664.76 9665.29 9664.23 9662.2 9659.68 9656.75 9653.36 9646.2 9638.38 9637.96 9644.22 9649.68 9654.28 9658.38 9659.86 9655 9653.62 9660.95 9671.25 9676.73 9679.71 9681.11 9682.09 9683.35 9685.77 9690.4 9691.2 9691.01 9692.65 9693.48 9693.22 9691.09 9690.01 9686.48 9680.7 9672.3 9680.11 9688.49 9691.66 9692.93 9693.03 9689.43 9685.94 9688.47 9690.88 9691.97 9691.4 9692.63 9693.46 9694.38 9697.24 9700.9 9704.86 9708.96 9711.46 9712.81 9710.14 9705.34 9714.24 9724.41 9724.68 9725.66 9728.81 9729.87 9733.41
9664.38 9662.13 9661.79 9662.81 9662.09 9659.89 9657.23 9654.1 9651.87 9652.74 9643.08 9636.89 9639.84 9644.13 9648.12 9651.65 9654.51 9650.27 9653.58 9661 9668.82 9674.46 9677.85 9679.51 9679.88 9679.76 9680.08 9682.31 9687.54 9691.01 9692.42 9692.86 9692.7 9693.24 9691.35 9690.01 9690.05 9690.78 9686.93 9688.29 9687.3 9682.45 9696.9 9692.71 9688.46 9688.66 9691.65 9696.17 9697 9693.82 9693.9 9695.4 9697.51 9699.58 9701.12 9702.6 9706.18 9708.7 9708.08 9708.26 9714.73 9717.2 9719.39 9723.28 9726.43 9730.09 9732.85
9664.77 9663.41 9663.88 9663.2 9661.39 9658.86 9655.63 9651.87 9647.68 9641.82 9635.76 9635.37 9637.85 9641.48 9644.48 9645.24 9646.92 9654.77 9654.5 9658.75 9669.08 9674.56 9678.72 9679.18 9677.84 9675.93 9674.16 9676.17 9684.48 9691.16 9692.14 9692.01 9691.2 9690.05 9689.65 9692.03 9696.34 9698.29 9689.83 9682.13 9682.64 9687.42 9700.49 9693.7 9689.77 9687.67 9687.59 9692.58 9698.52 9691.53 9691.74 9693.55 9695.3 9697.04 9698.38 9698.93 9702.47 9705.14 9705.14 9706.86 9708.75 9711.51 9716.44 9724.02 9728.16 9730.18 9732.24
9666.58 9666.23 9667.14 9664.85 9662.37 9658.72 9654.63 9649.65 9643.63 9636.59 9633.27 9634.26 9637.67 9641.45 9644.5 9646 9648.19 9653.59 9658.14 9663.11 9670.56 9674.01 9678.2 9678.74 9676.2 9673.04 9671.44 9674.35 9682.47 9688.1 9691.13 9691.33 9690 9687.31 9687.73 9691.25 9695.54 9697.31 9691.57 9683.24 9684.21 9688.48 9693.4 9693.86 9688.92 9688.14 9685.1 9701.4 9701.1 9688.64 9691.05 9693.75 9695.43 9696.52 9697.43 9699.34 9698.31 9697.92 9700.29 9701.61 9704 9706.43 9712.93 9724.16 9727.93 9728.38 9729.74
9669.76 9668.68 9667.98 9666.42 9663.27 9659.78 9655.35 9649.83 9643.24 9636.37 9632.39 9635.45 9640.11 9644.4 9648.53 9652.5 9656.51 9660.33 9663.8 9669.99 9666.62 9671 9676.68 9677.52 9674.19 9670.49 9668.98 9673.58 9682.71 9689.62 9690.74 9691.25 9690.88 9689.24 9688.67 9690.18 9689.17 9691.05 9694.37 9696.83 9690.93 9687.93 9688.77 9691.37 9696.33 9691.24 9688.62 9692.25 9693.58 9691.44 9693.14 9694.68 9695.87 9696.4 9696.04 9694.46 9694.68 9695.48 9696.69 9697.01 9696.28 9703.15 9707.23 9715.9 9721.01 9724 9726.86
9673.56 9672.49 9672.87 9668.53 9665.43 9661.56 9657.33 9651.91 9645.47 9638.27 9633.27 9639.02 9644.59 9648.83 9653.56 9659.45 9663.7 9663.62 9662.07 9662.17 9661.07 9667.4 9673.31 9674.71 9671.82 9668.36 9665.17 9670.96 9680.65 9687.28 9689.71 9692.01 9694.08 9695.94 9696.92 9692.78 9687.12 9688.91 9696.23 9699.24 9694 9688.2 9687.58 9690.14 9692.96 9692.22 9691.12 9693.43 9698.95 9698.43 9696.95 9697.58 9697.91 9697.86 9697.29 9696.44 9697.21 9698.05 9697.62 9694.96 9700.29 9707.97 9708.85 9707.34 9713.29 9720 9724.74
9677.2 9674.85 9672.42 9669.74 9668.46 9664.99 9660.68 9655.96 9651.13 9645.72 9643.29 9648.21 9651.54 9653.99 9656.5 9660.41 9663.13 9660.96 9656.83 9652.1 9658.91 9666.19 9668.7 9668.91 9669.54 9669.45 9667.4 9671.46 9675.51 9681.96 9687.84 9692.37 9696.61 9701.51 9704.13 9696.32 9689.7 9692.46 9699.08 9701.61 9696.01 9688.9 9685.86 9690.26 9692.65 9692.34 9691.89 9688.57 9691.03 9698.12 9698.67 9699.63 9697.5 9698.03 9699.82 9700.23 9703.54 9705.5 9702.46 9702.47 9709.32 9713.84 9713.79 9709.77 9712.58 9717.62 9722.17
9682.66 9679.46 9676.46 9674.95 9672.37 9668.47 9664.46 9661.17 9658.85 9659.39 9662.6 9661.37 9659.27 9658.46 9658.21 9656.54 9659.47 9657.67 9653.85 9652.4 9662.46 9666.95 9665.83 9664.59 9668.48 9673.21 9678.13 9674.97 9675.74 9680.51 9686.86 9692.11 9697.05 9701.63 9704.05 9698.96 9690.5 9695.83 9704.04 9705.68 9698.31 9691.4 9690.22 9693.14 9692.49 9693.89 9696.81 9702.07 9704.57 9703.4 9701.5 9700.6 9700.38 9700.93 9702.28 9704.83 9708.2 9707.72 9705.91 9707.28 9713.48 9719.67 9718.48 9715.11 9713.56 9716.74 9721.05
9689.84 9687.36 9686.99 9683.3 9677.46 9671.92 9667.58 9664.71 9664.5 9667.97 9672.42 9668.7 9663.84 9661.28 9660.34 9660.23 9650.51 9653.44 9652.5 9650.95 9657.52 9666.08 9666.79 9664.68 9667.5 9671.77 9676.33 9675.47 9677.74 9681.4 9686.9 9691.92 9696.23 9699.74 9701.9 9701.8 9702.05 9702.72 9707 9706.55 9699.51 9694.68 9693.16 9693.97 9691.03 9692.76 9699.76 9707.73 9711.74 9706.36 9703.33 9701.83 9701.6 9701.91 9703.76 9706.67 9708.01 9705.87 9706.63 9711.4 9720.45 9728.91 9729.78 9715.03 9715.22 9717.78 9721.9
9695.43 9694.07 9694.23 9689.16 9681.21 9675.14 9670.41 9666.73 9664.73 9665.53 9666.92 9666.48 9664.21 9661.71 9659.92 9658.17 9658.55 9656.43 9655.61 9654.02 9660.55 9670.28 9667.95 9668.16 9665.13 9663.44 9667.28 9673.26 9676.57 9683.06 9688.17 9691.97 9694.91 9696.99 9699.1 9700.4 9702.51 9702.42 9702.28 9700.46 9695.8 9692.27 9689.91 9688.53 9688.12 9692.07 9700.69 9710.11 9714.87 9707.9 9703.26 9702.36 9702.35 9702.73 9703.91 9704.39 9706.1 9705.8 9706.29 9706.67 9720.95 9731.53 9730.28 9724.54 9718.26 9718.4 9721.78
9698.98 9697.82 9696.03 9689.09 9682.37 9677.57 9672.54 9668.18 9663.96 9658.41 9662.06 9663.65 9661.93 9660.12 9658.56 9658 9659.87 9660.9 9662.59 9665.82 9671.04 9667.46 9665.88 9662.85 9661.31 9661.71 9666.95 9675.31 9682.01 9687.12 9690.77 9692.68 9693.88 9694.16 9693.6 9695.86 9699.12 9699.28 9696.91 9694.81 9691.15 9687.38 9685.43 9685.59 9688.73 9692.3 9699.74 9708.03 9715.49 9706.38 9702.98 9703.28 9703.39 9703.36 9703.71 9703.27 9702.04 9706.25 9708.41 9715.15 9722.33 9729.87 9725.07 9716.61 9717.88 9719.72 9723.07
9703.35 9701.26 9697.22 9687 9685.11 9680.46 9674.88 9668.87 9664.29 9663.98 9660.32 9658.35 9659.07 9658.04 9657.98 9658.7 9662.05 9665.35 9668.62 9673.77 9677.53 9665.57 9666.89 9665.47 9663.46 9661.88 9669.73 9681.63 9689.9 9693.41 9694.23 9694.59 9693.97 9692.79 9691.61 9692.48 9696.12 9698.23 9698.55 9695.08 9692.24 9690.41 9688.61 9690.28 9691.79 9693.87 9698.85 9702.7 9701.55 9701.46 9703.88 9704.05 9704.59 9704.72 9705.06 9705.48 9708.06 9713.29 9713.15 9712.71 9723.92 9731.94 9720.78 9716.22 9716.35 9718.65 9722.19
9708 9706.13 9704.94 9700.86 9691.51 9684.86 9677.18 9668.9 9660.91 9655.91 9657.36 9659.74 9655.7 9654.67 9657.71 9662.79 9665.9 9669.41 9672.28 9672.78 9663.17 9674.25 9671.85 9672.57 9666.95 9662.25 9673.95 9689.92 9699.54 9699.27 9697.42 9695.82 9693.63 9691.98 9690.12 9691.93 9697.3 9699.63 9699.66 9697.7 9694.45 9695.54 9699.24 9696.43 9697.24 9700.04 9700.17 9697.88 9695.02 9701.72 9705.74 9705.63 9706.5 9707.29 9708.01 9709.36 9717.45 9722.91 9719.56 9720.92 9724.64 9725.2 9717.37 9713.89 9718.16 9720.3 9723.47
9711.46 9709.59 9708.59 9707.54 9699.19 9689.86 9680.39 9670.42 9659.1 9650.18 9651.83 9658.09 9649.99 9648.88 9649.57 9659.64 9669.4 9673.19 9676.69 9678.58 9680.71 9678.01 9673.79 9667.7 9661.67 9662.5 9678.14 9696.58 9705.38 9703.7 9700.87 9697.79 9694.69 9692.14 9691.06 9693.29 9700.59 9702.21 9700.19 9701.21 9701.05 9702.61 9706.26 9705.67 9705.86 9707.31 9703.66 9697.3 9689.39 9698.59 9705.77 9705.96 9707.76 9708.77 9709.88 9710.92 9716.84 9721.44 9722.66 9724.23 9723.93 9723.4 9716.57 9721.28 9719.37 9720.72 9724.11
9715.98 9713.31 9711.29 9712.25 9705.04 9694.71 9684.7 9674.98 9665.26 9655.6 9647.73 9639.99 9642.04 9645.73 9647.7 9660.33 9671.79 9676.36 9681.11 9685.9 9690.07 9685.53 9677.11 9667.37 9661.24 9667.94 9681.09 9698.14 9705.67 9704.63 9702.16 9698.75 9694.75 9692.12 9692.24 9696.94 9702.04 9705.71 9707.03 9704.8 9703.8 9706.33 9709.94 9712.37 9713.31 9712.46 9708.44 9702.07 9699.24 9699.62 9695.33 9706.53 9711.47 9713.37 9713.48 9711.84 9709.52 9713.53 9721.57 9725.48 9723.09 9716.92 9715.8 9714.33 9715.4 9719.6 9723.57
9718.53 9715.4 9711.96 9710.05 9705.18 9697.47 9689.52 9681.18 9672.35 9661.57 9648.53 9638.06 9640.38 9649.18 9658.75 9666.33 9672.14 9677.64 9683.95 9690.35 9694.1 9691.35 9683.13 9674.45 9670.56 9674.49 9684.59 9691.84 9700.69 9704.65 9703.11 9699.58 9694.97 9691.03 9689.11 9693.53 9700.65 9706.51 9708.92 9705.58 9705 9707.17 9711.32 9713.64 9715.31 9716.52 9711.89 9704.89 9701.87 9695.93 9707.72 9712.54 9715.69 9717.18 9717.97 9718.89 9714.66 9713.95 9718.76 9724.55 9724.56 9721.93 9716.8 9709.12 9713.74 9719.43 9723.42
9722.62 9719.21 9714.28 9709.81 9704.05 9701.77 9695.44 9687.58 9679.63 9667.72 9653.87 9641.05 9643.56 9655.8 9666.02 9663.89 9668.95 9677.99 9686.26 9693.95 9698.1 9696.95 9691.52 9682.59 9674.37 9677.98 9691.82 9707.32 9708.44 9707.01 9704.28 9700.55 9695.34 9689.77 9684.65 9681.83 9698.8 9705.44 9706.13 9702.59 9701.77 9706.33 9710.2 9712.55 9713.59 9712.68 9710.04 9704.46 9695.69 9690.07 9713.51 9719.91 9720.52 9721.24 9721.97 9721.91 9713.38 9700.78 9721.82 9728.63 9726.81 9723.89 9720.37 9720.08 9719.82 9722.25 9726.02
9726.51 9724.09 9720.53 9718.17 9715.14 9710.48 9702.25 9693.34 9685.01 9674.58 9663.82 9656.62 9658.45 9664.27 9667.54 9652.18 9667.04 9679.98 9691.02 9699.39 9705.68 9708.03 9703.02 9692.88 9681.75 9683.31 9697.14 9709.14 9712.45 9709.63 9705.1 9700.94 9696.39 9691.5 9687.24 9687.48 9698.44 9702.7 9701.99 9698.01 9698.69 9706.91 9712.22 9711.71 9708.36 9713.18 9713.1 9706.01 9700.31 9703.71 9719.44 9723.41 9723.68 9724.52 9725.03 9724.41 9719.75 9717.51 9729.11 9730.84 9728.36 9726.09 9729.12 9724.18 9724.07 9725.01 9727.01
9730.03 9729.04 9730 9732.85 9733.87 9721.14 9708.93 9697.78 9688.38 9680.76 9674.94 9672.89 9672.47 9672.14 9673.38 9670.93 9676.96 9687.41 9697.46 9705.67 9711.99 9714.92 9714.13 9706.22 9695.58 9688.03 9701.78 9715.11 9713.69 9711.02 9707.32 9703.5 9699.4 9695.79 9694.09 9697.2 9701.23 9702.1 9699.39 9694.17 9696.04 9708.85 9717.18 9714.99 9714.97 9715.32 9713.56 9708.73 9704.07 9712.23 9720.06 9722.01 9724.52 9725.47 9726 9725.68 9724.54 9724.63 9724.58 9726.68 9727.24 9725.85 9719.65 9723.74 9724.78 9724.92 9726.24
9732.76 9732.97 9734.82 9739.77 9739.44 9727.51 9714.05 9701.37 9691.78 9687.14 9684.59 9682.49 9681.07 9678.89 9680.28 9688.12 9690.49 9696.95 9704.88 9713.06 9719.8 9724.42 9727.47 9719.27 9705.72 9699.37 9704.52 9710.01 9712.14 9710.88 9707.72 9704.46 9701.26 9698.83 9698.48 9700.58 9701.67 9702.9 9699.46 9696.81 9699.6 9707.35 9713.42 9715.44 9715.62 9717.99 9718.93 9711.45 9703.82 9700.38 9714.05 9721.46 9723.6 9724.32 9724.78 9726.68 9725.83 9728.53 9719.29 9722.11 9726 9727.1 9719.76 9717.4 9719.63 9722.88 9724.6
9732.5 9733.47 9735.27 9738.64 9739.05 9727.77 9717.85 9706.62 9692.73 9695.91 9695.34 9693.64 9691.87 9691.9 9690.27 9694.49 9701 9707.05 9713.67 9720.94 9728.5 9736.83 9737.44 9730.74 9723.72 9718.08 9711.94 9709.42 9712.75 9712.09 9709.46 9706.21 9703.4 9701.06 9698.89 9698.62 9701.11 9700.32 9698.84 9698.28 9700.69 9706.85 9711.77 9714.61 9717.07 9719.74 9719.44 9714.12 9705.48 9699.68 9709.56 9720.86 9720.92 9720.4 9718.92 9717.6 9719.49 9717.21 9714.35 9720.64 9726.05 9728.32 9716.65 9714.07 9723.28 9721.34 9723.1
9730.71 9731.16 9731.69 9731.29 9722.38 9722.85 9723.07 9721.43 9718.01 9711.79 9708.77 9707.36 9709.34 9709.88 9709.02 9708.13 9712.67 9716.73 9722.14 9728.26 9734.57 9740.07 9744.15 9739.49 9735.06 9731.75 9727.88 9723.63 9718.75 9715.33 9711.83 9708.91 9706.31 9703.86 9701.85 9698.81 9695.34 9695.36 9697.93 9699.56 9701.78 9703.81 9708.38 9712.73 9716.63 9720.27 9722.8 9715.97 9707.04 9702.76 9706.02 9713.79 9716.57 9717.41 9716.27 9714.03 9717.23 9716.48 9719.35 9722.8 9725.74 9727.71 9714.74 9709.62 9712.65 9716.29 9719.86
