real_craters/C209-1000m.grd
DSAA
184 184
-91.74 91.74
-91.74 91.74
2435.3871053925 5062.4674212897
[rows 150 to 179 of 184, columns 0 to 66 of 184]
4020.54 4024.33 4025.45 4028.01 4030.68 4031.46 4033.86 4042.81 4068.98 4062.99 4054.4 4056.11 4060.1 4067.93 4101.38 4110.56 4094.23 4069.08 4047.37 4033.72 4030.35 4022.23 4011.36 4005.72 3996.85 3987.19 3988.73 3994.32 3997.22 3998.4 3990.25 3991.96 3997.29 4001.67 3997.43 4022.67 4027.09 4030.06 4030.78 4019.44 4018.9 4034 4031.76 4030.54 4028.86 4040.75 4042.81 4039.04 4044.31 4063.92 4062.99 4047.78 4056.9 4017.92 4013.16 4024.45 4016.23 4015.4 4019.81 4029.98 4045.95 4065.83 4053.4 4030.95 4027.63 4068.06 4065.58
4019.26 4021.09 4022.65 4023.26 4029.31 4024.71 4020.65 4020.9 4027.3 4026.33 4029.78 4042.15 4058.56 4083.61 4107.33 4098.61 4078.07 4056.62 4042.96 4037.07 4029.25 4022.88 4014.1 4008.31 4001.44 3999.11 3997.14 3999.13 4019.73 4010.89 3999.35 3990.07 4003.38 4010.34 3998.67 4019.41 4026.48 4032.48 4032.96 4023.12 4015.37 4029.01 4039.4 4036.04 4029.3 4035.49 4044.58 4041.02 4032.3 4028.3 4035.21 4035.14 4032.97 4011.44 4006.6 4005.56 4009.01 4016.48 4018.7 4013.8 4033.72 4036.83 4041.59 4028.74 4026.46 4044.53 4046.99
4021.36 4031.59 4037.63 4030.26 4027.62 4037.99 3997.44 3982.14 3991.2 4005.8 4017.08 4025.21 4059.04 4094.6 4097.68 4083.99 4065.16 4043.47 4034.82 4032.75 4031.47 4028.14 4020.75 4014.64 4010.63 4011.12 4014.9 4029.65 4049.1 4031.16 4013.46 4006.65 4012.48 4015.46 4007.53 4015.72 4018.57 4026.08 4031.92 4029.31 4035.24 4051.87 4040.63 4031.31 4024.21 4032.59 4040.08 4039.77 4037.12 4029.53 4025.05 4022.92 4010.73 3996.43 3991.43 3996.99 4006.63 4020.08 4028.43 4016.63 4014.84 4026.35 4023.3 4032.35 4033.8 4055.28 4055.9
4032.83 4045.73 4054.88 4033.93 4017.96 4027.27 3979.15 3979.96 3991.18 4002.49 4013.77 4033.09 4072.65 4100.81 4089.53 4073.01 4054.05 4038.36 4032.82 4031.06 4030.69 4031.92 4028.5 4024.58 4025.85 4024.53 4033.52 4061.77 4059.86 4045.11 4034.08 4027.03 4026.52 4022.79 4015.08 4007.83 4008.52 4007.83 4017.01 4024.46 4038.14 4041.94 4042.88 4031.89 4025.63 4031.57 4045.33 4053.66 4051.49 4034.4 4022.57 4011.64 4003.4 3997.51 3998.11 3998.9 4004.26 4021.39 4043.96 4029.54 4024.01 4028.21 4026.27 4039.12 4040.2 4026.89 4019.01
4057.38 4045.95 4034.71 4006.14 3980.76 3981.99 3974.61 3986.24 3993.75 4007.42 4019.86 4053 4084.98 4085.69 4071.11 4059.55 4043.28 4038.56 4035.47 4031.04 4031.89 4038.46 4040.81 4037.67 4041.99 4034.81 4046.45 4089.13 4080.05 4061.74 4060.56 4034.02 4021.81 4021.86 4009.46 4001.22 4008.43 4006.56 3998.38 4011.79 4031.69 4040.1 4038 4043.82 4042.81 4053.51 4074.77 4087.67 4078.01 4036.57 4021.32 4011.41 4004.35 4005.36 4008.44 3998.65 3994.46 4014.66 4035.79 4029.1 4023.45 4030.09 4019.35 4020.2 4027.62 4012.38 4003.21
4058.8 4042.63 4020.52 3997.74 3988.5 3981.44 3980.67 3993.14 4001.23 4014.94 4027.32 4065.66 4074.67 4060.98 4052.14 4047.15 4041.21 4038.3 4034.89 4030.05 4034.93 4041.09 4047.42 4057.91 4056.32 4045.54 4082.88 4106.68 4098.01 4083.64 4075.99 4042.77 4026.99 4029.8 4022.36 4017.43 4003.62 3995.97 4008.17 4013.6 4015.21 4014 4016.67 4029.57 4060.06 4076.27 4089.96 4096.08 4074.31 4041.04 4012.59 4004.1 4001.29 3996.66 3995.81 3996.51 3992.28 4006.14 4016.16 4024.23 4028.3 4030.2 4017.74 4012.44 4015.24 4012.36 4007.16
4041.95 4043.91 4034.88 4021.15 4000.89 3993.81 3990.79 3999.8 4012.23 4024.56 4046.01 4058.59 4048.64 4040.32 4034.52 4037.14 4041.42 4040.36 4037.98 4034.51 4040.77 4046.67 4051.99 4059.8 4056.85 4067.98 4120.47 4128.7 4115.3 4092.17 4070.62 4057.36 4057.69 4046.65 4040.48 4032.18 4024.85 4012 4023.94 4015.3 4003.89 3999.26 3994.21 4005.06 4035.83 4066.65 4084.59 4092.91 4068.36 4032.56 4022.08 4009.42 4000.22 3991.03 3996.33 3999.92 3995.24 4004.73 4016.83 4020.29 4027.8 4025.68 4028.17 4027.03 4018.42 4025.63 4018.66
4019.57 4045.34 4043.84 4022.99 4001.82 3996.22 4000.42 4017.52 4036.03 4058.2 4045.36 4027.04 4024.58 4018.98 4024.63 4034.12 4043.55 4046.77 4048.07 4046.92 4048.15 4059.23 4070.05 4079.89 4063.71 4112.4 4154.52 4152.77 4137.33 4113.01 4087.83 4075.4 4071.12 4062.2 4054.99 4038.67 4026.45 4008.79 4008.56 4001.83 3991.33 3988.73 3991.39 3995.61 4009.46 4036.91 4071.62 4078.08 4059.91 4033.43 4030.2 4014.56 4003.99 3997.97 4005.79 4007.73 4009.35 4007.5 4005.19 4014.29 4021.46 4027.31 4021.72 4021.12 4015 4022.29 4029.76
3983.15 4019.09 4019.57 4008.84 3999.4 4004.45 4012.38 4028.59 4059.89 4049.82 4023.75 4012.39 4010.26 4014.33 4026.36 4035.15 4049.71 4058.73 4058.22 4060.1 4067.34 4076.2 4083.88 4078.76 4092.68 4146.87 4177.17 4181.54 4160.48 4136.98 4112.22 4099.29 4096.2 4089.38 4080.98 4058.75 4039.97 4022 4004.77 3991.26 3984.85 3983.43 3996.9 4005.84 3997.07 4015.36 4039.47 4052.96 4044.38 4022.62 4013.04 4012.21 4009.47 4004.15 4000.53 4000.48 4007.97 4007.07 4002.76 4010.01 4012.73 4015.5 4008.47 4004.34 4001.82 3998.84 4004.11
3977.57 4009.11 4009.49 4006.41 4009.82 4020.73 4025.51 4027.55 4053.74 4025.67 4009.15 3998.83 4004.25 4016.58 4024.43 4035.14 4053.12 4068.15 4063.56 4075.8 4089.21 4098.42 4102.48 4109.16 4134.78 4155.24 4182.34 4192.75 4162.69 4136.99 4124.08 4129.35 4133.85 4125.01 4105.46 4082.34 4058.4 4035.94 4018.65 4009.61 3998.19 3985.77 3975.19 3995.68 3991.28 4004.1 4021.43 4033.19 4034.79 4018.8 4012.86 4013.02 4011.88 4008.23 4003.24 3998.67 4003.56 4011.53 4010.09 4012.25 4009.6 3996.71 4002.52 4000.71 3994.45 3990.66 3989.5
3980.51 4005.41 4011.52 4015.29 4020.66 4028.06 4027.78 4039.52 4033.98 4008.3 3999.17 3995.35 4001.54 4015.89 4024.56 4027.75 4047.97 4062.85 4074.6 4093.67 4107.85 4113.29 4110.54 4127.07 4134.77 4141.73 4160.42 4164.28 4149.15 4124.74 4120.05 4145.9 4160.36 4148.95 4129.82 4096.79 4069.16 4051.22 4030.51 4015.6 4002.14 3980.02 3969.12 3971.05 3979.51 3999.03 4013.19 4021.34 4021.8 4015.7 4020.72 4017.09 4014.94 4009.52 3999.54 3993.55 3994.86 4005.78 4009.76 4016.6 4015.74 4006.35 4006.09 3999.22 3987.35 3984.46 3998.15
3978.61 4004.62 4016.85 4021.5 4023.99 4030.01 4034.04 4019.58 4010.54 4003.94 4000.17 3997.72 4008.67 4016.31 4022.53 4030.66 4045.22 4060.99 4083.62 4111.23 4128.7 4120.9 4103.24 4098.53 4111.37 4116.74 4119.51 4124.76 4113.47 4108.43 4120.24 4152.31 4172.7 4170.53 4152.31 4118.51 4091.54 4061.69 4036.64 4012.53 4000.24 3987.99 3982.48 3977.43 3992.42 4004.4 4013.39 4017.07 4010.21 4015.12 4021.83 4019.36 4015.1 4016.33 4007.35 3997.07 4003.01 3998.24 4007.46 4016.53 4014.7 4005.59 4009.32 3990.64 3991.38 3995.31 4006.52
3968.91 3978.19 4013.95 4021.54 4025.38 4032.68 4023.22 4008.33 4007.28 4005.91 4004.23 4005.07 4011.07 4013.96 4019.97 4030.38 4046.58 4065.22 4098.63 4116.73 4124.06 4109.97 4086.76 4080.48 4086.73 4094.51 4100.33 4099.74 4100.12 4103.05 4111.66 4141.86 4167.44 4179.28 4166.24 4137.03 4102.45 4077.83 4049.77 4026.54 4009.04 4001.22 3992.12 3990.97 4009.58 4009.04 4010.58 4011.62 4010.56 4019.73 4020.98 4018.73 4015.59 4014.45 4015.67 4006.19 4015.36 4000.86 4002.68 4007.51 4006.9 4001.69 4001.6 3992 3989.21 3994.77 4004.6
3961.73 3972.99 4023.21 4051.81 4042.68 4022.45 4006.94 4009.95 4010.08 4009.07 4005.02 4007.81 4011.52 4010.28 4017.25 4034.83 4051.56 4071.22 4104.66 4109.91 4101.09 4073.49 4056.29 4069.14 4083.88 4090.15 4086.69 4083.58 4087.96 4100.35 4112.8 4133.5 4156 4171.81 4169.99 4154.09 4134.11 4100.36 4071.21 4054.26 4037.91 4015.34 3999.77 3993.73 3995.1 3999.67 4001.88 4003.1 4004.13 4011.04 4016.15 4017.89 4016.95 4015.68 4028.11 4016.13 4019.62 4006.38 4001.01 3999.1 4002.22 4013.18 4021.76 3996.21 3972.89 3975.28 3982.79
3959.84 3982.38 4031.53 4043.71 4023.73 4006.9 4007.2 4010.9 4012.34 4012.53 4010.6 4012.77 4009.92 4010.58 4022.22 4037.69 4050.29 4061.14 4089.94 4086.9 4064.95 4037.79 4031.66 4049.4 4065.27 4078.55 4075.55 4075.02 4080.37 4086.13 4096.91 4115.79 4135.18 4149.47 4162.49 4169.27 4155.68 4121.63 4086.6 4067.47 4043.96 4028.96 4016.03 4009.18 3996.74 3989.44 3993.39 3998.94 4006.42 4019.2 4017.29 4014.95 4016.56 4014.4 4025.7 4030.48 4025.99 4015.42 4007.77 4002.43 4001.71 4007.3 3999.48 3986.19 3978.24 3977 3982.68
3974.33 4001.75 4031.57 4027.77 4007.91 4009.95 4008.15 4009.44 4011.56 4013.94 4018.79 4016.22 4013 4017.22 4029.31 4035.27 4040.8 4045.35 4050.3 4046.91 4031.7 4014.57 4011.96 4025.61 4048.09 4061.2 4063.74 4063.8 4071.78 4072.81 4084.73 4099.78 4111.58 4136.12 4161.99 4179.79 4180.31 4118.18 4060.89 4069.35 4062.06 4047.25 4034.85 4029.03 4001.89 3983.64 3989.68 3997.45 4011.39 4022.56 4008.91 4009.77 4010.41 4012.65 4028.79 4033.35 4031.2 4027.09 4020.08 4010.92 4002.46 3991.08 3982.98 3984.92 3978.75 3977.47 3979.17
3999.92 4014.64 4027.15 4022.04 4004.93 4010.68 4006.11 4009.24 4011.94 4015.46 4012.68 4006.1 4006.26 4016 4024.95 4027.78 4026.27 4022.69 4022.22 4021.08 4013.23 4006.97 4000.66 4007.11 4019.42 4042.18 4050.88 4053.74 4061.32 4058.87 4069.25 4080.36 4088.06 4111.42 4152.37 4174.4 4177.3 4135.81 4100.68 4090.23 4081.19 4061.95 4049.62 4031.99 4006.02 3986.89 3993.23 3997.14 4005.02 4022.86 4018.29 4013.4 4014.06 4020.42 4031.55 4038.2 4042.69 4038.21 4029.74 4024.12 4010.54 3994.08 3989.8 3983.83 3975.49 3974.76 3976.98
4020.07 4020.8 4021.15 4018.18 4003.65 4006.88 4005.77 4011.03 4016.65 4022.37 4006.74 4001.54 3998.61 4003.27 4021.1 4017.36 4008.94 3995.23 3986.01 3991.09 3993.32 3992.93 3987.62 3991.5 3994.81 4006.84 4030.89 4043.72 4055.81 4063.48 4063.12 4066.36 4067.99 4076.03 4113.68 4154.35 4169.17 4142.74 4110.39 4103.99 4094.5 4085.67 4067.32 4045.7 4017.51 4005.75 4010.45 4013.07 4010.25 4017.04 4026.66 4029.91 4040.29 4047.51 4041.77 4039.41 4052.56 4062.34 4046.61 4038.31 4022.88 4005.46 3993.12 3987.99 3983.12 3974.59 3977.26
4040.62 4024.58 4013.53 4008.24 4004.6 4005.28 4005.39 4009.69 4019.73 4019.48 4007.48 4002.19 4000.36 3993.59 4009.21 4000.39 3985.44 3969.7 3968.68 3969.29 3976.66 3970.75 3972.08 3980.19 3979.19 3990.13 4005.4 4025.02 4046.27 4055.12 4054.86 4051.19 4043.34 4052.96 4075.2 4130.81 4158.49 4137.51 4108.33 4102.43 4107.24 4102.97 4083.96 4062.54 4036.06 4036.26 4036.59 4033.11 4027.98 4034.42 4040.91 4042.26 4057.05 4067.72 4063.88 4063.86 4082.54 4073.75 4058.74 4057.03 4034.94 4009.9 4001.11 3997.85 3986.38 3977.7 3987.92
4049.08 4024.62 4015.61 4011.49 4004.59 4013.69 4011.53 4012.55 4024.49 4023.46 4011.68 4006.11 3980.12 3971.27 3984.71 3975.75 3957.15 3953.15 3965.21 3975.75 3968.59 3963.99 3967.31 3966.71 3969.62 3980.93 3991.41 4004.28 4029.13 4040.74 4039.63 4022.35 4015.16 4031.07 4053.9 4104.88 4132.54 4122.53 4099.48 4092.94 4105.72 4111.35 4096.43 4079.17 4058.74 4064.28 4063.72 4059.96 4048.91 4053.33 4063.37 4067.53 4073.25 4085.16 4092.94 4100.88 4108.35 4098.61 4079.18 4075.68 4044.19 4011.9 3998.43 3996.92 4015.32 3992.31 3992.9
4042.9 4031.58 4026 4016.94 4008.58 4025.81 4024.17 4024.94 4035.3 4024.03 4016.19 4002.88 3964.18 3934.43 3946.33 3955.68 3951.17 3949.03 3959.08 3965.3 3947.64 3955.8 3961.38 3962.55 3970.71 3982.88 3986.51 3989.26 3994.01 4004.68 4007.48 3993.74 3990.47 4010.08 4031.3 4068.93 4096.53 4097.68 4090.29 4087.76 4097.09 4097.4 4095.91 4089.45 4071.78 4083.41 4083.04 4082.85 4080.18 4091.63 4099.95 4105.18 4106.7 4111.75 4122.05 4134.18 4138.62 4125.5 4105.73 4080.54 4053.45 4021.23 4002.35 4005.2 4006.11 3996.57 4000.18
4034.62 4039.05 4040.53 4026.8 4038.13 4039.7 4032.16 4040.5 4036.54 4020.98 4004.73 3965.28 3923.25 3918.17 3933.5 3950.85 3955.25 3949.41 3954.17 3949.53 3947.65 3954.35 3960.83 3967.01 3977.08 3980.34 3982.67 3983.25 3987.75 3982.62 3977 3983.27 3990.75 4012.4 4020.91 4034.51 4061.77 4074.07 4079.17 4089.06 4099.35 4100.04 4110.04 4104.81 4093.43 4088.64 4092.08 4101.9 4115.7 4128.59 4132.11 4127.43 4125.92 4135.33 4147.26 4161.91 4173.49 4168.99 4145.78 4106.53 4070.88 4039.89 4029.8 4025.97 4012.28 4002.5 4002.28
4021.65 4024.45 4030.09 4026.6 4045.43 4038.83 4027.57 4033.28 4031.57 4017.92 3974.24 3926.06 3916.25 3916.78 3926.53 3943.54 3963.39 3958.02 3957.15 3956.68 3958.61 3961.87 3967.96 3971.07 3971.21 3973.49 3980.97 3980.62 3982.45 3982.81 3978.08 3991.45 4009.42 4023.62 4028.53 4040.26 4053.21 4062.34 4069.41 4091.72 4110.07 4112.51 4125.33 4122.2 4110.31 4103.3 4108.26 4127.84 4155.87 4186.22 4187.08 4160.48 4151.21 4157.47 4169 4183.44 4198.08 4205.51 4175.73 4131.57 4093.46 4053.6 4032.48 4026.37 4019.61 4016.83 4005.55
4004.35 3996.29 3989.71 4032.69 4004 4021.39 4022.49 4025.8 4021.35 4006.98 3946.95 3913.99 3909.32 3918.43 3926.16 3941.64 3958.14 3957.53 3960.53 3967.84 3963.56 3967.56 3972.71 3969.21 3966.91 3973.19 3979.07 3983.29 3984.09 3982.72 3985.76 4004.5 4030.49 4031.47 4033.41 4039.8 4048.52 4057.95 4064.53 4087.42 4110.26 4121.63 4126.13 4124.63 4120.69 4114.47 4118.38 4150.45 4201.32 4224.34 4206.24 4187.92 4176.56 4178.19 4188.48 4201.91 4212.56 4212.63 4207.68 4166.27 4116.35 4085.22 4053.54 4035.23 4031.35 4029.93 4009.97
3965.64 3949.28 3941.2 4044.68 3990.34 4015.64 4038.37 4027.6 4015.54 3974.57 3932.31 3914.44 3911.97 3920.33 3922.5 3936.3 3944.21 3949.52 3957.19 3969.2 3971.47 3974.58 3976.81 3977.06 3976.19 3973.4 3974.23 3976.04 3977.87 3979.05 3985.24 4013.44 4037.59 4034.06 4031.24 4033.55 4042.61 4060.34 4076.21 4087.05 4100.23 4125.97 4130.68 4127.51 4125.53 4122.07 4132.68 4166.88 4197.14 4213.63 4200.13 4190.44 4187.72 4191.81 4205.11 4218.88 4218.22 4208.03 4203.18 4147.84 4119.45 4098.59 4075.42 4052.07 4045.14 4037.53 4022.94
3922.5 3920.98 3924.85 4037.26 3998.56 4004.31 4008.36 4006.51 3992.59 3949.58 3940.01 3920.68 3920.88 3928.41 3931.94 3936.42 3939.96 3945.67 3954.42 3966.17 3972.18 3977.52 3982.37 3983.59 3981 3975.52 3970.89 3971.16 3972.91 3978.59 3993.61 4020.96 4035.38 4037.11 4029.93 4028.4 4038.7 4063.2 4088.81 4095.8 4100.26 4121.82 4131.46 4130.44 4121.42 4127.31 4149.87 4166.85 4172.12 4174.48 4175.3 4173.99 4183.66 4196.81 4213.48 4233.72 4237.37 4217.44 4187.95 4141.02 4122.64 4109.98 4094.67 4077.08 4053.32 4046.34 4030.1
3924.52 3924.89 3911.82 4034.33 3990.53 3989.22 3993.26 3979.52 3939.42 3932.52 3934.2 3936.89 3937.99 3934.66 3936.21 3939.27 3940.61 3945.21 3954.23 3964.82 3971.37 3977.76 3979.03 3982.73 3984.87 3970.9 3971.17 3972.46 3971.95 3985.3 4008.63 4022.78 4028.11 4024.28 4025.88 4027.18 4036.59 4062.21 4089.73 4099.79 4106.92 4129.64 4144.89 4142.66 4135.66 4147.57 4144.91 4156.56 4161.77 4160.97 4165.29 4171.25 4180.66 4196.82 4213.06 4228.67 4227.26 4211.9 4191.86 4154.13 4139.7 4128.42 4111.53 4083.6 4062.33 4074.07 4047.76
3934.13 3929.12 3910.54 4024.14 3960.63 3959.53 3962.01 3938.21 3927.02 3932.23 3936.75 3952.94 3951.58 3942.74 3947.47 3938.16 3933.11 3946.71 3960.13 3969.64 3974.76 3969.93 3971.9 3976.08 3973.94 3975.05 3975.46 3976.65 3979.13 4001.01 4025.61 4029.67 4015.9 4014.26 4025.8 4029.19 4033.22 4055.88 4082.69 4093.9 4108.12 4134.33 4155.66 4152.73 4149.43 4146.66 4139.65 4154.07 4159.76 4150.31 4157.9 4167 4180.84 4194.41 4203.62 4208.95 4202.61 4196.64 4179.5 4164.52 4149.39 4133.63 4116.56 4094.78 4079.66 4064.73 4044.34
3919.79 3922.81 3909.68 4004.27 3942.77 3942.06 3938.37 3937.59 3935.49 3939.98 3946.22 3954.56 3958.24 3952.46 3964.54 3945.85 3939.96 3951.57 3965.96 3973.8 3977.97 3968 3968.35 3969.06 3969.31 3972.12 3979.74 3979.24 3998.4 4023.16 4044.42 4053.27 4044.1 4024.22 4023.04 4017.29 4024.88 4050.94 4058.54 4070.83 4096.22 4135.4 4150.04 4143.69 4133.76 4124.36 4136.04 4155.06 4152.58 4144.35 4146.87 4161.65 4188.13 4189.91 4189.88 4190.33 4185.52 4182.81 4180.49 4180.15 4166.18 4140.43 4119.89 4093.75 4081.88 4058.5 4046.43
3921.71 3926.57 3928.52 3970.97 3934.27 3939.13 3934.01 3941.66 3945.33 3943.51 3954.15 3950.9 3953.7 3964.92 3961.02 3952.39 3951.96 3958.08 3967.12 3973.13 3975.89 3969.04 3969.6 3970.04 3971.56 3975.76 3980.11 3989.27 4013.36 4032.02 4054.81 4079.06 4051.67 4028.26 4011.27 4019.5 4053.89 4065.47 4069.98 4059.05 4084.11 4122.81 4133.68 4120.48 4101.83 4089.18 4120.93 4146.3 4139.16 4126.41 4126.32 4148.44 4167.62 4174.27 4172.39 4167.45 4174.25 4184.29 4193.31 4187.98 4171.6 4149.3 4128.83 4119.26 4118.11 4084.04 4064.84
