real_craters/C209-500m.grd
DSAA
643 643
-160.545 160.545
-160.545 160.545
8160.5063366569 11370.891621614
[rows 120 to 149 of 643, columns 201 to 267 of 643]
10479 10485.4 10488.2 10484.5 10470.6 10435.4 10383.3 10319.6 10260.8 10206.4 10154.7 10112.1 10052.4 9998.24 9922.98 9834.79 9741.49 9646.74 9555.5 9472.45 9403.58 9367.63 9360.63 9366.45 9362.79 9361.34 9360.4 9359.28 9357.29 9354.48 9352.05 9350.31 9348.87 9347.48 9345.87 9343.96 9341.25 9340.02 9341.9 9343.01 9344.42 9343.66 9346.34 9348.66 9338.55 9333.74 9322.55 9313.74 9333.12 9346.11 9339.64 9334.53 9331.49 9329.92 9328.94 9328.55 9328.68 9329.1 9329.97 9333.36 9335.19 9333.55 9336.9 9343.63 9351.13 9359.49 9368.53
10473.3 10479.8 10484.5 10486.2 10477.1 10446.6 10402.7 10345.6 10283.7 10219 10156.6 10098.3 10045.4 9981.61 9911.53 9830.12 9742.38 9652.07 9562.14 9480.06 9413.44 9374.94 9364.13 9367.4 9363.26 9361.82 9360.61 9359.51 9357.61 9354.13 9351.93 9350.87 9349.59 9348.21 9346.66 9345.14 9343.35 9341.42 9342.83 9346.2 9346.28 9345.08 9350.47 9350.16 9317.21 9261.7 9230.78 9267.31 9303.95 9329.46 9337 9336.75 9332.44 9330.06 9329.18 9328.48 9328.12 9328.46 9329.8 9330.4 9331.76 9331.62 9337.5 9343.27 9349.76 9356.7 9363.95
10467.9 10472.4 10477.5 10493.6 10485.7 10455.8 10424.3 10386.5 10311.1 10232.2 10157.2 10086.1 10026.8 9973.87 9909.69 9831.44 9745.28 9655.14 9566.79 9486.08 9418.43 9376.72 9366.68 9368.78 9364.97 9362.62 9361.04 9358.97 9356.48 9354.92 9353.16 9351.89 9349.96 9348.56 9347.13 9346.11 9344.95 9342.9 9342.39 9344.47 9346.68 9346.71 9350.66 9351.19 9306.15 9240.8 9205.55 9242.87 9272.43 9307.26 9335.11 9339.2 9332.59 9330.43 9329.53 9328.89 9327.87 9327.26 9326.55 9326.67 9327.31 9330.02 9336.99 9341.41 9346.6 9351.68 9355.82
10464 10467.5 10470.8 10476.1 10470.4 10450.6 10424.4 10397.4 10321.2 10242.2 10163.8 10091.1 10036.5 9981.87 9915.76 9836.37 9749.43 9659.22 9570.96 9490.36 9421.93 9377.38 9375.12 9370.57 9367 9365.54 9362.21 9359.75 9358.34 9356.98 9356.07 9353.3 9350.62 9348.21 9346.57 9345.99 9346.17 9345.88 9343.62 9342.19 9343.64 9343.66 9348.23 9351.4 9312.92 9263.48 9234.55 9265.29 9296.59 9318.32 9337.33 9339.67 9332.89 9331.49 9330.44 9329.13 9327.87 9326.72 9325.56 9326.38 9327.36 9327.39 9333.23 9338.94 9343.21 9346.6 9348.68
10458 10454.9 10454.9 10458.5 10454.2 10438.4 10405.5 10360.1 10315 10250.1 10175.7 10102.1 10050.7 10002.6 9933.04 9849.4 9758.84 9667.35 9577.81 9496.41 9425.52 9377.6 9367.16 9370.04 9366.94 9364.36 9362.1 9359.82 9357.52 9357.64 9357.13 9354.01 9350.9 9348.12 9345.74 9344.13 9346.61 9347.61 9345.68 9342.5 9342.9 9342.05 9347.04 9348.49 9328.06 9306.65 9302.4 9314.01 9335.9 9337.77 9339.05 9339.44 9336.06 9333.21 9331.3 9329.8 9328.43 9327.15 9326.44 9326.96 9328.39 9328.64 9333.55 9337.6 9340.62 9342.78 9343.46
10445 10435.6 10434.9 10440.1 10439.9 10434.6 10410.3 10368.1 10326.3 10266.1 10197.7 10129.4 10084.8 10038.9 9959.21 9869.12 9775.19 9681.34 9589.66 9504.9 9430.12 9375.48 9365.92 9368.71 9366.41 9363.83 9361.36 9359.39 9358.26 9356.88 9355.67 9353.67 9351.05 9348.26 9345.31 9343.58 9346.72 9349.04 9345.9 9343.82 9343.44 9342.49 9345.75 9347.73 9340.84 9338.74 9348.64 9344.35 9345.08 9344.3 9342.34 9339.21 9336.42 9334.29 9332.32 9330.8 9329.43 9328.03 9327.18 9327.72 9330.06 9331.61 9334.45 9335.15 9336.19 9337.75 9339.78
10428.9 10417.3 10421.5 10427.2 10431.6 10442.2 10446 10413 10353.8 10290.4 10226.1 10165.3 10123.6 10075.6 9983.46 9888.16 9792.43 9697.38 9603.86 9516.02 9438.29 9379.77 9368.3 9370.68 9365.87 9362.94 9360.56 9358.92 9357.13 9356.34 9355.66 9353.97 9351.93 9349.43 9346.17 9343.37 9344.98 9346.99 9346.95 9345.26 9342.78 9342.4 9343.72 9345.19 9346.28 9347.78 9349.54 9348.21 9345.76 9343.87 9341.23 9339.05 9336.8 9334.49 9332.63 9330.99 9329.53 9329.08 9329.26 9329.12 9336.69 9342.02 9336.89 9333.27 9333.32 9334.62 9336.48
10421.4 10415.5 10415 10419.5 10425.3 10445.1 10466.5 10437.1 10374.4 10312.7 10253.4 10200.5 10153.5 10083.6 9991.2 9901.4 9808.17 9712.57 9618.56 9529.48 9450.44 9390.51 9371.51 9370.19 9363.59 9360.5 9360.13 9359.14 9357.89 9356.63 9355.36 9354.48 9353.62 9352.17 9349.95 9346.23 9347.77 9348.46 9348.32 9346.45 9343.77 9343.07 9342.74 9344.23 9346.88 9347.7 9347.24 9345.8 9343.93 9342.33 9340.41 9338.66 9337.19 9335.22 9333.44 9331.82 9331.24 9330.33 9329.69 9330.29 9345.79 9321.42 9329.75 9331.18 9332.53 9334.14 9335.72
10419.9 10412.2 10412.8 10416.6 10420.3 10436.2 10442.1 10423.5 10379.2 10326.4 10272.5 10218.8 10150.7 10049.3 9990.8 9915.35 9826.68 9732.97 9637.36 9546.6 9465.57 9402.25 9375.38 9368.86 9365.19 9362.79 9361.73 9360.49 9359.02 9357.9 9356.83 9356.63 9356.42 9355.92 9356.61 9357.35 9354.25 9353.04 9353.11 9348.49 9345.01 9345.14 9344.81 9344.77 9346.22 9346.08 9345.66 9343.41 9341.92 9341.28 9340.42 9339.61 9338.29 9336.86 9334.88 9333.24 9331.92 9331.24 9331.08 9331.12 9343.55 9331.77 9328.67 9330.53 9332.27 9333.86 9334.72
10420.2 10414.8 10413.9 10417.1 10423.3 10430 10427.8 10411.2 10378.9 10335 10285.7 10230.9 10159.4 10068.9 10017.5 9940.73 9849.65 9753.38 9656.79 9564.56 9481.34 9415.86 9382.79 9373.3 9371.42 9367.37 9364.78 9363.17 9362.03 9361.51 9361.42 9361.01 9359.55 9358.4 9357.32 9355.7 9353.42 9356.07 9357.58 9348.95 9345.95 9344.93 9346.06 9346.12 9345.96 9344.85 9343.92 9341.15 9340.36 9341.76 9341.91 9340.62 9339.52 9337.85 9336.27 9334.55 9333.33 9332.2 9332.14 9332.66 9335.28 9340.22 9334.77 9332.64 9333.44 9334.59 9337.12
10419.3 10417.8 10414.6 10415.7 10421.3 10427.4 10424.9 10407.7 10378.7 10340.9 10297.1 10249.8 10200.6 10159.2 10070.7 9974.12 9875.74 9778.11 9678.73 9583 9495.83 9423.59 9385.96 9377.55 9373.22 9369.8 9367.39 9365.92 9365.01 9364.38 9365.15 9364.64 9361.89 9359.95 9358.16 9355.28 9352.81 9358.67 9361.08 9352.07 9346.1 9346.33 9346.26 9345.85 9345.22 9344.47 9343.16 9339.76 9339.61 9341.57 9342.49 9342.36 9340.56 9338.71 9337.13 9335.82 9334.61 9333.16 9332.64 9332.78 9333.57 9335.13 9335.27 9335.07 9335.06 9335.62 9336.74
10413.5 10412.8 10410.7 10410.1 10411.4 10419.3 10424.9 10406.6 10380.5 10347.2 10309.3 10267.8 10226.9 10197.5 10104.9 10002.4 9901.51 9800.97 9700.92 9604.92 9515.18 9436.9 9392.66 9382.49 9374.88 9371.21 9369.78 9368.96 9368.23 9367.33 9366.38 9364.58 9362.84 9361.18 9359.42 9356.42 9355.27 9362.1 9365.49 9354.25 9347.65 9347.41 9347.09 9345.77 9345.18 9344.55 9344.01 9342.61 9341.38 9341.98 9342.14 9341.99 9340.7 9339.29 9338.02 9336.8 9335.59 9334.66 9334.07 9336.73 9337.35 9336.3 9336.47 9337.69 9338.06 9338.36 9338.43
10411.4 10405.6 10405.2 10404.1 10401.6 10406.2 10413 10402.5 10382.4 10355.2 10322.7 10283.7 10236.3 10177.1 10106.4 10021.2 9926.28 9827.6 9728.28 9631.8 9541.54 9461.45 9408.41 9389.87 9377.81 9374.01 9373.07 9373.04 9372.94 9372.05 9368.34 9365.13 9363.7 9362.85 9360.7 9357.64 9356.46 9360.47 9356.16 9353.33 9348.03 9347.13 9345.72 9345.51 9345.12 9344.57 9343.75 9342.4 9341.61 9341.31 9341.49 9341.3 9340.43 9339.55 9338.55 9337.51 9336.4 9335.52 9335.37 9336.77 9338.96 9338.54 9338.45 9337.72 9337.48 9337.55 9337.76
10414.9 10405.3 10403.4 10402.3 10402 10405.4 10406.3 10399.8 10384.7 10365 10338.8 10305.4 10262.7 10196.9 10120.5 10042.2 9953.03 9858.35 9760.78 9664.4 9571.94 9491.23 9431.22 9400.34 9383.43 9379.6 9378.56 9378.32 9378.12 9377.72 9370.9 9365.29 9365.39 9366.47 9365.42 9361.82 9358.61 9355.4 9351.19 9352.43 9348.46 9346.81 9346.08 9345.82 9345.42 9344.69 9343.83 9343.26 9341.93 9340.91 9340.14 9340.08 9340.08 9339.7 9339.07 9338.25 9337.46 9336.72 9335.73 9335.87 9336.33 9338.71 9339.1 9338.54 9338.08 9337.46 9337.09
10417.1 10409.2 10404.4 10403 10403.5 10405.8 10406.1 10401.1 10390.3 10375.2 10356.7 10331.8 10297.1 10233.8 10150.5 10070.6 9985.02 9894.44 9800.88 9704.43 9610.37 9524.62 9456.3 9415.96 9395.09 9390.78 9387.35 9385.24 9382.28 9379.35 9372.59 9366.29 9369.26 9372.47 9372.75 9367.11 9362.37 9359.66 9355.35 9354.86 9352.13 9349.48 9347.97 9347.49 9346.54 9345.26 9343.7 9342.9 9342.71 9341.65 9340.29 9339.97 9340.31 9340.34 9340.04 9339.55 9338.96 9338.2 9338.36 9338.39 9338.29 9339.05 9339.66 9340.1 9339.69 9338.87 9337.91
10420.3 10409 10405 10404.3 10405.6 10407.8 10408.1 10405.9 10400.4 10391 10377.8 10359.7 10334.1 10275.2 10183.3 10105.1 10022.7 9935.93 9843.93 9749.88 9654.32 9562.51 9486.24 9444.79 9421.97 9409.81 9402.67 9394.91 9387.26 9379.79 9374.77 9373.93 9374.68 9378.11 9379.87 9372.67 9367.13 9363.04 9359.27 9357.95 9356.06 9353.16 9351.73 9350.82 9349.08 9346.73 9344.22 9343.69 9344.07 9343.32 9340.85 9341.22 9341.65 9341.82 9341.65 9341.17 9340.71 9339.84 9339.73 9339.79 9340.14 9342.21 9343.74 9342.78 9342.22 9341.6 9340.37
10416.2 10406.4 10404.2 10405 10407.9 10412.6 10411.8 10412.3 10410.8 10406.7 10398.9 10385.5 10361.5 10309.4 10223.5 10144.6 10065 9981.22 9894.33 9803.26 9707.14 9609.76 9525.38 9477.59 9452.76 9435.6 9422.52 9409.77 9395.99 9384.38 9377.53 9376.37 9377.43 9379.13 9379.41 9376.43 9370.93 9366.65 9364.94 9361.58 9360.46 9359.47 9358.04 9356 9353.07 9349.67 9346.63 9346.45 9345.99 9344.88 9344.88 9344.09 9344.02 9344.03 9343.85 9343.09 9342.61 9341.56 9342.09 9342.08 9342.21 9343.79 9345.25 9345.49 9345.71 9346.05 9346.16
10405.8 10401.6 10401.9 10404.3 10408.1 10412.8 10412.9 10415.9 10418.1 10419.1 10417.3 10408.9 10389.4 10343.6 10260.7 10188.4 10113.6 10034.8 9951.61 9866.28 9774.67 9678.1 9585.31 9519.07 9489.99 9467.99 9446.19 9427.58 9407.26 9389.06 9379.34 9378.97 9379.91 9380.14 9379.98 9378.33 9374.08 9370.18 9369.74 9366.25 9366.4 9367.82 9365.72 9362.02 9358.05 9353.91 9350.25 9350.83 9350.63 9348.71 9348.24 9347 9346.64 9346.29 9346.01 9345.65 9345.02 9343.2 9342.82 9343.18 9343.35 9344.58 9346.87 9348.26 9350.93 9354.08 9356.5
10390.2 10394.6 10399.2 10402.3 10404.6 10408.3 10412.8 10418 10424.1 10429.6 10433 10430.9 10415.8 10375.4 10306.3 10236.5 10165.7 10092.1 10017.2 9938.25 9854.59 9763.59 9657.01 9583.9 9540.38 9505.45 9476.73 9448.25 9422.58 9398.61 9384.19 9381.58 9382.81 9383.78 9384.63 9383.57 9379.63 9375.36 9374.16 9368.9 9370.32 9376.31 9372.34 9367.8 9363.49 9359.52 9356.03 9355.72 9354.82 9352.02 9350.21 9350.07 9349.67 9349.2 9348.84 9348.19 9347.65 9346.22 9345.3 9343.85 9345.5 9345.19 9346.52 9350.93 9358.71 9366.65 9373.03
10384.3 10394 10399.8 10402.1 10401.7 10402.5 10409.9 10418.1 10427.4 10437.4 10447.8 10454.3 10453.6 10433.3 10357 10285.9 10220.6 10152.5 10081.8 10010.3 9937.48 9854.43 9735.13 9649.28 9591.69 9546.73 9510.31 9474.29 9442.11 9411.38 9389.3 9383.25 9384.48 9388.83 9391.18 9391.42 9390.98 9386.96 9380.66 9371.58 9372.88 9378.16 9376.26 9372.75 9368.98 9365.71 9363.09 9361.28 9357.65 9355.46 9353.99 9354.01 9354.39 9354.16 9353.77 9352.19 9350.92 9349.02 9348.11 9346.6 9348.35 9347.33 9348.55 9356.36 9370.45 9384.04 9396.98
10390.7 10400.3 10402.8 10403.6 10404.5 10403.4 10406.5 10415.7 10427.4 10440.4 10455.6 10470.1 10483.1 10483.9 10405.6 10335.6 10273.1 10208.4 10141.6 10076.4 10011.4 9927.9 9815.43 9710.66 9645.43 9593.75 9549.16 9506.1 9466.29 9427.58 9395.52 9388.39 9389.21 9392.29 9396.55 9400.2 9397.69 9393.02 9384.85 9377.2 9379.03 9378.99 9379.61 9377.28 9373.51 9370.15 9368.39 9366.03 9362.56 9359.06 9357.78 9359.12 9360.48 9360.69 9360.07 9357.58 9354.69 9351.85 9351.26 9352.45 9354.24 9352.54 9354.07 9365.86 9387.22 9407.41 9424.54
10395.4 10405.7 10404.1 10403.7 10403.8 10401.5 10402.7 10413 10426.3 10441.1 10458 10474.6 10491.1 10502.3 10452.5 10385.8 10322.5 10257.9 10192.8 10130.1 10068.5 10002 9885.54 9773.17 9702.19 9649.08 9601.8 9551.58 9507.44 9455.87 9413.59 9402.11 9398.58 9391.98 9398.67 9406.24 9412.47 9401.52 9387.77 9383.76 9385.51 9386.49 9385.45 9382.28 9377.47 9372.1 9368.69 9369.21 9369.84 9364.18 9363.19 9366.21 9368.5 9369.01 9368.51 9366.21 9361.46 9356.12 9354.21 9356.59 9360.24 9363.78 9368.29 9383.84 9412.68 9438.26 9462.52
10394.3 10401.1 10398.8 10399.2 10401.6 10398.4 10398.9 10409.6 10422.6 10437 10452.4 10466.2 10476.4 10477.8 10462.7 10422.4 10362.1 10300.4 10238.4 10170.2 10095.2 10021.8 9946.18 9834.92 9766.97 9713.83 9662.44 9609.31 9556.83 9500.63 9451.42 9430.02 9415.65 9402.57 9403.42 9411.08 9418.52 9409.76 9395.45 9391.61 9393.79 9394.61 9392.35 9387.28 9381.25 9375.33 9371.45 9369.29 9372.2 9369.86 9370.97 9375.19 9379.44 9381.46 9382.18 9377.79 9371.62 9366.48 9364.23 9365.01 9379.34 9388.69 9398.11 9416.36 9449.04 9480.26 9509.08
10387.1 10383.4 10388.1 10390.1 10390.7 10393.9 10397.6 10406.6 10418.5 10431.7 10444.1 10454.4 10456.9 10449.9 10450.9 10439.5 10391.1 10337.3 10279.4 10217.2 10146.2 10083.6 10024.9 9914.1 9844.18 9794.05 9736.5 9679.18 9619.22 9559.3 9509.39 9473.33 9452.47 9436.45 9426 9427.01 9424.4 9419.39 9406.07 9403.08 9407.88 9408.71 9401.34 9392.84 9384.97 9377.26 9372.53 9369.41 9369.06 9375.08 9380.66 9388.56 9396.14 9402.67 9403.65 9399.95 9391.24 9385.21 9398.12 9415.26 9425.91 9435.11 9445.92 9466.13 9499.8 9533.99 9565.08
10374.5 10375.5 10376.9 10382.2 10387.2 10390.5 10395.3 10402.3 10413.8 10426.2 10439 10446.2 10446.5 10438.3 10438.6 10442 10412 10372.1 10325.6 10273 10213.2 10159.9 10102.8 10010.9 9941.01 9879.48 9815.21 9748.38 9685.39 9622.22 9563.47 9523.28 9504.72 9487.6 9475.12 9470.95 9465.47 9455.43 9433.29 9417.7 9415.13 9421.14 9406.52 9398.44 9389.85 9380.27 9374.86 9372.61 9370.38 9376.47 9390.99 9407.59 9422.61 9431.66 9437.49 9436 9430.53 9433.88 9456.43 9485.15 9490.21 9494.18 9508.7 9533.78 9563.13 9598.44 9629.8
10356.2 10355.5 10365.1 10375.3 10383.7 10384.9 10383 10395.9 10408 10420.2 10431.1 10441.8 10446.2 10445.6 10444.9 10448.3 10435.7 10411.8 10378.3 10339.2 10295.4 10245.9 10187.7 10125.3 10050.7 9973.05 9898.13 9827.47 9759.45 9694.89 9634.64 9583.06 9543.54 9526.74 9519.96 9525.4 9528.2 9516.48 9490.23 9463.22 9431.78 9415.39 9413.64 9411 9402.47 9391.53 9384.85 9380.2 9377.47 9382.17 9408.62 9435.57 9456.39 9473.5 9482.64 9485.74 9485.39 9497.47 9532.44 9566.11 9566.87 9568.12 9584.37 9601.64 9637.46 9673.67 9703.77
10346.7 10349.1 10360.1 10372 10379 10383.8 10387.7 10395 10406.1 10417.7 10429.7 10442.7 10454.6 10466.2 10473.2 10470.1 10465.2 10452.2 10433.7 10409.7 10378.6 10341.5 10287.1 10232.2 10152.4 10062.3 9980.18 9907.22 9839.16 9774.81 9713.95 9656.54 9609.64 9583.24 9572.28 9578.06 9580.43 9573.72 9545.11 9517.48 9478.22 9452.62 9442.15 9437.43 9427.3 9412.08 9409 9403.88 9402.48 9412.36 9444.07 9477.66 9503.75 9527.27 9541.96 9550.72 9559.01 9578.95 9612.51 9644.72 9658.88 9670.59 9681.92 9698.13 9730.53 9761.9 9787.99
10348.3 10351.9 10366.5 10379.5 10386.2 10388.3 10390.5 10397.7 10407.1 10418.5 10431.6 10446.3 10463.9 10486.4 10509.2 10502.3 10496.1 10489.9 10484.9 10479.5 10468.2 10449.8 10399.8 10325.8 10235.8 10136.4 10055.6 9985.84 9921.43 9861.81 9803.34 9749.37 9705.59 9675.84 9653.2 9635.8 9624.44 9614.15 9583.94 9563.15 9531.54 9503.53 9489.03 9479.35 9470.24 9459.75 9453.97 9451.21 9450.22 9464.86 9496.8 9531.95 9563.96 9590.96 9615.06 9631.24 9647.55 9675.93 9717.99 9744.01 9758.11 9768.49 9790.18 9816.5 9837.46 9859.55 9880.6
10357 10373.2 10385.9 10394.3 10395.7 10394.5 10394 10398.8 10407.9 10419.6 10432.8 10447.5 10465.8 10489.3 10515.5 10520.6 10516.4 10516.6 10523.1 10534 10541.1 10528.9 10473.7 10360 10256.4 10186.2 10124.3 10065.2 10010.6 9957.32 9904.1 9858.21 9817.54 9776.42 9737.3 9692.81 9667.3 9653.75 9641.47 9611.54 9572.41 9551.99 9539.38 9531.14 9524.81 9522.26 9509.63 9507.55 9509.78 9527.93 9562.32 9598.36 9632.08 9665.29 9693.67 9718.12 9743.29 9777.84 9812.61 9848.62 9867.79 9882.16 9903.55 9922.94 9941.67 9961.61 9979.7
10363.5 10384.6 10396 10397.9 10398.1 10396.1 10391.6 10395.9 10407.9 10419.6 10431.8 10444.9 10458.8 10473.2 10490.4 10508.4 10515.6 10524.6 10541.1 10560.7 10565.8 10542.5 10479.1 10375.8 10278.7 10235 10191.4 10146.3 10100.4 10054 10009 9967.78 9930.85 9869.96 9827.45 9778.7 9743.64 9716.24 9701.08 9675.58 9628 9608.13 9600.38 9594.4 9581.96 9574.58 9574.51 9570.53 9580.28 9605.98 9639.78 9675.29 9710.85 9746.05 9779.19 9814.33 9848.14 9900.28 9943.99 9966.52 9984.73 10004.5 10017.9 10029.3 10045.8 10063.6 10080
