real_craters/C209-750m.grd
DSAA
429 429
-160.545 160.545
-160.545 160.545
8160.5063372747 11374.469779242
[rows 238 to 271 of 429, columns 154 to 230 of 429]
9948 9936 9943 9950 9959 9985 1.012e+004 1.008e+004 1.006e+004 1.006e+004 9832 9515 9245 9105 8992 8908 8817 8764 8746 8692 8634 8626 8672 8699 8634 8590 8543 8490 8482 8477 8468 8462 8457 8460 8467 8474 8482 8493 8502 8510 8509 8512 8517 8525 8540 8560 8583 8597 8605 8608 8617 8627 8638 8652 8662 8672 8679 8686 8688 8692 8696 8701 8706 8712 8723 8737 8740 8737 8734 8736 8738 8743 8746 8746 8743 8740 8742
9941 9953 9948 9949 9961 9984 1.007e+004 1.008e+004 1.003e+004 9987 9867 9657 9427 9213 9051 8967 8874 8809 8780 8720 8658 8657 8706 8757 8695 8638 8597 8555 8519 8496 8482 8477 8471 8467 8469 8478 8485 8491 8495 8497 8505 8512 8516 8522 8535 8558 8593 8610 8616 8617 8623 8633 8646 8653 8661 8669 8676 8680 8684 8688 8692 8697 8701 8705 8716 8731 8735 8733 8729 8730 8735 8741 8744 8745 8744 8742 8744
9934 9949 9954 9962 9975 1e+004 1.005e+004 1.006e+004 1.004e+004 1.004e+004 1.002e+004 9834 9613 9326 9122 9012 8918 8852 8821 8761 8697 8694 8718 8705 8695 8678 8643 8611 8557 8513 8501 8498 8491 8485 8480 8484 8492 8499 8505 8505 8510 8514 8517 8519 8526 8570 8612 8626 8624 8623 8623 8631 8654 8648 8658 8670 8674 8676 8681 8685 8689 8692 8696 8699 8711 8725 8731 8731 8733 8738 8740 8744 8746 8747 8747 8747 8749
9923 9944 9953 9969 9987 1.001e+004 1.003e+004 1.005e+004 1.005e+004 1.01e+004 1.01e+004 9909 9610 9368 9182 9054 8959 8889 8854 8800 8752 8745 8765 8789 8784 8745 8678 8618 8597 8558 8543 8535 8518 8505 8492 8493 8501 8508 8512 8518 8520 8521 8523 8524 8534 8559 8628 8629 8628 8622 8617 8603 8561 8628 8651 8665 8671 8675 8678 8681 8684 8689 8693 8699 8709 8722 8730 8733 8737 8745 8748 8749 8750 8750 8751 8753 8757
9915 9921 9947 9970 9991 1.001e+004 1.002e+004 1.002e+004 1.008e+004 1.015e+004 1.013e+004 9934 9659 9412 9217 9087 8994 8923 8879 8826 8792 8789 8817 8877 8926 8834 8749 8696 8678 8661 8632 8588 8549 8520 8503 8505 8512 8519 8527 8527 8528 8528 8528 8531 8540 8565 8592 8614 8618 8617 8616 8618 8650 8638 8648 8660 8665 8669 8674 8677 8681 8686 8692 8700 8710 8723 8734 8738 8744 8755 8756 8755 8754 8755 8756 8758 8765
9918 9929 9948 9971 9992 1.001e+004 1.001e+004 1.004e+004 1.011e+004 1.018e+004 1.015e+004 9960 9715 9459 9245 9124 9034 8960 8908 8858 8812 8816 8835 8862 8897 8879 8825 8794 8783 8760 8710 8647 8580 8533 8525 8523 8526 8530 8533 8536 8537 8535 8535 8540 8549 8570 8592 8605 8613 8613 8616 8622 8629 8634 8637 8644 8653 8661 8667 8671 8677 8683 8689 8698 8709 8724 8738 8747 8753 8760 8762 8763 8764 8765 8766 8767 8775
9920 9931 9949 9967 9988 1.001e+004 1.005e+004 1.007e+004 1.013e+004 1.022e+004 1.02e+004 9992 9730 9484 9284 9169 9080 9008 8952 8900 8853 8848 8847 8840 8853 8916 8936 8930 8907 8863 8802 8715 8617 8552 8547 8540 8540 8542 8544 8542 8538 8540 8542 8545 8552 8566 8590 8608 8599 8608 8613 8617 8620 8623 8624 8629 8640 8648 8657 8666 8673 8680 8687 8693 8710 8728 8746 8756 8761 8765 8768 8771 8773 8776 8779 8783 8785
9916 9938 9958 9973 9987 1e+004 1.005e+004 1.01e+004 1.017e+004 1.023e+004 1.02e+004 1.003e+004 9793 9549 9353 9233 9135 9059 9003 8935 8897 8901 8889 8872 8874 8978 9098 9078 9030 8985 8926 8797 8674 8587 8563 8559 8556 8554 8554 8548 8544 8547 8550 8554 8557 8569 8583 8605 8605 8602 8605 8609 8612 8614 8617 8625 8634 8643 8652 8663 8672 8680 8687 8697 8711 8730 8744 8754 8764 8767 8773 8778 8784 8789 8790 8790 8790
9897 9944 9969 9977 9986 9999 1.006e+004 1.013e+004 1.016e+004 1.019e+004 1.018e+004 1.01e+004 9948 9721 9464 9319 9201 9115 9084 9048 9028 8992 8954 8924 8913 9014 9164 9151 9108 9059 8977 8885 8750 8639 8597 8587 8581 8572 8563 8555 8557 8557 8563 8568 8576 8597 8593 8594 8593 8599 8607 8608 8606 8606 8611 8621 8632 8642 8651 8661 8672 8681 8690 8700 8718 8735 8748 8760 8764 8771 8778 8786 8793 8798 8797 8799 8795
9871 9920 9956 9979 9998 1.002e+004 1.007e+004 1.019e+004 1.021e+004 1.022e+004 1.022e+004 1.02e+004 1.012e+004 9850 9599 9426 9277 9181 9159 9202 9169 9085 9019 8971 8947 9005 9091 9141 9141 9129 9105 9005 8871 8723 8658 8642 8626 8604 8584 8570 8559 8572 8583 8588 8593 8613 8613 8602 8598 8604 8608 8611 8611 8615 8611 8627 8638 8645 8651 8662 8673 8684 8694 8702 8713 8735 8750 8751 8765 8773 8783 8793 8801 8806 8807 8809 8808
9845 9901 9951 9977 1.001e+004 1.006e+004 1.01e+004 1.02e+004 1.023e+004 1.025e+004 1.029e+004 1.033e+004 1.031e+004 1.008e+004 9779 9542 9352 9235 9210 9192 9197 9135 9068 9008 8969 8989 9061 9117 9149 9164 9162 9115 9049 8858 8767 8730 8693 8653 8615 8589 8596 8605 8613 8616 8619 8625 8628 8620 8616 8619 8621 8623 8625 8636 8660 8654 8652 8652 8652 8666 8680 8691 8700 8711 8725 8743 8758 8767 8771 8782 8794 8802 8810 8815 8817 8823 8827
9821 9867 9909 9963 1.002e+004 1.007e+004 1.01e+004 1.013e+004 1.018e+004 1.023e+004 1.034e+004 1.044e+004 1.049e+004 1.029e+004 9939 9644 9413 9284 9256 9222 9207 9158 9108 9055 9013 9026 9071 9118 9155 9175 9181 9172 9154 9045 8927 8847 8784 8722 8663 8625 8639 8657 8662 8648 8634 8630 8635 8635 8638 8640 8643 8645 8649 8662 8672 8673 8670 8666 8667 8677 8690 8701 8712 8723 8733 8750 8766 8777 8791 8798 8811 8820 8825 8828 8835 8845 8850
9799 9840 9887 9939 9997 1.005e+004 1.009e+004 1.011e+004 1.012e+004 1.017e+004 1.035e+004 1.053e+004 1.061e+004 1.038e+004 1.003e+004 9710 9449 9312 9289 9261 9206 9178 9147 9115 9081 9070 9099 9135 9167 9187 9190 9190 9180 9167 9061 8963 8879 8805 8736 8687 8710 8732 8735 8715 8676 8645 8654 8661 8667 8670 8674 8675 8676 8677 8688 8691 8689 8685 8683 8693 8706 8718 8730 8741 8749 8760 8770 8780 8801 8828 8843 8850 8850 8851 8852 8864 8871
9784 9819 9861 9909 9961 1.002e+004 1.005e+004 1.007e+004 1.009e+004 1.017e+004 1.037e+004 1.057e+004 1.071e+004 1.047e+004 1.008e+004 9764 9477 9337 9309 9271 9221 9213 9201 9185 9168 9149 9153 9174 9194 9213 9230 9233 9207 9201 9149 9064 8980 8904 8839 8793 8811 8829 8826 8829 8813 8736 8670 8689 8701 8703 8706 8706 8706 8713 8713 8713 8710 8708 8708 8715 8726 8738 8749 8763 8778 8781 8810 8840 8849 8873 8877 8877 8881 8874 8872 8885 8894
9770 9796 9823 9878 9917 9920 9948 1e+004 1.009e+004 1.02e+004 1.035e+004 1.053e+004 1.071e+004 1.053e+004 1.017e+004 9839 9537 9381 9329 9291 9267 9274 9271 9264 9253 9230 9223 9226 9234 9247 9268 9308 9350 9310 9243 9164 9083 9010 8951 8913 8932 8951 8896 8853 8866 8849 8755 8747 8748 8745 8745 8742 8739 8738 8737 8734 8732 8731 8732 8738 8750 8761 8774 8787 8801 8825 8848 8918 8949 8924 8912 8911 8913 8916 8918 8935 8934
9759 9784 9820 9866 9917 9897 9889 9968 1.014e+004 1.02e+004 1.03e+004 1.039e+004 1.047e+004 1.047e+004 1.026e+004 9941 9613 9448 9374 9347 9361 9366 9365 9356 9336 9310 9299 9295 9290 9285 9281 9294 9374 9400 9311 9238 9169 9105 9053 9026 9010 8985 8942 8897 8899 8874 8825 8821 8805 8796 8789 8780 8772 8759 8754 8754 8754 8755 8757 8763 8775 8787 8800 8813 8826 8851 8881 8933 8949 8951 8947 8944 8948 8962 8996 8985 8967
9744 9765 9793 9832 9883 9891 9842 9920 1.015e+004 1.021e+004 1.024e+004 1.026e+004 1.032e+004 1.043e+004 1.038e+004 1.006e+004 9724 9536 9444 9429 9461 9483 9490 9473 9440 9394 9388 9380 9366 9339 9314 9300 9325 9360 9337 9291 9244 9192 9145 9102 9070 9035 9009 8953 8931 8896 8865 8865 8863 8850 8840 8829 8813 8800 8781 8777 8780 8785 8787 8793 8808 8822 8835 8848 8857 8879 8930 8934 8952 8965 8970 8974 8983 8979 8996 9014 9003
9730 9741 9746 9765 9790 9772 9778 9879 1.013e+004 1.017e+004 1.016e+004 1.016e+004 1.025e+004 1.042e+004 1.044e+004 1.014e+004 9817 9623 9521 9514 9557 9613 9635 9625 9585 9522 9507 9504 9475 9431 9379 9337 9343 9365 9376 9360 9328 9290 9250 9202 9181 9217 9135 9034 8981 8942 8933 8940 8937 8926 8909 8884 8856 8827 8803 8805 8815 8822 8829 8838 8847 8858 8873 8887 8908 8942 8936 8952 8975 8989 9006 9011 9020 9043 9092 9071 9061
9727 9735 9732 9740 9751 9747 9745 9836 1.003e+004 1.009e+004 1.011e+004 1.012e+004 1.023e+004 1.038e+004 1.042e+004 1.016e+004 9854 9695 9597 9593 9730 9795 9789 9781 9787 9776 9702 9663 9613 9548 9481 9424 9415 9424 9434 9437 9423 9399 9376 9351 9336 9319 9254 9193 9116 9047 9023 9032 9036 9017 8999 8962 8914 8870 8837 8855 8871 8874 8874 8872 8884 8898 8913 8930 8949 8972 8983 8985 9000 9013 9030 9042 9060 9091 9121 9115 9077
9737 9741 9742 9742 9741 9736 9730 9788 9916 1.003e+004 1.007e+004 1.011e+004 1.023e+004 1.035e+004 1.036e+004 1.017e+004 9937 9780 9680 9694 9874 9932 9906 9903 9915 9940 9908 9823 9751 9689 9617 9540 9511 9521 9527 9532 9525 9516 9503 9493 9468 9403 9345 9304 9281 9191 9135 9163 9144 9111 9072 9030 8981 8924 8910 8934 8941 8933 8919 8903 8915 8940 8957 8973 8985 8987 9010 9004 9021 9048 9067 9085 9100 9100 9176 9148 9118
9751 9749 9750 9745 9736 9743 9740 9779 9870 9989 1.005e+004 1.011e+004 1.026e+004 1.034e+004 1.032e+004 1.018e+004 1.002e+004 9884 9783 9771 9866 9940 9952 9968 9982 9971 1e+004 9933 9870 9821 9771 9687 9648 9651 9649 9651 9643 9633 9621 9605 9576 9506 9436 9398 9391 9390 9402 9328 9265 9210 9161 9125 9098 9085 9121 9052 9021 8998 8975 8947 8960 8981 9007 9019 9027 9031 9034 9049 9068 9094 9117 9137 9143 9152 9173 9153 9142
9747 9747 9751 9756 9740 9737 9741 9829 9929 9968 1.005e+004 1.016e+004 1.03e+004 1.034e+004 1.033e+004 1.026e+004 1.013e+004 1.001e+004 9893 9798 9836 9907 9947 9989 1.005e+004 1.003e+004 1e+004 9993 9971 9950 9951 9951 9846 9803 9777 9757 9752 9748 9747 9733 9684 9612 9539 9498 9460 9446 9451 9415 9348 9285 9236 9198 9188 9194 9170 9120 9078 9051 9041 9033 9035 9033 9055 9069 9081 9081 9077 9090 9110 9131 9159 9186 9195 9165 9161 9155 9153
9727 9732 9738 9743 9725 9734 9749 9866 9981 9978 1.007e+004 1.017e+004 1.03e+004 1.034e+004 1.035e+004 1.033e+004 1.023e+004 1.01e+004 9977 9873 9843 9869 9923 9965 9993 1e+004 1.002e+004 1.002e+004 1.003e+004 1.003e+004 1.001e+004 1.001e+004 1.001e+004 9919 9879 9863 9860 9852 9862 9863 9853 9779 9690 9633 9584 9540 9493 9455 9406 9346 9294 9244 9199 9178 9158 9142 9123 9106 9093 9092 9083 9078 9095 9112 9132 9159 9142 9129 9137 9164 9195 9232 9282 9246 9184 9174 9178
9702 9711 9714 9706 9701 9719 9728 9819 9925 9991 1.008e+004 1.02e+004 1.027e+004 1.032e+004 1.035e+004 1.037e+004 1.027e+004 1.017e+004 1.005e+004 9950 9901 9909 9921 9940 9953 9978 1e+004 1.004e+004 1.008e+004 1.01e+004 1.009e+004 1.003e+004 9982 9970 9949 9938 9932 9942 9960 9981 9998 9942 9867 9793 9718 9673 9598 9503 9458 9413 9355 9289 9218 9186 9175 9164 9157 9140 9123 9100 9092 9103 9122 9140 9161 9172 9151 9167 9165 9190 9217 9245 9265 9222 9193 9192 9210
9684 9687 9692 9707 9729 9722 9717 9761 9833 9944 1.003e+004 1.012e+004 1.022e+004 1.027e+004 1.029e+004 1.028e+004 1.023e+004 1.015e+004 1.008e+004 1.001e+004 9965 9934 9928 9932 9948 9986 1.003e+004 1.008e+004 1.013e+004 1.02e+004 1.025e+004 1.02e+004 1.006e+004 1.002e+004 9999 9983 9988 1e+004 1.003e+004 1.006e+004 1.008e+004 1.006e+004 1.002e+004 9888 9777 9676 9632 9575 9533 9485 9422 9347 9271 9232 9214 9204 9200 9183 9161 9133 9120 9131 9147 9167 9182 9192 9180 9188 9192 9212 9232 9243 9232 9220 9218 9234 9278
9663 9664 9667 9671 9675 9702 9714 9761 9787 9885 9975 1.012e+004 1.021e+004 1.023e+004 1.023e+004 1.018e+004 1.018e+004 1.017e+004 1.009e+004 1.003e+004 9985 9947 9932 9930 9944 9999 1.007e+004 1.011e+004 1.017e+004 1.025e+004 1.035e+004 1.031e+004 1.014e+004 1.006e+004 1.003e+004 1.003e+004 1.004e+004 1.005e+004 1.008e+004 1.012e+004 1.017e+004 1.02e+004 1.011e+004 9955 9865 9826 9765 9676 9647 9604 9531 9438 9343 9312 9294 9277 9265 9251 9223 9184 9154 9162 9178 9190 9197 9206 9204 9209 9220 9237 9252 9261 9268 9266 9291 9307 9347
9636 9641 9646 9640 9645 9669 9702 9752 9777 9899 9964 1.013e+004 1.019e+004 1.02e+004 1.02e+004 1.018e+004 1.014e+004 1.009e+004 1.006e+004 1e+004 9950 9941 9941 9942 9949 1.001e+004 1.005e+004 1.011e+004 1.015e+004 1.021e+004 1.023e+004 1.024e+004 1.015e+004 1.009e+004 1.005e+004 1.004e+004 1.004e+004 1.006e+004 1.009e+004 1.013e+004 1.017e+004 1.017e+004 1.014e+004 1.004e+004 9989 9987 9947 9844 9808 9748 9674 9580 9482 9454 9424 9381 9377 9351 9309 9251 9199 9202 9215 9221 9220 9224 9226 9233 9253 9274 9285 9295 9312 9351 9391 9452 9442
9608 9625 9636 9645 9650 9674 9682 9687 9752 9869 9908 1e+004 1.01e+004 1.015e+004 1.017e+004 1.016e+004 1.01e+004 1.003e+004 1.004e+004 1.001e+004 9949 9965 9975 9972 9979 1e+004 1e+004 1.006e+004 1.012e+004 1.017e+004 1.023e+004 1.021e+004 1.015e+004 1.01e+004 1.006e+004 1.004e+004 1.005e+004 1.006e+004 1.008e+004 1.011e+004 1.013e+004 1.013e+004 1.017e+004 1.016e+004 1.015e+004 1.02e+004 1.012e+004 1.01e+004 9994 9907 9842 9777 9707 9663 9631 9578 9547 9488 9420 9349 9284 9271 9283 9273 9254 9246 9249 9269 9303 9321 9334 9340 9357 9433 9466 9493 9532
9613 9622 9630 9634 9641 9643 9680 9704 9729 9752 9768 9887 1.002e+004 1.012e+004 1.018e+004 1.015e+004 1.011e+004 1.008e+004 1.007e+004 1.008e+004 1.009e+004 1.007e+004 1.004e+004 1.001e+004 1e+004 9987 9983 1.004e+004 1.007e+004 1.01e+004 1.014e+004 1.02e+004 1.015e+004 1.009e+004 1.005e+004 1.004e+004 1.004e+004 1.005e+004 1.007e+004 1.01e+004 1.014e+004 1.018e+004 1.027e+004 1.033e+004 1.025e+004 1.012e+004 1.013e+004 1.01e+004 1.007e+004 1.002e+004 9999 1.001e+004 9978 9882 9841 9869 9718 9616 9537 9469 9403 9379 9381 9359 9330 9322 9346 9369 9381 9395 9400 9399 9419 9486 9557 9602 9646
9636 9627 9627 9629 9645 9674 9706 9731 9746 9766 9779 9875 9975 1.008e+004 1.017e+004 1.011e+004 1.007e+004 1.011e+004 1.011e+004 1.015e+004 1.021e+004 1.013e+004 1.005e+004 1.006e+004 1.003e+004 9991 9971 1.003e+004 1.002e+004 1.002e+004 1.006e+004 1.008e+004 1.003e+004 1e+004 1.001e+004 1.002e+004 1.003e+004 1.005e+004 1.005e+004 1.007e+004 1.011e+004 1.016e+004 1.02e+004 1.024e+004 1.024e+004 1.014e+004 1.012e+004 1.013e+004 1.011e+004 1.009e+004 1.009e+004 1.012e+004 1.012e+004 1.002e+004 9941 9856 9782 9721 9654 9598 9553 9521 9493 9470 9434 9414 9416 9457 9482 9495 9484 9481 9507 9597 9680 9744 9764
9622 9626 9633 9663 9686 9713 9726 9739 9758 9800 9820 9866 9948 1.002e+004 1.004e+004 1.001e+004 9979 1.002e+004 1.009e+004 1.016e+004 1.023e+004 1.016e+004 1.008e+004 1.01e+004 1.005e+004 9991 9946 9951 9950 9922 9906 9936 9938 9941 9960 9981 1e+004 1.002e+004 1.004e+004 1.004e+004 1.006e+004 1.009e+004 1.011e+004 1.009e+004 1.008e+004 1.008e+004 1.011e+004 1.011e+004 1.01e+004 1.011e+004 1.01e+004 1.009e+004 1.008e+004 1.005e+004 1e+004 9934 9866 9811 9761 9720 9690 9660 9628 9613 9584 9545 9514 9546 9573 9573 9566 9580 9638 9733 9781 9834 9844
9622 9630 9638 9647 9697 9737 9724 9730 9743 9751 9778 9844 9914 9978 1.001e+004 9998 9981 9989 1.006e+004 1.013e+004 1.018e+004 1.016e+004 1.01e+004 1.008e+004 1.006e+004 1e+004 9925 9888 9889 9864 9839 9861 9883 9899 9929 9956 9982 1e+004 1.002e+004 1.003e+004 1.002e+004 9993 1e+004 9994 1.004e+004 1.009e+004 1.011e+004 1.01e+004 1.009e+004 1.011e+004 1.009e+004 1.006e+004 1.006e+004 1.006e+004 1.005e+004 1.004e+004 9967 9899 9856 9825 9801 9782 9772 9772 9762 9760 9746 9717 9684 9642 9640 9670 9721 9795 9820 9845 9889
9635 9639 9645 9648 9682 9722 9725 9729 9733 9723 9745 9811 9872 9940 1.002e+004 9965 9918 9921 1.001e+004 1.01e+004 1.017e+004 1.021e+004 1.02e+004 1.018e+004 1.012e+004 1.003e+004 9930 9856 9860 9863 9866 9868 9869 9873 9916 9947 9970 9991 1e+004 1e+004 9984 9942 9950 1.005e+004 1.008e+004 1.011e+004 1.013e+004 1.015e+004 1.019e+004 1.013e+004 1.009e+004 1.006e+004 1.006e+004 1.007e+004 1.007e+004 1.004e+004 9991 9973 9951 9929 9912 9912 9921 9933 9922 9925 9887 9849 9775 9699 9726 9758 9843 9886 9878 9923 1.002e+004
9661 9668 9666 9661 9707 9739 9738 9737 9744 9751 9766 9807 9833 9848 9857 9845 9791 9849 9951 1.006e+004 1.018e+004 1.03e+004 1.038e+004 1.032e+004 1.021e+004 1.008e+004 9963 9882 9854 9864 9908 9894 9887 9891 9919 9936 9953 9965 9977 9991 1.001e+004 1.003e+004 1.001e+004 1.009e+004 1.012e+004 1.012e+004 1.012e+004 1.012e+004 1.009e+004 1.01e+004 1.009e+004 1.01e+004 1.009e+004 1.009e+004 1.009e+004 1.009e+004 1.006e+004 1.005e+004 1.004e+004 1.003e+004 1.002e+004 1.002e+004 1.008e+004 1.012e+004 1.01e+004 1.007e+004 9997 9898 9852 9822 9902 1.001e+004 1.004e+004 1.007e+004 1.008e+004 1.016e+004 1.03e+004
