real_craters/C210-500m.grd
DSAA
643 643
-160.545 160.545
-160.545 160.545
8161.7806615959 11377.334493339
[rows 0 to 29 of 643, columns 469 to 535 of 643]
10216.3 10211 10206.4 10201.8 10198.1 10195.5 10193.7 10191.3 10186.1 10181.9 10179.1 10176.7 10180.3 10179.3 10177.3 10178.7 10184.2 10185.3 10186.8 10189.9 10194 10191.4 10189.5 10188.2 10185.7 10180.7 10175.8 10169.3 10162.4 10157 10150.5 10141.1 10132.2 10121.9 10110.3 10098 10085.6 10073.6 10062.6 10051.8 10041.9 10037.7 10033.5 10029.5 10027.8 10025.9 10021.7 10018.6 10017.8 10017.2 10014.1 10008.4 10002.4 9999.51 9993.07 9986.34 9978.89 9972.18 9965.67 9958.69 9956.62 9956.65 9956.42 9956.2 9956.09 9955.95 9954.3
10217.2 10212.3 10207.3 10202.1 10197 10194.7 10191.3 10189.3 10187.4 10184.4 10182.4 10181 10179.3 10180.8 10179.7 10180.6 10185.1 10186.1 10186.9 10187.8 10186.5 10189.3 10189.4 10188 10185.2 10181.1 10176.6 10171.5 10166.6 10157.8 10147.4 10140.7 10134 10123.3 10110.8 10097.1 10083.1 10069.2 10056.5 10047.4 10040.8 10034.7 10031.7 10030.6 10033 10032.5 10030.7 10028 10026.8 10027.6 10025.2 10018.4 10010.7 10005.7 10000.3 9990.08 9982.16 9975.32 9969.21 9965.23 9960.54 9958.6 9957.62 9957.04 9956.72 9957.03 9956.08
10218.2 10212.9 10207.3 10201.4 10195.8 10189.5 10186 10185.4 10185.6 10184.9 10184.8 10185.6 10181.2 10181.2 10183.6 10184.9 10185 10185.4 10186.2 10186.5 10185.1 10188.3 10189.4 10188.3 10186.2 10183.7 10180.3 10175.8 10169.2 10160.4 10153.9 10146.8 10137.9 10125.9 10111.9 10096.6 10081.1 10066.1 10054.3 10044 10036 10033 10032.9 10036.9 10042.3 10039.6 10036.1 10032.4 10030.4 10031.6 10029.8 10027 10022.1 10011.6 9996.35 9990.99 9984.62 9978.37 9972.51 9966.95 9963.49 9960.84 9958.99 9957.63 9956.68 9956.26 9955.08
10218.5 10213.6 10208.4 10203.1 10197.4 10190.9 10189.2 10184.4 10185.3 10183.3 10184.6 10186.5 10184.4 10183.5 10186.9 10187 10183.8 10184.1 10186.2 10187.8 10190.2 10191.1 10190.3 10188.7 10186.8 10185.1 10182.6 10177.2 10171.5 10164.9 10161.3 10155.4 10144.1 10130.1 10114.5 10097.9 10081.1 10064.7 10052.3 10044.4 10040.2 10039.1 10039.3 10046.7 10053.6 10044.2 10033.7 10029.4 10028.2 10027.2 10027.9 10027.4 10021 10011.6 10000.1 9993.32 9987.32 9981.04 9975.61 9971.77 9966.5 9963.03 9960.69 9958.88 9956.91 9955.05 9953.68
10219.8 10215.2 10210.6 10206.5 10202.2 10198 10196 10186 10185.6 10183.3 10183.4 10183.1 10183.5 10186.8 10191.2 10190.3 10185.8 10185.8 10187.9 10189.4 10191.4 10193 10191.6 10189.3 10187 10184.5 10181.8 10178.8 10174.9 10171.7 10169.3 10165.4 10151.5 10134.9 10117.6 10100 10082.5 10065.5 10050.9 10047.8 10046.6 10046.7 10049.9 10055.8 10058 10045.8 10032.1 10026.5 10024.3 10022.5 10022.1 10020.2 10017.4 10011.7 10004.1 9997.51 9990.49 9983.39 9976.72 9971.57 9967.97 9965.42 9963.09 9961.05 9958.25 9955.37 9954.07
10221 10216.1 10212.1 10209.1 10206.6 10205 10201.8 10188 10190.6 10186.5 10184.6 10184.5 10190.6 10193.5 10194.1 10193.5 10192.7 10192.3 10190.7 10190.2 10190 10192.1 10191.2 10188.4 10185.7 10183.4 10181.8 10182.3 10178.4 10173.2 10173.1 10172.5 10156.3 10138.5 10120.2 10102.3 10085.4 10071.3 10061.1 10052.8 10051 10052.6 10054.1 10056.9 10057.6 10043.1 10029 10024.2 10022.2 10019.9 10017.4 10014.4 10010.9 10009.1 10006.5 10000.8 9992.95 9985.64 9977.94 9970.75 9969.85 9967.94 9965.53 9963.52 9961.28 9958.99 9957.69
10221.8 10218.1 10215.1 10211.3 10209.2 10205.7 10199.6 10192.6 10194.9 10188.9 10189 10190 10193.1 10195.2 10194.2 10194.6 10195.1 10194.2 10191.8 10190.8 10190.3 10189.8 10189.1 10186.5 10183.5 10181.2 10180.1 10179.9 10173.8 10170.9 10172.3 10169.5 10155.4 10138.2 10120.7 10103.8 10087.9 10074.1 10062.7 10054.9 10050.6 10047.9 10045.2 10047.7 10045.1 10038.1 10028 10024.3 10022.1 10019.3 10016 10011.7 10006.7 10004.9 10003.5 9999.47 9994.39 9988.3 9982.53 9977.93 9973.49 9970.84 9968.97 9967.22 9965.83 9965.24 9963.37
10223.5 10220.8 10217.8 10215.3 10211.4 10207.9 10202.4 10199.3 10197.2 10196.4 10191.2 10189.4 10192.6 10194.9 10195.9 10194.7 10192.5 10190.4 10190.1 10190.2 10190.6 10191.9 10187.7 10183 10179.2 10176.1 10174.3 10167.6 10165.3 10166.5 10169.9 10163.2 10148.5 10133.7 10118.9 10103.8 10089 10076 10064.6 10054.8 10047.4 10041.1 10038.2 10039.8 10041.3 10039.1 10032.3 10028.1 10024.7 10021.3 10017.9 10014.3 10002.5 10001.6 10002.1 10000.9 9996.09 9990.46 9985.24 9980.87 9977.4 9974.62 9972.6 9970.95 9970.23 9970.3 9969.1
10225.2 10223.4 10220.8 10218 10214.4 10209.1 10201.4 10198.3 10200 10201.1 10189.1 10182.8 10185.1 10188 10194 10192.3 10189.9 10187.2 10187.9 10188.4 10188.4 10186.8 10182 10177.9 10173.7 10169.7 10164.8 10162 10161.5 10180.8 10170.3 10152 10138.1 10130.1 10118.7 10104.7 10089.7 10075.2 10063.5 10053.8 10045.3 10037.9 10033.4 10033.7 10039.4 10041.4 10039.2 10032.2 10028.1 10025.1 10022.1 10017.7 10002.6 10001.8 10002.5 10002.5 9996.48 9991.55 9987.54 9983.73 9980.35 9977.63 9975.85 9974.81 9974.03 9974.53 9975.75
10225.6 10223.4 10221.5 10219.4 10216.9 10213.6 10204.7 10199.2 10200.2 10197.8 10187.4 10180.3 10177.2 10177.5 10184.7 10188.2 10188 10186.2 10186.6 10186.4 10185.2 10182.7 10176.9 10172.9 10168.7 10164.5 10159.6 10157.5 10158.2 10172.4 10164.4 10147.3 10136 10131.9 10120.4 10105.7 10090.3 10075.9 10063.1 10052.6 10043.6 10036.2 10031.6 10027.5 10029.3 10033.5 10033.7 10032 10030.1 10029 10029.5 10031.6 10010.5 10003.9 10000.6 9996.73 9994.52 9991.5 9988.55 9985.61 9982.93 9980.69 9978.81 9977.52 9977.3 9977.24 9981.59
10227.2 10225.3 10223.4 10221.5 10219.5 10217.6 10207.2 10198.8 10190.5 10190.8 10182.5 10178.5 10177.2 10181.3 10184.5 10186.6 10187.6 10189 10187.4 10184.7 10182.1 10179.8 10175.2 10168.3 10165 10161.8 10157.8 10154.4 10156.5 10152.2 10155.8 10157.5 10155.1 10140.2 10123.9 10106.7 10090.1 10075.6 10062.1 10050.9 10041.6 10034.7 10030.2 10024.6 10023.7 10026.7 10028.1 10030.3 10030.8 10030.5 10030.6 10028.8 10013.1 10004.2 9998.89 9996.48 9993.07 9991.12 9989.59 9987.33 9984.92 9982.24 9980.09 9979.24 9979.64 9981.32 9984.39
10228.5 10226.6 10224.4 10222.1 10219.4 10215.9 10208.6 10197.5 10187 10183.5 10179.6 10178.1 10178.6 10182.2 10184.4 10186.3 10187.1 10186.7 10184.4 10181.4 10177.8 10172.4 10164.7 10162.7 10162.7 10162.2 10160 10157.2 10159.5 10154.2 10157.2 10164.6 10164.6 10147.4 10127.2 10107 10088.1 10071.9 10058.5 10047.8 10038.8 10031.8 10025.8 10022.7 10021.6 10023.7 10027.3 10029.3 10030.9 10030.9 10028.8 10021.4 10011 10002.6 9996.35 9991.1 9989.21 9990.34 9991.4 9989.09 9985.36 9982.55 9980.93 9980.05 9980.17 9981.22 9983.44
10230.5 10228.4 10226.8 10223.5 10219.7 10214.2 10207 10192.9 10185.8 10186 10185 10180.8 10180.6 10183.4 10185.6 10187.4 10186.1 10183.5 10180.7 10177.7 10174.4 10169.4 10161.2 10159.9 10162.1 10165.1 10170.1 10172.8 10164.3 10161.3 10165 10167.6 10164.6 10149.1 10127.9 10105.7 10084.5 10065.8 10053.4 10043.5 10035.5 10028.7 10023.5 10021.7 10019.7 10022 10026.3 10029.5 10030.8 10030.9 10030.4 10025.9 10008.3 10000.2 9994.13 9988.8 9987.6 9989.28 9991.32 9988.52 9985.39 9983.05 9981.16 9980.13 9979.98 9980.92 9982.75
10232.2 10230.3 10228.1 10224.5 10220.8 10214.2 10207.9 10192.9 10189.3 10190.2 10190.4 10185.8 10185.7 10191.1 10193.9 10190.4 10186.1 10180.9 10175.9 10175.5 10173.6 10170.4 10165.5 10161.9 10163.5 10166.6 10169.9 10172.3 10172.5 10171.4 10169.9 10168.5 10165.4 10148.4 10126.4 10102.9 10080.5 10062 10048.8 10039.4 10032.5 10028.1 10026.1 10023 10023 10027.5 10030.1 10030.3 10030.1 10030 10029 10025.4 10012.2 9999.51 9993.48 9990.59 9989.07 9987.41 9986.63 9985.7 9984.26 9982.46 9980.78 9979.61 9979.61 9981.77 9985.53
10233.5 10231.3 10229 10226.1 10222.3 10215.8 10204.6 10197.2 10195.6 10198.1 10195.3 10189.7 10189.7 10195.4 10196.8 10191.9 10186.7 10181.4 10178 10176 10174.3 10172.3 10170.4 10164.9 10164.7 10167.5 10171.5 10174.1 10178.8 10175.5 10169.3 10165.9 10160 10145.1 10123.6 10099.1 10074.7 10055.6 10043.9 10035.7 10029.5 10025.2 10021.6 10021.9 10025.9 10034.8 10032.5 10029 10026.8 10025.9 10025.2 10013.2 10003.2 9995.92 9992.52 9990.38 9988.98 9986.05 9983.61 9983.78 9983.1 9981.63 9980.04 9978.45 9977.26 9979.98 9986.46
10234.3 10232.2 10230.3 10227.6 10224.1 10219.4 10207 10203.5 10202.3 10201.8 10194.4 10188.7 10188.5 10190.8 10193.3 10190.5 10186.9 10183.3 10179.8 10177.8 10175.3 10172.5 10168.6 10162.8 10165.3 10168.4 10172.8 10179.8 10182.1 10176.1 10165.7 10163 10156.6 10143.3 10122.2 10096.6 10070 10049.5 10040.6 10033.2 10027.1 10022.3 10019.5 10021 10022.4 10026.8 10028.1 10024.7 10021.8 10019.1 10017.4 10016.7 10003.8 9995.15 9992.3 9989.73 9986.89 9986.32 9985.39 9983.71 9982.75 9981.33 9979.76 9977.74 9975.25 9977.47 9981.52
10236.5 10234.2 10231.6 10229.3 10226.8 10222.1 10209 10208.7 10212.1 10212 10206 10197.5 10191.2 10188.2 10188.8 10188.5 10186.7 10184.3 10183.2 10179.6 10176.1 10172.7 10169.9 10167.4 10166.6 10167.6 10172.6 10183 10188.5 10177 10169.9 10162.5 10157.2 10145.2 10123 10097.1 10070.7 10051.4 10040.8 10033 10026.7 10023 10022 10022.6 10022.8 10021.6 10021.2 10018.6 10015.9 10011.8 10005.4 10010.8 10006.9 9999.02 9993.62 9989.7 9990.2 9986.01 9984.82 9983.61 9981.81 9980.2 9978.84 9978.46 9978.9 9977.27 9975.99
10239.6 10236.8 10234 10231.2 10228.2 10222.9 10216.9 10220.5 10221.4 10219.6 10214.6 10202.1 10194.4 10189.7 10189.2 10187.9 10186.1 10184.4 10182.2 10179.1 10176.2 10173.2 10170.1 10169.8 10166.9 10165.1 10165.7 10174.8 10177.6 10172.8 10163.4 10159.6 10156.4 10145.8 10125.3 10100.4 10075.7 10056.5 10044.1 10034.5 10026.5 10021.2 10019.6 10020.2 10022 10021 10013 10013.2 10011.7 10008.5 10005.6 10006.7 10007.4 10002.8 9993.34 9986.94 9981.98 9982.8 9984.54 9983.44 9980.98 9978.66 9977.17 9977.36 9979.84 9975.88 9972.22
10241.1 10238.8 10236.3 10233.5 10229.9 10227.6 10228.1 10232 10224.1 10223.6 10217 10202.5 10197.4 10194.4 10189.9 10187.3 10185.9 10184 10181.2 10178.2 10175.4 10172.6 10170.5 10168.4 10165 10164.7 10165.6 10171.7 10172.1 10167.5 10161.7 10158.5 10155.6 10147.9 10127.9 10104.9 10082.2 10063.3 10049.2 10037.4 10027.4 10018.8 10015.7 10015.3 10018 10015 10014 10012.3 10009.9 10007 10004.8 10002.1 10001.6 9995.98 9990.05 9983.44 9978.17 9981.33 9985.79 9983.87 9980.81 9977.05 9973.76 9971.97 9970.95 9970.34 9968.84
10243.7 10241.7 10239.6 10237 10233.7 10234.1 10237 10233.7 10227 10220.9 10215.6 10205.4 10201.4 10195.9 10190.9 10187.6 10186.8 10184.8 10181.5 10178.1 10175.6 10172 10167.5 10160.9 10163.4 10166.1 10167.4 10169.1 10164.6 10163.3 10161.1 10157.7 10153.1 10145.3 10128.2 10108.6 10089.4 10070.7 10054.2 10040.8 10030.4 10022.4 10019.4 10020.7 10018.7 10017.8 10016.6 10015.1 10010 10005.5 10002.7 9999.35 9996.84 9992.88 9986.92 9981.94 9977.15 9980.2 9985.81 9984.06 9980.24 9975.68 9970.37 9964.75 9959.93 9965.06 9967.18
10247 10245.2 10243.3 10242 10240.6 10241.8 10242.6 10236.5 10224.7 10224.1 10222.2 10217 10209.6 10204.1 10196.9 10192.4 10190.6 10187.4 10184.7 10183.7 10177.3 10172.5 10168.9 10166.4 10167.5 10168.2 10167.2 10159.6 10158.4 10162.5 10159.6 10154.6 10148.8 10139.6 10125.4 10109.3 10092.1 10074.4 10057.3 10043 10032.3 10027.6 10021.2 10020.3 10016.8 10013.8 10019.2 10014.6 10009.6 10003.3 9999.37 10000.5 9993.49 9987.48 9985.39 9983.15 9981.96 9985.45 9987.03 9984.07 9979.98 9974.91 9969.03 9962.91 9960.38 9965.77 9972.99
10249.8 10248.4 10247.4 10247.1 10247 10244.3 10239.9 10235.6 10237.9 10232.3 10230.4 10216.3 10213.8 10210.8 10207 10204.4 10194.9 10188.8 10185.7 10183.7 10176.4 10172.4 10171.3 10174.5 10171.7 10167 10164.4 10163.9 10164 10164.1 10158.7 10150.9 10146.3 10135.2 10122 10108.4 10093.1 10075.1 10058.1 10043.3 10030.5 10020.2 10016.9 10014.6 10014 10014.6 10012.3 10011 10010.4 10008.4 10002.9 9997.73 9988.9 9987.31 9986.42 9984.95 9985.15 9988.01 9986.85 9984.29 9980.8 9976.16 9971.14 9965.45 9963.29 9971.16 9978.03
10251.8 10251 10250.9 10250.5 10250 10247.2 10242.4 10239.6 10240.7 10242.2 10231.2 10220.1 10216.3 10214 10209.5 10201.8 10194.6 10186.8 10179.6 10171.3 10169.5 10169.6 10170.5 10169.6 10167.8 10165.8 10161.1 10156.7 10158.1 10160.2 10160.1 10158.1 10149.1 10135.7 10121.2 10107.1 10091.5 10073 10057.2 10043.1 10030.2 10018.5 10014.4 10011.4 10011.4 10014.4 10014.5 10011.6 10010.8 10012 10008.4 9996.28 9986.67 9987.57 9988.58 9985.71 9984.77 9984.66 9985.53 9984.45 9982.24 9979.02 9975.75 9973.32 9973.78 9979.21 9985.8
10254.3 10253.7 10253.8 10252.8 10250.2 10248.8 10244.7 10240.5 10237.4 10231 10227.4 10220.7 10222.8 10218.3 10210.4 10203.3 10193 10183.5 10173.9 10164.2 10164 10167.2 10170.2 10173.5 10175 10166.6 10160.1 10156 10156.6 10160 10158.7 10157.9 10151.1 10142.1 10129 10105.9 10083.2 10068.3 10054.8 10043 10032.9 10024.1 10015.1 10010.5 10009.6 10014.2 10015.2 10009.8 10009.4 10004.8 9996.37 9990.49 9988.08 9987.23 9985.94 9983.8 9982.9 9982.58 9985.46 9985.52 9984.15 9982.4 9981.42 9982.77 9983.93 9986.09 9989.76
10257.2 10256.8 10256.4 10255.9 10254.7 10247.8 10242.6 10239.8 10237.8 10236.3 10228.7 10225.9 10226 10218.4 10209 10199.7 10189.9 10180.6 10172.1 10165.3 10163.8 10166.2 10169.4 10172.3 10174.2 10162.4 10157.2 10156.2 10152.7 10151.6 10152.5 10152 10150.3 10145.6 10133.8 10104.1 10078.2 10064.6 10052.6 10041.9 10032.8 10024.6 10015.7 10009.9 10009.3 10013.5 10016.3 10013.2 10012.9 10009.1 9999.9 9991.37 9984.5 9979.56 9978.51 9981.39 9982.97 9986.89 9987.29 9987.91 9987.06 9986.22 9984.91 9984.41 9986.61 9988.36 9987.66
10259.3 10258.6 10257.7 10257 10256 10250.1 10246.4 10244.6 10242 10235.8 10227.9 10224.1 10221.9 10214.6 10205.4 10195.2 10186 10178.4 10171.8 10167.2 10165.7 10166.6 10168.9 10170.2 10169.9 10161.1 10157.5 10150.9 10147 10144 10147.7 10151.5 10150 10141.4 10125.1 10100.6 10077.3 10063.2 10051.9 10041.2 10032 10023.5 10016.5 10010.9 10007.4 10015.1 10018.8 10022.3 10019.3 10014.9 10006.1 9994.66 9985.44 9979.82 9980.98 9982.88 9983.96 9984.77 9989.14 9990.3 9990.45 9990.42 9989.16 9983.58 9985.99 9990.52 9991.26
10260.6 10259.7 10258.8 10256.9 10254.9 10256 10256.4 10254.3 10249.8 10241.7 10235.4 10226.3 10219.2 10211.5 10201.9 10191.7 10183.1 10176.4 10171.2 10167.6 10165.8 10166.7 10168.8 10171.3 10170.7 10160.6 10161.1 10152.7 10146.1 10141.4 10145.6 10150.4 10147.5 10134.8 10116.3 10096.5 10078.2 10063.4 10052.1 10041.6 10031.9 10024.4 10019.6 10017 10019.1 10021.5 10027.1 10027.6 10022.2 10014.5 10003.5 9996.97 9990.02 9986.44 9985.47 9985.39 9987.57 9990.74 9991.39 9993.5 9994.27 9995.12 9997.94 10002.2 9997.28 9993.34 9993.65
10262 10261.4 10260.7 10258.9 10257.4 10256.9 10265.6 10263 10259.4 10248.6 10239.4 10232.9 10218.2 10209.1 10199.7 10189.7 10181.2 10175.9 10171.4 10167.7 10165.8 10165.7 10167.7 10170.5 10172 10163.1 10162.3 10153.6 10150.1 10147 10148.7 10150.8 10145.9 10129.9 10108.4 10088.9 10073.2 10062.2 10054.2 10045.4 10032.5 10027.4 10025.4 10022.6 10023.6 10027.6 10029.9 10026.6 10020.5 10017 10012.7 10002.4 9993.62 9986.31 9983.95 9987.27 9991.18 9993.61 9997.76 9996.89 9996.29 9996.51 9998.92 10006.4 9998.19 9989.72 9980.48
10263.5 10263.9 10263.8 10262.6 10262.1 10263.3 10265.6 10264.1 10258.4 10247.9 10251.9 10236.9 10220.6 10208.3 10199.3 10190.4 10182.9 10176.5 10171.8 10167.7 10164.3 10164 10164.8 10165.2 10163.9 10160 10165.4 10161.9 10157.7 10155.5 10154.7 10153.8 10148.7 10125.4 10100.7 10078.3 10065.6 10060.1 10057.9 10056.2 10053.5 10043.7 10035.1 10028.8 10028 10031.7 10031.5 10023.9 10018.9 10018.3 10012 10005.5 9998.45 9991.99 9991.65 9995.31 9999.89 10001.6 10000.7 9998.39 9996.24 9994.28 9991.69 9985.14 9987.22 9984.42 9982.15
10265.7 10266.2 10267.5 10269.7 10271.1 10271.9 10267.7 10264.4 10257.1 10248.3 10249.8 10234.1 10215.5 10208.5 10200.8 10192.2 10183.6 10178.6 10173.5 10168.8 10164 10163.2 10162.5 10160.7 10158.2 10156.5 10163.6 10165.1 10164.1 10163.4 10161.4 10154.5 10139.9 10117.9 10092.6 10067.5 10058.3 10057.7 10061.3 10066.2 10072.2 10059 10044.2 10035.1 10033.9 10035.3 10031.3 10025.5 10020.2 10016.1 10012.9 10008 10004.4 10004 10005.4 10007.6 10006.7 10005.1 10001.9 9998.45 9994.8 9991.36 9988.43 9986.64 9982.69 9978.86 9972.68
