real_craters/C210-750m.grd
DSAA
429 429
-160.545 160.545
-160.545 160.545
8154.4390029443 11365.250971027
[rows 272 to 305 of 429, columns 231 to 307 of 429]
1.059e+004 1.056e+004 1.049e+004 1.046e+004 1.045e+004 1.046e+004 1.046e+004 1.045e+004 1.045e+004 1.041e+004 1.03e+004 1.025e+004 1.021e+004 1.017e+004 1.014e+004 1.015e+004 1.016e+004 1.019e+004 1.019e+004 1.02e+004 1.018e+004 1.017e+004 1.016e+004 1.018e+004 1.021e+004 1.022e+004 1.028e+004 1.02e+004 1.015e+004 1.012e+004 1.012e+004 1.009e+004 1.007e+004 1.004e+004 1.005e+004 1.005e+004 1.005e+004 1.005e+004 1.005e+004 1.008e+004 1.008e+004 1.008e+004 1.008e+004 1.006e+004 1.006e+004 1.008e+004 1.009e+004 1.009e+004 1.009e+004 1.009e+004 1.008e+004 1.006e+004 1.005e+004 1.003e+004 1.001e+004 9988 9970 9966 9944 9969 9983 9984 9991 1e+004 1.001e+004 1.002e+004 1.002e+004 1.003e+004 1.004e+004 1.006e+004 1.004e+004 1.002e+004 1.003e+004 1.002e+004 1.001e+004 9986 1.002e+004
1.041e+004 1.039e+004 1.04e+004 1.039e+004 1.039e+004 1.04e+004 1.039e+004 1.038e+004 1.035e+004 1.028e+004 1.02e+004 1.018e+004 1.017e+004 1.017e+004 1.016e+004 1.014e+004 1.015e+004 1.018e+004 1.022e+004 1.022e+004 1.018e+004 1.015e+004 1.012e+004 1.01e+004 1.014e+004 1.029e+004 1.031e+004 1.014e+004 1.007e+004 1.007e+004 1.012e+004 1.014e+004 1.007e+004 1.004e+004 1.004e+004 1.005e+004 1.005e+004 1.006e+004 1.006e+004 1.007e+004 1.008e+004 1.007e+004 1.004e+004 1.007e+004 1.006e+004 1.007e+004 1.007e+004 1.009e+004 1.008e+004 1.007e+004 1.006e+004 1.004e+004 1.003e+004 1e+004 9978 9962 9954 9965 9946 9962 9970 9964 9980 9992 1e+004 1.001e+004 1.001e+004 1.002e+004 1.003e+004 1.005e+004 1.004e+004 1.003e+004 1.001e+004 1.002e+004 1.002e+004 1.003e+004 1.002e+004
1.031e+004 1.029e+004 1.03e+004 1.03e+004 1.031e+004 1.031e+004 1.031e+004 1.033e+004 1.028e+004 1.02e+004 1.013e+004 1.013e+004 1.013e+004 1.014e+004 1.012e+004 1.011e+004 1.011e+004 1.013e+004 1.017e+004 1.018e+004 1.016e+004 1.012e+004 1.005e+004 9985 9940 9900 9848 9879 9912 9956 1.005e+004 1.016e+004 1.013e+004 1.005e+004 1.005e+004 1.004e+004 1.005e+004 1.006e+004 1.006e+004 1.007e+004 1.008e+004 1.007e+004 1.006e+004 1.005e+004 1.007e+004 1.01e+004 1.01e+004 1.008e+004 1.008e+004 1.006e+004 1.005e+004 1.003e+004 1e+004 9980 9958 9944 9933 9958 9952 9952 9955 9957 9965 9978 9988 9995 1e+004 1.001e+004 1.002e+004 1.003e+004 1.004e+004 1.004e+004 1.003e+004 1.002e+004 1.003e+004 1.003e+004 1.004e+004
1.028e+004 1.026e+004 1.023e+004 1.022e+004 1.022e+004 1.022e+004 1.024e+004 1.026e+004 1.022e+004 1.016e+004 1.011e+004 1.01e+004 1.01e+004 1.01e+004 1.009e+004 1.009e+004 1.009e+004 1.01e+004 1.014e+004 1.018e+004 1.015e+004 1.007e+004 9980 9872 9742 9603 9598 9659 9734 9788 9867 1.002e+004 1.019e+004 1.009e+004 1.002e+004 1.003e+004 1.005e+004 1.006e+004 1.005e+004 1.006e+004 1.008e+004 1.008e+004 1.008e+004 1.007e+004 1.006e+004 1.005e+004 1.006e+004 1.006e+004 1.004e+004 1.004e+004 1.003e+004 1.001e+004 9995 9974 9957 9938 9925 9932 9955 9945 9951 9953 9966 9974 9979 9985 9990 9996 1e+004 1.001e+004 1.001e+004 1e+004 9991 1e+004 1.001e+004 1.003e+004 1.001e+004
1.029e+004 1.019e+004 1.015e+004 1.014e+004 1.013e+004 1.011e+004 1.008e+004 1.01e+004 1.011e+004 1.009e+004 1.006e+004 1.007e+004 1.009e+004 1.01e+004 1.01e+004 1.01e+004 1.007e+004 1.006e+004 1.011e+004 1.02e+004 1.012e+004 1.002e+004 9894 9766 9634 9542 9532 9561 9600 9623 9643 9831 1.019e+004 1.013e+004 1.004e+004 1.003e+004 1.005e+004 1.006e+004 1.005e+004 1.006e+004 1.008e+004 1.008e+004 1.009e+004 1.006e+004 1.004e+004 1.002e+004 1.001e+004 1.003e+004 1.006e+004 1.003e+004 1.002e+004 1e+004 9990 9980 9966 9941 9927 9923 9921 9925 9947 9959 9960 9962 9969 9972 9976 9981 9992 9998 1e+004 1e+004 9994 9994 1e+004 1.001e+004 1e+004
1.002e+004 1.005e+004 1.007e+004 1.007e+004 1.006e+004 1.004e+004 1.003e+004 9998 1e+004 1.004e+004 1.005e+004 1.006e+004 1.01e+004 1.013e+004 1.012e+004 1.01e+004 1.007e+004 1.007e+004 1.01e+004 1.01e+004 1.006e+004 9964 9844 9716 9599 9547 9548 9550 9547 9537 9544 9717 1e+004 1.017e+004 1.005e+004 1.004e+004 1.005e+004 1.006e+004 1.005e+004 1.005e+004 1.007e+004 1.006e+004 1.005e+004 1.002e+004 9999 9981 9981 1e+004 1e+004 1.001e+004 1e+004 9992 9979 9966 9950 9938 9924 9922 9917 9892 9931 9948 9956 9970 9962 9961 9961 9964 9966 9972 9974 1e+004 1.001e+004 9994 9990 9990 1.001e+004
1.001e+004 9995 1.002e+004 1.002e+004 1.002e+004 9996 9966 9950 9977 9999 1.002e+004 1.005e+004 1.009e+004 1.013e+004 1.011e+004 1.011e+004 1.006e+004 1.008e+004 1.009e+004 1.01e+004 1.004e+004 9942 9820 9697 9590 9555 9566 9570 9547 9531 9560 9715 1.001e+004 1.024e+004 1.008e+004 1.006e+004 1.006e+004 1.006e+004 1.006e+004 1.005e+004 1.005e+004 1.003e+004 1.001e+004 1e+004 9987 9964 9998 9997 9996 9990 9983 9974 9967 9957 9956 9938 9919 9918 9912 9896 9916 9927 9947 9957 9948 9945 9944 9944 9938 9954 9974 9962 9979 9981 9987 1e+004 1.002e+004
9965 9975 9987 9992 9992 9980 9967 9969 9975 9981 9998 1.001e+004 1.004e+004 1.007e+004 1.007e+004 1.006e+004 1.007e+004 1.015e+004 1.014e+004 1.009e+004 1.004e+004 9939 9819 9693 9589 9569 9590 9603 9574 9557 9583 9711 1e+004 1.022e+004 1.01e+004 1.008e+004 1.008e+004 1.008e+004 1.007e+004 1.005e+004 1.003e+004 1.002e+004 1.001e+004 1.001e+004 1.001e+004 9961 9967 9980 9976 9969 9963 9957 9950 9944 9940 9937 9930 9906 9909 9931 9940 9950 9931 9920 9926 9931 9934 9935 9935 9946 9963 9948 9939 9962 9974 9975 9948
9962 9981 9982 9976 9972 9969 9973 9980 9955 9956 9960 9982 1.001e+004 1.002e+004 1.004e+004 1.005e+004 1.006e+004 1.011e+004 1.011e+004 1.009e+004 1.005e+004 9950 9825 9698 9594 9586 9606 9616 9597 9584 9601 9687 9968 1.015e+004 1.011e+004 1.011e+004 1.009e+004 1.007e+004 1.005e+004 1.005e+004 1.003e+004 1.001e+004 1e+004 1.001e+004 1.002e+004 9968 9970 9955 9945 9945 9943 9938 9932 9925 9914 9906 9924 9910 9895 9893 9910 9915 9903 9905 9910 9920 9930 9937 9948 9975 9977 9959 9960 9963 9967 9969 9945
9961 9988 9972 9960 9954 9954 9960 9959 9943 9942 9945 9966 9991 1.001e+004 1.003e+004 1.004e+004 1.007e+004 1.008e+004 1.007e+004 1.008e+004 1.007e+004 9966 9845 9719 9607 9605 9614 9625 9613 9607 9629 9666 9864 1.015e+004 1.016e+004 1.013e+004 1.01e+004 1.008e+004 1.007e+004 1.004e+004 1.001e+004 9993 9989 9998 1e+004 9996 9974 9942 9929 9929 9926 9921 9913 9905 9897 9889 9902 9909 9896 9882 9888 9875 9878 9880 9892 9912 9928 9942 9954 9963 9977 9971 9972 9969 9967 9960 9948
9947 9957 9941 9934 9930 9931 9934 9934 9937 9933 9936 9958 9981 1e+004 1.002e+004 1.003e+004 1.008e+004 1.005e+004 1.002e+004 1.002e+004 1.005e+004 9976 9881 9772 9663 9630 9632 9633 9627 9628 9655 9705 9825 1.01e+004 1.016e+004 1.013e+004 1.009e+004 1.006e+004 1.002e+004 1.003e+004 1.001e+004 9979 9974 9963 9980 9979 9966 9942 9929 9924 9918 9909 9900 9890 9889 9889 9903 9917 9892 9881 9879 9870 9871 9883 9898 9913 9930 9947 9964 9977 9971 9966 9977 9975 9972 9967 9973
9923 9908 9901 9903 9907 9909 9909 9908 9916 9920 9911 9926 9969 9989 9999 1.001e+004 1.004e+004 1.002e+004 9998 9988 1.001e+004 9986 9933 9860 9779 9711 9669 9650 9647 9654 9707 9823 9991 1.014e+004 1.014e+004 1.011e+004 1.008e+004 1.004e+004 9997 1.001e+004 9998 9978 9977 9977 9968 9961 9968 9959 9936 9922 9912 9899 9891 9882 9871 9867 9913 9909 9882 9869 9872 9870 9875 9884 9896 9921 9938 9952 9963 9975 9980 9964 9976 9977 9979 9980 9980
9876 9847 9859 9870 9879 9885 9890 9895 9910 9915 9909 9913 9947 9964 9976 9989 9995 1e+004 9987 9979 9980 1e+004 9999 9981 9898 9830 9767 9719 9705 9703 9790 9983 1.014e+004 1.008e+004 1.009e+004 1.008e+004 1.006e+004 1.004e+004 1.001e+004 1e+004 9991 9997 9989 9978 9964 9955 9964 9951 9933 9921 9913 9905 9895 9883 9870 9857 9862 9882 9879 9865 9859 9862 9891 9903 9916 9935 9948 9953 9957 9960 9960 9963 9970 9978 9985 9995 1e+004
9820 9822 9831 9845 9857 9867 9876 9886 9897 9904 9903 9899 9904 9931 9951 9966 9978 9992 9979 9980 9993 1.001e+004 1.005e+004 1.012e+004 1.016e+004 1.001e+004 9894 9801 9782 9807 9897 1.009e+004 1.004e+004 1.001e+004 1.003e+004 1.004e+004 1.004e+004 1.003e+004 1.003e+004 9988 9951 9979 9982 9987 9961 9941 9940 9927 9926 9923 9918 9909 9898 9890 9883 9877 9841 9852 9871 9870 9845 9870 9900 9926 9950 9960 9960 9956 9949 9949 9955 9963 9971 9984 9999 1.001e+004 1.002e+004
9797 9801 9814 9828 9844 9856 9866 9875 9883 9888 9893 9884 9891 9912 9932 9949 9969 9968 9956 9947 9955 9985 1.003e+004 1.008e+004 1.017e+004 1.01e+004 1.003e+004 1.002e+004 9963 9994 1e+004 9997 9943 9974 9991 1e+004 1.002e+004 1.002e+004 1.003e+004 9989 9929 9915 9949 9969 9968 9962 9944 9933 9929 9926 9919 9911 9899 9891 9881 9849 9837 9844 9871 9874 9844 9864 9899 9941 9994 9984 9974 9965 9954 9952 9959 9964 9983 9994 1e+004 1.001e+004 1.001e+004
9783 9791 9806 9822 9835 9848 9860 9874 9893 9910 9899 9879 9887 9900 9916 9931 9936 9938 9926 9902 9907 9935 9971 9997 9984 1.002e+004 1.002e+004 1e+004 1.007e+004 9991 1e+004 9983 9971 9980 9985 9988 9995 1e+004 1e+004 9970 9906 9894 9930 9960 9968 9958 9952 9952 9944 9934 9922 9911 9900 9889 9881 9853 9838 9839 9845 9886 9843 9877 9907 9940 9973 9986 9983 9979 9975 9983 1.002e+004 1.001e+004 1e+004 1e+004 1.001e+004 1.001e+004 1.002e+004
9774 9790 9806 9818 9830 9842 9855 9870 9899 9930 9914 9881 9870 9885 9905 9922 9919 9911 9905 9895 9883 9887 9916 9942 9928 9939 9945 9924 9919 9924 9965 1.001e+004 9979 9976 9975 9974 9975 9978 9973 9950 9905 9898 9906 9932 9953 9950 9951 9954 9949 9937 9923 9909 9893 9879 9862 9868 9845 9839 9863 9876 9873 9883 9902 9935 9967 9982 9986 9989 9998 1e+004 9999 1.001e+004 1.001e+004 1e+004 1e+004 1.001e+004 1e+004
9770 9787 9805 9815 9825 9834 9845 9859 9886 9935 9922 9892 9861 9874 9898 9917 9903 9897 9901 9907 9899 9873 9875 9867 9869 9892 9913 9928 9902 9900 9939 9960 9963 9948 9946 9949 9950 9944 9933 9914 9908 9904 9904 9917 9936 9957 9941 9940 9944 9931 9916 9903 9893 9880 9873 9892 9872 9851 9863 9924 9925 9914 9904 9927 9955 9973 9983 9990 1e+004 1.001e+004 9998 9987 9994 9988 9989 9992 9992
9767 9787 9803 9812 9819 9826 9833 9844 9858 9900 9902 9879 9854 9869 9893 9912 9914 9902 9898 9899 9893 9868 9864 9853 9847 9875 9906 9949 9964 9986 9967 9971 9939 9925 9920 9916 9920 9916 9904 9882 9895 9905 9904 9909 9934 9961 9935 9938 9940 9921 9907 9894 9883 9877 9880 9884 9899 9874 9873 9904 9940 9932 9917 9932 9950 9964 9978 9982 9983 9982 9994 9973 9964 9965 9971 9976 9970
9766 9785 9801 9807 9812 9816 9822 9831 9849 9880 9888 9864 9864 9869 9889 9910 9903 9898 9890 9879 9863 9883 9872 9859 9859 9875 9896 9910 9913 9896 9933 9940 9918 9890 9886 9889 9892 9896 9897 9901 9908 9910 9905 9904 9910 9939 9927 9911 9907 9907 9900 9892 9885 9879 9882 9887 9894 9878 9904 9951 9951 9953 9968 9955 9972 9987 9982 9971 9959 9963 9942 9918 9919 9939 9957 9968 9973
9762 9777 9791 9799 9803 9807 9811 9820 9836 9871 9891 9876 9863 9867 9882 9886 9894 9888 9887 9876 9869 9876 9887 9882 9874 9877 9884 9889 9884 9884 9880 9842 9830 9845 9855 9864 9871 9880 9892 9916 9908 9902 9906 9903 9902 9920 9915 9899 9900 9897 9893 9888 9883 9877 9872 9896 9893 9900 9895 9948 9962 9972 9979 9979 9989 1e+004 9984 9965 9944 9948 9947 9881 9905 9920 9940 9961 9977
9756 9769 9777 9789 9795 9797 9802 9808 9824 9864 9900 9898 9876 9873 9879 9887 9896 9911 9895 9884 9877 9891 9903 9909 9889 9879 9879 9885 9908 9908 9867 9825 9810 9820 9833 9843 9852 9864 9874 9880 9876 9875 9898 9897 9899 9893 9880 9889 9902 9890 9885 9886 9884 9888 9894 9919 9907 9916 9927 9927 9953 9955 9939 9969 9979 9983 9974 9959 9944 9931 9942 9916 9891 9912 9933 9954 9979
9746 9763 9781 9787 9784 9784 9787 9792 9805 9836 9865 9861 9882 9881 9877 9886 9898 9903 9894 9892 9905 9916 9908 9894 9881 9868 9860 9854 9840 9837 9810 9799 9791 9803 9820 9831 9845 9853 9857 9853 9853 9865 9860 9876 9878 9869 9876 9874 9865 9873 9876 9880 9887 9903 9928 9933 9924 9922 9919 9938 9950 9956 9918 9921 9954 9969 9955 9945 9939 9919 9930 9934 9924 9919 9930 9939 9938
9736 9750 9761 9767 9767 9769 9770 9775 9782 9794 9815 9834 9855 9838 9870 9886 9882 9874 9884 9890 9887 9891 9888 9878 9868 9855 9841 9824 9808 9774 9779 9791 9789 9797 9812 9822 9833 9839 9844 9847 9855 9864 9865 9864 9867 9867 9870 9869 9855 9862 9866 9870 9877 9890 9917 9924 9935 9934 9916 9933 9946 9954 9928 9934 9937 9924 9916 9914 9920 9924 9919 9921 9917 9919 9926 9937 9950
9727 9733 9733 9734 9748 9756 9756 9761 9766 9778 9793 9820 9828 9845 9856 9875 9880 9888 9889 9886 9887 9884 9886 9873 9854 9842 9828 9808 9782 9776 9777 9778 9784 9795 9806 9812 9821 9829 9836 9844 9854 9873 9871 9856 9862 9887 9873 9868 9868 9859 9857 9862 9867 9868 9860 9875 9889 9886 9933 9932 9938 9947 9928 9916 9913 9900 9897 9889 9864 9880 9896 9899 9910 9915 9920 9931 9943
9721 9724 9724 9726 9739 9741 9744 9749 9754 9763 9779 9809 9833 9858 9854 9859 9866 9876 9877 9873 9871 9858 9826 9833 9841 9834 9819 9804 9791 9787 9779 9781 9791 9796 9801 9807 9815 9823 9832 9842 9861 9877 9868 9847 9844 9847 9861 9860 9847 9842 9846 9852 9855 9857 9855 9864 9870 9873 9874 9906 9919 9917 9913 9908 9905 9901 9895 9892 9851 9874 9881 9881 9889 9900 9908 9916 9927
9718 9721 9728 9751 9738 9736 9738 9741 9742 9746 9778 9801 9817 9828 9846 9835 9847 9856 9860 9853 9845 9825 9842 9849 9844 9839 9827 9808 9790 9789 9789 9793 9793 9797 9805 9811 9816 9821 9827 9833 9835 9866 9860 9870 9833 9804 9828 9850 9834 9826 9833 9843 9853 9859 9878 9885 9886 9897 9916 9908 9911 9912 9917 9921 9900 9890 9883 9871 9861 9871 9860 9865 9875 9888 9893 9897 9910
9717 9721 9727 9734 9735 9737 9740 9741 9743 9748 9766 9776 9771 9769 9786 9830 9833 9824 9814 9829 9841 9856 9861 9858 9858 9855 9847 9831 9808 9809 9800 9785 9793 9798 9806 9813 9818 9824 9829 9835 9839 9862 9872 9856 9825 9789 9809 9839 9833 9824 9824 9836 9855 9874 9889 9909 9911 9925 9917 9915 9909 9907 9907 9904 9878 9871 9878 9852 9845 9845 9846 9859 9873 9885 9883 9882 9895
9712 9716 9720 9722 9728 9736 9743 9746 9749 9750 9759 9771 9773 9776 9800 9837 9822 9802 9791 9810 9836 9865 9857 9869 9866 9867 9869 9866 9843 9818 9807 9805 9800 9800 9807 9808 9813 9822 9831 9840 9857 9891 9894 9873 9821 9792 9818 9853 9829 9825 9804 9825 9852 9887 9917 9898 9920 9935 9935 9918 9900 9887 9882 9869 9840 9847 9844 9847 9858 9855 9852 9860 9869 9871 9875 9872 9881
9707 9714 9717 9718 9725 9737 9747 9756 9764 9770 9802 9804 9816 9846 9837 9830 9812 9787 9770 9790 9822 9858 9864 9867 9874 9881 9889 9902 9890 9842 9819 9809 9807 9804 9803 9803 9808 9812 9819 9832 9854 9877 9874 9838 9814 9791 9821 9848 9808 9740 9791 9816 9835 9865 9892 9903 9921 9930 9939 9910 9883 9859 9837 9835 9834 9838 9848 9859 9846 9854 9856 9857 9864 9873 9875 9870 9874
9706 9715 9722 9722 9734 9749 9759 9767 9782 9807 9837 9823 9837 9859 9858 9836 9801 9769 9744 9766 9805 9841 9850 9864 9874 9880 9892 9906 9903 9882 9851 9830 9823 9818 9812 9806 9804 9805 9805 9812 9834 9848 9862 9861 9828 9797 9832 9850 9843 9849 9819 9815 9819 9834 9858 9877 9913 9920 9918 9889 9858 9829 9809 9807 9820 9826 9834 9856 9859 9853 9861 9861 9860 9877 9877 9873 9873
9711 9724 9742 9760 9778 9773 9769 9777 9793 9815 9830 9829 9816 9825 9824 9811 9787 9763 9748 9764 9790 9818 9835 9865 9861 9869 9877 9883 9889 9884 9853 9848 9838 9829 9823 9818 9813 9807 9801 9787 9779 9792 9828 9858 9859 9863 9853 9876 9852 9828 9820 9816 9818 9838 9870 9872 9879 9866 9873 9859 9831 9796 9757 9763 9784 9807 9825 9835 9851 9857 9863 9867 9871 9878 9877 9875 9873
9715 9728 9747 9789 9829 9768 9766 9777 9788 9797 9775 9782 9788 9795 9799 9789 9777 9766 9766 9770 9781 9800 9833 9827 9835 9846 9857 9866 9875 9869 9859 9862 9856 9847 9841 9831 9820 9809 9796 9770 9748 9744 9774 9825 9870 9863 9852 9841 9835 9827 9819 9817 9826 9854 9870 9857 9838 9826 9848 9835 9808 9774 9746 9747 9768 9794 9811 9832 9846 9864 9864 9869 9884 9882 9872 9872 9871
9718 9726 9728 9710 9670 9725 9754 9773 9781 9782 9768 9756 9769 9788 9779 9773 9766 9759 9752 9752 9768 9786 9800 9791 9808 9829 9847 9855 9870 9875 9859 9864 9862 9853 9845 9834 9817 9802 9781 9765 9736 9706 9690 9768 9861 9840 9841 9835 9827 9815 9808 9818 9831 9859 9874 9858 9822 9815 9838 9820 9794 9763 9736 9730 9746 9771 9788 9813 9798 9840 9855 9855 9855 9855 9864 9858 9864
