real_craters/C210-750m.grd
DSAA
429 429
-160.545 160.545
-160.545 160.545
8154.4390029443 11365.250971027
[rows 68 to 101 of 429, columns 154 to 230 of 429]
9356 9351 9347 9343 9343 9339 9339 9336 9335 9336 9336 9341 9340 9340 9340 9341 9342 9345 9342 9342 9343 9344 9344 9347 9351 9364 9376 9387 9394 9393 9383 9439 9601 9809 1.002e+004 1.02e+004 1.032e+004 1.03e+004 1.027e+004 1.026e+004 1.025e+004 1.026e+004 1.026e+004 1.026e+004 1.025e+004 1.024e+004 1.023e+004 1.023e+004 1.023e+004 1.022e+004 1.022e+004 1.022e+004 1.022e+004 1.021e+004 1.021e+004 1.02e+004 1.019e+004 1.021e+004 1.021e+004 1.02e+004 1.018e+004 1.017e+004 1.017e+004 1.017e+004 1.019e+004 1.019e+004 1.018e+004 1.018e+004 1.016e+004 1.015e+004 1.013e+004 1.012e+004 1.012e+004 1.012e+004 1.013e+004 1.014e+004 1.014e+004
9354 9350 9346 9343 9340 9337 9335 9334 9336 9339 9337 9338 9339 9339 9340 9340 9341 9343 9344 9343 9344 9344 9344 9346 9346 9353 9356 9359 9360 9361 9366 9389 9492 9715 9942 1.014e+004 1.029e+004 1.032e+004 1.032e+004 1.029e+004 1.028e+004 1.027e+004 1.027e+004 1.026e+004 1.024e+004 1.023e+004 1.023e+004 1.024e+004 1.025e+004 1.025e+004 1.024e+004 1.025e+004 1.024e+004 1.023e+004 1.022e+004 1.021e+004 1.021e+004 1.023e+004 1.022e+004 1.021e+004 1.02e+004 1.019e+004 1.018e+004 1.017e+004 1.016e+004 1.016e+004 1.017e+004 1.018e+004 1.017e+004 1.016e+004 1.014e+004 1.013e+004 1.013e+004 1.013e+004 1.014e+004 1.014e+004 1.012e+004
9352 9349 9346 9343 9341 9339 9337 9336 9336 9337 9336 9336 9337 9338 9338 9338 9339 9341 9343 9347 9349 9347 9343 9346 9348 9347 9348 9349 9352 9353 9361 9394 9489 9661 9874 1.008e+004 1.028e+004 1.04e+004 1.037e+004 1.034e+004 1.031e+004 1.029e+004 1.027e+004 1.025e+004 1.023e+004 1.022e+004 1.024e+004 1.026e+004 1.027e+004 1.029e+004 1.029e+004 1.027e+004 1.026e+004 1.025e+004 1.024e+004 1.023e+004 1.023e+004 1.025e+004 1.021e+004 1.021e+004 1.021e+004 1.019e+004 1.018e+004 1.016e+004 1.014e+004 1.012e+004 1.016e+004 1.017e+004 1.017e+004 1.015e+004 1.015e+004 1.015e+004 1.015e+004 1.014e+004 1.014e+004 1.013e+004 1.013e+004
9351 9348 9345 9343 9342 9340 9338 9336 9335 9337 9335 9335 9336 9338 9337 9336 9337 9340 9344 9350 9352 9355 9357 9353 9349 9349 9349 9350 9350 9353 9361 9381 9473 9636 9817 1.001e+004 1.021e+004 1.039e+004 1.043e+004 1.036e+004 1.034e+004 1.032e+004 1.028e+004 1.025e+004 1.023e+004 1.023e+004 1.025e+004 1.028e+004 1.03e+004 1.032e+004 1.033e+004 1.031e+004 1.029e+004 1.027e+004 1.025e+004 1.024e+004 1.024e+004 1.025e+004 1.02e+004 1.021e+004 1.019e+004 1.019e+004 1.017e+004 1.016e+004 1.015e+004 1.015e+004 1.016e+004 1.018e+004 1.017e+004 1.017e+004 1.017e+004 1.017e+004 1.016e+004 1.015e+004 1.014e+004 1.014e+004 1.015e+004
9351 9348 9345 9343 9342 9339 9337 9335 9335 9340 9336 9334 9335 9337 9340 9337 9337 9341 9347 9346 9348 9355 9361 9362 9353 9353 9354 9353 9353 9355 9360 9374 9478 9610 9755 9913 1.007e+004 1.027e+004 1.041e+004 1.041e+004 1.038e+004 1.035e+004 1.032e+004 1.029e+004 1.027e+004 1.026e+004 1.029e+004 1.03e+004 1.031e+004 1.032e+004 1.033e+004 1.033e+004 1.03e+004 1.028e+004 1.026e+004 1.025e+004 1.026e+004 1.028e+004 1.026e+004 1.024e+004 1.023e+004 1.018e+004 1.017e+004 1.017e+004 1.016e+004 1.017e+004 1.016e+004 1.015e+004 1.015e+004 1.017e+004 1.016e+004 1.017e+004 1.016e+004 1.015e+004 1.014e+004 1.013e+004 1.014e+004
9352 9348 9345 9342 9339 9339 9337 9334 9333 9335 9334 9333 9334 9336 9340 9341 9339 9340 9343 9343 9346 9351 9355 9360 9361 9362 9361 9358 9356 9357 9360 9370 9425 9568 9705 9844 9994 1.026e+004 1.041e+004 1.044e+004 1.042e+004 1.038e+004 1.035e+004 1.034e+004 1.033e+004 1.033e+004 1.033e+004 1.033e+004 1.033e+004 1.033e+004 1.032e+004 1.032e+004 1.03e+004 1.028e+004 1.027e+004 1.028e+004 1.03e+004 1.023e+004 1.023e+004 1.024e+004 1.023e+004 1.02e+004 1.018e+004 1.018e+004 1.017e+004 1.016e+004 1.016e+004 1.016e+004 1.016e+004 1.016e+004 1.019e+004 1.018e+004 1.017e+004 1.015e+004 1.013e+004 1.012e+004 1.011e+004
9353 9348 9345 9341 9338 9337 9335 9332 9332 9327 9330 9331 9332 9332 9334 9343 9339 9338 9341 9341 9342 9349 9354 9360 9374 9374 9368 9363 9359 9357 9359 9370 9414 9528 9670 9816 9982 1.027e+004 1.043e+004 1.046e+004 1.043e+004 1.041e+004 1.038e+004 1.037e+004 1.037e+004 1.038e+004 1.036e+004 1.036e+004 1.035e+004 1.035e+004 1.032e+004 1.028e+004 1.027e+004 1.028e+004 1.027e+004 1.028e+004 1.029e+004 1.025e+004 1.022e+004 1.022e+004 1.023e+004 1.022e+004 1.02e+004 1.019e+004 1.017e+004 1.016e+004 1.015e+004 1.015e+004 1.016e+004 1.016e+004 1.02e+004 1.019e+004 1.017e+004 1.015e+004 1.013e+004 1.01e+004 1.01e+004
9352 9348 9344 9341 9339 9335 9334 9330 9331 9332 9328 9331 9330 9329 9331 9333 9332 9334 9335 9337 9340 9342 9348 9358 9373 9377 9371 9365 9360 9357 9359 9373 9403 9515 9663 9819 9971 1.021e+004 1.032e+004 1.039e+004 1.041e+004 1.041e+004 1.04e+004 1.039e+004 1.039e+004 1.04e+004 1.038e+004 1.037e+004 1.036e+004 1.035e+004 1.033e+004 1.031e+004 1.029e+004 1.028e+004 1.027e+004 1.027e+004 1.028e+004 1.025e+004 1.019e+004 1.018e+004 1.022e+004 1.024e+004 1.022e+004 1.02e+004 1.017e+004 1.016e+004 1.014e+004 1.014e+004 1.015e+004 1.017e+004 1.021e+004 1.02e+004 1.017e+004 1.015e+004 1.012e+004 1.011e+004 1.011e+004
9351 9347 9344 9341 9338 9338 9338 9338 9336 9336 9333 9331 9329 9326 9326 9328 9329 9331 9333 9337 9342 9344 9344 9355 9367 9372 9369 9364 9360 9357 9361 9372 9396 9513 9676 9855 1.003e+004 1.016e+004 1.022e+004 1.032e+004 1.038e+004 1.041e+004 1.043e+004 1.042e+004 1.04e+004 1.039e+004 1.038e+004 1.037e+004 1.038e+004 1.038e+004 1.035e+004 1.033e+004 1.03e+004 1.029e+004 1.028e+004 1.028e+004 1.029e+004 1.026e+004 1.02e+004 1.016e+004 1.02e+004 1.023e+004 1.021e+004 1.019e+004 1.018e+004 1.016e+004 1.014e+004 1.016e+004 1.018e+004 1.021e+004 1.022e+004 1.019e+004 1.017e+004 1.014e+004 1.013e+004 1.011e+004 1.01e+004
9352 9348 9345 9342 9340 9339 9338 9339 9342 9338 9336 9336 9332 9329 9327 9327 9328 9329 9331 9334 9339 9344 9343 9353 9363 9369 9367 9363 9359 9356 9359 9368 9387 9504 9685 9886 1.008e+004 1.016e+004 1.023e+004 1.031e+004 1.037e+004 1.042e+004 1.045e+004 1.044e+004 1.039e+004 1.036e+004 1.035e+004 1.037e+004 1.038e+004 1.038e+004 1.036e+004 1.034e+004 1.033e+004 1.031e+004 1.03e+004 1.029e+004 1.031e+004 1.025e+004 1.018e+004 1.018e+004 1.019e+004 1.017e+004 1.018e+004 1.019e+004 1.019e+004 1.018e+004 1.018e+004 1.017e+004 1.02e+004 1.024e+004 1.021e+004 1.018e+004 1.016e+004 1.014e+004 1.013e+004 1.012e+004 1.012e+004
9355 9350 9346 9344 9342 9339 9339 9339 9338 9340 9339 9340 9338 9333 9332 9329 9328 9328 9330 9333 9335 9336 9342 9352 9359 9362 9365 9363 9358 9354 9356 9364 9381 9487 9670 9875 1.005e+004 1.016e+004 1.027e+004 1.033e+004 1.038e+004 1.042e+004 1.044e+004 1.043e+004 1.04e+004 1.036e+004 1.035e+004 1.037e+004 1.038e+004 1.038e+004 1.037e+004 1.035e+004 1.034e+004 1.032e+004 1.032e+004 1.032e+004 1.029e+004 1.024e+004 1.02e+004 1.024e+004 1.019e+004 1.017e+004 1.017e+004 1.019e+004 1.02e+004 1.021e+004 1.022e+004 1.017e+004 1.017e+004 1.015e+004 1.017e+004 1.017e+004 1.015e+004 1.014e+004 1.012e+004 1.011e+004 1.011e+004
9352 9350 9347 9345 9343 9341 9339 9341 9341 9342 9344 9344 9342 9342 9334 9330 9328 9328 9329 9332 9335 9336 9339 9350 9359 9365 9367 9363 9359 9355 9354 9364 9382 9471 9637 9832 9992 1.016e+004 1.029e+004 1.035e+004 1.04e+004 1.043e+004 1.045e+004 1.043e+004 1.042e+004 1.039e+004 1.038e+004 1.038e+004 1.038e+004 1.038e+004 1.036e+004 1.034e+004 1.032e+004 1.031e+004 1.03e+004 1.027e+004 1.024e+004 1.024e+004 1.023e+004 1.021e+004 1.02e+004 1.017e+004 1.019e+004 1.021e+004 1.022e+004 1.023e+004 1.022e+004 1.015e+004 1.014e+004 1.012e+004 1.015e+004 1.015e+004 1.015e+004 1.014e+004 1.012e+004 1.01e+004 1.008e+004
9354 9350 9348 9346 9343 9340 9341 9344 9343 9348 9341 9344 9326 9346 9337 9332 9330 9329 9329 9330 9335 9335 9339 9350 9362 9375 9370 9364 9359 9356 9355 9366 9391 9457 9600 9763 9942 1.011e+004 1.028e+004 1.038e+004 1.042e+004 1.044e+004 1.045e+004 1.045e+004 1.044e+004 1.041e+004 1.039e+004 1.039e+004 1.039e+004 1.037e+004 1.036e+004 1.034e+004 1.032e+004 1.03e+004 1.028e+004 1.027e+004 1.025e+004 1.026e+004 1.025e+004 1.023e+004 1.023e+004 1.022e+004 1.023e+004 1.024e+004 1.024e+004 1.024e+004 1.022e+004 1.014e+004 1.014e+004 1.01e+004 1.012e+004 1.014e+004 1.015e+004 1.014e+004 1.012e+004 1.01e+004 1.009e+004
9353 9351 9349 9347 9345 9342 9343 9347 9346 9352 9297 9213 9270 9320 9338 9334 9330 9329 9328 9329 9330 9331 9339 9348 9358 9366 9364 9360 9358 9357 9356 9365 9391 9443 9577 9736 9949 1.013e+004 1.034e+004 1.043e+004 1.046e+004 1.045e+004 1.045e+004 1.047e+004 1.046e+004 1.043e+004 1.04e+004 1.039e+004 1.038e+004 1.037e+004 1.035e+004 1.034e+004 1.033e+004 1.031e+004 1.027e+004 1.028e+004 1.029e+004 1.029e+004 1.03e+004 1.03e+004 1.027e+004 1.027e+004 1.025e+004 1.026e+004 1.026e+004 1.025e+004 1.021e+004 1.016e+004 1.014e+004 1.01e+004 1.01e+004 1.015e+004 1.015e+004 1.014e+004 1.013e+004 1.012e+004 1.011e+004
9356 9353 9350 9347 9346 9345 9343 9344 9346 9354 9293 9221 9265 9307 9341 9334 9331 9329 9328 9326 9326 9328 9336 9343 9349 9351 9353 9353 9353 9354 9356 9365 9379 9440 9574 9741 9943 1.02e+004 1.046e+004 1.051e+004 1.05e+004 1.047e+004 1.045e+004 1.047e+004 1.046e+004 1.045e+004 1.044e+004 1.04e+004 1.037e+004 1.036e+004 1.034e+004 1.033e+004 1.031e+004 1.03e+004 1.03e+004 1.031e+004 1.032e+004 1.032e+004 1.032e+004 1.031e+004 1.029e+004 1.028e+004 1.027e+004 1.028e+004 1.028e+004 1.028e+004 1.025e+004 1.02e+004 1.016e+004 1.009e+004 1.013e+004 1.017e+004 1.016e+004 1.015e+004 1.013e+004 1.012e+004 1.011e+004
9357 9355 9350 9346 9344 9349 9345 9343 9343 9350 9326 9319 9328 9341 9340 9337 9333 9330 9328 9327 9327 9329 9335 9340 9342 9342 9344 9347 9348 9351 9357 9368 9384 9453 9586 9751 9979 1.025e+004 1.053e+004 1.056e+004 1.054e+004 1.05e+004 1.047e+004 1.047e+004 1.046e+004 1.045e+004 1.043e+004 1.04e+004 1.038e+004 1.035e+004 1.034e+004 1.032e+004 1.031e+004 1.03e+004 1.029e+004 1.031e+004 1.032e+004 1.033e+004 1.033e+004 1.032e+004 1.032e+004 1.029e+004 1.03e+004 1.029e+004 1.028e+004 1.028e+004 1.025e+004 1.023e+004 1.017e+004 1.016e+004 1.017e+004 1.018e+004 1.017e+004 1.016e+004 1.014e+004 1.013e+004 1.012e+004
9356 9354 9351 9346 9343 9347 9346 9344 9342 9345 9346 9350 9348 9345 9341 9337 9334 9331 9329 9329 9330 9336 9335 9336 9337 9339 9341 9342 9344 9349 9360 9371 9402 9489 9609 9774 1e+004 1.026e+004 1.051e+004 1.056e+004 1.055e+004 1.053e+004 1.05e+004 1.047e+004 1.045e+004 1.045e+004 1.042e+004 1.039e+004 1.036e+004 1.035e+004 1.034e+004 1.032e+004 1.031e+004 1.029e+004 1.028e+004 1.029e+004 1.031e+004 1.033e+004 1.034e+004 1.035e+004 1.033e+004 1.03e+004 1.028e+004 1.028e+004 1.028e+004 1.025e+004 1.022e+004 1.02e+004 1.017e+004 1.019e+004 1.02e+004 1.018e+004 1.017e+004 1.016e+004 1.015e+004 1.013e+004 1.012e+004
9356 9355 9354 9352 9349 9349 9349 9346 9343 9343 9347 9347 9345 9342 9340 9338 9335 9332 9331 9330 9333 9332 9329 9332 9334 9336 9338 9341 9344 9351 9362 9379 9422 9498 9639 9797 1.001e+004 1.025e+004 1.046e+004 1.053e+004 1.054e+004 1.052e+004 1.051e+004 1.048e+004 1.045e+004 1.043e+004 1.041e+004 1.039e+004 1.036e+004 1.035e+004 1.034e+004 1.032e+004 1.031e+004 1.03e+004 1.03e+004 1.029e+004 1.031e+004 1.033e+004 1.036e+004 1.036e+004 1.03e+004 1.031e+004 1.032e+004 1.031e+004 1.029e+004 1.024e+004 1.019e+004 1.016e+004 1.012e+004 1.015e+004 1.019e+004 1.018e+004 1.017e+004 1.016e+004 1.015e+004 1.014e+004 1.013e+004
9360 9360 9358 9358 9356 9355 9354 9346 9346 9346 9346 9344 9341 9341 9341 9339 9337 9334 9332 9332 9334 9343 9333 9333 9335 9337 9339 9342 9346 9353 9365 9399 9452 9551 9692 9890 1.006e+004 1.023e+004 1.041e+004 1.049e+004 1.052e+004 1.052e+004 1.052e+004 1.05e+004 1.046e+004 1.043e+004 1.041e+004 1.039e+004 1.037e+004 1.035e+004 1.034e+004 1.033e+004 1.033e+004 1.032e+004 1.029e+004 1.029e+004 1.03e+004 1.033e+004 1.035e+004 1.035e+004 1.03e+004 1.033e+004 1.037e+004 1.034e+004 1.031e+004 1.029e+004 1.021e+004 1.017e+004 1.017e+004 1.018e+004 1.018e+004 1.019e+004 1.018e+004 1.016e+004 1.015e+004 1.014e+004 1.014e+004
9365 9365 9362 9359 9355 9358 9360 9347 9347 9346 9345 9344 9341 9341 9343 9341 9338 9336 9334 9333 9334 9334 9336 9337 9337 9338 9342 9342 9349 9358 9372 9425 9490 9575 9743 9968 1.013e+004 1.024e+004 1.036e+004 1.045e+004 1.05e+004 1.052e+004 1.053e+004 1.053e+004 1.051e+004 1.044e+004 1.042e+004 1.039e+004 1.037e+004 1.036e+004 1.035e+004 1.034e+004 1.033e+004 1.032e+004 1.029e+004 1.029e+004 1.031e+004 1.032e+004 1.033e+004 1.034e+004 1.034e+004 1.036e+004 1.038e+004 1.035e+004 1.031e+004 1.027e+004 1.024e+004 1.022e+004 1.024e+004 1.022e+004 1.02e+004 1.019e+004 1.017e+004 1.015e+004 1.014e+004 1.014e+004 1.014e+004
9370 9365 9363 9360 9356 9361 9358 9348 9347 9346 9345 9344 9342 9341 9342 9341 9339 9337 9336 9335 9337 9339 9338 9338 9338 9339 9342 9341 9348 9376 9397 9462 9551 9653 9800 9952 1.006e+004 1.019e+004 1.031e+004 1.042e+004 1.05e+004 1.053e+004 1.055e+004 1.056e+004 1.056e+004 1.048e+004 1.043e+004 1.039e+004 1.037e+004 1.036e+004 1.035e+004 1.034e+004 1.033e+004 1.032e+004 1.031e+004 1.03e+004 1.031e+004 1.032e+004 1.032e+004 1.031e+004 1.035e+004 1.038e+004 1.038e+004 1.033e+004 1.03e+004 1.027e+004 1.027e+004 1.026e+004 1.024e+004 1.022e+004 1.018e+004 1.016e+004 1.015e+004 1.014e+004 1.013e+004 1.013e+004 1.013e+004
9377 9366 9367 9367 9362 9357 9353 9350 9347 9346 9345 9344 9343 9341 9339 9340 9340 9339 9337 9336 9336 9338 9339 9338 9338 9337 9338 9343 9361 9404 9440 9518 9629 9763 9881 9957 1.003e+004 1.018e+004 1.032e+004 1.044e+004 1.053e+004 1.057e+004 1.057e+004 1.057e+004 1.055e+004 1.05e+004 1.045e+004 1.042e+004 1.039e+004 1.037e+004 1.036e+004 1.035e+004 1.033e+004 1.032e+004 1.031e+004 1.031e+004 1.031e+004 1.032e+004 1.033e+004 1.034e+004 1.039e+004 1.04e+004 1.04e+004 1.033e+004 1.029e+004 1.026e+004 1.027e+004 1.025e+004 1.02e+004 1.018e+004 1.015e+004 1.014e+004 1.013e+004 1.012e+004 1.011e+004 1.011e+004 1.012e+004
9377 9372 9374 9379 9370 9362 9357 9356 9352 9350 9348 9344 9344 9343 9340 9341 9341 9341 9340 9339 9339 9341 9342 9342 9340 9339 9339 9352 9379 9423 9478 9575 9694 9823 9945 1.002e+004 1.008e+004 1.022e+004 1.037e+004 1.049e+004 1.055e+004 1.058e+004 1.057e+004 1.056e+004 1.053e+004 1.05e+004 1.046e+004 1.041e+004 1.039e+004 1.038e+004 1.037e+004 1.036e+004 1.034e+004 1.033e+004 1.031e+004 1.031e+004 1.031e+004 1.033e+004 1.035e+004 1.038e+004 1.042e+004 1.041e+004 1.036e+004 1.033e+004 1.028e+004 1.023e+004 1.019e+004 1.022e+004 1.018e+004 1.016e+004 1.014e+004 1.012e+004 1.012e+004 1.011e+004 1.01e+004 1.01e+004 1.01e+004
9382 9377 9378 9379 9376 9368 9366 9362 9362 9358 9353 9348 9348 9346 9345 9344 9344 9344 9343 9342 9343 9344 9346 9346 9348 9347 9344 9364 9394 9443 9509 9622 9745 9869 9979 1.006e+004 1.014e+004 1.028e+004 1.043e+004 1.054e+004 1.055e+004 1.055e+004 1.055e+004 1.053e+004 1.05e+004 1.047e+004 1.045e+004 1.043e+004 1.041e+004 1.039e+004 1.038e+004 1.036e+004 1.035e+004 1.034e+004 1.031e+004 1.03e+004 1.032e+004 1.034e+004 1.036e+004 1.039e+004 1.042e+004 1.04e+004 1.036e+004 1.034e+004 1.029e+004 1.021e+004 1.017e+004 1.016e+004 1.017e+004 1.015e+004 1.014e+004 1.012e+004 1.011e+004 1.011e+004 1.01e+004 1.01e+004 1.01e+004
9390 9381 9382 9383 9381 9374 9372 9368 9373 9367 9361 9354 9354 9351 9350 9349 9348 9348 9347 9345 9344 9345 9347 9355 9365 9371 9374 9392 9426 9480 9559 9681 9802 9915 1.002e+004 1.011e+004 1.021e+004 1.034e+004 1.047e+004 1.056e+004 1.055e+004 1.053e+004 1.053e+004 1.052e+004 1.049e+004 1.047e+004 1.044e+004 1.043e+004 1.042e+004 1.04e+004 1.038e+004 1.036e+004 1.034e+004 1.034e+004 1.03e+004 1.031e+004 1.032e+004 1.034e+004 1.037e+004 1.039e+004 1.041e+004 1.039e+004 1.035e+004 1.034e+004 1.031e+004 1.021e+004 1.016e+004 1.019e+004 1.017e+004 1.016e+004 1.015e+004 1.013e+004 1.012e+004 1.011e+004 1.01e+004 1.009e+004 1.01e+004
9405 9384 9386 9392 9393 9391 9379 9373 9378 9374 9369 9366 9362 9357 9355 9356 9355 9353 9351 9349 9351 9348 9351 9370 9393 9412 9428 9443 9496 9575 9654 9758 9867 9971 1.008e+004 1.019e+004 1.029e+004 1.04e+004 1.051e+004 1.058e+004 1.057e+004 1.054e+004 1.053e+004 1.052e+004 1.051e+004 1.049e+004 1.045e+004 1.042e+004 1.042e+004 1.04e+004 1.038e+004 1.035e+004 1.033e+004 1.031e+004 1.031e+004 1.032e+004 1.034e+004 1.035e+004 1.036e+004 1.037e+004 1.038e+004 1.036e+004 1.032e+004 1.028e+004 1.027e+004 1.019e+004 1.016e+004 1.018e+004 1.017e+004 1.017e+004 1.017e+004 1.017e+004 1.016e+004 1.012e+004 1.009e+004 1.009e+004 1.011e+004
9433 9398 9394 9397 9406 9401 9384 9384 9384 9381 9375 9369 9369 9364 9362 9366 9366 9364 9357 9354 9358 9359 9365 9399 9436 9467 9492 9514 9590 9675 9751 9845 9950 1.005e+004 1.016e+004 1.028e+004 1.037e+004 1.046e+004 1.054e+004 1.059e+004 1.055e+004 1.054e+004 1.053e+004 1.052e+004 1.051e+004 1.05e+004 1.046e+004 1.043e+004 1.042e+004 1.04e+004 1.039e+004 1.036e+004 1.033e+004 1.031e+004 1.033e+004 1.035e+004 1.036e+004 1.036e+004 1.035e+004 1.034e+004 1.032e+004 1.031e+004 1.028e+004 1.025e+004 1.024e+004 1.018e+004 1.017e+004 1.018e+004 1.018e+004 1.019e+004 1.019e+004 1.018e+004 1.018e+004 1.013e+004 1.009e+004 1.009e+004 1.01e+004
9496 9442 9415 9406 9415 9414 9395 9396 9397 9390 9380 9373 9369 9371 9374 9382 9386 9384 9373 9369 9378 9394 9410 9452 9500 9540 9572 9603 9659 9720 9820 9929 1.004e+004 1.015e+004 1.027e+004 1.039e+004 1.046e+004 1.051e+004 1.056e+004 1.059e+004 1.055e+004 1.054e+004 1.053e+004 1.052e+004 1.051e+004 1.049e+004 1.048e+004 1.045e+004 1.043e+004 1.042e+004 1.04e+004 1.038e+004 1.036e+004 1.035e+004 1.04e+004 1.038e+004 1.037e+004 1.036e+004 1.035e+004 1.033e+004 1.03e+004 1.029e+004 1.027e+004 1.025e+004 1.026e+004 1.019e+004 1.017e+004 1.018e+004 1.02e+004 1.021e+004 1.021e+004 1.02e+004 1.016e+004 1.012e+004 1.008e+004 1.008e+004 1.009e+004
9587 9515 9485 9462 9455 9444 9419 9413 9415 9399 9385 9374 9371 9375 9392 9411 9424 9425 9416 9433 9467 9475 9496 9537 9589 9633 9668 9706 9746 9802 9904 1.002e+004 1.014e+004 1.026e+004 1.041e+004 1.054e+004 1.055e+004 1.057e+004 1.059e+004 1.06e+004 1.06e+004 1.057e+004 1.055e+004 1.053e+004 1.05e+004 1.048e+004 1.046e+004 1.045e+004 1.043e+004 1.043e+004 1.042e+004 1.042e+004 1.042e+004 1.042e+004 1.041e+004 1.039e+004 1.038e+004 1.037e+004 1.036e+004 1.034e+004 1.032e+004 1.03e+004 1.03e+004 1.031e+004 1.032e+004 1.023e+004 1.019e+004 1.02e+004 1.023e+004 1.023e+004 1.022e+004 1.021e+004 1.016e+004 1.011e+004 1.008e+004 1.008e+004 1.008e+004
9693 9608 9540 9528 9539 9533 9497 9445 9416 9416 9403 9389 9382 9382 9424 9463 9488 9498 9501 9540 9585 9586 9608 9648 9701 9741 9773 9807 9839 9895 1e+004 1.013e+004 1.025e+004 1.038e+004 1.052e+004 1.058e+004 1.061e+004 1.061e+004 1.062e+004 1.062e+004 1.061e+004 1.058e+004 1.056e+004 1.053e+004 1.051e+004 1.049e+004 1.048e+004 1.047e+004 1.046e+004 1.045e+004 1.044e+004 1.044e+004 1.046e+004 1.045e+004 1.041e+004 1.04e+004 1.039e+004 1.038e+004 1.037e+004 1.036e+004 1.035e+004 1.035e+004 1.033e+004 1.033e+004 1.031e+004 1.028e+004 1.024e+004 1.021e+004 1.023e+004 1.024e+004 1.023e+004 1.021e+004 1.016e+004 1.011e+004 1.009e+004 1.009e+004 1.009e+004
9818 9732 9666 9632 9618 9607 9565 9522 9483 9468 9453 9440 9436 9444 9491 9539 9579 9605 9628 9678 9720 9739 9766 9802 9839 9867 9887 9910 9947 9995 1.011e+004 1.024e+004 1.038e+004 1.049e+004 1.062e+004 1.066e+004 1.066e+004 1.065e+004 1.064e+004 1.062e+004 1.061e+004 1.059e+004 1.057e+004 1.054e+004 1.052e+004 1.05e+004 1.049e+004 1.049e+004 1.047e+004 1.046e+004 1.046e+004 1.045e+004 1.045e+004 1.043e+004 1.041e+004 1.041e+004 1.04e+004 1.039e+004 1.038e+004 1.038e+004 1.039e+004 1.037e+004 1.034e+004 1.032e+004 1.03e+004 1.029e+004 1.023e+004 1.022e+004 1.025e+004 1.025e+004 1.024e+004 1.021e+004 1.016e+004 1.012e+004 1.01e+004 1.009e+004 1.01e+004
9963 9892 9828 9766 9694 9662 9646 9591 9557 9545 9536 9524 9520 9537 9588 9642 9693 9733 9775 9827 9880 9907 9934 9959 9990 1.001e+004 1.002e+004 1.004e+004 1.007e+004 1.01e+004 1.021e+004 1.034e+004 1.049e+004 1.064e+004 1.068e+004 1.072e+004 1.069e+004 1.067e+004 1.066e+004 1.064e+004 1.061e+004 1.059e+004 1.057e+004 1.055e+004 1.053e+004 1.053e+004 1.054e+004 1.053e+004 1.05e+004 1.048e+004 1.046e+004 1.045e+004 1.043e+004 1.04e+004 1.043e+004 1.042e+004 1.04e+004 1.038e+004 1.038e+004 1.037e+004 1.038e+004 1.037e+004 1.033e+004 1.031e+004 1.027e+004 1.025e+004 1.022e+004 1.024e+004 1.027e+004 1.027e+004 1.025e+004 1.021e+004 1.016e+004 1.01e+004 1.01e+004 1.011e+004 1.011e+004
1.012e+004 1.005e+004 9987 9916 9841 9793 9742 9703 9668 9655 9632 9639 9640 9663 9711 9765 9819 9878 9955 1.004e+004 1.006e+004 1.008e+004 1.01e+004 1.012e+004 1.014e+004 1.016e+004 1.019e+004 1.018e+004 1.019e+004 1.021e+004 1.03e+004 1.042e+004 1.056e+004 1.069e+004 1.071e+004 1.071e+004 1.071e+004 1.07e+004 1.068e+004 1.066e+004 1.063e+004 1.06e+004 1.058e+004 1.056e+004 1.054e+004 1.053e+004 1.053e+004 1.053e+004 1.05e+004 1.048e+004 1.047e+004 1.045e+004 1.045e+004 1.043e+004 1.041e+004 1.04e+004 1.039e+004 1.038e+004 1.037e+004 1.036e+004 1.034e+004 1.032e+004 1.031e+004 1.028e+004 1.024e+004 1.024e+004 1.024e+004 1.026e+004 1.027e+004 1.027e+004 1.025e+004 1.022e+004 1.016e+004 1.013e+004 1.012e+004 1.012e+004 1.013e+004
1.027e+004 1.024e+004 1.02e+004 1.013e+004 1.005e+004 9964 9896 9860 9823 9804 9793 9791 9785 9797 9846 9899 9954 1.002e+004 1.01e+004 1.019e+004 1.02e+004 1.021e+004 1.023e+004 1.026e+004 1.027e+004 1.028e+004 1.033e+004 1.031e+004 1.03e+004 1.029e+004 1.036e+004 1.046e+004 1.057e+004 1.067e+004 1.072e+004 1.074e+004 1.073e+004 1.071e+004 1.069e+004 1.066e+004 1.063e+004 1.06e+004 1.058e+004 1.056e+004 1.054e+004 1.053e+004 1.051e+004 1.051e+004 1.05e+004 1.048e+004 1.046e+004 1.044e+004 1.04e+004 1.041e+004 1.039e+004 1.037e+004 1.038e+004 1.037e+004 1.036e+004 1.034e+004 1.031e+004 1.029e+004 1.03e+004 1.027e+004 1.025e+004 1.025e+004 1.026e+004 1.027e+004 1.026e+004 1.024e+004 1.025e+004 1.025e+004 1.024e+004 1.017e+004 1.015e+004 1.015e+004 1.015e+004
