real_craters/C210-500m.grd
DSAA
643 643
-160.545 160.545
-160.545 160.545
8161.7806615959 11377.334493339
[rows 270 to 299 of 643, columns 134 to 200 of 643]
9767.09 9767.14 9773.56 9782.99 9793.22 9800.52 9802.64 9805.45 9810.83 9815.45 9817.67 9807.59 9792.34 9775.63 9770.99 9783.56 9798.86 9822.06 9841.06 9861.38 9882.77 9907.38 9898.31 9896.51 9898.5 9901.54 9893.91 9888.67 9895.22 9899.85 9900.67 9899.84 9900.41 9900.67 9902.94 9904.75 9904.54 9898.12 9892.91 9889.17 9892.65 9899.59 9911.06 9923.15 9937.82 9959.76 9991.19 10108 10126.7 9968.15 9902.9 9861.6 9828.26 9797.29 9771.63 9769.46 9773.45 9789.41 9810 9831.8 9861.03 9885.64 9906.95 9958.04 9976 9994.85 10012.9
9762.46 9761.05 9765.58 9773.32 9784.26 9793.01 9793.4 9796.15 9796.89 9796.28 9794.46 9790.79 9780.42 9772.22 9771.91 9783.32 9800.43 9816.42 9833.35 9847.7 9856.88 9846.07 9843.81 9874.69 9884.54 9887.14 9886.29 9892.68 9896.96 9900.91 9902.15 9904.14 9903.97 9902.73 9906.31 9903.67 9897.38 9895.18 9888.13 9881.25 9882.56 9896.96 9917.8 9939.83 9965.11 9993.54 10038.3 10155.9 10140.4 9962.29 9889.35 9847.62 9815.35 9788.88 9768.95 9761.82 9770.63 9784.3 9801.43 9825.26 9847.48 9872.25 9896.08 9948.93 9964.92 9982.49 9999.38
9744.96 9748.59 9753.23 9759.19 9765.41 9769.98 9779.77 9784.19 9779.53 9776.04 9770.87 9765.38 9769.99 9773.29 9774.14 9785.69 9799.68 9812.55 9825.72 9835.97 9840.21 9840.45 9838.05 9857.61 9880.33 9878.75 9872.42 9899.68 9907.19 9908.35 9905.88 9911.4 9915.06 9919.79 9915.13 9910.06 9901.56 9897.92 9886.1 9874.96 9875.32 9896.57 9928.44 9964.13 10000.9 10034 10074.4 10187.6 10151.3 9972.93 9895.39 9844.72 9811.27 9787.53 9769.01 9761.5 9763.98 9777.87 9796.17 9815.33 9839.48 9860.79 9884.85 9906.78 9958.05 9973.34 9989
9730.56 9735.63 9739.17 9742.96 9746.55 9749.57 9753.64 9755 9757.74 9757.42 9753.3 9754.48 9760.52 9771 9777.77 9786.05 9798.17 9809.84 9819.76 9828.1 9833.83 9839.99 9837.64 9856.53 9880.48 9876.27 9885.85 9921.27 9920.27 9924.74 9924.29 9919.89 9918.69 9918.75 9917.13 9923.23 9939.2 9904.76 9882.72 9872.64 9880.98 9904.85 9943.51 9994.36 10042.7 10092.1 10144 10226.1 10128.8 9971.78 9892.74 9841.75 9807.08 9782.19 9764.09 9757.82 9756.3 9769.47 9785.76 9804.6 9830.27 9851.81 9914.9 9932.38 9947.87 9965 9977.75
9725.33 9725.35 9726.45 9727.07 9727.92 9729.84 9731.64 9737.18 9739.13 9741.93 9745.83 9741.56 9747.85 9767.02 9774.68 9784.4 9794.03 9805.93 9815.22 9823.34 9830.16 9833.1 9833.43 9836.96 9848.51 9865.33 9891.68 9910.28 9917.96 9933.31 9934.64 9919.95 9909.88 9902.12 9904.34 9908.98 9895.66 9891.36 9872.72 9860.34 9871.97 9913.03 9962.81 10022.4 10085.6 10155.5 10230.2 10270.6 10124.5 9969.89 9884.81 9831.17 9794.48 9768.56 9751.96 9746.48 9750.17 9761.78 9779.6 9802.73 9824.83 9845.46 9866.34 9924.09 9936.31 9953.39 9967.13
9717.92 9715.93 9714.43 9712.71 9710.28 9707.93 9711.17 9717.68 9721.01 9726.2 9729.88 9730.11 9740.16 9754.05 9768.32 9779.9 9790.85 9800.42 9811.53 9822.08 9830.04 9835.96 9837.07 9834.79 9842.99 9852.75 9866.57 9876.47 9893.24 9911.72 9914.67 9905.68 9897.3 9888.39 9889.72 9888.15 9880.36 9870.81 9860.61 9856.53 9871.66 9922.93 9984.11 10049.8 10110.8 10169.1 10234.3 10259.3 10090.5 9958.3 9876.23 9824.62 9788.11 9760.23 9749.87 9750.56 9750.4 9762.03 9777.39 9800.01 9819.88 9836.89 9858.96 9917.45 9933.51 9948.83 9964.76
9709.41 9707.26 9703.81 9700.75 9696.6 9691.85 9693.42 9692.26 9704.58 9712.64 9718.49 9725.66 9734.04 9746.5 9761.63 9775.09 9788.11 9799.79 9811.36 9821.73 9832.99 9849.96 9846.17 9838.05 9841.85 9845.07 9862.92 9870.15 9864.64 9864.61 9877.6 9882.16 9882.68 9883.44 9878.58 9870.75 9864.8 9857.35 9853.39 9854.98 9880.88 9931.3 9993.74 10061.2 10126.3 10168.7 10190.9 10203.9 10062.3 9914.72 9851.58 9810.89 9780 9755.01 9748.35 9751.07 9757.78 9774.19 9791.62 9834.23 9850.28 9869.4 9886.45 9912.2 9926.68 9942.24 9956.39
9704.31 9699.6 9695.61 9691.5 9688 9686.07 9686.56 9690.87 9697.27 9703.99 9708.17 9710.16 9726.03 9742.03 9756.41 9770.58 9784.41 9797.67 9810.45 9822.23 9826.7 9831.7 9848.01 9840.74 9835.53 9828.25 9821.94 9828.2 9836.31 9848.43 9852.19 9860.25 9865.65 9869.19 9865.46 9856.81 9849.92 9846.69 9849.76 9857.55 9886.4 9934.24 9993.64 10056.7 10122.3 10180.6 10133.4 10033.6 9853.46 9834.81 9818.73 9795.77 9772.35 9750.82 9749.16 9756.05 9765.6 9787.34 9817.33 9834.55 9850.7 9866.01 9883.1 9900.76 9917.6 9939.45 9953.28
9696.67 9691.76 9688.34 9685.74 9683.44 9681.51 9682.81 9686.76 9693.39 9700.88 9707.35 9713.95 9728.36 9740.93 9753.11 9766.55 9779.99 9793.16 9809.47 9822.64 9834.29 9838.86 9837.55 9834.41 9829.53 9812.87 9811.21 9812.77 9814.14 9815.09 9831.29 9842.93 9849.19 9849.67 9846.79 9844.97 9839.09 9837.63 9845.94 9853.62 9886.08 9931.18 9981.28 10033 10077.6 10102.1 9988.46 9828.28 9809.18 9809.99 9798.02 9783.72 9767.96 9754.06 9757.45 9766.63 9775.72 9802.14 9819.88 9834.72 9851.47 9867.99 9885.39 9901.65 9917.51 9937.7 9950.39
9686.93 9681.97 9681.49 9681.35 9681.14 9682.16 9685.03 9689.19 9695.67 9703.02 9709.77 9717.38 9726.78 9737.14 9751.53 9763.72 9776.9 9790.65 9804.85 9821.99 9841.03 9842.28 9832.53 9838.02 9829.75 9815.47 9817.43 9811.87 9807.93 9807.71 9823 9834.54 9840.79 9840.94 9842.93 9843.97 9841.97 9842.72 9848.96 9854.93 9885.01 9925.02 9965.73 9997.5 10008 9976.01 9867.6 9777.53 9804.16 9803.2 9790.55 9778.82 9768.97 9759.46 9765.32 9776.31 9790.06 9804.72 9820.54 9837.85 9856.28 9873.35 9888.77 9903.26 9918.79 9935.89 9946.95
9664.99 9670.88 9675.86 9678.78 9680.94 9683.54 9687.33 9692.8 9699.67 9707.32 9715.71 9724.28 9735.35 9741.01 9750.19 9760.49 9772.47 9783.49 9796.72 9811.83 9831.04 9830.96 9822.73 9820.38 9824.04 9826.37 9812.79 9812.81 9814.5 9818.18 9826.35 9835.83 9843.35 9846.31 9847.04 9854.47 9858.81 9862.12 9855.28 9864.07 9888.23 9923.13 9955.97 9973.18 9965.93 9916.34 9831.07 9782.21 9791.93 9794.26 9785.07 9773.35 9765.2 9762.09 9767.03 9778.92 9792.1 9807.24 9823.07 9841.21 9859.02 9873.49 9888.75 9905.61 9919.77 9933.82 9944.92
9662.96 9668.94 9674.39 9678.42 9681.8 9684.72 9688.98 9696.52 9704.98 9710.62 9722.41 9738.4 9746.24 9747.09 9750.47 9756.69 9765.91 9776.4 9786.21 9795.7 9799.68 9822.53 9817.17 9816.38 9816.59 9814.92 9814.85 9819.94 9819.74 9823.84 9832.06 9841.72 9851.85 9861.42 9867.13 9869.09 9866.55 9858.88 9852.17 9849.79 9889.74 9926.9 9956.6 9969.99 9957.76 9908.12 9831 9793.74 9793.07 9790.6 9778.75 9764.75 9757.84 9758.52 9767.8 9782.21 9796.88 9811.88 9827.55 9843.53 9859.6 9876.84 9892.99 9905.72 9919.84 9933.5 9942.89
9673.22 9674.46 9675.74 9679.63 9684.52 9688.37 9690.81 9694.31 9694.92 9709.05 9721.28 9734.11 9738.23 9745.99 9748.84 9754.72 9761 9769.87 9777.67 9783.89 9790.97 9818.07 9820.73 9816.91 9817.42 9817.48 9821.12 9825.34 9826.83 9830 9837.37 9848.02 9860.58 9875.28 9887.13 9882.38 9873.81 9867.31 9863.9 9869.59 9899.26 9935.98 9967.25 9981.73 9968.64 9918.06 9839.82 9804.95 9789.98 9782.2 9772.41 9761.41 9746.73 9760.32 9773.41 9788.67 9802.78 9818.39 9833.11 9848.97 9863.16 9879.02 9893.18 9907.39 9919.54 9932.75 9942.49
9672.69 9673.28 9674.26 9679.66 9687.35 9697.21 9708.12 9702.67 9701.78 9710 9717.69 9724.42 9738.11 9741.92 9744.96 9750.39 9756.36 9763.14 9771.42 9781.69 9795.32 9819.75 9826.98 9827.22 9825.89 9821 9813.82 9818.46 9832.52 9834.26 9839.73 9849.62 9863.43 9879.41 9892.98 9889.13 9883.58 9883.13 9873.55 9881.48 9908.93 9946.93 9986.7 10010.7 10001 9939.36 9850.07 9801.52 9780.34 9769.34 9767.49 9773.3 9776.64 9775.06 9782.68 9794.94 9808.17 9823.21 9837.89 9852.21 9867.03 9882.6 9897.25 9911.49 9923.93 9933.91 9943.99
9656.71 9659.53 9667.59 9676.8 9687.3 9698.85 9708.72 9710.55 9713.2 9711.49 9713.5 9718.27 9723.45 9728.86 9734.86 9740.17 9746.89 9754.24 9764.27 9779.99 9807.37 9829.32 9826.22 9836.92 9835.89 9834.54 9834.9 9819.78 9816.09 9826.28 9835.8 9846.22 9859.21 9873.48 9884.76 9884.19 9880.46 9877.02 9858.97 9873.44 9911.74 9955.49 10003.1 10047.5 10062.5 9986.68 9867.81 9805.04 9775.65 9757.68 9759.05 9770.07 9780.91 9781.4 9787.22 9799 9811.55 9826.25 9841.34 9854.8 9870.94 9885.67 9900.83 9914.09 9926.73 9938.09 9947.89
9647.39 9650.5 9661.53 9672.65 9683.95 9695.93 9706.39 9707.9 9707.6 9706.94 9707.95 9708.27 9708.39 9716.26 9724.17 9730.42 9736.55 9744.51 9753.31 9764.57 9785.74 9809.63 9817.65 9824.6 9830.01 9834.48 9834.17 9834.45 9815.05 9820.36 9827.24 9836.84 9848.09 9860.42 9871.31 9871.61 9866.8 9860.73 9857.9 9874.04 9910.29 9954.08 10006.4 10067.8 10125.3 10032.2 9894.09 9827.82 9785.81 9757.13 9751.8 9751.74 9761.49 9778.22 9793.08 9806.13 9818.74 9832.98 9846.78 9860.34 9876.31 9889.83 9903.67 9917.3 9928.98 9941.68 9952.91
9648.42 9650.48 9660.38 9670.07 9679.41 9688.42 9697.09 9697.04 9694.91 9698.9 9702.77 9705.64 9707.16 9712.78 9716 9722.09 9727.86 9734.44 9741.53 9747.8 9759.73 9780.28 9788.61 9801.27 9812.13 9824.98 9826.75 9824.25 9821.02 9814 9816.34 9822.45 9831.52 9841.66 9849.53 9851.75 9849.85 9846.48 9860.06 9876.86 9903.37 9937.08 9979.36 10029.9 10082.5 10038.5 9943.31 9865.46 9811.15 9767.99 9760.61 9758.5 9767.38 9783.88 9799.39 9813.41 9826.87 9839.68 9852.5 9865.1 9878.04 9890.62 9903.98 9916.51 9929.33 9942.3 9955.6
9654.41 9657.82 9661.2 9667.74 9674.76 9680.15 9682.37 9685.98 9688.94 9694.62 9699.18 9700.58 9697.78 9702.68 9708.42 9714.25 9720 9726.57 9732.76 9738.67 9743.32 9757.85 9784.09 9799.27 9805.68 9801.88 9803.4 9800.17 9797.52 9796.11 9798.99 9805.04 9813.01 9820.21 9825.69 9830.76 9835.44 9838.58 9849.26 9867.83 9887.12 9907.7 9928.12 9943.53 9953.11 9993.54 9984.11 9905.26 9841.32 9802.98 9791.13 9784.29 9790.27 9799.34 9809.13 9821.24 9832.43 9844.83 9857.2 9869.21 9881.17 9893.52 9906.02 9915.09 9927.97 9940.12 9952.58
9655.43 9656.35 9660.6 9666.21 9671.58 9675.1 9676.63 9681.37 9688.75 9695.26 9699.33 9700.69 9700.32 9699.03 9703.98 9709.42 9714.31 9720.14 9726.25 9733.98 9740.48 9754.44 9783 9809.04 9816.73 9797.1 9782.52 9775.83 9771.21 9774.51 9779.67 9785.95 9792.59 9798.71 9805.58 9813.55 9823.84 9838.48 9851.62 9858.71 9867.72 9875.43 9877.31 9867.65 9862.37 9901.13 9916.85 9892.32 9852 9824.97 9825.09 9845.34 9823.93 9816.38 9819.72 9825.97 9835.38 9846.7 9857.5 9868.15 9879.69 9890.31 9901.38 9913.12 9924.39 9934.87 9943.85
9656 9653.85 9661.42 9666.56 9670.64 9673.87 9677.73 9683.5 9692.4 9697.9 9699.91 9702.19 9701.46 9699.35 9701.52 9705.83 9709.81 9714.4 9719.63 9728.25 9744.48 9756.88 9778.41 9793.16 9791.52 9782.52 9768.97 9754.92 9752.91 9757.01 9762.46 9767.05 9773.11 9778.34 9784.59 9794.08 9808.66 9823.5 9836.8 9846.3 9848.01 9846.58 9841.23 9828.33 9821.6 9837.19 9872.28 9863.45 9842.44 9826.03 9823.5 9833 9828.48 9824.56 9827.75 9832.42 9840.58 9847.88 9858.84 9867.42 9879.18 9890.6 9902.35 9913.35 9923.69 9932.21 9937.91
9662.04 9667.22 9667.12 9668.95 9671.41 9674.13 9677.45 9680.68 9684.71 9689.34 9695.04 9695.62 9690.81 9696.39 9699.13 9702.17 9705.73 9709.41 9713.56 9720.07 9732.3 9748.74 9765.68 9770.1 9764.87 9760.52 9753.25 9749.52 9741.38 9741.99 9745.5 9749.81 9754.29 9758.68 9762.56 9769.39 9791.4 9813.13 9830.36 9832.1 9830.47 9826.01 9822.16 9816.77 9811.16 9809.52 9817.69 9829.99 9823.37 9811.42 9804.48 9803.86 9815.74 9821.65 9828.48 9835.45 9841.89 9850.6 9860.69 9871.21 9881.43 9892.4 9902.13 9912.75 9923.23 9931.51 9938.51
9667.28 9669.28 9669.86 9670.76 9672.71 9674.84 9676.36 9677.01 9679.08 9683.08 9694.78 9694.07 9686.03 9690.98 9695.86 9699.29 9702.41 9705.94 9710.14 9718.09 9733.39 9754.57 9762.93 9761.59 9750.25 9730.41 9731.27 9735.48 9729.66 9727.52 9729.31 9733.06 9737.95 9741.53 9745.1 9752.67 9775.05 9802.98 9822.45 9814.31 9814.24 9813.26 9812.96 9812.78 9808.84 9807.1 9806.02 9811.19 9809.07 9802.4 9800.06 9803.85 9811.27 9818.79 9825.24 9831.45 9839.65 9849.17 9858.88 9869.47 9882.67 9893.54 9903.74 9914.76 9924.68 9932.62 9941.48
9670.91 9669.79 9671.09 9672.5 9674.01 9676.25 9680.07 9684.54 9682.01 9684.22 9692.89 9690.61 9683.44 9685.91 9692.33 9697.03 9701.01 9705.15 9710.37 9719.22 9733.01 9748.6 9749.72 9737.85 9734.92 9721.32 9708.18 9700.12 9711.89 9712.1 9714.54 9718.03 9723.13 9728.39 9734.84 9746.7 9757.32 9766.66 9770.43 9788.64 9798.8 9804.58 9807.73 9805.89 9803.52 9796.52 9800.28 9803.3 9803.32 9801.67 9803.53 9803.69 9808.97 9817.45 9825.13 9833.81 9842.51 9852.85 9862.19 9873.23 9883.53 9892 9902.32 9912.81 9922.17 9930.26 9937.97
9673.72 9673.69 9673.57 9672.79 9673.03 9674.76 9678.45 9683.61 9677.91 9679.59 9691.16 9687.72 9681.07 9683.93 9691.01 9696.11 9700.81 9705.89 9712.72 9722.11 9734.3 9747.18 9736.8 9723.77 9722.45 9712.48 9697.04 9685.74 9689.13 9693.95 9698.6 9704.36 9710.45 9717.6 9725.66 9731.03 9748.07 9755.65 9762.37 9774.21 9786.37 9797.1 9806.13 9812.96 9809.07 9804.91 9802.18 9802.81 9801.52 9799.76 9792.92 9797.08 9807.17 9816.33 9826.31 9834.9 9844.55 9854.58 9862.45 9872.59 9881.43 9891.69 9903.28 9912.47 9920.18 9929.31 9936.52
9672.02 9673.75 9673.63 9671.7 9670.74 9670.76 9669.39 9663.81 9670.44 9678.25 9682.72 9681.31 9677.4 9683.84 9690.13 9695.26 9701.18 9707.33 9712.91 9726 9740.18 9737.9 9722.41 9709.46 9712.98 9709.84 9697.47 9684.27 9674.51 9679.11 9685.3 9691.65 9699.37 9708.85 9719.87 9735.83 9753.02 9767.13 9763.21 9765.78 9777.32 9790.4 9802.95 9812.41 9813.47 9812.29 9808.32 9804.7 9802.78 9802.35 9802.33 9801.46 9807.7 9815.99 9825.57 9834.7 9847.06 9857.7 9868.04 9872.79 9882.67 9890.5 9900.3 9908.41 9917.69 9928.83 9941.07
9666.14 9665.97 9665.64 9667.06 9667.94 9668.14 9667.11 9665.73 9666.97 9665.97 9674.08 9676.41 9677.24 9680.15 9687.31 9694.33 9701.39 9709.29 9716.6 9731.12 9728.95 9717.68 9704.89 9699.07 9709.04 9707.55 9699.16 9685.82 9672.96 9670.84 9675.08 9682.33 9690.66 9699.4 9711.47 9728.29 9743.18 9756.32 9748.59 9754.11 9767.2 9782.02 9797.51 9810.13 9815.27 9814.45 9809.31 9804.23 9800.98 9800.93 9805.27 9804.73 9806.45 9812.47 9820.84 9830.19 9839.74 9849.56 9859.99 9872.53 9882.76 9891.32 9900.95 9909.48 9918.6 9928.65 9938.73
9659.44 9659.24 9660.21 9663.02 9664.2 9665.23 9666.91 9672.11 9668.9 9665.91 9667.12 9675.7 9683.29 9686.24 9688.47 9693.68 9700.74 9710.08 9722.81 9725.37 9701.64 9693 9685.73 9683.88 9693.87 9700.8 9698.39 9683.52 9666.28 9661.38 9664.81 9671.24 9679.53 9688.85 9697.65 9704.09 9712.21 9722.41 9731.17 9741.83 9756.89 9771.71 9786.65 9799.89 9808.61 9809.94 9806.07 9800.27 9795.09 9790.02 9788.2 9797.05 9803.35 9809.97 9818.84 9828.62 9838.34 9848.41 9858.03 9868.57 9879.3 9887.81 9897.86 9906.26 9915.44 9924.45 9934.03
9652.89 9657 9661.41 9661.11 9662.11 9663 9663.37 9663.69 9662.5 9661.53 9665.13 9678.91 9694.82 9703.75 9691.39 9693.55 9696.94 9700.86 9704.21 9696.47 9672.24 9662.1 9660.92 9663.64 9676.25 9685.46 9691.9 9674.01 9659.06 9653.05 9654.01 9660.06 9667.91 9676.32 9683.6 9689.47 9691.97 9702.17 9719.01 9734.14 9747.47 9759.87 9772.83 9783.4 9792.23 9804.43 9799.34 9793.84 9788 9782.37 9779.78 9787.81 9799 9808.11 9817.82 9829.01 9836.16 9848 9859.71 9869.37 9880.08 9889.84 9899.37 9907.55 9914.48 9920.98 9924.71
9647.84 9651.7 9653.06 9658.2 9660.51 9660.95 9658.7 9654.99 9655.4 9663.06 9667.19 9678.95 9694.88 9704.72 9695.83 9693.97 9689.72 9684.18 9674.95 9650.49 9624.64 9628.28 9636.77 9641.52 9650.13 9652.74 9647.26 9646.73 9639.82 9637.52 9642.2 9649.44 9658.15 9667.34 9675.98 9680.9 9685.09 9696.95 9715.25 9730.99 9739.67 9748.31 9753.65 9761.7 9771.32 9781.05 9787.87 9785.53 9781.06 9777.32 9778.56 9786.56 9795.72 9803.19 9813.01 9823.56 9834.2 9846.93 9858.54 9866.32 9877.55 9888.46 9897.96 9908.1 9916 9923.08 9930.86
9645.45 9650.8 9653.88 9659.03 9660.08 9659.28 9657.18 9653 9649.14 9646.48 9654.42 9673.72 9690.36 9707.31 9710.34 9691.98 9678.77 9668.7 9661.16 9631.4 9600.29 9606.59 9615.02 9639.58 9636.9 9627.59 9622.3 9623.1 9623.19 9624.93 9630.46 9640.02 9650.91 9660.94 9671.9 9681.95 9690.39 9697.73 9709.7 9720.39 9733.55 9741.21 9747.94 9751.02 9760.69 9780.61 9781.11 9778.08 9774.13 9773.01 9776.79 9782.53 9792.18 9800.65 9810.11 9820.88 9832.45 9844.35 9856.75 9868.81 9884.01 9895.16 9902.06 9912.74 9921.53 9928.52 9932.17
