real_craters/C210-750m.grd
DSAA
429 429
-160.545 160.545
-160.545 160.545
8154.4390029443 11365.250971027
[rows 170 to 203 of 429, columns 0 to 76 of 429]
9549 9556 9562 9565 9568 9573 9576 9578 9590 9591 9585 9584 9585 9588 9592 9589 9611 9629 9634 9625 9619 9617 9630 9638 9642 9649 9653 9664 9678 9683 9688 9697 9716 9739 9737 9739 9744 9739 9760 9767 9763 9755 9750 9749 9753 9750 9754 9754 9751 9747 9741 9732 9731 9723 9711 9696 9691 9687 9685 9681 9677 9674 9669 9663 9661 9681 9701 9702 9712 9715 9715 9708 9739 9799 9829 9852 9855
9545 9549 9552 9555 9560 9566 9569 9573 9582 9575 9566 9572 9574 9583 9590 9614 9617 9626 9630 9623 9621 9627 9638 9647 9652 9657 9663 9692 9685 9674 9680 9688 9700 9725 9719 9732 9741 9744 9758 9764 9764 9760 9760 9769 9780 9777 9766 9758 9750 9744 9739 9734 9714 9712 9701 9687 9679 9675 9669 9666 9661 9656 9651 9651 9667 9679 9685 9691 9694 9698 9701 9700 9728 9785 9822 9846 9854
9535 9545 9555 9559 9559 9562 9567 9573 9568 9558 9559 9568 9580 9592 9605 9609 9611 9613 9614 9616 9618 9629 9646 9665 9678 9683 9700 9709 9688 9668 9674 9684 9699 9713 9700 9715 9724 9737 9754 9763 9774 9780 9793 9791 9800 9794 9771 9755 9745 9739 9735 9730 9712 9701 9692 9680 9670 9664 9659 9653 9646 9641 9637 9642 9666 9673 9678 9674 9683 9683 9684 9701 9737 9778 9812 9838 9849
9526 9540 9551 9552 9556 9560 9562 9560 9559 9565 9570 9569 9572 9583 9597 9600 9599 9597 9597 9607 9624 9636 9650 9669 9712 9678 9656 9693 9679 9676 9673 9676 9689 9700 9702 9715 9726 9744 9758 9771 9782 9795 9795 9791 9795 9779 9757 9743 9734 9730 9727 9722 9708 9691 9685 9678 9664 9657 9650 9642 9634 9628 9626 9631 9640 9650 9660 9666 9670 9668 9669 9691 9728 9770 9799 9817 9834
9523 9537 9543 9547 9552 9557 9562 9565 9563 9565 9569 9567 9568 9579 9591 9586 9585 9584 9587 9609 9631 9642 9649 9648 9624 9600 9592 9623 9652 9668 9666 9664 9666 9708 9716 9722 9733 9745 9755 9755 9748 9775 9780 9741 9752 9737 9725 9718 9715 9715 9714 9711 9697 9688 9680 9676 9661 9651 9642 9632 9623 9617 9614 9618 9625 9635 9645 9654 9660 9659 9651 9680 9717 9761 9784 9796 9815
9520 9530 9537 9543 9549 9556 9562 9570 9559 9553 9557 9561 9562 9565 9576 9575 9575 9576 9583 9600 9624 9641 9651 9647 9619 9616 9613 9614 9635 9647 9650 9652 9657 9699 9712 9722 9727 9723 9699 9661 9630 9647 9629 9631 9633 9666 9683 9689 9694 9698 9701 9704 9697 9681 9671 9663 9656 9647 9635 9625 9616 9607 9602 9608 9620 9633 9639 9641 9647 9656 9668 9676 9705 9737 9764 9784 9802
9513 9522 9529 9537 9546 9553 9558 9557 9547 9549 9553 9558 9563 9573 9563 9565 9566 9568 9575 9590 9613 9634 9654 9671 9664 9640 9630 9629 9634 9633 9636 9640 9657 9697 9700 9711 9711 9689 9623 9586 9596 9599 9596 9591 9590 9623 9649 9665 9674 9683 9687 9687 9683 9674 9665 9658 9657 9640 9628 9619 9609 9600 9595 9602 9614 9622 9627 9629 9636 9645 9650 9674 9705 9726 9750 9771 9788
9512 9515 9520 9533 9543 9550 9552 9551 9543 9545 9552 9555 9560 9561 9556 9559 9560 9562 9567 9585 9604 9629 9658 9699 9735 9699 9681 9675 9643 9632 9630 9632 9639 9675 9674 9683 9650 9627 9587 9589 9598 9598 9597 9597 9594 9612 9633 9651 9666 9673 9676 9678 9674 9665 9658 9650 9633 9627 9620 9612 9605 9599 9597 9601 9607 9611 9620 9625 9628 9625 9635 9668 9705 9725 9744 9761 9775
9513 9526 9532 9537 9543 9548 9552 9556 9549 9550 9550 9551 9551 9552 9549 9552 9555 9558 9563 9577 9594 9619 9644 9666 9695 9738 9706 9646 9627 9622 9622 9619 9628 9652 9657 9666 9617 9580 9587 9595 9599 9607 9603 9600 9598 9607 9621 9640 9658 9668 9668 9661 9655 9650 9645 9637 9626 9619 9613 9607 9601 9597 9597 9601 9607 9613 9617 9624 9628 9618 9630 9663 9695 9725 9741 9745 9751
9517 9531 9532 9543 9547 9550 9551 9559 9557 9552 9551 9546 9539 9532 9538 9544 9548 9552 9560 9573 9587 9606 9626 9646 9665 9665 9625 9597 9596 9600 9602 9603 9608 9635 9663 9678 9612 9568 9592 9603 9602 9606 9600 9594 9595 9606 9621 9637 9654 9669 9674 9662 9645 9641 9630 9623 9619 9614 9607 9601 9597 9593 9592 9597 9605 9615 9612 9618 9623 9607 9625 9661 9701 9722 9730 9730 9732
9517 9533 9543 9553 9551 9550 9549 9553 9557 9548 9545 9537 9529 9523 9527 9534 9540 9545 9550 9557 9575 9593 9611 9631 9646 9647 9615 9581 9578 9584 9589 9597 9600 9627 9661 9668 9605 9563 9593 9620 9604 9601 9596 9592 9592 9605 9621 9639 9658 9677 9697 9692 9665 9646 9633 9624 9621 9614 9604 9597 9591 9589 9589 9591 9596 9597 9598 9603 9606 9598 9618 9654 9692 9708 9711 9719 9730
9514 9525 9550 9557 9553 9551 9550 9556 9554 9542 9531 9524 9520 9517 9524 9529 9533 9538 9541 9549 9570 9584 9595 9605 9618 9618 9613 9570 9565 9580 9599 9595 9597 9614 9631 9654 9614 9561 9592 9602 9601 9598 9594 9592 9590 9601 9617 9634 9654 9676 9698 9701 9674 9633 9632 9622 9614 9607 9599 9592 9585 9577 9579 9583 9584 9582 9586 9587 9581 9587 9612 9643 9672 9685 9688 9707 9728
9512 9524 9537 9548 9549 9548 9545 9550 9532 9526 9518 9514 9514 9512 9519 9523 9528 9532 9538 9552 9568 9576 9582 9587 9598 9616 9609 9559 9555 9574 9595 9590 9588 9593 9613 9668 9626 9573 9580 9594 9597 9594 9591 9589 9588 9598 9612 9627 9645 9663 9679 9687 9650 9616 9611 9609 9604 9599 9593 9587 9582 9577 9578 9582 9582 9583 9586 9583 9580 9589 9610 9632 9652 9672 9697 9697 9694
9506 9512 9527 9537 9539 9541 9545 9540 9521 9513 9509 9508 9508 9509 9515 9519 9523 9526 9534 9554 9560 9565 9572 9579 9585 9605 9607 9569 9554 9564 9576 9577 9578 9586 9615 9672 9636 9575 9578 9593 9597 9595 9591 9589 9588 9596 9607 9619 9631 9643 9657 9666 9625 9604 9599 9597 9593 9588 9587 9586 9585 9581 9584 9587 9591 9593 9590 9583 9582 9590 9606 9621 9637 9655 9679 9701 9713
9507 9506 9516 9524 9525 9525 9523 9517 9509 9505 9503 9504 9504 9506 9514 9518 9519 9521 9525 9538 9545 9551 9558 9565 9572 9591 9592 9565 9554 9559 9564 9565 9569 9579 9618 9636 9643 9622 9584 9589 9595 9594 9592 9590 9591 9594 9600 9607 9613 9618 9624 9623 9607 9595 9595 9588 9583 9579 9582 9586 9590 9595 9591 9590 9593 9590 9585 9580 9580 9588 9597 9608 9628 9662 9695 9716 9723
9513 9504 9510 9514 9513 9509 9503 9502 9499 9498 9499 9501 9501 9503 9510 9515 9515 9517 9518 9530 9534 9536 9540 9548 9559 9572 9585 9577 9567 9564 9560 9562 9565 9574 9624 9624 9632 9629 9588 9585 9591 9589 9591 9590 9591 9592 9593 9595 9595 9594 9590 9587 9588 9587 9584 9581 9575 9573 9579 9586 9589 9589 9593 9591 9586 9581 9575 9574 9573 9577 9583 9591 9607 9639 9700 9725 9729
9508 9501 9502 9504 9504 9500 9496 9495 9494 9494 9496 9500 9499 9502 9508 9507 9511 9514 9518 9523 9522 9524 9527 9535 9546 9559 9574 9585 9583 9574 9574 9573 9571 9574 9622 9623 9625 9624 9596 9571 9566 9575 9583 9583 9587 9587 9586 9586 9584 9579 9574 9574 9581 9582 9578 9575 9573 9571 9580 9589 9600 9601 9595 9592 9589 9579 9574 9571 9567 9568 9568 9572 9581 9603 9668 9707 9726
9500 9501 9502 9504 9501 9498 9493 9491 9490 9493 9499 9501 9501 9501 9503 9504 9508 9512 9516 9516 9513 9516 9520 9528 9538 9550 9559 9567 9574 9577 9582 9583 9581 9590 9610 9615 9622 9626 9618 9603 9563 9573 9569 9577 9574 9577 9580 9579 9576 9574 9570 9569 9573 9576 9573 9572 9573 9578 9581 9588 9597 9599 9594 9588 9580 9577 9570 9567 9571 9558 9546 9558 9565 9575 9621 9665 9705
9500 9500 9499 9499 9498 9497 9494 9492 9492 9494 9494 9495 9495 9497 9500 9503 9505 9507 9510 9510 9511 9512 9518 9524 9536 9546 9555 9563 9566 9575 9587 9592 9589 9592 9630 9610 9619 9634 9632 9609 9602 9591 9599 9589 9586 9581 9578 9574 9571 9570 9568 9566 9566 9567 9567 9569 9570 9572 9578 9584 9586 9590 9589 9587 9582 9574 9569 9560 9549 9547 9553 9561 9567 9577 9598 9632 9671
9491 9495 9494 9491 9493 9493 9495 9494 9497 9497 9496 9494 9490 9492 9495 9500 9499 9499 9500 9503 9506 9509 9514 9523 9531 9540 9548 9553 9558 9570 9582 9590 9592 9594 9617 9613 9625 9640 9649 9604 9593 9590 9590 9591 9592 9585 9576 9570 9566 9562 9563 9561 9558 9559 9566 9565 9567 9569 9575 9582 9584 9586 9583 9582 9578 9572 9568 9565 9559 9554 9570 9575 9579 9587 9598 9617 9644
9492 9492 9490 9489 9490 9490 9486 9489 9491 9491 9489 9490 9487 9487 9489 9491 9492 9492 9496 9502 9507 9512 9517 9528 9531 9536 9543 9550 9552 9564 9578 9591 9596 9602 9609 9612 9623 9636 9654 9615 9591 9583 9578 9578 9577 9573 9568 9563 9559 9554 9557 9556 9554 9553 9555 9561 9565 9568 9573 9576 9576 9578 9576 9571 9569 9567 9565 9566 9571 9575 9596 9588 9589 9594 9599 9607 9625
9488 9487 9486 9484 9486 9485 9481 9481 9482 9482 9481 9484 9482 9482 9482 9483 9485 9489 9494 9502 9512 9517 9520 9524 9528 9535 9539 9542 9549 9559 9572 9584 9595 9603 9608 9609 9616 9623 9633 9616 9586 9577 9569 9565 9563 9561 9559 9556 9553 9552 9550 9550 9549 9551 9551 9557 9563 9571 9574 9573 9572 9573 9571 9566 9566 9564 9561 9556 9565 9581 9583 9587 9591 9597 9598 9600 9616
9483 9481 9481 9480 9480 9480 9475 9475 9475 9476 9475 9473 9477 9477 9475 9477 9479 9482 9490 9501 9511 9514 9520 9527 9532 9537 9537 9538 9543 9554 9566 9577 9588 9598 9606 9606 9610 9617 9627 9604 9583 9570 9561 9556 9554 9553 9550 9548 9545 9543 9543 9542 9542 9548 9549 9555 9561 9567 9570 9571 9571 9570 9570 9573 9566 9563 9560 9558 9569 9583 9581 9583 9589 9592 9595 9603 9605
9474 9473 9474 9476 9471 9467 9467 9467 9469 9469 9467 9467 9474 9472 9469 9470 9474 9480 9486 9493 9502 9518 9507 9533 9548 9542 9536 9528 9539 9548 9558 9570 9580 9589 9595 9599 9604 9612 9615 9590 9578 9562 9551 9547 9548 9544 9542 9541 9538 9536 9534 9534 9536 9543 9547 9552 9557 9562 9566 9565 9565 9565 9565 9564 9564 9565 9570 9578 9584 9585 9583 9584 9588 9593 9597 9593 9594
9469 9467 9465 9465 9460 9457 9458 9460 9459 9458 9462 9461 9469 9467 9465 9465 9470 9479 9481 9485 9492 9505 9501 9552 9558 9543 9535 9531 9535 9543 9550 9557 9570 9580 9586 9592 9599 9607 9597 9572 9565 9544 9538 9535 9532 9533 9533 9534 9534 9531 9529 9528 9528 9539 9544 9547 9550 9554 9557 9558 9559 9559 9559 9560 9560 9563 9575 9616 9604 9590 9584 9586 9587 9590 9591 9594 9591
9464 9456 9456 9454 9450 9448 9451 9455 9457 9460 9459 9460 9466 9464 9461 9463 9470 9474 9477 9479 9485 9497 9517 9515 9530 9531 9528 9527 9531 9537 9544 9550 9562 9574 9581 9589 9596 9602 9584 9551 9546 9536 9526 9522 9519 9524 9525 9527 9527 9527 9526 9525 9528 9528 9535 9538 9542 9546 9549 9552 9553 9554 9555 9555 9556 9556 9562 9613 9606 9593 9588 9587 9587 9587 9588 9593 9593
9459 9455 9451 9449 9447 9447 9448 9451 9455 9459 9458 9462 9467 9462 9458 9459 9463 9469 9471 9474 9478 9481 9490 9490 9507 9517 9520 9522 9526 9532 9539 9547 9557 9567 9572 9581 9592 9596 9563 9532 9520 9515 9513 9511 9512 9516 9517 9517 9519 9521 9521 9521 9521 9520 9520 9527 9533 9537 9541 9543 9546 9549 9556 9556 9553 9554 9560 9577 9591 9592 9592 9589 9588 9585 9583 9588 9589
9448 9447 9445 9444 9445 9443 9444 9447 9449 9450 9450 9456 9461 9458 9454 9453 9456 9462 9466 9469 9472 9474 9477 9482 9492 9503 9508 9516 9521 9527 9536 9545 9554 9564 9571 9577 9587 9592 9556 9518 9499 9500 9501 9500 9499 9504 9505 9506 9506 9511 9513 9514 9515 9512 9514 9519 9523 9528 9533 9536 9540 9543 9546 9549 9549 9551 9555 9567 9582 9586 9586 9591 9590 9588 9587 9587 9590
9440 9437 9438 9438 9435 9439 9440 9442 9442 9441 9440 9447 9455 9453 9447 9445 9454 9458 9461 9462 9463 9470 9473 9481 9487 9494 9501 9509 9515 9523 9534 9545 9553 9563 9572 9581 9586 9573 9531 9503 9495 9490 9492 9491 9490 9490 9491 9496 9500 9499 9503 9505 9505 9506 9507 9509 9514 9520 9526 9528 9532 9536 9538 9545 9550 9554 9558 9570 9583 9590 9590 9592 9593 9592 9592 9585 9591
9437 9438 9437 9436 9435 9436 9437 9438 9438 9436 9424 9429 9451 9446 9441 9439 9450 9455 9456 9458 9462 9466 9475 9479 9484 9490 9497 9503 9510 9521 9535 9548 9559 9565 9574 9579 9570 9550 9507 9492 9488 9491 9486 9483 9481 9481 9483 9487 9491 9492 9495 9498 9498 9498 9498 9499 9505 9511 9517 9520 9526 9533 9539 9543 9549 9555 9573 9581 9589 9597 9606 9596 9596 9593 9588 9579 9590
9435 9438 9436 9434 9436 9436 9435 9435 9434 9430 9422 9422 9430 9435 9436 9435 9443 9451 9455 9455 9455 9463 9466 9471 9479 9486 9493 9500 9508 9523 9535 9548 9557 9564 9574 9569 9564 9531 9496 9486 9484 9482 9479 9477 9476 9479 9480 9480 9483 9486 9487 9488 9489 9489 9491 9492 9498 9504 9509 9514 9520 9528 9535 9540 9546 9553 9572 9580 9588 9594 9600 9603 9597 9591 9588 9581 9594
9432 9430 9431 9432 9435 9434 9433 9432 9430 9428 9421 9421 9421 9430 9435 9441 9445 9450 9456 9458 9455 9454 9454 9465 9474 9484 9492 9500 9510 9524 9535 9545 9552 9557 9561 9565 9564 9538 9495 9477 9479 9475 9471 9471 9472 9475 9475 9476 9477 9478 9479 9477 9481 9481 9478 9488 9493 9497 9501 9507 9511 9519 9529 9534 9543 9551 9557 9569 9577 9581 9582 9595 9590 9588 9586 9583 9616
9432 9432 9431 9432 9430 9430 9429 9428 9426 9425 9424 9422 9429 9432 9433 9436 9438 9445 9458 9473 9470 9456 9455 9462 9472 9482 9492 9503 9515 9524 9533 9539 9546 9552 9554 9554 9549 9551 9500 9469 9469 9463 9462 9464 9465 9469 9475 9475 9474 9473 9474 9474 9476 9478 9483 9486 9489 9493 9495 9498 9497 9501 9512 9524 9537 9552 9562 9563 9567 9571 9575 9576 9578 9581 9585 9594 9620
9432 9437 9435 9425 9431 9428 9426 9424 9422 9418 9426 9431 9434 9431 9429 9430 9434 9442 9453 9467 9468 9450 9455 9462 9471 9482 9492 9504 9515 9528 9530 9534 9539 9544 9548 9546 9549 9542 9500 9469 9466 9464 9459 9459 9460 9467 9475 9469 9465 9468 9471 9474 9475 9476 9477 9479 9484 9487 9486 9485 9483 9482 9495 9513 9530 9548 9557 9557 9559 9562 9565 9563 9565 9574 9586 9599 9626
