real_craters/C210-1000m.grd
DSAA
184 184
-91.74 91.74
-91.74 91.74
7655.0287677181 10461.394867847
[rows 30 to 59 of 184, columns 67 to 133 of 184]
9773.65 9791.07 9799.42 9810.6 9806.43 9795.99 9780.72 9757.46 9735.3 9737.76 9778.2 9770.53 9768.56 9756.87 9744.7 9753.61 9761.82 9777.58 9817.31 9813.5 9795.47 9799 9780.34 9787.96 9789.31 9795.62 9805.25 9805.24 9776.26 9735.91 9693.62 9650.34 9624.95 9630.43 9629.26 9656.78 9675.31 9689.38 9685.6 9650.62 9602.9 9578.02 9571.46 9565.53 9558.76 9557.49 9559.11 9562.94 9571.87 9572.13 9578.43 9556.23 9551.06 9539.36 9546.99 9553.68 9548.2 9518.34 9485.84 9478.55 9463.34 9457.3 9480.19 9496.31 9510.85 9498.01 9478.06
9749.3 9755.91 9774.61 9785.98 9793.33 9792.45 9779.54 9757.4 9733.82 9714.48 9741.58 9736.51 9732.85 9761.21 9767.05 9754.72 9763.82 9787.06 9809.8 9798.63 9793.91 9797.89 9794.42 9780.5 9778.66 9795.23 9813.48 9819.11 9794.86 9762.75 9730.24 9706.21 9699.55 9694.76 9692 9688.52 9708.73 9736.98 9718.5 9662.43 9613.39 9584.79 9582.07 9578.13 9575.54 9571.98 9571.88 9574.81 9580.79 9582.76 9571.38 9565.92 9558.6 9561 9564.77 9584.61 9566.31 9526.75 9504.12 9487.87 9478.99 9466.51 9487.82 9487.21 9506.39 9498.51 9460.16
9729.73 9730.58 9749.2 9767.76 9778.93 9787.22 9775.46 9748.17 9736.17 9725.24 9700.3 9728.69 9752.92 9761.91 9781.74 9777.4 9772.97 9762.12 9784.89 9779.85 9781.18 9803.44 9802.43 9770.88 9775.6 9807.44 9828.02 9831.39 9814.64 9785.76 9758.97 9741.78 9738.59 9730.53 9714.6 9709.65 9716.92 9700.78 9660.67 9665.9 9630.13 9614.03 9591.78 9586.45 9588.91 9587.79 9580.59 9576.15 9578.45 9580.83 9588.42 9562.83 9564.4 9567.88 9583.6 9586.21 9554.45 9532.09 9510.16 9492.81 9481.88 9484.42 9487.96 9496.27 9491.25 9470.51 9445.14
9713.6 9708.87 9729.96 9747.72 9757.68 9761.24 9763.54 9737.76 9730.48 9731.79 9729.38 9740.78 9756.73 9767.89 9777.99 9778.95 9783.27 9791.43 9795.97 9814.7 9774.57 9767.27 9767.49 9766.95 9786.05 9828.61 9851.31 9852.73 9832.8 9804.07 9776.45 9755.33 9748.27 9740.53 9737.57 9726.21 9738.42 9698.6 9649.69 9637.77 9639.67 9621.17 9604.84 9600.84 9605.94 9611.19 9591.28 9581.35 9564.04 9563.7 9589.53 9570.95 9578.93 9594.6 9588.09 9602.65 9580.65 9544.32 9511.08 9494.87 9487.44 9485.97 9490.59 9492.02 9475.08 9434.96 9418.78
9700.98 9696.28 9714.24 9731.21 9738.46 9731.08 9683.7 9698.28 9709.88 9715.7 9716.62 9735.52 9746.16 9738.01 9728 9761.34 9790.08 9804.53 9812.93 9829.43 9812.58 9784.32 9774.83 9790.89 9819.02 9853.43 9884.8 9877.53 9850.11 9816.68 9784.7 9757 9731.56 9738.36 9736.94 9717.82 9722.2 9669.59 9604.97 9623.04 9652.67 9632.66 9615.39 9621.47 9630.52 9632 9613.71 9600.79 9580.03 9565.51 9591.5 9598.96 9604.24 9602.39 9635.91 9641.85 9612.32 9559.95 9518.93 9499.53 9499.65 9510.1 9511.38 9498.03 9459.97 9423.91 9407.66
9686.9 9688.56 9703.97 9717.53 9727.68 9729.6 9710.41 9696.88 9694.99 9702.29 9714.95 9740.19 9736.15 9722.41 9728.81 9755.04 9796.19 9813.1 9819.07 9819.94 9811.24 9773.51 9794.51 9831.61 9854.47 9893.48 9911.58 9893.94 9860.81 9826.72 9791.17 9758.66 9735.68 9733.42 9717.54 9717.01 9695.91 9642.92 9623.54 9664.44 9660.22 9643.5 9649.84 9655.25 9666.02 9665.8 9636.93 9635.08 9622.89 9574.57 9610.63 9631.08 9641.85 9661.61 9692.48 9682.6 9639.8 9583.14 9536.68 9503.21 9499.4 9518.89 9506.43 9470.59 9449.99 9433.39 9413.67
9677.38 9685.39 9706.23 9718.71 9723.99 9726.75 9705.01 9702.53 9703.73 9710.74 9723.65 9701.19 9718.14 9740.71 9743.38 9755.69 9799 9829.21 9822 9800 9805.59 9808.68 9815.12 9824.81 9857.85 9894.12 9895.43 9892.71 9865.26 9830.08 9794.75 9763.28 9737.73 9716.36 9718.98 9711.39 9665.99 9649.04 9658.42 9676.46 9666.83 9655.03 9673.84 9679.76 9697.52 9714.4 9712.23 9677.42 9644.67 9615.44 9615.75 9644.39 9665.16 9693.48 9726.13 9693.32 9645.99 9601.11 9556.91 9525.96 9529.2 9556.78 9516.18 9464.87 9445.66 9430.65 9425.22
9654.35 9679.22 9705.66 9719.81 9721.84 9719.08 9725.52 9713.53 9706.02 9715.79 9727.58 9704.96 9720.64 9739.59 9751.41 9761.32 9790.25 9828.59 9835.73 9858.7 9851.98 9835.56 9846.32 9857.71 9860.96 9872.29 9908.62 9893.87 9868.38 9836.37 9803.57 9770.44 9736.92 9719.71 9711.09 9706.71 9703.89 9690.89 9677.81 9690.82 9680.45 9660.37 9663.3 9681.64 9699.11 9710.27 9723.59 9707.27 9663.19 9600.27 9620.34 9651.13 9678.58 9701.82 9695.19 9663.75 9637.83 9606.7 9560.23 9508.77 9516.04 9557.97 9544.88 9485.49 9456.72 9446.4 9420.01
9579.98 9653.69 9707.55 9726.49 9725.16 9723.02 9724.82 9720.05 9716.85 9720.64 9727.96 9730.7 9734.44 9755.08 9749.29 9760.54 9793.71 9843.02 9869.95 9862.83 9865.91 9893.15 9872.83 9860.56 9867.85 9881.63 9902.82 9890.94 9869.14 9843.01 9815.33 9786.58 9757.33 9738.16 9725.15 9741.43 9728.1 9698.76 9690.19 9710.65 9687.52 9664.27 9664.24 9675.51 9690 9703.46 9721.22 9716.37 9706.58 9663.4 9649.5 9673.75 9685.79 9696.87 9686.14 9633.15 9602.32 9606.17 9548.08 9485.38 9492.95 9521.97 9549.56 9503.02 9473.73 9464.9 9437.87
9524.66 9619.08 9712.83 9729.98 9727.37 9730.29 9732 9717.33 9709.92 9720.26 9729.01 9725.5 9739.95 9748.02 9762.63 9772.35 9816.36 9838.45 9853.9 9871.95 9885.57 9889.14 9878.67 9860.93 9878.33 9903.99 9901.74 9881.38 9861.98 9841.32 9820.42 9801.68 9783.99 9760.46 9738.97 9741.83 9724.61 9718.78 9701.91 9702.81 9680.72 9656.83 9661.96 9675.12 9685.53 9699.1 9706.67 9719.35 9754.96 9735.13 9746.97 9704.26 9692.93 9690.22 9673.06 9613.91 9582.56 9565.58 9527.96 9465.29 9486.66 9516.18 9559.97 9536.35 9489.33 9466.41 9431.7
9515.83 9581.63 9662.54 9704.88 9738.28 9735.23 9728.79 9715.3 9702.39 9722.3 9741.07 9749.88 9765.23 9789.38 9798.04 9831.93 9841.81 9845.75 9855.54 9869.28 9887.81 9912.32 9884.13 9875.79 9886.03 9893.68 9877.58 9860.77 9845.49 9832.77 9822.19 9814.97 9814.97 9790.96 9748.71 9694.9 9732.37 9762.25 9716.84 9691.82 9674.9 9664.87 9671.04 9677.63 9681.75 9687 9687.63 9714.46 9734.91 9734.36 9710.84 9697.26 9685.46 9685.85 9694.9 9628.49 9565.6 9550.9 9544.37 9545.61 9530.35 9527.78 9526.74 9514.14 9490.81 9458.02 9410.08
9597.74 9572.62 9584.93 9668.19 9745.58 9775.43 9735.04 9722.31 9720.96 9731.77 9743.81 9749.92 9749.57 9749.65 9804.33 9852.93 9901.96 9864.76 9860.64 9856.23 9875.28 9881.86 9915.41 9895.68 9888.17 9876.05 9847.21 9839.57 9834.57 9828.89 9824.86 9819.45 9812.16 9797.14 9789.52 9777.29 9767.71 9761.72 9725.5 9701.15 9685.15 9687.84 9681.42 9688.62 9691.98 9680.56 9676.79 9689.58 9691.16 9681.53 9677.96 9681.45 9669.61 9649.95 9647.36 9589.03 9570.92 9559.64 9570.3 9573.77 9571.95 9571.37 9494.55 9533.09 9493.97 9458.28 9383.77
9686.59 9625.46 9605.97 9658.43 9694.36 9696.44 9723.33 9734.86 9740.17 9742.59 9744.86 9744.93 9760.14 9771.88 9812.21 9850.31 9886.43 9881.44 9867.36 9869.03 9897.67 9950.19 9929.16 9904.85 9894.43 9872.58 9834.05 9826.69 9830.31 9833.84 9832.1 9821.92 9814.64 9794.48 9789.9 9793.96 9789.34 9763.39 9741.75 9735.86 9699.83 9718.24 9708.08 9726.6 9740.15 9728.73 9696.38 9670.7 9702.96 9691.91 9687.51 9688.05 9667.31 9630.87 9618.34 9605.79 9599.17 9594.13 9596.82 9597.91 9586.51 9580.86 9578.9 9537.41 9493.62 9435.56 9378.88
9744.13 9697.27 9678.68 9683.09 9703.45 9695.48 9721.43 9745.79 9758.9 9761.95 9753.46 9748.98 9783.57 9810.06 9839.25 9876.7 9881.9 9897.48 9953.25 10035.2 10031.6 9950.85 9884.33 9895.15 9909.45 9879.45 9840.92 9826.62 9833.07 9840.04 9839.4 9831.13 9810.29 9804.55 9812.55 9809.32 9805.89 9813.41 9795.2 9776.53 9738.97 9732.96 9771.73 9768.92 9807.08 9840.62 9743.86 9700.97 9702.1 9731.13 9739.44 9709.86 9685.14 9658.2 9627.87 9604.84 9604.07 9619.64 9589 9569.93 9559.56 9567.44 9536.44 9518.52 9476.55 9399.24 9401.7
9749.33 9711.18 9700.5 9706.43 9720.55 9732.61 9741.37 9765.77 9779.97 9787.91 9794.44 9792.8 9809.76 9833.87 9864.73 9895.13 9932.01 9980.15 10029.1 10061.8 10032.2 9973.2 9904.05 9897.98 9943.94 9974.34 9872.63 9862.64 9863.34 9864.3 9865.85 9862.95 9847.23 9808.5 9797.43 9821.06 9824.06 9792.1 9737.32 9755.67 9737.08 9748.64 9715.02 9745.3 9831.19 9907.78 9917.11 9857.77 9821.86 9758.29 9748.5 9715.59 9698.59 9679.74 9634.66 9580.53 9541.99 9543.91 9537.6 9534.23 9524.34 9496.52 9518.69 9488.02 9430.37 9402.33 9449.62
9724.5 9708.89 9716.7 9718.78 9723.43 9729.86 9752.43 9776.1 9796.84 9813.18 9826.74 9822.05 9825.6 9850.05 9896.3 9936.42 9992.1 10046.2 9971.96 9898.07 9837.24 9893.16 9845.09 9897.96 9951.28 9991.11 9952.1 9909.96 9893.77 9896.49 9901.37 9899.66 9886.18 9821.03 9800.23 9832.99 9829.17 9746.68 9694.3 9717.14 9724.56 9728 9750.26 9679.97 9763.55 9885.79 9898.82 9929 9845.36 9756.52 9712.66 9690.94 9675.39 9656.84 9615.65 9566.76 9503.42 9479.75 9483.08 9499.49 9507.38 9500.7 9494.3 9460.67 9393.59 9425.35 9438.93
9724.65 9754.61 9755.86 9729.39 9712.72 9734.67 9758.5 9787.07 9809.22 9831.95 9842.85 9835.82 9809.62 9885.34 9953.06 10012.5 9999.7 9917.67 9866.81 9803.66 9783.64 9819.98 9900.85 9907.24 9922.77 9930.1 9926.29 9910.76 9905.12 9916.74 9935.02 9944.4 9921.23 9877.46 9834.47 9824.45 9794.21 9706.32 9654.2 9637.67 9638.13 9625.02 9617.06 9607.16 9630.28 9709.63 9841.76 9896.19 9875.04 9718.76 9680.9 9657 9639.26 9617.48 9582.2 9513.19 9451.7 9438.32 9470.22 9492.71 9505.74 9505.21 9474.06 9471.25 9437.1 9438.98 9445.41
9748.54 9776.9 9776.64 9747.29 9714.12 9734.67 9764.43 9794.65 9820.54 9849.26 9880.8 9897.97 9939.44 9945.76 9986.29 10034.2 9938.31 9830.33 9859.86 9810.01 9773.04 9787.15 9881.3 9889.99 9881.45 9887.44 9876.32 9881.73 9906.22 9934.42 9962.74 9992.8 9996.52 9937.97 9859.8 9821.64 9771.05 9649.45 9628.99 9577.79 9565.96 9597.53 9611.88 9563.88 9531.75 9592.61 9715.08 9746.6 9812.66 9698.59 9665.24 9636.45 9606.05 9583.48 9571.27 9514.86 9474.64 9464.32 9481.32 9499.36 9526.61 9536.56 9498.06 9484.9 9426.81 9459.7 9420.76
9766.16 9765.1 9788.59 9782.91 9752.78 9747.38 9768.73 9797.38 9826.4 9849.14 9889.49 9947.95 9940.14 9962.9 9975.9 9973.15 9930.19 9862.97 9835.75 9844.85 9845.84 9852.02 9789.42 9813.57 9827.66 9834.63 9849.39 9863.32 9898.27 9942.51 9980.1 10002.1 10007.2 9992.5 9893.2 9852 9798.02 9679.39 9593.3 9560.05 9554.3 9609.27 9547.96 9443.67 9462.65 9519.27 9572.01 9682.5 9787.65 9731.04 9676.9 9628.37 9591.42 9579.09 9575.83 9549.34 9505.43 9475.65 9460.36 9511.76 9571.15 9589.69 9522.93 9457.43 9439.54 9455.91 9433.24
9794.59 9822.97 9812.92 9800.24 9803.26 9784.89 9781.07 9804.76 9850.69 9888.32 9934.39 9989.14 9968.61 9965.63 9959.25 9923.14 9993.47 9878.42 9865.86 9837.57 9841.74 9816.62 9766.56 9778.91 9824.52 9836.64 9841.86 9864.94 9901.52 9944.79 9984.44 10004.5 9985.91 9962.92 9952.63 9900.44 9853.69 9796.68 9674.13 9566.21 9541.85 9548.38 9495.88 9456.19 9454.76 9492.53 9546.12 9635.32 9768.85 9761.99 9697.75 9628.53 9569.67 9571.61 9593.17 9556.35 9522.63 9487.88 9501.57 9520.81 9552.15 9551.95 9520.4 9468.76 9457.64 9460.09 9444.63
9816.04 9811.59 9833.9 9847.11 9829.07 9815.24 9814.99 9838.76 9895.09 9960.26 10004.7 10040.7 10024 9997.44 9980.77 9956.06 9913.97 9887.24 9831.29 9829.72 9796.82 9865.13 9827.3 9764.26 9772.84 9795.62 9821.51 9851.29 9888.01 9937.96 9991.78 10032.1 9970.83 9880.09 9921.41 9937.08 9927.48 9845.21 9698.72 9584.32 9504.2 9508.08 9490.04 9472.83 9463.3 9498.53 9565.12 9693.12 9726.06 9767.46 9710.01 9638.48 9569.25 9566.97 9581.37 9533.35 9502.1 9494.34 9509.62 9537.62 9551.95 9519.72 9479.93 9469.66 9463.02 9444.18 9437.44
9845.88 9863.07 9858.2 9854.82 9857.87 9850.1 9861.57 9891.93 9940.52 9995.82 10035.2 10066.7 10086.1 10048.9 9987.89 9974.58 9958.23 9897.66 9856 9788.51 9826.49 9831.75 9733.1 9751.86 9753.88 9779.33 9802.59 9839.96 9876.13 9939.69 9994.32 10015.9 9973.07 9911.95 9915.59 9958.51 9974.89 9924.41 9760.5 9643.54 9584.45 9523.87 9492.45 9496.54 9471.66 9538.21 9628.67 9738.34 9726.57 9754.22 9715.94 9658.58 9602.8 9579.5 9556.85 9522.66 9504.14 9529.77 9550.13 9552.78 9547.31 9515.09 9500.42 9514.4 9468.31 9441.63 9433.7
9868.1 9846.6 9854.67 9862.06 9864.84 9859.25 9880.85 9922.06 9978.44 10034.4 10044.8 10085.2 10127.8 10094.4 9981.18 9932.24 9955.95 9883.64 9848.1 9812.15 9778.77 9757.25 9755.61 9757.04 9755.32 9784.5 9802.16 9803.05 9874.61 9945.93 9993.55 10031.4 9974 9926.33 9922.21 9936.58 9966.53 9877.35 9755.67 9665.97 9644.29 9545.02 9503.93 9491.19 9512.52 9610.94 9708.49 9750.27 9806.12 9776.01 9737.65 9686.43 9620.83 9607.71 9571.3 9547.21 9597.65 9552.5 9558.11 9553.32 9521.39 9513.58 9493.97 9487.06 9482.46 9456.32 9440.26
9904.09 9838.97 9837.66 9846.19 9840.97 9865.86 9889.21 9940.51 10001.1 10062.7 10027.6 10032.5 10149.1 10141.3 10005.3 9920.07 9989.3 9949.62 9874.3 9820.91 9832.22 9806.6 9809.35 9845.25 9818.87 9831.42 9839.2 9847.48 9906.39 9972.83 10011.4 10000.2 10018.9 9979.86 9935.36 9914.23 9921.74 9842 9753.69 9674.95 9612.83 9559.61 9555.82 9582.43 9613.85 9688.75 9749.11 9817.71 9839.21 9815.14 9781.5 9743.07 9717.93 9668.88 9622.94 9569.92 9642.54 9575.8 9553.65 9561.5 9560.89 9513.9 9509.82 9500.2 9495.59 9466.18 9434.33
9912.57 9883.69 9865.3 9840.61 9868.08 9909.07 9931.03 9984.6 10016.3 10019.7 10008.6 10056 10128.6 10125.9 10052.8 9983.84 9933.59 9920.95 9921.16 9918.01 9908.09 9924.89 9969.64 9945.6 9897.39 9912.32 9908.68 9931.51 9984.65 10050.3 10102.9 10105.4 10105.9 10071 9989.75 9912.85 9904.57 9895.94 9852.49 9783.97 9726.45 9689.27 9668.09 9743.23 9774.21 9749.34 9789.24 9862.86 9871.28 9871.3 9838.21 9792.42 9745.67 9713.78 9654.72 9572.84 9555.47 9549.83 9553.47 9556.32 9545.72 9547.64 9543.65 9536.27 9512.74 9403.53 9399.93
9974.59 9902.51 9901.33 9932.43 9952.99 10015 10037.2 10064 10066.7 10056.2 10021.7 10031.5 10070.6 10053.1 10053 10018.5 9970.39 10022 10064.8 10045.8 10012.3 10018.1 10071.4 10076 10037.2 10023.5 9992.19 10020.4 10050.5 10112.4 10204.4 10250.8 10119.8 10082.2 10062.3 10017.9 9955.65 9958.66 9983.86 9954.62 9871.63 9836.66 9776.22 9838.22 9853.46 9811.99 9846.07 9911.5 9961.53 9930.02 9902.86 9869.48 9809.64 9756.1 9692.23 9653.93 9605.92 9566.39 9561.84 9551.3 9546.11 9589.92 9558.87 9530.01 9511.42 9466.73 9446.42
9989.59 9924.26 9938.98 9973.98 10037.8 10159.4 10224.2 10150.7 10104.8 10090.5 10073.5 10074.1 10078.5 10078.8 10035.7 10000.8 9997.26 9999.91 10046.2 10043.9 9999.58 9971.76 9987.22 10187.8 10200.9 10116.4 10059.1 10002.3 10000.5 10114.5 10173.5 10179.2 10109.8 10101.4 10127.9 10145.4 10065.2 10066.3 10060.6 10047.9 9941.63 9866.98 9844.48 9849.75 9845.98 9829.2 9839.63 9915.21 9942.98 9944.18 9948.44 9959.27 9912.3 9786.6 9719.49 9714.83 9640.26 9619.09 9605.77 9590.6 9523.6 9509.59 9543.72 9544.46 9476.06 9440.24 9446.52
9928.3 9947.04 9958.82 9989.13 10077.4 10205.7 10261.6 10174.7 10091.9 10080 10112 10148.9 10132.8 10116.2 10112.8 10026 9976.19 9989.39 10024.1 10018.9 9997.79 10013.9 10016 10121.1 10239.8 10149.7 10072.4 10023.2 10027.6 10112.9 10138.9 10174.4 10155.3 10146.4 10184.1 10235.6 10247.3 10113.5 10076.4 10068 9976.67 9882.46 9827.62 9778.52 9739.39 9781.34 9851.05 9838.38 9892.12 9926.82 9959.67 9983.03 9948.79 9812.85 9736.25 9725.11 9645.43 9646.32 9610.79 9601.49 9591.11 9566.45 9545.35 9557.79 9538.74 9456.49 9412.18
9958.53 10009.2 10063.5 10036.7 10083.1 10132.3 10166.8 10153.7 10140.2 10152.3 10192.1 10215.7 10195.5 10169.9 10148.2 10037.8 10020.6 10139.1 10119.3 10077.5 10020.8 9988.95 10054.9 10112.4 10125 10055.3 10014.2 10041.7 10130.6 10101.8 10184 10259.6 10384.7 10267.5 10213.5 10189.3 10263.5 10192.7 10133.9 10094.9 10017.1 9924.61 9855.61 9798.15 9749.71 9744.06 9745.07 9791.14 9822.48 9885.06 9928.55 9970.36 9951.62 9877.4 9801.32 9736.22 9696.79 9645.65 9626.87 9601.89 9655.93 9587.37 9556.36 9527.94 9503.13 9392.53 9396.91
9958.16 10008.3 10001.5 10062 10076.1 10100.4 10114.9 10121.9 10124.9 10195 10285.9 10277.2 10253.5 10236.3 10198.5 10030.1 10099.8 10256 10266.7 10087.8 10043.3 9995.14 9963.7 9934.25 9903.39 9853.05 9851.99 9895.46 9929.45 9886.47 9854.56 9945.89 10088.1 10199.3 10188.8 10197.8 10257.8 10302.7 10298.3 10247.9 10129.2 9999.08 9936.95 9868.54 9790.92 9762.11 9750.93 9749.25 9804.54 9860.31 9881.18 9880.7 9895.02 9916.77 9882.84 9845.33 9787.83 9756.38 9667.24 9574.98 9586.84 9622.64 9599.49 9540.57 9488.15 9478.89 9456.5
