real_craters/C210-1000m.grd
DSAA
184 184
-91.74 91.74
-91.74 91.74
7655.0287677181 10461.394867847
[rows 30 to 59 of 184, columns 0 to 66 of 184]
9427.1 9410.62 9454.15 9510.55 9481.83 9463.65 9436.07 9412.66 9403.28 9397.62 9385.63 9384.74 9375.42 9364.63 9350.86 9338.87 9333.22 9322.12 9304.83 9297.65 9313.94 9325.26 9315.03 9314.57 9302.41 9304.09 9316.31 9325.74 9330.09 9337.91 9345.67 9347.56 9353.85 9404.5 9439.32 9480.65 9503.1 9540.04 9579.04 9605.04 9635.35 9677.53 9712.2 9722.45 9697.95 9651.53 9619.12 9608.82 9607.72 9613.86 9626.05 9627.85 9631.33 9639.26 9650.32 9663.95 9674.87 9672.14 9675.38 9660.19 9592.3 9610.96 9655.09 9653.46 9699.5 9734.69 9758.04
9443.02 9446.33 9459.84 9479.1 9489.21 9462.49 9435.78 9419.31 9410.38 9395.3 9375.56 9385.85 9372.38 9358.76 9345.03 9334.74 9323.63 9315.41 9304.33 9303.9 9307.68 9307.5 9288.71 9297.27 9310.66 9317.26 9323.35 9331.54 9340.88 9336.94 9333.98 9331.69 9347.11 9380.29 9418.75 9475.08 9514.86 9550.53 9593.95 9632.68 9642.81 9686.71 9713.41 9705.9 9685.81 9639.26 9598.9 9582.93 9585.56 9591.22 9593.35 9588.83 9592.18 9610.09 9628.86 9643.94 9648.56 9648.03 9664.8 9682.11 9634.19 9587.08 9616.47 9696.89 9712.74 9740.99 9747.74
9449.14 9455.43 9463.61 9472.93 9467.1 9453.48 9429.6 9419.58 9414.85 9406.69 9377.56 9376.78 9363.96 9347.98 9342.38 9334.92 9323.07 9308.93 9294.71 9278.87 9274.31 9296.26 9300.85 9308.01 9320.23 9328.67 9326.66 9332.97 9339.14 9337.29 9333.69 9320.75 9299.04 9364.45 9395.67 9443.54 9506.08 9544.28 9587.41 9630.27 9641.37 9680.23 9696.85 9666.61 9634.55 9607.92 9578.74 9563.18 9564.4 9568.44 9570.18 9569.09 9574.97 9592.53 9615.93 9633.27 9644.04 9648.42 9659.53 9679.59 9639.59 9559.08 9517.55 9663.67 9773.29 9771.16 9740.73
9451.06 9454.14 9462.53 9478.66 9477.6 9456.85 9435.91 9422.97 9420.03 9418.96 9410.18 9366.86 9346.37 9345.28 9337.72 9330.05 9319.47 9313.59 9292.76 9275.61 9273.22 9274.98 9295.85 9313.56 9323.87 9315.49 9324.15 9330.25 9332.96 9334.48 9336.61 9338.01 9340.77 9373.38 9389.52 9408.68 9459.76 9512.2 9554.79 9585.09 9592.45 9619.24 9633.87 9620.04 9592.1 9575.92 9561.48 9549.71 9550.67 9551.71 9553.62 9562.77 9577.29 9593.48 9614.27 9632.94 9649.16 9656.12 9666.42 9685.3 9677.87 9633.01 9572.25 9617.36 9761.17 9767.78 9741.57
9453.75 9451.45 9450.32 9466.67 9477.55 9465.98 9450.05 9433.92 9421.99 9417.62 9411.03 9382.09 9352.92 9346.8 9333.76 9320.4 9311.73 9307.76 9284.43 9266.14 9264.14 9270.67 9285.28 9300.64 9319.79 9322.6 9327.34 9333.94 9335.51 9334.1 9343.74 9363.61 9366.22 9393.3 9387.85 9381.95 9421.23 9481.34 9524.97 9542.5 9547.24 9564.42 9569.19 9578.44 9570.97 9567.38 9557.29 9545.03 9544.87 9545.77 9552.13 9566.61 9587.64 9604.19 9616.82 9632.57 9651.28 9661.15 9663.8 9691.53 9715.67 9727.52 9672.39 9635.08 9675.84 9712.74 9722.35
9451.72 9448.37 9443.34 9453.42 9464.6 9465.37 9461.99 9435.41 9415.39 9400.97 9400.33 9397.46 9362.61 9349.36 9330.78 9307.31 9308.25 9300.77 9270.76 9245.78 9251.44 9267.11 9283.17 9299.78 9316.97 9327.55 9334.38 9342.25 9341.22 9337.84 9353.31 9379.39 9380.8 9437.09 9391.53 9373.91 9424.9 9471.54 9515.77 9531.08 9532.02 9538.36 9546.16 9554 9565.45 9575.89 9563.2 9557.3 9549.08 9548.7 9556.06 9573.75 9586.1 9602.47 9614.37 9627.08 9637.7 9640.88 9659.87 9685.68 9717.56 9749.3 9717.14 9651.96 9646.45 9679.54 9699.01
9444.69 9445.23 9449.78 9460.3 9466.99 9442.62 9413.08 9412.04 9399.83 9387.73 9375.1 9372.11 9361.19 9338.75 9329.57 9323.83 9306.09 9289.89 9271.59 9256.05 9249.85 9261.54 9284.48 9303.88 9323.38 9332.99 9340.56 9347.05 9345.44 9342.42 9362.09 9390.86 9393.55 9476.2 9379.04 9375 9432.7 9473.14 9515.37 9553.13 9544.42 9526.48 9530.98 9537.92 9562.21 9575.14 9571.31 9551 9565.45 9564.94 9566.73 9575.57 9585.45 9595.45 9607.66 9618.57 9628.03 9642 9655.32 9672.84 9691.87 9709.56 9711.51 9661.05 9643.55 9659.87 9686.24
9438.83 9443.94 9450.4 9463.88 9449.8 9412.83 9367 9379.39 9385.57 9383.93 9371.1 9363.61 9352.64 9333.74 9322.76 9313.93 9298.66 9286.54 9277.94 9263.5 9252.75 9260.74 9285.2 9309.99 9321.59 9338.01 9344.1 9347.15 9350.83 9353.95 9371.14 9400.16 9424.03 9501.8 9421.87 9410.63 9446.63 9479.78 9523.9 9575.42 9562.87 9534.96 9526.27 9535.1 9565.71 9586.25 9590.9 9602.73 9605.07 9610.94 9597.86 9581.04 9584.02 9591.29 9601.8 9613.82 9623.56 9626.7 9632.99 9651.55 9671.92 9682.58 9697.02 9691.1 9650.78 9602.76 9600.93
9430.28 9437.54 9446.78 9454.52 9437.33 9398.59 9368.79 9367.83 9374.3 9381.31 9378.23 9371.25 9359.62 9332.1 9316.05 9308.13 9292.97 9281.83 9274.03 9262.86 9249.79 9259.81 9280.66 9303.32 9319.74 9332.04 9338.44 9347.82 9360.94 9371.88 9381.97 9393.4 9451.17 9509.71 9472.24 9459.83 9468.42 9482.33 9513.89 9549.8 9539.26 9537.32 9538.8 9535.46 9563.78 9588.63 9601.35 9609.96 9618.65 9631.75 9623.98 9594.14 9569.67 9586.96 9604.73 9618.13 9627.09 9628.97 9621.16 9649.85 9674.1 9685.99 9698.24 9680.68 9544.22 9469.56 9508.35
9420.88 9432 9438.62 9435.94 9411.67 9383.92 9366.92 9362.57 9360.88 9362.72 9363.92 9364.92 9352.83 9326.27 9312.54 9305.91 9290.52 9277.57 9267.37 9256.47 9248.11 9254.74 9274.59 9296.64 9314.69 9331.04 9344.03 9359.62 9371.36 9392.59 9408.26 9426.02 9477.96 9520.39 9499.84 9490.86 9487.02 9482.65 9493.36 9511.71 9540.01 9567.79 9557.32 9553.04 9565.2 9590.67 9611.23 9615.54 9626 9639.25 9647.68 9630.56 9590.31 9593.82 9614.4 9628 9638.38 9642.49 9645.1 9654.9 9677.76 9718.91 9712.49 9689.64 9603.38 9508.65 9495.09
9421.31 9425.31 9425.8 9414.87 9388.99 9370.31 9365.57 9353.26 9347.34 9342.27 9338.8 9338.56 9329.1 9321.95 9310.77 9296.68 9286.44 9272.8 9264.71 9254.6 9249.58 9257.03 9271.91 9292.54 9313.19 9333.21 9345.33 9355.43 9373.13 9398.13 9436.48 9480.44 9515.1 9541.54 9459.28 9516.64 9508.06 9484.73 9483.19 9498.09 9547.46 9591.78 9592.74 9592.23 9600.56 9624.13 9649.66 9664.29 9676.61 9682.67 9687.04 9674.4 9644.18 9623.84 9626.71 9638.22 9649.85 9661.7 9652.69 9661.95 9690.34 9719.58 9719.21 9699.32 9664.25 9608.11 9553.82
9421.68 9416.75 9405.35 9389.62 9379.35 9368.76 9365.55 9343.85 9334.9 9328.84 9319.47 9297.35 9296.66 9306.27 9305.17 9296.27 9278.92 9268.33 9257.38 9252.63 9246.3 9259.34 9274.57 9295.95 9316.98 9335.4 9347.58 9357.29 9376.68 9403.62 9442.04 9476.28 9495.37 9532.36 9352.61 9528.42 9519.82 9483.67 9480.26 9504.39 9553.79 9606.31 9616.12 9629.11 9651.2 9679.71 9703.05 9716.13 9730.57 9728.34 9733.78 9714.66 9689.71 9663.29 9647.29 9651.72 9659.89 9666.33 9676.18 9686.24 9709.54 9717.81 9723.17 9714.85 9704.96 9710.89 9668.92
9417.18 9411.81 9396.44 9386.8 9383.85 9371.24 9367.44 9343.62 9327.05 9312.25 9296.66 9283.9 9278.39 9289.12 9295.73 9288.56 9279.05 9273.16 9270.71 9263.7 9260.87 9269.08 9284.9 9304.46 9322.88 9337.26 9349.99 9361.73 9374.26 9391.53 9410.12 9409.52 9406.91 9416.8 9283.57 9507.68 9493.84 9469.06 9458.47 9493.78 9543.95 9595.91 9636.28 9666.98 9709.96 9724.44 9738.7 9744.46 9762.18 9764.68 9724.19 9703.39 9681.2 9672.23 9668.45 9672.62 9674.01 9673.97 9687.91 9712.37 9714.64 9728.67 9739.82 9741.4 9743.65 9757.62 9745.95
9421 9417.61 9407.86 9397.51 9391.26 9372.66 9363.83 9360.22 9329.49 9298.44 9269.97 9274.22 9275.44 9282.94 9291.12 9290.06 9282.96 9283.03 9292.26 9287.22 9283.08 9289.41 9300.68 9314.62 9322.26 9327.04 9350.94 9359.87 9373.56 9380.74 9366.03 9326.04 9314.76 9297.76 9298.74 9396.86 9469.88 9488.93 9495.8 9518.44 9540.26 9571.68 9631.14 9693 9724.25 9720.07 9726.07 9740.31 9748.21 9726.42 9711.67 9691.63 9684.28 9703.03 9701.51 9698.28 9694.45 9695.91 9714.47 9740.07 9744.84 9770.32 9773.06 9769.44 9768.69 9770.61 9779.87
9440.58 9430.7 9418.98 9403.29 9391.38 9373.62 9362.33 9361.32 9331.1 9299 9275.67 9275.1 9281.82 9285.5 9287.47 9287.34 9289.46 9295.03 9309.9 9315.26 9310.58 9310.08 9316.3 9324.26 9331.41 9339.68 9355.23 9358.97 9347.2 9388.31 9407.83 9360.32 9310.95 9286 9323.75 9428.38 9497.91 9502.97 9554.81 9556.31 9575.59 9581.66 9633.26 9629.07 9692.39 9692.34 9701.89 9715.46 9724.65 9698.33 9690.21 9680.58 9679.21 9695.98 9721.65 9720.16 9723.78 9724.05 9735.98 9762.39 9792.45 9824.72 9808.73 9794.27 9779.58 9793.96 9783.47
9440.54 9429.59 9413.88 9393.18 9380.01 9374.83 9350.68 9305.08 9320.75 9306.12 9297.89 9291.25 9288.93 9285.3 9283.52 9284.83 9291.52 9311.85 9354.2 9348.48 9324.93 9324.1 9330.83 9330.98 9335.24 9342.15 9359.96 9371.63 9375.93 9416.79 9444.37 9376.09 9320.07 9253.21 9162.32 9675.45 9575.21 9491.79 9593.31 9603.21 9599.27 9599.81 9628.55 9682.32 9710.35 9695.47 9654.73 9698 9717.85 9694.98 9673.73 9670.14 9672.31 9685.18 9712.04 9737.4 9758.81 9778.84 9804.34 9815.35 9854.34 9852.06 9829.74 9809.81 9799.12 9790.49 9771.91
9422.72 9414.07 9395.27 9385.19 9374.39 9361.8 9344.04 9325.71 9315.71 9310.14 9305.13 9303.48 9300 9291.91 9296.25 9289.13 9298.64 9315.46 9335.74 9343.17 9327.28 9327.51 9331.64 9330.45 9331.44 9344.03 9360.97 9387.23 9410.42 9443.75 9454.85 9383.81 9310.47 9186.61 9167.83 9768.55 9624.38 9509.43 9601.37 9620.86 9609.72 9621.54 9628.81 9677.09 9731.22 9737.39 9727.99 9727.06 9733.69 9709.09 9680.07 9673.45 9666.6 9703.35 9732.83 9754.24 9782.84 9811.41 9824.47 9854.15 9874.62 9840.47 9818.17 9803.41 9785.85 9769.31 9759.96
9406.44 9406 9398.32 9386.34 9380.07 9367.65 9349.79 9342.26 9326.5 9314.36 9303.84 9306.27 9312.48 9304.6 9302.7 9297.06 9300.82 9306.03 9314.68 9318.43 9320.47 9321.38 9328.44 9323.6 9324.48 9338.76 9364.16 9393.86 9429.9 9463.98 9477.22 9423.21 9347.43 9240.62 9313.58 9800.71 9668.39 9599.05 9643.21 9671.83 9674.58 9660.51 9664.32 9678.44 9739.77 9778.93 9791.89 9766.47 9729.35 9717.36 9704.18 9698.75 9708.74 9761.18 9771.07 9757.75 9790.74 9815.85 9819.77 9876.18 9837.2 9811.8 9817.42 9816.35 9808.93 9798.08 9774.96
9400.13 9402.6 9398.87 9388.73 9383.83 9369.01 9343.95 9329.25 9322.2 9314.23 9303.58 9295.28 9290.79 9295.69 9297.4 9298.11 9298.05 9318.3 9313.7 9308.26 9313.02 9313.86 9309.13 9317.44 9329.72 9351.99 9378.24 9409.78 9443.53 9477.87 9499.11 9479.81 9433.15 9384.55 9496.25 9789.5 9704.5 9706.28 9729.32 9727.38 9729.36 9716.63 9708.19 9699.54 9722.43 9769.73 9813.99 9798.04 9748.85 9726.55 9726.43 9724.7 9735.29 9762.2 9712.47 9738.66 9798.02 9833.84 9818.62 9829.75 9794.12 9819.22 9833.24 9838.72 9849.96 9860.07 9803.07
9395.84 9397.08 9393.87 9385.21 9375.17 9349.54 9322.86 9298.76 9306.12 9308.25 9316.58 9314.8 9307.14 9301.41 9302.77 9300.22 9281.94 9283.6 9319.36 9309.92 9317.2 9320.1 9317.4 9332.83 9357.21 9379.7 9407.29 9429.16 9459.76 9489.1 9515.16 9523.95 9518.38 9516.85 9597.06 9728.51 9732.77 9756.56 9765.35 9760.07 9756.66 9750.98 9724.61 9729.2 9739.2 9774.76 9833.85 9829.62 9802.66 9773.57 9759.05 9755.31 9739.03 9725.63 9765.21 9785.22 9807.04 9820.16 9807.48 9795.31 9844.41 9863.62 9853.24 9850.39 9852.57 9816.1 9779.71
9396.21 9406.39 9394.2 9377.94 9360.51 9336.93 9311.84 9294.27 9288.69 9294.53 9293.36 9307.15 9315.04 9307.49 9308.88 9324.48 9328.12 9335.02 9326.44 9326.06 9330.72 9338.11 9352.8 9363.57 9369.34 9378.4 9409.45 9443.95 9466.77 9493.62 9529.88 9556.66 9589.01 9598.78 9644.26 9707.29 9755.86 9788.77 9758.47 9745.69 9764.03 9764.52 9736.53 9719.83 9770.87 9829.85 9883.65 9907.91 9905.38 9895.01 9840.29 9807.73 9779.49 9762.74 9805.33 9825.24 9815.35 9819.1 9802.01 9751.62 9815.81 9871.72 9866.68 9861.96 9850.51 9828.97 9829.94
9388.46 9398.12 9385.85 9371.19 9356.8 9342.59 9321.96 9304.16 9291.7 9291.57 9292.54 9294.31 9307.03 9316.56 9337.09 9340.59 9342.99 9349.04 9340.28 9342.64 9348.67 9355.33 9360.71 9365.36 9373.47 9374.35 9395.04 9441.23 9465.4 9483.22 9522.08 9563.86 9593.99 9610.04 9662.21 9724.33 9750.58 9725.35 9662.66 9667.73 9716.47 9766.82 9730.62 9757.24 9805.66 9853.28 9923.03 9965.02 9963.93 9960.44 9908.32 9865.34 9839.75 9835.26 9835.27 9824.04 9835.11 9833.49 9810.85 9791.82 9785.21 9799.63 9844.02 9849.16 9860.85 9869.01 9867.91
9375.78 9372.27 9373.63 9366.18 9355.43 9343.06 9335.56 9315.55 9304.13 9295.64 9288.78 9290.25 9293.86 9295.88 9317.25 9321.13 9327.4 9338.16 9346.6 9361.54 9367.68 9370.9 9371.67 9375.8 9374.72 9356.34 9410.25 9450.32 9465.1 9483.56 9521.14 9563.56 9600.33 9621.61 9681.63 9747.21 9684.23 9646.66 9621.28 9653.5 9714.09 9765.75 9770.48 9822.5 9812.74 9842.68 9882.06 9904.43 9953.23 9982.98 9956.41 9919.24 9885.32 9864.28 9846.58 9829.63 9824.52 9828.71 9820.75 9811.18 9811.95 9851.17 9850.63 9860.47 9878.32 9898.36 9888.17
9379.35 9376.51 9369.36 9362.61 9353.89 9340.1 9328.84 9316.45 9303.33 9298.1 9291.39 9288.54 9292.29 9292.14 9314.03 9315.65 9318.29 9342.15 9358.8 9377.55 9384.58 9388.38 9389.65 9387.07 9390.96 9399.07 9426.94 9449.07 9461.78 9476.76 9522.56 9556.84 9585.91 9598.59 9687.94 9749.17 9686.84 9747.31 9720.67 9743.05 9804.23 9820.75 9809.79 9830.56 9834.85 9820.82 9822.87 9852.16 9955.01 10036.3 10000.5 9952.37 9909.87 9868.01 9836.51 9825.95 9842.56 9826.25 9819.31 9808.43 9812.79 9841.06 9854.08 9863.91 9876.46 9877.9 9875.73
9376.33 9371.33 9363.9 9357.38 9349.11 9341.34 9331.06 9321.89 9310.06 9304.54 9299.23 9297.78 9296.98 9289 9319.18 9319.61 9324.57 9359.62 9381.65 9394.43 9402.19 9407.85 9412.76 9419.84 9417.06 9420.91 9432.23 9451.31 9465.34 9474.69 9503.68 9540.52 9564.73 9590.69 9675.72 9764.33 9667.55 9789.04 9814.28 9830.9 9856.5 9853.87 9809.17 9842.91 9823.36 9809.64 9802 9771.2 9894.31 10018 10000.9 9956.11 9915.1 9889.38 9863.01 9848.59 9866.86 9835.78 9817.34 9831.05 9825.08 9810.36 9840.95 9865.01 9876.85 9893.84 9915.23
9364.57 9360.23 9357.21 9357.8 9354.22 9351.54 9344.62 9339.11 9329.64 9312.64 9307.64 9300.99 9302.04 9312.74 9322.43 9329.37 9345.52 9367.51 9395.67 9406.81 9417.28 9428.87 9434.78 9428.5 9441.6 9448.98 9451.53 9470.8 9476.31 9488.57 9509.34 9536.1 9562.26 9594.88 9636.16 9686.14 9692.94 9766.75 9804.74 9818.38 9827.12 9829.07 9832.38 9841.71 9839.68 9817.03 9806.86 9817.16 9863.53 9919.85 9934.53 9925.02 9907.62 9894.09 9892.27 9863.16 9850.63 9839.3 9815.89 9859.8 9840.76 9821.17 9849.22 9888.77 9929.57 9986.89 10057.2
9369.25 9353.94 9357.99 9366.14 9366.96 9363.15 9366.9 9355.9 9346.89 9326.37 9319.52 9310.35 9307.34 9314.78 9341.22 9337.79 9360.56 9376.4 9396.11 9415.95 9433.05 9449.75 9468.42 9483.76 9482.71 9462.49 9462.42 9468.47 9476.29 9484.72 9512.43 9545.65 9570.31 9586.32 9605.86 9607.59 9668.55 9749.11 9788.84 9802.89 9782.33 9794.5 9788.9 9830.98 9806.32 9799.32 9808.84 9817.87 9841 9848.44 9875.1 9892.74 9893.68 9888.17 9909.32 9891.31 9861.85 9840 9828.71 9862.63 9872.95 9861.31 9878.1 9916.43 9970.51 10029.8 10049.3
9361.96 9366.38 9368.49 9375.65 9381.54 9380.78 9383.54 9370.34 9334.27 9346.81 9337.38 9325.49 9322.06 9326.65 9352.32 9344.11 9365.75 9375.42 9395.67 9420.19 9445.15 9468.93 9498.04 9529.51 9533.9 9505.75 9493.02 9491.48 9489.95 9495.49 9523.39 9555.05 9585.58 9606.89 9627.1 9679.58 9787.61 9773.78 9812.93 9813.82 9806.86 9802.9 9807.19 9798.81 9803.87 9839.44 9824.28 9842.2 9857.95 9857.42 9867.61 9873.18 9877.15 9892.81 9912.84 9897.78 9810.04 9828.31 9857.43 9859.32 9879.21 9892.98 9907.78 9927.8 9957.11 10004.1 10038.2
9367.31 9373.28 9378.85 9380.53 9382.17 9389.41 9397.54 9388.02 9380.51 9372.74 9362.93 9364.06 9355.5 9348.74 9376.14 9352 9357.39 9379.59 9401.77 9422.32 9445.87 9474.66 9505.87 9538.38 9528.93 9506.96 9509.24 9515.95 9508.68 9506.05 9536.09 9571.4 9582.54 9607.95 9649.21 9698.31 9771.11 9820.92 9868.11 9845.43 9785.32 9800.02 9813.19 9804.38 9779.63 9814.75 9831.47 9834.97 9851.05 9874.04 9879.23 9856.78 9849.51 9845.24 9834.46 9839.95 9827.7 9826.34 9853.73 9863.14 9867.03 9885.63 9910.6 9932.89 9940.6 9961.21 9950.55
9387.73 9402.16 9407.2 9392.07 9385.21 9386.14 9393.07 9393.03 9395.18 9389.33 9385.1 9383.69 9373.14 9371.29 9406.77 9371.96 9369.67 9384.18 9401.69 9418.84 9444.2 9471.31 9497.19 9512.28 9488.81 9493.49 9490.66 9499.27 9521.23 9540.61 9532.42 9551 9560.11 9592.03 9637.95 9687.26 9725.91 9836.22 9850.76 9836.61 9790.43 9788.33 9796.05 9806.79 9802.88 9842.58 9736.63 9803.35 9858.07 9846.94 9823.94 9829.85 9816.06 9789.73 9754.16 9730.34 9768.29 9807.98 9839.87 9845.67 9848.03 9879.11 9913.05 9947.95 9973.28 9973.24 9964.92
