real_craters/C210-1000m.grd
DSAA
184 184
-91.74 91.74
-91.74 91.74
7655.0287677181 10461.394867847
[rows 90 to 119 of 184, columns 0 to 66 of 184]
9372.45 9382.13 9392.51 9407.46 9428.66 9440.58 9451 9473.9 9486.47 9497.72 9503.68 9509.91 9513.85 9508.62 9513.27 9517.34 9513.59 9517.71 9537.96 9552.79 9576.63 9610.34 9621.5 9632.57 9652.96 9665.93 9657.12 9663.37 9687.01 9722.73 9749.03 9740.91 9699.67 9701.94 9699.82 9676.61 9676.32 9679.75 9688.2 9694.78 9685.12 9664.9 9642.92 9640.05 9655.44 9696.43 9735.35 9789.36 9943.28 9928.25 9890.05 9802.39 9739.45 9814.38 9830.45 9740.41 9598.38 9428.74 9276.81 9182.75 9155.21 9103.13 9033.34 8948.55 8890.69 8778.98 8725.41
9369.97 9379.58 9392.58 9402.01 9420.09 9417.19 9436.4 9466.2 9481.96 9488.67 9497.06 9487.11 9509.59 9502.11 9512.04 9522.41 9502.75 9510.79 9538.69 9560.62 9581 9607.67 9606.06 9599.29 9627.59 9660.48 9648.3 9635.8 9634.21 9645 9677.16 9689.1 9661.96 9680.71 9702.38 9679.2 9688.26 9701.06 9693.32 9682.78 9675.04 9676.84 9679.03 9674.16 9686.27 9717.78 9766.03 9819.67 9951.36 9881.35 9812.69 9781.28 9769.29 9813 9781.09 9700.43 9588.1 9464.3 9343.55 9222.67 9160 9097.2 9040.04 8996.17 8980.09 8833 8697.2
9365.35 9369.22 9375.52 9394.9 9411.19 9400.51 9413.83 9428.24 9452.32 9484.77 9475.23 9487.31 9511.36 9504.87 9507.4 9510.91 9496.57 9499.04 9527.47 9557.13 9579.19 9587.5 9588.33 9579.77 9594.28 9623.68 9630.8 9614.28 9602.51 9621.02 9625.84 9620.1 9627.07 9625.97 9638.43 9661.92 9685.83 9706.32 9691.91 9674.34 9665.1 9670.02 9679.82 9684.55 9701.82 9729.41 9775.59 9827.61 9827.62 9765.27 9744.82 9763.52 9775.35 9797.02 9740.56 9672.72 9598.48 9520.7 9442.16 9279.59 9151.06 9090.53 9045.28 9070.24 9105.93 8846.55 8706.31
9366.2 9369.99 9376.95 9396.25 9395.59 9392.43 9407.25 9427.77 9444.53 9483.07 9481.35 9460.38 9471.5 9497.46 9494.7 9492.85 9488.52 9484.77 9503.43 9540.59 9564.29 9576.58 9576.54 9571.73 9580.96 9602.55 9621.21 9591.13 9590.25 9601.68 9600.13 9583.9 9574.79 9583.05 9595.65 9613.68 9663.35 9687.02 9670.12 9656.26 9656.42 9657.62 9669.15 9681.14 9697.57 9718.2 9733.55 9736.19 9764.76 9764.17 9718.27 9781.76 9769.38 9768.39 9720.68 9682.22 9624.77 9553.84 9449.02 9223.47 9163.29 9094.07 9058.41 9174.57 9173.14 8833.16 8684.76
9371.39 9376.28 9378.72 9388.49 9382.38 9394.46 9410.33 9429.78 9451.98 9453.09 9464.57 9458.37 9461.82 9462.74 9477.42 9479.74 9481.67 9474.03 9478.09 9492.16 9537.13 9562.62 9548.9 9550.26 9573.63 9577.12 9587.4 9581.74 9576.8 9566.26 9557.95 9549.16 9550.94 9555.57 9580.58 9609.85 9627.64 9642.31 9627.93 9619.49 9626.73 9653.35 9680.48 9698.52 9700.89 9703.33 9704.85 9712.81 9751.28 9735.77 9744.11 9797.28 9812.65 9773.65 9754 9716.34 9647.28 9562.4 9436.91 9224.63 9119.7 9121.5 9121.15 9234.24 9181.08 8822.34 8685.45
9379.66 9385.78 9384.21 9377.01 9386.36 9403.33 9415.78 9423.97 9453.7 9448.3 9456.44 9458.15 9453.23 9459.69 9465.1 9478.68 9477.1 9463.47 9468.16 9489.97 9497.72 9518.15 9534.88 9514 9530.86 9537.36 9544.16 9560.65 9554.34 9533.96 9528.5 9528.84 9518.46 9522.33 9548.01 9566.65 9560.05 9563.95 9566.45 9565.14 9586.67 9647.43 9679.7 9693.01 9691.3 9684.87 9683.68 9695.77 9736.29 9753.41 9767.91 9803.76 9896.7 9841.5 9844.73 9736.39 9638.3 9545.95 9438.81 9289.12 9196.89 9186.41 9205.54 9200.81 9010.67 8838.12 8699.02
9390.62 9399.87 9420.28 9417 9407.76 9430 9431.65 9424.4 9429.11 9441.84 9445.96 9444.73 9451.78 9442.44 9452.83 9465.88 9467.84 9464.79 9463.03 9448.76 9459.89 9483.78 9518.55 9517.72 9507.9 9504.01 9499.39 9504.43 9520.63 9518.03 9508.28 9517.05 9507.41 9496.59 9517.37 9531.45 9532.53 9526.85 9518.34 9507.82 9513.74 9627.81 9674.33 9676.98 9677.59 9671.57 9666.41 9658.64 9697.73 9778.92 9860.21 9898.96 9903.9 9940.01 9830.53 9700.14 9596.99 9504.77 9432.33 9397.05 9245.63 9250.86 9245.02 9136.6 8948.42 8706.59 8596.86
9397.46 9402.17 9403.94 9398.07 9409.97 9418.8 9417.67 9423.02 9439.51 9453.46 9474.84 9448.89 9448.9 9439.51 9440.64 9444.56 9443.43 9448.08 9465.37 9439.27 9464.19 9481.02 9479.78 9506.47 9514.38 9497.65 9485.29 9489.54 9507.1 9513.81 9519.88 9513.3 9481.7 9488.11 9502.38 9514.44 9522.48 9506.21 9485.21 9468.77 9468.53 9610.76 9651.99 9662.06 9653.2 9654.42 9659.81 9668.57 9675.53 9762.73 9929.4 9942.19 9919.75 9886.17 9752.21 9619.34 9538.99 9479.6 9428.59 9459.86 9344.77 9314.92 9268.43 9044.67 8783.74 8677.75 8543.05
9397.46 9400.42 9400.13 9396.82 9410.43 9411.9 9416.83 9418.73 9423.56 9430.57 9445.71 9453.7 9435.45 9428.41 9428.39 9426.54 9421.51 9414.67 9447.53 9442.31 9454.5 9469.67 9474.77 9509.08 9516.01 9491.93 9476.07 9480.36 9497.64 9506.08 9517.28 9497.46 9475.28 9473.48 9499.08 9497.77 9491.51 9485.61 9469.64 9457.03 9469.62 9541.27 9573.76 9590.2 9604.79 9617.66 9640.76 9680.97 9701.4 9726.82 9844.93 9888.83 9878.58 9853.5 9648.67 9521.03 9482.33 9464.45 9469.7 9487.73 9447.63 9365.63 9207.44 8963.63 8740.47 8663.38 8497.16
9398.89 9400.04 9401.07 9407.25 9410.33 9407.4 9405.54 9407.62 9411.77 9423.52 9424.39 9429.95 9420.71 9418.64 9423.94 9422.99 9419.27 9409.95 9467.44 9447.24 9412.01 9436.36 9472.03 9480.15 9477.69 9468.15 9464.73 9470.47 9480.65 9490.01 9488.5 9486.74 9484.83 9482.11 9490.4 9495.01 9491.89 9489.73 9483.4 9475.57 9465.03 9529.55 9503.19 9521.02 9555.24 9577.29 9596.24 9616.34 9651.9 9718.22 9824.79 9844.8 9831.88 9774.33 9562.2 9453.53 9441.74 9442.36 9471.47 9528.09 9460.57 9376.1 9192.01 8917.72 8730.64 8733.16 8539.25
9401.05 9400.38 9400.07 9402.59 9406.1 9407.86 9409.48 9400.12 9406.06 9424.7 9427.34 9425.09 9420.75 9439.77 9437.85 9422.82 9405.01 9403.73 9423.89 9419.78 9400.14 9413.4 9428.14 9426.82 9438.51 9438.82 9460.96 9464.87 9459.14 9471.49 9465.21 9470.08 9476.3 9476.05 9487.11 9488.9 9492.65 9492.89 9498.98 9505.6 9517.17 9476.04 9496.63 9504.73 9520.5 9535.18 9545.11 9547.17 9587.89 9696.94 9796.29 9821.07 9822.85 9777.18 9577.95 9456.59 9428.54 9425.68 9439.65 9520.86 9519.5 9356.07 9171.54 8900.88 8748.02 8778.85 8591.78
9403.38 9403.58 9406.46 9409.02 9413.1 9411.71 9411.05 9416.9 9405.72 9405.96 9420.27 9419.45 9416.81 9421 9431.34 9424.08 9416.27 9401.06 9404.86 9400.82 9396.02 9405.61 9418.42 9429.16 9451.79 9473.81 9491.99 9480.07 9464.41 9460.66 9464.02 9471.31 9471.52 9477.4 9487.23 9476.45 9472.71 9487.42 9500.72 9514.13 9528.96 9449.89 9484.82 9497.7 9505.12 9510.84 9515.35 9521.06 9551.49 9627.86 9700.21 9768.68 9816.16 9784.95 9608.68 9482.04 9440.47 9418.77 9412.69 9427.46 9505.91 9433.26 9219.66 8911.8 8760.81 8672.26 8517.17
9405.63 9409.38 9414.6 9414.72 9410.53 9417.78 9422.76 9446.41 9409 9398.88 9415.32 9418.1 9417.93 9410.66 9413.33 9419.35 9420.76 9401.14 9399.37 9399.18 9398.63 9404.13 9415.45 9427.7 9461.46 9500.09 9509.95 9489.1 9477.7 9457.5 9458.34 9458.27 9470.24 9472.16 9476.68 9482.84 9480.77 9480.21 9490.14 9501.51 9494.02 9459.27 9467.11 9480.84 9490.09 9496.01 9505.95 9516.82 9546.31 9607.02 9664.88 9778.18 9861.78 9790.96 9642.65 9519.18 9460.51 9415.3 9395.25 9373.69 9454.87 9420.6 9227.88 8922.24 8771.86 8632.86 8460.2
9416.6 9416.06 9420.81 9414.31 9411.59 9420.2 9421.2 9409.4 9404.26 9400.89 9411.86 9416.81 9421.86 9421.16 9405.3 9407.9 9411.57 9392.57 9394.11 9403.68 9399.58 9402.6 9409.96 9428.37 9435.05 9441.98 9444.31 9463.7 9473.41 9449.13 9437.65 9429.89 9428.25 9428.99 9425.49 9449.95 9449.19 9448.33 9462.93 9475.75 9480.61 9458.13 9456.72 9470.15 9481.75 9494.04 9503.73 9516.26 9533.94 9582.99 9689.32 9823.23 9920.09 9791.52 9671.96 9580.42 9503.36 9421.83 9354.19 9395.77 9497.66 9503.41 9235.09 8896.13 8713.56 8593.37 8411.98
9427.17 9426.66 9422.04 9423.14 9425.47 9425.23 9421.46 9416.89 9410.08 9411.05 9411.65 9418.42 9424.42 9424.55 9399.49 9396.77 9395.62 9389.6 9392.14 9410.37 9407.43 9411.18 9410.39 9443.38 9439.95 9443.92 9453.65 9426.05 9398.58 9385.65 9375.6 9337.08 9308.9 9283.23 9293.29 9323.61 9352.86 9383.88 9417.85 9451.19 9468.45 9456.78 9460.28 9463.04 9472.56 9484.15 9499.42 9515.77 9533.99 9566.98 9667.05 9681.98 9665.84 9663.81 9666.91 9642.97 9555.89 9455.19 9347.73 9343.6 9379.52 9505.8 9238.33 8891.42 8736.82 8597.88 8443.3
9456.05 9446.48 9444.13 9440.43 9442.7 9437.73 9440.99 9440.32 9430.89 9420.82 9417.77 9429.46 9423.33 9411.49 9395.28 9391.62 9395.22 9412.86 9398.26 9389.56 9414.13 9424 9438.37 9459.27 9441.42 9438.84 9422.97 9381.16 9329.03 9282.84 9239.41 9185.64 9140.68 9142.06 9157.98 9165.66 9242.58 9312.53 9370.16 9423.34 9463.69 9462.48 9454.37 9462.51 9473 9483.59 9495.13 9509.1 9529.87 9556.29 9530.08 9452.08 9487.2 9583.29 9638 9638.11 9593 9525.62 9457.44 9360.65 9335.63 9339.14 9195.54 8934.31 8683.94 8608.16 8509.41
9480.8 9466.64 9464.06 9479.43 9494.67 9494.66 9471.3 9464.13 9444.4 9427.92 9421.28 9425.07 9420.76 9414.82 9398.63 9392.72 9384.89 9399.39 9389.75 9402.46 9406 9409.23 9413.68 9408.51 9410.86 9419.85 9397.33 9343.35 9274.37 9205.93 9161.51 9121.37 9111.88 9096.16 9106.28 9122.72 9185.37 9249.51 9306.37 9370.39 9429.74 9459.66 9452.7 9465.01 9475.58 9485.08 9492.23 9499.79 9506.68 9518.03 9487.18 9447.56 9446.94 9551.37 9592.46 9598.44 9583.37 9566.9 9546.33 9455.12 9362.5 9209.34 9142.57 9008.79 8709.86 8647.71 8512.74
9493.11 9478.63 9482.75 9505.23 9538.04 9543.13 9509.11 9482.43 9460.15 9451.9 9422.44 9422.04 9418.1 9415.12 9411.37 9400.71 9392.89 9389.86 9415.46 9391.75 9398.01 9405.77 9388.52 9391.73 9397.22 9399.44 9368.59 9310.97 9259.08 9219.9 9181.58 9121.48 9117.57 9109.09 9115.46 9151.12 9154.78 9188.58 9225.94 9279.5 9357.23 9424.49 9473.97 9488.7 9499.17 9500.77 9503.21 9498.92 9494.34 9496.67 9460.55 9482.45 9479.23 9515.19 9528.78 9526.59 9527.57 9530.94 9542.62 9551.59 9456.77 9192.33 9051.9 8955.17 8822.86 8747.56 8614.13
9512.58 9493.3 9488.58 9506.75 9536.31 9566.32 9552.13 9514.78 9477.17 9474.76 9459.82 9434.68 9420.83 9409.77 9405.23 9406.88 9403.95 9401.22 9402.09 9382.65 9409.62 9403.45 9376.6 9378.79 9373.85 9387.21 9347.57 9279.15 9224.52 9246.19 9172.37 9116.52 9123.61 9124.68 9108.5 9114.67 9130.92 9144.85 9162.26 9180.9 9267.65 9409.21 9492.08 9529.66 9542 9532.63 9525.54 9508.13 9495.59 9503.46 9531.81 9624.31 9545.46 9482.29 9469.8 9481.26 9464.46 9433.75 9458.25 9523.25 9498.85 9285.54 9028.94 8898.78 8849.06 8799.31 8768.34
9525.37 9510.26 9501.95 9508.8 9529.12 9561.66 9565.6 9545.67 9505.44 9498.77 9496.29 9467.82 9433.86 9417.3 9405.18 9406.48 9408.51 9401.4 9401.95 9408.39 9419.02 9420.05 9399.82 9385.21 9367.74 9372.3 9337.53 9271.36 9206.97 9205.72 9152.12 9129.8 9131.38 9117.1 9116.28 9119.79 9118.85 9121.51 9126.43 9137.34 9200.06 9346.5 9510.99 9573.43 9579.42 9562.06 9538.19 9517.55 9505.91 9522.5 9548.47 9613.59 9560.52 9465.83 9427.05 9428.19 9397.72 9360.43 9378.4 9451.19 9510.11 9347.6 9051.3 8857.69 8791.06 8746.39 8825.4
9526.92 9516.21 9508.58 9513.97 9532.63 9557.95 9548.78 9532.01 9513.53 9514.03 9526.47 9496.06 9456.15 9443.09 9428.48 9408.18 9410.24 9398.95 9420.13 9437.53 9432.44 9443.47 9410.3 9395.21 9388.34 9389.93 9345.88 9289.24 9226.6 9161.83 9144.44 9148.92 9124.54 9095.95 9107.52 9118.01 9111.63 9107.67 9110.6 9129.83 9144.59 9269.16 9566.39 9612.08 9606.73 9584.19 9557.13 9529.67 9510.73 9533.75 9564.47 9587.55 9578.77 9488.53 9440.11 9417.69 9360.41 9283.83 9295.62 9332.7 9363.76 9294.54 9113.7 8869.25 8755.13 8683.79 8653.82
9517.75 9510.63 9510.83 9515.01 9525.67 9551.43 9536.98 9514.67 9518.97 9522.19 9510.02 9503.77 9491.99 9465.7 9436.18 9414.49 9415.88 9406.84 9435.14 9444.25 9429.51 9475.08 9431.11 9414.67 9406.02 9395.06 9355.05 9296.94 9237.12 9172.12 9134.69 9118.18 9133.83 9096.73 9086.66 9100.87 9104.04 9106.75 9110.07 9136.15 9149.22 9297.21 9577.33 9632.39 9631.15 9612.13 9583.09 9552.18 9522.59 9584.13 9545.6 9512.63 9560.09 9557.71 9532.69 9465 9387.6 9328.01 9286.89 9251.12 9194.16 9255.55 9155.14 8905.32 8751.74 8673.1 8663.93
9522.8 9516.67 9516.79 9518.86 9522.68 9541.25 9540.69 9540.63 9544.26 9532.88 9517.11 9520.93 9480.36 9485.6 9468.69 9428.28 9417.61 9454.28 9460.07 9455.49 9456.6 9456.32 9442.84 9434.26 9424.67 9411.73 9374.75 9314.17 9241.14 9180.06 9141.6 9112.88 9126.1 9109.31 9088.44 9084.05 9094.04 9101.38 9107.02 9127.05 9165.56 9313.7 9532.76 9619.66 9629.2 9613.24 9589.24 9572.23 9577.36 9595.45 9545.41 9550.53 9576.89 9583.96 9570.3 9551.72 9526.95 9420.34 9320.23 9243.37 9166.83 9150.87 9097.43 8890.72 8749.24 8653.44 8628.86
9533.63 9525.71 9525.66 9527.14 9530.91 9532.95 9540.53 9538.74 9548.66 9536.45 9527.05 9533.71 9536.89 9516.64 9497.6 9456.54 9442.8 9454.51 9466.03 9467.65 9474.09 9470.1 9459.86 9442.95 9445.15 9437.7 9404.6 9359.49 9272.68 9221.81 9156.45 9124.71 9113.85 9118.25 9081.6 9083.86 9095.08 9102.21 9115.16 9147.5 9200.26 9342.39 9529.91 9608.36 9618.17 9601.97 9584.36 9575.18 9593.27 9659.59 9593.52 9520.27 9575.14 9583.09 9570.73 9580.51 9557.1 9423.87 9362.07 9265.04 9129.23 9053.54 8920.38 8851.85 8742.6 8651.31 8637.3
9546.74 9539.94 9534.94 9533.13 9535.7 9544.92 9543.83 9540.13 9544.15 9547.67 9550.47 9560.72 9554.09 9535.54 9512.33 9480.12 9472.74 9481.26 9488.53 9490.84 9487.91 9497.77 9476.86 9471.05 9455.29 9449.24 9429.02 9385.32 9295.35 9226.67 9171.9 9142.85 9127.37 9122.65 9098.37 9100.27 9106.4 9111.39 9129.94 9181.23 9254.46 9390.76 9546.81 9604.99 9606.17 9591.56 9576.65 9564.77 9604.81 9746.95 9697.17 9622.93 9625.49 9596.98 9565.71 9567.95 9546.18 9533.7 9431.15 9312.48 9136.81 8996.42 8911.46 8845.08 8742.96 8656.63 8662.83
9554.7 9545.47 9540.63 9535.01 9535.28 9539.31 9550.18 9558.13 9554.52 9561.48 9559.24 9561.1 9560.66 9545.35 9520.63 9503.85 9499.7 9500.43 9466.38 9428.29 9487.72 9491.58 9471.41 9465.07 9464.58 9465.1 9453.7 9428.02 9343.9 9263.61 9202.27 9164.24 9145.55 9145.13 9133.06 9129.93 9132.89 9136.66 9148.88 9228.13 9351.2 9451.79 9550.16 9591.56 9590.55 9575.72 9559.41 9544.15 9573.55 9641.43 9637.08 9605.64 9611.13 9594.62 9580.52 9578.33 9564.95 9544.78 9506.91 9438.4 9243.49 9027.31 8924.23 8846.75 8749.07 8676.35 8696.54
9553.61 9550.04 9543.48 9536.62 9537.71 9542.49 9547.91 9552.38 9569.63 9580.59 9568.81 9547.28 9556.4 9544.9 9532.65 9538.19 9525.48 9502.93 9478.99 9494.03 9469.86 9460.63 9454.24 9461.6 9479.64 9477.04 9469.16 9460.18 9400.69 9321.69 9243.71 9190.71 9165.93 9148.35 9156.02 9166.03 9177.52 9188.26 9205.31 9301.51 9433.58 9496.52 9551.33 9577.65 9572.86 9560.49 9545.89 9533.1 9541.21 9544.05 9530 9536.75 9556.14 9583.59 9614.73 9615.1 9604.59 9588.77 9573.36 9507.69 9324.05 9104.84 8960.35 8874.03 8773.89 8702.6 8708.67
9537.44 9544.01 9546.22 9544.67 9551.7 9560.17 9565.15 9576.04 9594.52 9600.98 9587.71 9586.73 9577.53 9548.99 9526.51 9496.98 9495.59 9477.66 9456.77 9480 9471.93 9459.92 9446.96 9457.03 9466.75 9474.37 9472.11 9468.65 9435.83 9386.46 9303.67 9239.03 9197.95 9171.94 9171.67 9206.74 9241.45 9270.2 9300.43 9386.73 9477.7 9516.5 9541.98 9555.86 9562.39 9560.36 9550.55 9532.04 9532.13 9552.9 9536.51 9536.85 9544.58 9579.2 9619.48 9626.77 9613.09 9612.52 9623.73 9617.34 9419.5 9199.79 9070.08 8946.89 8837.45 8760.78 8740.42
9558.07 9556.76 9555.02 9552.06 9557.53 9572.11 9575.31 9585.75 9590.54 9601.67 9584.15 9568.24 9561.6 9541.01 9509.26 9483.16 9475.95 9454.84 9448.1 9473.38 9452.91 9444.17 9448.96 9457.5 9469.77 9467.81 9467.2 9460.48 9465.7 9424.51 9371.3 9298.86 9239.28 9212.92 9216.57 9274.11 9319.35 9363.5 9420.34 9463.41 9506.32 9526.81 9534.81 9547.03 9558.34 9560.44 9553.97 9554.98 9542.75 9561.18 9554.64 9542.47 9552.84 9578.58 9594.23 9609.59 9616.71 9601.84 9634.55 9632.73 9485.55 9300.57 9171.49 9064.57 8967.67 8895.77 8848.36
9582.55 9571.45 9567.49 9571.3 9561.37 9562.8 9553.33 9564.39 9578.17 9574.17 9568.9 9557.41 9557.23 9544.98 9512.09 9488.19 9475.68 9467.48 9476.45 9466.53 9452.65 9448.37 9446.92 9447.02 9447.59 9453.05 9465.09 9458.77 9442.09 9435.75 9411.7 9371.97 9370.39 9349.27 9366.04 9385.71 9403.33 9434.59 9478.78 9506.59 9534.19 9538.94 9551.46 9570.09 9568.22 9569.22 9566.2 9566.47 9552.96 9555.97 9567.25 9543.84 9538.5 9546.39 9573.23 9593.17 9598.66 9585.96 9625.37 9613.04 9545.07 9439.18 9277.85 9221.62 9190.04 9121 9039.72
