real_craters/C210-500m.grd
DSAA
643 643
-160.545 160.545
-160.545 160.545
8161.7806615959 11377.334493339
[rows 60 to 89 of 643, columns 402 to 468 of 643]
10170.3 10163.5 10155.8 10147.9 10139.9 10132.7 10128.6 10136.8 10141 10144.5 10145.8 10151.1 10156 10159.2 10170.3 10182.1 10188.7 10196.8 10203.3 10207.6 10210 10207.8 10198.3 10198.6 10214 10220.4 10229.9 10242.3 10254.5 10256 10249.2 10236.5 10231.8 10229.2 10232 10238.3 10252.6 10270.7 10277.7 10269.2 10264 10264.9 10266.1 10263.4 10267 10266.7 10263 10259.6 10256.2 10251.5 10251.8 10260.7 10268 10272.6 10276.9 10286.3 10296.5 10305.3 10308 10307.8 10308.6 10306.6 10307.7 10308.5 10307.9 10308.5 10309.8
10165.7 10159.1 10151.8 10144.5 10137.8 10132.8 10129.7 10130.4 10137.4 10143.9 10146.9 10147.5 10149.2 10152.9 10160.8 10168.1 10181.3 10193.3 10197.8 10200.2 10202.3 10201.8 10193.1 10191.9 10199.9 10211 10219.9 10237.4 10250.3 10248.3 10236 10221.6 10215.3 10216.6 10225.1 10236.6 10244.7 10252 10257.9 10259.3 10261.4 10261.7 10263.4 10267.2 10267 10265.4 10263.1 10261.6 10260.3 10259.9 10260.1 10261.5 10265.6 10271.5 10279 10288.2 10298 10305.4 10307.9 10307.7 10307.9 10307.5 10306.3 10305.4 10305.3 10306 10307.2
10160.5 10154.5 10148.1 10141.6 10136.1 10133 10133.7 10135.1 10139.5 10141.8 10144.4 10142.4 10142.3 10148.7 10155 10162.6 10172.8 10183 10187.4 10190.2 10192.1 10191.8 10190.9 10196.9 10196.9 10204.1 10213.1 10225.7 10235.2 10232.9 10219.6 10205.6 10200.1 10199.3 10219.6 10239.4 10243.3 10247.6 10244.7 10248.2 10252.7 10256.8 10260.6 10264.2 10264.9 10263.9 10263.6 10262.6 10263.1 10266.6 10264.4 10258.2 10260 10268.1 10279.2 10295.7 10303.7 10308.5 10310.4 10309.9 10308.5 10306.9 10305.4 10302.7 10301.6 10300.9 10300.7
10155 10150.1 10144.5 10139.1 10134 10129.2 10127.5 10130.9 10137.8 10140.5 10140.2 10138.4 10136.8 10145.6 10150.3 10157.1 10163.3 10168.4 10174.4 10179.1 10180.9 10181.4 10182.8 10188.8 10190.4 10197.9 10206.6 10216 10220.3 10212.7 10199.7 10191.3 10190.1 10198.5 10219.8 10247.7 10239.9 10239.4 10243.3 10245.6 10249.9 10255.5 10259.4 10258.6 10258.3 10263.1 10264 10263.4 10262.3 10260.2 10255.2 10250.9 10255.3 10263 10273.1 10282.5 10296.9 10307.5 10307.7 10306.3 10304.9 10304.9 10303.2 10300.8 10298.1 10294.4 10291
10151.2 10146.3 10141.4 10136.7 10132.4 10128.1 10125.8 10127.3 10134 10139 10138.6 10137.2 10138.8 10140.5 10144.9 10148.4 10154.2 10161.4 10167.4 10170.5 10170.4 10167.3 10166.8 10173.4 10181.8 10191.8 10200.4 10206.7 10210.5 10201.3 10194.1 10192.4 10185 10184.3 10214.5 10236.1 10229.3 10234.2 10242.5 10242.4 10249.2 10255.3 10261.3 10269.8 10269.5 10266.3 10264.9 10263.7 10261.3 10257.4 10256.3 10248.7 10250.9 10258.2 10266.7 10276.2 10291.6 10303.9 10305.5 10305.2 10304.1 10302.6 10301.1 10298.2 10294.3 10288.8 10280.8
10146.6 10142.2 10137.7 10133.7 10131 10130.6 10128.1 10126.1 10130 10136.1 10134.2 10130.9 10133.7 10140.6 10140.8 10141.5 10146.3 10155.7 10163.7 10164.9 10164.3 10162.5 10158.8 10159 10176.8 10187.7 10197.7 10202.9 10201.6 10197.1 10197.2 10193.2 10186.2 10188.1 10208.1 10226.9 10219.8 10224.8 10235.2 10240.5 10245.5 10250.6 10260.3 10269.2 10269.7 10267.7 10264.7 10262.2 10261.7 10262.8 10265.1 10259 10253.1 10256.5 10262.3 10272.2 10292.5 10300.3 10302.6 10304.1 10304.4 10303.6 10301.7 10298.4 10293.5 10287.1 10280.7
10141.5 10137.5 10133.4 10129.8 10127.1 10126.3 10125 10123.6 10125.7 10132.8 10130.6 10124.7 10127.5 10137.3 10136.8 10134.7 10138.5 10149.4 10157.7 10159.7 10159.9 10160.1 10163.7 10167.2 10175 10183.5 10195.2 10207.5 10196.4 10193.9 10194.7 10193 10189.6 10189.8 10195.9 10202.4 10211.1 10215.4 10221.9 10239.6 10245.4 10249.1 10257.2 10263.5 10267.5 10264.9 10260.3 10258.3 10259 10264.2 10267 10260.5 10257.7 10258.1 10259.8 10266.2 10283.1 10290.4 10297.4 10300.9 10302.3 10302.2 10300.7 10297.9 10293.8 10288.3 10280.2
10135.7 10132.9 10128.9 10125.1 10121.3 10117 10118.7 10121.2 10123.5 10123.4 10124.8 10122.8 10126 10133.6 10132.2 10131.2 10134.9 10144.8 10152.2 10155.1 10154.1 10154 10154.6 10162.2 10164.7 10174.9 10186.5 10192.4 10194.6 10193.8 10195.3 10193.9 10195 10196 10195.3 10198.1 10207.8 10210.2 10216.8 10234.8 10244.7 10251 10253.2 10254 10256.2 10255.5 10251.7 10250.1 10250.5 10252.6 10257 10260.8 10263.5 10261.3 10260.1 10263.1 10283.8 10289 10294.2 10298 10299.9 10300.6 10301.4 10298.8 10296.2 10292.3 10286.1
10132.3 10128 10123.9 10120.7 10117.9 10115.7 10117.1 10119.9 10122.1 10122 10122.5 10119 10120.2 10124.2 10126.9 10128.5 10131.4 10142.2 10152.9 10149.8 10145.4 10143.4 10142.4 10152.6 10151.4 10164.7 10178.6 10189.7 10190.1 10186.9 10188.2 10191.9 10197.8 10200.8 10201.7 10201.7 10202.9 10204.7 10212.9 10226.7 10237.9 10244.4 10242.4 10240.2 10241 10238.9 10239 10239.7 10240.6 10241.4 10247.7 10267.4 10268.9 10263.4 10262.2 10264.9 10278.7 10286.9 10293.7 10297.7 10298.8 10299.9 10300.3 10300 10300.3 10298.6 10295.3
10122.8 10120.3 10117.9 10116.3 10116 10117 10117.3 10119.2 10121 10122.1 10119.3 10115.8 10116.3 10119.8 10122.4 10126.5 10132.4 10136.5 10139.1 10137 10134.5 10132 10134.1 10138.9 10144 10157.1 10173 10186.1 10189 10185.4 10185.3 10189.5 10195 10198.8 10201 10199.2 10195.6 10198 10199.1 10209.4 10224.7 10224.9 10223.6 10223.3 10219.9 10220.5 10227.3 10231.4 10234.5 10236 10242.3 10250.3 10258.1 10262.3 10265.2 10269.2 10274.4 10290.5 10294.2 10296.4 10298.5 10299.7 10300.6 10301.3 10302.3 10303.5 10302.7
10112.9 10111.4 10110.9 10111.4 10112.6 10114.1 10115.6 10117.6 10120.9 10120 10116.1 10114.1 10113.2 10113.5 10116.9 10122.3 10130.1 10125.8 10121.3 10120.5 10124 10126.4 10133 10136.4 10142.2 10154.2 10168.1 10180.3 10186.2 10185.8 10184.9 10188.2 10194.2 10195 10194.1 10195.1 10196 10195.9 10199.1 10209.9 10217.3 10211.9 10209.4 10210.9 10212.1 10215.1 10219.9 10224.8 10231.5 10237.9 10240 10242.4 10251.9 10262.6 10267.6 10270.4 10273.7 10284.7 10292.1 10295 10297.3 10298.9 10300.4 10301.5 10302.5 10302.9 10300.2
10102.7 10101.7 10103.8 10106.5 10108.8 10111 10112.7 10114.3 10114.7 10115.9 10113.4 10113.1 10111.1 10109.5 10111.4 10114.9 10113.2 10114.9 10107.8 10106.9 10118.5 10126.4 10125 10128.7 10140.1 10151.8 10163.4 10173.3 10178.9 10180.8 10181.4 10185.6 10193 10189.3 10183.2 10187.8 10192.1 10194 10197.8 10206.1 10211.6 10204.7 10200.9 10202.9 10206 10211.7 10214.2 10217.1 10219.8 10224 10227.9 10234.1 10255.5 10266.1 10275.8 10277.1 10272.3 10278.2 10288.5 10293.5 10296.1 10297.8 10299.2 10300.6 10301.1 10299.8 10293.8
10094.3 10094 10098.3 10103.6 10106.6 10108.5 10110.6 10111.6 10112.7 10113.2 10113.1 10115 10108.8 10105.7 10105 10109.7 10120.1 10121.4 10115.2 10115.9 10118.1 10125 10121.2 10123.9 10138.6 10149.9 10158.3 10165.7 10169.5 10167.6 10171.2 10179.9 10185.3 10179.7 10175.6 10181.2 10187 10190.3 10194 10199.7 10202.1 10197.5 10195.5 10197.7 10201.3 10207.5 10209.8 10211 10211.6 10215 10219 10222 10245.2 10267.9 10285.8 10290.6 10279.5 10280.3 10289.2 10292.7 10295.3 10296.8 10298 10298.6 10298.6 10297.6 10294.7
10087 10083.7 10096.3 10103.9 10109.4 10111.3 10110.7 10109.2 10109.7 10112 10114.4 10113.3 10105.1 10092.6 10089.9 10102.8 10115.9 10120.4 10116.5 10115.5 10113 10114.1 10121 10128 10138 10146.2 10152.5 10159.5 10164.2 10164.1 10165.8 10170.5 10168.2 10165.5 10162.5 10170.1 10178.4 10185.1 10191.3 10195.5 10191.7 10190.3 10190.9 10194.5 10198.9 10202.3 10206.3 10208.4 10211.2 10216 10222.5 10225.3 10246.6 10269.1 10288.5 10294.2 10289.4 10289.6 10290.3 10292.1 10293.6 10294.6 10295.7 10295.9 10295.9 10294.5 10292.1
10086.4 10093.4 10099.2 10106.5 10112.9 10114.1 10111.6 10109.6 10111.3 10116.1 10117.6 10113.3 10103.3 10095.6 10095.6 10093.8 10098.7 10102.7 10107.4 10107.3 10105.6 10100.8 10116.1 10128.9 10131.4 10135.7 10145.5 10153.4 10158.2 10159.7 10158.1 10154.3 10156.8 10153.1 10153 10156.6 10169.5 10179.8 10187.8 10192.7 10187.3 10186 10186.4 10193.2 10198.5 10203.7 10203.7 10207.4 10211.9 10217.9 10227.6 10233.5 10251.6 10268.6 10281.8 10288.2 10288.2 10287.1 10290.7 10291.2 10291.8 10292.7 10292.8 10292.4 10291.3 10290.5 10287.5
10080.9 10090.6 10099.9 10108.8 10115.2 10115.8 10112.4 10108.9 10112.3 10117.6 10112.7 10109.3 10097.9 10085.6 10076 10081 10084.9 10089.6 10101.7 10110.7 10104.9 10097.9 10113.7 10124.4 10128.3 10131.4 10140.1 10147.4 10154.1 10155.4 10152.4 10149.4 10146.2 10141.6 10143.1 10158.6 10166.5 10175.8 10184.5 10189.1 10184.8 10185.3 10191.1 10193.2 10197.5 10201 10201.8 10207.9 10214.5 10216.6 10222.1 10232.3 10251.7 10265.4 10272.1 10278.6 10283.7 10287.7 10288.4 10290.3 10291.4 10290.4 10289.5 10288 10286.1 10284.1 10282.1
10072.9 10085.6 10098 10110.1 10119.2 10118.1 10112.7 10108.1 10111.7 10116.3 10112.9 10100.9 10086.8 10078.1 10071.5 10075.6 10078.2 10082.7 10095.5 10113.6 10103.5 10091.7 10111.6 10122.1 10126.3 10134.1 10135 10140 10144.4 10146.9 10144.7 10140.7 10137.4 10134.9 10137.7 10150.7 10159.8 10170.5 10181 10188.8 10190.1 10184.3 10184.4 10189.3 10195.1 10199.2 10203.1 10209.7 10213.8 10213.6 10213.3 10229 10251.6 10260.6 10262.4 10270.1 10278.5 10284.9 10288 10290.4 10290.8 10290.1 10288.7 10286.6 10283.1 10278.4 10276.8
10075.1 10078.5 10093.7 10108.7 10119.7 10117.8 10112 10107.8 10109.9 10112.3 10103.6 10081 10073.3 10076.8 10082.4 10079.4 10073.4 10067.1 10080.2 10093.4 10089.4 10086.2 10102.6 10110.5 10114.4 10117.9 10123.5 10132.1 10138.3 10141.2 10135.2 10131 10132 10129.8 10129 10131.4 10149.4 10164 10177.1 10187.4 10185.4 10178.7 10181.9 10187.7 10194.2 10200.6 10206.3 10212.5 10215.2 10212.2 10211.5 10232.6 10255.8 10255.8 10257 10265.1 10274.1 10282.2 10288.8 10290.9 10291.3 10291 10289.5 10286.5 10282.5 10278.4 10278.9
10034.1 10063.2 10086.2 10101.8 10115.6 10113.6 10109.2 10105.9 10106.2 10104.8 10092.6 10073.2 10071.6 10076.9 10084.6 10080.8 10071.4 10066.6 10069.7 10072.4 10074.5 10081.3 10093.9 10098.4 10100.4 10098.2 10112.1 10126.8 10137.5 10140.3 10129.3 10128.5 10133 10128.2 10127.2 10132.6 10143.1 10157.3 10171.2 10182.6 10185.3 10178.5 10182.3 10188.2 10191.5 10200.1 10207.8 10211.8 10215.7 10210.6 10211.4 10227.8 10245.3 10251.1 10257 10262.1 10270.2 10279.9 10286 10289.7 10292.5 10293.3 10292 10289.3 10285.3 10281.1 10282.5
10045.5 10055.2 10071.2 10089.1 10103.2 10105.6 10105.1 10103.5 10103 10097.9 10085.3 10077.2 10072.8 10075 10078.6 10075.5 10068.5 10064.4 10063.9 10066.1 10071.4 10081.3 10088.6 10091.5 10093.6 10099 10109 10123.7 10138.9 10145.8 10130.2 10125.4 10122.1 10113.8 10115.8 10126.1 10136.3 10150.5 10164.4 10176.2 10183.2 10177.9 10176.5 10175 10183.7 10189.4 10193 10202.5 10206.8 10203.4 10205.6 10217.7 10232.7 10245.9 10249.5 10255.5 10264 10273.9 10281.6 10289.5 10295.5 10296.9 10295.8 10293.3 10290.3 10287.1 10287.9
10047.7 10055.2 10067 10076.9 10086.7 10098.1 10103.9 10104.8 10102.6 10096.2 10084.7 10086.1 10076.1 10073 10069.6 10065.5 10063.2 10060.1 10059.8 10063.3 10068.8 10078.3 10087.8 10090.7 10092.8 10096.1 10103.2 10117.3 10134.9 10145.6 10127.8 10115.3 10109.3 10102 10104.4 10113.4 10129.1 10143.7 10157.2 10169 10177 10178.5 10173.8 10173.3 10177.1 10182.1 10186.6 10190.9 10193.5 10195.1 10199.2 10209.5 10222.9 10234.5 10238.1 10245.7 10256.1 10267.3 10281.3 10297.4 10300.7 10300.5 10299.5 10298.3 10296.8 10294 10296.9
10048.5 10053.5 10062.6 10064.1 10075.5 10092.1 10106.8 10107.7 10103.5 10100.2 10098.7 10087.3 10079.4 10071.7 10066.4 10063 10060 10057.3 10056.7 10058.8 10065.7 10078.6 10091.7 10097.2 10099 10096.3 10096 10104.5 10114.7 10120.8 10109.9 10100.8 10102 10101.5 10105.5 10114 10124.8 10136.9 10148.9 10159.7 10168.9 10170.6 10167.6 10168.8 10169.3 10173.1 10178.2 10179.2 10180.1 10183.2 10187.4 10200.7 10213.5 10214.7 10221.5 10234.8 10248.6 10263.5 10282.9 10303.3 10302.9 10301.9 10301.4 10301.3 10302 10301.3 10294.1
10051 10048 10038.9 10049.5 10067 10085.2 10098.4 10102 10100.3 10098.6 10095.6 10084.3 10074.2 10067.5 10064.2 10062.4 10057.2 10053.4 10051.2 10051.7 10051.3 10083.1 10095.4 10102.9 10110.7 10098.4 10093.3 10089.2 10086.4 10086.5 10089.9 10091.4 10101.6 10100.9 10103.9 10111.5 10120.9 10130.6 10140.5 10148.5 10152.3 10156.6 10154.2 10153.2 10158.8 10164.7 10167.9 10171.1 10172.5 10172.5 10175.5 10188.7 10199.1 10209.6 10212 10226.8 10242.4 10258.5 10276 10291.5 10297.7 10298.5 10299.1 10299.8 10300.8 10299.2 10287.2
10045.5 10035.8 10019.4 10039.3 10064.4 10079.5 10089.2 10093.2 10092.3 10090.1 10084.6 10076.8 10067.7 10061.2 10059.9 10058.1 10053.7 10048.5 10045.3 10048.9 10056.1 10075.3 10087.5 10095.3 10096.3 10091.4 10080.7 10075.9 10070.3 10071.3 10075.1 10079.8 10095.2 10096.9 10105.2 10109.7 10116.1 10124.5 10132.9 10139.3 10140.4 10131.5 10140.8 10147.6 10154.5 10160.1 10164.1 10168.3 10169.6 10169 10173.7 10182.8 10190.7 10195.5 10207.8 10222.7 10237.2 10251.9 10266.9 10283.1 10289.9 10291.8 10293.3 10294.5 10294.2 10289.3 10278.1
10040.8 10032.1 10022.8 10039.1 10059.3 10074.2 10084.9 10083.8 10080.7 10077.7 10072.5 10065.9 10058 10055.3 10056 10055.9 10050.9 10044.9 10041.2 10051.5 10063.2 10060.6 10075.1 10087.5 10093.6 10088.9 10078 10073 10063.8 10061.4 10066.4 10079.7 10090.9 10094.2 10097 10102.6 10110.3 10119 10127.5 10134.3 10138.5 10136.7 10144 10151.5 10156.5 10158.9 10160 10161.2 10166.5 10167.7 10172.8 10183.3 10191.8 10199.1 10210.9 10221.1 10232.9 10244.7 10256.6 10272.5 10279.3 10282.5 10285.8 10287.9 10286.7 10281.7 10273.9
10044.4 10043.8 10037.6 10043.1 10052.7 10064.4 10072.6 10071.2 10066.9 10059.9 10056.8 10056.4 10055.5 10055.9 10053 10051.1 10048.6 10045.6 10045.1 10059.6 10071.4 10053.8 10069.2 10083.2 10094.1 10094.7 10089.4 10078.7 10071.2 10072.1 10073.2 10075.7 10088.3 10093.1 10087.1 10094.1 10104.3 10114.3 10123.1 10131.6 10139.6 10144.5 10149.4 10150.5 10153.8 10158 10162.8 10165.3 10168.2 10172.4 10179.5 10188.9 10198.9 10206.7 10211.8 10221.6 10232.1 10240.9 10245.3 10253.7 10262.9 10271.8 10278.4 10282.6 10282.7 10276.8 10268.9
10044.7 10045 10038.1 10037.6 10044.8 10052.6 10057.1 10057 10054.3 10049.8 10048.5 10050.6 10051.8 10050.4 10048.2 10047.4 10047.2 10049.3 10055.2 10064.5 10070.1 10066.2 10068.9 10079.7 10093.6 10093.5 10084 10080.7 10077.4 10081.5 10081.8 10074.7 10084.7 10090.3 10081.1 10090.5 10101.2 10111 10119.7 10127.9 10134.4 10135.9 10138.9 10146.9 10151.6 10156.5 10161 10166.5 10169.3 10177.7 10185.5 10193.5 10203.2 10214.4 10212.6 10224.3 10235.4 10244 10250 10249 10250.6 10264.3 10273.2 10278.4 10281.3 10272.4 10263
10042.3 10040.3 10039.5 10032.1 10040.6 10041.8 10043.2 10044.6 10044.9 10045 10044.7 10046.5 10045 10045.3 10042.7 10039.8 10041.2 10051.3 10064 10073.2 10071.5 10061.7 10066.6 10072.1 10076.6 10077.9 10081 10084.7 10087.5 10083.9 10083.3 10077.9 10082.7 10090.6 10086.4 10093.2 10101 10108.1 10115.4 10122.5 10128.9 10133.1 10139.4 10146.3 10153.7 10153.5 10151.5 10151.1 10167.8 10181.7 10189.4 10195.6 10202 10206.8 10219.5 10232.8 10241.5 10249.4 10259 10261.9 10258.1 10264.7 10271.6 10275.7 10272.7 10265.7 10262
10044 10045.2 10053.9 10059.2 10049.4 10035.3 10032.3 10034.9 10037.1 10038.6 10040.2 10041.3 10042.3 10041.1 10038.8 10035.3 10037.5 10052.6 10070.4 10080.6 10073.5 10071.4 10069.6 10066.8 10059.9 10057.3 10071.5 10080.9 10083.7 10079.8 10076.8 10080 10088.4 10102 10100.5 10099.8 10102.2 10107.1 10112 10117.5 10123.1 10129.3 10132.9 10142.6 10151.7 10149 10145.5 10155.2 10169.5 10185.1 10190.6 10196.1 10203.5 10215.6 10241.8 10245.2 10247.5 10251.5 10257.3 10263.6 10263.8 10266.4 10271.4 10276.2 10277.9 10266 10264.5
10047.9 10049.5 10063.3 10083.7 10058.3 10034.6 10027.8 10028.4 10030.2 10035.4 10035 10037.2 10038.1 10038.8 10038.2 10037.6 10039.5 10054.2 10065.6 10070.6 10081.4 10083 10075.4 10068.5 10059.9 10056.1 10068.7 10073.6 10074.5 10072.7 10067.5 10075.9 10083.2 10092.8 10101.9 10102.2 10103.2 10105.3 10108.2 10111.9 10116.4 10120.4 10127 10135.8 10140.5 10139.6 10140.7 10153.5 10166.2 10178.4 10186 10193.8 10203.7 10220.1 10242.6 10247.9 10247.7 10247.9 10247.7 10242.7 10260 10264.1 10268.5 10273.9 10275.7 10260.7 10262.5
