real_craters/C210-1000m.grd
DSAA
184 184
-91.74 91.74
-91.74 91.74
7655.0287677181 10461.394867847
[rows 120 to 149 of 184, columns 67 to 133 of 184]
9158.63 9136 9230.03 9243.27 9237.86 9229.15 8988.68 8833.41 8832.17 8767.91 8569.46 8458.1 8454.93 8427.76 8412.36 8421.44 8393.72 8372.83 8357.71 8361.7 8378.29 8390.71 8370.73 8354.26 8361.4 8355.46 8392.76 8462.16 8512.98 8531.43 8510.08 8358.27 8305.81 8377.09 8443.5 8479.58 8487.15 8449.81 8453.03 8511.31 8666.22 8853.12 8864.75 8853.72 8900.27 9033.56 9205.16 9441.75 9689.85 9939.38 10068.6 10069.2 9994.18 9891.38 9809.29 9663.11 9511.78 9549.22 9600.49 9622.17 9668.35 9649.84 9553.29 9508.92 9497.82 9542.13 9568.42
9367.29 9237.68 9279.93 9333.44 9372.83 9412.02 9222.05 8991.42 9003.34 8870.39 8665.24 8565.58 8526.37 8526.5 8528.94 8524.44 8524.31 8507.9 8499.65 8486.46 8474.24 8453.85 8478.15 8478.1 8449.65 8434.72 8467.6 8512.05 8556.66 8625.24 8600.11 8497.44 8526.55 8591.77 8639.35 8674.9 8631.53 8597.84 8588.63 8668.7 8788.88 8920.22 8982.21 9012.38 9109.47 9226.7 9449.22 9708.3 9895.47 10103.4 10060.7 9903.45 9739.73 9717.41 9660.51 9541.8 9461.77 9449.46 9529.6 9582.47 9556.11 9498.63 9458.86 9472.92 9516.86 9608.27 9611.24
9449.29 9280.24 9259.82 9338.73 9396.58 9405.89 9288.7 8987.71 8875.93 8852.16 8750.45 8664.23 8611.11 8618.31 8636.41 8684.65 8644.75 8629.41 8613.7 8606.16 8592.06 8558.59 8551.12 8570.93 8574.83 8538.4 8559.87 8609.06 8624.15 8630.65 8653.34 8704.21 8801.63 8798.22 8821.34 8862.25 8806.56 8830.7 8857.13 8909.86 8990.28 9047.93 9093.76 9163.62 9274.62 9393.08 9655.47 9785.6 9912.17 10127.3 9910.79 9747.42 9658.75 9630.48 9531.37 9399.97 9343.24 9459.23 9526.46 9536.57 9524.23 9402.26 9384.2 9449.64 9530.98 9641.48 9625.17
9537.8 9346.24 9291.87 9337.24 9409.05 9395.8 9192.52 9063.74 8937.7 8899.3 8796.02 8764.84 8744.86 8738.1 8734.08 8710.96 8737.11 8739.61 8736.86 8735.76 8737.34 8735.88 8705.06 8700.89 8689.24 8664.58 8688.67 8720.91 8720.89 8687.52 8757.21 8876.47 8959.81 8958.78 8961.33 8948.13 8971.35 9072.59 9150.9 9227.27 9221.05 9188.1 9190.72 9237.57 9386.24 9538.34 9881.03 9899.27 9913.72 9917.06 9731.11 9673.88 9685.8 9526.84 9487.45 9449.2 9395.35 9449.37 9514.07 9505.98 9444.23 9364.91 9386.25 9451.9 9523.29 9608.79 9523.35
9579.39 9542.22 9408.83 9401.31 9464.7 9471.65 9240.91 9110.56 8981.99 8945.41 8894.27 8859.44 8860.56 8863.03 8869.43 8858.31 8849.86 8843.57 8847.44 8855.24 8876.73 8923.1 8941.27 8869.32 8818.3 8839.73 8838.07 8800.53 8769.63 8732.85 8822.96 8973.35 9006.58 9080.56 9126.81 9139.83 9208.92 9300.78 9365.08 9385.28 9368.22 9283.97 9266.02 9312.76 9543.27 9739.56 9984.73 9920.04 9774.21 9685.46 9584.06 9599.25 9581.12 9587.83 9535.35 9509.61 9495.81 9486.29 9511.88 9476.03 9423.84 9421.79 9454.69 9496.3 9528 9550.03 9466.71
9662.04 9816 9668.31 9519.66 9550.67 9554.17 9369.14 9198.77 9029.61 8947.59 8906.84 8927.6 8950.15 8959.5 8990.41 9006.05 8956.8 8933.25 8925.68 8937.75 8966.95 9003.92 9004.53 8973.81 8944.47 8929.1 8898.6 8845.14 8806.35 8795.21 8857.4 8950.97 9081.22 9204.11 9340.94 9444.44 9452.89 9476.85 9443.8 9442.54 9329.97 9334.91 9360.31 9403.39 9659.52 9756.59 9800.3 9710.49 9584.02 9474.1 9395.55 9397.12 9464.96 9542.54 9533.42 9552.79 9554.89 9525.75 9459.8 9455.87 9475.35 9530.6 9545.29 9545.51 9535.25 9492.14 9417.33
9673.76 9828.15 9837.36 9593.56 9601.88 9645.5 9516.01 9422.61 9204.06 9023.14 8974.63 8988.72 9009.73 9019.72 9039.3 9045.1 9029.09 9013.84 8999.94 9006.21 9018.38 9032.57 9033.15 9022.92 8997.83 8978.93 8944.68 8901.96 8885.75 8927.94 8993.24 9089.19 9243.17 9390.77 9523.23 9608.92 9518.35 9447.57 9404.12 9378.13 9367.57 9409.64 9502.07 9615.16 9724.24 9715.28 9716.02 9571.09 9476.43 9401.76 9349.64 9327.48 9368.02 9431.6 9467.24 9486.46 9455.91 9445.56 9402.77 9457.95 9525.33 9607.38 9597.54 9575.04 9533.32 9475.51 9428.71
9644.28 9732.14 9789.77 9635.36 9619.77 9594.17 9585.28 9518.95 9409.31 9198.22 9076.48 9047.88 9053.18 9060.06 9083.73 9090.95 9090.08 9065.15 9062.46 9058.02 9056.71 9060.5 9052.55 9042.06 9037.3 9016.32 8987.65 8972.69 9014 9104.09 9190.65 9302.56 9498.23 9638.67 9643.32 9607.84 9508.7 9418.84 9411.01 9382.33 9355.94 9508.71 9675.51 9797.88 9844.61 9804.98 9628.06 9466.14 9422.35 9385.47 9353.78 9351.49 9409.19 9458.37 9469.81 9445.23 9431.75 9425.77 9451.44 9550.3 9593.88 9613.35 9601.49 9567.37 9509.54 9442.09 9388.39
9599.63 9594.71 9704.71 9656.85 9678.19 9608.82 9595.08 9609.11 9530.6 9323.14 9184.32 9137.67 9126.45 9114.38 9116.43 9143.42 9173.9 9180.87 9155.24 9136.59 9100.6 9085.15 9072.9 9069.32 9061.24 9048.97 9041.69 9055.85 9130.72 9263.96 9393.13 9487.52 9749.5 9779.36 9678.76 9626.14 9547.13 9487.89 9460.68 9428.62 9454.38 9658.04 9866.62 9990.06 9877.84 9743.08 9599.21 9469.17 9445.16 9434.58 9422.84 9408.22 9442.25 9516.05 9501.84 9498.26 9494.74 9510.14 9557.5 9576.27 9609.38 9618.34 9568.01 9531.97 9455.27 9391.77 9351.43
9592.27 9637.45 9706.7 9670.54 9696.82 9721.72 9625.77 9609.91 9662.73 9443.38 9310.32 9232.28 9239.09 9221.78 9148.98 9230.75 9298.32 9301.35 9296.57 9255.83 9182.42 9099.29 9076.55 9067.09 9061.25 9110.85 9112.08 9178.98 9296.36 9438.56 9551.09 9628.6 9670.19 9690.33 9672.86 9670.4 9653.37 9660.85 9577.39 9529.22 9623.19 9813.75 10010.4 10047.8 9825.03 9749.62 9616.08 9509.2 9496.65 9515.06 9535.47 9522.61 9530.97 9548.71 9543.08 9550.02 9560.26 9554.59 9561.15 9567.59 9630.69 9633.74 9499.21 9362.91 9364.41 9361.17 9351.23
9592.36 9569.52 9652.07 9632.92 9752.3 9721.97 9729.9 9703.49 9757.34 9549.31 9437.83 9388.62 9446.5 9479.45 9454.93 9469.12 9480.64 9471.1 9437.99 9405.43 9332.88 9190.28 9127.55 9125.08 9174.19 9307.29 9364.25 9416.64 9533.97 9641.62 9700.67 9711.07 9713.53 9719.39 9810.93 9847.98 9853.02 9831 9861.01 9822.96 9861.36 9928.29 10039.4 10048 9810.67 9776.15 9646.94 9592.84 9619.26 9640.46 9611.65 9595.44 9604.75 9595.17 9594.85 9645.84 9581.42 9554.12 9544.05 9603.85 9585.3 9539.83 9446.7 9358.8 9348.09 9364.84 9369.05
9617.04 9586.61 9607.89 9668.51 9720.25 9743.01 9766.9 9736.59 9831.32 9789.77 9670.74 9621.92 9700.79 9793.85 9883.63 9735.95 9635.69 9595.5 9580.81 9576.44 9567.34 9517.27 9438.87 9447.23 9482.39 9635.9 9814.88 9833.66 9848.95 9874.87 9879.27 9874.33 9877.16 9955.93 10045.6 10019.7 10053.7 10128.9 10069.3 10070.1 10027.2 9964.38 9906.13 9860.75 9807.79 9749.14 9698.24 9722.56 9721.47 9714.52 9665.26 9643.24 9663.93 9674.66 9662.26 9612.2 9591.29 9634.68 9556.41 9462.74 9444.58 9418.69 9419.92 9398.19 9367.46 9365.25 9348.12
9688.04 9718.28 9694.73 9700.04 9687.6 9664.75 9632.96 9634.67 9676.37 9805.39 9848.86 9924.23 9849 9906.51 9967.52 9850.23 9765.98 9714.98 9705.22 9731.14 9812.46 9960.87 9894.01 9889.76 9855.41 9875.49 10001.4 10117.5 10099.1 10100.3 10120.9 10128.5 10132.6 10103.3 9997.1 9993.82 9973.58 10040.7 10063 10036.1 10028.9 9948.63 9882.34 9870.23 9891.12 9803.52 9757.93 9837.97 9843.36 9731.2 9719.88 9720.69 9692.3 9709.56 9680.3 9648.62 9684.77 9521.11 9513.69 9480.02 9436.42 9416.98 9413.51 9399.05 9368.57 9334.77 9315.64
9648.27 9651.61 9623.97 9655.09 9686.69 9710.99 9696.69 9645.62 9647.55 9702.47 9738.17 9732.34 9811.61 9858.16 9868.75 9864.12 9834.79 9802.55 9787.43 9798.3 9861.79 9923.57 9938.38 9963.72 9967.82 9947.49 9972.61 10136 10189 10249.9 10315.9 10302 10244.2 10114.5 9971.96 9974.81 10005.3 9974.83 9935.37 9951.33 9958.99 9921.22 9881.07 9883.27 9911.77 9870.88 9875.83 9886.72 9873.49 9800.7 9740.87 9698.46 9647.13 9634.43 9640.31 9583.41 9502.32 9484.4 9470.4 9406.59 9400.22 9404 9400.98 9388.37 9350.77 9313.21 9274.76
9597.86 9585.02 9597.67 9621.76 9675.36 9737 9768.31 9781.63 9719.95 9668.5 9669.98 9670.62 9757.13 9857.27 9896.07 9885.9 9864.87 9844.06 9827.16 9825.97 9815.68 9793.44 9810.24 9884.27 9941.22 9978.81 10019.4 10083.8 10163.7 10233.7 10308.8 10204.2 10231.5 10131.1 10032.1 9984.66 9994.35 10011.6 9898.77 9880.51 9890.63 9883.85 9895.65 9896.53 9892.45 9873.65 9884.08 9825.29 9744.69 9665.63 9571.62 9548.93 9567.54 9518.5 9494.63 9449.22 9425.26 9418.27 9386.63 9395.94 9360.51 9363.79 9352 9336.76 9320.89 9311 9286.63
9588.07 9576.82 9603.01 9591.59 9635.19 9696.99 9712.59 9789.76 9818.98 9743.01 9652.38 9683.39 9731.72 9813.91 9855.18 9856.66 9853.66 9844.11 9829.24 9818.62 9800.89 9794.26 9820.18 9879.55 9951.15 10015.9 10078.3 10131.4 10097.3 10073.4 10030.1 10033.6 10046.4 10062.5 10041.2 9933.74 9904.13 9864.86 9825.87 9798.93 9816.51 9826.63 9841.36 9900.2 9939.93 9883.64 9823.37 9714.13 9637.1 9579.16 9551.29 9636.13 9593.76 9505.48 9491.8 9450.73 9414.13 9419.74 9407.04 9395.89 9354.53 9331.53 9315.01 9299.83 9285.35 9279.18 9278.06
9602.13 9608.92 9629.7 9578.94 9594.72 9661.1 9681.33 9731.46 9738.21 9732.47 9695.12 9692.16 9718.4 9736.19 9775.45 9795.49 9805.82 9808.03 9802.22 9804.03 9811.01 9837.24 9870.56 9906.38 9975.38 10071.4 10126.6 10069.5 10030.9 10007.9 9978.17 9945.56 9935.68 9927.53 9866.28 9831.98 9779.5 9743.22 9725.32 9751.33 9781.2 9802.42 9793.47 9838.11 9831.05 9858.07 9812.81 9689.28 9644.1 9603.28 9593.25 9624.17 9595.03 9492.59 9487.63 9467.11 9428.32 9392.28 9364.02 9315.86 9311.47 9297.57 9282.2 9270.03 9254.89 9236.47 9244.51
9641.23 9632.41 9616.7 9578.38 9568.24 9669.3 9675.15 9660.75 9712.96 9670.33 9695.27 9745.96 9748.02 9698.54 9728.55 9758.99 9775.37 9785.88 9796.37 9809.45 9822.68 9867.44 9921.68 9951.12 9970.59 10016.3 10068.7 9970.58 9973.6 9984.08 9981.72 9997.46 9881.05 9826.13 9842.94 9791.55 9727.14 9709.06 9707 9712.78 9763.95 9818.18 9867.82 9788.04 9722.99 9774.13 9776.81 9674.74 9690.82 9654.21 9632.68 9666.46 9544.32 9480.94 9471.96 9434.83 9378.73 9363.79 9320.04 9295.15 9268.38 9279.55 9271.61 9261.54 9245.3 9224.41 9233.43
9625.82 9623.87 9620.06 9616.93 9587.64 9639.37 9713.13 9686.42 9659.12 9661.59 9689.31 9709.41 9711.84 9723.65 9717.3 9734.21 9754.41 9774.57 9795.71 9814.71 9822.45 9855.63 9883.84 9906.69 9942.77 9951.43 9974.4 9949.11 9932.62 9935.53 9920.08 9873.58 9818.22 9780.83 9788.34 9762.68 9765.71 9695.43 9703.07 9742.08 9744.79 9742.24 9754.89 9767.14 9699.83 9667.12 9661.53 9701.43 9762.34 9691.73 9646.49 9539.14 9442.71 9401.37 9379.3 9351.77 9340.69 9343.38 9331.43 9277.82 9289.51 9289.49 9287.64 9271.7 9256.56 9247.99 9230.75
9565.72 9603.82 9623.66 9595.96 9615.91 9610.18 9687.47 9663.84 9633.72 9652.04 9647.33 9693.28 9714.52 9698.37 9713.93 9735.26 9760.6 9783.78 9802.33 9826.14 9857.24 9861.7 9883.79 9920.97 9929.41 9938.06 9901.8 9887.53 9887.39 9873.62 9847.09 9795.99 9751.74 9735.87 9610.75 9541.53 9565.43 9673.48 9723.98 9782.72 9705.69 9638.11 9617.07 9639.27 9635.96 9566.6 9599.96 9630.65 9675.53 9564.98 9456.19 9425.43 9381.58 9364.82 9353.51 9357.04 9343.58 9324.5 9298.93 9296.82 9294.37 9293.72 9296.43 9275.94 9257.07 9248.53 9246.25
9586.72 9592.9 9604.29 9572.79 9577.62 9633.78 9656.52 9675.88 9674.31 9676.73 9666.68 9714.31 9726.26 9690.75 9721.43 9745.27 9764.03 9784.6 9804.97 9830.14 9862.44 9875.49 9890.26 9886.84 9926.02 9923.34 9863.96 9868.86 9861.33 9837.58 9798.12 9744.97 9713.86 9729.11 9559.44 9541.7 9537.94 9576.93 9651.41 9675.93 9638.09 9589.25 9569.98 9582.07 9552.25 9514.44 9520.07 9554.32 9490.23 9414.65 9438.95 9413.47 9361.63 9336.91 9349.53 9348.69 9334.64 9304.94 9283.95 9287.88 9283.35 9280.26 9287.32 9268.16 9262.22 9259.67 9245.9
9596.34 9597.34 9593.08 9608.98 9618.83 9628.09 9668.12 9703.47 9714.96 9696.5 9699.37 9741.88 9729.66 9736.51 9746.08 9760.39 9777.09 9790.1 9805.5 9817.21 9828.46 9870.09 9900.79 9930.38 9933.54 9958.15 9927.07 9867.01 9850.58 9817.09 9777.59 9733.83 9713.19 9677.55 9550.13 9550.21 9550.78 9594.25 9604.06 9570.44 9563.8 9536.75 9521.87 9502.99 9482.8 9467.54 9482.94 9456.52 9398.93 9354.05 9349.41 9380.21 9346.96 9345.74 9367.48 9325.68 9320.18 9283.68 9256.66 9287.27 9276.62 9257.93 9246.75 9254.2 9257.08 9252.95 9234.56
9606.31 9604.12 9602.93 9571.02 9635.32 9648.76 9665.22 9731.46 9745.21 9741.23 9745.56 9794.76 9810.39 9788.86 9771.04 9769.44 9777.15 9791.57 9804.93 9826.15 9843.41 9867.82 9904.99 9824.67 9690.86 9653.84 9727.43 9838.7 9870.77 9814.72 9772.33 9724.43 9693.63 9690.66 9581.22 9550.57 9589.48 9639.74 9550.18 9520.73 9519.45 9517.73 9490.12 9451.95 9437.05 9425.66 9418.86 9395.78 9341.34 9300.55 9314.93 9327.08 9314.11 9324.24 9317.35 9321.27 9293.82 9268.04 9243.75 9268.86 9269.13 9255.13 9244.75 9244.36 9249.47 9242.35 9223.03
9626.12 9633.36 9629.63 9631.17 9664.93 9715.3 9714.31 9722.55 9754.89 9768.07 9812.44 9820.45 9831.19 9806.59 9787.51 9775.99 9778.61 9784.59 9801.51 9827.53 9852.55 9876.6 9932.11 9790.22 9652.52 9677.33 9701.89 9806.71 9852.61 9829.56 9773 9725.86 9698.75 9679.89 9663.28 9713.85 9630.59 9541.91 9500.89 9493.61 9490.55 9492.39 9472.4 9446.91 9418.6 9391.31 9374.55 9355.79 9319.33 9319.9 9358.51 9328.28 9306.95 9297.72 9301.26 9302.1 9286.33 9269.3 9242.74 9268.67 9266.59 9264.66 9252.94 9238.7 9231.28 9220.01 9219.66
9650.45 9675.39 9702.53 9670.05 9701.33 9720.65 9731.65 9738.88 9760.54 9788.87 9823.94 9815.49 9842.38 9787.64 9775.05 9775.38 9779.24 9784.11 9794.87 9814.41 9846.18 9889.77 9898.94 9848.84 9791.64 9739.12 9815.52 9816.61 9813.43 9791.98 9758.25 9719.79 9686.03 9651.74 9587.94 9569.4 9548.74 9480.76 9466.8 9444 9453.58 9455.91 9445.68 9451.45 9410.28 9373.66 9348.7 9332.59 9314.85 9320.1 9319.45 9306.94 9284.29 9268.88 9260.96 9280.99 9253.39 9262.61 9240.81 9264.75 9260.23 9249.11 9243.06 9235.34 9247.91 9248.89 9222.74
9669 9700.23 9726.62 9710.53 9726.36 9728.31 9745.25 9727.39 9754.89 9812.73 9845.73 9846.89 9793.76 9762.07 9765.86 9768.99 9774.55 9780.62 9785.83 9787.16 9826.18 9863.13 9865.82 9861.02 9858.51 9892.82 9858.46 9821.71 9791.89 9774.65 9739.73 9703.45 9664.86 9613.45 9545.67 9535.98 9496.39 9491.73 9454.56 9425.92 9412.46 9411.82 9432.29 9433.72 9409.06 9379.43 9355.17 9339.07 9322.22 9315.83 9308.9 9293.42 9264.94 9248.78 9232.58 9252.44 9243.52 9233.64 9241.66 9254.48 9259.22 9241.96 9235 9232.86 9224.43 9236.1 9215.57
9677.89 9700.14 9716.86 9696.12 9722.93 9722.67 9725.51 9694.46 9753.45 9807.94 9821.81 9813.56 9788.74 9755.69 9766.11 9770.64 9775.59 9780.94 9786.08 9787.52 9811.45 9830.63 9826.54 9805.35 9770.78 9771.62 9788.2 9790.3 9791.56 9755.69 9719.65 9687.11 9648.92 9573.1 9516.22 9480.72 9462.26 9470.62 9434.32 9415.22 9388.71 9376.41 9403.06 9418.83 9401.14 9385.3 9367.75 9350.12 9326.59 9256.71 9284.06 9277.8 9251.59 9249.23 9243.18 9232.64 9230.57 9220.71 9230.14 9261.53 9262.11 9212.06 9232.07 9241.36 9223.63 9199.41 9203.52
9676.3 9702.54 9706.04 9704.82 9714.59 9716.59 9741.83 9746.67 9765.4 9799 9799.76 9757.27 9786.9 9792.63 9775.59 9773.98 9777.87 9781.97 9794.94 9815.42 9813.49 9803.78 9787.03 9772.55 9777.79 9755.38 9754.95 9749.6 9721.33 9717.51 9698.72 9665.7 9605.25 9498.66 9457.32 9454.16 9458.66 9438.19 9423.19 9414.68 9393.46 9377.45 9373.8 9374.79 9364.32 9373.13 9387.11 9364.26 9334.3 9281.15 9287.85 9254.71 9246.01 9229.48 9249.87 9228.96 9217 9221.69 9236.6 9243.69 9262.78 9274.1 9254.88 9255.1 9234.43 9199.42 9204.23
9660.72 9698.53 9725.09 9695.88 9719.1 9732.01 9755.25 9761.06 9747.15 9743.35 9759 9749.03 9770.11 9761.77 9768.82 9768.95 9770.48 9776.02 9787.5 9814.69 9793.32 9783.31 9763.53 9741.07 9733.1 9735.79 9720.1 9717.55 9724.32 9706.53 9679.87 9645.56 9581.63 9469.13 9445.69 9444.34 9442.28 9432.15 9417.97 9406.98 9396.71 9392.32 9384.61 9355.38 9354.78 9359.07 9366.13 9356.08 9329.75 9294.89 9291.61 9282.57 9256.78 9235.21 9232.49 9228.95 9219.22 9220.93 9231 9234.95 9252.53 9270.85 9264.51 9261.78 9241.72 9217.95 9212.12
9643.25 9680.33 9711.29 9699.82 9721.18 9713.17 9744.82 9750.15 9751.98 9766.18 9790.35 9755.14 9752.18 9758.09 9770.74 9767.02 9761.88 9763.59 9769.2 9778.14 9781.35 9764.75 9739.2 9714.67 9693.14 9687.13 9663.56 9661.71 9682.05 9674.44 9648.91 9624.71 9573.73 9452.71 9451.12 9464.92 9446.61 9429.91 9415.49 9411.02 9399.67 9393.09 9351.8 9347.39 9355.31 9346.27 9325.65 9318.06 9307.58 9281.6 9291.14 9259.9 9236.32 9218.09 9218.87 9221.04 9208.8 9230.09 9234.08 9220.18 9212.99 9244.96 9252.03 9252.89 9245.1 9226.9 9219.08
