real_craters/C210-750m.grd
DSAA
429 429
-160.545 160.545
-160.545 160.545
8154.4390029443 11365.250971027
[rows 272 to 305 of 429, columns 308 to 384 of 429]
1.005e+004 1.006e+004 1.004e+004 1.003e+004 1.003e+004 1.003e+004 1.001e+004 9996 9998 9998 1.001e+004 1e+004 9994 9977 9974 9969 9984 9992 1e+004 1.001e+004 1.001e+004 1.002e+004 1.003e+004 1.004e+004 1.004e+004 1.003e+004 1.002e+004 1e+004 9985 9962 9982 9965 9949 9931 9907 9892 9885 9875 9861 9861 9871 9880 9886 9885 9874 9842 9815 9813 9810 9813 9809 9808 9834 9835 9820 9824 9829 9839 9843 9845 9846 9837 9832 9828 9801 9771 9764 9764 9754 9745 9745 9748 9751 9752 9752 9751 9747
1.002e+004 1.001e+004 1.001e+004 1.001e+004 1.002e+004 1.001e+004 9993 9984 9965 9951 9970 9986 9976 9968 9963 9963 9973 9985 9992 1.001e+004 1.001e+004 1e+004 1.001e+004 1.002e+004 1.003e+004 1.002e+004 1.001e+004 1e+004 9985 9982 9984 9964 9953 9937 9924 9908 9894 9883 9871 9871 9878 9885 9890 9890 9888 9860 9831 9821 9816 9811 9812 9811 9827 9826 9818 9819 9821 9825 9836 9841 9840 9843 9841 9845 9829 9801 9782 9768 9762 9748 9750 9752 9753 9754 9752 9740 9742
1.003e+004 1.002e+004 1.002e+004 9979 9999 9982 9973 9945 9937 9933 9939 9939 9956 9959 9954 9956 9966 9980 9997 1.001e+004 1.001e+004 1e+004 9994 1.002e+004 1.001e+004 1.001e+004 1e+004 9984 9970 9973 9972 9962 9954 9941 9932 9916 9902 9893 9893 9887 9885 9890 9894 9890 9876 9851 9849 9823 9810 9812 9815 9814 9822 9825 9818 9820 9825 9833 9838 9845 9855 9852 9850 9857 9848 9819 9804 9793 9776 9766 9757 9757 9755 9751 9740 9741 9743
1.003e+004 1.006e+004 1.003e+004 9981 9980 9968 9966 9954 9939 9933 9932 9935 9936 9940 9944 9948 9961 9975 9985 9989 9999 1e+004 9985 9981 9991 9995 9998 9994 9971 9951 9967 9957 9949 9947 9926 9921 9907 9896 9887 9886 9887 9892 9898 9891 9881 9870 9854 9814 9783 9780 9808 9796 9817 9831 9821 9821 9828 9832 9838 9843 9852 9851 9859 9866 9859 9842 9826 9807 9789 9776 9767 9763 9761 9758 9760 9754 9753
1.002e+004 1.004e+004 1.002e+004 9991 9958 9970 9962 9953 9937 9934 9927 9920 9938 9943 9950 9948 9962 9974 9986 9996 1e+004 9999 9993 9981 9979 9995 1e+004 1.001e+004 9986 9968 9964 9971 9974 9962 9957 9928 9909 9895 9897 9884 9885 9888 9891 9885 9871 9843 9837 9816 9791 9792 9807 9802 9811 9827 9818 9816 9827 9831 9837 9840 9836 9839 9848 9856 9854 9854 9845 9824 9800 9779 9775 9772 9768 9766 9763 9754 9751
1.003e+004 1.003e+004 1.003e+004 1e+004 9963 9964 9957 9960 9953 9938 9935 9935 9942 9959 9964 9962 9966 9974 9985 9998 9994 1e+004 9998 9979 9988 9992 1.001e+004 1.002e+004 9984 9958 9956 9949 9969 9955 9934 9924 9908 9889 9868 9877 9880 9882 9882 9874 9860 9842 9837 9824 9805 9787 9809 9801 9812 9814 9789 9789 9814 9833 9837 9836 9835 9832 9835 9841 9849 9858 9860 9841 9823 9797 9787 9780 9773 9767 9758 9753 9751
1.003e+004 1.006e+004 1.005e+004 1.003e+004 1.001e+004 9968 9953 9952 9966 9980 9955 9923 9916 9943 9957 9958 9962 9970 9978 9985 9995 9987 9987 9993 9998 1e+004 1e+004 1e+004 9987 9984 9966 9952 9954 9942 9929 9918 9908 9897 9886 9883 9881 9875 9858 9857 9850 9843 9836 9832 9816 9800 9805 9805 9812 9805 9776 9778 9800 9823 9831 9831 9828 9833 9836 9839 9842 9852 9848 9844 9832 9818 9801 9789 9780 9771 9763 9753 9736
9984 1.001e+004 1.003e+004 1.002e+004 1.001e+004 9968 9958 9973 9990 9961 9959 9920 9903 9919 9929 9943 9952 9961 9970 9981 9974 9979 9975 9986 9991 9992 9988 9980 9976 9987 9971 9971 9949 9922 9920 9916 9911 9905 9899 9891 9885 9875 9861 9847 9829 9827 9827 9836 9825 9810 9806 9819 9813 9807 9795 9803 9828 9826 9825 9823 9827 9835 9835 9838 9843 9845 9845 9838 9832 9826 9811 9798 9785 9774 9764 9755 9757
9968 9986 1.001e+004 1.001e+004 9992 9978 9965 9962 9964 9938 9918 9926 9925 9924 9917 9930 9941 9951 9956 9955 9947 9967 9973 9979 9946 9964 9976 9973 9958 9967 9953 9959 9934 9910 9915 9917 9915 9912 9908 9901 9894 9884 9871 9853 9836 9831 9824 9820 9825 9831 9845 9839 9805 9806 9811 9817 9825 9813 9805 9813 9819 9820 9835 9837 9837 9840 9843 9838 9836 9830 9817 9804 9792 9779 9766 9755 9755
9961 9983 1.001e+004 1.001e+004 1e+004 9997 9973 9962 9975 9940 9922 9929 9941 9940 9922 9929 9936 9941 9946 9951 9971 9977 9991 9994 9993 9979 9976 9968 9961 9949 9942 9934 9926 9925 9922 9921 9921 9917 9912 9910 9903 9893 9880 9863 9859 9840 9824 9821 9826 9835 9839 9839 9833 9825 9823 9818 9820 9812 9803 9812 9821 9832 9833 9835 9836 9834 9832 9832 9818 9822 9814 9804 9792 9780 9768 9755 9752
9982 9990 1.002e+004 1.002e+004 1.002e+004 1e+004 9971 9962 9950 9937 9926 9933 9931 9946 9943 9933 9933 9936 9937 9941 9957 9958 9978 9992 9982 9984 9983 9975 9961 9948 9933 9922 9908 9927 9926 9925 9925 9929 9925 9918 9914 9904 9887 9870 9861 9828 9824 9824 9826 9831 9836 9839 9842 9839 9837 9845 9836 9819 9815 9816 9826 9836 9836 9833 9828 9824 9822 9819 9825 9817 9810 9802 9793 9784 9776 9769 9767
9985 9993 1.002e+004 1.002e+004 1.003e+004 1.002e+004 9983 9974 9967 9976 9992 9958 9950 9951 9917 9927 9930 9933 9934 9932 9930 9963 9963 9978 9995 9995 9981 9964 9950 9951 9945 9921 9899 9915 9922 9923 9924 9918 9920 9920 9923 9934 9928 9901 9872 9850 9835 9820 9828 9830 9837 9842 9835 9837 9834 9830 9830 9818 9816 9817 9824 9834 9834 9831 9827 9822 9814 9807 9804 9811 9805 9798 9792 9786 9781 9779 9781
9989 9995 1.001e+004 1.001e+004 1e+004 1e+004 1e+004 9983 9958 9950 9970 9966 9951 9945 9933 9933 9936 9939 9944 9946 9947 9999 9968 9970 9976 9997 9983 9963 9946 9949 9942 9922 9897 9914 9918 9920 9923 9927 9921 9916 9914 9923 9927 9926 9881 9871 9850 9842 9834 9828 9828 9831 9834 9834 9827 9812 9806 9808 9812 9813 9816 9822 9827 9828 9830 9833 9818 9802 9799 9802 9797 9794 9789 9785 9781 9780 9778
1.003e+004 1.002e+004 9983 9970 9993 1e+004 1e+004 9996 9953 9922 9962 9975 9945 9933 9933 9939 9941 9948 9957 9965 9969 9991 9991 9978 9970 9973 9972 9956 9939 9936 9937 9928 9921 9911 9912 9913 9914 9931 9910 9901 9891 9874 9885 9891 9837 9844 9849 9847 9840 9831 9829 9841 9848 9840 9824 9810 9795 9794 9794 9797 9805 9809 9813 9823 9832 9832 9820 9802 9799 9791 9791 9789 9787 9785 9783 9781 9786
1.001e+004 9986 9969 9976 9997 1.002e+004 1.002e+004 1.001e+004 9983 9998 1e+004 9986 9960 9944 9926 9933 9943 9954 9968 9986 9979 9995 1.001e+004 9996 9982 9960 9967 9950 9938 9939 9939 9933 9918 9907 9913 9904 9891 9872 9882 9883 9880 9875 9870 9864 9834 9825 9833 9841 9842 9844 9843 9872 9869 9842 9822 9804 9788 9781 9782 9790 9802 9806 9811 9823 9830 9827 9807 9795 9793 9790 9790 9789 9787 9785 9784 9783 9781
1.001e+004 9974 9978 9982 1e+004 1.001e+004 9997 9981 9978 9977 9953 9939 9946 9945 9934 9935 9947 9958 9971 9984 9970 9980 1.001e+004 1.001e+004 1e+004 9983 9965 9944 9928 9929 9928 9927 9917 9912 9922 9901 9881 9871 9868 9871 9874 9878 9865 9845 9843 9832 9820 9826 9844 9863 9855 9856 9859 9831 9818 9798 9771 9771 9785 9800 9805 9817 9831 9830 9829 9822 9812 9808 9808 9798 9792 9789 9787 9786 9787 9783 9778
9983 9980 9988 1.002e+004 1.001e+004 9995 9978 9957 9957 9949 9928 9916 9923 9926 9935 9945 9949 9956 9961 9955 9956 9979 1.001e+004 1.001e+004 1.001e+004 9968 9963 9946 9931 9937 9929 9900 9928 9932 9921 9900 9870 9849 9861 9865 9865 9851 9856 9844 9823 9825 9824 9833 9850 9853 9848 9832 9846 9823 9817 9809 9762 9764 9779 9795 9799 9807 9834 9831 9827 9832 9827 9802 9793 9796 9791 9788 9787 9786 9788 9788 9793
9969 9954 9947 9985 9998 9992 9982 9948 9954 9952 9929 9914 9920 9931 9944 9940 9948 9953 9958 9967 9961 9965 9999 9987 9949 1e+004 9979 9949 9944 9948 9949 9930 9938 9936 9923 9901 9880 9866 9866 9869 9868 9862 9856 9852 9830 9824 9835 9845 9857 9874 9860 9831 9830 9805 9802 9803 9769 9761 9772 9783 9788 9791 9808 9815 9815 9811 9820 9797 9794 9789 9788 9789 9789 9789 9789 9793 9792
9946 9926 9935 9954 9980 9994 9993 9976 9964 9964 9932 9925 9925 9928 9947 9948 9947 9948 9951 9958 9967 9983 9976 9950 9928 9971 9945 9913 9923 9930 9940 9932 9930 9930 9914 9902 9894 9888 9880 9877 9880 9886 9868 9858 9829 9830 9853 9853 9860 9877 9872 9834 9818 9792 9786 9786 9764 9759 9767 9779 9781 9780 9794 9803 9804 9799 9800 9797 9784 9786 9787 9792 9792 9790 9789 9790 9796
9977 9949 9938 9958 9977 9984 9989 9971 9970 9969 9953 9945 9939 9932 9943 9948 9945 9940 9938 9939 9947 9949 9925 9936 9952 9964 9946 9913 9890 9900 9897 9922 9929 9919 9895 9901 9904 9899 9892 9884 9877 9878 9881 9848 9822 9821 9829 9836 9841 9847 9864 9837 9815 9797 9783 9774 9764 9762 9766 9771 9780 9792 9800 9801 9802 9805 9804 9806 9802 9799 9800 9799 9797 9793 9787 9783 9782
9963 9940 9934 9960 9985 9996 9995 9990 9981 9973 9969 9963 9955 9949 9941 9935 9934 9932 9929 9927 9926 9918 9912 9907 9919 9934 9938 9918 9911 9891 9879 9897 9908 9908 9909 9908 9924 9916 9899 9887 9876 9872 9885 9859 9832 9816 9812 9818 9824 9831 9854 9842 9821 9822 9812 9773 9765 9764 9769 9775 9781 9790 9799 9798 9799 9802 9799 9800 9807 9811 9815 9809 9804 9798 9788 9777 9783
9958 9952 9943 9963 9984 9973 9995 9992 9986 9977 9962 9961 9961 9964 9960 9936 9923 9924 9928 9926 9920 9918 9917 9903 9902 9900 9920 9906 9900 9891 9884 9890 9891 9881 9881 9894 9903 9901 9893 9887 9889 9884 9868 9870 9822 9818 9815 9817 9822 9825 9839 9845 9821 9825 9812 9778 9769 9771 9776 9787 9800 9796 9793 9791 9791 9794 9803 9806 9812 9819 9813 9819 9815 9808 9798 9786 9788
9964 9978 9957 9968 9989 9970 9980 9988 9988 9968 9962 9952 9957 9973 9970 9938 9923 9915 9922 9929 9922 9915 9919 9903 9905 9914 9916 9903 9903 9896 9885 9869 9856 9860 9868 9875 9876 9879 9879 9875 9869 9865 9854 9857 9864 9830 9820 9826 9833 9836 9840 9831 9820 9805 9768 9766 9768 9779 9776 9786 9796 9785 9781 9775 9784 9798 9805 9812 9822 9830 9836 9833 9828 9823 9817 9817 9806
9945 9925 9955 9960 9948 9973 9973 9970 9965 9955 9937 9943 9952 9961 9961 9918 9892 9893 9897 9904 9919 9929 9928 9912 9903 9903 9910 9914 9910 9905 9899 9880 9844 9850 9848 9849 9859 9868 9873 9869 9854 9860 9873 9852 9841 9826 9823 9832 9861 9881 9876 9849 9801 9779 9756 9757 9761 9761 9768 9771 9765 9770 9775 9777 9786 9795 9805 9813 9826 9836 9845 9845 9841 9837 9835 9834 9826
9939 9940 9962 9963 9970 9951 9966 9952 9921 9936 9956 9957 9949 9944 9923 9866 9856 9874 9879 9885 9890 9906 9913 9897 9895 9900 9914 9908 9908 9907 9908 9900 9886 9859 9848 9850 9853 9868 9875 9880 9883 9877 9875 9867 9845 9810 9799 9825 9865 9906 9888 9851 9793 9775 9762 9761 9765 9765 9768 9768 9767 9771 9779 9790 9794 9796 9808 9827 9835 9843 9850 9851 9849 9848 9848 9848 9838
9940 9953 9933 9944 9971 9979 9994 9981 9937 9953 9950 9943 9935 9930 9878 9855 9868 9876 9883 9880 9881 9881 9894 9891 9897 9879 9900 9902 9898 9899 9903 9907 9873 9854 9845 9850 9863 9873 9882 9891 9897 9886 9872 9877 9862 9837 9823 9828 9824 9827 9847 9839 9793 9785 9776 9771 9775 9778 9778 9773 9768 9777 9786 9790 9791 9796 9801 9823 9842 9852 9853 9854 9855 9854 9854 9855 9849
9934 9934 9921 9948 9969 9980 9995 9998 9975 9957 9943 9928 9915 9906 9876 9866 9870 9879 9879 9867 9838 9832 9853 9879 9876 9871 9868 9873 9876 9882 9887 9889 9873 9844 9831 9853 9868 9873 9882 9893 9899 9882 9874 9866 9871 9877 9859 9840 9842 9834 9811 9800 9800 9814 9793 9786 9789 9796 9794 9780 9766 9787 9796 9810 9823 9814 9812 9835 9845 9855 9857 9860 9861 9859 9855 9851 9861
9918 9935 9938 9959 9947 9942 9958 9971 9970 9951 9936 9931 9931 9920 9894 9879 9878 9886 9893 9873 9844 9829 9820 9848 9856 9855 9853 9846 9852 9854 9859 9854 9841 9826 9820 9841 9855 9864 9875 9885 9882 9868 9855 9848 9864 9879 9868 9842 9820 9821 9779 9768 9772 9770 9804 9801 9794 9798 9798 9789 9784 9786 9798 9813 9819 9818 9809 9818 9842 9848 9858 9865 9864 9864 9866 9868 9871
9896 9907 9930 9935 9933 9926 9918 9904 9943 9942 9925 9917 9940 9945 9909 9878 9871 9878 9883 9877 9868 9839 9829 9829 9832 9827 9825 9828 9829 9828 9830 9838 9825 9814 9810 9812 9826 9846 9860 9872 9872 9854 9836 9844 9859 9880 9863 9835 9809 9794 9781 9775 9774 9769 9771 9780 9787 9789 9792 9789 9787 9783 9799 9814 9824 9824 9825 9817 9833 9847 9858 9867 9865 9863 9864 9866 9870
9881 9885 9893 9898 9915 9916 9910 9924 9953 9937 9925 9924 9957 9956 9927 9893 9870 9871 9873 9872 9864 9837 9829 9834 9820 9809 9805 9810 9808 9803 9794 9782 9791 9803 9805 9807 9818 9834 9846 9854 9855 9848 9842 9840 9854 9869 9851 9821 9796 9788 9800 9797 9800 9803 9776 9783 9782 9779 9767 9783 9795 9799 9805 9816 9822 9823 9822 9830 9836 9844 9854 9863 9865 9861 9856 9855 9859
9876 9881 9879 9888 9900 9904 9912 9919 9932 9938 9931 9938 9962 9965 9942 9924 9879 9866 9863 9864 9862 9863 9844 9814 9810 9805 9794 9793 9791 9784 9770 9754 9763 9786 9797 9806 9822 9825 9833 9843 9849 9850 9844 9839 9848 9855 9836 9808 9785 9793 9799 9807 9810 9811 9824 9799 9787 9781 9781 9787 9798 9804 9810 9818 9824 9825 9826 9832 9832 9836 9846 9861 9866 9861 9853 9852 9850
9873 9871 9874 9880 9887 9905 9910 9922 9920 9920 9928 9931 9936 9939 9937 9928 9897 9879 9875 9865 9863 9867 9862 9815 9793 9801 9795 9790 9788 9782 9770 9758 9766 9788 9780 9783 9796 9806 9815 9819 9830 9839 9852 9839 9846 9843 9830 9807 9788 9792 9810 9805 9802 9798 9795 9795 9791 9787 9786 9790 9797 9807 9812 9816 9825 9830 9829 9829 9826 9837 9851 9865 9869 9860 9856 9850 9847
9872 9873 9863 9867 9875 9881 9896 9905 9903 9920 9923 9922 9914 9919 9912 9904 9898 9882 9868 9859 9850 9846 9852 9833 9804 9807 9798 9793 9797 9791 9785 9780 9796 9791 9774 9745 9758 9786 9801 9818 9825 9834 9820 9838 9845 9850 9826 9806 9797 9792 9794 9792 9790 9791 9793 9794 9793 9792 9792 9796 9802 9808 9812 9814 9815 9822 9834 9838 9844 9847 9858 9858 9855 9853 9848 9846 9845
9870 9869 9850 9869 9851 9869 9884 9898 9901 9914 9917 9917 9904 9881 9888 9893 9892 9859 9843 9842 9841 9834 9826 9824 9801 9800 9799 9793 9806 9801 9799 9805 9784 9792 9784 9774 9773 9779 9787 9798 9810 9819 9819 9826 9832 9830 9815 9800 9797 9785 9780 9780 9780 9781 9794 9795 9794 9796 9799 9804 9808 9811 9814 9817 9819 9828 9842 9844 9846 9846 9839 9845 9848 9846 9845 9842 9843
