real_craters/C210-500m.grd
DSAA
643 643
-160.545 160.545
-160.545 160.545
8161.7806615959 11377.334493339
[rows 600 to 629 of 643, columns 268 to 334 of 643]
9707.6 9711.76 9714.54 9718.03 9716.07 9709.3 9712.13 9713.14 9714.62 9718.04 9722.23 9725.06 9725.49 9725.75 9726.12 9725.52 9728.87 9732.98 9735.79 9738.63 9742.41 9738.67 9732.82 9727.13 9720.83 9714.4 9708.09 9700.89 9691.36 9684.76 9680.79 9678.04 9675.62 9673.31 9671.65 9671.64 9671.89 9672.39 9672.75 9674.49 9676.98 9678.73 9680.05 9680.78 9679.19 9671.28 9670.63 9668.41 9665.91 9681 9687.34 9690.29 9689.26 9693.93 9697.35 9693.72 9704.12 9709.74 9713.55 9716.72 9721.54 9723.64 9726.2 9727.85 9728.43 9729 9729.06
9700.36 9708.53 9718.21 9718.59 9700.1 9700.88 9705.04 9707.59 9710.01 9712.06 9714.96 9715.62 9717.93 9718.63 9719.63 9723.02 9725.48 9730.89 9736.94 9739.57 9739.3 9734.97 9729.3 9724.05 9719.3 9715.38 9710.78 9706.88 9698.96 9684.75 9680 9675.92 9672.02 9668.64 9665.36 9665.46 9669 9671.63 9675.14 9678.09 9678.99 9680.09 9681.49 9682.7 9681.95 9678.81 9674.06 9669.53 9667.65 9685.85 9687.62 9684.56 9682.89 9689.65 9700.94 9701.17 9707.89 9708.84 9711.42 9713.68 9713.36 9719.46 9723.48 9725.38 9725.8 9726.66 9727.62
9689.19 9701.16 9711.71 9710.14 9702.17 9701.55 9699.87 9701.73 9703.82 9705.43 9707.08 9706.8 9710.31 9712.87 9714.09 9713.9 9721.6 9727.99 9732.84 9733.46 9730.44 9726.73 9724.39 9721.71 9718.9 9714.94 9711.07 9707.07 9700.39 9687.37 9681.09 9675.55 9670.65 9666.55 9662.9 9663.26 9667.17 9672.57 9676.17 9679.68 9679.45 9680.01 9681.7 9685.64 9689.02 9690.19 9682.71 9677.84 9679.59 9694.07 9681.26 9674.08 9676.75 9683.05 9690.41 9707.6 9705.92 9709.87 9712.69 9714.69 9717.95 9719.2 9720.58 9721.57 9722.61 9723.42 9723.82
9684.54 9693.95 9700.49 9704.29 9691.41 9695.4 9694.11 9694.76 9696.6 9698.34 9700.6 9703.67 9706.95 9709.17 9712.28 9717.61 9721.01 9725.94 9728.96 9728.48 9723.15 9720.12 9721.25 9720.14 9717.37 9713.85 9709.99 9704.85 9696.71 9690.24 9682.75 9675.6 9669.34 9665.08 9664.04 9662.87 9663.99 9667.78 9673.22 9676.12 9677.79 9677.94 9678.82 9681.71 9686.38 9688.99 9688.02 9686.4 9688.6 9696.31 9677 9675.08 9684.85 9690.33 9691.73 9706.34 9707.13 9712.41 9714.77 9715.89 9717.07 9718.75 9719.03 9719.6 9720.86 9722.56 9723.62
9681.06 9681.26 9697.95 9704.94 9689.61 9687.83 9686.31 9687.64 9690.1 9692.16 9694.74 9698.71 9701.11 9706.57 9712.31 9717.65 9721.91 9725.58 9727.27 9725.9 9724.62 9721.7 9721.75 9719.92 9717.6 9714.42 9710.13 9705.06 9699.01 9692.7 9683.58 9675.45 9667.89 9661.49 9660.48 9660.27 9662.58 9667.01 9672.23 9676.37 9676.17 9675.19 9674.13 9673.37 9680.41 9687.22 9691.04 9692.56 9692.76 9689.88 9672.56 9687.5 9693.7 9695.24 9693.83 9695.31 9713.69 9714.05 9714.07 9715.07 9716.76 9717.72 9716.5 9716.32 9716.9 9716.99 9717.56
9681.44 9682.6 9696.9 9697.85 9684.71 9675.7 9678.61 9682.25 9684.95 9687.49 9688.59 9686.95 9693.88 9705.59 9715.25 9720.79 9724.09 9726.78 9728.91 9730.31 9730.03 9728.86 9724.07 9720.67 9717.48 9713.81 9710.14 9705.67 9699.91 9691.26 9683.51 9675.74 9667.64 9658.04 9647.49 9656.68 9665.86 9669.8 9672.58 9674.74 9674.77 9672.54 9670.82 9673.64 9681.29 9689.12 9693.41 9696.49 9694.21 9678.05 9667.42 9690.75 9696.66 9696.99 9695.54 9696.97 9712.79 9712.44 9710.55 9711.23 9714.26 9715.08 9710.95 9711.4 9711.97 9713.39 9714.81
9679.95 9683.66 9698.29 9698.02 9680.1 9671.17 9673.66 9677.26 9681.06 9684.73 9687.51 9691.06 9697.03 9707.07 9717.28 9723.32 9724.68 9726.71 9730.16 9734.02 9730.62 9726.3 9723.66 9720.56 9717.56 9714.26 9710.71 9706.58 9699.96 9691.26 9685.01 9677.99 9670.99 9665.1 9660.97 9661.63 9663.04 9669.51 9673.64 9676.41 9674.97 9670.4 9665.74 9664.67 9682.6 9691.36 9692.99 9693.12 9690 9681.29 9671.97 9683.49 9696.5 9698.82 9698.3 9697.69 9704.45 9703.21 9704.92 9705.05 9700.98 9696.09 9701.13 9705.11 9708.04 9710.11 9711.4
9681.5 9690.24 9705.99 9695.98 9673.22 9670.62 9671.71 9675.62 9679.71 9684.99 9690.18 9694.56 9700.76 9709.55 9716.27 9719.91 9721.87 9724 9726.61 9727.81 9727.26 9725.15 9723.13 9720.3 9716.96 9713.91 9711.24 9708.85 9706.13 9698.05 9689.09 9681.57 9675.07 9672.56 9672.95 9670.12 9671.75 9673.04 9674.82 9676.92 9674.54 9669.27 9664.15 9662.9 9680.08 9688.59 9688.96 9687.74 9685.58 9680.03 9665.48 9687.89 9699.3 9702.55 9701.32 9697.29 9696.44 9696.25 9703.14 9702.68 9695.92 9691.23 9698.29 9701.55 9703.83 9705.77 9708.12
9686.75 9693.58 9705.64 9695.67 9674.95 9671.64 9672.07 9676.28 9681.03 9687.18 9694.21 9702.29 9710.37 9710.82 9713.96 9714.88 9715.75 9717.8 9720.16 9723.65 9723.97 9723.57 9722.54 9719.31 9715.95 9713.15 9711.24 9710.2 9711.06 9708.38 9694.35 9684.77 9676.44 9669.72 9669.09 9673.56 9676.56 9676.27 9675.15 9673.44 9670.47 9668.71 9668.87 9673.29 9677.64 9680.49 9681.06 9683.3 9686.09 9683.9 9669.36 9688.68 9700.98 9705.37 9704.27 9701.94 9703.37 9706.71 9709.66 9707.72 9704.48 9703.73 9702.98 9703.03 9704.17 9705.97 9707.83
9687.01 9693.42 9701.9 9694.94 9676.26 9675.06 9677.93 9681.41 9686.28 9691.29 9697.45 9703.27 9706.25 9707.05 9704.27 9704.64 9705.18 9707.27 9710.35 9712.56 9716.88 9722.06 9721.37 9717.08 9713.74 9711.44 9709.58 9708.31 9706.21 9700.88 9696.15 9688.23 9678.59 9668.98 9668.39 9676.01 9680.84 9678.45 9675.28 9671.58 9668.46 9666.93 9665.79 9666.47 9672.08 9671.04 9671.26 9672.31 9682.65 9691.16 9681.44 9693.91 9703 9706.63 9705.99 9705.68 9708.05 9714.52 9718.15 9713.2 9708.75 9708.11 9704 9702.22 9703.23 9704.06 9706.03
9677.02 9681.73 9690.75 9678.44 9674.94 9677.3 9678.99 9683.9 9687.75 9692.48 9697.78 9702.08 9703.61 9702.36 9696.71 9692.58 9691.72 9694.57 9700.1 9705.81 9712.09 9716.72 9715.11 9711.36 9709.14 9708.16 9706.17 9705.5 9702.92 9693.74 9701.21 9692.4 9683.79 9675.44 9675.03 9679.89 9681.99 9678.75 9674.3 9669.88 9666.25 9663.28 9664.31 9662.01 9657.02 9660.47 9662.09 9666.6 9679.57 9695.05 9693.39 9696.93 9702.83 9706.69 9705.26 9704.65 9708.76 9715.34 9720.92 9712.84 9706.45 9702.07 9699.61 9698.79 9699.13 9700.71 9702.39
9678.03 9677.57 9678.15 9689.18 9681.94 9681.22 9683.5 9686.49 9689.07 9692.34 9695.75 9699.18 9699.33 9694.63 9686.96 9673.76 9671.38 9676.87 9686.8 9699.36 9707.63 9703.32 9699.98 9702.42 9701.8 9701.51 9701.82 9704.03 9706.11 9711.59 9701.31 9695.82 9690.94 9688.23 9684.7 9684.65 9683.22 9678.46 9672.89 9666.98 9661.95 9656.13 9651.47 9651.19 9654.7 9655.11 9657.19 9655.94 9675.29 9689.1 9695.76 9694.19 9696.71 9704.44 9704.35 9701.98 9705.74 9709.27 9708.39 9705.14 9702.43 9696.61 9694.2 9694.53 9695.09 9696.54 9698.51
9694.05 9686.81 9697.66 9694.39 9688.88 9687.62 9683.4 9682.17 9681.15 9682.11 9685.44 9690.32 9691.65 9669.35 9646.24 9639.9 9644.28 9653.91 9667.34 9684.39 9697.88 9696.57 9696.01 9693.14 9691.36 9692.33 9695.5 9700.45 9706.18 9708.66 9700.62 9699.03 9696.67 9694.14 9690.7 9687.15 9683.15 9677.52 9671.21 9664.62 9657.48 9649.98 9641.47 9636.9 9639.09 9651.5 9663.73 9672.09 9681.28 9688.79 9695.36 9685.86 9681.98 9690.92 9688.99 9695.01 9700.25 9703.88 9705.18 9703.38 9701.13 9695.12 9691.89 9690.97 9691.22 9692.64 9695.3
9700.56 9686.16 9699.9 9716.58 9701.41 9687.91 9677.66 9673.61 9672.07 9671.07 9670.78 9671.24 9677.18 9623.16 9581.32 9601.14 9614.65 9626.35 9639.51 9655.94 9671.88 9676.1 9683.2 9676.16 9675.1 9678.75 9685.46 9693.18 9702.31 9710.34 9709.26 9703.26 9700.33 9697.72 9692.82 9688.09 9682.73 9676.39 9669.69 9662.82 9656.77 9648.53 9636.56 9629.61 9632.64 9649.81 9673.32 9691.87 9690.21 9690.5 9688.93 9677.06 9667.52 9677.97 9681.08 9689.83 9696.81 9701.19 9704.52 9705.81 9701.39 9693.62 9688.59 9688.73 9689.84 9690.49 9692.45
9722.88 9693.1 9702.81 9744.67 9704.2 9687.13 9678.63 9668.02 9662.48 9653.69 9648.24 9638.79 9619.45 9591.31 9576.22 9580.74 9590.62 9599.32 9606.82 9613.67 9618.32 9629.74 9644.7 9645.49 9650.98 9660.03 9671.14 9683.87 9695.11 9704.58 9706.44 9705.71 9702.28 9697.38 9692.93 9687.29 9681.73 9675.81 9669.04 9661.05 9650.95 9644.69 9646.44 9629.38 9630.45 9646.66 9665.67 9682.55 9689.47 9692.31 9680.9 9672.81 9668.66 9666.53 9683.06 9690.51 9695.77 9700.09 9703.77 9705.34 9702.82 9692.69 9684.93 9685.6 9685.92 9687.62 9690.18
9730.42 9697.08 9711.42 9726.51 9686.65 9679.9 9667.55 9656.81 9645.88 9637.32 9625.19 9611.78 9590.44 9577.04 9574.37 9571.72 9574.17 9577.14 9576.99 9571.5 9562.34 9573.98 9588.75 9605.55 9623.45 9640.08 9656.38 9672.61 9686.13 9696.95 9706.64 9707.56 9703.8 9698.93 9692.8 9686.2 9680.87 9675.45 9668.96 9661.67 9652.91 9648.36 9642.37 9632.9 9636.17 9648.18 9656.67 9668.6 9681.93 9681.19 9675.08 9667.44 9663.82 9668.77 9686.03 9692.18 9696.76 9700.77 9702.95 9704.14 9700.24 9693.81 9685.58 9683.49 9684.02 9684.62 9686.51
9687.26 9690.4 9699.31 9687.65 9681.55 9663.03 9645.19 9633 9623.36 9616.32 9606.56 9592.79 9580.01 9572.63 9568.25 9564.31 9562.64 9560.93 9556.42 9547.29 9535.71 9541.49 9548.79 9574.66 9599.79 9621.97 9642.9 9661.46 9677.63 9691.93 9707.55 9705.8 9702.22 9698.54 9692.61 9686.5 9680.66 9674.81 9669.52 9664.77 9660.3 9654.51 9653.69 9656.47 9656.03 9659.54 9663.97 9671.76 9681.05 9683.88 9652.38 9663.97 9671.42 9677.25 9686.51 9692.24 9696.83 9700.76 9703.14 9704.59 9704.47 9698.39 9686.42 9682.54 9681.95 9682.64 9684.64
9684.62 9688.04 9691.49 9687.2 9666.83 9630.95 9619.99 9612.23 9605.49 9598 9590.61 9581.03 9572.93 9567.23 9562.9 9559.16 9556.27 9552.8 9548.16 9542.76 9537.68 9538.33 9548.94 9564.06 9584.78 9608.05 9630.84 9652.38 9671.6 9688.34 9696.71 9693.75 9695.08 9694.56 9691.34 9685.46 9679.73 9674.02 9669.27 9667.14 9667.16 9670.22 9667.19 9674.28 9673.46 9673.91 9672.68 9674.58 9677.14 9673.31 9680.46 9675.25 9670.83 9671.38 9681.26 9690.88 9696.45 9700.35 9703.71 9705.68 9705.77 9699.37 9688.14 9681.87 9680.63 9681.12 9683.48
9685.87 9687.14 9687.63 9686.84 9605.29 9596.7 9592.22 9589.65 9584.76 9580.51 9575.69 9570.82 9565.64 9562.06 9559.83 9558.24 9556.21 9553.03 9550.99 9546.69 9543.38 9542.06 9542.03 9552.9 9574.76 9598.25 9621.8 9644.29 9666.24 9684.43 9694.49 9692.06 9694.5 9693.03 9691.63 9685.87 9677.25 9671.45 9668.14 9667.12 9668.09 9666.77 9667.4 9674.78 9672.66 9678.85 9693.72 9668.86 9675.26 9686.31 9695.17 9689.36 9679.5 9677.27 9682.66 9690.54 9697.64 9701.65 9704.78 9706.56 9706.77 9705.1 9690.06 9679.63 9677.38 9678.07 9680.59
9688.55 9690.36 9685.86 9705.57 9594.64 9581.22 9580.14 9578.04 9576.28 9571.97 9568.63 9565.12 9561.52 9558.7 9557.8 9557.74 9557.25 9556.19 9554.66 9553.03 9553.07 9551.24 9543.81 9549.26 9570.6 9594.36 9617.46 9640.42 9661.53 9681.63 9694.39 9705.34 9699.74 9691.24 9683.87 9678.17 9670.08 9665.56 9663.74 9664.28 9666.24 9670.45 9669.26 9666.78 9655.21 9646.41 9652.23 9611.55 9590.84 9670.42 9699.02 9703.1 9680.92 9670.46 9685.57 9695.72 9699.05 9701.3 9704.05 9706.71 9706.07 9702.84 9689.68 9679.38 9678.68 9681.15 9683.72
9704.13 9702.91 9690.57 9717.84 9633.72 9590.33 9576.57 9573.66 9570.93 9568.05 9565.41 9562.58 9560.08 9557.12 9556.25 9556.74 9557.12 9557.64 9558.22 9559.39 9561.21 9560.91 9554.42 9556.79 9571.71 9592.26 9613.72 9635.37 9657.05 9678.38 9703.6 9707.17 9705.35 9680.96 9660.57 9655.43 9656.56 9656.32 9656.58 9658.13 9658.92 9660.84 9663.23 9657.29 9629.49 9588.67 9545.41 9542.71 9531.03 9582.98 9697.71 9720.19 9694.18 9669.38 9681.19 9694.87 9698.23 9699.51 9700.4 9701.29 9701.39 9699.06 9695.97 9680.04 9684.84 9688.22 9690.47
9722.55 9720.1 9697.77 9681.03 9629.9 9595.37 9578.17 9570.6 9566.31 9564.5 9563.4 9561.67 9559.62 9557.01 9556.77 9557.72 9558.86 9560.06 9561.07 9563.37 9566.09 9567.67 9562.49 9562.45 9574.39 9590.83 9609.97 9629.79 9649.25 9665.94 9674.64 9665.86 9660.15 9657.34 9648.76 9644.84 9646.3 9647.76 9649.1 9649.86 9650.75 9650.23 9647.33 9634.27 9620.1 9585.85 9544.41 9533.39 9510.74 9574.46 9690.22 9715.11 9675.39 9669.03 9682.97 9695.63 9697.15 9697.08 9699.56 9699.51 9698.48 9696.53 9697.37 9687.85 9694.14 9697.26 9697.53
9729.04 9729.6 9701.07 9627.01 9596.98 9589.8 9580.15 9571.43 9566.63 9564.5 9562.77 9562.01 9560.71 9558.79 9558.47 9559.22 9560.3 9561.73 9563.36 9565.6 9567.67 9569.24 9567.25 9568.36 9576.92 9590.79 9606.3 9623.14 9640.27 9654.22 9658.45 9646.04 9638.64 9638.53 9635.6 9636.37 9637.81 9639.68 9640.39 9641.47 9642.19 9646.28 9644.31 9628.06 9632.36 9648.8 9635.07 9592.36 9565.67 9615.05 9668.21 9685.58 9678.51 9688.58 9692.22 9696.93 9698.79 9701.93 9702.29 9700.33 9696.12 9690.12 9685.32 9697.67 9705.94 9705.27 9703.81
9714.33 9737.24 9700.34 9631.74 9595.76 9590.11 9582.51 9574.05 9569.23 9565.89 9564.2 9563.57 9562.73 9561.5 9560.97 9560.79 9561.43 9562.44 9563.94 9565.84 9567.79 9569.34 9568.49 9569.14 9576.31 9588.2 9602.06 9618.03 9633.15 9645.65 9654.48 9640.35 9630.75 9629.55 9628.39 9629.62 9630.42 9631.33 9632.32 9633.2 9633.6 9631.31 9638.59 9623.25 9635.11 9655.26 9668.06 9669.52 9706.62 9682.64 9670.83 9674.41 9695.92 9701.16 9699.15 9696.69 9703.63 9709.46 9708.96 9700.97 9694.44 9686.34 9680.46 9687.81 9707.42 9708.52 9706.92
9725.6 9739 9705.82 9644.88 9605.81 9596.22 9584.26 9576.79 9571.07 9566.69 9565.38 9565.57 9565.91 9563.69 9562.46 9561.75 9561.62 9562.28 9563.39 9564.87 9565.8 9566.48 9565.56 9566.31 9573.52 9584.98 9597.19 9610.73 9622.94 9633.3 9640.59 9633.18 9623.44 9625.56 9629.33 9627.12 9625.94 9625.81 9624.32 9624.12 9627.84 9629.01 9614.06 9617.78 9630.59 9638.46 9660.87 9687.19 9712.43 9712.74 9714.08 9720.62 9718.08 9712.2 9708.1 9710.43 9716.02 9720.3 9717.18 9708.61 9698.62 9687.49 9681.27 9685.06 9700.86 9707.54 9708.37
9727.62 9729.46 9715.97 9649.04 9603.73 9596.52 9584.47 9575.25 9570.65 9567.68 9566.95 9565.82 9564.99 9563.87 9563.16 9561.58 9561.19 9561.52 9562.29 9563.44 9564.37 9565.22 9565.55 9565.71 9570.65 9579.84 9590.86 9601.81 9612.86 9622.21 9626.38 9625.88 9618.66 9622.72 9624.5 9622.28 9620.09 9617.79 9615.04 9611.99 9606.16 9602.95 9602.39 9614.37 9633.35 9655.98 9670.94 9685.11 9689.66 9717.11 9746.85 9786.09 9775.81 9747.62 9732.2 9727.16 9737.76 9740.87 9730.23 9716.86 9705.06 9693.57 9684.4 9682.05 9694.29 9704.57 9704.32
9717.17 9713.39 9697.7 9649.56 9610.9 9591.46 9580.45 9573.02 9569.29 9567.16 9566.36 9566.01 9564.43 9562.35 9560.79 9559.98 9559.54 9559.78 9560.39 9561.79 9563.44 9565.71 9565.97 9565.08 9568.65 9576.03 9584.92 9593.83 9602.87 9610.98 9616.31 9618.24 9619.32 9619.62 9620.09 9616.7 9613.89 9611.1 9608.06 9604.27 9600.51 9599.19 9601 9616.96 9639.96 9662.25 9684.42 9692.39 9702.13 9721.4 9721.44 9705.99 9719.21 9737.08 9752.08 9777.49 9790.07 9767.18 9744.75 9725.5 9710.69 9698.43 9688.93 9685.65 9694.58 9703.97 9698.88
9699.19 9691.15 9679.51 9647.03 9607.93 9588.23 9577.79 9571.98 9569.9 9567.05 9564.85 9563.51 9562 9559.98 9558.91 9557.5 9557.26 9557.76 9558.44 9559.56 9561.04 9562.9 9563.83 9564.57 9567.44 9572.32 9579.33 9586.72 9594.68 9601.99 9608.09 9608.35 9614.84 9611.92 9609.08 9609.63 9607.83 9605.74 9603.47 9601.11 9599.49 9606.17 9616.14 9625.91 9652.41 9680.77 9710.12 9744.84 9764.09 9735.41 9704.59 9679.86 9681.3 9681.32 9709.17 9788.13 9813.35 9771.99 9746.62 9728.4 9713.61 9701.33 9691.36 9685.84 9688.34 9693.31 9690.12
9678.64 9679.37 9671.63 9652.04 9627.67 9592.04 9578.29 9573.11 9568.74 9565.35 9562.89 9560.94 9559.14 9556.49 9554.78 9554.29 9554.43 9554.9 9555.54 9556.32 9557.55 9559.26 9560.99 9561.26 9563.25 9568.31 9574.81 9582.75 9590.33 9598.03 9604.04 9610.51 9613.99 9611.78 9606.92 9603.48 9601.53 9600.36 9600.06 9601.04 9602.29 9614.63 9626.06 9632.32 9660.98 9687.95 9714.12 9781.81 9797.09 9733.49 9687.86 9660.5 9662.39 9669.45 9694.47 9725.41 9735.94 9742.18 9733.13 9721.6 9710.33 9700.38 9692.67 9688.81 9687.5 9683.21 9680.16
9673.47 9672.68 9670.13 9660.81 9644.41 9603.18 9585.13 9575.31 9568.19 9564.02 9560.71 9558.68 9556.57 9553.71 9551.91 9551.47 9551.53 9551.32 9551.26 9550.78 9552.02 9554.57 9557.12 9556.12 9557.75 9564.12 9572.19 9580.07 9587.33 9593.36 9599.73 9606.4 9611.58 9606.79 9600.06 9596.87 9595.31 9594.98 9596.57 9601.46 9609.85 9619.72 9629.27 9634.12 9664.37 9684.64 9682.19 9670.71 9713.11 9693.1 9657.89 9636.07 9643.49 9652.82 9668.35 9684.22 9696.28 9712.55 9716.2 9712.44 9705.42 9697 9690.42 9687.23 9685.97 9678.15 9675.85
