real_craters/C211-500m.grd
DSAA
648 648
-161.8575 161.8575
-161.8575 161.8575
2402.2861871555 6325.9255041471
[rows 300 to 329 of 648, columns 134 to 200 of 648]
5038.05 5116.51 5205.2 5171.33 5128.04 5132.42 5162.36 5195.11 5229.49 5271.2 5303.65 5314.51 5343.76 5375.81 5404.38 5427.52 5346.61 5282.39 5232 5199.72 5175.56 5157.69 5141.45 5124.76 5101.12 5063.98 5015.29 4971.28 4931.33 4896.44 4879.64 4881.23 4885.55 4891.42 4900.33 4913.09 4923.54 4925.92 4927.34 4923.25 4910.15 4896.24 4892.45 4909 4940.29 4976.79 5012.13 5044.57 5072.67 5102.46 5143.07 5169.76 5185.76 5166.29 5141.3 5137.25 5147.97 5185.66 5220.38 5261.85 5295.58 5314.52 5284.11 5240.39 5194.3 5144.34 5096.27
5055.82 5113.26 5161.18 5150.54 5122.01 5133.34 5171.65 5207.64 5244.52 5284.4 5316.5 5343.26 5376.88 5415.49 5455.18 5470.82 5428.38 5339.34 5268.58 5213.31 5170.84 5135.49 5104.22 5071.15 5040.06 5019.76 4992.04 4963.47 4938.33 4917.53 4905.18 4904.37 4905.34 4910.42 4922.45 4949.46 4954.55 4935.08 4926.44 4920.66 4912.46 4904.36 4899.27 4918.01 4951.45 4987.02 5023.58 5062.1 5104.92 5147.78 5176.09 5183.8 5176.91 5160.94 5136.1 5144.33 5161.58 5222.22 5276.17 5292.14 5301.06 5304.87 5288.1 5255.91 5216.76 5181.98 5145.2
5085.57 5117.41 5133.34 5150.01 5150.34 5168.18 5201.58 5230.41 5256.56 5282.28 5315.79 5351.93 5388.98 5432.28 5477.44 5515.87 5453.56 5360.03 5280.92 5213.58 5157.77 5109.81 5067.7 5027.72 4993.45 4983.1 4969.39 4954.87 4944.44 4943.07 4944.1 4931.49 4927.44 4929.45 4933.24 4939.88 4936.12 4930.87 4925.2 4922.2 4920.16 4919.26 4923.79 4943.25 4970.94 5003.24 5037.65 5076.38 5121.49 5167.16 5196.82 5199.42 5192.6 5182.92 5177.96 5190.8 5209.25 5257.15 5318.96 5307.87 5299.41 5296.11 5286.13 5265.37 5242.44 5222.63 5209.15
5135.91 5158.89 5171.38 5185.78 5212.45 5242.5 5245.09 5260.89 5275.87 5285.11 5318.23 5354.76 5388.07 5423.05 5451.85 5461.15 5408.92 5338.3 5265.37 5197.07 5135.54 5082.4 5033.98 4992.64 4969.53 4953.6 4948.82 4946.86 4945.58 4948.53 4957.09 4947.19 4944.67 4944.22 4941.37 4931.38 4922.05 4924.05 4928.71 4931.55 4933.15 4939.79 4952.95 4972.76 4998.23 5028.36 5059.74 5091.83 5127.26 5192.41 5220.61 5216.22 5203.9 5202.37 5232.19 5244.32 5249.8 5251.83 5259.42 5290.88 5299.92 5302.39 5289.25 5270.89 5247.66 5237.29 5242.12
5222.5 5224.84 5223.91 5224.74 5242.78 5261.05 5280.91 5294.21 5306.22 5314.55 5335.6 5358.48 5378.33 5399.34 5402.76 5372.97 5343.63 5293.21 5235.68 5170.38 5110.8 5056.47 5005.62 4958.41 4923.31 4923.3 4930.96 4938.84 4945.17 4946.55 4939.22 4952.05 4959.52 4959.91 4952.73 4939.13 4924.19 4922.25 4928.19 4936.32 4949.69 4964.33 4980.13 5000.83 5028.73 5059.48 5086.1 5110.05 5144.68 5234.37 5237.64 5230.11 5223.02 5224.94 5233.66 5244.83 5254.26 5265.9 5275.26 5295.56 5313.03 5311.81 5292.01 5266.39 5240.34 5215.02 5182.85
5285.67 5282.04 5269.74 5247.93 5271.52 5295.98 5315.68 5329.52 5341.72 5351.2 5354.57 5359.01 5362.79 5366.27 5373.11 5345.98 5294.44 5244.33 5187.06 5132.85 5084.37 5037.04 4989.74 4941.93 4908.43 4906.79 4921.53 4936.8 4949.76 4957.49 4957.6 4971.45 4982.48 4983.85 4979.04 4965.32 4940.82 4938.04 4919.77 4946.49 4971.75 4995.17 5013.98 5027.85 5066.25 5096.19 5117.11 5131.99 5144.27 5191.82 5227.39 5241.66 5248.6 5255.62 5272.08 5294.98 5317.45 5317.47 5316.8 5313.03 5310.87 5306.11 5286.08 5258.71 5231.44 5199.43 5162.05
5325.52 5336.53 5314.11 5294.54 5303.22 5331.89 5343.9 5353.53 5365.65 5373.6 5366.57 5357.7 5350.58 5339.35 5326.35 5288.56 5251.49 5204.5 5146.8 5099.76 5068.07 5030.66 4988.07 4946.3 4913.02 4904.83 4921.1 4945.11 4967.21 4984.93 4999.22 5009.56 5014.9 5013.91 5009.31 5003.69 5014.91 4979.09 4949.46 4974.75 5007.34 5039.44 5069.43 5094.68 5126.98 5143.06 5155.69 5169.76 5178.63 5184.3 5227.44 5253.21 5270.99 5290.12 5281.02 5286.14 5313.75 5338.46 5346.25 5327.44 5306.82 5298.17 5278.28 5253.44 5228.61 5203.54 5172.6
5380.39 5368.81 5336.56 5306.99 5310.82 5339.63 5350.91 5361.49 5376.1 5383.29 5368.63 5354.21 5338.33 5317.98 5292.19 5254.97 5224.77 5184.46 5134.3 5092.11 5065.77 5036.72 5000.65 4961.6 4926.53 4911.09 4932.99 4961.86 4991.25 5018.05 5041.55 5053.65 5052.32 5045.46 5036.53 5027.38 5016.25 5006.04 5003.79 5019.25 5049.39 5087.7 5135.32 5194.08 5198.52 5191.12 5192.19 5206.54 5244.01 5249.22 5259.2 5264.84 5274.5 5285.65 5256 5231.33 5269.46 5318.42 5336.13 5331.93 5322.63 5294.19 5269.46 5248.29 5228.67 5212.7 5195.18
5375.27 5367.15 5335.46 5302.71 5299.15 5320.28 5340.18 5353.8 5365.69 5369.83 5360.82 5347.99 5333.26 5313.03 5284.18 5248.56 5223.39 5188.33 5145.73 5105.26 5084.56 5057.77 5026.21 4992.41 4958.83 4940.04 4959.86 4988.37 5018.53 5050.03 5081.6 5095.93 5087.85 5074 5059.84 5044.32 5024.48 5029.27 5047.99 5056.79 5084.94 5124.84 5173.5 5221.66 5228.3 5218.49 5212.54 5215.07 5235.14 5276.02 5269.76 5258.96 5256.76 5254.31 5220.74 5198.47 5260.06 5327.95 5337.03 5319.32 5304.77 5281.83 5258.98 5238.79 5224.75 5218.89 5230.96
5329.42 5342.4 5321.11 5291.44 5282.5 5309.54 5329.79 5338.73 5344.51 5347.04 5345.34 5339.68 5330.81 5319.58 5307.86 5273.25 5239.96 5208.47 5177.91 5151.99 5120.54 5088.82 5060.18 5032.64 5006.94 4991.21 4998.06 5015.88 5043 5075.82 5113.78 5135.62 5115.94 5096.86 5080.75 5065.57 5049.81 5037.35 5050.47 5082.18 5113.37 5147.29 5185.63 5221.82 5235.88 5225.12 5216.12 5210.95 5223.6 5248.61 5243.75 5235.51 5227.29 5211.38 5184.6 5177.7 5252.1 5314.79 5318.72 5293.49 5273.09 5262.13 5244.89 5225.46 5212.76 5220.43 5243.73
5276.41 5309.59 5301.8 5284.49 5280.51 5308.04 5322.09 5322.18 5319.38 5323.39 5329.32 5330.09 5328.95 5326.88 5319.23 5287.56 5256.35 5228.88 5209.18 5193.71 5154.8 5116 5088.58 5076.31 5047.27 5043.79 5028.93 5036.78 5057.2 5085.8 5118.1 5137.93 5123.81 5111.74 5101.08 5090.67 5081.5 5073.94 5083.15 5110.4 5135.66 5160.91 5187.26 5215.51 5222.89 5216.32 5216.25 5212.21 5218.09 5221.82 5208.48 5208.51 5201.73 5188.33 5169.48 5169.7 5226.1 5261.28 5289.62 5280.69 5256.12 5254.17 5237.76 5212.84 5187.87 5177.31 5205.8
5235.92 5270.14 5284.29 5290.4 5309.31 5309.67 5313.99 5314.98 5303.67 5310.55 5319.61 5322.31 5323.18 5326.88 5329.28 5296.74 5265.3 5240.15 5222.24 5209.15 5169.04 5126.73 5092.15 5068.81 5048.86 5032.01 5030.79 5043.13 5062.17 5084.45 5102.93 5109.03 5118.66 5120.44 5119.91 5119.4 5118.96 5116.77 5130.8 5144.88 5159.61 5173.41 5180.6 5174.5 5169.21 5203.66 5224.18 5231.45 5242.31 5228.98 5202.96 5193.11 5185.66 5176.36 5166.31 5190.24 5244.75 5282.14 5297.31 5306.2 5302.78 5269.75 5236.25 5198.52 5162.43 5136.08 5137.77
5215.75 5254.06 5270.86 5284.51 5301.65 5313.05 5322.46 5322.76 5315.43 5316.92 5317.99 5314.57 5309.11 5306.64 5311.99 5283.65 5259.88 5238.76 5217.91 5189 5157.58 5124.58 5089.25 5060.23 5043.82 5031.77 5035.55 5046.9 5062.85 5081.02 5096.91 5112.42 5124.84 5131.6 5139.92 5148.42 5157.41 5178.17 5177.42 5180.32 5183.63 5187.57 5187.7 5178.74 5176.96 5216.86 5248.25 5265.71 5281.37 5247.26 5203.46 5186.45 5182.71 5183.51 5187.91 5241.07 5279.27 5292.93 5321.26 5338.52 5331.52 5286.63 5236.11 5188.01 5146.58 5115.05 5108.14
5206.38 5238.65 5256.33 5268.91 5282.89 5300.26 5325.6 5336.12 5338.94 5331.65 5321.02 5308.56 5292.47 5266.49 5240.22 5252.93 5246.89 5231.07 5209.77 5181 5148.93 5117.99 5087.64 5064.54 5044.45 5043.25 5049.45 5049.62 5062.82 5078.49 5095 5116.28 5126.8 5142.45 5160.95 5174.44 5184.71 5189.88 5213.42 5209.42 5205.9 5205.45 5206.74 5212.33 5235.2 5255.52 5286.28 5309.84 5290.53 5247.02 5200.78 5176.98 5180.14 5203.36 5254.59 5297.63 5295.52 5307.15 5350.97 5384.02 5348.6 5289.68 5232.81 5181.48 5142.79 5119.32 5109.79
5202.52 5228.44 5245 5252.53 5248.23 5275.34 5310.75 5340.95 5357.99 5341.6 5321.96 5303.96 5286.07 5265.49 5239.54 5243.72 5239.11 5225.05 5204.54 5183.86 5155.53 5104.39 5066.08 5041.04 5028.48 5029.98 5037.49 5045.65 5062.66 5079.22 5090.97 5096.76 5117.72 5152.26 5178.54 5200.56 5221.16 5254.07 5242.74 5229.73 5226.6 5227.49 5233.5 5245.41 5259.87 5294.31 5322.67 5334.09 5306.81 5243.07 5176.37 5162.28 5172.5 5194.61 5228.83 5253.83 5305.68 5329.84 5353.73 5393.73 5333.15 5272.52 5216.04 5168.07 5137.46 5140.36 5113.81
5187.15 5223.76 5242.72 5252.52 5259.93 5277.7 5296.77 5331.84 5356.54 5336.52 5315.56 5297.42 5284.62 5281.36 5276.95 5256.35 5239 5219.4 5195.84 5168.78 5128.2 5074.46 5028.48 5004.85 5000.15 5002.57 5013.74 5037.97 5065.2 5087.66 5104.2 5111.4 5134.55 5173.66 5201.84 5224.71 5244.34 5247.56 5237.85 5240.19 5244.42 5250.61 5258.83 5277.49 5310.04 5340.14 5362.98 5352.41 5316.41 5259.59 5182.51 5163.51 5165.94 5172.24 5174.93 5232.37 5270.52 5275.89 5293.48 5302.15 5277.96 5240.3 5190.48 5142.05 5099.89 5082.62 5078.7
5234.2 5237.51 5248.33 5260.15 5274.85 5285.91 5290.97 5311.01 5325.08 5315.87 5300.92 5287.19 5277.36 5276.39 5279.64 5262.55 5240.25 5215.33 5185.36 5146.97 5097.95 5037.95 4984.38 4968.17 4978 4988.36 4997.93 5042.52 5082.35 5111.84 5135.69 5160.14 5186.26 5206.02 5225.6 5242.38 5256.62 5246.41 5236.59 5251.63 5259.03 5266.14 5276.03 5296.21 5326.46 5365.9 5412.34 5436.77 5393.49 5294.6 5232.52 5190.8 5166.07 5158.9 5167.51 5168.8 5156.07 5176.45 5220.63 5252.56 5249.3 5209.94 5164.87 5113.8 5069.64 5046.87 5046.22
5239.52 5245.73 5252.37 5263.27 5274.73 5283.08 5284.2 5287.31 5289.92 5286.46 5280.32 5272.69 5265.71 5269.7 5279.99 5267.2 5245.75 5218.1 5183.26 5139.27 5082.53 5012.92 4949.15 4945.71 4975.75 5007.8 5028.16 5083.22 5115.76 5140.96 5168.83 5204.64 5238.59 5234.38 5237.11 5249.4 5267.72 5275.09 5275.42 5275.34 5274.71 5278.03 5284.66 5298.34 5322.64 5362.35 5415.48 5445.66 5368.02 5289.25 5223.38 5179.31 5160.92 5147.56 5127.22 5097.97 5078 5113.72 5176.22 5223.4 5207.84 5173.44 5134.81 5093.54 5055.81 5039.42 5032.7
5241.72 5240.76 5247.5 5259.21 5273.02 5282.19 5270.46 5255.32 5253.72 5256.65 5258.95 5259.56 5256.97 5248.94 5271.34 5269.77 5250.73 5222.75 5187.36 5144.1 5089.99 5011.4 4935.36 4945.98 4992.32 5055.2 5134.26 5153.65 5152.01 5164.15 5185.06 5215.59 5243.59 5237.25 5237.15 5244.45 5259.54 5284.86 5306.73 5287.72 5280.66 5281.12 5283.37 5285.8 5287.72 5299.44 5336.7 5340.86 5298 5245.14 5194.7 5163.41 5151.47 5143.28 5130.16 5111.63 5082.76 5094.63 5132.35 5142.7 5141.16 5129.39 5106.35 5080.72 5056.37 5040 5023.94
5213.24 5219.32 5229.94 5244.89 5262.71 5275.34 5252.36 5230.74 5221 5225.96 5236.1 5249.34 5264.06 5271.65 5285.57 5277.34 5256.48 5228.81 5195.56 5156.1 5108.33 5029.06 4955.28 4967.85 5015.28 5080.1 5161.86 5170.95 5162.73 5166.67 5177.57 5191.78 5204.4 5209.15 5217.89 5227.21 5234.34 5256.41 5270.46 5275.46 5278.05 5279.81 5279.57 5276.11 5261.31 5243.37 5257.4 5247.31 5220.14 5188.35 5159.88 5145.4 5135.47 5149.09 5155.36 5123.1 5086.49 5067.54 5070.46 5067.88 5090.11 5091.6 5082.23 5069.52 5059.4 5030.96 5010.63
5174.88 5188.37 5203.72 5220.42 5235.55 5242.02 5218.89 5185.84 5185.39 5196.33 5212.7 5237.17 5276.72 5323.22 5308.63 5285.39 5260.7 5234.38 5205.14 5170.34 5125.54 5056.51 4991.15 5001.13 5038.01 5081.51 5109.14 5133.42 5152.12 5155.52 5157.84 5158.46 5155.37 5172.95 5197 5215.94 5230.78 5238.63 5241.91 5260.11 5274.82 5282.34 5283.86 5281.82 5275.54 5261.67 5207.04 5172.56 5153.4 5129.36 5100.19 5077.16 5091.98 5120.44 5137.61 5087.23 5045.29 5036.6 5056.45 5077.02 5066.86 5065.32 5060.25 5053.28 5044.25 5012.41 4992.84
5140.72 5155.45 5172.86 5188.55 5200.03 5204.01 5185.75 5161.82 5159.28 5169.36 5185.55 5208.78 5243.72 5319.61 5300.88 5278.21 5257.85 5236.37 5212.87 5185.67 5151.05 5098.21 5044.83 5042.68 5061.13 5089.79 5127.81 5154.67 5139.11 5136.15 5136.47 5133.86 5125.76 5150.66 5187.67 5214.66 5226.06 5242.4 5244.35 5263.78 5279.63 5286.47 5290.92 5291.34 5289.56 5275.33 5193.24 5131.62 5110.89 5085.81 5052.28 5024.03 5042.31 5058.15 5040.22 5019.93 5031.87 5041.51 5041.98 5046.3 5046.21 5041.55 5035.76 5029.27 5011.31 4987.13 4971.72
5105.75 5125.67 5142.44 5154.53 5162.64 5161.5 5154.73 5141.96 5135.77 5142.76 5155.55 5172.51 5188.94 5218.49 5254.18 5253.42 5244.88 5232.08 5218.49 5200.09 5174.36 5135.73 5098.03 5086.05 5084.43 5090.31 5101.51 5103.91 5102.08 5105 5114.93 5124.67 5135.52 5159.27 5188.43 5218.71 5253.43 5257.51 5274.21 5287.05 5284.17 5284.16 5286.34 5290.34 5293.18 5276.28 5225.6 5135.66 5102.52 5071.06 5033.42 5004.35 5016.74 5045.74 5023.71 5068.78 5092.2 5117.45 5054.37 5029.65 5028.22 5024.02 5012.65 5000.74 4979.28 4960.38 4954.13
5098.49 5107.42 5118.02 5125.5 5130.54 5132.86 5126.06 5112.95 5111.69 5117.52 5126.77 5139.01 5158.47 5195.55 5215.84 5226.76 5230.18 5227.28 5221.57 5215.24 5204.12 5186.25 5163.74 5127.61 5100.93 5081.01 5062.65 5041.72 5055.57 5070.63 5090.71 5117.97 5154.49 5178.75 5183.37 5195.31 5216.69 5242.26 5281.5 5288.57 5271.43 5269.49 5273.97 5280.88 5290.49 5301.27 5258.65 5174.03 5132.59 5084.38 5037.23 4999.48 4998.3 5016.9 5006.87 5054.67 5055.26 5043.91 5024.12 5018.87 5019.47 5013.18 4998.39 4972.25 4950.52 4947.8 4945.79
5102.99 5098.47 5099.06 5100.23 5101.14 5096.81 5093.13 5098.04 5096.94 5092.65 5095.65 5104.56 5121.05 5156.48 5185.16 5203.66 5213.63 5220.63 5222.79 5224.41 5229.54 5247.92 5211 5155.36 5111.86 5071.66 5035.03 5014.39 5014.34 5036.59 5065.79 5101.95 5144.15 5168.06 5162.1 5152.46 5160.49 5192.16 5214.51 5224.14 5232.27 5240.15 5249.09 5258.37 5265.9 5272.44 5292.96 5253.85 5170.02 5109.86 5057.94 5009.58 4987.93 4987.8 4988.28 4993.11 4994.68 5001.8 5016 5020.17 5020.57 5015.33 5002.35 4979.72 4959.57 4953.05 4948.38
5100.72 5091.17 5085.88 5082.03 5079.45 5080.43 5097.15 5104.17 5081.01 5067.82 5070.6 5081.42 5098.61 5134.14 5165.02 5186.21 5201.73 5209.18 5215.32 5220.91 5227.58 5221.44 5207.27 5166.91 5117.61 5066.2 5015.54 4968.28 4976.57 5005.82 5037.29 5074.59 5115.85 5144.39 5132.38 5120.41 5126.09 5147.25 5158.22 5163.73 5186.33 5201.43 5212.44 5222.58 5229.09 5225.49 5230.23 5220.35 5177.33 5132.15 5089.9 5046.36 5014.99 5000.43 5010.82 5017.12 5002.49 5005.54 5021.8 5035.86 5041.07 5038.4 5025.93 5002.58 4983.82 4969.28 4957.21
5098.33 5085.29 5075.04 5065.5 5058.51 5058.23 5074.75 5060.93 5030.14 5031.02 5043.97 5063.98 5093.84 5128.79 5154.96 5173.57 5186.47 5196.54 5205.12 5212.84 5220.24 5232.97 5217.42 5174.46 5125.9 5074.9 5020 4973.92 4969.9 4993.64 5018.92 5044.46 5074.99 5097.06 5097.99 5094.91 5105.87 5121.56 5130.28 5137.3 5153.7 5166.83 5176.42 5185.53 5196.09 5196.79 5188.31 5186.45 5171.49 5150.47 5132.58 5119.71 5108.48 5082.27 5079.18 5082.01 5063.19 5047.01 5048.64 5070.86 5077.56 5072.73 5061.87 5055.21 5020.25 4987.67 4965.33
5092.57 5078.91 5065.01 5049.76 5034.63 5016.75 4995.36 4986.88 4973.41 4988.22 5017.66 5050.2 5076.97 5126.78 5150.21 5163.75 5174.59 5184.79 5193.29 5204.77 5211.54 5216.35 5209.9 5184.55 5143.32 5095.92 5046.53 5002.26 4988.9 5000.26 5007.57 5010.27 5018.47 5040.35 5043.28 5076.56 5099.33 5110.04 5118.46 5130.52 5131.81 5134.01 5139.85 5148.64 5160.81 5179.47 5180.99 5171.84 5163.75 5161.6 5165.58 5185.72 5215.75 5177.32 5156.22 5168.93 5154.94 5141.36 5135.77 5136.45 5133.83 5117.98 5095.79 5065.75 5028.59 4999.24 4970.59
5083.94 5072.36 5055.93 5039.27 5018.44 4989.43 4956.59 4936.47 4922.14 4948.91 4994.74 5056.33 5130.47 5152.29 5148.83 5153.91 5163.01 5173.76 5185.24 5196.88 5205.59 5209 5207.17 5194.63 5158.84 5120.89 5082.83 5051.65 5034.99 5021.64 5006.52 4985.48 4959.32 4922.55 4982.61 5083.04 5102.44 5100.21 5099.99 5104.32 5100.03 5100.46 5103.99 5107.81 5112.84 5123.37 5107.18 5126.85 5139.8 5154.45 5172.84 5193.88 5207.84 5200.38 5199.85 5215.85 5243.29 5254.36 5260.48 5230.83 5200.93 5165.58 5129.3 5085.7 5040.83 5007.93 4972.41
5080.42 5065.15 5051.41 5036.04 5013.28 4983.05 4946.92 4923.81 4899.28 4929.01 4969.21 5020.12 5117.14 5126.26 5128.69 5136.14 5147.44 5160.27 5174.66 5190.64 5210.53 5228.83 5242.64 5209.08 5178.91 5142.49 5115.45 5100.9 5089.71 5050.33 5017.18 4984.79 4947.46 4900.95 4959.76 5069.42 5088.56 5083.99 5073.65 5056.46 5059.35 5068.91 5069.84 5064.93 5056.49 5045.76 5039.78 5077.48 5113.41 5142.04 5167.35 5185.21 5186.57 5197.81 5233.43 5259.72 5284.38 5322.5 5347.67 5310.69 5258.05 5204.68 5158.94 5117.27 5064.91 5018.07 4975.93
