real_craters/C211-1000m.grd
DSAA
186 186
-92.49 92.49
-92.49 92.49
8313.1225261542 11409.779802468
[rows 150 to 179 of 186, columns 67 to 133 of 186]
9794.09 9820.21 9856.59 9956.74 9974.47 9949.56 9920.55 9913.48 9925.67 9966.27 9961.94 9927.53 9903.35 9880.5 9852.11 9855.46 9908.86 10011.9 10108.4 10138.4 10130.1 10136.5 10169.5 10173.1 10179.7 10201.4 10240 10277.7 10282.6 10282.6 10284.1 10285.7 10279.2 10268.7 10235.8 10236.5 10249.8 10269.3 10291.5 10289.4 10354.5 10381.1 10402.1 10476.1 10478.3 10482 10466.6 10414.7 10366.9 10355.1 10330.5 10287.8 10250.2 10215.9 10182 10147.5 10121.3 10097.3 10063.4 10049.3 10041.9 10044 10053.5 10068.9 10081.5 10087 10103.9
9761.6 9809.19 9865.09 9917.1 9911.97 9825.9 9820.47 9821.61 9814.24 9790.66 9753.03 9778.44 9791.16 9778.45 9779.57 9782.57 9827.83 9950.93 10076.8 10127.9 10122.9 10140.6 10180.8 10168.8 10167.4 10188.7 10215.5 10238.4 10247.5 10252.4 10255.3 10255.7 10258.8 10252.4 10188.1 10196.8 10218.4 10240.3 10261.3 10255.8 10300.5 10350.3 10349 10358.4 10393.5 10428.9 10411.2 10386.9 10372.6 10373.1 10341.9 10290.4 10257.2 10222.4 10188.3 10155.6 10137.5 10101.5 10062 10048.5 10038.1 10040.5 10052 10068.7 10083.3 10093.6 10114.4
9747.46 9793.62 9856.08 9845.59 9764.87 9717.76 9734.37 9739.36 9723.41 9683.22 9682.49 9703.55 9724.94 9729.02 9733.39 9730.44 9762.95 9890.78 10027.9 10104 10121.2 10141.1 10167.3 10160.1 10158.6 10168.9 10184.3 10196.1 10210 10220.5 10228.3 10232.9 10233.9 10217.5 10163.7 10168.2 10185 10201.9 10211.9 10225.1 10273.1 10311.9 10314.3 10315.4 10326.5 10357.2 10353.1 10353.5 10366.6 10371.3 10332.7 10294.2 10264 10233.8 10202.4 10172.6 10153.4 10128.2 10079.5 10055 10036.7 10036 10050.8 10071.7 10093.5 10105.7 10120.4
9713.15 9724.55 9708.78 9718.9 9699.2 9683.64 9686.61 9688.59 9681.48 9673.54 9666.28 9678.11 9698.05 9713.19 9720.61 9703.87 9728.88 9830.25 9948.35 10046.9 10102.5 10123.8 10146.1 10142.9 10144.5 10142.6 10154 10167.6 10180.3 10193.5 10208.8 10221.5 10222.4 10187.1 10155.9 10151.9 10158.7 10169.7 10180.7 10189.1 10220.9 10250.4 10278.5 10295.7 10292.7 10285.3 10291.9 10313.3 10333.9 10362 10346.2 10300.5 10273.1 10245.5 10218.5 10194.2 10171 10151.8 10109.8 10073.1 10045.5 10041.5 10056.3 10075.2 10103.7 10119.7 10126.9
9672.8 9683.62 9678.56 9671.42 9688.48 9663.21 9665.85 9666.02 9662.61 9657.83 9654.22 9665.54 9685.48 9708.64 9724.25 9696.3 9705.01 9771.16 9851.11 9950.78 10048.5 10087.6 10108.6 10112 10109.4 10115 10123.2 10130.1 10142.2 10160.9 10182.5 10207.8 10208.5 10160.6 10142.2 10134.5 10139.3 10147.5 10151.1 10162 10190.3 10206.8 10234 10262.4 10260.4 10276.3 10270.6 10297.2 10335.4 10370.6 10366.2 10314.1 10279.2 10252.5 10232 10209.5 10191 10159.5 10131.2 10101.4 10074.5 10068.7 10072.8 10079.5 10079.9 10133.4 10138.5
9661.73 9660.58 9663.38 9657.9 9678.06 9665.35 9659.39 9657.82 9655.13 9647.84 9644.4 9653.63 9672.29 9693.45 9711.76 9677.62 9690.2 9724.02 9756.08 9775.16 9867.57 9996.58 10054.4 10079.3 10091.7 10096.7 10098.8 10095.1 10097.5 10126.2 10150.3 10175.8 10179.1 10130.2 10106.1 10114.4 10123.2 10132.9 10138.9 10148.9 10192.5 10195.1 10201.4 10206.3 10218.2 10234.4 10253.1 10286.5 10325.2 10357.9 10337.8 10298.5 10275.4 10255.7 10245.6 10237.8 10209.3 10178.4 10157.5 10136 10108.3 10096.9 10094.3 10092.2 10090.3 10114.2 10145.7
9647.03 9635.55 9622.31 9640.37 9672.48 9655.48 9654.69 9653.2 9653.43 9651.12 9636.3 9638.21 9653.2 9667.99 9669 9663.6 9678.24 9698.74 9721.77 9754.29 9807.53 9917.83 10000 10049.6 10074.5 10086 10085.2 10080.7 10081.2 10102.6 10118.3 10127.1 10125.3 10114.1 10098.1 10095.8 10107.6 10124.3 10133.4 10136.6 10170.9 10189.2 10182 10174.1 10189.4 10202.1 10224.4 10252.7 10279.3 10300 10279.4 10264.7 10255.6 10251.8 10248 10254.2 10235.3 10219.4 10191.8 10162.2 10132.7 10124.2 10117.8 10112.4 10112.2 10136.4 10163.6
9626.93 9625.2 9630.33 9654.29 9658.57 9648.29 9646.23 9644.56 9643.05 9640.35 9623.42 9622.75 9636.57 9647.79 9653.65 9662.53 9669.64 9687.02 9712.1 9743.76 9786.63 9839.98 9944.54 10022.8 10057 10077.4 10080.9 10080.3 10082.2 10091.4 10098.9 10096.8 10096.3 10100.4 10074.1 10074 10091.3 10113.4 10123.5 10135.2 10142.2 10163.7 10163.7 10163.6 10173.8 10184.2 10199.6 10228.6 10234.9 10236.5 10219.9 10219.1 10232.4 10246.1 10262.8 10272.2 10265.9 10252.4 10223.9 10187.4 10157.4 10149 10143.2 10138.1 10142.4 10163.8 10199.4
9630.48 9627.92 9630.17 9660.96 9650.14 9647.58 9635.01 9634.35 9632.42 9629.15 9617.9 9618.34 9627.4 9636.09 9644.96 9655.16 9659.92 9674.74 9701.1 9741.26 9785.48 9828.91 9916.2 10006.8 10045.3 10072 10082.5 10083.2 10083.4 10090.7 10097.5 10104.2 10089.1 10087.6 10062.7 10057.2 10074.7 10096.2 10119.6 10127.2 10122.1 10140.9 10148.5 10156.3 10170.5 10188.3 10201.2 10208.1 10205.7 10194.8 10169.9 10181.7 10214.2 10236.3 10258.1 10276.6 10291.3 10275.6 10259 10227.6 10192.4 10182.9 10168.5 10167 10182 10190.1 10200.3
9624.79 9617.47 9613.06 9657.61 9648.07 9636.72 9625.48 9626.85 9625.79 9623.39 9622.46 9624.49 9627.25 9632.54 9638.4 9646.39 9653.36 9667.69 9691.38 9719.26 9773.61 9818.27 9900.23 9982.09 10034.5 10079.9 10090.1 10087.9 10082.7 10087.9 10096.6 10098.5 10056 10063.3 10045.3 10042.3 10062.9 10083.6 10101.4 10112 10112.8 10129.6 10137.5 10151.5 10172.2 10190.3 10201 10194.7 10188.9 10176.9 10157.2 10163.5 10191.7 10223.1 10255.5 10297 10332.4 10314.7 10274.7 10273.3 10210.5 10180.7 10176.8 10195 10212.7 10204 10191.9
9622.78 9603.53 9597.93 9641.52 9640.13 9627.34 9626.92 9624.99 9621.75 9619.8 9621.02 9625.76 9625.91 9628.94 9633.29 9642.14 9652.61 9667.47 9687.8 9713.52 9747.39 9804.29 9887.06 9981.03 10048.2 10098 10101 10092.4 10082.3 10080.8 10084 10084.2 10029.9 10044.8 10034.7 10032.5 10055.6 10090.4 10101.6 10102.1 10097.5 10119.5 10122.2 10138.9 10165.2 10179 10180.6 10169.9 10164.4 10155.5 10144.7 10149.1 10170.4 10209.4 10244.1 10281.4 10295.6 10255.8 10223.1 10215.2 10170.6 10152.5 10159.8 10175.5 10188.3 10194.7 10197.9
9662.4 9626.08 9615.56 9636.68 9638.52 9630.84 9631.96 9620.53 9614.19 9608.81 9613.07 9617.23 9620.14 9623.85 9628.22 9635.96 9644.6 9658.76 9684.31 9706.36 9726.4 9779.72 9860.11 9950.95 10038.9 10098.3 10103.6 10092.1 10078.5 10071 10065.2 10045.3 10007.1 10020 10023.6 10024.7 10042.5 10064.7 10088.5 10098.5 10097.5 10093.6 10103.7 10128.6 10153 10159.3 10150.7 10142.2 10137.7 10135.6 10129.6 10135.2 10156 10196.7 10232.8 10223.2 10209.6 10173.3 10163.7 10145.9 10128.9 10123 10131.8 10134.1 10137.2 10161.9 10176.5
9692.31 9666.12 9654.39 9647.9 9638.77 9635.36 9627.43 9611.57 9600.22 9603.47 9606.75 9607.85 9610.88 9615.43 9620.19 9626.16 9634.01 9649.84 9680.68 9711.37 9735.4 9771.75 9822.4 9890.66 9991.39 10072.3 10090 10084 10073.1 10064.6 10053.5 10035.2 9998.12 10007.5 10017.6 10018.4 10031.9 10053.1 10081.9 10088.6 10079.4 10074.9 10084 10103.1 10124.5 10123.1 10118.5 10112.4 10103.4 10098.8 10110.3 10116.2 10134.5 10172.2 10194.5 10138.3 10126.2 10108.5 10101.8 10110.3 10090.4 10093.4 10110 10120.2 10105.8 10115.8 10123.9
9738.87 9715.66 9670.69 9642.21 9633.79 9631.98 9625.32 9611.57 9602.69 9604.96 9601.09 9597.58 9600.32 9605 9610.72 9616.89 9621.81 9639.25 9677.34 9718.83 9752.62 9777.36 9798.41 9835.55 9933.91 10021.7 10055.2 10062.4 10062.5 10059.7 10049.2 10031 10015.1 10014 10021.8 10008.7 10026.2 10046 10062.1 10063.8 10056.4 10063.6 10056.5 10052 10050 10067.6 10094.3 10101.6 10091.7 10093.1 10100.5 10100.9 10110.2 10131 10132.2 10105.3 10084.7 10072.6 10085.2 10088.5 10068.9 10074.3 10090.3 10101.1 10089.8 10077.1 10064.1
9732.77 9689.4 9663.74 9643.34 9631.04 9628.24 9621.54 9616.15 9609.14 9601.43 9593.9 9585.31 9589.26 9595.34 9600.89 9603.88 9604.31 9623.08 9668.21 9709.71 9763.2 9777.97 9784.93 9810.02 9881.51 9955.01 10003.2 10032.4 10050.6 10063.7 10061.9 10056.6 10060.4 10013.4 10003.6 10000.5 10017.9 10035.5 10040 10044.9 10042.7 10037.9 10031.2 10017.3 10012.1 10036.9 10077.4 10092.7 10090.1 10091.7 10096 10087.8 10086.4 10085.2 10049.4 10069.1 10040.3 10060.2 10084.4 10076.1 10061.6 10064.6 10072.4 10073.2 10065.9 10048.9 10027.9
9728.87 9701.6 9668.59 9641.1 9633.35 9628.05 9622.44 9607.39 9598.99 9594.88 9588.24 9579.43 9581.75 9589.16 9594.88 9598.6 9601.13 9613.99 9639.89 9670.66 9717.52 9747.56 9762.27 9780.53 9845.17 9910.45 9965.45 10006.4 10034.1 10054.7 10072.9 10076.9 10057.3 10009.2 9994.97 9980.03 9992.54 9998.24 10022.1 10028 10019.3 10022.7 10020.7 10009.6 9994.9 10017.9 10058.9 10082 10085.5 10087.6 10082.3 10068.4 10059.7 10055.7 10021.1 10055.9 10032.1 10037.7 10062.8 10046.1 10052 10056.1 10063.9 10059.1 10046.6 10032 10015.7
9732.7 9714.39 9680.19 9638.7 9639.6 9631.32 9618.03 9607.67 9603.12 9596.51 9588.17 9580.29 9581.17 9586.77 9592.03 9596.63 9600.07 9605.04 9618.26 9641.46 9666.81 9707.42 9745.18 9774.24 9831.31 9897.44 9954.1 9994.44 10017.4 10026.8 10051.4 10054.9 10029.3 9989.92 9975.81 9961.73 9947.59 9951.67 9991.44 10001.3 10001.1 10008.2 10010.1 9995.2 9983.25 9997.24 10035.4 10051.2 10076.1 10077.3 10060.6 10054.6 10045.1 10025.5 10017.3 10017.2 10018.3 10011.3 10030.9 10020.7 10028.8 10041.8 10054.4 10044 10035.4 10025 10012.6
9733.49 9725.56 9707.15 9669.47 9628.09 9620.13 9604.32 9605.55 9602.74 9597.42 9591.67 9586.05 9585.27 9587.67 9593.33 9596.2 9599.63 9603.81 9618.91 9632.06 9655.13 9686.5 9726.76 9756.67 9825.21 9906.25 9974.07 9992.6 10007.7 10026.6 10021.7 10008.7 9982.94 9943.48 9924.64 9941.82 9925.42 9915.52 9957.22 9969.63 9987.55 9992.74 9987.71 9979.6 9973.96 9978.96 10010.4 10041.3 10076.3 10066.4 10042.6 10037.6 10024 10003.2 9990.76 9996.34 10004 10000.8 9993.09 9981.33 9994.74 10026.1 10048 10045.9 10034.1 10021.2 10009.8
9741.99 9749.37 9723.84 9683.52 9649.5 9621.91 9607.34 9604.33 9597.21 9597.03 9594.37 9588.34 9586.78 9589.94 9594.45 9596.31 9599.99 9604.25 9620.98 9624.9 9642.15 9675.9 9715.2 9747.76 9812.47 9894.11 9962.47 9977.08 9989.57 10002.6 10014.5 9962.98 9920.92 9893.19 9867.06 9881.29 9892 9892.41 9914.43 9944.46 9973.6 9975.37 9969.13 9963.76 9963.44 9967.85 9990.83 10015.2 10046.7 10040.5 10020.5 10006.4 10003.9 10001.3 9988.17 9983.41 9984.86 9994.24 10006.1 9976.04 9995.54 10019.4 10043.8 10050.5 10031.9 10015.2 10001.1
9738.23 9759.61 9734.03 9696.74 9660.83 9627.7 9612.72 9603.54 9603.68 9599.01 9595.25 9589.23 9587.56 9588.48 9592.28 9594.63 9599.16 9604.63 9614.83 9615.05 9639.62 9671.13 9706.12 9733.41 9790.56 9855.27 9901.88 9933.97 9947.38 9970.88 9969.92 9911.94 9876.48 9860.9 9848.84 9843.62 9869.63 9877.09 9901.55 9938.57 9949.3 9955.65 9956.76 9951.3 9947.41 9954.17 9976.12 9989.02 10021.7 10009.3 9986.08 9982.52 9988.72 9992.5 9979.15 9968.93 9967.68 9972.75 9981.71 9979.57 9989.58 10004.1 10019.2 10035.8 10018.6 10004.6 9993.98
9703.57 9730.98 9746.57 9711.6 9661.78 9626.85 9614.79 9604.18 9606.98 9600.58 9594.43 9589.78 9584.52 9586.21 9586.76 9590.95 9596.89 9605.56 9603.75 9606.18 9633.88 9657.67 9668.51 9712.53 9769.9 9820.37 9859.69 9890.61 9901.94 9916.83 9905.61 9867.51 9849.62 9843.28 9842.55 9836.01 9850.81 9865.62 9895.18 9945.18 9936.03 9934.29 9945.32 9941.5 9931.47 9935.49 9951.29 9969.41 9979.85 9969.15 9959.67 9960.1 9966.93 9971.85 9955.87 9928.95 9933.12 9942.19 9953.47 9956.8 9958.15 9967.71 9980.15 9988.77 9991.95 9989.34 9987.23
9681.36 9720.93 9738.64 9704.74 9652.95 9619.72 9616.04 9610.83 9610.8 9601.84 9590.86 9583.34 9584.57 9573.71 9574.62 9584.27 9595.77 9602.11 9601.36 9604.33 9626 9655.18 9674.6 9710.28 9757.34 9801.07 9835.73 9859.32 9860.99 9863.1 9850.28 9836.71 9832.78 9834.59 9834.98 9829.72 9837.9 9863.87 9878.66 9924.97 9925.4 9922.75 9922.84 9922.58 9920.06 9919.17 9935.7 9954.99 9948.39 9933.1 9933.06 9936.64 9940.5 9934.34 9922.42 9903.01 9906.47 9918.26 9932.7 9899.94 9918.43 9929.89 9933.44 9954.1 9964.46 9974.33 9982.24
9674.06 9708.5 9703.85 9686.68 9658.14 9627.65 9624.04 9619.19 9619.24 9605.53 9583.26 9557.75 9530.09 9536.25 9556.09 9575.33 9591.68 9599.47 9600.18 9602.47 9631.9 9677.62 9692.16 9712.85 9747.52 9786.33 9821.73 9836.33 9828.92 9824.21 9819.29 9823.07 9826.04 9827.08 9822.71 9803.11 9855.46 9853.81 9850.91 9900.38 9908.72 9910.73 9909.9 9912.03 9914.85 9923.94 9940.38 9936.81 9919.44 9900.72 9905.55 9915.06 9917.46 9905.61 9906.89 9880.21 9897.01 9911.71 9925.15 9910.37 9910.34 9917.92 9916.99 9926.91 9946.66 9962.29 9978.25
9658.34 9685.36 9684.39 9687.23 9681.17 9655.58 9649.74 9646.77 9638.33 9611.04 9579.45 9540.11 9480.28 9508.21 9546.8 9569.5 9584.38 9590.78 9598.83 9602.6 9638.98 9678.44 9686.17 9709.27 9736.97 9769.87 9800.97 9812.34 9802.67 9802.65 9806.22 9820.04 9822.96 9821.76 9817.77 9805.83 9821.98 9833.78 9814.44 9852.86 9887.91 9904.92 9903.67 9904.91 9904.69 9905.72 9901.06 9913.19 9891.06 9870.64 9885.34 9906.15 9916.27 9896.63 9892.3 9893.08 9899.7 9917.64 9924.07 9914.15 9906.19 9915.92 9920.37 9918.35 9933.83 9951.94 9970.8
9650.64 9675.53 9687.3 9701.76 9722.33 9702.11 9681.69 9661.73 9643.5 9618.08 9590.18 9560.09 9537.85 9545.78 9560.78 9573.31 9581.71 9590.43 9612.75 9622.96 9645.49 9667.41 9680.43 9700.76 9723.89 9746.76 9761.45 9768.57 9778.43 9789.6 9803.59 9814.93 9814.54 9817.03 9817.43 9810.29 9803.27 9807.98 9799.04 9837.2 9874.1 9897.37 9896.85 9895.53 9888.84 9875.21 9854.17 9889.01 9873.28 9851.76 9867.27 9892.62 9916.14 9901.49 9892.91 9887.02 9901.96 9914.11 9928.38 9922.46 9900.25 9894.57 9899.92 9909.78 9924.17 9941.84 9961.16
9638.76 9677.7 9701.35 9709.94 9719.36 9706.72 9683.03 9652.12 9642.53 9621.27 9601.36 9588.47 9587.65 9586.18 9584.57 9585.91 9590.08 9605.19 9620.25 9637.76 9651.25 9669.53 9679.73 9690.87 9708.58 9725.19 9737.55 9750.11 9760.97 9775.53 9808.67 9800 9811.76 9819.85 9823.01 9808.78 9785.18 9780.75 9795.5 9832.99 9863.72 9886.03 9886.99 9885.37 9878.29 9864.84 9855.47 9867.3 9816.56 9830.34 9855.2 9867.66 9889.53 9892.02 9892 9897.12 9904.68 9915.98 9923.5 9911.18 9899.74 9883.66 9879.37 9897.9 9913.54 9928.53 9946.06
9631.79 9678.49 9703.02 9710.56 9712.34 9699.63 9673.07 9652.25 9633.3 9615.54 9605.32 9601.67 9604.61 9603.64 9601.44 9601.74 9605.4 9614.29 9625.1 9639.95 9648.02 9658.71 9668.89 9680.45 9696.58 9711.66 9725.11 9738.64 9750.46 9771.27 9798.19 9792.08 9815.42 9835.77 9845.78 9833.28 9779.7 9778.82 9794.96 9821.13 9845.56 9857.54 9869.12 9880.72 9872.13 9861.33 9843.41 9803.96 9802.59 9853.03 9867.33 9876.7 9890.02 9905.05 9908.88 9907.41 9905.16 9905.43 9919.48 9913.88 9909.31 9887.39 9884.03 9894.96 9909.09 9922.19 9933.74
9625.51 9672.34 9694.69 9709.17 9720.64 9717.94 9682.86 9636.57 9610.06 9608.91 9606.68 9606 9604.44 9606.13 9608.16 9612.34 9618.67 9615.4 9619.07 9624.24 9637.25 9646.02 9655.27 9672.56 9688.65 9702.37 9714.46 9727.88 9741.9 9760.41 9771.47 9797.13 9822.85 9856.34 9880.33 9857.28 9773.5 9772.22 9772.22 9797.95 9821.6 9833.6 9849.53 9868.07 9859.71 9849.03 9838.59 9819.99 9804.15 9841.44 9858.8 9879.56 9891.25 9918.07 9935 9919.25 9899.54 9894.36 9916.43 9910.29 9906.86 9889.37 9887.75 9893.94 9903.77 9913.72 9922.43
9621.44 9658.75 9695.11 9712.96 9716.48 9707.79 9688.28 9626.99 9606.2 9602.14 9601.14 9601.97 9598.15 9593.74 9606.03 9614.93 9621.52 9613.06 9612.78 9621.49 9630.49 9644.46 9656.92 9669.42 9682.51 9695.4 9707.41 9718.08 9733.85 9750.64 9766.31 9795.88 9832.73 9873.92 9903.32 9862.95 9764.56 9755.89 9770.65 9781.32 9793.97 9807.39 9827.19 9835.28 9832.36 9830.55 9828.7 9822.16 9810.17 9821.28 9827.56 9835.59 9876.7 9925.89 9959.08 9935.7 9903.96 9875.96 9906.05 9929.11 9916.07 9891.53 9886.93 9892.76 9899.45 9907.24 9915.98
9619.05 9661.83 9695.52 9712.64 9714.36 9717.14 9689.14 9620.27 9602.15 9600.89 9602.83 9604.01 9598.27 9599.32 9604.33 9613.52 9620.26 9616.88 9612.82 9615.12 9626.03 9641.07 9653.93 9667.75 9679 9691.48 9704.07 9715.74 9734.37 9757.36 9773.52 9787.12 9828.91 9866.06 9892.5 9840.73 9759.76 9748.14 9767.18 9774.44 9783.51 9794.91 9797.52 9797.64 9803.67 9807.26 9802.12 9812.76 9791.53 9805.24 9803.69 9821.89 9869.54 9901.82 9918.97 9947.57 9928.95 9922.17 9925.98 9948.01 9935.47 9910.42 9897.42 9895.39 9899.88 9905.9 9914.35
