real_craters/C211-750m.grd
DSAA
433 433
-161.8575 161.8575
-161.8575 161.8575
2406.0680557139 6308.7624817942
[rows 266 to 303 of 433, columns 168 to 251 of 433]
5611 5547 5508 5461 5494 5476 5514 5546 5569 5597 5613 5616 5630 5636 5665 5670 5703 5735 5810 5679 5495 5337 5176 5073 5008 4964 4925 4893 4835 4790 4714 4704 4704 4709 4658 4649 4633 4500 4442 4443 4420 4420 4406 4321 4258 4299 4455 4316 4229 4178 4197 4196 4167 4109 4125 4116 4063 4115 4136 4206 4243 4282 4322 4333 4334 4298 4305 4292 4279 4300 4347 4420 4490 4555 4575 4651 4684 4728 4776 4824 4914 5013 5094 5170
5604 5551 5561 5610 5586 5583 5524 5549 5555 5558 5578 5605 5641 5660 5708 5740 5763 5733 5737 5620 5515 5417 5345 5197 5071 5057 5019 4976 4948 4927 4861 4810 4770 4834 4830 4816 4845 4734 4574 4561 4530 4524 4537 4578 4485 4444 4442 4453 4386 4296 4325 4319 4288 4256 4280 4319 4331 4402 4348 4387 4464 4451 4459 4478 4498 4484 4415 4376 4357 4362 4406 4469 4561 4675 4734 4744 4733 4772 4838 4906 5018 5129 5220 5334
5569 5550 5565 5641 5639 5584 5568 5558 5560 5574 5605 5626 5644 5684 5746 5801 5826 5718 5594 5511 5425 5391 5353 5322 5272 5244 5180 5099 5072 5000 4947 4923 4940 4955 4930 4945 4936 4821 4695 4688 4678 4679 4726 4729 4641 4628 4663 4636 4660 4645 4550 4497 4469 4454 4489 4571 4711 4584 4467 4442 4487 4540 4554 4581 4586 4496 4485 4456 4411 4434 4503 4593 4705 4837 4918 4866 4811 4817 4917 5016 5191 5252 5301 5355
5628 5545 5545 5520 5628 5606 5576 5564 5564 5575 5596 5623 5681 5715 5752 5805 5856 5763 5552 5472 5424 5403 5407 5449 5501 5512 5471 5383 5269 5140 5045 5000 4980 5026 5061 5064 5082 5028 4892 4882 4890 4878 4864 4817 4852 4808 4804 4849 4737 4760 4701 4655 4648 4650 4681 4726 4762 4645 4565 4545 4554 4578 4618 4637 4598 4577 4586 4579 4555 4561 4643 4750 4850 4939 5002 4991 4932 4894 5001 5107 5322 5345 5361 5365
5514 5518 5597 5571 5493 5549 5543 5548 5556 5567 5598 5625 5657 5694 5708 5744 5786 5719 5637 5578 5492 5450 5460 5582 5758 5806 5766 5666 5510 5340 5204 5115 5063 5090 5132 5147 5161 5216 5182 5137 5100 5054 4998 4969 4935 4897 4820 4797 4742 4759 4803 4808 4808 4827 4837 4834 4794 4702 4704 4697 4689 4680 4708 4713 4654 4674 4774 4800 4766 4779 4869 4946 5029 5067 5131 5170 5141 5125 5128 5189 5311 5369 5396 5400
5409 5403 5501 5572 5459 5442 5464 5515 5539 5551 5579 5604 5624 5654 5670 5662 5603 5600 5648 5681 5636 5517 5512 5651 5831 5948 6015 5933 5766 5570 5416 5313 5251 5214 5243 5230 5210 5236 5318 5318 5284 5205 5115 5038 4977 4928 4893 4892 4922 4904 4923 4951 4969 4981 4985 4960 4894 4842 4867 4914 4856 4828 4879 4922 4950 4995 5090 5148 5161 5200 5203 5182 5156 5366 5432 5405 5369 5315 5242 5304 5340 5407 5448 5458
5348 5278 5318 5344 5346 5409 5458 5479 5503 5526 5556 5585 5614 5631 5641 5624 5566 5538 5588 5654 5635 5548 5556 5665 5789 5942 6158 6101 5989 5865 5665 5550 5506 5494 5436 5358 5282 5273 5311 5384 5431 5315 5211 5130 5082 5105 5051 5005 4980 5026 5059 5078 5096 5119 5134 5110 5044 4969 5016 5047 5018 5027 5129 5210 5285 5433 5484 5566 5621 5645 5590 5500 5502 5682 5694 5615 5553 5516 5398 5468 5448 5506 5522 5533
5363 5286 5249 5267 5297 5376 5443 5441 5463 5500 5539 5581 5619 5644 5650 5659 5620 5553 5556 5569 5559 5547 5581 5681 5803 5934 6042 6122 6120 6024 5856 5748 5707 5699 5572 5500 5458 5398 5311 5332 5367 5347 5303 5275 5394 5380 5305 5261 5190 5193 5211 5215 5217 5230 5252 5257 5295 5302 5229 5204 5253 5345 5441 5544 5655 5790 5809 5914 6067 6062 5908 5767 5712 5880 5847 5754 5672 5615 5604 5586 5613 5608 5594 5610
5397 5332 5282 5241 5239 5283 5316 5342 5395 5453 5511 5563 5614 5653 5674 5707 5745 5598 5573 5578 5616 5578 5611 5705 5829 5931 6026 6124 6142 6059 5966 5874 5761 5656 5676 5675 5599 5599 5500 5385 5358 5413 5403 5472 5625 5761 5765 5661 5543 5451 5369 5338 5324 5318 5292 5336 5368 5433 5374 5440 5572 5667 5741 5865 5985 5941 5983 6045 6176 6192 6038 5920 5887 5906 5886 5808 5724 5640 5636 5660 5639 5618 5641 5648
5419 5330 5321 5252 5205 5196 5174 5246 5323 5398 5474 5546 5614 5679 5719 5717 5654 5635 5629 5616 5694 5671 5671 5721 5810 5933 6108 6131 6147 6160 6015 5914 5789 5760 5757 5863 5863 5660 5596 5614 5631 5552 5615 5740 5793 5775 5827 5847 5850 5641 5510 5440 5391 5388 5411 5397 5378 5351 5400 5613 5922 5892 5911 6026 6155 6117 6039 6038 6107 6105 6024 5966 5942 5947 5885 5821 5763 5709 5657 5626 5637 5672 5643 5619
5446 5362 5328 5276 5200 5180 5174 5207 5284 5365 5456 5538 5624 5690 5759 5790 5739 5701 5704 5719 5635 5716 5660 5684 5762 5912 6133 6065 6014 6006 5991 5895 5801 5719 5726 5727 5673 5640 5644 5669 5674 5608 5566 5674 5749 5709 5704 5790 5771 5659 5560 5486 5440 5424 5459 5396 5356 5452 5579 5617 5807 5872 5896 5945 6008 5972 5931 5967 5976 5995 5992 5935 5896 5875 5840 5823 5803 5794 5767 5635 5611 5633 5610 5562
5492 5416 5364 5353 5272 5207 5156 5180 5257 5341 5429 5521 5611 5721 5806 5916 5885 5789 5703 5626 5511 5453 5517 5582 5675 5800 5917 5927 5880 5924 5970 5976 5796 5708 5693 5661 5662 5693 5715 5788 5726 5612 5554 5632 5701 5722 5719 5773 5622 5601 5543 5490 5448 5413 5361 5323 5326 5455 5474 5526 5648 5747 5775 5759 5728 5690 5725 5747 5828 5902 5946 5837 5750 5681 5768 5800 5817 5823 5793 5662 5598 5595 5573 5523
5530 5450 5449 5454 5348 5252 5183 5194 5251 5321 5407 5499 5594 5691 5796 5866 5839 5755 5639 5511 5401 5341 5390 5459 5539 5675 5789 5803 5773 5831 5920 5968 5874 5759 5727 5683 5693 5754 5724 5656 5652 5599 5546 5549 5613 5700 5712 5762 5628 5552 5514 5482 5448 5410 5387 5355 5338 5393 5466 5582 5639 5677 5681 5648 5624 5600 5601 5557 5536 5649 5677 5699 5708 5739 5757 5771 5793 5829 5859 5737 5625 5587 5547 5487
5532 5457 5429 5465 5328 5271 5243 5242 5257 5312 5385 5468 5562 5669 5766 5819 5831 5770 5619 5487 5379 5308 5319 5348 5374 5428 5635 5712 5747 5766 5780 5884 6099 5966 5822 5714 5731 5748 5695 5665 5653 5642 5606 5601 5540 5587 5583 5517 5494 5488 5475 5456 5438 5412 5382 5355 5384 5496 5583 5577 5691 5659 5629 5606 5627 5686 5629 5517 5506 5505 5501 5625 5684 5789 5768 5722 5706 5729 5801 5812 5668 5616 5553 5486
5495 5458 5410 5373 5306 5262 5227 5217 5248 5303 5365 5441 5518 5610 5693 5810 5801 5734 5629 5523 5415 5306 5292 5285 5269 5253 5422 5613 5787 5704 5690 5775 5912 5959 5885 5881 5771 5638 5608 5635 5655 5729 5779 5736 5500 5504 5476 5432 5448 5463 5469 5458 5437 5419 5416 5434 5450 5477 5498 5497 5616 5608 5582 5593 5629 5692 5645 5537 5509 5516 5555 5680 5770 5787 5715 5638 5583 5539 5496 5628 5671 5621 5576 5488
5443 5463 5468 5377 5285 5242 5210 5189 5229 5280 5335 5388 5445 5501 5565 5600 5678 5692 5638 5593 5513 5378 5320 5285 5263 5264 5347 5491 5552 5551 5530 5624 5758 5787 5762 5753 5580 5445 5465 5512 5584 5572 5585 5587 5520 5489 5454 5431 5465 5489 5488 5477 5456 5435 5408 5398 5418 5457 5477 5501 5493 5509 5528 5530 5578 5627 5616 5577 5528 5543 5637 5729 5856 5691 5585 5518 5443 5359 5267 5271 5386 5594 5579 5453
5355 5417 5499 5428 5282 5227 5205 5174 5222 5265 5304 5343 5384 5419 5468 5515 5615 5639 5682 5676 5660 5510 5385 5326 5311 5350 5418 5495 5455 5419 5365 5499 5582 5542 5445 5358 5296 5261 5326 5407 5421 5373 5400 5440 5524 5520 5522 5522 5546 5543 5512 5478 5458 5437 5411 5375 5422 5473 5545 5515 5488 5501 5511 5515 5550 5551 5533 5548 5555 5514 5467 5584 5750 5624 5497 5409 5333 5255 5178 5143 5169 5312 5391 5363
5257 5319 5378 5422 5312 5246 5251 5255 5260 5271 5289 5302 5327 5339 5340 5358 5383 5488 5582 5683 5720 5550 5438 5378 5342 5377 5536 5553 5485 5359 5308 5353 5379 5285 5153 5093 5105 5122 5159 5188 5150 5150 5285 5496 5663 5652 5676 5763 5660 5583 5527 5484 5467 5448 5445 5474 5487 5468 5442 5444 5454 5481 5551 5577 5572 5557 5565 5712 5649 5492 5350 5389 5518 5448 5357 5298 5254 5206 5162 5148 5151 5169 5245 5279
5179 5236 5278 5395 5379 5328 5304 5308 5282 5277 5280 5282 5286 5276 5256 5224 5250 5348 5459 5619 5711 5577 5493 5432 5369 5373 5443 5468 5414 5263 5168 5168 5148 5086 4970 4936 4970 4997 5005 5031 5083 5064 5160 5389 5753 5742 5768 5794 5677 5576 5519 5479 5455 5442 5451 5501 5511 5497 5456 5439 5505 5573 5652 5650 5615 5609 5692 5771 5648 5471 5342 5298 5284 5253 5184 5197 5194 5181 5166 5153 5149 5183 5272 5225
5144 5190 5247 5322 5365 5348 5313 5275 5274 5270 5260 5251 5249 5238 5250 5259 5235 5240 5332 5463 5572 5615 5585 5496 5392 5338 5325 5268 5230 5131 5056 5068 5054 4989 4917 4892 4905 4931 4957 4998 5064 5077 5127 5244 5472 5593 5531 5630 5559 5502 5468 5449 5430 5423 5409 5427 5505 5511 5495 5521 5610 5750 5698 5665 5595 5570 5581 5476 5487 5415 5336 5293 5278 5208 5154 5155 5162 5171 5181 5177 5157 5160 5134 5166
5145 5177 5190 5216 5260 5275 5270 5306 5307 5271 5245 5227 5209 5194 5182 5212 5211 5167 5210 5322 5460 5631 5676 5557 5401 5275 5157 5099 5065 5019 4974 4951 4944 4947 4925 4893 4890 4905 4923 4953 4973 5017 5085 5106 5152 5228 5209 5274 5372 5409 5420 5412 5417 5413 5395 5365 5443 5534 5488 5479 5527 5568 5539 5524 5507 5462 5377 5433 5401 5365 5330 5345 5310 5214 5156 5149 5159 5174 5195 5229 5230 5176 5170 5156
5176 5212 5242 5272 5285 5248 5283 5289 5283 5249 5229 5210 5195 5181 5163 5221 5252 5215 5185 5221 5377 5591 5687 5591 5439 5249 5062 4972 4973 4964 4943 4926 4918 4932 4939 4923 4921 4912 4908 4936 4965 5019 5022 5008 5001 5074 5128 5128 5227 5297 5348 5374 5388 5406 5424 5449 5404 5262 5259 5303 5377 5373 5423 5429 5417 5393 5353 5348 5340 5324 5305 5263 5263 5208 5163 5147 5156 5168 5185 5208 5292 5225 5168 5137
5234 5258 5268 5278 5321 5263 5229 5220 5205 5219 5218 5207 5189 5176 5177 5229 5258 5274 5159 5094 5269 5543 5723 5576 5396 5200 5019 4931 4941 4947 4937 4920 4918 4933 4947 4950 4962 4927 4914 4958 5023 5046 4982 4987 5002 5076 5083 5093 5162 5237 5286 5321 5349 5376 5395 5378 5308 5284 5261 5291 5328 5364 5381 5367 5354 5347 5370 5314 5296 5284 5278 5291 5230 5196 5168 5162 5159 5164 5164 5173 5218 5178 5146 5116
5289 5295 5274 5234 5252 5233 5180 5177 5178 5212 5218 5208 5193 5190 5217 5272 5247 5177 5095 5028 5202 5449 5576 5492 5303 5152 5001 4923 4944 4963 4947 4927 4928 4936 4941 4944 4938 4931 4928 4966 5034 5088 5052 5001 5032 5065 5043 5082 5122 5174 5224 5272 5316 5345 5378 5365 5304 5310 5340 5328 5312 5303 5289 5298 5298 5279 5242 5245 5246 5240 5232 5212 5191 5192 5188 5183 5171 5167 5158 5140 5127 5183 5141 5111
5340 5370 5314 5237 5251 5191 5127 5171 5238 5235 5210 5196 5194 5199 5260 5358 5275 5144 5072 5040 5176 5360 5466 5414 5281 5117 4985 4927 4963 4998 4974 4939 4942 4943 4941 4946 4950 4949 4948 4960 4972 5022 5074 5096 5087 5087 5110 5114 5132 5171 5206 5247 5281 5304 5298 5302 5313 5271 5241 5238 5264 5309 5256 5258 5257 5264 5288 5234 5215 5213 5197 5144 5180 5186 5195 5182 5172 5173 5173 5177 5211 5192 5148 5132
5386 5337 5305 5258 5217 5150 5096 5150 5246 5199 5169 5156 5164 5212 5280 5408 5321 5197 5076 5046 5162 5317 5419 5335 5187 5061 4965 4929 4981 5042 5022 4978 4975 4971 4962 4952 4963 4986 4998 4984 4953 4988 5059 5096 5106 5100 5112 5113 5133 5165 5199 5238 5271 5291 5286 5265 5256 5223 5181 5162 5212 5277 5285 5254 5226 5186 5174 5154 5177 5193 5213 5254 5204 5171 5147 5137 5154 5170 5190 5223 5184 5190 5141 5139
5325 5317 5292 5229 5170 5128 5096 5090 5067 5088 5099 5095 5110 5158 5235 5370 5276 5163 5058 5032 5136 5272 5365 5232 5058 5002 4955 4935 4979 5043 5071 5050 5024 5004 4993 4981 4989 5004 5019 5034 5049 4983 4980 4991 5026 5026 5042 5075 5107 5150 5188 5231 5271 5303 5316 5252 5180 5160 5200 5168 5198 5262 5296 5250 5216 5178 5176 5174 5167 5174 5189 5197 5184 5156 5128 5123 5139 5155 5182 5212 5183 5199 5176 5151
5280 5353 5324 5262 5185 5146 5072 5042 5043 5044 5037 5031 5028 5034 5078 5182 5213 5137 5046 5025 5103 5205 5293 5162 4996 4974 4956 4943 4983 5041 5072 5079 5062 5049 5025 5039 5021 5014 5041 5073 5073 5011 4972 4984 4986 4983 4982 5036 5090 5134 5180 5219 5257 5291 5311 5202 5103 5122 5174 5166 5166 5201 5256 5223 5212 5234 5261 5189 5150 5146 5153 5153 5143 5136 5128 5128 5137 5145 5156 5155 5136 5121 5147 5108
5284 5380 5371 5332 5284 5224 5089 5006 4992 4976 4976 4968 4949 4948 5003 5095 5129 5104 5036 5026 5074 5120 5117 5030 4995 4989 4978 4957 5002 5055 5085 5088 5093 5065 5063 5041 5038 5020 5057 5117 5119 5020 4998 5027 5012 4979 4975 5014 5059 5104 5147 5191 5227 5252 5237 5146 5076 5129 5150 5125 5114 5114 5101 5148 5171 5186 5160 5107 5096 5104 5110 5111 5093 5108 5117 5125 5116 5117 5113 5103 5087 5093 5098 5069
5274 5406 5408 5385 5349 5279 5105 5004 4957 4926 4932 4920 4900 4893 4965 5069 5134 5114 5065 5050 5060 5056 5020 5041 5045 5033 5020 4989 5038 5088 5059 5097 5131 5168 5139 5126 5081 5039 5080 5138 5149 5078 5026 5009 4994 4963 4979 5003 5041 5084 5126 5157 5184 5197 5171 5097 5049 5090 5116 5108 5088 5050 5072 5106 5127 5126 5102 5073 5063 5068 5071 5069 5070 5079 5085 5071 5082 5083 5078 5072 5071 5055 5089 5019
5310 5388 5420 5428 5455 5340 5122 5037 4994 4946 4942 4921 4890 4876 4987 5079 5134 5154 5132 5115 5086 5043 5003 5010 5062 5078 5071 5043 5091 5093 5087 5091 5150 5210 5169 5146 5134 5165 5110 5098 5102 5091 5051 4973 4965 4970 4974 5006 5048 5082 5109 5129 5141 5143 5126 5069 5050 5099 5087 5069 5041 5024 5070 5096 5089 5078 5065 5050 5039 5045 5059 5062 5063 5071 5071 5073 5068 5057 5050 5042 5037 5079 5007 4980
5370 5415 5409 5402 5362 5217 5170 5148 5097 5054 5017 4978 4930 4898 4980 5059 5130 5205 5249 5192 5122 5057 5009 5025 5095 5134 5140 5126 5132 5027 4952 5027 5125 5188 5132 5090 5113 5102 5097 5058 5058 5058 5016 4970 4960 4967 4972 5014 5057 5082 5098 5108 5106 5087 5068 5055 5051 5037 5049 5039 5016 5007 5069 5084 5057 5058 5060 5027 5011 5016 5029 5045 5090 5073 5059 5062 5053 5041 5032 5024 5004 4985 4985 4976
5435 5404 5354 5329 5308 5256 5247 5216 5193 5164 5111 5060 5012 4960 4973 5017 5106 5231 5302 5248 5170 5094 5037 5056 5143 5183 5197 5144 5048 4942 4911 4976 5045 5103 5142 5122 5110 5111 5093 5059 5061 5076 5041 4988 4974 4974 5007 5062 5084 5091 5093 5089 5082 5070 5046 5015 5005 5013 5031 5022 5016 5003 5043 5055 5034 5032 5036 5020 5004 4999 4995 5010 5018 5022 5025 5018 5014 5017 5015 5011 5012 5004 5002 4988
5373 5285 5260 5244 5217 5227 5239 5251 5259 5236 5177 5121 5101 5069 4996 5003 5093 5233 5308 5263 5200 5140 5094 5130 5215 5252 5275 5080 4917 4890 4911 4958 5022 5133 5068 5087 5132 5143 5134 5126 5103 5095 5103 5052 5068 5085 5157 5156 5124 5107 5092 5079 5064 5046 5024 4999 4981 4980 5006 5013 5008 5019 5039 5041 5010 4982 5000 5013 5032 4997 4990 4988 4983 4985 4998 4991 4989 5004 5007 5003 4991 4978 4976 4989
5243 5142 5168 5178 5170 5150 5161 5227 5235 5211 5160 5116 5089 5044 5033 5009 5078 5188 5259 5239 5206 5178 5168 5238 5282 5239 5113 4999 4903 4877 4891 4951 5011 5033 5040 5061 5106 5152 5175 5202 5209 5235 5270 5193 5137 5133 5164 5164 5135 5112 5095 5076 5054 5031 5015 4995 4989 4975 4987 5013 5036 5030 5018 4999 5004 5001 4994 4992 4983 4985 4985 4986 4987 4993 5001 5005 5009 5005 5000 4992 4984 4979 4972 4981
5150 5107 5121 5141 5157 5134 5100 5072 5103 5092 5069 5083 5078 5082 5084 5023 5070 5134 5176 5187 5184 5193 5232 5306 5303 5169 5017 4965 4926 4891 4892 4951 5017 5042 5031 5040 5045 5100 5169 5247 5245 5237 5220 5164 5115 5122 5136 5132 5122 5105 5087 5069 5051 5033 5028 5014 4990 4983 4991 5018 5036 5030 5024 5023 5014 5026 4997 4975 4954 4963 4978 4988 5004 5023 5012 5016 5014 5013 4999 4984 4973 4971 4949 4929
5152 5113 5103 5124 5159 5171 5176 5163 5134 5087 5054 5081 5104 5116 5106 5089 5072 5096 5123 5136 5146 5167 5209 5233 5203 5128 5059 5018 4983 4917 4914 4963 5010 5016 5030 5058 5082 5114 5143 5150 5166 5154 5135 5131 5121 5123 5113 5106 5106 5099 5086 5073 5057 5046 5055 5046 4994 4977 5002 5028 5056 5034 5031 5026 5013 5001 4989 4970 4954 4961 4975 4985 4996 5005 5006 5021 5040 5017 4997 4977 4954 4922 4954 4947
5153 5080 5069 5096 5145 5237 5292 5288 5283 5188 5141 5108 5103 5132 5124 5089 5062 5048 5070 5089 5097 5103 5110 5130 5144 5150 5122 5090 5041 4964 4952 4985 5014 5018 5052 5088 5137 5148 5158 5157 5134 5129 5143 5137 5113 5106 5102 5100 5098 5094 5087 5082 5078 5075 5088 5093 5066 5026 5019 5036 5048 5051 5034 5010 4995 4986 4983 4974 4964 4987 4988 4982 4978 4968 4991 5014 5020 5014 4995 4973 4949 4923 4928 4951
