real_craters/C211-750m.grd
DSAA
433 433
-161.8575 161.8575
-161.8575 161.8575
2406.0680557139 6308.7624817942
[rows 0 to 37 of 433, columns 0 to 83 of 433]
4906 4909 4912 4917 4894 4875 4858 4843 4826 4840 4866 4864 4834 4769 4704 4856 4971 4983 4990 5033 5083 5142 5202 5246 5233 5196 5052 4840 4710 4561 4404 4252 4117 4039 3935 3812 3732 3699 3664 3637 3601 3585 3573 3559 3545 3530 3516 3503 3486 3466 3470 3471 3471 3469 3467 3470 3469 3478 3475 3558 3683 3836 4009 4202 4407 4550 4550 4576 4729 4883 5017 5110 5127 5136 5188 5178 5082 5014 4976 4977 4946 4953 4976 4971
4895 4897 4901 4904 4875 4861 4855 4851 4857 4866 4877 4886 4887 4924 4936 4931 4979 4995 5002 5036 5079 5137 5144 5134 5210 5282 5268 5060 4851 4654 4462 4279 4139 4061 3984 3876 3797 3739 3674 3638 3611 3592 3581 3569 3557 3541 3525 3506 3488 3482 3473 3473 3474 3472 3469 3473 3478 3488 3488 3593 3742 3922 4121 4349 4561 4513 4514 4607 4752 4897 5038 5145 5100 5080 5082 5085 5066 5032 5032 4994 4961 4951 4970 4952
4880 4882 4874 4847 4843 4848 4853 4859 4867 4875 4882 4883 4907 4935 4953 4962 4977 4989 5007 5028 5060 5089 5089 5080 5184 5341 5449 5236 5005 4779 4559 4349 4186 4159 4108 4045 3965 3838 3722 3648 3619 3607 3597 3584 3572 3557 3538 3520 3506 3488 3481 3480 3482 3480 3478 3487 3497 3508 3511 3637 3820 4011 4196 4383 4507 4501 4558 4693 4812 4933 5038 5093 5031 5003 5012 5031 5045 5045 5013 4970 4941 4916 4893 4880
4858 4856 4849 4825 4825 4842 4856 4866 4873 4879 4880 4887 4903 4913 4927 4943 4947 4958 4978 5004 5030 5060 5059 5064 5159 5311 5463 5340 5118 4900 4684 4481 4364 4380 4264 4176 4072 3958 3801 3671 3646 3632 3616 3603 3588 3571 3553 3535 3519 3504 3497 3496 3497 3495 3495 3511 3539 3563 3562 3717 3910 4094 4258 4383 4441 4554 4700 4837 4928 4987 5028 5020 4996 4995 5008 5026 5031 5034 4982 4905 4864 4862 4849 4844
4839 4822 4815 4818 4830 4848 4864 4877 4887 4895 4900 4895 4896 4902 4911 4918 4926 4935 4953 4969 4991 5007 5025 5059 5129 5218 5296 5318 5170 4997 4811 4624 4502 4469 4351 4281 4217 4060 3900 3728 3684 3664 3645 3631 3616 3596 3573 3552 3534 3520 3518 3519 3519 3517 3518 3543 3612 3689 3713 3872 4039 4202 4345 4459 4563 4733 4908 5021 5049 5044 5035 5029 5003 5006 5014 5032 5022 4994 4985 4919 4844 4841 4833 4826
4832 4822 4821 4833 4848 4862 4875 4888 4901 4912 4900 4885 4888 4896 4901 4904 4917 4927 4923 4935 4957 4978 5000 5026 5083 5171 5216 5262 5186 5072 4933 4762 4567 4413 4351 4310 4242 4091 3928 3809 3747 3702 3688 3672 3656 3628 3597 3567 3547 3540 3539 3539 3546 3559 3565 3574 3727 3883 4022 4081 4190 4318 4458 4588 4730 4924 5174 5234 5169 5103 5064 5046 5024 5024 5063 5056 5041 4997 4966 4935 4886 4853 4836 4829
4835 4825 4832 4846 4864 4876 4884 4894 4904 4908 4899 4884 4887 4895 4900 4902 4906 4914 4905 4912 4933 4959 4985 5008 5063 5175 5225 5211 5181 5133 5065 4928 4665 4432 4371 4305 4201 4100 4022 3937 3836 3761 3748 3736 3707 3668 3618 3588 3570 3564 3569 3576 3587 3637 3690 3763 3895 4033 4153 4237 4339 4468 4616 4763 4914 5130 5426 5351 5226 5136 5088 5083 5090 5087 5091 5117 5087 5052 5002 4970 4909 4865 4842 4830
4845 4849 4857 4868 4879 4887 4892 4897 4900 4897 4897 4893 4892 4895 4899 4893 4889 4884 4881 4891 4918 4949 4982 5004 5045 5127 5153 5156 5180 5197 5206 5173 4862 4595 4468 4351 4206 4145 4114 4051 3943 3861 3845 3818 3784 3737 3685 3626 3672 3754 3649 3616 3654 3744 3859 3987 4075 4130 4219 4334 4457 4599 4763 4946 5148 5325 5317 5254 5205 5155 5114 5138 5097 5100 5130 5148 5087 5069 5024 4938 4894 4867 4844 4826
4855 4867 4870 4877 4886 4891 4893 4896 4898 4897 4896 4896 4894 4892 4888 4884 4877 4872 4871 4880 4906 4939 4981 5000 5037 5076 5100 5119 5169 5237 5288 5258 5072 4827 4634 4482 4373 4260 4216 4157 4072 4029 3987 3952 3915 3873 3816 3784 3890 3934 3789 3762 3746 3869 4003 4141 4192 4223 4317 4429 4563 4716 4890 5075 5278 5363 5206 5169 5169 5173 5167 5173 5137 5099 5083 5028 5027 4988 4981 4945 4901 4871 4844 4824
4855 4862 4871 4875 4883 4889 4887 4889 4896 4905 4902 4898 4896 4890 4882 4873 4873 4876 4874 4875 4895 4919 4948 4981 5017 5035 5031 5034 5136 5247 5337 5341 5213 5011 4818 4644 4474 4317 4243 4217 4175 4167 4114 4094 4069 4033 3997 3976 3967 3947 3902 3954 3964 4050 4137 4200 4233 4254 4367 4535 4685 4837 4972 5137 5272 5331 5194 5118 5148 5194 5264 5223 5128 5084 5046 5025 5008 4979 4967 4949 4911 4877 4847 4818
4852 4850 4854 4858 4865 4873 4868 4875 4888 4900 4896 4893 4890 4886 4886 4883 4874 4878 4878 4880 4891 4903 4914 4958 5006 4996 5002 5026 5133 5244 5343 5378 5233 5116 4978 4825 4649 4460 4338 4312 4291 4234 4233 4251 4243 4218 4196 4177 4112 4062 4040 4145 4270 4253 4282 4295 4335 4405 4529 4688 4827 4940 5044 5139 5197 5174 5137 5119 5152 5185 5209 5148 5065 5048 5024 4988 4977 4956 4934 4929 4907 4882 4858 4839
4852 4855 4844 4836 4829 4820 4839 4857 4871 4882 4884 4882 4879 4880 4879 4871 4871 4884 4893 4890 4894 4899 4913 4943 4980 4989 5013 5077 5156 5230 5295 5345 5355 5250 5125 5002 4870 4710 4592 4531 4526 4484 4471 4475 4460 4420 4367 4330 4335 4309 4294 4391 4380 4410 4486 4552 4652 4746 4816 4883 4945 5005 5054 5097 5116 5121 5127 5164 5159 5151 5113 5054 4979 4950 4938 4919 4909 4908 4910 4903 4898 4888 4874 4859
4830 4829 4817 4812 4804 4800 4819 4843 4860 4871 4872 4873 4877 4875 4873 4868 4872 4892 4909 4903 4895 4895 4901 4917 4939 4976 5018 5109 5161 5210 5278 5367 5429 5349 5243 5164 5110 5052 4942 4899 4866 4820 4778 4743 4696 4626 4544 4491 4469 4469 4591 4637 4596 4635 4753 4890 5046 5131 5104 5061 5050 5055 5073 5082 5082 5094 5124 5158 5148 5122 5064 5000 4942 4915 4899 4886 4888 4894 4894 4906 4902 4900 4895 4886
4799 4796 4792 4796 4798 4797 4819 4841 4856 4868 4860 4864 4870 4869 4866 4866 4871 4890 4912 4895 4888 4886 4891 4903 4917 4938 4985 5022 5075 5159 5267 5381 5466 5401 5334 5287 5269 5276 5269 5284 5212 5135 5081 5041 4965 4878 4777 4725 4694 4701 4849 4940 4925 4937 5006 5174 5482 5497 5297 5177 5121 5085 5081 5083 5078 5079 5109 5137 5119 5086 5028 4981 4942 4915 4894 4879 4868 4875 4881 4900 4913 4915 4917 4924
4769 4770 4776 4790 4804 4824 4837 4847 4853 4845 4851 4853 4855 4857 4861 4864 4868 4875 4878 4877 4875 4876 4878 4882 4914 4946 4957 4971 5017 5100 5172 5287 5372 5395 5380 5346 5327 5293 5311 5436 5414 5397 5428 5319 5224 5172 5120 5075 5038 5046 5163 5214 5130 5111 5143 5225 5279 5320 5286 5225 5156 5132 5119 5116 5107 5092 5126 5122 5094 5056 5004 4967 4942 4922 4895 4873 4863 4872 4890 4911 4924 4927 4936 4948
4754 4762 4776 4791 4812 4833 4848 4856 4862 4861 4850 4845 4842 4848 4858 4864 4864 4867 4868 4862 4861 4870 4880 4899 4914 4933 4942 4950 4984 5069 5172 5238 5305 5379 5403 5404 5399 5398 5355 5338 5364 5477 5574 5458 5384 5397 5496 5401 5400 5396 5355 5257 5171 5179 5188 5208 5201 5196 5230 5220 5201 5182 5168 5172 5201 5229 5252 5162 5085 5019 4976 4951 4935 4920 4889 4864 4862 4877 4910 4926 4924 4931 4945 4961
4740 4746 4767 4793 4818 4841 4855 4861 4864 4859 4848 4844 4846 4854 4862 4872 4872 4865 4860 4856 4859 4870 4883 4897 4905 4931 4935 4943 4974 5032 5135 5268 5344 5371 5395 5418 5442 5426 5363 5315 5323 5405 5459 5417 5389 5408 5464 5432 5451 5430 5376 5254 5193 5178 5211 5210 5185 5187 5186 5190 5184 5186 5179 5178 5213 5244 5202 5112 5029 4979 4947 4936 4920 4903 4873 4846 4841 4862 4899 4909 4908 4929 4950 4966
4744 4754 4774 4799 4823 4843 4857 4861 4858 4854 4847 4844 4850 4858 4865 4873 4872 4865 4859 4859 4863 4875 4885 4894 4902 4912 4922 4930 4955 4961 5043 5234 5319 5340 5369 5406 5454 5521 5480 5385 5362 5337 5297 5308 5308 5281 5236 5243 5187 5207 5257 5254 5270 5298 5270 5245 5226 5202 5145 5126 5116 5117 5123 5120 5097 5101 5097 5030 4973 4938 4923 4915 4902 4882 4861 4830 4817 4840 4875 4900 4911 4931 4952 4973
4756 4777 4789 4808 4827 4845 4854 4860 4860 4854 4846 4844 4851 4856 4866 4871 4872 4874 4878 4882 4885 4887 4888 4889 4909 4907 4904 4904 4899 4893 4960 5144 5225 5264 5302 5350 5402 5447 5415 5349 5301 5259 5256 5243 5216 5186 5153 5127 5090 5106 5174 5309 5320 5308 5261 5249 5251 5139 5095 5080 5071 5074 5081 5092 5099 5066 5009 4977 4940 4916 4904 4905 4900 4886 4863 4838 4823 4846 4882 4907 4929 4941 4962 4991
4771 4777 4795 4814 4833 4849 4859 4862 4852 4854 4851 4852 4858 4867 4867 4868 4871 4883 4893 4903 4904 4899 4892 4886 4879 4881 4888 4889 4888 4883 4916 4998 5099 5169 5219 5259 5299 5325 5294 5216 5138 5155 5162 5152 5135 5121 5108 5097 5090 5097 5134 5168 5188 5168 5194 5197 5168 5040 5037 5040 5043 5048 5058 5065 5069 5065 5059 5016 4922 4896 4888 4888 4904 4896 4875 4855 4838 4855 4902 4910 4922 4940 4967 5007
4787 4791 4806 4823 4840 4855 4870 4869 4873 4859 4857 4861 4862 4867 4867 4867 4870 4883 4894 4906 4910 4907 4896 4888 4903 4890 4887 4888 4888 4884 4890 4912 5009 5081 5124 5146 5167 5191 5128 5118 5098 5085 5083 5076 5068 5058 5063 5079 5092 5090 5065 5117 5172 5222 5206 5130 5042 4994 4999 5004 5015 5025 5025 5019 5009 5027 5060 5025 4929 4890 4883 4885 4888 4894 4888 4869 4854 4863 4884 4897 4909 4930 4963 5007
4797 4806 4820 4834 4847 4858 4860 4861 4861 4858 4856 4856 4861 4867 4867 4867 4869 4875 4880 4882 4897 4902 4898 4891 4877 4886 4888 4890 4892 4895 4909 4938 4987 5027 5045 5042 5019 5004 5064 5076 5051 5042 5029 5016 5023 5020 5035 5069 5095 5088 5046 5068 5111 5175 5161 5060 4983 4992 4990 4987 4996 4998 4993 4983 4961 4967 4948 4903 4897 4886 4883 4890 4899 4906 4906 4904 4886 4872 4889 4895 4901 4924 4959 5001
4816 4827 4837 4846 4856 4862 4864 4855 4847 4851 4854 4858 4862 4865 4866 4865 4866 4870 4867 4870 4879 4891 4898 4900 4884 4884 4890 4888 4895 4910 4961 5009 5007 5009 5006 4994 4964 4964 5039 5037 5022 5013 5007 5008 5005 5010 5025 5056 5100 5104 5083 5042 5013 5006 5009 4992 4965 4974 4976 4982 4989 4992 4987 4980 4961 4942 4915 4894 4889 4889 4888 4903 4930 4924 4919 4918 4908 4895 4899 4910 4919 4937 4977 5011
4844 4853 4857 4862 4866 4869 4869 4857 4846 4851 4854 4857 4861 4866 4865 4857 4852 4850 4848 4846 4862 4881 4893 4900 4888 4883 4877 4880 4881 4899 4983 5035 5018 4999 4984 4974 4980 4978 4963 4966 4975 4976 4983 4995 4995 4991 5014 5033 5087 5087 5045 5014 5011 5004 4957 4956 4953 4954 4960 4969 4974 4980 4982 4985 4979 4939 4911 4892 4893 4886 4895 4911 4919 4930 4924 4915 4916 4919 4926 4944 4959 4977 5013 5037
4851 4868 4873 4875 4876 4878 4879 4880 4868 4857 4853 4854 4854 4854 4853 4842 4833 4829 4831 4832 4847 4871 4883 4892 4887 4887 4884 4874 4866 4886 4972 5016 5006 4987 4969 4958 4949 4948 4947 4946 4937 4937 4957 4975 4998 4999 5022 5045 5033 5025 5001 4978 4949 4938 4940 4946 4950 4951 4953 4956 4964 4969 4971 4965 4953 4932 4910 4892 4886 4897 4902 4928 4947 4941 4936 4932 4929 4941 4962 4984 5018 5065 5060 5063
4866 4880 4884 4883 4882 4881 4879 4877 4869 4856 4847 4839 4833 4832 4826 4827 4823 4821 4821 4822 4830 4847 4865 4891 4903 4895 4880 4865 4854 4872 4943 4977 4972 4959 4946 4933 4929 4930 4943 4951 4936 4932 4943 4966 5023 5079 5026 4989 4974 4968 4953 4928 4909 4906 4919 4934 4945 4953 4957 4950 4955 4960 4964 4963 4952 4932 4913 4898 4897 4929 4960 4952 4948 4946 4948 4950 4938 4962 4976 5004 5049 5082 5095 5085
4897 4901 4896 4890 4887 4882 4877 4866 4860 4850 4840 4830 4822 4821 4820 4820 4819 4819 4819 4819 4822 4828 4842 4857 4880 4878 4863 4851 4846 4858 4882 4914 4928 4926 4916 4903 4889 4909 4937 4951 4942 4934 4933 4944 4999 5051 4997 4941 4946 4934 4918 4907 4904 4904 4908 4921 4934 4943 4947 4939 4939 4949 4958 4968 4956 4935 4920 4912 4927 4963 4981 4962 4945 4941 4944 4941 4928 4923 4941 4995 5054 5111 5111 5098
4917 4910 4900 4891 4883 4877 4873 4866 4851 4842 4835 4827 4822 4820 4820 4818 4817 4817 4817 4819 4821 4822 4827 4834 4845 4848 4844 4839 4841 4853 4860 4883 4895 4899 4893 4885 4882 4903 4934 4956 4948 4931 4925 4913 4953 5003 4958 4921 4914 4904 4893 4889 4893 4902 4909 4913 4923 4926 4920 4922 4928 4938 4945 4954 4949 4937 4930 4927 4946 4992 4987 4948 4930 4925 4920 4916 4930 4921 4925 4975 5030 5070 5092 5096
4897 4899 4893 4883 4875 4868 4861 4846 4838 4836 4831 4826 4822 4820 4818 4818 4818 4818 4818 4819 4820 4820 4821 4824 4831 4835 4838 4840 4840 4845 4862 4869 4877 4882 4883 4879 4879 4902 4929 4953 4944 4951 4917 4898 4906 4928 4913 4893 4889 4885 4877 4868 4870 4884 4905 4923 4913 4909 4910 4908 4917 4926 4933 4932 4942 4945 4941 4946 4957 4970 4963 4926 4916 4918 4913 4916 4923 4912 4924 4956 5002 5043 5067 5076
4878 4884 4882 4877 4869 4861 4853 4845 4837 4833 4829 4826 4823 4821 4820 4819 4819 4818 4818 4819 4821 4821 4821 4822 4828 4833 4838 4841 4838 4839 4848 4860 4871 4879 4885 4888 4895 4904 4923 4933 4911 4897 4887 4880 4879 4890 4891 4882 4876 4876 4871 4867 4867 4878 4897 4886 4891 4890 4884 4896 4911 4923 4935 4945 4950 4955 4955 4960 4966 4957 4940 4921 4920 4927 4925 4920 4918 4917 4905 4935 4974 5014 5035 5037
4874 4873 4871 4866 4858 4850 4841 4835 4837 4834 4830 4826 4822 4821 4821 4820 4820 4819 4819 4820 4821 4821 4822 4827 4829 4832 4838 4843 4834 4833 4837 4858 4873 4889 4898 4903 4907 4912 4915 4903 4887 4878 4872 4867 4867 4876 4883 4883 4880 4876 4873 4869 4868 4868 4856 4864 4869 4873 4877 4894 4909 4927 4942 4950 4964 4971 4970 4969 4958 4933 4925 4929 4933 4942 4951 4941 4931 4907 4901 4912 4938 4965 4980 4984
4863 4863 4860 4855 4849 4842 4836 4833 4836 4834 4831 4827 4823 4821 4822 4822 4821 4821 4821 4822 4823 4823 4825 4827 4829 4832 4837 4839 4836 4835 4843 4862 4882 4900 4918 4928 4930 4925 4919 4906 4886 4877 4867 4859 4865 4875 4880 4886 4885 4880 4877 4874 4869 4857 4839 4845 4853 4858 4862 4877 4905 4936 4964 4977 4982 4985 4983 4974 4950 4939 4931 4933 4946 4957 4959 4951 4936 4895 4877 4882 4903 4924 4937 4937
4860 4854 4850 4847 4843 4840 4838 4837 4834 4836 4834 4830 4827 4825 4824 4823 4823 4823 4824 4828 4829 4828 4825 4827 4829 4831 4834 4835 4833 4843 4858 4867 4884 4909 4933 4957 4957 4940 4928 4919 4899 4878 4863 4852 4833 4880 4880 4882 4883 4881 4878 4876 4869 4857 4839 4840 4844 4847 4845 4860 4902 4943 4984 5004 4997 4992 4988 4985 4954 4944 4942 4938 4956 4981 4971 4950 4929 4890 4852 4853 4877 4899 4913 4913
4844 4845 4846 4845 4842 4838 4832 4838 4851 4841 4836 4833 4831 4829 4827 4828 4828 4830 4835 4842 4838 4832 4834 4832 4830 4829 4831 4834 4834 4840 4847 4860 4882 4910 4939 4954 4961 4947 4933 4921 4900 4882 4869 4864 4872 4877 4877 4885 4883 4880 4876 4870 4860 4846 4837 4836 4839 4845 4854 4869 4902 4942 4981 4997 4995 4988 4984 4975 4966 4950 4933 4940 4956 4980 4991 4946 4918 4884 4839 4839 4865 4889 4907 4906
4833 4840 4843 4845 4845 4842 4839 4840 4840 4839 4836 4834 4833 4834 4827 4826 4831 4838 4840 4859 4853 4842 4840 4836 4832 4829 4829 4833 4828 4835 4834 4847 4872 4902 4940 4973 4965 4946 4928 4916 4900 4881 4871 4872 4879 4882 4888 4885 4882 4878 4872 4865 4856 4842 4835 4837 4839 4849 4858 4868 4902 4936 4965 4980 4981 4976 4971 4969 4968 4964 4930 4932 4950 4966 4981 4942 4914 4890 4862 4855 4868 4888 4911 4910
4836 4841 4845 4847 4849 4852 4850 4846 4839 4838 4836 4832 4830 4826 4825 4821 4825 4842 4891 4897 4849 4854 4846 4841 4835 4830 4828 4828 4817 4825 4828 4837 4856 4881 4915 4962 4944 4928 4915 4906 4890 4873 4860 4868 4874 4872 4885 4883 4878 4874 4869 4862 4854 4845 4841 4846 4849 4857 4867 4881 4902 4928 4953 4963 4965 4962 4955 4951 4965 4970 4948 4945 4952 4959 4977 4934 4921 4898 4878 4872 4878 4890 4903 4921
4846 4849 4852 4853 4856 4860 4861 4854 4847 4839 4833 4830 4826 4822 4824 4822 4809 4786 4770 4700 4761 4848 4844 4842 4835 4830 4825 4818 4810 4811 4815 4820 4835 4850 4861 4862 4890 4896 4896 4893 4888 4867 4853 4853 4853 4850 4863 4872 4871 4868 4863 4860 4859 4853 4849 4845 4853 4864 4872 4880 4898 4919 4934 4946 4948 4947 4947 4950 4963 4977 4995 4971 4964 4967 4972 4943 4914 4902 4892 4886 4887 4895 4907 4925
4857 4857 4857 4857 4857 4858 4849 4849 4842 4834 4828 4826 4826 4832 4831 4827 4794 4717 4575 4483 4672 4832 4836 4833 4830 4828 4825 4813 4808 4808 4807 4811 4818 4824 4825 4830 4849 4864 4871 4874 4875 4854 4841 4834 4834 4837 4844 4860 4863 4860 4857 4854 4852 4857 4865 4856 4867 4869 4875 4883 4893 4907 4924 4932 4937 4938 4941 4950 4952 4959 4967 4974 4981 4977 4981 4964 4924 4911 4900 4890 4894 4900 4908 4916
