real_craters/C211-500m.grd
DSAA
648 648
-161.8575 161.8575
-161.8575 161.8575
2402.2861871555 6325.9255041471
[rows 600 to 629 of 648, columns 134 to 200 of 648]
4755.13 4755.14 4753.79 4752.68 4755.63 4759.96 4764.81 4771.35 4780.06 4778.16 4768.42 4762.34 4760.49 4768.19 4774.39 4776.39 4777.17 4778.07 4779.84 4783.43 4793.57 4792.9 4783.7 4779.52 4779.77 4780.95 4780.44 4777.43 4776.08 4770.26 4776.96 4793.65 4806.04 4817.29 4829.46 4839.87 4832.98 4820.34 4810.73 4802.14 4827.01 4842.74 4846.11 4854.51 4876.59 4890.73 4895.36 4893.61 4885.66 4885.01 4877.32 4878.38 4879.83 4885.04 4892.79 4899.89 4913.8 4926.84 4932.34 4928.63 4924.09 4922.86 4925.45 4932.22 4931.93 4918.63 4905.3
4762.21 4761.39 4755.88 4753.14 4755.3 4760 4764.28 4768.26 4769.84 4766 4760.4 4755.84 4764.86 4774.59 4777.73 4779.39 4779.18 4779.12 4779.92 4787.17 4797.17 4791.68 4795.97 4795.67 4790.09 4793.32 4793.71 4789.91 4782.15 4780.48 4801.06 4811.06 4817.77 4824.47 4834.75 4846.08 4843.39 4831.3 4822.78 4820.93 4822.01 4800.08 4797.7 4850.67 4887.43 4908.97 4924.79 4909.63 4877.93 4859.63 4866.29 4872.94 4875.66 4879.18 4888.48 4895.87 4903.93 4911.65 4919.74 4916.86 4917.94 4921 4926.33 4934.99 4933.63 4916.02 4900.82
4757.38 4763.89 4761.95 4754.45 4754.9 4759.27 4762.95 4764.98 4762.37 4756.88 4755.51 4752.79 4774.17 4780.61 4781.21 4781.32 4780.94 4780.78 4781.87 4797.48 4797.35 4795.09 4789.95 4789.76 4805.54 4810.21 4810.6 4809.38 4809.68 4831.35 4838.1 4835.23 4830.67 4827.16 4828.91 4845.75 4843.09 4833.84 4837.22 4839.94 4828.44 4805.4 4814.17 4872.37 4941.61 4987.49 4976.17 4936.29 4884.96 4855.98 4862.97 4870.21 4876.41 4881.05 4887.65 4889.8 4893.78 4897.44 4893.15 4901.06 4907.35 4910.97 4914.79 4919.6 4918.84 4900.94 4886.75
4753.78 4754.23 4755.61 4753.6 4754.29 4757.92 4762.08 4765.18 4766.52 4765.37 4760.05 4753.23 4770.3 4782.24 4783.71 4784.2 4785.02 4785.66 4789.91 4805.01 4803.32 4793.06 4794.92 4806.64 4827.89 4829.41 4830.33 4833.88 4844.07 4865.59 4871.41 4859.49 4843.57 4824.74 4806.98 4792.07 4795.3 4823.38 4851.2 4863 4842.65 4821.94 4827.77 4899.17 4999.12 5078.14 5027.27 4964.19 4904.17 4873.63 4870.67 4873.68 4878.54 4880.31 4886.8 4886.28 4889.55 4893.35 4898.18 4898.81 4899.93 4900.08 4898.72 4892.9 4882.6 4875.15 4867.59
4752.15 4752.15 4752.02 4752.03 4753.63 4757.76 4761.62 4766.14 4772.88 4782.09 4769.07 4764.86 4778.08 4783.58 4785.59 4786.98 4788.04 4790.43 4795.32 4808.29 4802.08 4800.91 4810.43 4826.38 4842.4 4845.29 4848.29 4853.26 4867.4 4909.77 4901.11 4881.32 4857.61 4829.95 4794.36 4765.15 4778.77 4825.74 4853.92 4866.04 4861.36 4845.82 4848.87 4916.13 5003.25 5058.99 5025.05 4975.96 4923.27 4891.66 4879.95 4874.49 4871.23 4870.71 4874.75 4879.26 4882.26 4889.88 4893.14 4891.42 4890.59 4889.08 4884.28 4872.88 4846.96 4856.78 4850.85
4750.78 4750.66 4750.86 4751.01 4752.24 4756.34 4760.64 4764.56 4768.43 4762.43 4764.04 4761 4779.21 4782.91 4785.91 4787.52 4788.71 4792.64 4795 4796.79 4798.93 4812.02 4825.36 4846.07 4853.77 4862.08 4869.31 4874.48 4882.96 4912.52 4912.4 4900 4881.83 4854.11 4822.2 4810.25 4845.67 4857.72 4874.59 4894.9 4898.12 4890.5 4883.28 4938.28 4987.84 4985 4991.27 4976.71 4946.96 4911.3 4883.08 4868.9 4857.8 4856.63 4862.38 4873.15 4881.16 4883.25 4880.8 4878.92 4882.56 4879.92 4873.58 4866.12 4865.99 4850.19 4837.66
4749.95 4750.45 4752.27 4752.06 4750.63 4756.82 4759.16 4761.53 4763.32 4764.58 4762.5 4764.11 4777.21 4782.2 4785.45 4787.57 4790.05 4793.56 4797.95 4796.96 4819.97 4825.84 4839.22 4866.78 4873.97 4883.59 4902.29 4908.81 4903.67 4940.71 4937.84 4929.97 4911.99 4892.63 4880.64 4890.22 4898.79 4893.78 4898.57 4915.93 4943.42 4963.49 4964.37 5005.28 5024.07 5007.54 4987.95 4970.68 4953.9 4912.19 4877.97 4859.94 4852.77 4858.28 4861.07 4866.4 4874.32 4881.19 4884.13 4886.36 4880.4 4873.45 4864.15 4853.44 4841.14 4831.77 4824.4
4748.31 4753.12 4756.92 4758.43 4760.93 4757.86 4756.9 4758.51 4760.2 4761.58 4762.95 4766.4 4772.9 4781.36 4785.41 4788.23 4789.42 4790.84 4801.34 4816.79 4822.8 4832.13 4850.55 4878.62 4874.58 4910.94 4949.19 4972.59 4984.79 4979.5 4975.25 4967.59 4946.32 4930.65 4926.19 4931.12 4929.48 4921.86 4919.8 4946.5 5001.39 5064.33 5123.35 5138.36 5092.04 5032.42 4985.13 4943.48 4915.5 4877.99 4851.5 4840.52 4841.99 4848.06 4855.28 4862.15 4869.25 4879.21 4892.05 4904.34 4881.65 4868.54 4855.99 4841.93 4825.53 4816.56 4813.95
4748.15 4751.49 4755.97 4761.2 4771.06 4758.17 4755.8 4757.56 4758.93 4760.63 4764.62 4769.17 4776 4783.39 4787.42 4789.72 4790.85 4790.63 4801.52 4820.84 4824.52 4833.7 4851.69 4870.05 4901.82 4976.43 5016.36 5034.41 5040.85 5011.19 5042.68 5004.72 4974.78 4955.57 4945.66 4957.05 4963.13 4956.48 4945.81 4986.29 5052.74 5140.07 5259.15 5251.34 5123.01 5042.11 4973.06 4888.3 4839.9 4826.37 4817.11 4815.03 4824.16 4829.77 4839.38 4851.54 4863.87 4874.64 4882.33 4880.6 4877.42 4862.47 4849.52 4835.97 4823.42 4814.67 4809.7
4748.58 4748.99 4751.6 4755.73 4754.34 4755.08 4757.2 4758.1 4758.96 4760.58 4765.54 4779.17 4787.9 4790.15 4791.62 4793.03 4794.53 4800.89 4814.61 4816.43 4813.56 4818.73 4837.85 4904.83 5041.1 5115.2 5087.19 5059.19 5025.82 5023.41 5028.76 5005.86 4989.47 4974.45 4967.28 4988.83 5001.97 5006.19 5013.11 5032.88 5073.89 5128.57 5192.43 5166.95 5042.52 4935.71 4845.93 4801.76 4776.57 4773.12 4778.5 4785.36 4802.96 4815.41 4829.38 4841.62 4854.5 4866.9 4878.31 4881.27 4873.8 4857.47 4844.73 4832.65 4823.47 4816.43 4807.32
4747.69 4750.25 4753.95 4755.79 4751.58 4754.36 4762.41 4760.25 4759.8 4761.84 4769 4798.55 4799.94 4794.84 4793 4793.31 4796.37 4801 4812.58 4819.97 4814.45 4812.57 4866.15 5056.6 5223.45 5216.09 5114.84 5033.1 4983.54 4988.63 4987.91 5001.22 4996.85 4991.53 4993.51 5013.42 5035.54 5053.27 5065.8 5070.93 5064.87 5052.73 5018.69 4952.18 4893.5 4813.08 4737.57 4722.37 4714.51 4725.13 4739.29 4755.08 4770.97 4799.33 4815.61 4832.15 4847.37 4860.45 4873.3 4875.25 4870.98 4854.57 4842.45 4830.3 4817.68 4802.54 4805.25
4747.61 4754.74 4764.8 4761.79 4763.96 4768.97 4763.44 4759.64 4760.32 4763.19 4770.25 4787.3 4795.27 4794.63 4794.95 4796.14 4798.72 4806.13 4820.25 4821.93 4807.28 4826.44 4894.96 5065.05 5195.3 5168.75 5075.89 4985.59 4962.83 4996.56 5020.16 5010.93 5002.08 5002.84 5013.54 5021.63 5068.87 5100.11 5122.66 5096.83 5038.77 4972.84 4881.78 4785.83 4772.9 4739.44 4705.37 4679.25 4674.36 4689.04 4709.01 4730.53 4757.96 4779.05 4806.68 4827.03 4846.21 4857.79 4866.72 4871.13 4868.25 4852.42 4842.01 4831.63 4822.53 4818.38 4810.14
4748.84 4749.56 4750.23 4762.1 4779.8 4786.63 4754.78 4756.96 4759.79 4763.33 4767.58 4775.46 4786.67 4792.04 4794.21 4796.58 4800.33 4808.36 4825.75 4822.61 4817.23 4850.82 4916.76 4987.43 5039.85 5024.38 5010.65 4982 5009.34 5016.32 5010.78 5001.95 4999.76 5004.11 5036.22 5085.34 5104.14 5128.31 5129.5 5077.24 5001.19 4915.72 4824.78 4753.49 4715.86 4691.17 4675.01 4634.48 4638.31 4664.02 4694.02 4719.47 4743.15 4781.3 4803.92 4824.63 4840.65 4852.64 4860.3 4863.97 4862.09 4851.18 4843.48 4834.25 4826.34 4821.07 4811
4748.16 4747.59 4748.47 4756.05 4760.76 4753.55 4757.15 4758.89 4761.01 4764.93 4770.2 4772.89 4781.92 4789.42 4794.1 4796.91 4799.25 4808.85 4839.32 4807.12 4820.25 4857.98 4917.32 4923.01 4906.69 4922.23 4972.24 5007.96 5028.04 5007.74 4993.7 5001.31 4998 4994.54 5024.07 5090.29 5106.98 5129.04 5100.1 5031.99 4954.85 4872.22 4792.42 4730.58 4683.88 4655.6 4626.59 4627.36 4637.48 4660.24 4685.44 4710.64 4739.38 4762.27 4794.71 4815.48 4833.21 4847.37 4857.05 4859.7 4859.69 4852.89 4846.42 4836.95 4826.7 4814.08 4808.24
4747.95 4748.18 4749.7 4752.36 4753.79 4755.11 4759.4 4760.92 4763.42 4767.03 4772.42 4777.01 4782.14 4786.87 4791.33 4795.94 4798.9 4799.64 4808.23 4803.68 4809.32 4830.27 4873.9 4866.12 4886.05 4925.43 4970.33 5017.1 5000.44 4995.97 4989.1 5016.15 5001.72 4991.87 5019.74 5065.43 5073.6 5061.72 5024.15 4976.82 4911.04 4837.3 4760.64 4688.22 4656.72 4647.07 4645.88 4647.2 4649 4661.94 4682.88 4711 4735.33 4758.57 4794 4815.77 4834.31 4850.7 4861.74 4867.21 4867.37 4868.02 4853.91 4842.44 4830.82 4820.62 4811.36
4748.4 4749.33 4750.46 4751.66 4752.11 4752.69 4757.35 4761.82 4765.43 4768.23 4771.73 4779.6 4782.01 4785.86 4790.56 4795.52 4801.42 4805.87 4805.5 4810.29 4803.3 4816.72 4840.16 4866.3 4915.19 4933.06 4951.92 4981.28 4979.53 4996.01 5027.85 5031.8 5000.82 4988.23 5019.11 5046.51 5038.25 5009.73 4972.99 4937.14 4885.99 4821.6 4749.49 4672.77 4649.72 4654.93 4668.76 4666.77 4655.83 4669.78 4694.18 4717.99 4743.24 4766.03 4799.78 4825.12 4843.99 4859.85 4875.23 4885.12 4893.35 4882.82 4862.93 4848.15 4833.32 4821.16 4808.89
4748.9 4750.05 4751.43 4752.14 4752.58 4753.65 4759.12 4763.56 4767.5 4770.83 4774.03 4779.37 4779.93 4782.72 4788.16 4793.97 4799.62 4794.64 4792.27 4788.72 4793.38 4800.65 4819.95 4855.48 4891.89 4906.41 4930.5 4954.01 4959.43 4985.77 4997.1 4990.33 4989.04 4984.64 5000.15 5030.07 5027.45 4993.93 4961.24 4929.55 4884.99 4829.99 4767.51 4708.78 4678.48 4669.94 4668.61 4648.99 4659.82 4679.48 4705.23 4728.72 4755.75 4777.48 4800.35 4832.82 4852.85 4869.93 4886.54 4898.21 4909.06 4894.2 4870.95 4852.56 4834.81 4818.33 4805.96
4749.31 4750.28 4751.52 4752.81 4754.16 4756.52 4761.2 4765.9 4770.31 4775.32 4774.33 4771.36 4775.55 4779.69 4784.89 4789.66 4790.26 4777.16 4789.38 4784.48 4792.74 4808.89 4815.94 4839.1 4885.5 4913.89 4928.43 4947 4954.61 4975.14 4992.23 4994.34 4991.99 5000.66 5031.61 5045.66 5044.38 5028.82 4986.14 4946.7 4902.99 4854.4 4802.54 4757.65 4722.39 4692.15 4671.82 4660.13 4671.17 4698.37 4722.48 4745.17 4766.5 4791.98 4823.67 4842.9 4862.65 4878.93 4892.78 4903.56 4902.17 4897.96 4878.93 4857.95 4836.38 4815.49 4796.53
4748.41 4750.52 4752.33 4754.26 4756.13 4759.27 4763.91 4767.43 4771.32 4774.63 4778.06 4770.5 4771.8 4774.87 4778.79 4783.73 4790.01 4776.07 4777.93 4780.18 4794.57 4807.03 4810.48 4854.33 4879.31 4897.14 4914.76 4919 4934.09 4969.56 5006.56 5015.55 5002.41 5012.49 5066.15 5074.25 5063.58 5044.65 5010.79 4974.7 4934.47 4891.4 4847.69 4805.93 4763.71 4721.64 4685.22 4667.52 4693.34 4721.9 4743.56 4763.37 4781.94 4799.62 4827.79 4844.59 4863.07 4881.34 4897.97 4912.44 4921.83 4911.81 4887.55 4862.73 4838.57 4815.26 4796.48
4750.53 4751.24 4752.52 4754.27 4757.31 4760.84 4763.91 4768.88 4772.69 4774.18 4778.61 4771.77 4771.39 4771.59 4771.36 4772.24 4775.66 4780.54 4783.02 4788.09 4792.46 4796.88 4790.18 4821.57 4872.52 4933.18 4922.21 4894.88 4911.55 4960.28 5007.81 5014.62 5003.55 5033.59 5113.83 5090.32 5069.04 5070.04 5039.03 4999.72 4964.05 4930.05 4894.09 4852.96 4808.65 4769.11 4725.08 4729.38 4740.8 4752.23 4768.82 4781.93 4795.27 4811.15 4827.95 4853.51 4872.03 4887.45 4902.64 4916.97 4930.55 4919.49 4890.98 4864.2 4839.49 4819.44 4809.14
4749.99 4751.88 4753.49 4754.71 4759.59 4763.2 4767.03 4772.7 4775.58 4778.7 4779.24 4777.61 4773.72 4769.47 4765.38 4760.91 4762.61 4782.54 4784.96 4782.54 4788.03 4790.2 4783.33 4785.06 4844.61 4919.48 4901.49 4870.83 4897.25 4947.28 4997.24 5028.2 5025.04 5036.08 5095.54 5068.18 5033.66 5040.47 5031.81 5009.3 4985.54 4966.26 4947.01 4921.14 4881.81 4846.71 4802.38 4791.4 4790.89 4789.12 4792.72 4802.21 4809.44 4818.64 4833.39 4856.09 4870.29 4886.38 4898.91 4910.6 4917.42 4907.91 4885.65 4861.19 4837.45 4816.39 4798.23
4749.66 4753.14 4756.35 4759.63 4763.75 4767.92 4774.45 4776.3 4777.37 4777.81 4779.62 4780.31 4775.39 4768.97 4762.85 4755.66 4750.81 4775.98 4782.11 4779.11 4783.09 4786.54 4783.43 4789.56 4819.03 4837.31 4858.16 4876.94 4893.33 4931.17 4970.6 4998 4998.84 4994.08 5027.41 5018.49 4985.82 4996.66 5004.66 5000.46 4997.62 4997.27 4998.52 5003.57 5006.25 4934.59 4879.18 4854.06 4839.42 4822.63 4817.52 4811.69 4812.76 4819.84 4827.62 4847.75 4865.47 4877.6 4889.07 4898.4 4902.77 4895.9 4876.33 4855.35 4833.49 4812.38 4793.31
4751.53 4755.05 4759.13 4764.16 4766.91 4769.63 4773.18 4777.28 4777.13 4780.61 4779.95 4776.69 4772.7 4768.82 4764 4760.47 4764.1 4779.5 4780.58 4779.57 4779.08 4774.57 4772.5 4787.53 4810.34 4819.93 4833.19 4852.89 4879.7 4912.3 4943.29 4959.46 4973.51 4967.94 4969.85 4980.34 4967.74 4974.92 4968.38 4979.11 4995.58 5016.47 5037.31 5056.54 5056.43 4990.09 4914.32 4904.02 4884.01 4848.7 4832.61 4822.67 4817.42 4819.44 4823.79 4832.05 4855.55 4866.51 4875.74 4884.17 4885.65 4879.8 4863.76 4846.77 4828.25 4808.96 4790.78
4753.39 4756.31 4760.29 4765.41 4768.31 4769.36 4772.3 4777.51 4771.83 4766.83 4776.56 4775.59 4773.86 4771.9 4768.63 4766.85 4769.92 4773.33 4774.6 4778.15 4777.86 4776.18 4746.27 4779.27 4812.1 4823.95 4819.58 4824.64 4863.62 4894.38 4920.67 4948.19 4926.14 4926.61 4931.83 4951.55 4966.95 4890.91 4911.47 4945.39 4980.82 5018.76 5057.46 5090.03 5096.79 5044.98 4953.81 4924.31 4893.45 4857.55 4835.38 4828.49 4822.27 4822.96 4823.08 4836.95 4843.6 4854.29 4862.96 4869.08 4868.51 4860.47 4852.22 4839.39 4822.79 4806.01 4791.18
4754.43 4756.21 4758.91 4762.05 4764.3 4767.34 4770.02 4772.77 4768.84 4766.39 4773.77 4778.59 4781.19 4777.64 4774.03 4769.91 4770.53 4777.4 4778.34 4779.64 4776.84 4764.04 4747.12 4775.02 4810.06 4809.12 4810.25 4837.07 4858.13 4877.21 4889.14 4889.89 4873.68 4871.97 4872.86 4891.28 4912.67 4826.29 4861.61 4910.14 4958.55 5007.69 5058.94 5111.23 5155.43 5104.27 5011.82 4921.44 4870.14 4846.77 4830.51 4824.87 4821.99 4822.57 4820.97 4833.48 4837.7 4844.13 4851.44 4857.01 4858.55 4850.65 4849.39 4835 4818.12 4802.59 4789.79
4754.76 4754.22 4755.32 4756.46 4758.98 4764.51 4770.45 4773.99 4770.74 4769.15 4775.49 4781.38 4786.08 4782.1 4779.21 4777.03 4773.51 4784.09 4787.29 4782.23 4780.44 4778.71 4767.02 4777.96 4806.9 4805.97 4820 4857.87 4859.86 4859.24 4854.8 4845.82 4826.79 4793.79 4803.38 4809.69 4790.9 4796.69 4833.67 4880.68 4930.82 4981.63 5033.86 5087.9 5136.22 5076.72 4956.33 4887.84 4847.81 4826.7 4818.19 4813.45 4812.54 4813.62 4815.93 4818.32 4828.09 4834.93 4839.31 4846.27 4857.06 4879.63 4856.26 4828.54 4810.74 4796.98 4785.98
4755.03 4754.27 4752.03 4752.96 4755.97 4762.42 4769.37 4776.92 4778.76 4770.87 4773.7 4779.96 4782.02 4782.68 4781.38 4782.72 4775.94 4777.89 4786.25 4782.57 4773.85 4768.53 4763.98 4781.02 4797.37 4812.11 4813.34 4849.11 4853.76 4839.86 4820.29 4795.65 4785.93 4766.22 4760.87 4758.87 4758.89 4781.05 4815.55 4855.71 4899.08 4942.76 4982.73 5016.45 5031.05 4957.71 4857.97 4832.62 4809.4 4806.57 4805.23 4803.92 4805.28 4805.68 4807.8 4810.44 4819.07 4821.73 4826.57 4829.09 4837.72 4836.41 4823.7 4810.17 4799.08 4789.56 4780.72
4754.73 4753.64 4750.18 4752.12 4754.64 4762.45 4769.09 4775.91 4780.08 4780.71 4778.78 4780.81 4780.26 4783.14 4781.75 4779.75 4780.83 4774.65 4786.53 4788.9 4778.72 4778.04 4799.8 4801.52 4804.07 4823.28 4835.33 4863.76 4842.92 4816.08 4789.36 4760.57 4742.84 4742.52 4739.12 4733.73 4748.51 4774.01 4800.68 4828.97 4860.84 4894.36 4920.92 4932.35 4913.73 4851.98 4808.74 4798.31 4788.57 4790.75 4794.97 4796.02 4798.03 4799.79 4796.87 4803.03 4804.08 4805.66 4808.63 4807.47 4808.18 4793.91 4787.47 4788.54 4786.32 4782.1 4776.45
4754.38 4753.74 4750.85 4753.11 4757.45 4762.85 4769.82 4775.01 4778.74 4781.13 4781.13 4782.74 4787.48 4786.71 4785.4 4781.98 4783.73 4814.23 4821.06 4808.26 4811.38 4827.72 4842.76 4848.17 4854.56 4859.91 4870.63 4859.66 4820.52 4792.73 4769.09 4745.73 4730.05 4735.29 4730.54 4724.71 4742.62 4772.46 4792.46 4814.21 4835.67 4853.81 4865.39 4861.83 4844.98 4817.35 4791.83 4785.91 4788.81 4791.17 4788.65 4788.84 4789.48 4790.78 4791.32 4795.01 4796.22 4794.81 4795.9 4793.94 4788.53 4778.13 4772.58 4774.64 4775.98 4776.38 4776.41
4755.74 4755.67 4755.75 4754.6 4757.44 4764.02 4772.11 4774.85 4777.62 4779.29 4780.94 4782.25 4783.52 4787.91 4794.89 4802.53 4810.92 4825.68 4831.99 4822.68 4818.21 4867.86 4928.93 4933.06 4913.81 4894.91 4885.37 4821.85 4783.54 4767.06 4754.46 4742.72 4722.99 4716.52 4730.42 4746.83 4759.01 4772.88 4788.67 4801.84 4814.34 4822.18 4824.38 4814.16 4794.84 4769.72 4772.12 4776.88 4788.63 4789.56 4786.83 4786.77 4787.96 4788.35 4788.84 4788.25 4790.27 4786.96 4784.9 4780.24 4776.04 4770.68 4768.4 4766.68 4769.13 4772.44 4776.07
