real_craters/C211-750m.grd
DSAA
433 433
-161.8575 161.8575
-161.8575 161.8575
2406.0680557139 6308.7624817942
[rows 0 to 37 of 433, columns 336 to 419 of 433]
4749 4749 4749 4748 4760 4813 4915 4983 4956 4921 4871 4837 4805 4782 4767 4764 4775 4793 4798 4811 4783 4763 4751 4747 4743 4736 4737 4736 4734 4732 4740 4741 4736 4735 4737 4740 4747 4752 4752 4756 4755 4752 4753 4758 4767 4761 4760 4755 4753 4750 4748 4774 4831 4819 4767 4753 4743 4757 4772 4771 4781 4776 4763 4749 4738 4727 4717 4705 4695 4687 4680 4674 4668 4664 4663 4661 4660 4660 4661 4661 4663 4664 4668 4666
4746 4748 4750 4750 4755 4760 4785 4846 4855 4826 4810 4801 4792 4787 4775 4766 4793 4887 4977 4965 4844 4769 4744 4735 4730 4730 4731 4732 4735 4740 4736 4736 4735 4735 4737 4742 4753 4763 4767 4763 4757 4751 4751 4756 4758 4770 4777 4780 4769 4757 4756 4759 4770 4767 4753 4747 4748 4788 4816 4773 4790 4778 4769 4754 4740 4726 4712 4699 4691 4684 4676 4670 4665 4661 4662 4661 4660 4660 4660 4659 4660 4662 4664 4665
4751 4753 4752 4752 4755 4754 4760 4777 4779 4761 4767 4784 4787 4781 4776 4772 4815 4958 5190 5089 4993 4789 4737 4736 4733 4732 4731 4735 4737 4737 4735 4734 4734 4735 4738 4746 4761 4777 4782 4773 4761 4751 4751 4753 4765 4777 4793 4814 4834 4855 4855 4766 4751 4748 4749 4744 4754 4851 5013 4851 4796 4776 4770 4756 4739 4724 4709 4694 4687 4680 4673 4667 4661 4659 4660 4660 4660 4659 4661 4660 4662 4662 4662 4663
4794 4787 4757 4755 4766 4763 4761 4759 4755 4756 4761 4776 4782 4782 4779 4776 4795 4874 4945 4997 4922 4785 4759 4751 4744 4743 4744 4744 4743 4741 4738 4737 4737 4738 4740 4749 4768 4787 4793 4780 4766 4754 4750 4749 4757 4772 4799 4838 4901 4990 4897 4765 4745 4745 4748 4743 4754 4856 5047 5038 4842 4783 4770 4753 4737 4721 4705 4691 4683 4677 4672 4666 4662 4659 4660 4660 4659 4660 4660 4660 4660 4662 4662 4662
4921 4907 4830 4783 4823 4839 4777 4774 4769 4769 4776 4788 4794 4791 4777 4772 4769 4778 4777 4812 4780 4785 4785 4777 4773 4775 4777 4774 4768 4755 4746 4745 4745 4744 4745 4755 4774 4787 4791 4783 4769 4756 4748 4744 4748 4762 4790 4823 4854 4844 4794 4759 4752 4749 4750 4745 4752 4817 4894 4876 4816 4781 4767 4751 4734 4717 4700 4688 4681 4675 4670 4665 4661 4661 4660 4660 4659 4660 4659 4659 4659 4661 4662 4662
5151 5155 5015 4823 4885 5055 4857 4805 4803 4821 4834 4830 4814 4802 4779 4763 4751 4750 4747 4748 4748 4795 4793 4804 4812 4820 4829 4829 4816 4785 4754 4754 4753 4750 4750 4762 4780 4792 4793 4785 4774 4759 4746 4741 4742 4754 4788 4821 4821 4785 4782 4780 4770 4761 4751 4755 4782 4818 4832 4812 4788 4775 4767 4752 4734 4713 4697 4686 4680 4674 4669 4664 4661 4660 4660 4659 4659 4659 4659 4658 4659 4661 4661 4660
5357 5362 5149 4828 4823 4839 4813 4820 4839 4874 4917 4866 4842 4813 4785 4760 4744 4743 4741 4739 4741 4746 4777 4799 4819 4837 4854 4869 4870 4859 4802 4769 4763 4760 4759 4770 4786 4800 4796 4786 4776 4765 4751 4738 4740 4749 4797 4849 4878 4848 4844 4849 4825 4792 4761 4772 4843 4946 4941 4860 4784 4779 4776 4762 4741 4713 4694 4682 4677 4673 4667 4665 4660 4661 4660 4659 4659 4658 4659 4658 4659 4661 4661 4661
5347 5231 5042 4818 4807 4794 4803 4832 4862 4885 4840 4894 4872 4827 4791 4761 4742 4739 4738 4738 4738 4740 4762 4792 4821 4848 4876 4901 4926 4944 4849 4799 4787 4779 4772 4781 4789 4793 4791 4782 4772 4765 4748 4743 4732 4745 4802 4887 4988 5077 5032 4965 4884 4816 4779 4800 4909 5048 5066 4946 4798 4786 4790 4785 4765 4722 4693 4685 4678 4672 4667 4664 4661 4660 4660 4659 4658 4658 4658 4658 4659 4661 4661 4661
5130 5028 4947 4873 4919 4865 4845 4862 4893 4944 5053 4966 4888 4831 4791 4760 4739 4736 4737 4737 4739 4738 4755 4780 4807 4838 4863 4898 4943 4964 4856 4817 4808 4806 4810 4796 4794 4791 4786 4777 4765 4753 4741 4737 4727 4740 4807 4916 5066 5268 5233 5041 4913 4831 4795 4833 4961 5097 5088 4995 4890 4833 4813 4820 4818 4774 4712 4698 4686 4676 4668 4662 4659 4660 4660 4659 4659 4658 4657 4657 4658 4659 4660 4661
4916 4895 5015 5074 5121 5038 4934 4898 4901 4930 4954 4904 4856 4814 4782 4756 4736 4734 4736 4736 4736 4737 4751 4767 4791 4819 4853 4887 4922 4911 4854 4825 4820 4816 4812 4800 4795 4792 4785 4774 4761 4751 4741 4738 4730 4734 4796 4899 5017 5116 5140 4998 4898 4824 4786 4786 4893 5019 4976 4814 4806 4838 4847 4846 4868 4910 4778 4722 4696 4681 4670 4661 4656 4660 4660 4660 4659 4658 4658 4657 4659 4659 4659 4659
4826 4887 5143 5248 5179 5079 4949 4893 4871 4855 4819 4798 4787 4786 4767 4750 4737 4734 4734 4734 4735 4734 4745 4759 4780 4803 4830 4860 4899 4982 5011 4912 4847 4811 4796 4794 4793 4793 4785 4775 4764 4747 4743 4740 4734 4735 4773 4842 4905 4958 4877 4871 4846 4809 4780 4776 4802 4822 4837 4796 4822 4838 4834 4837 4839 4811 4767 4728 4702 4685 4671 4662 4653 4660 4661 4661 4661 4661 4660 4660 4662 4658 4658 4658
4804 4866 5064 5125 5010 4881 4878 4860 4837 4807 4773 4752 4760 4759 4752 4743 4736 4734 4734 4733 4735 4735 4738 4749 4768 4784 4800 4815 4832 4861 4979 4949 4854 4801 4788 4792 4795 4797 4795 4787 4778 4760 4744 4740 4738 4737 4755 4787 4805 4785 4778 4796 4801 4791 4779 4781 4796 4826 4867 4831 4814 4817 4811 4811 4799 4765 4738 4724 4705 4686 4672 4663 4661 4661 4661 4661 4662 4662 4660 4658 4659 4657 4657 4657
4810 4830 4882 4928 4891 4827 4837 4823 4803 4777 4755 4737 4741 4744 4742 4739 4734 4732 4733 4733 4734 4735 4736 4747 4758 4767 4773 4773 4772 4775 4846 4842 4812 4784 4787 4806 4808 4815 4816 4805 4789 4773 4749 4739 4739 4740 4746 4760 4770 4777 4776 4777 4779 4780 4782 4795 4811 4840 4825 4804 4800 4786 4789 4787 4778 4762 4745 4729 4714 4695 4677 4664 4663 4662 4662 4662 4664 4662 4661 4660 4659 4658 4657 4657
4821 4824 4828 4870 4854 4854 4840 4810 4786 4763 4750 4740 4737 4739 4738 4736 4733 4731 4733 4733 4733 4736 4737 4751 4765 4778 4786 4779 4759 4746 4759 4763 4770 4776 4812 4851 4857 4862 4850 4824 4793 4782 4755 4740 4739 4740 4743 4750 4759 4775 4776 4776 4777 4779 4781 4785 4795 4803 4804 4794 4786 4790 4781 4776 4770 4770 4762 4744 4728 4708 4689 4676 4672 4671 4669 4668 4667 4664 4661 4659 4658 4659 4658 4658
4824 4859 4878 4926 5037 4962 4833 4782 4760 4747 4744 4742 4739 4740 4738 4735 4733 4731 4733 4732 4734 4740 4746 4760 4774 4791 4793 4790 4767 4747 4749 4755 4758 4776 4843 4926 4983 4943 4889 4841 4799 4769 4753 4742 4739 4740 4743 4748 4754 4774 4780 4780 4776 4774 4775 4778 4780 4772 4782 4783 4768 4766 4767 4768 4777 4788 4773 4757 4738 4716 4697 4684 4682 4679 4676 4672 4669 4668 4661 4659 4658 4657 4657 4658
4838 4921 4929 4835 4811 4788 4745 4723 4720 4726 4745 4752 4750 4748 4743 4737 4733 4731 4731 4731 4738 4751 4756 4758 4768 4785 4804 4825 4820 4798 4779 4774 4770 4788 4858 4959 5063 4978 4901 4843 4795 4756 4746 4741 4740 4741 4743 4746 4752 4769 4773 4773 4771 4771 4769 4767 4763 4764 4773 4771 4762 4756 4761 4758 4757 4775 4779 4770 4754 4732 4707 4694 4695 4691 4683 4676 4669 4666 4663 4660 4659 4657 4658 4658
4863 4930 4880 4592 4450 4528 4597 4654 4687 4717 4753 4780 4780 4767 4755 4745 4735 4732 4731 4731 4739 4752 4750 4757 4772 4792 4823 4873 4980 4991 4921 4870 4829 4807 4852 4902 4941 4916 4871 4825 4783 4750 4743 4743 4741 4740 4742 4745 4751 4764 4764 4756 4764 4766 4764 4761 4758 4758 4759 4764 4760 4752 4755 4754 4753 4783 4788 4785 4778 4761 4731 4720 4718 4706 4692 4679 4668 4664 4664 4662 4660 4659 4659 4657
4851 4877 4738 4439 4303 4399 4500 4602 4663 4711 4758 4800 4805 4775 4762 4751 4740 4733 4731 4732 4739 4745 4743 4752 4768 4786 4812 4851 4901 4996 5099 5085 5006 4879 4860 4836 4819 4834 4820 4794 4764 4745 4740 4739 4738 4740 4741 4745 4754 4769 4768 4767 4764 4763 4761 4759 4757 4754 4756 4760 4754 4751 4754 4758 4770 4786 4795 4800 4805 4810 4787 4774 4750 4723 4700 4681 4667 4663 4662 4660 4660 4659 4659 4658
4851 4878 4713 4427 4327 4387 4492 4584 4651 4701 4747 4769 4787 4775 4764 4754 4747 4736 4733 4736 4742 4744 4742 4747 4757 4771 4791 4808 4816 4874 4972 5149 5155 5001 4895 4823 4788 4780 4775 4765 4755 4742 4737 4737 4739 4740 4743 4750 4763 4774 4771 4771 4764 4760 4757 4756 4755 4753 4755 4759 4758 4747 4753 4758 4776 4793 4799 4806 4820 4852 4909 4832 4773 4734 4704 4681 4663 4662 4661 4662 4661 4659 4659 4659
4796 4906 4746 4431 4399 4450 4527 4588 4649 4701 4745 4776 4789 4776 4764 4752 4743 4735 4736 4739 4744 4746 4744 4743 4745 4754 4771 4790 4824 4852 4944 5108 5162 5041 4907 4806 4758 4745 4744 4745 4737 4735 4735 4735 4737 4741 4748 4756 4768 4770 4766 4760 4757 4755 4754 4753 4754 4753 4754 4757 4759 4756 4755 4759 4775 4790 4796 4799 4805 4814 4814 4805 4766 4731 4702 4678 4662 4661 4661 4663 4661 4659 4657 4658
4777 4862 4795 4613 4566 4575 4599 4628 4663 4708 4746 4782 4796 4774 4759 4748 4739 4735 4735 4742 4748 4746 4741 4736 4739 4745 4756 4775 4810 4871 4954 5056 5116 5014 4886 4780 4735 4726 4726 4732 4733 4733 4735 4736 4737 4742 4750 4759 4760 4762 4759 4753 4751 4752 4751 4751 4749 4751 4756 4759 4766 4763 4761 4765 4781 4788 4787 4783 4776 4764 4747 4755 4742 4719 4695 4674 4660 4660 4660 4660 4660 4659 4658 4658
4764 4788 4817 4864 4792 4701 4674 4677 4697 4721 4745 4764 4767 4758 4747 4739 4736 4736 4742 4744 4746 4741 4730 4724 4726 4730 4738 4754 4788 4839 4898 4959 5019 4938 4845 4762 4732 4727 4728 4730 4732 4734 4738 4743 4745 4743 4747 4751 4755 4756 4755 4752 4751 4750 4751 4751 4752 4756 4759 4768 4766 4768 4766 4768 4790 4785 4776 4765 4752 4741 4730 4729 4722 4707 4687 4670 4659 4660 4660 4659 4658 4658 4657 4661
4757 4761 4770 4767 4770 4746 4722 4714 4722 4729 4740 4746 4748 4741 4732 4724 4724 4729 4736 4743 4747 4739 4721 4716 4715 4717 4721 4729 4752 4787 4824 4839 4825 4833 4802 4757 4741 4737 4738 4736 4736 4738 4740 4742 4740 4742 4744 4746 4755 4753 4752 4749 4748 4749 4750 4752 4754 4759 4772 4779 4780 4780 4774 4775 4786 4776 4762 4747 4731 4720 4713 4713 4710 4700 4686 4668 4659 4660 4662 4660 4660 4658 4656 4660
4748 4747 4757 4760 4757 4749 4739 4726 4725 4730 4733 4736 4733 4726 4718 4711 4713 4722 4734 4738 4735 4726 4717 4711 4709 4709 4710 4714 4738 4776 4780 4772 4761 4766 4753 4766 4740 4741 4746 4748 4746 4745 4743 4740 4740 4745 4743 4742 4747 4748 4749 4749 4749 4751 4752 4752 4753 4756 4761 4774 4791 4784 4777 4781 4773 4761 4747 4730 4713 4697 4695 4703 4705 4700 4686 4669 4663 4664 4666 4664 4665 4662 4661 4664
4745 4746 4754 4745 4748 4759 4762 4761 4740 4737 4733 4727 4722 4714 4709 4705 4706 4713 4724 4729 4725 4719 4712 4709 4706 4705 4704 4707 4728 4756 4758 4748 4744 4747 4727 4691 4734 4748 4754 4760 4758 4751 4746 4742 4741 4743 4740 4739 4739 4743 4747 4750 4758 4754 4753 4754 4757 4761 4764 4779 4779 4770 4767 4763 4762 4749 4733 4715 4697 4688 4685 4691 4693 4696 4698 4688 4689 4674 4672 4681 4677 4671 4665 4665
4745 4743 4744 4737 4742 4744 4743 4740 4737 4732 4725 4717 4707 4703 4702 4702 4702 4702 4714 4716 4714 4710 4707 4705 4703 4702 4702 4705 4718 4736 4747 4747 4749 4755 4771 4776 4757 4757 4760 4763 4760 4752 4747 4743 4742 4741 4737 4736 4738 4741 4746 4749 4750 4753 4755 4755 4756 4757 4761 4771 4778 4773 4778 4756 4756 4743 4726 4707 4687 4668 4672 4683 4689 4703 4726 4773 4787 4741 4688 4692 4689 4691 4689 4679
4742 4743 4743 4743 4741 4736 4734 4730 4727 4721 4715 4708 4701 4699 4699 4699 4700 4701 4702 4703 4704 4703 4704 4704 4703 4702 4702 4706 4710 4723 4744 4766 4774 4776 4767 4770 4776 4772 4765 4759 4755 4751 4746 4742 4740 4735 4735 4739 4739 4743 4746 4750 4753 4755 4755 4755 4756 4757 4757 4774 4776 4769 4774 4758 4753 4738 4722 4704 4684 4667 4671 4678 4688 4705 4732 4789 4896 4911 4738 4716 4694 4698 4707 4701
4741 4741 4741 4743 4738 4732 4728 4724 4721 4716 4711 4706 4701 4699 4699 4700 4700 4701 4701 4698 4700 4700 4702 4703 4702 4702 4703 4706 4709 4722 4744 4770 4793 4790 4789 4801 4812 4802 4778 4757 4753 4752 4747 4741 4735 4733 4735 4740 4742 4748 4750 4753 4755 4757 4757 4757 4756 4754 4766 4781 4782 4768 4762 4766 4751 4740 4725 4710 4690 4674 4675 4680 4682 4697 4720 4779 4939 4993 4856 4739 4700 4707 4710 4705
4740 4745 4744 4739 4734 4730 4726 4722 4718 4713 4708 4704 4701 4700 4699 4699 4699 4698 4700 4699 4699 4700 4701 4702 4702 4704 4705 4709 4715 4728 4748 4776 4829 4858 4862 4873 4876 4863 4814 4761 4770 4765 4755 4744 4734 4734 4734 4742 4751 4751 4752 4755 4757 4758 4761 4760 4759 4764 4781 4796 4775 4764 4759 4764 4753 4744 4733 4720 4711 4707 4685 4682 4681 4692 4720 4791 4908 5019 4984 4831 4763 4725 4716 4708
4748 4748 4742 4735 4730 4726 4721 4718 4713 4709 4705 4702 4699 4697 4697 4697 4698 4697 4698 4697 4699 4697 4699 4701 4703 4707 4711 4717 4728 4738 4756 4796 4885 5001 5024 4964 4940 4945 4952 4869 4817 4786 4764 4748 4736 4732 4735 4745 4747 4749 4754 4759 4764 4767 4768 4767 4767 4767 4786 4789 4774 4761 4754 4768 4765 4750 4737 4727 4719 4712 4698 4694 4691 4693 4707 4766 4896 5019 5046 5023 4962 4805 4719 4718
4737 4744 4738 4731 4724 4719 4715 4711 4708 4705 4702 4700 4698 4696 4696 4696 4696 4695 4698 4700 4698 4698 4701 4704 4707 4710 4715 4722 4733 4741 4758 4802 4897 5013 5035 4971 4950 4973 5038 4946 4850 4799 4770 4751 4738 4732 4742 4751 4750 4751 4756 4763 4771 4779 4777 4775 4775 4780 4792 4795 4774 4760 4756 4760 4759 4749 4740 4731 4722 4718 4708 4706 4699 4699 4701 4731 4802 4896 5042 5197 5213 4945 4713 4712
4727 4731 4730 4723 4717 4712 4710 4707 4704 4702 4701 4699 4698 4698 4696 4696 4697 4696 4696 4697 4697 4701 4705 4709 4710 4711 4713 4717 4725 4732 4748 4785 4850 4894 4874 4897 4892 4893 4896 4868 4824 4790 4767 4752 4741 4738 4751 4755 4752 4750 4757 4765 4773 4780 4781 4780 4781 4785 4788 4787 4774 4758 4748 4750 4750 4744 4738 4733 4725 4722 4715 4712 4708 4707 4711 4709 4704 4741 4949 5168 5273 5012 4755 4717
4709 4706 4708 4709 4709 4708 4707 4705 4703 4700 4699 4697 4696 4694 4694 4696 4697 4695 4695 4695 4698 4702 4707 4711 4710 4710 4710 4712 4716 4720 4729 4756 4798 4831 4833 4818 4810 4785 4731 4754 4772 4769 4757 4749 4744 4747 4747 4762 4760 4762 4763 4769 4775 4781 4783 4785 4784 4786 4785 4781 4775 4758 4748 4743 4737 4738 4737 4734 4730 4728 4724 4722 4719 4718 4717 4706 4701 4732 4879 5032 5121 5023 4815 4738
4691 4690 4690 4696 4700 4702 4703 4701 4700 4700 4698 4697 4695 4694 4694 4695 4695 4694 4698 4699 4703 4706 4708 4707 4704 4707 4708 4708 4709 4710 4711 4727 4755 4773 4758 4760 4754 4735 4718 4731 4744 4752 4751 4749 4748 4754 4770 4772 4766 4758 4768 4774 4778 4781 4783 4787 4789 4787 4778 4776 4769 4758 4744 4737 4739 4738 4737 4735 4732 4729 4727 4726 4725 4723 4721 4707 4701 4732 4832 4952 5069 5111 4939 4769
4689 4688 4690 4691 4694 4697 4699 4701 4701 4700 4699 4697 4695 4693 4694 4696 4693 4695 4704 4719 4716 4709 4702 4703 4706 4706 4706 4705 4706 4706 4707 4718 4732 4729 4722 4729 4728 4725 4731 4729 4731 4742 4744 4746 4747 4749 4753 4764 4769 4774 4776 4778 4781 4783 4786 4793 4799 4797 4788 4775 4762 4745 4725 4728 4740 4740 4740 4736 4732 4729 4727 4726 4726 4724 4721 4713 4711 4737 4799 4883 4969 5067 4953 4793
4688 4691 4688 4689 4693 4695 4698 4699 4699 4698 4698 4697 4696 4695 4702 4703 4700 4702 4714 4719 4724 4726 4703 4702 4704 4704 4706 4706 4708 4711 4712 4720 4729 4736 4733 4727 4723 4721 4722 4726 4728 4732 4734 4738 4741 4740 4751 4757 4766 4775 4779 4781 4785 4788 4793 4803 4811 4813 4800 4782 4765 4734 4735 4729 4731 4745 4743 4736 4733 4729 4727 4726 4725 4723 4717 4719 4715 4724 4758 4795 4793 4824 4845 4790
4687 4688 4689 4692 4696 4698 4699 4700 4699 4699 4699 4699 4701 4703 4710 4717 4709 4717 4730 4752 4807 4773 4714 4704 4706 4704 4706 4713 4716 4719 4727 4728 4734 4738 4731 4725 4722 4718 4716 4721 4725 4729 4732 4735 4736 4739 4744 4751 4759 4766 4773 4781 4792 4799 4797 4821 4827 4830 4814 4783 4762 4730 4742 4741 4747 4754 4746 4734 4725 4726 4726 4725 4724 4725 4724 4718 4706 4709 4729 4745 4755 4771 4772 4756
4687 4688 4694 4699 4699 4698 4697 4699 4698 4700 4700 4700 4703 4708 4711 4716 4728 4728 4745 4785 4892 4799 4723 4709 4711 4706 4710 4717 4721 4723 4722 4730 4735 4740 4734 4729 4724 4717 4715 4719 4722 4726 4728 4731 4735 4740 4746 4750 4754 4761 4770 4781 4796 4819 4866 4838 4833 4834 4818 4779 4733 4741 4753 4765 4761 4762 4752 4741 4730 4723 4721 4722 4723 4722 4717 4712 4699 4700 4708 4718 4725 4729 4732 4725
