real_craters/C211-1000m.grd
DSAA
186 186
-92.49 92.49
-92.49 92.49
8313.1225261542 11409.779802468
[rows 150 to 179 of 186, columns 0 to 66 of 186]
9722.93 9715.35 9722.59 9777.72 9766.03 9734.44 9686.24 9675.13 9690.72 9679.65 9672.19 9660.42 9662.3 9688.87 9709.9 9728.28 9720.13 9719.07 9711.21 9710.48 9703.47 9692.42 9683.17 9680.5 9687.46 9682.54 9671.23 9676.26 9686.41 9698.71 9711.88 9729.84 9711 9685.13 9659.79 9628.77 9618.86 9614.31 9605.39 9587.38 9608.39 9622.82 9621.58 9626.48 9633.98 9638.74 9632.64 9587.32 9628.4 9651.7 9646.83 9638.36 9631.69 9634.93 9639.83 9655.4 9692.71 9731.9 9752.07 9754.52 9748.12 9742.88 9735.17 9747.91 9757.85 9756.57 9767.31
9728.76 9717.55 9728.71 9789.96 9773.48 9740.29 9714.05 9715.77 9707.51 9694.72 9662.22 9648.64 9688.33 9704.6 9714.82 9711.07 9699.51 9703.26 9714.55 9695.48 9681.65 9685.45 9680.78 9682.39 9680.86 9666.24 9667.02 9676.27 9690.97 9687.9 9684 9666.36 9674.39 9668.34 9660.47 9665.73 9663.74 9641.16 9633.56 9636.91 9659.25 9660.89 9638.06 9623.09 9608.42 9589.42 9562.07 9581.81 9640.38 9650.84 9673.24 9664.78 9650.33 9645.61 9644.54 9645.47 9684.25 9715.58 9734.61 9740.84 9736.52 9732.33 9731.23 9722.41 9722.86 9721.26 9719.59
9731 9719.1 9718.92 9763.91 9755.1 9736.67 9732.09 9733.42 9741.4 9710.36 9687.52 9684.62 9720.77 9737.04 9733.16 9716.32 9697.86 9686.92 9678.85 9686.29 9674.34 9682.96 9677.3 9676.7 9677.24 9673.07 9674.37 9688.32 9684.15 9656.65 9643.28 9667.67 9670.58 9667.13 9658.63 9658.28 9646.27 9652 9649.48 9648.94 9654.95 9658.96 9639.35 9615.09 9590.35 9564.21 9557.75 9591.68 9633.42 9649.48 9656.86 9666.53 9665.62 9667.22 9676.48 9680.64 9704.06 9719.28 9725.72 9719.48 9721.98 9725.99 9729.68 9733.65 9702.09 9703.13 9717.26
9746.43 9718.77 9712.96 9748.45 9740.96 9734.83 9726 9709.81 9724.39 9718.71 9724.32 9735.88 9802.74 9798.05 9766.01 9733.18 9703.8 9679.12 9667.37 9661.88 9667.52 9676.25 9675.43 9671.61 9664.56 9669.63 9681.13 9680.21 9658.55 9629.57 9648.92 9655.55 9666.59 9674.11 9679.69 9669.6 9682.94 9654.44 9651.01 9645.25 9635.9 9640.75 9631.38 9614.32 9591.02 9564.71 9548.74 9604.21 9660.03 9662.58 9655.25 9668.6 9695.07 9718.02 9722.18 9739.55 9738.48 9737.22 9730.39 9709.06 9710.68 9716.51 9723.67 9684.84 9677.13 9682.76 9699.96
9751.32 9715.42 9736.79 9744.02 9743.4 9741.21 9724.91 9708.71 9713.42 9703.11 9708.7 9751.51 9807.72 9800.95 9772.02 9740.16 9710.86 9659.79 9664.73 9658.39 9661.31 9672.6 9678.44 9678.68 9671.95 9692.64 9675.09 9655.18 9635.91 9636.88 9641.31 9648.34 9661.83 9673.02 9673.28 9653.32 9614.23 9634.13 9642.46 9642.65 9629.59 9631.3 9633.01 9625.35 9614.04 9602.89 9611.34 9657.47 9686.49 9684.94 9669.98 9685.64 9714.58 9733.04 9740.51 9749.39 9748.3 9745.52 9745 9722.7 9709.25 9705.72 9687.88 9660.28 9660.04 9667.22 9661.95
9732.09 9710.7 9733.72 9740.74 9726.93 9702.46 9704.78 9706.66 9688.74 9710.22 9759.72 9791.16 9794.33 9777.77 9763.88 9743.36 9705.8 9655.67 9658.35 9659.66 9671.64 9680.42 9682.99 9680.23 9684.03 9660.2 9657.54 9644.2 9632.98 9616.17 9639.7 9636.39 9658.88 9679.05 9674.32 9644.39 9627.34 9621.26 9630.05 9636.22 9650.46 9645.12 9641.57 9644.42 9649.53 9656.36 9671.99 9714.65 9718.75 9708.22 9711.84 9719.12 9719.04 9729.36 9732.54 9732.67 9738.99 9742.43 9734.5 9709.19 9706.86 9711.7 9703.34 9674.19 9663.94 9664.31 9662.49
9717.09 9708.28 9721.02 9719.8 9703.25 9687.51 9683.7 9695.59 9696.55 9743.94 9760.1 9771.48 9738.05 9748.79 9765.34 9751.15 9725.51 9691.21 9667.07 9663.14 9671.8 9687.69 9686.1 9683.35 9652.8 9644.01 9646.49 9636.42 9631.27 9626.22 9629.84 9623.55 9640.88 9656.21 9656.54 9633.87 9619.04 9612.16 9616.01 9635.46 9635.31 9641.23 9648.7 9661.72 9681.53 9713.53 9722.55 9714.92 9711.94 9707.48 9703.8 9700.72 9700.22 9695.4 9709.63 9728.69 9736.47 9732.37 9717.72 9693.67 9708.19 9720.27 9707.53 9679.9 9677.08 9665.7 9656.22
9713.71 9701.68 9703.85 9692.26 9672.52 9654.3 9662.58 9716.02 9731.64 9730.85 9736.94 9739.06 9720.93 9742.26 9770.55 9756.54 9744.41 9705.93 9674.36 9660.83 9683.02 9689.56 9674.67 9656.32 9640.58 9635.89 9641.76 9634.23 9624.21 9614.67 9614.22 9617 9615.23 9611.91 9612.72 9614.6 9613.28 9607.06 9595.65 9632.36 9615.76 9629.46 9650.21 9671.37 9696.68 9721.52 9727.46 9717.81 9708.46 9701.71 9696.4 9691.92 9678.87 9672.86 9688.77 9708.43 9718.25 9717.78 9711.7 9692.32 9726.38 9728.59 9695.02 9664.1 9675.86 9663.28 9645
9725.12 9700.92 9683.86 9668.73 9661.3 9648 9666.8 9724.66 9719.02 9717.82 9717.73 9730.09 9739.96 9739.26 9734.16 9747.54 9757.92 9733.11 9709.57 9702.57 9675.6 9662.85 9653.62 9641.61 9636.6 9634.46 9636.51 9631.09 9622.53 9608.78 9609.93 9615.77 9602.62 9596.88 9597.35 9603.05 9604.71 9610.75 9624.32 9628.43 9614.38 9624.28 9640.63 9664.25 9691.9 9714.61 9718.96 9704.67 9708.4 9702.21 9700.12 9677.44 9668.29 9663 9672.93 9692.98 9704.98 9675.14 9644.51 9677.71 9762.47 9723.65 9695.07 9678.83 9682.48 9662.5 9642.55
9725.83 9719.78 9704.33 9673.93 9655.58 9663.3 9695.79 9706.68 9708.36 9702.98 9708.34 9720.03 9718.97 9713.29 9715.25 9738.64 9762.63 9804.77 9760.76 9685.03 9648.53 9633.88 9633.32 9628.63 9624.03 9620.31 9620.92 9613.26 9614.9 9620.65 9616.22 9597.39 9595.28 9574.89 9584.86 9598.12 9610.82 9620.36 9623.73 9621.53 9611.04 9603.92 9609.49 9631.06 9668.51 9710.11 9712.4 9703.94 9706.69 9697.9 9684.28 9665.08 9672.07 9672 9667.45 9649.8 9617.39 9631.33 9645.86 9678.26 9732.11 9711.91 9716.47 9695.91 9676.42 9663.03 9643.2
9712.93 9713.86 9718.31 9685.34 9684.48 9687.12 9698.09 9712.17 9714.62 9702.7 9718.57 9713.52 9708.35 9712.14 9717.32 9737.94 9763.78 9782.27 9738.76 9685.73 9631.25 9627.69 9621.95 9621.96 9620.15 9622.68 9636.19 9631.35 9618.05 9617.66 9607.14 9594.25 9581.49 9581.99 9590.43 9600.53 9613.15 9621.35 9619.89 9610.29 9583.91 9557.66 9553.82 9569.42 9608.51 9671.37 9685.54 9704.89 9708.17 9688 9677.76 9686.96 9699.98 9694.11 9677.88 9647.16 9608.73 9657.42 9683.51 9688.91 9705.66 9717.97 9696.04 9691.58 9685.01 9667.92 9650.05
9704.82 9696.73 9716.51 9732.45 9731.05 9704.13 9693.45 9700.37 9707.91 9695.88 9701.07 9703.23 9711.32 9714.59 9737.19 9731.76 9738.9 9748.63 9738.12 9728.61 9647.81 9625.82 9618.04 9612.58 9617.45 9624.45 9636.23 9619.76 9596.18 9570.92 9597.94 9577.54 9578.66 9603.22 9601.62 9602.45 9603.02 9594.73 9591.6 9518.28 9495.49 9493.68 9500.36 9506.77 9511.33 9534.35 9614.2 9702.08 9685.98 9691.3 9711.93 9741.54 9729.91 9715.99 9699.84 9683.27 9707.02 9684.83 9682.85 9683.26 9686.89 9701.43 9695.41 9688.19 9674.87 9676.49 9672.26
9717.75 9716.23 9765.8 9784.19 9734.8 9687.61 9675.33 9676.11 9690.47 9685.9 9722.38 9722.38 9726.52 9723.98 9700.21 9705.06 9707.79 9726.36 9748.39 9742.36 9699.65 9634.07 9626.62 9621.41 9618.84 9620.14 9615.06 9608.5 9603.27 9603.81 9596.28 9603.92 9600.31 9603.94 9598.58 9593.86 9582.98 9540.53 9453.88 9401.38 9414.2 9440.85 9451.46 9452.61 9444.84 9459.58 9514.35 9550.99 9618.12 9662.36 9699.98 9726.37 9727.1 9716.29 9706.29 9677.86 9658.76 9649.81 9657.94 9669.48 9678.39 9686.61 9701.51 9694.79 9691.35 9698.74 9700.71
9749.16 9787.35 9803.75 9750.86 9697.41 9665.06 9681.7 9687.79 9702.99 9693.07 9727.05 9733 9724.35 9689.85 9680.87 9683.92 9688.85 9712.15 9730.21 9734.32 9726.97 9692.68 9655.9 9629.56 9612.38 9607.48 9614.1 9614.54 9603.29 9615.52 9605.62 9608.9 9585.63 9582.98 9574.31 9567.29 9566.22 9562.03 9408.74 9412.47 9410.01 9420.74 9434.3 9433.05 9427.19 9437.23 9459.37 9483.38 9510.67 9603.78 9646.73 9683.16 9690.39 9676.11 9656.34 9647.65 9628.02 9622.6 9642.87 9665.05 9678.22 9671.62 9681.08 9698.08 9715.35 9722.52 9727.8
9741.48 9767.86 9748.23 9732.18 9708.77 9688.26 9688.7 9687.37 9684.65 9669.36 9660.52 9649.21 9655.65 9648.16 9660.65 9672.21 9680.52 9690.67 9707.86 9716.37 9714.83 9707.18 9686.68 9642.94 9612.27 9610.29 9628.05 9633.5 9612.18 9609.41 9612.56 9608.75 9588.4 9560.35 9551.26 9536.72 9506.59 9427.02 9408.79 9437.58 9424.93 9420.53 9421.57 9421.5 9422.53 9427.39 9439.01 9452.4 9459.98 9476.53 9543.22 9595.77 9624.09 9640.23 9634.4 9633.67 9622.91 9615.92 9636.82 9656.01 9659.78 9659.5 9671.22 9700.36 9726.52 9737.6 9738.71
9796.25 9738.78 9702.57 9705.88 9703.22 9679.11 9673.65 9660.95 9639.22 9612.43 9619.28 9626.56 9635.59 9643.62 9649.93 9659.26 9666.21 9680.2 9696.63 9700.66 9714.56 9739.51 9707.81 9652.38 9615.05 9610.6 9615.2 9601.23 9591.69 9605.04 9609.91 9612.25 9573.12 9547.16 9532.05 9510.48 9474.55 9436.24 9423.83 9426.96 9423.1 9417.54 9414.46 9414.52 9418.64 9418.12 9423.08 9436.23 9453.32 9460.75 9504.66 9562.73 9604.73 9628.89 9643.26 9636.03 9625.32 9625.6 9631.31 9638.78 9652.04 9662.94 9677.12 9704.43 9729.41 9741.71 9741.4
9783.72 9716.4 9695.24 9684.63 9688.2 9680.66 9665.32 9654.64 9646.13 9627.1 9608.93 9613.09 9619.45 9625.47 9636.07 9645.89 9653.02 9670.49 9695.79 9693.58 9708.91 9732.08 9709.22 9652.61 9609.25 9608.17 9603.33 9600.91 9611.77 9621.96 9632.94 9586.67 9556.92 9547.71 9527.32 9499.34 9473.28 9456.04 9437.38 9420.43 9413.96 9410.18 9406.63 9405.72 9405.87 9407.27 9411.25 9424.96 9443 9472.67 9514.16 9562.74 9604.92 9620.71 9637.01 9636.1 9631.4 9624.14 9618.87 9616.7 9609.86 9641.18 9672.09 9699.82 9729.96 9746.2 9741.34
9718.62 9689.99 9688.18 9696.85 9695.93 9672.74 9655.35 9646.37 9636.66 9616.91 9597.52 9599.75 9606.53 9611.83 9624.44 9636.88 9643.58 9663.93 9676.65 9689.97 9703.08 9715.83 9706.34 9659.26 9607.78 9617.81 9605.89 9603.65 9609.55 9616.85 9600.11 9575.52 9591.9 9574.02 9544.11 9513.9 9484.62 9459.89 9431.09 9406.07 9396.64 9393.51 9393.31 9394.54 9397.49 9396.16 9401.2 9418.64 9445.55 9490.26 9525.76 9559.7 9582 9610.68 9620.76 9622.64 9625.55 9611.69 9614.69 9606.88 9593.62 9604.47 9647.9 9687.69 9720.56 9739.39 9742.68
9696.4 9672.49 9669 9693.25 9686.16 9664.73 9646.77 9635.75 9624.29 9607.63 9588.29 9591.22 9603.89 9608.59 9613.44 9625.09 9631.25 9653.63 9680.9 9682.59 9682.03 9703.76 9708.61 9682.18 9667.94 9663.33 9629.71 9608.93 9609.58 9600.64 9571.63 9579.51 9606.62 9590.13 9553.8 9519.53 9489.89 9476.29 9420.74 9390.37 9388 9386.66 9385.25 9382.44 9380.86 9384.14 9393.99 9415.86 9444 9488.03 9526.16 9566.71 9608.73 9609.98 9591.14 9593.8 9613.82 9628.2 9621.7 9614.03 9604.96 9604.76 9639.43 9677.86 9710.9 9735.3 9738.67
9650.4 9644.44 9664.78 9668.06 9658.73 9650.09 9637.83 9628.89 9620.76 9608.24 9586.43 9591.9 9599.43 9593.13 9604.13 9610.93 9623.87 9639.26 9662.81 9673.82 9675.46 9664.18 9688.96 9689.73 9695.78 9691.1 9665.62 9616.97 9604.29 9590.54 9564.34 9584.17 9604.4 9588.57 9557.43 9522.99 9488.04 9463.26 9406.62 9386.56 9384.34 9383.97 9382.92 9378.66 9377.27 9378.15 9387.95 9418.47 9453.41 9479.92 9498.52 9561.28 9624.97 9615.24 9587.75 9588.43 9610.14 9633.63 9622.78 9613.78 9618.85 9628.08 9650.44 9675.47 9697.72 9711.68 9722.73
9627.26 9611.24 9625.76 9638.46 9641.52 9642.57 9631.52 9624.52 9620.72 9603.28 9586.93 9585.32 9578.3 9578.39 9601.83 9612.77 9604.76 9613.47 9649.45 9653.44 9652.74 9665.75 9662.72 9680.44 9692.03 9688.4 9665.58 9631.21 9609.45 9582.77 9590.81 9594.52 9595.89 9583.39 9557.44 9524.29 9488.9 9464.61 9427.64 9398.17 9391.91 9391.79 9390.13 9384.7 9380.69 9378.27 9387.96 9423.72 9455.75 9468.75 9478.73 9545.23 9606.48 9619.31 9610.27 9606.88 9608.34 9609.81 9607.74 9600.38 9609.92 9655.38 9670.62 9681.76 9692.26 9701.84 9700.8
9681.57 9646 9604.24 9609.66 9607.31 9619.26 9615.42 9615.61 9619.78 9598.88 9590.38 9584.24 9578.99 9570.47 9576.59 9586.13 9579.09 9594.08 9606.99 9617.1 9646.89 9644.03 9653.52 9671.52 9688.82 9690.46 9697.6 9698.31 9665.08 9598.84 9596.79 9587.86 9593.58 9585.16 9563.89 9532.14 9491.61 9456.98 9416.03 9409.72 9405.63 9404.25 9400.43 9398.72 9396.47 9395.71 9406.24 9430.3 9450.24 9444.37 9474.21 9542.3 9598.84 9624.9 9624.04 9610.13 9589.53 9592.14 9600.54 9607.87 9629.12 9666.98 9684.22 9684.48 9683.82 9685.32 9677.96
9687.71 9665.79 9621.94 9598.62 9577.4 9584.73 9595.43 9604.36 9603.93 9589.73 9584.14 9577.68 9580.98 9577.4 9564.31 9566.47 9575.25 9593.99 9603.93 9594.74 9613.57 9628.57 9636.34 9654.86 9671.97 9676.44 9686.05 9693.19 9691.46 9665.9 9601.41 9585.28 9600.7 9597.25 9585.28 9556.15 9507.96 9475.3 9447.62 9431.41 9424.79 9420.52 9415.42 9414.54 9417.9 9429.25 9436.15 9443.12 9452.63 9452.97 9495.12 9565.17 9618.31 9635.97 9626.73 9611.52 9585.17 9593.03 9605.51 9621.23 9644.38 9678.93 9685.69 9676.59 9668.31 9659.41 9655.89
9677.97 9639.2 9617.62 9602.72 9599.17 9577.36 9581.62 9586 9581.2 9580.64 9573.2 9574.92 9585.85 9570.29 9560.96 9561.32 9563.02 9581.89 9588.83 9599.34 9611.36 9611.79 9621.11 9631.46 9640 9651.69 9656.69 9662.86 9673.19 9679.95 9656.31 9641.39 9638.26 9644.61 9620.97 9597.99 9563.7 9518.88 9480.77 9457.14 9450.44 9445.22 9435.71 9431.62 9442.24 9449.79 9462.72 9466.45 9468.18 9499.77 9570.2 9601.04 9624.11 9633.18 9625.42 9608.46 9601.82 9610.04 9619.26 9629.07 9655.94 9674.61 9668.13 9655.24 9648.54 9645.37 9644.62
9664.54 9642.41 9625.63 9609.69 9603.8 9599 9581.33 9559.45 9559.73 9569.81 9566.27 9566.74 9566.15 9567.47 9554.59 9556.15 9558.84 9565.11 9572.32 9584.76 9586.59 9593.91 9604.09 9612.73 9618.73 9628.95 9630.64 9648.08 9665.71 9667.58 9648.04 9651.4 9654.54 9662.87 9649.35 9638.86 9618.68 9568.17 9506.63 9488.89 9483.53 9478.46 9466.58 9450.21 9484.07 9499.39 9505.21 9508.03 9511.28 9565.7 9598.04 9614.3 9627.09 9632.64 9627.65 9623.29 9623.88 9628.16 9629.28 9646.14 9654.33 9650.86 9630.66 9626.35 9626.99 9630.15 9629.9
9667.77 9648.5 9629.39 9613.14 9602.31 9593.64 9578.72 9558.19 9541.78 9556.72 9556.45 9561.75 9553.93 9551.66 9550.48 9543.9 9555.72 9557.85 9564.75 9573.96 9581.17 9592.82 9597.95 9596.06 9600.65 9601.56 9617.02 9623.5 9641.73 9646.69 9629.96 9615.36 9641.13 9653.82 9660.22 9662.78 9665.36 9633.69 9570.51 9537.97 9524.2 9521.74 9528.6 9535.62 9551.35 9568.22 9558.06 9551.62 9561.61 9575.76 9582.63 9608 9623.71 9636.24 9636.16 9638.76 9655.1 9662.4 9660.89 9653.58 9634.34 9606.61 9588.28 9598.34 9608.69 9614.86 9621.2
9667.86 9642.76 9629.33 9611.73 9597.96 9585.43 9572.97 9559.82 9548.27 9545.59 9551.45 9550.72 9545.96 9548.63 9545.02 9538.81 9549.85 9550.02 9552.26 9555.34 9560.1 9561.42 9562.83 9572.62 9584.29 9593.34 9605.59 9619.52 9623.16 9610.3 9614.06 9630.44 9639.47 9650.72 9662.98 9669.92 9673.61 9693.43 9646.37 9589.4 9559.97 9556.54 9575.01 9595.47 9599.74 9612.94 9592.33 9579.1 9579.84 9580.76 9588.53 9595.38 9614.68 9628.1 9643.38 9658.09 9672.52 9687.97 9687.71 9634.64 9602.21 9574.13 9565.38 9581.89 9598.84 9613.79 9620.18
9664.39 9636.26 9626.77 9609.66 9600.73 9589.56 9575.74 9563.11 9554.39 9542.68 9545.2 9544.43 9543.97 9542.66 9538.69 9535.98 9539.23 9539.62 9538.82 9539.3 9539.31 9540.45 9547.54 9558.01 9571.14 9590.14 9609.02 9616.52 9611.99 9599.14 9602.87 9621.03 9646.61 9659.6 9670.68 9680.15 9689.72 9698.69 9646.99 9596.73 9577.87 9570.89 9576.99 9584.31 9595.76 9609.1 9602.41 9593.82 9585.99 9593.86 9589.67 9596.1 9612.61 9630.37 9648.16 9658.11 9668.21 9679.3 9665.08 9615.94 9596.36 9567.28 9563.08 9580.28 9596.81 9610.36 9613.4
9658.72 9626.36 9614.57 9601.08 9603.66 9595.01 9585.44 9583.55 9575.21 9554.87 9546.26 9538.99 9537.04 9533.63 9533.05 9529.16 9537.43 9534.41 9531.38 9528.86 9531.35 9535.24 9543.3 9552.51 9564.26 9582.63 9602.09 9610.02 9607.6 9605.18 9621.93 9640.38 9660.64 9669.86 9678.89 9683.81 9687.21 9685.41 9638.64 9598.73 9585.94 9573.28 9564.69 9562.57 9564.78 9576.36 9605.39 9627.51 9632 9631.73 9630.03 9610.48 9618.69 9642.26 9655.66 9681.05 9666.65 9654.49 9638.16 9624.29 9623.3 9579.2 9572.05 9588.81 9598.7 9604.66 9605.35
9630.86 9615.71 9604.05 9597.83 9598.95 9589.04 9582.94 9583.33 9576.49 9563.02 9550.1 9535.95 9531.2 9528.06 9528.31 9524.27 9536.56 9532 9526.92 9524.81 9530.02 9537.53 9540.72 9547.84 9560.39 9579.35 9568.43 9585.15 9606.67 9625.82 9620.37 9635.79 9654.6 9672.35 9687.58 9695.69 9689.93 9671.22 9648.83 9618.95 9593.26 9572.53 9557.8 9549.67 9546.64 9565.39 9608.54 9650.52 9661.07 9653.07 9656.53 9645.94 9625.32 9600.11 9652.95 9692.46 9667.09 9629.39 9593.07 9594.5 9598.4 9590.89 9599.92 9603.19 9602.86 9602.1 9596.85
