real_craters/C211-750m.grd
DSAA
433 433
-161.8575 161.8575
-161.8575 161.8575
2406.0680557139 6308.7624817942
[rows 38 to 75 of 433, columns 336 to 419 of 433]
4712 4703 4710 4711 4701 4694 4691 4693 4696 4698 4700 4700 4700 4701 4700 4702 4704 4725 4745 4768 4763 4760 4730 4719 4722 4717 4714 4718 4721 4726 4730 4728 4727 4727 4731 4731 4728 4723 4718 4720 4722 4724 4727 4730 4734 4738 4742 4748 4753 4757 4766 4778 4792 4808 4815 4822 4825 4824 4811 4782 4755 4763 4762 4764 4783 4776 4749 4731 4723 4720 4719 4721 4725 4731 4728 4716 4705 4699 4697 4697 4695 4698 4703 4699
4816 4772 4735 4713 4697 4688 4690 4692 4692 4693 4696 4699 4698 4695 4699 4701 4707 4733 4757 4768 4762 4757 4744 4736 4731 4726 4717 4713 4718 4724 4727 4724 4720 4720 4725 4727 4731 4731 4723 4721 4722 4724 4727 4730 4733 4738 4743 4749 4752 4756 4762 4772 4783 4792 4793 4803 4811 4813 4811 4796 4766 4758 4755 4760 4776 4753 4735 4716 4714 4714 4715 4718 4724 4736 4732 4729 4707 4696 4688 4682 4677 4681 4685 4684
4844 4790 4753 4706 4687 4678 4676 4684 4690 4694 4696 4696 4697 4697 4700 4699 4716 4756 4797 4816 4784 4826 4823 4805 4772 4729 4716 4711 4713 4716 4719 4718 4718 4721 4726 4732 4731 4730 4724 4723 4723 4725 4726 4729 4732 4739 4743 4748 4751 4754 4757 4767 4776 4783 4789 4794 4798 4801 4806 4803 4770 4765 4755 4760 4748 4729 4723 4718 4711 4710 4710 4711 4709 4709 4711 4706 4694 4687 4680 4670 4664 4670 4676 4677
4926 4875 4777 4711 4680 4667 4665 4666 4674 4689 4692 4693 4697 4697 4699 4700 4730 4791 4862 4931 5018 4975 4946 4912 4797 4722 4711 4712 4710 4710 4712 4715 4716 4720 4727 4736 4727 4721 4722 4723 4723 4724 4726 4729 4732 4739 4740 4747 4751 4754 4757 4766 4773 4777 4781 4783 4784 4788 4789 4784 4783 4767 4750 4747 4759 4728 4726 4714 4713 4710 4707 4702 4695 4688 4690 4686 4683 4683 4679 4671 4666 4671 4674 4675
5096 4900 4783 4716 4684 4669 4667 4670 4673 4682 4686 4692 4698 4698 4699 4705 4745 4817 4903 5001 5074 4941 4899 4837 4752 4706 4710 4714 4709 4707 4712 4718 4721 4723 4726 4728 4721 4716 4720 4723 4725 4726 4727 4728 4730 4737 4742 4744 4749 4756 4766 4771 4771 4772 4771 4771 4772 4772 4772 4768 4778 4768 4770 4774 4785 4772 4746 4727 4719 4713 4706 4697 4688 4682 4684 4687 4689 4686 4683 4677 4668 4672 4673 4673
5127 4857 4770 4718 4688 4674 4667 4667 4671 4684 4690 4694 4698 4698 4700 4706 4755 4825 4906 4990 5033 4907 4824 4756 4719 4706 4712 4714 4713 4707 4722 4732 4729 4731 4728 4721 4718 4725 4726 4727 4728 4728 4728 4729 4729 4738 4735 4739 4746 4754 4763 4767 4770 4769 4766 4765 4766 4767 4766 4770 4777 4784 4787 4767 4777 4769 4760 4745 4727 4715 4704 4695 4687 4683 4687 4696 4696 4690 4686 4680 4670 4670 4671 4671
5104 4870 4769 4722 4699 4688 4683 4681 4687 4691 4696 4700 4704 4705 4712 4722 4760 4816 4875 4927 4954 4848 4769 4716 4704 4709 4708 4722 4738 4735 4759 4763 4763 4751 4737 4721 4721 4733 4732 4731 4730 4728 4728 4727 4730 4735 4735 4734 4742 4752 4762 4769 4767 4766 4763 4760 4760 4762 4767 4777 4799 4824 4813 4798 4779 4778 4768 4748 4730 4716 4705 4696 4689 4685 4685 4691 4693 4690 4685 4681 4672 4667 4668 4667
4964 4830 4758 4726 4710 4698 4696 4697 4700 4702 4707 4712 4717 4719 4723 4730 4756 4790 4825 4845 4831 4778 4732 4704 4703 4708 4709 4732 4780 4828 4815 4815 4790 4784 4756 4729 4723 4735 4738 4736 4733 4729 4727 4725 4726 4732 4734 4734 4740 4748 4756 4760 4762 4762 4762 4762 4761 4762 4768 4776 4802 4824 4802 4777 4765 4765 4769 4746 4728 4715 4706 4699 4694 4691 4692 4695 4691 4686 4679 4671 4668 4670 4667 4664
4762 4758 4734 4722 4714 4708 4707 4711 4714 4714 4720 4724 4730 4731 4732 4729 4743 4761 4779 4784 4772 4740 4713 4701 4706 4708 4711 4736 4770 4804 4835 4877 4899 4821 4772 4739 4733 4743 4742 4739 4734 4730 4726 4723 4723 4731 4731 4733 4740 4746 4750 4751 4756 4759 4760 4760 4757 4761 4770 4781 4785 4798 4779 4764 4747 4757 4741 4726 4718 4712 4706 4702 4698 4696 4695 4692 4688 4682 4674 4667 4668 4668 4667 4662
4707 4712 4716 4718 4718 4717 4719 4721 4725 4729 4732 4735 4736 4737 4734 4723 4728 4735 4741 4738 4730 4713 4703 4701 4706 4709 4718 4739 4757 4781 4816 4840 4845 4814 4774 4744 4740 4748 4744 4739 4733 4728 4724 4722 4724 4730 4733 4738 4741 4745 4749 4754 4755 4756 4758 4758 4757 4764 4774 4783 4793 4799 4772 4752 4746 4732 4710 4707 4708 4705 4703 4700 4698 4695 4691 4686 4684 4680 4674 4670 4672 4675 4669 4660
4700 4707 4715 4719 4719 4724 4727 4730 4732 4734 4738 4742 4745 4741 4733 4716 4716 4718 4718 4716 4710 4701 4700 4707 4709 4708 4730 4749 4762 4778 4796 4798 4797 4793 4770 4742 4734 4745 4740 4735 4731 4726 4723 4721 4725 4732 4734 4740 4741 4745 4749 4752 4754 4756 4757 4758 4762 4769 4780 4788 4791 4782 4746 4746 4739 4705 4695 4699 4700 4702 4702 4700 4698 4695 4690 4687 4683 4680 4678 4674 4670 4666 4661 4658
4703 4712 4720 4725 4730 4733 4734 4734 4735 4736 4738 4743 4745 4742 4733 4712 4709 4709 4707 4705 4702 4698 4699 4700 4702 4708 4735 4767 4791 4792 4792 4788 4785 4780 4769 4758 4750 4741 4739 4737 4732 4728 4723 4721 4728 4735 4736 4735 4740 4745 4749 4752 4754 4755 4755 4757 4758 4770 4784 4797 4785 4754 4739 4730 4710 4696 4701 4698 4697 4699 4699 4700 4703 4698 4692 4687 4683 4680 4678 4670 4665 4661 4657 4656
4708 4714 4721 4728 4735 4737 4736 4736 4735 4735 4735 4736 4737 4737 4729 4712 4707 4705 4704 4702 4701 4699 4704 4700 4703 4712 4748 4780 4806 4801 4789 4783 4779 4775 4770 4772 4769 4748 4753 4757 4751 4742 4730 4724 4738 4740 4739 4741 4744 4745 4748 4752 4754 4754 4754 4754 4758 4772 4783 4791 4768 4751 4740 4720 4713 4688 4694 4695 4696 4696 4697 4698 4701 4705 4697 4687 4681 4677 4670 4664 4662 4659 4657 4657
4711 4715 4717 4729 4736 4738 4736 4736 4735 4734 4731 4728 4728 4729 4721 4712 4706 4706 4706 4706 4706 4703 4702 4703 4709 4735 4764 4773 4772 4792 4783 4757 4771 4771 4768 4759 4761 4769 4793 4794 4781 4761 4740 4725 4735 4740 4741 4739 4741 4745 4748 4750 4751 4753 4755 4758 4764 4775 4780 4779 4760 4731 4720 4711 4698 4691 4693 4696 4697 4697 4695 4695 4700 4710 4699 4685 4679 4673 4665 4662 4661 4659 4658 4656
4715 4721 4729 4729 4731 4733 4737 4739 4735 4725 4722 4722 4730 4729 4720 4703 4703 4707 4714 4720 4716 4710 4718 4731 4748 4771 4739 4759 4806 4799 4798 4800 4786 4779 4769 4764 4773 4820 4865 4850 4819 4783 4751 4726 4735 4742 4743 4743 4746 4745 4748 4751 4757 4754 4755 4758 4774 4779 4782 4776 4754 4716 4704 4699 4690 4690 4696 4696 4695 4694 4693 4692 4694 4695 4690 4682 4676 4670 4663 4662 4661 4660 4658 4656
4717 4720 4727 4725 4725 4730 4730 4726 4721 4712 4709 4716 4759 4759 4713 4705 4708 4720 4726 4726 4728 4734 4747 4766 4754 4786 4776 4757 4791 4798 4805 4809 4797 4783 4774 4775 4841 4997 4964 4906 4852 4805 4765 4739 4748 4748 4746 4742 4741 4743 4748 4752 4754 4755 4755 4757 4769 4778 4783 4778 4732 4700 4684 4686 4687 4694 4696 4697 4695 4693 4690 4688 4687 4683 4684 4680 4674 4668 4663 4663 4661 4660 4660 4657
4716 4714 4711 4720 4729 4737 4737 4730 4717 4709 4710 4743 4843 4939 4823 4727 4744 4756 4756 4750 4745 4745 4737 4749 4757 4742 4768 4749 4758 4783 4796 4802 4800 4786 4788 4801 4900 5066 4997 4924 4864 4813 4772 4750 4758 4754 4749 4744 4742 4744 4749 4753 4757 4758 4758 4762 4774 4777 4777 4758 4711 4682 4681 4683 4686 4690 4693 4695 4694 4691 4689 4689 4687 4686 4682 4678 4673 4669 4665 4663 4661 4659 4656 4655
4714 4709 4709 4722 4746 4766 4754 4734 4722 4710 4711 4754 4894 5036 4919 4842 4848 4823 4796 4774 4758 4747 4744 4747 4752 4752 4743 4740 4762 4773 4790 4796 4797 4798 4803 4842 4890 4928 4938 4905 4856 4810 4772 4757 4761 4756 4752 4747 4743 4748 4752 4756 4759 4761 4763 4758 4772 4779 4772 4742 4703 4682 4681 4681 4686 4699 4695 4697 4693 4690 4686 4683 4684 4683 4681 4677 4673 4667 4664 4663 4660 4658 4655 4655
4711 4706 4704 4723 4758 4788 4769 4745 4723 4705 4699 4740 4856 4949 4923 5032 4951 4859 4811 4780 4763 4748 4745 4742 4729 4730 4735 4743 4749 4761 4776 4782 4783 4785 4792 4827 4859 4886 4894 4873 4838 4799 4767 4759 4755 4755 4754 4754 4758 4759 4758 4759 4760 4765 4774 4782 4787 4779 4770 4742 4707 4685 4683 4684 4688 4693 4701 4699 4694 4689 4683 4678 4682 4684 4682 4678 4672 4666 4663 4662 4660 4658 4656 4656
4707 4704 4706 4720 4751 4771 4771 4761 4744 4727 4711 4733 4799 4871 4941 4938 4897 4842 4798 4773 4753 4739 4738 4727 4726 4728 4722 4726 4737 4747 4745 4760 4767 4768 4764 4774 4821 4853 4856 4840 4817 4787 4758 4745 4746 4750 4752 4756 4765 4758 4761 4764 4764 4767 4783 4791 4773 4769 4769 4755 4715 4687 4682 4684 4690 4692 4697 4703 4696 4689 4683 4679 4683 4688 4686 4679 4671 4665 4665 4663 4661 4658 4656 4655
4703 4704 4706 4720 4746 4769 4777 4779 4783 4770 4737 4730 4781 4969 4964 4867 4819 4809 4792 4770 4749 4735 4724 4729 4724 4722 4722 4727 4734 4740 4750 4753 4758 4762 4761 4781 4802 4813 4817 4820 4804 4777 4748 4736 4743 4748 4751 4753 4752 4756 4765 4771 4776 4781 4781 4774 4761 4758 4760 4754 4724 4690 4686 4683 4687 4688 4696 4695 4694 4688 4684 4681 4680 4683 4684 4678 4670 4664 4664 4664 4662 4659 4656 4656
4702 4708 4714 4725 4744 4765 4781 4800 4824 4839 4814 4791 4784 4846 4873 4822 4787 4776 4767 4752 4741 4728 4725 4728 4720 4716 4720 4726 4735 4738 4744 4751 4758 4763 4773 4784 4799 4814 4824 4825 4806 4778 4750 4745 4745 4747 4749 4750 4748 4767 4774 4779 4787 4796 4784 4770 4756 4752 4749 4744 4733 4732 4700 4682 4685 4689 4697 4692 4689 4684 4681 4678 4676 4684 4681 4676 4670 4665 4667 4665 4663 4660 4658 4657
4705 4714 4724 4737 4740 4750 4773 4826 4888 4941 4986 4935 4856 4775 4778 4772 4758 4750 4743 4739 4732 4724 4721 4715 4716 4718 4720 4724 4734 4747 4756 4758 4761 4764 4769 4776 4803 4839 4863 4845 4816 4788 4763 4753 4751 4751 4751 4752 4753 4768 4777 4782 4787 4787 4765 4755 4750 4747 4743 4734 4730 4722 4706 4690 4682 4689 4689 4687 4682 4679 4676 4673 4671 4677 4678 4674 4670 4667 4667 4666 4664 4662 4658 4654
4710 4719 4731 4747 4735 4725 4757 4852 4945 5022 5080 5006 4904 4747 4727 4732 4732 4732 4733 4731 4729 4724 4718 4717 4722 4717 4725 4729 4741 4760 4770 4765 4764 4763 4754 4765 4805 4848 4883 4852 4819 4795 4776 4763 4757 4755 4754 4756 4764 4769 4775 4780 4782 4782 4769 4754 4747 4743 4743 4735 4726 4715 4711 4706 4689 4689 4687 4681 4677 4676 4674 4672 4672 4673 4675 4673 4670 4666 4665 4665 4665 4664 4661 4653
4718 4723 4728 4724 4728 4735 4778 4880 4990 5091 5106 4995 4819 4725 4710 4706 4708 4713 4719 4722 4723 4723 4726 4727 4722 4720 4733 4745 4761 4758 4759 4763 4766 4768 4771 4780 4803 4830 4839 4827 4808 4787 4775 4765 4760 4758 4757 4757 4760 4769 4776 4777 4776 4774 4755 4753 4748 4744 4738 4733 4723 4713 4712 4719 4701 4696 4689 4677 4675 4675 4673 4672 4672 4675 4674 4673 4670 4667 4666 4665 4664 4664 4660 4654
4723 4727 4731 4733 4736 4748 4790 4896 5024 5152 5208 5003 4774 4720 4711 4702 4700 4705 4711 4716 4720 4722 4723 4731 4727 4725 4742 4740 4759 4750 4750 4758 4766 4777 4786 4788 4800 4810 4807 4804 4790 4769 4761 4762 4760 4759 4759 4758 4759 4765 4770 4769 4765 4758 4752 4750 4747 4741 4734 4730 4725 4718 4716 4718 4699 4693 4687 4679 4678 4675 4674 4672 4671 4673 4674 4673 4671 4668 4666 4665 4663 4662 4659 4655
4723 4730 4737 4743 4752 4759 4785 4896 5020 5130 5155 4952 4761 4732 4723 4712 4708 4709 4713 4717 4719 4723 4726 4726 4722 4727 4728 4719 4752 4752 4748 4754 4760 4768 4779 4786 4795 4805 4817 4808 4782 4754 4745 4757 4759 4759 4758 4758 4757 4758 4765 4761 4756 4751 4748 4747 4745 4738 4745 4739 4734 4725 4715 4711 4697 4686 4679 4676 4677 4676 4674 4672 4674 4675 4675 4674 4671 4668 4666 4664 4662 4660 4657 4655
4713 4725 4738 4760 4782 4793 4798 4903 4990 5045 5036 4873 4751 4739 4736 4727 4720 4719 4718 4717 4718 4720 4726 4746 4726 4725 4738 4727 4753 4750 4750 4750 4753 4757 4757 4774 4786 4796 4805 4798 4779 4763 4761 4759 4758 4757 4757 4757 4759 4769 4762 4753 4748 4744 4739 4745 4750 4765 4755 4755 4749 4741 4728 4709 4693 4681 4675 4675 4678 4676 4675 4674 4675 4677 4677 4677 4675 4669 4667 4664 4661 4657 4655 4653
4713 4723 4737 4764 4805 4864 4887 4976 4959 4922 4866 4803 4756 4750 4744 4738 4740 4731 4723 4719 4719 4718 4722 4728 4726 4727 4722 4726 4739 4745 4748 4748 4750 4753 4757 4767 4776 4782 4782 4775 4770 4770 4757 4756 4755 4756 4756 4756 4756 4748 4742 4743 4742 4741 4733 4742 4750 4756 4776 4772 4767 4762 4754 4717 4683 4678 4675 4673 4674 4678 4679 4678 4676 4677 4678 4679 4677 4672 4668 4665 4662 4659 4656 4652
4714 4722 4735 4750 4789 4901 5039 5009 4919 4843 4787 4770 4763 4752 4745 4738 4733 4727 4722 4719 4719 4719 4720 4720 4722 4721 4724 4734 4739 4749 4750 4755 4756 4751 4760 4764 4764 4763 4759 4755 4754 4753 4751 4751 4751 4751 4750 4751 4750 4749 4739 4740 4739 4735 4742 4745 4754 4775 4784 4779 4775 4770 4768 4724 4686 4681 4680 4676 4675 4678 4680 4680 4677 4676 4676 4676 4672 4671 4669 4665 4662 4659 4656 4653
4717 4706 4728 4740 4767 4836 4877 4874 4848 4809 4772 4749 4749 4743 4738 4732 4728 4724 4718 4716 4716 4719 4718 4721 4720 4719 4729 4735 4740 4743 4746 4751 4765 4755 4782 4756 4746 4747 4748 4746 4742 4735 4745 4748 4750 4750 4749 4748 4746 4742 4746 4742 4739 4736 4738 4745 4755 4772 4778 4778 4775 4769 4749 4710 4688 4685 4683 4682 4681 4682 4682 4682 4678 4675 4674 4673 4672 4673 4669 4666 4662 4659 4655 4653
4725 4719 4722 4725 4751 4772 4768 4773 4786 4773 4751 4730 4729 4728 4727 4724 4719 4716 4714 4714 4711 4709 4712 4721 4732 4722 4740 4737 4737 4745 4738 4727 4738 4810 4739 4712 4715 4727 4739 4745 4741 4741 4743 4745 4748 4749 4748 4746 4745 4744 4747 4745 4741 4740 4735 4742 4755 4763 4770 4771 4770 4766 4762 4733 4687 4685 4688 4692 4693 4689 4685 4681 4677 4675 4673 4670 4672 4674 4670 4665 4661 4657 4654 4652
4735 4732 4729 4727 4735 4742 4747 4752 4753 4744 4731 4716 4708 4714 4717 4715 4712 4710 4709 4710 4709 4703 4712 4723 4731 4720 4743 4741 4743 4757 4724 4677 4615 4525 4576 4634 4673 4706 4735 4757 4742 4738 4744 4745 4748 4748 4747 4746 4745 4744 4745 4746 4741 4739 4736 4745 4760 4771 4768 4766 4762 4754 4742 4710 4684 4689 4695 4699 4697 4693 4687 4681 4676 4674 4673 4672 4672 4672 4669 4665 4660 4656 4654 4652
4733 4729 4726 4722 4715 4723 4736 4745 4737 4728 4718 4706 4705 4708 4709 4709 4707 4706 4707 4707 4709 4712 4713 4722 4735 4732 4739 4743 4750 4763 4713 4641 4553 4484 4515 4582 4640 4691 4728 4754 4739 4733 4743 4746 4745 4747 4747 4746 4745 4745 4747 4747 4741 4737 4744 4753 4761 4770 4768 4761 4752 4740 4722 4706 4696 4701 4699 4698 4696 4692 4685 4679 4675 4673 4672 4671 4670 4670 4668 4665 4661 4658 4654 4651
4731 4728 4724 4718 4714 4719 4727 4729 4724 4715 4710 4704 4703 4705 4706 4705 4706 4709 4705 4704 4705 4710 4712 4718 4726 4741 4739 4748 4783 4772 4724 4641 4543 4479 4511 4570 4628 4679 4721 4756 4745 4747 4745 4745 4748 4749 4749 4748 4747 4747 4747 4745 4744 4746 4752 4761 4768 4770 4767 4759 4748 4733 4716 4702 4702 4704 4699 4697 4692 4689 4682 4677 4674 4672 4670 4665 4668 4669 4668 4666 4663 4660 4655 4651
4732 4729 4724 4719 4717 4719 4722 4722 4717 4708 4708 4708 4707 4705 4704 4703 4702 4702 4701 4702 4703 4706 4714 4721 4732 4740 4749 4748 4745 4799 4752 4676 4574 4518 4555 4602 4647 4688 4724 4745 4745 4745 4746 4749 4751 4751 4752 4752 4750 4749 4752 4749 4748 4750 4755 4761 4768 4774 4770 4758 4745 4731 4718 4707 4706 4703 4701 4696 4687 4683 4679 4677 4674 4671 4669 4666 4667 4668 4667 4667 4670 4661 4656 4651
4731 4725 4721 4718 4716 4716 4718 4719 4715 4714 4709 4712 4711 4707 4705 4703 4700 4696 4699 4700 4702 4706 4715 4727 4741 4758 4750 4750 4756 4773 4767 4741 4706 4619 4632 4652 4678 4705 4729 4744 4739 4738 4748 4752 4757 4757 4757 4755 4753 4752 4754 4750 4754 4756 4757 4761 4767 4777 4771 4758 4744 4730 4719 4702 4705 4709 4705 4695 4683 4683 4679 4677 4673 4670 4667 4666 4668 4667 4665 4663 4660 4658 4656 4653
4730 4727 4723 4719 4715 4713 4716 4717 4715 4710 4712 4709 4710 4707 4705 4702 4700 4698 4699 4702 4705 4710 4717 4735 4761 4785 4757 4758 4763 4757 4771 4779 4809 4771 4715 4705 4713 4729 4742 4753 4745 4752 4762 4767 4769 4768 4766 4762 4760 4757 4753 4755 4756 4758 4760 4764 4774 4779 4771 4756 4740 4725 4713 4704 4708 4713 4706 4693 4680 4680 4676 4674 4672 4669 4666 4667 4670 4667 4664 4660 4656 4656 4653 4650
