real_craters/C211-1000m.grd
DSAA
186 186
-92.49 92.49
-92.49 92.49
8313.1225261542 11409.779802468
[rows 0 to 29 of 186, columns 0 to 66 of 186]
9527.38 9603.32 9629.62 9651.6 9696.12 9766.18 9869.43 9921.09 10085.7 10219.9 10320.1 10484.8 10557.6 10596 10742.4 10849.9 10967.2 11020.7 10953.4 10882.8 10816.5 10766.3 10728.4 10679.5 10540.4 10358.2 10201.1 10101.4 10004.6 9913.03 9841.73 9797.2 9770.96 9731.72 9741.31 9722.96 9703.65 9682.27 9676.24 9720.33 9758.32 9764.9 9725.49 9731.69 9739.69 9744.99 9748.15 9752.25 9751.62 9754.56 9756.88 9771.98 9787.1 9809.04 9840.72 9878.87 9908.04 9919.59 9925.34 9941.1 9966.75 9990.02 10010.5 10046.1 10056.5 10111.4 10189.9
9450.9 9485.97 9503.55 9534.28 9612.37 9686.88 9752.54 9795.06 9891.57 9985.54 10114.7 10243.5 10330.5 10402.5 10589.3 10711.4 10785.9 10912.3 10920.2 10835.6 10774.2 10757.9 10744.6 10708.3 10614.8 10463 10328.5 10225.8 10128.1 10032.4 9954.73 9905.69 9877.27 9849.48 9817.24 9795.13 9770.36 9756.74 9744.49 9785.27 9803.3 9784.83 9765.29 9788.71 9812.97 9803.79 9811.74 9819.26 9803.39 9798.64 9794.86 9809.18 9818.86 9848.23 9856 9907.66 9932.98 9940.19 9946.91 9964.71 9990.78 10031 10063.8 10083.3 10122 10163.7 10220.6
9370.05 9399.82 9395.96 9432.88 9537.02 9591.43 9664.62 9742.17 9825.52 9877.36 9963.72 10064.7 10166.2 10273.9 10392.1 10537 10683.1 10769.5 10803.2 10771.9 10748.4 10762.9 10768.1 10735 10686.5 10648.2 10531.7 10394.1 10299.1 10193.1 10125.1 10063.2 10018.5 9971.2 9944.77 9932.63 9916.97 9899.62 9861.88 9873.37 9889.86 9878.76 9869.56 9911.89 9944.81 9944.18 9946.44 9932.12 9891.9 9864.89 9850.81 9838.75 9850.08 9871.2 9912.27 9944.52 9959.17 9962.83 9970.67 9990.65 10040.5 10149.6 10177.7 10197.1 10218.1 10232.2 10236.7
9329.51 9333.39 9351.18 9385.14 9437.05 9503.7 9588.14 9696.26 9792.42 9856.11 9891.02 9958.9 10043.6 10184.5 10316 10467.1 10567 10655.1 10702.4 10721.2 10740.3 10768.5 10800.4 10828 10811.9 10836.7 10770.5 10647.3 10509.1 10379.7 10305.4 10252.3 10201.9 10139 10124 10156.5 10174.7 10116 10055.6 10051.6 10057.9 10044.6 10042.3 10078 10128.6 10165.6 10167.3 10110.6 10035.4 9982.52 9942.06 9908.63 9908.52 9926.82 9950.6 9974.49 9983.13 9985.78 9993.11 10023.2 10095.1 10225.8 10253.6 10237.6 10237.1 10242.5 10242.4
9308.66 9322.52 9331.72 9344.38 9409.66 9492.22 9519.97 9593.14 9656.94 9745.89 9812.33 9849.62 9954.36 10042.9 10225.3 10369 10484.2 10606.5 10627.1 10643.8 10695.4 10727 10797.7 10852.6 10856.4 10862.4 10868.4 10799 10700.3 10633.2 10539.6 10510.3 10441.5 10358 10337.1 10369.2 10385.4 10355.2 10314.3 10324.3 10307.3 10244 10225.2 10263.6 10317.9 10394.3 10423.6 10291 10177.1 10107.9 10093 10031.9 10041.8 10019.8 9995.09 10011.2 10012.3 10014.6 10022.8 10057.5 10160.7 10220.6 10238.1 10222.8 10214.4 10223.9 10224
9291.98 9314.87 9319.45 9333.21 9359.64 9420.24 9457.96 9536.86 9593.33 9648.73 9696.71 9818.05 9923.92 10060.6 10133.6 10261.1 10438.1 10531.1 10536.2 10494 10477.4 10599.7 10761.8 10848.5 10855.7 10864.9 10876.4 10844.2 10797.1 10811.5 10759.5 10779.7 10645.7 10569.7 10530 10514.5 10591.5 10516.8 10582.6 10621.9 10580.3 10475.6 10438.7 10422.5 10433 10477.9 10476.8 10380 10291.8 10253 10227.4 10195.6 10132.6 10057.6 10031.8 10035.6 10043.3 10049 10058.2 10083.3 10145.3 10214.2 10224.8 10220.2 10200.3 10203.3 10204.1
9269.38 9285.83 9285.71 9262.5 9270.13 9287.57 9359.12 9455.93 9530.41 9526.58 9543.96 9698.33 9820.03 9929.32 10007.6 10129.9 10396.3 10528.2 10457.8 10329.2 10251.4 10454.4 10733 10847.3 10849.2 10887.2 10891.8 10846.1 10784.2 10720.4 10697.1 10630.7 10594.6 10551 10521.7 10505.6 10478.1 10501.5 10511.6 10552.8 10613.3 10542.5 10523.7 10491.3 10482.5 10480.4 10457 10399.3 10358.2 10309 10259.9 10265.3 10238.7 10116.1 10067 10067 10082.6 10094.3 10109.1 10138.1 10205.7 10208.1 10217.1 10215.7 10200.9 10198.9 10199.9
9249.21 9249.71 9245.48 9236.96 9239.57 9254.27 9308.49 9402.72 9416.44 9384.3 9450.09 9523.17 9655.43 9774.2 9910.85 10074.9 10374.6 10541.8 10373.8 10200.6 10108.3 10353.3 10716.7 10794 10792.5 10819.5 10841.1 10805.1 10755.9 10696.2 10651 10605.3 10566.2 10509.8 10498.2 10482.5 10460.9 10461.7 10463.4 10461.8 10469.1 10448 10477.8 10490.8 10481.1 10463.8 10444.1 10376.4 10288.2 10239.2 10217.2 10199.7 10193.5 10171.8 10154.9 10136.6 10130.7 10139.2 10158.2 10190.1 10202 10205.1 10209.1 10212.4 10202.3 10203.6 10198.1
9235.63 9234.13 9222.83 9215.46 9222.76 9236.54 9255.25 9287.53 9285.21 9311.27 9403.16 9500.63 9586.4 9695.38 9857.3 10075.9 10303.8 10362.4 10215.3 10072.9 10042.4 10282.4 10667.9 10790 10790.5 10795.3 10766.6 10748.1 10726.4 10709.6 10634.6 10563.8 10532.1 10507.7 10488.5 10469.5 10448.4 10442.6 10443.4 10422.6 10410.1 10420.7 10436.2 10468.4 10451.2 10427.6 10394.5 10339.1 10293 10226 10211.9 10191.3 10185.8 10184.9 10205.2 10176.9 10170.1 10175 10187.3 10202 10198.6 10198.5 10200.6 10204.1 10211.8 10211.4 10199.2
9221.99 9233.3 9224.6 9201.8 9210.78 9227.75 9229.61 9245.64 9261.13 9283.44 9390.6 9427.44 9479.41 9616.75 9768.72 9947.62 10152.9 10128.3 10026.8 9927.02 9911.23 10163.5 10567 10653.8 10698.6 10729.7 10731.1 10698.8 10658.5 10650 10617.3 10569.8 10533.6 10499 10491.5 10462.7 10449.1 10434.4 10412.8 10406 10382.9 10391.4 10416 10428.9 10414.2 10384.9 10341.4 10294.8 10257.1 10220 10203.6 10185.8 10202.3 10214.6 10210 10193.5 10189.3 10195 10201.6 10205.7 10199.2 10194.7 10194.8 10196.6 10211.9 10212.1 10203.5
9204.41 9198.67 9203.8 9203 9206.43 9210.51 9214.07 9228.37 9243.1 9320.82 9384.6 9369.6 9405.23 9496.42 9616.59 9785.56 9935.07 9916.02 9842.37 9774.57 9751.09 9991.06 10447.8 10507.9 10654.9 10697.4 10693.3 10660.4 10612.7 10604 10603.2 10608.6 10565.9 10485.1 10453.4 10429.4 10424.3 10400.7 10365.8 10366.9 10354.4 10358.8 10373 10385.5 10377.8 10349 10310 10276.1 10242 10217.6 10214.2 10219.2 10231.4 10244.4 10209.6 10185.1 10190.3 10197.2 10206.7 10210.8 10199.3 10189 10187.7 10188.9 10198.6 10209.2 10207.3
9195.86 9185.94 9172.73 9189.34 9196.31 9196.9 9205.64 9218.16 9229.6 9262.09 9286.05 9322.39 9373.76 9437.17 9543.08 9676.44 9774.51 9749.32 9702.13 9655.24 9661.21 9880.07 10286 10424.5 10560.1 10662.2 10678.2 10643.2 10601.1 10590.8 10573.8 10544.4 10516.4 10463 10398.8 10375.4 10350.8 10320.7 10312.9 10314.9 10327.1 10332.8 10339.8 10374.8 10349.3 10325.7 10299.5 10282.5 10269.5 10239.4 10244.5 10234.5 10223.8 10219.2 10201.7 10189 10190.7 10192.7 10201.3 10223.9 10194.9 10179.5 10181.2 10191.7 10213.2 10217.5 10234.6
9193.87 9179.78 9171.59 9171.9 9178.14 9186.54 9202.83 9227.15 9248.61 9262.08 9264.59 9285.94 9317.43 9374.71 9459.69 9558.62 9619.78 9633.48 9620.91 9605.46 9629.62 9825.38 10178.1 10326.8 10505.8 10647.7 10670.8 10634.1 10586.7 10578.3 10543.7 10492.9 10441 10409.6 10379.3 10355 10328 10304.4 10301.8 10292.6 10295.6 10302.7 10302.4 10301.3 10314.1 10311.6 10306.4 10302.1 10285.7 10260 10239.6 10233.2 10216.8 10211.6 10197.6 10199.1 10188.1 10180.3 10173.3 10168.3 10161.6 10164.3 10170.1 10177.7 10175.5 10218.5 10262.6
9191.93 9178.35 9168.27 9172.09 9180.83 9189.72 9207.61 9252.51 9285.62 9281.6 9269.6 9274.61 9291.49 9320.65 9365 9478.37 9563.44 9609.86 9614.15 9606.81 9632.97 9775.16 10048.6 10265.3 10499.2 10640.8 10646.4 10625.3 10597.3 10575.2 10525.1 10469.6 10399.2 10383.1 10381.8 10363.8 10331.8 10310.7 10300.6 10291 10284.6 10283.8 10282.1 10281.2 10293.2 10303.8 10313.3 10319.2 10281.4 10254 10228.6 10217.7 10206 10199.9 10187.1 10179.4 10175.2 10163.7 10150.6 10139.3 10143 10155.2 10163.1 10165.9 10174 10218.7 10265.2
9188.14 9181.34 9178.45 9182.56 9197.05 9213.31 9228.67 9261.8 9288.42 9293.28 9285.15 9284.24 9293.42 9309.59 9357.63 9485.18 9641.85 9627.43 9624.22 9624.28 9653.34 9755.37 9944.87 10184 10395.7 10488.9 10565.5 10605.2 10624.7 10578.8 10511.7 10437.7 10378.5 10372.8 10371.4 10356.1 10332.8 10318.3 10299.6 10287.4 10282 10279.8 10278.1 10281.9 10287.2 10297.5 10304.1 10300.6 10275.8 10256.2 10238.6 10220.6 10201.1 10194.8 10177.9 10168.8 10160.3 10144.5 10133.4 10126.4 10140.9 10153.3 10156.6 10164.3 10186.6 10239.6 10285.7
9181.07 9179.08 9180.21 9183.91 9198.87 9217.75 9233.71 9242.56 9273.8 9290.57 9300.4 9297.76 9300.06 9308.24 9329.42 9419.79 9594.09 9611.54 9623.14 9643.39 9678.77 9750.7 9903.31 10057.5 10216.6 10334.3 10473.9 10568.3 10606.7 10569.3 10500.4 10427.5 10381.5 10369.1 10358.5 10340.8 10330.7 10309.8 10302.8 10293 10286.5 10285.5 10279.5 10271.6 10287.3 10297.4 10301.5 10296.9 10284.1 10257.8 10236 10223.6 10206.4 10183.7 10163.3 10155.4 10144.5 10123.8 10103.3 10105.4 10133.5 10146.7 10152.7 10165.1 10183.3 10226.4 10281.6
9172.85 9171.38 9169.29 9169.94 9169.82 9177.74 9198.09 9233.12 9251.65 9271.79 9290.95 9291.41 9292.51 9307.61 9333.14 9354.58 9445.33 9541.39 9594.87 9641.22 9690.36 9744.58 9856.15 9994.24 10127 10264.2 10404.8 10536.1 10598.9 10559.2 10497.7 10437.5 10407.9 10395 10369.1 10352.7 10342.8 10338.7 10320.1 10310.3 10306.2 10297.6 10290.6 10294.3 10308.2 10307.1 10304 10300.7 10275.1 10242 10215.3 10209.1 10207.7 10201.9 10165.6 10145.2 10128.7 10106.1 10086 10090.8 10116.8 10122.8 10131.6 10151.6 10185.3 10224.5 10277.3
9170.18 9165.66 9162.25 9160.57 9156.12 9155.97 9160.09 9177.29 9211.48 9235.98 9254.32 9271.3 9277.59 9297.6 9327.29 9353.9 9419.43 9490.32 9557.06 9621.05 9684.82 9740.13 9828.07 9968.01 10070.7 10195.3 10336.1 10479.8 10567.3 10537.6 10487.5 10440.7 10416.3 10397 10378.3 10366 10353 10336.9 10322.6 10313.7 10316.7 10303.7 10302.5 10314 10322.7 10313.7 10305.5 10287.1 10249.2 10207.4 10179.6 10175.5 10178 10188.5 10155.8 10131.5 10113.9 10093.6 10076.1 10069.8 10069.3 10079.7 10095 10115.3 10147.5 10200.2 10246.3
9167.39 9163.64 9158.77 9156.76 9151.18 9157.29 9158.11 9159.24 9171.12 9189.22 9234.22 9260.8 9274.84 9293.89 9317.65 9360.14 9398.7 9458.48 9523.84 9590.73 9661.84 9760.27 9818.04 9930.93 10028.3 10141.5 10266.2 10376.6 10500.3 10500.7 10465 10422.3 10407.3 10392.9 10375.3 10364.1 10358.5 10346.9 10310.7 10284.1 10287.4 10300.6 10300.3 10303.1 10313.6 10305.3 10299 10272.7 10222.5 10182.9 10140.9 10137.8 10133.7 10139 10134 10113.5 10098.4 10080.8 10068.6 10057 10047.8 10049 10058.6 10065 10067 10093.2 10145.3
9169.17 9164.47 9158.9 9158.09 9155.92 9155.6 9156.47 9157.58 9165.63 9177.62 9206.2 9238.67 9273.94 9294.16 9300.04 9324.84 9377.08 9441.77 9509.07 9571.24 9630.54 9718.08 9854.44 9941.76 10029.6 10122.5 10225 10354.9 10461.7 10461.4 10440.3 10409.1 10393.8 10375.3 10365 10356 10356.3 10348.1 10323.5 10316.5 10322.5 10300.4 10288.9 10284.6 10289 10279.4 10263.9 10252.1 10210.2 10182.9 10159.3 10126.4 10125.7 10119.7 10130.6 10105.8 10081.7 10064.5 10052.5 10046 10040 10034.1 10028.8 10024.6 10015.1 10032.1 10055.5
9170.22 9163.93 9161.8 9162.28 9158.37 9154.51 9148.84 9159.19 9174 9186.88 9201.42 9225.49 9281.02 9302.61 9288.34 9315.26 9377.51 9452.59 9521.27 9578.83 9627.52 9700.38 9838.78 10026.4 10053.2 10119.8 10189 10286.9 10392.3 10422.6 10422.8 10410.6 10390.9 10368.1 10362.7 10354.4 10351.4 10351.2 10349.7 10377.2 10300.6 10293.6 10272.2 10258.9 10257.1 10245.8 10230.6 10201.3 10196.5 10174.3 10163.3 10135.6 10121.9 10127 10120.2 10086 10055.8 10041.1 10032.3 10034.9 10024.1 10015 10003.5 10002 9996.17 9978.61 9983.13
9156.46 9159.67 9162.67 9156.59 9156.69 9150.81 9146.09 9163.21 9189.85 9220 9231.53 9267.2 9289.19 9287.36 9271.08 9305.27 9401.29 9488.17 9550.81 9607.66 9652.62 9729.47 9784.31 10038.1 10092.8 10118.9 10163.6 10255.3 10346.5 10395 10415.1 10413.9 10403.6 10404 10381.5 10359.2 10359.4 10377.3 10408.6 10354.6 10325.9 10282.6 10243.5 10217.3 10213.9 10206.4 10186.6 10146.3 10163.2 10159.5 10150.5 10135.2 10128.1 10137 10123.1 10052.1 10027.9 10020.8 10018.4 10024 9997.54 9966.18 9977.49 9987.67 9993.63 9975.43 9959.77
9153.8 9158.83 9159.84 9157.58 9158.28 9152.7 9151.76 9165.92 9192.88 9236.34 9244.36 9287.06 9297.6 9294.21 9279.58 9313.29 9422.03 9508.81 9568.74 9634.99 9712.28 9760.42 9781.91 10017.3 10063.6 10100.7 10146.4 10241.6 10326 10382.1 10423.4 10440.1 10436.2 10397.4 10362.6 10373.7 10362.6 10366.4 10379.8 10359.7 10298.5 10241.1 10210 10184.6 10176.3 10173.3 10164.6 10137.3 10135.7 10123.9 10129.5 10149.4 10153 10144.6 10114.7 10070.7 10049.5 10015.9 10016.3 10017.5 9989.07 9959.66 9962.88 9968.39 9978.37 9986.97 9965.4
9172.03 9165.26 9160.04 9155.59 9161.83 9158.08 9164.52 9175.89 9188.28 9210.52 9247.96 9283.45 9302.47 9306.24 9293.48 9325.75 9416.19 9503.25 9556.22 9627.07 9698.35 9745.65 9757.99 9967.68 10021 10071.8 10117.8 10235.6 10308.9 10368.8 10426.5 10452.6 10401.2 10312.7 10299.4 10353.8 10348.9 10322.1 10307.1 10279.7 10215.2 10195.7 10182.9 10164.7 10141.8 10156.9 10175.7 10143.8 10104.4 10115 10131 10149.7 10138.2 10117.4 10088.3 10061.4 10033.3 10015.1 10011.9 10008.2 9994.25 9982.89 9965.29 9948.74 9941.29 9969.13 9952.06
9166.26 9165.71 9162.52 9163.02 9169.23 9168.13 9165.97 9172.18 9201.95 9268.62 9280.83 9295.71 9310.34 9313.69 9300.72 9321.11 9375.73 9425.04 9502.36 9583.59 9657.06 9680.58 9753.86 9908.64 9975.19 10042.3 10111.7 10212.1 10284.6 10342.8 10393.2 10400.2 10309 10219.5 10267.3 10310.3 10301.1 10263.3 10239.2 10239.1 10215.2 10185.1 10166.3 10153.2 10133.2 10157.6 10204.8 10162.7 10114.7 10145.5 10148.2 10124.8 10104.9 10091 10072.7 10060 10042.1 10018.5 10014.8 10007 9993.08 9972.37 9956.38 9938.78 9923.6 9918.58 9903.49
9152.66 9159.54 9160.45 9155.55 9165.6 9177.38 9171.38 9173.72 9220.29 9313.3 9314.41 9307.19 9316.39 9330.27 9309.59 9326.84 9330.06 9355.17 9438.96 9520.99 9590.92 9637.88 9759.77 9860.93 9925.58 10020.5 10110.9 10195.5 10261.5 10311.4 10351.1 10359.6 10265.9 10220 10251.7 10261.8 10259.8 10219 10201.4 10205.6 10179.1 10161.3 10152 10142 10144.4 10162.6 10196.2 10184.4 10164.7 10207.6 10177.8 10133.5 10102.1 10090.6 10083.7 10075.3 10062.1 10038.1 10028.1 10011.5 9989.18 9965.77 9952.76 9943.3 9930.49 9917.84 9898.81
9156.99 9166.61 9168.85 9165.92 9155.88 9154.29 9174.22 9188.6 9234.62 9297.8 9309.2 9296.18 9303.09 9321.47 9309.59 9305.24 9308.3 9335.23 9402.8 9483.69 9559.46 9634.25 9745.35 9831.47 9905.43 10004.8 10102.9 10193.3 10247.8 10294 10330.4 10328.3 10272.5 10221.8 10197.2 10198.4 10196.6 10175 10117 10150.5 10152.9 10145.9 10136.7 10129 10120.3 10140 10164.6 10162.5 10173.5 10227.4 10189.3 10146 10120.2 10109.8 10107.8 10090 10063.3 10039.4 10039.4 10012.3 9982.53 9961.34 9949.73 9949.52 9949.27 9944.94 9921.81
9164.93 9176.16 9177.59 9175.57 9162.71 9156.33 9173.79 9205.78 9267.64 9302.29 9305.89 9285.9 9278.76 9285.1 9277.06 9281.04 9291.46 9317.8 9377.61 9463.04 9588.22 9649.33 9773.29 9816.1 9901.82 9999.21 10105.5 10184.2 10243 10294.4 10338.7 10334.4 10288.9 10240 10180 10158 10132.8 10132.7 10066.3 10107.2 10117 10120.7 10117.4 10110.3 10107.9 10122.1 10132.3 10140.3 10151.9 10178.2 10171.9 10157.6 10140 10123.1 10116.4 10102.5 10079.6 10043 10026.3 9996.96 9963.54 9937.72 9922.09 9923.6 9939.95 9954.31 9932.81
9168.94 9175.44 9180.02 9183 9189.87 9176.37 9195.07 9242.25 9285.03 9302.53 9302.46 9286.24 9260.89 9258.59 9259.93 9271.08 9284.19 9308.11 9363.65 9421.98 9492.4 9614.28 9754.95 9858.94 9928.66 9991.98 10078.7 10179.2 10246.2 10298.2 10360.4 10339.6 10286.6 10223.6 10165.8 10141.7 10124.8 10100.2 10067.9 10062.6 10082.1 10097.2 10090.8 10086.5 10081.2 10066.3 10103.8 10116 10125 10135.8 10127.2 10121.7 10119.8 10115.5 10118.2 10090 10078.7 10058.2 10014.3 9980.94 9942.4 9900.74 9873.83 9884.27 9914.58 9946.59 9919.51
9170.52 9174.49 9182.64 9192.91 9200.87 9213.93 9220.38 9240.92 9275.89 9286.24 9278.81 9252.55 9240.34 9240.12 9245.65 9258.78 9271.14 9289.72 9368.34 9481.9 9524.25 9619.58 9728.38 9923.14 9970 10010 10132.5 10204.7 10259.9 10307.7 10353.7 10333.2 10276.1 10210 10145.6 10116.3 10087.4 10052.9 10037.3 10036.9 10042.6 10044.7 10057.7 10064.2 10066.7 10068.7 10065.3 10086.1 10106.7 10114.1 10107.3 10096.9 10086 10087.8 10084.3 10078.4 10061.3 10056.2 10012.5 9971.96 9931.62 9891.82 9866.06 9870.99 9887.06 9901.26 9872.19
