real_craters/C211-500m.grd
DSAA
648 648
-161.8575 161.8575
-161.8575 161.8575
2402.2861871555 6325.9255041471
[rows 60 to 89 of 648, columns 402 to 468 of 648]
4725.39 4724.93 4725.75 4727.06 4728.23 4729.25 4729.56 4728.84 4725.33 4728.86 4733.96 4737.74 4740.37 4741.97 4743.5 4744.58 4742.53 4740.68 4738.41 4733.59 4731.91 4731.28 4734.07 4740.29 4745.9 4749.86 4767.62 4857.9 4956 4998.68 4949.25 4839.85 4782.22 4768.69 4760.8 4759.62 4754.74 4749.94 4744 4738.28 4736.26 4735.5 4732.56 4730.22 4724.75 4725.78 4748.01 4719.81 4729.75 4726.85 4716.16 4704.65 4696.1 4688.46 4679.41 4676.23 4675.15 4673.85 4672.89 4673.21 4673.83 4674.56 4674.76 4676.04 4688.2 4712.99 4727.26
4728.33 4728.24 4728.53 4729.47 4730.2 4731.04 4731.77 4732.31 4731.14 4735.53 4740 4743.62 4745.8 4747.83 4750.52 4750.98 4745.36 4741.62 4737.54 4735.1 4733.08 4733.7 4736.96 4743.71 4752.08 4760.53 4772.84 4871.3 4997.72 5086.45 5035.06 4895.31 4807.5 4780.32 4773.59 4772.01 4768.9 4765.01 4760.65 4755.05 4753.81 4752.73 4747.22 4737.34 4735.71 4743.66 4674.32 4703.2 4733.1 4731.62 4719.75 4707.26 4701.19 4694.47 4685.43 4681.29 4678.12 4675.14 4673.06 4671.71 4673.95 4678.17 4678.63 4680.08 4692.67 4720.64 4736.39
4730.86 4731.61 4732.13 4733.08 4733.71 4734.65 4735.97 4737.4 4738.9 4745.11 4748.71 4750.78 4751.64 4752.46 4754.25 4754.6 4747.21 4743.24 4740.44 4739.08 4737.34 4738.2 4742.15 4752.06 4770.31 4789.4 4816.04 4917.51 5048.9 5154.43 5115.05 4977.38 4868.76 4809.74 4789.35 4787.17 4783.37 4781.63 4780.35 4779.69 4779.29 4776.99 4772.26 4765.19 4764.94 4759.97 4763.17 4749.4 4746.52 4738.91 4725.68 4714.73 4710.9 4704.95 4697.23 4688.74 4682.51 4677.58 4674.16 4673.27 4675.46 4684.17 4685.06 4690.64 4704.5 4731.85 4748.68
4732.71 4733.93 4735.41 4736.74 4738.41 4739.77 4741.02 4743.1 4745.82 4754.37 4757.81 4757.79 4756.72 4754.85 4751.73 4748.82 4746.61 4744.72 4741.98 4739.33 4738.9 4739.68 4744.59 4757.78 4785.72 4824.8 4896.23 4990.69 5082.16 5150.51 5138.07 5053.42 4940.33 4841.98 4802.69 4798.99 4795.9 4796.08 4799.58 4804.01 4806.3 4804.65 4802.49 4798.72 4797.68 4791.84 4780.5 4768.21 4754.42 4742.88 4735.44 4730.76 4728.9 4720.06 4707.54 4696.35 4687.03 4680.99 4676.82 4676.13 4683.42 4683.03 4690.38 4704.28 4725.07 4756.69 4775.96
4737.06 4739.44 4741.32 4743.02 4744.95 4746.26 4747.56 4749.46 4752.66 4763.22 4765.87 4764.12 4761.43 4757.9 4751.25 4745.63 4747.79 4747.05 4743.97 4741.69 4739.72 4739.33 4743.02 4754.05 4779.92 4827.8 4909.6 4998.47 5083.79 5174.59 5201.95 5116.84 5009.21 4872.9 4816.18 4802.97 4803.4 4807.21 4814.68 4825.76 4833.89 4829.05 4827.63 4822.65 4817.34 4804.17 4789.06 4778.47 4767.55 4757.38 4751.23 4753.86 4757.11 4740.53 4717.67 4703.21 4693.01 4686.18 4682.09 4679.05 4686.22 4680.57 4695.37 4718.94 4746.13 4772.39 4787.03
4742.05 4744.66 4747.58 4749.44 4751.29 4752.68 4754.7 4756.94 4760.2 4767.75 4770.2 4768.72 4766.78 4764.42 4759.79 4757.64 4755.61 4750.75 4744.31 4740.73 4736.62 4736.95 4738.75 4744.82 4759.66 4798.27 4851.83 4919.01 5033.77 5157.19 5219.78 5121.81 5008.25 4894.96 4823.82 4806.81 4808.56 4814.54 4824.24 4835.72 4842.58 4842.68 4844.77 4835.62 4821.33 4803.03 4803.9 4802.4 4800.38 4777.49 4774.11 4787.36 4797.92 4766.64 4729.19 4710.06 4698.34 4691.36 4687.26 4683.25 4689.45 4681.19 4701.3 4730.28 4758.78 4772.56 4770.7
4747.63 4750.74 4753.02 4755.33 4757.44 4759.62 4761.26 4764.17 4767.02 4769.65 4771.39 4772.19 4772.44 4772.22 4772.65 4774.37 4768.39 4758.18 4749.57 4741.49 4738.13 4734.65 4735.8 4738.33 4750.13 4769.46 4792.98 4830.52 4950.27 5058.94 5110.36 5060.77 4984.39 4903.89 4849.09 4814.86 4811.2 4818.46 4830.13 4842.23 4849.19 4848.73 4842.88 4837.99 4830.9 4826.26 4867.89 4892.65 4891.63 4848.49 4810.44 4835.55 4888.57 4802.92 4739.63 4714.49 4701.24 4693.99 4691.37 4683.76 4681.06 4688.27 4713.51 4738.41 4761.31 4767.57 4763.21
4754.33 4756.99 4759.08 4760.67 4763.1 4765.47 4768.79 4771.3 4773.07 4773.05 4773.44 4775.49 4776.43 4777.35 4780.41 4785.2 4776.15 4765.08 4755.93 4745.15 4738.7 4732.2 4731.26 4733.67 4744.12 4752.11 4763.41 4793.45 4877.81 4957.67 4988.93 4986.9 4942.75 4899.88 4849.76 4812.97 4807.92 4816.58 4831.53 4848.95 4861.99 4855.1 4847.44 4842.17 4839.89 4850.83 4986.17 5077.2 5025.07 4926.93 4842.39 4857.09 4900.67 4801.61 4739.06 4714.14 4701.19 4693.22 4688.09 4681.12 4682.44 4708.11 4730.19 4743.27 4750.75 4757.29 4763.23
4760.89 4762.95 4764.96 4767.13 4769.46 4771.86 4774.53 4777.72 4780.31 4777.8 4778.08 4779.21 4778.89 4778.69 4778.95 4777.56 4772.4 4765.28 4758.03 4752.35 4745.72 4738.5 4734.82 4731.55 4732.86 4737.97 4747.1 4766.99 4828.09 4895.41 4943.68 4948.95 4925.18 4892.84 4839.61 4805.63 4805 4814.8 4832.95 4852.16 4868.46 4861.87 4853.16 4862.22 4872.89 4918.99 5082.57 5239.91 5116.64 4942.47 4825.39 4823.2 4823.64 4762.03 4725.2 4708.16 4697.83 4691.3 4686.78 4681.1 4686.68 4717.72 4742.31 4745.52 4746.25 4751.01 4757.44
4767.54 4769.1 4770.68 4772.54 4774.74 4776.91 4779.73 4782.53 4785.21 4784.21 4785.59 4782.74 4779.33 4776.6 4774.23 4771.35 4767.36 4761.38 4754.98 4748.92 4744.4 4740.06 4736.02 4731.57 4731.75 4735.78 4741.81 4752.43 4801.94 4859.8 4904.45 4935.26 4942.89 4939.17 4860.53 4807.85 4808.94 4821.11 4837.91 4857.16 4872.88 4874.49 4881.68 4912.36 4930.53 4969.09 5083.28 5199.09 5103.08 4921.59 4806.38 4788.7 4778.56 4738.54 4715.03 4701.61 4693.53 4688.94 4688.96 4683.14 4697.71 4737.45 4749.01 4738.27 4739.34 4742.88 4749.17
4772.82 4774.45 4776.16 4777.76 4781.71 4783.47 4785 4786.43 4787.8 4785.58 4787.8 4783.12 4777.39 4772.52 4768.16 4765.13 4760.75 4755 4751.05 4747.48 4743.66 4739.42 4737.91 4734.47 4733.43 4736.46 4745.07 4764.11 4798.11 4840.61 4886.95 4939.07 5003.18 5036.87 4957.7 4853.21 4829.37 4833.5 4847.15 4865.84 4886.26 4902.42 4926.92 4992.42 5045.73 5049.72 5082.85 5128.01 5043.06 4894 4810.34 4764.62 4740.86 4723.36 4707.71 4696.01 4688.3 4686.67 4685.84 4687.16 4707.7 4725.54 4691.14 4712.51 4740.09 4761.76 4750.12
4782.25 4786.35 4787.66 4788.73 4789.58 4789.9 4790.29 4790.12 4789.34 4786.66 4785.89 4779.8 4773.25 4767.17 4761.25 4755.05 4748.94 4748.58 4746.92 4745.18 4743.18 4741.5 4740.44 4738.28 4737.85 4738.9 4749.29 4764.84 4789.14 4826.47 4870.65 4927.28 4993.25 5030.36 5012.08 4889.21 4849.92 4844.87 4854.69 4872.93 4898.04 4929.61 4971.21 5043.41 5131.59 5106.8 5087.34 5054.25 4977.75 4894.29 4819.48 4761.04 4730.62 4716.28 4703.9 4691.74 4684 4681.64 4683.98 4699.82 4701.5 4633.19 4634.56 4706.13 4735.23 4741.94 4743.86
4796.81 4799.3 4801.12 4801.16 4799.88 4799.9 4800.06 4796.58 4792.04 4785.82 4781.69 4773.6 4767.58 4761.69 4755.65 4749.75 4746.2 4744.31 4743.63 4743.52 4743.76 4742.73 4744.01 4743.75 4745.95 4754.61 4754.97 4763.06 4780.21 4810.07 4844.76 4890.1 4947.47 4972.61 4974.63 4896.84 4858.91 4850.77 4857.15 4873.97 4899.26 4933.88 4974.8 5021.73 5080.04 5153.38 5191.65 5112.78 5018.17 4952.96 4846.54 4770.88 4736.76 4722.53 4703.83 4691.37 4682.31 4678.68 4689.17 4713.19 4740.34 4778.14 4761.11 4737.67 4739.62 4741.96 4734.91
4824.24 4832.85 4834.39 4830.47 4831.53 4823.67 4815.25 4806.69 4796.81 4789.9 4774.82 4766.31 4761.76 4757.17 4751.94 4746.64 4742.77 4742.17 4742.17 4743.22 4743.49 4744.53 4745.92 4748.95 4752.07 4754.62 4760.11 4763.69 4773.8 4797.06 4820.36 4848.68 4891.98 4909.37 4908.06 4877.25 4855.8 4849.43 4854.05 4866.88 4887.87 4918.53 4957.55 5005.26 5074.66 5177.94 5312.24 5260.09 5181.6 5087.31 4895.71 4784.53 4741.03 4723.47 4710.73 4698.61 4686.76 4680.7 4692.63 4726.37 4749.29 4752.26 4749.19 4750.16 4747.91 4742.07 4732.24
4877.51 4875.35 4870.86 4861.23 4851.55 4841.15 4825.58 4812.79 4799.91 4786.49 4769.09 4760.94 4757.46 4753.86 4749.37 4744.36 4740.59 4740.78 4742.67 4744.95 4746.47 4747.88 4749.99 4752.85 4757.81 4769.04 4769.46 4769.26 4777.83 4793.6 4811.44 4831.55 4853.74 4874.12 4881.67 4862.79 4847.04 4844.26 4846.74 4853.58 4865.67 4884.14 4927.69 4982.42 5042.07 5116.76 5218.82 5297.6 5313.48 5194.17 4959.13 4841.52 4773.6 4744.98 4730.31 4712.07 4697.28 4692.1 4708.5 4740.7 4758.59 4763.23 4766.45 4763.61 4759.69 4753.36 4741.51
4928.06 4919.83 4909.5 4891.15 4875.16 4858.09 4840.45 4820.43 4802.54 4783.75 4765.65 4757.94 4755.49 4752.12 4748.58 4744.59 4740.7 4742.08 4744.94 4747.45 4748.96 4750.69 4752.74 4754.87 4758.44 4763.82 4766.85 4772.04 4782.45 4796.04 4811.25 4825.55 4840.77 4865.61 4872.91 4858.26 4841.32 4838.08 4839.74 4843.31 4845.72 4858.82 4888.08 4941.88 4974.89 5025.2 5093.5 5219.89 5326.23 5281.86 5060.74 4958.33 4877.68 4809.71 4764.77 4732.23 4710.52 4704.93 4726.95 4761.17 4773.61 4784.11 4787.93 4777.46 4772.11 4764.27 4750.87
4985.4 4968.08 4947.61 4926.73 4895.06 4874.09 4853.84 4831.43 4808.69 4786.11 4766.22 4760.65 4755.83 4753.04 4750.87 4748.6 4746.82 4747.81 4749.99 4751.36 4752.48 4753.37 4754.11 4755.47 4756.3 4756.2 4760.84 4772.2 4783.31 4797.47 4813.12 4830.83 4835.87 4854.89 4857.97 4844.35 4833.93 4832.19 4832.04 4834.36 4839.59 4851.49 4842.47 4794.65 4865.78 4940.61 5007.24 5116.38 5281.19 5332.46 5121.64 5047.04 4976.38 4863.3 4792.91 4750.56 4724.47 4719.12 4743.29 4766.66 4782.4 4790.71 4788.64 4791.11 4790.95 4777.8 4763.54
5037.55 5013.65 4980.65 4954.34 4918.43 4885.88 4860.66 4836.59 4811.82 4789.09 4772.52 4766.28 4758.65 4757.5 4757.03 4756.6 4755.66 4756.02 4757.43 4756.73 4755.55 4754.46 4754.86 4755.97 4757.01 4759.16 4765.09 4773.86 4785.6 4798.07 4811.38 4822.37 4830.82 4845.74 4850.18 4841.81 4829.5 4827.16 4828.31 4829.86 4834.42 4843.15 4827.42 4774.91 4824.16 4883.27 4941.02 5010.19 5165.57 5263.14 5054.83 4942.8 4884.89 4837.37 4794.58 4762.72 4738.75 4737.94 4760.51 4778.52 4788.02 4792.7 4795.93 4807.85 4820.35 4828.15 4820.14
5084.89 5048.21 5001.19 4957.4 4924.98 4885.39 4859.81 4836.77 4814.79 4794.65 4777.21 4761.41 4761.2 4762.65 4763.96 4765.63 4769 4770 4764.61 4760.85 4757.8 4756.98 4756.93 4757.33 4758.66 4761.52 4766.24 4775.88 4786.06 4798.18 4810.45 4819.69 4829.02 4842.53 4845.98 4837.98 4824.36 4824.92 4826.13 4826.54 4826.01 4825.64 4826.74 4837.9 4831.5 4849.89 4883.8 4934.81 5066.01 5129.47 4960.8 4825.61 4787 4791.89 4786.18 4775.91 4764.49 4763.88 4779.09 4789.51 4793.95 4798.87 4806.06 4814.39 4845.89 4892.92 4917.61
5095.27 5052.02 4999.72 4964.23 4930.94 4898.75 4870 4843.8 4820.22 4801.16 4785 4757.58 4767.3 4769.67 4769.97 4771.59 4776 4777.74 4768.94 4761.85 4758.57 4759.21 4758.84 4759.5 4761.36 4764.32 4769.7 4778.7 4789.6 4801.5 4812.87 4822.3 4826.79 4837.53 4841.04 4835.96 4824 4829.53 4829.63 4826.88 4821.7 4819.42 4819.3 4821.58 4823.62 4824.24 4831.27 4876.69 4972.63 4977.54 4868.67 4775.86 4772.7 4777.69 4785.72 4792.36 4801.36 4799.44 4794.23 4795.82 4798.26 4798.58 4801.55 4803.99 4843.69 4899.96 4936.14
5093.76 5053.11 5004.85 4969.09 4935.64 4904.08 4872.7 4846.41 4821.75 4800.36 4778.96 4780.13 4782.75 4776.36 4772.49 4771.21 4771.89 4772.22 4765.49 4760.83 4759.36 4759.91 4760.2 4762.88 4764.74 4768.03 4773.57 4783.15 4795.22 4807.28 4816.84 4825.67 4834.15 4836.57 4836.8 4834.93 4844.88 4840.66 4833.64 4830.98 4831.83 4831.46 4832.16 4832.59 4825.71 4812.65 4799.22 4831.13 4909.6 4902.24 4794.85 4765.79 4775.33 4781.8 4793.92 4806.91 4821.44 4812.1 4799.59 4799.31 4803.65 4806.38 4805.47 4799.21 4818.31 4843.19 4840.58
5083.42 5041.05 5002.36 4969.2 4935.8 4907.17 4877.01 4849.61 4823.35 4798.96 4778.38 4784.05 4786.55 4777.8 4771.79 4767.03 4761.48 4754.88 4756.14 4756.57 4757.6 4759.66 4760.62 4765.93 4768.17 4771.82 4777.78 4786.3 4796.88 4808.62 4820.26 4831.2 4841.53 4841.92 4840.68 4841.67 4850.93 4840.92 4831.88 4830.34 4837.23 4847.07 4863.66 4859.42 4834.29 4813.29 4791.44 4795.72 4833.42 4818.55 4763.43 4769.95 4778.83 4788.97 4800.3 4811.21 4817.89 4812.41 4806.94 4806.01 4810.43 4815.55 4817.4 4798.51 4789.88 4789.29 4771.12
5040.91 5010.47 4976.69 4953.62 4924.36 4896.27 4872.16 4845.21 4819.79 4797.14 4778.31 4767.12 4772.71 4771.7 4766.77 4760.64 4752.73 4745.6 4747.54 4752.34 4756.58 4759.98 4764.47 4767.88 4772.16 4775.43 4779.3 4787.43 4798.27 4810.75 4822.2 4834.09 4845.18 4845.22 4844.51 4840.11 4834.68 4826.5 4821.75 4821.14 4826.51 4846.06 4870.82 4865.53 4844.1 4821.99 4800.5 4783.12 4773.12 4768.71 4769.65 4775.99 4783.45 4796.08 4807.03 4814.88 4818.03 4816.22 4805.56 4810.11 4815.93 4822.59 4825.48 4792.39 4768.41 4760.97 4749.52
4983.81 4966.48 4947 4923.94 4901.86 4881.64 4858.32 4835.4 4812.48 4794.19 4774.93 4771.82 4765.47 4765.18 4761.51 4755.93 4748.97 4742.78 4745.34 4751.57 4758.71 4764.53 4769.2 4773.7 4777.01 4780.23 4783.01 4789.82 4799.43 4808.9 4821.36 4833.84 4837.31 4842.74 4844.49 4831.21 4814.02 4808.43 4809.09 4809.28 4813.2 4839 4859.79 4861.51 4854.21 4838.64 4816.91 4786.86 4764.45 4768.23 4774.19 4780.69 4792.09 4803.59 4813.76 4820.78 4824.75 4822 4816.98 4813.71 4816.16 4820.83 4819.47 4790.07 4758.6 4751 4751.87
4931.55 4926.94 4917.88 4901.37 4883.65 4865.13 4846.39 4829.56 4809.72 4792.46 4770.08 4758.53 4764.87 4760.92 4757.81 4754.76 4749.49 4742.96 4746.07 4755.87 4763.89 4769.62 4774.28 4779.59 4783.51 4787.27 4790.01 4794.9 4802.72 4809.4 4818.29 4828.09 4830.74 4838.16 4841.72 4824.48 4801.22 4798.57 4803.47 4808.18 4815.87 4840.26 4863.36 4866.67 4869.39 4856.9 4837.43 4817.29 4767.46 4771.66 4777.48 4787.83 4801.11 4812.83 4820.94 4827.75 4829.98 4822.02 4815.24 4809.29 4808.87 4810.98 4812.15 4786.88 4752.75 4743.98 4746.79
4893.66 4896.85 4890.72 4880.95 4865.93 4850.01 4834.92 4818.05 4803.41 4788.69 4770.92 4764.88 4760.09 4755.44 4755.2 4755.3 4754.23 4749.57 4754.25 4764.77 4771.65 4776.06 4779.11 4783.71 4789.83 4795.72 4803.05 4808.8 4807.56 4806.66 4811.7 4821.23 4825.22 4835.51 4844.78 4825.54 4800.11 4798.94 4805.75 4817.36 4829.92 4845.98 4871.37 4892.84 4892.21 4871.91 4844.48 4818.37 4773.24 4792.6 4792.91 4801.41 4816.97 4822.37 4826 4830 4830.59 4812.75 4799.38 4796.81 4794.31 4791.8 4783.44 4762.8 4737.79 4736.36 4744.47
4866.44 4869.59 4866.33 4858.49 4847.34 4836.44 4824.17 4810.58 4799.51 4786.84 4773.5 4767.28 4745.65 4751.61 4757.64 4762.15 4766.89 4772.08 4778.28 4779.18 4779.26 4781.51 4785.68 4789.62 4794.57 4801.81 4811.62 4819.02 4809.92 4803.21 4806.58 4814.05 4822.4 4835.23 4845.45 4828.71 4801.48 4799.77 4810.05 4826.33 4838.25 4849.67 4888.21 4940.88 4918.48 4881.82 4840.39 4799.22 4787.8 4796.75 4805.83 4818.11 4832.7 4830.28 4827.88 4822.8 4812.22 4799.68 4789.64 4783.65 4779.1 4771.9 4759.25 4745.48 4726.48 4731.23 4738.95
4849.81 4851.02 4849.1 4842.92 4836.02 4826.09 4815.4 4805.18 4792.97 4783.88 4774.22 4769.08 4759.98 4758.37 4764.62 4771.41 4779.4 4790.12 4799.61 4789.77 4786.17 4785.44 4787.08 4790.68 4795.58 4802.13 4808.95 4811.6 4807.04 4800.45 4800.13 4809.77 4821.14 4835.92 4845.83 4834.3 4809.86 4807.48 4814.12 4827.3 4838.51 4852.51 4909.27 4972.27 4927.25 4881.02 4840.62 4809.38 4810.75 4817.85 4820.96 4831.25 4834.84 4832.55 4826.23 4816.85 4801.06 4781.13 4775.51 4776.29 4772.68 4762.5 4745.87 4726.96 4727.23 4733.8 4738.22
4838.19 4835.94 4832.49 4826.4 4819.01 4813.32 4801.87 4795.29 4788.41 4781.08 4774.24 4769.88 4761.84 4766.1 4772.1 4777.26 4782.52 4788.61 4793.43 4786.81 4784.19 4783.57 4786.05 4789.06 4793.23 4798.35 4803.67 4808.08 4803.92 4799.77 4796.66 4798.27 4815.93 4836.87 4857.31 4846.13 4813.03 4806.05 4820.15 4830.6 4847.2 4854.39 4887.19 4927.44 4905.75 4870.75 4839.68 4822.02 4824.5 4817.54 4818.39 4829.69 4837 4838.19 4827.07 4806.9 4791.71 4771.34 4775.62 4783.22 4779.03 4765.81 4749.87 4738.92 4745.59 4742.47 4742.81
4825.81 4818.28 4814.62 4809.96 4809.79 4805.06 4800.22 4792.5 4787.19 4782.63 4776.39 4766.14 4767.59 4780.31 4781.53 4780.64 4779.95 4776.51 4772.97 4774.12 4775.89 4778.15 4780.21 4785.72 4789.42 4792.44 4795.48 4796.63 4794.9 4794.02 4788.53 4787.14 4808.95 4828.34 4844.2 4832.72 4800.43 4793.66 4845.6 4882.32 4912.23 4901.74 4896.07 4889.85 4874.91 4855.74 4836.36 4821.95 4822.97 4804.21 4814.76 4833.93 4857.14 4852.02 4836.92 4819.51 4813.15 4791.06 4808.78 4814.08 4800.54 4778.52 4756.45 4744.22 4740.44 4742.27 4746.21
