real_craters/C211-1000m.grd
DSAA
186 186
-92.49 92.49
-92.49 92.49
8313.1225261542 11409.779802468
[rows 30 to 59 of 186, columns 0 to 66 of 186]
9169.96 9177.21 9184.27 9187.89 9190.59 9200.81 9223.98 9269.52 9274.92 9276.29 9265.41 9240.15 9237.65 9221.24 9234.39 9247.7 9261.27 9277.34 9377.03 9506.93 9629.42 9724.66 9757.47 9930.4 9989.56 10039.3 10171.2 10231.4 10278.6 10319.7 10360.3 10324.3 10264.1 10198.6 10138.7 10098.9 10072.6 10049.9 10025.6 10010 10016.5 10021.9 10032.3 10042.5 10052 10051.4 10058 10047 10063.3 10102.1 10095.1 10082.2 10076.2 10063.7 10049.3 10043 10053.3 10038.2 10007.7 9975.17 9935.01 9898.16 9874.54 9873.58 9871.14 9857.65 9851.19
9163.93 9172.91 9183.48 9190.54 9184.26 9183.29 9201.55 9235.4 9263.8 9270.58 9262.75 9245.03 9233.57 9231.41 9234.04 9249.69 9268.71 9292.49 9412.69 9602.16 9711.14 9783.39 9813.67 9943.06 9985.44 10025 10166 10241 10292.1 10332.9 10352.6 10308.8 10250.6 10190.4 10138.5 10094 10051.7 10028.5 10018.4 10008.8 10007.7 10012.1 10016.2 10020.3 10021.1 10008.3 10034.5 10051.2 10044.5 10075.5 10085.5 10081.3 10068.1 10047.1 10034.2 10035.9 10041.7 10028 10012.8 9980.89 9943.28 9908.39 9887.57 9881.94 9873.39 9866.18 9849.7
9161.97 9164.99 9174.97 9182.18 9182.87 9184.51 9195.91 9220.13 9244.19 9271.09 9292.98 9265.27 9253.15 9250.1 9250.78 9264.08 9293.82 9346.98 9459.33 9595.74 9675.27 9716.01 9788.67 9898.74 9969.81 10053.6 10176.5 10238.7 10291.3 10335.4 10326 10287.5 10233.1 10177.6 10123.6 10075.5 10047.4 10029.7 10013.7 10001 10001.7 10000.2 10000.5 10003.2 10003.9 10015.3 10028.6 10061.9 10059.5 10080.9 10147.8 10113.5 10059.6 10033.9 10023.8 10029.8 10047.2 10041 10025.1 9988.12 9949.57 9914.71 9888.5 9891.01 9876.89 9860.14 9851.6
9167.52 9184.65 9179.04 9178.19 9189.38 9195.68 9209.71 9214.17 9219.5 9250.84 9270.85 9253.06 9252.8 9264.37 9272.09 9286.33 9312.06 9396.21 9481.29 9525.19 9583.77 9674.08 9819.93 9904.95 9965.45 10034.1 10160 10230.8 10284.2 10316.2 10308.3 10266.8 10214.1 10161.7 10114.3 10064.9 10026 10013.5 10011 10009.2 10003.8 9996.61 9994.22 9993.29 9993.85 10001.7 10019.9 10045.7 10081.2 10148.3 10202.5 10145.7 10056.8 10019.5 10015.8 10023.2 10035.1 10041.2 10023.8 9990.29 9954.03 9919.09 9899.06 9903.63 9887.59 9869.37 9860.9
9172.05 9208.56 9216.42 9204.38 9192.95 9197.39 9210.03 9216.73 9221.36 9228.98 9222.34 9228.72 9236.86 9256.17 9303.56 9313.1 9343.67 9421.37 9496.77 9528.43 9560.15 9670 9870.53 9967.73 9988.46 10024.1 10145.1 10229.5 10283 10318.9 10297.4 10248.6 10193.5 10138.6 10090.8 10055 10023.4 10011.9 10011.4 10014.3 10004.8 9996.65 9989.84 9985.65 9988.25 9995.73 10009.8 10037.8 10092.4 10205.4 10172.5 10079.9 10024.3 9998.13 9996.86 10003.7 10004.7 10019.8 10021 9991.77 9954.76 9919.87 9896.09 9906.91 9919.16 9901.64 9873.25
9216.59 9244.8 9252.43 9223.11 9198.93 9191.44 9205.83 9222.82 9233.99 9229.15 9228.48 9233.69 9245.71 9264.21 9291.98 9321.35 9362.29 9425.31 9503.73 9551.31 9569.25 9642.22 9790.27 9989.74 10026.2 10103.8 10178.7 10249.4 10295.8 10298.9 10279.4 10230.4 10173.1 10114.2 10065.8 10044.1 10022.5 10009.6 10004.6 10005.2 9995.55 9976.42 9962.05 9971.2 9989.44 9999.12 10007 10029.7 10080 10154 10105.3 10033 9995.99 9977.48 9972.33 9968.75 9990.08 10024.3 10023.3 9991.06 9954.6 9920.98 9892.27 9903.5 9937.28 9920.5 9876.08
9204.9 9224.91 9237.02 9217.48 9181.47 9180 9192.55 9212.37 9228.98 9230.58 9231.16 9240.44 9258.78 9275.33 9295.01 9322.05 9355.21 9406.64 9459.16 9532.87 9571.33 9645.35 9815.53 10063.7 10069.2 10118 10201.2 10274.1 10338 10348.4 10269.1 10205.2 10148.3 10098 10062.5 10035.5 10000.1 9977.52 9989.98 9994.79 9990.16 9978.55 9970.16 9955.68 9943.54 9957.19 9986.83 10008.5 10048.9 10075.5 10042 9993.63 9970.55 9956.95 9958.2 9961.04 9972.22 10021.2 10009.2 9984.65 9954.27 9923.91 9903.11 9897.11 9883.89 9881.09 9867.7
9175.05 9195.78 9207.43 9203.41 9178.43 9177.77 9183.04 9204.47 9231.3 9236.06 9235.55 9245.29 9263.09 9279 9298.57 9327.97 9362.75 9401.74 9434.87 9485.5 9605.11 9673.15 9867.93 10149.4 10124.3 10136.6 10203.3 10264.6 10325.9 10295.4 10225.5 10162.6 10111.6 10073.9 10045.4 10006.3 9964.1 9971.18 9987.93 9993.71 9991.09 9983.51 9968.72 9955.67 9937.41 9936.22 9963.17 9989.38 10021.8 10051.1 10025.4 9977.98 9958.05 9948.73 9950.41 9954.32 9962.21 10007.7 10003 9981.44 9952.82 9925.33 9910.01 9905.27 9879.27 9868.03 9865.24
9152.74 9175.8 9192.54 9196.47 9190.91 9187.77 9189.97 9209.59 9248.15 9249.83 9255.44 9264.16 9268.32 9281.46 9304.67 9335.56 9370.87 9406.01 9442.13 9489.37 9607.35 9702.56 9927.67 10193 10131.4 10158.1 10195.4 10230.9 10237.3 10194.1 10159 10113.1 10066.7 10028.8 10019.8 9981.53 9968.88 9994.46 9999.65 10004.3 10007.1 9994.17 9980.36 9974.39 9962.22 9943.9 9958.77 9989.04 10021.5 10042.6 10007.7 9978.82 9957.33 9942.91 9946.91 9951.35 9955.84 10006.3 10006.3 9987.23 9959.65 9931.09 9917.74 9946.42 9887.61 9879.4 9873.88
9155.73 9152.53 9176.31 9187.33 9194.78 9217.59 9217.95 9235.76 9265.74 9274.95 9250.67 9215.75 9303.69 9291.23 9315.32 9344.34 9378.51 9416 9456.5 9517.14 9621.35 9733.49 9972.27 10218.4 10131.3 10177.9 10197.6 10205.4 10184.9 10136.5 10106.7 10069.1 10022.9 9974.93 9952.34 9986.96 9985.34 9992.1 9999.3 10005.7 10006.6 10006.6 10012.1 9995.52 9978.43 9972.69 9990.53 10015.7 10039.3 10049.6 10028.9 9993.88 9964.45 9943.18 9949.12 9956.52 9953.73 10009.4 10017.9 9999.72 9973.21 9947.25 9944.93 9970.9 9952.93 9911.03 9889.94
9158.53 9157.44 9162.44 9182.65 9194.37 9221.54 9241.8 9260.79 9339.77 9317.37 9231.75 9172.58 9235.22 9313.85 9327.42 9363.19 9400.9 9452.88 9511.58 9580.9 9685.06 9808.97 10017.9 10222.6 10212.9 10233.9 10222.1 10205.9 10167.6 10118.4 10085.3 10050.2 10003.8 9951.9 9938.67 9955.17 9997.3 9999.06 10002.4 10008.1 10012.2 10006.6 10023.9 10003.7 9988.59 9992.23 10031.1 10036.8 10057.8 10065.2 10038.4 10009.7 9977.91 9961.01 9954.25 9952.36 9960.32 10006.4 10018.2 10006.3 9988.02 9974.95 9968.96 9971.33 9965.16 9934.36 9913.37
9174.2 9174.77 9182.06 9198.24 9231.22 9270.31 9219.17 9207.16 9239.39 9252.15 9218.5 9176.64 9193.89 9251.27 9313.86 9367.24 9413.95 9480.58 9573.65 9640.85 9752.73 9897.19 10061.9 10202.9 10245.1 10253.9 10217.4 10201.3 10180.7 10121 10081.7 10043.8 10005.2 9968.14 9958.23 9973.6 9988.03 10001.7 10008.6 10009.6 10012.3 9997.87 9965.38 10006.6 10022.5 10026.4 10061.1 10063.4 10075 10081.5 10063.6 10020.6 9986.71 9961.35 9961.06 9962.11 9964.46 9994.44 10014 9998.31 9996.52 9998.12 9990.35 9974.05 9962.09 9952.4 9935.05
9180.81 9184.23 9193.55 9203.96 9248.92 9210.62 9161.13 9128.13 9131.62 9179.48 9226.67 9258.31 9244.74 9279.72 9309.43 9350.89 9436.05 9504.29 9603.4 9689.31 9827.47 9971.34 10102.1 10207.2 10190.1 10197.6 10180.3 10166.1 10159 10118.1 10079.8 10048.6 10026.6 10016.8 10020.7 10022.2 9994.22 9996.31 10009 10018.9 10019.7 10025.1 10038.1 10072.7 10085.6 10078.3 10095.4 10097.4 10077.9 10075 10059.7 10022.3 9989.86 9966.52 9961.84 9962.52 9961.1 9978.69 9994.9 9991.52 10000.8 10011 10002.5 9988.61 9978.61 9979.2 9990.63
9181.17 9180.89 9185.97 9203.7 9256.93 9258.01 9184.15 9139.42 9153.49 9204.02 9238.28 9251.44 9264.6 9282.64 9346.03 9417.54 9514.65 9593.32 9673.02 9782.4 9925.79 10059.7 10160.6 10239.4 10223.2 10147.4 10147.8 10128.2 10110.8 10097.2 10068 10043.3 10031.8 10038.1 10038.1 10016.3 9978.92 9996.03 10019.2 10041 10064.9 10075 10084.6 10094.3 10116.5 10110.3 10076.9 10078 10072.2 10058.7 10038.6 10016.6 9990.34 9967.19 9962.66 9962.51 9960.55 9966.92 9971.62 9993.68 10003.7 9999 10005.6 9998.83 9995.19 9993.54 10007
9192.52 9189.06 9196.88 9208.37 9229.86 9256.13 9256.75 9255.68 9232.51 9248.56 9248.98 9257.26 9271.09 9313.01 9413.74 9570.11 9620.72 9685.79 9800.44 9924.42 10003.6 10095.8 10197.9 10276.3 10230.2 10154.7 10138.3 10135.3 10111.6 10080.8 10045.7 10017.3 10005.1 10018.5 10020.2 10012.2 9991.07 10003.6 10037 10061.8 10092.4 10105.8 10096.1 10097.1 10135.4 10166.3 10112.7 10098.2 10105.9 10076.2 10048 10028.2 9998.74 9968.04 9966.14 9972.69 9962.09 9972.34 9992.14 9997.35 10008.8 10025.1 10016.3 10004.9 9992.87 9986.94 9980.22
9199.53 9212.82 9216.15 9223.12 9222.68 9231.98 9258.95 9275 9256.16 9250.12 9256.58 9263.1 9284.76 9331.86 9454.02 9608.41 9696.75 9778.75 9891.17 9967.07 10055 10131.3 10208.8 10251.4 10201.4 10150.9 10135.8 10145.2 10108.4 10059.7 10021.2 9982.59 9948.77 9938.65 9998.96 10005.4 9992.69 10003.1 10027.4 10064.7 10117.5 10137.8 10117.9 10119.5 10153 10205.7 10172.9 10126.4 10117 10103.6 10087.2 10058.6 10019.6 9983.7 9980.01 9988.61 9974.55 9985.34 9983.57 9989.4 10004.5 10014.9 10019.2 10019.3 9994.44 9979.45 9972.52
9208.56 9212.14 9215.43 9218.76 9225.1 9219.16 9234.33 9237.05 9249.17 9254.9 9263.58 9269.06 9314.3 9384.68 9514.6 9663.27 9788.49 9876.18 9948.23 10031.9 10061.8 10142 10213.5 10247.3 10165.6 10108.9 10105.3 10096.3 10063.9 10031.5 9991.14 9945.41 9894.4 9869.79 9901.5 9981.08 9984.22 9995.6 10011 10047.6 10094.8 10121.8 10128.9 10151.1 10174 10178.5 10181.9 10136.8 10136.9 10126.2 10112.3 10082 10043.7 10013.2 9988.61 9981.52 9974.83 9988.7 9989.93 9991.63 9999.71 10006.3 10014.3 10014.8 9983.04 9975.8 9971.08
9210.65 9217.42 9218.56 9227.06 9234.04 9235.29 9231.72 9241.21 9255.74 9273.21 9279.67 9295.46 9408.14 9554.01 9644.32 9735.46 9851.62 9933.11 9985.34 10033.9 10093.7 10152.8 10221.6 10243.8 10146.4 10069.7 10085.6 10084.8 10043.2 10012.9 9974.31 9932.96 9889.8 9879.49 9913.2 9948.86 10000.8 9987.31 9986.68 10025.5 10072.9 10102.1 10127.7 10143.2 10177.9 10200.7 10156.3 10102.4 10130.6 10143.6 10116 10085.3 10063.6 10049.1 10036.2 10014.1 10006.3 10025.1 9993.46 9989.99 10005.1 10016.3 10014.4 10002.7 9990.24 9977.04 9971.49
9216.8 9219.99 9222.31 9232.76 9245.22 9234.72 9236.15 9249.99 9272.08 9302.44 9350.69 9427.8 9557.26 9721.44 9777.88 9828.49 9909.67 9997.38 10038.6 10041.3 10087.8 10168 10240.8 10267.5 10145.5 10058.4 10084.8 10095.3 10040.2 10010.2 9982.37 9953.99 9928.85 9943.14 10015.8 9983.01 9979.31 9982.87 9989.25 10021.8 10076.2 10131 10131.3 10141.3 10170.7 10169.6 10120.7 10094.4 10136.1 10150.5 10118.3 10087 10072.2 10066.8 10060.5 10065.8 10064.9 10042.5 10009.8 10004 10015 10021.4 10018.1 10011.5 10003.5 9978.46 9971.32
9212.66 9219.47 9221.88 9236.06 9241.24 9237.34 9251.94 9272.33 9297.37 9331.12 9432.48 9514.56 9608.37 9675.6 9777.26 9890.79 9986.63 10054.8 10076.1 10081.9 10136.1 10192.7 10247.8 10244.6 10135 10053.5 10066 10066.8 10036.8 10012.4 9993.49 9980.99 9983.33 9990.53 10002.3 9999.1 10001.6 10002.1 10003.4 10025.3 10067.6 10100.1 10098.4 10113.1 10155 10146.1 10098.1 10107.9 10151.7 10146.3 10111.5 10074.1 10072.6 10078.4 10081.8 10082.4 10073.1 10055.6 10021 10008.2 10023.6 10021.5 10006.7 9997.29 9985.51 9985.35 9982.91
9220.26 9224.38 9226.12 9236.6 9246.07 9261.61 9277.13 9292.4 9323.2 9366.37 9416.62 9524.96 9629.12 9697.72 9798.78 9912.77 9995.02 10072.8 10122.6 10140 10182.1 10209.7 10225.5 10212.9 10107.9 10036.3 10036.7 10038 10029 10019.6 10010.9 10002.7 9999.3 9999.05 10006.4 10039.9 10050.2 10045.6 10033.3 10038.5 10059.2 10059.9 10064.8 10073 10105 10120.7 10102 10095.3 10140 10145.1 10112.4 10078.6 10074.7 10070.6 10061.4 10072.1 10067 10046 10022.1 10017.8 10024.6 10015.4 10002.8 9993.94 9993.59 10001.6 9996.66
9226.54 9223.34 9227.87 9245.91 9260.49 9268.26 9279.84 9304.63 9346.99 9409.37 9472.39 9556.28 9650.85 9759.59 9860.8 9951.06 10043 10124.7 10162 10191.6 10224.2 10228.2 10199.3 10127.1 10077.9 10028.5 10019.4 10017.8 10024.2 10027.3 10028 10025.2 10019.3 10015.3 10034.5 10093.6 10101.7 10088.2 10074.7 10072.2 10073.8 10077.4 10064.1 10068.5 10079.3 10094.8 10100.1 10113.5 10143.8 10142 10118.6 10100.5 10084.5 10070.2 10062.4 10069.4 10052.8 10030.6 10021.9 10025 10013.9 10007.1 9999.12 9994.64 9991.09 9989.96 10003
9229.34 9225.96 9235.23 9246.02 9270.21 9287.63 9303.41 9337.15 9386.54 9461.64 9555.62 9629.06 9710.57 9803.69 9910.96 10011.6 10146.4 10213.1 10227.6 10256.8 10285.2 10246.3 10207.3 10118 10065.9 10030.4 10013.8 10015.1 10025.2 10031.8 10037.4 10043.9 10050.2 10044.4 10059.8 10083.1 10090.8 10104.7 10101.3 10094.8 10091.3 10086.9 10083.6 10105.3 10084.8 10090.8 10089.2 10091.1 10122.7 10120 10108.7 10101.4 10083.8 10077.6 10066.9 10058.5 10047.4 10033.7 10028.6 10022.6 10020.4 10008.4 9998.75 9999.38 9999.69 9999.31 10017.8
9249.39 9236.17 9250.66 9262.02 9302.44 9341.02 9362.41 9413.14 9471.45 9540.52 9665.07 9709.52 9766.06 9862.61 9974.67 10092.7 10239.6 10327.5 10315.7 10341.1 10326.8 10225.9 10131.9 10092.5 10057.3 10030.2 10021.2 10024.2 10025.6 10031 10040.8 10056.3 10068 10068.8 10062.9 10070.4 10080.4 10108.6 10117.3 10126.9 10099.8 10071.9 10073 10103.3 10098.6 10089.3 10082.3 10080.7 10091.6 10094.3 10091.4 10075.9 10070.4 10064.8 10054.2 10055.9 10052.9 10043.6 10036.1 10025 10020.1 10015.7 10012.9 10018.4 10020.3 10019.7 10041.2
9260.36 9256.56 9286.91 9319.06 9389.7 9458.73 9490.02 9560.78 9622.47 9671.56 9733.46 9796.26 9846.85 9930.65 10042.8 10200.8 10372.7 10384.1 10354.2 10321.1 10260.8 10170.9 10103.3 10079.2 10051.2 10033.5 10038.7 10031.6 10028.3 10031.4 10039.4 10056.6 10081.9 10094.6 10072.2 10065.6 10068.3 10092.9 10108.1 10111.3 10098.8 10081.1 10079.2 10091 10108.7 10106.5 10087.7 10076.8 10079.7 10086.5 10087.1 10084 10079.7 10073.8 10060 10078.9 10062.1 10046.6 10040.1 10032.2 10024.2 10023.5 10031 10046.7 10061.5 10061.3 10069.7
9287.57 9313.47 9362.42 9418.1 9529.81 9649.48 9746.95 9786.65 9822.02 9811.22 9832.49 9900.67 9984.6 10044.9 10130.2 10270.3 10351.8 10342.9 10311.7 10261.7 10170.7 10118.5 10092.1 10070.3 10046.5 10026.6 10043 10024.2 10023.5 10023.4 10024.6 10025.7 10044.3 10066.9 10052.4 10054.4 10061.3 10076 10095.1 10113.1 10097.8 10081.7 10082.5 10090.1 10117.7 10124.7 10105.7 10082.5 10081.8 10087.3 10088.9 10092.4 10087.8 10077.5 10076.3 10087 10070.5 10052.8 10052.8 10042.1 10039.9 10035.9 10043.4 10078.1 10104.2 10088 10093.2
9279.12 9343.76 9436.37 9539.48 9693.65 9850.13 9992.68 9979.24 9967.18 9950.04 9935.82 9997.88 10083.8 10148.9 10219.2 10285 10280.1 10294.1 10275.8 10217.5 10135.6 10086.1 10070.6 10059.6 10043.1 10024.1 10002.6 10016.7 10015.1 10011.5 10009.5 10012.3 10025.4 10035 10032.1 10043.2 10052.5 10062 10081.7 10094.3 10089.4 10077.2 10083 10092.2 10118.7 10136.8 10126.2 10109.8 10087.9 10097.1 10097.8 10089.3 10080.4 10078.5 10100.5 10092.5 10073.4 10057 10055.9 10066.3 10060.7 10063.2 10080.9 10117.2 10136.7 10111.6 10119.2
9337.33 9426.65 9556.63 9734.8 9880.93 9982.02 10057.5 10050.6 10029.5 9994.75 9997.78 10068.5 10152.7 10203.1 10232.4 10237.1 10239.7 10240.8 10233.5 10191 10120.8 10070.3 10062.5 10052.7 10039.6 10027 10020.5 10021.6 10018.4 10012.6 10005.9 10009.2 10036.4 10051.9 10043.3 10051.5 10055.8 10069.3 10081.1 10083.8 10083.4 10085 10103.3 10101.7 10105.1 10119.6 10129.9 10141.8 10130.6 10127.8 10113.7 10095.4 10080.3 10082.2 10084.9 10083.1 10075.4 10063.5 10077.6 10081.4 10072.8 10094.5 10119.9 10153.3 10201.7 10179.9 10160
9424.36 9538.28 9693.87 9890.66 9991.47 10042.7 10088.3 10081.4 10029.3 10014 10062 10124 10164.8 10181.9 10179.2 10177.4 10186.2 10193.1 10197.5 10170.1 10117.7 10075.3 10059.3 10044.3 10031 10023.7 10042.7 10050.5 10038.6 10020.8 10005.7 10001.3 10049.3 10086.8 10081.3 10075.3 10082.1 10104.7 10097.2 10086.6 10083.7 10098.3 10120.5 10113.7 10110.4 10117.7 10139.4 10188.1 10208.3 10171.1 10141.3 10116.3 10095 10092.1 10085.6 10096.2 10086.4 10080.2 10098.3 10112.5 10096.6 10109.6 10137.1 10164.2 10180.2 10183 10180.9
9581.07 9718.99 9838.6 9944.17 10002.2 10063.3 10111.3 10112.6 10081 10075.7 10121.2 10159.4 10145.8 10135.5 10140.3 10153 10158.3 10169.8 10153.9 10125.9 10106.3 10080.2 10061.8 10046.1 10030.4 10020.7 10106.9 10087.2 10061.5 10037 10013.3 10003.9 10037.3 10064.5 10069.3 10087.7 10118.6 10129.9 10105.4 10086.8 10076.3 10087.9 10114 10117.1 10118 10125.1 10140.4 10199.2 10213.3 10190.5 10166.1 10145.3 10124.1 10097.8 10092.8 10091.8 10099.5 10113.1 10146.9 10140.9 10122.1 10129.4 10162.1 10178.5 10178.4 10194.3 10197.2
