real_craters/C211-500m.grd
DSAA
648 648
-161.8575 161.8575
-161.8575 161.8575
2402.2861871555 6325.9255041471
[rows 150 to 179 of 648, columns 469 to 535 of 648]
5318.7 5375 5186.82 5003.34 4903.72 4890.5 4856.18 4824.18 4795.49 4771.81 4750.05 4734.75 4725.35 4717.69 4714.43 4716.75 4719.69 4722.3 4724.34 4724.86 4723.12 4719.84 4719.4 4719.71 4727.15 4726.03 4721.91 4717.24 4716.54 4716.19 4715.96 4715.41 4715.38 4714.64 4713.47 4712.75 4711.7 4710.36 4709.62 4709.82 4708.27 4706.9 4703.78 4701.21 4699.45 4700.63 4701.29 4710.41 4716.92 4723.41 4726.11 4724.4 4722.65 4721.82 4720.65 4719.21 4718.02 4716.91 4715.7 4714.62 4714.3 4714.91 4717.6 4717.05 4717.55 4714.16 4712.09
5186.09 5198.27 5121.12 5014.5 4938.48 4891.69 4866.86 4846.74 4822.16 4794.18 4762.1 4737.75 4725.32 4715.87 4713.73 4716.46 4720.51 4723.88 4726.13 4724.5 4722.16 4719.58 4717.68 4719.53 4729.06 4726.86 4723.11 4720.43 4717.95 4717.15 4717.21 4717.24 4717.78 4717.21 4716.65 4715.65 4714.75 4713.92 4713.2 4712.31 4711.6 4710.32 4709.93 4708.57 4709.77 4711.71 4712.56 4714.97 4718.15 4721.15 4722.56 4722.94 4722.05 4721.47 4719.75 4718.39 4717 4714.75 4712.22 4709.41 4708.59 4710.32 4710.65 4714.21 4714.24 4711.52 4717.33
5022.88 5020.24 5029.01 5002.2 4981.77 4903.19 4880.95 4883.95 4867.92 4832.02 4778.89 4751.57 4731.53 4717.99 4715.84 4718.1 4722.2 4725.89 4729.06 4726.26 4721.99 4719.43 4717.57 4720.72 4725.69 4726.72 4724.41 4721.04 4719.65 4719.14 4719.49 4719.58 4719.69 4718.96 4718.61 4718.09 4717.69 4717.22 4716.42 4715.14 4715.38 4714.56 4714.2 4714.36 4717.09 4720.4 4717.96 4717.86 4718.28 4719.23 4719.93 4720.81 4720.97 4720.88 4720.48 4719.08 4717.05 4713.92 4710.11 4706.18 4706.8 4709.6 4711.08 4715.4 4717.76 4718.53 4716.23
4944.04 4945.67 4962.61 4960.79 4941.69 4884.6 4895.91 4935.56 4978.24 4890.15 4795.6 4768.15 4740.71 4725.35 4719.5 4720.29 4723.83 4728.19 4731.47 4729.75 4725.07 4720.77 4717.29 4723.01 4727.2 4728.77 4726.28 4722.67 4720.54 4720.44 4721.02 4720.97 4720.78 4721.09 4721.16 4720.6 4719.91 4719.23 4719.82 4719.22 4718.81 4717.85 4717.83 4716.8 4715.49 4708.84 4718.23 4717.66 4716.3 4716.84 4716.95 4718.54 4719.72 4719.48 4719.06 4718.35 4717.46 4715.62 4712.54 4707.32 4710.14 4715.77 4719.03 4721.28 4723.03 4722.82 4719.25
4917.27 4916.46 4917.56 4916.14 4905.59 4884.24 4910 4963.02 4997.08 4928.8 4829.28 4780.05 4748.72 4729.42 4724.29 4724.73 4727.35 4729.89 4727.83 4728.2 4727.51 4725 4723.83 4723.21 4728.69 4732.07 4729.37 4724.73 4722.61 4723.44 4723.89 4724.29 4724.21 4723.46 4722.62 4721.4 4720.75 4720.6 4719.96 4720.24 4720.37 4720.94 4722.01 4726.6 4723.75 4716.29 4712.79 4711.6 4713.18 4714.71 4717.64 4718.8 4719.57 4719.82 4719.89 4720.3 4720.2 4719.9 4719.83 4721.03 4721.9 4724.32 4727.08 4728.08 4728.77 4730.17 4727.83
4870.45 4875.83 4878.92 4879.9 4870.04 4872.8 4921.08 4971.31 4994.31 4957.66 4862.63 4778.96 4755.83 4743.76 4734.14 4731.52 4733.07 4732.67 4733.88 4731.93 4729.66 4730.24 4731.39 4727.69 4729.04 4735.48 4733.55 4730.55 4728.86 4727.99 4727.65 4727.39 4726.17 4725.52 4725.34 4724.28 4724.57 4724.38 4722.91 4722.62 4723.23 4723.58 4723.03 4719.79 4725.22 4721.81 4714.6 4710.34 4710.95 4713.23 4716.43 4718.57 4719.9 4721.26 4721.75 4721.69 4722.62 4724.45 4727.41 4727.88 4733.12 4735.47 4735.42 4734.29 4732.4 4728.66 4725.52
4808.23 4834.96 4852.56 4858.21 4854.98 4868.75 4923.04 4971.27 5015.23 4988.18 4895.42 4785.62 4762.16 4750.67 4745.77 4739.98 4734.57 4732.57 4733.96 4731.38 4729.86 4730.53 4731.67 4727.62 4733.25 4738.32 4737.5 4735.04 4732.71 4732.48 4732.26 4731.41 4730.18 4729.47 4730.53 4730.19 4729.82 4729.38 4726.94 4727.74 4727.38 4727.02 4725.55 4724.55 4728.84 4726 4716.11 4711.44 4708.64 4711.29 4715.05 4718.17 4720.51 4721.76 4722.59 4723.22 4724.63 4727.2 4731.62 4739.01 4739.78 4743.67 4743.47 4739.26 4735.15 4727.2 4721.85
4793.7 4826.35 4852.91 4866.76 4866.74 4869.44 4911.54 4950.4 4978.56 4952.52 4866.2 4806.4 4774.29 4772.92 4765.94 4746.13 4735.93 4729.1 4720.9 4732.02 4726.56 4720.14 4726.98 4734.71 4739.35 4742.37 4740.8 4739.28 4741.48 4737.19 4736.84 4736.39 4735.47 4734.07 4731.96 4730.59 4729.93 4731.04 4730.01 4730.03 4729.96 4730.25 4731.31 4733.58 4737.06 4726.24 4711.82 4699.57 4704.72 4710.68 4715.81 4719.56 4722.12 4723.2 4723.45 4724.32 4725.44 4727.22 4729.73 4733.07 4738.61 4742.9 4743.04 4741.26 4738.6 4734.09 4726.51
4815.43 4845.62 4878.86 4906.99 4919.81 4913.25 4912.66 4931.65 4935.76 4913.15 4868.55 4813.58 4780.92 4764.08 4753.86 4744.59 4735.48 4729.23 4727.3 4726.1 4724.58 4723 4726.74 4731.98 4734.59 4742.33 4741.88 4741.77 4741.09 4740.82 4739.93 4738.6 4737.02 4736.38 4735.38 4734.5 4734.18 4732.52 4731.17 4730.79 4730.89 4731.32 4732.11 4734.27 4730.59 4719.82 4709.5 4702.05 4705.26 4711.98 4719.61 4725.7 4724.69 4724.39 4724.2 4724.14 4724.76 4726.18 4727.02 4729.87 4736.16 4739.92 4740.97 4740.73 4739.87 4739.41 4720.88
4831.93 4867.81 4915.68 4969.94 5026.96 5058.45 4969.83 4948.07 4921.63 4886.3 4855.51 4819.26 4789.33 4766.53 4751.7 4742.27 4734.25 4727.78 4726.04 4728.88 4726.41 4723.33 4722.5 4728.77 4733.04 4735.79 4741.06 4743.93 4744.62 4745.13 4743.59 4741.27 4739.64 4738.35 4737.27 4736.68 4735.93 4734.88 4732.51 4732.06 4731.56 4731.26 4730.13 4723.14 4719.07 4715.29 4710.37 4707.51 4707.74 4713.92 4721.75 4726.96 4725.95 4724.05 4723.26 4723.3 4723.96 4725.18 4727.04 4729.92 4734.72 4739.76 4739.14 4737.92 4735.83 4729.31 4722.14
4829.51 4879.05 4941.54 5018.71 5115.21 5206 5089.85 5003.19 4928.95 4859.26 4833.85 4821.62 4796.08 4771.58 4752.49 4742.23 4734.33 4728.56 4728.9 4731.21 4731.14 4727.62 4723.3 4729.14 4736.89 4738.06 4741.51 4745.95 4752.9 4750.86 4745.52 4742.62 4740.48 4739.51 4738.69 4737.78 4737.33 4736.88 4736.39 4735.51 4734.19 4731.97 4731.07 4722.72 4717.68 4718.14 4713.83 4710.62 4711.42 4714.97 4720.05 4722.97 4722.09 4721.28 4721.69 4722.19 4722.55 4723.72 4725.31 4727.21 4729.88 4733.96 4734 4733.56 4732.14 4731.05 4724.1
4817.2 4874.88 4943.36 5022.52 5110.83 5191.48 5172.82 5062.3 4946.97 4855.37 4827.02 4810.55 4794.22 4773.95 4756.32 4743.73 4735.87 4731.61 4732.92 4737.86 4738.07 4737.6 4736.05 4732.53 4733.7 4739.04 4741.03 4743.77 4746.2 4745.18 4743.28 4741.95 4741.05 4740.02 4739.3 4738.75 4737.98 4738.06 4737.23 4735.88 4734.07 4731.89 4726.75 4724.25 4725.71 4723.3 4719.77 4716.45 4715.36 4714.72 4713.41 4708.94 4712.98 4717.01 4718.95 4720.09 4720.76 4721.06 4722.93 4722.32 4721.49 4722.88 4726.72 4728.87 4730.13 4730.97 4735.38
4803.05 4861.61 4921.55 4987.91 5048.55 5088.47 5123.24 5064.66 4956.93 4861.9 4819.66 4799.09 4790.49 4772.88 4757.58 4744.62 4737.32 4735.67 4742.27 4745.29 4743 4738.21 4736.85 4734.55 4735.68 4737.86 4738.6 4739.14 4737.17 4736.36 4739.12 4739.95 4740.2 4740.67 4741.01 4739.25 4739.15 4738.36 4737.66 4735.84 4734.7 4733.16 4729.57 4725.47 4731.05 4729.47 4725.2 4721.93 4718.22 4714.66 4711.61 4707.25 4711.57 4716.02 4718.04 4719.18 4719.41 4718.45 4714.07 4717.55 4718.01 4717.67 4721.55 4723.93 4726.65 4727.84 4724.25
4809.65 4851.04 4898.84 4946.83 4982.76 4992.86 5020.82 5035.01 4950.32 4859.14 4815.16 4799.34 4785.21 4768.78 4753.57 4742.89 4737.16 4738.43 4755.11 4753.27 4749.82 4742.44 4734.21 4734.02 4733.4 4733.02 4736.2 4737.74 4736.93 4736.96 4736.89 4737.85 4739.64 4739.87 4740.66 4740 4737.88 4736.83 4736.26 4736.17 4735.41 4736.09 4735.64 4730.88 4740.23 4735.24 4728.57 4720.88 4715.56 4716.34 4716.2 4719.56 4719.14 4717.87 4718.18 4718.64 4719.56 4720.53 4719.93 4719.43 4719.89 4719.3 4718.62 4718.4 4717.4 4717.98 4717.26
4806.68 4837.46 4873.49 4909.42 4940.65 4964.4 5019.55 5045.65 4927.91 4836.79 4811.07 4796.4 4780.18 4764.63 4749.49 4741.79 4738.05 4734.5 4745.33 4753.65 4752.87 4745.46 4737.19 4735.92 4736.28 4736.61 4739.36 4740.14 4738.09 4736.15 4735.75 4737 4737.91 4738.22 4738.66 4739.06 4738.93 4740.57 4739.6 4738.7 4737.8 4738.61 4739.8 4744.14 4745.89 4737.89 4730.49 4725.4 4722.86 4719.02 4718.49 4718.85 4718.3 4718.8 4718.47 4718 4719.03 4722.06 4729.32 4720.22 4719.27 4717.53 4715.72 4714.58 4714.17 4712.61 4711.15
4792.77 4821.16 4851.62 4883.26 4914.3 4960.63 5024.96 4950.7 4876.39 4816.74 4804.23 4788.78 4775.13 4761.75 4752.93 4747 4744.36 4746.88 4753.05 4751.96 4748.27 4744.57 4740.05 4739.35 4741.19 4745.72 4748.87 4745.56 4740.44 4735.2 4736.4 4737.7 4738.01 4738.47 4738.53 4737.62 4737.32 4736.17 4737.98 4738.8 4739.03 4739.7 4741.27 4741.61 4740.45 4735.11 4729.36 4724.76 4722.91 4718.91 4717.71 4719.04 4720.09 4718.81 4718.24 4717.52 4716.91 4715.14 4713.62 4714.65 4713.04 4712.68 4712.18 4711.33 4711.69 4711.27 4711.8
4782.5 4806.68 4831.2 4855.1 4880.21 4897.93 4884.35 4855.11 4829.1 4802.88 4795.37 4774.74 4763.6 4757.4 4753.77 4750.98 4749.47 4751.46 4754.2 4751.6 4748.78 4743.56 4742.79 4742.71 4744.68 4751.43 4755.56 4751.38 4745.38 4740.25 4739.02 4739.24 4739.33 4738.87 4738.4 4737.05 4738.69 4737.97 4736.59 4736.75 4737.07 4737.76 4735.41 4731.05 4733.25 4730.5 4725.49 4720.12 4714.28 4714.42 4714.75 4717.07 4718.38 4718.22 4717.27 4716.11 4715.21 4713.74 4712.71 4711.67 4707.95 4710.63 4711.05 4709.54 4706.69 4710.65 4713.86
4776.18 4798.22 4819.58 4836.52 4847.16 4854.57 4851.35 4820.68 4812.32 4797.47 4778.42 4766.53 4754.59 4753.25 4752.18 4750.94 4751.03 4753.46 4752.73 4749.97 4744.72 4747.73 4746.78 4746.04 4745.78 4748.57 4758.94 4755.48 4750.62 4745.68 4742.63 4740.69 4739.55 4739.36 4738.79 4737.62 4736.25 4736.36 4736.85 4736.49 4736.81 4735.26 4727.3 4729.05 4730.7 4726.56 4720.19 4712.91 4708.94 4706.06 4709.6 4714.19 4718.5 4717.1 4715.78 4714.86 4714.07 4714.4 4714.25 4713.77 4712.94 4713.14 4712.55 4710.93 4708.93 4712.69 4716.65
4771.89 4792.31 4811.14 4825.99 4834.13 4826.94 4817.93 4811.39 4803.09 4786.7 4764.8 4755.82 4752.83 4752.06 4752.46 4752.57 4749.73 4749.17 4751.95 4749.71 4747.07 4754.54 4752.77 4750.25 4748.27 4746.84 4755.48 4757.48 4754.81 4751.3 4747.08 4742.41 4739.49 4738.57 4738.19 4738.62 4738.61 4738.31 4738.58 4737.29 4736.06 4735.09 4732.58 4732.04 4730.16 4724.3 4716.33 4707.04 4697.31 4698.79 4705.75 4711.07 4713.77 4715.41 4715.43 4714.6 4712.82 4708.27 4711.94 4716.62 4719.55 4717 4715.78 4715.97 4716.59 4716.8 4718.81
4776.67 4798.17 4814.22 4821.83 4823.63 4813.48 4797.16 4808.49 4806.11 4782.85 4755.74 4752.5 4752.46 4753.42 4752.16 4750.55 4750.77 4755.57 4755.71 4751.03 4751.73 4757.99 4756.43 4754.2 4753.09 4754.82 4759.15 4760.87 4757.56 4753.11 4747.22 4742.64 4739.81 4738.3 4738.79 4737.62 4737.57 4737.65 4739.07 4738.32 4737.34 4734.96 4738.33 4742.31 4732.66 4724.31 4715.92 4707.65 4698.22 4700.64 4705.65 4709 4708 4713.87 4715.29 4715.65 4715.4 4715.54 4714.98 4717.31 4720.2 4719.49 4719.88 4719.76 4721.33 4723.3 4722.79
4791.04 4811.19 4823.04 4829.54 4831.65 4829.02 4823.73 4831.02 4824.85 4786.92 4755.39 4754.65 4755.19 4755.1 4754.29 4752.5 4759.16 4763.28 4758.25 4751.25 4749.92 4755.24 4757.36 4756.95 4757.63 4760.44 4772.04 4765.25 4758.98 4751.08 4744.88 4741.7 4739.38 4738.35 4738.03 4737.51 4737.98 4739.35 4741.09 4740.67 4740.08 4741.94 4748.23 4740.15 4731.86 4724.89 4717.6 4712.43 4713.29 4711.02 4707.55 4709.19 4713.24 4713.88 4715.51 4717.59 4719.5 4716.53 4718.29 4717.97 4718.95 4720.86 4724.58 4731.03 4732.97 4734.56 4737.5
4823.42 4836.59 4844.06 4844.75 4845.2 4848.02 4858.35 4851.56 4805.54 4777.32 4756.9 4759.26 4757.78 4759.81 4762.04 4764.43 4767.04 4763.97 4757.53 4752.39 4752.54 4756.64 4757.29 4758 4760.08 4765.36 4768.48 4767.29 4759.78 4750.87 4743.59 4739.04 4736.99 4736.22 4736.3 4736.14 4736.94 4737.91 4740.02 4741.32 4741.41 4738.57 4734.72 4727.45 4728.35 4723.77 4717.55 4712.11 4708.07 4706.42 4706.06 4708.11 4708.73 4712.29 4716.43 4719.05 4722.23 4724.76 4719.92 4714.51 4717.79 4722.75 4727.03 4731.82 4739.83 4747.59 4760.16
4866.62 4866.3 4862.22 4857.77 4852.34 4850.05 4848.33 4818.35 4770.84 4764.89 4761.03 4763.07 4765.09 4766.9 4769.5 4773.78 4770.14 4762.9 4756 4751.08 4752.97 4756.09 4756.38 4756.99 4758.37 4762.48 4770.28 4768.88 4758.45 4747.81 4739.07 4734.62 4733.72 4734.32 4735.51 4736.69 4737.84 4739.94 4742.75 4745.25 4746.99 4747.47 4750.06 4737.71 4731.03 4724.63 4718.72 4712.27 4704.81 4698.84 4705.54 4710.24 4715.12 4718.04 4718.91 4719.86 4720.84 4721.68 4721.62 4722.99 4722.26 4726.13 4730.33 4734.17 4744.61 4758.58 4776.93
4915.87 4894.48 4877.78 4863.68 4851.31 4841.21 4820.73 4791.06 4765.84 4762.81 4767.37 4773.03 4775.31 4775.65 4773.44 4767.77 4760.22 4759.51 4752.09 4746.07 4748.77 4753.51 4754.67 4754.35 4753.58 4753.68 4760.35 4763.87 4754.44 4740.71 4725.73 4727.85 4730.66 4733.02 4735.21 4736.56 4739.24 4741.46 4743.21 4747.11 4752.34 4757.92 4749.55 4742.73 4733.7 4726.7 4720.45 4715.25 4709.79 4707.17 4710.86 4714.36 4717.39 4718.7 4721.01 4721.05 4719.64 4719.99 4723.59 4726.16 4727.55 4731.03 4737.83 4746.11 4753.23 4764.88 4783.29
4961.4 4922.56 4892.41 4870.84 4851.97 4831.51 4804.5 4787.08 4768.65 4767.58 4774.24 4784.42 4792.75 4792.4 4776.67 4760.25 4754.37 4755.67 4749.92 4744.6 4752.89 4754.77 4753.51 4751.36 4748.92 4746.11 4742.47 4757.02 4751.39 4739.15 4728.15 4727.59 4729.82 4731.86 4733.71 4737.59 4739.93 4742.82 4745.29 4747.37 4748.87 4751.51 4746.8 4740.38 4733.53 4727.57 4721.99 4718.68 4717.32 4723.3 4717.46 4718.56 4722.6 4726.29 4724.07 4723.47 4722.63 4722.83 4724.15 4727.76 4729.59 4733.57 4741.34 4754.86 4755.26 4763.69 4780.78
4984.43 4940.27 4906.85 4875.48 4851.4 4826.41 4801.25 4785.53 4776.76 4775.01 4778.75 4793.2 4799.32 4795.49 4778.52 4758.99 4746.22 4748.49 4749.71 4751.8 4756.19 4755.85 4752.78 4749.35 4746.32 4745.09 4749.02 4756.87 4751.55 4742.36 4734.73 4730.54 4731.09 4733.6 4736.41 4738.61 4739.93 4741.7 4744.18 4744.66 4742.15 4735.54 4734.76 4734.59 4731.9 4728.11 4723.65 4720.95 4719.17 4718.69 4718.18 4720.66 4724.23 4726.11 4725.37 4726.01 4727.59 4727.53 4725.02 4723.78 4729.59 4733.49 4735.82 4738.07 4748.46 4756.18 4766.81
4986.04 4946.56 4911.45 4880.5 4851.68 4826.9 4804.83 4791.95 4787.91 4783.08 4784.11 4794.57 4797.21 4795.88 4778.93 4760.83 4750.08 4746.15 4747.83 4754.32 4758.71 4754.58 4750.73 4747.19 4744.12 4742.99 4747.57 4757.78 4752.77 4743.87 4733.88 4731.61 4733.03 4735.43 4738.87 4740.64 4742.51 4744.17 4744.71 4744.75 4741.66 4738.78 4734.67 4731.53 4728.84 4726.58 4724.38 4723.3 4720.6 4716.5 4720.57 4722.83 4723.41 4722.53 4724.23 4726.87 4730.47 4732.32 4735.57 4736.58 4735.28 4736.76 4738.63 4741.42 4744.92 4749.5 4754.14
4972.65 4942.63 4914.63 4882.82 4858.07 4835.93 4815.77 4797.15 4793.46 4788.09 4786.86 4785.26 4790.63 4790.12 4777.6 4760.9 4747.44 4742.65 4742.16 4743.67 4749.6 4750.56 4747.92 4744.66 4741.69 4740.12 4740.59 4753.5 4752.75 4746.01 4739.41 4735.82 4736.87 4739.22 4741.06 4742.28 4743.45 4744.88 4745.4 4745.47 4746.48 4746.05 4732.2 4728.19 4726.63 4725.8 4725.91 4725.69 4725.87 4728.99 4728.46 4726.58 4725.03 4721.94 4723.83 4724.49 4726.38 4729.66 4739.53 4744.3 4739.3 4740.01 4743.99 4745.45 4746.67 4748.23 4750.81
4955.95 4936.14 4914.03 4891.33 4870 4848.51 4829.1 4814.35 4802.91 4792.02 4784.66 4782.02 4784.58 4788.42 4776.14 4756.12 4738.21 4737.95 4740.5 4744.56 4748.32 4747.17 4745.6 4743.4 4741 4739.33 4740.35 4749.17 4752.82 4748.71 4742.54 4739.28 4740.74 4741.83 4744.09 4746.22 4747.04 4745.12 4744.77 4744.64 4744.83 4736.25 4726.21 4724.69 4725.49 4725.99 4727.89 4728.59 4729.89 4731.5 4732.24 4730.38 4729.44 4729.37 4728.44 4725.32 4716.65 4718.88 4721.26 4728.69 4736.51 4743.18 4746.29 4749.84 4750.6 4750.81 4752.65
4948.79 4935 4918.87 4898.33 4877.63 4859.43 4840.44 4827.68 4806.26 4793.43 4785.47 4775.95 4781.78 4787.24 4777.42 4756.26 4738.99 4736.03 4737.45 4739.32 4740.79 4744.38 4743.93 4742.78 4741.2 4740.81 4742.16 4755.17 4755.62 4752.55 4748.79 4745.8 4746.1 4747.06 4747.86 4748.08 4749.24 4748.37 4746.49 4744.55 4740.88 4739.1 4725.98 4725.25 4727.42 4728.4 4728.49 4729.25 4731.69 4733.89 4734.06 4732.74 4732.36 4735.78 4735.02 4733.6 4730.32 4713.07 4697.97 4711.81 4733.09 4750.26 4760.41 4760.25 4756.86 4753.72 4756.5
