real_craters/C212-1000m.grd
DSAA
189 189
-94.21 94.21
-94.21 94.21
8161.5997333682 11275.122268734
[rows 90 to 119 of 189, columns 67 to 133 of 189]
8180.74 8174.77 8194.23 8192.98 8191.45 8192.24 8201.16 8220.08 8238.4 8257.71 8280.79 8298 8321.52 8348.18 8368.34 8390.78 8415.24 8444.84 8507.4 8630.21 8783.7 9027.84 9191.56 9270.61 9330.36 9387.66 9442.6 9565.06 9327.15 9174.94 9136.22 9087.45 9033.04 8981.63 8957.8 8931.52 8905.31 8841.21 8758.07 8746.15 8720.38 8707.65 8699.09 8700.28 8705.86 8702.45 8681.62 8683.62 8681.55 8680.63 8679.97 8680.66 8684.66 8686.14 8647.95 8597.72 8611.56 8738.02 8841.95 8915.56 9026.16 9145.45 9251.49 9362.67 9488.16 9559.52 9569.33
8181.7 8171.92 8182.3 8182.05 8181.66 8183.83 8195.61 8215.36 8236.28 8258.67 8280.09 8301.29 8323.43 8346.12 8372.01 8398.4 8420.98 8444.91 8486.03 8629.63 8819.22 8974.39 9190.01 9343.06 9460.04 9544.84 9588.12 9624.38 9538.18 9384.73 9304.53 9220.04 9123.61 9036.36 8978.43 8925.92 8873.36 8841.59 8750.29 8742.84 8722.33 8712.94 8704.68 8699.18 8698.78 8695.34 8676.75 8666.04 8668.57 8669.5 8669.24 8669.38 8671.03 8676.41 8626.14 8568.27 8599.65 8727.46 8874.46 8955.47 9037.81 9152.12 9255.85 9355.1 9488.91 9481.8 9557.26
8187.08 8170.95 8170.25 8173.57 8175.79 8175.66 8193.28 8220.44 8245.43 8263.39 8281.4 8305.06 8328.5 8351.5 8382.89 8413.79 8440.13 8458.33 8479.8 8566.36 8705.73 8951.35 9254.41 9383.95 9522.37 9713.82 9898.21 9882.77 9785.36 9639.96 9511.38 9358.53 9206.1 9059.17 8946.87 8908.64 8867.81 8833.78 8752.17 8745.14 8731.59 8723.25 8707.79 8696.05 8688.26 8684.97 8673.35 8653.74 8660.3 8659.85 8660.13 8658.74 8658.04 8677.18 8631.53 8577.09 8618.25 8731.01 8832.53 8964.61 9036.06 9078.72 9200.02 9299.44 9374.73 9459.33 9560.82
8203.07 8178.87 8161.6 8173.23 8181.17 8189.5 8207.72 8234.9 8259.74 8272.81 8291.21 8308.99 8334.73 8358.77 8391.89 8423.81 8455.99 8483.98 8509.77 8549.92 8674.42 8874.04 9057.49 9241.03 9464.13 9742.72 10112.8 10259.8 10153.6 9944.29 9729.29 9481.49 9266.54 9078.46 8934.17 8873.79 8829.99 8774.04 8746.23 8741.35 8732.86 8723.34 8708.81 8697.05 8689.59 8667.82 8658.12 8646.2 8649.97 8653.09 8653.85 8653.12 8652.85 8661.92 8659.25 8643.05 8676.78 8748.11 8847.02 8925.05 9052.08 9156.47 9217 9308.82 9389.34 9477.42 9573.96
8239.97 8209.99 8193.58 8192.16 8199.08 8206.37 8228.26 8251.46 8275.6 8291.89 8304.12 8321.46 8345.38 8369.26 8398.68 8434.72 8473.73 8512.94 8547.58 8576.56 8671.32 8895.92 8984.3 9138.18 9361.46 9613.49 9913.14 10300.5 10575 10333.9 9887.96 9551.71 9294.94 9082.23 8907.73 8821.99 8757.57 8739.19 8726.26 8721.04 8723.9 8723.34 8713.74 8694.89 8681.43 8668.26 8652.82 8648.24 8650 8649.42 8648.13 8647.92 8650.69 8655.11 8669.92 8732.21 8729.29 8744.78 8781.81 8903.47 9090.15 9273.81 9307.46 9342.83 9416.8 9508.63 9599.53
8205.27 8207.36 8211.84 8211.88 8218.89 8232.06 8249.27 8270.06 8292.63 8313.24 8325.29 8337.87 8355.89 8371.02 8401.08 8439.41 8482.39 8527.92 8576.63 8624.99 8669.68 8804.91 8940.41 9082.29 9258.06 9433.57 9702.46 10300 10505.2 10156.5 9782.89 9494.97 9267.94 9076.8 8905.69 8811.45 8731.43 8719.72 8716.75 8709.97 8715.01 8722.94 8712.43 8691.6 8677.76 8660.73 8656.74 8655.3 8653.37 8647.54 8643.9 8641.35 8639.66 8637.39 8643.31 8649.56 8695.79 8729.95 8761.17 8892.16 9113.86 9314.6 9379.4 9391.88 9495.33 9562.05 9597.54
8173.7 8190.58 8198.37 8213.37 8228.91 8255.1 8265.48 8286.24 8308.96 8334.86 8355.52 8360.76 8367.85 8371.27 8399.82 8439.65 8482.79 8530.07 8585.12 8649.97 8664.15 8754.64 8907.95 9063.68 9196.86 9317.72 9481.21 9856.91 10231.9 9821.96 9540.37 9363.36 9206.14 9083.23 9011.26 8878.18 8768.32 8726.01 8728.39 8727.37 8719.2 8717.11 8700.36 8677.73 8674.72 8676.35 8667.62 8660.8 8652.48 8644.62 8638.36 8632.18 8626.63 8624.01 8632.19 8661.33 8680.82 8708.51 8725.57 8880.55 9117.58 9379.45 9499.82 9493.41 9534.78 9569.17 9616.19
8200.98 8196.15 8206.66 8217.1 8227.16 8241.49 8269.92 8297.2 8326.06 8352.82 8370.76 8377.6 8383.28 8382.91 8409.12 8445.57 8483.24 8523.78 8576.26 8636.5 8676.52 8729.36 8878.9 9079 9147.42 9274.34 9481.89 9743.25 10125.3 9645.77 9366.04 9240.68 9125.19 9033.68 8971.08 8875.45 8784.18 8750.86 8751.72 8749.92 8737.06 8717.8 8698.54 8673.34 8667.11 8668.11 8667.66 8657.74 8649.19 8640.98 8631.65 8622.3 8613.9 8611.56 8628.12 8645.17 8674.12 8694.39 8735.29 8880.3 9086.84 9293.63 9502.2 9638.99 9581.56 9588.54 9599.86
8217.45 8214.85 8215.03 8221.31 8230.64 8248.52 8274.07 8304.93 8334.8 8360.82 8383.14 8392.88 8403.81 8413.92 8434.43 8456.62 8485.44 8512.59 8538.24 8613.52 8681.22 8735.13 8850.43 8935.03 9071.8 9171.58 9343.78 9580.93 9668.04 9433.99 9247.98 9140.2 9042.58 8954.01 8861.41 8819.74 8801.18 8786.89 8778.6 8777.29 8753.15 8726.76 8699.7 8669.45 8654.73 8654.47 8660.51 8663.55 8656.94 8639.96 8629.68 8618.97 8607.92 8601.43 8619.39 8650.11 8680.88 8714.36 8750.35 8888 9057.95 9231.12 9438.3 9605.67 9589.16 9619.6 9625.21
8244.65 8241.73 8243.73 8244.71 8235.87 8249.87 8281.09 8312.44 8341.25 8369.61 8391.56 8408.08 8420.62 8430.06 8447 8466.51 8488.08 8513.6 8546.64 8598.78 8675.68 8746.85 8862.24 8999 9049.85 9041.41 9131.66 9291.04 9310.94 9274.8 9169.12 9058.38 8970.39 8890.89 8825.31 8798.44 8854.12 8813.21 8790.26 8777.43 8752.06 8717.26 8715.63 8678.55 8660.86 8645.69 8652 8663.53 8656.9 8640.93 8631.83 8620.48 8608.84 8597.77 8616.46 8654.35 8696.68 8733.65 8797.8 8916.08 9060.14 9195.85 9312.51 9553.9 9593.34 9629.06 9638.78
8281.97 8271.48 8266.65 8261.42 8249.98 8264.39 8292.52 8321.04 8349.34 8374.96 8401.4 8419.96 8432.78 8444.08 8460.23 8475.56 8494.1 8520.66 8560.87 8604.44 8642.95 8722.1 8844.18 8977.7 9000.43 8971.62 9024.36 9118.4 9179.17 9119.39 9034.18 8973.09 8907.62 8842.42 8787.99 8762.1 8777.3 8788.11 8781.77 8769.74 8759.33 8731.55 8703.57 8681.99 8666.01 8653.68 8657.14 8665.8 8665.95 8652.49 8641.36 8632.18 8623.13 8615.32 8633.79 8680.47 8722.78 8771.47 8843.88 8959.28 9102.59 9255.81 9442.31 9523.75 9588.35 9636.71 9661.73
8313.59 8297.62 8288.93 8285.47 8287.41 8294.48 8312.41 8336.2 8360.23 8385.77 8409.47 8424.9 8441.95 8454.06 8468.94 8483 8496.62 8514.37 8541.41 8581.66 8632.93 8709.11 8795.97 8861.2 8898.24 8920.46 8968.91 9039.53 9080.5 9042.73 8944.49 8901.11 8857.19 8807.81 8767 8746.21 8736.83 8762.04 8767.67 8762.94 8748.05 8729.39 8708.91 8692 8676.91 8669.73 8671.82 8674.74 8675.27 8660.44 8651 8646.42 8646.69 8658.62 8678.96 8709.93 8749.09 8796.79 8873.24 9005.47 9154.75 9308.25 9448.15 9501.22 9573.77 9649.48 9699.82
8331.78 8319.29 8310.32 8307.58 8310.17 8319.33 8332.68 8350.06 8369.59 8391.91 8407.47 8430.4 8449.66 8462.86 8469.46 8488.8 8498.32 8507.21 8524.37 8556.98 8636.43 8695.55 8746.78 8793.31 8825.87 8859.56 8909.74 8982.13 9101.63 8967.87 8889.58 8852.94 8821.44 8787.82 8758.58 8749.28 8759.84 8758.87 8758.64 8755.94 8741.89 8730.18 8719.56 8697.42 8674.86 8675.08 8674.67 8676.04 8668.35 8661.47 8656.31 8658.71 8667.8 8682.98 8700.39 8732.23 8770.75 8829.82 8918.96 9042.67 9186.19 9328.05 9431.22 9485.57 9600.04 9686.23 9742.9
8353.19 8342.34 8330.34 8322.84 8330.76 8340.03 8351.05 8363.16 8377.42 8394.62 8417.61 8443.32 8460.16 8477.55 8497.88 8502.9 8504.73 8514.26 8526.89 8545.78 8580.21 8651.34 8704.78 8746.52 8772.26 8777.63 8830.19 8870.28 8847.58 8850.58 8833.76 8819.27 8800.95 8779.67 8758.87 8761.03 8766.22 8760.97 8754.61 8747.97 8734.4 8723.71 8712.73 8697.55 8676.51 8672.37 8672.91 8676.01 8679 8658.96 8658.77 8669.66 8683.87 8698.18 8718.27 8752.73 8794.09 8848.32 8950.22 9070.14 9199.43 9328.26 9451.69 9531.53 9589 9691.56 9770.09
8383.64 8367.9 8353.98 8347.1 8355.84 8360.06 8366.14 8374.07 8384.61 8399.07 8427.23 8450.89 8469.27 8487.38 8507.89 8511.26 8508.74 8510.45 8532.96 8542.87 8580.06 8624.34 8672.63 8710.7 8726.79 8735.88 8771.41 8791.7 8797.6 8781.52 8802.54 8798.95 8789.52 8779.53 8768.62 8759.83 8758.81 8756.31 8750.78 8741.73 8729.8 8716.95 8711.9 8695.4 8681.24 8676.43 8676.02 8675.01 8674.77 8653.93 8663.39 8681.65 8698.84 8717.22 8742.72 8778.91 8824.09 8900.02 8990.74 9095.1 9203.54 9315.14 9426.85 9522.36 9553.25 9699.5 9816.14
8410.36 8392.24 8376.25 8367.63 8375.2 8378.19 8379.66 8383.64 8389.62 8406 8438.86 8455.39 8473.1 8489.44 8501.69 8509.53 8512.86 8515.52 8527.89 8542.65 8569.12 8616.04 8662.84 8703.33 8734.55 8739.59 8742.14 8746.21 8738.81 8743.4 8764.78 8773.86 8774.01 8773.23 8775.73 8760.21 8755.08 8751.1 8746.23 8741.86 8731.97 8717.87 8707.12 8680.88 8682.87 8677.61 8674.27 8669.88 8665.58 8664.81 8677.93 8697.33 8718.04 8735.94 8758.65 8799.48 8864.18 8934.83 9019.93 9105.1 9192.26 9279.11 9379.32 9483.36 9557.22 9719.02 9863.72
8434.33 8417.45 8401.09 8393.17 8392 8391.71 8391.19 8393.46 8399.98 8422.19 8448.14 8463.57 8474.16 8489.66 8502.88 8513.19 8517.94 8523.25 8523.22 8527.47 8565.65 8612.87 8655.3 8695.26 8725.82 8723.37 8726.43 8727.66 8725.74 8721.53 8735.35 8747.98 8752.68 8753.75 8749.78 8748.83 8750.58 8746.6 8741.92 8739.66 8736.85 8720.27 8691.58 8679.84 8682.08 8674.78 8663.23 8665.69 8672.01 8682.46 8700 8720.06 8741.45 8759.23 8773.11 8817.01 8985.5 9067.2 9078.86 9119.15 9174.65 9235.97 9300.44 9421.28 9570.55 9789.91 9982.17
8465.01 8444.24 8425.81 8411.84 8408.67 8403.64 8399 8399.74 8412.87 8438.41 8455.01 8455.79 8476.03 8491.87 8504.36 8515.59 8528.78 8539.31 8540.58 8548.3 8572.96 8609.94 8646.94 8682.06 8706.06 8708.21 8713.68 8716.87 8717.41 8715.21 8720.64 8727.59 8735.94 8736.5 8729.01 8725.34 8742.54 8743.92 8737.63 8729.3 8719.24 8706.95 8686.94 8678.1 8681.46 8675.6 8668.23 8672.63 8687.25 8704.13 8721.34 8743.54 8768.85 8796.83 8817.3 8946.79 9110.27 9109.52 9118.82 9141.3 9177.49 9213.19 9266.17 9409.11 9636.87 9929.58 10157.3
8495.22 8474.69 8447.95 8426.5 8419.15 8409.97 8400.29 8398.43 8414.51 8453.13 8473.22 8483.05 8488.83 8497.6 8508.6 8521.86 8537.8 8549.71 8557.45 8568.5 8582.31 8607.23 8641.39 8670.46 8692.72 8701.46 8707.23 8712.72 8717.79 8727.23 8728.98 8729 8731.64 8732.32 8732.83 8735.82 8746.03 8741.69 8734.03 8723.21 8711.7 8695.73 8684.72 8681.12 8687.38 8682.64 8679.65 8687.75 8703.98 8721.53 8738.04 8762.61 8793.54 8835.13 8870 8968.78 9085.33 9117.6 9132.99 9148.54 9175.7 9215.37 9284.44 9462.32 9767.17 10097.8 10295.1
8541.11 8503.02 8466.1 8436.15 8435.79 8422.71 8413.4 8408.1 8421.55 8495.56 8491.09 8494.83 8499.51 8503.9 8512.6 8527.93 8550.05 8568.35 8576.09 8583.17 8599.88 8620.05 8639.33 8661.32 8680.09 8695.65 8703.24 8709.26 8716.04 8723.42 8728.52 8728.78 8734.46 8736.84 8738.95 8742.98 8744.84 8743.52 8737.4 8729.35 8718.67 8707.32 8699.01 8692.5 8690.75 8692.29 8695.72 8705.49 8723.04 8740.97 8753.94 8782.17 8816.46 8860.46 8915.35 9014.27 9090.09 9124.03 9146.75 9174.38 9202.87 9247.24 9336.62 9519.09 9770 10097.2 10361.3
8565.08 8521.03 8480.46 8449.76 8439.48 8434.52 8426.34 8423.26 8453.64 8526.09 8499.68 8497.97 8502.66 8508.01 8515.77 8527.98 8557.7 8582.37 8588.83 8597.91 8605.2 8618.35 8638.64 8658.36 8677.73 8692.1 8698.23 8704.87 8710.87 8716.9 8725.13 8736.26 8740.82 8744.62 8745.49 8749.35 8757.45 8749.13 8741.55 8736.6 8730.8 8719.75 8708.98 8698.08 8701.3 8707.29 8712.45 8722.35 8743.01 8764.3 8774.34 8811.56 8854.27 8873.66 8978.07 9047.85 9067.67 9130.36 9172.07 9204.61 9235.23 9284.33 9415.72 9621.66 9893.45 10140.8 10414
8574.74 8540.89 8497.19 8463.75 8461.66 8450.55 8443.37 8441.53 8445.08 8469.14 8493.43 8499.68 8504.77 8510.52 8517.45 8531.48 8549.94 8581.22 8595.4 8601.76 8609.5 8619.29 8640.42 8657.92 8670.03 8683.93 8693.14 8700.22 8705.93 8710.68 8722.93 8742.51 8743.47 8741.85 8742.29 8746.09 8752.84 8749.11 8742.75 8738.26 8736.93 8727.67 8715.4 8707.97 8718.15 8728.89 8738.35 8751.14 8769.25 8781.23 8794.85 8854.18 8927.13 9021.93 9069.59 9113.8 9116.48 9166.07 9211.09 9247.56 9286.13 9330.57 9459.14 9710 9939.34 10142.1 10393
8647.35 8592.96 8531.49 8478.92 8476.86 8464.9 8456.67 8456.21 8466.94 8476.15 8490.14 8502.89 8509.98 8511.1 8517.66 8531.68 8556.43 8585.8 8597.31 8605.43 8618.07 8631.52 8649.2 8663.13 8675.46 8686.98 8688.64 8694.62 8700.94 8707.53 8717.7 8736.43 8739.88 8735.89 8737.03 8739.72 8746.96 8745.98 8742.78 8741.54 8739.77 8732.13 8723.02 8721.7 8735.02 8751.95 8772.33 8798.2 8811.18 8816.3 8853.9 8912.36 8980.38 9047.27 9125.14 9169.73 9191.13 9230.05 9267.3 9310.35 9356.17 9414.82 9568.99 9731.16 9909.73 10185.8 10375.9
8744.07 8655.06 8605.91 8553.86 8505.06 8484.63 8478.03 8470.1 8470.82 8482.21 8491.53 8497.58 8500.49 8510.39 8516.7 8524.96 8555.02 8602.58 8615.03 8620.57 8624.93 8640.75 8652.44 8662.25 8672.29 8679.72 8684.02 8689.59 8695.04 8700.19 8706.31 8727.95 8734.15 8729.67 8728.39 8736.67 8743.75 8745.63 8744.17 8744.67 8739.95 8742.63 8729.63 8733.56 8748.31 8768.86 8797.64 8834.7 8862.92 8897.48 8943.34 8992.63 9030.37 9074.21 9165.41 9248.49 9283.48 9313.86 9351.56 9395.76 9443.06 9502.73 9616.44 9748.9 9889.38 10069.6 10214.3
8723.72 8716.9 8652.25 8594.08 8540.93 8518.69 8510.67 8497.44 8486.56 8491.74 8502.28 8509.7 8513.66 8516.89 8518.7 8524.28 8556.93 8621.68 8629.67 8624.07 8618.97 8614.14 8632.26 8656.89 8670.77 8675.83 8679.92 8684.12 8689.42 8694.79 8703.04 8721.08 8730.91 8731.9 8741.28 8744.41 8747.49 8748.48 8748.71 8752.62 8750.37 8747.53 8753.33 8756.5 8759.82 8784.58 8817.58 8849.76 8907.62 8990.26 9062.35 9076.59 9108.2 9154.47 9234.18 9293.47 9346.09 9402.7 9446.65 9483.83 9531.27 9589.56 9674.3 9804.66 9952.73 10171.5 10405.2
8895.76 8844.33 8730.51 8674.39 8649.02 8614.01 8563.9 8523.9 8500.03 8506.68 8516.8 8525.92 8526.15 8526.95 8527.08 8533.27 8557.86 8598.62 8617.62 8618.03 8615.55 8621.49 8634.96 8650.81 8663.97 8668.87 8674.83 8679.6 8685.26 8693.05 8705.16 8720.9 8734.21 8739.41 8752.84 8754.97 8753.35 8753.81 8755.37 8763.05 8765.62 8765.81 8774.2 8767.64 8778.55 8808.56 8852.45 8893.92 8959.21 9023.78 9066.23 9119.15 9201.23 9282.47 9332.25 9378.6 9418.07 9486.25 9529.64 9575.36 9616.84 9657.75 9747.83 9932.63 10103.4 10425 10541.5
8855.18 8889.54 8838.43 8814.31 8785.18 8715.76 8626.25 8539.83 8528.5 8526.67 8531.21 8534.78 8537.92 8536.21 8537.16 8543.71 8564.87 8594.25 8608.87 8611.41 8615.16 8623.01 8630.35 8634.19 8644.91 8656.84 8665.36 8673.43 8681.51 8690.13 8701.97 8722.53 8741.81 8752.24 8760.72 8763.91 8765.16 8767.43 8768.47 8774 8782.72 8792.55 8795.47 8787.62 8794.01 8847.48 8908.5 8968.97 9020.04 9064.5 9109.06 9155.86 9281.07 9383.76 9442.87 9487.28 9523.66 9569.39 9615.44 9663.26 9706.69 9740.89 9869.38 10141.6 10448.3 10579.1 10423.7
8849.92 8927.19 9026.64 8999.12 8943.45 8861.4 8707.05 8573.54 8554.94 8548.88 8548.47 8549.5 8540.88 8542.02 8546.3 8550.93 8560.33 8589.26 8607.14 8603.95 8609.89 8614.48 8618.6 8621.6 8631.41 8643.34 8655.72 8668.37 8678.69 8687.71 8699.34 8725.76 8748.88 8756.57 8764.01 8771.22 8776.81 8781.28 8785.96 8786.68 8795.15 8818.09 8814.67 8836.57 8911.78 8936.24 8968.53 9003.7 9042.52 9080.83 9111.3 9162.42 9359.89 9489.98 9538.04 9574.83 9612.04 9642.12 9695.47 9759.72 9821.5 9897.7 10045.4 10307.4 10606 10565.9 10387.1
8909.04 8976.33 9165.82 9127.58 9064.31 8958.43 8814.23 8647.13 8590.09 8579.28 8570.92 8559.8 8553.93 8555.25 8562.02 8567.33 8591.7 8589.58 8592.6 8600.18 8606.84 8608 8607.25 8614.29 8626.66 8640.25 8652.91 8667.53 8678.84 8690.96 8708.15 8732.49 8748.97 8763.28 8770.34 8778.99 8788.84 8798.23 8796.36 8795.47 8792.11 8809.77 8836.64 8890.43 9009.47 9020.17 9018.86 9041.23 9075.12 9096.73 9132.21 9181.11 9422.96 9563.59 9610.77 9639.93 9666.72 9703.37 9781.33 9866.66 9953.55 10047.8 10189 10360.2 10472.7 10432.5 10380.6
8959.49 8983.12 9077.27 9140.31 9140.77 9122.25 8980.26 8780.71 8673.87 8649.04 8618.49 8587.45 8569.17 8575.19 8588.59 8595.72 8610.69 8619.18 8600.76 8605.55 8609.28 8613.01 8619.99 8625.01 8636.88 8644.85 8652.22 8668.04 8683.83 8694.82 8707.84 8732.64 8749.22 8760.03 8772.09 8787.1 8799.12 8808.65 8809.92 8811.93 8812.9 8824.39 8847.84 8889.83 8936.74 9010.41 9049.87 9071.49 9092.1 9135.15 9173.71 9284.17 9533.33 9644.9 9671.43 9681.99 9715.23 9761.47 9876.96 9992.89 10101.5 10202.4 10335.4 10422.8 10456.5 10468.6 10429.8
