real_craters/C212-750m.grd
DSAA
441 441
-164.8675 164.8675
-164.8675 164.8675
4242.8846026718 7724.8047977964
[rows 152 to 189 of 441, columns 84 to 167 of 441]
6119 6123 6118 6150 6142 6157 6212 6304 6266 6246 6241 6226 6209 6202 6201 6179 6169 6173 6194 6232 6214 6174 6152 6204 6266 6292 6253 6255 6224 6211 6230 6242 6232 6204 6189 6176 6192 6217 6228 6233 6229 6194 6144 6117 6145 6190 6217 6225 6226 6229 6236 6243 6215 6175 6142 6141 6123 6119 6122 6126 6124 6119 6118 6091 6067 6065 6066 6055 6043 6034 6025 6018 6014 6011 6008 6003 5995 5984 5987 5988 5999 6009 6016 6021
6139 6161 6145 6126 6156 6197 6336 6467 6387 6323 6283 6270 6253 6221 6198 6185 6169 6148 6154 6161 6161 6153 6152 6160 6216 6263 6246 6234 6219 6196 6215 6240 6230 6194 6174 6165 6176 6180 6182 6193 6190 6168 6134 6110 6134 6178 6207 6221 6224 6229 6234 6233 6213 6178 6156 6129 6107 6091 6093 6095 6100 6100 6095 6088 6084 6068 6063 6048 6042 6042 6032 6014 6012 6013 6013 6010 6006 5995 5992 6010 6008 6012 6018 6022
6182 6170 6148 6141 6179 6309 6462 6540 6453 6375 6291 6289 6277 6242 6212 6193 6173 6139 6093 6107 6120 6128 6139 6152 6167 6176 6192 6204 6218 6217 6208 6219 6217 6190 6164 6155 6165 6160 6153 6168 6171 6162 6148 6134 6142 6176 6216 6210 6210 6215 6221 6222 6207 6169 6142 6117 6089 6075 6076 6080 6080 6082 6072 6071 6078 6056 6031 6025 6034 6044 6042 6017 6015 6016 6017 6018 6017 6003 5999 6007 6013 6016 6019 6021
6178 6197 6161 6170 6268 6409 6481 6520 6450 6373 6293 6281 6270 6258 6235 6206 6190 6181 6138 6105 6105 6112 6121 6135 6133 6145 6168 6179 6193 6222 6216 6206 6191 6169 6158 6146 6169 6159 6148 6164 6179 6186 6167 6149 6149 6160 6165 6178 6186 6193 6200 6203 6193 6165 6159 6128 6092 6098 6065 6074 6064 6069 6062 6053 6051 6039 6022 6021 6028 6029 6030 6029 6022 6022 6023 6027 6031 6017 6010 6003 6016 6019 6019 6019
6178 6206 6177 6202 6297 6395 6454 6466 6419 6362 6304 6272 6250 6227 6215 6206 6200 6188 6153 6122 6106 6100 6097 6098 6109 6114 6138 6161 6173 6195 6211 6205 6191 6168 6152 6150 6168 6167 6172 6173 6181 6183 6176 6175 6151 6141 6136 6143 6156 6167 6175 6178 6170 6148 6136 6115 6088 6079 6076 6079 6066 6060 6056 6029 6022 6025 6026 6031 6029 6029 6028 6026 6026 6026 6028 6031 6034 6051 6044 6039 6032 6026 6019 6014
6204 6201 6193 6210 6286 6389 6411 6430 6399 6359 6311 6272 6243 6206 6202 6208 6206 6191 6161 6123 6095 6091 6088 6087 6099 6115 6137 6161 6172 6180 6201 6206 6184 6166 6151 6153 6166 6170 6176 6176 6176 6170 6166 6153 6135 6124 6113 6119 6133 6146 6155 6159 6161 6138 6116 6104 6086 6072 6069 6066 6058 6048 6015 6014 6015 6021 6029 6030 6032 6035 6030 6026 6029 6031 6033 6033 6036 6052 6071 6073 6051 6038 6026 6016
6228 6245 6215 6224 6279 6326 6340 6352 6362 6354 6334 6304 6270 6238 6221 6219 6218 6213 6174 6130 6098 6098 6100 6084 6076 6104 6147 6183 6186 6212 6203 6196 6171 6162 6149 6155 6167 6170 6168 6171 6171 6168 6154 6131 6118 6110 6103 6106 6118 6132 6142 6143 6136 6128 6105 6093 6077 6066 6058 6054 6040 6027 6024 6023 6022 6029 6026 6024 6030 6033 6030 6029 6033 6037 6039 6039 6041 6047 6066 6069 6059 6047 6035 6019
6302 6311 6298 6261 6290 6307 6281 6308 6358 6367 6365 6357 6306 6261 6246 6237 6228 6209 6189 6145 6117 6112 6106 6074 6064 6142 6240 6272 6203 6186 6208 6195 6176 6158 6150 6160 6164 6165 6170 6170 6163 6161 6144 6122 6105 6099 6095 6097 6111 6126 6138 6143 6140 6131 6100 6083 6062 6051 6032 6036 6027 6012 6024 6041 6039 6038 6035 6034 6030 6024 6029 6034 6040 6045 6049 6048 6044 6049 6056 6061 6062 6054 6042 6024
6358 6421 6505 6356 6280 6285 6294 6397 6446 6420 6402 6369 6342 6315 6275 6255 6239 6216 6186 6154 6128 6131 6133 6106 6092 6175 6381 6392 6272 6229 6215 6202 6180 6156 6162 6186 6166 6157 6156 6152 6144 6133 6124 6118 6103 6098 6094 6093 6109 6125 6138 6149 6150 6121 6094 6081 6076 6052 6029 6034 6030 6026 6042 6064 6060 6052 6045 6039 6034 6034 6036 6041 6050 6058 6064 6064 6056 6055 6062 6065 6067 6065 6055 6038
6444 6463 6528 6416 6306 6284 6349 6558 6643 6523 6464 6439 6379 6328 6298 6274 6255 6228 6192 6166 6145 6152 6171 6143 6134 6155 6259 6355 6330 6290 6261 6232 6190 6167 6172 6172 6157 6151 6136 6126 6127 6121 6117 6114 6110 6115 6103 6096 6115 6128 6141 6151 6162 6132 6100 6084 6075 6052 6036 6040 6044 6044 6052 6072 6070 6060 6052 6047 6039 6038 6042 6052 6064 6075 6084 6091 6083 6070 6061 6075 6082 6081 6075 6051
6407 6436 6450 6399 6324 6275 6328 6491 6697 6581 6498 6461 6396 6352 6314 6288 6267 6238 6207 6184 6167 6167 6170 6163 6157 6176 6232 6307 6330 6328 6302 6275 6226 6200 6196 6181 6158 6130 6127 6124 6123 6119 6114 6111 6111 6118 6123 6135 6129 6130 6134 6136 6138 6120 6108 6088 6061 6046 6058 6068 6066 6063 6064 6069 6067 6064 6060 6049 6040 6042 6049 6066 6082 6095 6105 6112 6112 6091 6088 6093 6100 6104 6102 6091
6353 6371 6395 6393 6342 6295 6306 6380 6442 6471 6456 6399 6369 6342 6317 6298 6277 6254 6224 6204 6202 6200 6188 6188 6184 6212 6264 6317 6335 6334 6313 6295 6277 6245 6228 6212 6180 6147 6133 6132 6133 6131 6122 6121 6115 6133 6141 6141 6138 6134 6130 6123 6119 6133 6113 6106 6060 6088 6114 6102 6091 6083 6075 6066 6059 6065 6073 6076 6070 6063 6070 6086 6103 6116 6124 6118 6102 6101 6105 6114 6126 6139 6143 6150
6350 6375 6386 6386 6357 6326 6319 6339 6389 6413 6390 6356 6339 6325 6313 6304 6290 6259 6234 6209 6198 6201 6217 6220 6224 6256 6271 6302 6323 6326 6316 6308 6297 6281 6259 6233 6202 6165 6150 6149 6158 6168 6174 6167 6151 6155 6156 6161 6146 6132 6121 6108 6080 6077 6080 6052 6108 6138 6144 6122 6116 6108 6097 6082 6063 6075 6095 6111 6105 6094 6094 6110 6127 6144 6157 6158 6126 6120 6123 6143 6162 6178 6186 6185
6360 6462 6470 6407 6370 6326 6312 6318 6342 6351 6330 6310 6295 6294 6302 6308 6313 6296 6242 6201 6165 6185 6243 6251 6260 6260 6266 6270 6290 6307 6317 6328 6311 6293 6272 6243 6209 6196 6174 6174 6193 6223 6239 6242 6218 6189 6182 6159 6141 6129 6116 6106 6105 6061 6081 6131 6151 6170 6147 6144 6143 6143 6142 6110 6066 6089 6118 6152 6171 6139 6131 6140 6157 6176 6193 6204 6174 6157 6162 6185 6210 6232 6243 6235
6530 6803 6675 6426 6353 6301 6290 6321 6325 6296 6277 6274 6274 6280 6292 6302 6309 6274 6239 6198 6164 6181 6238 6252 6257 6269 6268 6265 6280 6292 6300 6310 6312 6315 6282 6257 6229 6220 6200 6210 6237 6277 6338 6323 6279 6243 6229 6193 6163 6133 6108 6091 6077 6073 6110 6142 6158 6184 6179 6176 6176 6177 6173 6150 6118 6110 6138 6173 6205 6173 6158 6167 6185 6204 6224 6236 6225 6196 6204 6237 6270 6301 6325 6332
6522 6849 6730 6445 6349 6265 6222 6283 6295 6255 6239 6249 6253 6266 6282 6291 6283 6278 6241 6203 6172 6166 6212 6237 6252 6276 6269 6270 6278 6283 6283 6273 6299 6314 6286 6271 6255 6239 6228 6240 6263 6296 6330 6330 6307 6285 6272 6219 6170 6128 6102 6082 6072 6127 6159 6165 6173 6189 6199 6215 6200 6198 6212 6165 6096 6125 6149 6169 6175 6179 6176 6190 6212 6234 6252 6261 6254 6242 6262 6298 6332 6369 6405 6446
6329 6507 6500 6360 6294 6233 6175 6198 6225 6215 6205 6207 6235 6258 6282 6297 6293 6280 6248 6217 6194 6196 6217 6228 6231 6235 6257 6270 6276 6281 6283 6293 6294 6300 6282 6281 6279 6253 6250 6259 6272 6287 6300 6300 6300 6309 6274 6206 6141 6116 6100 6090 6124 6170 6196 6194 6203 6213 6206 6198 6198 6200 6213 6210 6170 6160 6168 6185 6215 6197 6198 6218 6241 6261 6274 6283 6298 6339 6349 6365 6389 6424 6459 6494
6190 6226 6254 6244 6214 6191 6166 6168 6182 6163 6152 6163 6201 6249 6287 6315 6325 6284 6257 6234 6219 6219 6219 6216 6220 6225 6244 6261 6275 6282 6291 6298 6311 6310 6288 6295 6299 6290 6282 6271 6262 6270 6265 6260 6266 6258 6253 6185 6119 6109 6112 6115 6096 6163 6200 6210 6228 6228 6206 6192 6188 6193 6204 6226 6208 6187 6180 6189 6215 6235 6224 6236 6258 6279 6298 6295 6344 6399 6412 6415 6430 6454 6487 6528
6131 6147 6169 6177 6160 6146 6146 6138 6128 6114 6107 6128 6191 6246 6283 6312 6313 6279 6257 6242 6231 6223 6217 6209 6201 6205 6234 6261 6272 6279 6291 6319 6341 6319 6327 6311 6297 6298 6281 6273 6272 6259 6248 6237 6232 6206 6208 6167 6115 6112 6131 6166 6185 6164 6168 6190 6218 6221 6211 6188 6177 6182 6194 6200 6198 6187 6177 6178 6188 6214 6231 6249 6275 6299 6340 6362 6386 6419 6436 6440 6449 6466 6490 6518
6093 6089 6095 6091 6093 6092 6097 6096 6095 6081 6079 6099 6186 6237 6265 6285 6272 6254 6252 6249 6242 6226 6216 6208 6202 6201 6218 6244 6262 6267 6275 6291 6317 6344 6334 6319 6303 6292 6284 6270 6256 6248 6240 6231 6219 6211 6195 6159 6116 6117 6143 6181 6189 6149 6129 6177 6198 6197 6197 6189 6166 6161 6157 6151 6161 6157 6157 6165 6185 6203 6223 6243 6272 6306 6345 6407 6420 6434 6447 6451 6455 6467 6488 6512
6081 6068 6059 6054 6060 6064 6068 6084 6070 6069 6072 6086 6150 6203 6238 6255 6226 6239 6251 6259 6267 6259 6224 6198 6189 6190 6200 6207 6231 6243 6249 6264 6291 6325 6325 6325 6319 6304 6288 6271 6258 6243 6231 6220 6206 6191 6174 6156 6131 6128 6140 6149 6141 6128 6129 6167 6158 6161 6173 6172 6155 6143 6135 6140 6126 6122 6129 6139 6159 6182 6203 6229 6259 6292 6320 6353 6424 6468 6449 6441 6442 6452 6476 6530
6090 6074 6051 6050 6053 6053 6060 6059 6069 6066 6072 6086 6113 6162 6209 6248 6239 6248 6256 6267 6278 6278 6259 6226 6181 6168 6178 6188 6194 6213 6224 6241 6271 6323 6342 6347 6338 6307 6290 6269 6253 6237 6225 6207 6196 6182 6174 6164 6149 6141 6135 6135 6123 6108 6094 6120 6148 6147 6142 6146 6144 6128 6120 6114 6109 6106 6112 6110 6124 6155 6177 6208 6238 6269 6306 6349 6396 6427 6426 6419 6424 6432 6446 6481
6076 6062 6048 6051 6052 6053 6055 6060 6065 6080 6082 6087 6110 6142 6177 6220 6269 6257 6259 6268 6277 6287 6294 6268 6204 6160 6133 6159 6172 6190 6204 6225 6274 6345 6378 6393 6368 6330 6308 6284 6263 6241 6227 6214 6197 6180 6168 6163 6156 6150 6140 6132 6120 6108 6095 6097 6122 6140 6138 6142 6126 6123 6119 6118 6113 6113 6110 6114 6114 6126 6155 6187 6218 6251 6297 6355 6361 6378 6395 6403 6408 6416 6432 6477
6038 6041 6044 6050 6050 6045 6051 6058 6064 6073 6081 6097 6103 6122 6143 6155 6202 6232 6250 6264 6275 6281 6276 6238 6191 6172 6175 6170 6176 6185 6188 6209 6281 6389 6459 6461 6398 6345 6330 6315 6278 6249 6233 6217 6200 6181 6166 6158 6157 6152 6152 6141 6136 6126 6122 6121 6106 6106 6138 6135 6131 6126 6122 6116 6114 6116 6111 6113 6117 6127 6151 6180 6207 6232 6254 6315 6328 6347 6366 6380 6388 6397 6412 6452
6034 6036 6040 6046 6048 6050 6052 6057 6063 6070 6077 6085 6097 6111 6122 6140 6169 6209 6243 6263 6266 6254 6227 6193 6169 6163 6164 6171 6170 6177 6186 6205 6276 6387 6469 6461 6403 6352 6325 6317 6286 6255 6241 6220 6199 6184 6175 6168 6168 6170 6172 6177 6156 6143 6139 6143 6126 6106 6121 6134 6138 6133 6126 6116 6112 6118 6114 6111 6141 6149 6162 6182 6201 6221 6244 6282 6307 6333 6353 6368 6374 6380 6389 6410
6032 6040 6041 6040 6047 6051 6053 6056 6063 6070 6075 6081 6090 6100 6110 6114 6149 6201 6247 6278 6266 6245 6194 6158 6141 6143 6150 6162 6157 6160 6174 6198 6261 6366 6422 6419 6392 6350 6309 6296 6285 6269 6252 6226 6203 6188 6179 6172 6175 6187 6178 6172 6163 6154 6147 6150 6149 6124 6119 6131 6136 6131 6129 6123 6122 6131 6124 6123 6142 6165 6180 6191 6207 6221 6243 6274 6329 6337 6353 6368 6377 6378 6383 6400
6036 6037 6040 6041 6016 6046 6055 6063 6068 6074 6071 6071 6086 6101 6111 6127 6162 6216 6264 6308 6348 6263 6198 6163 6143 6133 6132 6139 6140 6145 6155 6207 6331 6483 6497 6444 6396 6332 6294 6278 6278 6283 6261 6234 6214 6192 6178 6173 6172 6172 6174 6172 6167 6161 6154 6159 6151 6139 6133 6142 6140 6136 6133 6131 6128 6129 6133 6144 6168 6172 6180 6198 6218 6234 6241 6263 6281 6327 6357 6377 6386 6386 6383 6418
6037 6037 6044 6025 6016 6031 6062 6066 6075 6082 6081 6085 6092 6103 6131 6157 6215 6267 6289 6298 6289 6236 6179 6156 6140 6124 6113 6113 6122 6135 6160 6280 6449 6619 6585 6512 6413 6319 6263 6253 6258 6268 6262 6238 6209 6194 6184 6176 6174 6176 6176 6174 6172 6170 6168 6163 6155 6127 6141 6156 6147 6139 6139 6135 6132 6135 6143 6155 6163 6171 6179 6200 6225 6260 6290 6278 6296 6347 6386 6411 6424 6427 6411 6463
6040 6043 6049 6050 6051 6068 6094 6078 6083 6089 6093 6108 6123 6143 6223 6300 6359 6370 6344 6288 6234 6196 6158 6141 6125 6116 6104 6099 6107 6110 6151 6223 6381 6515 6550 6519 6399 6299 6237 6218 6229 6259 6265 6246 6218 6202 6191 6183 6180 6181 6182 6178 6182 6181 6180 6165 6151 6127 6140 6158 6161 6149 6145 6144 6143 6151 6159 6166 6174 6179 6179 6202 6224 6246 6272 6315 6354 6400 6435 6462 6482 6498 6520 6510
6046 6052 6059 6062 6068 6088 6120 6111 6099 6100 6115 6145 6190 6257 6446 6588 6583 6528 6440 6322 6225 6188 6157 6141 6116 6102 6088 6095 6103 6126 6165 6223 6314 6366 6423 6394 6327 6265 6217 6200 6216 6259 6278 6260 6236 6215 6199 6185 6182 6190 6208 6201 6192 6185 6174 6159 6135 6140 6149 6159 6162 6150 6151 6153 6158 6171 6183 6198 6208 6202 6207 6209 6214 6229 6277 6382 6451 6480 6504 6525 6544 6570 6572 6543
6033 6063 6076 6072 6074 6092 6125 6132 6122 6126 6148 6205 6284 6388 6621 6862 6795 6692 6576 6424 6291 6214 6156 6123 6104 6079 6074 6092 6119 6151 6252 6271 6326 6375 6370 6313 6259 6228 6200 6188 6215 6259 6287 6275 6248 6225 6212 6198 6188 6206 6225 6217 6197 6182 6183 6154 6152 6153 6157 6157 6156 6153 6158 6163 6169 6181 6195 6212 6219 6214 6215 6216 6222 6229 6306 6436 6523 6553 6572 6586 6598 6614 6627 6566
6053 6070 6077 6088 6098 6111 6132 6148 6145 6174 6215 6295 6393 6520 6731 6968 6913 6819 6722 6617 6443 6254 6159 6125 6104 6088 6074 6083 6151 6292 6437 6414 6360 6363 6333 6266 6223 6202 6186 6176 6194 6253 6290 6298 6266 6242 6236 6228 6203 6212 6231 6209 6188 6168 6150 6157 6159 6165 6166 6162 6157 6166 6169 6175 6182 6197 6215 6213 6214 6215 6215 6224 6237 6262 6374 6491 6571 6613 6623 6629 6626 6607 6597 6586
6061 6086 6104 6114 6128 6174 6191 6188 6208 6258 6349 6406 6490 6621 6787 6967 6943 6876 6815 6779 6556 6289 6173 6131 6116 6111 6092 6092 6148 6228 6324 6306 6325 6325 6291 6229 6204 6187 6175 6167 6173 6255 6353 6314 6277 6255 6248 6243 6231 6206 6183 6184 6181 6174 6168 6183 6175 6171 6169 6173 6186 6187 6185 6191 6198 6209 6225 6219 6215 6222 6232 6244 6266 6344 6482 6622 6659 6662 6669 6674 6672 6637 6637 6668
6061 6098 6128 6153 6189 6389 6460 6331 6226 6298 6445 6458 6530 6653 6795 6883 6896 6853 6794 6711 6524 6283 6183 6149 6131 6122 6109 6113 6137 6163 6211 6253 6274 6272 6240 6195 6174 6173 6179 6166 6156 6216 6280 6283 6268 6254 6242 6231 6225 6191 6160 6171 6186 6193 6198 6197 6186 6182 6183 6191 6204 6203 6202 6208 6219 6234 6247 6220 6222 6231 6246 6263 6281 6337 6473 6592 6663 6685 6698 6711 6739 6789 6789 6810
6070 6096 6130 6188 6267 6625 6805 6564 6299 6294 6339 6428 6523 6634 6776 6853 6812 6764 6711 6621 6456 6271 6198 6161 6140 6130 6115 6115 6140 6179 6222 6243 6241 6232 6215 6175 6151 6153 6166 6152 6156 6184 6217 6242 6248 6239 6234 6222 6204 6173 6165 6188 6202 6207 6206 6196 6198 6192 6190 6198 6203 6211 6215 6223 6239 6259 6261 6254 6240 6247 6261 6280 6289 6315 6471 6625 6661 6675 6690 6717 6760 6833 6850 6838
6108 6113 6145 6246 6465 6699 6817 6707 6487 6345 6311 6378 6480 6583 6683 6734 6688 6644 6601 6545 6406 6267 6212 6167 6139 6124 6110 6112 6142 6212 6264 6222 6206 6192 6172 6151 6132 6127 6133 6138 6145 6170 6199 6222 6232 6240 6231 6215 6184 6164 6198 6230 6228 6226 6222 6219 6205 6201 6205 6214 6231 6219 6220 6233 6248 6254 6254 6245 6249 6258 6277 6298 6313 6347 6466 6588 6629 6651 6671 6691 6722 6756 6817 6835
6121 6158 6194 6351 6554 6689 6796 6811 6668 6418 6303 6350 6440 6564 6671 6570 6549 6518 6470 6411 6354 6281 6219 6178 6137 6110 6107 6115 6132 6150 6164 6171 6167 6154 6137 6122 6106 6100 6100 6109 6130 6158 6192 6209 6211 6209 6206 6201 6149 6194 6246 6248 6246 6244 6235 6226 6216 6209 6210 6218 6228 6228 6226 6240 6253 6264 6257 6243 6250 6262 6283 6324 6349 6428 6449 6500 6570 6614 6644 6665 6685 6701 6801 6914
6116 6148 6204 6330 6482 6632 6768 6880 6781 6473 6328 6338 6390 6442 6477 6426 6422 6404 6365 6330 6318 6285 6236 6196 6154 6113 6109 6115 6124 6130 6129 6137 6136 6129 6117 6108 6093 6080 6080 6092 6115 6153 6167 6178 6190 6185 6175 6156 6129 6230 6273 6265 6255 6245 6242 6238 6227 6225 6226 6229 6232 6239 6243 6251 6259 6264 6260 6249 6251 6261 6276 6292 6332 6394 6438 6483 6533 6581 6615 6643 6671 6705 6775 6836
