real_craters/C212-1000m.grd
DSAA
189 189
-94.21 94.21
-94.21 94.21
8161.5997333682 11275.122268734
[rows 150 to 179 of 189, columns 0 to 66 of 189]
9313.52 9323.14 9317.03 9313.35 9312.12 9317.76 9315.13 9320.59 9317.59 9311.45 9323.05 9330.38 9340.52 9364.3 9391.2 9396.48 9389.12 9398.21 9395.63 9392.56 9395.76 9376.21 9370.12 9415.76 9472.79 9481.63 9458.03 9456.84 9455.06 9453.12 9451.91 9449.54 9469.74 9495.6 9519.49 9532.51 9530.66 9528.35 9516.96 9496.65 9514.72 9524.29 9525.39 9512.13 9492.26 9523.47 9532.22 9569.62 9589.06 9594.71 9623.25 9642.92 9675.65 9715.17 9732.23 9703.88 9684.57 9675.76 9674.26 9691.3 9700.26 9702.82 9719.52 9744.64 9753.82 9779.29 9822.62
9314.45 9305.45 9308.48 9312 9317.39 9310.09 9316.22 9320.36 9322.31 9326.68 9329.52 9338.99 9351.48 9368.04 9380.31 9384.33 9389.65 9394.5 9396.58 9393.37 9383.9 9382.27 9381.39 9417.69 9459.95 9460.56 9452.95 9449.32 9460.04 9470.31 9478.03 9478.93 9483.94 9513.94 9538.17 9550 9539.16 9509.41 9516.4 9522.34 9531.36 9542.56 9547.9 9528.73 9487.54 9553.58 9562.67 9542.9 9560.03 9581.34 9594.37 9596.48 9601.46 9643.56 9667.69 9648.38 9645.4 9638.8 9642.23 9630.78 9644.93 9668.97 9696.02 9741.58 9722.83 9752.6 9837.85
9309.03 9303.6 9311.42 9315.61 9312.64 9317.45 9310.44 9315.57 9325.47 9323.91 9336.39 9349.16 9357.39 9368.62 9384.04 9386.22 9396.1 9404.47 9406.79 9404.56 9401.28 9406.25 9414.71 9441.56 9463.29 9449.31 9452.26 9466.94 9479.25 9484.82 9485.77 9488.33 9484.04 9515.9 9553.34 9570.52 9561.66 9548.17 9526.88 9531.98 9547.39 9563.39 9577.93 9578.64 9535.06 9575.6 9586.81 9552.75 9522.23 9596.29 9586.93 9599.87 9580.19 9597.14 9614.42 9622.25 9610.26 9597.98 9583.39 9594.59 9611.33 9641.02 9664.85 9687.95 9703.52 9748.73 9817.47
9304.33 9312.45 9314.7 9314.27 9313.95 9317.01 9319.32 9322.47 9323.87 9332.85 9345.55 9360.58 9371.17 9389.88 9401.2 9405.06 9415.36 9416.84 9419.99 9424.87 9428.27 9441.27 9460.23 9475.09 9469.84 9459.07 9461.45 9467.95 9483.67 9484.85 9475.1 9441.79 9470.32 9509.94 9563.72 9586.21 9576.65 9556.44 9529.73 9547.07 9562.44 9577.53 9596.29 9603.36 9589.02 9593.66 9596.02 9582.91 9519.59 9574.87 9570.67 9572.1 9548.04 9569.84 9577.21 9570.88 9578.57 9573.2 9570.79 9582.45 9601.22 9623.72 9640.31 9641.56 9682.33 9737.49 9793.31
9312.33 9321.63 9316.22 9322.94 9319.12 9319.67 9323.58 9325.88 9335.57 9342.34 9356.48 9371.6 9397.89 9421.9 9436.97 9442.7 9428.99 9426.41 9430 9442.44 9461.5 9470.65 9474.87 9478.79 9471.55 9448.02 9423.07 9438.45 9474.09 9472.99 9471.64 9454.24 9470.29 9509.74 9564.01 9587.47 9581.12 9569.17 9560.76 9564.87 9572.06 9580.98 9591.61 9598.24 9598.33 9619.82 9625.3 9558.93 9556.61 9554.24 9573.98 9582.86 9584.59 9568.65 9546.68 9549.34 9565.19 9568.39 9573.19 9597.96 9606.86 9622.28 9640.61 9665.88 9695.24 9731.03 9770.5
9320.61 9326.89 9312.91 9320.33 9322.79 9320.35 9325.18 9331.3 9341.29 9356.45 9367.57 9393.35 9444.43 9444.31 9448.88 9444.25 9418.69 9423.03 9435.37 9451.91 9471.93 9480.54 9480.38 9475.74 9478.66 9453.97 9404.79 9403.84 9424.91 9456.2 9453.44 9448.1 9464.42 9520.13 9568.11 9590.48 9592.12 9586.59 9592.92 9586.26 9579.77 9581.52 9583.66 9595.82 9593.3 9617.89 9672.89 9599.64 9555.04 9578.2 9597.78 9605.72 9601.73 9581.11 9555.77 9557.34 9568.88 9582.64 9579.69 9578.69 9605.36 9627.18 9648.63 9674.35 9705.33 9718.2 9742.79
9316.69 9327.02 9328.2 9336.24 9343.24 9329.82 9330.5 9363.63 9351.03 9350.95 9359.89 9380.7 9404.05 9454.14 9450.53 9412.41 9398.03 9418.19 9436.73 9452.4 9470.19 9479.87 9477.62 9476.76 9472.35 9454.47 9426.42 9423.91 9442.86 9450.52 9463.2 9475.87 9491.82 9565.24 9599.61 9608.16 9607.9 9598.43 9575.97 9571.13 9573.86 9579.13 9584.82 9574.08 9597.27 9610.49 9634.92 9610.79 9558.67 9578.91 9582.99 9599.08 9593.07 9592.26 9587.87 9569.45 9575.08 9593.45 9586.8 9586.43 9608.52 9630.69 9653.32 9669.25 9678.19 9709.44 9727.92
9331.96 9362.57 9366.74 9371.39 9369.84 9369.64 9352.36 9335.08 9346.32 9345.48 9354.65 9374.8 9429.53 9441.9 9436.65 9417.1 9405.71 9414.89 9431.79 9449.97 9466.26 9475.96 9477.42 9464.45 9451.23 9447.55 9449.64 9448.61 9408.18 9430.67 9448.34 9468.47 9495.35 9553.78 9606.12 9595.98 9585.9 9574.03 9555.61 9553.67 9562.15 9572.37 9587.79 9585.1 9601.4 9613.65 9614.83 9646.46 9585.25 9615.75 9621.51 9612.66 9602.84 9590.2 9573.67 9561.17 9578.37 9575.79 9576.48 9588.04 9609.16 9631.44 9655.7 9683.05 9706.43 9713.35 9729.02
9370.61 9378.85 9387.28 9381.77 9372.15 9363.28 9353.2 9350.42 9361.4 9370.15 9385.85 9420.89 9445.59 9444.68 9444.97 9450.96 9412.82 9421.52 9433.38 9447.72 9463.45 9480.69 9480.79 9485.73 9463.09 9434.66 9403.03 9372.42 9389.15 9419.62 9447.41 9465.46 9496.4 9527.94 9539.34 9538.54 9537.03 9534.71 9524.01 9530.17 9542.12 9556.18 9575.35 9587.93 9599.47 9615.89 9622.07 9634.09 9613.03 9615.59 9627.36 9612.83 9603.44 9568.04 9530.73 9580.36 9596.82 9581.86 9577.83 9585.23 9606.09 9626.17 9650.82 9677.08 9701.31 9715.02 9734.28
9373.48 9395.72 9373.59 9362.82 9362.32 9361.48 9367.85 9365.17 9376.6 9394.46 9416.15 9438.22 9457.46 9435.56 9428.67 9442.16 9437.9 9433.69 9439.89 9447.91 9452.79 9446.86 9474.98 9481.75 9461.26 9423.45 9380.49 9356.46 9370.72 9423.97 9451.75 9473.69 9481.66 9489.44 9498.15 9489.12 9487.7 9487.34 9498.6 9514.41 9528 9537.87 9548.43 9573 9595.34 9611.1 9631.51 9637.75 9618.42 9599.22 9597.94 9612.19 9579.46 9555.53 9546.57 9587.56 9594.13 9592.47 9575.21 9570.66 9593.07 9614.88 9640.25 9669.98 9693.22 9703.59 9717.33
9369.82 9376.63 9365.07 9355.61 9353.79 9351.9 9360.97 9379.15 9393.91 9423.06 9451.89 9458.98 9431.63 9367.31 9387.08 9419.12 9432.85 9436.97 9442.67 9454.01 9461.66 9474.6 9483.95 9486.76 9464.67 9416.99 9372.53 9343 9363.33 9370.98 9434.89 9501.51 9503.38 9497.14 9473.27 9454.46 9451.1 9472.41 9489.32 9501.51 9516.35 9533.44 9554.18 9579.74 9586.62 9596.99 9600.39 9584.14 9597.4 9577.29 9582.63 9586.16 9588.92 9565.93 9550.76 9559.34 9557.26 9542.91 9534.41 9543.59 9571.59 9603.24 9622.53 9639.55 9663.8 9679.37 9692.25
9368.05 9385.22 9375.55 9354.88 9350.48 9357.69 9369.43 9383.95 9404.77 9435.88 9456.24 9435.64 9389.44 9342.94 9363.57 9403.2 9407.97 9429.42 9444.33 9458.92 9476.12 9491.53 9491.15 9469.35 9445.6 9420.34 9388.32 9356.87 9374.69 9393.49 9465.92 9518.63 9504.52 9506.5 9458.49 9435.59 9442.77 9449.82 9473.05 9492.91 9511.91 9533.75 9568.65 9575.39 9578.41 9579.06 9567.99 9546.02 9548.33 9556.45 9580.49 9594.09 9608.48 9585.18 9535.54 9543.94 9527.15 9502.28 9510.18 9534.17 9581.26 9601.14 9609.47 9614.32 9633.86 9658.03 9676.18
9371.68 9376.62 9374.46 9358.49 9358.73 9368.41 9379.92 9394.61 9401.33 9430.4 9443.63 9423.25 9392.43 9374.53 9420.97 9419.61 9416.2 9422.14 9435.59 9451.98 9476.58 9509.47 9500.96 9463.43 9451.31 9437.36 9422.9 9429.03 9435.71 9460.99 9489.91 9504.18 9454.56 9445.36 9441.76 9438.6 9442.77 9446.38 9464.98 9483.04 9501.61 9522.38 9537.2 9562.92 9569.45 9569.27 9564.3 9550.26 9553.39 9540.76 9586.58 9605.17 9603.66 9580.28 9537.2 9538.25 9516.26 9496.62 9530.19 9555.14 9597.13 9605.99 9606.85 9612.35 9627.5 9645.76 9665.09
9380.05 9375.79 9359.4 9362.4 9369.44 9379.02 9388.6 9400.47 9403.27 9426.48 9439.44 9433.67 9426.13 9440.43 9440.29 9424.53 9410.99 9421.66 9430.7 9440.15 9453.45 9472.77 9471.02 9472.28 9472.58 9452.56 9440.53 9432.47 9449.46 9476.14 9486 9476.8 9421.9 9410.74 9438.68 9471.72 9461.72 9462.97 9469.37 9478.89 9491.54 9501.87 9527.59 9556.73 9565.11 9571.35 9569.28 9584.82 9576.31 9559.98 9577.14 9598.03 9599.74 9591.79 9554.27 9551.8 9542.78 9544.43 9556.68 9582.95 9604.47 9605.4 9598.03 9598.52 9605.53 9624.72 9654.92
9383.54 9390.27 9376.6 9375.99 9389.82 9389.81 9392.33 9402.24 9420.92 9433.4 9445.06 9450.87 9448.8 9445.4 9437.87 9417.98 9410 9420.37 9421.83 9421.43 9416.59 9405.56 9405.71 9431.38 9463.84 9455.84 9448.43 9454.67 9458.75 9477.87 9478.53 9450.17 9367.92 9405.63 9424.19 9447.4 9471.21 9472.92 9462.61 9466.55 9477.32 9492.5 9511.46 9535.96 9553.59 9574.25 9597.29 9603.3 9594.24 9570.54 9580.85 9588.46 9594.19 9608.13 9591.89 9577.2 9582.37 9567.83 9584.89 9571.16 9602 9593.19 9579.93 9579.63 9596.66 9622.44 9651.49
9395.34 9398.05 9392.29 9390.84 9394.53 9396.17 9397.48 9409.46 9424.77 9436.63 9450.82 9461.79 9456.58 9447.76 9426.27 9420.46 9411.96 9413.33 9413.82 9409.33 9395.87 9357.66 9328.58 9401.83 9433.03 9442.66 9442.47 9432.29 9433.39 9457.06 9409.34 9370.2 9354.51 9387.07 9417.95 9431.9 9438.97 9428.45 9445.31 9453.14 9458.23 9475.94 9479.46 9511.7 9545.27 9578.77 9608.81 9616.97 9574.37 9590.51 9582.68 9572.24 9575.02 9615.6 9597.65 9570.94 9560.92 9498.23 9468.75 9515.13 9552.93 9569.2 9563.06 9567.76 9600.57 9632.19 9652.55
9393.99 9398.04 9393.34 9391.61 9392.78 9401.59 9411.29 9417.27 9422.66 9435.2 9455.32 9464.78 9455.78 9445.81 9437.77 9430 9417.5 9409.27 9414.66 9412.69 9402.99 9403.72 9413.64 9422.16 9424.12 9436.28 9442.13 9443.83 9433.09 9450.57 9437.3 9394.38 9380 9406.32 9435.15 9452.17 9431.91 9435.98 9447.47 9448.68 9442.69 9447.2 9470.92 9502.05 9537.05 9574.54 9599.89 9584.5 9568.64 9557.64 9540.56 9536.57 9553.13 9576.7 9552.78 9529.84 9484.47 9437.14 9436.21 9481.19 9529.63 9565 9572.2 9577.83 9598.46 9621.76 9645.16
9388.97 9382.75 9390.31 9392.75 9396.07 9404.8 9406.22 9413.82 9418.09 9440.74 9448.12 9451.99 9450.57 9448.52 9446.73 9443.07 9440.94 9431.55 9432.66 9430.77 9422.61 9426.74 9433.74 9447.25 9437.93 9444.1 9443.6 9437.6 9416.34 9447.01 9452.02 9421.99 9399.31 9423.54 9460.04 9501.52 9503.8 9491.4 9469.54 9456.09 9447.61 9462.99 9473.14 9510.8 9540.6 9568.95 9593.98 9592.72 9523.45 9565.54 9563.93 9538.84 9543.54 9508.69 9512.98 9479.26 9449.5 9424.38 9440.37 9490.33 9543.89 9566.48 9586.34 9595.84 9594.49 9592.58 9637.15
9416.99 9410.93 9406.31 9407.46 9407.45 9411.03 9406.93 9405.7 9405.43 9433.16 9445.55 9447.44 9450.94 9449.76 9456.8 9464.09 9465.53 9464.59 9457.98 9455.59 9454.44 9455.02 9466.36 9475.82 9475.54 9462 9447.1 9432.14 9418.61 9435.7 9444.91 9440.47 9427.21 9446.83 9475.99 9508.66 9515.65 9509.12 9491.13 9475.39 9464.74 9503.26 9515.36 9517.73 9534.88 9555.2 9569.4 9558.24 9555.94 9578.07 9557.21 9522.58 9516.65 9510.53 9482.18 9458.42 9449.73 9486.18 9484.79 9515.71 9546.55 9554.71 9568.13 9589 9602.16 9619.34 9640.5
9421.4 9418.45 9415.83 9415.16 9409.84 9412.59 9408.63 9402.3 9395.35 9416.56 9440.21 9447.87 9459.59 9461.32 9462.34 9478.2 9481.13 9481.29 9478.55 9477.05 9480.09 9491.69 9500.91 9496.94 9489.68 9474.45 9453.27 9435.84 9434.42 9442.43 9446.75 9447.71 9457.19 9464.74 9485.2 9511.84 9517.12 9512.8 9507.23 9502.9 9494.24 9507.69 9515.79 9518.1 9524.72 9539.15 9552.77 9551.15 9547.21 9540.29 9511.06 9445.82 9492.75 9490.69 9475.09 9501.79 9519.38 9517.59 9521.61 9535.46 9556.19 9556.27 9578.56 9596.27 9613.53 9631.21 9647.02
9418.73 9415.39 9410.91 9398.5 9411.38 9413.75 9400.17 9403.63 9384.08 9406.67 9446.53 9457.73 9469.85 9471.29 9460.96 9465.64 9474.62 9490.71 9489.84 9490.03 9492.12 9496.38 9492.77 9497.52 9491.31 9480.45 9465.76 9448.03 9452.32 9449.77 9454.87 9434.74 9461.85 9479.5 9497.01 9506.59 9504.05 9509.72 9519.37 9529.68 9543.33 9527.47 9508.3 9518.3 9519.31 9519 9526.24 9502.88 9488.99 9467.62 9467.31 9460.44 9476.31 9504.86 9529.84 9522.27 9516.45 9519.14 9532.91 9539.97 9545.07 9570.49 9590.05 9606.17 9619.23 9633.02 9647.43
9421.71 9424.42 9416.08 9408.21 9416.63 9411.4 9403.29 9392.24 9381.28 9383.14 9439.8 9476.19 9474.7 9473.85 9467.18 9457.65 9466.7 9486.78 9496.25 9499.65 9499.6 9495.78 9507.86 9505.62 9506.34 9501.63 9485.54 9466.74 9459.31 9458.36 9451.14 9454.05 9474.45 9491.89 9504.08 9483.65 9506.28 9521.21 9523.1 9526.33 9558.83 9546.25 9543.41 9525.48 9507.2 9492.69 9466.95 9464.88 9461.07 9462.8 9462.47 9468.69 9486.68 9522.69 9527.39 9532.52 9525.77 9546.47 9548.43 9547.98 9542.49 9560.14 9594.95 9613.91 9626.94 9633.82 9656.18
9435.4 9431 9423.72 9422.97 9423.01 9424.33 9409.07 9395.57 9386.16 9383.38 9434.94 9470.2 9472.05 9472.59 9477.02 9458.08 9468.11 9491.35 9499.76 9505.29 9507.75 9502.66 9497.55 9505.54 9522.97 9527.55 9503.26 9483.18 9472.42 9456.55 9458.53 9477.9 9494.58 9501.09 9502.98 9474.87 9526.29 9536.59 9529.38 9511.16 9467.25 9564.83 9562.56 9522.23 9486.82 9457.13 9440.42 9450.01 9459.14 9462.85 9467.89 9474.39 9479.95 9501.95 9505.79 9486.49 9509.36 9562.16 9568.57 9560.49 9554.48 9584.81 9604.56 9625.33 9643.31 9666.45 9687.3
9428.58 9427.81 9428.26 9428.73 9416.52 9411.11 9404.91 9397.23 9388.51 9377.2 9416.02 9462.87 9486.66 9484.67 9480.33 9473.5 9473.64 9488.14 9502.76 9510.23 9519.76 9529.62 9513.1 9503.76 9527.36 9536.26 9511.08 9483.24 9480.63 9445.75 9444.06 9479.4 9502.67 9509.05 9510.29 9527.79 9552.76 9554.09 9551.24 9542.03 9520.89 9565.6 9545.11 9501.27 9453.73 9419.16 9441.28 9470.16 9480.66 9497.53 9483.96 9501.17 9500.57 9494.06 9503.65 9496.3 9526.09 9581.31 9582.74 9576.83 9576.24 9604.42 9626.72 9637.12 9651.03 9671.13 9684.15
9427.8 9432.39 9432.92 9425.34 9418.96 9418.61 9406.44 9392.67 9393.77 9373.81 9405.49 9447.2 9453.36 9486.18 9475.68 9481.48 9474.74 9480.84 9497.01 9504.3 9514.96 9522.12 9520.51 9521.86 9528.38 9525.23 9522.5 9510.89 9502.88 9488.67 9483.27 9502.7 9514.7 9518.57 9518.11 9537.94 9558.67 9566.12 9572.45 9586.46 9574.19 9549.14 9523.98 9476.8 9424.71 9376.33 9367.01 9470.6 9478.26 9497.02 9494.76 9507.95 9512.67 9506.07 9504.39 9526.11 9553.59 9575.95 9590.22 9591.51 9594.42 9613.19 9633.54 9639.91 9647.11 9651.27 9646.87
9431.66 9439.21 9437.23 9425.11 9413.39 9404.93 9403.85 9402.69 9393.26 9371.5 9435.18 9504.86 9582.33 9532.45 9575.47 9512.87 9494.57 9480.52 9485.01 9495.14 9503.29 9509.54 9522.23 9537.11 9545.12 9550.56 9542.49 9529.88 9519.71 9514.21 9468.25 9512.7 9522.79 9529.1 9519.81 9517.74 9566.66 9574.18 9580.21 9596.02 9607.7 9561.65 9526.38 9482.69 9431.96 9378.8 9398.08 9492.32 9460 9490.32 9528.64 9505.73 9493.19 9510.09 9532.12 9551.58 9577.12 9596.42 9603.78 9604.67 9607.86 9620.65 9630.87 9637.42 9642.99 9647.46 9660.95
9442.29 9450.34 9447.57 9427.38 9409.63 9404.26 9407.62 9398.28 9383.76 9404.17 9525.53 9516.24 9472.4 9507.78 9490.31 9520.18 9521.7 9498.95 9485.74 9487.9 9494.88 9508.34 9524.74 9541.19 9559.11 9573.13 9564.61 9541.84 9522.25 9552.53 9532.32 9536.58 9540.66 9542.85 9548.83 9563.93 9580.61 9577.49 9573.28 9554.13 9569.63 9571.43 9550 9513.81 9470.11 9434.1 9437.29 9537.34 9463.95 9487.7 9548.2 9539.34 9526.39 9518.47 9508.25 9511.47 9561.13 9594.59 9607.87 9609.51 9612.17 9612.24 9625.87 9634.32 9640.05 9641.9 9625.79
9438.91 9455.47 9461.36 9446.74 9431.86 9426.39 9445.29 9418.48 9386.22 9503.18 9531.29 9487.2 9473.52 9474.41 9466.04 9478.08 9516.33 9547.7 9494.66 9491 9498.13 9512.26 9530.08 9547.59 9570.51 9587.81 9593.87 9574.99 9551.47 9545.97 9569.44 9580.06 9566.08 9558.96 9571.64 9581.54 9570.36 9584.77 9586.27 9574.04 9576.77 9615.09 9585.84 9558.66 9536.4 9524.31 9505.38 9514.9 9464.07 9538.99 9562.4 9583.14 9562.08 9534.91 9513.87 9503.26 9515.87 9564.55 9590.87 9597.37 9605.88 9620.56 9624.65 9631.67 9638.56 9648.77 9667
9435.21 9449.81 9465.09 9461.43 9464.99 9485.62 9497.5 9467.1 9439.68 9605.8 9471.31 9476.08 9479.52 9470.22 9460.95 9458.38 9500.28 9565.44 9507.01 9502.7 9509.36 9524.61 9542.01 9554.53 9588.12 9605.03 9627.44 9613.11 9586.91 9596.18 9602.32 9595.34 9580.95 9573.55 9569.42 9563.48 9622.68 9647.6 9621.29 9602.42 9638.95 9621.65 9600.94 9589.25 9585.29 9589.56 9594.89 9532.15 9514.15 9501.55 9525.78 9540.89 9552.74 9558.39 9544 9531.72 9514.34 9542.89 9568.68 9580.99 9590.39 9615.7 9622.77 9624.87 9638.94 9657.66 9677.63
9437.14 9441.13 9444.96 9454.83 9463.65 9489.99 9527.03 9521.66 9500.03 9512.87 9476.03 9483.82 9490.67 9477.11 9467.41 9461.37 9485.72 9542.85 9540.11 9516.28 9513.78 9537.8 9562.91 9602.6 9612.27 9630.99 9647.66 9623.34 9598.31 9598.07 9602.94 9600.91 9590.17 9577.26 9596.84 9605.84 9639.96 9659.84 9635.47 9632.91 9610.21 9596.27 9594 9593.21 9597.31 9614.28 9612.43 9607.87 9582.39 9555.61 9538.72 9535.18 9557.55 9577.02 9592.21 9566.38 9525.7 9533.74 9546.09 9567.5 9565.4 9546.75 9585.81 9593.41 9620.21 9654.19 9691.44
