real_craters/C212-500m.grd
DSAA
660 660
-164.8675 164.8675
-164.8675 164.8675
4240.9100519784 7725.3046017205
[rows 180 to 209 of 660, columns 469 to 535 of 660]
5785.19 5779.3 5774.43 5778.84 5786.66 5793.05 5798.83 5804.5 5809.92 5816.13 5820.39 5823.22 5821.56 5814.16 5801.32 5796.32 5792.67 5789.3 5786.74 5800.69 5816.47 5836.4 5854.63 5825.22 5799.62 5823.8 5847 5838.02 5810.99 5794.79 5813.53 5808.66 5829.79 5852.41 5836.24 5822.7 5886.87 5861.22 5758.37 5724.33 5713.85 5705.42 5701.01 5700.49 5698.01 5699.71 5698.79 5697.37 5702.59 5698.56 5694.47 5690.68 5690.23 5683.38 5684.21 5675 5673.38 5669.81 5661.99 5651.91 5639.93 5629.01 5620.89 5619.52 5617.73 5614.46 5610.64
5791.35 5782.4 5776.49 5780.21 5786.66 5797.07 5804.8 5812.43 5820 5827.54 5835.06 5842.14 5847.51 5844.58 5834.22 5810.85 5798.64 5792.03 5794.97 5807.25 5820.95 5834.12 5845.84 5818.95 5816.21 5828.7 5836.25 5830.41 5822.82 5819.77 5823.55 5833.77 5853.8 5856.76 5864.95 5873.26 5925.25 5878.23 5755.04 5723.13 5708.25 5701.67 5701.63 5705.81 5703.78 5703.17 5702.03 5702.71 5700.6 5699.39 5697.14 5692.74 5685.62 5684.76 5682.95 5679.75 5671.78 5666.57 5659.11 5647.82 5637.98 5629.04 5622.66 5620.09 5618.28 5614.61 5610.18
5796.76 5784.94 5779.5 5781.78 5788.27 5800.1 5808.45 5817.12 5826.11 5835.59 5845.84 5857.33 5870.52 5882.83 5844.2 5822.81 5805.37 5792.05 5792.44 5811.33 5822.48 5824.44 5828.56 5876.13 5852.96 5840.57 5838.85 5830.17 5811.44 5822.1 5840.71 5860.31 5866.59 5868.59 5898.53 5927.51 5922.35 5859 5751.42 5723.87 5706.27 5698.19 5703.65 5702.61 5706.06 5707.79 5710.66 5707.71 5705.91 5702.81 5700.46 5693.4 5688.75 5679.61 5676.18 5668.41 5660.28 5651.91 5645.96 5642.39 5635.81 5629.4 5624.57 5622.57 5620.52 5616.64 5612.08
5801.81 5787.55 5783.19 5784.56 5790.17 5797.51 5812.03 5821.04 5829.63 5839.62 5850.4 5862.02 5873.33 5875.34 5851.11 5829.65 5811.87 5799.66 5799.48 5810.22 5814.17 5813.05 5821.42 5869.77 5847.25 5838.36 5838.94 5833.7 5825.31 5844.01 5877.18 5875 5869.92 5888.28 5924.7 5932.56 5893.47 5813.3 5752.78 5726.31 5713.42 5706.14 5705.32 5709.74 5712.35 5712.1 5711.82 5712.76 5713.18 5709.79 5706.61 5703.19 5691.3 5683.2 5670.88 5660.11 5653.09 5646.72 5644.37 5639.45 5634.42 5629.89 5628.19 5627.07 5624.21 5619.9 5615.57
5805.45 5791.79 5786.16 5787.69 5797.62 5805.15 5813.58 5822.44 5831.64 5841.13 5850.72 5859.66 5864.58 5861.8 5848.43 5832.91 5817.68 5803.31 5803.06 5813.02 5806.73 5799.75 5811.41 5811.92 5811.83 5820.22 5826 5827.37 5828.89 5860.67 5896.19 5887.65 5889.86 5913.22 5953.78 5941.18 5873.93 5794.19 5748.41 5729.24 5719.24 5713.63 5716.05 5717.6 5716.49 5717.19 5717.03 5716.84 5717.05 5715.67 5711.03 5706.89 5702.59 5692.87 5672.55 5664.04 5653.47 5646.34 5642.32 5637.93 5633.41 5629.8 5630.83 5632.04 5627.73 5624.33 5620.7
5805.32 5790.07 5786.81 5793.99 5802.5 5810.28 5818.57 5826.59 5835.62 5843.12 5850.11 5855.78 5857.39 5851.68 5845.11 5835.52 5824.87 5816.09 5807.45 5800.36 5793.67 5786.07 5797.99 5816.73 5796.71 5803.5 5812.42 5820.89 5836.78 5861.17 5884.37 5894.04 5909.02 5952.48 5993.6 5948.74 5853.9 5774.29 5740.46 5728.77 5726.53 5726.83 5725.6 5724.36 5723.79 5724.18 5723.44 5724.33 5723.63 5722.07 5715.97 5712.05 5710.42 5700.42 5676.67 5666.71 5655.99 5645.66 5641.49 5637.92 5633.92 5629.37 5624.98 5629.5 5630.08 5629.47 5628.37
5808.75 5791.64 5791.59 5801.8 5811.59 5819.72 5826.24 5832.81 5838.74 5843.92 5848.25 5851.65 5857.83 5858.07 5847.32 5837.8 5830.39 5822.62 5811.41 5796.9 5786.26 5780.02 5798.85 5815.14 5785.87 5790.08 5802.75 5819.72 5838.63 5850.79 5872.24 5890.65 5936.12 5968.71 5920.55 5880.53 5817.62 5756.81 5738.79 5733.98 5733.74 5733.39 5734.68 5733.65 5732.83 5731.76 5729.26 5728.15 5729.83 5734.21 5730.26 5725.27 5719 5706.37 5687.22 5671.44 5661.45 5652.81 5643.58 5639.7 5636.38 5632.76 5629.37 5629.64 5632.17 5633.21 5634.44
5826.07 5794.23 5802.77 5813.23 5822.13 5826.33 5833.69 5839.13 5842.18 5844.9 5846.3 5845.88 5843.08 5844.49 5844.09 5838.38 5832.09 5826.23 5812.54 5798.1 5783 5776.79 5810.77 5807.09 5777.1 5781.88 5795.61 5815.13 5828.12 5820.47 5831.68 5859.68 5860.31 5840.64 5808.83 5802.79 5784.18 5756.87 5743.19 5739.08 5738.55 5740.8 5741.25 5739.94 5738.36 5731.39 5736.21 5725.69 5731.86 5735.24 5766.2 5745.23 5722.5 5703.59 5687.15 5677.48 5668.91 5655 5646.63 5642.32 5640.32 5640.23 5638.5 5635.09 5634.7 5635.9 5638.39
5881.7 5830.31 5835.61 5838.24 5838.1 5839.63 5841.69 5844.55 5846.26 5847.03 5846.15 5844.11 5839.56 5845.9 5844.3 5839.65 5832.34 5822.64 5813.3 5800.17 5783.58 5775.58 5817.82 5799.64 5769.79 5775.17 5786.22 5797.91 5814.23 5827.95 5831.29 5839.64 5835.5 5800.39 5783.36 5775.24 5768.28 5757.22 5744.85 5743.6 5739.05 5735.33 5734.09 5732.81 5730.69 5727.78 5723.72 5719.05 5712.03 5710.49 5717.52 5750.76 5747.92 5709.92 5682.34 5673.29 5667.15 5658.82 5649.09 5644.46 5642.6 5643.01 5642.77 5639.31 5636.7 5636.57 5638.08
5948.91 5950.13 5887.28 5865.42 5858.49 5854.4 5853.54 5853.94 5853.97 5853.3 5850.39 5847.98 5846.39 5847.17 5847.13 5843.3 5837.2 5829.64 5819.92 5811.12 5796.93 5778.32 5808.06 5788.76 5766.89 5771.24 5780.26 5793.34 5801.59 5800.6 5814.9 5822.1 5823.19 5801.54 5781.36 5777.43 5765.69 5757.97 5746.9 5743.28 5740.22 5739.68 5736.01 5733.31 5731.74 5718.72 5714.13 5716.88 5707.27 5696.14 5705.52 5782.44 5825.19 5739.62 5685.51 5671.75 5667.56 5657.8 5648.53 5645.75 5643.45 5640.38 5639.37 5637.95 5636.49 5634.57 5634.23
5925.01 5928.26 5900.47 5880.42 5870.84 5866.28 5862.56 5859.56 5859.26 5858.8 5857.66 5855.58 5854.36 5856.73 5854.28 5849.53 5845.12 5840.24 5830.2 5834.87 5833.76 5798.1 5798.61 5780.38 5774.32 5773.36 5777.56 5784.01 5798.83 5809.63 5814.43 5824.12 5835.35 5863.12 5838.1 5802.92 5767.65 5750.2 5746.57 5746.31 5743.33 5736.75 5733.72 5730.9 5728.93 5721.11 5718.32 5713.7 5709.23 5707.59 5748.4 5843.2 5898.03 5762.31 5687.77 5670.81 5668.6 5659.8 5651.81 5648.75 5646.37 5643.09 5641.13 5639.61 5636.5 5632.56 5628.87
5873.76 5883.52 5886.06 5879.19 5873.14 5866.92 5865.28 5864.94 5865.41 5866.3 5867.31 5868.63 5872.46 5873.56 5865.47 5857.93 5853.68 5854.06 5861.02 5884.59 5907.39 5876.11 5771.36 5764.27 5777.44 5779.84 5780.85 5784.97 5802.4 5815.55 5818.17 5828.15 5855.79 5923.65 5907.63 5845.09 5769.59 5744.35 5748.04 5746.72 5739.74 5735.52 5732.39 5726.78 5726.36 5727.28 5731.7 5734.27 5735.31 5741.75 5804.22 5911.07 5942.85 5757.05 5685.45 5666.92 5661.84 5659.25 5654.85 5652.65 5651.06 5649.68 5646.25 5642.87 5639.48 5635.69 5629.75
5856.36 5866.07 5877.78 5873.81 5874.1 5868.25 5868.21 5869.28 5871.49 5874.61 5879.13 5884.19 5886.1 5884.78 5877.94 5866.99 5858.53 5863.22 5881.56 5926.77 5978.54 5989.18 5745.98 5748.07 5778.04 5788.46 5788.72 5788.88 5804.71 5813.66 5814.97 5826.37 5871.8 6046.47 6018.23 5882.45 5771.37 5749.8 5748.86 5749.2 5744.66 5741.12 5738.91 5737.32 5740.95 5745.56 5750.63 5761.86 5780.15 5818.72 5894.87 5989.81 5987.69 5774.6 5693.77 5663.86 5661.75 5659.82 5658.36 5657.54 5656.16 5655.22 5651.13 5647.48 5645.41 5643.23 5637.47
5851 5854.85 5864.16 5871 5876.37 5881.23 5883.9 5885.52 5881.91 5886.48 5891.61 5896.76 5898.87 5901.92 5895.29 5879.49 5861.13 5868.39 5889.1 5937.78 5982.83 5940.72 5727.61 5744.28 5792.27 5799.67 5797.16 5798.05 5806.56 5812.01 5810.26 5816.28 5863.5 5973.47 5983.32 5876.74 5775.68 5751.76 5755.79 5754.06 5753.07 5750.46 5746.62 5746.3 5750.1 5756.98 5765.62 5782.88 5812.61 5868.75 5952.87 6054.03 6081.53 5875.22 5724.6 5659.92 5657.78 5660.84 5665.04 5663.75 5661.85 5659.61 5656.89 5653.7 5654.04 5656.74 5653.09
5830.31 5844 5854.13 5861.08 5866.74 5876 5880.11 5884.02 5890.48 5896.75 5905.06 5914.64 5935.45 5934.82 5920.17 5902.95 5879.38 5881.5 5893.43 5925.25 5944.3 5853.57 5732.5 5755.94 5799.05 5806.49 5802.54 5803.53 5807.74 5809.64 5809.86 5812.09 5837.75 5888.74 5892.78 5848.9 5774.12 5757.92 5758.35 5758.97 5761.17 5760.96 5760.07 5758.65 5762.55 5768.42 5779.3 5795.95 5822.42 5860.17 5939.7 6029.68 6068.87 5961.38 5780.34 5665.24 5659.5 5662.14 5667.1 5670.12 5668.89 5665.83 5665.26 5663.65 5666.48 5676.26 5669.61
5833.36 5842.69 5851.63 5858.55 5865.28 5870.68 5876.14 5882.45 5890.77 5900.14 5914.35 5941.56 5990.06 5962.26 5939.04 5927.91 5928.84 5900.06 5894.49 5903.97 5905.44 5813.56 5767.8 5783.96 5802.84 5806.94 5802.07 5803.23 5809.38 5813.44 5817.17 5824.5 5830.97 5843.49 5857.83 5838.02 5812.87 5777.96 5770.07 5770.36 5772.88 5771.34 5768.86 5768.05 5770.01 5774.75 5784.98 5801.58 5823.8 5854.35 5894.91 5928.1 5959.93 5970.49 5829.35 5680.49 5666.64 5664.77 5675.28 5679.54 5678.11 5672.53 5671.47 5682.24 5696.21 5690.42 5708.69
5843.9 5847.86 5853.75 5859.22 5864.68 5870.29 5876.49 5882.71 5891.01 5900.2 5912.73 5930.62 5952.8 5951.89 5937.66 5923.03 5909.21 5899.87 5886.61 5877 5872.59 5886.54 5847.84 5826.23 5817.53 5808.11 5803.01 5805.77 5815.97 5820.63 5823.57 5827.9 5835.01 5838.9 5829.02 5817.39 5797.81 5798.09 5797.47 5792.19 5782.02 5772.8 5768.06 5771.96 5770.98 5775.43 5782.06 5795.17 5814.84 5835.99 5846.46 5853.67 5885.56 5921.96 5841.53 5695.88 5679.3 5676.17 5685.85 5689.69 5686.69 5673.81 5657.07 5653.02 5652.85 5614.9 5676.3
5852.5 5853.49 5855.04 5857.86 5862.25 5868.21 5874.66 5882.31 5889.34 5896.65 5904.26 5911.66 5918.24 5928.99 5925.84 5913.94 5900.31 5886.98 5867.8 5848.66 5846.39 5961.29 5913.15 5860.64 5826.23 5805.45 5800.62 5804.34 5814.47 5827.66 5830.57 5831.98 5833.86 5831.36 5820.87 5817.81 5811.37 5825.4 5831.04 5804.95 5784.38 5772.78 5767.41 5764.99 5772.52 5764.42 5774.15 5782.03 5787.42 5797.28 5803.71 5802.59 5825.8 5840.56 5789.8 5717.62 5697.25 5687.41 5690.06 5690.37 5686.45 5663.98 5625.87 5569.89 5485.59 5460.59 5472.22
5859.44 5856.75 5856.42 5858.66 5862.48 5867.75 5873.73 5880.02 5886.65 5892.52 5896.97 5900.53 5908.3 5916.17 5916.44 5908.11 5893.52 5874.73 5850.8 5829.59 5830.62 5930.78 5916.15 5871.5 5829.68 5803.1 5800.79 5805.92 5814.81 5830.13 5840.21 5839.95 5834.25 5828.69 5840.46 5866.23 5891.93 5882.02 5820.8 5777.09 5771.19 5763.24 5757.38 5758.56 5759.22 5760.62 5761.45 5768.84 5759.94 5764.86 5778.77 5782.95 5788.39 5784.93 5755.32 5725.2 5706.04 5693.1 5681.98 5677.95 5676.91 5654.35 5614.91 5552.81 5465.4 5441.38 5472.3
5858.6 5854.8 5856.26 5860.35 5864.13 5868.89 5874.36 5879.7 5885.69 5891.52 5895.74 5900.5 5906.55 5911.01 5912.98 5906.91 5890.65 5871.65 5842.3 5822.39 5830.85 5890.2 5896.17 5869.27 5829.71 5802.96 5803.84 5810.48 5826.8 5833.7 5838.69 5839.35 5839.16 5842.52 5887.1 5980.89 6058.72 5974.03 5872.68 5804.95 5780.18 5766.62 5759.74 5756.22 5753.94 5754.88 5756.23 5760.99 5758.45 5758.9 5766.55 5764.38 5767.49 5758.8 5745.16 5714.72 5700.84 5695.27 5688.23 5682.22 5673.43 5657.66 5636.45 5615.91 5613.06 5602.68 5628.2
5851.08 5850.85 5856.4 5861.53 5866.94 5872.71 5878.01 5883.18 5888.27 5894.01 5899.12 5900.83 5902.62 5908.04 5913.75 5914.4 5891.56 5858.31 5837.77 5820.9 5834.45 5884.05 5882.95 5862.53 5829.76 5805.28 5801.4 5806.72 5816.94 5821.41 5818.37 5834.41 5844.55 5845.77 5932.83 6103.08 6157.72 6033.2 5917 5837.57 5790.51 5769.37 5759.44 5754.71 5753.19 5751.48 5751.02 5752.78 5757.2 5755.32 5759.74 5765.16 5751.35 5739.08 5724.68 5712.1 5697.86 5692.45 5686.8 5678.34 5667.3 5663.07 5660.97 5670.03 5703 5711.59 5702.76
5855.7 5853.74 5857.65 5862.25 5867.43 5872.4 5876.06 5880.82 5885.29 5890.09 5897.07 5893.56 5897.66 5905.65 5914.34 5921.59 5913.11 5875.04 5850.51 5823.41 5845.35 5885.33 5874.15 5856.03 5827.81 5801.71 5784.08 5802.72 5815.37 5821.2 5829.32 5841.12 5860.82 5850.99 5924.98 6060.93 6099.17 6019.11 5914.1 5827.29 5787.03 5766.33 5754.9 5752.79 5747.95 5746.4 5744.6 5742.88 5743.39 5741.59 5741.53 5739.54 5733.05 5722.64 5711.5 5707.05 5697.11 5686.73 5680.8 5675.8 5670.18 5668.81 5670.87 5678.61 5686.16 5685.57 5676.28
5862.55 5858.4 5859.55 5862.6 5867.28 5871.61 5875.46 5879.13 5882.43 5884.15 5885.2 5888.46 5893.87 5901.39 5910.17 5925.17 5958.77 5959.07 5878.93 5828.88 5848.18 5873.43 5859.71 5846.6 5821.98 5799.85 5793.81 5807.4 5824.8 5834.78 5829.38 5847.82 5864.43 5856.42 5898.02 5993.56 6016.59 5967.43 5887.37 5811.73 5777.9 5761.25 5754.23 5746.61 5742.63 5740.79 5739.64 5737.13 5733.97 5728.71 5723.4 5718.89 5716.19 5710.21 5704.44 5699.65 5695.04 5684.74 5677.05 5671.66 5670.71 5669.63 5670.09 5671.76 5671.6 5665.07 5659.26
5864.55 5860.16 5862.1 5865.33 5869.05 5872.78 5876.04 5878.6 5880.63 5881.2 5882.27 5886.39 5891.02 5896.21 5901.1 5915.61 5947.65 5941.07 5880.71 5831.77 5848.27 5860.15 5857.13 5837.26 5815.42 5799.41 5791.4 5796.54 5819.35 5841.25 5840.38 5848.73 5861.22 5862.11 5883.14 5929.39 5946.97 5916.6 5860.77 5799.4 5776.08 5760.9 5755.42 5745.9 5745.66 5742.41 5738.19 5734.46 5730.64 5721.71 5713.17 5707.97 5704.69 5700.13 5695.66 5692.21 5688.89 5678.92 5674.06 5673.57 5670.23 5668.37 5667.01 5664.94 5661.63 5656.73 5655.2
5865.73 5863.32 5865.73 5869.52 5873.15 5876.83 5879.92 5881.03 5880.59 5881.48 5881.41 5883.03 5887.5 5891.95 5896.56 5903.14 5914.39 5900.32 5861.61 5829.39 5848.78 5854.51 5846.13 5826.87 5807.21 5792.15 5783.62 5773.06 5806.5 5834.46 5837.19 5849.26 5861.75 5873.19 5895.73 5917.95 5912.38 5886.85 5844.86 5801.48 5778.48 5766.96 5758.79 5755.17 5749.3 5744.65 5740.31 5734.58 5725.98 5718.89 5709.73 5703.34 5698.21 5692.7 5686.43 5683.32 5682.71 5677.3 5674.51 5676.11 5670.76 5666.32 5663.47 5660.19 5656.81 5655.4 5657.35
5870.1 5866.22 5870.54 5874.36 5878.37 5881.75 5883.26 5883.99 5884.1 5884.16 5883.79 5884.41 5886.96 5890.49 5895.4 5893.16 5879.76 5868.25 5845.19 5827.77 5847.02 5843.76 5829.91 5809.57 5793.86 5782.81 5783.05 5786.76 5804.08 5825.06 5833.84 5852.66 5870.38 5887.92 5905.74 5908.23 5895.23 5866.83 5833.69 5802.15 5783.27 5773.34 5765.13 5758.36 5752.07 5746.21 5740.97 5737.81 5728.72 5719.87 5715.23 5703.34 5694.65 5687.72 5682.55 5680.62 5680.36 5676.31 5673.88 5672.37 5666.26 5663.68 5660.78 5657.92 5654.18 5654.15 5662.12
5877.42 5876.38 5876.69 5882.63 5887.53 5890.39 5891.88 5891.75 5890.47 5889.38 5889.59 5891.2 5893.55 5893.4 5888.61 5886.46 5870.47 5864.43 5844.88 5821.73 5838.08 5827.23 5806.19 5792.73 5783.6 5776.56 5784.66 5795.78 5800.65 5808.8 5827.49 5856.86 5878.5 5894.24 5906.94 5899.58 5880.86 5855.47 5829.06 5805.36 5786.83 5773.48 5764.29 5756.63 5750.1 5744.38 5737.74 5729.39 5723 5715.67 5708.31 5700.03 5691.94 5684.3 5678.46 5679.12 5675.7 5670.88 5666.64 5661.36 5661.44 5661.72 5661.23 5659.97 5658.8 5666.08 5670.78
5889.46 5884.84 5882.87 5887.93 5898.26 5900.97 5901.91 5902.86 5900.47 5898.45 5898.1 5905.84 5912.41 5911.35 5907.26 5921.56 5914.24 5911.09 5873.92 5830.04 5819.83 5798.76 5783.46 5777.61 5774.14 5773.15 5783.6 5792.79 5796.91 5805.9 5823.73 5851.53 5874.09 5889.74 5894.72 5875.63 5865.1 5845.77 5826.06 5805.2 5786.29 5771.24 5761.54 5754.83 5748.65 5742.48 5735.58 5727.86 5718.94 5709.85 5700.58 5695.04 5689.18 5683.79 5680.14 5681.32 5671.3 5664.91 5662.25 5661.14 5660.83 5662.64 5664.45 5665.62 5665.15 5668.51 5670.6
5918.46 5893.96 5896.8 5905.69 5910.17 5913.08 5913.88 5914.15 5914.68 5912.35 5920.79 5934.14 5946.95 5954.35 5952.19 6005.62 6029.15 6007.46 5938.14 5833.08 5789.4 5762.42 5757.54 5764.9 5774.91 5781.47 5783.93 5791.44 5795.66 5800.99 5820.41 5844.72 5866.21 5880.88 5883.76 5864.39 5854.55 5842.95 5823.38 5799.23 5777.3 5767.07 5758.91 5752.61 5747.6 5741.45 5734.61 5725.91 5716.42 5707.33 5698.87 5692.4 5686.99 5682.92 5680.75 5680.24 5669.95 5663.92 5662.88 5661.19 5661.74 5666.04 5670.13 5674.2 5676.14 5675.35 5668.84
5972.12 5946.78 5932.6 5930.78 5930.49 5929.17 5929.17 5928.35 5931.14 5935.94 5954.63 5969.6 5990.53 6022.73 6068.57 6122.72 6153.71 6125.84 6059.17 5860.42 5741.29 5724.08 5736.78 5760.89 5786.04 5804.53 5813.06 5808.63 5802.88 5804.74 5826.61 5843.33 5862.14 5875.64 5881.91 5867.83 5860.74 5848.65 5826.88 5800.58 5778.11 5765.85 5757.61 5751.5 5746.8 5741.06 5735.47 5726.34 5715.57 5705.79 5697.55 5690.52 5684.9 5680.94 5678.09 5674.65 5668.93 5664.77 5664.13 5664.54 5666.41 5671.11 5675.94 5681.36 5688.54 5688.47 5675.13
