real_craters/C212-500m.grd
DSAA
660 660
-164.8675 164.8675
-164.8675 164.8675
4240.9100519784 7725.3046017205
[rows 30 to 59 of 660, columns 335 to 401 of 660]
5561.37 5557.23 5555.22 5553.23 5545.1 5543.4 5541.34 5539.43 5535.5 5532.49 5527.49 5523.47 5520.82 5520.35 5522.89 5529.93 5539.99 5550.88 5558.45 5564.27 5562.5 5566.3 5564.59 5565.16 5588.5 5604.85 5629.33 5654.28 5685.18 5715.99 5746.03 5779.35 5813.65 5844.13 5875.47 5900.81 5919.41 5908.46 5867.81 5779.16 5666.72 5553.49 5481.75 5507.33 5604.99 5730.47 5916.73 5920.93 5831.16 5754.38 5733.09 5726.42 5736.33 5729.39 5722.6 5719.26 5722.12 5712.52 5698.77 5672.68 5642.15 5627.22 5618.94 5614.92 5614.25 5614.14 5613.17
5571.02 5565.9 5562.89 5559.41 5555.13 5551.68 5547.67 5542.51 5540.71 5536.64 5531.4 5526.89 5523.7 5522.24 5524.49 5532.97 5543.81 5554.72 5563.5 5569.92 5568.79 5569.54 5568.92 5568.88 5599.71 5630.15 5651.95 5683.83 5716.77 5750.82 5773.53 5803.96 5823.53 5847.95 5862.03 5878.55 5879.65 5853.15 5740.94 5571.2 5436.7 5324.63 5280.34 5319.33 5428.36 5548.84 5742.64 5826.1 5798.9 5764.1 5789.52 5781.04 5768.84 5758.67 5742.86 5728.45 5729.37 5715.51 5684.27 5662.27 5638.43 5621.11 5613.91 5613 5609.79 5615.58 5628.04
5580.02 5575.84 5572.09 5568.56 5565.21 5560.97 5556.51 5552.18 5546.58 5541.13 5535.71 5531.02 5526.56 5523.78 5525.74 5534.69 5546.17 5558.11 5565.56 5568.15 5569.11 5569.58 5569.16 5572.87 5604.47 5632.74 5664.61 5697.83 5733.71 5775.99 5793.55 5813.69 5828.03 5845.82 5855.47 5860.13 5841.66 5793.35 5633.34 5415.8 5269.8 5198.32 5179.82 5205.41 5297.21 5411.91 5617.09 5734.19 5771.57 5810.62 5834.66 5810.88 5801.38 5791.26 5772.26 5737.82 5686.71 5678.24 5670.13 5650.09 5626.99 5615.65 5610.12 5609.64 5607.06 5614.97 5630.41
5591.47 5585.58 5582.04 5578.57 5574.99 5571.39 5566.66 5560.31 5555.86 5547.51 5540.96 5535.29 5530.01 5526.51 5528.54 5536.7 5547.13 5557.91 5563.64 5566.06 5568.34 5569.76 5570.3 5574.07 5608.6 5647.16 5680.27 5703.26 5738.06 5778.78 5814.46 5836.16 5866.3 5873.83 5876.58 5859.03 5812.6 5715.47 5556.26 5351.34 5195.46 5143.65 5139.11 5154.36 5226.18 5337.5 5555.11 5680.31 5746.3 5782.25 5806.34 5825.11 5836.67 5836.74 5822.26 5782.2 5712.74 5697.76 5681.25 5649.16 5619.81 5612.76 5608.13 5607.44 5606.67 5610.73 5613.6
5603.31 5596.56 5592.17 5589.93 5587.08 5583.15 5579.35 5575.09 5566.86 5556.38 5548.74 5541.52 5535.16 5531.27 5532.6 5539.74 5548.19 5554.98 5559.7 5565.05 5567.89 5573.96 5567.11 5573.33 5610.68 5628.4 5670.04 5706.65 5743.15 5781.74 5816.29 5846.31 5868.05 5882.47 5882.51 5857.54 5804.05 5718.03 5568.94 5376.45 5220.44 5166.83 5147.38 5140.55 5212.69 5335.84 5541.7 5663.64 5739.1 5773.65 5783.89 5836.82 5864.88 5878.68 5884.54 5876.23 5822.37 5780.74 5722.78 5663.49 5620.81 5613.47 5608.83 5607.59 5608.53 5609.92 5608
5613.49 5606.36 5601.13 5598.19 5595.91 5593.52 5591.9 5589.5 5583.04 5571.87 5559.73 5548.25 5540.34 5537.31 5538.09 5543.34 5551.24 5558.49 5564.13 5571.26 5572.1 5567.11 5566.62 5571.25 5589.82 5625.54 5649.34 5686.79 5718.57 5758.34 5789.45 5824.43 5846.02 5861.01 5862.33 5848.81 5814.19 5746.12 5611.03 5423.81 5258.4 5210.71 5164.85 5155.3 5249.58 5402.7 5587.98 5675.66 5734.81 5786.91 5833.54 5872.77 5894.64 5909.62 5932.26 5980.14 6013.78 5875.91 5768.09 5684.42 5627.47 5618.98 5613.42 5612.27 5614.59 5615.85 5616.25
5625.71 5616.74 5610.41 5605.96 5601.86 5599.94 5600.19 5602.71 5601.28 5583.61 5567.22 5552.05 5542.44 5538.93 5540.19 5546.38 5555.27 5565.39 5575.69 5582.66 5582.37 5569.62 5564.6 5569.22 5583.29 5607.83 5630.23 5667.67 5696.06 5716.62 5749.2 5770.39 5789.29 5807.97 5818.29 5831.66 5822.09 5796.39 5707.58 5525.36 5311.69 5243.09 5218.77 5216.34 5344.32 5506.79 5650.41 5699.86 5733.23 5812.26 5900.86 5919.09 5912.42 5909.32 5920.16 5950.34 5972.49 5873.77 5777.81 5702.08 5646.79 5630.41 5623.51 5623.25 5624.61 5625.76 5627.53
5642.62 5637.88 5631.77 5613.26 5609.27 5603.32 5601.12 5604.11 5600.85 5580.83 5564.72 5548.9 5539.84 5535.36 5539.32 5547 5557.41 5570.39 5585.28 5591.09 5589.07 5580.03 5568.63 5568.42 5580.38 5593.31 5618.64 5639.11 5670.38 5694.43 5724.19 5741.12 5760.67 5786.51 5800.21 5819.4 5841.63 5867.81 5865.3 5712.2 5522.43 5373.29 5381.18 5411.94 5540.88 5670.03 5734.49 5734.22 5737.44 5828.47 5950.56 5937.02 5903.87 5881.44 5861.72 5825.57 5800.72 5800.44 5758.48 5711.65 5673.12 5645.65 5632.83 5631.41 5633.27 5635.53 5637.83
5661.47 5700.51 5688.21 5626.28 5608.99 5595.63 5591.38 5591.49 5582.43 5562.35 5544.73 5541.91 5536.29 5533.22 5538.21 5546.61 5556.83 5568.36 5578.99 5582.9 5584 5576.94 5568.94 5566.22 5572.3 5587.94 5604.77 5631.97 5652.55 5684.92 5708.11 5731.85 5750.48 5764.54 5788.37 5808.03 5840.78 5880.56 5911.98 5895.79 5824.27 5655.8 5667.74 5708.57 5801.62 5885.37 5813.59 5764.24 5744.56 5809.32 5891.22 5889.33 5866.46 5842.9 5814.65 5780.87 5755.07 5751.26 5732.54 5710.14 5697.36 5659.54 5642.67 5636.99 5639.99 5644.52 5645.81
5659.24 5697.8 5689.85 5626.18 5588 5580.31 5576.21 5567.1 5552.12 5548.88 5545.72 5539.97 5535.79 5533.97 5538.68 5545.94 5554.24 5563.16 5574.08 5576.77 5578.53 5574.36 5567.78 5561.91 5565.3 5576.3 5594.32 5608.24 5633.52 5650.92 5669.15 5700.9 5722.22 5737.9 5754.84 5782.64 5807.9 5832.59 5835.97 5870.99 5978.45 5965.72 5939.66 5907.91 5896.51 5867.2 5811.58 5766.57 5752.95 5770.68 5785.87 5804.15 5815.9 5806.59 5780.92 5760.34 5740.51 5725.23 5711.92 5696.21 5676.1 5652.07 5644.11 5642.88 5649.08 5651.8 5649.46
5638.74 5647.6 5632.56 5616.23 5587.5 5576.52 5567.88 5558.49 5550.03 5546.87 5544.64 5541.27 5538.17 5537.56 5540.33 5545.78 5552.51 5557.78 5560.86 5569 5573.02 5571.74 5568.54 5565.45 5568.54 5577.44 5587.37 5595.54 5606.19 5617.96 5647.93 5663.9 5699.74 5718.66 5727.96 5748.36 5753.46 5771.03 5769.75 5777.31 5865.64 5884.31 5911.25 5835 5780.68 5769.73 5759.33 5743.03 5738.42 5744.56 5740.55 5759.31 5792.47 5789.78 5756.21 5707.31 5702.56 5704.16 5697.72 5681.79 5658.17 5644.45 5645.96 5655.81 5661.51 5656.85 5652.19
5615.83 5610.97 5602.68 5603.23 5597.41 5582.42 5568.4 5557.23 5552.31 5549.79 5548.06 5543.59 5540.07 5539.55 5542.02 5546.33 5551.69 5557.49 5564.21 5569.69 5574.5 5573.46 5571.89 5571.3 5575.68 5582.3 5591.39 5601.02 5610.05 5621.15 5633.16 5662.82 5677.66 5693.47 5704.9 5698.54 5720.5 5732.4 5739.2 5752.91 5799.82 5807.21 5765.02 5756.01 5728.46 5711.42 5717.01 5719.44 5729.47 5753.7 5766.01 5789.06 5824.16 5811.56 5765.14 5714.97 5701.08 5701.11 5690.91 5673.13 5652.63 5643.51 5650.64 5665.16 5672.47 5658.28 5637.26
5611.75 5597.95 5582.59 5616.68 5605.22 5589.94 5577.08 5561.46 5556.3 5553.37 5548.67 5543.82 5540.77 5540.84 5543.35 5547.06 5551.25 5555.94 5560.45 5567.93 5572.07 5572.98 5575.17 5576.11 5581.58 5589.6 5599.67 5611.14 5623.22 5636.53 5645.8 5657.86 5665.55 5675.48 5686.06 5701.82 5708.83 5717.95 5726.45 5744.43 5815.45 5843.4 5766.43 5734.33 5723.81 5715.56 5710.26 5708.26 5735.07 5796.18 5864.88 5917.08 5909.54 5871.1 5812.54 5733.24 5733.4 5716.57 5695.97 5673.85 5654.07 5646.86 5652.23 5667.49 5675.01 5656.1 5633.82
5614.84 5610.52 5635.93 5647.23 5630.53 5613.62 5598.36 5575.11 5565.42 5559.92 5550.36 5543.98 5541.14 5542.22 5545.34 5549.05 5552.63 5555.1 5558.85 5564.03 5568.46 5573.83 5578.29 5580.77 5586.63 5595.5 5605.97 5617.53 5627.66 5639.4 5651.23 5662.2 5675.71 5686.39 5692.19 5690.4 5690.31 5694.78 5702.38 5715.8 5755.69 5774.87 5737.54 5740.55 5769.61 5754.24 5729.11 5705.05 5744.04 5841.6 5955.7 6047.07 5990.19 5936.3 5904.73 5868.61 5800.55 5752.47 5712.25 5680.37 5659.25 5649.44 5651.07 5657.42 5660.07 5645.83 5627.97
5620.14 5623.73 5635.77 5661.69 5686.03 5687.5 5628.52 5587.53 5573.5 5566.2 5554.27 5546.74 5544.18 5545.06 5548.04 5552.08 5556.38 5560.26 5565.9 5575.57 5576.45 5577.35 5583.01 5587.89 5592.84 5601.65 5610.07 5620.29 5630.34 5640.48 5644.76 5650.29 5657.41 5671.45 5669.64 5669.97 5675.65 5679.64 5684.27 5684.81 5692.49 5707.41 5730.49 5743.77 5790 5784.38 5759.24 5742.73 5781.41 5864.48 5958.89 6043.79 5982.16 5947.43 5948.25 5926.99 5839.88 5772.91 5723.72 5686.64 5659.43 5650.73 5650.8 5647.68 5648.05 5638.8 5628.25
5632.04 5632.61 5644.53 5686.16 5715.31 5696.89 5638.28 5597.12 5577.43 5567.6 5555.34 5548.62 5546.2 5548.02 5551.26 5555.8 5561.89 5569.56 5577.98 5589.29 5588.11 5585.45 5591.88 5598.16 5599.05 5606.07 5611.09 5617.09 5621.32 5624.98 5630.98 5641.75 5649.24 5658.19 5662.86 5660.2 5665.6 5669.43 5678.06 5683.27 5687.92 5697.89 5717.21 5722.87 5732.79 5763.33 5791.35 5815.83 5837.97 5868.37 5891.43 5869.05 5884.33 5892.35 5897 5881.13 5818.34 5763.28 5720.11 5687.05 5661.95 5646.53 5641.66 5635.3 5631.91 5630.82 5624.32
5655.4 5656.57 5689.17 5766.66 5768.25 5692.45 5647.43 5602.72 5581.96 5568.39 5556.64 5549.07 5549.3 5552.19 5554.65 5558.46 5565.53 5576.88 5587.67 5601.01 5600.92 5604.34 5604.85 5609.43 5608.64 5611.51 5615.52 5619.97 5622.49 5625.72 5631.09 5637.62 5643.51 5651.54 5655.65 5660.33 5664.49 5668.5 5677.58 5698.41 5709.71 5744.8 5772.68 5776.61 5736.4 5741.49 5805.21 5902.35 5876.31 5867.41 5857.56 5817.91 5831.1 5832.92 5787.36 5776.3 5770.69 5742.17 5710.85 5682.14 5659.66 5645.39 5633.59 5625.63 5616.37 5624.02 5615.19
5679.39 5703.57 5796 5933.52 5904.58 5834.44 5696.58 5622.56 5601.94 5580.09 5564.23 5557.7 5563.14 5557.85 5557.68 5559.15 5563.23 5571.69 5582.53 5590.61 5598.89 5611.59 5615.82 5620.12 5618.01 5619.68 5621.71 5624.81 5627.63 5632.12 5635.74 5638.94 5642.32 5645.07 5652.24 5657.71 5661.94 5667.49 5683.86 5736.08 5759.42 5826.42 5863.03 5855.21 5749.98 5723.46 5762.71 5811.51 5847.19 5859.99 5867.34 5869.83 5862.19 5831.56 5775.99 5751.59 5743.27 5726.72 5702.47 5678.87 5657.76 5649.81 5634.74 5622.82 5614.23 5600.16 5602.26
5693.26 5752.65 5902.38 6059.21 6022.54 5949.99 5802.41 5703.74 5653.15 5606.42 5577.5 5567.9 5561.97 5559.65 5559.15 5559.19 5558.69 5559.84 5572.16 5583.25 5596.41 5614.54 5624.39 5630.21 5628.25 5629.44 5630.5 5632.3 5631.75 5633.29 5635.41 5638 5639.09 5642.83 5650.27 5656.51 5661.86 5668.83 5685.31 5762.6 5790.29 5854.28 5898.64 5892.88 5780.66 5718.96 5715.1 5734.72 5800.02 5850.03 5887.28 5918.65 5914.47 5863.95 5823.21 5769.74 5739.5 5718.26 5695.23 5672.41 5654 5647.45 5630.49 5623.18 5616.72 5605.27 5604.87
5704.56 5731.82 5849.94 5994.21 6068.43 6095.38 5979 5832.73 5725.64 5641.62 5591.87 5571.7 5561.81 5560.27 5561.37 5562.94 5562.67 5563.59 5574.03 5584.52 5595.49 5620.69 5633.17 5639.35 5638.17 5643.51 5639.89 5641.48 5642.3 5642.17 5645.31 5647.93 5649.59 5653.43 5657.88 5664.19 5670.95 5682.66 5692.95 5751.7 5779.11 5834.33 5875.92 5880.42 5807.13 5722.71 5704.02 5724.45 5783.19 5843.16 5898.94 5950.46 5959.32 5878.5 5796.49 5761.34 5732.27 5707.57 5685.77 5665.9 5650.03 5639.61 5626.41 5627.25 5628.68 5614.64 5612.6
5769.36 5743.98 5818.69 5938.61 6070.64 6148.97 6088.5 5926.27 5779.09 5668.22 5601.12 5576.72 5564.84 5562.47 5565.26 5570.57 5577.42 5581.2 5583.94 5586.99 5595.45 5622.76 5638.14 5645.06 5644.56 5649.19 5650.79 5646.12 5648.23 5650.46 5652.45 5655.49 5657.19 5659.34 5664.42 5671.27 5680.52 5702.5 5735.12 5739.8 5761.22 5793.18 5826.67 5849.96 5794.06 5715.98 5709.48 5735.89 5783.58 5838.76 5894.2 5935.61 5941.58 5863.87 5798.66 5752.82 5722.67 5698.01 5677.87 5660.81 5645.26 5634.76 5630.87 5634.18 5637.21 5631.02 5623.68
5960.07 5872.99 5891.7 5982.15 6064.94 6133.33 6104.83 5930.02 5785.35 5674.1 5601.99 5576.63 5565.44 5564.85 5569.68 5577.01 5587.08 5592.11 5591.05 5592.05 5598.58 5623 5640.61 5646.88 5647.37 5652.51 5654.62 5657.15 5659.73 5655.89 5659.71 5663.35 5666.66 5669.06 5671.8 5677.24 5681.4 5695.15 5707.11 5698.25 5713.71 5744.45 5770.25 5790.94 5751.39 5705.44 5720.57 5749.61 5787.53 5834.71 5878.47 5896.07 5867.85 5821.19 5772.49 5742.59 5718.01 5696.73 5676.65 5661.25 5647.61 5637.04 5635.26 5641.07 5647.14 5636.47 5631.92
6053.23 6006.63 5949.23 5977.76 5985.86 5980.37 5927.8 5843.67 5749.45 5664.64 5601.15 5580.19 5566.04 5568.56 5575.92 5583.2 5584.84 5583.15 5592.54 5598 5602.24 5622.53 5640.25 5647.32 5650.1 5655.48 5659.8 5664.13 5667.58 5672.1 5675.72 5674.35 5673.98 5680.25 5683.02 5682.43 5679.8 5675.56 5667.07 5661.72 5685.44 5705.53 5713.59 5732.7 5708.08 5692.31 5712.93 5745.54 5789.41 5836.67 5874.39 5886.01 5844.91 5791.45 5750.27 5738.82 5722.03 5700.55 5680.27 5663.74 5651.94 5643.71 5641.59 5648.9 5657.45 5640.8 5642.38
5845.66 5870.67 5860.37 5839.05 5823.63 5799.02 5755.51 5740.76 5697.12 5647.21 5603.67 5583.57 5569.08 5575.02 5584.89 5594.02 5597.84 5595.5 5597.88 5601.58 5603.35 5622.83 5640.37 5645.97 5649.95 5657.41 5661.44 5667.59 5672.15 5676.63 5678.93 5681.86 5685.26 5685.04 5686.2 5685.43 5680.27 5672.75 5662.38 5658.95 5676.57 5687.32 5692.71 5689.19 5683.6 5687.68 5687.92 5730.21 5786.53 5841.32 5890.21 5924.61 5929.16 5853.8 5781.01 5764.19 5737.5 5710.18 5683.74 5663.38 5652.26 5650.24 5652.04 5660.83 5659.22 5653.37 5670.32
5713.12 5727.21 5742.61 5718.41 5701.63 5701.05 5683.9 5674.69 5657.98 5632.46 5612.42 5592.14 5579.46 5584.55 5595.72 5608.38 5616.59 5608.96 5603.37 5605.6 5610.16 5621.69 5635.18 5641.24 5646.66 5654.97 5661.59 5665.95 5671.18 5677.32 5681.87 5685.64 5691.15 5694.91 5695.66 5694.56 5687.33 5677.8 5668.42 5665.81 5675.49 5681.87 5683.81 5676.73 5688.46 5706.65 5694.79 5731.72 5787.62 5847.96 5908.11 5970.87 6040.05 6003.43 5892.05 5817.03 5764.08 5721.64 5687.27 5659.73 5650.05 5651.26 5660.88 5673.06 5676.83 5702.62 5741.14
5670.21 5673.49 5677.97 5669.12 5659.97 5655.84 5647.99 5642.4 5633.3 5619.42 5607.26 5596.93 5590.88 5594.18 5604.29 5618.47 5631.38 5622.23 5616.42 5607.48 5610.32 5616.81 5623.09 5634.67 5643.9 5654.05 5661.78 5670.84 5677.35 5683.23 5687.27 5691.98 5696.12 5700.37 5700.59 5700.51 5697.02 5691.32 5683.35 5677.21 5685.47 5683.97 5676.69 5689.03 5727.47 5723.22 5719.26 5744.09 5791.48 5846.5 5906.23 5971.13 6022.28 6021.04 5939.27 5848.97 5780.93 5729.02 5688.53 5660.17 5654.21 5661.75 5666.15 5686.89 5711.77 5830.06 5871.34
5653.5 5652.32 5649.92 5649 5643.83 5634.07 5629.82 5626.09 5621.29 5613.5 5606.57 5599.92 5595.99 5598.24 5607.75 5619.17 5625.85 5628.07 5627.55 5615.17 5612.88 5615.32 5621.44 5632.31 5643.68 5654.94 5664.23 5671.74 5679 5685.57 5691.15 5696.18 5700.27 5704 5705.35 5708.35 5712.33 5719.06 5713.43 5710.58 5704.5 5696.29 5681.82 5699.59 5738.56 5719.15 5717.03 5748.71 5789.51 5836.77 5886.86 5936.98 5971.75 5978.71 5917.4 5843.23 5780.56 5728.24 5686.66 5659.86 5660.12 5665.5 5674.41 5704.68 5763.43 5969.2 6002.54
5652.14 5650.15 5644.88 5640.43 5633.61 5627.1 5619.69 5617.06 5615.64 5612.99 5609.17 5603.99 5595.13 5597.59 5607.53 5619.2 5626 5624.13 5625.69 5625.29 5618.88 5619.62 5625.68 5635.57 5645.68 5656.64 5664.35 5673.19 5679.34 5687.02 5692.74 5697.73 5701.75 5706.06 5711.09 5715.34 5720.53 5726.39 5717.96 5717.48 5724.28 5712.5 5689.19 5699.14 5713.97 5703.75 5715.92 5745.62 5779.02 5816.04 5853.9 5886.1 5903.87 5899.04 5861.56 5812.7 5762.19 5717.73 5679.98 5653.32 5659.02 5666.85 5680.36 5707.3 5783.41 5967.91 6011.41
5657.12 5661.39 5650.98 5639.82 5629 5622.2 5616.74 5614.12 5613.62 5612.65 5612.37 5606.19 5598.52 5598.46 5605.41 5613.8 5617.67 5619.44 5621.58 5625.34 5623.01 5623.95 5632.18 5642.58 5652.39 5662.38 5670.74 5677.86 5684.31 5689.19 5695.57 5700.89 5705.55 5710.64 5714.55 5718.59 5720.33 5717.19 5704.8 5705.83 5719.1 5713 5690.63 5699.86 5709.19 5700.22 5725.53 5742.52 5764.09 5789.53 5811.73 5832.74 5839.53 5823.11 5798.81 5772.68 5741.62 5707.83 5677.12 5656.79 5659.46 5667.56 5682.42 5702.95 5764.97 5880.83 5916.55
5663.28 5667.32 5651.96 5640.47 5630.96 5625.35 5619.48 5615.57 5613.82 5612.18 5609.23 5606.98 5602.11 5600.88 5602.6 5606.3 5613.18 5619.38 5626.83 5628.01 5625.87 5626.09 5641.05 5652.63 5659.6 5666.74 5673.34 5680.2 5687.68 5693.34 5699.46 5704.71 5709.69 5715.05 5718.23 5720.27 5719.83 5714.18 5700.3 5699.27 5704.94 5703.97 5703.02 5730.33 5715.54 5702.94 5712.8 5731.88 5749.59 5765.97 5779.73 5785.92 5783.79 5767.81 5753.97 5739.4 5719.61 5696.29 5674.33 5661.87 5662.87 5670.83 5683.88 5704.2 5745.36 5797.08 5814.93
