real_craters/C212-750m.grd
DSAA
441 441
-164.8675 164.8675
-164.8675 164.8675
4242.8846026718 7724.8047977964
[rows 152 to 189 of 441, columns 0 to 83 of 441]
6225 6221 6224 6235 6235 6223 6224 6224 6234 6249 6262 6294 6344 6430 6586 6525 6571 6664 6710 6689 6663 6815 7000 7179 7089 6966 6931 6859 6785 6739 6723 6716 6735 6890 7048 7078 6896 6713 6650 6719 6673 6627 6589 6531 6444 6426 6424 6458 6436 6362 6352 6346 6361 6354 6311 6296 6393 6377 6361 6349 6331 6321 6308 6291 6275 6259 6248 6230 6204 6178 6154 6129 6106 6087 6076 6068 6081 6089 6093 6100 6107 6097 6100 6117
6226 6226 6230 6244 6242 6255 6240 6226 6232 6274 6266 6312 6402 6599 6876 6729 6720 6819 6801 6712 6654 6762 6914 7093 7018 6875 6722 6689 6687 6675 6661 6644 6668 6880 7109 7143 6932 6719 6621 6653 6636 6585 6534 6477 6416 6450 6492 6487 6441 6404 6395 6376 6368 6344 6309 6296 6339 6338 6356 6353 6333 6313 6283 6283 6280 6263 6243 6220 6200 6178 6155 6130 6105 6084 6078 6076 6082 6089 6101 6112 6124 6126 6125 6135
6231 6229 6240 6249 6241 6263 6246 6224 6191 6241 6275 6323 6416 6617 6817 6686 6863 7085 6947 6789 6672 6724 6764 6746 6784 6722 6676 6654 6652 6649 6639 6636 6670 6782 6887 6959 6857 6724 6614 6590 6574 6544 6504 6481 6495 6538 6609 6507 6459 6462 6424 6391 6359 6331 6305 6314 6377 6411 6395 6362 6346 6326 6312 6293 6276 6250 6228 6211 6199 6182 6165 6142 6117 6091 6088 6089 6090 6095 6106 6118 6126 6144 6138 6158
6238 6235 6241 6248 6240 6251 6240 6230 6235 6253 6265 6307 6372 6477 6507 6537 6840 7121 7010 6867 6777 6729 6691 6656 6662 6659 6635 6636 6643 6647 6648 6651 6669 6697 6710 6754 6752 6698 6657 6590 6551 6524 6489 6492 6533 6531 6458 6436 6413 6373 6412 6394 6352 6324 6303 6316 6405 6457 6427 6387 6362 6343 6320 6296 6273 6242 6215 6214 6214 6207 6193 6168 6147 6129 6106 6113 6109 6111 6123 6133 6133 6131 6148 6156
6247 6245 6241 6249 6253 6237 6236 6234 6234 6237 6256 6288 6325 6355 6387 6423 6692 6936 6948 6897 6832 6757 6682 6626 6622 6627 6631 6644 6656 6665 6677 6685 6687 6687 6683 6696 6702 6676 6614 6631 6597 6531 6483 6498 6503 6470 6430 6407 6380 6353 6356 6353 6342 6324 6308 6326 6386 6449 6415 6383 6363 6348 6332 6308 6273 6244 6234 6239 6246 6243 6233 6215 6192 6159 6128 6125 6128 6139 6161 6193 6186 6178 6160 6163
6257 6248 6249 6252 6252 6238 6233 6232 6231 6234 6247 6272 6300 6332 6354 6412 6582 6697 6874 6940 6900 6803 6684 6612 6616 6629 6642 6658 6675 6693 6710 6729 6737 6740 6704 6692 6693 6706 6634 6586 6546 6549 6551 6544 6534 6510 6469 6414 6374 6353 6357 6358 6331 6318 6309 6318 6335 6364 6371 6362 6355 6352 6348 6330 6295 6270 6253 6287 6299 6294 6281 6265 6244 6219 6215 6177 6166 6161 6216 6306 6396 6431 6306 6224
6270 6254 6256 6260 6248 6236 6232 6229 6227 6229 6240 6261 6282 6301 6346 6452 6596 6733 6936 7140 7064 6847 6668 6593 6638 6694 6687 6679 6685 6699 6721 6753 6808 6834 6781 6700 6682 6677 6623 6580 6546 6583 6641 6590 6580 6571 6462 6389 6370 6374 6373 6349 6331 6319 6331 6339 6349 6324 6321 6329 6339 6349 6360 6359 6344 6372 6379 6382 6373 6357 6338 6313 6302 6313 6353 6304 6226 6192 6257 6407 6618 6635 6398 6278
6282 6261 6259 6259 6251 6241 6234 6229 6225 6234 6242 6257 6273 6285 6373 6562 6680 6793 6944 7144 7048 6809 6623 6584 6682 6775 6713 6688 6684 6693 6710 6733 6763 6766 6716 6660 6652 6666 6712 6590 6609 6603 6566 6577 6553 6502 6433 6377 6371 6357 6359 6337 6337 6332 6360 6354 6333 6302 6286 6301 6324 6347 6367 6377 6398 6494 6539 6490 6452 6420 6391 6364 6348 6337 6352 6328 6273 6225 6279 6412 6543 6501 6353 6303
6291 6276 6271 6257 6248 6244 6238 6235 6231 6241 6251 6256 6266 6287 6449 6738 6725 6718 6754 6832 6807 6688 6569 6606 6755 6806 6692 6665 6665 6667 6672 6675 6675 6656 6645 6621 6605 6613 6681 6597 6610 6604 6584 6557 6523 6468 6432 6404 6440 6415 6399 6375 6349 6336 6371 6343 6298 6262 6250 6274 6311 6350 6382 6416 6484 6568 6597 6563 6521 6489 6462 6431 6401 6358 6355 6351 6322 6291 6322 6389 6366 6348 6298 6324
6297 6281 6272 6261 6251 6240 6240 6246 6254 6244 6249 6251 6255 6273 6380 6655 6645 6604 6573 6529 6581 6571 6541 6675 6893 7002 6795 6683 6648 6627 6620 6620 6605 6596 6615 6579 6557 6533 6554 6626 6646 6608 6575 6545 6515 6491 6487 6531 6571 6617 6498 6428 6364 6345 6313 6295 6255 6233 6227 6257 6305 6362 6417 6476 6554 6621 6634 6600 6562 6532 6502 6478 6452 6421 6394 6386 6369 6369 6402 6434 6457 6328 6296 6347
6300 6289 6275 6265 6256 6244 6246 6250 6251 6248 6244 6246 6246 6259 6293 6415 6483 6480 6447 6434 6479 6530 6572 6776 7044 7205 6934 6728 6638 6596 6575 6568 6560 6570 6668 6572 6527 6505 6504 6570 6621 6591 6555 6535 6516 6505 6509 6530 6592 6637 6550 6437 6367 6337 6300 6267 6234 6209 6207 6240 6296 6365 6445 6544 6594 6625 6628 6606 6576 6547 6536 6528 6520 6512 6466 6435 6390 6386 6383 6388 6359 6307 6293 6345
6315 6308 6290 6274 6266 6259 6268 6264 6253 6252 6245 6242 6241 6250 6275 6314 6371 6397 6396 6408 6452 6538 6712 6858 7094 7273 7039 6752 6626 6561 6534 6521 6512 6522 6530 6495 6494 6516 6495 6500 6523 6527 6535 6530 6521 6510 6507 6509 6542 6562 6529 6460 6400 6347 6298 6260 6226 6200 6193 6227 6283 6354 6437 6532 6581 6597 6599 6587 6571 6563 6556 6556 6566 6569 6502 6458 6413 6375 6345 6322 6301 6293 6294 6324
6337 6351 6263 6281 6290 6311 6331 6298 6268 6254 6244 6237 6235 6246 6280 6293 6329 6366 6382 6397 6433 6492 6574 6787 6991 7132 6991 6708 6603 6545 6507 6491 6481 6469 6451 6448 6458 6474 6488 6476 6489 6540 6546 6541 6534 6527 6527 6525 6550 6561 6531 6486 6416 6361 6307 6261 6228 6202 6189 6218 6266 6326 6397 6469 6545 6561 6563 6560 6555 6552 6551 6556 6570 6574 6488 6433 6391 6361 6341 6305 6282 6277 6287 6312
6356 6341 6366 6315 6327 6434 6427 6346 6297 6276 6259 6246 6233 6243 6299 6315 6341 6361 6373 6389 6420 6462 6520 6681 6834 6982 6926 6660 6571 6528 6507 6487 6483 6467 6442 6440 6438 6449 6497 6545 6538 6489 6547 6563 6555 6540 6539 6535 6558 6565 6531 6489 6416 6355 6306 6267 6236 6210 6199 6212 6245 6291 6343 6399 6494 6513 6525 6528 6527 6527 6532 6530 6530 6520 6449 6389 6349 6322 6302 6283 6256 6233 6264 6302
6360 6352 6377 6351 6347 6386 6412 6412 6366 6296 6297 6279 6279 6253 6251 6325 6363 6351 6351 6368 6421 6479 6532 6617 6683 6750 6717 6564 6512 6500 6499 6502 6496 6475 6448 6442 6437 6453 6506 6552 6537 6551 6608 6603 6581 6547 6509 6533 6564 6551 6526 6491 6407 6331 6293 6273 6247 6216 6198 6202 6223 6254 6297 6364 6444 6474 6487 6491 6487 6488 6488 6482 6468 6440 6393 6338 6300 6273 6255 6226 6202 6201 6239 6321
6395 6399 6361 6367 6372 6388 6428 6511 6460 6325 6428 6387 6276 6253 6273 6320 6328 6313 6327 6361 6433 6505 6568 6563 6569 6556 6518 6443 6447 6465 6481 6504 6524 6525 6492 6473 6442 6459 6505 6552 6543 6598 6666 6640 6599 6562 6540 6527 6495 6513 6501 6462 6399 6336 6289 6268 6244 6218 6201 6200 6209 6225 6248 6294 6406 6452 6453 6450 6446 6442 6441 6435 6425 6399 6338 6278 6233 6204 6198 6193 6177 6186 6205 6289
6497 6469 6405 6405 6397 6365 6343 6390 6368 6415 6457 6425 6317 6336 6407 6335 6250 6277 6329 6388 6477 6462 6467 6507 6514 6470 6431 6405 6421 6446 6481 6521 6569 6621 6611 6583 6516 6480 6525 6543 6531 6621 6704 6640 6598 6570 6557 6551 6532 6487 6480 6445 6385 6341 6287 6250 6233 6217 6203 6197 6201 6211 6220 6249 6353 6392 6412 6414 6403 6399 6393 6383 6374 6345 6285 6221 6174 6140 6131 6125 6142 6165 6174 6202
6570 6485 6473 6448 6426 6393 6360 6374 6424 6546 6457 6388 6490 6498 6527 6378 6270 6272 6346 6667 6572 6454 6428 6468 6491 6419 6392 6396 6412 6441 6473 6516 6576 6698 6743 6722 6639 6589 6627 6610 6550 6547 6574 6582 6572 6554 6547 6543 6531 6456 6439 6417 6356 6323 6282 6257 6230 6213 6201 6199 6199 6208 6222 6256 6302 6352 6378 6375 6369 6359 6347 6331 6312 6286 6238 6188 6150 6126 6101 6087 6102 6127 6140 6154
6629 6582 6563 6557 6519 6466 6424 6448 6569 6647 6530 6442 6625 6453 6496 6375 6285 6281 6361 6527 6563 6569 6504 6453 6394 6387 6380 6389 6405 6425 6452 6484 6515 6552 6645 6701 6764 6804 6831 6807 6684 6561 6524 6529 6528 6510 6476 6442 6431 6403 6373 6373 6339 6288 6266 6231 6224 6210 6198 6188 6195 6208 6234 6268 6315 6346 6358 6349 6338 6320 6302 6281 6255 6231 6197 6159 6126 6102 6082 6075 6076 6091 6113 6128
6763 6740 6709 6706 6645 6562 6486 6502 6559 6668 6633 6522 6497 6472 6402 6356 6289 6272 6328 6437 6464 6449 6471 6464 6413 6380 6372 6382 6400 6411 6427 6446 6464 6489 6520 6620 6833 7044 7069 7055 6960 6687 6563 6531 6521 6495 6450 6398 6359 6358 6362 6326 6298 6285 6277 6259 6233 6212 6199 6192 6187 6198 6235 6279 6319 6355 6351 6327 6305 6281 6257 6233 6208 6188 6155 6119 6088 6067 6052 6048 6053 6072 6095 6104
6870 6833 6829 6848 6762 6666 6581 6543 6666 6729 6717 6684 6581 6452 6434 6367 6284 6252 6271 6307 6337 6375 6414 6465 6489 6375 6365 6376 6391 6404 6411 6417 6431 6463 6506 6631 6942 7237 7246 7216 7088 6875 6659 6596 6554 6510 6457 6401 6350 6346 6350 6311 6281 6274 6269 6257 6240 6215 6195 6181 6174 6173 6189 6250 6330 6372 6350 6319 6286 6254 6220 6194 6172 6146 6117 6083 6055 6034 6027 6028 6058 6073 6086 6091
6903 6899 6896 6895 6830 6752 6702 6627 6632 6718 6757 6709 6585 6580 6520 6412 6332 6303 6301 6295 6291 6299 6352 6412 6417 6357 6362 6382 6394 6408 6403 6400 6411 6449 6526 6676 6985 7259 7283 7327 7316 7097 6902 6747 6631 6553 6498 6448 6398 6355 6327 6291 6257 6262 6268 6255 6240 6218 6195 6180 6166 6149 6137 6205 6321 6348 6331 6294 6256 6220 6186 6154 6126 6104 6083 6057 6033 6023 6019 6022 6037 6056 6075 6091
6910 6922 6922 6916 6863 6803 6759 6732 6638 6690 6820 6928 6723 6538 6534 6463 6382 6365 6419 6364 6294 6235 6293 6352 6359 6335 6359 6397 6451 6413 6388 6380 6391 6442 6531 6655 6818 7042 7194 7328 7468 7376 7125 6856 6675 6579 6529 6492 6406 6353 6323 6281 6248 6234 6255 6289 6239 6219 6193 6171 6153 6145 6145 6157 6213 6318 6296 6260 6223 6186 6149 6114 6088 6071 6058 6043 6027 6024 6025 6026 6021 6035 6052 6074
6924 6928 6936 6910 6871 6818 6769 6745 6657 6683 6713 6730 6634 6630 6583 6526 6457 6424 6436 6404 6362 6243 6274 6318 6331 6337 6353 6377 6398 6383 6370 6357 6371 6430 6523 6621 6718 6893 7044 7172 7327 7339 7066 6779 6630 6551 6513 6503 6344 6321 6307 6265 6228 6233 6327 6270 6239 6217 6195 6173 6154 6145 6142 6119 6138 6232 6226 6206 6180 6150 6114 6076 6049 6045 6041 6034 6029 6027 6029 6023 6014 6026 6031 6034
6950 6945 6974 6965 6887 6821 6772 6785 6791 6693 6609 6675 6895 6762 6696 6620 6551 6524 6444 6402 6332 6274 6282 6324 6344 6337 6340 6346 6343 6350 6350 6345 6358 6423 6529 6641 6726 6884 6866 6907 6971 6987 6808 6591 6518 6472 6432 6357 6294 6278 6274 6252 6235 6267 6308 6266 6241 6217 6197 6179 6158 6144 6116 6096 6091 6107 6146 6153 6140 6115 6086 6055 6034 6034 6034 6032 6027 6029 6029 6028 6030 6027 6028 6030
6953 6975 6967 6938 6884 6819 6766 6756 6843 6707 6584 6618 6974 6979 6848 6721 6608 6478 6424 6420 6391 6307 6302 6297 6332 6327 6315 6311 6318 6331 6362 6382 6361 6435 6508 6617 6635 6575 6614 6639 6616 6622 6549 6437 6407 6387 6364 6318 6269 6263 6255 6239 6234 6241 6254 6251 6233 6216 6201 6188 6179 6153 6133 6108 6096 6111 6122 6121 6109 6090 6067 6048 6040 6036 6035 6034 6035 6032 6030 6030 6031 6031 6030 6030
6898 6985 6949 6924 6882 6818 6762 6725 6725 6700 6673 6568 6841 7063 6923 6778 6658 6526 6402 6448 6517 6405 6358 6289 6320 6298 6289 6287 6291 6317 6382 6470 6549 6494 6456 6381 6373 6343 6438 6535 6563 6554 6447 6383 6337 6323 6314 6306 6250 6248 6241 6234 6245 6284 6267 6252 6225 6213 6201 6190 6177 6155 6135 6125 6115 6118 6109 6096 6084 6071 6055 6043 6041 6038 6036 6035 6033 6031 6030 6032 6035 6034 6033 6034
6653 6848 6965 6948 6888 6827 6769 6738 6715 6679 6628 6589 6650 6862 6823 6731 6645 6583 6389 6452 6495 6469 6446 6456 6286 6274 6272 6271 6272 6288 6369 6494 6621 6507 6408 6326 6298 6296 6400 6575 6687 6712 6591 6356 6289 6274 6268 6256 6240 6232 6230 6242 6328 6512 6363 6285 6236 6211 6198 6187 6170 6144 6121 6110 6101 6092 6083 6076 6069 6060 6050 6042 6041 6039 6037 6036 6034 6034 6035 6033 6033 6033 6032 6035
6500 6634 6833 6889 6876 6850 6819 6855 6767 6679 6600 6581 6545 6583 6623 6593 6527 6433 6413 6502 6560 6509 6490 6451 6317 6296 6295 6285 6265 6253 6325 6382 6404 6403 6358 6315 6304 6278 6384 6614 6750 6773 6523 6329 6260 6248 6242 6236 6232 6220 6222 6227 6348 6599 6453 6284 6226 6206 6194 6185 6175 6140 6107 6098 6086 6076 6067 6062 6057 6052 6047 6044 6039 6038 6037 6036 6035 6035 6038 6034 6027 6020 6032 6037
6434 6515 6620 6750 6839 6910 6926 6874 6836 6723 6655 6742 6789 6530 6515 6485 6436 6399 6463 6607 6640 6539 6563 6505 6389 6375 6362 6345 6329 6309 6323 6296 6287 6304 6305 6282 6282 6254 6340 6556 6643 6570 6361 6275 6247 6232 6228 6228 6224 6219 6206 6199 6275 6524 6471 6287 6225 6206 6196 6184 6171 6150 6120 6098 6083 6071 6062 6056 6053 6049 6045 6041 6040 6038 6036 6035 6035 6036 6034 6037 6020 6005 6015 6033
6424 6486 6540 6667 6793 6911 6974 6986 6977 6814 6740 6882 6819 6553 6491 6441 6404 6430 6570 6735 6876 6545 6648 6792 6601 6472 6424 6410 6422 6466 6387 6262 6207 6253 6273 6276 6239 6223 6278 6449 6475 6357 6269 6248 6233 6218 6216 6217 6217 6217 6234 6252 6284 6338 6444 6303 6245 6223 6208 6191 6166 6143 6121 6100 6080 6067 6060 6052 6049 6047 6045 6044 6039 6039 6037 6036 6035 6038 6035 6031 6029 6018 6014 6006
6583 6571 6550 6654 6756 6875 6995 7184 7139 6898 6814 6899 6805 6596 6504 6444 6406 6454 6608 6736 6774 6566 6574 6584 6553 6516 6483 6466 6466 6480 6407 6329 6272 6255 6244 6232 6215 6199 6216 6313 6333 6280 6245 6219 6199 6200 6207 6209 6216 6263 6405 6452 6420 6391 6331 6281 6256 6245 6232 6205 6171 6133 6114 6089 6074 6061 6052 6049 6047 6048 6046 6044 6042 6040 6039 6038 6036 6033 6034 6033 6036 6038 6040 6042
6889 6825 6709 6712 6728 6756 6896 7078 7096 6879 6786 6829 6738 6612 6541 6466 6426 6453 6550 6625 6676 6662 6574 6516 6524 6513 6496 6478 6451 6404 6377 6402 6350 6274 6227 6203 6196 6187 6177 6219 6234 6224 6207 6195 6183 6184 6190 6193 6216 6330 6630 6762 6718 6637 6453 6404 6311 6312 6296 6243 6187 6150 6115 6085 6072 6062 6052 6049 6048 6049 6049 6048 6045 6043 6042 6040 6039 6038 6035 6030 6037 6042 6019 6048
7039 7052 6968 6833 6726 6643 6688 6828 6805 6691 6654 6776 6746 6628 6526 6495 6475 6472 6482 6526 6566 6639 6557 6551 6559 6534 6514 6491 6456 6390 6341 6362 6335 6276 6220 6190 6191 6181 6158 6169 6171 6169 6159 6173 6179 6187 6189 6195 6229 6396 6743 7032 7039 6888 6607 6445 6429 6474 6367 6272 6191 6132 6113 6088 6076 6066 6060 6052 6050 6051 6051 6050 6047 6046 6046 6044 6044 6042 6035 6035 6039 6045 6048 6045
7051 7141 7114 6924 6761 6586 6540 6558 6553 6512 6519 6660 6671 6610 6572 6543 6509 6489 6500 6577 6637 6598 6604 6550 6552 6541 6521 6500 6476 6446 6410 6340 6315 6278 6230 6198 6188 6174 6146 6114 6126 6129 6137 6164 6170 6191 6226 6211 6237 6493 6813 7088 7137 7071 6733 6424 6465 6506 6384 6277 6190 6134 6120 6102 6085 6072 6060 6053 6052 6051 6050 6048 6048 6048 6048 6048 6047 6045 6036 6036 6039 6039 6046 6049
7043 7068 7020 6964 6872 6727 6540 6467 6442 6408 6424 6493 6537 6588 6624 6575 6512 6479 6464 6467 6545 6638 6672 6667 6591 6546 6523 6508 6510 6536 6554 6455 6360 6293 6251 6211 6186 6155 6131 6102 6103 6107 6110 6110 6107 6158 6240 6207 6198 6451 6747 6989 6973 6882 6624 6437 6402 6373 6333 6265 6188 6127 6113 6106 6093 6080 6064 6056 6057 6052 6049 6046 6048 6049 6051 6051 6051 6045 6041 6040 6041 6045 6054 6070
7059 7116 7041 7018 7012 6991 6806 6592 6479 6386 6397 6416 6461 6531 6579 6548 6504 6465 6446 6440 6468 6526 6502 6548 6540 6526 6525 6523 6522 6535 6583 6465 6382 6302 6210 6196 6188 6174 6130 6105 6096 6097 6099 6087 6081 6123 6191 6202 6219 6336 6504 6651 6651 6559 6439 6352 6349 6305 6314 6278 6210 6144 6109 6106 6102 6092 6085 6080 6065 6057 6049 6046 6048 6050 6053 6055 6054 6052 6048 6053 6049 6054 6065 6081
7066 7113 7079 7070 7118 7177 7133 6866 6664 6472 6465 6442 6457 6502 6487 6486 6449 6439 6433 6481 6436 6469 6429 6423 6487 6522 6529 6525 6514 6482 6391 6415 6395 6328 6258 6217 6200 6181 6161 6113 6097 6100 6109 6099 6101 6107 6149 6212 6271 6253 6268 6328 6369 6346 6350 6318 6420 6392 6389 6332 6257 6180 6130 6124 6119 6110 6097 6084 6074 6061 6051 6050 6051 6053 6055 6056 6055 6055 6060 6061 6062 6062 6073 6088
