real_craters/C212-1000m.grd
DSAA
189 189
-94.21 94.21
-94.21 94.21
8161.5997333682 11275.122268734
[rows 60 to 89 of 189, columns 67 to 133 of 189]
10406.4 10245.4 10143.4 10137.6 10118.3 10050.3 9955.81 9888.1 9824.42 9748.38 9624.36 9587.65 9565.04 9543.44 9526.98 9545.39 9581.06 9643.14 9734.86 9732.02 9675.82 9681.18 9752.8 9885.09 9711.07 9642.9 9624.29 9663.57 9714.1 9737.52 9643.67 9555.29 9538.1 9551.57 9600.3 9576.73 9572.43 9591.19 9630.04 9629.61 9633.02 9711.44 9733.7 9719.12 9815.91 9988.14 10201.6 10426.8 10551.3 10525.2 10501.8 10501.5 10501.1 10514 10535.6 10564.8 10597.6 10668.7 10749.8 10563.5 10582 10619.6 10676.2 10667.6 10645.3 10610.9 10569.8
10442 10201.5 10060 10022.6 10025.3 9942.29 9813.73 9773.26 9742.75 9677.51 9601.25 9553.01 9512.01 9485.38 9481.25 9520.43 9530.82 9557.82 9611.6 9590.41 9537.05 9539.38 9542.95 9483.27 9422.77 9508.98 9498.73 9517.81 9550.06 9568.04 9469.42 9368.81 9365.17 9373.03 9376.67 9413.62 9487.95 9637.37 9550.79 9526.34 9554.22 9580.63 9583.97 9597.76 9699.43 9857.72 10099.8 10346.9 10516.3 10531 10535 10507.1 10487.6 10485 10496.2 10514.9 10547.1 10616.7 10716.1 10570.6 10550.8 10564.2 10624.7 10609 10621.5 10619.8 10597.2
10288.1 10044 9903.54 9894.62 9914.48 9825.35 9694.58 9667.26 9659.1 9659.09 9577.5 9502.33 9455.98 9430.09 9388.65 9388.73 9400.48 9390.86 9331.34 9297.59 9324.85 9331.68 9306 9259.16 9272.51 9219.96 9276.84 9315.11 9348.31 9350.48 9305.6 9211.96 9213.5 9221.07 9239.97 9337.28 9409.06 9437.9 9400.43 9385.84 9421.38 9467.77 9479.03 9515.95 9604.95 9771.64 9986.68 10206.7 10364.1 10460.7 10512.9 10488.6 10470.6 10464.7 10455.4 10456 10485.6 10554.7 10649.4 10687.7 10591 10569.6 10626 10627.4 10635.4 10633.5 10626.2
9953.2 9795.05 9710.9 9754.4 9776.69 9714.85 9599.94 9554.34 9536.95 9573.21 9492.56 9422.43 9381.7 9359.52 9352.61 9291.07 9262.02 9229.79 9185.72 9141.66 9128.76 9105.88 9061.82 8992.89 9006.37 9029.71 9083.27 9109.95 9125.43 9106.4 9036.79 9074.68 9089.95 9096.79 9114.1 9160.56 9245.2 9285.72 9227.06 9245.81 9302.68 9355.02 9378.53 9401.95 9555.71 9717.65 9894.59 10048.1 10242 10382.5 10436.5 10449.2 10433.4 10417.2 10407.4 10397.8 10419.5 10484.3 10598.5 10701.7 10642 10610.2 10629.8 10662.1 10673.6 10668.9 10653.1
9710.25 9588.27 9557.98 9653.36 9749.2 9635.29 9506.56 9432.12 9377.97 9303.87 9299.27 9294.97 9271.81 9248.81 9199.93 9165.28 9141.86 9096.12 9051.59 8996.9 8970.85 8937.93 8895.07 8864.91 8855.8 8969.48 8915.73 8935.36 8944.72 8939.22 8955.57 8997.77 8997.33 8988.59 8973.57 8971.92 9026.3 9047.87 9074.9 9120.47 9179.38 9249.48 9300.4 9364.94 9463.4 9682.2 9862.14 9984.82 10170.7 10318.9 10375.7 10354.8 10354.2 10341.6 10330.9 10326.4 10328.3 10348.5 10459.8 10726 10694.9 10627.4 10662.3 10700.1 10716.7 10708.4 10687.5
9532.32 9472.29 9474.38 9550.64 9609.42 9491.16 9382.98 9317.87 9250.47 9192.98 9188.04 9177.67 9150.51 9121.35 9105.5 9061.55 9031.8 8989.62 8937.63 8883.44 8846.08 8807.97 8774.84 8756.82 8759.35 8733.43 8767.64 8799.94 8818.33 8833.89 8957.23 8939.16 8920.46 8901.53 8876.7 8853.52 8877.95 8950.19 8964.48 9001.95 9064.96 9151.98 9237.91 9308.28 9418.03 9641.01 9857.36 10019.6 10101.2 10291.9 10289.6 10271.3 10271.7 10260.1 10256.3 10248.8 10240.8 10241 10282 10518.1 10661.7 10668.5 10683.1 10717.1 10752.3 10758.5 10740.3
9483.92 9405.74 9389.49 9425.41 9454.43 9415.13 9331.18 9225.95 9156.35 9120.54 9117.52 9080.66 9038.71 8982.79 8960.45 8966.53 8944.02 8905.79 8850.37 8784.46 8752.22 8724.35 8690.92 8689.16 8688.49 8689.37 8704.66 8721.3 8740.28 8745.3 8727.79 8797.21 8821.5 8818.04 8804.88 8787.63 8795.91 8841.17 8876.1 8916.58 8975.96 9124.55 9183.33 9275.93 9405.07 9692.12 9823.76 9892.37 9938.55 9998.32 10109.2 10160.6 10172.4 10172.8 10173.8 10181.8 10182.1 10202.2 10247.7 10334.8 10522.2 10776.9 10753.9 10770 10827 10833.5 10822.2
9486.61 9373.43 9312.02 9297.08 9287.93 9286.85 9194.49 9119.63 9071.19 9044.17 9036.83 9005.44 8967.15 8931.34 8924.65 8913.83 8893.91 8843.45 8775.96 8708.13 8679.77 8672.51 8664.86 8660.47 8660.39 8657.26 8670.64 8686.41 8696.52 8699.72 8702.71 8725.61 8749.83 8757.41 8752.9 8741.59 8759.55 8790.05 8813.8 8848.52 8918.23 8973.64 9085.87 9211.31 9326.91 9581.94 9716.04 9803.49 9882.19 9960.52 10043.7 10047.4 10062.4 10075.9 10090.8 10097.7 10121.2 10142.5 10187.8 10281.6 10439 10592.5 10696.3 10786.2 10896.4 10916.3 10916
9471.41 9315.87 9235.32 9182.65 9151.31 9130.86 9061.78 9016.2 8986.38 8967.54 8957.55 8937.56 8911.95 8898.17 8891.28 8925.4 8893.25 8778.41 8713.79 8663.85 8641.56 8637.86 8632.82 8634.53 8632.34 8635.8 8652.07 8666.08 8675.93 8681.5 8683.07 8690.3 8704.71 8715.77 8720.07 8722.91 8736.18 8761.14 8788.92 8826.37 8867.5 8907.05 8972.1 9052.75 9203.17 9466.25 9549.01 9688.96 9807.98 9867.81 9885.3 9909.57 9928.91 9951.26 9986.95 10018.9 10060.2 10100.2 10151.8 10246.7 10439.4 10668.3 10665.6 10771.4 10926.1 10967.4 11023.8
9383.23 9261 9154.41 9084.45 9032.14 9001.2 8978.06 8942.79 8897.44 8886.29 8902.44 8865.34 8835.84 8838.49 8794.57 8714.83 8662.09 8681.81 8660.09 8634.97 8623.79 8617.96 8614.59 8608.28 8609.85 8622.37 8638.64 8648.44 8655.8 8663.07 8665.78 8672.67 8684.08 8694.59 8703.41 8712.89 8722.54 8740.68 8757.94 8786.46 8813.15 8816.56 8866.62 8925.01 9017.6 9184.31 9264.76 9437.1 9514.49 9597.32 9664.82 9763.7 9811.42 9855.37 9899.15 9945.9 9984.22 10042 10140.3 10250.9 10416.5 10664.7 10694.4 10727.5 10838.4 10970.8 11088
9338.87 9194.31 9067.98 8960.44 8907.49 8895.61 8881.59 8843.66 8801.22 8793.07 8799.49 8774.47 8734.35 8685.59 8663.13 8623.53 8599.94 8611.93 8614.74 8608.9 8605.37 8605.35 8603.38 8598.84 8605.43 8617.51 8628.58 8637.02 8640.43 8640.04 8648.89 8659.68 8671.8 8682.55 8691.61 8699.82 8706.11 8717.61 8732.75 8750.91 8764.13 8776.88 8810.42 8853.58 8911.9 9001.66 9070.08 9230.55 9379.05 9425.45 9528.75 9627.04 9695.45 9755.45 9812.09 9868.3 9903.11 9960.72 10018.8 10212.3 10352.8 10478.3 10614.6 10671.6 10838.5 10937 11034.3
9300.55 9146.11 8968.29 8822.14 8770.91 8776.49 8762.13 8717.72 8685.89 8685.86 8696.19 8675.64 8645.04 8611.5 8608.6 8587.97 8573.54 8581.65 8589.3 8592.31 8593.13 8594.39 8592.71 8591.78 8604.29 8617.29 8625.15 8628.54 8632.62 8636.4 8644.4 8652.16 8665.13 8673.49 8680.26 8685 8688.94 8701.88 8718.49 8726.37 8736.13 8753.96 8778.55 8809.38 8860.94 8913.43 8997.16 9130.06 9270.14 9330.94 9414.08 9508.82 9585.82 9646.56 9706.24 9761.56 9809.85 9885.84 9979.97 10125.5 10248.7 10278.1 10434 10618 10752.4 10849.3 10962.1
9226.45 9047.76 8859.4 8710.02 8658.9 8659.68 8643.87 8604.02 8580.13 8587.29 8584 8587.33 8580.11 8570.93 8568.39 8564.41 8560.73 8569.49 8578.92 8587.03 8594.44 8589.44 8586.25 8591.11 8606.15 8616.7 8615.42 8622.72 8627.97 8635.11 8644.95 8659.48 8660.93 8665.19 8671.52 8677.14 8683.9 8693.63 8702.86 8708.12 8719.54 8730.28 8743.6 8770.32 8799.24 8832.6 8959.02 9029.69 9136.81 9268.62 9358.49 9422.03 9481.53 9528.22 9589.02 9654.31 9719.84 9777.08 9838.89 9947.99 10061.9 10189.7 10380.9 10688.3 10694.6 10779.1 10941.7
9081.36 8900.39 8736.26 8600.7 8563.1 8563.7 8548.52 8511.48 8505.7 8518.08 8527.53 8530.06 8529.42 8529.37 8537.11 8549.22 8560.03 8565.82 8572.62 8580.03 8580.22 8586.4 8584.29 8591.96 8602.91 8608.14 8619.82 8620.55 8619.79 8624.77 8633.11 8644.52 8647.38 8651.75 8659.44 8670.05 8682.35 8687.91 8693.19 8702.67 8708.7 8716.77 8727.81 8738.48 8755 8769.11 8803.08 8895.48 8960.18 9145.91 9317.93 9350.89 9385.78 9435.14 9495.03 9559 9621.41 9684.72 9777.07 9868.6 9942.65 10089.4 10324 10658.6 10649.9 10721 10893.5
8999.5 8802.31 8631.71 8514.68 8492.06 8504.56 8514.21 8494.86 8475.51 8472.58 8476.68 8483.06 8492.23 8497.66 8512.27 8533.62 8551.98 8558.95 8564.7 8572.9 8580.59 8585.8 8584.51 8587 8590.47 8601.72 8610.05 8609.38 8605.7 8608.28 8614.55 8618.83 8627.69 8635.96 8644.16 8654.76 8668.52 8669.89 8683.43 8696.51 8701.59 8706.27 8710.16 8719.42 8733.15 8745.4 8784.09 8813.96 8822.84 8988.53 9157.07 9228.82 9262.24 9324.69 9393.11 9466.02 9538.2 9603.23 9694.4 9783.69 9816.15 9929.8 10092.5 10385.6 10475.3 10613.6 10846.5
8831.18 8671.08 8538.57 8446.43 8436.11 8450.62 8465.61 8450.58 8435.11 8435.99 8440.96 8449.72 8464.06 8476.57 8490.7 8513.42 8535.03 8543.78 8551.47 8562.49 8575.8 8575.01 8583.62 8575.8 8567.38 8571.18 8575.64 8580.74 8588.11 8593.61 8599.51 8605.83 8614.01 8622.65 8629.23 8633.04 8638.81 8654.69 8671.6 8694.02 8694.3 8697.85 8703.1 8708.67 8721.4 8735.2 8758.6 8783.39 8820.77 8888.05 8944.7 9022.11 9137.48 9226.06 9306.64 9383.52 9463.71 9541.07 9610.97 9655.17 9674.29 9787.35 9888.24 10066 10289.9 10507.4 10730.7
8686.97 8564.6 8470.48 8405.34 8398.32 8405.92 8409.56 8396.47 8395.69 8405.49 8413.78 8421.84 8437.19 8446.49 8467.66 8490.98 8510.95 8521.73 8532.53 8546.04 8559.45 8566.38 8539.4 8540.08 8553.2 8554.97 8571.86 8584.89 8579.25 8583.96 8594.97 8596.23 8602.75 8618.02 8621.87 8617.71 8615.1 8628.41 8649.15 8668.25 8677.23 8687.64 8699.23 8700.15 8712.72 8729.84 8750.14 8774.59 8812.22 8858.37 8918.39 8965.14 9053.43 9148.4 9235.06 9314.09 9393.7 9475.68 9533.9 9578.14 9627.32 9673.91 9755.23 9918.36 10177.5 10468.8 10675.5
8551.93 8496.19 8429.25 8383.85 8374.35 8372.69 8371.97 8364.05 8373.17 8386.92 8399.83 8410.74 8415.68 8431.13 8450.31 8472.28 8489.2 8500.02 8514.35 8528.27 8534.33 8524.33 8548.41 8587.89 8584.86 8581.89 8584.73 8599.6 8601.87 8602.48 8606.48 8610.67 8621.2 8627.62 8621.34 8614.28 8603.8 8610.48 8621.78 8639.16 8657.99 8675.01 8687.44 8693.64 8706.22 8722.45 8743.88 8765.5 8800 8843.36 8884.01 8930.12 8995.02 9073.35 9154.64 9237.79 9317.57 9386.17 9457.98 9527.5 9536.17 9595.96 9650.36 9780.29 10094.2 10458.9 10596.4
8527.8 8463.32 8403.09 8367.06 8354.5 8348.35 8342.22 8347.19 8361.94 8375 8386.97 8396.11 8403.16 8419.46 8440.33 8459.38 8474.94 8487.22 8502.21 8518.17 8528.82 8549.47 8586.61 8599.72 8603.19 8596.82 8590.01 8607.02 8605.32 8613.85 8625.04 8642.36 8656.42 8647.3 8636.13 8627.59 8617.1 8614 8618.55 8633.67 8646.78 8665.69 8680.68 8688.75 8704.54 8719.81 8738.93 8760.52 8789.58 8828.02 8867.78 8904.42 8952.17 9019.38 9094.64 9172.69 9254.75 9330.6 9387.46 9448.71 9445.61 9528.75 9580.15 9699.41 10029.9 10426.6 10600.9
8523.36 8456.06 8387.62 8349.54 8335.69 8330.64 8330.64 8334.27 8346.21 8361.62 8378.99 8396.77 8412.04 8422.44 8435.82 8451.72 8466.07 8475.36 8499.08 8523.19 8548.79 8576.04 8589.95 8611.65 8635.52 8618.6 8618.11 8615.06 8613.97 8625.3 8639.66 8657.16 8671.41 8659.37 8649.81 8644.55 8644.05 8634.37 8624.66 8625.78 8642.94 8663.23 8682.47 8696.33 8708.46 8718.76 8739.01 8753.53 8781.9 8814.82 8848.38 8871.12 8913.48 8974.38 9044.25 9115.02 9185.41 9263.73 9302.29 9334.91 9393.62 9458.82 9564.33 9735.45 9991.8 10213.5 10327.4
8507.94 8438.14 8362.09 8330.26 8318.93 8316.65 8319.07 8328.9 8330.64 8349.74 8368.14 8388.31 8402.68 8412.87 8427.03 8443.2 8460.66 8480.03 8498.48 8529.67 8558.39 8593.35 8625.62 8706.81 8676.64 8646.87 8636.93 8640.78 8637.33 8638.66 8649.45 8661.9 8673.37 8664.07 8658.76 8656.67 8659.99 8658.66 8637.53 8635.81 8650.06 8666.96 8682.4 8700.04 8712.62 8724.21 8743.97 8760.4 8777.82 8800.45 8823.7 8842.4 8883.62 8936.61 8996.27 9056.34 9110.43 9157.34 9210.65 9285.54 9348.72 9416.31 9554.23 9738.2 9925.37 10033.3 10122.5
8435.73 8378.61 8333.8 8311.57 8306.69 8306.23 8310.01 8319.51 8327.98 8338.33 8352.71 8368.19 8390.12 8403.14 8415.32 8431.89 8449.14 8465.44 8493.01 8536.83 8589.36 8651.08 8674.1 8684.86 8682.86 8664.5 8640.9 8630.1 8638.23 8650.23 8658.51 8663.29 8662.68 8664.82 8664.13 8661.62 8653.29 8645.59 8647.66 8676.52 8674.74 8673.88 8678.26 8692.42 8706.98 8731.17 8740.07 8751.66 8768.58 8786.1 8803.15 8821.04 8850.54 8902.45 8954.95 9002.16 9049.08 9095.96 9134.94 9168.05 9267.64 9396.15 9532.47 9778.2 9881.89 9978.65 10075.8
8348.25 8315.6 8302.78 8293.34 8294.25 8298.3 8300.81 8312.46 8313.7 8324.9 8336.37 8347.17 8357.92 8379.56 8400.26 8418.52 8434.33 8437.69 8480.83 8536.98 8603.52 8656.89 8704.98 8707.11 8690.61 8667.31 8650.78 8654.93 8656.31 8669.39 8674.95 8674.74 8668.54 8671.1 8672.82 8667.3 8660.77 8660.85 8667.44 8692.02 8696.83 8678.79 8664.79 8666.03 8693.66 8718.3 8731.72 8743.96 8758.12 8773.05 8787.71 8803.05 8836.33 8877.08 8915.07 8954.06 8995.6 9050.18 9102.87 9147.4 9238.48 9353.29 9490.66 9685.25 9824.5 9982.34 10125.2
8302.35 8284.59 8269.75 8273.38 8279.46 8286.32 8292.76 8286.71 8293.38 8309.74 8322.21 8331.56 8343.62 8365.77 8386.48 8404.6 8421.92 8439.14 8473.93 8529.13 8579.87 8639.35 8695.56 8716.11 8712.73 8701.9 8700.03 8694.89 8694.93 8701.38 8701.73 8695.64 8693.53 8688.72 8683.38 8681.81 8681.69 8678.89 8671.08 8694.43 8704.96 8680.87 8659.66 8672.59 8686.75 8709.73 8725.11 8738.63 8749.92 8762.15 8776.49 8796.51 8821.68 8844.63 8876.78 8907.94 8953.34 9012.3 9092.97 9185.53 9219.12 9307.32 9449.5 9592.05 9766.13 9941.58 10090.8
8277.23 8259.4 8250.79 8252.2 8259.62 8268.32 8276.34 8276.55 8290.26 8301.31 8311.77 8325.49 8344.18 8358.66 8376.65 8393.23 8408.1 8418.38 8462.05 8547.77 8607.87 8682.43 8708.85 8731.39 8743.99 8750.93 8756.55 8735.04 8752.17 8746.3 8736.59 8722.11 8714.48 8704.31 8699.81 8701.83 8706.68 8705.99 8674.75 8683.28 8682.94 8679.31 8679.26 8678.57 8673.96 8693.6 8715.63 8734.43 8743.2 8751.69 8761.37 8772.87 8792.73 8815.6 8841 8877.17 8916.46 8967.17 9037.95 9106.76 9190.96 9276.92 9387.45 9575.53 9749.99 9838.67 9916.02
8252.13 8234.26 8222.36 8229.79 8239.34 8249.1 8260.81 8260.27 8269.2 8283.05 8299.75 8318.3 8332.22 8354.41 8370.8 8387.29 8400.41 8405.51 8458.38 8634.36 8746.25 8755.54 8767.18 8783.19 8794.26 8792.65 8777.59 8769.84 8802.78 8796.85 8773.83 8747.38 8721.31 8702.84 8712.51 8722.22 8725.8 8718.51 8699.72 8687.37 8671.42 8684.74 8703.56 8692.92 8676.8 8685.42 8706.03 8728.35 8736.02 8739.86 8744.4 8749.38 8761.81 8787.74 8814.02 8846.97 8894.35 8920.98 8954.23 9007.87 9127.35 9234.47 9421.21 9597.38 9747.31 9717.44 9759.29
8227.84 8207.51 8204.47 8214.82 8223.78 8230.53 8237.36 8244.71 8249.7 8262.97 8287.01 8314.71 8331.02 8349.74 8368.11 8386.82 8403.87 8415.21 8452.42 8632.27 8760.78 8781.82 8840.82 8860.7 8865.47 8858.36 8839.66 8830.89 8859.06 8841.84 8810.72 8782.13 8744.45 8716.26 8734.9 8746.28 8750.06 8739.4 8725.4 8700.19 8686.86 8698.89 8714.14 8712.49 8701.33 8695.6 8707.17 8723.3 8724.4 8725.86 8727.58 8729.89 8735.9 8755.49 8781.03 8804.31 8826.32 8858.88 8889.76 8963.47 9105.62 9237.22 9441.62 9557.26 9641.4 9629.49 9626.05
8204.39 8182.43 8195.73 8205.83 8211.94 8215.51 8215.49 8233.82 8246.17 8259.82 8275.41 8290.77 8320.51 8343.14 8367.83 8391.35 8415.94 8428.37 8481.9 8540.03 8632.31 8777.04 8919.35 8972.98 8975.48 8955.03 8935.04 8925.66 8913.43 8873.28 8855.65 8834.78 8803.54 8773.61 8787.87 8788.57 8781.64 8762.27 8747.73 8719.48 8702.02 8712.66 8716.89 8720.13 8710.04 8699.25 8697.54 8704.15 8710.46 8711.91 8712.24 8711.62 8715.14 8728.45 8748.55 8767.33 8785.88 8806.59 8841.74 8971.09 9158.82 9260.93 9332.47 9475.62 9588.78 9607.28 9593.98
8195.2 8193.14 8202.24 8205.5 8206.8 8208.05 8211.86 8229.37 8246.47 8261.89 8274.48 8292.05 8315.88 8341.46 8370.56 8399.23 8428.05 8438.69 8468.22 8539.16 8675.4 8914.76 9062.55 9092.4 9083.13 9083.04 9055.98 9072.66 8937.55 8916.72 8918.86 8906.57 8887.62 8880.03 8862.52 8845.77 8812.54 8767.63 8743.27 8722.39 8716.88 8715.28 8713.58 8717.96 8723.86 8700.49 8682.93 8689.32 8699.11 8700.22 8699.52 8697.55 8695.13 8705.66 8724.77 8745.84 8764.76 8782.71 8811.7 9029.12 9129.02 9201.74 9302.5 9449.51 9611.62 9604.44 9585.76
8191.7 8189.97 8199.59 8200.54 8200.76 8203.85 8214.45 8226.7 8245.13 8260.57 8280.75 8302.08 8323.51 8346.69 8375.69 8407.53 8416.89 8443.25 8484.29 8584.85 8781.26 9197.88 9224.55 9189.35 9209.6 9226.75 9276.76 9220.04 9093.46 9013.7 8993.2 8970.22 8954.66 8933.81 8919.22 8903.28 8894.32 8831.16 8768.86 8729.16 8731.88 8708.99 8699.08 8704.82 8716.86 8700.71 8684.7 8695.09 8692.15 8690.35 8689.24 8688.78 8691.46 8694.84 8693.76 8719.1 8782.06 8771.04 8818.32 8929.71 9050.83 9148.25 9274.73 9414.9 9584.16 9598.31 9580.75
