real_craters/C212-500m.grd
DSAA
660 660
-164.8675 164.8675
-164.8675 164.8675
4240.9100519784 7725.3046017205
[rows 540 to 569 of 660, columns 268 to 334 of 660]
6044.03 6056.56 6067.1 6076.48 6084.19 6093.27 6075.99 6056.28 6039.33 6024.98 6015.81 6006.88 6000.78 5997.83 6001.81 5995.63 5990.17 5984.53 5978.18 5969.2 5961.67 5969.74 5988.75 5981.18 5985.11 5989.19 5992.61 5995.58 5997.37 6002.9 6005.23 6013.49 6023.22 6037.3 6077.89 6165.45 6199.04 6154.84 6083.56 6013 5960.26 5966.97 6000.75 6027.54 6061.44 6094.78 6088 6050.33 6030.45 6005.84 5984.46 5966.33 5951.72 5938.79 5930.73 5925.05 5927.8 5944.89 5974.28 6009.64 6025.51 6014.66 5982.03 5938.33 5898.87 5869.42 5856.3
6039.22 6055.15 6071.87 6076.29 6079.44 6078.45 6070.23 6055.09 6039.39 6023.33 6004.88 6005.05 6002.06 5995 5980.47 5991.25 5992.61 5990.31 5986.21 5979.38 5970.1 5979.46 5968.74 5990.31 5998.65 5998.85 6000.89 6004.8 6009.54 6011.43 6018.37 6026.98 6039.56 6060.33 6097.52 6159.87 6195.72 6124.3 6053.14 5991.23 5944.15 5940.53 5970.32 5982.05 5996.63 6003.11 5989.25 6001.15 5996.78 5970.07 5956.58 5944.9 5933.42 5922.33 5912.72 5909.53 5913.09 5928.92 5953.49 5981.02 6000.82 6020.46 6019.31 5955.23 5900.32 5852.5 5845.42
6029.04 6053.03 6071.71 6070 6068.03 6064.06 6059.11 6049.99 6039.08 6028.28 6018.28 6011.59 6007.96 6005.16 6002.96 5999.44 5999.8 6000.04 5999.75 5999.34 6001.58 6007.03 6001.05 6002.79 6007.26 6009.55 6013.87 6015.41 6018.2 6021.45 6028.61 6036.22 6051.55 6074.98 6102.95 6117.57 6103.41 6059.14 6010.83 5967.47 5930.91 5917.04 5916.09 5933.39 5941.64 5935.33 5918.55 5924.98 5926.81 5929.7 5928.39 5923.55 5916.09 5907.58 5899.27 5894.47 5895.01 5907.58 5924.23 5937.49 5950.33 5976.93 5982.47 5913.99 5865.39 5829.77 5833.97
6021 6031.06 6050.74 6055.63 6055.09 6052.83 6049.66 6044.87 6038.03 6031.61 6027.47 6018.18 6013.89 6013.11 6014.57 6007.9 6006.96 6010.54 6013.95 6019.48 6021.47 6022.63 6025.59 6019.99 6019.45 6017.81 6019.16 6022.12 6026.3 6029.4 6034.02 6038.55 6052.35 6072.01 6090.9 6060.86 6000.15 5982.89 5965.52 5942.58 5921.34 5911.48 5898.14 5902.11 5906.69 5901.87 5895.07 5885.26 5882.25 5902.32 5904.9 5904.19 5901.25 5897.37 5892.08 5881.99 5877.51 5887.33 5898.68 5904.75 5907.04 5918.36 5907.35 5886.24 5852.46 5819.31 5812.86
6019.94 6026.16 6035.23 6041.65 6041.63 6040.96 6041.31 6040.54 6037.15 6030.47 6023.27 6021.07 6017.44 6014.96 6011.15 6007.96 6007.43 6011.05 6022.62 6032.47 6028.07 6017.02 6028.1 6026.44 6023.16 6020.48 6023.29 6021.48 6022.06 6025.01 6029.39 6034.15 6041.12 6049.34 6055.43 6012.17 5949.01 5931.95 5927.42 5919.33 5911.33 5907.46 5894.76 5890.63 5888.49 5888.12 5893.73 5879.43 5863.88 5878.99 5886.57 5890.06 5891.37 5889.4 5883.12 5872.84 5866.08 5874.42 5884.1 5891 5896.17 5893.1 5885.59 5875.1 5855.18 5835.35 5830.1
6013.29 6022.18 6032.7 6031.41 6030.85 6031.62 6034.55 6036.15 6037.5 6037.91 6032.34 6023.6 6017.75 6017.21 6012.59 6006.15 6003.86 6007.27 6018.51 6036.14 6046.37 6036.23 6035.03 6033.1 6024.3 6021.32 6024.14 6025.3 6026.55 6025.49 6026.03 6022.35 6020.59 6014.81 5995.11 5960.17 5924.17 5908.71 5904.81 5901.03 5898.96 5899.11 5895.1 5884.41 5876.89 5873.62 5881.46 5871.72 5854.98 5862.35 5871.31 5878.49 5881.96 5883.15 5883.24 5872.03 5863.75 5870.51 5878.93 5885.46 5889.24 5887.11 5885.85 5884.49 5866.53 5853.9 5856.71
6009.45 6012.55 6018.07 6021.72 6021.64 6024.16 6027.66 6030.82 6034.72 6041.46 6035.89 6022.97 6013.46 6009.16 6003.8 5999.23 5997.14 5998.27 6007.5 6032.97 6057.56 6056.54 6059.34 6052.79 6036.13 6023.8 6018.29 6017.66 6019.92 6021.22 6024.07 6017.34 6008.32 5988.57 5957.91 5929.72 5912.94 5901.86 5893.61 5888.4 5887.14 5894.69 5885.13 5874.47 5865.53 5859.02 5858.58 5854.16 5842.18 5845.62 5861.57 5870.79 5875.19 5877.12 5877.22 5872.26 5868.99 5872.95 5878.56 5882.77 5882.07 5885.47 5892.74 5894.01 5877.35 5850.01 5842.5
6016.35 6014.14 6015.22 6015.78 6019.32 6020.81 6022.98 6024.67 6025.28 6025.74 6024.4 6017.87 6008.87 5993.08 5994.24 5991.96 5985.49 5982.34 5985.9 6009.15 6113.61 6114.28 6108.93 6084.99 6052.66 6028.08 6015.35 6008.34 6006.02 6005.19 6006.25 6001.44 5992.61 5973.95 5945.68 5919.8 5910.11 5901.91 5889.03 5882.41 5878.34 5886.16 5877.49 5865.26 5856.13 5846.97 5851.17 5852.03 5839.33 5848.64 5861.8 5866.67 5869.96 5871.4 5870.51 5872.61 5875.75 5878.4 5883 5886.93 5891.95 5898.99 5914.94 5916.31 5891.98 5866.38 5847.05
6016.79 6013.91 6008.5 6013.67 6017.6 6019.05 6019.92 6019.84 6016.58 6007.44 6013.04 6014.63 6012.84 6012 5998.28 5987.43 5976.61 5969.46 5967.98 5985.28 6099.09 6221.92 6172.36 6110.2 6058.66 6022.59 6011.38 6004.17 6001.07 6000.7 5999.14 5995.75 5991.08 5976.11 5952.22 5926.52 5906.25 5888.17 5886.15 5882.16 5879.23 5873.28 5870.6 5861.66 5852.57 5842.57 5844.99 5845.7 5836.63 5849.52 5859.61 5862.38 5864.67 5866.36 5868.28 5875.74 5878.85 5881.34 5886.44 5893.55 5901.94 5918.37 5945.76 5946 5910.88 5861.05 5844.9
6010.37 6013.32 6014.51 6017.07 6018.78 6018.47 6019.03 6018.99 6017.83 6017.55 6016.1 6016.58 6015.85 6014.25 5999.7 5985.77 5973.43 5965.5 5962.65 5977.27 6036.69 6187.32 6159.71 6104.39 6055.49 6019.92 6006.52 6001.92 6002.18 6003 6005.86 6002.16 5997.28 5986.03 5970.09 5943.09 5921.41 5913 5891.15 5880.47 5875.24 5870.55 5861.89 5854.44 5850.91 5845.23 5840.29 5833.83 5829.08 5840.59 5852.01 5856.97 5859.46 5861.85 5866.15 5872.01 5876.94 5883.3 5888.91 5897.39 5913.3 5939.62 5975.32 5972.8 5938.23 5893.55 5855.3
6010.2 6012.91 6020.16 6020.23 6016.65 6020.58 6022.08 6021.35 6020.03 6023.31 6020.82 6021.43 6018.5 6013.06 6002.54 5987.97 5974.02 5963.42 5960.24 5975.19 6008.78 6062.02 6090.86 6071.14 6038.22 6007.51 5993.44 5993.12 5997.6 6004.8 6013.3 6018.57 6018.3 6014.53 6002.16 5965.15 5946.37 5913.73 5899.54 5880.28 5867.93 5861.67 5855.4 5857.23 5846.93 5840.19 5837.3 5837.32 5829.34 5838.21 5847.89 5851.71 5853.76 5855.76 5857.54 5862.15 5873.34 5883.63 5890.32 5897.68 5915.98 5952.41 6007.28 5992.6 5953.16 5919.18 5879.59
5999.31 6009.8 6019.7 6023.73 6023.44 6026.94 6030.67 6029.91 6022.19 6015.83 6026.15 6030.99 6030.49 6023.08 6009.84 5997.96 5984.47 5973.29 5965.33 5973.78 6000.98 6016.3 6036.29 6031.98 6010.97 5986.47 5981.6 5989.52 6001.84 6015.35 6028.22 6042.02 6052.86 6060.96 6062.69 6040.39 6013.36 5968.8 5917.63 5886.62 5874.98 5865.13 5859.62 5856.33 5847.4 5835 5832.54 5827.66 5830.49 5837.48 5843.9 5846.3 5847.78 5849.76 5852.28 5859.97 5873.18 5882.82 5890.63 5897.98 5915.4 5972.89 5999.4 5971.26 5936.59 5919.11 5892.09
5991.81 6006.39 6018.32 6024.58 6027.62 6036.43 6046.16 6051.52 6046.54 6037.67 6043.67 6044.02 6045.7 6034.52 6015.86 6002.37 5991.93 5984.44 5979.07 5980.86 5992.46 6005.81 6009.12 6003.88 5987.53 5970.8 5969.42 5985.23 6003.82 6020.7 6040.47 6063.75 6087.88 6109.48 6132.29 6153.53 6097.5 5989.82 5924.44 5882.47 5871.58 5861.71 5843.63 5849.06 5845.81 5835.49 5828.49 5826.93 5826.2 5833.1 5837.63 5839.77 5842.16 5845.26 5849.66 5863.93 5876.21 5880.73 5887.77 5893.39 5900.8 5900.75 5896.51 5907.88 5892.45 5885.23 5883.54
5995.28 6005.08 6015.77 6021.47 6028.55 6045.33 6064.8 6081.65 6095.68 6090.99 6070.86 6054.93 6039.69 6028.11 6014.38 6002.46 5995.71 5992.47 5996.74 6017.77 6008.34 5996.02 5994.75 5988.22 5972 5958.72 5958.83 5975.12 5998.21 6022.18 6047.24 6074.78 6103.88 6136.23 6170.82 6195.73 6139.49 6020.82 5927.89 5876 5864.22 5857.99 5853.46 5845.37 5836.9 5830.27 5822.86 5815.91 5816.09 5824.84 5827.42 5831.92 5836.86 5842.1 5848.65 5862.71 5870.49 5873.97 5877.68 5880.28 5877.24 5875.7 5877.64 5874.95 5860.83 5869.13 5878.56
5996.89 6003.68 6011.82 6017.49 6026.26 6050.5 6082.61 6111.81 6119.06 6116.14 6094.66 6064.34 6037.91 6021.6 6010.47 6001.23 5995.16 5994.52 6004.57 6005.6 6005.79 6001.32 5993.85 5983.36 5968.11 5953.75 5951.49 5966.97 5989.21 6014.49 6042.64 6073.77 6107.67 6142.58 6175.51 6184.91 6125.87 6002.53 5905.94 5872.48 5862.79 5854.49 5846.26 5839.24 5831.58 5823.93 5817.29 5813.38 5816.66 5812.11 5816.52 5824.74 5833.09 5839.7 5844.62 5850.96 5859.55 5867.01 5872.44 5875.18 5873.46 5875.83 5879.08 5874.65 5866.29 5874.12 5886.34
5996.06 5998.24 6002.9 6002.46 6008.71 6048.38 6094.37 6144.83 6182.62 6160.15 6114.52 6068.23 6025.24 6015.88 6006.41 5995.87 5989.75 5987.37 5993.93 5999.47 6015.45 6010.87 5995.86 5981.03 5967.73 5949.62 5945.42 5960.25 5979.88 6004.08 6033.37 6062.73 6094.07 6125.51 6158.61 6181.23 6149.04 6000.62 5896.87 5872.33 5859.83 5850.46 5842.75 5834.68 5826.73 5818.17 5812.51 5809.99 5811.05 5809.05 5812.31 5821.68 5831.68 5840.23 5845.45 5849.71 5854.1 5861.22 5867.89 5873.27 5876.98 5881.6 5888.27 5893.63 5895.16 5899.47 5902.68
5985.96 5988.48 5987.8 5970 5999.71 6038.72 6089.13 6151.18 6229.88 6180.4 6118.81 6069.5 6031.23 6014.41 6002.87 5993.48 5986.05 5978.35 5970.12 5995.02 6012.32 6009.64 5995.86 5981.03 5967.17 5948.34 5944.79 5956.07 5972.28 5991.36 6015.54 6040.2 6066.59 6091.75 6114.35 6132.16 6110.42 5976.04 5883.5 5867.29 5854 5844.21 5836.98 5829.06 5817.78 5811.74 5807.51 5805.36 5805.97 5806.51 5811.03 5819.58 5832.31 5845.21 5852.57 5851.7 5852.5 5857.37 5867.89 5878.73 5887.8 5891.61 5903.14 5920.65 5936.39 5924.26 5918.12
5978.37 5979.13 5979 5976.79 5989.67 6020.82 6060.33 6101.1 6124.92 6125.77 6095.11 6062.05 6036.19 6015.28 6002.54 5993.3 5984.54 5976.96 5974.54 5996.85 5998.95 5998.62 5991.66 5979.9 5966.95 5950.82 5946.93 5951.84 5962.34 5978.18 5997.15 6014.19 6035.37 6045.67 6045.52 6029.09 5980.2 5915.75 5869.46 5855.59 5843.94 5835.68 5828.71 5822 5811.12 5805.7 5803.03 5800.84 5801.43 5803.46 5809.08 5819.41 5832.68 5849.96 5863.09 5852.13 5840.3 5853.53 5869.58 5883.77 5892.66 5903.39 5924.84 5941.07 5949 5938.07 5927.34
5972.65 5971.94 5970.94 5969.43 5973.2 5996.67 6022.42 6042.25 6053.98 6062.12 6055.61 6041.41 6025.82 6010.07 5998.21 5989.94 5985.67 5984.76 5989.63 5995.59 5992.29 5990.42 5984.59 5974.24 5962.53 5949.32 5944.69 5942.49 5948.57 5959.7 5970.15 5982.02 5992.08 5988.84 5972.42 5936.15 5875.47 5857.12 5846.71 5837.86 5830.35 5826.57 5822.35 5817.37 5806.97 5802.14 5800.82 5798.35 5793.88 5794.13 5798.16 5809.05 5830.34 5849.39 5860.43 5851.98 5841.6 5857.01 5874 5892.56 5908.63 5920.25 5949.93 5960.49 5964.32 5954.42 5940.18
5968.58 5965.94 5960.77 5955.44 5958.18 5973.75 5988.61 5996.5 6000 6014.61 6016.83 6011.47 6005.44 5997.7 5991.97 5990.58 5990.2 5990.43 5990.61 5991.1 5994.41 5986.58 5978.18 5968.2 5957.33 5948.38 5932.87 5929.33 5934.98 5940.78 5948.36 5954.11 5947.31 5940.11 5920.14 5886.73 5846.68 5832.69 5834.5 5827.72 5822.94 5820.07 5815.58 5810.04 5802.04 5797.91 5796.61 5792.84 5786.62 5787.35 5795.77 5807.3 5830.05 5845.65 5856.08 5855.56 5863.21 5867.97 5878.86 5897.92 5921.49 5947.71 5977.31 5996.32 5993.51 5987.6 5964.3
5965.93 5962.25 5957.94 5952.24 5951.32 5957.52 5966.73 5973.19 5977.73 5984.39 5985.5 5985.02 5984.12 5984.59 5987.13 5989.25 5990.13 5989.72 5983.25 5983.83 5989.86 5981.96 5972.74 5963.05 5952.57 5941.95 5931.1 5925.73 5925.06 5925.06 5929.95 5924.19 5919.26 5906.98 5887.84 5863.23 5840.65 5828.5 5825.43 5826.45 5824.36 5819.79 5811.77 5800.6 5800.57 5793.4 5794.03 5790.56 5785.78 5783.51 5785.01 5823.27 5833.57 5839.42 5846.24 5851.85 5861.91 5866.37 5874.85 5898.71 5930.57 5983.75 6089.95 6118.58 6074.53 6053.99 6005.28
5963.21 5958.97 5954.67 5947.88 5940.5 5944.79 5953.29 5962.06 5967.12 5967.16 5963.57 5953.57 5963.68 5974.11 5980.8 5984.59 5987 5985.51 5980.27 5979.83 5981.33 5975.04 5966.7 5958.3 5948.72 5939.4 5929.84 5919.79 5918.34 5914.52 5909.78 5906.27 5895.05 5880.48 5863.02 5850.53 5839.91 5830.31 5826.83 5831.93 5831.5 5827.7 5817.89 5804.83 5785 5785.86 5790.28 5787.6 5783.15 5781.57 5789.54 5816.98 5827.07 5830.66 5835.17 5841.68 5848.74 5854.2 5864.01 5892.29 5945.3 6065.05 6293.83 6374.24 6271.16 6157.68 6059.64
5958.54 5954.91 5951.43 5941.38 5932.35 5935.35 5944.58 5953.72 5957.96 5958.56 5957.11 5952.15 5959.36 5968.59 5975.17 5979.64 5983 5984.87 5974.66 5973.01 5972.44 5968.72 5962.28 5954.42 5946.15 5937.69 5931.75 5922.9 5916.87 5910.12 5904.97 5893.43 5880.08 5868.91 5855.98 5845.87 5839.65 5834.05 5830.3 5835.31 5839.22 5838.4 5831.4 5808.63 5794.43 5791.02 5787.51 5785.48 5783.93 5785.83 5792.33 5800.18 5813.43 5823.27 5828.22 5831.55 5836.07 5842.14 5850.16 5878.44 5959.37 6128.4 6405.92 6533.71 6414.92 6222.79 6085.72
5951.73 5949.47 5947.47 5939.77 5927.66 5934.67 5940.74 5946.23 5950.61 5955.28 5961.62 5968.91 5965.41 5966.61 5970 5973.33 5976.42 5977.59 5976.18 5970.3 5967.14 5963.57 5958.54 5951.76 5944.23 5936.55 5932.49 5923.72 5917.78 5909.28 5896.63 5883.43 5873.18 5862.23 5852.98 5844.81 5838.82 5837.99 5845.41 5852.14 5849.69 5847.9 5849.9 5840.45 5808.47 5799.22 5788.22 5784.64 5784.72 5785.3 5789.66 5797.33 5808.44 5818.92 5821.28 5821.43 5824.29 5830.47 5838.3 5866.14 5955 6103.15 6289.04 6373.25 6325.53 6186.42 6071.41
5945.19 5942.57 5941.48 5941.28 5946.22 5943.75 5941.14 5939.97 5944.63 5950.87 5959 5968.39 5964.8 5963.9 5964.99 5966.73 5969.2 5972.21 5973.22 5968.72 5965.15 5962.05 5956.04 5948.72 5940.93 5933.84 5933.26 5932.88 5923.83 5903.83 5889.34 5877.75 5867.72 5858.23 5849.54 5841.6 5836.26 5835.47 5842.28 5854.23 5857.01 5853.14 5848.81 5851.08 5808.3 5796.7 5785.94 5780.59 5782.76 5786.75 5789.92 5795.37 5803.25 5811.77 5811.88 5810.75 5811.06 5816.06 5829.28 5855.54 5911.71 6001.68 6088.34 6125.45 6120.75 6081.97 6021.7
5941.06 5939.68 5932.99 5943.52 5946.98 5946.88 5943.3 5938.01 5941.99 5945.85 5947.42 5949.82 5957.08 5959.73 5960.65 5960.78 5960.78 5966.04 5970.76 5965.76 5967.15 5962.16 5954.6 5945.9 5937.9 5928.77 5923.58 5925.84 5908.48 5889.01 5882.76 5875.53 5867.11 5857.68 5846.34 5838.73 5832.12 5829.47 5837.74 5858.05 5856.98 5853.47 5839.05 5847.72 5814.64 5788.14 5774.71 5770.14 5774.61 5783.79 5780.74 5782.27 5790.28 5795.55 5798.89 5800 5800.96 5805.58 5822.62 5842.23 5861.17 5901.62 5932.84 5934.11 5955.61 5966.35 5955.27
5939.43 5944.99 5952.65 5953.53 5958.42 5956.94 5946.64 5940.79 5941.33 5945.13 5947.76 5949.89 5954.49 5956.45 5956.61 5956.91 5954.59 5956.75 5973.95 5986.07 5973.07 5963.02 5953 5943.58 5933.86 5921.74 5904.29 5866.92 5835.79 5873.45 5878.58 5873.19 5864.98 5855.33 5845.11 5837.02 5829.64 5831.28 5832.14 5838.78 5847.69 5855.99 5871.66 5859.35 5787.89 5758.03 5748.74 5754.36 5759.99 5761.31 5766.32 5770.74 5772.67 5777.08 5785.18 5790.48 5796.19 5805.74 5819.27 5831.09 5836.64 5852.79 5856.66 5851.84 5868.9 5880.74 5886.82
5941.02 5950.7 5957.07 5961.37 5964.46 5961.26 5948.03 5938.94 5941.76 5948.04 5955.88 5958 5957.05 5956.51 5955.83 5955.88 5956.03 5963.26 5977.48 5981.28 5971.29 5960.23 5950.1 5940.61 5928.38 5918.16 5906.51 5899.93 5913.2 5893.59 5885.09 5875.25 5865.32 5854.87 5844.94 5835.48 5826.73 5820.93 5819.63 5825.19 5831.56 5843.79 5857.18 5843.44 5808.23 5767.76 5744.51 5746.76 5751.09 5754.28 5757.8 5759.38 5754.09 5764 5773.76 5782.2 5791.41 5803.58 5812.71 5822.45 5835.44 5836.26 5836.84 5834.92 5838.58 5845.42 5845.56
5945.46 5955.67 5963.73 5966.16 5968.07 5962.22 5948.06 5938.11 5941.47 5950.07 5961.22 5962.44 5959.1 5958 5957.3 5957.94 5961.65 5974.65 5976 5967.8 5962.07 5954.06 5944.28 5935.59 5927.38 5921.08 5917.33 5927.63 5931.28 5911.8 5893.08 5878.33 5865.79 5854.37 5843.32 5833.24 5823.8 5813.24 5815.28 5805.9 5811.13 5825.47 5820.62 5828.51 5799.37 5768.04 5750.28 5747.9 5751.1 5753.9 5757.13 5758.21 5752.14 5758.74 5766.72 5775.28 5782.97 5791.1 5795.61 5803.54 5818.52 5824.96 5823.46 5823.98 5829.93 5837.73 5837.04
5950.54 5956.52 5962.2 5966.4 5970.72 5973.33 5947.29 5935.5 5940.45 5948.36 5957.27 5959.63 5958.24 5957.93 5958.52 5961.36 5965.36 5985.33 5979.42 5962.91 5953.79 5947.95 5939.35 5931.2 5926.12 5920.91 5920.51 5927.41 5927.84 5911.45 5894.31 5879.6 5866.95 5856.92 5846.12 5836.64 5828.23 5825.53 5823.57 5806.52 5805.04 5817.64 5839.94 5838.72 5808.1 5776.09 5755.76 5756 5757.53 5758.93 5758.13 5757.15 5754.13 5757.41 5763.52 5768.87 5774.23 5778.51 5785.24 5787.78 5800.54 5821.59 5828.64 5829.37 5845.6 5860.68 5861.45
