real_craters/C212-1000m.grd
DSAA
189 189
-94.21 94.21
-94.21 94.21
8161.5997333682 11275.122268734
[rows 60 to 89 of 189, columns 0 to 66 of 189]
9842.93 9846.24 9841.36 9832.04 9822.37 9814.21 9819.97 9832.51 9847.78 9855.89 9873.55 9869.78 9852.88 9832.3 9818.62 9831.83 9878.91 9918.42 9913.11 9913.4 9915.25 9920.88 9929.17 9920.39 10052.3 10265.7 10195.7 9948.14 9857.4 9788.77 9834.48 9925.59 10052 10173.7 10315.1 10395.6 10235.3 10192.5 10183.8 10158.9 10140.2 10134.9 10134.1 10130.9 10118.1 10149.6 10178.8 10252.6 10437 10518.9 10590.8 10644.5 10649.2 10620.5 10579.1 10545.7 10483.2 10396.6 10395.9 10412.4 10447.4 10490 10550.4 10618.2 10796.7 10648.8 10546
9854.83 9861.28 9859.55 9848.58 9833.19 9808.18 9819.28 9838.12 9859.86 9871.55 9865.75 9865.63 9858.75 9864.14 9826.07 9865.61 9890.38 9920.91 9915.87 9913.37 9913.99 9921.42 9940.97 9924.34 10043.7 10212.1 10111.6 9898.99 9812.99 9789.13 9832 9917.59 10024.3 10120.3 10192.5 10210.2 10186 10162.8 10168.1 10144.5 10153.5 10179.5 10166.8 10177.3 10177.4 10197.7 10263.5 10310.4 10416.7 10528 10603.6 10632.9 10635.9 10614.6 10580 10555.5 10491.4 10451 10431.4 10431.1 10442.8 10468.3 10592.4 10728.4 10771 10537.7 10511
9864.59 9871.74 9883.17 9868.59 9851.19 9851.07 9841.06 9837.25 9833.44 9841.82 9856.32 9864.31 9875.62 9865.47 9824.73 9894.85 9901.05 9902.51 9910.71 9901.84 9900.24 9903.74 9913.58 9921.55 10065.2 10250.7 10034.1 9890.38 9788.52 9772.68 9822.12 9903.96 10001.2 10083.8 10144.9 10163.7 10134.7 10125.8 10132.3 10132.3 10158.9 10177.6 10170.1 10162.2 10192.8 10297 10412.8 10393 10419.5 10517.1 10579.7 10604.2 10557.5 10523.9 10551.1 10550.3 10537.7 10467.4 10449.7 10441.6 10442.1 10483.6 10618.2 10700.7 10621.1 10457.3 10401.6
9864.14 9864.32 9866.13 9861.15 9859.48 9859.49 9855.43 9850.08 9834.43 9837.14 9846.75 9853.86 9867.69 9855.03 9814.88 9839.17 9874.58 9887.8 9881.36 9888.44 9888.94 9888.49 9895.09 9922.57 10046.2 10190.4 10070 9914.16 9774.1 9757.44 9814.85 9893.7 9978.36 10079.7 10142.9 10165.5 10115 10111.9 10117.7 10159.9 10169.4 10159.9 10173.5 10184.9 10264.8 10432.6 10375.1 10398.2 10433.8 10495.4 10513.7 10568 10532.8 10518.7 10525.1 10579.7 10586 10508.6 10474.1 10459.2 10476.8 10530.5 10566 10467.4 10328.3 10238.6 10119.8
9838.22 9840.51 9842.57 9854.31 9866.39 9878.51 9887.43 9872.05 9865.79 9857.7 9861.57 9868.84 9846.19 9813.21 9828.46 9838.15 9853.51 9865.76 9873.37 9878.94 9884.4 9894.54 9902.8 9917.85 9981.03 10125.7 10110.8 9953.7 9777.45 9763.18 9813.83 9886.11 9971.57 10078 10135.2 10168.7 10093.2 10088.1 10153.4 10203.7 10194.6 10190.7 10225.7 10263.7 10300.4 10416.2 10350.5 10382.8 10456.1 10512.4 10502.8 10486.7 10463.9 10430.1 10462.3 10519.9 10587 10524.1 10473.1 10444.6 10433.6 10397 10194.2 10132.2 10088.2 10043.1 9910.87
9803.61 9815.57 9823.26 9832.51 9854.19 9882.15 9890.23 9868 9852.56 9851.82 9844.07 9818.8 9796.2 9815.98 9843.35 9870.01 9876.2 9871.72 9879.02 9882.84 9884.94 9889.65 9898.79 9913.86 9964.49 10159.6 10157.9 9994.63 9839.06 9803.62 9830.16 9889.98 9959.21 10065 10108.2 10136.1 10136 10110.8 10136.1 10183.3 10195.2 10208.8 10234.3 10251.9 10235.7 10356.4 10389.5 10475.6 10602.6 10630.9 10525.9 10446.8 10397.5 10367 10379.3 10447.2 10549.8 10503.8 10434.8 10349.4 10257 10124.1 10027.3 9913.21 9841.93 9823.57 9693.48
9798.19 9799.77 9808.93 9825.08 9847.78 9861.62 9853.51 9837.49 9821.29 9835.07 9837.47 9837.92 9845.4 9846.03 9853.1 9869.19 9886.94 9880.49 9890.95 9892.84 9890.63 9894.2 9898.22 9912.04 9982.38 10118.1 10098.3 9968.11 9870.76 9819.9 9831.52 9889.9 9951.22 10043.2 10084.9 10118.5 10135.7 10134.3 10129.5 10135.7 10176.5 10200.5 10206.4 10179.2 10288 10376.2 10509.9 10593.8 10677.3 10592.6 10538.2 10452.3 10350.9 10272 10295.9 10402.2 10475.9 10453.1 10392 10221.4 10041.7 9901.96 9849.12 9813.54 9737.92 9703.86 9624.8
9781.4 9781.83 9797.73 9810.94 9822.77 9853.91 9848.15 9813.16 9797.19 9824.18 9848.21 9864.3 9874.8 9888.27 9877.48 9875.2 9872.79 9885.27 9893.07 9897.87 9896.38 9899.02 9899.14 9909.02 9966.25 10094.1 9996.46 9876.52 9780.29 9802.52 9834.9 9888.94 9974.32 10020.4 10065.1 10106.5 10118 10137.8 10147.9 10177.9 10175.6 10160.8 10136.9 10147.1 10170.9 10320.5 10522.5 10619.4 10669.7 10524.5 10507.4 10422.5 10320.5 10242 10251.9 10377.5 10446 10411.1 10334.3 10133.5 9886.79 9687.26 9672.58 9717.36 9693.6 9650.59 9597.58
9729.32 9762.6 9786.37 9802.98 9813.04 9829.83 9831.66 9794.17 9783.84 9814.45 9861 9908.09 9904.43 9897.91 9882.7 9892.16 9891.22 9883.35 9903.21 9901.87 9895.74 9908.76 9908.37 9929.61 10027.4 10058.4 9902.56 9824.37 9776.64 9792.04 9829.44 9883.09 9928.3 9998.77 10037.3 10077.8 10098.3 10093.3 10134.3 10154.9 10158.6 10130.7 10109.3 10122.2 10146.2 10262.9 10381 10532 10582.9 10474.6 10468.5 10375.7 10294.8 10239.4 10233.4 10319 10431 10478.3 10381.9 10095 9803.12 9602.86 9577.87 9611.48 9620.05 9605.08 9584.99
9771.23 9761.93 9771.1 9793.11 9794.65 9798.33 9796.03 9776.45 9778.36 9811.38 9844.1 9857.86 9871.78 9888.93 9891.74 9899.54 9903.16 9902.25 9905.05 9897.7 9883.08 9893.29 9932.16 9980.98 10112 9995.45 9860.44 9795.61 9762.25 9780.85 9817.83 9864.04 9913.63 9978.76 10009.3 10030.9 10036.8 10098.9 10119 10126.2 10126.7 10101.6 10094.2 10105.7 10115.8 10243.4 10360.8 10454.8 10504.7 10422.5 10360.4 10308.7 10274.6 10236.2 10237.8 10277.4 10468.9 10670.4 10366.8 10055.9 9751.37 9542.14 9509.18 9477.58 9506.42 9510.46 9444.43
9732.46 9734.91 9743 9750.48 9757.83 9759.61 9754.15 9768.02 9782.83 9806.66 9825.3 9837.68 9845.75 9879.01 9910.09 9921.87 9920.07 9921.26 9919.87 9916.59 9874.12 9895.04 9974.63 10071.9 10202.1 10000.7 9854.85 9789.28 9757.97 9766.39 9799.76 9846.85 9928.76 9961.45 9989.15 10008.5 10020.5 10080.7 10088.9 10082.5 10078 10065.6 10063.7 10088 10124.3 10264.5 10349.6 10401.8 10419.3 10370.7 10313.9 10306.5 10292.2 10266.6 10287.9 10342.6 10481 10590.6 10365.3 9982.99 9694.53 9492.84 9446.75 9402.1 9440.11 9466.98 9473.89
9721.58 9717.56 9714.58 9710.26 9717.61 9725.85 9729.31 9750.27 9776.52 9797.37 9818.24 9834.04 9834.43 9849.93 9873.21 9908.25 9910.82 9892.3 9890.64 9876.98 9856.4 9904.06 10029.2 10152.6 10264.8 9991.5 9838.05 9767.6 9742.82 9758.79 9790.8 9831.84 9914.71 9945.48 9975.71 10006.5 10026.3 10041.2 10052.3 10054.2 10045.1 10048.1 10067.3 10099.8 10141.4 10251.9 10334.9 10363.4 10408.1 10520.7 10415 10364.6 10348.8 10361.4 10401.4 10371 10436.3 10448.7 10125.4 9850.13 9613.43 9414.72 9362.47 9366.71 9428.79 9490.98 9439.52
9709.63 9701.95 9693.58 9686.93 9689.44 9702.06 9708.21 9735.48 9765.72 9793.45 9819.19 9828.91 9842.59 9831.67 9833.73 9844.4 9859.49 9869.37 9860.61 9848.04 9854.94 9917.77 10037.8 10167.3 10080.9 9844.37 9803.6 9756.35 9752.4 9774.49 9829.21 9861.99 9895.42 9935.82 9963.61 9988.92 9985.75 10011.6 10035.1 10046.6 10024.8 10042.3 10065.1 10122.5 10144.9 10193.2 10284.1 10351.9 10415.5 10571.2 10500.7 10423.2 10380.7 10374.7 10356.3 10357.2 10350.1 10304.4 10017.8 9729.05 9534.49 9353.64 9252.57 9313.46 9406.64 9504.2 9411.72
9691.3 9684.31 9681.51 9681.32 9686.83 9699.95 9714.05 9731.69 9760.11 9786.66 9816.36 9847.36 9828.42 9820.02 9815.12 9805.34 9831.43 9841.21 9843.29 9840.55 9850.99 9912.64 9990.54 9998.62 9785.7 9807.65 9782.7 9757.67 9772.8 9800.54 9833.39 9868.3 9900.52 9932.6 9955.86 9970.39 9974.24 9988.88 10010.2 10021.3 9992.08 10045 10110.7 10141.8 10151.2 10195.7 10262.8 10359.5 10427.2 10482.2 10509.6 10432.9 10352.7 10330.7 10354.4 10336.9 10215.6 10039.2 9790.43 9578.09 9410.12 9271.71 9207.26 9180.37 9329.37 9436.15 9307.43
9670.7 9665.65 9676.94 9683.45 9692.77 9707.69 9732.02 9746.46 9755.33 9772.67 9793.74 9815.09 9817.09 9815.83 9819.25 9822.08 9838 9857.37 9868.08 9864.6 9844.84 9916.1 9968.31 9926.99 9796.89 9793.72 9769.74 9757.06 9776.94 9806.58 9838.19 9870.94 9903.71 9930.32 9948.18 9961.35 9956.45 9967.6 9983.88 9999.87 10021.2 10077.6 10090.9 10136.9 10166.9 10197.8 10274.1 10372.6 10425.9 10415.1 10500.8 10399.1 10275.7 10196.9 10221.3 10164.4 10028.9 9844.36 9632.81 9475.06 9322.29 9209.38 9081.02 9089.09 9226.31 9360.73 9247.11
9663.64 9675.13 9677.39 9692.85 9703.86 9706.53 9722.55 9742.01 9748.77 9760.89 9777.71 9811.61 9825.06 9821.48 9817.97 9834.59 9845.88 9874.12 9891 9881.94 9877.63 9933.86 10003.4 9959.53 9811.53 9772.75 9770.84 9773.2 9791.5 9818.94 9848.04 9878.65 9907.88 9931.77 9948.98 9955.63 9953.88 9955.97 9967.06 9961.55 10000.3 10078.1 10101 10140.5 10175.8 10237.9 10312.7 10408.6 10463.2 10507.9 10477.4 10303.5 10135 9973.07 9880.29 9888.86 9869.53 9767.63 9646.69 9493.01 9327.96 9241.38 9044.4 8961.99 9095.27 9219.16 9115.12
9652.37 9647.51 9668.64 9691.66 9708.63 9707.49 9708.81 9712.42 9728.77 9741.77 9761.38 9805.84 9824.39 9833.19 9832.59 9818.55 9834.03 9858.07 9873.84 9864.21 9863.86 9940.6 10049 10074.2 9841.97 9763 9752.81 9774.37 9802.2 9828.98 9856.4 9886.05 9913.69 9938.08 9959.86 9966.62 9953.64 9941.9 9960.06 9954.48 9978.03 10059.2 10114.5 10154.3 10208.8 10280.1 10384.3 10475.7 10493.8 10467.5 10331 10153.1 10006.8 9878.81 9850.77 9853.53 9816.13 9738.38 9605.9 9496.92 9468.04 9339.32 9077.44 8879.34 8959.98 9051.43 8904.65
9656.75 9656.79 9665.23 9678.81 9684.68 9692.31 9700.47 9699.79 9712.32 9724.52 9737.19 9751.95 9794.35 9804.84 9803.59 9797.58 9803.75 9819.17 9830.08 9837.84 9862.18 9902.86 9944.71 9989.33 9929.67 9809.65 9784.66 9795.45 9817.7 9841.22 9865.93 9890 9911.56 9937.1 9963.1 9962.77 9940.35 9943.8 9934.02 9948.8 9975.11 10051.7 10132.7 10184.7 10262.3 10387.8 10501 10458.1 10370.6 10253.5 10075.2 10007.1 9937.73 9892.82 9969.02 9916.04 9842.1 9756.35 9671.04 9694.69 9601.36 9371.68 9117.56 8889.78 8820.39 8782.07 8697.98
9657.17 9653.9 9664.71 9672.86 9681.48 9697.78 9702.02 9699.71 9704.28 9712.8 9724.93 9751.06 9790.8 9787.91 9760.59 9756.46 9766.38 9777.92 9789.39 9820.35 9845.39 9847.58 9834.37 9834.34 9871.36 9830.48 9833.36 9825.14 9830.3 9845.02 9864.23 9887.4 9910.48 9930.29 9938.15 9930.72 9940.79 9965.94 9968.98 9972.84 9983.99 10007.5 10103.6 10203.7 10370.7 10494 10562 10379.3 10287 10243.9 10062.7 9957 9923.43 9919.56 9982.01 9940.23 9874.14 9822.56 9830.26 9746.01 9545.66 9306.86 9048.5 8893.05 8724.27 8659.81 8598.79
9662.01 9668.77 9670.27 9674.02 9675.97 9678.27 9697.75 9688.26 9698.27 9704.77 9714.33 9745.42 9762.43 9736.57 9734.94 9728.35 9732.79 9741.32 9749.27 9794.5 9817.16 9815.24 9812.72 9807.27 9810.86 9805.25 9803.45 9816.86 9829.35 9846.46 9866.5 9890.64 9912.23 9930.57 9948.3 9957.71 9958.54 9960.23 9963.02 9970.27 9978.08 10007.9 10120.6 10254.9 10494.5 10506.2 10348.7 10285.4 10259.4 10254.8 10053.4 9956.77 9945.82 9978.53 9991.11 9943.6 9872.87 9815.14 9773.14 9695.32 9466.24 9170.43 8912.59 8777 8660.25 8608.16 8567.87
9677.23 9673.34 9673.07 9674.15 9683.16 9677.7 9690.99 9681.38 9694.38 9703.96 9718.22 9742.1 9728.12 9716.58 9687.36 9693.62 9702.98 9715.77 9730.48 9753.61 9770.42 9794.43 9811.1 9806.37 9802.65 9800.43 9792.96 9813.67 9832.22 9851.77 9870.44 9888.94 9910.42 9926.85 9937.32 9952.2 9967.4 9977.89 9954.07 9953.4 9968.59 10051.1 10197.1 10401.7 10579.5 10447.5 10279.3 10246.1 10260.7 10204.8 10047.7 9977.2 9986.87 10024.3 10001.9 9943 9845.08 9739.44 9624.52 9434.32 9188.41 8974.32 8774.06 8693.86 8591.34 8560.63 8534.5
9666.03 9666.51 9666.9 9668.25 9666.35 9667.15 9675.85 9677.81 9691.86 9706.42 9725.73 9723 9699.25 9709.83 9691.32 9670.58 9679.54 9696.63 9722.72 9757.86 9751.24 9777.86 9807.21 9815.47 9805.81 9800.75 9804.74 9810.53 9827.55 9846.49 9869.44 9889.37 9906.99 9925.26 9943.24 9945.37 9959.06 9976.15 9971.43 9988.62 10010.8 10112 10297.7 10514.2 10472.8 10369.1 10271.4 10255 10302.7 10222.2 10056.4 9998.92 10021.5 10012.6 9982.32 9921.16 9776.28 9626.59 9452.32 9278.45 8996.96 8901.98 8751.49 8599 8533.07 8502.47 8473.85
9647.62 9655.48 9660.88 9662.77 9664.2 9662.85 9673.43 9704.32 9692.35 9699.79 9703.91 9665.65 9663.5 9684.97 9682.04 9655.19 9658.35 9674.14 9688.17 9697.65 9729.22 9756.58 9781.21 9802.48 9795.85 9784.15 9784.11 9804.84 9823.61 9845.25 9866.37 9887.08 9905.32 9919.42 9930.59 9955.96 9953.61 9943.48 9976.38 10040 10174.3 10237.6 10348.2 10465.4 10425.2 10345.4 10274.2 10249 10275.6 10231.3 10041.4 9996.41 10041.2 10039.6 9975.09 9832.93 9678.14 9505.53 9317.45 9084.68 8934.6 8855.2 8708.51 8542.75 8467.07 8424 8390.97
9640.04 9648.9 9657.44 9659.79 9654.82 9648.56 9667.05 9699.28 9697.95 9672.84 9648.03 9603.24 9629.97 9630.04 9622.96 9626.43 9637.09 9657.61 9678.38 9694.22 9714.42 9739.37 9749.75 9779.9 9779.5 9773.16 9780.98 9797.96 9817.89 9841.09 9865.62 9892.09 9910.01 9926.56 9948.79 9973.85 9962.62 9950.36 9968.3 10013.5 10223.8 10247.1 10298.3 10319 10385.6 10328.6 10260.7 10252.5 10238.7 10153.3 10013.1 9971.82 10024.1 10007.1 9915.45 9733.3 9580.72 9405.71 9220.08 9003.87 8858.07 8722.44 8596.66 8487.68 8386.9 8347.27 8325.94
9629.9 9644.82 9660.17 9656.6 9656.78 9655.79 9656.97 9674.91 9653.74 9623.19 9613.33 9598.36 9603.91 9595.55 9600.05 9600.14 9618.62 9645.21 9672.63 9696.07 9719.89 9734.75 9743 9765.24 9765.88 9751.85 9768.99 9787.53 9810.05 9833.61 9861.63 9891.7 9920.94 9948.13 9977.94 9992.82 9979.57 9965.45 9992.83 10014 10116.9 10178.1 10231.3 10265.5 10338.2 10292.5 10241.5 10248 10169.7 10073.8 9994.37 9962.32 10018.6 9972.99 9838.9 9669.89 9491.26 9344.96 9208.56 9061.44 8937.08 8652.45 8514.09 8452.2 8374.83 8320.02 8301.83
9617.79 9626.59 9637.4 9641.71 9648.41 9654.1 9628.24 9620.03 9600.13 9573.79 9576.21 9579.13 9580.73 9570.28 9580.81 9587.08 9605.65 9636.35 9660.06 9673.71 9709.46 9732.45 9746.18 9765.11 9751.59 9747.87 9755.56 9778.51 9803.57 9830.67 9860.07 9893.56 9930.71 9965.97 9992.08 9999.14 9995.68 10001.7 10024.2 10030 10051.6 10141.8 10200.1 10259.1 10262.3 10249.2 10226.7 10233.7 10128.7 10053.3 9997.32 9994.57 10003.7 9942.64 9766.67 9572.02 9430.4 9302.58 9205.51 9021 8784.83 8581.28 8454.77 8363.08 8306.87 8293.68 8270.97
9610.39 9612.44 9613.17 9624.78 9628 9626.78 9607.66 9583.44 9569.93 9574.68 9577.75 9580.72 9589.52 9583.36 9571.41 9567.16 9594.28 9631.42 9670.11 9706.63 9716.96 9736.97 9748.16 9749.1 9725.64 9709.36 9735.9 9766.59 9795.21 9823.98 9854.97 9888.65 9928.86 9997.33 9989.39 9988.41 9997.17 10014.1 10040.1 10026.1 10019.2 10159.4 10214.3 10247.9 10239.9 10226.7 10200.3 10202 10125.4 10060.9 10039.7 10032.7 9998.41 9820.56 9675.42 9561.42 9398.6 9238.51 9085.07 8893.64 8637.25 8517.26 8422.22 8339.96 8306.52 8280.68 8257.07
9603.03 9609.44 9621.96 9617.55 9612.22 9608.61 9613.3 9599.74 9586.05 9578.36 9572.37 9560.43 9562.47 9566.69 9562.93 9581.68 9599.5 9623.89 9659.15 9690.53 9694.19 9704.95 9700.16 9710.85 9698.12 9699.27 9725.37 9758.26 9786.96 9814.07 9844.23 9873.49 9900.84 9920.61 9944.7 9958.72 9978.45 10002.3 10010.4 9998.4 10005.8 10136.9 10238 10201.5 10215.8 10214.5 10192.9 10122.3 10057.1 10049.8 10053.3 10012.2 9888.62 9672.14 9559.37 9428.9 9293.19 9171.9 9012.2 8784.57 8598.9 8504.95 8407.24 8328.94 8303.06 8265.33 8226.66
9618.85 9610.79 9609.89 9607.23 9599.25 9595.35 9605.35 9604.85 9593.53 9579.34 9567.99 9547.53 9534.32 9531.56 9543.62 9547.97 9567.4 9608.82 9636.48 9645.38 9667.6 9681.34 9683.67 9678.88 9671.71 9679.99 9721.9 9754.88 9779.92 9805.87 9831.34 9853.49 9872.3 9887.12 9902.37 9924.77 9943.88 9965.07 9977.45 9968.57 9968.64 9989.55 10037.1 10167.6 10178.9 10205.4 10172.6 10053.2 10024.1 10027.4 10028.8 9975.44 9822.83 9580.43 9469.78 9353.45 9237.06 9140.61 9015.26 8685.31 8563.49 8487.38 8391.65 8313.48 8285.8 8250.54 8216.75
9612.64 9615.98 9612.38 9599.13 9584.75 9592.87 9606.19 9609.87 9598.07 9579.69 9566.48 9545.64 9533.17 9528.38 9538.35 9551.23 9577.12 9606.39 9631.64 9644.94 9654.7 9665.98 9680.39 9665.98 9659.06 9673.59 9707.7 9738.96 9767.02 9791.73 9816.36 9837.39 9856.06 9864.05 9872.95 9896.35 9911.41 9916.06 9913.48 9927.37 9938.53 9942.65 9963 10098.3 10138.8 10188.6 10150.2 10017.1 10005.2 10004.6 9990.64 9950.39 9737.24 9509.17 9435.52 9371.62 9283.76 9154.46 8989.54 8815.32 8529.14 8440.72 8365.41 8304.32 8268.17 8239.12 8210.8
