real_craters/C212-750m.grd
DSAA
441 441
-164.8675 164.8675
-164.8675 164.8675
4242.8846026718 7724.8047977964
[rows 76 to 113 of 441, columns 336 to 419 of 441]
5602 5613 5628 5637 5641 5636 5626 5617 5613 5612 5644 5730 5778 5745 5732 5699 5643 5640 5686 5708 5648 5591 5554 5535 5538 5539 5532 5525 5521 5521 5526 5527 5529 5528 5523 5517 5510 5502 5496 5490 5485 5478 5472 5466 5458 5448 5440 5432 5427 5427 5431 5435 5439 5443 5446 5453 5456 5454 5452 5449 5448 5446 5450 5452 5446 5440 5437 5437 5416 5415 5415 5419 5419 5412 5389 5392 5400 5399 5411 5430 5444 5450 5427 5427
5602 5619 5638 5648 5653 5654 5645 5634 5634 5631 5676 5710 5697 5656 5636 5630 5619 5649 5710 5749 5772 5695 5686 5605 5578 5554 5545 5539 5533 5527 5539 5542 5533 5531 5527 5520 5512 5504 5498 5493 5488 5482 5477 5470 5463 5453 5445 5439 5436 5434 5436 5439 5443 5448 5452 5452 5454 5453 5450 5449 5445 5443 5448 5446 5439 5430 5417 5415 5413 5420 5425 5429 5425 5413 5397 5392 5398 5409 5422 5441 5458 5451 5428 5426
5612 5630 5651 5653 5656 5662 5649 5643 5633 5650 5756 5714 5667 5621 5599 5598 5611 5649 5706 5865 5940 5847 5748 5699 5645 5583 5576 5564 5552 5543 5538 5541 5537 5539 5531 5523 5514 5507 5501 5495 5493 5487 5480 5473 5466 5457 5453 5447 5443 5443 5444 5445 5446 5448 5450 5453 5454 5452 5449 5447 5443 5440 5441 5439 5433 5425 5419 5414 5415 5430 5450 5443 5433 5416 5401 5399 5409 5414 5425 5443 5445 5455 5434 5431
5633 5639 5651 5655 5661 5669 5658 5646 5644 5646 5708 5693 5649 5611 5590 5589 5603 5643 5694 5772 5934 5995 5931 5800 5747 5708 5642 5597 5564 5546 5540 5537 5541 5542 5534 5526 5518 5510 5507 5501 5498 5493 5485 5478 5473 5466 5463 5459 5454 5454 5453 5451 5449 5446 5447 5451 5455 5451 5449 5445 5441 5438 5438 5436 5431 5427 5425 5423 5418 5434 5447 5444 5435 5453 5445 5442 5473 5438 5440 5444 5463 5462 5444 5439
5649 5643 5644 5660 5666 5661 5650 5646 5648 5623 5671 5661 5633 5605 5588 5590 5605 5640 5689 5767 5884 5956 5988 5923 5898 5823 5704 5626 5573 5544 5535 5542 5547 5539 5536 5529 5523 5517 5513 5508 5503 5497 5491 5484 5480 5479 5477 5476 5473 5467 5463 5458 5454 5451 5449 5450 5450 5448 5446 5442 5442 5441 5437 5432 5430 5429 5441 5445 5430 5442 5459 5424 5334 5388 5576 5605 5602 5521 5471 5456 5468 5468 5455 5451
5653 5646 5645 5652 5666 5664 5635 5651 5626 5610 5619 5625 5616 5600 5589 5594 5609 5638 5684 5764 5861 5925 6014 6067 5936 5822 5707 5629 5577 5549 5538 5541 5542 5545 5538 5533 5529 5527 5523 5519 5514 5506 5499 5493 5490 5488 5491 5494 5489 5480 5473 5467 5461 5454 5453 5450 5449 5446 5443 5444 5449 5455 5449 5435 5436 5433 5438 5449 5452 5453 5459 5419 5214 5124 5430 5509 5512 5480 5460 5461 5474 5471 5466 5466
5648 5645 5641 5641 5658 5660 5639 5645 5624 5608 5609 5611 5609 5603 5598 5599 5607 5627 5652 5711 5823 5905 5901 5873 5763 5680 5653 5609 5570 5558 5540 5540 5544 5541 5538 5536 5532 5531 5530 5526 5523 5517 5506 5496 5492 5499 5502 5506 5499 5488 5480 5473 5468 5464 5460 5458 5453 5449 5448 5456 5463 5463 5457 5450 5449 5453 5454 5454 5455 5446 5448 5447 5384 5323 5517 5481 5466 5450 5454 5478 5486 5474 5471 5476
5641 5641 5642 5642 5650 5654 5652 5659 5629 5609 5605 5606 5609 5609 5609 5606 5607 5620 5630 5659 5726 5838 5729 5692 5665 5636 5612 5586 5560 5551 5545 5544 5544 5542 5541 5541 5539 5538 5536 5533 5529 5525 5511 5499 5500 5506 5505 5503 5499 5492 5485 5479 5474 5470 5467 5466 5460 5456 5459 5471 5478 5471 5472 5470 5460 5454 5457 5454 5447 5439 5438 5440 5459 5481 5476 5482 5459 5440 5450 5497 5499 5480 5475 5483
5640 5642 5646 5650 5650 5653 5655 5648 5631 5614 5611 5613 5614 5615 5618 5611 5609 5614 5621 5628 5641 5657 5648 5636 5628 5611 5593 5580 5565 5556 5548 5546 5546 5542 5544 5546 5548 5547 5544 5540 5534 5527 5514 5505 5506 5508 5502 5495 5495 5491 5487 5483 5479 5475 5473 5474 5466 5459 5462 5474 5480 5475 5473 5475 5464 5457 5455 5450 5442 5438 5433 5431 5434 5443 5451 5465 5459 5443 5455 5500 5490 5485 5481 5489
5643 5646 5643 5648 5653 5656 5653 5643 5631 5620 5619 5622 5620 5619 5615 5608 5606 5610 5613 5613 5601 5615 5616 5611 5607 5601 5590 5577 5565 5557 5552 5548 5544 5547 5550 5552 5551 5551 5552 5547 5542 5526 5515 5507 5506 5511 5503 5495 5494 5492 5489 5487 5485 5482 5477 5476 5470 5468 5468 5471 5475 5470 5468 5470 5466 5458 5456 5450 5443 5433 5430 5431 5436 5442 5448 5461 5463 5450 5451 5512 5475 5483 5488 5491
5646 5638 5639 5651 5659 5655 5648 5638 5615 5612 5618 5623 5625 5626 5623 5621 5618 5616 5610 5612 5608 5608 5609 5604 5597 5595 5587 5576 5569 5566 5560 5554 5547 5546 5550 5558 5565 5557 5549 5548 5540 5528 5517 5509 5505 5512 5509 5503 5498 5494 5491 5488 5486 5485 5485 5480 5473 5465 5466 5468 5468 5469 5464 5466 5472 5473 5465 5454 5443 5432 5432 5434 5441 5448 5454 5458 5458 5454 5454 5460 5483 5492 5500 5504
5651 5631 5651 5668 5681 5655 5643 5632 5608 5605 5612 5620 5630 5638 5644 5646 5639 5629 5617 5607 5606 5607 5610 5606 5604 5598 5590 5582 5580 5576 5570 5564 5559 5556 5555 5562 5565 5562 5556 5547 5537 5528 5520 5513 5511 5514 5507 5504 5500 5497 5494 5491 5488 5488 5490 5486 5478 5471 5469 5468 5466 5459 5460 5459 5480 5487 5474 5460 5448 5441 5445 5442 5450 5462 5466 5464 5460 5460 5459 5470 5520 5518 5520 5522
5672 5660 5659 5681 5690 5673 5658 5643 5616 5615 5610 5626 5640 5650 5657 5657 5656 5643 5626 5612 5614 5612 5612 5612 5609 5604 5599 5593 5589 5583 5578 5574 5570 5567 5566 5567 5568 5566 5560 5552 5544 5535 5527 5521 5516 5519 5506 5502 5502 5499 5497 5494 5494 5490 5492 5489 5481 5476 5473 5473 5470 5474 5470 5465 5484 5491 5481 5468 5456 5459 5487 5483 5463 5474 5475 5481 5479 5475 5466 5479 5517 5537 5534 5526
5690 5684 5687 5675 5675 5669 5673 5663 5623 5627 5628 5647 5657 5665 5673 5685 5675 5658 5637 5621 5622 5620 5617 5617 5614 5610 5607 5604 5595 5590 5586 5583 5581 5578 5576 5575 5575 5571 5566 5559 5551 5544 5537 5529 5525 5531 5516 5509 5506 5504 5501 5498 5493 5493 5495 5492 5483 5478 5479 5481 5482 5491 5489 5486 5486 5491 5486 5476 5467 5474 5513 5567 5493 5483 5492 5510 5522 5499 5484 5474 5510 5539 5537 5529
5695 5693 5691 5665 5666 5695 5690 5687 5647 5640 5664 5674 5675 5677 5680 5676 5680 5668 5647 5629 5647 5638 5626 5622 5622 5617 5612 5610 5608 5599 5595 5591 5589 5592 5583 5585 5584 5580 5574 5568 5562 5555 5545 5536 5529 5527 5521 5516 5513 5510 5508 5505 5501 5498 5501 5494 5487 5485 5488 5494 5500 5508 5505 5507 5492 5492 5490 5485 5479 5475 5490 5492 5490 5495 5507 5521 5527 5517 5498 5486 5511 5536 5539 5540
5701 5692 5679 5652 5653 5673 5692 5686 5656 5673 5679 5677 5679 5685 5690 5693 5684 5670 5655 5643 5641 5640 5656 5632 5623 5617 5613 5611 5609 5607 5602 5597 5592 5587 5585 5588 5588 5584 5580 5577 5573 5564 5553 5543 5535 5532 5526 5526 5524 5520 5516 5511 5507 5504 5502 5498 5493 5492 5497 5505 5516 5510 5507 5507 5494 5498 5499 5497 5495 5497 5495 5496 5502 5512 5500 5520 5543 5526 5518 5501 5495 5514 5552 5540
5702 5700 5694 5677 5660 5666 5689 5690 5671 5684 5691 5691 5693 5695 5699 5695 5685 5672 5661 5654 5645 5633 5630 5623 5617 5614 5613 5614 5611 5613 5606 5601 5596 5591 5590 5593 5590 5586 5584 5582 5579 5571 5560 5552 5546 5540 5543 5539 5535 5529 5524 5519 5514 5509 5504 5501 5497 5497 5501 5506 5509 5503 5502 5497 5507 5510 5513 5513 5512 5515 5517 5513 5532 5533 5518 5519 5520 5520 5521 5520 5507 5496 5499 5526
5707 5705 5703 5705 5680 5680 5703 5701 5676 5681 5696 5701 5704 5702 5702 5702 5695 5677 5667 5657 5650 5635 5624 5620 5617 5615 5618 5621 5622 5611 5608 5604 5599 5594 5592 5595 5593 5588 5586 5585 5582 5576 5567 5560 5557 5550 5554 5550 5542 5537 5531 5525 5518 5513 5509 5504 5502 5500 5500 5501 5502 5505 5505 5502 5524 5534 5537 5536 5532 5522 5542 5550 5553 5542 5530 5525 5526 5525 5524 5521 5514 5499 5486 5514
5715 5707 5701 5695 5685 5689 5701 5700 5688 5687 5697 5700 5707 5707 5705 5702 5701 5694 5672 5656 5650 5633 5624 5620 5618 5618 5620 5619 5615 5611 5609 5606 5604 5601 5597 5599 5595 5590 5588 5586 5585 5585 5573 5568 5563 5557 5560 5555 5549 5543 5537 5532 5523 5511 5508 5504 5500 5500 5500 5502 5509 5517 5519 5522 5525 5553 5566 5571 5572 5565 5563 5562 5553 5544 5538 5533 5535 5533 5524 5517 5507 5497 5488 5504
5734 5730 5717 5711 5712 5701 5691 5694 5691 5696 5708 5711 5714 5711 5709 5708 5699 5685 5675 5659 5655 5638 5629 5626 5620 5620 5620 5620 5620 5615 5613 5611 5607 5603 5606 5600 5595 5590 5589 5587 5585 5579 5580 5574 5568 5566 5566 5557 5550 5544 5539 5534 5526 5525 5510 5503 5501 5497 5498 5504 5522 5531 5532 5536 5537 5566 5576 5589 5609 5624 5582 5563 5567 5535 5529 5530 5529 5518 5512 5508 5487 5435 5453 5488
5745 5728 5719 5713 5706 5696 5690 5691 5696 5708 5715 5710 5713 5713 5712 5709 5701 5683 5672 5682 5662 5649 5630 5627 5626 5623 5622 5623 5619 5619 5618 5615 5613 5613 5615 5606 5599 5594 5589 5587 5586 5587 5581 5574 5568 5566 5566 5556 5549 5543 5537 5533 5521 5510 5503 5495 5491 5493 5495 5500 5514 5523 5532 5537 5548 5558 5575 5616 5659 5693 5647 5568 5553 5522 5524 5530 5530 5528 5522 5528 5499 5467 5442 5478
5750 5728 5723 5714 5704 5692 5688 5693 5703 5714 5737 5724 5721 5716 5718 5714 5705 5665 5611 5657 5705 5672 5630 5627 5629 5627 5631 5629 5632 5629 5626 5622 5619 5619 5621 5610 5600 5593 5589 5586 5583 5582 5576 5570 5565 5554 5553 5549 5547 5540 5530 5518 5508 5505 5498 5491 5488 5491 5495 5496 5508 5517 5525 5548 5553 5512 5568 5634 5699 5752 5745 5616 5549 5542 5538 5539 5538 5536 5528 5527 5521 5519 5494 5481
5737 5734 5737 5728 5707 5696 5690 5697 5706 5714 5716 5738 5723 5720 5727 5714 5700 5641 5521 5384 5610 5691 5643 5637 5636 5634 5634 5634 5639 5640 5634 5628 5622 5616 5610 5604 5593 5592 5590 5586 5580 5574 5579 5584 5572 5560 5560 5554 5549 5542 5535 5524 5514 5509 5501 5493 5492 5497 5501 5504 5510 5520 5531 5564 5594 5498 5553 5622 5700 5783 5813 5708 5565 5558 5544 5533 5532 5538 5535 5521 5514 5508 5495 5485
5748 5749 5773 5758 5736 5712 5706 5705 5708 5705 5714 5742 5741 5741 5733 5725 5701 5656 5591 5569 5685 5678 5644 5642 5638 5635 5638 5639 5651 5644 5638 5632 5625 5615 5612 5603 5600 5598 5596 5591 5584 5576 5584 5591 5579 5572 5570 5561 5552 5543 5536 5525 5514 5511 5509 5502 5503 5506 5510 5514 5517 5530 5547 5583 5575 5526 5556 5615 5685 5770 5825 5658 5572 5561 5544 5528 5512 5508 5507 5512 5509 5503 5495 5488
5743 5745 5755 5751 5734 5717 5718 5717 5725 5731 5770 5788 5778 5818 5865 5838 5733 5727 5681 5680 5676 5654 5642 5640 5643 5651 5647 5651 5647 5643 5638 5635 5631 5631 5629 5619 5617 5614 5608 5601 5594 5587 5590 5592 5581 5574 5574 5566 5556 5545 5531 5524 5517 5517 5521 5532 5521 5516 5514 5516 5523 5532 5553 5587 5571 5546 5564 5601 5643 5673 5658 5596 5567 5552 5539 5521 5504 5499 5492 5498 5505 5508 5499 5498
5748 5730 5719 5713 5712 5708 5713 5725 5742 5766 5785 5792 5793 5924 6185 6104 5996 5865 5711 5655 5668 5691 5644 5647 5648 5650 5654 5653 5638 5639 5638 5637 5636 5635 5637 5635 5636 5634 5628 5620 5609 5601 5598 5596 5586 5580 5579 5569 5560 5551 5543 5534 5526 5523 5525 5525 5527 5524 5520 5521 5529 5541 5556 5566 5563 5556 5567 5585 5606 5608 5587 5576 5566 5548 5540 5525 5511 5501 5492 5493 5500 5505 5504 5506
5735 5716 5697 5710 5704 5698 5704 5725 5750 5785 5817 5808 5811 5960 6244 6315 6211 5922 5720 5661 5722 5672 5652 5650 5646 5640 5641 5642 5633 5632 5635 5638 5641 5643 5649 5661 5670 5667 5658 5643 5625 5611 5602 5598 5590 5584 5579 5574 5567 5557 5547 5544 5535 5532 5530 5526 5530 5531 5531 5532 5535 5540 5542 5550 5545 5542 5559 5570 5580 5583 5571 5561 5564 5566 5553 5545 5533 5519 5509 5501 5502 5508 5510 5517
5724 5724 5716 5702 5697 5692 5703 5722 5743 5768 5796 5802 5811 5920 6160 6308 6176 5884 5709 5659 5661 5660 5657 5648 5639 5638 5640 5642 5638 5639 5641 5641 5644 5655 5666 5680 5702 5704 5685 5664 5641 5621 5608 5602 5597 5589 5581 5581 5576 5571 5565 5562 5548 5543 5542 5543 5541 5541 5540 5542 5543 5543 5540 5543 5541 5539 5552 5563 5572 5575 5568 5559 5558 5565 5561 5551 5533 5481 5508 5504 5500 5515 5528 5530
5734 5732 5720 5697 5694 5698 5706 5719 5732 5742 5746 5762 5781 5878 6049 6110 5993 5792 5696 5667 5667 5664 5660 5650 5641 5638 5641 5644 5649 5651 5651 5652 5653 5659 5690 5722 5766 5740 5707 5677 5651 5631 5614 5609 5600 5593 5592 5586 5582 5583 5581 5570 5563 5555 5551 5549 5550 5552 5556 5554 5551 5551 5554 5558 5552 5550 5554 5560 5565 5564 5564 5558 5556 5565 5557 5546 5527 5503 5492 5498 5494 5516 5524 5536
5747 5752 5741 5723 5703 5700 5702 5711 5720 5726 5730 5743 5763 5834 5895 5853 5799 5722 5699 5679 5683 5667 5658 5651 5640 5644 5647 5655 5657 5661 5664 5666 5659 5654 5675 5702 5776 5743 5710 5683 5659 5637 5616 5612 5599 5595 5591 5592 5587 5583 5581 5575 5572 5567 5561 5558 5558 5559 5564 5560 5556 5556 5560 5564 5561 5559 5557 5558 5560 5555 5550 5547 5555 5552 5547 5527 5514 5495 5487 5502 5515 5523 5539 5538
5765 5755 5739 5722 5707 5696 5700 5707 5709 5716 5728 5750 5754 5759 5769 5745 5721 5702 5704 5682 5669 5655 5648 5644 5648 5658 5659 5662 5665 5675 5683 5686 5687 5676 5688 5666 5695 5708 5698 5681 5662 5645 5630 5615 5602 5597 5593 5591 5590 5588 5589 5590 5588 5580 5574 5569 5565 5562 5559 5558 5556 5554 5555 5560 5558 5557 5553 5552 5552 5547 5544 5541 5546 5551 5540 5518 5500 5494 5498 5513 5518 5529 5534 5536
5778 5750 5732 5718 5711 5703 5699 5699 5700 5700 5695 5699 5712 5710 5716 5708 5695 5684 5689 5677 5661 5658 5649 5645 5643 5655 5660 5652 5667 5682 5697 5714 5725 5733 5744 5669 5669 5683 5683 5675 5662 5649 5637 5621 5611 5605 5600 5598 5596 5597 5597 5594 5590 5585 5583 5576 5570 5566 5563 5557 5553 5549 5548 5551 5551 5547 5546 5545 5542 5547 5548 5541 5534 5544 5532 5519 5504 5504 5533 5522 5530 5535 5536 5533
5758 5738 5729 5716 5703 5700 5700 5699 5696 5689 5681 5676 5684 5687 5689 5684 5681 5680 5678 5669 5660 5648 5639 5633 5634 5642 5651 5657 5670 5685 5704 5733 5778 5781 5726 5660 5660 5669 5664 5657 5651 5644 5637 5625 5622 5613 5608 5608 5605 5601 5599 5593 5584 5580 5577 5574 5571 5569 5562 5557 5553 5546 5540 5549 5551 5543 5543 5542 5537 5534 5534 5525 5526 5542 5526 5516 5504 5498 5520 5509 5513 5528 5531 5527
5764 5734 5722 5712 5703 5699 5700 5697 5691 5685 5675 5665 5668 5672 5678 5677 5672 5667 5665 5662 5658 5645 5633 5625 5625 5629 5636 5672 5679 5684 5696 5716 5747 5761 5719 5700 5688 5671 5655 5647 5643 5640 5636 5622 5618 5615 5612 5612 5608 5600 5595 5586 5574 5569 5568 5566 5567 5569 5563 5557 5555 5559 5565 5562 5559 5559 5554 5545 5537 5525 5519 5508 5511 5519 5512 5497 5505 5501 5503 5511 5515 5519 5516 5512
5749 5731 5721 5711 5705 5702 5701 5698 5693 5687 5681 5672 5669 5675 5679 5678 5669 5657 5658 5656 5649 5638 5633 5626 5621 5624 5628 5672 5675 5675 5679 5678 5667 5671 5679 5687 5668 5645 5639 5636 5634 5634 5632 5619 5613 5612 5610 5611 5609 5598 5587 5573 5563 5554 5550 5554 5558 5562 5558 5554 5552 5554 5562 5567 5563 5563 5557 5545 5532 5521 5512 5504 5524 5526 5532 5513 5527 5523 5514 5523 5519 5510 5507 5505
5734 5727 5719 5717 5715 5712 5707 5701 5694 5688 5682 5676 5676 5678 5680 5677 5670 5666 5658 5652 5646 5631 5636 5629 5623 5620 5621 5654 5654 5653 5647 5639 5624 5629 5637 5654 5634 5618 5619 5620 5622 5623 5624 5607 5606 5607 5606 5606 5602 5591 5582 5567 5556 5547 5543 5544 5547 5549 5551 5548 5547 5545 5550 5561 5559 5554 5548 5542 5520 5521 5511 5506 5522 5538 5547 5529 5529 5531 5520 5527 5522 5514 5509 5505
5737 5730 5727 5727 5729 5724 5716 5707 5698 5690 5682 5677 5681 5677 5678 5675 5671 5665 5655 5650 5646 5640 5636 5623 5620 5616 5605 5617 5626 5628 5625 5617 5612 5609 5612 5626 5618 5606 5607 5608 5609 5608 5608 5594 5601 5603 5600 5595 5590 5585 5579 5565 5552 5543 5538 5538 5540 5538 5538 5542 5544 5549 5549 5545 5551 5551 5549 5542 5510 5511 5514 5518 5543 5546 5551 5566 5560 5546 5539 5530 5527 5520 5514 5510
5762 5743 5739 5741 5742 5734 5725 5715 5706 5696 5686 5684 5679 5675 5674 5675 5673 5666 5654 5646 5643 5634 5630 5619 5614 5611 5601 5603 5606 5607 5607 5603 5597 5598 5609 5602 5616 5605 5599 5598 5597 5594 5590 5596 5598 5598 5595 5594 5591 5583 5573 5559 5549 5540 5535 5533 5531 5528 5536 5540 5543 5553 5561 5551 5554 5555 5551 5550 5532 5532 5539 5553 5557 5561 5563 5569 5573 5561 5551 5541 5534 5528 5519 5495
