real_craters/C212-750m.grd
DSAA
441 441
-164.8675 164.8675
-164.8675 164.8675
4242.8846026718 7724.8047977964
[rows 114 to 151 of 441, columns 0 to 83 of 441]
6447 6542 6657 6694 6527 6429 6381 6386 6379 6354 6330 6323 6312 6289 6267 6282 6304 6287 6287 6309 6291 6348 6423 6495 6540 6594 6628 6399 6308 6431 6446 6377 6275 6228 6227 6217 6204 6201 6232 6218 6177 6160 6150 6138 6128 6106 6123 6121 6101 6090 6081 6068 6077 6082 6090 6084 6076 6083 6121 6137 6174 6208 6269 6365 6425 6454 6448 6377 6267 6185 6141 6099 6079 6066 6059 6051 6047 6050 6042 6030 6035 6047 6059 6069
6435 6499 6527 6501 6466 6404 6371 6351 6331 6328 6321 6319 6312 6312 6288 6316 6378 6371 6292 6285 6297 6358 6425 6505 6583 6536 6389 6287 6292 6354 6376 6376 6280 6225 6229 6211 6202 6204 6193 6178 6172 6163 6145 6127 6123 6095 6103 6109 6098 6083 6068 6061 6062 6063 6060 6065 6072 6088 6167 6282 6293 6303 6301 6326 6358 6379 6359 6286 6248 6193 6139 6090 6062 6053 6048 6044 6045 6047 6046 6051 6044 6047 6054 6066
6398 6442 6462 6448 6400 6375 6353 6339 6331 6322 6318 6310 6307 6294 6288 6342 6460 6570 6349 6294 6318 6374 6422 6457 6503 6481 6382 6285 6262 6246 6245 6256 6239 6238 6211 6206 6206 6204 6190 6170 6210 6214 6154 6132 6129 6117 6102 6094 6077 6069 6064 6067 6064 6060 6052 6062 6071 6070 6165 6343 6312 6213 6241 6279 6309 6333 6333 6307 6294 6225 6129 6087 6053 6042 6040 6039 6038 6037 6038 6030 6035 6040 6048 6061
6362 6395 6419 6427 6359 6321 6331 6337 6314 6322 6318 6311 6315 6307 6282 6331 6415 6470 6347 6319 6359 6399 6431 6421 6387 6490 6557 6465 6326 6263 6250 6245 6247 6309 6203 6202 6209 6201 6209 6194 6237 6234 6151 6146 6132 6121 6100 6064 6058 6057 6054 6053 6066 6080 6089 6084 6071 6081 6137 6185 6221 6194 6213 6245 6280 6312 6349 6388 6378 6237 6129 6083 6049 6037 6032 6031 6030 6029 6027 6028 6022 6031 6040 6050
6342 6363 6373 6357 6335 6309 6305 6305 6320 6320 6319 6316 6324 6319 6288 6300 6319 6304 6327 6353 6387 6441 6479 6483 6452 6555 6647 6645 6431 6287 6259 6356 6225 6221 6200 6201 6204 6208 6215 6199 6186 6168 6142 6175 6172 6120 6108 6056 6047 6048 6049 6058 6093 6134 6129 6140 6135 6114 6128 6179 6177 6183 6195 6219 6258 6308 6362 6433 6422 6240 6141 6081 6046 6033 6027 6025 6023 6023 6023 6014 6012 6021 6030 6037
6331 6344 6345 6330 6323 6312 6308 6305 6316 6321 6322 6319 6325 6324 6296 6285 6288 6301 6356 6407 6463 6510 6561 6644 6678 6613 6596 6576 6422 6296 6269 6296 6264 6219 6213 6203 6211 6208 6193 6168 6196 6254 6163 6133 6112 6111 6087 6061 6064 6059 6056 6063 6119 6253 6303 6204 6129 6124 6121 6112 6141 6153 6177 6209 6244 6283 6321 6346 6302 6193 6138 6080 6046 6035 6031 6029 6029 6026 6025 6015 6013 6017 6022 6025
6329 6339 6341 6337 6330 6324 6315 6313 6322 6328 6327 6329 6336 6327 6305 6300 6290 6299 6448 6611 6611 6582 6601 6661 6684 6579 6480 6351 6337 6272 6261 6334 6411 6283 6208 6207 6219 6202 6168 6138 6174 6229 6136 6125 6107 6112 6105 6108 6091 6070 6064 6073 6130 6268 6312 6215 6129 6132 6152 6129 6127 6134 6152 6177 6204 6232 6253 6237 6184 6145 6110 6075 6048 6039 6036 6032 6031 6025 6020 6012 6018 6019 6020 6020
6340 6355 6360 6361 6363 6394 6330 6334 6324 6327 6329 6336 6345 6331 6329 6367 6373 6359 6551 6699 6635 6608 6597 6523 6501 6498 6443 6417 6329 6266 6280 6521 6663 6583 6450 6349 6285 6238 6178 6136 6140 6161 6225 6172 6111 6108 6081 6110 6096 6078 6073 6082 6118 6203 6229 6176 6123 6122 6127 6135 6108 6102 6120 6142 6163 6181 6192 6164 6115 6095 6060 6072 6048 6042 6040 6034 6030 6025 6019 6024 6020 6022 6022 6021
6373 6388 6394 6407 6460 6508 6344 6316 6311 6321 6329 6336 6322 6344 6372 6478 6591 6658 6604 6586 6585 6628 6657 6620 6552 6483 6399 6344 6309 6274 6302 6555 6788 6923 6738 6471 6363 6284 6255 6173 6141 6220 6265 6230 6238 6203 6093 6087 6082 6083 6082 6088 6112 6124 6136 6122 6100 6099 6110 6121 6080 6068 6086 6104 6119 6133 6139 6136 6127 6132 6145 6122 6079 6055 6041 6035 6029 6027 6026 6024 6030 6027 6026 6025
6439 6428 6418 6426 6478 6468 6376 6327 6313 6317 6331 6347 6367 6345 6429 6550 6689 6650 6545 6544 6663 6739 6751 6775 6640 6495 6379 6308 6287 6275 6284 6475 6725 6901 6866 6616 6435 6324 6239 6162 6127 6154 6177 6220 6261 6205 6109 6082 6079 6093 6097 6097 6094 6098 6096 6087 6075 6070 6077 6080 6066 6060 6070 6082 6096 6111 6120 6143 6190 6218 6270 6190 6111 6070 6050 6036 6029 6026 6020 6022 6025 6029 6028 6029
6499 6458 6426 6406 6393 6390 6368 6335 6313 6322 6337 6346 6359 6331 6460 6538 6586 6525 6559 6675 6870 6948 6792 6592 6554 6494 6406 6327 6280 6273 6296 6451 6643 6731 6715 6541 6494 6369 6202 6159 6140 6143 6133 6166 6179 6142 6100 6094 6104 6117 6124 6120 6108 6094 6078 6048 6036 6036 6026 6037 6046 6051 6064 6079 6093 6107 6114 6132 6159 6202 6219 6185 6121 6075 6049 6035 6027 6023 6025 6028 6031 6031 6030 6029
6501 6462 6425 6391 6358 6372 6346 6330 6315 6320 6326 6335 6341 6353 6416 6515 6538 6496 6600 6751 6948 7032 6824 6587 6542 6503 6504 6386 6278 6276 6318 6543 6713 6748 6772 6815 6670 6478 6339 6210 6163 6205 6139 6126 6124 6111 6111 6099 6120 6150 6154 6154 6132 6102 6082 6063 6039 6021 6009 6011 6020 6042 6064 6085 6100 6111 6119 6122 6131 6154 6172 6146 6097 6059 6041 6032 6024 6020 6022 6033 6035 6030 6027 6027
6457 6436 6407 6377 6354 6351 6353 6344 6330 6315 6310 6322 6342 6344 6414 6513 6586 6480 6521 6677 6835 6886 6805 6736 6578 6487 6396 6345 6296 6277 6431 6761 6927 7082 7029 6974 6789 6567 6352 6266 6176 6178 6124 6107 6107 6115 6103 6140 6219 6178 6181 6199 6217 6125 6102 6077 6046 6017 6001 6007 6020 6042 6069 6094 6114 6126 6129 6119 6109 6110 6125 6112 6082 6049 6037 6030 6025 6020 6020 6033 6024 6020 6023 6024
6413 6408 6395 6376 6349 6365 6371 6369 6359 6331 6313 6308 6310 6391 6414 6452 6451 6448 6486 6599 6714 6729 6727 6651 6580 6484 6388 6344 6308 6297 6559 6926 7039 7071 6909 6813 6744 6672 6552 6355 6197 6137 6106 6090 6097 6118 6107 6106 6112 6159 6197 6227 6267 6255 6136 6070 6042 6020 6001 6012 6021 6047 6077 6106 6133 6155 6159 6147 6129 6116 6137 6134 6092 6053 6034 6027 6025 6021 6015 6016 6015 6016 6021 6024
6377 6388 6397 6394 6395 6402 6404 6391 6375 6346 6324 6318 6322 6342 6379 6401 6407 6429 6467 6577 6699 6753 6758 6692 6610 6528 6429 6391 6380 6334 6606 6982 7009 6982 6839 6742 6733 6741 6652 6452 6256 6138 6104 6077 6078 6089 6107 6092 6101 6164 6216 6227 6212 6181 6132 6068 6034 6023 6028 6028 6029 6058 6090 6130 6167 6200 6217 6200 6179 6188 6186 6160 6132 6070 6038 6024 6019 6019 6010 6011 6014 6021 6024 6028
6376 6384 6404 6420 6437 6477 6464 6420 6374 6363 6358 6341 6325 6335 6359 6379 6392 6422 6461 6592 6758 6915 6825 6696 6687 6630 6561 6476 6395 6344 6475 6818 6850 6819 6763 6739 6750 6767 6678 6496 6372 6314 6136 6075 6081 6098 6124 6094 6159 6256 6248 6224 6194 6176 6126 6070 6039 6021 6014 6024 6037 6070 6109 6153 6197 6242 6290 6318 6265 6205 6249 6300 6233 6097 6048 6030 6020 6014 6014 6015 6019 6024 6029 6028
6360 6375 6416 6481 6530 6582 6519 6462 6421 6377 6353 6341 6330 6336 6355 6373 6389 6424 6473 6615 6784 6919 6905 6842 6844 6818 6732 6655 6498 6391 6444 6554 6637 6669 6680 6701 6696 6655 6570 6441 6340 6260 6161 6103 6094 6097 6109 6102 6200 6303 6256 6223 6186 6164 6119 6070 6044 6027 6022 6027 6044 6081 6124 6172 6227 6285 6345 6416 6324 6222 6291 6440 6317 6141 6067 6041 6027 6018 6018 6021 6027 6032 6033 6036
6320 6349 6404 6486 6557 6565 6514 6456 6414 6387 6364 6374 6353 6357 6363 6374 6392 6432 6499 6637 6792 6896 6896 6936 7052 7143 7107 6960 6750 6502 6407 6401 6480 6550 6618 6647 6566 6423 6367 6319 6235 6164 6135 6107 6107 6124 6115 6135 6140 6200 6243 6223 6189 6160 6122 6088 6057 6034 6028 6038 6052 6095 6141 6193 6245 6295 6340 6372 6306 6248 6255 6317 6263 6154 6086 6053 6036 6026 6022 6023 6023 6028 6031 6033
6293 6318 6361 6401 6455 6482 6471 6421 6393 6391 6443 6608 6414 6371 6363 6368 6404 6445 6512 6665 6816 6947 6977 7022 7242 7493 7492 7264 7071 6747 6496 6410 6403 6434 6476 6462 6398 6321 6268 6235 6187 6146 6128 6117 6107 6136 6207 6148 6153 6266 6260 6227 6195 6232 6207 6107 6078 6055 6048 6052 6061 6105 6154 6207 6258 6295 6298 6251 6236 6203 6212 6217 6190 6136 6088 6061 6043 6031 6028 6023 6018 6027 6032 6033
6289 6306 6323 6332 6358 6372 6373 6364 6357 6362 6383 6459 6519 6361 6355 6385 6452 6508 6577 6714 6833 6936 6954 7067 7324 7580 7574 7358 7157 6779 6535 6411 6353 6331 6323 6395 6285 6230 6219 6200 6179 6145 6131 6133 6103 6121 6216 6188 6144 6246 6245 6240 6242 6314 6299 6165 6107 6079 6070 6068 6075 6113 6160 6211 6266 6310 6329 6275 6238 6199 6182 6173 6147 6115 6087 6066 6051 6040 6035 6028 6022 6029 6034 6037
6282 6290 6300 6310 6313 6322 6324 6317 6313 6311 6321 6355 6374 6377 6385 6459 6694 6813 6789 6809 6858 6907 6935 7071 7270 7458 7413 7220 6992 6715 6502 6370 6299 6273 6257 6285 6245 6210 6205 6195 6172 6139 6125 6130 6119 6141 6214 6221 6145 6148 6207 6265 6309 6284 6214 6158 6119 6096 6089 6097 6098 6121 6165 6220 6274 6327 6393 6437 6281 6216 6195 6153 6117 6100 6085 6068 6059 6049 6044 6040 6039 6039 6040 6039
6269 6270 6278 6285 6283 6275 6271 6269 6271 6275 6287 6330 6429 6491 6488 6445 6689 7046 6925 6863 6865 6879 6931 7059 7143 7190 7136 6989 6792 6591 6452 6346 6277 6254 6244 6231 6221 6216 6212 6202 6195 6166 6159 6153 6135 6134 6163 6202 6153 6147 6207 6257 6284 6253 6205 6159 6121 6098 6099 6101 6087 6122 6172 6224 6275 6322 6339 6303 6259 6212 6183 6149 6115 6093 6074 6066 6063 6063 6055 6051 6051 6053 6055 6053
6258 6250 6260 6264 6257 6251 6249 6247 6252 6260 6275 6404 6649 6615 6578 6472 6591 6797 6795 6816 6850 6894 6961 7042 7032 6926 6900 6787 6625 6522 6439 6350 6288 6265 6250 6238 6229 6244 6222 6206 6190 6176 6169 6196 6164 6141 6165 6155 6178 6250 6276 6229 6204 6210 6204 6163 6124 6103 6109 6116 6094 6128 6177 6226 6271 6306 6349 6336 6254 6218 6191 6165 6134 6097 6077 6067 6064 6063 6061 6058 6058 6057 6060 6066
6255 6257 6252 6249 6242 6237 6233 6242 6249 6265 6305 6417 6620 6591 6513 6487 6505 6533 6636 6721 6807 6929 7041 7039 7018 6928 6843 6688 6545 6500 6430 6363 6316 6288 6266 6240 6245 6230 6228 6216 6199 6184 6178 6192 6174 6161 6173 6181 6228 6236 6253 6203 6172 6180 6185 6161 6129 6115 6124 6123 6113 6140 6183 6230 6270 6288 6248 6241 6236 6240 6256 6239 6157 6126 6092 6073 6076 6069 6065 6062 6061 6061 6058 6065
6251 6245 6243 6242 6242 6234 6229 6251 6254 6277 6346 6444 6500 6512 6477 6463 6466 6483 6550 6633 6717 6809 6915 6978 7024 7045 6865 6698 6530 6451 6416 6385 6347 6337 6298 6254 6231 6225 6242 6227 6209 6200 6193 6192 6194 6182 6177 6209 6294 6276 6226 6189 6166 6161 6159 6163 6146 6149 6172 6172 6172 6178 6196 6232 6269 6304 6329 6275 6236 6259 6309 6315 6283 6220 6125 6077 6063 6067 6063 6061 6060 6058 6062 6059
6246 6245 6242 6241 6249 6248 6231 6234 6250 6265 6279 6374 6428 6444 6438 6433 6451 6470 6526 6591 6650 6681 6741 6821 6927 6944 6834 6733 6600 6445 6426 6455 6483 6447 6359 6264 6254 6299 6277 6250 6229 6220 6212 6208 6205 6194 6186 6229 6301 6278 6231 6195 6182 6174 6170 6190 6204 6243 6317 6304 6230 6206 6222 6253 6283 6311 6363 6304 6252 6260 6282 6295 6297 6232 6131 6077 6061 6060 6058 6057 6057 6059 6059 6057
6239 6237 6237 6246 6261 6247 6235 6231 6242 6257 6278 6312 6355 6413 6432 6417 6526 6479 6519 6571 6620 6654 6700 6754 6804 6803 6744 6622 6563 6504 6459 6539 6659 6581 6428 6321 6300 6296 6276 6259 6249 6236 6230 6217 6206 6201 6200 6217 6208 6209 6214 6205 6211 6240 6239 6247 6334 6398 6455 6411 6289 6242 6269 6293 6301 6280 6235 6246 6255 6247 6236 6207 6193 6154 6114 6080 6064 6053 6053 6053 6052 6051 6052 6054
6231 6228 6230 6254 6277 6262 6243 6234 6240 6255 6273 6295 6329 6406 6524 6546 6503 6503 6538 6581 6624 6665 6683 6702 6753 6756 6694 6598 6565 6524 6471 6542 6657 6588 6443 6326 6281 6271 6265 6254 6251 6247 6228 6222 6227 6212 6213 6205 6201 6200 6288 6267 6256 6282 6317 6364 6470 6506 6508 6456 6361 6324 6338 6352 6352 6316 6237 6253 6241 6256 6224 6174 6153 6127 6097 6073 6057 6050 6048 6049 6050 6048 6048 6048
6224 6225 6235 6270 6292 6272 6243 6236 6242 6255 6269 6286 6322 6365 6398 6418 6475 6524 6573 6614 6645 6670 6677 6677 6721 6731 6685 6617 6544 6497 6456 6476 6518 6484 6413 6326 6277 6270 6279 6290 6299 6289 6255 6230 6229 6227 6224 6226 6225 6218 6294 6360 6298 6259 6316 6431 6509 6509 6467 6445 6423 6407 6400 6418 6461 6489 6475 6454 6401 6336 6256 6184 6135 6105 6085 6066 6049 6046 6045 6046 6048 6049 6050 6050
6222 6225 6240 6280 6291 6272 6248 6239 6243 6255 6270 6279 6306 6330 6358 6403 6473 6583 6638 6662 6673 6679 6682 6688 6713 6720 6704 6675 6593 6525 6457 6436 6421 6416 6413 6346 6287 6323 6355 6436 6406 6357 6315 6279 6265 6241 6235 6234 6234 6251 6290 6318 6290 6254 6313 6432 6446 6445 6444 6405 6409 6460 6416 6462 6558 6696 6772 6749 6614 6428 6290 6180 6126 6103 6086 6075 6051 6043 6043 6043 6046 6052 6052 6057
6221 6225 6252 6273 6288 6276 6253 6239 6247 6254 6267 6287 6296 6316 6345 6404 6545 6701 6731 6727 6712 6699 6699 6692 6701 6725 6727 6709 6700 6584 6492 6461 6509 6546 6484 6437 6408 6477 6393 6456 6446 6413 6393 6390 6290 6255 6252 6261 6300 6367 6322 6281 6275 6282 6316 6346 6368 6369 6328 6324 6302 6272 6342 6433 6553 6721 6805 6752 6619 6435 6293 6189 6130 6109 6088 6071 6051 6043 6041 6042 6043 6045 6055 6059
6218 6218 6226 6266 6294 6270 6247 6234 6237 6252 6268 6290 6303 6314 6339 6468 6734 6851 6830 6788 6748 6726 6734 6736 6734 6761 6761 6747 6719 6618 6518 6476 6533 6586 6516 6490 6436 6409 6369 6381 6443 6447 6417 6348 6295 6266 6269 6290 6321 6335 6326 6283 6271 6284 6353 6411 6428 6366 6275 6262 6228 6199 6264 6354 6441 6505 6526 6451 6424 6357 6263 6183 6127 6103 6086 6064 6048 6042 6038 6034 6035 6033 6034 6055
6219 6215 6216 6230 6244 6245 6233 6230 6234 6246 6263 6289 6297 6309 6336 6551 6918 6955 6892 6831 6774 6765 6801 6825 6813 6842 6800 6755 6714 6620 6528 6471 6485 6498 6504 6470 6472 6634 6484 6541 6504 6489 6458 6355 6317 6291 6295 6319 6382 6477 6332 6305 6273 6290 6414 6584 6622 6441 6302 6250 6218 6191 6226 6280 6322 6339 6342 6322 6312 6282 6225 6164 6113 6107 6097 6082 6058 6045 6042 6040 6038 6029 6022 6022
6224 6221 6219 6219 6223 6225 6222 6226 6233 6243 6259 6284 6292 6307 6336 6562 6872 6934 6912 6863 6807 6816 6897 6979 7050 6979 6884 6753 6707 6638 6549 6478 6465 6482 6511 6558 6569 6696 6563 6533 6544 6543 6541 6542 6395 6322 6337 6357 6419 6416 6295 6291 6265 6284 6447 6653 6691 6481 6328 6268 6228 6215 6220 6237 6247 6238 6266 6281 6273 6246 6203 6152 6107 6102 6084 6063 6038 6039 6041 6041 6035 6017 5982 5987
6223 6223 6220 6230 6222 6222 6220 6223 6229 6242 6255 6272 6287 6307 6349 6533 6792 6899 6909 6904 6886 6909 6991 7100 7130 7089 7146 7028 6831 6705 6592 6497 6466 6482 6512 6562 6617 6536 6521 6531 6562 6594 6603 6499 6398 6422 6385 6374 6347 6344 6336 6313 6273 6284 6404 6556 6593 6460 6356 6292 6254 6226 6216 6226 6228 6214 6258 6300 6266 6228 6185 6148 6126 6099 6070 6042 6038 6040 6047 6049 6049 6053 6006 6011
6225 6223 6210 6176 6228 6222 6220 6224 6230 6243 6258 6279 6296 6309 6349 6495 6808 6875 6883 6901 6987 7012 7018 7043 7011 7133 7353 7250 6959 6787 6663 6551 6514 6502 6521 6598 6694 6654 6518 6530 6576 6631 6680 6692 6471 6432 6414 6426 6456 6366 6348 6350 6295 6286 6337 6378 6370 6389 6354 6306 6274 6242 6229 6250 6265 6273 6278 6279 6253 6218 6180 6144 6115 6093 6076 6049 6042 6047 6054 6059 6059 6044 6034 6056
6224 6224 6221 6223 6222 6218 6217 6223 6232 6248 6260 6284 6312 6354 6367 6450 6708 6791 6811 6827 6839 6932 7001 7012 6998 7113 7282 7166 6960 6824 6740 6711 6678 6581 6579 6597 6726 6741 6573 6541 6589 6643 6689 6701 6620 6481 6446 6464 6464 6397 6421 6396 6337 6317 6309 6303 6338 6359 6341 6324 6305 6297 6298 6285 6293 6314 6267 6242 6229 6203 6170 6136 6104 6085 6072 6057 6055 6062 6068 6073 6076 6077 6060 6075
6223 6220 6223 6228 6224 6218 6219 6224 6231 6249 6262 6286 6314 6348 6382 6432 6557 6669 6724 6741 6783 6876 7002 7069 7008 7017 7221 7033 6881 6799 6762 6793 6809 6771 6815 6845 6781 6682 6667 6575 6621 6643 6647 6612 6531 6479 6462 6476 6521 6457 6349 6350 6357 6349 6311 6322 6539 6459 6365 6339 6323 6327 6334 6300 6275 6251 6248 6228 6211 6188 6159 6129 6105 6085 6070 6066 6065 6075 6081 6086 6091 6098 6086 6111
