real_craters/C212-500m.grd
DSAA
660 660
-164.8675 164.8675
-164.8675 164.8675
4240.9100519784 7725.3046017205
[rows 0 to 29 of 660, columns 67 to 133 of 660]
5883.47 5880.09 5879.02 5881.05 5878.15 5876.83 5875.56 5874.7 5875.1 5879.12 5888.38 5900.36 5912.63 5919.43 5923.43 5925.5 5928.03 5917.45 5908.41 5902.71 5899.44 5899.06 5905.99 5932.7 5958.95 5965.26 5985.18 6008.94 6045.17 6074.06 6085.35 6103.54 6135.13 6193.95 6264.71 6129.4 5987.42 5881.96 5872.75 5985.79 6112.34 6079.92 6044.4 5980.86 5962.77 5960.45 5910.48 5905.18 5921.67 5950.81 5979.93 6002.79 6013.41 6021.77 6001.84 5957.71 5887.12 5832.1 5796.1 5763.21 5745.84 5738.29 5742.06 5757.21 5784.48 5835.35 5905.22
5893.68 5886.22 5879.32 5870.28 5873.05 5874.12 5874.77 5875.41 5875.54 5879.73 5889.97 5907.95 5923.56 5923.56 5924.74 5913.87 5895.79 5896.03 5896.16 5897.04 5899.03 5902.48 5905.39 5917.99 5953.79 5982.43 6033.95 6124.47 6196.08 6139.72 6112.88 6107.89 6106.02 6096.51 6074.08 6029.31 5944.11 5873.13 5879.36 5957.47 6031.12 5971.63 5912.6 5905.65 5889.25 5876.51 5872.95 5877.65 5886.31 5901.62 5907.57 5919.26 5924.6 5922.92 5900.53 5868.21 5819.38 5788.81 5770.28 5756.69 5746.43 5740.78 5742.48 5754.6 5777.81 5799.34 5852.89
5907.01 5895.18 5886.39 5882.34 5875.87 5874.39 5874.36 5876.27 5878.87 5883.7 5889.43 5905.31 5923.57 5916.12 5903.62 5883.39 5867.56 5875.99 5883.7 5891.1 5898.55 5907.05 5917.7 5924.5 5932.43 5968.46 6026.21 6102.01 6158.71 6117.94 6099.45 6088.67 6067.58 6011.89 5949.47 5945.13 5902.31 5859.76 5870.33 5910.91 5908.3 5877.23 5846.22 5841.93 5818.66 5803.93 5823.32 5835.08 5846.15 5848.46 5857.48 5861.39 5864.4 5856.45 5832.94 5811.07 5781.69 5768.45 5755.55 5747.49 5744.81 5743.11 5743.79 5748.25 5746.18 5784.47 5811.84
5919.83 5904.19 5892.4 5883.45 5879.52 5877.16 5877.02 5879.13 5881.57 5883.62 5887.93 5895.77 5906.85 5901.95 5888.98 5874.39 5863.38 5865.92 5874.35 5884.29 5895.18 5908.7 5923.29 5924.4 5915.51 5941.62 5983.07 6010.24 6003.96 6038.67 6059.59 6068.65 6061.95 6025.13 5971.8 5936.38 5885.22 5843.28 5861.17 5907.81 5948.65 5922.39 5859.96 5827.07 5802.73 5787.07 5792.1 5799.14 5810.89 5814.54 5822.94 5825.18 5820.28 5806.02 5794.99 5776.77 5759.65 5754.89 5746.9 5741.98 5743.63 5744.25 5744.25 5746.27 5755.27 5760.74 5779.29
5932.62 5912.79 5898.34 5889.41 5882.28 5880.81 5881.59 5883.86 5887.43 5889.06 5892.14 5895.6 5897.62 5890.54 5875.66 5860.24 5855.08 5857.89 5867.19 5877.79 5889.59 5904.08 5919.59 5920.59 5918.15 5931.37 5947.23 5954.02 5948.47 5984.34 6022.78 6052.75 6077.82 6102.11 6061.71 5966.56 5891.05 5838.27 5865.08 5921.83 5983.33 5971.03 5894.24 5833.71 5796.13 5777.54 5777.2 5781.16 5788.5 5792.14 5793.43 5792.19 5785.77 5777.21 5769.17 5763.86 5756.68 5754.42 5745.55 5741.1 5742.29 5743.11 5743.66 5745.5 5748.54 5751.85 5757.36
5947.12 5923.06 5900.28 5887.09 5884.25 5884.78 5885.78 5889.55 5895.3 5903.57 5904.1 5902 5898.79 5883.87 5864.26 5848.43 5845.17 5850.37 5860.79 5871 5881.09 5891.3 5901.07 5907.19 5913.16 5919.07 5920.06 5922.9 5928.8 5953.88 5993.36 6030.86 6068.34 6111.68 6074.34 5975.2 5895.78 5860.26 5879.34 5932.67 5983.85 5975.03 5906.89 5842.77 5781.71 5761.93 5763.44 5764.46 5769.78 5771.06 5763.64 5760.49 5759.89 5758.66 5756.97 5758.44 5754.31 5750.33 5747.67 5743.83 5741.49 5741.03 5743.22 5744.79 5746.31 5744.81 5746.19
5966.73 5935.8 5910.7 5893.02 5884.11 5882.23 5888.95 5892.42 5898.78 5903.74 5911.13 5907.74 5894.01 5869.17 5851.99 5842.43 5841.51 5846.87 5855.89 5864.54 5873.34 5877.27 5876.9 5884.65 5889.75 5891.63 5897.14 5901.93 5905.32 5929.03 5971.47 6006.75 6027.97 6024.21 6006.37 5951.18 5887.38 5854.96 5889.16 5951 5995.27 5974.91 5950.56 5870.64 5784.03 5761.11 5759.46 5759.34 5759.51 5759.21 5766.05 5763.91 5757.75 5755.82 5754.18 5751.86 5748.03 5750.22 5748.76 5744.82 5742.72 5743.37 5742.8 5743.2 5745.52 5745.1 5743.34
5989.65 5948.61 5917.15 5898.63 5889.5 5885.53 5883.85 5883.6 5891.65 5903.06 5905.34 5891.64 5858.39 5844.25 5838.89 5833.44 5837.53 5844.15 5852.21 5860.7 5869.05 5874.01 5868.65 5874.58 5874.26 5875.25 5883.88 5894.57 5905.51 5928.85 5963.26 5986.43 6000.57 5994.1 5979.18 5942.28 5885.77 5856.2 5899.95 5964.88 6043.95 6136 6038.82 5921.23 5830.75 5791.15 5773.54 5781.74 5781.22 5785.18 5779.02 5773.8 5770.61 5762.83 5754.08 5749.37 5745.71 5746.37 5746.55 5743.69 5742.26 5743.08 5743.82 5744.76 5745.55 5744.06 5743.49
6009.89 5959.62 5920.56 5901.24 5892.19 5887.42 5885.11 5883.52 5890.58 5900.92 5893.27 5874.32 5852.05 5838.53 5834.67 5831.1 5837.09 5842.52 5850.07 5858.49 5866.91 5876.53 5887.87 5872.7 5864.65 5862.89 5875.68 5897.18 5930.34 5967.26 5965.28 5971.67 5983.05 6012.07 5985 5961.96 5922.62 5894.39 5924.16 5962.54 6014.08 6100.47 6028.51 5928.69 5881.42 5828.42 5815.03 5804.55 5801.89 5791.88 5786.11 5776.63 5769.28 5763.19 5758.57 5747.54 5743.23 5740.54 5741.43 5743.99 5745.18 5745.24 5749.16 5754.25 5753.41 5749.43 5743.81
6021.19 5970.68 5926.62 5911.88 5901.49 5894.94 5884.6 5892.06 5891.84 5892.71 5884.34 5872.9 5857.29 5846.57 5845.27 5835.28 5833.46 5840.3 5849.6 5857.41 5864.55 5868.76 5867.34 5865.23 5858.01 5855.47 5868.59 5894.11 5925.96 5951.1 5952.81 5953.39 5951.73 5946.59 5978.03 5994.74 6011.06 5997.14 5964.15 5947.8 5929.07 5911.6 5913.57 5869.68 5830.89 5836.1 5832.18 5822.75 5814.24 5803.75 5793.74 5785.51 5775.61 5771.09 5763.41 5750.12 5743.93 5741.95 5741.81 5755.16 5764.19 5761.41 5774.47 5787.73 5778.7 5758.75 5747.4
6024 5979.63 5948.89 5919.95 5908.85 5900.32 5897.52 5902.87 5894.67 5885.71 5877.02 5879.63 5889.29 5891.8 5871.83 5847.04 5836.54 5841.88 5849.36 5858.15 5863.2 5867.49 5868.99 5860.6 5853.93 5849.19 5859.9 5883.82 5905.78 5917.11 5930.95 5937.53 5939.27 5947.51 5985.24 6024.71 6049.57 6034.62 5988.5 5938.3 5887.14 5851.42 5866.3 5867.32 5855.93 5874.21 5874.22 5861.75 5847.03 5827.57 5811.99 5806.75 5791.42 5781.17 5769.59 5757.36 5749.91 5743.63 5747.04 5785.34 5820.42 5829.6 5852.34 5864.87 5828.79 5776.92 5755.79
6020.02 5976.76 5946.67 5936.89 5933.85 5931.3 5928.29 5918.19 5902.1 5887.29 5878.26 5887.08 5919.65 5962.53 5891.98 5851.91 5842.46 5848.15 5854.12 5862.16 5865.78 5864.88 5863.02 5860.05 5855.39 5851.83 5860.62 5877.8 5893.15 5907 5917.94 5928.53 5941.4 5961.33 5998.31 6047.99 6095.42 6065.53 6002.76 5948 5903.43 5897.8 5940.01 5974.36 5969.43 5958.96 5936.93 5914.78 5888.38 5863.85 5841.26 5827.33 5809.21 5790.31 5774.5 5763.7 5757.23 5750.43 5761.04 5830.15 5916.88 5992.78 6031.13 5995.86 5904.72 5801.43 5760.19
6022.85 5980.09 5956.83 5953.33 5959.89 5961.73 5961.62 5952.74 5927.37 5897.23 5876.78 5884.89 5901.84 5889.93 5878.3 5864.04 5864.28 5860.75 5863.39 5868.94 5872.65 5873.48 5870.69 5864.77 5860.68 5862.22 5869.59 5875.36 5886.55 5900.55 5909.52 5919.41 5933.83 5956.11 5991.34 6039.81 6104.2 6060.97 5997.46 5959.55 5961.84 6025.1 6110.36 6138.19 6098.62 6044.64 5999.02 5958.18 5923.32 5890.58 5862.72 5837.21 5816.24 5795.45 5779.4 5766.31 5761.95 5755.87 5768.74 5870.13 6015.62 6179.81 6270.19 6147.4 5995.02 5843.56 5766.05
6035.81 5983.51 5967.35 5974.36 5984.92 5995.7 6004.15 6001.07 5978.37 5928.02 5885.95 5898.26 5905.09 5878.73 5872.52 5871.47 5870.04 5870.77 5873.15 5876.39 5880.78 5886.49 5879.95 5870.22 5863.09 5860.85 5861.19 5867.86 5879.25 5892.21 5902.13 5906.62 5913.75 5934.41 5962.95 5984.4 6003.08 5992.02 5963.43 5944.05 5976.31 6116.9 6289.29 6248.66 6173.88 6098.86 6034.85 5984.48 5941.91 5903.94 5872.2 5845.96 5820.68 5798.76 5781.32 5769.15 5765.96 5763.88 5772.81 5885.62 6060.91 6258.24 6370.37 6238.82 6065.46 5911 5805.02
6048.36 6015.39 5994.35 6000.29 6018.85 6039.1 6062.34 6073.79 6069.99 6034.64 6002.61 6007.56 5960.33 5920.95 5891.25 5878.03 5879.63 5880.59 5880.44 5881.37 5884.05 5887.68 5881.54 5871.48 5863.15 5855.6 5851.43 5859.45 5871.19 5887.7 5900.35 5897.39 5892.9 5915.9 5943.14 5940.31 5895.33 5927.71 5920.33 5903.3 5909.44 6079.11 6259.19 6250.17 6179.48 6105.76 6042.39 5987.7 5945.83 5908.62 5877.16 5848.94 5820.95 5798.93 5780.04 5768.81 5767.18 5766.4 5772.75 5873.09 6039.79 6218.98 6354.26 6228.25 6076.47 5951.5 5867.21
6070.22 6016.19 6013.28 6032.07 6059.61 6087.42 6124.95 6158.05 6196.49 6224.64 6182.17 6104.22 6006.44 5942.89 5902.49 5889.73 5890.09 5889.26 5885.97 5884.02 5882.21 5879.54 5876.48 5870.31 5862.7 5856.02 5853.06 5856.39 5862.33 5870.24 5882.34 5905.14 5903.79 5935.37 5956.39 5963.04 5947.61 5924.7 5897.54 5876.74 5888.4 5992 6095.16 6156.35 6122.33 6070.42 6022.11 5972.54 5932.9 5900.72 5872.11 5844.05 5821.23 5800.09 5780.21 5767.91 5769.05 5765.9 5767.08 5840.34 5972.27 6098.93 6169.74 6117.37 6016.86 5914.26 5815.1
6103.25 6055.51 6053.75 6074.15 6104.91 6138.61 6177.03 6227.17 6288.3 6361.62 6267.35 6119.8 6017.46 5941.25 5907.25 5899.99 5895.32 5892.49 5889.46 5885.28 5881.4 5876.82 5872.93 5867.86 5862.53 5857.5 5856.84 5858.52 5859.2 5855.29 5859.32 5929.58 6029.38 5993.42 5975.15 5989.08 5994.84 5928.93 5885.36 5859.84 5864.17 5914.72 5958.6 5993.98 6017.5 6009.35 5989.18 5952.21 5911.45 5886.14 5863.21 5838.48 5819.64 5802.41 5787.81 5776.66 5776.34 5776.47 5767.36 5806.67 5891.76 5964.85 5989.63 5972.12 5925.58 5860.77 5796.25
6142.61 6099.52 6099.43 6117.1 6147.92 6184.06 6220.8 6256.95 6293.63 6332.49 6236.44 6103.61 6003.58 5938.68 5910.33 5903.75 5899.6 5898.23 5892.06 5886.18 5879.42 5872.5 5869.56 5864.45 5858.81 5858.32 5862.4 5868.11 5873.36 5869.72 5860.96 5911.64 5977.17 5969.03 5950.99 5944.46 5934.48 5901.36 5869.35 5845.39 5840.73 5866.69 5898.59 5904.88 5925.92 5928.68 5911.94 5900.83 5886.63 5871.2 5855.28 5840.48 5822.01 5807.79 5794.76 5784.91 5782.48 5777.56 5766.99 5781.45 5829.88 5863.16 5857.76 5852.3 5845.85 5816.29 5783.46
6184.62 6153.14 6144.06 6161.68 6190.63 6220.84 6252.76 6265.31 6244.48 6161.77 6126.14 6039.15 5966.8 5926.83 5908.91 5902.88 5901.88 5901.25 5894.62 5887.67 5880.69 5873.63 5868.05 5863.04 5859.1 5859.98 5864.43 5881.58 5907.21 5928.35 5922.8 5915.59 5866.67 5911.54 5907.27 5880.26 5868.49 5869.18 5855.94 5839.45 5832.64 5841.18 5843.09 5844.97 5867 5861.96 5867.44 5870.51 5865.6 5861.47 5850.46 5839.55 5826.66 5814.48 5804.29 5793.08 5786.54 5780.08 5771.54 5775.77 5799.52 5813.47 5806.85 5801.49 5799.45 5786.55 5766.24
6203.73 6170.76 6186.03 6210.25 6237.45 6265.82 6287.12 6292.01 6261.6 6177.39 6097.37 5995.03 5934.26 5913.89 5905.78 5901.43 5902.51 5901.71 5896.81 5889.74 5883.9 5877.42 5869.95 5863.99 5860.91 5860.7 5864.38 5891.62 5950.74 6023.36 6086.25 6057.66 5957.92 5925.79 5891.37 5856.56 5851.48 5861.08 5862.49 5851.81 5846.76 5852.54 5837.83 5825.13 5825.93 5834.01 5844.24 5849.22 5849.4 5845.67 5839.7 5832.34 5824.75 5817.82 5808.31 5797.58 5788.18 5783.88 5782.09 5784.19 5797 5801.97 5797.14 5791.37 5784.63 5776.2 5772.05
6232.87 6207.27 6234.95 6259.87 6284.08 6307.33 6326.56 6335.9 6334.92 6289.89 6136.58 5996 5922.15 5913.15 5907.88 5902.96 5903.71 5904.05 5899.05 5890.94 5882.23 5874.88 5870.34 5864.52 5860.14 5859.18 5864.15 5892.66 5981.17 6097.77 6232.27 6234.52 6096.81 5969.17 5899.42 5859.72 5863 5884.62 5901.27 5908.25 5908.68 5906.06 5884.87 5823.67 5809.06 5816.74 5828.1 5834.72 5836.81 5833.53 5830.05 5825.92 5820.61 5818.54 5811.57 5798.56 5785.24 5785.51 5800.24 5812.66 5818.45 5809.91 5802.27 5794.09 5784.93 5777.41 5775.22
6346.92 6306.4 6299.27 6310.04 6325.48 6341.14 6354.17 6364.09 6366.97 6314.61 6161.98 6015.4 5932.25 5924.06 5922.15 5908.62 5905.76 5906.38 5900.88 5891.9 5885.41 5878.42 5870.39 5864.25 5861.49 5861.07 5866.09 5892.11 5990.73 6107.82 6211.31 6176.33 6047.13 5964.36 5904.09 5869.66 5886.87 5925.07 5959.29 5972 5979.5 5976.08 5952.77 5841.61 5816.95 5822.26 5827.08 5826.72 5827.01 5823.44 5820.94 5816.66 5816.16 5818.05 5813.68 5798.95 5784.62 5790.58 5817.36 5857.99 5841.96 5821.69 5807.81 5790.91 5787.78 5781.66 5778.95
6379.7 6368.31 6355.71 6355.38 6361.8 6368.29 6374.31 6370.52 6354.09 6290.95 6166.43 6039.96 5954.56 5938.81 5928.75 5912.53 5905.97 5902.46 5897.69 5890.59 5886.48 5881.55 5869.13 5862 5861.8 5866.31 5876.76 5900.87 5993.35 6088.05 6126.94 6051.24 5989.44 5948.99 5906.31 5887.01 5916.66 5975.33 6037.76 6070.62 6066.43 6041.1 6007.61 5925.84 5860.93 5846.42 5842.94 5838.22 5831.29 5825.29 5822.56 5817.52 5814.37 5814.22 5813.36 5801.25 5789.53 5798.63 5819.75 5830.69 5831.31 5825.13 5814.68 5805.41 5796.38 5788.77 5784.17
6368.19 6398.31 6401.46 6399.39 6400.7 6400.54 6396.05 6373.28 6318.97 6252.43 6167.26 6066.67 5990.78 5952.94 5929.81 5912.71 5906.04 5899.71 5893.38 5889.07 5886.26 5881.22 5873.48 5865.36 5865.17 5870.59 5892.47 5941.83 6012.67 6087.39 6136.6 6102.54 6014.52 5964.8 5921.74 5888.4 5941.68 6015.42 6111.39 6222.02 6147.03 6068.18 6003.71 5927.65 5886.09 5876.82 5869.28 5860.17 5850.39 5840.36 5829.33 5820.26 5811.71 5806.02 5806.54 5812.12 5803.02 5815.78 5827.32 5830.47 5830.12 5829.51 5824.21 5815.47 5806.16 5796.61 5788.03
6517.7 6460.74 6440.32 6435.47 6431.13 6430.38 6419.92 6397.85 6352.56 6276.54 6191.1 6096.86 6006.2 5970.58 5938.33 5920.92 5910.49 5902.09 5895.86 5889.41 5886.97 5880.62 5876.66 5874.52 5877.01 5885.79 5907.9 5943.11 6009.05 6094.23 6175.72 6200.09 6081.41 5999.52 5964.65 5968.41 5971.61 6024.82 6101.9 6177.68 6125.41 6044.34 5966.44 5930.78 5916.3 5917.9 5904.79 5887.89 5871.85 5853.86 5838.86 5824.37 5812.81 5808.19 5817.15 5835.94 5857.93 5850.75 5845.97 5840.46 5835.07 5839.31 5835.43 5830.69 5821.35 5804.46 5792.12
6513.69 6483.53 6466.73 6461.71 6459.27 6454.46 6445.69 6423.58 6410.11 6323.17 6216.6 6128.64 6067.39 5983.65 5946.61 5932.26 5918.66 5908.46 5899.45 5891.22 5885.11 5880.36 5878.54 5878.64 5880.81 5888.31 5901.81 5925.09 5983.83 6081.68 6188.28 6242.4 6115.7 6006.2 5954.15 5942.09 5959.53 5993.47 6027.33 6037.83 6039.06 6001.64 5975.64 5986.43 6001.9 5975.9 5943.08 5917.46 5893.19 5870.8 5847.8 5829.81 5813.89 5804.53 5817.07 5844.25 5878.83 5869.05 5864.27 5864.67 5867.46 5852.7 5841.59 5836.72 5825.25 5806.5 5795.78
6463.33 6477.48 6481.35 6483.8 6486.87 6484.67 6471.01 6437.9 6351.35 6314.5 6236.91 6146.7 6058.97 5992.9 5959.97 5942.47 5926.97 5917.67 5907.3 5893.93 5886.78 5879.68 5878.85 5879.17 5880.23 5880.77 5887.95 5902 5945.64 6039.62 6140.21 6182.42 6057.06 5976.63 5916.9 5899 5922.37 5949.84 5973.86 5981.76 5976.57 5958 5957.25 6025.05 6073.37 6011.74 5973.07 5946.84 5919.85 5888.82 5864.58 5839.77 5822.03 5810.97 5821.47 5839.47 5849.65 5868.56 5874.6 5875.86 5871.42 5853.2 5837.02 5821.13 5805.85 5798.74 5795.14
6458.66 6477.35 6490.06 6502.7 6506.86 6507.84 6502.22 6484.37 6465.43 6359.94 6266.32 6167.12 6066.43 6010.86 5981.06 5949.2 5935.68 5930.37 5924.04 5902.11 5883.71 5879.92 5876.4 5872.2 5869.42 5869.98 5872.33 5881.43 5907.54 5981.82 6040.37 6021.88 5957.69 5926.27 5894.27 5883.98 5895.19 5911.19 5928.82 5942.47 5932.06 5929.64 5942.27 5972.42 5979.9 5989.43 5983.03 5964.68 5937.57 5907.92 5878.59 5853.05 5832.63 5822.47 5839.49 5855.41 5862.86 5881.99 5885.52 5875.99 5855.21 5844.36 5830.31 5809.09 5786.89 5791.76 5795.2
6482.53 6492.9 6505.46 6511.94 6517.27 6519.57 6520.21 6520.83 6491.81 6404.1 6300.55 6197.63 6097.13 6031.66 6014.8 5977.9 5961.06 5947.99 5931.05 5911.69 5897.67 5889.94 5881.84 5875.48 5872.13 5869.52 5869.34 5873.05 5888.03 5944.63 5977.14 5952.59 5912.75 5896.38 5884.95 5878.02 5878.72 5881.17 5875.91 5876.08 5888.51 5903.39 5923.19 5933.56 5913.05 5978.67 6001.53 5989.46 5961.86 5930.57 5898.06 5868.8 5847.62 5842.91 5876.47 5905.93 5914.52 5915.76 5905.53 5887.98 5859.91 5852.03 5833.74 5811.93 5795.9 5793.89 5795.64
6511.81 6520.9 6520.5 6519.94 6519.83 6521.81 6531.88 6542.89 6521.48 6421.66 6325.15 6239.25 6166.55 6100.95 6076.4 6051.54 6012.1 5966.55 5939.79 5922.79 5909.36 5899.51 5894.34 5885.86 5883.44 5880.04 5878.54 5882.99 5896.84 5960.18 5994.52 5957.46 5900.28 5891.85 5893.61 5882.42 5871.69 5867.17 5865.84 5859.05 5855.81 5864.03 5907.66 5964.13 6007.86 6050.36 6049.61 6023.45 5986.07 5948.02 5912.35 5883.61 5865.11 5871.86 5920.66 5979.37 5986.97 5952.42 5925.08 5905.88 5906.45 5876.58 5841.71 5820.37 5807.87 5802.54 5800.72
