real_craters/C213-750m.grd
DSAA
471 471
-176.1025 176.1025
-176.1025 176.1025
2216.2897603904 5425.2487047567
[rows 76 to 113 of 471, columns 0 to 83 of 471]
3575 3573 3573 3578 3592 3609 3632 3654 3667 3676 3671 3672 3666 3674 3675 3673 3679 3688 3695 3701 3705 3703 3704 3706 3705 3703 3694 3689 3686 3682 3681 3683 3686 3687 3688 3691 3696 3697 3698 3696 3690 3688 3691 3693 3689 3686 3679 3673 3668 3661 3654 3646 3656 3667 3674 3668 3661 3652 3655 3656 3656 3656 3657 3660 3658 3658 3655 3659 3665 3670 3671 3662 3666 3667 3671 3679 3687 3692 3692 3693 3687 3683 3674 3670
3577 3575 3573 3574 3584 3601 3622 3643 3657 3667 3672 3676 3671 3676 3679 3676 3683 3692 3701 3710 3719 3723 3722 3718 3713 3707 3701 3695 3689 3689 3685 3682 3683 3682 3685 3689 3695 3695 3698 3696 3692 3690 3692 3691 3687 3686 3682 3678 3673 3666 3657 3646 3650 3666 3669 3666 3662 3656 3658 3657 3655 3654 3651 3648 3652 3648 3646 3651 3659 3669 3676 3668 3668 3670 3670 3683 3696 3693 3691 3697 3698 3690 3683 3674
3580 3578 3575 3575 3581 3592 3608 3626 3639 3651 3666 3672 3669 3670 3681 3678 3685 3695 3705 3717 3730 3747 3737 3735 3725 3714 3706 3699 3692 3687 3687 3689 3686 3686 3688 3689 3693 3694 3696 3696 3696 3693 3691 3689 3689 3690 3686 3682 3677 3672 3666 3644 3640 3652 3663 3664 3662 3658 3658 3657 3654 3651 3648 3644 3642 3640 3637 3643 3653 3663 3672 3671 3666 3672 3666 3675 3684 3689 3689 3692 3697 3695 3694 3685
3579 3579 3578 3576 3579 3585 3594 3605 3619 3636 3654 3662 3661 3668 3683 3681 3686 3695 3706 3719 3730 3732 3724 3729 3733 3718 3710 3703 3697 3691 3691 3692 3696 3690 3687 3688 3691 3694 3694 3696 3696 3695 3693 3691 3692 3692 3689 3684 3679 3675 3666 3643 3636 3643 3658 3663 3663 3657 3658 3657 3653 3651 3649 3646 3643 3638 3636 3641 3648 3655 3657 3655 3652 3668 3665 3674 3688 3688 3686 3688 3692 3696 3698 3698
3578 3581 3581 3579 3578 3581 3584 3587 3597 3613 3637 3653 3659 3669 3682 3682 3684 3693 3705 3718 3728 3731 3726 3726 3735 3722 3713 3708 3701 3695 3692 3693 3697 3699 3691 3685 3691 3696 3695 3696 3695 3694 3696 3696 3695 3696 3694 3691 3681 3676 3666 3640 3634 3638 3655 3662 3664 3657 3654 3651 3650 3649 3648 3648 3645 3637 3638 3641 3646 3648 3647 3645 3646 3655 3658 3681 3688 3687 3686 3686 3689 3692 3696 3702
3579 3584 3587 3586 3578 3578 3581 3582 3587 3599 3620 3642 3652 3663 3678 3678 3683 3693 3704 3716 3728 3743 3744 3745 3728 3719 3713 3709 3703 3695 3693 3693 3695 3696 3693 3686 3696 3698 3695 3696 3693 3694 3698 3699 3697 3696 3696 3691 3683 3677 3666 3641 3635 3636 3654 3658 3656 3651 3647 3645 3648 3649 3649 3649 3648 3644 3644 3645 3647 3648 3646 3642 3637 3646 3650 3670 3680 3681 3684 3685 3686 3687 3688 3694
3580 3587 3592 3591 3579 3579 3584 3587 3589 3592 3604 3627 3643 3655 3670 3672 3683 3693 3702 3712 3723 3731 3738 3733 3722 3717 3710 3704 3702 3695 3695 3696 3698 3697 3697 3694 3694 3698 3695 3697 3698 3699 3702 3701 3700 3698 3697 3694 3686 3679 3666 3650 3640 3640 3650 3656 3652 3647 3648 3652 3650 3650 3649 3649 3648 3652 3650 3648 3651 3652 3651 3647 3643 3644 3645 3657 3666 3671 3673 3683 3684 3683 3681 3684
3579 3588 3595 3595 3580 3579 3585 3591 3594 3589 3593 3615 3634 3648 3664 3667 3681 3690 3698 3706 3714 3721 3726 3725 3718 3714 3707 3701 3699 3697 3697 3698 3699 3697 3697 3695 3691 3694 3696 3698 3697 3693 3693 3693 3697 3695 3695 3693 3689 3679 3665 3651 3640 3644 3652 3655 3653 3645 3646 3653 3649 3648 3648 3648 3650 3650 3652 3656 3658 3659 3660 3662 3664 3660 3660 3655 3664 3669 3668 3677 3682 3681 3680 3680
3577 3585 3592 3595 3580 3576 3584 3590 3590 3582 3586 3601 3626 3642 3654 3670 3681 3686 3692 3698 3705 3711 3716 3719 3717 3715 3706 3697 3696 3696 3698 3697 3696 3696 3696 3694 3691 3693 3694 3697 3695 3693 3690 3692 3695 3693 3693 3690 3684 3671 3654 3638 3631 3639 3648 3648 3648 3637 3639 3639 3643 3647 3647 3646 3645 3643 3650 3659 3662 3664 3668 3676 3683 3680 3685 3676 3677 3681 3681 3684 3686 3683 3677 3670
3574 3579 3582 3580 3572 3570 3581 3587 3585 3579 3584 3597 3618 3634 3648 3668 3673 3677 3681 3687 3693 3700 3708 3711 3715 3711 3703 3698 3697 3696 3698 3699 3697 3694 3693 3693 3691 3694 3694 3697 3695 3693 3689 3690 3693 3693 3690 3685 3673 3660 3640 3622 3620 3623 3632 3636 3638 3634 3635 3639 3645 3649 3649 3647 3644 3643 3649 3658 3663 3666 3670 3675 3682 3690 3686 3695 3696 3701 3707 3703 3699 3692 3680 3670
3571 3573 3571 3565 3561 3564 3574 3580 3579 3576 3582 3595 3608 3627 3638 3650 3660 3663 3667 3673 3679 3687 3694 3696 3705 3701 3694 3690 3690 3693 3697 3699 3698 3696 3695 3695 3695 3697 3697 3697 3695 3692 3690 3689 3692 3691 3692 3685 3672 3656 3633 3617 3616 3610 3611 3623 3631 3631 3636 3649 3657 3653 3651 3649 3648 3648 3649 3656 3662 3666 3670 3672 3675 3678 3692 3695 3705 3713 3720 3718 3712 3706 3700 3688
3575 3573 3566 3561 3564 3565 3569 3572 3576 3576 3583 3593 3600 3603 3612 3624 3637 3645 3652 3660 3667 3673 3675 3681 3680 3682 3680 3681 3686 3690 3696 3698 3698 3698 3698 3698 3698 3698 3698 3697 3694 3691 3691 3690 3691 3691 3690 3685 3674 3657 3632 3620 3624 3617 3611 3617 3633 3636 3640 3649 3653 3652 3651 3652 3653 3654 3653 3658 3663 3668 3671 3673 3674 3672 3692 3690 3702 3713 3725 3726 3719 3716 3715 3709
3587 3580 3571 3565 3569 3569 3566 3567 3573 3576 3585 3592 3593 3588 3590 3603 3614 3632 3644 3651 3655 3657 3659 3663 3664 3663 3664 3665 3672 3680 3689 3694 3698 3697 3699 3697 3696 3696 3700 3698 3695 3692 3690 3688 3686 3684 3683 3683 3675 3661 3638 3626 3627 3629 3624 3628 3635 3640 3643 3644 3642 3646 3649 3653 3657 3662 3662 3665 3668 3672 3674 3674 3676 3674 3689 3688 3695 3705 3715 3719 3718 3718 3717 3717
3590 3586 3583 3580 3576 3574 3568 3568 3576 3582 3593 3592 3588 3582 3583 3594 3613 3629 3638 3642 3644 3644 3643 3646 3651 3651 3651 3650 3659 3670 3678 3687 3693 3696 3698 3697 3696 3697 3700 3700 3696 3695 3694 3692 3692 3686 3683 3683 3679 3673 3652 3638 3632 3633 3633 3635 3638 3640 3639 3640 3641 3642 3646 3653 3659 3664 3669 3673 3677 3680 3679 3675 3669 3672 3690 3684 3688 3692 3700 3708 3711 3715 3716 3719
3583 3585 3585 3583 3578 3575 3572 3577 3587 3593 3593 3590 3585 3584 3589 3600 3624 3632 3635 3638 3638 3636 3633 3636 3642 3649 3651 3651 3660 3669 3674 3681 3688 3691 3693 3693 3691 3696 3700 3702 3698 3698 3698 3696 3698 3691 3688 3687 3682 3672 3657 3647 3640 3636 3636 3642 3644 3643 3643 3641 3637 3637 3642 3651 3660 3670 3676 3682 3689 3690 3686 3680 3676 3672 3677 3678 3684 3686 3685 3694 3704 3712 3717 3723
3567 3575 3580 3580 3576 3572 3573 3583 3595 3596 3591 3589 3591 3596 3596 3606 3629 3634 3636 3637 3637 3636 3634 3641 3650 3658 3662 3663 3673 3676 3676 3682 3684 3688 3691 3693 3694 3700 3705 3707 3705 3703 3701 3704 3705 3698 3696 3692 3688 3678 3662 3645 3633 3629 3633 3641 3641 3643 3645 3642 3631 3629 3638 3648 3660 3673 3684 3690 3698 3698 3693 3689 3682 3677 3674 3676 3686 3687 3683 3689 3698 3707 3718 3728
3566 3569 3572 3574 3573 3569 3570 3575 3582 3587 3586 3590 3599 3613 3610 3603 3620 3632 3637 3640 3642 3644 3646 3655 3662 3672 3681 3683 3693 3690 3684 3689 3688 3691 3694 3697 3702 3709 3717 3721 3714 3713 3711 3708 3708 3704 3701 3698 3697 3691 3668 3640 3620 3619 3623 3627 3635 3640 3643 3639 3629 3627 3634 3645 3658 3673 3685 3693 3699 3699 3696 3696 3696 3686 3676 3679 3682 3682 3681 3687 3694 3702 3710 3721
3575 3574 3574 3574 3573 3570 3572 3576 3580 3583 3586 3594 3604 3613 3611 3606 3616 3631 3638 3642 3647 3652 3659 3671 3676 3687 3702 3709 3714 3704 3699 3693 3696 3698 3699 3701 3706 3713 3723 3727 3725 3723 3720 3714 3711 3707 3704 3702 3702 3695 3672 3637 3615 3614 3616 3618 3628 3635 3637 3635 3627 3626 3630 3641 3654 3668 3682 3691 3691 3689 3692 3696 3699 3697 3688 3685 3679 3678 3683 3685 3691 3698 3706 3711
3581 3577 3577 3578 3581 3584 3584 3586 3583 3584 3587 3597 3606 3613 3614 3609 3618 3632 3638 3645 3652 3660 3672 3684 3689 3700 3719 3727 3724 3710 3702 3696 3697 3700 3704 3704 3708 3713 3719 3726 3726 3725 3722 3717 3712 3705 3705 3705 3705 3700 3673 3638 3616 3614 3615 3619 3627 3632 3632 3629 3621 3617 3623 3635 3650 3664 3677 3682 3681 3680 3684 3690 3699 3703 3700 3684 3678 3677 3679 3681 3686 3693 3699 3700
3574 3570 3571 3575 3585 3595 3599 3593 3594 3590 3590 3601 3609 3615 3616 3614 3614 3630 3638 3646 3655 3665 3678 3693 3698 3701 3705 3712 3717 3709 3700 3699 3701 3703 3706 3707 3707 3709 3712 3720 3721 3724 3722 3714 3708 3704 3704 3703 3704 3702 3678 3642 3620 3617 3617 3621 3630 3630 3628 3621 3615 3608 3617 3631 3645 3658 3668 3672 3671 3670 3674 3682 3687 3692 3695 3687 3682 3682 3671 3675 3677 3680 3683 3681
3563 3558 3560 3567 3575 3583 3585 3591 3595 3602 3597 3601 3610 3621 3619 3617 3616 3628 3637 3646 3656 3667 3679 3696 3705 3705 3705 3709 3716 3713 3710 3706 3706 3706 3701 3704 3702 3706 3709 3711 3715 3720 3719 3715 3706 3702 3701 3699 3699 3695 3682 3649 3625 3619 3617 3621 3628 3630 3628 3623 3619 3614 3619 3630 3642 3652 3660 3663 3660 3657 3663 3676 3687 3687 3687 3688 3689 3681 3674 3672 3669 3665 3666 3672
3561 3559 3559 3561 3563 3570 3582 3588 3593 3602 3599 3600 3606 3616 3624 3630 3617 3626 3634 3643 3655 3668 3684 3698 3710 3714 3715 3719 3720 3719 3718 3711 3708 3707 3706 3706 3705 3703 3700 3702 3705 3708 3709 3707 3705 3701 3700 3696 3696 3695 3685 3652 3628 3618 3616 3621 3630 3634 3632 3630 3625 3622 3624 3632 3642 3651 3659 3658 3656 3648 3654 3670 3684 3686 3685 3673 3685 3681 3677 3673 3669 3663 3663 3667
3562 3565 3566 3560 3556 3561 3573 3582 3590 3598 3597 3597 3598 3607 3621 3633 3618 3620 3629 3639 3650 3666 3681 3699 3711 3718 3721 3722 3723 3723 3719 3710 3700 3706 3707 3706 3703 3699 3695 3695 3697 3698 3700 3700 3702 3701 3700 3696 3696 3692 3676 3642 3626 3616 3612 3619 3636 3639 3637 3633 3631 3627 3627 3634 3643 3652 3662 3671 3664 3655 3656 3663 3676 3688 3687 3677 3683 3683 3681 3680 3677 3673 3672 3673
3562 3566 3566 3560 3553 3557 3564 3572 3580 3585 3591 3593 3594 3600 3609 3614 3611 3616 3624 3633 3644 3658 3678 3699 3711 3720 3722 3726 3725 3724 3718 3704 3692 3698 3707 3706 3700 3695 3690 3691 3694 3696 3698 3701 3700 3700 3698 3696 3696 3687 3662 3631 3620 3611 3610 3614 3636 3639 3637 3639 3640 3633 3630 3637 3644 3653 3662 3670 3668 3661 3660 3662 3672 3688 3692 3687 3691 3689 3690 3689 3687 3685 3681 3678
3558 3569 3568 3564 3558 3560 3564 3568 3570 3576 3586 3592 3591 3595 3602 3603 3606 3614 3617 3626 3635 3645 3663 3688 3703 3715 3718 3722 3723 3724 3720 3701 3687 3684 3692 3696 3694 3690 3690 3689 3691 3693 3694 3698 3697 3699 3696 3694 3692 3677 3648 3620 3605 3602 3602 3608 3621 3627 3631 3635 3637 3635 3636 3639 3645 3652 3659 3664 3663 3659 3659 3667 3675 3682 3690 3695 3698 3699 3702 3698 3695 3693 3687 3683
3557 3571 3577 3575 3572 3571 3571 3572 3574 3580 3586 3590 3590 3590 3596 3597 3600 3598 3610 3618 3625 3634 3649 3665 3684 3698 3704 3708 3710 3718 3717 3700 3679 3670 3670 3673 3678 3679 3680 3679 3681 3687 3690 3695 3694 3697 3692 3692 3686 3662 3636 3610 3600 3598 3596 3605 3608 3613 3623 3629 3631 3633 3636 3638 3644 3651 3656 3657 3653 3661 3668 3673 3682 3692 3694 3698 3707 3708 3706 3704 3701 3696 3691 3686
3563 3580 3585 3588 3591 3585 3579 3576 3583 3591 3587 3585 3585 3588 3588 3601 3601 3595 3605 3611 3616 3623 3634 3650 3662 3672 3677 3685 3690 3688 3684 3670 3662 3648 3648 3647 3651 3656 3657 3660 3663 3669 3681 3691 3690 3691 3690 3686 3675 3649 3624 3600 3597 3599 3600 3604 3607 3610 3619 3625 3630 3632 3632 3637 3644 3651 3657 3660 3663 3671 3680 3684 3688 3691 3693 3700 3706 3712 3710 3708 3706 3701 3695 3688
3566 3578 3584 3592 3603 3593 3582 3575 3579 3584 3583 3583 3584 3588 3591 3601 3598 3592 3597 3604 3609 3613 3619 3633 3641 3645 3651 3663 3673 3676 3672 3658 3647 3627 3623 3619 3622 3624 3633 3638 3643 3650 3663 3681 3677 3677 3681 3669 3646 3626 3609 3595 3598 3605 3611 3613 3614 3616 3620 3624 3630 3632 3632 3637 3646 3654 3661 3670 3682 3684 3687 3686 3689 3688 3691 3699 3703 3711 3711 3711 3711 3708 3693 3684
3564 3572 3579 3588 3593 3590 3580 3569 3567 3574 3579 3582 3586 3590 3598 3600 3592 3584 3589 3599 3605 3609 3612 3621 3626 3628 3634 3649 3663 3672 3677 3662 3643 3622 3613 3606 3604 3602 3612 3618 3623 3631 3644 3650 3650 3653 3654 3643 3628 3614 3598 3593 3600 3613 3624 3626 3622 3620 3620 3624 3628 3632 3636 3641 3648 3656 3665 3676 3688 3693 3694 3695 3693 3688 3690 3697 3701 3708 3710 3710 3709 3702 3689 3680
3563 3570 3573 3577 3581 3584 3581 3571 3564 3571 3577 3582 3586 3589 3600 3597 3592 3582 3587 3597 3601 3607 3613 3612 3615 3616 3622 3636 3651 3664 3669 3657 3642 3626 3613 3606 3602 3597 3601 3604 3605 3609 3616 3620 3620 3619 3620 3615 3609 3600 3591 3592 3605 3620 3633 3634 3625 3618 3620 3626 3631 3635 3640 3643 3649 3657 3667 3678 3688 3698 3700 3697 3693 3690 3692 3696 3699 3705 3710 3712 3709 3700 3687 3679
3563 3578 3571 3570 3576 3581 3585 3587 3567 3570 3576 3579 3584 3588 3600 3592 3583 3579 3584 3594 3595 3596 3602 3603 3606 3609 3613 3623 3636 3651 3655 3652 3646 3631 3618 3614 3610 3609 3604 3600 3595 3597 3605 3607 3603 3602 3605 3607 3607 3599 3591 3599 3620 3629 3633 3631 3627 3622 3624 3633 3640 3644 3645 3643 3649 3658 3669 3680 3691 3700 3702 3702 3697 3693 3698 3701 3700 3703 3710 3714 3711 3701 3684 3678
3562 3573 3568 3564 3570 3577 3583 3585 3569 3567 3569 3574 3579 3582 3589 3584 3579 3578 3581 3591 3590 3587 3590 3595 3600 3604 3610 3617 3625 3639 3648 3654 3654 3642 3631 3628 3620 3616 3612 3603 3595 3598 3611 3609 3600 3595 3594 3596 3594 3591 3596 3614 3634 3635 3632 3631 3630 3630 3634 3642 3652 3661 3652 3645 3648 3658 3669 3681 3693 3702 3704 3705 3703 3703 3702 3700 3700 3701 3705 3709 3708 3700 3687 3682
3558 3559 3559 3559 3566 3572 3575 3573 3568 3565 3565 3570 3574 3576 3578 3576 3575 3575 3578 3588 3587 3584 3590 3596 3599 3600 3608 3612 3618 3626 3636 3649 3653 3648 3643 3640 3625 3617 3614 3605 3602 3604 3614 3613 3606 3598 3588 3584 3586 3590 3605 3625 3634 3638 3633 3632 3633 3638 3644 3650 3658 3662 3658 3649 3651 3660 3669 3680 3692 3701 3702 3703 3705 3706 3703 3697 3695 3696 3701 3701 3701 3698 3696 3687
3559 3559 3554 3557 3563 3568 3570 3569 3571 3568 3569 3572 3570 3572 3573 3571 3570 3573 3576 3588 3586 3586 3605 3608 3602 3599 3603 3606 3610 3612 3620 3635 3645 3647 3644 3637 3622 3616 3608 3603 3600 3602 3612 3621 3619 3608 3594 3583 3580 3591 3610 3625 3631 3633 3635 3634 3637 3642 3648 3655 3663 3671 3668 3659 3658 3663 3670 3677 3685 3689 3696 3700 3703 3705 3701 3695 3694 3699 3700 3702 3703 3697 3690 3689
3558 3561 3557 3563 3567 3570 3570 3570 3571 3569 3573 3572 3567 3565 3566 3566 3564 3568 3575 3587 3587 3585 3603 3606 3602 3596 3598 3600 3603 3606 3609 3619 3634 3639 3642 3636 3615 3609 3602 3598 3595 3600 3608 3627 3633 3619 3604 3594 3583 3598 3607 3618 3621 3625 3628 3632 3637 3643 3654 3657 3664 3672 3672 3665 3664 3666 3671 3675 3678 3680 3681 3691 3699 3700 3697 3693 3693 3697 3700 3703 3704 3701 3692 3696
3562 3573 3567 3570 3572 3574 3574 3571 3567 3568 3570 3569 3563 3561 3564 3565 3565 3571 3577 3587 3592 3591 3602 3603 3600 3595 3594 3591 3597 3599 3603 3608 3623 3637 3634 3630 3609 3598 3596 3594 3596 3604 3619 3642 3644 3626 3610 3607 3601 3605 3609 3611 3617 3621 3626 3632 3636 3641 3646 3652 3659 3665 3667 3667 3666 3669 3671 3673 3674 3674 3678 3681 3690 3695 3693 3691 3690 3692 3703 3718 3729 3730 3717 3711
3563 3569 3572 3572 3577 3578 3577 3575 3575 3580 3575 3566 3562 3562 3568 3570 3571 3574 3579 3586 3592 3587 3593 3597 3599 3596 3589 3586 3593 3601 3603 3602 3617 3624 3618 3616 3607 3594 3593 3594 3600 3607 3623 3637 3635 3622 3608 3612 3613 3611 3610 3611 3618 3627 3627 3631 3635 3637 3639 3644 3652 3659 3665 3668 3671 3673 3672 3672 3672 3673 3679 3679 3681 3685 3688 3690 3689 3694 3712 3750 3789 3764 3747 3726
3559 3561 3562 3570 3576 3579 3579 3580 3582 3587 3580 3570 3571 3570 3571 3575 3584 3584 3581 3584 3591 3585 3588 3593 3597 3596 3585 3588 3593 3600 3604 3600 3609 3618 3609 3608 3610 3602 3596 3596 3596 3603 3614 3622 3620 3612 3602 3606 3609 3608 3609 3615 3619 3624 3629 3633 3636 3637 3638 3641 3648 3655 3659 3668 3678 3674 3670 3670 3671 3673 3677 3679 3678 3682 3686 3688 3691 3699 3721 3755 3772 3761 3745 3731
