real_craters/C213-750m.grd
DSAA
471 471
-176.1025 176.1025
-176.1025 176.1025
2216.2897603904 5425.2487047567
[rows 0 to 37 of 471, columns 336 to 419 of 471]
3913 3913 3908 3917 3923 3927 3932 3935 3939 3938 3938 3938 3942 3957 3956 3954 3955 3961 3962 3967 3977 3976 3969 3959 3954 3962 3969 3978 3990 4016 4057 4082 4086 4105 4129 4124 4117 4086 4041 4013 4001 3994 3987 3981 3983 3983 3983 3988 4000 4008 3995 3989 3991 3994 3994 3993 3999 4011 4014 4019 4024 4026 4026 4027 4030 4027 4031 4034 4040 4044 4045 4043 4050 4058 4063 4066 4064 4051 4043 4041 4040 4042 4047 4053
3913 3909 3907 3914 3924 3932 3939 3946 3949 3945 3951 3945 3945 3963 3963 3960 3957 3955 3958 3962 3971 3976 3971 3963 3962 3963 3969 3975 3983 4002 4040 4072 4105 4123 4126 4121 4109 4079 4040 4011 4002 3998 3996 3993 3991 3991 3993 4000 4007 4009 3999 3992 3992 3994 3995 3994 3996 4005 4013 4016 4019 4023 4025 4028 4035 4035 4041 4042 4048 4052 4052 4049 4052 4055 4056 4053 4045 4035 4036 4040 4042 4046 4052 4058
3919 3918 3919 3921 3927 3936 3945 3955 3954 3953 3965 3950 3946 3957 3962 3960 3959 3953 3950 3954 3963 3964 3960 3958 3961 3965 3967 3969 3976 3995 4026 4062 4093 4099 4103 4103 4095 4066 4030 4000 3998 4002 4007 4005 4000 3998 3999 4002 4003 4003 3997 3993 3994 3995 3996 3999 4004 4010 4014 4016 4019 4023 4028 4033 4031 4032 4038 4042 4046 4049 4052 4052 4051 4051 4046 4041 4034 4030 4035 4042 4048 4053 4059 4065
3909 3913 3920 3923 3928 3936 3945 3951 3944 3948 3955 3950 3951 3957 3958 3957 3956 3952 3946 3945 3951 3948 3947 3955 3968 3970 3969 3968 3976 3991 4015 4038 4056 4061 4070 4075 4073 4048 4018 3992 3992 4003 4016 4013 4005 4001 3998 3996 3989 3988 3986 3990 3995 4000 4004 4006 4009 4016 4017 4016 4018 4023 4026 4029 4025 4029 4036 4038 4040 4043 4049 4048 4046 4043 4033 4031 4030 4034 4040 4046 4052 4057 4064 4070
3898 3901 3911 3918 3926 3933 3940 3944 3939 3941 3945 3944 3949 3960 3955 3950 3946 3943 3941 3940 3937 3942 3948 3957 3970 3982 3986 3985 3983 3984 3996 4011 4021 4027 4035 4039 4036 4024 4007 3984 3985 3996 4008 4009 4005 4001 3994 3981 3973 3971 3978 3987 3997 4007 4016 4016 4014 4016 4020 4021 4022 4024 4025 4027 4025 4027 4033 4037 4039 4043 4046 4042 4037 4031 4023 4023 4027 4037 4044 4050 4054 4059 4066 4072
3892 3897 3904 3916 3923 3927 3931 3933 3932 3933 3934 3934 3944 3952 3950 3943 3935 3935 3937 3937 3938 3947 3959 3980 3993 3999 4006 4007 3991 3978 3981 3988 3995 4000 4004 4007 4006 4000 3990 3975 3980 3989 3996 4001 4001 4000 3995 3983 3973 3969 3975 3986 3998 4011 4023 4025 4025 4022 4026 4029 4028 4027 4028 4030 4026 4026 4032 4036 4040 4044 4041 4034 4027 4020 4021 4030 4036 4043 4048 4053 4058 4063 4066 4071
3898 3896 3906 3916 3920 3921 3922 3923 3924 3925 3925 3927 3933 3942 3948 3944 3934 3937 3942 3943 3949 3953 3962 3991 4005 4009 4018 4028 3996 3971 3966 3970 3975 3979 3983 3985 3984 3981 3977 3979 3983 3989 3993 3997 3997 3995 3996 3992 3980 3978 3977 3986 3998 4011 4021 4027 4032 4029 4029 4030 4030 4030 4030 4033 4027 4030 4032 4034 4036 4038 4032 4027 4021 4021 4028 4038 4043 4046 4050 4056 4060 4063 4068 4073
3903 3902 3912 3915 3919 3918 3916 3917 3921 3917 3919 3921 3928 3947 3958 3957 3952 3954 3957 3951 3950 3955 3959 3980 3996 4003 4008 4007 3987 3964 3955 3959 3963 3967 3971 3972 3972 3969 3968 3977 3985 3993 3997 3994 3991 3988 3985 3982 3976 3977 3981 3987 3996 4007 4019 4024 4028 4028 4029 4030 4031 4031 4030 4030 4030 4030 4030 4029 4028 4025 4023 4025 4025 4029 4035 4041 4046 4049 4054 4058 4063 4067 4071 4075
3908 3909 3918 3921 3920 3916 3912 3915 3920 3922 3925 3928 3938 3963 3973 3975 3974 3972 3970 3963 3958 3954 3958 3970 3984 3990 3989 3980 3972 3961 3953 3956 3963 3964 3962 3962 3966 3969 3969 3976 3983 3990 3993 3990 3986 3982 3977 3980 3985 3980 3975 3983 3992 4002 4010 4016 4020 4023 4029 4032 4032 4032 4028 4023 4024 4028 4026 4022 4019 4015 4019 4025 4032 4034 4038 4042 4042 4049 4056 4059 4062 4066 4070 4071
3909 3908 3914 3923 3919 3914 3914 3916 3925 3931 3934 3939 3945 3966 3977 3981 3980 3980 3980 3976 3969 3957 3956 3969 3975 3978 3975 3963 3962 3957 3952 3956 3963 3960 3954 3959 3968 3977 3978 3973 3975 3981 3985 3984 3982 3979 3976 3984 3992 3986 3979 3980 3991 3999 4004 4009 4012 4018 4028 4032 4033 4033 4030 4025 4021 4023 4020 4015 4010 4011 4018 4025 4032 4036 4042 4040 4040 4047 4056 4059 4062 4064 4065 4068
3902 3896 3903 3910 3910 3908 3908 3908 3919 3931 3934 3938 3946 3959 3969 3976 3979 3980 3978 3976 3972 3963 3959 3964 3968 3971 3972 3976 3971 3963 3952 3955 3961 3955 3954 3962 3968 3973 3973 3968 3968 3976 3979 3979 3979 3978 3980 3987 3992 3990 3989 3990 3995 4001 4007 4011 4013 4017 4025 4029 4030 4031 4029 4025 4022 4018 4012 4010 4008 4015 4020 4024 4028 4036 4043 4042 4042 4047 4053 4057 4060 4064 4061 4061
3898 3892 3894 3897 3901 3903 3901 3901 3912 3928 3939 3943 3948 3955 3963 3970 3976 3976 3973 3969 3965 3966 3963 3964 3965 3967 3968 3970 3966 3959 3952 3956 3959 3951 3962 3969 3965 3962 3963 3964 3967 3972 3974 3975 3976 3978 3983 3987 3992 3990 3991 3996 4001 4005 4010 4014 4017 4021 4024 4026 4025 4025 4025 4022 4016 4006 4004 4007 4012 4018 4022 4026 4026 4032 4041 4040 4042 4046 4051 4054 4056 4057 4056 4056
3904 3905 3901 3903 3907 3908 3905 3904 3913 3932 3945 3950 3951 3953 3959 3967 3969 3968 3968 3963 3961 3962 3960 3959 3962 3963 3964 3959 3957 3957 3958 3969 3980 3961 3970 3969 3958 3950 3955 3961 3966 3970 3970 3972 3973 3974 3977 3980 3982 3987 3993 4000 4004 4007 4011 4015 4019 4021 4021 4020 4020 4017 4019 4014 4006 3998 4001 4006 4012 4017 4024 4028 4028 4032 4036 4035 4039 4043 4049 4050 4051 4052 4051 4052
3914 3914 3908 3915 3919 3919 3916 3912 3914 3933 3944 3952 3954 3953 3957 3963 3960 3957 3954 3953 3954 3955 3956 3957 3959 3962 3965 3965 3965 3964 3962 3980 3990 3969 3974 3960 3950 3947 3952 3957 3957 3963 3969 3970 3970 3969 3970 3971 3976 3987 3996 4002 4003 4005 4010 4014 4016 4017 4012 4015 4017 4012 4009 4006 4002 4001 4004 4006 4009 4018 4024 4027 4029 4029 4029 4030 4035 4039 4042 4043 4044 4043 4042 4043
3915 3913 3912 3924 3932 3925 3921 3919 3917 3932 3955 3969 3960 3950 3947 3950 3948 3947 3944 3946 3953 3958 3955 3952 3955 3959 3965 3976 3983 3969 3965 3974 3971 3965 3966 3950 3944 3945 3954 3963 3970 3969 3972 3972 3971 3965 3967 3971 3980 3991 3998 3999 3999 4001 4003 4004 4007 4005 4002 4011 4020 4019 4006 4000 4003 4007 4006 4008 4014 4019 4022 4023 4025 4024 4023 4025 4028 4031 4034 4036 4036 4035 4034 4037
3912 3909 3912 3927 3934 3930 3928 3929 3924 3927 3944 3962 3956 3943 3935 3936 3941 3943 3943 3945 3951 3954 3952 3949 3951 3956 3961 3967 3971 3973 3970 3965 3962 3957 3954 3944 3945 3950 3960 3972 3983 3981 3979 3979 3979 3977 3977 3977 3987 3995 3998 3998 3996 3997 3997 3997 3999 3999 3999 4007 4016 4015 4003 3997 4005 4010 4006 4008 4014 4015 4015 4016 4018 4018 4018 4018 4021 4021 4027 4030 4031 4031 4030 4031
3908 3905 3917 3929 3939 3936 3933 3928 3922 3922 3932 3942 3945 3939 3930 3941 3943 3943 3942 3944 3947 3945 3943 3945 3949 3952 3955 3954 3954 3971 3969 3961 3956 3956 3950 3945 3948 3955 3965 3977 3986 3986 3984 3986 3990 3995 3992 3993 3995 3996 3996 3995 3994 3993 3993 3994 3996 3999 4000 4002 4004 4003 4000 4001 4008 4008 4004 4002 4003 4006 4006 4011 4015 4018 4020 4022 4025 4020 4023 4025 4027 4029 4030 4030
3904 3906 3918 3930 3938 3937 3937 3935 3931 3935 3941 3944 3942 3939 3942 3950 3947 3945 3944 3944 3945 3941 3939 3945 3948 3949 3950 3949 3950 3958 3956 3953 3951 3949 3951 3951 3950 3956 3968 3979 3987 3986 3986 3987 3993 4000 3998 4000 3997 3995 3992 3990 3989 3988 3988 3989 3994 4000 3998 3997 3996 3999 4002 4006 4010 4010 4004 4003 4003 4006 4008 4011 4013 4019 4022 4026 4029 4024 4021 4021 4024 4026 4029 4031
3897 3905 3917 3928 3935 3933 3935 3934 3935 3940 3944 3945 3943 3941 3942 3946 3944 3943 3943 3943 3942 3937 3936 3943 3946 3947 3948 3950 3953 3951 3949 3954 3951 3945 3948 3948 3947 3958 3970 3980 3985 3985 3983 3981 3981 3984 3987 3989 3990 3990 3987 3984 3981 3983 3984 3986 3990 3995 3995 3994 3997 4003 4006 4010 4014 4011 4007 4014 4015 4011 4010 4013 4013 4018 4023 4028 4031 4028 4021 4020 4023 4024 4024 4028
3888 3901 3914 3924 3931 3926 3933 3936 3937 3938 3940 3943 3944 3943 3940 3937 3938 3939 3939 3939 3938 3936 3934 3940 3944 3946 3947 3948 3949 3949 3951 3960 3954 3948 3948 3947 3951 3960 3972 3984 3988 3984 3978 3972 3967 3970 3974 3977 3980 3981 3981 3981 3979 3981 3983 3985 3987 3991 3992 3995 3998 3999 4018 4033 4023 4012 4008 4016 4019 4016 4016 4018 4017 4018 4023 4026 4028 4029 4026 4024 4023 4023 4022 4024
3884 3898 3911 3919 3922 3924 3928 3938 3938 3937 3935 3940 3943 3944 3942 3930 3932 3934 3936 3936 3934 3934 3935 3941 3945 3946 3947 3946 3943 3947 3953 3958 3957 3949 3945 3946 3953 3962 3973 3984 3987 3981 3972 3965 3960 3964 3969 3972 3972 3971 3977 3981 3983 3983 3983 3983 3987 3993 3999 4004 4005 4006 4026 4038 4026 4012 4005 4009 4015 4016 4017 4021 4024 4024 4023 4023 4025 4027 4027 4027 4025 4023 4022 4020
3890 3898 3907 3914 3920 3928 3932 3937 3937 3933 3933 3938 3941 3942 3933 3931 3931 3931 3932 3933 3933 3937 3938 3942 3944 3946 3946 3946 3945 3945 3947 3952 3955 3944 3937 3942 3950 3961 3971 3978 3977 3971 3965 3962 3961 3968 3974 3975 3971 3968 3975 3983 3986 3985 3986 3989 3993 3996 3998 4001 4007 4016 4021 4028 4022 4010 4001 4008 4012 4014 4016 4022 4029 4028 4025 4022 4023 4026 4026 4026 4024 4022 4020 4011
3896 3900 3905 3912 3922 3930 3928 3935 3939 3937 3936 3937 3938 3938 3930 3931 3931 3931 3930 3931 3930 3934 3942 3942 3944 3945 3947 3949 3953 3947 3935 3936 3941 3944 3944 3944 3950 3959 3966 3971 3965 3958 3959 3962 3967 3978 3988 3983 3976 3971 3976 3985 3984 3985 3989 3996 4012 4011 4002 3998 4005 4016 4022 4025 4019 4010 4003 4005 4008 4011 4016 4022 4028 4028 4024 4023 4026 4027 4026 4026 4024 4020 4014 4011
3906 3905 3908 3914 3924 3938 3944 3940 3939 3940 3940 3937 3936 3932 3932 3932 3930 3930 3930 3929 3925 3934 3935 3938 3941 3943 3945 3947 3950 3945 3934 3929 3935 3946 3949 3948 3953 3956 3960 3965 3954 3945 3957 3967 3974 3982 3991 3986 3979 3975 3978 3983 3982 3985 3989 3993 4002 4005 4002 4001 4008 4018 4027 4024 4015 4008 4003 4001 4003 4006 4009 4015 4023 4022 4020 4021 4025 4025 4022 4023 4020 4018 4018 4020
3911 3908 3910 3914 3923 3944 3947 3939 3936 3938 3936 3936 3936 3935 3932 3928 3928 3929 3931 3932 3931 3930 3930 3933 3935 3939 3941 3942 3942 3943 3942 3927 3937 3945 3946 3947 3952 3954 3954 3953 3953 3954 3963 3974 3980 3982 3979 3984 3981 3978 3980 3986 3990 3992 3991 3988 3984 3992 3993 3999 4011 4019 4024 4018 4010 4000 3994 3994 3995 3998 4000 4003 4009 4010 4010 4011 4012 4013 4013 4013 4011 4011 4014 4022
3910 3907 3908 3908 3912 3922 3924 3930 3938 3939 3934 3935 3936 3935 3930 3926 3926 3928 3932 3936 3936 3932 3930 3931 3935 3937 3938 3937 3935 3940 3944 3944 3944 3950 3951 3953 3952 3953 3952 3952 3958 3963 3969 3976 3985 3994 3996 3990 3984 3980 3982 3991 3999 3999 3995 3992 3987 3992 3999 4007 4012 4016 4014 4013 4006 3994 3982 3983 3987 3989 3989 3989 3994 3997 3998 3998 3998 3999 4000 4001 4000 4000 4003 4017
3902 3902 3903 3904 3906 3913 3919 3927 3938 3937 3933 3933 3936 3934 3928 3920 3923 3928 3932 3934 3935 3935 3933 3935 3935 3936 3937 3938 3936 3939 3946 3949 3947 3951 3954 3955 3954 3955 3958 3960 3965 3968 3971 3975 3985 3996 4000 3993 3987 3983 3985 3991 3996 3997 3997 3999 3994 3999 4011 4020 4022 4021 4021 4018 4009 3996 3983 3979 3983 3985 3983 3980 3983 3987 3988 3987 3986 3990 3991 3990 3989 3990 3997 4013
3889 3894 3900 3907 3907 3928 3940 3927 3923 3929 3928 3929 3933 3936 3929 3924 3927 3930 3932 3934 3938 3940 3939 3937 3936 3938 3939 3941 3945 3952 3949 3949 3954 3953 3952 3952 3951 3959 3968 3971 3972 3976 3975 3975 3982 3987 3990 3989 3987 3989 3991 3989 3989 3993 3996 3998 3998 4006 4016 4021 4027 4035 4043 4031 4016 4004 3990 3983 3982 3983 3979 3975 3977 3980 3982 3981 3982 3987 3986 3983 3982 3984 3994 4011
3877 3887 3894 3899 3906 3917 3920 3918 3916 3924 3923 3919 3919 3924 3927 3932 3933 3934 3936 3938 3944 3943 3942 3938 3938 3940 3942 3944 3949 3952 3950 3950 3954 3950 3948 3950 3953 3963 3975 3976 3974 3973 3974 3976 3982 3988 3988 3985 3983 3982 3983 3984 3985 3991 3996 3999 4003 4014 4026 4032 4044 4061 4064 4039 4018 4004 3995 3984 3980 3978 3976 3975 3977 3978 3979 3979 3980 3987 3990 3983 3981 3984 3992 4006
3883 3889 3890 3893 3905 3914 3914 3912 3914 3918 3910 3908 3905 3913 3922 3930 3935 3939 3940 3941 3939 3941 3942 3941 3940 3942 3943 3944 3947 3948 3949 3948 3950 3949 3948 3946 3955 3963 3971 3972 3970 3968 3973 3977 3980 3986 3983 3980 3976 3972 3972 3981 3993 3997 3999 4002 4011 4024 4036 4042 4053 4070 4056 4033 4011 3994 3985 3977 3975 3974 3978 3980 3979 3978 3977 3978 3982 3991 3993 3983 3981 3986 3991 3995
3893 3890 3889 3892 3904 3911 3913 3915 3918 3919 3910 3909 3908 3909 3921 3932 3939 3943 3945 3940 3938 3939 3942 3940 3944 3943 3942 3942 3943 3948 3949 3952 3952 3959 3956 3943 3950 3958 3963 3967 3966 3963 3967 3972 3973 3973 3975 3973 3969 3965 3963 3976 3990 3998 4000 4006 4020 4032 4042 4048 4046 4039 4031 4016 3998 3982 3975 3971 3973 3974 3979 3982 3979 3977 3977 3978 3980 3987 3983 3977 3977 3985 3990 3992
3886 3889 3891 3897 3905 3912 3915 3917 3919 3921 3922 3925 3931 3917 3923 3933 3941 3944 3947 3946 3934 3937 3942 3939 3936 3938 3940 3940 3939 3946 3949 3948 3948 3949 3950 3943 3947 3956 3964 3966 3965 3962 3965 3967 3968 3968 3970 3969 3966 3965 3967 3970 3975 3985 3995 4005 4022 4034 4041 4044 4035 4021 4009 3998 3986 3977 3974 3972 3975 3977 3980 3979 3976 3976 3975 3976 3976 3976 3973 3972 3975 3983 3988 3989
3884 3888 3893 3897 3901 3910 3912 3916 3919 3923 3927 3929 3925 3920 3924 3930 3935 3939 3943 3941 3935 3939 3947 3943 3941 3942 3943 3942 3944 3947 3953 3957 3964 3945 3943 3946 3953 3966 3971 3967 3964 3963 3963 3964 3969 3972 3971 3969 3966 3964 3963 3964 3965 3975 3990 4003 4016 4026 4031 4031 4018 4001 3993 3986 3978 3975 3973 3970 3976 3979 3981 3977 3973 3973 3974 3973 3972 3969 3967 3971 3979 3987 3988 3988
3888 3893 3892 3897 3908 3910 3914 3917 3922 3926 3927 3927 3925 3925 3927 3928 3929 3934 3936 3935 3938 3942 3947 3949 3952 3953 3946 3945 3950 3955 3959 3960 3957 3953 3948 3950 3960 3968 3967 3964 3962 3959 3953 3960 3967 3973 3973 3970 3966 3963 3959 3962 3964 3973 3983 3993 3999 4006 4012 4012 4003 3989 3985 3980 3975 3973 3971 3968 3978 3981 3983 3977 3972 3973 3975 3975 3973 3970 3970 3974 3980 3987 3988 3988
3897 3901 3892 3901 3917 3919 3921 3929 3929 3928 3931 3933 3936 3933 3931 3930 3931 3932 3933 3933 3937 3940 3943 3946 3944 3943 3944 3944 3946 3959 3960 3954 3946 3943 3946 3951 3960 3960 3960 3958 3956 3954 3947 3963 3976 3980 3978 3973 3968 3964 3964 3962 3965 3965 3967 3975 3979 3982 3989 3990 3991 3985 3981 3978 3973 3975 3974 3972 3979 3990 3989 3976 3972 3975 3978 3981 3980 3977 3978 3975 3974 3980 3987 3990
3911 3908 3893 3899 3909 3916 3927 3926 3916 3926 3936 3946 3943 3937 3933 3933 3932 3930 3928 3928 3931 3935 3938 3941 3939 3939 3944 3946 3948 3955 3955 3944 3933 3941 3946 3951 3958 3958 3953 3949 3946 3945 3948 3968 4001 3990 3980 3973 3966 3960 3956 3955 3955 3952 3953 3963 3968 3971 3972 3970 3976 3981 3981 3979 3976 3974 3975 3974 3978 3984 3984 3976 3974 3978 3983 3989 3996 3995 3979 3977 3976 3980 3987 3992
3914 3906 3894 3896 3903 3911 3921 3914 3913 3923 3934 3943 3936 3934 3933 3932 3934 3927 3922 3923 3928 3932 3936 3941 3942 3947 3947 3951 3953 3953 3956 3950 3933 3938 3946 3957 3956 3945 3942 3939 3938 3938 3947 3961 3974 3979 3975 3969 3962 3956 3951 3952 3955 3956 3962 3966 3971 3982 3975 3960 3973 3980 3981 3980 3979 3975 3972 3968 3971 3976 3978 3978 3978 3980 3985 3992 4003 4006 3983 3979 3979 3980 3985 3993
3908 3900 3889 3890 3896 3899 3905 3910 3915 3920 3926 3925 3924 3929 3931 3930 3926 3923 3922 3923 3925 3926 3931 3938 3942 3948 3946 3946 3947 3946 3948 3944 3934 3937 3946 3953 3945 3934 3934 3934 3931 3936 3949 3958 3961 3968 3968 3964 3959 3954 3951 3955 3967 3979 3980 3976 3974 3973 3968 3963 3977 3980 3979 3979 3978 3976 3971 3967 3972 3976 3981 3978 3977 3980 3985 3990 3992 3987 3986 3985 3983 3980 3981 3986
