real_craters/C213-750m.grd
DSAA
471 471
-176.1025 176.1025
-176.1025 176.1025
2216.2897603904 5425.2487047567
[rows 114 to 151 of 471, columns 168 to 251 of 471]
3755 3765 3764 3761 3769 3779 3787 3796 3803 3810 3812 3797 3777 3771 3772 3762 3762 3769 3778 3791 3808 3836 3869 3906 3871 3884 3901 3923 3915 3918 3948 3981 3987 3972 3982 3995 4007 4014 4013 3971 3898 3975 3935 3915 3915 3929 3957 3979 3995 4010 4043 4079 4106 4111 4108 4085 4051 4026 4016 3994 3988 3977 3969 3977 3990 4012 3990 3950 3922 3897 3885 3885 3884 3880 3877 3878 3878 3876 3876 3878 3871 3861 3856 3858
3751 3767 3772 3773 3775 3779 3785 3794 3804 3813 3817 3804 3789 3780 3772 3768 3765 3765 3779 3788 3794 3814 3847 3863 3870 3884 3913 3931 3919 3926 3972 4002 3969 3959 3967 3979 3989 4018 4032 3976 3948 3993 3952 3939 3927 3938 3963 3988 4010 4037 4079 4097 4098 4100 4105 4079 4051 4040 4028 4013 4013 4010 4001 4008 4010 4009 3988 3953 3928 3908 3900 3898 3893 3885 3878 3872 3863 3869 3876 3884 3877 3869 3857 3852
3754 3764 3772 3778 3777 3773 3777 3790 3806 3819 3819 3809 3790 3788 3782 3778 3782 3787 3795 3795 3789 3800 3824 3833 3848 3868 3887 3898 3904 3922 3954 3962 3954 3954 3961 3972 3984 4002 4030 3985 4000 4001 3949 3934 3935 3949 3975 4004 4035 4088 4142 4115 4086 4098 4087 4064 4045 4035 4022 4024 4026 4032 4038 4049 4042 4028 4000 3967 3941 3924 3918 3912 3904 3898 3888 3876 3866 3870 3878 3885 3880 3869 3859 3851
3757 3758 3767 3773 3774 3771 3774 3792 3809 3823 3822 3818 3813 3811 3810 3811 3819 3831 3827 3811 3801 3810 3832 3844 3846 3855 3871 3886 3898 3919 3940 3952 3953 3956 3964 3972 3981 3991 4018 3978 4016 3998 3946 3937 3945 3964 3995 4031 4069 4139 4156 4104 4062 4073 4055 4037 4028 4032 4034 4042 4047 4061 4080 4086 4073 4063 4029 3990 3958 3943 3935 3922 3913 3907 3899 3890 3882 3885 3888 3890 3884 3874 3867 3860
3759 3759 3765 3769 3774 3782 3791 3799 3811 3823 3827 3830 3835 3832 3835 3838 3847 3860 3846 3825 3815 3830 3848 3861 3857 3855 3867 3885 3900 3925 3954 3968 3968 3969 3975 3983 3989 3997 4015 3971 4011 3990 3947 3944 3957 3978 4015 4063 4099 4104 4086 4061 4035 4027 4017 4015 4021 4047 4063 4078 4088 4102 4108 4107 4100 4087 4057 4023 3985 3959 3938 3925 3918 3912 3908 3906 3906 3908 3909 3900 3892 3886 3884 3884
3763 3763 3768 3775 3785 3798 3810 3809 3806 3816 3831 3841 3831 3836 3845 3841 3836 3836 3833 3829 3820 3826 3847 3854 3853 3857 3868 3884 3903 3941 3988 3995 3986 3984 3989 4000 4008 4016 4037 3978 4016 3988 3952 3953 3966 3989 4024 4070 4095 4065 4040 4026 4017 4004 3993 4003 4024 4066 4107 4122 4135 4140 4127 4131 4118 4103 4082 4060 4017 3981 3950 3934 3925 3919 3920 3925 3931 3935 3933 3916 3905 3903 3901 3910
3769 3765 3772 3784 3799 3810 3820 3818 3819 3823 3830 3833 3825 3827 3832 3835 3837 3839 3844 3844 3834 3833 3847 3850 3852 3865 3876 3887 3911 3950 4010 4020 4002 4001 4007 4016 4033 4049 4067 3975 4030 3994 3960 3960 3973 3991 4018 4044 4051 4032 4012 4002 4003 3995 3984 4002 4035 4071 4120 4144 4159 4156 4139 4142 4124 4110 4101 4086 4042 4006 3972 3953 3939 3930 3934 3943 3951 3955 3953 3931 3919 3922 3926 3931
3772 3763 3773 3789 3804 3815 3822 3824 3831 3837 3830 3818 3816 3818 3820 3826 3833 3850 3867 3869 3866 3858 3866 3867 3872 3887 3894 3899 3912 3942 3974 3998 4015 4029 4028 4036 4074 4113 4078 3969 4050 4007 3970 3970 3978 3990 4008 4029 4037 4019 3996 3983 3979 3972 3978 4001 4033 4062 4106 4135 4159 4156 4140 4131 4122 4114 4109 4101 4070 4042 4008 3984 3962 3949 3953 3962 3970 3976 3968 3950 3937 3944 3953 3952
3766 3764 3774 3789 3805 3816 3826 3836 3854 3865 3840 3817 3811 3811 3814 3823 3831 3851 3877 3890 3904 3896 3889 3891 3897 3908 3915 3910 3917 3936 3959 3982 4014 4044 4060 4066 4094 4112 4096 3996 4084 4024 3984 3981 3986 3994 4006 4029 4042 4024 3995 3976 3969 3964 3976 4003 4033 4069 4099 4123 4146 4145 4141 4132 4131 4130 4131 4127 4112 4098 4059 4025 3995 3979 3978 3982 3989 3996 3998 3973 3958 3969 3975 3974
3762 3766 3774 3787 3802 3816 3834 3857 3870 3865 3849 3829 3817 3814 3817 3828 3840 3854 3867 3897 3929 3927 3918 3915 3917 3921 3912 3909 3918 3938 3959 3971 3990 4006 4027 4050 4094 4128 4108 4064 4122 4044 3999 3993 3996 4006 4022 4031 4035 4019 3995 3980 3976 3976 3984 4009 4037 4072 4105 4126 4135 4140 4146 4146 4147 4160 4170 4175 4171 4161 4116 4068 4031 4010 4005 4005 4008 4015 4018 3999 3987 4000 4017 4000
3749 3757 3769 3782 3795 3812 3833 3861 3876 3869 3857 3846 3836 3828 3831 3843 3853 3863 3871 3895 3919 3932 3939 3929 3924 3913 3912 3917 3922 3940 3963 3965 3967 3977 4000 4034 4088 4154 4120 4133 4155 4058 4017 4010 4008 4018 4039 4048 4040 4027 4008 3998 3997 3993 3998 4020 4043 4072 4109 4138 4148 4154 4169 4170 4177 4190 4205 4224 4223 4204 4162 4110 4068 4044 4033 4028 4025 4027 4030 4027 4027 4034 4037 4024
3740 3749 3764 3779 3796 3812 3825 3843 3861 3853 3842 3838 3847 3855 3858 3860 3866 3874 3882 3894 3904 3915 3922 3918 3905 3899 3904 3908 3922 3938 3951 3947 3947 3956 3980 4018 4071 4137 4106 4191 4171 4080 4042 4030 4023 4031 4056 4073 4069 4058 4046 4035 4031 4029 4024 4040 4066 4094 4115 4138 4169 4188 4205 4205 4204 4207 4216 4235 4250 4236 4198 4146 4106 4081 4065 4053 4043 4034 4039 4052 4070 4075 4075 4057
3748 3753 3765 3778 3795 3809 3819 3838 3839 3832 3824 3835 3863 3895 3884 3870 3870 3877 3883 3893 3900 3903 3897 3905 3896 3891 3891 3891 3907 3918 3926 3925 3929 3941 3963 3999 4046 4101 4077 4168 4158 4109 4061 4046 4039 4046 4067 4089 4103 4098 4090 4074 4069 4067 4051 4060 4081 4106 4120 4143 4183 4204 4208 4206 4208 4210 4224 4243 4279 4292 4244 4194 4151 4123 4102 4083 4065 4047 4051 4071 4096 4115 4117 4094
3782 3765 3767 3774 3785 3797 3804 3813 3816 3808 3803 3814 3847 3856 3862 3860 3861 3864 3871 3885 3902 3906 3910 3917 3910 3896 3877 3875 3888 3904 3909 3913 3919 3930 3950 3981 4020 4066 4073 4144 4112 4061 4057 4052 4052 4061 4078 4110 4137 4132 4125 4108 4098 4092 4076 4080 4092 4101 4119 4140 4174 4193 4193 4198 4206 4216 4233 4250 4284 4300 4273 4243 4200 4173 4147 4120 4094 4072 4069 4085 4106 4127 4134 4125
3763 3765 3765 3768 3771 3773 3784 3791 3795 3791 3789 3797 3820 3825 3835 3841 3843 3845 3852 3862 3881 3908 3938 3936 3914 3894 3865 3865 3870 3881 3889 3899 3913 3922 3938 3964 3994 4026 4097 4099 4073 4053 4057 4060 4068 4083 4100 4129 4153 4154 4147 4135 4126 4120 4112 4114 4121 4118 4127 4140 4157 4168 4179 4195 4211 4231 4243 4247 4258 4267 4274 4268 4251 4229 4197 4162 4128 4100 4092 4101 4111 4124 4145 4154
3763 3763 3763 3764 3763 3762 3773 3786 3791 3791 3788 3792 3804 3808 3817 3824 3827 3830 3836 3844 3864 3895 3925 3908 3890 3871 3860 3859 3861 3868 3873 3885 3902 3913 3924 3944 3968 3989 4073 4023 4035 4049 4067 4079 4097 4114 4130 4145 4163 4174 4174 4168 4163 4164 4163 4162 4162 4146 4147 4150 4153 4159 4171 4192 4214 4238 4246 4244 4249 4261 4278 4290 4312 4286 4247 4205 4166 4135 4122 4125 4130 4139 4158 4175
3755 3758 3760 3761 3760 3764 3771 3781 3793 3793 3790 3794 3796 3802 3807 3812 3815 3817 3824 3834 3853 3875 3885 3876 3870 3864 3868 3867 3867 3873 3876 3887 3902 3911 3920 3936 3952 3976 4061 3985 4014 4051 4084 4120 4139 4153 4166 4180 4192 4205 4212 4213 4211 4224 4245 4227 4212 4188 4172 4161 4155 4160 4170 4185 4206 4229 4239 4243 4249 4265 4291 4318 4358 4332 4290 4245 4204 4174 4159 4161 4161 4164 4176 4185
3758 3759 3761 3761 3760 3763 3769 3788 3805 3790 3778 3786 3792 3796 3802 3806 3809 3814 3824 3840 3854 3864 3863 3858 3865 3877 3888 3889 3883 3889 3890 3892 3901 3914 3927 3942 3956 3986 4022 3984 4013 4051 4088 4135 4162 4182 4200 4215 4230 4244 4256 4260 4260 4278 4305 4292 4266 4224 4196 4174 4166 4169 4176 4185 4197 4212 4226 4235 4246 4266 4304 4342 4369 4356 4318 4278 4242 4219 4211 4209 4206 4195 4196 4201
3771 3767 3762 3759 3757 3756 3762 3773 3791 3782 3772 3775 3790 3799 3801 3803 3806 3811 3826 3850 3866 3865 3860 3857 3869 3891 3895 3897 3898 3901 3905 3905 3909 3923 3940 3958 3974 4006 4014 4010 4032 4061 4087 4114 4160 4201 4230 4248 4264 4280 4301 4317 4300 4318 4345 4336 4298 4257 4223 4197 4185 4187 4189 4195 4201 4208 4218 4231 4246 4274 4316 4359 4391 4368 4337 4306 4280 4268 4266 4261 4251 4226 4217 4215
3786 3775 3766 3759 3755 3751 3754 3761 3763 3770 3767 3769 3783 3799 3802 3801 3802 3804 3813 3849 3871 3870 3867 3865 3873 3886 3892 3899 3911 3920 3922 3925 3927 3936 3960 3983 4000 4012 4038 4046 4057 4078 4097 4123 4170 4219 4261 4278 4293 4307 4328 4355 4330 4346 4363 4356 4334 4294 4261 4234 4214 4214 4213 4215 4215 4218 4226 4236 4250 4277 4319 4353 4378 4365 4345 4326 4310 4304 4311 4296 4280 4253 4236 4228
3806 3781 3771 3764 3757 3752 3753 3764 3773 3769 3768 3773 3779 3795 3798 3799 3800 3801 3808 3831 3856 3869 3878 3881 3887 3893 3901 3916 3929 3945 3952 3955 3950 3954 3977 4002 4026 4013 4091 4093 4094 4107 4125 4148 4197 4245 4285 4306 4309 4323 4334 4336 4353 4382 4403 4398 4370 4334 4302 4276 4249 4245 4243 4246 4240 4237 4241 4248 4260 4282 4315 4341 4356 4358 4351 4338 4325 4314 4305 4287 4269 4255 4237 4226
3800 3782 3775 3768 3762 3756 3751 3760 3760 3764 3767 3775 3767 3778 3789 3796 3801 3805 3810 3822 3845 3872 3896 3911 3920 3923 3925 3945 3965 3988 4002 4000 3983 3978 3988 4011 4045 4020 4149 4172 4142 4146 4162 4186 4238 4289 4333 4335 4332 4342 4350 4358 4390 4426 4455 4458 4409 4375 4343 4314 4286 4276 4276 4284 4280 4261 4261 4264 4271 4292 4324 4356 4366 4370 4364 4348 4328 4309 4286 4264 4247 4230 4220 4209
3793 3786 3783 3779 3774 3769 3765 3764 3764 3764 3760 3765 3766 3774 3786 3796 3803 3810 3818 3829 3850 3881 3918 3961 3996 3978 3958 3977 4009 4043 4068 4045 4016 4001 4007 4027 4058 4045 4183 4220 4179 4187 4205 4234 4289 4349 4395 4379 4372 4374 4379 4394 4439 4467 4479 4480 4448 4417 4384 4350 4322 4310 4311 4312 4299 4288 4285 4284 4288 4304 4340 4382 4393 4398 4383 4361 4333 4309 4281 4257 4240 4223 4212 4201
3812 3802 3801 3797 3791 3785 3780 3771 3769 3767 3764 3767 3773 3782 3791 3800 3808 3815 3826 3838 3857 3887 3929 3981 4041 4026 3993 4005 4041 4079 4097 4071 4034 4021 4027 4044 4073 4102 4155 4187 4207 4227 4250 4286 4344 4394 4420 4416 4417 4410 4410 4423 4456 4473 4479 4484 4486 4460 4429 4387 4354 4336 4332 4333 4327 4318 4311 4305 4306 4315 4346 4380 4414 4421 4402 4379 4349 4320 4287 4260 4244 4228 4219 4212
3856 3836 3825 3816 3809 3799 3784 3776 3771 3767 3770 3773 3781 3789 3796 3806 3812 3817 3825 3840 3856 3884 3923 3964 4001 4013 4004 4020 4049 4087 4108 4089 4055 4043 4049 4065 4090 4174 4142 4202 4237 4267 4294 4344 4407 4454 4466 4457 4446 4439 4432 4435 4444 4459 4471 4484 4508 4488 4463 4413 4382 4361 4357 4367 4378 4360 4341 4327 4322 4325 4340 4365 4396 4414 4414 4404 4379 4339 4300 4268 4251 4243 4242 4242
3868 3858 3844 3834 3825 3815 3798 3782 3776 3773 3776 3792 3795 3806 3819 3815 3816 3820 3829 3846 3858 3881 3912 3940 3963 3990 4007 4032 4061 4108 4131 4108 4074 4062 4071 4085 4109 4171 4150 4221 4269 4306 4343 4405 4474 4535 4533 4511 4491 4467 4449 4439 4440 4454 4468 4487 4500 4488 4471 4435 4407 4389 4388 4390 4412 4397 4367 4347 4337 4337 4346 4360 4380 4403 4420 4421 4399 4356 4314 4281 4263 4260 4267 4287
3852 3852 3851 3845 3840 3831 3811 3791 3786 3788 3794 3808 3811 3813 3819 3819 3819 3822 3831 3857 3865 3883 3910 3930 3952 3994 4017 4042 4074 4127 4148 4123 4092 4084 4092 4108 4128 4157 4181 4235 4292 4339 4388 4448 4518 4600 4607 4569 4524 4482 4456 4442 4445 4467 4467 4472 4472 4471 4466 4456 4434 4418 4413 4406 4407 4405 4382 4361 4355 4356 4354 4361 4382 4411 4431 4426 4403 4367 4328 4296 4281 4275 4279 4314
3858 3850 3858 3860 3853 3842 3822 3799 3793 3792 3796 3799 3804 3807 3812 3816 3819 3823 3832 3863 3874 3895 3917 3933 3956 4000 4027 4051 4082 4127 4153 4132 4108 4105 4115 4131 4153 4188 4225 4265 4322 4373 4417 4476 4534 4607 4674 4597 4533 4488 4459 4445 4445 4460 4455 4451 4451 4456 4461 4469 4465 4448 4437 4422 4415 4411 4391 4369 4369 4380 4378 4360 4379 4419 4433 4426 4402 4370 4339 4315 4301 4294 4290 4307
3895 3896 3889 3883 3869 3848 3825 3806 3798 3795 3794 3789 3788 3799 3807 3814 3822 3829 3837 3854 3893 3933 3932 3942 3963 4010 4037 4061 4088 4118 4138 4134 4126 4125 4140 4161 4171 4238 4276 4313 4371 4425 4462 4506 4536 4577 4621 4589 4529 4485 4454 4437 4439 4442 4438 4440 4444 4452 4471 4501 4521 4482 4467 4447 4429 4420 4396 4370 4361 4358 4354 4338 4349 4367 4383 4401 4384 4361 4343 4330 4326 4321 4313 4321
3935 3957 3934 3909 3885 3862 3837 3817 3802 3793 3792 3796 3799 3801 3806 3816 3828 3842 3857 3865 3894 3917 3938 3953 3975 4015 4048 4077 4105 4132 4140 4152 4154 4157 4170 4198 4198 4287 4330 4381 4449 4514 4549 4542 4541 4555 4575 4559 4510 4469 4440 4421 4415 4418 4425 4441 4455 4456 4479 4519 4540 4515 4496 4469 4440 4422 4392 4361 4341 4327 4315 4307 4308 4311 4321 4329 4340 4341 4340 4346 4364 4360 4346 4340
3926 3921 3947 3913 3893 3875 3847 3822 3808 3798 3792 3804 3803 3804 3809 3821 3837 3852 3866 3881 3898 3920 3944 3968 3996 4029 4074 4105 4143 4180 4216 4192 4188 4192 4209 4236 4241 4317 4375 4459 4571 4586 4587 4561 4541 4544 4563 4549 4488 4453 4421 4400 4389 4394 4405 4431 4448 4459 4472 4483 4493 4499 4492 4473 4442 4405 4371 4341 4318 4305 4298 4278 4274 4274 4277 4286 4304 4319 4335 4372 4419 4395 4377 4357
3893 3880 3874 3885 3885 3874 3852 3832 3816 3811 3799 3790 3794 3803 3813 3828 3847 3866 3882 3895 3910 3929 3955 3986 4022 4067 4125 4151 4195 4228 4247 4227 4222 4233 4251 4278 4295 4361 4412 4499 4592 4592 4577 4561 4540 4531 4535 4516 4466 4428 4400 4380 4368 4372 4383 4410 4443 4465 4461 4455 4451 4459 4464 4448 4414 4372 4334 4311 4292 4274 4267 4251 4247 4246 4247 4259 4282 4302 4326 4372 4405 4399 4390 4368
3865 3855 3851 3866 3877 3871 3852 3832 3812 3803 3803 3800 3802 3808 3822 3840 3858 3879 3898 3911 3926 3943 3968 4002 4057 4141 4209 4211 4232 4250 4259 4252 4255 4273 4302 4333 4359 4412 4455 4517 4565 4578 4578 4573 4555 4529 4499 4471 4430 4397 4377 4359 4345 4340 4354 4373 4396 4415 4415 4413 4406 4409 4417 4403 4378 4340 4308 4287 4270 4251 4240 4230 4229 4227 4232 4247 4271 4293 4311 4333 4360 4375 4387 4376
3849 3842 3841 3862 3888 3878 3854 3828 3809 3807 3807 3817 3818 3818 3831 3850 3865 3885 3906 3927 3946 3964 3985 4020 4098 4234 4284 4281 4255 4258 4266 4272 4289 4317 4352 4382 4392 4472 4512 4558 4592 4596 4593 4589 4573 4511 4463 4429 4396 4368 4355 4339 4322 4311 4317 4329 4338 4349 4360 4363 4357 4362 4367 4355 4340 4313 4289 4272 4258 4242 4230 4229 4226 4223 4231 4249 4269 4287 4301 4304 4328 4343 4357 4367
3841 3836 3836 3864 3908 3885 3857 3833 3818 3815 3819 3830 3830 3825 3835 3851 3864 3883 3909 3939 3971 3984 4003 4040 4119 4235 4295 4305 4268 4271 4286 4303 4330 4364 4401 4423 4490 4528 4575 4613 4632 4622 4599 4581 4561 4468 4422 4399 4362 4339 4327 4313 4298 4287 4287 4293 4297 4307 4321 4326 4319 4324 4334 4327 4314 4294 4271 4263 4254 4243 4227 4233 4228 4223 4233 4260 4270 4278 4286 4280 4297 4309 4327 4360
3839 3835 3835 3864 3912 3885 3862 3843 3830 3833 3840 3842 3837 3832 3838 3848 3864 3884 3912 3943 3971 3993 4018 4055 4118 4191 4235 4257 4267 4292 4317 4342 4370 4410 4448 4450 4539 4593 4645 4677 4687 4653 4584 4537 4488 4423 4378 4344 4320 4304 4294 4286 4274 4265 4265 4268 4270 4280 4295 4306 4291 4292 4302 4303 4294 4286 4274 4261 4251 4242 4219 4214 4218 4221 4241 4267 4262 4260 4256 4254 4262 4272 4295 4347
3844 3843 3843 3868 3907 3881 3863 3852 3849 3857 3863 3857 3847 3840 3847 3859 3873 3891 3919 3947 3973 4002 4035 4070 4114 4164 4212 4249 4285 4320 4354 4378 4414 4462 4490 4489 4619 4683 4779 4718 4674 4605 4540 4480 4423 4379 4341 4307 4285 4276 4270 4263 4254 4246 4246 4249 4251 4260 4275 4282 4270 4269 4270 4278 4281 4281 4279 4259 4244 4228 4215 4208 4207 4215 4222 4235 4243 4242 4237 4237 4242 4244 4269 4393
3862 3866 3863 3930 3889 3864 3858 3858 3868 3872 3884 3874 3862 3856 3860 3872 3888 3908 3932 3960 3985 4017 4054 4093 4137 4179 4234 4276 4324 4367 4413 4447 4479 4529 4568 4579 4749 4771 4755 4700 4634 4553 4492 4433 4380 4343 4311 4281 4260 4251 4249 4243 4237 4231 4233 4237 4240 4243 4256 4263 4256 4254 4254 4265 4272 4270 4261 4250 4240 4227 4219 4213 4215 4218 4219 4223 4232 4233 4229 4231 4232 4228 4266 4364
