real_craters/C213-500m.grd
DSAA
705 705
-176.1025 176.1025
-176.1025 176.1025
2215.0633036469 5442.8655573949
[rows 210 to 239 of 705, columns 603 to 669 of 705]
3957.78 3957.46 3956.21 3952.49 3946.42 3940.84 3941.36 3945.02 3952.85 3967.89 3981.99 3987.81 3985.88 3981.52 3979.01 3977.83 3973.09 3965.87 3956.9 3946.35 3935.29 3925.8 3925.42 3932.27 3938.63 3942.39 3944.1 3945.34 3948.11 3951.48 3955.28 3963.16 3970.34 3982.1 3984.31 3980.96 3976.46 3971.35 3967.29 3968.47 3970.41 3971.59 3969.75 3968.49 3966.83 3965.5 3962.87 3961.64 3959.62 3961.9 3965.28 3960.59 3959.68 3960.97 3954.6 3956.28 3964.43 3966.19 3959.7 3962.01 3967.04 3977.07 3989.71 3995.3 3992.05 3984.13 3983.16
3954.77 3954.18 3952.79 3951.03 3948.8 3940.03 3937.76 3938.32 3942.8 3952.52 3967.09 3975.53 3978.84 3978.86 3979.16 3983.08 3976 3966.58 3956.59 3945.65 3934.16 3924.08 3922 3927.36 3933.4 3937.2 3938.88 3939.25 3939.69 3941.4 3945.16 3951.41 3959.58 3970.67 3975.25 3974.84 3972.84 3970.48 3966.54 3965.13 3964.44 3962.79 3963.39 3964.76 3965.53 3964.11 3961.88 3960.74 3958.55 3956.94 3955.92 3950.44 3950.52 3953.95 3953.66 3958.26 3967.72 3977.41 3974.09 3969.38 3971.65 3979.04 3991.11 3999.66 3991.64 3979.93 3977.57
3952 3951.69 3950.54 3949.55 3949.18 3941.31 3935.01 3933.87 3937.86 3947.15 3959.64 3968.02 3973.05 3976.2 3978.34 3981.46 3976.28 3968.11 3959.3 3949.59 3939.01 3928.5 3923.71 3929.36 3933.37 3935.68 3936.28 3935.13 3932.28 3931.01 3936.3 3941.43 3948.37 3958.86 3964.87 3966.7 3967.22 3967.51 3963.97 3958.47 3958.67 3957.35 3959.95 3962.64 3964.17 3963.96 3963.37 3960.19 3955.24 3955.06 3954.45 3951.18 3955.49 3962.87 3963.22 3962.95 3971.8 3986.57 3998.39 3980.11 3976.69 3977.49 3986.31 3987.9 3979.91 3974.69 3976.52
3951.43 3950.71 3948.65 3945.59 3942.01 3934.76 3931.97 3931.33 3938.05 3946.81 3957.61 3965.24 3969.92 3973.62 3977.43 3978.41 3975.32 3969.44 3962.66 3955.64 3948.36 3940.53 3937.59 3937.34 3937.56 3937.56 3936.82 3935.26 3932.66 3931.01 3934.34 3935.72 3939.34 3946.78 3954.74 3958.66 3960.06 3960.73 3959.54 3958.29 3957.21 3955.65 3959.91 3962.18 3962.87 3962.89 3962.57 3961.89 3959.26 3960.06 3958.21 3958.92 3970.75 3966.04 3961.89 3963.01 3968.18 3973.47 3975.12 3974.88 3975.39 3978.82 3979.5 3975.89 3976.55 3977.12 3981.41
3954.09 3952.26 3948.46 3943.72 3939.29 3933.27 3932.26 3933.57 3943.82 3957.95 3961.33 3964.65 3967.91 3970.19 3971.57 3972.08 3972.37 3969.18 3965.56 3961.79 3958.93 3957.86 3953 3946.83 3943.34 3941.24 3939.74 3938.54 3938.18 3939.76 3939.04 3938.12 3938.54 3943.33 3948.67 3952.86 3953.88 3952.13 3954.98 3956.31 3957.02 3956.91 3961.3 3962.73 3964.24 3963.71 3960.6 3961.37 3962.3 3963.28 3959.87 3956.09 3953.26 3956.4 3956.63 3959.46 3963.18 3964.68 3967.08 3970.98 3974.03 3977.04 3977.68 3975.91 3978.21 3977.73 3983.37
3959.34 3955.31 3950.58 3945.93 3942.17 3937.78 3937.35 3940.14 3947.57 3960.88 3962.72 3963.91 3965.34 3966.24 3965.42 3963.7 3967.43 3968.09 3967.28 3966.19 3965.77 3966.14 3959.88 3952.64 3947.57 3944.38 3942.52 3941.68 3941.9 3943.26 3944.05 3942.47 3943.14 3945.73 3948.49 3950.6 3951.27 3950.35 3951.81 3952.78 3953.35 3954.35 3959.66 3962.01 3964.09 3963.58 3960.27 3961 3961.25 3961.46 3957.67 3950.96 3948.6 3952.63 3957.07 3959.2 3961.59 3963.6 3966.84 3969.1 3973.59 3977.44 3978.62 3979.09 3982.58 3983.64 3983.33
3966.23 3959.95 3953.92 3949.68 3946.24 3943.79 3945.73 3947.71 3949.81 3957.84 3960.56 3961.68 3962.62 3963.62 3962.5 3960.21 3965.13 3967.75 3968.3 3967.94 3967.17 3964.66 3958.93 3953.39 3949.1 3946.08 3944.42 3943.58 3943.46 3943.8 3946 3945.92 3947.35 3948.73 3948.75 3950 3952.3 3953.59 3952.15 3952.38 3955.09 3955.47 3958.39 3959.85 3960.34 3959.57 3958.64 3958.03 3959.33 3959.29 3956.46 3950.97 3949.67 3955.58 3957.49 3959.89 3963.01 3966.83 3970.04 3971.03 3973.7 3977.63 3978.68 3975.65 3984.35 3985.44 3983.56
3973.95 3964.93 3956.46 3949.57 3948.83 3955.13 3956.29 3957.33 3956.95 3956.16 3957.39 3958.23 3958.94 3960.37 3960.74 3959.95 3964.94 3967.96 3968.49 3967.93 3966.25 3962.1 3955.52 3952.21 3949.23 3946.92 3945.4 3944.71 3944.42 3943.96 3945.03 3947.16 3946.5 3946.73 3947.68 3948.51 3950.49 3952.39 3953.46 3956.51 3955.06 3953.89 3956.77 3957.62 3957.48 3956.51 3956.85 3958.11 3959.16 3957.13 3956.78 3955.38 3952.38 3960.01 3958.34 3960.4 3963.66 3969.95 3971.35 3970.86 3973.04 3974.59 3978.59 3980.91 3984.87 3985.51 3982.86
3979.47 3968.52 3958.89 3951.25 3951.73 3958.94 3964.18 3964.29 3958.96 3954.13 3954.13 3954.64 3954.99 3954.75 3958.83 3961.23 3966.57 3968.69 3968.46 3966.97 3963.89 3958.92 3953.76 3950.37 3948.1 3946.52 3945.5 3944.93 3944.82 3945.19 3945.41 3946 3945.55 3945.08 3945.67 3945.82 3946.17 3948.33 3951.03 3953.91 3953.87 3951.74 3954.1 3955.92 3956.88 3957.11 3957.83 3958.13 3958.83 3956.05 3958.04 3960.28 3953.97 3958.56 3958.63 3959.55 3962.25 3967.33 3970.99 3972.04 3974.87 3975.69 3977.98 3979.85 3979.78 3980.87 3982.29
3982.31 3970.61 3960.89 3953.8 3952.16 3956.09 3958.6 3957.91 3953.45 3950.83 3950.35 3950.9 3952.02 3952.69 3956.04 3960.16 3966.73 3968.51 3968.03 3966.37 3962.86 3957.06 3951.2 3948.21 3946.57 3945.56 3945.12 3944.76 3945.17 3945.87 3946.6 3946.59 3946.26 3945.91 3944.79 3944.3 3943.58 3945.93 3948.45 3950.58 3951.39 3951.04 3952.91 3954.88 3957.08 3960.82 3959.47 3958.89 3961.35 3959.5 3959.61 3961.54 3958.72 3963.27 3958.49 3959.98 3963.23 3968.34 3970.31 3973.52 3977.04 3978.33 3977.92 3978.3 3975.45 3975.77 3977.08
3983.97 3970.02 3960.78 3953.2 3950.08 3949.77 3950.52 3950.81 3948.84 3947.21 3946.96 3947.66 3949.6 3952.65 3953.7 3956.48 3962.29 3966.38 3966.85 3965.76 3963.32 3956.13 3948.84 3946.35 3945.05 3944.35 3944.05 3944.68 3944.62 3946.11 3947.38 3947.23 3949.72 3948.18 3946.77 3946.17 3945.04 3946.57 3947.94 3946.92 3949.13 3948.99 3952.37 3953.7 3954.39 3956.23 3958.08 3957.53 3962.42 3962.32 3961.17 3960.42 3959.36 3966.44 3965.07 3965.52 3966.58 3966.1 3965.29 3970.77 3978.25 3980.67 3978.46 3977.13 3975.87 3976.47 3971
3980.65 3967.05 3958.56 3952.94 3949.63 3945.39 3947.36 3944.85 3942.88 3943.49 3944 3944.63 3945.79 3948.09 3951.23 3953.98 3958.95 3964.24 3965.31 3964.3 3961.33 3954.88 3948.55 3945.27 3943.85 3943.25 3942.75 3943.05 3943.71 3944.92 3946.19 3947.65 3949.86 3951.04 3951.67 3952.45 3951.08 3950.18 3949.59 3948.66 3946.97 3948.52 3953.34 3951.79 3951.59 3955.29 3957.61 3958.36 3962.78 3963.19 3962.98 3963.09 3961.61 3968.35 3972.52 3972.89 3971.38 3967.28 3965.4 3968.51 3972.41 3973.07 3972.01 3976.1 3977.88 3977.88 3975.16
3973.94 3961.88 3953.59 3946.55 3942.49 3943.49 3944.08 3941.23 3940.04 3941.74 3942.44 3942.75 3943.37 3946.32 3951.81 3956.94 3960.92 3963.85 3963.95 3962.59 3958.67 3952.91 3946.95 3943.78 3942.65 3942.17 3942.32 3942.22 3942.56 3944.18 3946.05 3949.2 3951.47 3954.63 3957.79 3959.98 3959.21 3953.87 3950.04 3947.39 3946.14 3946.93 3947.13 3949.01 3949.9 3953.35 3957.32 3960.4 3964.32 3965.9 3967.42 3966.52 3962.47 3967.82 3972.85 3978.38 3973.17 3970.14 3968.6 3967.9 3966.36 3966.41 3966.86 3972.21 3974.81 3974.29 3974.14
3962.69 3954.31 3947.24 3939.97 3936.85 3942.31 3943.91 3941.83 3942.39 3942.8 3942.86 3942.27 3941.33 3945.02 3952.22 3957.79 3959.39 3962.32 3961.93 3960.74 3957.56 3951.14 3943.94 3942.56 3941.84 3941.14 3940.9 3940.83 3940.76 3940.62 3940.55 3946.4 3949.52 3955.04 3957.81 3959.51 3958.75 3954.35 3949.67 3945.59 3945.63 3946.71 3948.04 3948.95 3949.99 3952.2 3957.41 3962.76 3966.16 3973.06 3974.58 3973.48 3972.42 3966.42 3966.7 3967.59 3971.13 3970.83 3970.67 3969.98 3968.72 3966.42 3964.09 3966.67 3966.84 3969.04 3971.59
3955.22 3949.25 3943.31 3937.54 3936.2 3944.79 3945.05 3945.71 3946.34 3945.69 3944.87 3944.04 3943.81 3946.17 3951.26 3955.01 3955.11 3958.7 3958.39 3957.23 3954.35 3949.87 3945.99 3943.28 3941.64 3941.21 3941.18 3940.61 3940.08 3938.92 3939.57 3943.51 3946.84 3951.34 3952.02 3953.94 3954.74 3952.94 3949.81 3946.16 3946.7 3948.49 3950.02 3950.08 3950.74 3954.45 3959.14 3963.73 3967.83 3974.54 3976.91 3977.55 3974.68 3964.09 3963.94 3963.71 3969.55 3971.17 3971.15 3972.2 3973.18 3970.96 3965 3963 3962.57 3966.06 3969.78
3951.58 3946.84 3942.19 3938.75 3938.79 3944.62 3950.84 3951.24 3950.84 3949.11 3947.4 3946.45 3946.78 3947.2 3948.88 3950.21 3950.81 3953.69 3954.03 3952.5 3950.35 3947.66 3945.15 3942.51 3941.03 3940.4 3940.26 3940.34 3940.4 3939.43 3940.32 3943.53 3945.48 3947.7 3947.75 3948.32 3951.38 3951.96 3950.12 3946.74 3947.37 3948.76 3949.36 3951.26 3954.79 3956.07 3959.61 3964.68 3966.33 3967.95 3967.69 3970 3967.75 3960.39 3962.72 3963.19 3968.34 3971.85 3971.63 3970.72 3971.59 3973.88 3968.68 3963.69 3961.88 3966.08 3970.55
3950.68 3947.58 3944.54 3942.07 3942 3950.63 3955.85 3958.68 3954.88 3951.44 3948.76 3947.41 3946.85 3946.26 3946.44 3947.95 3950.05 3951.07 3950.46 3949.27 3947.48 3945.14 3942.26 3940.47 3940.35 3940.48 3940.65 3940.89 3940.89 3941.47 3941.39 3940.31 3943.57 3946.01 3946.29 3948.7 3951.09 3952.91 3951.65 3949.54 3949.86 3949.08 3950.61 3951.2 3955.11 3956.75 3960.34 3965.47 3967.59 3963.8 3958.66 3959.36 3957.98 3953.88 3959.17 3960.86 3962.62 3966.42 3967.54 3967.84 3967.65 3966.96 3965.84 3965.21 3966.61 3967.17 3969.07
3950.74 3949.2 3947.76 3947.32 3948 3952.91 3956.6 3960.09 3955.54 3951.36 3948.18 3946.64 3945.53 3943.91 3942.93 3942.6 3944.71 3947.29 3947.47 3946.36 3945.84 3943.9 3941.39 3939.89 3940.12 3940.48 3940.54 3940.89 3941.6 3941.36 3940.27 3942.81 3941.68 3944.06 3945.78 3949.34 3952.31 3955.17 3956.4 3953.05 3947.89 3948.97 3951.51 3952.68 3955.38 3958.67 3962.9 3965.43 3967.18 3958.07 3950.43 3952.32 3951.48 3948.01 3954.61 3957.92 3958.9 3959.37 3962.49 3962.98 3963.24 3964.01 3963.61 3965.53 3968.29 3967.26 3967.86
3951.77 3951.12 3951.45 3952.26 3954.82 3953.93 3954.03 3954.15 3952 3948.63 3945.34 3943.14 3942.23 3940.72 3939.53 3938.33 3939.17 3942.58 3946.08 3947.17 3946.34 3944.84 3942.11 3940.6 3940.97 3941.12 3940.7 3940.18 3939.71 3937.44 3940.08 3940.67 3940.53 3942.45 3944.36 3948.75 3953.49 3957.04 3958.32 3955.91 3953.78 3949.79 3949.58 3954.13 3954.06 3956.57 3961.93 3964.64 3959.72 3954.02 3950.02 3949.97 3948.53 3942.41 3949.83 3954.52 3956.06 3958.73 3960.95 3961.12 3958.12 3957.41 3961.26 3962.71 3965.06 3965.84 3964.24
3954.3 3953.84 3954.04 3955.02 3956.84 3956.97 3949.63 3950.42 3947.83 3944.96 3941.42 3938.44 3937.3 3937.66 3937.81 3938.44 3940.08 3946.81 3947.34 3946.91 3949.22 3948.42 3946.01 3943.9 3943.67 3942.59 3941.28 3940.13 3940.9 3942.84 3944.6 3946.37 3946.01 3944.06 3943.77 3947.54 3955.47 3960.27 3961.5 3960.87 3956.33 3950.5 3947.97 3947.82 3949.92 3951.53 3956.29 3961.61 3957.22 3951.81 3948.56 3949.85 3943.66 3938.33 3944.13 3948.56 3952.64 3958.22 3961.25 3963.15 3957.24 3954.9 3955.74 3958.35 3964.83 3965.15 3963.31
3955.49 3955.51 3955.8 3955.99 3954.09 3954.51 3949.61 3945.9 3943.98 3941.61 3938.69 3935.4 3935.56 3936.85 3938 3939.66 3943.37 3951.04 3956.64 3956.77 3955.41 3953.63 3951.87 3950.61 3947.32 3945.13 3942.92 3940.51 3939.24 3945.77 3949.08 3948.46 3947.65 3945.59 3945.87 3952.55 3959.44 3964.79 3964.14 3961.91 3955.46 3948.83 3946.56 3942.15 3946.51 3949.83 3953.84 3955.96 3954.27 3949.71 3947.57 3946.42 3946.24 3938.54 3942.82 3944.61 3946.78 3952.81 3958.97 3961.37 3958.01 3956.92 3957.22 3961.33 3963.5 3963.47 3961.78
3955.68 3956.38 3956.96 3957.27 3955.58 3952.85 3947.32 3942.19 3941.32 3940.28 3938.49 3936.25 3936.53 3937.95 3939.53 3941.15 3946.43 3959.34 3965.41 3964.98 3961.87 3958.62 3955.96 3953.69 3950.17 3946.09 3943.83 3942.92 3942.66 3950.69 3952.02 3946.78 3945.85 3943.71 3946.46 3958.44 3961.26 3964.35 3961.17 3954.09 3949.75 3944.75 3941.09 3944.88 3945.67 3948.17 3949.31 3949.72 3947.21 3946.26 3944.38 3950.45 3951.48 3945.5 3945.99 3942.31 3944.73 3949.6 3955.57 3959.91 3961.37 3960.81 3961.91 3962.48 3962.93 3962.39 3962.56
3953.89 3956.31 3958.32 3959.13 3955.77 3951.85 3943.63 3942.32 3940.97 3940.61 3940.81 3940.53 3939.93 3940.34 3942.14 3945.72 3951.18 3963.91 3974.52 3971.02 3965.15 3960.47 3957.89 3957.23 3949.93 3945.91 3944.48 3946.39 3946.77 3948.14 3946.64 3942.71 3944.63 3949.05 3954.2 3959.04 3958.23 3956.24 3956.56 3952.33 3950.88 3940.78 3940.03 3943.67 3942.87 3943.68 3945.1 3944.04 3944.49 3943.05 3946.48 3951.51 3955.57 3950.21 3954.56 3948.01 3946.73 3949.52 3953.77 3957.93 3962.06 3963.1 3963.09 3964.46 3962.14 3961.48 3962.12
3950.74 3955.26 3960.09 3961.3 3957.98 3954.56 3948.26 3943.01 3941.9 3941.59 3942.5 3943.31 3941.89 3942.05 3943.79 3947.78 3953.28 3966.17 3976.54 3971.04 3964.42 3958.52 3953.16 3946.03 3945.37 3943.26 3942.57 3944.03 3948.33 3949.56 3943.46 3938.53 3942.12 3951.99 3955.52 3958.63 3956.52 3955.87 3958.03 3957.88 3953.79 3944 3938.37 3936.19 3936.8 3938.69 3939.34 3938.73 3937.13 3937.53 3944.14 3952.2 3957.64 3952.58 3959.02 3954.52 3952.2 3951.45 3951.77 3955.84 3959.44 3957.58 3958.47 3960.17 3961.61 3962.44 3963.36
3945.87 3953.17 3961.29 3965.93 3963.87 3960.36 3952.72 3945.69 3943.41 3941.91 3941.63 3941.71 3941.49 3942 3944.01 3946.98 3950.65 3958.65 3967.25 3964.62 3959.53 3953.93 3948.24 3943.8 3941.27 3940.47 3940.07 3941.08 3953.23 3952.99 3942.86 3933.74 3937.9 3946.51 3951.73 3952.36 3957.83 3961.07 3961.76 3964.78 3960.43 3945.19 3938.32 3933.41 3932.36 3932.49 3935.05 3935.22 3932.16 3933.54 3943.32 3950.61 3953.48 3951.01 3956.66 3953.56 3952.08 3953.68 3954.77 3953.36 3954 3955.99 3954.91 3959.64 3962.76 3964.56 3964.47
3942.22 3951.06 3963.89 3976.68 3981.47 3971.71 3963.92 3951.64 3945.65 3942.23 3940.64 3939.95 3940.8 3941.76 3943.26 3945.12 3948.39 3952.37 3954.58 3955.76 3952.89 3948.47 3943.35 3938.33 3937.7 3938.52 3939.54 3942.49 3949.35 3950.54 3939.34 3929.95 3931.93 3937.51 3947.08 3951.01 3958.96 3962.35 3960.74 3959.63 3956.34 3952.66 3947.37 3936.88 3934.7 3935.93 3937.6 3935.68 3931.15 3930.52 3940.59 3945.77 3949.47 3946.35 3960.21 3955.16 3952.14 3955.07 3956.48 3953.83 3951.41 3952.11 3953.7 3962.13 3963.85 3963.93 3965
3935.2 3947.61 3964.25 3984.64 4000.84 4005.41 3981.14 3958.63 3948.04 3943.47 3942.18 3940.45 3940.11 3940.97 3942.54 3944.52 3946.56 3946.9 3948.58 3948.53 3947.29 3944.45 3940.33 3936.75 3936.4 3938.79 3940.78 3941.58 3944.18 3941.5 3936.49 3929.94 3931.16 3937.33 3943.06 3948.02 3952.66 3956.16 3955.98 3953.67 3953.58 3959.95 3964.07 3949.97 3941.94 3939.07 3940.94 3938.76 3932.04 3931.36 3933.88 3942.13 3947.08 3947.47 3953.61 3952.8 3951.95 3953.97 3956.27 3951.67 3952.38 3953.29 3955.03 3957.34 3964.77 3966.43 3966.18
3925.16 3936.26 3951.4 3971.52 3991.44 4025.34 3991.68 3960.07 3950.58 3944.59 3942.32 3940.17 3939.95 3940.49 3941.64 3943.39 3945.77 3943.45 3944.08 3943.9 3944.03 3942.96 3940.39 3936.52 3938.32 3942.02 3944.9 3947.89 3947.09 3943.18 3939.52 3934.92 3933.35 3935.05 3941.05 3944.98 3946.65 3950.44 3951.95 3951.83 3954.55 3963.18 3962.46 3954.72 3947.05 3943.42 3947.4 3943.16 3934.34 3932.5 3933.43 3940.07 3945.25 3948.24 3952.6 3948.86 3949.8 3953.61 3956.37 3957.72 3959.02 3955.82 3956.33 3963.87 3966.85 3967.91 3966.91
3911.95 3918.81 3926.94 3932.56 3926.99 3955.35 3973.04 3963.93 3950.93 3943.33 3935.85 3938.58 3939.44 3940.71 3941.64 3941.94 3942.87 3943.5 3939.39 3942.08 3943.51 3944.14 3944.55 3944.53 3946.03 3947.92 3949.46 3951.49 3953.01 3952.86 3945.9 3940.39 3937.26 3938.74 3943.82 3947.35 3948.34 3949.23 3950.09 3950.79 3953.06 3957.52 3956.61 3952.23 3949.14 3947.02 3948.42 3944.53 3937.19 3937.94 3937.77 3940.75 3944.75 3947.24 3950.79 3948.66 3952.46 3957.2 3960.46 3961.76 3961.12 3957.45 3958.06 3965.58 3967.03 3967.31 3966.2
3898.65 3899.71 3900.34 3898.04 3888.48 3890.16 3930.57 3950.21 3946.83 3942.22 3939.95 3938.86 3939.57 3940.1 3941.22 3941.67 3941.73 3943.21 3941.7 3943.2 3945.28 3947.49 3950.43 3953.4 3954.97 3954.95 3955.05 3956.06 3957.5 3956.36 3950.94 3946.58 3944.43 3946.62 3951.12 3954.65 3954.31 3950.58 3949.49 3949.34 3950.01 3949.55 3950.38 3949.16 3950.44 3950.94 3949.74 3948.5 3947.91 3954.15 3947.16 3941.85 3946.1 3952.29 3949.81 3954.68 3957.92 3960.74 3962.32 3962.67 3961.89 3957.87 3958.72 3962.35 3965.38 3966.92 3964.03
