real_craters/C213-500m.grd
DSAA
705 705
-176.1025 176.1025
-176.1025 176.1025
2215.0633036469 5442.8655573949
[rows 390 to 419 of 705, columns 201 to 267 of 705]
3794.08 3793.81 3793.23 3793.62 3797.52 3805.74 3816.79 3838.08 3857.3 3874.83 3888.11 3898.89 3909.14 3918.64 3926.53 3933.53 3940.71 3947.6 3951.12 3950.98 3948.85 3946.23 3943.49 3940.48 3935.72 3928.7 3923.1 3920.06 3918.54 3921.2 3924.53 3929.88 3935.62 3945.23 3956.67 3973.8 3992.76 4021.15 4053.5 4091.13 4137.27 4185.5 4234.91 4284.38 4332.99 4381.46 4458.89 4522.69 4560.23 4576.6 4588.88 4597.59 4598.69 4594.79 4588.72 4584.82 4580.89 4592.32 4519.48 4421.26 4317.46 4210.07 4100.12 3987.52 3875.84 3768.8 3694.95
3786.06 3784.32 3782.31 3781.98 3784.88 3792.73 3802.93 3821.02 3837.73 3851.02 3864.11 3879.79 3891.54 3903.27 3914.41 3924.1 3932.72 3941.64 3947.67 3945.84 3944.03 3942.39 3941.1 3939.32 3934.63 3925.75 3918.46 3914.98 3914.81 3918.71 3926.23 3933.66 3941.55 3955.39 3970.28 3988.47 4009.07 4039.21 4074.76 4118.3 4162.38 4204 4246.5 4289.53 4330.66 4373.12 4436.62 4487.25 4518.71 4537.02 4550.12 4560.54 4560.32 4554.83 4549.32 4543.3 4544.24 4548.56 4484.57 4401.86 4311.24 4217.31 4118.74 4015.58 3906.03 3800.39 3725.49
3785.43 3781.9 3779.34 3778.43 3779.72 3785.46 3791.94 3808.31 3824.15 3837.25 3851.44 3865.86 3880.5 3893.33 3904.44 3914.13 3923.25 3930.8 3934.02 3937.19 3937.44 3936.97 3936.55 3936.35 3932.64 3921.19 3913.84 3910.99 3913.39 3922.78 3937.59 3944.68 3955.51 3970.55 3988.67 4010.11 4032.77 4068.32 4126.82 4169.92 4197.59 4225.31 4259.29 4294.48 4329.34 4367.61 4416.89 4451.38 4488.03 4510.98 4529.3 4531.14 4524.24 4513.46 4502.62 4491.69 4481.06 4467.91 4433.43 4375.64 4306.09 4228.3 4144.36 4051.83 3951.78 3850.36 3773.25
3792.48 3785.1 3782.12 3783.12 3783.41 3786.48 3791.25 3804.48 3818.37 3829.55 3835.07 3858.23 3872.59 3885.15 3895.56 3905.15 3913.35 3919.86 3924.38 3927.24 3928.51 3929.03 3929.3 3929.14 3925.58 3913.02 3907.36 3908.38 3913.62 3929.29 3947.23 3957.81 3971.86 3991.17 4011.18 4034.24 4063.78 4104.2 4170.07 4223.72 4235.65 4250.14 4271.39 4298.84 4326.9 4357.22 4396.33 4432.28 4463.35 4495.64 4514.91 4501.78 4485.85 4470.98 4456.75 4442.25 4426.43 4414.79 4390.27 4349.81 4298.69 4239.44 4173.35 4100.12 4018.44 3923.8 3844.05
3806.2 3804.41 3798.64 3793.39 3792 3796.24 3798.71 3808.7 3819.91 3831.86 3847.85 3858.19 3868.63 3879.68 3888.51 3896.24 3902.88 3908.52 3912.91 3916.27 3917.92 3919.06 3919.75 3919.18 3917.9 3906.32 3905.13 3909.79 3918.59 3934.83 3953.21 3968.99 3990.8 4015.01 4036.2 4061.34 4099.68 4149.68 4208.81 4256.01 4259.69 4261.36 4278.08 4299.11 4320.11 4343.75 4374.65 4406.09 4430.33 4451.52 4468.81 4456.69 4441.99 4426.86 4412.47 4397.7 4382.94 4368.65 4352.4 4327.17 4292.96 4252.33 4205.92 4155.37 4101.78 4039.31 3933.39
3819.01 3823.34 3817.71 3807.97 3809.05 3814.22 3815.33 3818.68 3824.9 3833.66 3845.01 3857.47 3869.31 3875.76 3881.05 3886.25 3891.58 3896.45 3900.2 3904.27 3906.52 3908.15 3909.07 3907.83 3904.63 3901.61 3908.31 3917.94 3927.39 3939.05 3958.84 3977.14 4004.07 4033.63 4065.09 4094.19 4133.83 4184.13 4246.74 4274.14 4266.65 4265.21 4280.61 4301.26 4320.4 4339.4 4358.3 4380.18 4391.41 4396.57 4398.07 4399.85 4394.94 4384.77 4371.92 4358.16 4344.14 4332.6 4322.54 4307.11 4287.34 4262.84 4232.1 4204.17 4173.14 4125.55 4026.62
3822.12 3832.78 3832.22 3829.7 3834.97 3838.76 3831.85 3829.11 3829.73 3833.58 3840.44 3852.39 3865.61 3868.78 3871.26 3875.03 3879.18 3883.49 3887.46 3891.68 3894.65 3897.39 3899.87 3900.35 3899.79 3905.68 3918.94 3932.71 3943.13 3951.63 3971.85 3992.14 4022.49 4061.03 4099.25 4135.75 4162.86 4200.84 4232.53 4248.88 4255.58 4259.95 4280.16 4308.13 4322.15 4330.71 4342.76 4350.84 4354.84 4354.58 4350.64 4351.63 4351.09 4344.63 4334.87 4322.88 4311.18 4304.09 4299.99 4292.53 4282.62 4271.51 4260.05 4245.92 4225.6 4186.79 4112.22
3814.37 3825.99 3833.64 3845.92 3856.67 3861.52 3846.64 3836.73 3831.82 3830.26 3831.67 3840.38 3853.1 3855.23 3857.48 3861.34 3865.13 3869.17 3873.98 3878.88 3883.22 3888.14 3892.94 3897.85 3904.28 3921.34 3936.31 3952.35 3964.88 3974.65 3994.23 4014.21 4045.69 4087.66 4133.24 4181.34 4204.69 4213.47 4219.25 4229.14 4241.63 4253.35 4271.68 4296.15 4310.09 4317.35 4324.35 4323.75 4324.35 4320.42 4317.35 4317.32 4314.67 4309.85 4302.73 4293.06 4280.9 4279.43 4281.85 4282.66 4284.47 4285.15 4284.79 4284.96 4278.35 4253.03 4204.12
3799.85 3808.9 3819.96 3830.11 3840.88 3848.02 3849.21 3836.86 3828.71 3824.01 3822.25 3825.58 3832.17 3836.63 3840.38 3844.2 3849.51 3854.2 3859.36 3868.2 3871.96 3881.1 3888.67 3900.25 3913.63 3935.48 3956.17 3977.71 3993.91 4005.79 4024.79 4047.7 4070.91 4110.11 4159.62 4207.85 4230.61 4224.57 4224.78 4225.8 4233.96 4244.24 4257.55 4270.18 4282.8 4295.25 4306.76 4307.59 4300.39 4292.45 4287.31 4285.95 4283.16 4280.47 4276.4 4271.34 4269.46 4263.56 4267.52 4276.47 4286.6 4296.62 4305.28 4315.72 4327.26 4333.38 4321.64
3787.28 3796.27 3805.97 3812.74 3820.91 3826.37 3832.15 3826.7 3820.44 3815.02 3810.97 3807.59 3809.8 3819.23 3824.27 3830.41 3834.76 3838.69 3841.58 3845.84 3859.49 3874.73 3888.35 3906.21 3925.09 3949.25 3978.21 4005.48 4028.43 4045.63 4065.92 4085.89 4102.17 4142.42 4183.16 4213.45 4227.25 4224.14 4219.11 4220.49 4228.13 4238.23 4247.09 4253.56 4256.22 4270.76 4284.46 4287.46 4277.44 4268.03 4261.85 4256.94 4255.62 4255.19 4254.28 4253.23 4252.24 4252.21 4258.23 4273.45 4291.16 4309 4322.54 4339.94 4357.22 4385.07 4419.72
3779.72 3788.39 3799.94 3806.1 3809.12 3809.86 3814.28 3813.48 3809.45 3805.05 3801.25 3797.68 3799.34 3804.45 3810.47 3816.36 3821.77 3826.03 3829.35 3834.86 3852.69 3873.51 3891.79 3915.33 3941.26 3975.49 4003.42 4034.51 4067.97 4102.09 4128.12 4133.96 4142.24 4181.4 4207.95 4212.07 4212.81 4216.89 4219.06 4218.78 4224.88 4234.95 4239.84 4234.83 4243.2 4250.17 4255.9 4256.25 4249.27 4241.41 4234.45 4229.94 4232.59 4235.03 4236.94 4238.67 4241.39 4244.54 4251.83 4273.08 4295.52 4318.22 4340.2 4362.6 4387.69 4422.85 4450.31
3779.59 3787.17 3797.03 3803.53 3801.48 3800.31 3801.96 3801.63 3799.34 3795.77 3792.9 3792.93 3792.03 3794.78 3800.63 3806.8 3813.07 3818.21 3825.04 3836.19 3853.5 3872.93 3899.34 3927.91 3958.4 3991.86 4025.41 4061.81 4102.64 4145.58 4174.59 4164.78 4167.51 4187.53 4202.41 4204.81 4204.36 4209.98 4214.02 4216.83 4226.72 4231.77 4233.5 4229.34 4231.45 4232.03 4231.99 4224.14 4218.19 4214.89 4211.57 4211.56 4215.49 4219.62 4223.3 4226.9 4232.79 4242.11 4256.47 4279.36 4305.9 4334.12 4360.85 4385.87 4414.12 4459.48 4490.13
3784.79 3787.97 3790.53 3792.26 3794.14 3794.15 3793.73 3792.25 3789.85 3786.75 3783.26 3779.18 3782.1 3786.85 3793.9 3801.46 3808.03 3815.68 3823.44 3834.46 3854.63 3881.32 3909.77 3942.2 3976.05 4007.43 4046.5 4084.44 4127.99 4162.37 4179.34 4175.74 4169.9 4179.5 4188.67 4196.26 4198.87 4202.35 4209.7 4217.21 4225.81 4226.14 4220.88 4212.21 4213.1 4207.24 4202.16 4194.3 4189.16 4189.78 4194.01 4197.47 4202.48 4208.1 4213.72 4220.13 4230.79 4245.94 4264.56 4292 4321 4351.55 4382.42 4414.86 4453.62 4510.62 4560.96
3784.11 3782.13 3779.42 3778.71 3785.08 3786.68 3785.88 3784.66 3782.69 3779.73 3776.1 3771.79 3775.18 3781.6 3789.75 3798.42 3807.14 3816.1 3826.72 3840.06 3862.45 3890.19 3924.35 3958.83 3994.12 4033.19 4078.55 4122.69 4153.46 4175.57 4189.41 4180.28 4170.72 4176.52 4185.68 4194.47 4199.6 4205 4220.87 4235.04 4234.28 4218.13 4199.03 4184.15 4176.29 4172.79 4168.29 4161 4158.21 4166.11 4174.22 4183.72 4192.66 4199.95 4208.57 4218.87 4234.55 4255.41 4282.79 4310.64 4341.14 4374.08 4408.51 4445.08 4489.82 4558.87 4641.7
3779.32 3772.89 3766.63 3768.38 3774.31 3776.43 3778.29 3778.25 3776.78 3774.67 3772 3769.99 3772.97 3782.9 3788.57 3798.6 3808.44 3820.43 3833.86 3851.36 3875.47 3907.6 3941.38 3979.42 4019.62 4057.99 4112.83 4162.72 4179.58 4185.66 4183.9 4180.77 4178.22 4180.01 4186.27 4200.78 4212.03 4218.47 4240.47 4248.29 4235.26 4201.93 4170.14 4149.79 4139.87 4137.01 4134.26 4132.5 4136.87 4145.74 4158.97 4172.83 4182.73 4193.51 4206.02 4221.07 4241.58 4266.21 4296.24 4327.19 4360.91 4397.03 4435 4474.31 4523.49 4578.06 4639.96
3766.06 3763.91 3757.93 3759.11 3763.59 3768.77 3772.24 3773.14 3772.49 3771.28 3770.01 3769.48 3776.92 3783.58 3789.28 3800.2 3813.39 3827.15 3844.31 3864.92 3890.73 3926.18 3962.06 4002.33 4044.99 4094.03 4153.48 4197.65 4202.08 4196.6 4185.95 4183.62 4181.34 4183.06 4198.78 4211.08 4222.35 4221.79 4245.52 4249.06 4215.97 4173.83 4141.32 4120 4109.65 4104.73 4103.35 4105.85 4111.64 4126.92 4145.17 4160.13 4171.13 4187.43 4205.75 4227.4 4250.66 4277.5 4307.96 4341.06 4379.08 4418.33 4459.42 4500.84 4539.42 4581.18 4628.56
3760.13 3756.44 3751.95 3749.99 3754.24 3764.78 3767.75 3769.15 3769.12 3768.56 3768 3769.32 3772.27 3782.65 3790.37 3803.54 3818.16 3835.31 3855.57 3879.36 3910.6 3946.26 3984.69 4027.69 4072.72 4127.53 4184.61 4220.61 4219.67 4209.23 4195.04 4192.73 4197.62 4190.35 4204.07 4215.73 4224.51 4230.44 4248.56 4239.68 4187.97 4141.07 4109.8 4098.01 4085.51 4078.53 4077.74 4083.16 4092.76 4108.1 4127.53 4145.51 4162.97 4182.28 4205.18 4231.39 4259.24 4288.62 4320.95 4356.62 4395.81 4436.02 4478.77 4525.36 4563.01 4579.32 4617.12
3751.75 3749.47 3744.78 3742.11 3747.04 3757.93 3763.55 3766.06 3767.31 3767.83 3767.31 3766.57 3768.25 3782.17 3792.75 3808.05 3825.17 3844.65 3866.76 3893.1 3926.01 3965.01 4007.19 4054.79 4104.36 4159.03 4220.79 4235.85 4230.11 4222.1 4211.86 4208.8 4210.76 4208.33 4217.41 4226.6 4231.13 4235.25 4235.38 4198.2 4155.88 4118.07 4082.37 4070.33 4063.32 4060 4059.57 4063.49 4071.25 4089.27 4111.06 4133.19 4151.43 4175.29 4204.03 4235.99 4266.28 4298.28 4333.82 4372.54 4410.59 4447.9 4486.72 4525.98 4553.76 4563.91 4591.61
3751.98 3748.17 3743.96 3743.51 3746.3 3755.84 3760.37 3764.38 3767.28 3769 3769.27 3769.9 3772.99 3785.81 3798.36 3815.41 3833.71 3854.5 3877.57 3904.68 3939.99 3979.61 4026.37 4080.76 4130.49 4169.73 4198.64 4222.89 4232.43 4233.47 4231.92 4231.94 4227.84 4227.78 4238.65 4248.49 4251.48 4250.74 4230.17 4183.51 4136.46 4104.65 4072.41 4048.41 4040.96 4038.04 4040.37 4046.74 4058.38 4075.07 4094.98 4116.13 4136.36 4164.79 4198.37 4237.76 4267.84 4302.91 4342.5 4385.45 4419.34 4453.14 4485.9 4514.16 4534.21 4544.52 4565.94
3758.16 3756.3 3748.57 3742.6 3742.18 3750.19 3758.45 3764.22 3768.93 3772.41 3774.67 3776.52 3778.49 3789.58 3805.83 3824.26 3843.96 3865.09 3888.01 3914.42 3944.92 3986.44 4038.61 4098.64 4146.79 4173.86 4196.34 4218.84 4235.93 4244.22 4247.75 4248.43 4249.53 4253.47 4270.2 4288.3 4299.02 4278.23 4232.57 4179.39 4127.16 4092.05 4059.32 4044.31 4023.17 4018.75 4023.48 4032.11 4042.99 4059.03 4079.64 4101.74 4122.04 4151.86 4186.3 4222.87 4261.76 4300.49 4341.6 4382 4420.54 4452.51 4481.51 4505.1 4521.06 4528.1 4543.55
3768.86 3762.65 3754.51 3746.61 3745.2 3751.41 3759.57 3766.65 3772.52 3777.99 3784.08 3787.59 3788.95 3799.31 3815.83 3834.53 3855.25 3877.06 3899.54 3925.23 3955.45 3994.21 4044.01 4096.57 4142.42 4173.99 4201.14 4226.5 4245.97 4258.92 4265.12 4271.16 4273.33 4277.66 4309.67 4347.93 4349.54 4302.19 4228.31 4178.16 4121.43 4081.82 4051.83 4026.12 4011.77 4008.11 4012.36 4020.31 4030.86 4045.62 4064.41 4086.25 4109.14 4137.86 4173.19 4212.53 4250.63 4291.41 4334.55 4381.45 4416.38 4446.42 4475.28 4499.53 4513.26 4520.13 4530.01
3763.69 3759.27 3753.95 3749.47 3750.46 3756.65 3763.62 3770.58 3776.89 3783.11 3790.55 3796.24 3799.31 3810.22 3828.61 3848.08 3868.42 3889.85 3912.15 3936.89 3965.37 4001.79 4043.03 4087.19 4131.9 4171.76 4206.8 4240.82 4260.57 4275.03 4285.93 4294.24 4299.22 4302.91 4342.26 4396.66 4386.65 4318.87 4227.18 4174.83 4118 4081.67 4047.48 4023.14 4010.79 4003.71 4006.56 4011.69 4019.06 4031.26 4048.06 4069.32 4091.86 4120.97 4156.29 4195.3 4234.6 4276.4 4319.31 4359.7 4398.85 4433.99 4465.49 4495.72 4506.51 4513.3 4522.69
3752.06 3751.39 3751.14 3758.27 3760.7 3765.23 3771.05 3777.41 3783.58 3789.14 3794.35 3803.45 3811.41 3825.1 3843.88 3863.7 3884.6 3904.25 3925.51 3948.91 3975 4006.27 4044.56 4082.92 4127.25 4172.69 4217.72 4252.2 4274.53 4290.47 4305.33 4320.6 4326.89 4331.2 4359.65 4402.6 4391.21 4324.81 4236.7 4176.59 4120.05 4076.36 4040.95 4020.96 4009.86 4006.39 4004.83 4004.55 4006.94 4013.93 4030.14 4050.49 4072.29 4099.66 4134.5 4174.27 4214.05 4256.18 4299.64 4343.91 4384.65 4416.68 4446.81 4474.07 4494.9 4510.83 4524.52
3746.01 3745.96 3757.33 3776.41 3776.66 3774.76 3778.56 3785.22 3792.07 3798.74 3805.4 3817.18 3828.08 3843.74 3861.59 3880.4 3900.55 3920.01 3940.98 3962.15 3987.04 4015.24 4050.31 4089.28 4128.55 4169.22 4215.86 4263.89 4282.4 4299.83 4319.87 4340.74 4348.95 4341.13 4361.14 4386.71 4386.34 4320.91 4235.25 4176.07 4119.01 4073.37 4037.4 4019.4 4018.86 4015.74 4003.79 3996.71 3995.11 3999.55 4012.92 4031.42 4052.19 4076.36 4110.55 4149.62 4190.16 4231.85 4275.28 4320.32 4361.2 4393.17 4424.28 4456.06 4483.56 4509.08 4536.87
3745.44 3744.28 3752.1 3768.04 3772.61 3778.73 3786.22 3794.56 3803.41 3811.84 3819.75 3834.89 3847.14 3861.61 3880.53 3899 3917.77 3936.26 3956.4 3976.72 3999.79 4026.85 4057.3 4092.79 4130.41 4166.28 4207.46 4249.03 4277.35 4299.04 4321.73 4345.43 4358.01 4347.24 4349.91 4360.03 4346.38 4282.51 4199.17 4149.53 4103.68 4052.3 4022.4 4015.45 4017.94 4011.14 3994.58 3985.01 3981.14 3983.86 3994.96 4012.24 4030.33 4055.77 4089.09 4126.01 4164.56 4204.82 4246.41 4288.77 4329.21 4362.87 4396.38 4434.76 4474.57 4515.75 4559.37
3750.61 3748.2 3751.34 3755.23 3767.18 3780.24 3793.25 3806.23 3817.99 3828.71 3839.32 3855.49 3869.33 3886.15 3902.88 3918.85 3935.27 3953.74 3972.18 3992.58 4013.82 4035.25 4066.21 4100.48 4136.25 4168.88 4203.6 4238.64 4264.66 4287.11 4309.96 4331.64 4342.44 4330.92 4321.75 4301.03 4264.9 4218.38 4152.11 4095.63 4062.73 4027.21 4000.3 3997.03 4000.33 3984.28 3974.82 3967.84 3964.26 3965.47 3975.84 3994.05 4015.36 4035.91 4068.03 4102.94 4138.58 4176.01 4214.61 4254.61 4293.32 4329 4364.65 4408.34 4464.17 4522.26 4579.48
3747.78 3744.02 3746.61 3750.26 3764.66 3783.19 3801.67 3819.6 3835.4 3849.94 3864.24 3878.94 3892.4 3909.9 3923.23 3936.18 3952.51 3969.83 3988.7 4008.83 4029.55 4054.07 4085.68 4121.04 4147.92 4172.38 4198.5 4223.89 4244.59 4265.1 4285.71 4306.33 4321.77 4298.65 4269.7 4239.12 4194.73 4154.62 4105.29 4058.34 4027.13 3995.15 3978.73 3968.64 3959.06 3956.11 3951.34 3948.04 3946.23 3947.56 3957.08 3975.46 3996.27 4013.65 4046.78 4078.58 4111.77 4146.35 4181.53 4219.17 4256.55 4294.02 4334.3 4386.45 4449.37 4513.57 4580.11
3745.26 3742.79 3746.11 3749.84 3766 3789.52 3813.42 3836.11 3856.23 3873.32 3888.13 3902.36 3914.54 3922.66 3935.12 3948.84 3965.82 3983.54 4002.48 4022.96 4044.42 4068.6 4101.63 4137.96 4160 4180.82 4196.19 4206.12 4218.92 4235.49 4250.43 4264.59 4272.27 4250.02 4226.96 4193.08 4143 4101.97 4062.66 4019.22 3995.5 3972.08 3953.69 3944.97 3934.18 3930.13 3929.58 3928.89 3928.89 3930.69 3939.14 3958.15 3978.08 3993.82 4025.22 4053.64 4084.14 4116.14 4148.84 4182.86 4217.22 4257.47 4305.71 4363.19 4430.94 4497.67 4561.31
3751.11 3753.86 3756.63 3760.15 3775.2 3799.98 3826.4 3853.47 3878.66 3898.29 3913.82 3926.65 3934.01 3934.86 3943.62 3961.1 3977.88 3995.37 4014.23 4034.22 4054.23 4079.48 4108.37 4134.16 4159.23 4184.52 4188.48 4188.54 4193.96 4201.45 4208.88 4211.92 4204.05 4181.29 4154.89 4158.45 4109.66 4061.09 4028.9 3993.29 3968.4 3944.85 3933.82 3928.79 3917.6 3911.84 3911.95 3912.83 3913.84 3917.29 3926.84 3942.38 3961.21 3973.72 3999.65 4028.94 4058.14 4088.37 4118.35 4148.79 4181.43 4220.51 4269.88 4330.08 4397.74 4465.21 4530.15
3767.13 3780.38 3766.98 3775.53 3789.64 3812.44 3840.5 3871.42 3903.17 3930.9 3946.4 3952.91 3955.5 3953.54 3959.96 3976.79 3992.3 4007.74 4024.46 4042.94 4060.81 4083.01 4104.96 4121.17 4141.3 4159.33 4162.68 4161.39 4161.08 4164.44 4165.49 4160.19 4145.23 4120.61 4093.99 4089.31 4057.66 4028.35 4005.22 3976.46 3958 3939.5 3930.71 3916.39 3908.04 3901.43 3900.19 3899.65 3901.08 3903.96 3911.67 3926.16 3943.95 3959.18 3981.19 4005.78 4033.65 4062.27 4090.57 4117.78 4146.6 4183.59 4233.99 4292.7 4357.11 4424.31 4492.75
