real_craters/C213-1000m.grd
DSAA
202 202
-100.63 100.63
-100.63 100.63
2936.8180595985 7410.0637259888
[rows 150 to 179 of 202, columns 0 to 66 of 202]
5729.1 5786.42 5742.78 5762.87 5713.74 5720.08 5773.06 5801.23 5788.15 5789.44 5849.01 5901.24 6012.43 6082.97 6112.68 6096.31 5981.61 5920.81 5910.96 5902.23 5934.12 5945.78 5942.64 5985.71 6056.66 6125.84 6187.9 6168.79 6127.53 6078.34 6052.84 6124.31 6242.29 6279.56 6231.56 6182.08 6018.27 5950.54 5930.13 5908.48 5803.01 5741.57 5687.36 5633.39 5527.5 5390.29 5403.2 5395.1 5351.79 5321.99 5314.97 5160.6 5129 5118.56 5114.79 5136.08 5098.09 5059.81 5071.93 5096.1 5127.65 5174.13 5275.46 5419.65 5834.62 6170.08 6188.23
5731.29 5740.59 5731.69 5693.46 5659.77 5724.75 5811.71 5854.01 5816.05 5803.16 5852.91 5860.96 5974.05 6031.93 6053.21 6026.43 5934.04 5942.19 5918.45 5904.63 5940.24 5971.55 5986.29 6020.76 6055.49 6116.83 6198.17 6154.93 6089.32 6042.42 5995.41 6051.76 6136.17 6162.57 6127.92 6077.22 5974.01 5948.65 5979.37 5950.87 5863.49 5784.29 5721.27 5675.78 5603.79 5528.46 5463 5416.35 5336.82 5239.25 5121.78 5057.23 5013.11 5020.41 5018.59 5068.51 5165.5 5138.83 5084.38 5137.96 5162.71 5182.59 5162.8 5307.57 5790.68 6139.69 6126.47
5714.29 5668.34 5670.92 5661.58 5666.33 5754.82 5841.44 5884.71 5833.47 5805.28 5804.93 5818.49 5880.73 5965.27 5994.38 5991.3 5953.35 5968.22 5986.76 6014.23 5999.48 5988.75 6004.56 6015.32 6038.81 6059.21 6087.39 6074.17 6049.96 6036.23 5996.17 6039.46 6141.64 6032.56 5987.57 5963.09 5903.65 5917.69 5954.74 5933.38 5870.57 5802.61 5724.79 5640.93 5556.27 5473.81 5450.3 5401.9 5305.96 5213.56 5111.94 5050.1 5033.8 4985.78 4950.33 4960.69 5096.62 5167.28 5180.38 5137.51 5141.15 5124.72 5095.4 5257.93 5591.54 5891.95 6035.5
5711.46 5664.87 5630.48 5670.84 5731.66 5796.46 5822.17 5831.55 5785.74 5766.69 5772.28 5813.27 5879.13 5912.54 5945.15 5964.66 5960.79 5979.98 6033.25 6106.14 6141.19 6042.92 6029.66 6062.61 6007.36 5992.63 6043.09 6061.69 6043.92 6009.44 6003.05 6048.11 6044.01 6002.15 5923.96 5906.11 5885.01 5899.98 5920.37 5894.42 5862.4 5808.23 5740.9 5636.84 5558.36 5479.47 5488.3 5370.41 5283.52 5195.04 5117.87 5088.45 5068.64 4995.97 4951.66 5011.27 5109.88 5161.57 5245.5 5211.4 5160.63 5100.54 5089.56 5185.44 5448.74 5808.49 5944.6
5742.35 5666.41 5623.79 5689.86 5754.66 5771.08 5768.27 5760.86 5746.17 5740.11 5753.94 5786.42 5825.09 5848.75 5870.54 5895.03 5870.42 5865.14 5948.27 6069.22 6140.67 6041.16 5984.91 5964.38 5946.14 5942.95 5987.95 6042.87 6044.47 5983.3 6067.5 6123.83 6150.44 6103.38 5985.56 5917.08 5851.5 5886.35 5934.76 5917.23 5866.57 5855.02 5821.94 5739.95 5640.71 5596.05 5467.46 5372.27 5307.19 5207.13 5137.14 5112.81 5088.39 5025.3 4988.85 4997.86 5071.88 5104.18 5179.53 5308.67 5214.21 5122.38 5108.99 5129.64 5285.95 5687.16 5823.54
5771.35 5730.99 5696.79 5710.37 5675.79 5673.12 5713.64 5740.23 5726.63 5727.72 5737.71 5758.91 5768.82 5773.61 5774.27 5746.62 5735.76 5796.82 5838 5935.24 5996.31 5905.22 5885.53 5871.05 5874.71 5898.13 5939.55 5996.92 6018.41 6043.35 6146.02 6203.64 6224.04 6182.11 6012.89 5907.24 5821.9 5848.04 5901.21 5910.74 5990.76 6021.29 5954.6 5870 5724.53 5565.79 5469.98 5413.29 5360.51 5316.2 5217.01 5126.63 5066.93 5036.35 5009.71 5072.61 5067.48 5044.8 5148.05 5288.64 5220.94 5120.92 5128.29 5154.9 5195.27 5565.4 5686.82
5769.79 5776.89 5809.55 5701.11 5632.83 5630.88 5692.76 5743.97 5729.22 5737.05 5721.81 5725 5714.55 5710.48 5708.08 5703.77 5707.7 5724.22 5770.61 5790.98 5788.24 5802.29 5821.25 5799.31 5815.34 5861.15 5934.6 6002.78 6090.81 6169.85 6252.74 6243.85 6224.47 6131.97 5956.97 5867.95 5807.73 5822.71 5867.3 5941.48 6028.08 6066.08 6031.85 5948.96 5782.9 5605.36 5480.23 5444.93 5434.52 5375.4 5349.49 5218.21 5117.1 5047.6 5012.97 5014.66 5051.46 5068.83 5200.09 5296.23 5221.63 5184.56 5208.89 5194.8 5210.23 5361.26 5543.28
5754.91 5764.18 5783.71 5747.73 5704.52 5659.24 5713.18 5771.53 5805.78 5778.9 5758.26 5727.71 5668.72 5666.68 5662.76 5661.5 5685.22 5675.45 5676.31 5715.01 5737.95 5848.57 5832.78 5774.07 5792.34 5878.83 5956.04 5999.46 6044.91 6164.62 6252 6248.37 6183.75 6061.71 5944.57 5860.17 5820.57 5820.44 5874.38 5903.11 5974.75 6037.48 6035.14 5967.5 5816.71 5647.47 5524.71 5481.64 5499.67 5521.6 5360.97 5311.18 5219.43 5102.22 5070.42 5042.28 5052.18 5069.06 5112.98 5185.57 5242.39 5253.96 5258.88 5241.29 5241.76 5357.03 5447.28
5711.27 5768 5786.2 5771.77 5778.39 5722.98 5767.13 5831.15 5859.99 5781.44 5724.74 5697.24 5655.16 5640.39 5638.25 5633.27 5635.24 5664.91 5695.41 5726.05 5788.35 5875.65 5844.67 5796.42 5821.25 5906.45 5970.17 6005.55 6068.73 6156.76 6277.77 6272.8 6208.36 6130.17 5990.53 5881.09 5828.04 5815.82 5833.48 5862.77 5923.71 5989 6002.57 5953.55 5842.02 5693.41 5555.53 5521 5556.81 5503.54 5366.96 5376.86 5328.55 5273.93 5107.2 5073.16 5082.54 5109.24 5198.83 5258.85 5321.82 5314.66 5278.69 5271.16 5297.26 5343.2 5403.68
5685.51 5754.76 5771.96 5733.57 5685.98 5751.21 5790.98 5862.63 5847.37 5757.33 5684.28 5644.59 5623.8 5625.63 5637.7 5647.62 5664.99 5709.96 5743.92 5763.38 5772.88 5816.89 5800.85 5809.67 5866.94 5957.46 5994.46 6017.28 6047.98 6161.12 6325.64 6310.21 6288.21 6247.19 6109.05 5975.15 5912.68 5881.7 5904.56 5892.11 5919.83 5966.27 5993.53 5960.28 5884.82 5794.19 5691.56 5611.72 5663.85 5489.69 5363.42 5361.1 5368.97 5363.33 5229.13 5172.74 5143.37 5153.72 5285.73 5370.47 5377.85 5392.28 5364.35 5347.53 5368.77 5396.61 5435.3
5710.86 5751.73 5721.26 5626.99 5621.41 5670.7 5740.5 5823.15 5830.82 5757.84 5708.15 5678.01 5648.79 5651.3 5665.71 5685.85 5738.52 5819.41 5863.07 5831.33 5764.81 5722.29 5731.78 5791.7 5885.39 5985.68 6013.68 6029.24 6065.77 6161.54 6266.46 6276.14 6272.63 6276.77 6210.22 6128.56 6096 6046.02 5958.9 5953.94 5985.28 6015.63 5991.17 5951.24 5935.1 5942.74 5942.41 5833.31 5818.86 5581.16 5415.3 5377.99 5385.56 5370.21 5299 5248.83 5226.69 5218.51 5318.34 5362.63 5388.03 5534.04 5491.56 5432.1 5487.2 5484.56 5497.07
5709.51 5689.42 5665.21 5615.6 5581.13 5623.8 5710.29 5753.07 5746.49 5692.38 5694.02 5723.68 5691.59 5693.69 5724.44 5782.95 5897.65 5994.72 6008 5870.58 5759.89 5692.77 5699.9 5769.69 5845.61 5938.16 5995.76 6029.2 6070.98 6144.69 6175.18 6212.94 6220.94 6250.29 6250.1 6215.11 6143.67 6065.08 5990.81 6008.16 6026.83 5995.45 5903.59 5895.8 5939.98 6005.53 6074.66 6023.71 5928.67 5661.27 5480.2 5472.03 5426.55 5400.98 5422.36 5372.2 5334.38 5327.33 5353.39 5350.35 5396.49 5623.57 5597.05 5565.34 5605.81 5577.31 5566.81
5650.67 5654.77 5615.12 5611.91 5618.27 5657.34 5711.43 5704.18 5666.55 5602.36 5628.67 5679.36 5686.15 5718.62 5786.04 5870.2 5996.97 6034.72 5931.58 5823.84 5770.55 5726.61 5715.27 5780.62 5858.52 5932.29 5959.92 6007.95 6071.96 6153.61 6184.01 6207.59 6238.31 6243.68 6260.8 6218.1 6137.03 6049.81 6009.86 5987.57 5956.7 5863.7 5815.95 5845.83 5906.31 5968.51 6008.48 6025.01 5973.9 5718.63 5579.43 5548.94 5498.91 5450.26 5456.8 5443.22 5409.53 5385.48 5360.95 5361.97 5439.1 5541.23 5702.92 5806.23 5763.81 5689.79 5618.82
5695.64 5624.6 5582.07 5635.6 5688.71 5719.41 5705.89 5656.01 5604.7 5531.83 5568.27 5632.44 5684.55 5759.81 5858.7 5974.91 6081.7 6120.18 5938.2 5822 5810.69 5828.22 5799.06 5799.52 5840.41 5848.77 5909.61 5969.04 6035.86 6111.1 6159.81 6182.45 6172.3 6193.8 6229.35 6189.63 6144.57 6077.05 6029.24 5952.89 5862.97 5819.94 5787.15 5828 5878.19 5923.91 5954.39 5958.94 5961.76 5814.86 5720.7 5679.66 5594.68 5560.91 5549.43 5513.83 5469.41 5424.49 5382.11 5430.49 5542.65 5603.72 5804.18 6007.73 5979.42 5902.46 5797.81
5670.14 5650.26 5620.03 5679 5700.78 5713 5706.94 5629.37 5574.54 5540.56 5560.36 5611.98 5675.87 5756.42 5872.72 5976.98 6057.48 6082.37 5965.65 5866.09 5798.73 5769.47 5755.11 5785.46 5831.68 5833.96 5866.54 5912.34 5959.69 5999.69 6058.25 6115.54 6190.66 6204.2 6218.14 6213.13 6155.71 6078.94 6003.52 5947.47 5906.07 5860 5837.33 5819.97 5851.3 5884.82 5927.23 5985.43 6000.54 5909.64 5777.76 5716.57 5651.94 5603.8 5595.12 5579.33 5563.86 5556.44 5574.22 5571.01 5565.59 5679.81 5853.9 6049.03 6214.39 6119.01 5969.46
5644.35 5592.07 5581.28 5612.57 5628.44 5635.13 5614.42 5599.49 5572.63 5565.03 5572.02 5612.81 5670.76 5738.85 5863.57 5947.97 5963.67 5917.93 5872.45 5798.9 5764.21 5729.37 5765.15 5756.59 5787.16 5810.62 5840.63 5876.69 5903.88 5928.11 6022.09 6090.94 6142.58 6118.72 6130.63 6139.65 6102.15 5994.8 5941.41 5926.8 5926.2 5865.05 5798.72 5794.44 5824.72 5848.61 5871.94 5919.27 5936.69 5913.8 5855.67 5757.48 5663.86 5618.77 5605.55 5592.08 5604.61 5627.3 5648.33 5684.71 5686.88 5715.54 5872.27 6098.71 6283.21 6279.6 6086.17
5617.46 5578.77 5568.63 5536.42 5543.18 5567.5 5550.56 5589.2 5573.32 5572.3 5585.17 5630.9 5688.73 5743.38 5851 5919.13 5933.01 5911.53 5841.88 5768.93 5779.7 5799.43 5762.38 5725.74 5693.7 5778.89 5822.37 5859.88 5896.4 5976.25 6058.2 6119.69 6084.38 6067.81 6012.22 6024.49 6016.33 5938.85 5892 5884.87 5874.08 5820.13 5760.91 5771.71 5796.79 5814.23 5823.99 5821.02 5837.59 5905.83 5879.22 5764.98 5639.18 5552.99 5552.48 5564.1 5575.91 5646.77 5709.66 5744.39 5761.72 5791.69 5858.74 5954.38 6149.26 6234.93 6151.53
5621.99 5594.15 5557.59 5539.9 5555.95 5552.86 5541.49 5551.12 5555.26 5559.75 5612.96 5669.65 5734.51 5819.55 5922.44 5941.23 5948.21 5954.77 5886.27 5834.67 5810.45 5826.44 5788.75 5737.04 5681.49 5752.78 5798.2 5842.64 5894.18 5956.1 5970.49 5896.03 6023.2 6003.5 5946.22 5923.83 5949.88 5926.86 5855.54 5852.56 5830.97 5773.33 5736.16 5764.45 5791.41 5802.12 5795.23 5785.17 5785.95 5875.21 5848.49 5722.45 5592.58 5484.45 5532.04 5546.32 5561.35 5618 5685.52 5747.27 5838.69 5846.78 5851.64 5887.55 5979.99 6035.07 6133.36
5617.83 5576.8 5505.87 5489.34 5536.77 5551.59 5545.44 5549.25 5549.5 5571.12 5645.82 5703.71 5756.52 5836.8 5883.24 5904.39 5918.04 5920.81 5892.85 5815.34 5809.33 5798.88 5758.96 5713.6 5649.08 5708.05 5769.91 5833.03 5895.01 5971.94 5998.94 5952 5995.83 5957.91 5895.8 5887.19 5916.8 5936.28 5900.72 5861.63 5809.98 5759.18 5753.11 5784.92 5802.96 5802.03 5786.94 5752.03 5764.85 5849.43 5714.2 5640.36 5540.13 5469.26 5478.16 5539.97 5582.95 5608.96 5661.93 5713.22 5799.5 5839.45 5830.71 5850.7 5911.56 5887.64 6004.99
5617.43 5577.15 5494.16 5455.83 5482.14 5535.3 5542.56 5541 5527.72 5571.57 5702.12 5718.87 5726.67 5734.1 5763.12 5822.64 5868.26 5881.95 5857.9 5852.22 5826.78 5787 5752.12 5683.9 5608.6 5637.25 5757.89 5855.33 5911.54 5984.28 6025.36 6015.18 6031.96 5979.54 5908.05 5893.55 5931.79 5980.22 5947.34 5907.14 5834.77 5773.87 5821.48 5841.41 5826.67 5827.8 5828.27 5827.36 5818.39 5742.95 5648.35 5595.97 5558.33 5468.01 5474.42 5536.85 5615.48 5605.06 5677.42 5765.39 5789.61 5805.15 5813.7 5841.19 5972.55 5888.41 5876.12
5703.15 5623.23 5515.34 5471.92 5487.03 5530.6 5518.96 5509.04 5484.74 5603.83 5734.6 5701.89 5680.25 5659.64 5664.38 5752.65 5818.17 5817.24 5780.3 5785.72 5782.18 5758.97 5718.22 5707.21 5644.67 5723.99 5824.11 5924.11 6001.34 6030.38 6038.85 6091 6047.05 5965.5 5897.53 5912.48 5904.8 5947.5 6030.68 5953.5 5879.78 5859.74 5856.9 5844.66 5845.86 5852.74 5857.87 5859.32 5745.58 5687.22 5623.97 5648.55 5589.07 5522.71 5501.25 5559.14 5607.29 5689.11 5740.8 5825.02 5906.63 5850.32 5845.02 5877.71 6011.06 5908.5 5862.19
5705.25 5634.47 5553.59 5525.15 5533.58 5539.78 5520.76 5520.71 5428.7 5516.55 5609.5 5626.8 5631.95 5629.63 5652.89 5718.34 5780.32 5749.64 5675.87 5728.4 5761.92 5746.54 5728.34 5680.57 5682.58 5763.23 5860.86 5991.47 6126.18 6097.45 6059.37 6097.05 5972.87 5902.89 5876.15 5891.6 5883.74 5921.28 5944.6 5952.87 5907.84 5861.88 5859.98 5842.23 5848.42 5859.71 5862.45 5836.46 5779.46 5749.61 5765.08 5810.75 5838.68 5650.11 5596.66 5657.4 5743.96 5829.03 5827.1 5821.89 5952.85 5947.3 5914.28 5959.46 5960.18 5916.96 5851.87
5702.24 5701.43 5659.93 5579.74 5536.09 5534.03 5559.42 5488.94 5410.92 5435.65 5502.25 5562.54 5601.19 5619.8 5637.71 5704.16 5744.18 5712.52 5641.58 5717.9 5757.41 5726.83 5675.43 5684.71 5749.33 5802.16 5891.97 6012.02 6098.9 6112.05 6089.25 6079.72 5956.03 5882.83 5863.15 5870.92 5871.73 5910.31 5979.42 5950.46 5905.89 5897.24 5873.83 5857.02 5861.66 5864.56 5854.08 5818.14 5777.04 5761.49 5757.32 5838.99 5877.03 5788.58 5726.06 5754.78 5853.69 5948.26 5923.06 5900.42 5945.79 5986.51 5993.67 5966.29 5955.27 5891.83 5790.72
5722.43 5680.13 5635.17 5587.14 5558.22 5610.71 5614.46 5526.12 5479.53 5446.41 5486.91 5556.8 5606.26 5635.72 5654.92 5697.73 5769.89 5760.1 5746.15 5751.22 5758.12 5737.22 5717.74 5763.82 5850.76 5875.44 5933.07 6011.68 6090.95 6098.58 6090.74 6020.96 5915.31 5872.1 5850.07 5856.03 5870.85 5884.86 5881.39 5875.77 5883.8 5887.09 5907.01 5874.36 5864.62 5868.34 5863.8 5825.82 5794.18 5780.04 5701.93 5708.6 5759.61 5767.34 5791.53 5819.32 5887.29 5962.25 5945.41 5946.76 5925.37 5861.34 5851.35 5862.38 5883.39 5836.58 5776.52
5687.93 5662.69 5605.49 5572.5 5566.57 5616.95 5653.81 5610.93 5551.54 5517.87 5549.51 5590.59 5628.45 5665.2 5645.4 5662.03 5738.25 5754.7 5773.8 5758.5 5758.12 5754.57 5775.24 5823.33 5863.43 5887.39 5928.88 5986.25 6030.56 6050.69 6060.69 5982.19 5913.14 5867.49 5850.03 5852.05 5912.26 5916.19 5882.55 5875.27 5905.41 5937.67 5971.64 5895.04 5864.97 5888.09 5910.78 5872.54 5817.9 5839.72 5757.66 5695.51 5694.72 5753.14 5826.27 5873.59 5896.82 5902.63 5889.86 5858.31 5830.39 5845.07 5818.95 5806.34 5811.02 5817.97 5847.92
5704.36 5642.96 5569.98 5557.9 5553.04 5591.75 5626.46 5644.57 5610.95 5576.05 5600.22 5632.11 5652.13 5658.91 5630.94 5631.96 5689.12 5687.84 5675.38 5688.79 5730.03 5750.55 5766.56 5800.9 5831.99 5875.18 5914.28 5934.8 5969.36 5982.57 5969.23 5913.54 5859.03 5856.95 5866.32 5873.98 5948.79 5994.78 5944.94 5941.13 5983.39 6027.44 5988.06 5845.9 5869.49 5912.34 5931.71 5911.75 5857.58 5856.92 5919.67 5763.22 5690.85 5772.79 5881.07 5959.07 5930.08 5893.95 5871.86 5857.2 5832.11 5784.81 5808.27 5799.57 5810.67 5833.84 5868.31
5706.96 5636.74 5572.1 5555.4 5542.8 5538.92 5602.86 5580.76 5547.11 5592.5 5649.35 5689.69 5682.96 5642.11 5638.79 5637.2 5593.47 5618.97 5626.07 5654.44 5707.94 5741.22 5768.77 5795.09 5852.73 5884.47 5857.88 5874.06 5897.91 5919.15 5914.86 5895.59 5878.53 5856.05 5850.13 5869.24 5938.08 5995.07 5942.34 5922.16 5983.09 6022.95 5982.02 5949.81 5951.01 5973.47 5999.16 5982.84 6029.04 5970.32 5881.72 5801.32 5752.69 5859.13 5934.39 5986.28 5931.03 5883.57 5874.63 5880.22 5870.8 5834.21 5807.03 5796.06 5797.83 5806.09 5809.51
5719.58 5661.97 5601.21 5587.74 5576.85 5579.12 5602.59 5617.6 5598.87 5621.57 5741.95 5777.24 5715.11 5670.65 5633.38 5588.4 5564.86 5604.98 5650.33 5691.08 5700.27 5732.5 5800.33 5867.77 5964.89 5973.11 5943.97 5907.77 5894.08 5902.02 5895.28 5904.57 5900.1 5894.35 5886.33 5872.74 5921.12 5924.31 5891.44 5876.32 5939.92 5989.68 6014.68 6033.75 6025.15 6019.96 6017.17 5956.01 5966.29 6081.25 6040.29 5935.96 5860.03 5939.78 5953.1 5951.03 5925.82 5880.23 5847.04 5859.64 5879.27 5862.12 5807.44 5797.87 5789.27 5775.99 5768.82
5722 5719.02 5663.86 5636.15 5621.42 5639.45 5646.98 5615.07 5602.84 5603.98 5719.13 5752.32 5702.57 5656.76 5605.21 5554.78 5575.33 5625.46 5694.15 5767.59 5715.64 5749.24 5849.71 5937.84 6064.67 6070.37 6032.26 6005.99 5952.66 5917.61 5896.14 5892.39 5887.14 5890.12 5889.85 5878.81 5885.46 5852.34 5841.92 5862.58 5912.6 5975.93 6031.63 6046.26 6034.81 6029.21 6026.11 5939.8 5937.18 6061.89 6030.13 5956.77 5918.23 5963.88 5950.12 5921.01 5866.95 5871.14 5878.07 5851.23 5853.57 5830.69 5830.13 5811.73 5789.14 5759.07 5762.57
5676.81 5701.95 5722.36 5665.38 5631.37 5614.1 5590.8 5585.29 5595.02 5630.18 5677.13 5700.67 5673.47 5603.13 5604.02 5592.93 5605.99 5651.32 5689.98 5647.2 5739.62 5787.71 5900.69 6000.69 6109.96 6094.93 6014.1 5971.84 5953.11 5925.72 5902.92 5860.47 5835.83 5824.14 5853.51 5885.42 5884 5813.54 5807.07 5841.23 5912.46 5963.92 5994.87 5980.51 5964.94 5967.75 5975.23 5921.23 5919.25 6020.09 5987.99 5907.89 5921.8 5953.69 5952.48 5935.61 5932.12 5887.9 5865.42 5860.61 5836.67 5825.07 5859.07 5818.19 5790.26 5757.48 5702.2
