real_craters/C213-500m.grd
DSAA
705 705
-176.1025 176.1025
-176.1025 176.1025
2215.0633036469 5442.8655573949
[rows 540 to 569 of 705, columns 67 to 133 of 705]
3698.27 3698.7 3698.54 3696.07 3698.37 3697.2 3694.35 3691.17 3691.76 3695.67 3701.69 3707.17 3711.97 3714.6 3713.72 3711.68 3709.93 3714.79 3719.22 3721.18 3723.61 3725.22 3721.79 3718.48 3716.26 3716.51 3715.76 3710.85 3717.99 3711.37 3693.77 3681.21 3676.48 3674.61 3675.04 3675.68 3676.74 3678.83 3683.32 3682.51 3677.01 3671.4 3668.72 3671.19 3671.01 3671.2 3671.13 3667.41 3675.56 3680.41 3679.22 3679 3679.12 3679.35 3679.18 3679.55 3679.3 3679.6 3679.55 3679.96 3680.25 3680.85 3681.76 3680.13 3678.21 3678.72 3669.97
3697.61 3699.06 3697.77 3695.82 3696.01 3694.12 3693.6 3691.27 3692.55 3698.53 3704.97 3709.83 3714.14 3717.38 3718.52 3717.95 3717.62 3718.78 3722.91 3726.71 3730.32 3732.26 3731.47 3724.95 3719.38 3717.49 3717.37 3712.16 3711.22 3714.05 3694.78 3680.77 3676.67 3676.32 3677.17 3678.74 3680.01 3682.16 3684.31 3682.96 3679.85 3673.45 3669.26 3670.72 3670.96 3671.24 3670.78 3667.83 3673.21 3678.41 3678.75 3679.62 3680.3 3680.69 3681.42 3682.45 3683.12 3684.08 3684.69 3685.26 3685.04 3684.15 3683.4 3682.44 3680.77 3674.9 3671.13
3699.51 3700.61 3697.6 3695.19 3693.27 3692.83 3693.55 3692.38 3695.31 3701.91 3707.84 3712.78 3716.74 3719.51 3721.87 3723.05 3724.2 3720.66 3725.2 3730.53 3735.97 3740.06 3739.86 3734.62 3727.79 3722.37 3722.99 3716.03 3712.1 3715.91 3695.16 3682.87 3679.6 3679.03 3680.4 3682.27 3683.89 3685.51 3684.9 3682.77 3679.05 3674.39 3669.67 3669.16 3670.76 3671.48 3671.09 3665.32 3669.06 3673.06 3676.84 3679.02 3680.03 3680.87 3682.08 3682.94 3683.96 3685.61 3686.72 3687.79 3688.99 3688.94 3687.05 3685.7 3684.74 3677.29 3674.84
3694.95 3696.35 3695.36 3695.39 3691.68 3692.64 3694.98 3696.86 3704 3708.22 3711.81 3715.6 3719.11 3722.06 3723.6 3724.75 3723.96 3725.19 3727.2 3733.69 3741 3745.48 3746.21 3741.48 3736.06 3731.32 3730.45 3719.69 3711.34 3716.81 3693.95 3687.48 3684.12 3683 3683.69 3685.76 3687.53 3688.76 3688.48 3684.41 3680 3676.72 3672.99 3670.75 3672.15 3672.67 3671.04 3666.29 3668.19 3671.4 3676.12 3678.71 3680.58 3681.63 3683.39 3684.92 3686.66 3688.54 3690.21 3692 3693.5 3694.08 3694.16 3693.62 3694.28 3688.7 3682.61
3688.23 3689.28 3691.51 3694.85 3693.76 3695.79 3701.69 3702.67 3706.58 3713.16 3715.59 3717.89 3720.2 3721.3 3723.16 3723.95 3725.55 3727.82 3730.01 3736 3743.52 3748.75 3750.15 3743.14 3733.62 3729.51 3728.73 3718.98 3711.1 3716.2 3699.94 3686.84 3686.04 3686.79 3688.19 3689.83 3691.6 3693.32 3695.1 3696.48 3685.35 3680.99 3678.21 3676.05 3674.95 3674.58 3672.59 3666.81 3669.5 3674.82 3677.51 3679.2 3681.23 3683.17 3685.4 3687.2 3689.33 3691.74 3694.14 3696.45 3698.32 3700.42 3703.35 3706.95 3705.77 3698.47 3685.04
3681.92 3683.84 3686.52 3689.84 3694.91 3699.07 3706.72 3707.69 3711.58 3716.01 3717.8 3719.03 3720.25 3720.38 3716.99 3722.72 3726.66 3729.22 3731.34 3736.82 3742.92 3750.3 3751.28 3741.68 3732.67 3723.58 3720.59 3714.94 3708.73 3712.59 3703.07 3694.36 3691.44 3691.47 3692.34 3694.16 3695.9 3697.4 3699.33 3697.86 3688.87 3684.46 3682.51 3679.23 3677.89 3676.55 3674.97 3669.22 3671.16 3675.15 3678.12 3680.08 3681.93 3684.15 3686.06 3688.94 3691.32 3694.23 3697.32 3700.14 3703.76 3706.59 3712.32 3718.74 3729.29 3722.02 3694.03
3676.21 3678.47 3682.49 3688.29 3692.69 3701.68 3707.39 3713.04 3715.11 3718.14 3717.8 3719.02 3720.5 3720.6 3720.92 3725.58 3729.08 3730.81 3733.86 3737.59 3742.35 3745.88 3745.01 3736.54 3725.92 3718.16 3715.55 3710.2 3706.47 3713.21 3707.27 3699.41 3697.05 3696.56 3697.37 3698.5 3700.07 3700.85 3700 3693.9 3689.69 3685.56 3682.28 3680.56 3678.61 3677.37 3675.35 3671.61 3672.51 3675.58 3678.47 3680.38 3682.67 3684.46 3687.35 3689.99 3692.69 3695.97 3698.87 3701.63 3705.77 3710.57 3717.15 3727.08 3733.71 3730.12 3710.13
3671.49 3673.51 3678.19 3684.29 3690.53 3700.23 3705.65 3712.22 3714.86 3712.8 3715.37 3718.44 3721.84 3724.53 3727.56 3732.31 3733.72 3733.83 3732.84 3733.34 3732.19 3736.77 3737.28 3731.01 3720.97 3716.9 3709.35 3707.62 3707.53 3711.68 3710 3704.45 3701.52 3701.16 3701.73 3703.21 3704.47 3705.13 3703.41 3697.4 3691.11 3686.33 3681.9 3679.05 3678.43 3677.77 3675.26 3672.17 3673.5 3676.29 3679.47 3681.68 3682.91 3685.64 3688.08 3690.72 3693.27 3696.05 3699.13 3704.03 3707.69 3712.08 3716.57 3716.93 3719.42 3721.97 3728.42
3667.76 3670 3674.02 3679.66 3686.41 3694.72 3700.66 3707.48 3712.59 3710.34 3713.08 3716.98 3722.09 3728.51 3735.12 3738.54 3737.75 3736.27 3731.1 3730.92 3729.27 3729.82 3731.35 3727.91 3719.2 3714.52 3712.49 3710.73 3712.11 3713.5 3710.01 3705.23 3704.47 3704.65 3705.92 3706.5 3707.76 3708.64 3709.1 3700.54 3694.34 3688.38 3683.93 3680.41 3678.58 3678.31 3676.45 3672.44 3674.14 3676.74 3679.56 3683.5 3685.5 3687.71 3688.43 3690.47 3692.67 3695 3698.26 3701.39 3705.86 3711.13 3713.74 3714.4 3711.3 3722.19 3730.6
3665.47 3667.7 3671.16 3675.4 3679.86 3686.22 3693.49 3703.06 3706.4 3709.6 3710.98 3714.07 3718.73 3725.55 3734.77 3739.13 3738.76 3737.13 3732.18 3729.01 3728.12 3728.25 3728.49 3726.27 3722.12 3719.41 3720.22 3717.97 3717.58 3719.08 3714.17 3708.98 3707.87 3708.03 3708.63 3709.61 3710.3 3710.72 3708.85 3700.63 3692.18 3688.17 3686.38 3681.6 3678.38 3676.68 3674.11 3671.91 3674.77 3678.37 3683.45 3686.13 3688.34 3689.99 3691.76 3693.74 3695.72 3697.52 3700.25 3703.34 3706.95 3710.56 3715.56 3720.27 3725.63 3717.51 3706.32
3664.19 3667.4 3672.52 3675.73 3675.88 3680.11 3686.51 3689.8 3697.47 3703.44 3705.53 3709.24 3714.32 3720.13 3728.62 3735.36 3736.75 3736.06 3730.83 3725.93 3725.71 3726.56 3726.92 3725.92 3724.9 3722.98 3725.55 3724.39 3721.75 3720.33 3719.99 3712.3 3710.55 3709.79 3710.06 3710.45 3711.44 3711.55 3709.36 3701.56 3695.05 3690.27 3686.98 3682.22 3678.17 3676.07 3669.9 3670.84 3675.57 3680.23 3685.08 3687.86 3689.68 3691.55 3693.36 3695.58 3697.38 3700.49 3702.34 3704.56 3706.23 3709.12 3712.7 3720.28 3731.17 3711.61 3697.88
3663.16 3666.82 3670.42 3674.48 3674.58 3676.23 3678.22 3678.5 3680.84 3688.47 3696.28 3703.32 3710.14 3715.81 3722.4 3730.08 3733.26 3734.76 3731.01 3726.06 3726.06 3726.84 3728.11 3729.71 3729.75 3730.39 3730.53 3728.07 3724.76 3722.14 3725.05 3716.05 3713.02 3711.96 3711.48 3711.55 3711.79 3711.73 3709.95 3704.26 3695.78 3691.58 3687.69 3683.05 3677.95 3677.88 3672.43 3673.02 3677.58 3681.8 3686.21 3688.97 3690.67 3692.45 3693.46 3695.14 3697.1 3697.35 3698.76 3699.6 3701.44 3703.65 3706.07 3708.99 3708.66 3704.91 3695.29
3662.25 3665.63 3669.98 3672.55 3672.07 3671.74 3673.69 3674.17 3674.65 3678.48 3688.33 3697.75 3705.51 3711.96 3718.67 3723.92 3729.1 3732.59 3733.45 3730.41 3731.32 3734.49 3733.82 3732.89 3734.69 3739.29 3733.47 3730.15 3726.88 3725.07 3728.44 3719.43 3715.51 3713.87 3712.23 3711.48 3711.62 3710.85 3708.98 3702.18 3695.32 3693.45 3689.52 3686.41 3683.54 3683.14 3677.99 3677.71 3680.86 3683.97 3687.05 3689.24 3690.39 3690.98 3691.15 3691.65 3692.02 3693.38 3694.01 3694.44 3695.41 3696.62 3697.04 3697.67 3696.5 3695.9 3695.69
3661.03 3663.85 3666.39 3669.95 3673.23 3673.98 3673.35 3673.57 3671.77 3675.69 3684.6 3693.76 3703.75 3715.03 3719.7 3722.49 3726.26 3730.51 3735.14 3739.84 3739.59 3740.81 3739.18 3737.18 3737.44 3736.35 3735.08 3729.31 3729.18 3730.47 3734.92 3721.29 3717.06 3714.18 3712.31 3710.87 3710.34 3708.73 3706.21 3702.51 3695.22 3691.71 3692.35 3691.11 3691.32 3690.91 3684.27 3683.16 3684.61 3686.49 3687.91 3689.56 3689.89 3689.68 3689.05 3688.67 3688.63 3689.76 3689.91 3690.23 3691.93 3691.18 3690.31 3689 3689.81 3694.86 3696.91
3660.3 3663.3 3666.84 3671.55 3675 3677.03 3676.15 3673.25 3671.01 3673.52 3681.18 3689.88 3700.69 3710.37 3716.05 3718.25 3721.7 3727.76 3733.57 3741.49 3750.95 3746.95 3741.89 3740.17 3739.94 3734.01 3732.44 3730.84 3730.16 3733.4 3734.68 3724.21 3718.76 3714.5 3712.12 3708.92 3707.21 3706.92 3708.07 3703.03 3694.59 3691.77 3693.44 3693.89 3695.23 3695.88 3691.86 3688.54 3688.13 3688.81 3689.49 3690.33 3689.85 3688.76 3687.53 3686.3 3685.92 3686.17 3685.38 3686.3 3685.49 3685.43 3684.31 3684.3 3688.63 3698.09 3698.82
3661.04 3664.25 3667.75 3672.92 3677.06 3678.91 3679.13 3674.19 3670.35 3668.94 3672.44 3684.76 3697.53 3708.03 3712.13 3713.23 3716.91 3725.43 3735.1 3740.52 3745.7 3745.55 3735.15 3733.98 3742.57 3742.29 3733.41 3731.93 3730.02 3731.15 3727.75 3724.64 3719.45 3713.88 3709.73 3705.28 3702.87 3700.69 3697.78 3694.96 3691.07 3688.56 3692.49 3694.2 3695.18 3695.89 3693.12 3691.26 3690.39 3690.42 3690.84 3690.08 3689.71 3686.82 3683.98 3681.97 3681.12 3680.5 3680.52 3679.22 3679.85 3679.96 3680.53 3682.49 3686.8 3694.52 3698.64
3663.9 3667.3 3670.74 3677.14 3680.26 3680.47 3678.32 3673.82 3669.06 3667.12 3671.25 3680.66 3692.77 3704.12 3709.27 3711.16 3715.11 3722.42 3732.18 3740.58 3742.24 3737.57 3715.36 3694 3692.53 3740.5 3736.45 3739.59 3733.04 3730.62 3723.95 3722.15 3717.01 3711.92 3706.69 3702.27 3698.43 3695.26 3694.66 3691.49 3686.37 3684.22 3689.65 3693.69 3695.99 3697.07 3694.54 3692.72 3691.14 3690.4 3690.61 3692.77 3688.17 3683.13 3680.21 3678.62 3677.69 3677.43 3677.09 3677.46 3678.22 3678.13 3678.59 3679.66 3683.98 3691.07 3696.06
3668.22 3671.5 3675.88 3682.07 3683.89 3684.24 3678.31 3673.44 3668.4 3665.4 3667.68 3678.54 3690.37 3703.2 3706.52 3708.07 3710.31 3717.11 3724.19 3728.97 3733.47 3728.26 3696.72 3648 3587.99 3689.34 3741.28 3742.55 3732.38 3728.79 3721.48 3722.12 3714.85 3709.18 3703.73 3698.44 3693.23 3688.6 3688.03 3686.76 3683.1 3680.71 3688.1 3694.21 3698.54 3702.07 3697.39 3694.4 3691.62 3688.89 3686.2 3684.24 3680.01 3676.87 3674.77 3674.24 3674.03 3674.48 3674.77 3676.07 3675.96 3676.27 3677.19 3679.49 3686.33 3686.96 3692.36
3672.98 3675.89 3678.88 3681.88 3685.25 3687.04 3683.8 3678 3672.16 3669.33 3673.97 3681.7 3689.65 3698.72 3704.19 3705.44 3707.14 3711.92 3716.25 3716.86 3721.41 3721.73 3698.06 3671.46 3679.95 3731.7 3742.91 3738.83 3728.73 3728.15 3729.33 3721.19 3711.57 3704.88 3699.33 3693.92 3688.99 3684.24 3681.68 3681.64 3681.73 3682.88 3688.52 3696.55 3701.54 3702.67 3699.19 3694.35 3688.9 3684 3678.59 3672.57 3668.91 3669.2 3669.26 3670.51 3671.31 3672.7 3674.67 3675 3675.69 3676.17 3677.04 3678.05 3679.35 3685.6 3690.4
3676.75 3679.7 3682.13 3682.64 3686.72 3694.65 3691.47 3680.76 3680.66 3674.1 3676.68 3684.83 3695.61 3703.41 3701.83 3701.99 3704.52 3706.13 3709.98 3713.77 3713.6 3716.38 3708.66 3706.77 3726.78 3735.38 3735.89 3726.27 3721.76 3723.68 3724.75 3725.9 3708.14 3701.07 3695.56 3690.67 3686.58 3682.62 3679.67 3679.86 3681.61 3683.14 3691.24 3699.02 3703.33 3705.85 3701.89 3693.21 3686.06 3679.58 3673.25 3666.69 3663.68 3663.83 3665.99 3667.05 3668.34 3669.48 3670.82 3674.02 3674.81 3675.83 3676.56 3677.57 3676.32 3681.15 3683.7
3679.51 3680.82 3683.6 3681.28 3683.06 3689.8 3688.54 3680.39 3677.5 3670.53 3672.89 3679.1 3688.47 3692.04 3695.34 3696.37 3695.5 3697.65 3702.25 3707.01 3707.36 3714.91 3713.78 3717.34 3724.23 3724.17 3721.9 3716.77 3715.92 3718.53 3716.85 3718.01 3703.38 3695.36 3690.7 3686.86 3684.77 3684.39 3679.7 3678.84 3681.17 3684.71 3691.05 3699.96 3702.46 3702.92 3697.8 3688.89 3681.99 3675.88 3669.92 3664.05 3659.57 3661.99 3664.11 3665.19 3666.84 3668.32 3671.69 3672.57 3673.65 3675.02 3676.39 3676.26 3683.11 3679.74 3678.43
3679.34 3677.25 3675.32 3674.53 3673.72 3674.52 3671.54 3670.21 3670.59 3672.23 3671.68 3674.11 3682.75 3685.02 3689.48 3692.32 3693.68 3696.78 3701.11 3704.37 3702.13 3709.11 3712.78 3716.26 3717.99 3711.26 3711.84 3711.38 3710.63 3710.08 3710.08 3711.48 3695.86 3690.18 3686.56 3683.73 3682.27 3679.99 3678.42 3676.71 3678.22 3681.67 3688.58 3696.06 3697.94 3698.28 3686.68 3681.93 3677.35 3672.78 3668.17 3664.2 3665.28 3662.3 3664.28 3666.31 3667.34 3668.89 3670.94 3671.8 3672.64 3674.4 3676.97 3681.65 3680.52 3677.71 3675.87
3673.12 3671.81 3670.6 3669.11 3668.48 3669.64 3671.08 3672.21 3674.05 3672.48 3673.57 3678.1 3680.88 3683.24 3686.93 3690.55 3694.44 3698.75 3699.76 3703.57 3711.17 3705.29 3708.38 3711.74 3712.22 3710.7 3708.47 3708.54 3706.7 3703.51 3702.1 3705.31 3689.26 3685.19 3683.34 3681.98 3681.25 3677.86 3674.57 3673.94 3674.93 3677.92 3683.64 3690.25 3691.16 3687.63 3679.82 3675.99 3673.48 3670.77 3668.03 3665.07 3662.37 3664.34 3666.65 3668.5 3669.11 3669.73 3670.2 3670.05 3670.2 3671 3672.84 3673.18 3670.56 3669.19 3666.31
3666.51 3665.76 3664.82 3665.21 3665.76 3669.19 3670.68 3675.77 3675.08 3673.86 3676.94 3679.25 3681.8 3683.11 3685.62 3688.87 3692.63 3696.6 3697.98 3700.7 3702.7 3703.74 3706.25 3709.28 3710.26 3708.84 3704.65 3701.39 3701 3694.71 3698.37 3703.72 3690.87 3683.92 3681.35 3680.89 3680.99 3679.82 3671.93 3672.44 3674.24 3677.75 3681.7 3686.2 3686.17 3682.82 3675.3 3672.07 3670.56 3669.48 3668.71 3668.45 3668.64 3669.52 3670.2 3670.58 3670.29 3669.9 3669.34 3668.6 3667.79 3667.09 3666.07 3664.77 3663.39 3662.24 3660.94
3661.75 3660.58 3660.89 3663.13 3665.45 3669.35 3671.45 3674.64 3673.27 3677.58 3682.78 3681.22 3681.21 3681.96 3684.02 3686.98 3690.15 3692.72 3696.61 3698.6 3699.72 3702.54 3705.98 3709.02 3709.66 3704.7 3702.42 3698.98 3697.29 3695.28 3697.86 3704.16 3696.22 3683.71 3680.96 3680.33 3680.24 3676.76 3673.04 3673.02 3674.28 3677.51 3682.66 3684.09 3683.55 3678.8 3673.3 3670.09 3669.43 3669.91 3670.76 3671.96 3674.27 3675.6 3674.75 3673.66 3671.88 3669.99 3668.72 3667.49 3665.69 3663.48 3660.8 3658.88 3659.36 3658.73 3658.55
3657.11 3657.26 3659.81 3662.84 3666.16 3670.31 3674.31 3674.79 3673.98 3675.77 3677.28 3679.59 3678.97 3679.6 3681.7 3684.79 3688.15 3691.24 3694.78 3696.26 3696.72 3701.57 3706.54 3709.93 3711.7 3709.02 3704.73 3700.79 3699.03 3700.81 3703.16 3707.46 3698.95 3683.23 3680.9 3680.53 3680.7 3680.98 3677.32 3674.32 3674.38 3676.63 3680.18 3681.36 3681.79 3677.18 3670.47 3668.16 3669.51 3671.36 3673.38 3675.87 3679.11 3680.61 3678.96 3676.74 3674.43 3672.28 3670.02 3667.07 3664.64 3662.3 3659.61 3657.68 3658.3 3657.85 3658.23
3656.21 3657.15 3660.83 3664.24 3667.1 3670.58 3674.95 3676.4 3674.29 3677.24 3681.88 3677.51 3674.92 3675.16 3677.88 3682.22 3686.69 3691.53 3696.12 3695.53 3695.86 3703.85 3707.42 3709.13 3710.07 3707.2 3703.13 3701.46 3702.92 3706.28 3709.47 3713.18 3710.69 3687.87 3682.57 3679.95 3680.72 3680.9 3677.09 3673.04 3671.41 3672.33 3674.65 3677.53 3679.16 3674.65 3669.87 3668.98 3671.01 3673.49 3676.07 3678.74 3682.27 3684.16 3681.73 3679.21 3676.8 3674.3 3670.94 3668.29 3665.44 3662.57 3660.71 3665.08 3663.76 3659.47 3657.1
3658.31 3659.99 3663.7 3667.03 3669.59 3669.44 3672.39 3674.04 3677.88 3679.67 3676.23 3669 3664.93 3669.13 3675.04 3680.61 3685.16 3689.61 3692.15 3695.76 3698.81 3704.65 3704.88 3705.45 3704.99 3699.8 3696.26 3698.87 3700.77 3706.22 3711.77 3715.98 3714.27 3693.41 3685.15 3681.66 3679.7 3675.73 3672.31 3669.24 3667.24 3667.03 3668.37 3670.46 3672.07 3670.21 3670.17 3671.07 3673.95 3676.48 3678.65 3680.93 3683.6 3684.49 3682.34 3679.76 3677.11 3674.47 3671.25 3668.72 3666.15 3663.73 3661.4 3664.4 3664.77 3660.87 3658.83
3660.42 3662.56 3667.89 3670.56 3672.14 3670.28 3672.12 3672.97 3672.29 3667.01 3664.21 3661.91 3660.14 3666.34 3673.79 3679.38 3684.16 3688.16 3692.77 3694.97 3699.64 3704.39 3701.19 3700.12 3697.62 3694.29 3690.82 3697.16 3704.19 3704.16 3709.8 3716.29 3717.59 3698.14 3687.83 3682.54 3678.78 3674.94 3669.86 3665.42 3661.56 3661.45 3662.09 3661.88 3668.38 3667.95 3671.16 3674.98 3677.44 3679.57 3681.2 3682.38 3683.23 3682.68 3681.02 3679.35 3676.91 3674.73 3672.29 3669.89 3667.77 3665.76 3664.1 3663.69 3662.85 3660.29 3657.83
3663.24 3668.59 3671.19 3673.34 3675.58 3674.96 3676.24 3678.12 3673.95 3669.21 3666.18 3665.45 3662.89 3669.48 3674.79 3679.07 3682.97 3686.2 3687.28 3690.97 3693.96 3695.03 3695.34 3696.28 3694.41 3691.62 3691.24 3693.97 3699.11 3703.31 3708.76 3715.16 3717.5 3702.66 3690.11 3682.86 3678.98 3674.29 3668.07 3662.62 3658.62 3658.35 3659.61 3661.67 3667.49 3667.02 3672.69 3678.71 3680.92 3682.79 3683.57 3683.51 3682.99 3681.38 3679.64 3678.21 3676.25 3674.8 3672.6 3671.03 3669.78 3668.41 3666.48 3665.56 3662.35 3658.89 3657.12
