real_craters/C213-500m.grd
DSAA
705 705
-176.1025 176.1025
-176.1025 176.1025
2215.0633036469 5442.8655573949
[rows 150 to 179 of 705, columns 268 to 334 of 705]
3788.97 3782.39 3775.45 3768.7 3762 3753.44 3752.64 3761.22 3773.5 3790.53 3809.49 3824.99 3831.18 3824.54 3809.22 3793.7 3785.71 3779.89 3776.09 3780.44 3784.66 3784.29 3777.76 3769.77 3763.89 3768.81 3780.54 3790.71 3799.95 3806.36 3822.22 3831.75 3831.49 3827.92 3825.17 3828.55 3836.5 3844.71 3850.68 3858.47 3865.46 3873.55 3884.37 3895.33 3902.78 3868.55 3811.19 3875.67 3854.91 3839.82 3830.74 3819.81 3809.47 3801.09 3800.05 3799.85 3802.93 3806.79 3809.89 3813.89 3817.7 3826.1 3834.68 3842.49 3849.65 3856.42 3862.23
3790.33 3783.69 3776.7 3769.01 3763.25 3758.58 3755.49 3764.22 3778.4 3793.64 3810.4 3827.71 3836.73 3825.83 3809.82 3794.15 3789.24 3784.16 3775.35 3776.63 3778.72 3783.39 3779.27 3771.63 3765.81 3768.69 3783.42 3798.44 3806.98 3814.4 3831.67 3842.6 3842.22 3836.18 3830.62 3832.56 3841.82 3850.12 3858.54 3867.22 3874.53 3881.72 3888.95 3894.98 3897 3866.95 3814.49 3882.28 3864.18 3849.55 3839.42 3830.49 3820.94 3812.62 3813.68 3815.47 3818.96 3822.99 3825.63 3828.25 3834.97 3840.05 3847.54 3855.27 3862.16 3867.84 3870.32
3790.22 3784.72 3779.22 3773.32 3769.28 3764.36 3761.56 3768.31 3781.1 3795.35 3809.67 3823.8 3833.41 3824.47 3810.81 3799.12 3793.54 3787.88 3779.58 3774.67 3771.82 3777.74 3778.67 3773.94 3769.67 3772.49 3785.57 3800.5 3813.27 3825.35 3842.51 3858.98 3865.82 3854.99 3844.61 3844.91 3851.78 3859.12 3866.52 3874.3 3881.81 3886.04 3890.66 3890.55 3884.27 3865.05 3830.42 3868.76 3864.82 3858.38 3851.21 3842.61 3834 3825.92 3824.26 3829.93 3836.11 3841.56 3845.12 3844.56 3849.05 3853.49 3860.97 3869.78 3879.06 3882.62 3885.56
3788.62 3785.08 3782.48 3780.44 3778.92 3773.31 3766.75 3772.43 3785.62 3796.65 3807.34 3816.81 3821.73 3819.31 3810.64 3801.92 3798.3 3797.01 3785.45 3776.48 3770.11 3775.12 3778.63 3776.66 3775.77 3778.84 3788.95 3803.98 3819.72 3836.07 3853.74 3873.3 3893.96 3874.89 3861.54 3859.12 3863.26 3868.99 3874.07 3878.62 3882.94 3884.76 3888.18 3884.24 3875.22 3866.37 3857.03 3863.21 3867.57 3870.84 3862.79 3853.51 3846.57 3841.27 3837.49 3843.88 3852.38 3860.88 3866.32 3860.46 3862.3 3865.87 3873.65 3883.09 3892.04 3898.78 3906
3784.83 3783.52 3783.74 3785.61 3789.5 3785.1 3777.71 3779.48 3789.4 3799.07 3806.48 3811.22 3815.55 3815.84 3810.44 3803.99 3800.68 3800.01 3790.81 3780.37 3773.19 3774.73 3778.05 3778.26 3781.07 3785.71 3792.53 3807.14 3827.23 3845.15 3857.88 3870.95 3883.82 3877.94 3872.14 3872.55 3874.01 3877.51 3882.16 3882.92 3878.62 3877.37 3877.29 3874.57 3871.39 3867.02 3862.43 3859.45 3864.73 3872.58 3867.47 3861.35 3857.25 3856.11 3853.8 3860.33 3870.31 3879.79 3886.58 3881.6 3878.47 3879.37 3886.5 3896.12 3905.95 3915.79 3928.67
3779.43 3780.85 3783.6 3789.34 3797.11 3797.78 3791.1 3791.02 3798.16 3804.92 3809.81 3812.21 3812.93 3813.89 3812.2 3808.17 3804.93 3802.65 3794.07 3784.36 3776.85 3773.47 3773.78 3778.43 3783.69 3789.75 3797.06 3809.91 3830.36 3849.12 3857.47 3864.07 3870.15 3871.58 3875.21 3880.31 3880.39 3882.94 3888.41 3892.82 3877.36 3867.58 3860.17 3860.31 3861.19 3861.58 3856.63 3852.16 3855.76 3863.72 3864.38 3863.94 3864.43 3864.66 3871.78 3878.84 3888.14 3896.09 3901.75 3898.6 3893.82 3892.9 3900.63 3910.91 3921.11 3932.71 3953.56
3773.19 3776.26 3780.01 3785.74 3797.82 3806.68 3803.72 3804.14 3811.45 3815.32 3817.36 3817.77 3817.63 3815.72 3816.31 3817.03 3816.58 3808.48 3796.46 3788.6 3781.8 3776.77 3775.59 3780.43 3786.32 3792.19 3796.25 3810.39 3828.07 3846.75 3856.69 3863.09 3868.17 3875.52 3877.42 3877.13 3880.07 3884.57 3887.84 3888.88 3872.4 3859.28 3849.82 3849.1 3851.83 3860.92 3845.47 3843.79 3845.78 3848.12 3856.58 3863.17 3869.72 3878.69 3885.28 3892.1 3901.51 3908.44 3912.61 3911.16 3906.29 3907.54 3916.63 3929.41 3942.79 3960.12 3983.8
3769.83 3772.05 3774.77 3779.5 3790.43 3806.01 3816.18 3825.9 3829.49 3829.07 3827.01 3824.25 3821.94 3819.46 3820.68 3823.55 3826.02 3813.94 3800.49 3794.69 3787.67 3782.35 3781.09 3785.21 3789.8 3795.44 3799.09 3810.51 3828.09 3842.14 3854.06 3865.28 3872.05 3880.57 3885.09 3883.12 3884.64 3885.75 3881.69 3870.51 3863.59 3854.99 3848.52 3847.46 3851.86 3864.11 3842.12 3840.62 3841.71 3843.94 3852.22 3862.69 3872.54 3883.4 3891.15 3899.84 3910.34 3918.22 3922.18 3922.18 3919.24 3921.9 3934.38 3951.46 3971.94 3995.99 4013.6
3768.44 3768.59 3768.98 3771.48 3780.7 3802.73 3824.33 3847.06 3846.91 3841.59 3835.39 3829.2 3824.26 3823.72 3823.29 3822.82 3820.31 3815.98 3811.11 3803.32 3795.9 3791.63 3791.78 3791.34 3793.16 3795.88 3802.68 3809.29 3820.56 3835.32 3849.84 3865.08 3880.73 3895.66 3900.2 3901.14 3898.95 3892.34 3881.19 3868.96 3861.72 3855.89 3853.13 3855.64 3859.17 3863.8 3848.3 3843.71 3842.9 3844.92 3853.1 3864.48 3874.96 3882.5 3892.42 3904.25 3919.1 3928.97 3933.32 3935.64 3933.38 3936.4 3952.68 3972.79 3996.92 4029.03 4030.79
3769.84 3767.12 3765.04 3765.15 3775.28 3797.66 3822.78 3848.77 3855.07 3848.62 3841.1 3833.41 3827.7 3826.33 3825.32 3822.27 3815.36 3815.81 3819.58 3810.59 3802.79 3797.79 3796.86 3796.91 3796.5 3798.03 3803.8 3809.12 3817.46 3830.54 3847.46 3866.95 3890.73 3910.14 3916.96 3919.57 3915.57 3903.29 3887.03 3873.94 3866.05 3860.25 3859.08 3864.75 3862.12 3860.45 3857.79 3848.28 3846.04 3848.77 3857.23 3868.48 3881.36 3893.63 3899.92 3911.07 3928.18 3940.73 3944.77 3945.25 3947.34 3953.31 3970.53 3990.3 4011.83 4028.99 4036.26
3772.5 3767.61 3763.37 3761.51 3769.87 3789.14 3812 3838.28 3852.68 3848.83 3842.98 3837.73 3832.59 3829.89 3830.02 3827.86 3823.51 3822.63 3820.9 3814.15 3807.45 3803.37 3803.05 3801.6 3799.22 3799.8 3806.54 3812.91 3821.05 3833.8 3851.62 3873.97 3899.35 3921.09 3931.88 3937.84 3936.04 3916.52 3896.12 3882.29 3873.88 3868.75 3865.52 3865 3854.99 3853.48 3852.73 3849.34 3848.32 3851.85 3860.15 3872.17 3886.11 3898.32 3907.12 3918.98 3936.61 3950.74 3954.8 3955.82 3960.9 3974.57 3987.83 4003.95 4022.28 4038.53 4042.38
3775.09 3769.42 3765.16 3762.54 3769.73 3781.32 3801.1 3822.78 3841.12 3842.73 3840.82 3838.87 3837.47 3836.94 3838.66 3837.85 3835.46 3830.89 3822.93 3816.35 3810.45 3804.52 3801.94 3801.1 3801.68 3802.45 3811.65 3819.55 3828.41 3844.14 3863.86 3891.83 3920 3934.3 3943.56 3949.54 3947.37 3927.33 3904.82 3890.58 3883.49 3876.21 3870.4 3862.04 3847.49 3851.14 3851.57 3850.01 3852.47 3855.13 3862.17 3874.44 3888.29 3901.6 3912.19 3925.59 3942.97 3957.71 3965.8 3971.41 3977.16 3987.81 3999.64 4015.07 4031.3 4043.75 4053.64
3776.32 3771.49 3768.83 3768.7 3774.27 3785.96 3794.1 3808.16 3825.61 3832.58 3835.25 3837.74 3842.07 3847.34 3850.22 3848.14 3843.82 3833.2 3824.99 3819.74 3815.08 3809.96 3806.47 3805.79 3808.33 3810.61 3818.15 3831.85 3844.27 3860.46 3881.21 3905.95 3938.27 3944.78 3950.27 3954.63 3952.26 3936.12 3912.34 3902.95 3897.66 3887.85 3881.21 3869.5 3847.79 3854.62 3852.32 3850.95 3854.13 3858.22 3865.04 3877.16 3889.91 3902.65 3915.5 3929.59 3948.83 3964.12 3977.48 3985.4 3990.45 3994.48 4005.14 4023.62 4044 4058.63 4067.73
3775.26 3774.02 3773.19 3773.77 3775.48 3778.26 3781.07 3794.34 3813.67 3820.47 3826.01 3832.91 3841.92 3853.85 3861.63 3855.7 3846.19 3836.83 3830.7 3826.39 3822.85 3819.42 3816.93 3817.05 3820.66 3826.58 3837.3 3849.34 3863.21 3876.7 3894.55 3916.1 3938.11 3944.48 3951.43 3956.87 3956.39 3945.81 3929.38 3920.37 3919.9 3914.25 3901.39 3882.15 3851.57 3865.52 3858.11 3853.4 3858.81 3863.24 3870.41 3881.83 3893.96 3906.35 3919.69 3933.71 3954.38 3980.47 3992 3996.51 3996.1 3996.81 4006.34 4028.67 4055.97 4088.26 4090.94
3772.58 3774.21 3776.34 3777.2 3774.44 3769.41 3767.36 3778.35 3797.81 3805.18 3813.72 3823.27 3834.81 3851.21 3864.72 3857.8 3852.86 3847.04 3840.74 3837.22 3833.08 3829.44 3827.25 3828.84 3835.34 3845.37 3856.68 3872.18 3880.69 3887.39 3899.43 3915.24 3922.63 3936.03 3949.25 3958.9 3961.62 3959.14 3951.41 3943.59 3942.41 3940.34 3920.3 3891.03 3851.99 3880.95 3867.05 3855.89 3859.53 3866.57 3875.97 3888.66 3901.49 3914.11 3927.18 3940.06 3956.74 3978.08 3992.69 3996.17 3995.35 3996.29 4006.52 4029.39 4055.11 4079.08 4081.21
3769.82 3774.43 3779.14 3784.53 3774.55 3764.69 3757.98 3764.59 3776.14 3788.24 3799.7 3810.43 3821.25 3832.95 3843.79 3849.82 3852.81 3848.79 3848.31 3847.2 3843.7 3841.2 3839.26 3841.03 3849.69 3862.04 3871.57 3878.77 3885.28 3891.05 3899.23 3910.93 3920.08 3931.38 3949.76 3965.06 3975.74 3979.38 3975.52 3963.37 3952.72 3944.34 3929.33 3895.19 3852.95 3896.65 3877.52 3860.19 3862.96 3871.35 3882.4 3896.93 3913.37 3925.31 3938.04 3950.01 3963.25 3977.02 3986.98 3994 3996.13 3999.12 4009.41 4029.78 4048.29 4057.08 4053.13
3769.16 3774.1 3777.64 3778.79 3773.67 3764.49 3756.16 3757.72 3763.34 3774.59 3786.68 3797.54 3806.44 3813.36 3823.79 3838.63 3848.86 3851.59 3852.15 3852.34 3853.11 3855.27 3858.24 3858.79 3865.52 3872.13 3877.41 3880.22 3884.6 3891.34 3898.45 3906.36 3916.14 3933.97 3954.86 3973.7 3990.06 3994.78 3985.8 3972.93 3954.15 3941.72 3935.47 3895.73 3855 3910.04 3889.23 3867.15 3869.3 3877.38 3888.13 3904.14 3922.27 3936.46 3950.81 3965.23 3977.62 3987.01 3996.56 4000.23 4004.81 4010.65 4020.19 4036.6 4049.42 4052.69 4044.92
3769.8 3773.87 3776.31 3776.78 3774.89 3769.74 3761.6 3759.27 3759.33 3767.89 3779.42 3789.1 3796.77 3801.92 3813.14 3831.17 3845.9 3851.21 3852.71 3854.76 3859.99 3867.84 3878.1 3883.36 3885.69 3885.39 3883.15 3882.6 3885.86 3894.36 3902.65 3910.47 3924.63 3944.01 3964.78 3981.54 3993.83 3996.64 3988.83 3975.25 3957.88 3949.85 3946.51 3896.39 3857.21 3923.74 3902.32 3877.7 3877.1 3883.02 3893.79 3910.03 3929.14 3946.07 3962.52 3979.41 3991.5 3997.36 4000.51 4009.39 4018.53 4029.38 4038.14 4052.87 4063.39 4064.69 4057.84
3773.86 3773.52 3776.35 3779.24 3777.23 3778.66 3779.65 3766.68 3763.94 3768.91 3777.19 3785.56 3793.94 3802.11 3812.61 3827.18 3840.75 3848.55 3853.21 3857.21 3865.23 3875.3 3887.33 3894.69 3896.95 3893.99 3890.41 3889.3 3893.07 3902.74 3912.55 3924.95 3945.59 3964.69 3978.2 3988.74 3996.88 3996.28 3987.18 3979.55 3965.47 3963.66 3963.53 3898.41 3887.97 3938.58 3915.87 3888.15 3885.97 3889.85 3899.74 3915.84 3935.67 3953.14 3970.5 3987.7 4000.25 4000.02 4006.16 4018.84 4032.67 4044.92 4063.42 4076.6 4085.92 4090.04 4081.57
3781.53 3774.63 3767.68 3769.45 3774.8 3778.62 3778 3767.84 3768.05 3772.71 3777.53 3784.69 3793.74 3805.48 3818.61 3828.4 3842.41 3853.63 3859.8 3865.71 3869.68 3877.71 3886.99 3894.26 3896.42 3896.32 3895.65 3896.16 3903.88 3917.3 3929.79 3944.77 3969.49 3987.3 3989.3 3993.78 4000.71 4008.08 4001.51 3991.97 3979.18 3980.36 3977.62 3898.09 3918.41 3952.63 3929.66 3902.01 3895.19 3897.91 3906.02 3920.53 3940.18 3958.15 3974.31 3988.5 3998.55 3998.73 4009.96 4029.76 4049.53 4068.61 4087.88 4098.92 4105.61 4113.37 4103.61
3791.9 3779.09 3766.05 3766.48 3770.72 3771.89 3764.15 3761.13 3767.02 3773.2 3776.47 3783.15 3792.2 3803.7 3817.26 3832.86 3849.7 3870.09 3881.87 3872.72 3870.91 3879.62 3887.74 3896.53 3903.62 3906.46 3903.81 3908.35 3921.5 3939.06 3953.42 3968.94 3981.28 3988.66 3987.52 3991.83 3999.8 4009.76 4009.54 4006.29 4003.01 3997.41 3976.33 3892.36 3946.4 3965.05 3943.05 3915.08 3905.61 3906.37 3912.3 3926.33 3947.24 3962.13 3976.42 3988.01 3994.36 4002.3 4019.72 4043.37 4067.03 4089.7 4104.93 4110.88 4112.55 4112.75 4096.32
3801.01 3786.67 3775.2 3772.34 3771.5 3771.11 3764.48 3759.38 3762.86 3766.77 3773.18 3780.99 3789.4 3798.98 3813.09 3832.83 3852.2 3882.1 3914.5 3882.58 3874.59 3883.5 3897.21 3914.05 3929.04 3924.91 3914.07 3919.1 3937.44 3965.69 3987.78 3995.18 3980.33 3969.5 3974.69 3982.84 3991.44 3998.71 4007.48 4015.51 4019.23 4010.9 3976.27 3890.63 3964.59 3978.79 3954.15 3925.75 3918.2 3916.83 3919.41 3930.58 3949.3 3965.21 3979.81 3992.09 4002.37 4013.29 4033.8 4059.48 4081.09 4099.68 4108.38 4109.45 4109.61 4101.21 4082.43
3805.27 3793.17 3785.66 3779.13 3774.29 3771.09 3768.16 3765.71 3763.16 3763.38 3772.36 3781.15 3787.84 3792.92 3799.27 3816.83 3838.24 3862.22 3875.44 3873.49 3874.2 3883.77 3901.52 3923.02 3941.09 3928.57 3916.62 3924.32 3949.05 3985.28 4005.81 3979.9 3968.25 3959.98 3964.23 3972.96 3980.7 3984.35 3998.28 4017.62 4032.86 4023.66 3979.76 3895.42 3985.83 3990.98 3965.04 3941.48 3936.33 3926.84 3926.4 3935.54 3952.01 3968.93 3984.75 3999.65 4013.02 4031.47 4058.78 4081.14 4093.77 4100.09 4101.07 4101.53 4106.06 4101.1 4079.8
3807.72 3795.8 3787.04 3783.53 3778.36 3771.45 3769.26 3769.45 3770.97 3771.33 3779.69 3786.71 3789.61 3789.42 3789.05 3798.92 3819.98 3836.62 3841.57 3851.92 3862.62 3875.4 3891.26 3905.08 3914.48 3912.53 3911.54 3923.15 3948.55 3976.55 3984.51 3966.39 3958.56 3955.7 3959.27 3966.68 3974.16 3981.24 3992.77 4009.63 4026.1 4032.6 3988.66 3902.17 4004.16 3999.56 3970.11 3947.15 3941.28 3932.45 3932.41 3944.19 3958.26 3975.75 3993.74 4012.23 4032.76 4057.61 4096.2 4112.13 4106.92 4095.07 4090.22 4099.22 4101.38 4097.55 4074.82
3810.73 3800.32 3790.07 3791.32 3788.59 3783.29 3782 3784.32 3788.97 3793.53 3797.74 3799.67 3797.6 3792.71 3789.17 3797.44 3814.31 3827.25 3832.23 3840.39 3849.79 3863.56 3876.86 3887.73 3893.94 3898.52 3905.9 3919.21 3940.15 3953.2 3957.26 3954.57 3952.94 3953.5 3957.34 3963.97 3970.64 3977.4 3987.37 3999 4016.17 4036.5 3992.81 3914.26 4020.44 4004.02 3966.9 3937.4 3933.91 3934.56 3939.4 3951.53 3967.43 3987.05 4007.04 4027.55 4056.55 4099.18 4143.23 4147.36 4117.51 4091.5 4082.8 4096.55 4090.36 4075.47 4059.59
3815.76 3811.88 3805.88 3806.42 3805.36 3801.52 3804.18 3807.81 3815.19 3821.52 3824.19 3818.11 3809.16 3801.4 3796.62 3803.56 3821.04 3832.97 3839.65 3843.84 3846.29 3855.73 3866.96 3876.7 3885.35 3893.59 3902.23 3917.25 3932.56 3943.92 3950.21 3951.14 3952.17 3955.33 3959.52 3965.46 3971.1 3975.88 3984.58 3991.16 4007.18 4025.92 3984.04 3943.04 4023.46 4000.82 3963.28 3936.12 3935.38 3938.89 3946.71 3960.26 3979.87 4002.08 4025.02 4047.76 4083.07 4134.02 4159.25 4151.07 4110.82 4078.78 4061.9 4080.24 4070.88 4054.26 4041.9
3824.1 3825.32 3826.04 3823.19 3823.13 3826.08 3827.11 3834.18 3840.96 3853.1 3853.85 3834.58 3820.43 3811.73 3809.23 3822.36 3835.71 3844.89 3855.14 3857.37 3847.35 3853.21 3862.38 3871.83 3884.83 3894.6 3903.49 3918.87 3935.32 3953.01 3958.31 3959.84 3959.9 3961.12 3964.48 3970.73 3976.44 3980.49 3984.56 3990.92 4004.97 4016.25 3980.87 3984.72 4015.89 3995.53 3961.68 3940.04 3939.52 3945.29 3955.7 3968.41 3990.86 4017.93 4046.34 4073.16 4098.03 4121.63 4124.9 4107.76 4084.53 4059.67 4043.5 4047.77 4042.16 4031.78 4025.35
3831.36 3834.02 3835.28 3833.69 3835.5 3838.18 3838.98 3842.58 3846.3 3855.23 3854.26 3838.63 3826.62 3818.62 3816.47 3829.16 3844.67 3851.7 3860.23 3862.48 3855.09 3855.18 3861.59 3870.46 3884.42 3897.75 3906.1 3925.76 3945.81 3965.89 3970.79 3971.1 3969.99 3970.85 3974.24 3979.26 3985.1 3989.97 3992.28 3998.57 4011.73 4015.53 3972.83 3988.28 4011.21 3990.21 3960.81 3943.68 3944.56 3951.76 3964.91 3979.79 4001.08 4031.29 4065.08 4096.48 4101.67 4094.29 4084.44 4067.56 4054.37 4038.94 4025.06 4020.87 4014.52 4010.53 4011.9
3840.17 3833.87 3833.53 3836.15 3841.2 3845.15 3841.45 3837.22 3837.83 3839.3 3835.13 3833.5 3828.91 3822.34 3816.9 3825.25 3842.98 3850.31 3855.78 3857.41 3853.73 3855.99 3862.75 3870.7 3883.03 3895.23 3911.2 3936.18 3963.97 3987.75 3988.83 3984.4 3981.94 3981.2 3983.02 3989.07 3996.07 4000.78 4006.36 4011.22 4026.44 4030.03 3979.19 4002.26 4012.04 3989.35 3961.7 3948.79 3951.17 3958.69 3970.44 3987.07 4009.28 4037.25 4070.63 4102.31 4091.58 4071.93 4054.09 4038.81 4030.81 4023.09 4014.1 4005.1 3996.23 3997.05 4004.14
3839.48 3829.57 3828.33 3832.25 3837.87 3841.95 3838.96 3837.28 3836.89 3833.8 3827.14 3834.9 3834.99 3829.51 3821.89 3823.88 3837.46 3847.05 3849.65 3847.49 3852.98 3859.71 3866.56 3873.78 3883.64 3894.56 3915.43 3945.12 3982.15 4031.98 4015.5 3999.01 3992.91 3992.03 3994.78 4000.52 4008.75 4016.37 4020.67 4029.4 4048.29 4046.12 3982.19 4016.61 4016.48 3992.52 3963.75 3954.13 3956.92 3964.03 3975.31 3990.11 4009.21 4033.18 4057.68 4074.13 4065.76 4047.55 4031.79 4020.03 4013.69 4011.59 4012.95 4003.66 3988.29 3990.44 4001.59
