real_craters/C213-1000m.grd
DSAA
202 202
-100.63 100.63
-100.63 100.63
2936.8180595985 7410.0637259888
[rows 150 to 179 of 202, columns 67 to 133 of 202]
6076.51 5965.12 5870.22 5859.93 5885.97 5858.16 5849.44 5861.59 5908.1 5924.4 5906.31 5922.23 6083.41 6220.57 6141.77 5956.64 5862.87 5847.59 5805.61 5622.82 5623.39 5537.23 5498.82 5387.43 5380.96 5414.23 5437.76 5495.53 5538.99 5511.86 5526.21 5549.69 5563.3 5575.45 5589.89 5641.72 5729.51 5799.9 5861.59 5831.18 5867.56 5923.47 5907.94 6041.42 5971.01 5926.23 6058.83 6039.36 6019.9 6035.13 6096.88 6205.39 6261.54 6290.67 6535.96 6794.85 6838.25 6855.95 6908.43 6880.39 6839.31 6764.88 6596.31 6337.58 6111.58 5974.4 5989.03
6063.49 5988.32 5913.36 5922.62 5952.98 5935.76 5894.03 5966.54 6021.08 5972.95 5893.83 5871.66 5952.89 6090.92 6036.5 5899.94 5802.54 5834 5945.01 5995.89 6006.63 6029.65 5849.79 5701.51 5643.91 5612.45 5570.85 5529.97 5508.92 5533.56 5553.47 5580.18 5607.53 5634.14 5734.37 5855.29 5891.25 5929.9 5929.13 5913.88 5930.93 5960.36 5969.98 6100.61 6098.91 6031.23 6326.84 6153.17 6165.68 6245.72 6347.02 6423.05 6502.28 6707.45 6785.65 6911.77 6920.41 6879.69 6855.94 6820.41 6727.29 6565.07 6392.99 6198.44 6016.42 5936.93 6003.79
6010.76 5976.64 6021.24 6020.27 6007.4 6031.28 5968.21 6068.27 6040.81 5910.47 5827.43 5761.14 5750.2 5783.81 5767.13 5780.13 5768.53 5821.87 5981.08 6114.26 6259.37 6234.24 6066.91 6002.39 5919.38 5789.38 5702.19 5627.66 5566.09 5608.21 5607.41 5653.2 5672.51 5677.18 5688.91 5905.79 6033.23 6109.78 6094.91 6078.1 6113.44 6056.08 6182.06 6336.16 6478.94 6407.43 6749.17 6419.8 6594.65 6775.94 6761.38 6715.03 6749.64 6834.54 6886.01 6937.35 6927.34 6867.13 6811.15 6650.87 6548.02 6391.64 6185.05 6037.87 5910.85 5878.87 5966.51
5937.69 5908.21 5881.02 5874.55 5929.21 6013.46 6000.1 5987.75 5885.34 5792.13 5718.73 5679.86 5715.94 5697.75 5701.29 5758.99 5785.29 5872.2 5976.84 6053.7 6138.13 6116.92 6061.38 6075.17 6036.23 5935.2 5868.08 5820.23 5788.53 5654.32 5679.11 5712.57 5766.27 5780.65 5846.41 6037.9 6222.86 6359 6525.29 6541.02 6530.29 6566.23 6703.01 6793.58 6854.6 6887.24 7003.83 6878.25 6993.42 7010.52 6967.59 6902.91 6883.49 6858.85 6896.93 6963.47 6957.82 6818.26 6764.13 6515.05 6175.8 6031.42 5992.67 5917.6 5830.43 5833.5 5910.02
5833.78 5787.98 5727.52 5682.02 5698.29 5722.9 5724.73 5729.65 5625.39 5614.69 5599.69 5615.81 5724.1 5722.43 5700.26 5839.61 5939.67 5877.35 5826.65 5899.24 5940.93 5975.68 6006.73 6027.56 6015.16 6010.75 5998.22 5982.55 5863.18 5861.13 5893.09 5856.89 5882.21 6025.83 6289.07 6420.33 6439.69 6535.89 6721.26 6801.37 6837.64 6936.94 6990.38 7011.67 6988.4 7044.27 7037.89 7012.61 7075 7167.54 7080.3 6938.46 6938.51 6914.22 6847.66 6823.26 6769.95 6641 6584.87 6342.77 5997.29 5924.8 5902.02 5863.35 5809.77 5832.23 5906.29
5723.84 5699.64 5642.97 5608.97 5520.87 5476.23 5484.58 5462.12 5461.49 5493.74 5504.15 5540.55 5788.75 5825.05 5719.52 5874.92 5967.14 5880.8 5777.2 5854.96 5927.1 5960.24 5995.24 6013.73 6024.36 6063 6090.31 6094.05 6033.99 6210.39 6268.88 6215.46 6209.4 6255.82 6366.5 6552.51 6566.39 6607.8 6728.03 6805.18 6860.31 6937.51 7010.88 7108.15 7049.2 7095.88 7113.41 6999.37 6980.54 7088.26 6958.06 6752.09 6721.57 6808.23 6698.03 6627.42 6579.6 6532.33 6334.95 6158.24 5969.94 5916.69 5918.07 5882.68 5834.8 5851.29 5893.49
5597.13 5611.19 5592.14 5530.89 5485.3 5465.64 5480.2 5475.63 5486.66 5473.06 5457.45 5499.09 5862.46 5925.37 5771.52 5797.11 5826.52 5801.01 5818.76 5881.37 5952.72 5961.93 6018.87 6050.74 6057.07 6118.66 6158.11 6184.91 6123.96 6216.34 6325.92 6374.35 6385.58 6417.49 6459.19 6514.72 6604.71 6673.45 6707.62 6755.78 6796.86 6881.4 6965.09 7148.08 7215.81 7188.05 7060.06 6891.78 6816.73 6755.21 6679.88 6505.22 6388.4 6479.05 6458.16 6398.5 6314.33 6130.47 6119.52 6071.8 6017.9 6043.81 6013.99 5953.9 5888.97 5895.79 5901.86
5513.31 5564.03 5580.28 5557.81 5515.96 5499.51 5524.91 5547.02 5509.01 5506.4 5481.58 5535.65 5754.8 5846.61 5820.34 5768.75 5740.16 5750.81 5816.66 5899.41 5978.05 5991.08 6083.6 6152.19 6189.59 6235.18 6231.12 6186.64 6265.59 6268.54 6291.39 6328.31 6364.79 6406.69 6453.79 6536.87 6637.88 6702.09 6731.23 6775.97 6805.61 6912.75 7046.74 7105.75 7252.63 7199.19 6968.83 6849.62 6762.95 6687.85 6633.28 6431.2 6192.26 6166.02 6181.83 6159.23 6066.01 6082.48 6009.6 6043.16 6032.23 6078.05 6071.87 6027.83 6015.81 5969.33 5951.26
5494.16 5563.89 5618.81 5637.41 5591.62 5530.17 5519.86 5505.63 5506.3 5508.57 5505.58 5586.52 5695.52 5742.7 5788.11 5778.68 5744.57 5724.78 5772.62 5898.24 6059.68 6087.18 6182.84 6235.75 6384.24 6378.98 6326.77 6261.78 6382.82 6363.92 6299.73 6301.61 6349.84 6407.98 6503.29 6649.45 6708.09 6764.74 6791.14 6873.83 6979.88 6980.19 7072.21 7158.33 7259.96 7008.87 6937.51 6855.21 6809.75 6748.99 6670.13 6439.39 6189.6 6013.75 6026.49 6020.28 5996.06 6010.49 5989.29 6016.08 6084.62 6048.76 6042.91 6066.82 6065.31 6039.63 6011.04
5515.57 5593 5657.34 5700.24 5565.6 5537.62 5534.96 5485.59 5501.54 5507.37 5541.51 5565.09 5667.1 5732.9 5749.26 5787.53 5741.44 5704.91 5747.13 5869.55 6033.1 6109.57 6035 6124.84 6298.75 6375.98 6421.08 6451.78 6315.82 6320.14 6308.71 6304.52 6313.69 6419.05 6566.86 6727.1 6735.69 6796.35 6815.56 6895.44 7031.4 6878.27 6704.26 6715.76 6934.63 6606.35 6687.86 6664.73 6702.52 6639.12 6424.92 6253.77 6086.49 6003.92 6024.65 6045.58 6021.72 5975.32 5989.07 6011.85 6002.26 5974.28 5983.47 6109.29 6153.39 6085.11 6041.7
5561.04 5629.63 5685.78 5684.25 5567.52 5597.86 5644.24 5687.29 5637.86 5573.37 5602.33 5627.67 5685.03 5726.54 5690.44 5666.07 5678.22 5662.16 5683.76 5722.8 5822.85 5872.79 5802.67 5963.26 6131.55 6254.68 6347.83 6372.3 6341.52 6369.82 6392.64 6311.18 6322.31 6363.03 6500.37 6531.83 6616.75 6804.66 6816.22 6782.28 6713.76 6665.75 6576.39 6546.37 6467.99 6345.04 6497.23 6471.71 6447.45 6355.05 6137.39 6004.71 6017.36 6036.94 6069.86 6124.59 6155.56 6040.85 6017.82 6085.89 6063.11 5990.58 5974.71 6052.74 6099.03 6057.09 6014.92
5623.49 5694.34 5747.44 5752.69 5712.31 5706.8 5763.31 5832.82 5717.67 5641.54 5626.46 5667.19 5686.45 5688.63 5673.39 5654.56 5655.17 5652.53 5642.19 5624.07 5669.46 5788.26 5819.27 5893.71 5996.52 6124.42 6275.08 6374.78 6443.38 6415.57 6464.41 6329.07 6333.52 6358.14 6408.78 6359.94 6471.4 6634.58 6670.44 6691.6 6642.31 6523.53 6470.65 6489.25 6300.9 6246.27 6323.97 6345.17 6169.13 6101.06 6047.55 6012.7 6018.68 6033.98 6122.23 6221.76 6297.5 6162.8 6086.61 6095.81 6132.48 6032.45 5980.13 5967.3 5977.8 5980.13 5952.47
5686.42 5761.08 5826.05 5874.14 5803.61 5772.67 5803.25 5821.68 5676.13 5641.93 5639.23 5677.64 5690.77 5685.47 5691.56 5691.21 5662.4 5651.87 5637.28 5627.78 5654.38 5698.32 5728.62 5792.63 5945.66 6090.43 6120.11 6299.76 6427.51 6303.96 6378.15 6410.27 6442.77 6462.35 6441.41 6471.18 6542.68 6658.75 6658.98 6661.1 6601.21 6476.54 6448.14 6406.85 6268.76 6204.1 6213.08 6157.8 6090.29 6046.33 6030.88 6042.34 6068.58 6084.71 6190.02 6309.8 6337.75 6193.43 6132.64 6111.03 6116.82 6021.97 5929.02 5919.64 5931.9 5926.78 5904.01
5799.23 5844.35 5899.61 5921.57 5824.66 5781.86 5792.88 5753.36 5682.76 5653.93 5660.14 5686.6 5715.47 5728.68 5723.78 5699.09 5684.8 5671.46 5657.03 5649.21 5661.63 5688.62 5670.71 5719.78 5835.29 5903 5938.41 6042.48 6062.19 6189.26 6386.92 6444.69 6566.56 6563.96 6479.71 6497.59 6604.37 6691.74 6667.76 6612.99 6541.75 6447.34 6382.76 6299.69 6258.56 6194.5 6182.79 6125.43 6089.33 6066.84 6063.28 6109.13 6146.26 6162.84 6265.64 6398.52 6409.51 6184.04 6119.6 6063.78 6063.28 6006.62 5936.38 5921.53 5918.24 5906.97 5879.64
5918.64 5931.18 5961.17 5965.32 5820.41 5791.16 5813.79 5789.81 5762.54 5729.68 5719.78 5749.59 5786.93 5801.08 5803.72 5811.26 5773.97 5717.43 5695.87 5677.72 5673.38 5666.58 5676.49 5702.17 5760.49 5808.25 5884.65 5973.77 6049.45 6152.94 6250.5 6410.28 6615.18 6594.02 6535.72 6553.62 6580.67 6506.75 6527.2 6558.43 6488.56 6379.48 6338.49 6291.02 6348.14 6266.61 6262.57 6192.04 6099.74 6122.85 6140.5 6143.61 6168.61 6221.47 6321.45 6450.7 6479.21 6286.66 6145.26 6070.65 6056.4 6020.09 5971.94 5970.42 5940.02 5911.86 5880.69
6016.74 6005.45 6006.24 5982.6 5863.64 5847.31 5897.01 5940.08 5945.43 5992.67 6015.11 5970.44 5932.82 5882.73 5958.4 6026.33 5939.23 5822.24 5757.93 5723.63 5714.63 5705.13 5708.7 5708.53 5729.35 5756.38 5828.12 6040.36 6107.53 6147.2 6237.78 6413.3 6620.15 6653.02 6572.78 6539.78 6416.18 6128.02 6265.98 6306.57 6312.07 6252.8 6247.61 6307.78 6520.57 6491.94 6444.01 6322.64 6247.21 6222.43 6218.98 6232.56 6227.25 6299.24 6369.49 6389.12 6309.62 6252.19 6184.29 6122.48 6091.21 6060.62 6036.62 5994.97 5966.36 5930.59 5901.37
6109.86 6071.71 6043.99 6018.35 5947.03 5904.13 5920.04 5964.87 5978.96 6095.79 6291.27 6253.85 6121.88 5995.99 5972.27 6001.33 5991.03 5897.99 5828.33 5793.32 5788.64 5802.24 5741.83 5732.8 5729.47 5735.32 5788.13 5889.31 6037.68 6197.8 6300.99 6477.91 6480.68 6473.46 6479.31 6431.06 6245.73 6108.8 6179.84 6211.67 6235.16 6241.03 6263.51 6427.57 6593.66 6703.4 6571.33 6488.53 6444.3 6318.22 6230.94 6230.09 6266.85 6308.41 6319.57 6327.69 6349.33 6330.46 6210.98 6199.57 6141.15 6087.24 6053.81 6036.34 5983.94 5941.74 5908.73
6147.3 6087.23 6043.11 5971.85 5935.15 5890.6 5876.99 5897.48 5985.91 6136.7 6453.93 6408.5 6284.54 6215.35 6091.43 6077.98 6078.49 6007.23 5915.73 5855.73 5880.59 5898.45 5800.22 5760.85 5752.04 5743.8 5775.61 5905.11 6073.54 6273.39 6389.4 6346.16 6346.61 6415.25 6362.48 6217.78 6136.97 6241.47 6237.32 6260.07 6269.63 6280.52 6372.62 6440.95 6378.3 6456.23 6517.6 6524.18 6476.25 6375.06 6294.01 6297.95 6340.07 6314.3 6278.09 6288.45 6363.11 6376.58 6209.08 6206.64 6158.88 6099.65 6041.99 6006.68 5986.31 5951.13 5910.68
6061.63 6036.51 6033.4 6029.21 5935.61 5884.87 5850.82 5869.68 5949.66 6140.61 6430.94 6390.29 6327.2 6281.81 6269.24 6225.34 6178.04 6112.74 6059.25 6003.38 5971.74 5960.99 5914.36 5807.84 5796.02 5774.55 5793.86 5875.55 6074.14 6266.83 6298.89 6239.49 6209.72 6369.36 6247.99 6158.91 6219.72 6344.32 6290.57 6284.23 6369.35 6454.53 6528.34 6363.39 6391.69 6412.16 6438.02 6451.28 6433.77 6416 6367.53 6312.25 6328.08 6319.65 6331 6241.8 6220.81 6226.43 6154.79 6150.38 6139.43 6099.69 6051.88 6025.12 5993.28 5952.78 5905.82
5892.29 5934.57 5935.62 5922.55 5885.59 5831.32 5819.75 5831.11 5875.18 6015.04 6120.02 6241.49 6273.02 6281.07 6271.89 6266.61 6306.96 6231.18 6185.94 6115.41 6033.76 5971 5890.6 5855.02 5860.65 5853.06 5852.37 5906.23 6047.8 6195.22 6202.76 6128.8 6087.21 6056.55 6088.21 6123.64 6259.27 6347.4 6271.01 6285.91 6441.1 6605.77 6513.79 6320.36 6352.59 6320.76 6409.61 6351.15 6371.63 6437.23 6502.25 6407.96 6306.53 6285.12 6259.7 6202.17 6194.88 6169.62 6136.55 6135.89 6134.23 6119.61 6088.65 6048.03 5995.21 5939.63 5895.19
5894.67 5856.67 5831.15 5830.49 5846.53 5846.79 5813.92 5803.06 5815.21 5843.09 5970.66 6087.13 6169.55 6237.72 6248.99 6240.71 6299.38 6269.16 6206.52 6135.81 6048.92 5975.25 5906.81 5885.11 5913.93 5970.05 5939.13 5942.06 6050.24 6133.49 6138.8 6135.03 6073.89 6023.03 6040.77 6119.11 6217.26 6224.17 6198.15 6221.67 6350.99 6503.68 6454.24 6335.45 6329.39 6297.14 6279.58 6291.77 6313.08 6347.83 6365.91 6331.41 6325.61 6259.52 6146.01 6151.58 6165.08 6165.98 6144.97 6120.22 6128.25 6139.59 6125.73 6083.01 5986.49 5935.14 5892.77
5774.21 5788.24 5804.2 5814.89 5833.27 5848.57 5833.07 5785.01 5744.42 5726.25 5816.41 5939.77 6045.47 6151.64 6214.41 6209.62 6285.62 6244.93 6187.11 6131.52 6079.7 6012.63 5938.41 5902.9 5935.87 5982.22 5942.53 6020.41 6109.75 6161.22 6138.55 6161.75 6084.79 6032.35 6064.21 6170.46 6190.01 6203.98 6188.4 6205.98 6293.15 6399.32 6421.67 6388.3 6380.24 6273.06 6319.6 6315.79 6252.49 6215.92 6224.15 6240.65 6224.74 6176.96 6147.93 6122.3 6110.85 6122.57 6110.27 6101.36 6113.72 6130.42 6152.5 5973.27 5946.37 5922.98 5896.62
5729.63 5763.02 5808.4 5805.97 5803.34 5807.65 5804.53 5754.42 5700.9 5662.21 5683.26 5809.75 5930.95 6025.72 6117.66 6216.98 6239.35 6202.2 6143.37 6139.15 6133.72 6108.89 6050.64 5945.64 5978.89 5966.04 5950.37 6144.6 6174.26 6238.17 6231.46 6154.81 6088.85 6126.24 6197.34 6253 6239.74 6307.95 6241.77 6224.82 6258.68 6234.48 6348.2 6194.15 6251.54 6267.54 6275.75 6224.93 6175.5 6091.16 6110.47 6157.08 6142.49 6120.14 6131.91 6119.05 6098.59 6082.74 6082.72 6085.39 6097 6095.5 6044.28 5974.56 5950.64 5930.9 5907.83
5786.43 5788.89 5791.07 5781.76 5749.63 5714.28 5717.47 5713.89 5695.48 5680.38 5690.92 5759.28 5867.6 5971.68 6098.87 6212.18 6233.22 6235 6155.9 6175.47 6202.24 6229.95 6253.85 6146.79 6030.81 5893.96 5969.01 6055.74 6120.48 6179.27 6152.41 6119.99 6144.88 6253.08 6370.5 6325.39 6268.41 6247.3 6336.02 6242.81 6129.52 6070.23 6083.2 5994.77 6203.55 6218.58 6224.95 6206.96 6137.27 6075.4 6072.34 6112.88 6115.22 6118.94 6123.76 6139.71 6095.6 6091.43 6069.22 6064.7 6072.76 6074.77 6061.39 6030.42 5977.07 5942.39 5917.86
5820.56 5805.53 5799 5751.11 5706.62 5661.26 5660.94 5690.54 5708.9 5711.63 5714.42 5755.81 5848.67 5950.05 6018.03 6090.33 6193.77 6259.51 6196.23 6225.59 6263.59 6321.88 6397.17 6329.66 6045.67 5882.31 5903.53 5959.98 6005.97 6025.01 6064.41 6105.9 6138.34 6279.72 6436.61 6320.79 6293.88 6269.88 6187.7 6135.12 6047.02 6033.76 6004.08 6003.82 6095.2 6221.28 6162.18 6150.35 6125.16 6107.13 6122.37 6116.17 6103.98 6086.7 6118.87 6139.12 6118.44 6119.77 6097.75 6054.68 6056.43 6053.51 6036.11 6010.39 5977.36 5946.59 5924.71
5852.02 5822.25 5763.49 5727.86 5695.04 5653.92 5654.44 5698.41 5744.21 5784.55 5790.97 5775 5844.6 5925.68 5967.99 5988.5 6062.77 6150.54 6219.64 6230.91 6271.19 6322.68 6361.61 6238.22 6006 5885.83 5897.46 5910.55 5929.74 5950.56 6002.07 6105.37 6132.41 6150.54 6135.41 6149.38 6147.53 6121.89 6063.21 6036.46 6001.96 6025.44 6081.51 6023.43 6053.46 6128.45 6126.55 6125.25 6123.72 6113.81 6132.05 6110.35 6094.05 6102.21 6116.98 6158.17 6159.72 6140.27 6119.34 6081.44 6063.55 6041.21 6015.41 5987.22 5959.49 5940.19 5928.21
5829.32 5790.49 5710.51 5703 5698.44 5694.61 5693.25 5728.88 5778.69 5819.58 5800.22 5802.2 5842.36 5871.31 5894.92 5918.21 5989.09 6074.16 6150.77 6197.87 6234.24 6252.23 6246.47 6163.31 5909.77 5817.3 5779.48 5830.32 5893.5 5959.45 6014.86 6116.34 6138.31 6042.75 5956.65 5952.64 5958.71 5955.81 5991.61 6017.43 6005.22 5994.69 6038.15 5984.07 5985.23 6100.91 6107.96 6124.86 6137.38 6129.17 6102.61 6094.04 6087.56 6065.76 6118.81 6138.92 6115.25 6166.11 6154.14 6141.97 6087.06 6032.34 5991.6 5955.97 5929.55 5925.25 5922.05
5775.35 5740.55 5688.41 5683.62 5693.92 5726.84 5714.91 5772.1 5814.03 5832.43 5825.95 5850.15 5857.88 5861.16 5889.05 5892.04 5940 6017.53 6105.94 6132.88 6139.2 6125.95 6082.78 5958.93 5811.16 5776.61 5777.95 5834.13 5876.79 5933.99 6010.47 6073.3 6066.6 5962.72 5946.52 5968.04 5983.98 5974.13 5991.94 6039.87 6049.04 6001.95 6014.43 6021.87 6031.08 6058.51 6098.89 6127.79 6142.58 6132.28 6068.25 6084.35 6102.58 6134.33 6173.95 6137.89 6086.33 6117.62 6104.61 6135.61 6090.42 6044.13 5998.93 5953.23 5919.39 5918.88 5915.36
5724.3 5675.99 5676.1 5679.38 5681.44 5675.96 5764.53 5826.26 5876.15 5889.65 5868.56 5919.46 5898.37 5883.16 5943.49 5946.38 5938.03 5987.5 6057.81 6053.2 6036.47 6003.34 5942.79 5851.8 5822.61 5787.46 5797.46 5847.03 5872.57 5923.82 6006.67 6044.09 6032.17 5976.62 5970.54 6013.6 6039.23 5998.75 6013 6045.34 6038.9 6020.23 6044.81 6060.09 6068.86 6064.86 6086.11 6110.35 6118.4 6097.12 6082.91 6095.6 6129.6 6165.34 6184.95 6130.19 6099.99 6053.92 6062.84 6061.37 6070.48 6062.41 6020.96 5976.9 5947.63 5930.63 5916.96
5660.84 5671.99 5679.11 5684.77 5699.83 5726.32 5808.95 5865.89 5925.67 5935.24 5975.78 5988.13 5932.05 5929.73 5979.58 6023.6 5947.55 5921.53 5963.98 5976.88 5960.38 5930.02 5890.34 5866.62 5873.19 5832.34 5914.02 5855.35 5891.72 5952.66 6011.88 6050.04 6094.01 6032.65 6011.45 6047.04 6032.12 6029.63 6064.39 6099.45 6068.96 6059.15 6111.98 6093.81 6093.19 6087.45 6079.19 6092.48 6127.83 6098.7 6080.13 6112.84 6145.21 6187.52 6188.98 6162.69 6182.34 6227.12 6104.09 6014.36 6037.61 6067.67 6032.88 6000.88 5984.18 5948.56 5922.79
