real_craters/C213-1000m.grd
DSAA
202 202
-100.63 100.63
-100.63 100.63
2936.8180595985 7410.0637259888
[rows 90 to 119 of 202, columns 134 to 200 of 202]
3518.56 3568.42 3715.96 4026.45 4238.12 4447.95 4689.65 4913.58 4919.45 5034.02 5363.23 5612.81 5669.08 5701.46 5729.38 5801.02 5834.68 5915.28 6000.65 6100.04 6175.25 6232.37 6196.94 6145.73 6095.16 6049.72 5998.95 5969.03 5946.3 5916.68 5893.61 5885.58 5887.29 5913.53 5899.11 5841.84 5848.07 5858.3 5859.68 5856.83 5862.18 5877.01 5866.93 5856.14 5852.19 5841.99 5825.9 5833.56 5837.6 5832.86 5822.51 5799.89 5791.21 5780.22 5789.95 5802.38 5793.56 5781.54 5767.02 5765.58 5783.25 5793.5 5776.93 5763.63 5747.77 5756.1 5758.78
3497.79 3597.94 3684.41 3968.76 4250.95 4485.98 4720.94 4933.28 4901.12 4969.12 5207.35 5495.67 5594.75 5661.85 5724.92 5777.71 5847.05 5923.54 6009.53 6115.81 6197.77 6242.5 6216.81 6169.61 6116.43 6066.36 6017.87 5969.6 5930.49 5905.91 5886.87 5878.92 5882.29 5924.26 5907.07 5864.34 5854.61 5844.02 5838.07 5828.74 5824.81 5875.69 5863.19 5848.22 5837.5 5814.32 5804.17 5815.71 5818.28 5813.77 5803.42 5788.97 5776.24 5790.65 5806.39 5798.92 5789.3 5790.99 5788.96 5775.75 5779.29 5782.2 5788.7 5774.06 5759.14 5749.65 5748.35
3579.29 3595.57 3654.04 4009.94 4300.84 4542.85 4732.97 4837.7 4904.09 5065.6 5197.8 5346.67 5492.92 5601.48 5693.5 5762.94 5836.18 5922.29 6025.05 6116.78 6206.29 6268.94 6229.43 6191.05 6116.75 6076.55 6040.83 6002.72 5967.75 5923.15 5895.19 5885.37 5881.08 5923.73 5885.25 5891.45 5862.96 5835.03 5822.73 5829.02 5837.2 5864.9 5848.64 5831.99 5815.7 5801.61 5800.98 5798.89 5793.56 5799.42 5794.98 5785.12 5782.04 5791.13 5794.03 5795.15 5787.21 5787.31 5781.84 5781.44 5781.27 5790.23 5798.86 5783.13 5760.5 5743.64 5743.31
3633.94 3593.81 3662.11 4029.18 4346.5 4597.62 4772.53 4863.16 4928.51 4988.95 5137.35 5283.66 5415.56 5535.82 5655.27 5752.77 5861.14 5912 6005.82 6108.14 6198.13 6239.62 6230.87 6206.84 6200.15 6140.42 6087.87 6024.96 5981.72 5962.84 5938.97 5901.99 5911.32 5926.13 5880.44 5873.46 5859.88 5843.29 5835.08 5843 5840.73 5826.67 5825.37 5814.46 5801.01 5800.34 5801.16 5799.25 5791.7 5796.96 5801.15 5788.32 5791.65 5792.64 5796.56 5789.71 5775.71 5772.58 5781.58 5782.86 5789.07 5802.1 5805.73 5779.81 5752.53 5729.33 5737.74
3781.81 3688.47 3810.5 4078.19 4322.38 4549.18 4710.09 4833.76 4921.43 4901.64 5077.48 5249.32 5349.45 5464.75 5599.11 5752.24 5860.62 5882.04 5985.72 6094.56 6191.32 6245.26 6227.61 6211.15 6189.8 6200.39 6131.61 6052.44 6017.92 5986.82 5932.72 5900.08 5891.43 5924.91 5882.56 5872.94 5856.8 5844.81 5837.87 5836.64 5825.21 5812.27 5809.5 5804.61 5789.91 5791.99 5797.44 5788.69 5780.11 5795.42 5802.03 5779.2 5772.58 5780.06 5784.26 5783.57 5767.86 5758.57 5765.86 5774.21 5787.4 5804.56 5808.64 5782.48 5748.73 5723.58 5713.12
3947.03 3879 3949.41 4143.52 4316.15 4383.36 4553.81 4744.23 4888.77 4903.24 5016.4 5136.6 5270.09 5394.71 5514.74 5623.94 5723.2 5813.71 5952.39 6073.35 6178.96 6234.21 6236.68 6223.36 6176.59 6204.12 6133.86 6060.18 6010.33 5983.31 5928.97 5902.25 5911.96 5910.27 5866.1 5852.56 5846.72 5837.02 5829.8 5820.03 5808.96 5803.73 5804.04 5802.49 5798.7 5781.58 5777.37 5779.04 5767.92 5767.81 5773.02 5766.94 5762.58 5767.55 5779.09 5774.14 5757.55 5746.95 5753.22 5765.37 5780.79 5794.07 5795.24 5766.83 5746.17 5725.45 5705.57
4022.73 4024.19 4065.8 4242.69 4385.68 4235.45 4418.34 4648.55 4848.39 4886.53 5007.37 5130.79 5228.21 5340.87 5447.18 5512.33 5580.76 5769.53 5950.47 6098.67 6193.05 6249.54 6249.17 6290.07 6219.38 6191.66 6117.87 6054.09 6026.26 5977.73 5922.42 5894.26 5888.41 5902.95 5870.92 5841.37 5834.78 5820.4 5822.32 5810.23 5803.57 5801.18 5803.24 5803.65 5794.77 5774.14 5763.88 5759.28 5754.69 5747.99 5741.32 5746.58 5750.48 5754.69 5757 5761.32 5764 5750.86 5753.19 5769.55 5781.19 5791.98 5783.43 5760.05 5741.24 5726.17 5695.81
4078.32 4075.75 4103.2 4305.89 4421.27 4252.2 4391.62 4607.09 4739.77 4854.47 4971.87 5065.88 5180.07 5311.68 5454.47 5584.92 5723.51 5861.53 6023.57 6158.55 6254.65 6270.74 6241.33 6217.84 6154.86 6095.41 6088.54 6061 5996.09 5956.42 5914.14 5861.39 5860.04 5876.02 5866.23 5857.81 5844.27 5838.92 5823.1 5808.13 5792.53 5791.51 5798.95 5810.52 5808.27 5764.12 5743.76 5742.91 5743.87 5742.75 5730.92 5733.38 5738.68 5744.17 5748.3 5757.31 5757.11 5762.38 5763.55 5782.46 5779.39 5773.93 5747.25 5739.92 5728.39 5714.03 5710.69
4072.3 4132.44 4261.76 4396.43 4426.62 4313.85 4434.17 4627.77 4808.37 4816.41 4922.23 5052.21 5130.06 5287.54 5495.99 5727.43 5968.8 6039.86 6128.55 6230.85 6306.71 6282.14 6208.84 6154.93 6116.45 6092.95 6090.67 6083.53 6028.28 5914.49 5868.41 5807.28 5811.43 5849.09 5854.77 5846.85 5821.99 5843.57 5833.36 5798.44 5790.76 5786.68 5788.7 5797.4 5814.89 5761.86 5739.59 5745.42 5743.73 5739.07 5733.44 5727.83 5723.82 5728.86 5748.57 5763.4 5773.39 5752.35 5763.28 5770.32 5764.51 5737.76 5729.15 5717.77 5712.39 5709.53 5721.33
4152.78 4204.31 4362.5 4513.25 4463.17 4390.13 4487.6 4617.39 4706.65 4783.72 4889.47 4989.87 5043.23 5256.5 5538.61 5865.83 6150.27 6213.81 6238.79 6270.91 6339.42 6250.26 6173.6 6108.37 6134.42 6114.22 6082.02 6051.12 5965.61 5870.96 5826.97 5808.11 5830.83 5838.64 5838.04 5838.07 5856.51 5857.73 5851.8 5837.76 5800.53 5789.08 5777.88 5775.18 5801.13 5771.92 5752.57 5752.44 5753.65 5750.47 5737.62 5722.17 5712.29 5714.82 5734.27 5747.07 5733.99 5747.91 5760.41 5764.15 5747.71 5727.06 5721.73 5709.85 5704.85 5708.19 5715.27
4192.05 4192.37 4372.49 4535.92 4431.31 4450.18 4554.37 4664.82 4748.29 4841.21 4932.67 5007.05 4962.24 5195.34 5541.92 5936.29 6256.54 6336.69 6312.26 6257.66 6201.39 6192.53 6164.1 6136.94 6136.1 6102.14 6057.52 5997.47 5933.04 5867.94 5826.32 5814.15 5858.31 5820.09 5822.14 5826.64 5847.62 5854.2 5857.27 5853.93 5837.55 5804.2 5776.39 5752.79 5775.7 5759.93 5760.33 5755.78 5743.05 5747.17 5732.36 5712.14 5698.64 5692.98 5705.93 5714.98 5736.38 5760.28 5752.26 5744.5 5725 5707.82 5709.45 5706.76 5701.16 5701.17 5705.89
4239.01 4228.75 4373.82 4551.23 4516.74 4567.83 4649.36 4741.57 4859.56 4955.6 4942.15 4843.52 4787.57 5101.25 5502.17 5945.13 6323.51 6431.4 6373.93 6282.82 6198.78 6171.6 6160.87 6156.91 6097.86 6070.17 6035.65 5987.96 5910 5871.72 5838.15 5827.37 5845.56 5832.6 5824.67 5816.2 5825.51 5844.16 5849.28 5856.23 5843.81 5816.73 5788.3 5756.13 5744.09 5730.66 5731.19 5725.37 5711.65 5716.42 5706.6 5699.37 5690.96 5691.22 5692.19 5713.74 5730.17 5735.47 5732.56 5734.51 5730.48 5708.6 5709.12 5706.47 5702.43 5699.13 5695.9
4357.17 4305.1 4468.18 4673.03 4695.78 4691.47 4723.84 4792.54 4885.41 4971.32 4963.79 4894.44 4789.33 5015.86 5433.96 5898.46 6352.18 6536.86 6394.44 6316.53 6241.97 6152.14 6102.96 6075.26 6071.2 6052.31 6016.9 5956.62 5918.6 5869.5 5854.32 5848.08 5842.31 5863.8 5841.41 5808.68 5803.17 5821.47 5833.08 5832.16 5831.3 5824.19 5811.22 5780.8 5729.11 5707.9 5707.59 5705.78 5693.43 5688.87 5688.72 5688.05 5683.86 5678 5676.57 5675.94 5694.25 5681.05 5701.68 5723.19 5734.78 5704.02 5705.77 5707.46 5706.72 5709.66 5713.35
4384.88 4422.43 4591.75 4789.07 4796.51 4731.63 4766.49 4823.56 4862.31 4909.11 4842.33 4748.44 4655.66 4937.76 5330.1 5755.02 6194.37 6414.54 6299.01 6252.28 6204.03 6113.41 6030.36 6007.44 6046.82 6045.07 6027.66 5972.8 5955.26 5896.96 5868.52 5821.3 5841.48 5880.28 5843.11 5826.17 5805.93 5804.33 5813.99 5820.56 5823.33 5825.83 5820.79 5780.62 5713.93 5713.55 5713.62 5719.39 5712.23 5685.66 5683.86 5678.64 5677.15 5675.11 5667.34 5668.44 5663.14 5648.53 5676.5 5699.03 5708.38 5699.32 5694.56 5699.45 5703.63 5714.97 5721.19
4429.35 4569.11 4737.57 4827.42 4817.36 4767.26 4803.48 4857.18 4937.11 4948 4812.3 4725.86 4749.2 4937.39 5212.32 5514.06 5777.72 5948.79 6089.68 6203.73 6206.24 6124.29 5979.41 5974.96 6030.22 6022.5 6015.4 6010.8 5977.04 5916.84 5878.72 5855.53 5836.94 5819.5 5822.6 5801.31 5805.28 5807.52 5840.27 5804.11 5818.71 5821.62 5819.31 5788.34 5731.87 5717 5709.99 5719.35 5717.71 5688.42 5679.27 5676.47 5667.65 5653.83 5655.65 5661.91 5655.47 5655.98 5666.58 5677.37 5673.08 5682.91 5698.68 5695.56 5710.84 5718.83 5730.94
4540.22 4671.39 4790.55 4917.66 4809.78 4773.54 4803.19 4871.31 4951.1 5007.07 4907.19 4801.71 4831.88 4955.81 5126.86 5286.35 5394.47 5501.72 5886.23 6206.06 6253.59 6162.78 6062.97 5995.28 5995.2 6003.79 5985.09 5971.8 5969.16 5949.73 5896.09 5877.96 5866.47 5841.26 5820.67 5803.69 5788.24 5794.79 5813.71 5819.7 5824.13 5819.96 5813.6 5807.51 5771.41 5726.73 5699.45 5699.09 5695.6 5688.89 5683.14 5675.54 5667.95 5659.53 5658.96 5660.65 5653.34 5661.27 5664.6 5667.83 5669.6 5676.46 5689.78 5704.54 5705.69 5717.97 5730.77
4553.96 4698.62 4792.57 4837.56 4744.46 4703.75 4781.63 4890.76 5003.16 5142.87 5019.71 4842.62 4883.04 4988.26 5055.96 5156.17 5235.42 5371.46 5853.28 6274.42 6278.47 6170.22 6036.67 6076.99 6038.96 5998.39 5981.92 5989.28 5978.52 5955.98 5938.95 5916.96 5906.61 5866.25 5827.48 5793.39 5758.13 5765.39 5802.76 5841.39 5831.99 5816.94 5798.27 5809.99 5786.34 5736.44 5700.32 5690.04 5692.74 5692.66 5688.66 5679.41 5672.17 5667.37 5664.16 5656.33 5664.82 5660.22 5662.95 5662.18 5660.91 5669 5671.32 5673.96 5689.03 5709.98 5726.83
4597.49 4684.89 4758.11 4724.97 4707.86 4693.88 4764.29 4895.9 5035.57 5130.45 5082.44 4977.59 4868.14 4947.48 5025.87 5103.15 5231.52 5557.99 5858.37 6288.19 6282.49 6190.66 6054.97 6059.12 6041.24 5993.22 5983.09 6004.84 5995.76 6007.55 5994.18 5971.52 5893.22 5845.14 5816.58 5807.18 5838.38 5755.59 5793 5841.94 5839.32 5820.04 5810.62 5795 5778.42 5737.93 5696.04 5670.34 5669.28 5672.38 5682.66 5679.97 5674.42 5667.11 5663.98 5663.56 5670.57 5666.09 5664.2 5663.43 5666.58 5665.73 5668.82 5672.52 5667.72 5676.45 5703.5
4506.8 4619.32 4711.95 4687.46 4686 4740.64 4797.7 4921.47 5054.63 5190.28 5096.73 5002.64 5056.12 5025.31 5056.23 5106.75 5175.39 5269.79 5614.14 6004.44 6173.47 6243.59 6263.39 6117.97 6040.27 5976.03 5934.02 5980.04 5982.13 5969.39 5964.93 5985.69 5897.61 5826.45 5805.81 5792.48 5830.52 5876.99 5891.65 5873.97 5850.45 5821.33 5775.34 5777.75 5759.4 5733.44 5708.88 5665.87 5660.68 5670.16 5680.02 5680.62 5676.99 5672.14 5673.23 5673.52 5674.88 5676.23 5665.85 5667.1 5664.14 5662.53 5665.46 5671.23 5671.92 5664.05 5684.25
4411.11 4524.66 4639.44 4725.31 4683.41 4785.89 4835.21 4918.59 5024.41 5089.5 5027.92 4938.43 5128.63 5078.88 5101.19 5163.72 5207.07 5225.72 5460.37 5796.59 6059.55 6212.45 6244.45 6158.66 6048.94 5978.03 5919.72 5945.75 5968.19 5982.67 5992.25 5950.2 5839.97 5812.13 5823.62 5830.5 5873.81 5855.75 5875.16 5883.68 5865.75 5838.94 5803.52 5748.61 5739.64 5726.32 5692.85 5687.23 5685.66 5678.87 5683.25 5686.01 5680.6 5672.79 5667.12 5673.85 5672.4 5666.59 5659.77 5661.24 5666.8 5666.54 5666.09 5663.29 5664.03 5666.81 5668.72
4328.36 4434.75 4521.58 4639.65 4646.66 4849.02 4806.09 4882.67 4972.25 5042.63 4977.61 4982.64 4959.37 4980.92 5131.85 5264.03 5381.01 5501.44 5689.59 5888.91 6037.28 6087.64 6037.88 6025.97 6006.34 5993.6 5958.01 5929.92 5955.12 6012.02 6014.94 5907.8 5810.57 5822.3 5853.46 5890.28 5861.23 5846.24 5867.22 5897.16 5884.55 5857.77 5828.43 5825.14 5760.24 5730.23 5717.78 5700.97 5696.99 5710.91 5712.95 5696.56 5687.95 5678.76 5667.29 5663.81 5666.62 5666.76 5662.7 5658.98 5664.25 5665.56 5662.18 5657.88 5660.79 5663.64 5658.03
4294.54 4406.39 4481.21 4512.39 4572.25 4701.97 4738.78 4841.96 4927.73 4948.35 4861.76 4977.26 5016.49 5091.34 5239.69 5403.84 5598.11 5867.63 6091.72 6119.97 6113.62 6080.08 5983.95 5926.64 5943.16 5937.81 5902.64 5904.87 5918.26 5926.29 5908.82 5848.67 5814.14 5835.16 5864.86 5886.58 5864.01 5848.2 5901.25 5907.64 5887.26 5881.76 5850.45 5751.33 5748.04 5740.45 5724.79 5731.41 5721.05 5718.26 5705.06 5704.22 5698.79 5696.52 5696.83 5683.11 5664.83 5667.49 5665.2 5653.05 5658.25 5660.3 5659.8 5661.36 5663.31 5658.03 5656.77
4285.55 4411.84 4539.79 4567.77 4601.71 4715.46 4748.68 4872.1 4961.28 5003.47 5015.64 5030.82 5122.68 5249.22 5355.66 5510.59 5708.64 5968.74 6259.3 6228.26 6190.08 6157.82 6049.15 5952.22 5905.5 5875.33 5879.44 5871.15 5872.06 5864.36 5833.08 5822.04 5875.67 5845.3 5863.51 5879.66 5855.97 5800.55 5859.26 5876.44 5866.57 5845.33 5840.93 5795.92 5766.98 5754.4 5753.38 5737.3 5722.43 5728.03 5722.4 5713.95 5711.06 5709.15 5706.41 5682.42 5668.87 5664.5 5662.29 5660.94 5653.67 5648.27 5657.07 5671.36 5666.29 5659.77 5658.09
4280.08 4400.38 4544.06 4624.3 4647.5 4746.23 4870.79 4948.39 5023.48 5108.97 5138.51 5159.02 5247.74 5325.97 5428.32 5540.43 5683.84 5825.03 5920.04 6135.72 6265.86 6260.71 6155.91 6016.06 5891.27 5792.95 5808.64 5834.53 5845.79 5852.83 5825.22 5845.15 5853.04 5853.19 5856.77 5864.23 5906.9 5878.96 5844.29 5838.14 5830.93 5818.95 5819.66 5780.76 5776.16 5768.14 5769.04 5769.52 5756.1 5748.43 5721.43 5718.23 5713.81 5712.82 5714.36 5701.57 5679.75 5668 5657.58 5651.22 5645.47 5643.78 5652.45 5665.24 5666.71 5663.26 5660.08
4241.6 4359.58 4462.9 4523.43 4595.12 4787.98 4965.16 5029.67 5071.24 5117.02 5128.24 5237.31 5411.71 5464.5 5461.15 5543.6 5633.08 5711.85 5833.14 6113.62 6384.7 6600.4 6341.09 6108.14 5917.77 5762.16 5774.97 5818.14 5836.22 5828.24 5784.75 5782.81 5861.48 5880.09 5873.48 5874.25 5882.87 5877.62 5829.45 5816.32 5805.53 5798.89 5784.9 5802.36 5776.72 5765.12 5757.08 5757.72 5763.25 5736.91 5729.97 5722.73 5710.32 5703.06 5706.15 5704.84 5689.94 5669.6 5654.51 5638.76 5641.21 5640.14 5648.49 5657.11 5669.08 5675.16 5672.11
4213.93 4316.47 4397.01 4437.94 4617.08 4843.56 5037.42 5069.82 5076.75 5070.3 5060.27 5280.1 5486.56 5462.5 5479.08 5575.91 5624.7 5679.67 5856.08 6160.14 6426.58 6630.67 6396.33 6161.08 5985.44 5848.85 5826.27 5840.1 5843.89 5826.51 5797.56 5758.18 5803.79 5845.97 5856.3 5848.33 5824.04 5824.73 5842.82 5820.55 5787.43 5743.11 5794.77 5763.87 5760.87 5755.95 5755.84 5744.88 5755.34 5760.63 5737.09 5718.54 5704.29 5685.45 5674.98 5686.78 5669.21 5646.37 5645.16 5660.19 5656.74 5648.69 5650.86 5652.04 5655.89 5674.69 5685.06
4237.11 4297.1 4362.03 4400.23 4549.36 4812.82 5029.4 5066.36 5064.8 5048.04 5029.67 5247.77 5502.87 5521.82 5644.75 5706.39 5736.32 5754.88 5977.52 6216.82 6313.78 6337.89 6171.24 6138.48 6083.29 5989.59 5927.58 5900.29 5880.75 5843.33 5807.66 5774.41 5811.06 5805.55 5784.58 5791.97 5808.77 5791.49 5805.08 5813.57 5781.71 5745.89 5717.17 5722.78 5732.73 5741.65 5751.01 5741.78 5748.93 5747.49 5724.84 5712.58 5703.61 5689.88 5684.34 5679.77 5679.64 5668.61 5654.97 5684.45 5676.17 5667.63 5664.01 5656.32 5651.44 5665.32 5686.86
4196.44 4271.42 4344.55 4402.18 4466.09 4681.74 4987.19 5033.13 5027.07 5049.65 5085.94 5237.47 5456.1 5619.05 5842.56 5930.52 5965.3 5953.6 6172.03 6259.05 6150.13 6089.49 6103.42 6120.15 6163.7 6153.52 6011.6 5949.72 5925.44 5906.78 5811.81 5811.72 5798.69 5781.98 5739.82 5743.55 5769.9 5759.13 5777.1 5788.99 5780.31 5755.92 5697.44 5697.4 5711.36 5725.4 5736.66 5751.49 5745.62 5727.34 5718.07 5714.34 5713.27 5719.05 5720.31 5687.26 5681.64 5682.62 5682.01 5675.05 5677.08 5674.27 5682.23 5683.6 5695.78 5695.34 5694.45
4140.24 4243.61 4331.6 4395.62 4437.32 4582.14 4777.53 4894.39 4996.5 5090.56 5158.18 5265.76 5439.84 5725.74 6044.57 6225.3 6275.4 6313.9 6291.42 6194.85 6095.09 6057.15 6077.93 6097.16 6102.15 6065.99 5995.42 5947.8 5926.92 5915.76 5850.8 5794.74 5782.21 5772.15 5762.63 5702.65 5696.23 5754.37 5794.76 5841.97 5780.57 5744.34 5729.8 5710.5 5711.54 5714.1 5713.23 5725.6 5736.29 5730.03 5722.55 5720.19 5717.45 5722.52 5733.79 5699.06 5669.56 5657.9 5668.73 5662.13 5673.5 5688.14 5706.5 5684.48 5491.15 5684.31 5705.06
4116.33 4275.91 4392.37 4467.95 4526.86 4573.22 4577.5 4760.54 4999.62 5209.26 5357.56 5511.73 5770.57 6139.75 6491.75 6534.92 6530.6 6536.96 6321.53 6121.2 6039.08 6052.44 6067.22 6052.88 6012.57 6010.9 5955.14 5918.47 5876.86 5897.72 5901.13 5848.21 5790.61 5790.45 5592.6 5668.51 5723.26 5720.07 5776.89 5842.09 5788.64 5748.92 5738.32 5726.46 5713.95 5707.04 5706.32 5703.28 5716.7 5719.86 5718.39 5715.45 5712.91 5709.19 5704.35 5690.9 5668.93 5656.53 5664.05 5650.58 5669.02 5679.52 5697.63 5675.81 5399.16 5652.34 5705.02
