real_craters/C213-1000m.grd
DSAA
202 202
-100.63 100.63
-100.63 100.63
2936.8180595985 7410.0637259888
[rows 30 to 59 of 202, columns 134 to 200 of 202]
5931.99 5923.49 5904.71 5871.8 5910.22 5929.16 5921.32 5916.69 5956.95 5937.77 5916.26 5935.95 5977.67 6019.53 6045.85 6050.85 6031.2 6023.12 6017.35 6014.89 6024.93 6015.47 6012.02 6007.89 6016.09 6020.99 6016 5996.94 5963.6 5920.66 5895.74 5857.5 5810.88 5787.26 5784.33 5776.29 5758.64 5738.97 5753.55 5767.46 5774.82 5747.7 5738.77 5721.79 5721.19 5724.5 5713.26 5708.88 5706.18 5698.83 5686.61 5675.26 5668.92 5662.28 5655.19 5649.37 5645.82 5649.99 5644.59 5637.06 5634.73 5651.61 5646.32 5642.7 5641.52 5641.59 5642.71
5883.52 5916.05 5867.78 5879.38 5903.85 5916.6 5910.82 5910.57 5937.8 5933.02 5930.55 5955.51 6001.58 6052.69 6092.15 6082.2 6055.9 6043.81 6033.6 6025.32 6021.83 6038.38 6020.67 6021.92 6018.18 6014.87 6043.49 6049.83 6015.02 5938.93 5901.52 5854.94 5817.5 5787.46 5799.06 5782.89 5763.56 5752.83 5748.23 5771.73 5773.29 5744.84 5731.42 5732.28 5725.12 5722.32 5715.47 5708.85 5698.03 5682.11 5676.66 5671.73 5668.59 5665.59 5655.87 5649.97 5644.71 5644.06 5641.57 5636.88 5641.08 5641.81 5641.53 5640.45 5639.57 5639.48 5639.37
5899.46 5867.86 5845.52 5884.65 5918.31 5917.65 5888.76 5893.67 5920.53 5930.51 5922.43 5966.84 6022.69 6075.5 6106.27 6089.47 6074.56 6060.66 6047.51 6035.1 6027.57 6037.16 6029.79 6033.44 6002.54 5964.04 5945.63 5973.59 5985.45 5970.08 5928.19 5870.77 5813.37 5799.43 5804.84 5787.51 5775.33 5767.19 5751.69 5766.25 5768.36 5744.97 5739.05 5743.21 5722.74 5704.83 5701.32 5692.43 5671.61 5666.59 5666.99 5666.62 5666.86 5664.04 5654.41 5646.97 5642.59 5641.48 5635.69 5637.36 5640.18 5635.25 5635.55 5636.75 5637.19 5637.61 5639.3
5889.74 5879.54 5861.61 5930.82 5960.93 5952.15 5880.05 5886.16 5916.08 5923.55 5928.14 5980.49 6040.79 6105.49 6134.22 6106.72 6092.55 6079.39 6066.71 6054.17 6040.18 6028.86 6035.54 6039.73 5975.44 5879.58 5761.04 5656.96 5824.24 6026.12 5961.82 5893.68 5820.84 5800.8 5788.78 5780.71 5771.88 5767.64 5757.34 5752.85 5754.13 5742.12 5743.11 5731.64 5716.32 5699.29 5694.43 5679.41 5668.17 5661.1 5661.16 5663.33 5665.47 5663.73 5652.52 5645.37 5642.98 5641.04 5638.44 5639.18 5633.53 5632.46 5633.64 5634.9 5635.49 5635.22 5636.63
5951.19 5942.06 5888.93 5930.91 5988.92 6047.85 5897.24 5900.37 5925.84 5948.22 5951.25 5996.75 6055.6 6112.62 6142.74 6121.14 6111.7 6102.05 6089.95 6082.8 6072.55 6061.09 6048.83 6036.69 5969.82 5850.74 5690.42 5549.31 5698.72 5899.56 6012.53 5913.76 5851.75 5824.9 5795.29 5776.39 5766.28 5774.16 5766.11 5743.76 5739.4 5739.13 5739.34 5729.62 5711.04 5695.78 5689.36 5677.26 5667.42 5655.16 5657.16 5660.67 5662.16 5659.58 5652.87 5642.8 5640.41 5638.86 5611.19 5632.88 5632.05 5632.82 5635.17 5636.77 5637.18 5635.64 5642.27
6007.11 5961.98 5903.83 5918.99 5970.53 5993.76 5906.3 5906.34 5915.99 5919.27 5952.75 6010.79 6073.07 6126.42 6149.72 6129.25 6120.69 6111.53 6104.36 6099.92 6100.54 6091.73 6065.22 6029.78 5995.58 5895.81 5775.93 5631.52 5792.99 6032.46 5985.79 5900.68 5845.81 5844.48 5805.35 5771.86 5754.71 5753.22 5742.58 5735.6 5741.37 5734.73 5728.51 5718.6 5705.55 5693.65 5688.95 5677.14 5661.4 5657.71 5655.64 5659.24 5659.5 5658.04 5652.11 5639.07 5637.97 5636.75 5634.77 5631.04 5630.8 5634.23 5638.24 5640.21 5642.51 5643.5 5645.5
5961.28 5884.58 5917.7 5919.38 5960.58 5996.24 5906.53 5910.96 5920.78 5920.67 5960.83 6027 6097.72 6155.44 6173.98 6142.17 6131.33 6121.36 6113.53 6109.24 6111.54 6100.34 6071.94 6074.18 6040.88 5975.88 5934.89 5964.52 6011.5 5993.82 5896.51 5870.13 5864.91 5799.22 5782.13 5761.69 5745.9 5753.08 5753.94 5746.74 5748.6 5735.35 5723.94 5710.61 5699.9 5691.41 5680.95 5675.51 5669.01 5652.55 5652.74 5658.69 5656.67 5658.92 5652.33 5639.32 5634.26 5633.54 5631.09 5628.72 5636.97 5637.94 5637.92 5644.29 5650.09 5653.33 5649.55
5953.66 5881.04 5932.9 5961.21 5968.21 5980.15 5962.58 5908.23 5934.72 5923.55 5967 6039.25 6116.22 6182.29 6189.39 6150.02 6136 6123.87 6113.66 6103.91 6094.42 6083.41 6060.43 6053.87 6053.37 6028.31 6020.11 6041.23 6017.99 5935.87 5857.67 5860.3 5868.94 5800.91 5775.54 5760.91 5755.09 5760.23 5764.41 5758.08 5743.74 5731.79 5723.26 5708.06 5694.34 5682 5670 5672.99 5672.12 5659.37 5651.44 5658.12 5665.12 5661.82 5645.3 5633.22 5630.69 5630.96 5634.54 5637.59 5642.31 5656.66 5649.11 5650.52 5656.25 5659.51 5656.09
5931.34 5878.98 5908.86 5931.49 5948.03 5957.26 5950.69 5938.25 5968.97 5960.93 5983.92 6050.61 6129.2 6207.15 6190.62 6150.87 6135.63 6121.35 6108.16 6093.05 6074.51 6046.59 6034.98 6047.28 6032.96 6033.82 6028.98 6016.51 6002.6 5923.69 5840.7 5859.09 5846.11 5815.81 5785.28 5768.68 5762.71 5771.48 5782.45 5758.58 5742.56 5748.79 5732.46 5710.54 5692.56 5672.54 5670.33 5683.34 5670.89 5659.38 5652.93 5656.59 5657.08 5658.26 5638.45 5634.37 5629.87 5637.44 5635.3 5634.87 5644.97 5651.49 5647.88 5653.8 5658.39 5657.16 5650.69
5917.1 5898.92 5895.97 5897.81 5937.55 5955.13 5941.73 5923.23 5957.16 5951.16 5995.86 6059.27 6123.21 6168.18 6158.2 6146.1 6127.15 6110.08 6092.97 6076.03 6058.29 6044.69 6038.44 6038.63 6029.72 6019.17 6010.24 6000.16 5988.66 5910.68 5842.28 5834.63 5802.92 5792.13 5785.86 5778.74 5771.37 5779.24 5780.57 5754.92 5739.12 5747.65 5738.77 5717.22 5697.84 5696.34 5674.37 5689.45 5669.24 5659.31 5659.92 5661.47 5658.19 5643.23 5636.71 5635.08 5630.88 5635.1 5641.87 5645.23 5644.3 5651.68 5655.32 5656.52 5658.85 5656.65 5651.03
5937.35 5919.2 5933.2 5924.66 5954.3 5958.84 5955.86 5948.37 5951.63 5953.35 6018.05 6082.01 6134.38 6179 6173.09 6139.86 6124.72 6107.43 6088.05 6068.72 6050.09 6029.15 6034.91 6040.92 6028.58 6014.41 5994.28 5973.9 5933.12 5896.25 5867.55 5842.56 5812.45 5793.24 5785.54 5785.82 5799.46 5780.25 5761.74 5744.5 5742.71 5742.48 5731.41 5717.19 5700.1 5683.6 5677.02 5690.52 5682.03 5677.29 5667.85 5655.35 5642.79 5634.53 5635.22 5631.57 5632.36 5642.84 5645.26 5650.26 5656.38 5652.35 5654.01 5654.94 5655.41 5653.98 5651.75
5953.54 5983.84 5987.79 5944.76 5926.55 5996.3 6021.24 6022.98 6031.25 6037.29 6081.28 6121.42 6150.77 6172.3 6153.22 6134.47 6116.73 6098.03 6081.02 6061.74 6043.73 6021.35 6017.35 6030.26 6036.68 6009.01 5978.12 5944.81 5900.31 5881.99 5846.22 5859.67 5794.77 5777.65 5782.72 5787.16 5782.13 5775.31 5758.7 5760.33 5759.45 5744.38 5730.35 5720.69 5712.06 5701.24 5692.61 5692.65 5686.34 5683.12 5664.41 5649.68 5641.2 5637.49 5641.01 5641.45 5651.55 5652.71 5659.62 5667.34 5665.26 5657.54 5654.55 5651.46 5649.95 5649.86 5650.05
5967.13 5865.65 5924.51 5972.8 6027.59 6085.75 6095.89 6118.19 6160.67 6150.93 6142.3 6163.23 6206.98 6201.19 6164.23 6144.01 6119.91 6102.14 6084.22 6065.65 6048.5 6031.68 6029.08 6016.5 6014.45 5997.34 5967.5 5931.39 5898.3 5895.06 5906.92 5850.46 5796.01 5786.79 5792.23 5790.7 5787.06 5779.23 5771.65 5778.29 5744.2 5744.93 5740.93 5727.48 5719.22 5711.62 5700.47 5701.54 5708.04 5690.02 5665.7 5666.84 5663.5 5649.33 5656.64 5662.76 5665.62 5660.77 5668.81 5665.49 5661.87 5659.5 5649.63 5644.52 5641.32 5645.12 5646
5902.43 5697.87 5887.34 6094.41 6126.34 6133.17 6160 6148.87 6134.62 6156.77 6171.56 6170.26 6177.87 6182.09 6154.43 6131.3 6120.07 6103.98 6086.82 6071.53 6056.36 6039.97 6030.44 6018.71 6008.37 5988.61 5970.75 5953.69 5947.03 5918.93 5850.74 5800.86 5833.6 5812.52 5812.63 5819.47 5805.32 5790.71 5778.23 5777.73 5766.71 5745.21 5741.18 5735.14 5726.48 5715.23 5707.7 5714.26 5725.51 5710.01 5671.99 5671.29 5681.57 5683.02 5677.53 5680.35 5686.32 5679.09 5670.57 5664.61 5656.61 5649.89 5642.32 5637.74 5636.9 5639.69 5641.19
5938.73 6006.62 6162.88 6186.08 6199.7 6158.59 6170.32 6151.94 6178.51 6203.08 6180.81 6157.54 6134.34 6152.75 6142.1 6130.86 6116.39 6098.49 6085.79 6073.34 6061.25 6047.23 6044.32 6028.96 6012.76 5987.22 5971.09 5968.27 5964.24 5915.6 5815.67 5792.97 5804.72 5819.81 5828.97 5828.27 5822.89 5802.96 5785 5779.88 5795.28 5776.7 5752.73 5741.71 5734.99 5722.82 5708.8 5718.36 5730.79 5716.92 5683.22 5681.65 5688.41 5691.51 5689.66 5691.93 5690.05 5678.29 5665.32 5657.56 5652.72 5655.26 5645.63 5639.96 5634.85 5638.64 5636.9
6059.51 6159.64 6191.86 6230.92 6225.5 6192.13 6158.79 6167.88 6180.3 6184.83 6140.15 6147.83 6136.76 6145.68 6132.96 6127.95 6112.93 6102.82 6093 6079.27 6053.88 6054.57 6055.05 6038.31 6011.88 5980.87 5965.4 5951.82 5951.72 5897.64 5809.77 5783.05 5797.09 5824.39 5842.57 5857.28 5837 5816.32 5798.37 5785.2 5799.02 5775.31 5749.04 5748.86 5754.06 5732.71 5712.59 5712.72 5717.19 5709.55 5696.84 5687.31 5706.55 5706.35 5698.21 5698.55 5696.8 5685.91 5659.79 5648.64 5645.6 5643.62 5638.95 5635.98 5632.26 5632.67 5633.19
6114.25 6183.85 6224.15 6224.11 6199.96 6180.51 6207.73 6213.51 6255.25 6213.97 6174.85 6162.71 6165.98 6152.26 6131.79 6122.43 6113.84 6104.51 6093.61 6078.12 6052.09 6051.8 6036.77 6050.89 6030.49 5983.2 5964.22 5942.66 5935.92 5906.58 5856.11 5818.08 5822.07 5841.4 5855.48 5851.43 5837.59 5824.92 5814.8 5804.82 5792.06 5774.03 5764.13 5764.77 5757.03 5735.41 5712.46 5708.54 5708.36 5701.23 5696.93 5689.53 5706.66 5717.24 5712.62 5716.5 5704.44 5675.99 5647.56 5635.12 5635.54 5638.59 5632.16 5632.52 5633.25 5630.47 5629.45
6131.56 6191.33 6223.58 6251.66 6301.5 6293.82 6235.77 6207.13 6272.58 6226.77 6188.95 6157.1 6158.67 6149.36 6161.36 6122.93 6115.04 6109.6 6093.61 6074.94 6051.15 6059.29 6080.4 6081.99 6049.15 6006.73 5971.35 5943.17 5929.45 5923.45 5901.69 5883.84 5870.8 5863.47 5865.53 5844.17 5833.93 5826.62 5824.99 5825.35 5804.78 5788.22 5785.32 5783.72 5764.78 5741.4 5719.77 5716.74 5706.67 5697.98 5698.59 5697.43 5720.96 5726.75 5724.24 5722.58 5709.24 5677.11 5637.89 5625.28 5629.78 5625.36 5626.85 5633.09 5630.38 5627.93 5626.3
6141.31 6183.32 6166.74 6227.65 6302.17 6320.34 6267.93 6197.68 6236.94 6204.42 6135.28 6132.27 6139.46 6154.42 6164.94 6129.12 6120.96 6106.7 6091.09 6071.09 6042.76 6057 6080 6080.66 6048.19 6009.17 5972.35 5944.52 5918.13 5902.97 5897.81 5891.51 5882.41 5875.13 5871.83 5848.64 5830.44 5818.66 5812.67 5816.12 5804.57 5782.3 5794.56 5802.29 5785.72 5753.76 5731.11 5716.04 5709.17 5709.07 5709.51 5703.48 5711.84 5731.04 5729.47 5714.15 5697.8 5661.92 5622.97 5620.37 5626.89 5625.43 5622.89 5628.58 5626.06 5624.31 5622.41
6150.61 6198.86 6223.3 6197.1 6277.3 6285.12 6318.88 6271.04 6241.7 6214.98 6170.47 6149.72 6152.8 6171.29 6180.03 6129.33 6111.96 6094.73 6078.34 6070.37 6028.46 6039.01 6050.49 6053.89 6028.85 5987.21 5965.84 5935.96 5911.93 5891.88 5888.75 5884.57 5883.56 5876.47 5867.89 5846.88 5824.46 5807.99 5798.33 5809.95 5794.92 5784.04 5802.55 5810.33 5798.85 5767.01 5740.35 5727.68 5718.23 5715.59 5717.97 5719.26 5714.08 5717.42 5714.66 5709.94 5684.21 5633.85 5615.44 5616.43 5619.51 5620.14 5617.62 5615.28 5620.21 5619.2 5617.68
6152.35 6202.63 6203.51 6196.43 6194.45 6227.07 6253.21 6241.42 6266.69 6254 6253.73 6227.57 6201.88 6188.34 6183 6136.95 6118.39 6096.35 6082.61 6078.88 6032.4 6023.34 6009.07 6014.82 5997.61 5975.09 5968.07 5949.41 5913.85 5880.35 5896.15 5901.81 5882.69 5867.27 5849.01 5830.68 5813.5 5798.24 5785.89 5790.45 5791.76 5778.23 5785.61 5801.86 5797.58 5772.66 5750.05 5732.02 5728.38 5731.43 5717.54 5706.62 5708.59 5707.5 5700.72 5690.94 5663.03 5621.26 5613.9 5615.02 5607.12 5609.27 5606.52 5610.07 5611.23 5614.33 5615.03
6161.81 6217.68 6249.74 6269.92 6302.33 6321.42 6246.58 6244.61 6275.68 6272.79 6280.3 6277.17 6235.45 6204.31 6186.28 6134.39 6116.46 6107.24 6088.85 6072.03 6021.21 6011.93 5996.2 5984.37 5987.83 5992.28 5982.37 5959.52 5924.34 5897.55 5892.87 5879.82 5874.84 5856.28 5828.9 5807.95 5802.9 5795.43 5785.11 5787.09 5780.22 5766.09 5761.95 5784.1 5791.1 5764.79 5744.13 5734.33 5732.8 5734.04 5724.33 5721.86 5720.31 5714.72 5707.79 5686.84 5653.32 5646.81 5631.7 5625.1 5622.89 5612.88 5609 5606.49 5608.42 5611.83 5614.31
6172.32 6240.65 6307.74 6309.78 6326.04 6394.36 6311.46 6275.93 6263.54 6250.05 6227.74 6224.3 6222.23 6212.7 6203.16 6146.67 6124.62 6101.18 6081.38 6078.48 6010.95 6006.75 6007.14 5999.69 5988.17 5993.6 5997.56 5976.34 5944.12 5903.16 5887.69 5899.51 5874.69 5848.05 5807.91 5803.75 5800.87 5798.95 5800.88 5778.26 5748.14 5748.72 5747.95 5755.7 5772.72 5762.09 5750.88 5742.37 5739.81 5743.33 5739.99 5731.12 5728.39 5709.96 5689.63 5664.69 5652.75 5648.11 5637.22 5628.49 5626.12 5619.33 5611.49 5605.65 5607.75 5611.44 5615.22
6206.83 6261.44 6311.33 6334.62 6390.08 6345.85 6307.66 6250.76 6227.65 6227.68 6216.33 6196.88 6214.82 6224.76 6223.2 6155.83 6147.84 6126.59 6107.01 6020.49 6017.95 6012.18 6006.91 5973.57 5988.92 5996.87 5998.38 5989.27 5969.45 5956.93 5944.53 5908.65 5854.81 5852.86 5852.19 5819.35 5805.98 5794.1 5774.98 5755.19 5742.53 5744.71 5742.17 5750.69 5760.31 5768.4 5768.58 5756.68 5751.15 5750.93 5747.25 5733.35 5715.71 5695.12 5669.99 5666.93 5651.3 5643.19 5626.66 5623.98 5623.98 5613.32 5611.63 5609.34 5608.86 5611.67 5614
6260.77 6293.43 6326.03 6366.38 6438.02 6372.64 6257.44 6188.73 6210.84 6230.05 6240.87 6223.91 6216.86 6222.85 6224.41 6155.34 6145.26 6125.48 6106.34 6043.14 6037.95 6029.45 6015.81 5995.02 6014.36 6028.07 6065.57 5965.09 5978.34 6015.8 5975.53 5824.25 5775.2 5797.69 5828.92 5828.48 5817.13 5789.13 5756.58 5740.06 5732.3 5738.66 5737.35 5749.43 5753.56 5751.87 5751.64 5755.98 5754.11 5746.36 5732.7 5715.24 5701.67 5684.98 5672.68 5655.49 5639.29 5631.92 5625.23 5621.99 5621.49 5616.47 5611.23 5612.36 5613.2 5612.13 5611.92
6286.23 6336.38 6396.34 6455.92 6399.11 6348.81 6304.79 6300.76 6248.59 6261.16 6274.44 6239.26 6207.66 6187.39 6191.62 6143.21 6136.79 6130.64 6122.16 6046.17 6044.76 6041.98 6036.58 6034.19 6033.04 5984.53 5679.15 5810.72 5941.25 5999.4 5799.77 5749.65 5756.59 5782.71 5810.6 5830.05 5837.17 5823 5754.64 5731.21 5721.55 5739.86 5738.45 5741.82 5750.76 5748.96 5751.52 5755.31 5754.53 5731.65 5712.63 5708.23 5691.39 5674.15 5657.2 5642.95 5636.05 5633.59 5623.86 5620.54 5618.19 5615.28 5615.65 5614.09 5613.13 5612.9 5611.66
6316.73 6367.24 6420.21 6439.3 6372.83 6373.84 6396.05 6275.99 6280.94 6292.97 6295.57 6256.16 6220.72 6227.77 6253.55 6269.2 6182.09 6162.99 6146.62 6106.62 6059.58 6063.49 6071.1 6093.54 6061.67 5928.86 5650.52 5767.66 5875.15 5845.03 5756.5 5751.74 5762.13 5777.13 5813.74 5833.62 5855.86 5882.91 5826.11 5756.36 5739.58 5744.93 5734.61 5740.72 5750.6 5750.32 5757.45 5748.7 5737.59 5714.58 5699.03 5687.07 5669.95 5659.31 5648.92 5640.37 5636.52 5634.42 5624.28 5620.61 5615.33 5612.45 5614.28 5607.99 5615.22 5614.73 5613.69
6339.02 6339.67 6359.97 6341.59 6376.59 6432.7 6397.95 6343.7 6332.13 6323.32 6300.72 6202.36 6215.43 6253.71 6259.52 6254.92 6184.71 6163.73 6145.83 6155.03 6070.49 6078.91 6092.67 6109.79 6093.75 6075.76 5973.3 5881.13 5830.41 5752.39 5737.42 5752.6 5768.93 5770.82 5806.92 5821.66 5838.16 5855.17 5837.74 5784.55 5750.4 5747.23 5738.33 5739.79 5743.42 5745.21 5749.31 5729.73 5705.79 5690.19 5679.77 5665.28 5650.72 5648.63 5646.26 5639.23 5635.15 5637.32 5624.6 5617.49 5611.95 5611.67 5610.75 5613.07 5614.95 5615.97 5615.93
6211.64 6253.73 6333.11 6394.48 6485.78 6452.84 6431.27 6427.17 6376.15 6353.43 6344.72 6288.82 6290.53 6297.12 6291.73 6288.38 6210.58 6183.59 6167.35 6151.2 6081.59 6087.09 6098.79 6103.27 6091.6 6099.16 6096.99 5962.93 5812.27 5730.89 5734.96 5747.65 5763.01 5772.69 5785.54 5798.01 5804.31 5799.37 5827.25 5807.78 5781.68 5750.02 5737.71 5733.49 5726.17 5727.35 5726.38 5709.52 5685.39 5669.53 5645.28 5644.78 5642.59 5643.22 5642.64 5634.38 5630.62 5630.12 5624.01 5612.37 5610.63 5613.12 5614.38 5615.15 5617.61 5618.03 5615.8
5974.73 6145.37 6330.7 6555.2 6581.16 6576.98 6494.42 6438.8 6379.13 6375.14 6379.62 6444.5 6410.06 6348.01 6322.18 6299.14 6229.81 6205.48 6178.89 6166.18 6085.97 6087.16 6087.53 6081.36 6082.99 6078.84 6085.37 5977.78 5804.97 5733.15 5732.14 5742.2 5747.22 5746.36 5761.91 5777.19 5789.7 5814.02 5835.84 5810.55 5775.08 5745.24 5738.47 5730.23 5715.71 5709.13 5707.33 5698.39 5682.72 5667.72 5647.99 5642.12 5639.68 5638.45 5637.61 5625.77 5622.58 5626.12 5623.3 5613.61 5612.8 5611.9 5608.92 5618.21 5622.41 5621.63 5620.07
