real_craters/C213-750m.grd
DSAA
471 471
-176.1025 176.1025
-176.1025 176.1025
2216.2897603904 5425.2487047567
[rows 304 to 341 of 471, columns 84 to 167 of 471]
3646 3650 3653 3660 3665 3669 3675 3679 3674 3668 3665 3668 3676 3675 3676 3675 3677 3676 3672 3675 3675 3676 3669 3667 3672 3680 3684 3684 3689 3695 3702 3705 3712 3723 3740 3755 3754 3759 3766 3772 3776 3779 3778 3781 3798 3826 3851 3875 3903 3939 3959 3931 3915 3897 3875 3857 3848 3844 3840 3836 3828 3822 3814 3805 3807 3836 3881 3928 3966 4000 4039 4071 4076 4035 3988 3953 3925 3936 3950 3944 3930 3944 3977 4022
3649 3655 3661 3667 3669 3672 3676 3679 3671 3667 3660 3656 3665 3672 3674 3673 3673 3672 3672 3676 3669 3667 3663 3666 3673 3706 3693 3693 3691 3694 3701 3706 3715 3724 3737 3746 3747 3750 3755 3759 3760 3757 3752 3758 3776 3803 3827 3853 3884 3924 3936 3921 3903 3885 3863 3835 3829 3825 3821 3818 3811 3804 3796 3789 3792 3822 3868 3919 3976 4035 4047 4071 4082 4059 4036 4039 3981 3964 3969 3939 3915 3928 3967 4015
3652 3659 3670 3671 3669 3669 3668 3667 3664 3660 3660 3660 3663 3672 3676 3677 3677 3676 3678 3676 3669 3663 3658 3667 3682 3690 3685 3683 3689 3695 3701 3708 3712 3718 3723 3725 3731 3736 3739 3743 3742 3745 3749 3749 3762 3780 3806 3837 3871 3889 3900 3903 3891 3875 3856 3824 3815 3813 3810 3807 3800 3791 3783 3779 3781 3813 3858 3909 3960 3998 4037 4066 4060 4043 4033 4025 3992 3978 3951 3921 3905 3916 3953 4011
3655 3660 3664 3665 3665 3664 3661 3654 3657 3663 3661 3662 3673 3681 3680 3680 3683 3681 3676 3677 3672 3661 3660 3670 3677 3673 3675 3679 3687 3694 3700 3704 3709 3711 3713 3711 3718 3721 3721 3718 3729 3737 3743 3752 3760 3774 3789 3812 3845 3866 3878 3881 3872 3856 3838 3819 3810 3809 3805 3801 3792 3782 3773 3768 3772 3805 3851 3899 3941 3972 4008 4044 4046 4038 4018 4014 3983 3943 3922 3903 3891 3908 3942 3998
3654 3658 3660 3662 3661 3660 3658 3655 3654 3655 3660 3663 3676 3680 3681 3683 3679 3682 3692 3687 3675 3667 3664 3668 3666 3667 3677 3680 3688 3694 3698 3702 3705 3706 3707 3707 3708 3709 3709 3715 3723 3735 3749 3760 3761 3769 3779 3792 3817 3844 3860 3859 3851 3840 3827 3818 3814 3812 3806 3797 3788 3778 3768 3762 3767 3802 3847 3895 3937 3967 3996 4012 4025 4021 4026 4015 3977 3921 3909 3903 3891 3902 3929 3984
3653 3656 3657 3655 3658 3658 3656 3654 3650 3650 3662 3675 3680 3674 3678 3677 3674 3677 3678 3674 3675 3672 3665 3661 3661 3670 3684 3693 3696 3695 3697 3698 3699 3700 3700 3701 3701 3701 3703 3710 3720 3732 3743 3746 3753 3764 3770 3776 3797 3830 3847 3848 3845 3833 3823 3819 3824 3814 3805 3796 3787 3778 3769 3763 3769 3802 3846 3894 3943 3989 3999 4008 4010 4014 4019 4010 3965 3916 3909 3917 3897 3892 3913 3971
3650 3653 3655 3655 3659 3659 3656 3653 3650 3653 3670 3693 3689 3679 3676 3677 3676 3678 3677 3677 3675 3675 3666 3658 3657 3666 3686 3691 3692 3694 3693 3694 3694 3694 3693 3693 3694 3697 3700 3702 3721 3733 3739 3735 3739 3749 3759 3761 3774 3801 3825 3839 3845 3836 3826 3815 3811 3810 3803 3795 3787 3780 3775 3768 3773 3802 3843 3889 3939 3991 4002 3992 3988 3993 3997 3990 3945 3902 3909 3953 3907 3880 3892 3948
3647 3652 3659 3666 3665 3661 3658 3655 3653 3656 3670 3689 3688 3676 3675 3678 3683 3684 3684 3680 3675 3670 3667 3665 3663 3667 3674 3682 3686 3691 3691 3690 3690 3690 3689 3688 3691 3698 3706 3708 3726 3739 3742 3727 3727 3731 3739 3748 3761 3782 3807 3822 3837 3859 3838 3815 3802 3804 3800 3795 3788 3781 3776 3772 3778 3800 3834 3874 3916 3950 3958 3954 3951 3944 3936 3932 3909 3887 3897 3928 3890 3866 3876 3919
3649 3653 3659 3667 3667 3662 3658 3656 3657 3655 3666 3676 3682 3682 3682 3685 3691 3692 3691 3684 3676 3672 3670 3670 3665 3661 3664 3674 3690 3691 3689 3688 3688 3687 3687 3687 3692 3699 3710 3720 3736 3745 3749 3730 3722 3719 3724 3742 3763 3781 3795 3804 3814 3830 3824 3810 3803 3803 3800 3795 3789 3782 3778 3773 3777 3793 3820 3851 3882 3908 3921 3920 3918 3908 3893 3888 3884 3869 3866 3860 3854 3855 3874 3907
3654 3653 3656 3661 3661 3659 3658 3657 3661 3665 3669 3676 3683 3690 3693 3694 3698 3699 3696 3688 3683 3676 3671 3664 3657 3652 3654 3667 3680 3684 3684 3685 3686 3686 3686 3686 3689 3698 3710 3725 3745 3745 3742 3732 3721 3718 3728 3747 3783 3791 3786 3783 3780 3786 3796 3799 3799 3804 3802 3797 3790 3783 3778 3773 3774 3783 3802 3823 3845 3866 3895 3892 3892 3889 3874 3865 3856 3855 3851 3844 3845 3854 3881 3909
3653 3650 3651 3653 3653 3654 3655 3657 3659 3663 3670 3680 3690 3693 3696 3702 3705 3708 3704 3698 3694 3682 3669 3660 3655 3651 3649 3660 3666 3673 3679 3683 3684 3685 3686 3686 3689 3697 3707 3720 3734 3736 3730 3727 3726 3725 3736 3762 3781 3777 3770 3764 3758 3761 3778 3792 3803 3811 3806 3799 3792 3787 3782 3777 3774 3776 3785 3798 3810 3820 3831 3849 3863 3878 3869 3856 3854 3858 3857 3852 3860 3872 3891 3937
3648 3647 3648 3648 3648 3652 3654 3655 3656 3661 3672 3682 3688 3701 3712 3731 3732 3722 3714 3708 3703 3693 3676 3664 3658 3651 3648 3655 3661 3668 3676 3681 3684 3685 3687 3688 3690 3696 3703 3711 3727 3730 3725 3734 3741 3738 3744 3755 3757 3757 3755 3752 3748 3753 3769 3784 3801 3814 3806 3799 3794 3792 3791 3787 3780 3770 3775 3780 3784 3785 3792 3806 3828 3849 3872 3856 3858 3864 3870 3870 3890 3894 3919 3981
3647 3645 3646 3648 3649 3652 3653 3653 3655 3659 3672 3685 3696 3720 3751 3755 3747 3731 3723 3718 3714 3700 3680 3669 3665 3658 3656 3660 3665 3671 3678 3683 3687 3689 3690 3691 3692 3698 3703 3706 3719 3723 3721 3739 3749 3746 3740 3737 3737 3743 3743 3741 3744 3761 3764 3772 3784 3796 3796 3794 3793 3792 3798 3805 3785 3772 3766 3766 3768 3767 3771 3780 3796 3807 3831 3856 3862 3855 3850 3859 3883 3895 3933 3987
3640 3642 3646 3649 3652 3652 3652 3651 3651 3654 3671 3684 3699 3725 3752 3734 3727 3729 3728 3727 3724 3705 3691 3677 3672 3667 3665 3670 3675 3679 3684 3687 3690 3692 3694 3696 3695 3700 3708 3708 3715 3723 3732 3737 3740 3738 3734 3731 3724 3733 3730 3728 3727 3738 3746 3753 3759 3769 3780 3785 3790 3794 3798 3793 3778 3763 3756 3757 3761 3766 3773 3770 3776 3782 3793 3825 3836 3834 3833 3841 3858 3878 3905 3937
3642 3645 3648 3650 3652 3652 3651 3651 3651 3655 3668 3681 3692 3717 3729 3720 3719 3724 3729 3732 3723 3704 3696 3688 3680 3676 3676 3678 3684 3690 3690 3692 3694 3697 3700 3703 3704 3704 3713 3716 3721 3727 3736 3731 3724 3718 3717 3713 3719 3722 3719 3713 3709 3710 3724 3733 3739 3746 3761 3770 3781 3798 3794 3785 3766 3748 3743 3749 3758 3768 3774 3764 3767 3770 3775 3783 3795 3806 3811 3826 3855 3870 3887 3900
3651 3653 3652 3651 3652 3652 3650 3651 3653 3654 3662 3677 3697 3726 3743 3722 3720 3724 3728 3731 3716 3698 3699 3697 3688 3685 3682 3680 3685 3691 3692 3694 3698 3704 3710 3716 3721 3729 3730 3730 3730 3731 3731 3724 3719 3714 3708 3703 3708 3711 3708 3701 3695 3700 3709 3717 3722 3730 3742 3751 3760 3767 3774 3770 3750 3732 3730 3741 3754 3766 3770 3764 3765 3771 3762 3758 3770 3782 3792 3807 3835 3856 3874 3890
3657 3658 3653 3651 3650 3648 3649 3650 3652 3653 3659 3674 3694 3722 3761 3741 3726 3724 3724 3723 3713 3703 3705 3701 3691 3687 3680 3678 3680 3684 3688 3695 3703 3712 3722 3730 3739 3746 3748 3743 3735 3728 3718 3714 3708 3709 3698 3695 3702 3705 3701 3694 3688 3694 3700 3706 3709 3710 3720 3730 3737 3740 3742 3740 3732 3722 3722 3735 3748 3761 3764 3760 3761 3758 3750 3747 3756 3767 3777 3790 3811 3838 3872 3905
3652 3650 3651 3650 3650 3650 3651 3650 3651 3655 3661 3675 3690 3706 3725 3733 3722 3719 3719 3718 3713 3710 3716 3708 3700 3690 3681 3677 3676 3678 3684 3693 3702 3713 3727 3741 3758 3765 3768 3755 3736 3719 3712 3708 3700 3693 3687 3692 3708 3706 3700 3693 3688 3688 3694 3702 3703 3700 3705 3713 3718 3719 3717 3719 3720 3719 3723 3733 3742 3748 3757 3765 3764 3754 3747 3743 3748 3758 3766 3773 3795 3826 3873 3919
3649 3644 3648 3650 3651 3653 3654 3656 3661 3668 3675 3685 3690 3694 3698 3699 3707 3710 3711 3715 3718 3724 3718 3706 3702 3696 3693 3687 3678 3677 3682 3692 3704 3716 3731 3746 3765 3790 3794 3761 3732 3711 3710 3709 3708 3703 3691 3691 3711 3708 3701 3693 3690 3697 3705 3708 3705 3701 3702 3705 3707 3707 3706 3710 3715 3721 3730 3736 3745 3754 3764 3772 3771 3761 3744 3736 3743 3753 3762 3768 3788 3818 3856 3891
3650 3648 3649 3650 3653 3655 3659 3665 3677 3695 3707 3705 3698 3690 3690 3691 3698 3701 3701 3705 3707 3714 3716 3706 3702 3711 3714 3698 3681 3679 3683 3694 3706 3718 3728 3741 3755 3769 3771 3752 3724 3699 3704 3710 3720 3725 3709 3694 3706 3707 3700 3694 3695 3709 3726 3716 3709 3703 3701 3703 3704 3705 3707 3710 3714 3720 3726 3736 3750 3766 3774 3778 3775 3757 3742 3735 3741 3753 3763 3773 3790 3816 3849 3879
3647 3648 3650 3654 3657 3662 3671 3685 3708 3728 3731 3726 3712 3698 3696 3699 3693 3691 3688 3689 3693 3692 3689 3690 3697 3712 3711 3694 3683 3683 3691 3700 3709 3718 3726 3733 3739 3741 3744 3738 3721 3702 3700 3706 3717 3728 3726 3714 3713 3704 3697 3694 3697 3710 3721 3717 3709 3703 3701 3702 3705 3707 3708 3711 3715 3720 3723 3735 3746 3774 3776 3772 3763 3753 3743 3738 3744 3757 3770 3779 3796 3826 3873 3905
3649 3650 3653 3658 3665 3673 3687 3712 3742 3752 3767 3745 3724 3709 3699 3692 3687 3682 3676 3670 3671 3672 3673 3682 3695 3707 3697 3688 3682 3688 3697 3706 3710 3714 3715 3717 3718 3723 3732 3728 3723 3709 3698 3699 3707 3721 3731 3715 3707 3699 3694 3692 3694 3703 3709 3708 3704 3700 3701 3697 3703 3707 3711 3713 3716 3720 3728 3733 3741 3758 3762 3759 3753 3746 3744 3744 3752 3764 3774 3786 3798 3825 3889 3936
3649 3651 3656 3664 3674 3689 3707 3725 3734 3744 3749 3740 3723 3708 3697 3688 3682 3675 3668 3661 3661 3663 3665 3677 3695 3703 3692 3685 3684 3696 3706 3714 3714 3712 3709 3705 3702 3699 3709 3721 3726 3725 3700 3694 3700 3711 3717 3706 3694 3694 3695 3692 3692 3696 3697 3696 3696 3694 3690 3689 3694 3701 3707 3711 3715 3719 3723 3728 3736 3738 3746 3748 3745 3742 3746 3753 3760 3771 3778 3785 3793 3808 3853 3873
3654 3655 3660 3667 3679 3695 3717 3712 3719 3724 3727 3723 3714 3705 3695 3684 3676 3670 3664 3660 3660 3662 3664 3676 3692 3692 3686 3682 3685 3702 3718 3721 3716 3711 3705 3699 3692 3688 3701 3711 3715 3713 3694 3688 3695 3709 3711 3702 3693 3697 3698 3697 3696 3695 3689 3689 3691 3690 3685 3685 3690 3697 3704 3709 3714 3718 3721 3723 3725 3730 3737 3740 3741 3736 3748 3762 3774 3776 3779 3781 3782 3792 3818 3846
3658 3658 3661 3669 3678 3688 3695 3696 3700 3701 3703 3703 3701 3695 3684 3678 3671 3667 3663 3661 3661 3661 3666 3676 3684 3682 3679 3678 3685 3701 3716 3719 3715 3708 3701 3693 3687 3683 3691 3696 3696 3691 3685 3684 3689 3695 3697 3699 3699 3702 3705 3708 3705 3699 3695 3693 3694 3693 3692 3693 3694 3699 3705 3710 3714 3719 3723 3729 3732 3733 3736 3737 3734 3735 3747 3761 3773 3775 3776 3776 3774 3777 3791 3809
3659 3661 3662 3670 3675 3679 3680 3681 3681 3682 3685 3687 3688 3687 3680 3673 3671 3665 3661 3660 3660 3662 3669 3677 3676 3675 3675 3678 3689 3705 3716 3720 3713 3705 3699 3692 3685 3686 3683 3685 3685 3682 3682 3683 3688 3690 3697 3701 3704 3706 3708 3712 3709 3704 3702 3702 3700 3698 3701 3703 3699 3703 3706 3709 3714 3719 3725 3732 3745 3741 3741 3742 3740 3738 3739 3752 3765 3770 3773 3774 3773 3773 3780 3783
3660 3662 3668 3670 3671 3673 3674 3674 3672 3672 3673 3675 3678 3678 3673 3668 3665 3663 3660 3660 3661 3662 3666 3668 3672 3670 3675 3682 3696 3709 3715 3714 3708 3702 3696 3691 3685 3682 3687 3692 3693 3688 3686 3685 3688 3692 3696 3694 3702 3706 3705 3705 3705 3706 3707 3705 3706 3701 3696 3695 3702 3702 3704 3706 3710 3717 3724 3729 3735 3743 3745 3747 3750 3745 3735 3745 3755 3761 3767 3772 3776 3776 3775 3776
3663 3663 3662 3664 3667 3668 3668 3668 3665 3664 3667 3668 3671 3672 3669 3665 3663 3662 3662 3660 3662 3662 3660 3663 3665 3667 3679 3692 3704 3706 3706 3702 3698 3696 3694 3692 3692 3694 3708 3723 3714 3702 3695 3690 3695 3702 3700 3703 3705 3705 3698 3693 3698 3706 3715 3720 3715 3703 3689 3681 3691 3694 3696 3699 3705 3713 3723 3736 3740 3743 3744 3746 3750 3742 3739 3743 3748 3755 3762 3769 3782 3793 3793 3784
3666 3661 3663 3664 3665 3664 3662 3660 3661 3663 3668 3671 3673 3672 3669 3665 3662 3662 3664 3661 3665 3671 3664 3663 3665 3668 3683 3702 3713 3703 3695 3688 3688 3691 3694 3697 3700 3707 3730 3754 3736 3719 3707 3699 3701 3716 3742 3728 3716 3700 3694 3686 3694 3707 3719 3730 3720 3702 3683 3670 3675 3679 3683 3689 3698 3708 3719 3731 3740 3741 3739 3737 3737 3738 3742 3747 3751 3754 3756 3761 3768 3786 3810 3795
3668 3663 3664 3667 3664 3661 3657 3657 3660 3665 3675 3685 3687 3678 3670 3667 3663 3661 3662 3662 3667 3670 3669 3663 3664 3671 3686 3701 3704 3688 3684 3679 3682 3690 3697 3706 3713 3726 3740 3755 3751 3733 3715 3705 3706 3721 3752 3754 3728 3709 3696 3689 3694 3706 3718 3726 3719 3701 3682 3664 3660 3652 3666 3679 3690 3702 3712 3719 3731 3735 3734 3733 3741 3748 3757 3759 3755 3752 3754 3755 3753 3766 3785 3787
3677 3668 3665 3666 3664 3660 3656 3655 3663 3672 3684 3697 3699 3687 3673 3672 3664 3660 3662 3662 3667 3673 3670 3668 3670 3680 3689 3692 3688 3681 3678 3677 3682 3690 3700 3712 3729 3735 3736 3742 3745 3730 3715 3706 3704 3719 3743 3751 3729 3709 3694 3688 3694 3704 3714 3720 3715 3704 3687 3663 3645 3645 3656 3671 3684 3695 3705 3715 3723 3727 3729 3735 3752 3780 3791 3779 3763 3755 3758 3758 3749 3756 3763 3777
3671 3670 3667 3667 3663 3659 3657 3659 3668 3677 3689 3704 3709 3694 3679 3667 3662 3659 3659 3661 3666 3677 3669 3670 3680 3690 3689 3688 3683 3678 3677 3680 3686 3694 3701 3709 3715 3715 3721 3725 3721 3715 3709 3704 3703 3714 3731 3733 3717 3702 3691 3687 3693 3701 3709 3714 3713 3711 3701 3684 3654 3650 3658 3671 3683 3693 3701 3707 3709 3718 3722 3728 3746 3795 3819 3794 3774 3763 3770 3777 3774 3758 3766 3778
3679 3675 3670 3662 3659 3658 3658 3659 3668 3676 3689 3703 3716 3701 3680 3668 3665 3667 3666 3660 3661 3662 3667 3676 3687 3681 3684 3688 3694 3695 3684 3687 3694 3698 3700 3701 3699 3700 3703 3704 3701 3699 3699 3701 3704 3721 3722 3706 3701 3695 3690 3688 3692 3700 3708 3714 3719 3723 3722 3711 3679 3660 3667 3677 3686 3693 3698 3700 3705 3713 3718 3722 3735 3777 3804 3788 3774 3774 3774 3789 3796 3767 3761 3759
3675 3671 3670 3660 3657 3659 3661 3665 3665 3672 3684 3695 3700 3693 3681 3674 3671 3668 3668 3661 3662 3664 3672 3683 3677 3677 3680 3685 3689 3687 3686 3695 3701 3700 3696 3693 3688 3686 3689 3688 3685 3686 3688 3688 3695 3704 3707 3693 3688 3687 3685 3687 3690 3696 3705 3715 3724 3737 3745 3735 3699 3682 3683 3687 3693 3697 3701 3704 3711 3717 3721 3724 3732 3753 3763 3763 3757 3753 3758 3766 3768 3758 3746 3743
3666 3659 3660 3657 3656 3662 3666 3666 3668 3671 3677 3682 3687 3686 3683 3678 3676 3676 3671 3666 3667 3671 3676 3676 3673 3672 3676 3682 3687 3691 3696 3704 3709 3702 3694 3687 3682 3680 3681 3679 3674 3680 3682 3680 3684 3683 3688 3681 3681 3681 3679 3684 3687 3693 3703 3714 3727 3748 3773 3787 3740 3711 3706 3704 3705 3707 3710 3714 3721 3726 3728 3727 3728 3730 3735 3739 3737 3733 3738 3745 3751 3753 3743 3740
3661 3662 3654 3657 3663 3666 3667 3666 3670 3670 3671 3671 3668 3675 3679 3679 3679 3678 3673 3671 3670 3671 3674 3673 3671 3672 3676 3682 3689 3702 3714 3711 3704 3695 3689 3682 3676 3677 3680 3679 3680 3679 3679 3682 3676 3675 3680 3676 3677 3680 3682 3682 3683 3689 3699 3711 3725 3747 3777 3796 3763 3737 3728 3721 3718 3718 3722 3734 3737 3736 3737 3737 3731 3728 3725 3725 3724 3722 3729 3737 3745 3749 3740 3736
3657 3658 3657 3663 3665 3671 3671 3667 3666 3668 3669 3669 3669 3674 3676 3677 3675 3675 3677 3674 3673 3673 3674 3675 3674 3675 3677 3683 3691 3705 3710 3705 3695 3689 3687 3682 3678 3680 3682 3683 3682 3676 3674 3678 3672 3671 3673 3675 3676 3679 3680 3674 3679 3685 3694 3705 3715 3734 3756 3767 3768 3760 3747 3737 3729 3725 3724 3728 3735 3739 3746 3744 3734 3726 3719 3717 3717 3721 3732 3747 3752 3750 3741 3736
3654 3655 3667 3676 3677 3677 3675 3668 3667 3669 3672 3673 3676 3676 3676 3675 3676 3674 3672 3673 3673 3674 3675 3676 3674 3675 3679 3685 3692 3700 3712 3712 3703 3694 3687 3685 3682 3685 3684 3685 3676 3669 3667 3663 3673 3681 3681 3676 3675 3676 3674 3669 3676 3684 3692 3700 3711 3725 3739 3749 3758 3764 3756 3744 3734 3728 3726 3726 3732 3741 3754 3751 3730 3715 3710 3710 3712 3722 3742 3765 3766 3760 3752 3753
