real_craters/C214-750m.grd
DSAA
520 520
-194.4425 194.4425
-194.4425 194.4425
2864.5307277388 7477.1590161491
[rows 114 to 151 of 520, columns 336 to 419 of 520]
5893 5952 5986 5991 5992 5989 5966 5962 5961 5961 5956 5950 5941 5919 5907 5951 5931 5916 5914 5921 5917 5912 5908 5896 5863 5853 5853 5855 5833 5812 5786 5774 5778 5781 5768 5766 5790 5806 5818 5830 5838 5824 5819 5814 5813 5800 5786 5791 5806 5822 5816 5806 5797 5806 5821 5825 5825 5793 5780 5780 5789 5798 5805 5811 5821 5833 5825 5813 5802 5794 5783 5782 5781 5781 5783 5788 5798 5818 5846 5864 5901 5910 5899 5881
5890 5957 5990 5992 5998 5994 5995 5994 5987 5955 5949 5947 5944 5915 5913 5919 5911 5901 5897 5896 5911 5909 5898 5883 5858 5836 5844 5845 5836 5818 5803 5783 5770 5779 5765 5782 5791 5797 5812 5831 5834 5825 5821 5811 5807 5791 5780 5798 5821 5822 5810 5792 5783 5802 5845 5862 5813 5799 5786 5784 5792 5799 5806 5813 5824 5848 5847 5824 5814 5814 5821 5809 5797 5794 5793 5796 5803 5816 5830 5839 5862 5878 5873 5858
5942 5973 5999 6003 6003 5999 6002 5988 5977 5962 5944 5935 5921 5907 5902 5899 5894 5890 5885 5887 5899 5899 5886 5870 5863 5837 5843 5857 5842 5825 5800 5773 5767 5761 5765 5779 5790 5793 5807 5821 5826 5826 5825 5815 5796 5783 5780 5801 5820 5821 5810 5794 5787 5805 5840 5854 5840 5814 5795 5790 5792 5800 5808 5815 5821 5822 5816 5814 5813 5815 5816 5814 5809 5806 5806 5806 5805 5803 5811 5822 5836 5849 5850 5838
5994 5994 5989 6002 6003 5997 5980 5968 5959 5948 5938 5927 5921 5897 5878 5879 5870 5868 5874 5883 5897 5896 5883 5869 5867 5848 5851 5858 5856 5837 5804 5780 5768 5757 5764 5782 5788 5789 5805 5820 5831 5835 5833 5830 5797 5791 5802 5806 5823 5822 5815 5806 5804 5813 5820 5839 5828 5809 5797 5791 5795 5803 5811 5819 5815 5799 5792 5803 5807 5804 5802 5809 5813 5814 5815 5813 5809 5805 5809 5821 5835 5844 5835 5820
6020 6020 6013 6014 6008 5999 5989 5977 5965 5951 5936 5918 5893 5871 5870 5856 5851 5850 5863 5878 5900 5898 5883 5873 5890 5876 5858 5866 5872 5854 5832 5798 5788 5766 5770 5780 5783 5792 5806 5819 5829 5834 5841 5800 5810 5814 5802 5806 5814 5820 5821 5826 5832 5824 5834 5836 5814 5801 5800 5803 5808 5807 5813 5816 5813 5806 5805 5808 5812 5809 5806 5815 5819 5820 5821 5821 5820 5809 5815 5819 5830 5835 5821 5800
6038 6040 6039 6027 6014 6000 5987 5973 5960 5949 5933 5916 5898 5877 5853 5861 5869 5879 5903 5918 5928 5903 5880 5861 5848 5843 5838 5842 5834 5843 5832 5802 5767 5753 5778 5780 5781 5792 5801 5814 5824 5830 5832 5800 5820 5821 5805 5808 5816 5820 5822 5825 5827 5839 5849 5844 5816 5801 5805 5814 5799 5811 5816 5821 5826 5819 5817 5820 5828 5835 5837 5828 5826 5826 5828 5832 5838 5845 5829 5815 5823 5823 5806 5785
6047 6048 6040 6032 6016 5998 5980 5966 5958 5946 5934 5921 5908 5883 5863 5877 5893 5915 5933 5930 5920 5893 5867 5843 5822 5819 5817 5821 5814 5818 5809 5797 5784 5778 5774 5779 5776 5779 5789 5805 5815 5829 5835 5814 5824 5828 5816 5820 5822 5820 5819 5819 5822 5825 5835 5833 5811 5797 5801 5808 5822 5815 5815 5819 5823 5820 5819 5827 5842 5853 5840 5836 5831 5829 5832 5837 5845 5847 5838 5833 5825 5809 5787 5763
6043 6043 6053 6041 6016 5991 5973 5960 5954 5945 5935 5927 5919 5909 5892 5889 5907 5927 5927 5915 5896 5875 5852 5834 5833 5824 5823 5822 5823 5816 5822 5809 5784 5776 5770 5776 5774 5770 5778 5790 5811 5831 5827 5808 5809 5817 5819 5828 5823 5817 5815 5813 5813 5811 5817 5820 5810 5800 5799 5796 5802 5806 5806 5809 5815 5818 5822 5833 5848 5858 5850 5840 5833 5830 5829 5833 5839 5837 5825 5819 5810 5790 5765 5741
5993 6010 6033 6031 6003 5977 5955 5950 5944 5942 5941 5938 5935 5930 5909 5904 5916 5920 5930 5903 5877 5860 5838 5812 5803 5827 5834 5829 5837 5839 5861 5830 5806 5797 5795 5780 5763 5767 5773 5785 5804 5826 5806 5785 5791 5807 5811 5813 5811 5812 5810 5808 5809 5813 5819 5819 5815 5814 5801 5796 5796 5797 5798 5802 5810 5817 5825 5838 5850 5854 5849 5839 5828 5823 5820 5820 5821 5810 5788 5774 5778 5759 5741 5721
5913 5946 5984 5989 5969 5955 5946 5941 5937 5938 5939 5944 5944 5936 5917 5910 5928 5924 5938 5904 5876 5858 5839 5811 5805 5829 5837 5831 5828 5835 5842 5827 5804 5791 5787 5783 5770 5767 5770 5779 5799 5806 5779 5765 5777 5780 5796 5806 5807 5808 5808 5808 5812 5817 5823 5822 5815 5800 5802 5799 5794 5796 5795 5797 5809 5820 5829 5846 5856 5856 5842 5830 5818 5810 5803 5797 5793 5775 5749 5730 5721 5726 5719 5703
5841 5867 5887 5898 5912 5918 5918 5923 5928 5926 5935 5946 5950 5943 5926 5922 5921 5927 5928 5906 5883 5865 5853 5857 5853 5837 5837 5822 5813 5808 5819 5816 5804 5792 5786 5770 5772 5771 5771 5777 5791 5783 5758 5752 5766 5766 5778 5795 5802 5804 5806 5810 5812 5817 5825 5827 5828 5831 5821 5808 5806 5813 5808 5817 5825 5836 5849 5851 5854 5845 5830 5816 5804 5793 5781 5768 5755 5737 5714 5696 5700 5706 5702 5692
5779 5804 5817 5828 5856 5878 5894 5906 5904 5921 5933 5945 5954 5954 5945 5946 5944 5941 5928 5914 5889 5869 5855 5843 5832 5825 5816 5802 5790 5791 5803 5807 5801 5788 5779 5769 5769 5772 5770 5774 5779 5768 5750 5750 5759 5763 5773 5787 5795 5799 5802 5807 5816 5823 5827 5831 5838 5848 5837 5819 5816 5828 5832 5833 5839 5848 5859 5859 5846 5830 5810 5795 5783 5771 5758 5741 5715 5706 5692 5683 5693 5694 5692 5686
5758 5770 5780 5793 5817 5843 5865 5885 5901 5909 5925 5941 5954 5963 5953 5943 5942 5936 5918 5898 5881 5866 5853 5843 5824 5812 5796 5785 5773 5780 5790 5791 5786 5775 5769 5769 5772 5773 5769 5768 5770 5746 5744 5746 5752 5760 5772 5782 5789 5793 5798 5804 5815 5823 5825 5827 5834 5842 5834 5821 5818 5832 5838 5838 5841 5848 5857 5845 5822 5797 5782 5769 5758 5747 5737 5726 5721 5697 5682 5679 5683 5685 5685 5684
5755 5753 5758 5769 5789 5815 5839 5861 5881 5892 5910 5929 5944 5943 5928 5927 5923 5917 5896 5880 5868 5859 5850 5843 5828 5814 5801 5787 5772 5769 5778 5782 5774 5761 5760 5770 5778 5775 5769 5756 5744 5737 5736 5741 5753 5759 5771 5776 5782 5787 5793 5798 5806 5811 5811 5815 5820 5823 5821 5817 5821 5829 5833 5831 5832 5834 5835 5812 5775 5757 5751 5744 5736 5727 5716 5707 5701 5689 5681 5678 5675 5675 5681 5684
5735 5740 5742 5746 5768 5794 5818 5839 5855 5875 5892 5909 5924 5913 5898 5904 5898 5883 5867 5859 5856 5850 5845 5843 5833 5822 5813 5800 5782 5771 5771 5773 5766 5755 5757 5773 5791 5779 5755 5742 5735 5732 5735 5742 5750 5756 5763 5769 5775 5782 5789 5794 5795 5799 5797 5803 5805 5804 5803 5809 5816 5824 5827 5823 5817 5810 5796 5767 5744 5732 5727 5721 5715 5706 5697 5685 5677 5678 5678 5682 5676 5675 5681 5685
5732 5733 5738 5743 5762 5785 5808 5827 5846 5858 5873 5886 5896 5898 5898 5897 5882 5869 5861 5856 5850 5843 5837 5836 5832 5824 5817 5806 5786 5772 5767 5765 5761 5756 5761 5777 5794 5766 5745 5740 5738 5733 5737 5744 5751 5757 5759 5764 5769 5774 5780 5785 5789 5795 5792 5795 5796 5794 5794 5801 5808 5810 5811 5811 5801 5787 5767 5743 5727 5714 5708 5703 5697 5692 5684 5675 5669 5672 5677 5691 5684 5683 5684 5686
5734 5738 5744 5748 5763 5782 5799 5818 5832 5846 5857 5866 5879 5894 5905 5890 5869 5859 5861 5857 5848 5838 5829 5823 5820 5814 5810 5803 5793 5771 5764 5760 5759 5760 5766 5781 5790 5752 5737 5738 5737 5735 5736 5744 5752 5760 5757 5758 5763 5768 5772 5777 5782 5784 5790 5791 5792 5793 5793 5796 5797 5800 5801 5797 5786 5770 5750 5729 5706 5693 5690 5687 5685 5682 5677 5673 5670 5670 5671 5678 5683 5684 5686 5688
5738 5743 5751 5763 5773 5780 5793 5807 5822 5837 5848 5852 5857 5894 5925 5897 5869 5863 5865 5855 5843 5834 5826 5814 5805 5799 5799 5796 5789 5780 5766 5761 5759 5762 5767 5771 5779 5744 5737 5735 5733 5733 5734 5744 5752 5758 5753 5755 5759 5763 5768 5773 5778 5780 5786 5788 5791 5794 5797 5792 5790 5793 5795 5788 5775 5757 5738 5714 5687 5676 5676 5675 5675 5673 5671 5668 5670 5671 5672 5675 5682 5688 5689 5691
5715 5737 5749 5760 5767 5775 5788 5804 5821 5836 5849 5854 5857 5900 5936 5904 5875 5865 5870 5848 5835 5828 5820 5803 5795 5790 5789 5784 5781 5774 5766 5760 5760 5761 5760 5766 5756 5744 5738 5729 5732 5733 5732 5743 5753 5755 5751 5755 5758 5760 5761 5767 5772 5781 5784 5787 5790 5791 5787 5787 5783 5782 5787 5780 5765 5747 5725 5703 5669 5663 5663 5665 5669 5668 5669 5671 5673 5673 5673 5677 5681 5688 5691 5693
5721 5734 5740 5741 5747 5765 5783 5800 5821 5841 5862 5881 5895 5913 5928 5906 5875 5869 5850 5832 5827 5816 5809 5793 5788 5785 5781 5775 5770 5769 5765 5762 5761 5762 5766 5751 5734 5744 5745 5744 5736 5733 5738 5745 5752 5754 5756 5757 5758 5759 5763 5765 5769 5776 5783 5788 5791 5792 5792 5789 5784 5782 5781 5774 5761 5743 5721 5695 5665 5658 5659 5662 5664 5667 5670 5673 5683 5688 5704 5681 5675 5678 5686 5697
5720 5731 5734 5736 5744 5758 5778 5801 5827 5849 5876 5907 5928 5922 5920 5906 5893 5886 5877 5856 5828 5803 5778 5782 5782 5783 5773 5768 5761 5760 5763 5761 5760 5759 5755 5737 5725 5731 5741 5736 5737 5736 5739 5742 5750 5753 5755 5757 5757 5757 5758 5762 5765 5773 5786 5792 5793 5794 5794 5793 5791 5788 5784 5769 5752 5735 5719 5698 5660 5660 5662 5664 5667 5668 5668 5674 5688 5707 5594 5645 5668 5678 5688 5696
5729 5738 5732 5729 5732 5752 5778 5806 5836 5862 5886 5907 5921 5917 5911 5903 5902 5893 5885 5861 5828 5803 5783 5776 5774 5767 5761 5751 5755 5752 5752 5755 5754 5752 5745 5728 5707 5717 5728 5738 5738 5737 5739 5745 5748 5757 5757 5756 5756 5757 5757 5758 5758 5768 5782 5790 5794 5797 5798 5798 5795 5788 5778 5761 5743 5725 5709 5690 5679 5673 5670 5669 5668 5669 5670 5672 5679 5680 5726 5672 5675 5684 5693 5703
5730 5736 5728 5724 5732 5753 5784 5817 5846 5872 5895 5911 5918 5912 5907 5900 5896 5886 5871 5843 5821 5799 5785 5777 5769 5762 5755 5745 5738 5741 5746 5748 5748 5746 5738 5722 5709 5706 5708 5729 5739 5737 5739 5748 5748 5754 5755 5755 5755 5756 5756 5755 5757 5771 5785 5789 5796 5800 5803 5800 5790 5773 5762 5746 5728 5712 5696 5685 5690 5684 5678 5674 5673 5671 5670 5671 5673 5671 5673 5679 5683 5692 5700 5704
5731 5726 5723 5721 5727 5757 5801 5837 5864 5889 5905 5915 5920 5913 5908 5898 5883 5871 5854 5836 5815 5792 5787 5776 5765 5755 5752 5756 5749 5741 5742 5743 5743 5742 5737 5723 5715 5707 5708 5724 5735 5737 5744 5742 5748 5755 5754 5754 5755 5752 5753 5755 5761 5776 5788 5792 5796 5800 5803 5798 5780 5760 5742 5726 5712 5698 5686 5682 5681 5681 5679 5677 5675 5674 5673 5672 5672 5672 5673 5679 5687 5698 5704 5703
5745 5718 5732 5737 5719 5782 5835 5868 5889 5908 5920 5931 5925 5916 5905 5890 5876 5858 5831 5827 5805 5788 5777 5772 5765 5755 5750 5752 5754 5745 5737 5740 5740 5737 5731 5722 5712 5704 5711 5715 5723 5730 5736 5731 5738 5749 5761 5762 5765 5758 5760 5762 5772 5779 5785 5791 5793 5794 5795 5786 5767 5741 5719 5706 5697 5688 5679 5677 5677 5678 5678 5678 5677 5676 5674 5673 5673 5672 5674 5679 5684 5689 5691 5695
5792 5754 5774 5812 5847 5879 5891 5910 5919 5927 5933 5948 5933 5922 5912 5902 5873 5858 5825 5802 5794 5778 5775 5775 5770 5766 5765 5764 5757 5747 5742 5743 5738 5732 5724 5715 5703 5698 5704 5709 5715 5721 5724 5725 5734 5751 5770 5789 5777 5773 5776 5782 5777 5781 5784 5786 5785 5782 5781 5781 5750 5731 5698 5688 5687 5683 5678 5675 5673 5674 5675 5676 5677 5678 5678 5676 5673 5672 5674 5677 5680 5682 5685 5690
5867 5831 5859 5906 5967 5968 5944 5936 5938 5943 5936 5928 5929 5923 5917 5906 5878 5859 5824 5822 5819 5806 5795 5782 5775 5771 5774 5779 5761 5755 5755 5749 5738 5729 5720 5707 5697 5701 5708 5709 5707 5713 5720 5719 5716 5740 5755 5770 5776 5778 5787 5794 5786 5782 5777 5780 5773 5761 5746 5724 5708 5696 5686 5682 5681 5682 5682 5674 5670 5673 5674 5675 5677 5678 5679 5677 5674 5673 5675 5677 5679 5682 5686 5692
5949 5986 5965 5974 5992 5989 5971 5957 5957 5954 5950 5947 5934 5925 5915 5907 5884 5876 5843 5849 5845 5822 5802 5789 5780 5775 5773 5776 5773 5766 5762 5753 5739 5724 5718 5716 5710 5712 5719 5715 5705 5707 5707 5709 5726 5727 5737 5751 5773 5788 5786 5787 5788 5783 5776 5774 5761 5741 5714 5681 5678 5675 5673 5674 5676 5679 5681 5673 5670 5671 5674 5675 5676 5677 5677 5677 5675 5675 5675 5677 5679 5682 5687 5693
5983 6019 6021 6011 6003 5993 5983 5973 5971 5967 5968 5961 5943 5927 5908 5889 5885 5871 5861 5854 5839 5814 5805 5795 5785 5776 5773 5775 5773 5764 5773 5755 5742 5732 5728 5727 5724 5718 5718 5714 5705 5703 5705 5705 5717 5725 5734 5752 5765 5777 5782 5785 5789 5788 5779 5769 5751 5728 5701 5678 5677 5681 5670 5671 5673 5673 5673 5674 5674 5673 5674 5675 5676 5676 5677 5677 5677 5676 5677 5677 5679 5681 5684 5691
5983 6000 6026 6022 6011 5996 5989 5984 5983 5978 5972 5960 5949 5931 5912 5894 5888 5875 5867 5854 5840 5823 5812 5802 5792 5782 5778 5775 5772 5779 5765 5753 5747 5740 5740 5744 5725 5721 5715 5709 5702 5702 5704 5709 5720 5728 5735 5736 5746 5762 5778 5783 5791 5797 5805 5784 5748 5722 5699 5680 5677 5674 5670 5671 5670 5669 5668 5671 5675 5676 5675 5675 5675 5676 5676 5677 5677 5676 5677 5678 5680 5682 5685 5694
5980 5998 6022 6020 6010 6000 5993 5987 5985 5984 5983 5970 5954 5938 5923 5910 5898 5895 5876 5862 5850 5833 5821 5811 5801 5791 5772 5778 5779 5781 5768 5761 5752 5747 5745 5743 5734 5722 5722 5720 5704 5702 5704 5707 5714 5718 5717 5722 5728 5744 5770 5794 5795 5795 5794 5772 5741 5719 5701 5688 5681 5672 5665 5667 5668 5669 5669 5670 5671 5673 5673 5674 5674 5676 5676 5676 5676 5673 5676 5678 5680 5683 5687 5697
5984 6003 6011 6011 6004 5992 5990 5987 5984 5983 5976 5969 5956 5943 5933 5920 5904 5887 5870 5861 5853 5841 5827 5817 5809 5802 5787 5785 5787 5777 5771 5764 5755 5749 5748 5741 5733 5726 5727 5719 5707 5707 5712 5706 5723 5727 5720 5729 5720 5726 5749 5780 5783 5784 5777 5756 5732 5715 5701 5693 5683 5671 5664 5668 5668 5669 5667 5670 5674 5672 5672 5672 5672 5673 5674 5674 5673 5674 5675 5677 5679 5683 5689 5695
5995 6017 6020 6010 6004 5997 5991 5986 5980 5976 5980 5965 5952 5943 5930 5913 5886 5862 5857 5854 5845 5833 5825 5820 5817 5813 5804 5800 5790 5781 5774 5764 5764 5758 5761 5759 5747 5733 5720 5713 5705 5714 5727 5733 5728 5735 5740 5747 5724 5724 5737 5745 5763 5771 5772 5761 5730 5708 5696 5688 5675 5669 5664 5668 5668 5667 5666 5667 5666 5667 5670 5672 5671 5669 5672 5674 5675 5676 5675 5676 5678 5681 5685 5689
5985 6018 6026 6029 6018 6000 5989 5980 5970 5961 5944 5949 5945 5940 5930 5923 5906 5879 5863 5853 5836 5824 5820 5819 5819 5825 5828 5814 5798 5793 5788 5784 5779 5779 5780 5783 5765 5738 5717 5723 5727 5729 5729 5726 5725 5720 5723 5745 5753 5737 5733 5734 5746 5754 5761 5760 5714 5695 5686 5680 5675 5671 5667 5669 5670 5668 5667 5667 5667 5670 5672 5673 5672 5672 5674 5676 5675 5674 5674 5675 5677 5678 5678 5678
5974 5997 6066 6059 6036 6008 5992 5982 5968 5953 5938 5937 5937 5938 5946 5934 5905 5888 5876 5862 5842 5817 5812 5810 5811 5815 5820 5815 5804 5812 5804 5789 5781 5782 5793 5795 5772 5740 5740 5741 5737 5732 5727 5727 5717 5715 5722 5730 5729 5731 5732 5732 5733 5734 5730 5715 5677 5676 5677 5680 5679 5676 5671 5672 5672 5671 5670 5669 5670 5674 5676 5675 5676 5676 5675 5675 5673 5672 5673 5674 5674 5674 5673 5671
5966 5956 5935 6059 6045 6014 5992 5978 5964 5951 5935 5930 5926 5926 5925 5915 5898 5891 5881 5862 5842 5817 5808 5804 5803 5801 5811 5823 5834 5841 5822 5801 5790 5795 5808 5813 5790 5762 5745 5739 5729 5720 5716 5712 5702 5708 5721 5722 5719 5727 5732 5727 5721 5712 5698 5670 5666 5668 5674 5680 5688 5683 5678 5678 5676 5673 5672 5673 5673 5675 5676 5676 5676 5676 5676 5675 5673 5673 5673 5673 5673 5672 5670 5669
5982 5992 6052 6074 6050 6022 6000 5983 5970 5959 5944 5925 5912 5903 5896 5897 5892 5886 5876 5851 5840 5814 5806 5801 5798 5798 5809 5820 5844 5853 5842 5826 5799 5811 5826 5831 5797 5769 5742 5729 5720 5715 5712 5706 5700 5697 5703 5707 5710 5719 5731 5722 5710 5696 5680 5663 5664 5673 5678 5681 5686 5687 5685 5683 5682 5674 5676 5678 5677 5678 5678 5678 5676 5676 5676 5677 5674 5674 5674 5673 5673 5671 5669 5666
6012 6033 6056 6055 6037 6013 5993 5980 5970 5960 5942 5922 5900 5880 5877 5878 5876 5871 5856 5833 5823 5812 5805 5798 5793 5793 5806 5815 5831 5853 5847 5828 5828 5833 5844 5845 5814 5772 5740 5729 5723 5716 5713 5709 5702 5698 5696 5694 5696 5710 5714 5710 5698 5684 5671 5670 5679 5684 5689 5689 5689 5691 5693 5699 5704 5699 5692 5688 5684 5680 5682 5680 5676 5676 5677 5677 5678 5676 5674 5674 5673 5673 5672 5670
