real_craters/C214-750m.grd
DSAA
520 520
-194.4425 194.4425
-194.4425 194.4425
2864.5307277388 7477.1590161491
[rows 380 to 417 of 520, columns 0 to 83 of 520]
5457 5458 5460 5461 5462 5465 5470 5477 5484 5480 5481 5487 5481 5482 5489 5497 5507 5519 5529 5542 5555 5571 5575 5572 5568 5566 5576 5579 5598 5610 5608 5616 5639 5645 5645 5668 5678 5691 5730 5759 5685 5607 5537 5471 5400 5370 5399 5409 5432 5438 5441 5439 5434 5427 5419 5405 5353 5312 5312 5317 5362 5455 5549 5593 5582 5577 5579 5596 5619 5646 5662 5654 5652 5621 5582 5546 5532 5524 5513 5507 5517 5531 5534 5540
5463 5457 5458 5464 5461 5460 5463 5470 5477 5486 5484 5473 5491 5484 5487 5489 5498 5509 5520 5533 5555 5561 5558 5549 5544 5526 5541 5578 5584 5576 5584 5602 5603 5615 5605 5620 5654 5690 5725 5716 5610 5507 5439 5393 5358 5345 5364 5371 5370 5381 5385 5383 5377 5370 5359 5336 5287 5242 5236 5238 5256 5353 5467 5544 5531 5539 5559 5580 5612 5644 5665 5665 5663 5630 5592 5559 5545 5539 5535 5542 5531 5547 5538 5518
5448 5441 5433 5445 5450 5451 5456 5460 5478 5486 5487 5485 5482 5485 5488 5495 5498 5505 5515 5520 5527 5539 5536 5527 5526 5491 5477 5553 5550 5496 5550 5580 5579 5605 5601 5611 5650 5689 5715 5636 5506 5379 5331 5334 5343 5362 5361 5363 5340 5338 5337 5334 5324 5309 5291 5267 5232 5201 5192 5182 5184 5261 5342 5373 5432 5468 5507 5551 5592 5633 5666 5671 5665 5636 5604 5575 5562 5558 5562 5543 5532 5520 5509 5524
5414 5422 5423 5430 5440 5439 5437 5442 5456 5461 5476 5484 5477 5480 5489 5497 5503 5508 5515 5524 5531 5527 5519 5519 5507 5468 5422 5476 5509 5526 5565 5581 5578 5590 5584 5598 5653 5646 5604 5503 5408 5304 5277 5298 5326 5352 5346 5326 5309 5300 5292 5281 5269 5252 5229 5210 5199 5186 5176 5167 5161 5195 5234 5255 5319 5392 5453 5511 5565 5616 5657 5671 5661 5639 5612 5587 5573 5569 5565 5554 5513 5513 5509 5494
5414 5411 5417 5438 5442 5434 5427 5426 5424 5436 5455 5466 5464 5478 5492 5504 5514 5514 5510 5514 5506 5461 5488 5509 5487 5439 5392 5457 5532 5558 5583 5592 5587 5572 5574 5617 5651 5578 5488 5410 5353 5291 5274 5285 5303 5329 5319 5297 5283 5266 5252 5239 5226 5210 5186 5176 5184 5183 5174 5166 5158 5163 5175 5183 5248 5324 5395 5469 5534 5595 5644 5671 5660 5637 5614 5597 5584 5569 5559 5545 5532 5519 5514 5480
5403 5409 5418 5449 5446 5437 5422 5418 5414 5415 5433 5446 5454 5473 5498 5526 5542 5525 5497 5462 5464 5465 5465 5463 5459 5423 5365 5427 5510 5537 5567 5574 5564 5532 5560 5641 5642 5511 5390 5351 5338 5316 5286 5267 5259 5265 5254 5260 5252 5223 5210 5200 5192 5181 5167 5164 5171 5174 5172 5169 5156 5152 5153 5156 5200 5267 5344 5424 5501 5574 5634 5667 5662 5640 5620 5606 5587 5545 5560 5595 5503 5519 5525 5492
5420 5419 5426 5436 5443 5446 5438 5437 5421 5406 5416 5426 5447 5475 5502 5509 5537 5518 5490 5467 5462 5463 5462 5457 5451 5427 5362 5384 5441 5498 5528 5542 5538 5526 5576 5623 5547 5441 5394 5360 5343 5328 5284 5241 5200 5150 5105 5112 5145 5161 5166 5167 5165 5161 5162 5161 5164 5167 5166 5162 5149 5149 5151 5156 5168 5229 5310 5394 5479 5558 5627 5665 5660 5637 5609 5569 5512 5474 5427 5486 5534 5528 5509 5509
5416 5412 5405 5418 5429 5440 5435 5424 5420 5417 5417 5422 5443 5513 5536 5548 5496 5503 5486 5463 5466 5472 5465 5458 5453 5446 5369 5359 5441 5479 5505 5509 5514 5544 5577 5630 5470 5404 5390 5350 5329 5315 5262 5210 5153 5093 5059 5054 5072 5107 5128 5140 5144 5144 5147 5151 5161 5164 5161 5154 5144 5146 5160 5157 5153 5207 5286 5376 5467 5552 5624 5674 5657 5633 5605 5563 5507 5441 5354 5338 5451 5501 5511 5508
5404 5402 5398 5407 5417 5420 5420 5413 5407 5403 5418 5438 5479 5502 5538 5552 5538 5514 5493 5476 5476 5471 5471 5467 5489 5459 5388 5360 5439 5467 5451 5463 5471 5501 5559 5558 5436 5405 5382 5349 5309 5262 5236 5189 5130 5069 5028 5029 5047 5080 5108 5126 5136 5135 5123 5140 5153 5163 5162 5157 5150 5151 5188 5211 5168 5199 5277 5370 5462 5547 5619 5652 5636 5622 5606 5589 5562 5482 5397 5407 5481 5513 5503 5500
5392 5392 5395 5403 5410 5408 5409 5412 5402 5400 5408 5456 5520 5565 5594 5587 5631 5509 5491 5498 5500 5506 5476 5492 5479 5479 5412 5367 5421 5459 5442 5435 5439 5467 5622 5520 5421 5410 5388 5369 5334 5289 5240 5181 5118 5058 5016 5021 5037 5063 5092 5119 5138 5148 5147 5161 5178 5176 5172 5163 5158 5158 5209 5239 5171 5201 5277 5366 5461 5549 5619 5624 5612 5609 5605 5601 5596 5527 5468 5503 5507 5492 5494 5506
5384 5384 5387 5400 5410 5405 5401 5399 5400 5407 5414 5470 5528 5494 5282 5252 5278 5388 5465 5504 5522 5509 5486 5478 5475 5484 5433 5381 5413 5468 5438 5434 5441 5495 5645 5536 5432 5427 5403 5366 5349 5325 5255 5184 5116 5056 5013 5016 5038 5065 5094 5123 5151 5177 5201 5193 5196 5191 5187 5183 5170 5165 5205 5238 5202 5214 5277 5369 5467 5563 5633 5630 5608 5600 5595 5587 5570 5552 5558 5544 5522 5486 5482 5532
5382 5381 5376 5395 5410 5406 5396 5394 5394 5403 5418 5502 5457 5246 5017 4951 5025 5287 5485 5577 5567 5521 5485 5477 5478 5494 5458 5405 5416 5486 5471 5449 5468 5553 5604 5537 5445 5409 5393 5352 5346 5323 5254 5182 5114 5055 5017 5021 5040 5069 5099 5132 5165 5196 5213 5207 5197 5199 5198 5196 5182 5165 5184 5208 5201 5204 5266 5364 5477 5579 5656 5640 5615 5601 5588 5575 5567 5547 5530 5543 5539 5540 5506 5567
5379 5381 5379 5390 5400 5400 5394 5391 5390 5397 5420 5539 5400 5073 4898 4932 5059 5300 5558 5681 5626 5544 5492 5488 5497 5510 5485 5438 5435 5527 5368 5431 5490 5553 5611 5537 5406 5391 5375 5326 5314 5304 5241 5175 5111 5056 5022 5024 5046 5075 5110 5142 5177 5207 5227 5216 5207 5207 5205 5203 5198 5197 5191 5195 5185 5163 5246 5358 5479 5596 5673 5659 5636 5604 5582 5562 5534 5522 5525 5526 5527 5530 5512 5517
5376 5376 5380 5388 5395 5389 5383 5384 5386 5402 5436 5474 5356 5118 4911 4936 5087 5334 5587 5701 5651 5568 5513 5501 5509 5526 5512 5456 5433 5538 5489 5542 5553 5568 5581 5512 5376 5348 5339 5301 5282 5257 5219 5172 5116 5057 5023 5031 5059 5100 5132 5159 5188 5209 5222 5222 5219 5212 5209 5210 5211 5210 5213 5208 5193 5166 5223 5346 5482 5609 5702 5672 5632 5607 5584 5562 5540 5533 5540 5512 5497 5514 5530 5557
5372 5375 5378 5384 5389 5392 5384 5387 5393 5406 5427 5432 5375 5264 5139 4998 5109 5375 5603 5685 5643 5571 5500 5499 5508 5564 5559 5426 5417 5509 5552 5580 5532 5508 5464 5443 5355 5327 5303 5266 5220 5202 5184 5156 5118 5069 5028 5039 5087 5120 5147 5169 5188 5209 5221 5228 5225 5213 5207 5209 5222 5229 5233 5225 5197 5147 5206 5338 5485 5617 5702 5676 5646 5609 5582 5566 5555 5537 5501 5506 5507 5518 5563 5598
5366 5371 5375 5381 5383 5380 5382 5390 5406 5403 5422 5448 5430 5403 5374 5287 5317 5446 5591 5647 5614 5565 5525 5505 5556 5523 5285 5295 5395 5537 5575 5501 5467 5455 5413 5380 5332 5306 5275 5233 5175 5173 5170 5161 5152 5144 5137 5135 5162 5163 5165 5172 5187 5200 5203 5200 5206 5203 5205 5212 5231 5263 5270 5249 5213 5169 5217 5344 5485 5621 5694 5658 5621 5588 5571 5562 5559 5553 5520 5509 5505 5520 5540 5574
5364 5369 5379 5381 5383 5384 5390 5391 5394 5402 5413 5419 5460 5515 5543 5555 5502 5509 5530 5570 5573 5544 5517 5506 5536 5428 5080 5197 5393 5541 5565 5542 5525 5497 5471 5385 5351 5326 5273 5225 5187 5169 5169 5173 5186 5238 5349 5360 5240 5194 5178 5179 5184 5191 5188 5163 5173 5196 5204 5213 5227 5250 5305 5257 5227 5209 5243 5363 5494 5623 5681 5643 5599 5571 5559 5552 5549 5551 5537 5513 5505 5509 5520 5547
5363 5369 5376 5382 5382 5387 5388 5389 5396 5402 5404 5420 5454 5502 5542 5547 5548 5554 5589 5566 5537 5507 5493 5509 5531 5484 5204 5260 5432 5556 5560 5559 5557 5529 5490 5378 5315 5300 5247 5227 5203 5187 5183 5184 5195 5220 5282 5268 5220 5206 5195 5188 5185 5184 5196 5227 5215 5201 5197 5204 5216 5215 5193 5217 5232 5242 5303 5388 5501 5613 5681 5648 5591 5549 5543 5538 5529 5518 5514 5507 5501 5505 5515 5528
5364 5370 5380 5384 5383 5382 5389 5389 5395 5407 5415 5424 5427 5434 5487 5480 5513 5544 5555 5549 5517 5484 5472 5499 5536 5554 5448 5440 5497 5546 5563 5574 5565 5539 5494 5386 5292 5269 5266 5243 5222 5206 5194 5191 5192 5197 5266 5239 5203 5204 5199 5195 5190 5187 5191 5191 5203 5206 5205 5206 5206 5210 5213 5212 5238 5276 5315 5394 5505 5609 5705 5660 5597 5551 5535 5527 5517 5504 5500 5500 5500 5508 5517 5522
5367 5374 5382 5387 5390 5386 5389 5402 5408 5418 5413 5407 5407 5406 5425 5442 5476 5521 5555 5536 5508 5482 5463 5487 5522 5533 5545 5535 5535 5536 5542 5556 5581 5547 5480 5379 5316 5287 5274 5238 5222 5213 5204 5198 5196 5199 5208 5229 5232 5214 5206 5199 5194 5191 5195 5202 5206 5211 5213 5210 5207 5207 5204 5211 5242 5269 5275 5385 5509 5634 5694 5660 5604 5562 5538 5525 5516 5511 5497 5495 5503 5518 5518 5523
5374 5380 5386 5391 5393 5395 5402 5414 5414 5396 5396 5391 5397 5407 5411 5415 5437 5466 5541 5503 5499 5496 5491 5490 5503 5533 5539 5537 5534 5539 5526 5511 5570 5559 5494 5408 5357 5289 5233 5216 5211 5211 5207 5201 5200 5206 5207 5214 5212 5215 5210 5204 5199 5199 5204 5209 5213 5215 5215 5212 5204 5193 5188 5215 5246 5272 5311 5377 5511 5622 5674 5645 5597 5547 5534 5526 5518 5506 5488 5490 5492 5491 5517 5526
5386 5392 5395 5401 5404 5402 5405 5414 5408 5390 5391 5385 5391 5402 5406 5411 5411 5377 5337 5446 5489 5512 5516 5507 5498 5502 5510 5523 5520 5530 5570 5499 5604 5585 5526 5444 5320 5297 5236 5217 5212 5221 5210 5205 5201 5200 5211 5217 5226 5220 5214 5209 5204 5204 5211 5220 5219 5217 5216 5214 5210 5203 5194 5239 5251 5260 5256 5348 5510 5666 5664 5622 5587 5557 5540 5529 5520 5508 5495 5492 5492 5494 5514 5527
5386 5390 5392 5395 5410 5402 5396 5399 5394 5380 5384 5383 5385 5389 5401 5410 5422 5445 5460 5470 5495 5513 5527 5516 5508 5501 5506 5516 5519 5540 5572 5488 5629 5604 5556 5478 5386 5312 5251 5227 5220 5214 5212 5209 5203 5199 5212 5220 5222 5222 5217 5212 5209 5211 5216 5220 5225 5222 5215 5220 5220 5219 5218 5238 5246 5252 5249 5336 5490 5613 5598 5590 5572 5553 5542 5534 5529 5522 5498 5499 5505 5521 5529 5543
5379 5383 5387 5395 5411 5402 5392 5389 5386 5384 5382 5381 5387 5395 5403 5411 5434 5481 5513 5502 5510 5527 5532 5523 5512 5508 5508 5518 5518 5534 5560 5499 5603 5600 5594 5578 5438 5353 5275 5240 5227 5221 5217 5214 5213 5218 5222 5225 5228 5224 5220 5215 5212 5215 5228 5237 5238 5238 5238 5239 5240 5233 5224 5216 5237 5257 5282 5336 5456 5555 5560 5562 5556 5546 5536 5532 5531 5529 5502 5507 5516 5522 5540 5551
5380 5381 5382 5384 5397 5389 5389 5384 5384 5383 5382 5383 5389 5402 5415 5425 5433 5455 5477 5492 5509 5533 5537 5527 5519 5513 5513 5509 5518 5534 5545 5550 5530 5586 5602 5587 5506 5437 5348 5244 5232 5229 5222 5218 5219 5226 5229 5229 5228 5227 5224 5220 5218 5224 5236 5246 5251 5253 5257 5260 5263 5263 5256 5251 5244 5264 5294 5341 5418 5495 5536 5545 5541 5531 5523 5526 5524 5516 5520 5517 5524 5532 5541 5558
5377 5379 5380 5382 5384 5381 5380 5380 5384 5386 5385 5382 5384 5400 5425 5441 5436 5442 5453 5468 5486 5523 5538 5527 5518 5513 5511 5515 5525 5537 5545 5535 5473 5576 5606 5620 5634 5558 5412 5295 5262 5245 5228 5223 5225 5228 5231 5232 5232 5231 5229 5227 5226 5236 5246 5256 5263 5267 5272 5279 5287 5288 5274 5248 5253 5276 5299 5345 5407 5486 5538 5544 5539 5526 5513 5523 5525 5519 5502 5519 5535 5539 5529 5531
5378 5378 5379 5380 5379 5380 5379 5381 5386 5386 5383 5385 5388 5401 5413 5421 5420 5422 5427 5432 5438 5467 5528 5523 5515 5511 5517 5535 5553 5551 5549 5530 5444 5558 5600 5622 5651 5615 5471 5402 5316 5275 5240 5250 5241 5231 5233 5237 5237 5236 5239 5239 5238 5257 5289 5287 5278 5278 5285 5294 5308 5326 5301 5275 5289 5304 5321 5356 5456 5537 5556 5555 5544 5532 5524 5531 5535 5530 5522 5530 5551 5577 5562 5548
5379 5379 5379 5380 5382 5383 5382 5385 5387 5386 5385 5389 5396 5401 5414 5395 5384 5390 5400 5403 5406 5433 5513 5519 5513 5512 5521 5533 5543 5546 5545 5536 5459 5547 5590 5588 5573 5607 5571 5491 5354 5345 5338 5336 5283 5246 5249 5252 5253 5254 5250 5255 5268 5278 5307 5301 5287 5278 5290 5310 5324 5323 5325 5311 5338 5358 5372 5413 5520 5559 5566 5560 5553 5548 5551 5545 5549 5544 5535 5539 5547 5549 5543 5541
5376 5378 5379 5381 5382 5381 5383 5385 5386 5379 5377 5381 5387 5391 5388 5388 5385 5391 5392 5395 5396 5412 5451 5503 5512 5512 5518 5524 5530 5536 5538 5538 5486 5528 5596 5591 5583 5600 5642 5552 5408 5447 5518 5476 5394 5334 5302 5287 5274 5267 5258 5265 5281 5281 5262 5302 5312 5284 5311 5343 5354 5356 5367 5387 5404 5427 5455 5513 5553 5560 5566 5564 5559 5554 5548 5548 5541 5544 5547 5546 5544 5540 5534 5534
5382 5380 5379 5380 5385 5385 5384 5383 5379 5374 5372 5373 5375 5382 5382 5383 5382 5380 5388 5393 5396 5404 5439 5487 5510 5516 5521 5526 5533 5535 5537 5539 5513 5489 5609 5612 5597 5597 5599 5589 5514 5523 5573 5551 5547 5439 5365 5331 5302 5268 5271 5274 5277 5311 5341 5363 5384 5404 5396 5405 5411 5409 5421 5430 5465 5507 5529 5558 5570 5574 5572 5568 5562 5558 5554 5551 5552 5553 5553 5547 5534 5524 5518 5524
5384 5380 5380 5380 5382 5381 5380 5386 5372 5368 5369 5372 5381 5385 5382 5386 5384 5384 5389 5394 5399 5409 5456 5497 5514 5521 5526 5537 5543 5542 5545 5552 5538 5465 5610 5617 5629 5628 5582 5550 5552 5532 5510 5504 5501 5456 5409 5378 5354 5332 5330 5318 5303 5369 5426 5444 5464 5479 5478 5468 5473 5484 5478 5483 5526 5576 5576 5578 5583 5584 5580 5575 5570 5563 5555 5559 5573 5568 5558 5547 5535 5519 5508 5513
5374 5376 5379 5384 5379 5378 5381 5375 5368 5367 5369 5373 5383 5394 5403 5395 5389 5388 5391 5395 5402 5428 5464 5504 5529 5540 5524 5538 5554 5552 5552 5556 5559 5537 5565 5589 5621 5635 5583 5534 5527 5519 5506 5499 5488 5465 5441 5424 5417 5431 5425 5409 5408 5442 5471 5502 5526 5555 5529 5513 5514 5520 5529 5553 5603 5609 5600 5591 5592 5590 5585 5579 5575 5573 5572 5575 5578 5571 5564 5558 5553 5540 5523 5516
5370 5371 5372 5371 5372 5373 5363 5362 5367 5356 5367 5376 5389 5401 5405 5402 5396 5397 5401 5405 5411 5495 5551 5548 5551 5541 5537 5546 5554 5561 5557 5558 5565 5579 5523 5562 5617 5619 5601 5567 5532 5519 5509 5499 5486 5481 5470 5463 5461 5467 5470 5480 5511 5524 5550 5542 5549 5555 5549 5537 5534 5544 5565 5595 5625 5624 5611 5599 5592 5590 5588 5585 5582 5579 5579 5577 5564 5569 5570 5568 5567 5553 5533 5521
5366 5367 5366 5363 5364 5368 5369 5368 5372 5374 5372 5376 5386 5396 5406 5405 5402 5401 5424 5446 5471 5544 5556 5558 5556 5550 5559 5563 5566 5566 5569 5565 5564 5593 5540 5558 5626 5621 5620 5574 5537 5525 5518 5503 5507 5520 5503 5491 5486 5488 5490 5485 5496 5522 5544 5547 5547 5553 5553 5549 5540 5557 5588 5617 5632 5622 5619 5613 5598 5596 5593 5589 5586 5583 5582 5575 5569 5571 5576 5584 5579 5564 5547 5540
5365 5366 5366 5364 5365 5367 5369 5369 5374 5373 5377 5383 5388 5397 5407 5412 5417 5434 5464 5496 5544 5557 5566 5564 5562 5566 5565 5562 5565 5575 5566 5568 5566 5597 5598 5571 5639 5616 5601 5604 5570 5546 5545 5542 5542 5530 5525 5515 5500 5489 5481 5483 5492 5498 5516 5534 5539 5546 5557 5564 5574 5585 5609 5633 5650 5636 5624 5626 5616 5604 5598 5595 5592 5589 5587 5588 5579 5573 5574 5580 5579 5567 5561 5560
5368 5369 5369 5366 5367 5370 5371 5373 5373 5377 5380 5386 5399 5405 5413 5423 5436 5472 5496 5514 5538 5552 5556 5562 5561 5553 5528 5539 5573 5560 5583 5584 5579 5601 5624 5575 5643 5622 5618 5623 5606 5583 5583 5591 5583 5562 5550 5535 5519 5500 5481 5489 5503 5504 5522 5542 5542 5548 5569 5585 5604 5610 5621 5636 5653 5621 5620 5631 5607 5606 5606 5603 5600 5594 5589 5584 5577 5569 5563 5556 5552 5555 5561 5572
5372 5374 5375 5373 5376 5379 5383 5382 5368 5380 5385 5394 5407 5428 5427 5431 5449 5482 5495 5510 5525 5553 5554 5556 5558 5560 5535 5515 5528 5568 5596 5602 5602 5621 5635 5592 5616 5615 5622 5628 5618 5609 5613 5626 5622 5596 5575 5558 5542 5525 5504 5518 5550 5583 5582 5577 5578 5582 5590 5602 5608 5618 5624 5626 5619 5610 5618 5623 5620 5620 5616 5612 5605 5598 5588 5577 5569 5559 5549 5542 5535 5535 5546 5551
5375 5380 5385 5395 5397 5397 5395 5392 5382 5385 5388 5395 5403 5400 5421 5436 5451 5475 5488 5507 5527 5537 5541 5545 5551 5556 5559 5559 5570 5584 5603 5593 5601 5619 5621 5611 5550 5595 5614 5618 5616 5618 5626 5636 5633 5614 5594 5580 5571 5567 5579 5597 5606 5627 5625 5612 5611 5611 5613 5619 5628 5627 5626 5621 5610 5602 5623 5620 5615 5628 5619 5611 5604 5598 5591 5578 5564 5556 5539 5512 5488 5515 5532 5538
