real_craters/C214-1000m.grd
DSAA
223 223
-111.11 111.11
-111.11 111.11
4008.8316366097 7758.5162234701
[rows 150 to 179 of 223, columns 67 to 133 of 223]
6811.7 6726.38 6661.24 6589.5 6579.81 6690.39 6796.89 6807.04 6793.6 6776.17 6746.84 6656.66 6560.92 6463.99 6372.67 6295.88 6243.35 6273.03 6370.32 6437.75 6374.94 6230.64 6124.51 6020.27 5942.65 5941.41 5948.08 5910.68 5845.44 5772.1 5581.04 5380.47 5253.01 5186.85 5238.62 5314.11 5389.1 5461.14 5373.49 5260.98 5143.01 5110.94 5103.75 5096.77 5084.48 5052.26 5027.64 5041.74 5020.46 5007.54 5000.16 5007.8 4913.89 4986.73 5023.68 5082.82 5042.54 5021.05 5068.26 5143.42 5194.51 5219.98 5237.02 5301.41 5324.18 5323.72 5369.61
6799.89 6733.87 6711.45 6626 6535.92 6575.84 6637.46 6737.72 6790.89 6801.03 6775.26 6725.06 6635.81 6546 6430.52 6334.71 6265.2 6262.15 6288.43 6374.1 6444.36 6374.85 6240.88 6242.71 6147.75 6092.71 6077.15 6034.74 5942.1 5849.79 5668.8 5466.9 5345.66 5280.04 5313.56 5383.69 5452.48 5478.98 5468.07 5453.11 5337.68 5229.69 5216.06 5215.68 5198.12 5161.64 5137.66 5122.02 5074.67 5066.77 5036.06 5034.54 4992.37 5036.94 5119.11 5161.64 5145.01 5153.17 5201.85 5267.09 5332.16 5373.1 5400.66 5419.87 5425.24 5423.05 5500.35
6752.79 6768.34 6702.87 6607.46 6516.21 6544.91 6609.14 6690.47 6785.01 6883.08 6881.22 6787.81 6705.56 6621.6 6538.31 6426.61 6344.23 6323.61 6317.38 6315.32 6373.36 6504 6430.87 6285.21 6260.44 6221.42 6157.55 6084.84 5995.02 5845.88 5625.04 5461.73 5366.58 5337.06 5385.6 5453.9 5523.45 5583.31 5571.56 5593.41 5520.12 5431.69 5402.63 5382.06 5342.67 5306.18 5292.78 5247.29 5208.07 5164.05 5122.89 5074.52 5083.49 5116.18 5165.41 5228.59 5379.12 5432.18 5398.06 5426.58 5470.77 5514.57 5564.92 5549.79 5501.84 5541.22 5665.73
6686.41 6663.42 6641.36 6556.52 6485.97 6473.61 6534.61 6633.21 6754.12 6896.6 6908.66 6814.44 6756.74 6722.18 6708.04 6574.26 6401.6 6412.39 6330.97 6317.14 6361.05 6438.55 6542.9 6487.85 6387.59 6359.21 6324.32 6208.75 6079.15 5936.61 5750.5 5550.28 5424.5 5401.39 5462.9 5531.26 5597.97 5647.2 5663.75 5625.25 5659.56 5666.08 5642.67 5589.65 5529.46 5454.42 5412.79 5371.95 5325.3 5271.33 5212.99 5163.29 5177.14 5224.18 5311.06 5401.99 5461.39 5584.38 5563.97 5551.78 5583.83 5607.52 5634.34 5585.38 5566.62 5605.34 5640.3
6649.09 6645.14 6588.89 6510.29 6446.41 6414.63 6465.41 6563.08 6662.09 6761.04 6806.38 6779.51 6767.49 6766.1 6792.47 6730.22 6679.31 6599.02 6431.26 6357.1 6380.3 6432.82 6514.91 6610.68 6588.69 6485.23 6386 6295.96 6171.63 6053.21 5975.05 5740.06 5543.87 5505.58 5579.18 5643.65 5690.06 5728.43 5753.13 5793.27 5820.9 5860.45 5853.86 5800.73 5746.71 5698.84 5573.15 5547.4 5460.27 5382.11 5295.02 5305.59 5302.47 5375.74 5468.47 5497.85 5518.75 5608.25 5696.5 5719.11 5681.5 5670.08 5662.48 5647.94 5667.77 5729.72 5720.81
6639.45 6609.23 6577.19 6487.77 6429.36 6408.05 6439.71 6507.03 6567.13 6593.47 6676.48 6711.39 6738.83 6751.11 6730.95 6798.42 6856.9 6808.11 6598.11 6463.57 6506.1 6506.05 6568.53 6598.15 6642.65 6627.72 6592.82 6442.96 6279.41 6107.67 5886.5 5746.97 5688.56 5692.44 5730.53 5778.82 5812.48 5823.56 5837.45 5918.06 5971.07 6011.25 6010.56 5971.12 5925.19 5884.48 5718.73 5697.47 5638.77 5489.97 5366.8 5411.11 5500.54 5502.75 5603.33 5629.56 5632.34 5741.31 5748.82 5744.86 5729.23 5713.78 5700.89 5743.87 5737.16 5821.9 5835.74
6681.13 6617.59 6632.01 6502.72 6443.01 6400.29 6422.63 6478.25 6539.22 6589.55 6637.85 6666.16 6706.36 6750.7 6805.97 6833.59 6884.43 6846.77 6705.69 6572.76 6632.78 6603.48 6681.82 6682.71 6688.9 6729.26 6733.32 6578.22 6396.97 6219.88 6028.96 5872.62 5914.1 5911.23 5911.93 5937.32 5971.05 5989.55 5996.41 6062.99 6124.45 6144.77 6143.76 6081.74 6036.81 6001.18 5876.94 5802.89 5686.18 5557.75 5518.4 5615.8 5689.01 5701.41 5699.07 5679.77 5724 5782.16 5802.49 5758.64 5783.82 5801.75 5818.35 5890.82 5977.81 5990.53 6086.1
6735.74 6695.61 6673.55 6625.27 6491.62 6409.14 6421.66 6469.78 6534.77 6622.51 6609.27 6635.39 6670 6703.8 6741.31 6835.62 6916.18 6910.96 6823.18 6739.35 6788.59 6725.96 6709.72 6686.9 6744.29 6762.07 6768.62 6632.15 6486.52 6341.82 6197.23 6063.43 6101.48 6051.99 6089.64 6122.77 6163.62 6228.69 6331.09 6346.49 6293.37 6249.29 6182.12 6133.07 6068.07 6016.42 5959.74 5866.01 5715.45 5626.44 5653.18 5747.29 5856 5863.98 5822.36 5764.8 5774.67 5788.6 5814.26 5858.21 5908.4 5944.04 5956.65 6030.84 6039.73 6103.48 6139.18
6747.01 6740.92 6729.25 6690.81 6533.78 6433.5 6444.34 6480.88 6516.82 6548.13 6582.79 6612.25 6637.55 6655.7 6695.34 6810 6933.01 7011.71 6966.26 6832.61 6735.25 6695.41 6677.43 6691.41 6742.63 6736.32 6704.53 6655.23 6560.96 6462.42 6381.99 6289.43 6334.93 6300.09 6273.98 6301.82 6353.23 6426.21 6459.51 6470.18 6412.88 6338.7 6281.72 6195.56 6109.87 5988.83 5959.3 5871.56 5886.86 5840.46 5783.04 5777.43 5894.23 5885.59 5849.98 5827.58 5841.8 5836.59 5869.8 5969.65 6057.01 6120.63 6187.01 6194.58 6242.14 6209.32 6190.31
6752.36 6775.84 6737.6 6666.3 6566.4 6484.75 6494.51 6525.84 6550.5 6565.4 6586.93 6604.28 6617.86 6634.73 6665.49 6746.15 6868.32 7039.35 7083.83 6957.38 6901.87 6779.25 6681 6680.24 6702.27 6712.62 6717.32 6684.98 6617.37 6527.28 6453.1 6390.78 6378.57 6392.31 6416.56 6485.83 6548.98 6600.43 6634.45 6579.08 6521.2 6449.36 6364.88 6304.85 6245.99 6157.82 6038.89 6012.93 6079.6 6126.16 6061.01 5963.83 5962.12 5958.99 5955.32 5958.8 5988.09 5925.28 5931.56 6032.1 6135.12 6240.46 6291.12 6308.33 6274.86 6225.12 6227.45
6748.38 6750.69 6750.11 6704.64 6628.87 6578.36 6564.5 6584.04 6636.1 6641.21 6613.99 6607.06 6602.65 6594.51 6605.77 6650.06 6716.08 6835.63 7133.8 7242.33 7225.51 7129.4 6867.56 6790.79 6742.14 6728.65 6759.15 6772.55 6739.12 6653.78 6588.37 6502.89 6483.84 6447.74 6563.06 6652.94 6705.68 6730.88 6680.57 6671.16 6647.98 6580.01 6480.75 6420.25 6368.1 6291.47 6272.82 6214.53 6323.5 6489.97 6426.92 6318.49 6272.56 6245.85 6288.41 6304.5 6281.06 6209.97 6187.32 6234.22 6320.83 6445.92 6488.75 6463.43 6388.75 6363.71 6399.76
6754.98 6683.61 6661.77 6650.03 6658.01 6633.18 6603.22 6612.42 6643.42 6644.92 6622.11 6605.75 6592.78 6572.7 6572.56 6581.99 6609.96 6796.56 7226.74 7320.3 7346.1 7257.16 7144.82 7079.55 7030.7 7049.93 6980.12 6941.03 6907.31 6870.38 6829.22 6788.89 6818.24 6847.74 6843.22 6849.66 6865.01 6884.29 6905.52 6880.11 6834.95 6760.84 6678.43 6646.79 6612.39 6588.72 6676.63 6580.97 6568.25 6839.9 6714.12 6663.55 6622.57 6680.89 6770.3 6750.5 6604.35 6557.05 6590.85 6498.9 6466.77 6596.3 6642.32 6644.94 6688.5 6720.57 6771.02
6812.44 6714.02 6624.79 6581.31 6559.69 6578.2 6595.13 6614.42 6630.54 6632.08 6617.14 6600.93 6587.62 6579.97 6571.06 6570.36 6593 6738.3 7116.5 7320.93 7294.46 7402.48 7300.6 7186.24 7081.72 7080.95 7110.01 7092.47 7092.57 7059.08 7053.11 7110.95 7072.75 7077.62 7089.08 7023.66 6985.3 7004.81 7088.99 7141.34 7003.87 6925.51 6938.16 6909.02 6809.39 6867.4 6879.59 6736.76 6693.75 6720.12 6778.18 6829.14 6859.67 6927.56 6979.9 6884.42 6770.23 6729.57 6716.06 6608.7 6500.73 6651.83 6732.67 6780.91 6852.05 6911.42 6978.22
6791.46 6764.22 6615.76 6538.91 6506.5 6529.95 6572.09 6609.85 6652.72 6645.96 6619.77 6600.87 6578.31 6562.29 6572.58 6588.89 6626.64 6699.51 6947.98 7224.42 7287.18 7321.16 7425.77 7280.4 7081.67 7026.39 7117.38 7207.15 7306.23 7414.36 7437.56 7374.72 7282 7290.8 7246.74 7139.24 7052.91 7004.58 7049.91 7159.05 7050.54 6961.31 6898.17 6826.28 6808.27 6887.53 6878.14 6733.03 6720.31 6724.71 6756.26 6800.86 6836.98 6820 6873.72 6842.34 6784.46 6727.43 6691.89 6633.83 6595.89 6744.32 6794.85 6847.47 6889.4 6918.03 6957.66
6723.98 6728.02 6587.78 6521.27 6484.96 6511.25 6559.48 6602.74 6622.91 6653.78 6643.14 6625.13 6586.36 6557.02 6591.04 6622.38 6656.09 6668.59 6753.27 7051.19 7217.91 7373.1 7281.95 7172.2 7031.05 6975.72 7113.68 7277.64 7450.78 7623.21 7701.13 7607.63 7525.34 7482.32 7356.31 7207.59 7088.79 7029.69 6998.2 7011.82 6996.28 6938.93 6865.08 6804.03 6788.26 6790.75 6790.51 6756.28 6733.35 6722.38 6741.7 6756.1 6766.48 6798.41 6812.13 6799.41 6770.84 6723.35 6674.57 6665.2 6691.85 6756.95 6848.92 6897.19 6927.45 6960.33 7047.62
6713.96 6740.98 6598.96 6520.11 6485.9 6515.66 6566.38 6616.99 6653.78 6680.39 6699.58 6699.02 6662.15 6620.4 6664.56 6687.84 6672.34 6667.13 6725.6 6925.51 7095.48 7235.49 7125.58 7040.47 6952.57 6934.32 7104.8 7280.33 7476.06 7688.74 7758.52 7692.73 7660.72 7557.27 7345.74 7229.95 7116.11 6993.14 7007.09 6958.25 6939.42 6903.45 6850.73 6791.93 6768.93 6762.74 6763.64 6735.55 6680.11 6705.33 6747.45 6763.14 6769.39 6794.67 6798.35 6801.5 6784.77 6752.3 6732.35 6742.53 6815.64 6878.66 6928.59 6962.44 6990.71 7014.02 7111.01
6774.05 6853.71 6756.27 6603.49 6517.1 6550.63 6602.1 6645.64 6682.19 6739.54 6783.9 6829.87 6855.65 6832.61 6814.17 6804.1 6807.83 6715.52 6668.26 6739.62 6808.27 6920.89 7007.62 6955.55 6906.67 6921.97 7047.89 7217.52 7405.87 7507.78 7544.55 7585.07 7579.37 7468.6 7324.14 7259.84 7221.51 7123.03 7023.1 6956.89 6926.37 6895.33 6863.5 6814.81 6781.47 6780.32 6792.44 6773.4 6792.73 6822.04 6833.45 6827.99 6806.9 6813.75 6809.47 6807.62 6798.79 6780.27 6809.01 6879.09 6984.78 7030.47 7019.65 7043.22 7079.61 7123.5 7228.59
6756.7 6836.86 6843.31 6707.91 6594.18 6613.89 6653.41 6704.88 6747.49 6789.23 6859.76 6951.38 7076.9 7069.92 6970.17 6906 6843.13 6730.99 6638.35 6667.09 6718.74 6782.31 6853.86 6839.93 6839.72 6860.11 6942.66 7105.1 7285.41 7411.1 7438.37 7401.58 7361.21 7374.31 7319 7282.31 7295.19 7314.26 7109.5 7018.42 6952.57 6915.06 6908.14 6929.4 6918.91 6900.48 6926.37 6949.68 6970.76 6972.13 6977.07 6943.44 6882.38 6863.43 6836.46 6818.66 6824.93 6810.96 6877.43 6963.97 7027.98 7051.81 7056.4 7096.25 7161.31 7251 7357.75
6706.28 6751.98 6823.74 6764.9 6704.15 6679.74 6694.31 6703.5 6752.04 6814.3 6887.39 6983.12 7089.49 7114.2 7058.05 6994.23 6865.46 6759.57 6620.23 6613.62 6629.88 6641.99 6667.72 6704.37 6692.63 6708.47 6802.09 6965.36 7131.31 7255.39 7290.37 7251.4 7303.76 7378.68 7378.99 7245.65 7139.16 7028.99 6972.55 6937.52 6893.47 6893.34 6929.29 6992.77 7023.81 7019.23 7034.61 7059.86 7021.07 7025.8 7127.28 7120.55 7045.59 6970.12 6903.7 6899.07 6896.47 6903.41 6928.5 6962.8 6975.44 6993.4 7071.71 7151.97 7233.57 7375.86 7470.71
6708.14 6704.18 6744.68 6738.73 6729.38 6721.64 6729.5 6739.66 6761.91 6813.96 6869.79 6937.69 7019.11 7059.9 7074.89 7085.84 7045.95 6839.35 6694.12 6595.01 6604.7 6607.18 6601.39 6615.64 6616.62 6613.43 6684 6831.64 6977.97 7053.46 7046.6 7069.55 7152.4 7283.36 7267.63 7096.47 6937.41 6862.78 6837.78 6791.69 6792.2 6840.42 6902.24 7024.12 7114.13 7090.58 7039.64 6975.37 6938.35 7027.24 7161.18 7248.84 7222.07 7093.03 7006.38 6999.62 6971.67 6948.27 6969.97 6971.98 6978.49 6997.36 7113.96 7210.17 7286.47 7344.36 7404.99
6703.02 6706.41 6741.39 6716.68 6714.13 6725.51 6734.41 6756.73 6773.68 6796.46 6833.19 6859.78 6890.48 6971.21 7030.57 7073.09 7035.98 6871.61 6698.78 6690.76 6595.88 6595.64 6569.71 6579.71 6582.82 6583.26 6621.59 6708.12 6813 6872.74 6856.3 6913.34 7023.27 7128.56 7043.76 6887.77 6792.22 6765.04 6775.46 6733.08 6724.75 6769.06 6825.35 6882.52 7028.14 7044.09 6993.49 6958.36 6967.75 7048.12 7097.11 7266.21 7242.43 7108.17 7100.22 7043.41 6995.37 6994.34 7026.25 7036.28 7035.26 7080.37 7187.46 7274.57 7359.57 7405.08 7378.08
6638 6666.89 6726.93 6737.71 6715.81 6715.22 6712.09 6682.19 6731.72 6775 6808.33 6824.14 6807.46 6905.67 6971.99 7016.1 7007.53 6904.92 6775.98 6735.59 6627.68 6602.28 6609.83 6569.47 6560.4 6563.04 6582.47 6604.58 6597.64 6631.56 6686.01 6779.85 6910.98 6928.99 6863.18 6785.11 6738.11 6828.3 6782.74 6710.09 6672.91 6717.26 6753.13 6771.13 6805.8 6892.49 6924.57 6921.78 6940.55 6992.68 7023.67 7141.46 7248.96 7284.9 7207.26 6996.58 6913.06 6938.51 6998.17 7092.16 7224.91 7272.88 7264.79 7297.61 7410.37 7517.43 7451.41
6692.39 6755.07 6728.65 6680.59 6696.2 6699.72 6711.54 6727.89 6737.72 6766.53 6802.02 6841.83 6888.98 6900.44 6923.47 6924.29 6969.24 7003.45 6959.72 6759.71 6701.32 6687.82 6610.77 6578.36 6542.21 6548.65 6553.69 6555.15 6563.34 6562.81 6590.33 6625.49 6626.35 6693.75 6702.07 6744.18 6805.37 6864.85 6789.8 6713.13 6664.68 6709.09 6743.52 6745.29 6750.93 6820.4 6869.2 6920.25 6974.37 7029.18 7030.35 7071.27 7213.83 7196.25 7054.29 6950.25 6891.85 6904.09 6919.06 6921.66 7043.39 7150.04 7169.31 7188.59 7236.24 7274.9 7265.37
6626.27 6666.22 6646.9 6644.06 6630.56 6676.7 6703.78 6743.53 6745.63 6761.14 6789.41 6819.1 6865.49 6881.79 6920.05 6971.58 7050.17 7177.39 7117.76 6931.32 6766.18 6786.63 6735.06 6648.62 6576.99 6576.87 6537.22 6531.78 6542.26 6543.13 6546.26 6544.91 6545.98 6557.23 6652.71 6752.43 6793.52 6787.42 6775.06 6743.09 6737.45 6751.38 6785 6797.27 6806.86 6807.49 6820.68 6836.72 6829.22 7005.47 7054.21 7112.1 7151.32 7108.76 7017.92 6933.29 6924.53 6930.54 6903.46 6867.31 6830.79 6876.53 6922.79 6997.82 7056.99 7048.18 6996.69
6562.08 6567.19 6567.64 6598.15 6612.57 6645.53 6671.21 6676.14 6725.25 6750.61 6772.74 6777.23 6797.96 6849.92 6923.22 7023.33 7101.69 7195.09 7237.28 7120.4 6875.76 6823.19 6793.5 6806.99 6801.54 6692.08 6578.67 6566.05 6531.64 6532.51 6528.93 6522.43 6515.22 6597.85 6690.91 6727.86 6773.91 6778.21 6774.23 6765.37 6771.36 6781.96 6819.37 6851.46 6835.64 6804.42 6777.95 6749.27 6749 6856.98 6936.62 7013.24 7097.51 7072.33 7006.34 6936.69 6998.34 6969.3 6900.61 6833.74 6718.6 6702.82 6720.93 6797.07 6855.79 6853.35 6802.96
6477.42 6463.43 6469.73 6525.7 6596.8 6641.33 6671.42 6693.68 6714.35 6736.14 6754.27 6757.87 6771.34 6840.15 6907.99 6974.86 7036.04 7093.01 7239.69 7270.01 7185.27 7069.74 6959.84 6895.87 6892.19 6849.28 6835.45 6737.23 6688.77 6565.05 6571.07 6561.84 6554.92 6656.85 6725.11 6733.99 6741.74 6771.97 6781.73 6783.7 6764.45 6797.34 6809.31 6811.97 6792.32 6779.53 6751.19 6705 6689.64 6757.42 6777.81 6856.95 6973.08 6917.38 6830.56 6814.55 6893.93 6901.37 6852.31 6784.76 6681.32 6641.5 6623.25 6652.2 6663.2 6701.47 6719.8
6518.09 6494.6 6473.14 6559.95 6618.25 6647.22 6669.85 6690.59 6700.77 6722.18 6748.3 6791.7 6804.18 6846.52 6896.71 6916.31 6965.26 7025.07 7200.61 7303.52 7213.45 7116.97 7014.77 6898.69 6925.23 6944.96 6957.22 6833.6 6765.55 6772.28 6683.4 6637.62 6623.34 6690.62 6748.19 6758.68 6797.54 6779 6786.68 6807.2 6854.77 6835.75 6788.22 6790.19 6786.26 6751.21 6746.94 6748.19 6724.68 6672.33 6680.42 6754.68 6816.6 6792.31 6735.63 6740.62 6721 6752.43 6755.05 6752.98 6697.53 6624.3 6596.96 6582.23 6593.15 6642.94 6688.19
6555.41 6533.71 6584.54 6623.67 6633.06 6631.11 6635.3 6657.84 6688.16 6710.57 6720.9 6710.78 6781.3 6864.1 6946.38 6978.93 6945.17 6946.63 7075.06 7249.09 7202.21 7107.26 7042.45 7089.48 7030.6 6985.19 6943.08 6870.39 6887.23 6867.69 6778.64 6697.65 6653.46 6659.17 6696.39 6728.05 6721.58 6754.22 6774.84 6794.9 6818.16 6810.75 6778.58 6767.65 6768.29 6760.84 6745.26 6713.98 6707 6695.23 6668.19 6663.47 6713.99 6734.3 6699.24 6693.51 6670.64 6658.77 6642.75 6595.87 6569.95 6574.24 6564.24 6560.77 6558.76 6649.25 6647.84
6558.12 6578.24 6618.92 6657.96 6626.42 6593.54 6605.54 6644.16 6687.48 6717.07 6726.15 6690.61 6783.37 6882.97 6965.51 7007.25 6933.05 6840.6 7001.28 7108.08 7232.09 7193.64 7157.32 7145.82 7047.3 6977.68 6943.27 6917.47 6950.12 6929.07 6812.48 6726.38 6665.9 6638.46 6633.96 6657.23 6700.77 6746.35 6768.58 6778.27 6770.23 6764 6784.48 6809.14 6800.01 6781.07 6773.79 6742.75 6731.4 6760.01 6754.65 6645.1 6632.93 6656.83 6706.44 6916.06 6718.07 6623.18 6591.56 6533.14 6525.07 6563.99 6612.49 6653.36 6668.57 6736.89 6757.33
6556.53 6559.77 6579.48 6638.04 6592.45 6566.63 6630.58 6668.64 6701.5 6740.49 6786.29 6842.87 6853.55 6908.67 6953.54 6959.92 6934.37 6879.42 6821.81 6888.27 7003.08 7080.34 7153.82 7032.28 6986.81 6947.92 6912.4 6894.77 6863.45 6822.56 6796.12 6737.66 6672.96 6640.64 6695.04 6639.42 6742.62 6757.03 6756.47 6748.36 6745.09 6742.84 6730.27 6781.11 6809.4 6813.68 6825.09 6830.62 6817.91 6747.95 6734.27 6639.73 6606.49 6651.86 6701.53 6770.16 6734.26 6701.72 6623.92 6601.09 6665.64 6661.01 6755.4 6757.47 6727.16 6735.36 6719.64
