real_craters/C214-750m.grd
DSAA
520 520
-194.4425 194.4425
-194.4425 194.4425
2864.5307277388 7477.1590161491
[rows 38 to 75 of 520, columns 252 to 335 of 520]
5810 5811 5817 5827 5839 5853 5867 5885 5902 5867 5841 5834 5846 5857 5864 5862 5869 5870 5867 5854 5831 5792 5795 5820 5858 5874 5872 5862 5854 5882 5924 5919 5913 5906 5897 5884 5875 5871 5851 5840 5846 5844 5862 5883 5902 5922 5930 5946 5956 5963 5967 5969 5973 5971 5971 5969 5967 5967 5974 5982 6009 6045 6036 6048 6034 5989 5961 5971 5977 5975 5968 5958 5878 5826 5828 5833 5846 5881 5975 6012 5902 5668 5401 5338
5803 5801 5813 5826 5842 5862 5883 5883 5869 5869 5863 5855 5855 5859 5865 5869 5868 5876 5880 5881 5880 5864 5771 5812 5857 5877 5886 5893 5888 5914 5967 5953 5938 5924 5909 5893 5879 5865 5853 5847 5842 5844 5866 5892 5913 5928 5943 5951 5951 5955 5961 5970 5973 5970 5966 5960 5959 5961 5968 5988 6015 6036 6044 6046 6041 5996 5965 5964 5984 5984 5979 5965 5915 5870 5869 5882 5900 5924 5920 5830 5650 5515 5393 5342
5802 5802 5810 5824 5839 5855 5870 5870 5864 5868 5873 5869 5865 5867 5870 5866 5881 5886 5897 5908 5921 5898 5791 5873 5862 5880 5901 5910 5920 5951 5985 5983 5962 5940 5921 5903 5887 5869 5859 5856 5850 5851 5874 5904 5932 5950 5956 5942 5943 5943 5950 5963 5969 5969 5966 5961 5961 5961 5965 5982 6000 6044 6036 6058 6030 6004 5988 5980 5987 5981 5975 5964 5932 5905 5903 5923 5939 5923 5839 5627 5469 5417 5368 5352
5808 5804 5809 5823 5836 5847 5853 5864 5865 5866 5860 5866 5870 5873 5875 5877 5876 5893 5910 5926 5933 5904 5813 5866 5879 5894 5909 5918 5914 5930 5981 5994 5979 5957 5934 5912 5888 5881 5865 5863 5857 5853 5883 5918 5950 5961 5953 5930 5923 5928 5933 5937 5947 5961 5970 5975 5975 5972 5977 5991 6003 6021 6051 6079 6045 6022 6007 5997 5990 5971 5949 5990 5977 5924 5925 5943 5960 5976 5805 5556 5450 5406 5376 5342
5812 5801 5808 5821 5835 5850 5860 5863 5869 5867 5863 5867 5873 5878 5883 5882 5891 5906 5919 5930 5934 5902 5822 5840 5913 5917 5911 5903 5907 5924 5975 5996 5987 5966 5943 5921 5904 5903 5881 5868 5859 5857 5896 5932 5960 5959 5945 5929 5916 5916 5918 5919 5923 5951 5977 5996 5994 5990 5993 6002 6012 6027 6068 6127 6089 6055 6037 6015 5997 5972 5928 5866 5950 5942 5939 5938 5906 5831 5641 5498 5452 5421 5366 5317
5818 5810 5813 5825 5834 5843 5852 5859 5864 5864 5864 5869 5876 5883 5887 5887 5906 5917 5931 5940 5934 5891 5831 5877 5947 5937 5913 5901 5933 5965 5987 6001 5991 5969 5945 5926 5920 5908 5876 5863 5859 5892 5920 5943 5955 5949 5939 5928 5913 5910 5911 5914 5924 5945 5976 6006 6004 6005 6006 6009 6022 6015 6064 6132 6112 6082 6074 6046 6007 6001 6008 6016 5989 5972 5994 5928 5822 5685 5515 5442 5430 5423 5392 5315
5825 5817 5825 5834 5837 5834 5841 5852 5861 5863 5859 5871 5881 5891 5900 5899 5901 5925 5944 5951 5934 5876 5818 5927 5971 5945 5915 5917 5961 6003 6009 6002 5988 5970 5948 5924 5898 5871 5850 5857 5864 5905 5940 5952 5954 5939 5931 5923 5913 5903 5904 5910 5919 5933 5953 5973 5991 6012 6007 6005 6014 6013 6051 6087 6100 6100 6102 6078 6037 6030 6042 6038 6011 6017 6028 5915 5761 5581 5453 5412 5401 5393 5370 5298
5835 5863 5868 5849 5841 5843 5842 5845 5849 5852 5861 5876 5893 5908 5910 5922 5945 5955 5947 5951 5956 5895 5792 5831 5930 5939 5916 5922 5975 6010 6016 6002 5989 5974 5954 5926 5880 5856 5854 5861 5867 5902 5943 5958 5957 5943 5927 5914 5894 5890 5892 5906 5905 5908 5918 5935 5951 5974 5988 5993 6012 5996 6044 6073 6085 6083 6101 6097 6071 6042 6033 6032 6026 6027 6016 5906 5732 5542 5424 5383 5378 5366 5287 5244
5837 5866 5863 5847 5836 5828 5834 5838 5844 5851 5861 5876 5901 5930 5943 5956 5973 5977 5925 5921 5973 5947 5904 5920 5967 5959 5933 5931 5967 6004 6018 6006 5991 5979 5960 5939 5917 5853 5853 5856 5862 5880 5928 5958 5968 5956 5930 5915 5894 5884 5877 5871 5881 5879 5871 5883 5905 5915 5934 5991 6000 6006 6033 6048 6060 6061 6061 6076 6065 6031 6011 6011 6019 6021 6012 5913 5730 5540 5421 5389 5366 5347 5261 5207
5830 5845 5840 5836 5831 5831 5830 5836 5840 5843 5854 5859 5878 5934 6010 5939 5889 5863 5811 5803 5839 5920 6045 6009 6025 5992 5962 5948 5947 5988 6017 6037 6017 5993 5967 5945 5922 5864 5861 5869 5870 5892 5893 5900 5949 5969 5947 5933 5909 5890 5876 5868 5868 5863 5858 5867 5885 5901 5919 5964 5997 6013 6024 6027 6029 6025 6056 6064 6052 6026 6002 6003 6011 6022 6022 5942 5749 5548 5441 5341 5343 5303 5234 5194
5827 5837 5832 5834 5828 5823 5832 5839 5844 5853 5844 5825 5803 5786 5745 5716 5678 5626 5641 5649 5660 5771 5846 5933 6028 5999 5986 5974 5986 6002 6035 6056 6046 6002 5967 5934 5922 5898 5868 5874 5903 5853 5732 5670 5750 5912 5986 5958 5926 5900 5882 5871 5866 5860 5859 5869 5886 5899 5906 5942 6007 6003 6014 6015 6016 6021 6050 6056 6049 6028 6010 6006 6004 6006 6033 5972 5771 5560 5458 5411 5341 5288 5219 5190
5831 5844 5852 5844 5837 5834 5843 5852 5860 5856 5838 5782 5706 5620 5548 5539 5526 5502 5515 5531 5571 5669 5744 5800 5910 5970 5992 5988 5977 5999 6038 6064 6026 5997 5957 5918 5889 5865 5860 5898 5931 5738 5589 5553 5603 5751 5946 5954 5929 5905 5889 5875 5870 5863 5862 5874 5895 5909 5916 5956 5987 5987 6013 6014 6014 6016 6034 6046 6045 6023 6014 6001 6001 6003 6026 5988 5788 5566 5434 5417 5341 5273 5210 5192
5837 5846 5857 5851 5849 5853 5863 5876 5886 5897 5854 5741 5624 5515 5460 5449 5443 5433 5453 5470 5497 5593 5689 5726 5827 5932 6019 5997 5968 5988 6044 6069 6046 6008 5960 5912 5895 5922 5920 5912 5890 5691 5534 5559 5575 5693 5876 5930 5929 5912 5895 5886 5883 5877 5868 5889 5890 5914 5947 5980 5963 5974 6010 6012 6019 6033 6034 6036 6037 6025 6014 6003 6001 6006 6022 5989 5814 5580 5439 5399 5360 5287 5227 5207
5840 5839 5834 5849 5855 5862 5879 5898 5907 5907 5834 5684 5557 5466 5412 5413 5418 5428 5447 5478 5498 5499 5567 5674 5758 5879 5979 5979 5965 5996 6066 6077 6060 6031 5973 5914 5902 5929 5924 5914 5929 5769 5594 5538 5615 5753 5892 5936 5939 5923 5907 5903 5912 5919 5922 5934 5962 5963 5969 5972 5946 5960 5973 5989 6007 6040 6021 6026 6030 6023 6014 6008 6003 5999 6000 5994 5846 5645 5449 5379 5357 5310 5238 5224
5845 5836 5836 5848 5852 5869 5896 5918 5922 5865 5727 5597 5480 5406 5411 5412 5420 5435 5445 5468 5478 5484 5534 5622 5709 5813 5884 5938 5978 6026 6086 6082 6084 6067 5993 5931 5906 5907 5883 5922 5960 5881 5756 5691 5777 5903 5959 5966 5962 5960 5956 5950 5950 5958 5966 5964 5973 5979 5963 5955 5955 5949 5955 5971 5999 6022 6015 6020 6030 6033 6025 6016 6009 6002 5999 6001 5862 5654 5500 5383 5315 5263 5250 5246
5854 5842 5831 5838 5838 5869 5907 5931 5912 5799 5636 5515 5408 5339 5400 5417 5424 5421 5425 5435 5446 5455 5522 5624 5757 5762 5808 5897 5986 6064 6098 6102 6112 6084 6003 5924 5905 5908 5913 5931 5951 5943 5956 5913 5968 6003 5995 5983 5978 5985 5998 5992 5971 5968 5967 5963 5966 5970 5984 5965 5944 5941 5941 5956 5977 6001 6003 6015 6031 6044 6038 6029 6019 6010 6008 6012 5896 5643 5426 5345 5307 5282 5277 5270
5865 5855 5850 5842 5848 5880 5922 5951 5937 5785 5580 5459 5369 5348 5402 5423 5441 5454 5462 5451 5451 5454 5486 5567 5656 5681 5745 5861 5981 6081 6103 6110 6120 6091 6011 5931 5904 5918 5953 5946 5939 5941 5964 5987 5966 5973 5979 5977 5972 5970 5967 5974 5968 5958 5953 5947 5937 5930 5944 5958 5928 5936 5940 5944 5954 5972 5997 6007 6020 6022 6033 6035 6026 6019 6010 6012 5923 5662 5401 5336 5299 5287 5287 5286
5871 5864 5859 5855 5845 5893 5940 5969 5945 5783 5558 5428 5341 5333 5385 5419 5454 5497 5524 5507 5472 5479 5473 5498 5535 5577 5684 5831 5969 6072 6103 6109 6124 6108 6029 5949 5912 5919 5954 5937 5924 5922 5928 5962 5936 5952 5957 5956 5956 5955 5951 5956 5959 5954 5948 5940 5931 5928 5933 5940 5922 5936 5939 5941 5945 5951 5970 6000 6016 6032 6038 6040 6034 6029 6016 5998 5861 5606 5386 5339 5304 5292 5292 5294
5872 5867 5867 5873 5869 5908 5954 5981 5942 5776 5572 5412 5316 5303 5350 5396 5443 5489 5506 5438 5441 5429 5419 5431 5461 5529 5660 5822 5977 6105 6146 6139 6145 6136 6060 5983 5931 5922 5933 5897 5904 5909 5912 5937 5931 5925 5932 5938 5942 5942 5941 5947 5952 5957 5947 5937 5931 5930 5929 5925 5922 5936 5938 5940 5940 5945 5975 5997 6013 6034 6045 6038 6031 6026 6021 5953 5826 5587 5387 5347 5309 5297 5296 5298
5869 5865 5862 5862 5884 5916 5957 5988 5975 5782 5553 5407 5303 5283 5318 5362 5408 5449 5467 5434 5414 5392 5344 5387 5431 5523 5668 5834 5996 6137 6200 6194 6194 6176 6094 6026 5991 5948 5916 5907 5901 5890 5885 5922 5902 5904 5917 5926 5931 5934 5935 5939 5943 5949 5940 5933 5930 5931 5930 5918 5920 5925 5934 5934 5939 5955 5967 5987 5999 6026 6038 6025 6015 6004 5985 5884 5802 5587 5406 5350 5320 5301 5301 5301
5866 5862 5859 5854 5869 5909 5945 5963 5918 5783 5604 5446 5317 5263 5290 5332 5368 5397 5412 5382 5367 5361 5363 5388 5443 5540 5704 5870 6024 6158 6244 6270 6263 6203 6126 6071 6032 5991 5944 5933 5918 5902 5879 5916 5890 5899 5908 5916 5923 5926 5927 5929 5931 5932 5927 5922 5922 5925 5925 5910 5917 5924 5926 5928 5934 5943 5959 5962 5969 5980 5996 5998 5996 5983 5936 5841 5777 5637 5473 5354 5330 5313 5308 5307
5863 5860 5860 5860 5859 5894 5924 5935 5902 5800 5663 5515 5373 5277 5284 5315 5341 5353 5334 5312 5292 5296 5336 5404 5497 5620 5784 5935 6062 6162 6237 6312 6310 6242 6155 6116 6085 6053 6012 5975 5943 5908 5867 5902 5904 5908 5906 5913 5918 5921 5922 5919 5918 5915 5913 5908 5910 5912 5911 5908 5916 5922 5922 5925 5930 5936 5939 5944 5949 5950 5951 5969 5974 5969 5945 5892 5824 5790 5589 5384 5331 5322 5310 5312
5865 5861 5858 5853 5858 5880 5901 5906 5883 5836 5748 5609 5440 5314 5309 5324 5332 5336 5317 5290 5267 5265 5331 5446 5563 5748 5899 6011 6100 6176 6250 6325 6317 6260 6185 6168 6159 6125 6081 6026 5967 5914 5868 5842 5875 5889 5899 5909 5916 5918 5921 5917 5914 5910 5907 5903 5905 5904 5903 5907 5915 5920 5919 5921 5925 5928 5927 5941 5938 5935 5936 5948 5958 5967 5977 6011 5992 5846 5627 5418 5324 5324 5323 5322
5876 5865 5855 5851 5854 5871 5882 5887 5889 5887 5856 5735 5505 5406 5380 5369 5362 5351 5341 5307 5282 5282 5384 5545 5689 5939 6050 6099 6146 6191 6227 6282 6289 6268 6231 6222 6211 6181 6129 6043 5977 5923 5891 5844 5853 5875 5894 5907 5916 5923 5926 5924 5918 5914 5910 5906 5907 5910 5905 5905 5913 5920 5922 5921 5925 5932 5940 5944 5934 5931 5937 5946 5957 5971 5991 6006 6015 5867 5631 5410 5331 5333 5337 5339
5893 5874 5857 5851 5869 5871 5873 5871 5896 5939 5974 5935 5666 5542 5499 5462 5427 5391 5353 5344 5322 5355 5511 5717 5916 6139 6165 6167 6182 6204 6229 6237 6234 6231 6257 6252 6242 6214 6147 6038 5974 5922 5882 5835 5855 5877 5896 5911 5918 5920 5936 5935 5929 5922 5918 5918 5916 5905 5906 5910 5920 5935 5941 5939 5949 5943 5945 5944 5923 5932 5942 5949 5959 5969 5982 5999 6015 5906 5656 5433 5367 5356 5366 5377
5915 5886 5867 5871 5880 5872 5872 5878 5914 5968 6019 6015 5888 5735 5649 5581 5522 5460 5407 5428 5461 5555 5715 5906 6113 6169 6188 6202 6206 6207 6200 6186 6185 6214 6242 6249 6241 6220 6158 6057 5975 5911 5885 5880 5880 5887 5902 5919 5927 5918 5933 5936 5930 5923 5917 5915 5919 5904 5907 5915 5916 5964 5955 5945 5932 5930 5930 5924 5929 5935 5947 5950 5952 5956 5964 5988 6010 5961 5682 5449 5386 5382 5392 5414
5930 5897 5868 5858 5868 5867 5873 5883 5920 5965 6011 6033 6016 5901 5785 5705 5644 5581 5520 5571 5685 5850 5940 6047 6163 6193 6207 6218 6214 6203 6181 6161 6156 6170 6200 6223 6223 6201 6149 6073 5982 5904 5880 5870 5878 5891 5908 5925 5940 5910 5911 5920 5923 5920 5911 5906 5902 5895 5900 5913 5931 5943 5941 5925 5907 5909 5912 5909 5921 5939 5944 5948 5943 5938 5934 5940 5954 5934 5715 5510 5434 5402 5407 5435
5929 5902 5873 5849 5841 5859 5876 5898 5917 5947 5981 6018 6036 5966 5878 5816 5785 5789 5816 5865 5960 6104 6097 6129 6178 6221 6236 6231 6223 6207 6189 6170 6150 6136 6127 6165 6179 6169 6130 6068 5980 5910 5871 5868 5879 5895 5911 5923 5923 5897 5896 5908 5922 5914 5905 5898 5893 5878 5890 5896 5890 5908 5921 5910 5895 5895 5898 5903 5906 5920 5943 5943 5932 5921 5910 5914 5933 5961 5794 5618 5470 5415 5413 5440
5916 5906 5892 5875 5865 5866 5879 5897 5909 5926 5945 5965 5980 5959 5920 5889 5888 5935 6014 6115 6123 6135 6133 6147 6187 6219 6238 6237 6227 6216 6204 6187 6160 6110 6069 6103 6122 6120 6096 6059 5993 5922 5871 5872 5869 5898 5913 5917 5913 5892 5898 5909 5913 5904 5891 5885 5882 5879 5883 5885 5886 5894 5895 5893 5886 5883 5886 5894 5892 5900 5912 5922 5920 5907 5900 5912 5962 5979 5880 5790 5545 5442 5424 5429
5900 5902 5915 5906 5888 5875 5874 5880 5893 5904 5913 5910 5927 5923 5913 5908 5919 5952 6001 6047 6071 6091 6103 6112 6137 6197 6237 6234 6227 6220 6213 6199 6148 6098 6038 6068 6072 6055 6051 6039 6004 5950 5895 5874 5903 5916 5919 5914 5898 5898 5903 5907 5905 5898 5885 5883 5882 5867 5881 5881 5881 5891 5896 5880 5870 5872 5871 5869 5871 5890 5912 5921 5912 5901 5897 5905 5938 5989 5921 5879 5627 5492 5461 5449
5899 5879 5867 5881 5883 5879 5871 5867 5876 5884 5892 5899 5874 5884 5894 5899 5912 5926 5953 5982 6014 6040 6055 6074 6107 6159 6200 6213 6217 6217 6213 6193 6154 6101 6037 6056 6039 6013 6012 6009 5994 5959 5903 5872 5903 5934 5930 5920 5910 5905 5908 5911 5907 5900 5895 5890 5890 5880 5875 5883 5885 5888 5889 5878 5869 5865 5862 5854 5864 5889 5909 5913 5903 5898 5896 5893 5893 5919 5895 5920 5713 5567 5531 5511
5905 5854 5813 5851 5898 5892 5877 5869 5865 5867 5868 5864 5846 5860 5878 5891 5899 5907 5923 5931 5973 6004 6017 6030 6064 6117 6162 6184 6200 6207 6210 6208 6185 6114 6055 6070 6021 5986 5989 5992 5991 5958 5907 5876 5909 5951 5941 5926 5922 5915 5917 5923 5918 5904 5890 5891 5880 5887 5875 5873 5881 5877 5870 5866 5864 5865 5864 5870 5884 5894 5902 5901 5899 5894 5886 5882 5877 5889 5883 5930 5772 5662 5635 5609
5913 5851 5803 5846 5907 5892 5867 5859 5855 5852 5846 5836 5828 5854 5873 5883 5889 5886 5905 5928 5957 5975 5991 6000 6035 6086 6121 6156 6177 6190 6197 6201 6181 6129 6081 6055 6005 5975 5982 5993 5998 5962 5912 5899 5949 5962 5947 5921 5910 5914 5921 5928 5921 5910 5904 5898 5889 5889 5879 5874 5877 5881 5878 5875 5870 5868 5869 5877 5894 5903 5906 5905 5903 5895 5887 5876 5872 5885 5916 5925 5865 5804 5763 5742
5943 5872 5825 5850 5890 5870 5851 5850 5847 5841 5830 5818 5856 5867 5877 5884 5891 5898 5902 5917 5940 5963 5987 6003 6037 6078 6114 6138 6157 6172 6180 6177 6174 6146 6112 6054 6011 5987 5986 5993 5992 5963 5917 5927 5962 5979 5960 5929 5914 5921 5926 5926 5919 5910 5905 5904 5893 5882 5885 5884 5887 5886 5881 5876 5873 5871 5873 5883 5906 5916 5918 5926 5912 5899 5886 5879 5879 5899 5913 5916 5923 5906 5867 5868
5965 5896 5855 5857 5867 5848 5860 5852 5845 5839 5832 5820 5858 5876 5882 5887 5893 5898 5898 5902 5924 5963 6001 6039 6059 6081 6103 6126 6144 6156 6166 6174 6185 6174 6105 6045 6033 6007 5986 5980 5973 5961 5945 5958 5982 5991 5976 5960 5944 5941 5936 5922 5911 5903 5900 5899 5884 5887 5890 5893 5892 5885 5878 5874 5873 5874 5876 5889 5917 5924 5924 5922 5915 5906 5901 5905 5904 5910 5929 5923 5926 5918 5907 5908
5972 5911 5869 5869 5873 5858 5852 5848 5846 5846 5846 5843 5863 5880 5885 5887 5892 5895 5897 5901 5938 5976 6013 6052 6074 6090 6104 6117 6131 6140 6147 6152 6159 6154 6135 6095 6040 6002 5973 5956 5956 5977 5981 5982 5989 5992 5983 5981 5977 5967 5957 5935 5915 5899 5896 5893 5874 5887 5890 5889 5886 5881 5874 5869 5872 5876 5883 5898 5916 5922 5923 5919 5914 5911 5911 5917 5920 5930 5918 5924 5921 5914 5907 5890
5963 5924 5894 5881 5880 5872 5832 5842 5848 5853 5857 5854 5875 5885 5884 5882 5881 5884 5896 5908 5927 5987 6028 6051 6083 6098 6107 6116 6121 6125 6130 6133 6136 6134 6148 6074 6010 5979 5954 5936 5956 5999 6011 5986 5976 5980 5979 5983 5995 5985 5976 5949 5887 5898 5896 5890 5878 5881 5882 5881 5875 5868 5870 5873 5872 5877 5888 5896 5909 5922 5921 5920 5918 5913 5910 5904 5905 5901 5902 5912 5911 5907 5898 5882
5971 5920 5894 5890 5884 5875 5856 5850 5851 5858 5880 5887 5885 5883 5878 5874 5874 5873 5878 5907 5962 6021 6075 6104 6110 6109 6109 6109 6105 6109 6109 6108 6114 6126 6148 6055 5988 5963 5945 5942 5980 6014 6011 5981 5966 5971 5979 6000 6002 5992 5974 5941 5918 5901 5897 5893 5879 5869 5871 5867 5864 5861 5863 5865 5865 5869 5879 5889 5889 5900 5919 5929 5929 5920 5909 5902 5900 5897 5895 5897 5896 5891 5885 5880
