real_craters/C214-1000m.grd
DSAA
223 223
-111.11 111.11
-111.11 111.11
4008.8316366097 7758.5162234701
[rows 30 to 59 of 223, columns 67 to 133 of 223]
6626.66 6645.2 6635.12 6648.03 6624.17 6636.24 6673.22 6709.22 6719.38 6694.01 6699.58 6710.78 6729.52 6715.97 6692.37 6703.37 6717.86 6705.91 6665.95 6615.88 6583.48 6571.75 6583.8 6596 6608.9 6615.06 6626.66 6646.02 6664.89 6684.16 6714.38 6730.38 6748.72 6709.09 6734.35 6776.1 6850.44 6834.18 6653.57 6589.92 6558.95 6537.62 6455.54 6454.52 6474.84 6530.03 6590.28 6581.79 6549.5 6528.58 6575.05 6627.87 6692.23 6665.32 6652.3 6626.01 6569.91 6563.89 6580.1 6598.95 6588.78 6601.93 6571.2 6561.71 6563.57 6561.12 6559.46
6571.46 6610.68 6613.31 6562.25 6556.95 6566.64 6600.61 6671.19 6708.47 6692.42 6699.88 6683.31 6636.92 6659.37 6646.59 6669.82 6705.21 6693.2 6639.62 6611.29 6595.83 6584.71 6594.47 6603.63 6620.51 6636.47 6655.99 6676.64 6691.14 6689.82 6662.27 6672.48 6741.26 6690.13 6659.43 6740.53 6787.04 6790.78 6677.61 6632.52 6573.48 6539 6477.98 6462.46 6466.49 6489.17 6532.33 6539.61 6518.08 6493.78 6552.36 6599.99 6643.33 6657.77 6642.28 6632.04 6586.85 6558.69 6573.81 6594.7 6558.69 6552.73 6537.19 6553.64 6606.62 6638.58 6677.61
6634.33 6632.73 6626.67 6562.5 6524.77 6516.93 6549.15 6663.1 6749.7 6756.54 6723.38 6688.21 6654.32 6619.27 6613.22 6629.63 6659.44 6658.55 6630.02 6634.71 6636.92 6626.13 6614 6610.48 6612.82 6643.91 6678.54 6696.79 6716.22 6715.27 6748.06 6768.85 6761.17 6666.88 6642.65 6774.15 6771.55 6670.56 6611.27 6609.55 6567.25 6508.2 6490.18 6464.08 6449.99 6430.94 6431.26 6445.51 6461.27 6494.74 6610.52 6651.49 6679.72 6693.73 6671.13 6670.06 6679.65 6594.01 6558.97 6585.36 6530.94 6545.27 6573.3 6622.76 6698.26 6768.51 6809.58
6636.61 6679.82 6627.36 6553.5 6531.28 6526.23 6555.6 6666.14 6756.76 6740.78 6719.72 6671.77 6618.66 6597.35 6594.44 6595.4 6637.59 6645.07 6722.27 6689.11 6660.42 6641.84 6628.35 6620.85 6611.27 6644.2 6676.48 6702.21 6732.94 6784.9 6779.68 6765.46 6734.7 6677.32 6656.86 6765.84 6651.4 6588.93 6602.48 6605.18 6566.04 6502.92 6453.85 6460.26 6455.27 6447.18 6396.43 6396.33 6432.69 6559.64 6652.7 6699.61 6783.03 6799.68 6760.85 6716.89 6676.48 6624.14 6585.68 6577.15 6607.17 6708.03 6710.48 6752.01 6792.27 6875.81 6978.75
6626.13 6647.47 6629.26 6587.77 6578.05 6613.1 6646.07 6682.94 6702.21 6722.34 6703.02 6659.64 6613.17 6600.5 6618.98 6645.53 6669.67 6691.41 6769.51 6725.01 6655.29 6643.45 6643.09 6648.5 6673.06 6669.49 6688.38 6693.53 6706.57 6748.86 6739.88 6707.98 6692.9 6670.37 6689.51 6696.67 6554.22 6536.15 6591.72 6597.79 6569.36 6540.83 6499.29 6478.62 6472.62 6460.16 6425.31 6433.89 6478.1 6634.01 6643.64 6686.51 6775.42 6830.67 6791.53 6736.91 6704.11 6689.44 6646.31 6620.94 6672.78 6819.61 6913.44 6861.67 6827.51 6840.11 6845.21
6608.21 6599.34 6623.57 6606.04 6638.68 6689.31 6712.31 6717.55 6726.88 6726.41 6693.51 6655.84 6610.3 6606.26 6646.2 6706.46 6695.87 6715.37 6782.64 6755.03 6696.98 6673.67 6661.43 6654.24 6651.18 6666.96 6672.96 6673 6665.68 6662.26 6694.43 6709.28 6684.12 6681.99 6695.09 6680.39 6540.54 6523.89 6585.37 6585.5 6570.32 6555.06 6536.3 6505.01 6493.23 6498.45 6535.57 6556.27 6550.34 6601.44 6624.19 6648.12 6719.01 6744.53 6724.37 6716.44 6724.62 6745.46 6715.99 6724.06 6854.8 6869.32 6908.89 6849.73 6763.31 6697.82 6655.58
6618.57 6588.97 6591.36 6654.15 6681.06 6707.05 6729.58 6742.46 6751.81 6697.45 6683.37 6662.27 6642.71 6605.26 6641.76 6689.03 6700.47 6722.08 6790.45 6778.41 6761.58 6716.21 6682.28 6657.61 6644.92 6658.43 6664.87 6665.7 6664.3 6642.42 6648.62 6678.57 6632.03 6690.2 6690.03 6659.97 6587.12 6530.93 6559.51 6567.85 6531.67 6518.98 6507.07 6493.57 6491.66 6507.45 6511.21 6539.84 6595.02 6640.38 6627.77 6626.3 6682.57 6686.37 6651.4 6675.52 6709.36 6719.19 6758.65 6812.55 6810.16 6787.37 6809.48 6770.41 6651.92 6521.11 6447.82
6591.02 6577.31 6559.68 6630.08 6623.34 6680.39 6713.61 6737.14 6757.37 6721.38 6673.1 6648.81 6632.11 6609.54 6621.47 6646.25 6674.58 6730.73 6753.69 6767.78 6762.68 6729.3 6693.12 6664.79 6652.71 6663.56 6662.01 6671.04 6674.4 6650.84 6620.58 6630.37 6649.25 6654.8 6705.11 6685.25 6620.25 6557.45 6516.45 6526.77 6495.17 6490.59 6484.22 6480.58 6485.2 6487.35 6514.95 6560.86 6624.48 6664.94 6623.14 6619.58 6635.08 6635.2 6616.92 6646.38 6677.2 6726.59 6787.76 6831.26 6783.25 6757.4 6782.14 6699.09 6559.06 6418.26 6363.66
6566.55 6534 6523.76 6571.99 6650.5 6667.91 6688.7 6702.55 6707.17 6678.79 6649.38 6615.75 6595.28 6595.55 6597.67 6620.68 6658.19 6727.65 6723.17 6739.63 6746.18 6720.39 6693.85 6666.77 6660.3 6680.4 6696.44 6709.17 6716.65 6681.9 6680.32 6686.14 6672.33 6682.96 6716.59 6658.12 6596.87 6620.73 6507.79 6503.11 6482.46 6493.88 6525.59 6490.04 6489.14 6507.92 6532.72 6568.5 6614.14 6640.37 6623.32 6637.83 6656.49 6639.18 6634 6651.69 6663.61 6688.29 6776.02 6803.39 6786.78 6791.44 6779.75 6662.82 6509.61 6372.83 6329.29
6574.75 6542.75 6516.99 6546.32 6604.46 6655.22 6671.82 6676.58 6657.14 6643.92 6622.97 6593.48 6573.99 6579.78 6576.35 6587.6 6637.73 6692.36 6694.67 6694.14 6695 6693.22 6686.35 6691.47 6697.06 6713.75 6740.51 6763.69 6763.6 6758.26 6737.41 6764.45 6672.25 6671.2 6706.76 6617.15 6574.87 6612.77 6564 6480.67 6469.87 6486.79 6505.83 6491.59 6495.94 6524.69 6571.82 6586.11 6603.52 6603.48 6646.46 6730.27 6724.78 6732.52 6691.07 6672.89 6678.57 6717.13 6735.51 6684.8 6670.01 6762.11 6758.27 6662.62 6497.32 6338.9 6311.78
6582.27 6537.39 6524.9 6536.85 6565.82 6636.05 6672.86 6673.85 6674.61 6632.98 6619.22 6608.63 6600.38 6602.06 6582.24 6576.88 6607.41 6668.54 6671.67 6656.75 6657.05 6667.79 6675.13 6691.14 6713.78 6738.68 6764.06 6781.62 6815.92 6798.83 6777.63 6747.6 6722.06 6689.33 6666.83 6604.35 6573.39 6561.84 6557.24 6487.47 6462.86 6472.68 6480.08 6472.46 6507.56 6551.06 6586.72 6594.99 6611.15 6631.77 6639.93 6677 6721 6720.07 6692.78 6671.82 6677.22 6704.69 6696.16 6611.63 6578.12 6683.78 6776.98 6729.31 6501.26 6323.97 6298.16
6584.48 6531.29 6548.58 6576.4 6623.13 6698.98 6702.05 6680.83 6658.93 6653.8 6625.47 6590.1 6590.2 6604.7 6581.21 6572.96 6612.83 6632.34 6626.08 6602.1 6615.79 6646.96 6662.31 6674.79 6716.36 6755.13 6791.67 6819.2 6759.75 6811 6859.27 6834.64 6798.38 6759.81 6729.43 6657.81 6622.76 6643.63 6582.58 6505.85 6477.59 6474.97 6474.84 6535.22 6547.29 6582.13 6561.11 6580.31 6616.69 6645.26 6607.19 6591.15 6622.44 6647.29 6641.96 6644.94 6642.65 6638.42 6619.4 6560.19 6524.93 6567.99 6798.29 6780.79 6499.67 6303.8 6294.13
6669.75 6626.92 6628.49 6655.73 6752.23 6780.98 6723.4 6683.19 6681.76 6683.89 6634.84 6574.16 6578.26 6600.04 6575.22 6554.99 6603.26 6654.16 6603.44 6584.93 6605.55 6643.42 6670.06 6687.01 6736.57 6777.8 6819.12 6861.1 6869.06 6866.73 6898.65 6853.59 6813.78 6821.48 6797.96 6738.3 6726.08 6701.33 6630.83 6549.37 6492.58 6496.45 6517.93 6555.88 6538.01 6546.47 6506.81 6551.54 6623.27 6690.81 6660.34 6611.62 6604.38 6581.29 6586.43 6599.62 6599.97 6583.36 6542.24 6511.04 6497.54 6525.87 6745.79 6767.71 6501.54 6327.02 6329.93
6763.89 6728.04 6680.96 6745.82 6876.93 6785.64 6710.79 6666.21 6614.51 6651.12 6622.82 6577.63 6579.78 6601.7 6599.07 6553.51 6550.62 6628.47 6643.67 6571.36 6605.54 6659.84 6709.57 6753.31 6778.19 6797.49 6827.28 6848.6 6871.45 6893.53 6911.34 6849.96 6772.69 6805.58 6775.29 6677.21 6655.55 6664.96 6673.65 6560.13 6525.29 6523.1 6529.3 6530.45 6511.13 6482.6 6492.44 6527.99 6622.1 6715.98 6758.5 6703.8 6636.23 6565.72 6573.04 6585.54 6580.87 6560.51 6474.09 6473.23 6476.63 6505.84 6677.98 6767.24 6645.58 6495.78 6420.69
6835.64 6790.62 6783.09 6775.1 6823.25 6707.96 6660.38 6665.29 6696.81 6672.81 6643.86 6594.53 6585.09 6600.65 6608.04 6569.69 6549.03 6578.59 6607.17 6617.08 6628.14 6677.27 6743.21 6808.83 6808.34 6817.14 6845.29 6876.85 6898.15 6905.86 6901.63 6870.76 6764.33 6846.04 6886.12 6691.17 6645.76 6634.42 6620.06 6579.88 6559.07 6551.98 6538.42 6500.74 6476.42 6469.47 6475.54 6525.23 6619.95 6697.66 6732.28 6697.13 6615.41 6597.88 6610.61 6607.99 6584.88 6553.92 6520.54 6482.42 6492.86 6541.16 6639.24 6765.04 6692.25 6609.51 6520.64
6706.36 6692.61 6665.42 6663.18 6676.2 6607.47 6578.51 6557.96 6604.31 6669.49 6679.13 6599.86 6576.36 6579.43 6603.25 6552.56 6511.67 6535.23 6577.8 6600.98 6628.72 6673.84 6729.78 6783.73 6799.73 6806.35 6838.54 6884.18 6919.41 6906.26 6892.11 6833.15 6851.81 6927.01 6921.44 6804.17 6719.61 6626.78 6629.3 6606.17 6588.72 6576.39 6574.22 6562.78 6490.35 6515.48 6560.59 6598.29 6640.6 6668.94 6682.06 6668.85 6629.63 6644.76 6697.39 6649.71 6602.68 6554.09 6514.46 6511.53 6521.16 6633.85 6644.56 6693.97 6710.13 6649.92 6594.71
6559.75 6570.42 6547.72 6526.78 6557.75 6575.46 6510.91 6440.85 6462.25 6581.04 6617.46 6565.81 6528.4 6524.13 6533.88 6519.38 6504.33 6509.08 6528.9 6551.38 6615.83 6673.8 6708.06 6743.15 6799.6 6809.11 6829.15 6842.82 6873.81 6896.26 6921.47 6956.11 6949.4 6946.42 6926.4 6893.25 6825.22 6707.09 6648.79 6612.82 6587.93 6599.86 6590.62 6566.46 6555.65 6595 6654.44 6688.39 6669.37 6656.19 6640.14 6642.96 6672.92 6694.31 6721.48 6680.63 6626.26 6574.38 6563.37 6573.54 6609.4 6632.58 6607.32 6586.11 6592.21 6630.73 6645.43
6483.75 6484.29 6474.69 6467.09 6506.15 6497.98 6448.3 6427.58 6417.54 6485.94 6501.69 6442.63 6450.56 6447.13 6446.83 6472 6487.24 6491.32 6506.93 6545.3 6628.77 6702.69 6778.11 6815.11 6835.11 6832.49 6835.69 6803.27 6799.49 6884.77 6950.81 7005.16 6960.18 6936.3 6949.33 6876.83 6807.16 6759.22 6658.51 6729.02 6710.89 6652.39 6612.92 6565.42 6583.5 6637.49 6685.14 6685.7 6680.44 6650.63 6623.57 6647.32 6674.12 6733.17 6718.08 6703.78 6648.37 6599.67 6572.02 6631.16 6661.64 6670.96 6652.98 6639.49 6636.09 6635.11 6665.84
6425.77 6433.28 6439.19 6461.45 6496.73 6449.59 6389.44 6332.76 6354.82 6417.95 6443.4 6413.25 6400.93 6387.95 6389.38 6426.85 6484.66 6503.97 6558.2 6612.52 6701.07 6764.56 6803.98 6844.69 6860.2 6855.33 6880.2 6926.33 6921.43 6893.21 6918.42 6943.62 6863.1 6877.51 6890.38 6899.29 6879.73 6837.45 6835.95 6802.24 6807.95 6765.62 6710.04 6632.97 6707.51 6787.73 6749.06 6733.32 6695.97 6655.87 6635.14 6675.98 6656.33 6666 6790.09 6734.18 6673.7 6623.91 6592.78 6759.35 6733.72 6711.45 6693.8 6676.89 6656.93 6647.47 6639.13
6412.63 6405.7 6404.78 6402.8 6402.83 6385.38 6353.01 6317.27 6333.95 6394.03 6430.38 6413.95 6380.52 6354.08 6362.31 6399.88 6523.6 6588.75 6610.11 6730.86 6804.21 6848.98 6868.86 6889.77 6884.93 6878.16 6893.45 6944.37 6890.53 6855.45 6821.41 6787.02 6783.74 6794.41 6834.71 6848.67 6871.72 6841.26 6886.31 6858.24 6953.97 6912.39 6844.83 6834.98 6806.59 6794.42 6749.41 6736.98 6691.06 6656.89 6644.19 6659.07 6659.02 6726.94 6759.32 6732.48 6699.3 6668.32 6671.68 6758.58 6721.08 6702.49 6677.69 6712.3 6705.82 6664.64 6629.61
6434.74 6400.29 6357.31 6324.5 6315.97 6326.16 6331.37 6313.85 6330.78 6376.44 6419.1 6394.43 6370.23 6358.42 6346.14 6409.41 6556.11 6613.95 6736.79 6860.99 6900.91 6960.81 7013.42 6973.55 6933.71 6895.84 6856.95 6796.17 6823.17 6812.13 6745.52 6695.77 6713.14 6733.03 6755.56 6755.86 6778.06 6852.71 6908.86 6976.1 6990.59 6983.77 6917.7 6870.67 6841.05 6717.8 6710.83 6667.75 6660.02 6665.41 6659.67 6673.55 6699.47 6726.04 6711.53 6718.36 6726.39 6736.41 6751.35 6757.63 6683.14 6712.99 6702.38 6719 6715 6677.46 6644.88
6469.46 6417.06 6360.18 6314.03 6285.78 6239.94 6249.42 6259.01 6296.56 6337.46 6374.47 6349.32 6358.58 6374.56 6379.84 6481.94 6658.87 6671.61 6754.43 6845.76 6948.79 7036.67 7102.89 7036.61 6970.28 6910.59 6862.43 6839.94 6899.68 6830.89 6710.66 6657.05 6653.63 6665.66 6683.02 6719.69 6739.99 6806.46 6867.81 6952.74 6949.45 6993.38 6902.83 6806.44 6747.09 6756.5 6720.88 6675.09 6678.83 6723.55 6734.81 6705.49 6726.49 6712.65 6699.11 6721.42 6755.82 6776.32 6807.48 6832.95 6821.88 6794.18 6783.37 6686.88 6698.62 6688.85 6655.85
6478.07 6442.86 6415.56 6402.79 6340.29 6226.5 6197.55 6204.97 6257.22 6284.53 6278.18 6292.98 6353.74 6397.87 6444.06 6531.84 6666.11 6756.64 6844.96 7003.22 7029.07 7044.93 7068.51 7011.1 6958.26 6910.38 6892.77 6922.11 6920.36 6824.4 6701.2 6660.98 6677.38 6771.82 6773.2 6745.63 6771.21 6788.14 6788.89 6812.07 6930.94 6944.25 6848.18 6782.77 6811.31 6790.4 6774.45 6747.37 6764.35 6832.48 6893.69 6875.79 6806.44 6682.72 6688.14 6765.97 6806.74 6807.94 6818.55 6915.59 6924.14 6867.89 6791.52 6702.04 6767.2 6719.99 6659.58
6466.08 6456.59 6455.98 6469.16 6417.66 6269.82 6212.84 6241.15 6267.3 6274.51 6258.87 6296.49 6377.79 6474.81 6495.64 6528.32 6690.27 6983.69 7153.78 7185.33 7063.17 6984.76 6948.84 6944.37 6926.8 6912.3 6907.01 6851.31 6809.09 6751.74 6697.82 6684.24 6734.98 6848.19 6790.79 6766.12 6763.41 6762.35 6762.82 6762.96 6804.41 6804.68 6790.08 6754.61 6783.92 6832.34 6825.85 6854.02 6915.9 6950.27 7025.91 7169.39 7025.86 6821.11 6785.86 6913.67 6881.61 6826.45 6772.66 6769.78 6819.38 6846.93 6835.22 6790.62 6813.85 6732.51 6664.86
6459.24 6461.59 6460.2 6449.43 6413.2 6326.7 6288.59 6312.54 6305.22 6315.62 6327.41 6337.45 6377 6454.57 6487.72 6583.58 6794.27 6992.5 7100.19 7071.02 7004.8 6941.43 6906.9 6916.57 6917.9 6904.46 6876.71 6833.82 6792.65 6761.28 6745.3 6721.09 6721.76 6774.61 6761.82 6780.72 6795.33 6782.77 6775.16 6754.56 6830.76 6805.95 6784.02 6773.38 6773.88 6803.04 6853.37 6909 6965.83 6988.48 7029.39 7024.01 7047.3 6969.69 6926.06 7056.37 6933.97 6830.83 6747.78 6714.97 6739.48 6767.51 6747.77 6746.02 6721.89 6708.44 6677.34
6478.7 6463.97 6446.86 6416.7 6388.03 6337.67 6323.01 6317.57 6292.2 6310.32 6346.23 6361.62 6343.13 6384.28 6499.4 6665.97 6829.08 6882.22 6952.38 6991.01 6967.38 6934.6 6922.22 6928.51 6924.1 6910.04 6877.27 6832.14 6804.59 6795.68 6781.25 6750.89 6737.62 6764.62 6840.26 6868.55 6863.15 6842.69 6793.17 6887.71 6910.55 6882.58 6808.57 6768.66 6775.11 6799.04 6834.67 6888.13 6932.6 6959.88 6976.18 7006.54 6963.2 6897.96 6905.6 6980.54 6885.82 6805.28 6737.19 6722.58 6715.27 6729.12 6733.31 6721.39 6723.46 6731.48 6702.36
6518.06 6488.35 6444.68 6402.71 6385.48 6318.86 6267.08 6227.62 6212.8 6205.15 6219.13 6225.04 6339.61 6488.12 6682.93 6790.89 6705.11 6700.73 6733.01 6810.95 6853.59 6941 6957.26 6939.76 6925.27 6915.42 6906.51 6819.96 6767.2 6739.82 6709.64 6727.66 6788.2 6817.18 6867.28 6879.46 6930.81 6976.32 7035.7 7053.46 6975.06 6901.08 6851.2 6819.68 6841.57 6786.62 6789.81 6828.5 6874 6865.99 6862.69 6826.4 6757.73 6692.17 6674.91 6717.92 6749.54 6746.33 6733.12 6710.81 6699.96 6714.32 6730.51 6765.72 6830.35 6827.56 6772.64
6545.8 6535.75 6492.38 6416.09 6383.89 6303.73 6216.53 6164.64 6131.53 6104.2 6148.35 6232.37 6422.85 6634.25 6793.22 6775.13 6655.18 6610.45 6634.02 6706.4 6801.82 6915.33 6956.88 6945.75 6913.94 6879.25 6835.49 6748.48 6687.75 6622.91 6629.15 6655.39 6660.37 6794.33 6848.13 6930.8 7054.22 7035.74 7034.26 7002.38 6956.08 6859.11 6813.77 6849.53 6870.61 6752.18 6726.39 6732.33 6715.57 6715.66 6700.28 6656.1 6634.04 6581.11 6610.3 6603.69 6625.22 6659.18 6753.16 6711.83 6704.19 6685.4 6702.96 6765.05 6846.08 6866.12 6887.4
6576.52 6600.25 6614.89 6544.69 6425.36 6337.57 6214.05 6148.01 6105.36 6110.14 6230.75 6406.45 6643.22 6809.71 6923.96 6770.61 6635.14 6584.72 6622.64 6758.66 6855.57 6955.04 6971.99 6933.33 6872.04 6800.41 6718.89 6676.88 6650.2 6623.41 6615.82 6619.47 6633.67 6813.67 6835.55 6926.48 7061.84 6996.11 6892.36 6872.27 6845.6 6715.96 6674.74 6756.41 6758.75 6697.31 6661.49 6632.16 6618.26 6567.53 6501.21 6456.86 6442.14 6530.69 6592.95 6566.03 6511.81 6481.9 6501.18 6622.95 6645.68 6594.5 6600.42 6695.11 6716.02 6749.98 6811.5
6606.18 6639.18 6669.31 6570.33 6430.03 6360.32 6241 6146.3 6133.05 6170.31 6401.38 6709.78 6881.04 6907.76 6837.65 6711.75 6610.47 6564.67 6622.46 6770.05 6922.68 7022.78 6982 6910.67 6831.61 6743.38 6642.08 6663.74 6665.38 6627.35 6659.87 6731.84 6763.35 6904.62 6874.78 6895.58 6986.52 6942.16 6792.1 6775.65 6782.62 6690.26 6575.07 6572.96 6611.59 6600.03 6550.33 6509.95 6460.58 6400.79 6339.65 6283.23 6323.87 6451.52 6530.41 6471.32 6406.24 6332.49 6281.6 6295.81 6354.58 6422.47 6451.15 6449.34 6494.53 6557.64 6633.25
