real_craters/C214-1000m.grd
DSAA
223 223
-111.11 111.11
-111.11 111.11
4008.8316366097 7758.5162234701
[rows 150 to 179 of 223, columns 0 to 66 of 223]
6422.18 6414.55 6414.05 6378.1 6363.71 6361.66 6369.72 6372.24 6381.31 6430.5 6450.58 6449.79 6464.91 6450.79 6448.04 6433.81 6461.03 6529.27 6598.32 6663.96 6611.55 6535.1 6578.52 6597.08 6557.01 6497.23 6439.08 6379.99 6367.35 6364.34 6396.23 6380.09 6392.08 6420.34 6442.79 6458.41 6483.29 6548.75 6638.56 6679.41 6641.92 6669.31 6695.68 6699.37 6692.63 6648.45 6576.3 6615.79 6639.2 6673.38 6681.97 6687.39 6697.42 6706.23 6708.53 6655.34 6595.9 6529.57 6523.97 6471.58 6538.38 6616.5 6721.69 6773.67 6768.75 6820.51 6861.33
6426.94 6406.99 6385.51 6359.98 6357.68 6368.3 6374.6 6366.58 6368.36 6348.52 6393.18 6374.42 6345.37 6375.67 6390.08 6357.74 6392.98 6452.17 6537.11 6590.23 6537.96 6477.59 6510.3 6540.18 6525.28 6482.88 6435.13 6403.18 6392.7 6392.14 6378.78 6366.38 6393.24 6431.64 6470.49 6481.78 6505.25 6561.71 6621.52 6650.32 6633.05 6658.52 6733.23 6762.89 6766.12 6771.87 6739.05 6684.65 6716.47 6694.48 6691.87 6694.08 6699.26 6704.17 6664.02 6649.49 6585.96 6549.6 6598.45 6585.36 6546.64 6557.06 6577.73 6635.05 6692.01 6783.92 6879.24
6404.76 6384.63 6373.56 6350.05 6340.26 6367.26 6370.56 6363.81 6373.59 6299.19 6355.04 6335.91 6322.39 6341 6352.52 6358.92 6370.06 6407.73 6451.47 6488.8 6495.61 6419.88 6447.39 6476.77 6473.71 6450.99 6423.24 6412.41 6403.92 6397.3 6383.61 6397.77 6412.42 6446.2 6484.34 6512.82 6535.64 6558.18 6582.21 6603.23 6588.19 6689.13 6800.07 6787.28 6806.17 6860.13 6846.37 6741.45 6698.5 6691.5 6697.09 6701.46 6706.28 6714.38 6726.7 6644.09 6598.21 6556.91 6638.8 6627.88 6584.62 6585.04 6614.96 6681.09 6754.09 6818.37 6733.86
6389.13 6358.71 6356.08 6333.03 6294.2 6257.3 6267.85 6313.42 6347.89 6259.83 6250.21 6280.64 6346.04 6312.91 6330.39 6338.59 6361.7 6382.27 6400.35 6419.41 6420.36 6397.98 6413.8 6436.89 6424.73 6405.38 6400.47 6385.18 6376.26 6384.57 6390.77 6392.32 6418.49 6452.94 6492.78 6531.5 6549.6 6552.47 6549.81 6527.35 6536.08 6686.44 6708.91 6750.24 6779.7 6804.87 6783.22 6713.96 6696.9 6694.53 6701.86 6709.07 6710.11 6706.21 6683.06 6637.38 6627.71 6665.16 6658.45 6634.7 6611.4 6640.8 6663.59 6680.26 6702.66 6703.74 6684.3
6363.22 6350.77 6308.54 6272.34 6266.14 6245.5 6288.15 6266.77 6295.98 6325.69 6276.91 6280.37 6319.25 6332.25 6364.07 6362.02 6358.95 6361.95 6361.14 6378.2 6403.73 6364.86 6378.22 6413.59 6386.62 6383.2 6382.88 6383.67 6380.3 6395.36 6407.26 6408.95 6418.87 6449.19 6500.3 6557.79 6548.05 6548.71 6554.5 6547.46 6591.29 6618.53 6624.5 6688.75 6723.62 6724.27 6706.72 6696.18 6704.55 6712.95 6739.86 6746.57 6733.92 6706.44 6669.11 6665.8 6689.76 6704.25 6679.31 6635.97 6618.91 6682.27 6681.81 6679.64 6672.97 6656.92 6646.85
6345.56 6333.18 6306.62 6285.28 6291.59 6288.72 6263 6250.94 6233.33 6382 6370.5 6380.32 6368.62 6365.59 6379.66 6371.17 6354.02 6342.41 6334.03 6342.68 6348.82 6329.66 6334.37 6337.5 6348.53 6346.37 6370.91 6409.52 6451.77 6430.17 6400 6387.86 6412.26 6434.6 6449.51 6497.38 6508.48 6548 6595.2 6662.92 6695.15 6645.74 6644.16 6676.28 6697.68 6715.6 6716.2 6725.98 6742.94 6788.86 6805.44 6789.32 6761.49 6734.72 6706.66 6711.87 6747.59 6760.38 6705.62 6643.5 6612.01 6633.76 6643.88 6674.37 6716.26 6755.13 6694.68
6321 6334.53 6309.98 6316.8 6361.57 6391.14 6363.91 6260.87 6228.33 6399.03 6378.96 6373.05 6388.26 6388.44 6372.63 6358.11 6339.54 6323.43 6315.66 6316.71 6318.79 6319.73 6324.55 6326.12 6324.8 6306.36 6365.94 6419.33 6452.81 6433.41 6401.45 6398.08 6415.11 6428.64 6436.46 6450.19 6481.02 6556.38 6623.48 6680.42 6685.58 6675.4 6709.22 6702.36 6702.58 6701.38 6741.61 6788.32 6846.79 6925.31 6880.84 6830.22 6795.25 6767.6 6752.08 6745.47 6737.2 6732.41 6662.59 6636.98 6619.54 6642.2 6649.86 6698.53 6737.97 6814.33 6758
6331.19 6343.45 6354.55 6378.94 6377.24 6340.26 6278.87 6251.31 6287.49 6406.76 6378.13 6373.06 6375.26 6364.96 6350.57 6336.45 6323.8 6312.54 6306.1 6308.32 6313.52 6320.02 6324.85 6319.82 6296.74 6337.14 6386.16 6414.94 6426.88 6422.61 6410.12 6420.4 6429.85 6436.38 6442.28 6447.35 6519.81 6583.99 6638.44 6686.7 6705.49 6687.47 6707.12 6708.03 6713.47 6726.57 6772.43 6822.08 6924.8 6973.63 6901.26 6850.05 6818.91 6805.01 6802.86 6792.98 6722.72 6657.75 6626.61 6653.91 6682.91 6679.38 6680.01 6717.41 6756.64 6819.7 6766.38
6342 6338.28 6368.67 6366.42 6368.1 6379.95 6345.34 6324.16 6345.26 6389.49 6345.77 6329.76 6345.66 6336.93 6317.13 6311.36 6311.08 6312.68 6299.22 6304.25 6310.13 6312.45 6323.06 6328.53 6323.89 6365.58 6395.02 6405.9 6420.71 6407.39 6425.11 6450.59 6436.41 6441.7 6455.77 6476.02 6568.64 6600.13 6636.34 6677.43 6671.87 6650.04 6680.2 6697.75 6723.97 6747.98 6783.12 6865.14 6865.81 6850.15 6841.3 6828.86 6820.63 6793.84 6782.81 6737.68 6718.61 6713.01 6701.42 6673.49 6671.27 6670.25 6659.14 6697.79 6771.19 6757.53 6737.47
6345.53 6348.12 6357.53 6360.6 6369.63 6359.92 6369.26 6383.49 6375.12 6368.9 6342.17 6324.01 6329.89 6316.28 6302.64 6301.32 6299.93 6295.24 6301.51 6307.08 6310.04 6311.78 6326.75 6341.25 6354.64 6367.14 6374.04 6370.88 6357.04 6377.68 6402.04 6409 6417.77 6426.13 6440.93 6482.95 6524.39 6575.07 6615.79 6638.06 6624.87 6649.88 6666.53 6696.88 6710.28 6717.61 6726.87 6695.89 6734 6720.32 6770.92 6799.99 6816.4 6837.16 6781.08 6743.14 6718.16 6719.71 6697.83 6643.12 6636.55 6703.13 6666.72 6677.79 6678.53 6716.91 6715.19
6362.38 6357.74 6334.87 6356.8 6369.59 6364.72 6373.76 6381.13 6362.08 6351.65 6342.66 6313.88 6319 6310.94 6304.38 6299.25 6297.98 6298.5 6303.06 6314.27 6314.38 6312.54 6314.32 6329.97 6345.51 6364.08 6372.52 6357.22 6343.16 6362.63 6382.44 6394.09 6398.29 6407.13 6438.58 6479.78 6520.35 6562.33 6602.42 6635.9 6644.38 6661.82 6686.73 6698.99 6710.7 6719.65 6704.6 6700.09 6708.67 6709.24 6754.24 6785.87 6805.8 6802.75 6758.66 6725.11 6699.25 6658.61 6587.81 6587.42 6565.68 6583.29 6667.81 6684.74 6655.33 6644.94 6695.01
6352.03 6355.29 6339.06 6366.21 6382.25 6369.92 6377.15 6387.43 6349.88 6334.57 6338.13 6319.06 6308.69 6306.11 6298.35 6295.92 6302.93 6309.01 6310.15 6321.28 6320.7 6311.2 6309.72 6305.7 6309.26 6346.69 6376.61 6363.94 6363.78 6371.84 6380.76 6379.6 6384.9 6385.12 6404.88 6459.44 6500.24 6546.97 6603.43 6639.06 6666.64 6702.84 6698.75 6687.16 6682.31 6691.67 6709.15 6734.55 6748.04 6777.09 6809 6800.03 6779.62 6755.27 6718.72 6671.29 6691.61 6704.47 6637.2 6596.06 6587.15 6604.25 6663.92 6666.91 6637.2 6647.23 6733.71
6337.73 6351.68 6364.34 6366.86 6351.37 6365.36 6374.57 6364.13 6307.5 6313.74 6340.62 6326.4 6315.2 6301.33 6281.86 6289.58 6310.97 6336.02 6334.11 6345.97 6330.55 6313.95 6299.06 6270.83 6240.38 6295.06 6350.26 6353.11 6357.39 6354.36 6355.04 6372.65 6380.45 6401.05 6406.55 6460.25 6530.45 6590.17 6608.12 6635.59 6641.07 6637.8 6647.98 6650.96 6645.52 6672.62 6705.38 6737.6 6774.05 6825.5 6848.47 6822.93 6772.2 6714.07 6699.08 6666.44 6706.56 6760.18 6660.46 6679.02 6681.86 6691.93 6733.41 6770.68 6783.69 6743.83 6749.97
6340.66 6345.22 6358.92 6359.89 6351.63 6371.11 6364.59 6349.38 6265.96 6301.92 6342.13 6336.26 6311.92 6292.47 6270.4 6289.56 6325.91 6356.96 6345.43 6349.85 6334.12 6325.93 6315.77 6272.67 6217.83 6256.28 6278.65 6343.72 6368.15 6371.68 6403.44 6395 6397.34 6409.24 6442.77 6486.39 6544.77 6590.24 6581.76 6571.54 6583.38 6589.17 6594.01 6604.57 6650.67 6684.98 6712.74 6743.58 6799.79 6816.9 6832.34 6839.29 6853.63 6818.28 6741.9 6685.95 6704.59 6793.91 6848.37 6787.89 6770.17 6804.69 6753.04 6756.73 6723.74 6722.62 6702.84
6349.42 6347.43 6354.58 6359.43 6362.59 6359.58 6332.88 6309.97 6291.7 6299.82 6321.94 6311.28 6309.22 6263.9 6274.86 6294.1 6323.27 6335.72 6319.24 6292.25 6320.06 6331.95 6343.62 6294.36 6268.74 6281.58 6318.73 6362.6 6392.11 6414.82 6430.82 6426.13 6420.18 6413.25 6466.39 6498.84 6528.99 6558.8 6533.64 6523.72 6563.04 6585.35 6606.67 6640.63 6681.36 6711.31 6740.19 6776.97 6802.87 6787.37 6782.67 6816.11 6860.77 6850.81 6788.28 6753.75 6730.08 6678.48 6719.54 6692.28 6670.83 6646.15 6685.15 6704.71 6717.71 6717.39 6695.55
6358.62 6353.06 6341.33 6346.94 6338.01 6315.39 6298.73 6279.36 6301.22 6296.05 6280.41 6281.33 6272.68 6266.91 6274.64 6292.77 6301.09 6304.42 6301.29 6317.39 6310.44 6303.03 6299.73 6285.57 6285.32 6316.28 6367.09 6386.56 6408.34 6432.59 6437.94 6427 6415.71 6434.36 6477.74 6501.72 6501.57 6491.24 6502.66 6517.36 6574.02 6628.22 6650.79 6686.13 6711.22 6735.6 6758.76 6799.36 6853.84 6802.56 6739.12 6795.68 6802.12 6797.52 6788.32 6776.37 6761.33 6639.44 6593.06 6584.97 6593.2 6635.42 6670.87 6718.24 6739.46 6735.79 6724.92
6357.59 6351.25 6342.67 6332.49 6317.51 6300.29 6294.05 6284.67 6300.65 6286.59 6267.55 6258.11 6251.21 6258.57 6271.53 6293.03 6288.17 6277.86 6288.78 6290.46 6277.83 6270.25 6273.21 6294.87 6309.08 6336.73 6368.24 6401.14 6413.61 6429.31 6433.67 6428.62 6435.93 6444.37 6517.51 6509.27 6496.32 6479.19 6525.25 6582.06 6632.62 6629.15 6663.85 6712.41 6700.23 6749.53 6801.08 6843.42 6881.75 6862.63 6842.37 6798.41 6771.32 6759.5 6748.99 6725.34 6667.81 6586.27 6544.92 6587.44 6638.29 6650.58 6666.62 6707.42 6735 6736.45 6682.27
6354.92 6344.34 6316.05 6314.55 6310.56 6306.79 6306.02 6307.89 6270.3 6285.28 6275.66 6261.97 6277.1 6261.27 6289.19 6294.59 6263.89 6215.26 6231.58 6250.41 6265.06 6265.95 6279 6303.67 6333 6352.17 6361.79 6371.41 6405.18 6433.6 6440.16 6435.19 6431.37 6485.29 6514.22 6515.42 6508.69 6520.3 6570.68 6618.75 6610.09 6607.35 6637.35 6673.22 6721.14 6749.43 6791.71 6834.61 6858.41 6854.21 6817.23 6737.65 6708.16 6714.9 6711.55 6688.19 6633.11 6544.56 6538.91 6645.61 6676.46 6648.33 6646.92 6667.37 6707.41 6706.76 6759.18
6343.85 6339.25 6316.5 6306.56 6293.25 6309.33 6319.37 6330.1 6325.53 6301.28 6317.23 6279.91 6273.55 6259.23 6239.43 6263.28 6258.29 6229.21 6241.06 6248.67 6259.44 6279.69 6302.19 6325.49 6353.22 6372.17 6389.7 6401.13 6410.28 6407.65 6420.45 6458.69 6501.71 6535.77 6525.28 6524.82 6523.4 6522.66 6544.88 6584.27 6586.9 6587.33 6623.84 6665 6700.86 6727.11 6764.63 6802.71 6838.25 6838.13 6754.24 6686.32 6681.84 6704.88 6705.96 6692.99 6654.09 6570.66 6566.47 6645.51 6644.3 6640.96 6639.6 6639.84 6691.65 6699.62 6743.44
6333.6 6322.07 6319.62 6310.7 6318.48 6338.18 6324.32 6362.95 6368.49 6300.85 6216.55 6251.43 6254.33 6252.87 6240.81 6233.74 6234.06 6236.89 6241.8 6248.77 6259.43 6290.91 6320.95 6353.13 6372.92 6390.38 6419 6435.76 6435.65 6416.6 6437.31 6479.05 6550.11 6554.17 6539.69 6548.47 6549.6 6552.17 6580.18 6604.64 6604.53 6633.04 6643.18 6650.27 6680.24 6710.31 6695.35 6753.96 6791.69 6801.03 6797.05 6758.06 6768.35 6724.62 6712.48 6706.18 6701.62 6663.94 6645.21 6659.55 6637.86 6630.29 6630.44 6604.69 6647.68 6691.79 6727.36
6342.91 6332.1 6321.17 6322.31 6299.85 6266.81 6269.81 6312.43 6358.85 6307.57 6260.04 6249.94 6259.64 6251.5 6237.7 6225.02 6228.05 6230.99 6250.7 6264.86 6290.11 6290.93 6335.59 6368.83 6377.94 6393.5 6420.04 6444.34 6464.65 6474.92 6382.02 6475.1 6563.6 6612.63 6592.37 6582.31 6586.08 6600.46 6645.77 6655.52 6638.03 6633.61 6649.38 6674.06 6716.46 6741.88 6770.32 6760.26 6754.33 6747.87 6815.35 6777.29 6722.91 6716.67 6710.25 6706.15 6705.69 6654.19 6618.73 6634.89 6641.78 6619.65 6574.75 6563.47 6624.62 6628.85 6617.88
6350.81 6341.37 6318.49 6299.3 6319.21 6313.46 6281.33 6372.27 6361.61 6313.48 6264.02 6264.72 6261.59 6245.7 6226.37 6217.5 6235.78 6242.96 6257.81 6285.54 6309.68 6332.46 6353.61 6383.73 6383.27 6387.93 6393.77 6439.71 6478.68 6500.87 6468.34 6500.36 6555.39 6609.52 6608.15 6607.52 6617.49 6640.45 6670.7 6670.34 6665.34 6667.51 6688.54 6719.27 6748.02 6756.62 6785.95 6764.8 6752.46 6753.06 6770.47 6705.94 6713.3 6705.07 6698.57 6692.39 6675.64 6643.02 6615.73 6648.54 6672.53 6633.34 6607.68 6524.18 6534.18 6591.82 6633.91
6315.92 6299.14 6307.2 6312.12 6310.79 6285.23 6344.82 6383.03 6365.4 6345.1 6322.3 6293.21 6258.27 6241.44 6231.59 6248.96 6248.22 6261.5 6280.26 6304.16 6323.9 6341.27 6366.73 6384.89 6402.37 6390.58 6379.51 6421.77 6464.45 6495.92 6510.22 6512.55 6538.29 6540.97 6600.27 6624.33 6636.35 6651.37 6663.69 6672.38 6679.94 6679.87 6688.39 6735.66 6721.59 6723.57 6726.55 6752.22 6758.13 6761.88 6756.75 6722.55 6717.69 6707.93 6692.97 6676.14 6661.88 6629.42 6645.84 6637.59 6648.74 6635.44 6587.92 6581.59 6574.78 6579.21 6626.56
6327.41 6308.27 6300.55 6298.26 6323.32 6362.82 6384.4 6379.36 6361.31 6358.54 6359.65 6316.03 6291.18 6255.14 6247.05 6245.8 6261.21 6279.39 6304.91 6323.97 6341.13 6366.67 6389.89 6411.48 6414.85 6399.77 6394.18 6404.04 6430.17 6453.7 6454.07 6495.36 6545.24 6591.19 6620.88 6637.51 6646.99 6648.85 6650.97 6703.91 6722.87 6710.3 6708.39 6758.47 6713.28 6723.93 6732.86 6754.53 6768.27 6780.47 6783.23 6781.04 6758.05 6727.26 6683.16 6645.06 6635.29 6633.83 6678.08 6617.12 6669.33 6651.46 6652.79 6652.84 6621.9 6600.72 6629.06
6319.22 6310.24 6311.66 6314.79 6348.02 6366.47 6389.57 6370.57 6370.16 6391.73 6351.22 6299.19 6265.62 6281.67 6265.93 6245.8 6259.19 6290.82 6323.07 6349.22 6376.75 6403.3 6403.65 6402.19 6390.79 6398 6406.9 6384.58 6395.75 6445.41 6463.39 6511.57 6593.46 6658.6 6652.54 6650.45 6654.02 6661.29 6677.74 6727.18 6741.12 6735.84 6758.06 6704.96 6737.04 6765.08 6776.65 6773.16 6764.36 6756.4 6767.36 6804.46 6816.82 6760.51 6693.47 6622.02 6588.01 6636.51 6670.15 6658.35 6645.61 6640.95 6617.83 6623.99 6637.28 6606.27 6558.95
6305.51 6309.03 6336.8 6361.23 6356.78 6356.45 6352.34 6343.19 6346.66 6334.34 6330.43 6300.3 6266.21 6248.58 6275.64 6281.83 6252.02 6306.4 6349.22 6359.22 6388.2 6411.53 6409.63 6391.37 6360.77 6387.13 6393.88 6367.99 6365.57 6420.2 6458.27 6517.63 6622.12 6664.89 6655.46 6654.17 6660.77 6673.73 6685.56 6709.71 6715.73 6711.47 6699.34 6758.52 6769.84 6816.87 6824.52 6780.18 6752.75 6736.17 6748.96 6806.03 6863.09 6807.02 6728.9 6641.54 6611.06 6696.84 6670.1 6659.11 6652.93 6647.97 6614.29 6618.66 6630.19 6593.44 6502.27
6286.88 6312.09 6355.45 6371.27 6357.52 6353.32 6342.96 6338.66 6346.62 6348.99 6342.44 6345.19 6347.51 6308.74 6309.28 6292.6 6257 6315.77 6343.29 6330.16 6348.86 6413.43 6410.08 6394.77 6391.38 6377.68 6370.04 6360.96 6371.82 6443.06 6486.33 6546.1 6608.48 6634.24 6637.75 6646.63 6659.81 6674.26 6665.86 6651.09 6673.2 6687.62 6702.45 6745.86 6750.1 6770.78 6783.62 6758.37 6736.03 6727.52 6747.67 6824.69 6883.01 6836.48 6775.91 6711.52 6679.72 6680.78 6671.62 6680.99 6687.56 6687.26 6701.04 6654.66 6647.35 6615.07 6542.78
6307.93 6322.68 6345.76 6365.13 6367.57 6364.88 6366.73 6365.27 6371.38 6379.61 6365.33 6344.76 6329.4 6328.18 6299.87 6290.13 6256.57 6307.62 6297.63 6255.67 6230.7 6335.03 6361.77 6375.96 6356.14 6352.65 6370.78 6371.16 6407.3 6455.05 6485.59 6530.2 6564.34 6587.01 6609.93 6628.16 6642.67 6657.67 6651.86 6620.98 6642.55 6673.18 6716.93 6775.1 6774.18 6735.3 6720.17 6720.98 6713.63 6717.75 6752.73 6825.57 6858.83 6843.12 6830.69 6826.11 6805.24 6783.6 6782.89 6732.5 6709.54 6716.41 6664.4 6719.16 6663.98 6595.87 6564.46
6323.58 6327.74 6343.55 6348.54 6385.39 6400.35 6396.76 6396.24 6391.6 6388.25 6384.48 6375.27 6363.57 6354.89 6317.98 6294.49 6291.16 6265.49 6228.61 6177.86 6129.01 6158.96 6320.89 6362.48 6355.59 6323.34 6308.35 6367.29 6418.15 6442.84 6463.02 6474.77 6493.99 6547.93 6593.64 6595.2 6594.95 6600.9 6608.72 6611.13 6635.22 6675.43 6715.4 6802.57 6816.99 6746.92 6716.85 6708 6698.24 6695.38 6715.81 6815.73 6820.76 6817.03 6852.87 6908.53 6901.31 6879.37 6876.83 6896.12 6833.57 6777.62 6685.94 6741.99 6675.74 6610.97 6588.26
6303.36 6324.88 6347.43 6366.88 6399.94 6433.72 6445.98 6414.54 6394.81 6391.33 6387.37 6369.61 6360.27 6390.77 6385.46 6307.97 6234.44 6244.4 6201 6139.9 6098.67 6137.31 6277.2 6335.69 6321 6324.35 6347.49 6371.77 6394.16 6422.47 6449.98 6477.79 6516.91 6550.94 6577.35 6553.31 6547.49 6531.22 6576.69 6613.04 6620.32 6685.64 6785.99 6901.63 6850.81 6792.7 6749.6 6722.66 6698.28 6682.9 6704.48 6727.48 6709.19 6763.9 6823.49 6894.16 6895.52 6872.13 6837.31 6849.1 6833.18 6754.8 6713.71 6707.37 6664.63 6606.64 6591.68
