real_craters/C214-750m.grd
DSAA
520 520
-194.4425 194.4425
-194.4425 194.4425
2864.5307277388 7477.1590161491
[rows 76 to 113 of 520, columns 168 to 251 of 520]
6053 6047 6027 6009 5995 5980 5964 5949 5940 5940 5942 5942 5953 5971 5994 6012 6022 6008 5989 5964 5948 5937 5914 5888 5862 5852 5848 5845 5840 5839 5837 5834 5832 5841 5855 5879 5892 5886 5865 5856 5823 5817 5884 5944 5985 5998 5999 6017 6045 6076 6107 6118 6157 6186 6175 6155 6165 6167 6139 6106 6090 6063 5984 5970 5957 5946 5940 5934 5935 5941 5942 5906 5876 5883 5887 5900 5932 5960 5973 5988 6000 6014 6028 6036
6038 6030 6044 6034 6013 5994 5982 5960 5940 5929 5933 5930 5941 5962 5985 5999 6000 5997 5985 5966 5953 5943 5897 5861 5849 5846 5845 5846 5845 5839 5835 5829 5833 5834 5842 5853 5857 5858 5838 5802 5758 5772 5860 5931 5980 5991 5972 6003 6040 6077 6113 6133 6148 6176 6179 6189 6215 6221 6199 6157 6102 6061 5998 5971 5954 5941 5933 5933 5936 5941 5931 5936 5912 5910 5905 5897 5915 5939 5959 5976 5991 6005 6017 6023
6022 6045 6060 6052 6028 6002 5984 5971 5959 5941 5939 5938 5950 5964 5982 5991 5992 5986 5978 5964 5955 5937 5881 5855 5845 5840 5840 5841 5841 5840 5835 5829 5828 5835 5838 5838 5838 5845 5835 5793 5727 5735 5829 5900 5949 5966 5960 5984 6019 6061 6108 6151 6136 6156 6182 6206 6274 6288 6264 6222 6154 6084 5993 5969 5957 5948 5944 5953 5952 5948 5936 5885 5911 5930 5940 5934 5912 5925 5943 5962 5978 5991 5998 5987
6015 6078 6096 6068 6033 6000 5972 5970 5990 5986 5974 5973 5973 5975 5987 5991 5989 5986 5972 5964 5954 5932 5875 5848 5838 5838 5839 5839 5841 5843 5840 5835 5831 5839 5835 5829 5830 5842 5854 5829 5772 5764 5799 5847 5904 5941 5947 5962 5997 6036 6079 6114 6126 6166 6173 6190 6250 6275 6266 6251 6199 6116 6026 5980 5963 5960 5955 5953 5960 5966 5961 5909 5926 5939 5959 5946 5908 5921 5940 5956 5970 5982 5988 5992
5998 6035 6062 6058 6031 6000 5968 5968 6006 6015 6004 6002 5994 5988 5995 5996 5998 5991 5975 5964 5956 5933 5870 5834 5829 5841 5846 5848 5850 5852 5852 5848 5849 5830 5830 5825 5826 5836 5845 5834 5811 5802 5806 5828 5864 5909 5913 5939 5978 6013 6042 6060 6075 6100 6138 6162 6190 6187 6179 6179 6190 6139 6023 5987 5968 5956 5958 5953 5975 5986 5981 5971 5957 5957 5947 5935 5920 5927 5940 5956 5967 5977 5981 5973
6003 6023 6038 6047 6032 6008 5984 5980 6008 5989 5982 6008 5997 6000 6003 6005 5997 5987 5984 5973 5958 5932 5856 5836 5849 5853 5859 5868 5865 5862 5862 5871 5882 5847 5840 5836 5832 5830 5825 5819 5810 5815 5836 5778 5826 5855 5874 5922 5963 5996 6020 6035 6054 6089 6101 6088 6089 6072 6065 6065 6084 6063 6024 5989 5974 5970 5984 5999 5999 6001 6000 5979 5962 5951 5938 5925 5932 5942 5951 5961 5965 5973 5977 5980
6045 6051 6064 6064 6050 6030 6014 6018 6014 5978 5936 5969 5973 5982 6008 6022 6030 6032 6011 5987 5955 5917 5853 5854 5868 5861 5866 5871 5876 5874 5868 5858 5859 5886 5855 5839 5839 5838 5819 5816 5801 5780 5822 5796 5826 5862 5887 5917 5952 5984 6011 6035 6060 6075 6068 6022 5996 5973 5956 5961 5996 5990 5991 5980 5974 5984 6001 6022 6009 6007 5996 5982 5985 5977 5975 5959 5963 5970 5974 5976 5978 5979 5978 5978
6057 6087 6114 6094 6071 6048 6030 6014 6023 5968 5889 5899 5935 5973 6007 6039 6067 6079 6050 6011 5962 5910 5870 5843 5826 5850 5878 5891 5890 5884 5878 5869 5867 5850 5851 5855 5853 5859 5875 5845 5823 5813 5852 5847 5843 5871 5893 5918 5945 5976 6006 6040 6059 6064 6057 6001 5933 5866 5859 5856 5882 5929 5953 5958 5958 5958 5981 5994 5996 5990 5988 5995 6005 5992 6016 6026 6015 6003 5995 5987 5986 5979 5974 5966
6084 6123 6138 6114 6082 6052 6032 6018 5993 5956 5893 5872 5906 5956 6004 6048 6089 6115 6083 6045 6001 5953 5897 5825 5818 5844 5885 5913 5900 5895 5891 5887 5871 5819 5843 5866 5862 5864 5866 5866 5865 5874 5912 5895 5873 5880 5899 5923 5947 5971 5998 6023 6042 6066 6032 5971 5897 5816 5806 5816 5839 5873 5920 5934 5945 5955 5984 5991 5985 5965 5972 6001 6015 6004 6020 6082 6045 6020 6006 5994 5985 5981 5974 5967
6114 6157 6156 6115 6079 6052 6026 6002 5976 5954 5910 5861 5897 5948 6000 6049 6093 6115 6110 6082 6053 6001 5898 5821 5819 5828 5845 5870 5889 5898 5900 5890 5897 5851 5852 5854 5857 5857 5867 5883 5907 5938 5957 5941 5917 5916 5912 5923 5945 5968 5988 6005 6017 6053 6008 5942 5888 5827 5805 5790 5829 5838 5878 5914 5949 5981 6009 6011 5993 5976 5995 6006 6008 6021 6023 6041 6038 6022 6005 5993 5983 5979 5974 5973
6111 6150 6123 6085 6058 6035 6016 5995 5972 5951 5941 5882 5906 5951 5998 6048 6091 6125 6123 6111 6091 6033 5936 5845 5808 5802 5826 5849 5876 5901 5922 5936 5921 5915 5882 5868 5853 5844 5853 5897 5941 5979 5980 5950 5919 5917 5905 5925 5954 5975 5988 6006 6037 6020 5959 5909 5888 5871 5845 5832 5840 5838 5847 5896 5943 5983 6009 6016 6006 5993 5994 6008 6022 6032 6040 6025 6028 6020 6007 5993 5979 5967 5963 5963
6077 6080 6056 6041 6030 6017 6004 5991 5972 5947 5936 5917 5930 5964 6006 6049 6091 6123 6131 6128 6123 6062 5965 5896 5841 5807 5812 5836 5867 5899 5929 5948 5928 5887 5879 5876 5856 5847 5864 5914 5971 6017 6015 5961 5891 5903 5930 5957 5973 5984 5994 6008 6055 6008 5949 5901 5879 5884 5871 5876 5892 5878 5865 5898 5934 5965 6002 6011 6020 6018 6015 6023 6032 6035 6033 6026 6018 6010 6001 5988 5975 5958 5947 5936
6044 6060 6058 6024 6010 5999 5989 5989 5982 5961 5944 5938 5950 5977 6014 6053 6091 6124 6135 6122 6132 6073 5985 5931 5868 5822 5807 5831 5865 5895 5923 5934 5898 5916 5886 5862 5857 5857 5881 5929 5989 6045 6056 5964 5892 5912 5959 5993 6002 6005 6004 6005 6023 5984 5920 5894 5881 5885 5884 5909 5932 5920 5904 5913 5932 5945 5952 5993 6023 6051 6032 6052 6052 6050 6037 6030 6019 6007 5995 5982 5967 5949 5929 5903
6019 6046 6059 6018 5995 5980 5966 5950 5954 5975 5950 5945 5963 5990 6024 6058 6090 6113 6116 6118 6095 6069 6000 5934 5886 5860 5835 5851 5874 5891 5900 5899 5892 5917 5918 5898 5873 5860 5885 5937 5995 6051 6082 5969 5898 5934 5982 6020 6025 6027 6022 5993 5997 5998 5958 5898 5901 5904 5905 5927 5937 5940 5947 5925 5911 5925 5954 5985 6016 6046 6081 6100 6118 6094 6039 6036 6021 6007 5991 5973 5954 5933 5909 5881
5995 6036 6049 6010 5983 5968 5954 5941 5944 5984 5963 5961 5974 5998 6030 6064 6097 6126 6148 6145 6150 6081 6012 5945 5903 5886 5886 5890 5899 5902 5898 5895 5910 5954 5943 5922 5890 5860 5891 5937 5986 6025 6021 5980 5968 5963 5988 6035 6036 6055 6069 6053 6032 6007 5976 5881 5903 5902 5909 5926 5929 5939 5955 5927 5896 5908 5935 5981 6023 6070 6113 6134 6156 6127 6067 6043 6025 6006 5989 5970 5947 5922 5899 5882
5963 5995 6012 5979 5971 5966 5961 5951 5969 5998 5985 5976 5986 6007 6034 6066 6100 6137 6181 6156 6142 6091 6022 5955 5929 5931 5938 5939 5935 5930 5921 5922 5938 5946 5922 5923 5910 5918 5912 5937 5972 6004 6009 5995 5967 5947 5955 5968 6011 6072 6134 6175 6094 5987 5918 5872 5898 5892 5900 5923 5921 5938 5963 5927 5877 5900 5942 5988 6042 6095 6128 6140 6139 6110 6063 6049 6027 6009 5989 5972 5948 5921 5892 5863
5935 5952 5978 5966 5965 5972 5985 6002 6014 6003 5984 5980 5988 6011 6039 6068 6097 6119 6114 6133 6137 6094 6036 5985 5972 5989 6000 5984 5976 5970 5956 5955 5950 5924 5912 5914 5898 5907 5906 5928 5959 5990 6025 6001 5925 5917 5917 5923 5979 6073 6174 6234 6138 6012 5903 5870 5888 5879 5880 5922 5938 5958 5974 5950 5912 5914 5948 6003 6049 6105 6131 6133 6120 6092 6071 6057 6042 6026 6010 5987 5961 5933 5902 5867
5937 5939 5960 5956 5965 5984 6007 6026 6034 6011 5980 5980 5990 6014 6041 6069 6097 6117 6125 6129 6123 6094 6052 6014 6010 6012 6016 6014 6010 6011 6025 5991 5970 5956 5950 5912 5865 5833 5877 5910 5940 5966 5977 5967 5943 5922 5897 5888 5944 6052 6165 6235 6132 6007 5909 5868 5878 5866 5848 5892 5946 5975 5990 5988 5984 6001 6016 6037 6063 6095 6118 6128 6124 6109 6095 6065 6057 6044 6025 6004 5983 5956 5928 5908
5968 5962 5965 5958 5969 5996 6025 6042 6036 6014 5997 5995 6003 6021 6044 6072 6100 6127 6152 6145 6119 6094 6066 6054 6064 6037 6034 6034 6034 6027 6011 5992 5981 5985 5951 5915 5871 5847 5875 5901 5924 5941 5955 5954 5934 5912 5894 5884 5922 6018 6107 6144 6076 5992 5923 5888 5873 5858 5842 5861 5933 5970 5977 5998 6043 6103 6094 6073 6060 6081 6106 6129 6148 6139 6093 6085 6088 6069 6048 6028 6005 5982 5957 5934
6016 6004 5988 5974 5979 6008 6038 6052 6038 6011 6002 6008 6013 6020 6042 6070 6096 6127 6157 6148 6113 6083 6063 6059 6062 6067 6063 6053 6051 6045 6022 5983 5979 5987 5956 5931 5916 5900 5901 5908 5915 5916 5914 5894 5928 5916 5901 5896 5922 5992 6041 6048 5993 5926 5922 5907 5848 5828 5826 5865 5902 5934 5959 5999 6055 6079 6102 6099 6092 6065 6100 6132 6156 6140 6127 6158 6127 6101 6075 6050 6028 6009 5987 5963
6067 6043 6010 5986 5987 6017 6050 6059 6046 6023 6022 6018 5999 6016 6039 6065 6091 6115 6130 6110 6092 6073 6052 6034 6013 6045 6044 6061 6073 6074 6058 6010 5992 5983 5960 5945 5963 5957 5929 5917 5915 5910 5896 5882 5869 5891 5914 5937 5966 5995 5996 5972 5925 5875 5900 5855 5802 5791 5787 5842 5871 5908 5949 6005 6058 6097 6110 6113 6107 6084 6103 6134 6156 6124 6126 6165 6145 6115 6088 6065 6046 6028 6019 5997
6081 6058 6022 5989 6001 6019 6046 6060 6052 6044 6054 6037 6015 6024 6045 6069 6087 6100 6110 6101 6089 6069 6042 6012 5976 5982 6033 6062 6087 6103 6089 6061 6015 5991 5963 5930 5953 5955 5936 5921 5909 5902 5891 5871 5869 5887 5921 5968 6021 6009 5996 5960 5904 5860 5851 5795 5772 5786 5811 5827 5869 5896 5941 5999 6060 6112 6112 6112 6106 6087 6106 6135 6157 6148 6153 6156 6138 6116 6095 6075 6055 6038 6024 6007
6092 6070 6035 5997 5994 6012 6034 6046 6052 6061 6057 6015 6016 6031 6044 6061 6076 6091 6100 6112 6087 6057 6031 6005 5994 5966 6010 6046 6085 6125 6111 6046 6009 5964 5916 5892 5921 5934 5930 5918 5906 5896 5887 5886 5857 5882 5914 5955 5988 5991 5977 5946 5903 5873 5841 5796 5770 5804 5817 5833 5862 5886 5921 5974 6035 6082 6088 6086 6081 6085 6107 6140 6162 6171 6170 6142 6131 6119 6105 6084 6062 6037 6009 5991
6108 6081 6054 6024 5990 6011 6037 6047 6044 6078 5998 5969 6024 6048 6047 6052 6062 6078 6091 6088 6068 6044 6021 5997 5976 5977 5984 6013 6056 6106 6077 6002 6001 6001 5913 5894 5911 5927 5928 5919 5903 5884 5860 5819 5809 5845 5881 5919 5943 5952 5940 5919 5886 5867 5852 5815 5795 5782 5780 5804 5840 5867 5896 5937 6003 6023 6051 6058 6049 6062 6101 6145 6195 6190 6167 6138 6126 6123 6114 6097 6074 6047 6006 5992
6084 6083 6070 6052 6006 6024 6063 6052 6039 6052 6047 6029 6035 6050 6038 6044 6056 6069 6082 6075 6045 6028 6013 5996 5979 5962 5937 5954 6002 6030 6006 5970 5991 6010 5974 5974 5947 5941 5935 5922 5904 5875 5835 5771 5762 5799 5843 5885 5913 5917 5911 5898 5889 5887 5883 5838 5786 5791 5773 5775 5823 5863 5904 5962 6006 6016 6026 6042 6046 6061 6094 6127 6160 6164 6125 6119 6131 6137 6126 6118 6099 6075 6058 6019
6086 6086 6083 6088 6066 6038 6047 6041 6036 6039 6029 6014 6007 5995 6015 6031 6043 6053 6060 6054 6027 6017 6004 5993 5988 5958 5925 5931 5966 5977 5972 5964 5981 5987 5992 5969 5983 5956 5942 5929 5909 5880 5840 5802 5804 5805 5837 5866 5881 5876 5861 5878 5884 5887 5883 5846 5809 5790 5776 5767 5817 5868 5918 5970 5996 5995 5998 6013 6054 6072 6086 6095 6084 6090 6116 6163 6188 6168 6147 6139 6119 6097 6066 6037
6088 6084 6080 6079 6068 6040 6015 6013 6009 6004 6006 6018 5999 5978 6001 6019 6029 6037 6031 6023 6020 6012 6000 5988 5976 5963 5945 5947 5962 5987 5991 5984 5979 5984 5954 5957 5955 5953 5945 5938 5929 5912 5879 5866 5862 5820 5860 5867 5855 5852 5875 5875 5883 5873 5848 5826 5847 5817 5782 5789 5834 5878 5932 5971 5985 5977 5965 5966 6025 6058 6081 6093 6082 6094 6148 6202 6217 6191 6166 6158 6143 6123 6098 6057
6080 6073 6061 6042 6021 6027 6023 5998 5970 5974 5988 6016 6008 6005 6007 6017 6027 6033 6045 6038 6023 6010 5995 5980 5961 5949 5940 5936 5953 5966 5975 5973 5964 5953 5948 5954 5940 5953 5957 5959 5961 5965 5968 5933 5897 5869 5901 5879 5860 5853 5857 5866 5857 5860 5842 5829 5864 5851 5837 5819 5847 5872 5896 5933 5958 5953 5939 5935 5975 6037 6081 6119 6132 6130 6189 6220 6219 6194 6174 6160 6164 6147 6119 6080
6070 6060 6044 6020 5994 6010 6021 6006 5979 5990 6015 6012 6008 6017 6019 6025 6026 6032 6031 6034 6027 6003 5986 5970 5952 5927 5939 5948 5942 5932 5941 5950 5953 5948 5936 5944 5954 5953 5958 5968 5982 6003 6026 5977 5926 5897 5884 5871 5871 5866 5846 5855 5873 5854 5840 5828 5851 5852 5848 5835 5839 5859 5875 5905 5924 5938 5932 5940 5990 6036 6078 6114 6127 6143 6185 6203 6191 6175 6163 6172 6175 6176 6157 6110
6056 6046 6033 6019 6021 6057 6048 6033 6026 6026 6043 6007 5999 6013 6024 6031 6032 6038 6033 6020 5994 5990 5978 5964 5947 5920 5941 5956 5932 5914 5916 5929 5943 5946 5940 5951 5947 5947 5952 5964 5977 5999 6017 5985 5931 5866 5827 5856 5883 5881 5835 5845 5838 5828 5820 5818 5820 5853 5853 5854 5844 5848 5860 5891 5920 5935 5949 5974 6022 6045 6072 6104 6128 6139 6136 6124 6142 6130 6138 6165 6182 6190 6174 6134
6035 6034 6026 6021 6026 6071 6067 6053 6037 6037 6025 5985 5986 6020 6038 6041 6042 6046 6038 6021 6002 5985 5967 5954 5948 5941 5926 5927 5911 5892 5898 5910 5927 5933 5929 5923 5924 5931 5939 5947 5958 5963 5959 5991 5988 5953 5916 5910 5912 5891 5858 5850 5840 5818 5800 5799 5804 5836 5869 5861 5844 5835 5851 5868 5885 5931 5977 6018 6037 6044 6055 6072 6112 6137 6147 6137 6060 6071 6109 6154 6190 6206 6195 6167
6028 6027 6023 6021 6022 6050 6062 6062 6055 6039 6026 6012 6018 6035 6049 6050 6054 6066 6069 6036 6006 5978 5956 5936 5928 5916 5905 5905 5905 5891 5872 5889 5910 5916 5912 5902 5909 5914 5922 5931 5940 5941 5969 6014 6055 6057 6031 5990 5956 5925 5895 5874 5856 5846 5823 5799 5802 5845 5862 5851 5827 5818 5813 5836 5875 5930 5989 6026 6031 6028 6032 6056 6110 6136 6147 6129 6057 6054 6099 6152 6203 6242 6230 6193
6023 6022 6023 6025 6029 6037 6052 6068 6063 6034 6005 6003 6024 6036 6040 6056 6071 6079 6075 6053 6014 5983 5950 5913 5897 5929 5919 5892 5886 5880 5865 5874 5889 5896 5899 5891 5890 5901 5909 5918 5928 5941 5976 6052 6116 6131 6089 6047 5997 5956 5931 5925 5909 5877 5830 5768 5752 5796 5835 5835 5829 5812 5824 5858 5893 5929 5971 6010 6010 5998 5994 6006 6073 6120 6145 6146 6083 6057 6092 6147 6203 6247 6243 6212
6005 6011 6019 6028 6037 6041 6045 6077 6075 6025 5976 5985 6050 6041 6038 6064 6090 6113 6117 6084 6051 6012 5959 5906 5879 5896 5918 5915 5918 5894 5873 5869 5862 5878 5891 5899 5891 5896 5902 5912 5926 5950 6005 6089 6178 6206 6158 6089 6026 5973 5978 5996 5972 5913 5848 5785 5761 5770 5791 5799 5783 5776 5809 5865 5903 5935 5910 5936 5959 5961 5962 5986 6054 6100 6132 6144 6074 6044 6096 6146 6192 6241 6235 6221
5991 6005 6016 6025 6040 6053 6044 6063 6056 6017 5982 5989 6031 6055 6055 6081 6101 6129 6135 6099 6074 6035 5968 5920 5895 5887 5903 5922 5932 5925 5903 5881 5866 5877 5885 5886 5891 5895 5902 5914 5933 5959 6018 6108 6199 6244 6162 6125 6064 6018 6030 6057 6022 5945 5875 5813 5758 5762 5762 5768 5772 5766 5800 5859 5898 5901 5880 5880 5920 5936 5942 5969 6037 6072 6103 6132 6105 6101 6118 6139 6161 6186 6205 6216
5986 6000 6011 6020 6023 6027 6043 6039 6029 6007 5990 6005 6059 6091 6111 6101 6092 6092 6097 6077 6051 6012 5964 5918 5906 5912 5912 5922 5942 5941 5925 5903 5891 5894 5892 5890 5897 5899 5909 5923 5942 5981 6037 6111 6182 6208 6195 6113 6108 6104 6064 6040 6021 5985 5900 5814 5774 5765 5743 5758 5771 5776 5815 5890 5874 5858 5880 5914 5921 5933 5939 5953 5997 6041 6066 6062 6100 6155 6144 6134 6131 6136 6172 6201
5988 5997 6007 6015 6017 6004 6027 6034 6020 5997 5983 5998 6083 6111 6109 6088 6063 6051 6049 6039 6014 5983 5953 5931 5929 5952 5959 5936 5916 5931 5935 5928 5923 5930 5932 5926 5918 5912 5916 5923 5941 5975 6032 6101 6164 6192 6163 6103 6118 6122 6084 6025 6019 5993 5922 5849 5809 5786 5764 5765 5773 5783 5816 5838 5846 5836 5865 5902 5926 5945 5957 5970 5992 6022 6051 6072 6121 6165 6152 6131 6117 6121 6154 6186
5988 5995 6005 6014 6021 6003 5996 6025 6009 5988 5974 5980 6058 6088 6064 6035 6026 6031 6023 6006 5983 5956 5944 5937 5944 5959 5974 5952 5916 5937 5947 5958 5964 5972 5979 5955 5920 5926 5921 5922 5931 5953 6015 6086 6155 6198 6162 6121 6143 6146 6117 6047 6035 6006 5941 5879 5841 5812 5786 5785 5790 5807 5834 5853 5857 5855 5862 5896 5932 5962 5989 5983 5984 6009 6049 6110 6159 6140 6136 6126 6114 6122 6150 6181
