real_craters/C214-1000m.grd
DSAA
223 223
-111.11 111.11
-111.11 111.11
4008.8316366097 7758.5162234701
[rows 60 to 89 of 223, columns 67 to 133 of 223]
6620.07 6628.66 6656.27 6584.82 6451.2 6344.72 6269.02 6178.79 6236.02 6369.74 6584.45 6857.55 7014.66 6968.98 6895.01 6749.83 6596.26 6525.06 6555.39 6735.42 6947.59 7016.74 6954.97 6876.97 6799.99 6730.03 6693.57 6699.93 6735.17 6796.51 6804.62 6925.63 6930.38 6856.54 6672.03 6697.49 6760.91 6718.72 6648.26 6578.75 6571.83 6591.21 6496.19 6454.56 6441.61 6411.88 6401.92 6383.77 6355.17 6307.56 6213.89 6186.82 6200.98 6276.1 6375.09 6419.44 6308.66 6241.1 6187.53 6144.72 6176.27 6266.24 6303.34 6279.21 6338.62 6433.23 6517.32
6621.02 6585.58 6511.97 6508.44 6475.39 6367.24 6268.23 6207.71 6378.14 6570.15 6711.43 6833.9 6886.74 6893.5 6825.96 6691.4 6557.83 6527.73 6590.63 6707.58 6815 6887.89 6880.96 6832.2 6774.98 6717.1 6686.27 6723.42 6767.01 6824.87 6868.61 6864.77 6790.84 6683.74 6592.26 6600.38 6570.12 6524.07 6502.04 6442.44 6381.09 6367.49 6317.85 6342.36 6353.4 6370.18 6320.05 6259.5 6214.12 6165 6135.58 6119.83 6086.89 6099.56 6171.46 6160.24 6118.65 6088.64 6062.29 6047.64 6083.23 6113.62 6117.64 6178.27 6223.32 6276.94 6402.79
6632.82 6584.02 6503.59 6450.57 6418 6355.75 6306.9 6328.23 6549.2 6761.17 6758.79 6775.04 6820.66 6770.73 6646.97 6544.8 6510.14 6514.12 6578.76 6664.41 6795.41 6817.47 6809.34 6785.98 6751 6721.54 6715.28 6731.97 6755.88 6775.83 6774.35 6712.99 6643.15 6562.93 6484.53 6450.49 6442.6 6355.17 6329.52 6319.2 6289.05 6246.41 6197.66 6192.46 6207.91 6194.95 6166.11 6126.89 6073.86 6020.12 6049.11 6070.09 6034.38 5980.83 5961.57 5940.19 5937.31 5935.74 5928.57 5927.1 5929.29 5977.43 6013 6087.33 6219.42 6282.63 6382.49
6664.76 6633.08 6569.18 6434.24 6296.04 6258.01 6296.31 6407.14 6602.8 6717.59 6718.85 6691.77 6617.84 6642.78 6518.34 6454.49 6483.56 6540.39 6595.9 6652.97 6766.45 6754.19 6739.42 6731.36 6728.71 6721.74 6723.86 6723.32 6734.57 6748.19 6717.1 6562.03 6429 6349.38 6313.38 6326.48 6295.38 6255.83 6263.04 6233.09 6180.29 6150.63 6133.06 6119.09 6074.52 6029.74 6020.01 6006.45 5990.91 5987.47 6004.67 6040.33 6039.41 5933.78 5905.6 5888.56 5867.99 5857.88 5862.52 5868.63 5887.07 5907.53 5943.17 6038.17 6192.15 6215.83 6270.47
6696.14 6681.04 6637.23 6452.34 6284.96 6243 6279.56 6361.51 6510.46 6595.31 6655.08 6682.46 6688.99 6544.35 6443.89 6422.09 6457.25 6544.68 6630.36 6657.95 6684.39 6689.69 6708.5 6699.78 6704.4 6759.7 6717.14 6673.39 6665.19 6673.34 6628.81 6452.65 6350.74 6228.69 6173.97 6192 6229.1 6270.67 6284.05 6115.63 6043.98 6015.55 6025.02 5988.96 5947.66 5913.27 5896.42 5918.59 5929.96 5943.96 5985.11 5994.78 6011.06 5943.49 5870.31 5844.19 5822.03 5817.37 5823.21 5835.53 5846.48 5861.44 5879.6 5888.62 5923.65 6035.18 6098.04
6709.69 6682.43 6607.8 6473.91 6322.97 6301.38 6353.95 6427.24 6545.94 6569.45 6606.35 6636.76 6630.42 6545.38 6441.82 6423.52 6433.71 6531.27 6644.53 6642.37 6636.31 6709.36 6677.66 6615.66 6571.39 6566.54 6572.46 6561.24 6539.22 6491.94 6410.65 6281.59 6140.99 6080.96 6082.83 6109.63 6184.66 6302.95 6166.65 6019.83 5930.68 5879.02 5844.6 5830.12 5844.85 5834.28 5846.67 5865.38 5859.22 5872.26 5895.32 5896.67 5885.94 5835.75 5826.92 5802.52 5783.84 5785.58 5797.5 5814.26 5827.44 5832.4 5842.21 5847.84 5861.35 5887.59 5978.71
6723.42 6708.4 6640.63 6530.1 6427.31 6428.18 6472.79 6565.71 6538.11 6537.61 6571.78 6592.37 6547.92 6552 6500.86 6475.95 6463.58 6535.98 6589.56 6643.39 6679.44 6778.1 6622.45 6505.16 6399.56 6325.73 6380.74 6425.32 6424.04 6356.26 6235.5 6105.58 6027.51 6009.28 6020.96 6030.87 6062.96 6159.69 6036.35 5970.18 5898.24 5845.87 5794.4 5763.53 5776.39 5789.13 5839.93 5807.94 5764.07 5733.7 5747.87 5766.29 5773.66 5795.71 5755.19 5741.49 5754.19 5767.05 5789.56 5799.53 5811.53 5825.16 5824.21 5833.1 5836.56 5839.75 5870.48
6731.64 6734.05 6694.76 6604.48 6522.42 6475.09 6524.38 6527.17 6440.4 6502.02 6575.56 6606.45 6691.36 6758.3 6635.55 6583.36 6555.64 6624.38 6729.71 6752.77 6791.87 6684.16 6519.42 6410.26 6288.82 6186.21 6262 6316.08 6335.61 6245.15 6064.27 6010.2 6005.12 5973.45 5984.57 6018.11 6012.5 6048.53 5974.43 5903.49 5831.43 5827.17 5689.55 5721.13 5698.72 5700.12 5693.74 5678.82 5657.14 5627.86 5621.99 5651.2 5662.42 5657.78 5689.16 5707.98 5729.04 5771.62 5777.64 5779.13 5785.97 5798.39 5801.93 5807.05 5808.86 5812.74 5824.49
6708.56 6701.27 6686.77 6657.21 6634.16 6615.3 6584.71 6540.16 6475.89 6551.4 6653.16 6756.36 6831.73 6869.98 6763.05 6685.38 6674.86 6733.91 6829.41 6930.6 6934.51 6696.42 6458.59 6336.64 6265.01 6235.21 6211.13 6223.34 6225.68 6145.22 6021.4 5976.66 5964.26 5949.3 6015.77 6037.82 5987.44 5913.95 5892.09 5843.6 5723.16 5614.07 5552.29 5543.31 5574.4 5581.57 5574.44 5564.64 5566.53 5559.84 5550.06 5572.21 5599.69 5623.27 5666.65 5690.53 5752.38 5739.03 5745.4 5746.72 5749.14 5755.27 5771.03 5786.33 5797.58 5796.49 5804.05
6678.92 6683.68 6681.71 6677.53 6686.69 6670.34 6568.79 6542.43 6574.09 6616.62 6728 6852.79 6877.88 6868.06 6813.56 6739.51 6710.11 6776.34 6899.74 6906.3 6792.12 6658.2 6382.4 6251.88 6189.38 6154.46 6147.59 6128.12 6108.19 6038.23 5983.55 5939.57 5929.6 5907.11 5911 5890.77 5852.49 5841.37 5803.28 5703.98 5525.86 5460.09 5456.15 5452.96 5474.33 5487.13 5476.32 5483.46 5498.12 5495.41 5488.94 5509.07 5539.44 5574.65 5611.21 5620.68 5624.2 5666.56 5693.8 5707.55 5709.54 5717.88 5733.36 5761.19 5830.42 5828.15 5800.61
6640.84 6633.01 6657.59 6680.86 6680.08 6662.76 6602.8 6529.6 6511.41 6610.09 6756.57 6870.94 6934.13 6860.09 6815.26 6793.6 6747.15 6723.12 6720.66 6641.05 6435.12 6308.93 6137.51 6121.02 6126.6 6109.96 6077.6 6031.85 5970.36 5932.84 5864.09 5870.7 5866.72 5826.19 5823.55 5820.22 5798.77 5720.23 5673.26 5593 5427.97 5371.26 5387.66 5393.22 5409.14 5429.39 5443.63 5447.54 5454.82 5455.05 5442.79 5455.89 5471.3 5478.92 5525.59 5606.42 5639.52 5683.69 5690.67 5682.51 5669.54 5669.78 5681.72 5697.09 5719.42 5760.24 5824.35
6600.28 6608.62 6645.66 6688.38 6719.13 6682.46 6600.12 6566.14 6534.36 6609.23 6767.19 6918.18 7001.62 6870.47 6851.63 6826.73 6734.26 6567.26 6412.61 6231.67 6045.68 5975.15 5919.59 5961.82 6050.34 6045.57 5988.83 5938.2 5893.07 5873.54 5826.7 5799.3 5808.35 5817.67 5826.17 5834.41 5696.05 5609.38 5526.11 5464.99 5345.78 5309.95 5331.18 5348.01 5370.47 5393.59 5407.3 5416.48 5429.31 5420.74 5407.55 5402.05 5421.75 5473.33 5540.66 5638.2 5640.09 5704.58 5692.35 5657.85 5631.88 5653.01 5645.82 5645.78 5646.73 5713.95 5735.67
6566.21 6562.9 6633.62 6705.87 6760.35 6757.79 6684.27 6646.2 6616.06 6628.97 6805.08 6966.46 7049.8 6965.38 6850.68 6708.8 6545.63 6346.81 6137.6 5951.11 5884.72 5834.29 5800.04 5812.23 5805.84 5843.96 5861.59 5868.78 5854.91 5892.98 5924.32 5911.84 5884.24 5890.14 5865.43 5760.2 5629.47 5500.25 5368.99 5304.86 5295.06 5282.02 5260.47 5314.48 5333.66 5375.32 5412.6 5435.84 5430.42 5398.22 5315.54 5311.44 5354.97 5420.55 5461.72 5581.52 5630 5638.56 5647.05 5599.35 5587.83 5595.01 5608.59 5614.29 5614.28 5651.88 5691.95
6561.77 6570.71 6633.43 6713.01 6765.36 6657.93 6588.66 6598.99 6553.21 6620.82 6849.77 6989.08 7018.34 6919.56 6689.62 6454.91 6275.02 6122.89 5966.18 5843.11 5785.65 5797.68 5763.15 5738.72 5724.41 5733.25 5750.49 5780.07 5829.94 5844.19 5943.5 5864.76 5697.88 5682.94 5642.88 5526.89 5460.19 5430.97 5278.18 5227.74 5258.93 5248.94 5212.49 5257.94 5286.69 5343.84 5420.26 5465.05 5435.72 5385.68 5236.24 5215.92 5272.61 5325.31 5372.09 5408.24 5441.55 5538.15 5507.67 5472.47 5500.82 5524.16 5587.69 5588.21 5585.86 5616.16 5645.14
6582.89 6589.48 6630.72 6679.34 6706.88 6607.25 6543.05 6548.63 6565.88 6667.79 6857.85 6877.93 6743.82 6657.58 6423.14 6165.96 6044.76 5957.37 5859.81 5770.51 5787.66 5780.88 5737.27 5728.08 5733.03 5695.2 5661.66 5627.53 5632.75 5680.81 5739.1 5665.22 5576.01 5456.39 5439.79 5416.84 5345.7 5211.86 5147.35 5108.86 5136.27 5162.09 5158.5 5126.56 5210.96 5273.24 5329.6 5361.52 5306.59 5250.45 5145.76 5134.61 5206.98 5288.85 5354.16 5268.95 5233.58 5298.76 5284.91 5266.7 5262.55 5387.61 5482.93 5529.4 5592.21 5609.57 5685.09
6614.66 6622.16 6620.12 6620.05 6599.46 6582.21 6584.72 6640.19 6696.27 6808.3 6808.3 6671.86 6440.37 6238.01 6130.49 5958.51 5897.15 5860.2 5805.89 5756.73 5768.52 5754.37 5726.54 5709.17 5721.92 5653.18 5596.93 5544.95 5515.17 5531.73 5588.05 5608.08 5478.37 5347.21 5326.89 5330.52 5218.47 5065.49 5024.87 4967.75 4998.79 5042.75 5085.14 5114.9 5175.74 5189.92 5176.22 5154.76 5156.52 5121.08 5069.86 5064.91 5115.66 5213.2 5243.26 5083.56 5020.63 5059.88 5050.43 5055.16 5071.39 5145.81 5219.28 5363.33 5502.45 5539.97 5613.77
6611.94 6612.49 6611.28 6588.11 6541.72 6600.48 6660.92 6720.86 6764.43 6761.18 6660.9 6441.67 6175.46 6049.83 5959.49 5880.53 5847.37 5828.88 5797.79 5762.56 5721.02 5698.7 5698 5667.59 5652.93 5619.51 5547.99 5476.27 5426.54 5387.13 5393.1 5373.08 5231.13 5238.39 5230.95 5237.59 5107.31 4970.95 4857.79 4829.98 4873.56 4949.42 4985.8 5000.89 5037.92 5014.03 4985.85 4992.43 4979.02 4977.8 4945 4942.08 4956.32 4993.83 4953.68 4879.92 4851.78 4845.24 4876.48 4896.13 4914.75 4975.73 5051.57 5168.99 5329.43 5484.5 5485.16
6637.31 6627.67 6616.76 6618.72 6626.57 6690.78 6807.85 6860.16 6717.65 6551.71 6418.92 6276.63 6093.75 5979.41 5910.3 5861.82 5852.65 5832.85 5798.31 5774.49 5727.49 5691.25 5683.05 5691.22 5668.46 5615.52 5523.64 5416.19 5385.96 5322 5275.13 5200.56 5180.12 5093.18 5113.54 5145.71 5039.19 4844.57 4757.26 4725.38 4716.75 4750.51 4697 4731.45 4725.8 4738.2 4750.22 4701.86 4691.84 4745.17 4737.68 4717.53 4765.9 4779.3 4743.54 4729.23 4725.82 4737.21 4780.54 4818 4845.12 4885.05 4946.05 5076.11 5196.4 5300.15 5335.2
6631.1 6624.63 6615.55 6621.81 6658.63 6733.14 6798.59 6680.42 6592.24 6434.73 6330.79 6185.24 6051.97 5961.98 5948.37 5930.79 5898.49 5850.34 5803.96 5757.96 5711.81 5718.41 5800.83 5799.47 5749.23 5624.01 5524.08 5469.3 5416.44 5416.63 5412.6 5233.12 5036 4999.88 5011.47 4993.29 4856.24 4737.72 4694.72 4659.29 4633.14 4624.19 4604.2 4602.89 4579.83 4580.81 4591.2 4582.09 4585.53 4598.76 4601.99 4591.54 4630.98 4643.08 4630.47 4655.35 4671.59 4680.08 4721.85 4769.5 4804.78 4813.44 4848.41 4949.08 5002.79 5070.11 5201.42
6600.53 6612 6608.53 6612.86 6711.89 6733.7 6711.81 6698.72 6578.43 6446 6250.48 6131.59 6033.68 6021.96 6068.08 6056.51 5953.42 5869.48 5807.28 5776.31 5773.93 5804.87 5932.31 5853.83 5714.19 5577.54 5476.83 5416.71 5400.28 5396.67 5333.99 5164.16 4970.05 4976.62 4937.25 4870.35 4773.03 4673.91 4635.99 4613.77 4600.99 4587.59 4568.13 4561.03 4525.42 4494.85 4509.2 4514.96 4532.06 4538.4 4542.66 4548.95 4562.87 4567.91 4568.69 4603.17 4647.79 4622.79 4669.37 4697.09 4722.28 4742.82 4777.4 4842.52 4859.73 4895.25 5025.85
6640.64 6630.33 6625.22 6650.17 6766.62 6730.31 6678.53 6625.9 6518.71 6370.17 6183.79 6090.75 6039.63 6079.24 6143.19 6052.88 5949.34 5869.78 5811.58 5814.09 5836.05 5884.1 5869.03 5754.92 5611.29 5511.78 5422.37 5343.74 5359.46 5380.21 5303.93 5085.99 4943.13 4915.47 4881.16 4829.77 4749.57 4675.68 4625.92 4579.05 4565 4547.52 4533.62 4531.24 4502.83 4482.58 4469.23 4471.64 4495.42 4502.81 4513.27 4530.34 4526.67 4518.45 4520.34 4544.84 4538.94 4562.38 4579.39 4595.12 4626.26 4659.1 4696.55 4737.86 4739.82 4740.16 4815.56
6660.87 6662.95 6666.33 6706.69 6772.75 6717.91 6629.74 6530.68 6424.07 6274.38 6107.72 6055.12 6023.68 6039.9 6069.1 5947.53 5880.35 5842.44 5872.82 5881.58 5954.93 5895.26 5719.5 5573.28 5474.98 5424.68 5392.7 5346.06 5294.35 5255.98 5044.12 4905.04 4856.75 4863.66 4831.62 4795.87 4710.39 4632.93 4601.09 4567.82 4531 4503.21 4478.06 4474.29 4464.4 4431.13 4428.07 4433.47 4449.18 4460.66 4472.83 4488.61 4481.43 4471 4467.37 4477.77 4469.64 4497.81 4488.01 4516.48 4543.62 4566.67 4578.41 4586.76 4611.56 4635.43 4629.88
6695.41 6698.97 6719.58 6755.02 6777.87 6696.89 6583.67 6468.72 6359.52 6185.87 6145.81 6123.34 5949.25 5928.69 5850.66 5800.48 5783.12 5773.7 5750.66 5855.85 5913.76 5752.76 5560.68 5402.09 5342.04 5317 5307.4 5250.97 5140.33 5033.48 4847.98 4792.09 4784.32 4793.32 4763.82 4711.51 4645.16 4597.1 4540.56 4482.06 4477.48 4440.59 4410.93 4403.66 4408.71 4391.67 4388.83 4394.94 4403.58 4411.9 4416.43 4417.74 4415.72 4413.57 4408.3 4412.56 4424.16 4434.96 4421.88 4436.69 4471.29 4494.25 4500.88 4491.35 4516.51 4540 4549.21
6646.9 6720.1 6780.9 6833.18 6793.34 6677.8 6535.52 6363.07 6248.75 6093.19 6110.64 6077.29 5979 5878.85 5784.75 5715.03 5701.08 5700.02 5735.09 5775.97 5796.64 5568.15 5352.65 5254.81 5231.39 5198.41 5133.39 5069.67 4965.85 4848.64 4772.35 4743.46 4735.83 4723.18 4695.93 4637.37 4561.95 4544.23 4516.29 4456 4418.13 4412.11 4365.76 4344 4350.4 4347.69 4349.2 4362.84 4357.35 4357.94 4353.55 4345.61 4348.05 4356.45 4362.21 4367.3 4372.62 4370.96 4372.33 4389.71 4410.98 4433.2 4450.26 4443.17 4444.77 4463.55 4480.74
6652.9 6737.49 6832.85 6887.43 6796 6661.34 6505.31 6303.91 6158.83 6050.48 6017.61 5992.27 5925.51 5847.11 5786.88 5686.46 5626.7 5589.71 5579.19 5644.54 5662.51 5442.28 5233.43 5200.32 5178.62 5109.08 5000.51 4955.62 4914.16 4834.81 4740.21 4694.57 4679.54 4648.88 4634.07 4617.89 4477.18 4491.77 4473.2 4440.64 4398.81 4355.38 4325.32 4309.08 4308.51 4300.13 4296.8 4298.36 4302.88 4295.62 4291.66 4294.21 4303.04 4309.45 4321.31 4338.81 4327.06 4302.63 4311.59 4334.04 4358.57 4376.97 4389.65 4383.7 4389.63 4397.76 4391.79
6656.68 6740.79 6828.29 6860.92 6768.36 6645.12 6467.7 6287.57 6143.34 6013.95 5952.24 5883.07 5806.97 5754.22 5695.12 5602.05 5527.06 5476.02 5454.73 5503.22 5525.31 5373.15 5170.84 5168.25 5167.77 5095.32 4998.47 4957.75 4956.43 4861.27 4754.53 4689.26 4644.92 4576.15 4541.52 4481.81 4410.61 4428.14 4431.48 4415.12 4376.33 4328.86 4291.89 4279.53 4272.09 4254.95 4241.91 4219.48 4195.33 4219.45 4226.78 4234.92 4245.92 4255.58 4273.34 4255.6 4281.82 4264.29 4276.17 4297.74 4314.52 4326.74 4329.65 4317.02 4336.65 4342.85 4337.6
6681.18 6735.33 6780.64 6783.02 6727 6622.62 6469.75 6122.45 5969.72 5984.47 5954.59 5872.88 5683.6 5625.7 5560.55 5477.17 5414.98 5361.33 5342.06 5364.46 5385.15 5299.98 5162.03 5270.45 5222.96 5108.61 5016.22 4964.34 4933.95 4848.39 4754.97 4730.87 4663.22 4563 4470.81 4406.92 4369.07 4381.33 4389.25 4377.28 4345.24 4310.94 4267.88 4234.91 4233.29 4223 4225.1 4197.99 4157.32 4149.82 4171.3 4182.08 4185.48 4211.15 4218.83 4246.63 4248.49 4235.25 4259.73 4271.19 4273.08 4284.21 4288.41 4278.92 4282.96 4303.32 4307.85
6702.87 6746.34 6783 6797.38 6709.84 6550.26 6320.07 6049.24 5929.31 5961.5 5970.24 5768.98 5606.22 5508.3 5435.07 5390.53 5319.83 5238.19 5205.5 5227.52 5209.37 5123.75 5164.5 5208.23 5153.93 5083.66 5018.6 4931.2 4884.66 4827.53 4759.77 4754.74 4618.36 4477.97 4410.32 4368.41 4343.67 4342.66 4337.2 4320.02 4277.46 4265.08 4232.7 4191.42 4193.01 4185.85 4182.52 4140.98 4123.89 4121.32 4138.81 4158.36 4186.19 4187.43 4206.31 4199.98 4178.24 4184.82 4207.41 4191.43 4214.95 4240.35 4265.59 4242.33 4266.41 4277.59 4285.45
6742.59 6781.81 6837.61 6844.63 6697.4 6514.49 6264.14 5979.26 5873.63 5917.12 5819.77 5693.72 5545.87 5446.53 5390.19 5362.92 5271.65 5186.56 5143.4 5132.03 5108.79 5071.51 5014.66 5060.37 5068.54 4992.3 4901.1 4830.46 4774.2 4725.15 4714.49 4661.74 4511.56 4395.69 4353.68 4331.83 4315.29 4303.12 4300.03 4280.86 4225.66 4214.25 4198.43 4164.85 4173.03 4174.46 4139.94 4096.72 4113.84 4121.89 4123.12 4131.72 4136.5 4150.57 4162.85 4151.28 4127.54 4118.93 4134.6 4147.69 4166.49 4189 4204.76 4211.55 4213.38 4237.07 4268.59
6776.07 6818.84 6832.87 6795.41 6643.64 6494.78 6236.61 5894.87 5733.43 5723.9 5577.21 5484.2 5443.69 5390.87 5351.43 5311.95 5222.23 5140 5101.85 5087.95 5076.78 5068.27 4940.05 4963.22 5004.36 4863.26 4752.45 4684.09 4621.84 4575.77 4634.87 4573.78 4447.06 4340.42 4306.03 4294.5 4285.41 4274.8 4263.02 4240.28 4195.61 4180.04 4171.81 4145.8 4152.73 4153.12 4127.26 4116.11 4114.06 4110.04 4118.57 4117.03 4108.31 4123.93 4140.66 4139.94 4124.04 4129.73 4172.6 4155.23 4136.25 4139.94 4150.06 4161.39 4181.98 4196.77 4236.03
